Location: internet_14.png_Mean-Closing.png
Component: component_1755088177881_8.png
centerX: 0.19709794437726724
centerY: 0.011690903906472769
width: 0.029423619508262798
height: 0.023666951810664385
Area: 0.00029054575825604505
CentroidX: 0.2116
CentroidY: 0.0250
