Location: internet_14.png_Mean-Closing.png
Component: component_1755088177931_274.png
centerX: 0.9484079000403063
centerY: 0.6030795551753636
width: 0.022168480451430876
height: 0.021670943826632448
Area: 0.00017458030331919796
CentroidX: 0.9603
CentroidY: 0.6154
