Location: internet_14.png_Mean-Medain.png
Component: component_1755088178236_375.png
centerX: 0.43732365981459087
centerY: 0.7798688337610493
width: 0.02781136638452237
height: 0.017393783860849728
Area: 0.00018147616783476865
CentroidX: 0.4528
CentroidY: 0.7892
