Location: Dedata_9.png_Gaussian-Median.png
Component: component_1755521956138_61.png
centerX: 0.5274193548387097
centerY: 0.07893986890852095
width: 0.03064516129032258
height: 0.019663721858079224
Area: 0.0003112962979986946
CentroidX: 0.5444
CentroidY: 0.0889
