Location: Dedata_9.png_Mean-Medain.png
Component: component_1755521955830_116.png
centerX: 0.6629032258064517
centerY: 0.2066115702479339
width: 0.04233870967741935
height: 0.023938444001139925
Area: 0.0003782899272837588
CentroidX: 0.6887
CentroidY: 0.2176
