Location: Dedata_9.png_Gaussian-Median.png
Component: component_1755521956167_193.png
centerX: 0.4838709677419355
centerY: 0.3505272157309775
width: 0.02943548387096774
height: 0.020233684810487318
Area: 0.00019213267266659926
CentroidX: 0.5005
CentroidY: 0.3599
