Location: internet_14.png_Gaussian-Median.png
Component: component_1755088177470_44.png
centerX: 0.44740024183796856
centerY: 0.05731394354148845
width: 0.029826682789197905
height: 0.02480752780153978
Area: 0.00027951237503113195
CentroidX: 0.4622
CentroidY: 0.0708
