Location: Dedata_9.png_Gaussian-Median.png
Component: component_1755521956198_362.png
centerX: 0.8419354838709677
centerY: 0.6711313764605301
width: 0.02379032258064516
height: 0.02336848104873183
Area: 0.00021063348624274905
CentroidX: 0.8554
CentroidY: 0.6847
