Location: internet_14.png_Mean-Closing.png
Component: component_1755088177894_73.png
centerX: 0.407496977025393
centerY: 0.13886512688907898
width: 0.029423619508262798
height: 0.02737382378100941
Area: 0.0002559515046029321
CentroidX: 0.4213
CentroidY: 0.1544
