Location: Dedata_9.png_Gaussian-Median.png
Component: component_1755521956136_49.png
centerX: 0.8737903225806452
centerY: 0.07039042462239954
width: 0.031451612903225803
height: 0.02365346252493588
Area: 0.00031773136359039886
CentroidX: 0.8899
CentroidY: 0.0830
