Location: Dedata_9.png_Mean-Medain.png
Component: component_1755521955927_361.png
centerX: 0.7528225806451613
centerY: 0.6725562838415503
width: 0.02661290322580645
height: 0.026788258763180393
Area: 0.0003098024434863347
CentroidX: 0.7673
CentroidY: 0.6861
