Location: Dedata_9.png_Mean-Closing.png
Component: component_1755521956025_186.png
centerX: 0.6633064516129032
centerY: 0.3505272157309775
width: 0.028225806451612902
height: 0.020233684810487318
Area: 0.00020362386122321405
CentroidX: 0.6791
CentroidY: 0.3615
