Location: Dedata_9.png_Gaussian-Median.png
Component: component_1755521956181_269.png
centerX: 0.1689516129032258
centerY: 0.51268167569108
width: 0.025403225806451612
height: 0.02536335138216016
Area: 0.0002841770930050837
CentroidX: 0.1830
CentroidY: 0.5254
