Location: internet_14.png_Mean-Medain.png
Component: component_1755088178202_200.png
centerX: 0.679161628375655
centerY: 0.4154548046763616
width: 0.026602176541717048
height: 0.02480752780153978
Area: 0.0002537678141730014
CentroidX: 0.6914
CentroidY: 0.4302
