Location: internet_14.png_Mean-Medain.png
Component: component_1755088178233_358.png
centerX: 0.2071745264006449
centerY: 0.7450812660393499
width: 0.035872632003224506
height: 0.020530367835757058
Area: 0.00027847799535379636
CentroidX: 0.2250
CentroidY: 0.7561
