Location: internet_14.png_Mean-Closing.png
Component: component_1755088177918_204.png
centerX: 0.20032245062474807
centerY: 0.4262902765896778
width: 0.035872632003224506
height: 0.022526375819788995
Area: 0.0002630772312690218
CentroidX: 0.2202
CentroidY: 0.4383
