Location: Dedata_9.png_Gaussian-Closing.png
Component: component_1755521955594_371.png
centerX: 0.7084677419354839
centerY: 0.7181533200341977
width: 0.028225806451612902
height: 0.027358221715588486
Area: 0.0002753288778164903
CentroidX: 0.7223
CentroidY: 0.7353
