Location: internet_14.png_Gaussian-Median.png
Component: component_1755088177634_230.png
centerX: 0.009270455461507456
centerY: 0.4265754205873966
width: 0.026199113260781944
height: 0.02281151981750784
Area: 0.00022641421826123765
CentroidX: 0.0213
CentroidY: 0.4397
