Location: internet_14.png_Mean-Medain.png
Component: component_1755088178185_108.png
centerX: 0.9447803305118904
centerY: 0.21956087824351297
width: 0.02781136638452237
height: 0.02765896777872826
Area: 0.0002573306775060462
CentroidX: 0.9589
CentroidY: 0.2352
