Location: Dedata_9.png_Mean-Closing.png
Component: component_1755521956042_264.png
centerX: 0.6096774193548387
centerY: 0.5161014534055286
width: 0.02661290322580645
height: 0.023083499572527786
Area: 0.00027935079381130547
CentroidX: 0.6244
CentroidY: 0.5278
