Location: internet_14.png_Gaussian-Closing.png
Component: component_1755088178036_156.png
centerX: 0.6715034260378879
centerY: 0.31736526946107785
width: 0.02418379685610641
height: 0.02423723980610208
Area: 0.00019975020880103097
CentroidX: 0.6821
CentroidY: 0.3315
