Location: internet_14.png_Mean-Closing.png
Component: component_1755088177947_361.png
centerX: 0.6654574768238614
centerY: 0.7773025377815796
width: 0.024989923417976623
height: 0.017678927858568578
Area: 0.00017756851127594526
CentroidX: 0.6795
CentroidY: 0.7869
