Location: Dedata_9.png_Gaussian-Closing.png
Component: component_1755521955532_86.png
centerX: 0.7806451612903226
centerY: 0.121972071815332
width: 0.03669354838709677
height: 0.022798518096323737
Area: 0.0003008393164121751
CentroidX: 0.8015
CentroidY: 0.1330
