Location: Dedata_9.png_Gaussian-Median.png
Component: component_1755521956200_371.png
centerX: 0.7971774193548387
centerY: 0.6731262467939584
width: 0.025403225806451612
height: 0.026503277286976348
Area: 0.00029382969139264014
CentroidX: 0.8101
CentroidY: 0.6864
