Location: Dedata_9.png_Mean-Closing.png
Component: component_1755521955991_12.png
centerX: 0.15725806451612903
centerY: 0.005984611000284981
width: 0.027419354838709678
height: 0.02536335138216016
Area: 0.0003143989189089806
CentroidX: 0.1707
CentroidY: 0.0208
