Location: Dedata_9.png_Gaussian-Median.png
Component: component_1755521956172_224.png
centerX: 0.018951612903225806
centerY: 0.42946708463949845
width: 0.02620967741935484
height: 0.02707324023938444
Area: 0.0002220097629137977
CentroidX: 0.0346
CentroidY: 0.4440
