Location: internet_14.png_Mean-Medain.png
Component: component_1755088178237_382.png
centerX: 0.01652559451833938
centerY: 0.7864271457085829
width: 0.02418379685610641
height: 0.024522383803820928
Area: 0.00024170005127075266
CentroidX: 0.0278
CentroidY: 0.8011
