Location: Dedata_9.png_Gaussian-Closing.png
Component: component_1755521955594_368.png
centerX: 0.6608870967741935
centerY: 0.7175833570817897
width: 0.03225806451612903
height: 0.029923055001424906
Area: 0.00033680673659437945
CentroidX: 0.6774
CentroidY: 0.7357
