Location: internet_14.png_Gaussian-Closing.png
Component: component_1755088178024_105.png
centerX: 0.7013301088270859
centerY: 0.18363273453093812
width: 0.03990326481257558
height: 0.020245223838038208
Area: 0.000219978078046705
CentroidX: 0.7224
CentroidY: 0.1949
