Location: internet_14.png_Gaussian-Closing.png
Component: component_1755088178067_277.png
centerX: 0.008464328899637243
centerY: 0.5745651554034787
width: 0.022974607013301087
height: 0.01996007984031936
Area: 0.00018377478933995887
CentroidX: 0.0192
CentroidY: 0.5855
