Location: internet_14.png_Mean-Closing.png
Component: component_1755088177932_276.png
centerX: 0.5002015316404675
centerY: 0.605930995152552
width: 0.026199113260781944
height: 0.021100655831194755
Area: 0.00021216276492905822
CentroidX: 0.5131
CentroidY: 0.6180
