Location: internet_14.png_Mean-Closing.png
Component: component_1755088177943_338.png
centerX: 0.40346634421604194
centerY: 0.7365269461077845
width: 0.03143893591293833
height: 0.026518391787852865
Area: 0.00027583458062282757
CentroidX: 0.4185
CentroidY: 0.7521
