Location: Dedata_9.png_Mean-Closing.png
Component: component_1755521956051_310.png
centerX: 0.7875
centerY: 0.5921915075520091
width: 0.025806451612903226
height: 0.02108862923909946
Area: 0.00024614125888268874
CentroidX: 0.8015
CentroidY: 0.6038
