Location: internet_14.png_Mean-Medain.png
Component: component_1755088178195_164.png
centerX: 0.24909310761789602
centerY: 0.32677502138579984
width: 0.02539298669891173
height: 0.02281151981750784
Area: 0.00018561368654411106
CentroidX: 0.2610
CentroidY: 0.3403
