Location: Dedata_9.png_Mean-Medain.png
Component: component_1755521955862_183.png
centerX: 0.7528225806451613
centerY: 0.34910230834995726
width: 0.03064516129032258
height: 0.02108862923909946
Area: 0.00022304396988389303
CentroidX: 0.7697
CentroidY: 0.3601
