Location: Dedata_9.png_Mean-Closing.png
Component: component_1755521956062_353.png
centerX: 0.7032258064516129
centerY: 0.6731262467939584
width: 0.03064516129032258
height: 0.025648332858364205
Area: 0.00034691898252420044
CentroidX: 0.7203
CentroidY: 0.6862
