Location: internet_14.png_Gaussian-Median.png
Component: component_1755088177478_83.png
centerX: 0.14913341394598953
centerY: 0.1420017108639863
width: 0.02781136638452237
height: 0.020530367835757058
Area: 0.00020135924385466413
CentroidX: 0.1644
CentroidY: 0.1519
