Location: Dedata_9.png_Gaussian-Closing.png
Component: component_1755521955596_380.png
centerX: 0.16169354838709676
centerY: 0.7241379310344828
width: 0.02943548387096774
height: 0.0262182958107723
Area: 0.0003075042057750117
CentroidX: 0.1783
CentroidY: 0.7385
