Location: internet_14.png_Mean-Closing.png
Component: component_1755088177884_23.png
centerX: 0.9447803305118904
centerY: 0.047619047619047616
width: 0.02257154373236598
height: 0.027944111776447105
Area: 0.00025227371019462773
CentroidX: 0.9564
CentroidY: 0.0640
