Location: internet_14.png_Mean-Closing.png
Component: component_1755088177935_294.png
centerX: 0.8093510681176945
centerY: 0.6447105788423154
width: 0.02539298669891173
height: 0.020815511833475905
Area: 0.00021158810955276066
CentroidX: 0.8226
CentroidY: 0.6556
