Location: Dedata_9.png_Gaussian-Closing.png
Component: component_1755521955540_134.png
centerX: 0.4915322580645161
centerY: 0.2516386434881733
width: 0.027419354838709678
height: 0.027358221715588486
Area: 0.00023729304369409537
CentroidX: 0.5062
CentroidY: 0.2684
