Location: internet_14.png_Mean-Closing.png
Component: component_1755088177902_120.png
centerX: 0.35630794034663443
centerY: 0.22697462218420303
width: 0.026199113260781944
height: 0.020245223838038208
Area: 0.00025158412374307065
CentroidX: 0.3694
CentroidY: 0.2377
