Location: Dedata_9.png_Gaussian-Median.png
Component: component_1755521956176_247.png
centerX: 0.022983870967741935
centerY: 0.47392419492732973
width: 0.027016129032258064
height: 0.02336848104873183
Area: 0.0002631482179464786
CentroidX: 0.0377
CentroidY: 0.4867
