Location: internet_14.png_Gaussian-Closing.png
Component: component_1755088178032_138.png
centerX: 0.619105199516324
centerY: 0.2708867978329056
width: 0.029826682789197905
height: 0.025092671799258625
Area: 0.00022227669955189524
CentroidX: 0.6342
CentroidY: 0.2847
