Location: internet_14.png_Mean-Medain.png
Component: component_1755088178186_114.png
centerX: 0.30511890366787586
centerY: 0.2244083262047334
width: 0.026602176541717048
height: 0.022526375819788995
Area: 0.00022549476965916156
CentroidX: 0.3178
CentroidY: 0.2379
