Location: internet_14.png_Gaussian-Closing.png
Component: component_1755088178097_364.png
centerX: 0.9508262797259169
centerY: 0.7698887938408896
width: 0.02539298669891173
height: 0.021100655831194755
Area: 0.0001680292320294058
CentroidX: 0.9617
CentroidY: 0.7824
