Location: internet_14.png_Mean-Closing.png
Component: component_1755088177918_203.png
centerX: 0.1003627569528416
centerY: 0.42543484459652126
width: 0.028617492946392584
height: 0.027088679783290562
Area: 0.0002648011973979145
CentroidX: 0.1137
CentroidY: 0.4417
