Location: Dedata_9.png_Gaussian-Closing.png
Component: component_1755521955542_139.png
centerX: 0.018145161290322582
centerY: 0.25334853234539756
width: 0.027016129032258064
height: 0.026503277286976348
Area: 0.0002356842772961693
CentroidX: 0.0329
CentroidY: 0.2685
