Location: Dedata_9.png_Gaussian-Closing.png
Component: component_1755521955549_170.png
centerX: 0.5447580645161291
centerY: 0.30065545739526933
width: 0.028629032258064516
height: 0.022513536620119692
Area: 0.0002136211952674689
CentroidX: 0.5619
CentroidY: 0.3122
