Location: Dedata_9.png_Mean-Closing.png
Component: component_1755521956017_144.png
centerX: 0.2899193548387097
centerY: 0.2547734397264178
width: 0.02217741935483871
height: 0.02536335138216016
Area: 0.0002356842772961693
CentroidX: 0.3021
CentroidY: 0.2689
