Location: Dedata_9.png_Mean-Medain.png
Component: component_1755521955902_292.png
centerX: 0.10846774193548388
centerY: 0.5520091194072385
width: 0.02661290322580645
height: 0.024793388429752067
Area: 0.00025705788801147283
CentroidX: 0.1230
CentroidY: 0.5662
