Location: Dedata_9.png_Mean-Closing.png
Component: component_1755521956006_90.png
centerX: 0.8657258064516129
centerY: 0.164719293245939
width: 0.03669354838709677
height: 0.0219435736677116
Area: 0.00031382435948114985
CentroidX: 0.8872
CentroidY: 0.1758
