Location: Dedata_9.png_Mean-Closing.png
Component: component_1755521956007_95.png
centerX: 0.6330645161290323
centerY: 0.16614420062695925
width: 0.04032258064516129
height: 0.02365346252493588
Area: 0.0003410584763603269
CentroidX: 0.6568
CentroidY: 0.1784
