Location: Dedata_9.png_Gaussian-Median.png
Component: component_1755521956143_88.png
centerX: 0.5810483870967742
centerY: 0.121972071815332
width: 0.037096774193548385
height: 0.01937874038187518
Area: 0.0003418628595592899
CentroidX: 0.6023
CentroidY: 0.1311
