Location: Dedata_9.png_Gaussian-Median.png
Component: component_1755521956131_24.png
centerX: 0.10967741935483871
centerY: 0.011684240524365916
width: 0.029838709677419355
height: 0.021373610715303505
Area: 0.00031152612176982687
CentroidX: 0.1228
CentroidY: 0.0242
