Location: internet_14.png_Gaussian-Median.png
Component: component_1755088177633_228.png
centerX: 0.20032245062474807
centerY: 0.4257199885942401
width: 0.035872632003224506
height: 0.02281151981750784
Area: 0.0002510094683667731
CentroidX: 0.2200
CentroidY: 0.4381
