Location: Dedata_9.png_Mean-Closing.png
Component: component_1755521956003_75.png
centerX: 0.8887096774193548
centerY: 0.12026218295810773
width: 0.03588709677419355
height: 0.023938444001139925
Area: 0.0003579505235385506
CentroidX: 0.9096
CentroidY: 0.1323
