Location: Dedata_9.png_Gaussian-Median.png
Component: component_1755521956172_227.png
centerX: 0.1153225806451613
centerY: 0.4306070105443146
width: 0.027419354838709678
height: 0.02365346252493588
Area: 0.00016949503121006812
CentroidX: 0.1313
CentroidY: 0.4424
