Location: Dedata_9.png_Mean-Medain.png
Component: component_1755521955849_152.png
centerX: 0.1407258064516129
centerY: 0.29438586491878027
width: 0.024193548387096774
height: 0.024793388429752067
Area: 0.00022741062153540666
CentroidX: 0.1552
CentroidY: 0.3073
