Location: internet_14.png_Gaussian-Closing.png
Component: component_1755088178106_379.png
centerX: 0.2539298669891173
centerY: 0.7827202737382378
width: 0.028617492946392584
height: 0.019389791844881665
Area: 0.00020480717611244949
CentroidX: 0.2685
CentroidY: 0.7933
