Location: internet_14.png_Gaussian-Closing.png
Component: component_1755088178027_121.png
centerX: 0.6606207174526401
centerY: 0.22640433418876532
width: 0.030229746070133012
height: 0.02480752780153978
Area: 0.00025043481299047557
CentroidX: 0.6749
CentroidY: 0.2396
