Location: internet_14.png_Mean-Medain.png
Component: component_1755088178214_261.png
centerX: 0.6279725916968965
centerY: 0.5520387795836897
width: 0.027005239822652155
height: 0.023096663815226688
Area: 0.0002120478338537987
CentroidX: 0.6405
CentroidY: 0.5657
