Location: Dedata_9.png_Gaussian-Closing.png
Component: component_1755521955586_333.png
centerX: 0.35846774193548386
centerY: 0.6289541179823311
width: 0.02661290322580645
height: 0.026503277286976348
Area: 0.00027877623438347476
CentroidX: 0.3732
CentroidY: 0.6442
