Location: internet_14.png_Gaussian-Median.png
Component: component_1755088177786_383.png
centerX: 0.15800080612656187
centerY: 0.7442258340461934
width: 0.030229746070133012
height: 0.02480752780153978
Area: 0.0002237708035302689
CentroidX: 0.1740
CentroidY: 0.7585
