Location: internet_14.png_Gaussian-Median.png
Component: component_1755088177464_19.png
centerX: 0.9310761789600968
centerY: 0.014827487881380098
width: 0.023377670294236194
height: 0.027944111776447105
Area: 0.0002837648248157339
CentroidX: 0.9418
CentroidY: 0.0297
