Location: internet_14.png_Mean-Medain.png
Component: component_1755088178216_268.png
centerX: 0.3688029020556227
centerY: 0.5597376675220986
width: 0.028214429665457477
height: 0.02281151981750784
Area: 0.0002527334344956658
CentroidX: 0.3814
CentroidY: 0.5728
