Location: internet_14.png_Gaussian-Closing.png
Component: component_1755088178037_160.png
centerX: 0.5671100362756953
centerY: 0.32078699743370404
width: 0.02418379685610641
height: 0.021100655831194755
Area: 0.00018274040966262327
CentroidX: 0.5797
CentroidY: 0.3325
