Location: Dedata_9.png_Gaussian-Median.png
Component: component_1755521956203_392.png
centerX: 0.35766129032258065
centerY: 0.7227130236534626
width: 0.039112903225806454
height: 0.026503277286976348
Area: 0.0003703610071796946
CentroidX: 0.3811
CentroidY: 0.7355
