Location: Dedata_9.png_Mean-Closing.png
Component: component_1755521956063_357.png
centerX: 0.10201612903225807
centerY: 0.6808207466514676
width: 0.03064516129032258
height: 0.0262182958107723
Area: 0.00030888314840180547
CentroidX: 0.1196
CentroidY: 0.6967
