Location: Dedata_9.png_Mean-Closing.png
Component: component_1755521956048_293.png
centerX: 0.7899193548387097
centerY: 0.5562838415502992
width: 0.03387096774193549
height: 0.023083499572527786
Area: 0.0003169269803914358
CentroidX: 0.8096
CentroidY: 0.5676
