Location: Dedata_9.png_Mean-Closing.png
Component: component_1755521955995_27.png
centerX: 0.7657258064516129
centerY: 0.033912795668281565
width: 0.02620967741935484
height: 0.021373610715303505
Area: 0.0002817639434081946
CentroidX: 0.7797
CentroidY: 0.0450
