Location: Dedata_9.png_Mean-Closing.png
Component: component_1755521955998_42.png
centerX: 0.017338709677419354
centerY: 0.043032202906811055
width: 0.024596774193548387
height: 0.0219435736677116
Area: 0.00026694031017016154
CentroidX: 0.0288
CentroidY: 0.0548
