Location: internet_14.png_Gaussian-Closing.png
Component: component_1755088178031_134.png
centerX: 0.5179363160016123
centerY: 0.2686056458511548
width: 0.031035872632003223
height: 0.026803535785571715
Area: 0.0002673296810536237
CentroidX: 0.5324
CentroidY: 0.2847
