Location: internet_14.png_Gaussian-Median.png
Component: component_1755088177477_80.png
centerX: 0.009673518742442563
centerY: 0.13972055888223553
width: 0.027408303103587262
height: 0.022241231822070145
Area: 0.00023434446245414393
CentroidX: 0.0229
CentroidY: 0.1527
