Location: internet_14.png_Gaussian-Closing.png
Component: component_1755088178061_252.png
centerX: 0.37162434502216846
centerY: 0.5163957798688338
width: 0.027408303103587262
height: 0.022526375819788995
Area: 0.0002008995195536261
CentroidX: 0.3852
CentroidY: 0.5291
