Location: Dedata_9.png_Mean-Medain.png
Component: component_1755521955913_323.png
centerX: 0.12379032258064517
centerY: 0.5964662296950698
width: 0.027016129032258064
height: 0.026788258763180393
Area: 0.00031807609924709734
CentroidX: 0.1388
CentroidY: 0.6122
