Location: Dedata_9.png_Gaussian-Closing.png
Component: component_1755521955544_149.png
centerX: 0.3346774193548387
centerY: 0.25591336563123396
width: 0.03669354838709677
height: 0.02108862923909946
Area: 0.000271192049936109
CentroidX: 0.3576
CentroidY: 0.2661
