Location: internet_14.png_Mean-Medain.png
Component: component_1755088178232_352.png
centerX: 0.35066505441354295
centerY: 0.7393783860849729
width: 0.03426037887948408
height: 0.021670943826632448
Area: 0.0002460674321306141
CentroidX: 0.3696
CentroidY: 0.7508
