Location: internet_14.png_Gaussian-Median.png
Component: component_1755088177469_37.png
centerX: 0.10560257960499798
centerY: 0.05503279155973767
width: 0.02902055622732769
height: 0.02480752780153978
Area: 0.0002667550256773262
CentroidX: 0.1198
CentroidY: 0.0688
