Location: internet_14.png_Gaussian-Median.png
Component: component_1755088177480_100.png
centerX: 0.7654171704957679
centerY: 0.18135158254918735
width: 0.03143893591293833
height: 0.020815511833475905
Area: 0.00020664607331660168
CentroidX: 0.7801
CentroidY: 0.1933
