Location: Dedata_9.png_Gaussian-Median.png
Component: component_1755521956194_343.png
centerX: 0.7830645161290323
centerY: 0.628099173553719
width: 0.025403225806451612
height: 0.024793388429752067
Area: 0.0002709622261649767
CentroidX: 0.7971
CentroidY: 0.6431
