Location: Dedata_9.png_Gaussian-Median.png
Component: component_1755521956199_370.png
centerX: 0.2536290322580645
centerY: 0.6731262467939584
width: 0.027419354838709678
height: 0.027643203191792535
Area: 0.00030957261971520237
CentroidX: 0.2688
CentroidY: 0.6879
