Location: Dedata_9.png_Gaussian-Median.png
Component: component_1755521956125_5.png
centerX: 0.8245967741935484
centerY: 0.002279851809632374
width: 0.025
height: 0.023938444001139925
Area: 0.0002687789003392199
CentroidX: 0.8367
CentroidY: 0.0154
