Location: Dedata_9.png_Mean-Medain.png
Component: component_1755521955853_162.png
centerX: 0.8943548387096775
centerY: 0.29780564263322884
width: 0.02943548387096774
height: 0.02536335138216016
Area: 0.0002491289679074086
CentroidX: 0.9103
CentroidY: 0.3119
