Location: internet_14.png_Mean-Medain.png
Component: component_1755088178207_226.png
centerX: 0.25957275292220877
centerY: 0.46421442828628456
width: 0.026199113260781944
height: 0.026803535785571715
Area: 0.00024032087836763853
CentroidX: 0.2722
CentroidY: 0.4809
