Location: internet_14.png_Mean-Medain.png
Component: component_1755088178216_271.png
centerX: 0.3147924224103184
centerY: 0.5637296834901625
width: 0.029826682789197905
height: 0.019674935842600515
Area: 0.00022514997643338302
CentroidX: 0.3302
CentroidY: 0.5742
