Location: Dedata_9.png_Gaussian-Closing.png
Component: component_1755521955568_254.png
centerX: 0.8911290322580645
centerY: 0.4827586206896552
width: 0.025806451612903226
height: 0.025078369905956112
Area: 0.00026625083885676464
CentroidX: 0.9047
CentroidY: 0.4959
