Location: Dedata_9.png_Gaussian-Closing.png
Component: component_1755521955574_279.png
centerX: 0.6983870967741935
centerY: 0.5483043602165859
width: 0.02620967741935484
height: 0.027643203191792535
Area: 0.0002687789003392199
CentroidX: 0.7125
CentroidY: 0.5636
