Location: internet_14.png_Mean-Closing.png
Component: component_1755088177896_87.png
centerX: 0.9480048367593712
centerY: 0.17821499857428
width: 0.02176541717049577
height: 0.022526375819788995
Area: 0.00019963527772577145
CentroidX: 0.9589
CentroidY: 0.1917
