Location: internet_14.png_Gaussian-Closing.png
Component: component_1755088178066_272.png
centerX: 0.26279725916968966
centerY: 0.561163387510693
width: 0.027408303103587262
height: 0.023096663815226688
Area: 0.00020871483267127287
CentroidX: 0.2759
CentroidY: 0.5749
