Location: internet_14.png_Gaussian-Closing.png
Component: component_1755088178044_200.png
centerX: 0.777509068923821
centerY: 0.4120330767037354
width: 0.024586860137041516
height: 0.023381807812945538
Area: 0.00018446437579151595
CentroidX: 0.7896
CentroidY: 0.4256
