Location: internet_14.png_Mean-Medain.png
Component: component_1755088178208_228.png
centerX: 0.31197097944377267
centerY: 0.4699173082406615
width: 0.03305118903667876
height: 0.021956087824351298
Area: 0.0002741106144939349
CentroidX: 0.3293
CentroidY: 0.4812
