Location: Dedata_9.png_Mean-Closing.png
Component: component_1755521956059_345.png
centerX: 0.8419354838709677
centerY: 0.6711313764605301
width: 0.024596774193548387
height: 0.02336848104873183
Area: 0.0002301685067889942
CentroidX: 0.8559
CentroidY: 0.6849
