Location: Dedata_9.png_Gaussian-Closing.png
Component: component_1755521955527_66.png
centerX: 0.0125
centerY: 0.08007979481333713
width: 0.024193548387096774
height: 0.025648332858364205
Area: 0.0002673999577124261
CentroidX: 0.0247
CentroidY: 0.0949
