Location: internet_14.png_Gaussian-Closing.png
Component: component_1755088178012_40.png
centerX: 0.3994357114066909
centerY: 0.05788423153692615
width: 0.026602176541717048
height: 0.024522383803820928
Area: 0.0002707776133114091
CentroidX: 0.4125
CentroidY: 0.0711
