Location: internet_14.png_Mean-Medain.png
Component: component_1755088178227_333.png
centerX: 0.27327690447400244
centerY: 0.6977473624180212
width: 0.027408303103587262
height: 0.019389791844881665
Area: 0.00019940541557525245
CentroidX: 0.2882
CentroidY: 0.7084
