Location: Dedata_9.png_Mean-Closing.png
Component: component_1755521956050_304.png
centerX: 0.4754032258064516
centerY: 0.5904816186947849
width: 0.03225806451612903
height: 0.02336848104873183
Area: 0.0003562268452550584
CentroidX: 0.4922
CentroidY: 0.6037
