Location: Dedata_9.png_Gaussian-Closing.png
Component: component_1755521955563_231.png
centerX: 0.44717741935483873
centerY: 0.43573667711598746
width: 0.03024193548387097
height: 0.024508406953548018
Area: 0.00024372810928579964
CentroidX: 0.4657
CentroidY: 0.4465
