Location: internet_14.png_Gaussian-Closing.png
Component: component_1755088178014_53.png
centerX: 0.18903667875856509
centerY: 0.09694895922440833
width: 0.031035872632003223
height: 0.023952095808383235
Area: 0.00029847600244895135
CentroidX: 0.2038
CentroidY: 0.1103
