Location: internet_14.png_Gaussian-Closing.png
Component: component_1755088178076_307.png
centerX: 0.6525594518339379
centerY: 0.6498431708012546
width: 0.030229746070133012
height: 0.019674935842600515
Area: 0.00016986812923355799
CentroidX: 0.6695
CentroidY: 0.6594
