Location: Dedata_9.png_Mean-Closing.png
Component: component_1755521956056_335.png
centerX: 0.2157258064516129
centerY: 0.6337988030777999
width: 0.03024193548387097
height: 0.025933314334568254
Area: 0.00030899806028737166
CentroidX: 0.2335
CentroidY: 0.6470
