Location: internet_14.png_Gaussian-Median.png
Component: component_1755088177508_175.png
centerX: 0.6207174526400645
centerY: 0.3202167094382663
width: 0.026199113260781944
height: 0.020245223838038208
Area: 0.00021836904299307183
CentroidX: 0.6339
CentroidY: 0.3313
