Location: Dedata_9.png_Gaussian-Median.png
Component: component_1755521956141_83.png
centerX: 0.9419354838709677
centerY: 0.12168709033912796
width: 0.035483870967741936
height: 0.023938444001139925
Area: 0.000316237509078039
CentroidX: 0.9612
CentroidY: 0.1334
