Location: internet_14.png_Gaussian-Median.png
Component: component_1755088177624_214.png
centerX: 0.9431680773881499
centerY: 0.4111776447105788
width: 0.020959290608625555
height: 0.022526375819788995
Area: 0.00017929247740483794
CentroidX: 0.9532
CentroidY: 0.4242
