Location: Dedata_9.png_Gaussian-Closing.png
Component: component_1755521955552_181.png
centerX: 0.7528225806451613
centerY: 0.34910230834995726
width: 0.03064516129032258
height: 0.02108862923909946
Area: 0.00021005892681491832
CentroidX: 0.7697
CentroidY: 0.3601
