Location: internet_14.png_Mean-Closing.png
Component: component_1755088177884_28.png
centerX: 0.05401047964530431
centerY: 0.052751639577986884
width: 0.030229746070133012
height: 0.023096663815226688
Area: 0.0002687088539567379
CentroidX: 0.0681
CentroidY: 0.0655
