Location: internet_14.png_Gaussian-Closing.png
Component: component_1755088178010_30.png
centerX: 0.007658202337767029
centerY: 0.05332192757342458
width: 0.022974607013301087
height: 0.01996007984031936
Area: 0.00022147218202507864
CentroidX: 0.0186
CentroidY: 0.0638
