Location: internet_14.png_Gaussian-Median.png
Component: component_1755088177480_98.png
centerX: 0.8202337767029424
centerY: 0.18078129455374964
width: 0.024989923417976623
height: 0.022241231822070145
Area: 0.00017538482084601453
CentroidX: 0.8324
CentroidY: 0.1940
