Location: Dedata_9.png_Gaussian-Median.png
Component: component_1755521956169_206.png
centerX: 0.2657258064516129
centerY: 0.3867198632088914
width: 0.032661290322580645
height: 0.022228555143915644
Area: 0.00023143253753022183
CentroidX: 0.2857
CentroidY: 0.3977
