Location: internet_14.png_Gaussian-Median.png
Component: component_1755088177613_193.png
centerX: 0.8508665860540104
centerY: 0.36070715711434276
width: 0.030632809351068116
height: 0.02480752780153978
Area: 0.00022641421826123765
CentroidX: 0.8660
CentroidY: 0.3750
