Location: internet_14.png_Mean-Closing.png
Component: component_1755088177907_143.png
centerX: 0.25312374042724706
centerY: 0.27830054177359564
width: 0.026199113260781944
height: 0.021670943826632448
Area: 0.0002360684285830366
CentroidX: 0.2658
CentroidY: 0.2904
