Location: Dedata_9.png_Gaussian-Median.png
Component: component_1755521956182_276.png
centerX: 0.36733870967741933
centerY: 0.5141065830721003
width: 0.024596774193548387
height: 0.026788258763180393
Area: 0.0002972770479596246
CentroidX: 0.3796
CentroidY: 0.5284
