Location: internet_14.png_Gaussian-Closing.png
Component: component_1755088178067_278.png
centerX: 0.053204353083434096
centerY: 0.5762760193897919
width: 0.031035872632003223
height: 0.019389791844881665
Area: 0.00020963428127334898
CentroidX: 0.0690
CentroidY: 0.5865
