Location: internet_14.png_Mean-Closing.png
Component: component_1755088177885_29.png
centerX: 0.758565094719871
centerY: 0.052751639577986884
width: 0.028617492946392584
height: 0.022526375819788995
Area: 0.000259744230086496
CentroidX: 0.7729
CentroidY: 0.0656
