Location: Dedata_9.png_Gaussian-Closing.png
Component: component_1755521955511_4.png
centerX: 0.8245967741935484
centerY: 0.002564833285836421
width: 0.025
height: 0.02336848104873183
Area: 0.0002683192527969553
CentroidX: 0.8367
CentroidY: 0.0154
