Location: Dedata_9.png_Mean-Closing.png
Component: component_1755521956042_263.png
centerX: 0.5689516129032258
centerY: 0.5161014534055286
width: 0.025
height: 0.02365346252493588
Area: 0.0002738350233041304
CentroidX: 0.5819
CentroidY: 0.5301
