Location: Dedata_9.png_Mean-Closing.png
Component: component_1755521955999_51.png
centerX: 0.9169354838709678
centerY: 0.07324023938444
width: 0.03669354838709677
height: 0.022513536620119692
Area: 0.0003724294211198853
CentroidX: 0.9368
CentroidY: 0.0837
