Location: Dedata_9.png_Mean-Closing.png
Component: component_1755521956060_347.png
centerX: 0.35
centerY: 0.6714163579367342
width: 0.02661290322580645
height: 0.026503277286976348
Area: 0.00031451383079454675
CentroidX: 0.3645
CentroidY: 0.6858
