Location: Dedata_9.png_Gaussian-Closing.png
Component: component_1755521955556_202.png
centerX: 0.3209677419354839
centerY: 0.38757480763750357
width: 0.02620967741935484
height: 0.024223425477343973
Area: 0.00021316154772520432
CentroidX: 0.3365
CentroidY: 0.4003
