Location: internet_14.png_Gaussian-Closing.png
Component: component_1755088178068_283.png
centerX: 0.9488109633212415
centerY: 0.6030795551753636
width: 0.02176541717049577
height: 0.0213857998289136
Area: 0.00016665005912629166
CentroidX: 0.9603
CentroidY: 0.6154
