Location: Dedata_9.png_Mean-Closing.png
Component: component_1755521956003_74.png
centerX: 0.21008064516129032
centerY: 0.12054716443431177
width: 0.03669354838709677
height: 0.02365346252493588
Area: 0.00036990135963743003
CentroidX: 0.2315
CentroidY: 0.1318
