Location: Dedata_9.png_Mean-Closing.png
Component: component_1755521956021_163.png
centerX: 0.4129032258064516
centerY: 0.3000854944428612
width: 0.031451612903225803
height: 0.02536335138216016
Area: 0.00023936145763428602
CentroidX: 0.4305
CentroidY: 0.3148
