Location: Dedata_9.png_Mean-Medain.png
Component: component_1755521955864_188.png
centerX: 0.6633064516129032
centerY: 0.35024223425477347
width: 0.028225806451612902
height: 0.020518666286691366
Area: 0.00020362386122321405
CentroidX: 0.6790
CentroidY: 0.3615
