Location: Dedata_9.png_Mean-Closing.png
Component: component_1755521956042_262.png
centerX: 0.36733870967741933
centerY: 0.5141065830721003
width: 0.024596774193548387
height: 0.026788258763180393
Area: 0.0003103770029141654
CentroidX: 0.3797
CentroidY: 0.5285
