Location: internet_14.png_Gaussian-Closing.png
Component: component_1755088178005_8.png
centerX: 0.19709794437726724
centerY: 0.011690903906472769
width: 0.02902055622732769
height: 0.023666951810664385
Area: 0.0002773286846012012
CentroidX: 0.2115
CentroidY: 0.0250
