Location: internet_14.png_Mean-Medain.png
Component: component_1755088178213_256.png
centerX: 0.7218863361547763
centerY: 0.546050755631594
width: 0.03143893591293833
height: 0.02480752780153978
Area: 0.00023135625449739663
CentroidX: 0.7390
CentroidY: 0.5601
