Location: internet_14.png_Mean-Medain.png
Component: component_1755088178234_365.png
centerX: 0.8581217251108424
centerY: 0.7710293698317651
width: 0.025796049979846837
height: 0.020815511833475905
Area: 0.00020331307213407584
CentroidX: 0.8712
CentroidY: 0.7833
