Location: Dedata_9.png_Mean-Medain.png
Component: component_1755521955901_288.png
centerX: 0.2923387096774194
centerY: 0.5514391564548304
width: 0.027016129032258064
height: 0.02365346252493588
Area: 0.00024683073019608564
CentroidX: 0.3068
CentroidY: 0.5650
