Location: Dedata_9.png_Mean-Closing.png
Component: component_1755521956051_308.png
centerX: 0.8274193548387097
centerY: 0.591621544599601
width: 0.025403225806451612
height: 0.022513536620119692
Area: 0.00028256832660715763
CentroidX: 0.8416
CentroidY: 0.6047
