Location: Dedata_9.png_Mean-Closing.png
Component: component_1755521956043_271.png
centerX: 0.8133064516129033
centerY: 0.518666286691365
width: 0.025
height: 0.022798518096323737
Area: 0.00027349028764743195
CentroidX: 0.8257
CentroidY: 0.5314
