Location: Dedata_9.png_Mean-Medain.png
Component: component_1755521955869_213.png
centerX: 0.7044354838709678
centerY: 0.38928469649472786
width: 0.024193548387096774
height: 0.024793388429752067
Area: 0.0002246527362818191
CentroidX: 0.7180
CentroidY: 0.4036
