Location: Dedata_9.png_Mean-Medain.png
Component: component_1755521955872_222.png
centerX: 0.1157258064516129
centerY: 0.4306070105443146
width: 0.027016129032258064
height: 0.02365346252493588
Area: 0.0001752406254883755
CentroidX: 0.1314
CentroidY: 0.4423
