Location: internet_14.png_Mean-Closing.png
Component: component_1755088177901_114.png
centerX: 0.5679161628375655
centerY: 0.22412318220701455
width: 0.024586860137041516
height: 0.024522383803820928
Area: 0.00024664208750691164
CentroidX: 0.5807
CentroidY: 0.2367
