Location: Dedata_9.png_Gaussian-Closing.png
Component: component_1755521955570_267.png
centerX: 0.5689516129032258
centerY: 0.5161014534055286
width: 0.025
height: 0.02365346252493588
Area: 0.00026556136754336774
CentroidX: 0.5818
CentroidY: 0.5300
