Location: internet_14.png_Mean-Medain.png
Component: component_1755088178220_295.png
centerX: 0.10197501007658202
centerY: 0.6184773310521814
width: 0.02781136638452237
height: 0.020530367835757058
Area: 0.0002208975266487811
CentroidX: 0.1154
CentroidY: 0.6304
