Location: Dedata_9.png_Mean-Closing.png
Component: component_1755521956004_79.png
centerX: 0.9419354838709677
centerY: 0.12168709033912796
width: 0.03588709677419355
height: 0.023938444001139925
Area: 0.00034956195589222185
CentroidX: 0.9615
CentroidY: 0.1337
