Location: internet_14.png_Gaussian-Closing.png
Component: component_1755088178056_238.png
centerX: 0.9407496977025392
centerY: 0.5029940119760479
width: 0.02257154373236598
height: 0.023096663815226688
Area: 0.0001480312249342508
CentroidX: 0.9526
CentroidY: 0.5165
