Location: Dedata_9.png_Mean-Closing.png
Component: component_1755521956010_109.png
centerX: 0.7286290322580645
centerY: 0.20604160729552579
width: 0.02661290322580645
height: 0.02365346252493588
Area: 0.00021580452109322572
CentroidX: 0.7437
CentroidY: 0.2198
