Location: internet_14.png_Mean-Medain.png
Component: component_1755088178179_76.png
centerX: 0.009673518742442563
centerY: 0.13972055888223553
width: 0.02781136638452237
height: 0.022526375819788995
Area: 0.0002518139858935897
CentroidX: 0.0228
CentroidY: 0.1527
