Location: Dedata_9.png_Gaussian-Median.png
Component: component_1755521956175_239.png
centerX: 0.44717741935483873
centerY: 0.43573667711598746
width: 0.03024193548387097
height: 0.024508406953548018
Area: 0.00024418775682806423
CentroidX: 0.4657
CentroidY: 0.4465
