Location: internet_14.png_Gaussian-Median.png
Component: component_1755088177508_174.png
centerX: 0.713422007255139
centerY: 0.3187909894496721
width: 0.028617492946392584
height: 0.021956087824351298
Area: 0.00019469324148961247
CentroidX: 0.7287
CentroidY: 0.3303
