Location: internet_14.png_Mean-Closing.png
Component: component_1755088177890_55.png
centerX: 0.09955663039097139
centerY: 0.09808953521528371
width: 0.028617492946392584
height: 0.02480752780153978
Area: 0.00028813220567559534
CentroidX: 0.1137
CentroidY: 0.1116
