Location: internet_14.png_Gaussian-Closing.png
Component: component_1755088178015_56.png
centerX: 0.09915356711003627
centerY: 0.09808953521528371
width: 0.028617492946392584
height: 0.02480752780153978
Area: 0.0002762943049238656
CentroidX: 0.1137
CentroidY: 0.1116
