Location: Dedata_9.png_Gaussian-Closing.png
Component: component_1755521955552_184.png
centerX: 0.5350806451612903
centerY: 0.35024223425477347
width: 0.025403225806451612
height: 0.018238814477058992
Area: 0.0001627152299616654
CentroidX: 0.5501
CentroidY: 0.3590
