Location: Dedata_9.png_Mean-Medain.png
Component: component_1755521955772_41.png
centerX: 0.3270161290322581
centerY: 0.04189227700199487
width: 0.02903225806451613
height: 0.019663721858079224
Area: 0.00027946570569687166
CentroidX: 0.3429
CentroidY: 0.0520
