Location: internet_14.png_Mean-Closing.png
Component: component_1755088177935_293.png
centerX: 0.898024989923418
centerY: 0.6429997148560023
width: 0.02418379685610641
height: 0.019674935842600515
Area: 0.00017320113041608383
CentroidX: 0.9110
CentroidY: 0.6532
