Location: Dedata_9.png_Mean-Closing.png
Component: component_1755521956054_328.png
centerX: 0.48951612903225805
centerY: 0.6286691365061271
width: 0.025403225806451612
height: 0.025933314334568254
Area: 0.00028268323849272377
CentroidX: 0.5033
CentroidY: 0.6437
