Location: internet_14.png_Gaussian-Closing.png
Component: component_1755088178028_122.png
centerX: 0.19871019750100766
centerY: 0.22697462218420303
width: 0.02902055622732769
height: 0.02480752780153978
Area: 0.00024411360385120242
CentroidX: 0.2131
CentroidY: 0.2406
