Location: Dedata_9.png_Mean-Medain.png
Component: component_1755521955831_118.png
centerX: 0.6104838709677419
centerY: 0.20718153320034197
width: 0.032661290322580645
height: 0.02108862923909946
Area: 0.00030991735537190085
CentroidX: 0.6296
CentroidY: 0.2182
