Location: Dedata_9.png_Gaussian-Median.png
Component: component_1755521956193_337.png
centerX: 0.7016129032258065
centerY: 0.6266742661726987
width: 0.02620967741935484
height: 0.025933314334568254
Area: 0.00026590610320006617
CentroidX: 0.7163
CentroidY: 0.6414
