Location: internet_14.png_Gaussian-Median.png
Component: component_1755088177489_152.png
centerX: 0.4062877871825877
centerY: 0.2694610778443114
width: 0.029826682789197905
height: 0.023952095808383235
Area: 0.000250319881915216
CentroidX: 0.4213
CentroidY: 0.2831
