Location: internet_14.png_Mean-Closing.png
Component: component_1755088177918_206.png
centerX: 0.009270455461507456
centerY: 0.4265754205873966
width: 0.026199113260781944
height: 0.02281151981750784
Area: 0.0002410104648191956
CentroidX: 0.0212
CentroidY: 0.4396
