Location: internet_14.png_Gaussian-Closing.png
Component: component_1755088178039_175.png
centerX: 0.9407496977025392
centerY: 0.35956658112346734
width: 0.02176541717049577
height: 0.025377815796977475
Area: 0.00018274040966262327
CentroidX: 0.9516
CentroidY: 0.3742
