Location: Dedata_9.png_Gaussian-Median.png
Component: component_1755521956142_86.png
centerX: 0.3625
centerY: 0.12225705329153605
width: 0.0407258064516129
height: 0.02336848104873183
Area: 0.00039184952978056425
CentroidX: 0.3860
CentroidY: 0.1333
