Location: internet_14.png_Mean-Medain.png
Component: component_1755088178187_122.png
centerX: 0.5139056831922612
centerY: 0.22668947818648416
width: 0.030632809351068116
height: 0.023666951810664385
Area: 0.00028250058298787925
CentroidX: 0.5289
CentroidY: 0.2400
