Location: internet_14.png_Gaussian-Closing.png
Component: component_1755088178014_52.png
centerX: 0.2418379685610641
centerY: 0.09580838323353294
width: 0.02902055622732769
height: 0.02594810379241517
Area: 0.00025962929901123644
CentroidX: 0.2562
CentroidY: 0.1116
