Location: Dedata_9.png_Gaussian-Median.png
Component: component_1755521956195_345.png
centerX: 0.9120967741935484
centerY: 0.6283841550299231
width: 0.03346774193548387
height: 0.02536335138216016
Area: 0.0003828864027064047
CentroidX: 0.9298
CentroidY: 0.6418
