Location: Dedata_9.png_Mean-Closing.png
Component: component_1755521956019_152.png
centerX: 0.21733870967741936
centerY: 0.29609575377600456
width: 0.028629032258064516
height: 0.024223425477343973
Area: 0.00025636841669807593
CentroidX: 0.2327
CentroidY: 0.3095
