Location: Dedata_9.png_Gaussian-Closing.png
Component: component_1755521955568_258.png
centerX: 0.02056451612903226
centerY: 0.51268167569108
width: 0.024596774193548387
height: 0.025648332858364205
Area: 0.00026487189622997084
CentroidX: 0.0330
CentroidY: 0.5278
