Location: internet_14.png_Gaussian-Closing.png
Component: component_1755088178063_261.png
centerX: 0.9153567110036276
centerY: 0.5511833475905332
width: 0.019347037484885126
height: 0.021956087824351298
Area: 0.00015274339901989078
CentroidX: 0.9245
CentroidY: 0.5642
