Location: Dedata_9.png_Gaussian-Closing.png
Component: component_1755521955538_123.png
centerX: 0.4
centerY: 0.2103163294385865
width: 0.036290322580645164
height: 0.0219435736677116
Area: 0.0002983112549297199
CentroidX: 0.4226
CentroidY: 0.2205
