Location: internet_14.png_Gaussian-Closing.png
Component: component_1755088178018_68.png
centerX: 0.8065296251511487
centerY: 0.1354433989164528
width: 0.030632809351068116
height: 0.021956087824351298
Area: 0.00022882777084168738
CentroidX: 0.8225
CentroidY: 0.1479
