Location: Dedata_9.png_Mean-Closing.png
Component: component_1755521956020_162.png
centerX: 0.9399193548387097
centerY: 0.29894556853804505
width: 0.03467741935483871
height: 0.024793388429752067
Area: 0.00030233317092453506
CentroidX: 0.9577
CentroidY: 0.3131
