Location: internet_14.png_Gaussian-Median.png
Component: component_1755088177785_378.png
centerX: 0.5316404675534059
centerY: 0.737382378100941
width: 0.03426037887948408
height: 0.023666951810664385
Area: 0.00025261850342040625
CentroidX: 0.5502
CentroidY: 0.7497
