Location: Dedata_9.png_Gaussian-Closing.png
Component: component_1755521955561_226.png
centerX: 0.844758064516129
centerY: 0.4340267882587632
width: 0.028629032258064516
height: 0.02536335138216016
Area: 0.00027440958273196114
CentroidX: 0.8599
CentroidY: 0.4481
