Location: internet_14.png_Gaussian-Median.png
Component: component_1755088177481_104.png
centerX: 0.40669085046352277
centerY: 0.18277730253778157
width: 0.030229746070133012
height: 0.020815511833475905
Area: 0.00021813918084255283
CentroidX: 0.4233
CentroidY: 0.1935
