Location: internet_14.png_Gaussian-Median.png
Component: component_1755088177751_328.png
centerX: 0.6525594518339379
centerY: 0.6498431708012546
width: 0.030229746070133012
height: 0.019674935842600515
Area: 0.0001777983734264643
CentroidX: 0.6696
CentroidY: 0.6595
