Location: Dedata_9.png_Gaussian-Median.png
Component: component_1755521956156_151.png
centerX: 0.5375
centerY: 0.2542034767740097
width: 0.025403225806451612
height: 0.02365346252493588
Area: 0.00022120537971483467
CentroidX: 0.5516
CentroidY: 0.2682
