Location: Dedata_9.png_Gaussian-Closing.png
Component: component_1755521955583_319.png
centerX: 0.12379032258064517
centerY: 0.5964662296950698
width: 0.027016129032258064
height: 0.026788258763180393
Area: 0.0003033673778946304
CentroidX: 0.1387
CentroidY: 0.6122
