Location: internet_14.png_Gaussian-Median.png
Component: component_1755088177484_128.png
centerX: 0.6606207174526401
centerY: 0.22583404619332764
width: 0.030632809351068116
height: 0.025377815796977475
Area: 0.00026089354083909107
CentroidX: 0.6750
CentroidY: 0.2395
