Location: Dedata_9.png_Mean-Medain.png
Component: component_1755521955922_351.png
centerX: 0.3963709677419355
centerY: 0.6705614135081219
width: 0.035483870967741936
height: 0.022798518096323737
Area: 0.0003750723944879067
CentroidX: 0.4163
CentroidY: 0.6819
