Location: Dedata_9.png_Mean-Closing.png
Component: component_1755521956037_246.png
centerX: 0.6584677419354839
centerY: 0.4799088059276147
width: 0.028225806451612902
height: 0.027358221715588486
Area: 0.00030371211355132886
CentroidX: 0.6732
CentroidY: 0.4950
