Location: internet_14.png_Mean-Closing.png
Component: component_1755088177910_161.png
centerX: 0.3958081418782749
centerY: 0.32677502138579984
width: 0.03466344216041919
height: 0.019389791844881665
Area: 0.00022859790869116835
CentroidX: 0.4154
CentroidY: 0.3360
