Location: internet_14.png_Gaussian-Closing.png
Component: component_1755088178007_17.png
centerX: 0.3353486497380089
centerY: 0.015397775876817793
width: 0.0354695687222894
height: 0.023666951810664385
Area: 0.00031617538803891613
CentroidX: 0.3532
CentroidY: 0.0288
