Location: internet_14.png_Mean-Closing.png
Component: component_1755088177933_285.png
centerX: 0.2503022974607013
centerY: 0.6127744510978044
width: 0.024586860137041516
height: 0.021670943826632448
Area: 0.00017986713278113548
CentroidX: 0.2640
CentroidY: 0.6246
