Location: internet_14.png_Mean-Closing.png
Component: component_1755088177930_269.png
centerX: 0.053204353083434096
centerY: 0.5762760193897919
width: 0.031035872632003223
height: 0.019389791844881665
Area: 0.00022135725094981913
CentroidX: 0.0689
CentroidY: 0.5865
