Location: internet_14.png_Mean-Medain.png
Component: component_1755088178235_372.png
centerX: 0.6650544135429263
centerY: 0.7773025377815796
width: 0.02539298669891173
height: 0.017678927858568578
Area: 0.00017952233955535694
CentroidX: 0.6794
CentroidY: 0.7868
