Location: Dedata_9.png_Gaussian-Median.png
Component: component_1755521956158_158.png
centerX: 0.06088709677419355
centerY: 0.2946708463949843
width: 0.027016129032258064
height: 0.02365346252493588
Area: 0.0002244229125106868
CentroidX: 0.0769
CentroidY: 0.3076
