Location: Dedata_9.png_Gaussian-Median.png
Component: component_1755521956160_166.png
centerX: 0.8943548387096775
centerY: 0.29780564263322884
width: 0.02903225806451613
height: 0.025078369905956112
Area: 0.00023131762564465567
CentroidX: 0.9103
CentroidY: 0.3119
