Location: Dedata_9.png_Gaussian-Median.png
Component: component_1755521956145_105.png
centerX: 0.7487903225806452
centerY: 0.16671416357936733
width: 0.0375
height: 0.020233684810487318
Area: 0.0002907270704823541
CentroidX: 0.7709
CentroidY: 0.1775
