Location: Dedata_9.png_Mean-Closing.png
Component: component_1755521956019_153.png
centerX: 0.2629032258064516
centerY: 0.29666571672841263
width: 0.027822580645161292
height: 0.024793388429752067
Area: 0.00025958594949392804
CentroidX: 0.2786
CentroidY: 0.3104
