Location: internet_14.png_Gaussian-Closing.png
Component: component_1755088178008_21.png
centerX: 0.40185409109230147
centerY: 0.01710863986313088
width: 0.030229746070133012
height: 0.022526375819788995
Area: 0.0002820408586868412
CentroidX: 0.4171
CentroidY: 0.0293
