Location: Dedata_9.png_Gaussian-Median.png
Component: component_1755521956204_396.png
centerX: 0.06088709677419355
centerY: 0.7286976346537475
width: 0.03508064516129032
height: 0.027643203191792535
Area: 0.00035944437805091056
CentroidX: 0.0809
CentroidY: 0.7419
