Location: internet_14.png_Mean-Medain.png
Component: component_1755088178175_56.png
centerX: 0.14349052801289802
centerY: 0.09837467921300257
width: 0.026199113260781944
height: 0.02423723980610208
Area: 0.00024641222535639267
CentroidX: 0.1569
CentroidY: 0.1117
