Location: Dedata_9.png_Gaussian-Median.png
Component: component_1755521956154_142.png
centerX: 0.12217741935483871
centerY: 0.25220860644058135
width: 0.03185483870967742
height: 0.02365346252493588
Area: 0.0002651017200011032
CentroidX: 0.1414
CentroidY: 0.2646
