Location: Dedata_9.png_Mean-Closing.png
Component: component_1755521955992_19.png
centerX: 0.7758064516129032
centerY: 0.007124536905101168
width: 0.03346774193548387
height: 0.01738387004844685
Area: 0.00027682273232885026
CentroidX: 0.7928
CentroidY: 0.0167
