Location: internet_14.png_Gaussian-Median.png
Component: component_1755088177475_70.png
centerX: 0.9085046352277307
centerY: 0.13059595095523238
width: 0.02539298669891173
height: 0.026518391787852865
Area: 0.00023124132342213714
CentroidX: 0.9206
CentroidY: 0.1451
