Location: internet_14.png_Mean-Medain.png
Component: component_1755088178204_208.png
centerX: 0.20032245062474807
centerY: 0.4257199885942401
width: 0.035872632003224506
height: 0.023096663815226688
Area: 0.0002689387161072569
CentroidX: 0.2201
CentroidY: 0.4381
