Location: Dedata_9.png_Gaussian-Median.png
Component: component_1755521956132_29.png
centerX: 0.728225806451613
centerY: 0.033912795668281565
width: 0.022983870967741935
height: 0.022513536620119692
Area: 0.00025901139006609733
CentroidX: 0.7407
CentroidY: 0.0453
