Location: internet_14.png_Mean-Medain.png
Component: component_1755088178169_19.png
centerX: 0.6517533252720678
centerY: 0.015968063872255488
width: 0.03184199919387344
height: 0.021956087824351298
Area: 0.00026916857825777594
CentroidX: 0.6677
CentroidY: 0.0272
