Location: Dedata_9.png_Gaussian-Median.png
Component: component_1755521956171_216.png
centerX: 0.6528225806451613
centerY: 0.3895696779709319
width: 0.03306451612903226
height: 0.021373610715303505
Area: 0.00024085531214664596
CentroidX: 0.6731
CentroidY: 0.3988
