Location: internet_14.png_Gaussian-Median.png
Component: component_1755088177643_247.png
centerX: 0.37162434502216846
centerY: 0.46506986027944114
width: 0.028617492946392584
height: 0.023381807812945538
Area: 0.00020365786535985438
CentroidX: 0.3864
CentroidY: 0.4792
