Location: internet_14.png_Gaussian-Closing.png
Component: component_1755088178074_301.png
centerX: 0.8569125352680371
centerY: 0.6427145708582834
width: 0.0237807335751713
height: 0.023096663815226688
Area: 0.00018147616783476865
CentroidX: 0.8685
CentroidY: 0.6565
