Location: internet_14.png_Gaussian-Closing.png
Component: component_1755088178077_311.png
centerX: 0.31559854897218864
centerY: 0.6524094667807243
width: 0.025796049979846837
height: 0.02281151981750784
Area: 0.00019469324148961247
CentroidX: 0.3288
CentroidY: 0.6656
