Location: internet_14.png_Gaussian-Closing.png
Component: component_1755088178014_51.png
centerX: 0.6404675534058847
centerY: 0.09466780724265754
width: 0.03466344216041919
height: 0.027944111776447105
Area: 0.0002897412407292285
CentroidX: 0.6582
CentroidY: 0.1103
