Location: internet_14.png_Gaussian-Closing.png
Component: component_1755088178041_185.png
centerX: 0.147118097541314
centerY: 0.3706871970345024
width: 0.0237807335751713
height: 0.02765896777872826
Area: 0.00021032386772490603
CentroidX: 0.1582
CentroidY: 0.3881
