Location: Dedata_9.png_Gaussian-Median.png
Component: component_1755521956143_95.png
centerX: 0.8657258064516129
centerY: 0.16443431176973497
width: 0.036290322580645164
height: 0.022228555143915644
Area: 0.00029417442704933857
CentroidX: 0.8871
CentroidY: 0.1757
