Location: Dedata_9.png_Mean-Closing.png
Component: component_1755521956049_300.png
centerX: 0.5870967741935483
centerY: 0.5876318039327444
width: 0.028225806451612902
height: 0.024508406953548018
Area: 0.0003283032570624845
CentroidX: 0.6022
CentroidY: 0.6011
