Location: internet_14.png_Gaussian-Median.png
Component: component_1755088177458_11.png
centerX: 0.19709794437726724
centerY: 0.011690903906472769
width: 0.029423619508262798
height: 0.023666951810664385
Area: 0.00027721375352594173
CentroidX: 0.2115
CentroidY: 0.0250
