Location: Dedata_9.png_Gaussian-Median.png
Component: component_1755521956153_140.png
centerX: 0.6758064516129032
centerY: 0.2516386434881733
width: 0.024193548387096774
height: 0.025078369905956112
Area: 0.00022396326496842221
CentroidX: 0.6897
CentroidY: 0.2649
