Location: internet_14.png_Gaussian-Closing.png
Component: component_1755088178024_101.png
centerX: 0.5126964933494559
centerY: 0.18334759053321928
width: 0.026602176541717048
height: 0.019674935842600515
Area: 0.00021354193783217236
CentroidX: 0.5270
CentroidY: 0.1936
