Location: Dedata_9.png_Mean-Closing.png
Component: component_1755521956016_135.png
centerX: 0.12217741935483871
centerY: 0.25220860644058135
width: 0.03185483870967742
height: 0.02365346252493588
Area: 0.0002778569392989456
CentroidX: 0.1414
CentroidY: 0.2646
