Location: Dedata_9.png_Gaussian-Median.png
Component: component_1755521956179_258.png
centerX: 0.6584677419354839
centerY: 0.4799088059276147
width: 0.028225806451612902
height: 0.027358221715588486
Area: 0.0002946340745916032
CentroidX: 0.6730
CentroidY: 0.4951
