Location: internet_14.png_Mean-Closing.png
Component: component_1755088177904_130.png
centerX: 0.8653768641676743
centerY: 0.2660393498716852
width: 0.026199113260781944
height: 0.02566295979469632
Area: 0.00022917256406746592
CentroidX: 0.8783
CentroidY: 0.2809
