Location: internet_14.png_Mean-Closing.png
Component: component_1755088177923_233.png
centerX: 0.9008464328899637
centerY: 0.5078414599372684
width: 0.02418379685610641
height: 0.019674935842600515
Area: 0.00019664706976902418
CentroidX: 0.9133
CentroidY: 0.5180
