Location: internet_14.png_Gaussian-Median.png
Component: component_1755088177471_47.png
centerX: 0.35630794034663443
centerY: 0.05873966353008269
width: 0.028617492946392584
height: 0.021670943826632448
Area: 0.0002571008153555272
CentroidX: 0.3703
CentroidY: 0.0705
