Location: internet_14.png_Mean-Medain.png
Component: component_1755088178226_325.png
centerX: 0.7271261588069327
centerY: 0.6894781864841745
width: 0.032245062474808545
height: 0.022241231822070145
Area: 0.0002179093186920338
CentroidX: 0.7440
CentroidY: 0.7008
