Location: internet_14.png_Gaussian-Closing.png
Component: component_1755088178071_289.png
centerX: 0.3974203950020153
centerY: 0.6076418591388651
width: 0.029423619508262798
height: 0.0213857998289136
Area: 0.00019733665622058123
CentroidX: 0.4130
CentroidY: 0.6205
