Location: internet_14.png_Mean-Medain.png
Component: component_1755088178193_154.png
centerX: 0.9000403063280935
centerY: 0.31394354148845166
width: 0.028214429665457477
height: 0.025377815796977475
Area: 0.000265375852774212
CentroidX: 0.9145
CentroidY: 0.3286
