Location: internet_14.png_Gaussian-Median.png
Component: component_1755088177619_203.png
centerX: 0.40185409109230147
centerY: 0.37097234103222126
width: 0.036275695284159616
height: 0.02281151981750784
Area: 0.0002438837417006834
CentroidX: 0.4225
CentroidY: 0.3830
