Location: Dedata_9.png_Mean-Medain.png
Component: component_1755521955910_315.png
centerX: 0.32620967741935486
centerY: 0.591621544599601
width: 0.02943548387096774
height: 0.026503277286976348
Area: 0.00032623484312229383
CentroidX: 0.3424
CentroidY: 0.6067
