Location: Dedata_9.png_Gaussian-Median.png
Component: component_1755521956168_198.png
centerX: 0.975
centerY: 0.3522371045882018
width: 0.021774193548387097
height: 0.022228555143915644
Area: 0.00019086864192537163
CentroidX: 0.9880
CentroidY: 0.3632
