Location: internet_14.png_Mean-Closing.png
Component: component_1755088177936_302.png
centerX: 0.31559854897218864
centerY: 0.6524094667807243
width: 0.025796049979846837
height: 0.02281151981750784
Area: 0.00020434745181141143
CentroidX: 0.3290
CentroidY: 0.6657
