Location: internet_14.png_Mean-Closing.png
Component: component_1755088177890_53.png
centerX: 0.7634018540910923
centerY: 0.09723410322212718
width: 0.0237807335751713
height: 0.021670943826632448
Area: 0.00021101345417646311
CentroidX: 0.7739
CentroidY: 0.1090
