Location: internet_14.png_Mean-Closing.png
Component: component_1755088177942_337.png
centerX: 0.573559048770657
centerY: 0.7359566581123468
width: 0.032648125755743655
height: 0.023952095808383235
Area: 0.00024641222535639267
CentroidX: 0.5895
CentroidY: 0.7491
