Location: Dedata_9.png_Mean-Closing.png
Component: component_1755521956035_239.png
centerX: 0.32661290322580644
centerY: 0.4773439726417783
width: 0.02661290322580645
height: 0.025933314334568254
Area: 0.0003031375541234981
CentroidX: 0.3410
CentroidY: 0.4909
