Location: internet_14.png_Gaussian-Median.png
Component: component_1755088177645_251.png
centerX: 0.10237807335751713
centerY: 0.47476475620188197
width: 0.02418379685610641
height: 0.02623324779013402
Area: 0.0001869928594472252
CentroidX: 0.1147
CentroidY: 0.4913
