Location: internet_14.png_Mean-Closing.png
Component: component_1755088177913_178.png
centerX: 0.5163240628778718
centerY: 0.36926147704590817
width: 0.02539298669891173
height: 0.02480752780153978
Area: 0.00022641421826123765
CentroidX: 0.5285
CentroidY: 0.3838
