Location: internet_14.png_Gaussian-Median.png
Component: component_1755088177747_314.png
centerX: 0.7501007658202338
centerY: 0.6107784431137725
width: 0.029826682789197905
height: 0.016538351867693184
Area: 0.00020664607331660168
CentroidX: 0.7657
CentroidY: 0.6183
