Location: internet_14.png_Mean-Medain.png
Component: component_1755088178237_380.png
centerX: 0.1592099959693672
centerY: 0.7838608497291132
width: 0.029423619508262798
height: 0.023096663815226688
Area: 0.00027617937384860614
CentroidX: 0.1732
CentroidY: 0.7968
