Location: Dedata_9.png_Mean-Closing.png
Component: component_1755521956053_323.png
centerX: 0.5782258064516129
centerY: 0.627529210601311
width: 0.025403225806451612
height: 0.027358221715588486
Area: 0.0003034822897801965
CentroidX: 0.5913
CentroidY: 0.6442
