Location: Dedata_9.png_Gaussian-Median.png
Component: component_1755521956141_79.png
centerX: 0.21008064516129032
centerY: 0.12054716443431177
width: 0.03669354838709677
height: 0.02365346252493588
Area: 0.00035312422434477243
CentroidX: 0.2315
CentroidY: 0.1318
