Location: internet_14.png_Gaussian-Closing.png
Component: component_1755088178105_375.png
centerX: 0.43732365981459087
centerY: 0.7798688337610493
width: 0.02781136638452237
height: 0.017393783860849728
Area: 0.00017067264676037458
CentroidX: 0.4526
CentroidY: 0.7890
