Location: Dedata_9.png_Gaussian-Median.png
Component: component_1755521956133_38.png
centerX: 0.4584677419354839
centerY: 0.039897406668566546
width: 0.02903225806451613
height: 0.020518666286691366
Area: 0.0002921060131091479
CentroidX: 0.4737
CentroidY: 0.0516
