Location: internet_14.png_Gaussian-Closing.png
Component: component_1755088178057_245.png
centerX: 0.5880693268843208
centerY: 0.5106928999144568
width: 0.028214429665457477
height: 0.023666951810664385
Area: 0.000235034048905701
CentroidX: 0.6037
CentroidY: 0.5224
