Location: Dedata_9.png_Mean-Medain.png
Component: component_1755521955810_77.png
centerX: 0.48508064516129035
centerY: 0.12083214591051582
width: 0.027419354838709678
height: 0.0262182958107723
Area: 0.00030520596806368874
CentroidX: 0.5005
CentroidY: 0.1353
