Location: Dedata_9.png_Mean-Medain.png
Component: component_1755521955860_177.png
centerX: 0.3463709677419355
centerY: 0.3468224565403249
width: 0.02338709677419355
height: 0.024793388429752067
Area: 0.00020339403745208174
CentroidX: 0.3590
CentroidY: 0.3607
