Location: Dedata_9.png_Gaussian-Median.png
Component: component_1755521956154_144.png
centerX: 0.018145161290322582
centerY: 0.25334853234539756
width: 0.027016129032258064
height: 0.026788258763180393
Area: 0.0002359141010673016
CentroidX: 0.0329
CentroidY: 0.2685
