Location: internet_14.png_Gaussian-Median.png
Component: component_1755088177493_166.png
centerX: 0.14993954050785974
centerY: 0.2791559737667522
width: 0.028617492946392584
height: 0.02623324779013402
Area: 0.0002380222568624483
CentroidX: 0.1642
CentroidY: 0.2955
