Location: internet_14.png_Gaussian-Closing.png
Component: component_1755088178009_27.png
centerX: 0.8008867392180572
centerY: 0.05161106358711149
width: 0.029423619508262798
height: 0.023096663815226688
Area: 0.00026916857825777594
CentroidX: 0.8164
CentroidY: 0.0637
