Location: Dedata_9.png_Gaussian-Closing.png
Component: component_1755521955515_17.png
centerX: 0.2995967741935484
centerY: 0.007124536905101168
width: 0.03064516129032258
height: 0.022513536620119692
Area: 0.0002899226872833911
CentroidX: 0.3146
CentroidY: 0.0210
