Location: internet_14.png_Gaussian-Closing.png
Component: component_1755088178015_54.png
centerX: 0.7634018540910923
centerY: 0.09723410322212718
width: 0.0237807335751713
height: 0.0213857998289136
Area: 0.00019618734546798612
CentroidX: 0.7740
CentroidY: 0.1090
