Location: internet_14.png_Mean-Medain.png
Component: component_1755088178236_376.png
centerX: 0.3970173317210802
centerY: 0.7801539777587682
width: 0.024989923417976623
height: 0.016253207869974338
Area: 0.0002029682789082973
CentroidX: 0.4105
CentroidY: 0.7881
