Location: internet_14.png_Mean-Medain.png
Component: component_1755088178181_87.png
centerX: 0.9480048367593712
centerY: 0.17792985457656116
width: 0.022168480451430876
height: 0.02281151981750784
Area: 0.00020250855460725927
CentroidX: 0.9590
CentroidY: 0.1916
