Location: Dedata_9.png_Gaussian-Median.png
Component: component_1755521956125_4.png
centerX: 0.7411290322580645
centerY: 0.002564833285836421
width: 0.027419354838709678
height: 0.02080364776289541
Area: 0.0002575175355537374
CentroidX: 0.7538
CentroidY: 0.0145
