Location: Dedata_9.png_Mean-Medain.png
Component: component_1755521955867_204.png
centerX: 0.41330645161290325
centerY: 0.38728982616129953
width: 0.024596774193548387
height: 0.022513536620119692
Area: 0.00023108780187352338
CentroidX: 0.4265
CentroidY: 0.3996
