Location: internet_14.png_Gaussian-Closing.png
Component: component_1755088178075_306.png
centerX: 0.6058041112454655
centerY: 0.6498431708012546
width: 0.028617492946392584
height: 0.018819503849443968
Area: 0.00017423551009341942
CentroidX: 0.6215
CentroidY: 0.6596
