Location: Dedata_9.png_Mean-Closing.png
Component: component_1755521956036_242.png
centerX: 0.42379032258064514
centerY: 0.47848389854659445
width: 0.02661290322580645
height: 0.026788258763180393
Area: 0.00030589543937708564
CentroidX: 0.4380
CentroidY: 0.4913
