Location: Dedata_9.png_Mean-Closing.png
Component: component_1755521956003_71.png
centerX: 0.7213709677419354
centerY: 0.11997720148190368
width: 0.03870967741935484
height: 0.023083499572527786
Area: 0.0003316357017439028
CentroidX: 0.7441
CentroidY: 0.1316
