Location: internet_14.png_Mean-Closing.png
Component: component_1755088177884_24.png
centerX: 0.1531640467553406
centerY: 0.05018534359851725
width: 0.027005239822652155
height: 0.025092671799258625
Area: 0.0002687088539567379
CentroidX: 0.1664
CentroidY: 0.0636
