Location: internet_14.png_Gaussian-Median.png
Component: component_1755088177779_366.png
centerX: 0.7948407900040306
centerY: 0.7299686341602509
width: 0.030632809351068116
height: 0.02480752780153978
Area: 0.0002760644427733466
CentroidX: 0.8108
CentroidY: 0.7431
