Location: Dedata_9.png_Gaussian-Closing.png
Component: component_1755521955543_146.png
centerX: 0.2899193548387097
centerY: 0.2547734397264178
width: 0.021774193548387097
height: 0.02536335138216016
Area: 0.00022258432234162844
CentroidX: 0.3020
CentroidY: 0.2689
