Location: Dedata_9.png_Mean-Medain.png
Component: component_1755521955884_248.png
centerX: 0.5112903225806451
centerY: 0.47762895411798234
width: 0.031451612903225803
height: 0.023938444001139925
Area: 0.00031451383079454675
CentroidX: 0.5288
CentroidY: 0.4900
