Location: internet_14.png_Mean-Closing.png
Component: component_1755088177899_101.png
centerX: 0.15195485691253527
centerY: 0.18363273453093812
width: 0.027005239822652155
height: 0.02566295979469632
Area: 0.0002458375699800951
CentroidX: 0.1655
CentroidY: 0.1981
