Location: internet_14.png_Mean-Medain.png
Component: component_1755088178221_296.png
centerX: 0.051592099959693674
centerY: 0.6204733390362133
width: 0.02902055622732769
height: 0.020245223838038208
Area: 0.00020147417492992364
CentroidX: 0.0667
CentroidY: 0.6323
