Location: Dedata_9.png_Mean-Closing.png
Component: component_1755521956034_235.png
centerX: 0.12056451612903225
centerY: 0.47306925049871756
width: 0.028629032258064516
height: 0.025648332858364205
Area: 0.0002983112549297199
CentroidX: 0.1368
CentroidY: 0.4860
