Location: Dedata_9.png_Mean-Closing.png
Component: component_1755521956039_249.png
centerX: 0.7548387096774194
centerY: 0.481903676261043
width: 0.028629032258064516
height: 0.025078369905956112
Area: 0.0003024480828101012
CentroidX: 0.7706
CentroidY: 0.4943
