Location: Dedata_9.png_Mean-Closing.png
Component: component_1755521956033_227.png
centerX: 0.44717741935483873
centerY: 0.43573667711598746
width: 0.03064516129032258
height: 0.024508406953548018
Area: 0.0002561385929269436
CentroidX: 0.4658
CentroidY: 0.4464
