Location: internet_14.png_Mean-Closing.png
Component: component_1755088177914_181.png
centerX: 0.40185409109230147
centerY: 0.37097234103222126
width: 0.03667875856509472
height: 0.023096663815226688
Area: 0.00026388174879583837
CentroidX: 0.4227
CentroidY: 0.3832
