Location: Dedata_9.png_Mean-Medain.png
Component: component_1755521955734_7.png
centerX: 0.6306451612903226
centerY: 0.003989740666856654
width: 0.025
height: 0.02108862923909946
Area: 0.00027176660936393973
CentroidX: 0.6428
CentroidY: 0.0166
