Location: internet_14.png_Gaussian-Closing.png
Component: component_1755088178073_296.png
centerX: 0.19669488109633212
centerY: 0.6164813230681494
width: 0.031035872632003223
height: 0.019674935842600515
Area: 0.00019423351718857442
CentroidX: 0.2135
CentroidY: 0.6273
