Location: internet_14.png_Gaussian-Median.png
Component: component_1755088177758_332.png
centerX: 0.449012494961709
centerY: 0.6521243227830055
width: 0.03667875856509472
height: 0.019674935842600515
Area: 0.00022411559675604743
CentroidX: 0.4694
CentroidY: 0.6619
