Location: Dedata_9.png_Mean-Medain.png
Component: component_1755521955822_106.png
centerX: 0.527016129032258
centerY: 0.16813907096038758
width: 0.02903225806451613
height: 0.024508406953548018
Area: 0.00028647533071640664
CentroidX: 0.5442
CentroidY: 0.1803
