Location: Dedata_9.png_Gaussian-Median.png
Component: component_1755521956143_91.png
centerX: 0.4245967741935484
centerY: 0.12339697919635224
width: 0.0407258064516129
height: 0.025078369905956112
Area: 0.00039644600520321016
CentroidX: 0.4471
CentroidY: 0.1348
