Location: Dedata_9.png_Gaussian-Closing.png
Component: component_1755521955555_197.png
centerX: 0.21653225806451612
centerY: 0.3858649187802793
width: 0.02943548387096774
height: 0.02336848104873183
Area: 0.00023051324244569265
CentroidX: 0.2347
CentroidY: 0.3983
