Location: Dedata_9.png_Mean-Closing.png
Component: component_1755521955992_15.png
centerX: 0.4508064516129032
centerY: 0.005699629524080934
width: 0.03225806451612903
height: 0.021658592191507554
Area: 0.00032198310335634635
CentroidX: 0.4653
CentroidY: 0.0187
