Location: internet_14.png_Mean-Medain.png
Component: component_1755088178174_50.png
centerX: 0.6404675534058847
centerY: 0.09466780724265754
width: 0.03506650544135429
height: 0.028229255774165955
Area: 0.00030813021277075034
CentroidX: 0.6585
CentroidY: 0.1104
