Location: Dedata_9.png_Gaussian-Median.png
Component: component_1755521956144_99.png
centerX: 0.35201612903225804
centerY: 0.1658592191507552
width: 0.036290322580645164
height: 0.024508406953548018
Area: 0.0003303716710026752
CentroidX: 0.3731
CentroidY: 0.1789
