Location: Dedata_9.png_Mean-Closing.png
Component: component_1755521956064_364.png
centerX: 0.7508064516129033
centerY: 0.7175833570817897
width: 0.024596774193548387
height: 0.027643203191792535
Area: 0.00028521129997517903
CentroidX: 0.7637
CentroidY: 0.7343
