Location: Dedata_9.png_Mean-Medain.png
Component: component_1755521955809_72.png
centerX: 0.7213709677419354
centerY: 0.11997720148190368
width: 0.03870967741935484
height: 0.023083499572527786
Area: 0.0003324400849428658
CentroidX: 0.7442
CentroidY: 0.1316
