Location: internet_14.png_Mean-Medain.png
Component: component_1755088178173_43.png
centerX: 0.35630794034663443
centerY: 0.05873966353008269
width: 0.028617492946392584
height: 0.021670943826632448
Area: 0.00026686995675258567
CentroidX: 0.3702
CentroidY: 0.0705
