Location: internet_14.png_Gaussian-Median.png
Component: component_1755088177483_121.png
centerX: 0.8573155985489722
centerY: 0.22355289421157684
width: 0.025796049979846837
height: 0.023666951810664385
Area: 0.00023411460030362493
CentroidX: 0.8706
CentroidY: 0.2370
