Location: internet_14.png_Gaussian-Closing.png
Component: component_1755088178034_147.png
centerX: 0.25312374042724706
centerY: 0.27830054177359564
width: 0.026199113260781944
height: 0.021670943826632448
Area: 0.0002190586294446289
CentroidX: 0.2656
CentroidY: 0.2904
