Location: internet_14.png_Gaussian-Closing.png
Component: component_1755088178049_221.png
centerX: 0.8210399032648126
centerY: 0.4553749643570003
width: 0.02902055622732769
height: 0.020530367835757058
Area: 0.0001541225719230049
CentroidX: 0.8380
CentroidY: 0.4666
