Location: internet_14.png_Mean-Closing.png
Component: component_1755088177948_366.png
centerX: 0.7605804111245466
centerY: 0.7801539777587682
width: 0.029826682789197905
height: 0.014257199885942401
Area: 0.00019365886181227688
CentroidX: 0.7760
CentroidY: 0.7871
