Location: Dedata_9.png_Gaussian-Median.png
Component: component_1755521956140_76.png
centerX: 0.8330645161290322
centerY: 0.11997720148190368
width: 0.03669354838709677
height: 0.021658592191507554
Area: 0.0003179611873615312
CentroidX: 0.8551
CentroidY: 0.1301
