Location: internet_14.png_Mean-Closing.png
Component: component_1755088177934_289.png
centerX: 0.051592099959693674
centerY: 0.6207584830339321
width: 0.02902055622732769
height: 0.01996007984031936
Area: 0.00019929048449999294
CentroidX: 0.0667
CentroidY: 0.6323
