Location: Dedata_9.png_Mean-Medain.png
Component: component_1755521955933_379.png
centerX: 0.5254032258064516
centerY: 0.719578227415218
width: 0.03024193548387097
height: 0.03134796238244514
Area: 0.0003445058329273113
CentroidX: 0.5415
CentroidY: 0.7385
