Location: Dedata_9.png_Gaussian-Median.png
Component: component_1755521956197_358.png
centerX: 0.3963709677419355
centerY: 0.6705614135081219
width: 0.035483870967741936
height: 0.022513536620119692
Area: 0.00035461807885713237
CentroidX: 0.4162
CentroidY: 0.6818
