Location: internet_14.png_Mean-Medain.png
Component: component_1755088178191_143.png
centerX: 0.3486497380088674
centerY: 0.2743085258055318
width: 0.027408303103587262
height: 0.023952095808383235
Area: 0.000245377845679057
CentroidX: 0.3622
CentroidY: 0.2884
