Location: internet_14.png_Mean-Closing.png
Component: component_1755088177911_165.png
centerX: 0.2946392583635631
centerY: 0.3299116053607072
width: 0.027408303103587262
height: 0.019104647847162818
Area: 0.00024721674288320924
CentroidX: 0.3087
CentroidY: 0.3392
