Location: internet_14.png_Mean-Closing.png
Component: component_1755088177940_323.png
centerX: 0.37968561064087064
centerY: 0.6957513544339892
width: 0.028214429665457477
height: 0.017393783860849728
Area: 0.0002000950020268095
CentroidX: 0.3941
CentroidY: 0.7052
