Location: internet_14.png_Gaussian-Median.png
Component: component_1755088177530_179.png
centerX: 0.15276098347440548
centerY: 0.32620473339036216
width: 0.0237807335751713
height: 0.021956087824351298
Area: 0.0001641215754705824
CentroidX: 0.1639
CentroidY: 0.3398
