Location: internet_14.png_Mean-Closing.png
Component: component_1755088177897_94.png
centerX: 0.7654171704957679
centerY: 0.18163672654690619
width: 0.03143893591293833
height: 0.020530367835757058
Area: 0.00022055273342300256
CentroidX: 0.7802
CentroidY: 0.1933
