Location: Dedata_9.png_Mean-Closing.png
Component: component_1755521956020_161.png
centerX: 0.7189516129032258
centerY: 0.29894556853804505
width: 0.025403225806451612
height: 0.0262182958107723
Area: 0.000242464078544572
CentroidX: 0.7336
CentroidY: 0.3132
