Location: Dedata_9.png_Gaussian-Closing.png
Component: component_1755521955512_5.png
centerX: 0.9024193548387097
centerY: 0.002849814762040467
width: 0.028629032258064516
height: 0.020518666286691366
Area: 0.000268089429025823
CentroidX: 0.9171
CentroidY: 0.0141
