Location: internet_14.png_Gaussian-Median.png
Component: component_1755088177645_250.png
centerX: 0.20314389359129384
centerY: 0.4733390362132877
width: 0.028214429665457477
height: 0.021670943826632448
Area: 0.00019837103589791683
CentroidX: 0.2179
CentroidY: 0.4860
