Location: internet_14.png_Gaussian-Median.png
Component: component_1755088177640_241.png
centerX: 0.731962918178154
centerY: 0.4579412603364699
width: 0.02781136638452237
height: 0.01996007984031936
Area: 0.00016906361170674142
CentroidX: 0.7476
CentroidY: 0.4687
