Location: internet_14.png_Gaussian-Closing.png
Component: component_1755088178088_342.png
centerX: 0.8883514711809755
centerY: 0.7305389221556886
width: 0.02781136638452237
height: 0.023096663815226688
Area: 0.00022928749514272543
CentroidX: 0.9025
CentroidY: 0.7433
