Location: internet_14.png_Mean-Medain.png
Component: component_1755088178202_199.png
centerX: 0.6255542120112858
centerY: 0.4151696606786427
width: 0.026199113260781944
height: 0.02594810379241517
Area: 0.00023526391105622004
CentroidX: 0.6379
CentroidY: 0.4307
