Location: internet_14.png_Mean-Closing.png
Component: component_1755088177917_202.png
centerX: 0.3639661426844015
centerY: 0.4228685486170516
width: 0.03385731559854897
height: 0.016253207869974338
Area: 0.00023710280826037223
CentroidX: 0.3825
CentroidY: 0.4307
