Location: Dedata_9.png_Gaussian-Closing.png
Component: component_1755521955567_253.png
centerX: 0.8443548387096774
centerY: 0.481618694784839
width: 0.027822580645161292
height: 0.025648332858364205
Area: 0.00029681740041735997
CentroidX: 0.8589
CentroidY: 0.4954
