Location: internet_14.png_Gaussian-Median.png
Component: component_1755088177747_311.png
centerX: 0.449012494961709
centerY: 0.6102081551183347
width: 0.028617492946392584
height: 0.018249215854006275
Area: 0.00021101345417646311
CentroidX: 0.4639
CentroidY: 0.6198
