Location: internet_14.png_Gaussian-Median.png
Component: component_1755088177802_397.png
centerX: 0.5739621120515921
centerY: 0.7770173937838608
width: 0.028214429665457477
height: 0.01996007984031936
Area: 0.00018963627417819395
CentroidX: 0.5882
CentroidY: 0.7883
