Location: internet_14.png_Mean-Closing.png
Component: component_1755088177946_358.png
centerX: 0.8053204353083434
centerY: 0.7758768177929855
width: 0.03305118903667876
height: 0.016823495865412035
Area: 0.00020147417492992364
CentroidX: 0.8232
CentroidY: 0.7846
