Location: Dedata_9.png_Mean-Medain.png
Component: component_1755521955874_229.png
centerX: 0.844758064516129
centerY: 0.4340267882587632
width: 0.02903225806451613
height: 0.025648332858364205
Area: 0.0002899226872833911
CentroidX: 0.8600
CentroidY: 0.4482
