Location: internet_14.png_Mean-Closing.png
Component: component_1755088177896_88.png
centerX: 0.3079403466344216
centerY: 0.17850014257199887
width: 0.02418379685610641
height: 0.028229255774165955
Area: 0.00024124032696971464
CentroidX: 0.3185
CentroidY: 0.1957
