Location: Dedata_9.png_Mean-Closing.png
Component: component_1755521956034_231.png
centerX: 0.9330645161290323
centerY: 0.43573667711598746
width: 0.02620967741935484
height: 0.023083499572527786
Area: 0.00029222092499471406
CentroidX: 0.9477
CentroidY: 0.4468
