Location: Dedata_9.png_Mean-Medain.png
Component: component_1755521955842_139.png
centerX: 0.12217741935483871
centerY: 0.25220860644058135
width: 0.03225806451612903
height: 0.023938444001139925
Area: 0.0002788911462690409
CentroidX: 0.1414
CentroidY: 0.2646
