Location: Dedata_9.png_Mean-Closing.png
Component: component_1755521956013_125.png
centerX: 0.014112903225806451
centerY: 0.21316614420062696
width: 0.02943548387096774
height: 0.02365346252493588
Area: 0.0003188804824460604
CentroidX: 0.0309
CentroidY: 0.2245
