Location: internet_14.png_Gaussian-Closing.png
Component: component_1755088178082_327.png
centerX: 0.5965336557839581
centerY: 0.6900484744796122
width: 0.02257154373236598
height: 0.019674935842600515
Area: 0.0001759594762223121
CentroidX: 0.6080
CentroidY: 0.7013
