Location: Dedata_9.png_Mean-Closing.png
Component: component_1755521956000_52.png
centerX: 0.667741935483871
centerY: 0.07352522086064406
width: 0.03387096774193549
height: 0.018808777429467086
Area: 0.0003480681013798619
CentroidX: 0.6857
CentroidY: 0.0835
