Location: Dedata_9.png_Mean-Medain.png
Component: component_1755521955917_339.png
centerX: 0.9120967741935484
centerY: 0.6286691365061271
width: 0.03346774193548387
height: 0.02536335138216016
Area: 0.0003993188023423639
CentroidX: 0.9300
CentroidY: 0.6418
