Location: internet_14.png_Mean-Closing.png
Component: component_1755088177907_146.png
centerX: 0.14993954050785974
centerY: 0.27944111776447106
width: 0.02902055622732769
height: 0.02594810379241517
Area: 0.00025054974406573505
CentroidX: 0.1645
CentroidY: 0.2957
