Location: internet_14.png_Gaussian-Median.png
Component: component_1755088177640_243.png
centerX: 0.5759774284562676
centerY: 0.45993726832050186
width: 0.03184199919387344
height: 0.016823495865412035
Area: 0.0001521687436435932
CentroidX: 0.5940
CentroidY: 0.4689
