Location: Dedata_9.png_Gaussian-Closing.png
Component: component_1755521955584_324.png
centerX: 0.6169354838709677
centerY: 0.6261043032202906
width: 0.027822580645161292
height: 0.026788258763180393
Area: 0.00029670248853179383
CentroidX: 0.6325
CentroidY: 0.6419
