Location: Dedata_9.png_Mean-Closing.png
Component: component_1755521956019_154.png
centerX: 0.3084677419354839
centerY: 0.29723567968082076
width: 0.03508064516129032
height: 0.024223425477343973
Area: 0.00027084731427941055
CentroidX: 0.3297
CentroidY: 0.3092
