Location: Dedata_9.png_Gaussian-Closing.png
Component: component_1755521955514_12.png
centerX: 0.35201612903225804
centerY: 0.005984611000284981
width: 0.032661290322580645
height: 0.0219435736677116
Area: 0.0003050910561781226
CentroidX: 0.3671
CentroidY: 0.0187
