Location: internet_14.png_Gaussian-Closing.png
Component: component_1755088178106_378.png
centerX: 0.3014913341394599
centerY: 0.7810094097519247
width: 0.02781136638452237
height: 0.017964071856287425
Area: 0.00020020993310206902
CentroidX: 0.3158
CentroidY: 0.7912
