Location: Dedata_9.png_Mean-Medain.png
Component: component_1755521955925_355.png
centerX: 0.8419354838709677
centerY: 0.6711313764605301
width: 0.025
height: 0.02336848104873183
Area: 0.00023051324244569265
CentroidX: 0.8560
CentroidY: 0.6850
