Location: internet_14.png_Mean-Closing.png
Component: component_1755088177917_200.png
centerX: 0.5276098347440548
centerY: 0.42087254063301965
width: 0.026602176541717048
height: 0.020815511833475905
Area: 0.0002319309098736942
CentroidX: 0.5407
CentroidY: 0.4315
