Location: Dedata_9.png_Mean-Closing.png
Component: component_1755521956027_196.png
centerX: 0.06774193548387097
centerY: 0.38728982616129953
width: 0.029838709677419355
height: 0.02336848104873183
Area: 0.00026291839417534634
CentroidX: 0.0853
CentroidY: 0.3988
