Location: Dedata_9.png_Gaussian-Median.png
Component: component_1755521956141_81.png
centerX: 0.05725806451612903
centerY: 0.12168709033912796
width: 0.0375
height: 0.022513536620119692
Area: 0.00034232250710155453
CentroidX: 0.0794
CentroidY: 0.1317
