Location: Dedata_9.png_Gaussian-Median.png
Component: component_1755521956174_236.png
centerX: 0.8
centerY: 0.4343117697349672
width: 0.027419354838709678
height: 0.024223425477343973
Area: 0.00025809209498156815
CentroidX: 0.8155
CentroidY: 0.4460
