Location: Dedata_9.png_Mean-Medain.png
Component: component_1755521955912_318.png
centerX: 0.9092741935483871
centerY: 0.5919065260758051
width: 0.02903225806451613
height: 0.025078369905956112
Area: 0.0003261199312367277
CentroidX: 0.9253
CentroidY: 0.6048
