Location: Dedata_9.png_Gaussian-Closing.png
Component: component_1755521955514_13.png
centerX: 0.4104838709677419
centerY: 0.005984611000284981
width: 0.02379032258064516
height: 0.021373610715303505
Area: 0.0002608499802351557
CentroidX: 0.4213
CentroidY: 0.0187
