Location: internet_14.png_Gaussian-Median.png
Component: component_1755088177484_123.png
centerX: 0.4079000403063281
centerY: 0.22412318220701455
width: 0.028214429665457477
height: 0.023952095808383235
Area: 0.00025549178030189406
CentroidX: 0.4218
CentroidY: 0.2383
