Location: Dedata_9.png_Mean-Medain.png
Component: component_1755521955928_366.png
centerX: 0.15120967741935484
centerY: 0.6779709318894271
width: 0.027822580645161292
height: 0.0262182958107723
Area: 0.0003227874865553094
CentroidX: 0.1665
CentroidY: 0.6922
