Location: internet_14.png_Mean-Medain.png
Component: component_1755088178227_330.png
centerX: 0.42563482466747277
centerY: 0.6926147704590818
width: 0.0354695687222894
height: 0.01853435985172512
Area: 0.00023468925567992247
CentroidX: 0.4450
CentroidY: 0.7017
