Location: internet_14.png_Mean-Closing.png
Component: component_1755088177943_342.png
centerX: 0.5316404675534059
centerY: 0.737382378100941
width: 0.03426037887948408
height: 0.023666951810664385
Area: 0.0002641116109463574
CentroidX: 0.5504
CentroidY: 0.7498
