Location: internet_14.png_Gaussian-Median.png
Component: component_1755088177741_294.png
centerX: 0.3147924224103184
centerY: 0.5637296834901625
width: 0.029423619508262798
height: 0.019389791844881665
Area: 0.00020928948804757044
CentroidX: 0.3302
CentroidY: 0.5742
