Location: internet_14.png_Mean-Closing.png
Component: component_1755088177926_250.png
centerX: 0.7222893994357114
centerY: 0.5463358996293128
width: 0.030632809351068116
height: 0.024522383803820928
Area: 0.00022882777084168738
CentroidX: 0.7391
CentroidY: 0.5602
