Location: internet_14.png_Gaussian-Median.png
Component: component_1755088177631_224.png
centerX: 0.5276098347440548
centerY: 0.4205873966353008
width: 0.026602176541717048
height: 0.021100655831194755
Area: 0.00022227669955189524
CentroidX: 0.5406
CentroidY: 0.4315
