Location: Dedata_9.png_Gaussian-Closing.png
Component: component_1755521955557_209.png
centerX: 0.6528225806451613
centerY: 0.3895696779709319
width: 0.03306451612903226
height: 0.021373610715303505
Area: 0.0002405105764899475
CentroidX: 0.6731
CentroidY: 0.3988
