Location: Dedata_9.png_Gaussian-Closing.png
Component: component_1755521955559_218.png
centerX: 0.25725806451612904
centerY: 0.43003704759190653
width: 0.024596774193548387
height: 0.025078369905956112
Area: 0.00018489322387593195
CentroidX: 0.2720
CentroidY: 0.4448
