Location: internet_14.png_Mean-Closing.png
Component: component_1755088177896_86.png
centerX: 0.25755743651753327
centerY: 0.17792985457656116
width: 0.02418379685610641
height: 0.026518391787852865
Area: 0.0002379073257871888
CentroidX: 0.2688
CentroidY: 0.1936
