Location: internet_14.png_Mean-Medain.png
Component: component_1755088178232_357.png
centerX: 0.15800080612656187
centerY: 0.7442258340461934
width: 0.030229746070133012
height: 0.02480752780153978
Area: 0.00023549377320673906
CentroidX: 0.1739
CentroidY: 0.7585
