Location: Dedata_9.png_Gaussian-Closing.png
Component: component_1755521955530_78.png
centerX: 0.48508064516129035
centerY: 0.12054716443431177
width: 0.027016129032258064
height: 0.026503277286976348
Area: 0.00028957795162669266
CentroidX: 0.5004
CentroidY: 0.1353
