Location: Dedata_9.png_Mean-Closing.png
Component: component_1755521956015_134.png
centerX: 0.7173387096774193
centerY: 0.2516386434881733
width: 0.02903225806451613
height: 0.0219435736677116
Area: 0.0002414298715744767
CentroidX: 0.7355
CentroidY: 0.2612
