Location: internet_14.png_Gaussian-Median.png
Component: component_1755088177644_249.png
centerX: 0.15034260378879485
centerY: 0.4733390362132877
width: 0.026602176541717048
height: 0.025377815796977475
Area: 0.00022733366686331373
CentroidX: 0.1627
CentroidY: 0.4882
