Location: internet_14.png_Gaussian-Closing.png
Component: component_1755088178017_66.png
centerX: 0.8577186618299073
centerY: 0.13088109495295125
width: 0.031035872632003223
height: 0.025092671799258625
Area: 0.00024664208750691164
CentroidX: 0.8738
CentroidY: 0.1443
