Location: Dedata_9.png_Gaussian-Median.png
Component: component_1755521956173_228.png
centerX: 0.35524193548387095
centerY: 0.4306070105443146
width: 0.024596774193548387
height: 0.02336848104873183
Area: 0.0001953502054624514
CentroidX: 0.3685
CentroidY: 0.4436
