Location: Dedata_9.png_Gaussian-Closing.png
Component: component_1755521955556_203.png
centerX: 0.5084677419354838
centerY: 0.3884297520661157
width: 0.02903225806451613
height: 0.02336848104873183
Area: 0.0002186773182323794
CentroidX: 0.5259
CentroidY: 0.4000
