Location: internet_14.png_Mean-Closing.png
Component: component_1755088177929_264.png
centerX: 0.3147924224103184
centerY: 0.5637296834901625
width: 0.029423619508262798
height: 0.019674935842600515
Area: 0.00022250656170241426
CentroidX: 0.3302
CentroidY: 0.5742
