Location: Dedata_9.png_Mean-Closing.png
Component: component_1755521956067_375.png
centerX: 0.20927419354838708
centerY: 0.7238529495582787
width: 0.03064516129032258
height: 0.026503277286976348
Area: 0.00033588744150985026
CentroidX: 0.2271
CentroidY: 0.7373
