Location: internet_14.png_Mean-Medain.png
Component: component_1755088178194_163.png
centerX: 0.1523579201934704
centerY: 0.32620473339036216
width: 0.02418379685610641
height: 0.022241231822070145
Area: 0.00017458030331919796
CentroidX: 0.1638
CentroidY: 0.3399
