Location: Dedata_9.png_Mean-Closing.png
Component: component_1755521956065_367.png
centerX: 0.7899193548387097
centerY: 0.7181533200341977
width: 0.029838709677419355
height: 0.0262182958107723
Area: 0.00028337270980612067
CentroidX: 0.8066
CentroidY: 0.7326
