Location: internet_14.png_Mean-Medain.png
Component: component_1755088178193_157.png
centerX: 0.7646110439338977
centerY: 0.31736526946107785
width: 0.02902055622732769
height: 0.023096663815226688
Area: 0.00024928550223788043
CentroidX: 0.7792
CentroidY: 0.3303
