Location: Dedata_9.png_Gaussian-Median.png
Component: component_1755521956162_172.png
centerX: 0.49879032258064515
centerY: 0.3000854944428612
width: 0.03225806451612903
height: 0.024508406953548018
Area: 0.00022936412359003116
CentroidX: 0.5177
CentroidY: 0.3142
