Location: Dedata_9.png_Mean-Closing.png
Component: component_1755521956067_374.png
centerX: 0.35766129032258065
centerY: 0.7227130236534626
width: 0.03951612903225806
height: 0.026503277286976348
Area: 0.0003946074150341518
CentroidX: 0.3812
CentroidY: 0.7355
