Location: Dedata_9.png_Gaussian-Median.png
Component: component_1755521956172_225.png
centerX: 0.16008064516129034
centerY: 0.43003704759190653
width: 0.02217741935483871
height: 0.025933314334568254
Area: 0.0002061519227056693
CentroidX: 0.1729
CentroidY: 0.4446
