Location: Dedata_9.png_Mean-Closing.png
Component: component_1755521956000_53.png
centerX: 0.2568548387096774
centerY: 0.07466514676546024
width: 0.03185483870967742
height: 0.025078369905956112
Area: 0.00037955395802498647
CentroidX: 0.2747
CentroidY: 0.0875
