Location: Dedata_9.png_Mean-Medain.png
Component: component_1755521955869_211.png
centerX: 0.5596774193548387
centerY: 0.38928469649472786
width: 0.02661290322580645
height: 0.02365346252493588
Area: 0.00021591943297879186
CentroidX: 0.5740
CentroidY: 0.4024
