Location: internet_14.png_Gaussian-Median.png
Component: component_1755088177786_382.png
centerX: 0.2543329302700524
centerY: 0.741089250071286
width: 0.036275695284159616
height: 0.023666951810664385
Area: 0.00022813818439013032
CentroidX: 0.2752
CentroidY: 0.7546
