Location: internet_14.png_Gaussian-Closing.png
Component: component_1755088178074_298.png
centerX: 0.051592099959693674
centerY: 0.6207584830339321
width: 0.028617492946392584
height: 0.019674935842600515
Area: 0.000184924100092554
CentroidX: 0.0667
CentroidY: 0.6323
