Location: internet_14.png_Gaussian-Median.png
Component: component_1755088177623_213.png
centerX: 0.860137041515518
centerY: 0.4111776447105788
width: 0.026199113260781944
height: 0.023666951810664385
Area: 0.0001681441631046653
CentroidX: 0.8747
CentroidY: 0.4249
