Location: Dedata_9.png_Mean-Closing.png
Component: component_1755521956018_148.png
centerX: 0.17943548387096775
centerY: 0.29438586491878027
width: 0.02217741935483871
height: 0.024793388429752067
Area: 0.00022775535719210508
CentroidX: 0.1918
CentroidY: 0.3078
