Location: Dedata_9.png_Mean-Closing.png
Component: component_1755521956010_110.png
centerX: 0.7737903225806452
centerY: 0.20604160729552579
width: 0.029838709677419355
height: 0.021373610715303505
Area: 0.0002297088592467296
CentroidX: 0.7921
CentroidY: 0.2171
