Location: Dedata_9.png_Mean-Closing.png
Component: component_1755521956023_178.png
centerX: 0.7528225806451613
centerY: 0.34910230834995726
width: 0.03064516129032258
height: 0.02108862923909946
Area: 0.00022315888176945917
CentroidX: 0.7697
CentroidY: 0.3601
