Location: internet_14.png_Mean-Medain.png
Component: component_1755088178182_94.png
centerX: 0.7654171704957679
centerY: 0.18135158254918735
width: 0.03143893591293833
height: 0.020815511833475905
Area: 0.0002238857346055284
CentroidX: 0.7802
CentroidY: 0.1932
