Location: internet_14.png_Mean-Closing.png
Component: component_1755088177933_281.png
centerX: 0.449012494961709
centerY: 0.6102081551183347
width: 0.028617492946392584
height: 0.01853435985172512
Area: 0.00022239163062715475
CentroidX: 0.4640
CentroidY: 0.6198
