Location: internet_14.png_Gaussian-Closing.png
Component: component_1755088178004_4.png
centerX: 0.05965336557839581
centerY: 0.010550327915597377
width: 0.031035872632003223
height: 0.023952095808383235
Area: 0.0003272087712638292
CentroidX: 0.0748
CentroidY: 0.0240
