Location: Dedata_9.png_Gaussian-Median.png
Component: component_1755521956133_35.png
centerX: 0.510483870967742
centerY: 0.03761755485893417
width: 0.02661290322580645
height: 0.02336848104873183
Area: 0.0002784314987267763
CentroidX: 0.5245
CentroidY: 0.0504
