Location: Dedata_9.png_Gaussian-Median.png
Component: component_1755521956155_147.png
centerX: 0.5814516129032258
centerY: 0.2536335138216016
width: 0.03225806451612903
height: 0.022798518096323737
Area: 0.00023706321992296306
CentroidX: 0.6004
CentroidY: 0.2661
