Location: Dedata_9.png_Gaussian-Median.png
Component: component_1755521956170_213.png
centerX: 0.4584677419354839
centerY: 0.3887147335423197
width: 0.027822580645161292
height: 0.022798518096323737
Area: 0.00022476764816738525
CentroidX: 0.4752
CentroidY: 0.4000
