Location: internet_14.png_Mean-Closing.png
Component: component_1755088177929_265.png
centerX: 0.20515920999596937
centerY: 0.5657256914741945
width: 0.032648125755743655
height: 0.01996007984031936
Area: 0.00024170005127075266
CentroidX: 0.2217
CentroidY: 0.5768
