Location: internet_14.png_Mean-Closing.png
Component: component_1755088177905_136.png
centerX: 0.7174526400644902
centerY: 0.2714570858283433
width: 0.030229746070133012
height: 0.022241231822070145
Area: 0.00022043780234774305
CentroidX: 0.7334
CentroidY: 0.2828
