Location: internet_14.png_Mean-Medain.png
Component: component_1755088178197_178.png
centerX: 0.7605804111245466
centerY: 0.365839749073282
width: 0.030632809351068116
height: 0.02281151981750784
Area: 0.00023239063417473225
CentroidX: 0.7774
CentroidY: 0.3784
