Location: internet_14.png_Gaussian-Closing.png
Component: component_1755088178031_137.png
centerX: 0.46473196291817814
centerY: 0.2703165098374679
width: 0.029423619508262798
height: 0.025092671799258625
Area: 0.00027813320212801784
CentroidX: 0.4781
CentroidY: 0.2850
