Location: internet_14.png_Gaussian-Closing.png
Component: component_1755088178058_246.png
centerX: 0.5364772269246272
centerY: 0.5109780439121756
width: 0.026199113260781944
height: 0.02281151981750784
Area: 0.00020285334783303778
CentroidX: 0.5492
CentroidY: 0.5242
