Location: internet_14.png_Gaussian-Closing.png
Component: component_1755088178005_6.png
centerX: 0.554615074566707
centerY: 0.011120615911035072
width: 0.02539298669891173
height: 0.02737382378100941
Area: 0.00025422753847403944
CentroidX: 0.5676
CentroidY: 0.0260
