Location: Dedata_9.png_Gaussian-Median.png
Component: component_1755521956134_44.png
centerX: 0.21008064516129032
centerY: 0.04217725847819892
width: 0.028629032258064516
height: 0.021658592191507554
Area: 0.0002757885253587549
CentroidX: 0.2253
CentroidY: 0.0544
