Location: internet_14.png_Gaussian-Median.png
Component: component_1755088177475_68.png
centerX: 0.9455864570737605
centerY: 0.12802965497576277
width: 0.02781136638452237
height: 0.02623324779013402
Area: 0.00022227669955189524
CentroidX: 0.9593
CentroidY: 0.1426
