Location: Dedata_9.png_Gaussian-Closing.png
Component: component_1755521955582_311.png
centerX: 0.8673387096774193
centerY: 0.591336563123397
width: 0.025806451612903226
height: 0.0219435736677116
Area: 0.0002718815212495059
CentroidX: 0.8814
CentroidY: 0.6033
