Location: Dedata_9.png_Mean-Closing.png
Component: component_1755521956062_356.png
centerX: 0.15120967741935484
centerY: 0.6779709318894271
width: 0.027822580645161292
height: 0.025933314334568254
Area: 0.0003225576627841771
CentroidX: 0.1665
CentroidY: 0.6922
