Location: internet_14.png_Mean-Closing.png
Component: component_1755088177948_368.png
centerX: 0.2539298669891173
centerY: 0.7827202737382378
width: 0.02902055622732769
height: 0.019389791844881665
Area: 0.00021951835374566696
CentroidX: 0.2687
CentroidY: 0.7934
