Location: internet_14.png_Gaussian-Median.png
Component: component_1755088177489_154.png
centerX: 0.6187021362353889
centerY: 0.2708867978329056
width: 0.030229746070133012
height: 0.025092671799258625
Area: 0.00022721873578805422
CentroidX: 0.6343
CentroidY: 0.2848
