Location: Dedata_9.png_Gaussian-Median.png
Component: component_1755521956137_59.png
centerX: 0.14879032258064517
centerY: 0.07808492447990881
width: 0.03467741935483871
height: 0.02108862923909946
Area: 0.0003153182139935098
CentroidX: 0.1700
CentroidY: 0.0880
