Location: Dedata_9.png_Gaussian-Closing.png
Component: component_1755521955592_359.png
centerX: 0.7971774193548387
centerY: 0.6731262467939584
width: 0.025403225806451612
height: 0.0262182958107723
Area: 0.0002930253081936771
CentroidX: 0.8101
CentroidY: 0.6863
