Location: Dedata_9.png_Gaussian-Median.png
Component: component_1755521956133_34.png
centerX: 0.6028225806451613
centerY: 0.03676261043032203
width: 0.029838709677419355
height: 0.020233684810487318
Area: 0.0002834876216916868
CentroidX: 0.6189
CentroidY: 0.0473
