Location: Dedata_9.png_Mean-Medain.png
Component: component_1755521955928_365.png
centerX: 0.19838709677419356
centerY: 0.6748361356511827
width: 0.03225806451612903
height: 0.026503277286976348
Area: 0.0003317506136294689
CentroidX: 0.2168
CentroidY: 0.6894
