Location: internet_14.png_Gaussian-Median.png
Component: component_1755088177776_347.png
centerX: 0.7807335751713019
centerY: 0.6889078984887368
width: 0.02781136638452237
height: 0.02423723980610208
Area: 0.00020446238288667095
CentroidX: 0.7959
CentroidY: 0.7024
