Location: internet_14.png_Gaussian-Median.png
Component: component_1755088177456_8.png
centerX: 0.554615074566707
centerY: 0.010835471913316224
width: 0.02539298669891173
height: 0.02765896777872826
Area: 0.000254802193850337
CentroidX: 0.5676
CentroidY: 0.0260
