Location: internet_14.png_Gaussian-Median.png
Component: component_1755088177469_40.png
centerX: 0.8500604594921403
centerY: 0.055603079555175364
width: 0.029826682789197905
height: 0.020530367835757058
Area: 0.0002876724813745573
CentroidX: 0.8643
CentroidY: 0.0663
