Location: internet_14.png_Gaussian-Closing.png
Component: component_1755088178013_50.png
centerX: 0.8089480048367593
centerY: 0.0943826632449387
width: 0.02539298669891173
height: 0.0213857998289136
Area: 0.0001918199646081247
CentroidX: 0.8206
CentroidY: 0.1069
