Location: Dedata_9.png_Gaussian-Median.png
Component: component_1755521956204_394.png
centerX: 0.20887096774193548
centerY: 0.7238529495582787
width: 0.03064516129032258
height: 0.026503277286976348
Area: 0.0003176164517048327
CentroidX: 0.2270
CentroidY: 0.7372
