Location: Dedata_9.png_Mean-Medain.png
Component: component_1755521955809_73.png
centerX: 0.8330645161290322
centerY: 0.11997720148190368
width: 0.03669354838709677
height: 0.0219435736677116
Area: 0.0003417479476737238
CentroidX: 0.8551
CentroidY: 0.1301
