Location: internet_14.png_Gaussian-Median.png
Component: component_1755088177634_231.png
centerX: 0.05239822652156389
centerY: 0.4291417165668663
width: 0.028617492946392584
height: 0.022526375819788995
Area: 0.00023227570309947273
CentroidX: 0.0661
CentroidY: 0.4416
