Location: internet_14.png_Gaussian-Closing.png
Component: component_1755088178074_302.png
centerX: 0.898024989923418
centerY: 0.6429997148560023
width: 0.02418379685610641
height: 0.019674935842600515
Area: 0.00016423650654584192
CentroidX: 0.9108
CentroidY: 0.6530
