Location: Dedata_9.png_Gaussian-Closing.png
Component: component_1755521955546_155.png
centerX: 0.21733870967741936
centerY: 0.2958107722998005
width: 0.028629032258064516
height: 0.024508406953548018
Area: 0.00024395793305693195
CentroidX: 0.2326
CentroidY: 0.3093
