Location: internet_14.png_Mean-Medain.png
Component: component_1755088178200_193.png
centerX: 0.9427650141072148
centerY: 0.41089250071286
width: 0.02176541717049577
height: 0.02281151981750784
Area: 0.00019423351718857442
CentroidX: 0.9533
CentroidY: 0.4241
