Location: Dedata_9.png_Gaussian-Closing.png
Component: component_1755521955537_114.png
centerX: 0.6629032258064517
centerY: 0.2066115702479339
width: 0.041935483870967745
height: 0.02365346252493588
Area: 0.0003611680563344028
CentroidX: 0.6885
CentroidY: 0.2174
