Location: Dedata_9.png_Gaussian-Median.png
Component: component_1755521956151_130.png
centerX: 0.4532258064516129
centerY: 0.21117127386719864
width: 0.03346774193548387
height: 0.0219435736677116
Area: 0.0002998051094420798
CentroidX: 0.4727
CentroidY: 0.2221
