Location: internet_14.png_Mean-Medain.png
Component: component_1755088178178_71.png
centerX: 0.6481257557436517
centerY: 0.13829483889364128
width: 0.028617492946392584
height: 0.026518391787852865
Area: 0.00022652914933649716
CentroidX: 0.6618
CentroidY: 0.1540
