Location: internet_14.png_Mean-Medain.png
Component: component_1755088178199_184.png
centerX: 0.2994760177347844
centerY: 0.3706871970345024
width: 0.03143893591293833
height: 0.023666951810664385
Area: 0.00022618435611071862
CentroidX: 0.3154
CentroidY: 0.3846
