Location: internet_14.png_Gaussian-Closing.png
Component: component_1755088178034_145.png
centerX: 0.2011285771866183
centerY: 0.27658967778728255
width: 0.026199113260781944
height: 0.023096663815226688
Area: 0.0002342295313788844
CentroidX: 0.2145
CentroidY: 0.2893
