Location: Dedata_9.png_Mean-Medain.png
Component: component_1755521955916_335.png
centerX: 0.44717741935483873
centerY: 0.628099173553719
width: 0.024596774193548387
height: 0.024793388429752067
Area: 0.0002195966133169086
CentroidX: 0.4608
CentroidY: 0.6430
