Location: internet_14.png_Mean-Medain.png
Component: component_1755088178222_301.png
centerX: 0.8085449415558242
centerY: 0.6447105788423154
width: 0.026199113260781944
height: 0.020815511833475905
Area: 0.00021882876729410988
CentroidX: 0.8225
CentroidY: 0.6557
