Location: internet_14.png_Mean-Closing.png
Component: component_1755088177889_51.png
centerX: 0.24143490528012898
centerY: 0.09580838323353294
width: 0.029423619508262798
height: 0.02594810379241517
Area: 0.00026847899180621886
CentroidX: 0.2563
CentroidY: 0.1117
