Location: Dedata_9.png_Gaussian-Closing.png
Component: component_1755521955594_369.png
centerX: 0.7508064516129033
centerY: 0.7175833570817897
width: 0.024596774193548387
height: 0.027358221715588486
Area: 0.00026946837165261675
CentroidX: 0.7636
CentroidY: 0.7342
