Location: Dedata_9.png_Mean-Medain.png
Component: component_1755521955917_336.png
centerX: 0.7826612903225807
centerY: 0.6283841550299231
width: 0.025806451612903226
height: 0.024508406953548018
Area: 0.000280499912666967
CentroidX: 0.7970
CentroidY: 0.6432
