Location: Dedata_9.png_Mean-Closing.png
Component: component_1755521956001_60.png
centerX: 0.05120967741935484
centerY: 0.07950983186092904
width: 0.035483870967741936
height: 0.022513536620119692
Area: 0.0003300269353459767
CentroidX: 0.0718
CentroidY: 0.0907
