Location: internet_14.png_Mean-Medain.png
Component: component_1755088178199_186.png
centerX: 0.19427650141072147
centerY: 0.3723980610208155
width: 0.03143893591293833
height: 0.024522383803820928
Area: 0.00023963129191608147
CentroidX: 0.2095
CentroidY: 0.3874
