Location: internet_14.png_Mean-Medain.png
Component: component_1755088178212_248.png
centerX: 0.37162434502216846
centerY: 0.5163957798688338
width: 0.02781136638452237
height: 0.02281151981750784
Area: 0.00021756452546625526
CentroidX: 0.3852
CentroidY: 0.5292
