Location: Dedata_9.png_Mean-Closing.png
Component: component_1755521956000_54.png
centerX: 0.617741935483871
centerY: 0.07523510971786834
width: 0.03185483870967742
height: 0.018808777429467086
Area: 0.0003405988288180623
CentroidX: 0.6348
CentroidY: 0.0850
