Location: internet_14.png_Mean-Medain.png
Component: component_1755088178228_336.png
centerX: 0.051592099959693674
centerY: 0.701739378386085
width: 0.029423619508262798
height: 0.02765896777872826
Area: 0.00021871383621885037
CentroidX: 0.0679
CentroidY: 0.7177
