Location: Dedata_9.png_Mean-Closing.png
Component: component_1755521956016_137.png
centerX: 0.018145161290322582
centerY: 0.25334853234539756
width: 0.027016129032258064
height: 0.026788258763180393
Area: 0.00024947370356410704
CentroidX: 0.0330
CentroidY: 0.2686
