Location: internet_14.png_Gaussian-Closing.png
Component: component_1755088178032_140.png
centerX: 0.6731156791616284
centerY: 0.27231251782149984
width: 0.028214429665457477
height: 0.021956087824351298
Area: 0.00022239163062715475
CentroidX: 0.6859
CentroidY: 0.2849
