Location: internet_14.png_Gaussian-Closing.png
Component: component_1755088178044_201.png
centerX: 0.9040709391374446
centerY: 0.41231822070145424
width: 0.020959290608625555
height: 0.02281151981750784
Area: 0.000154812158374562
CentroidX: 0.9153
CentroidY: 0.4254
