Location: Dedata_9.png_Gaussian-Median.png
Component: component_1755521956165_183.png
centerX: 0.19556451612903225
centerY: 0.34796238244514105
width: 0.03064516129032258
height: 0.02108862923909946
Area: 0.0002087948960736907
CentroidX: 0.2138
CentroidY: 0.3576
