Location: Dedata_9.png_Gaussian-Median.png
Component: component_1755521956186_295.png
centerX: 0.33669354838709675
centerY: 0.5514391564548304
width: 0.024193548387096774
height: 0.024508406953548018
Area: 0.0002495886154496732
CentroidX: 0.3489
CentroidY: 0.5657
