Location: Dedata_9.png_Mean-Closing.png
Component: component_1755521956022_173.png
centerX: 0.24717741935483872
centerY: 0.347392419492733
width: 0.021370967741935483
height: 0.025078369905956112
Area: 0.00018225025050791054
CentroidX: 0.2580
CentroidY: 0.3624
