Location: Dedata_9.png_Mean-Medain.png
Component: component_1755521955892_271.png
centerX: 0.5689516129032258
centerY: 0.5161014534055286
width: 0.025403225806451612
height: 0.02365346252493588
Area: 0.0002738350233041304
CentroidX: 0.5819
CentroidY: 0.5301
