Location: Dedata_9.png_Mean-Medain.png
Component: component_1755521955875_234.png
centerX: 0.44717741935483873
centerY: 0.43573667711598746
width: 0.03064516129032258
height: 0.024508406953548018
Area: 0.0002565982404692082
CentroidX: 0.4658
CentroidY: 0.4464
