Location: internet_14.png_Gaussian-Median.png
Component: component_1755088177751_327.png
centerX: 0.6058041112454655
centerY: 0.6498431708012546
width: 0.02902055622732769
height: 0.018819503849443968
Area: 0.00017906261525431891
CentroidX: 0.6217
CentroidY: 0.6597
