Location: internet_14.png_Gaussian-Median.png
Component: component_1755088177486_139.png
centerX: 0.05763804917372027
centerY: 0.23210721414314228
width: 0.026602176541717048
height: 0.02281151981750784
Area: 0.00021825411191781234
CentroidX: 0.0701
CentroidY: 0.2452
