Location: internet_14.png_Gaussian-Closing.png
Component: component_1755088178057_244.png
centerX: 0.8194276501410721
centerY: 0.5092671799258626
width: 0.02418379685610641
height: 0.020530367835757058
Area: 0.00018342999611418035
CentroidX: 0.8317
CentroidY: 0.5208
