Location: Dedata_9.png_Gaussian-Closing.png
Component: component_1755521955589_347.png
centerX: 0.5415322580645161
centerY: 0.6702764320319179
width: 0.037096774193548385
height: 0.026503277286976348
Area: 0.0003571461403395876
CentroidX: 0.5634
CentroidY: 0.6841
