Location: internet_14.png_Mean-Medain.png
Component: component_1755088178181_90.png
centerX: 0.460298266827892
centerY: 0.1793555745651554
width: 0.02902055622732769
height: 0.02480752780153978
Area: 0.0002438837417006834
CentroidX: 0.4754
CentroidY: 0.1935
