Location: Dedata_9.png_Mean-Medain.png
Component: component_1755521955895_277.png
centerX: 0.7370967741935484
centerY: 0.5175263607865489
width: 0.024596774193548387
height: 0.024223425477343973
Area: 0.00028383235734838523
CentroidX: 0.7501
CentroidY: 0.5308
