Location: Dedata_9.png_Mean-Closing.png
Component: component_1755521956010_111.png
centerX: 0.917741935483871
centerY: 0.20575662581932175
width: 0.031451612903225803
height: 0.022513536620119692
Area: 0.00024464740437032885
CentroidX: 0.9361
CentroidY: 0.2175
