Location: Dedata_9.png_Mean-Medain.png
Component: component_1755521955807_71.png
centerX: 0.6838709677419355
centerY: 0.11912225705329153
width: 0.024193548387096774
height: 0.024508406953548018
Area: 0.00027038766673714593
CentroidX: 0.6960
CentroidY: 0.1333
