Location: Dedata_9.png_Mean-Medain.png
Component: component_1755521955885_252.png
centerX: 0.8004032258064516
centerY: 0.47962382445141066
width: 0.02661290322580645
height: 0.02536335138216016
Area: 0.00029084198236792026
CentroidX: 0.8149
CentroidY: 0.4944
