Location: Dedata_9.png_Gaussian-Median.png
Component: component_1755521956202_384.png
centerX: 0.7084677419354839
centerY: 0.7181533200341977
width: 0.028225806451612902
height: 0.027643203191792535
Area: 0.0002759034372443211
CentroidX: 0.7222
CentroidY: 0.7353
