Location: Dedata_9.png_Mean-Closing.png
Component: component_1755521956034_233.png
centerX: 0.1693548387096774
centerY: 0.4727842690225135
width: 0.03024193548387097
height: 0.027643203191792535
Area: 0.0003276137857490876
CentroidX: 0.1868
CentroidY: 0.4851
