Location: Dedata_9.png_Gaussian-Closing.png
Component: component_1755521955565_241.png
centerX: 0.26491935483870965
centerY: 0.47677400968937017
width: 0.03790322580645161
height: 0.024793388429752067
Area: 0.0003415181239025915
CentroidX: 0.2872
CentroidY: 0.4878
