Location: Dedata_9.png_Mean-Medain.png
Component: component_1755521955871_221.png
centerX: 0.25725806451612904
centerY: 0.43003704759190653
width: 0.024596774193548387
height: 0.025078369905956112
Area: 0.00019500546980575294
CentroidX: 0.2721
CentroidY: 0.4448
