Location: Dedata_9.png_Mean-Medain.png
Component: component_1755521955918_341.png
centerX: 0.3084677419354839
centerY: 0.6300940438871473
width: 0.02903225806451613
height: 0.027358221715588486
Area: 0.00032244275089861096
CentroidX: 0.3262
CentroidY: 0.6441
