Location: internet_14.png_Mean-Medain.png
Component: component_1755088178168_14.png
centerX: 0.7521160822249093
centerY: 0.013401767892785858
width: 0.029423619508262798
height: 0.02423723980610208
Area: 0.0002941086215890899
CentroidX: 0.7662
CentroidY: 0.0270
