Location: internet_14.png_Mean-Closing.png
Component: component_1755088177902_122.png
centerX: 0.5139056831922612
centerY: 0.22725976618192187
width: 0.030632809351068116
height: 0.023096663815226688
Area: 0.0002681341985804403
CentroidX: 0.5289
CentroidY: 0.2401
