Location: internet_14.png_Mean-Medain.png
Component: component_1755088178167_13.png
centerX: 0.6993147924224103
centerY: 0.01311662389506701
width: 0.031035872632003223
height: 0.023381807812945538
Area: 0.0002727314415908208
CentroidX: 0.7147
CentroidY: 0.0256
