Location: Dedata_9.png_Mean-Medain.png
Component: component_1755521955888_261.png
centerX: 0.06854838709677419
centerY: 0.512111712738672
width: 0.028225806451612902
height: 0.025933314334568254
Area: 0.00031095156234199617
CentroidX: 0.0840
CentroidY: 0.5256
