Location: internet_14.png_Mean-Medain.png
Component: component_1755088178223_310.png
centerX: 0.31519548569125355
centerY: 0.6524094667807243
width: 0.026199113260781944
height: 0.02281151981750784
Area: 0.00020859990159601336
CentroidX: 0.3289
CentroidY: 0.6656
