Location: Dedata_9.png_Gaussian-Closing.png
Component: component_1755521955570_265.png
centerX: 0.11814516129032258
centerY: 0.5143915645483044
width: 0.028225806451612902
height: 0.024793388429752067
Area: 0.00030014984509877827
CentroidX: 0.1340
CentroidY: 0.5267
