Location: Dedata_9.png_Gaussian-Median.png
Component: component_1755521956187_302.png
centerX: 0.25040322580645163
centerY: 0.5517241379310345
width: 0.028225806451612902
height: 0.024508406953548018
Area: 0.0002594710376083619
CentroidX: 0.2653
CentroidY: 0.5639
