Location: internet_14.png_Gaussian-Median.png
Component: component_1755088177483_118.png
centerX: 0.9032648125755743
centerY: 0.22070145423438836
width: 0.026199113260781944
height: 0.026518391787852865
Area: 0.00024652715643165216
CentroidX: 0.9166
CentroidY: 0.2355
