Location: Dedata_9.png_Gaussian-Closing.png
Component: component_1755521955545_151.png
centerX: 0.17943548387096775
centerY: 0.29438586491878027
width: 0.02217741935483871
height: 0.024793388429752067
Area: 0.00021637908052105645
CentroidX: 0.1917
CentroidY: 0.3076
