Location: Dedata_9.png_Gaussian-Closing.png
Component: component_1755521955563_232.png
centerX: 0.4975806451612903
centerY: 0.43573667711598746
width: 0.027016129032258064
height: 0.025933314334568254
Area: 0.0002707324023938444
CentroidX: 0.5117
CentroidY: 0.4473
