Location: internet_14.png_Mean-Closing.png
Component: component_1755088177895_84.png
centerX: 0.547359935509875
centerY: 0.14399771884801824
width: 0.02781136638452237
height: 0.021100655831194755
Area: 0.0002560664356781916
CentroidX: 0.5611
CentroidY: 0.1549
