Location: internet_14.png_Gaussian-Median.png
Component: component_1755088177482_109.png
centerX: 0.365981459089077
centerY: 0.1853435985172512
width: 0.028617492946392584
height: 0.019389791844881665
Area: 0.00023331008277680833
CentroidX: 0.3805
CentroidY: 0.1954
