Location: internet_14.png_Gaussian-Closing.png
Component: component_1755088178042_188.png
centerX: 0.1946795646916566
centerY: 0.3723980610208155
width: 0.030632809351068116
height: 0.024522383803820928
Area: 0.00022227669955189524
CentroidX: 0.2096
CentroidY: 0.3874
