Location: internet_14.png_Gaussian-Closing.png
Component: component_1755088178061_253.png
centerX: 0.20918984280532044
centerY: 0.5232392358140862
width: 0.025796049979846837
height: 0.022526375819788995
Area: 0.00018090151245847108
CentroidX: 0.2214
CentroidY: 0.5364
