Location: Dedata_9.png_Mean-Medain.png
Component: component_1755521955900_286.png
centerX: 0.572983870967742
centerY: 0.5497292675976062
width: 0.022983870967741935
height: 0.022798518096323737
Area: 0.00023051324244569265
CentroidX: 0.5852
CentroidY: 0.5630
