Location: internet_14.png_Mean-Medain.png
Component: component_1755088178224_317.png
centerX: 0.004030632809351068
centerY: 0.6606786427145709
width: 0.021362353889560662
height: 0.021670943826632448
Area: 0.00018251054751210424
CentroidX: 0.0151
CentroidY: 0.6727
