Location: Dedata_9.png_Gaussian-Closing.png
Component: component_1755521955560_220.png
centerX: 0.35524193548387095
centerY: 0.4306070105443146
width: 0.024596774193548387
height: 0.023083499572527786
Area: 0.00019512038169131908
CentroidX: 0.3685
CentroidY: 0.4436
