Location: internet_14.png_Mean-Medain.png
Component: component_1755088178216_273.png
centerX: 0.15517936316001613
centerY: 0.568577131451383
width: 0.027005239822652155
height: 0.019389791844881665
Area: 0.00020963428127334898
CentroidX: 0.1690
CentroidY: 0.5789
