Location: internet_14.png_Mean-Medain.png
Component: component_1755088178232_351.png
centerX: 0.5316404675534059
centerY: 0.737382378100941
width: 0.03426037887948408
height: 0.023666951810664385
Area: 0.0002690536471825164
CentroidX: 0.5503
CentroidY: 0.7497
