Location: internet_14.png_Gaussian-Closing.png
Component: component_1755088178020_82.png
centerX: 0.5977428456267634
centerY: 0.14285714285714285
width: 0.02539298669891173
height: 0.021956087824351298
Area: 0.0002089446948217919
CentroidX: 0.6101
CentroidY: 0.1550
