Location: Dedata_9.png_Gaussian-Median.png
Component: component_1755521956192_327.png
centerX: 0.2221774193548387
centerY: 0.5930464519806212
width: 0.03064516129032258
height: 0.0262182958107723
Area: 0.00033083131854493974
CentroidX: 0.2395
CentroidY: 0.6072
