Location: Dedata_9.png_Gaussian-Closing.png
Component: component_1755521955518_27.png
centerX: 0.894758064516129
centerY: 0.03305785123966942
width: 0.028225806451612902
height: 0.0219435736677116
Area: 0.00029865599058641833
CentroidX: 0.9089
CentroidY: 0.0448
