Location: internet_14.png_Gaussian-Closing.png
Component: component_1755088178079_323.png
centerX: 0.6839983877468763
centerY: 0.6877673224978614
width: 0.026602176541717048
height: 0.02566295979469632
Area: 0.00020549676256400654
CentroidX: 0.6953
CentroidY: 0.7032
