Location: internet_14.png_Gaussian-Median.png
Component: component_1755088177639_239.png
centerX: 0.7803305118903668
centerY: 0.45708582834331335
width: 0.024989923417976623
height: 0.022526375819788995
Area: 0.00017377578579238137
CentroidX: 0.7929
CentroidY: 0.4698
