Location: internet_14.png_Gaussian-Median.png
Component: component_1755088177616_198.png
centerX: 0.5646916565900847
centerY: 0.36840604505275165
width: 0.02781136638452237
height: 0.026518391787852865
Area: 0.00022446038998182594
CentroidX: 0.5769
CentroidY: 0.3841
