Location: Dedata_9.png_Gaussian-Closing.png
Component: component_1755521955568_257.png
centerX: 0.06854838709677419
centerY: 0.512111712738672
width: 0.028225806451612902
height: 0.025933314334568254
Area: 0.00029555336967613236
CentroidX: 0.0839
CentroidY: 0.5255
