Location: internet_14.png_Mean-Medain.png
Component: component_1755088178233_361.png
centerX: 0.053204353083434096
centerY: 0.7485029940119761
width: 0.036275695284159616
height: 0.021956087824351298
Area: 0.00023733267041089123
CentroidX: 0.0734
CentroidY: 0.7605
