Location: internet_14.png_Mean-Closing.png
Component: component_1755088177924_240.png
centerX: 0.7658202337767029
centerY: 0.5129740518962076
width: 0.03305118903667876
height: 0.019674935842600515
Area: 0.00024618236320587364
CentroidX: 0.7845
CentroidY: 0.5219
