Location: Dedata_9.png_Mean-Medain.png
Component: component_1755521955857_169.png
centerX: 0.5923387096774193
centerY: 0.3000854944428612
width: 0.028225806451612902
height: 0.024793388429752067
Area: 0.00027211134502063816
CentroidX: 0.6078
CentroidY: 0.3118
