Location: Dedata_9.png_Gaussian-Median.png
Component: component_1755521956168_204.png
centerX: 0.21653225806451612
centerY: 0.3858649187802793
width: 0.02943548387096774
height: 0.02336848104873183
Area: 0.00023166236130135412
CentroidX: 0.2346
CentroidY: 0.3983
