Location: Dedata_9.png_Gaussian-Median.png
Component: component_1755521956178_254.png
centerX: 0.46733870967741936
centerY: 0.4781989170703904
width: 0.027419354838709678
height: 0.024793388429752067
Area: 0.00028590077128857593
CentroidX: 0.4815
CentroidY: 0.4919
