Location: internet_14.png_Mean-Closing.png
Component: component_1755088177949_373.png
centerX: 0.06166868198307134
centerY: 0.7907043056743656
width: 0.03184199919387344
height: 0.019104647847162818
Area: 0.00023963129191608147
CentroidX: 0.0781
CentroidY: 0.8012
