Location: Dedata_9.png_Gaussian-Closing.png
Component: component_1755521955579_296.png
centerX: 0.7899193548387097
centerY: 0.5559988600740952
width: 0.03387096774193549
height: 0.02336848104873183
Area: 0.0003086533246306732
CentroidX: 0.8094
CentroidY: 0.5675
