Location: Dedata_9.png_Mean-Medain.png
Component: component_1755521955866_202.png
centerX: 0.2661290322580645
centerY: 0.3867198632088914
width: 0.03225806451612903
height: 0.022228555143915644
Area: 0.0002445324924847627
CentroidX: 0.2859
CentroidY: 0.3979
