Location: internet_14.png_Mean-Medain.png
Component: component_1755088178205_215.png
centerX: 0.9085046352277307
centerY: 0.45052751639577987
width: 0.024989923417976623
height: 0.024522383803820928
Area: 0.00017504002762023602
CentroidX: 0.9212
CentroidY: 0.4653
