Location: internet_14.png_Gaussian-Median.png
Component: component_1755088177767_340.png
centerX: 0.004030632809351068
centerY: 0.6606786427145709
width: 0.021362353889560662
height: 0.021670943826632448
Area: 0.00016665005912629166
CentroidX: 0.0151
CentroidY: 0.6727
