Location: internet_14.png_Gaussian-Median.png
Component: component_1755088177464_17.png
centerX: 0.7525191455058444
centerY: 0.013401767892785858
width: 0.02902055622732769
height: 0.02423723980610208
Area: 0.00027847799535379636
CentroidX: 0.7662
CentroidY: 0.0271
