Location: internet_14.png_Mean-Medain.png
Component: component_1755088178234_368.png
centerX: 0.35106811769447804
centerY: 0.7750213857998289
width: 0.026199113260781944
height: 0.023666951810664385
Area: 0.00025020495083995654
CentroidX: 0.3624
CentroidY: 0.7893
