Location: internet_14.png_Mean-Medain.png
Component: component_1755088178181_84.png
centerX: 0.4538492543329303
centerY: 0.1437125748502994
width: 0.024989923417976623
height: 0.022526375819788995
Area: 0.00022216176847663572
CentroidX: 0.4668
CentroidY: 0.1562
