Location: internet_14.png_Mean-Medain.png
Component: component_1755088178195_167.png
centerX: 0.19347037484885127
centerY: 0.32934131736526945
width: 0.03184199919387344
height: 0.022241231822070145
Area: 0.0002616980583659077
CentroidX: 0.2105
CentroidY: 0.3428
