Location: internet_14.png_Mean-Medain.png
Component: component_1755088178209_236.png
centerX: 0.8625554212011286
centerY: 0.5061305959509552
width: 0.022974607013301087
height: 0.02281151981750784
Area: 0.00019538282794116953
CentroidX: 0.8746
CentroidY: 0.5189
