Location: Dedata_9.png_Mean-Medain.png
Component: component_1755521955831_120.png
centerX: 0.5560483870967742
centerY: 0.20746651467654603
width: 0.031451612903225803
height: 0.0219435736677116
Area: 0.000284406916776216
CentroidX: 0.5745
CentroidY: 0.2193
