Location: Dedata_9.png_Mean-Medain.png
Component: component_1755521955936_388.png
centerX: 0.06129032258064516
centerY: 0.7289826161299515
width: 0.03467741935483871
height: 0.027643203191792535
Area: 0.00037553204203017126
CentroidX: 0.0811
CentroidY: 0.7420
