Location: Dedata_9.png_Gaussian-Median.png
Component: component_1755521956137_54.png
centerX: 0.667741935483871
centerY: 0.07352522086064406
width: 0.03387096774193549
height: 0.018808777429467086
Area: 0.0003297971115748444
CentroidX: 0.6857
CentroidY: 0.0834
