Location: internet_14.png_Gaussian-Closing.png
Component: component_1755088178088_343.png
centerX: 0.6626360338573156
centerY: 0.7333903621328771
width: 0.03426037887948408
height: 0.025092671799258625
Area: 0.0002189436983693694
CentroidX: 0.6814
CentroidY: 0.7466
