Location: Dedata_9.png_Mean-Closing.png
Component: component_1755521956002_70.png
centerX: 0.6838709677419355
centerY: 0.11912225705329153
width: 0.024193548387096774
height: 0.024508406953548018
Area: 0.00026981310730931523
CentroidX: 0.6960
CentroidY: 0.1334
