Location: internet_14.png_Mean-Closing.png
Component: component_1755088177888_45.png
centerX: 0.9439742039500202
centerY: 0.08782435129740519
width: 0.030632809351068116
height: 0.025092671799258625
Area: 0.0002736508901928969
CentroidX: 0.9596
CentroidY: 0.1023
