Location: Dedata_9.png_Mean-Closing.png
Component: component_1755521956020_160.png
centerX: 0.3649193548387097
centerY: 0.29866058706184095
width: 0.028629032258064516
height: 0.025933314334568254
Area: 0.0002718815212495059
CentroidX: 0.3818
CentroidY: 0.3113
