Location: Dedata_9.png_Mean-Closing.png
Component: component_1755521955991_14.png
centerX: 0.41008064516129034
centerY: 0.005984611000284981
width: 0.024596774193548387
height: 0.021373610715303505
Area: 0.0002776271155278133
CentroidX: 0.4213
CentroidY: 0.0187
