Location: Dedata_9.png_Mean-Medain.png
Component: component_1755521955812_79.png
centerX: 0.10927419354838709
centerY: 0.12168709033912796
width: 0.03508064516129032
height: 0.021658592191507554
Area: 0.0003743829231745098
CentroidX: 0.1276
CentroidY: 0.1323
