Location: Dedata_9.png_Gaussian-Median.png
Component: component_1755521956136_52.png
centerX: 0.7201612903225807
centerY: 0.07267027643203192
width: 0.034274193548387094
height: 0.01909375890567113
Area: 0.0003343935869974903
CentroidX: 0.7391
CentroidY: 0.0822
