Location: internet_14.png_Gaussian-Median.png
Component: component_1755088177613_192.png
centerX: 0.8931882305521966
centerY: 0.360136869118905
width: 0.029423619508262798
height: 0.02480752780153978
Area: 0.00021756452546625526
CentroidX: 0.9093
CentroidY: 0.3744
