Location: internet_14.png_Mean-Closing.png
Component: component_1755088177939_317.png
centerX: 0.48286981056025796
centerY: 0.6900484744796122
width: 0.03143893591293833
height: 0.020530367835757058
Area: 0.0002020488303062212
CentroidX: 0.5000
CentroidY: 0.7010
