Location: Dedata_9.png_Mean-Medain.png
Component: component_1755521955861_181.png
centerX: 0.28911290322580646
centerY: 0.3485323453975492
width: 0.03346774193548387
height: 0.024508406953548018
Area: 0.00023798251500749225
CentroidX: 0.3083
CentroidY: 0.3617
