Location: internet_14.png_Mean-Medain.png
Component: component_1755088178167_10.png
centerX: 0.6005642885933091
centerY: 0.011690903906472769
width: 0.03143893591293833
height: 0.026518391787852865
Area: 0.00031249759363061175
CentroidX: 0.6164
CentroidY: 0.0257
