Location: internet_14.png_Gaussian-Median.png
Component: component_1755088177473_55.png
centerX: 0.2418379685610641
centerY: 0.09552323923581409
width: 0.02902055622732769
height: 0.02623324779013402
Area: 0.00025939943686071747
CentroidX: 0.2562
CentroidY: 0.1116
