Location: internet_14.png_Mean-Medain.png
Component: component_1755088178168_17.png
centerX: 0.3349455864570738
centerY: 0.015397775876817793
width: 0.036275695284159616
height: 0.023666951810664385
Area: 0.00033215080749998823
CentroidX: 0.3533
CentroidY: 0.0288
