Location: internet_14.png_Mean-Closing.png
Component: component_1755088177916_194.png
centerX: 0.7291414752116082
centerY: 0.41488451668092385
width: 0.028617492946392584
height: 0.025377815796977475
Area: 0.00025388274524826087
CentroidX: 0.7426
CentroidY: 0.4306
