Location: internet_14.png_Gaussian-Closing.png
Component: component_1755088178007_16.png
centerX: 0.9310761789600968
centerY: 0.014827487881380098
width: 0.023377670294236194
height: 0.027944111776447105
Area: 0.00028342003158995536
CentroidX: 0.9418
CentroidY: 0.0297
