Location: Dedata_9.png_Mean-Medain.png
Component: component_1755521955813_83.png
centerX: 0.5298387096774193
centerY: 0.12225705329153605
width: 0.036290322580645164
height: 0.02365346252493588
Area: 0.0003443909210417452
CentroidX: 0.5513
CentroidY: 0.1334
