Location: Dedata_9.png_Gaussian-Median.png
Component: component_1755521956145_103.png
centerX: 0.175
centerY: 0.16671416357936733
width: 0.02943548387096774
height: 0.023938444001139925
Area: 0.0002965875766462277
CentroidX: 0.1920
CentroidY: 0.1792
