Location: Dedata_9.png_Gaussian-Median.png
Component: component_1755521956184_286.png
centerX: 0.8137096774193548
centerY: 0.518666286691365
width: 0.024596774193548387
height: 0.022798518096323737
Area: 0.0002656762794289339
CentroidX: 0.8257
CentroidY: 0.5314
