Location: Dedata_9.png_Mean-Closing.png
Component: component_1755521956063_360.png
centerX: 0.8887096774193548
centerY: 0.7144485608435451
width: 0.027822580645161292
height: 0.029068110572812767
Area: 0.0002952086340194339
CentroidX: 0.9039
CentroidY: 0.7314
