Location: Dedata_9.png_Mean-Medain.png
Component: component_1755521955844_144.png
centerX: 0.5814516129032258
centerY: 0.2536335138216016
width: 0.032661290322580645
height: 0.022798518096323737
Area: 0.00025567894538467903
CentroidX: 0.6006
CentroidY: 0.2662
