Location: internet_14.png_Gaussian-Median.png
Component: component_1755088177749_321.png
centerX: 0.9415558242644095
centerY: 0.6390076988879384
width: 0.028214429665457477
height: 0.020530367835757058
Area: 0.00025388274524826087
CentroidX: 0.9561
CentroidY: 0.6502
