Location: Dedata_9.png_Mean-Medain.png
Component: component_1755521955837_130.png
centerX: 0.8826612903225807
centerY: 0.24793388429752067
width: 0.021774193548387097
height: 0.02536335138216016
Area: 0.00021063348624274905
CentroidX: 0.8956
CentroidY: 0.2609
