Location: internet_14.png_Gaussian-Median.png
Component: component_1755088177749_322.png
centerX: 0.8569125352680371
centerY: 0.6424294268605646
width: 0.0237807335751713
height: 0.023666951810664385
Area: 0.00018917654987715593
CentroidX: 0.8686
CentroidY: 0.6567
