Location: internet_14.png_Mean-Medain.png
Component: component_1755088178216_272.png
centerX: 0.20515920999596937
centerY: 0.5654405474764757
width: 0.032648125755743655
height: 0.020245223838038208
Area: 0.00024445839707698097
CentroidX: 0.2217
CentroidY: 0.5768
