Location: internet_14.png_Gaussian-Closing.png
Component: component_1755088178071_292.png
centerX: 0.7505038291011689
centerY: 0.6107784431137725
width: 0.029423619508262798
height: 0.016538351867693184
Area: 0.00020515196933822803
CentroidX: 0.7657
CentroidY: 0.6184
