Location: internet_14.png_Gaussian-Median.png
Component: component_1755088177743_301.png
centerX: 0.5417170495767836
centerY: 0.6007984031936128
width: 0.0354695687222894
height: 0.023381807812945538
Area: 0.00023376980707784639
CentroidX: 0.5604
CentroidY: 0.6144
