Location: Dedata_9.png_Mean-Medain.png
Component: component_1755521955816_95.png
centerX: 0.28911290322580646
centerY: 0.1658592191507552
width: 0.038306451612903226
height: 0.022798518096323737
Area: 0.00034795318949429576
CentroidX: 0.3122
CentroidY: 0.1768
