Location: Dedata_9.png_Mean-Closing.png
Component: component_1755521956021_164.png
centerX: 0.5923387096774193
centerY: 0.3000854944428612
width: 0.028225806451612902
height: 0.024793388429752067
Area: 0.0002718815212495059
CentroidX: 0.6078
CentroidY: 0.3118
