Location: internet_14.png_Mean-Medain.png
Component: component_1755088178186_116.png
centerX: 0.5679161628375655
centerY: 0.22412318220701455
width: 0.024586860137041516
height: 0.02480752780153978
Area: 0.00025319315879670384
CentroidX: 0.5808
CentroidY: 0.2368
