Location: internet_14.png_Mean-Closing.png
Component: component_1755088177949_370.png
centerX: 0.20515920999596937
centerY: 0.784145993726832
width: 0.02902055622732769
height: 0.019104647847162818
Area: 0.00022664408041175667
CentroidX: 0.2207
CentroidY: 0.7944
