Location: Dedata_9.png_Gaussian-Closing.png
Component: component_1755521955591_356.png
centerX: 0.7032258064516129
centerY: 0.6728412653177543
width: 0.03064516129032258
height: 0.025933314334568254
Area: 0.0003278436095202199
CentroidX: 0.7202
CentroidY: 0.6860
