Location: internet_14.png_Gaussian-Closing.png
Component: component_1755088178050_222.png
centerX: 0.6316001612253124
centerY: 0.45737097234103224
width: 0.02418379685610641
height: 0.017964071856287425
Area: 0.00015331805439618834
CentroidX: 0.6443
CentroidY: 0.4670
