Location: Dedata_9.png_Gaussian-Median.png
Component: component_1755521956197_355.png
centerX: 0.06733870967741935
centerY: 0.6397834140780849
width: 0.027016129032258064
height: 0.028498147620404674
Area: 0.00031336471193888524
CentroidX: 0.0828
CentroidY: 0.6563
