Location: internet_14.png_Gaussian-Median.png
Component: component_1755088177476_76.png
centerX: 0.24748085449415558
centerY: 0.13857998289136014
width: 0.030632809351068116
height: 0.022526375819788995
Area: 0.00022250656170241426
CentroidX: 0.2638
CentroidY: 0.1508
