Location: Dedata_9.png_Mean-Medain.png
Component: component_1755521955926_358.png
centerX: 0.6536290322580646
centerY: 0.6714163579367342
width: 0.029838709677419355
height: 0.023938444001139925
Area: 0.0003011840520688736
CentroidX: 0.6708
CentroidY: 0.6836
