Location: internet_14.png_Gaussian-Median.png
Component: component_1755088177630_223.png
centerX: 0.577589681580008
centerY: 0.4197319646421443
width: 0.0237807335751713
height: 0.020245223838038208
Area: 0.0002019338992309617
CentroidX: 0.5889
CentroidY: 0.4317
