Location: internet_14.png_Gaussian-Closing.png
Component: component_1755088178059_249.png
centerX: 0.31721080209592906
centerY: 0.5132591958939264
width: 0.027408303103587262
height: 0.023096663815226688
Area: 0.00019641720761850515
CentroidX: 0.3306
CentroidY: 0.5267
