Location: internet_14.png_Mean-Medain.png
Component: component_1755088178187_117.png
centerX: 0.8133817009270455
centerY: 0.22412318220701455
width: 0.023377670294236194
height: 0.023381807812945538
Area: 0.0002208975266487811
CentroidX: 0.8254
CentroidY: 0.2375
