Location: Dedata_9.png_Mean-Medain.png
Component: component_1755521955818_98.png
centerX: 0.6330645161290323
centerY: 0.16614420062695925
width: 0.04032258064516129
height: 0.02365346252493588
Area: 0.00034094356447476073
CentroidX: 0.6568
CentroidY: 0.1784
