Location: internet_14.png_Mean-Closing.png
Component: component_1755088177889_47.png
centerX: 0.8520757758968158
centerY: 0.09210151126318791
width: 0.025796049979846837
height: 0.023381807812945538
Area: 0.0002267590114870162
CentroidX: 0.8637
CentroidY: 0.1059
