Location: Dedata_9.png_Mean-Closing.png
Component: component_1755521956043_267.png
centerX: 0.8516129032258064
centerY: 0.5172413793103449
width: 0.02661290322580645
height: 0.024508406953548018
Area: 0.00028555603563187746
CentroidX: 0.8659
CentroidY: 0.5301
