Location: internet_14.png_Mean-Medain.png
Component: component_1755088178191_142.png
centerX: 0.7629987908101572
centerY: 0.2714570858283433
width: 0.02902055622732769
height: 0.022241231822070145
Area: 0.00021779438761677429
CentroidX: 0.7788
CentroidY: 0.2831
