Location: internet_14.png_Gaussian-Closing.png
Component: component_1755088178026_116.png
centerX: 0.5683192261185006
centerY: 0.22412318220701455
width: 0.0237807335751713
height: 0.024522383803820928
Area: 0.000229862150519023
CentroidX: 0.5807
CentroidY: 0.2367
