Location: internet_14.png_Mean-Medain.png
Component: component_1755088178214_260.png
centerX: 0.9540507859733979
centerY: 0.5517536355859709
width: 0.020959290608625555
height: 0.020815511833475905
Area: 0.0001729712682655648
CentroidX: 0.9652
CentroidY: 0.5632
