Location: Dedata_9.png_Gaussian-Median.png
Component: component_1755521956146_111.png
centerX: 0.47258064516129034
centerY: 0.16899401538899972
width: 0.03508064516129032
height: 0.023938444001139925
Area: 0.00035243475303137553
CentroidX: 0.4915
CentroidY: 0.1800
