Location: internet_14.png_Gaussian-Median.png
Component: component_1755088177778_361.png
centerX: 0.20999596936719064
centerY: 0.7011690903906472
width: 0.032245062474808545
height: 0.017678927858568578
Area: 0.0001907855849307891
CentroidX: 0.2283
CentroidY: 0.7097
