Location: Dedata_9.png_Gaussian-Median.png
Component: component_1755521956198_363.png
centerX: 0.8846774193548387
centerY: 0.6711313764605301
width: 0.027822580645161292
height: 0.02365346252493588
Area: 0.00026820434091138915
CentroidX: 0.9002
CentroidY: 0.6843
