Location: internet_14.png_Mean-Medain.png
Component: component_1755088178183_95.png
centerX: 0.009673518742442563
centerY: 0.18192187054462503
width: 0.024586860137041516
height: 0.023381807812945538
Area: 0.00023434446245414393
CentroidX: 0.0215
CentroidY: 0.1952
