Location: internet_14.png_Mean-Closing.png
Component: component_1755088177887_40.png
centerX: 0.3994357114066909
centerY: 0.05788423153692615
width: 0.026602176541717048
height: 0.02480752780153978
Area: 0.0002813512722352841
CentroidX: 0.4125
CentroidY: 0.0711
