Location: Dedata_9.png_Gaussian-Median.png
Component: component_1755521956151_131.png
centerX: 0.12258064516129032
centerY: 0.21202621829581078
width: 0.0407258064516129
height: 0.021658592191507554
Area: 0.00032359186975427243
CentroidX: 0.1469
CentroidY: 0.2230
