Location: internet_14.png_Mean-Medain.png
Component: component_1755088178181_89.png
centerX: 0.6066102378073358
centerY: 0.17850014257199887
width: 0.02902055622732769
height: 0.02594810379241517
Area: 0.00022618435611071862
CentroidX: 0.6192
CentroidY: 0.1940
