Location: Dedata_9.png_Mean-Closing.png
Component: component_1755521956051_312.png
centerX: 0.2745967741935484
centerY: 0.5930464519806212
width: 0.03024193548387097
height: 0.025648332858364205
Area: 0.00034094356447476073
CentroidX: 0.2912
CentroidY: 0.6076
