Location: Dedata_9.png_Gaussian-Median.png
Component: component_1755521956143_90.png
centerX: 0.31693548387096776
centerY: 0.12282701624394414
width: 0.02943548387096774
height: 0.02536335138216016
Area: 0.0003238216935254047
CentroidX: 0.3326
CentroidY: 0.1364
