Location: Dedata_9.png_Gaussian-Closing.png
Component: component_1755521955516_22.png
centerX: 0.06290322580645161
centerY: 0.011684240524365916
width: 0.03064516129032258
height: 0.022228555143915644
Area: 0.000317041892277002
CentroidX: 0.0775
CentroidY: 0.0241
