Location: internet_14.png_Gaussian-Median.png
Component: component_1755088177812_410.png
centerX: 0.06126561870213623
centerY: 0.7907043056743656
width: 0.032245062474808545
height: 0.019104647847162818
Area: 0.0002289427019169469
CentroidX: 0.0781
CentroidY: 0.8012
