Location: internet_14.png_Gaussian-Closing.png
Component: component_1755088178013_48.png
centerX: 0.8520757758968158
centerY: 0.09210151126318791
width: 0.025796049979846837
height: 0.023381807812945538
Area: 0.00021354193783217236
CentroidX: 0.8637
CentroidY: 0.1057
