Location: internet_14.png_Mean-Medain.png
Component: component_1755088178207_227.png
centerX: 0.37162434502216846
centerY: 0.46506986027944114
width: 0.02902055622732769
height: 0.023381807812945538
Area: 0.00022066766449826207
CentroidX: 0.3864
CentroidY: 0.4792
