Location: internet_14.png_Gaussian-Median.png
Component: component_1755088177783_369.png
centerX: 0.6626360338573156
centerY: 0.7325349301397206
width: 0.03426037887948408
height: 0.02594810379241517
Area: 0.0002339996692283654
CentroidX: 0.6811
CentroidY: 0.7464
