Location: Dedata_9.png_Gaussian-Median.png
Component: component_1755521956147_117.png
centerX: 0.7737903225806452
centerY: 0.20604160729552579
width: 0.029838709677419355
height: 0.021373610715303505
Area: 0.00021545978543652727
CentroidX: 0.7920
CentroidY: 0.2170
