Location: Dedata_9.png_Mean-Closing.png
Component: component_1755521956047_287.png
centerX: 0.25040322580645163
centerY: 0.5517241379310345
width: 0.028225806451612902
height: 0.024508406953548018
Area: 0.00026751486959799225
CentroidX: 0.2654
CentroidY: 0.5640
