Location: internet_14.png_Mean-Closing.png
Component: component_1755088177899_102.png
centerX: 0.6537686416767432
centerY: 0.18363273453093812
width: 0.028214429665457477
height: 0.021670943826632448
Area: 0.0002238857346055284
CentroidX: 0.6683
CentroidY: 0.1948
