Location: internet_14.png_Mean-Medain.png
Component: component_1755088178183_98.png
centerX: 0.40669085046352277
centerY: 0.18277730253778157
width: 0.030229746070133012
height: 0.020815511833475905
Area: 0.00023043680589532054
CentroidX: 0.4234
CentroidY: 0.1935
