Location: internet_14.png_Gaussian-Median.png
Component: component_1755088177492_164.png
centerX: 0.007658202337767029
centerY: 0.2788708297690334
width: 0.022168480451430876
height: 0.023096663815226688
Area: 0.0002167600079394387
CentroidX: 0.0183
CentroidY: 0.2923
