Location: Dedata_9.png_Gaussian-Median.png
Component: component_1755521956177_252.png
centerX: 0.5112903225806451
centerY: 0.47762895411798234
width: 0.031451612903225803
height: 0.023938444001139925
Area: 0.00030198843526783664
CentroidX: 0.5287
CentroidY: 0.4901
