Location: Dedata_9.png_Mean-Closing.png
Component: component_1755521955992_16.png
centerX: 0.5443548387096774
centerY: 0.005699629524080934
width: 0.027822580645161292
height: 0.02108862923909946
Area: 0.0002900375991689572
CentroidX: 0.5576
CentroidY: 0.0184
