Location: internet_14.png_Mean-Medain.png
Component: component_1755088178184_103.png
centerX: 0.7013301088270859
centerY: 0.18363273453093812
width: 0.03990326481257558
height: 0.020530367835757058
Area: 0.00024618236320587364
CentroidX: 0.7223
CentroidY: 0.1949
