Location: internet_14.png_Mean-Medain.png
Component: component_1755088178217_275.png
centerX: 0.1007658202337767
centerY: 0.5734245794126034
width: 0.029423619508262798
height: 0.020245223838038208
Area: 0.00020354293428459486
CentroidX: 0.1163
CentroidY: 0.5847
