Location: Dedata_9.png_Mean-Closing.png
Component: component_1755521955998_41.png
centerX: 0.21008064516129032
centerY: 0.042462239954402965
width: 0.028629032258064516
height: 0.021373610715303505
Area: 0.00028394726923395143
CentroidX: 0.2253
CentroidY: 0.0544
