Location: Dedata_9.png_Mean-Medain.png
Component: component_1755521955930_369.png
centerX: 0.017338709677419354
centerY: 0.6842405243659162
width: 0.025403225806451612
height: 0.029353092049016812
Area: 0.0002863604188308405
CentroidX: 0.0309
CentroidY: 0.7024
