Location: internet_14.png_Mean-Closing.png
Component: component_1755088177931_272.png
centerX: 0.698105602579605
centerY: 0.6030795551753636
width: 0.029423619508262798
height: 0.024522383803820928
Area: 0.00023181597879843468
CentroidX: 0.7125
CentroidY: 0.6178
