Location: Dedata_9.png_Gaussian-Closing.png
Component: component_1755521955522_41.png
centerX: 0.3270161290322581
centerY: 0.04189227700199487
width: 0.028629032258064516
height: 0.019663721858079224
Area: 0.00026992801919488137
CentroidX: 0.3428
CentroidY: 0.0520
