Location: Dedata_9.png_Gaussian-Closing.png
Component: component_1755521955514_11.png
centerX: 0.15725806451612903
centerY: 0.005984611000284981
width: 0.027419354838709678
height: 0.02536335138216016
Area: 0.00030060949264104284
CentroidX: 0.1706
CentroidY: 0.0209
