Location: Dedata_9.png_Gaussian-Closing.png
Component: component_1755521955517_23.png
centerX: 0.10967741935483871
centerY: 0.011684240524365916
width: 0.029838709677419355
height: 0.021373610715303505
Area: 0.0003112962979986946
CentroidX: 0.1228
CentroidY: 0.0242
