Location: internet_14.png_Gaussian-Closing.png
Component: component_1755088178088_344.png
centerX: 0.9326884320838371
centerY: 0.7333903621328771
width: 0.022974607013301087
height: 0.020815511833475905
Area: 0.00021354193783217236
CentroidX: 0.9440
CentroidY: 0.7447
