Location: Dedata_9.png_Gaussian-Closing.png
Component: component_1755521955540_129.png
centerX: 0.9137096774193548
centerY: 0.2487888287261328
width: 0.024193548387096774
height: 0.02336848104873183
Area: 0.00020419842065104478
CentroidX: 0.9269
CentroidY: 0.2621
