Location: Dedata_9.png_Gaussian-Median.png
Component: component_1755521956154_145.png
centerX: 0.6338709677419355
centerY: 0.25334853234539756
width: 0.025
height: 0.022513536620119692
Area: 0.00021155278132727824
CentroidX: 0.6474
CentroidY: 0.2665
