Location: internet_14.png_Mean-Closing.png
Component: component_1755088177942_335.png
centerX: 0.7569528415961306
centerY: 0.7342457941260336
width: 0.026199113260781944
height: 0.021100655831194755
Area: 0.00021641521471366015
CentroidX: 0.7705
CentroidY: 0.7455
