Location: Dedata_9.png_Mean-Medain.png
Component: component_1755521955870_218.png
centerX: 0.40483870967741936
centerY: 0.4288971216870903
width: 0.024596774193548387
height: 0.027643203191792535
Area: 0.0002946340745916032
CentroidX: 0.4183
CentroidY: 0.4431
