Location: internet_14.png_Gaussian-Median.png
Component: component_1755088177474_63.png
centerX: 0.3857315598548972
centerY: 0.09951525520387795
width: 0.030632809351068116
height: 0.02623324779013402
Area: 0.00028261551406313874
CentroidX: 0.4007
CentroidY: 0.1146
