Location: Dedata_9.png_Gaussian-Closing.png
Component: component_1755521955551_179.png
centerX: 0.28911290322580646
centerY: 0.3485323453975492
width: 0.03306451612903226
height: 0.024508406953548018
Area: 0.00022051590840143777
CentroidX: 0.3082
CentroidY: 0.3617
