Location: Dedata_9.png_Gaussian-Closing.png
Component: component_1755521955525_57.png
centerX: 0.20362903225806453
centerY: 0.07694499857509261
width: 0.032661290322580645
height: 0.022513536620119692
Area: 0.00032922255214701366
CentroidX: 0.2215
CentroidY: 0.0889
