Location: internet_14.png_Mean-Medain.png
Component: component_1755088178206_222.png
centerX: 0.5292220878677952
centerY: 0.45879669232962644
width: 0.03667875856509472
height: 0.020245223838038208
Area: 0.00020124431277940462
CentroidX: 0.5496
CentroidY: 0.4700
