Location: internet_14.png_Mean-Medain.png
Component: component_1755088178201_197.png
centerX: 0.819024586860137
centerY: 0.4128885086968919
width: 0.026602176541717048
height: 0.022241231822070145
Area: 0.0001730861993408243
CentroidX: 0.8337
CentroidY: 0.4260
