Location: Dedata_9.png_Gaussian-Closing.png
Component: component_1755521955569_262.png
centerX: 0.2657258064516129
centerY: 0.5138216015958963
width: 0.027822580645161292
height: 0.025078369905956112
Area: 0.00029440425082047085
CentroidX: 0.2800
CentroidY: 0.5261
