Location: Dedata_9.png_Mean-Closing.png
Component: component_1755521956022_168.png
centerX: 0.7548387096774194
centerY: 0.30065545739526933
width: 0.024193548387096774
height: 0.02336848104873183
Area: 0.00021419575469529964
CentroidX: 0.7684
CentroidY: 0.3134
