Location: internet_14.png_Gaussian-Median.png
Component: component_1755088177476_75.png
centerX: 0.6481257557436517
centerY: 0.13829483889364128
width: 0.028617492946392584
height: 0.02623324779013402
Area: 0.0002138867310579509
CentroidX: 0.6617
CentroidY: 0.1540
