Location: Dedata_9.png_Gaussian-Median.png
Component: component_1755521956203_388.png
centerX: 0.4229838709677419
centerY: 0.7210031347962382
width: 0.028629032258064516
height: 0.028783129096608722
Area: 0.0003242813410676693
CentroidX: 0.4398
CentroidY: 0.7368
