Location: internet_14.png_Mean-Closing.png
Component: component_1755088177945_354.png
centerX: 0.8585247883917775
centerY: 0.7715996578272027
width: 0.02539298669891173
height: 0.020245223838038208
Area: 0.00019975020880103097
CentroidX: 0.8714
CentroidY: 0.7834
