Location: Dedata_9.png_Gaussian-Median.png
Component: component_1755521956158_156.png
centerX: 0.17943548387096775
centerY: 0.29438586491878027
width: 0.02217741935483871
height: 0.024793388429752067
Area: 0.0002162641686354903
CentroidX: 0.1917
CentroidY: 0.3076
