Location: Dedata_9.png_Gaussian-Median.png
Component: component_1755521956131_21.png
centerX: 0.20161290322580644
centerY: 0.009404388714733543
width: 0.03387096774193549
height: 0.022228555143915644
Area: 0.00031842083490379576
CentroidX: 0.2186
CentroidY: 0.0228
