Location: internet_14.png_Mean-Medain.png
Component: component_1755088178194_160.png
centerX: 0.5671100362756953
centerY: 0.32078699743370404
width: 0.024586860137041516
height: 0.0213857998289136
Area: 0.00020331307213407584
CentroidX: 0.5797
CentroidY: 0.3326
