Location: Dedata_9.png_Mean-Medain.png
Component: component_1755521955931_373.png
centerX: 0.6608870967741935
centerY: 0.7175833570817897
width: 0.03225806451612903
height: 0.030208036477628954
Area: 0.0003559970214839261
CentroidX: 0.6775
CentroidY: 0.7358
