Location: Dedata_9.png_Gaussian-Closing.png
Component: component_1755521955558_213.png
centerX: 0.959274193548387
centerY: 0.3912795668281562
width: 0.021370967741935483
height: 0.026788258763180393
Area: 0.00020167035916858952
CentroidX: 0.9709
CentroidY: 0.4067
