Location: Dedata_9.png_Gaussian-Median.png
Component: component_1755521956145_102.png
centerX: 0.9209677419354839
centerY: 0.16614420062695925
width: 0.03185483870967742
height: 0.021658592191507554
Area: 0.0002942893389349047
CentroidX: 0.9387
CentroidY: 0.1771
