Location: Dedata_9.png_Gaussian-Median.png
Component: component_1755521956130_17.png
centerX: 0.01935483870967742
centerY: 0.006839555428897122
width: 0.028225806451612902
height: 0.028783129096608722
Area: 0.0003549628145138308
CentroidX: 0.0325
CentroidY: 0.0228
