Location: internet_14.png_Mean-Closing.png
Component: component_1755088177906_141.png
centerX: 0.5723498589278516
centerY: 0.2763045337895637
width: 0.02902055622732769
height: 0.020530367835757058
Area: 0.00023629829073355563
CentroidX: 0.5872
CentroidY: 0.2873
