Location: internet_14.png_Mean-Closing.png
Component: component_1755088177880_4.png
centerX: 0.05965336557839581
centerY: 0.010550327915597377
width: 0.031035872632003223
height: 0.02423723980610208
Area: 0.00034272446642386327
CentroidX: 0.0748
CentroidY: 0.0241
