Location: Dedata_9.png_Mean-Medain.png
Component: component_1755521955801_57.png
centerX: 0.569758064516129
centerY: 0.07609005414648048
width: 0.03225806451612903
height: 0.02080364776289541
Area: 0.00031807609924709734
CentroidX: 0.5877
CentroidY: 0.0874
