Location: Dedata_9.png_Gaussian-Closing.png
Component: component_1755521955588_343.png
centerX: 0.06733870967741935
centerY: 0.6397834140780849
width: 0.027016129032258064
height: 0.02821316614420063
Area: 0.0003130199762821868
CentroidX: 0.0828
CentroidY: 0.6563
