Location: Dedata_9.png_Gaussian-Closing.png
Component: component_1755521955526_63.png
centerX: 0.307258064516129
centerY: 0.07950983186092904
width: 0.03588709677419355
height: 0.021373610715303505
Area: 0.00036208735141893196
CentroidX: 0.3268
CentroidY: 0.0901
