Location: internet_14.png_Gaussian-Closing.png
Component: component_1755088178042_191.png
centerX: 0.4675534058847239
centerY: 0.37439406900484745
width: 0.027005239822652155
height: 0.018249215854006275
Area: 0.00018251054751210424
CentroidX: 0.4812
CentroidY: 0.3841
