Location: Dedata_9.png_Gaussian-Closing.png
Component: component_1755521955583_317.png
centerX: 0.2745967741935484
centerY: 0.5930464519806212
width: 0.03024193548387097
height: 0.02536335138216016
Area: 0.0003225576627841771
CentroidX: 0.2910
CentroidY: 0.6075
