Location: internet_14.png_Gaussian-Closing.png
Component: component_1755088178050_223.png
centerX: 0.7803305118903668
centerY: 0.45737097234103224
width: 0.024989923417976623
height: 0.022241231822070145
Area: 0.0001719368885882292
CentroidX: 0.7929
CentroidY: 0.4698
