Location: internet_14.png_Gaussian-Median.png
Component: component_1755088177741_296.png
centerX: 0.15517936316001613
centerY: 0.568577131451383
width: 0.026602176541717048
height: 0.019389791844881665
Area: 0.0001949231036401315
CentroidX: 0.1690
CentroidY: 0.5788
