Location: Dedata_9.png_Mean-Closing.png
Component: component_1755521956026_191.png
centerX: 0.021370967741935483
centerY: 0.3850099743516671
width: 0.027822580645161292
height: 0.02821316614420063
Area: 0.00023717813180852923
CentroidX: 0.0368
CentroidY: 0.4016
