Location: Dedata_9.png_Gaussian-Median.png
Component: component_1755521956199_369.png
centerX: 0.7528225806451613
centerY: 0.6725562838415503
width: 0.02661290322580645
height: 0.026788258763180393
Area: 0.00029601301721839693
CentroidX: 0.7672
CentroidY: 0.6859
