Location: internet_14.png_Mean-Medain.png
Component: component_1755088178172_39.png
centerX: 0.3091495364772269
centerY: 0.057028799543769604
width: 0.028214429665457477
height: 0.02423723980610208
Area: 0.00024445839707698097
CentroidX: 0.3235
CentroidY: 0.0700
