Location: Dedata_9.png_Mean-Medain.png
Component: component_1755521955892_268.png
centerX: 0.43911290322580643
centerY: 0.5135366201196923
width: 0.027822580645161292
height: 0.025648332858364205
Area: 0.0003079638533172763
CentroidX: 0.4548
CentroidY: 0.5284
