Location: Dedata_9.png_Mean-Medain.png
Component: component_1755521955832_121.png
centerX: 0.3524193548387097
centerY: 0.20832145910515817
width: 0.031451612903225803
height: 0.02365346252493588
Area: 0.00029681740041735997
CentroidX: 0.3706
CentroidY: 0.2209
