Location: Dedata_9.png_Gaussian-Closing.png
Component: component_1755521955590_352.png
centerX: 0.3495967741935484
centerY: 0.6714163579367342
width: 0.027016129032258064
height: 0.0262182958107723
Area: 0.0002985410787008522
CentroidX: 0.3645
CentroidY: 0.6857
