Location: Dedata_9.png_Gaussian-Closing.png
Component: component_1755521955554_192.png
centerX: 0.8846774193548387
centerY: 0.3510971786833856
width: 0.022983870967741935
height: 0.024223425477343973
Area: 0.00021545978543652727
CentroidX: 0.8973
CentroidY: 0.3637
