Location: Dedata_9.png_Mean-Medain.png
Component: component_1755521955833_124.png
centerX: 0.5048387096774194
centerY: 0.21003134796238246
width: 0.031048387096774193
height: 0.0219435736677116
Area: 0.0003146287426801129
CentroidX: 0.5224
CentroidY: 0.2214
