Location: Dedata_9.png_Mean-Medain.png
Component: component_1755521955842_140.png
centerX: 0.1778225806451613
centerY: 0.2524935879167854
width: 0.031451612903225803
height: 0.024508406953548018
Area: 0.00027670782044328406
CentroidX: 0.1966
CentroidY: 0.2653
