Location: internet_14.png_Mean-Closing.png
Component: component_1755088177905_134.png
centerX: 0.46473196291817814
centerY: 0.2703165098374679
width: 0.030229746070133012
height: 0.025092671799258625
Area: 0.0002996253132015465
CentroidX: 0.4781
CentroidY: 0.2851
