Location: internet_14.png_Gaussian-Closing.png
Component: component_1755088178025_110.png
centerX: 0.7073760580411125
centerY: 0.22127174222982607
width: 0.03305118903667876
height: 0.02737382378100941
Area: 0.000264916128473174
CentroidX: 0.7243
CentroidY: 0.2368
