Location: internet_14.png_Gaussian-Median.png
Component: component_1755088177649_259.png
centerX: 0.8625554212011286
centerY: 0.5061305959509552
width: 0.02257154373236598
height: 0.02281151981750784
Area: 0.00018515396224307303
CentroidX: 0.8745
CentroidY: 0.5189
