Location: Dedata_9.png_Mean-Closing.png
Component: component_1755521956018_149.png
centerX: 0.014516129032258065
centerY: 0.29495582787118835
width: 0.029838709677419355
height: 0.022513536620119692
Area: 0.00026337804171761096
CentroidX: 0.0316
CentroidY: 0.3061
