Location: Dedata_9.png_Mean-Medain.png
Component: component_1755521955805_67.png
centerX: 0.0125
centerY: 0.08007979481333713
width: 0.024596774193548387
height: 0.025648332858364205
Area: 0.00028233850283602535
CentroidX: 0.0248
CentroidY: 0.0949
