Location: internet_14.png_Gaussian-Closing.png
Component: component_1755088178056_237.png
centerX: 0.010882708585247884
centerY: 0.48132306814941545
width: 0.02257154373236598
height: 0.020815511833475905
Area: 0.00018457930686677546
CentroidX: 0.0224
CentroidY: 0.4930
