Location: internet_14.png_Gaussian-Closing.png
Component: component_1755088178015_55.png
centerX: 0.05280128980249899
centerY: 0.09808953521528371
width: 0.024586860137041516
height: 0.022526375819788995
Area: 0.0002446882592275
CentroidX: 0.0644
CentroidY: 0.1106
