Location: Dedata_9.png_Gaussian-Median.png
Component: component_1755521956193_339.png
centerX: 0.742741935483871
centerY: 0.6272442291251069
width: 0.02379032258064516
height: 0.026788258763180393
Area: 0.00028383235734838523
CentroidX: 0.7558
CentroidY: 0.6416
