Location: internet_14.png_Mean-Closing.png
Component: component_1755088177881_6.png
centerX: 0.554615074566707
centerY: 0.010835471913316224
width: 0.02539298669891173
height: 0.02765896777872826
Area: 0.0002680192675051808
CentroidX: 0.5676
CentroidY: 0.0260
