Location: internet_14.png_Gaussian-Closing.png
Component: component_1755088178057_242.png
centerX: 0.9008464328899637
centerY: 0.5081266039349872
width: 0.0237807335751713
height: 0.019389791844881665
Area: 0.00018526889331833252
CentroidX: 0.9133
CentroidY: 0.5179
