Location: internet_14.png_Gaussian-Closing.png
Component: component_1755088178004_5.png
centerX: 0.15114873035066506
centerY: 0.010265183917878529
width: 0.030632809351068116
height: 0.025377815796977475
Area: 0.0002910054825570831
CentroidX: 0.1656
CentroidY: 0.0248
