Location: Dedata_9.png_Gaussian-Closing.png
Component: component_1755521955525_55.png
centerX: 0.617741935483871
centerY: 0.07523510971786834
width: 0.03185483870967742
height: 0.018808777429467086
Area: 0.00032393660541097085
CentroidX: 0.6347
CentroidY: 0.0849
