Location: internet_14.png_Mean-Medain.png
Component: component_1755088178208_229.png
centerX: 0.15034260378879485
centerY: 0.47362418021100655
width: 0.026602176541717048
height: 0.025092671799258625
Area: 0.00024411360385120242
CentroidX: 0.1628
CentroidY: 0.4883
