Location: internet_14.png_Mean-Closing.png
Component: component_1755088177928_261.png
centerX: 0.4179766223297058
centerY: 0.5583119475335044
width: 0.04030632809351068
height: 0.020245223838038208
Area: 0.00026686995675258567
CentroidX: 0.4410
CentroidY: 0.5676
