Location: internet_14.png_Gaussian-Closing.png
Component: component_1755088178097_361.png
centerX: 0.053204353083434096
centerY: 0.7485029940119761
width: 0.036275695284159616
height: 0.021670943826632448
Area: 0.00021813918084255283
CentroidX: 0.0732
CentroidY: 0.7605
