Location: Dedata_9.png_Mean-Medain.png
Component: component_1755521955892_270.png
centerX: 0.36733870967741933
centerY: 0.5141065830721003
width: 0.024596774193548387
height: 0.026788258763180393
Area: 0.00031049191479973155
CentroidX: 0.3797
CentroidY: 0.5285
