Location: internet_14.png_Gaussian-Median.png
Component: component_1755088177492_165.png
centerX: 0.09915356711003627
centerY: 0.2791559737667522
width: 0.029826682789197905
height: 0.026803535785571715
Area: 0.0002673296810536237
CentroidX: 0.1136
CentroidY: 0.2954
