Location: Dedata_9.png_Mean-Closing.png
Component: component_1755521956015_133.png
centerX: 0.6758064516129032
centerY: 0.2516386434881733
width: 0.024596774193548387
height: 0.025078369905956112
Area: 0.0002378676031219261
CentroidX: 0.6898
CentroidY: 0.2650
