Location: internet_14.png_Gaussian-Median.png
Component: component_1755088177470_45.png
centerX: 0.5433293027005239
centerY: 0.057028799543769604
width: 0.039500201531640466
height: 0.023666951810664385
Area: 0.00026847899180621886
CentroidX: 0.5656
CentroidY: 0.0698
