Location: internet_14.png_Mean-Medain.png
Component: component_1755088178214_262.png
centerX: 0.8270858524788391
centerY: 0.5540347875677217
width: 0.0237807335751713
height: 0.01996007984031936
Area: 0.00018664806622144668
CentroidX: 0.8387
CentroidY: 0.5652
