Location: internet_14.png_Gaussian-Median.png
Component: component_1755088177784_373.png
centerX: 0.573559048770657
centerY: 0.7356715141146278
width: 0.032245062474808545
height: 0.02423723980610208
Area: 0.00023285035847577028
CentroidX: 0.5894
CentroidY: 0.7491
