Location: Dedata_9.png_Gaussian-Closing.png
Component: component_1755521955539_127.png
centerX: 0.014112903225806451
centerY: 0.21316614420062696
width: 0.02943548387096774
height: 0.02336848104873183
Area: 0.00029946037378538137
CentroidX: 0.0310
CentroidY: 0.2246
