Location: internet_14.png_Gaussian-Median.png
Component: component_1755088177476_74.png
centerX: 0.7601773478436115
centerY: 0.13686911890504705
width: 0.025796049979846837
height: 0.021670943826632448
Area: 0.0002020488303062212
CentroidX: 0.7734
CentroidY: 0.1498
