Location: internet_14.png_Mean-Medain.png
Component: component_1755088178192_148.png
centerX: 0.007255139056831923
centerY: 0.2788708297690334
width: 0.02257154373236598
height: 0.023096663815226688
Area: 0.00023710280826037223
CentroidX: 0.0181
CentroidY: 0.2921
