Location: Dedata_9.png_Mean-Medain.png
Component: component_1755521955777_50.png
centerX: 0.8185483870967742
centerY: 0.07096038757480763
width: 0.0375
height: 0.021373610715303505
Area: 0.00037553204203017126
CentroidX: 0.8387
CentroidY: 0.0821
