Location: Dedata_9.png_Gaussian-Median.png
Component: component_1755521956161_170.png
centerX: 0.9399193548387097
centerY: 0.29894556853804505
width: 0.034274193548387094
height: 0.024793388429752067
Area: 0.0002738350233041304
CentroidX: 0.9575
CentroidY: 0.3130
