Location: internet_14.png_Mean-Closing.png
Component: component_1755088177932_279.png
centerX: 0.8335348649738009
centerY: 0.6065012831479898
width: 0.02781136638452237
height: 0.019104647847162818
Area: 0.00016825909417992482
CentroidX: 0.8483
CentroidY: 0.6178
