Location: internet_14.png_Mean-Medain.png
Component: component_1755088178187_123.png
centerX: 0.19871019750100766
centerY: 0.22697462218420303
width: 0.030632809351068116
height: 0.025092671799258625
Area: 0.0002779033399774988
CentroidX: 0.2135
CentroidY: 0.2408
