Location: internet_14.png_Gaussian-Median.png
Component: component_1755088177728_268.png
centerX: 0.7654171704957679
centerY: 0.5129740518962076
width: 0.03345425231761386
height: 0.019389791844881665
Area: 0.00023319515170154882
CentroidX: 0.7845
CentroidY: 0.5219
