Location: Dedata_9.png_Mean-Medain.png
Component: component_1755521955818_100.png
centerX: 0.175
centerY: 0.16671416357936733
width: 0.029838709677419355
height: 0.024223425477343973
Area: 0.0003156629496502082
CentroidX: 0.1921
CentroidY: 0.1793
