Location: internet_14.png_Gaussian-Closing.png
Component: component_1755088178037_159.png
centerX: 0.6211205159209996
centerY: 0.3202167094382663
width: 0.025796049979846837
height: 0.020245223838038208
Area: 0.00020951935019808946
CentroidX: 0.6338
CentroidY: 0.3313
