Location: internet_14.png_Gaussian-Median.png
Component: component_1755088177599_184.png
centerX: 0.3482466747279323
centerY: 0.3290561733675506
width: 0.029423619508262798
height: 0.019389791844881665
Area: 0.00023112639234687763
CentroidX: 0.3629
CentroidY: 0.3387
