Location: internet_14.png_Gaussian-Median.png
Component: component_1755088177734_277.png
centerX: 0.10157194679564692
centerY: 0.5303678357570573
width: 0.025796049979846837
height: 0.021670943826632448
Area: 0.0001771087869749072
CentroidX: 0.1148
CentroidY: 0.5432
