Location: Dedata_9.png_Mean-Closing.png
Component: component_1755521956039_250.png
centerX: 0.8443548387096774
centerY: 0.481903676261043
width: 0.027822580645161292
height: 0.02536335138216016
Area: 0.0003080787652028425
CentroidX: 0.8589
CentroidY: 0.4954
