Location: internet_14.png_Gaussian-Median.png
Component: component_1755088177617_201.png
centerX: 0.147118097541314
centerY: 0.3706871970345024
width: 0.0237807335751713
height: 0.02765896777872826
Area: 0.00022135725094981913
CentroidX: 0.1580
CentroidY: 0.3876
