Location: internet_14.png_Mean-Medain.png
Component: component_1755088178229_340.png
centerX: 0.841193067311568
centerY: 0.7302537781579698
width: 0.03506650544135429
height: 0.02423723980610208
Area: 0.0002829603072889173
CentroidX: 0.8606
CentroidY: 0.7431
