Location: Dedata_9.png_Mean-Medain.png
Component: component_1755521955868_210.png
centerX: 0.36774193548387096
centerY: 0.38928469649472786
width: 0.02379032258064516
height: 0.021658592191507554
Area: 0.0002145404903519981
CentroidX: 0.3811
CentroidY: 0.4009
