Location: Dedata_9.png_Gaussian-Closing.png
Component: component_1755521955584_320.png
centerX: 0.02056451612903226
centerY: 0.5981761185522941
width: 0.02620967741935484
height: 0.029353092049016812
Area: 0.0002792358819257393
CentroidX: 0.0352
CentroidY: 0.6151
