Location: internet_14.png_Gaussian-Closing.png
Component: component_1755088178045_207.png
centerX: 0.41878274889157596
centerY: 0.4185913886512689
width: 0.03345425231761386
height: 0.021670943826632448
Area: 0.00023181597879843468
CentroidX: 0.4367
CentroidY: 0.4311
