Location: Dedata_9.png_Mean-Closing.png
Component: component_1755521956061_352.png
centerX: 0.2536290322580645
centerY: 0.6731262467939584
width: 0.027822580645161292
height: 0.027643203191792535
Area: 0.0003280734332913522
CentroidX: 0.2690
CentroidY: 0.6880
