Location: Dedata_9.png_Mean-Medain.png
Component: component_1755521955873_226.png
centerX: 0.707258064516129
centerY: 0.4317469364491308
width: 0.027016129032258064
height: 0.027358221715588486
Area: 0.00028383235734838523
CentroidX: 0.7215
CentroidY: 0.4474
