Location: Dedata_9.png_Mean-Closing.png
Component: component_1755521956066_373.png
centerX: 0.2584677419354839
centerY: 0.7227130236534626
width: 0.02903225806451613
height: 0.02707324023938444
Area: 0.0003247409886099339
CentroidX: 0.2754
CentroidY: 0.7366
