Location: Dedata_9.png_Gaussian-Closing.png
Component: component_1755521955529_74.png
centerX: 0.8330645161290322
centerY: 0.11997720148190368
width: 0.03669354838709677
height: 0.021658592191507554
Area: 0.00031738662793370044
CentroidX: 0.8551
CentroidY: 0.1301
