Location: Dedata_9.png_Gaussian-Median.png
Component: component_1755521956146_108.png
centerX: 0.6955645161290323
centerY: 0.16728412653177543
width: 0.03306451612903226
height: 0.020518666286691366
Area: 0.0002872797139153697
CentroidX: 0.7143
CentroidY: 0.1780
