Location: Dedata_9.png_Mean-Medain.png
Component: component_1755521955803_62.png
centerX: 0.05120967741935484
centerY: 0.07950983186092904
width: 0.035483870967741936
height: 0.022513536620119692
Area: 0.000330256759117109
CentroidX: 0.0718
CentroidY: 0.0907
