Location: internet_14.png_Gaussian-Median.png
Component: component_1755088177513_178.png
centerX: 0.5159209995969367
centerY: 0.32335329341317365
width: 0.02539298669891173
height: 0.020245223838038208
Area: 0.000190095998479232
CentroidX: 0.5280
CentroidY: 0.3348
