Location: Dedata_9.png_Gaussian-Closing.png
Component: component_1755521955566_246.png
centerX: 0.46733870967741936
centerY: 0.47848389854659445
width: 0.027419354838709678
height: 0.024508406953548018
Area: 0.0002847516524329144
CentroidX: 0.4816
CentroidY: 0.4919
