Location: internet_14.png_Gaussian-Closing.png
Component: component_1755088178049_220.png
centerX: 0.8681983071342201
centerY: 0.45451953236384374
width: 0.027408303103587262
height: 0.021100655831194755
Area: 0.0001741205790181599
CentroidX: 0.8817
CentroidY: 0.4668
