Location: internet_14.png_Mean-Closing.png
Component: component_1755088177925_242.png
centerX: 0.42563482466747277
centerY: 0.5149700598802395
width: 0.027005239822652155
height: 0.020815511833475905
Area: 0.00019952034665051197
CentroidX: 0.4396
CentroidY: 0.5262
