Location: Dedata_9.png_Gaussian-Closing.png
Component: component_1755521955597_382.png
centerX: 0.11612903225806452
centerY: 0.7264177828441152
width: 0.028225806451612902
height: 0.027643203191792535
Area: 0.0002925656606514125
CentroidX: 0.1311
CentroidY: 0.7422
