Location: Dedata_9.png_Mean-Closing.png
Component: component_1755521955990_8.png
centerX: 0.864516129032258
centerY: 0.003989740666856654
width: 0.02620967741935484
height: 0.02108862923909946
Area: 0.00026556136754336774
CentroidX: 0.8767
CentroidY: 0.0160
