Location: Dedata_9.png_Gaussian-Closing.png
Component: component_1755521955580_304.png
centerX: 0.5274193548387097
centerY: 0.5879167854089484
width: 0.03467741935483871
height: 0.024223425477343973
Area: 0.00033967953373353313
CentroidX: 0.5479
CentroidY: 0.5999
