Location: internet_14.png_Gaussian-Median.png
Component: component_1755088177616_199.png
centerX: 0.6670697299476017
centerY: 0.36840604505275165
width: 0.028214429665457477
height: 0.023666951810664385
Area: 0.00023032187482006103
CentroidX: 0.6806
CentroidY: 0.3817
