Location: Dedata_9.png_Gaussian-Median.png
Component: component_1755521956159_164.png
centerX: 0.635483870967742
centerY: 0.29780564263322884
width: 0.02338709677419355
height: 0.027358221715588486
Area: 0.00019937212145726657
CentroidX: 0.6474
CentroidY: 0.3132
