Location: internet_14.png_Mean-Closing.png
Component: component_1755088177949_369.png
centerX: 0.1592099959693672
centerY: 0.784145993726832
width: 0.029423619508262798
height: 0.02281151981750784
Area: 0.000275030063096011
CentroidX: 0.1733
CentroidY: 0.7969
