Location: Dedata_9.png_Mean-Closing.png
Component: component_1755521956024_182.png
centerX: 0.5790322580645161
centerY: 0.34995725277856937
width: 0.022983870967741935
height: 0.01909375890567113
Area: 0.00018397392879140276
CentroidX: 0.5910
CentroidY: 0.3593
