Location: internet_14.png_Gaussian-Closing.png
Component: component_1755088178096_360.png
centerX: 0.017331721080209594
centerY: 0.7476475620188195
width: 0.022974607013301087
height: 0.023096663815226688
Area: 0.00019446337933909345
CentroidX: 0.0278
CentroidY: 0.7611
