Location: Dedata_9.png_Gaussian-Median.png
Component: component_1755521956136_50.png
centerX: 0.8185483870967742
centerY: 0.07096038757480763
width: 0.037096774193548385
height: 0.021373610715303505
Area: 0.0003595592899364767
CentroidX: 0.8386
CentroidY: 0.0820
