Location: internet_14.png_Gaussian-Median.png
Component: component_1755088177776_349.png
centerX: 0.48286981056025796
centerY: 0.6900484744796122
width: 0.031035872632003223
height: 0.020530367835757058
Area: 0.00018434944471625643
CentroidX: 0.4996
CentroidY: 0.7005
