Location: Dedata_9.png_Gaussian-Median.png
Component: component_1755521956166_189.png
centerX: 0.5346774193548387
centerY: 0.35024223425477347
width: 0.025806451612903226
height: 0.018238814477058992
Area: 0.0001634047012750623
CentroidX: 0.5501
CentroidY: 0.3589
