Location: internet_14.png_Gaussian-Median.png
Component: component_1755088177484_124.png
centerX: 0.5679161628375655
centerY: 0.22412318220701455
width: 0.02418379685610641
height: 0.024522383803820928
Area: 0.00023078159912109908
CentroidX: 0.5807
CentroidY: 0.2366
