Location: Dedata_9.png_Mean-Closing.png
Component: component_1755521956008_99.png
centerX: 0.010080645161290322
centerY: 0.1669991450555714
width: 0.032661290322580645
height: 0.025078369905956112
Area: 0.0003241664291821032
CentroidX: 0.0284
CentroidY: 0.1808
