Location: internet_14.png_Mean-Closing.png
Component: component_1755088177939_318.png
centerX: 0.5965336557839581
centerY: 0.6900484744796122
width: 0.02257154373236598
height: 0.01996007984031936
Area: 0.00019239461998442226
CentroidX: 0.6079
CentroidY: 0.7013
