Location: Dedata_9.png_Gaussian-Median.png
Component: component_1755521956199_367.png
centerX: 0.9278225806451613
centerY: 0.6719863208891422
width: 0.03064516129032258
height: 0.0219435736677116
Area: 0.0002900375991689572
CentroidX: 0.9452
CentroidY: 0.6825
