Location: internet_14.png_Mean-Closing.png
Component: component_1755088177889_46.png
centerX: 0.7041515517936316
centerY: 0.09210151126318791
width: 0.02781136638452237
height: 0.028229255774165955
Area: 0.0002567560221297487
CentroidX: 0.7183
CentroidY: 0.1094
