Location: Dedata_9.png_Gaussian-Closing.png
Component: component_1755521955550_174.png
centerX: 0.10443548387096774
centerY: 0.3459675121117127
width: 0.02379032258064516
height: 0.021373610715303505
Area: 0.00020936945550152142
CentroidX: 0.1179
CentroidY: 0.3573
