Location: Dedata_9.png_Mean-Closing.png
Component: component_1755521956048_295.png
centerX: 0.8931451612903226
centerY: 0.5579937304075235
width: 0.02338709677419355
height: 0.02536335138216016
Area: 0.00024981843922080546
CentroidX: 0.9051
CentroidY: 0.5728
