Location: Dedata_9.png_Mean-Closing.png
Component: component_1755521956028_203.png
centerX: 0.3681451612903226
centerY: 0.38928469649472786
width: 0.02338709677419355
height: 0.021658592191507554
Area: 0.00021201242886954283
CentroidX: 0.3812
CentroidY: 0.4011
