Location: internet_14.png_Mean-Closing.png
Component: component_1755088177881_11.png
centerX: 0.509471987101975
centerY: 0.01283147989734816
width: 0.02539298669891173
height: 0.025092671799258625
Area: 0.0002619279205164267
CentroidX: 0.5218
CentroidY: 0.0270
