Location: internet_14.png_Mean-Medain.png
Component: component_1755088178211_244.png
centerX: 0.4820636839983877
centerY: 0.5126889078984888
width: 0.030229746070133012
height: 0.02281151981750784
Area: 0.00022940242621798495
CentroidX: 0.4977
CentroidY: 0.5248
