Location: internet_14.png_Mean-Medain.png
Component: component_1755088178203_206.png
centerX: 0.3639661426844015
centerY: 0.42258340461933275
width: 0.03426037887948408
height: 0.016538351867693184
Area: 0.00024055074051815756
CentroidX: 0.3824
CentroidY: 0.4307
