Location: internet_14.png_Mean-Medain.png
Component: component_1755088178202_202.png
centerX: 0.41878274889157596
centerY: 0.4185913886512689
width: 0.03345425231761386
height: 0.021670943826632448
Area: 0.00024848098471106386
CentroidX: 0.4368
CentroidY: 0.4311
