Location: internet_14.png_Mean-Medain.png
Component: component_1755088178185_109.png
centerX: 0.7073760580411125
centerY: 0.2209865982321072
width: 0.03305118903667876
height: 0.02765896777872826
Area: 0.0002907756204065641
CentroidX: 0.7245
CentroidY: 0.2369
