Location: internet_14.png_Gaussian-Closing.png
Component: component_1755088178058_247.png
centerX: 0.4820636839983877
centerY: 0.5126889078984888
width: 0.030229746070133012
height: 0.022526375819788995
Area: 0.00021135824740224163
CentroidX: 0.4978
CentroidY: 0.5248
