Location: Dedata_9.png_Gaussian-Closing.png
Component: component_1755521955582_313.png
centerX: 0.8274193548387097
centerY: 0.591621544599601
width: 0.025403225806451612
height: 0.022228555143915644
Area: 0.00027280081633403506
CentroidX: 0.8416
CentroidY: 0.6047
