Location: Dedata_9.png_Mean-Closing.png
Component: component_1755521956060_346.png
centerX: 0.8846774193548387
centerY: 0.6711313764605301
width: 0.028225806451612902
height: 0.023938444001139925
Area: 0.00028291306226385605
CentroidX: 0.9002
CentroidY: 0.6844
