Location: internet_14.png_Gaussian-Closing.png
Component: component_1755088178012_41.png
centerX: 0.44780330511890365
centerY: 0.0575990875392073
width: 0.029423619508262798
height: 0.024522383803820928
Area: 0.00027847799535379636
CentroidX: 0.4622
CentroidY: 0.0708
