Location: Dedata_9.png_Gaussian-Closing.png
Component: component_1755521955552_183.png
centerX: 0.7975806451612903
centerY: 0.3493872898261613
width: 0.02217741935483871
height: 0.02080364776289541
Area: 0.00015639507625552727
CentroidX: 0.8095
CentroidY: 0.3614
