Location: Dedata_9.png_Gaussian-Median.png
Component: component_1755521956169_208.png
centerX: 0.41330645161290325
centerY: 0.38728982616129953
width: 0.024596774193548387
height: 0.022513536620119692
Area: 0.00021729837560558563
CentroidX: 0.4265
CentroidY: 0.3995
