Location: internet_14.png_Mean-Closing.png
Component: component_1755088177922_228.png
centerX: 0.051189036678758564
centerY: 0.4793270601653835
width: 0.02902055622732769
height: 0.023952095808383235
Area: 0.0002169898700899577
CentroidX: 0.0657
CentroidY: 0.4939
