Location: internet_14.png_Mean-Medain.png
Component: component_1755088178176_62.png
centerX: 0.44095122934300685
centerY: 0.1003706871970345
width: 0.028617492946392584
height: 0.025092671799258625
Area: 0.00027686896030016317
CentroidX: 0.4547
CentroidY: 0.1148
