Location: internet_14.png_Gaussian-Median.png
Component: component_1755088177472_51.png
centerX: 0.8520757758968158
centerY: 0.09210151126318791
width: 0.025796049979846837
height: 0.023381807812945538
Area: 0.00021549576611158404
CentroidX: 0.8637
CentroidY: 0.1057
