Location: internet_14.png_Gaussian-Closing.png
Component: component_1755088178053_228.png
centerX: 0.4860943168077388
centerY: 0.46250356429997147
width: 0.030632809351068116
height: 0.016538351867693184
Area: 0.0001571107798797522
CentroidX: 0.5017
CentroidY: 0.4710
