Location: Dedata_9.png_Gaussian-Median.png
Component: component_1755521956154_143.png
centerX: 0.1778225806451613
centerY: 0.25220860644058135
width: 0.031048387096774193
height: 0.024793388429752067
Area: 0.0002597008613794942
CentroidX: 0.1963
CentroidY: 0.2653
