Location: Dedata_9.png_Mean-Closing.png
Component: component_1755521955993_22.png
centerX: 0.06290322580645161
centerY: 0.011684240524365916
width: 0.03064516129032258
height: 0.022228555143915644
Area: 0.00033393393945522576
CentroidX: 0.0775
CentroidY: 0.0240
