Location: Dedata_9.png_Mean-Medain.png
Component: component_1755521955839_133.png
centerX: 0.8431451612903226
centerY: 0.249928754630949
width: 0.024193548387096774
height: 0.022798518096323737
Area: 0.0002087948960736907
CentroidX: 0.8558
CentroidY: 0.2632
