Location: Dedata_9.png_Gaussian-Median.png
Component: component_1755521956148_121.png
centerX: 0.6104838709677419
centerY: 0.20718153320034197
width: 0.032661290322580645
height: 0.02080364776289541
Area: 0.00029026742294008956
CentroidX: 0.6293
CentroidY: 0.2181
