Location: Dedata_9.png_Mean-Medain.png
Component: component_1755521955705_3.png
centerX: 0.7004032258064516
centerY: 0.002279851809632374
width: 0.02661290322580645
height: 0.021373610715303505
Area: 0.0002702727548515798
CentroidX: 0.7135
CentroidY: 0.0144
