Location: Dedata_9.png_Mean-Medain.png
Component: component_1755521955885_253.png
centerX: 0.6584677419354839
centerY: 0.4799088059276147
width: 0.028225806451612902
height: 0.027358221715588486
Area: 0.0003040568492080273
CentroidX: 0.6731
CentroidY: 0.4951
