Location: internet_14.png_Gaussian-Median.png
Component: component_1755088177644_248.png
centerX: 0.31237404272470776
centerY: 0.4699173082406615
width: 0.032648125755743655
height: 0.021670943826632448
Area: 0.0002529632966461848
CentroidX: 0.3294
CentroidY: 0.4812
