Location: Dedata_9.png_Gaussian-Closing.png
Component: component_1755521955511_3.png
centerX: 0.7411290322580645
centerY: 0.002564833285836421
width: 0.027419354838709678
height: 0.02080364776289541
Area: 0.00025740262366817125
CentroidX: 0.7538
CentroidY: 0.0145
