Location: Dedata_9.png_Gaussian-Closing.png
Component: component_1755521955575_280.png
centerX: 0.6125
centerY: 0.548874323168994
width: 0.02258064516129032
height: 0.022798518096323737
Area: 0.00022580185513748058
CentroidX: 0.6247
CentroidY: 0.5612
