Location: Dedata_9.png_Mean-Closing.png
Component: component_1755521956034_234.png
centerX: 0.06814516129032258
centerY: 0.47306925049871756
width: 0.031451612903225803
height: 0.024793388429752067
Area: 0.00032336204598314015
CentroidX: 0.0856
CentroidY: 0.4862
