Location: internet_14.png_Mean-Medain.png
Component: component_1755088178180_82.png
centerX: 0.10399032648125756
centerY: 0.14314228685486172
width: 0.02902055622732769
height: 0.021100655831194755
Area: 0.0002523886412698872
CentroidX: 0.1186
CentroidY: 0.1541
