Location: internet_14.png_Gaussian-Closing.png
Component: component_1755088178048_217.png
centerX: 0.1539701733172108
centerY: 0.4317080125463359
width: 0.029423619508262798
height: 0.020530367835757058
Area: 0.00022250656170241426
CentroidX: 0.1687
CentroidY: 0.4434
