Location: Dedata_9.png_Mean-Closing.png
Component: component_1755521956021_166.png
centerX: 0.4991935483870968
centerY: 0.30037047591906524
width: 0.03185483870967742
height: 0.024508406953548018
Area: 0.0002449921400270273
CentroidX: 0.5178
CentroidY: 0.3142
