Location: internet_14.png_Gaussian-Median.png
Component: component_1755088177795_396.png
centerX: 0.4788391777509069
centerY: 0.7770173937838608
width: 0.026602176541717048
height: 0.019389791844881665
Area: 0.00017147716428719115
CentroidX: 0.4934
CentroidY: 0.7876
