Location: Dedata_9.png_Mean-Closing.png
Component: component_1755521956029_210.png
centerX: 0.9153225806451613
centerY: 0.3932744371615845
width: 0.02379032258064516
height: 0.024223425477343973
Area: 0.00023396059901267707
CentroidX: 0.9285
CentroidY: 0.4047
