Location: internet_14.png_Gaussian-Closing.png
Component: component_1755088178038_166.png
centerX: 0.007255139056831923
centerY: 0.32877102936983177
width: 0.020556227327690448
height: 0.02480752780153978
Area: 0.0002071057976176397
CentroidX: 0.0172
CentroidY: 0.3427
