Location: internet_14.png_Mean-Closing.png
Component: component_1755088177912_172.png
centerX: 0.8097541313986296
centerY: 0.36241802110065585
width: 0.027408303103587262
height: 0.025377815796977475
Area: 0.00022767846008909227
CentroidX: 0.8235
CentroidY: 0.3777
