Location: Dedata_9.png_Mean-Medain.png
Component: component_1755521955844_143.png
centerX: 0.3883064516129032
centerY: 0.25391849529780564
width: 0.025
height: 0.024508406953548018
Area: 0.00023039833056012648
CentroidX: 0.4023
CentroidY: 0.2680
