Location: internet_14.png_Gaussian-Median.png
Component: component_1755088177598_182.png
centerX: 0.007255139056831923
centerY: 0.32877102936983177
width: 0.020556227327690448
height: 0.02480752780153978
Area: 0.00021043879880016555
CentroidX: 0.0172
CentroidY: 0.3425
