Location: Dedata_9.png_Gaussian-Median.png
Component: component_1755521956191_322.png
centerX: 0.8274193548387097
centerY: 0.591336563123397
width: 0.025403225806451612
height: 0.022798518096323737
Area: 0.00027303064010516734
CentroidX: 0.8417
CentroidY: 0.6046
