Location: internet_14.png_Gaussian-Closing.png
Component: component_1755088178095_359.png
centerX: 0.11124546553808948
centerY: 0.7473624180211007
width: 0.030229746070133012
height: 0.021100655831194755
Area: 0.00020687593546712068
CentroidX: 0.1272
CentroidY: 0.7590
