Location: Dedata_9.png_Mean-Medain.png
Component: component_1755521955865_193.png
centerX: 0.839516129032258
centerY: 0.3505272157309775
width: 0.024596774193548387
height: 0.0219435736677116
Area: 0.00018259498616460897
CentroidX: 0.8536
CentroidY: 0.3622
