Location: internet_14.png_Gaussian-Median.png
Component: component_1755088177807_400.png
centerX: 0.6174929463925837
centerY: 0.7790134017678928
width: 0.029826682789197905
height: 0.01710863986313088
Area: 0.00019641720761850515
CentroidX: 0.6338
CentroidY: 0.7879
