Location: internet_14.png_Mean-Closing.png
Component: component_1755088177905_135.png
centerX: 0.619105199516324
centerY: 0.2711719418306245
width: 0.029826682789197905
height: 0.02480752780153978
Area: 0.00023825211901296734
CentroidX: 0.6345
CentroidY: 0.2850
