Location: Dedata_9.png_Gaussian-Closing.png
Component: component_1755521955543_145.png
centerX: 0.5375
centerY: 0.2542034767740097
width: 0.025403225806451612
height: 0.02365346252493588
Area: 0.00022086064405813622
CentroidX: 0.5516
CentroidY: 0.2681
