Location: internet_14.png_Mean-Medain.png
Component: component_1755088178204_209.png
centerX: 0.009270455461507456
centerY: 0.42600513259195893
width: 0.026199113260781944
height: 0.023381807812945538
Area: 0.00024261949987282877
CentroidX: 0.0211
CentroidY: 0.4396
