Location: internet_14.png_Gaussian-Closing.png
Component: component_1755088178041_184.png
centerX: 0.5163240628778718
centerY: 0.36926147704590817
width: 0.02539298669891173
height: 0.024522383803820928
Area: 0.00020469224503718997
CentroidX: 0.5284
CentroidY: 0.3838
