Location: internet_14.png_Mean-Medain.png
Component: component_1755088178173_44.png
centerX: 0.8976219266424829
centerY: 0.08753920729968634
width: 0.026199113260781944
height: 0.02623324779013402
Area: 0.00026215778266694574
CentroidX: 0.9107
CentroidY: 0.1020
