Location: Dedata_9.png_Mean-Closing.png
Component: component_1755521956064_361.png
centerX: 0.9318548387096774
centerY: 0.7150185237959532
width: 0.02661290322580645
height: 0.02792818466799658
Area: 0.0003029077303523658
CentroidX: 0.9464
CentroidY: 0.7312
