Location: internet_14.png_Gaussian-Median.png
Component: component_1755088177633_229.png
centerX: 0.25312374042724706
centerY: 0.42600513259195893
width: 0.03426037887948408
height: 0.017678927858568578
Area: 0.00022963228836850397
CentroidX: 0.2723
CentroidY: 0.4346
