Location: internet_14.png_Gaussian-Median.png
Component: component_1755088177480_97.png
centerX: 0.9000403063280935
centerY: 0.1804961505560308
width: 0.030229746070133012
height: 0.0213857998289136
Area: 0.00022457532105708546
CentroidX: 0.9171
CentroidY: 0.1911
