Location: Dedata_9.png_Mean-Closing.png
Component: component_1755521956044_277.png
centerX: 0.6504032258064516
centerY: 0.548874323168994
width: 0.03064516129032258
height: 0.02080364776289541
Area: 0.00027935079381130547
CentroidX: 0.6679
CentroidY: 0.5591
