Location: internet_14.png_Mean-Medain.png
Component: component_1755088178177_64.png
centerX: 0.9455864570737605
centerY: 0.12802965497576277
width: 0.028214429665457477
height: 0.02623324779013402
Area: 0.00023457432460466295
CentroidX: 0.9597
CentroidY: 0.1429
