Location: Dedata_9.png_Gaussian-Median.png
Component: component_1755521956141_80.png
centerX: 0.4846774193548387
centerY: 0.12054716443431177
width: 0.027419354838709678
height: 0.026503277286976348
Area: 0.00028980777539782494
CentroidX: 0.5003
CentroidY: 0.1353
