Location: Dedata_9.png_Mean-Closing.png
Component: component_1755521956029_206.png
centerX: 0.7044354838709678
centerY: 0.38928469649472786
width: 0.02379032258064516
height: 0.024793388429752067
Area: 0.00022350361742615762
CentroidX: 0.7180
CentroidY: 0.4036
