Location: Dedata_9.png_Mean-Medain.png
Component: component_1755521955751_13.png
centerX: 0.35161290322580646
centerY: 0.005984611000284981
width: 0.03306451612903226
height: 0.0219435736677116
Area: 0.00032370678163983857
CentroidX: 0.3671
CentroidY: 0.0186
