Location: internet_14.png_Mean-Medain.png
Component: component_1755088178175_55.png
centerX: 0.09915356711003627
centerY: 0.09808953521528371
width: 0.02902055622732769
height: 0.02480752780153978
Area: 0.0002889367232024119
CentroidX: 0.1137
CentroidY: 0.1116
