Location: Dedata_9.png_Gaussian-Median.png
Component: component_1755521956188_309.png
centerX: 0.016935483870967744
centerY: 0.5565688230265032
width: 0.022983870967741935
height: 0.025933314334568254
Area: 0.00022672115022200976
CentroidX: 0.0294
CentroidY: 0.5716
