Location: internet_14.png_Gaussian-Closing.png
Component: component_1755088178062_257.png
centerX: 0.049979846835953246
centerY: 0.5337895637296834
width: 0.032245062474808545
height: 0.017678927858568578
Area: 0.00018883175665137739
CentroidX: 0.0671
CentroidY: 0.5431
