Location: internet_14.png_Mean-Medain.png
Component: component_1755088178211_247.png
centerX: 0.26360338573155984
centerY: 0.5161106358711149
width: 0.027005239822652155
height: 0.025092671799258625
Area: 0.00020066965740310708
CentroidX: 0.2765
CentroidY: 0.5314
