Location: internet_14.png_Gaussian-Closing.png
Component: component_1755088178019_78.png
centerX: 0.7009270455461507
centerY: 0.14086113487311092
width: 0.028214429665457477
height: 0.01996007984031936
Area: 0.00021630028363840063
CentroidX: 0.7168
CentroidY: 0.1506
