Location: Dedata_9.png_Gaussian-Closing.png
Component: component_1755521955531_84.png
centerX: 0.5298387096774193
centerY: 0.12225705329153605
width: 0.03588709677419355
height: 0.02365346252493588
Area: 0.0003261199312367277
CentroidX: 0.5511
CentroidY: 0.1333
