Location: internet_14.png_Gaussian-Closing.png
Component: component_1755088178021_87.png
centerX: 0.25755743651753327
centerY: 0.17764471057884232
width: 0.02418379685610641
height: 0.026803535785571715
Area: 0.00022744859793857324
CentroidX: 0.2688
CentroidY: 0.1934
