Location: internet_14.png_Gaussian-Median.png
Component: component_1755088177473_56.png
centerX: 0.18863361547763
centerY: 0.09637867122897063
width: 0.03143893591293833
height: 0.024522383803820928
Area: 0.0002996253132015465
CentroidX: 0.2037
CentroidY: 0.1102
