Location: internet_14.png_Mean-Medain.png
Component: component_1755088178173_42.png
centerX: 0.44780330511890365
centerY: 0.0575990875392073
width: 0.029423619508262798
height: 0.024522383803820928
Area: 0.00029123534470760213
CentroidX: 0.4622
CentroidY: 0.0708
