Location: internet_14.png_Mean-Medain.png
Component: component_1755088178221_297.png
centerX: 0.0032245062474808546
centerY: 0.6221842030225264
width: 0.023377670294236194
height: 0.01710863986313088
Area: 0.00017756851127594526
CentroidX: 0.0152
CentroidY: 0.6310
