Location: internet_14.png_Gaussian-Closing.png
Component: component_1755088178005_11.png
centerX: 0.509471987101975
centerY: 0.01283147989734816
width: 0.024989923417976623
height: 0.025092671799258625
Area: 0.0002487108468615829
CentroidX: 0.5219
CentroidY: 0.0270
