Location: internet_14.png_Gaussian-Median.png
Component: component_1755088177473_60.png
centerX: 0.14349052801289802
centerY: 0.09808953521528371
width: 0.026199113260781944
height: 0.024522383803820928
Area: 0.00023836705008822685
CentroidX: 0.1568
CentroidY: 0.1117
