Location: internet_14.png_Gaussian-Closing.png
Component: component_1755088178016_58.png
centerX: 0.5953244659411527
centerY: 0.09837467921300257
width: 0.025796049979846837
height: 0.023096663815226688
Area: 0.0002420448444965312
CentroidX: 0.6081
CentroidY: 0.1113
