Location: Dedata_9.png_Gaussian-Median.png
Component: component_1755521956138_60.png
centerX: 0.3604838709677419
centerY: 0.07893986890852095
width: 0.03225806451612903
height: 0.022513536620119692
Area: 0.0003317506136294689
CentroidX: 0.3784
CentroidY: 0.0898
