Location: Dedata_9.png_Mean-Medain.png
Component: component_1755521955906_299.png
centerX: 0.7899193548387097
centerY: 0.5559988600740952
width: 0.03387096774193549
height: 0.02336848104873183
Area: 0.000317041892277002
CentroidX: 0.8096
CentroidY: 0.5676
