Location: internet_14.png_Mean-Medain.png
Component: component_1755088178228_335.png
centerX: 0.20999596936719064
centerY: 0.7011690903906472
width: 0.032245062474808545
height: 0.017964071856287425
Area: 0.00021572562826210307
CentroidX: 0.2281
CentroidY: 0.7097
