Location: Dedata_9.png_Mean-Closing.png
Component: component_1755521956008_97.png
centerX: 0.175
centerY: 0.16671416357936733
width: 0.029838709677419355
height: 0.023938444001139925
Area: 0.00031508839022237746
CentroidX: 0.1921
CentroidY: 0.1793
