Location: Dedata_9.png_Gaussian-Median.png
Component: component_1755521956196_351.png
centerX: 0.26733870967741935
centerY: 0.6312339697919636
width: 0.02620967741935484
height: 0.027358221715588486
Area: 0.00028233850283602535
CentroidX: 0.2817
CentroidY: 0.6473
