Location: Dedata_9.png_Gaussian-Closing.png
Component: component_1755521955530_79.png
centerX: 0.05725806451612903
centerY: 0.12168709033912796
width: 0.0375
height: 0.022228555143915644
Area: 0.0003418628595592899
CentroidX: 0.0794
CentroidY: 0.1317
