Location: internet_14.png_Gaussian-Median.png
Component: component_1755088177467_30.png
centerX: 0.8956066102378073
centerY: 0.0504704875962361
width: 0.024989923417976623
height: 0.02594810379241517
Area: 0.0002767540292249037
CentroidX: 0.9076
CentroidY: 0.0647
