Location: internet_14.png_Mean-Medain.png
Component: component_1755088178234_366.png
centerX: 0.9048770656993148
centerY: 0.7713145138294839
width: 0.024989923417976623
height: 0.020245223838038208
Area: 0.00018756751482352276
CentroidX: 0.9179
CentroidY: 0.7830
