Location: internet_14.png_Mean-Closing.png
Component: component_1755088177944_344.png
centerX: 0.4913341394598952
centerY: 0.7393783860849729
width: 0.029423619508262798
height: 0.022241231822070145
Area: 0.0002511243994420326
CentroidX: 0.5065
CentroidY: 0.7511
