Location: internet_14.png_Mean-Medain.png
Component: component_1755088178177_68.png
centerX: 0.20193470374848851
centerY: 0.1371542629027659
width: 0.025796049979846837
height: 0.02623324779013402
Area: 0.00025916957471019844
CentroidX: 0.2137
CentroidY: 0.1525
