Location: internet_14.png_Mean-Closing.png
Component: component_1755088177937_304.png
centerX: 0.26844014510278114
centerY: 0.6552609067579127
width: 0.030632809351068116
height: 0.01996007984031936
Area: 0.00022135725094981913
CentroidX: 0.2854
CentroidY: 0.6661
