Location: internet_14.png_Mean-Closing.png
Component: component_1755088177911_166.png
centerX: 0.05078597339782346
centerY: 0.33105218135158254
width: 0.02781136638452237
height: 0.023096663815226688
Area: 0.00020020993310206902
CentroidX: 0.0652
CentroidY: 0.3449
