Location: internet_14.png_Mean-Medain.png
Component: component_1755088178224_316.png
centerX: 0.2132204756146715
centerY: 0.6598232107214144
width: 0.03506650544135429
height: 0.018249215854006275
Area: 0.00025457233169981795
CentroidX: 0.2324
CentroidY: 0.6680
