Location: internet_14.png_Mean-Medain.png
Component: component_1755088178218_281.png
centerX: 0.9081015719467956
centerY: 0.6027944111776448
width: 0.02781136638452237
height: 0.0213857998289136
Area: 0.00019733665622058123
CentroidX: 0.9230
CentroidY: 0.6147
