Location: Dedata_9.png_Gaussian-Median.png
Component: component_1755521956152_136.png
centerX: 0.8431451612903226
centerY: 0.249928754630949
width: 0.024193548387096774
height: 0.022513536620119692
Area: 0.00019546511734801753
CentroidX: 0.8558
CentroidY: 0.2631
