Location: Dedata_9.png_Mean-Medain.png
Component: component_1755521955845_145.png
centerX: 0.06491935483870968
centerY: 0.2544884582502137
width: 0.032661290322580645
height: 0.021373610715303505
Area: 0.00025510438595684827
CentroidX: 0.0852
CentroidY: 0.2652
