Location: Dedata_9.png_Mean-Medain.png
Component: component_1755521955842_138.png
centerX: 0.7169354838709677
centerY: 0.2516386434881733
width: 0.02943548387096774
height: 0.022228555143915644
Area: 0.000241659695345609
CentroidX: 0.7355
CentroidY: 0.2612
