Location: Dedata_9.png_Mean-Closing.png
Component: component_1755521956012_119.png
centerX: 0.29758064516129035
centerY: 0.2097463664861784
width: 0.03346774193548387
height: 0.02336848104873183
Area: 0.0003181910111326635
CentroidX: 0.3174
CentroidY: 0.2214
