Location: internet_14.png_Mean-Closing.png
Component: component_1755088177937_308.png
centerX: 0.2132204756146715
centerY: 0.6598232107214144
width: 0.03506650544135429
height: 0.018249215854006275
Area: 0.00025146919266781116
CentroidX: 0.2325
CentroidY: 0.6680
