Location: internet_14.png_Gaussian-Closing.png
Component: component_1755088178035_152.png
centerX: 0.9431680773881499
centerY: 0.31137724550898205
width: 0.024586860137041516
height: 0.02737382378100941
Area: 0.00025422753847403944
CentroidX: 0.9546
CentroidY: 0.3279
