Location: Dedata_9.png_Mean-Closing.png
Component: component_1755521956014_127.png
centerX: 0.9137096774193548
centerY: 0.2487888287261328
width: 0.024596774193548387
height: 0.02365346252493588
Area: 0.0002162641686354903
CentroidX: 0.9269
CentroidY: 0.2621
