Location: Dedata_9.png_Gaussian-Closing.png
Component: component_1755521955533_97.png
centerX: 0.6330645161290323
centerY: 0.16614420062695925
width: 0.04032258064516129
height: 0.02336848104873183
Area: 0.0003218681914707802
CentroidX: 0.6567
CentroidY: 0.1785
