Location: internet_14.png_Mean-Closing.png
Component: component_1755088177938_312.png
centerX: 0.8230552196694881
centerY: 0.682919874536641
width: 0.02902055622732769
height: 0.02623324779013402
Area: 0.00019952034665051197
CentroidX: 0.8382
CentroidY: 0.6983
