Location: Dedata_9.png_Mean-Medain.png
Component: component_1755521955771_40.png
centerX: 0.28830645161290325
centerY: 0.04132231404958678
width: 0.022983870967741935
height: 0.020233684810487318
Area: 0.00023694830803739692
CentroidX: 0.3002
CentroidY: 0.0535
