Location: internet_14.png_Gaussian-Closing.png
Component: component_1755088178022_94.png
centerX: 0.8206368399838775
centerY: 0.18106643855146848
width: 0.02418379685610641
height: 0.021956087824351298
Area: 0.0001729712682655648
CentroidX: 0.8324
CentroidY: 0.1941
