Location: Dedata_9.png_Gaussian-Median.png
Component: component_1755521956187_299.png
centerX: 0.10887096774193548
centerY: 0.5520091194072385
width: 0.025806451612903226
height: 0.024793388429752067
Area: 0.00024683073019608564
CentroidX: 0.1228
CentroidY: 0.5661
