Location: internet_14.png_Gaussian-Median.png
Component: component_1755088177739_286.png
centerX: 0.8698105602579606
centerY: 0.5537496435700029
width: 0.026199113260781944
height: 0.019104647847162818
Area: 0.00017423551009341942
CentroidX: 0.8841
CentroidY: 0.5638
