Location: Dedata_9.png_Mean-Closing.png
Component: component_1755521955997_36.png
centerX: 0.4588709677419355
centerY: 0.04018238814477059
width: 0.028629032258064516
height: 0.020233684810487318
Area: 0.00030233317092453506
CentroidX: 0.4738
CentroidY: 0.0517
