Location: Dedata_9.png_Gaussian-Median.png
Component: component_1755521956179_257.png
centerX: 0.6072580645161291
centerY: 0.48019378740381874
width: 0.032661290322580645
height: 0.024508406953548018
Area: 0.00030256299469566734
CentroidX: 0.6258
CentroidY: 0.4910
