Location: Dedata_9.png_Gaussian-Closing.png
Component: component_1755521955577_289.png
centerX: 0.1536290322580645
centerY: 0.5517241379310345
width: 0.025806451612903226
height: 0.024508406953548018
Area: 0.00024108513591777824
CentroidX: 0.1674
CentroidY: 0.5651
