Location: Dedata_9.png_Mean-Medain.png
Component: component_1755521955864_189.png
centerX: 0.9290322580645162
centerY: 0.34995725277856937
width: 0.02379032258064516
height: 0.025078369905956112
Area: 0.00022580185513748058
CentroidX: 0.9418
CentroidY: 0.3638
