Location: Dedata_9.png_Gaussian-Closing.png
Component: component_1755521955540_131.png
centerX: 0.8431451612903226
centerY: 0.249928754630949
width: 0.024193548387096774
height: 0.022513536620119692
Area: 0.00019569494111914984
CentroidX: 0.8557
CentroidY: 0.2631
