Location: Dedata_9.png_Gaussian-Median.png
Component: component_1755521956156_150.png
centerX: 0.2899193548387097
centerY: 0.2544884582502137
width: 0.021774193548387097
height: 0.025648332858364205
Area: 0.0002224694104560623
CentroidX: 0.3020
CentroidY: 0.2689
