Location: Dedata_9.png_Mean-Medain.png
Component: component_1755521955813_85.png
centerX: 0.780241935483871
centerY: 0.121972071815332
width: 0.037096774193548385
height: 0.022798518096323737
Area: 0.0003266944906645584
CentroidX: 0.8016
CentroidY: 0.1331
