Location: Dedata_9.png_Gaussian-Median.png
Component: component_1755521956202_386.png
centerX: 0.6161290322580645
centerY: 0.7187232829866058
width: 0.029838709677419355
height: 0.029353092049016812
Area: 0.0003031375541234981
CentroidX: 0.6320
CentroidY: 0.7358
