Location: internet_14.png_Mean-Closing.png
Component: component_1755088177915_186.png
centerX: 0.009270455461507456
centerY: 0.3758197889934417
width: 0.02418379685610641
height: 0.023666951810664385
Area: 0.0002238857346055284
CentroidX: 0.0197
CentroidY: 0.3901
