Location: internet_14.png_Mean-Closing.png
Component: component_1755088177925_243.png
centerX: 0.26360338573155984
centerY: 0.5161106358711149
width: 0.027005239822652155
height: 0.025092671799258625
Area: 0.00019871582912369537
CentroidX: 0.2765
CentroidY: 0.5313
