Location: Dedata_9.png_Gaussian-Median.png
Component: component_1755521956197_356.png
centerX: 0.01935483870967742
centerY: 0.6426332288401254
width: 0.027419354838709678
height: 0.029068110572812767
Area: 0.00032106380827181716
CentroidX: 0.0338
CentroidY: 0.6602
