Location: Dedata_9.png_Mean-Closing.png
Component: component_1755521956067_377.png
centerX: 0.11612903225806452
centerY: 0.7264177828441152
width: 0.028225806451612902
height: 0.027643203191792535
Area: 0.000310032267257467
CentroidX: 0.1313
CentroidY: 0.7423
