Location: Dedata_9.png_Gaussian-Median.png
Component: component_1755521956131_26.png
centerX: 0.844758064516129
centerY: 0.03277286976346538
width: 0.03225806451612903
height: 0.020233684810487318
Area: 0.0002863604188308405
CentroidX: 0.8629
CentroidY: 0.0448
