Location: internet_14.png_Gaussian-Closing.png
Component: component_1755088178039_169.png
centerX: 0.19347037484885127
centerY: 0.330196749358426
width: 0.03143893591293833
height: 0.021100655831194755
Area: 0.0002329652895510298
CentroidX: 0.2105
CentroidY: 0.3433
