Location: internet_14.png_Mean-Closing.png
Component: component_1755088177907_147.png
centerX: 0.04514308746473196
centerY: 0.2822925577416595
width: 0.03385731559854897
height: 0.022241231822070145
Area: 0.00029146520685812116
CentroidX: 0.0631
CentroidY: 0.2940
