Location: Dedata_9.png_Gaussian-Closing.png
Component: component_1755521955525_56.png
centerX: 0.569758064516129
centerY: 0.07609005414648048
width: 0.03185483870967742
height: 0.02080364776289541
Area: 0.00030106914018330745
CentroidX: 0.5876
CentroidY: 0.0874
