Location: internet_14.png_Gaussian-Closing.png
Component: component_1755088178087_334.png
centerX: 0.15800080612656187
centerY: 0.7008839463929284
width: 0.025796049979846837
height: 0.025092671799258625
Area: 0.0001869928594472252
CentroidX: 0.1711
CentroidY: 0.7162
