Location: Dedata_9.png_Mean-Medain.png
Component: component_1755521955830_117.png
centerX: 0.8657258064516129
centerY: 0.2066115702479339
width: 0.032661290322580645
height: 0.018523795953263037
Area: 0.00023350095147041248
CentroidX: 0.8860
CentroidY: 0.2154
