Location: Dedata_9.png_Gaussian-Median.png
Component: component_1755521956150_127.png
centerX: 0.5048387096774194
centerY: 0.21003134796238246
width: 0.03064516129032258
height: 0.0219435736677116
Area: 0.00029486389836273547
CentroidX: 0.5222
CentroidY: 0.2214
