Location: Dedata_9.png_Mean-Closing.png
Component: component_1755521956023_179.png
centerX: 0.4411290322580645
centerY: 0.34967227130236533
width: 0.025403225806451612
height: 0.024223425477343973
Area: 0.00019822300260160508
CentroidX: 0.4548
CentroidY: 0.3641
