Location: Dedata_9.png_Gaussian-Closing.png
Component: component_1755521955517_26.png
centerX: 0.844758064516129
centerY: 0.03305785123966942
width: 0.03225806451612903
height: 0.019948703334283273
Area: 0.0002861305950597082
CentroidX: 0.8629
CentroidY: 0.0448
