Location: Dedata_9.png_Mean-Closing.png
Component: component_1755521956066_369.png
centerX: 0.5254032258064516
centerY: 0.7198632088914221
width: 0.03024193548387097
height: 0.031062980906241093
Area: 0.00034462074481287746
CentroidX: 0.5415
CentroidY: 0.7385
