Location: Dedata_9.png_Mean-Closing.png
Component: component_1755521956045_278.png
centerX: 0.572983870967742
centerY: 0.5500142490738102
width: 0.022983870967741935
height: 0.022513536620119692
Area: 0.0002297088592467296
CentroidX: 0.5852
CentroidY: 0.5631
