Location: internet_14.png_Mean-Closing.png
Component: component_1755088177940_321.png
centerX: 0.4260378879484079
centerY: 0.6926147704590818
width: 0.03506650544135429
height: 0.018249215854006275
Area: 0.0002171048011652172
CentroidX: 0.4457
CentroidY: 0.7019
