Location: internet_14.png_Mean-Closing.png
Component: component_1755088177915_189.png
centerX: 0.860540104796453
centerY: 0.41146278870829767
width: 0.025796049979846837
height: 0.023381807812945538
Area: 0.0001730861993408243
CentroidX: 0.8748
CentroidY: 0.4250
