Location: internet_14.png_Mean-Medain.png
Component: component_1755088178222_303.png
centerX: 0.7001209189842805
centerY: 0.6469917308240661
width: 0.032648125755743655
height: 0.019389791844881665
Area: 0.0002067610043918612
CentroidX: 0.7185
CentroidY: 0.6564
