Location: internet_14.png_Mean-Closing.png
Component: component_1755088177887_42.png
centerX: 0.3567110036275695
centerY: 0.05873966353008269
width: 0.028214429665457477
height: 0.021670943826632448
Area: 0.0002660654392257691
CentroidX: 0.3703
CentroidY: 0.0705
