Location: internet_14.png_Mean-Closing.png
Component: component_1755088177904_128.png
centerX: 0.954856912535268
centerY: 0.26119190191046476
width: 0.019347037484885126
height: 0.02623324779013402
Area: 0.0001909005160060486
CentroidX: 0.9642
CentroidY: 0.2764
