Location: internet_14.png_Gaussian-Median.png
Component: component_1755088177812_409.png
centerX: 0.11164852881902458
centerY: 0.7892785856857714
width: 0.026199113260781944
height: 0.020245223838038208
Area: 0.00020871483267127287
CentroidX: 0.1250
CentroidY: 0.8008
