Location: Dedata_9.png_Gaussian-Closing.png
Component: component_1755521955516_20.png
centerX: 0.20161290322580644
centerY: 0.009404388714733543
width: 0.03387096774193549
height: 0.022228555143915644
Area: 0.0003185357467893619
CentroidX: 0.2186
CentroidY: 0.0228
