Location: Dedata_9.png_Mean-Closing.png
Component: component_1755521956018_151.png
centerX: 0.1028225806451613
centerY: 0.2955257908235965
width: 0.02620967741935484
height: 0.022228555143915644
Area: 0.0002217799391426654
CentroidX: 0.1179
CentroidY: 0.3078
