Location: internet_14.png_Gaussian-Median.png
Component: component_1755088177767_338.png
centerX: 0.05199516324062878
centerY: 0.6583974907328201
width: 0.026602176541717048
height: 0.026518391787852865
Area: 0.00023020694374480152
CentroidX: 0.0651
CentroidY: 0.6737
