Location: internet_14.png_Mean-Medain.png
Component: component_1755088178237_379.png
centerX: 0.2535268037081822
centerY: 0.782435129740519
width: 0.029423619508262798
height: 0.019674935842600515
Area: 0.00022250656170241426
CentroidX: 0.2687
CentroidY: 0.7934
