Location: Dedata_9.png_Mean-Closing.png
Component: component_1755521956052_316.png
centerX: 0.06491935483870968
centerY: 0.5978911370760901
width: 0.03588709677419355
height: 0.025933314334568254
Area: 0.00036829259323950395
CentroidX: 0.0861
CentroidY: 0.6110
