Location: Dedata_9.png_Mean-Closing.png
Component: component_1755521956027_201.png
centerX: 0.4588709677419355
centerY: 0.3887147335423197
width: 0.027822580645161292
height: 0.022798518096323737
Area: 0.0002451070519125934
CentroidX: 0.4753
CentroidY: 0.4001
