Location: Dedata_9.png_Mean-Closing.png
Component: component_1755521955990_7.png
centerX: 0.6306451612903226
centerY: 0.003989740666856654
width: 0.025
height: 0.02080364776289541
Area: 0.00027153678559280745
CentroidX: 0.6428
CentroidY: 0.0166
