Location: Dedata_9.png_Mean-Closing.png
Component: component_1755521956025_190.png
centerX: 0.975
centerY: 0.3522371045882018
width: 0.02217741935483871
height: 0.022228555143915644
Area: 0.00020822033664585996
CentroidX: 0.9881
CentroidY: 0.3632
