Location: internet_14.png_Mean-Closing.png
Component: component_1755088177927_254.png
centerX: 0.954453849254333
centerY: 0.5517536355859709
width: 0.020556227327690448
height: 0.020815511833475905
Area: 0.00017032785353459604
CentroidX: 0.9651
CentroidY: 0.5632
