Location: Dedata_9.png_Gaussian-Median.png
Component: component_1755521956151_132.png
centerX: 0.014112903225806451
centerY: 0.21316614420062696
width: 0.02943548387096774
height: 0.02365346252493588
Area: 0.0002998051094420798
CentroidX: 0.0310
CentroidY: 0.2246
