Location: internet_14.png_Gaussian-Median.png
Component: component_1755088177489_153.png
centerX: 0.46473196291817814
centerY: 0.26974622184203023
width: 0.029826682789197905
height: 0.02566295979469632
Area: 0.0002820408586868412
CentroidX: 0.4781
CentroidY: 0.2850
