Location: Dedata_9.png_Gaussian-Closing.png
Component: component_1755521955533_95.png
centerX: 0.12056451612903225
centerY: 0.1658592191507552
width: 0.03306451612903226
height: 0.023938444001139925
Area: 0.0002972770479596246
CentroidX: 0.1399
CentroidY: 0.1783
