Location: internet_14.png_Gaussian-Median.png
Component: component_1755088177483_122.png
centerX: 0.30552196694881095
centerY: 0.2244083262047334
width: 0.026199113260781944
height: 0.022241231822070145
Area: 0.0002090596258970514
CentroidX: 0.3177
CentroidY: 0.2378
