Location: internet_14.png_Mean-Closing.png
Component: component_1755088177908_150.png
centerX: 0.814993954050786
centerY: 0.3153692614770459
width: 0.025796049979846837
height: 0.024522383803820928
Area: 0.0002359534975077771
CentroidX: 0.8285
CentroidY: 0.3285
