Location: internet_14.png_Gaussian-Closing.png
Component: component_1755088178107_381.png
centerX: 0.20515920999596937
centerY: 0.784145993726832
width: 0.02902055622732769
height: 0.019104647847162818
Area: 0.00021813918084255283
CentroidX: 0.2206
CentroidY: 0.7944
