Location: internet_14.png_Gaussian-Closing.png
Component: component_1755088178038_163.png
centerX: 0.15276098347440548
centerY: 0.326489877388081
width: 0.023377670294236194
height: 0.021670943826632448
Area: 0.00016274240256746827
CentroidX: 0.1639
CentroidY: 0.3399
