Location: internet_14.png_Gaussian-Median.png
Component: component_1755088177477_78.png
centerX: 0.30713422007255137
centerY: 0.1394354148845167
width: 0.02902055622732769
height: 0.02281151981750784
Area: 0.0002458375699800951
CentroidX: 0.3210
CentroidY: 0.1525
