Location: internet_14.png_Mean-Closing.png
Component: component_1755088177908_152.png
centerX: 0.7646110439338977
centerY: 0.31736526946107785
width: 0.02902055622732769
height: 0.023096663815226688
Area: 0.0002419299134212717
CentroidX: 0.7791
CentroidY: 0.3302
