Location: internet_14.png_Mean-Medain.png
Component: component_1755088178214_259.png
centerX: 0.9153567110036276
centerY: 0.5511833475905332
width: 0.019347037484885126
height: 0.021956087824351298
Area: 0.00016078857428805657
CentroidX: 0.9245
CentroidY: 0.5643
