Location: Dedata_9.png_Mean-Closing.png
Component: component_1755521956042_265.png
centerX: 0.527016129032258
centerY: 0.5163864348817326
width: 0.02661290322580645
height: 0.024223425477343973
Area: 0.00028647533071640664
CentroidX: 0.5416
CentroidY: 0.5295
