Location: Dedata_9.png_Mean-Medain.png
Component: component_1755521955934_383.png
centerX: 0.3060483870967742
centerY: 0.7224280421772585
width: 0.028629032258064516
height: 0.028498147620404674
Area: 0.00032726905009238915
CentroidX: 0.3231
CentroidY: 0.7371
