Location: Dedata_9.png_Mean-Medain.png
Component: component_1755521955870_217.png
centerX: 0.9153225806451613
centerY: 0.3932744371615845
width: 0.02379032258064516
height: 0.024223425477343973
Area: 0.00023396059901267707
CentroidX: 0.9286
CentroidY: 0.4047
