Location: internet_14.png_Gaussian-Median.png
Component: component_1755088177488_151.png
centerX: 0.8141878274889157
centerY: 0.2686056458511548
width: 0.026199113260781944
height: 0.023952095808383235
Area: 0.0002107835920259441
CentroidX: 0.8287
CentroidY: 0.2815
