Location: Dedata_9.png_Gaussian-Median.png
Component: component_1755521956196_349.png
centerX: 0.40080645161290324
centerY: 0.6300940438871473
width: 0.02620967741935484
height: 0.02536335138216016
Area: 0.000257977183096002
CentroidX: 0.4156
CentroidY: 0.6441
