Location: internet_14.png_Mean-Closing.png
Component: component_1755088177938_314.png
centerX: 0.6839983877468763
centerY: 0.6877673224978614
width: 0.027005239822652155
height: 0.02566295979469632
Area: 0.00022698887363753522
CentroidX: 0.6958
CentroidY: 0.7035
