Location: Dedata_9.png_Mean-Medain.png
Component: component_1755521955811_78.png
centerX: 0.05725806451612903
centerY: 0.12168709033912796
width: 0.0375
height: 0.022513536620119692
Area: 0.000356686492797323
CentroidX: 0.0795
CentroidY: 0.1318
