Location: internet_14.png_Mean-Closing.png
Component: component_1755088177932_280.png
centerX: 0.3974203950020153
centerY: 0.6076418591388651
width: 0.029423619508262798
height: 0.021670943826632448
Area: 0.00021020893664964652
CentroidX: 0.4130
CentroidY: 0.6205
