Location: Dedata_9.png_Mean-Closing.png
Component: component_1755521955999_47.png
centerX: 0.8733870967741936
centerY: 0.07039042462239954
width: 0.03185483870967742
height: 0.023938444001139925
Area: 0.0003317506136294689
CentroidX: 0.8900
CentroidY: 0.0832
