Location: internet_14.png_Gaussian-Median.png
Component: component_1755088177643_246.png
centerX: 0.42402257154373235
centerY: 0.4636441402908469
width: 0.032245062474808545
height: 0.020530367835757058
Area: 0.0002219319063261167
CentroidX: 0.4412
CentroidY: 0.4755
