Location: internet_14.png_Gaussian-Median.png
Component: component_1755088177785_380.png
centerX: 0.4913341394598952
centerY: 0.7393783860849729
width: 0.029423619508262798
height: 0.022241231822070145
Area: 0.0002408955337439361
CentroidX: 0.5063
CentroidY: 0.7510
