Location: internet_14.png_Gaussian-Median.png
Component: component_1755088177599_183.png
centerX: 0.19347037484885127
centerY: 0.32934131736526945
width: 0.03184199919387344
height: 0.021956087824351298
Area: 0.00023997608514186001
CentroidX: 0.2105
CentroidY: 0.3430
