Location: internet_14.png_Gaussian-Closing.png
Component: component_1755088178016_59.png
centerX: 0.34260378879484077
centerY: 0.09923011120615911
width: 0.026199113260781944
height: 0.02765896777872826
Area: 0.0002577904018070843
CentroidX: 0.3551
CentroidY: 0.1154
