Location: internet_14.png_Gaussian-Median.png
Component: component_1755088177733_274.png
centerX: 0.14993954050785974
centerY: 0.52723125178215
width: 0.028214429665457477
height: 0.020530367835757058
Area: 0.00019641720761850515
CentroidX: 0.1641
CentroidY: 0.5382
