Location: internet_14.png_Gaussian-Median.png
Component: component_1755088177605_185.png
centerX: 0.2946392583635631
centerY: 0.3296264613629883
width: 0.027408303103587262
height: 0.019389791844881665
Area: 0.00022882777084168738
CentroidX: 0.3087
CentroidY: 0.3392
