Location: internet_14.png_Mean-Medain.png
Component: component_1755088178174_52.png
centerX: 0.18863361547763
centerY: 0.09637867122897063
width: 0.03143893591293833
height: 0.024522383803820928
Area: 0.00031318718008216883
CentroidX: 0.2038
CentroidY: 0.1103
