Location: Dedata_9.png_Mean-Closing.png
Component: component_1755521956046_281.png
centerX: 0.33669354838709675
centerY: 0.5514391564548304
width: 0.024193548387096774
height: 0.024793388429752067
Area: 0.0002591263019516635
CentroidX: 0.3490
CentroidY: 0.5658
