Location: internet_14.png_Gaussian-Median.png
Component: component_1755088177647_257.png
centerX: 0.9407496977025392
centerY: 0.5018534359851725
width: 0.02257154373236598
height: 0.02423723980610208
Area: 0.00015147915719203615
CentroidX: 0.9524
CentroidY: 0.5162
