Location: internet_14.png_Gaussian-Closing.png
Component: component_1755088178071_293.png
centerX: 0.29705763804917373
centerY: 0.611633875106929
width: 0.027005239822652155
height: 0.022241231822070145
Area: 0.00020446238288667095
CentroidX: 0.3110
CentroidY: 0.6243
