Location: Dedata_9.png_Gaussian-Closing.png
Component: component_1755521955593_365.png
centerX: 0.8887096774193548
centerY: 0.7141635793673411
width: 0.027822580645161292
height: 0.029068110572812767
Area: 0.0002798104413535701
CentroidX: 0.9038
CentroidY: 0.7312
