Location: Dedata_9.png_Gaussian-Median.png
Component: component_1755521956194_340.png
centerX: 0.5782258064516129
centerY: 0.627529210601311
width: 0.025
height: 0.027358221715588486
Area: 0.00029279548442254477
CentroidX: 0.5911
CentroidY: 0.6442
