Location: Dedata_9.png_Mean-Medain.png
Component: component_1755521955831_119.png
centerX: 0.24314516129032257
centerY: 0.20775149615275007
width: 0.031048387096774193
height: 0.024508406953548018
Area: 0.0003401391812757977
CentroidX: 0.2601
CentroidY: 0.2202
