Location: internet_14.png_Mean-Medain.png
Component: component_1755088178230_346.png
centerX: 0.5731559854897219
centerY: 0.7356715141146278
width: 0.03305118903667876
height: 0.02423723980610208
Area: 0.0002557216424524131
CentroidX: 0.5897
CentroidY: 0.7492
