Location: Dedata_9.png_Mean-Closing.png
Component: component_1755521956030_212.png
centerX: 0.40483870967741936
centerY: 0.42918210316329436
width: 0.024596774193548387
height: 0.027358221715588486
Area: 0.0002933700438503755
CentroidX: 0.4183
CentroidY: 0.4431
