Location: internet_14.png_Mean-Closing.png
Component: component_1755088177903_123.png
centerX: 0.2535268037081822
centerY: 0.22811519817507842
width: 0.026602176541717048
height: 0.020815511833475905
Area: 0.00025020495083995654
CentroidX: 0.2667
CentroidY: 0.2390
