Location: internet_14.png_Mean-Closing.png
Component: component_1755088177919_214.png
centerX: 0.7803305118903668
centerY: 0.4576561163387511
width: 0.024989923417976623
height: 0.021956087824351298
Area: 0.00018342999611418035
CentroidX: 0.7930
CentroidY: 0.4699
