Location: Dedata_9.png_Mean-Closing.png
Component: component_1755521956047_288.png
centerX: 0.4745967741935484
centerY: 0.5525790823596466
width: 0.029838709677419355
height: 0.020233684810487318
Area: 0.0002707324023938444
CentroidX: 0.4911
CentroidY: 0.5623
