Location: Dedata_9.png_Gaussian-Median.png
Component: component_1755521956126_10.png
centerX: 0.589516129032258
centerY: 0.004844685095468795
width: 0.02379032258064516
height: 0.02080364776289541
Area: 0.00023878689820645529
CentroidX: 0.6006
CentroidY: 0.0172
