Location: Dedata_9.png_Gaussian-Closing.png
Component: component_1755521955540_133.png
centerX: 0.8008064516129032
centerY: 0.2510686805357652
width: 0.02620967741935484
height: 0.02365346252493588
Area: 0.0002390167219775876
CentroidX: 0.8152
CentroidY: 0.2634
