Location: internet_14.png_Mean-Closing.png
Component: component_1755088177891_59.png
centerX: 0.2946392583635631
centerY: 0.10008554319931566
width: 0.026199113260781944
height: 0.023666951810664385
Area: 0.00026618037030102864
CentroidX: 0.3076
CentroidY: 0.1137
