Location: Dedata_9.png_Mean-Closing.png
Component: component_1755521955993_24.png
centerX: 0.9423387096774194
centerY: 0.032487888287261325
width: 0.029838709677419355
height: 0.023938444001139925
Area: 0.0003188804824460604
CentroidX: 0.9578
CentroidY: 0.0451
