Location: Dedata_9.png_Gaussian-Closing.png
Component: component_1755521955564_237.png
centerX: 0.06814516129032258
centerY: 0.47306925049871756
width: 0.031451612903225803
height: 0.024508406953548018
Area: 0.0003050910561781226
CentroidX: 0.0855
CentroidY: 0.4862
