Location: internet_14.png_Mean-Closing.png
Component: component_1755088177937_305.png
centerX: 0.3534864973800887
centerY: 0.6561163387510693
width: 0.03385731559854897
height: 0.019674935842600515
Area: 0.00024526291460379753
CentroidX: 0.3713
CentroidY: 0.6661
