Location: Dedata_9.png_Gaussian-Median.png
Component: component_1755521956136_51.png
centerX: 0.7725806451612903
centerY: 0.07124536905101168
width: 0.029838709677419355
height: 0.02108862923909946
Area: 0.0003185357467893619
CentroidX: 0.7886
CentroidY: 0.0817
