Location: Dedata_9.png_Mean-Closing.png
Component: component_1755521956027_198.png
centerX: 0.3209677419354839
centerY: 0.3878597891137076
width: 0.02620967741935484
height: 0.024223425477343973
Area: 0.00022419308873955452
CentroidX: 0.3368
CentroidY: 0.4006
