Location: Dedata_9.png_Mean-Closing.png
Component: component_1755521956007_93.png
centerX: 0.3524193548387097
centerY: 0.16614420062695925
width: 0.03588709677419355
height: 0.024223425477343973
Area: 0.00034910230834995723
CentroidX: 0.3733
CentroidY: 0.1789
