Location: internet_14.png_Mean-Medain.png
Component: component_1755088178218_284.png
centerX: 0.8714228133817009
centerY: 0.6056458511548332
width: 0.027005239822652155
height: 0.018249215854006275
Area: 0.0001628573336427278
CentroidX: 0.8846
CentroidY: 0.6165
