Location: internet_14.png_Gaussian-Median.png
Component: component_1755088177622_210.png
centerX: 0.09754131398629586
centerY: 0.3775306529797548
width: 0.02781136638452237
height: 0.022241231822070145
Area: 0.0001990606223494739
CentroidX: 0.1127
CentroidY: 0.3905
