Location: internet_14.png_Gaussian-Closing.png
Component: component_1755088178046_212.png
centerX: 0.1003627569528416
centerY: 0.4251497005988024
width: 0.028617492946392584
height: 0.02737382378100941
Area: 0.0002476764671842473
CentroidX: 0.1137
CentroidY: 0.4418
