Location: Dedata_9.png_Gaussian-Closing.png
Component: component_1755521955572_273.png
centerX: 0.7370967741935484
centerY: 0.5175263607865489
width: 0.024596774193548387
height: 0.024223425477343973
Area: 0.0002795806175824378
CentroidX: 0.7500
CentroidY: 0.5308
