Location: internet_14.png_Gaussian-Closing.png
Component: component_1755088178089_346.png
centerX: 0.6219266424828698
centerY: 0.7348160821214713
width: 0.03184199919387344
height: 0.02480752780153978
Area: 0.00023158611664791565
CentroidX: 0.6382
CentroidY: 0.7482
