Location: internet_14.png_Gaussian-Median.png
Component: component_1755088177730_269.png
centerX: 0.42563482466747277
centerY: 0.5149700598802395
width: 0.027005239822652155
height: 0.020815511833475905
Area: 0.00018618834192040863
CentroidX: 0.4395
CentroidY: 0.5262
