Location: internet_14.png_Gaussian-Closing.png
Component: component_1755088178069_286.png
centerX: 0.5002015316404675
centerY: 0.6062161391502708
width: 0.026199113260781944
height: 0.020815511833475905
Area: 0.00020066965740310708
CentroidX: 0.5131
CentroidY: 0.6180
