Location: Dedata_9.png_Mean-Medain.png
Component: component_1755521955871_220.png
centerX: 0.16008064516129034
centerY: 0.43003704759190653
width: 0.02258064516129032
height: 0.0262182958107723
Area: 0.00021224225264067514
CentroidX: 0.1730
CentroidY: 0.4446
