Location: Dedata_9.png_Gaussian-Median.png
Component: component_1755521956186_296.png
centerX: 0.380241935483871
centerY: 0.5514391564548304
width: 0.02661290322580645
height: 0.025078369905956112
Area: 0.0002484394965940117
CentroidX: 0.3945
CentroidY: 0.5654
