Location: internet_14.png_Gaussian-Median.png
Component: component_1755088177465_21.png
centerX: 0.8919790407093914
centerY: 0.015397775876817793
width: 0.022974607013301087
height: 0.02623324779013402
Area: 0.000250319881915216
CentroidX: 0.9035
CentroidY: 0.0302
