Location: Dedata_9.png_Mean-Closing.png
Component: component_1755521956022_171.png
centerX: 0.10443548387096774
centerY: 0.3459675121117127
width: 0.024193548387096774
height: 0.021373610715303505
Area: 0.00023729304369409537
CentroidX: 0.1184
CentroidY: 0.3571
