Location: internet_14.png_Gaussian-Closing.png
Component: component_1755088178004_3.png
centerX: 0.012494961708988311
centerY: 0.009124607927003137
width: 0.029423619508262798
height: 0.02480752780153978
Area: 0.00035433250502507396
CentroidX: 0.0267
CentroidY: 0.0227
