Location: Dedata_9.png_Mean-Closing.png
Component: component_1755521956064_362.png
centerX: 0.839516129032258
centerY: 0.7164434311769735
width: 0.03024193548387097
height: 0.0262182958107723
Area: 0.0003098024434863347
CentroidX: 0.8557
CentroidY: 0.7308
