Location: Dedata_9.png_Gaussian-Median.png
Component: component_1755521956132_30.png
centerX: 0.7653225806451613
centerY: 0.033912795668281565
width: 0.02661290322580645
height: 0.021373610715303505
Area: 0.0002769376442144164
CentroidX: 0.7796
CentroidY: 0.0450
