Location: Dedata_9.png_Gaussian-Median.png
Component: component_1755521956171_217.png
centerX: 0.7040322580645161
centerY: 0.38928469649472786
width: 0.024193548387096774
height: 0.024793388429752067
Area: 0.0002133913714963366
CentroidX: 0.7178
CentroidY: 0.4035
