Location: internet_14.png_Gaussian-Closing.png
Component: component_1755088178019_77.png
centerX: 0.3075372833534865
centerY: 0.14000570287995437
width: 0.028617492946392584
height: 0.022241231822070145
Area: 0.00024342401739964534
CentroidX: 0.3211
CentroidY: 0.1525
