Location: internet_14.png_Mean-Closing.png
Component: component_1755088177945_350.png
centerX: 0.053204353083434096
centerY: 0.7487881380096949
width: 0.036275695284159616
height: 0.0213857998289136
Area: 0.00023342501385206784
CentroidX: 0.0735
CentroidY: 0.7606
