Location: Dedata_9.png_Gaussian-Median.png
Component: component_1755521956198_359.png
centerX: 0.5415322580645161
centerY: 0.6702764320319179
width: 0.037096774193548385
height: 0.026503277286976348
Area: 0.00035703122845402144
CentroidX: 0.5634
CentroidY: 0.6841
