Location: internet_14.png_Gaussian-Closing.png
Component: component_1755088178082_325.png
centerX: 0.7275292220878677
centerY: 0.6894781864841745
width: 0.03143893591293833
height: 0.021670943826632448
Area: 0.0001909005160060486
CentroidX: 0.7433
CentroidY: 0.7002
