Location: internet_14.png_Mean-Closing.png
Component: component_1755088177892_62.png
centerX: 0.44095122934300685
centerY: 0.1003706871970345
width: 0.028617492946392584
height: 0.025092671799258625
Area: 0.0002766390981496442
CentroidX: 0.4547
CentroidY: 0.1148
