Location: internet_14.png_Mean-Medain.png
Component: component_1755088178188_124.png
centerX: 0.35630794034663443
centerY: 0.22697462218420303
width: 0.026602176541717048
height: 0.020245223838038208
Area: 0.00025629629782871063
CentroidX: 0.3694
CentroidY: 0.2377
