Location: internet_14.png_Gaussian-Closing.png
Component: component_1755088178043_198.png
centerX: 0.860137041515518
centerY: 0.41146278870829767
width: 0.026199113260781944
height: 0.023381807812945538
Area: 0.000165155955147918
CentroidX: 0.8748
CentroidY: 0.4251
