Location: internet_14.png_Gaussian-Median.png
Component: component_1755088177477_77.png
centerX: 0.407496977025393
centerY: 0.13886512688907898
width: 0.029423619508262798
height: 0.02737382378100941
Area: 0.00024928550223788043
CentroidX: 0.4212
CentroidY: 0.1542
