Location: Dedata_9.png_Gaussian-Median.png
Component: component_1755521956133_36.png
centerX: 0.5504032258064516
centerY: 0.03875748076375036
width: 0.03508064516129032
height: 0.020233684810487318
Area: 0.000307734029546144
CentroidX: 0.5699
CentroidY: 0.0494
