Location: Dedata_9.png_Mean-Medain.png
Component: component_1755521955837_129.png
centerX: 0.014112903225806451
centerY: 0.21316614420062696
width: 0.02943548387096774
height: 0.02365346252493588
Area: 0.0003185357467893619
CentroidX: 0.0309
CentroidY: 0.2245
