Location: internet_14.png_Gaussian-Closing.png
Component: component_1755088178082_326.png
centerX: 0.48286981056025796
centerY: 0.6900484744796122
width: 0.031035872632003223
height: 0.020530367835757058
Area: 0.00017423551009341942
CentroidX: 0.4991
CentroidY: 0.7001
