Location: Dedata_9.png_Gaussian-Median.png
Component: component_1755521956139_66.png
centerX: 0.46975806451612906
centerY: 0.07950983186092904
width: 0.035483870967741936
height: 0.020233684810487318
Area: 0.0003549628145138308
CentroidX: 0.4891
CentroidY: 0.0895
