Location: Dedata_9.png_Gaussian-Closing.png
Component: component_1755521955523_48.png
centerX: 0.8737903225806452
centerY: 0.07039042462239954
width: 0.031451612903225803
height: 0.02365346252493588
Area: 0.0003179611873615312
CentroidX: 0.8899
CentroidY: 0.0830
