Location: internet_14.png_Gaussian-Closing.png
Component: component_1755088178095_357.png
centerX: 0.15800080612656187
centerY: 0.7450812660393499
width: 0.030229746070133012
height: 0.023952095808383235
Area: 0.00022055273342300256
CentroidX: 0.1740
CentroidY: 0.7586
