Location: Dedata_9.png_Gaussian-Median.png
Component: component_1755521956192_331.png
centerX: 0.02056451612903226
centerY: 0.5981761185522941
width: 0.02661290322580645
height: 0.02963807352522086
Area: 0.00027900605815460704
CentroidX: 0.0352
CentroidY: 0.6151
