Location: Dedata_9.png_Gaussian-Closing.png
Component: component_1755521955519_31.png
centerX: 0.652016129032258
centerY: 0.03619264747791394
width: 0.027822580645161292
height: 0.021658592191507554
Area: 0.00030658491069048254
CentroidX: 0.6662
CentroidY: 0.0469
