Location: Dedata_9.png_Mean-Medain.png
Component: component_1755521955916_332.png
centerX: 0.742741935483871
centerY: 0.6272442291251069
width: 0.02379032258064516
height: 0.026788258763180393
Area: 0.00029222092499471406
CentroidX: 0.7559
CentroidY: 0.6417
