Location: Dedata_9.png_Mean-Medain.png
Component: component_1755521955833_125.png
centerX: 0.4
centerY: 0.21060131091479053
width: 0.03669354838709677
height: 0.021658592191507554
Area: 0.00031715680416256816
CentroidX: 0.4228
CentroidY: 0.2207
