Location: Dedata_9.png_Mean-Closing.png
Component: component_1755521956059_344.png
centerX: 0.5987903225806451
centerY: 0.670846394984326
width: 0.03669354838709677
height: 0.025078369905956112
Area: 0.0003451953042407082
CentroidX: 0.6198
CentroidY: 0.6832
