Location: internet_14.png_Gaussian-Closing.png
Component: component_1755088178051_224.png
centerX: 0.6795646916565901
centerY: 0.45822640433418876
width: 0.026199113260781944
height: 0.020245223838038208
Area: 0.0001780282355769833
CentroidX: 0.6928
CentroidY: 0.4706
