Location: internet_14.png_Mean-Medain.png
Component: component_1755088178173_46.png
centerX: 0.7041515517936316
centerY: 0.09210151126318791
width: 0.028214429665457477
height: 0.028229255774165955
Area: 0.0002589397125596794
CentroidX: 0.7182
CentroidY: 0.1094
