Location: internet_14.png_Gaussian-Median.png
Component: component_1755088177784_372.png
centerX: 0.6219266424828698
centerY: 0.7348160821214713
width: 0.032245062474808545
height: 0.02480752780153978
Area: 0.00023537884213147955
CentroidX: 0.6383
CentroidY: 0.7482
