Location: internet_14.png_Gaussian-Closing.png
Component: component_1755088178087_337.png
centerX: 0.10399032648125756
centerY: 0.7048759623609923
width: 0.025796049979846837
height: 0.021100655831194755
Area: 0.000184924100092554
CentroidX: 0.1166
CentroidY: 0.7173
