Location: Dedata_9.png_Gaussian-Median.png
Component: component_1755521956170_211.png
centerX: 0.6084677419354839
centerY: 0.38814477058991165
width: 0.024193548387096774
height: 0.02365346252493588
Area: 0.00022718079776427435
CentroidX: 0.6214
CentroidY: 0.4001
