Location: Dedata_9.png_Mean-Medain.png
Component: component_1755521955764_23.png
centerX: 0.10927419354838709
centerY: 0.011399259048161869
width: 0.03024193548387097
height: 0.021658592191507554
Area: 0.00032853308083361676
CentroidX: 0.1228
CentroidY: 0.0242
