Location: Dedata_9.png_Gaussian-Closing.png
Component: component_1755521955565_242.png
centerX: 0.32661290322580644
centerY: 0.4773439726417783
width: 0.02620967741935484
height: 0.025648332858364205
Area: 0.00028762444957206815
CentroidX: 0.3409
CentroidY: 0.4910
