Location: Dedata_9.png_Mean-Medain.png
Component: component_1755521955889_263.png
centerX: 0.1689516129032258
centerY: 0.51268167569108
width: 0.025403225806451612
height: 0.02536335138216016
Area: 0.0002956682815616985
CentroidX: 0.1831
CentroidY: 0.5254
