Location: Dedata_9.png_Gaussian-Median.png
Component: component_1755521956173_233.png
centerX: 0.6669354838709678
centerY: 0.43374180678255914
width: 0.025
height: 0.026788258763180393
Area: 0.0002624587466330818
CentroidX: 0.6804
CentroidY: 0.4481
