Location: internet_14.png_Gaussian-Closing.png
Component: component_1755088178074_300.png
centerX: 0.9415558242644095
centerY: 0.6390076988879384
width: 0.02781136638452237
height: 0.020530367835757058
Area: 0.00025020495083995654
CentroidX: 0.9561
CentroidY: 0.6503
