Location: Dedata_9.png_Gaussian-Median.png
Component: component_1755521956176_248.png
centerX: 0.21814516129032258
centerY: 0.4736392134511257
width: 0.027822580645161292
height: 0.026503277286976348
Area: 0.0002810744720947977
CentroidX: 0.2339
CentroidY: 0.4888
