Location: Dedata_9.png_Mean-Closing.png
Component: component_1755521956026_193.png
centerX: 0.21693548387096775
centerY: 0.3858649187802793
width: 0.02903225806451613
height: 0.02365346252493588
Area: 0.0002445324924847627
CentroidX: 0.2348
CentroidY: 0.3984
