Location: internet_14.png_Gaussian-Closing.png
Component: component_1755088178067_276.png
centerX: 0.1007658202337767
centerY: 0.5734245794126034
width: 0.029423619508262798
height: 0.01996007984031936
Area: 0.00018917654987715593
CentroidX: 0.1161
CentroidY: 0.5846
