Location: internet_14.png_Mean-Medain.png
Component: component_1755088178191_145.png
centerX: 0.2926239419588875
centerY: 0.2763045337895637
width: 0.03345425231761386
height: 0.023666951810664385
Area: 0.000290086033955007
CentroidX: 0.3096
CentroidY: 0.2898
