Location: Dedata_9.png_Gaussian-Closing.png
Component: component_1755521955562_229.png
centerX: 0.8866935483870968
centerY: 0.43459675121117125
width: 0.027822580645161292
height: 0.024793388429752067
Area: 0.0002765929085577179
CentroidX: 0.9016
CentroidY: 0.4474
