Location: Dedata_9.png_Gaussian-Median.png
Component: component_1755521956201_380.png
centerX: 0.839516129032258
centerY: 0.7164434311769735
width: 0.03024193548387097
height: 0.025933314334568254
Area: 0.0002853262118607452
CentroidX: 0.8556
CentroidY: 0.7305
