Location: internet_14.png_Gaussian-Closing.png
Component: component_1755088178019_73.png
centerX: 0.24748085449415558
centerY: 0.13886512688907898
width: 0.030632809351068116
height: 0.021956087824351298
Area: 0.0002189436983693694
CentroidX: 0.2639
CentroidY: 0.1509
