Location: Dedata_9.png_Gaussian-Closing.png
Component: component_1755521955546_156.png
centerX: 0.2629032258064516
centerY: 0.29666571672841263
width: 0.027419354838709678
height: 0.024793388429752067
Area: 0.0002412000478033444
CentroidX: 0.2784
CentroidY: 0.3102
