Location: internet_14.png_Gaussian-Median.png
Component: component_1755088177474_62.png
centerX: 0.34260378879484077
centerY: 0.09923011120615911
width: 0.026199113260781944
height: 0.02765896777872826
Area: 0.00026043381653805307
CentroidX: 0.3551
CentroidY: 0.1152
