Location: Dedata_9.png_Gaussian-Median.png
Component: component_1755521956201_381.png
centerX: 0.6608870967741935
centerY: 0.7172983756055856
width: 0.03225806451612903
height: 0.030493017953833
Area: 0.0003379558554500409
CentroidX: 0.6774
CentroidY: 0.7357
