Location: Dedata_9.png_Gaussian-Closing.png
Component: component_1755521955555_200.png
centerX: 0.06733870967741935
centerY: 0.38728982616129953
width: 0.03024193548387097
height: 0.02336848104873183
Area: 0.00024522196379815956
CentroidX: 0.0852
CentroidY: 0.3987
