Location: Dedata_9.png_Gaussian-Median.png
Component: component_1755521956198_361.png
centerX: 0.5983870967741935
centerY: 0.670846394984326
width: 0.03669354838709677
height: 0.025078369905956112
Area: 0.0003252006361521985
CentroidX: 0.6195
CentroidY: 0.6829
