Location: internet_14.png_Gaussian-Closing.png
Component: component_1755088178105_374.png
centerX: 0.6174929463925837
centerY: 0.7792985457656116
width: 0.029826682789197905
height: 0.016823495865412035
Area: 0.00019170503353286517
CentroidX: 0.6338
CentroidY: 0.7879
