Location: internet_14.png_Mean-Medain.png
Component: component_1755088178188_129.png
centerX: 0.15034260378879485
centerY: 0.23068149415454806
width: 0.02418379685610641
height: 0.022241231822070145
Area: 0.00023813718793770782
CentroidX: 0.1614
CentroidY: 0.2431
