Location: internet_14.png_Mean-Closing.png
Component: component_1755088177914_184.png
centerX: 0.4675534058847239
centerY: 0.37439406900484745
width: 0.027408303103587262
height: 0.018249215854006275
Area: 0.00020066965740310708
CentroidX: 0.4813
CentroidY: 0.3843
