Location: internet_14.png_Gaussian-Closing.png
Component: component_1755088178045_205.png
centerX: 0.679161628375655
centerY: 0.4154548046763616
width: 0.026199113260781944
height: 0.02480752780153978
Area: 0.00023652815288407466
CentroidX: 0.6913
CentroidY: 0.4303
