Location: Dedata_9.png_Gaussian-Closing.png
Component: component_1755521955550_171.png
centerX: 0.755241935483871
centerY: 0.30065545739526933
width: 0.02379032258064516
height: 0.02336848104873183
Area: 0.00020350894933764788
CentroidX: 0.7685
CentroidY: 0.3134
