Location: internet_14.png_Mean-Closing.png
Component: component_1755088177934_286.png
centerX: 0.1531640467553406
centerY: 0.6156258910749929
width: 0.024586860137041516
height: 0.023381807812945538
Area: 0.0002007845884783666
CentroidX: 0.1647
CentroidY: 0.6296
