Location: internet_14.png_Mean-Medain.png
Component: component_1755088178179_79.png
centerX: 0.14913341394598953
centerY: 0.1420017108639863
width: 0.028214429665457477
height: 0.020530367835757058
Area: 0.00021066866095068457
CentroidX: 0.1645
CentroidY: 0.1520
