Location: Dedata_9.png_Mean-Medain.png
Component: component_1755521955927_363.png
centerX: 0.7032258064516129
centerY: 0.6731262467939584
width: 0.03064516129032258
height: 0.025933314334568254
Area: 0.0003470338944097666
CentroidX: 0.7203
CentroidY: 0.6862
