Location: internet_14.png_Gaussian-Median.png
Component: component_1755088177466_25.png
centerX: 0.294236195082628
centerY: 0.017678927858568578
width: 0.030229746070133012
height: 0.020245223838038208
Area: 0.0002730762348165993
CentroidX: 0.3094
CentroidY: 0.0287
