Location: Dedata_9.png_Gaussian-Closing.png
Component: component_1755521955592_362.png
centerX: 0.10201612903225807
centerY: 0.6808207466514676
width: 0.03024193548387097
height: 0.0262182958107723
Area: 0.0002923358368802802
CentroidX: 0.1195
CentroidY: 0.6966
