Location: internet_14.png_Mean-Medain.png
Component: component_1755088178174_51.png
centerX: 0.24143490528012898
centerY: 0.09580838323353294
width: 0.029826682789197905
height: 0.02594810379241517
Area: 0.00026939844040829497
CentroidX: 0.2563
CentroidY: 0.1117
