Location: Dedata_9.png_Gaussian-Closing.png
Component: component_1755521955581_305.png
centerX: 0.5870967741935483
centerY: 0.5876318039327444
width: 0.027822580645161292
height: 0.024508406953548018
Area: 0.00031313488816775295
CentroidX: 0.6020
CentroidY: 0.6010
