Location: internet_14.png_Gaussian-Median.png
Component: component_1755088177787_386.png
centerX: 0.017331721080209594
centerY: 0.7476475620188195
width: 0.023377670294236194
height: 0.023096663815226688
Area: 0.00019538282794116953
CentroidX: 0.0278
CentroidY: 0.7611
