Location: internet_14.png_Mean-Medain.png
Component: component_1755088178206_221.png
centerX: 0.731962918178154
centerY: 0.45822640433418876
width: 0.02781136638452237
height: 0.01996007984031936
Area: 0.00018354492718943987
CentroidX: 0.7476
CentroidY: 0.4687
