Location: Dedata_9.png_Gaussian-Closing.png
Component: component_1755521955555_196.png
centerX: 0.1721774193548387
centerY: 0.3852949558278712
width: 0.022983870967741935
height: 0.02536335138216016
Area: 0.00021856240634681327
CentroidX: 0.1854
CentroidY: 0.3990
