Location: internet_14.png_Mean-Medain.png
Component: component_1755088178211_243.png
centerX: 0.31721080209592906
centerY: 0.5129740518962076
width: 0.027408303103587262
height: 0.023666951810664385
Area: 0.00021779438761677429
CentroidX: 0.3308
CentroidY: 0.5267
