Location: internet_14.png_Mean-Closing.png
Component: component_1755088177902_119.png
centerX: 0.19871019750100766
centerY: 0.22725976618192187
width: 0.030229746070133012
height: 0.02480752780153978
Area: 0.00026962830255881394
CentroidX: 0.2134
CentroidY: 0.2409
