Location: internet_14.png_Gaussian-Closing.png
Component: component_1755088178073_294.png
centerX: 0.2503022974607013
centerY: 0.6127744510978044
width: 0.024586860137041516
height: 0.021670943826632448
Area: 0.000170097991384077
CentroidX: 0.2640
CentroidY: 0.6246
