Location: Dedata_9.png_Mean-Medain.png
Component: component_1755521955882_246.png
centerX: 0.32661290322580644
centerY: 0.47705899116557426
width: 0.02661290322580645
height: 0.0262182958107723
Area: 0.0003040568492080273
CentroidX: 0.3410
CentroidY: 0.4909
