Location: internet_14.png_Mean-Medain.png
Component: component_1755088178184_101.png
centerX: 0.561870213623539
centerY: 0.18334759053321928
width: 0.02539298669891173
height: 0.021100655831194755
Area: 0.00018986613632871298
CentroidX: 0.5746
CentroidY: 0.1952
