Location: Dedata_9.png_Gaussian-Median.png
Component: component_1755521956150_128.png
centerX: 0.4
centerY: 0.2103163294385865
width: 0.036290322580645164
height: 0.0219435736677116
Area: 0.00029877090247198447
CentroidX: 0.4226
CentroidY: 0.2206
