Location: internet_14.png_Gaussian-Closing.png
Component: component_1755088178055_232.png
centerX: 0.31237404272470776
centerY: 0.47020245223838036
width: 0.032648125755743655
height: 0.0213857998289136
Area: 0.0002459525010553546
CentroidX: 0.3296
CentroidY: 0.4814
