Location: internet_14.png_Mean-Closing.png
Component: component_1755088177908_153.png
centerX: 0.6711003627569528
centerY: 0.3176504134587967
width: 0.024586860137041516
height: 0.02423723980610208
Area: 0.0002238857346055284
CentroidX: 0.6825
CentroidY: 0.3319
