Location: internet_14.png_Mean-Medain.png
Component: component_1755088178222_305.png
centerX: 0.6525594518339379
centerY: 0.6498431708012546
width: 0.030229746070133012
height: 0.01996007984031936
Area: 0.00018929148095241544
CentroidX: 0.6697
CentroidY: 0.6596
