Location: Dedata_9.png_Gaussian-Median.png
Component: component_1755521956167_197.png
centerX: 0.8842741935483871
centerY: 0.3510971786833856
width: 0.02338709677419355
height: 0.024223425477343973
Area: 0.00021614925674992417
CentroidX: 0.8973
CentroidY: 0.3637
