Location: Dedata_9.png_Mean-Medain.png
Component: component_1755521955807_70.png
centerX: 0.6362903225806451
centerY: 0.11940723852949559
width: 0.027419354838709678
height: 0.02365346252493588
Area: 0.0003044015848647257
CentroidX: 0.6510
CentroidY: 0.1327
