Location: Dedata_9.png_Gaussian-Closing.png
Component: component_1755521955590_354.png
centerX: 0.9278225806451613
centerY: 0.6719863208891422
width: 0.03064516129032258
height: 0.0219435736677116
Area: 0.00029026742294008956
CentroidX: 0.9452
CentroidY: 0.6825
