Location: internet_14.png_Mean-Medain.png
Component: component_1755088178225_318.png
centerX: 0.10560257960499798
centerY: 0.6638152266894782
width: 0.024586860137041516
height: 0.019674935842600515
Area: 0.00020446238288667095
CentroidX: 0.1184
CentroidY: 0.6746
