Location: Dedata_9.png_Gaussian-Closing.png
Component: component_1755521955596_378.png
centerX: 0.3060483870967742
centerY: 0.7224280421772585
width: 0.028629032258064516
height: 0.028498147620404674
Area: 0.0003061252631482179
CentroidX: 0.3229
CentroidY: 0.7370
