Location: internet_14.png_Mean-Closing.png
Component: component_1755088177907_144.png
centerX: 0.007658202337767029
centerY: 0.2791559737667522
width: 0.022168480451430876
height: 0.02281151981750784
Area: 0.00023434446245414393
CentroidX: 0.0182
CentroidY: 0.2922
