Location: Dedata_9.png_Mean-Medain.png
Component: component_1755521955815_92.png
centerX: 0.8657258064516129
centerY: 0.16443431176973497
width: 0.03669354838709677
height: 0.022228555143915644
Area: 0.00031428400702341447
CentroidX: 0.8872
CentroidY: 0.1758
