Location: Dedata_9.png_Mean-Medain.png
Component: component_1755521955883_247.png
centerX: 0.37943548387096776
centerY: 0.47762895411798234
width: 0.02903225806451613
height: 0.025933314334568254
Area: 0.00031347962382445143
CentroidX: 0.3941
CentroidY: 0.4915
