Location: Dedata_9.png_Mean-Closing.png
Component: component_1755521955998_45.png
centerX: 0.08911290322580645
centerY: 0.04474209176403534
width: 0.02661290322580645
height: 0.020518666286691366
Area: 0.0002559087691558113
CentroidX: 0.1024
CentroidY: 0.0561
