Location: internet_14.png_Mean-Medain.png
Component: component_1755088178220_292.png
centerX: 0.2503022974607013
centerY: 0.6127744510978044
width: 0.024586860137041516
height: 0.021670943826632448
Area: 0.0001811313746089901
CentroidX: 0.2640
CentroidY: 0.6246
