Location: internet_14.png_Mean-Medain.png
Component: component_1755088178229_342.png
centerX: 0.6626360338573156
centerY: 0.7325349301397206
width: 0.03426037887948408
height: 0.02594810379241517
Area: 0.00025146919266781116
CentroidX: 0.6813
CentroidY: 0.7465
