Location: Dedata_9.png_Mean-Closing.png
Component: component_1755521955989_4.png
centerX: 0.7411290322580645
centerY: 0.002564833285836421
width: 0.027419354838709678
height: 0.02080364776289541
Area: 0.00026728504582685997
CentroidX: 0.7538
CentroidY: 0.0144
