Location: Dedata_9.png_Mean-Closing.png
Component: component_1755521956009_103.png
centerX: 0.527016129032258
centerY: 0.16813907096038758
width: 0.02903225806451613
height: 0.024508406953548018
Area: 0.00028659024260197283
CentroidX: 0.5442
CentroidY: 0.1803
