Location: internet_14.png_Gaussian-Closing.png
Component: component_1755088178012_43.png
centerX: 0.898024989923418
centerY: 0.08753920729968634
width: 0.025796049979846837
height: 0.02623324779013402
Area: 0.0002476764671842473
CentroidX: 0.9107
CentroidY: 0.1020
