Location: internet_14.png_Mean-Medain.png
Component: component_1755088178174_48.png
centerX: 0.009673518742442563
centerY: 0.0943826632449387
width: 0.023377670294236194
height: 0.02765896777872826
Area: 0.0002887068610518929
CentroidX: 0.0207
CentroidY: 0.1102
