Location: internet_14.png_Mean-Medain.png
Component: component_1755088178191_146.png
centerX: 0.5723498589278516
centerY: 0.2763045337895637
width: 0.02902055622732769
height: 0.020530367835757058
Area: 0.0002400910162171195
CentroidX: 0.5872
CentroidY: 0.2872
