Location: Dedata_9.png_Mean-Medain.png
Component: component_1755521955816_94.png
centerX: 0.12056451612903225
centerY: 0.1658592191507552
width: 0.03306451612903226
height: 0.023938444001139925
Area: 0.00031669715662030354
CentroidX: 0.1400
CentroidY: 0.1784
