Location: internet_14.png_Mean-Closing.png
Component: component_1755088177891_58.png
centerX: 0.3430068520757759
centerY: 0.09923011120615911
width: 0.025796049979846837
height: 0.02765896777872826
Area: 0.0002657206459999906
CentroidX: 0.3551
CentroidY: 0.1154
