Location: Dedata_9.png_Gaussian-Median.png
Component: component_1755521956140_78.png
centerX: 0.16008064516129034
centerY: 0.12054716443431177
width: 0.03346774193548387
height: 0.02365346252493588
Area: 0.0003464593349819359
CentroidX: 0.1783
CentroidY: 0.1324
