Location: internet_14.png_Mean-Closing.png
Component: component_1755088177889_50.png
centerX: 0.6404675534058847
centerY: 0.09466780724265754
width: 0.03506650544135429
height: 0.028229255774165955
Area: 0.0003062913155665981
CentroidX: 0.6585
CentroidY: 0.1104
