Location: internet_14.png_Gaussian-Median.png
Component: component_1755088177744_305.png
centerX: 0.7968561064087062
centerY: 0.6033646991730824
width: 0.026199113260781944
height: 0.02423723980610208
Area: 0.00017653413159860967
CentroidX: 0.8087
CentroidY: 0.6180
