Location: Dedata_9.png_Mean-Closing.png
Component: component_1755521956022_172.png
centerX: 0.3463709677419355
centerY: 0.3468224565403249
width: 0.02338709677419355
height: 0.024793388429752067
Area: 0.0002032791255665156
CentroidX: 0.3589
CentroidY: 0.3607
