Location: internet_14.png_Gaussian-Closing.png
Component: component_1755088178041_186.png
centerX: 0.2994760177347844
centerY: 0.3706871970345024
width: 0.031035872632003223
height: 0.023381807812945538
Area: 0.00018871682557611787
CentroidX: 0.3145
CentroidY: 0.3841
