Location: internet_14.png_Gaussian-Closing.png
Component: component_1755088178028_123.png
centerX: 0.35630794034663443
centerY: 0.22697462218420303
width: 0.026199113260781944
height: 0.01996007984031936
Area: 0.00023043680589532054
CentroidX: 0.3692
CentroidY: 0.2376
