Location: internet_14.png_Gaussian-Median.png
Component: component_1755088177776_348.png
centerX: 0.7271261588069327
centerY: 0.6894781864841745
width: 0.032245062474808545
height: 0.021956087824351298
Area: 0.00019837103589791683
CentroidX: 0.7436
CentroidY: 0.7004
