Location: internet_14.png_Gaussian-Median.png
Component: component_1755088177484_126.png
centerX: 0.46110439338976217
centerY: 0.2249786142001711
width: 0.029826682789197905
height: 0.023666951810664385
Area: 0.00024353894847490486
CentroidX: 0.4756
CentroidY: 0.2386
