Location: internet_14.png_Gaussian-Median.png
Component: component_1755088177778_359.png
centerX: 0.15800080612656187
centerY: 0.7005988023952096
width: 0.025796049979846837
height: 0.025377815796977475
Area: 0.0001910154470813081
CentroidX: 0.1710
CentroidY: 0.7161
