Location: internet_14.png_Gaussian-Closing.png
Component: component_1755088178046_214.png
centerX: 0.25312374042724706
centerY: 0.4262902765896778
width: 0.03426037887948408
height: 0.017393783860849728
Area: 0.0002289427019169469
CentroidX: 0.2723
CentroidY: 0.4347
