Location: internet_14.png_Gaussian-Median.png
Component: component_1755088177765_336.png
centerX: 0.3534864973800887
centerY: 0.6561163387510693
width: 0.03385731559854897
height: 0.019674935842600515
Area: 0.00023480418675518198
CentroidX: 0.3712
CentroidY: 0.6661
