Location: Dedata_9.png_Gaussian-Closing.png
Component: component_1755521955543_144.png
centerX: 0.23346774193548386
centerY: 0.2544884582502137
width: 0.031451612903225803
height: 0.025078369905956112
Area: 0.0002526912363599592
CentroidX: 0.2519
CentroidY: 0.2684
