Location: Dedata_9.png_Mean-Closing.png
Component: component_1755521956048_292.png
centerX: 0.01653225806451613
centerY: 0.5565688230265032
width: 0.02338709677419355
height: 0.0262182958107723
Area: 0.00024154478346004283
CentroidX: 0.0293
CentroidY: 0.5717
