Location: Dedata_9.png_Gaussian-Median.png
Component: component_1755521956187_297.png
centerX: 0.42620967741935484
centerY: 0.5514391564548304
width: 0.027016129032258064
height: 0.02080364776289541
Area: 0.00024717546585278406
CentroidX: 0.4403
CentroidY: 0.5620
