Location: internet_14.png_Mean-Medain.png
Component: component_1755088178186_113.png
centerX: 0.8573155985489722
centerY: 0.22355289421157684
width: 0.026199113260781944
height: 0.023666951810664385
Area: 0.00024629729428113313
CentroidX: 0.8706
CentroidY: 0.2371
