Location: internet_14.png_Gaussian-Median.png
Component: component_1755088177747_312.png
centerX: 0.2966545747682386
centerY: 0.6110635871114913
width: 0.027408303103587262
height: 0.02281151981750784
Area: 0.00020515196933822803
CentroidX: 0.3110
CentroidY: 0.6242
