Location: internet_14.png_Mean-Closing.png
Component: component_1755088177922_231.png
centerX: 0.6823861346231358
centerY: 0.5052751639577987
width: 0.026602176541717048
height: 0.02879954376960365
Area: 0.0002310114612716181
CentroidX: 0.6944
CentroidY: 0.5224
