Location: Dedata_9.png_Gaussian-Closing.png
Component: component_1755521955581_308.png
centerX: 0.37379032258064515
centerY: 0.5901966372185808
width: 0.025806451612903226
height: 0.02821316614420063
Area: 0.0002988858143575506
CentroidX: 0.3881
CentroidY: 0.6066
