Location: Dedata_9.png_Gaussian-Closing.png
Component: component_1755521955572_271.png
centerX: 0.8516129032258064
centerY: 0.5172413793103449
width: 0.02661290322580645
height: 0.024508406953548018
Area: 0.0002786613224979086
CentroidX: 0.8660
CentroidY: 0.5300
