Location: Dedata_9.png_Gaussian-Closing.png
Component: component_1755521955566_248.png
centerX: 0.8004032258064516
centerY: 0.47962382445141066
width: 0.02661290322580645
height: 0.02536335138216016
Area: 0.00028095956020923155
CentroidX: 0.8148
CentroidY: 0.4945
