Location: internet_14.png_Gaussian-Closing.png
Component: component_1755088178063_260.png
centerX: 0.7746876259572752
centerY: 0.5491873396065012
width: 0.026199113260781944
height: 0.0213857998289136
Area: 0.00017940740848009746
CentroidX: 0.7880
CentroidY: 0.5608
