Location: internet_14.png_Gaussian-Median.png
Component: component_1755088177615_195.png
centerX: 0.717049576783555
centerY: 0.3627031650983747
width: 0.024586860137041516
height: 0.02737382378100941
Area: 0.0001949231036401315
CentroidX: 0.7286
CentroidY: 0.3786
