Location: Dedata_9.png_Gaussian-Closing.png
Component: component_1755521955582_314.png
centerX: 0.9092741935483871
centerY: 0.5919065260758051
width: 0.028629032258064516
height: 0.024793388429752067
Area: 0.00031313488816775295
CentroidX: 0.9251
CentroidY: 0.6048
