Location: Dedata_9.png_Mean-Medain.png
Component: component_1755521955929_367.png
centerX: 0.10201612903225807
centerY: 0.6808207466514676
width: 0.03064516129032258
height: 0.0262182958107723
Area: 0.0003084235008595409
CentroidX: 0.1196
CentroidY: 0.6967
