Location: internet_14.png_Mean-Closing.png
Component: component_1755088177912_173.png
centerX: 0.717049576783555
centerY: 0.36327345309381237
width: 0.024586860137041516
height: 0.026803535785571715
Area: 0.00020768045299393727
CentroidX: 0.7288
CentroidY: 0.3789
