Location: internet_14.png_Mean-Medain.png
Component: component_1755088178187_120.png
centerX: 0.6606207174526401
centerY: 0.22583404619332764
width: 0.030632809351068116
height: 0.02566295979469632
Area: 0.00028985617180448797
CentroidX: 0.6751
CentroidY: 0.2396
