Location: Dedata_9.png_Mean-Medain.png
Component: component_1755521955840_135.png
centerX: 0.8008064516129032
centerY: 0.2510686805357652
width: 0.02620967741935484
height: 0.023938444001139925
Area: 0.0002537254433300545
CentroidX: 0.8153
CentroidY: 0.2634
