Location: Dedata_9.png_Mean-Closing.png
Component: component_1755521955989_3.png
centerX: 0.7008064516129032
centerY: 0.002279851809632374
width: 0.02620967741935484
height: 0.021373610715303505
Area: 0.0002700429310804475
CentroidX: 0.7135
CentroidY: 0.0144
