Location: internet_14.png_Gaussian-Closing.png
Component: component_1755088178025_107.png
centerX: 0.05239822652156389
centerY: 0.1881950384944397
width: 0.029826682789197905
height: 0.021100655831194755
Area: 0.0002479063293347663
CentroidX: 0.0680
CentroidY: 0.1991
