Location: internet_14.png_Gaussian-Median.png
Component: component_1755088177736_280.png
centerX: 0.6739218057234986
centerY: 0.5486170516110636
width: 0.032648125755743655
height: 0.024522383803820928
Area: 0.00022147218202507864
CentroidX: 0.6904
CentroidY: 0.5635
