Location: Dedata_9.png_Gaussian-Closing.png
Component: component_1755521955548_163.png
centerX: 0.8483870967741935
centerY: 0.2980906241094329
width: 0.02943548387096774
height: 0.025933314334568254
Area: 0.0002374079555796615
CentroidX: 0.8642
CentroidY: 0.3131
