Location: Dedata_9.png_Gaussian-Median.png
Component: component_1755521956171_219.png
centerX: 0.807258064516129
centerY: 0.38928469649472786
width: 0.024193548387096774
height: 0.025078369905956112
Area: 0.00023533954163947084
CentroidX: 0.8212
CentroidY: 0.4030
