Location: Dedata_9.png_Gaussian-Median.png
Component: component_1755521956173_232.png
centerX: 0.30362903225806454
centerY: 0.43203191792533485
width: 0.027419354838709678
height: 0.021658592191507554
Area: 0.00021247207641180742
CentroidX: 0.3191
CentroidY: 0.4422
