Location: Dedata_9.png_Mean-Medain.png
Component: component_1755521955749_11.png
centerX: 0.6673387096774194
centerY: 0.005414648047876888
width: 0.02338709677419355
height: 0.019948703334283273
Area: 0.00023453515844050783
CentroidX: 0.6784
CentroidY: 0.0170
