Location: internet_14.png_Gaussian-Closing.png
Component: component_1755088178079_320.png
centerX: 0.9242241031841999
centerY: 0.6817792985457656
width: 0.020556227327690448
height: 0.023666951810664385
Area: 0.0001529732611704098
CentroidX: 0.9353
CentroidY: 0.6955
