Location: internet_14.png_Gaussian-Median.png
Component: component_1755088177485_131.png
centerX: 0.19871019750100766
centerY: 0.22697462218420303
width: 0.030229746070133012
height: 0.02480752780153978
Area: 0.00025319315879670384
CentroidX: 0.2132
CentroidY: 0.2406
