Location: internet_14.png_Gaussian-Median.png
Component: component_1755088177481_106.png
centerX: 0.561870213623539
centerY: 0.18334759053321928
width: 0.02539298669891173
height: 0.021100655831194755
Area: 0.0001810164435337306
CentroidX: 0.5745
CentroidY: 0.1951
