Location: Dedata_9.png_Mean-Closing.png
Component: component_1755521956031_218.png
centerX: 0.2068548387096774
centerY: 0.4314619549729268
width: 0.03185483870967742
height: 0.022513536620119692
Area: 0.0002644122486877063
CentroidX: 0.2256
CentroidY: 0.4416
