Location: internet_14.png_Mean-Medain.png
Component: component_1755088178221_298.png
centerX: 0.9415558242644095
centerY: 0.6390076988879384
width: 0.028617492946392584
height: 0.020815511833475905
Area: 0.0002968669673953182
CentroidX: 0.9561
CentroidY: 0.6506
