Location: Dedata_9.png_Gaussian-Median.png
Component: component_1755521956173_229.png
centerX: 0.06653225806451613
centerY: 0.4317469364491308
width: 0.024193548387096774
height: 0.023083499572527786
Area: 0.00018466340010479964
CentroidX: 0.0812
CentroidY: 0.4438
