Location: Dedata_9.png_Gaussian-Median.png
Component: component_1755521956201_382.png
centerX: 0.7508064516129033
centerY: 0.7172983756055856
width: 0.024596774193548387
height: 0.02792818466799658
Area: 0.0002696981954237491
CentroidX: 0.7636
CentroidY: 0.7342
