Location: internet_14.png_Gaussian-Closing.png
Component: component_1755088178044_204.png
centerX: 0.6255542120112858
centerY: 0.4151696606786427
width: 0.025796049979846837
height: 0.02566295979469632
Area: 0.0002129672824558748
CentroidX: 0.6377
CentroidY: 0.4309
