Location: internet_14.png_Mean-Medain.png
Component: component_1755088178204_210.png
centerX: 0.25312374042724706
centerY: 0.42600513259195893
width: 0.03466344216041919
height: 0.017678927858568578
Area: 0.00024526291460379753
CentroidX: 0.2724
CentroidY: 0.4346
