Location: internet_14.png_Gaussian-Median.png
Component: component_1755088177744_306.png
centerX: 0.5002015316404675
centerY: 0.605930995152552
width: 0.026199113260781944
height: 0.021100655831194755
Area: 0.00020066965740310708
CentroidX: 0.5130
CentroidY: 0.6180
