Location: Dedata_9.png_Gaussian-Median.png
Component: component_1755521956134_39.png
centerX: 0.25201612903225806
centerY: 0.04075235109717868
width: 0.024596774193548387
height: 0.018808777429467086
Area: 0.0002332711276992802
CentroidX: 0.2648
CentroidY: 0.0514
