Location: internet_14.png_Mean-Closing.png
Component: component_1755088177934_288.png
centerX: 0.10197501007658202
centerY: 0.6187624750499002
width: 0.02781136638452237
height: 0.020245223838038208
Area: 0.00021917356051988842
CentroidX: 0.1154
CentroidY: 0.6304
