Location: internet_14.png_Gaussian-Closing.png
Component: component_1755088178020_83.png
centerX: 0.10399032648125756
centerY: 0.14314228685486172
width: 0.028617492946392584
height: 0.021100655831194755
Area: 0.00023859691223874585
CentroidX: 0.1186
CentroidY: 0.1541
