Location: internet_14.png_Mean-Medain.png
Component: component_1755088178170_26.png
centerX: 0.6582023377670294
centerY: 0.05018534359851725
width: 0.029826682789197905
height: 0.02623324779013402
Area: 0.0003229563214792273
CentroidX: 0.6720
CentroidY: 0.0649
