Location: internet_14.png_Mean-Medain.png
Component: component_1755088178224_314.png
centerX: 0.15719467956469166
centerY: 0.6572569147419447
width: 0.03184199919387344
height: 0.0213857998289136
Area: 0.00024158512019549315
CentroidX: 0.1738
CentroidY: 0.6696
