Location: Dedata_9.png_Gaussian-Median.png
Component: component_1755521956150_129.png
centerX: 0.06612903225806452
centerY: 0.21117127386719864
width: 0.03588709677419355
height: 0.022228555143915644
Area: 0.00030302264223793196
CentroidX: 0.0858
CentroidY: 0.2242
