Location: Dedata_9.png_Mean-Medain.png
Component: component_1755521955858_170.png
centerX: 0.7939516129032258
centerY: 0.29980051296665716
width: 0.035483870967741936
height: 0.023083499572527786
Area: 0.0002678596052546907
CentroidX: 0.8150
CentroidY: 0.3116
