Location: internet_14.png_Mean-Medain.png
Component: component_1755088178190_137.png
centerX: 0.4062877871825877
centerY: 0.2694610778443114
width: 0.029826682789197905
height: 0.02423723980610208
Area: 0.0002689387161072569
CentroidX: 0.4212
CentroidY: 0.2831
