Location: Dedata_9.png_Mean-Medain.png
Component: component_1755521955843_142.png
centerX: 0.6338709677419355
centerY: 0.25334853234539756
width: 0.025
height: 0.022513536620119692
Area: 0.00022810009284880353
CentroidX: 0.6476
CentroidY: 0.2665
