Location: Dedata_9.png_Mean-Closing.png
Component: component_1755521956056_334.png
centerX: 0.26733870967741935
centerY: 0.6315189512681676
width: 0.02620967741935484
height: 0.02707324023938444
Area: 0.0002872797139153697
CentroidX: 0.2817
CentroidY: 0.6474
