Location: Dedata_9.png_Mean-Closing.png
Component: component_1755521955992_17.png
centerX: 0.018951612903225806
centerY: 0.006839555428897122
width: 0.028629032258064516
height: 0.028783129096608722
Area: 0.00037219959734875296
CentroidX: 0.0325
CentroidY: 0.0227
