Location: internet_14.png_Mean-Medain.png
Component: component_1755088178171_31.png
centerX: 0.007255139056831923
centerY: 0.05332192757342458
width: 0.023377670294236194
height: 0.020245223838038208
Area: 0.00023882677438926488
CentroidX: 0.0185
CentroidY: 0.0638
