Location: Dedata_9.png_Gaussian-Median.png
Component: component_1755521956188_306.png
centerX: 0.8443548387096774
centerY: 0.5554288971216871
width: 0.028629032258064516
height: 0.02536335138216016
Area: 0.00027314555199073353
CentroidX: 0.8604
CentroidY: 0.5706
