Location: internet_14.png_Mean-Closing.png
Component: component_1755088177903_125.png
centerX: 0.15034260378879485
centerY: 0.23068149415454806
width: 0.02418379685610641
height: 0.022241231822070145
Area: 0.00023227570309947273
CentroidX: 0.1613
CentroidY: 0.2430
