Location: Dedata_9.png_Gaussian-Median.png
Component: component_1755521956192_329.png
centerX: 0.17540322580645162
centerY: 0.5941863778854375
width: 0.027016129032258064
height: 0.028783129096608722
Area: 0.0003326699087139981
CentroidX: 0.1904
CentroidY: 0.6102
