Location: internet_14.png_Mean-Closing.png
Component: component_1755088177893_70.png
centerX: 0.20193470374848851
centerY: 0.13743940690048476
width: 0.025796049979846837
height: 0.02594810379241517
Area: 0.0002580202639576033
CentroidX: 0.2138
CentroidY: 0.1526
