Location: Dedata_9.png_Mean-Closing.png
Component: component_1755521956046_283.png
centerX: 0.42620967741935484
centerY: 0.5514391564548304
width: 0.027016129032258064
height: 0.02080364776289541
Area: 0.00025740262366817125
CentroidX: 0.4404
CentroidY: 0.5621
