Location: Dedata_9.png_Gaussian-Closing.png
Component: component_1755521955560_222.png
centerX: 0.2064516129032258
centerY: 0.4317469364491308
width: 0.03225806451612903
height: 0.0219435736677116
Area: 0.0002497035273352393
CentroidX: 0.2255
CentroidY: 0.4416
