Location: internet_14.png_Gaussian-Closing.png
Component: component_1755088178013_49.png
centerX: 0.01007658202337767
centerY: 0.0943826632449387
width: 0.022974607013301087
height: 0.02765896777872826
Area: 0.0002733060969671183
CentroidX: 0.0208
CentroidY: 0.1101
