Location: Dedata_9.png_Mean-Medain.png
Component: component_1755521955861_180.png
centerX: 0.19556451612903225
centerY: 0.34796238244514105
width: 0.031048387096774193
height: 0.021373610715303505
Area: 0.00024729037773835026
CentroidX: 0.2146
CentroidY: 0.3576
