Location: Dedata_9.png_Gaussian-Median.png
Component: component_1755521956178_253.png
centerX: 0.42379032258064514
centerY: 0.47848389854659445
width: 0.02620967741935484
height: 0.026788258763180393
Area: 0.0002947489864771693
CentroidX: 0.4379
CentroidY: 0.4914
