Location: Dedata_9.png_Mean-Medain.png
Component: component_1755521955865_191.png
centerX: 0.6153225806451613
centerY: 0.35081219720718154
width: 0.031451612903225803
height: 0.018808777429467086
Area: 0.00021948170143134245
CentroidX: 0.6330
CentroidY: 0.3588
