Location: Dedata_9.png_Mean-Medain.png
Component: component_1755521955887_258.png
centerX: 0.8911290322580645
centerY: 0.4827586206896552
width: 0.02620967741935484
height: 0.02536335138216016
Area: 0.00027969552946800394
CentroidX: 0.9048
CentroidY: 0.4958
