Location: internet_14.png_Gaussian-Median.png
Component: component_1755088177490_158.png
centerX: 0.3486497380088674
centerY: 0.2743085258055318
width: 0.027005239822652155
height: 0.023952095808383235
Area: 0.00022733366686331373
CentroidX: 0.3621
CentroidY: 0.2884
