Location: internet_14.png_Gaussian-Closing.png
Component: component_1755088178028_124.png
centerX: 0.5143087464731962
centerY: 0.22725976618192187
width: 0.029423619508262798
height: 0.02281151981750784
Area: 0.00023871184331400536
CentroidX: 0.5290
CentroidY: 0.2402
