Location: internet_14.png_Mean-Medain.png
Component: component_1755088178176_61.png
centerX: 0.5384925433293027
centerY: 0.0998003992015968
width: 0.027408303103587262
height: 0.022526375819788995
Area: 0.00026652516352680715
CentroidX: 0.5527
CentroidY: 0.1122
