Location: Dedata_9.png_Mean-Closing.png
Component: component_1755521956049_299.png
centerX: 0.5278225806451613
centerY: 0.5879167854089484
width: 0.03467741935483871
height: 0.024508406953548018
Area: 0.00035507772639939693
CentroidX: 0.5482
CentroidY: 0.6000
