Location: Dedata_9.png_Gaussian-Closing.png
Component: component_1755521955597_384.png
centerX: 0.015725806451612902
centerY: 0.7295525790823596
width: 0.025403225806451612
height: 0.02707324023938444
Area: 0.00028911830408442804
CentroidX: 0.0304
CentroidY: 0.7436
