Location: internet_14.png_Gaussian-Closing.png
Component: component_1755088178074_299.png
centerX: 0.0032245062474808546
centerY: 0.6224693470202453
width: 0.023377670294236194
height: 0.016823495865412035
Area: 0.00015975419461072097
CentroidX: 0.0154
CentroidY: 0.6312
