Location: internet_14.png_Gaussian-Closing.png
Component: component_1755088178030_131.png
centerX: 0.9089076985086658
centerY: 0.2623324779013402
width: 0.02781136638452237
height: 0.02623324779013402
Area: 0.00023170104772317517
CentroidX: 0.9222
CentroidY: 0.2776
