Location: internet_14.png_Mean-Closing.png
Component: component_1755088177942_336.png
centerX: 0.6219266424828698
centerY: 0.7348160821214713
width: 0.032245062474808545
height: 0.02480752780153978
Area: 0.00024721674288320924
CentroidX: 0.6383
CentroidY: 0.7482
