Location: internet_14.png_Gaussian-Closing.png
Component: component_1755088178069_285.png
centerX: 0.8714228133817009
centerY: 0.605930995152552
width: 0.026602176541717048
height: 0.017964071856287425
Area: 0.0001549270894498215
CentroidX: 0.8847
CentroidY: 0.6166
