Location: internet_14.png_Mean-Medain.png
Component: component_1755088178199_189.png
centerX: 0.2523176138653769
centerY: 0.37496435700028513
width: 0.02539298669891173
height: 0.021100655831194755
Area: 0.00022262149277767378
CentroidX: 0.2647
CentroidY: 0.3871
