Location: internet_14.png_Mean-Closing.png
Component: component_1755088177926_251.png
centerX: 0.6739218057234986
centerY: 0.5486170516110636
width: 0.032648125755743655
height: 0.024522383803820928
Area: 0.00023112639234687763
CentroidX: 0.6906
CentroidY: 0.5636
