Location: internet_14.png_Gaussian-Median.png
Component: component_1755088177735_279.png
centerX: 0.7214832728738412
centerY: 0.546050755631594
width: 0.03143893591293833
height: 0.02480752780153978
Area: 0.00022365587245500937
CentroidX: 0.7388
CentroidY: 0.5598
