Location: internet_14.png_Gaussian-Median.png
Component: component_1755088177809_401.png
centerX: 0.43732365981459087
centerY: 0.7798688337610493
width: 0.02781136638452237
height: 0.017393783860849728
Area: 0.00017228168181400772
CentroidX: 0.4527
CentroidY: 0.7891
