Location: internet_14.png_Gaussian-Median.png
Component: component_1755088177478_88.png
centerX: 0.4538492543329303
centerY: 0.1437125748502994
width: 0.024586860137041516
height: 0.022526375819788995
Area: 0.00021020893664964652
CentroidX: 0.4668
CentroidY: 0.1561
