Location: internet_27.png_Gaussian-Closing.png
Component: component_1755079635498_256.png
centerX: 0.01128577186618299
centerY: 0.5888223552894212
width: 0.029826682789197905
height: 0.02623324779013402
Area: 0.00017285633719030529
CentroidX: 0.0249
CentroidY: 0.5983
