Location: internet_27.png_Gaussian-Closing.png
Component: component_1755079635519_307.png
centerX: 0.7045546150745667
centerY: 0.7080125463358996
width: 0.03990326481257558
height: 0.029654975762760195
Area: 0.00033375984255362137
CentroidX: 0.7255
CentroidY: 0.7204
