Location: internet_27.png_Gaussian-Closing.png
Component: component_1755079635513_295.png
centerX: 0.20233776702942363
centerY: 0.6780724265754206
width: 0.03667875856509472
height: 0.0290846877673225
Area: 0.00028468427341781
CentroidX: 0.2205
CentroidY: 0.6896
