Location: Dedata_20.png_Mean-Medain.png
Component: component_1755511365501_178.png
centerX: 0.6879032258064516
centerY: 0.43488173268737534
width: 0.02943548387096774
height: 0.030208036477628954
Area: 0.0003569163165684553
CentroidX: 0.7034
CentroidY: 0.4474
