Location: internet_27.png_Gaussian-Closing.png
Component: component_1755079635481_205.png
centerX: 0.5783958081418783
centerY: 0.4619332763045338
width: 0.03305118903667876
height: 0.026518391787852865
Area: 0.0002699730957845925
CentroidX: 0.5938
CentroidY: 0.4732
