Location: Dedata_20.png_Gaussian-Closing.png
Component: component_1755511366398_231.png
centerX: 0.7657258064516129
centerY: 0.5571387859789114
width: 0.032661290322580645
height: 0.03277286976346538
Area: 0.0002772823798711148
CentroidX: 0.7811
CentroidY: 0.5708
