Location: Dedata_20.png_Gaussian-Closing.png
Component: component_1755511366414_270.png
centerX: 0.7903225806451613
centerY: 0.6434881732687375
width: 0.032661290322580645
height: 0.03277286976346538
Area: 0.00037886448671158957
CentroidX: 0.8072
CentroidY: 0.6572
