Location: internet_27.png_Mean-Medain.png
Component: component_1755079635357_258.png
centerX: 0.2619911326078194
centerY: 0.5774165953806673
width: 0.032648125755743655
height: 0.0290846877673225
Area: 0.0002937638283633114
CentroidX: 0.2780
CentroidY: 0.5907
