Location: Dedata_20.png_Gaussian-Median.png
Component: component_1755511365890_304.png
centerX: 0.7153225806451613
centerY: 0.6973496722713024
width: 0.032661290322580645
height: 0.03305785123966942
Area: 0.0003393347980768347
CentroidX: 0.7308
CentroidY: 0.7108
