Location: internet_27.png_Gaussian-Closing.png
Component: component_1755079635475_180.png
centerX: 0.9068923821039904
centerY: 0.4037639007698888
width: 0.02257154373236598
height: 0.02594810379241517
Area: 0.00016975319815829847
CentroidX: 0.9181
CentroidY: 0.4159
