Location: Dedata_20.png_Gaussian-Closing.png
Component: component_1755511366361_131.png
centerX: 0.5504032258064516
centerY: 0.2992305500142491
width: 0.04435483870967742
height: 0.03419777714448561
Area: 0.000494236019820002
CentroidX: 0.5707
CentroidY: 0.3150
