Location: internet_27.png_Gaussian-Closing.png
Component: component_1755079635455_105.png
centerX: 0.6908504635227731
centerY: 0.23182207014542344
width: 0.036275695284159616
height: 0.03022526375819789
Area: 0.00027043282008563056
CentroidX: 0.7105
CentroidY: 0.2438
