Location: Dedata_20.png_Mean-Medain.png
Component: component_1755511365514_208.png
centerX: 0.2657258064516129
centerY: 0.5049871758335708
width: 0.03467741935483871
height: 0.03220290681105728
Area: 0.00038529955230329384
CentroidX: 0.2832
CentroidY: 0.5192
