Location: internet_27.png_Gaussian-Closing.png
Component: component_1755079635497_254.png
centerX: 0.1124546553808948
centerY: 0.5865412033076703
width: 0.032648125755743655
height: 0.029940119760479042
Area: 0.0003139916976089854
CentroidX: 0.1275
CentroidY: 0.6001
