Location: internet_27.png_Mean-Medain.png
Component: component_1755079635344_202.png
centerX: 0.010882708585247884
centerY: 0.44625035642999716
width: 0.03305118903667876
height: 0.030795551753635585
Area: 0.00033352998040310234
CentroidX: 0.0261
CentroidY: 0.4584
