Location: internet_27.png_Mean-Closing.png
Component: component_1755079635220_283.png
centerX: 0.5989520354695688
centerY: 0.6606786427145709
width: 0.037484885126964934
height: 0.029940119760479042
Area: 0.00030341803868511036
CentroidX: 0.6178
CentroidY: 0.6724
