Location: Dedata_20.png_Mean-Closing.png
Component: component_1755511366046_279.png
centerX: 0.8995967741935483
centerY: 0.6754060986035908
width: 0.03387096774193549
height: 0.03163294385864919
Area: 0.0003693268002095993
CentroidX: 0.9174
CentroidY: 0.6889
