Location: internet_27.png_Otsu.png
Component: component_1755079634736_74.png
centerX: 0.7646110439338977
centerY: 0.06159110350727117
width: 0.032245062474808545
height: 0.02566295979469632
Area: 0.00019204982675864371
CentroidX: 0.7799
CentroidY: 0.0724
