Location: Dedata_20.png_Mean-Closing.png
Component: component_1755511365986_93.png
centerX: 0.8572580645161291
centerY: 0.2043317184383015
width: 0.038306451612903226
height: 0.037902536335138216
Area: 0.0005030842350085954
CentroidX: 0.8780
CentroidY: 0.2198
