Location: internet_27.png_Mean-Medain.png
Component: component_1755079635337_177.png
centerX: 0.2619911326078194
centerY: 0.38551468491588253
width: 0.03667875856509472
height: 0.026518391787852865
Area: 0.00033536887760725456
CentroidX: 0.2798
CentroidY: 0.3959
