Location: Dedata_20.png_Mean-Medain.png
Component: component_1755511365562_332.png
centerX: 0.8137096774193548
centerY: 0.7825591336563124
width: 0.03185483870967742
height: 0.036477628954117984
Area: 0.00036082332067770436
CentroidX: 0.8286
CentroidY: 0.7966
