Location: internet_27.png_Otsu.png
Component: component_1755079634753_504.png
centerX: 0.3732365981459089
centerY: 0.1990305104077559
width: 0.028617492946392584
height: 0.03136583974907328
Area: 0.00014446836160120596
CentroidX: 0.3869
CentroidY: 0.2125
