Location: internet_27.png_Gaussian-Closing.png
Component: component_1755079635520_309.png
centerX: 0.6569931479242241
centerY: 0.7102936983176504
width: 0.03305118903667876
height: 0.029654975762760195
Area: 0.0003285879441669434
CentroidX: 0.6727
CentroidY: 0.7238
