Location: Dedata_20.png_Mean-Closing.png
Component: component_1755511366062_323.png
centerX: 0.9048387096774193
centerY: 0.7765745226560273
width: 0.0375
height: 0.03590766600170989
Area: 0.0003825416670497063
CentroidX: 0.9235
CentroidY: 0.7906
