Location: internet_27.png_Gaussian-Closing.png
Component: component_1755079635475_181.png
centerX: 0.7138250705360741
centerY: 0.40718562874251496
width: 0.03909713825070536
height: 0.028514399771884802
Area: 0.00027686896030016317
CentroidX: 0.7338
CentroidY: 0.4177
