Location: Dedata_20.png_Mean-Closing.png
Component: component_1755511365979_70.png
centerX: 0.1967741935483871
centerY: 0.14562553434026787
width: 0.035483870967741936
height: 0.032487888287261325
Area: 0.00034691898252420044
CentroidX: 0.2152
CentroidY: 0.1590
