Location: internet_27.png_Mean-Medain.png
Component: component_1755079635335_168.png
centerX: 0.6582023377670294
centerY: 0.3681209010550328
width: 0.0354695687222894
height: 0.027088679783290562
Area: 0.00030916459244808593
CentroidX: 0.6752
CentroidY: 0.3786
