Location: internet_27.png_Otsu.png
Component: component_1755079634813_1949.png
centerX: 0.15880693268843207
centerY: 0.7285429141716567
width: 0.035872632003224506
height: 0.027088679783290562
Area: 0.00017745358020068575
CentroidX: 0.1772
CentroidY: 0.7382
