Location: Dedata_20.png_Gaussian-Closing.png
Component: component_1755511366433_334.png
centerX: 0.7596774193548387
centerY: 0.786263892846965
width: 0.03508064516129032
height: 0.0347677400968937
Area: 0.000358984730508646
CentroidX: 0.7776
CentroidY: 0.7996
