Location: internet_27.png_Otsu.png
Component: component_1755079634745_303.png
centerX: 0.7239016525594518
centerY: 0.14399771884801824
width: 0.02902055622732769
height: 0.029654975762760195
Area: 0.00018526889331833252
CentroidX: 0.7378
CentroidY: 0.1556
