Location: internet_27.png_Otsu.png
Component: component_1755079634778_1121.png
centerX: 0.2079806529625151
centerY: 0.38751069289991447
width: 0.036275695284159616
height: 0.025092671799258625
Area: 0.00028342003158995536
CentroidX: 0.2261
CentroidY: 0.3972
