Location: internet_27.png_Mean-Closing.png
Component: component_1755079635177_231.png
centerX: 0.10963321241434905
centerY: 0.5335044197319646
width: 0.03385731559854897
height: 0.026518391787852865
Area: 0.0002643414730968764
CentroidX: 0.1269
CentroidY: 0.5444
