Location: internet_27.png_Mean-Closing.png
Component: component_1755079635207_250.png
centerX: 0.2140266021765417
centerY: 0.5808383233532934
width: 0.032245062474808545
height: 0.026518391787852865
Area: 0.0002883620678261143
CentroidX: 0.2284
CentroidY: 0.5930
