Location: Dedata_20.png_Gaussian-Closing.png
Component: component_1755511366438_351.png
centerX: 0.2375
centerY: 0.8532345397549159
width: 0.03588709677419355
height: 0.031062980906241093
Area: 0.0003075042057750117
CentroidX: 0.2552
CentroidY: 0.8650
