Location: Dedata_20.png_Gaussian-Median.png
Component: component_1755511365900_336.png
centerX: 0.9048387096774193
centerY: 0.7768595041322314
width: 0.0375
height: 0.03590766600170989
Area: 0.00036139788010553506
CentroidX: 0.9235
CentroidY: 0.7909
