Location: internet_27.png_Gaussian-Closing.png
Component: component_1755079635451_90.png
centerX: 0.5312374042724708
centerY: 0.1958939264328486
width: 0.029826682789197905
height: 0.028514399771884802
Area: 0.00022940242621798495
CentroidX: 0.5446
CentroidY: 0.2086
