Location: internet_27.png_Gaussian-Closing.png
Component: component_1755079635447_82.png
centerX: 0.8730350665054414
centerY: 0.1799258625605931
width: 0.03829101168883515
height: 0.03507271171941831
Area: 0.00029514300126642554
CentroidX: 0.8914
CentroidY: 0.1943
