Location: Dedata_20.png_Gaussian-Median.png
Component: component_1755511365813_69.png
centerX: 0.37298387096774194
centerY: 0.134226275292106
width: 0.032661290322580645
height: 0.03334283271587347
Area: 0.00031279015251105453
CentroidX: 0.3897
CentroidY: 0.1469
