Location: internet_27.png_Mean-Closing.png
Component: component_1755079635168_217.png
centerX: 0.8210399032648126
centerY: 0.5012831479897348
width: 0.04030632809351068
height: 0.026803535785571715
Area: 0.00027847799535379636
CentroidX: 0.8429
CentroidY: 0.5126
