Location: internet_27.png_Otsu.png
Component: component_1755079634784_1202.png
centerX: 0.819024586860137
centerY: 0.4533789563729683
width: 0.035872632003224506
height: 0.02623324779013402
Area: 0.00023376980707784639
CentroidX: 0.8371
CentroidY: 0.4642
