Location: Dedata_20.png_Gaussian-Closing.png
Component: component_1755511366346_87.png
centerX: 0.3189516129032258
centerY: 0.182958107722998
width: 0.039112903225806454
height: 0.032487888287261325
Area: 0.00032657957877899225
CentroidX: 0.3366
CentroidY: 0.1964
