Location: Dedata_20.png_Gaussian-Closing.png
Component: component_1755511366324_31.png
centerX: 0.3665322580645161
centerY: 0.055571387859789115
width: 0.034274193548387094
height: 0.031062980906241093
Area: 0.0003415181239025915
CentroidX: 0.3829
CentroidY: 0.0683
