Location: internet_27.png_Mean-Closing.png
Component: component_1755079634880_76.png
centerX: 0.1124546553808948
centerY: 0.1602509267179926
width: 0.03829101168883515
height: 0.03022526375819789
Area: 0.00026353695557005985
CentroidX: 0.1327
CentroidY: 0.1711
