Location: internet_27.png_Otsu.png
Component: component_1755079634813_1985.png
centerX: 0.06126561870213623
centerY: 0.7325349301397206
width: 0.029423619508262798
height: 0.0290846877673225
Area: 0.00026422654202161693
CentroidX: 0.0757
CentroidY: 0.7459
