Location: internet_27.png_Mean-Medain.png
Component: component_1755079635366_325.png
centerX: 0.3067311567916163
centerY: 0.677216994582264
width: 0.03184199919387344
height: 0.027088679783290562
Area: 0.00027422554556919443
CentroidX: 0.3237
CentroidY: 0.6882
