Location: Dedata_20.png_Mean-Closing.png
Component: component_1755511366035_246.png
centerX: 0.34233870967741936
centerY: 0.5973211741236819
width: 0.03024193548387097
height: 0.03733257338273012
Area: 0.0003648452366725195
CentroidX: 0.3584
CentroidY: 0.6131
