Location: internet_27.png_Gaussian-Closing.png
Component: component_1755079635468_153.png
centerX: 0.21362353889560662
centerY: 0.34644995722840033
width: 0.041515517936316
height: 0.030795551753635585
Area: 0.0003712273730882221
CentroidX: 0.2356
CentroidY: 0.3578
