Location: Dedata_20.png_Gaussian-Closing.png
Component: component_1755511366346_85.png
centerX: 0.44314516129032255
centerY: 0.17355371900826447
width: 0.03387096774193549
height: 0.031062980906241093
Area: 0.00031382435948114985
CentroidX: 0.4601
CentroidY: 0.1857
