Location: internet_27.png_Otsu.png
Component: component_1755079634808_1788.png
centerX: 0.05965336557839581
centerY: 0.6857713145138294
width: 0.03385731559854897
height: 0.02879954376960365
Area: 0.00018940641202767495
CentroidX: 0.0770
CentroidY: 0.6976
