Location: Dedata_20.png_Mean-Medain.png
Component: component_1755511365498_169.png
centerX: 0.3919354838709677
centerY: 0.41379310344827586
width: 0.031451612903225803
height: 0.030493017953833
Area: 0.0003972503884021732
CentroidX: 0.4079
CentroidY: 0.4267
