Location: Dedata_20.png_Gaussian-Closing.png
Component: component_1755511366357_120.png
centerX: 0.3512096774193548
centerY: 0.2713023653462525
width: 0.039919354838709675
height: 0.03562268452550584
Area: 0.0004943509317055681
CentroidX: 0.3716
CentroidY: 0.2868
