Location: internet_27.png_Gaussian-Closing.png
Component: component_1755079635488_220.png
centerX: 0.7843611446997178
centerY: 0.5078414599372684
width: 0.03184199919387344
height: 0.026803535785571715
Area: 0.00026859392288147835
CentroidX: 0.8002
CentroidY: 0.5199
