Location: Dedata_20.png_Mean-Closing.png
Component: component_1755511365961_14.png
centerX: 0.2495967741935484
centerY: 0.00968937019093759
width: 0.031048387096774193
height: 0.03761755485893417
Area: 0.0004015021281681207
CentroidX: 0.2642
CentroidY: 0.0234
