Location: internet_27.png_Mean-Closing.png
Component: component_1755079634883_89.png
centerX: 0.5312374042724708
centerY: 0.1958939264328486
width: 0.029826682789197905
height: 0.028514399771884802
Area: 0.0002400910162171195
CentroidX: 0.5445
CentroidY: 0.2084
