Location: internet_27.png_Mean-Medain.png
Component: component_1755079635345_207.png
centerX: 0.7767029423619508
centerY: 0.45451953236384374
width: 0.030229746070133012
height: 0.025092671799258625
Area: 0.0002689387161072569
CentroidX: 0.7906
CentroidY: 0.4661
