Location: Dedata_20.png_Gaussian-Median.png
Component: component_1755511365804_49.png
centerX: 0.6645161290322581
centerY: 0.08634938728982616
width: 0.039919354838709675
height: 0.027643203191792535
Area: 0.00033944970996240085
CentroidX: 0.6830
CentroidY: 0.0994
