Location: internet_27.png_Otsu.png
Component: component_1755079634751_464.png
centerX: 0.8210399032648126
centerY: 0.18591388651268892
width: 0.03667875856509472
height: 0.01710863986313088
Area: 0.00011447135095847345
CentroidX: 0.8409
CentroidY: 0.1925
