Location: internet_27.png_Mean-Closing.png
Component: component_1755079634912_130.png
centerX: 0.362353889560661
centerY: 0.2934131736526946
width: 0.03869407496977025
height: 0.033932135728542916
Area: 0.00035249360782092174
CentroidX: 0.3826
CentroidY: 0.3051
