Location: internet_27.png_Gaussian-Closing.png
Component: component_1755079635429_31.png
centerX: 0.3317210802095929
centerY: 0.06244653550042772
width: 0.032245062474808545
height: 0.0290846877673225
Area: 0.00023250556524999176
CentroidX: 0.3478
CentroidY: 0.0750
