Location: Dedata_20.png_Mean-Medain.png
Component: component_1755511365476_104.png
centerX: 0.32217741935483873
centerY: 0.22770019948703335
width: 0.037096774193548385
height: 0.033912795668281565
Area: 0.0004526379172450565
CentroidX: 0.3417
CentroidY: 0.2416
