Location: Dedata_20.png_Mean-Medain.png
Component: component_1755511365534_254.png
centerX: 0.24879032258064515
centerY: 0.6067255628384155
width: 0.031048387096774193
height: 0.033912795668281565
Area: 0.0003199146894161557
CentroidX: 0.2647
CentroidY: 0.6209
