Location: internet_27.png_Mean-Medain.png
Component: component_1755079635311_77.png
centerX: 0.28053204353083433
centerY: 0.15739948674080412
width: 0.036275695284159616
height: 0.031080695751354435
Area: 0.00027514499417127054
CentroidX: 0.2998
CentroidY: 0.1690
