Location: internet_27.png_Gaussian-Closing.png
Component: component_1755079635436_47.png
centerX: 0.6525594518339379
centerY: 0.10350727117194183
width: 0.037484885126964934
height: 0.028514399771884802
Area: 0.0002627324380432433
CentroidX: 0.6731
CentroidY: 0.1145
