Location: Dedata_20.png_Gaussian-Closing.png
Component: component_1755511366379_179.png
centerX: 0.07862903225806452
centerY: 0.43659162154459963
width: 0.05040322580645161
height: 0.033912795668281565
Area: 0.0005166438375054009
CentroidX: 0.1027
CentroidY: 0.4527
