Location: Dedata_20.png_Mean-Closing.png
Component: component_1755511366028_228.png
centerX: 0.25443548387096776
centerY: 0.5594186377885437
width: 0.029838709677419355
height: 0.03305785123966942
Area: 0.0003357725296242841
CentroidX: 0.2689
CentroidY: 0.5728
