Location: Dedata_20.png_Mean-Closing.png
Component: component_1755511365958_3.png
centerX: 0.8028225806451613
centerY: 0.0037047591906526076
width: 0.03790322580645161
height: 0.03676261043032203
Area: 0.0004285064212761654
CentroidX: 0.8216
CentroidY: 0.0179
