Location: Dedata_20.png_Mean-Closing.png
Component: component_1755511366066_334.png
centerX: 0.21088709677419354
centerY: 0.8027928184667996
width: 0.03870967741935484
height: 0.03134796238244514
Area: 0.00037553204203017126
CentroidX: 0.2304
CentroidY: 0.8160
