Location: internet_27.png_Otsu.png
Component: component_1755079634796_1395.png
centerX: 0.3538895606610238
centerY: 0.5708582834331337
width: 0.0354695687222894
height: 0.03279155973766752
Area: 0.00023951636084082196
CentroidX: 0.3727
CentroidY: 0.5836
