Location: Dedata_20.png_Gaussian-Closing.png
Component: component_1755511366369_154.png
centerX: 0.9189516129032258
centerY: 0.37446565973211743
width: 0.03790322580645161
height: 0.030777999430037048
Area: 0.0004036854539938775
CentroidX: 0.9371
CentroidY: 0.3891
