Location: internet_27.png_Mean-Medain.png
Component: component_1755079635305_46.png
centerX: 0.8065296251511487
centerY: 0.09923011120615911
width: 0.035872632003224506
height: 0.027944111776447105
Area: 0.00026951337148355445
CentroidX: 0.8254
CentroidY: 0.1098
