Location: Dedata_20.png_Mean-Medain.png
Component: component_1755511365550_297.png
centerX: 0.6633064516129032
centerY: 0.7030493017953833
width: 0.037096774193548385
height: 0.02963807352522086
Area: 0.0003641557653591226
CentroidX: 0.6824
CentroidY: 0.7151
