Location: Dedata_20.png_Mean-Closing.png
Component: component_1755511366009_167.png
centerX: 0.3407258064516129
centerY: 0.4172128811627244
width: 0.03064516129032258
height: 0.030208036477628954
Area: 0.0003894363801836752
CentroidX: 0.3572
CentroidY: 0.4304
