Location: internet_27.png_Mean-Medain.png
Component: component_1755079635316_96.png
centerX: 0.31519548569125355
centerY: 0.20216709438266325
width: 0.03345425231761386
height: 0.031936127744510975
Area: 0.00029341903513753286
CentroidX: 0.3319
CentroidY: 0.2156
