Location: Dedata_20.png_Gaussian-Median.png
Component: component_1755511365842_147.png
centerX: 0.1495967741935484
centerY: 0.33456825306355087
width: 0.03588709677419355
height: 0.03676261043032203
Area: 0.00047562029435828607
CentroidX: 0.1664
CentroidY: 0.3502
