Location: Dedata_20.png_Mean-Medain.png
Component: component_1755511365493_154.png
centerX: 0.9189516129032258
centerY: 0.37446565973211743
width: 0.038306451612903226
height: 0.030777999430037048
Area: 0.0004262081835648425
CentroidX: 0.9372
CentroidY: 0.3889
