Location: internet_27.png_Otsu.png
Component: component_1755079634733_29.png
centerX: 0.4840790004030633
centerY: 0.019104647847162818
width: 0.03305118903667876
height: 0.03222127174222983
Area: 0.000170097991384077
CentroidX: 0.4988
CentroidY: 0.0319
