Location: Dedata_20.png_Mean-Medain.png
Component: component_1755511365505_187.png
centerX: 0.9346774193548387
centerY: 0.45882017668851527
width: 0.02943548387096774
height: 0.03163294385864919
Area: 0.00033221026117173354
CentroidX: 0.9506
CentroidY: 0.4715
