Location: internet_27.png_Gaussian-Closing.png
Component: component_1755079635514_296.png
centerX: 0.15517936316001613
centerY: 0.6814941545480467
width: 0.03426037887948408
height: 0.026518391787852865
Area: 0.00026583557707525007
CentroidX: 0.1736
CentroidY: 0.6929
