Location: Dedata_20.png_Mean-Closing.png
Component: component_1755511366068_340.png
centerX: 0.07298387096774193
centerY: 0.8198917070390425
width: 0.032661290322580645
height: 0.03505272157309775
Area: 0.00038300131459197086
CentroidX: 0.0899
CentroidY: 0.8339
