Location: Dedata_20.png_Gaussian-Median.png
Component: component_1755511365827_103.png
centerX: 0.5096774193548387
centerY: 0.21060131091479053
width: 0.03951612903225806
height: 0.037047591906526074
Area: 0.0004806764173231966
CentroidX: 0.5294
CentroidY: 0.2257
