Location: internet_27.png_Mean-Medain.png
Component: component_1755079635316_98.png
centerX: 0.21039903264812576
centerY: 0.2084402623324779
width: 0.035872632003224506
height: 0.026518391787852865
Area: 0.000279742237181651
CentroidX: 0.2288
CentroidY: 0.2197
