Location: Dedata_20.png_Mean-Medain.png
Component: component_1755511365478_111.png
centerX: 0.652016129032258
centerY: 0.2450840695354802
width: 0.03870967741935484
height: 0.039897406668566546
Area: 0.00056260859173186
CentroidX: 0.6722
CentroidY: 0.2622
