Location: Dedata_20.png_Mean-Closing.png
Component: component_1755511365987_97.png
centerX: 0.5096774193548387
centerY: 0.21060131091479053
width: 0.03951612903225806
height: 0.037047591906526074
Area: 0.0005092894768291674
CentroidX: 0.5293
CentroidY: 0.2256
