Location: Dedata_20.png_Mean-Closing.png
Component: component_1755511365973_53.png
centerX: 0.19556451612903225
centerY: 0.10772299800512966
width: 0.03508064516129032
height: 0.026788258763180393
Area: 0.0003487575726932588
CentroidX: 0.2139
CentroidY: 0.1185
