Location: Dedata_20.png_Gaussian-Closing.png
Component: component_1755511366368_151.png
centerX: 0.39838709677419354
centerY: 0.3579367341122827
width: 0.035483870967741936
height: 0.04445711028783129
Area: 0.0005690436573235643
CentroidX: 0.4173
CentroidY: 0.3760
