Location: Dedata_20.png_Mean-Closing.png
Component: component_1755511366043_270.png
centerX: 0.7012096774193548
centerY: 0.6537475064120832
width: 0.03467741935483871
height: 0.03277286976346538
Area: 0.0004019617757103853
CentroidX: 0.7180
CentroidY: 0.6668
