Location: internet_27.png_Gaussian-Closing.png
Component: component_1755079635455_104.png
centerX: 0.7456670697299476
centerY: 0.23125178214998574
width: 0.039500201531640466
height: 0.0290846877673225
Area: 0.00029744162277161576
CentroidX: 0.7659
CentroidY: 0.2425
