Location: Dedata_20.png_Gaussian-Median.png
Component: component_1755511365848_168.png
centerX: 0.5959677419354839
centerY: 0.39897406668566543
width: 0.03508064516129032
height: 0.030208036477628954
Area: 0.00035128563417571407
CentroidX: 0.6138
CentroidY: 0.4109
