Location: internet_27.png_Otsu.png
Component: component_1755079634795_1365.png
centerX: 0.5449415558242644
centerY: 0.5625891074992871
width: 0.032648125755743655
height: 0.03279155973766752
Area: 0.00022434545890656643
CentroidX: 0.5611
CentroidY: 0.5768
