Location: Dedata_20.png_Gaussian-Closing.png
Component: component_1755511366382_187.png
centerX: 0.9350806451612903
centerY: 0.45882017668851527
width: 0.028629032258064516
height: 0.03163294385864919
Area: 0.00031187085742652535
CentroidX: 0.9506
CentroidY: 0.4716
