Location: Dedata_20.png_Mean-Medain.png
Component: component_1755511365472_89.png
centerX: 0.26411290322580644
centerY: 0.1883727557708749
width: 0.03467741935483871
height: 0.03220290681105728
Area: 0.0003326699087139981
CentroidX: 0.2825
CentroidY: 0.2006
