Location: Dedata_20.png_Mean-Closing.png
Component: component_1755511366003_148.png
centerX: 0.3318548387096774
centerY: 0.3627814192077515
width: 0.0407258064516129
height: 0.043032202906811055
Area: 0.0005683541860101674
CentroidX: 0.3517
CentroidY: 0.3813
