Location: internet_27.png_Mean-Medain.png
Component: component_1755079635347_219.png
centerX: 0.11124546553808948
centerY: 0.4864556601083547
width: 0.036275695284159616
height: 0.03222127174222983
Area: 0.00031847400954410635
CentroidX: 0.1302
CentroidY: 0.4995
