Location: internet_27.png_Mean-Closing.png
Component: component_1755079635170_220.png
centerX: 0.7400241837968561
centerY: 0.5089820359281437
width: 0.03506650544135429
height: 0.024522383803820928
Area: 0.00027261651051556124
CentroidX: 0.7579
CentroidY: 0.5190
