Location: internet_27.png_Otsu.png
Component: component_1755079634795_1364.png
centerX: 0.6428859330914953
centerY: 0.5600228115198175
width: 0.027408303103587262
height: 0.02879954376960365
Area: 0.00015136422611677664
CentroidX: 0.6570
CentroidY: 0.5696
