Location: Dedata_20.png_Mean-Closing.png
Component: component_1755511366008_164.png
centerX: 0.442741935483871
centerY: 0.41208321459105157
width: 0.031048387096774193
height: 0.033912795668281565
Area: 0.00040954596015775103
CentroidX: 0.4588
CentroidY: 0.4256
