Location: Dedata_20.png_Gaussian-Closing.png
Component: component_1755511366331_46.png
centerX: 0.7782258064516129
centerY: 0.08492447990880593
width: 0.034274193548387094
height: 0.03305785123966942
Area: 0.00034760845383759734
CentroidX: 0.7954
CentroidY: 0.0987
