Location: internet_27.png_Mean-Medain.png
Component: component_1755079635341_188.png
centerX: 0.7682386134623136
centerY: 0.40775591673795264
width: 0.032648125755743655
height: 0.026518391787852865
Area: 0.00029721176062109673
CentroidX: 0.7832
CentroidY: 0.4190
