Location: internet_27.png_Mean-Medain.png
Component: component_1755079635369_338.png
centerX: 0.8992341797662233
centerY: 0.7040205303678357
width: 0.03788794840790004
height: 0.02879954376960365
Area: 0.0003606537141643471
CentroidX: 0.9170
CentroidY: 0.7159
