Location: internet_27.png_Mean-Medain.png
Component: component_1755079635335_169.png
centerX: 0.6215235792019347
centerY: 0.37011690903906475
width: 0.022168480451430876
height: 0.01568291987453664
Area: 0.0001328603229999953
CentroidX: 0.6349
CentroidY: 0.3761
