Location: Dedata_20.png_Mean-Closing.png
Component: component_1755511366014_182.png
centerX: 0.380241935483871
centerY: 0.45882017668851527
width: 0.036290322580645164
height: 0.03932744371615845
Area: 0.00041356787615256624
CentroidX: 0.3974
CentroidY: 0.4738
