Location: Dedata_20.png_Mean-Closing.png
Component: component_1755511366011_172.png
centerX: 0.14838709677419354
centerY: 0.42832715873468225
width: 0.04153225806451613
height: 0.03875748076375036
Area: 0.0005526112576876051
CentroidX: 0.1692
CentroidY: 0.4449
