Location: Dedata_20.png_Mean-Closing.png
Component: component_1755511365991_110.png
centerX: 0.9028225806451613
centerY: 0.2482188657737247
width: 0.04032258064516129
height: 0.03305785123966942
Area: 0.0005189420752167238
CentroidX: 0.9234
CentroidY: 0.2645
