Location: Dedata_20.png_Mean-Medain.png
Component: component_1755511365503_184.png
centerX: 0.4806451612903226
centerY: 0.4494157879737817
width: 0.03185483870967742
height: 0.03562268452550584
Area: 0.0004054091322773697
CentroidX: 0.4962
CentroidY: 0.4631
