Location: internet_27.png_Gaussian-Closing.png
Component: component_1755079635455_107.png
centerX: 0.5344619105199516
centerY: 0.23495865412033076
width: 0.031035872632003223
height: 0.029369831765041345
Area: 0.00024124032696971464
CentroidX: 0.5493
CentroidY: 0.2473
