Location: internet_27.png_Mean-Closing.png
Component: component_1755079634868_18.png
centerX: 0.6364369205965337
centerY: 0.018819503849443968
width: 0.030632809351068116
height: 0.029654975762760195
Area: 0.0002519289169688492
CentroidX: 0.6519
CentroidY: 0.0312
