Location: internet_27.png_Mean-Medain.png
Component: component_1755079635336_170.png
centerX: 0.6033857315598549
centerY: 0.37268320501853436
width: 0.02781136638452237
height: 0.023952095808383235
Area: 0.00020457731396193046
CentroidX: 0.6168
CentroidY: 0.3842
