Location: internet_27.png_Mean-Medain.png
Component: component_1755079635304_44.png
centerX: 0.9105199516324063
centerY: 0.09466780724265754
width: 0.036275695284159616
height: 0.027944111776447105
Area: 0.00027813320212801784
CentroidX: 0.9294
CentroidY: 0.1054
