Location: internet_27.png_Mean-Closing.png
Component: component_1755079634875_52.png
centerX: 0.5953244659411527
centerY: 0.10664385514684915
width: 0.03506650544135429
height: 0.0290846877673225
Area: 0.00027215678621452324
CentroidX: 0.6147
CentroidY: 0.1177
