Location: Dedata_20.png_Gaussian-Median.png
Component: component_1755511365809_61.png
centerX: 0.8641129032258065
centerY: 0.12396694214876033
width: 0.03306451612903226
height: 0.03277286976346538
Area: 0.0002983112549297199
CentroidX: 0.8794
CentroidY: 0.1361
