Location: internet_27.png_Gaussian-Closing.png
Component: component_1755079635523_315.png
centerX: 0.25634824667472794
centerY: 0.7197034502423724
width: 0.03506650544135429
height: 0.03051040775591674
Area: 0.0002790526507300939
CentroidX: 0.2754
CentroidY: 0.7329
