Location: internet_27.png_Mean-Medain.png
Component: component_1755079635340_185.png
centerX: 0.9068923821039904
centerY: 0.4037639007698888
width: 0.022974607013301087
height: 0.026518391787852865
Area: 0.00017929247740483794
CentroidX: 0.9181
CentroidY: 0.4158
