Location: internet_27.png_Mean-Closing.png
Component: component_1755079634870_28.png
centerX: 0.1128577186618299
centerY: 0.06244653550042772
width: 0.037484885126964934
height: 0.029369831765041345
Area: 0.0002753748563217895
CentroidX: 0.1329
CentroidY: 0.0740
