Location: Dedata_20.png_Gaussian-Median.png
Component: component_1755511365864_217.png
centerX: 0.7564516129032258
centerY: 0.5141065830721003
width: 0.03346774193548387
height: 0.03163294385864919
Area: 0.0003468040706386343
CentroidX: 0.7747
CentroidY: 0.5271
