Location: Dedata_20.png_Gaussian-Closing.png
Component: component_1755511366323_29.png
centerX: 0.4620967741935484
centerY: 0.051581647192932456
width: 0.027419354838709678
height: 0.028783129096608722
Area: 0.0002916463655668833
CentroidX: 0.4769
CentroidY: 0.0632
