Location: internet_27.png_Otsu.png
Component: component_1755079634807_1765.png
centerX: 0.31076178960096734
centerY: 0.6777872825777017
width: 0.02781136638452237
height: 0.013972055888223553
Area: 8.38996849394434e-05
CentroidX: 0.3282
CentroidY: 0.6835
