Location: Dedata_20.png_Mean-Closing.png
Component: component_1755511366012_176.png
centerX: 0.6427419354838709
centerY: 0.44029638073525224
width: 0.02943548387096774
height: 0.029068110572812767
Area: 0.0003424374189871207
CentroidX: 0.6580
CentroidY: 0.4517
