Location: internet_27.png_Gaussian-Closing.png
Component: component_1755079635456_110.png
centerX: 0.422813381700927
centerY: 0.2418021100655831
width: 0.0354695687222894
height: 0.03022526375819789
Area: 0.0002666400946020667
CentroidX: 0.4429
CentroidY: 0.2536
