Location: Dedata_20.png_Gaussian-Closing.png
Component: component_1755511366350_98.png
centerX: 0.7903225806451613
centerY: 0.20575662581932175
width: 0.038306451612903226
height: 0.03305785123966942
Area: 0.0004327581610421129
CentroidX: 0.8106
CentroidY: 0.2208
