Location: Dedata_20.png_Gaussian-Median.png
Component: component_1755511365825_99.png
centerX: 0.8572580645161291
centerY: 0.2043317184383015
width: 0.038306451612903226
height: 0.03818751781134226
Area: 0.00048377903823348256
CentroidX: 0.8780
CentroidY: 0.2200
