Location: Dedata_20.png_Mean-Closing.png
Component: component_1755511366020_203.png
centerX: 0.3725806451612903
centerY: 0.5029923055001425
width: 0.03024193548387097
height: 0.03277286976346538
Area: 0.000390125851497072
CentroidX: 0.3881
CentroidY: 0.5173
