Location: internet_27.png_Mean-Medain.png
Component: component_1755079635308_61.png
centerX: 0.014107214832728738
centerY: 0.11434274308525806
width: 0.03506650544135429
height: 0.028229255774165955
Area: 0.0002553768492266345
CentroidX: 0.0331
CentroidY: 0.1246
