Location: Dedata_20.png_Gaussian-Closing.png
Component: component_1755511366423_300.png
centerX: 0.2028225806451613
centerY: 0.7096038757480764
width: 0.027822580645161292
height: 0.030493017953833
Area: 0.0002457965232259903
CentroidX: 0.2159
CentroidY: 0.7222
