Location: internet_27.png_Mean-Closing.png
Component: component_1755079634884_93.png
centerX: 0.2619911326078194
centerY: 0.20444824636441403
width: 0.037484885126964934
height: 0.029369831765041345
Area: 0.0002962923120190206
CentroidX: 0.2812
CentroidY: 0.2167
