Location: Dedata_20.png_Gaussian-Median.png
Component: component_1755511365909_367.png
centerX: 0.02620967741935484
centerY: 0.8737532060416073
width: 0.03185483870967742
height: 0.03562268452550584
Area: 0.00034048391693249617
CentroidX: 0.0427
CentroidY: 0.8881
