Location: Dedata_20.png_Gaussian-Median.png
Component: component_1755511365892_310.png
centerX: 0.5705645161290323
centerY: 0.7141635793673411
width: 0.0375
height: 0.03562268452550584
Area: 0.00037748554408479577
CentroidX: 0.5889
CentroidY: 0.7279
