Location: internet_27.png_Mean-Medain.png
Component: component_1755079635326_136.png
centerX: 0.32043530834340994
centerY: 0.2988309096093527
width: 0.030632809351068116
height: 0.03136583974907328
Area: 0.00029640724309428016
CentroidX: 0.3376
CentroidY: 0.3108
