Location: Dedata_20.png_Gaussian-Median.png
Component: component_1755511365836_131.png
centerX: 0.7596774193548387
centerY: 0.2889712168709034
width: 0.049193548387096775
height: 0.036477628954117984
Area: 0.000541579716673255
CentroidX: 0.7810
CentroidY: 0.3069
