Location: internet_27.png_Mean-Closing.png
Component: component_1755079635205_246.png
centerX: 0.40386940749697703
centerY: 0.5671514114627887
width: 0.03426037887948408
height: 0.03165098374679213
Area: 0.0003190486649204039
CentroidX: 0.4198
CentroidY: 0.5821
