Location: internet_27.png_Otsu.png
Component: component_1755079634797_1461.png
centerX: 0.1124546553808948
centerY: 0.5865412033076703
width: 0.03143893591293833
height: 0.029654975762760195
Area: 0.0002713522686877066
CentroidX: 0.1268
CentroidY: 0.5999
