Location: Dedata_20.png_Mean-Medain.png
Component: component_1755511365500_175.png
centerX: 0.21169354838709678
centerY: 0.42747221430607013
width: 0.05040322580645161
height: 0.03305785123966942
Area: 0.0005566331736824203
CentroidX: 0.2328
CentroidY: 0.4423
