Location: Dedata_20.png_Mean-Medain.png
Component: component_1755511365529_239.png
centerX: 0.5778225806451613
centerY: 0.5753776004559704
width: 0.02903225806451613
height: 0.03505272157309775
Area: 0.0003445058329273113
CentroidX: 0.5931
CentroidY: 0.5893
