Location: internet_27.png_Mean-Medain.png
Component: component_1755079635307_57.png
centerX: 0.4893188230552197
centerY: 0.1074992871400057
width: 0.030229746070133012
height: 0.027944111776447105
Area: 0.00023744760148615074
CentroidX: 0.5045
CentroidY: 0.1181
