Location: Dedata_20.png_Mean-Medain.png
Component: component_1755511365563_334.png
centerX: 0.7596774193548387
centerY: 0.786263892846965
width: 0.03508064516129032
height: 0.0347677400968937
Area: 0.0003796688699105526
CentroidX: 0.7775
CentroidY: 0.7996
