Location: internet_27.png_Mean-Closing.png
Component: component_1755079634881_84.png
centerX: 0.6690850463522773
centerY: 0.1870544625035643
width: 0.03506650544135429
height: 0.030795551753635585
Area: 0.00027284637266608027
CentroidX: 0.6855
CentroidY: 0.1986
