Location: internet_27.png_Gaussian-Closing.png
Component: component_1755079635466_147.png
centerX: 0.5425231761386538
centerY: 0.3282007413743941
width: 0.03869407496977025
height: 0.03022526375819789
Area: 0.0003482411580363198
CentroidX: 0.5630
CentroidY: 0.3405
