Location: internet_27.png_Gaussian-Closing.png
Component: component_1755079635488_221.png
centerX: 0.6928657799274486
centerY: 0.5089820359281437
width: 0.036275695284159616
height: 0.027944111776447105
Area: 0.0002630772312690218
CentroidX: 0.7116
CentroidY: 0.5212
