Location: Dedata_20.png_Mean-Medain.png
Component: component_1755511365542_274.png
centerX: 0.30685483870967745
centerY: 0.6497577657452266
width: 0.038306451612903226
height: 0.03220290681105728
Area: 0.00034864266080769266
CentroidX: 0.3263
CentroidY: 0.6628
