Location: internet_27.png_Otsu.png
Component: component_1755079634810_1857.png
centerX: 0.9000403063280935
centerY: 0.7040205303678357
width: 0.036275695284159616
height: 0.028229255774165955
Area: 0.00021285235138061528
CentroidX: 0.9163
CentroidY: 0.7146
