Location: internet_27.png_Gaussian-Closing.png
Component: component_1755079635456_109.png
centerX: 0.4800483675937122
centerY: 0.24151696606786427
width: 0.03426037887948408
height: 0.028514399771884802
Area: 0.0002648011973979145
CentroidX: 0.4971
CentroidY: 0.2523
