Location: internet_27.png_Gaussian-Closing.png
Component: component_1755079635434_42.png
centerX: 0.9109230149133414
centerY: 0.09466780724265754
width: 0.0354695687222894
height: 0.027944111776447105
Area: 0.0002677894053546618
CentroidX: 0.9293
CentroidY: 0.1057
