Location: internet_27.png_Otsu.png
Component: component_1755079634770_954.png
centerX: 0.6920596533655784
centerY: 0.3187909894496721
width: 0.03909713825070536
height: 0.030795551753635585
Area: 0.0002119329027785392
CentroidX: 0.7102
CentroidY: 0.3306
