Location: internet_27.png_Mean-Closing.png
Component: component_1755079635117_174.png
centerX: 0.10560257960499798
centerY: 0.38979184488166524
width: 0.03426037887948408
height: 0.02566295979469632
Area: 0.0003016940725562177
CentroidX: 0.1225
CentroidY: 0.3996
