Location: internet_27.png_Mean-Closing.png
Component: component_1755079634872_38.png
centerX: 0.062071745264006446
centerY: 0.06558311947533504
width: 0.032648125755743655
height: 0.0290846877673225
Area: 0.00025445740062455846
CentroidX: 0.0795
CentroidY: 0.0781
