Location: Dedata_20.png_Mean-Closing.png
Component: component_1755511366070_347.png
centerX: 0.17661290322580644
centerY: 0.8569392989455685
width: 0.036290322580645164
height: 0.031062980906241093
Area: 0.0003273839619779553
CentroidX: 0.1952
CentroidY: 0.8692
