Location: Dedata_20.png_Gaussian-Median.png
Component: component_1755511365830_114.png
centerX: 0.652016129032258
centerY: 0.24536905101168424
width: 0.039112903225806454
height: 0.039897406668566546
Area: 0.0005303183518877725
CentroidX: 0.6724
CentroidY: 0.2625
