Location: internet_27.png_Otsu.png
Component: component_1755079634780_1147.png
centerX: 0.7682386134623136
centerY: 0.40804106073567153
width: 0.032245062474808545
height: 0.02594810379241517
Area: 0.00023836705008822685
CentroidX: 0.7830
CentroidY: 0.4186
