Location: Dedata_20.png_Gaussian-Median.png
Component: component_1755511365800_41.png
centerX: 0.9346774193548387
centerY: 0.07495012824166429
width: 0.03306451612903226
height: 0.028783129096608722
Area: 0.0002745244946175273
CentroidX: 0.9502
CentroidY: 0.0865
