Location: internet_27.png_Mean-Closing.png
Component: component_1755079635220_285.png
centerX: 0.5542120112857719
centerY: 0.6632449386940404
width: 0.03385731559854897
height: 0.03165098374679213
Area: 0.0003139916976089854
CentroidX: 0.5700
CentroidY: 0.6773
