Location: internet_27.png_Mean-Closing.png
Component: component_1755079635223_294.png
centerX: 0.10600564288593309
centerY: 0.6846307385229541
width: 0.03466344216041919
height: 0.028514399771884802
Area: 0.0002827304451383983
CentroidX: 0.1237
CentroidY: 0.6958
