Location: Dedata_20.png_Gaussian-Closing.png
Component: component_1755511366380_183.png
centerX: 0.532258064516129
centerY: 0.44770589911655745
width: 0.03467741935483871
height: 0.030777999430037048
Area: 0.00034818301326542805
CentroidX: 0.5497
CentroidY: 0.4596
