Location: Dedata_20.png_Mean-Closing.png
Component: component_1755511366022_209.png
centerX: 0.7564516129032258
centerY: 0.5141065830721003
width: 0.03306451612903226
height: 0.03134796238244514
Area: 0.00036564961987148255
CentroidX: 0.7745
CentroidY: 0.5269
