Location: internet_27.png_Gaussian-Closing.png
Component: component_1755079635501_269.png
centerX: 0.35106811769447804
centerY: 0.6193327630453379
width: 0.04232164449818621
height: 0.030795551753635585
Area: 0.0003462873297569081
CentroidX: 0.3732
CentroidY: 0.6321
