Location: Dedata_20.png_Mean-Closing.png
Component: component_1755511365968_38.png
centerX: 0.08669354838709678
centerY: 0.06811057281276717
width: 0.03951612903225806
height: 0.036477628954117984
Area: 0.00042954062824626074
CentroidX: 0.1069
CentroidY: 0.0807
