Location: Dedata_20.png_Mean-Medain.png
Component: component_1755511365553_305.png
centerX: 0.1157258064516129
centerY: 0.7204331718438302
width: 0.027822580645161292
height: 0.03220290681105728
Area: 0.00028624550694527435
CentroidX: 0.1298
CentroidY: 0.7325
