Location: internet_27.png_Mean-Medain.png
Component: component_1755079635352_241.png
centerX: 0.06166868198307134
centerY: 0.5372112917023096
width: 0.03788794840790004
height: 0.02879954376960365
Area: 0.0003073256952439337
CentroidX: 0.0787
CentroidY: 0.5505
