Location: internet_27.png_Otsu.png
Component: component_1755079634807_1764.png
centerX: 0.25796049979846836
centerY: 0.6775021385799829
width: 0.02902055622732769
height: 0.0290846877673225
Area: 0.0001489506735363269
CentroidX: 0.2711
CentroidY: 0.6881
