Location: internet_27.png_Mean-Medain.png
Component: component_1755079635359_269.png
centerX: 0.8270858524788391
centerY: 0.604220131166239
width: 0.03909713825070536
height: 0.027944111776447105
Area: 0.00030054476180362255
CentroidX: 0.8485
CentroidY: 0.6162
