Location: internet_27.png_Mean-Medain.png
Component: component_1755079635345_209.png
centerX: 0.6727126158806933
centerY: 0.4585115483319076
width: 0.03426037887948408
height: 0.028229255774165955
Area: 0.00031284238685639026
CentroidX: 0.6919
CentroidY: 0.4704
