Location: internet_27.png_Mean-Medain.png
Component: component_1755079635300_29.png
centerX: 0.279322853688029
centerY: 0.06159110350727117
width: 0.03466344216041919
height: 0.029369831765041345
Area: 0.0002510094683667731
CentroidX: 0.2977
CentroidY: 0.0731
