Location: internet_27.png_Mean-Closing.png
Component: component_1755079634873_42.png
centerX: 0.8589278516727126
centerY: 0.09552323923581409
width: 0.03909713825070536
height: 0.030795551753635585
Area: 0.0002976714849221348
CentroidX: 0.8786
CentroidY: 0.1079
