Location: internet_27.png_Mean-Medain.png
Component: component_1755079635329_144.png
centerX: 0.7912132204756147
centerY: 0.3119475335044197
width: 0.03909713825070536
height: 0.03022526375819789
Area: 0.0003396213273918565
CentroidX: 0.8106
CentroidY: 0.3236
