Location: internet_27.png_Mean-Closing.png
Component: component_1755079634890_113.png
centerX: 0.21805723498589277
centerY: 0.2523524379811805
width: 0.029826682789197905
height: 0.030795551753635585
Area: 0.0002443434660017214
CentroidX: 0.2321
CentroidY: 0.2644
