Location: internet_27.png_Otsu.png
Component: component_1755079634753_516.png
centerX: 0.31559854897218864
centerY: 0.20273738237810093
width: 0.03143893591293833
height: 0.018249215854006275
Area: 9.481813708909698e-05
CentroidX: 0.3304
CentroidY: 0.2078
