Location: Dedata_20.png_Gaussian-Closing.png
Component: component_1755511366326_33.png
centerX: 0.32137096774193546
centerY: 0.05785123966942149
width: 0.02943548387096774
height: 0.031062980906241093
Area: 0.00033060149477380746
CentroidX: 0.3357
CentroidY: 0.0698
