Location: Dedata_20.png_Mean-Closing.png
Component: component_1755511366065_330.png
centerX: 0.3149193548387097
centerY: 0.7919635223710458
width: 0.03346774193548387
height: 0.03277286976346538
Area: 0.00036783294569723933
CentroidX: 0.3317
CentroidY: 0.8048
