Location: Dedata_20.png_Gaussian-Median.png
Component: component_1755511365906_354.png
centerX: 0.022983870967741935
centerY: 0.8241664291821031
width: 0.03508064516129032
height: 0.033912795668281565
Area: 0.0003733487162044145
CentroidX: 0.0410
CentroidY: 0.8381
