Location: Dedata_20.png_Mean-Medain.png
Component: component_1755511365473_93.png
centerX: 0.07782258064516129
centerY: 0.20148190367626104
width: 0.036290322580645164
height: 0.03163294385864919
Area: 0.00033129096608720436
CentroidX: 0.0951
CentroidY: 0.2137
