Location: internet_27.png_Otsu.png
Component: component_1755079634796_1382.png
centerX: 0.40386940749697703
centerY: 0.5674365554605075
width: 0.032648125755743655
height: 0.03136583974907328
Area: 0.00021836904299307183
CentroidX: 0.4186
CentroidY: 0.5815
