Location: internet_27.png_Gaussian-Closing.png
Component: component_1755079635519_306.png
centerX: 0.8996372430471584
centerY: 0.7040205303678357
width: 0.037081821846029824
height: 0.02879954376960365
Area: 0.0003373227058866662
CentroidX: 0.9169
CentroidY: 0.7161
