Location: Dedata_20.png_Gaussian-Median.png
Component: component_1755511365842_150.png
centerX: 0.5762096774193548
centerY: 0.34283271587346825
width: 0.039112903225806454
height: 0.04160729552579082
Area: 0.0005526112576876051
CentroidX: 0.5945
CentroidY: 0.3611
