Location: internet_27.png_Gaussian-Closing.png
Component: component_1755079635472_169.png
centerX: 0.407496977025393
centerY: 0.3783860849729113
width: 0.03506650544135429
height: 0.026803535785571715
Area: 0.0003192785270709229
CentroidX: 0.4261
CentroidY: 0.3891
