Location: internet_27.png_Otsu.png
Component: component_1755079634748_380.png
centerX: 0.012494961708988311
centerY: 0.16481323068149414
width: 0.03305118903667876
height: 0.03022526375819789
Area: 0.00017446537224393845
CentroidX: 0.0301
CentroidY: 0.1767
