Location: internet_27.png_Gaussian-Closing.png
Component: component_1755079635436_48.png
centerX: 0.5441354292623942
centerY: 0.10464784716281722
width: 0.036275695284159616
height: 0.02879954376960365
Area: 0.0002529632966461848
CentroidX: 0.5633
CentroidY: 0.1157
