Location: Dedata_20.png_Mean-Closing.png
Component: component_1755511365980_75.png
centerX: 0.02056451612903226
centerY: 0.16215445996010258
width: 0.039919354838709675
height: 0.027643203191792535
Area: 0.00034301197841495143
CentroidX: 0.0418
CentroidY: 0.1741
