Location: internet_27.png_Mean-Medain.png
Component: component_1755079635339_181.png
centerX: 0.05723498589278517
centerY: 0.3932135728542914
width: 0.032245062474808545
height: 0.025377815796977475
Area: 0.0003113482828780166
CentroidX: 0.0739
CentroidY: 0.4041
