Location: Dedata_20.png_Gaussian-Median.png
Component: component_1755511365823_94.png
centerX: 0.13629032258064516
centerY: 0.19863208891422057
width: 0.037096774193548385
height: 0.03163294385864919
Area: 0.00031669715662030354
CentroidX: 0.1547
CentroidY: 0.2111
