Location: internet_27.png_Mean-Closing.png
Component: component_1755079634877_65.png
centerX: 0.667875856509472
centerY: 0.14627887082976904
width: 0.039500201531640466
height: 0.02765896777872826
Area: 0.0002627324380432433
CentroidX: 0.6868
CentroidY: 0.1563
