Location: Dedata_20.png_Gaussian-Median.png
Component: component_1755511365839_141.png
centerX: 0.8637096774193549
centerY: 0.3240239384440011
width: 0.039112903225806454
height: 0.03505272157309775
Area: 0.0004976833763869864
CentroidX: 0.8835
CentroidY: 0.3395
