Location: Dedata_20.png_Gaussian-Closing.png
Component: component_1755511366435_342.png
centerX: 0.16572580645161292
centerY: 0.8119122257053292
width: 0.02943548387096774
height: 0.03305785123966942
Area: 0.0003688671526673347
CentroidX: 0.1798
CentroidY: 0.8261
