Location: internet_27.png_Otsu.png
Component: component_1755079634792_1328.png
centerX: 0.35268037081821846
centerY: 0.5212432278300542
width: 0.03667875856509472
height: 0.026803535785571715
Area: 0.00021664507686417918
CentroidX: 0.3717
CentroidY: 0.5312
