Location: Dedata_20.png_Gaussian-Closing.png
Component: component_1755511366417_281.png
centerX: 0.1592741935483871
centerY: 0.6722713023653463
width: 0.039112903225806454
height: 0.02963807352522086
Area: 0.00026854907656808757
CentroidX: 0.1789
CentroidY: 0.6850
