Location: internet_27.png_Mean-Medain.png
Component: component_1755079635344_203.png
centerX: 0.875453446191052
centerY: 0.4513829483889364
width: 0.03385731559854897
height: 0.02623324779013402
Area: 0.0002887068610518929
CentroidX: 0.8913
CentroidY: 0.4624
