Location: Dedata_20.png_Gaussian-Median.png
Component: component_1755511365902_340.png
centerX: 0.8137096774193548
centerY: 0.7825591336563124
width: 0.03185483870967742
height: 0.036477628954117984
Area: 0.0003393347980768347
CentroidX: 0.8286
CentroidY: 0.7967
