Location: internet_27.png_Mean-Medain.png
Component: component_1755079635330_153.png
centerX: 0.4381297863764611
centerY: 0.3361847733105218
width: 0.03829101168883515
height: 0.027944111776447105
Area: 0.00031939345814618246
CentroidX: 0.4572
CentroidY: 0.3468
