Location: Dedata_20.png_Mean-Closing.png
Component: component_1755511366029_232.png
centerX: 0.6221774193548387
centerY: 0.5696779709318894
width: 0.032661290322580645
height: 0.034482758620689655
Area: 0.00033807076733560705
CentroidX: 0.6389
CentroidY: 0.5833
