Location: internet_27.png_Otsu.png
Component: component_1755079634812_1927.png
centerX: 0.309552599758162
centerY: 0.7199885942400912
width: 0.03305118903667876
height: 0.03051040775591674
Area: 0.00017170702643771018
CentroidX: 0.3267
CentroidY: 0.7315
