Location: Dedata_20.png_Gaussian-Closing.png
Component: component_1755511366439_357.png
centerX: 0.12903225806451613
centerY: 0.8629239099458536
width: 0.036290322580645164
height: 0.034482758620689655
Area: 0.00033738129602221015
CentroidX: 0.1472
CentroidY: 0.8763
