Location: Dedata_20.png_Gaussian-Median.png
Component: component_1755511365904_348.png
centerX: 0.6096774193548387
centerY: 0.8036477628954118
width: 0.039112903225806454
height: 0.03562268452550584
Area: 0.00034209268333042225
CentroidX: 0.6280
CentroidY: 0.8176
