Location: Dedata_20.png_Mean-Medain.png
Component: component_1755511365452_22.png
centerX: 0.9201612903225806
centerY: 0.04103733257338273
width: 0.03306451612903226
height: 0.032487888287261325
Area: 0.00035151545794684635
CentroidX: 0.9375
CentroidY: 0.0536
