Location: Dedata_20.png_Gaussian-Closing.png
Component: component_1755511366330_44.png
centerX: 0.7270161290322581
centerY: 0.08321459105158165
width: 0.03064516129032258
height: 0.03305785123966942
Area: 0.00032945237591814594
CentroidX: 0.7427
CentroidY: 0.0964
