Location: internet_27.png_Otsu.png
Component: component_1755079634802_1580.png
centerX: 0.20395002015316405
centerY: 0.6295979469632165
width: 0.03305118903667876
height: 0.029940119760479042
Area: 0.00019618734546798612
CentroidX: 0.2202
CentroidY: 0.6413
