Location: Dedata_20.png_Gaussian-Closing.png
Component: component_1755511366405_250.png
centerX: 0.34233870967741936
centerY: 0.5973211741236819
width: 0.03024193548387097
height: 0.03733257338273012
Area: 0.00033738129602221015
CentroidX: 0.3587
CentroidY: 0.6134
