Location: internet_27.png_Otsu.png
Component: component_1755079634743_205.png
centerX: 0.014913341394598953
centerY: 0.1146278870829769
width: 0.03385731559854897
height: 0.02765896777872826
Area: 0.00018929148095241544
CentroidX: 0.0328
CentroidY: 0.1243
