Location: Dedata_20.png_Mean-Closing.png
Component: component_1755511366069_341.png
centerX: 0.02258064516129032
centerY: 0.8241664291821031
width: 0.035483870967741936
height: 0.033912795668281565
Area: 0.0003957565338898133
CentroidX: 0.0408
CentroidY: 0.8380
