Location: Dedata_20.png_Mean-Medain.png
Component: component_1755511365476_103.png
centerX: 0.38467741935483873
centerY: 0.22200056996295242
width: 0.043548387096774194
height: 0.033912795668281565
Area: 0.00047320714476139695
CentroidX: 0.4067
CentroidY: 0.2360
