Location: Dedata_20.png_Gaussian-Closing.png
Component: component_1755511366430_322.png
centerX: 0.16411290322580646
centerY: 0.7620404673696209
width: 0.03185483870967742
height: 0.03277286976346538
Area: 0.00034554003989740664
CentroidX: 0.1799
CentroidY: 0.7754
