Location: Dedata_20.png_Mean-Closing.png
Component: component_1755511366033_241.png
centerX: 0.880241935483871
centerY: 0.5893416927899686
width: 0.029838709677419355
height: 0.03362781419207751
Area: 0.0003062401750337841
CentroidX: 0.8955
CentroidY: 0.6031
