Location: internet_27.png_Otsu.png
Component: component_1755079634741_165.png
centerX: 0.32567513099556633
centerY: 0.10293698317650414
width: 0.03466344216041919
height: 0.0290846877673225
Area: 0.00018584354869463009
CentroidX: 0.3430
CentroidY: 0.1142
