Location: Dedata_20.png_Gaussian-Median.png
Component: component_1755511365853_185.png
centerX: 0.5858870967741936
centerY: 0.4414363066400684
width: 0.036290322580645164
height: 0.029353092049016812
Area: 0.00037380836374667904
CentroidX: 0.6048
CentroidY: 0.4536
