Location: Dedata_20.png_Gaussian-Median.png
Component: component_1755511365854_186.png
centerX: 0.018951612903225806
centerY: 0.4434311769734967
width: 0.042741935483870966
height: 0.03619264747791394
Area: 0.0004720580259057355
CentroidX: 0.0411
CentroidY: 0.4586
