Location: Dedata_20.png_Mean-Closing.png
Component: component_1755511366007_160.png
centerX: 0.5959677419354839
centerY: 0.39897406668566543
width: 0.03508064516129032
height: 0.029923055001424906
Area: 0.00037059083095082693
CentroidX: 0.6137
CentroidY: 0.4108
