Location: Dedata_20.png_Mean-Medain.png
Component: component_1755511365536_259.png
centerX: 0.1625
centerY: 0.6178398404103733
width: 0.034274193548387094
height: 0.03419777714448561
Area: 0.0003175015398192666
CentroidX: 0.1798
CentroidY: 0.6316
