Location: internet_27.png_Otsu.png
Component: component_1755079634737_77.png
centerX: 0.37807335751713017
centerY: 0.06216139150270887
width: 0.03385731559854897
height: 0.02737382378100941
Area: 0.0001689486806314819
CentroidX: 0.3961
CentroidY: 0.0724
