Location: internet_27.png_Otsu.png
Component: component_1755079634786_1225.png
centerX: 0.5239822652156388
centerY: 0.46421442828628456
width: 0.039500201531640466
height: 0.026803535785571715
Area: 0.00024261949987282877
CentroidX: 0.5419
CentroidY: 0.4760
