Location: internet_27.png_Mean-Medain.png
Component: component_1755079635351_238.png
centerX: 0.20395002015316405
centerY: 0.5306529797547762
width: 0.035872632003224506
height: 0.0290846877673225
Area: 0.0003027284522335533
CentroidX: 0.2232
CentroidY: 0.5430
