Location: internet_27.png_Gaussian-Closing.png
Component: component_1755079635482_207.png
centerX: 0.47440548166062074
centerY: 0.46506986027944114
width: 0.037081821846029824
height: 0.028514399771884802
Area: 0.00029813120922317284
CentroidX: 0.4921
CentroidY: 0.4786
