Location: Dedata_20.png_Gaussian-Closing.png
Component: component_1755511366399_234.png
centerX: 0.6717741935483871
centerY: 0.5662581932174409
width: 0.03064516129032258
height: 0.032487888287261325
Area: 0.00030853841274510705
CentroidX: 0.6873
CentroidY: 0.5803
