Location: Dedata_20.png_Gaussian-Closing.png
Component: component_1755511366430_324.png
centerX: 0.11088709677419355
centerY: 0.7705899116557424
width: 0.03508064516129032
height: 0.027643203191792535
Area: 0.00033186552551503506
CentroidX: 0.1282
CentroidY: 0.7810
