Location: Dedata_20.png_Gaussian-Closing.png
Component: component_1755511366398_230.png
centerX: 0.2995967741935484
centerY: 0.554573952693075
width: 0.027822580645161292
height: 0.03562268452550584
Area: 0.00034358653784278214
CentroidX: 0.3138
CentroidY: 0.5687
