Location: internet_27.png_Mean-Medain.png
Component: component_1755079635296_21.png
centerX: 0.6360338573155986
centerY: 0.018819503849443968
width: 0.031035872632003223
height: 0.029940119760479042
Area: 0.0002567560221297487
CentroidX: 0.6519
CentroidY: 0.0311
