Location: Dedata_20.png_Gaussian-Closing.png
Component: component_1755511366418_283.png
centerX: 0.5201612903225806
centerY: 0.6742661726987745
width: 0.027822580645161292
height: 0.031917925334853235
Area: 0.0003137094475955837
CentroidX: 0.5341
CentroidY: 0.6863
