Location: internet_27.png_Gaussian-Closing.png
Component: component_1755079635491_233.png
centerX: 0.10963321241434905
centerY: 0.5335044197319646
width: 0.03345425231761386
height: 0.026518391787852865
Area: 0.00025422753847403944
CentroidX: 0.1268
CentroidY: 0.5444
