Location: Dedata_20.png_Mean-Closing.png
Component: component_1755511365991_109.png
centerX: 0.7189516129032258
centerY: 0.24650897691650042
width: 0.04153225806451613
height: 0.037902536335138216
Area: 0.0005518068744886422
CentroidX: 0.7395
CentroidY: 0.2632
