Location: internet_27.png_Otsu.png
Component: component_1755079634767_884.png
centerX: 0.32406287787182586
centerY: 0.29911605360707155
width: 0.026602176541717048
height: 0.031080695751354435
Area: 0.0002458375699800951
CentroidX: 0.3382
CentroidY: 0.3109
