Location: internet_27.png_Gaussian-Closing.png
Component: component_1755079635426_17.png
centerX: 0.6876259572752922
centerY: 0.017964071856287425
width: 0.030632809351068116
height: 0.028514399771884802
Area: 0.00023480418675518198
CentroidX: 0.7041
CentroidY: 0.0289
