Location: Dedata_20.png_Gaussian-Median.png
Component: component_1755511365835_129.png
centerX: 0.15604838709677418
centerY: 0.28697634653747506
width: 0.039919354838709675
height: 0.03619264747791394
Area: 0.0005218148723558775
CentroidX: 0.1776
CentroidY: 0.3037
