Location: Dedata_20.png_Gaussian-Median.png
Component: component_1755511365833_122.png
centerX: 0.4612903225806452
centerY: 0.2607580507267028
width: 0.03669354838709677
height: 0.037047591906526074
Area: 0.0004819404480644242
CentroidX: 0.4814
CentroidY: 0.2766
