Location: Dedata_20.png_Gaussian-Closing.png
Component: component_1755511366386_199.png
centerX: 0.1314516129032258
centerY: 0.4844685095468795
width: 0.029838709677419355
height: 0.030208036477628954
Area: 0.00034668915875306816
CentroidX: 0.1463
CentroidY: 0.4960
