Location: Dedata_20.png_Gaussian-Median.png
Component: component_1755511365875_253.png
centerX: 0.38991935483870965
centerY: 0.5919065260758051
width: 0.03346774193548387
height: 0.03761755485893417
Area: 0.00035484790262826465
CentroidX: 0.4059
CentroidY: 0.6071
