Location: internet_27.png_Mean-Medain.png
Component: component_1755079635332_157.png
centerX: 0.21362353889560662
centerY: 0.34644995722840033
width: 0.041515517936316
height: 0.030795551753635585
Area: 0.0003818010320120972
CentroidX: 0.2356
CentroidY: 0.3577
