Location: Dedata_20.png_Gaussian-Median.png
Component: component_1755511365885_286.png
centerX: 0.6036290322580645
centerY: 0.6617269877457965
width: 0.037096774193548385
height: 0.034482758620689655
Area: 0.0004094310482721849
CentroidX: 0.6218
CentroidY: 0.6756
