Location: Dedata_20.png_Gaussian-Median.png
Component: component_1755511365798_38.png
centerX: 0.14838709677419354
centerY: 0.06611570247933884
width: 0.04112903225806452
height: 0.030208036477628954
Area: 0.00035806543542411676
CentroidX: 0.1672
CentroidY: 0.0784
