Location: internet_27.png_Mean-Closing.png
Component: component_1755079635137_199.png
centerX: 0.720677146311971
centerY: 0.4542343883661249
width: 0.03990326481257558
height: 0.0290846877673225
Area: 0.00031617538803891613
CentroidX: 0.7422
CentroidY: 0.4666
