Location: Dedata_20.png_Gaussian-Median.png
Component: component_1755511365854_187.png
centerX: 0.532258064516129
centerY: 0.44770589911655745
width: 0.03467741935483871
height: 0.030777999430037048
Area: 0.0003480681013798619
CentroidX: 0.5497
CentroidY: 0.4596
