Location: internet_27.png_Mean-Medain.png
Component: component_1755079635313_87.png
centerX: 0.8210399032648126
centerY: 0.18562874251497005
width: 0.03829101168883515
height: 0.03051040775591674
Area: 0.00028319016943943634
CentroidX: 0.8399
CentroidY: 0.1976
