Location: internet_27.png_Gaussian-Closing.png
Component: component_1755079635470_161.png
centerX: 0.7613865376864167
centerY: 0.3618477331052181
width: 0.035872632003224506
height: 0.02594810379241517
Area: 0.0002957176566427231
CentroidX: 0.7788
CentroidY: 0.3720
