Location: internet_27.png_Mean-Closing.png
Component: component_1755079635222_290.png
centerX: 0.25796049979846836
centerY: 0.6775021385799829
width: 0.036275695284159616
height: 0.029654975762760195
Area: 0.0002866381016972217
CentroidX: 0.2733
CentroidY: 0.6903
