Location: Dedata_20.png_Mean-Closing.png
Component: component_1755511366048_285.png
centerX: 0.8125
centerY: 0.6853804502707324
width: 0.028225806451612902
height: 0.03419777714448561
Area: 0.000349676867777788
CentroidX: 0.8270
CentroidY: 0.6995
