Location: internet_27.png_Mean-Medain.png
Component: component_1755079635312_79.png
centerX: 0.22732769044740025
centerY: 0.1596806387225549
width: 0.037081821846029824
height: 0.03222127174222983
Area: 0.0002913502757828616
CentroidX: 0.2458
CentroidY: 0.1716
