Location: Dedata_20.png_Mean-Closing.png
Component: component_1755511366066_332.png
centerX: 0.26411290322580644
centerY: 0.7979481333713309
width: 0.03508064516129032
height: 0.03505272157309775
Area: 0.0003977100359444378
CentroidX: 0.2815
CentroidY: 0.8115
