Location: internet_27.png_Otsu.png
Component: component_1755079634781_1155.png
centerX: 0.581217251108424
centerY: 0.41602509267179927
width: 0.029826682789197905
height: 0.026803535785571715
Area: 0.00024319415524912632
CentroidX: 0.5964
CentroidY: 0.4278
