Location: internet_27.png_Otsu.png
Component: component_1755079634778_1118.png
centerX: 0.2619911326078194
centerY: 0.3857998289136014
width: 0.036275695284159616
height: 0.02623324779013402
Area: 0.0002946832769653875
CentroidX: 0.2796
CentroidY: 0.3959
