Location: Dedata_20.png_Gaussian-Closing.png
Component: component_1755511366416_279.png
centerX: 0.21370967741935484
centerY: 0.664576802507837
width: 0.03467741935483871
height: 0.02821316614420063
Area: 0.00028601568317414207
CentroidX: 0.2308
CentroidY: 0.6759
