Location: internet_27.png_Mean-Medain.png
Component: component_1755079635341_191.png
centerX: 0.580814187827489
centerY: 0.41602509267179927
width: 0.030229746070133012
height: 0.026803535785571715
Area: 0.00028284537621365777
CentroidX: 0.5965
CentroidY: 0.4278
