Location: internet_27.png_Gaussian-Closing.png
Component: component_1755079635427_20.png
centerX: 0.5268037081821846
centerY: 0.019674935842600515
width: 0.036275695284159616
height: 0.034787567721699456
Area: 0.0002603188854627935
CentroidX: 0.5448
CentroidY: 0.0320
