Location: internet_27.png_Mean-Closing.png
Component: component_1755079634866_13.png
centerX: 0.33413945989520355
centerY: 0.017964071856287425
width: 0.03184199919387344
height: 0.031936127744510975
Area: 0.00027054775116089005
CentroidX: 0.3499
CentroidY: 0.0308
