Location: internet_27.png_Gaussian-Closing.png
Component: component_1755079635494_243.png
centerX: 0.6428859330914953
centerY: 0.5597376675220986
width: 0.029826682789197905
height: 0.029654975762760195
Area: 0.00025215877911936824
CentroidX: 0.6584
CentroidY: 0.5725
