Location: internet_27.png_Mean-Closing.png
Component: component_1755079635172_224.png
centerX: 0.5010076582023377
centerY: 0.5155403478756773
width: 0.03506650544135429
height: 0.02623324779013402
Area: 0.0002699730957845925
CentroidX: 0.5181
CentroidY: 0.5264
