Location: Dedata_20.png_Mean-Closing.png
Component: component_1755511366041_261.png
centerX: 0.5088709677419355
centerY: 0.6329438586491878
width: 0.03185483870967742
height: 0.03277286976346538
Area: 0.00030727438200387944
CentroidX: 0.5245
CentroidY: 0.6457
