Location: internet_27.png_Mean-Closing.png
Component: component_1755079635126_190.png
centerX: 0.2571543732365981
centerY: 0.4274308525805532
width: 0.03990326481257558
height: 0.028514399771884802
Area: 0.0003139916976089854
CentroidX: 0.2775
CentroidY: 0.4384
