Location: internet_27.png_Mean-Closing.png
Component: component_1755079635216_269.png
centerX: 0.25191455058444173
centerY: 0.6241802110065583
width: 0.035872632003224506
height: 0.03307670373538637
Area: 0.00034008105169289454
CentroidX: 0.2705
CentroidY: 0.6379
