Location: Dedata_20.png_Gaussian-Closing.png
Component: component_1755511366345_82.png
centerX: 0.5580645161290323
centerY: 0.16785408948418354
width: 0.028629032258064516
height: 0.028783129096608722
Area: 0.0002306281543312588
CentroidX: 0.5725
CentroidY: 0.1793
