Location: internet_27.png_Gaussian-Closing.png
Component: component_1755079635424_12.png
centerX: 0.7339782345828295
centerY: 0.015968063872255488
width: 0.03426037887948408
height: 0.03279155973766752
Area: 0.00026583557707525007
CentroidX: 0.7520
CentroidY: 0.0291
