Location: internet_27.png_Otsu.png
Component: component_1755079634731_17.png
centerX: 0.7339782345828295
centerY: 0.015968063872255488
width: 0.03385731559854897
height: 0.032506415739948676
Area: 0.00018883175665137739
CentroidX: 0.7517
CentroidY: 0.0282
