Location: Dedata_20.png_Mean-Medain.png
Component: component_1755511365466_67.png
centerX: 0.43024193548387096
centerY: 0.13194642348247365
width: 0.03387096774193549
height: 0.03362781419207751
Area: 0.00032853308083361676
CentroidX: 0.4473
CentroidY: 0.1447
