Location: Dedata_20.png_Mean-Closing.png
Component: component_1755511366014_180.png
centerX: 0.4806451612903226
centerY: 0.4494157879737817
width: 0.03185483870967742
height: 0.03562268452550584
Area: 0.0004055240441629359
CentroidX: 0.4963
CentroidY: 0.4631
