Location: Dedata_20.png_Mean-Closing.png
Component: component_1755511365975_57.png
centerX: 0.02661290322580645
centerY: 0.11969222000569962
width: 0.03387096774193549
height: 0.029068110572812767
Area: 0.0003653048842147841
CentroidX: 0.0447
CentroidY: 0.1320
