Location: internet_27.png_Mean-Closing.png
Component: component_1755079635156_209.png
centerX: 0.2587666263603386
centerY: 0.4756201881950385
width: 0.04030632809351068
height: 0.027944111776447105
Area: 0.00029548779449220405
CentroidX: 0.2796
CentroidY: 0.4861
