Location: internet_27.png_Mean-Closing.png
Component: component_1755079635151_206.png
centerX: 0.4195888754534462
centerY: 0.46934702024522384
width: 0.03788794840790004
height: 0.028229255774165955
Area: 0.0003097392478243835
CentroidX: 0.4375
CentroidY: 0.4817
