Location: Dedata_20.png_Mean-Closing.png
Component: component_1755511365993_117.png
centerX: 0.3512096774193548
centerY: 0.2713023653462525
width: 0.039919354838709675
height: 0.03590766600170989
Area: 0.0005218148723558775
CentroidX: 0.3714
CentroidY: 0.2867
