Location: Dedata_20.png_Mean-Closing.png
Component: component_1755511366061_321.png
centerX: 0.9568548387096775
centerY: 0.7728697634653747
width: 0.036290322580645164
height: 0.03733257338273012
Area: 0.00037886448671158957
CentroidX: 0.9746
CentroidY: 0.7873
