Location: Dedata_20.png_Mean-Closing.png
Component: component_1755511365978_67.png
centerX: 0.31693548387096776
centerY: 0.13935594186377886
width: 0.03185483870967742
height: 0.02821316614420063
Area: 0.0003027928184667997
CentroidX: 0.3339
CentroidY: 0.1504
