Location: internet_27.png_Otsu.png
Component: component_1755079634759_661.png
centerX: 0.5344619105199516
centerY: 0.23552894211576847
width: 0.030632809351068116
height: 0.028229255774165955
Area: 0.00014067563611764206
CentroidX: 0.5489
CentroidY: 0.2462
