Location: Dedata_20.png_Gaussian-Closing.png
Component: component_1755511366350_99.png
centerX: 0.575
centerY: 0.20775149615275007
width: 0.039112903225806454
height: 0.039042462239954404
Area: 0.0004734369685325293
CentroidX: 0.5959
CentroidY: 0.2243
