Location: internet_27.png_Otsu.png
Component: component_1755079634755_559.png
centerX: 0.10640870616686819
centerY: 0.21385799828913601
width: 0.03345425231761386
height: 0.011690903906472769
Area: 9.435841278805894e-05
CentroidX: 0.1235
CentroidY: 0.2174
