Location: Dedata_20.png_Gaussian-Closing.png
Component: component_1755511366312_6.png
centerX: 0.8608870967741935
centerY: 0.004844685095468795
width: 0.036290322580645164
height: 0.0347677400968937
Area: 0.0003684075051250701
CentroidX: 0.8780
CentroidY: 0.0173
