Location: Dedata_20.png_Gaussian-Closing.png
Component: component_1755511366425_308.png
centerX: 0.4612903225806452
centerY: 0.7264177828441152
width: 0.037096774193548385
height: 0.030208036477628954
Area: 0.0003565715809117569
CentroidX: 0.4801
CentroidY: 0.7390
