Location: Dedata_20.png_Gaussian-Closing.png
Component: component_1755511366346_86.png
centerX: 0.3810483870967742
centerY: 0.17811342262752922
width: 0.042741935483870966
height: 0.030777999430037048
Area: 0.0003369216484799456
CentroidX: 0.3996
CentroidY: 0.1915
