Location: internet_27.png_Mean-Closing.png
Component: component_1755079635235_309.png
centerX: 0.36275695284159615
centerY: 0.7177074422583405
width: 0.036275695284159616
height: 0.029369831765041345
Area: 0.00031479621513580197
CentroidX: 0.3810
CentroidY: 0.7301
