Location: Dedata_20.png_Gaussian-Closing.png
Component: component_1755511366394_221.png
centerX: 0.02056451612903226
centerY: 0.5346252493587916
width: 0.03669354838709677
height: 0.04018238814477059
Area: 0.0004603370135779884
CentroidX: 0.0401
CentroidY: 0.5523
