Location: internet_27.png_Mean-Closing.png
Component: component_1755079635219_282.png
centerX: 0.6972994760177348
centerY: 0.6572569147419447
width: 0.03305118903667876
height: 0.02737382378100941
Area: 0.00026641023245154767
CentroidX: 0.7135
CentroidY: 0.6682
