Location: internet_27.png_Otsu.png
Component: component_1755079634806_1746.png
centerX: 0.4562676340185409
centerY: 0.6683775306529798
width: 0.030632809351068116
height: 0.029940119760479042
Area: 0.0002420448444965312
CentroidX: 0.4724
CentroidY: 0.6810
