Location: Dedata_20.png_Gaussian-Closing.png
Component: component_1755511366382_189.png
centerX: 0.33225806451612905
centerY: 0.46024508406953546
width: 0.031048387096774193
height: 0.03362781419207751
Area: 0.000359789113707609
CentroidX: 0.3475
CentroidY: 0.4736
