Location: Dedata_20.png_Mean-Closing.png
Component: component_1755511365982_80.png
centerX: 0.5576612903225806
centerY: 0.16785408948418354
width: 0.02903225806451613
height: 0.028783129096608722
Area: 0.00025142720561873154
CentroidX: 0.5724
CentroidY: 0.1790
