Location: Dedata_20.png_Mean-Medain.png
Component: component_1755511365559_323.png
centerX: 0.5088709677419355
centerY: 0.7651752636078655
width: 0.03467741935483871
height: 0.0353377030493018
Area: 0.00038529955230329384
CentroidX: 0.5263
CentroidY: 0.7791
