Location: Dedata_20.png_Gaussian-Median.png
Component: component_1755511365889_301.png
centerX: 0.3443548387096774
centerY: 0.6922200056996295
width: 0.028629032258064516
height: 0.031062980906241093
Area: 0.00023729304369409537
CentroidX: 0.3585
CentroidY: 0.7045
