Location: Dedata_20.png_Mean-Closing.png
Component: component_1755511365986_95.png
centerX: 0.7903225806451613
centerY: 0.2054716443431177
width: 0.038306451612903226
height: 0.03305785123966942
Area: 0.00045516597872751174
CentroidX: 0.8106
CentroidY: 0.2205
