Location: internet_27.png_Mean-Medain.png
Component: component_1755079635295_14.png
centerX: 0.28738411930673113
centerY: 0.015968063872255488
width: 0.03143893591293833
height: 0.035642999714856
Area: 0.0002787078575043154
CentroidX: 0.3021
CentroidY: 0.0290
