Location: Dedata_20.png_Gaussian-Median.png
Component: component_1755511365878_265.png
centerX: 0.1625
centerY: 0.6178398404103733
width: 0.034274193548387094
height: 0.03419777714448561
Area: 0.00029153145368131716
CentroidX: 0.1797
CentroidY: 0.6319
