Location: internet_27.png_Mean-Medain.png
Component: component_1755079635325_132.png
centerX: 0.4191858121725111
centerY: 0.28828058169375537
width: 0.03869407496977025
height: 0.036213287710293696
Area: 0.0003852489642698825
CentroidX: 0.4393
CentroidY: 0.3014
