Location: Dedata_20.png_Gaussian-Closing.png
Component: component_1755511366397_228.png
centerX: 0.8592741935483871
centerY: 0.5531490453120547
width: 0.03467741935483871
height: 0.03163294385864919
Area: 0.00029934546189981523
CentroidX: 0.8759
CentroidY: 0.5662
