Location: internet_27.png_Mean-Medain.png
Component: component_1755079635321_112.png
centerX: 0.4800483675937122
centerY: 0.24123182207014543
width: 0.03426037887948408
height: 0.02879954376960365
Area: 0.00027686896030016317
CentroidX: 0.4971
CentroidY: 0.2520
