Location: internet_27.png_Mean-Medain.png
Component: component_1755079635312_81.png
centerX: 0.012494961708988311
centerY: 0.1645280866837753
width: 0.03345425231761386
height: 0.03051040775591674
Area: 0.00024652715643165216
CentroidX: 0.0299
CentroidY: 0.1771
