Location: internet_27.png_Gaussian-Closing.png
Component: component_1755079635509_290.png
centerX: 0.4562676340185409
centerY: 0.6680923866552609
width: 0.031035872632003223
height: 0.03051040775591674
Area: 0.00027962730610639144
CentroidX: 0.4725
CentroidY: 0.6813
