Location: Dedata_20.png_Gaussian-Median.png
Component: component_1755511365880_270.png
centerX: 0.1125
centerY: 0.6300940438871473
width: 0.024596774193548387
height: 0.03134796238244514
Area: 0.00018213533862234437
CentroidX: 0.1230
CentroidY: 0.6460
