Location: internet_27.png_Otsu.png
Component: component_1755079634811_1910.png
centerX: 0.4671503426037888
centerY: 0.7134302822925578
width: 0.03426037887948408
height: 0.028514399771884802
Area: 0.00019170503353286517
CentroidX: 0.4827
CentroidY: 0.7242
