Location: Dedata_20.png_Gaussian-Closing.png
Component: component_1755511366365_141.png
centerX: 0.20161290322580644
centerY: 0.3302935309204902
width: 0.039112903225806454
height: 0.03419777714448561
Area: 0.0004398826979472141
CentroidX: 0.2188
CentroidY: 0.3448
