Location: internet_27.png_Mean-Closing.png
Component: component_1755079634914_131.png
centerX: 0.2623941958887545
centerY: 0.29911605360707155
width: 0.041515517936316
height: 0.029369831765041345
Area: 0.0003406557070691921
CentroidX: 0.2850
CentroidY: 0.3109
