Location: Dedata_20.png_Mean-Closing.png
Component: component_1755511366038_254.png
centerX: 0.1625
centerY: 0.6178398404103733
width: 0.034274193548387094
height: 0.03419777714448561
Area: 0.00031646733284917126
CentroidX: 0.1798
CentroidY: 0.6316
