Location: internet_27.png_Otsu.png
Component: component_1755079634736_75.png
centerX: 0.22208786779524387
centerY: 0.06216139150270887
width: 0.03506650544135429
height: 0.02737382378100941
Area: 0.0001730861993408243
CentroidX: 0.2408
CentroidY: 0.0722
