Location: internet_27.png_Mean-Medain.png
Component: component_1755079635338_179.png
centerX: 0.15880693268843207
centerY: 0.3889364128885087
width: 0.03426037887948408
height: 0.02594810379241517
Area: 0.0002959475187932421
CentroidX: 0.1753
CentroidY: 0.3989
