Location: Dedata_20.png_Gaussian-Closing.png
Component: component_1755511366352_104.png
centerX: 0.26370967741935486
centerY: 0.23368481048731832
width: 0.03870967741935484
height: 0.03419777714448561
Area: 0.00040621351547633273
CentroidX: 0.2812
CentroidY: 0.2485
