Location: Dedata_20.png_Mean-Closing.png
Component: component_1755511366002_144.png
centerX: 0.021370967741935483
centerY: 0.3456825306355087
width: 0.04153225806451613
height: 0.037047591906526074
Area: 0.0005421542761010857
CentroidX: 0.0417
CentroidY: 0.3624
