Location: Dedata_20.png_Mean-Medain.png
Component: component_1755511365523_234.png
centerX: 0.21008064516129032
centerY: 0.5662581932174409
width: 0.03225806451612903
height: 0.030493017953833
Area: 0.00032439625295323547
CentroidX: 0.2249
CentroidY: 0.5791
