Location: internet_27.png_Mean-Medain.png
Component: component_1755079635362_284.png
centerX: 0.20354695687222893
centerY: 0.6295979469632165
width: 0.039500201531640466
height: 0.03051040775591674
Area: 0.0003682391651314748
CentroidX: 0.2220
CentroidY: 0.6436
