Location: Dedata_20.png_Mean-Medain.png
Component: component_1755511365484_131.png
centerX: 0.018145161290322582
centerY: 0.29780564263322884
width: 0.039112903225806454
height: 0.03733257338273012
Area: 0.0005222745198981421
CentroidX: 0.0394
CentroidY: 0.3135
