Location: internet_27.png_Gaussian-Closing.png
Component: component_1755079635442_62.png
centerX: 0.8702136235388956
centerY: 0.1394354148845167
width: 0.03305118903667876
height: 0.031936127744510975
Area: 0.000274800200945492
CentroidX: 0.8860
CentroidY: 0.1525
