Location: Dedata_20.png_Gaussian-Median.png
Component: component_1755511365857_196.png
centerX: 0.27338709677419354
centerY: 0.4676546024508407
width: 0.03185483870967742
height: 0.03505272157309775
Area: 0.0003765662490002666
CentroidX: 0.2904
CentroidY: 0.4814
