Location: Dedata_20.png_Gaussian-Median.png
Component: component_1755511365870_236.png
centerX: 0.25443548387096776
centerY: 0.5594186377885437
width: 0.03024193548387097
height: 0.03305785123966942
Area: 0.000323247134097574
CentroidX: 0.2690
CentroidY: 0.5731
