Location: internet_27.png_Mean-Closing.png
Component: component_1755079635122_183.png
centerX: 0.6235388956066102
centerY: 0.41174793270601656
width: 0.03385731559854897
height: 0.026803535785571715
Area: 0.00029583258771798257
CentroidX: 0.6413
CentroidY: 0.4232
