Location: Dedata_20.png_Mean-Closing.png
Component: component_1755511366000_139.png
centerX: 0.6891129032258064
centerY: 0.3328583642063266
width: 0.034274193548387094
height: 0.039612425192362494
Area: 0.0005265262596640895
CentroidX: 0.7067
CentroidY: 0.3494
