Location: Dedata_20.png_Mean-Medain.png
Component: component_1755511365550_298.png
centerX: 0.25120967741935485
centerY: 0.7036192647477914
width: 0.027822580645161292
height: 0.030777999430037048
Area: 0.00026096489212072184
CentroidX: 0.2652
CentroidY: 0.7158
