Location: internet_27.png_Mean-Closing.png
Component: component_1755079635093_158.png
centerX: 0.8637646110439339
centerY: 0.3538637011690904
width: 0.037484885126964934
height: 0.02623324779013402
Area: 0.0003130722490069093
CentroidX: 0.8828
CentroidY: 0.3653
