Location: Dedata_20.png_Mean-Closing.png
Component: component_1755511365998_133.png
centerX: 0.25
centerY: 0.3240239384440011
width: 0.03669354838709677
height: 0.037047591906526074
Area: 0.0005135412165951148
CentroidX: 0.2683
CentroidY: 0.3402
