Location: Dedata_20.png_Gaussian-Median.png
Component: component_1755511365856_192.png
centerX: 0.8927419354838709
centerY: 0.4596751211171274
width: 0.03024193548387097
height: 0.0347677400968937
Area: 0.00031911030621719266
CentroidX: 0.9084
CentroidY: 0.4735
