Location: Dedata_20.png_Gaussian-Closing.png
Component: component_1755511366437_347.png
centerX: 0.4532258064516129
centerY: 0.8270162439441436
width: 0.03387096774193549
height: 0.0353377030493018
Area: 0.0003480681013798619
CentroidX: 0.4698
CentroidY: 0.8414
