Location: Dedata_20.png_Mean-Closing.png
Component: component_1755511365964_26.png
centerX: 0.5060483870967742
centerY: 0.04930179538330009
width: 0.03024193548387097
height: 0.02963807352522086
Area: 0.00032175327958521406
CentroidX: 0.5211
CentroidY: 0.0612
