Location: Dedata_20.png_Gaussian-Median.png
Component: component_1755511365860_204.png
centerX: 0.5600806451612903
centerY: 0.48589341692789967
width: 0.03185483870967742
height: 0.03220290681105728
Area: 0.00032956728780371213
CentroidX: 0.5761
CentroidY: 0.4987
