Location: internet_27.png_Otsu.png
Component: component_1755079634775_1079.png
centerX: 0.6586054010479645
centerY: 0.3681209010550328
width: 0.03506650544135429
height: 0.026518391787852865
Area: 0.000270088026859852
CentroidX: 0.6752
CentroidY: 0.3784
