Location: Dedata_20.png_Gaussian-Median.png
Component: component_1755511365755_13.png
centerX: 0.08306451612903226
centerY: 0.009404388714733543
width: 0.03064516129032258
height: 0.039612425192362494
Area: 0.00042931080447512846
CentroidX: 0.0982
CentroidY: 0.0241
