Location: internet_27.png_Mean-Medain.png
Component: component_1755079635345_208.png
centerX: 0.6243450221684804
centerY: 0.4576561163387511
width: 0.03829101168883515
height: 0.02879954376960365
Area: 0.00032019797567299903
CentroidX: 0.6440
CentroidY: 0.4701
