Location: Dedata_20.png_Gaussian-Median.png
Component: component_1755511365893_312.png
centerX: 0.9076612903225807
centerY: 0.7184383015104018
width: 0.03387096774193549
height: 0.031917925334853235
Area: 0.0003349681464253211
CentroidX: 0.9243
CentroidY: 0.7313
