Location: internet_27.png_Mean-Closing.png
Component: component_1755079635095_160.png
centerX: 0.8101571946795647
centerY: 0.3575705731394354
width: 0.04030632809351068
height: 0.02566295979469632
Area: 0.00031548580158735905
CentroidX: 0.8297
CentroidY: 0.3679
