Location: internet_27.png_Mean-Closing.png
Component: component_1755079634864_3.png
centerX: 0.954453849254333
centerY: 0.01140575990875392
width: 0.03305118903667876
height: 0.02737382378100941
Area: 0.00023767746363666977
CentroidX: 0.9702
CentroidY: 0.0219
