Location: internet_27.png_Otsu.png
Component: component_1755079634740_160.png
centerX: 0.8589278516727126
centerY: 0.09580838323353294
width: 0.03869407496977025
height: 0.03022526375819789
Area: 0.00019388872396279588
CentroidX: 0.8783
CentroidY: 0.1069
