Location: Dedata_20.png_Mean-Closing.png
Component: component_1755511366021_204.png
centerX: 0.2657258064516129
centerY: 0.5052721573097748
width: 0.03467741935483871
height: 0.031917925334853235
Area: 0.0003849548166465954
CentroidX: 0.2832
CentroidY: 0.5192
