Location: internet_27.png_Gaussian-Closing.png
Component: component_1755079635485_212.png
centerX: 0.20999596936719064
centerY: 0.48075278015397777
width: 0.03506650544135429
height: 0.02737382378100941
Area: 0.0002560664356781916
CentroidX: 0.2272
CentroidY: 0.4915
