Location: Dedata_20.png_Mean-Closing.png
Component: component_1755511366006_157.png
centerX: 0.7036290322580645
centerY: 0.3887147335423197
width: 0.03306451612903226
height: 0.03220290681105728
Area: 0.00040115739251142226
CentroidX: 0.7205
CentroidY: 0.4018
