Location: Dedata_20.png_Mean-Medain.png
Component: component_1755511365508_195.png
centerX: 0.7
centerY: 0.4719293245939014
width: 0.034274193548387094
height: 0.02963807352522086
Area: 0.0003461145993252374
CentroidX: 0.7162
CentroidY: 0.4849
