Location: internet_27.png_Mean-Closing.png
Component: component_1755079634887_105.png
centerX: 0.5840386940749698
centerY: 0.23410322212717422
width: 0.03667875856509472
height: 0.02879954376960365
Area: 0.00028985617180448797
CentroidX: 0.6029
CentroidY: 0.2451
