Location: internet_27.png_Gaussian-Closing.png
Component: component_1755079635445_74.png
centerX: 0.2809351068117695
centerY: 0.15768463073852296
width: 0.035872632003224506
height: 0.030795551753635585
Area: 0.0002629623001937623
CentroidX: 0.2998
CentroidY: 0.1693
