Location: internet_27.png_Gaussian-Closing.png
Component: component_1755079635474_177.png
centerX: 0.009673518742442563
centerY: 0.3949244368406045
width: 0.031035872632003223
height: 0.026518391787852865
Area: 0.00031410662868424494
CentroidX: 0.0261
CentroidY: 0.4073
