Location: internet_27.png_Mean-Closing.png
Component: component_1755079635118_175.png
centerX: 0.05763804917372027
centerY: 0.3932135728542914
width: 0.03184199919387344
height: 0.025377815796977475
Area: 0.00031111842072749764
CentroidX: 0.0739
CentroidY: 0.4041
