Location: Dedata_20.png_Gaussian-Closing.png
Component: component_1755511366349_95.png
centerX: 0.7169354838709677
centerY: 0.20347677400968936
width: 0.042741935483870966
height: 0.03277286976346538
Area: 0.0004891798968550916
CentroidX: 0.7391
CentroidY: 0.2186
