Location: internet_27.png_Mean-Closing.png
Component: component_1755079635224_297.png
centerX: 0.8553002821442967
centerY: 0.7003136583974907
width: 0.039500201531640466
height: 0.03165098374679213
Area: 0.00036835409620673436
CentroidX: 0.8741
CentroidY: 0.7135
