Location: internet_27.png_Mean-Closing.png
Component: component_1755079634886_99.png
centerX: 0.9081015719467956
centerY: 0.22355289421157684
width: 0.03426037887948408
height: 0.03022526375819789
Area: 0.0002860634463209241
CentroidX: 0.9263
CentroidY: 0.2358
