Location: Dedata_20.png_Mean-Medain.png
Component: component_1755511365455_34.png
centerX: 0.3209677419354839
centerY: 0.05785123966942149
width: 0.029838709677419355
height: 0.031062980906241093
Area: 0.00034531021612627436
CentroidX: 0.3356
CentroidY: 0.0697
