Location: Dedata_20.png_Mean-Medain.png
Component: component_1755511365452_23.png
centerX: 0.8721774193548387
centerY: 0.04531205471644343
width: 0.028629032258064516
height: 0.025648332858364205
Area: 0.0002811893839803639
CentroidX: 0.8872
CentroidY: 0.0559
