Location: Dedata_20.png_Gaussian-Median.png
Component: component_1755511365772_24.png
centerX: 0.8721774193548387
centerY: 0.04531205471644343
width: 0.028629032258064516
height: 0.025648332858364205
Area: 0.00026992801919488137
CentroidX: 0.8872
CentroidY: 0.0560
