Location: internet_27.png_Mean-Closing.png
Component: component_1755079635187_241.png
centerX: 0.6428859330914953
centerY: 0.5597376675220986
width: 0.029826682789197905
height: 0.029654975762760195
Area: 0.00028353496266521485
CentroidX: 0.6579
CentroidY: 0.5722
