Location: internet_27.png_Gaussian-Closing.png
Component: component_1755079635466_146.png
centerX: 0.6481257557436517
centerY: 0.3239235814086113
width: 0.032245062474808545
height: 0.03022526375819789
Area: 0.0003073256952439337
CentroidX: 0.6649
CentroidY: 0.3371
