Location: internet_27.png_Mean-Medain.png
Component: component_1755079635306_51.png
centerX: 0.7085852478839177
centerY: 0.10464784716281722
width: 0.029826682789197905
height: 0.03051040775591674
Area: 0.00025721574643078674
CentroidX: 0.7232
CentroidY: 0.1162
