Location: internet_27.png_Gaussian-Closing.png
Component: component_1755079635467_151.png
centerX: 0.2724707779121322
centerY: 0.34302822925577414
width: 0.03788794840790004
height: 0.029940119760479042
Area: 0.0003222667350276702
CentroidX: 0.2915
CentroidY: 0.3557
