Location: internet_27.png_Mean-Medain.png
Component: component_1755079635353_249.png
centerX: 0.6912535268037082
centerY: 0.559167379526661
width: 0.035872632003224506
height: 0.028229255774165955
Area: 0.000304682280512965
CentroidX: 0.7078
CentroidY: 0.5722
