Location: internet_27.png_Otsu.png
Component: component_1755079634805_1737.png
centerX: 0.6485288190245868
centerY: 0.6609637867122897
width: 0.035872632003224506
height: 0.027944111776447105
Area: 0.00022882777084168738
CentroidX: 0.6661
CentroidY: 0.6722
