Location: internet_27.png_Mean-Medain.png
Component: component_1755079635364_317.png
centerX: 0.6972994760177348
centerY: 0.6572569147419447
width: 0.03305118903667876
height: 0.02737382378100941
Area: 0.000270088026859852
CentroidX: 0.7134
CentroidY: 0.6683
