Location: internet_27.png_Mean-Closing.png
Component: component_1755079634867_17.png
centerX: 0.48286981056025796
centerY: 0.018819503849443968
width: 0.03506650544135429
height: 0.032506415739948676
Area: 0.00025641122890397017
CentroidX: 0.4994
CentroidY: 0.0309
