Location: internet_27.png_Mean-Medain.png
Component: component_1755079635359_270.png
centerX: 0.7896009673518742
centerY: 0.6062161391502708
width: 0.029826682789197905
height: 0.026803535785571715
Area: 0.0002910054825570831
CentroidX: 0.8033
CentroidY: 0.6192
