Location: Dedata_20.png_Mean-Medain.png
Component: component_1755511365449_13.png
centerX: 0.02258064516129032
centerY: 0.01054431461954973
width: 0.03467741935483871
height: 0.047591906526075804
Area: 0.0005500831962051499
CentroidX: 0.0408
CentroidY: 0.0293
