Location: internet_27.png_Mean-Medain.png
Component: component_1755079635328_141.png
centerX: 0.8375654977831519
centerY: 0.3065297975477616
width: 0.04191858121725111
height: 0.031080695751354435
Area: 0.000340195982768154
CentroidX: 0.8593
CentroidY: 0.3204
