Location: Dedata_20.png_Gaussian-Closing.png
Component: component_1755511366415_273.png
centerX: 0.75
centerY: 0.6486178398404103
width: 0.03064516129032258
height: 0.03163294385864919
Area: 0.0003571461403395876
CentroidX: 0.7651
CentroidY: 0.6615
