Location: Dedata_20.png_Gaussian-Median.png
Component: component_1755511365848_167.png
centerX: 0.025403225806451612
centerY: 0.39355941863778854
width: 0.039112903225806454
height: 0.03619264747791394
Area: 0.0004583835115233639
CentroidX: 0.0448
CentroidY: 0.4093
