Location: internet_27.png_Mean-Closing.png
Component: component_1755079634879_74.png
centerX: 0.1700927045546151
centerY: 0.15996578272027373
width: 0.037081821846029824
height: 0.03051040775591674
Area: 0.00025457233169981795
CentroidX: 0.1893
CentroidY: 0.1713
