Location: Dedata_20.png_Mean-Closing.png
Component: component_1755511366028_227.png
centerX: 0.7657258064516129
centerY: 0.5571387859789114
width: 0.03225806451612903
height: 0.032487888287261325
Area: 0.0002925656606514125
CentroidX: 0.7806
CentroidY: 0.5703
