Location: Dedata_20.png_Mean-Closing.png
Component: component_1755511366032_240.png
centerX: 0.4842741935483871
centerY: 0.58592191507552
width: 0.031048387096774193
height: 0.03277286976346538
Area: 0.0003303716710026752
CentroidX: 0.4995
CentroidY: 0.5997
