Location: internet_27.png_Gaussian-Closing.png
Component: component_1755079635468_155.png
centerX: 0.16404675534058846
centerY: 0.3495865412033077
width: 0.032648125755743655
height: 0.028514399771884802
Area: 0.000315026077286321
CentroidX: 0.1794
CentroidY: 0.3605
