Location: internet_27.png_Mean-Closing.png
Component: component_1755079635227_302.png
centerX: 0.7045546150745667
centerY: 0.7080125463358996
width: 0.04030632809351068
height: 0.029654975762760195
Area: 0.000355022091476631
CentroidX: 0.7255
CentroidY: 0.7202
