Location: internet_27.png_Mean-Medain.png
Component: component_1755079635307_55.png
centerX: 0.21725110842402257
centerY: 0.10664385514684915
width: 0.03909713825070536
height: 0.035357855717137156
Area: 0.0003079003506202313
CentroidX: 0.2372
CentroidY: 0.1205
