Location: Dedata_20.png_Gaussian-Closing.png
Component: component_1755511366401_239.png
centerX: 0.5782258064516129
centerY: 0.5753776004559704
width: 0.028629032258064516
height: 0.03505272157309775
Area: 0.000320144513187288
CentroidX: 0.5931
CentroidY: 0.5899
