Location: Dedata_20.png_Gaussian-Closing.png
Component: component_1755511366342_72.png
centerX: 0.14475806451612902
centerY: 0.15132516386434883
width: 0.03185483870967742
height: 0.031062980906241093
Area: 0.00028406218111951757
CentroidX: 0.1605
CentroidY: 0.1633
