Location: internet_27.png_Mean-Medain.png
Component: component_1755079635297_22.png
centerX: 0.5268037081821846
centerY: 0.019674935842600515
width: 0.036275695284159616
height: 0.034787567721699456
Area: 0.00027652416707438465
CentroidX: 0.5449
CentroidY: 0.0317
