Location: Dedata_20.png_Mean-Medain.png
Component: component_1755511365555_311.png
centerX: 0.0125
centerY: 0.7295525790823596
width: 0.03346774193548387
height: 0.037047591906526074
Area: 0.00032922255214701366
CentroidX: 0.0296
CentroidY: 0.7448
