Location: internet_27.png_Mean-Medain.png
Component: component_1755079635320_108.png
centerX: 0.6908504635227731
centerY: 0.23182207014542344
width: 0.036275695284159616
height: 0.03022526375819789
Area: 0.0002800870304074295
CentroidX: 0.7104
CentroidY: 0.2434
