Location: internet_27.png_Gaussian-Closing.png
Component: component_1755079635500_264.png
centerX: 0.5481660620717452
centerY: 0.6142001710863987
width: 0.03345425231761386
height: 0.0290846877673225
Area: 0.00028445441126729096
CentroidX: 0.5664
CentroidY: 0.6260
