Location: internet_27.png_Otsu.png
Component: component_1755079634792_1332.png
centerX: 0.20435308343409916
centerY: 0.530938123752495
width: 0.03506650544135429
height: 0.028514399771884802
Area: 0.00024066567159341707
CentroidX: 0.2227
CentroidY: 0.5424
