Location: internet_27.png_Otsu.png
Component: component_1755079634799_1537.png
centerX: 0.7908101571946796
centerY: 0.6065012831479898
width: 0.028617492946392584
height: 0.02594810379241517
Area: 0.00020974921234860846
CentroidX: 0.8039
CentroidY: 0.6191
