Location: internet_27.png_Mean-Closing.png
Component: component_1755079634867_16.png
centerX: 0.6872228939943571
centerY: 0.017678927858568578
width: 0.031035872632003223
height: 0.02879954376960365
Area: 0.00024928550223788043
CentroidX: 0.7040
CentroidY: 0.0286
