Location: internet_27.png_Mean-Closing.png
Component: component_1755079635240_315.png
centerX: 0.06086255542120113
centerY: 0.7325349301397206
width: 0.029826682789197905
height: 0.029369831765041345
Area: 0.0003089347302975669
CentroidX: 0.0758
CentroidY: 0.7463
