Location: internet_27.png_Mean-Closing.png
Component: component_1755079635238_313.png
centerX: 0.15840386940749698
centerY: 0.7285429141716567
width: 0.03667875856509472
height: 0.027944111776447105
Area: 0.0002808915479342461
CentroidX: 0.1768
CentroidY: 0.7390
