Location: Dedata_20.png_Gaussian-Closing.png
Component: component_1755511366353_109.png
centerX: 0.7806451612903226
centerY: 0.24479908805927614
width: 0.035483870967741936
height: 0.039042462239954404
Area: 0.00046435892957280355
CentroidX: 0.7982
CentroidY: 0.2605
