Location: internet_27.png_Otsu.png
Component: component_1755079634792_1330.png
centerX: 0.25594518339379285
centerY: 0.5260906757912746
width: 0.03345425231761386
height: 0.028229255774165955
Area: 0.00023170104772317517
CentroidX: 0.2740
CentroidY: 0.5377
