Location: internet_27.png_Mean-Closing.png
Component: component_1755079635135_196.png
centerX: 0.875453446191052
centerY: 0.4513829483889364
width: 0.03385731559854897
height: 0.02623324779013402
Area: 0.00028583358417040507
CentroidX: 0.8913
CentroidY: 0.4624
