Location: Dedata_20.png_Mean-Closing.png
Component: component_1755511366019_197.png
centerX: 0.07701612903225806
centerY: 0.4881732687375321
width: 0.032661290322580645
height: 0.029353092049016812
Area: 0.0003878276137857491
CentroidX: 0.0941
CentroidY: 0.5001
