Location: Dedata_20.png_Mean-Medain.png
Component: component_1755511365543_278.png
centerX: 0.6036290322580645
centerY: 0.6617269877457965
width: 0.037096774193548385
height: 0.034482758620689655
Area: 0.00042689765487823934
CentroidX: 0.6219
CentroidY: 0.6754
