Location: internet_27.png_Mean-Closing.png
Component: component_1755079635161_212.png
centerX: 0.11124546553808948
centerY: 0.4864556601083547
width: 0.036275695284159616
height: 0.03222127174222983
Area: 0.00031525593943684
CentroidX: 0.1301
CentroidY: 0.4994
