Location: Dedata_20.png_Mean-Medain.png
Component: component_1755511365488_142.png
centerX: 0.20161290322580644
centerY: 0.3302935309204902
width: 0.039112903225806454
height: 0.033912795668281565
Area: 0.00045585545004090864
CentroidX: 0.2186
CentroidY: 0.3446
