Location: Dedata_20.png_Gaussian-Closing.png
Component: component_1755511366387_201.png
centerX: 0.07701612903225806
centerY: 0.4884582502137361
width: 0.032661290322580645
height: 0.029068110572812767
Area: 0.00036852241701063623
CentroidX: 0.0942
CentroidY: 0.5003
