Location: internet_27.png_Mean-Closing.png
Component: component_1755079635109_164.png
centerX: 0.60378879484079
centerY: 0.37011690903906475
width: 0.03990326481257558
height: 0.02623324779013402
Area: 0.0003339897047041404
CentroidX: 0.6240
CentroidY: 0.3809
