Location: Dedata_20.png_Gaussian-Median.png
Component: component_1755511365831_116.png
centerX: 0.7189516129032258
centerY: 0.2467939583927045
width: 0.041935483870967745
height: 0.03761755485893417
Area: 0.0005311227350867355
CentroidX: 0.7397
CentroidY: 0.2635
