Location: Dedata_20.png_Mean-Closing.png
Component: component_1755511366020_201.png
centerX: 0.4241935483870968
centerY: 0.499857509261898
width: 0.02903225806451613
height: 0.031917925334853235
Area: 0.00035875490673751366
CentroidX: 0.4399
CentroidY: 0.5128
