Location: Dedata_20.png_Mean-Medain.png
Component: component_1755511365501_177.png
centerX: 0.7358870967741935
centerY: 0.43003704759190653
width: 0.029838709677419355
height: 0.027643203191792535
Area: 0.00036013384936430746
CentroidX: 0.7513
CentroidY: 0.4420
