Location: Dedata_20.png_Gaussian-Median.png
Component: component_1755511365903_346.png
centerX: 0.6620967741935484
centerY: 0.8005129666571673
width: 0.03467741935483871
height: 0.03277286976346538
Area: 0.00033450849888305646
CentroidX: 0.6789
CentroidY: 0.8131
