Location: Dedata_20.png_Gaussian-Closing.png
Component: component_1755511366387_203.png
centerX: 0.02338709677419355
centerY: 0.49415787973781705
width: 0.03346774193548387
height: 0.029923055001424906
Area: 0.00038403552156206623
CentroidX: 0.0409
CentroidY: 0.5070
