Location: Dedata_20.png_Gaussian-Median.png
Component: component_1755511365889_300.png
centerX: 0.014919354838709677
centerY: 0.6862353946993446
width: 0.03024193548387097
height: 0.03277286976346538
Area: 0.00029578319344726465
CentroidX: 0.0301
CentroidY: 0.6999
