Location: Dedata_20.png_Mean-Medain.png
Component: component_1755511365501_179.png
centerX: 0.07862903225806452
centerY: 0.43659162154459963
width: 0.05040322580645161
height: 0.03362781419207751
Area: 0.0005427288355289165
CentroidX: 0.1025
CentroidY: 0.4526
