Location: internet_27.png_Otsu.png
Component: component_1755079634732_22.png
centerX: 0.33454252317613864
centerY: 0.017964071856287425
width: 0.031035872632003223
height: 0.03165098374679213
Area: 0.0001979113115968788
CentroidX: 0.3497
CentroidY: 0.0309
