Location: internet_27.png_Mean-Medain.png
Component: component_1755079635359_268.png
centerX: 0.8758565094719871
centerY: 0.6019389791844881
width: 0.03305118903667876
height: 0.027088679783290562
Area: 0.00026962830255881394
CentroidX: 0.8932
CentroidY: 0.6129
