Location: internet_27.png_Mean-Closing.png
Component: component_1755079635236_311.png
centerX: 0.3091495364772269
centerY: 0.7197034502423724
width: 0.03385731559854897
height: 0.03136583974907328
Area: 0.00028342003158995536
CentroidX: 0.3260
CentroidY: 0.7331
