Location: internet_27.png_Gaussian-Closing.png
Component: component_1755079635424_11.png
centerX: 0.28738411930673113
centerY: 0.015968063872255488
width: 0.03143893591293833
height: 0.03507271171941831
Area: 0.0002590546436349389
CentroidX: 0.3022
CentroidY: 0.0292
