Location: internet_27.png_Otsu.png
Component: component_1755079634809_1842.png
centerX: 0.8553002821442967
centerY: 0.701739378386085
width: 0.03869407496977025
height: 0.029940119760479042
Area: 0.00023216077202421322
CentroidX: 0.8723
CentroidY: 0.7131
