Location: internet_27.png_Gaussian-Closing.png
Component: component_1755079635438_50.png
centerX: 0.37525191455058443
centerY: 0.10493299116053607
width: 0.03909713825070536
height: 0.028514399771884802
Area: 0.00026353695557005985
CentroidX: 0.3957
CentroidY: 0.1157
