Location: Dedata_20.png_Gaussian-Closing.png
Component: component_1755511366322_27.png
centerX: 0.714516129032258
centerY: 0.04987175833570818
width: 0.03346774193548387
height: 0.027643203191792535
Area: 0.00029934546189981523
CentroidX: 0.7316
CentroidY: 0.0604
