Location: Dedata_20.png_Mean-Medain.png
Component: component_1755511365447_5.png
centerX: 0.8604838709677419
centerY: 0.004844685095468795
width: 0.03669354838709677
height: 0.03505272157309775
Area: 0.000390125851497072
CentroidX: 0.8780
CentroidY: 0.0171
