Location: Dedata_20.png_Mean-Medain.png
Component: component_1755511365495_162.png
centerX: 0.6483870967741936
centerY: 0.39241949273297233
width: 0.036290322580645164
height: 0.030493017953833
Area: 0.0003952968863475487
CentroidX: 0.6669
CentroidY: 0.4049
