Location: internet_27.png_Gaussian-Closing.png
Component: component_1755079635460_124.png
centerX: 0.7444578798871423
centerY: 0.2748788138009695
width: 0.037484885126964934
height: 0.02879954376960365
Area: 0.0002757196495475681
CentroidX: 0.7624
CentroidY: 0.2848
