Location: internet_27.png_Mean-Closing.png
Component: component_1755079634878_68.png
centerX: 0.561870213623539
centerY: 0.14713430282292558
width: 0.03506650544135429
height: 0.028514399771884802
Area: 0.00023227570309947273
CentroidX: 0.5778
CentroidY: 0.1580
