Location: internet_27.png_Gaussian-Closing.png
Component: component_1755079635489_227.png
centerX: 0.45102781136638453
centerY: 0.5166809238665526
width: 0.03788794840790004
height: 0.02566295979469632
Area: 0.0002488257779368424
CentroidX: 0.4716
CentroidY: 0.5273
