Location: Dedata_20.png_Gaussian-Median.png
Component: component_1755511365858_198.png
centerX: 0.225
centerY: 0.4716443431176974
width: 0.02943548387096774
height: 0.03134796238244514
Area: 0.00033715147225107787
CentroidX: 0.2399
CentroidY: 0.4841
