Location: internet_27.png_Mean-Medain.png
Component: component_1755079635299_28.png
centerX: 0.7069729947601774
centerY: 0.061305959509552324
width: 0.03909713825070536
height: 0.028514399771884802
Area: 0.00026353695557005985
CentroidX: 0.7260
CentroidY: 0.0717
