Location: internet_27.png_Mean-Closing.png
Component: component_1755079635231_306.png
centerX: 0.46634421604191856
centerY: 0.7131451382948389
width: 0.036275695284159616
height: 0.0290846877673225
Area: 0.0003385869477145209
CentroidX: 0.4848
CentroidY: 0.7261
