Location: internet_27.png_Otsu.png
Component: component_1755079634782_1174.png
centerX: 0.25755743651753327
centerY: 0.42771599657827203
width: 0.03869407496977025
height: 0.028229255774165955
Area: 0.00026824912965569983
CentroidX: 0.2773
CentroidY: 0.4382
