Location: Dedata_20.png_Gaussian-Closing.png
Component: component_1755511366413_268.png
centerX: 0.8375
centerY: 0.6366486178398404
width: 0.034274193548387094
height: 0.03562268452550584
Area: 0.00040265124702378214
CentroidX: 0.8546
CentroidY: 0.6510
