Location: Dedata_20.png_Mean-Medain.png
Component: component_1755511365470_82.png
centerX: 0.6161290322580645
centerY: 0.16614420062695925
width: 0.0375
height: 0.03134796238244514
Area: 0.0003626619108467627
CentroidX: 0.6352
CentroidY: 0.1801
