Location: internet_27.png_Mean-Medain.png
Component: component_1755079635370_342.png
centerX: 0.6569931479242241
centerY: 0.7102936983176504
width: 0.03305118903667876
height: 0.029940119760479042
Area: 0.0003439887082517179
CentroidX: 0.6726
CentroidY: 0.7237
