Location: internet_27.png_Mean-Medain.png
Component: component_1755079635367_329.png
centerX: 0.10600564288593309
centerY: 0.6846307385229541
width: 0.03506650544135429
height: 0.028514399771884802
Area: 0.00029445341481486846
CentroidX: 0.1239
CentroidY: 0.6959
