Location: Dedata_20.png_Gaussian-Closing.png
Component: component_1755511366344_80.png
centerX: 0.7463709677419355
centerY: 0.1652892561983471
width: 0.03387096774193549
height: 0.03134796238244514
Area: 0.0003392198861912685
CentroidX: 0.7635
CentroidY: 0.1778
