Location: internet_27.png_Gaussian-Closing.png
Component: component_1755079635496_250.png
centerX: 0.31237404272470776
centerY: 0.5745651554034787
width: 0.02902055622732769
height: 0.028514399771884802
Area: 0.00024652715643165216
CentroidX: 0.3277
CentroidY: 0.5870
