Location: Dedata_20.png_Gaussian-Closing.png
Component: component_1755511366420_292.png
centerX: 0.014919354838709677
centerY: 0.6862353946993446
width: 0.03024193548387097
height: 0.03277286976346538
Area: 0.0002942893389349047
CentroidX: 0.0301
CentroidY: 0.7000
