Location: Dedata_20.png_Mean-Medain.png
Component: component_1755511365558_320.png
centerX: 0.2125
centerY: 0.7552009119407238
width: 0.03346774193548387
height: 0.031062980906241093
Area: 0.00037886448671158957
CentroidX: 0.2290
CentroidY: 0.7691
