Location: internet_27.png_Mean-Medain.png
Component: component_1755079635350_229.png
centerX: 0.5941152760983475
centerY: 0.5121186199030511
width: 0.03788794840790004
height: 0.02623324779013402
Area: 0.00026583557707525007
CentroidX: 0.6136
CentroidY: 0.5222
