Location: Dedata_20.png_Mean-Medain.png
Component: component_1755511365481_122.png
centerX: 0.2830645161290323
centerY: 0.27415218010829295
width: 0.038306451612903226
height: 0.03590766600170989
Area: 0.0005122771858538872
CentroidX: 0.3030
CentroidY: 0.2899
