Location: Dedata_20.png_Gaussian-Median.png
Component: component_1755511365880_271.png
centerX: 0.06330645161290323
centerY: 0.6303790253633513
width: 0.03024193548387097
height: 0.03619264747791394
Area: 0.0003188804824460604
CentroidX: 0.0793
CentroidY: 0.6444
