Location: Dedata_20.png_Gaussian-Median.png
Component: component_1755511365762_15.png
centerX: 0.022983870967741935
centerY: 0.010829296095753777
width: 0.034274193548387094
height: 0.04730692504987176
Area: 0.0005199762821868192
CentroidX: 0.0409
CentroidY: 0.0295
