Location: internet_27.png_Mean-Closing.png
Component: component_1755079635199_243.png
centerX: 0.5449415558242644
centerY: 0.5625891074992871
width: 0.03426037887948408
height: 0.03279155973766752
Area: 0.0003426095353486038
CentroidX: 0.5628
CentroidY: 0.5771
