Location: Dedata_20.png_Gaussian-Closing.png
Component: component_1755511366434_339.png
centerX: 0.21088709677419354
centerY: 0.8030777999430037
width: 0.03870967741935484
height: 0.031062980906241093
Area: 0.0003547329907426985
CentroidX: 0.2305
CentroidY: 0.8160
