Location: Dedata_20.png_Gaussian-Median.png
Component: component_1755511365794_33.png
centerX: 0.3665322580645161
centerY: 0.055571387859789115
width: 0.03467741935483871
height: 0.031062980906241093
Area: 0.0003417479476737238
CentroidX: 0.3829
CentroidY: 0.0683
