Location: internet_27.png_Otsu.png
Component: component_1755079634764_838.png
centerX: 0.07013301088270858
centerY: 0.2703165098374679
width: 0.012494961708988311
height: 0.016538351867693184
Area: 3.907656558823391e-05
CentroidX: 0.0739
CentroidY: 0.2809
