Location: Dedata_20.png_Mean-Closing.png
Component: component_1755511366056_312.png
centerX: 0.6600806451612903
centerY: 0.7486463379880308
width: 0.037096774193548385
height: 0.03305785123966942
Area: 0.0003593294661653444
CentroidX: 0.6790
CentroidY: 0.7614
