Location: Dedata_20.png_Mean-Closing.png
Component: component_1755511365965_27.png
centerX: 0.5620967741935484
centerY: 0.04930179538330009
width: 0.027016129032258064
height: 0.02821316614420063
Area: 0.00029532354590500003
CentroidX: 0.5759
CentroidY: 0.0605
