Location: internet_27.png_Mean-Medain.png
Component: component_1755079635345_210.png
centerX: 0.5783958081418783
centerY: 0.4619332763045338
width: 0.03345425231761386
height: 0.026518391787852865
Area: 0.00028583358417040507
CentroidX: 0.5937
CentroidY: 0.4732
