Location: Dedata_20.png_Mean-Closing.png
Component: component_1755511365970_44.png
centerX: 0.5463709677419355
centerY: 0.0834995725277857
width: 0.03064516129032258
height: 0.034482758620689655
Area: 0.0003370365603655117
CentroidX: 0.5625
CentroidY: 0.0975
