Location: Dedata_20.png_Mean-Medain.png
Component: component_1755511365499_172.png
centerX: 0.2814516129032258
centerY: 0.4200626959247649
width: 0.036290322580645164
height: 0.039897406668566546
Area: 0.0005259517002362588
CentroidX: 0.3000
CentroidY: 0.4360
