Location: internet_27.png_Gaussian-Closing.png
Component: component_1755079635499_262.png
centerX: 0.6904474002418379
centerY: 0.6090675791274593
width: 0.03345425231761386
height: 0.028514399771884802
Area: 0.00024181498234601218
CentroidX: 0.7057
CentroidY: 0.6216
