Location: internet_27.png_Gaussian-Closing.png
Component: component_1755079635491_231.png
centerX: 0.25594518339379285
centerY: 0.5260906757912746
width: 0.03385731559854897
height: 0.0290846877673225
Area: 0.0002829603072889173
CentroidX: 0.2747
CentroidY: 0.5385
