Location: internet_27.png_Otsu.png
Component: component_1755079634755_554.png
centerX: 0.16283756549778317
centerY: 0.21357285429141717
width: 0.030229746070133012
height: 0.02765896777872826
Area: 0.00019354393073701736
CentroidX: 0.1785
CentroidY: 0.2251
