Location: Dedata_20.png_Mean-Closing.png
Component: component_1755511366018_195.png
centerX: 0.1310483870967742
centerY: 0.4841835280706754
width: 0.03024193548387097
height: 0.030493017953833
Area: 0.00036473032478695337
CentroidX: 0.1462
CentroidY: 0.4959
