Location: Dedata_20.png_Gaussian-Closing.png
Component: component_1755511366370_158.png
centerX: 0.8088709677419355
centerY: 0.3798803077799943
width: 0.03467741935483871
height: 0.03334283271587347
Area: 0.00040115739251142226
CentroidX: 0.8266
CentroidY: 0.3931
