Location: Dedata_20.png_Mean-Medain.png
Component: component_1755511365488_143.png
centerX: 0.6891129032258064
centerY: 0.33257338273012255
width: 0.034274193548387094
height: 0.04018238814477059
Area: 0.0005266411715496558
CentroidX: 0.7067
CentroidY: 0.3494
