Location: Dedata_20.png_Mean-Closing.png
Component: component_1755511366039_256.png
centerX: 0.1125
centerY: 0.6258193217440866
width: 0.031048387096774193
height: 0.03562268452550584
Area: 0.00032462607672436775
CentroidX: 0.1273
CentroidY: 0.6396
