Location: internet_27.png_Otsu.png
Component: component_1755079634765_843.png
centerX: 0.7908101571946796
centerY: 0.2725976618192187
width: 0.039500201531640466
height: 0.026518391787852865
Area: 0.00026388174879583837
CentroidX: 0.8112
CentroidY: 0.2810
