Location: Dedata_20.png_Mean-Closing.png
Component: component_1755511365971_47.png
centerX: 0.7782258064516129
centerY: 0.08492447990880593
width: 0.034274193548387094
height: 0.03305785123966942
Area: 0.0003740381875178113
CentroidX: 0.7954
CentroidY: 0.0985
