Location: Dedata_20.png_Mean-Medain.png
Component: component_1755511365566_343.png
centerX: 0.11895161290322581
centerY: 0.8139070960387574
width: 0.03387096774193549
height: 0.034482758620689655
Area: 0.00040471966096397284
CentroidX: 0.1358
CentroidY: 0.8273
