Location: internet_27.png_Gaussian-Closing.png
Component: component_1755079635523_316.png
centerX: 0.3091495364772269
centerY: 0.7197034502423724
width: 0.03385731559854897
height: 0.030795551753635585
Area: 0.0002643414730968764
CentroidX: 0.3263
CentroidY: 0.7333
