Location: Dedata_20.png_Mean-Medain.png
Component: component_1755511365491_149.png
centerX: 0.5112903225806451
centerY: 0.3459675121117127
width: 0.039919354838709675
height: 0.045027073240239385
Area: 0.0005857058807306558
CentroidX: 0.5302
CentroidY: 0.3650
