Location: Dedata_20.png_Gaussian-Closing.png
Component: component_1755511366423_301.png
centerX: 0.9588709677419355
centerY: 0.713593616414933
width: 0.034274193548387094
height: 0.03676261043032203
Area: 0.0003713952141497899
CentroidX: 0.9754
CentroidY: 0.7284
