Location: internet_27.png_Mean-Medain.png
Component: component_1755079635296_18.png
centerX: 0.43087464731962916
centerY: 0.017678927858568578
width: 0.029423619508262798
height: 0.03450242372398061
Area: 0.00028043182363320806
CentroidX: 0.4453
CentroidY: 0.0314
