Location: Dedata_20.png_Mean-Closing.png
Component: component_1755511365982_81.png
centerX: 0.5020161290322581
centerY: 0.16927899686520376
width: 0.03306451612903226
height: 0.03134796238244514
Area: 0.00032554537180889693
CentroidX: 0.5196
CentroidY: 0.1817
