Location: internet_27.png_Otsu.png
Component: component_1755079634738_84.png
centerX: 0.6513502619911327
centerY: 0.0641573994867408
width: 0.03466344216041919
height: 0.019104647847162818
Area: 0.00012056269794722756
CentroidX: 0.6703
CentroidY: 0.0692
