Location: internet_27.png_Mean-Closing.png
Component: component_1755079634877_63.png
centerX: 0.7670294236195082
centerY: 0.1420017108639863
width: 0.037081821846029824
height: 0.032506415739948676
Area: 0.0002839946869662529
CentroidX: 0.7848
CentroidY: 0.1540
