Location: internet_27.png_Mean-Closing.png
Component: component_1755079634869_25.png
centerX: 0.7077791213220476
centerY: 0.061305959509552324
width: 0.03788794840790004
height: 0.028514399771884802
Area: 0.0002583650571833818
CentroidX: 0.7263
CentroidY: 0.0718
