Location: Dedata_20.png_Gaussian-Median.png
Component: component_1755511365851_176.png
centerX: 0.2814516129032258
centerY: 0.42034767740096896
width: 0.036290322580645164
height: 0.039612425192362494
Area: 0.0004975684645014203
CentroidX: 0.3000
CentroidY: 0.4363
