Location: Dedata_20.png_Gaussian-Median.png
Component: component_1755511365843_152.png
centerX: 0.021370967741935483
centerY: 0.3456825306355087
width: 0.041935483870967745
height: 0.037047591906526074
Area: 0.0005149201592219086
CentroidX: 0.0419
CentroidY: 0.3626
