Location: internet_27.png_Otsu.png
Component: component_1755079634808_1781.png
centerX: 0.15517936316001613
centerY: 0.6817792985457656
width: 0.03426037887948408
height: 0.02594810379241517
Area: 0.0001800969949316545
CentroidX: 0.1744
CentroidY: 0.6932
