Location: Dedata_20.png_Gaussian-Closing.png
Component: component_1755511366436_343.png
centerX: 0.11895161290322581
centerY: 0.8139070960387574
width: 0.03387096774193549
height: 0.034482758620689655
Area: 0.00039024076338263817
CentroidX: 0.1359
CentroidY: 0.8274
