Location: internet_27.png_Mean-Closing.png
Component: component_1755079634870_27.png
centerX: 0.7634018540910923
centerY: 0.06159110350727117
width: 0.03345425231761386
height: 0.02594810379241517
Area: 0.00023997608514186001
CentroidX: 0.7800
CentroidY: 0.0726
