Location: Dedata_20.png_Gaussian-Closing.png
Component: component_1755511366377_174.png
centerX: 0.785483870967742
centerY: 0.42547734397264175
width: 0.03024193548387097
height: 0.032487888287261325
Area: 0.0003415181239025915
CentroidX: 0.8010
CentroidY: 0.4389
