Location: internet_27.png_Gaussian-Closing.png
Component: component_1755079635495_245.png
centerX: 0.5449415558242644
centerY: 0.5625891074992871
width: 0.03426037887948408
height: 0.03279155973766752
Area: 0.0003173246987915112
CentroidX: 0.5629
CentroidY: 0.5774
