Location: Dedata_20.png_Mean-Closing.png
Component: component_1755511365979_71.png
centerX: 0.14475806451612902
centerY: 0.15132516386434883
width: 0.03185483870967742
height: 0.030777999430037048
Area: 0.0003034822897801965
CentroidX: 0.1604
CentroidY: 0.1631
