Location: Dedata_20.png_Mean-Closing.png
Component: component_1755511366041_262.png
centerX: 0.0125
centerY: 0.6346537475064121
width: 0.037096774193548385
height: 0.038472499287546306
Area: 0.00040138721628255454
CentroidX: 0.0304
CentroidY: 0.6507
