Location: internet_27.png_Mean-Closing.png
Component: component_1755079635212_259.png
centerX: 0.7408303103587264
centerY: 0.607927003136584
width: 0.031035872632003223
height: 0.028514399771884802
Area: 0.000259974092237015
CentroidX: 0.7558
CentroidY: 0.6198
