Location: internet_27.png_Otsu.png
Component: component_1755079634813_2001.png
centerX: 0.012091898428053204
centerY: 0.7362418021100656
width: 0.03506650544135429
height: 0.02566295979469632
Area: 0.0001937737928875364
CentroidX: 0.0300
CentroidY: 0.7474
