Location: Dedata_20.png_Mean-Medain.png
Component: component_1755511365492_152.png
centerX: 0.33145161290322583
centerY: 0.3627814192077515
width: 0.04112903225806452
height: 0.04331718438301511
Area: 0.0005695033048658288
CentroidX: 0.3517
CentroidY: 0.3813
