Location: internet_27.png_Otsu.png
Component: component_1755079634752_473.png
centerX: 0.7251108424022572
centerY: 0.18905047048759624
width: 0.03426037887948408
height: 0.031936127744510975
Area: 0.0001788327531037999
CentroidX: 0.7407
CentroidY: 0.2010
