Location: Dedata_20.png_Mean-Closing.png
Component: component_1755511366009_166.png
centerX: 0.882258064516129
centerY: 0.4169278996865204
width: 0.028629032258064516
height: 0.03134796238244514
Area: 0.0003392198861912685
CentroidX: 0.8974
CentroidY: 0.4296
