Location: internet_27.png_Gaussian-Closing.png
Component: component_1755079635460_127.png
centerX: 0.5235792019347038
centerY: 0.2802965497576276
width: 0.041112454655380895
height: 0.03450242372398061
Area: 0.0003766291336254192
CentroidX: 0.5441
CentroidY: 0.2934
