Location: Dedata_20.png_Mean-Medain.png
Component: component_1755511365489_144.png
centerX: 0.1495967741935484
centerY: 0.33428327158734683
width: 0.03588709677419355
height: 0.03733257338273012
Area: 0.0005006710854117063
CentroidX: 0.1663
CentroidY: 0.3500
