Location: internet_27.png_Gaussian-Closing.png
Component: component_1755079635451_92.png
centerX: 0.3732365981459089
centerY: 0.1990305104077559
width: 0.02902055622732769
height: 0.03165098374679213
Area: 0.0001909005160060486
CentroidX: 0.3868
CentroidY: 0.2128
