Location: internet_27.png_Otsu.png
Component: component_1755079634805_1735.png
centerX: 0.5989520354695688
centerY: 0.6606786427145709
width: 0.037484885126964934
height: 0.029940119760479042
Area: 0.0002450330524532785
CentroidX: 0.6175
CentroidY: 0.6718
