Location: Dedata_20.png_Mean-Medain.png
Component: component_1755511365551_301.png
centerX: 0.9588709677419355
centerY: 0.713593616414933
width: 0.034274193548387094
height: 0.03676261043032203
Area: 0.00039851441914340085
CentroidX: 0.9755
CentroidY: 0.7281
