Location: internet_27.png_Mean-Medain.png
Component: component_1755079635294_9.png
centerX: 0.7839580814187828
centerY: 0.01311662389506701
width: 0.03506650544135429
height: 0.02879954376960365
Area: 0.00025422753847403944
CentroidX: 0.8020
CentroidY: 0.0246
