Location: Dedata_20.png_Mean-Closing.png
Component: component_1755511366025_219.png
centerX: 0.4375
centerY: 0.5440296380735252
width: 0.037096774193548385
height: 0.03505272157309775
Area: 0.00037288906866214986
CentroidX: 0.4546
CentroidY: 0.5587
