Location: internet_27.png_Mean-Medain.png
Component: component_1755079635311_78.png
centerX: 0.1700927045546151
centerY: 0.1596806387225549
width: 0.037081821846029824
height: 0.030795551753635585
Area: 0.00025721574643078674
CentroidX: 0.1893
CentroidY: 0.1712
