Location: internet_27.png_Mean-Medain.png
Component: component_1755079635297_25.png
centerX: 0.9197904070939138
centerY: 0.052751639577986884
width: 0.04514308746473196
height: 0.03222127174222983
Area: 0.00029882079567472987
CentroidX: 0.9404
CentroidY: 0.0653
