Location: internet_27.png_Mean-Closing.png
Component: component_1755079635217_272.png
centerX: 0.20395002015316405
centerY: 0.6295979469632165
width: 0.03869407496977025
height: 0.03051040775591674
Area: 0.00036352699104583484
CentroidX: 0.2218
CentroidY: 0.6435
