Location: Dedata_20.png_Gaussian-Median.png
Component: component_1755511365866_226.png
centerX: 0.49233870967741933
centerY: 0.536335138216016
width: 0.027419354838709678
height: 0.0347677400968937
Area: 0.00033784094356447477
CentroidX: 0.5051
CentroidY: 0.5505
