Location: internet_27.png_Mean-Medain.png
Component: component_1755079635306_52.png
centerX: 0.27529222087867794
centerY: 0.10521813515825491
width: 0.03466344216041919
height: 0.03136583974907328
Area: 0.00029238465546019727
CentroidX: 0.2938
CentroidY: 0.1178
