Location: Dedata_20.png_Mean-Closing.png
Component: component_1755511365985_89.png
centerX: 0.07782258064516129
centerY: 0.20148190367626104
width: 0.036290322580645164
height: 0.03134796238244514
Area: 0.0003319804374006012
CentroidX: 0.0952
CentroidY: 0.2137
