Location: internet_27.png_Mean-Closing.png
Component: component_1755079634893_116.png
centerX: 0.06086255542120113
centerY: 0.25691474194468206
width: 0.03426037887948408
height: 0.03022526375819789
Area: 0.00026560571492473104
CentroidX: 0.0779
CentroidY: 0.2682
