Location: internet_27.png_Otsu.png
Component: component_1755079634762_741.png
centerX: 0.2184602982668279
centerY: 0.2523524379811805
width: 0.02902055622732769
height: 0.03051040775591674
Area: 0.00016078857428805657
CentroidX: 0.2318
CentroidY: 0.2641
