Location: internet_27.png_Mean-Closing.png
Component: component_1755079634873_43.png
centerX: 0.8065296251511487
centerY: 0.09923011120615911
width: 0.035872632003224506
height: 0.027944111776447105
Area: 0.0002667550256773262
CentroidX: 0.8255
CentroidY: 0.1096
