Location: Dedata_20.png_Mean-Closing.png
Component: component_1755511365977_63.png
centerX: 0.8016129032258065
centerY: 0.12795668281561698
width: 0.034274193548387094
height: 0.03220290681105728
Area: 0.0003328997324851304
CentroidX: 0.8181
CentroidY: 0.1414
