Location: internet_27.png_Mean-Closing.png
Component: component_1755079635119_178.png
centerX: 0.8573155985489722
centerY: 0.4037639007698888
width: 0.03909713825070536
height: 0.02765896777872826
Area: 0.00030353296976036985
CentroidX: 0.8752
CentroidY: 0.4148
