Location: Dedata_20.png_Mean-Medain.png
Component: component_1755511365485_134.png
centerX: 0.4241935483870968
centerY: 0.3086349387289826
width: 0.039112903225806454
height: 0.03362781419207751
Area: 0.0005384770957629689
CentroidX: 0.4462
CentroidY: 0.3234
