Location: internet_27.png_Otsu.png
Component: component_1755079634752_481.png
centerX: 0.5804111245465539
centerY: 0.19218705446250356
width: 0.030229746070133012
height: 0.030795551753635585
Area: 0.00017733864912542624
CentroidX: 0.5935
CentroidY: 0.2043
