Location: internet_27.png_Mean-Closing.png
Component: component_1755079635186_240.png
centerX: 0.6912535268037082
centerY: 0.559167379526661
width: 0.035872632003224506
height: 0.02765896777872826
Area: 0.00029847600244895135
CentroidX: 0.7077
CentroidY: 0.5721
