Location: internet_27.png_Gaussian-Closing.png
Component: component_1755079635512_294.png
centerX: 0.3079403466344216
centerY: 0.6777872825777017
width: 0.030632809351068116
height: 0.026518391787852865
Area: 0.00022721873578805422
CentroidX: 0.3241
CentroidY: 0.6890
