Location: internet_27.png_Mean-Medain.png
Component: component_1755079635358_262.png
centerX: 0.0592503022974607
centerY: 0.5882520672939835
width: 0.03143893591293833
height: 0.02623324779013402
Area: 0.0002639966798710979
CentroidX: 0.0756
CentroidY: 0.5998
