Location: Dedata_20.png_Gaussian-Median.png
Component: component_1755511365850_174.png
centerX: 0.882258064516129
centerY: 0.4169278996865204
width: 0.028629032258064516
height: 0.03134796238244514
Area: 0.0003220980152419125
CentroidX: 0.8975
CentroidY: 0.4297
