Location: Dedata_20.png_Gaussian-Median.png
Component: component_1755511365861_210.png
centerX: 0.31975806451612904
centerY: 0.5015673981191222
width: 0.031048387096774193
height: 0.034482758620689655
Area: 0.0003559970214839261
CentroidX: 0.3354
CentroidY: 0.5151
