Location: internet_27.png_Gaussian-Closing.png
Component: component_1755079635464_140.png
centerX: 0.9411527609834744
centerY: 0.30681494154548045
width: 0.03466344216041919
height: 0.02737382378100941
Area: 0.00035249360782092174
CentroidX: 0.9591
CentroidY: 0.3191
