Location: internet_27.png_Otsu.png
Component: component_1755079634798_1526.png
centerX: 0.9391374445787989
centerY: 0.5999429712004563
width: 0.024989923417976623
height: 0.015397775876817793
Area: 6.803919655363081e-05
CentroidX: 0.9558
CentroidY: 0.6056
