Location: Dedata_20.png_Gaussian-Closing.png
Component: component_1755511366314_11.png
centerX: 0.5262096774193549
centerY: 0.00883442576232545
width: 0.0375
height: 0.03505272157309775
Area: 0.0003878276137857491
CentroidX: 0.5450
CentroidY: 0.0220
