Location: Dedata_20.png_Gaussian-Median.png
Component: component_1755511365868_230.png
centerX: 0.9125
centerY: 0.5494442861214021
width: 0.028225806451612902
height: 0.032487888287261325
Area: 0.00027739729175668096
CentroidX: 0.9270
CentroidY: 0.5626
