Location: Dedata_20.png_Mean-Medain.png
Component: component_1755511365451_17.png
centerX: 0.19516129032258064
centerY: 0.012254203476774009
width: 0.03387096774193549
height: 0.038472499287546306
Area: 0.0004301151876740915
CentroidX: 0.2125
CentroidY: 0.0267
