Location: internet_27.png_Mean-Closing.png
Component: component_1755079635121_182.png
centerX: 0.6690850463522773
centerY: 0.4091816367265469
width: 0.03466344216041919
height: 0.028229255774165955
Area: 0.00031180800717905467
CentroidX: 0.6873
CentroidY: 0.4210
