Location: internet_27.png_Gaussian-Closing.png
Component: component_1755079635484_211.png
centerX: 0.2587666263603386
centerY: 0.4756201881950385
width: 0.04030632809351068
height: 0.028229255774165955
Area: 0.000270088026859852
CentroidX: 0.2796
CentroidY: 0.4861
