Location: Dedata_20.png_Mean-Medain.png
Component: component_1755511365562_331.png
centerX: 0.41088709677419355
centerY: 0.7802792818466799
width: 0.03306451612903226
height: 0.034482758620689655
Area: 0.0003838056977909339
CentroidX: 0.4276
CentroidY: 0.7938
