Location: Dedata_20.png_Mean-Closing.png
Component: component_1755511366026_222.png
centerX: 0.9125
centerY: 0.5494442861214021
width: 0.028225806451612902
height: 0.03220290681105728
Area: 0.00028659024260197283
CentroidX: 0.9270
CentroidY: 0.5621
