Location: internet_27.png_Mean-Medain.png
Component: component_1755079635364_318.png
centerX: 0.5985489721886336
centerY: 0.6606786427145709
width: 0.03788794840790004
height: 0.03022526375819789
Area: 0.00030537186696452206
CentroidX: 0.6178
CentroidY: 0.6724
