Location: Dedata_20.png_Gaussian-Median.png
Component: component_1755511365742_9.png
centerX: 0.584274193548387
centerY: 0.007124536905101168
width: 0.03387096774193549
height: 0.038472499287546306
Area: 0.0004179345278040798
CentroidX: 0.6015
CentroidY: 0.0208
