Location: internet_27.png_Otsu.png
Component: component_1755079634780_1146.png
centerX: 0.8097541313986296
centerY: 0.4074707727402338
width: 0.03345425231761386
height: 0.02594810379241517
Area: 0.0002537678141730014
CentroidX: 0.8247
CentroidY: 0.4177
