Location: Dedata_20.png_Gaussian-Closing.png
Component: component_1755511366344_79.png
centerX: 0.8048387096774193
centerY: 0.16500427472214307
width: 0.039112903225806454
height: 0.039042462239954404
Area: 0.0004311493946441868
CentroidX: 0.8242
CentroidY: 0.1813
