Location: Dedata_20.png_Gaussian-Closing.png
Component: component_1755511366403_244.png
centerX: 0.4842741935483871
centerY: 0.5862068965517241
width: 0.031451612903225803
height: 0.03277286976346538
Area: 0.000310032267257467
CentroidX: 0.4997
CentroidY: 0.6000
