Location: Dedata_20.png_Gaussian-Median.png
Component: component_1755511365894_315.png
centerX: 0.0657258064516129
centerY: 0.7244229125106868
width: 0.038306451612903226
height: 0.03362781419207751
Area: 0.0003168120685058697
CentroidX: 0.0850
CentroidY: 0.7390
