Location: internet_27.png_Mean-Closing.png
Component: component_1755079635162_213.png
centerX: 0.06489318823055219
centerY: 0.49016253207869975
width: 0.03466344216041919
height: 0.028514399771884802
Area: 0.0002938787594385709
CentroidX: 0.0820
CentroidY: 0.5011
