Location: Dedata_20.png_Mean-Closing.png
Component: component_1755511366036_247.png
centerX: 0.7939516129032258
centerY: 0.5998860074095184
width: 0.029838709677419355
height: 0.02792818466799658
Area: 0.00025705788801147283
CentroidX: 0.8092
CentroidY: 0.6113
