Location: internet_27.png_Gaussian-Closing.png
Component: component_1755079635453_98.png
centerX: 0.10640870616686819
centerY: 0.21385799828913601
width: 0.03385731559854897
height: 0.027944111776447105
Area: 0.00024147018912023364
CentroidX: 0.1232
CentroidY: 0.2238
