Location: internet_27.png_Gaussian-Closing.png
Component: component_1755079635423_8.png
centerX: 0.07013301088270858
centerY: 0.01568291987453664
width: 0.03506650544135429
height: 0.035642999714856
Area: 0.000274800200945492
CentroidX: 0.0867
CentroidY: 0.0297
