Location: internet_27.png_Gaussian-Closing.png
Component: component_1755079635431_36.png
centerX: 0.6509471987101975
centerY: 0.06387225548902195
width: 0.0354695687222894
height: 0.026803535785571715
Area: 0.00021538083503632455
CentroidX: 0.6698
CentroidY: 0.0736
