Location: Dedata_20.png_Gaussian-Closing.png
Component: component_1755511366439_358.png
centerX: 0.07620967741935483
centerY: 0.8697634653747507
width: 0.03508064516129032
height: 0.03163294385864919
Area: 0.0003199146894161557
CentroidX: 0.0939
CentroidY: 0.8821
