Location: internet_27.png_Otsu.png
Component: component_1755079634806_1749.png
centerX: 0.407496977025393
centerY: 0.669803250641574
width: 0.030632809351068116
height: 0.029369831765041345
Area: 0.0002829603072889173
CentroidX: 0.4238
CentroidY: 0.6830
