Location: internet_27.png_Mean-Closing.png
Component: component_1755079634866_12.png
centerX: 0.23256751309955664
centerY: 0.016823495865412035
width: 0.03143893591293833
height: 0.03421727972626176
Area: 0.0003108885585769786
CentroidX: 0.2472
CentroidY: 0.0304
