Location: Dedata_20.png_Mean-Medain.png
Component: component_1755511365513_205.png
centerX: 0.4241935483870968
centerY: 0.499857509261898
width: 0.02903225806451613
height: 0.031917925334853235
Area: 0.00035818034730968296
CentroidX: 0.4399
CentroidY: 0.5128
