Location: Dedata_20.png_Mean-Medain.png
Component: component_1755511365521_227.png
centerX: 0.3455645161290323
centerY: 0.5508691935024224
width: 0.03387096774193549
height: 0.03277286976346538
Area: 0.0003477233657231635
CentroidX: 0.3602
CentroidY: 0.5644
