Location: Dedata_20.png_Mean-Medain.png
Component: component_1755511365529_241.png
centerX: 0.5310483870967742
centerY: 0.5805072670276432
width: 0.031451612903225803
height: 0.03419777714448561
Area: 0.00033853041487787167
CentroidX: 0.5467
CentroidY: 0.5937
