Location: Dedata_20.png_Mean-Medain.png
Component: component_1755511365473_95.png
centerX: 0.9165322580645161
centerY: 0.20290681105728128
width: 0.0407258064516129
height: 0.034482758620689655
Area: 0.0005289394092609787
CentroidX: 0.9384
CentroidY: 0.2171
