Location: internet_27.png_Mean-Closing.png
Component: component_1755079634903_120.png
centerX: 0.9484079000403063
centerY: 0.2660393498716852
width: 0.041112454655380895
height: 0.02765896777872826
Area: 0.00031743962986677075
CentroidX: 0.9682
CentroidY: 0.2766
