Location: internet_27.png_Mean-Closing.png
Component: component_1755079634889_110.png
centerX: 0.31600161225312373
centerY: 0.24636441402908468
width: 0.035872632003224506
height: 0.03222127174222983
Area: 0.00027215678621452324
CentroidX: 0.3334
CentroidY: 0.2590
