Location: Dedata_20.png_Mean-Closing.png
Component: component_1755511365992_113.png
centerX: 0.589516129032258
centerY: 0.2536335138216016
width: 0.037096774193548385
height: 0.03419777714448561
Area: 0.0005061868559188814
CentroidX: 0.6090
CentroidY: 0.2689
