Location: internet_27.png_Gaussian-Closing.png
Component: component_1755079635473_173.png
centerX: 0.2079806529625151
centerY: 0.38751069289991447
width: 0.037484885126964934
height: 0.025377815796977475
Area: 0.00031146321395327615
CentroidX: 0.2263
CentroidY: 0.3974
