Location: internet_27.png_Mean-Closing.png
Component: component_1755079635222_291.png
centerX: 0.3079403466344216
centerY: 0.6777872825777017
width: 0.030632809351068116
height: 0.026518391787852865
Area: 0.000250090019764697
CentroidX: 0.3237
CentroidY: 0.6881
