Location: Dedata_20.png_Mean-Medain.png
Component: component_1755511365448_10.png
centerX: 0.5262096774193549
centerY: 0.00883442576232545
width: 0.0375
height: 0.03505272157309775
Area: 0.0004094310482721849
CentroidX: 0.5448
CentroidY: 0.0216
