Location: internet_27.png_Otsu.png
Component: component_1755079634768_900.png
centerX: 0.10923014913341395
centerY: 0.3033932135728543
width: 0.032245062474808545
height: 0.028514399771884802
Area: 0.00014676698310639617
CentroidX: 0.1265
CentroidY: 0.3131
