Location: Dedata_20.png_Gaussian-Closing.png
Component: component_1755511366410_259.png
centerX: 0.6020161290322581
centerY: 0.622399544029638
width: 0.031451612903225803
height: 0.030208036477628954
Area: 0.0002831428860349884
CentroidX: 0.6181
CentroidY: 0.6344
