Location: Dedata_20.png_Mean-Closing.png
Component: component_1755511365975_58.png
centerX: 0.6056451612903225
centerY: 0.12168709033912796
width: 0.03467741935483871
height: 0.033912795668281565
Area: 0.0003227874865553094
CentroidX: 0.6221
CentroidY: 0.1345
