Location: internet_27.png_Otsu.png
Component: component_1755079634753_493.png
centerX: 0.42724707779121324
centerY: 0.1964642144282863
width: 0.028214429665457477
height: 0.031080695751354435
Area: 0.00017435044116867894
CentroidX: 0.4416
CentroidY: 0.2096
