Location: Dedata_20.png_Mean-Closing.png
Component: component_1755511365962_17.png
centerX: 0.4721774193548387
centerY: 0.011114277571957822
width: 0.036290322580645164
height: 0.034482758620689655
Area: 0.0004127634929536032
CentroidX: 0.4895
CentroidY: 0.0242
