Location: internet_27.png_Mean-Closing.png
Component: component_1755079634870_29.png
centerX: 0.22208786779524387
centerY: 0.06216139150270887
width: 0.035872632003224506
height: 0.02765896777872826
Area: 0.00024238963772230975
CentroidX: 0.2408
CentroidY: 0.0727
