Location: Dedata_20.png_Mean-Medain.png
Component: component_1755511365493_156.png
centerX: 0.864516129032258
centerY: 0.3761755485893417
width: 0.03225806451612903
height: 0.029068110572812767
Area: 0.00039851441914340085
CentroidX: 0.8818
CentroidY: 0.3888
