Location: Dedata_20.png_Gaussian-Median.png
Component: component_1755511365875_251.png
centerX: 0.4383064516129032
centerY: 0.5899116557423767
width: 0.027016129032258064
height: 0.03505272157309775
Area: 0.000307734029546144
CentroidX: 0.4520
CentroidY: 0.6038
