Location: internet_27.png_Mean-Medain.png
Component: component_1755079635353_250.png
centerX: 0.6428859330914953
centerY: 0.5594525235243798
width: 0.030229746070133012
height: 0.03022526375819789
Area: 0.0002889367232024119
CentroidX: 0.6580
CentroidY: 0.5724
