Location: internet_27.png_Otsu.png
Component: component_1755079634792_1334.png
centerX: 0.11003627569528417
centerY: 0.5335044197319646
width: 0.032648125755743655
height: 0.02623324779013402
Area: 0.00021515097288580553
CentroidX: 0.1265
CentroidY: 0.5441
