Location: Dedata_20.png_Mean-Closing.png
Component: component_1755511366060_317.png
centerX: 0.16411290322580646
centerY: 0.7620404673696209
width: 0.03225806451612903
height: 0.03277286976346538
Area: 0.0003641557653591226
CentroidX: 0.1798
CentroidY: 0.7753
