Location: Dedata_20.png_Mean-Closing.png
Component: component_1755511365995_124.png
centerX: 0.7596774193548387
centerY: 0.2889712168709034
width: 0.049193548387096775
height: 0.036477628954117984
Area: 0.000557897204423648
CentroidX: 0.7808
CentroidY: 0.3066
