Location: Dedata_20.png_Mean-Medain.png
Component: component_1755511365572_350.png
centerX: 0.2939516129032258
centerY: 0.8432601880877743
width: 0.034274193548387094
height: 0.03419777714448561
Area: 0.00034071374070362845
CentroidX: 0.3107
CentroidY: 0.8563
