Location: internet_27.png_Otsu.png
Component: component_1755079634771_990.png
centerX: 0.494155582426441
centerY: 0.33276304533789564
width: 0.032648125755743655
height: 0.029654975762760195
Area: 0.00026928350933303543
CentroidX: 0.5105
CentroidY: 0.3453
