Location: internet_27.png_Mean-Medain.png
Component: component_1755079635348_221.png
centerX: 0.015719467956469165
centerY: 0.4930139720558882
width: 0.03506650544135429
height: 0.027088679783290562
Area: 0.00029548779449220405
CentroidX: 0.0315
CentroidY: 0.5034
