Location: internet_27.png_Mean-Medain.png
Component: component_1755079635345_206.png
centerX: 0.720677146311971
centerY: 0.4542343883661249
width: 0.03990326481257558
height: 0.029369831765041345
Area: 0.00032077263104929657
CentroidX: 0.7423
CentroidY: 0.4666
