Location: Dedata_20.png_Gaussian-Closing.png
Component: component_1755511366364_139.png
centerX: 0.9213709677419355
centerY: 0.32801367911085777
width: 0.03387096774193549
height: 0.04189227700199487
Area: 0.0005048079132920876
CentroidX: 0.9386
CentroidY: 0.3460
