Location: internet_27.png_Mean-Medain.png
Component: component_1755079635355_255.png
centerX: 0.40386940749697703
centerY: 0.5671514114627887
width: 0.03426037887948408
height: 0.03165098374679213
Area: 0.00032468028760812
CentroidX: 0.4199
CentroidY: 0.5822
