Location: internet_27.png_Mean-Medain.png
Component: component_1755079635346_213.png
centerX: 0.4195888754534462
centerY: 0.469061876247505
width: 0.03788794840790004
height: 0.028514399771884802
Area: 0.0003136469043832069
CentroidX: 0.4376
CentroidY: 0.4817
