Location: internet_27.png_Gaussian-Closing.png
Component: component_1755079635462_132.png
centerX: 0.32043530834340994
centerY: 0.29911605360707155
width: 0.030229746070133012
height: 0.031080695751354435
Area: 0.0002760644427733466
CentroidX: 0.3378
CentroidY: 0.3110
