Location: Dedata_20.png_Gaussian-Median.png
Component: component_1755511365893_313.png
centerX: 0.1157258064516129
centerY: 0.7204331718438302
width: 0.027822580645161292
height: 0.03220290681105728
Area: 0.00027372011141856424
CentroidX: 0.1299
CentroidY: 0.7327
