Location: internet_27.png_Gaussian-Closing.png
Component: component_1755079635496_247.png
centerX: 0.4506247480854494
centerY: 0.5654405474764757
width: 0.03506650544135429
height: 0.03222127174222983
Area: 0.00032042783782351806
CentroidX: 0.4666
CentroidY: 0.5804
