Location: Dedata_20.png_Mean-Closing.png
Component: component_1755511365969_42.png
centerX: 0.5951612903225807
centerY: 0.08150470219435736
width: 0.04233870967741935
height: 0.025648332858364205
Area: 0.0003376111197933425
CentroidX: 0.6157
CentroidY: 0.0933
