Location: Dedata_20.png_Gaussian-Median.png
Component: component_1755511365881_274.png
centerX: 0.0125
centerY: 0.6346537475064121
width: 0.03669354838709677
height: 0.038472499287546306
Area: 0.00037576186580130354
CentroidX: 0.0304
CentroidY: 0.6508
