Location: Dedata_20.png_Mean-Medain.png
Component: component_1755511365546_287.png
centerX: 0.8564516129032258
centerY: 0.6811057281276717
width: 0.031048387096774193
height: 0.0347677400968937
Area: 0.0003586399948519475
CentroidX: 0.8720
CentroidY: 0.6950
