Location: internet_27.png_Mean-Closing.png
Component: component_1755079635146_204.png
centerX: 0.5239822652156388
centerY: 0.4639292842885657
width: 0.039500201531640466
height: 0.027088679783290562
Area: 0.00031284238685639026
CentroidX: 0.5428
CentroidY: 0.4764
