Location: internet_27.png_Mean-Medain.png
Component: component_1755079635361_281.png
centerX: 0.30390971382507054
centerY: 0.6238950670088395
width: 0.037081821846029824
height: 0.0290846877673225
Area: 0.00036352699104583484
CentroidX: 0.3212
CentroidY: 0.6378
