Location: internet_27.png_Gaussian-Closing.png
Component: component_1755079635489_225.png
centerX: 0.5477629987908101
centerY: 0.5132591958939264
width: 0.029423619508262798
height: 0.02623324779013402
Area: 0.000239746222991341
CentroidX: 0.5624
CentroidY: 0.5252
