Location: Dedata_20.png_Gaussian-Median.png
Component: component_1755511365811_64.png
centerX: 0.5443548387096774
centerY: 0.12795668281561698
width: 0.032661290322580645
height: 0.025648332858364205
Area: 0.00017397659474714788
CentroidX: 0.5580
CentroidY: 0.1406
