Location: internet_27.png_Mean-Closing.png
Component: component_1755079634908_125.png
centerX: 0.6251511487303507
centerY: 0.27687482178500145
width: 0.04312777106005643
height: 0.03364699173082407
Area: 0.0003658256125510251
CentroidX: 0.6480
CentroidY: 0.2893
