Location: internet_27.png_Gaussian-Closing.png
Component: component_1755079635459_121.png
centerX: 0.8428053204353083
centerY: 0.2694610778443114
width: 0.04232164449818621
height: 0.0290846877673225
Area: 0.00032755356448960774
CentroidX: 0.8642
CentroidY: 0.2795
