Location: internet_27.png_Mean-Closing.png
Component: component_1755079634881_80.png
centerX: 0.9266424828698105
centerY: 0.17536355859709152
width: 0.035872632003224506
height: 0.036213287710293696
Area: 0.0002820408586868412
CentroidX: 0.9437
CentroidY: 0.1910
