Location: Dedata_20.png_Mean-Medain.png
Component: component_1755511365490_148.png
centerX: 0.021370967741935483
centerY: 0.3456825306355087
width: 0.041935483870967745
height: 0.037047591906526074
Area: 0.0005427288355289165
CentroidX: 0.0417
CentroidY: 0.3624
