Location: Dedata_20.png_Mean-Closing.png
Component: component_1755511365974_56.png
centerX: 0.9225806451612903
centerY: 0.11940723852949559
width: 0.031048387096774193
height: 0.0353377030493018
Area: 0.00031187085742652535
CentroidX: 0.9385
CentroidY: 0.1332
