Location: internet_27.png_Mean-Closing.png
Component: component_1755079635169_218.png
centerX: 0.7843611446997178
centerY: 0.5078414599372684
width: 0.032245062474808545
height: 0.026803535785571715
Area: 0.00028479920449306947
CentroidX: 0.8001
CentroidY: 0.5196
