Location: Dedata_20.png_Mean-Closing.png
Component: component_1755511366064_325.png
centerX: 0.8576612903225806
centerY: 0.7797093188942719
width: 0.03790322580645161
height: 0.03505272157309775
Area: 0.00036587944364261483
CentroidX: 0.8752
CentroidY: 0.7929
