Location: internet_27.png_Gaussian-Closing.png
Component: component_1755079635454_101.png
centerX: 0.954453849254333
centerY: 0.2249786142001711
width: 0.032245062474808545
height: 0.03136583974907328
Area: 0.0002580202639576033
CentroidX: 0.9701
CentroidY: 0.2378
