Location: Dedata_20.png_Mean-Closing.png
Component: component_1755511365990_108.png
centerX: 0.08991935483870968
centerY: 0.24593901396409235
width: 0.03669354838709677
height: 0.03305785123966942
Area: 0.0004144871712370954
CentroidX: 0.1084
CentroidY: 0.2593
