Location: Dedata_20.png_Mean-Closing.png
Component: component_1755511366058_315.png
centerX: 0.2125
centerY: 0.7554858934169278
width: 0.03346774193548387
height: 0.030777999430037048
Area: 0.0003786346629404573
CentroidX: 0.2290
CentroidY: 0.7691
