Location: Dedata_20.png_Mean-Medain.png
Component: component_1755511365553_307.png
centerX: 0.0657258064516129
centerY: 0.7244229125106868
width: 0.038306451612903226
height: 0.03334283271587347
Area: 0.00032853308083361676
CentroidX: 0.0848
CentroidY: 0.7387
