Location: internet_27.png_Mean-Medain.png
Component: component_1755079635366_327.png
centerX: 0.20233776702942363
centerY: 0.6780724265754206
width: 0.03667875856509472
height: 0.0290846877673225
Area: 0.0003219219418018917
CentroidX: 0.2207
CentroidY: 0.6889
