Location: Dedata_20.png_Gaussian-Median.png
Component: component_1755511365836_132.png
centerX: 0.08266129032258064
centerY: 0.29239099458535195
width: 0.04314516129032258
height: 0.03733257338273012
Area: 0.0005142306879085118
CentroidX: 0.1049
CentroidY: 0.3097
