Location: internet_27.png_Gaussian-Closing.png
Component: component_1755079635446_75.png
centerX: 0.1700927045546151
centerY: 0.15996578272027373
width: 0.037081821846029824
height: 0.03051040775591674
Area: 0.00024170005127075266
CentroidX: 0.1894
CentroidY: 0.1714
