Location: Dedata_20.png_Mean-Closing.png
Component: component_1755511365993_118.png
centerX: 0.2830645161290323
centerY: 0.27415218010829295
width: 0.038306451612903226
height: 0.03590766600170989
Area: 0.0005123920977394534
CentroidX: 0.3030
CentroidY: 0.2899
