Location: internet_27.png_Gaussian-Closing.png
Component: component_1755079635487_218.png
centerX: 0.8698105602579606
centerY: 0.49871685201026517
width: 0.03426037887948408
height: 0.02737382378100941
Area: 0.00024549277675431656
CentroidX: 0.8875
CentroidY: 0.5109
