Location: Dedata_20.png_Mean-Medain.png
Component: component_1755511365558_319.png
centerX: 0.6125
centerY: 0.7532060416072955
width: 0.03306451612903226
height: 0.038472499287546306
Area: 0.0003864486711589553
CentroidX: 0.6285
CentroidY: 0.7684
