Location: Dedata_20.png_Mean-Medain.png
Component: component_1755511365550_299.png
centerX: 0.6213709677419355
centerY: 0.7084639498432602
width: 0.03185483870967742
height: 0.03305785123966942
Area: 0.0003410584763603269
CentroidX: 0.6364
CentroidY: 0.7223
