Location: internet_27.png_Otsu.png
Component: component_1755079634801_1559.png
centerX: 0.40669085046352277
centerY: 0.6181921870544625
width: 0.03385731559854897
height: 0.03165098374679213
Area: 0.00019572762116694807
CentroidX: 0.4228
CentroidY: 0.6292
