Location: Dedata_20.png_Gaussian-Median.png
Component: component_1755511365887_293.png
centerX: 0.11008064516129032
centerY: 0.6796808207466515
width: 0.027419354838709678
height: 0.03134796238244514
Area: 0.0002759034372443211
CentroidX: 0.1230
CentroidY: 0.6919
