Location: Dedata_20.png_Mean-Medain.png
Component: component_1755511365492_153.png
centerX: 0.2721774193548387
centerY: 0.37104588201766886
width: 0.0407258064516129
height: 0.040467369620974636
Area: 0.0005534156408865681
CentroidX: 0.2922
CentroidY: 0.3880
