Location: Dedata_20.png_Gaussian-Median.png
Component: component_1755511365843_154.png
centerX: 0.45564516129032256
centerY: 0.35280706754060986
width: 0.036290322580645164
height: 0.04588201766885153
Area: 0.0005535305527721344
CentroidX: 0.4742
CentroidY: 0.3720
