Location: internet_27.png_Mean-Closing.png
Component: component_1755079634873_44.png
centerX: 0.7565497783151954
centerY: 0.10065583119475335
width: 0.03426037887948408
height: 0.029369831765041345
Area: 0.0002546872627750775
CentroidX: 0.7748
CentroidY: 0.1120
