Location: Dedata_20.png_Mean-Medain.png
Component: component_1755511365456_35.png
centerX: 0.2661290322580645
centerY: 0.06298090624109433
width: 0.03669354838709677
height: 0.030493017953833
Area: 0.00036737329815497477
CentroidX: 0.2851
CentroidY: 0.0744
