Location: internet_27.png_Mean-Closing.png
Component: component_1755079634889_111.png
centerX: 0.3728335348649738
centerY: 0.24636441402908468
width: 0.028214429665457477
height: 0.03165098374679213
Area: 0.000259744230086496
CentroidX: 0.3873
CentroidY: 0.2586
