Location: internet_27.png_Otsu.png
Component: component_1755079634768_887.png
centerX: 0.23498589278516727
centerY: 0.2996863416025093
width: 0.010882708585247884
height: 0.013686911890504704
Area: 3.0341803868511036e-05
CentroidX: 0.2425
CentroidY: 0.3055
