Location: Dedata_20.png_Gaussian-Median.png
Component: component_1755511365864_218.png
centerX: 0.17258064516129032
centerY: 0.5166714163579368
width: 0.03306451612903226
height: 0.032487888287261325
Area: 0.0003888618207558444
CentroidX: 0.1897
CentroidY: 0.5311
