Location: internet_27.png_Mean-Closing.png
Component: component_1755079635236_310.png
centerX: 0.25634824667472794
centerY: 0.7197034502423724
width: 0.03506650544135429
height: 0.03051040775591674
Area: 0.0002969818984705777
CentroidX: 0.2752
CentroidY: 0.7328
