Location: internet_27.png_Otsu.png
Component: component_1755079634766_854.png
centerX: 0.6251511487303507
centerY: 0.2774451097804391
width: 0.042724707779121324
height: 0.03279155973766752
Area: 0.00028043182363320806
CentroidX: 0.6476
CentroidY: 0.2882
