Location: internet_27.png_Mean-Closing.png
Component: component_1755079635125_189.png
centerX: 0.31076178960096734
centerY: 0.42543484459652126
width: 0.04353083434099154
height: 0.027088679783290562
Area: 0.0003222667350276702
CentroidX: 0.3326
CentroidY: 0.4353
