Location: internet_27.png_Mean-Medain.png
Component: component_1755079635321_111.png
centerX: 0.6388553002821443
centerY: 0.23609923011120615
width: 0.03345425231761386
height: 0.028514399771884802
Area: 0.00027445540771971346
CentroidX: 0.6560
CentroidY: 0.2471
