Location: internet_27.png_Otsu.png
Component: component_1755079634789_1287.png
centerX: 0.9157597742845627
centerY: 0.49729113202167097
width: 0.037484885126964934
height: 0.02623324779013402
Area: 0.00020871483267127287
CentroidX: 0.9335
CentroidY: 0.5081
