Location: Dedata_20.png_Mean-Medain.png
Component: component_1755511365475_100.png
centerX: 0.575
centerY: 0.20775149615275007
width: 0.039112903225806454
height: 0.039042462239954404
Area: 0.0004976833763869864
CentroidX: 0.5959
CentroidY: 0.2241
