Location: internet_27.png_Otsu.png
Component: component_1755079634738_81.png
centerX: 0.1725110842402257
centerY: 0.06330196749358426
width: 0.03184199919387344
height: 0.029369831765041345
Area: 0.00018032685708217354
CentroidX: 0.1885
CentroidY: 0.0745
