Location: internet_27.png_Mean-Medain.png
Component: component_1755079635302_37.png
centerX: 0.5989520354695688
centerY: 0.06387225548902195
width: 0.035872632003224506
height: 0.02879954376960365
Area: 0.00024652715643165216
CentroidX: 0.6173
CentroidY: 0.0745
