Location: Dedata_20.png_Gaussian-Median.png
Component: component_1755511365727_2.png
centerX: 0.8028225806451613
centerY: 0.003989740666856654
width: 0.03790322580645161
height: 0.03676261043032203
Area: 0.0004008126568547238
CentroidX: 0.8218
CentroidY: 0.0182
