Location: Dedata_20.png_Mean-Closing.png
Component: component_1755511365985_92.png
centerX: 0.7169354838709677
centerY: 0.20347677400968936
width: 0.04233870967741935
height: 0.03277286976346538
Area: 0.0005157245424208716
CentroidX: 0.7390
CentroidY: 0.2185
