Location: Dedata_20.png_Mean-Closing.png
Component: component_1755511366050_291.png
centerX: 0.7149193548387097
centerY: 0.6973496722713024
width: 0.03306451612903226
height: 0.03305785123966942
Area: 0.0003553075501705292
CentroidX: 0.7307
CentroidY: 0.7107
