Location: Dedata_20.png_Mean-Closing.png
Component: component_1755511365996_126.png
centerX: 0.6205645161290323
centerY: 0.2938159019663722
width: 0.04435483870967742
height: 0.03305785123966942
Area: 0.0005295139686888094
CentroidX: 0.6418
CentroidY: 0.3100
