Location: internet_27.png_Mean-Medain.png
Component: component_1755079635341_192.png
centerX: 0.5235792019347038
centerY: 0.41773595665811236
width: 0.04030632809351068
height: 0.027088679783290562
Area: 0.00032042783782351806
CentroidX: 0.5433
CentroidY: 0.4278
