Location: Dedata_20.png_Gaussian-Median.png
Component: component_1755511365850_175.png
centerX: 0.3411290322580645
centerY: 0.4172128811627244
width: 0.03024193548387097
height: 0.030208036477628954
Area: 0.0003681776813539378
CentroidX: 0.3573
CentroidY: 0.4306
