Location: internet_27.png_Otsu.png
Component: component_1755079634733_25.png
centerX: 0.6876259572752922
centerY: 0.017964071856287425
width: 0.030632809351068116
height: 0.028514399771884802
Area: 0.00020572662471452557
CentroidX: 0.7040
CentroidY: 0.0288
