Location: Dedata_20.png_Gaussian-Closing.png
Component: component_1755511366366_144.png
centerX: 0.6358870967741935
centerY: 0.3394129381590197
width: 0.03588709677419355
height: 0.037047591906526074
Area: 0.0004855027165169748
CentroidX: 0.6518
CentroidY: 0.3546
