Location: internet_27.png_Mean-Medain.png
Component: component_1755079635367_328.png
centerX: 0.15517936316001613
centerY: 0.6814941545480467
width: 0.03466344216041919
height: 0.026518391787852865
Area: 0.00029020096503026653
CentroidX: 0.1736
CentroidY: 0.6927
