Location: internet_27.png_Otsu.png
Component: component_1755079634743_183.png
centerX: 0.1656590084643289
centerY: 0.1092101511263188
width: 0.032648125755743655
height: 0.031936127744510975
Area: 0.0001718219575129697
CentroidX: 0.1815
CentroidY: 0.1209
