Location: internet_27.png_Mean-Closing.png
Component: component_1755079634892_115.png
centerX: 0.014510278113663845
centerY: 0.25691474194468206
width: 0.02781136638452237
height: 0.02623324779013402
Area: 0.0002168749390146982
CentroidX: 0.0266
CentroidY: 0.2676
