Location: internet_27.png_Mean-Closing.png
Component: component_1755079634918_134.png
centerX: 0.16203143893591293
centerY: 0.30196749358426006
width: 0.035872632003224506
height: 0.029369831765041345
Area: 0.00027215678621452324
CentroidX: 0.1797
CentroidY: 0.3129
