Location: Dedata_20.png_Mean-Closing.png
Component: component_1755511366034_244.png
centerX: 0.38991935483870965
centerY: 0.591621544599601
width: 0.03306451612903226
height: 0.03761755485893417
Area: 0.0003688671526673347
CentroidX: 0.4058
CentroidY: 0.6067
