Location: Dedata_20.png_Gaussian-Closing.png
Component: component_1755511366363_135.png
centerX: 0.30524193548387096
centerY: 0.31803932744371616
width: 0.038306451612903226
height: 0.04075235109717868
Area: 0.0005179078682466285
CentroidX: 0.3250
CentroidY: 0.3353
