Location: internet_27.png_Otsu.png
Component: component_1755079634809_1841.png
centerX: 0.8085449415558242
centerY: 0.701739378386085
width: 0.03385731559854897
height: 0.031936127744510975
Area: 0.00023675801503459369
CentroidX: 0.8264
CentroidY: 0.7146
