Location: internet_27.png_Otsu.png
Component: component_1755079634735_70.png
centerX: 0.8621523579201935
centerY: 0.05360707157114343
width: 0.044740024183796856
height: 0.029940119760479042
Area: 0.00020262348568251875
CentroidX: 0.8847
CentroidY: 0.0643
