Location: internet_27.png_Otsu.png
Component: component_1755079634731_16.png
centerX: 0.2877871825876663
centerY: 0.015968063872255488
width: 0.030229746070133012
height: 0.035357855717137156
Area: 0.0001800969949316545
CentroidX: 0.3014
CentroidY: 0.0289
