Location: Dedata_20.png_Mean-Closing.png
Component: component_1755511365981_78.png
centerX: 0.7463709677419355
centerY: 0.1652892561983471
width: 0.03387096774193549
height: 0.03134796238244514
Area: 0.00035680140468288916
CentroidX: 0.7633
CentroidY: 0.1777
