Location: Dedata_20.png_Gaussian-Median.png
Component: component_1755511365886_289.png
centerX: 0.1592741935483871
centerY: 0.6722713023653463
width: 0.039112903225806454
height: 0.029923055001424906
Area: 0.0002713069618216751
CentroidX: 0.1789
CentroidY: 0.6850
