Location: Dedata_20.png_Mean-Closing.png
Component: component_1755511365970_45.png
centerX: 0.7270161290322581
centerY: 0.08321459105158165
width: 0.03064516129032258
height: 0.03305785123966942
Area: 0.0003480681013798619
CentroidX: 0.7425
CentroidY: 0.0963
