Location: internet_27.png_Otsu.png
Component: component_1755079634808_1794.png
centerX: 0.012494961708988311
centerY: 0.6891930424864556
width: 0.03667875856509472
height: 0.027088679783290562
Area: 0.0001789476841790594
CentroidX: 0.0318
CentroidY: 0.6997
