Location: Dedata_20.png_Gaussian-Closing.png
Component: component_1755511366350_100.png
centerX: 0.5096774193548387
centerY: 0.21088629239099457
width: 0.03951612903225806
height: 0.03676261043032203
Area: 0.00048044659355206426
CentroidX: 0.5294
CentroidY: 0.2257
