Location: Dedata_20.png_Gaussian-Median.png
Component: component_1755511365867_228.png
centerX: 0.9536290322580645
centerY: 0.5471644343117698
width: 0.03225806451612903
height: 0.029923055001424906
Area: 0.00028590077128857593
CentroidX: 0.9692
CentroidY: 0.5593
