Location: internet_27.png_Mean-Closing.png
Component: component_1755079635181_236.png
centerX: 0.920596533655784
centerY: 0.5523239235814086
width: 0.04232164449818621
height: 0.03022526375819789
Area: 0.0003888118276029274
CentroidX: 0.9417
CentroidY: 0.5648
