Location: internet_27.png_Mean-Closing.png
Component: component_1755079634876_58.png
centerX: 0.014510278113663845
centerY: 0.11434274308525806
width: 0.03466344216041919
height: 0.027944111776447105
Area: 0.00025123933051729214
CentroidX: 0.0331
CentroidY: 0.1245
