Location: Dedata_20.png_Gaussian-Closing.png
Component: component_1755511366432_330.png
centerX: 0.8576612903225806
centerY: 0.7797093188942719
width: 0.03790322580645161
height: 0.03505272157309775
Area: 0.0003443909210417452
CentroidX: 0.8751
CentroidY: 0.7931
