Location: Dedata_20.png_Mean-Medain.png
Component: component_1755511365528_238.png
centerX: 0.12217741935483871
centerY: 0.5750926189797663
width: 0.02943548387096774
height: 0.0353377030493018
Area: 0.00037288906866214986
CentroidX: 0.1372
CentroidY: 0.5894
