Location: Dedata_20.png_Mean-Medain.png
Component: component_1755511365555_312.png
centerX: 0.41008064516129034
centerY: 0.732117412368196
width: 0.031048387096774193
height: 0.028783129096608722
Area: 0.00034071374070362845
CentroidX: 0.4255
CentroidY: 0.7440
