Location: Dedata_20.png_Mean-Closing.png
Component: component_1755511365978_66.png
centerX: 0.37298387096774194
centerY: 0.134226275292106
width: 0.032661290322580645
height: 0.03334283271587347
Area: 0.00033083131854493974
CentroidX: 0.3897
CentroidY: 0.1468
