Location: internet_27.png_Otsu.png
Component: component_1755079634785_1203.png
centerX: 0.7210802095929061
centerY: 0.4542343883661249
width: 0.03869407496977025
height: 0.02879954376960365
Area: 0.00024963029546365894
CentroidX: 0.7413
CentroidY: 0.4664
