Location: internet_27.png_Mean-Closing.png
Component: component_1755079634876_59.png
centerX: 0.9201934703748489
centerY: 0.1365839749073282
width: 0.041112454655380895
height: 0.030795551753635585
Area: 0.00029112041363234264
CentroidX: 0.9395
CentroidY: 0.1482
