Location: internet_27.png_Gaussian-Closing.png
Component: component_1755079635520_310.png
centerX: 0.5610640870616687
centerY: 0.7105788423153693
width: 0.0354695687222894
height: 0.032506415739948676
Area: 0.00034835608911157936
CentroidX: 0.5784
CentroidY: 0.7246
