Location: internet_27.png_Otsu.png
Component: component_1755079634787_1250.png
centerX: 0.2591696896412737
centerY: 0.4759053321927573
width: 0.03869407496977025
height: 0.02765896777872826
Area: 0.00021767945654151477
CentroidX: 0.2787
CentroidY: 0.4855
