Location: Dedata_20.png_Mean-Medain.png
Component: component_1755511365479_115.png
centerX: 0.527016129032258
centerY: 0.2510686805357652
width: 0.036290322580645164
height: 0.04189227700199487
Area: 0.0005250324051517297
CentroidX: 0.5461
CentroidY: 0.2689
