Location: Dedata_20.png_Gaussian-Median.png
Component: component_1755511365874_249.png
centerX: 0.4842741935483871
centerY: 0.5862068965517241
width: 0.031451612903225803
height: 0.03305785123966942
Area: 0.00031210068119765763
CentroidX: 0.4997
CentroidY: 0.6000
