Location: internet_27.png_Otsu.png
Component: component_1755079634757_618.png
centerX: 0.954856912535268
centerY: 0.22840034217279725
width: 0.020959290608625555
height: 0.02737382378100941
Area: 8.252051203632925e-05
CentroidX: 0.9634
CentroidY: 0.2418
