Location: Dedata_20.png_Gaussian-Median.png
Component: component_1755511365903_344.png
centerX: 0.7084677419354839
centerY: 0.7922485038472499
width: 0.036290322580645164
height: 0.03334283271587347
Area: 0.00033588744150985026
CentroidX: 0.7266
CentroidY: 0.8052
