Location: Dedata_20.png_Mean-Closing.png
Component: component_1755511366037_250.png
centerX: 0.24879032258064515
centerY: 0.6067255628384155
width: 0.031048387096774193
height: 0.033912795668281565
Area: 0.00031715680416256816
CentroidX: 0.2647
CentroidY: 0.6209
