Location: Dedata_20.png_Mean-Closing.png
Component: component_1755511366044_272.png
centerX: 0.6508064516129032
centerY: 0.6597321174123681
width: 0.035483870967741936
height: 0.03277286976346538
Area: 0.0003972503884021732
CentroidX: 0.6685
CentroidY: 0.6726
