Location: internet_27.png_Mean-Closing.png
Component: component_1755079635204_245.png
centerX: 0.4506247480854494
centerY: 0.5651554034787568
width: 0.03466344216041919
height: 0.032506415739948676
Area: 0.00033456436008043794
CentroidX: 0.4665
CentroidY: 0.5798
