Location: Dedata_20.png_Gaussian-Closing.png
Component: component_1755511366326_34.png
centerX: 0.26653225806451614
centerY: 0.06298090624109433
width: 0.03669354838709677
height: 0.030493017953833
Area: 0.000346574246867502
CentroidX: 0.2854
CentroidY: 0.0747
