Location: internet_27.png_Mean-Closing.png
Component: component_1755079635211_255.png
centerX: 0.9222087867795243
centerY: 0.5996578272027374
width: 0.04353083434099154
height: 0.026803535785571715
Area: 0.0003250250808338985
CentroidX: 0.9448
CentroidY: 0.6107
