Location: internet_27.png_Otsu.png
Component: component_1755079634791_1322.png
centerX: 0.5010076582023377
centerY: 0.5158254918733961
width: 0.03466344216041919
height: 0.02594810379241517
Area: 0.00021423152428372942
CentroidX: 0.5182
CentroidY: 0.5261
