Location: internet_27.png_Mean-Medain.png
Component: component_1755079635321_115.png
centerX: 0.3724304715840387
centerY: 0.24636441402908468
width: 0.028617492946392584
height: 0.03165098374679213
Area: 0.00026158312729064815
CentroidX: 0.3873
CentroidY: 0.2585
