Location: internet_27.png_Mean-Medain.png
Component: component_1755079635322_116.png
centerX: 0.2652156388553003
centerY: 0.24779013401767894
width: 0.032245062474808545
height: 0.03136583974907328
Area: 0.0002808915479342461
CentroidX: 0.2823
CentroidY: 0.2603
