Location: Dedata_20.png_Mean-Medain.png
Component: component_1755511365469_79.png
centerX: 0.8657258064516129
centerY: 0.16386434881732687
width: 0.03467741935483871
height: 0.03419777714448561
Area: 0.000392424089208395
CentroidX: 0.8838
CentroidY: 0.1779
