Location: Dedata_20.png_Mean-Medain.png
Component: component_1755511365565_340.png
centerX: 0.6096774193548387
centerY: 0.8036477628954118
width: 0.039112903225806454
height: 0.03562268452550584
Area: 0.00036162770387666735
CentroidX: 0.6279
CentroidY: 0.8175
