Location: internet_27.png_Otsu.png
Component: component_1755079634764_823.png
centerX: 0.9480048367593712
centerY: 0.26632449386940404
width: 0.041515517936316
height: 0.027088679783290562
Area: 0.0002459525010553546
CentroidX: 0.9677
CentroidY: 0.2765
