Location: Dedata_20.png_Gaussian-Median.png
Component: component_1755511365889_299.png
centerX: 0.3883064516129032
centerY: 0.6856654317469365
width: 0.02903225806451613
height: 0.03334283271587347
Area: 0.00025602368104137745
CentroidX: 0.4021
CentroidY: 0.6992
