Location: Dedata_20.png_Mean-Closing.png
Component: component_1755511365987_96.png
centerX: 0.575
centerY: 0.20775149615275007
width: 0.039112903225806454
height: 0.039042462239954404
Area: 0.0004987175833570818
CentroidX: 0.5958
CentroidY: 0.2241
