Location: internet_27.png_Mean-Closing.png
Component: component_1755079634907_124.png
centerX: 0.7444578798871423
centerY: 0.2748788138009695
width: 0.037484885126964934
height: 0.02879954376960365
Area: 0.0002837648248157339
CentroidX: 0.7624
CentroidY: 0.2846
