Location: internet_27.png_Gaussian-Closing.png
Component: component_1755079635493_239.png
centerX: 0.826279725916969
centerY: 0.5528942115768463
width: 0.03667875856509472
height: 0.028514399771884802
Area: 0.0003016940725562177
CentroidX: 0.8469
CentroidY: 0.5650
