Location: internet_27.png_Otsu.png
Component: component_1755079634786_1237.png
centerX: 0.4199919387343813
centerY: 0.46934702024522384
width: 0.037081821846029824
height: 0.027944111776447105
Area: 0.00025721574643078674
CentroidX: 0.4369
CentroidY: 0.4810
