Location: internet_27.png_Gaussian-Closing.png
Component: component_1755079635472_170.png
centerX: 0.3639661426844015
centerY: 0.3823781009409752
width: 0.03184199919387344
height: 0.025092671799258625
Area: 0.0002776734778269798
CentroidX: 0.3794
CentroidY: 0.3925
