Location: internet_27.png_Otsu.png
Component: component_1755079634813_1967.png
centerX: 0.10761789600967352
centerY: 0.7308240661534074
width: 0.03385731559854897
height: 0.029369831765041345
Area: 0.00021986314697144548
CentroidX: 0.1226
CentroidY: 0.7431
