Location: Dedata_20.png_Mean-Medain.png
Component: component_1755511365467_71.png
centerX: 0.2568548387096774
centerY: 0.1444856084354517
width: 0.038306451612903226
height: 0.030208036477628954
Area: 0.00035059616286231717
CentroidX: 0.2757
CentroidY: 0.1569
