Location: Dedata_20.png_Mean-Closing.png
Component: component_1755511366045_275.png
centerX: 0.5576612903225806
centerY: 0.6654317469364491
width: 0.03185483870967742
height: 0.034482758620689655
Area: 0.00042862133316173156
CentroidX: 0.5742
CentroidY: 0.6804
