Location: internet_27.png_Otsu.png
Component: component_1755079634758_639.png
centerX: 0.6912535268037082
centerY: 0.23239235814086112
width: 0.0354695687222894
height: 0.013686911890504704
Area: 9.527786139013503e-05
CentroidX: 0.7106
CentroidY: 0.2376
