Location: Dedata_20.png_Gaussian-Closing.png
Component: component_1755511366362_133.png
centerX: 0.4241935483870968
centerY: 0.3086349387289826
width: 0.039112903225806454
height: 0.033912795668281565
Area: 0.000512851745281718
CentroidX: 0.4464
CentroidY: 0.3235
