Location: Dedata_20.png_Gaussian-Median.png
Component: component_1755511365868_232.png
centerX: 0.8588709677419355
centerY: 0.5531490453120547
width: 0.03508064516129032
height: 0.03163294385864919
Area: 0.0002995752856709475
CentroidX: 0.8759
CentroidY: 0.5662
