Location: internet_27.png_Otsu.png
Component: component_1755079634781_1149.png
centerX: 0.6239419588875453
centerY: 0.41174793270601656
width: 0.03305118903667876
height: 0.026803535785571715
Area: 0.0002546872627750775
CentroidX: 0.6412
CentroidY: 0.4230
