Location: Dedata_20.png_Gaussian-Closing.png
Component: component_1755511366429_319.png
centerX: 0.6129032258064516
centerY: 0.7532060416072955
width: 0.032661290322580645
height: 0.038472499287546306
Area: 0.0003648452366725195
CentroidX: 0.6285
CentroidY: 0.7686
