Location: internet_27.png_Otsu.png
Component: component_1755079634769_909.png
centerX: 0.01128577186618299
centerY: 0.30538922155688625
width: 0.026602176541717048
height: 0.02879954376960365
Area: 0.00014745656955795326
CentroidX: 0.0243
CentroidY: 0.3167
