Location: internet_27.png_Mean-Closing.png
Component: component_1755079634868_20.png
centerX: 0.5783958081418783
centerY: 0.019389791844881665
width: 0.03385731559854897
height: 0.03136583974907328
Area: 0.0002720418551392637
CentroidX: 0.5966
CentroidY: 0.0315
