Location: internet_27.png_Mean-Medain.png
Component: component_1755079635360_276.png
centerX: 0.5014107214832729
centerY: 0.6156258910749929
width: 0.03829101168883515
height: 0.03022526375819789
Area: 0.00034375884610119887
CentroidX: 0.5193
CentroidY: 0.6283
