Location: internet_27.png_Mean-Medain.png
Component: component_1755079635358_263.png
centerX: 0.01128577186618299
centerY: 0.5888223552894212
width: 0.03143893591293833
height: 0.02623324779013402
Area: 0.00020641621116608265
CentroidX: 0.0245
CentroidY: 0.5985
