Location: internet_27.png_Otsu.png
Component: component_1755079634752_487.png
centerX: 0.4800483675937122
centerY: 0.19446820644425436
width: 0.030632809351068116
height: 0.030795551753635585
Area: 0.00017825809772750232
CentroidX: 0.4957
CentroidY: 0.2072
