Location: Dedata_20.png_Mean-Closing.png
Component: component_1755511365964_24.png
centerX: 0.8209677419354838
centerY: 0.047591906526075804
width: 0.031048387096774193
height: 0.025933314334568254
Area: 0.00029819634304415377
CentroidX: 0.8373
CentroidY: 0.0582
