Location: internet_27.png_Gaussian-Closing.png
Component: component_1755079635424_10.png
centerX: 0.020959290608625555
centerY: 0.015968063872255488
width: 0.03143893591293833
height: 0.03364699173082407
Area: 0.000284914135568329
CentroidX: 0.0376
CentroidY: 0.0301
