Location: internet_27.png_Gaussian-Closing.png
Component: component_1755079635459_123.png
centerX: 0.6827891979040709
centerY: 0.2748788138009695
width: 0.04312777106005643
height: 0.03364699173082407
Area: 0.00038375486029150886
CentroidX: 0.7036
CentroidY: 0.2879
