Location: Dedata_20.png_Gaussian-Median.png
Component: component_1755511365892_311.png
centerX: 0.15846774193548388
centerY: 0.7158734682245654
width: 0.02620967741935484
height: 0.028783129096608722
Area: 0.00024522196379815956
CentroidX: 0.1719
CentroidY: 0.7281
