Location: internet_27.png_Otsu.png
Component: component_1755079634790_1305.png
centerX: 0.6928657799274486
centerY: 0.5089820359281437
width: 0.035872632003224506
height: 0.027944111776447105
Area: 0.0002168749390146982
CentroidX: 0.7112
CentroidY: 0.5210
