Location: Dedata_20.png_Gaussian-Median.png
Component: component_1755511365846_162.png
centerX: 0.8084677419354839
centerY: 0.3798803077799943
width: 0.03508064516129032
height: 0.03334283271587347
Area: 0.00040138721628255454
CentroidX: 0.8265
CentroidY: 0.3931
