Location: internet_27.png_Otsu.png
Component: component_1755079634751_463.png
centerX: 0.7758968158000806
centerY: 0.18562874251497005
width: 0.032245062474808545
height: 0.03421727972626176
Area: 0.00013619332418252113
CentroidX: 0.7904
CentroidY: 0.1991
