Location: Dedata_20.png_Gaussian-Closing.png
Component: component_1755511366403_246.png
centerX: 0.4383064516129032
centerY: 0.5899116557423767
width: 0.027016129032258064
height: 0.0347677400968937
Area: 0.00030853841274510705
CentroidX: 0.4520
CentroidY: 0.6037
