Location: internet_27.png_Gaussian-Closing.png
Component: component_1755079635501_267.png
centerX: 0.4554615074566707
centerY: 0.6167664670658682
width: 0.0354695687222894
height: 0.03051040775591674
Area: 0.0003330702561020643
CentroidX: 0.4742
CentroidY: 0.6298
