Location: internet_27.png_Mean-Closing.png
Component: component_1755079635180_234.png
centerX: 0.010882708585247884
centerY: 0.5386370116909039
width: 0.03385731559854897
height: 0.027088679783290562
Area: 0.0002741106144939349
CentroidX: 0.0280
CentroidY: 0.5493
