Location: Dedata_20.png_Mean-Closing.png
Component: component_1755511366042_266.png
centerX: 0.7903225806451613
centerY: 0.6434881732687375
width: 0.032661290322580645
height: 0.032487888287261325
Area: 0.0003919644416661304
CentroidX: 0.8072
CentroidY: 0.6570
