Location: internet_27.png_Gaussian-Closing.png
Component: component_1755079635436_46.png
centerX: 0.3252720677146312
centerY: 0.10293698317650414
width: 0.0354695687222894
height: 0.029369831765041345
Area: 0.00023767746363666977
CentroidX: 0.3433
CentroidY: 0.1144
