Location: Dedata_20.png_Mean-Medain.png
Component: component_1755511365459_43.png
centerX: 0.834274193548387
centerY: 0.0829296095753776
width: 0.029838709677419355
height: 0.029353092049016812
Area: 0.0003064699988049164
CentroidX: 0.8501
CentroidY: 0.0952
