Location: Dedata_20.png_Gaussian-Median.png
Component: component_1755511365893_314.png
centerX: 0.5165322580645161
centerY: 0.7212881162724423
width: 0.03790322580645161
height: 0.03305785123966942
Area: 0.00037553204203017126
CentroidX: 0.5354
CentroidY: 0.7344
