Location: Dedata_20.png_Gaussian-Median.png
Component: component_1755511365896_322.png
centerX: 0.36088709677419356
centerY: 0.7383870048446851
width: 0.03306451612903226
height: 0.028783129096608722
Area: 0.00033830059110673933
CentroidX: 0.3778
CentroidY: 0.7504
