Location: internet_27.png_Otsu.png
Component: component_1755079634739_95.png
centerX: 0.01652559451833938
centerY: 0.06643855146849159
width: 0.02902055622732769
height: 0.0290846877673225
Area: 0.00017251154396452674
CentroidX: 0.0304
CentroidY: 0.0790
