Location: Dedata_20.png_Mean-Medain.png
Component: component_1755511365547_290.png
centerX: 0.8125
centerY: 0.6850954687945283
width: 0.028225806451612902
height: 0.0347677400968937
Area: 0.00034990669154892027
CentroidX: 0.8270
CentroidY: 0.6995
