Location: internet_27.png_Mean-Closing.png
Component: component_1755079635111_166.png
centerX: 0.49979846835953246
centerY: 0.3758197889934417
width: 0.0354695687222894
height: 0.027088679783290562
Area: 0.00031054376535120004
CentroidX: 0.5177
CentroidY: 0.3863
