Location: Dedata_20.png_Gaussian-Median.png
Component: component_1755511365884_285.png
centerX: 0.6508064516129032
centerY: 0.6597321174123681
width: 0.035483870967741936
height: 0.03305785123966942
Area: 0.00038127763630847863
CentroidX: 0.6685
CentroidY: 0.6728
