Location: internet_27.png_Gaussian-Closing.png
Component: component_1755079635501_270.png
centerX: 0.25191455058444173
centerY: 0.6241802110065583
width: 0.036275695284159616
height: 0.03307670373538637
Area: 0.0003322657385752477
CentroidX: 0.2708
CentroidY: 0.6381
