Location: Dedata_20.png_Mean-Closing.png
Component: component_1755511365959_6.png
centerX: 0.8604838709677419
centerY: 0.004844685095468795
width: 0.03669354838709677
height: 0.03505272157309775
Area: 0.0003897811158403736
CentroidX: 0.8780
CentroidY: 0.0171
