Location: Dedata_20.png_Mean-Closing.png
Component: component_1755511366027_225.png
centerX: 0.8092741935483871
centerY: 0.5534340267882588
width: 0.029838709677419355
height: 0.03220290681105728
Area: 0.0003009542282977413
CentroidX: 0.8253
CentroidY: 0.5670
