Location: Dedata_20.png_Mean-Medain.png
Component: component_1755511365566_342.png
centerX: 0.16572580645161292
centerY: 0.8116272442291251
width: 0.02943548387096774
height: 0.03334283271587347
Area: 0.0003849548166465954
CentroidX: 0.1799
CentroidY: 0.8259
