Location: internet_27.png_Gaussian-Closing.png
Component: component_1755079635478_193.png
centerX: 0.20878677952438532
centerY: 0.4305674365554605
width: 0.032648125755743655
height: 0.028229255774165955
Area: 0.00027847799535379636
CentroidX: 0.2252
CentroidY: 0.4415
