Location: Dedata_20.png_Mean-Medain.png
Component: component_1755511365496_163.png
centerX: 0.025403225806451612
centerY: 0.3932744371615845
width: 0.03870967741935484
height: 0.036477628954117984
Area: 0.0004832044788056518
CentroidX: 0.0446
CentroidY: 0.4092
