Location: internet_27.png_Otsu.png
Component: component_1755079634772_1018.png
centerX: 0.2724707779121322
centerY: 0.3435985172512119
width: 0.037484885126964934
height: 0.02879954376960365
Area: 0.00022262149277767378
CentroidX: 0.2913
CentroidY: 0.3547
