Location: Dedata_20.png_Mean-Closing.png
Component: component_1755511366017_192.png
centerX: 0.1782258064516129
centerY: 0.47762895411798234
width: 0.03024193548387097
height: 0.030493017953833
Area: 0.00036633909118487945
CentroidX: 0.1944
CentroidY: 0.4898
