Location: Dedata_20.png_Mean-Medain.png
Component: component_1755511365541_272.png
centerX: 0.357258064516129
centerY: 0.646053006554574
width: 0.032661290322580645
height: 0.03220290681105728
Area: 0.00031049191479973155
CentroidX: 0.3735
CentroidY: 0.6590
