Location: internet_27.png_Gaussian-Closing.png
Component: component_1755079635498_260.png
centerX: 0.7896009673518742
centerY: 0.6062161391502708
width: 0.029826682789197905
height: 0.02594810379241517
Area: 0.00026939844040829497
CentroidX: 0.8036
CentroidY: 0.6193
