Location: internet_27.png_Mean-Medain.png
Component: component_1755079635312_82.png
centerX: 0.060056428859330914
centerY: 0.1645280866837753
width: 0.041112454655380895
height: 0.029940119760479042
Area: 0.0002883620678261143
CentroidX: 0.0836
CentroidY: 0.1758
