Location: internet_27.png_Otsu.png
Component: component_1755079634776_1088.png
centerX: 0.60378879484079
centerY: 0.37268320501853436
width: 0.027408303103587262
height: 0.023381807812945538
Area: 0.0001671097834273297
CentroidX: 0.6165
CentroidY: 0.3840
