Location: internet_27.png_Mean-Closing.png
Component: component_1755079635225_300.png
centerX: 0.7537283353486497
centerY: 0.7034502423723981
width: 0.041515517936316
height: 0.029940119760479042
Area: 0.00034249460427334424
CentroidX: 0.7737
CentroidY: 0.7160
