Location: Dedata_20.png_Gaussian-Closing.png
Component: component_1755511366370_157.png
centerX: 0.1536290322580645
centerY: 0.3787403818751781
width: 0.04233870967741935
height: 0.04160729552579082
Area: 0.0005374428887928737
CentroidX: 0.1751
CentroidY: 0.3969
