Location: Dedata_20.png_Mean-Medain.png
Component: component_1755511365453_26.png
centerX: 0.5056451612903226
centerY: 0.04930179538330009
width: 0.03064516129032258
height: 0.02963807352522086
Area: 0.00032198310335634635
CentroidX: 0.5210
CentroidY: 0.0612
