Location: internet_27.png_Mean-Medain.png
Component: component_1755079635358_261.png
centerX: 0.1120515920999597
centerY: 0.5865412033076703
width: 0.03345425231761386
height: 0.029940119760479042
Area: 0.00033134628997317166
CentroidX: 0.1276
CentroidY: 0.5999
