Location: Dedata_20.png_Mean-Medain.png
Component: component_1755511365462_55.png
centerX: 0.0846774193548387
centerY: 0.11313764605300655
width: 0.03588709677419355
height: 0.02821316614420063
Area: 0.00033979444561909927
CentroidX: 0.1032
CentroidY: 0.1248
