Location: internet_27.png_Mean-Medain.png
Component: component_1755079635330_154.png
centerX: 0.37968561064087064
centerY: 0.33818078129455376
width: 0.044740024183796856
height: 0.02879954376960365
Area: 0.0003387018787897804
CentroidX: 0.4030
CentroidY: 0.3486
