Location: Dedata_20.png_Mean-Closing.png
Component: component_1755511366044_273.png
centerX: 0.6036290322580645
centerY: 0.6617269877457965
width: 0.037096774193548385
height: 0.034482758620689655
Area: 0.00042701256676380553
CentroidX: 0.6218
CentroidY: 0.6754
