Location: Dedata_20.png_Mean-Closing.png
Component: component_1755511366020_202.png
centerX: 0.31975806451612904
centerY: 0.5015673981191222
width: 0.031451612903225803
height: 0.03419777714448561
Area: 0.0003733487162044145
CentroidX: 0.3354
CentroidY: 0.5149
