Location: internet_27.png_Otsu.png
Component: component_1755079634785_1211.png
centerX: 0.6731156791616284
centerY: 0.45879669232962644
width: 0.03345425231761386
height: 0.02765896777872826
Area: 0.00023216077202421322
CentroidX: 0.6915
CentroidY: 0.4692
