Location: Dedata_20.png_Gaussian-Median.png
Component: component_1755511365805_53.png
centerX: 0.2528225806451613
centerY: 0.10287831290966087
width: 0.03508064516129032
height: 0.0347677400968937
Area: 0.00035025142720561874
CentroidX: 0.2717
CentroidY: 0.1160
