Location: Dedata_20.png_Mean-Medain.png
Component: component_1755511365505_189.png
centerX: 0.3318548387096774
centerY: 0.46024508406953546
width: 0.031451612903225803
height: 0.03362781419207751
Area: 0.0003782899272837588
CentroidX: 0.3474
CentroidY: 0.4735
