Location: internet_27.png_Otsu.png
Component: component_1755079634766_875.png
centerX: 0.4703748488512696
centerY: 0.2865697177074423
width: 0.03909713825070536
height: 0.03051040775591674
Area: 0.0002883620678261143
CentroidX: 0.4902
CentroidY: 0.2974
