Location: internet_27.png_Mean-Closing.png
Component: component_1755079635181_235.png
centerX: 0.875453446191052
centerY: 0.5523239235814086
width: 0.03305118903667876
height: 0.028514399771884802
Area: 0.000339966120617635
CentroidX: 0.8922
CentroidY: 0.5643
