Location: internet_27.png_Mean-Medain.png
Component: component_1755079635307_56.png
centerX: 0.43047158403869407
centerY: 0.10721414314228686
width: 0.04070939137444579
height: 0.02879954376960365
Area: 0.00027388075234341587
CentroidX: 0.4514
CentroidY: 0.1179
