Location: internet_27.png_Otsu.png
Component: component_1755079634789_1293.png
centerX: 0.8210399032648126
centerY: 0.5015682919874537
width: 0.04030632809351068
height: 0.02623324779013402
Area: 0.0002159554904126221
CentroidX: 0.8426
CentroidY: 0.5127
