Location: Dedata_20.png_Mean-Medain.png
Component: component_1755511365450_14.png
centerX: 0.30201612903225805
centerY: 0.011114277571957822
width: 0.03225806451612903
height: 0.03932744371615845
Area: 0.00043333272046994366
CentroidX: 0.3179
CentroidY: 0.0254
