Location: internet_27.png_Mean-Medain.png
Component: component_1755079635371_349.png
centerX: 0.36275695284159615
centerY: 0.7177074422583405
width: 0.03667875856509472
height: 0.029654975762760195
Area: 0.0003180142852430683
CentroidX: 0.3810
CentroidY: 0.7302
