Location: internet_27.png_Mean-Closing.png
Component: component_1755079634888_107.png
centerX: 0.6392583635630794
centerY: 0.23609923011120615
width: 0.03305118903667876
height: 0.028229255774165955
Area: 0.00027020295793511154
CentroidX: 0.6560
CentroidY: 0.2471
