Location: internet_27.png_Mean-Medain.png
Component: component_1755079635334_161.png
centerX: 0.010882708585247884
centerY: 0.35357855717137154
width: 0.035872632003224506
height: 0.028514399771884802
Area: 0.0003160604569636566
CentroidX: 0.0277
CentroidY: 0.3639
