Location: Dedata_20.png_Gaussian-Closing.png
Component: component_1755511366421_294.png
centerX: 0.7612903225806451
centerY: 0.6925049871758335
width: 0.036290322580645164
height: 0.03277286976346538
Area: 0.0003773706321992296
CentroidX: 0.7798
CentroidY: 0.7066
