Location: internet_27.png_Mean-Closing.png
Component: component_1755079635205_249.png
centerX: 0.2619911326078194
centerY: 0.5774165953806673
width: 0.032648125755743655
height: 0.0290846877673225
Area: 0.00028939644750344996
CentroidX: 0.2779
CentroidY: 0.5907
