Location: internet_27.png_Otsu.png
Component: component_1755079634744_291.png
centerX: 0.8706166868198307
centerY: 0.1394354148845167
width: 0.032245062474808545
height: 0.021670943826632448
Area: 0.00013860687676297087
CentroidX: 0.8875
CentroidY: 0.1474
