Location: Dedata_20.png_Mean-Medain.png
Component: component_1755511365446_3.png
centerX: 0.9209677419354839
centerY: 0.003989740666856654
width: 0.03669354838709677
height: 0.0347677400968937
Area: 0.00041460208312266156
CentroidX: 0.9393
CentroidY: 0.0178
