Location: internet_27.png_Gaussian-Closing.png
Component: component_1755079635445_71.png
centerX: 0.3804917372027408
centerY: 0.1502708867978329
width: 0.04433696090286175
height: 0.03136583974907328
Area: 0.00027882278857957487
CentroidX: 0.4040
CentroidY: 0.1621
