Location: internet_27.png_Gaussian-Closing.png
Component: component_1755079635485_213.png
centerX: 0.1608222490931076
centerY: 0.48502994011976047
width: 0.03345425231761386
height: 0.027944111776447105
Area: 0.0002639966798710979
CentroidX: 0.1787
CentroidY: 0.4967
