Location: internet_27.png_Gaussian-Closing.png
Component: component_1755079635496_249.png
centerX: 0.3538895606610238
centerY: 0.5708582834331337
width: 0.04232164449818621
height: 0.03307670373538637
Area: 0.0003276684955648673
CentroidX: 0.3751
CentroidY: 0.5857
