Location: Dedata_20.png_Mean-Closing.png
Component: component_1755511366025_218.png
centerX: 0.49193548387096775
centerY: 0.536335138216016
width: 0.027419354838709678
height: 0.0347677400968937
Area: 0.0003573759641107199
CentroidX: 0.5050
CentroidY: 0.5504
