Location: internet_27.png_Mean-Medain.png
Component: component_1755079635355_256.png
centerX: 0.3538895606610238
centerY: 0.5708582834331337
width: 0.04232164449818621
height: 0.033361847733105215
Area: 0.00036042385201382805
CentroidX: 0.3751
CentroidY: 0.5852
