Location: internet_27.png_Otsu.png
Component: component_1755079634784_1199.png
centerX: 0.010882708585247884
centerY: 0.446535500427716
width: 0.03305118903667876
height: 0.03022526375819789
Area: 0.0002687088539567379
CentroidX: 0.0260
CentroidY: 0.4581
