Location: internet_27.png_Mean-Closing.png
Component: component_1755079635123_185.png
centerX: 0.5235792019347038
centerY: 0.4180211006558312
width: 0.04030632809351068
height: 0.026803535785571715
Area: 0.00031812921631832784
CentroidX: 0.5433
CentroidY: 0.4278
