Location: Dedata_20.png_Mean-Medain.png
Component: component_1755511365504_185.png
centerX: 0.4306451612903226
centerY: 0.45511541749786266
width: 0.034274193548387094
height: 0.03505272157309775
Area: 0.0004097757839288833
CentroidX: 0.4485
CentroidY: 0.4688
