Location: Dedata_20.png_Mean-Closing.png
Component: component_1755511365979_72.png
centerX: 0.6741935483870968
centerY: 0.15759475634083783
width: 0.039919354838709675
height: 0.031062980906241093
Area: 0.00036668382684157787
CentroidX: 0.6913
CentroidY: 0.1723
