Location: internet_27.png_Mean-Medain.png
Component: component_1755079635311_75.png
centerX: 0.33373639661426846
centerY: 0.1536926147704591
width: 0.03466344216041919
height: 0.0290846877673225
Area: 0.00024043580944289804
CentroidX: 0.3520
CentroidY: 0.1647
