Location: Dedata_20.png_Mean-Medain.png
Component: component_1755511365537_262.png
centerX: 0.5532258064516129
centerY: 0.6272442291251069
width: 0.031048387096774193
height: 0.030777999430037048
Area: 0.00029969019755651365
CentroidX: 0.5689
CentroidY: 0.6392
