Location: internet_27.png_Otsu.png
Component: component_1755079634797_1440.png
centerX: 0.2140266021765417
centerY: 0.5811234673510123
width: 0.032245062474808545
height: 0.02623324779013402
Area: 0.00019940541557525245
CentroidX: 0.2277
CentroidY: 0.5926
