Location: Dedata_20.png_Mean-Closing.png
Component: component_1755511365985_91.png
centerX: 0.9165322580645161
centerY: 0.20290681105728128
width: 0.0407258064516129
height: 0.034482758620689655
Area: 0.0005290543211465448
CentroidX: 0.9384
CentroidY: 0.2171
