Location: Dedata_20.png_Gaussian-Closing.png
Component: component_1755511366349_97.png
centerX: 0.02379032258064516
centerY: 0.20518666286691364
width: 0.03185483870967742
height: 0.03220290681105728
Area: 0.0002923358368802802
CentroidX: 0.0401
CentroidY: 0.2178
