Location: Dedata_20.png_Mean-Closing.png
Component: component_1755511365995_123.png
centerX: 0.6895161290322581
centerY: 0.28811627244229127
width: 0.043548387096774194
height: 0.03220290681105728
Area: 0.0005138859522518133
CentroidX: 0.7100
CentroidY: 0.3029
