Location: internet_27.png_Otsu.png
Component: component_1755079634763_763.png
centerX: 0.06126561870213623
centerY: 0.25691474194468206
width: 0.032648125755743655
height: 0.01454234388366125
Area: 0.00010906959042127641
CentroidX: 0.0790
CentroidY: 0.2620
