Location: Dedata_20.png_Gaussian-Median.png
Component: component_1755511365889_302.png
centerX: 0.7612903225806451
centerY: 0.6925049871758335
width: 0.03669354838709677
height: 0.03277286976346538
Area: 0.0003772557203136635
CentroidX: 0.7798
CentroidY: 0.7065
