Location: internet_27.png_Otsu.png
Component: component_1755079634800_1549.png
centerX: 0.5481660620717452
centerY: 0.6142001710863987
width: 0.03345425231761386
height: 0.02879954376960365
Area: 0.00018848696342559885
CentroidX: 0.5657
CentroidY: 0.6250
