Location: Dedata_20.png_Gaussian-Median.png
Component: component_1755511365879_266.png
centerX: 0.6020161290322581
centerY: 0.622114562553434
width: 0.031451612903225803
height: 0.030493017953833
Area: 0.00028302797414942225
CentroidX: 0.6181
CentroidY: 0.6344
