Location: Dedata_20.png_Mean-Medain.png
Component: component_1755511365459_45.png
centerX: 0.7270161290322581
centerY: 0.08321459105158165
width: 0.03064516129032258
height: 0.03305785123966942
Area: 0.0003487575726932588
CentroidX: 0.7425
CentroidY: 0.0963
