Location: internet_27.png_Mean-Closing.png
Component: component_1755079634874_47.png
centerX: 0.5441354292623942
centerY: 0.10464784716281722
width: 0.036275695284159616
height: 0.02879954376960365
Area: 0.0002616980583659077
CentroidX: 0.5633
CentroidY: 0.1155
