Location: Dedata_20.png_Gaussian-Closing.png
Component: component_1755511366378_175.png
centerX: 0.21169354838709678
centerY: 0.42775719578227417
width: 0.05040322580645161
height: 0.03277286976346538
Area: 0.0005335358846836246
CentroidX: 0.2330
CentroidY: 0.4425
