Location: internet_27.png_Mean-Medain.png
Component: component_1755079635315_95.png
centerX: 0.37122128174123337
centerY: 0.19874536641003707
width: 0.031035872632003223
height: 0.031936127744510975
Area: 0.00021848397406833134
CentroidX: 0.3864
CentroidY: 0.2123
