Location: internet_27.png_Otsu.png
Component: component_1755079634798_1474.png
centerX: 0.01128577186618299
centerY: 0.5888223552894212
width: 0.029826682789197905
height: 0.02594810379241517
Area: 0.00012274638837715828
CentroidX: 0.0258
CentroidY: 0.5977
