Location: internet_27.png_Mean-Closing.png
Component: component_1755079634983_146.png
centerX: 0.5425231761386538
centerY: 0.3279155973766752
width: 0.03869407496977025
height: 0.03051040775591674
Area: 0.0003569759197560427
CentroidX: 0.5630
CentroidY: 0.3404
