Location: Dedata_20.png_Gaussian-Median.png
Component: component_1755511365844_157.png
centerX: 0.2721774193548387
centerY: 0.37104588201766886
width: 0.04112903225806452
height: 0.040467369620974636
Area: 0.0005288244973754126
CentroidX: 0.2924
CentroidY: 0.3882
