Location: Dedata_20.png_Mean-Closing.png
Component: component_1755511365958_5.png
centerX: 0.6415322580645161
centerY: 0.004844685095468795
width: 0.03467741935483871
height: 0.04160729552579082
Area: 0.0004399976098327802
CentroidX: 0.6590
CentroidY: 0.0196
