Location: Dedata_20.png_Mean-Closing.png
Component: component_1755511365966_31.png
centerX: 0.6681451612903225
centerY: 0.0524365916215446
width: 0.027822580645161292
height: 0.02821316614420063
Area: 0.00030658491069048254
CentroidX: 0.6830
CentroidY: 0.0642
