Location: Dedata_20.png_Mean-Medain.png
Component: component_1755511365535_255.png
centerX: 0.7040322580645161
centerY: 0.6104303220290681
width: 0.031048387096774193
height: 0.033912795668281565
Area: 0.0003054357918348211
CentroidX: 0.7196
CentroidY: 0.6235
