Location: internet_27.png_Otsu.png
Component: component_1755079634788_1275.png
centerX: 0.06489318823055219
centerY: 0.49016253207869975
width: 0.03345425231761386
height: 0.028514399771884802
Area: 0.0002250350453581235
CentroidX: 0.0815
CentroidY: 0.5005
