Location: internet_27.png_Mean-Medain.png
Component: component_1755079635320_109.png
centerX: 0.5840386940749698
centerY: 0.23381807812945538
width: 0.03667875856509472
height: 0.029369831765041345
Area: 0.0002980162781479133
CentroidX: 0.6031
CentroidY: 0.2454
