Location: internet_27.png_Mean-Medain.png
Component: component_1755079635294_7.png
centerX: 0.954453849254333
centerY: 0.01140575990875392
width: 0.03345425231761386
height: 0.02737382378100941
Area: 0.0002390566365397839
CentroidX: 0.9702
CentroidY: 0.0219
