Location: Dedata_20.png_Gaussian-Closing.png
Component: component_1755511366361_130.png
centerX: 0.018145161290322582
centerY: 0.2980906241094329
width: 0.039112903225806454
height: 0.037047591906526074
Area: 0.0004940061960488697
CentroidX: 0.0395
CentroidY: 0.3136
