Location: internet_27.png_Mean-Closing.png
Component: component_1755079634874_48.png
centerX: 0.7085852478839177
centerY: 0.10464784716281722
width: 0.029826682789197905
height: 0.03051040775591674
Area: 0.000255032056000856
CentroidX: 0.7232
CentroidY: 0.1162
