Location: Dedata_20.png_Gaussian-Median.png
Component: component_1755511365901_338.png
centerX: 0.8576612903225806
centerY: 0.7797093188942719
width: 0.03790322580645161
height: 0.03505272157309775
Area: 0.00034358653784278214
CentroidX: 0.8751
CentroidY: 0.7931
