Location: Dedata_20.png_Mean-Medain.png
Component: component_1755511365511_200.png
centerX: 0.5596774193548387
centerY: 0.48589341692789967
width: 0.03225806451612903
height: 0.03220290681105728
Area: 0.00034071374070362845
CentroidX: 0.5760
CentroidY: 0.4985
