Location: Dedata_20.png_Mean-Closing.png
Component: component_1755511366027_223.png
centerX: 0.3455645161290323
centerY: 0.5508691935024224
width: 0.03387096774193549
height: 0.032487888287261325
Area: 0.00034829792515099424
CentroidX: 0.3602
CentroidY: 0.5644
