Location: Dedata_20.png_Gaussian-Closing.png
Component: component_1755511366396_223.png
centerX: 0.4375
centerY: 0.5440296380735252
width: 0.037096774193548385
height: 0.0353377030493018
Area: 0.00035749087599628606
CentroidX: 0.4549
CentroidY: 0.5589
