Location: internet_27.png_Otsu.png
Component: component_1755079634791_1327.png
centerX: 0.40185409109230147
centerY: 0.5209580838323353
width: 0.03869407496977025
height: 0.027088679783290562
Area: 0.00023250556524999176
CentroidX: 0.4198
CentroidY: 0.5311
