Location: Dedata_20.png_Gaussian-Median.png
Component: component_1755511365788_29.png
centerX: 0.714516129032258
centerY: 0.049586776859504134
width: 0.03346774193548387
height: 0.02792818466799658
Area: 0.00029992002132764594
CentroidX: 0.7317
CentroidY: 0.0604
