Location: internet_27.png_Otsu.png
Component: component_1755079634804_1725.png
centerX: 0.6977025392986699
centerY: 0.6575420587396635
width: 0.032245062474808545
height: 0.026518391787852865
Area: 0.00019572762116694807
CentroidX: 0.7136
CentroidY: 0.6679
