Location: Dedata_20.png_Mean-Closing.png
Component: component_1755511365971_48.png
centerX: 0.6645161290322581
centerY: 0.08634938728982616
width: 0.039919354838709675
height: 0.027643203191792535
Area: 0.0003615127919911012
CentroidX: 0.6829
CentroidY: 0.0993
