Location: internet_27.png_Mean-Closing.png
Component: component_1755079634868_22.png
centerX: 0.9201934703748489
centerY: 0.052751639577986884
width: 0.044740024183796856
height: 0.03222127174222983
Area: 0.0002960624498685016
CentroidX: 0.9404
CentroidY: 0.0652
