Location: Dedata_20.png_Mean-Closing.png
Component: component_1755511366047_281.png
centerX: 0.4786290322580645
centerY: 0.6793958392704474
width: 0.02903225806451613
height: 0.030777999430037048
Area: 0.00024085531214664596
CentroidX: 0.4926
CentroidY: 0.6915
