Location: internet_27.png_Mean-Medain.png
Component: component_1755079635341_189.png
centerX: 0.6690850463522773
centerY: 0.4091816367265469
width: 0.03466344216041919
height: 0.028229255774165955
Area: 0.00031456635298528294
CentroidX: 0.6874
CentroidY: 0.4211
