Location: internet_27.png_Gaussian-Closing.png
Component: component_1755079635458_117.png
centerX: 0.06086255542120113
centerY: 0.25691474194468206
width: 0.03426037887948408
height: 0.03022526375819789
Area: 0.00024055074051815756
CentroidX: 0.0780
CentroidY: 0.2683
