Location: Dedata_20.png_Mean-Medain.png
Component: component_1755511365519_222.png
centerX: 0.49193548387096775
centerY: 0.536335138216016
width: 0.027822580645161292
height: 0.0347677400968937
Area: 0.000358984730508646
CentroidX: 0.5050
CentroidY: 0.5504
