Location: Dedata_20.png_Gaussian-Median.png
Component: component_1755511365853_184.png
centerX: 0.6427419354838709
centerY: 0.44029638073525224
width: 0.02943548387096774
height: 0.029068110572812767
Area: 0.0003245111648388016
CentroidX: 0.6580
CentroidY: 0.4519
