Location: Dedata_20.png_Gaussian-Median.png
Component: component_1755511365847_165.png
centerX: 0.7040322580645161
centerY: 0.3887147335423197
width: 0.032661290322580645
height: 0.032487888287261325
Area: 0.0003782899272837588
CentroidX: 0.7206
CentroidY: 0.4020
