Location: Dedata_20.png_Gaussian-Closing.png
Component: component_1755511366412_265.png
centerX: 0.5092741935483871
centerY: 0.6329438586491878
width: 0.031048387096774193
height: 0.03277286976346538
Area: 0.0002947489864771693
CentroidX: 0.5246
CentroidY: 0.6460
