Location: Dedata_20.png_Mean-Closing.png
Component: component_1755511365998_132.png
centerX: 0.30524193548387096
centerY: 0.31803932744371616
width: 0.038306451612903226
height: 0.04075235109717868
Area: 0.000541579716673255
CentroidX: 0.3249
CentroidY: 0.3350
