Location: Dedata_20.png_Gaussian-Median.png
Component: component_1755511365902_341.png
centerX: 0.36008064516129035
centerY: 0.786263892846965
width: 0.03185483870967742
height: 0.03818751781134226
Area: 0.00038438025721876466
CentroidX: 0.3753
CentroidY: 0.8010
