Location: Dedata_20.png_Gaussian-Closing.png
Component: component_1755511366320_23.png
centerX: 0.8209677419354838
centerY: 0.047591906526075804
width: 0.031451612903225803
height: 0.025933314334568254
Area: 0.00028624550694527435
CentroidX: 0.8374
CentroidY: 0.0582
