Location: Dedata_20.png_Mean-Medain.png
Component: component_1755511365454_30.png
centerX: 0.46169354838709675
centerY: 0.051581647192932456
width: 0.027822580645161292
height: 0.028498147620404674
Area: 0.00030175861149670435
CentroidX: 0.4769
CentroidY: 0.0630
