Location: Dedata_20.png_Gaussian-Median.png
Component: component_1755511365871_240.png
centerX: 0.21048387096774193
centerY: 0.5665431746936449
width: 0.03185483870967742
height: 0.030208036477628954
Area: 0.0003086533246306732
CentroidX: 0.2251
CentroidY: 0.5793
