Location: Dedata_20.png_Mean-Medain.png
Component: component_1755511365487_138.png
centerX: 0.8637096774193549
centerY: 0.3240239384440011
width: 0.03870967741935484
height: 0.03505272157309775
Area: 0.0005164140137342686
CentroidX: 0.8833
CentroidY: 0.3394
