Location: internet_27.png_Otsu.png
Component: component_1755079634788_1268.png
centerX: 0.1608222490931076
centerY: 0.4853150841174793
width: 0.032648125755743655
height: 0.02765896777872826
Area: 0.00022043780234774305
CentroidX: 0.1781
CentroidY: 0.4962
