Location: internet_27.png_Mean-Closing.png
Component: component_1755079635172_226.png
centerX: 0.35227730753728337
centerY: 0.5209580838323353
width: 0.03788794840790004
height: 0.027088679783290562
Area: 0.00027123733761244713
CentroidX: 0.3717
CentroidY: 0.5313
