Location: Dedata_20.png_Gaussian-Median.png
Component: component_1755511365733_8.png
centerX: 0.7004032258064516
centerY: 0.006554573952693075
width: 0.03306451612903226
height: 0.034482758620689655
Area: 0.0003789793985971557
CentroidX: 0.7160
CentroidY: 0.0196
