Location: internet_27.png_Otsu.png
Component: component_1755079634808_1787.png
centerX: 0.10640870616686819
centerY: 0.6849158825206729
width: 0.03426037887948408
height: 0.027088679783290562
Area: 0.00017641920052335016
CentroidX: 0.1234
CentroidY: 0.6958
