Location: Dedata_20.png_Mean-Closing.png
Component: component_1755511366045_274.png
centerX: 0.21330645161290324
centerY: 0.664576802507837
width: 0.03508064516129032
height: 0.02821316614420063
Area: 0.0003031375541234981
CentroidX: 0.2307
CentroidY: 0.6759
