Location: Dedata_20.png_Gaussian-Median.png
Component: component_1755511365812_68.png
centerX: 0.43024193548387096
centerY: 0.13194642348247365
width: 0.03346774193548387
height: 0.03362781419207751
Area: 0.00030888314840180547
CentroidX: 0.4473
CentroidY: 0.1449
