Location: internet_27.png_Otsu.png
Component: component_1755079634810_1890.png
centerX: 0.6110439338976219
centerY: 0.7102936983176504
width: 0.030632809351068116
height: 0.03136583974907328
Area: 0.00021342700675691285
CentroidX: 0.6249
CentroidY: 0.7221
