Location: internet_27.png_Gaussian-Closing.png
Component: component_1755079635461_129.png
centerX: 0.4191858121725111
centerY: 0.28828058169375537
width: 0.03829101168883515
height: 0.036213287710293696
Area: 0.00037134230416348166
CentroidX: 0.4393
CentroidY: 0.3016
