Location: Dedata_20.png_Mean-Medain.png
Component: component_1755511365444_2.png
centerX: 0.8028225806451613
centerY: 0.0037047591906526076
width: 0.03790322580645161
height: 0.037047591906526074
Area: 0.00042896606881843004
CentroidX: 0.8216
CentroidY: 0.0179
