Location: Dedata_20.png_Gaussian-Closing.png
Component: component_1755511366319_19.png
centerX: 0.3625
centerY: 0.013394129381590196
width: 0.031048387096774193
height: 0.03220290681105728
Area: 0.0003578356116529845
CentroidX: 0.3791
CentroidY: 0.0252
