Location: Dedata_20.png_Mean-Medain.png
Component: component_1755511365465_63.png
centerX: 0.5439516129032258
centerY: 0.12795668281561698
width: 0.03306451612903226
height: 0.02536335138216016
Area: 0.00018466340010479964
CentroidX: 0.5579
CentroidY: 0.1405
