Location: internet_27.png_Mean-Closing.png
Component: component_1755079635219_280.png
centerX: 0.8432083837162434
centerY: 0.6518391787852865
width: 0.03829101168883515
height: 0.029369831765041345
Area: 0.0003316910831989502
CentroidX: 0.8613
CentroidY: 0.6660
