Location: Dedata_20.png_Mean-Medain.png
Component: component_1755511365482_125.png
centerX: 0.8943548387096775
centerY: 0.28498147620404674
width: 0.04233870967741935
height: 0.04132231404958678
Area: 0.0005796155507956499
CentroidX: 0.9168
CentroidY: 0.3029
