Location: internet_27.png_Otsu.png
Component: component_1755079634742_181.png
centerX: 0.4893188230552197
centerY: 0.10778443113772455
width: 0.02902055622732769
height: 0.02737382378100941
Area: 0.000155042020525081
CentroidX: 0.5041
CentroidY: 0.1179
