Location: internet_27.png_Otsu.png
Component: component_1755079634772_999.png
centerX: 0.43933897621926643
centerY: 0.33646991730824066
width: 0.037081821846029824
height: 0.02765896777872826
Area: 0.0002077953840691968
CentroidX: 0.4574
CentroidY: 0.3466
