Location: Dedata_20.png_Mean-Closing.png
Component: component_1755511365990_106.png
centerX: 0.7806451612903226
centerY: 0.24479908805927614
width: 0.03588709677419355
height: 0.039042462239954404
Area: 0.0004826299193778211
CentroidX: 0.7982
CentroidY: 0.2604
