Location: internet_27.png_Mean-Medain.png
Component: component_1755079635353_246.png
centerX: 0.826279725916969
centerY: 0.5528942115768463
width: 0.03667875856509472
height: 0.028514399771884802
Area: 0.00031537087051209956
CentroidX: 0.8468
CentroidY: 0.5650
