Location: Dedata_20.png_Gaussian-Median.png
Component: component_1755511365881_275.png
centerX: 0.4584677419354839
centerY: 0.6360786548874323
width: 0.03306451612903226
height: 0.03362781419207751
Area: 0.00032508572426663237
CentroidX: 0.4764
CentroidY: 0.6495
