Location: internet_27.png_Mean-Medain.png
Component: component_1755079635352_245.png
centerX: 0.920596533655784
centerY: 0.5520387795836897
width: 0.04232164449818621
height: 0.03051040775591674
Area: 0.0003955927610432386
CentroidX: 0.9418
CentroidY: 0.5649
