Location: internet_27.png_Otsu.png
Component: component_1755079634784_1201.png
centerX: 0.9214026602176542
centerY: 0.4525235243798118
width: 0.03788794840790004
height: 0.023381807812945538
Area: 0.00021733466331573623
CentroidX: 0.9395
CentroidY: 0.4610
