Location: Dedata_20.png_Mean-Medain.png
Component: component_1755511365500_174.png
centerX: 0.7850806451612903
centerY: 0.42547734397264175
width: 0.03064516129032258
height: 0.032487888287261325
Area: 0.00035645666902619073
CentroidX: 0.8009
CentroidY: 0.4388
