Location: internet_27.png_Mean-Closing.png
Component: component_1755079634885_94.png
centerX: 0.21039903264812576
centerY: 0.2084402623324779
width: 0.035872632003224506
height: 0.02623324779013402
Area: 0.0002718119929887447
CentroidX: 0.2289
CentroidY: 0.2196
