Location: Dedata_20.png_Mean-Closing.png
Component: component_1755511366005_156.png
centerX: 0.08830645161290322
centerY: 0.3878597891137076
width: 0.04395161290322581
height: 0.03619264747791394
Area: 0.0005293990568032433
CentroidX: 0.1108
CentroidY: 0.4028
