Location: Dedata_20.png_Mean-Closing.png
Component: component_1755511366055_309.png
centerX: 0.36088709677419356
centerY: 0.7383870048446851
width: 0.03306451612903226
height: 0.028783129096608722
Area: 0.0003586399948519475
CentroidX: 0.3778
CentroidY: 0.7503
