Location: internet_27.png_Otsu.png
Component: component_1755079634768_903.png
centerX: 0.058847239016525596
centerY: 0.30424864556601083
width: 0.03345425231761386
height: 0.02879954376960365
Area: 0.00018687792837196568
CentroidX: 0.0757
CentroidY: 0.3149
