Location: internet_27.png_Mean-Closing.png
Component: component_1755079634907_123.png
centerX: 0.6827891979040709
centerY: 0.2745936698032506
width: 0.04312777106005643
height: 0.033932135728542916
Area: 0.00039340907061330784
CentroidX: 0.7037
CentroidY: 0.2876
