Location: Dedata_20.png_Mean-Closing.png
Component: component_1755511366070_346.png
centerX: 0.2375
centerY: 0.8532345397549159
width: 0.036290322580645164
height: 0.031062980906241093
Area: 0.00032945237591814594
CentroidX: 0.2551
CentroidY: 0.8650
