Location: Dedata_20.png_Mean-Closing.png
Component: component_1755511365990_107.png
centerX: 0.652016129032258
centerY: 0.2450840695354802
width: 0.03870967741935484
height: 0.039897406668566546
Area: 0.0005623787679607278
CentroidX: 0.6722
CentroidY: 0.2622
