Location: internet_27.png_Gaussian-Closing.png
Component: component_1755079635445_70.png
centerX: 0.44095122934300685
centerY: 0.1497005988023952
width: 0.036275695284159616
height: 0.028514399771884802
Area: 0.0002483660536358043
CentroidX: 0.4595
CentroidY: 0.1610
