Location: internet_27.png_Gaussian-Closing.png
Component: component_1755079635433_41.png
centerX: 0.9552599758162031
centerY: 0.09238665526090675
width: 0.03909713825070536
height: 0.03022526375819789
Area: 0.0002839946869662529
CentroidX: 0.9747
CentroidY: 0.1045
