Location: Dedata_20.png_Mean-Closing.png
Component: component_1755511366028_226.png
centerX: 0.2995967741935484
centerY: 0.554573952693075
width: 0.027419354838709678
height: 0.0353377030493018
Area: 0.0003604785850210059
CentroidX: 0.3137
CentroidY: 0.5685
