Location: Dedata_20.png_Gaussian-Median.png
Component: component_1755511365803_48.png
centerX: 0.7782258064516129
centerY: 0.08492447990880593
width: 0.034274193548387094
height: 0.03334283271587347
Area: 0.00034795318949429576
CentroidX: 0.7954
CentroidY: 0.0987
