Location: Dedata_20.png_Gaussian-Closing.png
Component: component_1755511366353_107.png
centerX: 0.14556451612903226
centerY: 0.24422912510686806
width: 0.03306451612903226
height: 0.034482758620689655
Area: 0.0003838056977909339
CentroidX: 0.1633
CentroidY: 0.2582
