Location: Dedata_20.png_Gaussian-Closing.png
Component: component_1755511366400_237.png
centerX: 0.16975806451612904
centerY: 0.5711028783129096
width: 0.028629032258064516
height: 0.031917925334853235
Area: 0.000324051517296537
CentroidX: 0.1837
CentroidY: 0.5838
