Location: Dedata_20.png_Mean-Medain.png
Component: component_1755511365488_141.png
centerX: 0.7475806451612903
centerY: 0.32829866058706186
width: 0.03588709677419355
height: 0.03932744371615845
Area: 0.000532271853942397
CentroidX: 0.7642
CentroidY: 0.3455
