Location: Dedata_20.png_Mean-Closing.png
Component: component_1755511366002_146.png
centerX: 0.45564516129032256
centerY: 0.35280706754060986
width: 0.036290322580645164
height: 0.04588201766885153
Area: 0.0005782366081688561
CentroidX: 0.4741
CentroidY: 0.3718
