Location: internet_27.png_Otsu.png
Component: component_1755079634811_1919.png
centerX: 0.4183796856106409
centerY: 0.716566866267465
width: 0.032648125755743655
height: 0.03051040775591674
Area: 0.00022779339116435178
CentroidX: 0.4322
CentroidY: 0.7278
