Location: internet_27.png_Mean-Closing.png
Component: component_1755079635233_308.png
centerX: 0.4179766223297058
centerY: 0.7162817222697462
width: 0.03466344216041919
height: 0.031080695751354435
Area: 0.0003396213273918565
CentroidX: 0.4338
CentroidY: 0.7300
