Location: Dedata_20.png_Gaussian-Median.png
Component: component_1755511365815_73.png
centerX: 0.1967741935483871
centerY: 0.14562553434026787
width: 0.035483870967741936
height: 0.03277286976346538
Area: 0.00032692431443569073
CentroidX: 0.2153
CentroidY: 0.1592
