Location: Dedata_20.png_Mean-Closing.png
Component: component_1755511366001_143.png
centerX: 0.5758064516129032
centerY: 0.34283271587346825
width: 0.03951612903225806
height: 0.04132231404958678
Area: 0.000582833083591502
CentroidX: 0.5944
CentroidY: 0.3609
