Location: Dedata_20.png_Gaussian-Closing.png
Component: component_1755511366347_88.png
centerX: 0.2645161290322581
centerY: 0.1883727557708749
width: 0.034274193548387094
height: 0.032487888287261325
Area: 0.00031508839022237746
CentroidX: 0.2828
CentroidY: 0.2009
