Location: internet_27.png_Mean-Medain.png
Component: component_1755079635308_58.png
centerX: 0.1652559451833938
centerY: 0.10892500712859994
width: 0.03506650544135429
height: 0.03279155973766752
Area: 0.00028158113438580314
CentroidX: 0.1826
CentroidY: 0.1218
