Location: Dedata_20.png_Mean-Medain.png
Component: component_1755511365471_86.png
centerX: 0.44314516129032255
centerY: 0.17355371900826447
width: 0.03387096774193549
height: 0.031062980906241093
Area: 0.0003326699087139981
CentroidX: 0.4600
CentroidY: 0.1856
