Location: Dedata_20.png_Gaussian-Median.png
Component: component_1755511365901_337.png
centerX: 0.018145161290322582
centerY: 0.7794243374180678
width: 0.035483870967741936
height: 0.032487888287261325
Area: 0.0003516303698324125
CentroidX: 0.0357
CentroidY: 0.7928
