Location: internet_27.png_Otsu.png
Component: component_1755079634734_33.png
centerX: 0.5268037081821846
centerY: 0.01996007984031936
width: 0.03506650544135429
height: 0.03421727972626176
Area: 0.00017641920052335016
CentroidX: 0.5442
CentroidY: 0.0309
