Location: Dedata_20.png_Mean-Closing.png
Component: component_1755511365980_74.png
centerX: 0.9201612903225806
centerY: 0.16044457110287833
width: 0.035483870967741936
height: 0.03619264747791394
Area: 0.00042448450528135027
CentroidX: 0.9385
CentroidY: 0.1756
