Location: internet_27.png_Otsu.png
Component: component_1755079634802_1585.png
centerX: 0.1600161225312374
centerY: 0.6315939549472483
width: 0.031035872632003223
height: 0.028514399771884802
Area: 0.00018641820407092765
CentroidX: 0.1743
CentroidY: 0.6435
