Location: internet_27.png_Gaussian-Closing.png
Component: component_1755079635521_314.png
centerX: 0.36275695284159615
centerY: 0.7177074422583405
width: 0.035872632003224506
height: 0.029369831765041345
Area: 0.0002968669673953182
CentroidX: 0.3813
CentroidY: 0.7302
