Location: internet_27.png_Mean-Closing.png
Component: component_1755079635231_305.png
centerX: 0.5610640870616687
centerY: 0.7105788423153693
width: 0.0354695687222894
height: 0.032506415739948676
Area: 0.0003608835763148661
CentroidX: 0.5782
CentroidY: 0.7245
