Location: internet_27.png_Mean-Closing.png
Component: component_1755079634882_85.png
centerX: 0.7251108424022572
centerY: 0.1887653264898774
width: 0.03426037887948408
height: 0.03222127174222983
Area: 0.0002733060969671183
CentroidX: 0.7414
CentroidY: 0.2012
