Location: internet_27.png_Mean-Closing.png
Component: component_1755079634886_98.png
centerX: 0.05763804917372027
centerY: 0.21585400627316795
width: 0.032245062474808545
height: 0.028229255774165955
Area: 0.00025250357234514676
CentroidX: 0.0739
CentroidY: 0.2264
