Location: internet_27.png_Mean-Medain.png
Component: component_1755079635342_193.png
centerX: 0.46997178557033453
centerY: 0.42001710863986313
width: 0.039500201531640466
height: 0.02765896777872826
Area: 0.00031720976771625173
CentroidX: 0.4902
CentroidY: 0.4302
