Location: internet_27.png_Mean-Closing.png
Component: component_1755079635213_260.png
centerX: 0.6904474002418379
centerY: 0.6087824351297405
width: 0.03345425231761386
height: 0.02879954376960365
Area: 0.000265375852774212
CentroidX: 0.7056
CentroidY: 0.6212
