Location: internet_27.png_Gaussian-Closing.png
Component: component_1755079635472_171.png
centerX: 0.313180169286578
centerY: 0.3840889649272883
width: 0.0354695687222894
height: 0.02423723980610208
Area: 0.00029238465546019727
CentroidX: 0.3310
CentroidY: 0.3942
