Location: Dedata_20.png_Mean-Medain.png
Component: component_1755511365447_7.png
centerX: 0.7
centerY: 0.006554573952693075
width: 0.03346774193548387
height: 0.034482758620689655
Area: 0.00040069774496915764
CentroidX: 0.7158
CentroidY: 0.0194
