Location: internet_27.png_Otsu.png
Component: component_1755079634778_1123.png
centerX: 0.1592099959693672
centerY: 0.3889364128885087
width: 0.03345425231761386
height: 0.02594810379241517
Area: 0.0002618129894411672
CentroidX: 0.1752
CentroidY: 0.3989
