Location: Dedata_20.png_Gaussian-Closing.png
Component: component_1755511366431_326.png
centerX: 0.9568548387096775
centerY: 0.7728697634653747
width: 0.036290322580645164
height: 0.037047591906526074
Area: 0.0003542733432004339
CentroidX: 0.9746
CentroidY: 0.7874
