Location: Dedata_20.png_Gaussian-Closing.png
Component: component_1755511366428_316.png
centerX: 0.7201612903225807
centerY: 0.7432316899401539
width: 0.03185483870967742
height: 0.03163294385864919
Area: 0.0003268094025501246
CentroidX: 0.7362
CentroidY: 0.7563
