Location: internet_27.png_Mean-Medain.png
Component: component_1755079635324_125.png
centerX: 0.7908101571946796
centerY: 0.27231251782149984
width: 0.03990326481257558
height: 0.02765896777872826
Area: 0.0003190486649204039
CentroidX: 0.8115
CentroidY: 0.2817
