Location: internet_27.png_Gaussian-Closing.png
Component: component_1755079635505_279.png
centerX: 0.9355098750503829
centerY: 0.6449957228400343
width: 0.041515517936316
height: 0.02879954376960365
Area: 0.00032134728642559416
CentroidX: 0.9572
CentroidY: 0.6575
