Location: internet_27.png_Mean-Medain.png
Component: component_1755079635338_178.png
centerX: 0.2079806529625151
centerY: 0.3872255489021956
width: 0.037484885126964934
height: 0.02566295979469632
Area: 0.0003268639780380507
CentroidX: 0.2264
CentroidY: 0.3973
