Location: Dedata_20.png_Mean-Medain.png
Component: component_1755511365537_261.png
centerX: 0.11209677419354838
centerY: 0.6258193217440866
width: 0.031451612903225803
height: 0.03562268452550584
Area: 0.0003245111648388016
CentroidX: 0.1273
CentroidY: 0.6396
