Location: Dedata_20.png_Mean-Medain.png
Component: component_1755511365546_286.png
centerX: 0.4786290322580645
centerY: 0.6793958392704474
width: 0.02903225806451613
height: 0.031062980906241093
Area: 0.00024108513591777824
CentroidX: 0.4927
CentroidY: 0.6915
