Location: Dedata_20.png_Mean-Closing.png
Component: component_1755511366032_239.png
centerX: 0.9604838709677419
centerY: 0.5850669706469079
width: 0.03064516129032258
height: 0.03305785123966942
Area: 0.0002949788102483016
CentroidX: 0.9767
CentroidY: 0.5993
