Location: Dedata_20.png_Gaussian-Closing.png
Component: component_1755511366393_218.png
centerX: 0.5955645161290323
centerY: 0.5263607865488743
width: 0.035483870967741936
height: 0.03419777714448561
Area: 0.00036036367313543974
CentroidX: 0.6131
CentroidY: 0.5402
