Location: internet_27.png_Mean-Medain.png
Component: component_1755079635301_30.png
centerX: 0.3776702942361951
centerY: 0.06187624750499002
width: 0.03426037887948408
height: 0.027944111776447105
Area: 0.00024744660503372827
CentroidX: 0.3962
CentroidY: 0.0730
