Location: Dedata_20.png_Gaussian-Closing.png
Component: component_1755511366425_305.png
centerX: 0.11612903225806452
centerY: 0.7204331718438302
width: 0.027419354838709678
height: 0.03220290681105728
Area: 0.0002725709925629028
CentroidX: 0.1299
CentroidY: 0.7327
