Location: Dedata_20.png_Gaussian-Closing.png
Component: component_1755511366409_258.png
centerX: 0.1625
centerY: 0.6178398404103733
width: 0.034274193548387094
height: 0.03419777714448561
Area: 0.0002916463655668833
CentroidX: 0.1797
CentroidY: 0.6319
