Location: internet_27.png_Gaussian-Closing.png
Component: component_1755079635500_265.png
centerX: 0.5953244659411527
centerY: 0.6144853150841175
width: 0.035872632003224506
height: 0.026803535785571715
Area: 0.00026652516352680715
CentroidX: 0.6128
CentroidY: 0.6263
