Location: internet_27.png_Otsu.png
Component: component_1755079634746_309.png
centerX: 0.561870213623539
centerY: 0.14741944682064442
width: 0.03466344216041919
height: 0.027944111776447105
Area: 0.00014136522256919914
CentroidX: 0.5782
CentroidY: 0.1578
