Location: internet_27.png_Mean-Closing.png
Component: component_1755079634890_112.png
centerX: 0.2656187021362354
centerY: 0.24807527801539778
width: 0.03184199919387344
height: 0.030795551753635585
Area: 0.0002767540292249037
CentroidX: 0.2823
CentroidY: 0.2602
