Location: Dedata_20.png_Mean-Closing.png
Component: component_1755511366023_213.png
centerX: 0.12620967741935485
centerY: 0.5249358791678541
width: 0.028629032258064516
height: 0.031917925334853235
Area: 0.0003579505235385506
CentroidX: 0.1410
CentroidY: 0.5378
