Location: internet_27.png_Otsu.png
Component: component_1755079634764_834.png
centerX: 0.8428053204353083
centerY: 0.2694610778443114
width: 0.04232164449818621
height: 0.02879954376960365
Area: 0.00027227171728978273
CentroidX: 0.8642
CentroidY: 0.2790
