Location: Dedata_20.png_Gaussian-Median.png
Component: component_1755511365829_111.png
centerX: 0.14556451612903226
centerY: 0.24422912510686806
width: 0.03306451612903226
height: 0.034482758620689655
Area: 0.00038392060967650004
CentroidX: 0.1633
CentroidY: 0.2582
