Location: Dedata_20.png_Mean-Closing.png
Component: component_1755511365994_120.png
centerX: 0.8258064516129032
centerY: 0.2835565688230265
width: 0.04032258064516129
height: 0.037902536335138216
Area: 0.0005320420301712647
CentroidX: 0.8464
CentroidY: 0.2996
