Location: Dedata_20.png_Mean-Medain.png
Component: component_1755511365539_266.png
centerX: 0.5088709677419355
centerY: 0.6329438586491878
width: 0.03185483870967742
height: 0.03277286976346538
Area: 0.0003068147344616148
CentroidX: 0.5245
CentroidY: 0.6457
