Location: internet_27.png_Mean-Closing.png
Component: component_1755079635100_162.png
centerX: 0.7073760580411125
centerY: 0.3646991730824066
width: 0.03990326481257558
height: 0.027944111776447105
Area: 0.000330082048145317
CentroidX: 0.7270
CentroidY: 0.3749
