Location: Dedata_20.png_Gaussian-Median.png
Component: component_1755511365834_127.png
centerX: 0.8258064516129032
centerY: 0.2838415502992305
width: 0.039919354838709675
height: 0.03761755485893417
Area: 0.0005108982432270935
CentroidX: 0.8464
CentroidY: 0.2998
