Location: Dedata_20.png_Mean-Closing.png
Component: component_1755511365963_22.png
centerX: 0.9201612903225806
centerY: 0.04132231404958678
width: 0.03306451612903226
height: 0.03220290681105728
Area: 0.00035082598663344945
CentroidX: 0.9375
CentroidY: 0.0536
