Location: internet_27.png_Mean-Closing.png
Component: component_1755079634865_9.png
centerX: 0.7339782345828295
centerY: 0.01568291987453664
width: 0.03426037887948408
height: 0.03307670373538637
Area: 0.0002762943049238656
CentroidX: 0.7520
CentroidY: 0.0287
