Location: Dedata_20.png_Mean-Closing.png
Component: component_1755511366041_263.png
centerX: 0.45806451612903226
centerY: 0.6360786548874323
width: 0.03387096774193549
height: 0.03334283271587347
Area: 0.0003415181239025915
CentroidX: 0.4763
CentroidY: 0.6493
