Location: Dedata_20.png_Gaussian-Median.png
Component: component_1755511365876_258.png
centerX: 0.2979838709677419
centerY: 0.6024508406953548
width: 0.02943548387096774
height: 0.0347677400968937
Area: 0.0003096875316007685
CentroidX: 0.3135
CentroidY: 0.6174
