Location: Dedata_20.png_Gaussian-Closing.png
Component: component_1755511366395_222.png
centerX: 0.49233870967741933
centerY: 0.53662011969222
width: 0.027016129032258064
height: 0.034482758620689655
Area: 0.0003366918247088133
CentroidX: 0.5050
CentroidY: 0.5506
