Location: Dedata_20.png_Gaussian-Median.png
Component: component_1755511365891_306.png
centerX: 0.25120967741935485
centerY: 0.7039042462239954
width: 0.027822580645161292
height: 0.030493017953833
Area: 0.00024269390231570432
CentroidX: 0.2652
CentroidY: 0.7160
