Location: Dedata_20.png_Mean-Medain.png
Component: component_1755511365556_315.png
centerX: 0.3125
centerY: 0.7420917640353377
width: 0.03387096774193549
height: 0.03362781419207751
Area: 0.00040575386793406817
CentroidX: 0.3300
CentroidY: 0.7559
