Location: internet_27.png_Mean-Closing.png
Component: component_1755079635163_214.png
centerX: 0.016122531237404272
centerY: 0.4930139720558882
width: 0.03466344216041919
height: 0.027088679783290562
Area: 0.00029341903513753286
CentroidX: 0.0315
CentroidY: 0.5035
