Location: Dedata_20.png_Mean-Medain.png
Component: component_1755511365548_291.png
centerX: 0.3883064516129032
centerY: 0.6856654317469365
width: 0.02943548387096774
height: 0.03334283271587347
Area: 0.00026533154377223546
CentroidX: 0.4022
CentroidY: 0.6989
