Location: Dedata_20.png_Gaussian-Closing.png
Component: component_1755511366430_323.png
centerX: 0.5088709677419355
centerY: 0.7654602450840695
width: 0.034274193548387094
height: 0.03505272157309775
Area: 0.00036174261576223354
CentroidX: 0.5263
CentroidY: 0.7793
