Location: Dedata_20.png_Mean-Closing.png
Component: component_1755511366005_153.png
centerX: 0.1536290322580645
centerY: 0.3784554003989741
width: 0.04233870967741935
height: 0.04189227700199487
Area: 0.0005642173581297861
CentroidX: 0.1749
CentroidY: 0.3966
