Location: Dedata_20.png_Gaussian-Closing.png
Component: component_1755511366404_249.png
centerX: 0.8358870967741936
centerY: 0.5950413223140496
width: 0.031451612903225803
height: 0.03505272157309775
Area: 0.0003080787652028425
CentroidX: 0.8519
CentroidY: 0.6095
