Location: internet_27.png_Mean-Closing.png
Component: component_1755079635218_278.png
centerX: 0.8915759774284563
centerY: 0.6478471628172227
width: 0.03506650544135429
height: 0.029369831765041345
Area: 0.00031525593943684
CentroidX: 0.9089
CentroidY: 0.6605
