Location: Dedata_20.png_Mean-Medain.png
Component: component_1755511365536_258.png
centerX: 0.6512096774193549
centerY: 0.615844970076945
width: 0.036290322580645164
height: 0.03419777714448561
Area: 0.0003370365603655117
CentroidX: 0.6696
CentroidY: 0.6294
