Location: Dedata_20.png_Gaussian-Median.png
Component: component_1755511365886_291.png
centerX: 0.5201612903225806
centerY: 0.6742661726987745
width: 0.027822580645161292
height: 0.03220290681105728
Area: 0.00031336471193888524
CentroidX: 0.5341
CentroidY: 0.6864
