Location: internet_27.png_Mean-Closing.png
Component: component_1755079635195_242.png
centerX: 0.5933091495364772
centerY: 0.5600228115198175
width: 0.032245062474808545
height: 0.03165098374679213
Area: 0.00032916259954324093
CentroidX: 0.6097
CentroidY: 0.5737
