Location: internet_27.png_Mean-Closing.png
Component: component_1755079635215_267.png
centerX: 0.4062877871825877
centerY: 0.6179070430567437
width: 0.03466344216041919
height: 0.031936127744510975
Area: 0.0003357136708330331
CentroidX: 0.4237
CentroidY: 0.6307
