Location: Dedata_20.png_Gaussian-Median.png
Component: component_1755511365771_23.png
centerX: 0.9201612903225806
centerY: 0.04132231404958678
width: 0.032661290322580645
height: 0.03220290681105728
Area: 0.0003346234107686226
CentroidX: 0.9374
CentroidY: 0.0537
