Location: internet_27.png_Gaussian-Closing.png
Component: component_1755079635464_143.png
centerX: 0.7476823861346231
centerY: 0.3153692614770459
width: 0.03466344216041919
height: 0.03051040775591674
Area: 0.0003252549429844175
CentroidX: 0.7642
CentroidY: 0.3285
