Location: internet_27.png_Mean-Medain.png
Component: component_1755079635342_195.png
centerX: 0.3667875856509472
centerY: 0.4231536926147705
width: 0.03990326481257558
height: 0.027944111776447105
Area: 0.00031042883427594056
CentroidX: 0.3870
CentroidY: 0.4333
