Location: internet_27.png_Otsu.png
Component: component_1755079634793_1339.png
centerX: 0.06166868198307134
centerY: 0.5374964357000285
width: 0.037484885126964934
height: 0.027944111776447105
Area: 0.00024330908632438583
CentroidX: 0.0781
CentroidY: 0.5498
