Location: internet_19.png_Otsu.png
Component: component_1755084039419_894.png
centerX: 0.23417976622329706
centerY: 0.6196179070430567
width: 0.02418379685610641
height: 0.03307670373538637
Area: 0.0002989357267499894
CentroidX: 0.2437
CentroidY: 0.6399
