Location: internet_19.png_Mean-Medain.png
Component: component_1755084039514_181.png
centerX: 0.10157194679564692
centerY: 0.2600513259195894
width: 0.022974607013301087
height: 0.027944111776447105
Area: 0.00021285235138061528
CentroidX: 0.1112
CentroidY: 0.2781
