Location: internet_19.png_Gaussian-Median.png
Component: component_1755084039676_406.png
centerX: 0.10157194679564692
centerY: 0.716566866267465
width: 0.02418379685610641
height: 0.031080695751354435
Area: 0.00030640624664185766
CentroidX: 0.1114
CentroidY: 0.7360
