Location: internet_19.png_Gaussian-Closing.png
Component: component_1755084039728_19.png
centerX: 0.020959290608625555
centerY: 0.011976047904191617
width: 0.028214429665457477
height: 0.033361847733105215
Area: 0.0003761694093243811
CentroidX: 0.0319
CentroidY: 0.0328
