Location: internet_19.png_Gaussian-Median.png
Component: component_1755084039669_369.png
centerX: 0.7996775493752519
centerY: 0.6549757627601939
width: 0.02539298669891173
height: 0.028514399771884802
Area: 0.0003026135211582938
CentroidX: 0.8095
CentroidY: 0.6721
