Location: internet_19.png_Otsu.png
Component: component_1755084039385_820.png
centerX: 0.6110439338976219
centerY: 0.4422583404619333
width: 0.024586860137041516
height: 0.029654975762760195
Area: 0.00028054675470846755
CentroidX: 0.6206
CentroidY: 0.4611
