Location: internet_19.png_Otsu.png
Component: component_1755084039433_926.png
centerX: 0.8020959290608626
centerY: 0.7014542343883661
width: 0.02781136638452237
height: 0.03165098374679213
Area: 0.0003073256952439337
CentroidX: 0.8134
CentroidY: 0.7216
