Location: Kurtxevani_1794_page_10.png_Mean-Medain.png
Component: component_1755610054617_591.png
centerX: 0.3196960841613092
centerY: 0.12825033054208904
width: 0.011689070718877849
height: 0.0123402379903041
Area: 9.09264425686179e-05
CentroidX: 0.3246
CentroidY: 0.1350
