Location: internet_19.png_Mean-Medain.png
Component: component_1755084039524_234.png
centerX: 0.6239419588875453
centerY: 0.3872255489021956
width: 0.030229746070133012
height: 0.029940119760479042
Area: 0.0003476665026600223
CentroidX: 0.6370
CentroidY: 0.4060
