Location: internet_19.png_Otsu.png
Component: component_1755084039383_815.png
centerX: 0.8077388149939541
centerY: 0.43313373253493015
width: 0.02781136638452237
height: 0.03136583974907328
Area: 0.00032548480513493655
CentroidX: 0.8194
CentroidY: 0.4530
