Location: internet_19.png_Gaussian-Median.png
Component: component_1755084039672_388.png
centerX: 0.9193873438129786
centerY: 0.7003136583974907
width: 0.027408303103587262
height: 0.033932135728542916
Area: 0.0003429543285743823
CentroidX: 0.9305
CentroidY: 0.7212
