Location: internet_19.png_Mean-Medain.png
Component: component_1755084039493_26.png
centerX: 0.9359129383313181
centerY: 0.0504704875962361
width: 0.02539298669891173
height: 0.029369831765041345
Area: 0.0002690536471825164
CentroidX: 0.9462
CentroidY: 0.0687
