Location: internet_19.png_Gaussian-Closing.png
Component: component_1755084039769_248.png
centerX: 0.32406287787182586
centerY: 0.5072711719418306
width: 0.026199113260781944
height: 0.03136583974907328
Area: 0.00030249859008303425
CentroidX: 0.3349
CentroidY: 0.5267
