Location: internet_19.png_Gaussian-Closing.png
Component: component_1755084039765_226.png
centerX: 0.373639661426844
centerY: 0.4488166524094668
width: 0.027408303103587262
height: 0.031080695751354435
Area: 0.0003290476684679814
CentroidX: 0.3847
CentroidY: 0.4686
