Location: internet_19.png_Mean-Medain.png
Component: component_1755084039536_288.png
centerX: 0.09230149133413947
centerY: 0.5161106358711149
width: 0.02902055622732769
height: 0.02737382378100941
Area: 0.00031525593943684
CentroidX: 0.1043
CentroidY: 0.5332
