Location: internet_19.png_Otsu.png
Component: component_1755084039329_759.png
centerX: 0.28335348649738007
centerY: 0.2994011976047904
width: 0.027005239822652155
height: 0.03136583974907328
Area: 0.0002783630642785368
CentroidX: 0.2927
CentroidY: 0.3190
