Location: internet_19.png_Gaussian-Closing.png
Component: component_1755084039725_3.png
centerX: 0.31882305521966947
centerY: 0.007698887938408896
width: 0.02781136638452237
height: 0.03165098374679213
Area: 0.0003622627492179802
CentroidX: 0.3295
CentroidY: 0.0263
