Location: internet_19.png_Mean-Medain.png
Component: component_1755084039506_109.png
centerX: 0.016122531237404272
centerY: 0.15825491873396064
width: 0.022168480451430876
height: 0.02765896777872826
Area: 0.00024411360385120242
CentroidX: 0.0249
CentroidY: 0.1758
