Location: internet_19.png_Otsu.png
Component: component_1755084039292_361.png
centerX: 0.24506247480854493
centerY: 0.151981750784146
width: 0.02418379685610641
height: 0.031936127744510975
Area: 0.00014125029149393963
CentroidX: 0.2547
CentroidY: 0.1735
