Location: internet_19.png_Mean-Medain.png
Component: component_1755084039521_217.png
centerX: 0.37001209189842804
centerY: 0.34673510122611917
width: 0.024989923417976623
height: 0.031936127744510975
Area: 0.00032376083900604387
CentroidX: 0.3796
CentroidY: 0.3661
