Location: internet_19.png_Otsu.png
Component: component_1755084039393_834.png
centerX: 0.939540507859734
centerY: 0.4870259481037924
width: 0.026602176541717048
height: 0.031080695751354435
Area: 0.00032743863341434825
CentroidX: 0.9510
CentroidY: 0.5071
