Location: internet_19.png_Gaussian-Median.png
Component: component_1755084039667_358.png
centerX: 0.23417976622329706
centerY: 0.6193327630453379
width: 0.024586860137041516
height: 0.03364699173082407
Area: 0.0003233011147050058
CentroidX: 0.2437
CentroidY: 0.6398
