Location: internet_19.png_Gaussian-Median.png
Component: component_1755084039633_190.png
centerX: 0.7900040306328093
centerY: 0.24094667807242656
width: 0.02902055622732769
height: 0.028229255774165955
Area: 0.00027882278857957487
CentroidX: 0.8015
CentroidY: 0.2585
