Location: internet_19.png_Mean-Medain.png
Component: component_1755084039509_140.png
centerX: 0.3333333333333333
centerY: 0.2018819503849444
width: 0.026199113260781944
height: 0.028514399771884802
Area: 0.00022733366686331373
CentroidX: 0.3436
CentroidY: 0.2210
