Location: internet_19.png_Mean-Medain.png
Component: component_1755084039510_164.png
centerX: 0.8899637243047158
centerY: 0.23638437410892502
width: 0.02539298669891173
height: 0.029940119760479042
Area: 0.00028617837739618364
CentroidX: 0.8992
CentroidY: 0.2553
