Location: internet_19.png_Otsu.png
Component: component_1755084039287_202.png
centerX: 0.38129786376461106
centerY: 0.1015112631879099
width: 0.0237807335751713
height: 0.03136583974907328
Area: 0.0001529732611704098
CentroidX: 0.3904
CentroidY: 0.1227
