Location: internet_19.png_Mean-Medain.png
Component: component_1755084039555_378.png
centerX: 0.18621523579201935
centerY: 0.7162817222697462
width: 0.028214429665457477
height: 0.030795551753635585
Area: 0.0003378973612629638
CentroidX: 0.1982
CentroidY: 0.7356
