Location: internet_19.png_Otsu.png
Component: component_1755084039434_932.png
centerX: 0.6686819830713422
centerY: 0.7060165383518677
width: 0.025796049979846837
height: 0.031080695751354435
Area: 0.0003003148996531035
CentroidX: 0.6787
CentroidY: 0.7255
