Location: internet_19.png_Otsu.png
Component: component_1755084039321_747.png
centerX: 0.8214429665457477
centerY: 0.2834331337325349
width: 0.026602176541717048
height: 0.027944111776447105
Area: 0.0002810064790095056
CentroidX: 0.8317
CentroidY: 0.3013
