Location: Kurtxevani_1794_page_10.png_Mean-Medain.png
Component: component_1755610054854_1006.png
centerX: 0.7188778492109877
centerY: 0.2794182459233142
width: 0.011689070718877849
height: 0.0123402379903041
Area: 8.242623688939867e-05
CentroidX: 0.7243
CentroidY: 0.2860
