Location: internet_19.png_Gaussian-Median.png
Component: component_1755084039654_302.png
centerX: 0.7089883111648528
centerY: 0.49500998003992014
width: 0.026602176541717048
height: 0.03222127174222983
Area: 0.0003259445294359746
CentroidX: 0.7192
CentroidY: 0.5153
