Location: internet_19.png_Gaussian-Closing.png
Component: component_1755084039788_317.png
centerX: 0.1833937928254736
centerY: 0.6689478186484175
width: 0.024586860137041516
height: 0.033932135728542916
Area: 0.0002966371052447992
CentroidX: 0.1926
CentroidY: 0.6898
