Location: Kurtxevani_1764_page_10.png_Otsu.png
Component: component_1755610055851_726.png
centerX: 0.4964401294498382
centerY: 0.22825070159027128
width: 0.011003236245954692
height: 0.01683816651075772
Area: 8.204140820595723e-05
CentroidX: 0.5009
CentroidY: 0.2373
