Location: internet_19.png_Gaussian-Median.png
Component: component_1755084039655_307.png
centerX: 0.5570334542523177
centerY: 0.5035642999714856
width: 0.026602176541717048
height: 0.032506415739948676
Area: 0.0003346792911556975
CentroidX: 0.5675
CentroidY: 0.5242
