Location: internet_19.png_Gaussian-Closing.png
Component: component_1755084039794_342.png
centerX: 0.18661829907295446
centerY: 0.7162817222697462
width: 0.027408303103587262
height: 0.03051040775591674
Area: 0.0003272087712638292
CentroidX: 0.1981
CentroidY: 0.7354
