Location: internet_19.png_Gaussian-Closing.png
Component: component_1755084039752_161.png
centerX: 0.3248690044336961
centerY: 0.29911605360707155
width: 0.02902055622732769
height: 0.031080695751354435
Area: 0.0003050270737387435
CentroidX: 0.3358
CentroidY: 0.3186
