Location: internet_19.png_Gaussian-Closing.png
Component: component_1755084039736_70.png
centerX: 0.23821039903264812
centerY: 0.10322212717422298
width: 0.02418379685610641
height: 0.03279155973766752
Area: 0.0002541126073987799
CentroidX: 0.2479
CentroidY: 0.1244
