Location: internet_19.png_Mean-Medain.png
Component: component_1755084039549_350.png
centerX: 0.13986295848448208
centerY: 0.6666666666666666
width: 0.024586860137041516
height: 0.033361847733105215
Area: 0.00030950938567386445
CentroidX: 0.1493
CentroidY: 0.6875
