Location: internet_19.png_Mean-Medain.png
Component: component_1755084039510_163.png
centerX: 0.9351068117694478
centerY: 0.23467351012261192
width: 0.02539298669891173
height: 0.02879954376960365
Area: 0.00028583358417040507
CentroidX: 0.9453
CentroidY: 0.2532
