Location: Kurtxevani_1794_page_10.png_Mean-Medain.png
Component: component_1755610054876_1103.png
centerX: 0.8573933372296902
centerY: 0.30498016747465845
width: 0.012857977790765635
height: 0.014103129131776113
Area: 0.00011719980557711374
CentroidX: 0.8632
CentroidY: 0.3124
