Location: internet_19.png_Mean-Medain.png
Component: component_1755084039517_199.png
centerX: 0.19306731156791615
centerY: 0.3022526375819789
width: 0.02539298669891173
height: 0.033932135728542916
Area: 0.0003255997362101961
CentroidX: 0.2031
CentroidY: 0.3233
