Location: internet_19.png_Mean-Medain.png
Component: component_1755084039497_41.png
centerX: 0.05602579604997985
centerY: 0.0647276874821785
width: 0.02418379685610641
height: 0.02594810379241517
Area: 0.00022859790869116835
CentroidX: 0.0654
CentroidY: 0.0804
