Location: internet_19.png_Gaussian-Closing.png
Component: component_1755084039770_252.png
centerX: 0.13945989520354696
centerY: 0.5106928999144568
width: 0.028214429665457477
height: 0.029654975762760195
Area: 0.0003243354943823414
CentroidX: 0.1512
CentroidY: 0.5296
