Location: Kurtxevani_1764_page_10.png_Otsu.png
Component: component_1755610055910_1085.png
centerX: 0.8213592233009709
centerY: 0.41113189897100094
width: 0.012944983818770227
height: 0.017305893358278764
Area: 0.00011685602792435237
CentroidX: 0.8269
CentroidY: 0.4205
