Location: internet_19.png_Gaussian-Closing.png
Component: component_1755084039740_99.png
centerX: 0.24465941152760984
centerY: 0.15169660678642716
width: 0.026199113260781944
height: 0.03222127174222983
Area: 0.0002400910162171195
CentroidX: 0.2552
CentroidY: 0.1723
