Location: internet_19.png_Otsu.png
Component: component_1755084039329_758.png
centerX: 0.3248690044336961
centerY: 0.29911605360707155
width: 0.02902055622732769
height: 0.031080695751354435
Area: 0.00027319116589185884
CentroidX: 0.3358
CentroidY: 0.3187
