Location: internet_19.png_Mean-Medain.png
Component: component_1755084039546_338.png
centerX: 0.8827085852478839
centerY: 0.6512688907898488
width: 0.028214429665457477
height: 0.02879954376960365
Area: 0.00032019797567299903
CentroidX: 0.8938
CentroidY: 0.6696
