Location: internet_19.png_Gaussian-Median.png
Component: component_1755084039620_75.png
centerX: 0.38129786376461106
centerY: 0.10122611919019105
width: 0.02418379685610641
height: 0.03165098374679213
Area: 0.00024020594729237901
CentroidX: 0.3907
CentroidY: 0.1211
