Location: internet_19.png_Gaussian-Closing.png
Component: component_1755084039778_289.png
centerX: 0.5836356307940347
centerY: 0.6130595950955232
width: 0.02781136638452237
height: 0.033932135728542916
Area: 0.00035410264287455493
CentroidX: 0.5943
CentroidY: 0.6343
