Location: internet_19.png_Gaussian-Closing.png
Component: component_1755084039771_258.png
centerX: 0.7988714228133817
centerY: 0.5514684915882521
width: 0.027408303103587262
height: 0.030795551753635585
Area: 0.00031376183545846637
CentroidX: 0.8088
CentroidY: 0.5710
