Location: internet_19.png_Gaussian-Closing.png
Component: component_1755084039732_39.png
centerX: 0.23861346231358324
centerY: 0.06073567151411463
width: 0.025796049979846837
height: 0.026518391787852865
Area: 0.00021354193783217236
CentroidX: 0.2491
CentroidY: 0.0772
