Location: internet_19.png_Gaussian-Median.png
Component: component_1755084039636_212.png
centerX: 0.8645707376058042
centerY: 0.2822925577416595
width: 0.030229746070133012
height: 0.029940119760479042
Area: 0.0003242205633070819
CentroidX: 0.8762
CentroidY: 0.3012
