Location: internet_19.png_Gaussian-Median.png
Component: component_1755084039673_389.png
centerX: 0.8020959290608626
centerY: 0.7014542343883661
width: 0.028214429665457477
height: 0.031936127744510975
Area: 0.0003301969792205765
CentroidX: 0.8134
CentroidY: 0.7215
