Location: internet_19.png_Gaussian-Median.png
Component: component_1755084039642_240.png
centerX: 0.4667472793228537
centerY: 0.34160250926717994
width: 0.02902055622732769
height: 0.033361847733105215
Area: 0.0003419199488970467
CentroidX: 0.4776
CentroidY: 0.3625
