Location: internet_19.png_Gaussian-Median.png
Component: component_1755084039648_274.png
centerX: 0.010479645304312777
centerY: 0.40889649272882805
width: 0.027408303103587262
height: 0.031080695751354435
Area: 0.0003301969792205765
CentroidX: 0.0207
CentroidY: 0.4277
