Location: internet_19.png_Gaussian-Closing.png
Component: component_1755084039741_103.png
centerX: 0.14953647722692462
centerY: 0.15597376675220986
width: 0.02539298669891173
height: 0.029654975762760195
Area: 0.00021032386772490603
CentroidX: 0.1591
CentroidY: 0.1756
