Location: internet_19.png_Otsu.png
Component: component_1755084039306_708.png
centerX: 0.19830713422007254
centerY: 0.2694610778443114
width: 0.02176541717049577
height: 0.01568291987453664
Area: 8.20607877352912e-05
CentroidX: 0.2098
CentroidY: 0.2796
