Location: internet_19.png_Gaussian-Closing.png
Component: component_1755084039778_287.png
centerX: 0.4546553808948005
centerY: 0.6119190191046479
width: 0.028617492946392584
height: 0.033361847733105215
Area: 0.0003562863333044856
CentroidX: 0.4656
CentroidY: 0.6329
