Location: internet_19.png_Mean-Medain.png
Component: component_1755084039492_22.png
centerX: 0.7908101571946796
centerY: 0.04733390362132877
width: 0.025796049979846837
height: 0.02879954376960365
Area: 0.00028250058298787925
CentroidX: 0.8021
CentroidY: 0.0657
