Location: internet_19.png_Otsu.png
Component: component_1755084039396_840.png
centerX: 0.6569931479242241
centerY: 0.49786142001710865
width: 0.027005239822652155
height: 0.032506415739948676
Area: 0.0002992805199757679
CentroidX: 0.6680
CentroidY: 0.5182
