Location: internet_19.png_Gaussian-Median.png
Component: component_1755084039636_211.png
centerX: 0.9121322047561468
centerY: 0.2808668377530653
width: 0.026199113260781944
height: 0.028514399771884802
Area: 0.000289626309653969
CentroidX: 0.9218
CentroidY: 0.2988
