Location: internet_19.png_Gaussian-Median.png
Component: component_1755084039645_256.png
centerX: 0.9177750906892382
centerY: 0.3775306529797548
width: 0.026199113260781944
height: 0.028514399771884802
Area: 0.00029939545105102746
CentroidX: 0.9276
CentroidY: 0.3957
