Location: internet_19.png_Mean-Medain.png
Component: component_1755084039543_323.png
centerX: 0.6320032245062475
centerY: 0.6119190191046479
width: 0.024989923417976623
height: 0.034787567721699456
Area: 0.0003608835763148661
CentroidX: 0.6420
CentroidY: 0.6335
