Location: internet_19.png_Gaussian-Closing.png
Component: component_1755084039778_290.png
centerX: 0.36638452237001207
centerY: 0.6150556030795552
width: 0.025796049979846837
height: 0.033932135728542916
Area: 0.0003526085388961813
CentroidX: 0.3763
CentroidY: 0.6356
