Location: internet_19.png_Gaussian-Median.png
Component: component_1755084039620_76.png
centerX: 0.3317210802095929
centerY: 0.10179640718562874
width: 0.027005239822652155
height: 0.032506415739948676
Area: 0.00026445640417213596
CentroidX: 0.3425
CentroidY: 0.1230
