Location: internet_19.png_Otsu.png
Component: component_1755084039429_915.png
centerX: 0.41072148327287383
centerY: 0.6669518106643855
width: 0.02418379685610641
height: 0.03022526375819789
Area: 0.00027020295793511154
CentroidX: 0.4203
CentroidY: 0.6859
