Location: internet_19.png_Gaussian-Median.png
Component: component_1755084039645_258.png
centerX: 0.7730753728335349
centerY: 0.38095238095238093
width: 0.029423619508262798
height: 0.03165098374679213
Area: 0.00032054276889877754
CentroidX: 0.7835
CentroidY: 0.4005
