Location: internet_19.png_Mean-Medain.png
Component: component_1755084039539_306.png
centerX: 0.19064893188230553
centerY: 0.564870259481038
width: 0.026602176541717048
height: 0.032506415739948676
Area: 0.00031916359599566343
CentroidX: 0.2009
CentroidY: 0.5855
