Location: internet_19.png_Gaussian-Closing.png
Component: component_1755084039766_234.png
centerX: 0.046352277307537285
centerY: 0.4619332763045338
width: 0.025796049979846837
height: 0.033361847733105215
Area: 0.0003408855692197111
CentroidX: 0.0568
CentroidY: 0.4823
