Location: internet_19.png_Otsu.png
Component: component_1755084039290_344.png
centerX: 0.7021362353889561
centerY: 0.14456800684345594
width: 0.020556227327690448
height: 0.031936127744510975
Area: 0.00012263145730189877
CentroidX: 0.7101
CentroidY: 0.1669
