Location: internet_19.png_Gaussian-Median.png
Component: component_1755084039629_168.png
centerX: 0.6392583635630794
centerY: 0.19760479041916168
width: 0.022168480451430876
height: 0.02480752780153978
Area: 0.00016653512805103214
CentroidX: 0.6477
CentroidY: 0.2137
