Location: internet_19.png_Otsu.png
Component: component_1755084039288_207.png
centerX: 0.23821039903264812
centerY: 0.10350727117194183
width: 0.02418379685610641
height: 0.03222127174222983
Area: 0.00015940940138494243
CentroidX: 0.2483
CentroidY: 0.1262
