Location: internet_19.png_Gaussian-Closing.png
Component: component_1755084039768_241.png
centerX: 0.6569931479242241
centerY: 0.4975762760193898
width: 0.027005239822652155
height: 0.03279155973766752
Area: 0.0003196233202967015
CentroidX: 0.6680
CentroidY: 0.5180
