Location: internet_19.png_Mean-Medain.png
Component: component_1755084039540_311.png
centerX: 0.36316001612253124
centerY: 0.5677216994582264
width: 0.0237807335751713
height: 0.028514399771884802
Area: 0.00029640724309428016
CentroidX: 0.3730
CentroidY: 0.5850
