Location: internet_19.png_Mean-Medain.png
Component: component_1755084039510_165.png
centerX: 0.8407900040306329
centerY: 0.23781009409751924
width: 0.030229746070133012
height: 0.031080695751354435
Area: 0.0003087048681470479
CentroidX: 0.8527
CentroidY: 0.2573
