Location: internet_19.png_Gaussian-Closing.png
Component: component_1755084039767_238.png
centerX: 0.8939943571140669
centerY: 0.4904476760764186
width: 0.02176541717049577
height: 0.029369831765041345
Area: 0.0002810064790095056
CentroidX: 0.9032
CentroidY: 0.5091
