Location: internet_19.png_Gaussian-Median.png
Component: component_1755084039611_17.png
centerX: 0.8927851672712616
centerY: 0.010265183917878529
width: 0.022168480451430876
height: 0.02566295979469632
Area: 0.00018618834192040863
CentroidX: 0.9025
CentroidY: 0.0275
