Location: internet_19.png_Otsu.png
Component: component_1755084039432_925.png
centerX: 0.9596936719064894
centerY: 0.7003136583974907
width: 0.025796049979846837
height: 0.033932135728542916
Area: 0.00032456535653286044
CentroidX: 0.9692
CentroidY: 0.7207
