Location: internet_19.png_Otsu.png
Component: component_1755084039280_21.png
centerX: 0.17573559048770657
centerY: 0.011976047904191617
width: 0.024586860137041516
height: 0.029940119760479042
Area: 0.00026020395438753404
CentroidX: 0.1846
CentroidY: 0.0309
