Location: internet_19.png_Otsu.png
Component: component_1755084039437_944.png
centerX: 0.230149133413946
centerY: 0.716566866267465
width: 0.028214429665457477
height: 0.031080695751354435
Area: 0.00031180800717905467
CentroidX: 0.2422
CentroidY: 0.7361
