Location: internet_19.png_Mean-Medain.png
Component: component_1755084039508_136.png
centerX: 0.3837162434502217
centerY: 0.19931565440547477
width: 0.0237807335751713
height: 0.028514399771884802
Area: 0.00022537983858390205
CentroidX: 0.3931
CentroidY: 0.2179
