Location: internet_19.png_Mean-Medain.png
Component: component_1755084039494_30.png
centerX: 0.626360338573156
centerY: 0.05189620758483034
width: 0.023377670294236194
height: 0.026518391787852865
Area: 0.00027123733761244713
CentroidX: 0.6361
CentroidY: 0.0684
