Location: internet_19.png_Otsu.png
Component: component_1755084039437_943.png
centerX: 0.18661829907295446
centerY: 0.7162817222697462
width: 0.027408303103587262
height: 0.03051040775591674
Area: 0.0003080152816954908
CentroidX: 0.1982
CentroidY: 0.7357
