Location: internet_19.png_Gaussian-Closing.png
Component: component_1755084039775_278.png
centerX: 0.014913341394598953
centerY: 0.5708582834331337
width: 0.02902055622732769
height: 0.03364699173082407
Area: 0.00033950639631659694
CentroidX: 0.0263
CentroidY: 0.5915
