Location: internet_19.png_Gaussian-Median.png
Component: component_1755084039668_368.png
centerX: 0.7553405884723902
centerY: 0.654690618762475
width: 0.023377670294236194
height: 0.029369831765041345
Area: 0.0002937638283633114
CentroidX: 0.7638
CentroidY: 0.6722
