Location: Samociqulo_1709_page_10.png_Gaussian-Median.png
Component: component_1755610056302_3341.png
centerX: 0.19017199017199019
centerY: 0.82375
width: 0.013267813267813268
height: 0.0140625
Area: 9.198402948402948e-05
CentroidX: 0.1963
CentroidY: 0.8315
