Location: Kurtxevani_1794_page_10.png_Mean-Medain.png
Component: component_1755610054984_1576.png
centerX: 0.4424313267095266
centerY: 0.4587924195680917
width: 0.011689070718877849
height: 0.013662406346408109
Area: 0.00010097214018951337
CentroidX: 0.4477
CentroidY: 0.4661
