Location: internet_19.png_Gaussian-Median.png
Component: component_1755084039675_399.png
centerX: 0.4111245465538089
centerY: 0.7120045623039635
width: 0.026602176541717048
height: 0.033361847733105215
Area: 0.0003079003506202313
CentroidX: 0.4217
CentroidY: 0.7334
