Location: internet_19.png_Otsu.png
Component: component_1755084039436_939.png
centerX: 0.27448609431680776
centerY: 0.7159965782720273
width: 0.024989923417976623
height: 0.031080695751354435
Area: 0.00028813220567559534
CentroidX: 0.2847
CentroidY: 0.7359
