Location: Kurtxevani_1794_page_10.png_Mean-Medain.png
Component: component_1755610054805_740.png
centerX: 0.5832846288720047
centerY: 0.17937417364477742
width: 0.012273524254821741
height: 0.012780960775672102
Area: 9.530533640336721e-05
CentroidX: 0.5887
CentroidY: 0.1863
