Location: internet_19.png_Gaussian-Closing.png
Component: component_1755084039794_340.png
centerX: 0.016928657799274487
centerY: 0.716566866267465
width: 0.02781136638452237
height: 0.03364699173082407
Area: 0.0003642165774973919
CentroidX: 0.0277
CentroidY: 0.7380
