Location: internet_19.png_Gaussian-Median.png
Component: component_1755084039613_30.png
centerX: 0.8424022571543732
centerY: 0.04847447961220416
width: 0.024989923417976623
height: 0.029369831765041345
Area: 0.00025146919266781116
CentroidX: 0.8534
CentroidY: 0.0670
