Location: internet_19.png_Otsu.png
Component: component_1755084039390_828.png
centerX: 0.23256751309955664
centerY: 0.4536641003706872
width: 0.02902055622732769
height: 0.03307670373538637
Area: 0.00032180701072663217
CentroidX: 0.2440
CentroidY: 0.4746
