Location: internet_19.png_Otsu.png
Component: component_1755084039391_830.png
centerX: 0.09068923821039904
centerY: 0.4579412603364699
width: 0.027005239822652155
height: 0.03165098374679213
Area: 0.0003160604569636566
CentroidX: 0.1020
CentroidY: 0.4779
