Location: internet_19.png_Mean-Medain.png
Component: component_1755084039522_223.png
centerX: 0.012898024989923419
centerY: 0.3558597091531223
width: 0.024586860137041516
height: 0.03279155973766752
Area: 0.00035375784964877637
CentroidX: 0.0224
CentroidY: 0.3758
