Location: internet_19.png_Mean-Medain.png
Component: component_1755084039533_275.png
centerX: 0.7085852478839177
centerY: 0.49500998003992014
width: 0.027005239822652155
height: 0.03222127174222983
Area: 0.00034111543137023013
CentroidX: 0.7192
CentroidY: 0.5154
