Location: internet_19.png_Otsu.png
Component: component_1755084039422_897.png
centerX: 0.14429665457476823
centerY: 0.6207584830339321
width: 0.027005239822652155
height: 0.03136583974907328
Area: 0.00029353396621279235
CentroidX: 0.1555
CentroidY: 0.6406
