Location: internet_19.png_Gaussian-Median.png
Component: component_1755084039617_66.png
centerX: 0.8319226118500604
centerY: 0.09409751924721985
width: 0.022974607013301087
height: 0.027944111776447105
Area: 0.0002067610043918612
CentroidX: 0.8414
CentroidY: 0.1126
