Location: internet_19.png_Gaussian-Closing.png
Component: component_1755084039778_288.png
centerX: 0.5030229746070133
centerY: 0.6122041631023667
width: 0.025796049979846837
height: 0.033932135728542916
Area: 0.0003372077748114067
CentroidX: 0.5134
CentroidY: 0.6328
