Location: internet_19.png_Gaussian-Closing.png
Component: component_1755084039772_261.png
centerX: 0.7089883111648528
centerY: 0.5577416595380668
width: 0.026602176541717048
height: 0.026803535785571715
Area: 0.0002966371052447992
CentroidX: 0.7204
CentroidY: 0.5742
