Location: internet_19.png_Otsu.png
Component: component_1755084039437_941.png
centerX: 0.017331721080209594
centerY: 0.716566866267465
width: 0.027408303103587262
height: 0.03364699173082407
Area: 0.0003432991218001608
CentroidX: 0.0278
CentroidY: 0.7381
