Location: internet_19.png_Mean-Medain.png
Component: component_1755084039539_303.png
centerX: 0.3192261185006046
centerY: 0.5642999714856002
width: 0.028617492946392584
height: 0.032506415739948676
Area: 0.0003316910831989502
CentroidX: 0.3305
CentroidY: 0.5849
