Location: internet_19.png_Gaussian-Closing.png
Component: component_1755084039774_274.png
centerX: 0.14510278113663846
centerY: 0.5657256914741945
width: 0.026199113260781944
height: 0.032506415739948676
Area: 0.0003033031076098508
CentroidX: 0.1555
CentroidY: 0.5863
