Location: internet_19.png_Gaussian-Closing.png
Component: component_1755084039762_212.png
centerX: 0.010479645304312777
centerY: 0.40889649272882805
width: 0.027408303103587262
height: 0.030795551753635585
Area: 0.00032973725491953847
CentroidX: 0.0208
CentroidY: 0.4277
