Location: internet_19.png_Mean-Medain.png
Component: component_1755084039533_274.png
centerX: 0.7549375251914551
centerY: 0.4938694040490448
width: 0.02539298669891173
height: 0.03165098374679213
Area: 0.00033835708556400186
CentroidX: 0.7649
CentroidY: 0.5134
