Location: internet_19.png_Otsu.png
Component: component_1755084039367_781.png
centerX: 0.4183796856106409
centerY: 0.3473053892215569
width: 0.027005239822652155
height: 0.0290846877673225
Area: 0.00029020096503026653
CentroidX: 0.4287
CentroidY: 0.3652
