Location: internet_19.png_Mean-Medain.png
Component: component_1755084039518_202.png
centerX: 0.1003627569528416
centerY: 0.30681494154548045
width: 0.02539298669891173
height: 0.03051040775591674
Area: 0.0003022687279325152
CentroidX: 0.1109
CentroidY: 0.3257
