Location: internet_19.png_Mean-Medain.png
Component: component_1755084039516_192.png
centerX: 0.5183393792825474
centerY: 0.2917023096663815
width: 0.026602176541717048
height: 0.031080695751354435
Area: 0.0003226115282534488
CentroidX: 0.5291
CentroidY: 0.3113
