Location: internet_19.png_Otsu.png
Component: component_1755084039354_772.png
centerX: 0.7638049173720274
centerY: 0.33447390932420873
width: 0.02781136638452237
height: 0.029940119760479042
Area: 0.0003029583143840723
CentroidX: 0.7753
CentroidY: 0.3531
