Location: internet_19.png_Gaussian-Median.png
Component: component_1755084039665_348.png
centerX: 0.6767432486900443
centerY: 0.6099230111206159
width: 0.025796049979846837
height: 0.03450242372398061
Area: 0.0003406557070691921
CentroidX: 0.6868
CentroidY: 0.6321
