Location: internet_19.png_Gaussian-Median.png
Component: component_1755084039652_293.png
centerX: 0.09028617492946392
centerY: 0.4576561163387511
width: 0.027408303103587262
height: 0.031936127744510975
Area: 0.00033973625846711597
CentroidX: 0.1019
CentroidY: 0.4777
