Location: internet_19.png_Gaussian-Closing.png
Component: component_1755084039739_97.png
centerX: 0.5392986698911729
centerY: 0.1497005988023952
width: 0.02176541717049577
height: 0.029654975762760195
Area: 0.0002060714179403041
CentroidX: 0.5484
CentroidY: 0.1688
