Location: internet_19.png_Gaussian-Median.png
Component: component_1755084039631_176.png
centerX: 0.1487303506650544
centerY: 0.20615911035072712
width: 0.02257154373236598
height: 0.026518391787852865
Area: 0.00019653213869376467
CentroidX: 0.1576
CentroidY: 0.2233
