Location: Paraklitoni_1720_page_10.png_Mean-Medain.png
Component: component_1755610055251_457.png
centerX: 0.5823170731707317
centerY: 0.17443609022556392
width: 0.010670731707317074
height: 0.012531328320802004
Area: 6.953359007274284e-05
CentroidX: 0.5869
CentroidY: 0.1816
