Location: internet_19.png_Gaussian-Closing.png
Component: component_1755084039739_96.png
centerX: 0.33937928254735994
centerY: 0.14884516680923868
width: 0.027005239822652155
height: 0.033932135728542916
Area: 0.00024066567159341707
CentroidX: 0.3497
CentroidY: 0.1708
