Location: internet_19.png_Otsu.png
Component: component_1755084039273_2.png
centerX: 0.6219266424828698
centerY: 0.007413743940690049
width: 0.029423619508262798
height: 0.02879954376960365
Area: 0.00022537983858390205
CentroidX: 0.6330
CentroidY: 0.0263
