Location: internet_19.png_Mean-Medain.png
Component: component_1755084039489_6.png
centerX: 0.679161628375655
centerY: 0.008269175933846592
width: 0.029423619508262798
height: 0.024522383803820928
Area: 0.0002708925443866686
CentroidX: 0.6912
CentroidY: 0.0236
