Location: internet_19.png_Gaussian-Median.png
Component: component_1755084039649_275.png
centerX: 0.8956066102378073
centerY: 0.4294268605645851
width: 0.027005239822652155
height: 0.03136583974907328
Area: 0.0003362883262093306
CentroidX: 0.9069
CentroidY: 0.4493
