Location: internet_19.png_Otsu.png
Component: component_1755084039397_843.png
centerX: 0.5090689238210399
centerY: 0.5038494439692045
width: 0.026199113260781944
height: 0.030795551753635585
Area: 0.00029617738094376113
CentroidX: 0.5192
CentroidY: 0.5234
