Location: internet_19.png_Gaussian-Closing.png
Component: component_1755084039764_221.png
centerX: 0.5598548972188634
centerY: 0.4422583404619333
width: 0.022974607013301087
height: 0.03136583974907328
Area: 0.0003368629815856282
CentroidX: 0.5698
CentroidY: 0.4612
