Location: Kurtxevani_1794_page_10.png_Mean-Medain.png
Component: component_1755610055026_1838.png
centerX: 0.559906487434249
centerY: 0.5500220361392684
width: 0.015195791934541203
height: 0.021595416483032173
Area: 0.0001643373097982386
CentroidX: 0.5663
CentroidY: 0.5617
