Location: internet_19.png_Otsu.png
Component: component_1755084039408_872.png
centerX: 0.14550584441757355
centerY: 0.5657256914741945
width: 0.02539298669891173
height: 0.03222127174222983
Area: 0.0002773286846012012
CentroidX: 0.1555
CentroidY: 0.5866
