Location: internet_19.png_Otsu.png
Component: component_1755084039299_569.png
centerX: 0.14913341394598953
centerY: 0.20701454234388367
width: 0.019750100765820233
height: 0.02566295979469632
Area: 0.0001140116266574354
CentroidX: 0.1566
CentroidY: 0.2244
