Location: internet_19.png_Mean-Medain.png
Component: component_1755084039536_291.png
centerX: 0.9262394195888755
centerY: 0.549757627601939
width: 0.026199113260781944
height: 0.028514399771884802
Area: 0.00032077263104929657
CentroidX: 0.9371
CentroidY: 0.5678
