Location: internet_19.png_Gaussian-Closing.png
Component: component_1755084039745_127.png
centerX: 0.01652559451833938
centerY: 0.20929569432563444
width: 0.0237807335751713
height: 0.026518391787852865
Area: 0.00018975120525345347
CentroidX: 0.0250
CentroidY: 0.2267
