Location: internet_19.png_Gaussian-Median.png
Component: component_1755084039638_218.png
centerX: 0.4723901652559452
centerY: 0.29141716566866266
width: 0.025796049979846837
height: 0.03421727972626176
Area: 0.0003120378693295737
CentroidX: 0.4813
CentroidY: 0.3125
