Location: internet_19.png_Gaussian-Median.png
Component: component_1755084039630_171.png
centerX: 0.2426440951229343
centerY: 0.20159680638722555
width: 0.022974607013301087
height: 0.030795551753635585
Area: 0.00019653213869376467
CentroidX: 0.2523
CentroidY: 0.2216
