Location: internet_19.png_Otsu.png
Component: component_1755084039383_816.png
centerX: 0.8516727126158807
centerY: 0.43313373253493015
width: 0.023377670294236194
height: 0.02765896777872826
Area: 0.00028250058298787925
CentroidX: 0.8613
CentroidY: 0.4506
