Location: internet_19.png_Mean-Medain.png
Component: component_1755084039548_345.png
centerX: 0.501813784764208
centerY: 0.6635300826917594
width: 0.028617492946392584
height: 0.03136583974907328
Area: 0.00031376183545846637
CentroidX: 0.5130
CentroidY: 0.6835
