Location: internet_19.png_Gaussian-Closing.png
Component: component_1755084039768_243.png
centerX: 0.41757355904877064
centerY: 0.5032791559737667
width: 0.024586860137041516
height: 0.03706871970345024
Area: 0.00034571267438061057
CentroidX: 0.4274
CentroidY: 0.5265
