Location: internet_19.png_Otsu.png
Component: component_1755084039301_665.png
centerX: 0.5824264409512293
centerY: 0.24294268605645852
width: 0.025796049979846837
height: 0.03222127174222983
Area: 0.00023181597879843468
CentroidX: 0.5924
CentroidY: 0.2633
