Location: Kurtxevani_1794_page_10.png_Mean-Medain.png
Component: component_1755610055025_1829.png
centerX: 0.45295149035651666
centerY: 0.5486998677831644
width: 0.015195791934541203
height: 0.022036139268400177
Area: 0.00015738259606069558
CentroidX: 0.4592
CentroidY: 0.5607
