Location: internet_19.png_Mean-Medain.png
Component: component_1755084039523_231.png
centerX: 0.7730753728335349
centerY: 0.38095238095238093
width: 0.029423619508262798
height: 0.031936127744510975
Area: 0.00033410463577939994
CentroidX: 0.7836
CentroidY: 0.4006
