Location: internet_19.png_Gaussian-Median.png
Component: component_1755084039623_114.png
centerX: 0.5916968964127368
centerY: 0.14741944682064442
width: 0.026199113260781944
height: 0.033361847733105215
Area: 0.0002237708035302689
CentroidX: 0.6016
CentroidY: 0.1691
