Location: internet_19.png_Otsu.png
Component: component_1755084039286_195.png
centerX: 0.5352680370818218
centerY: 0.09894496720844026
width: 0.025796049979846837
height: 0.03279155973766752
Area: 0.00015377777869722637
CentroidX: 0.5453
CentroidY: 0.1211
