Location: Samociqulo_1709_page_10.png_Gaussian-Median.png
Component: component_1755610056305_3378.png
centerX: 0.771990171990172
centerY: 0.8309375
width: 0.015724815724815724
height: 0.014375
Area: 0.00011363636363636364
CentroidX: 0.7792
CentroidY: 0.8386
