Location: internet_19.png_Gaussian-Closing.png
Component: component_1755084039729_24.png
centerX: 0.8428053204353083
centerY: 0.04847447961220416
width: 0.024586860137041516
height: 0.029369831765041345
Area: 0.00023756253256141025
CentroidX: 0.8536
CentroidY: 0.0670
