Location: internet_19.png_Otsu.png
Component: component_1755084039413_880.png
centerX: 0.814993954050786
centerY: 0.6056458511548332
width: 0.027005239822652155
height: 0.03307670373538637
Area: 0.0003278983577153863
CentroidX: 0.8255
CentroidY: 0.6263
