Location: internet_19.png_Gaussian-Closing.png
Component: component_1755084039746_131.png
centerX: 0.7900040306328093
centerY: 0.24094667807242656
width: 0.02902055622732769
height: 0.027944111776447105
Area: 0.00027755854675172025
CentroidX: 0.8015
CentroidY: 0.2585
