Location: internet_19.png_Otsu.png
Component: component_1755084039284_92.png
centerX: 0.05642885933091495
centerY: 0.0647276874821785
width: 0.023377670294236194
height: 0.02566295979469632
Area: 0.00017630426944809064
CentroidX: 0.0654
CentroidY: 0.0807
