Location: internet_19.png_Gaussian-Closing.png
Component: component_1755084039731_31.png
centerX: 0.486900443369609
centerY: 0.05389221556886228
width: 0.02176541717049577
height: 0.027088679783290562
Area: 0.00021963328482092648
CentroidX: 0.4961
CentroidY: 0.0704
