Location: internet_19.png_Mean-Medain.png
Component: component_1755084039529_254.png
centerX: 0.6630390971382507
centerY: 0.43997718848018247
width: 0.030632809351068116
height: 0.02879954376960365
Area: 0.0003620328870674612
CentroidX: 0.6757
CentroidY: 0.4585
