Location: internet_19.png_Gaussian-Median.png
Component: component_1755084039676_404.png
centerX: 0.31600161225312373
centerY: 0.7157114342743085
width: 0.030229746070133012
height: 0.034787567721699456
Area: 0.0003420348799723062
CentroidX: 0.3276
CentroidY: 0.7377
