Location: internet_19.png_Gaussian-Closing.png
Component: component_1755084039777_285.png
centerX: 0.6767432486900443
centerY: 0.6102081551183347
width: 0.025796049979846837
height: 0.03421727972626176
Area: 0.00034008105169289454
CentroidX: 0.6868
CentroidY: 0.6321
