Location: internet_19.png_Otsu.png
Component: component_1755084039418_889.png
centerX: 0.41072148327287383
centerY: 0.6150556030795552
width: 0.024989923417976623
height: 0.033361847733105215
Area: 0.0003139916976089854
CentroidX: 0.4212
CentroidY: 0.6355
