Location: internet_19.png_Otsu.png
Component: component_1755084039370_785.png
centerX: 0.19185812172511085
centerY: 0.35357855717137154
width: 0.027005239822652155
height: 0.02879954376960365
Area: 0.00028261551406313874
CentroidX: 0.2024
CentroidY: 0.3716
