Location: internet_19.png_Gaussian-Closing.png
Component: component_1755084039738_90.png
centerX: 0.750906892382104
centerY: 0.1442828628457371
width: 0.020959290608625555
height: 0.029654975762760195
Area: 0.00020733565976815873
CentroidX: 0.7590
CentroidY: 0.1628
