Location: internet_19.png_Otsu.png
Component: component_1755084039276_8.png
centerX: 0.7891979040709391
centerY: 0.009124607927003137
width: 0.026199113260781944
height: 0.02566295979469632
Area: 0.0001819358921358067
CentroidX: 0.7989
CentroidY: 0.0259
