Location: internet_19.png_Gaussian-Closing.png
Component: component_1755084039733_46.png
centerX: 0.19266424828698106
centerY: 0.06244653550042772
width: 0.023377670294236194
height: 0.02623324779013402
Area: 0.0002007845884783666
CentroidX: 0.2022
CentroidY: 0.0795
