Location: internet_19.png_Gaussian-Closing.png
Component: component_1755084039752_160.png
centerX: 0.37605804111245467
centerY: 0.2971200456230396
width: 0.027005239822652155
height: 0.031080695751354435
Area: 0.000304682280512965
CentroidX: 0.3861
CentroidY: 0.3169
