Location: internet_19.png_Gaussian-Median.png
Component: component_1755084039667_360.png
centerX: 0.1007658202337767
centerY: 0.6204733390362133
width: 0.02902055622732769
height: 0.032506415739948676
Area: 0.0003485859512620984
CentroidX: 0.1119
CentroidY: 0.6409
