Location: internet_19.png_Mean-Medain.png
Component: component_1755084039504_95.png
centerX: 0.3893591293833132
centerY: 0.1485600228115198
width: 0.026199113260781944
height: 0.03136583974907328
Area: 0.0002446882592275
CentroidX: 0.3997
CentroidY: 0.1696
