Location: Kurtxevani_1794_page_10.png_Mean-Medain.png
Component: component_1755610054875_1100.png
centerX: 0.7440093512565751
centerY: 0.30409872190392245
width: 0.012273524254821741
height: 0.013662406346408109
Area: 0.00010148730417007212
CentroidX: 0.7495
CentroidY: 0.3112
