Location: internet_19.png_Gaussian-Closing.png
Component: component_1755084039761_207.png
centerX: 0.18621523579201935
centerY: 0.40347875677216993
width: 0.029826682789197905
height: 0.030795551753635585
Area: 0.000335253946531995
CentroidX: 0.1972
CentroidY: 0.4219
