Location: internet_19.png_Gaussian-Median.png
Component: component_1755084039626_159.png
centerX: 0.9467956469165659
centerY: 0.1853435985172512
width: 0.024586860137041516
height: 0.028514399771884802
Area: 0.00019641720761850515
CentroidX: 0.9565
CentroidY: 0.2041
