Location: internet_19.png_Gaussian-Closing.png
Component: component_1755084039744_123.png
centerX: 0.3333333333333333
centerY: 0.2018819503849444
width: 0.024989923417976623
height: 0.028229255774165955
Area: 0.00018756751482352276
CentroidX: 0.3433
CentroidY: 0.2206
