Location: internet_19.png_Gaussian-Closing.png
Component: component_1755084039753_165.png
centerX: 0.14631197097944376
centerY: 0.3033932135728543
width: 0.02418379685610641
height: 0.030795551753635585
Area: 0.00029847600244895135
CentroidX: 0.1557
CentroidY: 0.3226
