Location: internet_19.png_Gaussian-Closing.png
Component: component_1755084039792_334.png
centerX: 0.5405078597339782
centerY: 0.7102936983176504
width: 0.0237807335751713
height: 0.030795551753635585
Area: 0.00030054476180362255
CentroidX: 0.5494
CentroidY: 0.7295
