Location: internet_19.png_Mean-Medain.png
Component: component_1755084039503_90.png
centerX: 0.490528012898025
centerY: 0.14456800684345594
width: 0.022168480451430876
height: 0.03450242372398061
Area: 0.000265375852774212
CentroidX: 0.4988
CentroidY: 0.1665
