Location: internet_19.png_Mean-Medain.png
Component: component_1755084039554_374.png
centerX: 0.2740830310358726
centerY: 0.7157114342743085
width: 0.02539298669891173
height: 0.03165098374679213
Area: 0.0003189337338451444
CentroidX: 0.2847
CentroidY: 0.7357
