Location: internet_19.png_Otsu.png
Component: component_1755084039334_764.png
centerX: 0.1003627569528416
centerY: 0.30681494154548045
width: 0.02539298669891173
height: 0.03022526375819789
Area: 0.00026215778266694574
CentroidX: 0.1110
CentroidY: 0.3258
