Location: internet_19.png_Gaussian-Median.png
Component: component_1755084039655_303.png
centerX: 0.6569931479242241
centerY: 0.4975762760193898
width: 0.027005239822652155
height: 0.03279155973766752
Area: 0.0003206576999740371
CentroidX: 0.6680
CentroidY: 0.5180
