Location: internet_19.png_Gaussian-Closing.png
Component: component_1755084039742_111.png
centerX: 0.750906892382104
centerY: 0.19019104647847163
width: 0.0237807335751713
height: 0.02737382378100941
Area: 0.00019388872396279588
CentroidX: 0.7609
CentroidY: 0.2082
