Location: internet_19.png_Mean-Medain.png
Component: component_1755084039495_32.png
centerX: 0.5324465941152761
centerY: 0.05360707157114343
width: 0.022168480451430876
height: 0.02737382378100941
Area: 0.0002458375699800951
CentroidX: 0.5418
CentroidY: 0.0713
