Location: internet_19.png_Gaussian-Median.png
Component: component_1755084039636_206.png
centerX: 0.012898024989923419
centerY: 0.26119190191046476
width: 0.022168480451430876
height: 0.029369831765041345
Area: 0.00020066965740310708
CentroidX: 0.0220
CentroidY: 0.2790
