Location: internet_19.png_Mean-Medain.png
Component: component_1755084039551_360.png
centerX: 0.9189842805320435
centerY: 0.7003136583974907
width: 0.02781136638452237
height: 0.033932135728542916
Area: 0.0003499651241652125
CentroidX: 0.9306
CentroidY: 0.7213
