Location: internet_19.png_Gaussian-Closing.png
Component: component_1755084039771_260.png
centerX: 0.7505038291011689
centerY: 0.5526090675791274
width: 0.028617492946392584
height: 0.03051040775591674
Area: 0.00033054177244635504
CentroidX: 0.7620
CentroidY: 0.5714
