Location: Samociqulo_1709_page_10.png_Gaussian-Median.png
Component: component_1755610056297_3235.png
centerX: 0.43194103194103195
centerY: 0.8028125
width: 0.013759213759213759
height: 0.0134375
Area: 0.00010641891891891891
CentroidX: 0.4375
CentroidY: 0.8101
