Location: internet_19.png_Gaussian-Median.png
Component: component_1755084039619_72.png
centerX: 0.5348649738008867
centerY: 0.09865982321072142
width: 0.02781136638452237
height: 0.03307670373538637
Area: 0.00026043381653805307
CentroidX: 0.5455
CentroidY: 0.1203
