Location: internet_19.png_Otsu.png
Component: component_1755084039291_355.png
centerX: 0.33978234582829503
centerY: 0.14913031080695752
width: 0.024989923417976623
height: 0.03364699173082407
Area: 0.00015826009063234732
CentroidX: 0.3497
CentroidY: 0.1711
