Location: internet_19.png_Otsu.png
Component: component_1755084039383_814.png
centerX: 0.9435711406690851
centerY: 0.4299971485600228
width: 0.024989923417976623
height: 0.0290846877673225
Area: 0.0002960624498685016
CentroidX: 0.9540
CentroidY: 0.4479
