Location: internet_19.png_Gaussian-Closing.png
Component: component_1755084039736_69.png
centerX: 0.3317210802095929
centerY: 0.1020815511833476
width: 0.027005239822652155
height: 0.03222127174222983
Area: 0.0002576754707318248
CentroidX: 0.3425
CentroidY: 0.1232
