Location: internet_19.png_Gaussian-Median.png
Component: component_1755084039633_194.png
centerX: 0.7359935509875051
centerY: 0.24322783005417736
width: 0.023377670294236194
height: 0.02566295979469632
Area: 0.00023756253256141025
CentroidX: 0.7446
CentroidY: 0.2592
