Location: internet_19.png_Gaussian-Closing.png
Component: component_1755084039754_168.png
centerX: 0.014913341394598953
centerY: 0.307670373538637
width: 0.02418379685610641
height: 0.03051040775591674
Area: 0.00028847699890137386
CentroidX: 0.0238
CentroidY: 0.3267
