Location: internet_19.png_Otsu.png
Component: component_1755084039281_57.png
centerX: 0.9363160016122531
centerY: 0.0504704875962361
width: 0.023377670294236194
height: 0.0290846877673225
Area: 0.00015963926353546146
CentroidX: 0.9459
CentroidY: 0.0691
