Location: internet_19.png_Otsu.png
Component: component_1755084039385_821.png
centerX: 0.5598548972188634
centerY: 0.44254348445965214
width: 0.022974607013301087
height: 0.031080695751354435
Area: 0.0003157156637378781
CentroidX: 0.5698
CentroidY: 0.4614
