Location: internet_19.png_Gaussian-Median.png
Component: component_1755084039656_311.png
centerX: 0.18823055219669488
centerY: 0.5078414599372684
width: 0.029423619508262798
height: 0.03051040775591674
Area: 0.0003112333518027571
CentroidX: 0.2007
CentroidY: 0.5268
