Location: internet_19.png_Gaussian-Median.png
Component: component_1755084039612_28.png
centerX: 0.7908101571946796
centerY: 0.04733390362132877
width: 0.025796049979846837
height: 0.02879954376960365
Area: 0.000245147983528538
CentroidX: 0.8024
CentroidY: 0.0660
