Location: internet_19.png_Gaussian-Median.png
Component: component_1755084039675_401.png
centerX: 0.45223700120918986
centerY: 0.7151411462788708
width: 0.02539298669891173
height: 0.02879954376960365
Area: 0.00031410662868424494
CentroidX: 0.4622
CentroidY: 0.7330
