Location: internet_19.png_Gaussian-Median.png
Component: component_1755084039649_278.png
centerX: 0.8077388149939541
centerY: 0.4328485885372113
width: 0.028214429665457477
height: 0.03165098374679213
Area: 0.0003462873297569081
CentroidX: 0.8193
CentroidY: 0.4528
