Location: internet_19.png_Otsu.png
Component: component_1755084039403_862.png
centerX: 0.6698911729141476
centerY: 0.5597376675220986
width: 0.022168480451430876
height: 0.029940119760479042
Area: 0.00029836107137369187
CentroidX: 0.6785
CentroidY: 0.5779
