Location: internet_19.png_Gaussian-Median.png
Component: component_1755084039609_12.png
centerX: 0.7887948407900041
centerY: 0.009124607927003137
width: 0.027005239822652155
height: 0.02594810379241517
Area: 0.00023353994492732736
CentroidX: 0.7992
CentroidY: 0.0253
