Location: internet_19.png_Gaussian-Closing.png
Component: component_1755084039741_110.png
centerX: 0.8016928657799275
centerY: 0.18962075848303392
width: 0.022974607013301087
height: 0.027944111776447105
Area: 0.00018285534073788278
CentroidX: 0.8106
CentroidY: 0.2081
