Location: Kurtxevani_1794_page_10.png_Mean-Medain.png
Component: component_1755610054812_813.png
centerX: 0.36002337814143776
centerY: 0.20493609519612163
width: 0.012857977790765635
height: 0.0123402379903041
Area: 9.63356643644847e-05
CentroidX: 0.3662
CentroidY: 0.2116
