Location: internet_19.png_Gaussian-Median.png
Component: component_1755084039612_23.png
centerX: 0.020556227327690448
centerY: 0.011976047904191617
width: 0.028617492946392584
height: 0.033361847733105215
Area: 0.00037674406470067866
CentroidX: 0.0319
CentroidY: 0.0328
