Location: internet_19.png_Gaussian-Closing.png
Component: component_1755084039737_76.png
centerX: 0.014510278113663845
centerY: 0.11206159110350727
width: 0.027408303103587262
height: 0.03136583974907328
Area: 0.00027514499417127054
CentroidX: 0.0256
CentroidY: 0.1315
