Location: internet_19.png_Mean-Medain.png
Component: component_1755084039515_185.png
centerX: 0.8645707376058042
centerY: 0.2825777017393784
width: 0.030229746070133012
height: 0.029654975762760195
Area: 0.0003358286019082926
CentroidX: 0.8762
CentroidY: 0.3014
