Location: internet_19.png_Gaussian-Median.png
Component: component_1755084039647_264.png
centerX: 0.5227730753728336
centerY: 0.392072996863416
width: 0.030229746070133012
height: 0.0290846877673225
Area: 0.0003252549429844175
CentroidX: 0.5349
CentroidY: 0.4102
