Location: internet_19.png_Gaussian-Median.png
Component: component_1755084039617_67.png
centerX: 0.6839983877468763
centerY: 0.09523809523809523
width: 0.022168480451430876
height: 0.03165098374679213
Area: 0.00021124331632698212
CentroidX: 0.6936
CentroidY: 0.1161
