Location: internet_19.png_Otsu.png
Component: component_1755084039397_844.png
centerX: 0.5574365175332527
centerY: 0.5038494439692045
width: 0.025796049979846837
height: 0.031936127744510975
Area: 0.0003108885585769786
CentroidX: 0.5676
CentroidY: 0.5244
