Location: internet_19.png_Gaussian-Closing.png
Component: component_1755084039739_94.png
centerX: 0.44135429262394194
centerY: 0.14798973481608213
width: 0.02257154373236598
height: 0.03136583974907328
Area: 0.00020653114224134216
CentroidX: 0.4506
CentroidY: 0.1685
