Location: internet_19.png_Mean-Medain.png
Component: component_1755084039517_198.png
centerX: 0.2365981459089077
centerY: 0.3016823495865412
width: 0.026199113260781944
height: 0.032506415739948676
Area: 0.00031916359599566343
CentroidX: 0.2464
CentroidY: 0.3214
