Location: internet_19.png_Gaussian-Closing.png
Component: component_1755084039737_84.png
centerX: 0.9528415961305925
centerY: 0.13401767892785857
width: 0.023377670294236194
height: 0.031080695751354435
Area: 0.00022365587245500937
CentroidX: 0.9619
CentroidY: 0.1541
