Location: internet_19.png_Otsu.png
Component: component_1755084039300_662.png
centerX: 0.841193067311568
centerY: 0.23809523809523808
width: 0.029423619508262798
height: 0.030795551753635585
Area: 0.0002480212604100258
CentroidX: 0.8531
CentroidY: 0.2573
