Location: internet_19.png_Otsu.png
Component: component_1755084039434_930.png
centerX: 0.8827085852478839
centerY: 0.7045908183632734
width: 0.022168480451430876
height: 0.028514399771884802
Area: 0.0002610084719143506
CentroidX: 0.8914
CentroidY: 0.7227
