Location: internet_19.png_Gaussian-Median.png
Component: component_1755084039613_29.png
centerX: 0.7359935509875051
centerY: 0.04790419161676647
width: 0.025796049979846837
height: 0.03051040775591674
Area: 0.00027043282008563056
CentroidX: 0.7477
CentroidY: 0.0668
