Location: internet_19.png_Otsu.png
Component: component_1755084039396_839.png
centerX: 0.7089883111648528
centerY: 0.49500998003992014
width: 0.026602176541717048
height: 0.03222127174222983
Area: 0.0003036479008356294
CentroidX: 0.7192
CentroidY: 0.5156
