Location: internet_19.png_Gaussian-Closing.png
Component: component_1755084039795_345.png
centerX: 0.0592503022974607
centerY: 0.7188480182492158
width: 0.023377670294236194
height: 0.029940119760479042
Area: 0.00030939445459860496
CentroidX: 0.0688
CentroidY: 0.7374
