Location: internet_19.png_Mean-Medain.png
Component: component_1755084039499_52.png
centerX: 0.5860540104796453
centerY: 0.09865982321072142
width: 0.02418379685610641
height: 0.029940119760479042
Area: 0.0002629623001937623
CentroidX: 0.5962
CentroidY: 0.1177
