Location: internet_19.png_Gaussian-Median.png
Component: component_1755084039622_109.png
centerX: 0.7988714228133817
centerY: 0.14086113487311092
width: 0.0237807335751713
height: 0.03136583974907328
Area: 0.0002297472194437635
CentroidX: 0.8088
CentroidY: 0.1614
