Location: internet_19.png_Otsu.png
Component: component_1755084039281_56.png
centerX: 0.890769850866586
centerY: 0.0499001996007984
width: 0.022168480451430876
height: 0.029369831765041345
Area: 0.0001458475345043201
CentroidX: 0.8998
CentroidY: 0.0693
