Location: internet_19.png_Otsu.png
Component: component_1755084039426_909.png
centerX: 0.501813784764208
centerY: 0.6635300826917594
width: 0.028214429665457477
height: 0.03136583974907328
Area: 0.00027514499417127054
CentroidX: 0.5129
CentroidY: 0.6835
