Location: internet_19.png_Gaussian-Closing.png
Component: component_1755084039779_293.png
centerX: 0.279322853688029
centerY: 0.6176218990590248
width: 0.026199113260781944
height: 0.03136583974907328
Area: 0.0003097392478243835
CentroidX: 0.2906
CentroidY: 0.6367
