Location: internet_19.png_Gaussian-Median.png
Component: component_1755084039648_273.png
centerX: 0.05401047964530431
centerY: 0.40804106073567153
width: 0.024989923417976623
height: 0.029940119760479042
Area: 0.0003050270737387435
CentroidX: 0.0639
CentroidY: 0.4267
