Location: internet_19.png_Gaussian-Closing.png
Component: component_1755084039754_172.png
centerX: 0.916968964127368
centerY: 0.3279155973766752
width: 0.027005239822652155
height: 0.027944111776447105
Area: 0.00029479820804064697
CentroidX: 0.9274
CentroidY: 0.3453
