Location: Kurtxevani_1764_page_10.png_Otsu.png
Component: component_1755610055851_727.png
centerX: 0.6122977346278318
centerY: 0.22825070159027128
width: 0.011650485436893204
height: 0.01637043966323667
Area: 9.384810532784776e-05
CentroidX: 0.6172
CentroidY: 0.2370
