Location: internet_19.png_Mean-Medain.png
Component: component_1755084039536_287.png
centerX: 0.13945989520354696
centerY: 0.5106928999144568
width: 0.028617492946392584
height: 0.029940119760479042
Area: 0.000335024084381476
CentroidX: 0.1512
CentroidY: 0.5297
