Location: internet_19.png_Otsu.png
Component: component_1755084039298_543.png
centerX: 0.28657799274486095
centerY: 0.2018819503849444
width: 0.020959290608625555
height: 0.03051040775591674
Area: 0.00012171200869982267
CentroidX: 0.2939
CentroidY: 0.2220
