Location: internet_19.png_Mean-Medain.png
Component: component_1755084039535_282.png
centerX: 0.2365981459089077
centerY: 0.5058454519532364
width: 0.02781136638452237
height: 0.03165098374679213
Area: 0.0003406557070691921
CentroidX: 0.2477
CentroidY: 0.5255
