Location: internet_19.png_Gaussian-Closing.png
Component: component_1755084039772_266.png
centerX: 0.49979846835953246
centerY: 0.5623039635015683
width: 0.024586860137041516
height: 0.03165098374679213
Area: 0.00032215180395241073
CentroidX: 0.5099
CentroidY: 0.5815
