Location: internet_19.png_Otsu.png
Component: component_1755084039390_827.png
centerX: 0.3260781942765014
centerY: 0.45109780439121755
width: 0.023377670294236194
height: 0.030795551753635585
Area: 0.00028847699890137386
CentroidX: 0.3350
CentroidY: 0.4700
