Location: internet_19.png_Gaussian-Closing.png
Component: component_1755084039740_102.png
centerX: 0.1003627569528416
centerY: 0.15511833475905332
width: 0.026602176541717048
height: 0.03279155973766752
Area: 0.00022698887363753522
CentroidX: 0.1103
CentroidY: 0.1757
