Location: internet_19.png_Gaussian-Median.png
Component: component_1755084039672_386.png
centerX: 0.05642885933091495
centerY: 0.6723695466210436
width: 0.025796049979846837
height: 0.029940119760479042
Area: 0.0003030732454593318
CentroidX: 0.0664
CentroidY: 0.6911
