Location: internet_19.png_Mean-Medain.png
Component: component_1755084039513_177.png
centerX: 0.2430471584038694
centerY: 0.2554890219560878
width: 0.022168480451430876
height: 0.027944111776447105
Area: 0.00015469722729930248
CentroidX: 0.2515
CentroidY: 0.2726
