Location: Kurtxevani_1794_page_10.png_Mean-Medain.png
Component: component_1755610055074_2331.png
centerX: 0.8614845119812975
centerY: 0.7395328338475099
width: 0.015195791934541203
height: 0.022036139268400177
Area: 0.00017438300741913406
CentroidX: 0.8683
CentroidY: 0.7517
