Location: internet_19.png_Gaussian-Closing.png
Component: component_1755084039741_108.png
centerX: 0.9467956469165659
centerY: 0.1853435985172512
width: 0.02418379685610641
height: 0.028514399771884802
Area: 0.00018170602998528767
CentroidX: 0.9563
CentroidY: 0.2039
