Location: internet_19.png_Gaussian-Closing.png
Component: component_1755084039753_163.png
centerX: 0.2365981459089077
centerY: 0.30196749358426006
width: 0.026199113260781944
height: 0.03222127174222983
Area: 0.0003059465223408196
CentroidX: 0.2465
CentroidY: 0.3215
