Location: internet_19.png_Mean-Medain.png
Component: component_1755084039542_319.png
centerX: 0.7226924627166466
centerY: 0.6093527231251782
width: 0.027005239822652155
height: 0.03507271171941831
Area: 0.00036950340695932944
CentroidX: 0.7334
CentroidY: 0.6310
