Location: internet_19.png_Gaussian-Median.png
Component: component_1755084039647_265.png
centerX: 0.37646110439338976
centerY: 0.3946392928428857
width: 0.026199113260781944
height: 0.031080695751354435
Area: 0.0003129573179316498
CentroidX: 0.3871
CentroidY: 0.4143
