Location: internet_19.png_Gaussian-Closing.png
Component: component_1755084039740_100.png
centerX: 0.19830713422007254
centerY: 0.15226689478186484
width: 0.025796049979846837
height: 0.031936127744510975
Area: 0.0002410104648191956
CentroidX: 0.2076
CentroidY: 0.1728
