Location: internet_19.png_Gaussian-Median.png
Component: component_1755084039625_129.png
centerX: 0.14953647722692462
centerY: 0.15568862275449102
width: 0.02539298669891173
height: 0.029940119760479042
Area: 0.00021756452546625526
CentroidX: 0.1590
CentroidY: 0.1753
