Location: internet_19.png_Otsu.png
Component: component_1755084039382_813.png
centerX: 0.8960096735187424
centerY: 0.42971200456230396
width: 0.026602176541717048
height: 0.031080695751354435
Area: 0.0003149111462110615
CentroidX: 0.9070
CentroidY: 0.4496
