Location: internet_19.png_Gaussian-Median.png
Component: component_1755084039629_166.png
centerX: 0.5888754534461911
centerY: 0.19446820644425436
width: 0.022168480451430876
height: 0.03051040775591674
Area: 0.00023549377320673906
CentroidX: 0.5977
CentroidY: 0.2143
