Location: Samociqulo_1709_page_10.png_Gaussian-Median.png
Component: component_1755610056256_2556.png
centerX: 0.5474201474201474
centerY: 0.618125
width: 0.01425061425061425
height: 0.01375
Area: 9.674447174447174e-05
CentroidX: 0.5533
CentroidY: 0.6256
