Location: internet_19.png_Otsu.png
Component: component_1755084039299_568.png
centerX: 0.10197501007658202
centerY: 0.20701454234388367
width: 0.0237807335751713
height: 0.03279155973766752
Area: 0.00012366583697923436
CentroidX: 0.1108
CentroidY: 0.2281
