Location: internet_19.png_Mean-Medain.png
Component: component_1755084039494_29.png
centerX: 0.5796049979846836
centerY: 0.05189620758483034
width: 0.022168480451430876
height: 0.02765896777872826
Area: 0.0002559515046029321
CentroidX: 0.5886
CentroidY: 0.0691
