Location: internet_19.png_Otsu.png
Component: component_1755084039282_68.png
centerX: 0.38653768641676745
centerY: 0.05531793555745652
width: 0.022168480451430876
height: 0.02594810379241517
Area: 0.0001489506735363269
CentroidX: 0.3950
CentroidY: 0.0721
