Location: internet_19.png_Otsu.png
Component: component_1755084039278_13.png
centerX: 0.8931882305521966
centerY: 0.010550327915597377
width: 0.021362353889560662
height: 0.025377815796977475
Area: 0.0001619378850406517
CentroidX: 0.9026
CentroidY: 0.0279
