Location: internet_19.png_Gaussian-Median.png
Component: component_1755084039619_73.png
centerX: 0.48125755743651755
centerY: 0.09951525520387795
width: 0.024586860137041516
height: 0.03136583974907328
Area: 0.00022560970073442105
CentroidX: 0.4916
CentroidY: 0.1205
