Location: Kurtxevani_1794_page_10.png_Mean-Medain.png
Component: component_1755610054934_1413.png
centerX: 0.15955581531268265
centerY: 0.4067871308946673
width: 0.012857977790765635
height: 0.013221683561040106
Area: 0.0001043207060631452
CentroidX: 0.1655
CentroidY: 0.4138
