Location: internet_19.png_Gaussian-Closing.png
Component: component_1755084039732_43.png
centerX: 0.1422813381700927
centerY: 0.06187624750499002
width: 0.027005239822652155
height: 0.027088679783290562
Area: 0.00022514997643338302
CentroidX: 0.1536
CentroidY: 0.0797
