Location: Kurtxevani_1794_page_10.png_Mean-Medain.png
Component: component_1755610055022_1827.png
centerX: 0.3571011104617183
centerY: 0.5486998677831644
width: 0.01636469900642899
height: 0.021595416483032173
Area: 0.00016330698183712113
CentroidX: 0.3639
CentroidY: 0.5603
