Location: Document_2025-04-19_204755-1.png_Mean-Closing.png
Component: component_1745102850296_129.png
centerX: 0.29034157832744406
centerY: 0.24946512623020967
width: 0.028857479387514724
height: 0.026957637997432605
Area: 0.0004032028417736288
CentroidX: 0.3038
CentroidY: 0.2619
