Location: easy21_Mean-Medain.png
Component: component_1744297380928_789.png
centerX: 0.9459677419354838
centerY: 0.6087164750957854
width: 0.016129032258064516
height: 0.01532567049808429
Area: 0.0001181868743047831
CentroidX: 0.9531
CentroidY: 0.6151
