Location: 2025-04-19_204725-1.png_Otsu.png
Component: component_1745102850133_245.png
centerX: 0.04240282685512368
centerY: 0.32349165596919127
width: 0.026501766784452298
height: 0.028241335044929396
Area: 0.0002812339821371061
CentroidX: 0.0534
CentroidY: 0.3362
