Location: Document_2025-04-19_204755-1.png_Gaussian-Median.png
Component: component_1745102850419_144.png
centerX: 0.04946996466431095
centerY: 0.2943945228925973
width: 0.023557126030624265
height: 0.02781343602909713
Area: 0.0003301223267021586
CentroidX: 0.0598
CentroidY: 0.3073
