Location: Document_2025-04-19_204755-1.png_Gaussian-Median.png
Component: component_1745102850394_18.png
centerX: 0.5453474676089517
centerY: 0.025673940949935817
width: 0.025323910482921083
height: 0.02781343602909713
Area: 0.00033768237998541413
CentroidX: 0.5566
CentroidY: 0.0383
