Location: Document_2025-04-19_204755-1.png_Gaussian-Median.png
Component: component_1745102850413_118.png
centerX: 0.5394581861012956
centerY: 0.2468977321352161
width: 0.028268551236749116
height: 0.02738553701326487
Area: 0.0003762386517300174
CentroidX: 0.5520
CentroidY: 0.2597
