Location: 2025-04-19_204725-1.png_Otsu.png
Component: component_1745102850203_546.png
centerX: 0.4098939929328622
centerY: 0.7210098416773641
width: 0.02767962308598351
height: 0.02738553701326487
Area: 0.00030668616152406644
CentroidX: 0.4229
CentroidY: 0.7342
