Location: 2025-04-19_204725-1.png_Otsu.png
Component: component_1745102850183_422.png
centerX: 0.9063604240282686
centerY: 0.5750962772785623
width: 0.025323910482921083
height: 0.026529738981600343
Area: 0.00029585008515140015
CentroidX: 0.9188
CentroidY: 0.5863
