Location: Document_2025-04-19_204755-1.png_Gaussian-Median.png
Component: component_1745102850413_121.png
centerX: 0.33568904593639576
centerY: 0.24775353016688062
width: 0.027090694935217905
height: 0.025673940949935817
Area: 0.0003860667209982496
CentroidX: 0.3480
CentroidY: 0.2602
