Location: Document_2025-04-19_204755-1.png_Mean-Closing.png
Component: component_1745102850272_16.png
centerX: 0.14075382803297998
centerY: 0.02011125374411639
width: 0.023557126030624265
height: 0.029525032092426188
Area: 0.00035028246879084
CentroidX: 0.1506
CentroidY: 0.0342
