Location: 2025-04-19_204725-1.png_Otsu.png
Component: component_1745102850081_58.png
centerX: 0.6201413427561837
centerY: 0.09114249037227215
width: 0.028268551236749116
height: 0.02610183996576808
Area: 0.00030971018283736866
CentroidX: 0.6331
CentroidY: 0.1031
