Location: 2025-04-19_204725-1.png_Otsu.png
Component: component_1745102850211_591.png
centerX: 0.22850412249705537
centerY: 0.7659392383397519
width: 0.02591283863368669
height: 0.02738553701326487
Area: 0.0003238222822994456
CentroidX: 0.2405
CentroidY: 0.7788
