Location: easy16_Gaussian-Median.png
Component: component_1744297381873_983.png
centerX: 0.2435483870967742
centerY: 0.689176245210728
width: 0.01532258064516129
height: 0.014367816091954023
Area: 0.00010814485230503028
CentroidX: 0.2499
CentroidY: 0.6956
