Location: easy16_Gaussian-Median.png
Component: component_1744297381689_248.png
centerX: 0.6766129032258065
centerY: 0.1781609195402299
width: 0.016129032258064516
height: 0.014846743295019157
Area: 0.00012089049561240885
CentroidX: 0.6831
CentroidY: 0.1844
