Location: 2025-04-19_204725-1.png_Otsu.png
Component: component_1745102850083_67.png
centerX: 0.4381625441696113
centerY: 0.09841677364142062
width: 0.028268551236749116
height: 0.02738553701326487
Area: 0.0003109701917179112
CentroidX: 0.4502
CentroidY: 0.1108
