Location: 2025-04-19_204725-1.png_Otsu.png
Component: component_1745102850229_667.png
centerX: 0.45936395759717313
centerY: 0.8887462558836114
width: 0.030624263839811542
height: 0.026529738981600343
Area: 0.0003452424332686697
CentroidX: 0.4726
CentroidY: 0.9009
