Location: Document_2025-04-19_204755-1.png_Gaussian-Median.png
Component: component_1745102850403_65.png
centerX: 0.8663133097762074
centerY: 0.11296534017971759
width: 0.02237926972909305
height: 0.028241335044929396
Area: 0.00018774132320084592
CentroidX: 0.8735
CentroidY: 0.1234
