Location: Document_2025-04-19_204755-1.png_Otsu.png
Component: component_1745102850345_122.png
centerX: 0.4929328621908127
centerY: 0.15532734274711169
width: 0.022968197879858657
height: 0.025246041934103552
Area: 0.0002419217050641773
CentroidX: 0.5036
CentroidY: 0.1666
