Location: 2025-04-19_204725-1.png_Otsu.png
Component: component_1745102850147_287.png
centerX: 0.565959952885748
centerY: 0.4056482670089859
width: 0.025323910482921083
height: 0.025673940949935817
Area: 0.000294338074494749
CentroidX: 0.5772
CentroidY: 0.4175
