Location: 2025-04-19_204725-1.png_Otsu.png
Component: component_1745102850243_729.png
centerX: 0.8074204946996466
centerY: 0.9803166452717159
width: 0.026501766784452298
height: 0.019255455712451863
Area: 0.00026334185603340133
CentroidX: 0.8191
CentroidY: 0.9902
