Location: Document_2025-04-19_204755-1.png_Gaussian-Median.png
Component: component_1745102850391_5.png
centerX: 0.18374558303886926
centerY: 0.018827556696619598
width: 0.028857479387514724
height: 0.03209242618741977
Area: 0.00037397063574504076
CentroidX: 0.1968
CentroidY: 0.0340
