Location: Document_2025-04-19_204755-1.png_Otsu.png
Component: component_1745102850340_75.png
centerX: 0.5300353356890459
centerY: 0.11125374411638853
width: 0.030624263839811542
height: 0.025673940949935817
Area: 0.0002882900318681446
CentroidX: 0.5440
CentroidY: 0.1229
