Location: 2025-04-19_204725-1.png_Otsu.png
Component: component_1745102850176_378.png
centerX: 0.28857479387514723
centerY: 0.5344458707744972
width: 0.02591283863368669
height: 0.02781343602909713
Area: 0.0002892980389725787
CentroidX: 0.3003
CentroidY: 0.5466
