Location: 2025-04-19_204725-1.png_Otsu.png
Component: component_1745102850213_597.png
centerX: 0.8833922261484098
centerY: 0.7689345314505777
width: 0.02120141342756184
height: 0.024390243902439025
Area: 0.00018244928590256703
CentroidX: 0.8905
CentroidY: 0.7785
