Location: 2025-04-19_204725-1.png_Otsu.png
Component: component_1745102850068_15.png
centerX: 0.7873969375736161
centerY: 0.014976465554129225
width: 0.028268551236749116
height: 0.028241335044929396
Area: 0.0003611185451635063
CentroidX: 0.8001
CentroidY: 0.0283
