Location: 2025-04-19_204725-1.png_Otsu.png
Component: component_1745102850136_265.png
centerX: 0.32567726737338043
centerY: 0.3641420624732563
width: 0.02591283863368669
height: 0.025673940949935817
Area: 0.00017413322729098595
CentroidX: 0.3345
CentroidY: 0.3737
