Location: Document_2025-04-19_204755-1.png_Mean-Closing.png
Component: component_1745102850282_58.png
centerX: 0.34334511189634864
centerY: 0.10440735986307231
width: 0.024734982332155476
height: 0.02738553701326487
Area: 0.0003187822467772753
CentroidX: 0.3545
CentroidY: 0.1166
