Location: 2025-04-19_204725-1.png_Otsu.png
Component: component_1745102850172_363.png
centerX: 0.6519434628975265
centerY: 0.5297389816003423
width: 0.024146054181389872
height: 0.02738553701326487
Area: 0.0002913140531814468
CentroidX: 0.6628
CentroidY: 0.5427
