Location: Document_2025-04-19_204755-1.png_Mean-Closing.png
Component: component_1745102850286_80.png
centerX: 0.5842167255594818
centerY: 0.15447154471544716
width: 0.028268551236749116
height: 0.025673940949935817
Area: 0.0003396983941942823
CentroidX: 0.5974
CentroidY: 0.1668
