Location: 2025-04-19_204725-1.png_Otsu.png
Component: component_1745102850225_646.png
centerX: 0.1684334511189635
centerY: 0.8480958493795464
width: 0.027090694935217905
height: 0.02738553701326487
Area: 0.00032684630361274784
CentroidX: 0.1804
CentroidY: 0.8595
