Location: 2025-04-19_204725-1.png_Otsu.png
Component: component_1745102850212_596.png
centerX: 0.14487632508833923
centerY: 0.7689345314505777
width: 0.028857479387514724
height: 0.02781343602909713
Area: 0.00032004225565781787
CentroidX: 0.1578
CentroidY: 0.7813
