Location: Document_2025-04-19_204755-1.png_Otsu.png
Component: component_1745102850344_119.png
centerX: 0.5842167255594818
centerY: 0.15447154471544716
width: 0.023557126030624265
height: 0.02610183996576808
Area: 0.00014313700882963824
CentroidX: 0.5917
CentroidY: 0.1644
