Location: easy26_Mean-Closing.png
Component: component_1744297382202_1144.png
centerX: 0.45645161290322583
centerY: 0.8611111111111112
width: 0.016129032258064516
height: 0.014846743295019157
Area: 0.00011277963168953157
CentroidX: 0.4636
CentroidY: 0.8678
