Location: 2025-04-19_204725-1.png_Otsu.png
Component: component_1745102850242_723.png
centerX: 0.483510011778563
centerY: 0.9781771501925546
width: 0.027090694935217905
height: 0.02139495079161318
Area: 0.00029307806561420645
CentroidX: 0.4960
CentroidY: 0.9881
