Location: 2025-04-19_204725-1.png_Otsu.png
Component: component_1745102850102_119.png
centerX: 0.4711425206124853
centerY: 0.18142918271287975
width: 0.025323910482921083
height: 0.026957637997432605
Area: 0.0002646018649139439
CentroidX: 0.4828
CentroidY: 0.1935
