Location: 2025-04-19_204725-1.png_Otsu.png
Component: component_1745102850240_715.png
centerX: 0.143698468786808
centerY: 0.9738981600342319
width: 0.026501766784452298
height: 0.025673940949935817
Area: 0.00034045439952260783
CentroidX: 0.1561
CentroidY: 0.9852
