Location: Document_2025-04-19_204755-1.png_Otsu.png
Component: component_1745102850356_262.png
centerX: 0.09363957597173145
centerY: 0.25288831835686776
width: 0.026501766784452298
height: 0.025673940949935817
Area: 0.0003119781988223453
CentroidX: 0.1062
CentroidY: 0.2649
