Location: easy26_Mean-Closing.png
Component: component_1744297382168_981.png
centerX: 0.6314516129032258
centerY: 0.7705938697318008
width: 0.016129032258064516
height: 0.014846743295019157
Area: 0.0001185731059201582
CentroidX: 0.6382
CentroidY: 0.7772
