Location: 2025-04-19_204725-1.png_Otsu.png
Component: component_1745102850090_84.png
centerX: 0.6843345111896348
centerY: 0.1326486949080017
width: 0.028857479387514724
height: 0.028241335044929396
Area: 0.0003132382077028879
CentroidX: 0.6971
CentroidY: 0.1463
