Location: 2025-04-19_204725-1.png_Otsu.png
Component: component_1745102850120_200.png
centerX: 0.4193168433451119
centerY: 0.27428326914848095
width: 0.024734982332155476
height: 0.028241335044929396
Area: 0.00016329715091831966
CentroidX: 0.4275
CentroidY: 0.2850
