Location: 2025-04-19_204725-1.png_Otsu.png
Component: component_1745102850116_191.png
centerX: 0.8898704358068316
centerY: 0.2601626016260163
width: 0.021790341578327443
height: 0.023106546854942234
Area: 0.00015195707099343637
CentroidX: 0.8968
CentroidY: 0.2681
