Location: 2025-04-19_204725-1.png_Otsu.png
Component: component_1745102850136_268.png
centerX: 0.8686690223792697
centerY: 0.363714163457424
width: 0.030624263839811542
height: 0.026957637997432605
Area: 0.0003301223267021586
CentroidX: 0.8840
CentroidY: 0.3755
