Location: Document_2025-04-19_204755-1.png_Otsu.png
Component: component_1745102850332_14.png
centerX: 0.09128386336866902
centerY: 0.022250748823277707
width: 0.028857479387514724
height: 0.02866923406076166
Area: 0.000349778465238623
CentroidX: 0.1039
CentroidY: 0.0357
