Location: Document_2025-04-19_204755-1.png_Mean-Closing.png
Component: component_1745102850287_83.png
centerX: 0.4923439340400471
centerY: 0.15489944373127942
width: 0.023557126030624265
height: 0.026529738981600343
Area: 0.0003205462592100349
CentroidX: 0.5030
CentroidY: 0.1669
