Location: Document_2025-04-19_204755-1.png_Otsu.png
Component: component_1745102850336_40.png
centerX: 0.36454652532391046
centerY: 0.0658964484381686
width: 0.026501766784452298
height: 0.026529738981600343
Area: 0.0002918180567336639
CentroidX: 0.3773
CentroidY: 0.0781
