Location: easy16_Gaussian-Median.png
Component: component_1744297381797_569.png
centerX: 0.2991935483870968
centerY: 0.3817049808429119
width: 0.01532258064516129
height: 0.014846743295019157
Area: 0.00011084847361265603
CentroidX: 0.3054
CentroidY: 0.3880
