Location: Document_2025-04-19_204755-1.png_Mean-Closing.png
Component: component_1745102850289_98.png
centerX: 0.6507656065959952
centerY: 0.19469405220367994
width: 0.027090694935217905
height: 0.026529738981600343
Area: 0.0003510384741191656
CentroidX: 0.6639
CentroidY: 0.2057
