Location: easy21_Mean-Medain.png
Component: component_1744297381149_1196.png
centerX: 0.4588709677419355
centerY: 0.8831417624521073
width: 0.018548387096774192
height: 0.01532567049808429
Area: 0.00013402237053516253
CentroidX: 0.4681
CentroidY: 0.8897
