Location: Document_2025-04-19_204755-1.png_Gaussian-Median.png
Component: component_1745102850408_94.png
centerX: 0.5005889281507656
centerY: 0.19683354728284125
width: 0.02767962308598351
height: 0.03337612323491656
Area: 0.0004908994598593931
CentroidX: 0.5139
CentroidY: 0.2110
