Location: Document_2025-04-19_204755-1.png_Gaussian-Median.png
Component: component_1745102850410_102.png
centerX: 0.4010600706713781
centerY: 0.19940094137783482
width: 0.030624263839811542
height: 0.03123662815575524
Area: 0.0004672112929051924
CentroidX: 0.4135
CentroidY: 0.2131
