Location: 2025-04-19_204725-1.png_Otsu.png
Component: component_1745102850198_516.png
centerX: 0.23674911660777384
centerY: 0.6833547282841249
width: 0.027090694935217905
height: 0.024818142918271287
Area: 0.0002948420780469661
CentroidX: 0.2496
CentroidY: 0.6943
