Location: Document_2025-04-19_204755-1.png_Mean-Closing.png
Component: component_1745102850304_170.png
centerX: 0.1896348645465253
centerY: 0.33504492939666236
width: 0.02591283863368669
height: 0.025673940949935817
Area: 0.0003187822467772753
CentroidX: 0.2014
CentroidY: 0.3465
