Location: 2025-04-19_204725-1.png_Otsu.png
Component: component_1745102850209_586.png
centerX: 0.07008244994110718
centerY: 0.7655113393239196
width: 0.02591283863368669
height: 0.028241335044929396
Area: 0.0003263423000605308
CentroidX: 0.0816
CentroidY: 0.7793
