Location: 2025-04-19_204725-1.png_Otsu.png
Component: component_1745102850187_455.png
centerX: 0.42638398115429915
centerY: 0.6110397946084724
width: 0.028268551236749116
height: 0.02267864783910997
Area: 0.0002913140531814468
CentroidX: 0.4389
CentroidY: 0.6215
