Location: Document_2025-04-19_204755-1.png_Otsu.png
Component: component_1745102850342_81.png
centerX: 0.8221436984687868
centerY: 0.11339323919554985
width: 0.022968197879858657
height: 0.025673940949935817
Area: 0.0002504897654518669
CentroidX: 0.8325
CentroidY: 0.1250
