Location: 2025-04-19_204725-1.png_Otsu.png
Component: component_1745102850230_671.png
centerX: 0.2479387514723204
centerY: 0.889602053915276
width: 0.03180212014134275
height: 0.026529738981600343
Area: 0.0003339023533437864
CentroidX: 0.2620
CentroidY: 0.9021
