Location: easy16_Gaussian-Median.png
Component: component_1744297381646_47.png
centerX: 0.3709677419354839
centerY: 0.04549808429118774
width: 0.01532258064516129
height: 0.014846743295019157
Area: 0.00011239340007415647
CentroidX: 0.3771
CentroidY: 0.0520
