Location: 2025-04-19_204725-1.png_Otsu.png
Component: component_1745102850174_372.png
centerX: 0.20318021201413428
centerY: 0.5335900727428327
width: 0.021790341578327443
height: 0.02781343602909713
Area: 0.00015901312072447485
CentroidX: 0.2099
CentroidY: 0.5431
