Location: easy21_Mean-Medain.png
Component: component_1744297380841_369.png
centerX: 0.07338709677419354
centerY: 0.3381226053639847
width: 0.016129032258064516
height: 0.014846743295019157
Area: 0.00011934556915090841
CentroidX: 0.0803
CentroidY: 0.3449
