Location: Document_2025-04-19_204755-1.png_Mean-Closing.png
Component: component_1745102850295_124.png
centerX: 0.8292108362779741
centerY: 0.24604193410355157
width: 0.03297997644287397
height: 0.025673940949935817
Area: 0.0003931227707292881
CentroidX: 0.8449
CentroidY: 0.2566
