Location: easy16_Gaussian-Median.png
Component: component_1744297381766_420.png
centerX: 0.6112903225806452
centerY: 0.2907088122605364
width: 0.016129032258064516
height: 0.014846743295019157
Area: 0.00011471078976640712
CentroidX: 0.6177
CentroidY: 0.2974
