Location: 2025-04-19_204725-1.png_Otsu.png
Component: component_1745102850212_595.png
centerX: 0.3421672555948174
centerY: 0.7667950363714163
width: 0.02944640753828033
height: 0.028241335044929396
Area: 0.00035985853628296374
CentroidX: 0.3561
CentroidY: 0.7796
