Location: easy16_Gaussian-Median.png
Component: component_1744297381638_41.png
centerX: 0.7830645161290323
centerY: 0.0421455938697318
width: 0.016129032258064516
height: 0.014846743295019157
Area: 0.00012282165368928438
CentroidX: 0.7898
CentroidY: 0.0488
