Location: Document_2025-04-19_204755-1.png_Otsu.png
Component: component_1745102850355_254.png
centerX: 0.38515901060070673
centerY: 0.2490372272143774
width: 0.02767962308598351
height: 0.029525032092426188
Area: 0.00031248220237456236
CentroidX: 0.3976
CentroidY: 0.2626
