Location: Document_2025-04-19_204755-1.png_Gaussian-Median.png
Component: component_1745102850393_14.png
centerX: 0.45288574793875147
centerY: 0.02267864783910997
width: 0.02944640753828033
height: 0.029097133076593923
Area: 0.00036011053805907225
CentroidX: 0.4663
CentroidY: 0.0360
