Location: 2025-04-19_204725-1.png_Otsu.png
Component: component_1745102850224_642.png
centerX: 0.4081272084805654
centerY: 0.8468121523320497
width: 0.024734982332155476
height: 0.02866923406076166
Area: 0.00033818638353763116
CentroidX: 0.4197
CentroidY: 0.8596
