Location: Document_2025-04-19_204755-1.png_Gaussian-Median.png
Component: component_1745102850407_86.png
centerX: 0.0535924617196702
centerY: 0.15875053487376978
width: 0.028857479387514724
height: 0.02781343602909713
Area: 0.0003480144528058634
CentroidX: 0.0664
CentroidY: 0.1707
