Location: 2025-04-19_204725-1.png_Otsu.png
Component: component_1745102850121_204.png
centerX: 0.27208480565371024
centerY: 0.2819854514334617
width: 0.028268551236749116
height: 0.02396234488660676
Area: 0.0002658618737944865
CentroidX: 0.2849
CentroidY: 0.2927
