Location: 2025-04-19_204725-1.png_Otsu.png
Component: component_1745102850074_35.png
centerX: 0.8992932862190812
centerY: 0.05263157894736842
width: 0.024146054181389872
height: 0.025246041934103552
Area: 0.00032256227341890306
CentroidX: 0.9107
CentroidY: 0.0645
