Location: 2025-04-19_204725-1.png_Otsu.png
Component: component_1745102850142_282.png
centerX: 0.6519434628975265
centerY: 0.40265297389816
width: 0.02237926972909305
height: 0.026957637997432605
Area: 0.00017514123439542
CentroidX: 0.6596
CentroidY: 0.4129
