Location: 2025-04-19_204725-1.png_Otsu.png
Component: component_1745102850080_55.png
centerX: 0.8103651354534747
centerY: 0.08900299529311083
width: 0.027090694935217905
height: 0.02610183996576808
Area: 0.0003132382077028879
CentroidX: 0.8225
CentroidY: 0.1012
