Location: 2025-04-19_204725-1.png_Otsu.png
Component: component_1745102850188_461.png
centerX: 0.212603062426384
centerY: 0.6131792896876337
width: 0.027090694935217905
height: 0.024818142918271287
Area: 0.00017715724860428817
CentroidX: 0.2213
CentroidY: 0.6213
