Location: 2025-04-19_204725-1.png_Otsu.png
Component: component_1745102850097_102.png
centerX: 0.22379269729093051
centerY: 0.14890885750962773
width: 0.028268551236749116
height: 0.024818142918271287
Area: 0.00029887410646470237
CentroidX: 0.2363
CentroidY: 0.1610
