Location: Document_2025-04-19_204755-1.png_Gaussian-Median.png
Component: component_1745102850414_126.png
centerX: 0.18669022379269729
centerY: 0.251604621309371
width: 0.026501766784452298
height: 0.026529738981600343
Area: 0.0003540624954324678
CentroidX: 0.1989
CentroidY: 0.2646
