Location: 2025-04-19_204725-1.png_Otsu.png
Component: component_1745102850215_606.png
centerX: 0.46937573616018846
centerY: 0.8031664527171587
width: 0.024734982332155476
height: 0.023106546854942234
Area: 0.00030845017395682604
CentroidX: 0.4816
CentroidY: 0.8131
