Location: 2025-04-19_204725-1.png_Otsu.png
Component: component_1745102850068_12.png
centerX: 0.7008244994110718
centerY: 0.014120667522464698
width: 0.025323910482921083
height: 0.02866923406076166
Area: 0.0003696866055511959
CentroidX: 0.7121
CentroidY: 0.0272
