Location: easy16_Gaussian-Median.png
Component: component_1744297381690_252.png
centerX: 0.5661290322580645
centerY: 0.17911877394636017
width: 0.01532258064516129
height: 0.014846743295019157
Area: 0.00012089049561240885
CentroidX: 0.5727
CentroidY: 0.1855
