Location: Document_2025-04-19_204755-1.png_Gaussian-Median.png
Component: component_1745102850394_17.png
centerX: 0.9199057714958775
centerY: 0.025246041934103552
width: 0.026501766784452298
height: 0.02738553701326487
Area: 0.0003580945238502041
CentroidX: 0.9316
CentroidY: 0.0375
