Location: easy16_Gaussian-Median.png
Component: component_1744297381669_144.png
centerX: 0.8290322580645161
centerY: 0.1082375478927203
width: 0.016129032258064516
height: 0.01532567049808429
Area: 0.00011664194784328266
CentroidX: 0.8357
CentroidY: 0.1152
