Location: Document_2025-04-19_204755-1.png_Otsu.png
Component: component_1745102850336_45.png
centerX: 0.7385159010600707
centerY: 0.06889174154899444
width: 0.026501766784452298
height: 0.024390243902439025
Area: 0.0002658618737944865
CentroidX: 0.7510
CentroidY: 0.0796
