Location: 2025-04-19_204725-1.png_Otsu.png
Component: component_1745102850192_481.png
centerX: 0.3374558303886926
centerY: 0.6465554129225503
width: 0.028268551236749116
height: 0.026957637997432605
Area: 0.0003291143195977245
CentroidX: 0.3499
CentroidY: 0.6584
