Location: 2025-04-19_204725-1.png_Otsu.png
Component: component_1745102850230_673.png
centerX: 0.3297997644287397
centerY: 0.8891741548994437
width: 0.030035335689045935
height: 0.02995293110825845
Area: 0.00037019060910341295
CentroidX: 0.3442
CentroidY: 0.9024
