Location: Document_2025-04-19_204755-1.png_Mean-Closing.png
Component: component_1745102850288_90.png
centerX: 0.6837455830388692
centerY: 0.157466837826273
width: 0.02591283863368669
height: 0.024390243902439025
Area: 0.00033491036044822043
CentroidX: 0.6955
CentroidY: 0.1684
