Location: 2025-04-19_204725-1.png_Otsu.png
Component: component_1745102850219_622.png
centerX: 0.8845700824499411
centerY: 0.811724433033804
width: 0.021790341578327443
height: 0.025246041934103552
Area: 0.00029282606383809794
CentroidX: 0.8949
CentroidY: 0.8230
