Location: Document_2025-04-19_204755-1.png_Otsu.png
Component: component_1745102850337_51.png
centerX: 0.6472320376914017
centerY: 0.07017543859649122
width: 0.02767962308598351
height: 0.02738553701326487
Area: 0.0002940860727186405
CentroidX: 0.6597
CentroidY: 0.0821
