Location: 2025-04-19_204725-1.png_Otsu.png
Component: component_1745102850240_707.png
centerX: 0.9411071849234394
centerY: 0.9507916131792897
width: 0.030624263839811542
height: 0.02738553701326487
Area: 0.0004069828684152566
CentroidX: 0.9546
CentroidY: 0.9631
