Location: Document_2025-04-19_204755-1.png_Otsu.png
Component: component_1745102850353_238.png
centerX: 0.5936395759717314
centerY: 0.24518613607188702
width: 0.028857479387514724
height: 0.02866923406076166
Area: 0.00028047797680878057
CentroidX: 0.6062
CentroidY: 0.2582
