Location: Document_2025-04-19_204755-1.png_Otsu.png
Component: component_1745102850332_16.png
centerX: 0.45288574793875147
centerY: 0.023106546854942234
width: 0.02944640753828033
height: 0.028241335044929396
Area: 0.0003286103160455075
CentroidX: 0.4661
CentroidY: 0.0359
