Location: Document_2025-04-19_204755-1.png_Gaussian-Median.png
Component: component_1745102850403_62.png
centerX: 0.0983510011778563
centerY: 0.11210954214805306
width: 0.028857479387514724
height: 0.02995293110825845
Area: 0.00033541436400043746
CentroidX: 0.1111
CentroidY: 0.1250
