Location: 2025-04-19_204725-1.png_Otsu.png
Component: component_1745102850198_513.png
centerX: 0.3197879858657244
centerY: 0.6812152332049636
width: 0.027090694935217905
height: 0.02738553701326487
Area: 0.0003263423000605308
CentroidX: 0.3325
CentroidY: 0.6928
