Location: 2025-04-19_204725-1.png_Otsu.png
Component: component_1745102850231_678.png
centerX: 0.7532391048292109
centerY: 0.8908857509627728
width: 0.030035335689045935
height: 0.026529738981600343
Area: 0.00036489857180513406
CentroidX: 0.7660
CentroidY: 0.9033
