Location: Document_2025-04-19_204755-1.png_Gaussian-Median.png
Component: component_1745102850402_58.png
centerX: 0.19316843345111898
centerY: 0.11125374411638853
width: 0.02944640753828033
height: 0.032520325203252036
Area: 0.00033037432847826713
CentroidX: 0.2084
CentroidY: 0.1251
