Location: Document_2025-04-19_204755-1.png_Otsu.png
Component: component_1745102850335_33.png
centerX: 0.09246171967020024
centerY: 0.06504065040650407
width: 0.028268551236749116
height: 0.02610183996576808
Area: 0.00029559808337529164
CentroidX: 0.1059
CentroidY: 0.0769
