Location: Document_2025-04-19_204755-1.png_Mean-Closing.png
Component: component_1745102850272_17.png
centerX: 0.22673733804475854
centerY: 0.02011125374411639
width: 0.02591283863368669
height: 0.029097133076593923
Area: 0.0003722066233122811
CentroidX: 0.2386
CentroidY: 0.0336
