Location: 2025-04-19_204725-1.png_Otsu.png
Component: component_1745102850153_304.png
centerX: 0.08362779740871613
centerY: 0.4146341463414634
width: 0.028268551236749116
height: 0.02738553701326487
Area: 0.0002683818915555717
CentroidX: 0.0955
CentroidY: 0.4270
