Location: Document_2025-04-19_204755-1.png_Otsu.png
Component: component_1745102850346_126.png
centerX: 0.7756183745583038
centerY: 0.15661103979460847
width: 0.024146054181389872
height: 0.024818142918271287
Area: 0.00015850911717225783
CentroidX: 0.7838
CentroidY: 0.1654
