Location: 2025-04-19_204725-1.png_Otsu.png
Component: component_1745102850209_583.png
centerX: 0.46819787985865724
centerY: 0.764655541292255
width: 0.030035335689045935
height: 0.026529738981600343
Area: 0.00033491036044822043
CentroidX: 0.4815
CentroidY: 0.7770
