Location: 2025-04-19_204725-1.png_Otsu.png
Component: component_1745102850158_327.png
centerX: 0.9558303886925795
centerY: 0.4557124518613607
width: 0.024146054181389872
height: 0.026529738981600343
Area: 0.0001834572930070011
CentroidX: 0.9630
CentroidY: 0.4651
