Location: 2025-04-19_204725-1.png_Otsu.png
Component: component_1745102850193_487.png
centerX: 0.38044758539458184
centerY: 0.6469833119383825
width: 0.02944640753828033
height: 0.026529738981600343
Area: 0.00032508229117998825
CentroidX: 0.3940
CentroidY: 0.6599
