Location: 2025-04-19_204725-1.png_Otsu.png
Component: component_1745102850193_486.png
centerX: 0.2962308598351001
centerY: 0.6469833119383825
width: 0.028268551236749116
height: 0.025246041934103552
Area: 0.0003150022201356475
CentroidX: 0.3092
CentroidY: 0.6581
