Location: 2025-04-19_204725-1.png_Otsu.png
Component: component_1745102850118_198.png
centerX: 0.5170789163722026
centerY: 0.27043217800599056
width: 0.03415783274440518
height: 0.026957637997432605
Area: 0.0002913140531814468
CentroidX: 0.5327
CentroidY: 0.2828
