Location: Document_2025-04-19_204755-1.png_Gaussian-Median.png
Component: component_1745102850414_123.png
centerX: 0.38515901060070673
centerY: 0.2490372272143774
width: 0.028268551236749116
height: 0.029525032092426188
Area: 0.0004147949234746206
CentroidX: 0.3973
CentroidY: 0.2624
