Location: Document_2025-04-19_204755-1.png_Gaussian-Median.png
Component: component_1745102850407_88.png
centerX: 0.2043580683156655
centerY: 0.15832263585793752
width: 0.02237926972909305
height: 0.02781343602909713
Area: 0.00030719016507628347
CentroidX: 0.2153
CentroidY: 0.1704
