Location: Document_2025-04-19_204755-1.png_Mean-Closing.png
Component: component_1745102850283_65.png
centerX: 0.732037691401649
centerY: 0.11082584510055626
width: 0.026501766784452298
height: 0.02610183996576808
Area: 0.00033516236222432894
CentroidX: 0.7450
CentroidY: 0.1222
