Location: Document_2025-04-19_204755-1.png_Otsu.png
Component: component_1745102850349_174.png
centerX: 0.5005889281507656
centerY: 0.19683354728284125
width: 0.02767962308598351
height: 0.03337612323491656
Area: 0.0003427224155075845
CentroidX: 0.5144
CentroidY: 0.2108
