Location: 2025-04-19_204725-1.png_Otsu.png
Component: component_1745102850105_128.png
centerX: 0.2797408716136631
centerY: 0.1904150620453573
width: 0.030035335689045935
height: 0.0235344458707745
Area: 0.0002620818471528587
CentroidX: 0.2936
CentroidY: 0.2010
