Location: Document_2025-04-19_204755-1.png_Mean-Closing.png
Component: component_1745102850284_68.png
centerX: 0.6855123674911661
centerY: 0.1116816431322208
width: 0.025323910482921083
height: 0.025246041934103552
Area: 0.00032987032492605005
CentroidX: 0.6974
CentroidY: 0.1230
