Location: 2025-04-19_204725-1.png_Otsu.png
Component: component_1745102850104_126.png
centerX: 0.3280329799764429
centerY: 0.18741976893453144
width: 0.027090694935217905
height: 0.026957637997432605
Area: 0.00027644594839104425
CentroidX: 0.3403
CentroidY: 0.2002
