Location: easy21_Mean-Medain.png
Component: component_1744297380771_92.png
centerX: 0.5193548387096775
centerY: 0.08477011494252873
width: 0.016129032258064516
height: 0.01532567049808429
Area: 0.00012011803238165864
CentroidX: 0.5257
CentroidY: 0.0911
