Location: 2025-04-19_204725-1.png_Otsu.png
Component: component_1745102850219_621.png
centerX: 0.10954063604240283
centerY: 0.808301240907146
width: 0.025323910482921083
height: 0.0235344458707745
Area: 0.00032281427519501157
CentroidX: 0.1208
CentroidY: 0.8187
