Location: Document_2025-04-19_204755-1.png_Otsu.png
Component: component_1745102850361_311.png
centerX: 0.8221436984687868
centerY: 0.32691484809584936
width: 0.02591283863368669
height: 0.025246041934103552
Area: 0.00025830182051123096
CentroidX: 0.8341
CentroidY: 0.3381
