Location: easy21_Mean-Medain.png
Component: component_1744297381122_1104.png
centerX: 0.6895161290322581
centerY: 0.8160919540229885
width: 0.016935483870967744
height: 0.014846743295019157
Area: 0.00013209121245828697
CentroidX: 0.6966
CentroidY: 0.8226
