Location: Document_2025-04-19_204755-1.png_Gaussian-Median.png
Component: component_1745102850413_116.png
centerX: 0.9246171967020024
centerY: 0.24475823705605476
width: 0.027090694935217905
height: 0.028241335044929396
Area: 0.0003744746392972578
CentroidX: 0.9384
CentroidY: 0.2579
