Location: 2025-04-19_204725-1.png_Otsu.png
Component: component_1745102850220_631.png
centerX: 0.0800942285041225
centerY: 0.8451005562687206
width: 0.030035335689045935
height: 0.028241335044929396
Area: 0.000342470413731476
CentroidX: 0.0933
CentroidY: 0.8580
