Location: 2025-04-19_204725-1.png_Otsu.png
Component: component_1745102850154_312.png
centerX: 0.6943462897526502
centerY: 0.4488660676080445
width: 0.024734982332155476
height: 0.02738553701326487
Area: 0.00029862210468859385
CentroidX: 0.7058
CentroidY: 0.4609
