Location: Document_2025-04-19_204755-1.png_Mean-Closing.png
Component: component_1745102850301_156.png
centerX: 0.8221436984687868
centerY: 0.32648694908001713
width: 0.02591283863368669
height: 0.02610183996576808
Area: 0.0003102141863895857
CentroidX: 0.8343
CentroidY: 0.3383
