Location: 2025-04-19_204725-1.png_Otsu.png
Component: component_1745102850217_615.png
centerX: 0.8056537102473498
centerY: 0.8057338468121523
width: 0.024734982332155476
height: 0.02781343602909713
Area: 0.00033516236222432894
CentroidX: 0.8173
CentroidY: 0.8183
