Location: easy16_Gaussian-Median.png
Component: component_1744297381870_969.png
centerX: 0.4806451612903226
centerY: 0.6877394636015326
width: 0.01532258064516129
height: 0.014846743295019157
Area: 0.00011471078976640712
CentroidX: 0.4870
CentroidY: 0.6941
