Location: 2025-04-19_204725-1.png_Otsu.png
Component: component_1745102850121_206.png
centerX: 0.17432273262661954
centerY: 0.28412494651262304
width: 0.02767962308598351
height: 0.025673940949935817
Area: 0.00026636587734670355
CentroidX: 0.1869
CentroidY: 0.2961
