Location: Document_2025-04-19_204755-1.png_Mean-Closing.png
Component: component_1745102850303_165.png
centerX: 0.5447585394581861
centerY: 0.33119383825417203
width: 0.024734982332155476
height: 0.02396234488660676
Area: 0.0002857700141070594
CentroidX: 0.5554
CentroidY: 0.3420
