Location: 2025-04-19_204725-1.png_Otsu.png
Component: component_1745102850095_98.png
centerX: 0.270906949352179
centerY: 0.1467693624304664
width: 0.030035335689045935
height: 0.026957637997432605
Area: 0.0003180262414489497
CentroidX: 0.2853
CentroidY: 0.1591
