Location: Document_2025-04-19_204755-1.png_Otsu.png
Component: component_1745102850334_27.png
centerX: 0.6224970553592462
centerY: 0.026529738981600343
width: 0.027090694935217905
height: 0.029525032092426188
Area: 0.0003092061792851516
CentroidX: 0.6346
CentroidY: 0.0409
