Location: easy26_Mean-Closing.png
Component: component_1744297382180_1036.png
centerX: 0.507258064516129
centerY: 0.7931034482758621
width: 0.016129032258064516
height: 0.014846743295019157
Area: 8.921950315164998e-05
CentroidX: 0.5138
CentroidY: 0.8011
