Location: easy43_Mean-Closing.png
Component: component_1744297380661_919.png
centerX: 0.5731559854897219
centerY: 0.566053869174861
width: 0.011487303506650543
height: 0.00940572894399316
Area: 5.764201260059565e-05
CentroidX: 0.5771
CentroidY: 0.5703
