Location: Document_2025-04-19_204755-1.png_Otsu.png
Component: component_1745102850359_289.png
centerX: 0.43462897526501765
centerY: 0.2939666238767651
width: 0.028268551236749116
height: 0.02781343602909713
Area: 0.0003180262414489497
CentroidX: 0.4477
CentroidY: 0.3061
