Location: Document_2025-04-19_204755-1.png_Otsu.png
Component: component_1745102850333_25.png
centerX: 0.7885747938751473
centerY: 0.02610183996576808
width: 0.026501766784452298
height: 0.028241335044929396
Area: 0.0002993781100169194
CentroidX: 0.8009
CentroidY: 0.0395
