Location: easy16_Gaussian-Median.png
Component: component_1744297381884_1046.png
centerX: 0.07903225806451612
centerY: 0.7337164750957854
width: 0.01532258064516129
height: 0.014846743295019157
Area: 0.00010235137807440366
CentroidX: 0.0854
CentroidY: 0.7404
