Location: 2025-04-19_204725-1.png_Otsu.png
Component: component_1745102850200_525.png
centerX: 0.6908127208480566
centerY: 0.6854942233632862
width: 0.028268551236749116
height: 0.025673940949935817
Area: 0.00030693816330017496
CentroidX: 0.7037
CentroidY: 0.6972
