Location: 2025-04-19_204725-1.png_Otsu.png
Component: component_1745102850062_11.png
centerX: 0.6537102473498233
centerY: 0.013692768506632435
width: 0.028268551236749116
height: 0.028241335044929396
Area: 0.00038405070678938145
CentroidX: 0.6671
CentroidY: 0.0262
