Location: 2025-04-19_204725-1.png_Otsu.png
Component: component_1745102850109_154.png
centerX: 0.6472320376914017
centerY: 0.22165169020111253
width: 0.02944640753828033
height: 0.02610183996576808
Area: 0.00028324999634597427
CentroidX: 0.6616
CentroidY: 0.2338
