Location: Document_2025-04-19_204755-1.png_Mean-Closing.png
Component: component_1745102850275_30.png
centerX: 0.7491166077738516
centerY: 0.025673940949935817
width: 0.02591283863368669
height: 0.02738553701326487
Area: 0.00033843838531373967
CentroidX: 0.7614
CentroidY: 0.0387
