Location: 2025-04-19_204725-1.png_Otsu.png
Component: component_1745102850195_497.png
centerX: 0.917550058892815
centerY: 0.6495507060333762
width: 0.02120141342756184
height: 0.02610183996576808
Area: 0.00024469372460137097
CentroidX: 0.9284
CentroidY: 0.6612
