Location: easy21_Mean-Medain.png
Component: component_1744297380820_283.png
centerX: 0.9483870967741935
centerY: 0.28879310344827586
width: 0.01532258064516129
height: 0.01532567049808429
Area: 0.0001139383265356569
CentroidX: 0.9549
CentroidY: 0.2958
