Location: 2025-04-19_204725-1.png_Otsu.png
Component: component_1745102850225_645.png
centerX: 0.7243816254416962
centerY: 0.8472400513478819
width: 0.02591283863368669
height: 0.02781343602909713
Area: 0.00033793438176152264
CentroidX: 0.7363
CentroidY: 0.8599
