Location: Document_2025-04-19_204755-1.png_Otsu.png
Component: component_1745102850331_10.png
centerX: 0.32037691401649
centerY: 0.021822849807445442
width: 0.02591283863368669
height: 0.03080872913992298
Area: 0.0003207982609861434
CentroidX: 0.3314
CentroidY: 0.0361
