Location: 2025-04-19_204725-1.png_Otsu.png
Component: component_1745102850221_635.png
centerX: 0.5288574793875147
centerY: 0.8451005562687206
width: 0.027090694935217905
height: 0.025246041934103552
Area: 0.000307442166852392
CentroidX: 0.5406
CentroidY: 0.8568
