Location: 2025-04-19_204725-1.png_Otsu.png
Component: component_1745102850175_375.png
centerX: 0.5777385159010601
centerY: 0.5335900727428327
width: 0.024146054181389872
height: 0.02610183996576808
Area: 0.00030719016507628347
CentroidX: 0.5883
CentroidY: 0.5456
