Location: 2025-04-19_204725-1.png_Otsu.png
Component: component_1745102850235_693.png
centerX: 0.3992932862190813
centerY: 0.9362430466409927
width: 0.030624263839811542
height: 0.028241335044929396
Area: 0.00037573464817780035
CentroidX: 0.4130
CentroidY: 0.9495
