Location: 2025-04-19_204725-1.png_Otsu.png
Component: component_1745102850173_368.png
centerX: 0.11425206124852769
centerY: 0.5327342747111682
width: 0.022968197879858657
height: 0.02866923406076166
Area: 0.00029307806561420645
CentroidX: 0.1246
CentroidY: 0.5453
