Location: 2025-04-19_204725-1.png_Otsu.png
Component: component_1745102850101_115.png
centerX: 0.5147232037691402
centerY: 0.1797175866495507
width: 0.024146054181389872
height: 0.02781343602909713
Area: 0.0002759419448388272
CentroidX: 0.5258
CentroidY: 0.1932
