Location: easy26_Mean-Closing.png
Component: component_1744297382183_1053.png
centerX: 0.692741935483871
centerY: 0.8156130268199234
width: 0.016129032258064516
height: 0.014367816091954023
Area: 0.00011239340007415647
CentroidX: 0.6992
CentroidY: 0.8220
