Location: Document_2025-04-19_204755-1.png_Otsu.png
Component: component_1745102850335_35.png
centerX: 0.46113074204946997
centerY: 0.06546854942233633
width: 0.026501766784452298
height: 0.026529738981600343
Area: 0.00031172619704623677
CentroidX: 0.4736
CentroidY: 0.0773
