Location: Document_2025-04-19_204755-1.png_Mean-Closing.png
Component: component_1745102850302_159.png
centerX: 0.866902237926973
centerY: 0.3281985451433462
width: 0.026501766784452298
height: 0.02396234488660676
Area: 0.0003155062236878646
CentroidX: 0.8791
CentroidY: 0.3385
