Location: 2025-04-19_204725-1.png_Otsu.png
Component: component_1745102850176_380.png
centerX: 0.4493521790341578
centerY: 0.5340179717586649
width: 0.02591283863368669
height: 0.02781343602909713
Area: 0.00029610208692750867
CentroidX: 0.4619
CentroidY: 0.5467
