Location: Document_2025-04-19_204755-1.png_Otsu.png
Component: component_1745102850364_325.png
centerX: 0.2926972909305065
centerY: 0.33504492939666236
width: 0.024734982332155476
height: 0.0235344458707745
Area: 0.0002545217938696032
CentroidX: 0.3046
CentroidY: 0.3445
