Location: 2025-04-19_204725-1.png_Otsu.png
Component: component_1745102850221_636.png
centerX: 0.03769140164899882
centerY: 0.8459563543003851
width: 0.027090694935217905
height: 0.02610183996576808
Area: 0.00033491036044822043
CentroidX: 0.0497
CentroidY: 0.8574
