Location: Document_2025-04-19_204755-1.png_Mean-Closing.png
Component: component_1745102850279_44.png
centerX: 0.04299175500588928
centerY: 0.06675224646983312
width: 0.02944640753828033
height: 0.025246041934103552
Area: 0.00038153068902829627
CentroidX: 0.0559
CentroidY: 0.0780
