Location: 2025-04-19_204725-1.png_Otsu.png
Component: component_1745102850225_644.png
centerX: 0.3244994110718492
centerY: 0.8476679503637141
width: 0.027090694935217905
height: 0.026957637997432605
Area: 0.0003301223267021586
CentroidX: 0.3359
CentroidY: 0.8598
