Location: easy64_Gaussian-Closing.png
Component: component_1744297381470_1069.png
centerX: 0.843409915356711
centerY: 0.6823428815733219
width: 0.015114873035066506
height: 0.00940572894399316
Area: 7.134168375679103e-05
CentroidX: 0.8481
CentroidY: 0.6875
