Location: easy26_Mean-Closing.png
Component: component_1744297382156_924.png
centerX: 0.18870967741935485
centerY: 0.7260536398467433
width: 0.01532258064516129
height: 0.014846743295019157
Area: 0.00011007601038190582
CentroidX: 0.1951
CentroidY: 0.7326
