Location: 2025-04-19_204725-1.png_Otsu.png
Component: component_1745102850069_21.png
centerX: 0.4840989399293286
centerY: 0.017543859649122806
width: 0.026501766784452298
height: 0.02866923406076166
Area: 0.00039992681868421807
CentroidX: 0.4964
CentroidY: 0.0305
