Location: Document_2025-04-19_204755-1.png_Otsu.png
Component: component_1745102850346_127.png
centerX: 0.8197879858657244
centerY: 0.15661103979460847
width: 0.027090694935217905
height: 0.02396234488660676
Area: 0.0002814859839132146
CentroidX: 0.8324
CentroidY: 0.1669
