Location: Document_2025-04-19_204755-1.png_Otsu.png
Component: component_1745102850351_190.png
centerX: 0.2055359246171967
centerY: 0.20239623448866068
width: 0.024146054181389872
height: 0.026529738981600343
Area: 0.0002993781100169194
CentroidX: 0.2160
CentroidY: 0.2143
