Location: Document_2025-04-19_204755-1.png_Mean-Closing.png
Component: component_1745102850273_21.png
centerX: 0.04652532391048292
centerY: 0.022250748823277707
width: 0.03121319199057715
height: 0.026957637997432605
Area: 0.0003908547547443114
CentroidX: 0.0609
CentroidY: 0.0340
