Location: easy16_Gaussian-Median.png
Component: component_1744297381863_931.png
centerX: 0.2838709677419355
centerY: 0.6661877394636015
width: 0.01532258064516129
height: 0.014846743295019157
Area: 0.00010389630453590409
CentroidX: 0.2899
CentroidY: 0.6726
