Location: Document_2025-04-19_204755-1.png_Otsu.png
Component: component_1745102850358_282.png
centerX: 0.8798586572438163
centerY: 0.2888318356867779
width: 0.028268551236749116
height: 0.024390243902439025
Area: 0.0002598138311678821
CentroidX: 0.8929
CentroidY: 0.2996
