Location: 2025-04-19_204725-1.png_Otsu.png
Component: component_1745102850219_623.png
centerX: 0.9199057714958775
centerY: 0.8125802310654685
width: 0.028268551236749116
height: 0.02738553701326487
Area: 0.0003470064457014293
CentroidX: 0.9339
CentroidY: 0.8251
