Location: 2025-04-19_204725-1.png_Otsu.png
Component: component_1745102850191_476.png
centerX: 0.7620730270906949
centerY: 0.6427043217800599
width: 0.02237926972909305
height: 0.029097133076593923
Area: 0.00014918505145624267
CentroidX: 0.7690
CentroidY: 0.6527
