Location: 2025-04-19_204725-1.png_Otsu.png
Component: component_1745102850107_152.png
centerX: 0.8421672555948174
centerY: 0.22122379118528027
width: 0.02591283863368669
height: 0.025673940949935817
Area: 0.00028501400877873386
CentroidX: 0.8539
CentroidY: 0.2332
