Location: Document_2025-04-19_204755-1.png_Mean-Closing.png
Component: component_1745102850291_107.png
centerX: 0.15606595995288575
centerY: 0.1998288403936671
width: 0.028857479387514724
height: 0.02995293110825845
Area: 0.00037296262864060665
CentroidX: 0.1692
CentroidY: 0.2136
