Location: Document_2025-04-19_204755-1.png_Gaussian-Median.png
Component: component_1745102850397_33.png
centerX: 0.36454652532391046
centerY: 0.0658964484381686
width: 0.026501766784452298
height: 0.026957637997432605
Area: 0.0003414624066270419
CentroidX: 0.3774
CentroidY: 0.0780
