Location: 2025-04-19_204725-1.png_Otsu.png
Component: component_1745102850202_533.png
centerX: 0.9322732626619552
centerY: 0.6889174154899443
width: 0.02237926972909305
height: 0.028241335044929396
Area: 0.00020613745285676775
CentroidX: 0.9398
CentroidY: 0.6991
