Location: Document_2025-04-19_204755-1.png_Gaussian-Median.png
Component: component_1745102850418_136.png
centerX: 0.9199057714958775
centerY: 0.2892597347026102
width: 0.028268551236749116
height: 0.025246041934103552
Area: 0.00032205826986668603
CentroidX: 0.9339
CentroidY: 0.3003
