Location: 2025-04-19_204725-1.png_Otsu.png
Component: component_1745102850182_417.png
centerX: 0.12249705535924617
centerY: 0.5729567821994009
width: 0.027090694935217905
height: 0.024390243902439025
Area: 0.0002696419004361143
CentroidX: 0.1346
CentroidY: 0.5838
