Location: Document_2025-04-19_204755-1.png_Mean-Closing.png
Component: component_1745102850304_167.png
centerX: 0.4369846878680801
centerY: 0.3324775353016688
width: 0.02591283863368669
height: 0.022250748823277707
Area: 0.00029862210468859385
CentroidX: 0.4487
CentroidY: 0.3422
