Location: Document_2025-04-19_204755-1.png_Otsu.png
Component: component_1745102850352_199.png
centerX: 0.05182567726737338
centerY: 0.20410783055198972
width: 0.026501766784452298
height: 0.02866923406076166
Area: 0.0002923220602858809
CentroidX: 0.0629
CentroidY: 0.2171
