Location: 2025-04-19_204725-1.png_Otsu.png
Component: component_1745102850077_52.png
centerX: 0.08186101295641932
centerY: 0.0658964484381686
width: 0.025323910482921083
height: 0.02396234488660676
Area: 0.0003018981277780046
CentroidX: 0.0931
CentroidY: 0.0773
