Location: easy21_Mean-Medain.png
Component: component_1744297380960_908.png
centerX: 0.16693548387096774
centerY: 0.6992337164750958
width: 0.016129032258064516
height: 0.014846743295019157
Area: 0.00011277963168953157
CentroidX: 0.1742
CentroidY: 0.7054
