Location: Document_2025-04-19_204755-1.png_Gaussian-Median.png
Component: component_1745102850418_139.png
centerX: 0.3333333333333333
centerY: 0.29225502781343604
width: 0.028268551236749116
height: 0.029525032092426188
Area: 0.00039463478138593923
CentroidX: 0.3469
CentroidY: 0.3052
