Location: 2025-04-19_204725-1.png_Otsu.png
Component: component_1745102850181_412.png
centerX: 0.0800942285041225
centerY: 0.5721009841677364
width: 0.02767962308598351
height: 0.02610183996576808
Area: 0.0002887940354203616
CentroidX: 0.0921
CentroidY: 0.5836
