Location: easy26_Mean-Closing.png
Component: component_1744297382161_950.png
centerX: 0.2693548387096774
centerY: 0.7485632183908046
width: 0.01532258064516129
height: 0.014846743295019157
Area: 0.00011084847361265603
CentroidX: 0.2758
CentroidY: 0.7549
