Location: 2025-04-19_204725-1.png_Otsu.png
Component: component_1745102850076_45.png
centerX: 0.39045936395759717
centerY: 0.059050064184852376
width: 0.026501766784452298
height: 0.025246041934103552
Area: 0.00031399421303121344
CentroidX: 0.4020
CentroidY: 0.0711
