Location: 2025-04-19_204725-1.png_Otsu.png
Component: component_1745102850124_228.png
centerX: 0.751472320376914
centerY: 0.3119383825417201
width: 0.03121319199057715
height: 0.02866923406076166
Area: 0.00029585008515140015
CentroidX: 0.7653
CentroidY: 0.3249
