Location: 2025-04-19_204725-1.png_Otsu.png
Component: component_1745102850170_351.png
centerX: 0.03356890459363958
centerY: 0.49293966623876767
width: 0.026501766784452298
height: 0.02781343602909713
Area: 0.00030945818106126015
CentroidX: 0.0443
CentroidY: 0.5050
