Location: Document_2025-04-19_204755-1.png_Mean-Closing.png
Component: component_1745102850281_54.png
centerX: 0.8197879858657244
centerY: 0.07103123662815576
width: 0.026501766784452298
height: 0.025673940949935817
Area: 0.0003374303782093056
CentroidX: 0.8315
CentroidY: 0.0826
