Location: 2025-04-19_204725-1.png_Otsu.png
Component: component_1745102850172_358.png
centerX: 0.2921083627797409
centerY: 0.49507916131792895
width: 0.027090694935217905
height: 0.025246041934103552
Area: 0.0002913140531814468
CentroidX: 0.3047
CentroidY: 0.5059
