Location: 2025-04-19_204725-1.png_Otsu.png
Component: component_1745102850199_519.png
centerX: 0.5270906949352179
centerY: 0.6837826272999572
width: 0.025323910482921083
height: 0.02738553701326487
Area: 0.0003235702805233371
CentroidX: 0.5390
CentroidY: 0.6962
