Location: Document_2025-04-19_204755-1.png_Otsu.png
Component: component_1745102850334_30.png
centerX: 0.6672555948174322
centerY: 0.02738553701326487
width: 0.023557126030624265
height: 0.02866923406076166
Area: 0.00029333006739031497
CentroidX: 0.6773
CentroidY: 0.0410
