Location: 2025-04-19_204725-1.png_Otsu.png
Component: component_1745102850192_484.png
centerX: 0.20906949352179033
centerY: 0.6469833119383825
width: 0.02767962308598351
height: 0.025673940949935817
Area: 0.00030290613488243864
CentroidX: 0.2217
CentroidY: 0.6589
