Location: 2025-04-19_204725-1.png_Otsu.png
Component: component_1745102850131_238.png
centerX: 0.3710247349823322
centerY: 0.31878476679503637
width: 0.030035335689045935
height: 0.02738553701326487
Area: 0.0002950940798230746
CentroidX: 0.3863
CentroidY: 0.3310
