Location: Document_2025-04-19_204755-1.png_Otsu.png
Component: component_1745102850346_129.png
centerX: 0.6843345111896348
centerY: 0.157466837826273
width: 0.024734982332155476
height: 0.024390243902439025
Area: 0.00027694995194326127
CentroidX: 0.6958
CentroidY: 0.1682
