Location: Document_2025-04-19_204755-1.png_Otsu.png
Component: component_1745102850349_175.png
centerX: 0.5535924617196702
centerY: 0.19683354728284125
width: 0.024146054181389872
height: 0.02738553701326487
Area: 0.0003263423000605308
CentroidX: 0.5650
CentroidY: 0.2090
