Location: 2025-04-19_204725-1.png_Otsu.png
Component: component_1745102850215_604.png
centerX: 0.6813898704358068
centerY: 0.8018827556696619
width: 0.024734982332155476
height: 0.025673940949935817
Area: 0.0003018981277780046
CentroidX: 0.6928
CentroidY: 0.8135
