Location: Document_2025-04-19_204755-1.png_Otsu.png
Component: component_1745102850358_283.png
centerX: 0.9204946996466431
centerY: 0.28968763371844247
width: 0.027090694935217905
height: 0.024818142918271287
Area: 0.00026812988977946314
CentroidX: 0.9339
CentroidY: 0.3003
