Location: Document_2025-04-19_204755-1.png_Gaussian-Median.png
Component: component_1745102850395_24.png
centerX: 0.7073027090694936
centerY: 0.026957637997432605
width: 0.025323910482921083
height: 0.029097133076593923
Area: 0.0003399503959703908
CentroidX: 0.7185
CentroidY: 0.0408
