Location: easy26_Mean-Closing.png
Component: component_1744297382185_1060.png
centerX: 0.896774193548387
centerY: 0.8151340996168582
width: 0.016129032258064516
height: 0.014846743295019157
Area: 0.00012591150661228525
CentroidX: 0.9034
CentroidY: 0.8216
