Location: 2025-04-19_204725-1.png_Otsu.png
Component: component_1745102850237_695.png
centerX: 0.4464075382803298
centerY: 0.9370988446726572
width: 0.028857479387514724
height: 0.02781343602909713
Area: 0.0003696866055511959
CentroidX: 0.4587
CentroidY: 0.9499
