Location: 2025-04-19_204725-1.png_Otsu.png
Component: component_1745102850076_48.png
centerX: 0.30624263839811544
centerY: 0.06204535729567822
width: 0.028857479387514724
height: 0.029097133076593923
Area: 0.0003530544883280337
CentroidX: 0.3191
CentroidY: 0.0756
