Location: Document_2025-04-19_204755-1.png_Gaussian-Median.png
Component: component_1745102850403_61.png
centerX: 0.773851590106007
centerY: 0.11125374411638853
width: 0.027090694935217905
height: 0.02866923406076166
Area: 0.0003795146748194281
CentroidX: 0.7864
CentroidY: 0.1239
