Location: easy21_Mean-Medain.png
Component: component_1744297380973_955.png
centerX: 0.5080645161290323
centerY: 0.7227011494252874
width: 0.016129032258064516
height: 0.01532567049808429
Area: 0.00012243542207390927
CentroidX: 0.5150
CentroidY: 0.7292
