Location: 2025-04-19_204725-1.png_Otsu.png
Component: component_1745102850175_377.png
centerX: 0.24499411071849234
centerY: 0.5340179717586649
width: 0.024734982332155476
height: 0.02866923406076166
Area: 0.0002895500407486872
CentroidX: 0.2573
CentroidY: 0.5463
