Location: Document_2025-04-19_204755-1.png_Gaussian-Median.png
Component: component_1745102850420_146.png
centerX: 0.18492343934040048
centerY: 0.2948224219084296
width: 0.027090694935217905
height: 0.02781343602909713
Area: 0.00036817459489454484
CentroidX: 0.1974
CentroidY: 0.3070
