Location: Document_2025-04-19_204755-1.png_Gaussian-Median.png
Component: component_1745102850411_108.png
centerX: 0.9269729093050648
centerY: 0.20282413350449294
width: 0.02767962308598351
height: 0.024818142918271287
Area: 0.00033591836755265454
CentroidX: 0.9396
CentroidY: 0.2144
