Location: 2025-04-19_204725-1.png_Otsu.png
Component: component_1745102850227_653.png
centerX: 0.9128386336866903
centerY: 0.8532306375695335
width: 0.026501766784452298
height: 0.02866923406076166
Area: 0.0003525504847758167
CentroidX: 0.9250
CentroidY: 0.8653
