Location: 2025-04-19_204725-1.png_Otsu.png
Component: component_1745102850178_402.png
centerX: 0.6454652532391049
centerY: 0.5678219940094138
width: 0.028268551236749116
height: 0.025673940949935817
Area: 0.00029333006739031497
CentroidX: 0.6580
CentroidY: 0.5793
