Location: 2025-04-19_204725-1.png_Otsu.png
Component: component_1745102850109_157.png
centerX: 0.5594817432273262
centerY: 0.2246469833119384
width: 0.02767962308598351
height: 0.026957637997432605
Area: 0.0002953460815991831
CentroidX: 0.5722
CentroidY: 0.2372
