Location: 2025-04-19_204725-1.png_Otsu.png
Component: component_1745102850228_661.png
centerX: 0.4994110718492344
centerY: 0.8866067608044501
width: 0.030035335689045935
height: 0.026957637997432605
Area: 0.00034070640129871634
CentroidX: 0.5131
CentroidY: 0.8988
