Location: Document_2025-04-19_204755-1.png_Otsu.png
Component: component_1745102850336_44.png
centerX: 0.5547703180212014
centerY: 0.06889174154899444
width: 0.025323910482921083
height: 0.029097133076593923
Area: 0.0002953460815991831
CentroidX: 0.5674
CentroidY: 0.0808
