Location: Document_2025-04-19_204755-1.png_Otsu.png
Component: component_1745102850362_313.png
centerX: 0.866902237926973
centerY: 0.3281985451433462
width: 0.02591283863368669
height: 0.02396234488660676
Area: 0.0002600658329439906
CentroidX: 0.8791
CentroidY: 0.3381
