Location: Document_2025-04-19_204755-1.png_Gaussian-Median.png
Component: component_1745102850399_43.png
centerX: 0.8574793875147232
centerY: 0.07060333761232349
width: 0.028268551236749116
height: 0.025673940949935817
Area: 0.00019908140312572924
CentroidX: 0.8672
CentroidY: 0.0797
