Location: easy21_Mean-Medain.png
Component: component_1744297381135_1145.png
centerX: 0.9620967741935483
centerY: 0.8405172413793104
width: 0.016129032258064516
height: 0.01532567049808429
Area: 0.00012938759115066123
CentroidX: 0.9688
CentroidY: 0.8472
