Location: Document_2025-04-19_204755-1.png_Gaussian-Median.png
Component: component_1745102850406_79.png
centerX: 0.7290930506478209
centerY: 0.15489944373127942
width: 0.030624263839811542
height: 0.025246041934103552
Area: 0.000349778465238623
CentroidX: 0.7434
CentroidY: 0.1665
