Location: 2025-04-19_204725-1.png_Otsu.png
Component: component_1745102850135_262.png
centerX: 0.7379269729093051
centerY: 0.362002567394095
width: 0.024146054181389872
height: 0.026529738981600343
Area: 0.00028476200700262535
CentroidX: 0.7494
CentroidY: 0.3744
