Location: 2025-04-19_204725-1.png_Otsu.png
Component: component_1745102850090_83.png
centerX: 0.6354534746760895
centerY: 0.1326486949080017
width: 0.030624263839811542
height: 0.02610183996576808
Area: 0.0003054261526435238
CentroidX: 0.6497
CentroidY: 0.1443
