Location: 2025-04-19_204725-1.png_Otsu.png
Component: component_1745102850204_554.png
centerX: 0.5400471142520612
centerY: 0.7244330338040222
width: 0.027090694935217905
height: 0.02738553701326487
Area: 0.00031676623256840714
CentroidX: 0.5520
CentroidY: 0.7372
