Location: Document_2025-04-19_204755-1.png_Mean-Closing.png
Component: component_1745102850297_133.png
centerX: 0.1872791519434629
centerY: 0.251604621309371
width: 0.02591283863368669
height: 0.026529738981600343
Area: 0.00035431449720857634
CentroidX: 0.1987
CentroidY: 0.2645
