Location: 2025-04-19_204725-1.png_Otsu.png
Component: component_1745102850177_383.png
centerX: 0.4175500588928151
centerY: 0.5348737697903295
width: 0.02120141342756184
height: 0.026957637997432605
Area: 0.00027442993418217614
CentroidX: 0.4271
CentroidY: 0.5474
