Location: 2025-04-19_204725-1.png_Otsu.png
Component: component_1745102850082_64.png
centerX: 0.5276796230859835
centerY: 0.09670517757809156
width: 0.027090694935217905
height: 0.025246041934103552
Area: 0.00030618215797184936
CentroidX: 0.5397
CentroidY: 0.1081
