Location: 2025-04-19_204725-1.png_Otsu.png
Component: component_1745102850117_193.png
centerX: 0.7432273262661955
centerY: 0.26187419768934533
width: 0.02944640753828033
height: 0.025246041934103552
Area: 0.00028224198924154016
CentroidX: 0.7573
CentroidY: 0.2734
