Location: Document_2025-04-19_204755-1.png_Mean-Closing.png
Component: component_1745102850286_82.png
centerX: 0.3504122497055359
centerY: 0.15532734274711169
width: 0.024734982332155476
height: 0.02610183996576808
Area: 0.00030693816330017496
CentroidX: 0.3619
CentroidY: 0.1670
