Location: 2025-04-19_204725-1.png_Otsu.png
Component: component_1745102850115_173.png
centerX: 0.0800942285041225
centerY: 0.24047924689773215
width: 0.02944640753828033
height: 0.02610183996576808
Area: 0.0002754379412866102
CentroidX: 0.0936
CentroidY: 0.2522
