Location: easy26_Mean-Closing.png
Component: component_1744297382216_1215.png
centerX: 0.5185483870967742
centerY: 0.9061302681992337
width: 0.01532258064516129
height: 0.01532567049808429
Area: 0.00011471078976640712
CentroidX: 0.5247
CentroidY: 0.9130
