Location: easy43_Mean-Closing.png
Component: component_1744297380624_605.png
centerX: 0.4848851269649335
centerY: 0.41214194100042756
width: 0.008464328899637243
height: 0.00940572894399316
Area: 4.239143527577438e-05
CentroidX: 0.4884
CentroidY: 0.4176
