Location: 2025-04-19_204725-1.png_Otsu.png
Component: component_1745102850195_498.png
centerX: 0.9522968197879859
centerY: 0.6512623020967052
width: 0.026501766784452298
height: 0.02610183996576808
Area: 0.0002492297565713243
CentroidX: 0.9652
CentroidY: 0.6623
