Location: 2025-04-19_204725-1.png_Otsu.png
Component: component_1745102850123_210.png
centerX: 0.12603062426383982
centerY: 0.2866923406076166
width: 0.028857479387514724
height: 0.025246041934103552
Area: 0.00027342192707774203
CentroidX: 0.1390
CentroidY: 0.2978
