Location: 2025-04-19_204725-1.png_Otsu.png
Component: component_1745102850074_39.png
centerX: 0.6925795053003534
centerY: 0.05391527599486521
width: 0.028268551236749116
height: 0.025246041934103552
Area: 0.00031928625032949233
CentroidX: 0.7051
CentroidY: 0.0654
