Location: Document_2025-04-19_204755-1.png_Otsu.png
Component: component_1745102850358_284.png
centerX: 0.591283863368669
centerY: 0.290543431750107
width: 0.02591283863368669
height: 0.026529738981600343
Area: 0.00027090190931665684
CentroidX: 0.6027
CentroidY: 0.3028
