Location: 2025-04-19_204725-1.png_Otsu.png
Component: component_1745102850073_33.png
centerX: 0.7756183745583038
centerY: 0.05220367993153616
width: 0.026501766784452298
height: 0.024818142918271287
Area: 0.00030996218461347717
CentroidX: 0.7875
CentroidY: 0.0636
