Location: Document_2025-04-19_204755-1.png_Mean-Closing.png
Component: component_1745102850298_139.png
centerX: 0.7402826855123675
centerY: 0.28797603765511337
width: 0.026501766784452298
height: 0.025246041934103552
Area: 0.0002963540887036172
CentroidX: 0.7534
CentroidY: 0.2989
