Location: 2025-04-19_204725-1.png_Otsu.png
Component: component_1745102850191_478.png
centerX: 0.6395759717314488
centerY: 0.6435601198117245
width: 0.024146054181389872
height: 0.026957637997432605
Area: 0.00016002112782890893
CentroidX: 0.6481
CentroidY: 0.6535
