Location: Document_2025-04-19_204755-1.png_Otsu.png
Component: component_1745102850362_317.png
centerX: 0.6383981154299175
centerY: 0.329482242190843
width: 0.024734982332155476
height: 0.024390243902439025
Area: 0.000259309827615665
CentroidX: 0.6494
CentroidY: 0.3405
