Location: Document_2025-04-19_204755-1.png_Otsu.png
Component: component_1745102850355_256.png
centerX: 0.23910482921083628
centerY: 0.2503209242618742
width: 0.028268551236749116
height: 0.025673940949935817
Area: 0.00027694995194326127
CentroidX: 0.2521
CentroidY: 0.2629
