Location: Document_2025-04-19_204755-1.png_Mean-Closing.png
Component: component_1745102850274_27.png
centerX: 0.9199057714958775
centerY: 0.025246041934103552
width: 0.027090694935217905
height: 0.026957637997432605
Area: 0.00037825466593888554
CentroidX: 0.9316
CentroidY: 0.0374
