Location: 2025-04-19_204725-1.png_Otsu.png
Component: component_1745102850120_203.png
centerX: 0.2249705535924617
centerY: 0.2811296534017972
width: 0.02591283863368669
height: 0.029097133076593923
Area: 0.00027417793240606757
CentroidX: 0.2362
CentroidY: 0.2940
