Location: Document_2025-04-19_204755-1.png_Gaussian-Median.png
Component: component_1745102850400_51.png
centerX: 0.47644287396937574
centerY: 0.10483525887890457
width: 0.02767962308598351
height: 0.02781343602909713
Area: 0.00032835831426939897
CentroidX: 0.4889
CentroidY: 0.1174
