Location: 2025-04-19_204725-1.png_Otsu.png
Component: component_1745102850232_681.png
centerX: 0.8863368669022379
centerY: 0.8943089430894309
width: 0.025323910482921083
height: 0.025246041934103552
Area: 0.00021369750614002328
CentroidX: 0.8957
CentroidY: 0.9033
