Location: 2025-04-19_204725-1.png_Otsu.png
Component: component_1745102850103_123.png
centerX: 0.37985865724381623
centerY: 0.18485237483953787
width: 0.02591283863368669
height: 0.02738553701326487
Area: 0.0002829979945698657
CentroidX: 0.3915
CentroidY: 0.1974
