Location: Document_2025-04-19_204755-1.png_Gaussian-Median.png
Component: component_1745102850396_28.png
centerX: 0.27267373380447585
centerY: 0.06546854942233633
width: 0.028857479387514724
height: 0.029525032092426188
Area: 0.0003694346037750874
CentroidX: 0.2862
CentroidY: 0.0788
