Location: Document_2025-04-19_204755-1.png_Mean-Closing.png
Component: component_1745102850275_28.png
centerX: 0.5447585394581861
centerY: 0.025673940949935817
width: 0.02591283863368669
height: 0.02781343602909713
Area: 0.0003510384741191656
CentroidX: 0.5567
CentroidY: 0.0381
