Location: 2025-04-19_204725-1.png_Otsu.png
Component: component_1745102850208_582.png
centerX: 0.034746760895170786
centerY: 0.7642276422764228
width: 0.024146054181389872
height: 0.026957637997432605
Area: 0.00031676623256840714
CentroidX: 0.0451
CentroidY: 0.7769
