Location: Document_2025-04-19_204755-1.png_Otsu.png
Component: component_1745102850357_277.png
centerX: 0.7879858657243817
centerY: 0.28498074454428757
width: 0.026501766784452298
height: 0.025673940949935817
Area: 0.00015724910829171523
CentroidX: 0.7961
CentroidY: 0.2949
