Location: easy26_Mean-Closing.png
Component: component_1744297381976_139.png
centerX: 0.9306451612903226
centerY: 0.11973180076628352
width: 0.017741935483870968
height: 0.014846743295019157
Area: 0.0001324774440736621
CentroidX: 0.9377
CentroidY: 0.1266
