Location: easy43_Mean-Closing.png
Component: component_1744297380677_1060.png
centerX: 0.5006045949214026
centerY: 0.6331765711842667
width: 0.008464328899637243
height: 0.010260795211628902
Area: 6.022685621497214e-05
CentroidX: 0.5039
CentroidY: 0.6380
