Location: Document_2025-04-19_204755-1.png_Mean-Closing.png
Component: component_1745102850279_47.png
centerX: 0.7385159010600707
centerY: 0.06889174154899444
width: 0.026501766784452298
height: 0.024818142918271287
Area: 0.00033037432847826713
CentroidX: 0.7512
CentroidY: 0.0796
