Location: Document_2025-04-19_204755-1.png_Gaussian-Median.png
Component: component_1745102850417_134.png
centerX: 0.64075382803298
centerY: 0.28840393667094566
width: 0.028268551236749116
height: 0.02738553701326487
Area: 0.0003328943462393523
CentroidX: 0.6536
CentroidY: 0.3007
