Location: 2025-04-19_204725-1.png_Otsu.png
Component: component_1745102850135_260.png
centerX: 0.6431095406360424
centerY: 0.362002567394095
width: 0.028857479387514724
height: 0.02866923406076166
Area: 0.00030164612600189607
CentroidX: 0.6570
CentroidY: 0.3748
