Location: Document_2025-04-19_204755-1.png_Mean-Closing.png
Component: component_1745102850292_111.png
centerX: 0.4458186101295642
centerY: 0.19940094137783482
width: 0.028857479387514724
height: 0.03080872913992298
Area: 0.00043974309930936394
CentroidX: 0.4592
CentroidY: 0.2130
