Location: 2025-04-19_204725-1.png_Otsu.png
Component: component_1745102850200_524.png
centerX: 0.6513545347467609
centerY: 0.6859221223791185
width: 0.024734982332155476
height: 0.02781343602909713
Area: 0.0003313823355827012
CentroidX: 0.6628
CentroidY: 0.6983
