Location: Document_2025-04-19_204755-1.png_Otsu.png
Component: component_1745102850361_312.png
centerX: 0.7373380447585395
centerY: 0.3281985451433462
width: 0.026501766784452298
height: 0.026529738981600343
Area: 0.0001791732628131563
CentroidX: 0.7449
CentroidY: 0.3377
