Location: Document_2025-04-19_204755-1.png_Otsu.png
Component: component_1745102850332_15.png
centerX: 0.2744405182567727
centerY: 0.022250748823277707
width: 0.028268551236749116
height: 0.031664527171587506
Area: 0.0003442344261642356
CentroidX: 0.2864
CentroidY: 0.0364
