Location: easy16_Gaussian-Median.png
Component: component_1744297381879_1020.png
centerX: 0.24596774193548387
centerY: 0.7116858237547893
width: 0.016129032258064516
height: 0.014367816091954023
Area: 0.00010505499938202942
CentroidX: 0.2529
CentroidY: 0.7179
