Location: easy16_Gaussian-Median.png
Component: component_1744297381694_277.png
centerX: 0.9338709677419355
centerY: 0.19636015325670497
width: 0.016129032258064516
height: 0.014846743295019157
Area: 0.00012166295884315906
CentroidX: 0.9409
CentroidY: 0.2028
