Location: 2025-04-19_204725-1.png_Otsu.png
Component: component_1745102850180_408.png
centerX: 0.5547703180212014
centerY: 0.5712451861360719
width: 0.026501766784452298
height: 0.025246041934103552
Area: 0.00030315813665854715
CentroidX: 0.5670
CentroidY: 0.5821
