Location: Document_2025-04-19_204755-1.png_Mean-Closing.png
Component: component_1745102850301_155.png
centerX: 0.13780918727915195
centerY: 0.29696191698759095
width: 0.026501766784452298
height: 0.02738553701326487
Area: 0.0003636385629245915
CentroidX: 0.1498
CentroidY: 0.3089
