Location: Document_2025-04-19_204755-1.png_Otsu.png
Component: component_1745102850337_47.png
centerX: 0.22379269729093051
centerY: 0.0693196405648267
width: 0.030624263839811542
height: 0.02267864783910997
Area: 0.00021319350258780623
CentroidX: 0.2387
CentroidY: 0.0812
