Location: 2025-04-19_204725-1.png_Otsu.png
Component: component_1745102850229_664.png
centerX: 0.08303886925795052
centerY: 0.887890457851947
width: 0.023557126030624265
height: 0.024390243902439025
Area: 0.00030089012067357053
CentroidX: 0.0945
CentroidY: 0.8989
