Location: 2025-04-19_204725-1.png_Otsu.png
Component: component_1745102850217_613.png
centerX: 0.267962308598351
centerY: 0.8057338468121523
width: 0.030035335689045935
height: 0.02610183996576808
Area: 0.0003313823355827012
CentroidX: 0.2827
CentroidY: 0.8177
