Location: 2025-04-19_204725-1.png_Otsu.png
Component: component_1745102850109_156.png
centerX: 0.7997644287396938
centerY: 0.22250748823277705
width: 0.02591283863368669
height: 0.02738553701326487
Area: 0.00030996218461347717
CentroidX: 0.8105
CentroidY: 0.2345
