Location: Document_2025-04-19_204755-1.png_Gaussian-Median.png
Component: component_1745102850394_16.png
centerX: 0.8739693757361602
centerY: 0.025246041934103552
width: 0.024146054181389872
height: 0.02995293110825845
Area: 0.0003606145416112893
CentroidX: 0.8859
CentroidY: 0.0392
