Location: Document_2025-04-19_204755-1.png_Mean-Closing.png
Component: component_1745102850282_59.png
centerX: 0.47644287396937574
centerY: 0.10483525887890457
width: 0.02767962308598351
height: 0.02781343602909713
Area: 0.00032785431071718195
CentroidX: 0.4887
CentroidY: 0.1173
