Location: 2025-04-19_204725-1.png_Otsu.png
Component: component_1745102850188_459.png
centerX: 0.3044758539458186
centerY: 0.6118955926401369
width: 0.02591283863368669
height: 0.02610183996576808
Area: 0.0002827459927937572
CentroidX: 0.3164
CentroidY: 0.6230
