Location: Document_2025-04-19_204755-1.png_Gaussian-Median.png
Component: component_1745102850418_135.png
centerX: 0.8798586572438163
centerY: 0.2888318356867779
width: 0.028857479387514724
height: 0.024390243902439025
Area: 0.0003092061792851516
CentroidX: 0.8930
CentroidY: 0.2995
