Location: 2025-04-19_204725-1.png_Otsu.png
Component: component_1745102850187_457.png
centerX: 0.03121319199057715
centerY: 0.6123234916559692
width: 0.025323910482921083
height: 0.024818142918271287
Area: 0.0002857700141070594
CentroidX: 0.0421
CentroidY: 0.6238
