Location: 2025-04-19_204725-1.png_Otsu.png
Component: component_1745102850077_51.png
centerX: 0.12838633686690223
centerY: 0.06546854942233633
width: 0.028857479387514724
height: 0.02738553701326487
Area: 0.00034625044037310375
CentroidX: 0.1405
CentroidY: 0.0788
