Location: 2025-04-19_204725-1.png_Otsu.png
Component: component_1745102850224_643.png
centerX: 0.643698468786808
centerY: 0.8468121523320497
width: 0.024734982332155476
height: 0.026957637997432605
Area: 0.00034070640129871634
CentroidX: 0.6548
CentroidY: 0.8592
