Location: Document_2025-04-19_204755-1.png_Otsu.png
Component: component_1745102850337_46.png
centerX: 0.7785630153121319
centerY: 0.06889174154899444
width: 0.025323910482921083
height: 0.02610183996576808
Area: 0.00013860097685968492
CentroidX: 0.7860
CentroidY: 0.0783
