Location: 2025-04-19_204725-1.png_Otsu.png
Component: component_1745102850134_257.png
centerX: 0.4705535924617197
centerY: 0.36157466837826274
width: 0.02767962308598351
height: 0.02610183996576808
Area: 0.0002880380300920361
CentroidX: 0.4831
CentroidY: 0.3737
