Location: Document_2025-04-19_204755-1.png_Otsu.png
Component: component_1745102850352_193.png
centerX: 0.4010600706713781
centerY: 0.2032520325203252
width: 0.024146054181389872
height: 0.02610183996576808
Area: 0.00023133763046761954
CentroidX: 0.4123
CentroidY: 0.2171
