Location: Document_2025-04-19_204755-1.png_Otsu.png
Component: component_1745102850354_249.png
centerX: 0.872791519434629
centerY: 0.2468977321352161
width: 0.028268551236749116
height: 0.024390243902439025
Area: 0.0002056334493045507
CentroidX: 0.8827
CentroidY: 0.2554
