Location: 2025-04-19_204725-1.png_Otsu.png
Component: component_1745102850232_680.png
centerX: 0.7938751472320377
centerY: 0.8925973470261018
width: 0.030624263839811542
height: 0.025246041934103552
Area: 0.00035607850964133593
CentroidX: 0.8080
CentroidY: 0.9040
