Location: Document_2025-04-19_204755-1.png_Otsu.png
Component: component_1745102850335_38.png
centerX: 0.27326266195524146
centerY: 0.0658964484381686
width: 0.028268551236749116
height: 0.029097133076593923
Area: 0.0003026541331063301
CentroidX: 0.2863
CentroidY: 0.0787
