Location: easy16_Gaussian-Median.png
Component: component_1744297381765_418.png
centerX: 0.7362903225806452
centerY: 0.289272030651341
width: 0.01532258064516129
height: 0.014846743295019157
Area: 0.00011123470522803115
CentroidX: 0.7427
CentroidY: 0.2958
