Location: 2025-04-19_204725-1.png_Otsu.png
Component: component_1745102850166_349.png
centerX: 0.872791519434629
centerY: 0.49122807017543857
width: 0.028857479387514724
height: 0.028241335044929396
Area: 0.0003187822467772753
CentroidX: 0.8851
CentroidY: 0.5042
