Location: Document_2025-04-19_204755-1.png_Gaussian-Median.png
Component: component_1745102850414_124.png
centerX: 0.23910482921083628
centerY: 0.2503209242618742
width: 0.028268551236749116
height: 0.025673940949935817
Area: 0.00038631872277435813
CentroidX: 0.2515
CentroidY: 0.2629
