Location: 2025-04-19_204725-1.png_Otsu.png
Component: component_1745102850082_62.png
centerX: 0.6725559481743227
centerY: 0.09242618741976893
width: 0.026501766784452298
height: 0.024818142918271287
Area: 0.0002880380300920361
CentroidX: 0.6845
CentroidY: 0.1031
