Location: Document_2025-04-19_204755-1.png_Gaussian-Median.png
Component: component_1745102850398_39.png
centerX: 0.7779740871613663
centerY: 0.06846384253316218
width: 0.026501766784452298
height: 0.02781343602909713
Area: 0.0003414624066270419
CentroidX: 0.7913
CentroidY: 0.0810
