Location: 2025-04-19_204725-1.png_Otsu.png
Component: component_1745102850207_570.png
centerX: 0.9587750294464076
centerY: 0.7329910141206675
width: 0.023557126030624265
height: 0.031664527171587506
Area: 0.0003500304670147315
CentroidX: 0.9694
CentroidY: 0.7486
