Location: easy21_Mean-Medain.png
Component: component_1744297381077_1068.png
centerX: 0.6758064516129032
centerY: 0.7921455938697318
width: 0.016935483870967744
height: 0.01532567049808429
Area: 0.00013595352861203806
CentroidX: 0.6828
CentroidY: 0.7988
