Location: 2025-04-19_204725-1.png_Otsu.png
Component: component_1745102850238_697.png
centerX: 0.5235571260306242
centerY: 0.9379546427043218
width: 0.030035335689045935
height: 0.02781343602909713
Area: 0.00039690279737091585
CentroidX: 0.5384
CentroidY: 0.9507
