Location: 2025-04-19_204725-1.png_Otsu.png
Component: component_1745102850206_564.png
centerX: 0.6707891637220259
centerY: 0.7265725288831836
width: 0.026501766784452298
height: 0.026529738981600343
Area: 0.00031979025388170936
CentroidX: 0.6822
CentroidY: 0.7389
