Location: Document_2025-04-19_204755-1.png_Otsu.png
Component: component_1745102850351_187.png
centerX: 0.11248527679623085
centerY: 0.2011125374411639
width: 0.024146054181389872
height: 0.02781343602909713
Area: 0.0002419217050641773
CentroidX: 0.1239
CentroidY: 0.2142
