Location: 2025-04-19_204725-1.png_Otsu.png
Component: component_1745102850199_522.png
centerX: 0.4452296819787986
centerY: 0.6846384253316218
width: 0.024734982332155476
height: 0.025246041934103552
Area: 0.00029837010291248534
CentroidX: 0.4569
CentroidY: 0.6958
