Location: Document_2025-04-19_204755-1.png_Gaussian-Median.png
Component: component_1745102850405_74.png
centerX: 0.5842167255594818
centerY: 0.15447154471544716
width: 0.028268551236749116
height: 0.02610183996576808
Area: 0.00034171440840315045
CentroidX: 0.5975
CentroidY: 0.1670
