Location: easy26_Mean-Closing.png
Component: component_1744297382068_486.png
centerX: 0.6088709677419355
centerY: 0.34626436781609193
width: 0.01532258064516129
height: 0.014367816091954023
Area: 0.00010196514645902856
CentroidX: 0.6158
CentroidY: 0.3526
