Location: Document_2025-04-19_204755-1.png_Mean-Closing.png
Component: component_1745102850283_63.png
centerX: 0.24676089517078917
centerY: 0.110397946084724
width: 0.026501766784452298
height: 0.028241335044929396
Area: 0.0003641425664768085
CentroidX: 0.2590
CentroidY: 0.1222
