Location: 2025-04-19_204725-1.png_Otsu.png
Component: component_1745102850116_192.png
centerX: 0.702002355712603
centerY: 0.26230209670517757
width: 0.026501766784452298
height: 0.02738553701326487
Area: 0.00028324999634597427
CentroidX: 0.7134
CentroidY: 0.2744
