Location: 2025-04-19_204725-1.png_Otsu.png
Component: component_1745102850182_415.png
centerX: 0.38044758539458184
centerY: 0.5721009841677364
width: 0.02591283863368669
height: 0.02738553701326487
Area: 0.0002998821135691364
CentroidX: 0.3930
CentroidY: 0.5840
