Location: Document_2025-04-19_204755-1.png_Otsu.png
Component: component_1745102850363_322.png
centerX: 0.4369846878680801
centerY: 0.3329054343175011
width: 0.02591283863368669
height: 0.021822849807445442
Area: 0.00015699710651560672
CentroidX: 0.4447
CentroidY: 0.3402
