Location: 2025-04-19_204725-1.png_Otsu.png
Component: component_1745102850070_23.png
centerX: 0.2585394581861013
centerY: 0.018399657680787333
width: 0.030035335689045935
height: 0.025673940949935817
Area: 0.00035179447944749115
CentroidX: 0.2715
CentroidY: 0.0306
