Location: Document_2025-04-19_204755-1.png_Otsu.png
Component: component_1745102850331_9.png
centerX: 0.14075382803297998
centerY: 0.02053915275994865
width: 0.023557126030624265
height: 0.029097133076593923
Area: 0.00032281427519501157
CentroidX: 0.1503
CentroidY: 0.0344
