Location: 2025-04-19_204725-1.png_Otsu.png
Component: component_1745102850100_109.png
centerX: 0.8268551236749117
centerY: 0.17543859649122806
width: 0.02591283863368669
height: 0.02781343602909713
Area: 0.0002968580922558342
CentroidX: 0.8387
CentroidY: 0.1886
