Location: 2025-04-19_204725-1.png_Otsu.png
Component: component_1745102850205_556.png
centerX: 0.03769140164899882
centerY: 0.7261446298673513
width: 0.021790341578327443
height: 0.025673940949935817
Area: 0.0001844653001114352
CentroidX: 0.0461
CentroidY: 0.7356
