Location: 2025-04-19_204725-1.png_Otsu.png
Component: component_1745102850075_40.png
centerX: 0.5677267373380448
centerY: 0.05605477107402653
width: 0.02767962308598351
height: 0.026529738981600343
Area: 0.00030391414198687274
CentroidX: 0.5795
CentroidY: 0.0681
