Location: 2025-04-19_204725-1.png_Otsu.png
Component: component_1745102850096_100.png
centerX: 0.17550058892815076
centerY: 0.14848095849379547
width: 0.028857479387514724
height: 0.026529738981600343
Area: 0.00032231027164279454
CentroidX: 0.1894
CentroidY: 0.1611
