Location: Document_2025-04-19_204755-1.png_Otsu.png
Component: component_1745102850335_36.png
centerX: 0.14075382803297998
centerY: 0.06632434745400086
width: 0.030035335689045935
height: 0.02866923406076166
Area: 0.00029282606383809794
CentroidX: 0.1535
CentroidY: 0.0792
