Location: 2025-04-19_204725-1.png_Otsu.png
Component: component_1745102850133_246.png
centerX: 0.08421672555948174
centerY: 0.32349165596919127
width: 0.028268551236749116
height: 0.025246041934103552
Area: 0.0002683818915555717
CentroidX: 0.0967
CentroidY: 0.3351
