Location: Document_2025-04-19_204755-1.png_Otsu.png
Component: component_1745102850356_260.png
centerX: 0.1872791519434629
centerY: 0.25203252032520324
width: 0.02591283863368669
height: 0.02610183996576808
Area: 0.00026082183827231615
CentroidX: 0.1987
CentroidY: 0.2646
