Location: 2025-04-19_204725-1.png_Otsu.png
Component: component_1745102850100_110.png
centerX: 0.8680800942285041
centerY: 0.17586649550706032
width: 0.028857479387514724
height: 0.025673940949935817
Area: 0.0003024021313302216
CentroidX: 0.8822
CentroidY: 0.1875
