Location: easy21_Mean-Medain.png
Component: component_1744297380845_393.png
centerX: 0.6645161290322581
centerY: 0.35823754789272033
width: 0.016935483870967744
height: 0.01532567049808429
Area: 0.00012629773822766036
CentroidX: 0.6723
CentroidY: 0.3649
