Location: Document_2025-04-19_204755-1.png_Mean-Closing.png
Component: component_1745102850276_34.png
centerX: 0.7073027090694936
centerY: 0.026957637997432605
width: 0.025323910482921083
height: 0.02866923406076166
Area: 0.00034650244214921226
CentroidX: 0.7185
CentroidY: 0.0407
