Location: Document_2025-04-19_204755-1.png_Mean-Closing.png
Component: component_1745102850292_110.png
centerX: 0.4010600706713781
centerY: 0.19940094137783482
width: 0.030624263839811542
height: 0.030380830124090714
Area: 0.0004730073337556883
CentroidX: 0.4134
CentroidY: 0.2129
