Location: easy64_Gaussian-Closing.png
Component: component_1744297381501_1153.png
centerX: 0.7079806529625151
centerY: 0.7246686618212912
width: 0.008464328899637243
height: 0.00940572894399316
Area: 6.151927802216038e-05
CentroidX: 0.7115
CentroidY: 0.7296
