Location: Document_2025-04-19_204755-1.png_Mean-Closing.png
Component: component_1745102850290_101.png
centerX: 0.6972909305064782
centerY: 0.196405648267009
width: 0.02591283863368669
height: 0.026957637997432605
Area: 0.0003485184563580804
CentroidX: 0.7088
CentroidY: 0.2085
