Location: 2025-04-19_204725-1.png_Otsu.png
Component: component_1745102850099_105.png
centerX: 0.03828032979976443
centerY: 0.15447154471544716
width: 0.028857479387514724
height: 0.02610183996576808
Area: 0.00029887410646470237
CentroidX: 0.0512
CentroidY: 0.1660
