Location: 2025-04-19_204725-1.png_Otsu.png
Component: component_1745102850068_14.png
centerX: 0.6065959952885748
centerY: 0.014976465554129225
width: 0.027090694935217905
height: 0.02995293110825845
Area: 0.00038984674763987737
CentroidX: 0.6189
CentroidY: 0.0296
