Location: 2025-04-19_204725-1.png_Otsu.png
Component: component_1745102850133_243.png
centerX: 0.22909305064782096
centerY: 0.323063756953359
width: 0.030624263839811542
height: 0.026529738981600343
Area: 0.0002991261082408109
CentroidX: 0.2433
CentroidY: 0.3350
