Location: 2025-04-19_204725-1.png_Otsu.png
Component: component_1745102850231_677.png
centerX: 0.7102473498233216
centerY: 0.8900299529311082
width: 0.027090694935217905
height: 0.024390243902439025
Area: 0.00031651423079229863
CentroidX: 0.7231
CentroidY: 0.9012
