Location: Document_2025-04-19_204755-1.png_Otsu.png
Component: component_1745102850359_292.png
centerX: 0.04946996466431095
centerY: 0.2948224219084296
width: 0.023557126030624265
height: 0.02738553701326487
Area: 0.0002915660549575553
CentroidX: 0.0596
CentroidY: 0.3073
