Location: 2025-04-19_204725-1.png_Otsu.png
Component: component_1745102850211_589.png
centerX: 0.11012956419316844
centerY: 0.766367137355584
width: 0.023557126030624265
height: 0.02738553701326487
Area: 0.00033516236222432894
CentroidX: 0.1202
CentroidY: 0.7788
