Location: Document_2025-04-19_204755-1.png_Otsu.png
Component: component_1745102850350_183.png
centerX: 0.30683156654888105
centerY: 0.20025673940949937
width: 0.02944640753828033
height: 0.025673940949935817
Area: 0.00030567815441963234
CentroidX: 0.3193
CentroidY: 0.2117
