Location: 2025-04-19_204725-1.png_Otsu.png
Component: component_1745102850135_261.png
centerX: 0.6949352179034158
centerY: 0.362002567394095
width: 0.024734982332155476
height: 0.02866923406076166
Area: 0.0002814859839132146
CentroidX: 0.7054
CentroidY: 0.3756
