Location: 2025-04-19_204725-1.png_Otsu.png
Component: component_1745102850163_346.png
centerX: 0.4711425206124853
centerY: 0.49080017115960634
width: 0.025323910482921083
height: 0.02866923406076166
Area: 0.00030895417750904307
CentroidX: 0.4825
CentroidY: 0.5039
