Location: 2025-04-19_204725-1.png_Otsu.png
Component: component_1745102850206_567.png
centerX: 0.8362779740871613
centerY: 0.7287120239623449
width: 0.030035335689045935
height: 0.029525032092426188
Area: 0.0003613705469396148
CentroidX: 0.8497
CentroidY: 0.7415
