Location: Document_2025-04-19_204755-1.png_Gaussian-Median.png
Component: component_1745102850415_127.png
centerX: 0.09305064782096584
centerY: 0.2524604193410355
width: 0.027090694935217905
height: 0.02610183996576808
Area: 0.0003724586250883896
CentroidX: 0.1062
CentroidY: 0.2647
