Location: easy21_Mean-Medain.png
Component: component_1744297380827_315.png
centerX: 0.8685483870967742
centerY: 0.3117816091954023
width: 0.016129032258064516
height: 0.014846743295019157
Area: 0.00011625571622790755
CentroidX: 0.8752
CentroidY: 0.3185
