Location: Document_2025-04-19_204755-1.png_Otsu.png
Component: component_1745102850347_142.png
centerX: 0.14840989399293286
centerY: 0.16174582798459564
width: 0.024734982332155476
height: 0.026529738981600343
Area: 0.0002139495079161318
CentroidX: 0.1603
CentroidY: 0.1730
