Location: 2025-04-19_204725-1.png_Otsu.png
Component: component_1745102850223_640.png
centerX: 0.2061248527679623
centerY: 0.8463842533162174
width: 0.025323910482921083
height: 0.02738553701326487
Area: 0.0003550705025369019
CentroidX: 0.2177
CentroidY: 0.8587
