Location: 2025-04-19_204725-1.png_Otsu.png
Component: component_1745102850202_544.png
centerX: 0.32567726737338043
centerY: 0.7192982456140351
width: 0.026501766784452298
height: 0.028241335044929396
Area: 0.0003182782432250583
CentroidX: 0.3379
CentroidY: 0.7322
