Location: easy16_Gaussian-Median.png
Component: component_1744297381854_873.png
centerX: 0.055645161290322584
centerY: 0.6230842911877394
width: 0.01532258064516129
height: 0.014367816091954023
Area: 0.00010235137807440366
CentroidX: 0.0621
CentroidY: 0.6294
