Location: 2025-04-19_204725-1.png_Otsu.png
Component: component_1745102850205_559.png
centerX: 0.7550058892815077
centerY: 0.7261446298673513
width: 0.026501766784452298
height: 0.025673940949935817
Area: 0.00030567815441963234
CentroidX: 0.7669
CentroidY: 0.7375
