Location: Document_2025-04-19_204755-1.png_Mean-Closing.png
Component: component_1745102850300_149.png
centerX: 0.43404004711425204
centerY: 0.2935387248609328
width: 0.028857479387514724
height: 0.028241335044929396
Area: 0.0003762386517300174
CentroidX: 0.4477
CentroidY: 0.3061
