Location: easy21_Mean-Medain.png
Component: component_1744297380969_940.png
centerX: 0.08870967741935484
centerY: 0.7212643678160919
width: 0.016129032258064516
height: 0.014846743295019157
Area: 0.00011432455815103201
CentroidX: 0.0959
CentroidY: 0.7276
