Location: 2025-04-19_204725-1.png_Otsu.png
Component: component_1745102850237_696.png
centerX: 0.4882214369846879
centerY: 0.9370988446726572
width: 0.027090694935217905
height: 0.02738553701326487
Area: 0.00033617036932876305
CentroidX: 0.5009
CentroidY: 0.9496
