Location: Document_2025-04-19_204755-1.png_Mean-Closing.png
Component: component_1745102850295_123.png
centerX: 0.9246171967020024
centerY: 0.24518613607188702
width: 0.027090694935217905
height: 0.02781343602909713
Area: 0.0003875787316549007
CentroidX: 0.9383
CentroidY: 0.2579
