Location: Document_2025-04-19_204755-1.png_Mean-Closing.png
Component: component_1745102850277_37.png
centerX: 0.27326266195524146
centerY: 0.06546854942233633
width: 0.028268551236749116
height: 0.029097133076593923
Area: 0.00036867859844676187
CentroidX: 0.2863
CentroidY: 0.0788
