Location: 2025-04-19_204725-1.png_Otsu.png
Component: component_1745102850137_271.png
centerX: 0.28209658421672557
centerY: 0.3654257595207531
width: 0.028857479387514724
height: 0.024818142918271287
Area: 0.0002840060016742998
CentroidX: 0.2960
CentroidY: 0.3766
