Location: Document_2025-04-19_204755-1.png_Gaussian-Median.png
Component: component_1745102850399_42.png
centerX: 0.6472320376914017
centerY: 0.07017543859649122
width: 0.028268551236749116
height: 0.02738553701326487
Area: 0.00036187455049183185
CentroidX: 0.6600
CentroidY: 0.0823
