Location: 2025-04-19_204725-1.png_Otsu.png
Component: component_1745102850174_371.png
centerX: 0.15665488810365136
centerY: 0.5331621737270005
width: 0.023557126030624265
height: 0.026529738981600343
Area: 0.0002852660105548424
CentroidX: 0.1672
CentroidY: 0.5453
