Location: easy21_Mean-Medain.png
Component: component_1744297380896_652.png
centerX: 0.16451612903225807
centerY: 0.5196360153256705
width: 0.016129032258064516
height: 0.014367816091954023
Area: 0.00011123470522803115
CentroidX: 0.1716
CentroidY: 0.5260
