Location: Document_2025-04-19_204755-1.png_Gaussian-Median.png
Component: component_1745102850412_113.png
centerX: 0.6949352179034158
centerY: 0.24518613607188702
width: 0.028268551236749116
height: 0.026957637997432605
Area: 0.00038430270856548997
CentroidX: 0.7079
CentroidY: 0.2572
