Location: 2025-04-19_204725-1.png_Otsu.png
Component: component_1745102850241_719.png
centerX: 0.32685512367491165
centerY: 0.9777492511767223
width: 0.028857479387514724
height: 0.021822849807445442
Area: 0.00033037432847826713
CentroidX: 0.3405
CentroidY: 0.9878
