Location: 2025-04-19_204725-1.png_Otsu.png
Component: component_1745102850148_289.png
centerX: 0.699057714958775
centerY: 0.4065040650406504
width: 0.027090694935217905
height: 0.02610183996576808
Area: 0.0002855180123309509
CentroidX: 0.7114
CentroidY: 0.4187
