Location: easy16_Gaussian-Median.png
Component: component_1744297381873_985.png
centerX: 0.2838709677419355
centerY: 0.6886973180076629
width: 0.01532258064516129
height: 0.014846743295019157
Area: 0.00010273760968977877
CentroidX: 0.2907
CentroidY: 0.6950
