Location: 2025-04-19_204725-1.png_Otsu.png
Component: component_1745102850108_153.png
centerX: 0.889281507656066
centerY: 0.220795892169448
width: 0.02591283863368669
height: 0.026529738981600343
Area: 0.00028728202476371054
CentroidX: 0.9010
CentroidY: 0.2328
