Location: Document_2025-04-19_204755-1.png_Mean-Closing.png
Component: component_1745102850292_114.png
centerX: 0.11071849234393404
centerY: 0.2011125374411639
width: 0.02591283863368669
height: 0.02781343602909713
Area: 0.00040773887374358214
CentroidX: 0.1223
CentroidY: 0.2138
