Location: 2025-04-19_204725-1.png_Otsu.png
Component: component_1745102850082_65.png
centerX: 0.3498233215547703
centerY: 0.09798887462558836
width: 0.028268551236749116
height: 0.028241335044929396
Area: 0.0003175222378967327
CentroidX: 0.3630
CentroidY: 0.1115
