Location: 2025-04-19_204725-1.png_Otsu.png
Component: component_1745102850227_660.png
centerX: 0.541813898704358
centerY: 0.8861788617886179
width: 0.022968197879858657
height: 0.02781343602909713
Area: 0.00019756939246907813
CentroidX: 0.5498
CentroidY: 0.8965
