Location: 2025-04-19_204725-1.png_Otsu.png
Component: component_1745102850085_74.png
centerX: 0.22143698468786807
centerY: 0.10397946084724005
width: 0.028857479387514724
height: 0.02781343602909713
Area: 0.0003205462592100349
CentroidX: 0.2343
CentroidY: 0.1168
