Location: Document_2025-04-19_204755-1.png_Gaussian-Median.png
Component: component_1745102850418_137.png
centerX: 0.5906949352179034
centerY: 0.290543431750107
width: 0.027090694935217905
height: 0.026529738981600343
Area: 0.0003187822467772753
CentroidX: 0.6027
CentroidY: 0.3027
