Location: Document_2025-04-19_204755-1.png_Otsu.png
Component: component_1745102850341_80.png
centerX: 0.6378091872791519
centerY: 0.11210954214805306
width: 0.024146054181389872
height: 0.02610183996576808
Area: 0.0002683818915555717
CentroidX: 0.6492
CentroidY: 0.1239
