Location: 2025-04-19_204725-1.png_Otsu.png
Component: component_1745102850194_492.png
centerX: 0.46760895170789163
centerY: 0.6478391099700471
width: 0.028857479387514724
height: 0.025673940949935817
Area: 0.0003182782432250583
CentroidX: 0.4808
CentroidY: 0.6594
