Location: 2025-04-19_204725-1.png_Otsu.png
Component: component_1745102850220_630.png
centerX: 0.4882214369846879
centerY: 0.8438168592212237
width: 0.02767962308598351
height: 0.02866923406076166
Area: 0.0003313823355827012
CentroidX: 0.4999
CentroidY: 0.8572
