Location: Document_2025-04-19_204755-1.png_Mean-Closing.png
Component: component_1745102850295_122.png
centerX: 0.7862190812720848
centerY: 0.24518613607188702
width: 0.03180212014134275
height: 0.02738553701326487
Area: 0.0003724586250883896
CentroidX: 0.8003
CentroidY: 0.2575
