Location: Document_2025-04-19_204755-1.png_Gaussian-Median.png
Component: component_1745102850421_155.png
centerX: 0.7373380447585395
centerY: 0.3277706461275139
width: 0.028857479387514724
height: 0.026957637997432605
Area: 0.0003558265078652274
CentroidX: 0.7501
CentroidY: 0.3390
