Location: Document_2025-04-19_204755-1.png_Otsu.png
Component: component_1745102850345_123.png
centerX: 0.535924617196702
centerY: 0.15489944373127942
width: 0.02591283863368669
height: 0.026957637997432605
Area: 0.00028022597503267205
CentroidX: 0.5486
CentroidY: 0.1671
