Location: easy21_Mean-Medain.png
Component: component_1744297380972_951.png
centerX: 0.3967741935483871
centerY: 0.7227011494252874
width: 0.016129032258064516
height: 0.014846743295019157
Area: 0.00011664194784328266
CentroidX: 0.4035
CentroidY: 0.7292
