Location: Document_2025-04-19_204755-1.png_Gaussian-Median.png
Component: component_1745102850402_60.png
centerX: 0.6855123674911661
centerY: 0.1116816431322208
width: 0.025323910482921083
height: 0.025246041934103552
Area: 0.0003286103160455075
CentroidX: 0.6974
CentroidY: 0.1231
