Location: 2025-04-19_204725-1.png_Otsu.png
Component: component_1745102850213_598.png
centerX: 0.925206124852768
centerY: 0.7715019255455713
width: 0.02237926972909305
height: 0.026529738981600343
Area: 0.00020336543331957404
CentroidX: 0.9322
CentroidY: 0.7814
