Location: Document_2025-04-19_204755-1.png_Mean-Closing.png
Component: component_1745102850280_50.png
centerX: 0.7008244994110718
centerY: 0.06974753958065896
width: 0.02591283863368669
height: 0.025673940949935817
Area: 0.0003109701917179112
CentroidX: 0.7127
CentroidY: 0.0812
