Location: 2025-04-19_204725-1.png_Otsu.png
Component: component_1745102850171_357.png
centerX: 0.9617196702002355
centerY: 0.4937954642704322
width: 0.021790341578327443
height: 0.025246041934103552
Area: 0.00029333006739031497
CentroidX: 0.9714
CentroidY: 0.5056
