Location: 2025-04-19_204725-1.png_Otsu.png
Component: component_1745102850074_36.png
centerX: 0.9405182567726738
centerY: 0.05263157894736842
width: 0.02591283863368669
height: 0.025246041934103552
Area: 0.0003328943462393523
CentroidX: 0.9529
CentroidY: 0.0641
