Location: 2025-04-19_204725-1.png_Otsu.png
Component: component_1745102850230_672.png
centerX: 0.29093050647820967
centerY: 0.889602053915276
width: 0.02767962308598351
height: 0.02738553701326487
Area: 0.00034045439952260783
CentroidX: 0.3034
CentroidY: 0.9024
