Location: Document_2025-04-19_204755-1.png_Mean-Closing.png
Component: component_1745102850287_87.png
centerX: 0.7750294464075382
centerY: 0.15661103979460847
width: 0.02944640753828033
height: 0.024818142918271287
Area: 0.00033541436400043746
CentroidX: 0.7891
CentroidY: 0.1680
