Location: Document_2025-04-19_204755-1.png_Gaussian-Median.png
Component: component_1745102850423_169.png
centerX: 0.6949352179034158
centerY: 0.33547282841249465
width: 0.021790341578327443
height: 0.01668806161745828
Area: 0.00014666503369515748
CentroidX: 0.7093
CentroidY: 0.3414
