Location: easy16_Gaussian-Median.png
Component: component_1744297381799_577.png
centerX: 0.15483870967741936
centerY: 0.382183908045977
width: 0.01532258064516129
height: 0.014846743295019157
Area: 0.00010737238907428007
CentroidX: 0.1612
CentroidY: 0.3883
