Location: easy21_Mean-Medain.png
Component: component_1744297380957_900.png
centerX: 0.9491935483870968
centerY: 0.6776819923371648
width: 0.016935483870967744
height: 0.015804597701149427
Area: 0.00012629773822766036
CentroidX: 0.9565
CentroidY: 0.6846
