Location: easy64_Gaussian-Closing.png
Component: component_1744297381205_151.png
centerX: 0.1674727932285369
centerY: 0.17699871740059855
width: 0.008464328899637243
height: 0.00983326207781103
Area: 6.255321546791098e-05
CentroidX: 0.1714
CentroidY: 0.1820
