Location: Document_2025-04-19_204755-1.png_Otsu.png
Component: component_1745102850364_330.png
centerX: 0.14605418138987045
centerY: 0.3363286264441592
width: 0.02237926972909305
height: 0.023106546854942234
Area: 0.00023410965000481324
CentroidX: 0.1562
CentroidY: 0.3464
