Location: 2025-04-19_204725-1.png_Otsu.png
Component: component_1745102850211_593.png
centerX: 0.4287396937573616
centerY: 0.7659392383397519
width: 0.028857479387514724
height: 0.026957637997432605
Area: 0.0003301223267021586
CentroidX: 0.4407
CentroidY: 0.7789
