Location: Document_2025-04-19_204755-1.png_Mean-Closing.png
Component: component_1745102850299_145.png
centerX: 0.5388692579505301
centerY: 0.2913992297817715
width: 0.025323910482921083
height: 0.026529738981600343
Area: 0.00034070640129871634
CentroidX: 0.5508
CentroidY: 0.3033
