Location: 2025-04-19_204725-1.png_Otsu.png
Component: component_1745102850203_549.png
centerX: 0.287396937573616
centerY: 0.7235772357723578
width: 0.02591283863368669
height: 0.02738553701326487
Area: 0.00032835831426939897
CentroidX: 0.2999
CentroidY: 0.7359
