Location: Document_2025-04-19_204755-1.png_Mean-Closing.png
Component: component_1745102850291_106.png
centerX: 0.8333333333333334
centerY: 0.19768934531450577
width: 0.02767962308598351
height: 0.02781343602909713
Area: 0.00035431449720857634
CentroidX: 0.8471
CentroidY: 0.2100
