Location: Document_2025-04-19_204755-1.png_Otsu.png
Component: component_1745102850353_237.png
centerX: 0.4829210836277974
centerY: 0.24518613607188702
width: 0.028857479387514724
height: 0.029097133076593923
Area: 0.0002837539998981913
CentroidX: 0.4971
CentroidY: 0.2593
