Location: Document_2025-04-19_204755-1.png_Otsu.png
Component: component_1745102850338_54.png
centerX: 0.8197879858657244
centerY: 0.07145913564398802
width: 0.026501766784452298
height: 0.025673940949935817
Area: 0.0002618298453767502
CentroidX: 0.8317
CentroidY: 0.0828
