Location: 2025-04-19_204725-1.png_Otsu.png
Component: component_1745102850071_26.png
centerX: 0.925206124852768
centerY: 0.018827556696619598
width: 0.028268551236749116
height: 0.02738553701326487
Area: 0.00035733851852187855
CentroidX: 0.9384
CentroidY: 0.0304
