Location: 2025-04-19_204725-1.png_Otsu.png
Component: component_1745102850188_460.png
centerX: 0.16548881036513546
centerY: 0.6127513906718015
width: 0.02944640753828033
height: 0.024818142918271287
Area: 0.0002935820691664235
CentroidX: 0.1783
CentroidY: 0.6234
