Location: Document_2025-04-19_204755-1.png_Mean-Closing.png
Component: component_1745102850304_171.png
centerX: 0.2926972909305065
centerY: 0.3346170303808301
width: 0.024734982332155476
height: 0.02396234488660676
Area: 0.0002998821135691364
CentroidX: 0.3044
CentroidY: 0.3447
