Location: Document_2025-04-19_204755-1.png_Otsu.png
Component: component_1745102850337_49.png
centerX: 0.5100117785630153
centerY: 0.0693196405648267
width: 0.025323910482921083
height: 0.024390243902439025
Area: 0.00024696174058634764
CentroidX: 0.5213
CentroidY: 0.0799
