Location: Document_2025-04-19_204755-1.png_Gaussian-Median.png
Component: component_1745102850396_30.png
centerX: 0.14016489988221437
centerY: 0.06632434745400086
width: 0.030624263839811542
height: 0.02866923406076166
Area: 0.0003580945238502041
CentroidX: 0.1535
CentroidY: 0.0793
