Location: 2025-04-19_204725-1.png_Otsu.png
Component: component_1745102850174_369.png
centerX: 0.49469964664310956
centerY: 0.5327342747111682
width: 0.026501766784452298
height: 0.028241335044929396
Area: 0.00029282606383809794
CentroidX: 0.5064
CentroidY: 0.5459
