Location: Document_2025-04-19_204755-1.png_Gaussian-Median.png
Component: component_1745102850410_103.png
centerX: 0.4458186101295642
centerY: 0.19940094137783482
width: 0.028857479387514724
height: 0.032520325203252036
Area: 0.0004417591135182321
CentroidX: 0.4593
CentroidY: 0.2132
