Location: 2025-04-19_204725-1.png_Otsu.png
Component: component_1745102850215_602.png
centerX: 0.5965842167255595
centerY: 0.8023106546854942
width: 0.025323910482921083
height: 0.025673940949935817
Area: 0.00031374221125510493
CentroidX: 0.6077
CentroidY: 0.8140
