Location: 2025-04-19_204725-1.png_Otsu.png
Component: component_1745102850117_196.png
centerX: 0.5694935217903416
centerY: 0.2682926829268293
width: 0.02767962308598351
height: 0.026529738981600343
Area: 0.00026510586846616093
CentroidX: 0.5813
CentroidY: 0.2797
