Location: Document_2025-04-19_204755-1.png_Gaussian-Median.png
Component: component_1745102850408_93.png
centerX: 0.6972909305064782
centerY: 0.196405648267009
width: 0.02591283863368669
height: 0.02738553701326487
Area: 0.0003475104492536463
CentroidX: 0.7088
CentroidY: 0.2087
