Location: 2025-04-19_204725-1.png_Otsu.png
Component: component_1745102850191_477.png
centerX: 0.5977620730270907
centerY: 0.6439880188275567
width: 0.026501766784452298
height: 0.026529738981600343
Area: 0.00029307806561420645
CentroidX: 0.6094
CentroidY: 0.6564
