Location: easy21_Mean-Medain.png
Component: component_1744297380851_423.png
centerX: 0.7056451612903226
centerY: 0.3807471264367816
width: 0.016935483870967744
height: 0.014846743295019157
Area: 0.00012204919045853417
CentroidX: 0.7131
CentroidY: 0.3874
