Location: easy16_Gaussian-Median.png
Component: component_1744297381668_141.png
centerX: 0.9064516129032258
centerY: 0.1068007662835249
width: 0.016129032258064516
height: 0.014846743295019157
Area: 0.00011895933753553331
CentroidX: 0.9132
CentroidY: 0.1132
