Location: 2025-04-19_204725-1.png_Otsu.png
Component: component_1745102850091_89.png
centerX: 0.5447585394581861
centerY: 0.13607188703465983
width: 0.028857479387514724
height: 0.02738553701326487
Area: 0.000314750218359539
CentroidX: 0.5588
CentroidY: 0.1490
