Location: Document_2025-04-19_204755-1.png_Mean-Closing.png
Component: component_1745102850279_43.png
centerX: 0.36454652532391046
centerY: 0.0658964484381686
width: 0.026501766784452298
height: 0.026529738981600343
Area: 0.0003402023977464993
CentroidX: 0.3774
CentroidY: 0.0779
