Location: 2025-04-19_204725-1.png_Otsu.png
Component: component_1745102850216_608.png
centerX: 0.7249705535924618
centerY: 0.8027385537013265
width: 0.022968197879858657
height: 0.02781343602909713
Area: 0.0003205462592100349
CentroidX: 0.7358
CentroidY: 0.8151
