Location: Document_2025-04-19_204755-1.png_Mean-Closing.png
Component: component_1745102850275_29.png
centerX: 0.6219081272084805
centerY: 0.02610183996576808
width: 0.02767962308598351
height: 0.029525032092426188
Area: 0.00035481850076079336
CentroidX: 0.6345
CentroidY: 0.0408
