Location: Document_2025-04-19_204755-1.png_Gaussian-Median.png
Component: component_1745102850413_120.png
centerX: 0.872791519434629
centerY: 0.2468977321352161
width: 0.030035335689045935
height: 0.026957637997432605
Area: 0.00040496685420638844
CentroidX: 0.8881
CentroidY: 0.2582
