Location: Document_2025-04-19_204755-1.png_Otsu.png
Component: component_1745102850349_177.png
centerX: 0.790341578327444
centerY: 0.19811724433033803
width: 0.024146054181389872
height: 0.024818142918271287
Area: 0.00015220907276954489
CentroidX: 0.7983
CentroidY: 0.2056
