Location: 2025-04-19_204725-1.png_Otsu.png
Component: component_1745102850222_637.png
centerX: 0.12661955241460543
centerY: 0.8459563543003851
width: 0.028857479387514724
height: 0.0329482242190843
Area: 0.00037749866061056
CentroidX: 0.1400
CentroidY: 0.8600
