Location: Document_2025-04-19_204755-1.png_Mean-Closing.png
Component: component_1745102850305_173.png
centerX: 0.14546525323910484
centerY: 0.3363286264441592
width: 0.022968197879858657
height: 0.0235344458707745
Area: 0.00027896596615212943
CentroidX: 0.1562
CentroidY: 0.3464
