Location: 2025-04-19_204725-1.png_Otsu.png
Component: component_1745102850089_80.png
centerX: 0.8138987043580683
centerY: 0.1305091998288404
width: 0.02237926972909305
height: 0.029097133076593923
Area: 0.000202861429767357
CentroidX: 0.8214
CentroidY: 0.1422
