Location: 2025-04-19_204725-1.png_Otsu.png
Component: component_1745102850203_547.png
centerX: 0.49823321554770317
centerY: 0.7218656397090286
width: 0.027090694935217905
height: 0.02610183996576808
Area: 0.00030441814553908977
CentroidX: 0.5104
CentroidY: 0.7337
