Location: Document_2025-04-19_204755-1.png_Otsu.png
Component: component_1745102850358_281.png
centerX: 0.6943462897526502
centerY: 0.28840393667094566
width: 0.026501766784452298
height: 0.024390243902439025
Area: 0.00025855382228733947
CentroidX: 0.7073
CentroidY: 0.2993
