Location: 2025-04-19_204725-1.png_Otsu.png
Component: component_1745102850088_75.png
centerX: 0.17491166077738515
centerY: 0.10611895592640137
width: 0.027090694935217905
height: 0.02781343602909713
Area: 0.00031953825210560084
CentroidX: 0.1871
CentroidY: 0.1189
