Location: Document_2025-04-19_204755-1.png_Otsu.png
Component: component_1745102850340_73.png
centerX: 0.732037691401649
centerY: 0.11082584510055626
width: 0.021790341578327443
height: 0.025246041934103552
Area: 0.00015170506921732783
CentroidX: 0.7397
CentroidY: 0.1195
