Location: 2025-04-19_204725-1.png_Otsu.png
Component: component_1745102850185_447.png
centerX: 0.5041224970553593
centerY: 0.6093281985451433
width: 0.02591283863368669
height: 0.025673940949935817
Area: 0.0002925740620619894
CentroidX: 0.5160
CentroidY: 0.6203
