Location: 2025-04-19_204725-1.png_Otsu.png
Component: component_1745102850230_670.png
centerX: 0.12249705535924617
centerY: 0.8891741548994437
width: 0.028268551236749116
height: 0.025673940949935817
Area: 0.00033516236222432894
CentroidX: 0.1348
CentroidY: 0.9007
