Location: 2025-04-19_204725-1.png_Otsu.png
Component: component_1745102850163_348.png
centerX: 0.8227326266195524
centerY: 0.49122807017543857
width: 0.027090694935217905
height: 0.029525032092426188
Area: 0.00029761409758415975
CentroidX: 0.8360
CentroidY: 0.5047
