Location: 2025-04-19_204725-1.png_Otsu.png
Component: component_1745102850219_620.png
centerX: 0.0712603062426384
centerY: 0.8078733418913137
width: 0.022968197879858657
height: 0.02610183996576808
Area: 0.0003122302005984538
CentroidX: 0.0825
CentroidY: 0.8189
