Location: Document_2025-04-19_204755-1.png_Otsu.png
Component: component_1745102850340_71.png
centerX: 0.43109540636042404
centerY: 0.10611895592640137
width: 0.025323910482921083
height: 0.026529738981600343
Area: 0.00027216191819719946
CentroidX: 0.4428
CentroidY: 0.1179
