Location: 2025-04-19_204725-1.png_Otsu.png
Component: component_1745102850244_730.png
centerX: 0.8527679623085983
centerY: 0.9828840393667094
width: 0.027090694935217905
height: 0.01668806161745828
Area: 0.0002613258418245332
CentroidX: 0.8645
CentroidY: 0.9916
