Location: 2025-04-19_204725-1.png_Otsu.png
Component: component_1745102850191_479.png
centerX: 0.8015312131919906
centerY: 0.6435601198117245
width: 0.022968197879858657
height: 0.029097133076593923
Area: 0.0002532617849890606
CentroidX: 0.8124
CentroidY: 0.6559
