Location: 2025-04-19_204725-1.png_Otsu.png
Component: component_1745102850243_727.png
centerX: 0.7173144876325088
centerY: 0.979032948224219
width: 0.02944640753828033
height: 0.02053915275994865
Area: 0.0002880380300920361
CentroidX: 0.7308
CentroidY: 0.9895
