Location: 2025-04-19_204725-1.png_Otsu.png
Component: component_1745102850154_313.png
centerX: 0.7361601884570083
centerY: 0.449721865639709
width: 0.02120141342756184
height: 0.026529738981600343
Area: 0.00017287321841044336
CentroidX: 0.7421
CentroidY: 0.4595
