Location: 2025-04-19_204725-1.png_Otsu.png
Component: component_1745102850229_668.png
centerX: 0.5877502944640753
centerY: 0.8883183568677792
width: 0.028857479387514724
height: 0.02396234488660676
Area: 0.0003286103160455075
CentroidX: 0.6008
CentroidY: 0.8990
