Location: 2025-04-19_204725-1.png_Otsu.png
Component: component_1745102850191_475.png
centerX: 0.7232037691401649
centerY: 0.6427043217800599
width: 0.024734982332155476
height: 0.029097133076593923
Area: 0.0002852660105548424
CentroidX: 0.7348
CentroidY: 0.6557
