Location: 2025-04-19_204725-1.png_Otsu.png
Component: component_1745102850197_512.png
centerX: 0.2767962308598351
centerY: 0.6816431322207959
width: 0.027090694935217905
height: 0.025246041934103552
Area: 0.00030441814553908977
CentroidX: 0.2890
CentroidY: 0.6927
