Location: 2025-04-19_204725-1.png_Otsu.png
Component: component_1745102850179_406.png
centerX: 0.42226148409893993
centerY: 0.5708172871202396
width: 0.030035335689045935
height: 0.026529738981600343
Area: 0.0002996301117930279
CentroidX: 0.4360
CentroidY: 0.5827
