Location: Document_2025-04-19_204755-1.png_Mean-Closing.png
Component: component_1745102850300_146.png
centerX: 0.3333333333333333
centerY: 0.29225502781343604
width: 0.02767962308598351
height: 0.029525032092426188
Area: 0.0003928707689531796
CentroidX: 0.3469
CentroidY: 0.3052
