Location: 2025-04-19_204725-1.png_Otsu.png
Component: component_1745102850094_96.png
centerX: 0.36042402826855124
centerY: 0.1433461703038083
width: 0.030035335689045935
height: 0.02610183996576808
Area: 0.0003054261526435238
CentroidX: 0.3737
CentroidY: 0.1558
