Location: Document_2025-04-19_204755-1.png_Otsu.png
Component: component_1745102850347_130.png
centerX: 0.9004711425206124
centerY: 0.15789473684210525
width: 0.02944640753828033
height: 0.02610183996576808
Area: 0.0003180262414489497
CentroidX: 0.9157
CentroidY: 0.1697
