Location: 2025-04-19_204725-1.png_Otsu.png
Component: component_1745102850068_13.png
centerX: 0.7438162544169611
centerY: 0.014120667522464698
width: 0.030035335689045935
height: 0.030380830124090714
Area: 0.0003928707689531796
CentroidX: 0.7571
CentroidY: 0.0278
