Location: Document_2025-04-19_204755-1.png_Gaussian-Median.png
Component: component_1745102850404_71.png
centerX: 0.4458186101295642
centerY: 0.1527599486521181
width: 0.024146054181389872
height: 0.02610183996576808
Area: 0.0003205462592100349
CentroidX: 0.4570
CentroidY: 0.1653
