Location: 2025-04-19_204725-1.png_Otsu.png
Component: component_1745102850181_414.png
centerX: 0.336866902237927
centerY: 0.5716730851519042
width: 0.02591283863368669
height: 0.026529738981600343
Area: 0.0002935820691664235
CentroidX: 0.3479
CentroidY: 0.5835
