Location: easy26_Mean-Closing.png
Component: component_1744297382188_1075.png
centerX: 0.5241935483870968
centerY: 0.8160919540229885
width: 0.01532258064516129
height: 0.014846743295019157
Area: 0.0001135520949202818
CentroidX: 0.5307
CentroidY: 0.8228
