Location: 2025-04-19_204725-1.png_Otsu.png
Component: component_1745102850186_449.png
centerX: 0.7856301531213192
centerY: 0.6097560975609756
width: 0.02061248527679623
height: 0.024390243902439025
Area: 0.00016002112782890893
CentroidX: 0.7923
CentroidY: 0.6185
