Location: Document_2025-04-19_204755-1.png_Gaussian-Median.png
Component: component_1745102850423_165.png
centerX: 0.34275618374558303
centerY: 0.3333333333333333
width: 0.024734982332155476
height: 0.026529738981600343
Area: 0.0003119781988223453
CentroidX: 0.3540
CentroidY: 0.3447
