Location: Document_2025-04-19_204755-1.png_Otsu.png
Component: component_1745102850331_8.png
centerX: 0.22732626619552415
centerY: 0.02011125374411639
width: 0.025323910482921083
height: 0.029525032092426188
Area: 0.0003190342485533838
CentroidX: 0.2385
CentroidY: 0.0339
