Location: Document_2025-04-19_204755-1.png_Otsu.png
Component: component_1745102850338_53.png
centerX: 0.6001177856301532
centerY: 0.07103123662815576
width: 0.024146054181389872
height: 0.02738553701326487
Area: 0.00017035320064935817
CentroidX: 0.6075
CentroidY: 0.0808
