Location: 2025-04-19_204725-1.png_Otsu.png
Component: component_1745102850107_149.png
centerX: 0.9334511189634864
centerY: 0.22036799315361574
width: 0.026501766784452298
height: 0.025673940949935817
Area: 0.0002880380300920361
CentroidX: 0.9452
CentroidY: 0.2319
