Location: Document_2025-04-19_204755-1.png_Gaussian-Median.png
Component: component_1745102850409_98.png
centerX: 0.8333333333333334
centerY: 0.19768934531450577
width: 0.02767962308598351
height: 0.02781343602909713
Area: 0.0003522984829997082
CentroidX: 0.8472
CentroidY: 0.2099
