Location: 2025-04-19_204725-1.png_Otsu.png
Component: component_1745102850199_521.png
centerX: 0.07773851590106007
centerY: 0.685066324347454
width: 0.024734982332155476
height: 0.025673940949935817
Area: 0.0002925740620619894
CentroidX: 0.0890
CentroidY: 0.6965
