Location: 2025-04-19_204725-1.png_Otsu.png
Component: component_1745102850117_194.png
centerX: 0.6560659599528857
centerY: 0.2640136927685066
width: 0.02944640753828033
height: 0.0235344458707745
Area: 0.00026510586846616093
CentroidX: 0.6694
CentroidY: 0.2740
