Location: 2025-04-19_204725-1.png_Otsu.png
Component: component_1745102850123_213.png
centerX: 0.03769140164899882
centerY: 0.28754813863928114
width: 0.028268551236749116
height: 0.02866923406076166
Area: 0.00029055804785312126
CentroidX: 0.0496
CentroidY: 0.3006
