Location: Document_2025-04-19_204755-1.png_Gaussian-Median.png
Component: component_1745102850401_53.png
centerX: 0.2968197879858657
centerY: 0.10654685494223363
width: 0.024734982332155476
height: 0.026957637997432605
Area: 0.0003076941686285005
CentroidX: 0.3074
CentroidY: 0.1183
