Location: Document_2025-04-19_204755-1.png_Otsu.png
Component: component_1745102850350_181.png
centerX: 0.4458186101295642
centerY: 0.19940094137783482
width: 0.028857479387514724
height: 0.03209242618741977
Area: 0.0003313823355827012
CentroidX: 0.4597
CentroidY: 0.2132
