Location: easy26_Mean-Closing.png
Component: component_1744297381965_76.png
centerX: 0.2838709677419355
centerY: 0.07519157088122605
width: 0.016129032258064516
height: 0.014846743295019157
Area: 0.00011316586330490669
CentroidX: 0.2908
CentroidY: 0.0820
