Location: Document_2025-04-19_204755-1.png_Otsu.png
Component: component_1745102850364_329.png
centerX: 0.10011778563015312
centerY: 0.33675652545999146
width: 0.02237926972909305
height: 0.02267864783910997
Area: 0.0002512457707801925
CentroidX: 0.1108
CentroidY: 0.3465
