Location: 2025-04-19_204725-1.png_Otsu.png
Component: component_1745102850117_195.png
centerX: 0.610718492343934
centerY: 0.2652973898160034
width: 0.028857479387514724
height: 0.024818142918271287
Area: 0.0002812339821371061
CentroidX: 0.6240
CentroidY: 0.2762
