Location: Document_2025-04-19_204755-1.png_Mean-Closing.png
Component: component_1745102850303_166.png
centerX: 0.38633686690223795
centerY: 0.33204963628583656
width: 0.02591283863368669
height: 0.025246041934103552
Area: 0.00031172619704623677
CentroidX: 0.3974
CentroidY: 0.3429
