Location: Document_2025-04-19_204755-1.png_Mean-Closing.png
Component: component_1745102850281_55.png
centerX: 0.9093050647820966
centerY: 0.07188703465982028
width: 0.02944640753828033
height: 0.026529738981600343
Area: 0.00023562166066146435
CentroidX: 0.9196
CentroidY: 0.0809
