Location: Document_2025-04-19_204755-1.png_Otsu.png
Component: component_1745102850351_186.png
centerX: 0.8810365135453475
centerY: 0.20068463842533163
width: 0.027090694935217905
height: 0.024390243902439025
Area: 0.0002683818915555717
CentroidX: 0.8934
CentroidY: 0.2116
