Location: easy16_Gaussian-Median.png
Component: component_1744297381905_1164.png
centerX: 0.6580645161290323
centerY: 0.8223180076628352
width: 0.016129032258064516
height: 0.014846743295019157
Area: 0.00011664194784328266
CentroidX: 0.6646
CentroidY: 0.8290
