Location: Document_2025-04-19_204755-1.png_Otsu.png
Component: component_1745102850335_34.png
centerX: 0.40636042402826855
centerY: 0.06504065040650407
width: 0.024146054181389872
height: 0.026957637997432605
Area: 0.00016531316512718782
CentroidX: 0.4149
CentroidY: 0.0751
