Location: Document_2025-04-19_204755-1.png_Mean-Closing.png
Component: component_1745102850290_104.png
centerX: 0.7432273262661955
centerY: 0.19683354728284125
width: 0.02591283863368669
height: 0.02610183996576808
Area: 0.00035733851852187855
CentroidX: 0.7556
CentroidY: 0.2079
