Location: Document_2025-04-19_204755-1.png_Otsu.png
Component: component_1745102850346_125.png
centerX: 0.3003533568904594
centerY: 0.15703893881044073
width: 0.024146054181389872
height: 0.026529738981600343
Area: 0.00027392593062995906
CentroidX: 0.3105
CentroidY: 0.1689
