Location: Document_2025-04-19_204755-1.png_Gaussian-Median.png
Component: component_1745102850422_161.png
centerX: 0.48998822143698467
centerY: 0.33076593923833975
width: 0.025323910482921083
height: 0.024390243902439025
Area: 0.0003018981277780046
CentroidX: 0.5016
CentroidY: 0.3415
