Location: 2025-04-19_204725-1.png_Otsu.png
Component: component_1745102850154_311.png
centerX: 0.5630153121319199
centerY: 0.44843816859221225
width: 0.027090694935217905
height: 0.029097133076593923
Area: 0.00030164612600189607
CentroidX: 0.5764
CentroidY: 0.4616
