Location: Document_2025-04-19_204755-1.png_Otsu.png
Component: component_1745102850333_20.png
centerX: 0.8745583038869258
centerY: 0.025246041934103552
width: 0.023557126030624265
height: 0.029525032092426188
Area: 0.00030996218461347717
CentroidX: 0.8859
CentroidY: 0.0392
