Location: 2025-04-19_204725-1.png_Otsu.png
Component: component_1745102850115_180.png
centerX: 0.03651354534746761
centerY: 0.24518613607188702
width: 0.030035335689045935
height: 0.026957637997432605
Area: 0.0002892980389725787
CentroidX: 0.0499
CentroidY: 0.2564
