Location: easy16_Gaussian-Median.png
Component: component_1744297381824_740.png
centerX: 0.6580645161290323
centerY: 0.5531609195402298
width: 0.016129032258064516
height: 0.014846743295019157
Area: 0.00012050426399703374
CentroidX: 0.6653
CentroidY: 0.5594
