Location: 2025-04-19_204725-1.png_Otsu.png
Component: component_1745102850222_638.png
centerX: 0.5677267373380448
centerY: 0.8455284552845529
width: 0.025323910482921083
height: 0.026957637997432605
Area: 0.00030845017395682604
CentroidX: 0.5783
CentroidY: 0.8580
