Location: 2025-04-19_204725-1.png_Otsu.png
Component: component_1745102850137_270.png
centerX: 0.3792697290930506
centerY: 0.3645699614890886
width: 0.025323910482921083
height: 0.026529738981600343
Area: 0.00027644594839104425
CentroidX: 0.3896
CentroidY: 0.3771
