Location: 2025-04-19_204725-1.png_Otsu.png
Component: component_1745102850206_565.png
centerX: 0.715547703180212
centerY: 0.727428326914848
width: 0.028857479387514724
height: 0.024818142918271287
Area: 0.0002996301117930279
CentroidX: 0.7275
CentroidY: 0.7382
