Location: 2025-04-19_204725-1.png_Otsu.png
Component: component_1745102850156_320.png
centerX: 0.7868080094228505
centerY: 0.45228925973470263
width: 0.028268551236749116
height: 0.02610183996576808
Area: 0.00029610208692750867
CentroidX: 0.7989
CentroidY: 0.4640
