Location: easy21_Mean-Medain.png
Component: component_1744297380923_759.png
centerX: 0.47258064516129034
centerY: 0.5862068965517241
width: 0.016129032258064516
height: 0.014846743295019157
Area: 0.00011780064268940799
CentroidX: 0.4793
CentroidY: 0.5926
