Location: 2025-04-19_204725-1.png_Otsu.png
Component: component_1745102850186_448.png
centerX: 0.5412249705535924
centerY: 0.6093281985451433
width: 0.027090694935217905
height: 0.022250748823277707
Area: 0.0002880380300920361
CentroidX: 0.5532
CentroidY: 0.6193
