Location: Document_2025-04-19_204755-1.png_Gaussian-Median.png
Component: component_1745102850414_122.png
centerX: 0.28975265017667845
centerY: 0.24946512623020967
width: 0.02944640753828033
height: 0.026957637997432605
Area: 0.0003933747725053966
CentroidX: 0.3038
CentroidY: 0.2619
