Location: easy21_Mean-Medain.png
Component: component_1744297380760_64.png
centerX: 0.6911290322580645
centerY: 0.06226053639846743
width: 0.016129032258064516
height: 0.014367816091954023
Area: 0.00012668396984303546
CentroidX: 0.6977
CentroidY: 0.0687
