Location: 2025-04-19_204725-1.png_Otsu.png
Component: component_1745102850189_463.png
centerX: 0.9104829210836278
centerY: 0.6131792896876337
width: 0.022968197879858657
height: 0.024390243902439025
Area: 0.00017413322729098595
CentroidX: 0.9171
CentroidY: 0.6216
