Location: easy16_Gaussian-Median.png
Component: component_1744297381665_121.png
centerX: 0.22258064516129034
centerY: 0.09051724137931035
width: 0.01532258064516129
height: 0.014846743295019157
Area: 0.00011046224199728093
CentroidX: 0.2291
CentroidY: 0.0972
