Location: 2025-04-19_204725-1.png_Otsu.png
Component: component_1745102850150_293.png
centerX: 0.8775029446407538
centerY: 0.4077877620881472
width: 0.026501766784452298
height: 0.025673940949935817
Area: 0.0003051741508674153
CentroidX: 0.8896
CentroidY: 0.4194
