Location: 2025-04-19_204725-1.png_Otsu.png
Component: component_1745102850189_464.png
centerX: 0.1166077738515901
centerY: 0.6148908857509627
width: 0.027090694935217905
height: 0.02139495079161318
Area: 0.00022024955231884474
CentroidX: 0.1283
CentroidY: 0.6256
