Location: Document_2025-04-19_204755-1.png_Gaussian-Median.png
Component: component_1745102850395_20.png
centerX: 0.748527679623086
centerY: 0.025673940949935817
width: 0.026501766784452298
height: 0.02781343602909713
Area: 0.0003270983053888564
CentroidX: 0.7613
CentroidY: 0.0388
