Location: Document_2025-04-19_204755-1.png_Gaussian-Median.png
Component: component_1745102850419_143.png
centerX: 0.4876325088339223
centerY: 0.2935387248609328
width: 0.026501766784452298
height: 0.026529738981600343
Area: 0.0003150022201356475
CentroidX: 0.4996
CentroidY: 0.3052
