Location: 2025-04-19_204725-1.png_Otsu.png
Component: component_1745102850138_273.png
centerX: 0.08068315665488811
centerY: 0.36713735558408217
width: 0.03180212014134275
height: 0.026957637997432605
Area: 0.00029030604607701275
CentroidX: 0.0950
CentroidY: 0.3791
