Location: easy16_Gaussian-Median.png
Component: component_1744297381636_36.png
centerX: 0.9314516129032258
centerY: 0.038314176245210725
width: 0.017741935483870968
height: 0.014846743295019157
Area: 0.00012745643307378568
CentroidX: 0.9385
CentroidY: 0.0450
