Location: 2025-04-19_204725-1.png_Otsu.png
Component: component_1745102850129_236.png
centerX: 0.4169611307420495
centerY: 0.31750106974753955
width: 0.030035335689045935
height: 0.02781343602909713
Area: 0.0003026541331063301
CentroidX: 0.4307
CentroidY: 0.3303
