Location: easy26_Mean-Closing.png
Component: component_1744297381972_120.png
centerX: 0.41774193548387095
centerY: 0.09913793103448276
width: 0.01532258064516129
height: 0.014367816091954023
Area: 0.00011084847361265603
CentroidX: 0.4245
CentroidY: 0.1057
