Location: 2025-04-19_204725-1.png_Otsu.png
Component: component_1745102850115_188.png
centerX: 0.9293286219081273
centerY: 0.25802310654685495
width: 0.026501766784452298
height: 0.026529738981600343
Area: 0.0002923220602858809
CentroidX: 0.9419
CentroidY: 0.2706
