Location: Document_2025-04-19_204755-1.png_Mean-Closing.png
Component: component_1745102850297_135.png
centerX: 0.13957597173144876
centerY: 0.2524604193410355
width: 0.026501766784452298
height: 0.02396234488660676
Area: 0.00035759052029798706
CentroidX: 0.1519
CentroidY: 0.2633
