Location: Document_2025-04-19_204755-1.png_Gaussian-Median.png
Component: component_1745102850412_111.png
centerX: 0.4823321554770318
centerY: 0.24518613607188702
width: 0.02944640753828033
height: 0.029525032092426188
Area: 0.0004447831348315343
CentroidX: 0.4967
CentroidY: 0.2595
