Location: 2025-04-19_204725-1.png_Otsu.png
Component: component_1745102850162_343.png
centerX: 0.7791519434628975
centerY: 0.4895164741121095
width: 0.027090694935217905
height: 0.028241335044929396
Area: 0.0002892980389725787
CentroidX: 0.7916
CentroidY: 0.5019
