Location: easy26_Mean-Closing.png
Component: component_1744297382088_560.png
centerX: 0.3870967741935484
centerY: 0.3912835249042146
width: 0.014516129032258065
height: 0.014846743295019157
Area: 0.00011046224199728093
CentroidX: 0.3932
CentroidY: 0.3978
