Location: Document_2025-04-19_204755-1.png_Mean-Closing.png
Component: component_1745102850299_141.png
centerX: 0.6413427561837456
centerY: 0.28840393667094566
width: 0.02767962308598351
height: 0.026957637997432605
Area: 0.0003318863391349182
CentroidX: 0.6536
CentroidY: 0.3007
