Location: easy21_Mean-Medain.png
Component: component_1744297381052_1031.png
centerX: 0.6629032258064517
centerY: 0.7696360153256705
width: 0.016129032258064516
height: 0.01532567049808429
Area: 0.00012050426399703374
CentroidX: 0.6697
CentroidY: 0.7762
