Location: Document_2025-04-19_204755-1.png_Otsu.png
Component: component_1745102850354_245.png
centerX: 0.5394581861012956
centerY: 0.2468977321352161
width: 0.024146054181389872
height: 0.026957637997432605
Area: 0.00012373287206928233
CentroidX: 0.5468
CentroidY: 0.2559
