Location: Document_2025-04-19_204755-1.png_Otsu.png
Component: component_1745102850350_182.png
centerX: 0.25206124852767964
centerY: 0.20068463842533163
width: 0.027090694935217905
height: 0.02610183996576808
Area: 0.00018144127879813298
CentroidX: 0.2599
CentroidY: 0.2095
