Location: Document_2025-04-19_204755-1.png_Mean-Closing.png
Component: component_1745102850298_138.png
centerX: 0.6943462897526502
centerY: 0.28797603765511337
width: 0.026501766784452298
height: 0.024818142918271287
Area: 0.00030845017395682604
CentroidX: 0.7074
CentroidY: 0.2993
