Location: easy16_Gaussian-Median.png
Component: component_1744297381827_752.png
centerX: 0.5040322580645161
centerY: 0.5541187739463601
width: 0.016129032258064516
height: 0.014846743295019157
Area: 0.00012282165368928438
CentroidX: 0.5113
CentroidY: 0.5606
