Location: Document_2025-04-19_204755-1.png_Otsu.png
Component: component_1745102850360_296.png
centerX: 0.13780918727915195
centerY: 0.2973898160034232
width: 0.02591283863368669
height: 0.026529738981600343
Area: 0.0003180262414489497
CentroidX: 0.1497
CentroidY: 0.3087
