Location: 2025-04-19_204725-1.png_Otsu.png
Component: component_1745102850098_103.png
centerX: 0.13133097762073026
centerY: 0.15104835258878904
width: 0.02944640753828033
height: 0.02866923406076166
Area: 0.00033264234446324375
CentroidX: 0.1445
CentroidY: 0.1642
