Location: 2025-04-19_204725-1.png_Otsu.png
Component: component_1745102850114_171.png
centerX: 0.17667844522968199
centerY: 0.2396234488660676
width: 0.030624263839811542
height: 0.026957637997432605
Area: 0.0002862740176592765
CentroidX: 0.1904
CentroidY: 0.2518
