Location: Document_2025-04-19_204755-1.png_Gaussian-Median.png
Component: component_1745102850420_145.png
centerX: 0.09010600706713781
centerY: 0.2948224219084296
width: 0.026501766784452298
height: 0.02781343602909713
Area: 0.00035708651674577004
CentroidX: 0.1026
CentroidY: 0.3072
