Location: 2025-04-19_204725-1.png_Otsu.png
Component: component_1745102850176_379.png
centerX: 0.3303886925795053
centerY: 0.5340179717586649
width: 0.023557126030624265
height: 0.028241335044929396
Area: 0.00030164612600189607
CentroidX: 0.3412
CentroidY: 0.5466
