Location: Document_2025-04-19_204755-1.png_Gaussian-Median.png
Component: component_1745102850392_9.png
centerX: 0.32037691401649
centerY: 0.021822849807445442
width: 0.026501766784452298
height: 0.03080872913992298
Area: 0.0003623785540440489
CentroidX: 0.3314
CentroidY: 0.0361
