Location: 2025-04-19_204725-1.png_Otsu.png
Component: component_1745102850201_528.png
centerX: 0.7744405182567726
centerY: 0.686777920410783
width: 0.026501766784452298
height: 0.026529738981600343
Area: 0.00030315813665854715
CentroidX: 0.7870
CentroidY: 0.6988
