Location: Document_2025-04-19_204755-1.png_Mean-Closing.png
Component: component_1745102850302_160.png
centerX: 0.9081272084805654
centerY: 0.3277706461275139
width: 0.030624263839811542
height: 0.025673940949935817
Area: 0.0003522984829997082
CentroidX: 0.9228
CentroidY: 0.3390
