Location: easy21_Mean-Medain.png
Component: component_1744297381151_1201.png
centerX: 0.6129032258064516
centerY: 0.8845785440613027
width: 0.016935483870967744
height: 0.01532567049808429
Area: 0.00014406439253491533
CentroidX: 0.6199
CentroidY: 0.8914
