Location: Document_2025-04-19_204755-1.png_Gaussian-Median.png
Component: component_1745102850424_172.png
centerX: 0.053003533568904596
centerY: 0.337612323491656
width: 0.025323910482921083
height: 0.025673940949935817
Area: 0.00030114212244967904
CentroidX: 0.0645
CentroidY: 0.3485
