Location: Document_2025-04-19_204755-1.png_Otsu.png
Component: component_1745102850333_24.png
centerX: 0.7491166077738516
centerY: 0.02610183996576808
width: 0.025323910482921083
height: 0.02738553701326487
Area: 0.0002898020425247957
CentroidX: 0.7614
CentroidY: 0.0389
