Location: Document_2025-04-19_204755-1.png_Gaussian-Median.png
Component: component_1745102850405_72.png
centerX: 0.3934040047114252
centerY: 0.1540436456996149
width: 0.02944640753828033
height: 0.029097133076593923
Area: 0.00037699465705834297
CentroidX: 0.4055
CentroidY: 0.1667
