Location: 2025-04-19_204725-1.png_Otsu.png
Component: component_1745102850219_619.png
centerX: 0.8433451118963486
centerY: 0.8070175438596491
width: 0.028268551236749116
height: 0.02866923406076166
Area: 0.0003790106712672111
CentroidX: 0.8570
CentroidY: 0.8195
