Location: easy21_Mean-Medain.png
Component: component_1744297380835_348.png
centerX: 0.7806451612903226
centerY: 0.33477011494252873
width: 0.016935483870967744
height: 0.014846743295019157
Area: 0.00011780064268940799
CentroidX: 0.7878
CentroidY: 0.3414
