Location: 2025-04-19_204725-1.png_Otsu.png
Component: component_1745102850233_686.png
centerX: 0.08657243816254417
centerY: 0.9306803594351734
width: 0.024734982332155476
height: 0.028241335044929396
Area: 0.00034171440840315045
CentroidX: 0.0978
CentroidY: 0.9446
