Location: Document_2025-04-19_204755-1.png_Gaussian-Median.png
Component: component_1745102850399_45.png
centerX: 0.9093050647820966
centerY: 0.07188703465982028
width: 0.02944640753828033
height: 0.026957637997432605
Area: 0.00022654959672155768
CentroidX: 0.9195
CentroidY: 0.0810
