Location: Document_2025-04-19_204755-1.png_Otsu.png
Component: component_1745102850363_321.png
centerX: 0.34334511189634864
centerY: 0.3333333333333333
width: 0.024146054181389872
height: 0.026529738981600343
Area: 0.0002630898542572928
CentroidX: 0.3542
CentroidY: 0.3447
