Location: 2025-04-19_204725-1.png_Otsu.png
Component: component_1745102850152_303.png
centerX: 0.037102473498233215
centerY: 0.41420624732563116
width: 0.028268551236749116
height: 0.028241335044929396
Area: 0.00030341013843465566
CentroidX: 0.0495
CentroidY: 0.4270
