Location: 2025-04-19_204725-1.png_Otsu.png
Component: component_1745102850211_590.png
centerX: 0.1872791519434629
centerY: 0.766367137355584
width: 0.028268551236749116
height: 0.02781343602909713
Area: 0.00034373042261201856
CentroidX: 0.2003
CentroidY: 0.7791
