Location: Document_2025-04-19_204755-1.png_Mean-Closing.png
Component: component_1745102850302_157.png
centerX: 0.6878680800942285
centerY: 0.32691484809584936
width: 0.028857479387514724
height: 0.025673940949935817
Area: 0.0003286103160455075
CentroidX: 0.7016
CentroidY: 0.3389
