Location: Document_2025-04-19_204755-1.png_Gaussian-Median.png
Component: component_1745102850395_22.png
centerX: 0.8345111896348646
centerY: 0.02610183996576808
width: 0.026501766784452298
height: 0.029525032092426188
Area: 0.0003553225043130104
CentroidX: 0.8468
CentroidY: 0.0396
