Location: 2025-04-19_204725-1.png_Otsu.png
Component: component_1745102850162_345.png
centerX: 0.42402826855123676
centerY: 0.49037227214377405
width: 0.02944640753828033
height: 0.030380830124090714
Area: 0.0003291143195977245
CentroidX: 0.4374
CentroidY: 0.5044
