Location: 2025-04-19_204725-1.png_Otsu.png
Component: component_1745102850241_716.png
centerX: 0.1896348645465253
centerY: 0.9751818570817287
width: 0.028268551236749116
height: 0.024390243902439025
Area: 0.0003273503071649649
CentroidX: 0.2027
CentroidY: 0.9866
