Location: 2025-04-19_204725-1.png_Otsu.png
Component: component_1745102850151_294.png
centerX: 0.38162544169611307
centerY: 0.40821566110397944
width: 0.028268551236749116
height: 0.026957637997432605
Area: 0.0003205462592100349
CentroidX: 0.3954
CentroidY: 0.4206
