Location: Document_2025-04-19_204755-1.png_Gaussian-Median.png
Component: component_1745102850398_36.png
centerX: 0.5094228504122497
centerY: 0.06889174154899444
width: 0.026501766784452298
height: 0.024818142918271287
Area: 0.0002908100496292298
CentroidX: 0.5213
CentroidY: 0.0799
