Location: easy26_Mean-Closing.png
Component: component_1744297382180_1037.png
centerX: 0.5282258064516129
centerY: 0.7931034482758621
width: 0.01532258064516129
height: 0.014846743295019157
Area: 0.00011471078976640712
CentroidX: 0.5348
CentroidY: 0.7997
