Location: Document_2025-04-19_204755-1.png_Gaussian-Median.png
Component: component_1745102850417_131.png
centerX: 0.8333333333333334
centerY: 0.28712023962344885
width: 0.027090694935217905
height: 0.02781343602909713
Area: 0.0003270983053888564
CentroidX: 0.8467
CentroidY: 0.3000
