Location: easy16_Gaussian-Median.png
Component: component_1744297381660_99.png
centerX: 0.08951612903225807
centerY: 0.07040229885057471
width: 0.016129032258064516
height: 0.014846743295019157
Area: 0.00011084847361265603
CentroidX: 0.0959
CentroidY: 0.0768
