Location: Document_2025-04-19_204755-1.png_Otsu.png
Component: component_1745102850358_286.png
centerX: 0.3333333333333333
centerY: 0.29225502781343604
width: 0.02767962308598351
height: 0.029525032092426188
Area: 0.00032508229117998825
CentroidX: 0.3467
CentroidY: 0.3057
