Location: easy26_Mean-Closing.png
Component: component_1744297381999_259.png
centerX: 0.5612903225806452
centerY: 0.18917624521072796
width: 0.01532258064516129
height: 0.014846743295019157
Area: 0.00011973180076628352
CentroidX: 0.5676
CentroidY: 0.1958
