Location: 2025-04-19_204725-1.png_Otsu.png
Component: component_1745102850145_284.png
centerX: 0.7891637220259128
centerY: 0.40479246897732135
width: 0.028857479387514724
height: 0.025673940949935817
Area: 0.0003021501295541131
CentroidX: 0.8025
CentroidY: 0.4165
