Location: easy64_Gaussian-Closing.png
Component: component_1744297381502_1155.png
centerX: 0.7503022974607013
centerY: 0.7246686618212912
width: 0.008464328899637243
height: 0.00983326207781103
Area: 6.74644183352263e-05
CentroidX: 0.7538
CentroidY: 0.7296
