Location: 2025-04-19_204725-1.png_Otsu.png
Component: component_1745102850170_352.png
centerX: 0.20906949352179033
centerY: 0.4933675652545999
width: 0.025323910482921083
height: 0.02866923406076166
Area: 0.00030038611712135345
CentroidX: 0.2190
CentroidY: 0.5067
