Location: 2025-04-19_204725-1.png_Otsu.png
Component: component_1745102850170_350.png
centerX: 0.9216725559481743
centerY: 0.49165596919127086
width: 0.024734982332155476
height: 0.029525032092426188
Area: 0.00030391414198687274
CentroidX: 0.9335
CentroidY: 0.5052
