Location: Document_2025-04-19_204755-1.png_Mean-Closing.png
Component: component_1745102850288_91.png
centerX: 0.8998822143698468
centerY: 0.15789473684210525
width: 0.030624263839811542
height: 0.025673940949935817
Area: 0.000454359202323658
CentroidX: 0.9155
CentroidY: 0.1697
