Location: 2025-04-19_204725-1.png_Otsu.png
Component: component_1745102850233_690.png
centerX: 0.16548881036513546
centerY: 0.9345314505776636
width: 0.028268551236749116
height: 0.02610183996576808
Area: 0.0003553225043130104
CentroidX: 0.1785
CentroidY: 0.9460
