Location: Sandro_Ⴎ.jpg_Gaussian-Closing.png
Component: component_1744750762718_788.png
centerX: 0.6121583411875589
centerY: 0.8817245326211369
width: 0.029217719132893498
height: 0.022510492178557804
Area: 0.000332089003448907
CentroidX: 0.6273
CentroidY: 0.8932
