Location: Sandro_Ⴎ.jpg_Otsu.png
Component: component_1744750761859_630.png
centerX: 0.6573986804901036
centerY: 0.7871041587180465
width: 0.022620169651272386
height: 0.018695154521175122
Area: 7.389744473064471e-05
CentroidX: 0.6696
CentroidY: 0.7965
