Location: Sandro_Ⴎ.jpg_Mean-Medain.png
Component: component_1744750762957_531.png
centerX: 0.046182846371347785
centerY: 0.6848531095001907
width: 0.03722902921771913
height: 0.02479969477298741
Area: 0.0003730832063651771
CentroidX: 0.0674
CentroidY: 0.6974
