Location: Sandro_Ⴎ.jpg_Gaussian-Median.png
Component: component_1744832837633_625.png
centerX: 0.3242224316682375
centerY: 0.7272033574971385
width: 0.01885014137606032
height: 0.019839755818389926
Area: 8.558438854449363e-05
CentroidX: 0.3333
CentroidY: 0.7370
