Location: Sandro_Ⴎ.jpg_Otsu.png
Component: component_1744832837159_127.png
centerX: 0.7544769085768144
centerY: 0.18351774132010684
width: 0.029688972667295005
height: 0.02174742464708127
Area: 0.0003752407959923492
CentroidX: 0.7705
CentroidY: 0.1932
