Location: Sandro_Ⴎ.jpg_Gaussian-Closing.png
Component: component_1744750762548_48.png
centerX: 0.20876531573986806
centerY: 0.049217855780236554
width: 0.03298774740810556
height: 0.027470431133155285
Area: 0.0004669383551471638
CentroidX: 0.2263
CentroidY: 0.0628
