Location: Sandro_Ⴎ.jpg_Mean-Medain.png
Component: component_1744750762999_706.png
centerX: 0.6804901036757776
centerY: 0.8439526898130485
width: 0.033930254476908575
height: 0.029759633727584892
Area: 0.00044464326233305203
CentroidX: 0.6986
CentroidY: 0.8572
