Location: Sandro_Ⴎ.jpg_Mean-Medain.png
Component: component_1744750762853_97.png
centerX: 0.8755890669180019
centerY: 0.1316291491797024
width: 0.03440150801131008
height: 0.02518122853872568
Area: 0.00047035453872351965
CentroidX: 0.8945
CentroidY: 0.1428
