Location: Sandro_Ⴎ.jpg_Mean-Medain.png
Component: component_1744750762819_26.png
centerX: 0.4354382657869934
centerY: 0.011446012972148036
width: 0.03110273327049953
height: 0.02479969477298741
Area: 0.00038135396660267016
CentroidX: 0.4492
CentroidY: 0.0227
