Location: Sandro_Ⴎ.jpg_Mean-Medain.png
Component: component_1744750763011_758.png
centerX: 0.8864278982092366
centerY: 0.9172071728347959
width: 0.02827521206409048
height: 0.023655093475772607
Area: 0.0003461133360255257
CentroidX: 0.9019
CentroidY: 0.9283
