Location: Sandro_Ⴎ.jpg_Mean-Medain.png
Component: component_1744750763004_725.png
centerX: 0.9608859566446748
centerY: 0.8794353300267074
width: 0.027803958529688973
height: 0.02327355971003434
Area: 0.00036876802711083284
CentroidX: 0.9766
CentroidY: 0.8903
