Location: Sandro_Ⴎ.jpg_Gaussian-Median.png
Component: component_1744750762273_385.png
centerX: 0.4297832233741753
centerY: 0.4830217474246471
width: 0.027803958529688973
height: 0.024036627241510875
Area: 0.0003292122172793442
CentroidX: 0.4454
CentroidY: 0.4938
