Location: Sandro_Ⴎ.jpg_Mean-Medain.png
Component: component_1744750762941_457.png
centerX: 0.5254476908576814
centerY: 0.5887066005341473
width: 0.03298774740810556
height: 0.02174742464708127
Area: 0.00037991557351788876
CentroidX: 0.5417
CentroidY: 0.5992
