Location: Sandro_Ⴎ.jpg_Gaussian-Closing.png
Component: component_1744750762596_222.png
centerX: 0.21206409048067862
centerY: 0.31476535673407097
width: 0.024505183788878417
height: 0.01564288439526898
Area: 9.079856347682623e-05
CentroidX: 0.2243
CentroidY: 0.3223
