Location: Sandro_Ⴎ.jpg_Gaussian-Median.png
Component: component_1744750762323_429.png
centerX: 0.8652214891611687
centerY: 0.5230827928271652
width: 0.03345900094250707
height: 0.02479969477298741
Area: 0.00044068768134990314
CentroidX: 0.8825
CentroidY: 0.5344
