Location: Sandro_Ⴎ.jpg_Gaussian-Median.png
Component: component_1744832837623_540.png
centerX: 0.14278982092365694
centerY: 0.6531858069439145
width: 0.03817153628652215
height: 0.02174742464708127
Area: 0.0003932207095521168
CentroidX: 0.1624
CentroidY: 0.6636
