Location: Sandro_Ⴎ.jpg_Gaussian-Median.png
Component: component_1744832837524_117.png
centerX: 0.2836946277097078
centerY: 0.17016405951926747
width: 0.030160226201696512
height: 0.024418161007249143
Area: 0.0003878267354841865
CentroidX: 0.2995
CentroidY: 0.1817
