Location: Sandro_Ⴎ.jpg_Mean-Medain.png
Component: component_1744750762978_615.png
centerX: 0.7134778510838832
centerY: 0.7596337275848912
width: 0.02403393025447691
height: 0.016787485692483783
Area: 8.07298118833564e-05
CentroidX: 0.7266
CentroidY: 0.7679
