Location: Sandro_Ⴎ.jpg_Mean-Medain.png
Component: component_1744750762863_144.png
centerX: 0.5989632422243166
centerY: 0.2159481114078596
width: 0.03110273327049953
height: 0.025944296070202214
Area: 0.0004112006231118843
CentroidX: 0.6157
CentroidY: 0.2287
