Location: Sandro_Ⴎ.jpg_Otsu.png
Component: component_1744750761706_19.png
centerX: 0.3114985862393968
centerY: 0.00877527661198016
width: 0.03345900094250707
height: 0.02060282334986646
Area: 0.0003338869948048838
CentroidX: 0.3297
CentroidY: 0.0187
