Location: Sandro_Ⴎ.jpg_Otsu.png
Component: component_1744832837276_660.png
centerX: 0.7412818096135722
centerY: 0.8138115223197253
width: 0.021677662582469368
height: 0.01716901945822205
Area: 6.95822654763005e-05
CentroidX: 0.7517
CentroidY: 0.8222
