Location: Sandro_Ⴎ.jpg_Gaussian-Median.png
Component: component_1744750762449_729.png
centerX: 0.2521206409048068
centerY: 0.7844334223578787
width: 0.02827521206409048
height: 0.017932086989698587
Area: 9.457434532437742e-05
CentroidX: 0.2661
CentroidY: 0.7931
