Location: Sandro_Ⴎ.jpg_Gaussian-Closing.png
Component: component_1744750762712_751.png
centerX: 0.22384542884071632
centerY: 0.8389927508584509
width: 0.03345900094250707
height: 0.027851964898893553
Area: 0.00042684314790888213
CentroidX: 0.2426
CentroidY: 0.8524
