Location: Sandro_Ⴎ.jpg_Mean-Medain.png
Component: component_1744750762831_53.png
centerX: 0.4194156456173421
centerY: 0.0545593285005723
width: 0.024976437323279924
height: 0.02060282334986646
Area: 0.0002175569540731876
CentroidX: 0.4320
CentroidY: 0.0650
