Location: easy64_Gaussian-Closing.png
Component: component_1744297381374_752.png
centerX: 0.5447400241837969
centerY: 0.5288584865327063
width: 0.012696493349455865
height: 0.00983326207781103
Area: 7.961318332279578e-05
CentroidX: 0.5524
CentroidY: 0.5334
