Location: Sandro_Ⴎ.jpg_Mean-Medain.png
Component: component_1744750762860_125.png
centerX: 0.794062205466541
centerY: 0.1827546737886303
width: 0.030160226201696512
height: 0.021365890881343
Area: 0.0003684084288396375
CentroidX: 0.8101
CentroidY: 0.1929
