Location: Sandro_Ⴎ.jpg_Otsu.png
Component: component_1744832837262_588.png
centerX: 0.7775683317624882
centerY: 0.7581075925219382
width: 0.0235626767200754
height: 0.016405951926745516
Area: 5.9513513882830654e-05
CentroidX: 0.7925
CentroidY: 0.7661
