Location: Sandro_Ⴎ.jpg_Otsu.png
Component: component_1744750761747_169.png
centerX: 0.7035815268614515
centerY: 0.25639069057611596
width: 0.03440150801131008
height: 0.02327355971003434
Area: 0.00038890553029777254
CentroidX: 0.7217
CentroidY: 0.2675
