Location: Sandro_Ⴎ.jpg_Gaussian-Median.png
Component: component_1744750762433_642.png
centerX: 0.5032987747408105
centerY: 0.7329263639832125
width: 0.01932139491046183
height: 0.016405951926745516
Area: 7.317824818825402e-05
CentroidX: 0.5132
CentroidY: 0.7404
