Location: Sandro_Ⴎ.jpg_Gaussian-Closing.png
Component: component_1744750762573_113.png
centerX: 0.1701225259189444
centerY: 0.16215185043876382
width: 0.02639019792648445
height: 0.022510492178557804
Area: 0.0003299314138217349
CentroidX: 0.1839
CentroidY: 0.1729
