Location: Sandro_Ⴎ.jpg_Otsu.png
Component: component_1744832837184_251.png
centerX: 0.027332704995287466
centerY: 0.35902327355971003
width: 0.028746465598491987
height: 0.016405951926745516
Area: 7.371764559504704e-05
CentroidX: 0.0436
CentroidY: 0.3663
