Location: Sandro_Ⴎ.jpg_Otsu.png
Component: component_1744832837231_419.png
centerX: 0.22573044297832234
centerY: 0.545593285005723
width: 0.04147031102733271
height: 0.027470431133155285
Area: 0.0005349024284030852
CentroidX: 0.2479
CentroidY: 0.5583
