Location: Sandro_Ⴎ.jpg_Mean-Medain.png
Component: component_1744750762899_324.png
centerX: 0.27945334590009424
centerY: 0.4070965280427318
width: 0.024976437323279924
height: 0.01716901945822205
Area: 8.522479027329828e-05
CentroidX: 0.2938
CentroidY: 0.4152
