Location: Sandro_Ⴎ.jpg_Otsu.png
Component: component_1744832837243_485.png
centerX: 0.9085768143261075
centerY: 0.6283861121709271
width: 0.028746465598491987
height: 0.022510492178557804
Area: 0.00035276590404263974
CentroidX: 0.9231
CentroidY: 0.6387
