Location: Sandro_Ⴎ.jpg_Mean-Medain.png
Component: component_1744750762896_308.png
centerX: 0.736569274269557
centerY: 0.39412438000763067
width: 0.021677662582469368
height: 0.01907668828691339
Area: 9.763093062953791e-05
CentroidX: 0.7483
CentroidY: 0.4025
