Location: Sandro_Ⴎ.jpg_Otsu.png
Component: component_1744832837271_633.png
centerX: 0.323751178133836
centerY: 0.7874856924837849
width: 0.02403393025447691
height: 0.021365890881343
Area: 8.594398681568898e-05
CentroidX: 0.3380
CentroidY: 0.7971
