Location: Sandro_Ⴎ.jpg_Gaussian-Median.png
Component: component_1744750762277_394.png
centerX: 0.7474081055607917
centerY: 0.4898893552079359
width: 0.03110273327049953
height: 0.025944296070202214
Area: 0.0004329563185192031
CentroidX: 0.7627
CentroidY: 0.5026
