Location: Sandro_Ⴎ.jpg_Mean-Medain.png
Component: component_1744750762818_22.png
centerX: 0.08671065032987747
centerY: 0.0106829454406715
width: 0.027803958529688973
height: 0.022892025944296072
Area: 0.00030727672273642777
CentroidX: 0.1022
CentroidY: 0.0216
