Location: Sandro_Ⴎ.jpg_Otsu.png
Component: component_1744832837253_547.png
centerX: 0.267200754005655
centerY: 0.7260587561999237
width: 0.021677662582469368
height: 0.021365890881343
Area: 8.432579459530991e-05
CentroidX: 0.2781
CentroidY: 0.7364
