Location: Sandro_Ⴎ.jpg_Gaussian-Median.png
Component: component_1744832837527_136.png
centerX: 0.05466540999057493
centerY: 0.1877146127432278
width: 0.03345900094250707
height: 0.023655093475772607
Area: 0.00037685898821272827
CentroidX: 0.0731
CentroidY: 0.1991
