Location: Sandro_Ⴎ.jpg_Otsu.png
Component: component_1744832837163_151.png
centerX: 0.7210179076343073
centerY: 0.21976344906524228
width: 0.029217719132893498
height: 0.026325829835940482
Area: 0.00041623499890861926
CentroidX: 0.7369
CentroidY: 0.2325
