Location: Sandro_Ⴎ.jpg_Otsu.png
Component: component_1744832837275_656.png
centerX: 0.7733270499528746
centerY: 0.8130484547882487
width: 0.01932139491046183
height: 0.01716901945822205
Area: 6.706507757793303e-05
CentroidX: 0.7828
CentroidY: 0.8211
