Location: Sandro_Ⴎ.jpg_Otsu.png
Component: component_1744750761814_443.png
centerX: 0.47973609802073514
centerY: 0.5887066005341473
width: 0.03440150801131008
height: 0.024036627241510875
Area: 0.00041911178507818205
CentroidX: 0.4976
CentroidY: 0.6007
