Location: Sandro_Ⴎ.jpg_Gaussian-Closing.png
Component: component_1744750762698_696.png
centerX: 0.6569274269557022
centerY: 0.7867226249523083
width: 0.023091423185673893
height: 0.019458222052651658
Area: 9.54733410023658e-05
CentroidX: 0.6695
CentroidY: 0.7964
