Location: Sandro_Ⴎ.jpg_Otsu.png
Component: component_1744750761892_776.png
centerX: 0.5852968897266729
centerY: 0.9584128195345288
width: 0.032516493873704054
height: 0.025562762304463946
Area: 0.0004182127894001937
CentroidX: 0.6030
CentroidY: 0.9706
