Location: Sandro_Ⴎ.jpg_Mean-Medain.png
Component: component_1744750762813_11.png
centerX: 0.76248821866164
centerY: 0.005723006486074018
width: 0.03204524033930255
height: 0.016405951926745516
Area: 0.00025387637946391807
CentroidX: 0.7805
CentroidY: 0.0129
