Location: Sandro_Ⴎ.jpg_Otsu.png
Component: component_1744832837228_402.png
centerX: 0.47360980207351555
centerY: 0.5169782525753529
width: 0.030631479736098022
height: 0.022510492178557804
Area: 0.0003995136792980354
CentroidX: 0.4901
CentroidY: 0.5273
