Location: Sandro_Ⴎ.jpg_Mean-Medain.png
Component: component_1744750763004_726.png
centerX: 0.9326107445805843
centerY: 0.8798168637924456
width: 0.02639019792648445
height: 0.023655093475772607
Area: 0.0003268748285165744
CentroidX: 0.9465
CentroidY: 0.8911
