Location: Sandro_Ⴎ.jpg_Otsu.png
Component: component_1744832837211_327.png
centerX: 0.8600377002827522
centerY: 0.4223578786722625
width: 0.016965127238454288
height: 0.01755055322396032
Area: 6.095190696761206e-05
CentroidX: 0.8692
CentroidY: 0.4308
