Location: Sandro_Ⴎ.jpg_Gaussian-Median.png
Component: component_1744750762461_771.png
centerX: 0.7101790763430725
centerY: 0.8122853872567722
width: 0.02544769085768143
height: 0.018695154521175122
Area: 9.421474705318207e-05
CentroidX: 0.7239
CentroidY: 0.8215
