Location: Sandro_Ⴎ.jpg_Gaussian-Closing.png
Component: component_1744750762630_365.png
centerX: 0.7101790763430725
centerY: 0.45402518122853874
width: 0.028746465598491987
height: 0.027088897367417018
Area: 0.00046424136811319867
CentroidX: 0.7240
CentroidY: 0.4669
