Location: Sandro_Ⴎ.jpg_Gaussian-Median.png
Component: component_1744832837638_646.png
centerX: 0.9392082940622055
centerY: 0.7325448302174743
width: 0.026861451460885956
height: 0.016787485692483783
Area: 9.529354186676813e-05
CentroidX: 0.9551
CentroidY: 0.7402
