Location: Sandro_Ⴎ.jpg_Otsu.png
Component: component_1744750761822_472.png
centerX: 0.942507068803016
centerY: 0.6245707745135445
width: 0.025918944392082942
height: 0.022510492178557804
Area: 0.00028156544634596014
CentroidX: 0.9566
CentroidY: 0.6359
