Location: Sandro_Ⴎ.jpg_Otsu.png
Component: component_1744750761716_50.png
centerX: 0.20923656927426956
centerY: 0.049217855780236554
width: 0.032516493873704054
height: 0.027470431133155285
Area: 0.0004482392450450055
CentroidX: 0.2263
CentroidY: 0.0627
