Location: Sandro_Ⴎ.jpg_Gaussian-Median.png
Component: component_1744832837498_5.png
centerX: 0.7987747408105561
centerY: 0.0007630675314765357
width: 0.029688972667295005
height: 0.02327355971003434
Area: 0.00034952951960188155
CentroidX: 0.8144
CentroidY: 0.0121
