Location: Sandro_Ⴎ.jpg_Otsu.png
Component: component_1744832837181_238.png
centerX: 0.17200754005655042
centerY: 0.3391835177413201
width: 0.024976437323279924
height: 0.01755055322396032
Area: 7.156005596787493e-05
CentroidX: 0.1844
CentroidY: 0.3475
