Location: Sandro_Ⴎ.jpg_Otsu.png
Component: component_1744750761757_207.png
centerX: 0.5650329877474081
centerY: 0.3010301411674933
width: 0.03345900094250707
height: 0.01907668828691339
Area: 0.0003220202518554372
CentroidX: 0.5831
CentroidY: 0.3099
