Location: Sandro_Ⴎ.jpg_Otsu.png
Component: component_1744750761778_319.png
centerX: 0.4170593779453346
centerY: 0.4151087371232354
width: 0.022620169651272386
height: 0.016787485692483783
Area: 6.868326979831212e-05
CentroidX: 0.4292
CentroidY: 0.4231
