Location: Sandro_Ⴎ.jpg_Otsu.png
Component: component_1744832837169_176.png
centerX: 0.4604147031102733
centerY: 0.2613506295307135
width: 0.03157398680490104
height: 0.022510492178557804
Area: 0.00034269715244916987
CentroidX: 0.4772
CentroidY: 0.2720
