Location: Sandro_Ⴎ.jpg_Gaussian-Closing.png
Component: component_1744750762590_188.png
centerX: 0.09707822808671066
centerY: 0.26898130484547883
width: 0.03110273327049953
height: 0.022510492178557804
Area: 0.000365351843534477
CentroidX: 0.1127
CentroidY: 0.2799
