Location: Sandro_Ⴎ.jpg_Gaussian-Median.png
Component: component_1744832837682_909.png
centerX: 0.7412818096135722
centerY: 0.9576497520030522
width: 0.029217719132893498
height: 0.025944296070202214
Area: 0.0004085036360779192
CentroidX: 0.7568
CentroidY: 0.9699
