Location: Sandro_Ⴎ.jpg_Gaussian-Closing.png
Component: component_1744750762675_567.png
centerX: 0.7304429783223374
centerY: 0.6966806562380771
width: 0.029688972667295005
height: 0.024418161007249143
Area: 0.0003941197052301051
CentroidX: 0.7452
CentroidY: 0.7091
