Location: Sandro_Ⴎ.jpg_Mean-Medain.png
Component: component_1744750762882_239.png
centerX: 0.7926484448633365
centerY: 0.3368943151468905
width: 0.021677662582469368
height: 0.018695154521175122
Area: 8.756217903606806e-05
CentroidX: 0.8037
CentroidY: 0.3462
