Location: Sandro_Ⴎ.jpg_Otsu.png
Component: component_1744750761824_481.png
centerX: 0.6305372290292177
centerY: 0.6272415108737123
width: 0.032516493873704054
height: 0.022510492178557804
Area: 0.0003615760616869258
CentroidX: 0.6481
CentroidY: 0.6377
