Location: Sandro_Ⴎ.jpg_Gaussian-Median.png
Component: component_1744750762232_293.png
centerX: 0.49293119698397736
centerY: 0.3906905761159863
width: 0.02403393025447691
height: 0.01716901945822205
Area: 9.007936693443553e-05
CentroidX: 0.5060
CentroidY: 0.3988
