Location: Sandro_Ⴎ.jpg_Mean-Medain.png
Component: component_1744750762895_303.png
centerX: 0.7092365692742696
centerY: 0.3929797787104159
width: 0.01932139491046183
height: 0.02060282334986646
Area: 9.54733410023658e-05
CentroidX: 0.7198
CentroidY: 0.4036
