Location: Sandro_Ⴎ.jpg_Otsu.png
Component: component_1744750761822_476.png
centerX: 0.5372290292177191
centerY: 0.6249523082792827
width: 0.03440150801131008
height: 0.023655093475772607
Area: 0.00035905887378855837
CentroidX: 0.5557
CentroidY: 0.6362
