Location: Sandro_Ⴎ.jpg_Gaussian-Closing.png
Component: component_1744750762698_699.png
centerX: 0.323751178133836
centerY: 0.7874856924837849
width: 0.02403393025447691
height: 0.021365890881343
Area: 0.00010338450296866353
CentroidX: 0.3378
CentroidY: 0.7971
