Location: Sandro_Ⴎ.jpg_Otsu.png
Component: component_1744832837287_728.png
centerX: 0.18473138548539114
centerY: 0.9049980923311713
width: 0.03628652214891612
height: 0.02479969477298741
Area: 0.00038423075277223295
CentroidX: 0.2034
CentroidY: 0.9170
