Location: Sandro_Ⴎ.jpg_Gaussian-Closing.png
Component: component_1744750762640_413.png
centerX: 0.4236569274269557
centerY: 0.5150705837466616
width: 0.03628652214891612
height: 0.027470431133155285
Area: 0.0005271710655723852
CentroidX: 0.4441
CentroidY: 0.5273
