Location: Sandro_Ⴎ.jpg_Gaussian-Median.png
Component: component_1744832837602_408.png
centerX: 0.11969839773798303
centerY: 0.5059137733689432
width: 0.03440150801131008
height: 0.027088897367417018
Area: 0.00045327362084174045
CentroidX: 0.1380
CentroidY: 0.5185
