Location: Sandro_Ⴎ.jpg_Gaussian-Median.png
Component: component_1744832837648_721.png
centerX: 0.13006597549481622
centerY: 0.7787104158718047
width: 0.021677662582469368
height: 0.019458222052651658
Area: 0.00010050771679910071
CentroidX: 0.1412
CentroidY: 0.7880
