Location: Sandro_Ⴎ.jpg_Gaussian-Closing.png
Component: component_1744750762720_790.png
centerX: 0.8232799245994344
centerY: 0.8817245326211369
width: 0.027803958529688973
height: 0.02174742464708127
Area: 0.0003574406815681793
CentroidX: 0.8385
CentroidY: 0.8922
