Location: Sandro_Ⴎ.jpg_Otsu.png
Component: component_1744750761732_100.png
centerX: 0.8760603204524033
centerY: 0.13201068294544066
width: 0.033930254476908575
height: 0.024418161007249143
Area: 0.0004349341090107775
CentroidX: 0.8946
CentroidY: 0.1428
