Location: Sandro_Ⴎ.jpg_Otsu.png
Component: component_1744832837139_38.png
centerX: 0.8652214891611687
centerY: 0.045402518122853876
width: 0.034872761545711596
height: 0.02060282334986646
Area: 0.0003739822020431655
CentroidX: 0.8827
CentroidY: 0.0552
