Location: Sandro_Ⴎ.jpg_Otsu.png
Component: component_1744750761751_192.png
centerX: 0.2846371347785108
centerY: 0.2857687905379626
width: 0.04052780395852969
height: 0.025562762304463946
Area: 0.0005158437200297316
CentroidX: 0.3050
CentroidY: 0.2985
