Location: Sandro_Ⴎ.jpg_Gaussian-Median.png
Component: component_1744832837555_248.png
centerX: 0.48539114043355325
centerY: 0.34032811903853494
width: 0.030631479736098022
height: 0.02060282334986646
Area: 0.00010608149000262866
CentroidX: 0.5023
CentroidY: 0.3502
