Location: Sandro_Ⴎ.jpg_Mean-Medain.png
Component: component_1744750762888_268.png
centerX: 0.8171536286522149
centerY: 0.3647462800457841
width: 0.0235626767200754
height: 0.020221289584128194
Area: 9.69117340871472e-05
CentroidX: 0.8294
CentroidY: 0.3747
