Location: Sandro_Ⴎ.jpg_Mean-Medain.png
Component: component_1744750762908_356.png
centerX: 0.24175306314797362
centerY: 0.43456695917588706
width: 0.03722902921771913
height: 0.02670736360167875
Area: 0.0004744899188422662
CentroidX: 0.2611
CentroidY: 0.4473
