Location: Sandro_Ⴎ.jpg_Gaussian-Median.png
Component: component_1744750762130_67.png
centerX: 0.09095193213949104
centerY: 0.08622663105684854
width: 0.02827521206409048
height: 0.020221289584128194
Area: 0.00033047081122852795
CentroidX: 0.1068
CentroidY: 0.0950
