Location: Sandro_Ⴎ.jpg_Otsu.png
Component: component_1744832837148_82.png
centerX: 0.28934967012252594
centerY: 0.0972911102632583
width: 0.03157398680490104
height: 0.01716901945822205
Area: 0.00025837135785385996
CentroidX: 0.3067
CentroidY: 0.1043
