Location: Sandro_Ⴎ.jpg_Gaussian-Closing.png
Component: component_1744750762742_839.png
centerX: 0.9627709707822809
centerY: 0.9511636779855017
width: 0.027803958529688973
height: 0.02327355971003434
Area: 0.0003773983856195213
CentroidX: 0.9784
CentroidY: 0.9620
