Location: Sandro_Ⴎ.jpg_Gaussian-Median.png
Component: component_1744750762218_245.png
centerX: 0.41517436380772854
centerY: 0.3391835177413201
width: 0.024505183788878417
height: 0.01755055322396032
Area: 9.475414445997509e-05
CentroidX: 0.4281
CentroidY: 0.3472
