Location: Sandro_Ⴎ.jpg_Mean-Medain.png
Component: component_1744750762894_296.png
centerX: 0.03204524033930255
centerY: 0.390309042350248
width: 0.021677662582469368
height: 0.018313620755436855
Area: 5.789532166245158e-05
CentroidX: 0.0441
CentroidY: 0.3992
