Location: Sandro_Ⴎ.jpg_Gaussian-Closing.png
Component: component_1744750762623_329.png
centerX: 0.44957587181903863
centerY: 0.41930560854635635
width: 0.024976437323279924
height: 0.016787485692483783
Area: 9.637233668035417e-05
CentroidX: 0.4635
CentroidY: 0.4265
