Location: Sandro_Ⴎ.jpg_Gaussian-Median.png
Component: component_1744750762215_236.png
centerX: 0.7134778510838832
centerY: 0.33651278138115226
width: 0.024505183788878417
height: 0.017932086989698587
Area: 9.727133235834256e-05
CentroidX: 0.7275
CentroidY: 0.3445
