Location: Sandro_Ⴎ.jpg_Gaussian-Closing.png
Component: component_1744750762606_257.png
centerX: 0.2983034872761546
centerY: 0.35177413201068297
width: 0.023091423185673893
height: 0.01907668828691339
Area: 9.727133235834256e-05
CentroidX: 0.3107
CentroidY: 0.3607
