Location: Sandro_Ⴎ.jpg_Mean-Medain.png
Component: component_1744750762900_333.png
centerX: 0.7714420358152686
centerY: 0.4204502098435712
width: 0.02544769085768143
height: 0.01564288439526898
Area: 8.019041447656336e-05
CentroidX: 0.7867
CentroidY: 0.4278
