Location: Sandro_Ⴎ.jpg_Mean-Medain.png
Component: component_1744750763008_741.png
centerX: 0.5395852968897267
centerY: 0.8859214040442579
width: 0.03157398680490104
height: 0.025944296070202214
Area: 0.0004264835496376868
CentroidX: 0.5564
CentroidY: 0.8979
