Location: Sandro_Ⴎ.jpg_Gaussian-Closing.png
Component: component_1744750762658_484.png
centerX: 0.08718190386427899
centerY: 0.6188477680274704
width: 0.036757775683317624
height: 0.02174742464708127
Area: 0.0003624750573649142
CentroidX: 0.1067
CentroidY: 0.6288
