Location: Sandro_Ⴎ.jpg_Otsu.png
Component: component_1744750761862_644.png
centerX: 0.1583411875589067
centerY: 0.807706982067913
width: 0.02827521206409048
height: 0.01755055322396032
Area: 7.497623954423077e-05
CentroidX: 0.1740
CentroidY: 0.8160
