Location: Sandro_Ⴎ.jpg_Otsu.png
Component: component_1744750761729_86.png
centerX: 0.04524033930254477
centerY: 0.11713086608164823
width: 0.030631479736098022
height: 0.020984357115604733
Area: 0.0003405395628219978
CentroidX: 0.0619
CentroidY: 0.1268
