Location: Sandro_Ⴎ.jpg_Gaussian-Median.png
Component: component_1744750762280_406.png
centerX: 0.07728557964184732
centerY: 0.5020984357115604
width: 0.03440150801131008
height: 0.028996566196108357
Area: 0.0004455422580110404
CentroidX: 0.0947
CentroidY: 0.5159
