Location: Sandro_Ⴎ.jpg_Otsu.png
Component: component_1744832837295_767.png
centerX: 0.4651272384542884
centerY: 0.9561236169400992
width: 0.03440150801131008
height: 0.027470431133155285
Area: 0.0004536332191129358
CentroidX: 0.4828
CentroidY: 0.9700
