Location: Sandro_Ⴎ.jpg_Otsu.png
Component: component_1744832837195_299.png
centerX: 0.7370405278039586
centerY: 0.39412438000763067
width: 0.020735155513666354
height: 0.018695154521175122
Area: 7.299844905265633e-05
CentroidX: 0.7483
CentroidY: 0.4026
