Location: Sandro_Ⴎ.jpg_Gaussian-Closing.png
Component: component_1744750762610_274.png
centerX: 0.8779453345900095
centerY: 0.3670354826402137
width: 0.027332704995287466
height: 0.013735215566577643
Area: 8.270760237493083e-05
CentroidX: 0.8935
CentroidY: 0.3732
