Location: Sandro_Ⴎ.jpg_Mean-Medain.png
Component: component_1744750762858_118.png
centerX: 0.6366635249764373
centerY: 0.17588706600534149
width: 0.03722902921771913
height: 0.02174742464708127
Area: 0.0004025702646031959
CentroidX: 0.6569
CentroidY: 0.1863
