Location: Sandro_Ⴎ.jpg_Gaussian-Closing.png
Component: component_1744750762688_642.png
centerX: 0.8722902921771913
centerY: 0.7569629912247234
width: 0.02120640904806786
height: 0.01755055322396032
Area: 8.88207729852518e-05
CentroidX: 0.8850
CentroidY: 0.7658
