Location: Sandro_Ⴎ.jpg_Mean-Medain.png
Component: component_1744750762889_269.png
centerX: 0.45098963242224316
centerY: 0.36589088134299885
width: 0.026861451460885956
height: 0.01564288439526898
Area: 7.69540300358052e-05
CentroidX: 0.4662
CentroidY: 0.3742
