Location: Sandro_Ⴎ.jpg_Mean-Medain.png
Component: component_1744750762947_484.png
centerX: 0.45523091423185674
centerY: 0.6245707745135445
width: 0.03440150801131008
height: 0.02479969477298741
Area: 0.00040886323434911453
CentroidX: 0.4743
CentroidY: 0.6364
