Location: Sandro_Ⴎ.jpg_Mean-Medain.png
Component: component_1744750762943_466.png
centerX: 0.4330819981149859
centerY: 0.5909958031285769
width: 0.03110273327049953
height: 0.02327355971003434
Area: 0.00038297215882304925
CentroidX: 0.4486
CentroidY: 0.6030
