Location: Sandro_Ⴎ.jpg_Gaussian-Median.png
Component: component_1744832837675_872.png
centerX: 0.38548539114043356
centerY: 0.9175887066005342
width: 0.03110273327049953
height: 0.02327355971003434
Area: 0.0003950187009080935
CentroidX: 0.4024
CentroidY: 0.9283
