Location: Sandro_Ⴎ.jpg_Mean-Medain.png
Component: component_1744750762935_446.png
centerX: 0.8897266729500471
centerY: 0.5555131629149179
width: 0.03864278982092366
height: 0.02479969477298741
Area: 0.0005086517546058246
CentroidX: 0.9097
CentroidY: 0.5675
