Location: Sandro_Ⴎ.jpg_Gaussian-Median.png
Component: component_1744750762484_885.png
centerX: 0.15221489161168708
centerY: 0.9385730637161389
width: 0.03345900094250707
height: 0.027851964898893553
Area: 0.000437990694315938
CentroidX: 0.1708
CentroidY: 0.9519
