Location: Sandro_Ⴎ.jpg_Gaussian-Closing.png
Component: component_1744750762619_317.png
centerX: 0.13053722902921772
centerY: 0.3967951163677986
width: 0.025918944392082942
height: 0.015261350629530714
Area: 9.205715742600996e-05
CentroidX: 0.1457
CentroidY: 0.4032
