Location: Sandro_Ⴎ.jpg_Otsu.png
Component: component_1744832837241_473.png
centerX: 0.30207351555136663
centerY: 0.6249523082792827
width: 0.030160226201696512
height: 0.022128958412819536
Area: 0.00035096791268666294
CentroidX: 0.3184
CentroidY: 0.6355
