Location: Sandro_Ⴎ.jpg_Gaussian-Median.png
Component: component_1744832837528_140.png
centerX: 0.21960414703110273
centerY: 0.20144982830980543
width: 0.03298774740810556
height: 0.026325829835940482
Area: 0.00044356446751946593
CentroidX: 0.2370
CentroidY: 0.2140
