Location: Sandro_Ⴎ.jpg_Gaussian-Closing.png
Component: component_1744750762692_668.png
centerX: 0.47266729500471255
centerY: 0.7623044639450591
width: 0.022148916116870875
height: 0.018695154521175122
Area: 8.57641876800913e-05
CentroidX: 0.4855
CentroidY: 0.7711
