Location: Sandro_Ⴎ.jpg_Mean-Medain.png
Component: component_1744750762926_409.png
centerX: 0.24882186616399624
centerY: 0.5085845097291111
width: 0.03440150801131008
height: 0.02518122853872568
Area: 0.0004489584415873962
CentroidX: 0.2654
CentroidY: 0.5214
