Location: Sandro_Ⴎ.jpg_Mean-Medain.png
Component: component_1744750762824_35.png
centerX: 0.5655042412818096
centerY: 0.04502098435711561
width: 0.029217719132893498
height: 0.01907668828691339
Area: 0.0002781492627696043
CentroidX: 0.5800
CentroidY: 0.0544
