Location: Sandro_Ⴎ.jpg_Mean-Medain.png
Component: component_1744750762944_468.png
centerX: 0.6479736098020735
centerY: 0.5917588706600534
width: 0.029217719132893498
height: 0.023655093475772607
Area: 0.0003845903510434283
CentroidX: 0.6613
CentroidY: 0.6039
