Location: Sandro_Ⴎ.jpg_Gaussian-Closing.png
Component: component_1744750762649_456.png
centerX: 0.08906691800188501
centerY: 0.5860358641739793
width: 0.03110273327049953
height: 0.024036627241510875
Area: 0.00038674794067060044
CentroidX: 0.1052
CentroidY: 0.5975
