Location: Sandro_Ⴎ.jpg_Otsu.png
Component: component_1744832837143_55.png
centerX: 0.41988689915174365
centerY: 0.05494086226631057
width: 0.02403393025447691
height: 0.019839755818389926
Area: 0.00017872034078408964
CentroidX: 0.4318
CentroidY: 0.0651
