Location: Sandro_Ⴎ.jpg_Mean-Medain.png
Component: component_1744750762871_180.png
centerX: 0.615928369462771
centerY: 0.26211369706219
width: 0.032516493873704054
height: 0.025562762304463946
Area: 0.0004775465041474267
CentroidX: 0.6333
CentroidY: 0.2741
