Location: Sandro_Ⴎ.jpg_Mean-Medain.png
Component: component_1744750762862_136.png
centerX: 0.17907634307257306
centerY: 0.20030522701259063
width: 0.03157398680490104
height: 0.022128958412819536
Area: 0.0003693074245176259
CentroidX: 0.1954
CentroidY: 0.2105
