Location: Sandro_Ⴎ.jpg_Gaussian-Median.png
Component: component_1744832837629_582.png
centerX: 0.35391140433553253
centerY: 0.6959175887066006
width: 0.03628652214891612
height: 0.024418161007249143
Area: 0.00044158667702789154
CentroidX: 0.3729
CentroidY: 0.7079
