Location: Sandro_Ⴎ.jpg_Otsu.png
Component: component_1744832837162_148.png
centerX: 0.46748350612629597
centerY: 0.2182373140022892
width: 0.03157398680490104
height: 0.029378099961846624
Area: 0.0004602857871300498
CentroidX: 0.4839
CentroidY: 0.2326
