Location: Sandro_Ⴎ.jpg_Gaussian-Median.png
Component: component_1744832837649_727.png
centerX: 0.6903864278982093
centerY: 0.7836703548264021
width: 0.021677662582469368
height: 0.02327355971003434
Area: 0.00010194610988388212
CentroidX: 0.7021
CentroidY: 0.7954
