Location: Sandro_Ⴎ.jpg_Mean-Medain.png
Component: component_1744750762957_522.png
centerX: 0.7695570216776626
centerY: 0.6619610835558947
width: 0.029688972667295005
height: 0.02327355971003434
Area: 0.00037506099685675153
CentroidX: 0.7844
CentroidY: 0.6729
