Location: Sandro_Ⴎ.jpg_Gaussian-Closing.png
Component: component_1744750762642_419.png
centerX: 0.8223374175306315
centerY: 0.5215566577642121
width: 0.0353440150801131
height: 0.02479969477298741
Area: 0.0004597463897232568
CentroidX: 0.8406
CentroidY: 0.5338
