Location: Sandro_Ⴎ.jpg_Otsu.png
Component: component_1744832837287_724.png
centerX: 0.5395852968897267
centerY: 0.8859214040442579
width: 0.03157398680490104
height: 0.025944296070202214
Area: 0.0004120996187898727
CentroidX: 0.5563
CentroidY: 0.8980
