Location: Sandro_Ⴎ.jpg_Mean-Medain.png
Component: component_1744750762900_331.png
centerX: 0.44910461828463716
centerY: 0.41930560854635635
width: 0.02544769085768143
height: 0.016787485692483783
Area: 9.439454618877974e-05
CentroidX: 0.4635
CentroidY: 0.4265
