Location: Sandro_Ⴎ.jpg_Gaussian-Median.png
Component: component_1744832837621_520.png
centerX: 0.49764373232799247
centerY: 0.626859977107974
width: 0.03298774740810556
height: 0.02518122853872568
Area: 0.000437990694315938
CentroidX: 0.5162
CentroidY: 0.6389
