Location: Sandro_Ⴎ.jpg_Mean-Medain.png
Component: component_1744750762940_451.png
centerX: 0.17860508953817153
centerY: 0.5860358641739793
width: 0.029217719132893498
height: 0.024418161007249143
Area: 0.000378117582161912
CentroidX: 0.1931
CentroidY: 0.5982
