Location: Sandro_Ⴎ.jpg_Gaussian-Closing.png
Component: component_1744750762660_492.png
centerX: 0.30207351555136663
centerY: 0.6245707745135445
width: 0.030631479736098022
height: 0.022892025944296072
Area: 0.00036750943316164915
CentroidX: 0.3184
CentroidY: 0.6354
