Location: Sandro_Ⴎ.jpg_Otsu.png
Component: component_1744750761799_378.png
centerX: 0.5433553251649388
centerY: 0.4876001526135063
width: 0.03110273327049953
height: 0.02518122853872568
Area: 0.00040598644817955174
CentroidX: 0.5604
CentroidY: 0.4992
