Location: Sandro_Ⴎ.jpg_Mean-Medain.png
Component: component_1744750762902_343.png
centerX: 0.7130065975494816
centerY: 0.423120946203739
width: 0.02403393025447691
height: 0.01755055322396032
Area: 8.306720064612617e-05
CentroidX: 0.7259
CentroidY: 0.4319
