Location: Sandro_Ⴎ.jpg_Mean-Medain.png
Component: component_1744750762873_191.png
centerX: 0.2525918944392083
centerY: 0.283479587943533
width: 0.03204524033930255
height: 0.02327355971003434
Area: 0.0003608568651445351
CentroidX: 0.2689
CentroidY: 0.2951
