Location: Sandro_Ⴎ.jpg_Gaussian-Median.png
Component: component_1744750762263_363.png
centerX: 0.9222431668237512
centerY: 0.45249904616558567
width: 0.029688972667295005
height: 0.02518122853872568
Area: 0.0003716448132803957
CentroidX: 0.9371
CentroidY: 0.4653
