Location: Sandro_Ⴎ.jpg_Otsu.png
Component: component_1744832837293_755.png
centerX: 0.06597549481621112
centerY: 0.9431514689049981
width: 0.036757775683317624
height: 0.02479969477298741
Area: 0.0004173137937222053
CentroidX: 0.0860
CentroidY: 0.9545
