Location: Sandro_Ⴎ.jpg_Mean-Medain.png
Component: component_1744750762967_571.png
centerX: 0.617813383600377
centerY: 0.7302556276230446
width: 0.0235626767200754
height: 0.016405951926745516
Area: 8.36065980529192e-05
CentroidX: 0.6312
CentroidY: 0.7376
