Location: Sandro_Ⴎ.jpg_Gaussian-Median.png
Component: component_1744750762474_834.png
centerX: 0.18378887841658811
centerY: 0.8710415871804654
width: 0.03628652214891612
height: 0.026325829835940482
Area: 0.0004097622300271029
CentroidX: 0.2027
CentroidY: 0.8840
