Location: Sandro_Ⴎ.jpg_Mean-Medain.png
Component: component_1744750762862_137.png
centerX: 0.21960414703110273
centerY: 0.20144982830980543
width: 0.03298774740810556
height: 0.026325829835940482
Area: 0.0004514756294857637
CentroidX: 0.2371
CentroidY: 0.2140
