Location: Sandro_Ⴎ.jpg_Mean-Medain.png
Component: component_1744750762918_393.png
centerX: 0.6244109330819981
centerY: 0.4895078214421976
width: 0.029688972667295005
height: 0.026325829835940482
Area: 0.00045165542862136136
CentroidX: 0.6396
CentroidY: 0.5024
