Location: Sandro_Ⴎ.jpg_Mean-Medain.png
Component: component_1744750762989_650.png
centerX: 0.35532516493873706
centerY: 0.7886302937809996
width: 0.024976437323279924
height: 0.019839755818389926
Area: 9.529354186676813e-05
CentroidX: 0.3693
CentroidY: 0.7978
