Location: Sandro_Ⴎ.jpg_Mean-Medain.png
Component: component_1744750763014_771.png
centerX: 0.06644674835061264
centerY: 0.9435330026707364
width: 0.03628652214891612
height: 0.024418161007249143
Area: 0.0004103016274338959
CentroidX: 0.0866
CentroidY: 0.9547
