Location: Sandro_Ⴎ.jpg_Gaussian-Closing.png
Component: component_1744750762581_143.png
centerX: 0.3836003770028275
centerY: 0.21518504387638307
width: 0.03110273327049953
height: 0.025944296070202214
Area: 0.0004455422580110404
CentroidX: 0.3991
CentroidY: 0.2285
