Location: Sandro_Ⴎ.jpg_Gaussian-Median.png
Component: component_1744750762062_28.png
centerX: 0.004241281809613572
centerY: 0.012209080503624571
width: 0.029688972667295005
height: 0.018695154521175122
Area: 0.00029343218929540676
CentroidX: 0.0200
CentroidY: 0.0205
