Location: Sandro_Ⴎ.jpg_Gaussian-Median.png
Component: component_1744750762475_836.png
centerX: 0.22573044297832234
centerY: 0.8721861884776803
width: 0.033930254476908575
height: 0.025944296070202214
Area: 0.00040203086719640285
CentroidX: 0.2433
CentroidY: 0.8847
