Location: Sandro_Ⴎ.jpg_Mean-Medain.png
Component: component_1744750762834_58.png
centerX: 0.04429783223374175
centerY: 0.08393742846241893
width: 0.036757775683317624
height: 0.019458222052651658
Area: 0.00036661043748366075
CentroidX: 0.0640
CentroidY: 0.0925
