Location: Sandro_Ⴎ.jpg_Otsu.png
Component: component_1744750761747_173.png
centerX: 0.5442978322337417
centerY: 0.26058756199923694
width: 0.030160226201696512
height: 0.02479969477298741
Area: 0.0004126390161966657
CentroidX: 0.5588
CentroidY: 0.2725
