Location: Sandro_Ⴎ.jpg_Otsu.png
Component: component_1744750761804_393.png
centerX: 0.2064090480678605
centerY: 0.5047691720717283
width: 0.03581526861451461
height: 0.02861503243037009
Area: 0.00047772630328302433
CentroidX: 0.2249
CentroidY: 0.5188
