Location: Sandro_Ⴎ.jpg_Otsu.png
Component: component_1744832837280_683.png
centerX: 0.6437323279924599
centerY: 0.8428080885158337
width: 0.0353440150801131
height: 0.029759633727584892
Area: 0.00040886323434911453
CentroidX: 0.6611
CentroidY: 0.8578
