Location: Sandro_Ⴎ.jpg_Mean-Medain.png
Component: component_1744750762955_517.png
centerX: 0.6927426955702167
centerY: 0.6608164822586798
width: 0.03110273327049953
height: 0.019839755818389926
Area: 0.0003142888890247371
CentroidX: 0.7100
CentroidY: 0.6705
