Location: Sandro_Ⴎ.jpg_Otsu.png
Component: component_1744750761713_36.png
centerX: 0.2521206409048068
centerY: 0.04502098435711561
width: 0.03204524033930255
height: 0.027851964898893553
Area: 0.0004432048692482706
CentroidX: 0.2676
CentroidY: 0.0594
