Location: Sandro_Ⴎ.jpg_Gaussian-Median.png
Component: component_1744750762444_687.png
centerX: 0.3765315739868049
centerY: 0.7584891262876765
width: 0.026861451460885956
height: 0.018313620755436855
Area: 9.83501271719286e-05
CentroidX: 0.3896
CentroidY: 0.7679
