Location: Sandro_Ⴎ.jpg_Gaussian-Closing.png
Component: component_1744750762694_681.png
centerX: 0.22054665409990576
centerY: 0.7821442197634491
width: 0.024505183788878417
height: 0.016405951926745516
Area: 8.50449911377006e-05
CentroidX: 0.2343
CentroidY: 0.7899
