Location: Sandro_Ⴎ.jpg_Gaussian-Closing.png
Component: component_1744750762739_831.png
centerX: 0.19085768143261075
centerY: 0.9408622663105685
width: 0.03817153628652215
height: 0.026325829835940482
Area: 0.000424146160874917
CentroidX: 0.2113
CentroidY: 0.9542
