Location: Sandro_Ⴎ.jpg_Gaussian-Median.png
Component: component_1744832837672_856.png
centerX: 0.5395852968897267
centerY: 0.8859214040442579
width: 0.03157398680490104
height: 0.026325829835940482
Area: 0.0004255845539596984
CentroidX: 0.5564
CentroidY: 0.8980
