Location: Sandro_Ⴎ.jpg_Gaussian-Median.png
Component: component_1744832837545_208.png
centerX: 0.5645617342130066
centerY: 0.30064860740175503
width: 0.033930254476908575
height: 0.019839755818389926
Area: 0.00034719213083911175
CentroidX: 0.5831
CentroidY: 0.3099
