Location: Sandro_Ⴎ.jpg_Mean-Medain.png
Component: component_1744750763017_788.png
centerX: 0.5527803958529689
centerY: 0.9580312857687905
width: 0.029688972667295005
height: 0.023655093475772607
Area: 0.00038890553029777254
CentroidX: 0.5685
CentroidY: 0.9689
