Location: Sandro_Ⴎ.jpg_Otsu.png
Component: component_1744750761790_347.png
centerX: 0.323751178133836
centerY: 0.44105303319343764
width: 0.03581526861451461
height: 0.027088897367417018
Area: 0.0004473402493670171
CentroidX: 0.3431
CentroidY: 0.4534
