Location: Sandro_Ⴎ.jpg_Otsu.png
Component: component_1744750761817_453.png
centerX: 0.4330819981149859
centerY: 0.5909958031285769
width: 0.03110273327049953
height: 0.02327355971003434
Area: 0.0003603174677377421
CentroidX: 0.4486
CentroidY: 0.6031
