Location: Sandro_Ⴎ.jpg_Gaussian-Closing.png
Component: component_1744750762701_719.png
centerX: 0.9213006597549481
centerY: 0.8099961846623426
width: 0.01885014137606032
height: 0.019839755818389926
Area: 0.00010338450296866353
CentroidX: 0.9311
CentroidY: 0.8196
