Location: Sandro_Ⴎ.jpg_Mean-Medain.png
Component: component_1744750762878_222.png
centerX: 0.21206409048067862
centerY: 0.31438382296833267
width: 0.024505183788878417
height: 0.016024418161007248
Area: 8.630358508688434e-05
CentroidX: 0.2243
CentroidY: 0.3223
