Location: Sandro_Ⴎ.jpg_Gaussian-Median.png
Component: component_1744750762193_205.png
centerX: 0.7271442035815269
centerY: 0.29912247233880196
width: 0.03298774740810556
height: 0.024036627241510875
Area: 0.000384770150179026
CentroidX: 0.7441
CentroidY: 0.3109
