Location: Sandro_Ⴎ.jpg_Gaussian-Median.png
Component: component_1744750762123_47.png
centerX: 0.7158341187558906
centerY: 0.04692865318580695
width: 0.030160226201696512
height: 0.022510492178557804
Area: 0.00034881032305949085
CentroidX: 0.7315
CentroidY: 0.0571
