Location: Sandro_Ⴎ.jpg_Otsu.png
Component: component_1744750761839_534.png
centerX: 0.9476908576814326
centerY: 0.6974437237695537
width: 0.02827521206409048
height: 0.022892025944296072
Area: 0.0003811741674670725
CentroidX: 0.9614
CentroidY: 0.7088
