Location: Sandro_Ⴎ.jpg_Gaussian-Closing.png
Component: component_1744750762668_541.png
centerX: 0.45004712535344016
centerY: 0.6623426173216329
width: 0.03345900094250707
height: 0.025562762304463946
Area: 0.00043151792543442166
CentroidX: 0.4674
CentroidY: 0.6743
