Location: Sandro_Ⴎ.jpg_Gaussian-Median.png
Component: component_1744832837634_627.png
centerX: 0.5551366635249765
centerY: 0.7294925600915682
width: 0.02544769085768143
height: 0.01564288439526898
Area: 7.587523522221915e-05
CentroidX: 0.5698
CentroidY: 0.7372
