Location: Sandro_Ⴎ.jpg_Gaussian-Closing.png
Component: component_1744750762714_763.png
centerX: 0.7200754005655042
centerY: 0.8439526898130485
width: 0.03110273327049953
height: 0.029378099961846624
Area: 0.00042522495568850303
CentroidX: 0.7358
CentroidY: 0.8582
