Location: Sandro_Ⴎ.jpg_Gaussian-Median.png
Component: component_1744750762217_241.png
centerX: 0.8576814326107446
centerY: 0.33842045020984357
width: 0.019792648444863337
height: 0.01755055322396032
Area: 8.989956779883786e-05
CentroidX: 0.8670
CentroidY: 0.3472
