Location: Sandro_Ⴎ.jpg_Gaussian-Median.png
Component: component_1744832837674_870.png
centerX: 0.8105560791705938
centerY: 0.9156810377718428
width: 0.029688972667295005
height: 0.027088897367417018
Area: 0.0004306189297564333
CentroidX: 0.8267
CentroidY: 0.9288
