Location: Sandro_Ⴎ.jpg_Mean-Medain.png
Component: component_1744750762846_76.png
centerX: 0.47360980207351555
centerY: 0.09233117130866082
width: 0.03345900094250707
height: 0.025562762304463946
Area: 0.0004201905798917681
CentroidX: 0.4906
CentroidY: 0.1054
