Location: Sandro_Ⴎ.jpg_Otsu.png
Component: component_1744832837229_410.png
centerX: 0.8652214891611687
centerY: 0.5230827928271652
width: 0.03345900094250707
height: 0.024418161007249143
Area: 0.0004290007375360542
CentroidX: 0.8824
CentroidY: 0.5344
