Location: Sandro_Ⴎ.jpg_Gaussian-Closing.png
Component: component_1744750762626_345.png
centerX: 0.8836003770028276
centerY: 0.4235024799694773
width: 0.01932139491046183
height: 0.018695154521175122
Area: 9.349555051079137e-05
CentroidX: 0.8941
CentroidY: 0.4324
