Location: Sandro_Ⴎ.jpg_Gaussian-Median.png
Component: component_1744750762152_125.png
centerX: 0.6833176248821866
centerY: 0.17855780236550936
width: 0.02827521206409048
height: 0.025562762304463946
Area: 0.00040005307670482846
CentroidX: 0.6972
CentroidY: 0.1912
