Location: Sandro_Ⴎ.jpg_Gaussian-Median.png
Component: component_1744832837615_475.png
centerX: 0.26343072573044296
centerY: 0.5890881342998855
width: 0.032516493873704054
height: 0.024036627241510875
Area: 0.00040203086719640285
CentroidX: 0.2803
CentroidY: 0.6007
