Location: Sandro_Ⴎ.jpg_Otsu.png
Component: component_1744750761882_738.png
centerX: 0.8491988689915174
centerY: 0.9160625715375811
width: 0.030631479736098022
height: 0.024036627241510875
Area: 0.0003691276253820282
CentroidX: 0.8664
CentroidY: 0.9273
