Location: Sandro_Ⴎ.jpg_Gaussian-Median.png
Component: component_1744832837502_25.png
centerX: 0.39726672950047126
centerY: 0.0106829454406715
width: 0.03770028275212064
height: 0.022892025944296072
Area: 0.0003948389017724958
CentroidX: 0.4168
CentroidY: 0.0208
