Location: Sandro_Ⴎ.jpg_Mean-Medain.png
Component: component_1744750762869_177.png
centerX: 0.4599434495758718
centerY: 0.2609690957649752
width: 0.032516493873704054
height: 0.02327355971003434
Area: 0.0003770387873483259
CentroidX: 0.4772
CentroidY: 0.2720
