Location: Sandro_Ⴎ.jpg_Gaussian-Median.png
Component: component_1744832837609_446.png
centerX: 0.4655984919886899
centerY: 0.5471194200686761
width: 0.03864278982092366
height: 0.027470431133155285
Area: 0.0005314862448267294
CentroidX: 0.4841
CentroidY: 0.5610
