Location: Sandro_Ⴎ.jpg_Mean-Medain.png
Component: component_1744750762915_381.png
centerX: 0.19839773798303487
centerY: 0.4696680656238077
width: 0.03298774740810556
height: 0.02518122853872568
Area: 0.00043637250209555895
CentroidX: 0.2155
CentroidY: 0.4819
