Location: Sandro_Ⴎ.jpg_Gaussian-Closing.png
Component: component_1744750762612_282.png
centerX: 0.5193213949104618
centerY: 0.3693246852346433
width: 0.02544769085768143
height: 0.01755055322396032
Area: 9.169755915481461e-05
CentroidX: 0.5328
CentroidY: 0.3776
