Location: Sandro_Ⴎ.jpg_Mean-Medain.png
Component: component_1744750762875_201.png
centerX: 0.8779453345900095
centerY: 0.2987409385730637
width: 0.029688972667295005
height: 0.02518122853872568
Area: 0.0004234269643325263
CentroidX: 0.8936
CentroidY: 0.3113
