Location: Sandro_Ⴎ.jpg_Gaussian-Closing.png
Component: component_1744750762614_292.png
centerX: 0.34872761545711595
centerY: 0.38153376573826786
width: 0.0235626767200754
height: 0.01564288439526898
Area: 8.792177730726342e-05
CentroidX: 0.3623
CentroidY: 0.3889
