Location: Sandro_Ⴎ.jpg_Gaussian-Median.png
Component: component_1744832837660_798.png
centerX: 0.09707822808671066
centerY: 0.8344143456695917
width: 0.03345900094250707
height: 0.025562762304463946
Area: 0.000411919819654275
CentroidX: 0.1146
CentroidY: 0.8468
