Location: Sandro_Ⴎ.jpg_Gaussian-Median.png
Component: component_1744750762224_258.png
centerX: 0.06738925541941565
centerY: 0.36131247615413964
width: 0.02639019792648445
height: 0.01564288439526898
Area: 8.630358508688434e-05
CentroidX: 0.0817
CentroidY: 0.3692
