Location: Sandro_Ⴎ.jpg_Mean-Medain.png
Component: component_1744750763002_721.png
centerX: 0.22573044297832234
centerY: 0.871804654711942
width: 0.033930254476908575
height: 0.025944296070202214
Area: 0.00040203086719640285
CentroidX: 0.2432
CentroidY: 0.8847
