Location: Sandro_Ⴎ.jpg_Gaussian-Closing.png
Component: component_1744750762622_320.png
centerX: 0.17106503298774742
centerY: 0.39832125143075164
width: 0.024976437323279924
height: 0.021365890881343
Area: 0.00010716028481621472
CentroidX: 0.1837
CentroidY: 0.4087
