Location: Sandro_Ⴎ.jpg_Mean-Medain.png
Component: component_1744750762952_514.png
centerX: 0.4891611687087653
centerY: 0.6608164822586798
width: 0.03345900094250707
height: 0.024418161007249143
Area: 0.00044716045023141947
CentroidX: 0.5068
CentroidY: 0.6727
