Location: Sandro_Ⴎ.jpg_Mean-Medain.png
Component: component_1744750762830_50.png
centerX: 0.2954759660697455
centerY: 0.05036245707745136
width: 0.03440150801131008
height: 0.023655093475772607
Area: 0.0004298997332140426
CentroidX: 0.3156
CentroidY: 0.0608
