Location: Sandro_Ⴎ.jpg_Mean-Medain.png
Component: component_1744750762941_454.png
centerX: 0.937794533459001
centerY: 0.5879435330026708
width: 0.025918944392082942
height: 0.023655093475772607
Area: 0.0003506083144154676
CentroidX: 0.9515
CentroidY: 0.5988
