Location: Sandro_Ⴎ.jpg_Otsu.png
Component: component_1744832837237_455.png
centerX: 0.39255419415645615
centerY: 0.5913773368943152
width: 0.03345900094250707
height: 0.022510492178557804
Area: 0.00036445284785648866
CentroidX: 0.4113
CentroidY: 0.6018
