Location: Sandro_Ⴎ.jpg_Otsu.png
Component: component_1744750761846_575.png
centerX: 0.12111215834118756
centerY: 0.7489507821442197
width: 0.0235626767200754
height: 0.016405951926745516
Area: 6.706507757793303e-05
CentroidX: 0.1353
CentroidY: 0.7568
