Location: Sandro_Ⴎ.jpg_Gaussian-Closing.png
Component: component_1744750762635_390.png
centerX: 0.7097078228086711
centerY: 0.4898893552079359
width: 0.029217719132893498
height: 0.025562762304463946
Area: 0.000437451296909145
CentroidX: 0.7243
CentroidY: 0.5025
