Location: Sandro_Ⴎ.jpg_Gaussian-Closing.png
Component: component_1744750762645_430.png
centerX: 0.04052780395852969
centerY: 0.5375810759252194
width: 0.03770028275212064
height: 0.02518122853872568
Area: 0.0004484190441806032
CentroidX: 0.0608
CentroidY: 0.5493
