Location: Sandro_Ⴎ.jpg_Gaussian-Closing.png
Component: component_1744750762566_99.png
centerX: 0.8378887841658812
centerY: 0.1316291491797024
width: 0.03440150801131008
height: 0.024036627241510875
Area: 0.00039897428189124236
CentroidX: 0.8572
CentroidY: 0.1425
