Location: Sandro_Ⴎ.jpg_Gaussian-Closing.png
Component: component_1744750762694_682.png
centerX: 0.6903864278982093
centerY: 0.7836703548264021
width: 0.021677662582469368
height: 0.022892025944296072
Area: 0.00010230570815507747
CentroidX: 0.7020
CentroidY: 0.7954
