Location: Sandro_Ⴎ.jpg_Otsu.png
Component: component_1744832837191_277.png
centerX: 0.6569274269557022
centerY: 0.37199542159481114
width: 0.02403393025447691
height: 0.01564288439526898
Area: 6.041250956081903e-05
CentroidX: 0.6707
CentroidY: 0.3789
