Location: Sandro_Ⴎ.jpg_Gaussian-Median.png
Component: component_1744832837675_873.png
centerX: 0.734684260131951
centerY: 0.9172071728347959
width: 0.03204524033930255
height: 0.027470431133155285
Area: 0.00042936033580724957
CentroidX: 0.7526
CentroidY: 0.9297
