Location: Sandro_Ⴎ.jpg_Otsu.png
Component: component_1744750761855_609.png
centerX: 0.09283694627709708
centerY: 0.7771842808088516
width: 0.030160226201696512
height: 0.011446012972148036
Area: 7.048126115428887e-05
CentroidX: 0.1103
CentroidY: 0.7829
