Location: Sandro_Ⴎ.jpg_Mean-Medain.png
Component: component_1744750762916_385.png
centerX: 0.3647502356267672
centerY: 0.4788248760015261
width: 0.024976437323279924
height: 0.027088897367417018
Area: 0.0004056268499083564
CentroidX: 0.3762
CentroidY: 0.4920
