Location: Sandro_Ⴎ.jpg_Gaussian-Closing.png
Component: component_1744750762706_729.png
centerX: 0.7408105560791706
centerY: 0.8138115223197253
width: 0.022620169651272386
height: 0.01755055322396032
Area: 9.331575137519368e-05
CentroidX: 0.7517
CentroidY: 0.8222
