Location: Sandro_Ⴎ.jpg_Mean-Medain.png
Component: component_1744750762900_335.png
centerX: 0.9123468426013195
centerY: 0.42159481114078595
width: 0.01932139491046183
height: 0.020221289584128194
Area: 9.439454618877974e-05
CentroidX: 0.9231
CentroidY: 0.4308
