Location: Sandro_Ⴎ.jpg_Otsu.png
Component: component_1744832837184_250.png
centerX: 0.326578699340245
centerY: 0.3563525371995422
width: 0.021677662582469368
height: 0.019458222052651658
Area: 7.03014620186912e-05
CentroidX: 0.3376
CentroidY: 0.3662
