Location: Sandro_Ⴎ.jpg_Gaussian-Median.png
Component: component_1744832837530_149.png
centerX: 0.46748350612629597
centerY: 0.21785578023655094
width: 0.03157398680490104
height: 0.029759633727584892
Area: 0.0004899526445036662
CentroidX: 0.4839
CentroidY: 0.2326
