Location: Sandro_Ⴎ.jpg_Otsu.png
Component: component_1744750761806_400.png
centerX: 0.33694627709707825
centerY: 0.5127813811522319
width: 0.03345900094250707
height: 0.02670736360167875
Area: 0.00046496056465558937
CentroidX: 0.3545
CentroidY: 0.5256
