Location: Sandro_Ⴎ.jpg_Gaussian-Closing.png
Component: component_1744750762647_440.png
centerX: 0.4655984919886899
centerY: 0.5471194200686761
width: 0.03864278982092366
height: 0.027470431133155285
Area: 0.000530587249148741
CentroidX: 0.4841
CentroidY: 0.5610
