Location: Sandro_Ⴎ.jpg_Otsu.png
Component: component_1744832837213_334.png
centerX: 0.029688972667295005
centerY: 0.4235024799694773
width: 0.03722902921771913
height: 0.023655093475772607
Area: 0.00037416200117876313
CentroidX: 0.0499
CentroidY: 0.4346
