Location: Sandro_Ⴎ.jpg_Otsu.png
Component: component_1744832837168_172.png
centerX: 0.5028275212064091
centerY: 0.26020602823349864
width: 0.03204524033930255
height: 0.02518122853872568
Area: 0.00042684314790888213
CentroidX: 0.5200
CentroidY: 0.2718
