Location: Sandro_Ⴎ.jpg_Otsu.png
Component: component_1744832837155_109.png
centerX: 0.011310084825636193
centerY: 0.15146890499809232
width: 0.03157398680490104
height: 0.01907668828691339
Area: 0.0002587309561250553
CentroidX: 0.0286
CentroidY: 0.1601
