Location: Sandro_Ⴎ.jpg_Mean-Medain.png
Component: component_1744750762859_121.png
centerX: 0.5895381715362865
centerY: 0.17855780236550936
width: 0.03770028275212064
height: 0.020221289584128194
Area: 0.0003935803078233121
CentroidX: 0.6107
CentroidY: 0.1876
