Location: internet_30.png_Mean-Medain.png
Component: component_1755078353653_217.png
centerX: 0.6174929463925837
centerY: 0.4185913886512689
width: 0.03990326481257558
height: 0.032506415739948676
Area: 0.00040064972835465707
CentroidX: 0.6378
CentroidY: 0.4343
