Location: Dedata_24.png_Mean-Medain.png
Component: component_1755507995408_150.png
centerX: 0.2854838709677419
centerY: 0.33257338273012255
width: 0.038306451612903226
height: 0.03505272157309775
Area: 0.00046470366522950203
CentroidX: 0.3037
CentroidY: 0.3475
