Location: internet_30.png_Mean-Medain.png
Component: component_1755078353762_353.png
centerX: 0.607416364369206
centerY: 0.7399486740804107
width: 0.03788794840790004
height: 0.03279155973766752
Area: 0.00034674705405794617
CentroidX: 0.6282
CentroidY: 0.7548
