Location: Dedata_24.png_Mean-Medain.png
Component: component_1755507995390_77.png
centerX: 0.7943548387096774
centerY: 0.16300940438871472
width: 0.03225806451612903
height: 0.03305785123966942
Area: 0.0002925656606514125
CentroidX: 0.8096
CentroidY: 0.1769
