Location: internet_30.png_Mean-Medain.png
Component: component_1755078353663_238.png
centerX: 0.7835550181378477
centerY: 0.45879669232962644
width: 0.03788794840790004
height: 0.03222127174222983
Area: 0.0003731812013676338
CentroidX: 0.8028
CentroidY: 0.4752
