Location: Dedata_24.png_Mean-Medain.png
Component: component_1755507995628_290.png
centerX: 0.2899193548387097
centerY: 0.7403818751781134
width: 0.0407258064516129
height: 0.03761755485893417
Area: 0.0005377876244495721
CentroidX: 0.3089
CentroidY: 0.7568
