Location: internet_30.png_Mean-Closing.png
Component: component_1755078353357_217.png
centerX: 0.23135832325675132
centerY: 0.44168805246649556
width: 0.025796049979846837
height: 0.02737382378100941
Area: 0.00022285135492819278
CentroidX: 0.2442
CentroidY: 0.4545
