Location: Dedata_24.png_Mean-Medain.png
Component: component_1755507995503_194.png
centerX: 0.11975806451612903
centerY: 0.45027073240239385
width: 0.03185483870967742
height: 0.039042462239954404
Area: 0.00051756313258993
CentroidX: 0.1365
CentroidY: 0.4679
