Location: internet_30.png_Mean-Medain.png
Component: component_1755078353473_129.png
centerX: 0.24022571543732366
centerY: 0.23809523809523808
width: 0.0354695687222894
height: 0.026803535785571715
Area: 0.00035111443491780763
CentroidX: 0.2549
CentroidY: 0.2518
