Location: Dedata_24.png_Otsu.png
Component: component_1755507995232_343.png
centerX: 0.9362903225806452
centerY: 0.23738956967797092
width: 0.02903225806451613
height: 0.03505272157309775
Area: 0.0003875977900146168
CentroidX: 0.9515
CentroidY: 0.2522
