Location: Dedata_24.png_Mean-Medain.png
Component: component_1755507995379_29.png
centerX: 0.7096774193548387
centerY: 0.049586776859504134
width: 0.03185483870967742
height: 0.029353092049016812
Area: 0.00029773669550188915
CentroidX: 0.7254
CentroidY: 0.0626
