Location: Dedata_24.png_Mean-Medain.png
Component: component_1755507995481_184.png
centerX: 0.7459677419354839
centerY: 0.4237674551154175
width: 0.04153225806451613
height: 0.033912795668281565
Area: 0.0005158394543064378
CentroidX: 0.7661
CentroidY: 0.4397
