Location: Dedata_24.png_Mean-Closing.png
Component: component_1755507996145_136.png
centerX: 0.6274193548387097
centerY: 0.29666571672841263
width: 0.034274193548387094
height: 0.034482758620689655
Area: 0.00043976778606164793
CentroidX: 0.6447
CentroidY: 0.3121
