Location: internet_30.png_Gaussian-Median.png
Component: component_1755078353882_127.png
centerX: 0.8186215235792019
centerY: 0.22241231822070145
width: 0.03305118903667876
height: 0.02480752780153978
Area: 0.0002929593108364948
CentroidX: 0.8330
CentroidY: 0.2355
