Location: internet_30.png_Gaussian-Closing.png
Component: component_1755078354074_150.png
centerX: 0.23135832325675132
centerY: 0.2874251497005988
width: 0.037484885126964934
height: 0.030795551753635585
Area: 0.00038111144556054013
CentroidX: 0.2499
CentroidY: 0.3024
