Location: internet_30.png_Mean-Closing.png
Component: component_1755078353311_28.png
centerX: 0.8823055219669488
centerY: 0.05645851154833191
width: 0.022974607013301087
height: 0.035642999714856
Area: 0.0002200930091219645
CentroidX: 0.8913
CentroidY: 0.0748
