Location: Dedata_24.png_Mean-Medain.png
Component: component_1755507995387_59.png
centerX: 0.7838709677419354
centerY: 0.1268167569108008
width: 0.034274193548387094
height: 0.030493017953833
Area: 0.0003086533246306732
CentroidX: 0.8013
CentroidY: 0.1415
