Location: Dedata_24.png_Otsu.png
Component: component_1755507995296_508.png
centerX: 0.8088709677419355
centerY: 0.5092618979766316
width: 0.038306451612903226
height: 0.038472499287546306
Area: 0.00044769670616571215
CentroidX: 0.8264
CentroidY: 0.5265
