Location: Dedata_24.png_Otsu.png
Component: component_1755507995197_4.png
centerX: 0.3935483870967742
centerY: 0.007979481333713309
width: 0.03064516129032258
height: 0.032487888287261325
Area: 0.00023579918918173543
CentroidX: 0.4069
CentroidY: 0.0203
