Location: internet_30.png_Gaussian-Median.png
Component: component_1755078353927_264.png
centerX: 0.6223297057638049
centerY: 0.46820644425434843
width: 0.037484885126964934
height: 0.030795551753635585
Area: 0.000335253946531995
CentroidX: 0.6415
CentroidY: 0.4834
