Location: internet_30.png_Gaussian-Closing.png
Component: component_1755078354257_204.png
centerX: 0.24103184199919386
centerY: 0.3869404049044768
width: 0.03506650544135429
height: 0.032506415739948676
Area: 0.00036731971652939876
CentroidX: 0.2606
CentroidY: 0.4009
