Location: Dedata_24.png_Mean-Closing.png
Component: component_1755507996172_245.png
centerX: 0.5245967741935483
centerY: 0.603590766600171
width: 0.035483870967741936
height: 0.03932744371615845
Area: 0.000512851745281718
CentroidX: 0.5411
CentroidY: 0.6206
