Location: internet_30.png_Mean-Medain.png
Component: component_1755078353656_219.png
centerX: 0.5654977831519549
centerY: 0.424009124607927
width: 0.037484885126964934
height: 0.031080695751354435
Area: 0.00040076465942991656
CentroidX: 0.5851
CentroidY: 0.4385
