Location: Dedata_24.png_Mean-Closing.png
Component: component_1755507996181_279.png
centerX: 0.567741935483871
centerY: 0.7081789683670562
width: 0.04032258064516129
height: 0.03761755485893417
Area: 0.0005428437474144826
CentroidX: 0.5867
CentroidY: 0.7255
