Location: internet_30.png_Mean-Medain.png
Component: component_1755078353669_253.png
centerX: 0.010479645304312777
centerY: 0.4984317080125463
width: 0.041515517936316
height: 0.040490447676076416
Area: 0.0004524836432966968
CentroidX: 0.0317
CentroidY: 0.5167
