Location: Dedata_24.png_Gaussian-Median.png
Component: component_1755507995838_229.png
centerX: 0.4786290322580645
centerY: 0.5502992305500143
width: 0.038306451612903226
height: 0.03875748076375036
Area: 0.0004835492144623503
CentroidX: 0.4968
CentroidY: 0.5676
