Location: internet_30.png_Gaussian-Median.png
Component: component_1755078353949_348.png
centerX: 0.1841999193873438
centerY: 0.6538351867693185
width: 0.042724707779121324
height: 0.03022526375819789
Area: 0.00024181498234601218
CentroidX: 0.2002
CentroidY: 0.6720
