Location: internet_30.png_Gaussian-Closing.png
Component: component_1755078354047_65.png
centerX: 0.22813381700927046
centerY: 0.10978043912175649
width: 0.03466344216041919
height: 0.03792415169660679
Area: 0.00039766152039790977
CentroidX: 0.2447
CentroidY: 0.1256
