Location: internet_30.png_Mean-Medain.png
Component: component_1755078353457_63.png
centerX: 0.22813381700927046
centerY: 0.10978043912175649
width: 0.03466344216041919
height: 0.03792415169660679
Area: 0.00040869490362282286
CentroidX: 0.2446
CentroidY: 0.1256
