Location: Dedata_24.png_Mean-Closing.png
Component: component_1755507996150_157.png
centerX: 0.5177419354838709
centerY: 0.353662011969222
width: 0.03508064516129032
height: 0.03277286976346538
Area: 0.0004979132001581187
CentroidX: 0.5351
CentroidY: 0.3695
