Location: Dedata_24.png_Mean-Medain.png
Component: component_1755507995374_5.png
centerX: 0.33991935483870966
centerY: 0.007979481333713309
width: 0.03669354838709677
height: 0.037047591906526074
Area: 0.0003563417571406246
CentroidX: 0.3557
CentroidY: 0.0222
