Location: Dedata_24.png_Gaussian-Median.png
Component: component_1755507995757_48.png
centerX: 0.4495967741935484
centerY: 0.09432886862353947
width: 0.035483870967741936
height: 0.0347677400968937
Area: 0.00025866665440939886
CentroidX: 0.4658
CentroidY: 0.1087
