Location: Dedata_24.png_Gaussian-Median.png
Component: component_1755507995840_239.png
centerX: 0.75
centerY: 0.5716728412653177
width: 0.03588709677419355
height: 0.039612425192362494
Area: 0.0004812509767510273
CentroidX: 0.7667
CentroidY: 0.5894
