Location: internet_30.png_Mean-Closing.png
Component: component_1755078353316_48.png
centerX: 0.7758968158000806
centerY: 0.10065583119475335
width: 0.030632809351068116
height: 0.03735386370116909
Area: 0.0004055917645908161
CentroidX: 0.7909
CentroidY: 0.1169
