Location: Dedata_24.png_Mean-Closing.png
Component: component_1755507996118_41.png
centerX: 0.8806451612903226
centerY: 0.0829296095753776
width: 0.031048387096774193
height: 0.03134796238244514
Area: 0.0002443026687136304
CentroidX: 0.8964
CentroidY: 0.0966
