Location: Dedata_24.png_Gaussian-Median.png
Component: component_1755507995758_53.png
centerX: 0.2318548387096774
centerY: 0.10401823881447705
width: 0.03790322580645161
height: 0.03305785123966942
Area: 0.00025763244743930353
CentroidX: 0.2501
CentroidY: 0.1188
