Location: Dedata_24.png_Mean-Closing.png
Component: component_1755507996176_261.png
centerX: 0.5774193548387097
centerY: 0.6494727842690226
width: 0.04112903225806452
height: 0.03875748076375036
Area: 0.0005172183969332316
CentroidX: 0.5989
CentroidY: 0.6677
