Location: internet_30.png_Mean-Closing.png
Component: component_1755078353342_148.png
centerX: 0.954856912535268
centerY: 0.3125178214998574
width: 0.02781136638452237
height: 0.027088679783290562
Area: 0.00021227769600431774
CentroidX: 0.9654
CentroidY: 0.3282
