Location: internet_30.png_Mean-Closing.png
Component: component_1755078353383_332.png
centerX: 0.6662636033857315
centerY: 0.7368120901055033
width: 0.037081821846029824
height: 0.028229255774165955
Area: 0.00032973725491953847
CentroidX: 0.6850
CentroidY: 0.7511
