Location: Dedata_24.png_Mean-Medain.png
Component: component_1755507995396_107.png
centerX: 0.9354838709677419
centerY: 0.23681960672556285
width: 0.03064516129032258
height: 0.03562268452550584
Area: 0.00045160371027496115
CentroidX: 0.9517
CentroidY: 0.2521
