Location: Dedata_24.png_Mean-Closing.png
Component: component_1755507996138_105.png
centerX: 0.43951612903225806
centerY: 0.23140495867768596
width: 0.02903225806451613
height: 0.032487888287261325
Area: 0.00022878956416220043
CentroidX: 0.4528
CentroidY: 0.2446
