Location: Dedata_24.png_Mean-Closing.png
Component: component_1755507996140_115.png
centerX: 0.7225806451612903
centerY: 0.25049871758335707
width: 0.03024193548387097
height: 0.037902536335138216
Area: 0.0004559703619264748
CentroidX: 0.7385
CentroidY: 0.2669
