Location: Dedata_24.png_Gaussian-Median.png
Component: component_1755507995760_60.png
centerX: 0.7838709677419354
centerY: 0.1268167569108008
width: 0.03467741935483871
height: 0.030493017953833
Area: 0.00028819900899989886
CentroidX: 0.8015
CentroidY: 0.1416
