Location: Dedata_24.png_Gaussian-Median.png
Component: component_1755507995786_171.png
centerX: 0.6806451612903226
centerY: 0.38187517811342264
width: 0.03387096774193549
height: 0.03761755485893417
Area: 0.0005081403579735059
CentroidX: 0.6983
CentroidY: 0.3996
