Location: internet_30.png_Gaussian-Closing.png
Component: component_1755078354285_271.png
centerX: 0.23337363966142685
centerY: 0.5446250356429997
width: 0.04353083434099154
height: 0.03450242372398061
Area: 0.00026123833406486963
CentroidX: 0.2490
CentroidY: 0.5641
