Location: Dedata_24.png_Gaussian-Median.png
Component: component_1755507995856_278.png
centerX: 0.6887096774193548
centerY: 0.69506982046167
width: 0.046370967741935484
height: 0.040467369620974636
Area: 0.0005397411265041966
CentroidX: 0.7104
CentroidY: 0.7137
