Location: Dedata_24.png_Otsu.png
Component: component_1755507995284_492.png
centerX: 0.802016129032258
centerY: 0.4599601025933314
width: 0.036290322580645164
height: 0.037047591906526074
Area: 0.00044080199303174326
CentroidX: 0.8198
CentroidY: 0.4764
