Location: internet_30.png_Mean-Closing.png
Component: component_1755078353335_125.png
centerX: 0.1841999193873438
centerY: 0.24066153407470772
width: 0.032648125755743655
height: 0.02623324779013402
Area: 0.0001918199646081247
CentroidX: 0.1956
CentroidY: 0.2553
