Location: Dedata_24.png_Mean-Closing.png
Component: component_1755507996108_10.png
centerX: 0.4439516129032258
centerY: 0.00883442576232545
width: 0.037096774193548385
height: 0.034482758620689655
Area: 0.00033416376322635804
CentroidX: 0.4595
CentroidY: 0.0221
