Location: Dedata_24.png_Mean-Medain.png
Component: component_1755507995385_51.png
centerX: 0.2899193548387097
centerY: 0.1005984611000285
width: 0.03346774193548387
height: 0.038472499287546306
Area: 0.00027831658684121014
CentroidX: 0.3052
CentroidY: 0.1167
