Location: Dedata_24.png_Mean-Medain.png
Component: component_1755507995477_183.png
centerX: 0.3431451612903226
centerY: 0.4214876033057851
width: 0.03588709677419355
height: 0.03562268452550584
Area: 0.000505842120262183
CentroidX: 0.3608
CentroidY: 0.4379
