Location: Dedata_24.png_Otsu.png
Component: component_1755507995205_56.png
centerX: 0.7681451612903226
centerY: 0.08378455400398974
width: 0.03669354838709677
height: 0.03220290681105728
Area: 0.0001737467709760156
CentroidX: 0.7873
CentroidY: 0.0977
