Location: internet_30.png_Mean-Closing.png
Component: component_1755078353330_104.png
centerX: 0.12051592099959693
centerY: 0.200741374394069
width: 0.0354695687222894
height: 0.031080695751354435
Area: 0.0003539877117992954
CentroidX: 0.1374
CentroidY: 0.2138
