Location: Dedata_24.png_Mean-Medain.png
Component: component_1755507995378_23.png
centerX: 0.8262096774193548
centerY: 0.047021943573667714
width: 0.03467741935483871
height: 0.030208036477628954
Area: 0.00027084731427941055
CentroidX: 0.8434
CentroidY: 0.0602
