Location: internet_30.png_Mean-Medain.png
Component: component_1755078353489_154.png
centerX: 0.06569931479242241
centerY: 0.2902765896777873
width: 0.035872632003224506
height: 0.030795551753635585
Area: 0.0004215671840518882
CentroidX: 0.0843
CentroidY: 0.3045
