Location: Dedata_24.png_Mean-Closing.png
Component: component_1755507996120_47.png
centerX: 0.5040322580645161
centerY: 0.09176403533770305
width: 0.02943548387096774
height: 0.030777999430037048
Area: 0.00025246141258882687
CentroidX: 0.5169
CentroidY: 0.1049
