Location: internet_30.png_Mean-Medain.png
Component: component_1755078353478_141.png
centerX: 0.7146311970979444
centerY: 0.2737382378100941
width: 0.03869407496977025
height: 0.027944111776447105
Area: 0.00038042185910898305
CentroidX: 0.7351
CentroidY: 0.2878
