Location: Dedata_24.png_Gaussian-Median.png
Component: component_1755507995753_31.png
centerX: 0.3842741935483871
centerY: 0.053006554573952695
width: 0.03225806451612903
height: 0.030208036477628954
Area: 0.0002488991441362763
CentroidX: 0.4001
CentroidY: 0.0665
