Location: internet_30.png_Mean-Closing.png
Component: component_1755078353316_49.png
centerX: 0.7275292220878677
centerY: 0.1015112631879099
width: 0.028617492946392584
height: 0.03421727972626176
Area: 0.0003919149666349342
CentroidX: 0.7413
CentroidY: 0.1172
