Location: internet_30.png_Gaussian-Closing.png
Component: component_1755078354297_314.png
centerX: 0.2470777912132205
centerY: 0.65098374679213
width: 0.0354695687222894
height: 0.027088679783290562
Area: 0.00021101345417646311
CentroidX: 0.2602
CentroidY: 0.6658
