Location: Dedata_24.png_Mean-Medain.png
Component: component_1755507995627_289.png
centerX: 0.7943548387096774
centerY: 0.7386719863208892
width: 0.03951612903225806
height: 0.03932744371615845
Area: 0.0005314674707434339
CentroidX: 0.8132
CentroidY: 0.7574
