Location: internet_30.png_Gaussian-Median.png
Component: component_1755078353876_97.png
centerX: 0.11648528819024587
centerY: 0.1562589107499287
width: 0.029423619508262798
height: 0.03051040775591674
Area: 0.00034111543137023013
CentroidX: 0.1310
CentroidY: 0.1693
