Location: Dedata_24.png_Otsu.png
Component: component_1755507995289_501.png
centerX: 0.5209677419354839
centerY: 0.4864633798803078
width: 0.03185483870967742
height: 0.03733257338273012
Area: 0.0004409169049173094
CentroidX: 0.5370
CentroidY: 0.5043
