Location: internet_30.png_Gaussian-Median.png
Component: component_1755078353878_111.png
centerX: 0.6775493752519145
centerY: 0.18591388651268892
width: 0.0354695687222894
height: 0.027944111776447105
Area: 0.0003182441473935873
CentroidX: 0.6929
CentroidY: 0.1990
