Location: internet_30.png_Mean-Closing.png
Component: component_1755078353363_245.png
centerX: 0.724707779121322
centerY: 0.5189620758483033
width: 0.03909713825070536
height: 0.029654975762760195
Area: 0.0003751350296470455
CentroidX: 0.7464
CentroidY: 0.5321
