Location: internet_30.png_Gaussian-Closing.png
Component: component_1755078354309_353.png
centerX: 0.5538089480048367
centerY: 0.7408041060735672
width: 0.0354695687222894
height: 0.033361847733105215
Area: 0.00031514100836158054
CentroidX: 0.5735
CentroidY: 0.7576
