Location: internet_30.png_Mean-Medain.png
Component: component_1755078353665_244.png
centerX: 0.46432889963724305
centerY: 0.47419446820644423
width: 0.03345425231761386
height: 0.03307670373538637
Area: 0.0003606537141643471
CentroidX: 0.4821
CentroidY: 0.4886
