Location: internet_30.png_Gaussian-Closing.png
Component: component_1755078354071_142.png
centerX: 0.7146311970979444
centerY: 0.27402338180781294
width: 0.03869407496977025
height: 0.02737382378100941
Area: 0.00036168809384168267
CentroidX: 0.7352
CentroidY: 0.2878
