Location: Dedata_24.png_Otsu.png
Component: component_1755507995246_446.png
centerX: 0.6298387096774194
centerY: 0.33741806782559136
width: 0.03790322580645161
height: 0.03419777714448561
Area: 0.00045390194798628413
CentroidX: 0.6488
CentroidY: 0.3550
