Location: internet_30.png_Mean-Closing.png
Component: component_1755078353350_188.png
centerX: 0.4667472793228537
centerY: 0.3823781009409752
width: 0.03990326481257558
height: 0.027088679783290562
Area: 0.0002477913982595068
CentroidX: 0.4811
CentroidY: 0.3983
