Location: internet_30.png_Gaussian-Median.png
Component: component_1755078353952_363.png
centerX: 0.5804111245465539
centerY: 0.6837753065297976
width: 0.03385731559854897
height: 0.029940119760479042
Area: 0.0003190486649204039
CentroidX: 0.5981
CentroidY: 0.6991
