Location: internet_30.png_Gaussian-Median.png
Component: component_1755078353906_193.png
centerX: 0.12656187021362353
centerY: 0.3438836612489307
width: 0.032245062474808545
height: 0.032506415739948676
Area: 0.00023514897998096052
CentroidX: 0.1420
CentroidY: 0.3592
