Location: Dedata_24.png_Gaussian-Median.png
Component: component_1755507995773_117.png
centerX: 0.7225806451612903
centerY: 0.25049871758335707
width: 0.03024193548387097
height: 0.037902536335138216
Area: 0.0004360906057235312
CentroidX: 0.7386
CentroidY: 0.2671
