Location: Dedata_24.png_Gaussian-Median.png
Component: component_1755507995835_218.png
centerX: 0.35201612903225804
centerY: 0.5143915645483044
width: 0.035483870967741936
height: 0.031917925334853235
Area: 0.00044470899714099227
CentroidX: 0.3686
CentroidY: 0.5297
