Location: Dedata_24.png_Mean-Medain.png
Component: component_1755507995382_42.png
centerX: 0.7677419354838709
centerY: 0.0834995725277857
width: 0.0375
height: 0.03277286976346538
Area: 0.0002834876216916868
CentroidX: 0.7869
CentroidY: 0.0984
