Location: Dedata_24.png_Mean-Closing.png
Component: component_1755507996138_108.png
centerX: 0.3419354838709677
centerY: 0.237674551154175
width: 0.03508064516129032
height: 0.029923055001424906
Area: 0.0003027928184667997
CentroidX: 0.3580
CentroidY: 0.2509
