Location: Dedata_24.png_Mean-Medain.png
Component: component_1755507995410_158.png
centerX: 0.06653225806451613
centerY: 0.35537190082644626
width: 0.039112903225806454
height: 0.039612425192362494
Area: 0.000525262228922862
CentroidX: 0.0858
CentroidY: 0.3719
