Location: Dedata_24.png_Gaussian-Median.png
Component: component_1755507995900_308.png
centerX: 0.19233870967741937
centerY: 0.8019378740381875
width: 0.04233870967741935
height: 0.03619264747791394
Area: 0.0005002114378694417
CentroidX: 0.2120
CentroidY: 0.8181
