Location: internet_30.png_Gaussian-Closing.png
Component: component_1755078354286_274.png
centerX: 0.06247480854494156
centerY: 0.5566010835471913
width: 0.04312777106005643
height: 0.029654975762760195
Area: 0.00036410164642213243
CentroidX: 0.0797
CentroidY: 0.5708
