Location: Dedata_24.png_Gaussian-Median.png
Component: component_1755507995859_280.png
centerX: 0.6262096774193548
centerY: 0.701054431461955
width: 0.041935483870967745
height: 0.037902536335138216
Area: 0.0005196315465301207
CentroidX: 0.6465
CentroidY: 0.7183
