Location: Dedata_24.png_Mean-Medain.png
Component: component_1755507995445_180.png
centerX: 0.3971774193548387
centerY: 0.41493302935309206
width: 0.03669354838709677
height: 0.03419777714448561
Area: 0.0005141157760229457
CentroidX: 0.4154
CentroidY: 0.4311
