Location: Dedata_24.png_Otsu.png
Component: component_1755507995304_530.png
centerX: 0.30201612903225805
centerY: 0.573097748646338
width: 0.03508064516129032
height: 0.03619264747791394
Area: 0.00042965554013182694
CentroidX: 0.3187
CentroidY: 0.5903
