Location: internet_30.png_Gaussian-Closing.png
Component: component_1755078354306_346.png
centerX: 0.8669891172914147
centerY: 0.7179925862560593
width: 0.03506650544135429
height: 0.02879954376960365
Area: 0.00031755456094203024
CentroidX: 0.8851
CentroidY: 0.7324
