Location: internet_30.png_Mean-Medain.png
Component: component_1755078353636_212.png
centerX: 0.822652156388553
centerY: 0.40633019674935844
width: 0.04312777106005643
height: 0.030795551753635585
Area: 0.00041340707770846284
CentroidX: 0.8458
CentroidY: 0.4205
