Location: Dedata_24.png_Mean-Medain.png
Component: component_1755507995545_210.png
centerX: 0.12943548387096773
centerY: 0.4972926759760616
width: 0.03951612903225806
height: 0.040467369620974636
Area: 0.0005577822925380818
CentroidX: 0.1480
CentroidY: 0.5166
