Location: internet_30.png_Gaussian-Closing.png
Component: component_1755078354077_159.png
centerX: 0.7916162837565498
centerY: 0.3136583974907328
width: 0.041112454655380895
height: 0.03022526375819789
Area: 0.00024124032696971464
CentroidX: 0.8067
CentroidY: 0.3308
