Location: internet_30.png_Mean-Medain.png
Component: component_1755078353448_40.png
centerX: 0.33937928254735994
centerY: 0.06016538351867693
width: 0.026199113260781944
height: 0.03649843170801255
Area: 0.00025261850342040625
CentroidX: 0.3498
CentroidY: 0.0779
