Location: Dedata_24.png_Otsu.png
Component: component_1755507995202_36.png
centerX: 0.7096774193548387
centerY: 0.04987175833570818
width: 0.031451612903225803
height: 0.028498147620404674
Area: 0.00020235983048198642
CentroidX: 0.7258
CentroidY: 0.0625
