Location: internet_30.png_Gaussian-Closing.png
Component: component_1755078354040_38.png
centerX: 0.449012494961709
centerY: 0.05873966353008269
width: 0.0354695687222894
height: 0.03450242372398061
Area: 0.0003982361757742073
CentroidX: 0.4674
CentroidY: 0.0738
