Location: Dedata_24.png_Mean-Medain.png
Component: component_1755507995538_204.png
centerX: 0.6266129032258064
centerY: 0.4762040467369621
width: 0.042741935483870966
height: 0.03818751781134226
Area: 0.0005071061510034106
CentroidX: 0.6469
CentroidY: 0.4939
