Location: Dedata_24.png_Mean-Medain.png
Component: component_1755507995405_138.png
centerX: 0.5629032258064516
centerY: 0.30436021658592194
width: 0.04112903225806452
height: 0.02963807352522086
Area: 0.0005068763272322782
CentroidX: 0.5829
CentroidY: 0.3202
