Location: internet_30.png_Gaussian-Closing.png
Component: component_1755078354058_111.png
centerX: 0.17210802095929062
centerY: 0.1990305104077559
width: 0.0354695687222894
height: 0.028229255774165955
Area: 0.00032916259954324093
CentroidX: 0.1884
CentroidY: 0.2118
