Location: Dedata_24.png_Mean-Closing.png
Component: component_1755507996109_16.png
centerX: 0.13266129032258064
centerY: 0.009974351667141636
width: 0.029838709677419355
height: 0.034482758620689655
Area: 0.000313939271366716
CentroidX: 0.1455
CentroidY: 0.0234
