Location: Dedata_24.png_Otsu.png
Component: component_1755507995321_599.png
centerX: 0.1346774193548387
centerY: 0.8082074665146766
width: 0.036290322580645164
height: 0.037047591906526074
Area: 0.00046137122054808373
CentroidX: 0.1515
CentroidY: 0.8247
