Location: internet_30.png_Mean-Closing.png
Component: component_1755078353344_156.png
centerX: 0.6219266424828698
centerY: 0.3219275734245794
width: 0.037484885126964934
height: 0.032506415739948676
Area: 0.00040444245383822094
CentroidX: 0.6420
CentroidY: 0.3376
