Location: internet_30.png_Mean-Closing.png
Component: component_1755078353314_39.png
centerX: 0.17815397017331722
centerY: 0.06045052751639578
width: 0.03385731559854897
height: 0.035357855717137156
Area: 0.0004159355613641721
CentroidX: 0.1945
CentroidY: 0.0758
