Location: internet_30.png_Mean-Closing.png
Component: component_1755078353354_205.png
centerX: 0.6727126158806933
centerY: 0.4154548046763616
width: 0.037484885126964934
height: 0.031936127744510975
Area: 0.00037835309975431185
CentroidX: 0.6915
CentroidY: 0.4308
