Location: Dedata_24.png_Mean-Medain.png
Component: component_1755507995386_53.png
centerX: 0.1782258064516129
centerY: 0.10458820176688516
width: 0.03588709677419355
height: 0.030208036477628954
Area: 0.0002479798490517471
CentroidX: 0.1947
CentroidY: 0.1168
