Location: Dedata_24.png_Mean-Closing.png
Component: component_1755507996108_13.png
centerX: 0.5528225806451613
centerY: 0.009404388714733543
width: 0.03669354838709677
height: 0.03163294385864919
Area: 0.0003353128820820195
CentroidX: 0.5694
CentroidY: 0.0217
