Location: internet_30.png_Gaussian-Closing.png
Component: component_1755078354062_124.png
centerX: 0.4494155582426441
centerY: 0.23210721414314228
width: 0.032648125755743655
height: 0.02594810379241517
Area: 0.0003036479008356294
CentroidX: 0.4626
CentroidY: 0.2452
