Location: internet_30.png_Mean-Closing.png
Component: component_1755078353333_115.png
centerX: 0.5014107214832729
centerY: 0.23125178214998574
width: 0.03305118903667876
height: 0.02480752780153978
Area: 0.00019998007095155
CentroidX: 0.5125
CentroidY: 0.2468
