Location: internet_30.png_Gaussian-Median.png
Component: component_1755078353851_3.png
centerX: 0.7908101571946796
centerY: 0.007698887938408896
width: 0.024989923417976623
height: 0.038209295694325636
Area: 0.00024641222535639267
CentroidX: 0.8017
CentroidY: 0.0266
