Location: Dedata_24.png_Gaussian-Median.png
Component: component_1755507995897_300.png
centerX: 0.07620967741935483
centerY: 0.7617554858934169
width: 0.03951612903225806
height: 0.03932744371615845
Area: 0.0005196315465301207
CentroidX: 0.0952
CentroidY: 0.7798
