Location: Paraklitoni_1720_page_10.png_Mean-Medain.png
Component: component_1755610055327_1238.png
centerX: 0.45426829268292684
centerY: 0.4496240601503759
width: 0.011432926829268292
height: 0.013032581453634085
Area: 8.901827740081912e-05
CentroidX: 0.4598
CentroidY: 0.4557
