Location: internet_30.png_Gaussian-Closing.png
Component: component_1755078354056_106.png
centerX: 0.39621120515921
centerY: 0.1930424864556601
width: 0.042724707779121324
height: 0.03165098374679213
Area: 0.00025043481299047557
CentroidX: 0.4120
CentroidY: 0.2110
