Location: internet_30.png_Gaussian-Median.png
Component: component_1755078353893_157.png
centerX: 0.48327287384119305
centerY: 0.2805816937553465
width: 0.04514308746473196
height: 0.031936127744510975
Area: 0.0003559415400787071
CentroidX: 0.5076
CentroidY: 0.2950
