Location: Dedata_24.png_Otsu.png
Component: component_1755507995242_418.png
centerX: 0.8431451612903226
centerY: 0.28498147620404674
width: 0.03185483870967742
height: 0.03305785123966942
Area: 0.0003915047941238658
CentroidX: 0.8580
CentroidY: 0.3001
