Location: Dedata_24.png_Otsu.png
Component: component_1755507995251_456.png
centerX: 0.014112903225806451
centerY: 0.3642063265887717
width: 0.03185483870967742
height: 0.02963807352522086
Area: 0.0003585250829663814
CentroidX: 0.0292
CentroidY: 0.3768
