Location: Dedata_24.png_Gaussian-Median.png
Component: component_1755507995850_263.png
centerX: 0.5834677419354839
centerY: 0.6491878027928185
width: 0.03508064516129032
height: 0.039042462239954404
Area: 0.00045780895209553314
CentroidX: 0.6003
CentroidY: 0.6677
