Location: internet_30.png_Gaussian-Closing.png
Component: component_1755078354275_236.png
centerX: 0.0592503022974607
centerY: 0.44938694040490446
width: 0.03990326481257558
height: 0.031936127744510975
Area: 0.00039352400168856733
CentroidX: 0.0792
CentroidY: 0.4633
