Location: internet_30.png_Mean-Medain.png
Component: component_1755078353464_91.png
centerX: 0.014107214832728738
centerY: 0.1579697747362418
width: 0.030632809351068116
height: 0.027088679783290562
Area: 0.0003430692596496418
CentroidX: 0.0284
CentroidY: 0.1714
