Location: internet_30.png_Gaussian-Median.png
Component: component_1755078353955_378.png
centerX: 0.12011285771866183
centerY: 0.7074422583404619
width: 0.04030632809351068
height: 0.031936127744510975
Area: 0.00038409965351728743
CentroidX: 0.1420
CentroidY: 0.7232
