Location: Dedata_24.png_Mean-Closing.png
Component: component_1755507996153_170.png
centerX: 0.6245967741935484
centerY: 0.3824451410658307
width: 0.031451612903225803
height: 0.03590766600170989
Area: 0.0004900991919396207
CentroidX: 0.6407
CentroidY: 0.4005
