Location: internet_30.png_Mean-Closing.png
Component: component_1755078353328_93.png
centerX: 0.5082627972591697
centerY: 0.18562874251497005
width: 0.03990326481257558
height: 0.03364699173082407
Area: 0.000274800200945492
CentroidX: 0.5235
CentroidY: 0.2032
