Location: Dedata_24.png_Mean-Medain.png
Component: component_1755507995637_307.png
centerX: 0.07298387096774193
centerY: 0.8153320034197777
width: 0.045564516129032256
height: 0.040467369620974636
Area: 0.0005457165445536363
CentroidX: 0.0926
CentroidY: 0.8320
