Location: Dedata_24.png_Gaussian-Median.png
Component: component_1755507995776_134.png
centerX: 0.23266129032258065
centerY: 0.29068110572812766
width: 0.038306451612903226
height: 0.034482758620689655
Area: 0.00044505373279769074
CentroidX: 0.2515
CentroidY: 0.3052
