Location: Dedata_24.png_Mean-Medain.png
Component: component_1755507995396_104.png
centerX: 0.4842741935483871
centerY: 0.22713023653462525
width: 0.02661290322580645
height: 0.033912795668281565
Area: 0.00022120537971483467
CentroidX: 0.4964
CentroidY: 0.2416
