Location: Dedata_24.png_Mean-Medain.png
Component: component_1755507995377_22.png
centerX: 0.8782258064516129
centerY: 0.04588201766885153
width: 0.03467741935483871
height: 0.03163294385864919
Area: 0.00028027008889583465
CentroidX: 0.8968
CentroidY: 0.0602
