Location: Dedata_24.png_Otsu.png
Component: component_1755507995252_458.png
centerX: 0.8475806451612903
centerY: 0.3696209746366486
width: 0.03870967741935484
height: 0.037047591906526074
Area: 0.0004718282021346032
CentroidX: 0.8668
CentroidY: 0.3865
