Location: internet_30.png_Gaussian-Closing.png
Component: component_1755078354303_332.png
centerX: 0.46997178557033453
centerY: 0.6900484744796122
width: 0.03829101168883515
height: 0.03364699173082407
Area: 0.0003878923790008513
CentroidX: 0.4899
CentroidY: 0.7070
