Location: internet_30.png_Mean-Medain.png
Component: component_1755078353752_343.png
centerX: 0.9580814187827489
centerY: 0.7154262902765897
width: 0.03345425231761386
height: 0.02879954376960365
Area: 0.00022560970073442105
CentroidX: 0.9722
CentroidY: 0.7308
