Location: internet_30.png_Mean-Medain.png
Component: component_1755078353676_261.png
centerX: 0.5598548972188634
centerY: 0.5226689478186484
width: 0.035872632003224506
height: 0.035642999714856
Area: 0.00036743464760465825
CentroidX: 0.5791
CentroidY: 0.5404
