Location: Dedata_24.png_Gaussian-Median.png
Component: component_1755507995790_179.png
centerX: 0.06612903225806452
centerY: 0.4078084924479909
width: 0.03951612903225806
height: 0.031062980906241093
Area: 0.0004574642164388347
CentroidX: 0.0852
CentroidY: 0.4235
