Location: Dedata_24.png_Mean-Closing.png
Component: component_1755507996172_246.png
centerX: 0.4576612903225806
centerY: 0.6075805072670276
width: 0.04395161290322581
height: 0.04075235109717868
Area: 0.0005693883929802627
CentroidX: 0.4786
CentroidY: 0.6259
