Location: Dedata_24.png_Mean-Medain.png
Component: component_1755507995390_75.png
centerX: 0.12741935483870967
centerY: 0.15816471929324594
width: 0.031451612903225803
height: 0.033912795668281565
Area: 0.00031336471193888524
CentroidX: 0.1434
CentroidY: 0.1726
