Location: internet_30.png_Gaussian-Median.png
Component: component_1755078353925_256.png
centerX: 0.0592503022974607
centerY: 0.44938694040490446
width: 0.04030632809351068
height: 0.03222127174222983
Area: 0.0003942135881401244
CentroidX: 0.0793
CentroidY: 0.4633
