Location: Dedata_24.png_Mean-Closing.png
Component: component_1755507996125_65.png
centerX: 0.45645161290322583
centerY: 0.1396409233399829
width: 0.03306451612903226
height: 0.028498147620404674
Area: 0.0002894630397411265
CentroidX: 0.4729
CentroidY: 0.1518
