Location: internet_30.png_Gaussian-Closing.png
Component: component_1755078354046_61.png
centerX: 0.3897621926642483
centerY: 0.10550327915597377
width: 0.032648125755743655
height: 0.035642999714856
Area: 0.00037708885792645723
CentroidX: 0.4065
CentroidY: 0.1208
