Location: Dedata_24.png_Gaussian-Median.png
Component: component_1755507995794_183.png
centerX: 0.013709677419354839
centerY: 0.4160729552579082
width: 0.03588709677419355
height: 0.03818751781134226
Area: 0.00048515798086027636
CentroidX: 0.0314
CentroidY: 0.4323
