Location: Dedata_24.png_Otsu.png
Component: component_1755507995322_601.png
centerX: 0.018145161290322582
centerY: 0.8196067255628384
width: 0.044758064516129036
height: 0.039042462239954404
Area: 0.0005306630875444709
CentroidX: 0.0392
CentroidY: 0.8369
