Location: internet_30.png_Gaussian-Median.png
Component: component_1755078353949_346.png
centerX: 0.2470777912132205
centerY: 0.65098374679213
width: 0.0354695687222894
height: 0.027088679783290562
Area: 0.00021365686890743187
CentroidX: 0.2603
CentroidY: 0.6659
