Location: Dedata_24.png_Mean-Medain.png
Component: component_1755507995546_213.png
centerX: 0.864516129032258
centerY: 0.505842120262183
width: 0.039112903225806454
height: 0.037047591906526074
Area: 0.0005256069645795604
CentroidX: 0.8830
CentroidY: 0.5222
