Location: internet_30.png_Gaussian-Closing.png
Component: component_1755078354309_354.png
centerX: 0.49979846835953246
centerY: 0.7470772740233818
width: 0.039500201531640466
height: 0.02879954376960365
Area: 0.00033238066965050726
CentroidX: 0.5197
CentroidY: 0.7617
