Location: internet_30.png_Gaussian-Closing.png
Component: component_1755078354051_88.png
centerX: 0.06569931479242241
centerY: 0.15654405474764757
width: 0.03143893591293833
height: 0.02765896777872826
Area: 0.00035674605760552367
CentroidX: 0.0804
CentroidY: 0.1706
