Location: internet_30.png_Mean-Closing.png
Component: component_1755078353325_78.png
centerX: 0.39903264812575573
centerY: 0.1536926147704591
width: 0.03385731559854897
height: 0.026803535785571715
Area: 0.0003282431509411648
CentroidX: 0.4158
CentroidY: 0.1661
