Location: Dedata_24.png_Gaussian-Median.png
Component: component_1755507995791_180.png
centerX: 0.9044354838709677
centerY: 0.408663436876603
width: 0.035483870967741936
height: 0.037902536335138216
Area: 0.0004790676509252705
CentroidX: 0.9222
CentroidY: 0.4257
