Location: internet_30.png_Gaussian-Closing.png
Component: component_1755078354294_303.png
centerX: 0.6739218057234986
centerY: 0.6179070430567437
width: 0.041515517936316
height: 0.029940119760479042
Area: 0.00040444245383822094
CentroidX: 0.6944
CentroidY: 0.6334
