Location: internet_30.png_Mean-Medain.png
Component: component_1755078353694_278.png
centerX: 0.7634018540910923
centerY: 0.5642999714856002
width: 0.04554615074566707
height: 0.027944111776447105
Area: 0.00038444444674306594
CentroidX: 0.7819
CentroidY: 0.5791
