Location: Dedata_24.png_Mean-Medain.png
Component: component_1755507995404_135.png
centerX: 0.17943548387096775
centerY: 0.29666571672841263
width: 0.03588709677419355
height: 0.03334283271587347
Area: 0.0004552808906130779
CentroidX: 0.1969
CentroidY: 0.3124
