Location: Dedata_24.png_Mean-Closing.png
Component: component_1755507996146_141.png
centerX: 0.015725806451612902
centerY: 0.30977486463379883
width: 0.03064516129032258
height: 0.03875748076375036
Area: 0.0004396528741760818
CentroidX: 0.0311
CentroidY: 0.3259
