Location: Dedata_24.png_Gaussian-Median.png
Component: component_1755507995792_181.png
centerX: 0.855241935483871
centerY: 0.4132231404958678
width: 0.0375
height: 0.03419777714448561
Area: 0.00047872291526857203
CentroidX: 0.8735
CentroidY: 0.4293
