Location: Dedata_24.png_Mean-Medain.png
Component: component_1755507995547_217.png
centerX: 0.011693548387096775
centerY: 0.5155314904531205
width: 0.0375
height: 0.04132231404958678
Area: 0.0005650217413287491
CentroidX: 0.0301
CentroidY: 0.5338
