Location: Dedata_24.png_Otsu.png
Component: component_1755507995256_464.png
centerX: 0.625
centerY: 0.38273012254203476
width: 0.03064516129032258
height: 0.03505272157309775
Area: 0.00042896606881843004
CentroidX: 0.6406
CentroidY: 0.4004
