Location: Dedata_24.png_Mean-Medain.png
Component: component_1755507995558_234.png
centerX: 0.7995967741935484
centerY: 0.5651182673126247
width: 0.04112903225806452
height: 0.04103733257338273
Area: 0.0005451419851258055
CentroidX: 0.8186
CentroidY: 0.5833
