Location: internet_30.png_Gaussian-Closing.png
Component: component_1755078354281_258.png
centerX: 0.8347440548166062
centerY: 0.5109780439121756
width: 0.037081821846029824
height: 0.03165098374679213
Area: 0.00036007905878804953
CentroidX: 0.8545
CentroidY: 0.5254
