Location: internet_30.png_Gaussian-Closing.png
Component: component_1755078354068_136.png
centerX: 0.9330914953647723
centerY: 0.26746506986027946
width: 0.031035872632003223
height: 0.023666951810664385
Area: 0.00031353197330794734
CentroidX: 0.9479
CentroidY: 0.2804
