Location: Dedata_24.png_Otsu.png
Component: component_1755507995309_547.png
centerX: 0.7467741935483871
centerY: 0.6292390994585352
width: 0.04032258064516129
height: 0.03932744371615845
Area: 0.0005061868559188814
CentroidX: 0.7654
CentroidY: 0.6475
