Location: internet_30.png_Gaussian-Median.png
Component: component_1755078353944_326.png
centerX: 0.06771463119709795
centerY: 0.6076418591388651
width: 0.035872632003224506
height: 0.03222127174222983
Area: 0.0003612283695406446
CentroidX: 0.0863
CentroidY: 0.6230
