Location: Dedata_24.png_Mean-Closing.png
Component: component_1755507996184_294.png
centerX: 0.18588709677419354
centerY: 0.7537760045597036
width: 0.0375
height: 0.03562268452550584
Area: 0.0005063017678044475
CentroidX: 0.2034
CentroidY: 0.7701
