Location: internet_30.png_Mean-Medain.png
Component: component_1755078353700_292.png
centerX: 0.12172511084240226
centerY: 0.6047904191616766
width: 0.041515517936316
height: 0.03165098374679213
Area: 0.00040248862555880923
CentroidX: 0.1403
CentroidY: 0.6204
