Location: Dedata_24.png_Mean-Medain.png
Component: component_1755507995374_3.png
centerX: 0.39314516129032256
centerY: 0.007694499857509262
width: 0.031451612903225803
height: 0.03305785123966942
Area: 0.00030520596806368874
CentroidX: 0.4069
CentroidY: 0.0205
