Location: internet_30.png_Mean-Medain.png
Component: component_1755078353695_280.png
centerX: 0.6557839580814188
centerY: 0.5717137154262902
width: 0.04554615074566707
height: 0.032506415739948676
Area: 0.00041202790480534873
CentroidX: 0.6757
CentroidY: 0.5894
