Location: Dedata_24.png_Mean-Closing.png
Component: component_1755507996161_206.png
centerX: 0.24758064516129033
centerY: 0.48218865773724706
width: 0.03467741935483871
height: 0.03505272157309775
Area: 0.0004886053374272607
CentroidX: 0.2655
CentroidY: 0.4990
