Location: internet_30.png_Gaussian-Closing.png
Component: component_1755078354280_253.png
centerX: 0.12535268037081823
centerY: 0.49672084402623323
width: 0.037081821846029824
height: 0.029654975762760195
Area: 0.00034916060663839593
CentroidX: 0.1447
CentroidY: 0.5103
