Location: Dedata_24.png_Gaussian-Median.png
Component: component_1755507995830_208.png
centerX: 0.24798387096774194
centerY: 0.48218865773724706
width: 0.03467741935483871
height: 0.03505272157309775
Area: 0.00046435892957280355
CentroidX: 0.2656
CentroidY: 0.4991
