Location: Dedata_24.png_Otsu.png
Component: component_1755507995200_16.png
centerX: 0.8483870967741935
centerY: 0.009974351667141636
width: 0.039112903225806454
height: 0.030208036477628954
Area: 0.00022672115022200976
CentroidX: 0.8664
CentroidY: 0.0221
