Location: internet_30.png_Gaussian-Closing.png
Component: component_1755078354048_69.png
centerX: 0.012494961708988311
centerY: 0.11177644710578842
width: 0.021362353889560662
height: 0.03450242372398061
Area: 0.00021848397406833134
CentroidX: 0.0191
CentroidY: 0.1302
