Location: internet_30.png_Gaussian-Median.png
Component: component_1755078353947_334.png
centerX: 0.6739218057234986
centerY: 0.6176218990590248
width: 0.04232164449818621
height: 0.03022526375819789
Area: 0.00040248862555880923
CentroidX: 0.6945
CentroidY: 0.6333
