Location: Dedata_24.png_Mean-Closing.png
Component: component_1755507996159_195.png
centerX: 0.40524193548387094
centerY: 0.4554003989740667
width: 0.03346774193548387
height: 0.04075235109717868
Area: 0.0004983728477003834
CentroidX: 0.4213
CentroidY: 0.4743
