Location: Dedata_24.png_Mean-Closing.png
Component: component_1755507996128_78.png
centerX: 0.06814516129032258
centerY: 0.1652892561983471
width: 0.03387096774193549
height: 0.0353377030493018
Area: 0.0002736051995329981
CentroidX: 0.0849
CentroidY: 0.1815
