Location: Dedata_24.png_Gaussian-Median.png
Component: component_1755507995837_225.png
centerX: 0.24637096774193548
centerY: 0.5317754345967513
width: 0.035483870967741936
height: 0.03505272157309775
Area: 0.0004890649849695254
CentroidX: 0.2639
CentroidY: 0.5482
