Location: internet_30.png_Gaussian-Median.png
Component: component_1755078353871_73.png
centerX: 0.06328093510681176
centerY: 0.11120615911035073
width: 0.031035872632003223
height: 0.03307670373538637
Area: 0.0003911104491081176
CentroidX: 0.0771
CentroidY: 0.1272
