Location: Dedata_24.png_Otsu.png
Component: component_1755507995304_529.png
centerX: 0.75
centerY: 0.5719578227415218
width: 0.03508064516129032
height: 0.039042462239954404
Area: 0.00044298531885750004
CentroidX: 0.7665
CentroidY: 0.5894
