Location: Dedata_24.png_Gaussian-Median.png
Component: component_1755507995783_162.png
centerX: 0.9036290322580646
centerY: 0.36192647477913936
width: 0.04032258064516129
height: 0.039897406668566546
Area: 0.0005218148723558775
CentroidX: 0.9238
CentroidY: 0.3797
