Location: Dedata_24.png_Gaussian-Median.png
Component: component_1755507995772_113.png
centerX: 0.8286290322580645
centerY: 0.24479908805927614
width: 0.032661290322580645
height: 0.030777999430037048
Area: 0.00042701256676380553
CentroidX: 0.8462
CentroidY: 0.2583
