Location: internet_30.png_Gaussian-Median.png
Component: component_1755078353897_170.png
centerX: 0.954453849254333
centerY: 0.3125178214998574
width: 0.028214429665457477
height: 0.027088679783290562
Area: 0.00020561169363926605
CentroidX: 0.9653
CentroidY: 0.3282
