Location: Dedata_24.png_Otsu.png
Component: component_1755507995234_356.png
centerX: 0.8794354838709677
centerY: 0.24166429182103163
width: 0.03346774193548387
height: 0.03419777714448561
Area: 0.0004080521056453911
CentroidX: 0.8968
CentroidY: 0.2566
