Location: Dedata_24.png_Otsu.png
Component: component_1755507995314_568.png
centerX: 0.6891129032258064
centerY: 0.695354801937874
width: 0.045564516129032256
height: 0.039897406668566546
Area: 0.0005009009091828386
CentroidX: 0.7102
CentroidY: 0.7137
