Location: Kurtxevani_1764_page_10.png_Otsu.png
Component: component_1755610055880_954.png
centerX: 0.46990291262135925
centerY: 0.32787652011225443
width: 0.013592233009708738
height: 0.017305893358278764
Area: 0.00012593810263349892
CentroidX: 0.4759
CentroidY: 0.3361
