Location: Dedata_24.png_Gaussian-Median.png
Component: component_1755507995846_253.png
centerX: 0.40403225806451615
centerY: 0.6192647477913935
width: 0.04032258064516129
height: 0.03818751781134226
Area: 0.0004812509767510273
CentroidX: 0.4225
CentroidY: 0.6359
