Location: internet_30.png_Mean-Medain.png
Component: component_1755078353665_245.png
centerX: 0.5078597339782346
centerY: 0.47476475620188197
width: 0.04433696090286175
height: 0.03136583974907328
Area: 0.00037547982287282404
CentroidX: 0.5298
CentroidY: 0.4890
