Location: internet_30.png_Gaussian-Closing.png
Component: component_1755078354039_34.png
centerX: 0.5070536074163644
centerY: 0.057028799543769604
width: 0.03667875856509472
height: 0.034787567721699456
Area: 0.00041271749125690576
CentroidX: 0.5238
CentroidY: 0.0727
