Location: internet_30.png_Mean-Closing.png
Component: component_1755078353360_228.png
centerX: 0.6779524385328497
centerY: 0.4662104362703165
width: 0.03909713825070536
height: 0.028514399771884802
Area: 0.000385134033194623
CentroidX: 0.6984
CentroidY: 0.4800
