Location: internet_30.png_Gaussian-Median.png
Component: component_1755078353936_296.png
centerX: 0.17654171704957677
centerY: 0.5449101796407185
width: 0.04917372027408303
height: 0.038209295694325636
Area: 0.0003880073100761108
CentroidX: 0.1980
CentroidY: 0.5640
