Location: Dedata_24.png_Mean-Medain.png
Component: component_1755507995396_103.png
centerX: 0.02056451612903226
centerY: 0.22143060701054432
width: 0.034274193548387094
height: 0.0347677400968937
Area: 0.0003117559455409592
CentroidX: 0.0363
CentroidY: 0.2369
