Location: internet_30.png_Mean-Medain.png
Component: component_1755078353702_296.png
centerX: 0.012091898428053204
centerY: 0.6104932991160537
width: 0.04070939137444579
height: 0.032506415739948676
Area: 0.00026641023245154767
CentroidX: 0.0276
CentroidY: 0.6287
