Location: Dedata_24.png_Gaussian-Median.png
Component: component_1755507995854_273.png
centerX: 0.8689516129032258
centerY: 0.6796808207466515
width: 0.03870967741935484
height: 0.03733257338273012
Area: 0.0004711387308212063
CentroidX: 0.8874
CentroidY: 0.6962
