Location: internet_30.png_Mean-Medain.png
Component: component_1755078353764_354.png
centerX: 0.5538089480048367
centerY: 0.7408041060735672
width: 0.035872632003224506
height: 0.03364699173082407
Area: 0.00033238066965050726
CentroidX: 0.5737
CentroidY: 0.7577
