Location: internet_30.png_Gaussian-Closing.png
Component: component_1755078354050_80.png
centerX: 0.6686819830713422
centerY: 0.14798973481608213
width: 0.03184199919387344
height: 0.026803535785571715
Area: 0.0003480112958858008
CentroidX: 0.6833
CentroidY: 0.1609
