Location: Dedata_24.png_Otsu.png
Component: component_1755507995246_442.png
centerX: 0.7310483870967742
centerY: 0.32829866058706186
width: 0.038306451612903226
height: 0.031917925334853235
Area: 0.00046045192546355455
CentroidX: 0.7506
CentroidY: 0.3444
