Location: Kurtxevani_1794_page_10.png_Mean-Medain.png
Component: component_1755610055079_2346.png
centerX: 0.5359438924605494
centerY: 0.742617893345086
width: 0.018702513150204558
height: 0.022036139268400177
Area: 0.00020194428037902673
CentroidX: 0.5448
CentroidY: 0.7531
