Location: internet_25.png_Gaussian-Median.png
Component: component_1755080850887_277.png
centerX: 0.8923821039903265
centerY: 0.6036498431708013
width: 0.05038291011688835
height: 0.023096663815226688
Area: 0.0004142115952352794
CentroidX: 0.9167
CentroidY: 0.6136
