Location: Dedata_16.png_Mean-Medain.png
Component: component_1755519378556_457.png
centerX: 0.13064516129032258
centerY: 0.8726132801367911
width: 0.02943548387096774
height: 0.02080364776289541
Area: 0.0002702727548515798
CentroidX: 0.1449
CentroidY: 0.8817
