Location: Dedata_16.png_Mean-Closing.png
Component: component_1755519379355_286.png
centerX: 0.905241935483871
centerY: 0.5377600455970362
width: 0.03225806451612903
height: 0.019948703334283273
Area: 0.0002718815212495059
CentroidX: 0.9212
CentroidY: 0.5450
