Location: internet_25.png_Gaussian-Median.png
Component: component_1755080850865_179.png
centerX: 0.47642079806529625
centerY: 0.3735386370116909
width: 0.04554615074566707
height: 0.02281151981750784
Area: 0.00041467131953631746
CentroidX: 0.4992
CentroidY: 0.3832
