Location: internet_25.png_Gaussian-Median.png
Component: component_1755080850838_56.png
centerX: 0.8508665860540104
centerY: 0.11976047904191617
width: 0.037081821846029824
height: 0.024522383803820928
Area: 0.00040674107534341116
CentroidX: 0.8707
CentroidY: 0.1298
