Location: internet_25.png_Mean-Closing.png
Component: component_1755080851459_210.png
centerX: 0.39379282547359934
centerY: 0.45394924436840606
width: 0.04232164449818621
height: 0.02423723980610208
Area: 0.00040570669566607556
CentroidX: 0.4164
CentroidY: 0.4637
