Location: Dedata_16.png_Gaussian-Closing.png
Component: component_1755519378744_226.png
centerX: 0.8919354838709678
centerY: 0.42775719578227417
width: 0.021370967741935483
height: 0.019948703334283273
Area: 0.0002061519227056693
CentroidX: 0.9024
CentroidY: 0.4368
