Location: internet_25.png_Gaussian-Closing.png
Component: component_1755080851228_88.png
centerX: 0.634018540910923
centerY: 0.18962075848303392
width: 0.03426037887948408
height: 0.023381807812945538
Area: 0.00039570769211849806
CentroidX: 0.6529
CentroidY: 0.1993
