Location: Dedata_16.png_Gaussian-Median.png
Component: component_1755519378135_410.png
centerX: 0.7741935483870968
centerY: 0.7526360786548875
width: 0.028629032258064516
height: 0.0176688515246509
Area: 0.00020822033664585996
CentroidX: 0.7888
CentroidY: 0.7596
