Location: Dedata_16.png_Gaussian-Closing.png
Component: component_1755519379159_440.png
centerX: 0.3866935483870968
centerY: 0.8577942433741806
width: 0.03024193548387097
height: 0.015388999715018524
Area: 0.0002087948960736907
CentroidX: 0.4001
CentroidY: 0.8652
