Location: Dedata_16.png_Mean-Medain.png
Component: component_1755519378488_176.png
centerX: 0.930241935483871
centerY: 0.30635508691935026
width: 0.03870967741935484
height: 0.018523795953263037
Area: 0.0002784314987267763
CentroidX: 0.9514
CentroidY: 0.3136
