Location: internet_25.png_Mean-Medain.png
Component: component_1755080850980_123.png
centerX: 0.4731962918178154
centerY: 0.26147704590818366
width: 0.04312777106005643
height: 0.023952095808383235
Area: 0.0004440936748027524
CentroidX: 0.4965
CentroidY: 0.2714
