Location: internet_25.png_Gaussian-Median.png
Component: component_1755080850887_280.png
centerX: 0.7239016525594518
centerY: 0.6127744510978044
width: 0.04070939137444579
height: 0.02281151981750784
Area: 0.00038570868857092057
CentroidX: 0.7459
CentroidY: 0.6224
