Location: Dedata_16.png_Gaussian-Closing.png
Component: component_1755519378766_272.png
centerX: 0.11411290322580646
centerY: 0.5081219720718153
width: 0.025
height: 0.019663721858079224
Area: 0.00023396059901267707
CentroidX: 0.1266
CentroidY: 0.5172
