Location: internet_25.png_Mean-Medain.png
Component: component_1755080851014_257.png
centerX: 0.747279322853688
centerY: 0.5651554034787568
width: 0.03788794840790004
height: 0.025092671799258625
Area: 0.0004138668020095009
CentroidX: 0.7663
CentroidY: 0.5759
