Location: internet_25.png_Gaussian-Closing.png
Component: component_1755080851209_37.png
centerX: 0.06650544135429262
centerY: 0.1003706871970345
width: 0.037081821846029824
height: 0.03222127174222983
Area: 0.00046064374964012206
CentroidX: 0.0860
CentroidY: 0.1155
