Location: Dedata_16.png_Mean-Closing.png
Component: component_1755519379274_121.png
centerX: 0.3056451612903226
centerY: 0.22200056996295242
width: 0.02338709677419355
height: 0.018238814477058992
Area: 0.0002107483981283152
CentroidX: 0.3156
CentroidY: 0.2297
