Location: Dedata_16.png_Gaussian-Closing.png
Component: component_1755519379159_443.png
centerX: 0.2810483870967742
centerY: 0.8600740951838131
width: 0.031451612903225803
height: 0.01909375890567113
Area: 0.00023924654574871988
CentroidX: 0.2958
CentroidY: 0.8675
