Location: Dedata_16.png_Mean-Medain.png
Component: component_1755519378511_287.png
centerX: 0.014112903225806451
centerY: 0.5109717868338558
width: 0.027016129032258064
height: 0.018523795953263037
Area: 0.00023614392483843388
CentroidX: 0.0271
CentroidY: 0.5193
