Location: Dedata_16.png_Gaussian-Median.png
Component: component_1755519378090_223.png
centerX: 0.22701612903225807
centerY: 0.38557993730407525
width: 0.028225806451612902
height: 0.018238814477058992
Area: 0.00022844482850550198
CentroidX: 0.2415
CentroidY: 0.3930
