Location: Dedata_16.png_Mean-Medain.png
Component: component_1755519378472_112.png
centerX: 0.10524193548387097
centerY: 0.1963522371045882
width: 0.027016129032258064
height: 0.019663721858079224
Area: 0.000244762316255895
CentroidX: 0.1172
CentroidY: 0.2048
