Location: internet_25.png_Gaussian-Median.png
Component: component_1755080850849_103.png
centerX: 0.32769044740024184
centerY: 0.22355289421157684
width: 0.04393389762192664
height: 0.022241231822070145
Area: 0.00038329513599047086
CentroidX: 0.3495
CentroidY: 0.2330
