Location: Dedata_16.png_Gaussian-Median.png
Component: component_1755519378107_298.png
centerX: 0.697983870967742
centerY: 0.5118267312624679
width: 0.027419354838709678
height: 0.021373610715303505
Area: 0.0002544149146434514
CentroidX: 0.7113
CentroidY: 0.5213
