Location: internet_25.png_Gaussian-Closing.png
Component: component_1755080851305_184.png
centerX: 0.9032648125755743
centerY: 0.4026233247790134
width: 0.044740024183796856
height: 0.021956087824351298
Area: 0.00038950141405448443
CentroidX: 0.9248
CentroidY: 0.4126
