Location: internet_25.png_Gaussian-Closing.png
Component: component_1755080851271_141.png
centerX: 0.3667875856509472
centerY: 0.2994011976047904
width: 0.03869407496977025
height: 0.023666951810664385
Area: 0.00038145623878631864
CentroidX: 0.3876
CentroidY: 0.3088
