Location: Dedata_16.png_Gaussian-Closing.png
Component: component_1755519378741_216.png
centerX: 0.4907258064516129
centerY: 0.40894841835280704
width: 0.028629032258064516
height: 0.018238814477058992
Area: 0.00023763777935079382
CentroidX: 0.5035
CentroidY: 0.4166
