Location: internet_25.png_Mean-Closing.png
Component: component_1755080851409_34.png
centerX: 0.8673921805723499
centerY: 0.0729968634160251
width: 0.04030632809351068
height: 0.026803535785571715
Area: 0.0004520239189956587
CentroidX: 0.8904
CentroidY: 0.0845
