Location: Dedata_16.png_Mean-Medain.png
Component: component_1755519378523_337.png
centerX: 0.8951612903225806
centerY: 0.6226845255058421
width: 0.02903225806451613
height: 0.02080364776289541
Area: 0.00027314555199073353
CentroidX: 0.9096
CentroidY: 0.6305
