Location: Dedata_16.png_Gaussian-Closing.png
Component: component_1755519378811_375.png
centerX: 0.5076612903225807
centerY: 0.7264177828441152
width: 0.025
height: 0.020233684810487318
Area: 0.0002114378694417121
CentroidX: 0.5198
CentroidY: 0.7356
