Location: Dedata_16.png_Mean-Closing.png
Component: component_1755519379257_65.png
centerX: 0.9459677419354838
centerY: 0.13337133086349387
width: 0.029838709677419355
height: 0.019948703334283273
Area: 0.00025567894538467903
CentroidX: 0.9602
CentroidY: 0.1415
