Location: Dedata_16.png_Mean-Medain.png
Component: component_1755519378490_187.png
centerX: 0.6229838709677419
centerY: 0.3257338273012254
width: 0.029838709677419355
height: 0.016813907096038756
Area: 0.0002359141010673016
CentroidX: 0.6370
CentroidY: 0.3322
