Location: Dedata_16.png_Mean-Medain.png
Component: component_1755519378478_134.png
centerX: 0.10524193548387097
centerY: 0.2322599031062981
width: 0.021370967741935483
height: 0.019663721858079224
Area: 0.00020994401492935218
CentroidX: 0.1141
CentroidY: 0.2415
