Location: Dedata_16.png_Gaussian-Closing.png
Component: component_1755519379158_437.png
centerX: 0.49032258064516127
centerY: 0.8503847249928754
width: 0.03024193548387097
height: 0.016243944143630663
Area: 0.00022269923422719458
CentroidX: 0.5046
CentroidY: 0.8575
