Location: internet_25.png_Mean-Medain.png
Component: component_1755080851022_294.png
centerX: 0.7255139056831923
centerY: 0.6535500427715997
width: 0.04433696090286175
height: 0.023381807812945538
Area: 0.000394788243516422
CentroidX: 0.7490
CentroidY: 0.6634
