Location: internet_25.png_Gaussian-Closing.png
Component: component_1755080851217_74.png
centerX: 0.29181781539701734
centerY: 0.18420302252637583
width: 0.0475614671503426
height: 0.023666951810664385
Area: 0.0004219119772776667
CentroidX: 0.3147
CentroidY: 0.1938
