Location: Dedata_16.png_Mean-Medain.png
Component: component_1755519378545_417.png
centerX: 0.13024193548387097
centerY: 0.7905386149900256
width: 0.03064516129032258
height: 0.01738387004844685
Area: 0.00023993601706211678
CentroidX: 0.1448
CentroidY: 0.7972
