Location: internet_25.png_Gaussian-Closing.png
Component: component_1755080851311_190.png
centerX: 0.5602579604997985
centerY: 0.4083262047333904
width: 0.042724707779121324
height: 0.023666951810664385
Area: 0.00041972828684773596
CentroidX: 0.5836
CentroidY: 0.4185
