Location: Dedata_16.png_Gaussian-Median.png
Component: component_1755519378110_310.png
centerX: 0.2157258064516129
centerY: 0.5388999715018524
width: 0.03024193548387097
height: 0.022228555143915644
Area: 0.0002713069618216751
CentroidX: 0.2322
CentroidY: 0.5472
