Location: Dedata_16.png_Gaussian-Median.png
Component: component_1755519378071_125.png
centerX: 0.8120967741935484
centerY: 0.2043317184383015
width: 0.022983870967741935
height: 0.01937874038187518
Area: 0.00020741595344689692
CentroidX: 0.8228
CentroidY: 0.2124
