Location: Dedata_16.png_Mean-Closing.png
Component: component_1755519379337_220.png
centerX: 0.3633064516129032
centerY: 0.41806782559133654
width: 0.02661290322580645
height: 0.016813907096038756
Area: 0.00023706321992296306
CentroidX: 0.3761
CentroidY: 0.4249
