Location: internet_25.png_Gaussian-Median.png
Component: component_1755080850878_237.png
centerX: 0.01007658202337767
centerY: 0.5004277159965783
width: 0.03990326481257558
height: 0.026803535785571715
Area: 0.00039743165824739074
CentroidX: 0.0289
CentroidY: 0.5135
