Location: internet_25.png_Gaussian-Median.png
Component: component_1755080850894_310.png
centerX: 0.12293430068520758
centerY: 0.6806387225548902
width: 0.041515517936316
height: 0.02423723980610208
Area: 0.00039042086265656054
CentroidX: 0.1449
CentroidY: 0.6899
