Location: internet_25.png_Mean-Closing.png
Component: component_1755080851412_46.png
centerX: 0.6078194276501411
centerY: 0.11662389506700883
width: 0.03345425231761386
height: 0.02281151981750784
Area: 0.0003538727807240359
CentroidX: 0.6250
CentroidY: 0.1261
