Location: internet_25.png_Gaussian-Closing.png
Component: component_1755080851348_289.png
centerX: 0.8859330914953648
centerY: 0.6467065868263473
width: 0.03869407496977025
height: 0.023096663815226688
Area: 0.00036053878308908754
CentroidX: 0.9062
CentroidY: 0.6555
