Location: internet_25.png_Gaussian-Closing.png
Component: component_1755080851186_9.png
centerX: 0.44054816606207176
centerY: 0.02480752780153978
width: 0.042724707779121324
height: 0.025377815796977475
Area: 0.00044535791663060704
CentroidX: 0.4648
CentroidY: 0.0352
