Location: Dedata_16.png_Mean-Closing.png
Component: component_1755519379249_36.png
centerX: 0.6169354838709677
centerY: 0.06925049871758336
width: 0.02620967741935484
height: 0.020233684810487318
Area: 0.00027176660936393973
CentroidX: 0.6300
CentroidY: 0.0778
