Location: Dedata_16.png_Mean-Closing.png
Component: component_1755519379404_418.png
centerX: 0.8862903225806451
centerY: 0.8187517811342263
width: 0.027822580645161292
height: 0.024508406953548018
Area: 0.00027544378970205646
CentroidX: 0.8994
CentroidY: 0.8298
