Location: Dedata_16.png_Mean-Medain.png
Component: component_1755519378541_400.png
centerX: 0.0814516129032258
centerY: 0.7563408378455401
width: 0.02661290322580645
height: 0.018808777429467086
Area: 0.00025257632447439306
CentroidX: 0.0945
CentroidY: 0.7642
