Location: Dedata_16.png_Gaussian-Median.png
Component: component_1755519378066_92.png
centerX: 0.36774193548387096
centerY: 0.14961527500712454
width: 0.029838709677419355
height: 0.018238814477058992
Area: 0.0002359141010673016
CentroidX: 0.3819
CentroidY: 0.1574
