Location: Dedata_16.png_Mean-Closing.png
Component: component_1755519379384_355.png
centerX: 0.4520161290322581
centerY: 0.6882302650327728
width: 0.02661290322580645
height: 0.020518666286691366
Area: 0.00026774469336912453
CentroidX: 0.4649
CentroidY: 0.6969
