Location: Kurtxevani_1794_page_10.png_Mean-Medain.png
Component: component_1755610055043_2032.png
centerX: 0.45645821157218003
centerY: 0.6324371970030851
width: 0.014611338398597311
height: 0.010136624063464082
Area: 7.444119519073818e-05
CentroidX: 0.4630
CentroidY: 0.6363
