Location: Dedata_16.png_Gaussian-Median.png
Component: component_1755519378075_149.png
centerX: 0.6709677419354839
centerY: 0.24736392134511256
width: 0.028629032258064516
height: 0.0176688515246509
Area: 0.0002282150047343697
CentroidX: 0.6859
CentroidY: 0.2546
