Location: Dedata_16.png_Gaussian-Closing.png
Component: component_1755519378651_26.png
centerX: 0.8903225806451613
centerY: 0.06298090624109433
width: 0.025403225806451612
height: 0.01937874038187518
Area: 0.00025050791053420236
CentroidX: 0.9035
CentroidY: 0.0717
