Location: internet_25.png_Mean-Closing.png
Component: component_1755080851420_78.png
centerX: 0.1180975413139863
centerY: 0.18733960650128315
width: 0.04030632809351068
height: 0.026518391787852865
Area: 0.00046443647512368593
CentroidX: 0.1402
CentroidY: 0.1977
