Location: Dedata_16.png_Mean-Medain.png
Component: component_1755519378545_421.png
centerX: 0.6951612903225807
centerY: 0.7973781704189228
width: 0.029838709677419355
height: 0.02108862923909946
Area: 0.00026337804171761096
CentroidX: 0.7099
CentroidY: 0.8058
