Location: internet_25.png_Mean-Medain.png
Component: component_1755080850992_169.png
centerX: 0.6420798065296252
centerY: 0.3704020530367836
width: 0.05441354292623942
height: 0.022526375819788995
Area: 0.00044558777878112607
CentroidX: 0.6702
CentroidY: 0.3794
