Location: Dedata_16.png_Gaussian-Median.png
Component: component_1755519378083_182.png
centerX: 0.9306451612903226
centerY: 0.3066400683955543
width: 0.038306451612903226
height: 0.018238814477058992
Area: 0.0002591263019516635
CentroidX: 0.9514
CentroidY: 0.3136
