Location: Dedata_16.png_Mean-Closing.png
Component: component_1755519379343_246.png
centerX: 0.12137096774193548
centerY: 0.46679965802222856
width: 0.03508064516129032
height: 0.01909375890567113
Area: 0.00027245608067733663
CentroidX: 0.1415
CentroidY: 0.4744
