Location: Dedata_16.png_Mean-Closing.png
Component: component_1755519379407_433.png
centerX: 0.4899193548387097
centerY: 0.8503847249928754
width: 0.03064516129032258
height: 0.016243944143630663
Area: 0.000244762316255895
CentroidX: 0.5046
CentroidY: 0.8574
