Location: Dedata_16.png_Gaussian-Median.png
Component: component_1755519378111_316.png
centerX: 0.7495967741935484
centerY: 0.549159304645198
width: 0.031451612903225803
height: 0.018238814477058992
Area: 0.0002330413039281479
CentroidX: 0.7658
CentroidY: 0.5556
