Location: internet_25.png_Mean-Medain.png
Component: component_1755080851012_251.png
centerX: 0.005642885933091495
centerY: 0.5506130595950955
width: 0.04070939137444579
height: 0.02566295979469632
Area: 0.0004117980426548297
CentroidX: 0.0266
CentroidY: 0.5624
