Location: internet_25.png_Mean-Medain.png
Component: component_1755080851021_291.png
centerX: 0.9318823055219669
centerY: 0.6467065868263473
width: 0.0354695687222894
height: 0.021100655831194755
Area: 0.00034870088233735787
CentroidX: 0.9499
CentroidY: 0.6556
