Location: Dedata_16.png_Gaussian-Closing.png
Component: component_1755519379158_438.png
centerX: 0.4366935483870968
centerY: 0.8532345397549159
width: 0.03225806451612903
height: 0.01567398119122257
Area: 0.00021534487355096113
CentroidX: 0.4523
CentroidY: 0.8601
