Location: internet_25.png_Gaussian-Median.png
Component: component_1755080850868_194.png
centerX: 0.7255139056831923
centerY: 0.40804106073567153
width: 0.051189036678758564
height: 0.021100655831194755
Area: 0.00038628334394721816
CentroidX: 0.7521
CentroidY: 0.4164
