Location: Dedata_16.png_Mean-Closing.png
Component: component_1755519379241_19.png
centerX: 0.7266129032258064
centerY: 0.027643203191792535
width: 0.031451612903225803
height: 0.016813907096038756
Area: 0.000274294670846395
CentroidX: 0.7426
CentroidY: 0.0343
