Location: internet_25.png_Gaussian-Closing.png
Component: component_1755080851338_247.png
centerX: 0.2825473599355099
centerY: 0.5483319076133447
width: 0.049576783555018135
height: 0.022241231822070145
Area: 0.00038973127620500346
CentroidX: 0.3076
CentroidY: 0.5569
