Location: internet_25.png_Mean-Medain.png
Component: component_1755080850965_63.png
centerX: 0.41878274889157596
centerY: 0.15597376675220986
width: 0.045949214026602174
height: 0.02281151981750784
Area: 0.0004237508744818189
CentroidX: 0.4424
CentroidY: 0.1654
