Location: Dedata_16.png_Mean-Closing.png
Component: component_1755519379260_79.png
centerX: 0.21330645161290324
centerY: 0.14904531205471644
width: 0.028629032258064516
height: 0.020233684810487318
Area: 0.0002630333060609125
CentroidX: 0.2260
CentroidY: 0.1586
