Location: internet_25.png_Gaussian-Median.png
Component: component_1755080850858_148.png
centerX: 0.6888351471180976
centerY: 0.2999714856002281
width: 0.04070939137444579
height: 0.02423723980610208
Area: 0.0004331752226530988
CentroidX: 0.7099
CentroidY: 0.3097
