Location: internet_25.png_Gaussian-Median.png
Component: component_1755080850844_80.png
centerX: 0.35268037081821846
centerY: 0.18562874251497005
width: 0.04191858121725111
height: 0.022526375819788995
Area: 0.00041248762910638673
CentroidX: 0.3760
CentroidY: 0.1939
