Location: internet_25.png_Mean-Medain.png
Component: component_1755080851000_201.png
centerX: 0.9109230149133414
centerY: 0.4322783005417736
width: 0.06328093510681176
height: 0.021100655831194755
Area: 0.0004260494959870091
CentroidX: 0.9436
CentroidY: 0.4407
