Location: Dedata_16.png_Gaussian-Median.png
Component: component_1755519378054_39.png
centerX: 0.47943548387096774
centerY: 0.06782559133656313
width: 0.02217741935483871
height: 0.021658592191507554
Area: 0.000261079804006288
CentroidX: 0.4907
CentroidY: 0.0779
