Location: Dedata_16.png_Gaussian-Median.png
Component: component_1755519378127_384.png
centerX: 0.2310483870967742
centerY: 0.7033342832715873
width: 0.027822580645161292
height: 0.01937874038187518
Area: 0.00022315888176945917
CentroidX: 0.2442
CentroidY: 0.7116
