Location: Dedata_16.png_Gaussian-Median.png
Component: component_1755519378088_209.png
centerX: 0.807258064516129
centerY: 0.35537190082644626
width: 0.025806451612903226
height: 0.01652892561983471
Area: 0.00022166502725709926
CentroidX: 0.8202
CentroidY: 0.3624
