Location: Dedata_16.png_Gaussian-Closing.png
Component: component_1755519378794_349.png
centerX: 0.8153225806451613
centerY: 0.6679965802222856
width: 0.02903225806451613
height: 0.02080364776289541
Area: 0.00023407551089824324
CentroidX: 0.8291
CentroidY: 0.6758
