Location: internet_25.png_Gaussian-Median.png
Component: component_1755080850835_44.png
centerX: 0.29826682789197906
centerY: 0.10635871114913031
width: 0.042724707779121324
height: 0.028514399771884802
Area: 0.0004419099843728217
CentroidX: 0.3198
CentroidY: 0.1190
