Location: Dedata_16.png_Mean-Medain.png
Component: component_1755519378552_434.png
centerX: 0.22983870967741934
centerY: 0.8247363921345112
width: 0.032661290322580645
height: 0.018238814477058992
Area: 0.0002608499802351557
CentroidX: 0.2454
CentroidY: 0.8320
