Location: Dedata_16.png_Gaussian-Median.png
Component: component_1755519378116_334.png
centerX: 0.771774193548387
centerY: 0.5899116557423767
width: 0.02903225806451613
height: 0.019663721858079224
Area: 0.00024016584083324906
CentroidX: 0.7858
CentroidY: 0.5977
