Location: Dedata_16.png_Gaussian-Median.png
Component: component_1755519378070_121.png
centerX: 0.9048387096774193
centerY: 0.19863208891422057
width: 0.027016129032258064
height: 0.018523795953263037
Area: 0.00021373610715303505
CentroidX: 0.9174
CentroidY: 0.2056
