Location: Dedata_16.png_Gaussian-Median.png
Component: component_1755519378143_452.png
centerX: 0.12701612903225806
centerY: 0.8321459105158164
width: 0.031048387096774193
height: 0.019948703334283273
Area: 0.0002690087241103522
CentroidX: 0.1421
CentroidY: 0.8398
