Location: Dedata_16.png_Mean-Closing.png
Component: component_1755519379311_134.png
centerX: 0.6705645161290322
centerY: 0.24736392134511256
width: 0.02903225806451613
height: 0.0176688515246509
Area: 0.0002421193428878736
CentroidX: 0.6857
CentroidY: 0.2545
