Location: Dedata_16.png_Gaussian-Closing.png
Component: component_1755519378774_292.png
centerX: 0.10967741935483871
centerY: 0.5448845825021373
width: 0.037096774193548385
height: 0.02080364776289541
Area: 0.00029934546189981523
CentroidX: 0.1300
CentroidY: 0.5531
