Location: Dedata_16.png_Gaussian-Median.png
Component: component_1755519378118_342.png
centerX: 0.4383064516129032
centerY: 0.6101453405528641
width: 0.03024193548387097
height: 0.01909375890567113
Area: 0.00024522196379815956
CentroidX: 0.4530
CentroidY: 0.6180
