Location: Dedata_16.png_Gaussian-Median.png
Component: component_1755519378144_453.png
centerX: 0.7012096774193548
centerY: 0.835565688230265
width: 0.03024193548387097
height: 0.021373610715303505
Area: 0.00026797451714025687
CentroidX: 0.7151
CentroidY: 0.8438
