Location: Dedata_16.png_Gaussian-Median.png
Component: component_1755519378093_235.png
centerX: 0.5875
centerY: 0.40581362211456257
width: 0.027822580645161292
height: 0.020233684810487318
Area: 0.0002667104863990292
CentroidX: 0.6006
CentroidY: 0.4156
