Location: internet_25.png_Mean-Closing.png
Component: component_1755080851485_283.png
centerX: 0.28053204353083433
centerY: 0.6298830909609353
width: 0.04796453043127771
height: 0.023381807812945538
Area: 0.00040938449007437994
CentroidX: 0.3051
CentroidY: 0.6392
