Location: internet_25.png_Mean-Medain.png
Component: component_1755080850951_13.png
centerX: 0.9161628375654978
centerY: 0.02737382378100941
width: 0.04070939137444579
height: 0.025377815796977475
Area: 0.0004400710871686695
CentroidX: 0.9333
CentroidY: 0.0401
