Location: Dedata_16.png_Mean-Closing.png
Component: component_1755519379249_38.png
centerX: 0.010080645161290322
centerY: 0.07210031347962383
width: 0.02217741935483871
height: 0.01909375890567113
Area: 0.00022499747193851754
CentroidX: 0.0201
CentroidY: 0.0817
