Location: Dedata_16.png_Gaussian-Median.png
Component: component_1755519378098_260.png
centerX: 0.45241935483870965
centerY: 0.44970076944998577
width: 0.03346774193548387
height: 0.01909375890567113
Area: 0.00026429733680214014
CentroidX: 0.4706
CentroidY: 0.4577
