Location: internet_25.png_Gaussian-Closing.png
Component: component_1755080851342_263.png
centerX: 0.3873438129786376
centerY: 0.5831194753350442
width: 0.039500201531640466
height: 0.021670943826632448
Area: 0.0003736409256686719
CentroidX: 0.4090
CentroidY: 0.5918
