Location: Dedata_16.png_Mean-Medain.png
Component: component_1755519378518_311.png
centerX: 0.542741935483871
centerY: 0.5605585636933599
width: 0.035483870967741936
height: 0.018808777429467086
Area: 0.0002846367405473483
CentroidX: 0.5599
CentroidY: 0.5680
