Location: Dedata_16.png_Mean-Medain.png
Component: component_1755519378545_418.png
centerX: 0.7887096774193548
centerY: 0.7922485038472499
width: 0.029838709677419355
height: 0.01937874038187518
Area: 0.00024820967282287944
CentroidX: 0.8045
CentroidY: 0.8004
