Location: internet_25.png_Gaussian-Median.png
Component: component_1755080850878_238.png
centerX: 0.06126561870213623
centerY: 0.5024237239806102
width: 0.04393389762192664
height: 0.023096663815226688
Area: 0.0004420249154480812
CentroidX: 0.0846
CentroidY: 0.5119
