Location: internet_25.png_Mean-Closing.png
Component: component_1755080851436_145.png
centerX: 0.6892382103990327
centerY: 0.2999714856002281
width: 0.04030632809351068
height: 0.02423723980610208
Area: 0.0004408756046954861
CentroidX: 0.7099
CentroidY: 0.3096
