Location: Dedata_16.png_Mean-Closing.png
Component: component_1755519379378_346.png
centerX: 0.8153225806451613
centerY: 0.6677115987460815
width: 0.02903225806451613
height: 0.02080364776289541
Area: 0.00024820967282287944
CentroidX: 0.8291
CentroidY: 0.6757
