Location: Dedata_16.png_Mean-Medain.png
Component: component_1755519378550_425.png
centerX: 0.5536290322580645
centerY: 0.8070675406098604
width: 0.028225806451612902
height: 0.019663721858079224
Area: 0.00024464740437032885
CentroidX: 0.5668
CentroidY: 0.8146
