Location: Dedata_16.png_Gaussian-Median.png
Component: component_1755519378104_285.png
centerX: 0.3370967741935484
centerY: 0.49501282416642917
width: 0.02620967741935484
height: 0.020518666286691366
Area: 0.0002506228224197685
CentroidX: 0.3490
CentroidY: 0.5036
