Location: internet_25.png_Mean-Closing.png
Component: component_1755080851405_17.png
centerX: 0.7867795243853285
centerY: 0.029369831765041345
width: 0.042724707779121324
height: 0.02566295979469632
Area: 0.0004638618197473884
CentroidX: 0.8101
CentroidY: 0.0396
