Location: Dedata_16.png_Mean-Medain.png
Component: component_1755519378496_219.png
centerX: 0.8806451612903226
centerY: 0.3907096038757481
width: 0.03306451612903226
height: 0.016813907096038756
Area: 0.0002520017650465623
CentroidX: 0.8975
CentroidY: 0.3967
