Location: Dedata_16.png_Gaussian-Closing.png
Component: component_1755519379153_422.png
centerX: 0.8866935483870968
centerY: 0.8187517811342263
width: 0.027016129032258064
height: 0.024223425477343973
Area: 0.00025740262366817125
CentroidX: 0.8995
CentroidY: 0.8298
