Location: internet_25.png_Mean-Closing.png
Component: component_1755080851406_22.png
centerX: 0.18178153970173316
centerY: 0.05788423153692615
width: 0.03869407496977025
height: 0.02566295979469632
Area: 0.00040903969684860143
CentroidX: 0.2018
CentroidY: 0.0694
