Location: Dedata_16.png_Gaussian-Median.png
Component: component_1755519378103_278.png
centerX: 0.6907258064516129
centerY: 0.47962382445141066
width: 0.022983870967741935
height: 0.01909375890567113
Area: 0.0002237334411972899
CentroidX: 0.7018
CentroidY: 0.4881
