Location: Dedata_16.png_Mean-Medain.png
Component: component_1755519378483_152.png
centerX: 0.2568548387096774
centerY: 0.26332288401253917
width: 0.024193548387096774
height: 0.018523795953263037
Area: 0.00021281681206850587
CentroidX: 0.2676
CentroidY: 0.2714
