Location: Dedata_16.png_Gaussian-Median.png
Component: component_1755519378092_232.png
centerX: 0.744758064516129
centerY: 0.3978341407808492
width: 0.03387096774193549
height: 0.019948703334283273
Area: 0.0002539552671011868
CentroidX: 0.7626
CentroidY: 0.4054
