Location: internet_25.png_Gaussian-Closing.png
Component: component_1755080851186_12.png
centerX: 0.5594518339379283
centerY: 0.02623324779013402
width: 0.04232164449818621
height: 0.02879954376960365
Area: 0.00046570071695154055
CentroidX: 0.5794
CentroidY: 0.0394
