Location: internet_25.png_Gaussian-Closing.png
Component: component_1755080851287_174.png
centerX: 0.37162434502216846
centerY: 0.3729683490162532
width: 0.04312777106005643
height: 0.025377815796977475
Area: 0.0004177744585683243
CentroidX: 0.3926
CentroidY: 0.3842
