Location: Dedata_16.png_Gaussian-Closing.png
Component: component_1755519378699_152.png
centerX: 0.7790322580645161
centerY: 0.2781419207751496
width: 0.03346774193548387
height: 0.018238814477058992
Area: 0.00024177460723117514
CentroidX: 0.7971
CentroidY: 0.2856
