Location: Dedata_16.png_Mean-Medain.png
Component: component_1755519378509_275.png
centerX: 0.33669354838709675
centerY: 0.49501282416642917
width: 0.027016129032258064
height: 0.020518666286691366
Area: 0.0002654464556578016
CentroidX: 0.3490
CentroidY: 0.5035
