Location: internet_25.png_Gaussian-Median.png
Component: component_1755080850821_3.png
centerX: 0.014107214832728738
centerY: 0.010265183917878529
width: 0.032648125755743655
height: 0.023666951810664385
Area: 0.00032755356448960774
CentroidX: 0.0306
CentroidY: 0.0216
