Location: internet_25.png_Mean-Closing.png
Component: component_1755080851451_196.png
centerX: 0.1717049576783555
centerY: 0.4188765326489877
width: 0.04433696090286175
height: 0.023096663815226688
Area: 0.0004139817330847604
CentroidX: 0.1957
CentroidY: 0.4287
