Location: Dedata_16.png_Mean-Closing.png
Component: component_1755519379302_124.png
centerX: 0.14879032258064517
centerY: 0.22884012539184953
width: 0.03024193548387097
height: 0.018523795953263037
Area: 0.00024085531214664596
CentroidX: 0.1625
CentroidY: 0.2363
