Location: internet_25.png_Mean-Medain.png
Component: component_1755080850985_146.png
centerX: 0.6352277307537283
centerY: 0.3005417735956658
width: 0.04393389762192664
height: 0.023381807812945538
Area: 0.00042742866889012324
CentroidX: 0.6558
CentroidY: 0.3107
