Location: internet_25.png_Mean-Medain.png
Component: component_1755080851013_254.png
centerX: 0.9076985086658605
centerY: 0.5568862275449101
width: 0.046352277307537285
height: 0.023096663815226688
Area: 0.00044363395050171436
CentroidX: 0.9318
CentroidY: 0.5662
