Location: Dedata_16.png_Mean-Medain.png
Component: component_1755519378524_341.png
centerX: 0.12943548387096773
centerY: 0.6272442291251069
width: 0.027016129032258064
height: 0.019663721858079224
Area: 0.0002530359720166576
CentroidX: 0.1412
CentroidY: 0.6351
