Location: Dedata_16.png_Gaussian-Closing.png
Component: component_1755519378821_386.png
centerX: 0.18266129032258063
centerY: 0.7492163009404389
width: 0.02379032258064516
height: 0.018238814477058992
Area: 0.00020959927927265373
CentroidX: 0.1933
CentroidY: 0.7572
