Location: Dedata_16.png_Gaussian-Closing.png
Component: component_1755519378755_249.png
centerX: 0.8415322580645161
centerY: 0.469649472784269
width: 0.027419354838709678
height: 0.020518666286691366
Area: 0.00023166236130135412
CentroidX: 0.8555
CentroidY: 0.4772
