Location: internet_25.png_Mean-Closing.png
Component: component_1755080851419_74.png
centerX: 0.29222087867795243
centerY: 0.18420302252637583
width: 0.04675534058847239
height: 0.023381807812945538
Area: 0.0004265092202880472
CentroidX: 0.3147
CentroidY: 0.1937
