Location: internet_25.png_Mean-Closing.png
Component: component_1755080851402_2.png
centerX: 0.013704151551793631
centerY: 0.010265183917878529
width: 0.03305118903667876
height: 0.023666951810664385
Area: 0.00034743664050950325
CentroidX: 0.0305
CentroidY: 0.0216
