Location: Dedata_16.png_Gaussian-Median.png
Component: component_1755519378098_257.png
centerX: 0.6407258064516129
centerY: 0.4442861214021089
width: 0.025806451612903226
height: 0.018523795953263037
Area: 0.00021844749446124712
CentroidX: 0.6534
CentroidY: 0.4520
