Location: Dedata_16.png_Mean-Medain.png
Component: component_1755519378475_126.png
centerX: 0.4596774193548387
centerY: 0.21630094043887146
width: 0.02943548387096774
height: 0.01909375890567113
Area: 0.00023752286746522765
CentroidX: 0.4733
CentroidY: 0.2236
