Location: internet_25.png_Mean-Closing.png
Component: component_1755080851444_178.png
centerX: 0.4216041918581217
centerY: 0.3758197889934417
width: 0.0475614671503426
height: 0.022526375819788995
Area: 0.00043443946448095343
CentroidX: 0.4444
CentroidY: 0.3844
