Location: internet_25.png_Gaussian-Closing.png
Component: component_1755080851352_306.png
centerX: 0.0709391374445788
centerY: 0.6817792985457656
width: 0.04232164449818621
height: 0.023666951810664385
Area: 0.0003926045530864913
CentroidX: 0.0927
CentroidY: 0.6909
