Location: Dedata_16.png_Gaussian-Closing.png
Component: component_1755519378752_245.png
centerX: 0.21814516129032258
centerY: 0.46110002849814763
width: 0.031048387096774193
height: 0.018808777429467086
Area: 0.0002606201564640234
CentroidX: 0.2346
CentroidY: 0.4687
