Location: Dedata_16.png_Mean-Medain.png
Component: component_1755519378525_350.png
centerX: 0.44798387096774195
centerY: 0.6466229695069821
width: 0.03064516129032258
height: 0.01937874038187518
Area: 0.00026843416468252143
CentroidX: 0.4631
CentroidY: 0.6543
