Location: Dedata_16.png_Mean-Medain.png
Component: component_1755519378533_381.png
centerX: 0.03064516129032258
centerY: 0.7141635793673411
width: 0.028225806451612902
height: 0.01909375890567113
Area: 0.00023694830803739692
CentroidX: 0.0425
CentroidY: 0.7226
