Location: Dedata_16.png_Mean-Medain.png
Component: component_1755519378365_33.png
centerX: 0.47943548387096774
centerY: 0.06754060986035908
width: 0.02258064516129032
height: 0.0219435736677116
Area: 0.000278201674955644
CentroidX: 0.4907
CentroidY: 0.0778
