Location: internet_25.png_Gaussian-Closing.png
Component: component_1755080851341_257.png
centerX: 0.7013301088270859
centerY: 0.5677216994582264
width: 0.035872632003224506
height: 0.022241231822070145
Area: 0.0003532981253477383
CentroidX: 0.7209
CentroidY: 0.5766
