Location: internet_25.png_Mean-Closing.png
Component: component_1755080851407_26.png
centerX: 0.48246674727932287
centerY: 0.06928999144568007
width: 0.03506650544135429
height: 0.027088679783290562
Area: 0.00044455339910379047
CentroidX: 0.5016
CentroidY: 0.0817
