Location: Dedata_16.png_Gaussian-Closing.png
Component: component_1755519378644_20.png
centerX: 0.7733870967741936
centerY: 0.027358221715588486
width: 0.025806451612903226
height: 0.017953833000854943
Area: 0.0002463710826538211
CentroidX: 0.7859
CentroidY: 0.0348
