Location: Dedata_16.png_Mean-Medain.png
Component: component_1755519378506_263.png
centerX: 0.013306451612903225
centerY: 0.4702194357366771
width: 0.03669354838709677
height: 0.019948703334283273
Area: 0.0002896928635122588
CentroidX: 0.0344
CentroidY: 0.4780
