Location: Dedata_16.png_Mean-Closing.png
Component: component_1755519379380_347.png
centerX: 0.07782258064516129
centerY: 0.6699914505557139
width: 0.03185483870967742
height: 0.02108862923909946
Area: 0.0002971621360740584
CentroidX: 0.0927
CentroidY: 0.6788
