Location: internet_25.png_Mean-Closing.png
Component: component_1755080851485_284.png
centerX: 0.2257154373236598
centerY: 0.6333048189335615
width: 0.04070939137444579
height: 0.021670943826632448
Area: 0.0003822607563131352
CentroidX: 0.2474
CentroidY: 0.6420
