Location: internet_25.png_Gaussian-Closing.png
Component: component_1755080851265_136.png
centerX: 0.06287787182587666
centerY: 0.29911605360707155
width: 0.03869407496977025
height: 0.023096663815226688
Area: 0.00039835110684946685
CentroidX: 0.0824
CentroidY: 0.3091
