Location: Dedata_16.png_Gaussian-Closing.png
Component: component_1755519378795_351.png
centerX: 0.7629032258064516
centerY: 0.6699914505557139
width: 0.027016129032258064
height: 0.019948703334283273
Area: 0.0002463710826538211
CentroidX: 0.7758
CentroidY: 0.6783
