Location: Dedata_16.png_Gaussian-Closing.png
Component: component_1755519378786_326.png
centerX: 0.8483870967741935
centerY: 0.6241094328868624
width: 0.03024193548387097
height: 0.02108862923909946
Area: 0.00028164903152262845
CentroidX: 0.8635
CentroidY: 0.6325
