Location: Dedata_16.png_Mean-Closing.png
Component: component_1755519379351_274.png
centerX: 0.014112903225806451
centerY: 0.5109717868338558
width: 0.027016129032258064
height: 0.018523795953263037
Area: 0.00023510971786833856
CentroidX: 0.0271
CentroidY: 0.5193
