Location: Dedata_16.png_Gaussian-Median.png
Component: component_1755519378068_110.png
centerX: 0.5185483870967742
centerY: 0.18153320034197779
width: 0.028629032258064516
height: 0.01738387004844685
Area: 0.00021431066658086578
CentroidX: 0.5323
CentroidY: 0.1889
