Location: internet_25.png_Mean-Closing.png
Component: component_1755080851436_147.png
centerX: 0.9500201531640468
centerY: 0.32934131736526945
width: 0.045949214026602174
height: 0.022526375819788995
Area: 0.0004155907681383936
CentroidX: 0.9717
CentroidY: 0.3392
