Location: internet_25.png_Mean-Medain.png
Component: component_1755080851006_225.png
centerX: 0.5034260378879484
centerY: 0.4844596521243228
width: 0.0471584038694075
height: 0.02480752780153978
Area: 0.00044961036641520897
CentroidX: 0.5289
CentroidY: 0.4948
