Location: internet_25.png_Gaussian-Closing.png
Component: component_1755080851265_134.png
centerX: 0.16243450221684805
centerY: 0.2985457656116339
width: 0.03869407496977025
height: 0.02480752780153978
Area: 0.0004105338008269751
CentroidX: 0.1820
CentroidY: 0.3089
