Location: Dedata_16.png_Mean-Medain.png
Component: component_1755519378520_322.png
centerX: 0.17580645161290323
centerY: 0.5873468224565404
width: 0.03225806451612903
height: 0.019948703334283273
Area: 0.00027509905404535804
CentroidX: 0.1921
CentroidY: 0.5949
