Location: internet_25.png_Gaussian-Median.png
Component: component_1755080850888_285.png
centerX: 0.4482063683998388
centerY: 0.6250356429997148
width: 0.04433696090286175
height: 0.01996007984031936
Area: 0.0003555967468529286
CentroidX: 0.4712
CentroidY: 0.6330
