Location: Dedata_16.png_Mean-Closing.png
Component: component_1755519379376_338.png
centerX: 0.39838709677419354
centerY: 0.6500427472214306
width: 0.03024193548387097
height: 0.0176688515246509
Area: 0.0002495886154496732
CentroidX: 0.4125
CentroidY: 0.6572
