Location: internet_25.png_Mean-Closing.png
Component: component_1755080851424_98.png
centerX: 0.2760983474405482
centerY: 0.22298260621613916
width: 0.03909713825070536
height: 0.02281151981750784
Area: 0.00042237170157870474
CentroidX: 0.2974
CentroidY: 0.2321
