Location: Dedata_16.png_Gaussian-Closing.png
Component: component_1755519378744_229.png
centerX: 0.8467741935483871
centerY: 0.43203191792533485
width: 0.024193548387096774
height: 0.018523795953263037
Area: 0.00020695630590463233
CentroidX: 0.8578
CentroidY: 0.4401
