Location: Dedata_16.png_Mean-Closing.png
Component: component_1755519379239_12.png
centerX: 0.25887096774193546
centerY: 0.026503277286976348
width: 0.02661290322580645
height: 0.021658592191507554
Area: 0.0002988858143575506
CentroidX: 0.2721
CentroidY: 0.0362
