Location: internet_25.png_Gaussian-Median.png
Component: component_1755080850825_6.png
centerX: 0.18178153970173316
centerY: 0.01568291987453664
width: 0.04393389762192664
height: 0.023381807812945538
Area: 0.0003808815834100211
CentroidX: 0.2064
CentroidY: 0.0251
