Location: Dedata_16.png_Gaussian-Median.png
Component: component_1755519378110_314.png
centerX: 0.7975806451612903
centerY: 0.5445996010259333
width: 0.039919354838709675
height: 0.02080364776289541
Area: 0.0002894630397411265
CentroidX: 0.8186
CentroidY: 0.5517
