Location: Dedata_16.png_Mean-Medain.png
Component: component_1755519378556_456.png
centerX: 0.22943548387096774
centerY: 0.8671986320889142
width: 0.03508064516129032
height: 0.016813907096038756
Area: 0.00025935612572279576
CentroidX: 0.2459
CentroidY: 0.8734
