Location: internet_25.png_Mean-Closing.png
Component: component_1755080851410_38.png
centerX: 0.12454655380894801
centerY: 0.1003706871970345
width: 0.03990326481257558
height: 0.027088679783290562
Area: 0.0004459325720069046
CentroidX: 0.1474
CentroidY: 0.1122
