Location: Dedata_16.png_Gaussian-Closing.png
Component: component_1755519378947_407.png
centerX: 0.13024193548387097
centerY: 0.7908235964662297
width: 0.03024193548387097
height: 0.017098888572242805
Area: 0.00022258432234162844
CentroidX: 0.1447
CentroidY: 0.7973
