Location: internet_25.png_Gaussian-Closing.png
Component: component_1755080851334_230.png
centerX: 0.18218460298266828
centerY: 0.49700598802395207
width: 0.0471584038694075
height: 0.023666951810664385
Area: 0.0004398412250181505
CentroidX: 0.2085
CentroidY: 0.5061
