Location: Dedata_16.png_Gaussian-Closing.png
Component: component_1755519379157_434.png
centerX: 0.652016129032258
centerY: 0.8395554288971216
width: 0.02903225806451613
height: 0.02080364776289541
Area: 0.00024487722814146113
CentroidX: 0.6648
CentroidY: 0.8478
