Location: internet_25.png_Mean-Closing.png
Component: component_1755080851409_33.png
centerX: 0.592503022974607
centerY: 0.0729968634160251
width: 0.032648125755743655
height: 0.028514399771884802
Area: 0.0004291526350190159
CentroidX: 0.6099
CentroidY: 0.0854
