Location: internet_25.png_Mean-Closing.png
Component: component_1755080851410_37.png
centerX: 0.06650544135429262
centerY: 0.1003706871970345
width: 0.037081821846029824
height: 0.031936127744510975
Area: 0.00047466534082178245
CentroidX: 0.0860
CentroidY: 0.1153
