Location: Dedata_16.png_Mean-Medain.png
Component: component_1755519378478_135.png
centerX: 0.06411290322580646
centerY: 0.23339982901111428
width: 0.024596774193548387
height: 0.020518666286691366
Area: 0.00022166502725709926
CentroidX: 0.0744
CentroidY: 0.2420
