Location: Dedata_16.png_Gaussian-Median.png
Component: component_1755519378121_354.png
centerX: 0.7516129032258064
centerY: 0.6300940438871473
width: 0.028225806451612902
height: 0.020518666286691366
Area: 0.00024522196379815956
CentroidX: 0.7655
CentroidY: 0.6381
