Location: Dedata_16.png_Gaussian-Closing.png
Component: component_1755519379152_421.png
centerX: 0.9314516129032258
centerY: 0.8181818181818182
width: 0.024596774193548387
height: 0.02108862923909946
Area: 0.00024154478346004283
CentroidX: 0.9440
CentroidY: 0.8278
