Location: internet_25.png_Gaussian-Closing.png
Component: component_1755080851231_97.png
centerX: 0.2192664248286981
centerY: 0.22298260621613916
width: 0.04232164449818621
height: 0.023666951810664385
Area: 0.0004139817330847604
CentroidX: 0.2430
CentroidY: 0.2322
