Location: Dedata_16.png_Gaussian-Closing.png
Component: component_1755519379156_431.png
centerX: 0.7012096774193548
centerY: 0.835565688230265
width: 0.03024193548387097
height: 0.021373610715303505
Area: 0.000268089429025823
CentroidX: 0.7150
CentroidY: 0.8438
