Location: Dedata_16.png_Gaussian-Median.png
Component: component_1755519378105_287.png
centerX: 0.932258064516129
centerY: 0.499857509261898
width: 0.025403225806451612
height: 0.021658592191507554
Area: 0.000241659695345609
CentroidX: 0.9444
CentroidY: 0.5096
