Location: internet_25.png_Gaussian-Median.png
Component: component_1755080850838_54.png
centerX: 0.9552599758162031
centerY: 0.11890504704875962
width: 0.03385731559854897
height: 0.020530367835757058
Area: 0.00032249659717818925
CentroidX: 0.9738
CentroidY: 0.1269
