Location: Dedata_16.png_Mean-Closing.png
Component: component_1755519379328_193.png
centerX: 0.6516129032258065
centerY: 0.3642063265887717
width: 0.032661290322580645
height: 0.020518666286691366
Area: 0.00026556136754336774
CentroidX: 0.6671
CentroidY: 0.3717
