Location: Dedata_16.png_Mean-Closing.png
Component: component_1755519379326_185.png
centerX: 0.8838709677419355
centerY: 0.34910230834995726
width: 0.03346774193548387
height: 0.02080364776289541
Area: 0.00030233317092453506
CentroidX: 0.9005
CentroidY: 0.3571
