Location: internet_25.png_Mean-Closing.png
Component: component_1755080851413_54.png
centerX: 0.004030632809351068
centerY: 0.1394354148845167
width: 0.04393389762192664
height: 0.03165098374679213
Area: 0.0005085700080233384
CentroidX: 0.0286
CentroidY: 0.1536
