Location: internet_25.png_Mean-Medain.png
Component: component_1755080850994_177.png
centerX: 0.32043530834340994
centerY: 0.37496435700028513
width: 0.03909713825070536
height: 0.023952095808383235
Area: 0.00040432752276296145
CentroidX: 0.3413
CentroidY: 0.3851
