Location: internet_25.png_Mean-Medain.png
Component: component_1755080851018_275.png
centerX: 0.7239016525594518
centerY: 0.6127744510978044
width: 0.04070939137444579
height: 0.02281151981750784
Area: 0.00040076465942991656
CentroidX: 0.7458
CentroidY: 0.6223
