Location: Dedata_16.png_Gaussian-Closing.png
Component: component_1755519378734_193.png
centerX: 0.7104838709677419
centerY: 0.3616414933029353
width: 0.03508064516129032
height: 0.018523795953263037
Area: 0.0002628034822897802
CentroidX: 0.7286
CentroidY: 0.3689
