Location: Dedata_16.png_Mean-Medain.png
Component: component_1755519378311_8.png
centerX: 0.2125
centerY: 0.02536335138216016
width: 0.027016129032258064
height: 0.0219435736677116
Area: 0.00029842616681528605
CentroidX: 0.2255
CentroidY: 0.0357
