Location: Dedata_16.png_Gaussian-Median.png
Component: component_1755519378054_37.png
centerX: 0.7564516129032258
centerY: 0.06697064690795099
width: 0.02661290322580645
height: 0.01909375890567113
Area: 0.0002541850908723191
CentroidX: 0.7702
CentroidY: 0.0758
