Location: Dedata_16.png_Gaussian-Closing.png
Component: component_1755519378767_275.png
centerX: 0.014516129032258065
centerY: 0.5112567683100598
width: 0.02620967741935484
height: 0.018238814477058992
Area: 0.00021545978543652727
CentroidX: 0.0272
CentroidY: 0.5194
