Location: Dedata_16.png_Gaussian-Closing.png
Component: component_1755519378742_223.png
centerX: 0.1693548387096774
centerY: 0.42348247363921343
width: 0.029838709677419355
height: 0.0176688515246509
Area: 0.00022660623833644362
CentroidX: 0.1848
CentroidY: 0.4301
