Location: internet_25.png_Gaussian-Closing.png
Component: component_1755080851234_105.png
centerX: 0.37646110439338976
centerY: 0.2249786142001711
width: 0.037484885126964934
height: 0.02281151981750784
Area: 0.0003949031745916815
CentroidX: 0.3975
CentroidY: 0.2342
