Location: Dedata_16.png_Gaussian-Closing.png
Component: component_1755519378680_109.png
centerX: 0.05604838709677419
centerY: 0.19920205186662868
width: 0.031048387096774193
height: 0.017953833000854943
Area: 0.00024016584083324906
CentroidX: 0.0708
CentroidY: 0.2073
