Location: Dedata_16.png_Mean-Medain.png
Component: component_1755519378485_160.png
centerX: 0.007661290322580645
centerY: 0.2755770874893132
width: 0.025403225806451612
height: 0.019663721858079224
Area: 0.0002071861296757646
CentroidX: 0.0189
CentroidY: 0.2848
