Location: Dedata_16.png_Mean-Closing.png
Component: component_1755519379242_22.png
centerX: 0.5713709677419355
centerY: 0.029068110572812767
width: 0.028225806451612902
height: 0.018238814477058992
Area: 0.0002913016299101849
CentroidX: 0.5860
CentroidY: 0.0366
