Location: internet_25.png_Mean-Medain.png
Component: component_1755080851025_302.png
centerX: 0.28738411930673113
centerY: 0.6737952666096378
width: 0.04433696090286175
height: 0.023666951810664385
Area: 0.0004337498780293964
CentroidX: 0.3113
CentroidY: 0.6839
