Location: Dedata_16.png_Mean-Closing.png
Component: component_1755519379329_197.png
centerX: 0.42862903225806454
centerY: 0.3741806782559134
width: 0.03064516129032258
height: 0.01937874038187518
Area: 0.00026326312983204476
CentroidX: 0.4431
CentroidY: 0.3815
