Location: Dedata_16.png_Gaussian-Closing.png
Component: component_1755519378779_314.png
centerX: 0.7133064516129032
centerY: 0.5953263037902536
width: 0.031451612903225803
height: 0.0176688515246509
Area: 0.0002378676031219261
CentroidX: 0.7292
CentroidY: 0.6025
