Location: internet_25.png_Mean-Closing.png
Component: component_1755080851432_133.png
centerX: 0.21604191858121724
centerY: 0.2979754776161962
width: 0.036275695284159616
height: 0.02594810379241517
Area: 0.00042926756609427545
CentroidX: 0.2339
CentroidY: 0.3090
