Location: Dedata_16.png_Gaussian-Closing.png
Component: component_1755519378666_52.png
centerX: 0.35443548387096774
centerY: 0.10743801652892562
width: 0.02943548387096774
height: 0.01937874038187518
Area: 0.00026797451714025687
CentroidX: 0.3685
CentroidY: 0.1151
