Location: Dedata_16.png_Gaussian-Median.png
Component: component_1755519378094_242.png
centerX: 0.36370967741935484
centerY: 0.41806782559133654
width: 0.025806451612903226
height: 0.017098888572242805
Area: 0.00022269923422719458
CentroidX: 0.3760
CentroidY: 0.4250
