Location: Dedata_16.png_Mean-Medain.png
Component: component_1755519378520_324.png
centerX: 0.771774193548387
centerY: 0.5899116557423767
width: 0.02943548387096774
height: 0.019663721858079224
Area: 0.00025452982652901757
CentroidX: 0.7858
CentroidY: 0.5976
