Location: Kurtxevani_1794_page_10.png_Mean-Medain.png
Component: component_1755610055038_1989.png
centerX: 0.22150789012273525
centerY: 0.620096959012781
width: 0.014611338398597311
height: 0.007051564565888057
Area: 6.594098951151894e-05
CentroidX: 0.2284
CentroidY: 0.6234
