Location: Dedata_16.png_Gaussian-Median.png
Component: component_1755519378087_205.png
centerX: 0.842741935483871
centerY: 0.3519521231119977
width: 0.03185483870967742
height: 0.01937874038187518
Area: 0.00026096489212072184
CentroidX: 0.8612
CentroidY: 0.3600
