Location: Dedata_16.png_Mean-Medain.png
Component: component_1755519378478_137.png
centerX: 0.8137096774193548
centerY: 0.23852949558278713
width: 0.0407258064516129
height: 0.01909375890567113
Area: 0.0002652166318866693
CentroidX: 0.8345
CentroidY: 0.2446
