Location: Dedata_16.png_Mean-Medain.png
Component: component_1755519378460_85.png
centerX: 0.31693548387096776
centerY: 0.14904531205471644
width: 0.027016129032258064
height: 0.019663721858079224
Area: 0.00025498947407128213
CentroidX: 0.3291
CentroidY: 0.1578
