Location: internet_25.png_Gaussian-Closing.png
Component: component_1755080851229_89.png
centerX: 0.8419991938734381
centerY: 0.18962075848303392
width: 0.04030632809351068
height: 0.020815511833475905
Area: 0.00038674306824825616
CentroidX: 0.8632
CentroidY: 0.1979
