Location: Dedata_16.png_Gaussian-Median.png
Component: component_1755519378137_421.png
centerX: 0.9717741935483871
centerY: 0.7774294670846394
width: 0.027016129032258064
height: 0.01909375890567113
Area: 0.00021373610715303505
CentroidX: 0.9860
CentroidY: 0.7857
