Location: Dedata_16.png_Mean-Medain.png
Component: component_1755519378393_55.png
centerX: 0.6879032258064516
centerY: 0.10629809062410943
width: 0.02620967741935484
height: 0.01738387004844685
Area: 0.00023246674450031716
CentroidX: 0.7007
CentroidY: 0.1139
