Location: Dedata_16.png_Gaussian-Closing.png
Component: component_1755519378678_102.png
centerX: 0.31411290322580643
centerY: 0.18381305215161015
width: 0.024193548387096774
height: 0.01738387004844685
Area: 0.00019282214397999613
CentroidX: 0.3248
CentroidY: 0.1923
