Location: Dedata_16.png_Gaussian-Median.png
Component: component_1755519378053_35.png
centerX: 0.8403225806451613
centerY: 0.06469079509831861
width: 0.027016129032258064
height: 0.018523795953263037
Area: 0.000254874562185716
CentroidX: 0.8533
CentroidY: 0.0728
