Location: Dedata_16.png_Mean-Medain.png
Component: component_1755519378540_395.png
centerX: 0.8153225806451613
centerY: 0.7480763750356226
width: 0.031048387096774193
height: 0.019948703334283273
Area: 0.0002405105764899475
CentroidX: 0.8316
CentroidY: 0.7559
