Location: Dedata_16.png_Mean-Closing.png
Component: component_1755519379405_425.png
centerX: 0.7475806451612903
centerY: 0.8307210031347962
width: 0.024596774193548387
height: 0.0219435736677116
Area: 0.0002582070068671343
CentroidX: 0.7585
CentroidY: 0.8403
