Location: Dedata_16.png_Gaussian-Median.png
Component: component_1755519378054_38.png
centerX: 0.392741935483871
centerY: 0.06754060986035908
width: 0.022983870967741935
height: 0.021373610715303505
Area: 0.00026326312983204476
CentroidX: 0.4035
CentroidY: 0.0772
