Location: Dedata_16.png_Mean-Medain.png
Component: component_1755519378482_148.png
centerX: 0.46491935483870966
centerY: 0.2556283841550299
width: 0.025806451612903226
height: 0.018523795953263037
Area: 0.00023074306621682493
CentroidX: 0.4761
CentroidY: 0.2643
