Location: Dedata_16.png_Mean-Medain.png
Component: component_1755519378543_410.png
centerX: 0.3362903225806452
centerY: 0.7788543744656597
width: 0.03064516129032258
height: 0.018523795953263037
Area: 0.0002477500252806148
CentroidX: 0.3506
CentroidY: 0.7853
