Location: internet_25.png_Mean-Closing.png
Component: component_1755080851425_100.png
centerX: 0.32769044740024184
centerY: 0.22355289421157684
width: 0.04393389762192664
height: 0.021956087824351298
Area: 0.00039432851921538395
CentroidX: 0.3495
CentroidY: 0.2329
