Location: Dedata_16.png_Mean-Medain.png
Component: component_1755519378469_104.png
centerX: 0.5185483870967742
centerY: 0.18153320034197779
width: 0.028629032258064516
height: 0.017098888572242805
Area: 0.00022545711948078213
CentroidX: 0.5322
CentroidY: 0.1888
