Location: internet_25.png_Gaussian-Median.png
Component: component_1755080850849_104.png
centerX: 0.6928657799274486
centerY: 0.22355289421157684
width: 0.053204353083434096
height: 0.023096663815226688
Area: 0.0004688038559835474
CentroidX: 0.7200
CentroidY: 0.2334
