Location: internet_25.png_Mean-Closing.png
Component: component_1755080851443_172.png
centerX: 0.532043530834341
centerY: 0.37182777302537784
width: 0.04030632809351068
height: 0.023096663815226688
Area: 0.0003996153486773215
CentroidX: 0.5539
CentroidY: 0.3807
