Location: internet_25.png_Mean-Closing.png
Component: component_1755080851450_194.png
centerX: 0.28496573962112054
centerY: 0.4171656686626746
width: 0.05239822652156389
height: 0.022241231822070145
Area: 0.00045627636878026065
CentroidX: 0.3120
CentroidY: 0.4264
