Location: Dedata_16.png_Mean-Medain.png
Component: component_1755519378480_143.png
centerX: 0.6193548387096774
centerY: 0.2476489028213166
width: 0.02620967741935484
height: 0.017953833000854943
Area: 0.00021890714200351172
CentroidX: 0.6317
CentroidY: 0.2558
