Location: internet_25.png_Gaussian-Median.png
Component: component_1755080850877_235.png
centerX: 0.29181781539701734
centerY: 0.49700598802395207
width: 0.039500201531640466
height: 0.02623324779013402
Area: 0.0004382321899645173
CentroidX: 0.3125
CentroidY: 0.5083
