Location: Dedata_16.png_Mean-Closing.png
Component: component_1755519379375_333.png
centerX: 0.6524193548387097
centerY: 0.6386434881732688
width: 0.027016129032258064
height: 0.01909375890567113
Area: 0.00025694297612590663
CentroidX: 0.6662
CentroidY: 0.6463
