Location: Kurtxevani_1794_page_10.png_Mean-Medain.png
Component: component_1755610055083_2362.png
centerX: 0.7895967270601987
centerY: 0.747025121198766
width: 0.02104032729398013
height: 0.013662406346408109
Area: 0.00017257993348717847
CentroidX: 0.8002
CentroidY: 0.7530
