Location: internet_25.png_Mean-Closing.png
Component: component_1755080851476_249.png
centerX: 0.006045949214026602
centerY: 0.5506130595950955
width: 0.04030632809351068
height: 0.02566295979469632
Area: 0.000410074076525937
CentroidX: 0.0266
CentroidY: 0.5625
