Location: Dedata_16.png_Gaussian-Closing.png
Component: component_1755519379077_410.png
centerX: 0.7451612903225806
centerY: 0.7962382445141066
width: 0.02943548387096774
height: 0.020518666286691366
Area: 0.00023729304369409537
CentroidX: 0.7608
CentroidY: 0.8051
