Location: Dedata_16.png_Gaussian-Median.png
Component: component_1755519378115_331.png
centerX: 0.12016129032258065
centerY: 0.5873468224565404
width: 0.031451612903225803
height: 0.023083499572527786
Area: 0.0002850963880896129
CentroidX: 0.1361
CentroidY: 0.5971
