Location: internet_25.png_Mean-Closing.png
Component: component_1755080851483_275.png
centerX: 0.6698911729141476
centerY: 0.6161961790704306
width: 0.042724707779121324
height: 0.025092671799258625
Area: 0.00043260056727680127
CentroidX: 0.6921
CentroidY: 0.6259
