Location: internet_25.png_Mean-Closing.png
Component: component_1755080851439_156.png
centerX: 0.41233373639661425
centerY: 0.33646991730824066
width: 0.04514308746473196
height: 0.0213857998289136
Area: 0.0004122577669558677
CentroidX: 0.4356
CentroidY: 0.3452
