Location: internet_25.png_Gaussian-Closing.png
Component: component_1755080851205_29.png
centerX: 0.6461104393389763
centerY: 0.0718562874251497
width: 0.03385731559854897
height: 0.02879954376960365
Area: 0.00043030194577161105
CentroidX: 0.6639
CentroidY: 0.0854
