Location: Dedata_16.png_Mean-Closing.png
Component: component_1755519379240_15.png
centerX: 0.1629032258064516
centerY: 0.02707324023938444
width: 0.02661290322580645
height: 0.019663721858079224
Area: 0.0002676297814835584
CentroidX: 0.1758
CentroidY: 0.0365
