Location: internet_25.png_Mean-Medain.png
Component: component_1755080851006_226.png
centerX: 0.449012494961709
centerY: 0.4881665240946678
width: 0.044740024183796856
height: 0.02566295979469632
Area: 0.0004231762191055213
CentroidX: 0.4727
CentroidY: 0.4984
