Location: Dedata_16.png_Mean-Closing.png
Component: component_1755519379241_18.png
centerX: 0.6794354838709677
centerY: 0.027358221715588486
width: 0.027419354838709678
height: 0.018238814477058992
Area: 0.0002611947158918541
CentroidX: 0.6938
CentroidY: 0.0352
