Location: Dedata_16.png_Gaussian-Closing.png
Component: component_1755519378690_129.png
centerX: 0.8669354838709677
centerY: 0.23339982901111428
width: 0.03346774193548387
height: 0.0176688515246509
Area: 0.0002140808428097335
CentroidX: 0.8838
CentroidY: 0.2406
