Location: Dedata_16.png_Gaussian-Closing.png
Component: component_1755519378736_196.png
centerX: 0.5342741935483871
centerY: 0.36905101168424054
width: 0.03508064516129032
height: 0.01738387004844685
Area: 0.0002443026687136304
CentroidX: 0.5539
CentroidY: 0.3761
