Location: Dedata_16.png_Mean-Medain.png
Component: component_1755519378493_202.png
centerX: 0.06814516129032258
centerY: 0.3548019378740382
width: 0.027016129032258064
height: 0.0176688515246509
Area: 0.000219136965774644
CentroidX: 0.0816
CentroidY: 0.3623
