Location: Dedata_16.png_Gaussian-Median.png
Component: component_1755519378071_126.png
centerX: 0.7657258064516129
centerY: 0.20718153320034197
width: 0.025
height: 0.016813907096038756
Area: 0.00019868265014386967
CentroidX: 0.7774
CentroidY: 0.2141
