Location: Dedata_16.png_Mean-Closing.png
Component: component_1755519379269_105.png
centerX: 0.9508064516129032
centerY: 0.19378740381875179
width: 0.03024193548387097
height: 0.018808777429467086
Area: 0.00022695097399314207
CentroidX: 0.9656
CentroidY: 0.2016
