Location: internet_25.png_Gaussian-Closing.png
Component: component_1755080851240_116.png
centerX: 0.42361950826279726
centerY: 0.26033646991730824
width: 0.037081821846029824
height: 0.02423723980610208
Area: 0.00041846404501988133
CentroidX: 0.4437
CentroidY: 0.2704
