Location: Dedata_16.png_Mean-Medain.png
Component: component_1755519378392_53.png
centerX: 0.7899193548387097
centerY: 0.10230834995725278
width: 0.027822580645161292
height: 0.016243944143630663
Area: 0.00023453515844050783
CentroidX: 0.8036
CentroidY: 0.1093
