Location: Dedata_16.png_Mean-Closing.png
Component: component_1755519379257_68.png
centerX: 0.817741935483871
centerY: 0.13793103448275862
width: 0.027822580645161292
height: 0.018808777429467086
Area: 0.00023936145763428602
CentroidX: 0.8311
CentroidY: 0.1454
