Location: Dedata_16.png_Mean-Medain.png
Component: component_1755519378504_255.png
centerX: 0.26733870967741935
centerY: 0.4579652322599031
width: 0.035483870967741936
height: 0.020233684810487318
Area: 0.00028268323849272377
CentroidX: 0.2868
CentroidY: 0.4658
