Location: Dedata_16.png_Mean-Medain.png
Component: component_1755519378366_35.png
centerX: 0.43790322580645163
centerY: 0.06868053576517526
width: 0.021774193548387097
height: 0.020233684810487318
Area: 0.0002584368306382666
CentroidX: 0.4479
CentroidY: 0.0783
