Location: Dedata_16.png_Mean-Medain.png
Component: component_1755519378486_168.png
centerX: 0.5641129032258064
centerY: 0.28982616129951555
width: 0.035483870967741936
height: 0.01738387004844685
Area: 0.0002748692302742257
CentroidX: 0.5832
CentroidY: 0.2971
