Location: internet_25.png_Mean-Closing.png
Component: component_1755080851488_299.png
centerX: 0.3905683192261185
centerY: 0.6700883946392928
width: 0.041515517936316
height: 0.024522383803820928
Area: 0.0004328304294273203
CentroidX: 0.4118
CentroidY: 0.6803
