Location: Dedata_16.png_Mean-Closing.png
Component: component_1755519379261_80.png
centerX: 0.31693548387096776
centerY: 0.14933029353092048
width: 0.027016129032258064
height: 0.01937874038187518
Area: 0.00025498947407128213
CentroidX: 0.3291
CentroidY: 0.1578
