Location: Dedata_16.png_Gaussian-Closing.png
Component: component_1755519378805_367.png
centerX: 0.13588709677419356
centerY: 0.7090339127956683
width: 0.02258064516129032
height: 0.020518666286691366
Area: 0.00021488522600869654
CentroidX: 0.1458
CentroidY: 0.7178
