Location: Dedata_16.png_Mean-Closing.png
Component: component_1755519379394_385.png
centerX: 0.7270161290322581
centerY: 0.7552009119407238
width: 0.025806451612903226
height: 0.018238814477058992
Area: 0.00021316154772520432
CentroidX: 0.7396
CentroidY: 0.7626
