Location: Dedata_16.png_Mean-Medain.png
Component: component_1755519378540_397.png
centerX: 0.12782258064516128
centerY: 0.7523510971786834
width: 0.03024193548387097
height: 0.020233684810487318
Area: 0.00028762444957206815
CentroidX: 0.1426
CentroidY: 0.7608
