Location: Dedata_16.png_Gaussian-Closing.png
Component: component_1755519378676_91.png
centerX: 0.822983870967742
centerY: 0.17184383015104018
width: 0.027419354838709678
height: 0.01738387004844685
Area: 0.00020982910304378601
CentroidX: 0.8352
CentroidY: 0.1791
