Location: Dedata_16.png_Gaussian-Median.png
Component: component_1755519378051_29.png
centerX: 0.6209677419354839
centerY: 0.029068110572812767
width: 0.03508064516129032
height: 0.01937874038187518
Area: 0.0003280734332913522
CentroidX: 0.6390
CentroidY: 0.0371
