Location: Kurtxevani_1794_page_10.png_Mean-Medain.png
Component: component_1755610055039_1995.png
centerX: 0.3389830508474576
centerY: 0.6205376817981489
width: 0.015780245470485097
height: 0.007051564565888057
Area: 7.212295727822384e-05
CentroidX: 0.3470
CentroidY: 0.6238
