Location: Dedata_16.png_Mean-Medain.png
Component: component_1755519378484_159.png
centerX: 0.8286290322580645
centerY: 0.27472214306070103
width: 0.03225806451612903
height: 0.021373610715303505
Area: 0.00025579385727024517
CentroidX: 0.8449
CentroidY: 0.2830
