Location: Dedata_16.png_Mean-Closing.png
Component: component_1755519379341_236.png
centerX: 0.589516129032258
centerY: 0.44542604730692503
width: 0.029838709677419355
height: 0.019663721858079224
Area: 0.0002808446483236654
CentroidX: 0.6061
CentroidY: 0.4528
