Location: Dedata_16.png_Gaussian-Median.png
Component: component_1755519378143_450.png
centerX: 0.18024193548387096
centerY: 0.829296095753776
width: 0.02903225806451613
height: 0.020518666286691366
Area: 0.0002405105764899475
CentroidX: 0.1933
CentroidY: 0.8376
