Location: internet_25.png_Gaussian-Median.png
Component: component_1755080850870_203.png
centerX: 0.11729141475211609
centerY: 0.4205873966353008
width: 0.04353083434099154
height: 0.023381807812945538
Area: 0.0004178893896435838
CentroidX: 0.1418
CentroidY: 0.4295
