Location: Dedata_16.png_Mean-Closing.png
Component: component_1755519379273_118.png
centerX: 0.4596774193548387
centerY: 0.21630094043887146
width: 0.02943548387096774
height: 0.01909375890567113
Area: 0.00023671848426626464
CentroidX: 0.4733
CentroidY: 0.2236
