Location: internet_25.png_Mean-Medain.png
Component: component_1755080850994_175.png
centerX: 0.47642079806529625
centerY: 0.3735386370116909
width: 0.04554615074566707
height: 0.02281151981750784
Area: 0.00042444046093337594
CentroidX: 0.4991
CentroidY: 0.3831
