Location: internet_25.png_Gaussian-Closing.png
Component: component_1755080851344_270.png
centerX: 0.009270455461507456
centerY: 0.592814371257485
width: 0.037484885126964934
height: 0.021670943826632448
Area: 0.0003380122923382233
CentroidX: 0.0303
CentroidY: 0.6017
