Location: Dedata_16.png_Gaussian-Closing.png
Component: component_1755519378737_202.png
centerX: 0.22741935483870968
centerY: 0.38557993730407525
width: 0.027822580645161292
height: 0.018238814477058992
Area: 0.00022787026907767125
CentroidX: 0.2415
CentroidY: 0.3930
