Location: internet_25.png_Gaussian-Median.png
Component: component_1755080850825_5.png
centerX: 0.1185006045949214
centerY: 0.013401767892785858
width: 0.039500201531640466
height: 0.02594810379241517
Area: 0.0004430592951254168
CentroidX: 0.1403
CentroidY: 0.0247
