Location: internet_25.png_Mean-Closing.png
Component: component_1755080851446_183.png
centerX: 0.06126561870213623
centerY: 0.3806672369546621
width: 0.037484885126964934
height: 0.021956087824351298
Area: 0.00039904069330102393
CentroidX: 0.0811
CentroidY: 0.3897
