Location: internet_25.png_Gaussian-Median.png
Component: component_1755080850893_307.png
centerX: 0.28738411930673113
centerY: 0.6737952666096378
width: 0.04433696090286175
height: 0.023666951810664385
Area: 0.0004175445964178053
CentroidX: 0.3113
CentroidY: 0.6839
