Location: Dedata_16.png_Gaussian-Median.png
Component: component_1755519378096_251.png
centerX: 0.8467741935483871
centerY: 0.43203191792533485
width: 0.024193548387096774
height: 0.018808777429467086
Area: 0.00020695630590463233
CentroidX: 0.8577
CentroidY: 0.4401
