Location: Dedata_16.png_Mean-Medain.png
Component: component_1755519378472_113.png
centerX: 0.9048387096774193
centerY: 0.19863208891422057
width: 0.027016129032258064
height: 0.018238814477058992
Area: 0.00022155011537153312
CentroidX: 0.9173
CentroidY: 0.2055
