Location: internet_25.png_Gaussian-Median.png
Component: component_1755080850887_281.png
centerX: 0.6698911729141476
centerY: 0.6161961790704306
width: 0.04312777106005643
height: 0.025377815796977475
Area: 0.00041938349362195744
CentroidX: 0.6921
CentroidY: 0.6260
