Location: Dedata_16.png_Mean-Closing.png
Component: component_1755519379260_77.png
centerX: 0.6205645161290323
centerY: 0.14648047876888
width: 0.025806451612903226
height: 0.019948703334283273
Area: 0.00025510438595684827
CentroidX: 0.6323
CentroidY: 0.1548
