Location: Dedata_16.png_Gaussian-Closing.png
Component: component_1755519378770_281.png
centerX: 0.46088709677419354
centerY: 0.5246508976916501
width: 0.025
height: 0.020233684810487318
Area: 0.00021879223011794555
CentroidX: 0.4723
CentroidY: 0.5334
