Location: Dedata_16.png_Mean-Closing.png
Component: component_1755519379360_304.png
centerX: 0.27056451612903226
centerY: 0.5802222855514392
width: 0.03306451612903226
height: 0.01937874038187518
Area: 0.00028337270980612067
CentroidX: 0.2876
CentroidY: 0.5870
