Location: Dedata_16.png_Mean-Closing.png
Component: component_1755519379360_303.png
centerX: 0.9354838709677419
centerY: 0.5779424337418068
width: 0.032661290322580645
height: 0.021658592191507554
Area: 0.00031520330210794365
CentroidX: 0.9523
CentroidY: 0.5868
