Location: internet_25.png_Mean-Closing.png
Component: component_1755080851420_81.png
centerX: 0.9310761789600968
centerY: 0.18733960650128315
width: 0.0475614671503426
height: 0.01996007984031936
Area: 0.0004229463569550023
CentroidX: 0.9552
CentroidY: 0.1953
