Location: internet_25.png_Mean-Medain.png
Component: component_1755080850957_33.png
centerX: 0.592503022974607
centerY: 0.0729968634160251
width: 0.032648125755743655
height: 0.028514399771884802
Area: 0.000429842221470573
CentroidX: 0.6100
CentroidY: 0.0854
