Location: Dedata_16.png_Gaussian-Closing.png
Component: component_1755519378756_251.png
centerX: 0.0721774193548387
centerY: 0.4702194357366771
width: 0.03467741935483871
height: 0.01937874038187518
Area: 0.00028659024260197283
CentroidX: 0.0911
CentroidY: 0.4778
