Location: Dedata_16.png_Mean-Closing.png
Component: component_1755519379403_413.png
centerX: 0.44637096774193546
centerY: 0.8116272442291251
width: 0.03225806451612903
height: 0.019663721858079224
Area: 0.00025119738184759926
CentroidX: 0.4613
CentroidY: 0.8197
