Location: internet_25.png_Mean-Medain.png
Component: component_1755080850985_145.png
centerX: 0.5820233776702942
centerY: 0.2999714856002281
width: 0.04030632809351068
height: 0.022526375819788995
Area: 0.00041972828684773596
CentroidX: 0.6023
CentroidY: 0.3095
