Location: Dedata_16.png_Mean-Medain.png
Component: component_1755519378553_442.png
centerX: 0.7012096774193548
centerY: 0.835280706754061
width: 0.03064516129032258
height: 0.021658592191507554
Area: 0.00028923321596999424
CentroidX: 0.7151
CentroidY: 0.8438
