Location: internet_25.png_Mean-Medain.png
Component: component_1755080851011_244.png
centerX: 0.5183393792825474
centerY: 0.5363558597091531
width: 0.046352277307537285
height: 0.023096663815226688
Area: 0.0004335200158788774
CentroidX: 0.5427
CentroidY: 0.5459
