Location: Dedata_16.png_Gaussian-Closing.png
Component: component_1755519378775_297.png
centerX: 0.6483870967741936
centerY: 0.5565688230265032
width: 0.031451612903225803
height: 0.018238814477058992
Area: 0.0002443026687136304
CentroidX: 0.6636
CentroidY: 0.5630
