Location: internet_25.png_Gaussian-Closing.png
Component: component_1755080851337_243.png
centerX: 0.5183393792825474
centerY: 0.5363558597091531
width: 0.046352277307537285
height: 0.023096663815226688
Area: 0.0004181192517941028
CentroidX: 0.5428
CentroidY: 0.5460
