Location: Dedata_16.png_Mean-Closing.png
Component: component_1755519379358_298.png
centerX: 0.542741935483871
centerY: 0.5605585636933599
width: 0.035483870967741936
height: 0.018808777429467086
Area: 0.0002870498901442374
CentroidX: 0.5598
CentroidY: 0.5680
