Location: internet_25.png_Mean-Closing.png
Component: component_1755080851441_166.png
centerX: 0.9141475211608222
centerY: 0.36384374108925005
width: 0.044740024183796856
height: 0.025092671799258625
Area: 0.00045754061060811527
CentroidX: 0.9361
CentroidY: 0.3748
