Location: Dedata_16.png_Mean-Medain.png
Component: component_1755519378361_28.png
centerX: 0.8899193548387097
centerY: 0.06298090624109433
width: 0.025806451612903226
height: 0.019663721858079224
Area: 0.0002663657507423308
CentroidX: 0.9035
CentroidY: 0.0717
