Location: Dedata_16.png_Mean-Closing.png
Component: component_1755519379347_255.png
centerX: 0.6911290322580645
centerY: 0.47962382445141066
width: 0.02258064516129032
height: 0.01909375890567113
Area: 0.00023338603958484634
CentroidX: 0.7019
CentroidY: 0.4880
