Location: Dedata_16.png_Gaussian-Closing.png
Component: component_1755519378625_8.png
centerX: 0.5233870967741936
centerY: 0.02536335138216016
width: 0.02379032258064516
height: 0.022513536620119692
Area: 0.00026682539828459535
CentroidX: 0.5355
CentroidY: 0.0360
