Location: Dedata_16.png_Mean-Closing.png
Component: component_1755519379254_55.png
centerX: 0.6399193548387097
centerY: 0.10800797948133371
width: 0.025806451612903226
height: 0.018523795953263037
Area: 0.00024372810928579964
CentroidX: 0.6525
CentroidY: 0.1160
