Location: Dedata_16.png_Gaussian-Closing.png
Component: component_1755519379159_441.png
centerX: 0.3350806451612903
centerY: 0.8589341692789969
width: 0.029838709677419355
height: 0.01738387004844685
Area: 0.0002195966133169086
CentroidX: 0.3492
CentroidY: 0.8668
