Location: internet_25.png_Mean-Closing.png
Component: component_1755080851479_259.png
centerX: 0.600161225312374
centerY: 0.5751354433989164
width: 0.041112454655380895
height: 0.01996007984031936
Area: 0.00035134429706832666
CentroidX: 0.6213
CentroidY: 0.5837
