Location: internet_25.png_Gaussian-Closing.png
Component: component_1755080851275_153.png
centerX: 0.6852075775896815
centerY: 0.3350441973196464
width: 0.04514308746473196
height: 0.021670943826632448
Area: 0.00040501710921451853
CentroidX: 0.7078
CentroidY: 0.3439
