Location: Dedata_16.png_Gaussian-Closing.png
Component: component_1755519378713_165.png
centerX: 0.16572580645161292
centerY: 0.30692504987175834
width: 0.03346774193548387
height: 0.016813907096038756
Area: 0.00021856240634681327
CentroidX: 0.1833
CentroidY: 0.3139
