Location: Dedata_16.png_Mean-Closing.png
Component: component_1755519379340_233.png
centerX: 0.6830645161290323
centerY: 0.44200626959247646
width: 0.027016129032258064
height: 0.017953833000854943
Area: 0.0002263764145653113
CentroidX: 0.6955
CentroidY: 0.4494
