Location: Dedata_16.png_Gaussian-Median.png
Component: component_1755519378139_428.png
centerX: 0.8310483870967742
centerY: 0.7876888002279852
width: 0.03064516129032258
height: 0.02080364776289541
Area: 0.00023844216254975684
CentroidX: 0.8473
CentroidY: 0.7967
