Location: Dedata_16.png_Gaussian-Closing.png
Component: component_1755519378834_393.png
centerX: 0.635483870967742
centerY: 0.7603305785123967
width: 0.028225806451612902
height: 0.017953833000854943
Area: 0.000219136965774644
CentroidX: 0.6496
CentroidY: 0.7679
