Location: Dedata_16.png_Mean-Medain.png
Component: component_1755519378505_256.png
centerX: 0.9233870967741935
centerY: 0.4596751211171274
width: 0.03346774193548387
height: 0.0219435736677116
Area: 0.0002745244946175273
CentroidX: 0.9412
CentroidY: 0.4683
