Location: Dedata_16.png_Mean-Closing.png
Component: component_1755519379242_21.png
centerX: 0.11612903225806452
centerY: 0.029353092049016812
width: 0.027016129032258064
height: 0.02080364776289541
Area: 0.00029992002132764594
CentroidX: 0.1291
CentroidY: 0.0378
