Location: Dedata_16.png_Mean-Closing.png
Component: component_1755519379322_167.png
centerX: 0.11330645161290323
centerY: 0.310914790538615
width: 0.03508064516129032
height: 0.020233684810487318
Area: 0.0002757885253587549
CentroidX: 0.1309
CentroidY: 0.3191
