Location: internet_25.png_Mean-Closing.png
Component: component_1755080851474_243.png
centerX: 0.5183393792825474
centerY: 0.5363558597091531
width: 0.046352277307537285
height: 0.023096663815226688
Area: 0.00043329015372835835
CentroidX: 0.5427
CentroidY: 0.5459
