Location: internet_25.png_Mean-Medain.png
Component: component_1755080851011_248.png
centerX: 0.2825473599355099
centerY: 0.5483319076133447
width: 0.049576783555018135
height: 0.022241231822070145
Area: 0.0004019139701825117
CentroidX: 0.3076
CentroidY: 0.5568
