Location: Dedata_16.png_Mean-Closing.png
Component: component_1755519379348_259.png
centerX: 0.4737903225806452
centerY: 0.4881732687375321
width: 0.02056451612903226
height: 0.022798518096323737
Area: 0.00023798251500749225
CentroidX: 0.4829
CentroidY: 0.4980
