Location: internet_25.png_Gaussian-Closing.png
Component: component_1755080851272_144.png
centerX: 0.5820233776702942
centerY: 0.2999714856002281
width: 0.04030632809351068
height: 0.022526375819788995
Area: 0.0004107636629774941
CentroidX: 0.6023
CentroidY: 0.3096
