Location: internet_25.png_Mean-Closing.png
Component: component_1755080851484_281.png
centerX: 0.3970173317210802
centerY: 0.6273167949814656
width: 0.03909713825070536
height: 0.020245223838038208
Area: 0.00036479123287368946
CentroidX: 0.4178
CentroidY: 0.6359
