Location: Dedata_16.png_Mean-Closing.png
Component: component_1755519379384_354.png
centerX: 0.5044354838709677
centerY: 0.6831005984611
width: 0.03064516129032258
height: 0.0219435736677116
Area: 0.0002671701339412938
CentroidX: 0.5198
CentroidY: 0.6923
