Location: Dedata_16.png_Gaussian-Closing.png
Component: component_1755519378726_179.png
centerX: 0.4153225806451613
centerY: 0.33257338273012255
width: 0.024596774193548387
height: 0.01738387004844685
Area: 0.00021373610715303505
CentroidX: 0.4267
CentroidY: 0.3401
