Location: Dedata_16.png_Mean-Medain.png
Component: component_1755519378503_250.png
centerX: 0.4991935483870968
centerY: 0.4494157879737817
width: 0.03185483870967742
height: 0.017953833000854943
Area: 0.0002673999577124261
CentroidX: 0.5167
CentroidY: 0.4562
