Location: Dedata_16.png_Gaussian-Median.png
Component: component_1755519378077_159.png
centerX: 0.20362903225806453
centerY: 0.2675976061555999
width: 0.02661290322580645
height: 0.01652892561983471
Area: 0.0001968440599748113
CentroidX: 0.2158
CentroidY: 0.2743
