Location: Dedata_16.png_Gaussian-Median.png
Component: component_1755519378079_170.png
centerX: 0.6766129032258065
centerY: 0.2835565688230265
width: 0.03790322580645161
height: 0.01909375890567113
Area: 0.00023579918918173543
CentroidX: 0.6952
CentroidY: 0.2908
