Location: Dedata_16.png_Gaussian-Closing.png
Component: component_1755519378671_73.png
centerX: 0.6717741935483871
centerY: 0.1439156454830436
width: 0.02620967741935484
height: 0.0219435736677116
Area: 0.0002470605539672179
CentroidX: 0.6838
CentroidY: 0.1530
