Location: Dedata_16.png_Gaussian-Median.png
Component: component_1755519378128_386.png
centerX: 0.9217741935483871
centerY: 0.7050441721288117
width: 0.03588709677419355
height: 0.01738387004844685
Area: 0.0002661359269711985
CentroidX: 0.9399
CentroidY: 0.7116
