Location: Dedata_16.png_Mean-Medain.png
Component: component_1755519378542_407.png
centerX: 0.43790322580645163
centerY: 0.7728697634653747
width: 0.028225806451612902
height: 0.01937874038187518
Area: 0.00024809476093731324
CentroidX: 0.4514
CentroidY: 0.7805
