Location: internet_25.png_Mean-Closing.png
Component: component_1755080851435_140.png
centerX: 0.3139862958484482
centerY: 0.2994011976047904
width: 0.04030632809351068
height: 0.02281151981750784
Area: 0.00040835011039704435
CentroidX: 0.3368
CentroidY: 0.3083
