Location: Dedata_16.png_Mean-Closing.png
Component: component_1755519379390_371.png
centerX: 0.5592741935483871
centerY: 0.7221430607010544
width: 0.025403225806451612
height: 0.020518666286691366
Area: 0.00023051324244569265
CentroidX: 0.5712
CentroidY: 0.7317
