Location: Dedata_16.png_Mean-Closing.png
Component: component_1755519379324_174.png
centerX: 0.6229838709677419
centerY: 0.3257338273012254
width: 0.029838709677419355
height: 0.016813907096038756
Area: 0.00023556936541060315
CentroidX: 0.6371
CentroidY: 0.3322
