Location: Dedata_16.png_Gaussian-Closing.png
Component: component_1755519378665_46.png
centerX: 0.8846774193548387
centerY: 0.10002849814762041
width: 0.022983870967741935
height: 0.019663721858079224
Area: 0.00020201509482528797
CentroidX: 0.8959
CentroidY: 0.1090
