Location: Dedata_16.png_Mean-Closing.png
Component: component_1755519379344_250.png
centerX: 0.013306451612903225
centerY: 0.4702194357366771
width: 0.03669354838709677
height: 0.019948703334283273
Area: 0.00028854374465659734
CentroidX: 0.0344
CentroidY: 0.4780
