Location: Dedata_16.png_Mean-Closing.png
Component: component_1755519379313_139.png
centerX: 0.40766129032258064
centerY: 0.256198347107438
width: 0.025
height: 0.02080364776289541
Area: 0.00024326846174353505
CentroidX: 0.4191
CentroidY: 0.2659
