Location: internet_25.png_Gaussian-Median.png
Component: component_1755080850867_189.png
centerX: 0.8512696493349455
centerY: 0.40461933276304535
width: 0.03909713825070536
height: 0.023666951810664385
Area: 0.00036973326910984847
CentroidX: 0.8710
CentroidY: 0.4136
