Location: Dedata_16.png_Mean-Medain.png
Component: component_1755519378427_71.png
centerX: 0.9084677419354839
centerY: 0.134226275292106
width: 0.020967741935483872
height: 0.020233684810487318
Area: 0.00019006425872640859
CentroidX: 0.9195
CentroidY: 0.1440
