Location: internet_25.png_Gaussian-Closing.png
Component: component_1755080851240_117.png
centerX: 0.7988714228133817
centerY: 0.2600513259195894
width: 0.04796453043127771
height: 0.024522383803820928
Area: 0.00044869091781313286
CentroidX: 0.8240
CentroidY: 0.2704
