Location: Dedata_16.png_Mean-Medain.png
Component: component_1755519378554_444.png
centerX: 0.031048387096774193
centerY: 0.8378455400398974
width: 0.02903225806451613
height: 0.01937874038187518
Area: 0.00025579385727024517
CentroidX: 0.0443
CentroidY: 0.8469
