Location: Dedata_16.png_Mean-Closing.png
Component: component_1755519379260_78.png
centerX: 0.267741935483871
centerY: 0.1481903676261043
width: 0.028629032258064516
height: 0.020518666286691366
Area: 0.0002798104413535701
CentroidX: 0.2806
CentroidY: 0.1567
