Location: internet_25.png_Mean-Closing.png
Component: component_1755080851448_186.png
centerX: 0.6118500604594922
centerY: 0.4057599087539207
width: 0.044740024183796856
height: 0.025092671799258625
Area: 0.0004161654235146911
CentroidX: 0.6359
CentroidY: 0.4157
