Location: Dedata_16.png_Gaussian-Closing.png
Component: component_1755519378692_136.png
centerX: 0.5189516129032258
centerY: 0.2527785693929895
width: 0.02379032258064516
height: 0.019663721858079224
Area: 0.00022810009284880353
CentroidX: 0.5296
CentroidY: 0.2614
