Location: Dedata_16.png_Gaussian-Median.png
Component: component_1755519378128_389.png
centerX: 0.13588709677419356
centerY: 0.7090339127956683
width: 0.02258064516129032
height: 0.02080364776289541
Area: 0.00021442557846643195
CentroidX: 0.1458
CentroidY: 0.7178
