Location: internet_25.png_Mean-Medain.png
Component: component_1755080850970_84.png
centerX: 0.8843208383716243
centerY: 0.18848018249215853
width: 0.04030632809351068
height: 0.0213857998289136
Area: 0.00039271948416175076
CentroidX: 0.9065
CentroidY: 0.1967
