Location: Dedata_16.png_Mean-Closing.png
Component: component_1755519379319_152.png
centerX: 0.7306451612903225
centerY: 0.28127671701339413
width: 0.03508064516129032
height: 0.017953833000854943
Area: 0.00026912363599591833
CentroidX: 0.7490
CentroidY: 0.2883
