Location: Dedata_16.png_Mean-Closing.png
Component: component_1755519379377_342.png
centerX: 0.17983870967741936
centerY: 0.6622969506982046
width: 0.028225806451612902
height: 0.01909375890567113
Area: 0.00025338070767335605
CentroidX: 0.1931
CentroidY: 0.6701
