Location: Dedata_16.png_Mean-Medain.png
Component: component_1755519378502_240.png
centerX: 0.016129032258064516
centerY: 0.43003704759190653
width: 0.028629032258064516
height: 0.017098888572242805
Area: 0.0002599306851506265
CentroidX: 0.0317
CentroidY: 0.4371
