Location: Dedata_16.png_Gaussian-Closing.png
Component: component_1755519378820_383.png
centerX: 0.8629032258064516
centerY: 0.7449415787973782
width: 0.02620967741935484
height: 0.01909375890567113
Area: 0.00021948170143134245
CentroidX: 0.8762
CentroidY: 0.7527
