Location: Dedata_16.png_Gaussian-Median.png
Component: component_1755519378141_438.png
centerX: 0.5008064516129033
centerY: 0.8093473924194927
width: 0.03185483870967742
height: 0.017953833000854943
Area: 0.00024269390231570432
CentroidX: 0.5168
CentroidY: 0.8169
