Location: Dedata_16.png_Mean-Medain.png
Component: component_1755519378369_41.png
centerX: 0.010080645161290322
centerY: 0.07210031347962383
width: 0.02258064516129032
height: 0.01909375890567113
Area: 0.00022545711948078213
CentroidX: 0.0201
CentroidY: 0.0817
