Location: Dedata_16.png_Gaussian-Closing.png
Component: component_1755519378786_325.png
centerX: 0.8951612903225806
centerY: 0.6229695069820461
width: 0.028629032258064516
height: 0.020518666286691366
Area: 0.00025338070767335605
CentroidX: 0.9095
CentroidY: 0.6306
