Location: Dedata_16.png_Mean-Medain.png
Component: component_1755519378555_451.png
centerX: 0.3866935483870968
centerY: 0.8575092618979766
width: 0.03064516129032258
height: 0.015958962667426618
Area: 0.00022718079776427435
CentroidX: 0.4001
CentroidY: 0.8651
