Location: internet_25.png_Mean-Medain.png
Component: component_1755080850972_94.png
centerX: 0.8121725110842403
centerY: 0.22212717422298262
width: 0.042724707779121324
height: 0.02281151981750784
Area: 0.000425130047384933
CentroidX: 0.8346
CentroidY: 0.2318
