Location: internet_25.png_Mean-Closing.png
Component: component_1755080851461_214.png
centerX: 0.34139459895203544
centerY: 0.45566010835471915
width: 0.04070939137444579
height: 0.023666951810664385
Area: 0.00041903870039617893
CentroidX: 0.3617
CentroidY: 0.4660
