Location: internet_25.png_Gaussian-Closing.png
Component: component_1755080851213_57.png
centerX: 0.11366384522370013
centerY: 0.1497005988023952
width: 0.05078597339782346
height: 0.02765896777872826
Area: 0.0005137419064100163
CentroidX: 0.1400
CentroidY: 0.1612
