Location: internet_25.png_Mean-Closing.png
Component: component_1755080851429_119.png
centerX: 0.1120515920999597
centerY: 0.2606216139150271
width: 0.041112454655380895
height: 0.023381807812945538
Area: 0.00044099053577074563
CentroidX: 0.1346
CentroidY: 0.2700
