Location: Dedata_16.png_Gaussian-Median.png
Component: component_1755519378105_291.png
centerX: 0.1625
centerY: 0.505842120262183
width: 0.02379032258064516
height: 0.02108862923909946
Area: 0.00024200443100230742
CentroidX: 0.1726
CentroidY: 0.5154
