Location: Dedata_16.png_Gaussian-Closing.png
Component: component_1755519378792_343.png
centerX: 0.2318548387096774
centerY: 0.6600170988885723
width: 0.031451612903225803
height: 0.019948703334283273
Area: 0.0002608499802351557
CentroidX: 0.2480
CentroidY: 0.6681
