Location: internet_25.png_Mean-Medain.png
Component: component_1755080851023_295.png
centerX: 0.6650544135429263
centerY: 0.6575420587396635
width: 0.04877065699314793
height: 0.025377815796977475
Area: 0.0004438638126522334
CentroidX: 0.6913
CentroidY: 0.6675
