Location: internet_25.png_Gaussian-Median.png
Component: component_1755080850840_62.png
centerX: 0.2974607013301088
centerY: 0.1514114627887083
width: 0.045949214026602174
height: 0.022241231822070145
Area: 0.0004405308114697076
CentroidX: 0.3209
CentroidY: 0.1608
