Location: Dedata_16.png_Gaussian-Median.png
Component: component_1755519378085_195.png
centerX: 0.4645161290322581
centerY: 0.3302935309204902
width: 0.028225806451612902
height: 0.0176688515246509
Area: 0.00022522729570964985
CentroidX: 0.4780
CentroidY: 0.3377
