Location: internet_25.png_Gaussian-Closing.png
Component: component_1755080851347_288.png
centerX: 0.05401047964530431
centerY: 0.6384374108925007
width: 0.042724707779121324
height: 0.023096663815226688
Area: 0.00039467331244116247
CentroidX: 0.0777
CentroidY: 0.6478
