Location: Dedata_16.png_Mean-Closing.png
Component: component_1755519379261_84.png
centerX: 0.05846774193548387
centerY: 0.1578797378170419
width: 0.025403225806451612
height: 0.019948703334283273
Area: 0.00024487722814146113
CentroidX: 0.0694
CentroidY: 0.1672
