Location: Dedata_16.png_Gaussian-Closing.png
Component: component_1755519378766_273.png
centerX: 0.7883064516129032
centerY: 0.5078369905956113
width: 0.02661290322580645
height: 0.020233684810487318
Area: 0.0002464859945393872
CentroidX: 0.8006
CentroidY: 0.5165
