Location: internet_25.png_Mean-Closing.png
Component: component_1755080851428_113.png
centerX: 0.3192261185006046
centerY: 0.258910749928714
width: 0.03345425231761386
height: 0.02566295979469632
Area: 0.000409844214375418
CentroidX: 0.3374
CentroidY: 0.2689
