Location: Dedata_16.png_Mean-Closing.png
Component: component_1755519379243_24.png
centerX: 0.9379032258064516
centerY: 0.06184098033627814
width: 0.03024193548387097
height: 0.020518666286691366
Area: 0.0002907270704823541
CentroidX: 0.9539
CentroidY: 0.0712
