Location: internet_25.png_Mean-Medain.png
Component: component_1755080851003_215.png
centerX: 0.014107214832728738
centerY: 0.4568006843455945
width: 0.044740024183796856
height: 0.024522383803820928
Area: 0.00043742767243770073
CentroidX: 0.0357
CentroidY: 0.4687
