Location: internet_25.png_Mean-Medain.png
Component: component_1755080850967_70.png
centerX: 0.8831116485288191
centerY: 0.1568291987453664
width: 0.03909713825070536
height: 0.021100655831194755
Area: 0.00039202989771019373
CentroidX: 0.9046
CentroidY: 0.1653
