Location: Dedata_16.png_Mean-Closing.png
Component: component_1755519379392_376.png
centerX: 0.9657258064516129
centerY: 0.7398119122257053
width: 0.034274193548387094
height: 0.018523795953263037
Area: 0.00024280881420127046
CentroidX: 0.9832
CentroidY: 0.7471
