Location: Dedata_16.png_Mean-Medain.png
Component: component_1755519378554_447.png
centerX: 0.5504032258064516
centerY: 0.8472499287546309
width: 0.025806451612903226
height: 0.01652892561983471
Area: 0.0002470605539672179
CentroidX: 0.5625
CentroidY: 0.8547
