Location: Dedata_16.png_Gaussian-Closing.png
Component: component_1755519378743_224.png
centerX: 0.9358870967741936
centerY: 0.42348247363921343
width: 0.024193548387096774
height: 0.02108862923909946
Area: 0.00023706321992296306
CentroidX: 0.9475
CentroidY: 0.4324
