Location: Dedata_16.png_Gaussian-Median.png
Component: component_1755519378108_301.png
centerX: 0.5516129032258065
centerY: 0.5195212311199772
width: 0.02903225806451613
height: 0.02080364776289541
Area: 0.0002477500252806148
CentroidX: 0.5655
CentroidY: 0.5286
