Location: Dedata_16.png_Mean-Closing.png
Component: component_1755519379342_241.png
centerX: 0.3153225806451613
centerY: 0.457395269307495
width: 0.03064516129032258
height: 0.01937874038187518
Area: 0.0002696981954237491
CentroidX: 0.3314
CentroidY: 0.4652
