Location: Dedata_16.png_Mean-Closing.png
Component: component_1755519379339_227.png
centerX: 0.016129032258064516
centerY: 0.43003704759190653
width: 0.028629032258064516
height: 0.017098888572242805
Area: 0.0002597008613794942
CentroidX: 0.0317
CentroidY: 0.4371
