Location: internet_25.png_Gaussian-Median.png
Component: component_1755080850875_226.png
centerX: 0.6819830713422007
centerY: 0.47362418021100655
width: 0.04796453043127771
height: 0.02423723980610208
Area: 0.000439496431792372
CentroidX: 0.7069
CentroidY: 0.4838
