Location: Dedata_16.png_Mean-Medain.png
Component: component_1755519378490_189.png
centerX: 0.46411290322580645
centerY: 0.3302935309204902
width: 0.02903225806451613
height: 0.0176688515246509
Area: 0.0002476351133950487
CentroidX: 0.4780
CentroidY: 0.3376
