Location: internet_25.png_Gaussian-Median.png
Component: component_1755080850889_290.png
centerX: 0.2257154373236598
centerY: 0.6333048189335615
width: 0.041112454655380895
height: 0.021670943826632448
Area: 0.00036777944083043676
CentroidX: 0.2474
CentroidY: 0.6421
