Location: Dedata_16.png_Mean-Medain.png
Component: component_1755519378533_380.png
centerX: 0.7661290322580645
centerY: 0.7101738387004844
width: 0.03387096774193549
height: 0.022228555143915644
Area: 0.0003073892938894456
CentroidX: 0.7845
CentroidY: 0.7190
