Location: Dedata_16.png_Gaussian-Median.png
Component: component_1755519378110_311.png
centerX: 0.8516129032258064
centerY: 0.542319749216301
width: 0.03346774193548387
height: 0.02108862923909946
Area: 0.0002752139659309242
CentroidX: 0.8684
CentroidY: 0.5499
