Location: Dedata_16.png_Mean-Closing.png
Component: component_1755519379393_381.png
centerX: 0.8153225806451613
centerY: 0.7480763750356226
width: 0.031048387096774193
height: 0.019663721858079224
Area: 0.00024039566460438137
CentroidX: 0.8316
CentroidY: 0.7559
