Location: Dedata_16.png_Mean-Closing.png
Component: component_1755519379338_224.png
centerX: 0.11895161290322581
centerY: 0.42547734397264175
width: 0.032661290322580645
height: 0.020233684810487318
Area: 0.0002760183491298872
CentroidX: 0.1358
CentroidY: 0.4330
