Location: Dedata_16.png_Mean-Medain.png
Component: component_1755519378519_314.png
centerX: 0.3782258064516129
centerY: 0.5708178968367056
width: 0.03588709677419355
height: 0.01937874038187518
Area: 0.0002786613224979086
CentroidX: 0.3971
CentroidY: 0.5775
