Location: Dedata_16.png_Mean-Medain.png
Component: component_1755519378546_422.png
centerX: 0.032661290322580645
centerY: 0.7985180963237389
width: 0.028629032258064516
height: 0.01738387004844685
Area: 0.00023108780187352338
CentroidX: 0.0449
CentroidY: 0.8068
