Location: internet_25.png_Gaussian-Median.png
Component: component_1755080850837_52.png
centerX: 0.705763804917372
centerY: 0.11861990305104078
width: 0.030632809351068116
height: 0.023096663815226688
Area: 0.00035674605760552367
CentroidX: 0.7206
CentroidY: 0.1286
