Location: internet_25.png_Mean-Medain.png
Component: component_1755080850999_193.png
centerX: 0.40185409109230147
centerY: 0.4143142286854862
width: 0.044740024183796856
height: 0.020815511833475905
Area: 0.0003775485822274953
CentroidX: 0.4256
CentroidY: 0.4223
