Location: Dedata_16.png_Mean-Medain.png
Component: component_1755519378508_270.png
centerX: 0.5576612903225806
centerY: 0.481903676261043
width: 0.025806451612903226
height: 0.02336848104873183
Area: 0.0002765929085577179
CentroidX: 0.5702
CentroidY: 0.4913
