Location: Dedata_16.png_Gaussian-Median.png
Component: component_1755519378082_179.png
centerX: 0.22580645161290322
centerY: 0.3029353092049017
width: 0.02620967741935484
height: 0.017953833000854943
Area: 0.00020144053539745724
CentroidX: 0.2390
CentroidY: 0.3106
