Location: internet_25.png_Mean-Medain.png
Component: component_1755080850968_75.png
centerX: 0.005642885933091495
centerY: 0.18505845451953237
width: 0.04675534058847239
height: 0.023381807812945538
Area: 0.0004578854038338938
CentroidX: 0.0298
CentroidY: 0.1947
