Location: internet_25.png_Gaussian-Closing.png
Component: component_1755080851350_297.png
centerX: 0.49939540507859737
centerY: 0.6675220986598233
width: 0.046352277307537285
height: 0.024522383803820928
Area: 0.00042329115018078085
CentroidX: 0.5242
CentroidY: 0.6769
