Location: Dedata_16.png_Gaussian-Median.png
Component: component_1755519378106_294.png
centerX: 0.11411290322580646
centerY: 0.5081219720718153
width: 0.025
height: 0.019948703334283273
Area: 0.00023453515844050783
CentroidX: 0.1266
CentroidY: 0.5172
