Location: Dedata_16.png_Mean-Medain.png
Component: component_1755519378512_290.png
centerX: 0.6028225806451613
centerY: 0.5178113422627529
width: 0.025
height: 0.020518666286691366
Area: 0.00024993335110637166
CentroidX: 0.6144
CentroidY: 0.5270
