Location: Dedata_16.png_Gaussian-Median.png
Component: component_1755519378135_413.png
centerX: 0.6806451612903226
centerY: 0.7574807637503562
width: 0.02620967741935484
height: 0.0176688515246509
Area: 0.00021568960920765955
CentroidX: 0.6941
CentroidY: 0.7647
