Location: internet_25.png_Gaussian-Median.png
Component: component_1755080850880_248.png
centerX: 0.5183393792825474
centerY: 0.5363558597091531
width: 0.046352277307537285
height: 0.023381807812945538
Area: 0.00041949842469721693
CentroidX: 0.5428
CentroidY: 0.5460
