Location: Dedata_16.png_Gaussian-Median.png
Component: component_1755519378143_451.png
centerX: 0.7475806451612903
centerY: 0.8307210031347962
width: 0.024596774193548387
height: 0.0219435736677116
Area: 0.0002421193428878736
CentroidX: 0.7586
CentroidY: 0.8402
