Location: Dedata_16.png_Mean-Medain.png
Component: component_1755519378509_276.png
centerX: 0.2955645161290323
centerY: 0.49672271302365345
width: 0.02338709677419355
height: 0.021658592191507554
Area: 0.0002414298715744767
CentroidX: 0.3056
CentroidY: 0.5060
