Location: internet_25.png_Mean-Medain.png
Component: component_1755080850962_49.png
centerX: 0.7053607416364369
centerY: 0.11861990305104078
width: 0.031035872632003223
height: 0.023096663815226688
Area: 0.00036743464760465825
CentroidX: 0.7206
CentroidY: 0.1285
