Location: internet_25.png_Mean-Medain.png
Component: component_1755080851003_213.png
centerX: 0.34139459895203544
centerY: 0.4553749643570003
width: 0.04070939137444579
height: 0.023952095808383235
Area: 0.0004207626665250716
CentroidX: 0.3617
CentroidY: 0.4660
