Location: internet_25.png_Mean-Closing.png
Component: component_1755080851433_134.png
centerX: 0.16243450221684805
centerY: 0.2985457656116339
width: 0.03869407496977025
height: 0.02480752780153978
Area: 0.0004188088382456599
CentroidX: 0.1820
CentroidY: 0.3088
