Location: internet_25.png_Mean-Medain.png
Component: component_1755080850956_28.png
centerX: 0.5364772269246272
centerY: 0.07014542343883662
width: 0.035872632003224506
height: 0.03051040775591674
Area: 0.0004512194014688421
CentroidX: 0.5569
CentroidY: 0.0829
