Location: Dedata_16.png_Gaussian-Median.png
Component: component_1755519378112_322.png
centerX: 0.48870967741935484
centerY: 0.5628384155029923
width: 0.031451612903225803
height: 0.020233684810487318
Area: 0.00025809209498156815
CentroidX: 0.5054
CentroidY: 0.5710
