Location: Dedata_16.png_Mean-Medain.png
Component: component_1755519378469_102.png
centerX: 0.5721774193548387
centerY: 0.17896836705614136
width: 0.025403225806451612
height: 0.01652892561983471
Area: 0.00021201242886954283
CentroidX: 0.5837
CentroidY: 0.1864
