Location: Dedata_16.png_Mean-Closing.png
Component: component_1755519379325_179.png
centerX: 0.32056451612903225
centerY: 0.3365631233969792
width: 0.02338709677419355
height: 0.016813907096038756
Area: 0.00021247207641180742
CentroidX: 0.3319
CentroidY: 0.3442
