Location: internet_25.png_Gaussian-Median.png
Component: component_1755080850857_144.png
centerX: 0.3667875856509472
centerY: 0.2994011976047904
width: 0.03869407496977025
height: 0.023666951810664385
Area: 0.00038134130771105915
CentroidX: 0.3876
CentroidY: 0.3088
