Location: Dedata_16.png_Gaussian-Closing.png
Component: component_1755519378785_323.png
centerX: 0.9435483870967742
centerY: 0.6206896551724138
width: 0.03346774193548387
height: 0.019948703334283273
Area: 0.0002861305950597082
CentroidX: 0.9602
CentroidY: 0.6285
