Location: Dedata_16.png_Mean-Closing.png
Component: component_1755519379352_277.png
centerX: 0.6028225806451613
centerY: 0.5178113422627529
width: 0.025
height: 0.020233684810487318
Area: 0.0002503929986486362
CentroidX: 0.6144
CentroidY: 0.5270
