Location: Dedata_16.png_Mean-Medain.png
Component: component_1755519378493_203.png
centerX: 0.8068548387096774
centerY: 0.35537190082644626
width: 0.02661290322580645
height: 0.01652892561983471
Area: 0.0002337307752415448
CentroidX: 0.8203
CentroidY: 0.3623
