Location: Dedata_16.png_Gaussian-Closing.png
Component: component_1755519378757_256.png
centerX: 0.6911290322580645
centerY: 0.47962382445141066
width: 0.02258064516129032
height: 0.01909375890567113
Area: 0.00022327379365502531
CentroidX: 0.7019
CentroidY: 0.4881
