Location: internet_25.png_Gaussian-Median.png
Component: component_1755080850893_305.png
centerX: 0.3905683192261185
centerY: 0.6700883946392928
width: 0.041515517936316
height: 0.024522383803820928
Area: 0.0004178893896435838
CentroidX: 0.4119
CentroidY: 0.6804
