Location: internet_25.png_Mean-Closing.png
Component: component_1755080851423_93.png
centerX: 0.9161628375654978
centerY: 0.21984602224123181
width: 0.04393389762192664
height: 0.018249215854006275
Area: 0.00035237867674566226
CentroidX: 0.9398
CentroidY: 0.2271
