Location: Dedata_16.png_Mean-Medain.png
Component: component_1755519378500_231.png
centerX: 0.3116935483870968
centerY: 0.41664291821031635
width: 0.03024193548387097
height: 0.01909375890567113
Area: 0.0002598157732650604
CentroidX: 0.3274
CentroidY: 0.4241
