Location: Dedata_16.png_Mean-Closing.png
Component: component_1755519379251_44.png
centerX: 0.1620967741935484
centerY: 0.07409518381305215
width: 0.02258064516129032
height: 0.0176688515246509
Area: 0.00023487989409720625
CentroidX: 0.1725
CentroidY: 0.0822
