Location: Dedata_16.png_Mean-Closing.png
Component: component_1755519379250_39.png
centerX: 0.2592741935483871
centerY: 0.07210031347962383
width: 0.021370967741935483
height: 0.019663721858079224
Area: 0.0002651017200011032
CentroidX: 0.2696
CentroidY: 0.0813
