Location: internet_25.png_Gaussian-Median.png
Component: component_1755080850859_154.png
centerX: 0.8476420798065296
centerY: 0.33105218135158254
width: 0.03990326481257558
height: 0.020815511833475905
Area: 0.000375249960722305
CentroidX: 0.8701
CentroidY: 0.3394
