Location: Dedata_16.png_Gaussian-Closing.png
Component: component_1755519378855_402.png
centerX: 0.9241935483870968
centerY: 0.780849244799088
width: 0.03346774193548387
height: 0.01909375890567113
Area: 0.0002270658858787082
CentroidX: 0.9423
CentroidY: 0.7889
