Location: internet_25.png_Gaussian-Median.png
Component: component_1755080850884_269.png
centerX: 0.3313180169286578
centerY: 0.583689763330482
width: 0.04312777106005643
height: 0.023096663815226688
Area: 0.0003569759197560427
CentroidX: 0.3547
CentroidY: 0.5929
