Location: Dedata_16.png_Mean-Closing.png
Component: component_1755519379356_291.png
centerX: 0.7975806451612903
centerY: 0.5443146195497293
width: 0.039919354838709675
height: 0.02108862923909946
Area: 0.0003130199762821868
CentroidX: 0.8186
CentroidY: 0.5516
