Location: Dedata_16.png_Gaussian-Closing.png
Component: component_1755519378699_153.png
centerX: 0.7306451612903225
centerY: 0.28127671701339413
width: 0.03508064516129032
height: 0.017953833000854943
Area: 0.0002503929986486362
CentroidX: 0.7491
CentroidY: 0.2883
