Location: Dedata_16.png_Gaussian-Closing.png
Component: component_1755519378771_286.png
centerX: 0.26975806451612905
centerY: 0.53662011969222
width: 0.024596774193548387
height: 0.019663721858079224
Area: 0.00021465540223756423
CentroidX: 0.2805
CentroidY: 0.5455
