Location: Dedata_16.png_Mean-Closing.png
Component: component_1755519379256_64.png
centerX: 0.007661290322580645
centerY: 0.11741236819606725
width: 0.027016129032258064
height: 0.020233684810487318
Area: 0.00027107713805054283
CentroidX: 0.0199
CentroidY: 0.1271
