Location: internet_25.png_Gaussian-Median.png
Component: component_1755080850894_312.png
centerX: 0.014107214832728738
centerY: 0.6814941545480467
width: 0.045949214026602174
height: 0.02281151981750784
Area: 0.000414556388461058
CentroidX: 0.0397
CentroidY: 0.6914
