Location: Dedata_16.png_Mean-Closing.png
Component: component_1755519379361_309.png
centerX: 0.17580645161290323
centerY: 0.5873468224565404
width: 0.03225806451612903
height: 0.019948703334283273
Area: 0.00027475431838865956
CentroidX: 0.1921
CentroidY: 0.5948
