Location: Kurtxevani_1794_page_10.png_Mean-Medain.png
Component: component_1755610055054_2182.png
centerX: 0.4324956165984804
centerY: 0.6945791097399736
width: 0.013442431326709527
height: 0.007051564565888057
Area: 5.692561985174096e-05
CentroidX: 0.4390
CentroidY: 0.6979
