Location: internet_25.png_Gaussian-Closing.png
Component: component_1755080851230_92.png
centerX: 0.9161628375654978
centerY: 0.21984602224123181
width: 0.04393389762192664
height: 0.018249215854006275
Area: 0.0003436439150259394
CentroidX: 0.9397
CentroidY: 0.2271
