Location: internet_25.png_Gaussian-Median.png
Component: component_1755080850876_231.png
centerX: 0.3958081418782749
centerY: 0.4921585400627317
width: 0.03990326481257558
height: 0.024522383803820928
Area: 0.00042558977168597107
CentroidX: 0.4169
CentroidY: 0.5022
