Location: Dedata_16.png_Mean-Closing.png
Component: component_1755519379310_130.png
centerX: 0.00967741935483871
centerY: 0.24052436591621545
width: 0.02338709677419355
height: 0.0176688515246509
Area: 0.00020121071162632493
CentroidX: 0.0206
CentroidY: 0.2483
