Location: internet_25.png_Mean-Medain.png
Component: component_1755080850986_149.png
centerX: 0.7960499798468359
centerY: 0.3307670373538637
width: 0.04433696090286175
height: 0.0213857998289136
Area: 0.00037904268620586894
CentroidX: 0.8184
CentroidY: 0.3398
