Location: internet_25.png_Mean-Medain.png
Component: component_1755080851006_228.png
centerX: 0.34421604191858124
centerY: 0.49272882805816937
width: 0.04030632809351068
height: 0.02480752780153978
Area: 0.0004170848721167672
CentroidX: 0.3670
CentroidY: 0.5028
