Location: Dedata_16.png_Mean-Closing.png
Component: component_1755519379352_276.png
centerX: 0.6491935483870968
centerY: 0.5143915645483044
width: 0.025
height: 0.022513536620119692
Area: 0.00025349561955892224
CentroidX: 0.6599
CentroidY: 0.5242
