Location: internet_25.png_Mean-Closing.png
Component: component_1755080851463_221.png
centerX: 0.7956469165659008
centerY: 0.4713430282292558
width: 0.0471584038694075
height: 0.025092671799258625
Area: 0.00045857499028545087
CentroidX: 0.8206
CentroidY: 0.4818
