Location: Dedata_16.png_Mean-Medain.png
Component: component_1755519378523_338.png
centerX: 0.8483870967741935
centerY: 0.6238244514106583
width: 0.03024193548387097
height: 0.021373610715303505
Area: 0.00029704722418849225
CentroidX: 0.8635
CentroidY: 0.6324
