Location: Dedata_16.png_Mean-Medain.png
Component: component_1755519378493_204.png
centerX: 0.7645161290322581
centerY: 0.3593616414933029
width: 0.02661290322580645
height: 0.018523795953263037
Area: 0.0002497035273352393
CentroidX: 0.7777
CentroidY: 0.3669
