Location: Dedata_16.png_Mean-Closing.png
Component: component_1755519379336_216.png
centerX: 0.44314516129032255
centerY: 0.41008834425762325
width: 0.029838709677419355
height: 0.018238814477058992
Area: 0.00024074040026107982
CentroidX: 0.4571
CentroidY: 0.4179
