Location: internet_25.png_Mean-Closing.png
Component: component_1755080851427_109.png
centerX: 0.0036275695284159614
centerY: 0.2566295979469632
width: 0.03869407496977025
height: 0.023381807812945538
Area: 0.0004058216267413351
CentroidX: 0.0238
CentroidY: 0.2673
