Location: internet_25.png_Gaussian-Median.png
Component: component_1755080850883_264.png
centerX: 0.600161225312374
centerY: 0.5751354433989164
width: 0.041515517936316
height: 0.01996007984031936
Area: 0.000340195982768154
CentroidX: 0.6214
CentroidY: 0.5838
