Location: internet_25.png_Gaussian-Median.png
Component: component_1755080850883_262.png
centerX: 0.7009270455461507
centerY: 0.5677216994582264
width: 0.03667875856509472
height: 0.022241231822070145
Area: 0.0003542175739498144
CentroidX: 0.7209
CentroidY: 0.5766
