Location: internet_25.png_Gaussian-Median.png
Component: component_1755080850830_29.png
centerX: 0.41878274889157596
centerY: 0.06986027944111776
width: 0.041112454655380895
height: 0.023952095808383235
Area: 0.00039570769211849806
CentroidX: 0.4387
CentroidY: 0.0807
