Location: Dedata_16.png_Mean-Medain.png
Component: component_1755519378482_145.png
centerX: 0.5185483870967742
centerY: 0.2527785693929895
width: 0.024193548387096774
height: 0.019663721858079224
Area: 0.0002457965232259903
CentroidX: 0.5295
CentroidY: 0.2613
