Location: internet_25.png_Gaussian-Closing.png
Component: component_1755080851319_204.png
centerX: 0.7388149939540508
centerY: 0.43912175648702595
width: 0.04232164449818621
height: 0.021100655831194755
Area: 0.0003766291336254192
CentroidX: 0.7603
CentroidY: 0.4476
