Location: internet_25.png_Gaussian-Closing.png
Component: component_1755080851214_61.png
centerX: 0.3587263200322451
centerY: 0.15426290276589677
width: 0.04312777106005643
height: 0.023666951810664385
Area: 0.000430072083621092
CentroidX: 0.3822
CentroidY: 0.1635
