Location: Dedata_16.png_Gaussian-Closing.png
Component: component_1755519378751_242.png
centerX: 0.3625
centerY: 0.457110287831291
width: 0.03225806451612903
height: 0.017953833000854943
Area: 0.00023970619329098447
CentroidX: 0.3781
CentroidY: 0.4641
