Location: Dedata_16.png_Mean-Medain.png
Component: component_1755519378502_241.png
centerX: 0.8467741935483871
centerY: 0.43203191792533485
width: 0.024193548387096774
height: 0.018808777429467086
Area: 0.00021775802314785023
CentroidX: 0.8577
CentroidY: 0.4400
