Location: Dedata_16.png_Mean-Closing.png
Component: component_1755519379337_217.png
centerX: 0.40161290322580645
centerY: 0.41379310344827586
width: 0.025806451612903226
height: 0.01909375890567113
Area: 0.00023338603958484634
CentroidX: 0.4133
CentroidY: 0.4219
