Location: internet_25.png_Mean-Medain.png
Component: component_1755080850950_9.png
centerX: 0.44054816606207176
centerY: 0.02480752780153978
width: 0.042724707779121324
height: 0.025377815796977475
Area: 0.00046627537232783815
CentroidX: 0.4647
CentroidY: 0.0351
