Location: Dedata_16.png_Mean-Closing.png
Component: component_1755519379255_59.png
centerX: 0.30685483870967745
centerY: 0.11228270162439441
width: 0.027419354838709678
height: 0.01937874038187518
Area: 0.00025280614824552534
CentroidX: 0.3189
CentroidY: 0.1205
