Location: internet_25.png_Mean-Medain.png
Component: component_1755080850952_19.png
centerX: 0.009270455461507456
centerY: 0.05018534359851725
width: 0.03990326481257558
height: 0.026518391787852865
Area: 0.0004278883931911613
CentroidX: 0.0296
CentroidY: 0.0623
