Location: internet_25.png_Gaussian-Closing.png
Component: component_1755080851312_191.png
centerX: 0.5062474808544941
centerY: 0.41060735671514115
width: 0.04353083434099154
height: 0.023381807812945538
Area: 0.000404902178139259
CentroidX: 0.5315
CentroidY: 0.4199
