Location: Dedata_16.png_Gaussian-Median.png
Component: component_1755519378106_292.png
centerX: 0.8330645161290322
centerY: 0.506127101738387
width: 0.02620967741935484
height: 0.02080364776289541
Area: 0.00023407551089824324
CentroidX: 0.8448
CentroidY: 0.5138
