Location: Dedata_16.png_Gaussian-Median.png
Component: component_1755519378085_194.png
centerX: 0.5717741935483871
centerY: 0.3274437161584497
width: 0.02903225806451613
height: 0.016813907096038756
Area: 0.0002202860846303055
CentroidX: 0.5852
CentroidY: 0.3342
