Location: Dedata_16.png_Mean-Closing.png
Component: component_1755519379326_183.png
centerX: 0.9254032258064516
centerY: 0.34625249358791677
width: 0.03024193548387097
height: 0.02108862923909946
Area: 0.00029348495573594167
CentroidX: 0.9415
CentroidY: 0.3548
