Location: internet_25.png_Mean-Medain.png
Component: component_1755080850953_20.png
centerX: 0.06650544135429262
centerY: 0.05503279155973767
width: 0.03909713825070536
height: 0.02737382378100941
Area: 0.00043145125652420613
CentroidX: 0.0836
CentroidY: 0.0692
