Location: internet_25.png_Mean-Closing.png
Component: component_1755080851477_253.png
centerX: 0.9076985086658605
centerY: 0.5571713715426291
width: 0.046352277307537285
height: 0.022526375819788995
Area: 0.00044271450189963825
CentroidX: 0.9318
CentroidY: 0.5663
