Location: Dedata_16.png_Gaussian-Closing.png
Component: component_1755519378736_197.png
centerX: 0.4786290322580645
centerY: 0.3730407523510972
width: 0.0407258064516129
height: 0.016243944143630663
Area: 0.00026464207245883856
CentroidX: 0.5004
CentroidY: 0.3787
