Location: Dedata_16.png_Gaussian-Median.png
Component: component_1755519378092_230.png
centerX: 0.007661290322580645
centerY: 0.3941293815901966
width: 0.038306451612903226
height: 0.016243944143630663
Area: 0.00024464740437032885
CentroidX: 0.0293
CentroidY: 0.4004
