Location: internet_25.png_Gaussian-Closing.png
Component: component_1755080851216_67.png
centerX: 0.656590084643289
centerY: 0.15654405474764757
width: 0.04393389762192664
height: 0.023381807812945538
Area: 0.0004435190194264549
CentroidX: 0.6809
CentroidY: 0.1653
