Location: internet_25.png_Gaussian-Median.png
Component: component_1755080850827_17.png
centerX: 0.731962918178154
centerY: 0.029369831765041345
width: 0.039500201531640466
height: 0.026518391787852865
Area: 0.00044259957082437877
CentroidX: 0.7521
CentroidY: 0.0401
