Location: Dedata_16.png_Gaussian-Median.png
Component: component_1755519378084_191.png
centerX: 0.7258064516129032
centerY: 0.3194642348247364
width: 0.03790322580645161
height: 0.020518666286691366
Area: 0.00027107713805054283
CentroidX: 0.7457
CentroidY: 0.3272
