Location: Dedata_16.png_Gaussian-Median.png
Component: component_1755519378141_439.png
centerX: 0.44637096774193546
centerY: 0.8116272442291251
width: 0.03185483870967742
height: 0.019663721858079224
Area: 0.0002330413039281479
CentroidX: 0.4613
CentroidY: 0.8197
