Location: Dedata_16.png_Gaussian-Median.png
Component: component_1755519378144_455.png
centerX: 0.031048387096774193
centerY: 0.8378455400398974
width: 0.02903225806451613
height: 0.019663721858079224
Area: 0.00023924654574871988
CentroidX: 0.0444
CentroidY: 0.8470
