Location: internet_25.png_Gaussian-Median.png
Component: component_1755080850863_171.png
centerX: 0.8589278516727126
centerY: 0.365839749073282
width: 0.04393389762192664
height: 0.023952095808383235
Area: 0.0004489207799636519
CentroidX: 0.8828
CentroidY: 0.3757
