Location: internet_25.png_Gaussian-Median.png
Component: component_1755080850831_30.png
centerX: 0.5364772269246272
centerY: 0.06986027944111776
width: 0.035872632003224506
height: 0.030795551753635585
Area: 0.00043639329276036514
CentroidX: 0.5569
CentroidY: 0.0829
