Location: internet_25.png_Gaussian-Closing.png
Component: component_1755080851347_287.png
centerX: 0.00886739218057235
centerY: 0.6384374108925007
width: 0.03667875856509472
height: 0.024522383803820928
Area: 0.00038042185910898305
CentroidX: 0.0291
CentroidY: 0.6488
