Location: Dedata_16.png_Gaussian-Median.png
Component: component_1755519378072_132.png
centerX: 0.4600806451612903
centerY: 0.21658592191507553
width: 0.02903225806451613
height: 0.018808777429467086
Area: 0.00022430800062512066
CentroidX: 0.4733
CentroidY: 0.2237
