Location: internet_25.png_Gaussian-Median.png
Component: component_1755080850851_115.png
centerX: 0.8960096735187424
centerY: 0.25805531793555747
width: 0.0475614671503426
height: 0.025092671799258625
Area: 0.00045328816082351335
CentroidX: 0.9218
CentroidY: 0.2679
