Location: Dedata_16.png_Gaussian-Closing.png
Component: component_1755519378758_261.png
centerX: 0.43024193548387096
centerY: 0.4895981761185523
width: 0.02903225806451613
height: 0.020233684810487318
Area: 0.00024660090642495336
CentroidX: 0.4444
CentroidY: 0.4984
