Location: Dedata_16.png_Mean-Medain.png
Component: component_1755519378509_278.png
centerX: 0.25201612903225806
centerY: 0.5012824166429182
width: 0.02379032258064516
height: 0.02108862923909946
Area: 0.0002559087691558113
CentroidX: 0.2632
CentroidY: 0.5103
