Location: internet_25.png_Mean-Medain.png
Component: component_1755080850996_185.png
centerX: 0.8512696493349455
centerY: 0.40461933276304535
width: 0.03909713825070536
height: 0.023666951810664385
Area: 0.0003766291336254192
CentroidX: 0.8711
CentroidY: 0.4135
