Location: Dedata_16.png_Mean-Medain.png
Component: component_1755519378506_262.png
centerX: 0.0721774193548387
centerY: 0.4699344542604731
width: 0.03508064516129032
height: 0.019948703334283273
Area: 0.0003098024434863347
CentroidX: 0.0911
CentroidY: 0.4776
