Location: internet_25.png_Gaussian-Closing.png
Component: component_1755080851184_2.png
centerX: 0.014107214832728738
centerY: 0.010550327915597377
width: 0.032648125755743655
height: 0.023381807812945538
Area: 0.0003272087712638292
CentroidX: 0.0306
CentroidY: 0.0217
