Location: Dedata_16.png_Mean-Medain.png
Component: component_1755519378539_393.png
centerX: 0.8629032258064516
centerY: 0.7446565973211742
width: 0.02620967741935484
height: 0.019663721858079224
Area: 0.00023499480598277242
CentroidX: 0.8762
CentroidY: 0.7527
