Location: internet_25.png_Mean-Closing.png
Component: component_1755080851427_111.png
centerX: 0.2184602982668279
centerY: 0.25777017393783863
width: 0.0354695687222894
height: 0.02480752780153978
Area: 0.00042558977168597107
CentroidX: 0.2383
CentroidY: 0.2680
