Location: internet_25.png_Mean-Closing.png
Component: component_1755080851410_39.png
centerX: 0.17613865376864168
centerY: 0.10179640718562874
width: 0.03869407496977025
height: 0.029369831765041345
Area: 0.0004650111304999835
CentroidX: 0.1977
CentroidY: 0.1145
