Location: internet_25.png_Mean-Closing.png
Component: component_1755080851427_108.png
centerX: 0.47480854494155583
centerY: 0.22583404619332764
width: 0.045949214026602174
height: 0.025377815796977475
Area: 0.00046328716437109085
CentroidX: 0.4973
CentroidY: 0.2366
