Location: internet_25.png_Mean-Closing.png
Component: component_1755080851404_12.png
centerX: 0.5590487706569931
centerY: 0.02623324779013402
width: 0.042724707779121324
height: 0.028514399771884802
Area: 0.0004811014810363151
CentroidX: 0.5794
CentroidY: 0.0394
