Location: Dedata_16.png_Gaussian-Median.png
Component: component_1755519378046_4.png
centerX: 0.9838709677419355
centerY: 0.0005699629524080935
width: 0.016129032258064516
height: 0.009119407238529496
Area: 2.493587916785409e-05
CentroidX: 0.9887
CentroidY: 0.0024
