Location: internet_25.png_Gaussian-Median.png
Component: component_1755080850876_229.png
centerX: 0.5034260378879484
centerY: 0.4844596521243228
width: 0.0471584038694075
height: 0.02480752780153978
Area: 0.00043765753458821976
CentroidX: 0.5289
CentroidY: 0.4948
