Location: internet_25.png_Gaussian-Closing.png
Component: component_1755080851276_157.png
centerX: 0.2619911326078194
centerY: 0.3373253493013972
width: 0.045949214026602174
height: 0.023952095808383235
Area: 0.00041639528566521014
CentroidX: 0.2852
CentroidY: 0.3470
