Location: Dedata_16.png_Mean-Closing.png
Component: component_1755519379310_129.png
centerX: 0.8137096774193548
centerY: 0.23852949558278713
width: 0.0407258064516129
height: 0.018808777429467086
Area: 0.00026464207245883856
CentroidX: 0.8345
CentroidY: 0.2446
