Location: Dedata_16.png_Mean-Medain.png
Component: component_1755519378487_171.png
centerX: 0.4120967741935484
centerY: 0.29438586491878027
width: 0.027822580645161292
height: 0.015388999715018524
Area: 0.00021775802314785023
CentroidX: 0.4250
CentroidY: 0.3010
