Location: Dedata_16.png_Gaussian-Median.png
Component: component_1755519378060_67.png
centerX: 0.589516129032258
centerY: 0.10914790538614991
width: 0.024596774193548387
height: 0.018238814477058992
Area: 0.00022614659079417903
CentroidX: 0.6008
CentroidY: 0.1170
