Location: internet_25.png_Mean-Closing.png
Component: component_1755080851449_193.png
centerX: 0.4586860137041516
centerY: 0.41402908468776733
width: 0.03788794840790004
height: 0.020245223838038208
Area: 0.0003591596101859734
CentroidX: 0.4797
CentroidY: 0.4220
