Location: Dedata_16.png_Gaussian-Closing.png
Component: component_1755519378777_306.png
centerX: 0.8798387096774194
centerY: 0.5833570817896837
width: 0.02661290322580645
height: 0.02108862923909946
Area: 0.00024487722814146113
CentroidX: 0.8924
CentroidY: 0.5912
