Location: Dedata_16.png_Gaussian-Median.png
Component: component_1755519378126_380.png
centerX: 0.4520161290322581
centerY: 0.6882302650327728
width: 0.02620967741935484
height: 0.020518666286691366
Area: 0.0002454517875692919
CentroidX: 0.4649
CentroidY: 0.6969
