Location: Dedata_16.png_Gaussian-Closing.png
Component: component_1755519378718_172.png
centerX: 0.7806451612903226
centerY: 0.31689940153889995
width: 0.031451612903225803
height: 0.0176688515246509
Area: 0.00023407551089824324
CentroidX: 0.7973
CentroidY: 0.3237
