Location: Dedata_16.png_Gaussian-Median.png
Component: component_1755519378095_248.png
centerX: 0.07298387096774193
centerY: 0.4280421772584782
width: 0.031048387096774193
height: 0.01909375890567113
Area: 0.0002696981954237491
CentroidX: 0.0887
CentroidY: 0.4360
