Location: Dedata_16.png_Mean-Medain.png
Component: component_1755519378512_291.png
centerX: 0.5516129032258065
centerY: 0.5195212311199772
width: 0.02903225806451613
height: 0.02080364776289541
Area: 0.00026165436343411874
CentroidX: 0.5654
CentroidY: 0.5285
