Location: internet_25.png_Mean-Closing.png
Component: component_1755080851416_65.png
centerX: 0.822652156388553
centerY: 0.15597376675220986
width: 0.04796453043127771
height: 0.021956087824351298
Area: 0.000434554395556213
CentroidX: 0.8495
CentroidY: 0.1647
