Location: internet_25.png_Mean-Closing.png
Component: component_1755080851455_204.png
centerX: 0.7388149939540508
centerY: 0.43912175648702595
width: 0.04232164449818621
height: 0.020815511833475905
Area: 0.0003828354116894328
CentroidX: 0.7603
CentroidY: 0.4475
