Location: internet_25.png_Gaussian-Median.png
Component: component_1755080850829_26.png
centerX: 0.30552196694881095
centerY: 0.06330196749358426
width: 0.037081821846029824
height: 0.029654975762760195
Area: 0.00042972729039531346
CentroidX: 0.3254
CentroidY: 0.0772
