Location: internet_25.png_Mean-Medain.png
Component: component_1755080850971_92.png
centerX: 0.8649738008867393
centerY: 0.21984602224123181
width: 0.04191858121725111
height: 0.022526375819788995
Area: 0.0003929493463122698
CentroidX: 0.8867
CentroidY: 0.2289
