Location: Dedata_16.png_Gaussian-Closing.png
Component: component_1755519378750_239.png
centerX: 0.4991935483870968
centerY: 0.44970076944998577
width: 0.031451612903225803
height: 0.0176688515246509
Area: 0.0002477500252806148
CentroidX: 0.5166
CentroidY: 0.4563
