Location: internet_25.png_Mean-Closing.png
Component: component_1755080851418_70.png
centerX: 0.8831116485288191
centerY: 0.15711434274308525
width: 0.03909713825070536
height: 0.020815511833475905
Area: 0.00039042086265656054
CentroidX: 0.9047
CentroidY: 0.1653
