Location: Dedata_16.png_Mean-Medain.png
Component: component_1755519378504_251.png
centerX: 0.4520161290322581
centerY: 0.44970076944998577
width: 0.03387096774193549
height: 0.01909375890567113
Area: 0.0002837174454628191
CentroidX: 0.4704
CentroidY: 0.4577
