Location: Dedata_16.png_Gaussian-Closing.png
Component: component_1755519378675_86.png
centerX: 0.007661290322580645
centerY: 0.15987460815047022
width: 0.02620967741935484
height: 0.019663721858079224
Area: 0.0002332711276992802
CentroidX: 0.0205
CentroidY: 0.1690
