Location: Dedata_16.png_Mean-Medain.png
Component: component_1755519378522_331.png
centerX: 0.4383064516129032
centerY: 0.6101453405528641
width: 0.03024193548387097
height: 0.018808777429467086
Area: 0.00026602101508563236
CentroidX: 0.4529
CentroidY: 0.6178
