Location: internet_25.png_Gaussian-Closing.png
Component: component_1755080851342_262.png
centerX: 0.4433696090286175
centerY: 0.5808383233532934
width: 0.04312777106005643
height: 0.023952095808383235
Area: 0.0004022587634082902
CentroidX: 0.4660
CentroidY: 0.5899
