Location: Dedata_16.png_Mean-Closing.png
Component: component_1755519379258_69.png
centerX: 0.7681451612903226
centerY: 0.1396409233399829
width: 0.027419354838709678
height: 0.020233684810487318
Area: 0.0002359141010673016
CentroidX: 0.7817
CentroidY: 0.1479
