Location: internet_25.png_Mean-Medain.png
Component: component_1755080851016_270.png
centerX: 0.0592503022974607
centerY: 0.5922440832620474
width: 0.039500201531640466
height: 0.023381807812945538
Area: 0.00037134230416348166
CentroidX: 0.0815
CentroidY: 0.6019
