Location: internet_25.png_Mean-Medain.png
Component: component_1755080850999_196.png
centerX: 0.17130189439742038
centerY: 0.4188765326489877
width: 0.044740024183796856
height: 0.023096663815226688
Area: 0.00041547583706313403
CentroidX: 0.1957
CentroidY: 0.4287
