Location: Dedata_16.png_Gaussian-Median.png
Component: component_1755519378059_63.png
centerX: 0.40241935483870966
centerY: 0.10743801652892562
width: 0.025
height: 0.018523795953263037
Area: 0.00023775269123635996
CentroidX: 0.4142
CentroidY: 0.1155
