Location: Dedata_16.png_Mean-Medain.png
Component: component_1755519378549_423.png
centerX: 0.6504032258064516
centerY: 0.8007979481333714
width: 0.029838709677419355
height: 0.01909375890567113
Area: 0.0002578622712104358
CentroidX: 0.6646
CentroidY: 0.8084
