Location: internet_25.png_Mean-Medain.png
Component: component_1755080851020_288.png
centerX: 0.008464328899637243
centerY: 0.6381522668947819
width: 0.037081821846029824
height: 0.02480752780153978
Area: 0.0003985809689999859
CentroidX: 0.0290
CentroidY: 0.6487
