Location: Dedata_16.png_Mean-Closing.png
Component: component_1755519379402_412.png
centerX: 0.5008064516129033
centerY: 0.8090624109432887
width: 0.03185483870967742
height: 0.018238814477058992
Area: 0.0002578622712104358
CentroidX: 0.5168
CentroidY: 0.8168
