Location: Dedata_16.png_Mean-Medain.png
Component: component_1755519378528_362.png
centerX: 0.7125
centerY: 0.6725562838415503
width: 0.027419354838709678
height: 0.02080364776289541
Area: 0.0002628034822897802
CentroidX: 0.7250
CentroidY: 0.6808
