Location: Dedata_16.png_Mean-Closing.png
Component: component_1755519379266_89.png
centerX: 0.867741935483871
centerY: 0.16785408948418354
width: 0.02661290322580645
height: 0.01909375890567113
Area: 0.00021178260509841055
CentroidX: 0.8795
CentroidY: 0.1759
