Location: Dedata_16.png_Mean-Closing.png
Component: component_1755519379256_63.png
centerX: 0.10443548387096774
centerY: 0.11712738671986321
width: 0.02620967741935484
height: 0.018808777429467086
Area: 0.0002537254433300545
CentroidX: 0.1169
CentroidY: 0.1250
