Location: internet_25.png_Mean-Closing.png
Component: component_1755080851437_148.png
centerX: 0.8960096735187424
centerY: 0.33048189335614486
width: 0.04232164449818621
height: 0.020815511833475905
Area: 0.00038938648297922495
CentroidX: 0.9185
CentroidY: 0.3388
