Location: Dedata_16.png_Gaussian-Median.png
Component: component_1755519378080_172.png
centerX: 0.5641129032258064
centerY: 0.2901111427757196
width: 0.035483870967741936
height: 0.017098888572242805
Area: 0.0002532657957877899
CentroidX: 0.5832
CentroidY: 0.2972
