Location: internet_25.png_Mean-Medain.png
Component: component_1755080851026_307.png
centerX: 0.014107214832728738
centerY: 0.6814941545480467
width: 0.045949214026602174
height: 0.02281151981750784
Area: 0.00043168111867472516
CentroidX: 0.0396
CentroidY: 0.6914
