Location: internet_25.png_Gaussian-Closing.png
Component: component_1755080851210_41.png
centerX: 0.29826682789197906
centerY: 0.10635871114913031
width: 0.042724707779121324
height: 0.028514399771884802
Area: 0.00044168012222230266
CentroidX: 0.3198
CentroidY: 0.1190
