Location: Dedata_16.png_Mean-Closing.png
Component: component_1755519379350_268.png
centerX: 0.1620967741935484
centerY: 0.505842120262183
width: 0.024193548387096774
height: 0.02080364776289541
Area: 0.00025740262366817125
CentroidX: 0.1726
CentroidY: 0.5153
