Location: Dedata_16.png_Mean-Medain.png
Component: component_1755519378329_22.png
centerX: 0.7266129032258064
centerY: 0.027643203191792535
width: 0.031451612903225803
height: 0.016813907096038756
Area: 0.00027440958273196114
CentroidX: 0.7426
CentroidY: 0.0343
