Location: Dedata_16.png_Gaussian-Closing.png
Component: component_1755519378792_342.png
centerX: 0.2911290322580645
centerY: 0.6571672841265318
width: 0.03024193548387097
height: 0.018523795953263037
Area: 0.0002483245847084456
CentroidX: 0.3055
CentroidY: 0.6647
