Location: internet_25.png_Gaussian-Median.png
Component: component_1755080850843_74.png
centerX: 0.5417170495767836
centerY: 0.1579697747362418
width: 0.042724707779121324
height: 0.023381807812945538
Area: 0.0004182341828693623
CentroidX: 0.5641
CentroidY: 0.1672
