Location: Dedata_16.png_Gaussian-Median.png
Component: component_1755519378063_82.png
centerX: 0.7245967741935484
centerY: 0.1433456825306355
width: 0.02379032258064516
height: 0.018523795953263037
Area: 0.00020086597596962648
CentroidX: 0.7352
CentroidY: 0.1520
