Location: internet_25.png_Mean-Closing.png
Component: component_1755080851482_270.png
centerX: 0.009270455461507456
centerY: 0.592814371257485
width: 0.037484885126964934
height: 0.021956087824351298
Area: 0.00035444743610033345
CentroidX: 0.0302
CentroidY: 0.6017
