Location: Dedata_16.png_Mean-Closing.png
Component: component_1755519379342_240.png
centerX: 0.3625
centerY: 0.45682530635508695
width: 0.03225806451612903
height: 0.018238814477058992
Area: 0.00025475965030014985
CentroidX: 0.3780
CentroidY: 0.4640
