Location: internet_25.png_Mean-Medain.png
Component: component_1755080850956_29.png
centerX: 0.6461104393389763
centerY: 0.0718562874251497
width: 0.03385731559854897
height: 0.02879954376960365
Area: 0.0004435190194264549
CentroidX: 0.6640
CentroidY: 0.0852
