Location: Dedata_16.png_Gaussian-Median.png
Component: component_1755519378071_124.png
centerX: 0.007661290322580645
centerY: 0.20262182958107722
width: 0.028629032258064516
height: 0.017953833000854943
Area: 0.00020764577721802923
CentroidX: 0.0216
CentroidY: 0.2097
