Location: Dedata_16.png_Gaussian-Median.png
Component: component_1755519378091_225.png
centerX: 0.9274193548387096
centerY: 0.38728982616129953
width: 0.03346774193548387
height: 0.01937874038187518
Area: 0.00024280881420127046
CentroidX: 0.9449
CentroidY: 0.3945
