Location: Dedata_16.png_Gaussian-Closing.png
Component: component_1755519378685_116.png
centerX: 0.6161290322580645
centerY: 0.21174123681960672
width: 0.027822580645161292
height: 0.017953833000854943
Area: 0.00023189218507248642
CentroidX: 0.6292
CentroidY: 0.2196
