Location: internet_25.png_Gaussian-Median.png
Component: component_1755080850888_284.png
centerX: 0.5566303909713826
centerY: 0.6207584830339321
width: 0.046352277307537285
height: 0.021956087824351298
Area: 0.0003682391651314748
CentroidX: 0.5799
CentroidY: 0.6294
