Location: internet_25.png_Mean-Medain.png
Component: component_1755080850968_76.png
centerX: 0.22813381700927046
centerY: 0.18505845451953237
width: 0.04393389762192664
height: 0.023096663815226688
Area: 0.00039731672717213125
CentroidX: 0.2512
CentroidY: 0.1937
