Location: Dedata_16.png_Gaussian-Median.png
Component: component_1755519378051_27.png
centerX: 0.11653225806451613
centerY: 0.029353092049016812
width: 0.02620967741935484
height: 0.02080364776289541
Area: 0.0002834876216916868
CentroidX: 0.1290
CentroidY: 0.0377
