Location: Dedata_16.png_Mean-Medain.png
Component: component_1755519378517_305.png
centerX: 0.06411290322580646
centerY: 0.5474494157879738
width: 0.032661290322580645
height: 0.020518666286691366
Area: 0.0003437014497283483
CentroidX: 0.0796
CentroidY: 0.5556
