Location: Dedata_16.png_Mean-Medain.png
Component: component_1755519378524_345.png
centerX: 0.7056451612903226
centerY: 0.6349387289826162
width: 0.028629032258064516
height: 0.017953833000854943
Area: 0.00025338070767335605
CentroidX: 0.7197
CentroidY: 0.6420
