Location: Dedata_16.png_Mean-Medain.png
Component: component_1755519378523_336.png
centerX: 0.23346774193548386
centerY: 0.6226845255058421
width: 0.03064516129032258
height: 0.020518666286691366
Area: 0.000278201674955644
CentroidX: 0.2478
CentroidY: 0.6312
