Location: Dedata_16.png_Gaussian-Median.png
Component: component_1755519378123_365.png
centerX: 0.2911290322580645
centerY: 0.6571672841265318
width: 0.03024193548387097
height: 0.018523795953263037
Area: 0.00025315088390222377
CentroidX: 0.3054
CentroidY: 0.6646
