Location: Dedata_16.png_Gaussian-Closing.png
Component: component_1755519378637_17.png
centerX: 0.06653225806451613
centerY: 0.027643203191792535
width: 0.024596774193548387
height: 0.019663721858079224
Area: 0.0002640675130310078
CentroidX: 0.0790
CentroidY: 0.0361
