Location: internet_25.png_Mean-Medain.png
Component: component_1755080851021_292.png
centerX: 0.8367593712212817
centerY: 0.6475620188195038
width: 0.04393389762192664
height: 0.022241231822070145
Area: 0.0004039827295371829
CentroidX: 0.8597
CentroidY: 0.6561
