Location: Dedata_16.png_Mean-Medain.png
Component: component_1755519378531_371.png
centerX: 0.2915322580645161
centerY: 0.700769449985751
width: 0.02661290322580645
height: 0.02108862923909946
Area: 0.00025694297612590663
CentroidX: 0.3035
CentroidY: 0.7104
