Location: Dedata_16.png_Gaussian-Closing.png
Component: component_1755519378650_25.png
centerX: 0.9379032258064516
centerY: 0.062125961812482186
width: 0.03024193548387097
height: 0.020233684810487318
Area: 0.0002733753757618658
CentroidX: 0.9538
CentroidY: 0.0713
