Location: internet_25.png_Mean-Closing.png
Component: component_1755080851415_63.png
centerX: 0.41878274889157596
centerY: 0.15597376675220986
width: 0.045949214026602174
height: 0.02281151981750784
Area: 0.0004228314258797428
CentroidX: 0.4424
CentroidY: 0.1653
