Location: internet_25.png_Mean-Medain.png
Component: component_1755080851015_262.png
centerX: 0.5002015316404675
centerY: 0.5785571713715426
width: 0.04070939137444579
height: 0.023381807812945538
Area: 0.00038329513599047086
CentroidX: 0.5214
CentroidY: 0.5876
