Location: internet_25.png_Mean-Medain.png
Component: component_1755080850978_115.png
centerX: 0.8553002821442967
centerY: 0.25976618192187056
width: 0.03345425231761386
height: 0.02737382378100941
Area: 0.00043260056727680127
CentroidX: 0.8722
CentroidY: 0.2710
