Location: Dedata_16.png_Mean-Medain.png
Component: component_1755519378541_403.png
centerX: 0.635483870967742
centerY: 0.7603305785123967
width: 0.028629032258064516
height: 0.017953833000854943
Area: 0.00023763777935079382
CentroidX: 0.6497
CentroidY: 0.7678
