Location: Dedata_16.png_Gaussian-Median.png
Component: component_1755519378118_343.png
centerX: 0.38266129032258067
centerY: 0.6138500997435167
width: 0.03306451612903226
height: 0.018523795953263037
Area: 0.0002615394515485526
CentroidX: 0.3989
CentroidY: 0.6208
