Location: Dedata_16.png_Gaussian-Median.png
Component: component_1755519378138_425.png
centerX: 0.8758064516129033
centerY: 0.7845540039897406
width: 0.03024193548387097
height: 0.01937874038187518
Area: 0.00023763777935079382
CentroidX: 0.8916
CentroidY: 0.7928
