Location: Dedata_16.png_Gaussian-Median.png
Component: component_1755519378121_358.png
centerX: 0.5991935483870968
centerY: 0.6417782844115133
width: 0.02903225806451613
height: 0.018523795953263037
Area: 0.000242464078544572
CentroidX: 0.6138
CentroidY: 0.6493
