Location: internet_25.png_Mean-Closing.png
Component: component_1755080851466_224.png
centerX: 0.562273276904474
centerY: 0.4793270601653835
width: 0.049576783555018135
height: 0.023666951810664385
Area: 0.0004378873967387388
CentroidX: 0.5895
CentroidY: 0.4889
