Location: internet_25.png_Gaussian-Closing.png
Component: component_1755080851230_94.png
centerX: 0.8121725110842403
centerY: 0.22212717422298262
width: 0.042724707779121324
height: 0.023096663815226688
Area: 0.00041903870039617893
CentroidX: 0.8347
CentroidY: 0.2319
