Location: Dedata_16.png_Gaussian-Closing.png
Component: component_1755519378744_228.png
centerX: 0.01653225806451613
centerY: 0.43032202906811057
width: 0.027822580645161292
height: 0.016813907096038756
Area: 0.00024188951911674128
CentroidX: 0.0317
CentroidY: 0.4371
