Location: Dedata_16.png_Mean-Closing.png
Component: component_1755519379353_281.png
centerX: 0.40766129032258064
centerY: 0.5266457680250783
width: 0.02903225806451613
height: 0.01909375890567113
Area: 0.0002555640334991129
CentroidX: 0.4222
CentroidY: 0.5346
