Location: Dedata_16.png_Mean-Medain.png
Component: component_1755519378327_20.png
centerX: 0.06653225806451613
centerY: 0.027643203191792535
width: 0.024596774193548387
height: 0.019663721858079224
Area: 0.00028164903152262845
CentroidX: 0.0789
CentroidY: 0.0360
