Location: internet_25.png_Mean-Medain.png
Component: component_1755080850961_43.png
centerX: 0.41152760983474407
centerY: 0.11206159110350727
width: 0.045949214026602174
height: 0.02623324779013402
Area: 0.00048420462006832195
CentroidX: 0.4358
CentroidY: 0.1230
