Location: Dedata_16.png_Gaussian-Closing.png
Component: component_1755519378840_399.png
centerX: 0.9717741935483871
centerY: 0.7777144485608436
width: 0.027016129032258064
height: 0.018808777429467086
Area: 0.00021327645961077046
CentroidX: 0.9860
CentroidY: 0.7858
