Location: internet_25.png_Gaussian-Closing.png
Component: component_1755080851328_211.png
centerX: 0.1837968561064087
centerY: 0.4548046763615626
width: 0.04433696090286175
height: 0.0213857998289136
Area: 0.00036341205997057535
CentroidX: 0.2067
CentroidY: 0.4639
