Location: Dedata_16.png_Gaussian-Closing.png
Component: component_1755519378705_157.png
centerX: 0.5193548387096775
centerY: 0.2921060131091479
width: 0.028629032258064516
height: 0.01481903676261043
Area: 0.00019270723209443
CentroidX: 0.5328
CentroidY: 0.2978
