Location: internet_25.png_Gaussian-Median.png
Component: component_1755080850843_76.png
centerX: 0.06287787182587666
centerY: 0.18420302252637583
width: 0.04030632809351068
height: 0.027088679783290562
Area: 0.00046133333609167914
CentroidX: 0.0847
CentroidY: 0.1958
