Location: internet_25.png_Gaussian-Closing.png
Component: component_1755080851232_98.png
centerX: 0.2760983474405482
centerY: 0.223267750213858
width: 0.03909713825070536
height: 0.022526375819788995
Area: 0.00041329214663320335
CentroidX: 0.2974
CentroidY: 0.2323
