Location: Dedata_16.png_Mean-Medain.png
Component: component_1755519378521_327.png
centerX: 0.6600806451612903
centerY: 0.5984611000284982
width: 0.03064516129032258
height: 0.020233684810487318
Area: 0.0002647569843444047
CentroidX: 0.6746
CentroidY: 0.6064
