Location: internet_25.png_Gaussian-Closing.png
Component: component_1755080851343_265.png
centerX: 0.28012898024989924
centerY: 0.585400627316795
width: 0.041112454655380895
height: 0.022241231822070145
Area: 0.00034881581341261736
CentroidX: 0.3016
CentroidY: 0.5938
