Location: Dedata_16.png_Mean-Medain.png
Component: component_1755519378475_124.png
centerX: 0.5629032258064516
centerY: 0.21231119977201482
width: 0.028629032258064516
height: 0.01909375890567113
Area: 0.00023936145763428602
CentroidX: 0.5759
CentroidY: 0.2201
