Location: Dedata_16.png_Mean-Closing.png
Component: component_1755519379394_383.png
centerX: 0.12782258064516128
centerY: 0.7523510971786834
width: 0.03024193548387097
height: 0.020233684810487318
Area: 0.0002873946258009358
CentroidX: 0.1427
CentroidY: 0.7608
