Location: Dedata_16.png_Gaussian-Closing.png
Component: component_1755519378756_250.png
centerX: 0.013709677419354839
centerY: 0.47050441721288117
width: 0.036290322580645164
height: 0.01937874038187518
Area: 0.0002640675130310078
CentroidX: 0.0346
CentroidY: 0.4780
