Location: Dedata_16.png_Mean-Medain.png
Component: component_1755519378492_199.png
centerX: 0.842741935483871
centerY: 0.3519521231119977
width: 0.03185483870967742
height: 0.01937874038187518
Area: 0.0002764779966721518
CentroidX: 0.8611
CentroidY: 0.3599
