Location: internet_25.png_Mean-Closing.png
Component: component_1755080851432_130.png
centerX: 0.7952438532849657
centerY: 0.2971200456230396
width: 0.041112454655380895
height: 0.023666951810664385
Area: 0.0004265092202880472
CentroidX: 0.8179
CentroidY: 0.3066
