Location: internet_25.png_Mean-Closing.png
Component: component_1755080851486_289.png
centerX: 0.8859330914953648
centerY: 0.6467065868263473
width: 0.03909713825070536
height: 0.023096663815226688
Area: 0.000375020098571786
CentroidX: 0.9062
CentroidY: 0.6555
