Location: internet_25.png_Mean-Medain.png
Component: component_1755080850965_65.png
centerX: 0.8222490931076178
centerY: 0.15597376675220986
width: 0.04836759371221282
height: 0.021956087824351298
Area: 0.00043558877523354857
CentroidX: 0.8495
CentroidY: 0.1647
