Location: internet_25.png_Mean-Closing.png
Component: component_1755080851438_153.png
centerX: 0.6852075775896815
centerY: 0.3350441973196464
width: 0.04514308746473196
height: 0.0213857998289136
Area: 0.0004138668020095009
CentroidX: 0.7077
CentroidY: 0.3438
