Location: Dedata_16.png_Gaussian-Closing.png
Component: component_1755519378784_322.png
centerX: 0.28225806451612906
centerY: 0.6201196922200057
width: 0.02903225806451613
height: 0.020233684810487318
Area: 0.00023384568712711093
CentroidX: 0.2964
CentroidY: 0.6283
