Location: Dedata_16.png_Mean-Medain.png
Component: component_1755519378409_58.png
centerX: 0.44879032258064516
centerY: 0.10715303505272157
width: 0.025403225806451612
height: 0.019948703334283273
Area: 0.0002429237260868366
CentroidX: 0.4603
CentroidY: 0.1167
