Location: Dedata_16.png_Mean-Medain.png
Component: component_1755519378504_252.png
centerX: 0.41088709677419355
centerY: 0.45226560273582217
width: 0.03387096774193549
height: 0.01909375890567113
Area: 0.00027314555199073353
CentroidX: 0.4285
CentroidY: 0.4599
