Location: Dedata_16.png_Mean-Medain.png
Component: component_1755519378517_306.png
centerX: 0.7491935483870967
centerY: 0.548874323168994
width: 0.03185483870967742
height: 0.018523795953263037
Area: 0.00025016317487750394
CentroidX: 0.7657
CentroidY: 0.5555
