Location: internet_25.png_Gaussian-Closing.png
Component: component_1755080851274_150.png
centerX: 0.8476420798065296
centerY: 0.33105218135158254
width: 0.03990326481257558
height: 0.020815511833475905
Area: 0.00037352599459341233
CentroidX: 0.8700
CentroidY: 0.3393
