Location: Dedata_16.png_Gaussian-Median.png
Component: component_1755519378130_392.png
centerX: 0.7665322580645161
centerY: 0.7104588201766885
width: 0.03306451612903226
height: 0.0219435736677116
Area: 0.0002854411237463113
CentroidX: 0.7845
CentroidY: 0.7191
