Location: Dedata_16.png_Gaussian-Closing.png
Component: component_1755519378657_35.png
centerX: 0.6653225806451613
centerY: 0.06868053576517526
width: 0.027822580645161292
height: 0.021373610715303505
Area: 0.00026360786548874324
CentroidX: 0.6797
CentroidY: 0.0787
