Location: internet_25.png_Gaussian-Closing.png
Component: component_1755080851339_250.png
centerX: 0.22652156388553002
centerY: 0.5503279155973767
width: 0.042724707779121324
height: 0.0213857998289136
Area: 0.00035755057513234023
CentroidX: 0.2486
CentroidY: 0.5582
