Location: internet_25.png_Gaussian-Closing.png
Component: component_1755080851328_212.png
centerX: 0.28819024586860137
centerY: 0.4553749643570003
width: 0.039500201531640466
height: 0.023666951810664385
Area: 0.00038731772362455376
CentroidX: 0.3093
CentroidY: 0.4655
