Location: internet_25.png_Gaussian-Closing.png
Component: component_1755080851233_104.png
centerX: 0.58484482063684
centerY: 0.2244083262047334
width: 0.042724707779121324
height: 0.023096663815226688
Area: 0.0004080053171712658
CentroidX: 0.6085
CentroidY: 0.2336
