Location: Dedata_16.png_Mean-Medain.png
Component: component_1755519378555_453.png
centerX: 0.2806451612903226
centerY: 0.859789113707609
width: 0.03225806451612903
height: 0.01937874038187518
Area: 0.00025602368104137745
CentroidX: 0.2958
CentroidY: 0.8675
