Location: internet_25.png_Mean-Medain.png
Component: component_1755080851021_289.png
centerX: 0.053607416364369206
centerY: 0.6384374108925007
width: 0.04312777106005643
height: 0.023096663815226688
Area: 0.00040926955899912046
CentroidX: 0.0776
CentroidY: 0.6477
