Location: internet_25.png_Gaussian-Closing.png
Component: component_1755080851340_254.png
centerX: 0.8532849657396211
centerY: 0.5577416595380668
width: 0.04393389762192664
height: 0.02423723980610208
Area: 0.00042765853104064226
CentroidX: 0.8756
CentroidY: 0.5679
