Location: internet_25.png_Mean-Medain.png
Component: component_1755080850966_66.png
centerX: 0.9379282547359935
centerY: 0.15597376675220986
width: 0.045949214026602174
height: 0.01996007984031936
Area: 0.0003991556243762834
CentroidX: 0.9620
CentroidY: 0.1640
