Location: Dedata_16.png_Gaussian-Closing.png
Component: component_1755519378736_198.png
centerX: 0.42862903225806454
centerY: 0.3741806782559134
width: 0.03064516129032258
height: 0.01937874038187518
Area: 0.0002463710826538211
CentroidX: 0.4431
CentroidY: 0.3816
