Location: Dedata_16.png_Gaussian-Closing.png
Component: component_1755519378808_372.png
centerX: 0.6608870967741935
centerY: 0.7155884867483614
width: 0.024596774193548387
height: 0.01937874038187518
Area: 0.0002068413940190662
CentroidX: 0.6736
CentroidY: 0.7247
