Location: internet_25.png_Gaussian-Median.png
Component: component_1755080850869_197.png
centerX: 0.4586860137041516
centerY: 0.41402908468776733
width: 0.03829101168883515
height: 0.020245223838038208
Area: 0.00034835608911157936
CentroidX: 0.4799
CentroidY: 0.4220
