Location: Dedata_16.png_Gaussian-Median.png
Component: component_1755519378125_377.png
centerX: 0.6084677419354839
centerY: 0.677115987460815
width: 0.025806451612903226
height: 0.021658592191507554
Area: 0.00023993601706211678
CentroidX: 0.6208
CentroidY: 0.6867
