Location: Dedata_16.png_Gaussian-Median.png
Component: component_1755519378082_177.png
centerX: 0.32137096774193546
centerY: 0.29609575377600456
width: 0.027419354838709678
height: 0.016813907096038756
Area: 0.00020235983048198642
CentroidX: 0.3346
CentroidY: 0.3033
