Location: Dedata_16.png_Gaussian-Closing.png
Component: component_1755519379158_436.png
centerX: 0.5508064516129032
centerY: 0.8472499287546309
width: 0.025403225806451612
height: 0.01652892561983471
Area: 0.00022327379365502531
CentroidX: 0.5625
CentroidY: 0.8547
