Location: internet_25.png_Mean-Closing.png
Component: component_1755080851429_118.png
centerX: 0.054816606207174524
centerY: 0.2606216139150271
width: 0.04433696090286175
height: 0.025092671799258625
Area: 0.00048133134318683414
CentroidX: 0.0768
CentroidY: 0.2715
