Location: internet_25.png_Gaussian-Median.png
Component: component_1755080850842_72.png
centerX: 0.600161225312374
centerY: 0.15711434274308525
width: 0.04191858121725111
height: 0.022241231822070145
Area: 0.0004072007996444492
CentroidX: 0.6225
CentroidY: 0.1656
