Location: internet_25.png_Mean-Medain.png
Component: component_1755080851000_202.png
centerX: 0.8516727126158807
centerY: 0.43398916452808667
width: 0.044740024183796856
height: 0.0213857998289136
Area: 0.0003701929934108865
CentroidX: 0.8762
CentroidY: 0.4425
