Location: internet_25.png_Mean-Closing.png
Component: component_1755080851419_77.png
centerX: 0.35268037081821846
centerY: 0.18562874251497005
width: 0.04191858121725111
height: 0.022241231822070145
Area: 0.0004189237693209194
CentroidX: 0.3760
CentroidY: 0.1938
