Location: Dedata_16.png_Mean-Closing.png
Component: component_1755519379395_388.png
centerX: 0.03225806451612903
centerY: 0.7580507267027643
width: 0.02903225806451613
height: 0.018523795953263037
Area: 0.0002474052896239164
CentroidX: 0.0453
CentroidY: 0.7664
