Location: Dedata_16.png_Gaussian-Median.png
Component: component_1755519378058_55.png
centerX: 0.9350806451612903
centerY: 0.09974351667141636
width: 0.029838709677419355
height: 0.018808777429467086
Area: 0.0002516570293898638
CentroidX: 0.9499
CentroidY: 0.1077
