Location: Dedata_16.png_Gaussian-Closing.png
Component: component_1755519378802_360.png
centerX: 0.34475806451612906
centerY: 0.6959247648902821
width: 0.025403225806451612
height: 0.0219435736677116
Area: 0.0002195966133169086
CentroidX: 0.3565
CentroidY: 0.7058
