Location: Dedata_16.png_Mean-Medain.png
Component: component_1755519378476_127.png
centerX: 0.35604838709677417
centerY: 0.21829581077229981
width: 0.02903225806451613
height: 0.020233684810487318
Area: 0.0002451070519125934
CentroidX: 0.3694
CentroidY: 0.2273
