Location: internet_25.png_Mean-Medain.png
Component: component_1755080850969_79.png
centerX: 0.6823861346231358
centerY: 0.18733960650128315
width: 0.04232164449818621
height: 0.023381807812945538
Area: 0.00042926756609427545
CentroidX: 0.7050
CentroidY: 0.1971
