Location: Dedata_16.png_Gaussian-Median.png
Component: component_1755519378125_374.png
centerX: 0.7129032258064516
centerY: 0.6725562838415503
width: 0.027016129032258064
height: 0.02080364776289541
Area: 0.0002433833736291012
CentroidX: 0.7252
CentroidY: 0.6809
