Location: Dedata_16.png_Mean-Closing.png
Component: component_1755519379334_208.png
centerX: 0.007661290322580645
centerY: 0.3941293815901966
width: 0.038306451612903226
height: 0.016243944143630663
Area: 0.0002603903326928911
CentroidX: 0.0294
CentroidY: 0.4004
