Location: internet_25.png_Mean-Medain.png
Component: component_1755080851014_259.png
centerX: 0.6513502619911327
centerY: 0.570287995437696
width: 0.041112454655380895
height: 0.023952095808383235
Area: 0.00040168410803199267
CentroidX: 0.6714
CentroidY: 0.5806
