Location: Dedata_16.png_Mean-Medain.png
Component: component_1755519378440_78.png
centerX: 0.46774193548387094
centerY: 0.14562553434026787
width: 0.025403225806451612
height: 0.01909375890567113
Area: 0.00024028075271881523
CentroidX: 0.4791
CentroidY: 0.1536
