Location: internet_25.png_Mean-Closing.png
Component: component_1755080851480_260.png
centerX: 0.550987505038291
centerY: 0.5768463073852296
width: 0.044740024183796856
height: 0.020815511833475905
Area: 0.00039766152039790977
CentroidX: 0.5731
CentroidY: 0.5859
