Location: Dedata_16.png_Gaussian-Median.png
Component: component_1755519378083_187.png
centerX: 0.8274193548387097
centerY: 0.3129096608720433
width: 0.04112903225806452
height: 0.019663721858079224
Area: 0.0002801551770102685
CentroidX: 0.8496
CentroidY: 0.3205
