Location: internet_25.png_Mean-Closing.png
Component: component_1755080851426_105.png
centerX: 0.37605804111245467
centerY: 0.2249786142001711
width: 0.03788794840790004
height: 0.02281151981750784
Area: 0.0004045573849134805
CentroidX: 0.3973
CentroidY: 0.2341
