Location: internet_25.png_Gaussian-Closing.png
Component: component_1755080851321_206.png
centerX: 0.6795646916565901
centerY: 0.4414029084687767
width: 0.0475614671503426
height: 0.022526375819788995
Area: 0.00038272048061417326
CentroidX: 0.7049
CentroidY: 0.4513
