Location: Dedata_16.png_Mean-Medain.png
Component: component_1755519378499_227.png
centerX: 0.540725806451613
centerY: 0.4078084924479909
width: 0.021774193548387097
height: 0.018523795953263037
Area: 0.00021706855183445335
CentroidX: 0.5508
CentroidY: 0.4161
