Location: internet_25.png_Gaussian-Median.png
Component: component_1755080850845_83.png
centerX: 0.788391777509069
centerY: 0.18733960650128315
width: 0.041112454655380895
height: 0.023666951810664385
Area: 0.000410074076525937
CentroidX: 0.8110
CentroidY: 0.1964
