Location: Dedata_16.png_Gaussian-Closing.png
Component: component_1755519378675_88.png
centerX: 0.9540322580645161
centerY: 0.16443431176973497
width: 0.028629032258064516
height: 0.018238814477058992
Area: 0.00022281414611276072
CentroidX: 0.9677
CentroidY: 0.1707
