Location: Dedata_16.png_Mean-Closing.png
Component: component_1755519379327_187.png
centerX: 0.11451612903225807
centerY: 0.3525220860644058
width: 0.031451612903225803
height: 0.018238814477058992
Area: 0.00023465007032607397
CentroidX: 0.1301
CentroidY: 0.3602
