Location: internet_25.png_Gaussian-Median.png
Component: component_1755080850894_313.png
centerX: 0.0709391374445788
centerY: 0.6817792985457656
width: 0.042724707779121324
height: 0.023952095808383235
Area: 0.00039352400168856733
CentroidX: 0.0927
CentroidY: 0.6909
