Location: internet_25.png_Mean-Medain.png
Component: component_1755080851015_263.png
centerX: 0.4429665457476824
centerY: 0.5808383233532934
width: 0.04353083434099154
height: 0.023952095808383235
Area: 0.00041570569921365306
CentroidX: 0.4660
CentroidY: 0.5898
