Location: internet_25.png_Mean-Closing.png
Component: component_1755080851403_7.png
centerX: 0.3063280935106812
centerY: 0.02480752780153978
width: 0.046352277307537285
height: 0.026518391787852865
Area: 0.0004955827965190136
CentroidX: 0.3320
CentroidY: 0.0358
