Location: internet_25.png_Mean-Closing.png
Component: component_1755080851437_151.png
centerX: 0.7412333736396615
centerY: 0.3341887653264899
width: 0.045949214026602174
height: 0.021956087824351298
Area: 0.00041467131953631746
CentroidX: 0.7633
CentroidY: 0.3432
