Location: Dedata_16.png_Mean-Closing.png
Component: component_1755519379347_256.png
centerX: 0.6036290322580645
centerY: 0.48019378740381874
width: 0.027016129032258064
height: 0.024223425477343973
Area: 0.00028337270980612067
CentroidX: 0.6156
CentroidY: 0.4898
