Location: Dedata_16.png_Mean-Medain.png
Component: component_1755519378544_415.png
centerX: 0.18064516129032257
centerY: 0.7876888002279852
width: 0.027419354838709678
height: 0.01909375890567113
Area: 0.00023717813180852923
CentroidX: 0.1922
CentroidY: 0.7956
