Location: Dedata_16.png_Gaussian-Median.png
Component: component_1755519378092_231.png
centerX: 0.7959677419354839
centerY: 0.39640923339982903
width: 0.02943548387096774
height: 0.017098888572242805
Area: 0.00022718079776427435
CentroidX: 0.8117
CentroidY: 0.4030
