Location: Dedata_16.png_Mean-Closing.png
Component: component_1755519379395_387.png
centerX: 0.6806451612903226
centerY: 0.7574807637503562
width: 0.02620967741935484
height: 0.0176688515246509
Area: 0.0002306281543312588
CentroidX: 0.6941
CentroidY: 0.7647
