Location: Dedata_16.png_Mean-Medain.png
Component: component_1755519378482_150.png
centerX: 0.35443548387096774
centerY: 0.2590481618694785
width: 0.025403225806451612
height: 0.0176688515246509
Area: 0.00022074573217257008
CentroidX: 0.3659
CentroidY: 0.2663
