Location: internet_25.png_Mean-Closing.png
Component: component_1755080851439_155.png
centerX: 0.5739621120515921
centerY: 0.3361847733105218
width: 0.03909713825070536
height: 0.022526375819788995
Area: 0.0003882371722266298
CentroidX: 0.5945
CentroidY: 0.3449
