Location: Dedata_16.png_Mean-Closing.png
Component: component_1755519379398_394.png
centerX: 0.38870967741935486
centerY: 0.7762895411798233
width: 0.03346774193548387
height: 0.018523795953263037
Area: 0.0002592412138372296
CentroidX: 0.4043
CentroidY: 0.7830
