Location: internet_25.png_Gaussian-Closing.png
Component: component_1755080851336_236.png
centerX: 0.8823055219669488
centerY: 0.523524379811805
width: 0.024989923417976623
height: 0.023381807812945538
Area: 0.0003019239347067367
CentroidX: 0.8948
CentroidY: 0.5339
