Location: Dedata_16.png_Gaussian-Median.png
Component: component_1755519378131_394.png
centerX: 0.660483870967742
centerY: 0.7155884867483614
width: 0.025
height: 0.01937874038187518
Area: 0.00020753086533246306
CentroidX: 0.6736
CentroidY: 0.7247
