Location: Dedata_16.png_Gaussian-Closing.png
Component: component_1755519379152_419.png
centerX: 0.9725806451612903
centerY: 0.8161869478483899
width: 0.027419354838709678
height: 0.020518666286691366
Area: 0.00017271256400592025
CentroidX: 0.9840
CentroidY: 0.8243
