Location: Dedata_16.png_Gaussian-Median.png
Component: component_1755519378131_395.png
centerX: 0.6116935483870968
centerY: 0.7184383015104018
width: 0.02056451612903226
height: 0.02080364776289541
Area: 0.00018328445747800586
CentroidX: 0.6217
CentroidY: 0.7286
