Location: Dedata_16.png_Gaussian-Median.png
Component: component_1755519378062_80.png
centerX: 0.7681451612903226
centerY: 0.1396409233399829
width: 0.027016129032258064
height: 0.020518666286691366
Area: 0.0002248825600529514
CentroidX: 0.7817
CentroidY: 0.1480
