Location: Dedata_16.png_Mean-Closing.png
Component: component_1755519379262_85.png
centerX: 0.007661290322580645
centerY: 0.15987460815047022
width: 0.02661290322580645
height: 0.019663721858079224
Area: 0.00024683073019608564
CentroidX: 0.0204
CentroidY: 0.1689
