Location: Dedata_16.png_Gaussian-Closing.png
Component: component_1755519378663_44.png
centerX: 0.21088709677419354
centerY: 0.07409518381305215
width: 0.02338709677419355
height: 0.018808777429467086
Area: 0.00025016317487750394
CentroidX: 0.2214
CentroidY: 0.0823
