Location: internet_25.png_Gaussian-Median.png
Component: component_1755080850870_205.png
centerX: 0.9109230149133414
centerY: 0.4322783005417736
width: 0.06328093510681176
height: 0.021100655831194755
Area: 0.0004175445964178053
CentroidX: 0.9435
CentroidY: 0.4408
