Location: internet_25.png_Gaussian-Closing.png
Component: component_1755080851314_198.png
centerX: 0.008061265618702136
centerY: 0.4205873966353008
width: 0.044740024183796856
height: 0.021100655831194755
Area: 0.00041467131953631746
CentroidX: 0.0322
CentroidY: 0.4291
