Location: Dedata_16.png_Mean-Medain.png
Component: component_1755519378533_382.png
centerX: 0.660483870967742
centerY: 0.7155884867483614
width: 0.025403225806451612
height: 0.01937874038187518
Area: 0.0002272957096498405
CentroidX: 0.6737
CentroidY: 0.7247
