Location: Dedata_16.png_Gaussian-Closing.png
Component: component_1755519378676_90.png
centerX: 0.867741935483871
centerY: 0.16785408948418354
width: 0.02661290322580645
height: 0.01909375890567113
Area: 0.00020396859687991248
CentroidX: 0.8798
CentroidY: 0.1760
