Location: Dedata_16.png_Mean-Closing.png
Component: component_1755519379398_392.png
centerX: 0.4967741935483871
centerY: 0.7694499857509262
width: 0.027419354838709678
height: 0.018238814477058992
Area: 0.00022810009284880353
CentroidX: 0.5096
CentroidY: 0.7779
