Location: Dedata_16.png_Mean-Closing.png
Component: component_1755519379326_184.png
centerX: 0.17096774193548386
centerY: 0.3468224565403249
width: 0.02903225806451613
height: 0.018238814477058992
Area: 0.00023396059901267707
CentroidX: 0.1852
CentroidY: 0.3539
