Location: internet_25.png_Mean-Closing.png
Component: component_1755080851475_245.png
centerX: 0.40024183796856105
centerY: 0.542343883661249
width: 0.04917372027408303
height: 0.023381807812945538
Area: 0.00043432453340569395
CentroidX: 0.4264
CentroidY: 0.5521
