Location: internet_25.png_Mean-Closing.png
Component: component_1755080851481_264.png
centerX: 0.3317210802095929
centerY: 0.583689763330482
width: 0.04232164449818621
height: 0.023096663815226688
Area: 0.0003691586137335509
CentroidX: 0.3547
CentroidY: 0.5928
