Location: Dedata_16.png_Gaussian-Closing.png
Component: component_1755519378725_177.png
centerX: 0.4645161290322581
centerY: 0.3305785123966942
width: 0.028225806451612902
height: 0.017098888572242805
Area: 0.00022534220759521599
CentroidX: 0.4780
CentroidY: 0.3377
