Location: Dedata_16.png_Gaussian-Closing.png
Component: component_1755519378774_293.png
centerX: 0.06411290322580646
centerY: 0.5474494157879738
width: 0.032661290322580645
height: 0.020518666286691366
Area: 0.00031118138611312845
CentroidX: 0.0798
CentroidY: 0.5557
