Location: Dedata_16.png_Mean-Closing.png
Component: component_1755519379312_138.png
centerX: 0.46491935483870966
centerY: 0.2556283841550299
width: 0.025806451612903226
height: 0.018238814477058992
Area: 0.00023039833056012648
CentroidX: 0.4761
CentroidY: 0.2643
