Location: Dedata_16.png_Gaussian-Closing.png
Component: component_1755519378738_206.png
centerX: 0.06814516129032258
centerY: 0.3907096038757481
width: 0.034274193548387094
height: 0.01937874038187518
Area: 0.00025119738184759926
CentroidX: 0.0881
CentroidY: 0.3986
