Location: Dedata_16.png_Gaussian-Closing.png
Component: component_1755519378677_97.png
centerX: 0.5725806451612904
centerY: 0.17896836705614136
width: 0.025
height: 0.016243944143630663
Area: 0.00019891247391500198
CentroidX: 0.5838
CentroidY: 0.1864
