Location: internet_25.png_Mean-Medain.png
Component: component_1755080850997_188.png
centerX: 0.6670697299476017
centerY: 0.4060450527516396
width: 0.04353083434099154
height: 0.023381807812945538
Area: 0.0003938687949143459
CentroidX: 0.6914
CentroidY: 0.4151
