Location: Dedata_16.png_Gaussian-Median.png
Component: component_1755519378103_281.png
centerX: 0.5141129032258065
centerY: 0.4847534910230835
width: 0.025806451612903226
height: 0.021373610715303505
Area: 0.0002412000478033444
CentroidX: 0.5264
CentroidY: 0.4942
