Location: Dedata_16.png_Mean-Medain.png
Component: component_1755519378366_36.png
centerX: 0.5237903225806452
centerY: 0.06868053576517526
width: 0.02258064516129032
height: 0.021373610715303505
Area: 0.0002671701339412938
CentroidX: 0.5352
CentroidY: 0.0784
