Location: internet_25.png_Mean-Closing.png
Component: component_1755080851412_50.png
centerX: 0.7537283353486497
centerY: 0.11890504704875962
width: 0.028617492946392584
height: 0.023952095808383235
Area: 0.00036433150857265146
CentroidX: 0.7676
CentroidY: 0.1296
