Location: internet_25.png_Mean-Closing.png
Component: component_1755080851412_47.png
centerX: 0.8053204353083434
centerY: 0.11776447105788423
width: 0.02902055622732769
height: 0.024522383803820928
Area: 0.0003506547106167696
CentroidX: 0.8188
CentroidY: 0.1281
