Location: Dedata_16.png_Gaussian-Median.png
Component: component_1755519378073_136.png
centerX: 0.2568548387096774
centerY: 0.22371045882017668
width: 0.02661290322580645
height: 0.018808777429467086
Area: 0.00022040099651587163
CentroidX: 0.2694
CentroidY: 0.2315
