Location: internet_25.png_Gaussian-Closing.png
Component: component_1755080851333_225.png
centerX: 0.5034260378879484
centerY: 0.4844596521243228
width: 0.04675534058847239
height: 0.024522383803820928
Area: 0.0004365082238356247
CentroidX: 0.5289
CentroidY: 0.4948
