Location: internet_25.png_Mean-Medain.png
Component: component_1755080850958_39.png
centerX: 0.17573559048770657
centerY: 0.10179640718562874
width: 0.03909713825070536
height: 0.029369831765041345
Area: 0.0004659305791020596
CentroidX: 0.1977
CentroidY: 0.1145
