Location: internet_25.png_Gaussian-Median.png
Component: component_1755080850830_28.png
centerX: 0.48246674727932287
centerY: 0.06900484744796122
width: 0.03506650544135429
height: 0.02765896777872826
Area: 0.0004260494959870091
CentroidX: 0.5016
CentroidY: 0.0818
