Location: Dedata_16.png_Mean-Closing.png
Component: component_1755519379392_378.png
centerX: 0.29435483870967744
centerY: 0.744086634368766
width: 0.029838709677419355
height: 0.018238814477058992
Area: 0.00025119738184759926
CentroidX: 0.3078
CentroidY: 0.7506
