Location: internet_25.png_Mean-Closing.png
Component: component_1755080851408_30.png
centerX: 0.7541313986295849
centerY: 0.0718562874251497
width: 0.03667875856509472
height: 0.03136583974907328
Area: 0.0005237409099575938
CentroidX: 0.7753
CentroidY: 0.0854
