Location: internet_25.png_Gaussian-Closing.png
Component: component_1755080851350_299.png
centerX: 0.3905683192261185
centerY: 0.6700883946392928
width: 0.041515517936316
height: 0.024522383803820928
Area: 0.0004181192517941028
CentroidX: 0.4118
CentroidY: 0.6804
