Location: Dedata_16.png_Gaussian-Median.png
Component: component_1755519378138_427.png
centerX: 0.18064516129032257
centerY: 0.7876888002279852
width: 0.027419354838709678
height: 0.01909375890567113
Area: 0.00021844749446124712
CentroidX: 0.1923
CentroidY: 0.7956
