Location: Dedata_16.png_Gaussian-Closing.png
Component: component_1755519379155_428.png
centerX: 0.18024193548387096
centerY: 0.829296095753776
width: 0.02903225806451613
height: 0.020233684810487318
Area: 0.00024062548837551365
CentroidX: 0.1933
CentroidY: 0.8376
