Location: internet_25.png_Mean-Medain.png
Component: component_1755080850956_32.png
centerX: 0.9238210399032648
centerY: 0.07214143142286855
width: 0.05239822652156389
height: 0.02594810379241517
Area: 0.000524430496409151
CentroidX: 0.9505
CentroidY: 0.0834
