Location: internet_25.png_Mean-Medain.png
Component: component_1755080850981_125.png
centerX: 0.585247883917775
centerY: 0.26204733390362134
width: 0.04393389762192664
height: 0.024522383803820928
Area: 0.000470068097811402
CentroidX: 0.6081
CentroidY: 0.2724
