Location: internet_25.png_Gaussian-Median.png
Component: component_1755080850882_258.png
centerX: 0.9076985086658605
centerY: 0.5568862275449101
width: 0.046352277307537285
height: 0.023096663815226688
Area: 0.00042972729039531346
CentroidX: 0.9317
CentroidY: 0.5662
