Location: Dedata_16.png_Gaussian-Median.png
Component: component_1755519378058_54.png
centerX: 0.8846774193548387
centerY: 0.10002849814762041
width: 0.022983870967741935
height: 0.019663721858079224
Area: 0.00020178527105415566
CentroidX: 0.8959
CentroidY: 0.1090
