Location: internet_25.png_Gaussian-Median.png
Component: component_1755080850834_41.png
centerX: 0.12454655380894801
centerY: 0.1003706871970345
width: 0.039500201531640466
height: 0.027088679783290562
Area: 0.0004338648091046559
CentroidX: 0.1474
CentroidY: 0.1122
