Location: internet_25.png_Mean-Medain.png
Component: component_1755080850968_77.png
centerX: 0.35268037081821846
centerY: 0.18562874251497005
width: 0.04191858121725111
height: 0.022241231822070145
Area: 0.0004198432179229955
CentroidX: 0.3760
CentroidY: 0.1938
