Location: internet_25.png_Mean-Closing.png
Component: component_1755080851476_248.png
centerX: 0.1708988311164853
centerY: 0.5491873396065012
width: 0.04433696090286175
height: 0.02281151981750784
Area: 0.0003911104491081176
CentroidX: 0.1945
CentroidY: 0.5584
