Location: Dedata_16.png_Mean-Closing.png
Component: component_1755519379322_168.png
centerX: 0.8274193548387097
centerY: 0.3129096608720433
width: 0.04153225806451613
height: 0.019663721858079224
Area: 0.00029704722418849225
CentroidX: 0.8496
CentroidY: 0.3203
