Location: Dedata_16.png_Mean-Closing.png
Component: component_1755519379375_335.png
centerX: 0.5491935483870968
centerY: 0.6429182103163295
width: 0.027822580645161292
height: 0.017953833000854943
Area: 0.0002611947158918541
CentroidX: 0.5623
CentroidY: 0.6502
