Location: internet_25.png_Gaussian-Median.png
Component: component_1755080850848_101.png
centerX: 0.2756952841596131
centerY: 0.223267750213858
width: 0.039500201531640466
height: 0.02281151981750784
Area: 0.0004142115952352794
CentroidX: 0.2974
CentroidY: 0.2322
