Location: internet_25.png_Mean-Closing.png
Component: component_1755080851448_187.png
centerX: 0.7912132204756147
centerY: 0.40547476475620187
width: 0.04877065699314793
height: 0.021956087824351298
Area: 0.0004390367074913339
CentroidX: 0.8166
CentroidY: 0.4146
