Location: Dedata_16.png_Mean-Medain.png
Component: component_1755519378502_243.png
centerX: 0.8084677419354839
centerY: 0.4343117697349672
width: 0.021774193548387097
height: 0.018808777429467086
Area: 0.00020925454361595528
CentroidX: 0.8182
CentroidY: 0.4424
