Location: Dedata_16.png_Gaussian-Closing.png
Component: component_1755519378686_118.png
centerX: 0.5125
centerY: 0.21459105158164718
width: 0.02943548387096774
height: 0.01937874038187518
Area: 0.00023039833056012648
CentroidX: 0.5260
CentroidY: 0.2218
