Location: internet_25.png_Gaussian-Closing.png
Component: component_1755080851234_107.png
centerX: 0.6440951229343007
centerY: 0.22526375819788994
width: 0.04191858121725111
height: 0.021956087824351298
Area: 0.00039651220964531463
CentroidX: 0.6655
CentroidY: 0.2343
