Location: Dedata_16.png_Mean-Medain.png
Component: component_1755519378525_349.png
centerX: 0.4971774193548387
centerY: 0.64576802507837
width: 0.03064516129032258
height: 0.019663721858079224
Area: 0.0002752139659309242
CentroidX: 0.5115
CentroidY: 0.6533
