Location: Dedata_16.png_Gaussian-Median.png
Component: component_1755519378113_324.png
centerX: 0.3786290322580645
centerY: 0.5708178968367056
width: 0.035483870967741936
height: 0.01937874038187518
Area: 0.00025694297612590663
CentroidX: 0.3972
CentroidY: 0.5775
