Location: Dedata_16.png_Gaussian-Closing.png
Component: component_1755519378679_104.png
centerX: 0.20927419354838708
centerY: 0.18951268167569107
width: 0.025806451612903226
height: 0.01909375890567113
Area: 0.00020178527105415566
CentroidX: 0.2208
CentroidY: 0.1989
