Location: Dedata_16.png_Mean-Medain.png
Component: component_1755519378509_279.png
centerX: 0.885483870967742
centerY: 0.5009974351667141
width: 0.027016129032258064
height: 0.0219435736677116
Area: 0.00025188685316099616
CentroidX: 0.8987
CentroidY: 0.5108
