Location: Dedata_16.png_Mean-Closing.png
Component: component_1755519379360_302.png
centerX: 0.32379032258064516
centerY: 0.5753776004559704
width: 0.034274193548387094
height: 0.018808777429467086
Area: 0.0002887735684277296
CentroidX: 0.3417
CentroidY: 0.5823
