Location: Dedata_16.png_Mean-Medain.png
Component: component_1755519378497_220.png
centerX: 0.8399193548387097
centerY: 0.39184952978056425
width: 0.03306451612903226
height: 0.01738387004844685
Area: 0.00023924654574871988
CentroidX: 0.8574
CentroidY: 0.3983
