Location: internet_25.png_Gaussian-Median.png
Component: component_1755080850842_69.png
centerX: 0.41878274889157596
centerY: 0.1562589107499287
width: 0.045949214026602174
height: 0.022526375819788995
Area: 0.00041260256018164627
CentroidX: 0.4425
CentroidY: 0.1654
