Location: internet_25.png_Gaussian-Median.png
Component: component_1755080850852_116.png
centerX: 0.3192261185006046
centerY: 0.258910749928714
width: 0.03385731559854897
height: 0.02566295979469632
Area: 0.00040145424588147364
CentroidX: 0.3374
CentroidY: 0.2690
