Location: Dedata_16.png_Mean-Medain.png
Component: component_1755519378541_404.png
centerX: 0.5875
centerY: 0.7651752636078655
width: 0.02943548387096774
height: 0.0176688515246509
Area: 0.0002440728449424981
CentroidX: 0.6014
CentroidY: 0.7720
