Location: Dedata_16.png_Mean-Closing.png
Component: component_1755519379270_107.png
centerX: 0.9048387096774193
centerY: 0.19863208891422057
width: 0.027016129032258064
height: 0.018238814477058992
Area: 0.00022166502725709926
CentroidX: 0.9173
CentroidY: 0.2055
