Location: Dedata_16.png_Mean-Closing.png
Component: component_1755519379361_306.png
centerX: 0.22862903225806452
centerY: 0.5844970076944999
width: 0.02661290322580645
height: 0.021658592191507554
Area: 0.0002725709925629028
CentroidX: 0.2407
CentroidY: 0.5931
