Location: Dedata_16.png_Mean-Medain.png
Component: component_1755519378417_63.png
centerX: 0.25967741935483873
centerY: 0.11142775719578227
width: 0.025
height: 0.019948703334283273
Area: 0.00024108513591777824
CentroidX: 0.2708
CentroidY: 0.1210
