Location: internet_25.png_Mean-Medain.png
Component: component_1755080850997_186.png
centerX: 0.611446997178557
centerY: 0.4057599087539207
width: 0.04514308746473196
height: 0.025092671799258625
Area: 0.00041869390717040036
CentroidX: 0.6358
CentroidY: 0.4157
