Location: Dedata_16.png_Mean-Medain.png
Component: component_1755519378369_42.png
centerX: 0.2592741935483871
centerY: 0.07210031347962383
width: 0.021370967741935483
height: 0.019663721858079224
Area: 0.00026464207245883856
CentroidX: 0.2696
CentroidY: 0.0813
