Location: Dedata_16.png_Mean-Closing.png
Component: component_1755519379350_267.png
centerX: 0.20524193548387096
centerY: 0.5024223425477344
width: 0.027822580645161292
height: 0.021658592191507554
Area: 0.00028210867906489307
CentroidX: 0.2186
CentroidY: 0.5118
