Location: Dedata_16.png_Gaussian-Median.png
Component: component_1755519378123_366.png
centerX: 0.2318548387096774
centerY: 0.6600170988885723
width: 0.031451612903225803
height: 0.020233684810487318
Area: 0.00025901139006609733
CentroidX: 0.2481
CentroidY: 0.6681
