Location: Dedata_16.png_Gaussian-Median.png
Component: component_1755519378099_262.png
centerX: 0.41088709677419355
centerY: 0.4525505842120262
width: 0.03346774193548387
height: 0.01909375890567113
Area: 0.00025705788801147283
CentroidX: 0.4285
CentroidY: 0.4599
