Location: Dedata_16.png_Mean-Medain.png
Component: component_1755519378361_29.png
centerX: 0.8403225806451613
centerY: 0.06469079509831861
width: 0.027016129032258064
height: 0.018523795953263037
Area: 0.00026958328353818295
CentroidX: 0.8532
CentroidY: 0.0728
