Location: Dedata_16.png_Mean-Closing.png
Component: component_1755519379325_178.png
centerX: 0.4149193548387097
centerY: 0.33257338273012255
width: 0.025403225806451612
height: 0.0176688515246509
Area: 0.00023269656827144947
CentroidX: 0.4267
CentroidY: 0.3400
