Location: internet_25.png_Mean-Medain.png
Component: component_1755080850983_135.png
centerX: 0.5264006449012495
centerY: 0.2985457656116339
width: 0.041112454655380895
height: 0.0213857998289136
Area: 0.00038639827502247765
CentroidX: 0.5478
CentroidY: 0.3078
