Location: Dedata_16.png_Mean-Medain.png
Component: component_1755519378503_248.png
centerX: 0.5419354838709678
centerY: 0.44485608435451696
width: 0.03588709677419355
height: 0.02080364776289541
Area: 0.00029946037378538137
CentroidX: 0.5613
CentroidY: 0.4532
