Location: Dedata_16.png_Mean-Closing.png
Component: component_1755519379353_279.png
centerX: 0.510483870967742
centerY: 0.5218010829296096
width: 0.024596774193548387
height: 0.02108862923909946
Area: 0.00023235183261475102
CentroidX: 0.5207
CentroidY: 0.5312
