Location: Dedata_16.png_Mean-Closing.png
Component: component_1755519379321_163.png
centerX: 0.2254032258064516
centerY: 0.3029353092049017
width: 0.027016129032258064
height: 0.017953833000854943
Area: 0.00021683872806332104
CentroidX: 0.2390
CentroidY: 0.3105
