Location: Dedata_16.png_Mean-Closing.png
Component: component_1755519379339_230.png
centerX: 0.8084677419354839
centerY: 0.4343117697349672
width: 0.021370967741935483
height: 0.018808777429467086
Area: 0.00020845016041699224
CentroidX: 0.8182
CentroidY: 0.4424
