Location: Dedata_16.png_Mean-Medain.png
Component: component_1755519378483_154.png
centerX: 0.9298387096774193
centerY: 0.268167569108008
width: 0.028629032258064516
height: 0.019663721858079224
Area: 0.00024786493716618096
CentroidX: 0.9445
CentroidY: 0.2761
