Location: internet_25.png_Gaussian-Closing.png
Component: component_1755080851223_82.png
centerX: 0.1717049576783555
centerY: 0.18848018249215853
width: 0.044740024183796856
height: 0.023096663815226688
Area: 0.0004475416070605378
CentroidX: 0.1959
CentroidY: 0.1979
