Location: internet_25.png_Mean-Closing.png
Component: component_1755080851477_251.png
centerX: 0.05804111245465538
centerY: 0.5511833475905332
width: 0.045949214026602174
height: 0.02737382378100941
Area: 0.0004494954353399495
CentroidX: 0.0819
CentroidY: 0.5616
