Location: Dedata_16.png_Mean-Closing.png
Component: component_1755519379360_305.png
centerX: 0.8798387096774194
centerY: 0.5833570817896837
width: 0.027016129032258064
height: 0.02080364776289541
Area: 0.0002614245396629864
CentroidX: 0.8926
CentroidY: 0.5911
