Location: internet_25.png_Gaussian-Median.png
Component: component_1755080850826_13.png
centerX: 0.5590487706569931
centerY: 0.02623324779013402
width: 0.042724707779121324
height: 0.02879954376960365
Area: 0.00046662016555361666
CentroidX: 0.5794
CentroidY: 0.0395
