Location: Dedata_16.png_Mean-Closing.png
Component: component_1755519379374_328.png
centerX: 0.12943548387096773
centerY: 0.6272442291251069
width: 0.027016129032258064
height: 0.01937874038187518
Area: 0.00025257632447439306
CentroidX: 0.1412
CentroidY: 0.6351
