Location: Dedata_16.png_Mean-Medain.png
Component: component_1755519378520_320.png
centerX: 0.8241935483870968
centerY: 0.585636933599316
width: 0.032661290322580645
height: 0.021373610715303505
Area: 0.00029245074876584634
CentroidX: 0.8408
CentroidY: 0.5941
