Location: Dedata_16.png_Mean-Medain.png
Component: component_1755519378470_107.png
centerX: 0.31370967741935485
centerY: 0.18381305215161015
width: 0.025
height: 0.0176688515246509
Area: 0.00020580718704897084
CentroidX: 0.3247
CentroidY: 0.1922
