Location: internet_25.png_Mean-Closing.png
Component: component_1755080851473_242.png
centerX: 0.5691253526803708
centerY: 0.5357855717137154
width: 0.053607416364369206
height: 0.02423723980610208
Area: 0.0004559315755544821
CentroidX: 0.5942
CentroidY: 0.5455
