Location: Dedata_16.png_Gaussian-Median.png
Component: component_1755519378082_176.png
centerX: 0.3657258064516129
centerY: 0.2946708463949843
width: 0.025806451612903226
height: 0.018523795953263037
Area: 0.00021235716452624128
CentroidX: 0.3790
CentroidY: 0.3027
