Location: Dedata_16.png_Gaussian-Closing.png
Component: component_1755519378626_13.png
centerX: 0.30524193548387096
centerY: 0.026503277286976348
width: 0.02661290322580645
height: 0.020518666286691366
Area: 0.0002723411687917705
CentroidX: 0.3184
CentroidY: 0.0359
