Location: Dedata_16.png_Mean-Closing.png
Component: component_1755519379329_199.png
centerX: 0.33306451612903226
centerY: 0.3784554003989741
width: 0.02943548387096774
height: 0.020233684810487318
Area: 0.00024993335110637166
CentroidX: 0.3473
CentroidY: 0.3863
