Location: Dedata_16.png_Gaussian-Median.png
Component: component_1755519378103_282.png
centerX: 0.4737903225806452
centerY: 0.4881732687375321
width: 0.02056451612903226
height: 0.023083499572527786
Area: 0.00022844482850550198
CentroidX: 0.4829
CentroidY: 0.4981
