Location: internet_25.png_Gaussian-Median.png
Component: component_1755080850890_296.png
centerX: 0.9318823055219669
centerY: 0.6467065868263473
width: 0.0354695687222894
height: 0.021100655831194755
Area: 0.0003292775306185004
CentroidX: 0.9498
CentroidY: 0.6556
