Location: internet_25.png_Mean-Closing.png
Component: component_1755080851442_168.png
centerX: 0.8081418782748891
centerY: 0.3675506130595951
width: 0.04232164449818621
height: 0.023952095808383235
Area: 0.000409844214375418
CentroidX: 0.8313
CentroidY: 0.3767
