Location: internet_25.png_Mean-Medain.png
Component: component_1755080850979_116.png
centerX: 0.42361950826279726
centerY: 0.2600513259195894
width: 0.037081821846029824
height: 0.024522383803820928
Area: 0.00042627935813752815
CentroidX: 0.4437
CentroidY: 0.2703
