Location: internet_25.png_Mean-Medain.png
Component: component_1755080851017_272.png
centerX: 0.8923821039903265
centerY: 0.6036498431708013
width: 0.05038291011688835
height: 0.023096663815226688
Area: 0.00043547384415828903
CentroidX: 0.9168
CentroidY: 0.6135
