Location: Dedata_16.png_Gaussian-Closing.png
Component: component_1755519378726_180.png
centerX: 0.32056451612903225
centerY: 0.3365631233969792
width: 0.02338709677419355
height: 0.016813907096038756
Area: 0.0001960396767758483
CentroidX: 0.3320
CentroidY: 0.3442
