Location: Dedata_16.png_Mean-Closing.png
Component: component_1755519379395_389.png
centerX: 0.635483870967742
centerY: 0.7603305785123967
width: 0.028225806451612902
height: 0.0176688515246509
Area: 0.00023683339615183078
CentroidX: 0.6496
CentroidY: 0.7678
