Location: internet_25.png_Mean-Closing.png
Component: component_1755080851488_300.png
centerX: 0.3430068520757759
centerY: 0.671799258625606
width: 0.04232164449818621
height: 0.024522383803820928
Area: 0.0004207626665250716
CentroidX: 0.3651
CentroidY: 0.6825
