Location: internet_25.png_Mean-Medain.png
Component: component_1755080850950_12.png
centerX: 0.5590487706569931
centerY: 0.02594810379241517
width: 0.042724707779121324
height: 0.02879954376960365
Area: 0.0004824806539394293
CentroidX: 0.5794
CentroidY: 0.0394
