Location: Dedata_16.png_Mean-Medain.png
Component: component_1755519378318_11.png
centerX: 0.8237903225806451
centerY: 0.025078369905956112
width: 0.02258064516129032
height: 0.018808777429467086
Area: 0.0002356842772961693
CentroidX: 0.8352
CentroidY: 0.0341
