Location: internet_25.png_Gaussian-Closing.png
Component: component_1755080851241_122.png
centerX: 0.7452640064490125
centerY: 0.2606216139150271
width: 0.042724707779121324
height: 0.02594810379241517
Area: 0.0004571958173823367
CentroidX: 0.7679
CentroidY: 0.2709
