Location: internet_25.png_Gaussian-Closing.png
Component: component_1755080851276_158.png
centerX: 0.3615477629987908
centerY: 0.3373253493013972
width: 0.04554615074566707
height: 0.02423723980610208
Area: 0.0004115681805043107
CentroidX: 0.3837
CentroidY: 0.3470
