Location: internet_25.png_Mean-Medain.png
Component: component_1755080851002_211.png
centerX: 0.1837968561064087
centerY: 0.4548046763615626
width: 0.04433696090286175
height: 0.0213857998289136
Area: 0.00037479023642126696
CentroidX: 0.2067
CentroidY: 0.4639
