Location: Dedata_16.png_Gaussian-Median.png
Component: component_1755519378090_224.png
centerX: 0.1786290322580645
centerY: 0.38643488173268736
width: 0.02943548387096774
height: 0.020518666286691366
Area: 0.00024108513591777824
CentroidX: 0.1927
CentroidY: 0.3939
