Location: Dedata_16.png_Gaussian-Closing.png
Component: component_1755519378766_270.png
centerX: 0.8330645161290322
centerY: 0.506127101738387
width: 0.02620967741935484
height: 0.020518666286691366
Area: 0.0002332711276992802
CentroidX: 0.8448
CentroidY: 0.5138
