Location: Dedata_16.png_Gaussian-Median.png
Component: component_1755519378119_347.png
centerX: 0.23346774193548386
centerY: 0.6226845255058421
width: 0.03024193548387097
height: 0.020518666286691366
Area: 0.00025475965030014985
CentroidX: 0.2478
CentroidY: 0.6315
