Location: internet_25.png_Mean-Closing.png
Component: component_1755080851428_112.png
centerX: 0.8960096735187424
centerY: 0.25805531793555747
width: 0.0471584038694075
height: 0.025092671799258625
Area: 0.00046098854286590063
CentroidX: 0.9217
CentroidY: 0.2678
