Location: Dedata_16.png_Mean-Closing.png
Component: component_1755519379251_43.png
centerX: 0.10685483870967742
centerY: 0.0743801652892562
width: 0.02661290322580645
height: 0.0176688515246509
Area: 0.00026395260114544166
CentroidX: 0.1192
CentroidY: 0.0822
