Location: Dedata_16.png_Gaussian-Closing.png
Component: component_1755519379152_418.png
centerX: 0.3919354838709677
centerY: 0.8130521516101453
width: 0.029838709677419355
height: 0.018523795953263037
Area: 0.0002449921400270273
CentroidX: 0.4063
CentroidY: 0.8208
