Location: Dedata_16.png_Gaussian-Closing.png
Component: component_1755519378774_294.png
centerX: 0.7495967741935484
centerY: 0.549159304645198
width: 0.031451612903225803
height: 0.017953833000854943
Area: 0.00023223692072918487
CentroidX: 0.7658
CentroidY: 0.5555
