Location: Dedata_16.png_Gaussian-Median.png
Component: component_1755519378123_364.png
centerX: 0.3463709677419355
centerY: 0.6526075805072671
width: 0.028225806451612902
height: 0.01738387004844685
Area: 0.0002476351133950487
CentroidX: 0.3598
CentroidY: 0.6597
