Location: internet_25.png_Gaussian-Closing.png
Component: component_1755080851349_295.png
centerX: 0.6094316807738815
centerY: 0.6595380667236954
width: 0.04675534058847239
height: 0.029940119760479042
Area: 0.0004667350966288762
CentroidX: 0.6319
CentroidY: 0.6721
