Location: internet_25.png_Mean-Medain.png
Component: component_1755080851003_212.png
centerX: 0.28819024586860137
centerY: 0.4553749643570003
width: 0.03990326481257558
height: 0.023666951810664385
Area: 0.00039973027975258096
CentroidX: 0.3092
CentroidY: 0.4655
