Location: Dedata_16.png_Mean-Closing.png
Component: component_1755519379257_66.png
centerX: 0.9084677419354839
centerY: 0.134226275292106
width: 0.020967741935483872
height: 0.020233684810487318
Area: 0.00018994934684084244
CentroidX: 0.9195
CentroidY: 0.1441
