Location: internet_25.png_Mean-Closing.png
Component: component_1755080851425_102.png
centerX: 0.1648528819024587
centerY: 0.2244083262047334
width: 0.041515517936316
height: 0.02423723980610208
Area: 0.00042467032308389496
CentroidX: 0.1878
CentroidY: 0.2341
