Location: Dedata_16.png_Gaussian-Median.png
Component: component_1755519378124_369.png
centerX: 0.8620967741935484
centerY: 0.664576802507837
width: 0.02903225806451613
height: 0.01909375890567113
Area: 0.0002390167219775876
CentroidX: 0.8755
CentroidY: 0.6726
