Location: Dedata_16.png_Mean-Closing.png
Component: component_1755519379352_275.png
centerX: 0.697983870967742
centerY: 0.5118267312624679
width: 0.027419354838709678
height: 0.02080364776289541
Area: 0.0002657911913145
CentroidX: 0.7112
CentroidY: 0.5211
