Location: Dedata_16.png_Mean-Medain.png
Component: component_1755519378470_105.png
centerX: 0.3641129032258065
centerY: 0.18267312624679397
width: 0.025
height: 0.017953833000854943
Area: 0.00021729837560558563
CentroidX: 0.3753
CentroidY: 0.1904
