Location: internet_25.png_Mean-Medain.png
Component: component_1755080850979_119.png
centerX: 0.11164852881902458
centerY: 0.2606216139150271
width: 0.041515517936316
height: 0.023381807812945538
Area: 0.0004439787437274929
CentroidX: 0.1346
CentroidY: 0.2700
