Location: Dedata_16.png_Mean-Medain.png
Component: component_1755519378553_440.png
centerX: 0.7475806451612903
centerY: 0.8304360216585922
width: 0.025
height: 0.022513536620119692
Area: 0.0002588964781805312
CentroidX: 0.7585
CentroidY: 0.8403
