Location: internet_25.png_Mean-Medain.png
Component: component_1755080850971_88.png
centerX: 0.5824264409512293
centerY: 0.18962075848303392
width: 0.039500201531640466
height: 0.021956087824351298
Area: 0.00039306427738752933
CentroidX: 0.6028
CentroidY: 0.1987
