Location: Dedata_16.png_Gaussian-Median.png
Component: component_1755519378050_24.png
centerX: 0.6794354838709677
centerY: 0.027643203191792535
width: 0.027419354838709678
height: 0.017953833000854943
Area: 0.000244762316255895
CentroidX: 0.6939
CentroidY: 0.0352
