Location: internet_25.png_Mean-Closing.png
Component: component_1755080851486_287.png
centerX: 0.008464328899637243
centerY: 0.6384374108925007
width: 0.037081821846029824
height: 0.024522383803820928
Area: 0.00039731672717213125
CentroidX: 0.0290
CentroidY: 0.6487
