Location: Dedata_16.png_Mean-Closing.png
Component: component_1755519379239_9.png
centerX: 0.3479838709677419
centerY: 0.025933314334568254
width: 0.022983870967741935
height: 0.02365346252493588
Area: 0.00029176127745244944
CentroidX: 0.3600
CentroidY: 0.0370
