Location: internet_25.png_Gaussian-Closing.png
Component: component_1755080851336_237.png
centerX: 0.8307134220072552
centerY: 0.5249500998003992
width: 0.041515517936316
height: 0.025377815796977475
Area: 0.00039904069330102393
CentroidX: 0.8520
CentroidY: 0.5364
