Location: internet_25.png_Mean-Closing.png
Component: component_1755080851477_252.png
centerX: 0.11527609834744054
centerY: 0.5508982035928144
width: 0.04070939137444579
height: 0.02423723980610208
Area: 0.0003988108311505049
CentroidX: 0.1374
CentroidY: 0.5606
