Location: internet_25.png_Mean-Medain.png
Component: component_1755080850957_34.png
centerX: 0.8673921805723499
centerY: 0.0729968634160251
width: 0.04030632809351068
height: 0.027088679783290562
Area: 0.00045340309189877283
CentroidX: 0.8904
CentroidY: 0.0845
