Location: internet_25.png_Gaussian-Median.png
Component: component_1755080850838_55.png
centerX: 0.7537283353486497
centerY: 0.11919019104647847
width: 0.028214429665457477
height: 0.023666951810664385
Area: 0.00035571167792818807
CentroidX: 0.7675
CentroidY: 0.1297
