Location: Dedata_16.png_Gaussian-Median.png
Component: component_1755519378047_13.png
centerX: 0.39233870967741935
centerY: 0.02536335138216016
width: 0.025806451612903226
height: 0.01909375890567113
Area: 0.0002491289679074086
CentroidX: 0.4044
CentroidY: 0.0340
