Location: Dedata_16.png_Mean-Medain.png
Component: component_1755519378551_427.png
centerX: 0.44637096774193546
centerY: 0.8116272442291251
width: 0.03225806451612903
height: 0.019663721858079224
Area: 0.000250967558076467
CentroidX: 0.4613
CentroidY: 0.8197
