Location: Dedata_16.png_Mean-Medain.png
Component: component_1755519378490_190.png
centerX: 0.5181451612903226
centerY: 0.3302935309204902
width: 0.03024193548387097
height: 0.018523795953263037
Area: 0.00023671848426626464
CentroidX: 0.5331
CentroidY: 0.3374
