Location: internet_25.png_Mean-Medain.png
Component: component_1755080850949_6.png
centerX: 0.24385328496573963
centerY: 0.0213857998289136
width: 0.045949214026602174
height: 0.02623324779013402
Area: 0.0004658156480268001
CentroidX: 0.2692
CentroidY: 0.0322
