Location: internet_25.png_Mean-Closing.png
Component: component_1755080851463_220.png
centerX: 0.7416364369205966
centerY: 0.4713430282292558
width: 0.04393389762192664
height: 0.026518391787852865
Area: 0.00045834512813493184
CentroidX: 0.7640
CentroidY: 0.4828
