Location: internet_25.png_Mean-Medain.png
Component: component_1755080850981_128.png
centerX: 0.8976219266424829
centerY: 0.29483889364128885
width: 0.035872632003224506
height: 0.02480752780153978
Area: 0.0003951330367422005
CentroidX: 0.9178
CentroidY: 0.3051
