Location: Dedata_16.png_Gaussian-Closing.png
Component: component_1755519378694_143.png
centerX: 0.25725806451612904
centerY: 0.26332288401253917
width: 0.02338709677419355
height: 0.018523795953263037
Area: 0.00019454582226348835
CentroidX: 0.2677
CentroidY: 0.2715
