Location: internet_25.png_Gaussian-Closing.png
Component: component_1755080851312_193.png
centerX: 0.45908907698508666
centerY: 0.41402908468776733
width: 0.03788794840790004
height: 0.020245223838038208
Area: 0.0003482411580363198
CentroidX: 0.4799
CentroidY: 0.4220
