Location: Dedata_16.png_Mean-Closing.png
Component: component_1755519379359_300.png
centerX: 0.432258064516129
centerY: 0.567398119122257
width: 0.03508064516129032
height: 0.01937874038187518
Area: 0.0002921060131091479
CentroidX: 0.4494
CentroidY: 0.5743
