Location: Dedata_16.png_Mean-Closing.png
Component: component_1755519379387_361.png
centerX: 0.9217741935483871
centerY: 0.7050441721288117
width: 0.03588709677419355
height: 0.017098888572242805
Area: 0.00028302797414942225
CentroidX: 0.9398
CentroidY: 0.7115
