Location: Dedata_16.png_Mean-Medain.png
Component: component_1755519378472_111.png
centerX: 0.9508064516129032
centerY: 0.19378740381875179
width: 0.03024193548387097
height: 0.01909375890567113
Area: 0.0002272957096498405
CentroidX: 0.9656
CentroidY: 0.2016
