Location: Dedata_16.png_Gaussian-Median.png
Component: component_1755519378079_167.png
centerX: 0.007661290322580645
centerY: 0.2755770874893132
width: 0.025403225806451612
height: 0.019663721858079224
Area: 0.00020132562351189107
CentroidX: 0.0190
CentroidY: 0.2849
