Location: Dedata_16.png_Mean-Closing.png
Component: component_1755519379344_249.png
centerX: 0.8415322580645161
centerY: 0.469649472784269
width: 0.027419354838709678
height: 0.020518666286691366
Area: 0.000244762316255895
CentroidX: 0.8553
CentroidY: 0.4771
