Location: Dedata_16.png_Gaussian-Closing.png
Component: component_1755519378660_38.png
centerX: 0.30443548387096775
centerY: 0.07153035052721574
width: 0.02217741935483871
height: 0.020518666286691366
Area: 0.00026797451714025687
CentroidX: 0.3148
CentroidY: 0.0811
