Location: Dedata_16.png_Mean-Medain.png
Component: component_1755519378534_385.png
centerX: 0.507258064516129
centerY: 0.7264177828441152
width: 0.025403225806451612
height: 0.020233684810487318
Area: 0.00022878956416220043
CentroidX: 0.5198
CentroidY: 0.7356
