Location: Dedata_16.png_Gaussian-Closing.png
Component: component_1755519378674_79.png
centerX: 0.26814516129032256
centerY: 0.1481903676261043
width: 0.028225806451612902
height: 0.020518666286691366
Area: 0.00026533154377223546
CentroidX: 0.2807
CentroidY: 0.1567
