Location: internet_25.png_Gaussian-Median.png
Component: component_1755080850843_73.png
centerX: 0.8831116485288191
centerY: 0.1568291987453664
width: 0.03909713825070536
height: 0.0213857998289136
Area: 0.00038547882642040154
CentroidX: 0.9047
CentroidY: 0.1653
