Location: internet_25.png_Mean-Closing.png
Component: component_1755080851435_142.png
centerX: 0.47118097541313986
centerY: 0.2994011976047904
width: 0.04554615074566707
height: 0.023666951810664385
Area: 0.00041662514781572917
CentroidX: 0.4939
CentroidY: 0.3091
