Location: internet_25.png_Mean-Closing.png
Component: component_1755080851471_235.png
centerX: 0.9157597742845627
centerY: 0.5223838038209295
width: 0.04070939137444579
height: 0.02480752780153978
Area: 0.0004081202482465253
CentroidX: 0.9378
CentroidY: 0.5323
