Location: internet_25.png_Gaussian-Closing.png
Component: component_1755080851232_99.png
centerX: 0.056831922611850064
centerY: 0.22355289421157684
width: 0.0354695687222894
height: 0.023381807812945538
Area: 0.00039237469093597225
CentroidX: 0.0753
CentroidY: 0.2339
