Location: Dedata_16.png_Mean-Medain.png
Component: component_1755519378485_164.png
centerX: 0.6762096774193549
centerY: 0.2835565688230265
width: 0.03870967741935484
height: 0.01909375890567113
Area: 0.0002529210601310915
CentroidX: 0.6950
CentroidY: 0.2907
