Location: Dedata_16.png_Gaussian-Closing.png
Component: component_1755519378773_291.png
centerX: 0.7975806451612903
centerY: 0.5445996010259333
width: 0.039919354838709675
height: 0.02080364776289541
Area: 0.00028888848031329576
CentroidX: 0.8185
CentroidY: 0.5517
