Location: internet_25.png_Mean-Medain.png
Component: component_1755080850989_161.png
centerX: 0.1592099959693672
centerY: 0.3384659252922726
width: 0.037484885126964934
height: 0.02281151981750784
Area: 0.00037938747943164745
CentroidX: 0.1780
CentroidY: 0.3475
