Location: Dedata_16.png_Mean-Closing.png
Component: component_1755519379260_76.png
centerX: 0.5665322580645161
centerY: 0.14676546024508408
width: 0.029838709677419355
height: 0.01937874038187518
Area: 0.0002453368756837257
CentroidX: 0.5802
CentroidY: 0.1557
