Location: Dedata_16.png_Mean-Closing.png
Component: component_1755519379268_97.png
centerX: 0.46975806451612906
centerY: 0.18010829296095754
width: 0.02620967741935484
height: 0.018238814477058992
Area: 0.00023660357238069847
CentroidX: 0.4821
CentroidY: 0.1877
