Location: internet_25.png_Gaussian-Closing.png
Component: component_1755080851186_10.png
centerX: 0.6723095525997581
centerY: 0.025377815796977475
width: 0.04433696090286175
height: 0.028229255774165955
Area: 0.00048420462006832195
CentroidX: 0.6964
CentroidY: 0.0368
