Location: internet_25.png_Mean-Closing.png
Component: component_1755080851409_31.png
centerX: 0.8117694478033051
centerY: 0.0718562874251497
width: 0.041112454655380895
height: 0.0290846877673225
Area: 0.0005002949706046535
CentroidX: 0.8339
CentroidY: 0.0842
