Location: internet_25.png_Gaussian-Median.png
Component: component_1755080850867_187.png
centerX: 0.06126561870213623
centerY: 0.3806672369546621
width: 0.037484885126964934
height: 0.021956087824351298
Area: 0.0003885819654524084
CentroidX: 0.0812
CentroidY: 0.3897
