Location: internet_25.png_Mean-Closing.png
Component: component_1755080851443_173.png
centerX: 0.7069729947601774
centerY: 0.37182777302537784
width: 0.039500201531640466
height: 0.02623324779013402
Area: 0.0004294974282447945
CentroidX: 0.7273
CentroidY: 0.3837
