Location: Dedata_16.png_Gaussian-Closing.png
Component: component_1755519378762_268.png
centerX: 0.20524193548387096
centerY: 0.5024223425477344
width: 0.027822580645161292
height: 0.0219435736677116
Area: 0.00026751486959799225
CentroidX: 0.2186
CentroidY: 0.5120
