Location: internet_25.png_Gaussian-Median.png
Component: component_1755080850834_39.png
centerX: 0.014107214832728738
centerY: 0.09238665526090675
width: 0.03829101168883515
height: 0.031080695751354435
Area: 0.0004359335684593271
CentroidX: 0.0337
CentroidY: 0.1071
