Location: Dedata_16.png_Gaussian-Closing.png
Component: component_1755519378737_201.png
centerX: 0.2810483870967742
centerY: 0.38073525220860643
width: 0.028629032258064516
height: 0.020518666286691366
Area: 0.00023442024655494166
CentroidX: 0.2954
CentroidY: 0.3891
