Location: internet_25.png_Gaussian-Median.png
Component: component_1755080850859_151.png
centerX: 0.9496170898831117
centerY: 0.32934131736526945
width: 0.046352277307537285
height: 0.02281151981750784
Area: 0.0004022587634082902
CentroidX: 0.9715
CentroidY: 0.3392
