Location: Dedata_16.png_Gaussian-Closing.png
Component: component_1755519378746_237.png
centerX: 0.589516129032258
centerY: 0.44542604730692503
width: 0.02943548387096774
height: 0.019663721858079224
Area: 0.00026360786548874324
CentroidX: 0.6061
CentroidY: 0.4529
