Location: Dedata_16.png_Gaussian-Closing.png
Component: component_1755519378743_225.png
centerX: 0.11895161290322581
centerY: 0.42547734397264175
width: 0.032661290322580645
height: 0.020233684810487318
Area: 0.00025901139006609733
CentroidX: 0.1359
CentroidY: 0.4329
