Location: Dedata_16.png_Gaussian-Median.png
Component: component_1755519378100_268.png
centerX: 0.17338709677419356
centerY: 0.4645198062125962
width: 0.029838709677419355
height: 0.018523795953263037
Area: 0.0002683192527969553
CentroidX: 0.1880
CentroidY: 0.4716
