Location: internet_25.png_Mean-Medain.png
Component: component_1755080851014_261.png
centerX: 0.5505844417573559
centerY: 0.5768463073852296
width: 0.04514308746473196
height: 0.021100655831194755
Area: 0.0003981212446989478
CentroidX: 0.5731
CentroidY: 0.5859
