Location: internet_25.png_Mean-Closing.png
Component: component_1755080851448_188.png
centerX: 0.6670697299476017
centerY: 0.40633019674935844
width: 0.04353083434099154
height: 0.023096663815226688
Area: 0.00039329413953804836
CentroidX: 0.6913
CentroidY: 0.4151
