Location: Dedata_16.png_Gaussian-Closing.png
Component: component_1755519378681_110.png
centerX: 0.8580645161290322
centerY: 0.20091194072385296
width: 0.025
height: 0.018523795953263037
Area: 0.00021040366247161677
CentroidX: 0.8699
CentroidY: 0.2084
