Location: Dedata_16.png_Mean-Closing.png
Component: component_1755519379402_410.png
centerX: 0.6044354838709678
centerY: 0.8027928184667996
width: 0.02903225806451613
height: 0.019948703334283273
Area: 0.00026337804171761096
CentroidX: 0.6178
CentroidY: 0.8107
