Location: Dedata_16.png_Mean-Closing.png
Component: component_1755519379238_6.png
centerX: 0.3919354838709677
centerY: 0.02536335138216016
width: 0.02620967741935484
height: 0.01909375890567113
Area: 0.0002700429310804475
CentroidX: 0.4045
CentroidY: 0.0340
