Location: internet_25.png_Mean-Medain.png
Component: component_1755080851000_200.png
centerX: 0.06408706166868199
centerY: 0.4214428286284574
width: 0.04433696090286175
height: 0.022526375819788995
Area: 0.0004242105987828569
CentroidX: 0.0887
CentroidY: 0.4298
