Location: internet_25.png_Mean-Medain.png
Component: component_1755080850970_85.png
centerX: 0.5215638855300282
centerY: 0.18905047048759624
width: 0.04353083434099154
height: 0.022241231822070145
Area: 0.000409844214375418
CentroidX: 0.5440
CentroidY: 0.1974
