Location: internet_25.png_Gaussian-Closing.png
Component: component_1755080851217_70.png
centerX: 0.8831116485288191
centerY: 0.15711434274308525
width: 0.03909713825070536
height: 0.020815511833475905
Area: 0.0003842145845925469
CentroidX: 0.9047
CentroidY: 0.1654
