Location: internet_25.png_Mean-Closing.png
Component: component_1755080851417_68.png
centerX: 0.479242241031842
centerY: 0.1568291987453664
width: 0.04353083434099154
height: 0.021670943826632448
Area: 0.0004161654235146911
CentroidX: 0.5014
CentroidY: 0.1655
