Location: Dedata_16.png_Mean-Closing.png
Component: component_1755519379328_195.png
centerX: 0.5342741935483871
centerY: 0.3687660302080365
width: 0.035483870967741936
height: 0.0176688515246509
Area: 0.0002652166318866693
CentroidX: 0.5538
CentroidY: 0.3761
