Location: Dedata_16.png_Mean-Medain.png
Component: component_1755519378533_383.png
centerX: 0.6112903225806452
centerY: 0.7181533200341977
width: 0.020967741935483872
height: 0.02108862923909946
Area: 0.00020224491859642025
CentroidX: 0.6216
CentroidY: 0.7286
