Location: internet_25.png_Gaussian-Median.png
Component: component_1755080850825_4.png
centerX: 0.06972994760177348
centerY: 0.011976047904191617
width: 0.03345425231761386
height: 0.023381807812945538
Area: 0.0003838697913667684
CentroidX: 0.0880
CentroidY: 0.0223
