Location: internet_25.png_Gaussian-Median.png
Component: component_1755080850857_143.png
centerX: 0.3139862958484482
centerY: 0.2994011976047904
width: 0.04030632809351068
height: 0.02281151981750784
Area: 0.0003999601419031
CentroidX: 0.3369
CentroidY: 0.3084
