Location: Dedata_16.png_Mean-Closing.png
Component: component_1755519379363_315.png
centerX: 0.6056451612903225
centerY: 0.6033057851239669
width: 0.03024193548387097
height: 0.019948703334283273
Area: 0.0002671701339412938
CentroidX: 0.6200
CentroidY: 0.6111
