Location: Dedata_16.png_Gaussian-Median.png
Component: component_1755519378142_446.png
centerX: 0.22983870967741934
centerY: 0.8247363921345112
width: 0.032661290322580645
height: 0.018238814477058992
Area: 0.00024717546585278406
CentroidX: 0.2456
CentroidY: 0.8321
