Location: internet_25.png_Mean-Medain.png
Component: component_1755080850993_171.png
centerX: 0.5856509471987102
centerY: 0.3712574850299401
width: 0.042724707779121324
height: 0.021100655831194755
Area: 0.00040237369448354975
CentroidX: 0.6098
CentroidY: 0.3798
