Location: Dedata_16.png_Gaussian-Closing.png
Component: component_1755519378698_146.png
centerX: 0.10766129032258065
centerY: 0.27044742091764035
width: 0.025403225806451612
height: 0.021373610715303505
Area: 0.00023763777935079382
CentroidX: 0.1186
CentroidY: 0.2808
