Location: internet_25.png_Gaussian-Closing.png
Component: component_1755080851338_246.png
centerX: 0.34139459895203544
centerY: 0.5449101796407185
width: 0.05038291011688835
height: 0.022241231822070145
Area: 0.0003905357937318201
CentroidX: 0.3671
CentroidY: 0.5540
