Location: Dedata_16.png_Gaussian-Closing.png
Component: component_1755519379151_416.png
centerX: 0.5008064516129033
centerY: 0.8093473924194927
width: 0.03185483870967742
height: 0.017953833000854943
Area: 0.00024257899043013818
CentroidX: 0.5167
CentroidY: 0.8168
