Location: Dedata_16.png_Mean-Medain.png
Component: component_1755519378377_50.png
centerX: 0.9350806451612903
centerY: 0.0994585351952123
width: 0.029838709677419355
height: 0.01909375890567113
Area: 0.00026797451714025687
CentroidX: 0.9499
CentroidY: 0.1076
