Location: internet_25.png_Gaussian-Median.png
Component: component_1755080850855_134.png
centerX: 0.8484482063683998
centerY: 0.29740518962075846
width: 0.04070939137444579
height: 0.023666951810664385
Area: 0.0003859385507214396
CentroidX: 0.8700
CentroidY: 0.3072
