Location: Dedata_16.png_Mean-Closing.png
Component: component_1755519379251_42.png
centerX: 0.055645161290322584
centerY: 0.0743801652892562
width: 0.02620967741935484
height: 0.01909375890567113
Area: 0.0002582070068671343
CentroidX: 0.0671
CentroidY: 0.0824
