Location: internet_25.png_Mean-Medain.png
Component: component_1755080850990_168.png
centerX: 0.8081418782748891
centerY: 0.3675506130595951
width: 0.04232164449818621
height: 0.023952095808383235
Area: 0.0004119129737300892
CentroidX: 0.8313
CentroidY: 0.3767
