Location: internet_25.png_Mean-Closing.png
Component: component_1755080851423_94.png
centerX: 0.8121725110842403
centerY: 0.22212717422298262
width: 0.042724707779121324
height: 0.02281151981750784
Area: 0.0004258196338364901
CentroidX: 0.8346
CentroidY: 0.2318
