Location: Dedata_16.png_Gaussian-Closing.png
Component: component_1755519378793_345.png
centerX: 0.17983870967741936
centerY: 0.6622969506982046
width: 0.027822580645161292
height: 0.01909375890567113
Area: 0.00023763777935079382
CentroidX: 0.1931
CentroidY: 0.6702
