Location: internet_25.png_Mean-Closing.png
Component: component_1755080851478_257.png
centerX: 0.7009270455461507
centerY: 0.5677216994582264
width: 0.03667875856509472
height: 0.022241231822070145
Area: 0.00036375685319635386
CentroidX: 0.7209
CentroidY: 0.5767
