Location: Dedata_16.png_Mean-Closing.png
Component: component_1755519379377_339.png
centerX: 0.3463709677419355
centerY: 0.6526075805072671
width: 0.028225806451612902
height: 0.01738387004844685
Area: 0.0002638376892598755
CentroidX: 0.3598
CentroidY: 0.6597
