Location: internet_25.png_Mean-Closing.png
Component: component_1755080851449_192.png
centerX: 0.40185409109230147
centerY: 0.4143142286854862
width: 0.044740024183796856
height: 0.020815511833475905
Area: 0.0003766291336254192
CentroidX: 0.4256
CentroidY: 0.4223
