Location: Dedata_16.png_Mean-Closing.png
Component: component_1755519379347_257.png
centerX: 0.5576612903225806
centerY: 0.481903676261043
width: 0.025806451612903226
height: 0.023083499572527786
Area: 0.0002764779966721518
CentroidX: 0.5702
CentroidY: 0.4913
