Location: internet_25.png_Gaussian-Closing.png
Component: component_1755080851333_227.png
centerX: 0.3958081418782749
centerY: 0.4921585400627317
width: 0.03990326481257558
height: 0.024522383803820928
Area: 0.0004252449784601925
CentroidX: 0.4169
CentroidY: 0.5022
