Location: Dedata_16.png_Mean-Medain.png
Component: component_1755519378500_235.png
centerX: 0.9358870967741936
centerY: 0.4231974921630094
width: 0.024193548387096774
height: 0.021373610715303505
Area: 0.0002526912363599592
CentroidX: 0.9476
CentroidY: 0.4324
