Location: Dedata_16.png_Mean-Closing.png
Component: component_1755519379406_430.png
centerX: 0.652016129032258
centerY: 0.8392704474209176
width: 0.02903225806451613
height: 0.02108862923909946
Area: 0.00026360786548874324
CentroidX: 0.6648
CentroidY: 0.8478
