Location: internet_25.png_Gaussian-Closing.png
Component: component_1755080851279_164.png
centerX: 0.06247480854494156
centerY: 0.34046193327630453
width: 0.03869407496977025
height: 0.023666951810664385
Area: 0.00039846603792472634
CentroidX: 0.0828
CentroidY: 0.3502
