Location: Dedata_16.png_Mean-Closing.png
Component: component_1755519379405_424.png
centerX: 0.17943548387096775
centerY: 0.829296095753776
width: 0.029838709677419355
height: 0.020233684810487318
Area: 0.0002539552671011868
CentroidX: 0.1931
CentroidY: 0.8375
