Location: internet_25.png_Gaussian-Closing.png
Component: component_1755080851230_93.png
centerX: 0.8653768641676743
centerY: 0.22013116623895068
width: 0.041515517936316
height: 0.021956087824351298
Area: 0.00038432951566780646
CentroidX: 0.8867
CentroidY: 0.2289
