Location: Dedata_16.png_Mean-Closing.png
Component: component_1755519379274_120.png
centerX: 0.4088709677419355
centerY: 0.21858079224850385
width: 0.027419354838709678
height: 0.01738387004844685
Area: 0.0002237334411972899
CentroidX: 0.4211
CentroidY: 0.2258
