Location: Dedata_16.png_Mean-Medain.png
Component: component_1755519378515_299.png
centerX: 0.905241935483871
centerY: 0.5377600455970362
width: 0.03225806451612903
height: 0.019948703334283273
Area: 0.00027084731427941055
CentroidX: 0.9212
CentroidY: 0.5450
