Location: Dedata_16.png_Mean-Closing.png
Component: component_1755519379267_94.png
centerX: 0.6262096774193548
centerY: 0.17839840410373325
width: 0.027419354838709678
height: 0.017098888572242805
Area: 0.00022189485102823154
CentroidX: 0.6389
CentroidY: 0.1850
