Location: Dedata_16.png_Mean-Closing.png
Component: component_1755519379261_81.png
centerX: 0.36532258064516127
centerY: 0.14961527500712454
width: 0.032661290322580645
height: 0.017953833000854943
Area: 0.0002522315888176946
CentroidX: 0.3816
CentroidY: 0.1573
