Location: Dedata_16.png_Mean-Closing.png
Component: component_1755519379333_205.png
centerX: 0.06774193548387097
centerY: 0.3907096038757481
width: 0.03467741935483871
height: 0.01937874038187518
Area: 0.0002673999577124261
CentroidX: 0.0879
CentroidY: 0.3985
