Location: internet_25.png_Mean-Closing.png
Component: component_1755080851478_255.png
centerX: 0.7988714228133817
centerY: 0.5614485315084118
width: 0.045949214026602174
height: 0.025377815796977475
Area: 0.0004521388500709182
CentroidX: 0.8208
CentroidY: 0.5721
