Location: internet_25.png_Gaussian-Closing.png
Component: component_1755080851209_40.png
centerX: 0.2361950826279726
centerY: 0.10407755916737953
width: 0.037081821846029824
height: 0.026518391787852865
Area: 0.0004078903860960063
CentroidX: 0.2575
CentroidY: 0.1151
