Location: internet_25.png_Gaussian-Closing.png
Component: component_1755080851304_182.png
centerX: 0.006045949214026602
centerY: 0.38038209295694325
width: 0.04554615074566707
height: 0.02623324779013402
Area: 0.0004430592951254168
CentroidX: 0.0288
CentroidY: 0.3924
