Location: internet_25.png_Mean-Closing.png
Component: component_1755080851416_64.png
centerX: 0.7142281338170092
centerY: 0.15568862275449102
width: 0.042724707779121324
height: 0.023381807812945538
Area: 0.00042903770394375643
CentroidX: 0.7376
CentroidY: 0.1645
