Location: internet_25.png_Mean-Closing.png
Component: component_1755080851431_126.png
centerX: 0.638049173720274
centerY: 0.2617621899059025
width: 0.04393389762192664
height: 0.02423723980610208
Area: 0.0004724816503918518
CentroidX: 0.6630
CentroidY: 0.2716
