Location: internet_25.png_Mean-Medain.png
Component: component_1755080850983_134.png
centerX: 0.16243450221684805
centerY: 0.2985457656116339
width: 0.03869407496977025
height: 0.02480752780153978
Area: 0.0004198432179229955
CentroidX: 0.1819
CentroidY: 0.3088
