Location: internet_25.png_Mean-Medain.png
Component: component_1755080850996_184.png
centerX: 0.9028617492946392
centerY: 0.4026233247790134
width: 0.04554615074566707
height: 0.022241231822070145
Area: 0.00039973027975258096
CentroidX: 0.9249
CentroidY: 0.4126
