Location: internet_25.png_Mean-Medain.png
Component: component_1755080850962_48.png
centerX: 0.6614268440145102
centerY: 0.11861990305104078
width: 0.031035872632003223
height: 0.02281151981750784
Area: 0.00036548081932524654
CentroidX: 0.6765
CentroidY: 0.1280
