Location: internet_25.png_Mean-Closing.png
Component: component_1755080851412_48.png
centerX: 0.6614268440145102
centerY: 0.11861990305104078
width: 0.030632809351068116
height: 0.02281151981750784
Area: 0.0003636419221210944
CentroidX: 0.6765
CentroidY: 0.1280
