Location: internet_25.png_Gaussian-Median.png
Component: component_1755080850827_16.png
centerX: 0.8496573962112052
centerY: 0.028514399771884802
width: 0.04796453043127771
height: 0.025092671799258625
Area: 0.00046271250899479325
CentroidX: 0.8729
CentroidY: 0.0387
