Location: Dedata_16.png_Gaussian-Closing.png
Component: component_1755519378839_396.png
centerX: 0.4967741935483871
centerY: 0.7694499857509262
width: 0.027419354838709678
height: 0.018238814477058992
Area: 0.0002112080456705798
CentroidX: 0.5096
CentroidY: 0.7780
