Location: Dedata_16.png_Mean-Medain.png
Component: component_1755519378488_178.png
centerX: 0.8782258064516129
centerY: 0.3092049016813907
width: 0.03669354838709677
height: 0.020518666286691366
Area: 0.00027211134502063816
CentroidX: 0.8972
CentroidY: 0.3168
