Location: Dedata_16.png_Mean-Closing.png
Component: component_1755519379375_336.png
centerX: 0.4971774193548387
centerY: 0.64576802507837
width: 0.03064516129032258
height: 0.01937874038187518
Area: 0.0002745244946175273
CentroidX: 0.5115
CentroidY: 0.6533
