Location: internet_25.png_Mean-Closing.png
Component: component_1755080851411_44.png
centerX: 0.48286981056025796
centerY: 0.11405759908753921
width: 0.041112454655380895
height: 0.026518391787852865
Area: 0.0004309915322231681
CentroidX: 0.5058
CentroidY: 0.1242
