Location: internet_25.png_Mean-Medain.png
Component: component_1755080851001_204.png
centerX: 0.7388149939540508
centerY: 0.43912175648702595
width: 0.04232164449818621
height: 0.021100655831194755
Area: 0.0003836399292162494
CentroidX: 0.7602
CentroidY: 0.4475
