Location: Dedata_16.png_Mean-Closing.png
Component: component_1755519379320_158.png
centerX: 0.4625
centerY: 0.292675976061556
width: 0.029838709677419355
height: 0.016813907096038756
Area: 0.00021224225264067514
CentroidX: 0.4760
CentroidY: 0.2992
