Location: internet_25.png_Mean-Closing.png
Component: component_1755080851424_97.png
centerX: 0.21966948810963322
centerY: 0.223267750213858
width: 0.04191858121725111
height: 0.023381807812945538
Area: 0.00042237170157870474
CentroidX: 0.2431
CentroidY: 0.2321
