Location: Dedata_16.png_Mean-Closing.png
Component: component_1755519379388_363.png
centerX: 0.8181451612903226
centerY: 0.7081789683670562
width: 0.02903225806451613
height: 0.019948703334283273
Area: 0.00025407017898675295
CentroidX: 0.8315
CentroidY: 0.7160
