Location: internet_25.png_Mean-Closing.png
Component: component_1755080851426_107.png
centerX: 0.6440951229343007
centerY: 0.22526375819788994
width: 0.041515517936316
height: 0.021956087824351298
Area: 0.00040547683351555653
CentroidX: 0.6655
CentroidY: 0.2342
