Location: internet_25.png_Mean-Medain.png
Component: component_1755080850969_82.png
centerX: 0.1717049576783555
centerY: 0.1881950384944397
width: 0.044740024183796856
height: 0.023381807812945538
Area: 0.00045937950781226744
CentroidX: 0.1958
CentroidY: 0.1978
