Location: internet_25.png_Mean-Medain.png
Component: component_1755080851010_238.png
centerX: 0.7839580814187828
centerY: 0.5278015397775877
width: 0.03909713825070536
height: 0.023952095808383235
Area: 0.0004435190194264549
CentroidX: 0.8055
CentroidY: 0.5378
