Location: Dedata_16.png_Gaussian-Closing.png
Component: component_1755519378821_384.png
centerX: 0.2318548387096774
centerY: 0.7475064120832146
width: 0.031048387096774193
height: 0.01937874038187518
Area: 0.00026912363599591833
CentroidX: 0.2465
CentroidY: 0.7553
