Location: internet_25.png_Gaussian-Median.png
Component: component_1755080850853_121.png
centerX: 0.7988714228133817
centerY: 0.2600513259195894
width: 0.04836759371221282
height: 0.02480752780153978
Area: 0.0004488058488883924
CentroidX: 0.8240
CentroidY: 0.2704
