Location: Dedata_16.png_Mean-Closing.png
Component: component_1755519379373_327.png
centerX: 0.8
centerY: 0.6261043032202906
width: 0.034274193548387094
height: 0.021373610715303505
Area: 0.0002985410787008522
CentroidX: 0.8174
CentroidY: 0.6341
