Location: Dedata_16.png_Mean-Closing.png
Component: component_1755519379394_386.png
centerX: 0.0814516129032258
centerY: 0.7563408378455401
width: 0.02661290322580645
height: 0.018808777429467086
Area: 0.0002523465007032607
CentroidX: 0.0945
CentroidY: 0.7642
