Location: internet_25.png_Mean-Closing.png
Component: component_1755080851403_8.png
centerX: 0.373639661426844
centerY: 0.024522383803820928
width: 0.04836759371221282
height: 0.023666951810664385
Area: 0.00045156419469462067
CentroidX: 0.4011
CentroidY: 0.0336
