Location: Dedata_16.png_Gaussian-Closing.png
Component: component_1755519379161_446.png
centerX: 0.1310483870967742
centerY: 0.8726132801367911
width: 0.028629032258064516
height: 0.02080364776289541
Area: 0.00024947370356410704
CentroidX: 0.1449
CentroidY: 0.8817
