Location: internet_25.png_Mean-Medain.png
Component: component_1755080850955_27.png
centerX: 0.4183796856106409
centerY: 0.06986027944111776
width: 0.041112454655380895
height: 0.023952095808383235
Area: 0.00041202790480534873
CentroidX: 0.4386
CentroidY: 0.0806
