Location: Dedata_16.png_Mean-Medain.png
Component: component_1755519378485_161.png
centerX: 0.7786290322580646
centerY: 0.27785693929894556
width: 0.03387096774193549
height: 0.018808777429467086
Area: 0.0002591263019516635
CentroidX: 0.7968
CentroidY: 0.2856
