Location: Dedata_16.png_Gaussian-Closing.png
Component: component_1755519378667_57.png
centerX: 0.589516129032258
centerY: 0.10914790538614991
width: 0.024596774193548387
height: 0.017953833000854943
Area: 0.00022626150267974517
CentroidX: 0.6008
CentroidY: 0.1170
