Location: Dedata_16.png_Gaussian-Median.png
Component: component_1755519378085_196.png
centerX: 0.5185483870967742
centerY: 0.3305785123966942
width: 0.029838709677419355
height: 0.018238814477058992
Area: 0.00022189485102823154
CentroidX: 0.5331
CentroidY: 0.3375
