Location: internet_25.png_Mean-Medain.png
Component: component_1755080851010_242.png
centerX: 0.6827891979040709
centerY: 0.5337895637296834
width: 0.04312777106005643
height: 0.023381807812945538
Area: 0.0004170848721167672
CentroidX: 0.7049
CentroidY: 0.5432
