Location: internet_25.png_Gaussian-Median.png
Component: component_1755080850846_90.png
centerX: 0.46392583635630796
centerY: 0.18962075848303392
width: 0.03869407496977025
height: 0.022241231822070145
Area: 0.00038111144556054013
CentroidX: 0.4847
CentroidY: 0.1982
