Location: Dedata_16.png_Gaussian-Median.png
Component: component_1755519378064_84.png
centerX: 0.46774193548387094
centerY: 0.14562553434026787
width: 0.025
height: 0.01909375890567113
Area: 0.00022775535719210508
CentroidX: 0.4791
CentroidY: 0.1536
