Location: internet_25.png_Gaussian-Median.png
Component: component_1755080850839_57.png
centerX: 0.0036275695284159614
centerY: 0.13915027088679782
width: 0.04433696090286175
height: 0.03222127174222983
Area: 0.000495238003293235
CentroidX: 0.0287
CentroidY: 0.1537
