Location: Dedata_16.png_Mean-Closing.png
Component: component_1755519379355_287.png
centerX: 0.2157258064516129
centerY: 0.5388999715018524
width: 0.03024193548387097
height: 0.0219435736677116
Area: 0.00028785427334320044
CentroidX: 0.2322
CentroidY: 0.5472
