Location: Dedata_16.png_Gaussian-Closing.png
Component: component_1755519378745_236.png
centerX: 0.5419354838709678
centerY: 0.445141065830721
width: 0.03588709677419355
height: 0.020518666286691366
Area: 0.0002847516524329144
CentroidX: 0.5614
CentroidY: 0.4533
