Location: internet_25.png_Gaussian-Closing.png
Component: component_1755080851210_43.png
centerX: 0.41152760983474407
centerY: 0.11234673510122611
width: 0.045949214026602174
height: 0.02594810379241517
Area: 0.0004650111304999835
CentroidX: 0.4357
CentroidY: 0.1231
