Location: Dedata_16.png_Mean-Closing.png
Component: component_1755519379378_343.png
centerX: 0.9145161290322581
centerY: 0.6622969506982046
width: 0.028629032258064516
height: 0.019948703334283273
Area: 0.0002732604638762997
CentroidX: 0.9281
CentroidY: 0.6704
