Location: Dedata_16.png_Mean-Medain.png
Component: component_1755519378526_354.png
centerX: 0.2318548387096774
centerY: 0.6600170988885723
width: 0.03185483870967742
height: 0.020233684810487318
Area: 0.00027774202741337944
CentroidX: 0.2479
CentroidY: 0.6680
