Location: Dedata_16.png_Gaussian-Closing.png
Component: component_1755519378698_148.png
centerX: 0.8733870967741936
centerY: 0.27215730977486463
width: 0.038306451612903226
height: 0.020233684810487318
Area: 0.0002661359269711985
CentroidX: 0.8948
CentroidY: 0.2803
