Location: internet_25.png_Gaussian-Closing.png
Component: component_1755080851223_81.png
centerX: 0.7887948407900041
centerY: 0.18762475049900199
width: 0.04070939137444579
height: 0.023381807812945538
Area: 0.0004077754550207468
CentroidX: 0.8110
CentroidY: 0.1964
