Location: internet_25.png_Gaussian-Median.png
Component: component_1755080850876_230.png
centerX: 0.4486094316807739
centerY: 0.4881665240946678
width: 0.04514308746473196
height: 0.02566295979469632
Area: 0.0004142115952352794
CentroidX: 0.4727
CentroidY: 0.4984
