Location: Dedata_16.png_Gaussian-Median.png
Component: component_1755519378084_188.png
centerX: 0.05685483870967742
centerY: 0.31433456825306355
width: 0.0375
height: 0.017953833000854943
Area: 0.00023602901295286774
CentroidX: 0.0780
CentroidY: 0.3213
