Location: internet_25.png_Mean-Medain.png
Component: component_1755080851003_214.png
centerX: 0.237807335751713
centerY: 0.45566010835471915
width: 0.03667875856509472
height: 0.023381807812945538
Area: 0.0003749051674965265
CentroidX: 0.2583
CentroidY: 0.4652
