Location: internet_25.png_Mean-Medain.png
Component: component_1755080851001_203.png
centerX: 0.7968561064087062
centerY: 0.43741089250071286
width: 0.044740024183796856
height: 0.021670943826632448
Area: 0.000385134033194623
CentroidX: 0.8193
CentroidY: 0.4464
