Location: Dedata_16.png_Mean-Closing.png
Component: component_1755519379401_404.png
centerX: 0.7887096774193548
centerY: 0.7922485038472499
width: 0.029838709677419355
height: 0.01909375890567113
Area: 0.0002479798490517471
CentroidX: 0.8046
CentroidY: 0.8004
