Location: Dedata_16.png_Gaussian-Median.png
Component: component_1755519378057_49.png
centerX: 0.2600806451612903
centerY: 0.07238529495582788
width: 0.02056451612903226
height: 0.01937874038187518
Area: 0.0002457965232259903
CentroidX: 0.2696
CentroidY: 0.0813
