Location: Dedata_16.png_Gaussian-Closing.png
Component: component_1755519378787_329.png
centerX: 0.12943548387096773
centerY: 0.627529210601311
width: 0.027016129032258064
height: 0.01909375890567113
Area: 0.00023867198632088914
CentroidX: 0.1412
CentroidY: 0.6352
