Location: internet_25.png_Mean-Closing.png
Component: component_1755080851435_139.png
centerX: 0.11164852881902458
centerY: 0.2996863416025093
width: 0.03788794840790004
height: 0.02480752780153978
Area: 0.00042467032308389496
CentroidX: 0.1303
CentroidY: 0.3099
