Location: internet_25.png_Mean-Closing.png
Component: component_1755080851480_261.png
centerX: 0.5002015316404675
centerY: 0.5785571713715426
width: 0.04030632809351068
height: 0.023381807812945538
Area: 0.00038329513599047086
CentroidX: 0.5213
CentroidY: 0.5876
