Location: internet_25.png_Mean-Medain.png
Component: component_1755080850994_176.png
centerX: 0.26803708182184605
centerY: 0.37496435700028513
width: 0.042724707779121324
height: 0.022241231822070145
Area: 0.0004161654235146911
CentroidX: 0.2895
CentroidY: 0.3846
