Location: internet_25.png_Mean-Medain.png
Component: component_1755080851015_265.png
centerX: 0.3313180169286578
centerY: 0.583689763330482
width: 0.04312777106005643
height: 0.023096663815226688
Area: 0.00037053778663666503
CentroidX: 0.3547
CentroidY: 0.5928
