Location: Dedata_16.png_Gaussian-Median.png
Component: component_1755519378138_424.png
centerX: 0.9237903225806452
centerY: 0.780849244799088
width: 0.03387096774193549
height: 0.01909375890567113
Area: 0.0002268360621075759
CentroidX: 0.9422
CentroidY: 0.7889
