Location: internet_25.png_Mean-Medain.png
Component: component_1755080850994_174.png
centerX: 0.37162434502216846
centerY: 0.37268320501853436
width: 0.04312777106005643
height: 0.02566295979469632
Area: 0.0004269689445890852
CentroidX: 0.3925
CentroidY: 0.3841
