Location: Dedata_16.png_Gaussian-Median.png
Component: component_1755519378114_327.png
centerX: 0.2709677419354839
centerY: 0.5805072670276432
width: 0.032661290322580645
height: 0.01909375890567113
Area: 0.0002608499802351557
CentroidX: 0.2879
CentroidY: 0.5871
