Location: Dedata_16.png_Gaussian-Median.png
Component: component_1755519378047_11.png
centerX: 0.9137096774193548
centerY: 0.024223425477343973
width: 0.024596774193548387
height: 0.017953833000854943
Area: 0.00022626150267974517
CentroidX: 0.9262
CentroidY: 0.0322
