Location: Dedata_16.png_Mean-Closing.png
Component: component_1755519379373_325.png
centerX: 0.8483870967741935
centerY: 0.6238244514106583
width: 0.03024193548387097
height: 0.021373610715303505
Area: 0.0002978516073874553
CentroidX: 0.8634
CentroidY: 0.6324
