Location: internet_25.png_Mean-Medain.png
Component: component_1755080851002_208.png
centerX: 0.5014107214832729
centerY: 0.44938694040490446
width: 0.041515517936316
height: 0.025377815796977475
Area: 0.0004082351793217848
CentroidX: 0.5232
CentroidY: 0.4593
