Location: Dedata_16.png_Gaussian-Closing.png
Component: component_1755519378742_220.png
centerX: 0.2633064516129032
centerY: 0.41749786263892846
width: 0.02943548387096774
height: 0.01909375890567113
Area: 0.00025073773430533465
CentroidX: 0.2784
CentroidY: 0.4251
