Location: Dedata_16.png_Gaussian-Median.png
Component: component_1755519378103_279.png
centerX: 0.6036290322580645
centerY: 0.48019378740381874
width: 0.027016129032258064
height: 0.024508406953548018
Area: 0.00027372011141856424
CentroidX: 0.6156
CentroidY: 0.4899
