Location: Dedata_16.png_Gaussian-Median.png
Component: component_1755519378125_372.png
centerX: 0.07782258064516129
centerY: 0.6699914505557139
width: 0.031451612903225803
height: 0.02108862923909946
Area: 0.00028256832660715763
CentroidX: 0.0927
CentroidY: 0.6789
