Location: Dedata_16.png_Gaussian-Median.png
Component: component_1755519378056_45.png
centerX: 0.6169354838709677
centerY: 0.06925049871758336
width: 0.02620967741935484
height: 0.020233684810487318
Area: 0.00025901139006609733
CentroidX: 0.6300
CentroidY: 0.0779
