Location: Dedata_16.png_Mean-Closing.png
Component: component_1755519379348_260.png
centerX: 0.43024193548387096
centerY: 0.4895981761185523
width: 0.02903225806451613
height: 0.020233684810487318
Area: 0.00025740262366817125
CentroidX: 0.4444
CentroidY: 0.4983
