Location: internet_25.png_Mean-Closing.png
Component: component_1755080851484_276.png
centerX: 0.6174929463925837
centerY: 0.6193327630453379
width: 0.04312777106005643
height: 0.021670943826632448
Area: 0.0003980063136236883
CentroidX: 0.6409
CentroidY: 0.6279
