Location: Dedata_16.png_Gaussian-Closing.png
Component: component_1755519378699_150.png
centerX: 0.8290322580645161
centerY: 0.2750071245369051
width: 0.03185483870967742
height: 0.02080364776289541
Area: 0.00024085531214664596
CentroidX: 0.8449
CentroidY: 0.2830
