Location: Dedata_16.png_Gaussian-Median.png
Component: component_1755519378065_90.png
centerX: 0.21330645161290324
centerY: 0.14904531205471644
width: 0.028629032258064516
height: 0.020518666286691366
Area: 0.00024200443100230742
CentroidX: 0.2261
CentroidY: 0.1587
