Location: internet_25.png_Gaussian-Median.png
Component: component_1755080850836_47.png
centerX: 0.48246674727932287
centerY: 0.11405759908753921
width: 0.041515517936316
height: 0.026518391787852865
Area: 0.00041340707770846284
CentroidX: 0.5059
CentroidY: 0.1242
