Location: Dedata_16.png_Mean-Medain.png
Component: component_1755519378412_61.png
centerX: 0.5891129032258065
centerY: 0.10914790538614991
width: 0.025
height: 0.018238814477058992
Area: 0.0002414298715744767
CentroidX: 0.6007
CentroidY: 0.1169
