Location: internet_25.png_Gaussian-Closing.png
Component: component_1755080851247_129.png
centerX: 0.947198710197501
centerY: 0.29597946963216426
width: 0.04514308746473196
height: 0.02281151981750784
Area: 0.00039524796781746
CentroidX: 0.9708
CentroidY: 0.3059
