Location: Dedata_16.png_Mean-Medain.png
Component: component_1755519378505_258.png
centerX: 0.17298387096774193
centerY: 0.46423482473639216
width: 0.03064516129032258
height: 0.01909375890567113
Area: 0.0002863604188308405
CentroidX: 0.1880
CentroidY: 0.4715
