Location: Dedata_16.png_Mean-Closing.png
Component: component_1755519379271_109.png
centerX: 0.8580645161290322
centerY: 0.20091194072385296
width: 0.025403225806451612
height: 0.018523795953263037
Area: 0.00021925187766021014
CentroidX: 0.8700
CentroidY: 0.2084
