Location: internet_25.png_Gaussian-Closing.png
Component: component_1755080851247_127.png
centerX: 0.694074969770254
centerY: 0.262617621899059
width: 0.04070939137444579
height: 0.025092671799258625
Area: 0.00044570270985638556
CentroidX: 0.7156
CentroidY: 0.2725
