Location: internet_25.png_Gaussian-Closing.png
Component: component_1755080851210_44.png
centerX: 0.48246674727932287
centerY: 0.11405759908753921
width: 0.041515517936316
height: 0.026518391787852865
Area: 0.00041202790480534873
CentroidX: 0.5059
CentroidY: 0.1243
