Location: Dedata_16.png_Gaussian-Closing.png
Component: component_1755519378725_176.png
centerX: 0.5717741935483871
centerY: 0.3274437161584497
width: 0.02903225806451613
height: 0.016813907096038756
Area: 0.00021994134897360704
CentroidX: 0.5853
CentroidY: 0.3342
