Location: internet_25.png_Mean-Closing.png
Component: component_1755080851414_59.png
centerX: 0.2974607013301088
centerY: 0.1514114627887083
width: 0.045949214026602174
height: 0.022241231822070145
Area: 0.00045156419469462067
CentroidX: 0.3209
CentroidY: 0.1607
