Location: internet_25.png_Gaussian-Median.png
Component: component_1755080850854_128.png
centerX: 0.585247883917775
centerY: 0.26204733390362134
width: 0.04393389762192664
height: 0.024522383803820928
Area: 0.0004608736117906411
CentroidX: 0.6081
CentroidY: 0.2725
