Location: internet_25.png_Mean-Closing.png
Component: component_1755080851445_179.png
centerX: 0.15719467956469166
centerY: 0.37781579697747364
width: 0.04070939137444579
height: 0.023381807812945538
Area: 0.0003888118276029274
CentroidX: 0.1795
CentroidY: 0.3863
