Location: Dedata_16.png_Mean-Closing.png
Component: component_1755519379238_8.png
centerX: 0.8237903225806451
centerY: 0.02536335138216016
width: 0.02258064516129032
height: 0.018523795953263037
Area: 0.00023556936541060315
CentroidX: 0.8352
CentroidY: 0.0341
