Location: Dedata_16.png_Mean-Closing.png
Component: component_1755519379362_313.png
centerX: 0.7133064516129032
centerY: 0.5950413223140496
width: 0.031451612903225803
height: 0.0176688515246509
Area: 0.0002541850908723191
CentroidX: 0.7291
CentroidY: 0.6023
