Location: Dedata_16.png_Gaussian-Median.png
Component: component_1755519378105_289.png
centerX: 0.25201612903225806
centerY: 0.5015673981191222
width: 0.02338709677419355
height: 0.02080364776289541
Area: 0.00024188951911674128
CentroidX: 0.2632
CentroidY: 0.5105
