Location: internet_25.png_Mean-Medain.png
Component: component_1755080850948_2.png
centerX: 0.013704151551793631
centerY: 0.010265183917878529
width: 0.03305118903667876
height: 0.023666951810664385
Area: 0.00034835608911157936
CentroidX: 0.0305
CentroidY: 0.0216
