Location: internet_25.png_Mean-Closing.png
Component: component_1755080851490_305.png
centerX: 0.014107214832728738
centerY: 0.6814941545480467
width: 0.045949214026602174
height: 0.02281151981750784
Area: 0.0004319109808252442
CentroidX: 0.0396
CentroidY: 0.6914
