Location: Dedata_16.png_Gaussian-Median.png
Component: component_1755519378067_101.png
centerX: 0.867741935483871
centerY: 0.16785408948418354
width: 0.027016129032258064
height: 0.01909375890567113
Area: 0.00020488789196444166
CentroidX: 0.8797
CentroidY: 0.1760
