Location: Dedata_16.png_Gaussian-Median.png
Component: component_1755519378138_426.png
centerX: 0.2310483870967742
centerY: 0.7854089484183528
width: 0.02943548387096774
height: 0.01909375890567113
Area: 0.00023890181009202143
CentroidX: 0.2447
CentroidY: 0.7924
