Location: Dedata_16.png_Mean-Medain.png
Component: component_1755519378465_91.png
centerX: 0.007661290322580645
centerY: 0.15958962667426618
width: 0.02661290322580645
height: 0.019948703334283273
Area: 0.00024683073019608564
CentroidX: 0.0204
CentroidY: 0.1689
