Location: Dedata_16.png_Mean-Closing.png
Component: component_1755519379357_295.png
centerX: 0.6995967741935484
centerY: 0.5520091194072385
width: 0.03306451612903226
height: 0.018523795953263037
Area: 0.00028027008889583465
CentroidX: 0.7163
CentroidY: 0.5585
