Location: internet_25.png_Mean-Medain.png
Component: component_1755080850971_91.png
centerX: 0.0048367593712212815
centerY: 0.21813515825491872
width: 0.03506650544135429
height: 0.023666951810664385
Area: 0.00039306427738752933
CentroidX: 0.0239
CentroidY: 0.2287
