Location: internet_25.png_Mean-Medain.png
Component: component_1755080850949_3.png
centerX: 0.06972994760177348
centerY: 0.011690903906472769
width: 0.03345425231761386
height: 0.023666951810664385
Area: 0.00040432752276296145
CentroidX: 0.0880
CentroidY: 0.0223
