Location: Dedata_16.png_Mean-Closing.png
Component: component_1755519379399_395.png
centerX: 0.9717741935483871
centerY: 0.7774294670846394
width: 0.027419354838709678
height: 0.01909375890567113
Area: 0.0002282150047343697
CentroidX: 0.9862
CentroidY: 0.7857
