Location: Dedata_16.png_Gaussian-Median.png
Component: component_1755519378136_417.png
centerX: 0.5419354838709678
centerY: 0.76831005984611
width: 0.031048387096774193
height: 0.017098888572242805
Area: 0.00023005359490342806
CentroidX: 0.5567
CentroidY: 0.7744
