Location: internet_25.png_Gaussian-Closing.png
Component: component_1755080851239_115.png
centerX: 0.8553002821442967
centerY: 0.25976618192187056
width: 0.03385731559854897
height: 0.02737382378100941
Area: 0.00042467032308389496
CentroidX: 0.8723
CentroidY: 0.2712
