Location: Dedata_16.png_Gaussian-Median.png
Component: component_1755519378110_313.png
centerX: 0.10967741935483871
centerY: 0.5445996010259333
width: 0.037096774193548385
height: 0.02108862923909946
Area: 0.00029934546189981523
CentroidX: 0.1300
CentroidY: 0.5531
