Location: Dedata_16.png_Mean-Closing.png
Component: component_1755519379309_127.png
centerX: 0.06411290322580646
centerY: 0.23339982901111428
width: 0.024596774193548387
height: 0.020233684810487318
Area: 0.00022086064405813622
CentroidX: 0.0744
CentroidY: 0.2420
