Location: internet_25.png_Gaussian-Median.png
Component: component_1755080850853_124.png
centerX: 0.2672309552599758
centerY: 0.2609067579127459
width: 0.037484885126964934
height: 0.022526375819788995
Area: 0.0004015691769567332
CentroidX: 0.2879
CentroidY: 0.2699
