Location: internet_25.png_Gaussian-Median.png
Component: component_1755080850851_111.png
centerX: 0.47480854494155583
centerY: 0.22583404619332764
width: 0.045949214026602174
height: 0.025377815796977475
Area: 0.00045466733372662746
CentroidX: 0.4974
CentroidY: 0.2366
