Location: internet_25.png_Mean-Medain.png
Component: component_1755080850956_31.png
centerX: 0.8117694478033051
centerY: 0.0718562874251497
width: 0.041112454655380895
height: 0.029369831765041345
Area: 0.0005014442813572487
CentroidX: 0.8339
CentroidY: 0.0842
