Location: Dedata_16.png_Gaussian-Median.png
Component: component_1755519378145_460.png
centerX: 0.4366935483870968
centerY: 0.8532345397549159
width: 0.03225806451612903
height: 0.015958962667426618
Area: 0.00021614925674992417
CentroidX: 0.4523
CentroidY: 0.8601
