Location: internet_25.png_Gaussian-Closing.png
Component: component_1755080851233_101.png
centerX: 0.6932688432083837
centerY: 0.22383803820929568
width: 0.05280128980249899
height: 0.022526375819788995
Area: 0.00046639030340309763
CentroidX: 0.7200
CentroidY: 0.2334
