Location: internet_25.png_Mean-Medain.png
Component: component_1755080850973_97.png
centerX: 0.11326078194276501
centerY: 0.22298260621613916
width: 0.04191858121725111
height: 0.02480752780153978
Area: 0.00042064773544981207
CentroidX: 0.1346
CentroidY: 0.2332
