Location: Dedata_16.png_Mean-Closing.png
Component: component_1755519379329_198.png
centerX: 0.380241935483871
centerY: 0.37731547449415787
width: 0.027822580645161292
height: 0.019948703334283273
Area: 0.00025763244743930353
CentroidX: 0.3941
CentroidY: 0.3854
