Location: Dedata_16.png_Gaussian-Median.png
Component: component_1755519378126_379.png
centerX: 0.5044354838709677
centerY: 0.6833855799373041
width: 0.03064516129032258
height: 0.021658592191507554
Area: 0.000248669320365144
CentroidX: 0.5199
CentroidY: 0.6924
