Location: internet_25.png_Mean-Closing.png
Component: component_1755080851405_19.png
centerX: 0.009270455461507456
centerY: 0.05018534359851725
width: 0.03990326481257558
height: 0.02623324779013402
Area: 0.0004269689445890852
CentroidX: 0.0296
CentroidY: 0.0623
