Location: internet_25.png_Mean-Medain.png
Component: component_1755080851007_231.png
centerX: 0.29181781539701734
centerY: 0.49700598802395207
width: 0.039500201531640466
height: 0.02594810379241517
Area: 0.0004528284365224753
CentroidX: 0.3123
CentroidY: 0.5082
