Location: internet_25.png_Mean-Closing.png
Component: component_1755080851435_141.png
centerX: 0.3667875856509472
centerY: 0.2994011976047904
width: 0.03909713825070536
height: 0.023666951810664385
Area: 0.0003888118276029274
CentroidX: 0.3876
CentroidY: 0.3088
