Location: internet_25.png_Gaussian-Closing.png
Component: component_1755080851333_223.png
centerX: 0.6219266424828698
centerY: 0.4767607641859139
width: 0.0471584038694075
height: 0.02423723980610208
Area: 0.00042558977168597107
CentroidX: 0.6467
CentroidY: 0.4874
