Location: internet_25.png_Gaussian-Median.png
Component: component_1755080850852_120.png
centerX: 0.42361950826279726
centerY: 0.26033646991730824
width: 0.037081821846029824
height: 0.02423723980610208
Area: 0.00041972828684773596
CentroidX: 0.4436
CentroidY: 0.2704
