Location: Dedata_16.png_Mean-Closing.png
Component: component_1755519379337_221.png
centerX: 0.21411290322580645
centerY: 0.41863778854374467
width: 0.03346774193548387
height: 0.019663721858079224
Area: 0.00026395260114544166
CentroidX: 0.2323
CentroidY: 0.4264
