Location: internet_25.png_Mean-Closing.png
Component: component_1755080851441_165.png
centerX: 0.10963321241434905
centerY: 0.3410322212717422
width: 0.04070939137444579
height: 0.02281151981750784
Area: 0.000400190004053619
CentroidX: 0.1308
CentroidY: 0.3502
