Location: Dedata_16.png_Gaussian-Closing.png
Component: component_1755519378679_105.png
centerX: 0.1536290322580645
centerY: 0.19350242234254775
width: 0.028629032258064516
height: 0.017953833000854943
Area: 0.00023556936541060315
CentroidX: 0.1669
CentroidY: 0.2010
