Location: Dedata_16.png_Gaussian-Closing.png
Component: component_1755519378686_120.png
centerX: 0.35604838709677417
centerY: 0.21829581077229981
width: 0.02903225806451613
height: 0.020233684810487318
Area: 0.00022764044530653894
CentroidX: 0.3694
CentroidY: 0.2274
