Location: Dedata_16.png_Gaussian-Median.png
Component: component_1755519378101_270.png
centerX: 0.882258064516129
centerY: 0.4670846394984326
width: 0.02620967741935484
height: 0.02108862923909946
Area: 0.00023579918918173543
CentroidX: 0.8953
CentroidY: 0.4753
