Location: internet_25.png_Gaussian-Median.png
Component: component_1755080850863_170.png
centerX: 0.9141475211608222
centerY: 0.36384374108925005
width: 0.044740024183796856
height: 0.025092671799258625
Area: 0.0004459325720069046
CentroidX: 0.9360
CentroidY: 0.3748
