Location: internet_25.png_Gaussian-Closing.png
Component: component_1755080851197_24.png
centerX: 0.30552196694881095
centerY: 0.06330196749358426
width: 0.037081821846029824
height: 0.029654975762760195
Area: 0.0004291526350190159
CentroidX: 0.3254
CentroidY: 0.0772
