Location: Dedata_16.png_Gaussian-Closing.png
Component: component_1755519378642_18.png
centerX: 0.6794354838709677
centerY: 0.027643203191792535
width: 0.027419354838709678
height: 0.017953833000854943
Area: 0.00024522196379815956
CentroidX: 0.6939
CentroidY: 0.0352
