Location: Dedata_16.png_Mean-Medain.png
Component: component_1755519378514_296.png
centerX: 0.3149193548387097
centerY: 0.5340552864063836
width: 0.02903225806451613
height: 0.018523795953263037
Area: 0.00025901139006609733
CentroidX: 0.3276
CentroidY: 0.5413
