Location: Dedata_16.png_Gaussian-Median.png
Component: component_1755519378104_284.png
centerX: 0.3858870967741935
centerY: 0.4907381020233685
width: 0.02903225806451613
height: 0.0219435736677116
Area: 0.00026602101508563236
CentroidX: 0.3996
CentroidY: 0.5005
