Location: internet_25.png_Mean-Medain.png
Component: component_1755080850980_122.png
centerX: 0.7452640064490125
centerY: 0.2606216139150271
width: 0.042724707779121324
height: 0.02594810379241517
Area: 0.00046455140619894547
CentroidX: 0.7679
CentroidY: 0.2708
