Location: Dedata_16.png_Gaussian-Median.png
Component: component_1755519378125_373.png
centerX: 0.7629032258064516
centerY: 0.6699914505557139
width: 0.027016129032258064
height: 0.020233684810487318
Area: 0.0002462561707682549
CentroidX: 0.7758
CentroidY: 0.6783
