Location: Dedata_16.png_Mean-Closing.png
Component: component_1755519379244_28.png
centerX: 0.7560483870967742
centerY: 0.06697064690795099
width: 0.027419354838709678
height: 0.01909375890567113
Area: 0.00026981310730931523
CentroidX: 0.7702
CentroidY: 0.0757
