Location: Dedata_16.png_Gaussian-Median.png
Component: component_1755519378099_263.png
centerX: 0.3153225806451613
centerY: 0.457395269307495
width: 0.03024193548387097
height: 0.01937874038187518
Area: 0.0002502780867630701
CentroidX: 0.3315
CentroidY: 0.4653
