Location: Dedata_16.png_Mean-Closing.png
Component: component_1755519379336_215.png
centerX: 0.4907258064516129
centerY: 0.408663436876603
width: 0.02903225806451613
height: 0.018523795953263037
Area: 0.0002555640334991129
CentroidX: 0.5034
CentroidY: 0.4165
