Location: Dedata_16.png_Gaussian-Median.png
Component: component_1755519378071_128.png
centerX: 0.667741935483871
centerY: 0.2103163294385865
width: 0.025806451612903226
height: 0.018238814477058992
Area: 0.0002140808428097335
CentroidX: 0.6797
CentroidY: 0.2174
