Location: Dedata_16.png_Mean-Closing.png
Component: component_1755519379402_409.png
centerX: 0.6504032258064516
centerY: 0.8007979481333714
width: 0.029838709677419355
height: 0.01909375890567113
Area: 0.0002572877117826051
CentroidX: 0.6646
CentroidY: 0.8084
