Location: internet_25.png_Gaussian-Median.png
Component: component_1755080850855_131.png
centerX: 0.8976219266424829
centerY: 0.29483889364128885
width: 0.035872632003224506
height: 0.025092671799258625
Area: 0.00039007606943078203
CentroidX: 0.9178
CentroidY: 0.3052
