Location: Dedata_16.png_Mean-Closing.png
Component: component_1755519379336_214.png
centerX: 0.540725806451613
centerY: 0.4078084924479909
width: 0.021774193548387097
height: 0.018238814477058992
Area: 0.000216034344864358
CentroidX: 0.5508
CentroidY: 0.4161
