Location: internet_25.png_Mean-Closing.png
Component: component_1755080851422_88.png
centerX: 0.634018540910923
centerY: 0.18962075848303392
width: 0.03426037887948408
height: 0.023381807812945538
Area: 0.00040248862555880923
CentroidX: 0.6530
CentroidY: 0.1993
