Location: internet_25.png_Mean-Medain.png
Component: component_1755080850972_96.png
centerX: 0.056831922611850064
centerY: 0.223267750213858
width: 0.0354695687222894
height: 0.023666951810664385
Area: 0.00040248862555880923
CentroidX: 0.0753
CentroidY: 0.2338
