Location: Dedata_16.png_Mean-Closing.png
Component: component_1755519379272_115.png
centerX: 0.6157258064516129
centerY: 0.21174123681960672
width: 0.028225806451612902
height: 0.018238814477058992
Area: 0.00024614125888268874
CentroidX: 0.6291
CentroidY: 0.2196
