Location: internet_25.png_Gaussian-Closing.png
Component: component_1755080851339_252.png
centerX: 0.11527609834744054
centerY: 0.5508982035928144
width: 0.04070939137444579
height: 0.02423723980610208
Area: 0.00038605348179669913
CentroidX: 0.1374
CentroidY: 0.5607
