Location: Dedata_16.png_Gaussian-Median.png
Component: component_1755519378048_18.png
centerX: 0.8669354838709677
centerY: 0.025933314334568254
width: 0.02620967741935484
height: 0.016813907096038756
Area: 0.0002451070519125934
CentroidX: 0.8796
CentroidY: 0.0332
