Location: Dedata_16.png_Gaussian-Median.png
Component: component_1755519378142_447.png
centerX: 0.8403225806451613
centerY: 0.8250213736107153
width: 0.028629032258064516
height: 0.02108862923909946
Area: 0.0002634929536031771
CentroidX: 0.8536
CentroidY: 0.8333
