Location: Dedata_16.png_Gaussian-Median.png
Component: component_1755519378061_74.png
centerX: 0.007661290322580645
centerY: 0.11741236819606725
width: 0.027016129032258064
height: 0.020233684810487318
Area: 0.00025567894538467903
CentroidX: 0.0200
CentroidY: 0.1272
