Location: Dedata_16.png_Mean-Medain.png
Component: component_1755519378492_198.png
centerX: 0.8838709677419355
centerY: 0.34910230834995726
width: 0.03346774193548387
height: 0.02080364776289541
Area: 0.00030175861149670435
CentroidX: 0.9005
CentroidY: 0.3571
