Location: Dedata_16.png_Gaussian-Closing.png
Component: component_1755519378757_257.png
centerX: 0.6036290322580645
centerY: 0.48019378740381874
width: 0.027016129032258064
height: 0.024223425477343973
Area: 0.0002725709925629028
CentroidX: 0.6157
CentroidY: 0.4899
