Location: Dedata_16.png_Mean-Closing.png
Component: component_1755519379377_341.png
centerX: 0.2318548387096774
centerY: 0.6600170988885723
width: 0.03185483870967742
height: 0.019948703334283273
Area: 0.0002776271155278133
CentroidX: 0.2480
CentroidY: 0.6680
