Location: internet_25.png_Mean-Closing.png
Component: component_1755080851410_35.png
centerX: 0.6985086658605401
centerY: 0.07385229540918163
width: 0.03829101168883515
height: 0.02879954376960365
Area: 0.0004858136551219551
CentroidX: 0.7190
CentroidY: 0.0861
