Location: Dedata_16.png_Gaussian-Median.png
Component: component_1755519378091_229.png
centerX: 0.8403225806451613
centerY: 0.3921345112567683
width: 0.032661290322580645
height: 0.017098888572242805
Area: 0.0002248825600529514
CentroidX: 0.8574
CentroidY: 0.3983
