Location: Dedata_16.png_Mean-Medain.png
Component: component_1755519378541_401.png
centerX: 0.03225806451612903
centerY: 0.7577657452265603
width: 0.02903225806451613
height: 0.018808777429467086
Area: 0.00024786493716618096
CentroidX: 0.0453
CentroidY: 0.7663
