Location: internet_25.png_Gaussian-Median.png
Component: component_1755080850829_25.png
centerX: 0.24385328496573963
centerY: 0.06016538351867693
width: 0.03788794840790004
height: 0.029369831765041345
Area: 0.0004200730800735145
CentroidX: 0.2625
CentroidY: 0.0753
