Location: Dedata_16.png_Gaussian-Median.png
Component: component_1755519378081_174.png
centerX: 0.4629032258064516
centerY: 0.29296095753776
width: 0.02943548387096774
height: 0.016813907096038756
Area: 0.00019787826694490666
CentroidX: 0.4760
CentroidY: 0.2992
