Location: Dedata_16.png_Mean-Closing.png
Component: component_1755519379248_32.png
centerX: 0.43790322580645163
centerY: 0.06868053576517526
width: 0.021774193548387097
height: 0.020233684810487318
Area: 0.000258781566294965
CentroidX: 0.4479
CentroidY: 0.0783
