Location: Dedata_16.png_Gaussian-Closing.png
Component: component_1755519378694_144.png
centerX: 0.20362903225806453
centerY: 0.2675976061555999
width: 0.02620967741935484
height: 0.01652892561983471
Area: 0.00019626950054698057
CentroidX: 0.2158
CentroidY: 0.2743
