Location: internet_25.png_Mean-Closing.png
Component: component_1755080851488_297.png
centerX: 0.49939540507859737
centerY: 0.6675220986598233
width: 0.046352277307537285
height: 0.024522383803820928
Area: 0.0004390367074913339
CentroidX: 0.5243
CentroidY: 0.6769
