Location: Dedata_16.png_Gaussian-Median.png
Component: component_1755519378051_28.png
centerX: 0.5717741935483871
centerY: 0.029353092049016812
width: 0.027419354838709678
height: 0.017953833000854943
Area: 0.00027061749050827827
CentroidX: 0.5860
CentroidY: 0.0366
