Location: Dedata_16.png_Gaussian-Closing.png
Component: component_1755519378676_93.png
centerX: 0.7758064516129032
centerY: 0.17355371900826447
width: 0.02661290322580645
height: 0.016813907096038756
Area: 0.00020029141654179575
CentroidX: 0.7875
CentroidY: 0.1798
