Location: Dedata_16.png_Gaussian-Closing.png
Component: component_1755519378705_156.png
centerX: 0.5641129032258064
centerY: 0.2901111427757196
width: 0.03508064516129032
height: 0.017098888572242805
Area: 0.0002532657957877899
CentroidX: 0.5832
CentroidY: 0.2972
