Location: internet_25.png_Gaussian-Median.png
Component: component_1755080850843_77.png
centerX: 0.29181781539701734
centerY: 0.18420302252637583
width: 0.0475614671503426
height: 0.023666951810664385
Area: 0.00042260156372922377
CentroidX: 0.3147
CentroidY: 0.1938
