Location: internet_25.png_Gaussian-Closing.png
Component: component_1755080851212_53.png
centerX: 0.8508665860540104
centerY: 0.11976047904191617
width: 0.037081821846029824
height: 0.024522383803820928
Area: 0.00040651121319289213
CentroidX: 0.8707
CentroidY: 0.1298
