Location: internet_25.png_Mean-Closing.png
Component: component_1755080851473_240.png
centerX: 0.6279725916968965
centerY: 0.5337895637296834
width: 0.046352277307537285
height: 0.022526375819788995
Area: 0.00042627935813752815
CentroidX: 0.6532
CentroidY: 0.5428
