Location: internet_25.png_Mean-Closing.png
Component: component_1755080851462_217.png
centerX: 0.07053607416364369
centerY: 0.4602224123182207
width: 0.04232164449818621
height: 0.023952095808383235
Area: 0.00040743066179496824
CentroidX: 0.0935
CentroidY: 0.4696
