Location: Dedata_16.png_Gaussian-Median.png
Component: component_1755519378100_265.png
centerX: 0.267741935483871
centerY: 0.4579652322599031
width: 0.03467741935483871
height: 0.020233684810487318
Area: 0.0002637227773743094
CentroidX: 0.2869
CentroidY: 0.4659
