Location: internet_25.png_Gaussian-Median.png
Component: component_1755080850864_175.png
centerX: 0.5856509471987102
centerY: 0.3712574850299401
width: 0.042724707779121324
height: 0.0213857998289136
Area: 0.0003911104491081176
CentroidX: 0.6099
CentroidY: 0.3799
