Location: Dedata_16.png_Mean-Closing.png
Component: component_1755519379363_314.png
centerX: 0.6600806451612903
centerY: 0.5987460815047022
width: 0.03064516129032258
height: 0.019948703334283273
Area: 0.00026533154377223546
CentroidX: 0.6747
CentroidY: 0.6064
