Location: Dedata_16.png_Mean-Medain.png
Component: component_1755519378527_355.png
centerX: 0.17943548387096775
centerY: 0.6622969506982046
width: 0.028629032258064516
height: 0.01909375890567113
Area: 0.0002539552671011868
CentroidX: 0.1931
CentroidY: 0.6702
