Location: Dedata_16.png_Gaussian-Closing.png
Component: component_1755519378670_66.png
centerX: 0.9459677419354838
centerY: 0.13337133086349387
width: 0.02943548387096774
height: 0.019948703334283273
Area: 0.00024786493716618096
CentroidX: 0.9602
CentroidY: 0.1415
