Location: Dedata_16.png_Mean-Medain.png
Component: component_1755519378553_443.png
centerX: 0.0814516129032258
centerY: 0.8361356511826731
width: 0.03064516129032258
height: 0.020233684810487318
Area: 0.00027314555199073353
CentroidX: 0.0954
CentroidY: 0.8440
