Location: Dedata_16.png_Mean-Medain.png
Component: component_1755519378498_222.png
centerX: 0.7959677419354839
centerY: 0.39640923339982903
width: 0.02943548387096774
height: 0.01738387004844685
Area: 0.00024384302117136578
CentroidX: 0.8117
CentroidY: 0.4030
