Location: Dedata_16.png_Gaussian-Closing.png
Component: component_1755519379093_415.png
centerX: 0.5536290322580645
centerY: 0.8070675406098604
width: 0.027822580645161292
height: 0.019663721858079224
Area: 0.0002321220088436187
CentroidX: 0.5667
CentroidY: 0.8146
