Location: Dedata_16.png_Gaussian-Median.png
Component: component_1755519378092_233.png
centerX: 0.6959677419354838
centerY: 0.40210886292390996
width: 0.02943548387096774
height: 0.019663721858079224
Area: 0.00024924387979297476
CentroidX: 0.7117
CentroidY: 0.4102
