Location: Dedata_16.png_Gaussian-Closing.png
Component: component_1755519378775_298.png
centerX: 0.5967741935483871
centerY: 0.5597036192647478
width: 0.03588709677419355
height: 0.018523795953263037
Area: 0.0002784314987267763
CentroidX: 0.6147
CentroidY: 0.5661
