Location: internet_25.png_Mean-Medain.png
Component: component_1755080851013_256.png
centerX: 0.7988714228133817
centerY: 0.5614485315084118
width: 0.045949214026602174
height: 0.025377815796977475
Area: 0.00045236871222143724
CentroidX: 0.8208
CentroidY: 0.5721
