Location: internet_25.png_Mean-Closing.png
Component: component_1755080851424_96.png
centerX: 0.11326078194276501
centerY: 0.22298260621613916
width: 0.04191858121725111
height: 0.024522383803820928
Area: 0.00041926856254669796
CentroidX: 0.1345
CentroidY: 0.2332
