Location: internet_25.png_Mean-Medain.png
Component: component_1755080850987_152.png
centerX: 0.6243450221684804
centerY: 0.3350441973196464
width: 0.044740024183796856
height: 0.021956087824351298
Area: 0.00039547782996797904
CentroidX: 0.6487
CentroidY: 0.3435
