Location: Dedata_16.png_Mean-Medain.png
Component: component_1755519378462_87.png
centerX: 0.15766129032258064
centerY: 0.15275007124536905
width: 0.024193548387096774
height: 0.018523795953263037
Area: 0.00024384302117136578
CentroidX: 0.1689
CentroidY: 0.1609
