Location: internet_25.png_Gaussian-Median.png
Component: component_1755080850892_302.png
centerX: 0.5562273276904474
centerY: 0.6641003706871971
width: 0.04514308746473196
height: 0.026518391787852865
Area: 0.0004405308114697076
CentroidX: 0.5794
CentroidY: 0.6742
