Location: Dedata_16.png_Mean-Closing.png
Component: component_1755519379372_320.png
centerX: 0.3342741935483871
centerY: 0.6152750071245369
width: 0.027016129032258064
height: 0.019663721858079224
Area: 0.0002454517875692919
CentroidX: 0.3464
CentroidY: 0.6239
