Location: internet_25.png_Gaussian-Closing.png
Component: component_1755080851276_156.png
centerX: 0.41233373639661425
centerY: 0.3367550613059595
width: 0.04514308746473196
height: 0.021100655831194755
Area: 0.0004028334187845878
CentroidX: 0.4357
CentroidY: 0.3453
