Location: Dedata_16.png_Mean-Closing.png
Component: component_1755519379400_400.png
centerX: 0.2310483870967742
centerY: 0.7851239669421488
width: 0.029838709677419355
height: 0.01937874038187518
Area: 0.0002552192978424144
CentroidX: 0.2446
CentroidY: 0.7923
