Location: Dedata_16.png_Gaussian-Closing.png
Component: component_1755519378859_405.png
centerX: 0.18064516129032257
centerY: 0.7876888002279852
width: 0.027419354838709678
height: 0.01909375890567113
Area: 0.0002193667895457763
CentroidX: 0.1923
CentroidY: 0.7956
