Location: Dedata_16.png_Gaussian-Closing.png
Component: component_1755519378770_283.png
centerX: 0.36088709677419356
centerY: 0.5297805642633229
width: 0.029838709677419355
height: 0.01909375890567113
Area: 0.0002374079555796615
CentroidX: 0.3750
CentroidY: 0.5374
