Location: internet_25.png_Mean-Closing.png
Component: component_1755080851429_116.png
centerX: 0.42361950826279726
centerY: 0.26033646991730824
width: 0.037081821846029824
height: 0.023952095808383235
Area: 0.0004238658055570784
CentroidX: 0.4436
CentroidY: 0.2703
