Location: Dedata_16.png_Gaussian-Median.png
Component: component_1755519378076_154.png
centerX: 0.46491935483870966
centerY: 0.2556283841550299
width: 0.025403225806451612
height: 0.018523795953263037
Area: 0.00021373610715303505
CentroidX: 0.4761
CentroidY: 0.2644
