Location: Dedata_16.png_Mean-Medain.png
Component: component_1755519378526_351.png
centerX: 0.39838709677419354
centerY: 0.6500427472214306
width: 0.03064516129032258
height: 0.017953833000854943
Area: 0.0002503929986486362
CentroidX: 0.4125
CentroidY: 0.6572
