Location: Dedata_16.png_Gaussian-Median.png
Component: component_1755519378145_459.png
centerX: 0.49032258064516127
centerY: 0.8503847249928754
width: 0.03024193548387097
height: 0.016243944143630663
Area: 0.00022315888176945917
CentroidX: 0.5047
CentroidY: 0.8575
