Location: internet_25.png_Mean-Medain.png
Component: component_1755080851023_298.png
centerX: 0.49939540507859737
centerY: 0.6675220986598233
width: 0.046352277307537285
height: 0.024522383803820928
Area: 0.000439496431792372
CentroidX: 0.5243
CentroidY: 0.6769
