Location: Dedata_16.png_Gaussian-Closing.png
Component: component_1755519378803_363.png
centerX: 0.8669354838709677
centerY: 0.7050441721288117
width: 0.03225806451612903
height: 0.02108862923909946
Area: 0.00025740262366817125
CentroidX: 0.8830
CentroidY: 0.7132
