Location: internet_25.png_Gaussian-Closing.png
Component: component_1755080851269_139.png
centerX: 0.11164852881902458
centerY: 0.2996863416025093
width: 0.03829101168883515
height: 0.02480752780153978
Area: 0.00041639528566521014
CentroidX: 0.1304
CentroidY: 0.3100
