Location: internet_25.png_Mean-Medain.png
Component: component_1755080851023_297.png
centerX: 0.5562273276904474
centerY: 0.6641003706871971
width: 0.04514308746473196
height: 0.026518391787852865
Area: 0.00045397774727507043
CentroidX: 0.5794
CentroidY: 0.6741
