Location: Dedata_16.png_Gaussian-Closing.png
Component: component_1755519378834_392.png
centerX: 0.032661290322580645
centerY: 0.7580507267027643
width: 0.028629032258064516
height: 0.018523795953263037
Area: 0.00022787026907767125
CentroidX: 0.0455
CentroidY: 0.7665
