Location: Dedata_16.png_Gaussian-Median.png
Component: component_1755519378142_445.png
centerX: 0.2806451612903226
centerY: 0.8210316329438586
width: 0.034274193548387094
height: 0.019663721858079224
Area: 0.0002654464556578016
CentroidX: 0.2971
CentroidY: 0.8289
