Location: Dedata_16.png_Gaussian-Median.png
Component: component_1755519378121_357.png
centerX: 0.6528225806451613
centerY: 0.6389284696494728
width: 0.02661290322580645
height: 0.018808777429467086
Area: 0.00023947636951985219
CentroidX: 0.6663
CentroidY: 0.6464
