Location: internet_25.png_Gaussian-Closing.png
Component: component_1755080851265_135.png
centerX: 0.5268037081821846
centerY: 0.2985457656116339
width: 0.04070939137444579
height: 0.0213857998289136
Area: 0.00037674406470067866
CentroidX: 0.5479
CentroidY: 0.3079
