Location: internet_25.png_Gaussian-Closing.png
Component: component_1755080851344_273.png
centerX: 0.7738814993954051
centerY: 0.6102081551183347
width: 0.0471584038694075
height: 0.022241231822070145
Area: 0.00040248862555880923
CentroidX: 0.7981
CentroidY: 0.6197
