Location: Dedata_16.png_Mean-Medain.png
Component: component_1755519378513_293.png
centerX: 0.46088709677419354
centerY: 0.5246508976916501
width: 0.025
height: 0.020518666286691366
Area: 0.0002299386830178619
CentroidX: 0.4723
CentroidY: 0.5333
