Location: Dedata_16.png_Mean-Closing.png
Component: component_1755519379272_113.png
centerX: 0.7173387096774193
centerY: 0.20775149615275007
width: 0.025
height: 0.01652892561983471
Area: 0.0002133913714963366
CentroidX: 0.7289
CentroidY: 0.2147
