Location: Dedata_16.png_Gaussian-Median.png
Component: component_1755519378122_361.png
centerX: 0.4975806451612903
centerY: 0.646053006554574
width: 0.03024193548387097
height: 0.01937874038187518
Area: 0.0002591263019516635
CentroidX: 0.5115
CentroidY: 0.6534
