Location: internet_25.png_Mean-Medain.png
Component: component_1755080850984_139.png
centerX: 0.11164852881902458
centerY: 0.2996863416025093
width: 0.03829101168883515
height: 0.02480752780153978
Area: 0.0004259345649117496
CentroidX: 0.1303
CentroidY: 0.3099
