Location: Dedata_16.png_Mean-Medain.png
Component: component_1755519378510_281.png
centerX: 0.1620967741935484
centerY: 0.505842120262183
width: 0.024193548387096774
height: 0.02108862923909946
Area: 0.0002568280642403405
CentroidX: 0.1726
CentroidY: 0.5154
