Location: Dedata_16.png_Gaussian-Closing.png
Component: component_1755519378677_98.png
centerX: 0.46975806451612906
centerY: 0.18039327443716158
width: 0.02620967741935484
height: 0.017953833000854943
Area: 0.0002217799391426654
CentroidX: 0.4821
CentroidY: 0.1878
