Location: internet_25.png_Mean-Closing.png
Component: component_1755080851469_229.png
centerX: 0.23941958887545345
centerY: 0.4964357000285144
width: 0.041515517936316
height: 0.023381807812945538
Area: 0.00039835110684946685
CentroidX: 0.2621
CentroidY: 0.5056
