Location: internet_25.png_Gaussian-Median.png
Component: component_1755080850889_288.png
centerX: 0.33897621926642485
centerY: 0.6281722269746222
width: 0.0471584038694075
height: 0.021670943826632448
Area: 0.0003901910005060415
CentroidX: 0.3641
CentroidY: 0.6366
