Location: Dedata_16.png_Mean-Medain.png
Component: component_1755519378492_196.png
centerX: 0.9254032258064516
centerY: 0.34625249358791677
width: 0.03024193548387097
height: 0.02108862923909946
Area: 0.0002946340745916032
CentroidX: 0.9415
CentroidY: 0.3548
