Location: Dedata_16.png_Mean-Closing.png
Component: component_1755519379386_359.png
centerX: 0.2310483870967742
centerY: 0.7033342832715873
width: 0.027822580645161292
height: 0.019663721858079224
Area: 0.00024005092894768292
CentroidX: 0.2440
CentroidY: 0.7115
