Location: Dedata_16.png_Gaussian-Closing.png
Component: component_1755519379084_411.png
centerX: 0.6951612903225807
centerY: 0.7976631518951268
width: 0.02943548387096774
height: 0.02080364776289541
Area: 0.00024924387979297476
CentroidX: 0.7100
CentroidY: 0.8059
