Location: Dedata_16.png_Mean-Closing.png
Component: component_1755519379331_200.png
centerX: 0.2810483870967742
centerY: 0.3804502707324024
width: 0.028629032258064516
height: 0.02080364776289541
Area: 0.00025188685316099616
CentroidX: 0.2953
CentroidY: 0.3889
