Location: internet_25.png_Gaussian-Median.png
Component: component_1755080850870_206.png
centerX: 0.8516727126158807
centerY: 0.43398916452808667
width: 0.044740024183796856
height: 0.0213857998289136
Area: 0.00036479123287368946
CentroidX: 0.8761
CentroidY: 0.4426
