Location: internet_25.png_Mean-Medain.png
Component: component_1755080850949_7.png
centerX: 0.3063280935106812
centerY: 0.02480752780153978
width: 0.046352277307537285
height: 0.026518391787852865
Area: 0.0004951230722179755
CentroidX: 0.3320
CentroidY: 0.0358
