Location: internet_25.png_Mean-Closing.png
Component: component_1755080851462_218.png
centerX: 0.9185812172511084
centerY: 0.4630738522954092
width: 0.05280128980249899
height: 0.023096663815226688
Area: 0.00042627935813752815
CentroidX: 0.9453
CentroidY: 0.4721
