Location: Dedata_16.png_Gaussian-Closing.png
Component: component_1755519378782_319.png
centerX: 0.4383064516129032
centerY: 0.6101453405528641
width: 0.03024193548387097
height: 0.018808777429467086
Area: 0.00024326846174353505
CentroidX: 0.4530
CentroidY: 0.6180
