Location: Dedata_16.png_Mean-Closing.png
Component: component_1755519379343_247.png
centerX: 0.882258064516129
centerY: 0.4670846394984326
width: 0.02620967741935484
height: 0.02080364776289541
Area: 0.0002483245847084456
CentroidX: 0.8953
CentroidY: 0.4752
