Location: Dedata_32.png_Gaussian-Closing.png
Component: component_1755502451176_196.png
centerX: 0.7742845626763402
centerY: 0.4553749643570003
width: 0.04917372027408303
height: 0.030795551753635585
Area: 0.00042202690835292623
CentroidX: 0.7970
CentroidY: 0.4682
