Location: internet_32.png_Mean-Medain.png
Component: component_1755077241703_210.png
centerX: 0.8436114469971786
centerY: 0.5201026518391788
width: 0.03305118903667876
height: 0.03165098374679213
Area: 0.00042535990953545204
CentroidX: 0.8599
CentroidY: 0.5350
