Location: Dedata_32.png_Otsu.png
Component: component_1755502451797_2.png
centerX: 0.08101571946795647
centerY: 0.0051325919589392645
width: 0.03184199919387344
height: 0.029654975762760195
Area: 0.00023216077202421322
CentroidX: 0.0965
CentroidY: 0.0187
