Location: internet_32.png_Mean-Medain.png
Component: component_1755077241662_52.png
centerX: 0.18460298266827893
centerY: 0.10293698317650414
width: 0.035872632003224506
height: 0.034787567721699456
Area: 0.0005423597441496348
CentroidX: 0.2022
CentroidY: 0.1197
