Location: Kurtxevani_1784_page_10.png_Gaussian-Closing.png
Component: component_1755610055757_470.png
centerX: 0.5339074273412271
centerY: 0.6366533864541832
width: 0.03444564047362755
height: 0.020717131474103586
Area: 0.00032164131418352426
CentroidX: 0.5516
CentroidY: 0.6478
