Location: Dedata_32.png_Mean-Medain.png
Component: component_1755502451034_152.png
centerX: 0.8133817009270455
centerY: 0.3541488451668092
width: 0.04917372027408303
height: 0.03022526375819789
Area: 0.0005396013983434065
CentroidX: 0.8400
CentroidY: 0.3670
