Location: Dedata_32.png_Otsu.png
Component: component_1755502451821_350.png
centerX: 0.4784361144699718
centerY: 0.21785001425719988
width: 0.04877065699314793
height: 0.025092671799258625
Area: 0.0003306567035216146
CentroidX: 0.5016
CentroidY: 0.2275
