Location: Dedata_32.png_Otsu.png
Component: component_1755502451841_622.png
centerX: 0.8887545344619106
centerY: 0.42543484459652126
width: 0.03788794840790004
height: 0.02623324779013402
Area: 0.00030847500599652885
CentroidX: 0.9087
CentroidY: 0.4369
