Location: internet_32.png_Mean-Medain.png
Component: component_1755077241712_241.png
centerX: 0.6215235792019347
centerY: 0.5856857713145138
width: 0.032245062474808545
height: 0.03136583974907328
Area: 0.0004598392321133055
CentroidX: 0.6379
CentroidY: 0.6010
