Location: Dedata_32.png_Mean-Medain.png
Component: component_1755502451038_167.png
centerX: 0.8057234985892785
centerY: 0.3900769888793841
width: 0.053607416364369206
height: 0.02594810379241517
Area: 0.00039605248534427663
CentroidX: 0.8324
CentroidY: 0.4010
