Location: Dedata_32.png_Mean-Closing.png
Component: component_1755502451734_271.png
centerX: 0.8883514711809755
centerY: 0.6672369546621043
width: 0.039500201531640466
height: 0.027944111776447105
Area: 0.0004475416070605378
CentroidX: 0.9056
CentroidY: 0.6815
