Location: Dedata_32.png_Otsu.png
Component: component_1755502451803_96.png
centerX: 0.35751713018943976
centerY: 0.05018534359851725
width: 0.03143893591293833
height: 0.029369831765041345
Area: 0.00024147018912023364
CentroidX: 0.3754
CentroidY: 0.0634
