Location: Dedata_32.png_Mean-Medain.png
Component: component_1755502451049_215.png
centerX: 0.7343812978637646
centerY: 0.5007128599942972
width: 0.041112454655380895
height: 0.027088679783290562
Area: 0.0004059365578165946
CentroidX: 0.7536
CentroidY: 0.5122
