Location: Dedata_32.png_Mean-Medain.png
Component: component_1755502451011_44.png
centerX: 0.38291011688835147
centerY: 0.08982035928143713
width: 0.030632809351068116
height: 0.03051040775591674
Area: 0.00037352599459341233
CentroidX: 0.3987
CentroidY: 0.1036
