Location: internet_32.png_Gaussian-Closing.png
Component: component_1755077241592_265.png
centerX: 0.6013704151551794
centerY: 0.6826347305389222
width: 0.03143893591293833
height: 0.033932135728542916
Area: 0.0004638618197473884
CentroidX: 0.6163
CentroidY: 0.6997
