Location: Dedata_32.png_Otsu.png
Component: component_1755502451868_904.png
centerX: 0.021362353889560662
centerY: 0.7485029940119761
width: 0.029423619508262798
height: 0.027944111776447105
Area: 0.00032536987405967706
CentroidX: 0.0350
CentroidY: 0.7614
