Location: Dedata_32.png_Mean-Closing.png
Component: component_1755502451722_221.png
centerX: 0.5630794034663442
centerY: 0.5397775876817793
width: 0.04312777106005643
height: 0.029940119760479042
Area: 0.000479722308133201
CentroidX: 0.5864
CentroidY: 0.5526
