Location: internet_32.png_Mean-Medain.png
Component: component_1755077241692_169.png
centerX: 0.8927851672712616
centerY: 0.4251497005988024
width: 0.037484885126964934
height: 0.03421727972626176
Area: 0.0005891366917802559
CentroidX: 0.9121
CentroidY: 0.4419
