Location: internet_32.png_Gaussian-Median.png
Component: component_1755077241023_15.png
centerX: 0.7984683595324465
centerY: 0.009694895922440832
width: 0.031035872632003223
height: 0.030795551753635585
Area: 0.00042834811749219935
CentroidX: 0.8135
CentroidY: 0.0252
