Location: Dedata_32.png_Otsu.png
Component: component_1755502451831_475.png
centerX: 0.8182184602982668
centerY: 0.3099515255203878
width: 0.03909713825070536
height: 0.029940119760479042
Area: 0.0004467370895337212
CentroidX: 0.8412
CentroidY: 0.3228
