Location: Kurtxevani_1794_page_10.png_Mean-Medain.png
Component: component_1755610054983_1562.png
centerX: 0.2033898305084746
centerY: 0.4539444689290436
width: 0.01694915254237288
height: 0.015866020273248127
Area: 0.00015171579227454943
CentroidX: 0.2114
CentroidY: 0.4608
