Location: Kurtxevani_1784_page_10.png_Gaussian-Closing.png
Component: component_1755610055711_100.png
centerX: 0.4402583423035522
centerY: 0.1306772908366534
width: 0.021528525296017224
height: 0.02151394422310757
Area: 0.0002444473987794784
CentroidX: 0.4494
CentroidY: 0.1407
