Location: internet_32.png_Mean-Medain.png
Component: component_1755077241657_34.png
centerX: 0.2539298669891173
centerY: 0.05389221556886228
width: 0.03184199919387344
height: 0.033932135728542916
Area: 0.0004512194014688421
CentroidX: 0.2702
CentroidY: 0.0706
