Location: internet_32.png_Mean-Medain.png
Component: component_1755077241699_192.png
centerX: 0.7408303103587264
centerY: 0.47476475620188197
width: 0.032648125755743655
height: 0.03421727972626176
Area: 0.0004971918315726467
CentroidX: 0.7573
CentroidY: 0.4912
