Location: Dedata_32.png_Otsu.png
Component: component_1755502451808_212.png
centerX: 0.5981459089076985
centerY: 0.09096093527231251
width: 0.03466344216041919
height: 0.029940119760479042
Area: 0.00039076565588233906
CentroidX: 0.6170
CentroidY: 0.1040
