Location: Dedata_32.png_Mean-Medain.png
Component: component_1755502451032_144.png
centerX: 0.4163643692059653
centerY: 0.339606501283148
width: 0.0471584038694075
height: 0.025377815796977475
Area: 0.0004177744585683243
CentroidX: 0.4380
CentroidY: 0.3499
