Location: internet_32.png_Mean-Medain.png
Component: component_1755077241702_209.png
centerX: 0.21362353889560662
centerY: 0.51981750784146
width: 0.03305118903667876
height: 0.033932135728542916
Area: 0.00045363295404929186
CentroidX: 0.2315
CentroidY: 0.5354
