Location: Kurtxevani_1794_page_10.png_Mean-Medain.png
Component: component_1755610055032_1905.png
centerX: 0.45996493278784334
centerY: 0.5843984133979727
width: 0.022793687901811806
height: 0.02247686205376818
Area: 0.00024547563673624044
CentroidX: 0.4697
CentroidY: 0.5943
