Location: Dedata_32.png_Otsu.png
Component: component_1755502451836_592.png
centerX: 0.6336154776299879
centerY: 0.38038209295694325
width: 0.04191858121725111
height: 0.023381807812945538
Area: 0.0002811214100847651
CentroidX: 0.6543
CentroidY: 0.3900
