Location: Dedata_32.png_Mean-Medain.png
Component: component_1755502451043_191.png
centerX: 0.3075372833534865
centerY: 0.4453949244368406
width: 0.04070939137444579
height: 0.030795551753635585
Area: 0.0004580003349091533
CentroidX: 0.3284
CentroidY: 0.4602
