Location: Dedata_32.png_Otsu.png
Component: component_1755502451857_838.png
centerX: 0.8681983071342201
centerY: 0.630453378956373
width: 0.04070939137444579
height: 0.029369831765041345
Area: 0.00042857797964271837
CentroidX: 0.8888
CentroidY: 0.6432
