Location: Kurtxevani_1784_page_10.png_Gaussian-Closing.png
Component: component_1755610055719_157.png
centerX: 0.7427341227125942
centerY: 0.19840637450199203
width: 0.0193756727664155
height: 0.020717131474103586
Area: 0.00019041165799664635
CentroidX: 0.7512
CentroidY: 0.2080
