Location: internet_32.png_Mean-Medain.png
Component: component_1755077241695_183.png
centerX: 0.4159613059250302
centerY: 0.45822640433418876
width: 0.03385731559854897
height: 0.03222127174222983
Area: 0.0005232811856565558
CentroidX: 0.4317
CentroidY: 0.4741
