Location: internet_32.png_Mean-Medain.png
Component: component_1755077241723_293.png
centerX: 0.2253123740427247
centerY: 0.7157114342743085
width: 0.03990326481257558
height: 0.033932135728542916
Area: 0.0005569559907075927
CentroidX: 0.2440
CentroidY: 0.7318
