Location: Dedata_32.png_Mean-Closing.png
Component: component_1755502451726_239.png
centerX: 0.7642079806529625
centerY: 0.5876817792985458
width: 0.04030632809351068
height: 0.028229255774165955
Area: 0.000430072083621092
CentroidX: 0.7853
CentroidY: 0.5999
