Location: Dedata_32.png_Mean-Closing.png
Component: component_1755502451725_234.png
centerX: 0.3861346231358323
centerY: 0.58169375534645
width: 0.04917372027408303
height: 0.029369831765041345
Area: 0.0005173047697430613
CentroidX: 0.4115
CentroidY: 0.5932
