Location: Dedata_32.png_Gaussian-Closing.png
Component: component_1755502451174_188.png
centerX: 0.237807335751713
centerY: 0.44568006843455943
width: 0.042724707779121324
height: 0.0290846877673225
Area: 0.00039570769211849806
CentroidX: 0.2610
CentroidY: 0.4577
