Location: Dedata_32.png_Mean-Medain.png
Component: component_1755502451044_192.png
centerX: 0.365981459089077
centerY: 0.44568006843455943
width: 0.044740024183796856
height: 0.028514399771884802
Area: 0.000484894206519879
CentroidX: 0.3901
CentroidY: 0.4576
