Location: internet_32.png_Gaussian-Closing.png
Component: component_1755077241476_28.png
centerX: 0.36920596533655786
centerY: 0.0499001996007984
width: 0.032648125755743655
height: 0.03450242372398061
Area: 0.00044099053577074563
CentroidX: 0.3857
CentroidY: 0.0671
