Location: Dedata_32.png_Mean-Closing.png
Component: component_1755502451736_281.png
centerX: 0.14993954050785974
centerY: 0.70544625035643
width: 0.04312777106005643
height: 0.026803535785571715
Area: 0.00043938150071711244
CentroidX: 0.1709
CentroidY: 0.7169
