Location: internet_32.png_Gaussian-Closing.png
Component: component_1755077241571_184.png
centerX: 0.6336154776299879
centerY: 0.48560022811519815
width: 0.029423619508262798
height: 0.033361847733105215
Area: 0.00041765952749306477
CentroidX: 0.6483
CentroidY: 0.5017
