Location: internet_32.png_Gaussian-Closing.png
Component: component_1755077241569_178.png
centerX: 0.7988714228133817
centerY: 0.4724836042201312
width: 0.02539298669891173
height: 0.033361847733105215
Area: 0.0003609985073901256
CentroidX: 0.8109
CentroidY: 0.4891
