Location: internet_32.png_Mean-Medain.png
Component: component_1755077241696_186.png
centerX: 0.9375251914550584
centerY: 0.46421442828628456
width: 0.031035872632003223
height: 0.035642999714856
Area: 0.0004650111304999835
CentroidX: 0.9521
CentroidY: 0.4829
