Location: Dedata_32.png_Gaussian-Closing.png
Component: component_1755502451142_58.png
centerX: 0.6138653768641676
centerY: 0.1300256629597947
width: 0.028617492946392584
height: 0.026518391787852865
Area: 0.0004158206302889126
CentroidX: 0.6284
CentroidY: 0.1428
