Location: internet_32.png_Mean-Medain.png
Component: component_1755077241707_220.png
centerX: 0.5820233776702942
centerY: 0.5386370116909039
width: 0.03184199919387344
height: 0.032506415739948676
Area: 0.00047857299738060586
CentroidX: 0.5979
CentroidY: 0.5547
