Location: Dedata_32.png_Mean-Closing.png
Component: component_1755502451687_63.png
centerX: 0.7122128174123338
centerY: 0.13287710293698318
width: 0.037484885126964934
height: 0.02765896777872826
Area: 0.00041639528566521014
CentroidX: 0.7315
CentroidY: 0.1450
