Location: Dedata_32.png_Mean-Medain.png
Component: component_1755502451027_118.png
centerX: 0.6219266424828698
centerY: 0.26632449386940404
width: 0.03506650544135429
height: 0.02737382378100941
Area: 0.00047868792845586535
CentroidX: 0.6427
CentroidY: 0.2783
