Location: internet_32.png_Mean-Medain.png
Component: component_1755077241718_265.png
centerX: 0.49455864570737607
centerY: 0.6412888508696892
width: 0.036275695284159616
height: 0.035357855717137156
Area: 0.0005236259788823344
CentroidX: 0.5118
CentroidY: 0.6584
