Location: Kurtxevani_1794_page_10.png_Mean-Medain.png
Component: component_1755610054912_1322.png
centerX: 0.36294564582115724
centerY: 0.378140149845747
width: 0.01636469900642899
height: 0.015866020273248127
Area: 0.00016588280173991484
CentroidX: 0.3711
CentroidY: 0.3857
