Location: Dedata_32.png_Mean-Closing.png
Component: component_1755502451743_314.png
centerX: 0.5348649738008867
centerY: 0.8018249215854006
width: 0.04393389762192664
height: 0.03051040775591674
Area: 0.0004171998031920267
CentroidX: 0.5571
CentroidY: 0.8146
