Location: Dedata_32.png_Mean-Medain.png
Component: component_1755502451070_310.png
centerX: 0.7239016525594518
centerY: 0.7590533219275735
width: 0.03909713825070536
height: 0.03450242372398061
Area: 0.0004568510241565582
CentroidX: 0.7423
CentroidY: 0.7736
