Location: Paraklitoni_1720_page_10.png_Mean-Medain.png
Component: component_1755610055266_570.png
centerX: 0.4321646341463415
centerY: 0.21553884711779447
width: 0.013719512195121951
height: 0.012531328320802004
Area: 9.13105935570634e-05
CentroidX: 0.4381
CentroidY: 0.2214
