Location: Dedata_32.png_Mean-Closing.png
Component: component_1755502451674_19.png
centerX: 0.0177347843611447
centerY: 0.04362703165098375
width: 0.03869407496977025
height: 0.02737382378100941
Area: 0.0003206576999740371
CentroidX: 0.0373
CentroidY: 0.0552
