Location: Dedata_32.png_Mean-Closing.png
Component: component_1755502451696_108.png
centerX: 0.3639661426844015
centerY: 0.25805531793555747
width: 0.04232164449818621
height: 0.026803535785571715
Area: 0.00041260256018164627
CentroidX: 0.3850
CentroidY: 0.2688
