Location: Dedata_32.png_Otsu.png
Component: component_1755502451800_14.png
centerX: 0.7234985892785167
centerY: 0.00855431993156544
width: 0.037081821846029824
height: 0.030795551753635585
Area: 0.00023331008277680833
CentroidX: 0.7444
CentroidY: 0.0218
