Location: internet_32.png_Gaussian-Median.png
Component: component_1755077241363_323.png
centerX: 0.11970979443772672
centerY: 0.6749358426005133
width: 0.031035872632003223
height: 0.033361847733105215
Area: 0.00047926258383216295
CentroidX: 0.1354
CentroidY: 0.6915
