Location: internet_32.png_Mean-Medain.png
Component: component_1755077241663_57.png
centerX: 0.8536880290205562
centerY: 0.11947533504419731
width: 0.03466344216041919
height: 0.03934987168520103
Area: 0.000555691748879738
CentroidX: 0.8708
CentroidY: 0.1391
