Location: Dedata_32.png_Otsu.png
Component: component_1755502451852_797.png
centerX: 0.13583232567513098
centerY: 0.5714285714285714
width: 0.04070939137444579
height: 0.027088679783290562
Area: 0.0004042125916877019
CentroidX: 0.1576
CentroidY: 0.5824
