Location: Dedata_32.png_Mean-Medain.png
Component: component_1755502451031_136.png
centerX: 0.9411527609834744
centerY: 0.31137724550898205
width: 0.03869407496977025
height: 0.03222127174222983
Area: 0.00045144926361936113
CentroidX: 0.9588
CentroidY: 0.3255
