Location: internet_32.png_Gaussian-Median.png
Component: component_1755077241054_48.png
centerX: 0.4913341394598952
centerY: 0.09238665526090675
width: 0.03506650544135429
height: 0.03421727972626176
Area: 0.00044443846802853093
CentroidX: 0.5093
CentroidY: 0.1084
