Location: internet_32.png_Gaussian-Closing.png
Component: component_1755077241575_197.png
centerX: 0.16203143893591293
centerY: 0.5243798118049615
width: 0.03305118903667876
height: 0.03450242372398061
Area: 0.0004581152659844128
CentroidX: 0.1786
CentroidY: 0.5410
