Location: internet_32.png_Gaussian-Closing.png
Component: component_1755077241506_95.png
centerX: 0.6203143893591294
centerY: 0.24094667807242656
width: 0.03909713825070536
height: 0.03649843170801255
Area: 0.0005989058331773144
CentroidX: 0.6385
CentroidY: 0.2589
