Location: Dedata_32.png_Mean-Medain.png
Component: component_1755502451009_34.png
centerX: 0.4207980652962515
centerY: 0.05360707157114343
width: 0.030632809351068116
height: 0.02737382378100941
Area: 0.0003301969792205765
CentroidX: 0.4363
CentroidY: 0.0657
