Location: Kurtxevani_1794_page_10.png_Mean-Medain.png
Component: component_1755610054897_1223.png
centerX: 0.2314436002337814
centerY: 0.35169678272366683
width: 0.015780245470485097
height: 0.015866020273248127
Area: 0.00015867050601209244
CentroidX: 0.2386
CentroidY: 0.3591
