Location: Kurtxevani_1784_page_10.png_Gaussian-Closing.png
Component: component_1755610055716_131.png
centerX: 0.395048439181916
centerY: 0.1649402390438247
width: 0.02045209903121636
height: 0.020717131474103586
Area: 0.00023329716655444958
CentroidX: 0.4037
CentroidY: 0.1749
