Location: internet_32.png_Gaussian-Closing.png
Component: component_1755077241505_93.png
centerX: 0.6811769447803305
centerY: 0.23467351012261192
width: 0.03869407496977025
height: 0.03934987168520103
Area: 0.000605112111241328
CentroidX: 0.6995
CentroidY: 0.2551
