Location: Dedata_32.png_Mean-Closing.png
Component: component_1755502451699_120.png
centerX: 0.230149133413946
centerY: 0.2951240376390077
width: 0.041112454655380895
height: 0.02623324779013402
Area: 0.00045432254050084894
CentroidX: 0.2514
CentroidY: 0.3062
