Location: Dedata_32.png_Otsu.png
Component: component_1755502451835_571.png
centerX: 0.2015316404675534
centerY: 0.3646991730824066
width: 0.03990326481257558
height: 0.03165098374679213
Area: 0.00036731971652939876
CentroidX: 0.2242
CentroidY: 0.3789
