Location: Dedata_32.png_Mean-Medain.png
Component: component_1755502451017_71.png
centerX: 0.867795243853285
centerY: 0.1377245508982036
width: 0.035872632003224506
height: 0.029940119760479042
Area: 0.00042064773544981207
CentroidX: 0.8864
CentroidY: 0.1514
