Location: Dedata_32.png_Mean-Medain.png
Component: component_1755502451011_46.png
centerX: 0.7118097541313986
centerY: 0.08982035928143713
width: 0.036275695284159616
height: 0.03364699173082407
Area: 0.0005067311108191861
CentroidX: 0.7331
CentroidY: 0.1059
