Location: internet_32.png_Otsu.png
Component: component_1755077240319_344.png
centerX: 0.6086255542120113
centerY: 0.12802965497576277
width: 0.03426037887948408
height: 0.03849443969204448
Area: 0.0004315661875994657
CentroidX: 0.6253
CentroidY: 0.1460
