Location: Dedata_32.png_Gaussian-Closing.png
Component: component_1755502451170_175.png
centerX: 0.561870213623539
centerY: 0.414599372683205
width: 0.04554615074566707
height: 0.02480752780153978
Area: 0.0003515741592188457
CentroidX: 0.5844
CentroidY: 0.4250
