Location: Dedata_32.png_Otsu.png
Component: component_1755502451830_473.png
centerX: 0.694074969770254
centerY: 0.3099515255203878
width: 0.039500201531640466
height: 0.02594810379241517
Area: 0.00036145823169116364
CentroidX: 0.7163
CentroidY: 0.3212
