Location: Dedata_32.png_Mean-Medain.png
Component: component_1755502451031_139.png
centerX: 0.019347037484885126
centerY: 0.3290561733675506
width: 0.032648125755743655
height: 0.019104647847162818
Area: 0.0002969818984705777
CentroidX: 0.0358
CentroidY: 0.3380
