Location: Dedata_32.png_Gaussian-Closing.png
Component: component_1755502451346_268.png
centerX: 0.2551390568319226
centerY: 0.6583974907328201
width: 0.04232164449818621
height: 0.0290846877673225
Area: 0.00043627836168510565
CentroidX: 0.2815
CentroidY: 0.6699
