Location: Dedata_32.png_Otsu.png
Component: component_1755502451806_198.png
centerX: 0.2140266021765417
centerY: 0.08468776732249786
width: 0.03385731559854897
height: 0.029940119760479042
Area: 0.00042340608125604034
CentroidX: 0.2299
CentroidY: 0.0987
