Location: Dedata_32.png_Mean-Closing.png
Component: component_1755502451734_272.png
centerX: 0.7609834744054816
centerY: 0.6689478186484175
width: 0.0471584038694075
height: 0.026518391787852865
Area: 0.00043260056727680127
CentroidX: 0.7847
CentroidY: 0.6796
