Location: Dedata_32.png_Mean-Medain.png
Component: component_1755502451015_64.png
centerX: 0.6646513502619912
centerY: 0.13145138294838893
width: 0.032648125755743655
height: 0.02737382378100941
Area: 0.000409844214375418
CentroidX: 0.6803
CentroidY: 0.1444
