Location: internet_32.png_Otsu.png
Component: component_1755077240512_1074.png
centerX: 0.06690850463522773
centerY: 0.42771599657827203
width: 0.03345425231761386
height: 0.03450242372398061
Area: 0.0004337498780293964
CentroidX: 0.0828
CentroidY: 0.4444
