Location: Dedata_32.png_Mean-Medain.png
Component: component_1755502451060_269.png
centerX: 0.012494961708988311
centerY: 0.6564014827487882
width: 0.03667875856509472
height: 0.025377815796977475
Area: 0.0003866281371729967
CentroidX: 0.0335
CentroidY: 0.6678
