Location: internet_32.png_Gaussian-Median.png
Component: component_1755077241356_316.png
centerX: 0.28053204353083433
centerY: 0.6598232107214144
width: 0.03345425231761386
height: 0.033932135728542916
Area: 0.0004628274400700528
CentroidX: 0.2967
CentroidY: 0.6763
