Location: internet_32.png_Mean-Medain.png
Component: component_1755077241698_191.png
centerX: 0.7984683595324465
centerY: 0.4724836042201312
width: 0.026199113260781944
height: 0.033932135728542916
Area: 0.0004042125916877019
CentroidX: 0.8109
CentroidY: 0.4891
