Location: Dedata_32.png_Gaussian-Closing.png
Component: component_1755502451161_130.png
centerX: 0.4159613059250302
centerY: 0.3013972055888224
width: 0.04836759371221282
height: 0.027088679783290562
Area: 0.0004854688618961766
CentroidX: 0.4405
CentroidY: 0.3120
