Location: internet_32.png_Mean-Medain.png
Component: component_1755077241693_172.png
centerX: 0.06690850463522773
centerY: 0.4274308525805532
width: 0.03345425231761386
height: 0.035642999714856
Area: 0.0006083301813485944
CentroidX: 0.0834
CentroidY: 0.4453
