Location: Dedata_32.png_Mean-Medain.png
Component: component_1755502451075_329.png
centerX: 0.8520757758968158
centerY: 0.8112346735101226
width: 0.041112454655380895
height: 0.02879954376960365
Area: 0.0004171998031920267
CentroidX: 0.8688
CentroidY: 0.8240
