Location: internet_32.png_Mean-Medain.png
Component: component_1755077241718_270.png
centerX: 0.8887545344619106
centerY: 0.6532648987738808
width: 0.03305118903667876
height: 0.035357855717137156
Area: 0.0005007546949056915
CentroidX: 0.9048
CentroidY: 0.6698
