Location: Dedata_32.png_Otsu.png
Component: component_1755502451826_418.png
centerX: 0.9254332930270053
centerY: 0.272027373823781
width: 0.041112454655380895
height: 0.02765896777872826
Area: 0.000389616345129744
CentroidX: 0.9468
CentroidY: 0.2834
