Location: internet_32.png_Mean-Medain.png
Component: component_1755077241673_101.png
centerX: 0.8012898024989923
centerY: 0.2292557741659538
width: 0.04030632809351068
height: 0.039064727687482176
Area: 0.000619478495648767
CentroidX: 0.8198
CentroidY: 0.2496
