Location: Dedata_32.png_Otsu.png
Component: component_1755502451811_227.png
centerX: 0.8202337767029424
centerY: 0.09466780724265754
width: 0.04030632809351068
height: 0.028514399771884802
Area: 0.0004640916818979074
CentroidX: 0.8427
CentroidY: 0.1075
