Location: Dedata_32.png_Gaussian-Closing.png
Component: component_1755502451133_15.png
centerX: 0.8258766626360339
centerY: 0.009409751924721984
width: 0.03829101168883515
height: 0.03022526375819789
Area: 0.00036180302491694216
CentroidX: 0.8466
CentroidY: 0.0230
