Location: Dedata_32.png_Gaussian-Closing.png
Component: component_1755502451390_315.png
centerX: 0.34784361144699716
centerY: 0.7986883376104933
width: 0.03909713825070536
height: 0.029654975762760195
Area: 0.0004077754550207468
CentroidX: 0.3642
CentroidY: 0.8121
