Location: Dedata_32.png_Mean-Medain.png
Component: component_1755502451042_185.png
centerX: 0.8887545344619106
centerY: 0.4251497005988024
width: 0.03829101168883515
height: 0.026803535785571715
Area: 0.0003439887082517179
CentroidX: 0.9087
CentroidY: 0.4370
