Location: Dedata_32.png_Gaussian-Closing.png
Component: component_1755502451351_284.png
centerX: 0.07940346634421604
centerY: 0.7057313943541489
width: 0.04232164449818621
height: 0.027944111776447105
Area: 0.000430072083621092
CentroidX: 0.1018
CentroidY: 0.7174
