Location: internet_32.png_Otsu.png
Component: component_1755077240693_1724.png
centerX: 0.8992341797662233
centerY: 0.6065012831479898
width: 0.030229746070133012
height: 0.033361847733105215
Area: 0.00041444145738579844
CentroidX: 0.9140
CentroidY: 0.6221
