Location: Dedata_32.png_Gaussian-Closing.png
Component: component_1755502451164_146.png
centerX: 0.6787585650947199
centerY: 0.3504419731964642
width: 0.03667875856509472
height: 0.026803535785571715
Area: 0.000380191996958464
CentroidX: 0.6989
CentroidY: 0.3622
