Location: Dedata_32.png_Otsu.png
Component: component_1755502451835_580.png
centerX: 0.3329302700523982
centerY: 0.37439406900484745
width: 0.041515517936316
height: 0.031080695751354435
Area: 0.00035134429706832666
CentroidX: 0.3530
CentroidY: 0.3883
