Location: Dedata_32.png_Otsu.png
Component: component_1755502451870_913.png
centerX: 0.6521563885530028
centerY: 0.757912745936698
width: 0.0475614671503426
height: 0.03136583974907328
Area: 0.00034847102018683885
CentroidX: 0.6744
CentroidY: 0.7698
