Location: Dedata_32.png_Gaussian-Closing.png
Component: component_1755502451144_63.png
centerX: 0.332124143490528
centerY: 0.13259195893926431
width: 0.032648125755743655
height: 0.031080695751354435
Area: 0.00045662116200603916
CentroidX: 0.3505
CentroidY: 0.1470
