Location: Dedata_32.png_Mean-Medain.png
Component: component_1755502451073_320.png
centerX: 0.34744054816606207
centerY: 0.7986883376104933
width: 0.039500201531640466
height: 0.029940119760479042
Area: 0.0004424846397491193
CentroidX: 0.3642
CentroidY: 0.8123
