Location: Dedata_32.png_Mean-Medain.png
Component: component_1755502451041_184.png
centerX: 0.8323256751309955
centerY: 0.4245794126033647
width: 0.04353083434099154
height: 0.02594810379241517
Area: 0.00036950340695932944
CentroidX: 0.8566
CentroidY: 0.4359
