Location: Kurtxevani_1794_page_10.png_Mean-Medain.png
Component: component_1755610054649_639.png
centerX: 0.1940385739333723
centerY: 0.1507271925958572
width: 0.01636469900642899
height: 0.015425297487880123
Area: 0.0001362608728577872
CentroidX: 0.2020
CentroidY: 0.1578
