Location: Dedata_32.png_Otsu.png
Component: component_1755502451869_907.png
centerX: 0.19951632406287786
centerY: 0.7530652979754776
width: 0.04353083434099154
height: 0.028229255774165955
Area: 0.00036973326910984847
CentroidX: 0.2218
CentroidY: 0.7643
