Location: Dedata_32.png_Gaussian-Closing.png
Component: component_1755502451212_239.png
centerX: 0.45787988714228134
centerY: 0.5822640433418876
width: 0.046352277307537285
height: 0.029654975762760195
Area: 0.0005012144192067296
CentroidX: 0.4809
CentroidY: 0.5954
