Location: Dedata_32.png_Mean-Closing.png
Component: component_1755502451736_282.png
centerX: 0.2777106005642886
centerY: 0.7057313943541489
width: 0.04070939137444579
height: 0.031080695751354435
Area: 0.0004642066129731669
CentroidX: 0.2968
CentroidY: 0.7205
