Location: internet_32.png_Mean-Medain.png
Component: component_1755077241699_194.png
centerX: 0.060056428859330914
centerY: 0.4793270601653835
width: 0.031035872632003223
height: 0.03706871970345024
Area: 0.0006008596614567261
CentroidX: 0.0755
CentroidY: 0.4971
