Location: Dedata_32.png_Mean-Closing.png
Component: component_1755502451713_177.png
centerX: 0.7896009673518742
centerY: 0.4231536926147705
width: 0.037484885126964934
height: 0.026518391787852865
Area: 0.00035869988588493537
CentroidX: 0.8086
CentroidY: 0.4345
