Location: Dedata_32.png_Mean-Medain.png
Component: component_1755502451012_48.png
centerX: 0.5977428456267634
centerY: 0.09096093527231251
width: 0.03506650544135429
height: 0.029940119760479042
Area: 0.00043329015372835835
CentroidX: 0.6171
CentroidY: 0.1040
