Location: Dedata_32.png_Mean-Closing.png
Component: component_1755502451725_236.png
centerX: 0.5264006449012495
centerY: 0.5828343313373253
width: 0.03829101168883515
height: 0.02765896777872826
Area: 0.0004312213943736871
CentroidX: 0.5451
CentroidY: 0.5945
