Location: Dedata_32.png_Mean-Medain.png
Component: component_1755502451024_105.png
centerX: 0.6852075775896815
centerY: 0.22355289421157684
width: 0.05280128980249899
height: 0.028229255774165955
Area: 0.0004798372392084605
CentroidX: 0.7127
CentroidY: 0.2369
