Location: Dedata_32.png_Gaussian-Closing.png
Component: component_1755502451137_33.png
centerX: 0.4207980652962515
centerY: 0.05360707157114343
width: 0.030632809351068116
height: 0.02737382378100941
Area: 0.0003166351123399542
CentroidX: 0.4362
CentroidY: 0.0657
