Location: Dedata_32.png_Otsu.png
Component: component_1755502451843_636.png
centerX: 0.6638452237001209
centerY: 0.4533789563729683
width: 0.04030632809351068
height: 0.02879954376960365
Area: 0.0003516890902941052
CentroidX: 0.6831
CentroidY: 0.4655
