Location: Dedata_32.png_Otsu.png
Component: component_1755502451834_559.png
centerX: 0.018137847642079808
centerY: 0.35700028514399773
width: 0.04030632809351068
height: 0.03165098374679213
Area: 0.00031778442309254927
CentroidX: 0.0406
CentroidY: 0.3713
