Location: internet_32.png_Mean-Medain.png
Component: component_1755077241711_237.png
centerX: 0.10721483272873841
centerY: 0.5791274593669803
width: 0.031035872632003223
height: 0.03136583974907328
Area: 0.00047523999619808005
CentroidX: 0.1224
CentroidY: 0.5940
