Location: Dedata_32.png_Mean-Closing.png
Component: component_1755502451735_276.png
centerX: 0.022974607013301087
centerY: 0.7037353863701169
width: 0.03909713825070536
height: 0.025092671799258625
Area: 0.0003911104491081176
CentroidX: 0.0421
CentroidY: 0.7150
