Location: internet_32.png_Mean-Medain.png
Component: component_1755077241701_203.png
centerX: 0.4191858121725111
centerY: 0.500998003992016
width: 0.032648125755743655
height: 0.03507271171941831
Area: 0.0004670798898546547
CentroidX: 0.4362
CentroidY: 0.5175
