Location: Dedata_32.png_Mean-Closing.png
Component: component_1755502451721_217.png
centerX: 0.31116485288190243
centerY: 0.5352152837182778
width: 0.04191858121725111
height: 0.03222127174222983
Area: 0.0004568510241565582
CentroidX: 0.3330
CentroidY: 0.5502
