Location: Dedata_32.png_Gaussian-Closing.png
Component: component_1755502451179_204.png
centerX: 0.23740427247077792
centerY: 0.48731109210151125
width: 0.04232164449818621
height: 0.03051040775591674
Area: 0.00042938249716953494
CentroidX: 0.2585
CentroidY: 0.5002
