Location: Dedata_32.png_Mean-Medain.png
Component: component_1755502451033_149.png
centerX: 0.6787585650947199
centerY: 0.3504419731964642
width: 0.037081821846029824
height: 0.026803535785571715
Area: 0.0003959375542690171
CentroidX: 0.6990
CentroidY: 0.3622
