Location: Dedata_32.png_Mean-Closing.png
Component: component_1755502451740_302.png
centerX: 0.7787182587666264
centerY: 0.7596236099230111
width: 0.044740024183796856
height: 0.032506415739948676
Area: 0.00044742667598527823
CentroidX: 0.7983
CentroidY: 0.7736
