Location: Dedata_32.png_Mean-Medain.png
Component: component_1755502451014_56.png
centerX: 0.07819427650141073
centerY: 0.12917023096663816
width: 0.03667875856509472
height: 0.027088679783290562
Area: 0.0004370828792119222
CentroidX: 0.0976
CentroidY: 0.1412
