Location: Dedata_32.png_Gaussian-Closing.png
Component: component_1755502451348_277.png
centerX: 0.8206368399838775
centerY: 0.6706586826347305
width: 0.041112454655380895
height: 0.029369831765041345
Area: 0.00042225677050344526
CentroidX: 0.8422
CentroidY: 0.6832
