Location: internet_32.png_Gaussian-Median.png
Component: component_1755077241015_10.png
centerX: 0.5675130995566304
centerY: 0.006558311947533505
width: 0.03426037887948408
height: 0.033361847733105215
Area: 0.000489376518455
CentroidX: 0.5848
CentroidY: 0.0227
