Location: Dedata_32.png_Otsu.png
Component: component_1755502451817_292.png
centerX: 0.0237807335751713
centerY: 0.16994582264043342
width: 0.03506650544135429
height: 0.027088679783290562
Area: 0.00031812921631832784
CentroidX: 0.0413
CentroidY: 0.1809
