Location: Kurtxevani_1784_page_10.png_Gaussian-Closing.png
Component: component_1755610055769_563.png
centerX: 0.3606027987082885
centerY: 0.7737051792828685
width: 0.0193756727664155
height: 0.0199203187250996
Area: 0.00019212707833895847
CentroidX: 0.3687
CentroidY: 0.7828
