Location: Dedata_32.png_Mean-Medain.png
Component: component_1755502451063_281.png
centerX: 0.7609834744054816
centerY: 0.6689478186484175
width: 0.0471584038694075
height: 0.026518391787852865
Area: 0.0004338648091046559
CentroidX: 0.7847
CentroidY: 0.6796
