Location: Dedata_32.png_Gaussian-Closing.png
Component: component_1755502451136_27.png
centerX: 0.5344619105199516
centerY: 0.0510407755916738
width: 0.02781136638452237
height: 0.026803535785571715
Area: 0.00028640823954670266
CentroidX: 0.5487
CentroidY: 0.0636
