Location: internet_32.png_Mean-Medain.png
Component: component_1755077241703_211.png
centerX: 0.800080612656187
centerY: 0.5206729398346165
width: 0.028214429665457477
height: 0.03307670373538637
Area: 0.000425130047384933
CentroidX: 0.8135
CentroidY: 0.5379
