Location: Dedata_32.png_Otsu.png
Component: component_1755502451837_601.png
centerX: 0.9238210399032648
centerY: 0.3972055888223553
width: 0.04312777106005643
height: 0.023666951810664385
Area: 0.0003316910831989502
CentroidX: 0.9450
CentroidY: 0.4075
