Location: internet_32.png_Gaussian-Median.png
Component: component_1755077241278_270.png
centerX: 0.8839177750906893
centerY: 0.561163387510693
width: 0.03426037887948408
height: 0.03222127174222983
Area: 0.0004884570698529239
CentroidX: 0.9000
CentroidY: 0.5773
