Location: internet_32.png_Gaussian-Closing.png
Component: component_1755077241587_248.png
centerX: 0.49455864570737607
centerY: 0.6412888508696892
width: 0.036275695284159616
height: 0.035357855717137156
Area: 0.0005079953526470408
CentroidX: 0.5118
CentroidY: 0.6585
