Location: Dedata_32.png_Otsu.png
Component: component_1755502451867_889.png
centerX: 0.8883514711809755
centerY: 0.7097234103222128
width: 0.03788794840790004
height: 0.025092671799258625
Area: 0.00032318618362974633
CentroidX: 0.9038
CentroidY: 0.7215
