Location: Dedata_32.png_Otsu.png
Component: component_1755502451825_408.png
centerX: 0.7444578798871423
centerY: 0.26889078984887366
width: 0.03829101168883515
height: 0.02879954376960365
Area: 0.00037053778663666503
CentroidX: 0.7656
CentroidY: 0.2806
