Location: Dedata_32.png_Mean-Closing.png
Component: component_1755502451689_78.png
centerX: 0.3788794840790004
centerY: 0.17564870259481039
width: 0.0354695687222894
height: 0.029654975762760195
Area: 0.000480182032434239
CentroidX: 0.3982
CentroidY: 0.1893
