Location: Dedata_32.png_Gaussian-Closing.png
Component: component_1755502451134_17.png
centerX: 0.024586860137041516
centerY: 0.009694895922440832
width: 0.03829101168883515
height: 0.02623324779013402
Area: 0.0003415751556712682
CentroidX: 0.0444
CentroidY: 0.0211
