Location: Dedata_32.png_Otsu.png
Component: component_1755502451817_295.png
centerX: 0.26118500604594924
centerY: 0.17080125463358997
width: 0.03506650544135429
height: 0.028514399771884802
Area: 0.00040444245383822094
CentroidX: 0.2785
CentroidY: 0.1844
