Location: internet_32.png_Gaussian-Closing.png
Component: component_1755077241501_82.png
centerX: 0.42845626763401856
centerY: 0.19275734245794127
width: 0.035872632003224506
height: 0.04077559167379527
Area: 0.000560633785115897
CentroidX: 0.4469
CentroidY: 0.2139
