Location: Dedata_32.png_Mean-Closing.png
Component: component_1755502451685_57.png
centerX: 0.6138653768641676
centerY: 0.1300256629597947
width: 0.02902055622732769
height: 0.026518391787852865
Area: 0.0004330602915778393
CentroidX: 0.6284
CentroidY: 0.1428
