Location: Samociqulo_1709_page_10.png_Gaussian-Median.png
Component: component_1755610056141_1208.png
centerX: 0.10663390663390664
centerY: 0.27375
width: 0.022604422604422605
height: 0.016875
Area: 0.00022374078624078623
CentroidX: 0.1166
CentroidY: 0.2814
