Location: internet_32.png_Otsu.png
Component: component_1755077240272_112.png
centerX: 0.5614671503426037
centerY: 0.046763615625891077
width: 0.028214429665457477
height: 0.031936127744510975
Area: 0.0002970968295458372
CentroidX: 0.5752
CentroidY: 0.0618
