Location: Dedata_32.png_Mean-Medain.png
Component: component_1755502451042_188.png
centerX: 0.12132204756146715
centerY: 0.4414029084687767
width: 0.04433696090286175
height: 0.028229255774165955
Area: 0.0004129473534074248
CentroidX: 0.1438
CentroidY: 0.4537
