Location: internet_32.png_Mean-Medain.png
Component: component_1755077241661_50.png
centerX: 0.36920596533655786
centerY: 0.09723410322212718
width: 0.03305118903667876
height: 0.03165098374679213
Area: 0.0005029383853356223
CentroidX: 0.3857
CentroidY: 0.1118
