Location: internet_32.png_Mean-Medain.png
Component: component_1755077241678_120.png
centerX: 0.6735187424425635
centerY: 0.2894211576846307
width: 0.03466344216041919
height: 0.03992015968063872
Area: 0.0006772888265043013
CentroidX: 0.6904
CentroidY: 0.3095
