Location: internet_32.png_Mean-Medain.png
Component: component_1755077241719_274.png
centerX: 0.7984683595324465
centerY: 0.6623895067008839
width: 0.03385731559854897
height: 0.036213287710293696
Area: 0.0005429343995259323
CentroidX: 0.8147
CentroidY: 0.6799
