Location: internet_32.png_Mean-Medain.png
Component: component_1755077241658_38.png
centerX: 0.02257154373236598
centerY: 0.06643855146849159
width: 0.028214429665457477
height: 0.028514399771884802
Area: 0.0004155907681383936
CentroidX: 0.0360
CentroidY: 0.0807
