Location: internet_32.png_Gaussian-Closing.png
Component: component_1755077241497_73.png
centerX: 0.9484079000403063
centerY: 0.16338751069289992
width: 0.03788794840790004
height: 0.03592814371257485
Area: 0.0005232811856565558
CentroidX: 0.9670
CentroidY: 0.1799
