Location: internet_32.png_Mean-Medain.png
Component: component_1755077241715_256.png
centerX: 0.7464731962918179
centerY: 0.6196179070430567
width: 0.036275695284159616
height: 0.03307670373538637
Area: 0.0004711024774887376
CentroidX: 0.7655
CentroidY: 0.6350
