Location: Dedata_32.png_Otsu.png
Component: component_1755502451859_855.png
centerX: 0.32285368802902054
centerY: 0.6581123467351012
width: 0.04433696090286175
height: 0.03165098374679213
Area: 0.0004059365578165946
CentroidX: 0.3457
CentroidY: 0.6723
