Location: internet_32.png_Mean-Medain.png
Component: component_1755077241662_53.png
centerX: 0.12414349052801289
centerY: 0.10607356715141146
width: 0.03345425231761386
height: 0.033932135728542916
Area: 0.0004767341001764537
CentroidX: 0.1406
CentroidY: 0.1226
