Location: Dedata_32.png_Mean-Medain.png
Component: component_1755502451030_132.png
centerX: 0.5562273276904474
centerY: 0.3028229255774166
width: 0.05038291011688835
height: 0.02594810379241517
Area: 0.0004915602088849307
CentroidX: 0.5820
CentroidY: 0.3145
