Location: Dedata_32.png_Gaussian-Closing.png
Component: component_1755502451346_270.png
centerX: 0.5191455058444175
centerY: 0.6592529227259766
width: 0.04312777106005643
height: 0.02737382378100941
Area: 0.00037467530534600747
CentroidX: 0.5417
CentroidY: 0.6713
