Location: internet_32.png_Gaussian-Closing.png
Component: component_1755077241508_107.png
centerX: 0.8436114469971786
centerY: 0.2797262617621899
width: 0.03506650544135429
height: 0.039064727687482176
Area: 0.0006271788776911542
CentroidX: 0.8610
CentroidY: 0.2992
