Location: Dedata_32.png_Otsu.png
Component: component_1755502451832_529.png
centerX: 0.14429665457476823
centerY: 0.3296264613629883
width: 0.03385731559854897
height: 0.022526375819788995
Area: 0.0002733060969671183
CentroidX: 0.1601
CentroidY: 0.3396
