Location: Dedata_32.png_Otsu.png
Component: component_1755502451821_344.png
centerX: 0.282950423216445
centerY: 0.2132877102936983
width: 0.04836759371221282
height: 0.023381807812945538
Area: 0.0003387018787897804
CentroidX: 0.3066
CentroidY: 0.2218
