Location: Paraklitoni_1720_page_10.png_Mean-Medain.png
Component: component_1755610055678_2350.png
centerX: 0.3597560975609756
centerY: 0.8606516290726817
width: 0.014481707317073171
height: 0.011528822055137845
Area: 9.895164741121095e-05
CentroidX: 0.3660
CentroidY: 0.8658
