Location: Dedata_32.png_Mean-Medain.png
Component: component_1755502451065_291.png
centerX: 0.2777106005642886
centerY: 0.7057313943541489
width: 0.04070939137444579
height: 0.03136583974907328
Area: 0.00046742468308043323
CentroidX: 0.2969
CentroidY: 0.7205
