Location: Dedata_32.png_Gaussian-Closing.png
Component: component_1755502451153_104.png
centerX: 0.6215235792019347
centerY: 0.22383803820929568
width: 0.04554615074566707
height: 0.02594810379241517
Area: 0.00043961136286763147
CentroidX: 0.6433
CentroidY: 0.2357
