Location: Paraklitoni_1720_page_10.png_Mean-Medain.png
Component: component_1755610055379_1729.png
centerX: 0.16539634146341464
centerY: 0.6270676691729323
width: 0.013719512195121951
height: 0.013032581453634085
Area: 9.513112048413717e-05
CentroidX: 0.1711
CentroidY: 0.6330
