Location: internet_32.png_Mean-Medain.png
Component: component_1755077241651_12.png
centerX: 0.6815800080612656
centerY: 0.006558311947533505
width: 0.03143893591293833
height: 0.03165098374679213
Area: 0.0004477714692110568
CentroidX: 0.6973
CentroidY: 0.0222
