Location: internet_32.png_Otsu.png
Component: component_1755077240507_1014.png
centerX: 0.4836759371221282
centerY: 0.405189620758483
width: 0.035872632003224506
height: 0.03592814371257485
Area: 0.0004839747579178029
CentroidX: 0.5011
CentroidY: 0.4231
