Location: Paraklitoni_1720_page_10.png_Mean-Medain.png
Component: component_1755610055294_866.png
centerX: 0.5746951219512195
centerY: 0.3197994987468672
width: 0.012957317073170731
height: 0.012030075187969926
Area: 9.13105935570634e-05
CentroidX: 0.5801
CentroidY: 0.3253
