Location: internet_32.png_Mean-Medain.png
Component: component_1755077241670_86.png
centerX: 0.49496170898831116
centerY: 0.1899059024807528
width: 0.03426037887948408
height: 0.039064727687482176
Area: 0.0006220069793044762
CentroidX: 0.5122
CentroidY: 0.2095
