Location: Kurtxevani_1794_page_10.png_Mean-Medain.png
Component: component_1755610055025_1832.png
centerX: 0.6510812390414962
centerY: 0.5491405905685324
width: 0.024547048509643482
height: 0.02247686205376818
Area: 0.00026814285188082507
CentroidX: 0.6612
CentroidY: 0.5592
