Location: Dedata_32.png_Mean-Closing.png
Component: component_1755502451693_93.png
centerX: 0.34744054816606207
centerY: 0.21642429426860565
width: 0.0471584038694075
height: 0.02566295979469632
Area: 0.00046363195759686936
CentroidX: 0.3703
CentroidY: 0.2273
