Location: Dedata_32.png_Gaussian-Closing.png
Component: component_1755502451164_148.png
centerX: 0.615074566706973
centerY: 0.35072711719418304
width: 0.04877065699314793
height: 0.024522383803820928
Area: 0.0004042125916877019
CentroidX: 0.6389
CentroidY: 0.3607
