Location: internet_32.png_Mean-Medain.png
Component: component_1755077241721_284.png
centerX: 0.6009673518742442
centerY: 0.6826347305389222
width: 0.03184199919387344
height: 0.03421727972626176
Area: 0.0005067311108191861
CentroidX: 0.6163
CentroidY: 0.6997
