Location: internet_32.png_Mean-Medain.png
Component: component_1755077241718_267.png
centerX: 0.3897621926642483
centerY: 0.6481323068149415
width: 0.032245062474808545
height: 0.034787567721699456
Area: 0.00048167613641261265
CentroidX: 0.4053
CentroidY: 0.6655
