Location: Dedata_32.png_Gaussian-Closing.png
Component: component_1755502451151_97.png
centerX: 0.34744054816606207
centerY: 0.21642429426860565
width: 0.0471584038694075
height: 0.02566295979469632
Area: 0.00043064673899738956
CentroidX: 0.3703
CentroidY: 0.2273
