Location: internet_32.png_Gaussian-Median.png
Component: component_1755077241100_77.png
centerX: 0.2478839177750907
centerY: 0.14913031080695752
width: 0.035872632003224506
height: 0.03706871970345024
Area: 0.00048650324157351217
CentroidX: 0.2646
CentroidY: 0.1669
