Location: Dedata_32.png_Mean-Closing.png
Component: component_1755502451682_44.png
centerX: 0.14550584441757355
centerY: 0.09067579127459367
width: 0.04030632809351068
height: 0.028229255774165955
Area: 0.00035869988588493537
CentroidX: 0.1655
CentroidY: 0.1014
