Location: Kurtxevani_1784_page_10.png_Gaussian-Closing.png
Component: component_1755610055730_240.png
centerX: 0.6555435952637244
centerY: 0.3322709163346614
width: 0.03767491926803014
height: 0.02151394422310757
Area: 0.00044944012968577786
CentroidX: 0.6729
CentroidY: 0.3425
