Location: internet_32.png_Gaussian-Median.png
Component: component_1755077241260_242.png
centerX: 0.8436114469971786
centerY: 0.5201026518391788
width: 0.03305118903667876
height: 0.031936127744510975
Area: 0.0004029483498598473
CentroidX: 0.8600
CentroidY: 0.5353
