Location: internet_32.png_Mean-Medain.png
Component: component_1755077241689_152.png
centerX: 0.7746876259572752
centerY: 0.38294838893641286
width: 0.04030632809351068
height: 0.03992015968063872
Area: 0.0006559116465060321
CentroidX: 0.7954
CentroidY: 0.4023
