Location: Kurtxevani_1764_page_10.png_Otsu.png
Component: component_1755610055926_1198.png
centerX: 0.5372168284789643
centerY: 0.47287184284377926
width: 0.020064724919093852
height: 0.018709073900841908
Area: 0.00020767677501581794
CentroidX: 0.5454
CentroidY: 0.4811
