Location: Dedata_32.png_Mean-Closing.png
Component: component_1755502451719_205.png
centerX: 0.4973800886739218
centerY: 0.4955802680353579
width: 0.049576783555018135
height: 0.030795551753635585
Area: 0.00047259658146711126
CentroidX: 0.5212
CentroidY: 0.5093
