Location: Dedata_32.png_Otsu.png
Component: component_1755502451816_275.png
centerX: 0.8681983071342201
centerY: 0.13743940690048476
width: 0.0354695687222894
height: 0.03022526375819789
Area: 0.00036950340695932944
CentroidX: 0.8864
CentroidY: 0.1510
