Location: internet_32.png_Otsu.png
Component: component_1755077240238_7.png
centerX: 0.1954856912535268
centerY: 0.006273167949814656
width: 0.03506650544135429
height: 0.03706871970345024
Area: 0.0004277734621159018
CentroidX: 0.2129
CentroidY: 0.0248
