Location: internet_32.png_Mean-Medain.png
Component: component_1755077241720_276.png
centerX: 0.22611850060459493
centerY: 0.6683775306529798
width: 0.032648125755743655
height: 0.03222127174222983
Area: 0.00048627337942299314
CentroidX: 0.2417
CentroidY: 0.6842
