Location: Paraklitoni_1720_page_10.png_Mean-Medain.png
Component: component_1755610055331_1264.png
centerX: 0.7538109756097561
centerY: 0.46365914786967416
width: 0.013719512195121951
height: 0.014035087719298246
Area: 0.00010315422703099212
CentroidX: 0.7592
CentroidY: 0.4702
