Location: internet_32.png_Otsu.png
Component: component_1755077240648_1291.png
centerX: 0.012091898428053204
centerY: 0.482178500142572
width: 0.03184199919387344
height: 0.03136583974907328
Area: 0.00042547484061071153
CentroidX: 0.0281
CentroidY: 0.4973
