Location: Samociqulo_1709_page_10.png_Gaussian-Median.png
Component: component_1755610056173_1666.png
centerX: 0.5331695331695332
centerY: 0.35125
width: 0.02457002457002457
height: 0.0153125
Area: 0.00018243243243243242
CentroidX: 0.5435
CentroidY: 0.3580
