Location: Dedata_32.png_Otsu.png
Component: component_1755502451853_808.png
centerX: 0.5264006449012495
centerY: 0.5828343313373253
width: 0.03829101168883515
height: 0.02737382378100941
Area: 0.0003882371722266298
CentroidX: 0.5452
CentroidY: 0.5944
