Location: Dedata_32.png_Mean-Medain.png
Component: component_1755502451021_97.png
centerX: 0.2825473599355099
centerY: 0.21300256629597947
width: 0.04917372027408303
height: 0.023666951810664385
Area: 0.0003889267586781869
CentroidX: 0.3067
CentroidY: 0.2218
