Location: internet_32.png_Gaussian-Closing.png
Component: component_1755077241511_115.png
centerX: 0.4276501410721483
centerY: 0.30681494154548045
width: 0.037484885126964934
height: 0.04077559167379527
Area: 0.0006021239032845807
CentroidX: 0.4473
CentroidY: 0.3259
