Location: Dedata_32.png_Gaussian-Closing.png
Component: component_1755502451173_186.png
centerX: 0.12132204756146715
centerY: 0.4414029084687767
width: 0.04433696090286175
height: 0.027944111776447105
Area: 0.0003958226231937576
CentroidX: 0.1437
CentroidY: 0.4536
