Location: internet_32.png_Otsu.png
Component: component_1755077240668_1500.png
centerX: 0.011688835147118097
centerY: 0.5383518676931851
width: 0.03426037887948408
height: 0.032506415739948676
Area: 0.00040835011039704435
CentroidX: 0.0284
CentroidY: 0.5523
