Location: Dedata_21.png_Otsu.png
Component: component_1755511066235_309.png
centerX: 0.37540322580645163
centerY: 0.5773724707893987
width: 0.027419354838709678
height: 0.029068110572812767
Area: 0.00031612259719247283
CentroidX: 0.3883
CentroidY: 0.5953
