Location: Dedata_21.png_Otsu.png
Component: component_1755511066288_412.png
centerX: 0.38870967741935486
centerY: 0.8392704474209176
width: 0.027822580645161292
height: 0.0353377030493018
Area: 0.00028452182866178213
CentroidX: 0.4024
CentroidY: 0.8617
