Location: Dedata_21.png_Otsu.png
Component: component_1755511065995_256.png
centerX: 0.8548387096774194
centerY: 0.42946708463949845
width: 0.031451612903225803
height: 0.034482758620689655
Area: 0.0003765662490002666
CentroidX: 0.8701
CentroidY: 0.4518
