Location: Dedata_21.png_Gaussian-Closing.png
Component: component_1755511065662_100.png
centerX: 0.15524193548387097
centerY: 0.21117127386719864
width: 0.03064516129032258
height: 0.029923055001424906
Area: 0.0003485277489221265
CentroidX: 0.1703
CentroidY: 0.2303
