Location: Dedata_21.png_Mean-Medain.png
Component: component_1755511065193_105.png
centerX: 0.8467741935483871
centerY: 0.2225705329153605
width: 0.038306451612903226
height: 0.03305785123966942
Area: 0.00042368012208238723
CentroidX: 0.8657
CentroidY: 0.2430
