Location: Dedata_21.png_Otsu.png
Component: component_1755511066281_402.png
centerX: 0.869758064516129
centerY: 0.8190367626104303
width: 0.02661290322580645
height: 0.03277286976346538
Area: 0.0002736051995329981
CentroidX: 0.8819
CentroidY: 0.8399
