Location: Dedata_21.png_Gaussian-Closing.png
Component: component_1755511065770_277.png
centerX: 0.26491935483870965
centerY: 0.6876603020803648
width: 0.027822580645161292
height: 0.03305785123966942
Area: 0.0003273839619779553
CentroidX: 0.2781
CentroidY: 0.7078
