Location: Dedata_21.png_Otsu.png
Component: component_1755511066253_344.png
centerX: 0.6137096774193549
centerY: 0.6677115987460815
width: 0.027822580645161292
height: 0.03163294385864919
Area: 0.00030060949264104284
CentroidX: 0.6265
CentroidY: 0.6870
