Location: Dedata_21.png_Mean-Closing.png
Component: component_1755511065561_308.png
centerX: 0.7463709677419355
centerY: 0.7663151895126816
width: 0.027419354838709678
height: 0.025933314334568254
Area: 0.00030692964634718097
CentroidX: 0.7592
CentroidY: 0.7818
