Location: Dedata_21.png_Mean-Medain.png
Component: component_1755511065174_13.png
centerX: 0.5987903225806451
centerY: 0.007124536905101168
width: 0.031048387096774193
height: 0.03277286976346538
Area: 0.00037691098465696506
CentroidX: 0.6159
CentroidY: 0.0281
