Location: Dedata_21.png_Otsu.png
Component: component_1755511065901_164.png
centerX: 0.6995967741935484
centerY: 0.18210316329438586
width: 0.031048387096774193
height: 0.03163294385864919
Area: 0.0002916463655668833
CentroidX: 0.7153
CentroidY: 0.2029
