Location: Dedata_21.png_Otsu.png
Component: component_1755511066243_325.png
centerX: 0.567741935483871
centerY: 0.622114562553434
width: 0.027822580645161292
height: 0.0353377030493018
Area: 0.0003554224620560954
CentroidX: 0.5807
CentroidY: 0.6441
