Location: Dedata_21.png_Mean-Closing.png
Component: component_1755511065495_99.png
centerX: 0.15524193548387097
centerY: 0.21117127386719864
width: 0.03064516129032258
height: 0.029923055001424906
Area: 0.0003747276588312082
CentroidX: 0.1704
CentroidY: 0.2304
