Location: Dedata_21.png_Mean-Closing.png
Component: component_1755511065447_25.png
centerX: 0.8145161290322581
centerY: 0.051581647192932456
width: 0.036290322580645164
height: 0.025933314334568254
Area: 0.00031738662793370044
CentroidX: 0.8315
CentroidY: 0.0670
