Location: Dedata_21.png_Mean-Closing.png
Component: component_1755511065535_199.png
centerX: 0.10725806451612903
centerY: 0.481903676261043
width: 0.02903225806451613
height: 0.04160729552579082
Area: 0.0004812509767510273
CentroidX: 0.1225
CentroidY: 0.5077
