Location: Dedata_21.png_Mean-Closing.png
Component: component_1755511065559_296.png
centerX: 0.2568548387096774
centerY: 0.7409518381305216
width: 0.029838709677419355
height: 0.03334283271587347
Area: 0.0003881723494424475
CentroidX: 0.2719
CentroidY: 0.7615
