Location: Dedata_21.png_Gaussian-Closing.png
Component: component_1755511065688_151.png
centerX: 0.6137096774193549
centerY: 0.34340267882587633
width: 0.034274193548387094
height: 0.03277286976346538
Area: 0.00041517664255049226
CentroidX: 0.6297
CentroidY: 0.3632
