Location: Dedata_21.png_Mean-Closing.png
Component: component_1755511065502_124.png
centerX: 0.016129032258064516
centerY: 0.2738671986320889
width: 0.03225806451612903
height: 0.036477628954117984
Area: 0.0003904705871537705
CentroidX: 0.0327
CentroidY: 0.2975
