Location: Dedata_21.png_Gaussian-Closing.png
Component: component_1755511065677_131.png
centerX: 0.6407258064516129
centerY: 0.2841265317754346
width: 0.032661290322580645
height: 0.03505272157309775
Area: 0.00041586611386388916
CentroidX: 0.6575
CentroidY: 0.3057
