Location: Dedata_21.png_Otsu.png
Component: component_1755511066275_389.png
centerX: 0.45120967741935486
centerY: 0.7779994300370476
width: 0.02903225806451613
height: 0.03505272157309775
Area: 0.00029555336967613236
CentroidX: 0.4656
CentroidY: 0.8000
