Location: Dedata_21.png_Gaussian-Closing.png
Component: component_1755511065701_190.png
centerX: 0.6205645161290323
centerY: 0.45141065830721006
width: 0.024193548387096774
height: 0.0353377030493018
Area: 0.0003754171301446051
CentroidX: 0.6342
CentroidY: 0.4728
