Location: Dedata_21.png_Mean-Closing.png
Component: component_1755511065568_339.png
centerX: 0.20201612903225807
centerY: 0.8560843545169564
width: 0.027822580645161292
height: 0.028783129096608722
Area: 0.00032301731032644167
CentroidX: 0.2164
CentroidY: 0.8735
