Location: Dedata_21.png_Gaussian-Closing.png
Component: component_1755511065676_129.png
centerX: 0.6975806451612904
centerY: 0.2818466799658022
width: 0.034274193548387094
height: 0.03277286976346538
Area: 0.00043195377784314987
CentroidX: 0.7150
CentroidY: 0.3021
