Location: Dedata_21.png_Otsu.png
Component: component_1755511066243_326.png
centerX: 0.5165322580645161
centerY: 0.6252493587916785
width: 0.029838709677419355
height: 0.032487888287261325
Area: 0.0003468040706386343
CentroidX: 0.5301
CentroidY: 0.6453
