Location: Dedata_21.png_Mean-Medain.png
Component: component_1755511065245_341.png
centerX: 0.11088709677419355
centerY: 0.8569392989455685
width: 0.028629032258064516
height: 0.03419777714448561
Area: 0.0003399093575046654
CentroidX: 0.1255
CentroidY: 0.8780
