Location: Dedata_21.png_Gaussian-Closing.png
Component: component_1755511065716_209.png
centerX: 0.6536290322580646
centerY: 0.49957252778569394
width: 0.02620967741935484
height: 0.03419777714448561
Area: 0.0003720846854631868
CentroidX: 0.6668
CentroidY: 0.5204
