Location: Dedata_21.png_Gaussian-Closing.png
Component: component_1755511065748_251.png
centerX: 0.5161290322580645
centerY: 0.6249643773154745
width: 0.03064516129032258
height: 0.03305785123966942
Area: 0.00038334605024866933
CentroidX: 0.5302
CentroidY: 0.6452
