Location: Dedata_21.png_Mean-Medain.png
Component: component_1755511065183_58.png
centerX: 0.2754032258064516
centerY: 0.10458820176688516
width: 0.02943548387096774
height: 0.03220290681105728
Area: 0.00038725305435791834
CentroidX: 0.2894
CentroidY: 0.1247
