Location: Dedata_21.png_Otsu.png
Component: component_1755511065936_220.png
centerX: 0.06814516129032258
centerY: 0.32772869763465373
width: 0.03024193548387097
height: 0.0347677400968937
Area: 0.0003304865828882413
CentroidX: 0.0825
CentroidY: 0.3494
