Location: Dedata_21.png_Mean-Medain.png
Component: component_1755511065187_77.png
centerX: 0.3258064516129032
centerY: 0.15474494157879737
width: 0.03064516129032258
height: 0.03163294385864919
Area: 0.00040403018965057594
CentroidX: 0.3404
CentroidY: 0.1749
