Location: Dedata_21.png_Mean-Closing.png
Component: component_1755511065498_109.png
centerX: 0.6608870967741935
centerY: 0.23282986605870618
width: 0.031048387096774193
height: 0.033912795668281565
Area: 0.0003890916445269767
CentroidX: 0.6753
CentroidY: 0.2533
