Location: Dedata_21.png_Gaussian-Closing.png
Component: component_1755511065699_183.png
centerX: 0.1693548387096774
centerY: 0.4317469364491308
width: 0.03064516129032258
height: 0.031917925334853235
Area: 0.00041195910975464015
CentroidX: 0.1838
CentroidY: 0.4511
