Location: Dedata_21.png_Otsu.png
Component: component_1755511066291_420.png
centerX: 0.06491935483870968
centerY: 0.8626389284696495
width: 0.02620967741935484
height: 0.029068110572812767
Area: 0.00026291839417534634
CentroidX: 0.0780
CentroidY: 0.8810
