Location: Dedata_21.png_Otsu.png
Component: component_1755511066268_374.png
centerX: 0.16088709677419355
centerY: 0.743801652892562
width: 0.027419354838709678
height: 0.0347677400968937
Area: 0.0003362321771665487
CentroidX: 0.1732
CentroidY: 0.7653
