Location: Dedata_21.png_Gaussian-Closing.png
Component: component_1755511065775_299.png
centerX: 0.16048387096774194
centerY: 0.7435166714163579
width: 0.028225806451612902
height: 0.0353377030493018
Area: 0.0003712803022642238
CentroidX: 0.1732
CentroidY: 0.7651
