Location: Dedata_21.png_Gaussian-Closing.png
Component: component_1755511065660_93.png
centerX: 0.4782258064516129
centerY: 0.18951268167569107
width: 0.029838709677419355
height: 0.03932744371615845
Area: 0.0003776004559703619
CentroidX: 0.4935
CentroidY: 0.2139
