Location: Dedata_21.png_Otsu.png
Component: component_1755511066280_400.png
centerX: 0.9556451612903226
centerY: 0.8144770589911656
width: 0.02903225806451613
height: 0.03305785123966942
Area: 0.00026027542080732494
CentroidX: 0.9681
CentroidY: 0.8348
