Location: Dedata_21.png_Mean-Medain.png
Component: component_1755511065196_121.png
centerX: 0.07016129032258064
centerY: 0.26959247648902823
width: 0.02661290322580645
height: 0.037902536335138216
Area: 0.0003982845953722685
CentroidX: 0.0834
CentroidY: 0.2935
