Location: Dedata_21.png_Mean-Closing.png
Component: component_1755511065499_114.png
centerX: 0.44314516129032255
centerY: 0.24964377315474495
width: 0.03306451612903226
height: 0.03305785123966942
Area: 0.0003841504334476324
CentroidX: 0.4599
CentroidY: 0.2703
