Location: Dedata_21.png_Otsu.png
Component: component_1755511066217_275.png
centerX: 0.9399193548387097
centerY: 0.4804787688800228
width: 0.032661290322580645
height: 0.03277286976346538
Area: 0.00035611193336949226
CentroidX: 0.9556
CentroidY: 0.5019
