Location: Dedata_21.png_Otsu.png
Component: component_1755511065907_175.png
centerX: 0.10362903225806451
centerY: 0.21316614420062696
width: 0.03225806451612903
height: 0.031062980906241093
Area: 0.00033611726528098255
CentroidX: 0.1195
CentroidY: 0.2325
