Location: Dedata_21.png_Mean-Closing.png
Component: component_1755511065549_257.png
centerX: 0.07137096774193548
centerY: 0.6471929324593901
width: 0.027016129032258064
height: 0.03277286976346538
Area: 0.00038047325310951565
CentroidX: 0.0848
CentroidY: 0.6674
