Location: Dedata_21.png_Mean-Medain.png
Component: component_1755511065211_186.png
centerX: 0.7108870967741936
centerY: 0.4425762325448846
width: 0.03225806451612903
height: 0.03419777714448561
Area: 0.0004389634028626849
CentroidX: 0.7264
CentroidY: 0.4635
