Location: Dedata_21.png_Gaussian-Closing.png
Component: component_1755511065708_200.png
centerX: 0.9395161290322581
centerY: 0.48019378740381874
width: 0.03346774193548387
height: 0.03334283271587347
Area: 0.0003911600584671674
CentroidX: 0.9558
CentroidY: 0.5018
