Location: Dedata_21.png_Mean-Closing.png
Component: component_1755511065502_125.png
centerX: 0.8008064516129032
centerY: 0.27529210601310916
width: 0.031048387096774193
height: 0.03277286976346538
Area: 0.00044149146434514016
CentroidX: 0.8166
CentroidY: 0.2956
