Location: Dedata_21.png_Mean-Closing.png
Component: component_1755511065508_136.png
centerX: 0.2713709677419355
centerY: 0.30777999430037045
width: 0.02903225806451613
height: 0.036477628954117984
Area: 0.0004697597881944125
CentroidX: 0.2867
CentroidY: 0.3306
