Location: Dedata_21.png_Otsu.png
Component: component_1755511066283_406.png
centerX: 0.6887096774193548
centerY: 0.8295810772299801
width: 0.022983870967741935
height: 0.03305785123966942
Area: 0.0002753288778164903
CentroidX: 0.7004
CentroidY: 0.8502
