Location: Dedata_21.png_Mean-Closing.png
Component: component_1755511065466_63.png
centerX: 0.01975806451612903
centerY: 0.109717868338558
width: 0.02943548387096774
height: 0.03505272157309775
Area: 0.00040115739251142226
CentroidX: 0.0355
CentroidY: 0.1320
