Location: Dedata_21.png_Mean-Closing.png
Component: component_1755511065552_272.png
centerX: 0.41693548387096774
centerY: 0.6802507836990596
width: 0.03024193548387097
height: 0.031062980906241093
Area: 0.0003766811608858327
CentroidX: 0.4320
CentroidY: 0.6991
