Location: Dedata_21.png_Otsu.png
Component: component_1755511065913_196.png
centerX: 0.07056451612903226
centerY: 0.26987745796523227
width: 0.025
height: 0.03733257338273012
Area: 0.000293714779507074
CentroidX: 0.0829
CentroidY: 0.2936
