Location: Dedata_21.png_Mean-Medain.png
Component: component_1755511065241_322.png
centerX: 0.11491935483870967
centerY: 0.8033627814192078
width: 0.02943548387096774
height: 0.033912795668281565
Area: 0.0004018468638248191
CentroidX: 0.1280
CentroidY: 0.8241
