Location: Dedata_21.png_Mean-Medain.png
Component: component_1755511065209_180.png
centerX: 0.8548387096774194
centerY: 0.42918210316329436
width: 0.03185483870967742
height: 0.03505272157309775
Area: 0.00043942305040494946
CentroidX: 0.8702
CentroidY: 0.4518
