Location: Dedata_21.png_Mean-Closing.png
Component: component_1755511065443_20.png
centerX: 0.38991935483870965
centerY: 0.008549444286121402
width: 0.02903225806451613
height: 0.0353377030493018
Area: 0.0003724294211198853
CentroidX: 0.4058
CentroidY: 0.0307
