Location: Dedata_21.png_Otsu.png
Component: component_1755511066233_305.png
centerX: 0.5790322580645161
centerY: 0.5654032487888287
width: 0.025403225806451612
height: 0.032487888287261325
Area: 0.0003165822447347374
CentroidX: 0.5905
CentroidY: 0.5859
