Location: Dedata_21.png_Gaussian-Closing.png
Component: component_1755511065642_34.png
centerX: 0.014919354838709677
centerY: 0.0567113137646053
width: 0.027016129032258064
height: 0.03590766600170989
Area: 0.000307734029546144
CentroidX: 0.0300
CentroidY: 0.0802
