Location: Dedata_21.png_Gaussian-Closing.png
Component: component_1755511065655_75.png
centerX: 0.375
centerY: 0.152465089769165
width: 0.03387096774193549
height: 0.033912795668281565
Area: 0.0004044898371928405
CentroidX: 0.3907
CentroidY: 0.1742
