Location: Dedata_21.png_Mean-Medain.png
Component: component_1755511065198_128.png
centerX: 0.5866935483870968
centerY: 0.2835565688230265
width: 0.03467741935483871
height: 0.03761755485893417
Area: 0.0004843535976613133
CentroidX: 0.6036
CentroidY: 0.3077
