Location: Dedata_21.png_Otsu.png
Component: component_1755511066265_368.png
centerX: 0.5100806451612904
centerY: 0.7275577087489313
width: 0.027822580645161292
height: 0.029353092049016812
Area: 0.000297621783616323
CentroidX: 0.5228
CentroidY: 0.7456
