Location: Dedata_21.png_Mean-Closing.png
Component: component_1755511065563_316.png
centerX: 0.3008064516129032
centerY: 0.7899686520376176
width: 0.03467741935483871
height: 0.03334283271587347
Area: 0.0004018468638248191
CentroidX: 0.3188
CentroidY: 0.8103
