Location: Dedata_21.png_Otsu.png
Component: component_1755511065910_184.png
centerX: 0.6612903225806451
centerY: 0.23311484753491024
width: 0.02943548387096774
height: 0.03362781419207751
Area: 0.00029877090247198447
CentroidX: 0.6749
CentroidY: 0.2533
