Location: Dedata_21.png_Mean-Closing.png
Component: component_1755511065540_219.png
centerX: 0.9298387096774193
centerY: 0.5451695639783414
width: 0.027822580645161292
height: 0.030493017953833
Area: 0.0003631215583890273
CentroidX: 0.9424
CentroidY: 0.5639
