Location: Dedata_21.png_Mean-Medain.png
Component: component_1755511065185_67.png
centerX: 0.7580645161290323
centerY: 0.1365061271017384
width: 0.032661290322580645
height: 0.02821316614420063
Area: 0.0003796688699105526
CentroidX: 0.7735
CentroidY: 0.1544
