Location: Dedata_21.png_Mean-Medain.png
Component: component_1755511065192_97.png
centerX: 0.2608870967741935
centerY: 0.20376175548589343
width: 0.03064516129032258
height: 0.03676261043032203
Area: 0.0003979398597155701
CentroidX: 0.2765
CentroidY: 0.2270
