Location: Dedata_21.png_Mean-Medain.png
Component: component_1755511065204_155.png
centerX: 0.27983870967741936
centerY: 0.3670561413508122
width: 0.03508064516129032
height: 0.032487888287261325
Area: 0.00045390194798628413
CentroidX: 0.2973
CentroidY: 0.3871
