Location: Dedata_21.png_Mean-Medain.png
Component: component_1755511065214_200.png
centerX: 0.8919354838709678
centerY: 0.4824736392134511
width: 0.03064516129032258
height: 0.03562268452550584
Area: 0.0004252888884803133
CentroidX: 0.9068
CentroidY: 0.5045
