Location: Dedata_21.png_Mean-Closing.png
Component: component_1755511065535_198.png
centerX: 0.9395161290322581
centerY: 0.48019378740381874
width: 0.03346774193548387
height: 0.03362781419207751
Area: 0.00042276082699785805
CentroidX: 0.9559
CentroidY: 0.5019
