Location: Dedata_21.png_Otsu.png
Component: component_1755511066277_395.png
centerX: 0.21048387096774193
centerY: 0.7939583927044742
width: 0.03024193548387097
height: 0.033912795668281565
Area: 0.0003536987837726032
CentroidX: 0.2257
CentroidY: 0.8156
