Location: Dedata_21.png_Mean-Medain.png
Component: component_1755511065223_241.png
centerX: 0.9596774193548387
centerY: 0.6024508406953548
width: 0.02620967741935484
height: 0.03277286976346538
Area: 0.00037943904613942027
CentroidX: 0.9727
CentroidY: 0.6228
