Location: Dedata_21.png_Otsu.png
Component: component_1755511066283_405.png
centerX: 0.7338709677419355
centerY: 0.8247363921345112
width: 0.02620967741935484
height: 0.03761755485893417
Area: 0.00032370678163983857
CentroidX: 0.7469
CentroidY: 0.8478
