Location: Dedata_21.png_Otsu.png
Component: component_1755511065990_252.png
centerX: 0.2786290322580645
centerY: 0.4214876033057851
width: 0.02943548387096774
height: 0.034482758620689655
Area: 0.00039426267937745337
CentroidX: 0.2941
CentroidY: 0.4427
