Location: Dedata_21.png_Mean-Closing.png
Component: component_1755511065444_21.png
centerX: 0.8806451612903226
centerY: 0.008549444286121402
width: 0.03024193548387097
height: 0.02963807352522086
Area: 0.00032439625295323547
CentroidX: 0.8952
CentroidY: 0.0273
