Location: Dedata_21.png_Mean-Closing.png
Component: component_1755511065498_108.png
centerX: 0.7161290322580646
centerY: 0.22827016243944143
width: 0.025806451612903226
height: 0.03505272157309775
Area: 0.0003844951691043308
CentroidX: 0.7289
CentroidY: 0.2499
