Location: Dedata_21.png_Mean-Medain.png
Component: component_1755511065206_162.png
centerX: 0.7548387096774194
centerY: 0.3798803077799943
width: 0.027822580645161292
height: 0.04274722143060701
Area: 0.0004969939050735896
CentroidX: 0.7691
CentroidY: 0.4062
