Location: Dedata_21.png_Gaussian-Closing.png
Component: component_1755511065633_22.png
centerX: 0.4310483870967742
centerY: 0.01054431461954973
width: 0.03024193548387097
height: 0.03220290681105728
Area: 0.000345769863668539
CentroidX: 0.4470
CentroidY: 0.0298
