Location: Dedata_21.png_Otsu.png
Component: component_1755511066290_416.png
centerX: 0.20241935483870968
centerY: 0.8566543174693645
width: 0.027016129032258064
height: 0.027643203191792535
Area: 0.000258781566294965
CentroidX: 0.2164
CentroidY: 0.8735
