Location: Dedata_21.png_Otsu.png
Component: component_1755511065855_1.png
centerX: 0.8362903225806452
centerY: 0.003989740666856654
width: 0.03024193548387097
height: 0.03163294385864919
Area: 0.00027280081633403506
CentroidX: 0.8507
CentroidY: 0.0234
