Location: Dedata_21.png_Mean-Medain.png
Component: component_1755511065231_277.png
centerX: 0.21653225806451612
centerY: 0.6893701909375891
width: 0.028629032258064516
height: 0.03590766600170989
Area: 0.0003782899272837588
CentroidX: 0.2301
CentroidY: 0.7119
