Location: Dedata_21.png_Mean-Medain.png
Component: component_1755511065233_286.png
centerX: 0.8358870967741936
centerY: 0.7107438016528925
width: 0.03064516129032258
height: 0.03305785123966942
Area: 0.00038334605024866933
CentroidX: 0.8507
CentroidY: 0.7312
