Location: Dedata_21.png_Gaussian-Closing.png
Component: component_1755511065718_218.png
centerX: 0.21330645161290324
centerY: 0.5349102308349957
width: 0.02943548387096774
height: 0.03334283271587347
Area: 0.00037288906866214986
CentroidX: 0.2264
CentroidY: 0.5553
