Location: Dedata_21.png_Gaussian-Closing.png
Component: component_1755511065656_77.png
centerX: 0.32620967741935486
centerY: 0.15474494157879737
width: 0.03024193548387097
height: 0.03163294385864919
Area: 0.00037645133711470044
CentroidX: 0.3405
CentroidY: 0.1749
