Location: Dedata_21.png_Mean-Medain.png
Component: component_1755511065181_45.png
centerX: 0.8600806451612903
centerY: 0.09033912795668282
width: 0.03064516129032258
height: 0.02792818466799658
Area: 0.000369096976438467
CentroidX: 0.8766
CentroidY: 0.1079
