Location: Dedata_21.png_Otsu.png
Component: component_1755511065880_90.png
centerX: 0.2778225806451613
centerY: 0.06440581362211456
width: 0.031048387096774193
height: 0.02365346252493588
Area: 0.00024729037773835026
CentroidX: 0.2928
CentroidY: 0.0787
