Location: Dedata_21.png_Mean-Medain.png
Component: component_1755511065231_278.png
centerX: 0.16572580645161292
centerY: 0.6959247648902821
width: 0.03185483870967742
height: 0.03163294385864919
Area: 0.00036139788010553506
CentroidX: 0.1801
CentroidY: 0.7159
