Location: Dedata_21.png_Gaussian-Closing.png
Component: component_1755511065649_56.png
centerX: 0.31733870967741934
centerY: 0.10287831290966087
width: 0.031048387096774193
height: 0.03163294385864919
Area: 0.0003638110297024242
CentroidX: 0.3325
CentroidY: 0.1233
