Location: Dedata_21.png_Gaussian-Closing.png
Component: component_1755511065786_345.png
centerX: 0.15604838709677418
centerY: 0.8583642063265887
width: 0.025806451612903226
height: 0.02963807352522086
Area: 0.00029578319344726465
CentroidX: 0.1686
CentroidY: 0.8764
