Location: Dedata_21.png_Gaussian-Closing.png
Component: component_1755511065778_310.png
centerX: 0.7467741935483871
centerY: 0.7663151895126816
width: 0.027016129032258064
height: 0.025648332858364205
Area: 0.00028406218111951757
CentroidX: 0.7592
CentroidY: 0.7818
