Location: Dedata_21.png_Otsu.png
Component: component_1755511065909_183.png
centerX: 0.7169354838709677
centerY: 0.2285551439156455
width: 0.024596774193548387
height: 0.03419777714448561
Area: 0.0003199146894161557
CentroidX: 0.7288
CentroidY: 0.2498
