Location: Dedata_21.png_Gaussian-Closing.png
Component: component_1755511065675_125.png
centerX: 0.8520161290322581
centerY: 0.27244229125106867
width: 0.03024193548387097
height: 0.03305785123966942
Area: 0.00043379236801220823
CentroidX: 0.8674
CentroidY: 0.2928
