Location: Dedata_21.png_Otsu.png
Component: component_1755511066245_331.png
centerX: 0.26491935483870965
centerY: 0.640638358506697
width: 0.025806451612903226
height: 0.03134796238244514
Area: 0.0003149734783368113
CentroidX: 0.2773
CentroidY: 0.6597
