Location: Dedata_21.png_Mean-Medain.png
Component: component_1755511065246_344.png
centerX: 0.02620967741935484
centerY: 0.8612140210886292
width: 0.02620967741935484
height: 0.03163294385864919
Area: 0.00032037433695842027
CentroidX: 0.0388
CentroidY: 0.8805
