Location: Dedata_21.png_Mean-Closing.png
Component: component_1755511065528_171.png
centerX: 0.5161290322580645
centerY: 0.4078084924479909
width: 0.03024193548387097
height: 0.03505272157309775
Area: 0.0004671168148263911
CentroidX: 0.5304
CentroidY: 0.4288
