Location: Dedata_21.png_Mean-Medain.png
Component: component_1755511065205_161.png
centerX: 0.8475806451612903
centerY: 0.3770304930179538
width: 0.02943548387096774
height: 0.04103733257338273
Area: 0.00043942305040494946
CentroidX: 0.8620
CentroidY: 0.4027
