Location: Dedata_21.png_Mean-Closing.png
Component: component_1755511065566_327.png
centerX: 0.7798387096774193
centerY: 0.8216015958962667
width: 0.02943548387096774
height: 0.0353377030493018
Area: 0.0003740381875178113
CentroidX: 0.7935
CentroidY: 0.8431
