Location: Dedata_21.png_Mean-Medain.png
Component: component_1755511065179_34.png
centerX: 0.4165322580645161
centerY: 0.0567113137646053
width: 0.03387096774193549
height: 0.027643203191792535
Area: 0.00042080732494323355
CentroidX: 0.4334
CentroidY: 0.0725
