Location: Dedata_21.png_Gaussian-Closing.png
Component: component_1755511065774_294.png
centerX: 0.4068548387096774
centerY: 0.7298375605585637
width: 0.02903225806451613
height: 0.03362781419207751
Area: 0.00034829792515099424
CentroidX: 0.4211
CentroidY: 0.7508
