Location: Dedata_21.png_Otsu.png
Component: component_1755511066264_366.png
centerX: 0.5633064516129033
centerY: 0.7181533200341977
width: 0.025806451612903226
height: 0.03761755485893417
Area: 0.00031612259719247283
CentroidX: 0.5755
CentroidY: 0.7413
