Location: Dedata_21.png_Gaussian-Closing.png
Component: component_1755511065646_49.png
centerX: 0.7048387096774194
centerY: 0.09546879452835566
width: 0.03225806451612903
height: 0.025933314334568254
Area: 0.00035553737394166155
CentroidX: 0.7209
CentroidY: 0.1120
