Location: Dedata_21.png_Gaussian-Closing.png
Component: component_1755511065642_35.png
centerX: 0.46733870967741936
centerY: 0.05642633228840126
width: 0.031048387096774193
height: 0.033912795668281565
Area: 0.00039391794372075495
CentroidX: 0.4819
CentroidY: 0.0762
