Location: Dedata_21.png_Mean-Closing.png
Component: component_1755511065552_274.png
centerX: 0.3189516129032258
centerY: 0.6848104873183243
width: 0.027822580645161292
height: 0.03134796238244514
Area: 0.000345769863668539
CentroidX: 0.3312
CentroidY: 0.7035
