Location: Dedata_21.png_Otsu.png
Component: component_1755511065883_123.png
centerX: 0.7592741935483871
centerY: 0.09204901681390709
width: 0.03064516129032258
height: 0.028498147620404674
Area: 0.00032749887386352144
CentroidX: 0.7743
CentroidY: 0.1100
