Location: Dedata_21.png_Otsu.png
Component: component_1755511065898_157.png
centerX: 0.15161290322580645
centerY: 0.16272442291251069
width: 0.03467741935483871
height: 0.029068110572812767
Area: 0.00034094356447476073
CentroidX: 0.1685
CentroidY: 0.1811
