Location: Dedata_21.png_Gaussian-Closing.png
Component: component_1755511065724_225.png
centerX: 0.8298387096774194
centerY: 0.5494442861214021
width: 0.031451612903225803
height: 0.031917925334853235
Area: 0.0003717399498064884
CentroidX: 0.8441
CentroidY: 0.5688
