Location: Dedata_21.png_Gaussian-Closing.png
Component: component_1755511065766_267.png
centerX: 0.7217741935483871
centerY: 0.6622969506982046
width: 0.029838709677419355
height: 0.030208036477628954
Area: 0.00033979444561909927
CentroidX: 0.7365
CentroidY: 0.6810
