Location: Dedata_21.png_Gaussian-Closing.png
Component: component_1755511065785_338.png
centerX: 0.3407258064516129
centerY: 0.8483898546594472
width: 0.028629032258064516
height: 0.030493017953833
Area: 0.0003081936770884086
CentroidX: 0.3540
CentroidY: 0.8671
