Location: Dedata_21.png_Otsu.png
Component: component_1755511066232_302.png
centerX: 0.7358870967741935
centerY: 0.554858934169279
width: 0.027016129032258064
height: 0.032487888287261325
Area: 0.0003231322222120078
CentroidX: 0.7490
CentroidY: 0.5756
