Location: Dedata_21.png_Mean-Closing.png
Component: component_1755511065547_249.png
centerX: 0.5161290322580645
centerY: 0.6249643773154745
width: 0.03064516129032258
height: 0.03305785123966942
Area: 0.0004101205195855818
CentroidX: 0.5302
CentroidY: 0.6453
