Location: Dedata_21.png_Otsu.png
Component: component_1755511066251_340.png
centerX: 0.8108870967741936
centerY: 0.6548874323168994
width: 0.027822580645161292
height: 0.03733257338273012
Area: 0.0003600189374787413
CentroidX: 0.8254
CentroidY: 0.6785
