Location: Dedata_21.png_Mean-Medain.png
Component: component_1755511065244_337.png
centerX: 0.3403225806451613
centerY: 0.8483898546594472
width: 0.02903225806451613
height: 0.030777999430037048
Area: 0.00033186552551503506
CentroidX: 0.3540
CentroidY: 0.8673
