Location: Dedata_21.png_Mean-Closing.png
Component: component_1755511065539_215.png
centerX: 0.26129032258064516
centerY: 0.5314904531205472
width: 0.02661290322580645
height: 0.034482758620689655
Area: 0.00040242142325264986
CentroidX: 0.2745
CentroidY: 0.5531
