Location: Dedata_21.png_Mean-Closing.png
Component: component_1755511065527_169.png
centerX: 0.5689516129032258
centerY: 0.40581362211456257
width: 0.03064516129032258
height: 0.03220290681105728
Area: 0.0004226459151122919
CentroidX: 0.5827
CentroidY: 0.4260
