Location: Dedata_21.png_Gaussian-Closing.png
Component: component_1755511065666_110.png
centerX: 0.6608870967741935
centerY: 0.23282986605870618
width: 0.031048387096774193
height: 0.033912795668281565
Area: 0.00035254966491694167
CentroidX: 0.6752
CentroidY: 0.2531
