Location: Dedata_21.png_Mean-Closing.png
Component: component_1755511065555_282.png
centerX: 0.9209677419354839
centerY: 0.7053291536050157
width: 0.02943548387096774
height: 0.033912795668281565
Area: 0.0003904705871537705
CentroidX: 0.9353
CentroidY: 0.7272
