Location: Dedata_21.png_Mean-Closing.png
Component: component_1755511065529_175.png
centerX: 0.2782258064516129
centerY: 0.42091764035337703
width: 0.03024193548387097
height: 0.0353377030493018
Area: 0.0004605668373491207
CentroidX: 0.2940
CentroidY: 0.4426
