Location: Dedata_21.png_Mean-Medain.png
Component: component_1755511065207_168.png
centerX: 0.6213709677419355
centerY: 0.4041037332573383
width: 0.028225806451612902
height: 0.02963807352522086
Area: 0.00038104781253734635
CentroidX: 0.6346
CentroidY: 0.4222
