Location: Dedata_21.png_Mean-Closing.png
Component: component_1755511065531_184.png
centerX: 0.020161290322580645
centerY: 0.4408663436876603
width: 0.028629032258064516
height: 0.030208036477628954
Area: 0.00040931613638661875
CentroidX: 0.0341
CentroidY: 0.4594
