Location: Dedata_21.png_Mean-Medain.png
Component: component_1755511065221_232.png
centerX: 0.375
centerY: 0.5770874893131946
width: 0.028225806451612902
height: 0.029923055001424906
Area: 0.0003719697735776207
CentroidX: 0.3883
CentroidY: 0.5953
