Location: Dedata_21.png_Otsu.png
Component: component_1755511066223_283.png
centerX: 0.6983870967741935
centerY: 0.4964377315474494
width: 0.027419354838709678
height: 0.03590766600170989
Area: 0.0003734636280899806
CentroidX: 0.7127
CentroidY: 0.5187
