Location: Dedata_21.png_Otsu.png
Component: component_1755511066266_370.png
centerX: 0.4592741935483871
centerY: 0.7309774864633799
width: 0.022983870967741935
height: 0.028783129096608722
Area: 0.00026291839417534634
CentroidX: 0.4697
CentroidY: 0.7483
