Location: Dedata_21.png_Gaussian-Closing.png
Component: component_1755511065745_247.png
centerX: 0.719758064516129
centerY: 0.6147050441721288
width: 0.032661290322580645
height: 0.031062980906241093
Area: 0.0003632364702745934
CentroidX: 0.7336
CentroidY: 0.6333
