Location: Dedata_21.png_Gaussian-Closing.png
Component: component_1755511065702_191.png
centerX: 0.5657258064516129
centerY: 0.4542604730692505
width: 0.031048387096774193
height: 0.03505272157309775
Area: 0.0004067880749041635
CentroidX: 0.5808
CentroidY: 0.4759
