Location: Dedata_21.png_Otsu.png
Component: component_1755511065899_160.png
centerX: 0.9008064516129032
centerY: 0.17098888572242804
width: 0.03346774193548387
height: 0.034482758620689655
Area: 0.000356686492797323
CentroidX: 0.9159
CentroidY: 0.1929
