Location: Dedata_21.png_Mean-Closing.png
Component: component_1755511065565_322.png
centerX: 0.02379032258064516
centerY: 0.8036477628954118
width: 0.02903225806451613
height: 0.038472499287546306
Area: 0.0004462028516533522
CentroidX: 0.0379
CentroidY: 0.8276
