Location: Dedata_21.png_Mean-Closing.png
Component: component_1755511065550_261.png
centerX: 0.8540322580645161
centerY: 0.6526075805072671
width: 0.02943548387096774
height: 0.038472499287546306
Area: 0.00041621084952058764
CentroidX: 0.8692
CentroidY: 0.6765
