Location: Dedata_21.png_Otsu.png
Component: component_1755511065904_173.png
centerX: 0.20201612903225807
centerY: 0.21088629239099457
width: 0.03467741935483871
height: 0.031062980906241093
Area: 0.0003155480377646421
CentroidX: 0.2189
CentroidY: 0.2305
