Location: Dedata_21.png_Otsu.png
Component: component_1755511066274_388.png
centerX: 0.5451612903225806
centerY: 0.7768595041322314
width: 0.028225806451612902
height: 0.031062980906241093
Area: 0.0003014138758400059
CentroidX: 0.5594
CentroidY: 0.7957
