Location: Dedata_21.png_Otsu.png
Component: component_1755511066274_385.png
centerX: 0.7467741935483871
centerY: 0.7666001709888858
width: 0.02661290322580645
height: 0.02536335138216016
Area: 0.00025579385727024517
CentroidX: 0.7592
CentroidY: 0.7818
