Location: Dedata_21.png_Gaussian-Closing.png
Component: component_1755511065780_319.png
centerX: 0.25766129032258067
centerY: 0.7916785408948418
width: 0.028629032258064516
height: 0.03334283271587347
Area: 0.0003547329907426985
CentroidX: 0.2726
CentroidY: 0.8122
