Location: Dedata_21.png_Gaussian-Closing.png
Component: component_1755511065780_318.png
centerX: 0.30120967741935484
centerY: 0.7899686520376176
width: 0.034274193548387094
height: 0.03334283271587347
Area: 0.0003727741567765837
CentroidX: 0.3188
CentroidY: 0.8102
