Location: Dedata_21.png_Mean-Closing.png
Component: component_1755511065564_320.png
centerX: 0.06975806451612904
centerY: 0.8013679110857794
width: 0.028225806451612902
height: 0.040467369620974636
Area: 0.0004190836466597413
CentroidX: 0.0830
CentroidY: 0.8259
