Location: Dedata_21.png_Mean-Medain.png
Component: component_1755511065241_320.png
centerX: 0.1625
centerY: 0.7948133371330863
width: 0.028629032258064516
height: 0.039897406668566546
Area: 0.00044769670616571215
CentroidX: 0.1769
CentroidY: 0.8191
