Location: Dedata_21.png_Gaussian-Closing.png
Component: component_1755511065643_40.png
centerX: 0.05725806451612903
centerY: 0.05927614705044172
width: 0.02620967741935484
height: 0.03619264747791394
Area: 0.0003175015398192666
CentroidX: 0.0726
CentroidY: 0.0828
