Location: Dedata_21.png_Mean-Closing.png
Component: component_1755511065474_70.png
centerX: 0.7044354838709678
centerY: 0.14106583072100312
width: 0.03588709677419355
height: 0.027643203191792535
Area: 0.0003720846854631868
CentroidX: 0.7207
CentroidY: 0.1583
