Location: Dedata_21.png_Gaussian-Closing.png
Component: component_1755511065774_295.png
centerX: 0.4588709677419355
centerY: 0.7306925049871759
width: 0.02379032258064516
height: 0.029353092049016812
Area: 0.0002983112549297199
CentroidX: 0.4698
CentroidY: 0.7482
