Location: Dedata_21.png_Mean-Medain.png
Component: component_1755511065216_212.png
centerX: 0.44798387096774195
centerY: 0.5192362496437731
width: 0.02903225806451613
height: 0.031062980906241093
Area: 0.00040265124702378214
CentroidX: 0.4619
CentroidY: 0.5386
