Location: Dedata_21.png_Mean-Closing.png
Component: component_1755511065461_53.png
centerX: 0.46048387096774196
centerY: 0.10116842405243659
width: 0.027822580645161292
height: 0.03134796238244514
Area: 0.00038828726132801366
CentroidX: 0.4747
CentroidY: 0.1204
