Location: Dedata_21.png_Gaussian-Closing.png
Component: component_1755511065660_94.png
centerX: 0.5350806451612903
centerY: 0.18951268167569107
width: 0.03024193548387097
height: 0.03334283271587347
Area: 0.0003554224620560954
CentroidX: 0.5497
CentroidY: 0.2105
