Location: Dedata_21.png_Gaussian-Closing.png
Component: component_1755511065686_148.png
centerX: 0.7669354838709678
centerY: 0.3331433456825306
width: 0.031451612903225803
height: 0.030493017953833
Area: 0.000356686492797323
CentroidX: 0.7828
CentroidY: 0.3515
