Location: Dedata_21.png_Gaussian-Closing.png
Component: component_1755511065699_185.png
centerX: 0.06653225806451613
centerY: 0.439156454830436
width: 0.028629032258064516
height: 0.03163294385864919
Area: 0.00041253366918247086
CentroidX: 0.0808
CentroidY: 0.4585
