Location: Dedata_21.png_Otsu.png
Component: component_1755511066230_300.png
centerX: 0.8298387096774194
centerY: 0.5500142490738102
width: 0.031048387096774193
height: 0.031062980906241093
Area: 0.00033910497430570237
CentroidX: 0.8440
CentroidY: 0.5689
