Location: Dedata_21.png_Mean-Medain.png
Component: component_1755511065228_263.png
centerX: 0.8104838709677419
centerY: 0.6548874323168994
width: 0.028629032258064516
height: 0.03761755485893417
Area: 0.0004147169950082277
CentroidX: 0.8254
CentroidY: 0.6785
