Location: Dedata_21.png_Mean-Closing.png
Component: component_1755511065547_250.png
centerX: 0.46733870967741936
centerY: 0.6258193217440866
width: 0.027419354838709678
height: 0.036477628954117984
Area: 0.0004179345278040798
CentroidX: 0.4798
CentroidY: 0.6478
