Location: Dedata_21.png_Mean-Medain.png
Component: component_1755511065231_280.png
centerX: 0.06612903225806452
centerY: 0.6999145055571387
width: 0.027822580645161292
height: 0.03220290681105728
Area: 0.00036438558913025494
CentroidX: 0.0788
CentroidY: 0.7196
