Location: Dedata_21.png_Otsu.png
Component: component_1755511065911_190.png
centerX: 0.4439516129032258
centerY: 0.249928754630949
width: 0.03185483870967742
height: 0.03220290681105728
Area: 0.000313939271366716
CentroidX: 0.4599
CentroidY: 0.2703
