Location: Dedata_21.png_Gaussian-Closing.png
Component: component_1755511065662_98.png
centerX: 0.2608870967741935
centerY: 0.20376175548589343
width: 0.03024193548387097
height: 0.03676261043032203
Area: 0.00036852241701063623
CentroidX: 0.2765
CentroidY: 0.2267
