Location: Dedata_21.png_Mean-Closing.png
Component: component_1755511065554_276.png
centerX: 0.21653225806451612
centerY: 0.6896551724137931
width: 0.028629032258064516
height: 0.03562268452550584
Area: 0.0003782899272837588
CentroidX: 0.2301
CentroidY: 0.7119
