Location: Dedata_21.png_Mean-Closing.png
Component: component_1755511065517_149.png
centerX: 0.6137096774193549
centerY: 0.34340267882587633
width: 0.034274193548387094
height: 0.03305785123966942
Area: 0.00045206335781722577
CentroidX: 0.6298
CentroidY: 0.3633
