Location: Dedata_21.png_Otsu.png
Component: component_1755511066211_270.png
centerX: 0.39233870967741935
centerY: 0.46480478768880024
width: 0.027419354838709678
height: 0.03505272157309775
Area: 0.00036599435552818097
CentroidX: 0.4077
CentroidY: 0.4867
