Location: Dedata_21.png_Mean-Medain.png
Component: component_1755511065237_307.png
centerX: 0.8717741935483871
centerY: 0.7614705044172129
width: 0.02379032258064516
height: 0.025648332858364205
Area: 0.00028452182866178213
CentroidX: 0.8840
CentroidY: 0.7775
