Location: Dedata_21.png_Otsu.png
Component: component_1755511066235_311.png
centerX: 0.27338709677419354
centerY: 0.5796523225990311
width: 0.029838709677419355
height: 0.03590766600170989
Area: 0.0003780601035126265
CentroidX: 0.2874
CentroidY: 0.6022
