Location: Dedata_21.png_Mean-Medain.png
Component: component_1755511065183_57.png
centerX: 0.22782258064516128
centerY: 0.10458820176688516
width: 0.02903225806451613
height: 0.03334283271587347
Area: 0.0003624320870756304
CentroidX: 0.2430
CentroidY: 0.1260
