Location: Dedata_21.png_Gaussian-Closing.png
Component: component_1755511065761_263.png
centerX: 0.8540322580645161
centerY: 0.6526075805072671
width: 0.02903225806451613
height: 0.038472499287546306
Area: 0.00039587144577537945
CentroidX: 0.8692
CentroidY: 0.6762
