Location: Dedata_21.png_Mean-Medain.png
Component: component_1755511065209_179.png
centerX: 0.9548387096774194
centerY: 0.4288971216870903
width: 0.027822580645161292
height: 0.03134796238244514
Area: 0.0003805881649950818
CentroidX: 0.9677
CentroidY: 0.4483
