Location: Dedata_21.png_Mean-Medain.png
Component: component_1755511065223_242.png
centerX: 0.8169354838709677
centerY: 0.6047306925049871
width: 0.027419354838709678
height: 0.03676261043032203
Area: 0.0003908153228104689
CentroidX: 0.8286
CentroidY: 0.6278
