Location: Dedata_21.png_Otsu.png
Component: component_1755511066261_358.png
centerX: 0.9604838709677419
centerY: 0.7036192647477914
width: 0.028629032258064516
height: 0.03277286976346538
Area: 0.00032945237591814594
CentroidX: 0.9741
CentroidY: 0.7249
