Location: Dedata_21.png_Otsu.png
Component: component_1755511065856_2.png
centerX: 0.7911290322580645
centerY: 0.004559703619264748
width: 0.03024193548387097
height: 0.030208036477628954
Area: 0.0002725709925629028
CentroidX: 0.8053
CentroidY: 0.0236
