Location: Dedata_21.png_Gaussian-Closing.png
Component: component_1755511065651_65.png
centerX: 0.8608870967741935
centerY: 0.13251638643488173
width: 0.03185483870967742
height: 0.02963807352522086
Area: 0.00037380836374667904
CentroidX: 0.8753
CentroidY: 0.1504
