Location: Dedata_21.png_Mean-Closing.png
Component: component_1755511065460_51.png
centerX: 0.5495967741935484
centerY: 0.0994585351952123
width: 0.028629032258064516
height: 0.027643203191792535
Area: 0.00036691365061271015
CentroidX: 0.5646
CentroidY: 0.1167
