Location: Dedata_21.png_Otsu.png
Component: component_1755511065895_148.png
centerX: 0.5483870967741935
centerY: 0.14534055286406383
width: 0.03185483870967742
height: 0.03134796238244514
Area: 0.0003485277489221265
CentroidX: 0.5644
CentroidY: 0.1648
