Location: Dedata_21.png_Gaussian-Closing.png
Component: component_1755511065661_96.png
centerX: 0.3153225806451613
centerY: 0.20091194072385296
width: 0.031048387096774193
height: 0.036477628954117984
Area: 0.0003687522407817685
CentroidX: 0.3307
CentroidY: 0.2236
