Location: Dedata_21.png_Mean-Closing.png
Component: component_1755511065530_181.png
centerX: 0.1689516129032258
centerY: 0.4317469364491308
width: 0.031048387096774193
height: 0.031917925334853235
Area: 0.0004419511118874047
CentroidX: 0.1837
CentroidY: 0.4512
