Location: Dedata_21.png_Mean-Medain.png
Component: component_1755511065209_176.png
centerX: 0.21895161290322582
centerY: 0.42775719578227417
width: 0.03306451612903226
height: 0.03220290681105728
Area: 0.00046217560374704677
CentroidX: 0.2356
CentroidY: 0.4473
