Location: Dedata_21.png_Mean-Medain.png
Component: component_1755511065175_17.png
centerX: 0.3455645161290323
centerY: 0.008264462809917356
width: 0.031048387096774193
height: 0.03562268452550584
Area: 0.000418853822888609
CentroidX: 0.3623
CentroidY: 0.0303
