Location: Dedata_21.png_Otsu.png
Component: component_1755511066240_318.png
centerX: 0.9600806451612903
centerY: 0.6027358221715589
width: 0.025403225806451612
height: 0.03220290681105728
Area: 0.00031405418325228214
CentroidX: 0.9725
CentroidY: 0.6230
