Location: Dedata_21.png_Mean-Closing.png
Component: component_1755511065466_62.png
centerX: 0.10443548387096774
centerY: 0.1085779424337418
width: 0.028629032258064516
height: 0.031917925334853235
Area: 0.000333359380027395
CentroidX: 0.1192
CentroidY: 0.1297
