Location: Dedata_21.png_Mean-Closing.png
Component: component_1755511065515_147.png
centerX: 0.7209677419354839
centerY: 0.33513821601595895
width: 0.031048387096774193
height: 0.03220290681105728
Area: 0.0003950670625764164
CentroidX: 0.7364
CentroidY: 0.3543
