Location: Dedata_21.png_Mean-Medain.png
Component: component_1755511065240_319.png
centerX: 0.21008064516129032
centerY: 0.7939583927044742
width: 0.031048387096774193
height: 0.034482758620689655
Area: 0.0004265529192215409
CentroidX: 0.2257
CentroidY: 0.8156
