Location: Dedata_21.png_Gaussian-Closing.png
Component: component_1755511065773_290.png
centerX: 0.7532258064516129
centerY: 0.7147335423197492
width: 0.027016129032258064
height: 0.029353092049016812
Area: 0.0003370365603655117
CentroidX: 0.7682
CentroidY: 0.7330
