Location: Dedata_21.png_Mean-Medain.png
Component: component_1755511065188_79.png
centerX: 0.20967741935483872
centerY: 0.16044457110287833
width: 0.03387096774193549
height: 0.029353092049016812
Area: 0.00042609327167927635
CentroidX: 0.2270
CentroidY: 0.1790
