Location: Dedata_21.png_Mean-Medain.png
Component: component_1755511065223_240.png
centerX: 0.9120967741935484
centerY: 0.6018808777429467
width: 0.03346774193548387
height: 0.03419777714448561
Area: 0.0004028810707949145
CentroidX: 0.9266
CentroidY: 0.6229
