Location: Dedata_21.png_Mean-Medain.png
Component: component_1755511065185_66.png
centerX: 0.9096774193548387
centerY: 0.13251638643488173
width: 0.028629032258064516
height: 0.02792818466799658
Area: 0.0003834609621342355
CentroidX: 0.9238
CentroidY: 0.1494
