Location: Dedata_21.png_Gaussian-Closing.png
Component: component_1755511065629_6.png
centerX: 0.06975806451612904
centerY: 0.005414648047876888
width: 0.03346774193548387
height: 0.03733257338273012
Area: 0.00040311089456604676
CentroidX: 0.0883
CentroidY: 0.0283
