Location: Dedata_21.png_Gaussian-Closing.png
Component: component_1755511065628_5.png
centerX: 0.7475806451612903
centerY: 0.004844685095468795
width: 0.031048387096774193
height: 0.03277286976346538
Area: 0.00033278482059956424
CentroidX: 0.7628
CentroidY: 0.0253
