Location: Dedata_21.png_Gaussian-Closing.png
Component: component_1755511065680_133.png
centerX: 0.47419354838709676
centerY: 0.2938159019663722
width: 0.035483870967741936
height: 0.033912795668281565
Area: 0.00043815901966372185
CentroidX: 0.4919
CentroidY: 0.3148
