Location: Dedata_21.png_Mean-Closing.png
Component: component_1755511065473_67.png
centerX: 0.7580645161290323
centerY: 0.1365061271017384
width: 0.032661290322580645
height: 0.02792818466799658
Area: 0.0003789793985971557
CentroidX: 0.7735
CentroidY: 0.1544
