Location: Dedata_21.png_Mean-Medain.png
Component: component_1755511065235_299.png
centerX: 0.20927419354838708
centerY: 0.744086634368766
width: 0.028629032258064516
height: 0.03134796238244514
Area: 0.00036496014855808565
CentroidX: 0.2230
CentroidY: 0.7637
