Location: Dedata_21.png_Mean-Medain.png
Component: component_1755511065221_235.png
centerX: 0.2213709677419355
centerY: 0.5893416927899686
width: 0.03024193548387097
height: 0.02821316614420063
Area: 0.0003874828781290506
CentroidX: 0.2355
CentroidY: 0.6062
