Location: Dedata_21.png_Otsu.png
Component: component_1755511065908_179.png
centerX: 0.05524193548387097
centerY: 0.22114562553434028
width: 0.028629032258064516
height: 0.02792818466799658
Area: 0.00032175327958521406
CentroidX: 0.0696
CentroidY: 0.2378
