Location: Dedata_21.png_Gaussian-Closing.png
Component: component_1755511065770_276.png
centerX: 0.3189516129032258
centerY: 0.6848104873183243
width: 0.027419354838709678
height: 0.031062980906241093
Area: 0.00032106380827181716
CentroidX: 0.3311
CentroidY: 0.7033
