Location: Dedata_21.png_Otsu.png
Component: component_1755511066269_375.png
centerX: 0.20967741935483872
centerY: 0.74437161584497
width: 0.027822580645161292
height: 0.030777999430037048
Area: 0.00030520596806368874
CentroidX: 0.2230
CentroidY: 0.7638
