Location: Dedata_21.png_Gaussian-Closing.png
Component: component_1755511065734_236.png
centerX: 0.27298387096774196
centerY: 0.5796523225990311
width: 0.03064516129032258
height: 0.03619264747791394
Area: 0.00041218893352577244
CentroidX: 0.2874
CentroidY: 0.6019
