Location: Dedata_21.png_Otsu.png
Component: component_1755511065905_174.png
centerX: 0.15564516129032258
centerY: 0.21145625534340268
width: 0.02943548387096774
height: 0.029353092049016812
Area: 0.0002899226872833911
CentroidX: 0.1702
CentroidY: 0.2304
