Location: Dedata_21.png_Mean-Closing.png
Component: component_1755511065467_65.png
centerX: 0.8604838709677419
centerY: 0.13251638643488173
width: 0.032661290322580645
height: 0.02963807352522086
Area: 0.00040046792119802536
CentroidX: 0.8752
CentroidY: 0.1504
