Location: Dedata_21.png_Gaussian-Closing.png
Component: component_1755511065708_199.png
centerX: 0.1532258064516129
centerY: 0.4799088059276147
width: 0.02903225806451613
height: 0.03818751781134226
Area: 0.00044539846845438916
CentroidX: 0.1683
CentroidY: 0.5036
