Location: Dedata_21.png_Mean-Medain.png
Component: component_1755511065182_51.png
centerX: 0.5495967741935484
centerY: 0.0994585351952123
width: 0.028629032258064516
height: 0.027643203191792535
Area: 0.0003671434743838425
CentroidX: 0.5646
CentroidY: 0.1167
