Location: Dedata_21.png_Otsu.png
Component: component_1755511066222_279.png
centerX: 0.06290322580645161
centerY: 0.4861783984041037
width: 0.028225806451612902
height: 0.039897406668566546
Area: 0.00042471432905248255
CentroidX: 0.0782
CentroidY: 0.5112
