Location: Dedata_21.png_Mean-Closing.png
Component: component_1755511065528_173.png
centerX: 0.4
centerY: 0.4140780849244799
width: 0.03185483870967742
height: 0.03590766600170989
Area: 0.0004660826078562958
CentroidX: 0.4146
CentroidY: 0.4369
