Location: Dedata_21.png_Otsu.png
Component: component_1755511065944_223.png
centerX: 0.7673387096774194
centerY: 0.33371330863493875
width: 0.031048387096774193
height: 0.02963807352522086
Area: 0.00032359186975427243
CentroidX: 0.7828
CentroidY: 0.3517
