Location: Dedata_21.png_Otsu.png
Component: component_1755511065919_204.png
centerX: 0.697983870967742
centerY: 0.28213166144200624
width: 0.03387096774193549
height: 0.03220290681105728
Area: 0.0003983995072578347
CentroidX: 0.7150
CentroidY: 0.3021
