Location: Dedata_21.png_Gaussian-Closing.png
Component: component_1755511065662_101.png
centerX: 0.1032258064516129
centerY: 0.21288116272442292
width: 0.03306451612903226
height: 0.03163294385864919
Area: 0.0003809329006517802
CentroidX: 0.1198
CentroidY: 0.2325
