Location: Dedata_21.png_Mean-Medain.png
Component: component_1755511065202_148.png
centerX: 0.6709677419354839
centerY: 0.3377030493017954
width: 0.03024193548387097
height: 0.0353377030493018
Area: 0.00039610126954651173
CentroidX: 0.6865
CentroidY: 0.3596
