Location: Dedata_21.png_Mean-Closing.png
Component: component_1755511065556_283.png
centerX: 0.7943548387096774
centerY: 0.7084639498432602
width: 0.027822580645161292
height: 0.03619264747791394
Area: 0.0004018468638248191
CentroidX: 0.8089
CentroidY: 0.7312
