Location: Dedata_21.png_Mean-Medain.png
Component: component_1755511065235_298.png
centerX: 0.16008064516129034
centerY: 0.7435166714163579
width: 0.028629032258064516
height: 0.0353377030493018
Area: 0.0003969056527454748
CentroidX: 0.1732
CentroidY: 0.7653
