Location: Dedata_21.png_Gaussian-Closing.png
Component: component_1755511065629_9.png
centerX: 0.26048387096774195
centerY: 0.006554573952693075
width: 0.02661290322580645
height: 0.03818751781134226
Area: 0.0004094310482721849
CentroidX: 0.2755
CentroidY: 0.0300
