Location: Dedata_21.png_Mean-Closing.png
Component: component_1755511065568_338.png
centerX: 0.2508064516129032
centerY: 0.8543744656597321
width: 0.02661290322580645
height: 0.029068110572812767
Area: 0.0003148585664512452
CentroidX: 0.2646
CentroidY: 0.8724
