Location: Dedata_21.png_Otsu.png
Component: component_1755511065904_172.png
centerX: 0.26129032258064516
centerY: 0.20404673696209746
width: 0.029838709677419355
height: 0.03590766600170989
Area: 0.0003257751955800292
CentroidX: 0.2765
CentroidY: 0.2269
