Location: Dedata_21.png_Otsu.png
Component: component_1755511065859_12.png
centerX: 0.9298387096774193
centerY: 0.007694499857509262
width: 0.029838709677419355
height: 0.028783129096608722
Area: 0.00025717279989703897
CentroidX: 0.9443
CentroidY: 0.0263
