Location: Dedata_21.png_Otsu.png
Component: component_1755511066275_391.png
centerX: 0.3963709677419355
centerY: 0.786263892846965
width: 0.027822580645161292
height: 0.028783129096608722
Area: 0.00028693497825867125
CentroidX: 0.4098
CentroidY: 0.8043
