Location: Dedata_21.png_Gaussian-Closing.png
Component: component_1755511065690_154.png
centerX: 0.4588709677419355
centerY: 0.35708178968367055
width: 0.03225806451612903
height: 0.032487888287261325
Area: 0.000408741576958788
CentroidX: 0.4743
CentroidY: 0.3772
