Location: Dedata_21.png_Otsu.png
Component: component_1755511065913_197.png
centerX: 0.9
centerY: 0.26959247648902823
width: 0.02943548387096774
height: 0.03419777714448561
Area: 0.00038966620395480746
CentroidX: 0.9146
CentroidY: 0.2903
