Location: Dedata_21.png_Gaussian-Closing.png
Component: component_1755511065692_157.png
centerX: 0.28024193548387094
centerY: 0.3670561413508122
width: 0.034274193548387094
height: 0.032487888287261325
Area: 0.00041264858106803705
CentroidX: 0.2973
CentroidY: 0.3871
