Location: Dedata_21.png_Mean-Closing.png
Component: component_1755511065464_59.png
centerX: 0.37379032258064515
centerY: 0.10515816471929325
width: 0.02661290322580645
height: 0.026503277286976348
Area: 0.00033876023864900395
CentroidX: 0.3868
CentroidY: 0.1219
