Location: Dedata_21.png_Mean-Closing.png
Component: component_1755511065463_57.png
centerX: 0.22782258064516128
centerY: 0.10458820176688516
width: 0.02903225806451613
height: 0.03334283271587347
Area: 0.0003618575276477997
CentroidX: 0.2430
CentroidY: 0.1260
