Location: Dedata_21.png_Mean-Medain.png
Component: component_1755511065238_310.png
centerX: 0.6443548387096775
centerY: 0.7722998005129666
width: 0.02943548387096774
height: 0.02821316614420063
Area: 0.000350481250976751
CentroidX: 0.6586
CentroidY: 0.7897
