Location: Dedata_21.png_Mean-Medain.png
Component: component_1755511065191_94.png
centerX: 0.4181451612903226
centerY: 0.19549729267597607
width: 0.032661290322580645
height: 0.037047591906526074
Area: 0.0004387335790915526
CentroidX: 0.4346
CentroidY: 0.2190
