Location: Dedata_21.png_Gaussian-Closing.png
Component: component_1755511065665_104.png
centerX: 0.010483870967741936
centerY: 0.2188657737247079
width: 0.031451612903225803
height: 0.03590766600170989
Area: 0.0004154064663216246
CentroidX: 0.0275
CentroidY: 0.2412
