Location: Dedata_21.png_Mean-Closing.png
Component: component_1755511065564_321.png
centerX: 0.11491935483870967
centerY: 0.8033627814192078
width: 0.02943548387096774
height: 0.033912795668281565
Area: 0.0004021915994815176
CentroidX: 0.1279
CentroidY: 0.8241
