Location: Dedata_21.png_Otsu.png
Component: component_1755511066239_316.png
centerX: 0.021774193548387097
centerY: 0.5984611000284982
width: 0.02943548387096774
height: 0.032487888287261325
Area: 0.00037162503792092226
CentroidX: 0.0365
CentroidY: 0.6192
