Location: Dedata_21.png_Otsu.png
Component: component_1755511066279_398.png
centerX: 0.024193548387096774
centerY: 0.8039327443716159
width: 0.027419354838709678
height: 0.037902536335138216
Area: 0.0003809329006517802
CentroidX: 0.0379
CentroidY: 0.8275
