Location: Dedata_21.png_Gaussian-Closing.png
Component: component_1755511065781_321.png
centerX: 0.1625
centerY: 0.7948133371330863
width: 0.028225806451612902
height: 0.039612425192362494
Area: 0.00041724505649068296
CentroidX: 0.1769
CentroidY: 0.8189
