Location: Dedata_21.png_Gaussian-Closing.png
Component: component_1755511065782_327.png
centerX: 0.8693548387096774
centerY: 0.8190367626104303
width: 0.027419354838709678
height: 0.03305785123966942
Area: 0.00031715680416256816
CentroidX: 0.8820
CentroidY: 0.8395
