Location: Dedata_21.png_Mean-Medain.png
Component: component_1755511065219_223.png
centerX: 0.8294354838709678
centerY: 0.5494442861214021
width: 0.03185483870967742
height: 0.03220290681105728
Area: 0.00039977844988462846
CentroidX: 0.8441
CentroidY: 0.5689
