Location: Dedata_21.png_Gaussian-Closing.png
Component: component_1755511065652_68.png
centerX: 0.807258064516129
centerY: 0.13679110857794244
width: 0.03467741935483871
height: 0.026788258763180393
Area: 0.00036541979610035027
CentroidX: 0.8237
CentroidY: 0.1534
