Location: Dedata_21.png_Gaussian-Closing.png
Component: component_1755511065724_226.png
centerX: 0.7846774193548387
centerY: 0.5520091194072385
width: 0.027419354838709678
height: 0.03134796238244514
Area: 0.000349676867777788
CentroidX: 0.7960
CentroidY: 0.5714
