Location: Dedata_21.png_Gaussian-Closing.png
Component: component_1755511065717_213.png
centerX: 0.4028225806451613
centerY: 0.5195212311199772
width: 0.027419354838709678
height: 0.034482758620689655
Area: 0.0004058687798196343
CentroidX: 0.4168
CentroidY: 0.5406
