Location: Dedata_21.png_Otsu.png
Component: component_1755511065960_243.png
centerX: 0.7120967741935483
centerY: 0.38814477058991165
width: 0.02903225806451613
height: 0.039612425192362494
Area: 0.0004156362900927569
CentroidX: 0.7271
CentroidY: 0.4120
