Location: Dedata_21.png_Mean-Closing.png
Component: component_1755511065500_116.png
centerX: 0.2737903225806452
centerY: 0.2547734397264178
width: 0.03508064516129032
height: 0.03875748076375036
Area: 0.00045033967953373355
CentroidX: 0.2925
CentroidY: 0.2796
