Location: Dedata_21.png_Mean-Medain.png
Component: component_1755511065235_300.png
centerX: 0.10766129032258065
centerY: 0.7466514676546024
width: 0.03024193548387097
height: 0.03676261043032203
Area: 0.0004354011344101343
CentroidX: 0.1230
CentroidY: 0.7687
