Location: Dedata_21.png_Mean-Medain.png
Component: component_1755511065197_124.png
centerX: 0.015725806451612902
centerY: 0.2735822171558849
width: 0.032661290322580645
height: 0.03676261043032203
Area: 0.00039093023469603507
CentroidX: 0.0327
CentroidY: 0.2975
