Location: Dedata_21.png_Mean-Medain.png
Component: component_1755511065221_233.png
centerX: 0.325
centerY: 0.5776574522656027
width: 0.028629032258064516
height: 0.03305785123966942
Area: 0.0003907004109249028
CentroidX: 0.3380
CentroidY: 0.5981
