Location: Dedata_21.png_Mean-Closing.png
Component: component_1755511065562_312.png
centerX: 0.4508064516129032
centerY: 0.7774294670846394
width: 0.029838709677419355
height: 0.03590766600170989
Area: 0.0003869083187012199
CentroidX: 0.4656
CentroidY: 0.7999
