Location: Dedata_21.png_Otsu.png
Component: component_1755511065959_240.png
centerX: 0.06693548387096775
centerY: 0.38073525220860643
width: 0.037096774193548385
height: 0.03676261043032203
Area: 0.0004440195258275954
CentroidX: 0.0839
CentroidY: 0.4040
