Location: Dedata_21.png_Otsu.png
Component: component_1755511065886_128.png
centerX: 0.597983870967742
centerY: 0.10116842405243659
width: 0.028629032258064516
height: 0.02536335138216016
Area: 0.0003045164967502919
CentroidX: 0.6128
CentroidY: 0.1170
