Location: Dedata_21.png_Otsu.png
Component: component_1755511065907_176.png
centerX: 0.9024193548387097
centerY: 0.21801082929609575
width: 0.031048387096774193
height: 0.032487888287261325
Area: 0.0003370365603655117
CentroidX: 0.9192
CentroidY: 0.2395
