Location: Dedata_21.png_Otsu.png
Component: component_1755511066272_379.png
centerX: 0.9495967741935484
centerY: 0.7571957822741522
width: 0.027419354838709678
height: 0.02821316614420063
Area: 0.00027349028764743195
CentroidX: 0.9622
CentroidY: 0.7748
