Location: Dedata_21.png_Mean-Closing.png
Component: component_1755511065514_145.png
centerX: 0.8161290322580645
centerY: 0.329153605015674
width: 0.02943548387096774
height: 0.030493017953833
Area: 0.00039024076338263817
CentroidX: 0.8305
CentroidY: 0.3481
