Location: Dedata_21.png_Mean-Closing.png
Component: component_1755511065549_258.png
centerX: 0.11975806451612903
centerY: 0.6469079509831861
width: 0.027822580645161292
height: 0.031062980906241093
Area: 0.0003851846404177277
CentroidX: 0.1330
CentroidY: 0.6660
