Location: Dedata_21.png_Otsu.png
Component: component_1755511066225_287.png
centerX: 0.4967741935483871
centerY: 0.5175263607865489
width: 0.031048387096774193
height: 0.03134796238244514
Area: 0.00035461807885713237
CentroidX: 0.5115
CentroidY: 0.5365
