Location: Dedata_21.png_Otsu.png
Component: component_1755511066224_285.png
centerX: 0.6016129032258064
centerY: 0.505842120262183
width: 0.028225806451612902
height: 0.033912795668281565
Area: 0.00035254966491694167
CentroidX: 0.6150
CentroidY: 0.5261
