Location: Dedata_21.png_Otsu.png
Component: component_1755511066274_387.png
centerX: 0.5983870967741935
centerY: 0.774294670846395
width: 0.02661290322580645
height: 0.029068110572812767
Area: 0.0002815341196370623
CentroidX: 0.6114
CentroidY: 0.7921
