Location: Dedata_21.png_Mean-Medain.png
Component: component_1755511065213_197.png
centerX: 0.1528225806451613
centerY: 0.4799088059276147
width: 0.029838709677419355
height: 0.038472499287546306
Area: 0.0004718282021346032
CentroidX: 0.1682
CentroidY: 0.5039
