Location: Dedata_21.png_Mean-Medain.png
Component: component_1755511065245_340.png
centerX: 0.20201612903225807
centerY: 0.8560843545169564
width: 0.027822580645161292
height: 0.028783129096608722
Area: 0.00032370678163983857
CentroidX: 0.2164
CentroidY: 0.8735
