Location: Dedata_21.png_Mean-Medain.png
Component: component_1755511065200_136.png
centerX: 0.2713709677419355
centerY: 0.30777999430037045
width: 0.02903225806451613
height: 0.036477628954117984
Area: 0.00046998961196554484
CentroidX: 0.2867
CentroidY: 0.3306
