Location: Dedata_21.png_Gaussian-Closing.png
Component: component_1755511065658_85.png
centerX: 0.9508064516129032
centerY: 0.1695639783414078
width: 0.03024193548387097
height: 0.032487888287261325
Area: 0.00036921188832403313
CentroidX: 0.9654
CentroidY: 0.1894
