Location: Dedata_21.png_Otsu.png
Component: component_1755511066214_272.png
centerX: 0.24919354838709679
centerY: 0.4736392134511257
width: 0.02943548387096774
height: 0.03761755485893417
Area: 0.00039288373675065957
CentroidX: 0.2644
CentroidY: 0.4973
