Location: Dedata_21.png_Otsu.png
Component: component_1755511065958_238.png
centerX: 0.8475806451612903
centerY: 0.37731547449415787
width: 0.02903225806451613
height: 0.040467369620974636
Area: 0.00038897673264141056
CentroidX: 0.8618
CentroidY: 0.4029
