Location: Dedata_21.png_Otsu.png
Component: component_1755511066202_268.png
centerX: 0.5056451612903226
centerY: 0.4599601025933314
width: 0.028629032258064516
height: 0.034482758620689655
Area: 0.00036633909118487945
CentroidX: 0.5210
CentroidY: 0.4807
