Location: Dedata_21.png_Mean-Medain.png
Component: component_1755511065200_138.png
centerX: 0.1681451612903226
centerY: 0.31889427187232827
width: 0.03467741935483871
height: 0.034482758620689655
Area: 0.0004721729377913016
CentroidX: 0.1861
CentroidY: 0.3403
