Location: Dedata_21.png_Mean-Medain.png
Component: component_1755511065234_294.png
centerX: 0.4584677419354839
centerY: 0.7306925049871759
width: 0.024193548387096774
height: 0.029353092049016812
Area: 0.0003278436095202199
CentroidX: 0.4698
CentroidY: 0.7483
