Location: Dedata_21.png_Otsu.png
Component: component_1755511065878_69.png
centerX: 0.05766129032258065
centerY: 0.05956112852664577
width: 0.025403225806451612
height: 0.03562268452550584
Area: 0.00022407817685398835
CentroidX: 0.0720
CentroidY: 0.0842
