Location: Dedata_21.png_Mean-Medain.png
Component: component_1755511065223_243.png
centerX: 0.8673387096774193
centerY: 0.6050156739811913
width: 0.027822580645161292
height: 0.03419777714448561
Area: 0.00036300664650346114
CentroidX: 0.8799
CentroidY: 0.6260
