Location: Dedata_21.png_Mean-Closing.png
Component: component_1755511065461_54.png
centerX: 0.5024193548387097
centerY: 0.10145340552864064
width: 0.028629032258064516
height: 0.026788258763180393
Area: 0.0003536987837726032
CentroidX: 0.5170
CentroidY: 0.1183
