Location: Dedata_21.png_Gaussian-Closing.png
Component: component_1755511065630_12.png
centerX: 0.21370967741935484
centerY: 0.007124536905101168
width: 0.03024193548387097
height: 0.03875748076375036
Area: 0.0004183941753463444
CentroidX: 0.2293
CentroidY: 0.0316
