Location: Dedata_21.png_Otsu.png
Component: component_1755511065928_211.png
centerX: 0.3717741935483871
centerY: 0.3000854944428612
width: 0.03387096774193549
height: 0.03505272157309775
Area: 0.0004140275236948308
CentroidX: 0.3891
CentroidY: 0.3222
