Location: Dedata_21.png_Gaussian-Closing.png
Component: component_1755511065653_71.png
centerX: 0.65
centerY: 0.14163579367341123
width: 0.03064516129032258
height: 0.029923055001424906
Area: 0.0003743829231745098
CentroidX: 0.6649
CentroidY: 0.1605
