Location: Dedata_21.png_Otsu.png
Component: component_1755511065897_153.png
centerX: 0.267741935483871
centerY: 0.1555998860074095
width: 0.035483870967741936
height: 0.030777999430037048
Area: 0.00037645133711470044
CentroidX: 0.2852
CentroidY: 0.1750
