Location: Dedata_21.png_Mean-Closing.png
Component: component_1755511065492_90.png
centerX: 0.6463709677419355
centerY: 0.18409803362781418
width: 0.028225806451612902
height: 0.033912795668281565
Area: 0.00038047325310951565
CentroidX: 0.6614
CentroidY: 0.2058
