Location: Dedata_21.png_Mean-Medain.png
Component: component_1755511065210_183.png
centerX: 0.06612903225806452
centerY: 0.439156454830436
width: 0.02903225806451613
height: 0.031917925334853235
Area: 0.00044241075942966934
CentroidX: 0.0808
CentroidY: 0.4585
