Location: Dedata_21.png_Otsu.png
Component: component_1755511065899_158.png
centerX: 0.05282258064516129
centerY: 0.1664291821031633
width: 0.029838709677419355
height: 0.028498147620404674
Area: 0.00032129363204294945
CentroidX: 0.0680
CentroidY: 0.1849
