Location: Dedata_21.png_Otsu.png
Component: component_1755511066229_297.png
centerX: 0.06330645161290323
centerY: 0.5460245084069536
width: 0.02620967741935484
height: 0.03362781419207751
Area: 0.0003579505235385506
CentroidX: 0.0764
CentroidY: 0.5667
