Location: Dedata_21.png_Otsu.png
Component: component_1755511065910_186.png
centerX: 0.6040322580645161
centerY: 0.23852949558278713
width: 0.035483870967741936
height: 0.03163294385864919
Area: 0.000324051517296537
CentroidX: 0.6216
CentroidY: 0.2577
