Location: Dedata_21.png_Mean-Closing.png
Component: component_1755511065491_88.png
centerX: 0.8112903225806452
centerY: 0.17583357081789683
width: 0.027419354838709678
height: 0.032487888287261325
Area: 0.0003641557653591226
CentroidX: 0.8252
CentroidY: 0.1966
