Location: Dedata_21.png_Otsu.png
Component: component_1755511066250_338.png
centerX: 0.8544354838709678
centerY: 0.6528925619834711
width: 0.028629032258064516
height: 0.037902536335138216
Area: 0.0003585250829663814
CentroidX: 0.8692
CentroidY: 0.6764
