Location: Dedata_21.png_Mean-Medain.png
Component: component_1755511065240_315.png
centerX: 0.3959677419354839
centerY: 0.7859789113707609
width: 0.02903225806451613
height: 0.02963807352522086
Area: 0.00035392860754373547
CentroidX: 0.4100
CentroidY: 0.8043
