Location: Dedata_21.png_Mean-Closing.png
Component: component_1755511065537_206.png
centerX: 0.697983870967742
centerY: 0.49586776859504134
width: 0.028225806451612902
height: 0.03676261043032203
Area: 0.0004360906057235312
CentroidX: 0.7128
CentroidY: 0.5186
