Location: Dedata_21.png_Gaussian-Closing.png
Component: component_1755511065630_11.png
centerX: 0.11330645161290323
centerY: 0.007124536905101168
width: 0.03790322580645161
height: 0.03619264747791394
Area: 0.00042080732494323355
CentroidX: 0.1337
CentroidY: 0.0301
