Location: Dedata_21.png_Gaussian-Closing.png
Component: component_1755511065635_30.png
centerX: 0.555241935483871
centerY: 0.05500142490738102
width: 0.03669354838709677
height: 0.03163294385864919
Area: 0.0003533540481159047
CentroidX: 0.5730
CentroidY: 0.0741
