Location: Dedata_21.png_Mean-Closing.png
Component: component_1755511065495_101.png
centerX: 0.9016129032258065
centerY: 0.21801082929609575
width: 0.03225806451612903
height: 0.03277286976346538
Area: 0.00039805477160113624
CentroidX: 0.9194
CentroidY: 0.2395
