Location: Dedata_21.png_Mean-Medain.png
Component: component_1755511065180_41.png
centerX: 0.32137096774193546
centerY: 0.05956112852664577
width: 0.03024193548387097
height: 0.027643203191792535
Area: 0.00035174528171797863
CentroidX: 0.3371
CentroidY: 0.0771
