Location: Dedata_21.png_Gaussian-Closing.png
Component: component_1755511065698_180.png
centerX: 0.9048387096774193
centerY: 0.42832715873468225
width: 0.03064516129032258
height: 0.03334283271587347
Area: 0.00038702323058678606
CentroidX: 0.9193
CentroidY: 0.4490
