Location: Dedata_21.png_Mean-Closing.png
Component: component_1755511065433_12.png
centerX: 0.2600806451612903
centerY: 0.006839555428897122
width: 0.02661290322580645
height: 0.03818751781134226
Area: 0.00043459675121117127
CentroidX: 0.2754
CentroidY: 0.0304
