Location: Dedata_21.png_Otsu.png
Component: component_1755511065960_244.png
centerX: 0.6673387096774194
centerY: 0.39640923339982903
width: 0.02661290322580645
height: 0.037047591906526074
Area: 0.00040759245810312653
CentroidX: 0.6813
CentroidY: 0.4192
