Location: Dedata_21.png_Mean-Closing.png
Component: component_1755511065456_44.png
centerX: 0.907258064516129
centerY: 0.08748931319464234
width: 0.032661290322580645
height: 0.029923055001424906
Area: 0.00041080999089897864
CentroidX: 0.9243
CentroidY: 0.1066
