Location: Dedata_21.png_Otsu.png
Component: component_1755511066217_274.png
centerX: 0.1532258064516129
centerY: 0.48019378740381874
width: 0.02903225806451613
height: 0.037902536335138216
Area: 0.0004136827880381324
CentroidX: 0.1682
CentroidY: 0.5039
