Location: Dedata_21.png_Mean-Medain.png
Component: component_1755511065216_208.png
centerX: 0.6012096774193548
centerY: 0.5052721573097748
width: 0.02903225806451613
height: 0.0347677400968937
Area: 0.0004175897921473814
CentroidX: 0.6152
CentroidY: 0.5260
