Location: Dedata_21.png_Mean-Medain.png
Component: component_1755511065211_187.png
centerX: 0.6629032258064517
centerY: 0.4488458250213736
width: 0.03024193548387097
height: 0.032487888287261325
Area: 0.00040046792119802536
CentroidX: 0.6786
CentroidY: 0.4690
