Location: Dedata_21.png_Gaussian-Closing.png
Component: component_1755511065710_204.png
centerX: 0.0625
centerY: 0.48589341692789967
width: 0.028629032258064516
height: 0.04018238814477059
Area: 0.000457694040209967
CentroidX: 0.0782
CentroidY: 0.5110
