Location: Dedata_21.png_Gaussian-Closing.png
Component: component_1755511065665_107.png
centerX: 0.802016129032258
centerY: 0.22599031062980907
width: 0.03306451612903226
height: 0.03305785123966942
Area: 0.0003710504784930915
CentroidX: 0.8188
CentroidY: 0.2463
