Location: Dedata_21.png_Gaussian-Closing.png
Component: component_1755511065629_7.png
centerX: 0.557258064516129
centerY: 0.005414648047876888
width: 0.03225806451612903
height: 0.034482758620689655
Area: 0.0003307164066593736
CentroidX: 0.5737
CentroidY: 0.0272
