Location: Dedata_21.png_Gaussian-Closing.png
Component: component_1755511065771_281.png
centerX: 0.06612903225806452
centerY: 0.6999145055571387
width: 0.027419354838709678
height: 0.03220290681105728
Area: 0.0003470338944097666
CentroidX: 0.0787
CentroidY: 0.7195
