Location: Dedata_21.png_Mean-Medain.png
Component: component_1755511065226_252.png
centerX: 0.369758064516129
centerY: 0.6315189512681676
width: 0.02943548387096774
height: 0.032487888287261325
Area: 0.0003772557203136635
CentroidX: 0.3837
CentroidY: 0.6519
