Location: Dedata_21.png_Otsu.png
Component: component_1755511066219_277.png
centerX: 0.8923387096774194
centerY: 0.4827586206896552
width: 0.029838709677419355
height: 0.0347677400968937
Area: 0.00036656891495601173
CentroidX: 0.9067
CentroidY: 0.5045
