Location: Dedata_21.png_Otsu.png
Component: component_1755511065895_149.png
centerX: 0.48951612903225805
centerY: 0.15104018238814476
width: 0.036290322580645164
height: 0.026788258763180393
Area: 0.00032301731032644167
CentroidX: 0.5067
CentroidY: 0.1676
