Location: Dedata_21.png_Otsu.png
Component: component_1755511066247_334.png
centerX: 0.12016129032258065
centerY: 0.6471929324593901
width: 0.02661290322580645
height: 0.030493017953833
Area: 0.0003247409886099339
CentroidX: 0.1328
CentroidY: 0.6660
