Location: Dedata_21.png_Gaussian-Closing.png
Component: component_1755511065753_257.png
centerX: 0.21733870967741936
centerY: 0.6443431176973496
width: 0.025403225806451612
height: 0.02963807352522086
Area: 0.000324051517296537
CentroidX: 0.2291
CentroidY: 0.6623
