Location: Dedata_21.png_Otsu.png
Component: component_1755511066273_384.png
centerX: 0.6959677419354838
centerY: 0.7663151895126816
width: 0.02903225806451613
height: 0.03220290681105728
Area: 0.00031244541685435605
CentroidX: 0.7109
CentroidY: 0.7860
