Location: Dedata_21.png_Gaussian-Closing.png
Component: component_1755511065668_112.png
centerX: 0.5463709677419355
centerY: 0.2413793103448276
width: 0.03387096774193549
height: 0.03590766600170989
Area: 0.0003959863576609456
CentroidX: 0.5638
CentroidY: 0.2637
