Location: Dedata_21.png_Mean-Medain.png
Component: component_1755511065222_236.png
centerX: 0.12137096774193548
centerY: 0.5907666001709889
width: 0.02943548387096774
height: 0.0353377030493018
Area: 0.0004385037553204203
CentroidX: 0.1356
CentroidY: 0.6128
