Location: Dedata_21.png_Otsu.png
Component: component_1755511065857_5.png
centerX: 0.06975806451612904
centerY: 0.005984611000284981
width: 0.03346774193548387
height: 0.03619264747791394
Area: 0.0003412883001314592
CentroidX: 0.0881
CentroidY: 0.0287
