Location: Dedata_21.png_Mean-Closing.png
Component: component_1755511065569_341.png
centerX: 0.15564516129032258
centerY: 0.8583642063265887
width: 0.02661290322580645
height: 0.029923055001424906
Area: 0.00032290239844087553
CentroidX: 0.1687
CentroidY: 0.8765
