Location: Dedata_21.png_Gaussian-Closing.png
Component: component_1755511065706_194.png
centerX: 0.3463709677419355
centerY: 0.46423482473639216
width: 0.028629032258064516
height: 0.039897406668566546
Area: 0.00045068441519043197
CentroidX: 0.3623
CentroidY: 0.4883
