Location: Dedata_21.png_Mean-Closing.png
Component: component_1755511065504_128.png
centerX: 0.5866935483870968
centerY: 0.2835565688230265
width: 0.034274193548387094
height: 0.03761755485893417
Area: 0.0004829746550345195
CentroidX: 0.6036
CentroidY: 0.3077
