Location: Dedata_21.png_Gaussian-Closing.png
Component: component_1755511065689_152.png
centerX: 0.5612903225806452
centerY: 0.3485323453975492
width: 0.03064516129032258
height: 0.03505272157309775
Area: 0.00040736263433199425
CentroidX: 0.5765
CentroidY: 0.3703
