Location: Dedata_21.png_Gaussian-Closing.png
Component: component_1755511065707_197.png
centerX: 0.24879032258064515
centerY: 0.47335423197492166
width: 0.03024193548387097
height: 0.03818751781134226
Area: 0.00043287307292767905
CentroidX: 0.2645
CentroidY: 0.4971
