Location: Dedata_21.png_Mean-Closing.png
Component: component_1755511065526_165.png
centerX: 0.014112903225806451
centerY: 0.38387004844685096
width: 0.032661290322580645
height: 0.036477628954117984
Area: 0.0004572343926677024
CentroidX: 0.0313
CentroidY: 0.4065
