Location: Dedata_21.png_Otsu.png
Component: component_1755511065961_246.png
centerX: 0.5693548387096774
centerY: 0.4060986035907666
width: 0.029838709677419355
height: 0.03163294385864919
Area: 0.0003576057878818522
CentroidX: 0.5827
CentroidY: 0.4262
