Location: Dedata_21.png_Otsu.png
Component: component_1755511065877_63.png
centerX: 0.01532258064516129
centerY: 0.05699629524080935
width: 0.02661290322580645
height: 0.0353377030493018
Area: 0.0002493587916785409
CentroidX: 0.0299
CentroidY: 0.0807
