Location: Dedata_21.png_Mean-Closing.png
Component: component_1755511065445_23.png
centerX: 0.9145161290322581
centerY: 0.04787688800227985
width: 0.03225806451612903
height: 0.028498147620404674
Area: 0.0003484128370365604
CentroidX: 0.9316
CentroidY: 0.0665
