Location: Dedata_21.png_Mean-Closing.png
Component: component_1755511065540_218.png
centerX: 0.11088709677419355
centerY: 0.5428897121687091
width: 0.03185483870967742
height: 0.03334283271587347
Area: 0.00040770736998869267
CentroidX: 0.1251
CentroidY: 0.5628
