Location: Dedata_21.png_Gaussian-Closing.png
Component: component_1755511065680_135.png
centerX: 0.3713709677419355
centerY: 0.2995155314904531
width: 0.034274193548387094
height: 0.03590766600170989
Area: 0.0004466624991956168
CentroidX: 0.3891
CentroidY: 0.3220
