Location: Dedata_21.png_Mean-Closing.png
Component: component_1755511065505_131.png
centerX: 0.4737903225806452
centerY: 0.2938159019663722
width: 0.03588709677419355
height: 0.03419777714448561
Area: 0.0004689554049954495
CentroidX: 0.4919
CentroidY: 0.3150
