Location: Dedata_21.png_Mean-Closing.png
Component: component_1755511065538_211.png
centerX: 0.4028225806451613
centerY: 0.5195212311199772
width: 0.027822580645161292
height: 0.034482758620689655
Area: 0.0004373546364647588
CentroidX: 0.4168
CentroidY: 0.5408
