Location: Dedata_21.png_Mean-Closing.png
Component: component_1755511065541_224.png
centerX: 0.7846774193548387
centerY: 0.5520091194072385
width: 0.027419354838709678
height: 0.03163294385864919
Area: 0.00037311889243328214
CentroidX: 0.7960
CentroidY: 0.5714
