Location: Dedata_21.png_Mean-Closing.png
Component: component_1755511065552_273.png
centerX: 0.3685483870967742
centerY: 0.6831005984611
width: 0.025403225806451612
height: 0.02963807352522086
Area: 0.00035381369565816933
CentroidX: 0.3803
CentroidY: 0.7011
