Location: Dedata_21.png_Mean-Closing.png
Component: component_1755511065567_334.png
centerX: 0.4350806451612903
centerY: 0.8384155029923055
width: 0.028225806451612902
height: 0.030777999430037048
Area: 0.0003357725296242841
CentroidX: 0.4486
CentroidY: 0.8577
