Location: Dedata_21.png_Otsu.png
Component: component_1755511066263_360.png
centerX: 0.7943548387096774
centerY: 0.7084639498432602
width: 0.027419354838709678
height: 0.03619264747791394
Area: 0.0003492172202355234
CentroidX: 0.8088
CentroidY: 0.7312
