Location: Dedata_21.png_Mean-Medain.png
Component: component_1755511065243_329.png
centerX: 0.7334677419354839
centerY: 0.8244514106583072
width: 0.027016129032258064
height: 0.03818751781134226
Area: 0.00040437492530727437
CentroidX: 0.7468
CentroidY: 0.8477
