Location: Dedata_21.png_Mean-Medain.png
Component: component_1755511065211_185.png
centerX: 0.7596774193548387
centerY: 0.4405813622114563
width: 0.031048387096774193
height: 0.029353092049016812
Area: 0.0003715101260353561
CentroidX: 0.7755
CentroidY: 0.4590
