Location: Dedata_21.png_Mean-Closing.png
Component: component_1755511065499_115.png
centerX: 0.33669354838709675
centerY: 0.25334853234539756
width: 0.03346774193548387
height: 0.03761755485893417
Area: 0.0004327581610421129
CentroidX: 0.3526
CentroidY: 0.2764
