Location: Dedata_21.png_Gaussian-Closing.png
Component: component_1755511065676_127.png
centerX: 0.8008064516129032
centerY: 0.27529210601310916
width: 0.031048387096774193
height: 0.032487888287261325
Area: 0.00041391261180926466
CentroidX: 0.8166
CentroidY: 0.2955
