Location: Dedata_21.png_Mean-Closing.png
Component: component_1755511065532_187.png
centerX: 0.6629032258064517
centerY: 0.44913080649757764
width: 0.03024193548387097
height: 0.03220290681105728
Area: 0.00039920389045679775
CentroidX: 0.6786
CentroidY: 0.4690
