Location: Dedata_21.png_Mean-Closing.png
Component: component_1755511065541_223.png
centerX: 0.8294354838709678
centerY: 0.5494442861214021
width: 0.03185483870967742
height: 0.03220290681105728
Area: 0.0003988591548000993
CentroidX: 0.8441
CentroidY: 0.5689
