Location: Dedata_21.png_Otsu.png
Component: component_1755511065996_259.png
centerX: 0.1153225806451613
centerY: 0.4360216585921915
width: 0.028629032258064516
height: 0.03134796238244514
Area: 0.00038242675516414015
CentroidX: 0.1295
CentroidY: 0.4548
