Location: Dedata_21.png_Otsu.png
Component: component_1755511066225_288.png
centerX: 0.4032258064516129
centerY: 0.5198062125961812
width: 0.027016129032258064
height: 0.033912795668281565
Area: 0.00037254433300545144
CentroidX: 0.4169
CentroidY: 0.5409
