Location: Dedata_21.png_Otsu.png
Component: component_1755511065963_248.png
centerX: 0.5169354838709678
centerY: 0.4080934739241949
width: 0.02903225806451613
height: 0.034482758620689655
Area: 0.00039391794372075495
CentroidX: 0.5305
CentroidY: 0.4288
