Location: Dedata_21.png_Mean-Medain.png
Component: component_1755511065203_152.png
centerX: 0.4584677419354839
centerY: 0.35708178968367055
width: 0.032661290322580645
height: 0.032487888287261325
Area: 0.00044539846845438916
CentroidX: 0.4743
CentroidY: 0.3773
