Location: Dedata_21.png_Gaussian-Closing.png
Component: component_1755511065684_143.png
centerX: 0.014112903225806451
centerY: 0.32630379025363354
width: 0.031048387096774193
height: 0.04018238814477059
Area: 0.0004200029417442705
CentroidX: 0.0306
CentroidY: 0.3520
