Location: Dedata_21.png_Mean-Medain.png
Component: component_1755511065204_156.png
centerX: 0.22419354838709676
centerY: 0.3713308634938729
width: 0.03064516129032258
height: 0.032487888287261325
Area: 0.00042172662002776273
CentroidX: 0.2390
CentroidY: 0.3915
