Location: Dedata_21.png_Gaussian-Closing.png
Component: component_1755511065775_297.png
centerX: 0.30806451612903224
centerY: 0.7338273012254204
width: 0.027822580645161292
height: 0.036477628954117984
Area: 0.00038104781253734635
CentroidX: 0.3208
CentroidY: 0.7565
