Location: Dedata_21.png_Mean-Medain.png
Component: component_1755511065228_264.png
centerX: 0.7713709677419355
centerY: 0.6574522656027358
width: 0.027419354838709678
height: 0.03362781419207751
Area: 0.0003739232756322452
CentroidX: 0.7857
CentroidY: 0.6778
