Location: Dedata_21.png_Mean-Medain.png
Component: component_1755511065180_40.png
centerX: 0.27741935483870966
centerY: 0.05956112852664577
width: 0.03185483870967742
height: 0.028783129096608722
Area: 0.0003631215583890273
CentroidX: 0.2939
CentroidY: 0.0774
