Location: Dedata_21.png_Gaussian-Closing.png
Component: component_1755511065693_160.png
centerX: 0.9366935483870967
centerY: 0.37275577087489314
width: 0.031048387096774193
height: 0.03590766600170989
Area: 0.00041724505649068296
CentroidX: 0.9530
CentroidY: 0.3953
