Location: Dedata_21.png_Otsu.png
Component: component_1755511065897_156.png
centerX: 0.011693548387096775
centerY: 0.16272442291251069
width: 0.028225806451612902
height: 0.03362781419207751
Area: 0.00033830059110673933
CentroidX: 0.0269
CentroidY: 0.1845
