Location: Dedata_21.png_Mean-Closing.png
Component: component_1755511065526_166.png
centerX: 0.7120967741935483
centerY: 0.38814477058991165
width: 0.02943548387096774
height: 0.039897406668566546
Area: 0.00047056417139337554
CentroidX: 0.7271
CentroidY: 0.4120
