Location: Dedata_21.png_Gaussian-Closing.png
Component: component_1755511065629_8.png
centerX: 0.6459677419354839
centerY: 0.005984611000284981
width: 0.03508064516129032
height: 0.034482758620689655
Area: 0.0003828864027064047
CentroidX: 0.6656
CentroidY: 0.0272
