Location: Dedata_21.png_Otsu.png
Component: component_1755511065863_17.png
centerX: 0.4721774193548387
centerY: 0.009404388714733543
width: 0.03024193548387097
height: 0.03277286976346538
Area: 0.0002792358819257393
CentroidX: 0.4888
CentroidY: 0.0306
