Location: Dedata_21.png_Gaussian-Closing.png
Component: component_1755511065779_316.png
centerX: 0.3959677419354839
centerY: 0.7859789113707609
width: 0.028629032258064516
height: 0.029353092049016812
Area: 0.00032703922632125687
CentroidX: 0.4098
CentroidY: 0.8042
