Location: Dedata_21.png_Mean-Medain.png
Component: component_1755511065212_190.png
centerX: 0.44556451612903225
centerY: 0.4591051581647193
width: 0.031451612903225803
height: 0.042462239954402965
Area: 0.0005103236837992627
CentroidX: 0.4628
CentroidY: 0.4853
