Location: Dedata_21.png_Mean-Closing.png
Component: component_1755511065451_34.png
centerX: 0.4669354838709677
centerY: 0.0567113137646053
width: 0.031451612903225803
height: 0.03362781419207751
Area: 0.00043068974710192226
CentroidX: 0.4820
CentroidY: 0.0765
