Location: Dedata_21.png_Otsu.png
Component: component_1755511065903_171.png
centerX: 0.3633064516129032
centerY: 0.20262182958107722
width: 0.031451612903225803
height: 0.029923055001424906
Area: 0.00031738662793370044
CentroidX: 0.3777
CentroidY: 0.2206
