Location: Dedata_21.png_Gaussian-Closing.png
Component: component_1755511065701_189.png
centerX: 0.6629032258064517
centerY: 0.4488458250213736
width: 0.029838709677419355
height: 0.032487888287261325
Area: 0.0003758767776868697
CentroidX: 0.6785
CentroidY: 0.4689
