Location: Dedata_21.png_Gaussian-Closing.png
Component: component_1755511065717_214.png
centerX: 0.4483870967741935
centerY: 0.5192362496437731
width: 0.028225806451612902
height: 0.031062980906241093
Area: 0.0003727741567765837
CentroidX: 0.4619
CentroidY: 0.5386
