Location: Dedata_21.png_Otsu.png
Component: component_1755511066228_293.png
centerX: 0.21370967741935484
centerY: 0.5351952123111998
width: 0.02903225806451613
height: 0.03277286976346538
Area: 0.0003399093575046654
CentroidX: 0.2263
CentroidY: 0.5554
