Location: Dedata_21.png_Otsu.png
Component: component_1755511066248_335.png
centerX: 0.0717741935483871
centerY: 0.6474779139355942
width: 0.025806451612903226
height: 0.03220290681105728
Area: 0.00032554537180889693
CentroidX: 0.0847
CentroidY: 0.6674
