Location: Dedata_21.png_Gaussian-Closing.png
Component: component_1755511065633_24.png
centerX: 0.7665322580645161
centerY: 0.05129666571672841
width: 0.031451612903225803
height: 0.0262182958107723
Area: 0.0002792358819257393
CentroidX: 0.7826
CentroidY: 0.0670
