Location: Dedata_21.png_Mean-Medain.png
Component: component_1755511065225_248.png
centerX: 0.5673387096774194
centerY: 0.62182958107723
width: 0.028629032258064516
height: 0.03619264747791394
Area: 0.0004228757388834242
CentroidX: 0.5807
CentroidY: 0.6440
