Location: Dedata_21.png_Mean-Closing.png
Component: component_1755511065568_337.png
centerX: 0.2931451612903226
centerY: 0.8500997435166714
width: 0.028225806451612902
height: 0.03305785123966942
Area: 0.00032991202346041056
CentroidX: 0.3072
CentroidY: 0.8705
