Location: Dedata_21.png_Otsu.png
Component: component_1755511066290_417.png
centerX: 0.11129032258064517
centerY: 0.8572242804217726
width: 0.027419354838709678
height: 0.03362781419207751
Area: 0.00027509905404535804
CentroidX: 0.1255
CentroidY: 0.8780
