Location: Dedata_21.png_Mean-Closing.png
Component: component_1755511065507_135.png
centerX: 0.3209677419354839
centerY: 0.304645198062126
width: 0.03346774193548387
height: 0.03562268452550584
Area: 0.0004941211079344358
CentroidX: 0.3378
CentroidY: 0.3267
