Location: Dedata_21.png_Gaussian-Closing.png
Component: component_1755511065674_121.png
centerX: 0.11975806451612903
centerY: 0.2658877172983756
width: 0.029838709677419355
height: 0.03590766600170989
Area: 0.0003451953042407082
CentroidX: 0.1349
CentroidY: 0.2886
