Location: Dedata_21.png_Mean-Medain.png
Component: component_1755511065244_335.png
centerX: 0.4350806451612903
centerY: 0.8381305215161015
width: 0.028225806451612902
height: 0.031062980906241093
Area: 0.00033588744150985026
CentroidX: 0.4486
CentroidY: 0.8577
