Location: Dedata_21.png_Mean-Medain.png
Component: component_1755511065179_38.png
centerX: 0.23548387096774193
centerY: 0.058706184098033624
width: 0.02943548387096774
height: 0.028783129096608722
Area: 0.0003516303698324125
CentroidX: 0.2518
CentroidY: 0.0768
