Location: Dedata_21.png_Otsu.png
Component: component_1755511065959_239.png
centerX: 0.7548387096774194
centerY: 0.3804502707324024
width: 0.027822580645161292
height: 0.04189227700199487
Area: 0.00043907831474825104
CentroidX: 0.7690
CentroidY: 0.4064
