Location: Dedata_21.png_Mean-Closing.png
Component: component_1755511065500_118.png
centerX: 0.1681451612903226
centerY: 0.2601880877742947
width: 0.03185483870967742
height: 0.040467369620974636
Area: 0.0004224160913411596
CentroidX: 0.1843
CentroidY: 0.2865
