Location: Dedata_21.png_Gaussian-Closing.png
Component: component_1755511065666_109.png
centerX: 0.7165322580645161
centerY: 0.22827016243944143
width: 0.025
height: 0.0347677400968937
Area: 0.0003572610522251538
CentroidX: 0.7289
CentroidY: 0.2496
