Location: Dedata_21.png_Otsu.png
Component: component_1755511066282_403.png
centerX: 0.8282258064516129
centerY: 0.8213166144200627
width: 0.02620967741935484
height: 0.03334283271587347
Area: 0.0002946340745916032
CentroidX: 0.8416
CentroidY: 0.8426
