Location: Dedata_21.png_Mean-Closing.png
Component: component_1755511065463_56.png
centerX: 0.31693548387096776
centerY: 0.10287831290966087
width: 0.03185483870967742
height: 0.03163294385864919
Area: 0.0003895512920692413
CentroidX: 0.3324
CentroidY: 0.1234
