Location: Dedata_21.png_Mean-Medain.png
Component: component_1755511065194_108.png
centerX: 0.7161290322580646
centerY: 0.22827016243944143
width: 0.025806451612903226
height: 0.03505272157309775
Area: 0.00038438025721876466
CentroidX: 0.7288
CentroidY: 0.2499
