Location: Dedata_21.png_Otsu.png
Component: component_1755511065902_167.png
centerX: 0.4786290322580645
centerY: 0.19008264462809918
width: 0.02903225806451613
height: 0.038472499287546306
Area: 0.00032795852140578605
CentroidX: 0.4935
CentroidY: 0.2142
