Location: Dedata_21.png_Gaussian-Closing.png
Component: component_1755511065696_173.png
centerX: 0.5165322580645161
centerY: 0.4078084924479909
width: 0.029838709677419355
height: 0.0347677400968937
Area: 0.0004285064212761654
CentroidX: 0.5305
CentroidY: 0.4287
