Location: Dedata_21.png_Mean-Medain.png
Component: component_1755511065212_191.png
centerX: 0.505241935483871
centerY: 0.4596751211171274
width: 0.029838709677419355
height: 0.03505272157309775
Area: 0.0004478116180512783
CentroidX: 0.5214
CentroidY: 0.4808
