Location: Dedata_21.png_Otsu.png
Component: component_1755511066223_281.png
centerX: 0.8475806451612903
centerY: 0.487888287261328
width: 0.02661290322580645
height: 0.029923055001424906
Area: 0.0003283032570624845
CentroidX: 0.8603
CentroidY: 0.5067
