Location: Dedata_21.png_Gaussian-Closing.png
Component: component_1755511065630_13.png
centerX: 0.5991935483870968
centerY: 0.007124536905101168
width: 0.03024193548387097
height: 0.03277286976346538
Area: 0.00034496548046957594
CentroidX: 0.6159
CentroidY: 0.0279
