Location: Dedata_21.png_Mean-Closing.png
Component: component_1755511065478_78.png
centerX: 0.26733870967741935
centerY: 0.15531490453120547
width: 0.03588709677419355
height: 0.03163294385864919
Area: 0.0004437897020564631
CentroidX: 0.2851
CentroidY: 0.1749
