Location: Dedata_21.png_Gaussian-Closing.png
Component: component_1755511065776_304.png
centerX: 0.9491935483870968
centerY: 0.7566258193217441
width: 0.027822580645161292
height: 0.029068110572812767
Area: 0.0003057805274915195
CentroidX: 0.9624
CentroidY: 0.7747
