Location: Dedata_21.png_Mean-Closing.png
Component: component_1755511065533_193.png
centerX: 0.3919354838709677
centerY: 0.4645198062125962
width: 0.02903225806451613
height: 0.03590766600170989
Area: 0.0004370099008080604
CentroidX: 0.4079
CentroidY: 0.4867
