Location: Dedata_21.png_Gaussian-Closing.png
Component: component_1755511065652_70.png
centerX: 0.7048387096774194
centerY: 0.14106583072100312
width: 0.035483870967741936
height: 0.027643203191792535
Area: 0.0003443909210417452
CentroidX: 0.7209
CentroidY: 0.1582
