Location: Dedata_21.png_Mean-Closing.png
Component: component_1755511065486_83.png
centerX: 0.052016129032258066
centerY: 0.16614420062695925
width: 0.031048387096774193
height: 0.029068110572812767
Area: 0.00037219959734875296
CentroidX: 0.0681
CentroidY: 0.1849
