Location: Dedata_21.png_Mean-Medain.png
Component: component_1755511065177_25.png
centerX: 0.8145161290322581
centerY: 0.051581647192932456
width: 0.036290322580645164
height: 0.025933314334568254
Area: 0.00031807609924709734
CentroidX: 0.8316
CentroidY: 0.0670
