Location: Dedata_21.png_Mean-Medain.png
Component: component_1755511065217_216.png
centerX: 0.21330645161290324
centerY: 0.5349102308349957
width: 0.02943548387096774
height: 0.03362781419207751
Area: 0.0003983995072578347
CentroidX: 0.2263
CentroidY: 0.5554
