Location: Dedata_21.png_Mean-Closing.png
Component: component_1755511065557_289.png
centerX: 0.5629032258064516
centerY: 0.7175833570817897
width: 0.02661290322580645
height: 0.038472499287546306
Area: 0.0003880574375568814
CentroidX: 0.5756
CentroidY: 0.7413
