Location: Dedata_21.png_Otsu.png
Component: component_1755511066245_330.png
centerX: 0.3193548387096774
centerY: 0.6349387289826162
width: 0.02620967741935484
height: 0.03220290681105728
Area: 0.00031244541685435605
CentroidX: 0.3316
CentroidY: 0.6551
