Location: Dedata_21.png_Mean-Medain.png
Component: component_1755511065188_82.png
centerX: 0.15120967741935484
centerY: 0.16272442291251069
width: 0.035483870967741936
height: 0.029353092049016812
Area: 0.0004065582511330312
CentroidX: 0.1686
CentroidY: 0.1811
