Location: Dedata_21.png_Mean-Closing.png
Component: component_1755511065546_246.png
centerX: 0.6681451612903225
centerY: 0.615844970076945
width: 0.029838709677419355
height: 0.03590766600170989
Area: 0.00042873624504729776
CentroidX: 0.6826
CentroidY: 0.6378
