Location: Dedata_21.png_Gaussian-Closing.png
Component: component_1755511065666_108.png
centerX: 0.7612903225806451
centerY: 0.22656027358221714
width: 0.028629032258064516
height: 0.0347677400968937
Area: 0.00037219959734875296
CentroidX: 0.7757
CentroidY: 0.2477
