Location: Dedata_21.png_Gaussian-Closing.png
Component: component_1755511065784_336.png
centerX: 0.4350806451612903
centerY: 0.8384155029923055
width: 0.028225806451612902
height: 0.030493017953833
Area: 0.00031026209102859927
CentroidX: 0.4486
CentroidY: 0.8576
