Location: Dedata_21.png_Mean-Medain.png
Component: component_1755511065204_153.png
centerX: 0.40524193548387094
centerY: 0.35822171558848676
width: 0.03024193548387097
height: 0.032487888287261325
Area: 0.0004195432942020059
CentroidX: 0.4187
CentroidY: 0.3777
