Location: Dedata_21.png_Otsu.png
Component: component_1755511065924_206.png
centerX: 0.6411290322580645
centerY: 0.28441151325163866
width: 0.03185483870967742
height: 0.034482758620689655
Area: 0.00038012851745281717
CentroidX: 0.6575
CentroidY: 0.3059
