Location: Dedata_21.png_Mean-Closing.png
Component: component_1755511065549_259.png
centerX: 0.02379032258064516
centerY: 0.6500427472214306
width: 0.028225806451612902
height: 0.03134796238244514
Area: 0.0004005828330835915
CentroidX: 0.0370
CentroidY: 0.6696
