Location: Dedata_21.png_Gaussian-Closing.png
Component: component_1755511065710_203.png
centerX: 0.015725806451612902
centerY: 0.48589341692789967
width: 0.028629032258064516
height: 0.04531205471644343
Area: 0.00047757379641291057
CentroidX: 0.0314
CentroidY: 0.5135
