Location: Dedata_21.png_Mean-Medain.png
Component: component_1755511065199_132.png
centerX: 0.42782258064516127
centerY: 0.2963807352522086
width: 0.03064516129032258
height: 0.03419777714448561
Area: 0.00044103181680287554
CentroidX: 0.4430
CentroidY: 0.3173
