Location: Dedata_21.png_Mean-Medain.png
Component: component_1755511065237_308.png
centerX: 0.6955645161290323
centerY: 0.7660302080364776
width: 0.029838709677419355
height: 0.03277286976346538
Area: 0.00038242675516414015
CentroidX: 0.7108
CentroidY: 0.7861
