Location: Dedata_21.png_Mean-Closing.png
Component: component_1755511065496_103.png
centerX: 0.010080645161290322
centerY: 0.21915075520091193
width: 0.03185483870967742
height: 0.03562268452550584
Area: 0.00044574320411108764
CentroidX: 0.0274
CentroidY: 0.2415
