Location: Dedata_21.png_Mean-Medain.png
Component: component_1755511065246_345.png
centerX: 0.06411290322580646
centerY: 0.8623539469934455
width: 0.027822580645161292
height: 0.029923055001424906
Area: 0.0003176164517048327
CentroidX: 0.0780
CentroidY: 0.8811
