Location: Dedata_21.png_Gaussian-Closing.png
Component: component_1755511065751_255.png
centerX: 0.3189516129032258
centerY: 0.6346537475064121
width: 0.027016129032258064
height: 0.03277286976346538
Area: 0.00034910230834995723
CentroidX: 0.3317
CentroidY: 0.6548
