Location: Dedata_21.png_Gaussian-Closing.png
Component: component_1755511065733_234.png
centerX: 0.37540322580645163
centerY: 0.5770874893131946
width: 0.027822580645161292
height: 0.02963807352522086
Area: 0.0003454251280118405
CentroidX: 0.3883
CentroidY: 0.5952
