Location: Dedata_21.png_Otsu.png
Component: component_1755511066249_337.png
centerX: 0.024193548387096774
centerY: 0.6503277286976347
width: 0.027419354838709678
height: 0.030777999430037048
Area: 0.0003461145993252374
CentroidX: 0.0371
CentroidY: 0.6696
