Location: Dedata_21.png_Otsu.png
Component: component_1755511066253_346.png
centerX: 0.5185483870967742
centerY: 0.6736962097463665
width: 0.02620967741935484
height: 0.030777999430037048
Area: 0.00030463140863585804
CentroidX: 0.5321
CentroidY: 0.6928
