Location: Dedata_21.png_Mean-Closing.png
Component: component_1755511065415_3.png
centerX: 0.8358870967741936
centerY: 0.0037047591906526076
width: 0.031048387096774193
height: 0.032487888287261325
Area: 0.00036783294569723933
CentroidX: 0.8510
CentroidY: 0.0229
