Location: Dedata_21.png_Mean-Closing.png
Component: component_1755511065490_85.png
centerX: 0.9004032258064516
centerY: 0.170703904246224
width: 0.034274193548387094
height: 0.03505272157309775
Area: 0.00041552137820719074
CentroidX: 0.9160
CentroidY: 0.1929
