Location: Dedata_21.png_Mean-Medain.png
Component: component_1755511065201_143.png
centerX: 0.06774193548387097
centerY: 0.32715873468224566
width: 0.031451612903225803
height: 0.03590766600170989
Area: 0.00040690298678972963
CentroidX: 0.0828
CentroidY: 0.3494
