Location: Dedata_21.png_Otsu.png
Component: component_1755511065928_209.png
centerX: 0.4282258064516129
centerY: 0.29666571672841263
width: 0.029838709677419355
height: 0.03334283271587347
Area: 0.00038012851745281717
CentroidX: 0.4430
CentroidY: 0.3173
