Location: Dedata_21.png_Otsu.png
Component: component_1755511066264_363.png
centerX: 0.7060483870967742
centerY: 0.7144485608435451
width: 0.03024193548387097
height: 0.031917925334853235
Area: 0.00031221559308322377
CentroidX: 0.7218
CentroidY: 0.7344
