Location: Dedata_21.png_Mean-Closing.png
Component: component_1755511065558_293.png
centerX: 0.4584677419354839
centerY: 0.7306925049871759
width: 0.024193548387096774
height: 0.029353092049016812
Area: 0.00032853308083361676
CentroidX: 0.4698
CentroidY: 0.7483
