Location: Dedata_21.png_Mean-Closing.png
Component: component_1755511065560_304.png
centerX: 0.7935483870967742
centerY: 0.7609005414648048
width: 0.025806451612903226
height: 0.029353092049016812
Area: 0.00028429200489064985
CentroidX: 0.8057
CentroidY: 0.7790
