Location: Dedata_21.png_Otsu.png
Component: component_1755511066289_414.png
centerX: 0.2939516129032258
centerY: 0.8503847249928754
width: 0.027016129032258064
height: 0.03220290681105728
Area: 0.00026464207245883856
CentroidX: 0.3071
CentroidY: 0.8706
