Location: Dedata_21.png_Gaussian-Closing.png
Component: component_1755511065716_210.png
centerX: 0.6012096774193548
centerY: 0.5052721573097748
width: 0.028629032258064516
height: 0.0347677400968937
Area: 0.00038633375927338916
CentroidX: 0.6151
CentroidY: 0.5259
