Location: Dedata_21.png_Mean-Closing.png
Component: component_1755511065518_150.png
centerX: 0.5612903225806452
centerY: 0.3485323453975492
width: 0.031048387096774193
height: 0.0353377030493018
Area: 0.00044275549508636776
CentroidX: 0.5765
CentroidY: 0.3703
