Location: Dedata_21.png_Mean-Medain.png
Component: component_1755511065202_145.png
centerX: 0.8161290322580645
centerY: 0.32886862353946994
width: 0.02943548387096774
height: 0.030777999430037048
Area: 0.0003913898822382997
CentroidX: 0.8305
CentroidY: 0.3481
