Location: Dedata_21.png_Mean-Closing.png
Component: component_1755511065552_271.png
centerX: 0.4721774193548387
centerY: 0.6759760615559989
width: 0.02661290322580645
height: 0.030493017953833
Area: 0.0003586399948519475
CentroidX: 0.4853
CentroidY: 0.6946
