Location: Dedata_21.png_Otsu.png
Component: component_1755511066235_310.png
centerX: 0.3254032258064516
centerY: 0.5779424337418068
width: 0.027822580645161292
height: 0.03220290681105728
Area: 0.00032531554803776465
CentroidX: 0.3378
CentroidY: 0.5980
