Location: Dedata_21.png_Mean-Closing.png
Component: component_1755511065493_93.png
centerX: 0.5350806451612903
centerY: 0.1897976631518951
width: 0.03024193548387097
height: 0.03334283271587347
Area: 0.0003873679662434845
CentroidX: 0.5496
CentroidY: 0.2107
