Location: Dedata_21.png_Otsu.png
Component: component_1755511066276_394.png
centerX: 0.25806451612903225
centerY: 0.7919635223710458
width: 0.028225806451612902
height: 0.03277286976346538
Area: 0.0003155480377646421
CentroidX: 0.2726
CentroidY: 0.8125
