Location: Dedata_21.png_Mean-Closing.png
Component: component_1755511065567_333.png
centerX: 0.48870967741935484
centerY: 0.835280706754061
width: 0.027016129032258064
height: 0.03134796238244514
Area: 0.00033060149477380746
CentroidX: 0.5013
CentroidY: 0.8551
