Location: Dedata_21.png_Mean-Medain.png
Component: component_1755511065190_88.png
centerX: 0.8112903225806452
centerY: 0.17583357081789683
width: 0.027419354838709678
height: 0.032487888287261325
Area: 0.0003638110297024242
CentroidX: 0.8253
CentroidY: 0.1966
