Location: Dedata_21.png_Otsu.png
Component: component_1755511066235_308.png
centerX: 0.475
centerY: 0.5742376745511542
width: 0.027822580645161292
height: 0.030208036477628954
Area: 0.00031911030621719266
CentroidX: 0.4875
CentroidY: 0.5930
