Location: Dedata_21.png_Otsu.png
Component: component_1755511065931_215.png
centerX: 0.1689516129032258
centerY: 0.31917925334853237
width: 0.03346774193548387
height: 0.03362781419207751
Area: 0.00040989069581444946
CentroidX: 0.1862
CentroidY: 0.3403
