Location: Dedata_21.png_Gaussian-Closing.png
Component: component_1755511065771_279.png
centerX: 0.16572580645161292
centerY: 0.6959247648902821
width: 0.03185483870967742
height: 0.03134796238244514
Area: 0.0003353128820820195
CentroidX: 0.1802
CentroidY: 0.7157
