Location: Dedata_21.png_Gaussian-Closing.png
Component: component_1755511065782_324.png
centerX: 0.02379032258064516
centerY: 0.8036477628954118
width: 0.028225806451612902
height: 0.03818751781134226
Area: 0.0004147169950082277
CentroidX: 0.0379
CentroidY: 0.8273
