Location: Dedata_21.png_Gaussian-Closing.png
Component: component_1755511065717_212.png
centerX: 0.4963709677419355
centerY: 0.5172413793103449
width: 0.031451612903225803
height: 0.03163294385864919
Area: 0.00039253900109396115
CentroidX: 0.5117
CentroidY: 0.5364
