Location: Dedata_21.png_Mean-Medain.png
Component: component_1755511065244_336.png
centerX: 0.3883064516129032
centerY: 0.8389854659447136
width: 0.028629032258064516
height: 0.03619264747791394
Area: 0.0003592145542797783
CentroidX: 0.4024
CentroidY: 0.8617
