Location: Dedata_21.png_Mean-Closing.png
Component: component_1755511065520_152.png
centerX: 0.4584677419354839
centerY: 0.35708178968367055
width: 0.032661290322580645
height: 0.032487888287261325
Area: 0.0004451686446832569
CentroidX: 0.4743
CentroidY: 0.3773
