Location: Dedata_21.png_Otsu.png
Component: component_1755511065890_135.png
centerX: 0.3741935483870968
centerY: 0.10515816471929325
width: 0.025806451612903226
height: 0.0262182958107723
Area: 0.00028601568317414207
CentroidX: 0.3869
CentroidY: 0.1219
