Location: Dedata_21.png_Otsu.png
Component: component_1755511065894_146.png
centerX: 0.6504032258064516
centerY: 0.14192077514961526
width: 0.029838709677419355
height: 0.02963807352522086
Area: 0.0003392198861912685
CentroidX: 0.6649
CentroidY: 0.1606
