Location: Dedata_21.png_Mean-Closing.png
Component: component_1755511065536_205.png
centerX: 0.7475806451612903
centerY: 0.4895981761185523
width: 0.02620967741935484
height: 0.03818751781134226
Area: 0.0004435598782853308
CentroidX: 0.7614
CentroidY: 0.5125
