Location: Dedata_21.png_Otsu.png
Component: component_1755511066263_362.png
centerX: 0.8362903225806452
centerY: 0.7107438016528925
width: 0.029838709677419355
height: 0.03305785123966942
Area: 0.0003362321771665487
CentroidX: 0.8506
CentroidY: 0.7311
