Location: Dedata_21.png_Mean-Closing.png
Component: component_1755511065541_221.png
centerX: 0.02056451612903226
centerY: 0.5463094898831576
width: 0.027016129032258064
height: 0.0347677400968937
Area: 0.0004144871712370954
CentroidX: 0.0339
CentroidY: 0.5681
