Location: Dedata_21.png_Gaussian-Closing.png
Component: component_1755511065694_165.png
centerX: 0.06653225806451613
centerY: 0.3804502707324024
width: 0.0375
height: 0.03733257338273012
Area: 0.00047791853206960905
CentroidX: 0.0839
CentroidY: 0.4038
