Location: Dedata_21.png_Otsu.png
Component: component_1755511065900_163.png
centerX: 0.8116935483870967
centerY: 0.1761185522941009
width: 0.02661290322580645
height: 0.031917925334853235
Area: 0.00030003493321321213
CentroidX: 0.8253
CentroidY: 0.1965
