Location: Dedata_21.png_Mean-Medain.png
Component: component_1755511065227_259.png
centerX: 0.02379032258064516
centerY: 0.6500427472214306
width: 0.028225806451612902
height: 0.03134796238244514
Area: 0.00040046792119802536
CentroidX: 0.0371
CentroidY: 0.6696
