Location: Dedata_21.png_Mean-Closing.png
Component: component_1755511065452_35.png
centerX: 0.4165322580645161
centerY: 0.05699629524080935
width: 0.03387096774193549
height: 0.027358221715588486
Area: 0.00041965820608757203
CentroidX: 0.4334
CentroidY: 0.0726
