Location: Dedata_21.png_Mean-Closing.png
Component: component_1755511065568_336.png
centerX: 0.3403225806451613
centerY: 0.8483898546594472
width: 0.02903225806451613
height: 0.030493017953833
Area: 0.00033209534928616734
CentroidX: 0.3540
CentroidY: 0.8672
