Location: Dedata_21.png_Mean-Medain.png
Component: component_1755511065230_276.png
centerX: 0.26491935483870965
centerY: 0.6876603020803648
width: 0.028225806451612902
height: 0.03305785123966942
Area: 0.00035415843131486775
CentroidX: 0.2781
CentroidY: 0.7079
