Location: Dedata_21.png_Gaussian-Closing.png
Component: component_1755511065777_308.png
centerX: 0.8298387096774194
centerY: 0.7614705044172129
width: 0.02661290322580645
height: 0.027643203191792535
Area: 0.0002725709925629028
CentroidX: 0.8427
CentroidY: 0.7781
