Location: Dedata_21.png_Mean-Medain.png
Component: component_1755511065177_26.png
centerX: 0.8685483870967742
centerY: 0.05215161014534055
width: 0.03508064516129032
height: 0.0262182958107723
Area: 0.00034335671407164986
CentroidX: 0.8859
CentroidY: 0.0681
