Location: Dedata_21.png_Otsu.png
Component: component_1755511065955_234.png
centerX: 0.1721774193548387
centerY: 0.37275577087489314
width: 0.03064516129032258
height: 0.0353377030493018
Area: 0.0003684075051250701
CentroidX: 0.1875
CentroidY: 0.3955
