Location: Dedata_21.png_Otsu.png
Component: component_1755511066275_390.png
centerX: 0.5016129032258064
centerY: 0.7782844115132517
width: 0.025403225806451612
height: 0.030208036477628954
Area: 0.00029773669550188915
CentroidX: 0.5146
CentroidY: 0.7968
