Location: Dedata_21.png_Mean-Medain.png
Component: component_1755511065239_311.png
centerX: 0.597983870967742
centerY: 0.774009689370191
width: 0.027419354838709678
height: 0.029923055001424906
Area: 0.0003425523308726868
CentroidX: 0.6113
CentroidY: 0.7920
