Location: Dedata_21.png_Otsu.png
Component: component_1755511066272_381.png
centerX: 0.7939516129032258
centerY: 0.7609005414648048
width: 0.025
height: 0.029068110572812767
Area: 0.00023993601706211678
CentroidX: 0.8058
CentroidY: 0.7790
