Location: Dedata_21.png_Mean-Closing.png
Component: component_1755511065562_311.png
centerX: 0.5447580645161291
centerY: 0.7765745226560273
width: 0.02903225806451613
height: 0.031917925334853235
Area: 0.00036691365061271015
CentroidX: 0.5594
CentroidY: 0.7958
