Location: Dedata_21.png_Gaussian-Closing.png
Component: component_1755511065674_119.png
centerX: 0.22338709677419355
centerY: 0.2593331433456825
width: 0.03306451612903226
height: 0.03676261043032203
Area: 0.00039230917732282887
CentroidX: 0.2388
CentroidY: 0.2821
