Location: Dedata_27.png_Mean-Closing.png
Component: component_1755505443374_14.png
centerX: 0.38306451612903225
centerY: 0.01652892561983471
width: 0.0467741935483871
height: 0.025078369905956112
Area: 0.0006343136083251363
CentroidX: 0.4030
CentroidY: 0.0296
