Location: Dedata_27.png_Gaussian-Median.png
Component: component_1755505442769_217.png
centerX: 0.8209677419354838
centerY: 0.5850669706469079
width: 0.04959677419354839
height: 0.0219435736677116
Area: 0.00036806276946837167
CentroidX: 0.8437
CentroidY: 0.5964
