Location: Dedata_27.png_Gaussian-Closing.png
Component: component_1755505442929_65.png
centerX: 0.7580645161290323
centerY: 0.1786833855799373
width: 0.04959677419354839
height: 0.024223425477343973
Area: 0.00042011785362983665
CentroidX: 0.7820
CentroidY: 0.1910
