Location: internet_31.png_Mean-Closing.png
Component: component_1755077728248_75.png
centerX: 0.23256751309955664
centerY: 0.24721984602224123
width: 0.04836759371221282
height: 0.027944111776447105
Area: 0.0005445434345795655
CentroidX: 0.2584
CentroidY: 0.2605
