Location: Dedata_27.png_Gaussian-Closing.png
Component: component_1755505442936_85.png
centerX: 0.28911290322580646
centerY: 0.2268452550584212
width: 0.05
height: 0.02080364776289541
Area: 0.0004445940852554261
CentroidX: 0.3105
CentroidY: 0.2378
