Location: internet_31.png_Gaussian-Closing.png
Component: component_1755077728352_19.png
centerX: 0.5654977831519549
centerY: 0.06700883946392928
width: 0.051189036678758564
height: 0.025377815796977475
Area: 0.00047569972049911805
CentroidX: 0.5921
CentroidY: 0.0793
