Location: Dedata_27.png_Gaussian-Closing.png
Component: component_1755505443000_269.png
centerX: 0.4439516129032258
centerY: 0.7762895411798233
width: 0.05685483870967742
height: 0.023083499572527786
Area: 0.00041287840483916934
CentroidX: 0.4693
CentroidY: 0.7878
