Location: Dedata_27.png_Gaussian-Closing.png
Component: component_1755505442993_255.png
centerX: 0.5298387096774193
centerY: 0.725562838415503
width: 0.05403225806451613
height: 0.02536335138216016
Area: 0.0004354011344101343
CentroidX: 0.5544
CentroidY: 0.7385
