Location: Dedata_27.png_Mean-Closing.png
Component: component_1755505443478_281.png
centerX: 0.6088709677419355
centerY: 0.8056426332288401
width: 0.05887096774193548
height: 0.025648332858364205
Area: 0.00045711948078213624
CentroidX: 0.6347
CentroidY: 0.8191
