Location: internet_31.png_Gaussian-Closing.png
Component: component_1755077728514_217.png
centerX: 0.2845626763401854
centerY: 0.7504990019960079
width: 0.04312777106005643
height: 0.030795551753635585
Area: 0.0006446484011305999
CentroidX: 0.3059
CentroidY: 0.7645
