Location: Dedata_27.png_Mean-Medain.png
Component: component_1755505443215_226.png
centerX: 0.31733870967741934
centerY: 0.6195497292675977
width: 0.04798387096774193
height: 0.022798518096323737
Area: 0.0004183941753463444
CentroidX: 0.3412
CentroidY: 0.6312
