Location: Dedata_27.png_Mean-Closing.png
Component: component_1755505443375_18.png
centerX: 0.06733870967741935
centerY: 0.0481618694784839
width: 0.043548387096774194
height: 0.02365346252493588
Area: 0.0004711387308212063
CentroidX: 0.0877
CentroidY: 0.0605
