Location: Dedata_27.png_Gaussian-Median.png
Component: component_1755505442582_35.png
centerX: 0.3866935483870968
centerY: 0.08577942433741807
width: 0.039112903225806454
height: 0.028498147620404674
Area: 0.00047791853206960905
CentroidX: 0.4036
CentroidY: 0.1009
