Location: Dedata_27.png_Gaussian-Median.png
Component: component_1755505442580_28.png
centerX: 0.7221774193548387
centerY: 0.05443146195497293
width: 0.043548387096774194
height: 0.02963807352522086
Area: 0.0005229639912115389
CentroidX: 0.7410
CentroidY: 0.0708
