Location: Dedata_27.png_Gaussian-Median.png
Component: component_1755505442819_266.png
centerX: 0.31451612903225806
centerY: 0.7423767455115418
width: 0.05725806451612903
height: 0.022228555143915644
Area: 0.0004318388659575837
CentroidX: 0.3408
CentroidY: 0.7537
