Location: Dedata_27.png_Mean-Closing.png
Component: component_1755505443383_45.png
centerX: 0.5959677419354839
centerY: 0.09917355371900827
width: 0.04153225806451613
height: 0.023083499572527786
Area: 0.00044045725737504483
CentroidX: 0.6147
CentroidY: 0.1115
