Location: internet_31.png_Gaussian-Median.png
Component: component_1755077728003_80.png
centerX: 0.3966142684401451
centerY: 0.20045623039635016
width: 0.04877065699314793
height: 0.028514399771884802
Area: 0.0005409805712465206
CentroidX: 0.4221
CentroidY: 0.2139
