Location: Dedata_27.png_Gaussian-Closing.png
Component: component_1755505442931_70.png
centerX: 0.4254032258064516
centerY: 0.18324308919920204
width: 0.04233870967741935
height: 0.023083499572527786
Area: 0.0004216117081421966
CentroidX: 0.4445
CentroidY: 0.1951
