Location: Dedata_27.png_Mean-Closing.png
Component: component_1755505443400_100.png
centerX: 0.1596774193548387
centerY: 0.27244229125106867
width: 0.053629032258064514
height: 0.022228555143915644
Area: 0.0004982579358148172
CentroidX: 0.1840
CentroidY: 0.2840
