Location: Dedata_27.png_Mean-Medain.png
Component: component_1755505443201_201.png
centerX: 0.16532258064516128
centerY: 0.54858934169279
width: 0.04758064516129032
height: 0.022228555143915644
Area: 0.0004393081385193833
CentroidX: 0.1881
CentroidY: 0.5594
