Location: Dedata_27.png_Gaussian-Closing.png
Component: component_1755505442951_130.png
centerX: 0.8923387096774194
centerY: 0.35651182673126247
width: 0.0532258064516129
height: 0.022228555143915644
Area: 0.00044436426148429384
CentroidX: 0.9169
CentroidY: 0.3678
