Location: internet_31.png_Mean-Medain.png
Component: component_1755077728143_190.png
centerX: 0.14913341394598953
centerY: 0.5979469632164243
width: 0.05401047964530431
height: 0.0290846877673225
Area: 0.000704872284566584
CentroidX: 0.1792
CentroidY: 0.6116
