Location: internet_31.png_Mean-Medain.png
Component: component_1755077728152_227.png
centerX: 0.4921402660217654
centerY: 0.7473624180211007
width: 0.04554615074566707
height: 0.03136583974907328
Area: 0.0006769440332785227
CentroidX: 0.5160
CentroidY: 0.7612
