Location: internet_31.png_Gaussian-Median.png
Component: component_1755077727993_31.png
centerX: 0.1656590084643289
centerY: 0.06957513544339891
width: 0.062071745264006446
height: 0.02737382378100941
Area: 0.000564426510599461
CentroidX: 0.1964
CentroidY: 0.0835
