Location: Dedata_27.png_Gaussian-Closing.png
Component: component_1755505442919_26.png
centerX: 0.8568548387096774
centerY: 0.05329153605015674
width: 0.039112903225806454
height: 0.028498147620404674
Area: 0.0004540168598718503
CentroidX: 0.8753
CentroidY: 0.0685
