Location: internet_31.png_Gaussian-Closing.png
Component: component_1755077728503_169.png
centerX: 0.8508665860540104
centerY: 0.5782720273738238
width: 0.05199516324062878
height: 0.02765896777872826
Area: 0.0006686689958598379
CentroidX: 0.8769
CentroidY: 0.5914
