Location: internet_31.png_Gaussian-Closing.png
Component: component_1755077728520_243.png
centerX: 0.6162837565497783
centerY: 0.851725121186199
width: 0.04433696090286175
height: 0.030795551753635585
Area: 0.0006518890588719492
CentroidX: 0.6383
CentroidY: 0.8665
