Location: Dedata_27.png_Mean-Medain.png
Component: component_1755505443267_284.png
centerX: 0.6887096774193548
centerY: 0.8007979481333714
width: 0.05403225806451613
height: 0.023938444001139925
Area: 0.00045493615495637946
CentroidX: 0.7123
CentroidY: 0.8136
