Location: internet_31.png_Mean-Closing.png
Component: component_1755077728269_162.png
centerX: 0.916968964127368
centerY: 0.5765611633875107
width: 0.04514308746473196
height: 0.027088679783290562
Area: 0.0006839548288693529
CentroidX: 0.9386
CentroidY: 0.5897
