Location: internet_31.png_Gaussian-Median.png
Component: component_1755077728008_90.png
centerX: 0.23216444981862153
centerY: 0.24721984602224123
width: 0.04877065699314793
height: 0.027944111776447105
Area: 0.0005291426704947909
CentroidX: 0.2584
CentroidY: 0.2604
