Location: internet_31.png_Mean-Medain.png
Component: component_1755077728123_88.png
centerX: 0.7049576783555018
centerY: 0.27944111776447106
width: 0.049576783555018135
height: 0.02879954376960365
Area: 0.0005174197008183208
CentroidX: 0.7312
CentroidY: 0.2930
