Location: Dedata_27.png_Gaussian-Closing.png
Component: component_1755505442992_254.png
centerX: 0.603225806451613
centerY: 0.7227130236534626
width: 0.05443548387096774
height: 0.02080364776289541
Area: 0.0004156362900927569
CentroidX: 0.6278
CentroidY: 0.7334
