Location: Dedata_27.png_Mean-Closing.png
Component: component_1755505443472_266.png
centerX: 0.667741935483871
centerY: 0.756055856369336
width: 0.05604838709677419
height: 0.022513536620119692
Area: 0.00042609327167927635
CentroidX: 0.6923
CentroidY: 0.7680
