Location: internet_31.png_Mean-Closing.png
Component: component_1755077728232_11.png
centerX: 0.724707779121322
centerY: 0.017964071856287425
width: 0.051189036678758564
height: 0.028229255774165955
Area: 0.0005398312604939255
CentroidX: 0.7510
CentroidY: 0.0315
