Location: internet_31.png_Mean-Medain.png
Component: component_1755077728140_173.png
centerX: 0.22289399435711407
centerY: 0.546050755631594
width: 0.0475614671503426
height: 0.028229255774165955
Area: 0.0004638618197473884
CentroidX: 0.2481
CentroidY: 0.5593
