Location: Dedata_27.png_Mean-Medain.png
Component: component_1755505443230_243.png
centerX: 0.6713709677419355
centerY: 0.6697064690795098
width: 0.05120967741935484
height: 0.024793388429752067
Area: 0.0004385037553204203
CentroidX: 0.6942
CentroidY: 0.6824
