Location: internet_31.png_Gaussian-Closing.png
Component: component_1755077728389_63.png
centerX: 0.15679161628375654
centerY: 0.19846022241231823
width: 0.05038291011688835
height: 0.026803535785571715
Area: 0.0004659305791020596
CentroidX: 0.1841
CentroidY: 0.2119
