Location: internet_31.png_Mean-Closing.png
Component: component_1755077728249_80.png
centerX: 0.3954050785973398
centerY: 0.24921585400627316
width: 0.04796453043127771
height: 0.03022526375819789
Area: 0.000564426510599461
CentroidX: 0.4210
CentroidY: 0.2643
