Location: Dedata_27.png_Gaussian-Median.png
Component: component_1755505442576_18.png
centerX: 0.4544354838709677
centerY: 0.02080364776289541
width: 0.036290322580645164
height: 0.026503277286976348
Area: 0.0005183675157888931
CentroidX: 0.4725
CentroidY: 0.0343
