Location: Dedata_27.png_Gaussian-Closing.png
Component: component_1755505442957_153.png
centerX: 0.23508064516129032
centerY: 0.4226275292106013
width: 0.0467741935483871
height: 0.0219435736677116
Area: 0.00041218893352577244
CentroidX: 0.2583
CentroidY: 0.4333
