Location: Dedata_27.png_Gaussian-Median.png
Component: component_1755505442590_58.png
centerX: 0.5100806451612904
centerY: 0.13850099743516672
width: 0.04959677419354839
height: 0.02707324023938444
Area: 0.0004883755136561285
CentroidX: 0.5319
CentroidY: 0.1524
