Location: internet_31.png_Gaussian-Median.png
Component: component_1755077727994_39.png
centerX: 0.8399838774687626
centerY: 0.10493299116053607
width: 0.0471584038694075
height: 0.02566295979469632
Area: 0.00043237070512628224
CentroidX: 0.8653
CentroidY: 0.1174
