Location: Dedata_27.png_Mean-Medain.png
Component: component_1755505443251_269.png
centerX: 0.1032258064516129
centerY: 0.7509261897976631
width: 0.05604838709677419
height: 0.02365346252493588
Area: 0.00043160904218645144
CentroidX: 0.1275
CentroidY: 0.7628
