Location: Dedata_27.png_Mean-Closing.png
Component: component_1755505443397_93.png
centerX: 0.7794354838709677
centerY: 0.24736392134511256
width: 0.06693548387096775
height: 0.0219435736677116
Area: 0.00047102381893564016
CentroidX: 0.8070
CentroidY: 0.2598
