Location: internet_31.png_Gaussian-Median.png
Component: component_1755077728032_234.png
centerX: 0.07779121322047561
centerY: 0.5993726832050186
width: 0.05239822652156389
height: 0.026518391787852865
Area: 0.0006332702246799084
CentroidX: 0.1068
CentroidY: 0.6120
