Location: Dedata_27.png_Gaussian-Median.png
Component: component_1755505442804_250.png
centerX: 0.5375
centerY: 0.6816756910800797
width: 0.049193548387096775
height: 0.022513536620119692
Area: 0.0003857591998455584
CentroidX: 0.5614
CentroidY: 0.6937
