Location: Dedata_27.png_Mean-Closing.png
Component: component_1755505443396_90.png
centerX: 0.9370967741935484
centerY: 0.24593901396409235
width: 0.0467741935483871
height: 0.021373610715303505
Area: 0.00040575386793406817
CentroidX: 0.9586
CentroidY: 0.2582
