Location: Dedata_27.png_Mean-Medain.png
Component: component_1755505443232_246.png
centerX: 0.6060483870967742
centerY: 0.6762610430322029
width: 0.04717741935483871
height: 0.02336848104873183
Area: 0.00042494415282361484
CentroidX: 0.6278
CentroidY: 0.6885
