Location: internet_31.png_Mean-Medain.png
Component: component_1755077728137_152.png
centerX: 0.4498186215235792
centerY: 0.4895922440832621
width: 0.049979846835953246
height: 0.028514399771884802
Area: 0.00045754061060811527
CentroidX: 0.4763
CentroidY: 0.5019
