Location: internet_31.png_Gaussian-Median.png
Component: component_1755077728042_283.png
centerX: 0.8222490931076178
centerY: 0.7821499857428001
width: 0.04353083434099154
height: 0.031080695751354435
Area: 0.0006005148682309475
CentroidX: 0.8427
CentroidY: 0.7968
