Location: Dedata_27.png_Gaussian-Closing.png
Component: component_1755505442949_126.png
centerX: 0.22701612903225807
centerY: 0.3431176973496723
width: 0.04959677419354839
height: 0.02080364776289541
Area: 0.00042436959339578413
CentroidX: 0.2495
CentroidY: 0.3543
