Location: Dedata_27.png_Mean-Closing.png
Component: component_1755505443410_124.png
centerX: 0.36935483870967745
centerY: 0.34169278996865204
width: 0.04596774193548387
height: 0.021658592191507554
Area: 0.00044241075942966934
CentroidX: 0.3905
CentroidY: 0.3529
