Location: internet_31.png_Gaussian-Closing.png
Component: component_1755077728505_177.png
centerX: 0.22249093107617895
centerY: 0.5979469632164243
width: 0.049979846835953246
height: 0.02879954376960365
Area: 0.0006466022294100116
CentroidX: 0.2486
CentroidY: 0.6115
