Location: Dedata_27.png_Gaussian-Median.png
Component: component_1755505442828_282.png
centerX: 0.2314516129032258
centerY: 0.7896836705614135
width: 0.04838709677419355
height: 0.02336848104873183
Area: 0.0004209222368287997
CentroidX: 0.2534
CentroidY: 0.8023
