Location: internet_31.png_Mean-Closing.png
Component: component_1755077728237_27.png
centerX: 0.7654171704957679
centerY: 0.10436270316509838
width: 0.05038291011688835
height: 0.025092671799258625
Area: 0.0004830553093157268
CentroidX: 0.7933
CentroidY: 0.1160
