Location: Dedata_27.png_Gaussian-Median.png
Component: component_1755505442832_286.png
centerX: 0.027016129032258064
centerY: 0.7999430037047592
width: 0.04717741935483871
height: 0.02336848104873183
Area: 0.0004123038454113386
CentroidX: 0.0490
CentroidY: 0.8121
