Location: internet_31.png_Mean-Medain.png
Component: component_1755077728132_129.png
centerX: 0.9153567110036276
centerY: 0.4074707727402338
width: 0.04796453043127771
height: 0.026803535785571715
Area: 0.00048558379297143606
CentroidX: 0.9411
CentroidY: 0.4205
