Location: Dedata_27.png_Gaussian-Median.png
Component: component_1755505442773_225.png
centerX: 0.45161290322580644
centerY: 0.6090054146480479
width: 0.05604838709677419
height: 0.022228555143915644
Area: 0.0004101205195855818
CentroidX: 0.4789
CentroidY: 0.6207
