Location: Dedata_27.png_Gaussian-Median.png
Component: component_1755505442580_27.png
centerX: 0.8564516129032258
centerY: 0.05329153605015674
width: 0.039919354838709675
height: 0.028498147620404674
Area: 0.0004543615955285487
CentroidX: 0.8753
CentroidY: 0.0685
