Location: internet_31.png_Mean-Medain.png
Component: component_1755077728121_77.png
centerX: 0.3115679161628376
centerY: 0.2446535500427716
width: 0.04877065699314793
height: 0.030795551753635585
Area: 0.0005659206145778346
CentroidX: 0.3386
CentroidY: 0.2602
