Location: Dedata_27.png_Gaussian-Median.png
Component: component_1755505442586_46.png
centerX: 0.45564516129032256
centerY: 0.09888857224280422
width: 0.04596774193548387
height: 0.023083499572527786
Area: 0.00043953796229051565
CentroidX: 0.4758
CentroidY: 0.1107
