Location: internet_31.png_Gaussian-Closing.png
Component: component_1755077728394_79.png
centerX: 0.15558242644095122
centerY: 0.24779013401767894
width: 0.04796453043127771
height: 0.028229255774165955
Area: 0.0005121328713563832
CentroidX: 0.1803
CentroidY: 0.2609
