Location: Dedata_27.png_Mean-Closing.png
Component: component_1755505443392_76.png
centerX: 0.08346774193548387
centerY: 0.19008264462809918
width: 0.04233870967741935
height: 0.022798518096323737
Area: 0.0004548212430708133
CentroidX: 0.1035
CentroidY: 0.2012
