Location: Dedata_27.png_Gaussian-Closing.png
Component: component_1755505442991_250.png
centerX: 0.7564516129032258
centerY: 0.707324023938444
width: 0.05
height: 0.024223425477343973
Area: 0.000389321468298109
CentroidX: 0.7786
CentroidY: 0.7199
