Location: Dedata_27.png_Gaussian-Median.png
Component: component_1755505442770_218.png
centerX: 0.16733870967741934
centerY: 0.5882017668851525
width: 0.044758064516129036
height: 0.0219435736677116
Area: 0.00038702323058678606
CentroidX: 0.1891
CentroidY: 0.5994
