Location: Dedata_27.png_Gaussian-Closing.png
Component: component_1755505442969_192.png
centerX: 0.3721774193548387
centerY: 0.5354801937874039
width: 0.05
height: 0.0219435736677116
Area: 0.0004081670175309573
CentroidX: 0.3976
CentroidY: 0.5465
