Location: Dedata_27.png_Mean-Closing.png
Component: component_1755505443388_65.png
centerX: 0.6266129032258064
centerY: 0.1792533485323454
width: 0.043548387096774194
height: 0.022513536620119692
Area: 0.00045711948078213624
CentroidX: 0.6464
CentroidY: 0.1911
