Location: internet_31.png_Mean-Medain.png
Component: component_1755077728142_185.png
centerX: 0.5900846432889963
centerY: 0.5865412033076703
width: 0.04675534058847239
height: 0.029940119760479042
Area: 0.0006680943404835403
CentroidX: 0.6118
CentroidY: 0.6011
