Location: Dedata_27.png_Mean-Medain.png
Component: component_1755505443127_68.png
centerX: 0.4907258064516129
centerY: 0.18096323738956968
width: 0.04395161290322581
height: 0.024793388429752067
Area: 0.00046573787219959735
CentroidX: 0.5112
CentroidY: 0.1940
