Location: internet_31.png_Mean-Medain.png
Component: component_1755077728132_128.png
centerX: 0.016928657799274487
centerY: 0.4026233247790134
width: 0.039500201531640466
height: 0.021670943826632448
Area: 0.0003880073100761108
CentroidX: 0.0353
CentroidY: 0.4128
