Location: Dedata_27.png_Gaussian-Median.png
Component: component_1755505442592_67.png
centerX: 0.8274193548387097
centerY: 0.17811342262752922
width: 0.053629032258064514
height: 0.0219435736677116
Area: 0.0004245994171669164
CentroidX: 0.8516
CentroidY: 0.1893
