Location: internet_31.png_Mean-Closing.png
Component: component_1755077728282_213.png
centerX: 0.35268037081821846
centerY: 0.7507841459937268
width: 0.04433696090286175
height: 0.026803535785571715
Area: 0.0006064912841444422
CentroidX: 0.3743
CentroidY: 0.7631
