Location: Dedata_27.png_Mean-Medain.png
Component: component_1755505443244_261.png
centerX: 0.45483870967741935
centerY: 0.731832430891992
width: 0.05524193548387097
height: 0.022228555143915644
Area: 0.00044804144182241057
CentroidX: 0.4795
CentroidY: 0.7435
