Location: internet_31.png_Gaussian-Closing.png
Component: component_1755077728386_58.png
centerX: 0.8476420798065296
centerY: 0.19076133447390933
width: 0.046352277307537285
height: 0.031080695751354435
Area: 0.0005114432849048262
CentroidX: 0.8728
CentroidY: 0.2049
