Location: Dedata_27.png_Gaussian-Median.png
Component: component_1755505442812_257.png
centerX: 0.16774193548387098
centerY: 0.707609005414648
width: 0.055645161290322584
height: 0.02108862923909946
Area: 0.00040380036587944366
CentroidX: 0.1922
CentroidY: 0.7186
