Location: internet_31.png_Gaussian-Median.png
Component: component_1755077728000_65.png
centerX: 0.2422410318419992
centerY: 0.15597376675220986
width: 0.05723498589278517
height: 0.025092671799258625
Area: 0.0005014442813572487
CentroidX: 0.2734
CentroidY: 0.1682
