Location: Dedata_27.png_Gaussian-Closing.png
Component: component_1755505442979_222.png
centerX: 0.24758064516129033
centerY: 0.6246793958392705
width: 0.05040322580645161
height: 0.021373610715303505
Area: 0.000382311843278574
CentroidX: 0.2705
CentroidY: 0.6358
