Location: Dedata_27.png_Gaussian-Median.png
Component: component_1755505442619_99.png
centerX: 0.5495967741935484
centerY: 0.2573382730122542
width: 0.05806451612903226
height: 0.02365346252493588
Area: 0.0004960746099890603
CentroidX: 0.5757
CentroidY: 0.2694
