Location: Dedata_27.png_Gaussian-Median.png
Component: component_1755505442835_294.png
centerX: 0.30201612903225805
centerY: 0.8307210031347962
width: 0.059274193548387095
height: 0.022798518096323737
Area: 0.00044631776353891835
CentroidX: 0.3280
CentroidY: 0.8428
