Location: Dedata_27.png_Mean-Closing.png
Component: component_1755505443433_186.png
centerX: 0.785483870967742
centerY: 0.5138216015958963
width: 0.046370967741935484
height: 0.022798518096323737
Area: 0.00041655558517728606
CentroidX: 0.8085
CentroidY: 0.5256
