Location: Dedata_27.png_Mean-Medain.png
Component: component_1755505443102_17.png
centerX: 0.19435483870967743
centerY: 0.047021943573667714
width: 0.0407258064516129
height: 0.02536335138216016
Area: 0.0004619457799759145
CentroidX: 0.2131
CentroidY: 0.0606
