Location: internet_31.png_Gaussian-Closing.png
Component: component_1755077728503_168.png
centerX: 0.7896009673518742
centerY: 0.5785571713715426
width: 0.0475614671503426
height: 0.031080695751354435
Area: 0.0006936090391911518
CentroidX: 0.8130
CentroidY: 0.5936
