Location: Dedata_27.png_Gaussian-Median.png
Component: component_1755505442762_199.png
centerX: 0.31048387096774194
centerY: 0.5408948418352807
width: 0.049193548387096775
height: 0.023083499572527786
Area: 0.00039518197446198255
CentroidX: 0.3319
CentroidY: 0.5524
