Location: Dedata_27.png_Mean-Closing.png
Component: component_1755505443407_117.png
centerX: 0.8629032258064516
centerY: 0.3140495867768595
width: 0.05443548387096774
height: 0.023938444001139925
Area: 0.0004937763722777374
CentroidX: 0.8874
CentroidY: 0.3269
