Location: Dedata_27.png_Mean-Closing.png
Component: component_1755505443390_70.png
centerX: 0.4254032258064516
centerY: 0.18324308919920204
width: 0.04233870967741935
height: 0.023083499572527786
Area: 0.00045620018569760706
CentroidX: 0.4444
CentroidY: 0.1950
