Location: Dedata_27.png_Gaussian-Closing.png
Component: component_1755505442919_25.png
centerX: 0.3189516129032258
centerY: 0.053006554573952695
width: 0.04233870967741935
height: 0.024508406953548018
Area: 0.0004974535526158541
CentroidX: 0.3385
CentroidY: 0.0653
