Location: internet_31.png_Gaussian-Closing.png
Component: component_1755077728484_121.png
centerX: 0.016928657799274487
centerY: 0.40290846877673225
width: 0.03909713825070536
height: 0.021100655831194755
Area: 0.00034640226083216765
CentroidX: 0.0350
CentroidY: 0.4128
