Location: Dedata_27.png_Gaussian-Median.png
Component: component_1755505442806_251.png
centerX: 0.4653225806451613
centerY: 0.6873753206041607
width: 0.055645161290322584
height: 0.02365346252493588
Area: 0.0004399976098327802
CentroidX: 0.4894
CentroidY: 0.7003
