Location: internet_31.png_Mean-Closing.png
Component: component_1755077728245_63.png
centerX: 0.08182184602982669
centerY: 0.1990305104077559
width: 0.051189036678758564
height: 0.02594810379241517
Area: 0.00047696396232697273
CentroidX: 0.1091
CentroidY: 0.2115
