Location: Dedata_27.png_Gaussian-Closing.png
Component: component_1755505442953_138.png
centerX: 0.3866935483870968
centerY: 0.3756055856369336
width: 0.046370967741935484
height: 0.022798518096323737
Area: 0.0004341371036689067
CentroidX: 0.4094
CentroidY: 0.3879
