Location: internet_31.png_Gaussian-Median.png
Component: component_1755077728046_297.png
centerX: 0.7988714228133817
centerY: 0.8408896492728828
width: 0.041515517936316
height: 0.03421727972626176
Area: 0.0005908606579091486
CentroidX: 0.8200
CentroidY: 0.8580
