Location: Dedata_27.png_Gaussian-Closing.png
Component: component_1755505442923_38.png
centerX: 0.13346774193548386
centerY: 0.09176403533770305
width: 0.04233870967741935
height: 0.025933314334568254
Area: 0.0004334476323555098
CentroidX: 0.1516
CentroidY: 0.1055
