Location: Dedata_27.png_Gaussian-Median.png
Component: component_1755505442643_122.png
centerX: 0.8629032258064516
centerY: 0.3137646053006555
width: 0.05443548387096774
height: 0.024223425477343973
Area: 0.0004695299644232802
CentroidX: 0.8874
CentroidY: 0.3268
