Location: Dedata_27.png_Mean-Medain.png
Component: component_1755505443120_49.png
centerX: 0.8278225806451613
centerY: 0.1365061271017384
width: 0.049193548387096775
height: 0.023083499572527786
Area: 0.00045815368775223156
CentroidX: 0.8499
CentroidY: 0.1488
