Location: internet_31.png_Mean-Medain.png
Component: component_1755077728108_13.png
centerX: 0.879484079000403
centerY: 0.01853435985172512
width: 0.05239822652156389
height: 0.02566295979469632
Area: 0.0005584500946859664
CentroidX: 0.9075
CentroidY: 0.0314
