Location: internet_31.png_Mean-Closing.png
Component: component_1755077728280_203.png
centerX: 0.08948004836759371
centerY: 0.7037353863701169
width: 0.045949214026602174
height: 0.03022526375819789
Area: 0.0006891267272560309
CentroidX: 0.1118
CentroidY: 0.7184
