Location: Dedata_27.png_Mean-Medain.png
Component: component_1755505443184_176.png
centerX: 0.09798387096774193
centerY: 0.47477913935594185
width: 0.05685483870967742
height: 0.02108862923909946
Area: 0.0004195432942020059
CentroidX: 0.1237
CentroidY: 0.4850
