Location: internet_31.png_Mean-Medain.png
Component: component_1755077728135_146.png
centerX: 0.8097541313986296
centerY: 0.47105788423153694
width: 0.04433696090286175
height: 0.026803535785571715
Area: 0.00046730975200517374
CentroidX: 0.8334
CentroidY: 0.4848
