Location: internet_31.png_Gaussian-Closing.png
Component: component_1755077728357_37.png
centerX: 0.15840386940749698
centerY: 0.11092101511263187
width: 0.05562273276904474
height: 0.023952095808383235
Area: 0.0004589197835112294
CentroidX: 0.1865
CentroidY: 0.1229
