Location: internet_31.png_Mean-Closing.png
Component: component_1755077728279_198.png
centerX: 0.018137847642079808
centerY: 0.7000285143997719
width: 0.04312777106005643
height: 0.03307670373538637
Area: 0.0006983212132767919
CentroidX: 0.0380
CentroidY: 0.7170
