Location: internet_31.png_Gaussian-Median.png
Component: component_1755077728017_145.png
centerX: 0.3905683192261185
centerY: 0.3849443969204448
width: 0.04191858121725111
height: 0.029940119760479042
Area: 0.00046558578587628107
CentroidX: 0.4139
CentroidY: 0.3993
