Location: Dedata_27.png_Mean-Medain.png
Component: component_1755505443139_94.png
centerX: 0.6274193548387097
centerY: 0.2553434026788259
width: 0.056451612903225805
height: 0.019663721858079224
Area: 0.0003342786751119242
CentroidX: 0.6501
CentroidY: 0.2655
