Location: Dedata_27.png_Mean-Medain.png
Component: component_1755505443239_255.png
centerX: 0.7564516129032258
centerY: 0.707324023938444
width: 0.05
height: 0.024223425477343973
Area: 0.0004311493946441868
CentroidX: 0.7784
CentroidY: 0.7200
