Location: internet_31.png_Gaussian-Median.png
Component: component_1755077728041_275.png
centerX: 0.2845626763401854
centerY: 0.7502138579982891
width: 0.04312777106005643
height: 0.031080695751354435
Area: 0.0006449931943563785
CentroidX: 0.3060
CentroidY: 0.7645
