Location: Dedata_27.png_Mean-Closing.png
Component: component_1755505443455_229.png
centerX: 0.028629032258064516
centerY: 0.6372185807922485
width: 0.046370967741935484
height: 0.02108862923909946
Area: 0.00042333538642568875
CentroidX: 0.0508
CentroidY: 0.6475
