Location: internet_31.png_Gaussian-Median.png
Component: component_1755077728020_168.png
centerX: 0.3792825473599355
centerY: 0.43313373253493015
width: 0.04353083434099154
height: 0.027944111776447105
Area: 0.0004629423711453123
CentroidX: 0.4020
CentroidY: 0.4470
