Location: Dedata_27.png_Gaussian-Median.png
Component: component_1755505442595_80.png
centerX: 0.8181451612903226
centerY: 0.2140210886292391
width: 0.059274193548387095
height: 0.022798518096323737
Area: 0.0004998667022127433
CentroidX: 0.8448
CentroidY: 0.2260
