Location: internet_31.png_Gaussian-Closing.png
Component: component_1755077728411_93.png
centerX: 0.14550584441757355
centerY: 0.29369831765041343
width: 0.049576783555018135
height: 0.02623324779013402
Area: 0.0004996053841530965
CentroidX: 0.1729
CentroidY: 0.3069
