Location: internet_31.png_Gaussian-Closing.png
Component: component_1755077728351_17.png
centerX: 0.720677146311971
centerY: 0.06615340747077274
width: 0.053204353083434096
height: 0.025377815796977475
Area: 0.0004789177906063844
CentroidX: 0.7469
CentroidY: 0.0776
