Location: internet_31.png_Gaussian-Median.png
Component: component_1755077728028_209.png
centerX: 0.29705763804917373
centerY: 0.5463358996293128
width: 0.03909713825070536
height: 0.027944111776447105
Area: 0.0003975465893226503
CentroidX: 0.3167
CentroidY: 0.5599
