Location: internet_31.png_Gaussian-Median.png
Component: component_1755077728008_91.png
centerX: 0.07416364369205965
centerY: 0.24750499001996007
width: 0.04836759371221282
height: 0.027944111776447105
Area: 0.0005247752896349294
CentroidX: 0.1007
CentroidY: 0.2608
