Location: Dedata_27.png_Gaussian-Median.png
Component: component_1755505442583_37.png
centerX: 0.3161290322580645
centerY: 0.0877742946708464
width: 0.04516129032258064
height: 0.025648332858364205
Area: 0.00043689498892249425
CentroidX: 0.3361
CentroidY: 0.1010
