Location: Dedata_27.png_Mean-Medain.png
Component: component_1755505443150_117.png
centerX: 0.9350806451612903
centerY: 0.310914790538615
width: 0.05
height: 0.0219435736677116
Area: 0.0004425256713152355
CentroidX: 0.9578
CentroidY: 0.3223
