Location: internet_31.png_Gaussian-Median.png
Component: component_1755077728043_286.png
centerX: 0.6420798065296252
centerY: 0.7909894496720844
width: 0.042724707779121324
height: 0.03022526375819789
Area: 0.0006162604255415007
CentroidX: 0.6631
CentroidY: 0.8058
