Location: Dedata_27.png_Gaussian-Median.png
Component: component_1755505442744_174.png
centerX: 0.2407258064516129
centerY: 0.46480478768880024
width: 0.04717741935483871
height: 0.02080364776289541
Area: 0.0003599040255931752
CentroidX: 0.2649
CentroidY: 0.4760
