Location: Dedata_27.png_Mean-Closing.png
Component: component_1755505443414_136.png
centerX: 0.46088709677419354
centerY: 0.37275577087489314
width: 0.05161290322580645
height: 0.02336848104873183
Area: 0.00048044659355206426
CentroidX: 0.4849
CentroidY: 0.3845
