Location: Dedata_27.png_Mean-Medain.png
Component: component_1755505443139_92.png
centerX: 0.6975806451612904
centerY: 0.24736392134511256
width: 0.06653225806451613
height: 0.025078369905956112
Area: 0.0005830629073626343
CentroidX: 0.7258
CentroidY: 0.2621
