Location: Dedata_27.png_Mean-Medain.png
Component: component_1755505443123_55.png
centerX: 0.5100806451612904
centerY: 0.13850099743516672
width: 0.04959677419354839
height: 0.02707324023938444
Area: 0.0005190569871022899
CentroidX: 0.5320
CentroidY: 0.1523
