Location: Dedata_27.png_Mean-Medain.png
Component: component_1755505443168_153.png
centerX: 0.5181451612903226
centerY: 0.408663436876603
width: 0.04395161290322581
height: 0.021658592191507554
Area: 0.0004140275236948308
CentroidX: 0.5395
CentroidY: 0.4194
