Location: Dedata_27.png_Mean-Medain.png
Component: component_1755505443110_29.png
centerX: 0.584274193548387
centerY: 0.060131091479053864
width: 0.03790322580645161
height: 0.027643203191792535
Area: 0.0005436481306134456
CentroidX: 0.6011
CentroidY: 0.0745
