Location: internet_31.png_Mean-Closing.png
Component: component_1755077728249_79.png
centerX: 0.007658202337767029
centerY: 0.24921585400627316
width: 0.042724707779121324
height: 0.02480752780153978
Area: 0.0004931692439385638
CentroidX: 0.0299
CentroidY: 0.2615
