Location: Dedata_27.png_Mean-Closing.png
Component: component_1755505443382_41.png
centerX: 0.8806451612903226
centerY: 0.09660872043317184
width: 0.04798387096774193
height: 0.025078369905956112
Area: 0.0005105535075703951
CentroidX: 0.9020
CentroidY: 0.1099
