Location: internet_31.png_Mean-Medain.png
Component: component_1755077728156_244.png
centerX: 0.29907295445384924
centerY: 0.7952666096378671
width: 0.0475614671503426
height: 0.03279155973766752
Area: 0.0006928045216643353
CentroidX: 0.3222
CentroidY: 0.8111
