Location: internet_31.png_Gaussian-Closing.png
Component: component_1755077728495_137.png
centerX: 0.8758565094719871
centerY: 0.46763615625891075
width: 0.04232164449818621
height: 0.026518391787852865
Area: 0.0004026035566340688
CentroidX: 0.8979
CentroidY: 0.4804
