Location: internet_31.png_Gaussian-Median.png
Component: component_1755077728038_263.png
centerX: 0.29705763804917373
centerY: 0.7005988023952096
width: 0.05038291011688835
height: 0.0290846877673225
Area: 0.0006525786453235062
CentroidX: 0.3215
CentroidY: 0.7148
