Location: Dedata_27.png_Mean-Closing.png
Component: component_1755505443406_115.png
centerX: 0.16491935483870968
centerY: 0.310914790538615
width: 0.05766129032258065
height: 0.017098888572242805
Area: 0.0004363204294946635
CentroidX: 0.1892
CentroidY: 0.3202
