Location: internet_31.png_Mean-Medain.png
Component: component_1755077728124_93.png
centerX: 0.30995566303909716
centerY: 0.2917023096663815
width: 0.05038291011688835
height: 0.026518391787852865
Area: 0.0005261544625380436
CentroidX: 0.3375
CentroidY: 0.3041
