Location: Dedata_27.png_Gaussian-Median.png
Component: component_1755505442822_273.png
centerX: 0.667741935483871
centerY: 0.755770874893132
width: 0.05604838709677419
height: 0.022798518096323737
Area: 0.0003920793535516966
CentroidX: 0.6923
CentroidY: 0.7679
