Location: internet_31.png_Mean-Closing.png
Component: component_1755077728285_227.png
centerX: 0.365981459089077
centerY: 0.795551753635586
width: 0.046352277307537285
height: 0.03279155973766752
Area: 0.0006957927296210826
CentroidX: 0.3889
CentroidY: 0.8111
