Location: internet_31.png_Mean-Closing.png
Component: component_1755077728267_152.png
centerX: 0.6356307940346635
centerY: 0.5335044197319646
width: 0.04836759371221282
height: 0.029654975762760195
Area: 0.0006315462585510156
CentroidX: 0.6615
CentroidY: 0.5477
