Location: Dedata_27.png_Mean-Medain.png
Component: component_1755505443180_172.png
centerX: 0.2407258064516129
centerY: 0.46480478768880024
width: 0.04758064516129032
height: 0.02080364776289541
Area: 0.00038506972853216155
CentroidX: 0.2649
CentroidY: 0.4760
