Location: internet_31.png_Gaussian-Median.png
Component: component_1755077728042_282.png
centerX: 0.8823055219669488
centerY: 0.7801539777587682
width: 0.04554615074566707
height: 0.033361847733105215
Area: 0.000615455908014684
CentroidX: 0.9034
CentroidY: 0.7957
