Location: internet_31.png_Mean-Closing.png
Component: component_1755077728265_143.png
centerX: 0.3006852075775897
centerY: 0.49016253207869975
width: 0.045949214026602174
height: 0.0290846877673225
Area: 0.00047052782211244007
CentroidX: 0.3254
CentroidY: 0.5039
