Location: Dedata_27.png_Mean-Medain.png
Component: component_1755505443144_108.png
centerX: 0.6068548387096774
centerY: 0.29353092049016816
width: 0.045564516129032256
height: 0.022228555143915644
Area: 0.0004239099458535195
CentroidX: 0.6276
CentroidY: 0.3052
