Location: internet_31.png_Mean-Medain.png
Component: component_1755077728144_195.png
centerX: 0.9343006852075776
centerY: 0.6324493869404049
width: 0.0471584038694075
height: 0.03136583974907328
Area: 0.000725330015962777
CentroidX: 0.9562
CentroidY: 0.6484
