Location: internet_31.png_Gaussian-Closing.png
Component: component_1755077728419_96.png
centerX: 0.8319226118500604
centerY: 0.3176504134587967
width: 0.04796453043127771
height: 0.030795551753635585
Area: 0.000430072083621092
CentroidX: 0.8584
CentroidY: 0.3326
