Location: Dedata_27.png_Mean-Closing.png
Component: component_1755505443422_159.png
centerX: 0.7967741935483871
centerY: 0.4334568253063551
width: 0.04879032258064516
height: 0.020518666286691366
Area: 0.00040138721628255454
CentroidX: 0.8202
CentroidY: 0.4443
