Location: internet_31.png_Mean-Closing.png
Component: component_1755077728244_59.png
centerX: 0.7077791213220476
centerY: 0.19332763045337895
width: 0.049979846835953246
height: 0.031080695751354435
Area: 0.0005714373061902912
CentroidX: 0.7349
CentroidY: 0.2071
