Location: internet_31.png_Gaussian-Closing.png
Component: component_1755077728518_232.png
centerX: 0.365981459089077
centerY: 0.795551753635586
width: 0.045949214026602174
height: 0.03279155973766752
Area: 0.0006761395157517061
CentroidX: 0.3889
CentroidY: 0.8111
