Location: Dedata_27.png_Gaussian-Median.png
Component: component_1755505442585_42.png
centerX: 0.7342741935483871
centerY: 0.09660872043317184
width: 0.05524193548387097
height: 0.027358221715588486
Area: 0.0004983728477003834
CentroidX: 0.7585
CentroidY: 0.1110
