Location: Dedata_27.png_Gaussian-Median.png
Component: component_1755505442756_187.png
centerX: 0.2536290322580645
centerY: 0.5041322314049587
width: 0.05120967741935484
height: 0.02365346252493588
Area: 0.00045056950330486583
CentroidX: 0.2771
CentroidY: 0.5158
