Location: Dedata_27.png_Gaussian-Median.png
Component: component_1755505442646_124.png
centerX: 0.7217741935483871
centerY: 0.3240239384440011
width: 0.04959677419354839
height: 0.024793388429752067
Area: 0.0004507993270759981
CentroidX: 0.7454
CentroidY: 0.3366
