Location: Dedata_27.png_Mean-Medain.png
Component: component_1755505443269_286.png
centerX: 0.5294354838709677
centerY: 0.8124821886577372
width: 0.05806451612903226
height: 0.025078369905956112
Area: 0.0004481563537079767
CentroidX: 0.5543
CentroidY: 0.8259
