Location: internet_31.png_Mean-Medain.png
Component: component_1755077728138_158.png
centerX: 0.15074566706972994
centerY: 0.49700598802395207
width: 0.04554615074566707
height: 0.029369831765041345
Area: 0.0005030533164108818
CentroidX: 0.1758
CentroidY: 0.5112
