Location: Dedata_27.png_Gaussian-Median.png
Component: component_1755505442593_72.png
centerX: 0.5576612903225806
centerY: 0.18067825591336564
width: 0.04395161290322581
height: 0.023938444001139925
Area: 0.0004177047040329475
CentroidX: 0.5773
CentroidY: 0.1924
