Location: Dedata_27.png_Mean-Closing.png
Component: component_1755505443476_277.png
centerX: 0.7612903225806451
centerY: 0.7933884297520661
width: 0.053629032258064514
height: 0.025648332858364205
Area: 0.00044470899714099227
CentroidX: 0.7862
CentroidY: 0.8072
