Location: Dedata_27.png_Gaussian-Median.png
Component: component_1755505442595_78.png
centerX: 0.1439516129032258
centerY: 0.18751781134226275
width: 0.046370967741935484
height: 0.023083499572527786
Area: 0.00042896606881843004
CentroidX: 0.1655
CentroidY: 0.1983
