Location: Dedata_27.png_Mean-Medain.png
Component: component_1755505443219_233.png
centerX: 0.028629032258064516
centerY: 0.6369335993160444
width: 0.0467741935483871
height: 0.021373610715303505
Area: 0.0004231055626545565
CentroidX: 0.0508
CentroidY: 0.6474
