Location: Dedata_27.png_Gaussian-Closing.png
Component: component_1755505442940_98.png
centerX: 0.30524193548387096
centerY: 0.2675976061555999
width: 0.06814516129032258
height: 0.0219435736677116
Area: 0.0005351446510815506
CentroidX: 0.3338
CentroidY: 0.2792
