Location: internet_31.png_Mean-Medain.png
Component: component_1755077728109_20.png
centerX: 0.5650947198710198
centerY: 0.06700883946392928
width: 0.05199516324062878
height: 0.02594810379241517
Area: 0.0005067311108191861
CentroidX: 0.5921
CentroidY: 0.0792
