Location: internet_31.png_Mean-Closing.png
Component: component_1755077728257_112.png
centerX: 0.5405078597339782
centerY: 0.3800969489592244
width: 0.05038291011688835
height: 0.030795551753635585
Area: 0.0005324756716773168
CentroidX: 0.5676
CentroidY: 0.3939
