Location: internet_31.png_Gaussian-Closing.png
Component: component_1755077728520_241.png
centerX: 0.7363966142684402
centerY: 0.8477331052181352
width: 0.044740024183796856
height: 0.029940119760479042
Area: 0.0006195934267240264
CentroidX: 0.7582
CentroidY: 0.8619
