Location: Dedata_27.png_Gaussian-Closing.png
Component: component_1755505442992_253.png
centerX: 0.6733870967741935
centerY: 0.7150185237959532
width: 0.059274193548387095
height: 0.025078369905956112
Area: 0.0004426405832008016
CentroidX: 0.7000
CentroidY: 0.7274
