Location: Dedata_27.png_Gaussian-Median.png
Component: component_1755505442576_16.png
centerX: 0.5125
centerY: 0.017098888572242805
width: 0.049193548387096775
height: 0.02963807352522086
Area: 0.0006290276615890935
CentroidX: 0.5351
CentroidY: 0.0316
