Location: internet_31.png_Gaussian-Median.png
Component: component_1755077728029_211.png
centerX: 0.1523579201934704
centerY: 0.549757627601939
width: 0.04312777106005643
height: 0.027944111776447105
Area: 0.0004779983420043083
CentroidX: 0.1762
CentroidY: 0.5623
