Location: internet_31.png_Mean-Medain.png
Component: component_1755077728143_189.png
centerX: 0.29866989117291415
centerY: 0.5959509552323924
width: 0.05723498589278517
height: 0.029654975762760195
Area: 0.0007138369084368259
CentroidX: 0.3282
CentroidY: 0.6100
