Location: Dedata_27.png_Mean-Medain.png
Component: component_1755505443175_161.png
centerX: 0.09435483870967742
centerY: 0.4314619549729268
width: 0.046370967741935484
height: 0.02108862923909946
Area: 0.0004264380073359748
CentroidX: 0.1174
CentroidY: 0.4423
