Location: Dedata_27.png_Mean-Closing.png
Component: component_1755505443450_221.png
centerX: 0.8604838709677419
centerY: 0.6184098033627814
width: 0.05766129032258065
height: 0.023083499572527786
Area: 0.00043942305040494946
CentroidX: 0.8870
CentroidY: 0.6305
