Location: internet_31.png_Gaussian-Median.png
Component: component_1755077728048_307.png
centerX: 0.4191858121725111
centerY: 0.8562874251497006
width: 0.039500201531640466
height: 0.027944111776447105
Area: 0.0005563813353312952
CentroidX: 0.4379
CentroidY: 0.8693
