Location: internet_31.png_Gaussian-Closing.png
Component: component_1755077728491_129.png
centerX: 0.37968561064087064
centerY: 0.433418876532649
width: 0.04312777106005643
height: 0.02765896777872826
Area: 0.0004589197835112294
CentroidX: 0.4019
CentroidY: 0.4470
