Location: Dedata_27.png_Mean-Closing.png
Component: component_1755505443384_47.png
centerX: 0.9
centerY: 0.13080649757765744
width: 0.05241935483870968
height: 0.025078369905956112
Area: 0.0004704492595078094
CentroidX: 0.9232
CentroidY: 0.1443
