Location: internet_31.png_Gaussian-Median.png
Component: component_1755077727988_14.png
centerX: 0.6533655783958081
centerY: 0.015397775876817793
width: 0.04877065699314793
height: 0.0290846877673225
Area: 0.0005520139544714337
CentroidX: 0.6784
CentroidY: 0.0298
