Location: internet_31.png_Gaussian-Closing.png
Component: component_1755077728519_235.png
centerX: 0.017331721080209594
centerY: 0.802965497576276
width: 0.04554615074566707
height: 0.02765896777872826
Area: 0.0005952280387690101
CentroidX: 0.0391
CentroidY: 0.8160
