Location: Dedata_27.png_Mean-Closing.png
Component: component_1755505443448_218.png
centerX: 0.45161290322580644
centerY: 0.609290396124252
width: 0.05604838709677419
height: 0.0219435736677116
Area: 0.0004360906057235312
CentroidX: 0.4789
CentroidY: 0.6207
