Location: internet_31.png_Mean-Medain.png
Component: component_1755077728126_101.png
centerX: 0.6960902861749295
centerY: 0.32164242942686055
width: 0.04675534058847239
height: 0.03136583974907328
Area: 0.0005136269753347569
CentroidX: 0.7217
CentroidY: 0.3363
