Location: internet_31.png_Mean-Medain.png
Component: component_1755077728106_6.png
centerX: 0.4248286981056026
centerY: 0.015112631879098944
width: 0.05441354292623942
height: 0.02566295979469632
Area: 0.0005359236039351021
CentroidX: 0.4534
CentroidY: 0.0278
