Location: internet_31.png_Gaussian-Median.png
Component: component_1755077728013_116.png
centerX: 0.8319226118500604
centerY: 0.31736526946107785
width: 0.04796453043127771
height: 0.031080695751354435
Area: 0.00043570370630880806
CentroidX: 0.8586
CentroidY: 0.3325
