Location: internet_31.png_Mean-Closing.png
Component: component_1755077728275_184.png
centerX: 0.44780330511890365
centerY: 0.6421442828628457
width: 0.04433696090286175
height: 0.029654975762760195
Area: 0.0006762544468269657
CentroidX: 0.4696
CentroidY: 0.6571
