Location: internet_31.png_Gaussian-Median.png
Component: component_1755077728026_201.png
centerX: 0.7061668681983071
centerY: 0.5295124037639007
width: 0.05038291011688835
height: 0.030795551753635585
Area: 0.0006066062152197016
CentroidX: 0.7337
CentroidY: 0.5434
