Location: internet_31.png_Gaussian-Median.png
Component: component_1755077727990_19.png
centerX: 0.800080612656187
centerY: 0.018819503849443968
width: 0.054816606207174524
height: 0.026518391787852865
Area: 0.0005181092872698778
CentroidX: 0.8287
CentroidY: 0.0320
