Location: internet_31.png_Mean-Closing.png
Component: component_1755077728280_207.png
centerX: 0.6936719064893189
centerY: 0.7453664100370687
width: 0.04393389762192664
height: 0.028229255774165955
Area: 0.0006378674676902888
CentroidX: 0.7152
CentroidY: 0.7588
