Location: Dedata_27.png_Mean-Medain.png
Component: component_1755505443112_34.png
centerX: 0.26411290322580644
centerY: 0.08748931319464234
width: 0.0375
height: 0.026788258763180393
Area: 0.0005115877145404903
CentroidX: 0.2810
CentroidY: 0.1003
