Location: Dedata_27.png_Mean-Closing.png
Component: component_1755505443379_33.png
centerX: 0.3866935483870968
centerY: 0.08577942433741807
width: 0.039112903225806454
height: 0.028498147620404674
Area: 0.0005181376920177608
CentroidX: 0.4037
CentroidY: 0.1010
