Location: internet_31.png_Gaussian-Median.png
Component: component_1755077728017_141.png
centerX: 0.6932688432083837
centerY: 0.3723980610208155
width: 0.04796453043127771
height: 0.026803535785571715
Area: 0.0004039827295371829
CentroidX: 0.7189
CentroidY: 0.3843
