Location: Dedata_27.png_Mean-Closing.png
Component: component_1755505443412_132.png
centerX: 0.7495967741935484
centerY: 0.36078654887432315
width: 0.050806451612903224
height: 0.02365346252493588
Area: 0.00046907031688101566
CentroidX: 0.7728
CentroidY: 0.3734
