Location: internet_31.png_Mean-Closing.png
Component: component_1755077728257_114.png
centerX: 0.3905683192261185
centerY: 0.3852295409181637
width: 0.04191858121725111
height: 0.029369831765041345
Area: 0.0004981112801747228
CentroidX: 0.4140
CentroidY: 0.3992
