Location: Dedata_27.png_Mean-Closing.png
Component: component_1755505443474_272.png
centerX: 0.3016129032258065
centerY: 0.7834140780849245
width: 0.0532258064516129
height: 0.0262182958107723
Area: 0.0005140008641373794
CentroidX: 0.3276
CentroidY: 0.7970
