Location: internet_31.png_Gaussian-Median.png
Component: component_1755077728025_193.png
centerX: 0.07577589681580008
centerY: 0.5004277159965783
width: 0.04836759371221282
height: 0.027088679783290562
Area: 0.00046236771576901474
CentroidX: 0.1025
CentroidY: 0.5130
