Location: internet_31.png_Mean-Closing.png
Component: component_1755077728278_197.png
centerX: 0.5114873035066505
centerY: 0.6994582264043342
width: 0.04675534058847239
height: 0.027088679783290562
Area: 0.0006028134897361378
CentroidX: 0.5339
CentroidY: 0.7127
