Location: +7777777777777777777-1.png_Gaussian-Median.png
Component: component_1744838263495_264.png
centerX: 0.6723529411764706
centerY: 0.22318181818181818
width: 0.01588235294117647
height: 0.013636363636363636
Area: 6.25668449197861e-05
CentroidX: 0.6819
CentroidY: 0.2273
