Location: +7777777777777777777-1.png_Gaussian-Median.png
Component: component_1744838263490_242.png
centerX: 0.23941176470588235
centerY: 0.20681818181818182
width: 0.012941176470588235
height: 0.013636363636363636
Area: 5.374331550802139e-05
CentroidX: 0.2469
CentroidY: 0.2118
