Location: +7777777777777777777-1.png_Otsu.png
Component: component_1744838262378_156.png
centerX: 0.3164705882352941
centerY: 0.1481818181818182
width: 0.009411764705882352
height: 0.015
Area: 4.197860962566845e-05
CentroidX: 0.3226
CentroidY: 0.1541
