Location: +7777777777777777777-1.png_Gaussian-Median.png
Component: component_1744838263513_330.png
centerX: 0.1776470588235294
centerY: 0.27090909090909093
width: 0.009411764705882352
height: 0.014545454545454545
Area: 4.6524064171122996e-05
CentroidX: 0.1836
CentroidY: 0.2771
