Location: easy21_Mean-Medain.png
Component: component_1744297380823_292.png
centerX: 0.48870967741935484
centerY: 0.2916666666666667
width: 0.01532258064516129
height: 0.014367816091954023
Area: 7.261154369052033e-05
CentroidX: 0.4990
CentroidY: 0.2965
