Location: +7777777777777777777-1.png_Otsu.png
Component: component_1744838262379_162.png
centerX: 0.6447058823529411
centerY: 0.1481818181818182
width: 0.012352941176470587
height: 0.012727272727272728
Area: 4.197860962566845e-05
CentroidX: 0.6519
CentroidY: 0.1527
