Location: +7777777777777777777-1.png_Otsu.png
Component: component_1744838262396_251.png
centerX: 0.5141176470588236
centerY: 0.22227272727272726
width: 0.011176470588235295
height: 0.011363636363636364
Area: 2.9679144385026736e-05
CentroidX: 0.5213
CentroidY: 0.2258
