Location: +7777777777777777777-1.png_Gaussian-Median.png
Component: component_1744838263508_311.png
centerX: 0.6935294117647058
centerY: 0.24272727272727274
width: 0.014705882352941176
height: 0.011363636363636364
Area: 5.080213903743316e-05
CentroidX: 0.7030
CentroidY: 0.2467
