Location: easy26_Mean-Closing.png
Component: component_1744297381989_204.png
centerX: 0.7056451612903226
centerY: 0.14559386973180077
width: 0.014516129032258065
height: 0.014367816091954023
Area: 6.836299592139415e-05
CentroidX: 0.7154
CentroidY: 0.1509
