Location: +7777777777777777777-1.png_Gaussian-Closing.png
Component: component_1744838263394_324.png
centerX: 0.40588235294117647
centerY: 0.2722727272727273
width: 0.01
height: 0.011363636363636364
Area: 3.796791443850267e-05
CentroidX: 0.4118
CentroidY: 0.2764
