Location: +7777777777777777777-1.png_Otsu.png
Component: component_1744838262393_233.png
centerX: 0.17588235294117646
centerY: 0.20363636363636364
width: 0.01647058823529412
height: 0.012272727272727272
Area: 4.411764705882353e-05
CentroidX: 0.1863
CentroidY: 0.2072
