Location: easy16_Gaussian-Median.png
Component: component_1744297381893_1108.png
centerX: 0.8870967741935484
centerY: 0.7772988505747126
width: 0.016129032258064516
height: 0.014846743295019157
Area: 7.60876282288963e-05
CentroidX: 0.8978
CentroidY: 0.7823
