Location: +7777777777777777777-1.png_Mean-Closing.png
Component: component_1744838263104_319.png
centerX: 0.22705882352941176
centerY: 0.27136363636363636
width: 0.00823529411764706
height: 0.014545454545454545
Area: 4.6524064171122996e-05
CentroidX: 0.2327
CentroidY: 0.2773
