Location: +7777777777777777777-1.png_Mean-Closing.png
Component: component_1744838262509_113.png
centerX: 0.45647058823529413
centerY: 0.1159090909090909
width: 0.012352941176470587
height: 0.015454545454545455
Area: 5.695187165775401e-05
CentroidX: 0.4646
CentroidY: 0.1213
