Location: +7777777777777777777-1.png_Gaussian-Closing.png
Component: component_1744838263247_55.png
centerX: 0.7329411764705882
centerY: 0.07954545454545454
width: 0.015294117647058824
height: 0.015454545454545455
Area: 6.550802139037433e-05
CentroidX: 0.7429
CentroidY: 0.0848
