Location: easy21_Mean-Medain.png
Component: component_1744297381146_1186.png
centerX: 0.2120967741935484
centerY: 0.8807471264367817
width: 0.014516129032258065
height: 0.01532567049808429
Area: 7.840501792114695e-05
CentroidX: 0.2219
CentroidY: 0.8861
