Location: easy26_Mean-Closing.png
Component: component_1744297381956_36.png
centerX: 0.6911290322580645
centerY: 0.034003831417624523
width: 0.014516129032258065
height: 0.014846743295019157
Area: 7.801878630577185e-05
CentroidX: 0.7007
CentroidY: 0.0393
