Location: easy21_Mean-Medain.png
Component: component_1744297380972_952.png
centerX: 0.4161290322580645
centerY: 0.7227011494252874
width: 0.014516129032258065
height: 0.014846743295019157
Area: 7.53151649981461e-05
CentroidX: 0.4260
CentroidY: 0.7276
