Location: +7777777777777777777-1.png_Gaussian-Median.png
Component: component_1744838263494_260.png
centerX: 0.59
centerY: 0.22227272727272726
width: 0.012352941176470587
height: 0.013181818181818182
Area: 5.133689839572192e-05
CentroidX: 0.5969
CentroidY: 0.2268
