Location: easy21_Mean-Medain.png
Component: component_1744297380929_793.png
centerX: 0.16612903225806452
centerY: 0.6091954022988506
width: 0.014516129032258065
height: 0.014367816091954023
Area: 6.836299592139415e-05
CentroidX: 0.1762
CentroidY: 0.6141
