Location: +7777777777777777777-1.png_Otsu.png
Component: component_1744838262414_311.png
centerX: 0.7652941176470588
centerY: 0.24772727272727274
width: 0.008823529411764706
height: 0.013181818181818182
Area: 3.2352941176470585e-05
CentroidX: 0.7706
CentroidY: 0.2524
