Location: +7777777777777777777-1.png_Mean-Closing.png
Component: component_1744838262516_147.png
centerX: 0.3305882352941176
centerY: 0.14772727272727273
width: 0.013529411764705882
height: 0.015454545454545455
Area: 6.336898395721926e-05
CentroidX: 0.3397
CentroidY: 0.1535
