Location: easy21_Mean-Medain.png
Component: component_1744297380921_750.png
centerX: 0.20161290322580644
centerY: 0.5866858237547893
width: 0.014516129032258065
height: 0.014367816091954023
Area: 6.836299592139415e-05
CentroidX: 0.2118
CentroidY: 0.5917
