Location: +7777777777777777777-1.png_Mean-Closing.png
Component: component_1744838262857_258.png
centerX: 0.7676470588235295
centerY: 0.22727272727272727
width: 0.01411764705882353
height: 0.014545454545454545
Area: 5.7754010695187164e-05
CentroidX: 0.7767
CentroidY: 0.2320
