Location: +7777777777777777777-1.png_Gaussian-Median.png
Component: component_1744838263532_409.png
centerX: 0.29294117647058826
centerY: 0.305
width: 0.010588235294117647
height: 0.012272727272727272
Area: 4.705882352941177e-05
CentroidX: 0.2989
CentroidY: 0.3095
