Location: +7777777777777777777-1.png_Otsu.png
Component: component_1744838262370_117.png
centerX: 0.7076470588235294
centerY: 0.1159090909090909
width: 0.01411764705882353
height: 0.017272727272727273
Area: 5.080213903743316e-05
CentroidX: 0.7161
CentroidY: 0.1219
