Location: easy26_Mean-Closing.png
Component: component_1744297382024_394.png
centerX: 0.7774193548387097
centerY: 0.2792145593869732
width: 0.013709677419354839
height: 0.014846743295019157
Area: 6.759053269064392e-05
CentroidX: 0.7871
CentroidY: 0.2846
