Location: easy21_Mean-Medain.png
Component: component_1744297380870_515.png
centerX: 0.2411290322580645
centerY: 0.42911877394636017
width: 0.014516129032258065
height: 0.014367816091954023
Area: 6.797676430601903e-05
CentroidX: 0.2509
CentroidY: 0.4344
