Location: easy64_Gaussian-Closing.png
Component: component_1744297381224_231.png
centerX: 0.24425634824667472
centerY: 0.21889696451474988
width: 0.008464328899637243
height: 0.00983326207781103
Area: 3.6963263685583756e-05
CentroidX: 0.2492
CentroidY: 0.2228
