Location: +7777777777777777777-1.png_Gaussian-Closing.png
Component: component_1744838263354_206.png
centerX: 0.6282352941176471
centerY: 0.1831818181818182
width: 0.012352941176470587
height: 0.016363636363636365
Area: 5.8288770053475936e-05
CentroidX: 0.6349
CentroidY: 0.1896
