Location: +7777777777777777777-1.png_Otsu.png
Component: component_1744838262370_114.png
centerX: 0.6347058823529412
centerY: 0.1159090909090909
width: 0.015294117647058824
height: 0.013636363636363636
Area: 4.893048128342246e-05
CentroidX: 0.6442
CentroidY: 0.1201
