Location: easy26_Mean-Closing.png
Component: component_1744297382022_380.png
centerX: 0.18387096774193548
centerY: 0.2792145593869732
width: 0.013709677419354839
height: 0.014367816091954023
Area: 6.64318378445186e-05
CentroidX: 0.1935
CentroidY: 0.2843
