Location: +7777777777777777777-1.png_Gaussian-Closing.png
Component: component_1744838263252_68.png
centerX: 0.44823529411764707
centerY: 0.08136363636363636
width: 0.010588235294117647
height: 0.016363636363636365
Area: 5.7754010695187164e-05
CentroidX: 0.4550
CentroidY: 0.0876
