Location: +7777777777777777777-1.png_Gaussian-Median.png
Component: component_1744838263512_328.png
centerX: 0.15705882352941178
centerY: 0.27045454545454545
width: 0.012941176470588235
height: 0.013636363636363636
Area: 5.0267379679144385e-05
CentroidX: 0.1649
CentroidY: 0.2760
