Location: +7777777777777777777-1.png_Otsu.png
Component: component_1744838262355_42.png
centerX: 0.2011764705882353
centerY: 0.05409090909090909
width: 0.013529411764705882
height: 0.014090909090909091
Area: 4.304812834224599e-05
CentroidX: 0.2098
CentroidY: 0.0588
