Location: +7777777777777777777-1.png_Gaussian-Median.png
Component: component_1744838263486_229.png
centerX: 0.8711764705882353
centerY: 0.18636363636363637
width: 0.01411764705882353
height: 0.012272727272727272
Area: 5.7754010695187164e-05
CentroidX: 0.8798
CentroidY: 0.1904
