Location: +7777777777777777777-1.png_Gaussian-Median.png
Component: component_1744838263450_53.png
centerX: 0.6364705882352941
centerY: 0.07863636363636364
width: 0.011764705882352941
height: 0.01681818181818182
Area: 6.310160427807486e-05
CentroidX: 0.6430
CentroidY: 0.0845
