Location: +7777777777777777777-1.png_Gaussian-Closing.png
Component: component_1744838263330_159.png
centerX: 0.5411764705882353
centerY: 0.14863636363636365
width: 0.013529411764705882
height: 0.014545454545454545
Area: 5.6149732620320855e-05
CentroidX: 0.5486
CentroidY: 0.1548
