Location: +7777777777777777777-1.png_Gaussian-Closing.png
Component: component_1744838263257_89.png
centerX: 0.19823529411764707
centerY: 0.11318181818181818
width: 0.011764705882352941
height: 0.012272727272727272
Area: 4.358288770053476e-05
CentroidX: 0.2061
CentroidY: 0.1174
