Location: +7777777777777777777-1.png_Gaussian-Median.png
Component: component_1744838263478_211.png
centerX: 0.4464705882352941
centerY: 0.17909090909090908
width: 0.019411764705882354
height: 0.013181818181818182
Area: 7.058823529411764e-05
CentroidX: 0.4577
CentroidY: 0.1828
