Location: easy16_Gaussian-Median.png
Component: component_1744297381802_593.png
centerX: 0.885483870967742
centerY: 0.4003831417624521
width: 0.014516129032258065
height: 0.014367816091954023
Area: 7.183908045977011e-05
CentroidX: 0.8954
CentroidY: 0.4054
