Location: +7777777777777777777-1.png_Mean-Closing.png
Component: component_1744838263071_311.png
centerX: 0.10352941176470588
centerY: 0.2686363636363636
width: 0.012941176470588235
height: 0.014545454545454545
Area: 5.294117647058824e-05
CentroidX: 0.1122
CentroidY: 0.2739
