Location: +7777777777777777777-1.png_Otsu.png
Component: component_1744838262414_309.png
centerX: 0.7282352941176471
centerY: 0.24454545454545454
width: 0.01
height: 0.014090909090909091
Area: 3.903743315508022e-05
CentroidX: 0.7334
CentroidY: 0.2492
