Location: +7777777777777777777-1.png_Mean-Closing.png
Component: component_1744838263153_392.png
centerX: 0.7029411764705882
centerY: 0.30363636363636365
width: 0.011764705882352941
height: 0.017727272727272727
Area: 6.97860962566845e-05
CentroidX: 0.7098
CentroidY: 0.3106
