Location: +7777777777777777777-1.png_Mean-Closing.png
Component: component_1744838262497_62.png
centerX: 0.8917647058823529
centerY: 0.07909090909090909
width: 0.015294117647058824
height: 0.015454545454545455
Area: 7.86096256684492e-05
CentroidX: 0.9014
CentroidY: 0.0847
