Location: easy21_Mean-Medain.png
Component: component_1744297380936_821.png
centerX: 0.7612903225806451
centerY: 0.6317049808429118
width: 0.016129032258064516
height: 0.01532567049808429
Area: 8.342602892102336e-05
CentroidX: 0.7724
CentroidY: 0.6372
