Location: easy16_Gaussian-Median.png
Component: component_1744297381808_630.png
centerX: 0.8298387096774194
centerY: 0.42337164750957856
width: 0.01532258064516129
height: 0.014367816091954023
Area: 6.681806945989371e-05
CentroidX: 0.8400
CentroidY: 0.4280
