Location: +7777777777777777777-1.png_Otsu.png
Component: component_1744838262362_83.png
centerX: 0.1588235294117647
centerY: 0.08454545454545455
width: 0.012352941176470587
height: 0.013636363636363636
Area: 3.796791443850267e-05
CentroidX: 0.1672
CentroidY: 0.0890
