Location: +7777777777777777777-1.png_Gaussian-Closing.png
Component: component_1744838263241_41.png
centerX: 0.15705882352941178
centerY: 0.05409090909090909
width: 0.01588235294117647
height: 0.012727272727272728
Area: 6.524064171122995e-05
CentroidX: 0.1665
CentroidY: 0.0579
