Location: +7777777777777777777-1.png_Gaussian-Median.png
Component: component_1744838263521_363.png
centerX: 0.741764705882353
centerY: 0.2740909090909091
width: 0.011176470588235295
height: 0.012272727272727272
Area: 4.358288770053476e-05
CentroidX: 0.7495
CentroidY: 0.2787
