Location: easy26_Mean-Closing.png
Component: component_1744297382137_826.png
centerX: 0.04516129032258064
centerY: 0.6594827586206896
width: 0.014516129032258065
height: 0.014367816091954023
Area: 6.836299592139415e-05
CentroidX: 0.0550
CentroidY: 0.6644
