Location: +7777777777777777777-1.png_Mean-Closing.png
Component: component_1744838263152_391.png
centerX: 0.56
centerY: 0.3040909090909091
width: 0.011176470588235295
height: 0.014090909090909091
Area: 6.06951871657754e-05
CentroidX: 0.5668
CentroidY: 0.3099
