Location: +7777777777777777777-1.png_Gaussian-Closing.png
Component: component_1744838263403_367.png
centerX: 0.14529411764705882
centerY: 0.3009090909090909
width: 0.012941176470588235
height: 0.013181818181818182
Area: 5.3475935828877e-05
CentroidX: 0.1537
CentroidY: 0.3060
