Location: +7777777777777777777-1.png_Otsu.png
Component: component_1744838262418_321.png
centerX: 0.12294117647058823
centerY: 0.26954545454545453
width: 0.009411764705882352
height: 0.011818181818181818
Area: 2.9411764705882354e-05
CentroidX: 0.1290
CentroidY: 0.2740
