Location: +7777777777777777777-1.png_Gaussian-Closing.png
Component: component_1744838263405_377.png
centerX: 0.35823529411764704
centerY: 0.30227272727272725
width: 0.011176470588235295
height: 0.015909090909090907
Area: 5.4278074866310164e-05
CentroidX: 0.3657
CentroidY: 0.3086
