Location: 2025-04-19_204725-1.png_Otsu.png
Component: component_1745102850232_683.png
centerX: 0.549469964664311
centerY: 0.8964484381685922
width: 0.02061248527679623
height: 0.018827556696619598
Area: 0.0001527130763217619
CentroidX: 0.5629
CentroidY: 0.9036
