Location: 2025-04-19_204725-1.png_Otsu.png
Component: component_1745102850092_93.png
centerX: 0.7361601884570083
centerY: 0.14163457424047926
width: 0.021790341578327443
height: 0.01668806161745828
Area: 0.000132804936009189
CentroidX: 0.7501
CentroidY: 0.1476
