Location: easy26_Mean-Closing.png
Component: component_1744297382037_449.png
centerX: 0.21370967741935484
centerY: 0.3242337164750958
width: 0.014516129032258065
height: 0.014367816091954023
Area: 6.720430107526882e-05
CentroidX: 0.2235
CentroidY: 0.3295
