Location: +7777777777777777777-1.png_Gaussian-Median.png
Component: component_1744838263471_168.png
centerX: 0.34941176470588237
centerY: 0.1481818181818182
width: 0.010588235294117647
height: 0.015
Area: 5.4278074866310164e-05
CentroidX: 0.3562
CentroidY: 0.1536
