Location: easy21_Mean-Medain.png
Component: component_1744297381057_1036.png
centerX: 0.7733870967741936
centerY: 0.7701149425287356
width: 0.01532258064516129
height: 0.01532567049808429
Area: 8.226733407489804e-05
CentroidX: 0.7840
CentroidY: 0.7759
