Location: +7777777777777777777-1.png_Mean-Closing.png
Component: component_1744838262837_198.png
centerX: 0.47294117647058825
centerY: 0.17909090909090908
width: 0.011176470588235295
height: 0.014545454545454545
Area: 5.2406417112299466e-05
CentroidX: 0.4805
CentroidY: 0.1846
