Location: +7777777777777777777-1.png_Mean-Closing.png
Component: component_1744838263136_360.png
centerX: 0.508235294117647
centerY: 0.2990909090909091
width: 0.011176470588235295
height: 0.015
Area: 5.106951871657754e-05
CentroidX: 0.5151
CentroidY: 0.3051
