Location: 2025-04-19_204725-1.png_Otsu.png
Component: component_1745102850153_307.png
centerX: 0.43227326266195526
centerY: 0.4159178433889602
width: 0.019434628975265017
height: 0.017115960633290545
Area: 0.0001272608969348016
CentroidX: 0.4447
CentroidY: 0.4220
