Location: +7777777777777777777-1.png_Otsu.png
Component: component_1744838262424_342.png
centerX: 0.5258823529411765
centerY: 0.2731818181818182
width: 0.009411764705882352
height: 0.011818181818181818
Area: 2.9411764705882354e-05
CentroidX: 0.5313
CentroidY: 0.2779
