Location: +7777777777777777777-1.png_Gaussian-Closing.png
Component: component_1744838263395_327.png
centerX: 0.4776470588235294
centerY: 0.2722727272727273
width: 0.011764705882352941
height: 0.012272727272727272
Area: 4.5989304812834224e-05
CentroidX: 0.4853
CentroidY: 0.2768
