Location: +7777777777777777777-1.png_Mean-Closing.png
Component: component_1744838262509_114.png
centerX: 0.4988235294117647
centerY: 0.1159090909090909
width: 0.01588235294117647
height: 0.015454545454545455
Area: 6.711229946524064e-05
CentroidX: 0.5096
CentroidY: 0.1212
