Location: easy16_Gaussian-Median.png
Component: component_1744297381840_810.png
centerX: 0.6362903225806451
centerY: 0.5981800766283525
width: 0.014516129032258065
height: 0.014846743295019157
Area: 7.145284884439501e-05
CentroidX: 0.6462
CentroidY: 0.6039
