Location: +7777777777777777777-1.png_Gaussian-Closing.png
Component: component_1744838263270_95.png
centerX: 0.13352941176470587
centerY: 0.11409090909090909
width: 0.01647058823529412
height: 0.015
Area: 6.497326203208557e-05
CentroidX: 0.1436
CentroidY: 0.1193
