Location: +7777777777777777777-1.png_Gaussian-Median.png
Component: component_1744838263513_331.png
centerX: 0.19588235294117648
centerY: 0.27090909090909093
width: 0.01
height: 0.014090909090909091
Area: 4.4385026737967915e-05
CentroidX: 0.2028
CentroidY: 0.2760
