Location: +7777777777777777777-1.png_Gaussian-Closing.png
Component: component_1744838263398_339.png
centerX: 0.6605882352941177
centerY: 0.2731818181818182
width: 0.010588235294117647
height: 0.013636363636363636
Area: 4.705882352941177e-05
CentroidX: 0.6661
CentroidY: 0.2786
