Location: +7777777777777777777-1.png_Otsu.png
Component: component_1744838262356_49.png
centerX: 0.6370588235294118
centerY: 0.07863636363636364
width: 0.011176470588235295
height: 0.016363636363636365
Area: 4.385026737967914e-05
CentroidX: 0.6431
CentroidY: 0.0846
