Location: +7777777777777777777-1.png_Gaussian-Closing.png
Component: component_1744838263246_51.png
centerX: 0.8335294117647059
centerY: 0.07863636363636364
width: 0.012941176470588235
height: 0.014090909090909091
Area: 6.336898395721926e-05
CentroidX: 0.8419
CentroidY: 0.0836
