Location: +7777777777777777777-1.png_Mean-Closing.png
Component: component_1744838263134_353.png
centerX: 0.8152941176470588
centerY: 0.2768181818181818
width: 0.01
height: 0.012272727272727272
Area: 4.2780748663101606e-05
CentroidX: 0.8211
CentroidY: 0.2812
