Location: +7777777777777777777-1.png_Otsu.png
Component: component_1744838262380_168.png
centerX: 0.721764705882353
centerY: 0.15318181818181817
width: 0.015294117647058824
height: 0.012272727272727272
Area: 5.267379679144385e-05
CentroidX: 0.7310
CentroidY: 0.1568
