Location: easy16_Gaussian-Median.png
Component: component_1744297381821_688.png
centerX: 0.14516129032258066
centerY: 0.4492337164750958
width: 0.014516129032258065
height: 0.014367816091954023
Area: 6.759053269064392e-05
CentroidX: 0.1551
CentroidY: 0.4541
