Location: easy26_Mean-Closing.png
Component: component_1744297382204_1159.png
centerX: 0.9338709677419355
centerY: 0.8826628352490421
width: 0.01532258064516129
height: 0.014846743295019157
Area: 8.342602892102336e-05
CentroidX: 0.9445
CentroidY: 0.8881
