Location: +7777777777777777777-1.png_Gaussian-Median.png
Component: component_1744838263482_222.png
centerX: 0.6452941176470588
centerY: 0.18409090909090908
width: 0.014705882352941176
height: 0.014545454545454545
Area: 6.176470588235294e-05
CentroidX: 0.6539
CentroidY: 0.1891
