Location: +7777777777777777777-1.png_Mean-Closing.png
Component: component_1744838263128_341.png
centerX: 0.29764705882352943
centerY: 0.2736363636363636
width: 0.008823529411764706
height: 0.012727272727272728
Area: 4.545454545454545e-05
CentroidX: 0.3027
CentroidY: 0.2791
