Location: +7777777777777777777-1.png_Otsu.png
Component: component_1744838262388_216.png
centerX: 0.6647058823529411
centerY: 0.18409090909090908
width: 0.012352941176470587
height: 0.014545454545454545
Area: 4.11764705882353e-05
CentroidX: 0.6721
CentroidY: 0.1892
