Location: +7777777777777777777-1.png_Mean-Closing.png
Component: component_1744838262508_108.png
centerX: 0.69
centerY: 0.115
width: 0.012941176470588235
height: 0.022272727272727274
Area: 7.86096256684492e-05
CentroidX: 0.6970
CentroidY: 0.1237
