Location: +7777777777777777777-1.png_Gaussian-Closing.png
Component: component_1744838263323_149.png
centerX: 0.3835294117647059
centerY: 0.14727272727272728
width: 0.012352941176470587
height: 0.014090909090909091
Area: 6.470588235294117e-05
CentroidX: 0.3908
CentroidY: 0.1526
