Location: +7777777777777777777-1.png_Otsu.png
Component: component_1744838262356_48.png
centerX: 0.538235294117647
centerY: 0.07818181818181819
width: 0.011764705882352941
height: 0.012272727272727272
Area: 3.2620320855614975e-05
CentroidX: 0.5459
CentroidY: 0.0822
