Location: easy16_Gaussian-Median.png
Component: component_1744297381844_822.png
centerX: 0.4241935483870968
centerY: 0.5991379310344828
width: 0.014516129032258065
height: 0.014846743295019157
Area: 7.261154369052033e-05
CentroidX: 0.4337
CentroidY: 0.6045
