Location: easy26_Mean-Closing.png
Component: component_1744297382004_291.png
centerX: 0.5637096774193548
centerY: 0.21216475095785442
width: 0.014516129032258065
height: 0.014367816091954023
Area: 7.261154369052033e-05
CentroidX: 0.5736
CentroidY: 0.2170
