Location: +7777777777777777777-1.png_Mean-Closing.png
Component: component_1744838262847_234.png
centerX: 0.3511764705882353
centerY: 0.20909090909090908
width: 0.011764705882352941
height: 0.014090909090909091
Area: 4.8128342245989304e-05
CentroidX: 0.3582
CentroidY: 0.2142
