Location: +7777777777777777777-1.png_Gaussian-Median.png
Component: component_1744838263529_397.png
centerX: 0.22647058823529412
centerY: 0.30272727272727273
width: 0.008823529411764706
height: 0.012272727272727272
Area: 5.294117647058824e-05
CentroidX: 0.2311
CentroidY: 0.3076
