Location: +7777777777777777777-1.png_Mean-Closing.png
Component: component_1744838262846_229.png
centerX: 0.22176470588235295
centerY: 0.20772727272727273
width: 0.011176470588235295
height: 0.011818181818181818
Area: 4.5989304812834224e-05
CentroidX: 0.2287
CentroidY: 0.2120
