Location: +7777777777777777777-1.png_Gaussian-Closing.png
Component: component_1744838263391_312.png
centerX: 0.1388235294117647
centerY: 0.2686363636363636
width: 0.009411764705882352
height: 0.015454545454545455
Area: 4.625668449197861e-05
CentroidX: 0.1452
CentroidY: 0.2749
