Location: easy26_Mean-Closing.png
Component: component_1744297381973_121.png
centerX: 0.4959677419354839
centerY: 0.09913793103448276
width: 0.013709677419354839
height: 0.014846743295019157
Area: 6.759053269064392e-05
CentroidX: 0.5053
CentroidY: 0.1045
