Location: +7777777777777777777-1.png_Gaussian-Median.png
Component: component_1744838263530_402.png
centerX: 0.23941176470588235
centerY: 0.30363636363636365
width: 0.011176470588235295
height: 0.014090909090909091
Area: 4.946524064171123e-05
CentroidX: 0.2461
CentroidY: 0.3096
