Location: +7777777777777777777-1.png_Otsu.png
Component: component_1744838262355_46.png
centerX: 0.5070588235294118
centerY: 0.07863636363636364
width: 0.010588235294117647
height: 0.012727272727272728
Area: 3.556149732620321e-05
CentroidX: 0.5141
CentroidY: 0.0833
