Location: +7777777777777777777-1.png_Mean-Closing.png
Component: component_1744838263070_310.png
centerX: 0.08941176470588236
centerY: 0.26636363636363636
width: 0.01
height: 0.02
Area: 6.844919786096257e-05
CentroidX: 0.0961
CentroidY: 0.2746
