Location: +7777777777777777777-1.png_Otsu.png
Component: component_1744838262426_352.png
centerX: 0.5976470588235294
centerY: 0.2740909090909091
width: 0.010588235294117647
height: 0.012727272727272728
Area: 3.1016042780748666e-05
CentroidX: 0.6047
CentroidY: 0.2785
