Location: easy26_Mean-Closing.png
Component: component_1744297382019_365.png
centerX: 0.7032258064516129
centerY: 0.257183908045977
width: 0.01532258064516129
height: 0.014846743295019157
Area: 8.5743418613274e-05
CentroidX: 0.7132
CentroidY: 0.2626
