Location: +7777777777777777777-1.png_Gaussian-Closing.png
Component: component_1744838263408_396.png
centerX: 0.27058823529411763
centerY: 0.3059090909090909
width: 0.012941176470588235
height: 0.013636363636363636
Area: 5.374331550802139e-05
CentroidX: 0.2789
CentroidY: 0.3109
