Location: +7777777777777777777-1.png_Gaussian-Closing.png
Component: component_1744838263388_299.png
centerX: 0.5858823529411765
centerY: 0.24409090909090908
width: 0.011764705882352941
height: 0.013181818181818182
Area: 4.572192513368984e-05
CentroidX: 0.5936
CentroidY: 0.2485
