Location: +7777777777777777777-1.png_Gaussian-Closing.png
Component: component_1744838263397_337.png
centerX: 0.6141176470588235
centerY: 0.2731818181818182
width: 0.011176470588235295
height: 0.013181818181818182
Area: 4.8128342245989304e-05
CentroidX: 0.6213
CentroidY: 0.2778
