Location: +7777777777777777777-1.png_Otsu.png
Component: component_1744838262412_300.png
centerX: 0.6141176470588235
centerY: 0.2431818181818182
width: 0.012941176470588235
height: 0.012727272727272728
Area: 4.171122994652406e-05
CentroidX: 0.6221
CentroidY: 0.2478
