Location: +7777777777777777777-1.png_Gaussian-Closing.png
Component: component_1744838263369_237.png
centerX: 0.4023529411764706
centerY: 0.21363636363636362
width: 0.011764705882352941
height: 0.011363636363636364
Area: 4.4385026737967915e-05
CentroidX: 0.4096
CentroidY: 0.2175
