Location: +7777777777777777777-1.png_Mean-Closing.png
Component: component_1744838262830_173.png
centerX: 0.8052941176470588
centerY: 0.1572727272727273
width: 0.011764705882352941
height: 0.012272727272727272
Area: 5.4010695187165774e-05
CentroidX: 0.8120
CentroidY: 0.1620
