Location: +7777777777777777777-1.png_Gaussian-Closing.png
Component: component_1744838263374_253.png
centerX: 0.6905882352941176
centerY: 0.2240909090909091
width: 0.012352941176470587
height: 0.011363636363636364
Area: 4.545454545454545e-05
CentroidX: 0.6981
CentroidY: 0.2278
