Location: +7777777777777777777-1.png_Gaussian-Closing.png
Component: component_1744838263253_77.png
centerX: 0.15823529411764706
centerY: 0.08409090909090909
width: 0.013529411764705882
height: 0.014545454545454545
Area: 5.695187165775401e-05
CentroidX: 0.1672
CentroidY: 0.0893
