Location: +7777777777777777777-1.png_Gaussian-Median.png
Component: component_1744838263510_320.png
centerX: 0.8164705882352942
centerY: 0.24954545454545454
width: 0.013529411764705882
height: 0.01681818181818182
Area: 6.229946524064171e-05
CentroidX: 0.8234
CentroidY: 0.2557
