Location: +7777777777777777777-1.png_Mean-Closing.png
Component: component_1744838263117_325.png
centerX: 0.4435294117647059
centerY: 0.2722727272727273
width: 0.011176470588235295
height: 0.012272727272727272
Area: 5e-05
CentroidX: 0.4505
CentroidY: 0.2771
