Location: +7777777777777777777-1.png_Otsu.png
Component: component_1744838262379_164.png
centerX: 0.5417647058823529
centerY: 0.14909090909090908
width: 0.01
height: 0.013636363636363636
Area: 3.74331550802139e-05
CentroidX: 0.5481
CentroidY: 0.1543
