Location: easy26_Mean-Closing.png
Component: component_1744297382199_1130.png
centerX: 0.917741935483871
centerY: 0.8601532567049809
width: 0.014516129032258065
height: 0.014846743295019157
Area: 7.956371276727228e-05
CentroidX: 0.9279
CentroidY: 0.8661
