Location: +7777777777777777777-1.png_Otsu.png
Component: component_1744838262435_363.png
centerX: 0.8494117647058823
centerY: 0.2777272727272727
width: 0.013529411764705882
height: 0.013181818181818182
Area: 3.663101604278075e-05
CentroidX: 0.8579
CentroidY: 0.2823
