Location: easy26_Mean-Closing.png
Component: component_1744297382016_351.png
centerX: 0.2411290322580645
centerY: 0.2567049808429119
width: 0.013709677419354839
height: 0.014367816091954023
Area: 6.64318378445186e-05
CentroidX: 0.2508
CentroidY: 0.2618
