Location: +7777777777777777777-1.png_Gaussian-Closing.png
Component: component_1744838263246_54.png
centerX: 0.7135294117647059
centerY: 0.07954545454545454
width: 0.012352941176470587
height: 0.017727272727272727
Area: 8.181818181818182e-05
CentroidX: 0.7214
CentroidY: 0.0868
