Location: +7777777777777777777-1.png_Mean-Closing.png
Component: component_1744838262834_190.png
centerX: 0.3376470588235294
centerY: 0.1759090909090909
width: 0.01411764705882353
height: 0.011818181818181818
Area: 5.4278074866310164e-05
CentroidX: 0.3465
CentroidY: 0.1798
