Location: +7777777777777777777-1.png_Gaussian-Closing.png
Component: component_1744838263392_314.png
centerX: 0.15705882352941178
centerY: 0.27045454545454545
width: 0.011764705882352941
height: 0.013636363636363636
Area: 4.919786096256685e-05
CentroidX: 0.1648
CentroidY: 0.2758
