Location: easy21_Mean-Medain.png
Component: component_1744297380953_881.png
centerX: 0.5
centerY: 0.6767241379310345
width: 0.014516129032258065
height: 0.01532567049808429
Area: 7.145284884439501e-05
CentroidX: 0.5100
CentroidY: 0.6822
