Location: +7777777777777777777-1.png_Gaussian-Closing.png
Component: component_1744838263221_13.png
centerX: 0.7494117647058823
centerY: 0.04863636363636364
width: 0.012941176470588235
height: 0.013636363636363636
Area: 5.4010695187165774e-05
CentroidX: 0.7582
CentroidY: 0.0535
