Location: +7777777777777777777-1.png_Mean-Closing.png
Component: component_1744838262837_199.png
centerX: 0.49058823529411766
centerY: 0.18045454545454545
width: 0.017058823529411765
height: 0.012727272727272728
Area: 5.8288770053475936e-05
CentroidX: 0.5014
CentroidY: 0.1839
