Location: +7777777777777777777-1.png_Mean-Closing.png
Component: component_1744838262832_181.png
centerX: 0.1411764705882353
centerY: 0.1740909090909091
width: 0.015294117647058824
height: 0.01090909090909091
Area: 5.320855614973262e-05
CentroidX: 0.1503
CentroidY: 0.1774
