Location: +7777777777777777777-1.png_Gaussian-Median.png
Component: component_1744838263443_32.png
centerX: 0.26705882352941174
centerY: 0.05136363636363636
width: 0.01411764705882353
height: 0.019090909090909092
Area: 7.299465240641711e-05
CentroidX: 0.2764
CentroidY: 0.0587
