Location: +7777777777777777777-1.png_Otsu.png
Component: component_1744838262382_187.png
centerX: 0.10176470588235294
centerY: 0.1731818181818182
width: 0.014705882352941176
height: 0.011818181818181818
Area: 4.919786096256685e-05
CentroidX: 0.1102
CentroidY: 0.1765
