Location: +7777777777777777777-1.png_Gaussian-Median.png
Component: component_1744838263467_149.png
centerX: 0.11941176470588236
centerY: 0.1459090909090909
width: 0.012352941176470587
height: 0.013181818181818182
Area: 5.133689839572192e-05
CentroidX: 0.1276
CentroidY: 0.1504
