Location: +7777777777777777777-1.png_Gaussian-Median.png
Component: component_1744838263521_361.png
centerX: 0.711764705882353
centerY: 0.2740909090909091
width: 0.012352941176470587
height: 0.012272727272727272
Area: 4.5989304812834224e-05
CentroidX: 0.7190
CentroidY: 0.2784
