Location: easy21_Mean-Medain.png
Component: component_1744297380918_736.png
centerX: 0.6693548387096774
centerY: 0.585727969348659
width: 0.016129032258064516
height: 0.014846743295019157
Area: 7.415647015202076e-05
CentroidX: 0.6803
CentroidY: 0.5908
