Location: +7777777777777777777-1.png_Gaussian-Closing.png
Component: component_1744838263229_19.png
centerX: 0.5711764705882353
centerY: 0.049545454545454545
width: 0.015294117647058824
height: 0.019545454545454546
Area: 7.32620320855615e-05
CentroidX: 0.5819
CentroidY: 0.0566
