Location: easy21_Mean-Medain.png
Component: component_1744297381141_1161.png
centerX: 0.4596774193548387
centerY: 0.8601532567049809
width: 0.016129032258064516
height: 0.01532567049808429
Area: 7.763255469039674e-05
CentroidX: 0.4707
CentroidY: 0.8660
