Location: +7777777777777777777-1.png_Gaussian-Closing.png
Component: component_1744838263385_282.png
centerX: 0.27294117647058824
centerY: 0.2409090909090909
width: 0.01
height: 0.013181818181818182
Area: 4.679144385026738e-05
CentroidX: 0.2794
CentroidY: 0.2456
