Location: +7777777777777777777-1.png_Otsu.png
Component: component_1744838262366_102.png
centerX: 0.35
centerY: 0.115
width: 0.012941176470588235
height: 0.015
Area: 4.11764705882353e-05
CentroidX: 0.3593
CentroidY: 0.1204
