Location: easy26_Mean-Closing.png
Component: component_1744297382191_1095.png
centerX: 0.48870967741935484
centerY: 0.8386015325670498
width: 0.014516129032258065
height: 0.014846743295019157
Area: 7.029415399826968e-05
CentroidX: 0.4983
CentroidY: 0.8441
