Location: +7777777777777777777-1.png_Mean-Closing.png
Component: component_1744838262965_286.png
centerX: 0.25823529411764706
centerY: 0.24227272727272728
width: 0.010588235294117647
height: 0.011818181818181818
Area: 4.171122994652406e-05
CentroidX: 0.2649
CentroidY: 0.2464
