Location: easy21_Mean-Medain.png
Component: component_1744297381150_1200.png
centerX: 0.5911290322580646
centerY: 0.8845785440613027
width: 0.016935483870967744
height: 0.01293103448275862
Area: 7.57013966135212e-05
CentroidX: 0.6016
CentroidY: 0.8889
