Location: +7777777777777777777-1.png_Mean-Closing.png
Component: component_1744838262991_296.png
centerX: 0.6941176470588235
centerY: 0.24272727272727274
width: 0.01411764705882353
height: 0.011363636363636364
Area: 5.106951871657754e-05
CentroidX: 0.7030
CentroidY: 0.2467
