Location: +7777777777777777777-1.png_Gaussian-Median.png
Component: component_1744838263516_341.png
centerX: 0.4776470588235294
centerY: 0.2722727272727273
width: 0.012352941176470587
height: 0.012727272727272728
Area: 4.786096256684492e-05
CentroidX: 0.4853
CentroidY: 0.2769
