Location: easy21_Mean-Medain.png
Component: component_1744297380772_96.png
centerX: 0.635483870967742
centerY: 0.08477011494252873
width: 0.01532258064516129
height: 0.014846743295019157
Area: 7.222531207514522e-05
CentroidX: 0.6456
CentroidY: 0.0900
