Location: +7777777777777777777-1.png_Otsu.png
Component: component_1744838262394_240.png
centerX: 0.2747058823529412
centerY: 0.2081818181818182
width: 0.01411764705882353
height: 0.013636363636363636
Area: 3.957219251336898e-05
CentroidX: 0.2836
CentroidY: 0.2124
