Location: +7777777777777777777-1.png_Gaussian-Closing.png
Component: component_1744838263407_389.png
centerX: 0.3088235294117647
centerY: 0.30363636363636365
width: 0.008823529411764706
height: 0.012272727272727272
Area: 3.8235294117647055e-05
CentroidX: 0.3144
CentroidY: 0.3080
