Location: +7777777777777777777-1.png_Gaussian-Median.png
Component: component_1744838263474_184.png
centerX: 0.8394117647058823
centerY: 0.15681818181818183
width: 0.01411764705882353
height: 0.011818181818181818
Area: 5.53475935828877e-05
CentroidX: 0.8476
CentroidY: 0.1608
