Location: easy26_Mean-Closing.png
Component: component_1744297382155_914.png
centerX: 0.7056451612903226
centerY: 0.7255747126436781
width: 0.014516129032258065
height: 0.014846743295019157
Area: 6.952169076751947e-05
CentroidX: 0.7156
CentroidY: 0.7308
