Location: +7777777777777777777-1.png_Otsu.png
Component: component_1744838262415_317.png
centerX: 0.851764705882353
centerY: 0.25363636363636366
width: 0.011176470588235295
height: 0.013181818181818182
Area: 3.6898395721925136e-05
CentroidX: 0.8582
CentroidY: 0.2580
