Location: +7777777777777777777-1.png_Gaussian-Median.png
Component: component_1744838263519_352.png
centerX: 0.6141176470588235
centerY: 0.2731818181818182
width: 0.011176470588235295
height: 0.013181818181818182
Area: 4.8663101604278076e-05
CentroidX: 0.6212
CentroidY: 0.2777
