Location: +7777777777777777777-1.png_Mean-Closing.png
Component: component_1744838262504_96.png
centerX: 0.2782352941176471
centerY: 0.11363636363636363
width: 0.017058823529411765
height: 0.019090909090909092
Area: 6.97860962566845e-05
CentroidX: 0.2893
CentroidY: 0.1202
