Location: +7777777777777777777-1.png_Mean-Closing.png
Component: component_1744838262507_107.png
centerX: 0.6717647058823529
centerY: 0.115
width: 0.01411764705882353
height: 0.017272727272727273
Area: 7.005347593582888e-05
CentroidX: 0.6800
CentroidY: 0.1212
