Location: +7777777777777777777-1.png_Gaussian-Median.png
Component: component_1744838263434_7.png
centerX: 0.8064705882352942
centerY: 0.04727272727272727
width: 0.012941176470588235
height: 0.01681818181818182
Area: 6.550802139037433e-05
CentroidX: 0.8150
CentroidY: 0.0529
