Location: +7777777777777777777-1.png_Gaussian-Closing.png
Component: component_1744838263254_82.png
centerX: 0.2523529411764706
centerY: 0.08409090909090909
width: 0.011764705882352941
height: 0.011818181818181818
Area: 4.679144385026738e-05
CentroidX: 0.2597
CentroidY: 0.0884
