Location: +7777777777777777777-1.png_Gaussian-Closing.png
Component: component_1744838263379_264.png
centerX: 0.08588235294117647
centerY: 0.235
width: 0.012941176470588235
height: 0.012727272727272728
Area: 5.508021390374332e-05
CentroidX: 0.0933
CentroidY: 0.2391
