Location: easy21_Mean-Medain.png
Component: component_1744297380858_453.png
centerX: 0.8282258064516129
centerY: 0.4027777777777778
width: 0.01532258064516129
height: 0.014846743295019157
Area: 7.261154369052033e-05
CentroidX: 0.8383
CentroidY: 0.4079
