Location: easy21_Mean-Medain.png
Component: component_1744297381134_1140.png
centerX: 0.8370967741935483
centerY: 0.8400383141762452
width: 0.01532258064516129
height: 0.01532567049808429
Area: 8.07224076133976e-05
CentroidX: 0.8477
CentroidY: 0.8452
