Location: +7777777777777777777-1.png_Mean-Closing.png
Component: component_1744838262835_193.png
centerX: 0.40352941176470586
centerY: 0.17681818181818182
width: 0.018235294117647058
height: 0.014090909090909091
Area: 6.470588235294117e-05
CentroidX: 0.4146
CentroidY: 0.1814
