Location: easy26_Mean-Closing.png
Component: component_1744297382200_1134.png
centerX: 0.21451612903225806
centerY: 0.8615900383141762
width: 0.014516129032258065
height: 0.014367816091954023
Area: 6.759053269064392e-05
CentroidX: 0.2248
CentroidY: 0.8666
