Location: easy16_Gaussian-Median.png
Component: component_1744297381931_1299.png
centerX: 0.21854838709677418
centerY: 0.8917624521072797
width: 0.014516129032258065
height: 0.014846743295019157
Area: 7.492893338277097e-05
CentroidX: 0.2281
CentroidY: 0.8971
