Location: +7777777777777777777-1.png_Gaussian-Closing.png
Component: component_1744838263302_115.png
centerX: 0.5352941176470588
centerY: 0.11545454545454545
width: 0.012352941176470587
height: 0.015909090909090907
Area: 5.561497326203208e-05
CentroidX: 0.5430
CentroidY: 0.1210
