Location: +7777777777777777777-1.png_Mean-Closing.png
Component: component_1744838263143_373.png
centerX: 0.6152941176470588
centerY: 0.3009090909090909
width: 0.010588235294117647
height: 0.017272727272727273
Area: 6.149732620320855e-05
CentroidX: 0.6225
CentroidY: 0.3078
