Location: +7777777777777777777-1.png_Otsu.png
Component: component_1744838262352_26.png
centerX: 0.3770588235294118
centerY: 0.05090909090909091
width: 0.01411764705882353
height: 0.014545454545454545
Area: 4.8128342245989304e-05
CentroidX: 0.3865
CentroidY: 0.0558
