Location: +7777777777777777777-1.png_Gaussian-Closing.png
Component: component_1744838263398_342.png
centerX: 0.31470588235294117
centerY: 0.2736363636363636
width: 0.010588235294117647
height: 0.014545454545454545
Area: 4.946524064171123e-05
CentroidX: 0.3215
CentroidY: 0.2793
