Location: Document_2025-04-19_204755-1.png_Otsu.png
Component: component_1745102850343_98.png
centerX: 0.15665488810365136
centerY: 0.12409071459135644
width: 0.020023557126030624
height: 0.017543859649122806
Area: 8.064056835472576e-05
CentroidX: 0.1693
CentroidY: 0.1296
