Location: +7777777777777777777-1.png_Gaussian-Median.png
Component: component_1744838263463_129.png
centerX: 0.73
centerY: 0.11727272727272728
width: 0.012941176470588235
height: 0.01681818181818182
Area: 6.336898395721926e-05
CentroidX: 0.7376
CentroidY: 0.1234
