Location: +7777777777777777777-1.png_Mean-Closing.png
Component: component_1744838263040_301.png
centerX: 0.7282352941176471
centerY: 0.24454545454545454
width: 0.01
height: 0.014090909090909091
Area: 5.213903743315508e-05
CentroidX: 0.7333
CentroidY: 0.2499
