Location: +7777777777777777777-1.png_Gaussian-Median.png
Component: component_1744838263501_291.png
centerX: 0.21470588235294116
centerY: 0.24045454545454545
width: 0.012941176470588235
height: 0.012727272727272728
Area: 5.4010695187165774e-05
CentroidX: 0.2232
CentroidY: 0.2445
