Location: +7777777777777777777-1.png_Otsu.png
Component: component_1744838262370_116.png
centerX: 0.6717647058823529
centerY: 0.11545454545454545
width: 0.01411764705882353
height: 0.016363636363636365
Area: 4.919786096256685e-05
CentroidX: 0.6802
CentroidY: 0.1216
