Location: +7777777777777777777-1.png_Otsu.png
Component: component_1744838262383_190.png
centerX: 0.08529411764705883
centerY: 0.175
width: 0.012352941176470587
height: 0.011818181818181818
Area: 4.171122994652406e-05
CentroidX: 0.0932
CentroidY: 0.1785
