Location: easy21_Mean-Medain.png
Component: component_1744297380815_258.png
centerX: 0.5266129032258065
centerY: 0.2686781609195402
width: 0.01532258064516129
height: 0.014846743295019157
Area: 7.299777530589544e-05
CentroidX: 0.5368
CentroidY: 0.2740
