Location: +7777777777777777777-1.png_Otsu.png
Component: component_1744838262362_79.png
centerX: 0.21823529411764706
centerY: 0.08409090909090909
width: 0.010588235294117647
height: 0.012727272727272728
Area: 3.770053475935829e-05
CentroidX: 0.2258
CentroidY: 0.0893
