Location: +7777777777777777777-1.png_Mean-Closing.png
Component: component_1744838263137_362.png
centerX: 0.12352941176470589
centerY: 0.3004545454545455
width: 0.014705882352941176
height: 0.012727272727272728
Area: 5.695187165775401e-05
CentroidX: 0.1327
CentroidY: 0.3047
