Location: +7777777777777777777-1.png_Otsu.png
Component: component_1744838262411_298.png
centerX: 0.49941176470588233
centerY: 0.24272727272727274
width: 0.012941176470588235
height: 0.011818181818181818
Area: 3.288770053475936e-05
CentroidX: 0.5076
CentroidY: 0.2462
