Location: +7777777777777777777-1.png_Gaussian-Median.png
Component: component_1744838263434_9.png
centerX: 0.8635294117647059
centerY: 0.04772727272727273
width: 0.01
height: 0.013181818181818182
Area: 5.2406417112299466e-05
CentroidX: 0.8701
CentroidY: 0.0527
