Location: +7777777777777777777-1.png_Otsu.png
Component: component_1744838262348_13.png
centerX: 0.5288235294117647
centerY: 0.04909090909090909
width: 0.01647058823529412
height: 0.015
Area: 4.839572192513369e-05
CentroidX: 0.5397
CentroidY: 0.0538
