Location: +7777777777777777777-1.png_Mean-Closing.png
Component: component_1744838263174_401.png
centerX: 0.7935294117647059
centerY: 0.3109090909090909
width: 0.010588235294117647
height: 0.013181818181818182
Area: 5.320855614973262e-05
CentroidX: 0.7997
CentroidY: 0.3159
