Location: easy21_Mean-Medain.png
Component: component_1744297380907_697.png
centerX: 0.7685483870967742
centerY: 0.5627394636015326
width: 0.01532258064516129
height: 0.01532567049808429
Area: 8.303979730564825e-05
CentroidX: 0.7793
CentroidY: 0.5685
