Location: easy26_Mean-Closing.png
Component: component_1744297381990_213.png
centerX: 0.2314516129032258
centerY: 0.16618773946360152
width: 0.013709677419354839
height: 0.014846743295019157
Area: 6.759053269064392e-05
CentroidX: 0.2411
CentroidY: 0.1714
