Location: +7777777777777777777-1.png_Otsu.png
Component: component_1744838262447_414.png
centerX: 0.8723529411764706
centerY: 0.31545454545454543
width: 0.013529411764705882
height: 0.015909090909090907
Area: 4.5989304812834224e-05
CentroidX: 0.8789
CentroidY: 0.3217
