Location: +7777777777777777777-1.png_Gaussian-Closing.png
Component: component_1744838263251_66.png
centerX: 0.6111764705882353
centerY: 0.08
width: 0.012941176470588235
height: 0.014545454545454545
Area: 6.497326203208557e-05
CentroidX: 0.6188
CentroidY: 0.0852
