Location: +7777777777777777777-1.png_Gaussian-Median.png
Component: component_1744838263496_269.png
centerX: 0.7147058823529412
centerY: 0.22454545454545455
width: 0.008823529411764706
height: 0.013181818181818182
Area: 4.973262032085561e-05
CentroidX: 0.7199
CentroidY: 0.2294
