Location: easy21_Mean-Medain.png
Component: component_1744297380890_618.png
centerX: 0.49193548387096775
centerY: 0.49616858237547895
width: 0.01532258064516129
height: 0.014367816091954023
Area: 7.60876282288963e-05
CentroidX: 0.5028
CentroidY: 0.5013
