Location: +7777777777777777777-1.png_Otsu.png
Component: component_1744838262393_238.png
centerX: 0.2570588235294118
centerY: 0.20772727272727273
width: 0.008823529411764706
height: 0.013181818181818182
Area: 3.181818181818182e-05
CentroidX: 0.2623
CentroidY: 0.2124
