Location: +7777777777777777777-1.png_Gaussian-Closing.png
Component: component_1744838263240_39.png
centerX: 0.13823529411764707
centerY: 0.05272727272727273
width: 0.012352941176470587
height: 0.014545454545454545
Area: 5.748663101604278e-05
CentroidX: 0.1466
CentroidY: 0.0579
