Location: +7777777777777777777-1.png_Gaussian-Closing.png
Component: component_1744838263253_73.png
centerX: 0.27058823529411763
centerY: 0.08272727272727273
width: 0.012941176470588235
height: 0.012272727272727272
Area: 5.4545454545454546e-05
CentroidX: 0.2792
CentroidY: 0.0871
