Location: easy64_Gaussian-Closing.png
Component: component_1744297381273_486.png
centerX: 0.6892382103990327
centerY: 0.3437366395895682
width: 0.008464328899637243
height: 0.010260795211628902
Area: 4.471779452871322e-05
CentroidX: 0.6947
CentroidY: 0.3479
