Location: easy21_Mean-Medain.png
Component: component_1744297380917_728.png
centerX: 0.42096774193548386
centerY: 0.564176245210728
width: 0.01532258064516129
height: 0.014846743295019157
Area: 7.879124953652206e-05
CentroidX: 0.4314
CentroidY: 0.5695
