Location: easy16_Gaussian-Median.png
Component: component_1744297381723_292.png
centerX: 0.5419354838709678
centerY: 0.2021072796934866
width: 0.01532258064516129
height: 0.014846743295019157
Area: 7.029415399826968e-05
CentroidX: 0.5522
CentroidY: 0.2073
