Location: +7777777777777777777-1.png_Gaussian-Median.png
Component: component_1744838263445_39.png
centerX: 0.29058823529411765
centerY: 0.05181818181818182
width: 0.012941176470588235
height: 0.017272727272727273
Area: 7.085561497326204e-05
CentroidX: 0.2992
CentroidY: 0.0579
