Location: easy21_Mean-Medain.png
Component: component_1744297380794_186.png
centerX: 0.6879032258064516
centerY: 0.1518199233716475
width: 0.014516129032258065
height: 0.01532567049808429
Area: 7.917748115189716e-05
CentroidX: 0.6981
CentroidY: 0.1576
