Location: +7777777777777777777-1.png_Otsu.png
Component: component_1744838262435_359.png
centerX: 0.7805882352941177
centerY: 0.27545454545454545
width: 0.011176470588235295
height: 0.012272727272727272
Area: 2.9946524064171122e-05
CentroidX: 0.7871
CentroidY: 0.2794
