Location: +7777777777777777777-1.png_Mean-Closing.png
Component: component_1744838262856_257.png
centerX: 0.7464705882352941
centerY: 0.22636363636363635
width: 0.015294117647058824
height: 0.015
Area: 6.203208556149733e-05
CentroidX: 0.7556
CentroidY: 0.2315
