Location: +7777777777777777777-1.png_Mean-Closing.png
Component: component_1744838263154_393.png
centerX: 0.72
centerY: 0.30363636363636365
width: 0.013529411764705882
height: 0.019090909090909092
Area: 6.844919786096257e-05
CentroidX: 0.7283
CentroidY: 0.3108
