Location: +7777777777777777777-1.png_Gaussian-Median.png
Component: component_1744838263461_120.png
centerX: 0.3688235294117647
centerY: 0.1159090909090909
width: 0.01411764705882353
height: 0.014545454545454545
Area: 5.748663101604278e-05
CentroidX: 0.3784
CentroidY: 0.1209
