Location: +7777777777777777777-1.png_Gaussian-Closing.png
Component: component_1744838263387_292.png
centerX: 0.6005882352941176
centerY: 0.2431818181818182
width: 0.010588235294117647
height: 0.013181818181818182
Area: 4.625668449197861e-05
CentroidX: 0.6074
CentroidY: 0.2480
