Location: +7777777777777777777-1.png_Gaussian-Closing.png
Component: component_1744838263252_72.png
centerX: 0.13705882352941176
centerY: 0.08318181818181818
width: 0.012941176470588235
height: 0.014545454545454545
Area: 5.882352941176471e-05
CentroidX: 0.1455
CentroidY: 0.0883
