Location: +7777777777777777777-1.png_Gaussian-Median.png
Component: component_1744838263472_172.png
centerX: 0.56
centerY: 0.14863636363636365
width: 0.012352941176470587
height: 0.012727272727272728
Area: 5.2406417112299466e-05
CentroidX: 0.5676
CentroidY: 0.1531
