Location: +7777777777777777777-1.png_Otsu.png
Component: component_1744838262421_338.png
centerX: 0.4435294117647059
centerY: 0.2727272727272727
width: 0.010588235294117647
height: 0.011818181818181818
Area: 3.502673796791444e-05
CentroidX: 0.4503
CentroidY: 0.2770
