Location: +7777777777777777777-1.png_Mean-Closing.png
Component: component_1744838262853_252.png
centerX: 0.62
centerY: 0.22363636363636363
width: 0.01
height: 0.013181818181818182
Area: 4.705882352941177e-05
CentroidX: 0.6253
CentroidY: 0.2287
