Location: +7777777777777777777-1.png_Gaussian-Closing.png
Component: component_1744838263334_161.png
centerX: 0.6447058823529411
centerY: 0.1481818181818182
width: 0.012941176470588235
height: 0.012727272727272728
Area: 5.935828877005347e-05
CentroidX: 0.6520
CentroidY: 0.1530
