Location: +7777777777777777777-1.png_Gaussian-Closing.png
Component: component_1744838263307_127.png
centerX: 0.8641176470588235
centerY: 0.12727272727272726
width: 0.00823529411764706
height: 0.018636363636363635
Area: 6.25668449197861e-05
CentroidX: 0.8686
CentroidY: 0.1351
