Location: easy21_Mean-Medain.png
Component: component_1744297380968_933.png
centerX: 0.864516129032258
centerY: 0.7011494252873564
width: 0.01532258064516129
height: 0.01532567049808429
Area: 8.5743418613274e-05
CentroidX: 0.8751
CentroidY: 0.7066
