Location: easy26_Mean-Closing.png
Component: component_1744297382038_451.png
centerX: 0.25483870967741934
centerY: 0.3242337164750958
width: 0.014516129032258065
height: 0.014367816091954023
Area: 6.874922753676925e-05
CentroidX: 0.2646
CentroidY: 0.3294
