Location: +7777777777777777777-1.png_Mean-Closing.png
Component: component_1744838262498_70.png
centerX: 0.31176470588235294
centerY: 0.08181818181818182
width: 0.010588235294117647
height: 0.01090909090909091
Area: 4.144385026737968e-05
CentroidX: 0.3184
CentroidY: 0.0858
