Location: +7777777777777777777-1.png_Gaussian-Median.png
Component: component_1744838263457_98.png
centerX: 0.1976470588235294
centerY: 0.11318181818181818
width: 0.012352941176470587
height: 0.012727272727272728
Area: 4.5989304812834224e-05
CentroidX: 0.2058
CentroidY: 0.1174
