Location: +7777777777777777777-1.png_Gaussian-Median.png
Component: component_1744838263474_181.png
centerX: 0.8582352941176471
centerY: 0.1559090909090909
width: 0.01411764705882353
height: 0.012272727272727272
Area: 5.935828877005347e-05
CentroidX: 0.8674
CentroidY: 0.1602
