Location: +7777777777777777777-1.png_Gaussian-Median.png
Component: component_1744838263486_227.png
centerX: 0.758235294117647
centerY: 0.18636363636363637
width: 0.013529411764705882
height: 0.013636363636363636
Area: 5.7754010695187164e-05
CentroidX: 0.7661
CentroidY: 0.1913
