Location: +7777777777777777777-1.png_Gaussian-Closing.png
Component: component_1744838263240_37.png
centerX: 0.33294117647058824
centerY: 0.05181818181818182
width: 0.01411764705882353
height: 0.015
Area: 6.470588235294117e-05
CentroidX: 0.3421
CentroidY: 0.0571
