Location: +7777777777777777777-1.png_Gaussian-Closing.png
Component: component_1744838263253_78.png
centerX: 0.1776470588235294
centerY: 0.08363636363636363
width: 0.013529411764705882
height: 0.017727272727272727
Area: 6.711229946524064e-05
CentroidX: 0.1867
CentroidY: 0.0898
