Location: +7777777777777777777-1.png_Mean-Closing.png
Component: component_1744838262568_153.png
centerX: 0.5264705882352941
centerY: 0.14727272727272728
width: 0.009411764705882352
height: 0.019090909090909092
Area: 6.711229946524064e-05
CentroidX: 0.5320
CentroidY: 0.1559
