Location: +7777777777777777777-1.png_Gaussian-Closing.png
Component: component_1744838263344_182.png
centerX: 0.20352941176470588
centerY: 0.1740909090909091
width: 0.015294117647058824
height: 0.013636363636363636
Area: 5.802139037433155e-05
CentroidX: 0.2124
CentroidY: 0.1784
