Location: +7777777777777777777-1.png_Otsu.png
Component: component_1744838262362_80.png
centerX: 0.23705882352941177
centerY: 0.08409090909090909
width: 0.01
height: 0.011818181818181818
Area: 3.288770053475936e-05
CentroidX: 0.2433
CentroidY: 0.0887
