Location: 2025-04-19_204725-1.png_Otsu.png
Component: component_1745102850196_500.png
centerX: 0.767962308598351
centerY: 0.6529738981600343
width: 0.02120141342756184
height: 0.01797175866495507
Area: 0.00011390480280105014
CentroidX: 0.7816
CentroidY: 0.6588
