Location: +7777777777777777777-1.png_Mean-Closing.png
Component: component_1744838263062_303.png
centerX: 0.7652941176470588
centerY: 0.24727272727272728
width: 0.009411764705882352
height: 0.013636363636363636
Area: 5.080213903743316e-05
CentroidX: 0.7706
CentroidY: 0.2526
