Location: +7777777777777777777-1.png_Otsu.png
Component: component_1744838262350_21.png
centerX: 0.4435294117647059
centerY: 0.05045454545454545
width: 0.012941176470588235
height: 0.015454545454545455
Area: 4.251336898395722e-05
CentroidX: 0.4527
CentroidY: 0.0560
