Location: +7777777777777777777-1.png_Gaussian-Median.png
Component: component_1744838263477_207.png
centerX: 0.40352941176470586
centerY: 0.17681818181818182
width: 0.018235294117647058
height: 0.014090909090909091
Area: 6.524064171122995e-05
CentroidX: 0.4146
CentroidY: 0.1815
