Location: +7777777777777777777-1.png_Otsu.png
Component: component_1744838262377_153.png
centerX: 0.5264705882352941
centerY: 0.14772727272727273
width: 0.008823529411764706
height: 0.018636363636363635
Area: 5.133689839572192e-05
CentroidX: 0.5320
CentroidY: 0.1559
