Location: +7777777777777777777-1.png_Otsu.png
Component: component_1744838262411_296.png
centerX: 0.6464705882352941
centerY: 0.24181818181818182
width: 0.012941176470588235
height: 0.013636363636363636
Area: 3.93048128342246e-05
CentroidX: 0.6543
CentroidY: 0.2461
