Location: +7777777777777777777-1.png_Gaussian-Median.png
Component: component_1744838263493_254.png
centerX: 0.4547058823529412
centerY: 0.21954545454545454
width: 0.01
height: 0.013181818181818182
Area: 4.732620320855615e-05
CentroidX: 0.4593
CentroidY: 0.2244
