Location: +7777777777777777777-1.png_Gaussian-Closing.png
Component: component_1744838263411_409.png
centerX: 0.13647058823529412
centerY: 0.3286363636363636
width: 0.017058823529411765
height: 0.012727272727272728
Area: 5.695187165775401e-05
CentroidX: 0.1466
CentroidY: 0.3328
