Location: +7777777777777777777-1.png_Mean-Closing.png
Component: component_1744838262480_17.png
centerX: 0.528235294117647
centerY: 0.04909090909090909
width: 0.01764705882352941
height: 0.015
Area: 7.085561497326204e-05
CentroidX: 0.5397
CentroidY: 0.0539
