Location: +7777777777777777777-1.png_Otsu.png
Component: component_1744838262349_17.png
centerX: 0.7517647058823529
centerY: 0.04909090909090909
width: 0.010588235294117647
height: 0.012727272727272728
Area: 3.3155080213903747e-05
CentroidX: 0.7588
CentroidY: 0.0530
