Location: 2025-04-19_204725-1.png_Otsu.png
Component: component_1745102850106_137.png
centerX: 0.09246171967020024
centerY: 0.20239623448866068
width: 0.018256772673733806
height: 0.014976465554129225
Area: 9.903669801064758e-05
CentroidX: 0.1033
CentroidY: 0.2080
