Location: +7777777777777777777-1.png_Mean-Closing.png
Component: component_1744838262496_58.png
centerX: 0.7958823529411765
centerY: 0.07909090909090909
width: 0.01411764705882353
height: 0.015909090909090907
Area: 9.491978609625668e-05
CentroidX: 0.8040
CentroidY: 0.0857
