Location: +7777777777777777777-1.png_Mean-Closing.png
Component: component_1744838262484_24.png
centerX: 0.3764705882352941
centerY: 0.05045454545454545
width: 0.015294117647058824
height: 0.015
Area: 7.032085561497326e-05
CentroidX: 0.3864
CentroidY: 0.0559
