Location: +7777777777777777777-1.png_Gaussian-Closing.png
Component: component_1744838263403_369.png
centerX: 0.17941176470588235
centerY: 0.3013636363636364
width: 0.010588235294117647
height: 0.012272727272727272
Area: 4.759358288770053e-05
CentroidX: 0.1857
CentroidY: 0.3060
