Location: +7777777777777777777-1.png_Gaussian-Closing.png
Component: component_1744838263255_86.png
centerX: 0.4076470588235294
centerY: 0.08454545454545455
width: 0.00823529411764706
height: 0.011818181818181818
Area: 3.877005347593583e-05
CentroidX: 0.4133
CentroidY: 0.0891
