Location: +7777777777777777777-1.png_Gaussian-Median.png
Component: component_1744838263511_324.png
centerX: 0.0888235294117647
centerY: 0.26636363636363636
width: 0.010588235294117647
height: 0.020454545454545454
Area: 6.524064171122995e-05
CentroidX: 0.0959
CentroidY: 0.2746
