Location: easy26_Mean-Closing.png
Component: component_1744297382073_497.png
centerX: 0.8540322580645161
centerY: 0.3457854406130268
width: 0.014516129032258065
height: 0.014846743295019157
Area: 6.913545915214436e-05
CentroidX: 0.8643
CentroidY: 0.3510
