Location: +7777777777777777777-1.png_Gaussian-Median.png
Component: component_1744838263452_64.png
centerX: 0.8752941176470588
centerY: 0.07954545454545454
width: 0.012941176470588235
height: 0.013181818181818182
Area: 5.9893048128342244e-05
CentroidX: 0.8836
CentroidY: 0.0841
