Location: +7777777777777777777-1.png_Gaussian-Median.png
Component: component_1744838263476_201.png
centerX: 0.30058823529411766
centerY: 0.17454545454545456
width: 0.011764705882352941
height: 0.015
Area: 6.390374331550802e-05
CentroidX: 0.3070
CentroidY: 0.1794
