Location: +7777777777777777777-1.png_Otsu.png
Component: component_1744838262419_329.png
centerX: 0.3341176470588235
centerY: 0.2722727272727273
width: 0.01
height: 0.014545454545454545
Area: 3.502673796791444e-05
CentroidX: 0.3405
CentroidY: 0.2775
