Location: +7777777777777777777-1.png_Gaussian-Median.png
Component: component_1744838263479_212.png
centerX: 0.47294117647058825
centerY: 0.17909090909090908
width: 0.011176470588235295
height: 0.014545454545454545
Area: 5.374331550802139e-05
CentroidX: 0.4805
CentroidY: 0.1847
