Location: 2025-04-19_204725-1.png_Otsu.png
Component: component_1745102850213_599.png
centerX: 0.8928150765606596
centerY: 0.7787762088147198
width: 0.0176678445229682
height: 0.01797175866495507
Area: 0.00014364101238185527
CentroidX: 0.9042
CentroidY: 0.7856
