Location: +7777777777777777777-1.png_Gaussian-Median.png
Component: component_1744838263478_208.png
centerX: 0.27705882352941175
centerY: 0.17727272727272728
width: 0.013529411764705882
height: 0.014090909090909091
Area: 5.508021390374332e-05
CentroidX: 0.2855
CentroidY: 0.1819
