Location: easy26_Mean-Closing.png
Component: component_1744297382092_579.png
centerX: 0.14919354838709678
centerY: 0.39176245210727967
width: 0.013709677419354839
height: 0.014367816091954023
Area: 6.604560622914349e-05
CentroidX: 0.1589
CentroidY: 0.3969
