Location: 2025-04-19_204725-1.png_Otsu.png
Component: component_1745102850093_94.png
centerX: 0.823321554770318
centerY: 0.14120667522464697
width: 0.02120141342756184
height: 0.01797175866495507
Area: 0.00014086899284466157
CentroidX: 0.8374
CentroidY: 0.1482
