Location: +7777777777777777777-1.png_Otsu.png
Component: component_1744838262387_211.png
centerX: 0.5935294117647059
centerY: 0.18181818181818182
width: 0.01411764705882353
height: 0.013636363636363636
Area: 4.411764705882353e-05
CentroidX: 0.6021
CentroidY: 0.1865
