Location: +7777777777777777777-1.png_Gaussian-Closing.png
Component: component_1744838263368_232.png
centerX: 0.2747058823529412
centerY: 0.20772727272727273
width: 0.01411764705882353
height: 0.014090909090909091
Area: 6.25668449197861e-05
CentroidX: 0.2834
CentroidY: 0.2125
