Location: +7777777777777777777-1.png_Gaussian-Closing.png
Component: component_1744838263406_386.png
centerX: 0.44941176470588234
centerY: 0.30272727272727273
width: 0.010588235294117647
height: 0.011363636363636364
Area: 4.385026737967914e-05
CentroidX: 0.4563
CentroidY: 0.3072
