Location: +7777777777777777777-1.png_Gaussian-Median.png
Component: component_1744838263531_404.png
centerX: 0.32588235294117646
centerY: 0.30363636363636365
width: 0.009411764705882352
height: 0.016363636363636365
Area: 5.641711229946524e-05
CentroidX: 0.3319
CentroidY: 0.3102
