Location: +7777777777777777777-1.png_Mean-Closing.png
Component: component_1744838262963_285.png
centerX: 0.5176470588235295
centerY: 0.24136363636363636
width: 0.01588235294117647
height: 0.012727272727272728
Area: 6.203208556149733e-05
CentroidX: 0.5272
CentroidY: 0.2458
