Location: 2025-04-19_204725-1.png_Otsu.png
Component: component_1745102850123_211.png
centerX: 0.3303886925795053
centerY: 0.2866923406076166
width: 0.02120141342756184
height: 0.01668806161745828
Area: 0.00012196885963652271
CentroidX: 0.3439
CentroidY: 0.2924
