Location: +7777777777777777777-1.png_Gaussian-Closing.png
Component: component_1744838263368_230.png
centerX: 0.2211764705882353
centerY: 0.20772727272727273
width: 0.011764705882352941
height: 0.011818181818181818
Area: 4.705882352941177e-05
CentroidX: 0.2286
CentroidY: 0.2119
