Location: +7777777777777777777-1.png_Otsu.png
Component: component_1744838262440_384.png
centerX: 0.37411764705882355
centerY: 0.3018181818181818
width: 0.011764705882352941
height: 0.011818181818181818
Area: 3.20855614973262e-05
CentroidX: 0.3818
CentroidY: 0.3057
