Location: +7777777777777777777-1.png_Otsu.png
Component: component_1744838262365_95.png
centerX: 0.13352941176470587
centerY: 0.11409090909090909
width: 0.015294117647058824
height: 0.015
Area: 4.0106951871657754e-05
CentroidX: 0.1432
CentroidY: 0.1191
