Location: easy43_Mean-Closing.png
Component: component_1744297380586_303.png
centerX: 0.44256348246674726
centerY: 0.28003420265070544
width: 0.008464328899637243
height: 0.00983326207781103
Area: 4.109901346858614e-05
CentroidX: 0.4479
CentroidY: 0.2842
