Location: +7777777777777777777-1.png_Otsu.png
Component: component_1744838262444_399.png
centerX: 0.7029411764705882
centerY: 0.30363636363636365
width: 0.011176470588235295
height: 0.017272727272727273
Area: 4.304812834224599e-05
CentroidX: 0.7098
CentroidY: 0.3097
