Location: +7777777777777777777-1.png_Gaussian-Median.png
Component: component_1744838263453_71.png
centerX: 0.2923529411764706
centerY: 0.08181818181818182
width: 0.012352941176470587
height: 0.011818181818181818
Area: 5.053475935828877e-05
CentroidX: 0.3005
CentroidY: 0.0861
