Location: +7777777777777777777-1.png_Otsu.png
Component: component_1744838262385_202.png
centerX: 0.38588235294117645
centerY: 0.17772727272727273
width: 0.012941176470588235
height: 0.012727272727272728
Area: 3.93048128342246e-05
CentroidX: 0.3949
CentroidY: 0.1821
