Location: +7777777777777777777-1.png_Mean-Closing.png
Component: component_1744838262834_186.png
centerX: 0.22176470588235295
centerY: 0.17454545454545456
width: 0.01647058823529412
height: 0.012727272727272728
Area: 5.7754010695187164e-05
CentroidX: 0.2319
CentroidY: 0.1782
