Location: +7777777777777777777-1.png_Otsu.png
Component: component_1744838262395_244.png
centerX: 0.3864705882352941
centerY: 0.21363636363636362
width: 0.009411764705882352
height: 0.01090909090909091
Area: 3.2620320855614975e-05
CentroidX: 0.3914
CentroidY: 0.2178
