Location: +7777777777777777777-1.png_Otsu.png
Component: component_1744838262431_355.png
centerX: 0.7123529411764706
centerY: 0.2740909090909091
width: 0.011176470588235295
height: 0.011363636363636364
Area: 3.128342245989305e-05
CentroidX: 0.7191
CentroidY: 0.2782
