Location: +7777777777777777777-1.png_Mean-Closing.png
Component: component_1744838262902_273.png
centerX: 0.17352941176470588
centerY: 0.2390909090909091
width: 0.012352941176470587
height: 0.013636363636363636
Area: 5.588235294117647e-05
CentroidX: 0.1816
CentroidY: 0.2446
