Location: +7777777777777777777-1.png_Gaussian-Median.png
Component: component_1744838263508_309.png
centerX: 0.6311764705882353
centerY: 0.24272727272727274
width: 0.011176470588235295
height: 0.014545454545454545
Area: 5.133689839572192e-05
CentroidX: 0.6383
CentroidY: 0.2478
