Location: +7777777777777777777-1.png_Mean-Closing.png
Component: component_1744838262839_212.png
centerX: 0.7235294117647059
centerY: 0.18636363636363637
width: 0.01411764705882353
height: 0.014090909090909091
Area: 6.470588235294117e-05
CentroidX: 0.7315
CentroidY: 0.1910
