Location: +7777777777777777777-1.png_Otsu.png
Component: component_1744838262378_157.png
centerX: 0.35
centerY: 0.1481818181818182
width: 0.009411764705882352
height: 0.014545454545454545
Area: 4.2780748663101606e-05
CentroidX: 0.3562
CentroidY: 0.1536
