Location: +7777777777777777777-1.png_Otsu.png
Component: component_1744838262400_265.png
centerX: 0.7470588235294118
centerY: 0.22636363636363635
width: 0.01411764705882353
height: 0.014545454545454545
Area: 4.11764705882353e-05
CentroidX: 0.7555
CentroidY: 0.2309
