Location: +7777777777777777777-1.png_Gaussian-Median.png
Component: component_1744838263513_334.png
centerX: 0.24411764705882352
centerY: 0.2718181818181818
width: 0.011176470588235295
height: 0.013636363636363636
Area: 4.786096256684492e-05
CentroidX: 0.2512
CentroidY: 0.2771
