Location: +7777777777777777777-1.png_Otsu.png
Component: component_1744838262448_416.png
centerX: 0.16058823529411764
centerY: 0.32636363636363636
width: 0.011176470588235295
height: 0.015454545454545455
Area: 4.0641711229946525e-05
CentroidX: 0.1680
CentroidY: 0.3318
