Location: +7777777777777777777-1.png_Gaussian-Median.png
Component: component_1744838263497_271.png
centerX: 0.7464705882352941
centerY: 0.22636363636363635
width: 0.015294117647058824
height: 0.015
Area: 6.149732620320855e-05
CentroidX: 0.7557
CentroidY: 0.2315
