Location: +7777777777777777777-1.png_Gaussian-Closing.png
Component: component_1744838263288_104.png
centerX: 0.5194117647058824
centerY: 0.11454545454545455
width: 0.011764705882352941
height: 0.01818181818181818
Area: 6.470588235294117e-05
CentroidX: 0.5268
CentroidY: 0.1213
