Location: +7777777777777777777-1.png_Otsu.png
Component: component_1744838262410_290.png
centerX: 0.44588235294117645
centerY: 0.2409090909090909
width: 0.010588235294117647
height: 0.011363636363636364
Area: 2.9679144385026736e-05
CentroidX: 0.4530
CentroidY: 0.2448
