Location: Document_2025-04-19_204755-1.png_Otsu.png
Component: component_1745102850368_335.png
centerX: 0.44287396937573614
centerY: 0.3406076166024818
width: 0.018256772673733806
height: 0.013264869490800172
Area: 9.65166802495624e-05
CentroidX: 0.4547
CentroidY: 0.3451
