Location: easy21_Mean-Medain.png
Component: component_1744297380848_404.png
centerX: 0.04758064516129032
centerY: 0.3611111111111111
width: 0.016935483870967744
height: 0.014846743295019157
Area: 7.60876282288963e-05
CentroidX: 0.0596
CentroidY: 0.3662
