Location: +7777777777777777777-1.png_Gaussian-Closing.png
Component: component_1744838263344_187.png
centerX: 0.30058823529411766
centerY: 0.17454545454545456
width: 0.011764705882352941
height: 0.014545454545454545
Area: 6.310160427807486e-05
CentroidX: 0.3070
CentroidY: 0.1793
