Location: +7777777777777777777-1.png_Mean-Closing.png
Component: component_1744838262846_231.png
centerX: 0.2958823529411765
centerY: 0.20727272727272728
width: 0.011176470588235295
height: 0.013636363636363636
Area: 4.919786096256685e-05
CentroidX: 0.3029
CentroidY: 0.2117
