Location: +7777777777777777777-1.png_Gaussian-Median.png
Component: component_1744838263529_399.png
centerX: 0.34058823529411764
centerY: 0.30318181818181816
width: 0.010588235294117647
height: 0.015454545454545455
Area: 4.839572192513369e-05
CentroidX: 0.3471
CentroidY: 0.3091
