Location: +7777777777777777777-1.png_Gaussian-Median.png
Component: component_1744838263493_252.png
centerX: 0.4194117647058824
centerY: 0.21409090909090908
width: 0.012941176470588235
height: 0.013636363636363636
Area: 5.4010695187165774e-05
CentroidX: 0.4273
CentroidY: 0.2193
