Location: +7777777777777777777-1.png_Mean-Closing.png
Component: component_1744838262503_92.png
centerX: 0.25882352941176473
centerY: 0.11318181818181818
width: 0.01411764705882353
height: 0.013636363636363636
Area: 5.0267379679144385e-05
CentroidX: 0.2672
CentroidY: 0.1174
