Location: easy21_Mean-Medain.png
Component: component_1744297380833_341.png
centerX: 0.18387096774193548
centerY: 0.31657088122605365
width: 0.014516129032258065
height: 0.014846743295019157
Area: 7.338400692127055e-05
CentroidX: 0.1942
CentroidY: 0.3221
