Location: +7777777777777777777-1.png_Mean-Closing.png
Component: component_1744838262845_227.png
centerX: 0.3170588235294118
centerY: 0.2059090909090909
width: 0.010588235294117647
height: 0.014545454545454545
Area: 5.320855614973262e-05
CentroidX: 0.3238
CentroidY: 0.2115
