Location: +7777777777777777777-1.png_Gaussian-Median.png
Component: component_1744838263451_59.png
centerX: 0.7552941176470588
centerY: 0.07954545454545454
width: 0.01411764705882353
height: 0.015454545454545455
Area: 6.577540106951871e-05
CentroidX: 0.7644
CentroidY: 0.0845
