Location: +7777777777777777777-1.png_Otsu.png
Component: component_1744838262395_243.png
centerX: 0.37176470588235294
centerY: 0.21409090909090908
width: 0.01
height: 0.01090909090909091
Area: 3.128342245989305e-05
CentroidX: 0.3772
CentroidY: 0.2179
