Location: +7777777777777777777-1.png_Gaussian-Median.png
Component: component_1744838263464_132.png
centerX: 0.7876470588235294
centerY: 0.12227272727272727
width: 0.011176470588235295
height: 0.015909090909090907
Area: 6.096256684491979e-05
CentroidX: 0.7951
CentroidY: 0.1278
