Location: +7777777777777777777-1.png_Mean-Closing.png
Component: component_1744838262857_260.png
centerX: 0.8741176470588236
centerY: 0.22818181818181818
width: 0.014705882352941176
height: 0.015
Area: 6.925133689839573e-05
CentroidX: 0.8836
CentroidY: 0.2333
