Location: +7777777777777777777-1.png_Otsu.png
Component: component_1744838262359_63.png
centerX: 0.6111764705882353
centerY: 0.08
width: 0.012941176470588235
height: 0.014545454545454545
Area: 4.705882352941177e-05
CentroidX: 0.6187
CentroidY: 0.0847
