Location: easy26_Mean-Closing.png
Component: component_1744297382139_835.png
centerX: 0.3411290322580645
centerY: 0.6590038314176245
width: 0.014516129032258065
height: 0.014367816091954023
Area: 6.913545915214436e-05
CentroidX: 0.3511
CentroidY: 0.6643
