Location: easy21_Mean-Medain.png
Component: component_1744297380861_468.png
centerX: 0.45161290322580644
centerY: 0.40565134099616856
width: 0.014516129032258065
height: 0.014846743295019157
Area: 7.145284884439501e-05
CentroidX: 0.4613
CentroidY: 0.4109
