Location: easy21_Mean-Medain.png
Component: component_1744297380852_425.png
centerX: 0.8217741935483871
centerY: 0.38026819923371646
width: 0.014516129032258065
height: 0.014846743295019157
Area: 7.377023853664566e-05
CentroidX: 0.8317
CentroidY: 0.3852
