Location: +7777777777777777777-1.png_Gaussian-Closing.png
Component: component_1744838263222_14.png
centerX: 0.8464705882352941
centerY: 0.04818181818181818
width: 0.009411764705882352
height: 0.015
Area: 5.695187165775401e-05
CentroidX: 0.8520
CentroidY: 0.0540
