Location: +7777777777777777777-1.png_Gaussian-Median.png
Component: component_1744838263516_340.png
centerX: 0.46058823529411763
centerY: 0.2722727272727273
width: 0.011176470588235295
height: 0.012272727272727272
Area: 4.46524064171123e-05
CentroidX: 0.4679
CentroidY: 0.2767
