Location: +7777777777777777777-1.png_Gaussian-Median.png
Component: component_1744838263486_228.png
centerX: 0.7776470588235294
centerY: 0.18681818181818183
width: 0.01411764705882353
height: 0.015454545454545455
Area: 6.149732620320855e-05
CentroidX: 0.7861
CentroidY: 0.1921
