Location: +7777777777777777777-1.png_Gaussian-Closing.png
Component: component_1744838263401_356.png
centerX: 0.8682352941176471
centerY: 0.2781818181818182
width: 0.013529411764705882
height: 0.013181818181818182
Area: 5.962566844919786e-05
CentroidX: 0.8761
CentroidY: 0.2829
