Location: +7777777777777777777-1.png_Gaussian-Closing.png
Component: component_1744838263382_270.png
centerX: 0.15235294117647058
centerY: 0.2381818181818182
width: 0.014705882352941176
height: 0.012272727272727272
Area: 5.4278074866310164e-05
CentroidX: 0.1619
CentroidY: 0.2420
