Location: Document_2025-04-19_204755-1.png_Otsu.png
Component: component_1745102850339_63.png
centerX: 0.9193168433451119
centerY: 0.08172871202396234
width: 0.019434628975265017
height: 0.018399657680787333
Area: 0.00012222086141263123
CentroidX: 0.9317
CentroidY: 0.0883
