Location: +7777777777777777777-1.png_Mean-Closing.png
Component: component_1744838263132_350.png
centerX: 0.76
centerY: 0.2740909090909091
width: 0.011764705882352941
height: 0.013636363636363636
Area: 5.1871657754010694e-05
CentroidX: 0.7672
CentroidY: 0.2789
