Location: +7777777777777777777-1.png_Gaussian-Closing.png
Component: component_1744838263370_238.png
centerX: 0.42
centerY: 0.21409090909090908
width: 0.012352941176470587
height: 0.013181818181818182
Area: 5.213903743315508e-05
CentroidX: 0.4273
CentroidY: 0.2192
