Location: +7777777777777777777-1.png_Otsu.png
Component: component_1744838262382_189.png
centerX: 0.20352941176470588
centerY: 0.1740909090909091
width: 0.015294117647058824
height: 0.013181818181818182
Area: 4.385026737967914e-05
CentroidX: 0.2124
CentroidY: 0.1781
