Location: Document_2025-04-19_204755-1.png_Otsu.png
Component: component_1745102850343_97.png
centerX: 0.8739693757361602
centerY: 0.12366281557552418
width: 0.0176678445229682
height: 0.01540436456996149
Area: 0.00011491280990548422
CentroidX: 0.8847
CentroidY: 0.1294
