Location: +7777777777777777777-1.png_Gaussian-Median.png
Component: component_1744838263494_258.png
centerX: 0.5352941176470588
centerY: 0.22181818181818183
width: 0.011176470588235295
height: 0.011363636363636364
Area: 4.46524064171123e-05
CentroidX: 0.5419
CentroidY: 0.2256
