Location: +7777777777777777777-1.png_Otsu.png
Component: component_1744838262389_222.png
centerX: 0.8717647058823529
centerY: 0.18681818181818183
width: 0.013529411764705882
height: 0.01090909090909091
Area: 3.663101604278075e-05
CentroidX: 0.8803
CentroidY: 0.1900
