Location: +7777777777777777777-1.png_Otsu.png
Component: component_1744838262388_214.png
centerX: 0.6823529411764706
centerY: 0.1831818181818182
width: 0.008823529411764706
height: 0.013181818181818182
Area: 3.4491978609625666e-05
CentroidX: 0.6873
CentroidY: 0.1877
