Location: +7777777777777777777-1.png_Otsu.png
Component: component_1744838262366_104.png
centerX: 0.5194117647058824
centerY: 0.11454545454545455
width: 0.011764705882352941
height: 0.017727272727272727
Area: 4.491978609625669e-05
CentroidX: 0.5267
CentroidY: 0.1204
