Location: +7777777777777777777-1.png_Mean-Closing.png
Component: component_1744838263069_309.png
centerX: 0.8511764705882353
centerY: 0.2531818181818182
width: 0.011764705882352941
height: 0.013636363636363636
Area: 5.8288770053475936e-05
CentroidX: 0.8580
CentroidY: 0.2581
