Location: easy26_Mean-Closing.png
Component: component_1744297382188_1078.png
centerX: 0.6717741935483871
centerY: 0.8160919540229885
width: 0.014516129032258065
height: 0.014367816091954023
Area: 6.952169076751947e-05
CentroidX: 0.6818
CentroidY: 0.8210
