Location: +7777777777777777777-1.png_Mean-Closing.png
Component: component_1744838262478_10.png
centerX: 0.6770588235294117
centerY: 0.04818181818181818
width: 0.010588235294117647
height: 0.014545454545454545
Area: 5.6149732620320855e-05
CentroidX: 0.6836
CentroidY: 0.0537
