Location: easy16_Gaussian-Median.png
Component: component_1744297381778_483.png
centerX: 0.864516129032258
centerY: 0.3328544061302682
width: 0.01532258064516129
height: 0.014846743295019157
Area: 7.879124953652206e-05
CentroidX: 0.8748
CentroidY: 0.3380
