Location: +7777777777777777777-1.png_Otsu.png
Component: component_1744838262362_84.png
centerX: 0.2523529411764706
centerY: 0.08454545454545455
width: 0.011764705882352941
height: 0.011363636363636364
Area: 3.4224598930481284e-05
CentroidX: 0.2598
CentroidY: 0.0886
