Location: +7777777777777777777-1.png_Gaussian-Closing.png
Component: component_1744838263237_29.png
centerX: 0.07941176470588235
centerY: 0.05090909090909091
width: 0.015294117647058824
height: 0.015909090909090907
Area: 7.914438502673796e-05
CentroidX: 0.0894
CentroidY: 0.0565
