Location: +7777777777777777777-1.png_Gaussian-Closing.png
Component: component_1744838263305_123.png
centerX: 0.7876470588235294
centerY: 0.12227272727272727
width: 0.011176470588235295
height: 0.015454545454545455
Area: 6.096256684491979e-05
CentroidX: 0.7950
CentroidY: 0.1277
