Location: +7777777777777777777-1.png_Mean-Closing.png
Component: component_1744838262799_162.png
centerX: 0.43588235294117644
centerY: 0.14909090909090908
width: 0.012352941176470587
height: 0.013181818181818182
Area: 5.3475935828877e-05
CentroidX: 0.4437
CentroidY: 0.1536
