Location: +7777777777777777777-1.png_Gaussian-Median.png
Component: component_1744838263523_371.png
centerX: 0.8852941176470588
centerY: 0.2786363636363636
width: 0.012352941176470587
height: 0.01
Area: 4.732620320855615e-05
CentroidX: 0.8927
CentroidY: 0.2818
