Location: +7777777777777777777-1.png_Mean-Closing.png
Component: component_1744838262518_150.png
centerX: 0.4194117647058824
centerY: 0.14772727272727273
width: 0.013529411764705882
height: 0.014545454545454545
Area: 6.06951871657754e-05
CentroidX: 0.4283
CentroidY: 0.1529
