Location: +7777777777777777777-1.png_Otsu.png
Component: component_1744838262401_267.png
centerX: 0.7870588235294118
centerY: 0.22772727272727272
width: 0.012352941176470587
height: 0.014090909090909091
Area: 4.11764705882353e-05
CentroidX: 0.7949
CentroidY: 0.2325
