Location: +7777777777777777777-1.png_Gaussian-Closing.png
Component: component_1744838263340_170.png
centerX: 0.7864705882352941
centerY: 0.15545454545454546
width: 0.012941176470588235
height: 0.014545454545454545
Area: 6.0160427807486634e-05
CentroidX: 0.7946
CentroidY: 0.1605
