Location: easy26_Mean-Closing.png
Component: component_1744297382204_1156.png
centerX: 0.06854838709677419
centerY: 0.8826628352490421
width: 0.014516129032258065
height: 0.014846743295019157
Area: 6.913545915214436e-05
CentroidX: 0.0786
CentroidY: 0.8880
