Location: +7777777777777777777-1.png_Otsu.png
Component: component_1744838262376_149.png
centerX: 0.3305882352941176
centerY: 0.14772727272727273
width: 0.013529411764705882
height: 0.015454545454545455
Area: 5.0267379679144385e-05
CentroidX: 0.3397
CentroidY: 0.1536
