Location: +7777777777777777777-1.png_Gaussian-Median.png
Component: component_1744838263487_234.png
centerX: 0.10235294117647059
centerY: 0.19954545454545455
width: 0.010588235294117647
height: 0.013636363636363636
Area: 4.919786096256685e-05
CentroidX: 0.1085
CentroidY: 0.2043
