Location: +7777777777777777777-1.png_Gaussian-Closing.png
Component: component_1744838263371_245.png
centerX: 0.5794117647058824
centerY: 0.22181818181818183
width: 0.00823529411764706
height: 0.013181818181818182
Area: 4.2245989304812834e-05
CentroidX: 0.5836
CentroidY: 0.2271
