Location: easy21_Mean-Medain.png
Component: component_1744297380775_116.png
centerX: 0.16532258064516128
centerY: 0.10632183908045977
width: 0.014516129032258065
height: 0.01532567049808429
Area: 7.647385984427141e-05
CentroidX: 0.1749
CentroidY: 0.1116
