Location: +7777777777777777777-1.png_Gaussian-Median.png
Component: component_1744838263471_169.png
centerX: 0.43588235294117644
centerY: 0.14863636363636365
width: 0.012352941176470587
height: 0.014090909090909091
Area: 5.909090909090909e-05
CentroidX: 0.4434
CentroidY: 0.1542
