Location: easy16_Gaussian-Median.png
Component: component_1744297381826_750.png
centerX: 0.4411290322580645
centerY: 0.5541187739463601
width: 0.014516129032258065
height: 0.01532567049808429
Area: 7.994994438264739e-05
CentroidX: 0.4510
CentroidY: 0.5595
