Location: +7777777777777777777-1.png_Otsu.png
Component: component_1744838262441_389.png
centerX: 0.22647058823529412
centerY: 0.30272727272727273
width: 0.00823529411764706
height: 0.012272727272727272
Area: 3.796791443850267e-05
CentroidX: 0.2310
CentroidY: 0.3076
