Location: +7777777777777777777-1.png_Mean-Closing.png
Component: component_1744838262837_201.png
centerX: 0.5158823529411765
centerY: 0.18181818181818182
width: 0.011764705882352941
height: 0.014090909090909091
Area: 5.561497326203208e-05
CentroidX: 0.5234
CentroidY: 0.1868
