Location: +7777777777777777777-1.png_Gaussian-Closing.png
Component: component_1744838263227_17.png
centerX: 0.528235294117647
centerY: 0.04909090909090909
width: 0.01764705882352941
height: 0.015
Area: 6.925133689839573e-05
CentroidX: 0.5397
CentroidY: 0.0538
