Location: +7777777777777777777-1.png_Gaussian-Median.png
Component: component_1744838263452_63.png
centerX: 0.8547058823529412
centerY: 0.07909090909090909
width: 0.014705882352941176
height: 0.014545454545454545
Area: 6.41711229946524e-05
CentroidX: 0.8641
CentroidY: 0.0839
