Location: +7777777777777777777-1.png_Gaussian-Median.png
Component: component_1744838263492_249.png
centerX: 0.38588235294117645
centerY: 0.2131818181818182
width: 0.010588235294117647
height: 0.011818181818181818
Area: 4.625668449197861e-05
CentroidX: 0.3914
CentroidY: 0.2176
