Location: +7777777777777777777-1.png_Otsu.png
Component: component_1744838262400_264.png
centerX: 0.7282352941176471
centerY: 0.22454545454545455
width: 0.012352941176470587
height: 0.012727272727272728
Area: 3.4759358288770055e-05
CentroidX: 0.7352
CentroidY: 0.2290
