Location: +7777777777777777777-1.png_Gaussian-Closing.png
Component: component_1744838263304_118.png
centerX: 0.5888235294117647
centerY: 0.11681818181818182
width: 0.01647058823529412
height: 0.013636363636363636
Area: 6.149732620320855e-05
CentroidX: 0.6001
CentroidY: 0.1216
