Location: +7777777777777777777-1.png_Mean-Closing.png
Component: component_1744838262911_277.png
centerX: 0.21470588235294116
centerY: 0.24045454545454545
width: 0.012941176470588235
height: 0.012727272727272728
Area: 5.3475935828877e-05
CentroidX: 0.2231
CentroidY: 0.2445
