Location: +7777777777777777777-1.png_Mean-Closing.png
Component: component_1744838262839_211.png
centerX: 0.7411764705882353
centerY: 0.185
width: 0.01
height: 0.014545454545454545
Area: 5.053475935828877e-05
CentroidX: 0.7456
CentroidY: 0.1906
