Location: easy21_Mean-Medain.png
Component: component_1744297380877_547.png
centerX: 0.0717741935483871
centerY: 0.4521072796934866
width: 0.014516129032258065
height: 0.014846743295019157
Area: 6.334198492151773e-05
CentroidX: 0.0819
CentroidY: 0.4571
