Location: +7777777777777777777-1.png_Otsu.png
Component: component_1744838262394_239.png
centerX: 0.2964705882352941
centerY: 0.20727272727272728
width: 0.010588235294117647
height: 0.013636363636363636
Area: 3.4759358288770055e-05
CentroidX: 0.3030
CentroidY: 0.2118
