Location: +7777777777777777777-1.png_Gaussian-Median.png
Component: component_1744838263475_185.png
centerX: 0.8047058823529412
centerY: 0.1572727272727273
width: 0.012352941176470587
height: 0.012272727272727272
Area: 5.4010695187165774e-05
CentroidX: 0.8119
CentroidY: 0.1619
