Location: +7777777777777777777-1.png_Gaussian-Median.png
Component: component_1744838263492_250.png
centerX: 0.3711764705882353
centerY: 0.21409090909090908
width: 0.010588235294117647
height: 0.011363636363636364
Area: 4.545454545454545e-05
CentroidX: 0.3771
CentroidY: 0.2181
