Location: +7777777777777777777-1.png_Otsu.png
Component: component_1744838262347_7.png
centerX: 0.71
centerY: 0.04818181818181818
width: 0.017058823529411765
height: 0.014090909090909091
Area: 4.625668449197861e-05
CentroidX: 0.7207
CentroidY: 0.0522
