Location: +7777777777777777777-1.png_Otsu.png
Component: component_1744838262370_115.png
centerX: 0.6523529411764706
centerY: 0.11545454545454545
width: 0.014705882352941176
height: 0.015909090909090907
Area: 4.973262032085561e-05
CentroidX: 0.6608
CentroidY: 0.1215
