Location: +7777777777777777777-1.png_Mean-Closing.png
Component: component_1744838262506_100.png
centerX: 0.30176470588235293
centerY: 0.11454545454545455
width: 0.018235294117647058
height: 0.015
Area: 6.497326203208557e-05
CentroidX: 0.3137
CentroidY: 0.1198
