Location: +7777777777777777777-1.png_Mean-Closing.png
Component: component_1744838262500_75.png
centerX: 0.0976470588235294
centerY: 0.08409090909090909
width: 0.011176470588235295
height: 0.011363636363636364
Area: 4.545454545454545e-05
CentroidX: 0.1049
CentroidY: 0.0881
