Location: +7777777777777777777-1.png_Mean-Closing.png
Component: component_1744838262834_188.png
centerX: 0.31882352941176473
centerY: 0.175
width: 0.012352941176470587
height: 0.013636363636363636
Area: 5.882352941176471e-05
CentroidX: 0.3263
CentroidY: 0.1795
