Location: +7777777777777777777-1.png_Mean-Closing.png
Component: component_1744838263145_376.png
centerX: 0.1952941176470588
centerY: 0.30227272727272725
width: 0.012352941176470587
height: 0.01090909090909091
Area: 4.385026737967914e-05
CentroidX: 0.2021
CentroidY: 0.3063
