Location: easy26_Mean-Closing.png
Component: component_1744297382089_565.png
centerX: 0.5741935483870968
centerY: 0.3912835249042146
width: 0.014516129032258065
height: 0.014367816091954023
Area: 7.06803856136448e-05
CentroidX: 0.5837
CentroidY: 0.3965
