Location: Document_2025-04-19_204755-1.png_Gaussian-Median.png
Component: component_1745102850411_110.png
centerX: 0.2591283863368669
centerY: 0.2100984167736414
width: 0.022968197879858657
height: 0.015832263585793753
Area: 0.0001595171242766919
CentroidX: 0.2735
CentroidY: 0.2158
