Location: +7777777777777777777-1.png_Otsu.png
Component: component_1744838262402_273.png
centerX: 0.10176470588235294
centerY: 0.23636363636363636
width: 0.012352941176470587
height: 0.010454545454545454
Area: 3.39572192513369e-05
CentroidX: 0.1092
CentroidY: 0.2397
