Location: +7777777777777777777-1.png_Gaussian-Closing.png
Component: component_1744838263364_224.png
centerX: 0.15411764705882353
centerY: 0.20318181818181819
width: 0.011764705882352941
height: 0.012272727272727272
Area: 4.8663101604278076e-05
CentroidX: 0.1614
CentroidY: 0.2072
