Location: +7777777777777777777-1.png_Otsu.png
Component: component_1744838262348_15.png
centerX: 0.5711764705882353
centerY: 0.049545454545454545
width: 0.014705882352941176
height: 0.019545454545454546
Area: 5.4278074866310164e-05
CentroidX: 0.5819
CentroidY: 0.0569
