Location: +7777777777777777777-1.png_Gaussian-Closing.png
Component: component_1744838263341_179.png
centerX: 0.1011764705882353
centerY: 0.17272727272727273
width: 0.015294117647058824
height: 0.012727272727272728
Area: 6.737967914438502e-05
CentroidX: 0.1101
CentroidY: 0.1767
