Location: Document_2025-04-19_204755-1.png_Mean-Closing.png
Component: component_1745102850282_57.png
centerX: 0.9193168433451119
centerY: 0.08172871202396234
width: 0.019434628975265017
height: 0.01797175866495507
Area: 0.0001622891438138856
CentroidX: 0.9316
CentroidY: 0.0884
