Location: easy16_Gaussian-Median.png
Component: component_1744297381863_929.png
centerX: 0.9
centerY: 0.6652298850574713
width: 0.01532258064516129
height: 0.014367816091954023
Area: 7.145284884439501e-05
CentroidX: 0.9104
CentroidY: 0.6703
