Location: +7777777777777777777-1.png_Mean-Closing.png
Component: component_1744838262517_149.png
centerX: 0.3835294117647059
centerY: 0.14727272727272728
width: 0.012352941176470587
height: 0.014090909090909091
Area: 6.497326203208557e-05
CentroidX: 0.3908
CentroidY: 0.1527
