Location: +7777777777777777777-1.png_Otsu.png
Component: component_1744838262356_51.png
centerX: 0.6547058823529411
centerY: 0.07954545454545454
width: 0.009411764705882352
height: 0.013636363636363636
Area: 4.545454545454545e-05
CentroidX: 0.6609
CentroidY: 0.0853
