Location: +7777777777777777777-1.png_Gaussian-Closing.png
Component: component_1744838263280_100.png
centerX: 0.30117647058823527
centerY: 0.11454545454545455
width: 0.018823529411764704
height: 0.015
Area: 6.844919786096257e-05
CentroidX: 0.3134
CentroidY: 0.1196
