Location: +7777777777777777777-1.png_Mean-Closing.png
Component: component_1744838262850_241.png
centerX: 0.5517647058823529
centerY: 0.22045454545454546
width: 0.011176470588235295
height: 0.011363636363636364
Area: 4.732620320855615e-05
CentroidX: 0.5581
CentroidY: 0.2243
