Location: +7777777777777777777-1.png_Otsu.png
Component: component_1744838262358_61.png
centerX: 0.4676470588235294
centerY: 0.08045454545454546
width: 0.011176470588235295
height: 0.01
Area: 2.9144385026737968e-05
CentroidX: 0.4751
CentroidY: 0.0838
