Location: +7777777777777777777-1.png_Otsu.png
Component: component_1744838262387_208.png
centerX: 0.5158823529411765
centerY: 0.18227272727272728
width: 0.011176470588235295
height: 0.013181818181818182
Area: 4.0106951871657754e-05
CentroidX: 0.5233
CentroidY: 0.1866
