Location: +7777777777777777777-1.png_Otsu.png
Component: component_1744838262369_110.png
centerX: 0.41411764705882353
centerY: 0.1159090909090909
width: 0.01411764705882353
height: 0.01090909090909091
Area: 3.4491978609625666e-05
CentroidX: 0.4233
CentroidY: 0.1189
