Location: easy21_Mean-Medain.png
Component: component_1744297380961_914.png
centerX: 0.30806451612903224
centerY: 0.6997126436781609
width: 0.014516129032258065
height: 0.014846743295019157
Area: 7.454270176739587e-05
CentroidX: 0.3180
CentroidY: 0.7047
