Location: +7777777777777777777-1.png_Gaussian-Closing.png
Component: component_1744838263409_401.png
centerX: 0.7935294117647059
centerY: 0.3109090909090909
width: 0.010588235294117647
height: 0.013181818181818182
Area: 5.294117647058824e-05
CentroidX: 0.7997
CentroidY: 0.3158
