Location: +7777777777777777777-1.png_Gaussian-Median.png
Component: component_1744838263497_270.png
centerX: 0.7276470588235294
centerY: 0.22454545454545455
width: 0.013529411764705882
height: 0.013181818181818182
Area: 5.2406417112299466e-05
CentroidX: 0.7353
CentroidY: 0.2293
