Location: easy21_Mean-Medain.png
Component: component_1744297380882_570.png
centerX: 0.7629032258064516
centerY: 0.4722222222222222
width: 0.01532258064516129
height: 0.014846743295019157
Area: 7.415647015202076e-05
CentroidX: 0.7735
CentroidY: 0.4774
