Location: +7777777777777777777-1.png_Otsu.png
Component: component_1744838262425_345.png
centerX: 0.6435294117647059
centerY: 0.2731818181818182
width: 0.013529411764705882
height: 0.012272727272727272
Area: 3.3155080213903747e-05
CentroidX: 0.6517
CentroidY: 0.2769
