Location: +7777777777777777777-1.png_Otsu.png
Component: component_1744838262395_245.png
centerX: 0.40294117647058825
centerY: 0.21363636363636362
width: 0.011176470588235295
height: 0.011363636363636364
Area: 3.288770053475936e-05
CentroidX: 0.4099
CentroidY: 0.2175
