Location: +7777777777777777777-1.png_Otsu.png
Component: component_1744838262435_360.png
centerX: 0.7964705882352942
centerY: 0.2759090909090909
width: 0.011764705882352941
height: 0.015454545454545455
Area: 4.090909090909091e-05
CentroidX: 0.8037
CentroidY: 0.2812
