Location: +7777777777777777777-1.png_Otsu.png
Component: component_1744838262426_350.png
centerX: 0.5676470588235294
centerY: 0.2740909090909091
width: 0.01
height: 0.011363636363636364
Area: 2.8074866310160428e-05
CentroidX: 0.5739
CentroidY: 0.2783
