Location: +7777777777777777777-1.png_Gaussian-Closing.png
Component: component_1744838263301_112.png
centerX: 0.43411764705882355
centerY: 0.1159090909090909
width: 0.01411764705882353
height: 0.014090909090909091
Area: 5.3475935828877e-05
CentroidX: 0.4434
CentroidY: 0.1205
