Location: easy21_Mean-Medain.png
Component: component_1744297381045_1027.png
centerX: 0.5137096774193548
centerY: 0.7691570881226054
width: 0.01532258064516129
height: 0.01532567049808429
Area: 7.763255469039674e-05
CentroidX: 0.5240
CentroidY: 0.7745
