Location: +7777777777777777777-1.png_Otsu.png
Component: component_1744838262357_55.png
centerX: 0.7758823529411765
centerY: 0.07954545454545454
width: 0.01411764705882353
height: 0.015
Area: 5.641711229946524e-05
CentroidX: 0.7856
CentroidY: 0.0853
