Location: +7777777777777777777-1.png_Gaussian-Closing.png
Component: component_1744838263388_297.png
centerX: 0.7111764705882353
centerY: 0.24272727272727274
width: 0.011764705882352941
height: 0.013636363636363636
Area: 5.294117647058824e-05
CentroidX: 0.7179
CentroidY: 0.2475
