Location: easy21_Mean-Medain.png
Component: component_1744297380833_339.png
centerX: 0.14274193548387096
centerY: 0.3160919540229885
width: 0.014516129032258065
height: 0.014846743295019157
Area: 7.454270176739587e-05
CentroidX: 0.1525
CentroidY: 0.3214
