Location: +7777777777777777777-1.png_Gaussian-Median.png
Component: component_1744838263486_226.png
centerX: 0.7229411764705882
centerY: 0.1859090909090909
width: 0.014705882352941176
height: 0.014545454545454545
Area: 6.550802139037433e-05
CentroidX: 0.7314
CentroidY: 0.1909
