Location: +7777777777777777777-1.png_Gaussian-Closing.png
Component: component_1744838263406_385.png
centerX: 0.34058823529411764
centerY: 0.30318181818181816
width: 0.01
height: 0.015454545454545455
Area: 4.8128342245989304e-05
CentroidX: 0.3471
CentroidY: 0.3092
