Location: +7777777777777777777-1.png_Gaussian-Closing.png
Component: component_1744838263314_134.png
centerX: 0.18352941176470589
centerY: 0.14454545454545453
width: 0.012352941176470587
height: 0.016363636363636365
Area: 6.390374331550802e-05
CentroidX: 0.1918
CentroidY: 0.1506
