Location: +7777777777777777777-1.png_Otsu.png
Component: component_1744838262371_121.png
centerX: 0.73
centerY: 0.11727272727272728
width: 0.012352941176470587
height: 0.016363636363636365
Area: 4.385026737967914e-05
CentroidX: 0.7375
CentroidY: 0.1230
