Location: +7777777777777777777-1.png_Otsu.png
Component: component_1744838262410_295.png
centerX: 0.518235294117647
centerY: 0.24181818181818182
width: 0.014705882352941176
height: 0.011363636363636364
Area: 3.6363636363636364e-05
CentroidX: 0.5272
CentroidY: 0.2456
