Location: +7777777777777777777-1.png_Gaussian-Median.png
Component: component_1744838263526_384.png
centerX: 0.37411764705882355
centerY: 0.3013636363636364
width: 0.012352941176470587
height: 0.012272727272727272
Area: 4.625668449197861e-05
CentroidX: 0.3818
CentroidY: 0.3057
