Location: easy21_Mean-Medain.png
Component: component_1744297380905_684.png
centerX: 0.3556451612903226
centerY: 0.5416666666666666
width: 0.014516129032258065
height: 0.014846743295019157
Area: 7.57013966135212e-05
CentroidX: 0.3657
CentroidY: 0.5468
