Location: +7777777777777777777-1.png_Otsu.png
Component: component_1744838262354_39.png
centerX: 0.24764705882352941
centerY: 0.05272727272727273
width: 0.012352941176470587
height: 0.016363636363636365
Area: 4.171122994652406e-05
CentroidX: 0.2560
CentroidY: 0.0589
