Location: +7777777777777777777-1.png_Otsu.png
Component: component_1744838262389_224.png
centerX: 0.7994117647058824
centerY: 0.18818181818181817
width: 0.012941176470588235
height: 0.013636363636363636
Area: 3.903743315508022e-05
CentroidX: 0.8062
CentroidY: 0.1928
