Location: easy26_Mean-Closing.png
Component: component_1744297382154_913.png
centerX: 0.6435483870967742
centerY: 0.7255747126436781
width: 0.014516129032258065
height: 0.014846743295019157
Area: 7.377023853664566e-05
CentroidX: 0.6538
CentroidY: 0.7311
