Location: +7777777777777777777-1.png_Gaussian-Median.png
Component: component_1744838263463_130.png
centerX: 0.7464705882352941
centerY: 0.12
width: 0.01588235294117647
height: 0.015909090909090907
Area: 7.005347593582888e-05
CentroidX: 0.7571
CentroidY: 0.1258
