Location: +7777777777777777777-1.png_Mean-Closing.png
Component: component_1744838263099_317.png
centerX: 0.1976470588235294
centerY: 0.27090909090909093
width: 0.00823529411764706
height: 0.013636363636363636
Area: 4.090909090909091e-05
CentroidX: 0.2031
CentroidY: 0.2759
