Location: +7777777777777777777-1.png_Otsu.png
Component: component_1744838262341_2.png
centerX: 0.8794117647058823
centerY: 0.04681818181818182
width: 0.010588235294117647
height: 0.015
Area: 4.197860962566845e-05
CentroidX: 0.8864
CentroidY: 0.0527
