Location: +7777777777777777777-1.png_Otsu.png
Component: component_1744838262396_247.png
centerX: 0.43823529411764706
centerY: 0.21636363636363637
width: 0.011176470588235295
height: 0.012272727272727272
Area: 3.4224598930481284e-05
CentroidX: 0.4447
CentroidY: 0.2206
