Location: +7777777777777777777-1.png_Gaussian-Median.png
Component: component_1744838263526_386.png
centerX: 0.4682352941176471
centerY: 0.3009090909090909
width: 0.013529411764705882
height: 0.013181818181818182
Area: 5.133689839572192e-05
CentroidX: 0.4769
CentroidY: 0.3058
