Location: +7777777777777777777-1.png_Mean-Closing.png
Component: component_1744838262832_180.png
centerX: 0.12058823529411765
centerY: 0.17363636363636364
width: 0.01647058823529412
height: 0.011363636363636364
Area: 5.802139037433155e-05
CentroidX: 0.1303
CentroidY: 0.1769
