Location: +7777777777777777777-1.png_Gaussian-Median.png
Component: component_1744838263470_161.png
centerX: 0.4711764705882353
centerY: 0.14772727272727273
width: 0.012941176470588235
height: 0.01681818181818182
Area: 6.497326203208557e-05
CentroidX: 0.4796
CentroidY: 0.1537
