Location: easy43_Mean-Closing.png
Component: component_1744297380590_348.png
centerX: 0.7962515114873036
centerY: 0.30055579307396324
width: 0.008464328899637243
height: 0.00983326207781103
Area: 4.1357497830023784e-05
CentroidX: 0.8013
CentroidY: 0.3043
