Location: easy16_Gaussian-Median.png
Component: component_1744297381855_874.png
centerX: 0.07419354838709677
centerY: 0.6230842911877394
width: 0.014516129032258065
height: 0.014367816091954023
Area: 6.64318378445186e-05
CentroidX: 0.0845
CentroidY: 0.6280
