Location: easy21_Mean-Medain.png
Component: component_1744297380825_304.png
centerX: 0.2701612903225806
centerY: 0.29310344827586204
width: 0.01532258064516129
height: 0.01532567049808429
Area: 9.269558769002595e-05
CentroidX: 0.2789
CentroidY: 0.2985
