Location: easy21_Mean-Medain.png
Component: component_1744297380944_851.png
centerX: 0.567741935483871
centerY: 0.6546934865900383
width: 0.01532258064516129
height: 0.014846743295019157
Area: 7.879124953652206e-05
CentroidX: 0.5783
CentroidY: 0.6596
