Location: +7777777777777777777-1.png_Gaussian-Closing.png
Component: component_1744838263392_316.png
centerX: 0.17823529411764705
centerY: 0.27090909090909093
width: 0.008823529411764706
height: 0.014545454545454545
Area: 4.625668449197861e-05
CentroidX: 0.1836
CentroidY: 0.2770
