Location: easy21_Mean-Medain.png
Component: component_1744297380845_392.png
centerX: 0.6443548387096775
centerY: 0.3587164750957854
width: 0.014516129032258065
height: 0.014846743295019157
Area: 7.10666172290199e-05
CentroidX: 0.6547
CentroidY: 0.3642
