Location: +7777777777777777777-1.png_Gaussian-Median.png
Component: component_1744838263435_13.png
centerX: 0.528235294117647
centerY: 0.04863636363636364
width: 0.01764705882352941
height: 0.015909090909090907
Area: 7.032085561497326e-05
CentroidX: 0.5397
CentroidY: 0.0539
