Location: +7777777777777777777-1.png_Gaussian-Closing.png
Component: component_1744838263404_371.png
centerX: 0.43176470588235294
centerY: 0.3013636363636364
width: 0.010588235294117647
height: 0.012727272727272728
Area: 4.786096256684492e-05
CentroidX: 0.4384
CentroidY: 0.3066
