Location: easy16_Gaussian-Median.png
Component: component_1744297381625_26.png
centerX: 0.5524193548387096
centerY: 0.02346743295019157
width: 0.014516129032258065
height: 0.014367816091954023
Area: 7.145284884439501e-05
CentroidX: 0.5618
CentroidY: 0.0284
