Location: +7777777777777777777-1.png_Gaussian-Closing.png
Component: component_1744838263241_40.png
centerX: 0.24705882352941178
centerY: 0.05272727272727273
width: 0.012941176470588235
height: 0.016363636363636365
Area: 6.229946524064171e-05
CentroidX: 0.2558
CentroidY: 0.0587
