Location: +7777777777777777777-1.png_Gaussian-Median.png
Component: component_1744838263527_391.png
centerX: 0.35823529411764704
centerY: 0.30227272727272725
width: 0.011176470588235295
height: 0.015909090909090907
Area: 5.3475935828877e-05
CentroidX: 0.3658
CentroidY: 0.3085
