Location: +7777777777777777777-1.png_Gaussian-Median.png
Component: component_1744838263470_164.png
centerX: 0.5782352941176471
centerY: 0.14727272727272728
width: 0.01411764705882353
height: 0.01681818181818182
Area: 6.79144385026738e-05
CentroidX: 0.5877
CentroidY: 0.1534
