Location: +7777777777777777777-1.png_Gaussian-Median.png
Component: component_1744838263472_176.png
centerX: 0.7211764705882353
centerY: 0.15272727272727274
width: 0.01588235294117647
height: 0.012727272727272728
Area: 7.005347593582888e-05
CentroidX: 0.7309
CentroidY: 0.1567
