Location: +7777777777777777777-1.png_Mean-Closing.png
Component: component_1744838262486_33.png
centerX: 0.4223529411764706
centerY: 0.05090909090909091
width: 0.012941176470588235
height: 0.014090909090909091
Area: 6.310160427807486e-05
CentroidX: 0.4310
CentroidY: 0.0560
