Location: +7777777777777777777-1.png_Otsu.png
Component: component_1744838262396_249.png
centerX: 0.5517647058823529
centerY: 0.22045454545454546
width: 0.010588235294117647
height: 0.011363636363636364
Area: 3.4491978609625666e-05
CentroidX: 0.5581
CentroidY: 0.2242
