Location: +7777777777777777777-1.png_Mean-Closing.png
Component: component_1744838263169_397.png
centerX: 0.75
centerY: 0.30636363636363634
width: 0.010588235294117647
height: 0.015909090909090907
Area: 5.695187165775401e-05
CentroidX: 0.7561
CentroidY: 0.3127
