Location: easy21_Mean-Medain.png
Component: component_1744297380849_409.png
centerX: 0.17016129032258065
centerY: 0.36159003831417624
width: 0.014516129032258065
height: 0.01532567049808429
Area: 7.377023853664566e-05
CentroidX: 0.1805
CentroidY: 0.3674
