Location: +7777777777777777777-1.png_Mean-Closing.png
Component: component_1744838263125_336.png
centerX: 0.5394117647058824
centerY: 0.2731818181818182
width: 0.010588235294117647
height: 0.012727272727272728
Area: 4.518716577540107e-05
CentroidX: 0.5456
CentroidY: 0.2776
