Location: +7777777777777777777-1.png_Otsu.png
Component: component_1744838262394_241.png
centerX: 0.33294117647058824
centerY: 0.20909090909090908
width: 0.011176470588235295
height: 0.010454545454545454
Area: 3.128342245989305e-05
CentroidX: 0.3394
CentroidY: 0.2124
