Location: +7777777777777777777-1.png_Gaussian-Median.png
Component: component_1744838263475_196.png
centerX: 0.20352941176470588
centerY: 0.1740909090909091
width: 0.01588235294117647
height: 0.013636363636363636
Area: 5.7754010695187164e-05
CentroidX: 0.2125
CentroidY: 0.1783
