Location: +7777777777777777777-1.png_Mean-Closing.png
Component: component_1744838262493_50.png
centerX: 0.6364705882352941
centerY: 0.07863636363636364
width: 0.011764705882352941
height: 0.01681818181818182
Area: 6.363636363636364e-05
CentroidX: 0.6430
CentroidY: 0.0846
