Location: +7777777777777777777-1.png_Gaussian-Closing.png
Component: component_1744838263405_379.png
centerX: 0.5447058823529412
centerY: 0.30227272727272725
width: 0.01
height: 0.015
Area: 4.919786096256685e-05
CentroidX: 0.5508
CentroidY: 0.3081
