Location: +7777777777777777777-1.png_Mean-Closing.png
Component: component_1744838263130_346.png
centerX: 0.5982352941176471
centerY: 0.2740909090909091
width: 0.010588235294117647
height: 0.013181818181818182
Area: 4.839572192513369e-05
CentroidX: 0.6048
CentroidY: 0.2790
