Location: +7777777777777777777-1.png_Otsu.png
Component: component_1744838262375_144.png
centerX: 0.11941176470588236
centerY: 0.14636363636363636
width: 0.012352941176470587
height: 0.012727272727272728
Area: 3.93048128342246e-05
CentroidX: 0.1280
CentroidY: 0.1504
