Location: +7777777777777777777-1.png_Gaussian-Closing.png
Component: component_1744838263320_143.png
centerX: 0.25176470588235295
centerY: 0.14636363636363636
width: 0.012941176470588235
height: 0.012727272727272728
Area: 5.882352941176471e-05
CentroidX: 0.2598
CentroidY: 0.1510
