Location: +7777777777777777777-1.png_Gaussian-Closing.png
Component: component_1744838263244_48.png
centerX: 0.5235294117647059
centerY: 0.07818181818181819
width: 0.011764705882352941
height: 0.012272727272727272
Area: 5.4010695187165774e-05
CentroidX: 0.5309
CentroidY: 0.0824
