Location: +7777777777777777777-1.png_Gaussian-Median.png
Component: component_1744838263517_343.png
centerX: 0.51
centerY: 0.2722727272727273
width: 0.009411764705882352
height: 0.012272727272727272
Area: 4.144385026737968e-05
CentroidX: 0.5154
CentroidY: 0.2769
