Location: +7777777777777777777-1.png_Otsu.png
Component: component_1744838262363_90.png
centerX: 0.2164705882352941
centerY: 0.11318181818181818
width: 0.013529411764705882
height: 0.011818181818181818
Area: 3.556149732620321e-05
CentroidX: 0.2248
CentroidY: 0.1168
