Location: +7777777777777777777-1.png_Gaussian-Median.png
Component: component_1744838263436_19.png
centerX: 0.4011764705882353
centerY: 0.049545454545454545
width: 0.011176470588235295
height: 0.015454545454545455
Area: 5.72192513368984e-05
CentroidX: 0.4088
CentroidY: 0.0550
