Location: +7777777777777777777-1.png_Otsu.png
Component: component_1744838262376_148.png
centerX: 0.5070588235294118
centerY: 0.14681818181818182
width: 0.014705882352941176
height: 0.015
Area: 5.294117647058824e-05
CentroidX: 0.5161
CentroidY: 0.1519
