Location: +7777777777777777777-1.png_Gaussian-Median.png
Component: component_1744838263446_44.png
centerX: 0.17941176470588235
centerY: 0.053636363636363635
width: 0.012352941176470587
height: 0.016363636363636365
Area: 6.443850267379679e-05
CentroidX: 0.1876
CentroidY: 0.0592
