Location: +7777777777777777777-1.png_Mean-Closing.png
Component: component_1744838262491_45.png
centerX: 0.5882352941176471
centerY: 0.07727272727272727
width: 0.011176470588235295
height: 0.017727272727272727
Area: 6.79144385026738e-05
CentroidX: 0.5940
CentroidY: 0.0838
