Location: 2025-04-19_204725-1.png_Otsu.png
Component: component_1745102850094_97.png
centerX: 0.9517078916372202
centerY: 0.14505776636713735
width: 0.01884570082449941
height: 0.019255455712451863
Area: 0.00011919684009932903
CentroidX: 0.9635
CentroidY: 0.1522
