Location: +7777777777777777777-1.png_Otsu.png
Component: component_1744838262355_43.png
centerX: 0.5623529411764706
centerY: 0.07681818181818181
width: 0.014705882352941176
height: 0.013181818181818182
Area: 3.770053475935829e-05
CentroidX: 0.5716
CentroidY: 0.0808
