Location: 2025-04-19_204725-1.png_Otsu.png
Component: component_1745102850134_250.png
centerX: 0.5783274440518257
centerY: 0.3256311510483526
width: 0.02061248527679623
height: 0.01668806161745828
Area: 0.00011919684009932903
CentroidX: 0.5914
CentroidY: 0.3317
