Location: +7777777777777777777-1.png_Gaussian-Median.png
Component: component_1744838263452_66.png
centerX: 0.46705882352941175
centerY: 0.08045454545454546
width: 0.012352941176470587
height: 0.012727272727272728
Area: 4.973262032085561e-05
CentroidX: 0.4751
CentroidY: 0.0844
