Location: +7777777777777777777-1.png_Otsu.png
Component: component_1744838262346_5.png
centerX: 0.6776470588235294
centerY: 0.04863636363636364
width: 0.01
height: 0.014090909090909091
Area: 3.582887700534759e-05
CentroidX: 0.6838
CentroidY: 0.0536
