Location: +7777777777777777777-1.png_Mean-Closing.png
Component: component_1744838262969_288.png
centerX: 0.4988235294117647
centerY: 0.24227272727272728
width: 0.01411764705882353
height: 0.012727272727272728
Area: 5.374331550802139e-05
CentroidX: 0.5075
CentroidY: 0.2465
