Location: +7777777777777777777-1.png_Mean-Closing.png
Component: component_1744838263028_299.png
centerX: 0.5858823529411765
centerY: 0.24363636363636362
width: 0.011764705882352941
height: 0.013636363636363636
Area: 4.705882352941177e-05
CentroidX: 0.5935
CentroidY: 0.2483
