Location: easy26_Mean-Closing.png
Component: component_1744297382163_959.png
centerX: 0.4967741935483871
centerY: 0.7485632183908046
width: 0.014516129032258065
height: 0.014846743295019157
Area: 7.145284884439501e-05
CentroidX: 0.5067
CentroidY: 0.7540
