Location: +7777777777777777777-1.png_Gaussian-Median.png
Component: component_1744838263451_61.png
centerX: 0.7958823529411765
centerY: 0.07909090909090909
width: 0.01411764705882353
height: 0.015909090909090907
Area: 9.064171122994652e-05
CentroidX: 0.8041
CentroidY: 0.0857
