Location: +7777777777777777777-1.png_Otsu.png
Component: component_1744838262448_418.png
centerX: 0.13705882352941176
centerY: 0.3290909090909091
width: 0.01588235294117647
height: 0.012272727272727272
Area: 3.4491978609625666e-05
CentroidX: 0.1473
CentroidY: 0.3329
