Location: +7777777777777777777-1.png_Gaussian-Closing.png
Component: component_1744838263307_129.png
centerX: 0.8788235294117647
centerY: 0.12818181818181817
width: 0.011764705882352941
height: 0.015909090909090907
Area: 6.497326203208557e-05
CentroidX: 0.8860
CentroidY: 0.1342
