Location: +7777777777777777777-1.png_Mean-Closing.png
Component: component_1744838263180_407.png
centerX: 0.8911764705882353
centerY: 0.31545454545454543
width: 0.012352941176470587
height: 0.015909090909090907
Area: 7.112299465240642e-05
CentroidX: 0.8977
CentroidY: 0.3213
