Location: +7777777777777777777-1.png_Mean-Closing.png
Component: component_1744838263122_332.png
centerX: 0.26
centerY: 0.2727272727272727
width: 0.013529411764705882
height: 0.014090909090909091
Area: 4.786096256684492e-05
CentroidX: 0.2686
CentroidY: 0.2776
