Location: +7777777777777777777-1.png_Gaussian-Closing.png
Component: component_1744838263387_289.png
centerX: 0.5370588235294118
centerY: 0.24227272727272728
width: 0.01
height: 0.011818181818181818
Area: 4.11764705882353e-05
CentroidX: 0.5434
CentroidY: 0.2465
