Location: easy21_Mean-Medain.png
Component: component_1744297380775_115.png
centerX: 0.14758064516129032
centerY: 0.10632183908045977
width: 0.014516129032258065
height: 0.01532567049808429
Area: 7.145284884439501e-05
CentroidX: 0.1573
CentroidY: 0.1117
