Location: +7777777777777777777-1.png_Gaussian-Median.png
Component: component_1744838263435_11.png
centerX: 0.49
centerY: 0.04863636363636364
width: 0.01588235294117647
height: 0.013636363636363636
Area: 6.0160427807486634e-05
CentroidX: 0.5004
CentroidY: 0.0535
