Location: +7777777777777777777-1.png_Gaussian-Closing.png
Component: component_1744838263385_281.png
centerX: 0.23705882352941177
centerY: 0.24136363636363636
width: 0.013529411764705882
height: 0.013181818181818182
Area: 6.657754010695188e-05
CentroidX: 0.2459
CentroidY: 0.2460
