Location: +7777777777777777777-1.png_Mean-Closing.png
Component: component_1744838262579_154.png
centerX: 0.5782352941176471
centerY: 0.14727272727272728
width: 0.01411764705882353
height: 0.01681818181818182
Area: 6.898395721925133e-05
CentroidX: 0.5877
CentroidY: 0.1535
