Location: Document_2025-04-19_204755-1.png_Otsu.png
Component: component_1745102850339_62.png
centerX: 0.607773851590106
centerY: 0.08130081300813008
width: 0.02120141342756184
height: 0.015832263585793753
Area: 0.0001204568489798716
CentroidX: 0.6212
CentroidY: 0.0864
