Location: +7777777777777777777-1.png_Mean-Closing.png
Component: component_1744838263064_307.png
centerX: 0.8729411764705882
centerY: 0.25136363636363634
width: 0.011176470588235295
height: 0.014545454545454545
Area: 5.668449197860963e-05
CentroidX: 0.8795
CentroidY: 0.2567
