Location: +7777777777777777777-1.png_Mean-Closing.png
Component: component_1744838262485_30.png
centerX: 0.22411764705882353
centerY: 0.05136363636363636
width: 0.013529411764705882
height: 0.020454545454545454
Area: 8.556149732620321e-05
CentroidX: 0.2335
CentroidY: 0.0594
