Location: +7777777777777777777-1.png_Gaussian-Median.png
Component: component_1744838263481_220.png
centerX: 0.6282352941176471
centerY: 0.1831818181818182
width: 0.012352941176470587
height: 0.01681818181818182
Area: 5.802139037433155e-05
CentroidX: 0.6349
CentroidY: 0.1899
