Location: +7777777777777777777-1.png_Otsu.png
Component: component_1744838262386_204.png
centerX: 0.42764705882352944
centerY: 0.17909090909090908
width: 0.011764705882352941
height: 0.012272727272727272
Area: 3.796791443850267e-05
CentroidX: 0.4348
CentroidY: 0.1835
