Location: +7777777777777777777-1.png_Gaussian-Median.png
Component: component_1744838263509_314.png
centerX: 0.5688235294117647
centerY: 0.24454545454545454
width: 0.014705882352941176
height: 0.014090909090909091
Area: 6.0160427807486634e-05
CentroidX: 0.5773
CentroidY: 0.2496
