Location: +7777777777777777777-1.png_Otsu.png
Component: component_1744838262446_411.png
centerX: 0.8235294117647058
centerY: 0.3131818181818182
width: 0.009411764705882352
height: 0.015
Area: 3.663101604278075e-05
CentroidX: 0.8287
CentroidY: 0.3192
