Location: +7777777777777777777-1.png_Gaussian-Closing.png
Component: component_1744838263403_368.png
centerX: 0.16470588235294117
centerY: 0.3009090909090909
width: 0.011176470588235295
height: 0.011818181818181818
Area: 4.4385026737967915e-05
CentroidX: 0.1713
CentroidY: 0.3054
