Location: +7777777777777777777-1.png_Gaussian-Closing.png
Component: component_1744838263272_96.png
centerX: 0.2782352941176471
centerY: 0.11363636363636363
width: 0.017058823529411765
height: 0.019090909090909092
Area: 7.352941176470588e-05
CentroidX: 0.2892
CentroidY: 0.1201
