Location: +7777777777777777777-1.png_Gaussian-Closing.png
Component: component_1744838263404_372.png
centerX: 0.4682352941176471
centerY: 0.3009090909090909
width: 0.013529411764705882
height: 0.012727272727272728
Area: 5.133689839572192e-05
CentroidX: 0.4768
CentroidY: 0.3057
