Location: +7777777777777777777-1.png_Otsu.png
Component: component_1744838262387_209.png
centerX: 0.5523529411764706
centerY: 0.18181818181818182
width: 0.014705882352941176
height: 0.015
Area: 4.919786096256685e-05
CentroidX: 0.5613
CentroidY: 0.1871
