Location: easy26_Mean-Closing.png
Component: component_1744297382138_831.png
centerX: 0.16048387096774194
centerY: 0.6590038314176245
width: 0.014516129032258065
height: 0.014367816091954023
Area: 6.681806945989371e-05
CentroidX: 0.1702
CentroidY: 0.6641
