Location: +7777777777777777777-1.png_Mean-Closing.png
Component: component_1744838262988_295.png
centerX: 0.6788235294117647
centerY: 0.24272727272727274
width: 0.010588235294117647
height: 0.012727272727272728
Area: 4.919786096256685e-05
CentroidX: 0.6858
CentroidY: 0.2474
