Location: +7777777777777777777-1.png_Mean-Closing.png
Component: component_1744838262510_121.png
centerX: 0.7470588235294118
centerY: 0.12
width: 0.015294117647058824
height: 0.015909090909090907
Area: 6.898395721925133e-05
CentroidX: 0.7572
CentroidY: 0.1259
