Location: +7777777777777777777-1.png_Otsu.png
Component: component_1744838262386_207.png
centerX: 0.49058823529411766
centerY: 0.18045454545454545
width: 0.017058823529411765
height: 0.013636363636363636
Area: 4.6524064171122996e-05
CentroidX: 0.5019
CentroidY: 0.1846
