Location: +7777777777777777777-1.png_Gaussian-Median.png
Component: component_1744838263461_118.png
centerX: 0.6894117647058824
centerY: 0.115
width: 0.013529411764705882
height: 0.022272727272727274
Area: 7.727272727272727e-05
CentroidX: 0.6970
CentroidY: 0.1235
