Location: 2025-04-19_204725-1.png_Otsu.png
Component: component_1745102850178_388.png
centerX: 0.8168433451118964
centerY: 0.543859649122807
width: 0.02061248527679623
height: 0.018827556696619598
Area: 0.0001456570265907234
CentroidX: 0.8302
CentroidY: 0.5505
