Location: +7777777777777777777-1.png_Gaussian-Median.png
Component: component_1744838263466_144.png
centerX: 0.16294117647058823
centerY: 0.145
width: 0.011176470588235295
height: 0.014545454545454545
Area: 5.1871657754010694e-05
CentroidX: 0.1694
CentroidY: 0.1506
