Location: +7777777777777777777-1.png_Gaussian-Closing.png
Component: component_1744838263361_218.png
centerX: 0.8370588235294117
centerY: 0.1890909090909091
width: 0.01411764705882353
height: 0.014545454545454545
Area: 6.229946524064171e-05
CentroidX: 0.8456
CentroidY: 0.1942
