Location: +7777777777777777777-1.png_Gaussian-Median.png
Component: component_1744838263511_323.png
centerX: 0.8511764705882353
centerY: 0.2531818181818182
width: 0.012352941176470587
height: 0.013636363636363636
Area: 5.7754010695187164e-05
CentroidX: 0.8580
CentroidY: 0.2581
