Location: +7777777777777777777-1.png_Otsu.png
Component: component_1744838262445_403.png
centerX: 0.29294117647058826
centerY: 0.3054545454545455
width: 0.010588235294117647
height: 0.011818181818181818
Area: 3.0213903743315508e-05
CentroidX: 0.2988
CentroidY: 0.3093
