Location: easy64_Gaussian-Closing.png
Component: component_1744297381404_887.png
centerX: 0.7871825876662636
centerY: 0.5955536554082942
width: 0.008464328899637243
height: 0.010260795211628902
Area: 4.187446655289908e-05
CentroidX: 0.7924
CentroidY: 0.5998
