Location: +7777777777777777777-1.png_Mean-Closing.png
Component: component_1744838262846_233.png
centerX: 0.3323529411764706
centerY: 0.20863636363636365
width: 0.011764705882352941
height: 0.01090909090909091
Area: 4.572192513368984e-05
CentroidX: 0.3391
CentroidY: 0.2124
