Location: +7777777777777777777-1.png_Otsu.png
Component: component_1744838262374_139.png
centerX: 0.20294117647058824
centerY: 0.14545454545454545
width: 0.012352941176470587
height: 0.013181818181818182
Area: 3.877005347593583e-05
CentroidX: 0.2107
CentroidY: 0.1496
