Location: +7777777777777777777-1.png_Otsu.png
Component: component_1744838262364_91.png
centerX: 0.23411764705882354
centerY: 0.11272727272727273
width: 0.014705882352941176
height: 0.013181818181818182
Area: 3.8502673796791445e-05
CentroidX: 0.2440
CentroidY: 0.1166
