Location: +7777777777777777777-1.png_Gaussian-Median.png
Component: component_1744838263518_347.png
centerX: 0.6958823529411765
centerY: 0.2718181818181818
width: 0.011176470588235295
height: 0.014545454545454545
Area: 4.919786096256685e-05
CentroidX: 0.7029
CentroidY: 0.2773
