Location: +7777777777777777777-1.png_Gaussian-Closing.png
Component: component_1744838263305_121.png
centerX: 0.7470588235294118
centerY: 0.12
width: 0.015294117647058824
height: 0.015909090909090907
Area: 6.951871657754011e-05
CentroidX: 0.7572
CentroidY: 0.1257
