Location: +7777777777777777777-1.png_Mean-Closing.png
Component: component_1744838262485_28.png
centerX: 0.6429411764705882
centerY: 0.05045454545454545
width: 0.012941176470588235
height: 0.015454545454545455
Area: 6.122994652406417e-05
CentroidX: 0.6508
CentroidY: 0.0560
