Location: +7777777777777777777-1.png_Gaussian-Closing.png
Component: component_1744838263383_274.png
centerX: 0.32235294117647056
centerY: 0.2390909090909091
width: 0.010588235294117647
height: 0.015
Area: 5.294117647058824e-05
CentroidX: 0.3291
CentroidY: 0.2450
