Location: +7777777777777777777-1.png_Otsu.png
Component: component_1744838262438_376.png
centerX: 0.4688235294117647
centerY: 0.3009090909090909
width: 0.012352941176470587
height: 0.012727272727272728
Area: 3.4491978609625666e-05
CentroidX: 0.4769
CentroidY: 0.3056
