Location: Document_2025-04-19_204755-1.png_Otsu.png
Component: component_1745102850364_328.png
centerX: 0.9157832744405182
centerY: 0.33547282841249465
width: 0.02237926972909305
height: 0.017543859649122806
Area: 0.000126000888054259
CentroidX: 0.9302
CentroidY: 0.3412
