Location: easy26_Mean-Closing.png
Component: component_1744297382183_1054.png
centerX: 0.7112903225806452
centerY: 0.8156130268199234
width: 0.014516129032258065
height: 0.014846743295019157
Area: 7.183908045977011e-05
CentroidX: 0.7212
CentroidY: 0.8209
