Location: +7777777777777777777-1.png_Mean-Closing.png
Component: component_1744838262502_82.png
centerX: 0.25176470588235295
centerY: 0.08409090909090909
width: 0.012352941176470587
height: 0.011818181818181818
Area: 5.106951871657754e-05
CentroidX: 0.2593
CentroidY: 0.0883
