Location: +7777777777777777777-1.png_Gaussian-Median.png
Component: component_1744838263499_279.png
centerX: 0.10176470588235294
centerY: 0.2359090909090909
width: 0.012352941176470587
height: 0.011363636363636364
Area: 4.518716577540107e-05
CentroidX: 0.1093
CentroidY: 0.2399
