Location: +7777777777777777777-1.png_Gaussian-Median.png
Component: component_1744838263470_166.png
centerX: 0.6447058823529411
centerY: 0.14772727272727273
width: 0.012941176470588235
height: 0.013636363636363636
Area: 6.149732620320855e-05
CentroidX: 0.6520
CentroidY: 0.1530
