Location: +7777777777777777777-1.png_Gaussian-Median.png
Component: component_1744838263518_348.png
centerX: 0.25941176470588234
centerY: 0.2727272727272727
width: 0.01411764705882353
height: 0.014090909090909091
Area: 4.8128342245989304e-05
CentroidX: 0.2686
CentroidY: 0.2775
