Location: Document_2025-04-19_204755-1.png_Mean-Closing.png
Component: component_1745102850282_56.png
centerX: 0.4169611307420495
centerY: 0.07445442875481387
width: 0.02120141342756184
height: 0.01797175866495507
Area: 0.00015321707987397894
CentroidX: 0.4307
CentroidY: 0.0812
