Location: +7777777777777777777-1.png_Gaussian-Median.png
Component: component_1744838263513_333.png
centerX: 0.22705882352941176
centerY: 0.27136363636363636
width: 0.008823529411764706
height: 0.014545454545454545
Area: 4.759358288770053e-05
CentroidX: 0.2327
CentroidY: 0.2774
