Location: +7777777777777777777-1.png_Gaussian-Closing.png
Component: component_1744838263385_279.png
centerX: 0.3070588235294118
centerY: 0.24
width: 0.010588235294117647
height: 0.013181818181818182
Area: 4.839572192513369e-05
CentroidX: 0.3137
CentroidY: 0.2446
