Location: +7777777777777777777-1.png_Gaussian-Closing.png
Component: component_1744838263330_158.png
centerX: 0.4535294117647059
centerY: 0.1481818181818182
width: 0.011176470588235295
height: 0.015909090909090907
Area: 5.882352941176471e-05
CentroidX: 0.4606
CentroidY: 0.1544
