Location: +7777777777777777777-1.png_Gaussian-Median.png
Component: component_1744838263454_76.png
centerX: 0.34647058823529414
centerY: 0.08272727272727273
width: 0.011176470588235295
height: 0.011818181818181818
Area: 4.4385026737967915e-05
CentroidX: 0.3539
CentroidY: 0.0874
