Location: +7777777777777777777-1.png_Gaussian-Median.png
Component: component_1744838263507_306.png
centerX: 0.7111764705882353
centerY: 0.24227272727272728
width: 0.011764705882352941
height: 0.014545454545454545
Area: 5.481283422459893e-05
CentroidX: 0.7179
CentroidY: 0.2477
