Location: +7777777777777777777-1.png_Gaussian-Closing.png
Component: component_1744838263362_219.png
centerX: 0.8547058823529412
centerY: 0.19
width: 0.011176470588235295
height: 0.013181818181818182
Area: 5.080213903743316e-05
CentroidX: 0.8607
CentroidY: 0.1951
