Location: easy26_Mean-Closing.png
Component: component_1744297382128_783.png
centerX: 0.8806451612903226
centerY: 0.6355363984674329
width: 0.014516129032258065
height: 0.014367816091954023
Area: 7.917748115189716e-05
CentroidX: 0.8907
CentroidY: 0.6408
