Location: +7777777777777777777-1.png_Gaussian-Closing.png
Component: component_1744838263409_398.png
centerX: 0.7652941176470588
centerY: 0.30818181818181817
width: 0.008823529411764706
height: 0.014545454545454545
Area: 4.679144385026738e-05
CentroidX: 0.7702
CentroidY: 0.3141
