Location: +7777777777777777777-1.png_Gaussian-Closing.png
Component: component_1744838263336_163.png
centerX: 0.6658823529411765
centerY: 0.1509090909090909
width: 0.012352941176470587
height: 0.013181818181818182
Area: 5.641711229946524e-05
CentroidX: 0.6738
CentroidY: 0.1554
