Location: easy16_Gaussian-Median.png
Component: component_1744297381808_628.png
centerX: 0.775
centerY: 0.4238505747126437
width: 0.01532258064516129
height: 0.014846743295019157
Area: 7.917748115189716e-05
CentroidX: 0.7854
CentroidY: 0.4293
