Location: +7777777777777777777-1.png_Otsu.png
Component: component_1744838262386_206.png
centerX: 0.47352941176470587
centerY: 0.17954545454545454
width: 0.01
height: 0.013636363636363636
Area: 3.6898395721925136e-05
CentroidX: 0.4807
CentroidY: 0.1845
