Location: +7777777777777777777-1.png_Gaussian-Closing.png
Component: component_1744838263359_210.png
centerX: 0.7011764705882353
centerY: 0.18454545454545454
width: 0.01411764705882353
height: 0.014545454545454545
Area: 6.336898395721926e-05
CentroidX: 0.7099
CentroidY: 0.1894
