Location: +7777777777777777777-1.png_Mean-Closing.png
Component: component_1744838262831_179.png
centerX: 0.1011764705882353
centerY: 0.17272727272727273
width: 0.01588235294117647
height: 0.012727272727272728
Area: 6.951871657754011e-05
CentroidX: 0.1102
CentroidY: 0.1767
