Location: 2025-04-19_204725-1.png_Otsu.png
Component: component_1745102850245_736.png
centerX: 0.2838633686690224
centerY: 0.9875909285408644
width: 0.02061248527679623
height: 0.01198117244330338
Area: 0.00011138478503996496
CentroidX: 0.2958
CentroidY: 0.9925
