Location: +7777777777777777777-1.png_Mean-Closing.png
Component: component_1744838262504_93.png
centerX: 0.32588235294117646
centerY: 0.11318181818181818
width: 0.01588235294117647
height: 0.015
Area: 6.149732620320855e-05
CentroidX: 0.3364
CentroidY: 0.1182
