Location: easy21_Mean-Medain.png
Component: component_1744297380799_200.png
centerX: 0.6451612903225806
centerY: 0.15229885057471265
width: 0.014516129032258065
height: 0.01532567049808429
Area: 8.149487084414781e-05
CentroidX: 0.6554
CentroidY: 0.1581
