Location: +7777777777777777777-1.png_Mean-Closing.png
Component: component_1744838262485_32.png
centerX: 0.3523529411764706
centerY: 0.05136363636363636
width: 0.01411764705882353
height: 0.017272727272727273
Area: 6.898395721925133e-05
CentroidX: 0.3617
CentroidY: 0.0575
