Location: +7777777777777777777-1.png_Mean-Closing.png
Component: component_1744838262515_141.png
centerX: 0.26941176470588235
centerY: 0.14545454545454545
width: 0.01647058823529412
height: 0.015909090909090907
Area: 6.443850267379679e-05
CentroidX: 0.2790
CentroidY: 0.1513
