Location: +7777777777777777777-1.png_Mean-Closing.png
Component: component_1744838262845_228.png
centerX: 0.23941176470588235
centerY: 0.20681818181818182
width: 0.012352941176470587
height: 0.013636363636363636
Area: 5.4010695187165774e-05
CentroidX: 0.2468
CentroidY: 0.2118
