Location: +7777777777777777777-1.png_Gaussian-Closing.png
Component: component_1744838263299_109.png
centerX: 0.11823529411764706
centerY: 0.11545454545454545
width: 0.011176470588235295
height: 0.012727272727272728
Area: 4.411764705882353e-05
CentroidX: 0.1251
CentroidY: 0.1200
