Location: +7777777777777777777-1.png_Otsu.png
Component: component_1744838262438_375.png
centerX: 0.16411764705882353
centerY: 0.3013636363636364
width: 0.011764705882352941
height: 0.011363636363636364
Area: 3.39572192513369e-05
CentroidX: 0.1713
CentroidY: 0.3054
