Location: 2025-04-19_204725-1.png_Otsu.png
Component: component_1745102850207_572.png
centerX: 0.04888103651354535
centerY: 0.7355584082156611
width: 0.02120141342756184
height: 0.01668806161745828
Area: 0.00013356094133751454
CentroidX: 0.0622
CentroidY: 0.7413
