Location: +7777777777777777777-1.png_Otsu.png
Component: component_1744838262349_18.png
centerX: 0.7705882352941177
centerY: 0.04909090909090909
width: 0.01
height: 0.01681818181818182
Area: 4.0641711229946525e-05
CentroidX: 0.7773
CentroidY: 0.0562
