Location: +7777777777777777777-1.png_Gaussian-Closing.png
Component: component_1744838263408_394.png
centerX: 0.25470588235294117
centerY: 0.30454545454545456
width: 0.010588235294117647
height: 0.013181818181818182
Area: 4.572192513368984e-05
CentroidX: 0.2606
CentroidY: 0.3100
