Location: easy16_Gaussian-Median.png
Component: component_1744297381874_988.png
centerX: 0.17419354838709677
centerY: 0.6896551724137931
width: 0.014516129032258065
height: 0.014367816091954023
Area: 6.179705846001731e-05
CentroidX: 0.1839
CentroidY: 0.6944
