Location: +7777777777777777777-1.png_Gaussian-Closing.png
Component: component_1744838263373_250.png
centerX: 0.6729411764705883
centerY: 0.22318181818181818
width: 0.015294117647058824
height: 0.013636363636363636
Area: 6.203208556149733e-05
CentroidX: 0.6821
CentroidY: 0.2275
