Location: +7777777777777777777-1.png_Gaussian-Median.png
Component: component_1744838263462_125.png
centerX: 0.6341176470588236
centerY: 0.11545454545454545
width: 0.01647058823529412
height: 0.014545454545454545
Area: 7.165775401069518e-05
CentroidX: 0.6446
CentroidY: 0.1201
