Location: +7777777777777777777-1.png_Mean-Closing.png
Component: component_1744838262512_130.png
centerX: 0.8970588235294118
centerY: 0.1290909090909091
width: 0.009411764705882352
height: 0.013181818181818182
Area: 4.8663101604278076e-05
CentroidX: 0.9034
CentroidY: 0.1343
