Location: +7777777777777777777-1.png_Otsu.png
Component: component_1744838262437_370.png
centerX: 0.49
centerY: 0.3004545454545455
width: 0.011176470588235295
height: 0.011363636363636364
Area: 3.181818181818182e-05
CentroidX: 0.4975
CentroidY: 0.3044
