Location: Document_2025-04-19_204755-1.png_Otsu.png
Component: component_1745102850357_265.png
centerX: 0.8810365135453475
centerY: 0.2550278134360291
width: 0.02120141342756184
height: 0.018827556696619598
Area: 0.00015422508697841302
CentroidX: 0.8950
CentroidY: 0.2619
