Location: +7777777777777777777-1.png_Gaussian-Median.png
Component: component_1744838263455_81.png
centerX: 0.1776470588235294
centerY: 0.08363636363636363
width: 0.01411764705882353
height: 0.017727272727272727
Area: 6.684491978609626e-05
CentroidX: 0.1867
CentroidY: 0.0898
