Location: easy16_Gaussian-Median.png
Component: component_1744297381870_970.png
centerX: 0.4991935483870968
centerY: 0.6882183908045977
width: 0.013709677419354839
height: 0.014367816091954023
Area: 6.797676430601903e-05
CentroidX: 0.5086
CentroidY: 0.6932
