Location: +7777777777777777777-1.png_Gaussian-Median.png
Component: component_1744838263460_116.png
centerX: 0.6523529411764706
centerY: 0.115
width: 0.015294117647058824
height: 0.01681818181818182
Area: 7.112299465240642e-05
CentroidX: 0.6609
CentroidY: 0.1214
