Location: +7777777777777777777-1.png_Gaussian-Median.png
Component: component_1744838263450_54.png
centerX: 0.8335294117647059
centerY: 0.07863636363636364
width: 0.012941176470588235
height: 0.014090909090909091
Area: 6.176470588235294e-05
CentroidX: 0.8420
CentroidY: 0.0836
