Location: +7777777777777777777-1.png_Mean-Closing.png
Component: component_1744838262862_262.png
centerX: 0.83
centerY: 0.2290909090909091
width: 0.012352941176470587
height: 0.015
Area: 5.668449197860963e-05
CentroidX: 0.8378
CentroidY: 0.2345
