Location: +7777777777777777777-1.png_Otsu.png
Component: component_1744838262413_305.png
centerX: 0.5864705882352941
centerY: 0.24409090909090908
width: 0.011176470588235295
height: 0.013181818181818182
Area: 3.556149732620321e-05
CentroidX: 0.5938
CentroidY: 0.2485
