Location: +7777777777777777777-1.png_Gaussian-Median.png
Component: component_1744838263465_138.png
centerX: 0.8782352941176471
centerY: 0.12818181818181817
width: 0.012352941176470587
height: 0.015909090909090907
Area: 6.497326203208557e-05
CentroidX: 0.8860
CentroidY: 0.1340
