Location: easy16_Gaussian-Median.png
Component: component_1744297381922_1254.png
centerX: 0.6266129032258064
centerY: 0.8682950191570882
width: 0.01532258064516129
height: 0.014846743295019157
Area: 7.763255469039674e-05
CentroidX: 0.6367
CentroidY: 0.8735
