Location: +7777777777777777777-1.png_Gaussian-Closing.png
Component: component_1744838263388_295.png
centerX: 0.6794117647058824
centerY: 0.24272727272727274
width: 0.01
height: 0.012727272727272728
Area: 4.732620320855615e-05
CentroidX: 0.6860
CentroidY: 0.2475
