Location: +7777777777777777777-1.png_Gaussian-Closing.png
Component: component_1744838263277_99.png
centerX: 0.1588235294117647
centerY: 0.11454545454545455
width: 0.012941176470588235
height: 0.013181818181818182
Area: 4.919786096256685e-05
CentroidX: 0.1674
CentroidY: 0.1189
