Location: +7777777777777777777-1.png_Gaussian-Median.png
Component: component_1744838263490_243.png
centerX: 0.2958823529411765
centerY: 0.20681818181818182
width: 0.011176470588235295
height: 0.014545454545454545
Area: 5.080213903743316e-05
CentroidX: 0.3028
CentroidY: 0.2116
