Location: +7777777777777777777-1.png_Gaussian-Median.png
Component: component_1744838263491_244.png
centerX: 0.2211764705882353
centerY: 0.20772727272727273
width: 0.012352941176470587
height: 0.012272727272727272
Area: 4.8128342245989304e-05
CentroidX: 0.2288
CentroidY: 0.2121
