Location: +7777777777777777777-1.png_Gaussian-Closing.png
Component: component_1744838263373_249.png
centerX: 0.6517647058823529
centerY: 0.22272727272727272
width: 0.012941176470588235
height: 0.012272727272727272
Area: 5.4278074866310164e-05
CentroidX: 0.6595
CentroidY: 0.2269
