Location: easy16_Gaussian-Median.png
Component: component_1744297381887_1073.png
centerX: 0.817741935483871
centerY: 0.7547892720306514
width: 0.01532258064516129
height: 0.014846743295019157
Area: 7.60876282288963e-05
CentroidX: 0.8285
CentroidY: 0.7603
