Location: +7777777777777777777-1.png_Mean-Closing.png
Component: component_1744838262864_263.png
centerX: 0.8494117647058823
centerY: 0.23
width: 0.01411764705882353
height: 0.013636363636363636
Area: 5.855614973262032e-05
CentroidX: 0.8581
CentroidY: 0.2347
