Location: +7777777777777777777-1.png_Gaussian-Closing.png
Component: component_1744838263242_43.png
centerX: 0.2011764705882353
centerY: 0.05409090909090909
width: 0.013529411764705882
height: 0.014545454545454545
Area: 6.443850267379679e-05
CentroidX: 0.2098
CentroidY: 0.0587
