Location: +7777777777777777777-1.png_Gaussian-Median.png
Component: component_1744838263450_56.png
centerX: 0.6970588235294117
centerY: 0.07909090909090909
width: 0.01411764705882353
height: 0.014545454545454545
Area: 6.684491978609626e-05
CentroidX: 0.7055
CentroidY: 0.0841
