Location: +7777777777777777777-1.png_Gaussian-Median.png
Component: component_1744838263434_6.png
centerX: 0.7094117647058824
centerY: 0.04772727272727273
width: 0.018235294117647058
height: 0.015
Area: 7.299465240641711e-05
CentroidX: 0.7205
CentroidY: 0.0523
