Location: +7777777777777777777-1.png_Gaussian-Median.png
Component: component_1744838263523_369.png
centerX: 0.8488235294117648
centerY: 0.2777272727272727
width: 0.01411764705882353
height: 0.013636363636363636
Area: 5.7754010695187164e-05
CentroidX: 0.8578
CentroidY: 0.2826
