Location: +7777777777777777777-1.png_Gaussian-Closing.png
Component: component_1744838263339_169.png
centerX: 0.8782352941176471
centerY: 0.15454545454545454
width: 0.012941176470588235
height: 0.014090909090909091
Area: 6.336898395721926e-05
CentroidX: 0.8868
CentroidY: 0.1596
