Location: +7777777777777777777-1.png_Mean-Closing.png
Component: component_1744838262497_64.png
centerX: 0.4888235294117647
centerY: 0.08
width: 0.01
height: 0.013181818181818182
Area: 4.2780748663101606e-05
CentroidX: 0.4954
CentroidY: 0.0846
