Location: +7777777777777777777-1.png_Gaussian-Median.png
Component: component_1744838263489_240.png
centerX: 0.20058823529411765
centerY: 0.20454545454545456
width: 0.015294117647058824
height: 0.014090909090909091
Area: 5.6149732620320855e-05
CentroidX: 0.2095
CentroidY: 0.2095
