Location: +7777777777777777777-1.png_Otsu.png
Component: component_1744838262386_203.png
centerX: 0.40352941176470586
centerY: 0.17727272727272728
width: 0.018235294117647058
height: 0.013181818181818182
Area: 4.919786096256685e-05
CentroidX: 0.4149
CentroidY: 0.1815
