Location: +7777777777777777777-1.png_Mean-Closing.png
Component: component_1744838262478_7.png
centerX: 0.8635294117647059
centerY: 0.04772727272727273
width: 0.01
height: 0.013181818181818182
Area: 5.320855614973262e-05
CentroidX: 0.8701
CentroidY: 0.0528
