Location: +7777777777777777777-1.png_Gaussian-Median.png
Component: component_1744838263526_385.png
centerX: 0.43117647058823527
centerY: 0.3013636363636364
width: 0.011176470588235295
height: 0.013181818181818182
Area: 4.8128342245989304e-05
CentroidX: 0.4384
CentroidY: 0.3067
