Location: +7777777777777777777-1.png_Otsu.png
Component: component_1744838262349_20.png
centerX: 0.4011764705882353
centerY: 0.05
width: 0.010588235294117647
height: 0.014545454545454545
Area: 3.770053475935829e-05
CentroidX: 0.4088
CentroidY: 0.0552
