Location: +7777777777777777777-1.png_Mean-Closing.png
Component: component_1744838262479_15.png
centerX: 0.4011764705882353
centerY: 0.049545454545454545
width: 0.011176470588235295
height: 0.015454545454545455
Area: 6.149732620320855e-05
CentroidX: 0.4088
CentroidY: 0.0553
