Location: +7777777777777777777-1.png_Otsu.png
Component: component_1744838262346_6.png
centerX: 0.6941176470588235
centerY: 0.04818181818181818
width: 0.010588235294117647
height: 0.015
Area: 3.6363636363636364e-05
CentroidX: 0.7007
CentroidY: 0.0533
