Location: +7777777777777777777-1.png_Gaussian-Closing.png
Component: component_1744838263367_226.png
centerX: 0.20058823529411765
centerY: 0.205
width: 0.015294117647058824
height: 0.013636363636363636
Area: 5.641711229946524e-05
CentroidX: 0.2095
CentroidY: 0.2095
