Location: +7777777777777777777-1.png_Otsu.png
Component: component_1744838262403_275.png
centerX: 0.42764705882352944
centerY: 0.23772727272727273
width: 0.008823529411764706
height: 0.014545454545454545
Area: 3.39572192513369e-05
CentroidX: 0.4331
CentroidY: 0.2431
