Location: +7777777777777777777-1.png_Gaussian-Closing.png
Component: component_1744838263378_261.png
centerX: 0.8064705882352942
centerY: 0.2290909090909091
width: 0.015294117647058824
height: 0.012727272727272728
Area: 5.7754010695187164e-05
CentroidX: 0.8154
CentroidY: 0.2330
