Location: easy21_Mean-Medain.png
Component: component_1744297380954_884.png
centerX: 0.45645161290322583
centerY: 0.6776819923371648
width: 0.014516129032258065
height: 0.014846743295019157
Area: 6.797676430601903e-05
CentroidX: 0.4668
CentroidY: 0.6828
