Location: +7777777777777777777-1.png_Otsu.png
Component: component_1744838262370_118.png
centerX: 0.4988235294117647
centerY: 0.11636363636363636
width: 0.01588235294117647
height: 0.014545454545454545
Area: 4.839572192513369e-05
CentroidX: 0.5097
CentroidY: 0.1207
