Location: easy26_Mean-Closing.png
Component: component_1744297382150_892.png
centerX: 0.48951612903225805
centerY: 0.703544061302682
width: 0.013709677419354839
height: 0.014846743295019157
Area: 6.720430107526882e-05
CentroidX: 0.4990
CentroidY: 0.7088
