Location: +7777777777777777777-1.png_Otsu.png
Component: component_1744838262380_169.png
centerX: 0.7447058823529412
centerY: 0.15318181818181817
width: 0.01411764705882353
height: 0.011363636363636364
Area: 4.8128342245989304e-05
CentroidX: 0.7528
CentroidY: 0.1569
