Location: +7777777777777777777-1.png_Gaussian-Closing.png
Component: component_1744838263235_26.png
centerX: 0.611764705882353
centerY: 0.05
width: 0.012941176470588235
height: 0.01681818181818182
Area: 6.283422459893048e-05
CentroidX: 0.6199
CentroidY: 0.0558
