Location: +7777777777777777777-1.png_Gaussian-Closing.png
Component: component_1744838263233_21.png
centerX: 0.77
centerY: 0.04909090909090909
width: 0.010588235294117647
height: 0.017272727272727273
Area: 5.855614973262032e-05
CentroidX: 0.7771
CentroidY: 0.0557
