Location: +7777777777777777777-1.png_Gaussian-Median.png
Component: component_1744838263496_266.png
centerX: 0.62
centerY: 0.22363636363636363
width: 0.01
height: 0.013181818181818182
Area: 4.679144385026738e-05
CentroidX: 0.6252
CentroidY: 0.2288
