Location: +7777777777777777777-1.png_Gaussian-Median.png
Component: component_1744838263434_8.png
centerX: 0.8252941176470588
centerY: 0.04772727272727273
width: 0.01411764705882353
height: 0.014545454545454545
Area: 6.550802139037433e-05
CentroidX: 0.8347
CentroidY: 0.0534
