Location: +7777777777777777777-1.png_Otsu.png
Component: component_1744838262414_313.png
centerX: 0.8176470588235294
centerY: 0.24954545454545454
width: 0.011764705882352941
height: 0.016363636363636365
Area: 4.11764705882353e-05
CentroidX: 0.8236
CentroidY: 0.2557
