Location: +7777777777777777777-1.png_Otsu.png
Component: component_1744838262397_258.png
centerX: 0.6729411764705883
centerY: 0.22318181818181818
width: 0.014705882352941176
height: 0.013636363636363636
Area: 4.358288770053476e-05
CentroidX: 0.6821
CentroidY: 0.2272
