Location: +7777777777777777777-1.png_Gaussian-Median.png
Component: component_1744838263446_43.png
centerX: 0.15705882352941178
centerY: 0.053636363636363635
width: 0.01588235294117647
height: 0.013181818181818182
Area: 6.657754010695188e-05
CentroidX: 0.1666
CentroidY: 0.0579
