Location: +7777777777777777777-1.png_Otsu.png
Component: component_1744838262393_237.png
centerX: 0.22176470588235295
centerY: 0.20772727272727273
width: 0.011176470588235295
height: 0.011818181818181818
Area: 3.2620320855614975e-05
CentroidX: 0.2289
CentroidY: 0.2120
