Location: +7777777777777777777-1.png_Gaussian-Closing.png
Component: component_1744838263253_75.png
centerX: 0.08352941176470588
centerY: 0.08363636363636363
width: 0.009411764705882352
height: 0.013636363636363636
Area: 5.133689839572192e-05
CentroidX: 0.0894
CentroidY: 0.0889
