Location: +7777777777777777777-1.png_Mean-Closing.png
Component: component_1744838262508_111.png
centerX: 0.41411764705882353
centerY: 0.1159090909090909
width: 0.01411764705882353
height: 0.014545454545454545
Area: 5.588235294117647e-05
CentroidX: 0.4237
CentroidY: 0.1205
