Location: easy21_Mean-Medain.png
Component: component_1744297381099_1087.png
centerX: 0.22096774193548388
centerY: 0.8127394636015326
width: 0.014516129032258065
height: 0.014367816091954023
Area: 6.64318378445186e-05
CentroidX: 0.2312
CentroidY: 0.8179
