Location: +7777777777777777777-1.png_Otsu.png
Component: component_1744838262436_364.png
centerX: 0.8688235294117647
centerY: 0.2781818181818182
width: 0.012941176470588235
height: 0.012727272727272728
Area: 3.8235294117647055e-05
CentroidX: 0.8765
CentroidY: 0.2827
