Location: +7777777777777777777-1.png_Mean-Closing.png
Component: component_1744838262482_18.png
centerX: 0.5511764705882353
centerY: 0.049545454545454545
width: 0.01588235294117647
height: 0.018636363636363635
Area: 7.754010695187165e-05
CentroidX: 0.5618
CentroidY: 0.0564
