Location: +7777777777777777777-1.png_Mean-Closing.png
Component: component_1744838262486_37.png
centerX: 0.29058823529411765
centerY: 0.05181818181818182
width: 0.012941176470588235
height: 0.017272727272727273
Area: 7.433155080213904e-05
CentroidX: 0.2993
CentroidY: 0.0582
