Location: +7777777777777777777-1.png_Mean-Closing.png
Component: component_1744838262889_269.png
centerX: 0.13470588235294118
centerY: 0.23863636363636365
width: 0.012941176470588235
height: 0.012727272727272728
Area: 5.882352941176471e-05
CentroidX: 0.1428
CentroidY: 0.2431
