Location: easy21_Mean-Medain.png
Component: component_1744297380809_225.png
centerX: 0.3782258064516129
centerY: 0.17672413793103448
width: 0.01532258064516129
height: 0.01532567049808429
Area: 8.149487084414781e-05
CentroidX: 0.3882
CentroidY: 0.1822
