Location: +7777777777777777777-1.png_Mean-Closing.png
Component: component_1744838262504_95.png
centerX: 0.13352941176470587
centerY: 0.11409090909090909
width: 0.01588235294117647
height: 0.015
Area: 6.122994652406417e-05
CentroidX: 0.1433
CentroidY: 0.1192
