Location: 2025-04-19_204725-1.png_Otsu.png
Component: component_1745102850159_332.png
centerX: 0.7420494699646644
centerY: 0.4582798459563543
width: 0.02120141342756184
height: 0.02011125374411639
Area: 0.00013910498041190195
CentroidX: 0.7561
CentroidY: 0.4651
