Location: +7777777777777777777-1.png_Gaussian-Closing.png
Component: component_1744838263404_374.png
centerX: 0.6311764705882353
centerY: 0.3009090909090909
width: 0.011764705882352941
height: 0.015454545454545455
Area: 5.4010695187165774e-05
CentroidX: 0.6388
CentroidY: 0.3065
