Location: +7777777777777777777-1.png_Gaussian-Closing.png
Component: component_1744838263300_110.png
centerX: 0.3688235294117647
centerY: 0.1159090909090909
width: 0.01411764705882353
height: 0.014545454545454545
Area: 5.802139037433155e-05
CentroidX: 0.3785
CentroidY: 0.1209
