Location: easy26_Mean-Closing.png
Component: component_1744297382026_402.png
centerX: 0.5411290322580645
centerY: 0.2796934865900383
width: 0.014516129032258065
height: 0.014367816091954023
Area: 7.10666172290199e-05
CentroidX: 0.5511
CentroidY: 0.2851
