Location: +7777777777777777777-1.png_Gaussian-Median.png
Component: component_1744838263445_38.png
centerX: 0.24705882352941178
centerY: 0.05227272727272727
width: 0.013529411764705882
height: 0.01681818181818182
Area: 6.283422459893048e-05
CentroidX: 0.2559
CentroidY: 0.0587
