Location: +7777777777777777777-1.png_Otsu.png
Component: component_1744838262347_8.png
centerX: 0.8264705882352941
centerY: 0.04818181818181818
width: 0.012352941176470587
height: 0.013181818181818182
Area: 4.197860962566845e-05
CentroidX: 0.8349
CentroidY: 0.0534
