Location: +7777777777777777777-1.png_Gaussian-Median.png
Component: component_1744838263455_80.png
centerX: 0.15764705882352942
centerY: 0.08409090909090909
width: 0.01411764705882353
height: 0.014545454545454545
Area: 5.909090909090909e-05
CentroidX: 0.1671
CentroidY: 0.0894
