Location: 2025-04-19_204725-1.png_Otsu.png
Component: component_1745102850096_101.png
centerX: 0.4634864546525324
centerY: 0.14848095849379547
width: 0.02061248527679623
height: 0.016260162601626018
Area: 0.0001315449271286464
CentroidX: 0.4770
CentroidY: 0.1544
