Location: +7777777777777777777-1.png_Mean-Closing.png
Component: component_1744838262501_81.png
centerX: 0.23705882352941177
centerY: 0.08409090909090909
width: 0.010588235294117647
height: 0.011818181818181818
Area: 5.053475935828877e-05
CentroidX: 0.2433
CentroidY: 0.0888
