Location: +7777777777777777777-1.png_Otsu.png
Component: component_1744838262409_287.png
centerX: 0.19588235294117648
centerY: 0.2409090909090909
width: 0.013529411764705882
height: 0.010454545454545454
Area: 3.6898395721925136e-05
CentroidX: 0.2043
CentroidY: 0.2441
