Location: +7777777777777777777-1.png_Mean-Closing.png
Component: component_1744838262516_146.png
centerX: 0.5064705882352941
centerY: 0.14636363636363636
width: 0.015294117647058824
height: 0.015909090909090907
Area: 7.299465240641711e-05
CentroidX: 0.5159
CentroidY: 0.1519
