Location: +7777777777777777777-1.png_Mean-Closing.png
Component: component_1744838262840_214.png
centerX: 0.7776470588235294
centerY: 0.18681818181818183
width: 0.01411764705882353
height: 0.015454545454545455
Area: 5.9893048128342244e-05
CentroidX: 0.7860
CentroidY: 0.1922
