Location: +7777777777777777777-1.png_Gaussian-Closing.png
Component: component_1744838263386_284.png
centerX: 0.4623529411764706
centerY: 0.2409090909090909
width: 0.010588235294117647
height: 0.015454545454545455
Area: 5.6149732620320855e-05
CentroidX: 0.4692
CentroidY: 0.2467
