Location: +7777777777777777777-1.png_Gaussian-Median.png
Component: component_1744838263444_36.png
centerX: 0.10294117647058823
centerY: 0.05181818181818182
width: 0.011764705882352941
height: 0.014090909090909091
Area: 5.294117647058824e-05
CentroidX: 0.1107
CentroidY: 0.0571
