Location: +7777777777777777777-1.png_Mean-Closing.png
Component: component_1744838263121_330.png
centerX: 0.6747058823529412
centerY: 0.2722727272727273
width: 0.014705882352941176
height: 0.013181818181818182
Area: 5.160427807486631e-05
CentroidX: 0.6844
CentroidY: 0.2766
