Location: easy26_Mean-Closing.png
Component: component_1744297382152_901.png
centerX: 0.8064516129032258
centerY: 0.7030651340996169
width: 0.014516129032258065
height: 0.014367816091954023
Area: 6.604560622914349e-05
CentroidX: 0.8167
CentroidY: 0.7081
