Location: +7777777777777777777-1.png_Otsu.png
Component: component_1744838262404_277.png
centerX: 0.13470588235294118
centerY: 0.23863636363636365
width: 0.012352941176470587
height: 0.012727272727272728
Area: 4.839572192513369e-05
CentroidX: 0.1428
CentroidY: 0.2431
