Location: +7777777777777777777-1.png_Gaussian-Median.png
Component: component_1744838263460_112.png
centerX: 0.39176470588235296
centerY: 0.115
width: 0.01647058823529412
height: 0.015
Area: 6.336898395721926e-05
CentroidX: 0.4023
CentroidY: 0.1203
