Location: +7777777777777777777-1.png_Otsu.png
Component: component_1744838262437_373.png
centerX: 0.12352941176470589
centerY: 0.3009090909090909
width: 0.014705882352941176
height: 0.011818181818181818
Area: 3.877005347593583e-05
CentroidX: 0.1326
CentroidY: 0.3043
