Location: +7777777777777777777-1.png_Gaussian-Median.png
Component: component_1744838263526_383.png
centerX: 0.17941176470588235
centerY: 0.3013636363636364
width: 0.010588235294117647
height: 0.012727272727272728
Area: 4.893048128342246e-05
CentroidX: 0.1857
CentroidY: 0.3062
