Location: +7777777777777777777-1.png_Otsu.png
Component: component_1744838262444_397.png
centerX: 0.30941176470588233
centerY: 0.30363636363636365
width: 0.00823529411764706
height: 0.012727272727272728
Area: 2.6203208556149733e-05
CentroidX: 0.3148
CentroidY: 0.3082
