Location: +7777777777777777777-1.png_Mean-Closing.png
Component: component_1744838262844_224.png
centerX: 0.15411764705882353
centerY: 0.20318181818181819
width: 0.011764705882352941
height: 0.012272727272727272
Area: 4.625668449197861e-05
CentroidX: 0.1614
CentroidY: 0.2073
