Location: easy43_Mean-Closing.png
Component: component_1744297380623_597.png
centerX: 0.48972188633615477
centerY: 0.4117144078666097
width: 0.012091898428053204
height: 0.00983326207781103
Area: 4.575173197446381e-05
CentroidX: 0.4980
CentroidY: 0.4152
