Location: +7777777777777777777-1.png_Gaussian-Closing.png
Component: component_1744838263389_302.png
centerX: 0.7464705882352941
centerY: 0.2459090909090909
width: 0.010588235294117647
height: 0.013181818181818182
Area: 5.267379679144385e-05
CentroidX: 0.7533
CentroidY: 0.2509
