Location: +7777777777777777777-1.png_Mean-Closing.png
Component: component_1744838262509_115.png
centerX: 0.5352941176470588
centerY: 0.11545454545454545
width: 0.012352941176470587
height: 0.015909090909090907
Area: 5.641711229946524e-05
CentroidX: 0.5430
CentroidY: 0.1211
