Location: easy21_Mean-Medain.png
Component: component_1744297380977_967.png
centerX: 0.825
centerY: 0.7241379310344828
width: 0.016129032258064516
height: 0.01532567049808429
Area: 8.342602892102336e-05
CentroidX: 0.8358
CentroidY: 0.7295
