Location: easy21_Mean-Medain.png
Component: component_1744297380952_874.png
centerX: 0.2524193548387097
centerY: 0.6767241379310345
width: 0.014516129032258065
height: 0.014846743295019157
Area: 6.990792238289457e-05
CentroidX: 0.2625
CentroidY: 0.6821
