Location: +7777777777777777777-1.png_Mean-Closing.png
Component: component_1744838263029_300.png
centerX: 0.5694117647058824
centerY: 0.24454545454545454
width: 0.01411764705882353
height: 0.013636363636363636
Area: 5.909090909090909e-05
CentroidX: 0.5773
CentroidY: 0.2494
