Location: +7777777777777777777-1.png_Otsu.png
Component: component_1744838262379_161.png
centerX: 0.5605882352941176
centerY: 0.14863636363636365
width: 0.011176470588235295
height: 0.012272727272727272
Area: 3.957219251336898e-05
CentroidX: 0.5675
CentroidY: 0.1530
