Location: +7777777777777777777-1.png_Mean-Closing.png
Component: component_1744838263145_378.png
centerX: 0.5252941176470588
centerY: 0.30227272727272725
width: 0.012352941176470587
height: 0.014090909090909091
Area: 5.588235294117647e-05
CentroidX: 0.5333
CentroidY: 0.3074
