Location: +7777777777777777777-1.png_Gaussian-Closing.png
Component: component_1744838263346_191.png
centerX: 0.3611764705882353
centerY: 0.1759090909090909
width: 0.018235294117647058
height: 0.013636363636363636
Area: 7.647058823529411e-05
CentroidX: 0.3722
CentroidY: 0.1805
