Location: +7777777777777777777-1.png_Mean-Closing.png
Component: component_1744838262839_208.png
centerX: 0.6452941176470588
centerY: 0.18409090909090908
width: 0.014705882352941176
height: 0.014545454545454545
Area: 6.149732620320855e-05
CentroidX: 0.6540
CentroidY: 0.1890
