Location: easy21_Mean-Medain.png
Component: component_1744297380920_743.png
centerX: 0.9258064516129032
centerY: 0.585727969348659
width: 0.016129032258064516
height: 0.01532567049808429
Area: 8.188110245952293e-05
CentroidX: 0.9365
CentroidY: 0.5909
