Location: 2025-04-19_205026-1.png_Gaussian-Median.png
Component: component_1745099140114_485.png
centerX: 0.9204946996466431
centerY: 0.8318356867779204
width: 0.025323910482921083
height: 0.03123662815575524
Area: 0.00030089012067357053
CentroidX: 0.9350
CentroidY: 0.8437
