Location: easy64_Gaussian-Closing.png
Component: component_1744297381287_553.png
centerX: 0.3887545344619105
centerY: 0.38820008550662677
width: 0.008464328899637243
height: 0.010260795211628902
Area: 5.247232537184268e-05
CentroidX: 0.3936
CentroidY: 0.3922
