Location: 2025-04-19_205026-1.png_Gaussian-Median.png
Component: component_1745099140015_66.png
centerX: 0.7856301531213192
centerY: 0.12665810868635002
width: 0.02120141342756184
height: 0.029525032092426188
Area: 0.0002630898542572928
CentroidX: 0.7985
CentroidY: 0.1383
