Location: 2025-04-19_205026-1.png_Gaussian-Median.png
Component: component_1745099140091_365.png
centerX: 0.22968197879858657
centerY: 0.636285836542576
width: 0.022968197879858657
height: 0.031664527171587506
Area: 0.00028602201588316797
CentroidX: 0.2439
CentroidY: 0.6481
