Location: easy43_Mean-Closing.png
Component: component_1744297380561_110.png
centerX: 0.5362756952841596
centerY: 0.13210773834972211
width: 0.009068923821039904
height: 0.00983326207781103
Area: 4.962899739602854e-05
CentroidX: 0.5415
CentroidY: 0.1359
