Location: 2025-04-16_190509-1.png_Gaussian-Median.png
Component: component_1744834563376_141.png
centerX: 0.7302709069493521
centerY: 0.19897304236200256
width: 0.025323910482921083
height: 0.024818142918271287
Area: 0.000300638118897462
CentroidX: 0.7436
CentroidY: 0.2099
