Location: 2025-04-19_205026-1.png_Gaussian-Median.png
Component: component_1745099140049_206.png
centerX: 0.336866902237927
centerY: 0.36157466837826274
width: 0.022968197879858657
height: 0.029525032092426188
Area: 0.00028476200700262535
CentroidX: 0.3503
CentroidY: 0.3723
