Location: easy21_Mean-Medain.png
Component: component_1744297380975_959.png
centerX: 0.6258064516129033
centerY: 0.7231800766283525
width: 0.01532258064516129
height: 0.01532567049808429
Area: 0.0001042825361512792
CentroidX: 0.6347
CentroidY: 0.7284
