Location: easy21_Mean-Medain.png
Component: component_1744297381069_1059.png
centerX: 0.45564516129032256
centerY: 0.7911877394636015
width: 0.01532258064516129
height: 0.01532567049808429
Area: 8.883327153627488e-05
CentroidX: 0.4649
CentroidY: 0.7964
