Location: 2025-04-16_190509-1.png_Gaussian-Median.png
Component: component_1744834563371_128.png
centerX: 0.4098939929328622
centerY: 0.1822849807445443
width: 0.024734982332155476
height: 0.02053915275994865
Area: 0.000265609872018378
CentroidX: 0.4220
CentroidY: 0.1913
