Location: 2025-04-19_205026-1.png_Gaussian-Median.png
Component: component_1745099140017_73.png
centerX: 0.3392226148409894
centerY: 0.12836970474967907
width: 0.021790341578327443
height: 0.032520325203252036
Area: 0.00029887410646470237
CentroidX: 0.3529
CentroidY: 0.1404
