Location: easy26_Mean-Closing.png
Component: component_1744297382096_599.png
centerX: 0.7733870967741936
centerY: 0.4128352490421456
width: 0.014516129032258065
height: 0.014846743295019157
Area: 8.458472376714869e-05
CentroidX: 0.7819
CentroidY: 0.4180
