Location: easy26_Mean-Closing.png
Component: component_1744297381982_167.png
centerX: 0.7548387096774194
centerY: 0.12260536398467432
width: 0.01532258064516129
height: 0.014846743295019157
Area: 9.771659868990237e-05
CentroidX: 0.7639
CentroidY: 0.1279
