Location: 2025-04-16_190509-1.png_Gaussian-Median.png
Component: component_1744834563459_243.png
centerX: 0.37985865724381623
centerY: 0.3508771929824561
width: 0.024146054181389872
height: 0.024390243902439025
Area: 0.0003235702805233371
CentroidX: 0.3920
CentroidY: 0.3623
