Location: easy26_Mean-Closing.png
Component: component_1744297382107_651.png
centerX: 0.07419354838709677
centerY: 0.43726053639846746
width: 0.014516129032258065
height: 0.014367816091954023
Area: 8.149487084414781e-05
CentroidX: 0.0829
CentroidY: 0.4424
