Location: easy43_Mean-Closing.png
Component: component_1744297380706_1310.png
centerX: 0.5169286577992744
centerY: 0.7413424540401881
width: 0.008464328899637243
height: 0.010260795211628902
Area: 4.807809122740265e-05
CentroidX: 0.5217
CentroidY: 0.7452
