Location: 2025-04-19_205026-1.png_Gaussian-Median.png
Component: component_1745099140039_170.png
centerX: 0.09717314487632508
centerY: 0.30851519041506204
width: 0.025323910482921083
height: 0.030380830124090714
Area: 0.0003119781988223453
CentroidX: 0.1114
CentroidY: 0.3199
