Location: 2025-04-19_205026-1.png_Gaussian-Median.png
Component: component_1745099140003_8.png
centerX: 0.6908127208480566
centerY: 0.016260162601626018
width: 0.02237926972909305
height: 0.03594351732991014
Area: 0.0003150022201356475
CentroidX: 0.7046
CentroidY: 0.0302
