Location: 2025-04-19_205026-1.png_Gaussian-Median.png
Component: component_1745099140040_175.png
centerX: 0.23733804475853945
centerY: 0.31322207958921694
width: 0.023557126030624265
height: 0.02995293110825845
Area: 0.00028451000522651684
CentroidX: 0.2510
CentroidY: 0.3248
