Location: 2025-04-19_205026-1.png_Gaussian-Median.png
Component: component_1745099140028_122.png
centerX: 0.8621908127208481
centerY: 0.21994009413778348
width: 0.02237926972909305
height: 0.032520325203252036
Area: 0.0002923220602858809
CentroidX: 0.8762
CentroidY: 0.2324
