Location: easy43_Mean-Closing.png
Component: component_1744297380688_1169.png
centerX: 0.7243047158403869
centerY: 0.675502351432236
width: 0.008464328899637243
height: 0.010260795211628902
Area: 5.298929409471798e-05
CentroidX: 0.7292
CentroidY: 0.6795
