Location: 2025-04-16_190509-1.png_Gaussian-Median.png
Component: component_1744834563418_181.png
centerX: 0.12838633686690223
centerY: 0.2563115104835259
width: 0.022968197879858657
height: 0.019255455712451863
Area: 0.0002366296677658984
CentroidX: 0.1394
CentroidY: 0.2652
