Location: 2025-04-19_205026-1.png_Gaussian-Median.png
Component: component_1745099140092_371.png
centerX: 0.41048292108362777
centerY: 0.6427043217800599
width: 0.02237926972909305
height: 0.029525032092426188
Area: 0.0002835019981220828
CentroidX: 0.4239
CentroidY: 0.6533
