Location: 2025-04-16_190509-1.png_Gaussian-Median.png
Component: component_1744834563430_208.png
centerX: 0.842756183745583
centerY: 0.29311082584510056
width: 0.024146054181389872
height: 0.023106546854942234
Area: 0.0003092061792851516
CentroidX: 0.8547
CentroidY: 0.3043
