Location: 2025-04-16_190509-1.png_Gaussian-Median.png
Component: component_1744834563469_279.png
centerX: 0.767962308598351
centerY: 0.40479246897732135
width: 0.024734982332155476
height: 0.023106546854942234
Area: 0.0003107181899418027
CentroidX: 0.7799
CentroidY: 0.4158
