Location: 2025-04-19_205026-1.png_Gaussian-Median.png
Component: component_1745099140111_467.png
centerX: 0.02591283863368669
centerY: 0.8142918271287976
width: 0.023557126030624265
height: 0.03380402225074882
Area: 0.0002784619625999124
CentroidX: 0.0389
CentroidY: 0.8269
