Location: 2025-04-16_190509-1.png_Gaussian-Median.png
Component: component_1744834563380_154.png
centerX: 0.2656065959952886
centerY: 0.22293538724860934
width: 0.023557126030624265
height: 0.02267864783910997
Area: 0.000286526019435385
CentroidX: 0.2770
CentroidY: 0.2337
