Location: easy21_Mean-Medain.png
Component: component_1744297380755_35.png
centerX: 0.9306451612903226
centerY: 0.04118773946360153
width: 0.01532258064516129
height: 0.014846743295019157
Area: 0.00010157891484365344
CentroidX: 0.9393
CentroidY: 0.0464
