Location: 2025-04-19_205026-1.png_Gaussian-Median.png
Component: component_1745099140093_374.png
centerX: 0.9022379269729093
centerY: 0.6448438168592212
width: 0.024734982332155476
height: 0.03209242618741977
Area: 0.00032004225565781787
CentroidX: 0.9173
CentroidY: 0.6565
