Location: easy26_Mean-Closing.png
Component: component_1744297382105_643.png
centerX: 0.4306451612903226
centerY: 0.4363026819923372
width: 0.014516129032258065
height: 0.014846743295019157
Area: 8.5743418613274e-05
CentroidX: 0.4388
CentroidY: 0.4415
