Location: 2025-04-19_205026-1.png_Gaussian-Median.png
Component: component_1745099140074_286.png
centerX: 0.26089517078916374
centerY: 0.5006418485237484
width: 0.02591283863368669
height: 0.029525032092426188
Area: 0.0002867780212114935
CentroidX: 0.2765
CentroidY: 0.5113
