Location: easy21_Mean-Medain.png
Component: component_1744297381013_989.png
centerX: 0.5403225806451613
centerY: 0.7461685823754789
width: 0.01532258064516129
height: 0.014846743295019157
Area: 0.00010003398838215301
CentroidX: 0.5494
CentroidY: 0.7513
