Location: 2025-04-19_205026-1.png_Gaussian-Median.png
Component: component_1745099140011_39.png
centerX: 0.6513545347467609
centerY: 0.07317073170731707
width: 0.02061248527679623
height: 0.0329482242190843
Area: 0.00029307806561420645
CentroidX: 0.6639
CentroidY: 0.0860
