Location: 2025-04-19_205026-1.png_Gaussian-Median.png
Component: component_1745099140032_143.png
centerX: 0.0977620730270907
centerY: 0.26144629867351304
width: 0.024146054181389872
height: 0.030380830124090714
Area: 0.00027896596615212943
CentroidX: 0.1116
CentroidY: 0.2731
