Location: easy26_Mean-Closing.png
Component: component_1744297382000_265.png
centerX: 0.5411290322580645
centerY: 0.1896551724137931
width: 0.014516129032258065
height: 0.014846743295019157
Area: 8.767457669014955e-05
CentroidX: 0.5492
CentroidY: 0.1947
