Location: 2025-04-19_205026-1.png_Gaussian-Median.png
Component: component_1745099140109_462.png
centerX: 0.6054181389870436
centerY: 0.7903294822421908
width: 0.02591283863368669
height: 0.031664527171587506
Area: 0.00030416614376298126
CentroidX: 0.6207
CentroidY: 0.8020
