Location: 2025-04-19_205026-1.png_Gaussian-Median.png
Component: component_1745099140101_422.png
centerX: 0.26089517078916374
centerY: 0.7329910141206675
width: 0.023557126030624265
height: 0.038510911424903725
Area: 0.00034927446168640596
CentroidX: 0.2761
CentroidY: 0.7473
