Location: 2025-04-16_190509-1.png_Gaussian-Median.png
Component: component_1744834563377_144.png
centerX: 0.6590106007067138
centerY: 0.20367993153615746
width: 0.023557126030624265
height: 0.021822849807445442
Area: 0.000279721971480455
CentroidX: 0.6712
CentroidY: 0.2140
