Location: 2025-04-16_190509-1.png_Gaussian-Median.png
Component: component_1744834563470_284.png
centerX: 0.5753828032979976
centerY: 0.4154899443731279
width: 0.024146054181389872
height: 0.02139495079161318
Area: 0.00028476200700262535
CentroidX: 0.5879
CentroidY: 0.4257
