Location: 2025-04-19_205026-1.png_Gaussian-Median.png
Component: component_1745099140086_344.png
centerX: 0.9440518256772674
centerY: 0.6011981172443304
width: 0.024146054181389872
height: 0.030380830124090714
Area: 0.0002923220602858809
CentroidX: 0.9579
CentroidY: 0.6123
