Location: Document_2025-04-19_205151-1.png_Mean-Medain.png
Component: component_1745099140413_72.png
centerX: 0.7714958775029447
centerY: 0.08686350021394951
width: 0.021790341578327443
height: 0.03465982028241335
Area: 0.00031979025388170936
CentroidX: 0.7842
CentroidY: 0.0997
