Location: Document_2025-04-19_205151-1.png_Mean-Medain.png
Component: component_1745099140474_110.png
centerX: 0.15312131919905772
centerY: 0.13564398801882754
width: 0.021790341578327443
height: 0.03508771929824561
Area: 0.0002968580922558342
CentroidX: 0.1664
CentroidY: 0.1486
