Location: 2025-04-19_205026-1.png_Gaussian-Median.png
Component: component_1745099140031_135.png
centerX: 0.4917550058892815
centerY: 0.22421908429610612
width: 0.024734982332155476
height: 0.03123662815575524
Area: 0.00030366214021076423
CentroidX: 0.5068
CentroidY: 0.2359
