Location: 2025-04-19_205026-1.png_Gaussian-Median.png
Component: component_1745099140025_110.png
centerX: 0.5800942285041225
centerY: 0.17715019255455713
width: 0.019434628975265017
height: 0.0329482242190843
Area: 0.00026787788800335463
CentroidX: 0.5917
CentroidY: 0.1899
