Location: 2025-04-19_205026-1.png_Gaussian-Median.png
Component: component_1745099140025_106.png
centerX: 0.3627797408716137
centerY: 0.17672229353872487
width: 0.021790341578327443
height: 0.03123662815575524
Area: 0.0002812339821371061
CentroidX: 0.3767
CentroidY: 0.1889
