Location: easy26_Mean-Closing.png
Component: component_1744297382003_283.png
centerX: 0.4064516129032258
centerY: 0.21120689655172414
width: 0.013709677419354839
height: 0.014846743295019157
Area: 8.303979730564825e-05
CentroidX: 0.4145
CentroidY: 0.2164
