Location: 2025-04-19_205026-1.png_Gaussian-Median.png
Component: component_1745099140030_132.png
centerX: 0.525323910482921
centerY: 0.22379118528027386
width: 0.02120141342756184
height: 0.03465982028241335
Area: 0.0003092061792851516
CentroidX: 0.5382
CentroidY: 0.2378
