Location: 2025-04-19_205026-1.png_Gaussian-Median.png
Component: component_1745099140007_26.png
centerX: 0.3409893992932862
centerY: 0.02139495079161318
width: 0.020023557126030624
height: 0.029525032092426188
Area: 0.0002837539998981913
CentroidX: 0.3529
CentroidY: 0.0332
