Location: easy21_Mean-Medain.png
Component: component_1744297380926_778.png
centerX: 0.6282258064516129
centerY: 0.6087164750957854
width: 0.01532258064516129
height: 0.01532567049808429
Area: 9.153689284390063e-05
CentroidX: 0.6368
CentroidY: 0.6141
