Location: 2025-04-19_205026-1.png_Gaussian-Median.png
Component: component_1745099140091_368.png
centerX: 0.3374558303886926
centerY: 0.6401369276850664
width: 0.025323910482921083
height: 0.03080872913992298
Area: 0.00029030604607701275
CentroidX: 0.3530
CentroidY: 0.6510
