Location: 2025-04-16_190509-1.png_Gaussian-Median.png
Component: component_1744834563465_262.png
centerX: 0.5859835100117785
centerY: 0.37783483097988874
width: 0.02237926972909305
height: 0.02011125374411639
Area: 0.000258805824063448
CentroidX: 0.5970
CentroidY: 0.3880
