Location: 2025-04-19_205026-1.png_Gaussian-Median.png
Component: component_1745099140075_292.png
centerX: 0.7744405182567726
centerY: 0.501497646555413
width: 0.022968197879858657
height: 0.031664527171587506
Area: 0.0002887940354203616
CentroidX: 0.7878
CentroidY: 0.5133
