Location: 2025-04-19_205026-1.png_Gaussian-Median.png
Component: component_1745099140114_483.png
centerX: 0.5942285041224971
centerY: 0.8322635857937527
width: 0.024146054181389872
height: 0.032520325203252036
Area: 0.0003180262414489497
CentroidX: 0.6085
CentroidY: 0.8442
