Location: Document_2025-04-19_205151-1.png_Gaussian-Median.png
Component: component_1745099140196_64.png
centerX: 0.8345111896348646
centerY: 0.08814719726144629
width: 0.023557126030624265
height: 0.03123662815575524
Area: 0.0002880380300920361
CentroidX: 0.8486
CentroidY: 0.0994
