Location: 2025-04-16_190509-1.png_Gaussian-Median.png
Component: component_1744834563378_147.png
centerX: 0.5848056537102474
centerY: 0.20753102267864784
width: 0.026501766784452298
height: 0.02139495079161318
Area: 0.00025804981873512245
CentroidX: 0.5968
CentroidY: 0.2172
