Location: 2025-04-19_205026-1.png_Gaussian-Median.png
Component: component_1745099140087_350.png
centerX: 0.7361601884570083
centerY: 0.6024818142918271
width: 0.024146054181389872
height: 0.03465982028241335
Area: 0.00032004225565781787
CentroidX: 0.7506
CentroidY: 0.6151
