Location: easy43_Mean-Closing.png
Component: component_1744297380721_1432.png
centerX: 0.5374848851269649
centerY: 0.8084651560495938
width: 0.008464328899637243
height: 0.010260795211628902
Area: 4.7561122504527356e-05
CentroidX: 0.5427
CentroidY: 0.8127
