Location: 2025-04-19_205026-1.png_Gaussian-Median.png
Component: component_1745099140099_407.png
centerX: 0.6148409893992933
centerY: 0.6927685066324347
width: 0.027090694935217905
height: 0.03380402225074882
Area: 0.00035154247767138264
CentroidX: 0.6309
CentroidY: 0.7048
