Location: 2025-04-19_205026-1.png_Gaussian-Median.png
Component: component_1745099140103_433.png
centerX: 0.5965842167255595
centerY: 0.7415489944373128
width: 0.028268551236749116
height: 0.03465982028241335
Area: 0.00035607850964133593
CentroidX: 0.6129
CentroidY: 0.7541
