Location: 2025-04-19_205026-1.png_Gaussian-Median.png
Component: component_1745099140105_443.png
centerX: 0.12073027090694935
centerY: 0.7732135216089003
width: 0.024146054181389872
height: 0.032520325203252036
Area: 0.00028198998746543165
CentroidX: 0.1351
CentroidY: 0.7851
