Location: 2025-04-16_190509-1.png_Gaussian-Median.png
Component: component_1744834563432_218.png
centerX: 0.5388692579505301
centerY: 0.30979888746255885
width: 0.025323910482921083
height: 0.022250748823277707
Area: 0.0003238222822994456
CentroidX: 0.5511
CentroidY: 0.3202
