Location: 2025-04-19_205026-1.png_Gaussian-Median.png
Component: component_1745099140118_506.png
centerX: 0.3916372202591284
centerY: 0.8712023962344887
width: 0.021790341578327443
height: 0.036371416345742404
Area: 0.0003213022645383605
CentroidX: 0.4052
CentroidY: 0.8854
