Location: easy16_Gaussian-Median.png
Component: component_1744297381865_938.png
centerX: 0.49838709677419357
centerY: 0.6657088122605364
width: 0.014516129032258065
height: 0.014846743295019157
Area: 8.960573476702509e-05
CentroidX: 0.5069
CentroidY: 0.6707
