Location: 2025-04-16_190509-1.png_Gaussian-Median.png
Component: component_1744834563369_122.png
centerX: 0.6525323910482921
centerY: 0.17244330338040223
width: 0.02061248527679623
height: 0.022250748823277707
Area: 0.00025275778143684356
CentroidX: 0.6626
CentroidY: 0.1825
