Location: easy64_Gaussian-Closing.png
Component: component_1744297381432_952.png
centerX: 0.2914147521160822
centerY: 0.6348867037195383
width: 0.008464328899637243
height: 0.00983326207781103
Area: 4.9370513034590894e-05
CentroidX: 0.2961
CentroidY: 0.6385
