Location: 2025-04-16_190509-1.png_Gaussian-Median.png
Component: component_1744834563408_172.png
centerX: 0.46113074204946997
centerY: 0.24176294394522893
width: 0.024734982332155476
height: 0.022250748823277707
Area: 0.000272917923525525
CentroidX: 0.4733
CentroidY: 0.2521
