Location: Document_2025-04-19_205151-1.png_Gaussian-Median.png
Component: component_1745099140184_55.png
centerX: 0.7355712603062426
centerY: 0.08771929824561403
width: 0.022968197879858657
height: 0.037227214377406934
Area: 0.0003235702805233371
CentroidX: 0.7501
CentroidY: 0.1010
