Location: 2025-04-19_205026-1.png_Gaussian-Median.png
Component: component_1745099140097_401.png
centerX: 0.8633686690223793
centerY: 0.6902011125374412
width: 0.023557126030624265
height: 0.0329482242190843
Area: 0.0003160102272400816
CentroidX: 0.8775
CentroidY: 0.7024
