Location: 2025-04-16_190509-1.png_Gaussian-Median.png
Component: component_1744834563413_177.png
centerX: 0.26148409893992935
centerY: 0.2524604193410355
width: 0.02237926972909305
height: 0.020967051775780916
Area: 0.00026787788800335463
CentroidX: 0.2729
CentroidY: 0.2619
