Location: 2025-04-16_190509-1.png_Gaussian-Median.png
Component: component_1744834563370_125.png
centerX: 0.4923439340400471
centerY: 0.17843388960205392
width: 0.024146054181389872
height: 0.024390243902439025
Area: 0.0002971100940319427
CentroidX: 0.5041
CentroidY: 0.1889
