Location: 2025-04-19_205026-1.png_Gaussian-Median.png
Component: component_1745099140128_549.png
centerX: 0.8598351001177856
centerY: 0.9212665810868635
width: 0.022968197879858657
height: 0.029097133076593923
Area: 0.0002913140531814468
CentroidX: 0.8736
CentroidY: 0.9318
