Location: easy21_Mean-Medain.png
Component: component_1744297380970_944.png
centerX: 0.20080645161290323
centerY: 0.7217432950191571
width: 0.014516129032258065
height: 0.014846743295019157
Area: 8.53571869978989e-05
CentroidX: 0.2093
CentroidY: 0.7267
