Location: 2025-04-19_205026-1.png_Gaussian-Median.png
Component: component_1745099140042_180.png
centerX: 0.45641931684334514
centerY: 0.31750106974753955
width: 0.02237926972909305
height: 0.03080872913992298
Area: 0.00028753402653981905
CentroidX: 0.4700
CentroidY: 0.3290
