Location: 2025-04-16_190509-1.png_Gaussian-Median.png
Component: component_1744834563407_171.png
centerX: 0.582449941107185
centerY: 0.2409071459135644
width: 0.02237926972909305
height: 0.02053915275994865
Area: 0.000252001776108518
CentroidX: 0.5937
CentroidY: 0.2507
