Location: easy16_Gaussian-Median.png
Component: component_1744297381692_266.png
centerX: 0.4532258064516129
centerY: 0.18007662835249041
width: 0.014516129032258065
height: 0.014846743295019157
Area: 8.99919663824002e-05
CentroidX: 0.4619
CentroidY: 0.1850
