Location: 2025-04-19_205026-1.png_Gaussian-Median.png
Component: component_1745099140020_91.png
centerX: 0.9405182567726738
centerY: 0.17329910141206675
width: 0.023557126030624265
height: 0.029097133076593923
Area: 0.0002840060016742998
CentroidX: 0.9550
CentroidY: 0.1841
