Location: easy21_Mean-Medain.png
Component: component_1744297380839_363.png
centerX: 0.5540322580645162
centerY: 0.33620689655172414
width: 0.014516129032258065
height: 0.01532567049808429
Area: 9.50129773822766e-05
CentroidX: 0.5625
CentroidY: 0.3414
