Location: 2025-04-16_190509-1.png_Gaussian-Median.png
Component: component_1744834563413_176.png
centerX: 0.3032979976442874
centerY: 0.2503209242618742
width: 0.021790341578327443
height: 0.020967051775780916
Area: 0.00024973376012354134
CentroidX: 0.3140
CentroidY: 0.2600
