Location: easy26_Mean-Closing.png
Component: component_1744297382169_983.png
centerX: 0.6758064516129032
centerY: 0.7705938697318008
width: 0.013709677419354839
height: 0.014846743295019157
Area: 8.342602892102336e-05
CentroidX: 0.6839
CentroidY: 0.7756
