Location: easy26_Mean-Closing.png
Component: component_1744297381983_175.png
centerX: 0.8806451612903226
centerY: 0.14319923371647508
width: 0.014516129032258065
height: 0.014846743295019157
Area: 8.5743418613274e-05
CentroidX: 0.8893
CentroidY: 0.1483
