Location: 2025-04-19_205026-1.png_Gaussian-Median.png
Component: component_1745099140065_248.png
centerX: 0.7614840989399293
centerY: 0.4099272571673085
width: 0.024146054181389872
height: 0.026957637997432605
Area: 0.00026661787912281206
CentroidX: 0.7766
CentroidY: 0.4198
