Location: 2025-04-19_205026-1.png_Gaussian-Median.png
Component: component_1745099140034_152.png
centerX: 0.9151943462897526
centerY: 0.2687205819426615
width: 0.024734982332155476
height: 0.03380402225074882
Area: 0.0003291143195977245
CentroidX: 0.9304
CentroidY: 0.2811
