Location: 2025-04-19_205026-1.png_Gaussian-Median.png
Component: component_1745099140086_342.png
centerX: 0.4093050647820966
centerY: 0.5982028241335045
width: 0.024734982332155476
height: 0.03551561831407788
Area: 0.0003346583586721119
CentroidX: 0.4246
CentroidY: 0.6110
