Location: 2025-04-19_205026-1.png_Gaussian-Median.png
Component: component_1745099140076_296.png
centerX: 0.9464075382803298
centerY: 0.5019255455712451
width: 0.02120141342756184
height: 0.03380402225074882
Area: 0.00030845017395682604
CentroidX: 0.9591
CentroidY: 0.5144
