Location: Document_2025-04-19_205151-1.png_Gaussian-Median.png
Component: component_1745099140181_51.png
centerX: 0.7714958775029447
centerY: 0.08686350021394951
width: 0.021790341578327443
height: 0.03465982028241335
Area: 0.00030996218461347717
CentroidX: 0.7843
CentroidY: 0.1000
