Location: 2025-04-19_205026-1.png_Gaussian-Median.png
Component: component_1745099140081_316.png
centerX: 0.4110718492343934
centerY: 0.5502781343602909
width: 0.025323910482921083
height: 0.03423192126658109
Area: 0.00034347842083591005
CentroidX: 0.4258
CentroidY: 0.5628
