Location: 2025-04-16_190509-1.png_Gaussian-Median.png
Component: component_1744834563429_204.png
centerX: 0.08657243816254417
centerY: 0.28754813863928114
width: 0.023557126030624265
height: 0.022250748823277707
Area: 0.000272413919973308
CentroidX: 0.0984
CentroidY: 0.2978
