Location: 2025-04-19_205026-1.png_Gaussian-Median.png
Component: component_1745099140033_147.png
centerX: 0.24028268551236748
centerY: 0.26700898587933247
width: 0.024734982332155476
height: 0.02995293110825845
Area: 0.0002935820691664235
CentroidX: 0.2553
CentroidY: 0.2779
