Location: Document_2025-04-19_205151-1.png_Gaussian-Closing.png
Component: component_1745099139965_56.png
centerX: 0.04181389870435807
centerY: 0.13307659392383397
width: 0.02120141342756184
height: 0.037227214377406934
Area: 0.0002824939910176487
CentroidX: 0.0550
CentroidY: 0.1469
