Location: 2025-04-19_205026-1.png_Gaussian-Median.png
Component: component_1745099140065_243.png
centerX: 0.8315665488810365
centerY: 0.40821566110397944
width: 0.02591283863368669
height: 0.032520325203252036
Area: 0.0003245782876277712
CentroidX: 0.8468
CentroidY: 0.4196
