Location: 2025-04-19_205026-1.png_Gaussian-Median.png
Component: component_1745099140048_199.png
centerX: 0.0989399293286219
centerY: 0.35686777920410784
width: 0.02061248527679623
height: 0.031664527171587506
Area: 0.00027619394661493573
CentroidX: 0.1115
CentroidY: 0.3689
