Location: 2025-04-19_205026-1.png_Gaussian-Median.png
Component: component_1745099140112_475.png
centerX: 0.30624263839811544
centerY: 0.8241335044929397
width: 0.02120141342756184
height: 0.031664527171587506
Area: 0.00027745395549547835
CentroidX: 0.3196
CentroidY: 0.8359
