Location: 2025-04-19_205026-1.png_Gaussian-Median.png
Component: component_1745099140098_403.png
centerX: 0.8951707891637221
centerY: 0.6910569105691057
width: 0.023557126030624265
height: 0.031664527171587506
Area: 0.00030996218461347717
CentroidX: 0.9096
CentroidY: 0.7026
