Location: Document_2025-04-19_205151-1.png_Gaussian-Median.png
Component: component_1745099140215_87.png
centerX: 0.3286219081272085
centerY: 0.13564398801882754
width: 0.01884570082449941
height: 0.03337612323491656
Area: 0.00026787788800335463
CentroidX: 0.3400
CentroidY: 0.1485
