Location: 2025-04-19_205026-1.png_Gaussian-Median.png
Component: component_1745099140031_137.png
centerX: 0.39752650176678445
centerY: 0.22507488232777065
width: 0.022968197879858657
height: 0.02995293110825845
Area: 0.000293834070942532
CentroidX: 0.4113
CentroidY: 0.2363
