Location: easy21_Mean-Medain.png
Component: component_1744297380831_331.png
centerX: 0.4443548387096774
centerY: 0.31417624521072796
width: 0.01532258064516129
height: 0.01532567049808429
Area: 9.346805092077617e-05
CentroidX: 0.4530
CentroidY: 0.3193
