Location: 2025-04-19_205026-1.png_Gaussian-Median.png
Component: component_1745099140048_201.png
centerX: 0.12779740871613662
centerY: 0.35772357723577236
width: 0.024146054181389872
height: 0.028241335044929396
Area: 0.000286526019435385
CentroidX: 0.1420
CentroidY: 0.3679
