Location: 2025-04-19_205026-1.png_Gaussian-Median.png
Component: component_1745099140085_339.png
centerX: 0.30624263839811544
centerY: 0.5947796320068464
width: 0.024734982332155476
height: 0.029525032092426188
Area: 0.00029736209580805123
CentroidX: 0.3206
CentroidY: 0.6055
