Location: Document_2025-04-19_205151-1.png_Mean-Medain.png
Component: component_1745099140473_109.png
centerX: 0.07656065959952886
centerY: 0.13521608900299528
width: 0.02237926972909305
height: 0.03594351732991014
Area: 0.0003132382077028879
CentroidX: 0.0902
CentroidY: 0.1487
