Location: easy26_Mean-Closing.png
Component: component_1744297381984_177.png
centerX: 0.9217741935483871
centerY: 0.14272030651340997
width: 0.01532258064516129
height: 0.014367816091954023
Area: 9.308181930540107e-05
CentroidX: 0.9311
CentroidY: 0.1477
