Location: 2025-04-19_205026-1.png_Gaussian-Median.png
Component: component_1745099140003_9.png
centerX: 0.12249705535924617
centerY: 0.017543859649122806
width: 0.02591283863368669
height: 0.036371416345742404
Area: 0.00034650244214921226
CentroidX: 0.1375
CentroidY: 0.0320
