Location: easy16_Gaussian-Median.png
Component: component_1744297381647_52.png
centerX: 0.542741935483871
centerY: 0.04549808429118774
width: 0.014516129032258065
height: 0.014846743295019157
Area: 8.497095538252379e-05
CentroidX: 0.5510
CentroidY: 0.0506
