Location: 2025-04-19_205026-1.png_Gaussian-Median.png
Component: component_1745099140126_542.png
centerX: 0.7567726737338045
centerY: 0.9191270860077022
width: 0.024146054181389872
height: 0.03808301240907146
Area: 0.0003661585806856767
CentroidX: 0.7717
CentroidY: 0.9337
