Location: easy26_Mean-Closing.png
Component: component_1744297382092_580.png
centerX: 0.19274193548387097
centerY: 0.39176245210727967
width: 0.013709677419354839
height: 0.014367816091954023
Area: 8.188110245952293e-05
CentroidX: 0.2008
CentroidY: 0.3966
