Location: Document_2025-04-19_205151-1.png_Mean-Medain.png
Component: component_1745099140492_120.png
centerX: 0.43227326266195526
centerY: 0.13778348309798888
width: 0.02237926972909305
height: 0.036799315361574665
Area: 0.00029887410646470237
CentroidX: 0.4456
CentroidY: 0.1521
