Location: Document_2025-04-19_205151-1.png_Gaussian-Closing.png
Component: component_1745099139958_34.png
centerX: 0.08186101295641932
centerY: 0.08686350021394951
width: 0.02061248527679623
height: 0.03465982028241335
Area: 0.00029585008515140015
CentroidX: 0.0944
CentroidY: 0.0999
