Location: 2025-04-16_190509-1.png_Gaussian-Median.png
Component: component_1744834563426_198.png
centerX: 0.3462897526501767
centerY: 0.28027385537013266
width: 0.024146054181389872
height: 0.021822849807445442
Area: 0.00028778602831592756
CentroidX: 0.3577
CentroidY: 0.2905
