Location: 2025-04-19_205026-1.png_Gaussian-Median.png
Component: component_1745099140119_512.png
centerX: 0.5677267373380448
centerY: 0.8741976893453145
width: 0.022968197879858657
height: 0.03551561831407788
Area: 0.00034196641017925897
CentroidX: 0.5818
CentroidY: 0.8877
