Location: Document_2025-04-19_205151-1.png_Gaussian-Closing.png
Component: component_1745099139964_51.png
centerX: 0.6342756183745583
centerY: 0.08900299529311083
width: 0.023557126030624265
height: 0.0329482242190843
Area: 0.0002998821135691364
CentroidX: 0.6486
CentroidY: 0.1010
