Location: easy21_Mean-Medain.png
Component: component_1744297380829_325.png
centerX: 0.49193548387096775
centerY: 0.3136973180076628
width: 0.01532258064516129
height: 0.01532567049808429
Area: 0.00010042021999752812
CentroidX: 0.5010
CentroidY: 0.3193
