Location: Document_2025-04-19_205151-1.png_Gaussian-Closing.png
Component: component_1745099139969_73.png
centerX: 0.7932862190812721
centerY: 0.13521608900299528
width: 0.02237926972909305
height: 0.03508771929824561
Area: 0.00030593015619574085
CentroidX: 0.8065
CentroidY: 0.1483
