Location: 2025-04-19_205026-1.png_Gaussian-Median.png
Component: component_1745099140073_279.png
centerX: 0.09246171967020024
centerY: 0.49550706033376124
width: 0.023557126030624265
height: 0.028241335044929396
Area: 0.0002459537334819136
CentroidX: 0.1067
CentroidY: 0.5058
