Location: easy26_Mean-Closing.png
Component: component_1744297382162_952.png
centerX: 0.31129032258064515
centerY: 0.7485632183908046
width: 0.014516129032258065
height: 0.014367816091954023
Area: 8.149487084414781e-05
CentroidX: 0.3192
CentroidY: 0.7534
