Location: 2025-04-19_205026-1.png_Gaussian-Median.png
Component: component_1745099140068_261.png
centerX: 0.568904593639576
centerY: 0.44843816859221225
width: 0.024734982332155476
height: 0.029097133076593923
Area: 0.0002993781100169194
CentroidX: 0.5833
CentroidY: 0.4593
