Location: 2025-04-16_190509-1.png_Gaussian-Median.png
Component: component_1744834563470_285.png
centerX: 0.5371024734982333
centerY: 0.417201540436457
width: 0.02237926972909305
height: 0.023106546854942234
Area: 0.0002918180567336639
CentroidX: 0.5482
CentroidY: 0.4279
