Location: 2025-04-16_190509-1.png_Gaussian-Median.png
Component: component_1744834563374_135.png
centerX: 0.127208480565371
centerY: 0.1925545571245186
width: 0.024734982332155476
height: 0.02139495079161318
Area: 0.0002799739732565635
CentroidX: 0.1396
CentroidY: 0.2024
