Location: 2025-04-19_205026-1.png_Gaussian-Median.png
Component: component_1745099140048_200.png
centerX: 0.19964664310954064
centerY: 0.35729567821994007
width: 0.022968197879858657
height: 0.03337612323491656
Area: 0.00027770595727158687
CentroidX: 0.2138
CentroidY: 0.3697
