Location: 2025-04-19_205026-1.png_Gaussian-Median.png
Component: component_1745099140080_312.png
centerX: 0.30153121319199055
centerY: 0.5464270432178006
width: 0.024734982332155476
height: 0.03080872913992298
Area: 0.0003122302005984538
CentroidX: 0.3163
CentroidY: 0.5573
