Location: Document_2025-04-19_205151-1.png_Gaussian-Closing.png
Component: component_1745099139965_54.png
centerX: 0.22379269729093051
centerY: 0.1317928968763372
width: 0.02120141342756184
height: 0.03594351732991014
Area: 0.00029333006739031497
CentroidX: 0.2366
CentroidY: 0.1453
