Location: easy26_Mean-Closing.png
Component: component_1744297382018_362.png
centerX: 0.6258064516129033
centerY: 0.2567049808429119
width: 0.014516129032258065
height: 0.014846743295019157
Area: 9.076442961315042e-05
CentroidX: 0.6342
CentroidY: 0.2617
