Location: easy26_Mean-Closing.png
Component: component_1744297382138_829.png
centerX: 0.11774193548387096
centerY: 0.6590038314176245
width: 0.014516129032258065
height: 0.014367816091954023
Area: 8.188110245952293e-05
CentroidX: 0.1264
CentroidY: 0.6639
