Location: 2025-04-19_205026-1.png_Gaussian-Median.png
Component: component_1745099140082_326.png
centerX: 0.8085983510011778
centerY: 0.5549850235344459
width: 0.02591283863368669
height: 0.032520325203252036
Area: 0.0003051741508674153
CentroidX: 0.8247
CentroidY: 0.5668
