Location: easy26_Mean-Closing.png
Component: component_1744297382125_757.png
centerX: 0.8604838709677419
centerY: 0.6130268199233716
width: 0.014516129032258065
height: 0.014846743295019157
Area: 7.454270176739587e-05
CentroidX: 0.8704
CentroidY: 0.6183
