Location: 2025-04-16_190509-1.png_Gaussian-Median.png
Component: component_1744834563429_206.png
centerX: 0.8786808009422851
centerY: 0.2913992297817715
width: 0.024734982332155476
height: 0.024390243902439025
Area: 0.00032785431071718195
CentroidX: 0.8910
CentroidY: 0.3028
