Location: 2025-04-16_190509-1.png_Gaussian-Median.png
Component: component_1744834563464_257.png
centerX: 0.7355712603062426
centerY: 0.37013264869490803
width: 0.024146054181389872
height: 0.02267864783910997
Area: 0.00029005404430090424
CentroidX: 0.7483
CentroidY: 0.3805
