Location: 2025-04-19_205026-1.png_Gaussian-Median.png
Component: component_1745099140052_220.png
centerX: 0.7049469964664311
centerY: 0.3684210526315789
width: 0.024734982332155476
height: 0.028241335044929396
Area: 0.0002782099608238039
CentroidX: 0.7202
CentroidY: 0.3786
