Location: 2025-04-19_205026-1.png_Gaussian-Median.png
Component: component_1745099140096_395.png
centerX: 0.35159010600706714
centerY: 0.685066324347454
width: 0.02591283863368669
height: 0.03380402225074882
Area: 0.00033591836755265454
CentroidX: 0.3674
CentroidY: 0.6975
