Location: easy21_Mean-Medain.png
Component: component_1744297380890_616.png
centerX: 0.4435483870967742
centerY: 0.49616858237547895
width: 0.01532258064516129
height: 0.014846743295019157
Area: 9.192312445927574e-05
CentroidX: 0.4520
CentroidY: 0.5013
