Location: 2025-04-19_205026-1.png_Gaussian-Median.png
Component: component_1745099140013_49.png
centerX: 0.8280329799764429
centerY: 0.0740265297389816
width: 0.021790341578327443
height: 0.031664527171587506
Area: 0.00028224198924154016
CentroidX: 0.8408
CentroidY: 0.0857
