Location: easy21_Mean-Medain.png
Component: component_1744297380745_10.png
centerX: 0.2508064516129032
centerY: 0.036877394636015325
width: 0.014516129032258065
height: 0.01532567049808429
Area: 9.733036707452725e-05
CentroidX: 0.2594
CentroidY: 0.0421
