Location: Document_2025-04-19_205151-1.png_Gaussian-Closing.png
Component: component_1745099139957_31.png
centerX: 0.3963486454652532
centerY: 0.08600770218228498
width: 0.02120141342756184
height: 0.0329482242190843
Area: 0.00028047797680878057
CentroidX: 0.4087
CentroidY: 0.0990
