Location: 2025-04-19_205026-1.png_Gaussian-Median.png
Component: component_1745099140072_275.png
centerX: 0.5
centerY: 0.45186136071887034
width: 0.021790341578327443
height: 0.02781343602909713
Area: 0.0002963540887036172
CentroidX: 0.5127
CentroidY: 0.4624
