Location: 2025-04-19_205026-1.png_Gaussian-Median.png
Component: component_1745099140112_476.png
centerX: 0.3421672555948174
centerY: 0.8271287976037656
width: 0.024734982332155476
height: 0.03123662815575524
Area: 0.0003107181899418027
CentroidX: 0.3567
CentroidY: 0.8383
