Location: 2025-04-19_205026-1.png_Gaussian-Median.png
Component: component_1745099140080_315.png
centerX: 0.3751472320376914
centerY: 0.5498502353444588
width: 0.022968197879858657
height: 0.03423192126658109
Area: 0.00030945818106126015
CentroidX: 0.3896
CentroidY: 0.5625
