Location: 2025-04-19_205026-1.png_Gaussian-Median.png
Component: component_1745099140090_361.png
centerX: 0.09422850412249706
centerY: 0.6324347454000856
width: 0.024734982332155476
height: 0.031664527171587506
Area: 0.00030164612600189607
CentroidX: 0.1093
CentroidY: 0.6439
