Location: 2025-04-19_205026-1.png_Gaussian-Median.png
Component: component_1745099140018_78.png
centerX: 0.5412249705535924
centerY: 0.12879760376551133
width: 0.023557126030624265
height: 0.037227214377406934
Area: 0.00033541436400043746
CentroidX: 0.5558
CentroidY: 0.1427
