Location: 2025-04-16_190509-1.png_Gaussian-Median.png
Component: component_1744834563462_251.png
centerX: 0.044169611307420496
centerY: 0.36114676936243045
width: 0.02591283863368669
height: 0.02139495079161318
Area: 0.0002852660105548424
CentroidX: 0.0572
CentroidY: 0.3709
