Location: easy21_Mean-Medain.png
Component: component_1744297380875_536.png
centerX: 0.5064516129032258
centerY: 0.4501915708812261
width: 0.01532258064516129
height: 0.01532567049808429
Area: 9.771659868990237e-05
CentroidX: 0.5155
CentroidY: 0.4555
