Location: 2025-04-19_205026-1.png_Gaussian-Median.png
Component: component_1745099140048_202.png
centerX: 0.16725559481743227
centerY: 0.3581514762516046
width: 0.02120141342756184
height: 0.030380830124090714
Area: 0.00028022597503267205
CentroidX: 0.1801
CentroidY: 0.3693
