Location: 2025-04-19_205026-1.png_Gaussian-Median.png
Component: component_1745099140069_267.png
centerX: 0.3545347467608952
centerY: 0.45057766367137353
width: 0.024734982332155476
height: 0.03380402225074882
Area: 0.0003669145860140022
CentroidX: 0.3682
CentroidY: 0.4636
