Location: 2025-04-19_205026-1.png_Gaussian-Median.png
Component: component_1745099140017_76.png
centerX: 0.44228504122497053
centerY: 0.12836970474967907
width: 0.022968197879858657
height: 0.030380830124090714
Area: 0.0002726659217494165
CentroidX: 0.4551
CentroidY: 0.1396
