Location: 2025-04-19_205026-1.png_Gaussian-Median.png
Component: component_1745099140039_171.png
centerX: 0.13250883392226148
centerY: 0.30979888746255885
width: 0.025323910482921083
height: 0.03209242618741977
Area: 0.0003202942574339264
CentroidX: 0.1465
CentroidY: 0.3219
