Location: 2025-04-19_205026-1.png_Gaussian-Median.png
Component: component_1745099140071_273.png
centerX: 0.38633686690223795
centerY: 0.45186136071887034
width: 0.022968197879858657
height: 0.02995293110825845
Area: 0.0003127342041506709
CentroidX: 0.3995
CentroidY: 0.4631
