Location: easy26_Mean-Closing.png
Component: component_1744297382013_340.png
centerX: 0.9217741935483871
centerY: 0.25526819923371646
width: 0.016935483870967744
height: 0.014846743295019157
Area: 8.767457669014955e-05
CentroidX: 0.9330
CentroidY: 0.2606
