Location: 2025-04-16_190509-1.png_Gaussian-Median.png
Component: component_1744834563380_153.png
centerX: 0.30624263839811544
centerY: 0.22165169020111253
width: 0.025323910482921083
height: 0.022250748823277707
Area: 0.00028728202476371054
CentroidX: 0.3188
CentroidY: 0.2319
