Location: 2025-04-19_205026-1.png_Gaussian-Median.png
Component: component_1745099140034_151.png
centerX: 0.8775029446407538
centerY: 0.2687205819426615
width: 0.024734982332155476
height: 0.031664527171587506
Area: 0.0003187822467772753
CentroidX: 0.8929
CentroidY: 0.2803
