Location: 2025-04-16_190509-1.png_Gaussian-Median.png
Component: component_1744834563462_249.png
centerX: 0.9075382803297998
centerY: 0.35729567821994007
width: 0.026501766784452298
height: 0.0235344458707745
Area: 0.00029862210468859385
CentroidX: 0.9207
CentroidY: 0.3684
