Location: easy16_Gaussian-Median.png
Component: component_1744297381888_1082.png
centerX: 0.2879032258064516
centerY: 0.7562260536398467
width: 0.014516129032258065
height: 0.014846743295019157
Area: 8.806080830552465e-05
CentroidX: 0.2964
CentroidY: 0.7611
