Location: 2025-04-19_205026-1.png_Gaussian-Median.png
Component: component_1745099140103_436.png
centerX: 0.5223792697290931
centerY: 0.7428326914848096
width: 0.02120141342756184
height: 0.03080872913992298
Area: 0.0002862740176592765
CentroidX: 0.5353
CentroidY: 0.7542
