Location: 2025-04-16_190509-1.png_Gaussian-Median.png
Component: component_1744834563371_129.png
centerX: 0.3303886925795053
centerY: 0.18485237483953787
width: 0.024734982332155476
height: 0.0235344458707745
Area: 0.0002885420336442531
CentroidX: 0.3426
CentroidY: 0.1954
