Location: 2025-04-19_205026-1.png_Gaussian-Median.png
Component: component_1745099140097_397.png
centerX: 0.38928150765606595
centerY: 0.6872058194266153
width: 0.024734982332155476
height: 0.03380402225074882
Area: 0.0003301223267021586
CentroidX: 0.4043
CentroidY: 0.6996
