Location: 2025-04-16_190509-1.png_Gaussian-Median.png
Component: component_1744834563401_168.png
centerX: 0.6201413427561837
centerY: 0.2383397518185708
width: 0.024146054181389872
height: 0.023106546854942234
Area: 0.0002885420336442531
CentroidX: 0.6322
CentroidY: 0.2488
