Location: easy21_Mean-Medain.png
Component: component_1744297380888_606.png
centerX: 0.6459677419354839
centerY: 0.4952107279693487
width: 0.01532258064516129
height: 0.014846743295019157
Area: 9.96477567667779e-05
CentroidX: 0.6550
CentroidY: 0.5003
