Location: 2025-04-19_205026-1.png_Gaussian-Median.png
Component: component_1745099140114_486.png
centerX: 0.6360424028268551
centerY: 0.832691484809585
width: 0.02237926972909305
height: 0.02995293110825845
Area: 0.000287030022987602
CentroidX: 0.6487
CentroidY: 0.8443
