Location: Document_2025-04-19_205151-1.png_Mean-Medain.png
Component: component_1745099140458_88.png
centerX: 0.9646643109540636
centerY: 0.08900299529311083
width: 0.021790341578327443
height: 0.03380402225074882
Area: 0.00032483028940387973
CentroidX: 0.9768
CentroidY: 0.1018
