Location: easy21_Mean-Medain.png
Component: component_1744297380802_208.png
centerX: 0.4508064516129032
centerY: 0.15373563218390804
width: 0.014516129032258065
height: 0.014846743295019157
Area: 8.960573476702509e-05
CentroidX: 0.4593
CentroidY: 0.1589
