Location: easy26_Mean-Closing.png
Component: component_1744297382125_756.png
centerX: 0.8258064516129032
centerY: 0.6130268199233716
width: 0.014516129032258065
height: 0.014846743295019157
Area: 8.844703992089976e-05
CentroidX: 0.8346
CentroidY: 0.6183
