Location: 2025-04-19_205026-1.png_Gaussian-Median.png
Component: component_1745099140026_115.png
centerX: 0.09540636042402827
centerY: 0.2160890029952931
width: 0.01884570082449941
height: 0.02866923406076166
Area: 0.0002419217050641773
CentroidX: 0.1066
CentroidY: 0.2267
