Location: 2025-04-19_205026-1.png_Gaussian-Median.png
Component: component_1745099140102_426.png
centerX: 0.925206124852768
centerY: 0.7368421052631579
width: 0.02591283863368669
height: 0.03465982028241335
Area: 0.0003550705025369019
CentroidX: 0.9406
CentroidY: 0.7493
