Location: 2025-04-19_205026-1.png_Gaussian-Median.png
Component: component_1745099140122_519.png
centerX: 0.7956419316843345
centerY: 0.8759092854086435
width: 0.024146054181389872
height: 0.036371416345742404
Area: 0.00033591836755265454
CentroidX: 0.8104
CentroidY: 0.8897
