Location: 2025-04-19_205026-1.png_Gaussian-Median.png
Component: component_1745099140016_71.png
centerX: 0.817432273262662
centerY: 0.12751390671801455
width: 0.02120141342756184
height: 0.031664527171587506
Area: 0.0002835019981220828
CentroidX: 0.8310
CentroidY: 0.1398
