Location: 2025-04-19_205026-1.png_Gaussian-Median.png
Component: component_1745099140041_177.png
centerX: 0.3474676089517079
centerY: 0.314933675652546
width: 0.024734982332155476
height: 0.032520325203252036
Area: 0.00030693816330017496
CentroidX: 0.3624
CentroidY: 0.3272
