Location: 2025-04-19_205026-1.png_Gaussian-Median.png
Component: component_1745099140092_370.png
centerX: 0.9363957597173145
centerY: 0.6418485237483954
width: 0.021790341578327443
height: 0.03465982028241335
Area: 0.0003233182787472286
CentroidX: 0.9492
CentroidY: 0.6549
