Location: 2025-04-19_205026-1.png_Gaussian-Median.png
Component: component_1745099140038_169.png
centerX: 0.03297997644287397
centerY: 0.30637569533590076
width: 0.022968197879858657
height: 0.0329482242190843
Area: 0.0003051741508674153
CentroidX: 0.0459
CentroidY: 0.3187
