Location: 2025-04-19_205026-1.png_Gaussian-Median.png
Component: component_1745099140023_97.png
centerX: 0.7102473498233216
centerY: 0.1750106974753958
width: 0.023557126030624265
height: 0.03080872913992298
Area: 0.0002887940354203616
CentroidX: 0.7242
CentroidY: 0.1866
