Location: easy21_Mean-Medain.png
Component: component_1744297380835_347.png
centerX: 0.7596774193548387
centerY: 0.33477011494252873
width: 0.01532258064516129
height: 0.01532567049808429
Area: 7.299777530589544e-05
CentroidX: 0.7699
CentroidY: 0.3402
