Location: 2025-04-19_205026-1.png_Gaussian-Median.png
Component: component_1745099140075_288.png
centerX: 0.7396937573616019
centerY: 0.5010697475395807
width: 0.022968197879858657
height: 0.03123662815575524
Area: 0.00029837010291248534
CentroidX: 0.7533
CentroidY: 0.5129
