Location: 2025-04-19_205026-1.png_Gaussian-Median.png
Component: component_1745099140085_338.png
centerX: 0.2697290930506478
centerY: 0.5943517329910141
width: 0.024734982332155476
height: 0.03209242618741977
Area: 0.0003185302450011668
CentroidX: 0.2837
CentroidY: 0.6056
