Location: 2025-04-19_205026-1.png_Gaussian-Median.png
Component: component_1745099140055_229.png
centerX: 0.232037691401649
centerY: 0.4030808729139923
width: 0.022968197879858657
height: 0.03337612323491656
Area: 0.0003122302005984538
CentroidX: 0.2459
CentroidY: 0.4158
