Location: 2025-04-16_190509-1.png_Gaussian-Median.png
Component: component_1744834563375_139.png
centerX: 0.8409893992932862
centerY: 0.19597774925117672
width: 0.024146054181389872
height: 0.02139495079161318
Area: 0.00026812988977946314
CentroidX: 0.8530
CentroidY: 0.2057
