Location: easy21_Mean-Medain.png
Component: component_1744297380873_524.png
centerX: 0.7870967741935484
centerY: 0.44875478927203066
width: 0.016129032258064516
height: 0.01532567049808429
Area: 0.0001042825361512792
CentroidX: 0.7964
CentroidY: 0.4539
