Location: 2025-04-19_205026-1.png_Gaussian-Median.png
Component: component_1745099140090_362.png
centerX: 0.13015312131919907
centerY: 0.6332905434317501
width: 0.02237926972909305
height: 0.031664527171587506
Area: 0.0002782099608238039
CentroidX: 0.1432
CentroidY: 0.6454
