Location: 2025-04-19_205026-1.png_Gaussian-Median.png
Component: component_1745099140004_12.png
centerX: 0.5706713780918727
centerY: 0.017115960633290545
width: 0.021790341578327443
height: 0.031664527171587506
Area: 0.00031449821658343047
CentroidX: 0.5839
CentroidY: 0.0292
