Location: 2025-04-19_205026-1.png_Gaussian-Median.png
Component: component_1745099140117_502.png
centerX: 0.25677267373380447
centerY: 0.8686350021394951
width: 0.021790341578327443
height: 0.03209242618741977
Area: 0.00032004225565781787
CentroidX: 0.2690
CentroidY: 0.8810
