Location: 2025-04-19_205026-1.png_Gaussian-Median.png
Component: component_1745099140127_546.png
centerX: 0.40223792697290933
centerY: 0.920410783055199
width: 0.022968197879858657
height: 0.03337612323491656
Area: 0.00031701823434451566
CentroidX: 0.4164
CentroidY: 0.9324
