Location: easy26_Mean-Closing.png
Component: component_1744297382126_772.png
centerX: 0.5532258064516129
centerY: 0.6355363984674329
width: 0.014516129032258065
height: 0.014846743295019157
Area: 9.03781979977753e-05
CentroidX: 0.5617
CentroidY: 0.6406
