Location: 2025-04-19_205026-1.png_Gaussian-Median.png
Component: component_1745099140050_213.png
centerX: 0.5135453474676089
centerY: 0.36585365853658536
width: 0.025323910482921083
height: 0.02866923406076166
Area: 0.0002923220602858809
CentroidX: 0.5282
CentroidY: 0.3758
