Location: 2025-04-19_205026-1.png_Gaussian-Median.png
Component: component_1745099140020_89.png
centerX: 0.16136631330977622
centerY: 0.1715875053487377
width: 0.02061248527679623
height: 0.032520325203252036
Area: 0.0002895500407486872
CentroidX: 0.1742
CentroidY: 0.1844
