Location: easy21_Mean-Medain.png
Component: component_1744297380860_464.png
centerX: 0.6201612903225806
centerY: 0.4042145593869732
width: 0.01532258064516129
height: 0.014846743295019157
Area: 0.00010389630453590409
CentroidX: 0.6291
CentroidY: 0.4093
