Location: 2025-04-16_190509-1.png_Gaussian-Median.png
Component: component_1744834563368_121.png
centerX: 0.6160188457008245
centerY: 0.17115960633290545
width: 0.022968197879858657
height: 0.02267864783910997
Area: 0.0002726659217494165
CentroidX: 0.6276
CentroidY: 0.1818
