Location: easy64_Gaussian-Closing.png
Component: component_1744297381305_616.png
centerX: 0.7370012091898428
centerY: 0.41214194100042756
width: 0.008464328899637243
height: 0.010260795211628902
Area: 4.445931016727557e-05
CentroidX: 0.7424
CentroidY: 0.4162
