Location: 2025-04-19_205026-1.png_Gaussian-Median.png
Component: component_1745099140024_104.png
centerX: 0.839811542991755
centerY: 0.17543859649122806
width: 0.02120141342756184
height: 0.032520325203252036
Area: 0.00028198998746543165
CentroidX: 0.8529
CentroidY: 0.1878
