Location: 2025-04-16_190509-1.png_Gaussian-Median.png
Component: component_1744834563411_175.png
centerX: 0.3415783274440518
centerY: 0.24946512623020967
width: 0.02237926972909305
height: 0.018827556696619598
Area: 0.00024746574413856467
CentroidX: 0.3529
CentroidY: 0.2582
