Location: 2025-04-19_205026-1.png_Gaussian-Median.png
Component: component_1745099140034_149.png
centerX: 0.31566548881036516
centerY: 0.267864783910997
width: 0.026501766784452298
height: 0.03123662815575524
Area: 0.00031122219349401974
CentroidX: 0.3315
CentroidY: 0.2792
