Location: 2025-04-19_205026-1.png_Gaussian-Median.png
Component: component_1745099140074_285.png
centerX: 0.6690223792697291
centerY: 0.5002139495079161
width: 0.025323910482921083
height: 0.03380402225074882
Area: 0.0003182782432250583
CentroidX: 0.6838
CentroidY: 0.5123
