Location: 2025-04-16_190509-1.png_Gaussian-Median.png
Component: component_1744834563435_230.png
centerX: 0.8698468786808009
centerY: 0.32605905006418484
width: 0.022968197879858657
height: 0.023106546854942234
Area: 0.0002615778436006417
CentroidX: 0.8811
CentroidY: 0.3371
