Location: Document_2025-04-19_205151-1.png_Gaussian-Median.png
Component: component_1745099140197_66.png
centerX: 0.6342756183745583
centerY: 0.08900299529311083
width: 0.023557126030624265
height: 0.03337612323491656
Area: 0.00030089012067357053
CentroidX: 0.6486
CentroidY: 0.1011
