Location: 2025-04-16_190509-1.png_Gaussian-Median.png
Component: component_1744834563432_220.png
centerX: 0.3828032979976443
centerY: 0.3162173727000428
width: 0.023557126030624265
height: 0.022250748823277707
Area: 0.0003230662769711201
CentroidX: 0.3945
CentroidY: 0.3268
