Location: Document_2025-04-19_205151-1.png_Gaussian-Median.png
Component: component_1745099140197_68.png
centerX: 0.9316843345111896
centerY: 0.08985879332477535
width: 0.022968197879858657
height: 0.03551561831407788
Area: 0.0003185302450011668
CentroidX: 0.9457
CentroidY: 0.1030
