Location: 2025-04-19_205026-1.png_Gaussian-Median.png
Component: component_1745099140046_188.png
centerX: 0.7137809187279152
centerY: 0.3204963628583654
width: 0.025323910482921083
height: 0.026957637997432605
Area: 0.0002837539998981913
CentroidX: 0.7291
CentroidY: 0.3303
