Location: 2025-04-19_205026-1.png_Gaussian-Median.png
Component: component_1745099140106_446.png
centerX: 0.19316843345111898
centerY: 0.7757809157038938
width: 0.02237926972909305
height: 0.03123662815575524
Area: 0.0002862740176592765
CentroidX: 0.2066
CentroidY: 0.7869
