Location: 2025-04-16_190509-1.png_Gaussian-Median.png
Component: component_1744834563452_235.png
centerX: 0.6943462897526502
centerY: 0.33418913136499784
width: 0.024146054181389872
height: 0.024390243902439025
Area: 0.0002963540887036172
CentroidX: 0.7066
CentroidY: 0.3447
