Location: Document_2025-04-19_205151-1.png_Mean-Medain.png
Component: component_1745099140401_57.png
centerX: 0.18374558303886926
centerY: 0.08472400513478819
width: 0.024146054181389872
height: 0.03465982028241335
Area: 0.0003049221490913068
CentroidX: 0.1989
CentroidY: 0.0974
