Location: 2025-04-19_205026-1.png_Gaussian-Median.png
Component: component_1745099140126_541.png
centerX: 0.5335689045936396
centerY: 0.9195549850235345
width: 0.024146054181389872
height: 0.03465982028241335
Area: 0.00032987032492605005
CentroidX: 0.5487
CentroidY: 0.9321
