Location: 2025-04-19_205026-1.png_Gaussian-Median.png
Component: component_1745099140066_253.png
centerX: 0.13015312131919907
centerY: 0.4458707744972187
width: 0.022968197879858657
height: 0.03380402225074882
Area: 0.0003102141863895857
CentroidX: 0.1434
CentroidY: 0.4588
