Location: 2025-04-19_205026-1.png_Gaussian-Median.png
Component: component_1745099140036_162.png
centerX: 0.6207302709069493
centerY: 0.27428326914848095
width: 0.020023557126030624
height: 0.03080872913992298
Area: 0.00027644594839104425
CentroidX: 0.6330
CentroidY: 0.2858
