Location: 2025-04-19_205026-1.png_Gaussian-Median.png
Component: component_1745099140022_96.png
centerX: 0.6442873969375736
centerY: 0.1750106974753958
width: 0.02120141342756184
height: 0.03380402225074882
Area: 0.00030164612600189607
CentroidX: 0.6578
CentroidY: 0.1880
