Location: 2025-04-19_205026-1.png_Gaussian-Median.png
Component: component_1745099140067_255.png
centerX: 0.9322732626619552
centerY: 0.4458707744972187
width: 0.02237926972909305
height: 0.03380402225074882
Area: 0.0003230662769711201
CentroidX: 0.9457
CentroidY: 0.4586
