Location: 2025-04-19_205026-1.png_Gaussian-Median.png
Component: component_1745099140102_430.png
centerX: 0.850412249705536
centerY: 0.7389816003423192
width: 0.025323910482921083
height: 0.03380402225074882
Area: 0.00033617036932876305
CentroidX: 0.8657
CentroidY: 0.7516
