Location: Document_2025-04-19_205151-1.png_Gaussian-Median.png
Component: component_1745099140221_91.png
centerX: 0.9599528857479388
centerY: 0.13521608900299528
width: 0.02061248527679623
height: 0.03808301240907146
Area: 0.00031979025388170936
CentroidX: 0.9724
CentroidY: 0.1500
