Location: Document_2025-04-19_205151-1.png_Gaussian-Median.png
Component: component_1745099140185_57.png
centerX: 0.3221436984687868
centerY: 0.08814719726144629
width: 0.026501766784452298
height: 0.04022250748823278
Area: 0.00033087833203048416
CentroidX: 0.3381
CentroidY: 0.1025
