Location: Document_2025-04-19_205151-1.png_Gaussian-Closing.png
Component: component_1745099139964_52.png
centerX: 0.9646643109540636
centerY: 0.08943089430894309
width: 0.02120141342756184
height: 0.03337612323491656
Area: 0.00030895417750904307
CentroidX: 0.9769
CentroidY: 0.1020
