Location: Document_2025-04-19_205151-1.png_Gaussian-Closing.png
Component: component_1745099139957_29.png
centerX: 0.22025912838633688
centerY: 0.08557980316645272
width: 0.02120141342756184
height: 0.03508771929824561
Area: 0.00029005404430090424
CentroidX: 0.2335
CentroidY: 0.0987
