Location: Document_2025-04-19_205151-1.png_Mean-Medain.png
Component: component_1745099140469_105.png
centerX: 0.6831566548881036
centerY: 0.13436029097133076
width: 0.02944640753828033
height: 0.03465982028241335
Area: 0.0003550705025369019
CentroidX: 0.7005
CentroidY: 0.1462
