Location: 2025-04-19_205026-1.png_Gaussian-Median.png
Component: component_1745099140100_415.png
centerX: 0.027090694935217905
centerY: 0.725716730851519
width: 0.021790341578327443
height: 0.03123662815575524
Area: 0.0002842580034504083
CentroidX: 0.0405
CentroidY: 0.7376
