Location: easy26_Mean-Closing.png
Component: component_1744297382014_342.png
centerX: 0.2887096774193548
centerY: 0.25622605363984674
width: 0.014516129032258065
height: 0.014846743295019157
Area: 9.192312445927574e-05
CentroidX: 0.2972
CentroidY: 0.2614
