Location: 2025-04-19_205026-1.png_Gaussian-Median.png
Component: component_1745099140132_574.png
centerX: 0.6648998822143698
centerY: 0.9653401797175867
width: 0.02237926972909305
height: 0.032520325203252036
Area: 0.00029055804785312126
CentroidX: 0.6787
CentroidY: 0.9773
