Location: 2025-04-19_205026-1.png_Gaussian-Median.png
Component: component_1745099140106_448.png
centerX: 0.26442873969375735
centerY: 0.7779204107830552
width: 0.024146054181389872
height: 0.03337612323491656
Area: 0.0002998821135691364
CentroidX: 0.2791
CentroidY: 0.7902
