Location: Document_2025-04-19_205151-1.png_Mean-Medain.png
Component: component_1745099140406_66.png
centerX: 0.428150765606596
centerY: 0.08557980316645272
width: 0.023557126030624265
height: 0.037227214377406934
Area: 0.0003207982609861434
CentroidX: 0.4428
CentroidY: 0.0992
