Location: Document_2025-04-19_205151-1.png_Mean-Medain.png
Component: component_1745099140481_116.png
centerX: 0.3657243816254417
centerY: 0.13607188703465983
width: 0.019434628975265017
height: 0.037227214377406934
Area: 0.00029610208692750867
CentroidX: 0.3777
CentroidY: 0.1505
