Location: 2025-04-19_205026-1.png_Gaussian-Median.png
Component: component_1745099140023_99.png
centerX: 0.22555948174322732
centerY: 0.17543859649122806
width: 0.020023557126030624
height: 0.02866923406076166
Area: 0.0002696419004361143
CentroidX: 0.2377
CentroidY: 0.1869
