Location: 2025-04-19_205026-1.png_Gaussian-Median.png
Component: component_1745099140049_207.png
centerX: 0.37220259128386335
centerY: 0.363714163457424
width: 0.021790341578327443
height: 0.03380402225074882
Area: 0.00029055804785312126
CentroidX: 0.3856
CentroidY: 0.3762
