Location: 2025-04-19_205026-1.png_Gaussian-Median.png
Component: component_1745099140051_217.png
centerX: 0.8928150765606596
centerY: 0.3667094565682499
width: 0.02237926972909305
height: 0.029097133076593923
Area: 0.00028602201588316797
CentroidX: 0.9062
CentroidY: 0.3770
