Location: Document_2025-04-19_205151-1.png_Mean-Medain.png
Component: component_1745099140467_102.png
centerX: 0.29328621908127206
centerY: 0.1339323919554985
width: 0.02237926972909305
height: 0.036799315361574665
Area: 0.0002996301117930279
CentroidX: 0.3067
CentroidY: 0.1477
