Location: Document_2025-04-19_205151-1.png_Gaussian-Closing.png
Component: component_1745099139969_76.png
centerX: 0.9269729093050648
centerY: 0.13607188703465983
width: 0.023557126030624265
height: 0.03936670945656825
Area: 0.0003339023533437864
CentroidX: 0.9412
CentroidY: 0.1506
