Location: 2025-04-19_205026-1.png_Gaussian-Median.png
Component: component_1745099140005_17.png
centerX: 0.38103651354534745
centerY: 0.018827556696619598
width: 0.02061248527679623
height: 0.036799315361574665
Area: 0.0003475104492536463
CentroidX: 0.3938
CentroidY: 0.0333
