Location: Document_2025-04-19_205151-1.png_Mean-Medain.png
Component: component_1745099140467_101.png
centerX: 0.1878680800942285
centerY: 0.13350449293966624
width: 0.024146054181389872
height: 0.03508771929824561
Area: 0.0002925740620619894
CentroidX: 0.2021
CentroidY: 0.1461
