Location: easy16_Gaussian-Median.png
Component: component_1744297381686_229.png
centerX: 0.31290322580645163
centerY: 0.15804597701149425
width: 0.014516129032258065
height: 0.014846743295019157
Area: 8.728834507477444e-05
CentroidX: 0.3210
CentroidY: 0.1634
