Location: Document_2025-04-19_205151-1.png_Mean-Medain.png
Component: component_1745099140495_122.png
centerX: 0.46996466431095407
centerY: 0.13906718014548566
width: 0.023557126030624265
height: 0.03808301240907146
Area: 0.00033541436400043746
CentroidX: 0.4840
CentroidY: 0.1523
