Location: easy21_Mean-Medain.png
Component: component_1744297380943_849.png
centerX: 0.5241935483870968
centerY: 0.6546934865900383
width: 0.01532258064516129
height: 0.014846743295019157
Area: 8.728834507477444e-05
CentroidX: 0.5328
CentroidY: 0.6597
