Location: easy21_Mean-Medain.png
Component: component_1744297381010_984.png
centerX: 0.36370967741935484
centerY: 0.7452107279693486
width: 0.01532258064516129
height: 0.014846743295019157
Area: 9.539920899765172e-05
CentroidX: 0.3727
CentroidY: 0.7503
