Location: Document_2025-04-19_205151-1.png_Gaussian-Closing.png
Component: component_1745099139958_35.png
centerX: 0.4617196702002356
centerY: 0.08686350021394951
width: 0.020023557126030624
height: 0.036371416345742404
Area: 0.0002799739732565635
CentroidX: 0.4737
CentroidY: 0.1010
