Location: 2025-04-19_205026-1.png_Gaussian-Median.png
Component: component_1745099140029_123.png
centerX: 0.2249705535924617
centerY: 0.220795892169448
width: 0.02061248527679623
height: 0.02866923406076166
Area: 0.00026938989866000576
CentroidX: 0.2373
CentroidY: 0.2316
