Location: 2025-04-16_190509-1.png_Gaussian-Median.png
Component: component_1744834563380_152.png
centerX: 0.34334511189634864
centerY: 0.22122379118528027
width: 0.025323910482921083
height: 0.02267864783910997
Area: 0.0002953460815991831
CentroidX: 0.3563
CentroidY: 0.2316
