Location: 2025-04-19_205026-1.png_Gaussian-Median.png
Component: component_1745099140047_191.png
centerX: 0.7555948174322733
centerY: 0.32135216089002994
width: 0.025323910482921083
height: 0.02866923406076166
Area: 0.0002950940798230746
CentroidX: 0.7708
CentroidY: 0.3315
