Location: easy43_Mean-Closing.png
Component: component_1744297380674_1024.png
centerX: 0.32889963724304716
centerY: 0.6113723813595554
width: 0.009068923821039904
height: 0.010688328345446772
Area: 5.3506262817593276e-05
CentroidX: 0.3339
CentroidY: 0.6154
