Location: easy16_Gaussian-Median.png
Component: component_1744297381915_1211.png
centerX: 0.9290322580645162
centerY: 0.8448275862068966
width: 0.01532258064516129
height: 0.014846743295019157
Area: 9.96477567667779e-05
CentroidX: 0.9377
CentroidY: 0.8501
