Location: Document_2025-04-19_205151-1.png_Gaussian-Closing.png
Component: component_1745099139965_53.png
centerX: 0.9316843345111896
centerY: 0.09028669234060761
width: 0.022968197879858657
height: 0.03508771929824561
Area: 0.00031727023612062417
CentroidX: 0.9457
CentroidY: 0.1030
