Location: 2025-04-19_205026-1.png_Gaussian-Median.png
Component: component_1745099140133_576.png
centerX: 0.7355712603062426
centerY: 0.9653401797175867
width: 0.022968197879858657
height: 0.03465982028241335
Area: 0.0003187822467772753
CentroidX: 0.7496
CentroidY: 0.9785
