Location: 2025-04-16_190509-1.png_Gaussian-Median.png
Component: component_1744834563400_163.png
centerX: 0.7762073027090695
centerY: 0.2293538724860933
width: 0.026501766784452298
height: 0.02267864783910997
Area: 0.00030391414198687274
CentroidX: 0.7898
CentroidY: 0.2401
