Location: 2025-04-19_205026-1.png_Gaussian-Median.png
Component: component_1745099140004_11.png
centerX: 0.48881036513545345
centerY: 0.017543859649122806
width: 0.02120141342756184
height: 0.03380402225074882
Area: 0.00030870217573293455
CentroidX: 0.5016
CentroidY: 0.0306
