Location: 2025-04-19_205026-1.png_Gaussian-Median.png
Component: component_1745099140127_544.png
centerX: 0.8268551236749117
centerY: 0.9191270860077022
width: 0.02237926972909305
height: 0.0329482242190843
Area: 0.0003311303338065927
CentroidX: 0.8403
CentroidY: 0.9312
