Location: 2025-04-19_205026-1.png_Gaussian-Median.png
Component: component_1745099140005_15.png
centerX: 0.8857479387514723
centerY: 0.018399657680787333
width: 0.023557126030624265
height: 0.032520325203252036
Area: 0.0002918180567336639
CentroidX: 0.8999
CentroidY: 0.0300
