Location: Document_2025-04-19_205151-1.png_Gaussian-Median.png
Component: component_1745099140213_85.png
centerX: 0.07656065959952886
centerY: 0.13564398801882754
width: 0.02237926972909305
height: 0.03551561831407788
Area: 0.0003026541331063301
CentroidX: 0.0903
CentroidY: 0.1486
