Location: 2025-04-19_205026-1.png_Gaussian-Median.png
Component: component_1745099140091_367.png
centerX: 0.30153121319199055
centerY: 0.6384253316217373
width: 0.022968197879858657
height: 0.03080872913992298
Area: 0.00029030604607701275
CentroidX: 0.3156
CentroidY: 0.6498
