Location: easy64_Gaussian-Closing.png
Component: component_1744297381473_1088.png
centerX: 0.37484885126964934
centerY: 0.6994442069260368
width: 0.008464328899637243
height: 0.00940572894399316
Area: 4.911202867315325e-05
CentroidX: 0.3797
CentroidY: 0.7031
