Location: 2025-04-16_190509-1.png_Gaussian-Median.png
Component: component_1744834563401_166.png
centerX: 0.699057714958775
centerY: 0.23577235772357724
width: 0.02237926972909305
height: 0.020967051775780916
Area: 0.00027342192707774203
CentroidX: 0.7101
CentroidY: 0.2459
