Location: 2025-04-19_205026-1.png_Gaussian-Median.png
Component: component_1745099140085_335.png
centerX: 0.16548881036513546
centerY: 0.5879332477535302
width: 0.022968197879858657
height: 0.03380402225074882
Area: 0.00032785431071718195
CentroidX: 0.1790
CentroidY: 0.6003
