Location: easy26_Mean-Closing.png
Component: component_1744297382033_431.png
centerX: 0.5137096774193548
centerY: 0.3017241379310345
width: 0.014516129032258065
height: 0.014367816091954023
Area: 9.115066122852553e-05
CentroidX: 0.5223
CentroidY: 0.3070
