Location: Document_2025-04-19_205151-1.png_Mean-Medain.png
Component: component_1745099140414_73.png
centerX: 0.803886925795053
centerY: 0.08686350021394951
width: 0.02120141342756184
height: 0.03508771929824561
Area: 0.00030391414198687274
CentroidX: 0.8173
CentroidY: 0.1001
