Location: 2025-04-19_205026-1.png_Gaussian-Median.png
Component: component_1745099140125_535.png
centerX: 0.8928150765606596
centerY: 0.9178433889602053
width: 0.021790341578327443
height: 0.032520325203252036
Area: 0.00029761409758415975
CentroidX: 0.9067
CentroidY: 0.9302
