Location: 2025-04-19_205026-1.png_Gaussian-Median.png
Component: component_1745099140006_22.png
centerX: 0.25618374558303886
centerY: 0.02011125374411639
width: 0.02061248527679623
height: 0.03465982028241335
Area: 0.00033087833203048416
CentroidX: 0.2687
CentroidY: 0.0337
