Location: easy43_Mean-Closing.png
Component: component_1744297380639_727.png
centerX: 0.2309552599758162
centerY: 0.47755451047456177
width: 0.008464328899637243
height: 0.010260795211628902
Area: 5.0921419203216786e-05
CentroidX: 0.2358
CentroidY: 0.4816
