Location: Document_2025-04-19_205151-1.png_Gaussian-Closing.png
Component: component_1745099139966_60.png
centerX: 0.29387514723203767
centerY: 0.1339323919554985
width: 0.021790341578327443
height: 0.036799315361574665
Area: 0.00029030604607701275
CentroidX: 0.3066
CentroidY: 0.1477
