Location: easy26_Mean-Closing.png
Component: component_1744297382101_620.png
centerX: 0.10161290322580645
centerY: 0.41475095785440613
width: 0.014516129032258065
height: 0.014367816091954023
Area: 8.149487084414781e-05
CentroidX: 0.1104
CentroidY: 0.4196
