Location: easy21_Mean-Medain.png
Component: component_1744297380845_394.png
centerX: 0.6862903225806452
centerY: 0.35823754789272033
width: 0.01532258064516129
height: 0.014846743295019157
Area: 9.926152515140279e-05
CentroidX: 0.6952
CentroidY: 0.3634
