Location: 2025-04-16_190509-1.png_Gaussian-Median.png
Component: component_1744834563468_277.png
centerX: 0.8680800942285041
centerY: 0.3992297817715019
width: 0.024146054181389872
height: 0.02053915275994865
Area: 0.0002824939910176487
CentroidX: 0.8807
CentroidY: 0.4090
