Location: 2025-04-19_205026-1.png_Gaussian-Median.png
Component: component_1745099140070_271.png
centerX: 0.7114252061248527
centerY: 0.4510055626872058
width: 0.021790341578327443
height: 0.03209242618741977
Area: 0.0002991261082408109
CentroidX: 0.7254
CentroidY: 0.4630
