Location: 2025-04-19_205026-1.png_Gaussian-Median.png
Component: component_1745099140068_263.png
centerX: 0.8486454652532391
centerY: 0.4488660676080445
width: 0.020023557126030624
height: 0.03551561831407788
Area: 0.00031374221125510493
CentroidX: 0.8611
CentroidY: 0.4629
