Location: 2025-04-19_205026-1.png_Gaussian-Median.png
Component: component_1745099140095_388.png
centerX: 0.09422850412249706
centerY: 0.6799315361574668
width: 0.024734982332155476
height: 0.03080872913992298
Area: 0.0003311303338065927
CentroidX: 0.1083
CentroidY: 0.6914
