Location: 2025-04-19_205026-1.png_Gaussian-Median.png
Component: component_1745099140081_317.png
centerX: 0.48527679623085984
centerY: 0.5515618314077878
width: 0.024146054181389872
height: 0.036371416345742404
Area: 0.00034070640129871634
CentroidX: 0.5004
CentroidY: 0.5648
