Location: 2025-04-19_205026-1.png_Gaussian-Median.png
Component: component_1745099140026_114.png
centerX: 0.059481743227326266
centerY: 0.21352160890029953
width: 0.01884570082449941
height: 0.026957637997432605
Area: 0.00022327357363214695
CentroidX: 0.0713
CentroidY: 0.2239
