Location: 2025-04-19_205026-1.png_Gaussian-Median.png
Component: component_1745099140043_184.png
centerX: 0.6342756183745583
centerY: 0.3196405648267009
width: 0.027090694935217905
height: 0.032520325203252036
Area: 0.0003205462592100349
CentroidX: 0.6505
CentroidY: 0.3316
