Location: 2025-04-19_205026-1.png_Gaussian-Median.png
Component: component_1745099140086_343.png
centerX: 0.4493521790341578
centerY: 0.6003423192126658
width: 0.023557126030624265
height: 0.03337612323491656
Area: 0.0003127342041506709
CentroidX: 0.4643
CentroidY: 0.6124
