Location: 2025-04-19_205026-1.png_Gaussian-Median.png
Component: component_1745099140013_50.png
centerX: 0.8975265017667845
centerY: 0.07359863072314933
width: 0.02120141342756184
height: 0.03080872913992298
Area: 0.0002646018649139439
CentroidX: 0.9097
CentroidY: 0.0852
