Location: 2025-04-19_205026-1.png_Gaussian-Median.png
Component: component_1745099140101_424.png
centerX: 0.3309776207302709
centerY: 0.7347026101839966
width: 0.02237926972909305
height: 0.03209242618741977
Area: 0.00030038611712135345
CentroidX: 0.3453
CentroidY: 0.7464
