Location: 2025-04-16_190509-1.png_Gaussian-Median.png
Component: component_1744834563375_138.png
centerX: 0.048292108362779744
centerY: 0.19554985023534446
width: 0.02061248527679623
height: 0.019255455712451863
Area: 0.00020613745285676775
CentroidX: 0.0584
CentroidY: 0.2043
