Location: Document_2025-04-19_205151-1.png_Gaussian-Closing.png
Component: component_1745099139970_81.png
centerX: 0.46996466431095407
centerY: 0.13906718014548566
width: 0.022968197879858657
height: 0.037655113393239195
Area: 0.00032810631249329046
CentroidX: 0.4840
CentroidY: 0.1524
