Location: 2025-04-19_205026-1.png_Gaussian-Median.png
Component: component_1745099140065_244.png
centerX: 0.5901060070671378
centerY: 0.4099272571673085
width: 0.02120141342756184
height: 0.030380830124090714
Area: 0.0002857700141070594
CentroidX: 0.6035
CentroidY: 0.4211
