Location: 2025-04-19_205026-1.png_Gaussian-Median.png
Component: component_1745099140042_179.png
centerX: 0.4204946996466431
centerY: 0.3170731707317073
width: 0.022968197879858657
height: 0.028241335044929396
Area: 0.0002837539998981913
CentroidX: 0.4345
CentroidY: 0.3274
