Location: 2025-04-19_205026-1.png_Gaussian-Median.png
Component: component_1745099140032_141.png
centerX: 0.028857479387514724
centerY: 0.259734702610184
width: 0.02237926972909305
height: 0.03123662815575524
Area: 0.000272917923525525
CentroidX: 0.0421
CentroidY: 0.2713
