Location: 2025-04-19_205026-1.png_Gaussian-Median.png
Component: component_1745099140100_416.png
centerX: 0.05653710247349823
centerY: 0.7278562259306803
width: 0.024146054181389872
height: 0.03337612323491656
Area: 0.000307946170404609
CentroidX: 0.0710
CentroidY: 0.7401
