Location: 2025-04-19_205026-1.png_Gaussian-Median.png
Component: component_1745099140040_174.png
centerX: 0.2744405182567727
centerY: 0.3123662815575524
width: 0.024146054181389872
height: 0.032520325203252036
Area: 0.0003190342485533838
CentroidX: 0.2887
CentroidY: 0.3248
