Location: 2025-04-19_205026-1.png_Gaussian-Median.png
Component: component_1745099140018_82.png
centerX: 0.508833922261484
centerY: 0.12965340179717585
width: 0.020023557126030624
height: 0.03209242618741977
Area: 0.0002782099608238039
CentroidX: 0.5215
CentroidY: 0.1419
