Location: Document_2025-04-19_205151-1.png_Gaussian-Median.png
Component: component_1745099140179_47.png
centerX: 0.0812720848056537
centerY: 0.08686350021394951
width: 0.02120141342756184
height: 0.03465982028241335
Area: 0.00029610208692750867
CentroidX: 0.0944
CentroidY: 0.0999
