Location: 2025-04-16_190509-1.png_Gaussian-Median.png
Component: component_1744834563375_140.png
centerX: 0.806831566548881
centerY: 0.19768934531450577
width: 0.024734982332155476
height: 0.020967051775780916
Area: 0.0002603178347200991
CentroidX: 0.8186
CentroidY: 0.2071
