Location: 2025-04-19_205026-1.png_Gaussian-Median.png
Component: component_1745099140025_107.png
centerX: 0.4004711425206125
centerY: 0.17672229353872487
width: 0.021790341578327443
height: 0.03209242618741977
Area: 0.00031399421303121344
CentroidX: 0.4142
CentroidY: 0.1891
