Location: 2025-04-19_205026-1.png_Gaussian-Median.png
Component: component_1745099140055_230.png
centerX: 0.2620730270906949
centerY: 0.40436456996148906
width: 0.026501766784452298
height: 0.03080872913992298
Area: 0.0003157582254639731
CentroidX: 0.2772
CentroidY: 0.4158
