Location: easy21_Mean-Medain.png
Component: component_1744297380943_847.png
centerX: 0.4790322580645161
centerY: 0.6546934865900383
width: 0.014516129032258065
height: 0.014846743295019157
Area: 8.458472376714869e-05
CentroidX: 0.4876
CentroidY: 0.6595
