Location: 2025-04-19_205026-1.png_Gaussian-Median.png
Component: component_1745099140115_491.png
centerX: 0.7102473498233216
centerY: 0.8348309798887462
width: 0.023557126030624265
height: 0.03465982028241335
Area: 0.000328862317821616
CentroidX: 0.7245
CentroidY: 0.8471
