Location: 2025-04-19_205026-1.png_Gaussian-Median.png
Component: component_1745099140127_548.png
centerX: 0.7190812720848057
centerY: 0.9199828840393667
width: 0.024734982332155476
height: 0.03508771929824561
Area: 0.00035708651674577004
CentroidX: 0.7336
CentroidY: 0.9331
