Location: easy26_Mean-Closing.png
Component: component_1744297382090_567.png
centerX: 0.6169354838709677
centerY: 0.39080459770114945
width: 0.014516129032258065
height: 0.014846743295019157
Area: 8.844703992089976e-05
CentroidX: 0.6256
CentroidY: 0.3959
