Location: Document_2025-04-19_205151-1.png_Gaussian-Closing.png
Component: component_1745099139957_30.png
centerX: 0.2868080094228504
centerY: 0.08600770218228498
width: 0.023557126030624265
height: 0.03594351732991014
Area: 0.00030391414198687274
CentroidX: 0.3012
CentroidY: 0.1000
