Location: 2025-04-19_205026-1.png_Gaussian-Median.png
Component: component_1745099140125_534.png
centerX: 0.36866902237926974
centerY: 0.9178433889602053
width: 0.02591283863368669
height: 0.030380830124090714
Area: 0.00030391414198687274
CentroidX: 0.3839
CentroidY: 0.9285
