Location: easy16_Gaussian-Median.png
Component: component_1744297381869_966.png
centerX: 0.4080645161290323
centerY: 0.6882183908045977
width: 0.014516129032258065
height: 0.014367816091954023
Area: 8.419849215177358e-05
CentroidX: 0.4160
CentroidY: 0.6930
