Location: Document_2025-04-19_205151-1.png_Gaussian-Closing.png
Component: component_1745099139967_65.png
centerX: 0.7249705535924618
centerY: 0.13478818998716302
width: 0.020023557126030624
height: 0.037227214377406934
Area: 0.0002950940798230746
CentroidX: 0.7374
CentroidY: 0.1489
