Location: easy26_Mean-Closing.png
Component: component_1744297382069_487.png
centerX: 0.6290322580645161
centerY: 0.34626436781609193
width: 0.014516129032258065
height: 0.014846743295019157
Area: 8.960573476702509e-05
CentroidX: 0.6374
CentroidY: 0.3514
