Location: 2025-04-19_205026-1.png_Gaussian-Median.png
Component: component_1745099140095_385.png
centerX: 0.7055359246171967
centerY: 0.6486949080017116
width: 0.021790341578327443
height: 0.03080872913992298
Area: 0.0002751859395105017
CentroidX: 0.7190
CentroidY: 0.6602
