Location: 2025-04-19_205026-1.png_Gaussian-Median.png
Component: component_1745099140021_94.png
centerX: 0.8745583038869258
centerY: 0.17415489944373128
width: 0.023557126030624265
height: 0.03080872913992298
Area: 0.0002829979945698657
CentroidX: 0.8890
CentroidY: 0.1852
