Location: easy26_Mean-Closing.png
Component: component_1744297381994_230.png
centerX: 0.8233870967741935
centerY: 0.16666666666666666
width: 0.014516129032258065
height: 0.014846743295019157
Area: 8.921950315164998e-05
CentroidX: 0.8320
CentroidY: 0.1717
