Location: 2025-04-19_205026-1.png_Gaussian-Median.png
Component: component_1745099140129_558.png
centerX: 0.02767962308598351
centerY: 0.9636285836542576
width: 0.02061248527679623
height: 0.030380830124090714
Area: 0.0002703979057644398
CentroidX: 0.0409
CentroidY: 0.9755
