Location: 2025-04-19_205026-1.png_Gaussian-Median.png
Component: component_1745099140124_531.png
centerX: 0.3374558303886926
centerY: 0.9135643988018828
width: 0.02237926972909305
height: 0.03551561831407788
Area: 0.0003328943462393523
CentroidX: 0.3512
CentroidY: 0.9274
