Location: Document_2025-04-19_205151-1.png_Mean-Medain.png
Component: component_1745099140412_71.png
centerX: 0.49352179034157834
centerY: 0.08686350021394951
width: 0.021790341578327443
height: 0.03551561831407788
Area: 0.00030870217573293455
CentroidX: 0.5075
CentroidY: 0.1003
