Location: Document_2025-04-19_205151-1.png_Gaussian-Median.png
Component: component_1745099140230_99.png
centerX: 0.46996466431095407
centerY: 0.13906718014548566
width: 0.022968197879858657
height: 0.03808301240907146
Area: 0.0003291143195977245
CentroidX: 0.4840
CentroidY: 0.1524
