Location: Document_2025-04-19_205151-1.png_Gaussian-Closing.png
Component: component_1745099139968_69.png
centerX: 0.15312131919905772
centerY: 0.13564398801882754
width: 0.021790341578327443
height: 0.03508771929824561
Area: 0.0002885420336442531
CentroidX: 0.1665
CentroidY: 0.1486
