Location: easy21_Mean-Medain.png
Component: component_1744297380889_610.png
centerX: 0.2693548387096774
centerY: 0.4966475095785441
width: 0.014516129032258065
height: 0.014367816091954023
Area: 8.458472376714869e-05
CentroidX: 0.2779
CentroidY: 0.5016
