Location: Document_2025-04-19_205151-1.png_Gaussian-Closing.png
Component: component_1745099139964_50.png
centerX: 0.8692579505300353
centerY: 0.08857509627727857
width: 0.020023557126030624
height: 0.03337612323491656
Area: 0.0002910620514053383
CentroidX: 0.8814
CentroidY: 0.1013
