Location: easy21_Mean-Medain.png
Component: component_1744297380762_68.png
centerX: 0.8362903225806452
centerY: 0.06226053639846743
width: 0.01532258064516129
height: 0.014846743295019157
Area: 9.848906192065258e-05
CentroidX: 0.8447
CentroidY: 0.0672
