Location: 2025-04-19_205026-1.png_Gaussian-Median.png
Component: component_1745099140131_570.png
centerX: 0.37750294464075385
centerY: 0.965768078733419
width: 0.02237926972909305
height: 0.03423192126658109
Area: 0.0003160102272400816
CentroidX: 0.3916
CentroidY: 0.9786
