Location: 2025-04-19_205026-1.png_Gaussian-Median.png
Component: component_1745099140082_322.png
centerX: 0.7402826855123675
centerY: 0.5532734274711169
width: 0.025323910482921083
height: 0.031664527171587506
Area: 0.000314750218359539
CentroidX: 0.7551
CentroidY: 0.5647
