Location: easy26_Mean-Closing.png
Component: component_1744297381977_144.png
centerX: 0.25967741935483873
centerY: 0.12116858237547892
width: 0.014516129032258065
height: 0.014367816091954023
Area: 8.381226053639846e-05
CentroidX: 0.2684
CentroidY: 0.1262
