Location: 2025-04-16_190509-1.png_Gaussian-Median.png
Component: component_1744834563460_245.png
centerX: 0.2956419316843345
centerY: 0.355584082156611
width: 0.024734982332155476
height: 0.021822849807445442
Area: 0.00029887410646470237
CentroidX: 0.3080
CentroidY: 0.3660
