Location: easy21_Mean-Medain.png
Component: component_1744297380894_644.png
centerX: 0.48951612903225805
centerY: 0.5181992337164751
width: 0.01532258064516129
height: 0.01532567049808429
Area: 9.192312445927574e-05
CentroidX: 0.4981
CentroidY: 0.5238
