Location: 2025-04-19_205026-1.png_Gaussian-Median.png
Component: component_1745099140039_173.png
centerX: 0.20259128386336867
centerY: 0.3110825845100556
width: 0.024734982332155476
height: 0.03080872913992298
Area: 0.000307946170404609
CentroidX: 0.2168
CentroidY: 0.3224
