Location: Document_2025-04-19_205151-1.png_Mean-Medain.png
Component: component_1745099140483_118.png
centerX: 0.11307420494699646
centerY: 0.13692768506632436
width: 0.022968197879858657
height: 0.03423192126658109
Area: 0.00030038611712135345
CentroidX: 0.1273
CentroidY: 0.1493
