Location: 2025-04-19_205026-1.png_Gaussian-Median.png
Component: component_1745099140065_247.png
centerX: 0.6914016489988222
centerY: 0.4099272571673085
width: 0.024146054181389872
height: 0.03380402225074882
Area: 0.0003270983053888564
CentroidX: 0.7064
CentroidY: 0.4225
