Location: 2025-04-16_190509-1.png_Gaussian-Median.png
Component: component_1744834563437_232.png
centerX: 0.8027090694935218
centerY: 0.33162173727000427
width: 0.024146054181389872
height: 0.0235344458707745
Area: 0.0002855180123309509
CentroidX: 0.8142
CentroidY: 0.3427
