Location: 2025-04-16_190509-1.png_Gaussian-Median.png
Component: component_1744834563431_215.png
centerX: 0.5777385159010601
centerY: 0.30509199828840394
width: 0.02767962308598351
height: 0.02396234488660676
Area: 0.00035910253095463814
CentroidX: 0.5915
CentroidY: 0.3163
