Location: easy26_Mean-Closing.png
Component: component_1744297382129_788.png
centerX: 0.12741935483870967
centerY: 0.6364942528735632
width: 0.014516129032258065
height: 0.014367816091954023
Area: 8.728834507477444e-05
CentroidX: 0.1360
CentroidY: 0.6412
