Location: Document_2025-04-19_205151-1.png_Gaussian-Median.png
Component: component_1745099140184_53.png
centerX: 0.25265017667844525
centerY: 0.08729139922978177
width: 0.02237926972909305
height: 0.036799315361574665
Area: 0.0002993781100169194
CentroidX: 0.2672
CentroidY: 0.1007
