Location: 2025-04-19_205026-1.png_Gaussian-Median.png
Component: component_1745099140050_208.png
centerX: 0.47644287396937574
centerY: 0.363714163457424
width: 0.024734982332155476
height: 0.032520325203252036
Area: 0.0003018981277780046
CentroidX: 0.4910
CentroidY: 0.3754
