Location: easy21_Mean-Medain.png
Component: component_1744297380835_349.png
centerX: 0.8016129032258065
centerY: 0.33477011494252873
width: 0.016129032258064516
height: 0.014846743295019157
Area: 9.462674576690149e-05
CentroidX: 0.8109
CentroidY: 0.3401
