Location: Document_2025-04-19_205151-1.png_Gaussian-Median.png
Component: component_1745099140171_34.png
centerX: 0.045936395759717315
centerY: 0.08472400513478819
width: 0.02061248527679623
height: 0.03380402225074882
Area: 0.00027417793240606757
CentroidX: 0.0595
CentroidY: 0.0976
