Location: Document_2025-04-19_205151-1.png_Gaussian-Closing.png
Component: component_1745099139967_67.png
centerX: 0.892226148409894
centerY: 0.13436029097133076
width: 0.022968197879858657
height: 0.0410783055198973
Area: 0.0003510384741191656
CentroidX: 0.9060
CentroidY: 0.1496
