Location: easy26_Mean-Closing.png
Component: component_1744297381951_15.png
centerX: 0.34274193548387094
centerY: 0.03065134099616858
width: 0.014516129032258065
height: 0.01532567049808429
Area: 0.00010042021999752812
CentroidX: 0.3515
CentroidY: 0.0360
