Location: 2025-04-19_205026-1.png_Gaussian-Median.png
Component: component_1745099140096_394.png
centerX: 0.2767962308598351
centerY: 0.6820710312366282
width: 0.024734982332155476
height: 0.036799315361574665
Area: 0.00036741858956621925
CentroidX: 0.2916
CentroidY: 0.6957
