Location: 2025-04-19_205026-1.png_Gaussian-Median.png
Component: component_1745099140009_35.png
centerX: 0.1978798586572438
centerY: 0.07188703465982028
width: 0.02237926972909305
height: 0.031664527171587506
Area: 0.00030114212244967904
CentroidX: 0.2115
CentroidY: 0.0842
