Location: 2025-04-19_205026-1.png_Gaussian-Median.png
Component: component_1745099140127_547.png
centerX: 0.6790341578327445
centerY: 0.920410783055199
width: 0.02767962308598351
height: 0.03423192126658109
Area: 0.00033919439064206526
CentroidX: 0.6959
CentroidY: 0.9330
