Location: 2025-04-19_205026-1.png_Gaussian-Median.png
Component: component_1745099140035_155.png
centerX: 0.6925795053003534
centerY: 0.27086007702182285
width: 0.024734982332155476
height: 0.030380830124090714
Area: 0.0002895500407486872
CentroidX: 0.7079
CentroidY: 0.2821
