Location: 2025-04-16_190509-1.png_Gaussian-Median.png
Component: component_1744834563420_184.png
centerX: 0.8810365135453475
centerY: 0.2610183996576808
width: 0.02591283863368669
height: 0.024390243902439025
Area: 0.00033062633025437565
CentroidX: 0.8947
CentroidY: 0.2728
