Location: 2025-04-19_205026-1.png_Gaussian-Median.png
Component: component_1745099140085_340.png
centerX: 0.3415783274440518
centerY: 0.5952075310226786
width: 0.022968197879858657
height: 0.03209242618741977
Area: 0.00028753402653981905
CentroidX: 0.3562
CentroidY: 0.6070
