Location: 2025-04-19_205026-1.png_Gaussian-Median.png
Component: component_1745099140049_205.png
centerX: 0.30094228504122494
centerY: 0.36029097133076593
width: 0.023557126030624265
height: 0.03123662815575524
Area: 0.0002885420336442531
CentroidX: 0.3151
CentroidY: 0.3716
