Location: 2025-04-19_205026-1.png_Gaussian-Median.png
Component: component_1745099140052_221.png
centerX: 0.784452296819788
centerY: 0.3684210526315789
width: 0.024734982332155476
height: 0.03080872913992298
Area: 0.00030164612600189607
CentroidX: 0.7994
CentroidY: 0.3792
