Location: easy26_Mean-Closing.png
Component: component_1744297381984_180.png
centerX: 0.2838709677419355
centerY: 0.14367816091954022
width: 0.013709677419354839
height: 0.014367816091954023
Area: 8.458472376714869e-05
CentroidX: 0.2917
CentroidY: 0.1486
