Location: Document_2025-04-19_205151-1.png_Gaussian-Closing.png
Component: component_1745099139959_41.png
centerX: 0.8992932862190812
centerY: 0.08771929824561403
width: 0.02237926972909305
height: 0.03551561831407788
Area: 0.0003245782876277712
CentroidX: 0.9126
CentroidY: 0.1008
