Location: 2025-04-19_205026-1.png_Gaussian-Median.png
Component: component_1745099140015_61.png
centerX: 0.1696113074204947
centerY: 0.12366281557552418
width: 0.020023557126030624
height: 0.03594351732991014
Area: 0.0002898020425247957
CentroidX: 0.1827
CentroidY: 0.1374
