Location: 2025-04-19_205026-1.png_Gaussian-Median.png
Component: component_1745099140027_117.png
centerX: 0.160188457008245
centerY: 0.21651690201112536
width: 0.020023557126030624
height: 0.03080872913992298
Area: 0.0002646018649139439
CentroidX: 0.1727
CentroidY: 0.2284
