Location: Document_2025-04-19_205151-1.png_Mean-Medain.png
Component: component_1745099140465_96.png
centerX: 0.26089517078916374
centerY: 0.1317928968763372
width: 0.02061248527679623
height: 0.036371416345742404
Area: 0.00030416614376298126
CentroidX: 0.2732
CentroidY: 0.1460
