Location: 2025-04-19_205026-1.png_Gaussian-Median.png
Component: component_1745099140119_509.png
centerX: 0.42638398115429915
centerY: 0.87334189131365
width: 0.024734982332155476
height: 0.036371416345742404
Area: 0.0003482664545819719
CentroidX: 0.4412
CentroidY: 0.8863
