Location: Document_2025-04-19_205151-1.png_Gaussian-Closing.png
Component: component_1745099139966_62.png
centerX: 0.6124852767962309
centerY: 0.1339323919554985
width: 0.019434628975265017
height: 0.03594351732991014
Area: 0.0002840060016742998
CentroidX: 0.6243
CentroidY: 0.1478
