Location: 2025-04-19_205026-1.png_Gaussian-Median.png
Component: component_1745099140082_325.png
centerX: 0.7750294464075382
centerY: 0.553701326486949
width: 0.022968197879858657
height: 0.03508771929824561
Area: 0.00030139412422578756
CentroidX: 0.7894
CentroidY: 0.5665
