Location: 2025-04-19_205026-1.png_Gaussian-Median.png
Component: component_1745099140086_345.png
centerX: 0.48468786808009423
centerY: 0.6020539152759948
width: 0.026501766784452298
height: 0.03380402225074882
Area: 0.0003210502627622519
CentroidX: 0.5012
CentroidY: 0.6138
