Location: Document_2025-04-19_205151-1.png_Gaussian-Median.png
Component: component_1745099140194_62.png
centerX: 0.666077738515901
centerY: 0.08857509627727857
width: 0.023557126030624265
height: 0.032520325203252036
Area: 0.00029837010291248534
CentroidX: 0.6804
CentroidY: 0.1003
