Location: Document_2025-04-19_205151-1.png_Gaussian-Median.png
Component: component_1745099140196_65.png
centerX: 0.8692579505300353
centerY: 0.08857509627727857
width: 0.020023557126030624
height: 0.03380402225074882
Area: 0.0002923220602858809
CentroidX: 0.8814
CentroidY: 0.1013
