Location: 2025-04-19_205026-1.png_Gaussian-Median.png
Component: component_1745099140067_259.png
centerX: 0.27208480565371024
centerY: 0.44801026957637996
width: 0.024146054181389872
height: 0.03551561831407788
Area: 0.00033642237110487156
CentroidX: 0.2870
CentroidY: 0.4615
