Location: easy26_Mean-Closing.png
Component: component_1744297382216_1218.png
centerX: 0.5959677419354839
centerY: 0.9066091954022989
width: 0.01532258064516129
height: 0.014846743295019157
Area: 9.848906192065258e-05
CentroidX: 0.6047
CentroidY: 0.9118
