Location: easy21_Mean-Medain.png
Component: component_1744297381034_1011.png
centerX: 0.09596774193548387
centerY: 0.7662835249042146
width: 0.01532258064516129
height: 0.014846743295019157
Area: 9.03781979977753e-05
CentroidX: 0.1049
CentroidY: 0.7715
