Location: 2025-04-19_205026-1.png_Gaussian-Median.png
Component: component_1745099140130_564.png
centerX: 0.8786808009422851
centerY: 0.9640564826700898
width: 0.023557126030624265
height: 0.03594351732991014
Area: 0.000321554266314469
CentroidX: 0.8933
CentroidY: 0.9772
