Location: easy16_Gaussian-Median.png
Component: component_1744297381659_92.png
centerX: 0.23870967741935484
centerY: 0.06800766283524905
width: 0.014516129032258065
height: 0.014846743295019157
Area: 8.265356569027314e-05
CentroidX: 0.2469
CentroidY: 0.0732
