Location: easy16_Gaussian-Median.png
Component: component_1744297381679_197.png
centerX: 0.1346774193548387
centerY: 0.13649425287356323
width: 0.014516129032258065
height: 0.014846743295019157
Area: 8.5743418613274e-05
CentroidX: 0.1432
CentroidY: 0.1415
