Location: 2025-04-19_205026-1.png_Gaussian-Median.png
Component: component_1745099140078_303.png
centerX: 0.5535924617196702
centerY: 0.5040650406504065
width: 0.025323910482921083
height: 0.02866923406076166
Area: 0.00027770595727158687
CentroidX: 0.5690
CentroidY: 0.5141
