Location: 2025-04-19_205026-1.png_Gaussian-Median.png
Component: component_1745099140103_435.png
centerX: 0.7797408716136631
centerY: 0.7411210954214805
width: 0.024734982332155476
height: 0.03380402225074882
Area: 0.0003311303338065927
CentroidX: 0.7950
CentroidY: 0.7535
