Location: 2025-04-19_205026-1.png_Gaussian-Median.png
Component: component_1745099140031_134.png
centerX: 0.4287396937573616
centerY: 0.2246469833119384
width: 0.021790341578327443
height: 0.03423192126658109
Area: 0.00030996218461347717
CentroidX: 0.4426
CentroidY: 0.2377
