Location: 2025-04-19_205026-1.png_Gaussian-Median.png
Component: component_1745099140058_232.png
centerX: 0.30153121319199055
centerY: 0.40607616602481816
width: 0.024146054181389872
height: 0.0329482242190843
Area: 0.0003021501295541131
CentroidX: 0.3162
CentroidY: 0.4176
