Location: Document_2025-04-19_205151-1.png_Gaussian-Median.png
Component: component_1745099140173_40.png
centerX: 0.14782096584216725
centerY: 0.08600770218228498
width: 0.02237926972909305
height: 0.03380402225074882
Area: 0.00027392593062995906
CentroidX: 0.1619
CentroidY: 0.0985
