Location: easy21_Mean-Medain.png
Component: component_1744297380790_170.png
centerX: 0.5483870967741935
centerY: 0.13026819923371646
width: 0.014516129032258065
height: 0.01532567049808429
Area: 9.230935607465084e-05
CentroidX: 0.5570
CentroidY: 0.1358
