Location: 2025-04-16_190509-1.png_Gaussian-Median.png
Component: component_1744834563374_136.png
centerX: 0.8733804475853946
centerY: 0.19383825417201542
width: 0.028857479387514724
height: 0.024818142918271287
Area: 0.00030341013843465566
CentroidX: 0.8879
CentroidY: 0.2046
