Location: Document_2025-04-19_205151-1.png_Gaussian-Median.png
Component: component_1745099140184_56.png
centerX: 0.8992932862190812
centerY: 0.08729139922978177
width: 0.02237926972909305
height: 0.036371416345742404
Area: 0.00032483028940387973
CentroidX: 0.9126
CentroidY: 0.1008
