Location: easy26_Mean-Closing.png
Component: component_1744297381976_138.png
centerX: 0.9088709677419354
centerY: 0.12021072796934866
width: 0.01532258064516129
height: 0.014846743295019157
Area: 9.96477567667779e-05
CentroidX: 0.9179
CentroidY: 0.1256
