Location: Document_2025-04-19_205151-1.png_Gaussian-Median.png
Component: component_1745099140202_75.png
centerX: 0.85924617196702
centerY: 0.13307659392383397
width: 0.021790341578327443
height: 0.04193410355156183
Area: 0.0003528024865519252
CentroidX: 0.8728
CentroidY: 0.1493
