Location: Document_2025-04-19_205151-1.png_Gaussian-Closing.png
Component: component_1745099139960_42.png
centerX: 0.3221436984687868
centerY: 0.08814719726144629
width: 0.026501766784452298
height: 0.03979460847240052
Area: 0.00032785431071718195
CentroidX: 0.3381
CentroidY: 0.1025
