Location: 2025-04-19_205026-1.png_Gaussian-Median.png
Component: component_1745099140083_329.png
centerX: 0.9093050647820966
centerY: 0.5579803166452717
width: 0.023557126030624265
height: 0.03209242618741977
Area: 0.0002913140531814468
CentroidX: 0.9234
CentroidY: 0.5695
