Location: 2025-04-16_190509-1.png_Gaussian-Median.png
Component: component_1744834563427_201.png
centerX: 0.26325088339222613
centerY: 0.28241335044929394
width: 0.021790341578327443
height: 0.021822849807445442
Area: 0.000272413919973308
CentroidX: 0.2740
CentroidY: 0.2928
