Location: easy21_Mean-Medain.png
Component: component_1744297380891_623.png
centerX: 0.16048387096774194
centerY: 0.49712643678160917
width: 0.014516129032258065
height: 0.014846743295019157
Area: 9.115066122852553e-05
CentroidX: 0.1689
CentroidY: 0.5022
