Location: 2025-04-19_205026-1.png_Gaussian-Median.png
Component: component_1745099140123_524.png
centerX: 0.024146054181389872
centerY: 0.9109970047068892
width: 0.02237926972909305
height: 0.04022250748823278
Area: 0.00036162254871572333
CentroidX: 0.0375
CentroidY: 0.9265
