Location: 2025-04-19_205026-1.png_Gaussian-Median.png
Component: component_1745099140012_46.png
centerX: 0.49352179034157834
centerY: 0.0740265297389816
width: 0.024146054181389872
height: 0.03380402225074882
Area: 0.00033339834979156935
CentroidX: 0.5085
CentroidY: 0.0870
