Location: easy16_Gaussian-Median.png
Component: component_1744297381759_390.png
centerX: 0.657258064516129
centerY: 0.2681992337164751
width: 0.014516129032258065
height: 0.014367816091954023
Area: 8.728834507477444e-05
CentroidX: 0.6657
CentroidY: 0.2732
