Location: 2025-04-19_205026-1.png_Gaussian-Median.png
Component: component_1745099140089_355.png
centerX: 0.5565371024734982
centerY: 0.6046213093709885
width: 0.023557126030624265
height: 0.031664527171587506
Area: 0.00029811810113637683
CentroidX: 0.5705
CentroidY: 0.6159
