Location: 2025-04-19_205026-1.png_Gaussian-Median.png
Component: component_1745099140063_234.png
centerX: 0.3374558303886926
centerY: 0.4065040650406504
width: 0.024146054181389872
height: 0.030380830124090714
Area: 0.0003076941686285005
CentroidX: 0.3518
CentroidY: 0.4172
