Location: easy26_Mean-Closing.png
Component: component_1744297382032_427.png
centerX: 0.3782258064516129
centerY: 0.3017241379310345
width: 0.014516129032258065
height: 0.014367816091954023
Area: 8.149487084414781e-05
CentroidX: 0.3868
CentroidY: 0.3064
