Location: 2025-04-19_205026-1.png_Gaussian-Median.png
Component: component_1745099140067_256.png
centerX: 0.24028268551236748
centerY: 0.44715447154471544
width: 0.022968197879858657
height: 0.03551561831407788
Area: 0.0003233182787472286
CentroidX: 0.2538
CentroidY: 0.4608
