Location: 2025-04-19_205026-1.png_Gaussian-Median.png
Component: component_1745099140046_186.png
centerX: 0.944640753828033
centerY: 0.31921266581086866
width: 0.026501766784452298
height: 0.029525032092426188
Area: 0.00029459007627085753
CentroidX: 0.9598
CentroidY: 0.3295
