Location: 2025-04-19_205026-1.png_Gaussian-Median.png
Component: component_1745099140108_455.png
centerX: 0.8250883392226148
centerY: 0.785622593068036
width: 0.024734982332155476
height: 0.03508771929824561
Area: 0.0003263423000605308
CentroidX: 0.8397
CentroidY: 0.7985
