Location: easy26_Mean-Closing.png
Component: component_1744297381959_54.png
centerX: 0.4088709677419355
centerY: 0.05411877394636015
width: 0.014516129032258065
height: 0.014846743295019157
Area: 0.00010157891484365344
CentroidX: 0.4175
CentroidY: 0.0593
