Location: easy21_Mean-Medain.png
Component: component_1744297381060_1038.png
centerX: 0.9040322580645161
centerY: 0.7705938697318008
width: 0.016129032258064516
height: 0.01532567049808429
Area: 9.848906192065258e-05
CentroidX: 0.9136
CentroidY: 0.7757
