Location: 2025-04-19_205026-1.png_Gaussian-Median.png
Component: component_1745099140115_487.png
centerX: 0.7826855123674912
centerY: 0.8339751818570817
width: 0.02061248527679623
height: 0.03123662815575524
Area: 0.0002925740620619894
CentroidX: 0.7948
CentroidY: 0.8455
