Location: 2025-04-16_190509-1.png_Gaussian-Median.png
Component: component_1744834563461_247.png
centerX: 0.25265017667844525
centerY: 0.35643988018827555
width: 0.021790341578327443
height: 0.023106546854942234
Area: 0.0003175222378967327
CentroidX: 0.2635
CentroidY: 0.3672
