Location: 2025-04-19_205026-1.png_Gaussian-Median.png
Component: component_1745099140068_262.png
centerX: 0.6431095406360424
centerY: 0.44843816859221225
width: 0.02237926972909305
height: 0.03380402225074882
Area: 0.00031424621480732195
CentroidX: 0.6566
CentroidY: 0.4608
