Location: 2025-04-19_205026-1.png_Gaussian-Median.png
Component: component_1745099140074_284.png
centerX: 0.6289752650176679
centerY: 0.5002139495079161
width: 0.027090694935217905
height: 0.03123662815575524
Area: 0.0002968580922558342
CentroidX: 0.6446
CentroidY: 0.5120
