Location: Document_2025-04-19_205151-1.png_Gaussian-Median.png
Component: component_1745099140200_74.png
centerX: 0.6425206124852768
centerY: 0.1326486949080017
width: 0.02591283863368669
height: 0.036799315361574665
Area: 0.0003399503959703908
CentroidX: 0.6576
CentroidY: 0.1457
