Location: easy21_Mean-Medain.png
Component: component_1744297380756_47.png
centerX: 0.23548387096774193
centerY: 0.05986590038314176
width: 0.01532258064516129
height: 0.015804597701149427
Area: 9.771659868990237e-05
CentroidX: 0.2445
CentroidY: 0.0655
