Location: Document_2025-04-19_205151-1.png_Gaussian-Median.png
Component: component_1745099140218_90.png
centerX: 0.7932862190812721
centerY: 0.13521608900299528
width: 0.02237926972909305
height: 0.03508771929824561
Area: 0.00030719016507628347
CentroidX: 0.8064
CentroidY: 0.1483
