Location: 2025-04-16_190509-1.png_Gaussian-Median.png
Component: component_1744834563376_142.png
centerX: 0.7673733804475854
centerY: 0.1985451433461703
width: 0.025323910482921083
height: 0.022250748823277707
Area: 0.00028451000522651684
CentroidX: 0.7798
CentroidY: 0.2090
