Location: easy16_Gaussian-Median.png
Component: component_1744297381902_1152.png
centerX: 0.4346774193548387
centerY: 0.8007662835249042
width: 0.01532258064516129
height: 0.014846743295019157
Area: 9.462674576690149e-05
CentroidX: 0.4438
CentroidY: 0.8057
