Location: easy21_Mean-Medain.png
Component: component_1744297380910_711.png
centerX: 0.5532258064516129
centerY: 0.5636973180076629
width: 0.01532258064516129
height: 0.014846743295019157
Area: 9.539920899765172e-05
CentroidX: 0.5621
CentroidY: 0.5687
