Location: 2025-04-19_205026-1.png_Gaussian-Median.png
Component: component_1745099140129_559.png
centerX: 0.05889281507656066
centerY: 0.9636285836542576
width: 0.01884570082449941
height: 0.029525032092426188
Area: 0.00028451000522651684
CentroidX: 0.0700
CentroidY: 0.9751
