Location: easy21_Mean-Medain.png
Component: component_1744297380890_614.png
centerX: 0.3975806451612903
centerY: 0.49616858237547895
width: 0.014516129032258065
height: 0.014846743295019157
Area: 9.346805092077617e-05
CentroidX: 0.4062
CentroidY: 0.5013
