Location: Document_2025-04-19_205151-1.png_Gaussian-Closing.png
Component: component_1745099139956_28.png
centerX: 0.14840989399293286
centerY: 0.08600770218228498
width: 0.021790341578327443
height: 0.03380402225074882
Area: 0.00027216191819719946
CentroidX: 0.1620
CentroidY: 0.0986
