Location: Document_2025-04-19_205151-1.png_Mean-Medain.png
Component: component_1745099140469_107.png
centerX: 0.8244994110718492
centerY: 0.13436029097133076
width: 0.021790341578327443
height: 0.03808301240907146
Area: 0.00032760230894107343
CentroidX: 0.8376
CentroidY: 0.1483
