Location: 2025-04-19_205026-1.png_Gaussian-Median.png
Component: component_1745099140041_178.png
centerX: 0.38928150765606595
centerY: 0.3153615746683783
width: 0.021790341578327443
height: 0.030380830124090714
Area: 0.0002925740620619894
CentroidX: 0.4023
CentroidY: 0.3271
