Location: 2025-04-19_205026-1.png_Gaussian-Median.png
Component: component_1745099140032_139.png
centerX: 0.5971731448763251
centerY: 0.22507488232777065
width: 0.021790341578327443
height: 0.030380830124090714
Area: 0.0002643498631378354
CentroidX: 0.6109
CentroidY: 0.2364
