Location: 2025-04-19_205026-1.png_Gaussian-Median.png
Component: component_1745099140006_21.png
centerX: 0.9234393404004712
centerY: 0.018827556696619598
width: 0.02591283863368669
height: 0.03209242618741977
Area: 0.0002892980389725787
CentroidX: 0.9394
CentroidY: 0.0306
