Location: Document_2025-04-19_205151-1.png_Gaussian-Median.png
Component: component_1745099140189_60.png
centerX: 0.5630153121319199
centerY: 0.08814719726144629
width: 0.02237926972909305
height: 0.03380402225074882
Area: 0.0002925740620619894
CentroidX: 0.5769
CentroidY: 0.1008
