Location: 2025-04-16_190509-1.png_Gaussian-Median.png
Component: component_1744834563419_183.png
centerX: 0.9169611307420494
centerY: 0.259734702610184
width: 0.025323910482921083
height: 0.021822849807445442
Area: 0.00031727023612062417
CentroidX: 0.9294
CentroidY: 0.2704
