Location: easy21_Mean-Medain.png
Component: component_1744297380978_969.png
centerX: 0.8895161290322581
centerY: 0.7241379310344828
width: 0.016129032258064516
height: 0.01532567049808429
Area: 0.00010312384130515387
CentroidX: 0.8990
CentroidY: 0.7294
