Location: 2025-04-19_205026-1.png_Gaussian-Median.png
Component: component_1745099140104_437.png
centerX: 0.5565371024734982
centerY: 0.7432605905006419
width: 0.027090694935217905
height: 0.032520325203252036
Area: 0.00033516236222432894
CentroidX: 0.5729
CentroidY: 0.7547
