Location: 2025-04-19_205026-1.png_Gaussian-Median.png
Component: component_1745099140108_458.png
centerX: 0.4499411071849234
centerY: 0.7877620881471973
width: 0.02591283863368669
height: 0.03080872913992298
Area: 0.00030139412422578756
CentroidX: 0.4654
CentroidY: 0.7987
