Location: 2025-04-16_190509-1.png_Gaussian-Median.png
Component: component_1744834563463_255.png
centerX: 0.8044758539458187
centerY: 0.36585365853658536
width: 0.022968197879858657
height: 0.02053915275994865
Area: 0.00026056983649620763
CentroidX: 0.8161
CentroidY: 0.3760
