Location: 2025-04-19_205026-1.png_Gaussian-Median.png
Component: component_1745099140007_25.png
centerX: 0.026501766784452298
centerY: 0.02053915275994865
width: 0.022968197879858657
height: 0.03209242618741977
Area: 0.00028022597503267205
CentroidX: 0.0410
CentroidY: 0.0330
