Location: 2025-04-19_205026-1.png_Gaussian-Median.png
Component: component_1745099140076_297.png
centerX: 0.30153121319199055
centerY: 0.5023534445870774
width: 0.024146054181389872
height: 0.02866923406076166
Area: 0.00026888589510778874
CentroidX: 0.3165
CentroidY: 0.5126
