Location: 2025-04-19_205026-1.png_Gaussian-Median.png
Component: component_1745099140111_468.png
centerX: 0.09540636042402827
centerY: 0.8142918271287976
width: 0.023557126030624265
height: 0.037227214377406934
Area: 0.00031122219349401974
CentroidX: 0.1091
CentroidY: 0.8284
