Location: 2025-04-19_205026-1.png_Gaussian-Median.png
Component: component_1745099140132_572.png
centerX: 0.5565371024734982
centerY: 0.9653401797175867
width: 0.02237926972909305
height: 0.03465982028241335
Area: 0.00029005404430090424
CentroidX: 0.5705
CentroidY: 0.9787
