Location: 2025-04-16_190509-1.png_Gaussian-Median.png
Component: component_1744834563370_126.png
centerX: 0.36984687868080096
centerY: 0.181857081728712
width: 0.023557126030624265
height: 0.0235344458707745
Area: 0.00029307806561420645
CentroidX: 0.3813
CentroidY: 0.1919
