Location: easy16_Gaussian-Median.png
Component: component_1744297381886_1068.png
centerX: 0.5661290322580645
centerY: 0.7552681992337165
width: 0.014516129032258065
height: 0.014846743295019157
Area: 9.03781979977753e-05
CentroidX: 0.5746
CentroidY: 0.7602
