Location: easy16_Gaussian-Median.png
Component: component_1744297381765_419.png
centerX: 0.5911290322580646
centerY: 0.2907088122605364
width: 0.014516129032258065
height: 0.014846743295019157
Area: 8.381226053639846e-05
CentroidX: 0.5994
CentroidY: 0.2961
