Location: 2025-04-19_205026-1.png_Gaussian-Median.png
Component: component_1745099140100_411.png
centerX: 0.6554770318021201
centerY: 0.6936243046640993
width: 0.024734982332155476
height: 0.036799315361574665
Area: 0.00034599843859699523
CentroidX: 0.6706
CentroidY: 0.7071
