Location: easy26_Mean-Closing.png
Component: component_1744297382095_594.png
centerX: 0.6233870967741936
centerY: 0.4128352490421456
width: 0.014516129032258065
height: 0.014846743295019157
Area: 9.153689284390063e-05
CentroidX: 0.6317
CentroidY: 0.4177
