Location: 2025-04-16_190509-1.png_Gaussian-Median.png
Component: component_1744834563421_189.png
centerX: 0.6996466431095406
centerY: 0.2687205819426615
width: 0.025323910482921083
height: 0.02267864783910997
Area: 0.00030870217573293455
CentroidX: 0.7124
CentroidY: 0.2796
