Location: 2025-04-16_190509-1.png_Gaussian-Median.png
Component: component_1744834563419_182.png
centerX: 0.044169611307420496
centerY: 0.25759520753102266
width: 0.022968197879858657
height: 0.018827556696619598
Area: 0.00022906961448264287
CentroidX: 0.0553
CentroidY: 0.2666
