Location: 2025-04-16_190509-1.png_Gaussian-Median.png
Component: component_1744834563431_213.png
centerX: 0.6195524146054181
centerY: 0.3029525032092426
width: 0.024734982332155476
height: 0.02396234488660676
Area: 0.00033314634801546084
CentroidX: 0.6314
CentroidY: 0.3143
