Location: 2025-04-19_205026-1.png_Gaussian-Median.png
Component: component_1745099140074_287.png
centerX: 0.37750294464075385
centerY: 0.5010697475395807
width: 0.022968197879858657
height: 0.03080872913992298
Area: 0.00026938989866000576
CentroidX: 0.3916
CentroidY: 0.5121
