Location: 2025-04-19_205026-1.png_Gaussian-Median.png
Component: component_1745099140003_10.png
centerX: 0.2143698468786808
centerY: 0.017543859649122806
width: 0.02120141342756184
height: 0.03423192126658109
Area: 0.0003270983053888564
CentroidX: 0.2271
CentroidY: 0.0314
