Location: 2025-04-16_190509-1.png_Gaussian-Median.png
Component: component_1744834563428_202.png
centerX: 0.17491166077738515
centerY: 0.2854086435601198
width: 0.02237926972909305
height: 0.02267864783910997
Area: 0.000272917923525525
CentroidX: 0.1859
CentroidY: 0.2960
