Location: easy26_Mean-Closing.png
Component: component_1744297381984_178.png
centerX: 0.14758064516129032
centerY: 0.14367816091954022
width: 0.014516129032258065
height: 0.014846743295019157
Area: 8.767457669014955e-05
CentroidX: 0.1557
CentroidY: 0.1487
