Location: 2025-04-19_205026-1.png_Gaussian-Median.png
Component: component_1745099140112_474.png
centerX: 0.2308598351001178
centerY: 0.8219940094137783
width: 0.026501766784452298
height: 0.03123662815575524
Area: 0.000286526019435385
CentroidX: 0.2466
CentroidY: 0.8335
