Location: 2025-04-19_205026-1.png_Gaussian-Median.png
Component: component_1745099140084_334.png
centerX: 0.13015312131919907
centerY: 0.5862216516902011
width: 0.023557126030624265
height: 0.03465982028241335
Area: 0.00032508229117998825
CentroidX: 0.1439
CentroidY: 0.5990
