Location: 2025-04-19_205026-1.png_Gaussian-Median.png
Component: component_1745099140101_425.png
centerX: 0.36808009422850413
centerY: 0.7372700042789901
width: 0.026501766784452298
height: 0.03551561831407788
Area: 0.0003475104492536463
CentroidX: 0.3840
CentroidY: 0.7494
