Location: easy26_Mean-Closing.png
Component: component_1744297382216_1216.png
centerX: 0.5379032258064517
centerY: 0.9066091954022989
width: 0.01532258064516129
height: 0.014846743295019157
Area: 9.771659868990237e-05
CentroidX: 0.5468
CentroidY: 0.9117
