Location: Document_2025-04-19_205151-1.png_Mean-Medain.png
Component: component_1745099140446_79.png
centerX: 0.3580683156654888
centerY: 0.08857509627727857
width: 0.022968197879858657
height: 0.03594351732991014
Area: 0.0003157582254639731
CentroidX: 0.3725
CentroidY: 0.1015
