Location: 2025-04-19_205026-1.png_Gaussian-Median.png
Component: component_1745099140019_86.png
centerX: 0.05889281507656066
centerY: 0.16602481814291828
width: 0.020023557126030624
height: 0.029525032092426188
Area: 0.0002570418116306884
CentroidX: 0.0708
CentroidY: 0.1780
