Location: Document_2025-04-19_205151-1.png_Gaussian-Median.png
Component: component_1745099140207_80.png
centerX: 0.6124852767962309
centerY: 0.1339323919554985
width: 0.019434628975265017
height: 0.036371416345742404
Area: 0.00028501400877873386
CentroidX: 0.6243
CentroidY: 0.1479
