Location: 2025-04-19_205026-1.png_Gaussian-Median.png
Component: component_1745099140018_79.png
centerX: 0.6183745583038869
centerY: 0.12836970474967907
width: 0.022968197879858657
height: 0.0329482242190843
Area: 0.0002920700585097724
CentroidX: 0.6326
CentroidY: 0.1404
