Location: 2025-04-19_205026-1.png_Gaussian-Median.png
Component: component_1745099140083_331.png
centerX: 0.028268551236749116
centerY: 0.5832263585793752
width: 0.021790341578327443
height: 0.032520325203252036
Area: 0.00030895417750904307
CentroidX: 0.0415
CentroidY: 0.5950
