Location: 2025-04-19_205026-1.png_Gaussian-Median.png
Component: component_1745099140076_295.png
centerX: 0.8792697290930507
centerY: 0.5019255455712451
width: 0.023557126030624265
height: 0.036799315361574665
Area: 0.0003339023533437864
CentroidX: 0.8938
CentroidY: 0.5157
