Location: 2025-04-19_205026-1.png_Gaussian-Median.png
Component: component_1745099140065_246.png
centerX: 0.6560659599528857
centerY: 0.4099272571673085
width: 0.023557126030624265
height: 0.03123662815575524
Area: 0.0002971100940319427
CentroidX: 0.6704
CentroidY: 0.4216
