Location: 2025-04-19_205026-1.png_Gaussian-Median.png
Component: component_1745099140081_321.png
centerX: 0.598939929328622
centerY: 0.5532734274711169
width: 0.025323910482921083
height: 0.03551561831407788
Area: 0.00034171440840315045
CentroidX: 0.6151
CentroidY: 0.5661
