Location: easy26_Mean-Closing.png
Component: component_1744297382162_954.png
centerX: 0.357258064516129
centerY: 0.7480842911877394
width: 0.013709677419354839
height: 0.014846743295019157
Area: 8.612965022864911e-05
CentroidX: 0.3653
CentroidY: 0.7532
