Location: 2025-04-19_205026-1.png_Gaussian-Median.png
Component: component_1745099140110_466.png
centerX: 0.6837455830388692
centerY: 0.7911852802738554
width: 0.024734982332155476
height: 0.030380830124090714
Area: 0.0002898020425247957
CentroidX: 0.6987
CentroidY: 0.8018
