Location: 2025-04-16_190509-1.png_Gaussian-Median.png
Component: component_1744834563464_258.png
centerX: 0.6978798586572438
centerY: 0.3727000427899016
width: 0.023557126030624265
height: 0.02139495079161318
Area: 0.0002782099608238039
CentroidX: 0.7096
CentroidY: 0.3828
