Location: 2025-04-19_205026-1.png_Gaussian-Median.png
Component: component_1745099140047_189.png
centerX: 0.8309776207302709
centerY: 0.3204963628583654
width: 0.024146054181389872
height: 0.028241335044929396
Area: 0.00028173798568932313
CentroidX: 0.8450
CentroidY: 0.3307
