Location: 2025-04-19_205026-1.png_Gaussian-Median.png
Component: component_1745099140093_377.png
centerX: 0.7750294464075382
centerY: 0.6465554129225503
width: 0.02120141342756184
height: 0.029525032092426188
Area: 0.0002827459927937572
CentroidX: 0.7873
CentroidY: 0.6573
