Location: Document_2025-04-19_205151-1.png_Gaussian-Median.png
Component: component_1745099140186_59.png
centerX: 0.5288574793875147
centerY: 0.08814719726144629
width: 0.02237926972909305
height: 0.0329482242190843
Area: 0.0002920700585097724
CentroidX: 0.5421
CentroidY: 0.1000
