Location: 2025-04-19_205026-1.png_Gaussian-Median.png
Component: component_1745099140073_280.png
centerX: 0.127208480565371
centerY: 0.49550706033376124
width: 0.02237926972909305
height: 0.02738553701326487
Area: 0.0002489777547952158
CentroidX: 0.1408
CentroidY: 0.5057
