Location: 2025-04-19_205026-1.png_Gaussian-Median.png
Component: component_1745099140050_211.png
centerX: 0.5535924617196702
centerY: 0.3645699614890886
width: 0.024734982332155476
height: 0.02995293110825845
Area: 0.0002812339821371061
CentroidX: 0.5675
CentroidY: 0.3764
