Location: 2025-04-19_205026-1.png_Gaussian-Median.png
Component: component_1745099140046_187.png
centerX: 0.5630153121319199
centerY: 0.3200684638425332
width: 0.024146054181389872
height: 0.03080872913992298
Area: 0.0003119781988223453
CentroidX: 0.5767
CentroidY: 0.3316
