Location: 2025-04-16_190509-1.png_Gaussian-Median.png
Component: component_1744834563458_241.png
centerX: 0.45936395759717313
centerY: 0.34488660676080446
width: 0.025323910482921083
height: 0.02396234488660676
Area: 0.00031424621480732195
CentroidX: 0.4713
CentroidY: 0.3564
