Location: 2025-04-19_205026-1.png_Gaussian-Median.png
Component: component_1745099140007_24.png
centerX: 0.8451118963486455
centerY: 0.019683354728284124
width: 0.024146054181389872
height: 0.03123662815575524
Area: 0.00026888589510778874
CentroidX: 0.8596
CentroidY: 0.0310
