Location: easy26_Mean-Closing.png
Component: component_1744297381992_219.png
centerX: 0.4032258064516129
centerY: 0.16618773946360152
width: 0.013709677419354839
height: 0.014846743295019157
Area: 8.303979730564825e-05
CentroidX: 0.4114
CentroidY: 0.1713
