Location: 2025-04-19_205026-1.png_Gaussian-Median.png
Component: component_1745099140051_215.png
centerX: 0.8227326266195524
centerY: 0.36628155755241765
width: 0.02237926972909305
height: 0.02995293110825845
Area: 0.00027896596615212943
CentroidX: 0.8368
CentroidY: 0.3776
