Location: 2025-04-19_205026-1.png_Gaussian-Median.png
Component: component_1745099140112_471.png
centerX: 0.1248527679623086
centerY: 0.8160034231921267
width: 0.024146054181389872
height: 0.03380402225074882
Area: 0.0003054261526435238
CentroidX: 0.1384
CentroidY: 0.8285
