Location: 2025-04-19_205026-1.png_Gaussian-Median.png
Component: component_1745099140007_23.png
centerX: 0.8056537102473498
centerY: 0.02011125374411639
width: 0.02237926972909305
height: 0.03508771929824561
Area: 0.0003205462592100349
CentroidX: 0.8189
CentroidY: 0.0334
