Location: 2025-04-16_190509-1.png_Gaussian-Median.png
Component: component_1744834563469_283.png
centerX: 0.6130742049469965
centerY: 0.4116388532306376
width: 0.027090694935217905
height: 0.02267864783910997
Area: 0.00029005404430090424
CentroidX: 0.6260
CentroidY: 0.4218
