Location: 2025-04-19_205026-1.png_Gaussian-Median.png
Component: component_1745099140073_281.png
centerX: 0.15842167255594816
centerY: 0.4972186563970903
width: 0.021790341578327443
height: 0.03209242618741977
Area: 0.00027619394661493573
CentroidX: 0.1717
CentroidY: 0.5090
