Location: 2025-04-16_190509-1.png_Gaussian-Median.png
Component: component_1744834563469_282.png
centerX: 0.6937573616018846
centerY: 0.4099272571673085
width: 0.023557126030624265
height: 0.02139495079161318
Area: 0.0002950940798230746
CentroidX: 0.7054
CentroidY: 0.4198
