Location: 2025-04-19_205026-1.png_Gaussian-Median.png
Component: component_1745099140132_571.png
centerX: 0.5235571260306242
centerY: 0.965768078733419
width: 0.021790341578327443
height: 0.03423192126658109
Area: 0.00027694995194326127
CentroidX: 0.5367
CentroidY: 0.9788
