Location: easy26_Mean-Closing.png
Component: component_1744297381985_185.png
centerX: 0.40161290322580645
centerY: 0.14367816091954022
width: 0.014516129032258065
height: 0.014846743295019157
Area: 9.655790384377703e-05
CentroidX: 0.4104
CentroidY: 0.1490
