Location: easy43_Mean-Closing.png
Component: component_1744297380632_668.png
centerX: 0.6892382103990327
centerY: 0.4548952543822146
width: 0.008464328899637243
height: 0.010260795211628902
Area: 4.73026381430897e-05
CentroidX: 0.6939
CentroidY: 0.4589
