Location: 2025-04-19_205026-1.png_Gaussian-Median.png
Component: component_1745099140034_148.png
centerX: 0.2797408716136631
centerY: 0.267864783910997
width: 0.024734982332155476
height: 0.03209242618741977
Area: 0.0003109701917179112
CentroidX: 0.2947
CentroidY: 0.2796
