Location: 2025-04-19_205026-1.png_Gaussian-Median.png
Component: component_1745099140100_412.png
centerX: 0.693168433451119
centerY: 0.6953359007274283
width: 0.02237926972909305
height: 0.03209242618741977
Area: 0.00030845017395682604
CentroidX: 0.7067
CentroidY: 0.7074
