Location: 2025-04-19_205026-1.png_Gaussian-Median.png
Component: component_1745099140106_445.png
centerX: 0.15547703180212014
centerY: 0.7736414206247325
width: 0.022968197879858657
height: 0.032520325203252036
Area: 0.0002840060016742998
CentroidX: 0.1692
CentroidY: 0.7855
