Location: 2025-04-19_205026-1.png_Gaussian-Median.png
Component: component_1745099140062_233.png
centerX: 0.8998822143698468
centerY: 0.4056482670089859
width: 0.022968197879858657
height: 0.028241335044929396
Area: 0.000272917923525525
CentroidX: 0.9138
CentroidY: 0.4159
