Location: easy26_Mean-Closing.png
Component: component_1744297381953_21.png
centerX: 0.8233870967741935
centerY: 0.031609195402298854
width: 0.014516129032258065
height: 0.014846743295019157
Area: 9.50129773822766e-05
CentroidX: 0.8317
CentroidY: 0.0370
