Location: Document_2025-04-19_205151-1.png_Mean-Medain.png
Component: component_1745099140465_97.png
centerX: 0.04122497055359246
centerY: 0.13307659392383397
width: 0.02237926972909305
height: 0.037227214377406934
Area: 0.00029559808337529164
CentroidX: 0.0550
CentroidY: 0.1468
