Location: easy21_Mean-Medain.png
Component: component_1744297381144_1175.png
centerX: 0.9508064516129032
centerY: 0.8635057471264368
width: 0.01532258064516129
height: 0.015804597701149427
Area: 9.733036707452725e-05
CentroidX: 0.9592
CentroidY: 0.8686
