Location: 2025-04-19_205026-1.png_Gaussian-Median.png
Component: component_1745099140094_382.png
centerX: 0.5936395759717314
centerY: 0.6486949080017116
width: 0.026501766784452298
height: 0.032520325203252036
Area: 0.0003238222822994456
CentroidX: 0.6098
CentroidY: 0.6605
