Location: 2025-04-19_205026-1.png_Gaussian-Median.png
Component: component_1745099140102_429.png
centerX: 0.8875147232037691
centerY: 0.7376979032948224
width: 0.02591283863368669
height: 0.03209242618741977
Area: 0.00032760230894107343
CentroidX: 0.9031
CentroidY: 0.7496
