Location: easy21_Mean-Medain.png
Component: component_1744297380753_26.png
centerX: 0.6951612903225807
centerY: 0.03975095785440613
width: 0.01532258064516129
height: 0.014846743295019157
Area: 0.00010003398838215301
CentroidX: 0.7045
CentroidY: 0.0449
