Location: 2025-04-19_205026-1.png_Gaussian-Median.png
Component: component_1745099140101_423.png
centerX: 0.29858657243816256
centerY: 0.7334189131364998
width: 0.024146054181389872
height: 0.03337612323491656
Area: 0.000329366321373833
CentroidX: 0.3134
CentroidY: 0.7457
