Location: 2025-04-16_190509-1.png_Gaussian-Median.png
Component: component_1744834563367_118.png
centerX: 0.7290930506478209
centerY: 0.1647411210954215
width: 0.022968197879858657
height: 0.0235344458707745
Area: 0.00027442993418217614
CentroidX: 0.7405
CentroidY: 0.1761
