Location: 2025-04-19_205026-1.png_Gaussian-Median.png
Component: component_1745099140082_323.png
centerX: 0.6336866902237926
centerY: 0.5541292255027813
width: 0.024734982332155476
height: 0.031664527171587506
Area: 0.00030693816330017496
CentroidX: 0.6490
CentroidY: 0.5658
