Location: easy26_Mean-Closing.png
Component: component_1744297382186_1065.png
centerX: 0.22258064516129034
centerY: 0.8160919540229885
width: 0.014516129032258065
height: 0.014846743295019157
Area: 8.921950315164998e-05
CentroidX: 0.2311
CentroidY: 0.8210
