Location: 2025-04-16_190509-1.png_Gaussian-Median.png
Component: component_1744834563468_274.png
centerX: 0.2502944640753828
centerY: 0.3940949935815148
width: 0.024146054181389872
height: 0.019683354728284124
Area: 0.00027745395549547835
CentroidX: 0.2624
CentroidY: 0.4035
