Location: Document_2025-04-19_205151-1.png_Gaussian-Median.png
Component: component_1745099140212_82.png
centerX: 0.7249705535924618
centerY: 0.13478818998716302
width: 0.020023557126030624
height: 0.037227214377406934
Area: 0.00029459007627085753
CentroidX: 0.7374
CentroidY: 0.1489
