Location: 2025-04-19_205026-1.png_Gaussian-Median.png
Component: component_1745099140079_309.png
centerX: 0.19375736160188456
centerY: 0.542148053059478
width: 0.021790341578327443
height: 0.03337612323491656
Area: 0.0003102141863895857
CentroidX: 0.2070
CentroidY: 0.5544
