Location: easy16_Gaussian-Median.png
Component: component_1744297381911_1192.png
centerX: 0.307258064516129
centerY: 0.8237547892720306
width: 0.014516129032258065
height: 0.014846743295019157
Area: 8.960573476702509e-05
CentroidX: 0.3156
CentroidY: 0.8286
