Location: 2025-04-19_205026-1.png_Gaussian-Median.png
Component: component_1745099140026_113.png
centerX: 0.028268551236749116
centerY: 0.21138211382113822
width: 0.01884570082449941
height: 0.02781343602909713
Area: 0.00021294150081169772
CentroidX: 0.0393
CentroidY: 0.2218
