Location: 2025-04-16_190509-1.png_Gaussian-Median.png
Component: component_1744834563458_240.png
centerX: 0.5017667844522968
centerY: 0.34360290971330765
width: 0.024146054181389872
height: 0.02053915275994865
Area: 0.00028753402653981905
CentroidX: 0.5134
CentroidY: 0.3535
