Location: Document_2025-04-19_205151-1.png_Mean-Medain.png
Component: component_1745099140412_69.png
centerX: 0.46113074204946997
centerY: 0.08643560119811725
width: 0.02061248527679623
height: 0.036799315361574665
Area: 0.0002953460815991831
CentroidX: 0.4738
CentroidY: 0.1006
