Location: easy16_Gaussian-Median.png
Component: component_1744297381862_927.png
centerX: 0.8524193548387097
centerY: 0.6647509578544061
width: 0.01532258064516129
height: 0.014846743295019157
Area: 0.00010003398838215301
CentroidX: 0.8614
CentroidY: 0.6698
