Location: easy26_Mean-Closing.png
Component: component_1744297382178_1028.png
centerX: 0.23951612903225805
centerY: 0.7935823754789272
width: 0.014516129032258065
height: 0.014367816091954023
Area: 8.188110245952293e-05
CentroidX: 0.2483
CentroidY: 0.7985
