Location: 2025-04-16_190509-1.png_Gaussian-Median.png
Component: component_1744834563382_157.png
centerX: 0.9163722025912838
centerY: 0.22507488232777065
width: 0.025323910482921083
height: 0.02396234488660676
Area: 0.00030139412422578756
CentroidX: 0.9290
CentroidY: 0.2356
