Location: 2025-04-19_205026-1.png_Gaussian-Median.png
Component: component_1745099140130_561.png
centerX: 0.1254416961130742
centerY: 0.9640564826700898
width: 0.024734982332155476
height: 0.032520325203252036
Area: 0.0003104661881656942
CentroidX: 0.1398
CentroidY: 0.9763
