Location: 2025-04-19_205026-1.png_Gaussian-Median.png
Component: component_1745099140101_419.png
centerX: 0.15488810365135453
centerY: 0.7287120239623449
width: 0.026501766784452298
height: 0.03209242618741977
Area: 0.00033062633025437565
CentroidX: 0.1707
CentroidY: 0.7400
