Location: easy26_Mean-Closing.png
Component: component_1744297381950_11.png
centerX: 0.12983870967741937
centerY: 0.03065134099616858
width: 0.01532258064516129
height: 0.014846743295019157
Area: 9.617167222840193e-05
CentroidX: 0.1393
CentroidY: 0.0360
