Location: 2025-04-19_205026-1.png_Gaussian-Median.png
Component: component_1745099140096_391.png
centerX: 0.16607773851590105
centerY: 0.6803594351732991
width: 0.025323910482921083
height: 0.02995293110825845
Area: 0.00031701823434451566
CentroidX: 0.1803
CentroidY: 0.6911
