Location: 2025-04-16_190509-1.png_Gaussian-Median.png
Component: component_1744834563371_130.png
centerX: 0.2944640753828033
centerY: 0.18741976893453144
width: 0.023557126030624265
height: 0.02267864783910997
Area: 0.00029459007627085753
CentroidX: 0.3053
CentroidY: 0.1980
