Location: 2025-04-19_205026-1.png_Gaussian-Median.png
Component: component_1745099140093_376.png
centerX: 0.483510011778563
centerY: 0.646127513906718
width: 0.02120141342756184
height: 0.03337612323491656
Area: 0.0002918180567336639
CentroidX: 0.4964
CentroidY: 0.6584
