Location: 2025-04-16_190509-1.png_Gaussian-Median.png
Component: component_1744834563455_236.png
centerX: 0.6584216725559482
centerY: 0.3346170303808301
width: 0.02061248527679623
height: 0.022250748823277707
Area: 0.00027921796792823795
CentroidX: 0.6678
CentroidY: 0.3449
