Location: 2025-04-19_205026-1.png_Gaussian-Median.png
Component: component_1745099140111_469.png
centerX: 0.061837455830388695
centerY: 0.8147197261446298
width: 0.02120141342756184
height: 0.03551561831407788
Area: 0.00027644594839104425
CentroidX: 0.0739
CentroidY: 0.8284
