Location: easy26_Mean-Closing.png
Component: component_1744297382039_455.png
centerX: 0.3717741935483871
centerY: 0.32375478927203066
width: 0.013709677419354839
height: 0.014846743295019157
Area: 7.917748115189716e-05
CentroidX: 0.3798
CentroidY: 0.3289
