Location: 2025-04-19_205026-1.png_Gaussian-Median.png
Component: component_1745099140064_241.png
centerX: 0.4799764428739694
centerY: 0.4073598630723149
width: 0.024146054181389872
height: 0.03209242618741977
Area: 0.0003109701917179112
CentroidX: 0.4944
CentroidY: 0.4191
