Location: 2025-04-19_205026-1.png_Gaussian-Median.png
Component: component_1745099140016_67.png
centerX: 0.9199057714958775
centerY: 0.12665810868635002
width: 0.021790341578327443
height: 0.0329482242190843
Area: 0.00028778602831592756
CentroidX: 0.9335
CentroidY: 0.1396
