Location: 2025-04-19_205026-1.png_Gaussian-Median.png
Component: component_1745099140130_563.png
centerX: 0.44876325088339225
centerY: 0.9640564826700898
width: 0.023557126030624265
height: 0.0329482242190843
Area: 0.00031953825210560084
CentroidX: 0.4631
CentroidY: 0.9771
