Location: 2025-04-19_205026-1.png_Gaussian-Median.png
Component: component_1745099140045_185.png
centerX: 0.9098939929328622
centerY: 0.3196405648267009
width: 0.02237926972909305
height: 0.02738553701326487
Area: 0.00027644594839104425
CentroidX: 0.9228
CentroidY: 0.3296
