Location: 2025-04-19_205026-1.png_Gaussian-Median.png
Component: component_1745099140104_438.png
centerX: 0.6336866902237926
centerY: 0.7436884895164741
width: 0.02591283863368669
height: 0.03508771929824561
Area: 0.00034322641905980153
CentroidX: 0.6491
CentroidY: 0.7565
