Location: Document_2025-04-19_205151-1.png_Gaussian-Median.png
Component: component_1745099140172_38.png
centerX: 0.1160188457008245
centerY: 0.08600770218228498
width: 0.022968197879858657
height: 0.037655113393239195
Area: 0.0002918180567336639
CentroidX: 0.1301
CentroidY: 0.1002
