Location: 2025-04-19_205026-1.png_Gaussian-Median.png
Component: component_1745099140030_131.png
centerX: 0.35983510011778563
centerY: 0.22379118528027386
width: 0.025323910482921083
height: 0.03209242618741977
Area: 0.00031374221125510493
CentroidX: 0.3738
CentroidY: 0.2360
