Location: easy21_Mean-Medain.png
Component: component_1744297381051_1030.png
centerX: 0.6411290322580645
centerY: 0.7696360153256705
width: 0.01532258064516129
height: 0.01532567049808429
Area: 0.00010080645161290323
CentroidX: 0.6502
CentroidY: 0.7748
