Location: 2025-04-19_205026-1.png_Gaussian-Median.png
Component: component_1745099140019_85.png
centerX: 0.02591283863368669
centerY: 0.16602481814291828
width: 0.02120141342756184
height: 0.03080872913992298
Area: 0.00026812988977946314
CentroidX: 0.0390
CentroidY: 0.1779
