Location: 2025-04-19_205026-1.png_Gaussian-Median.png
Component: component_1745099140027_119.png
centerX: 0.19022379269729092
centerY: 0.21822849807445444
width: 0.02061248527679623
height: 0.03123662815575524
Area: 0.0002779579590476954
CentroidX: 0.2031
CentroidY: 0.2300
