Location: 2025-04-19_205026-1.png_Gaussian-Median.png
Component: component_1745099140014_58.png
centerX: 0.0624263839811543
centerY: 0.12023962344886607
width: 0.02061248527679623
height: 0.03423192126658109
Area: 0.00028047797680878057
CentroidX: 0.0751
CentroidY: 0.1330
