Location: 2025-04-19_205026-1.png_Gaussian-Median.png
Component: component_1745099140035_157.png
centerX: 0.7656065959952886
centerY: 0.27086007702182285
width: 0.026501766784452298
height: 0.029097133076593923
Area: 0.00030845017395682604
CentroidX: 0.7813
CentroidY: 0.2815
