Location: Document_2025-04-19_205151-1.png_Gaussian-Median.png
Component: component_1745099140217_89.png
centerX: 0.7555948174322733
centerY: 0.13564398801882754
width: 0.024734982332155476
height: 0.03551561831407788
Area: 0.00031651423079229863
CentroidX: 0.7703
CentroidY: 0.1488
