Location: 2025-04-19_205026-1.png_Gaussian-Median.png
Component: component_1745099140133_577.png
centerX: 0.7720848056537103
centerY: 0.9653401797175867
width: 0.023557126030624265
height: 0.03465982028241335
Area: 0.0003160102272400816
CentroidX: 0.7869
CentroidY: 0.9788
