Location: 2025-04-19_205026-1.png_Gaussian-Median.png
Component: component_1745099140128_553.png
centerX: 0.2314487632508834
centerY: 0.9606332905434317
width: 0.023557126030624265
height: 0.036799315361574665
Area: 0.00033087833203048416
CentroidX: 0.2466
CentroidY: 0.9745
