Location: easy64_Gaussian-Closing.png
Component: component_1744297381472_1083.png
centerX: 0.2599758162031439
centerY: 0.6977340743907653
width: 0.008464328899637243
height: 0.00940572894399316
Area: 4.239143527577438e-05
CentroidX: 0.2648
CentroidY: 0.7013
