Location: Document_2025-04-19_205151-1.png_Gaussian-Closing.png
Component: component_1745099139959_40.png
centerX: 0.7355712603062426
centerY: 0.08771929824561403
width: 0.022968197879858657
height: 0.037227214377406934
Area: 0.0003245782876277712
CentroidX: 0.7501
CentroidY: 0.1010
