Location: 2025-04-16_190509-1.png_Gaussian-Median.png
Component: component_1744834563425_195.png
centerX: 0.5382803297997645
centerY: 0.27599486521181
width: 0.023557126030624265
height: 0.02011125374411639
Area: 0.0002613258418245332
CentroidX: 0.5497
CentroidY: 0.2848
