Location: 2025-04-19_205026-1.png_Gaussian-Median.png
Component: component_1745099140042_182.png
centerX: 0.8686690223792697
centerY: 0.31835686777920413
width: 0.023557126030624265
height: 0.029525032092426188
Area: 0.0002953460815991831
CentroidX: 0.8821
CentroidY: 0.3292
