Location: 2025-04-19_205026-1.png_Gaussian-Median.png
Component: component_1745099140030_128.png
centerX: 0.6937573616018846
centerY: 0.2220795892169448
width: 0.02061248527679623
height: 0.031664527171587506
Area: 0.00028324999634597427
CentroidX: 0.7063
CentroidY: 0.2344
