Location: 2025-04-19_205026-1.png_Gaussian-Median.png
Component: component_1745099140054_226.png
centerX: 0.12956419316843346
centerY: 0.40094137783483097
width: 0.025323910482921083
height: 0.03080872913992298
Area: 0.00030290613488243864
CentroidX: 0.1441
CentroidY: 0.4124
