Location: 2025-04-19_205026-1.png_Gaussian-Median.png
Component: component_1745099140123_525.png
centerX: 0.05830388692579505
centerY: 0.9118528027385537
width: 0.022968197879858657
height: 0.03808301240907146
Area: 0.0003550705025369019
CentroidX: 0.0726
CentroidY: 0.9266
