Location: 2025-04-19_205026-1.png_Gaussian-Median.png
Component: component_1745099140014_57.png
centerX: 0.027090694935217905
centerY: 0.11767222935387249
width: 0.02120141342756184
height: 0.03508771929824561
Area: 0.0002918180567336639
CentroidX: 0.0400
CentroidY: 0.1306
