Location: Document_2025-04-19_205151-1.png_Mean-Medain.png
Component: component_1745099140485_119.png
centerX: 0.3998822143698469
centerY: 0.13692768506632436
width: 0.02120141342756184
height: 0.037655113393239195
Area: 0.0003238222822994456
CentroidX: 0.4123
CentroidY: 0.1511
