Location: 2025-04-19_205026-1.png_Gaussian-Median.png
Component: component_1745099140129_555.png
centerX: 0.196113074204947
centerY: 0.9623448866067608
width: 0.02591283863368669
height: 0.03209242618741977
Area: 0.00031928625032949233
CentroidX: 0.2116
CentroidY: 0.9739
