Location: 2025-04-19_205026-1.png_Gaussian-Median.png
Component: component_1745099140034_150.png
centerX: 0.36101295641931685
centerY: 0.2691484809584938
width: 0.022968197879858657
height: 0.029097133076593923
Area: 0.00029307806561420645
CentroidX: 0.3750
CentroidY: 0.2796
