Location: 2025-04-19_205026-1.png_Gaussian-Median.png
Component: component_1745099140033_145.png
centerX: 0.2061248527679623
centerY: 0.2640136927685066
width: 0.02237926972909305
height: 0.030380830124090714
Area: 0.0002968580922558342
CentroidX: 0.2189
CentroidY: 0.2753
