Location: 2025-04-19_205026-1.png_Gaussian-Median.png
Component: component_1745099140030_129.png
centerX: 0.2597173144876325
centerY: 0.22250748823277705
width: 0.020023557126030624
height: 0.02995293110825845
Area: 0.00027367392885385054
CentroidX: 0.2721
CentroidY: 0.2340
