Location: 2025-04-19_205026-1.png_Gaussian-Median.png
Component: component_1745099140015_65.png
centerX: 0.7520612485276796
centerY: 0.12665810868635002
width: 0.02237926972909305
height: 0.029525032092426188
Area: 0.0002562858063023628
CentroidX: 0.7662
CentroidY: 0.1378
