Location: 2025-04-19_205026-1.png_Gaussian-Median.png
Component: component_1745099140052_222.png
centerX: 0.6690223792697291
centerY: 0.36970474967907574
width: 0.023557126030624265
height: 0.031664527171587506
Area: 0.0003018981277780046
CentroidX: 0.6841
CentroidY: 0.3810
