Location: 2025-04-19_205026-1.png_Gaussian-Median.png
Component: component_1745099140064_240.png
centerX: 0.4075382803297998
centerY: 0.4073598630723149
width: 0.023557126030624265
height: 0.031664527171587506
Area: 0.0003155062236878646
CentroidX: 0.4219
CentroidY: 0.4192
