Location: 2025-04-19_205026-1.png_Gaussian-Median.png
Component: component_1745099140081_318.png
centerX: 0.5247349823321554
centerY: 0.5524176294394523
width: 0.025323910482921083
height: 0.03551561831407788
Area: 0.0003386903870898482
CentroidX: 0.5405
CentroidY: 0.5657
