Location: 2025-04-19_205026-1.png_Gaussian-Median.png
Component: component_1745099140012_44.png
centerX: 0.3833922261484099
centerY: 0.0740265297389816
width: 0.02237926972909305
height: 0.0329482242190843
Area: 0.00031449821658343047
CentroidX: 0.3976
CentroidY: 0.0869
