Location: 2025-04-19_205026-1.png_Gaussian-Median.png
Component: component_1745099140101_421.png
centerX: 0.22555948174322732
centerY: 0.730423620025674
width: 0.024146054181389872
height: 0.03594351732991014
Area: 0.00035028246879084
CentroidX: 0.2404
CentroidY: 0.7436
