Location: easy64_Gaussian-Closing.png
Component: component_1744297381446_1010.png
centerX: 0.4800483675937122
centerY: 0.6575459598118855
width: 0.008464328899637243
height: 0.00983326207781103
Area: 4.420082580583792e-05
CentroidX: 0.4846
CentroidY: 0.6612
