Location: 2025-04-16_190509-1.png_Gaussian-Median.png
Component: component_1744834563372_131.png
centerX: 0.25323910482921086
centerY: 0.1891313649978605
width: 0.02120141342756184
height: 0.02267864783910997
Area: 0.0002714059128688739
CentroidX: 0.2637
CentroidY: 0.2000
