Location: easy21_Mean-Medain.png
Component: component_1744297380867_495.png
centerX: 0.5983870967741935
centerY: 0.4267241379310345
width: 0.01532258064516129
height: 0.014846743295019157
Area: 8.844703992089976e-05
CentroidX: 0.6071
CentroidY: 0.4319
