Location: 2025-04-19_205026-1.png_Gaussian-Median.png
Component: component_1745099140103_434.png
centerX: 0.7461719670200235
centerY: 0.7415489944373128
width: 0.023557126030624265
height: 0.03337612323491656
Area: 0.0003442344261642356
CentroidX: 0.7603
CentroidY: 0.7540
