Location: 2025-04-19_205026-1.png_Gaussian-Median.png
Component: component_1745099140018_77.png
centerX: 0.4723203769140165
centerY: 0.12879760376551133
width: 0.02237926972909305
height: 0.0329482242190843
Area: 0.000286526019435385
CentroidX: 0.4863
CentroidY: 0.1408
