Location: 2025-04-16_190509-1.png_Gaussian-Median.png
Component: component_1744834563425_196.png
centerX: 0.428150765606596
centerY: 0.2772785622593068
width: 0.02237926972909305
height: 0.02053915275994865
Area: 0.0002671218826750291
CentroidX: 0.4392
CentroidY: 0.2869
