Location: easy16_Gaussian-Median.png
Component: component_1744297381825_746.png
centerX: 0.8387096774193549
centerY: 0.5526819923371648
width: 0.01532258064516129
height: 0.014846743295019157
Area: 0.00010119268322827833
CentroidX: 0.8480
CentroidY: 0.5578
