Location: Document_2025-04-19_205151-1.png_Gaussian-Median.png
Component: component_1745099140224_94.png
centerX: 0.11307420494699646
centerY: 0.13692768506632436
width: 0.022968197879858657
height: 0.03423192126658109
Area: 0.0002918180567336639
CentroidX: 0.1272
CentroidY: 0.1493
