Location: easy16_Gaussian-Median.png
Component: component_1744297381906_1169.png
centerX: 0.7983870967741935
centerY: 0.8223180076628352
width: 0.014516129032258065
height: 0.014846743295019157
Area: 9.848906192065258e-05
CentroidX: 0.8070
CentroidY: 0.8274
