Location: 2025-04-19_205026-1.png_Gaussian-Median.png
Component: component_1745099140053_225.png
centerX: 0.0977620730270907
centerY: 0.3992297817715019
width: 0.021790341578327443
height: 0.031664527171587506
Area: 0.0003046701473151983
CentroidX: 0.1106
CentroidY: 0.4116
