Location: 2025-04-16_190509-1.png_Gaussian-Median.png
Component: component_1744834563381_156.png
centerX: 0.21967020023557127
centerY: 0.22507488232777065
width: 0.022968197879858657
height: 0.0235344458707745
Area: 0.0002898020425247957
CentroidX: 0.2311
CentroidY: 0.2360
