Location: 2025-04-19_205026-1.png_Gaussian-Median.png
Component: component_1745099140094_381.png
centerX: 0.5535924617196702
centerY: 0.6478391099700471
width: 0.02944640753828033
height: 0.03080872913992298
Area: 0.0003129862059267794
CentroidX: 0.5717
CentroidY: 0.6587
