Location: 2025-04-19_205026-1.png_Gaussian-Median.png
Component: component_1745099140037_166.png
centerX: 0.5842167255594818
centerY: 0.27471116816431324
width: 0.024146054181389872
height: 0.029097133076593923
Area: 0.00027342192707774203
CentroidX: 0.5989
CentroidY: 0.2853
