Location: 2025-04-19_205026-1.png_Gaussian-Median.png
Component: component_1745099140131_568.png
centerX: 0.9169611307420494
centerY: 0.9644843816859221
width: 0.022968197879858657
height: 0.03508771929824561
Area: 0.0003190342485533838
CentroidX: 0.9307
CentroidY: 0.9772
