Location: easy26_Mean-Closing.png
Component: component_1744297382077_523.png
centerX: 0.8419354838709677
centerY: 0.3682950191570881
width: 0.014516129032258065
height: 0.014367816091954023
Area: 8.5743418613274e-05
CentroidX: 0.8502
CentroidY: 0.3732
