Location: 2025-04-19_205026-1.png_Gaussian-Median.png
Component: component_1745099140113_480.png
centerX: 0.5200235571260307
centerY: 0.8305519897304237
width: 0.027090694935217905
height: 0.0329482242190843
Area: 0.0003182782432250583
CentroidX: 0.5370
CentroidY: 0.8429
