Location: Document_2025-04-19_205151-1.png_Gaussian-Closing.png
Component: component_1745099139965_59.png
centerX: 0.1878680800942285
centerY: 0.13350449293966624
width: 0.024146054181389872
height: 0.03508771929824561
Area: 0.0002827459927937572
CentroidX: 0.2021
CentroidY: 0.1461
