Location: 2025-04-16_190509-1.png_Gaussian-Median.png
Component: component_1744834563466_267.png
centerX: 0.33627797408716137
centerY: 0.3898160034231921
width: 0.02237926972909305
height: 0.022250748823277707
Area: 0.00027669795016715276
CentroidX: 0.3470
CentroidY: 0.3999
