Location: Document_2025-04-19_205151-1.png_Mean-Medain.png
Component: component_1745099140453_85.png
centerX: 0.7043580683156655
centerY: 0.08814719726144629
width: 0.018256772673733806
height: 0.03380402225074882
Area: 0.00028451000522651684
CentroidX: 0.7153
CentroidY: 0.1009
