Location: easy43_Mean-Closing.png
Component: component_1744297380674_1020.png
centerX: 0.6970979443772672
centerY: 0.6105173150919196
width: 0.008464328899637243
height: 0.00983326207781103
Area: 3.851416985420965e-05
CentroidX: 0.7023
CentroidY: 0.6144
