Location: Dedata_29.png_Gaussian-Closing.png
Component: component_1755504603826_107.png
centerX: 0.2854838709677419
centerY: 0.20889142205756625
width: 0.03951612903225806
height: 0.028783129096608722
Area: 0.000434366927440039
CentroidX: 0.3069
CentroidY: 0.2189
