Location: internet_1.png_Gaussian-Median.png
Component: component_1755096854772_26.png
centerX: 0.5787988714228134
centerY: 0.007984031936127744
width: 0.04877065699314793
height: 0.03279155973766752
Area: 0.000575230031673855
CentroidX: 0.6049
CentroidY: 0.0195
