Location: Dedata_29.png_Otsu.png
Component: component_1755504603656_405.png
centerX: 0.8927419354838709
centerY: 0.7078939868908521
width: 0.03467741935483871
height: 0.02336848104873183
Area: 0.00027349028764743195
CentroidX: 0.9106
CentroidY: 0.7162
