Location: Dedata_29.png_Gaussian-Closing.png
Component: component_1755504603807_54.png
centerX: 0.8354838709677419
centerY: 0.1085779424337418
width: 0.03669354838709677
height: 0.028783129096608722
Area: 0.0003888618207558444
CentroidX: 0.8556
CentroidY: 0.1181
