Location: Dedata_29.png_Otsu.png
Component: component_1755504603310_58.png
centerX: 0.4274193548387097
centerY: 0.08805927614705045
width: 0.03790322580645161
height: 0.025078369905956112
Area: 0.00025717279989703897
CentroidX: 0.4488
CentroidY: 0.0968
