Location: Dedata_29.png_Gaussian-Closing.png
Component: component_1755504603810_66.png
centerX: 0.255241935483871
centerY: 0.134226275292106
width: 0.0375
height: 0.02821316614420063
Area: 0.00038506972853216155
CentroidX: 0.2764
CentroidY: 0.1435
