Location: internet_1.png_Gaussian-Median.png
Component: component_1755096854826_213.png
centerX: 0.38492543329302703
centerY: 0.47818648417450815
width: 0.03990326481257558
height: 0.029654975762760195
Area: 0.0004501850217915065
CentroidX: 0.4062
CentroidY: 0.4891
