Location: internet_1.png_Mean-Medain.png
Component: component_1755096855222_114.png
centerX: 0.012898024989923419
centerY: 0.2677502138579983
width: 0.041515517936316
height: 0.028229255774165955
Area: 0.0003892715519039654
CentroidX: 0.0350
CentroidY: 0.2769
