Location: internet_1.png_Mean-Medain.png
Component: component_1755096855250_248.png
centerX: 0.6827891979040709
centerY: 0.7028799543769604
width: 0.046352277307537285
height: 0.029940119760479042
Area: 0.000545118089955863
CentroidX: 0.7079
CentroidY: 0.7134
