Location: Dedata_29.png_Gaussian-Closing.png
Component: component_1755504604717_386.png
centerX: 0.8588709677419355
centerY: 0.7848389854659447
width: 0.0407258064516129
height: 0.026788258763180393
Area: 0.00035059616286231717
CentroidX: 0.8796
CentroidY: 0.7951
