Location: Samociqulo_1709_page_10.png_Gaussian-Median.png
Component: component_1755610056251_2464.png
centerX: 0.4697788697788698
centerY: 0.59375
width: 0.03341523341523341
height: 0.0140625
Area: 0.00019072481572481574
CentroidX: 0.4863
CentroidY: 0.5988
