Location: Dedata_29.png_Mean-Closing.png
Component: component_1755504603028_119.png
centerX: 0.3403225806451613
centerY: 0.24280421772584782
width: 0.03951612903225806
height: 0.02365346252493588
Area: 0.0004341371036689067
CentroidX: 0.3624
CentroidY: 0.2520
