Location: Dedata_29.png_Gaussian-Closing.png
Component: component_1755504603927_200.png
centerX: 0.8580645161290322
centerY: 0.39355941863778854
width: 0.03387096774193549
height: 0.03305785123966942
Area: 0.00044080199303174326
CentroidX: 0.8764
CentroidY: 0.4044
