Location: Dedata_29.png_Otsu.png
Component: component_1755504603560_304.png
centerX: 0.13588709677419356
centerY: 0.5047021943573667
width: 0.045564516129032256
height: 0.029353092049016812
Area: 0.00042931080447512846
CentroidX: 0.1594
CentroidY: 0.5153
