Location: internet_1.png_Gaussian-Median.png
Component: component_1755096854808_136.png
centerX: 0.7972591696896413
centerY: 0.2440832620473339
width: 0.04030632809351068
height: 0.02480752780153978
Area: 0.0004871928280250692
CentroidX: 0.8190
CentroidY: 0.2531
