Location: Dedata_29.png_Gaussian-Closing.png
Component: component_1755504603919_188.png
centerX: 0.18991935483870967
centerY: 0.3738956967797093
width: 0.045564516129032256
height: 0.025078369905956112
Area: 0.0004021915994815176
CentroidX: 0.2122
CentroidY: 0.3835
