Location: Dedata_29.png_Mean-Closing.png
Component: component_1755504603140_323.png
centerX: 0.44879032258064516
centerY: 0.6722713023653463
width: 0.03387096774193549
height: 0.02365346252493588
Area: 0.000343471625957216
CentroidX: 0.4663
CentroidY: 0.6807
