Location: internet_1.png_Mean-Medain.png
Component: component_1755096855209_55.png
centerX: 0.6896412736799677
centerY: 0.1223267750213858
width: 0.04836759371221282
height: 0.028229255774165955
Area: 0.0004135220087837224
CentroidX: 0.7134
CentroidY: 0.1324
