Location: internet_1.png_Mean-Closing.png
Component: component_1755096855102_122.png
centerX: 0.7912132204756147
centerY: 0.33219275734245796
width: 0.0475614671503426
height: 0.026803535785571715
Area: 0.0005347742931825069
CentroidX: 0.8179
CentroidY: 0.3417
