Location: Dedata_29.png_Gaussian-Closing.png
Component: component_1755504603990_262.png
centerX: 0.6762096774193549
centerY: 0.5354801937874039
width: 0.039919354838709675
height: 0.025648332858364205
Area: 0.00037840483916932495
CentroidX: 0.6974
CentroidY: 0.5443
