Location: Dedata_29.png_Gaussian-Closing.png
Component: component_1755504604654_361.png
centerX: 0.17016129032258065
centerY: 0.7355371900826446
width: 0.036290322580645164
height: 0.023083499572527786
Area: 0.0003353128820820195
CentroidX: 0.1892
CentroidY: 0.7439
