Location: internet_1.png_Gaussian-Median.png
Component: component_1755096854829_227.png
centerX: 0.8843208383716243
centerY: 0.5255203877958369
width: 0.04554615074566707
height: 0.03364699173082407
Area: 0.0005470719182352747
CentroidX: 0.9086
CentroidY: 0.5364
