Location: internet_1.png_Gaussian-Median.png
Component: component_1755096854814_164.png
centerX: 0.014913341394598953
centerY: 0.3110921015112632
width: 0.04191858121725111
height: 0.03421727972626176
Area: 0.0006253399804870021
CentroidX: 0.0370
CentroidY: 0.3244
