Location: Dedata_29.png_Otsu.png
Component: component_1755504603653_399.png
centerX: 0.17903225806451614
centerY: 0.695354801937874
width: 0.032661290322580645
height: 0.022228555143915644
Area: 0.0002537254433300545
CentroidX: 0.1964
CentroidY: 0.7032
