Location: Dedata_29.png_Gaussian-Closing.png
Component: component_1755504603845_143.png
centerX: 0.3721774193548387
centerY: 0.28127671701339413
width: 0.04717741935483871
height: 0.02707324023938444
Area: 0.00043229851349984834
CentroidX: 0.3957
CentroidY: 0.2912
