Location: internet_1.png_Mean-Medain.png
Component: component_1755096855220_107.png
centerX: 0.22208786779524387
centerY: 0.2446535500427716
width: 0.04393389762192664
height: 0.025377815796977475
Area: 0.00046868892490828785
CentroidX: 0.2469
CentroidY: 0.2533
