Location: Dedata_29.png_Gaussian-Closing.png
Component: component_1755504603927_201.png
centerX: 0.3338709677419355
centerY: 0.39726417782844115
width: 0.038306451612903226
height: 0.0262182958107723
Area: 0.0003828864027064047
CentroidX: 0.3547
CentroidY: 0.4067
