Location: internet_1.png_Mean-Medain.png
Component: component_1755096855256_285.png
centerX: 0.14268440145102781
centerY: 0.8394639292842886
width: 0.049576783555018135
height: 0.031080695751354435
Area: 0.0006398212959697005
CentroidX: 0.1708
CentroidY: 0.8506
