Location: Dedata_29.png_Mean-Closing.png
Component: component_1755504603145_333.png
centerX: 0.1786290322580645
centerY: 0.694784838985466
width: 0.03346774193548387
height: 0.023083499572527786
Area: 0.00030876823651623933
CentroidX: 0.1964
CentroidY: 0.7033
