Location: Dedata_29.png_Mean-Medain.png
Component: component_1755504602404_218.png
centerX: 0.8540322580645161
centerY: 0.439156454830436
width: 0.031048387096774193
height: 0.025933314334568254
Area: 0.0003750723944879067
CentroidX: 0.8704
CentroidY: 0.4486
