Location: internet_1.png_Mean-Medain.png
Component: component_1755096855228_146.png
centerX: 0.018137847642079808
centerY: 0.3618477331052181
width: 0.044740024183796856
height: 0.033932135728542916
Area: 0.0006310865342499776
CentroidX: 0.0414
CentroidY: 0.3740
