Location: Dedata_29.png_Mean-Medain.png
Component: component_1755504602377_152.png
centerX: 0.5596774193548387
centerY: 0.30350527215730977
width: 0.03387096774193549
height: 0.026503277286976348
Area: 0.00038242675516414015
CentroidX: 0.5781
CentroidY: 0.3127
