Location: internet_1.png_Mean-Medain.png
Component: component_1755096855208_48.png
centerX: 0.9520354695687223
centerY: 0.10664385514684915
width: 0.035872632003224506
height: 0.027088679783290562
Area: 0.00039536289889271955
CentroidX: 0.9717
CentroidY: 0.1168
