Location: Dedata_29.png_Gaussian-Closing.png
Component: component_1755504603827_110.png
centerX: 0.8326612903225806
centerY: 0.21430607010544314
width: 0.03467741935483871
height: 0.0262182958107723
Area: 0.00037254433300545144
CentroidX: 0.8508
CentroidY: 0.2239
