Location: Dedata_29.png_Mean-Closing.png
Component: component_1755504603171_396.png
centerX: 0.32379032258064516
centerY: 0.8310059846110003
width: 0.032661290322580645
height: 0.0262182958107723
Area: 0.00036162770387666735
CentroidX: 0.3413
CentroidY: 0.8411
