Location: Dedata_29.png_Gaussian-Closing.png
Component: component_1755504603989_261.png
centerX: 0.2717741935483871
centerY: 0.5340552864063836
width: 0.035483870967741936
height: 0.030493017953833
Area: 0.00043333272046994366
CentroidX: 0.2895
CentroidY: 0.5452
