Location: internet_1.png_Otsu.png
Component: component_1755096854549_523.png
centerX: 0.013301088270858524
centerY: 0.268320501853436
width: 0.03990326481257558
height: 0.02737382378100941
Area: 0.00016837402525518433
CentroidX: 0.0352
CentroidY: 0.2768
