Location: internet_1.png_Mean-Closing.png
Component: component_1755096855116_180.png
centerX: 0.8206368399838775
centerY: 0.5329341317365269
width: 0.044740024183796856
height: 0.02480752780153978
Area: 0.0005475316425363128
CentroidX: 0.8454
CentroidY: 0.5423
