Location: internet_1.png_Mean-Closing.png
Component: component_1755096855142_264.png
centerX: 0.07900040306328093
centerY: 0.844311377245509
width: 0.049979846835953246
height: 0.0290846877673225
Area: 0.0006287879127447874
CentroidX: 0.1059
CentroidY: 0.8547
