Location: Dedata_29.png_Mean-Closing.png
Component: component_1755504603042_144.png
centerX: 0.16008064516129034
centerY: 0.29524080934739244
width: 0.03870967741935484
height: 0.029068110572812767
Area: 0.0004177047040329475
CentroidX: 0.1805
CentroidY: 0.3055
