Location: Dedata_29.png_Otsu.png
Component: component_1755504603685_465.png
centerX: 0.27661290322580645
centerY: 0.835850669706469
width: 0.02661290322580645
height: 0.0219435736677116
Area: 0.00024683073019608564
CentroidX: 0.2913
CentroidY: 0.8442
