Location: Dedata_29.png_Otsu.png
Component: component_1755504603418_150.png
centerX: 0.9395161290322581
centerY: 0.1724137931034483
width: 0.03306451612903226
height: 0.029353092049016812
Area: 0.0003438163616139145
CentroidX: 0.9569
CentroidY: 0.1833
