Location: internet_1.png_Otsu.png
Component: component_1755096854528_23.png
centerX: 0.49818621523579204
centerY: 0.005988023952095809
width: 0.039500201531640466
height: 0.029940119760479042
Area: 0.0004621378536184957
CentroidX: 0.5174
CentroidY: 0.0175
