Location: Dedata_29.png_Gaussian-Closing.png
Component: component_1755504604036_312.png
centerX: 0.8237903225806451
centerY: 0.6326588771729837
width: 0.03064516129032258
height: 0.024793388429752067
Area: 0.0003175015398192666
CentroidX: 0.8400
CentroidY: 0.6420
