Location: Dedata_29.png_Mean-Closing.png
Component: component_1755504603125_293.png
centerX: 0.6596774193548387
centerY: 0.6110002849814762
width: 0.03306451612903226
height: 0.025078369905956112
Area: 0.00035645666902619073
CentroidX: 0.6772
CentroidY: 0.6208
