Location: Dedata_29.png_Mean-Medain.png
Component: component_1755504602387_179.png
centerX: 0.75
centerY: 0.3593616414933029
width: 0.04153225806451613
height: 0.029068110572812767
Area: 0.0004593028066078931
CentroidX: 0.7716
CentroidY: 0.3706
