Location: Paraklitoni_1720_page_10.png_Mean-Medain.png
Component: component_1755610055503_2029.png
centerX: 0.22332317073170732
centerY: 0.7393483709273183
width: 0.019817073170731708
height: 0.011027568922305764
Area: 0.00010009780548933308
CentroidX: 0.2334
CentroidY: 0.7434
