Location: internet_1.png_Mean-Medain.png
Component: component_1755096855204_25.png
centerX: 0.8976219266424829
centerY: 0.039635015682919876
width: 0.04191858121725111
height: 0.02879954376960365
Area: 0.0004767341001764537
CentroidX: 0.9196
CentroidY: 0.0498
