Location: internet_1.png_Mean-Closing.png
Component: component_1755096855089_83.png
centerX: 0.09189842805320435
centerY: 0.21100655831194753
width: 0.037484885126964934
height: 0.028514399771884802
Area: 0.00044259957082437877
CentroidX: 0.1117
CentroidY: 0.2220
