Location: internet_1.png_Otsu.png
Component: component_1755096854574_610.png
centerX: 0.2430471584038694
centerY: 0.4930139720558882
width: 0.044740024183796856
height: 0.030795551753635585
Area: 0.0004638618197473884
CentroidX: 0.2667
CentroidY: 0.5036
