Location: Dedata_29.png_Gaussian-Closing.png
Component: component_1755504603838_133.png
centerX: 0.6524193548387097
centerY: 0.2584781989170704
width: 0.04153225806451613
height: 0.027643203191792535
Area: 0.0004288511569328639
CentroidX: 0.6742
CentroidY: 0.2690
