Location: internet_1.png_Mean-Medain.png
Component: component_1755096855223_123.png
centerX: 0.7891979040709391
centerY: 0.2842885657256915
width: 0.045949214026602174
height: 0.029369831765041345
Area: 0.0006151111147889055
CentroidX: 0.8140
CentroidY: 0.2944
