Location: internet_1.png_Mean-Medain.png
Component: component_1755096855231_164.png
centerX: 0.8734381297863765
centerY: 0.4251497005988024
width: 0.041515517936316
height: 0.025092671799258625
Area: 0.00044501312340482853
CentroidX: 0.8962
CentroidY: 0.4347
