Location: Dedata_29.png_Mean-Medain.png
Component: component_1755504602369_130.png
centerX: 0.6524193548387097
centerY: 0.2584781989170704
width: 0.04153225806451613
height: 0.027358221715588486
Area: 0.0004488458250213736
CentroidX: 0.6741
CentroidY: 0.2689
