Location: internet_1.png_Mean-Medain.png
Component: component_1755096855250_245.png
centerX: 0.19306731156791615
centerY: 0.6966067864271457
width: 0.03829101168883515
height: 0.028514399771884802
Area: 0.0005936190037153768
CentroidX: 0.2128
CentroidY: 0.7087
