Location: internet_1.png_Otsu.png
Component: component_1755096854587_615.png
centerX: 0.5828295042321644
centerY: 0.5101226119190191
width: 0.04030632809351068
height: 0.026803535785571715
Area: 0.0004268540135138257
CentroidX: 0.6038
CentroidY: 0.5197
