Location: Paraklitoni_1720_page_10.png_Mean-Medain.png
Component: component_1755610055364_1611.png
centerX: 0.8589939024390244
centerY: 0.5744360902255639
width: 0.019054878048780487
height: 0.011027568922305764
Area: 0.00011079528088513968
CentroidX: 0.8690
CentroidY: 0.5782
