Location: Dedata_29.png_Mean-Closing.png
Component: component_1755504603114_277.png
centerX: 0.17419354838709677
centerY: 0.5833570817896837
width: 0.03387096774193549
height: 0.02707324023938444
Area: 0.00040046792119802536
CentroidX: 0.1924
CentroidY: 0.5939
