Location: Dedata_29.png_Otsu.png
Component: component_1755504603485_192.png
centerX: 0.7044354838709678
centerY: 0.2556283841550299
width: 0.03870967741935484
height: 0.0262182958107723
Area: 0.0003585250829663814
CentroidX: 0.7253
CentroidY: 0.2650
