Location: internet_1.png_Mean-Medain.png
Component: component_1755096855236_186.png
centerX: 0.6485288190245868
centerY: 0.502708867978329
width: 0.04514308746473196
height: 0.026518391787852865
Area: 0.0005133971131842379
CentroidX: 0.6742
CentroidY: 0.5127
