Location: Dedata_29.png_Gaussian-Closing.png
Component: component_1755504603829_115.png
centerX: 0.07379032258064516
centerY: 0.22399544029638074
width: 0.03669354838709677
height: 0.0262182958107723
Area: 0.00043390727989777437
CentroidX: 0.0938
CentroidY: 0.2332
