Location: Dedata_29.png_Mean-Medain.png
Component: component_1755504602727_386.png
centerX: 0.38225806451612904
centerY: 0.7922485038472499
width: 0.037096774193548385
height: 0.02336848104873183
Area: 0.00035841017108081524
CentroidX: 0.4022
CentroidY: 0.8015
