Location: Dedata_29.png_Mean-Closing.png
Component: component_1755504603000_69.png
centerX: 0.8592741935483871
centerY: 0.1413508121972072
width: 0.0375
height: 0.02821316614420063
Area: 0.0004815957124077258
CentroidX: 0.8793
CentroidY: 0.1512
