Location: Dedata_29.png_Otsu.png
Component: component_1755504603473_187.png
centerX: 0.8669354838709677
centerY: 0.24479908805927614
width: 0.03870967741935484
height: 0.02821316614420063
Area: 0.00037622151334356816
CentroidX: 0.8883
CentroidY: 0.2543
