Location: Dedata_29.png_Mean-Medain.png
Component: component_1755504602376_147.png
centerX: 0.16008064516129034
centerY: 0.29524080934739244
width: 0.03870967741935484
height: 0.029068110572812767
Area: 0.00041781961591851367
CentroidX: 0.1804
CentroidY: 0.3055
