Location: internet_1.png_Otsu.png
Component: component_1755096854536_178.png
centerX: 0.9524385328496574
centerY: 0.10692899914456801
width: 0.03385731559854897
height: 0.026518391787852865
Area: 0.00021101345417646311
CentroidX: 0.9732
CentroidY: 0.1178
