Location: Dedata_29.png_Gaussian-Closing.png
Component: component_1755504603885_162.png
centerX: 0.8193548387096774
centerY: 0.31547449415787976
width: 0.0407258064516129
height: 0.027643203191792535
Area: 0.00041149946221237554
CentroidX: 0.8393
CentroidY: 0.3261
