Location: Dedata_29.png_Otsu.png
Component: component_1755504603509_227.png
centerX: 0.2991935483870968
centerY: 0.3268737532060416
width: 0.035483870967741936
height: 0.0262182958107723
Area: 0.0003635812059312919
CentroidX: 0.3179
CentroidY: 0.3362
