Location: internet_1.png_Gaussian-Median.png
Component: component_1755096854806_124.png
centerX: 0.09189842805320435
centerY: 0.21100655831194753
width: 0.037484885126964934
height: 0.028514399771884802
Area: 0.0004112233872785321
CentroidX: 0.1119
CentroidY: 0.2221
