Location: Dedata_29.png_Mean-Closing.png
Component: component_1755504603070_195.png
centerX: 0.8036290322580645
centerY: 0.3986890852094614
width: 0.036290322580645164
height: 0.025933314334568254
Area: 0.00043287307292767905
CentroidX: 0.8226
CentroidY: 0.4083
