Location: Dedata_29.png_Gaussian-Closing.png
Component: component_1755504603967_241.png
centerX: 0.7842741935483871
centerY: 0.4918780279281847
width: 0.029838709677419355
height: 0.02821316614420063
Area: 0.000358984730508646
CentroidX: 0.8008
CentroidY: 0.5022
