Location: Dedata_29.png_Mean-Closing.png
Component: component_1755504603074_204.png
centerX: 0.12217741935483871
centerY: 0.4226275292106013
width: 0.035483870967741936
height: 0.02536335138216016
Area: 0.0004163257614061538
CentroidX: 0.1406
CentroidY: 0.4326
