Location: Dedata_29.png_Mean-Medain.png
Component: component_1755504602343_36.png
centerX: 0.7955645161290322
centerY: 0.07836990595611286
width: 0.041935483870967745
height: 0.027643203191792535
Area: 0.00043976778606164793
CentroidX: 0.8199
CentroidY: 0.0875
