Location: Dedata_29.png_Otsu.png
Component: component_1755504603545_288.png
centerX: 0.5177419354838709
centerY: 0.46394984326018807
width: 0.050806451612903224
height: 0.03220290681105728
Area: 0.0004257485360225779
CentroidX: 0.5437
CentroidY: 0.4753
