Location: Dedata_29.png_Mean-Medain.png
Component: component_1755504602583_248.png
centerX: 0.014919354838709677
centerY: 0.5112567683100598
width: 0.03951612903225806
height: 0.03305785123966942
Area: 0.0005108982432270935
CentroidX: 0.0346
CentroidY: 0.5233
