Location: Dedata_29.png_Otsu.png
Component: component_1755504603398_141.png
centerX: 0.5995967741935484
centerY: 0.15930464519806212
width: 0.039919354838709675
height: 0.027358221715588486
Area: 0.00043528622252456817
CentroidX: 0.6216
CentroidY: 0.1690
