Location: Dedata_29.png_Mean-Closing.png
Component: component_1755504603050_159.png
centerX: 0.7108870967741936
centerY: 0.3237389569677971
width: 0.04516129032258064
height: 0.027358221715588486
Area: 0.00043310289669881133
CentroidX: 0.7327
CentroidY: 0.3342
