Location: internet_1.png_Mean-Medain.png
Component: component_1755096855220_106.png
centerX: 0.7972591696896413
centerY: 0.24379811804961504
width: 0.04030632809351068
height: 0.025092671799258625
Area: 0.0005097193187759334
CentroidX: 0.8190
CentroidY: 0.2531
