Location: Dedata_29.png_Gaussian-Closing.png
Component: component_1755504603957_230.png
centerX: 0.06653225806451613
centerY: 0.4690795098318609
width: 0.0407258064516129
height: 0.023938444001139925
Area: 0.0003957565338898133
CentroidX: 0.0870
CentroidY: 0.4788
