Location: Dedata_29.png_Mean-Medain.png
Component: component_1755504602393_198.png
centerX: 0.39395161290322583
centerY: 0.39241949273297233
width: 0.03951612903225806
height: 0.02536335138216016
Area: 0.0004009275687402899
CentroidX: 0.4144
CentroidY: 0.4019
