Location: Dedata_29.png_Otsu.png
Component: component_1755504603563_310.png
centerX: 0.9318548387096774
centerY: 0.5146765460245084
width: 0.029838709677419355
height: 0.02365346252493588
Area: 0.00031382435948114985
CentroidX: 0.9485
CentroidY: 0.5229
