Location: Dedata_29.png_Otsu.png
Component: component_1755504603385_113.png
centerX: 0.19475806451612904
centerY: 0.13793103448275862
width: 0.03669354838709677
height: 0.023938444001139925
Area: 0.0002440728449424981
CentroidX: 0.2158
CentroidY: 0.1460
