Location: internet_1.png_Otsu.png
Component: component_1755096854587_616.png
centerX: 0.0177347843611447
centerY: 0.5146849158825206
width: 0.046352277307537285
height: 0.027088679783290562
Area: 0.0004740906854454849
CentroidX: 0.0426
CentroidY: 0.5244
