Location: internet_1.png_Gaussian-Median.png
Component: component_1755096854821_191.png
centerX: 0.5981459089076985
centerY: 0.4023381807812946
width: 0.04554615074566707
height: 0.025092671799258625
Area: 0.000465126061575243
CentroidX: 0.6217
CentroidY: 0.4116
