Location: Dedata_29.png_Gaussian-Closing.png
Component: component_1755504603808_59.png
centerX: 0.6157258064516129
centerY: 0.12111712738671987
width: 0.038306451612903226
height: 0.02536335138216016
Area: 0.0003176164517048327
CentroidX: 0.6359
CentroidY: 0.1293
