Location: internet_1.png_Mean-Closing.png
Component: component_1755096855088_75.png
centerX: 0.3232567513099557
centerY: 0.19846022241231823
width: 0.04554615074566707
height: 0.02623324779013402
Area: 0.0004291526350190159
CentroidX: 0.3450
CentroidY: 0.2068
