Location: Dedata_29.png_Mean-Medain.png
Component: component_1755504602348_53.png
centerX: 0.8927419354838709
centerY: 0.11142775719578227
width: 0.036290322580645164
height: 0.02821316614420063
Area: 0.000392424089208395
CentroidX: 0.9125
CentroidY: 0.1210
