Location: internet_1.png_Gaussian-Median.png
Component: component_1755096854773_29.png
centerX: 0.009673518742442563
centerY: 0.01311662389506701
width: 0.0475614671503426
height: 0.03421727972626176
Area: 0.0005210974952266251
CentroidX: 0.0365
CentroidY: 0.0243
