Location: internet_1.png_Mean-Medain.png
Component: component_1755096855229_155.png
centerX: 0.6658605401047965
centerY: 0.39264328485885375
width: 0.04796453043127771
height: 0.03022526375819789
Area: 0.0005520139544714337
CentroidX: 0.6929
CentroidY: 0.4045
