Location: internet_1.png_Mean-Closing.png
Component: component_1755096855135_243.png
centerX: 0.8242644095122934
centerY: 0.7430852580553179
width: 0.03829101168883515
height: 0.02480752780153978
Area: 0.0004976515558736848
CentroidX: 0.8443
CentroidY: 0.7526
