Location: Dedata_29.png_Otsu.png
Component: component_1755504603544_285.png
centerX: 0.17459677419354838
centerY: 0.457395269307495
width: 0.039919354838709675
height: 0.025078369905956112
Area: 0.0003287629046047491
CentroidX: 0.1946
CentroidY: 0.4665
