Location: internet_1.png_Otsu.png
Component: component_1755096854665_680.png
centerX: 0.5582426440951229
centerY: 0.7154262902765897
width: 0.04675534058847239
height: 0.02480752780153978
Area: 0.00047857299738060586
CentroidX: 0.5835
CentroidY: 0.7248
