Location: internet_1.png_Mean-Closing.png
Component: component_1755096855123_206.png
centerX: 0.4381297863764611
centerY: 0.6221842030225264
width: 0.0354695687222894
height: 0.02765896777872826
Area: 0.0005196033912482515
CentroidX: 0.4575
CentroidY: 0.6335
