Location: Dedata_29.png_Gaussian-Closing.png
Component: component_1755504604539_351.png
centerX: 0.8487903225806451
centerY: 0.7118837275577088
width: 0.034274193548387094
height: 0.022798518096323737
Area: 0.00033830059110673933
CentroidX: 0.8666
CentroidY: 0.7204
