Location: internet_1.png_Otsu.png
Component: component_1755096854593_630.png
centerX: 0.5570334542523177
centerY: 0.5588822355289421
width: 0.049576783555018135
height: 0.028229255774165955
Area: 0.0004784580663053464
CentroidX: 0.5849
CentroidY: 0.5688
