Location: internet_1.png_Mean-Medain.png
Component: component_1755096855224_128.png
centerX: 0.6513502619911327
centerY: 0.2988309096093527
width: 0.045949214026602174
height: 0.027944111776447105
Area: 0.0005968370738226432
CentroidX: 0.6761
CentroidY: 0.3088
