Location: internet_1.png_Gaussian-Median.png
Component: component_1755096854834_250.png
centerX: 0.15558242644095122
centerY: 0.6025092671799258
width: 0.044740024183796856
height: 0.02594810379241517
Area: 0.0004561614377050011
CentroidX: 0.1786
CentroidY: 0.6112
