Location: internet_1.png_Mean-Medain.png
Component: component_1755096855254_266.png
centerX: 0.6493349455864571
centerY: 0.7564870259481038
width: 0.04554615074566707
height: 0.023666951810664385
Area: 0.0005471868493105342
CentroidX: 0.6720
CentroidY: 0.7653
