Location: Dedata_29.png_Mean-Closing.png
Component: component_1755504603033_127.png
centerX: 0.6524193548387097
centerY: 0.2584781989170704
width: 0.04112903225806452
height: 0.027358221715588486
Area: 0.0004481563537079767
CentroidX: 0.6741
CentroidY: 0.2689
