Location: Dedata_29.png_Mean-Closing.png
Component: component_1755504603007_82.png
centerX: 0.32016129032258067
centerY: 0.1701339412938159
width: 0.0375
height: 0.03277286976346538
Area: 0.00045493615495637946
CentroidX: 0.3407
CentroidY: 0.1814
