Location: internet_1.png_Mean-Medain.png
Component: component_1755096855204_28.png
centerX: 0.5816203143893591
centerY: 0.045337895637296836
width: 0.04877065699314793
height: 0.031936127744510975
Area: 0.0005487958843641674
CentroidX: 0.6065
CentroidY: 0.0570
