Location: Dedata_29.png_Otsu.png
Component: component_1755504603649_387.png
centerX: 0.017338709677419354
centerY: 0.6697064690795098
width: 0.03346774193548387
height: 0.0262182958107723
Area: 0.0002863604188308405
CentroidX: 0.0357
CentroidY: 0.6801
