Location: internet_1.png_Otsu.png
Component: component_1755096854534_83.png
centerX: 0.022974607013301087
centerY: 0.0729968634160251
width: 0.049576783555018135
height: 0.02737382378100941
Area: 0.0004459325720069046
CentroidX: 0.0477
CentroidY: 0.0824
