Location: internet_1.png_Mean-Closing.png
Component: component_1755096855076_32.png
centerX: 0.9568722289399436
centerY: 0.0718562874251497
width: 0.0354695687222894
height: 0.028229255774165955
Area: 0.0003043374872871864
CentroidX: 0.9738
CentroidY: 0.0813
