Location: Dedata_29.png_Mean-Closing.png
Component: component_1755504603039_138.png
centerX: 0.8451612903225807
centerY: 0.2818466799658022
width: 0.03669354838709677
height: 0.02365346252493588
Area: 0.00044470899714099227
CentroidX: 0.8631
CentroidY: 0.2916
