Location: Dedata_29.png_Otsu.png
Component: component_1755504603506_222.png
centerX: 0.40725806451612906
centerY: 0.3157594756340838
width: 0.03346774193548387
height: 0.02365346252493588
Area: 0.00035323913623033857
CentroidX: 0.4245
CentroidY: 0.3247
