Location: internet_1.png_Mean-Medain.png
Component: component_1755096855205_30.png
centerX: 0.5022168480451431
centerY: 0.04704875962360992
width: 0.04393389762192664
height: 0.03022526375819789
Area: 0.00048431955114358144
CentroidX: 0.5246
CentroidY: 0.0568
