Location: Dedata_29.png_Mean-Medain.png
Component: component_1755504602458_238.png
centerX: 0.3
centerY: 0.48760330578512395
width: 0.0375
height: 0.02336848104873183
Area: 0.00041781961591851367
CentroidX: 0.3180
CentroidY: 0.4978
