Location: Dedata_29.png_Mean-Closing.png
Component: component_1755504603117_283.png
centerX: 0.0625
centerY: 0.5924764890282131
width: 0.043548387096774194
height: 0.025648332858364205
Area: 0.0004041451015361421
CentroidX: 0.0863
CentroidY: 0.6014
