Location: internet_1.png_Mean-Closing.png
Component: component_1755096855118_187.png
centerX: 0.5570334542523177
centerY: 0.5588822355289421
width: 0.049979846835953246
height: 0.028514399771884802
Area: 0.0005237409099575938
CentroidX: 0.5849
CentroidY: 0.5688
