Location: internet_1.png_Mean-Closing.png
Component: component_1755096855126_215.png
centerX: 0.6985086658605401
centerY: 0.65098374679213
width: 0.04353083434099154
height: 0.03022526375819789
Area: 0.000554312575976624
CentroidX: 0.7219
CentroidY: 0.6618
