Location: Dedata_29.png_Otsu.png
Component: component_1755504603640_372.png
centerX: 0.7733870967741936
centerY: 0.6386434881732688
width: 0.031451612903225803
height: 0.02080364776289541
Area: 0.0002788911462690409
CentroidX: 0.7906
CentroidY: 0.6467
