Location: Dedata_29.png_Gaussian-Closing.png
Component: component_1755504603833_120.png
centerX: 0.5044354838709677
centerY: 0.2322599031062981
width: 0.039112903225806454
height: 0.02792818466799658
Area: 0.0004212669724854981
CentroidX: 0.5259
CentroidY: 0.2425
