Location: Dedata_29.png_Mean-Medain.png
Component: component_1755504602356_86.png
centerX: 0.9395161290322581
centerY: 0.17212881162724422
width: 0.03346774193548387
height: 0.02963807352522086
Area: 0.0003874828781290506
CentroidX: 0.9571
CentroidY: 0.1834
