Location: internet_1.png_Otsu.png
Component: component_1755096854539_282.png
centerX: 0.4848851269649335
centerY: 0.13829483889364128
width: 0.035872632003224506
height: 0.027088679783290562
Area: 0.0002629623001937623
CentroidX: 0.5041
CentroidY: 0.1477
