Location: internet_1.png_Gaussian-Median.png
Component: component_1755096854800_95.png
centerX: 0.7855703345425232
centerY: 0.16994582264043342
width: 0.0354695687222894
height: 0.027088679783290562
Area: 0.00037053778663666503
CentroidX: 0.8031
CentroidY: 0.1811
