Location: Dedata_29.png_Gaussian-Closing.png
Component: component_1755504604001_277.png
centerX: 0.7943548387096774
centerY: 0.560843545169564
width: 0.03508064516129032
height: 0.02536335138216016
Area: 0.00032864799271918295
CentroidX: 0.8128
CentroidY: 0.5707
