Location: Dedata_29.png_Mean-Closing.png
Component: component_1755504603157_361.png
centerX: 0.825
centerY: 0.750356226845255
width: 0.03467741935483871
height: 0.02336848104873183
Area: 0.0003503663390911849
CentroidX: 0.8431
CentroidY: 0.7591
