Location: Dedata_29.png_Mean-Medain.png
Component: component_1755504602377_151.png
centerX: 0.05887096774193548
centerY: 0.30094043887147337
width: 0.03467741935483871
height: 0.02821316614420063
Area: 0.00043390727989777437
CentroidX: 0.0787
CentroidY: 0.3111
