Location: Dedata_29.png_Mean-Medain.png
Component: component_1755504602434_232.png
centerX: 0.957258064516129
centerY: 0.475634083784554
width: 0.02943548387096774
height: 0.030208036477628954
Area: 0.00039357320806405647
CentroidX: 0.9734
CentroidY: 0.4865
