Location: internet_1.png_Gaussian-Median.png
Component: component_1755096854832_243.png
centerX: 0.43611446997178555
centerY: 0.5765611633875107
width: 0.04433696090286175
height: 0.02281151981750784
Area: 0.00044328915727593585
CentroidX: 0.4595
CentroidY: 0.5850
