Location: Dedata_29.png_Gaussian-Closing.png
Component: component_1755504603901_165.png
centerX: 0.7108870967741936
centerY: 0.3237389569677971
width: 0.04516129032258064
height: 0.027643203191792535
Area: 0.0004224160913411596
CentroidX: 0.7329
CentroidY: 0.3344
