Location: Dedata_29.png_Gaussian-Closing.png
Component: component_1755504603995_270.png
centerX: 0.0657258064516129
centerY: 0.5522941008834426
width: 0.04314516129032258
height: 0.029353092049016812
Area: 0.0004422958475441032
CentroidX: 0.0881
CentroidY: 0.5629
