Location: Dedata_29.png_Mean-Medain.png
Component: component_1755504602387_177.png
centerX: 0.8104838709677419
centerY: 0.35708178968367055
width: 0.0375
height: 0.028783129096608722
Area: 0.0004586133352944962
CentroidX: 0.8309
CentroidY: 0.3675
