Location: Dedata_29.png_Mean-Closing.png
Component: component_1755504603124_291.png
centerX: 0.7104838709677419
centerY: 0.6058706184098034
width: 0.03225806451612903
height: 0.024223425477343973
Area: 0.0003569163165684553
CentroidX: 0.7271
CentroidY: 0.6153
