Location: internet_1.png_Otsu.png
Component: component_1755096854655_671.png
centerX: 0.2478839177750907
centerY: 0.6926147704590818
width: 0.03869407496977025
height: 0.026518391787852865
Area: 0.000504662351464515
CentroidX: 0.2689
CentroidY: 0.7031
