Location: internet_1.png_Mean-Closing.png
Component: component_1755096855113_172.png
centerX: 0.08786779524385328
centerY: 0.5086968919304249
width: 0.044740024183796856
height: 0.028229255774165955
Area: 0.0005204079087750681
CentroidX: 0.1113
CentroidY: 0.5189
