Location: internet_1.png_Gaussian-Median.png
Component: component_1755096854833_247.png
centerX: 0.2241031841999194
centerY: 0.5950955232392359
width: 0.049576783555018135
height: 0.028514399771884802
Area: 0.0005086849390985978
CentroidX: 0.2503
CentroidY: 0.6045
