Location: Dedata_29.png_Mean-Closing.png
Component: component_1755504603149_343.png
centerX: 0.8016129032258065
centerY: 0.7147335423197492
width: 0.031048387096774193
height: 0.024508406953548018
Area: 0.0003323251730572997
CentroidX: 0.8181
CentroidY: 0.7233
