Location: internet_1.png_Mean-Closing.png
Component: component_1755096855124_210.png
centerX: 0.2926239419588875
centerY: 0.634160250926718
width: 0.04393389762192664
height: 0.031936127744510975
Area: 0.0006207427374766216
CentroidX: 0.3171
CentroidY: 0.6459
