Location: Dedata_29.png_Gaussian-Closing.png
Component: component_1755504604392_349.png
centerX: 0.8927419354838709
centerY: 0.707609005414648
width: 0.03508064516129032
height: 0.023938444001139925
Area: 0.00030899806028737166
CentroidX: 0.9108
CentroidY: 0.7164
