Location: Dedata_29.png_Gaussian-Closing.png
Component: component_1755504603908_176.png
centerX: 0.4584677419354839
centerY: 0.3488173268737532
width: 0.039919354838709675
height: 0.02792818466799658
Area: 0.00044873091313580747
CentroidX: 0.4800
CentroidY: 0.3601
