Location: Dedata_29.png_Mean-Closing.png
Component: component_1755504603161_374.png
centerX: 0.9153225806451613
centerY: 0.780849244799088
width: 0.042741935483870966
height: 0.02707324023938444
Area: 0.00037047591906526074
CentroidX: 0.9372
CentroidY: 0.7912
