Location: Dedata_29.png_Otsu.png
Component: component_1755504603470_183.png
centerX: 0.44798387096774195
centerY: 0.23653462524935878
width: 0.04032258064516129
height: 0.025933314334568254
Area: 0.00035967420182204284
CentroidX: 0.4690
CentroidY: 0.2452
