Location: Dedata_29.png_Mean-Closing.png
Component: component_1755504602990_54.png
centerX: 0.6713709677419355
centerY: 0.11712738671986321
width: 0.035483870967741936
height: 0.027643203191792535
Area: 0.0003700162715229962
CentroidX: 0.6906
CentroidY: 0.1269
