Location: internet_1.png_Otsu.png
Component: component_1755096854682_703.png
centerX: 0.21201128577186618
centerY: 0.7921300256629598
width: 0.04070939137444579
height: 0.02623324779013402
Area: 0.00046926358028458545
CentroidX: 0.2340
CentroidY: 0.8015
