Location: internet_1.png_Mean-Medain.png
Component: component_1755096855223_121.png
centerX: 0.3683998387746876
centerY: 0.2788708297690334
width: 0.04554615074566707
height: 0.028514399771884802
Area: 0.000619248633498248
CentroidX: 0.3918
CentroidY: 0.2894
