Location: internet_1.png_Otsu.png
Component: component_1755096854680_698.png
centerX: 0.5151148730350665
centerY: 0.7696036498431708
width: 0.049576783555018135
height: 0.025377815796977475
Area: 0.0005127075267326807
CentroidX: 0.5416
CentroidY: 0.7786
