Location: internet_1.png_Mean-Closing.png
Component: component_1755096855085_65.png
centerX: 0.7855703345425232
centerY: 0.16966067864271456
width: 0.0354695687222894
height: 0.02737382378100941
Area: 0.0003982361757742073
CentroidX: 0.8030
CentroidY: 0.1807
