Location: Dedata_29.png_Otsu.png
Component: component_1755504603503_219.png
centerX: 0.5020161290322581
centerY: 0.30692504987175834
width: 0.03870967741935484
height: 0.024508406953548018
Area: 0.0003732338043188483
CentroidX: 0.5222
CentroidY: 0.3151
