Location: internet_1.png_Mean-Closing.png
Component: component_1755096855072_16.png
centerX: 0.24989923417976623
centerY: 0.008839463929284289
width: 0.042724707779121324
height: 0.025092671799258625
Area: 0.00046432154404842644
CentroidX: 0.2720
CentroidY: 0.0173
