Location: Dedata_29.png_Otsu.png
Component: component_1755504603536_274.png
centerX: 0.9463709677419355
centerY: 0.4297520661157025
width: 0.034274193548387094
height: 0.028498147620404674
Area: 0.0003756469539157374
CentroidX: 0.9650
CentroidY: 0.4393
