Location: internet_1.png_Mean-Closing.png
Component: component_1755096855092_94.png
centerX: 0.22249093107617895
centerY: 0.2446535500427716
width: 0.04353083434099154
height: 0.025377815796977475
Area: 0.0004677694763062118
CentroidX: 0.2469
CentroidY: 0.2533
