Location: Dedata_29.png_Mean-Medain.png
Component: component_1755504602341_31.png
centerX: 0.010887096774193548
centerY: 0.05386149900256483
width: 0.0375
height: 0.03220290681105728
Area: 0.00042138188437106425
CentroidX: 0.0322
CentroidY: 0.0641
