Location: internet_1.png_Gaussian-Median.png
Component: component_1755096854824_204.png
centerX: 0.6860137041515518
centerY: 0.4448246364414029
width: 0.045949214026602174
height: 0.026518391787852865
Area: 0.00047167713286503515
CentroidX: 0.7100
CentroidY: 0.4550
