Location: Dedata_29.png_Mean-Closing.png
Component: component_1755504603026_116.png
centerX: 0.4475806451612903
centerY: 0.23624964377315474
width: 0.04112903225806452
height: 0.026503277286976348
Area: 0.00041149946221237554
CentroidX: 0.4691
CentroidY: 0.2453
