Location: Dedata_29.png_Mean-Medain.png
Component: component_1755504602608_266.png
centerX: 0.5092741935483871
centerY: 0.54858934169279
width: 0.035483870967741936
height: 0.026788258763180393
Area: 0.0004058687798196343
CentroidX: 0.5274
CentroidY: 0.5590
