Location: Dedata_29.png_Gaussian-Closing.png
Component: component_1755504604038_314.png
centerX: 0.0125
centerY: 0.6355086919350242
width: 0.032661290322580645
height: 0.0262182958107723
Area: 0.00033899006242013623
CentroidX: 0.0303
CentroidY: 0.6452
