Location: internet_1.png_Mean-Closing.png
Component: component_1755096855087_71.png
centerX: 0.4703748488512696
centerY: 0.18733960650128315
width: 0.03506650544135429
height: 0.031080695751354435
Area: 0.0003872027925492942
CentroidX: 0.4901
CentroidY: 0.1980
