Location: internet_1.png_Mean-Closing.png
Component: component_1755096855119_189.png
centerX: 0.5050382910116888
centerY: 0.5677216994582264
width: 0.04433696090286175
height: 0.024522383803820928
Area: 0.0004912154156591521
CentroidX: 0.5303
CentroidY: 0.5776
