Location: Dedata_29.png_Gaussian-Closing.png
Component: component_1755504603938_210.png
centerX: 0.5205645161290322
centerY: 0.42205756625819324
width: 0.03508064516129032
height: 0.02792818466799658
Area: 0.00041287840483916934
CentroidX: 0.5388
CentroidY: 0.4326
