Location: Dedata_29.png_Otsu.png
Component: component_1755504603634_365.png
centerX: 0.11653225806451613
centerY: 0.6263892846964947
width: 0.03346774193548387
height: 0.026788258763180393
Area: 0.00032853308083361676
CentroidX: 0.1335
CentroidY: 0.6366
