Location: Dedata_29.png_Otsu.png
Component: component_1755504603604_345.png
centerX: 0.12258064516129032
centerY: 0.5873468224565404
width: 0.032661290322580645
height: 0.029068110572812767
Area: 0.00032497081238106617
CentroidX: 0.1400
CentroidY: 0.5978
