Location: Kurtxevani_1794_page_10.png_Mean-Medain.png
Component: component_1755610054809_758.png
centerX: 0.4172998246639392
centerY: 0.18245923314235346
width: 0.02162478082992402
height: 0.014543851917144116
Area: 0.00019421682067064563
CentroidX: 0.4280
CentroidY: 0.1883
