Location: Dedata_29.png_Mean-Medain.png
Component: component_1755504602671_333.png
centerX: 0.3326612903225806
centerY: 0.682815616984896
width: 0.035483870967741936
height: 0.024223425477343973
Area: 0.00036427067724468875
CentroidX: 0.3508
CentroidY: 0.6922
