Location: Dedata_29.png_Mean-Medain.png
Component: component_1755504602385_172.png
centerX: 0.5141129032258065
centerY: 0.3451125676831006
width: 0.03064516129032258
height: 0.02365346252493588
Area: 0.00035909964239421214
CentroidX: 0.5304
CentroidY: 0.3537
