Location: internet_1.png_Mean-Closing.png
Component: component_1755096855083_53.png
centerX: 0.5465538089480049
centerY: 0.13373253493013973
width: 0.0354695687222894
height: 0.026518391787852865
Area: 0.00036341205997057535
CentroidX: 0.5653
CentroidY: 0.1435
