Location: Dedata_29.png_Mean-Closing.png
Component: component_1755504603099_246.png
centerX: 0.8766129032258064
centerY: 0.5198062125961812
width: 0.03588709677419355
height: 0.022798518096323737
Area: 0.0003697864477518639
CentroidX: 0.8954
CentroidY: 0.5294
