Location: Kurtxevani_1764_page_10.png_Otsu.png
Component: component_1755610055991_1793.png
centerX: 0.5288025889967638
centerY: 0.7525724976613658
width: 0.02524271844660194
height: 0.01777362020579981
Area: 0.00021887800049043204
CentroidX: 0.5423
CentroidY: 0.7590
