Location: Dedata_29.png_Mean-Closing.png
Component: component_1755504603079_215.png
centerX: 0.7516129032258064
centerY: 0.4468509546879453
width: 0.03508064516129032
height: 0.029923055001424906
Area: 0.00042046258928653507
CentroidX: 0.7713
CentroidY: 0.4572
