Location: Dedata_29.png_Gaussian-Closing.png
Component: component_1755504604013_291.png
centerX: 0.9088709677419354
centerY: 0.5899116557423767
width: 0.025806451612903226
height: 0.022513536620119692
Area: 0.00029417442704933857
CentroidX: 0.9227
CentroidY: 0.5985
