Location: internet_1.png_Gaussian-Median.png
Component: component_1755096854841_287.png
centerX: 0.5578395808141878
centerY: 0.7154262902765897
width: 0.0471584038694075
height: 0.02480752780153978
Area: 0.0005030533164108818
CentroidX: 0.5835
CentroidY: 0.7248
