Location: Dedata_29.png_Mean-Closing.png
Component: component_1755504602923_10.png
centerX: 0.40483870967741936
centerY: 0.005984611000284981
width: 0.0407258064516129
height: 0.029923055001424906
Area: 0.0004511440627326966
CentroidX: 0.4269
CentroidY: 0.0153
