Location: Dedata_29.png_Mean-Medain.png
Component: component_1755504602344_40.png
centerX: 0.540725806451613
centerY: 0.08463949843260188
width: 0.04395161290322581
height: 0.027358221715588486
Area: 0.0003957565338898133
CentroidX: 0.5645
CentroidY: 0.0937
