Location: Dedata_29.png_Mean-Medain.png
Component: component_1755504602395_204.png
centerX: 0.6814516129032258
centerY: 0.4069535480193787
width: 0.04314516129032258
height: 0.026503277286976348
Area: 0.0004493054725636382
CentroidX: 0.7047
CentroidY: 0.4162
