Location: Dedata_29.png_Otsu.png
Component: component_1755504603383_109.png
centerX: 0.25564516129032255
centerY: 0.13451125676831005
width: 0.03669354838709677
height: 0.027358221715588486
Area: 0.0002513122937331654
CentroidX: 0.2765
CentroidY: 0.1438
