Location: internet_1.png_Gaussian-Median.png
Component: component_1755096854818_174.png
centerX: 0.6449012494961709
centerY: 0.3444539492443684
width: 0.04353083434099154
height: 0.027944111776447105
Area: 0.0004170848721167672
CentroidX: 0.6694
CentroidY: 0.3546
