Location: Dedata_29.png_Mean-Closing.png
Component: component_1755504603152_350.png
centerX: 0.6491935483870968
centerY: 0.7312624679395839
width: 0.03588709677419355
height: 0.022513536620119692
Area: 0.00034301197841495143
CentroidX: 0.6690
CentroidY: 0.7394
