Location: Dedata_29.png_Mean-Medain.png
Component: component_1755504602354_80.png
centerX: 0.5383064516129032
centerY: 0.16072955257908236
width: 0.036290322580645164
height: 0.027358221715588486
Area: 0.0004548212430708133
CentroidX: 0.5580
CentroidY: 0.1704
