Location: Dedata_29.png_Otsu.png
Component: component_1755504603288_17.png
centerX: 0.9133064516129032
centerY: 0.04189227700199487
width: 0.04395161290322581
height: 0.02963807352522086
Area: 0.0002822235909504592
CentroidX: 0.9387
CentroidY: 0.0521
