Location: Dedata_29.png_Mean-Closing.png
Component: component_1755504603113_275.png
centerX: 0.589516129032258
centerY: 0.5782274152180108
width: 0.034274193548387094
height: 0.02336848104873183
Area: 0.00035772069976741834
CentroidX: 0.6076
CentroidY: 0.5876
