Location: Dedata_29.png_Otsu.png
Component: component_1755504603613_359.png
centerX: 0.6600806451612903
centerY: 0.6112852664576802
width: 0.03225806451612903
height: 0.024508406953548018
Area: 0.0002940595151637724
CentroidX: 0.6771
CentroidY: 0.6207
