Location: Dedata_29.png_Gaussian-Closing.png
Component: component_1755504604663_367.png
centerX: 0.8758064516129033
centerY: 0.743801652892562
width: 0.04153225806451613
height: 0.024223425477343973
Area: 0.0003526645768025078
CentroidX: 0.8960
CentroidY: 0.7535
