Location: internet_1.png_Gaussian-Median.png
Component: component_1755096854819_179.png
centerX: 0.5106811769447803
centerY: 0.36127744510978044
width: 0.04030632809351068
height: 0.027944111776447105
Area: 0.00046167812931745766
CentroidX: 0.5326
CentroidY: 0.3710
