Location: internet_1.png_Mean-Medain.png
Component: component_1755096855237_188.png
centerX: 0.5824264409512293
centerY: 0.5098374679213002
width: 0.041112454655380895
height: 0.02737382378100941
Area: 0.00047432054759600394
CentroidX: 0.6039
CentroidY: 0.5197
