Location: internet_1.png_Mean-Closing.png
Component: component_1755096855138_249.png
centerX: 0.6493349455864571
centerY: 0.7564870259481038
width: 0.04554615074566707
height: 0.023381807812945538
Area: 0.000545577814256901
CentroidX: 0.6720
CentroidY: 0.7653
