Location: Dedata_29.png_Mean-Medain.png
Component: component_1755504602380_158.png
centerX: 0.4068548387096774
centerY: 0.31547449415787976
width: 0.034274193548387094
height: 0.024223425477343973
Area: 0.0004010424806258561
CentroidX: 0.4245
CentroidY: 0.3248
