Location: Dedata_29.png_Otsu.png
Component: component_1755504603571_315.png
centerX: 0.3721774193548387
centerY: 0.5237959532630379
width: 0.03588709677419355
height: 0.03277286976346538
Area: 0.0003998933617701946
CentroidX: 0.3896
CentroidY: 0.5356
