Location: Dedata_29.png_Otsu.png
Component: component_1755504603311_67.png
centerX: 0.19314516129032258
centerY: 0.09347392419492732
width: 0.041935483870967745
height: 0.026503277286976348
Area: 0.0002739499351896965
CentroidX: 0.2164
CentroidY: 0.1019
