Location: internet_1.png_Mean-Medain.png
Component: component_1755096855210_57.png
centerX: 0.6106408706166868
centerY: 0.12688907898488735
width: 0.039500201531640466
height: 0.029654975762760195
Area: 0.00038731772362455376
CentroidX: 0.6319
CentroidY: 0.1379
