Location: Dedata_29.png_Gaussian-Closing.png
Component: component_1755504603822_96.png
centerX: 0.06653225806451613
centerY: 0.18324308919920204
width: 0.0407258064516129
height: 0.03334283271587347
Area: 0.0004111547265556771
CentroidX: 0.0874
CentroidY: 0.1949
