Location: Dedata_29.png_Gaussian-Closing.png
Component: component_1755504604759_403.png
centerX: 0.010887096774193548
centerY: 0.8218865773724708
width: 0.04032258064516129
height: 0.024793388429752067
Area: 0.00036921188832403313
CentroidX: 0.0332
CentroidY: 0.8306
