Location: Dedata_29.png_Otsu.png
Component: component_1755504603605_347.png
centerX: 0.4915322580645161
centerY: 0.5879167854089484
width: 0.031048387096774193
height: 0.022513536620119692
Area: 0.0002824534147215915
CentroidX: 0.5084
CentroidY: 0.5970
