Location: Dedata_29.png_Gaussian-Closing.png
Component: component_1755504604690_378.png
centerX: 0.22016129032258064
centerY: 0.7688800227985181
width: 0.03951612903225806
height: 0.022513536620119692
Area: 0.00032623484312229383
CentroidX: 0.2410
CentroidY: 0.7776
