Location: internet_1.png_Otsu.png
Component: component_1755096854535_124.png
centerX: 0.524788391777509
centerY: 0.09238665526090675
width: 0.044740024183796856
height: 0.02737382378100941
Area: 0.00026227271374220523
CentroidX: 0.5481
CentroidY: 0.1010
