Location: internet_1.png_Mean-Closing.png
Component: component_1755096855091_91.png
centerX: 0.2845626763401854
centerY: 0.24094667807242656
width: 0.042724707779121324
height: 0.02737382378100941
Area: 0.0005005248327551726
CentroidX: 0.3071
CentroidY: 0.2510
