Location: internet_1.png_Mean-Medain.png
Component: component_1755096855209_50.png
centerX: 0.8976219266424829
centerY: 0.11206159110350727
width: 0.037081821846029824
height: 0.027088679783290562
Area: 0.00039340907061330784
CentroidX: 0.9170
CentroidY: 0.1217
