Location: Dedata_29.png_Otsu.png
Component: component_1755504603642_376.png
centerX: 0.6669354838709678
centerY: 0.6503277286976347
width: 0.031451612903225803
height: 0.019948703334283273
Area: 0.00026487189622997084
CentroidX: 0.6843
CentroidY: 0.6579
