Location: Dedata_29.png_Mean-Closing.png
Component: component_1755504603158_364.png
centerX: 0.7116935483870968
centerY: 0.7591906526075805
width: 0.039112903225806454
height: 0.023083499572527786
Area: 0.00035944437805091056
CentroidX: 0.7320
CentroidY: 0.7684
