Location: internet_1.png_Gaussian-Median.png
Component: component_1755096854784_83.png
centerX: 0.3486497380088674
centerY: 0.14656401482748788
width: 0.0354695687222894
height: 0.027088679783290562
Area: 0.0003168649744904732
CentroidX: 0.3670
CentroidY: 0.1564
