Location: Dedata_29.png_Mean-Closing.png
Component: component_1755504603169_390.png
centerX: 0.5415322580645161
centerY: 0.8161869478483899
width: 0.039112903225806454
height: 0.023083499572527786
Area: 0.00034910230834995723
CentroidX: 0.5613
CentroidY: 0.8255
