Location: internet_1.png_Otsu.png
Component: component_1755096854597_636.png
centerX: 0.4365175332527207
centerY: 0.5765611633875107
width: 0.04393389762192664
height: 0.02281151981750784
Area: 0.00041834911394462185
CentroidX: 0.4596
CentroidY: 0.5849
