Location: internet_1.png_Otsu.png
Component: component_1755096854534_82.png
centerX: 0.9568722289399436
centerY: 0.0718562874251497
width: 0.03506650544135429
height: 0.028229255774165955
Area: 0.00019365886181227688
CentroidX: 0.9748
CentroidY: 0.0803
