Location: internet_1.png_Mean-Medain.png
Component: component_1755096855235_178.png
centerX: 0.9032648125755743
centerY: 0.4773310521813516
width: 0.045949214026602174
height: 0.023096663815226688
Area: 0.00048052682566001757
CentroidX: 0.9273
CentroidY: 0.4864
