Location: internet_1.png_Gaussian-Median.png
Component: component_1755096854826_214.png
centerX: 0.8419991938734381
centerY: 0.48474479612204163
width: 0.04191858121725111
height: 0.024522383803820928
Area: 0.0004494954353399495
CentroidX: 0.8640
CentroidY: 0.4935
