Location: Dedata_29.png_Gaussian-Closing.png
Component: component_1755504603970_243.png
centerX: 0.1971774193548387
centerY: 0.49786263892846966
width: 0.04112903225806452
height: 0.02792818466799658
Area: 0.00041747488026181524
CentroidX: 0.2194
CentroidY: 0.5075
