Location: Dedata_29.png_Gaussian-Closing.png
Component: component_1755504604020_296.png
centerX: 0.8157258064516129
centerY: 0.5970361926474779
width: 0.02943548387096774
height: 0.025078369905956112
Area: 0.0003081936770884086
CentroidX: 0.8313
CentroidY: 0.6062
