Location: Dedata_29.png_Gaussian-Closing.png
Component: component_1755504603940_214.png
centerX: 0.014112903225806451
centerY: 0.42946708463949845
width: 0.03185483870967742
height: 0.02707324023938444
Area: 0.00040403018965057594
CentroidX: 0.0319
CentroidY: 0.4396
