Location: internet_1.png_Gaussian-Median.png
Component: component_1755096854815_168.png
centerX: 0.9254332930270053
centerY: 0.3256344453949244
width: 0.04232164449818621
height: 0.023096663815226688
Area: 0.0004578854038338938
CentroidX: 0.9477
CentroidY: 0.3338
