Location: Dedata_29.png_Gaussian-Closing.png
Component: component_1755504603825_104.png
centerX: 0.4068548387096774
centerY: 0.20404673696209746
width: 0.038306451612903226
height: 0.025648332858364205
Area: 0.000405638956048502
CentroidX: 0.4275
CentroidY: 0.2132
