Location: Dedata_29.png_Mean-Medain.png
Component: component_1755504602372_138.png
centerX: 0.4266129032258065
centerY: 0.2761470504417213
width: 0.045564516129032256
height: 0.027358221715588486
Area: 0.0004547063311852472
CentroidX: 0.4522
CentroidY: 0.2857
