Location: Dedata_29.png_Gaussian-Closing.png
Component: component_1755504604774_413.png
centerX: 0.014112903225806451
centerY: 0.853804502707324
width: 0.03346774193548387
height: 0.02536335138216016
Area: 0.0003346234107686226
CentroidX: 0.0327
CentroidY: 0.8634
