Location: Dedata_29.png_Otsu.png
Component: component_1755504603496_210.png
centerX: 0.20967741935483872
centerY: 0.2909660872043317
width: 0.04435483870967742
height: 0.026788258763180393
Area: 0.0003894363801836752
CentroidX: 0.2331
CentroidY: 0.3005
