Location: internet_1.png_Mean-Medain.png
Component: component_1755096855253_262.png
centerX: 0.20354695687222893
centerY: 0.7453664100370687
width: 0.03869407496977025
height: 0.03022526375819789
Area: 0.0005583351636107069
CentroidX: 0.2256
CentroidY: 0.7576
