Location: Dedata_29.png_Mean-Medain.png
Component: component_1755504602407_221.png
centerX: 0.7512096774193548
centerY: 0.4468509546879453
width: 0.035483870967741936
height: 0.030208036477628954
Area: 0.00042172662002776273
CentroidX: 0.7713
CentroidY: 0.4572
