Location: internet_1.png_Mean-Medain.png
Component: component_1755096855220_103.png
centerX: 0.9121322047561468
centerY: 0.23552894211576847
width: 0.03869407496977025
height: 0.02566295979469632
Area: 0.0004936289682396019
CentroidX: 0.9325
CentroidY: 0.2452
