Location: Dedata_29.png_Mean-Closing.png
Component: component_1755504603075_206.png
centerX: 0.46169354838709675
centerY: 0.42832715873468225
width: 0.04153225806451613
height: 0.02536335138216016
Area: 0.00042207135568446115
CentroidX: 0.4821
CentroidY: 0.4381
