Location: Dedata_29.png_Gaussian-Closing.png
Component: component_1755504604001_276.png
centerX: 0.4092741935483871
centerY: 0.560843545169564
width: 0.03669354838709677
height: 0.026503277286976348
Area: 0.0003732338043188483
CentroidX: 0.4298
CentroidY: 0.5703
