Location: internet_1.png_Otsu.png
Component: component_1755096854547_511.png
centerX: 0.7976622329705764
centerY: 0.2440832620473339
width: 0.03990326481257558
height: 0.024522383803820928
Area: 0.00046225278469375525
CentroidX: 0.8190
CentroidY: 0.2531
