Location: Dedata_29.png_Mean-Closing.png
Component: component_1755504603084_221.png
centerX: 0.12298387096774194
centerY: 0.46309489883157595
width: 0.038306451612903226
height: 0.02336848104873183
Area: 0.0003959863576609456
CentroidX: 0.1417
CentroidY: 0.4728
