Location: Dedata_29.png_Otsu.png
Component: component_1755504603495_209.png
centerX: 0.725
centerY: 0.2889712168709034
width: 0.042741935483870966
height: 0.0262182958107723
Area: 0.0004193134704308736
CentroidX: 0.7475
CentroidY: 0.2988
