Location: Dedata_29.png_Mean-Medain.png
Component: component_1755504602378_153.png
centerX: 0.01129032258064516
centerY: 0.30407523510971785
width: 0.03306451612903226
height: 0.028498147620404674
Area: 0.000461601044319216
CentroidX: 0.0287
CentroidY: 0.3146
