Location: Dedata_29.png_Otsu.png
Component: component_1755504603489_199.png
centerX: 0.5475806451612903
centerY: 0.2690225135366201
width: 0.042741935483870966
height: 0.025648332858364205
Area: 0.00036898206455290085
CentroidX: 0.5699
CentroidY: 0.2780
