Location: Dedata_29.png_Otsu.png
Component: component_1755504603670_433.png
centerX: 0.3375
centerY: 0.7611855229410088
width: 0.03185483870967742
height: 0.02108862923909946
Area: 0.0002608499802351557
CentroidX: 0.3545
CentroidY: 0.7691
