Location: Dedata_29.png_Mean-Closing.png
Component: component_1755504603045_150.png
centerX: 0.5596774193548387
centerY: 0.3037902536335138
width: 0.03387096774193549
height: 0.0262182958107723
Area: 0.000382311843278574
CentroidX: 0.5781
CentroidY: 0.3127
