Location: Paraklitoni_1720_page_10.png_Mean-Medain.png
Component: component_1755610055178_194.png
centerX: 0.7560975609756098
centerY: 0.07769423558897243
width: 0.018292682926829267
height: 0.011027568922305764
Area: 8.519775047374534e-05
CentroidX: 0.7653
CentroidY: 0.0813
