Location: internet_1.png_Mean-Medain.png
Component: component_1755096855218_94.png
centerX: 0.09189842805320435
centerY: 0.2107214143142287
width: 0.037484885126964934
height: 0.02879954376960365
Area: 0.00044846105566261383
CentroidX: 0.1118
CentroidY: 0.2219
