Location: internet_1.png_Otsu.png
Component: component_1755096854559_587.png
centerX: 0.013301088270858524
centerY: 0.4126033646991731
width: 0.045949214026602174
height: 0.03136583974907328
Area: 0.0005623577512447898
CentroidX: 0.0378
CentroidY: 0.4235
