Location: Dedata_29.png_Gaussian-Closing.png
Component: component_1755504604071_335.png
centerX: 0.3903225806451613
centerY: 0.6785408948418353
width: 0.039112903225806454
height: 0.02336848104873183
Area: 0.0003415181239025915
CentroidX: 0.4099
CentroidY: 0.6878
