Location: internet_1.png_Gaussian-Median.png
Component: component_1755096854830_234.png
centerX: 0.6287787182587666
centerY: 0.5511833475905332
width: 0.051592099959693674
height: 0.025092671799258625
Area: 0.0005023637299593248
CentroidX: 0.6571
CentroidY: 0.5602
