Location: internet_1.png_Gaussian-Median.png
Component: component_1755096854834_253.png
centerX: 0.08746473196291818
centerY: 0.6090675791274593
width: 0.0475614671503426
height: 0.02594810379241517
Area: 0.000495238003293235
CentroidX: 0.1134
CentroidY: 0.6182
