Location: internet_1.png_Otsu.png
Component: component_1755096854533_72.png
centerX: 0.177347843611447
centerY: 0.06529797547761619
width: 0.04232164449818621
height: 0.026518391787852865
Area: 0.0003688138205077724
CentroidX: 0.1988
CentroidY: 0.0748
