Location: Dedata_29.png_Mean-Medain.png
Component: component_1755504602393_199.png
centerX: 0.8580645161290322
centerY: 0.39355941863778854
width: 0.03387096774193549
height: 0.03305785123966942
Area: 0.00046286507506044367
CentroidX: 0.8763
CentroidY: 0.4042
