Location: Dedata_29.png_Mean-Closing.png
Component: component_1755504603158_366.png
centerX: 0.2818548387096774
centerY: 0.7643203191792534
width: 0.03467741935483871
height: 0.022798518096323737
Area: 0.00031083665045643003
CentroidX: 0.3008
CentroidY: 0.7726
