Location: Dedata_29.png_Otsu.png
Component: component_1755504603663_422.png
centerX: 0.5399193548387097
centerY: 0.7415218010829296
width: 0.034274193548387094
height: 0.02080364776289541
Area: 0.00028429200489064985
CentroidX: 0.5587
CentroidY: 0.7490
