Location: Dedata_29.png_Mean-Closing.png
Component: component_1755504603128_301.png
centerX: 0.8709677419354839
centerY: 0.627529210601311
width: 0.03508064516129032
height: 0.025078369905956112
Area: 0.0003379558554500409
CentroidX: 0.8902
CentroidY: 0.6359
