Location: Dedata_29.png_Mean-Closing.png
Component: component_1755504603090_230.png
centerX: 0.3495967741935484
centerY: 0.48304360216585923
width: 0.03588709677419355
height: 0.0262182958107723
Area: 0.00040506439662067127
CentroidX: 0.3698
CentroidY: 0.4921
