Location: Dedata_29.png_Mean-Medain.png
Component: component_1755504602378_155.png
centerX: 0.5016129032258064
centerY: 0.3066400683955543
width: 0.03951612903225806
height: 0.025078369905956112
Area: 0.0004288511569328639
CentroidX: 0.5223
CentroidY: 0.3153
