Location: internet_1.png_Mean-Closing.png
Component: component_1755096855107_144.png
centerX: 0.5308343409915357
centerY: 0.4091816367265469
width: 0.045949214026602174
height: 0.02594810379241517
Area: 0.0005070759040449647
CentroidX: 0.5557
CentroidY: 0.4191
