Location: Dedata_29.png_Mean-Medain.png
Component: component_1755504602525_243.png
centerX: 0.6794354838709677
centerY: 0.5007124536905101
width: 0.03669354838709677
height: 0.025933314334568254
Area: 0.00042471432905248255
CentroidX: 0.6965
CentroidY: 0.5109
