Location: internet_1.png_Otsu.png
Component: component_1755096854687_709.png
centerX: 0.07900040306328093
centerY: 0.8445965212432278
width: 0.049576783555018135
height: 0.02879954376960365
Area: 0.0005763793424264502
CentroidX: 0.1060
CentroidY: 0.8547
