Location: Dedata_29.png_Otsu.png
Component: component_1755504603654_400.png
centerX: 0.1217741935483871
centerY: 0.701054431461955
width: 0.031048387096774193
height: 0.024508406953548018
Area: 0.00026464207245883856
CentroidX: 0.1390
CentroidY: 0.7093
