Location: Dedata_29.png_Mean-Medain.png
Component: component_1755504602699_365.png
centerX: 0.008467741935483872
centerY: 0.7466514676546024
width: 0.0407258064516129
height: 0.023083499572527786
Area: 0.0003653048842147841
CentroidX: 0.0308
CentroidY: 0.7549
