Location: internet_1.png_Gaussian-Median.png
Component: component_1755096854822_196.png
centerX: 0.9343006852075776
centerY: 0.41916167664670656
width: 0.04353083434099154
height: 0.025377815796977475
Area: 0.00042030294222403355
CentroidX: 0.9564
CentroidY: 0.4279
