Location: Dedata_29.png_Mean-Medain.png
Component: component_1755504602330_7.png
centerX: 0.014112903225806451
centerY: 0.005984611000284981
width: 0.03508064516129032
height: 0.03362781419207751
Area: 0.00043310289669881133
CentroidX: 0.0343
CentroidY: 0.0176
