Location: Dedata_29.png_Otsu.png
Component: component_1755504603641_374.png
centerX: 0.7233870967741935
centerY: 0.6440581362211456
width: 0.029838709677419355
height: 0.022228555143915644
Area: 0.00027015784296601365
CentroidX: 0.7398
CentroidY: 0.6520
