Location: internet_1.png_Mean-Medain.png
Component: component_1755096855233_172.png
centerX: 0.08988311164852882
centerY: 0.4548046763615626
width: 0.04796453043127771
height: 0.02765896777872826
Area: 0.0005312114298494621
CentroidX: 0.1156
CentroidY: 0.4644
