Location: Dedata_29.png_Gaussian-Closing.png
Component: component_1755504603961_236.png
centerX: 0.8762096774193548
centerY: 0.4824736392134511
width: 0.037096774193548385
height: 0.03277286976346538
Area: 0.0003895512920692413
CentroidX: 0.8950
CentroidY: 0.4943
