Location: internet_1.png_Mean-Medain.png
Component: component_1755096855223_124.png
centerX: 0.2958484482063684
centerY: 0.28542914171656686
width: 0.04070939137444579
height: 0.026803535785571715
Area: 0.0005777585153295643
CentroidX: 0.3175
CentroidY: 0.2956
