Location: internet_1.png_Otsu.png
Component: component_1755096854567_605.png
centerX: 0.9036678758565094
centerY: 0.47790134017678926
width: 0.04514308746473196
height: 0.022526375819788995
Area: 0.000430072083621092
CentroidX: 0.9273
CentroidY: 0.4864
