Location: Kurtxevani_1764_page_10.png_Otsu.png
Component: component_1755610055958_1474.png
centerX: 0.18122977346278318
centerY: 0.6010289990645463
width: 0.027184466019417475
height: 0.01777362020579981
Area: 0.0002821497876308197
CentroidX: 0.1954
CentroidY: 0.6080
