Location: Dedata_29.png_Otsu.png
Component: component_1755504603580_323.png
centerX: 0.5641129032258064
centerY: 0.542319749216301
width: 0.032661290322580645
height: 0.024223425477343973
Area: 0.00033899006242013623
CentroidX: 0.5818
CentroidY: 0.5516
