Location: Dedata_29.png_Mean-Medain.png
Component: component_1755504602368_125.png
centerX: 0.7629032258064516
centerY: 0.2519236249643773
width: 0.03669354838709677
height: 0.027358221715588486
Area: 0.00040690298678972963
CentroidX: 0.7835
CentroidY: 0.2613
