Location: internet_1.png_Gaussian-Median.png
Component: component_1755096854824_202.png
centerX: 0.23982265215638857
centerY: 0.43969204448246363
width: 0.04514308746473196
height: 0.026803535785571715
Area: 0.0004778834109290488
CentroidX: 0.2647
CentroidY: 0.4494
