Location: internet_1.png_Gaussian-Median.png
Component: component_1755096854803_108.png
centerX: 0.4703748488512696
centerY: 0.18733960650128315
width: 0.03506650544135429
height: 0.031080695751354435
Area: 0.00034341405287542035
CentroidX: 0.4903
CentroidY: 0.1986
