Location: Dedata_29.png_Mean-Medain.png
Component: component_1755504602347_50.png
centerX: 0.9435483870967742
centerY: 0.10686805357651753
width: 0.03588709677419355
height: 0.03419777714448561
Area: 0.0004586133352944962
CentroidX: 0.9623
CentroidY: 0.1196
