Location: internet_1.png_Mean-Medain.png
Component: component_1755096855214_82.png
centerX: 0.4703748488512696
centerY: 0.18676931850584544
width: 0.03506650544135429
height: 0.03165098374679213
Area: 0.0004026035566340688
CentroidX: 0.4901
CentroidY: 0.1978
