Location: internet_1.png_Mean-Closing.png
Component: component_1755096855086_69.png
centerX: 0.5957275292220878
centerY: 0.17821499857428
width: 0.039500201531640466
height: 0.028229255774165955
Area: 0.0004180043207188433
CentroidX: 0.6177
CentroidY: 0.1885
