Location: Dedata_29.png_Gaussian-Closing.png
Component: component_1755504603906_174.png
centerX: 0.010080645161290322
centerY: 0.3448275862068966
width: 0.039919354838709675
height: 0.027643203191792535
Area: 0.00042701256676380553
CentroidX: 0.0319
CentroidY: 0.3552
