Location: internet_1.png_Mean-Closing.png
Component: component_1755096855109_153.png
centerX: 0.23982265215638857
centerY: 0.43969204448246363
width: 0.04554615074566707
height: 0.026518391787852865
Area: 0.0005055818000665911
CentroidX: 0.2648
CentroidY: 0.4493
