Location: Dedata_29.png_Gaussian-Closing.png
Component: component_1755504604754_400.png
centerX: 0.5415322580645161
centerY: 0.8164719293245939
width: 0.039112903225806454
height: 0.022798518096323737
Area: 0.00032129363204294945
CentroidX: 0.5612
CentroidY: 0.8255
