Location: internet_1.png_Otsu.png
Component: component_1755096854528_26.png
centerX: 0.5792019347037485
centerY: 0.007984031936127744
width: 0.04796453043127771
height: 0.032506415739948676
Area: 0.0005240857031833724
CentroidX: 0.6046
CentroidY: 0.0193
