Location: internet_1.png_Otsu.png
Component: component_1755096854529_30.png
centerX: 0.08746473196291818
centerY: 0.01311662389506701
width: 0.05239822652156389
height: 0.029654975762760195
Area: 0.0004512194014688421
CentroidX: 0.1164
CentroidY: 0.0222
