Location: Dedata_29.png_Otsu.png
Component: component_1755504603476_190.png
centerX: 0.7629032258064516
centerY: 0.25220860644058135
width: 0.036290322580645164
height: 0.026788258763180393
Area: 0.00035841017108081524
CentroidX: 0.7833
CentroidY: 0.2612
