Location: Dedata_29.png_Otsu.png
Component: component_1755504603677_452.png
centerX: 0.2717741935483871
centerY: 0.8019378740381875
width: 0.03467741935483871
height: 0.02365346252493588
Area: 0.00027831658684121014
CentroidX: 0.2906
CentroidY: 0.8107
