Location: Dedata_29.png_Mean-Medain.png
Component: component_1755504602580_247.png
centerX: 0.07056451612903226
centerY: 0.5106868053576518
width: 0.0467741935483871
height: 0.028783129096608722
Area: 0.0004943509317055681
CentroidX: 0.0944
CentroidY: 0.5212
