Location: internet_1.png_Mean-Medain.png
Component: component_1755096855244_224.png
centerX: 0.35792019347037485
centerY: 0.6307385229540918
width: 0.05078597339782346
height: 0.02737382378100941
Area: 0.0005618980269437517
CentroidX: 0.3852
CentroidY: 0.6405
