Location: internet_1.png_Mean-Closing.png
Component: component_1755096855080_44.png
centerX: 0.9520354695687223
centerY: 0.10664385514684915
width: 0.035872632003224506
height: 0.027088679783290562
Area: 0.00038249061846365424
CentroidX: 0.9719
CentroidY: 0.1167
