Location: internet_1.png_Gaussian-Median.png
Component: component_1755096854802_102.png
centerX: 0.5957275292220878
centerY: 0.17792985457656116
width: 0.039500201531640466
height: 0.02879954376960365
Area: 0.00037846803082957134
CentroidX: 0.6177
CentroidY: 0.1891
