Location: Dedata_29.png_Mean-Closing.png
Component: component_1755504603102_251.png
centerX: 0.32056451612903225
centerY: 0.530635508691935
width: 0.03508064516129032
height: 0.029353092049016812
Area: 0.00042873624504729776
CentroidX: 0.3401
CentroidY: 0.5404
