Location: internet_1.png_Otsu.png
Component: component_1755096854530_41.png
centerX: 0.6706972994760177
centerY: 0.044767607641859136
width: 0.03990326481257558
height: 0.02765896777872826
Area: 0.00033973625846711597
CentroidX: 0.6935
CentroidY: 0.0540
