Location: internet_1.png_Gaussian-Median.png
Component: component_1755096854838_274.png
centerX: 0.34945586457073763
centerY: 0.6812090105503279
width: 0.041112454655380895
height: 0.033361847733105215
Area: 0.0005832752069420209
CentroidX: 0.3733
CentroidY: 0.6931
