Location: Dedata_29.png_Mean-Closing.png
Component: component_1755504603022_106.png
centerX: 0.7774193548387097
centerY: 0.21630094043887146
width: 0.03588709677419355
height: 0.031062980906241093
Area: 0.00042436959339578413
CentroidX: 0.7958
CentroidY: 0.2276
