Location: internet_1.png_Gaussian-Median.png
Component: component_1755096854777_50.png
centerX: 0.6888351471180976
centerY: 0.07927003136583975
width: 0.04353083434099154
height: 0.03051040775591674
Area: 0.0004231762191055213
CentroidX: 0.7110
CentroidY: 0.0898
