Location: Dedata_29.png_Mean-Closing.png
Component: component_1755504603150_345.png
centerX: 0.33830645161290324
centerY: 0.71900826446281
width: 0.032661290322580645
height: 0.02821316614420063
Area: 0.0003750723944879067
CentroidX: 0.3568
CentroidY: 0.7299
