Location: Dedata_29.png_Otsu.png
Component: component_1755504603641_373.png
centerX: 0.3866935483870968
centerY: 0.640353377030493
width: 0.031048387096774193
height: 0.022798518096323737
Area: 0.00028394726923395143
CentroidX: 0.4021
CentroidY: 0.6500
