Location: Dedata_29.png_Gaussian-Closing.png
Component: component_1755504603789_14.png
centerX: 0.6451612903225806
centerY: 0.005984611000284981
width: 0.038306451612903226
height: 0.03590766600170989
Area: 0.00040403018965057594
CentroidX: 0.6673
CentroidY: 0.0175
