Location: Dedata_29.png_Mean-Closing.png
Component: component_1755504603062_179.png
centerX: 0.2439516129032258
centerY: 0.36620119692220005
width: 0.04112903225806452
height: 0.027358221715588486
Area: 0.0004485010893646752
CentroidX: 0.2647
CentroidY: 0.3769
