Location: Dedata_29.png_Mean-Closing.png
Component: component_1755504603115_280.png
centerX: 0.12217741935483871
centerY: 0.5870618409803363
width: 0.03346774193548387
height: 0.029353092049016812
Area: 0.00038070307688064793
CentroidX: 0.1400
CentroidY: 0.5979
