Location: Dedata_29.png_Mean-Closing.png
Component: component_1755504603112_274.png
centerX: 0.6427419354838709
centerY: 0.5753776004559704
width: 0.032661290322580645
height: 0.021373610715303505
Area: 0.00031451383079454675
CentroidX: 0.6603
CentroidY: 0.5835
