Location: internet_1.png_Otsu.png
Component: component_1755096854535_106.png
centerX: 0.6054010479645304
centerY: 0.0855431993156544
width: 0.03869407496977025
height: 0.028229255774165955
Area: 0.0002770988224506822
CentroidX: 0.6255
CentroidY: 0.0949
