Location: Dedata_29.png_Otsu.png
Component: component_1755504603638_367.png
centerX: 0.8717741935483871
centerY: 0.627814192077515
width: 0.034274193548387094
height: 0.024508406953548018
Area: 0.0002784314987267763
CentroidX: 0.8904
CentroidY: 0.6359
