Location: Dedata_29.png_Otsu.png
Component: component_1755504603646_383.png
centerX: 0.9443548387096774
centerY: 0.664576802507837
width: 0.03467741935483871
height: 0.02336848104873183
Area: 0.00027670782044328406
CentroidX: 0.9621
CentroidY: 0.6728
