Location: Dedata_29.png_Otsu.png
Component: component_1755504603279_10.png
centerX: 0.40524193548387094
centerY: 0.006269592476489028
width: 0.039919354838709675
height: 0.029068110572812767
Area: 0.0003717399498064884
CentroidX: 0.4267
CentroidY: 0.0153
