Location: Kurtxevani_1794_page_10.png_Mean-Medain.png
Component: component_1755610055034_1929.png
centerX: 0.38223261250730567
centerY: 0.5936535918907008
width: 0.030391583869082407
height: 0.021154693697664168
Area: 0.0002738096556669712
CentroidX: 0.3984
CentroidY: 0.6016
