Location: internet_1.png_Mean-Closing.png
Component: component_1755096855129_221.png
centerX: 0.46916565900846435
centerY: 0.6732249786142002
width: 0.0471584038694075
height: 0.02765896777872826
Area: 0.0005514392990951362
CentroidX: 0.4939
CentroidY: 0.6828
