Location: Dedata_29.png_Mean-Medain.png
Component: component_1755504602334_23.png
centerX: 0.6028225806451613
centerY: 0.0481618694784839
width: 0.04112903225806452
height: 0.025078369905956112
Area: 0.00036369611781685804
CentroidX: 0.6257
CentroidY: 0.0564
