Location: internet_1.png_Mean-Medain.png
Component: component_1755096855208_49.png
centerX: 0.1829907295445385
centerY: 0.11063587111491303
width: 0.051592099959693674
height: 0.03022526375819789
Area: 0.0004901810359818165
CentroidX: 0.2105
CentroidY: 0.1205
