Location: Dedata_29.png_Otsu.png
Component: component_1755504603505_221.png
centerX: 0.4532258064516129
centerY: 0.31262467939583927
width: 0.037096774193548385
height: 0.024793388429752067
Area: 0.00034760845383759734
CentroidX: 0.4722
CentroidY: 0.3220
