Location: Dedata_29.png_Otsu.png
Component: component_1755504603652_396.png
centerX: 0.657258064516129
centerY: 0.6893701909375891
width: 0.032661290322580645
height: 0.021373610715303505
Area: 0.0002667104863990292
CentroidX: 0.6749
CentroidY: 0.6974
