Location: Dedata_29.png_Mean-Medain.png
Component: component_1755504602342_34.png
centerX: 0.8653225806451613
centerY: 0.07722998005129666
width: 0.045564516129032256
height: 0.03220290681105728
Area: 0.00045424668364298256
CentroidX: 0.8890
CentroidY: 0.0880
