Location: Dedata_29.png_Mean-Medain.png
Component: component_1755504602356_87.png
centerX: 0.25725806451612904
centerY: 0.17469364491308065
width: 0.039112903225806454
height: 0.03163294385864919
Area: 0.0004711387308212063
CentroidX: 0.2779
CentroidY: 0.1855
