Location: Dedata_29.png_Gaussian-Closing.png
Component: component_1755504603904_170.png
centerX: 0.6108870967741935
centerY: 0.33371330863493875
width: 0.034274193548387094
height: 0.024508406953548018
Area: 0.00036691365061271015
CentroidX: 0.6293
CentroidY: 0.3433
