Location: Dedata_29.png_Mean-Closing.png
Component: component_1755504603087_224.png
centerX: 0.4645161290322581
centerY: 0.47050441721288117
width: 0.04758064516129032
height: 0.030493017953833
Area: 0.0004889500730839592
CentroidX: 0.4882
CentroidY: 0.4821
