Location: Dedata_29.png_Gaussian-Closing.png
Component: component_1755504603907_175.png
centerX: 0.5145161290322581
centerY: 0.3451125676831006
width: 0.03024193548387097
height: 0.023938444001139925
Area: 0.00033910497430570237
CentroidX: 0.5305
CentroidY: 0.3539
