Location: internet_1.png_Otsu.png
Component: component_1755096854553_564.png
centerX: 0.7916162837565498
centerY: 0.3324779013401768
width: 0.04675534058847239
height: 0.02623324779013402
Area: 0.00047742368662801073
CentroidX: 0.8179
CentroidY: 0.3417
