Location: Dedata_29.png_Mean-Medain.png
Component: component_1755504602642_302.png
centerX: 0.5443548387096774
centerY: 0.6204046736962098
width: 0.03951612903225806
height: 0.025933314334568254
Area: 0.0003857591998455584
CentroidX: 0.5661
CentroidY: 0.6309
