Location: Dedata_29.png_Mean-Closing.png
Component: component_1755504603077_211.png
centerX: 0.34475806451612906
centerY: 0.4377315474494158
width: 0.04233870967741935
height: 0.024223425477343973
Area: 0.00042207135568446115
CentroidX: 0.3670
CentroidY: 0.4470
