Location: Dedata_29.png_Mean-Closing.png
Component: component_1755504603173_400.png
centerX: 0.12701612903225806
centerY: 0.8469649472784269
width: 0.03346774193548387
height: 0.024223425477343973
Area: 0.00034933213212108956
CentroidX: 0.1453
CentroidY: 0.8565
