Location: Dedata_29.png_Gaussian-Closing.png
Component: component_1755504603861_148.png
centerX: 0.7245967741935484
centerY: 0.28868623539469934
width: 0.04314516129032258
height: 0.026788258763180393
Area: 0.00045620018569760706
CentroidX: 0.7476
CentroidY: 0.2989
