Location: internet_1.png_Otsu.png
Component: component_1755096854530_39.png
centerX: 0.8976219266424829
centerY: 0.039635015682919876
width: 0.041515517936316
height: 0.028514399771884802
Area: 0.0003715721663140007
CentroidX: 0.9200
CentroidY: 0.0488
