Location: internet_1.png_Gaussian-Median.png
Component: component_1755096854839_279.png
centerX: 0.814993954050786
centerY: 0.6937553464499572
width: 0.04836759371221282
height: 0.03022526375819789
Area: 0.0005327055338278357
CentroidX: 0.8400
CentroidY: 0.7033
