Location: Dedata_29.png_Mean-Closing.png
Component: component_1755504603027_117.png
centerX: 0.9229838709677419
centerY: 0.23995440296380735
width: 0.0375
height: 0.0262182958107723
Area: 0.00042632309545040864
CentroidX: 0.9437
CentroidY: 0.2499
