Location: Dedata_29.png_Otsu.png
Component: component_1755504603596_337.png
centerX: 0.6963709677419355
centerY: 0.5708178968367056
width: 0.03467741935483871
height: 0.024793388429752067
Area: 0.00027946570569687166
CentroidX: 0.7148
CentroidY: 0.5799
