Location: Dedata_29.png_Mean-Closing.png
Component: component_1755504603018_97.png
centerX: 0.5133064516129032
centerY: 0.19863208891422057
width: 0.03669354838709677
height: 0.025933314334568254
Area: 0.0004324134253854145
CentroidX: 0.5347
CentroidY: 0.2082
