Location: Dedata_29.png_Mean-Medain.png
Component: component_1755504602377_150.png
centerX: 0.6096774193548387
centerY: 0.3000854944428612
width: 0.039919354838709675
height: 0.023083499572527786
Area: 0.0004202327655154028
CentroidX: 0.6318
CentroidY: 0.3085
