Location: Dedata_29.png_Mean-Medain.png
Component: component_1755504602375_146.png
centerX: 0.20927419354838708
centerY: 0.29068110572812766
width: 0.04516129032258064
height: 0.027358221715588486
Area: 0.0004440195258275954
CentroidX: 0.2331
CentroidY: 0.3005
