Location: internet_1.png_Mean-Closing.png
Component: component_1755096855079_41.png
centerX: 0.3534864973800887
centerY: 0.09751924721984602
width: 0.05038291011688835
height: 0.029654975762760195
Area: 0.0005462674007084582
CentroidX: 0.3797
CentroidY: 0.1075
