Location: Dedata_29.png_Mean-Closing.png
Component: component_1755504602992_57.png
centerX: 0.5548387096774193
centerY: 0.12510686805357651
width: 0.03669354838709677
height: 0.028783129096608722
Area: 0.0003874828781290506
CentroidX: 0.5747
CentroidY: 0.1342
