Location: internet_1.png_Mean-Closing.png
Component: component_1755096855106_138.png
centerX: 0.732365981459089
centerY: 0.3852295409181637
width: 0.04514308746473196
height: 0.029369831765041345
Area: 0.0005381072943650328
CentroidX: 0.7578
CentroidY: 0.3963
