Location: Dedata_29.png_Gaussian-Closing.png
Component: component_1755504603806_51.png
centerX: 0.012903225806451613
centerY: 0.09717868338557993
width: 0.04516129032258064
height: 0.029353092049016812
Area: 0.0004051793085062374
CentroidX: 0.0377
CentroidY: 0.1063
