Location: Dedata_29.png_Otsu.png
Component: component_1755504603287_15.png
centerX: 0.9028225806451613
centerY: 0.008264462809917356
width: 0.034274193548387094
height: 0.026503277286976348
Area: 0.0003148585664512452
CentroidX: 0.9223
CentroidY: 0.0170
