Location: Dedata_29.png_Otsu.png
Component: component_1755504603660_415.png
centerX: 0.2862903225806452
centerY: 0.7261328013679111
width: 0.031451612903225803
height: 0.02336848104873183
Area: 0.0002608499802351557
CentroidX: 0.3032
CentroidY: 0.7348
