Location: Dedata_29.png_Gaussian-Closing.png
Component: component_1755504604711_383.png
centerX: 0.4915322580645161
centerY: 0.780849244799088
width: 0.042741935483870966
height: 0.024223425477343973
Area: 0.00036633909118487945
CentroidX: 0.5124
CentroidY: 0.7904
