Location: internet_1.png_Otsu.png
Component: component_1755096854589_621.png
centerX: 0.38814993954050786
centerY: 0.5295124037639007
width: 0.04836759371221282
height: 0.026803535785571715
Area: 0.00046696495877939523
CentroidX: 0.4139
CentroidY: 0.5389
