Location: Dedata_29.png_Mean-Closing.png
Component: component_1755504603148_341.png
centerX: 0.8483870967741935
centerY: 0.7115987460815048
width: 0.03467741935483871
height: 0.022798518096323737
Area: 0.0003559970214839261
CentroidX: 0.8665
CentroidY: 0.7203
