Location: Dedata_29.png_Otsu.png
Component: component_1755504603567_311.png
centerX: 0.4681451612903226
centerY: 0.5158164719293246
width: 0.038306451612903226
height: 0.029068110572812767
Area: 0.00037748554408479577
CentroidX: 0.4888
CentroidY: 0.5258
