Location: internet_1.png_Mean-Closing.png
Component: component_1755096855074_23.png
centerX: 0.6706972994760177
centerY: 0.044767607641859136
width: 0.03990326481257558
height: 0.027944111776447105
Area: 0.0004598392321133055
CentroidX: 0.6926
CentroidY: 0.0546
