Location: Dedata_29.png_Mean-Closing.png
Component: component_1755504603081_218.png
centerX: 0.644758064516129
centerY: 0.45483043602165857
width: 0.04233870967741935
height: 0.03305785123966942
Area: 0.0004724027615624339
CentroidX: 0.6662
CentroidY: 0.4662
