Location: Dedata_29.png_Mean-Medain.png
Component: component_1755504602606_264.png
centerX: 0.17459677419354838
centerY: 0.542604730692505
width: 0.03951612903225806
height: 0.03134796238244514
Area: 0.00046309489883157595
CentroidX: 0.1949
CentroidY: 0.5539
