Location: internet_1.png_Otsu.png
Component: component_1755096854544_455.png
centerX: 0.16928657799274485
centerY: 0.2055888223552894
width: 0.03466344216041919
height: 0.026803535785571715
Area: 0.00023480418675518198
CentroidX: 0.1870
CentroidY: 0.2147
