Location: Kurtxevani_1764_page_10.png_Otsu.png
Component: component_1755610055903_1050.png
centerX: 0.5611650485436893
centerY: 0.3877455565949485
width: 0.02524271844660194
height: 0.01777362020579981
Area: 0.0002458214887942335
CentroidX: 0.5744
CentroidY: 0.3946
