Location: Dedata_29.png_Gaussian-Closing.png
Component: component_1755504604739_393.png
centerX: 0.6983870967741935
centerY: 0.799373040752351
width: 0.03588709677419355
height: 0.026503277286976348
Area: 0.000316237509078039
CentroidX: 0.7178
CentroidY: 0.8091
