Location: Dedata_29.png_Gaussian-Closing.png
Component: component_1755504604643_356.png
centerX: 0.7532258064516129
centerY: 0.719293245939014
width: 0.034274193548387094
height: 0.0219435736677116
Area: 0.00031715680416256816
CentroidX: 0.7708
CentroidY: 0.7284
