Location: Dedata_29.png_Mean-Medain.png
Component: component_1755504602331_12.png
centerX: 0.7104838709677419
centerY: 0.005699629524080934
width: 0.0407258064516129
height: 0.03134796238244514
Area: 0.00041816435157521214
CentroidX: 0.7342
CentroidY: 0.0158
