Location: Dedata_29.png_Gaussian-Closing.png
Component: component_1755504603835_126.png
centerX: 0.817741935483871
centerY: 0.24907381020233685
width: 0.03951612903225806
height: 0.029353092049016812
Area: 0.0004116143740979417
CentroidX: 0.8381
CentroidY: 0.2599
