Location: internet_1.png_Mean-Closing.png
Component: component_1755096855102_121.png
centerX: 0.3538895606610238
centerY: 0.3296264613629883
width: 0.04877065699314793
height: 0.026518391787852865
Area: 0.0005777585153295643
CentroidX: 0.3795
CentroidY: 0.3386
