Location: Dedata_29.png_Otsu.png
Component: component_1755504603600_340.png
centerX: 0.6431451612903226
centerY: 0.5756625819321745
width: 0.03185483870967742
height: 0.02080364776289541
Area: 0.000258781566294965
CentroidX: 0.6602
CentroidY: 0.5835
