Location: Dedata_29.png_Mean-Medain.png
Component: component_1755504602621_277.png
centerX: 0.6955645161290323
centerY: 0.5705329153605015
width: 0.03588709677419355
height: 0.02536335138216016
Area: 0.00033910497430570237
CentroidX: 0.7147
CentroidY: 0.5799
