Location: Dedata_29.png_Gaussian-Closing.png
Component: component_1755504603897_164.png
centerX: 0.3495967741935484
centerY: 0.3211741236819607
width: 0.052016129032258066
height: 0.030493017953833
Area: 0.0004764246775572491
CentroidX: 0.3741
CentroidY: 0.3325
