Location: internet_1.png_Otsu.png
Component: component_1755096854673_690.png
centerX: 0.7714631197097944
centerY: 0.7493584260051326
width: 0.044740024183796856
height: 0.025377815796977475
Area: 0.000479722308133201
CentroidX: 0.7952
CentroidY: 0.7579
