Location: Dedata_29.png_Gaussian-Closing.png
Component: component_1755504604070_332.png
centerX: 0.44879032258064516
centerY: 0.6722713023653463
width: 0.03346774193548387
height: 0.023938444001139925
Area: 0.0003183059230182296
CentroidX: 0.4663
CentroidY: 0.6808
