Location: Dedata_29.png_Otsu.png
Component: component_1755504603304_40.png
centerX: 0.06935483870967742
centerY: 0.05585636933599316
width: 0.04032258064516129
height: 0.028783129096608722
Area: 0.0003137094475955837
CentroidX: 0.0916
CentroidY: 0.0640
