Location: Dedata_29.png_Mean-Closing.png
Component: component_1755504603132_308.png
centerX: 0.722983870967742
centerY: 0.6440581362211456
width: 0.03064516129032258
height: 0.022228555143915644
Area: 0.00033117605420163816
CentroidX: 0.7398
CentroidY: 0.6521
