Location: internet_1.png_Otsu.png
Component: component_1755096854544_476.png
centerX: 0.7291414752116082
centerY: 0.2090105503279156
width: 0.03506650544135429
height: 0.025092671799258625
Area: 0.0004022587634082902
CentroidX: 0.7473
CentroidY: 0.2181
