Location: Dedata_29.png_Otsu.png
Component: component_1755504603595_335.png
centerX: 0.7508064516129033
centerY: 0.567113137646053
width: 0.03225806451612903
height: 0.023938444001139925
Area: 0.00028360253357725295
CentroidX: 0.7661
CentroidY: 0.5766
