Location: Dedata_29.png_Mean-Medain.png
Component: component_1755504602342_35.png
centerX: 0.9290322580645162
centerY: 0.07694499857509261
width: 0.03951612903225806
height: 0.025078369905956112
Area: 0.0004036854539938775
CentroidX: 0.9511
CentroidY: 0.0860
