Location: internet_1.png_Gaussian-Median.png
Component: component_1755096854834_249.png
centerX: 0.6682789197904071
centerY: 0.5973766752209866
width: 0.04030632809351068
height: 0.027944111776447105
Area: 0.0005713223751150317
CentroidX: 0.6895
CentroidY: 0.6089
