Location: internet_1.png_Otsu.png
Component: component_1755096854555_571.png
centerX: 0.08746473196291818
centerY: 0.35471913316224696
width: 0.03869407496977025
height: 0.03022526375819789
Area: 0.000529832256946348
CentroidX: 0.1077
CentroidY: 0.3667
