Location: Dedata_29.png_Mean-Medain.png
Component: component_1755504602366_120.png
centerX: 0.39838709677419354
centerY: 0.24109432886862353
width: 0.031451612903225803
height: 0.024223425477343973
Area: 0.0003786346629404573
CentroidX: 0.4154
CentroidY: 0.2502
