Location: Dedata_29.png_Mean-Closing.png
Component: component_1755504603078_214.png
centerX: 0.2875
centerY: 0.4442861214021089
width: 0.04153225806451613
height: 0.024793388429752067
Area: 0.00043356254424107595
CentroidX: 0.3089
CentroidY: 0.4541
