Location: Dedata_29.png_Otsu.png
Component: component_1755504603486_193.png
centerX: 0.17903225806451614
centerY: 0.25705329153605017
width: 0.04153225806451613
height: 0.027643203191792535
Area: 0.00038725305435791834
CentroidX: 0.2018
CentroidY: 0.2662
