Location: internet_1.png_Mean-Medain.png
Component: component_1755096855206_37.png
centerX: 0.022974607013301087
centerY: 0.07271171941830624
width: 0.049979846835953246
height: 0.027944111776447105
Area: 0.0004951230722179755
CentroidX: 0.0477
CentroidY: 0.0824
