Location: Dedata_29.png_Gaussian-Closing.png
Component: component_1755504604698_381.png
centerX: 0.55
centerY: 0.7762895411798233
width: 0.03669354838709677
height: 0.019663721858079224
Area: 0.00031646733284917126
CentroidX: 0.5692
CentroidY: 0.7843
