Location: internet_1.png_Otsu.png
Component: component_1755096854545_502.png
centerX: 0.4800483675937122
centerY: 0.22640433418876532
width: 0.03869407496977025
height: 0.025092671799258625
Area: 0.00039846603792472634
CentroidX: 0.5010
CentroidY: 0.2352
