Location: internet_1.png_Mean-Medain.png
Component: component_1755096855225_134.png
centerX: 0.8613462313583232
centerY: 0.3242087254063302
width: 0.04433696090286175
height: 0.029654975762760195
Area: 0.0005490257465146864
CentroidX: 0.8853
CentroidY: 0.3352
