Location: Dedata_29.png_Otsu.png
Component: component_1755504603543_284.png
centerX: 0.6451612903225806
centerY: 0.45511541749786266
width: 0.04153225806451613
height: 0.032487888287261325
Area: 0.00040046792119802536
CentroidX: 0.6660
CentroidY: 0.4661
