Location: Dedata_29.png_Mean-Closing.png
Component: component_1755504603168_389.png
centerX: 0.12338709677419354
centerY: 0.8139070960387574
width: 0.03064516129032258
height: 0.024793388429752067
Area: 0.0003484128370365604
CentroidX: 0.1397
CentroidY: 0.8230
