Location: Dedata_29.png_Gaussian-Closing.png
Component: component_1755504604141_340.png
centerX: 0.6568548387096774
centerY: 0.689085209461385
width: 0.03346774193548387
height: 0.0219435736677116
Area: 0.0003060103512626518
CentroidX: 0.6748
CentroidY: 0.6975
