Location: Dedata_29.png_Otsu.png
Component: component_1755504603547_290.png
centerX: 0.46491935483870966
centerY: 0.4707893986890852
width: 0.04717741935483871
height: 0.030208036477628954
Area: 0.00041609593763502144
CentroidX: 0.4882
CentroidY: 0.4821
