Location: Dedata_29.png_Gaussian-Closing.png
Component: component_1755504603909_177.png
centerX: 0.9185483870967742
centerY: 0.35280706754060986
width: 0.04233870967741935
height: 0.028498147620404674
Area: 0.00042701256676380553
CentroidX: 0.9388
CentroidY: 0.3637
