Location: Dedata_29.png_Mean-Medain.png
Component: component_1755504602697_362.png
centerX: 0.06975806451612904
centerY: 0.7420917640353377
width: 0.031048387096774193
height: 0.024793388429752067
Area: 0.00034427600915617904
CentroidX: 0.0870
CentroidY: 0.7511
