Location: internet_1.png_Mean-Closing.png
Component: component_1755096855131_228.png
centerX: 0.814993954050786
centerY: 0.6937553464499572
width: 0.04836759371221282
height: 0.029940119760479042
Area: 0.0005544275070518835
CentroidX: 0.8400
CentroidY: 0.7032
