Location: internet_1.png_Gaussian-Median.png
Component: component_1755096854828_224.png
centerX: 0.5272067714631197
centerY: 0.5143997718848018
width: 0.042724707779121324
height: 0.025377815796977475
Area: 0.00044765653813579726
CentroidX: 0.5489
CentroidY: 0.5234
