Location: Dedata_29.png_Otsu.png
Component: component_1755504603341_82.png
centerX: 0.9439516129032258
centerY: 0.10743801652892562
width: 0.03508064516129032
height: 0.03334283271587347
Area: 0.00039495215069085027
CentroidX: 0.9621
CentroidY: 0.1195
