Location: internet_1.png_Mean-Medain.png
Component: component_1755096855217_91.png
centerX: 0.7827488915759774
centerY: 0.2055888223552894
width: 0.04191858121725111
height: 0.024522383803820928
Area: 0.00048638831049825263
CentroidX: 0.8048
CentroidY: 0.2150
