Location: Dedata_29.png_Mean-Closing.png
Component: component_1755504603006_79.png
centerX: 0.4790322580645161
centerY: 0.16557423767455115
width: 0.037096774193548385
height: 0.029353092049016812
Area: 0.0004960746099890603
CentroidX: 0.4982
CentroidY: 0.1766
