Location: Dedata_29.png_Mean-Medain.png
Component: component_1755504602388_181.png
centerX: 0.7040322580645161
centerY: 0.3633513821601596
width: 0.0375
height: 0.027358221715588486
Area: 0.0004212669724854981
CentroidX: 0.7234
CentroidY: 0.3739
