Location: Kurtxevani_1794_page_10.png_Mean-Medain.png
Component: component_1755610054903_1253.png
centerX: 0.40853302162478083
centerY: 0.35874834728955485
width: 0.020455873758036237
height: 0.014103129131776113
Area: 0.00015686743208013685
CentroidX: 0.4192
CentroidY: 0.3642
