Location: internet_1.png_Mean-Medain.png
Component: component_1755096855250_244.png
centerX: 0.814993954050786
centerY: 0.6934702024522383
width: 0.04836759371221282
height: 0.03022526375819789
Area: 0.0005564962664065547
CentroidX: 0.8399
CentroidY: 0.7032
