Location: internet_1.png_Mean-Closing.png
Component: component_1755096855139_254.png
centerX: 0.45828295042321643
centerY: 0.7738808098089536
width: 0.036275695284159616
height: 0.027944111776447105
Area: 0.0005290277394195314
CentroidX: 0.4782
CentroidY: 0.7844
