Location: Dedata_29.png_Otsu.png
Component: component_1755504603561_306.png
centerX: 0.569758064516129
centerY: 0.5109717868338558
width: 0.0407258064516129
height: 0.025078369905956112
Area: 0.00036438558913025494
CentroidX: 0.5908
CentroidY: 0.5201
