Location: internet_1.png_Mean-Medain.png
Component: component_1755096855211_68.png
centerX: 0.8960096735187424
centerY: 0.16053607071571144
width: 0.032648125755743655
height: 0.02281151981750784
Area: 0.00035214881459514323
CentroidX: 0.9133
CentroidY: 0.1693
