Location: internet_1.png_Mean-Closing.png
Component: component_1755096855132_231.png
centerX: 0.12172511084240226
centerY: 0.7000285143997719
width: 0.049979846835953246
height: 0.03022526375819789
Area: 0.0006344195354325035
CentroidX: 0.1497
CentroidY: 0.7110
