Location: internet_1.png_Otsu.png
Component: component_1755096854538_239.png
centerX: 0.022974607013301087
centerY: 0.12318220701454234
width: 0.03869407496977025
height: 0.03136583974907328
Area: 0.00031157814502853564
CentroidX: 0.0446
CentroidY: 0.1351
