Location: Dedata_29.png_Otsu.png
Component: component_1755504603490_201.png
centerX: 0.9399193548387097
centerY: 0.2730122542034768
width: 0.035483870967741936
height: 0.0262182958107723
Area: 0.0003798986936816849
CentroidX: 0.9599
CentroidY: 0.2820
