Location: Dedata_29.png_Gaussian-Closing.png
Component: component_1755504603825_103.png
centerX: 0.45564516129032256
centerY: 0.20205186662866914
width: 0.03870967741935484
height: 0.02336848104873183
Area: 0.00039736530028773934
CentroidX: 0.4761
CentroidY: 0.2105
