Location: Dedata_29.png_Gaussian-Closing.png
Component: component_1755504604668_368.png
centerX: 0.4883064516129032
centerY: 0.7463664861783984
width: 0.03346774193548387
height: 0.022798518096323737
Area: 0.00032129363204294945
CentroidX: 0.5065
CentroidY: 0.7546
