Location: Dedata_29.png_Gaussian-Closing.png
Component: component_1755504603797_35.png
centerX: 0.06895161290322581
centerY: 0.055571387859789115
width: 0.04112903225806452
height: 0.029353092049016812
Area: 0.00037288906866214986
CentroidX: 0.0918
CentroidY: 0.0644
