Location: Dedata_29.png_Otsu.png
Component: component_1755504603462_173.png
centerX: 0.7778225806451613
centerY: 0.21658592191507553
width: 0.035483870967741936
height: 0.030777999430037048
Area: 0.0003780601035126265
CentroidX: 0.7957
CentroidY: 0.2276
