Location: Dedata_29.png_Mean-Medain.png
Component: component_1755504602343_37.png
centerX: 0.7286290322580645
centerY: 0.07893986890852095
width: 0.041935483870967745
height: 0.024223425477343973
Area: 0.0003888618207558444
CentroidX: 0.7531
CentroidY: 0.0870
