Location: Dedata_29.png_Otsu.png
Component: component_1755504603464_177.png
centerX: 0.07419354838709677
centerY: 0.22399544029638074
width: 0.03588709677419355
height: 0.025933314334568254
Area: 0.00040667316301859735
CentroidX: 0.0938
CentroidY: 0.2330
