Location: Dedata_29.png_Gaussian-Closing.png
Component: component_1755504603955_227.png
centerX: 0.5879032258064516
centerY: 0.457395269307495
width: 0.04798387096774193
height: 0.031917925334853235
Area: 0.0004682659336820526
CentroidX: 0.6126
CentroidY: 0.4686
