Location: internet_1.png_Otsu.png
Component: component_1755096854677_694.png
centerX: 0.07053607416364369
centerY: 0.757912745936698
width: 0.04191858121725111
height: 0.02737382378100941
Area: 0.0005015592124325082
CentroidX: 0.0942
CentroidY: 0.7684
