Location: Dedata_29.png_Gaussian-Closing.png
Component: component_1755504603797_34.png
centerX: 0.24153225806451614
centerY: 0.053576517526360785
width: 0.04435483870967742
height: 0.028498147620404674
Area: 0.00039805477160113624
CentroidX: 0.2660
CentroidY: 0.0620
