Location: internet_1.png_Mean-Closing.png
Component: component_1755096855084_61.png
centerX: 0.18581217251108423
centerY: 0.15511833475905332
width: 0.041112454655380895
height: 0.029654975762760195
Area: 0.0004559315755544821
CentroidX: 0.2066
CentroidY: 0.1649
