Location: Dedata_29.png_Otsu.png
Component: component_1755504603405_146.png
centerX: 0.4241935483870968
centerY: 0.16614420062695925
width: 0.042741935483870966
height: 0.030493017953833
Area: 0.000488835161198393
CentroidX: 0.4467
CentroidY: 0.1768
