Location: Dedata_29.png_Gaussian-Closing.png
Component: component_1755504603970_244.png
centerX: 0.6794354838709677
centerY: 0.5009974351667141
width: 0.036290322580645164
height: 0.025648332858364205
Area: 0.0003970205646310409
CentroidX: 0.6966
CentroidY: 0.5111
