Location: internet_1.png_Otsu.png
Component: component_1755096854672_686.png
centerX: 0.32083837162434503
centerY: 0.7396635300826918
width: 0.04191858121725111
height: 0.026803535785571715
Area: 0.0005028234542603628
CentroidX: 0.3438
CentroidY: 0.7501
