Location: Dedata_29.png_Mean-Closing.png
Component: component_1755504603123_290.png
centerX: 0.330241935483871
centerY: 0.6055856369335993
width: 0.03387096774193549
height: 0.026503277286976348
Area: 0.0003556522858272277
CentroidX: 0.3492
CentroidY: 0.6152
