Location: Kurtxevani_1794_page_10.png_Mean-Medain.png
Component: component_1755610055049_2115.png
centerX: 0.23845704266510812
centerY: 0.6663728514764213
width: 0.031560490940970194
height: 0.021154693697664168
Area: 0.00029853752673379084
CentroidX: 0.2549
CentroidY: 0.6742
