Location: internet_1.png_Mean-Closing.png
Component: component_1755096855098_114.png
centerX: 0.5783958081418783
centerY: 0.3028229255774166
width: 0.053607416364369206
height: 0.029940119760479042
Area: 0.0006307417410241991
CentroidX: 0.6078
CentroidY: 0.3135
