Location: Dedata_29.png_Mean-Medain.png
Component: component_1755504602761_399.png
centerX: 0.010887096774193548
centerY: 0.8218865773724708
width: 0.04032258064516129
height: 0.024793388429752067
Area: 0.00039127497035273354
CentroidX: 0.0330
CentroidY: 0.8305
