Location: internet_1.png_Otsu.png
Component: component_1755096854547_512.png
centerX: 0.22249093107617895
centerY: 0.2446535500427716
width: 0.04312777106005643
height: 0.025377815796977475
Area: 0.00040766052394548727
CentroidX: 0.2470
CentroidY: 0.2532
