Location: internet_1.png_Mean-Medain.png
Component: component_1755096855226_138.png
centerX: 0.2893994357114067
centerY: 0.33561448531508414
width: 0.039500201531640466
height: 0.031080695751354435
Area: 0.0005486809532889078
CentroidX: 0.3090
CentroidY: 0.3471
