Location: internet_1.png_Otsu.png
Component: component_1755096854555_572.png
centerX: 0.5106811769447803
centerY: 0.36127744510978044
width: 0.04030632809351068
height: 0.02765896777872826
Area: 0.00044133532899652414
CentroidX: 0.5326
CentroidY: 0.3710
