Location: internet_1.png_Otsu.png
Component: component_1755096854551_555.png
centerX: 0.6517533252720678
centerY: 0.29911605360707155
width: 0.04514308746473196
height: 0.02737382378100941
Area: 0.0005397163294186659
CentroidX: 0.6760
CentroidY: 0.3087
