Location: Dedata_29.png_Mean-Closing.png
Component: component_1755504603040_140.png
centerX: 0.7899193548387097
centerY: 0.2852664576802508
width: 0.04032258064516129
height: 0.027643203191792535
Area: 0.00044011252171834636
CentroidX: 0.8116
CentroidY: 0.2957
