Location: Dedata_29.png_Gaussian-Closing.png
Component: component_1755504604035_311.png
centerX: 0.062096774193548386
centerY: 0.6286691365061271
width: 0.035483870967741936
height: 0.026788258763180393
Area: 0.00037943904613942027
CentroidX: 0.0809
CentroidY: 0.6385
