Location: Dedata_29.png_Otsu.png
Component: component_1755504603593_330.png
centerX: 0.46330645161290324
centerY: 0.555143915645483
width: 0.03387096774193549
height: 0.026503277286976348
Area: 0.0004078222818742588
CentroidX: 0.4796
CentroidY: 0.5665
