Location: internet_1.png_Mean-Closing.png
Component: component_1755096855096_110.png
centerX: 0.22168480451430875
centerY: 0.2902765896777873
width: 0.04514308746473196
height: 0.028514399771884802
Area: 0.0006161454944662411
CentroidX: 0.2463
CentroidY: 0.3008
