Location: Dedata_29.png_Gaussian-Closing.png
Component: component_1755504603947_222.png
centerX: 0.7516129032258064
centerY: 0.4468509546879453
width: 0.03508064516129032
height: 0.030208036477628954
Area: 0.000395526710118681
CentroidX: 0.7714
CentroidY: 0.4574
