Location: Dedata_29.png_Mean-Medain.png
Component: component_1755504602347_51.png
centerX: 0.8354838709677419
centerY: 0.1085779424337418
width: 0.03669354838709677
height: 0.029068110572812767
Area: 0.0003998933617701946
CentroidX: 0.8555
CentroidY: 0.1180
