Location: internet_1.png_Mean-Closing.png
Component: component_1755096855074_26.png
centerX: 0.5022168480451431
centerY: 0.04704875962360992
width: 0.04393389762192664
height: 0.029940119760479042
Area: 0.0004828254471652078
CentroidX: 0.5245
CentroidY: 0.0567
