Location: Dedata_29.png_Mean-Medain.png
Component: component_1755504602395_203.png
centerX: 0.2786290322580645
centerY: 0.40267882587631804
width: 0.0375
height: 0.02792818466799658
Area: 0.0004396528741760818
CentroidX: 0.2996
CentroidY: 0.4135
