Location: Dedata_29.png_Mean-Closing.png
Component: component_1755504603172_398.png
centerX: 0.23346774193548386
centerY: 0.8392704474209176
width: 0.02620967741935484
height: 0.021658592191507554
Area: 0.0002837174454628191
CentroidX: 0.2481
CentroidY: 0.8475
