Location: Dedata_29.png_Otsu.png
Component: component_1755504603628_363.png
centerX: 0.16733870967741934
centerY: 0.6215445996010259
width: 0.027822580645161292
height: 0.022798518096323737
Area: 0.00028360253357725295
CentroidX: 0.1818
CentroidY: 0.6304
