Location: internet_1.png_Gaussian-Median.png
Component: component_1755096854845_308.png
centerX: 0.45828295042321643
centerY: 0.7738808098089536
width: 0.036275695284159616
height: 0.027944111776447105
Area: 0.0004989157977015394
CentroidX: 0.4782
CentroidY: 0.7844
