Location: internet_1.png_Mean-Closing.png
Component: component_1755096855121_197.png
centerX: 0.2245062474808545
centerY: 0.5950955232392359
width: 0.049576783555018135
height: 0.028514399771884802
Area: 0.000529832256946348
CentroidX: 0.2504
CentroidY: 0.6045
