Location: Dedata_29.png_Otsu.png
Component: component_1755504603596_338.png
centerX: 0.3165322580645161
centerY: 0.5719578227415218
width: 0.03387096774193549
height: 0.0262182958107723
Area: 0.0003208339845006849
CentroidX: 0.3340
CentroidY: 0.5815
