Location: internet_1.png_Mean-Medain.png
Component: component_1755096855249_242.png
centerX: 0.8726320032245063
centerY: 0.6871970345024238
width: 0.03788794840790004
height: 0.033361847733105215
Area: 0.0005490257465146864
CentroidX: 0.8929
CentroidY: 0.6990
