Location: Dedata_29.png_Gaussian-Closing.png
Component: component_1755504604022_299.png
centerX: 0.330241935483871
centerY: 0.6058706184098034
width: 0.03387096774193549
height: 0.026503277286976348
Area: 0.00033565761773871793
CentroidX: 0.3493
CentroidY: 0.6154
