Location: Dedata_29.png_Mean-Medain.png
Component: component_1755504602336_27.png
centerX: 0.3625
centerY: 0.051011684240524366
width: 0.039919354838709675
height: 0.031917925334853235
Area: 0.00040265124702378214
CentroidX: 0.3852
CentroidY: 0.0610
