Location: Dedata_29.png_Mean-Medain.png
Component: component_1755504602622_280.png
centerX: 0.6427419354838709
centerY: 0.5753776004559704
width: 0.032661290322580645
height: 0.021373610715303505
Area: 0.0003146287426801129
CentroidX: 0.6603
CentroidY: 0.5835
