Location: Dedata_29.png_Otsu.png
Component: component_1755504603666_425.png
centerX: 0.008870967741935484
centerY: 0.7469364491308065
width: 0.039919354838709675
height: 0.022798518096323737
Area: 0.0002980814311585876
CentroidX: 0.0309
CentroidY: 0.7549
