Location: internet_1.png_Mean-Medain.png
Component: component_1755096855202_17.png
centerX: 0.7702539298669892
centerY: 0.005988023952095809
width: 0.042724707779121324
height: 0.03307670373538637
Area: 0.0005004099016799131
CentroidX: 0.7907
CentroidY: 0.0190
