Location: Dedata_29.png_Gaussian-Closing.png
Component: component_1755504603992_265.png
centerX: 0.5637096774193548
centerY: 0.5420347677400968
width: 0.03346774193548387
height: 0.025078369905956112
Area: 0.0003726592448910176
CentroidX: 0.5819
CentroidY: 0.5518
