Location: Dedata_29.png_Otsu.png
Component: component_1755504603660_414.png
centerX: 0.707258064516129
centerY: 0.725562838415503
width: 0.03508064516129032
height: 0.020518666286691366
Area: 0.0002873946258009358
CentroidX: 0.7257
CentroidY: 0.7338
