Location: Dedata_29.png_Otsu.png
Component: component_1755504603458_171.png
centerX: 0.24153225806451614
centerY: 0.21373610715303507
width: 0.03669354838709677
height: 0.026788258763180393
Area: 0.0003887469088702783
CentroidX: 0.2600
CentroidY: 0.2237
