Location: Dedata_29.png_Mean-Medain.png
Component: component_1755504602592_253.png
centerX: 0.4157258064516129
centerY: 0.5206611570247934
width: 0.03669354838709677
height: 0.029923055001424906
Area: 0.00042184153191332887
CentroidX: 0.4345
CentroidY: 0.5314
