Location: internet_1.png_Gaussian-Median.png
Component: component_1755096854782_72.png
centerX: 0.6900443369609028
centerY: 0.12261191901910465
width: 0.04796453043127771
height: 0.027944111776447105
Area: 0.0003715721663140007
CentroidX: 0.7138
CentroidY: 0.1324
