Location: Dedata_29.png_Mean-Closing.png
Component: component_1755504603046_153.png
centerX: 0.8717741935483871
centerY: 0.31148475349102306
width: 0.0375
height: 0.02707324023938444
Area: 0.00043643534138022963
CentroidX: 0.8908
CentroidY: 0.3224
