Location: Dedata_29.png_Otsu.png
Component: component_1755504603452_170.png
centerX: 0.8806451612903226
centerY: 0.20917640353377032
width: 0.0375
height: 0.02792818466799658
Area: 0.0003646154129013872
CentroidX: 0.9009
CentroidY: 0.2186
