Location: internet_1.png_Mean-Closing.png
Component: component_1755096855115_178.png
centerX: 0.8843208383716243
centerY: 0.5255203877958369
width: 0.045949214026602174
height: 0.033361847733105215
Area: 0.0005710925129645126
CentroidX: 0.9086
CentroidY: 0.5363
