Location: Dedata_29.png_Mean-Closing.png
Component: component_1755504602973_42.png
centerX: 0.42701612903225805
centerY: 0.08748931319464234
width: 0.03870967741935484
height: 0.025933314334568254
Area: 0.0003827714908208386
CentroidX: 0.4489
CentroidY: 0.0965
