Location: Dedata_29.png_Otsu.png
Component: component_1755504603569_313.png
centerX: 0.4161290322580645
centerY: 0.5212311199772015
width: 0.036290322580645164
height: 0.029068110572812767
Area: 0.00036725838626940863
CentroidX: 0.4345
CentroidY: 0.5313
