Location: Dedata_29.png_Gaussian-Closing.png
Component: component_1755504603920_189.png
centerX: 0.13185483870967743
centerY: 0.3776004559703619
width: 0.03870967741935484
height: 0.02792818466799658
Area: 0.0004224160913411596
CentroidX: 0.1532
CentroidY: 0.3879
