Location: Dedata_29.png_Gaussian-Closing.png
Component: component_1755504604006_282.png
centerX: 0.26895161290322583
centerY: 0.5745226560273582
width: 0.03225806451612903
height: 0.02792818466799658
Area: 0.0003701311834085623
CentroidX: 0.2869
CentroidY: 0.5847
