Location: internet_1.png_Mean-Medain.png
Component: component_1755096855226_136.png
centerX: 0.3534864973800887
centerY: 0.3296264613629883
width: 0.04917372027408303
height: 0.026803535785571715
Area: 0.000579482481458457
CentroidX: 0.3794
CentroidY: 0.3386
