Location: Dedata_29.png_Otsu.png
Component: component_1755504603680_462.png
centerX: 0.4258064516129032
centerY: 0.823026503277287
width: 0.0407258064516129
height: 0.0262182958107723
Area: 0.0002949788102483016
CentroidX: 0.4471
CentroidY: 0.8329
