Location: Paraklitoni_1720_page_10.png_Mean-Medain.png
Component: component_1755610055290_817.png
centerX: 0.19588414634146342
centerY: 0.3012531328320802
width: 0.018292682926829267
height: 0.012030075187969926
Area: 0.00010239012164557736
CentroidX: 0.2051
CentroidY: 0.3056
