Location: Dedata_29.png_Otsu.png
Component: component_1755504603642_375.png
centerX: 0.3342741935483871
centerY: 0.646337988030778
width: 0.032661290322580645
height: 0.02108862923909946
Area: 0.00026487189622997084
CentroidX: 0.3526
CentroidY: 0.6543
