Location: Dedata_29.png_Mean-Closing.png
Component: component_1755504603133_309.png
centerX: 0.3334677419354839
centerY: 0.646053006554574
width: 0.03387096774193549
height: 0.021658592191507554
Area: 0.00032692431443569073
CentroidX: 0.3526
CentroidY: 0.6543
