Location: Dedata_29.png_Mean-Medain.png
Component: component_1755504602745_394.png
centerX: 0.1717741935483871
centerY: 0.8121972071815332
width: 0.03225806451612903
height: 0.01909375890567113
Area: 0.00029992002132764594
CentroidX: 0.1890
CentroidY: 0.8190
