Location: internet_1.png_Mean-Closing.png
Component: component_1755096855102_123.png
centerX: 0.2893994357114067
centerY: 0.33561448531508414
width: 0.03909713825070536
height: 0.030795551753635585
Area: 0.0005471868493105342
CentroidX: 0.3090
CentroidY: 0.3471
