Location: internet_1.png_Mean-Closing.png
Component: component_1755096855120_196.png
centerX: 0.2994760177347844
centerY: 0.58910749928714
width: 0.04312777106005643
height: 0.026518391787852865
Area: 0.0005022487988840652
CentroidX: 0.3225
CentroidY: 0.5989
