Location: Dedata_29.png_Otsu.png
Component: component_1755504603674_446.png
centerX: 0.43790322580645163
centerY: 0.7876888002279852
width: 0.0375
height: 0.023083499572527786
Area: 0.00029245074876584634
CentroidX: 0.4572
CentroidY: 0.7966
