Location: internet_1.png_Otsu.png
Component: component_1755096854561_595.png
centerX: 0.24022571543732366
centerY: 0.43997718848018247
width: 0.044740024183796856
height: 0.02623324779013402
Area: 0.00044834612458735434
CentroidX: 0.2649
CentroidY: 0.4492
