Location: internet_1.png_Mean-Medain.png
Component: component_1755096855222_113.png
centerX: 0.5610640870616687
centerY: 0.2634730538922156
width: 0.04312777106005643
height: 0.02879954376960365
Area: 0.000555002162428181
CentroidX: 0.5836
CentroidY: 0.2737
