Location: Dedata_29.png_Mean-Closing.png
Component: component_1755504603147_338.png
centerX: 0.5040322580645161
centerY: 0.7070390424622399
width: 0.03185483870967742
height: 0.023083499572527786
Area: 0.00032462607672436775
CentroidX: 0.5218
CentroidY: 0.7160
