Location: internet_1.png_Otsu.png
Component: component_1755096854547_513.png
centerX: 0.7331721080209593
centerY: 0.24550898203592814
width: 0.04312777106005643
height: 0.027088679783290562
Area: 0.0004811014810363151
CentroidX: 0.7571
CentroidY: 0.2560
