Location: Dedata_29.png_Mean-Medain.png
Component: component_1755504602335_25.png
centerX: 0.41411290322580646
centerY: 0.04987175833570818
width: 0.041935483870967745
height: 0.027358221715588486
Area: 0.0004018468638248191
CentroidX: 0.4374
CentroidY: 0.0582
