Location: Dedata_29.png_Mean-Closing.png
Component: component_1755504603036_131.png
centerX: 0.015725806451612902
centerY: 0.2664576802507837
width: 0.04233870967741935
height: 0.026503277286976348
Area: 0.0004548212430708133
CentroidX: 0.0386
CentroidY: 0.2760
