Location: Dedata_29.png_Mean-Closing.png
Component: component_1755504603138_320.png
centerX: 0.07137096774193548
centerY: 0.6679965802222856
width: 0.031048387096774193
height: 0.023083499572527786
Area: 0.00031807609924709734
CentroidX: 0.0877
CentroidY: 0.6767
