Location: Dedata_29.png_Mean-Medain.png
Component: component_1755504602333_19.png
centerX: 0.9129032258064517
centerY: 0.04189227700199487
width: 0.044758064516129036
height: 0.029923055001424906
Area: 0.00042862133316173156
CentroidX: 0.9378
CentroidY: 0.0512
