Location: internet_1.png_Mean-Medain.png
Component: component_1755096855241_209.png
centerX: 0.8621523579201935
centerY: 0.5762760193897919
width: 0.04353083434099154
height: 0.0290846877673225
Area: 0.0005762644113511907
CentroidX: 0.8846
CentroidY: 0.5879
