Location: internet_1.png_Mean-Medain.png
Component: component_1755096855225_132.png
centerX: 0.5098750503829101
centerY: 0.3108069575135443
width: 0.04675534058847239
height: 0.03307670373538637
Area: 0.0006289028438200469
CentroidX: 0.5343
CentroidY: 0.3221
