Location: internet_1.png_Mean-Medain.png
Component: component_1755096855210_58.png
centerX: 0.5461507456670698
centerY: 0.13373253493013973
width: 0.035872632003224506
height: 0.026518391787852865
Area: 0.00036938847588406995
CentroidX: 0.5653
CentroidY: 0.1435
