Location: Dedata_29.png_Mean-Closing.png
Component: component_1755504602928_15.png
centerX: 0.7754032258064516
centerY: 0.007124536905101168
width: 0.037096774193548385
height: 0.028783129096608722
Area: 0.0003847249928754631
CentroidX: 0.7960
CentroidY: 0.0169
