Location: Dedata_29.png_Mean-Closing.png
Component: component_1755504603021_104.png
centerX: 0.2411290322580645
centerY: 0.213451125676831
width: 0.037096774193548385
height: 0.02707324023938444
Area: 0.0004349414868678697
CentroidX: 0.2599
CentroidY: 0.2237
