Location: internet_1.png_Mean-Medain.png
Component: component_1755096855255_279.png
centerX: 0.2688432083837162
centerY: 0.7867122897063017
width: 0.04070939137444579
height: 0.025092671799258625
Area: 0.0005407507090960015
CentroidX: 0.2912
CentroidY: 0.7964
