Location: internet_1.png_Gaussian-Median.png
Component: component_1755096854813_162.png
centerX: 0.5783958081418783
centerY: 0.3028229255774166
width: 0.053607416364369206
height: 0.029940119760479042
Area: 0.0006083301813485944
CentroidX: 0.6078
CentroidY: 0.3135
