Location: internet_1.png_Mean-Medain.png
Component: component_1755096855245_230.png
centerX: 0.15437323659814592
centerY: 0.6478471628172227
width: 0.0471584038694075
height: 0.02879954376960365
Area: 0.0005584500946859664
CentroidX: 0.1791
CentroidY: 0.6581
