Location: Dedata_29.png_Otsu.png
Component: component_1755504603685_464.png
centerX: 0.32379032258064516
centerY: 0.8312909660872043
width: 0.03225806451612903
height: 0.02536335138216016
Area: 0.0002909568942534864
CentroidX: 0.3412
CentroidY: 0.8408
