Location: Dedata_29.png_Mean-Closing.png
Component: component_1755504603164_379.png
centerX: 0.8040322580645162
centerY: 0.7896836705614135
width: 0.04032258064516129
height: 0.027358221715588486
Area: 0.00036369611781685804
CentroidX: 0.8245
CentroidY: 0.7999
