Location: internet_1.png_Mean-Medain.png
Component: component_1755096855205_32.png
centerX: 0.3369609028617493
centerY: 0.05303678357570573
width: 0.0471584038694075
height: 0.03022526375819789
Area: 0.0005209825641513656
CentroidX: 0.3606
CentroidY: 0.0636
