Location: Dedata_29.png_Mean-Medain.png
Component: component_1755504602367_123.png
centerX: 0.817741935483871
centerY: 0.2487888287261328
width: 0.03951612903225806
height: 0.02963807352522086
Area: 0.0004272423905349378
CentroidX: 0.8382
CentroidY: 0.2599
