Location: Dedata_29.png_Otsu.png
Component: component_1755504603424_155.png
centerX: 0.8415322580645161
centerY: 0.18039327443716158
width: 0.03669354838709677
height: 0.026503277286976348
Area: 0.00038334605024866933
CentroidX: 0.8600
CentroidY: 0.1909
