Location: Dedata_29.png_Gaussian-Closing.png
Component: component_1755504604745_395.png
centerX: 0.6463709677419355
centerY: 0.8042177258478199
width: 0.035483870967741936
height: 0.024793388429752067
Area: 0.00031049191479973155
CentroidX: 0.6644
CentroidY: 0.8137
