Location: Dedata_29.png_Gaussian-Closing.png
Component: component_1755504604059_324.png
centerX: 0.5556451612903226
centerY: 0.6611570247933884
width: 0.03669354838709677
height: 0.024223425477343973
Area: 0.00032703922632125687
CentroidX: 0.5756
CentroidY: 0.6700
