Location: Dedata_29.png_Gaussian-Closing.png
Component: component_1755504603926_199.png
centerX: 0.39395161290322583
centerY: 0.39241949273297233
width: 0.039919354838709675
height: 0.025648332858364205
Area: 0.0003785197510548911
CentroidX: 0.4144
CentroidY: 0.4020
