Location: internet_1.png_Mean-Medain.png
Component: component_1755096855213_80.png
centerX: 0.5276098347440548
centerY: 0.1804961505560308
width: 0.04070939137444579
height: 0.032506415739948676
Area: 0.00045443747157610843
CentroidX: 0.5496
CentroidY: 0.1922
