Location: Dedata_29.png_Otsu.png
Component: component_1755504603517_245.png
centerX: 0.7040322580645161
centerY: 0.36363636363636365
width: 0.037096774193548385
height: 0.026788258763180393
Area: 0.0003677180338116732
CentroidX: 0.7233
CentroidY: 0.3738
