Location: Dedata_29.png_Mean-Medain.png
Component: component_1755504602375_144.png
centerX: 0.2625
centerY: 0.28612140210886294
width: 0.03669354838709677
height: 0.02821316614420063
Area: 0.0003972503884021732
CentroidX: 0.2824
CentroidY: 0.2961
