Location: Dedata_29.png_Mean-Medain.png
Component: component_1755504602369_129.png
centerX: 0.1786290322580645
centerY: 0.2567683100598461
width: 0.041935483870967745
height: 0.02821316614420063
Area: 0.000441376552459574
CentroidX: 0.2019
CentroidY: 0.2662
