Location: internet_1.png_Otsu.png
Component: component_1755096854586_614.png
centerX: 0.08786779524385328
centerY: 0.5089820359281437
width: 0.04433696090286175
height: 0.027944111776447105
Area: 0.0004654708548010216
CentroidX: 0.1114
CentroidY: 0.5190
