Location: Dedata_29.png_Mean-Closing.png
Component: component_1755504602980_48.png
centerX: 0.07661290322580645
centerY: 0.09717868338557993
width: 0.03870967741935484
height: 0.028783129096608722
Area: 0.0003851846404177277
CentroidX: 0.0980
CentroidY: 0.1071
