Location: internet_1.png_Otsu.png
Component: component_1755096854552_557.png
centerX: 0.08222490931076179
centerY: 0.3059595095523239
width: 0.04353083434099154
height: 0.02879954376960365
Area: 0.0005327055338278357
CentroidX: 0.1054
CentroidY: 0.3161
