Location: Dedata_29.png_Gaussian-Closing.png
Component: component_1755504604105_338.png
centerX: 0.7020161290322581
centerY: 0.6833855799373041
width: 0.03951612903225806
height: 0.023938444001139925
Area: 0.0003381856792211732
CentroidX: 0.7218
CentroidY: 0.6928
