Location: Dedata_29.png_Mean-Closing.png
Component: component_1755504602993_60.png
centerX: 0.3741935483870968
centerY: 0.1299515531490453
width: 0.041935483870967745
height: 0.030208036477628954
Area: 0.00042080732494323355
CentroidX: 0.3956
CentroidY: 0.1411
