Location: internet_1.png_Gaussian-Median.png
Component: component_1755096854774_38.png
centerX: 0.5816203143893591
centerY: 0.045337895637296836
width: 0.04836759371221282
height: 0.031936127744510975
Area: 0.0005284530840432339
CentroidX: 0.6067
CentroidY: 0.0571
