Location: Dedata_29.png_Otsu.png
Component: component_1755504603445_168.png
centerX: 0.34233870967741936
centerY: 0.20718153320034197
width: 0.043548387096774194
height: 0.026788258763180393
Area: 0.000445283556568823
CentroidX: 0.3656
CentroidY: 0.2163
