Location: Dedata_29.png_Mean-Closing.png
Component: component_1755504603107_262.png
centerX: 0.0657258064516129
centerY: 0.5522941008834426
width: 0.04314516129032258
height: 0.029353092049016812
Area: 0.00046309489883157595
CentroidX: 0.0879
CentroidY: 0.5627
