Location: internet_1.png_Otsu.png
Component: component_1755096854552_558.png
centerX: 0.5098750503829101
centerY: 0.3110921015112632
width: 0.046352277307537285
height: 0.03279155973766752
Area: 0.0005746553762975574
CentroidX: 0.5343
CentroidY: 0.3221
