Location: internet_1.png_Mean-Closing.png
Component: component_1755096855072_19.png
centerX: 0.08746473196291818
centerY: 0.01311662389506701
width: 0.05239822652156389
height: 0.029654975762760195
Area: 0.0004946633479169375
CentroidX: 0.1165
CentroidY: 0.0224
