Location: internet_1.png_Mean-Medain.png
Component: component_1755096855221_109.png
centerX: 0.154776299879081
centerY: 0.24779013401767894
width: 0.04232164449818621
height: 0.026518391787852865
Area: 0.0004789177906063844
CentroidX: 0.1776
CentroidY: 0.2575
