Location: internet_1.png_Mean-Medain.png
Component: component_1755096855221_108.png
centerX: 0.7331721080209593
centerY: 0.24550898203592814
width: 0.04353083434099154
height: 0.027088679783290562
Area: 0.000530062119096867
CentroidX: 0.7571
CentroidY: 0.2560
