Location: Dedata_29.png_Mean-Closing.png
Component: component_1755504603087_225.png
centerX: 0.013709677419354839
centerY: 0.47306925049871756
width: 0.037096774193548385
height: 0.023083499572527786
Area: 0.00041621084952058764
CentroidX: 0.0327
CentroidY: 0.4823
