Location: Dedata_29.png_Mean-Medain.png
Component: component_1755504602691_357.png
centerX: 0.17016129032258065
centerY: 0.7355371900826446
width: 0.036290322580645164
height: 0.023083499572527786
Area: 0.00036105314444883664
CentroidX: 0.1893
CentroidY: 0.7438
