Location: Paraklitoni_1720_page_10.png_Mean-Medain.png
Component: component_1755610055540_2135.png
centerX: 0.14176829268292682
centerY: 0.7799498746867168
width: 0.018292682926829267
height: 0.012030075187969926
Area: 0.00011690812396845773
CentroidX: 0.1510
CentroidY: 0.7841
