Location: Dedata_29.png_Mean-Medain.png
Component: component_1755504602364_114.png
centerX: 0.6201612903225806
centerY: 0.22542034767740096
width: 0.0407258064516129
height: 0.025648332858364205
Area: 0.00042689765487823934
CentroidX: 0.6421
CentroidY: 0.2340
