Location: Dedata_29.png_Gaussian-Closing.png
Component: component_1755504603941_215.png
centerX: 0.9459677419354838
centerY: 0.42946708463949845
width: 0.03508064516129032
height: 0.028783129096608722
Area: 0.00041195910975464015
CentroidX: 0.9651
CentroidY: 0.4395
