Location: internet_1.png_Gaussian-Median.png
Component: component_1755096854782_73.png
centerX: 0.02257154373236598
centerY: 0.12318220701454234
width: 0.03909713825070536
height: 0.03165098374679213
Area: 0.00042800332426642083
CentroidX: 0.0416
CentroidY: 0.1354
