Location: internet_1.png_Gaussian-Median.png
Component: component_1755096854822_197.png
centerX: 0.3905683192261185
centerY: 0.4245794126033647
width: 0.045949214026602174
height: 0.025092671799258625
Area: 0.00043466932663147246
CentroidX: 0.4149
CentroidY: 0.4329
