Location: Dedata_29.png_Gaussian-Closing.png
Component: component_1755504603829_114.png
centerX: 0.7322580645161291
centerY: 0.21972071815332003
width: 0.03346774193548387
height: 0.02707324023938444
Area: 0.0003796688699105526
CentroidX: 0.7499
CentroidY: 0.2303
