Location: internet_1.png_Mean-Medain.png
Component: component_1755096855256_283.png
centerX: 0.01007658202337767
centerY: 0.8095238095238095
width: 0.04353083434099154
height: 0.024522383803820928
Area: 0.00048236572286416973
CentroidX: 0.0346
CentroidY: 0.8182
