Location: Dedata_29.png_Mean-Closing.png
Component: component_1755504602959_33.png
centerX: 0.8653225806451613
centerY: 0.07722998005129666
width: 0.045564516129032256
height: 0.03220290681105728
Area: 0.00045321247667288723
CentroidX: 0.8890
CentroidY: 0.0880
