Location: Dedata_29.png_Mean-Medain.png
Component: component_1755504602352_66.png
centerX: 0.010080645161290322
centerY: 0.13850099743516672
width: 0.038306451612903226
height: 0.03220290681105728
Area: 0.00042954062824626074
CentroidX: 0.0319
CentroidY: 0.1492
