Location: internet_1.png_Gaussian-Median.png
Component: component_1755096854825_210.png
centerX: 0.509471987101975
centerY: 0.46506986027944114
width: 0.04191858121725111
height: 0.028514399771884802
Area: 0.0004542076094255894
CentroidX: 0.5311
CentroidY: 0.4750
