Location: Kurtxevani_1764_page_10.png_Otsu.png
Component: component_1755610055842_675.png
centerX: 0.23300970873786409
centerY: 0.2039289055191768
width: 0.02459546925566343
height: 0.017305893358278764
Area: 0.00017649498518108143
CentroidX: 0.2453
CentroidY: 0.2101
