Location: Dedata_29.png_Mean-Medain.png
Component: component_1755504602381_161.png
centerX: 0.34919354838709676
centerY: 0.3211741236819607
width: 0.05241935483870968
height: 0.030208036477628954
Area: 0.0004914781345664145
CentroidX: 0.3737
CentroidY: 0.3322
