Location: Dedata_29.png_Mean-Medain.png
Component: component_1755504602368_128.png
centerX: 0.7040322580645161
centerY: 0.2553434026788259
width: 0.039112903225806454
height: 0.026788258763180393
Area: 0.00040770736998869267
CentroidX: 0.7254
CentroidY: 0.2652
