Location: Dedata_29.png_Otsu.png
Component: component_1755504603680_460.png
centerX: 0.4870967741935484
centerY: 0.8198917070390425
width: 0.0407258064516129
height: 0.02536335138216016
Area: 0.00029084198236792026
CentroidX: 0.5056
CentroidY: 0.8299
