Location: internet_1.png_Mean-Medain.png
Component: component_1755096855228_149.png
centerX: 0.8694074969770254
centerY: 0.37154262902765894
width: 0.04433696090286175
height: 0.02879954376960365
Area: 0.0004976515558736848
CentroidX: 0.8936
CentroidY: 0.3825
