Location: Dedata_29.png_Otsu.png
Component: component_1755504603657_407.png
centerX: 0.8491935483870968
centerY: 0.7118837275577088
width: 0.03346774193548387
height: 0.022513536620119692
Area: 0.00029635775287509535
CentroidX: 0.8663
CentroidY: 0.7202
