Location: internet_1.png_Mean-Closing.png
Component: component_1755096855078_36.png
centerX: 0.8291011688835147
centerY: 0.08098089535215283
width: 0.032245062474808545
height: 0.023096663815226688
Area: 0.00032238166610292976
CentroidX: 0.8454
CentroidY: 0.0895
