Location: Dedata_29.png_Gaussian-Closing.png
Component: component_1755504604029_308.png
centerX: 0.11612903225806452
centerY: 0.6261043032202906
width: 0.03467741935483871
height: 0.027358221715588486
Area: 0.0003645005010158211
CentroidX: 0.1337
CentroidY: 0.6369
