Location: internet_1.png_Otsu.png
Component: component_1755096854556_576.png
centerX: 0.8698105602579606
centerY: 0.37154262902765894
width: 0.04353083434099154
height: 0.028514399771884802
Area: 0.00044501312340482853
CentroidX: 0.8937
CentroidY: 0.3824
