Location: Kurtxevani_1764_page_10.png_Otsu.png
Component: component_1755610055985_1724.png
centerX: 0.49514563106796117
centerY: 0.7226379794200187
width: 0.025889967637540454
height: 0.01824134705332086
Area: 0.0002491515828542539
CentroidX: 0.5090
CentroidY: 0.7295
