Location: Dedata_29.png_Mean-Closing.png
Component: component_1755504603128_300.png
centerX: 0.48951612903225805
centerY: 0.6269592476489029
width: 0.036290322580645164
height: 0.026503277286976348
Area: 0.0003851846404177277
CentroidX: 0.5099
CentroidY: 0.6374
