Location: internet_1.png_Otsu.png
Component: component_1755096854556_575.png
centerX: 0.44578798871422814
centerY: 0.36669518106643856
width: 0.041112454655380895
height: 0.03136583974907328
Area: 0.0004182341828693623
CentroidX: 0.4680
CentroidY: 0.3770
