Location: Dedata_29.png_Otsu.png
Component: component_1755504603578_321.png
centerX: 0.22419354838709676
centerY: 0.5397549159304645
width: 0.04233870967741935
height: 0.030208036477628954
Area: 0.00040529422039180355
CentroidX: 0.2460
CentroidY: 0.5504
