Location: Dedata_29.png_Otsu.png
Component: component_1755504603688_470.png
centerX: 0.014919354838709677
centerY: 0.853804502707324
width: 0.03225806451612903
height: 0.024793388429752067
Area: 0.00029348495573594167
CentroidX: 0.0325
CentroidY: 0.8631
