Location: internet_1.png_Mean-Medain.png
Component: component_1755096855236_183.png
centerX: 0.2426440951229343
centerY: 0.49272882805816937
width: 0.04514308746473196
height: 0.031080695751354435
Area: 0.0005193735290977325
CentroidX: 0.2666
CentroidY: 0.5036
