Location: internet_1.png_Otsu.png
Component: component_1755096854562_602.png
centerX: 0.016122531237404272
centerY: 0.45993726832050186
width: 0.04030632809351068
height: 0.03450242372398061
Area: 0.0005184540804956564
CentroidX: 0.0381
CentroidY: 0.4722
