Location: Dedata_29.png_Mean-Medain.png
Component: component_1755504602753_395.png
centerX: 0.12338709677419354
centerY: 0.8136221145625534
width: 0.031048387096774193
height: 0.025078369905956112
Area: 0.0003489873964643911
CentroidX: 0.1397
CentroidY: 0.8230
