Location: internet_1.png_Mean-Medain.png
Component: component_1755096855213_77.png
centerX: 0.5957275292220878
centerY: 0.17792985457656116
width: 0.039500201531640466
height: 0.02879954376960365
Area: 0.0004411054668460051
CentroidX: 0.6178
CentroidY: 0.1883
