Location: Dedata_29.png_Gaussian-Closing.png
Component: component_1755504604386_346.png
centerX: 0.9395161290322581
centerY: 0.7036192647477914
width: 0.03588709677419355
height: 0.022798518096323737
Area: 0.0003342786751119242
CentroidX: 0.9583
CentroidY: 0.7124
