Location: Dedata_29.png_Mean-Medain.png
Component: component_1755504602707_376.png
centerX: 0.16572580645161292
centerY: 0.7737247078939868
width: 0.03346774193548387
height: 0.022228555143915644
Area: 0.00033485323453975494
CentroidX: 0.1840
CentroidY: 0.7820
