Location: Dedata_29.png_Otsu.png
Component: component_1755504603303_39.png
centerX: 0.18669354838709679
centerY: 0.05414648047876888
width: 0.038306451612903226
height: 0.027358221715588486
Area: 0.0003035972016657627
CentroidX: 0.2084
CentroidY: 0.0632
