Location: internet_1.png_Otsu.png
Component: component_1755096854548_517.png
centerX: 0.08988311164852882
centerY: 0.2634730538922156
width: 0.03466344216041919
height: 0.022241231822070145
Area: 0.00011389669558217589
CentroidX: 0.1079
CentroidY: 0.2709
