Location: Dedata_29.png_Gaussian-Closing.png
Component: component_1755504603805_49.png
centerX: 0.19233870967741937
centerY: 0.09318894271872329
width: 0.04314516129032258
height: 0.027643203191792535
Area: 0.00038989602772593974
CentroidX: 0.2171
CentroidY: 0.1024
