Location: Dedata_29.png_Otsu.png
Component: component_1755504603468_181.png
centerX: 0.5645161290322581
centerY: 0.22713023653462525
width: 0.04032258064516129
height: 0.029923055001424906
Area: 0.0004156362900927569
CentroidX: 0.5852
CentroidY: 0.2380
