Location: Dedata_29.png_Mean-Medain.png
Component: component_1755504602663_324.png
centerX: 0.5020161290322581
centerY: 0.6660017098888572
width: 0.032661290322580645
height: 0.023083499572527786
Area: 0.000331061142316072
CentroidX: 0.5193
CentroidY: 0.6744
