Location: internet_1.png_Mean-Medain.png
Component: component_1755096855213_74.png
centerX: 0.6614268440145102
centerY: 0.17422298260621613
width: 0.044740024183796856
height: 0.027088679783290562
Area: 0.00043145125652420613
CentroidX: 0.6847
CentroidY: 0.1844
