Location: internet_1.png_Mean-Medain.png
Component: component_1755096855239_197.png
centerX: 0.762192664248287
centerY: 0.540347875677217
width: 0.037484885126964934
height: 0.03165098374679213
Area: 0.0005481062979126103
CentroidX: 0.7817
CentroidY: 0.5521
