Location: Dedata_29.png_Gaussian-Closing.png
Component: component_1755504603957_229.png
centerX: 0.5173387096774194
centerY: 0.46366486178398403
width: 0.05161290322580645
height: 0.03277286976346538
Area: 0.00047412643984592613
CentroidX: 0.5439
CentroidY: 0.4756
