Location: internet_1.png_Mean-Closing.png
Component: component_1755096855109_151.png
centerX: 0.8141878274889157
centerY: 0.4317080125463359
width: 0.04514308746473196
height: 0.02623324779013402
Area: 0.00044443846802853093
CentroidX: 0.8377
CentroidY: 0.4405
