Location: Dedata_29.png_Otsu.png
Component: component_1755504603674_444.png
centerX: 0.8588709677419355
centerY: 0.7851239669421488
width: 0.039919354838709675
height: 0.0262182958107723
Area: 0.00029543845779056617
CentroidX: 0.8794
CentroidY: 0.7948
