Location: Dedata_29.png_Gaussian-Closing.png
Component: component_1755504604004_280.png
centerX: 0.6959677419354838
centerY: 0.5705329153605015
width: 0.035483870967741936
height: 0.02536335138216016
Area: 0.00031876557056049424
CentroidX: 0.7149
CentroidY: 0.5801
