Location: Dedata_29.png_Otsu.png
Component: component_1755504603686_466.png
centerX: 0.23387096774193547
centerY: 0.8395554288971216
width: 0.025
height: 0.02108862923909946
Area: 0.00023384568712711093
CentroidX: 0.2479
CentroidY: 0.8472
