Location: internet_1.png_Mean-Closing.png
Component: component_1755096855107_143.png
centerX: 0.08101571946795647
centerY: 0.40633019674935844
width: 0.04554615074566707
height: 0.029654975762760195
Area: 0.0005807467232863116
CentroidX: 0.1068
CentroidY: 0.4171
