Location: internet_1.png_Mean-Closing.png
Component: component_1755096855089_81.png
centerX: 0.7287384119306731
centerY: 0.2090105503279156
width: 0.035872632003224506
height: 0.025092671799258625
Area: 0.00044558777878112607
CentroidX: 0.7473
CentroidY: 0.2181
