Location: internet_1.png_Otsu.png
Component: component_1755096854662_677.png
centerX: 0.06932688432083838
centerY: 0.7057313943541489
width: 0.03909713825070536
height: 0.031080695751354435
Area: 0.0005555768178044786
CentroidX: 0.0898
CentroidY: 0.7176
