Location: Dedata_29.png_Gaussian-Closing.png
Component: component_1755504603796_33.png
centerX: 0.18669354838709679
centerY: 0.05386149900256483
width: 0.03870967741935484
height: 0.02792818466799658
Area: 0.0003736934518611129
CentroidX: 0.2085
CentroidY: 0.0631
