Location: Dedata_29.png_Mean-Medain.png
Component: component_1755504602781_408.png
centerX: 0.014112903225806451
centerY: 0.85351952123112
width: 0.03346774193548387
height: 0.025648332858364205
Area: 0.00036438558913025494
CentroidX: 0.0326
CentroidY: 0.8634
