Location: internet_1.png_Otsu.png
Component: component_1755096854530_42.png
centerX: 0.5820233776702942
centerY: 0.045337895637296836
width: 0.04796453043127771
height: 0.031936127744510975
Area: 0.0004528284365224753
CentroidX: 0.6074
CentroidY: 0.0566
