Location: Dedata_29.png_Mean-Closing.png
Component: component_1755504603014_91.png
centerX: 0.06653225806451613
centerY: 0.18324308919920204
width: 0.04032258064516129
height: 0.03305785123966942
Area: 0.00042954062824626074
CentroidX: 0.0873
CentroidY: 0.1946
