Location: Dedata_29.png_Gaussian-Closing.png
Component: component_1755504603801_40.png
centerX: 0.6629032258064517
centerY: 0.08036477628954118
width: 0.0407258064516129
height: 0.026503277286976348
Area: 0.00035450316697156623
CentroidX: 0.6860
CentroidY: 0.0895
