Location: Dedata_29.png_Otsu.png
Component: component_1755504603656_404.png
centerX: 0.5048387096774194
centerY: 0.707324023938444
width: 0.03064516129032258
height: 0.022513536620119692
Area: 0.0002617692753196849
CentroidX: 0.5219
CentroidY: 0.7160
