Location: internet_1.png_Mean-Closing.png
Component: component_1755096855121_200.png
centerX: 0.15558242644095122
centerY: 0.602224123182207
width: 0.044740024183796856
height: 0.02623324779013402
Area: 0.0004778834109290488
CentroidX: 0.1786
CentroidY: 0.6112
