Location: Dedata_29.png_Mean-Closing.png
Component: component_1755504603166_384.png
centerX: 0.2713709677419355
centerY: 0.8016528925619835
width: 0.035483870967741936
height: 0.024223425477343973
Area: 0.0003468040706386343
CentroidX: 0.2907
CentroidY: 0.8108
