Location: Dedata_29.png_Mean-Closing.png
Component: component_1755504603082_219.png
centerX: 0.17459677419354838
centerY: 0.457110287831291
width: 0.04032258064516129
height: 0.025648332858364205
Area: 0.0003977100359444378
CentroidX: 0.1949
CentroidY: 0.4667
