Location: Dedata_29.png_Mean-Medain.png
Component: component_1755504602349_55.png
centerX: 0.6713709677419355
centerY: 0.11712738671986321
width: 0.035483870967741936
height: 0.02792818466799658
Area: 0.00037047591906526074
CentroidX: 0.6906
CentroidY: 0.1269
