Location: Dedata_29.png_Gaussian-Closing.png
Component: component_1755504604601_355.png
centerX: 0.33830645161290324
centerY: 0.719293245939014
width: 0.03306451612903226
height: 0.02792818466799658
Area: 0.0003500216034344864
CentroidX: 0.3568
CentroidY: 0.7300
