Location: Samociqulo_1709_page_10.png_Gaussian-Median.png
Component: component_1755610056280_2934.png
centerX: 0.3307125307125307
centerY: 0.72625
width: 0.032432432432432434
height: 0.01625
Area: 0.00021130221130221131
CentroidX: 0.3460
CentroidY: 0.7319
