Location: Dedata_29.png_Gaussian-Closing.png
Component: component_1755504604059_325.png
centerX: 0.11854838709677419
centerY: 0.6631518951268167
width: 0.035483870967741936
height: 0.024508406953548018
Area: 0.0003252006361521985
CentroidX: 0.1377
CentroidY: 0.6725
