Location: internet_1.png_Mean-Medain.png
Component: component_1755096855207_43.png
centerX: 0.5243853284965739
centerY: 0.09210151126318791
width: 0.04554615074566707
height: 0.027944111776447105
Area: 0.0004569659552318177
CentroidX: 0.5465
CentroidY: 0.1020
