Location: internet_1.png_Gaussian-Median.png
Component: component_1755096854840_281.png
centerX: 0.7525191455058444
centerY: 0.6974622184203022
width: 0.03990326481257558
height: 0.03364699173082407
Area: 0.0005414402955475587
CentroidX: 0.7746
CentroidY: 0.7101
