Location: internet_1.png_Gaussian-Median.png
Component: component_1755096854828_222.png
centerX: 0.5824264409512293
centerY: 0.5101226119190191
width: 0.041112454655380895
height: 0.027088679783290562
Area: 0.00045271350544721575
CentroidX: 0.6038
CentroidY: 0.5197
