Location: internet_1.png_Gaussian-Median.png
Component: component_1755096854833_248.png
centerX: 0.7287384119306731
centerY: 0.5948103792415169
width: 0.04675534058847239
height: 0.023381807812945538
Area: 0.0005136269753347569
CentroidX: 0.7534
CentroidY: 0.6032
