Location: internet_1.png_Gaussian-Median.png
Component: component_1755096854837_268.png
centerX: 0.6408706166868199
centerY: 0.6564014827487882
width: 0.04191858121725111
height: 0.029940119760479042
Area: 0.000520178046624549
CentroidX: 0.6634
CentroidY: 0.6674
