Location: Dedata_29.png_Gaussian-Closing.png
Component: component_1755504603959_234.png
centerX: 0.40483870967741936
centerY: 0.4773439726417783
width: 0.038306451612903226
height: 0.02707324023938444
Area: 0.00040954596015775103
CentroidX: 0.4258
CentroidY: 0.4878
