Location: internet_1.png_Gaussian-Median.png
Component: component_1755096854821_189.png
centerX: 0.6658605401047965
centerY: 0.39264328485885375
width: 0.0475614671503426
height: 0.03022526375819789
Area: 0.0005245454274844105
CentroidX: 0.6930
CentroidY: 0.4045
