Location: Dedata_29.png_Gaussian-Closing.png
Component: component_1755504604772_411.png
centerX: 0.07056451612903226
centerY: 0.8515246508976917
width: 0.03870967741935484
height: 0.026503277286976348
Area: 0.00034335671407164986
CentroidX: 0.0908
CentroidY: 0.8617
