Location: internet_1.png_Mean-Closing.png
Component: component_1755096855140_258.png
centerX: 0.21160822249093109
centerY: 0.7918448816652409
width: 0.041112454655380895
height: 0.026803535785571715
Area: 0.0005161554589904661
CentroidX: 0.2339
CentroidY: 0.8015
