Location: Dedata_29.png_Mean-Closing.png
Component: component_1755504603007_80.png
centerX: 0.42379032258064514
centerY: 0.16614420062695925
width: 0.043548387096774194
height: 0.030493017953833
Area: 0.0005316972945145662
CentroidX: 0.4467
CentroidY: 0.1768
