Location: Dedata_29.png_Gaussian-Closing.png
Component: component_1755504603922_193.png
centerX: 0.4959677419354839
centerY: 0.3835850669706469
width: 0.03508064516129032
height: 0.025933314334568254
Area: 0.00037978378179611875
CentroidX: 0.5161
CentroidY: 0.3931
