Location: Dedata_29.png_Otsu.png
Component: component_1755504603679_458.png
centerX: 0.5419354838709678
centerY: 0.8167569108007979
width: 0.03790322580645161
height: 0.0219435736677116
Area: 0.0002748692302742257
CentroidX: 0.5609
CentroidY: 0.8252
