Location: Dedata_29.png_Otsu.png
Component: component_1755504603651_393.png
centerX: 0.33306451612903226
centerY: 0.6833855799373041
width: 0.03467741935483871
height: 0.023083499572527786
Area: 0.000297621783616323
CentroidX: 0.3507
CentroidY: 0.6921
