Location: internet_1.png_Mean-Closing.png
Component: component_1755096855079_39.png
centerX: 0.5243853284965739
centerY: 0.09238665526090675
width: 0.04554615074566707
height: 0.02737382378100941
Area: 0.0004469669516842402
CentroidX: 0.5467
CentroidY: 0.1021
