Location: Dedata_29.png_Mean-Medain.png
Component: component_1755504602359_98.png
centerX: 0.567741935483871
centerY: 0.195212311199772
width: 0.031048387096774193
height: 0.025933314334568254
Area: 0.00042632309545040864
CentroidX: 0.5850
CentroidY: 0.2052
