Location: internet_1.png_Mean-Closing.png
Component: component_1755096855090_86.png
centerX: 0.5328496573962112
centerY: 0.2215568862275449
width: 0.03869407496977025
height: 0.02737382378100941
Area: 0.0004933991060890829
CentroidX: 0.5545
CentroidY: 0.2316
