Location: Dedata_29.png_Otsu.png
Component: component_1755504603492_203.png
centerX: 0.8919354838709678
centerY: 0.27700199487033345
width: 0.03669354838709677
height: 0.0262182958107723
Area: 0.0003715101260353561
CentroidX: 0.9108
CentroidY: 0.2867
