Location: Dedata_29.png_Otsu.png
Component: component_1755504603679_459.png
centerX: 0.07096774193548387
centerY: 0.817326873753206
width: 0.03225806451612903
height: 0.025648332858364205
Area: 0.0003014138758400059
CentroidX: 0.0880
CentroidY: 0.8265
