Location: Dedata_29.png_Mean-Medain.png
Component: component_1755504602619_274.png
centerX: 0.7939516129032258
centerY: 0.560843545169564
width: 0.035483870967741936
height: 0.02536335138216016
Area: 0.0003408286525891946
CentroidX: 0.8128
CentroidY: 0.5706
