Location: Dedata_29.png_Otsu.png
Component: component_1755504603576_318.png
centerX: 0.7342741935483871
centerY: 0.5312054716443431
width: 0.03508064516129032
height: 0.025648332858364205
Area: 0.00032772869763465377
CentroidX: 0.7534
CentroidY: 0.5406
