Location: Dedata_29.png_Otsu.png
Component: component_1755504603533_271.png
centerX: 0.06612903225806452
centerY: 0.42832715873468225
width: 0.039112903225806454
height: 0.025933314334568254
Area: 0.00038081798876621407
CentroidX: 0.0858
CentroidY: 0.4391
