Location: internet_1.png_Mean-Medain.png
Component: component_1755096855208_46.png
centerX: 0.3534864973800887
centerY: 0.09751924721984602
width: 0.05038291011688835
height: 0.029654975762760195
Area: 0.0005562664042560357
CentroidX: 0.3794
CentroidY: 0.1075
