Location: internet_1.png_Gaussian-Median.png
Component: component_1755096854822_195.png
centerX: 0.4651350261991133
centerY: 0.41573994867408043
width: 0.04433696090286175
height: 0.029654975762760195
Area: 0.0004942036236158994
CentroidX: 0.4908
CentroidY: 0.4264
