Location: internet_1.png_Mean-Closing.png
Component: component_1755096855105_133.png
centerX: 0.445384925433293
centerY: 0.3661248930710009
width: 0.041515517936316
height: 0.031936127744510975
Area: 0.00046868892490828785
CentroidX: 0.4680
CentroidY: 0.3769
