Location: Dedata_29.png_Otsu.png
Component: component_1755504603387_115.png
centerX: 0.12983870967741937
centerY: 0.13850099743516672
width: 0.0375
height: 0.026788258763180393
Area: 0.0002405105764899475
CentroidX: 0.1510
CentroidY: 0.1470
