Location: Dedata_29.png_Mean-Closing.png
Component: component_1755504603019_100.png
centerX: 0.9338709677419355
centerY: 0.20575662581932175
width: 0.039112903225806454
height: 0.0262182958107723
Area: 0.00040012318554132694
CentroidX: 0.9553
CentroidY: 0.2148
