Location: Dedata_29.png_Mean-Closing.png
Component: component_1755504603173_402.png
centerX: 0.014112903225806451
centerY: 0.85351952123112
width: 0.03346774193548387
height: 0.025648332858364205
Area: 0.0003645005010158211
CentroidX: 0.0326
CentroidY: 0.8634
