Location: Dedata_29.png_Mean-Closing.png
Component: component_1755504603023_108.png
centerX: 0.12661290322580646
centerY: 0.21915075520091193
width: 0.03951612903225806
height: 0.02821316614420063
Area: 0.000491937782108679
CentroidX: 0.1479
CentroidY: 0.2295
