Location: Dedata_29.png_Gaussian-Closing.png
Component: component_1755504603817_79.png
centerX: 0.7020161290322581
centerY: 0.15132516386434883
width: 0.03346774193548387
height: 0.02963807352522086
Area: 0.0004232204745401226
CentroidX: 0.7177
CentroidY: 0.1641
