Location: internet_1.png_Gaussian-Median.png
Component: component_1755096854823_198.png
centerX: 0.8734381297863765
centerY: 0.4251497005988024
width: 0.041112454655380895
height: 0.025092671799258625
Area: 0.00041869390717040036
CentroidX: 0.8962
CentroidY: 0.4347
