Location: internet_1.png_Otsu.png
Component: component_1755096854548_518.png
centerX: 0.5614671503426037
centerY: 0.26375819788993443
width: 0.04232164449818621
height: 0.028514399771884802
Area: 0.000504892213615034
CentroidX: 0.5836
CentroidY: 0.2737
