Location: internet_1.png_Gaussian-Median.png
Component: component_1755096854840_282.png
centerX: 0.12172511084240226
centerY: 0.7003136583974907
width: 0.049979846835953246
height: 0.029940119760479042
Area: 0.0006112034582300821
CentroidX: 0.1497
CentroidY: 0.7110
