Location: Dedata_29.png_Mean-Closing.png
Component: component_1755504603051_162.png
centerX: 0.660483870967742
centerY: 0.329153605015674
width: 0.03870967741935484
height: 0.027643203191792535
Area: 0.0004129933167247355
CentroidX: 0.6817
CentroidY: 0.3390
