Location: Dedata_29.png_Otsu.png
Component: component_1755504603647_385.png
centerX: 0.8935483870967742
centerY: 0.6662866913650612
width: 0.03669354838709677
height: 0.022228555143915644
Area: 0.00028555603563187746
CentroidX: 0.9139
CentroidY: 0.6740
