Location: internet_1.png_Mean-Medain.png
Component: component_1755096855205_31.png
centerX: 0.42402257154373235
centerY: 0.05075563159395495
width: 0.045949214026602174
height: 0.026518391787852865
Area: 0.00047064275318769956
CentroidX: 0.4463
CentroidY: 0.0610
