Location: Dedata_29.png_Otsu.png
Component: component_1755504603672_439.png
centerX: 0.5504032258064516
centerY: 0.7762895411798233
width: 0.035483870967741936
height: 0.01937874038187518
Area: 0.0002757885253587549
CentroidX: 0.5691
CentroidY: 0.7841
