Location: Dedata_29.png_Gaussian-Closing.png
Component: component_1755504603785_10.png
centerX: 0.014112903225806451
centerY: 0.005984611000284981
width: 0.03508064516129032
height: 0.03362781419207751
Area: 0.00040207668759595144
CentroidX: 0.0344
CentroidY: 0.0178
