Location: Dedata_29.png_Mean-Medain.png
Component: component_1755504602487_241.png
centerX: 0.7286290322580645
centerY: 0.493872898261613
width: 0.03790322580645161
height: 0.028498147620404674
Area: 0.0004283915093905993
CentroidX: 0.7490
CentroidY: 0.5039
