Location: internet_1.png_Gaussian-Median.png
Component: component_1755096854781_70.png
centerX: 0.833937928254736
centerY: 0.11719418306244654
width: 0.03466344216041919
height: 0.025092671799258625
Area: 0.0002659505081505096
CentroidX: 0.8516
CentroidY: 0.1264
