Location: Dedata_29.png_Gaussian-Closing.png
Component: component_1755504603791_19.png
centerX: 0.9024193548387097
centerY: 0.007979481333713309
width: 0.03508064516129032
height: 0.027358221715588486
Area: 0.00036013384936430746
CentroidX: 0.9222
CentroidY: 0.0172
