Location: internet_1.png_Gaussian-Median.png
Component: component_1755096854843_299.png
centerX: 0.13139862958484483
centerY: 0.7507841459937268
width: 0.0475614671503426
height: 0.029940119760479042
Area: 0.0005447732967300845
CentroidX: 0.1565
CentroidY: 0.7614
