Location: internet_1.png_Gaussian-Median.png
Component: component_1755096854844_301.png
centerX: 0.6493349455864571
centerY: 0.7567721699458226
width: 0.04554615074566707
height: 0.023096663815226688
Area: 0.0005166151832915042
CentroidX: 0.6720
CentroidY: 0.7653
