Location: internet_1.png_Gaussian-Median.png
Component: component_1755096854827_218.png
centerX: 0.7122128174123338
centerY: 0.49729113202167097
width: 0.04836759371221282
height: 0.02423723980610208
Area: 0.00047753861770327027
CentroidX: 0.7378
CentroidY: 0.5066
