Location: Dedata_29.png_Mean-Medain.png
Component: component_1755504602352_67.png
centerX: 0.07379032258064516
centerY: 0.13992590481618694
width: 0.03588709677419355
height: 0.028498147620404674
Area: 0.0003849548166465954
CentroidX: 0.0925
CentroidY: 0.1498
