Location: Dedata_29.png_Gaussian-Closing.png
Component: component_1755504603790_16.png
centerX: 0.8362903225806452
centerY: 0.005984611000284981
width: 0.0407258064516129
height: 0.03134796238244514
Area: 0.0003966758289743425
CentroidX: 0.8596
CentroidY: 0.0164
