Location: Dedata_29.png_Otsu.png
Component: component_1755504603343_93.png
centerX: 0.6161290322580645
centerY: 0.12140210886292391
width: 0.0375
height: 0.024793388429752067
Area: 0.00026797451714025687
CentroidX: 0.6361
CentroidY: 0.1292
