Location: Dedata_29.png_Mean-Closing.png
Component: component_1755504603072_200.png
centerX: 0.6278225806451613
centerY: 0.41008834425762325
width: 0.03790322580645161
height: 0.02707324023938444
Area: 0.0004376993721214573
CentroidX: 0.6477
CentroidY: 0.4203
