Location: Dedata_29.png_Mean-Closing.png
Component: component_1755504602977_45.png
centerX: 0.19233870967741937
centerY: 0.09318894271872329
width: 0.04314516129032258
height: 0.027643203191792535
Area: 0.00040862666507322185
CentroidX: 0.2169
CentroidY: 0.1023
