Location: Dedata_29.png_Mean-Medain.png
Component: component_1755504602370_132.png
centerX: 0.6008064516129032
centerY: 0.2636078654887432
width: 0.039919354838709675
height: 0.02821316614420063
Area: 0.00041000560770001565
CentroidX: 0.6210
CentroidY: 0.2741
