Location: internet_1.png_Gaussian-Median.png
Component: component_1755096854774_36.png
centerX: 0.826682789197904
centerY: 0.04362703165098375
width: 0.041515517936316
height: 0.028229255774165955
Area: 0.0004788028595311249
CentroidX: 0.8480
CentroidY: 0.0538
