Location: Dedata_29.png_Mean-Closing.png
Component: component_1755504603041_142.png
centerX: 0.7245967741935484
centerY: 0.28868623539469934
width: 0.04314516129032258
height: 0.026788258763180393
Area: 0.00047366679230366156
CentroidX: 0.7475
CentroidY: 0.2988
