Location: Dedata_29.png_Gaussian-Closing.png
Component: component_1755504603904_169.png
centerX: 0.17943548387096775
centerY: 0.3328583642063266
width: 0.044758064516129036
height: 0.029353092049016812
Area: 0.00043379236801220823
CentroidX: 0.2031
CentroidY: 0.3437
