Location: internet_1.png_Mean-Closing.png
Component: component_1755096855120_194.png
centerX: 0.36477226924627165
centerY: 0.58169375534645
width: 0.049576783555018135
height: 0.027944111776447105
Area: 0.0005409805712465206
CentroidX: 0.3936
CentroidY: 0.5918
