Location: Dedata_29.png_Mean-Closing.png
Component: component_1755504603053_163.png
centerX: 0.17943548387096775
centerY: 0.33257338273012255
width: 0.044758064516129036
height: 0.02963807352522086
Area: 0.00045711948078213624
CentroidX: 0.2029
CentroidY: 0.3435
