Location: Dedata_29.png_Otsu.png
Component: component_1755504603404_143.png
centerX: 0.5387096774193548
centerY: 0.1610145340552864
width: 0.035483870967741936
height: 0.026788258763180393
Area: 0.0004029959826804806
CentroidX: 0.5579
CentroidY: 0.1704
