Location: internet_1.png_Mean-Medain.png
Component: component_1755096855247_237.png
centerX: 0.4687625957275292
centerY: 0.6732249786142002
width: 0.0475614671503426
height: 0.02765896777872826
Area: 0.0005536229895250668
CentroidX: 0.4939
CentroidY: 0.6828
