Location: internet_1.png_Mean-Medain.png
Component: component_1755096855220_105.png
centerX: 0.2845626763401854
centerY: 0.24066153407470772
width: 0.042724707779121324
height: 0.02765896777872826
Area: 0.0005036279717871794
CentroidX: 0.3071
CentroidY: 0.2510
