Location: internet_1.png_Gaussian-Median.png
Component: component_1755096854830_233.png
centerX: 0.23982265215638857
centerY: 0.5486170516110636
width: 0.04433696090286175
height: 0.025377815796977475
Area: 0.0004400710871686695
CentroidX: 0.2627
CentroidY: 0.5573
