Location: Dedata_29.png_Gaussian-Closing.png
Component: component_1755504603817_81.png
centerX: 0.660483870967742
centerY: 0.15588486748361358
width: 0.03669354838709677
height: 0.027358221715588486
Area: 0.0004347116630967374
CentroidX: 0.6767
CentroidY: 0.1686
