Location: internet_1.png_Mean-Medain.png
Component: component_1755096855220_104.png
centerX: 0.8548972188633616
centerY: 0.24037639007698888
width: 0.04030632809351068
height: 0.02737382378100941
Area: 0.0004828254471652078
CentroidX: 0.8756
CentroidY: 0.2499
