Location: Dedata_29.png_Otsu.png
Component: component_1755504603657_408.png
centerX: 0.44516129032258067
centerY: 0.7127386719863209
width: 0.035483870967741936
height: 0.02108862923909946
Area: 0.0002801551770102685
CentroidX: 0.4644
CentroidY: 0.7204
