Location: Dedata_29.png_Otsu.png
Component: component_1755504603532_269.png
centerX: 0.5209677419354839
centerY: 0.4223425477343973
width: 0.034274193548387094
height: 0.027358221715588486
Area: 0.0003700162715229962
CentroidX: 0.5387
CentroidY: 0.4324
