Location: internet_1.png_Mean-Medain.png
Component: component_1755096855238_192.png
centerX: 0.9480048367593712
centerY: 0.5206729398346165
width: 0.04353083434099154
height: 0.03307670373538637
Area: 0.0005827005515657232
CentroidX: 0.9713
CentroidY: 0.5323
