Location: Dedata_29.png_Gaussian-Closing.png
Component: component_1755504603988_260.png
centerX: 0.7338709677419355
centerY: 0.530920490168139
width: 0.03588709677419355
height: 0.025933314334568254
Area: 0.0003648452366725195
CentroidX: 0.7534
CentroidY: 0.5408
