Location: Dedata_29.png_Mean-Closing.png
Component: component_1755504603124_292.png
centerX: 0.26975806451612905
centerY: 0.6101453405528641
width: 0.0407258064516129
height: 0.024793388429752067
Area: 0.00037219959734875296
CentroidX: 0.2921
CentroidY: 0.6190
