Location: Dedata_29.png_Gaussian-Closing.png
Component: component_1755504603843_139.png
centerX: 0.48951612903225805
centerY: 0.2727272727272727
width: 0.039112903225806454
height: 0.02365346252493588
Area: 0.0003827714908208386
CentroidX: 0.5108
CentroidY: 0.2819
