Location: internet_1.png_Mean-Closing.png
Component: component_1755096855103_125.png
centerX: 0.22692462716646514
centerY: 0.3427430852580553
width: 0.04433696090286175
height: 0.024522383803820928
Area: 0.0004960425208200516
CentroidX: 0.2487
CentroidY: 0.3518
