Location: internet_1.png_Otsu.png
Component: component_1755096854596_632.png
centerX: 0.5050382910116888
centerY: 0.5680068434559452
width: 0.04433696090286175
height: 0.02423723980610208
Area: 0.0004442086058780119
CentroidX: 0.5304
CentroidY: 0.5775
