Location: internet_1.png_Gaussian-Median.png
Component: component_1755096854803_112.png
centerX: 0.9600967351874244
centerY: 0.19703450242372397
width: 0.031035872632003223
height: 0.026803535785571715
Area: 0.0004209925286755906
CentroidX: 0.9764
CentroidY: 0.2076
