Location: internet_1.png_Mean-Medain.png
Component: component_1755096855253_263.png
centerX: 0.7714631197097944
centerY: 0.7490732820074137
width: 0.044740024183796856
height: 0.02594810379241517
Area: 0.0005274187043658983
CentroidX: 0.7951
CentroidY: 0.7580
