Location: Dedata_29.png_Mean-Medain.png
Component: component_1755504602588_250.png
centerX: 0.9314516129032258
centerY: 0.5143915645483044
width: 0.031048387096774193
height: 0.024223425477343973
Area: 0.0003641557653591226
CentroidX: 0.9487
CentroidY: 0.5231
