Location: Dedata_29.png_Mean-Medain.png
Component: component_1755504602661_323.png
centerX: 0.9443548387096774
centerY: 0.6640068395554289
width: 0.035483870967741936
height: 0.024223425477343973
Area: 0.0003331295562562627
CentroidX: 0.9623
CentroidY: 0.6730
