Location: Dedata_29.png_Mean-Closing.png
Component: component_1755504603074_203.png
centerX: 0.5201612903225806
centerY: 0.42205756625819324
width: 0.035483870967741936
height: 0.027643203191792535
Area: 0.00043551604629570045
CentroidX: 0.5387
CentroidY: 0.4325
