Location: Dedata_29.png_Mean-Medain.png
Component: component_1755504602586_249.png
centerX: 0.525
centerY: 0.51268167569108
width: 0.031451612903225803
height: 0.026788258763180393
Area: 0.0003858741117311246
CentroidX: 0.5420
CentroidY: 0.5221
