Location: internet_1.png_Mean-Medain.png
Component: component_1755096855209_52.png
centerX: 0.833937928254736
centerY: 0.11662389506700883
width: 0.03466344216041919
height: 0.02566295979469632
Area: 0.00031916359599566343
CentroidX: 0.8514
CentroidY: 0.1260
