Location: internet_1.png_Otsu.png
Component: component_1755096854543_441.png
centerX: 0.909310761789601
centerY: 0.19817507841459936
width: 0.0354695687222894
height: 0.024522383803820928
Area: 0.0004331752226530988
CentroidX: 0.9273
CentroidY: 0.2071
