Location: Dedata_29.png_Otsu.png
Component: component_1755504603642_377.png
centerX: 0.2217741935483871
centerY: 0.6514676546024508
width: 0.03225806451612903
height: 0.025648332858364205
Area: 0.0002992305500142491
CentroidX: 0.2397
CentroidY: 0.6617
