Location: Dedata_29.png_Otsu.png
Component: component_1755504603477_191.png
centerX: 0.2346774193548387
centerY: 0.2536335138216016
width: 0.034274193548387094
height: 0.025078369905956112
Area: 0.0003437014497283483
CentroidX: 0.2541
CentroidY: 0.2626
