Location: internet_1.png_Otsu.png
Component: component_1755096854625_657.png
centerX: 0.7565497783151954
centerY: 0.6447105788423154
width: 0.04312777106005643
height: 0.030795551753635585
Area: 0.0005630473376963468
CentroidX: 0.7793
CentroidY: 0.6561
