Location: internet_1.png_Otsu.png
Component: component_1755096854674_693.png
centerX: 0.6497380088673922
centerY: 0.7567721699458226
width: 0.044740024183796856
height: 0.023096663815226688
Area: 0.0004912154156591521
CentroidX: 0.6721
CentroidY: 0.7653
