Location: Dedata_29.png_Mean-Closing.png
Component: component_1755504602951_25.png
centerX: 0.4762096774193548
centerY: 0.04987175833570818
width: 0.04758064516129032
height: 0.028783129096608722
Area: 0.0004182792634607783
CentroidX: 0.5032
CentroidY: 0.0588
