Location: Dedata_29.png_Mean-Medain.png
Component: component_1755504602412_229.png
centerX: 0.06653225806451613
centerY: 0.4687945283556569
width: 0.04032258064516129
height: 0.023938444001139925
Area: 0.00042103714871436583
CentroidX: 0.0869
CentroidY: 0.4787
