Location: internet_1.png_Mean-Closing.png
Component: component_1755096855071_13.png
centerX: 0.7702539298669892
centerY: 0.005988023952095809
width: 0.042724707779121324
height: 0.03307670373538637
Area: 0.0004991456598520584
CentroidX: 0.7907
CentroidY: 0.0190
