Location: internet_1.png_Mean-Medain.png
Component: component_1755096855237_189.png
centerX: 0.017331721080209594
centerY: 0.5146849158825206
width: 0.0471584038694075
height: 0.02737382378100941
Area: 0.000530062119096867
CentroidX: 0.0424
CentroidY: 0.5243
