Location: internet_1.png_Mean-Closing.png
Component: component_1755096855081_49.png
centerX: 0.7666263603385731
centerY: 0.11776447105788423
width: 0.039500201531640466
height: 0.026803535785571715
Area: 0.0003908805869575986
CentroidX: 0.7872
CentroidY: 0.1277
