Location: internet_1.png_Mean-Closing.png
Component: component_1755096855089_84.png
centerX: 0.015719467956469165
centerY: 0.21642429426860565
width: 0.04877065699314793
height: 0.03022526375819789
Area: 0.00045156419469462067
CentroidX: 0.0403
CentroidY: 0.2274
