Location: internet_1.png_Otsu.png
Component: component_1755096854536_168.png
centerX: 0.2704554615074567
centerY: 0.10407755916737953
width: 0.04796453043127771
height: 0.03136583974907328
Area: 0.00038306527383995183
CentroidX: 0.2953
CentroidY: 0.1143
