Location: Dedata_29.png_Otsu.png
Component: component_1755504603662_421.png
centerX: 0.1217741935483871
centerY: 0.7398119122257053
width: 0.03064516129032258
height: 0.02365346252493588
Area: 0.0002887735684277296
CentroidX: 0.1383
CentroidY: 0.7486
