Location: Dedata_29.png_Gaussian-Closing.png
Component: component_1755504603811_68.png
centerX: 0.12943548387096773
centerY: 0.13821601595896266
width: 0.038306451612903226
height: 0.02821316614420063
Area: 0.0003579505235385506
CentroidX: 0.1512
CentroidY: 0.1471
