Location: Dedata_29.png_Gaussian-Closing.png
Component: component_1755504604384_345.png
centerX: 0.5564516129032258
centerY: 0.701054431461955
width: 0.027016129032258064
height: 0.023083499572527786
Area: 0.0003073892938894456
CentroidX: 0.5711
CentroidY: 0.7104
