Location: Dedata_29.png_Otsu.png
Component: component_1755504603674_445.png
centerX: 0.00967741935483871
centerY: 0.7859789113707609
width: 0.034274193548387094
height: 0.023083499572527786
Area: 0.000297621783616323
CentroidX: 0.0281
CentroidY: 0.7941
