Location: internet_1.png_Mean-Closing.png
Component: component_1755096855080_46.png
centerX: 0.8976219266424829
centerY: 0.11206159110350727
width: 0.037081821846029824
height: 0.027088679783290562
Area: 0.00038570868857092057
CentroidX: 0.9171
CentroidY: 0.1217
