Location: Dedata_29.png_Otsu.png
Component: component_1755504603523_255.png
centerX: 0.45
centerY: 0.3878597891137076
width: 0.0375
height: 0.025648332858364205
Area: 0.0003360023533954164
CentroidX: 0.4686
CentroidY: 0.3976
