Location: Dedata_29.png_Otsu.png
Component: component_1755504603298_33.png
centerX: 0.30362903225806454
centerY: 0.053006554573952695
width: 0.043548387096774194
height: 0.02792818466799658
Area: 0.0003155480377646421
CentroidX: 0.3282
CentroidY: 0.0611
