Location: internet_1.png_Mean-Closing.png
Component: component_1755096855131_229.png
centerX: 0.19306731156791615
centerY: 0.6966067864271457
width: 0.03788794840790004
height: 0.028514399771884802
Area: 0.0005929294172638198
CentroidX: 0.2128
CentroidY: 0.7087
