Location: Dedata_29.png_Mean-Closing.png
Component: component_1755504603037_133.png
centerX: 0.48951612903225805
centerY: 0.2727272727272727
width: 0.039112903225806454
height: 0.02365346252493588
Area: 0.0004046047490784067
CentroidX: 0.5108
CentroidY: 0.2818
