Location: Dedata_29.png_Gaussian-Closing.png
Component: component_1755504603987_256.png
centerX: 0.3721774193548387
centerY: 0.5235109717868338
width: 0.03588709677419355
height: 0.03305785123966942
Area: 0.0004313792184153191
CentroidX: 0.3897
CentroidY: 0.5358
