Location: Samociqulo_1709_page_10.png_Gaussian-Median.png
Component: component_1755610056290_3125.png
centerX: 0.10565110565110565
centerY: 0.7778125
width: 0.033906633906633905
height: 0.013125
Area: 0.00019963144963144964
CentroidX: 0.1236
CentroidY: 0.7826
