Location: internet_1.png_Mean-Medain.png
Component: component_1755096855225_133.png
centerX: 0.4328899637243047
centerY: 0.3196464214428286
width: 0.049979846835953246
height: 0.025092671799258625
Area: 0.0005955728319947885
CentroidX: 0.4580
CentroidY: 0.3294
