Location: Dedata_29.png_Gaussian-Closing.png
Component: component_1755504603865_153.png
centerX: 0.6096774193548387
centerY: 0.30037047591906524
width: 0.039919354838709675
height: 0.022798518096323737
Area: 0.0004051793085062374
CentroidX: 0.6318
CentroidY: 0.3086
