Location: Dedata_29.png_Otsu.png
Component: component_1755504603646_384.png
centerX: 0.5024193548387097
centerY: 0.6662866913650612
width: 0.03185483870967742
height: 0.022513536620119692
Area: 0.00027015784296601365
CentroidX: 0.5192
CentroidY: 0.6742
