Location: Dedata_29.png_Gaussian-Closing.png
Component: component_1755504603835_125.png
centerX: 0.8669354838709677
centerY: 0.2445141065830721
width: 0.039112903225806454
height: 0.028498147620404674
Area: 0.0004113845503268094
CentroidX: 0.8884
CentroidY: 0.2545
