Location: internet_1.png_Gaussian-Median.png
Component: component_1755096854814_166.png
centerX: 0.4328899637243047
centerY: 0.3196464214428286
width: 0.049979846835953246
height: 0.025092671799258625
Area: 0.0005643115795242015
CentroidX: 0.4579
CentroidY: 0.3294
