Location: Dedata_29.png_Otsu.png
Component: component_1755504603604_344.png
centerX: 0.5447580645161291
centerY: 0.5842120262182958
width: 0.028225806451612902
height: 0.0219435736677116
Area: 0.00027705255609998254
CentroidX: 0.5593
CentroidY: 0.5927
