Location: Kurtxevani_1764_page_10.png_Otsu.png
Component: component_1755610055842_674.png
centerX: 0.6485436893203883
centerY: 0.20346117867165575
width: 0.02524271844660194
height: 0.017305893358278764
Area: 0.00019496187042301278
CentroidX: 0.6616
CentroidY: 0.2096
