Location: Dedata_29.png_Mean-Medain.png
Component: component_1755504602689_355.png
centerX: 0.22620967741935483
centerY: 0.7298375605585637
width: 0.041935483870967745
height: 0.02080364776289541
Area: 0.00036427067724468875
CentroidX: 0.2487
CentroidY: 0.7377
