Location: internet_1.png_Mean-Closing.png
Component: component_1755096855135_241.png
centerX: 0.8702136235388956
centerY: 0.7379526660963787
width: 0.03788794840790004
height: 0.02594810379241517
Area: 0.0005389118118918494
CentroidX: 0.8909
CentroidY: 0.7479
