Location: Dedata_29.png_Otsu.png
Component: component_1755504603389_122.png
centerX: 0.8596774193548387
centerY: 0.14163579367341123
width: 0.03669354838709677
height: 0.02792818466799658
Area: 0.0004389634028626849
CentroidX: 0.8794
CentroidY: 0.1511
