Location: Dedata_29.png_Mean-Medain.png
Component: component_1755504602678_337.png
centerX: 0.22701612903225807
centerY: 0.6919350242234255
width: 0.02943548387096774
height: 0.022798518096323737
Area: 0.00034117338824589307
CentroidX: 0.2427
CentroidY: 0.7005
