Location: internet_1.png_Otsu.png
Component: component_1755096854545_498.png
centerX: 0.5945183393792826
centerY: 0.2167094382663245
width: 0.042724707779121324
height: 0.02281151981750784
Area: 0.0004365082238356247
CentroidX: 0.6164
CentroidY: 0.2249
