Location: internet_1.png_Otsu.png
Component: component_1755096854551_554.png
centerX: 0.15759774284562678
centerY: 0.29911605360707155
width: 0.04232164449818621
height: 0.02594810379241517
Area: 0.0005282232218927148
CentroidX: 0.1811
CentroidY: 0.3086
