Location: Dedata_29.png_Gaussian-Closing.png
Component: component_1755504604018_294.png
centerX: 0.011693548387096775
centerY: 0.5950413223140496
width: 0.034274193548387094
height: 0.031917925334853235
Area: 0.00041264858106803705
CentroidX: 0.0291
CentroidY: 0.6065
