Location: Dedata_29.png_Mean-Closing.png
Component: component_1755504603154_354.png
centerX: 0.12137096774193548
centerY: 0.7395269307495013
width: 0.031451612903225803
height: 0.024223425477343973
Area: 0.00034462074481287746
CentroidX: 0.1382
CentroidY: 0.7487
