Location: Dedata_29.png_Mean-Medain.png
Component: component_1755504602668_330.png
centerX: 0.8036290322580645
centerY: 0.6754060986035908
width: 0.03467741935483871
height: 0.023083499572527786
Area: 0.000337266384136644
CentroidX: 0.8226
CentroidY: 0.6841
