Location: Dedata_29.png_Mean-Medain.png
Component: component_1755504602669_331.png
centerX: 0.3903225806451613
centerY: 0.6782559133656312
width: 0.03870967741935484
height: 0.02365346252493588
Area: 0.00036725838626940863
CentroidX: 0.4098
CentroidY: 0.6876
