Location: Dedata_29.png_Gaussian-Closing.png
Component: component_1755504604028_306.png
centerX: 0.16733870967741934
centerY: 0.6212596181248219
width: 0.028225806451612902
height: 0.02336848104873183
Area: 0.0003158927734213405
CentroidX: 0.1819
CentroidY: 0.6306
