Location: internet_1.png_Mean-Medain.png
Component: component_1755096855211_66.png
centerX: 0.9568722289399436
centerY: 0.15454804676361564
width: 0.030632809351068116
height: 0.031080695751354435
Area: 0.000344908156853794
CentroidX: 0.9721
CentroidY: 0.1670
