Location: Dedata_29.png_Mean-Medain.png
Component: component_1755504602354_79.png
centerX: 0.5991935483870968
centerY: 0.15901966372185808
width: 0.0407258064516129
height: 0.02792818466799658
Area: 0.0004868816591437686
CentroidX: 0.6215
CentroidY: 0.1690
