Location: Dedata_29.png_Gaussian-Closing.png
Component: component_1755504603881_161.png
centerX: 0.40725806451612906
centerY: 0.31547449415787976
width: 0.03387096774193549
height: 0.024223425477343973
Area: 0.00037932413425385413
CentroidX: 0.4246
CentroidY: 0.3249
