Location: Dedata_29.png_Mean-Medain.png
Component: component_1755504602625_285.png
centerX: 0.95
centerY: 0.5867768595041323
width: 0.02943548387096774
height: 0.025078369905956112
Area: 0.00033634708905211483
CentroidX: 0.9659
CentroidY: 0.5961
