Location: internet_1.png_Mean-Closing.png
Component: component_1755096855111_161.png
centerX: 0.509471987101975
centerY: 0.46478471628172224
width: 0.04191858121725111
height: 0.028514399771884802
Area: 0.0004770788934022322
CentroidX: 0.5309
CentroidY: 0.4749
