Location: Dedata_29.png_Otsu.png
Component: component_1755504603669_432.png
centerX: 0.7120967741935483
centerY: 0.7597606155599886
width: 0.038306451612903226
height: 0.022228555143915644
Area: 0.0002942893389349047
CentroidX: 0.7319
CentroidY: 0.7683
