Location: Dedata_29.png_Mean-Closing.png
Component: component_1755504603150_344.png
centerX: 0.3895161290322581
centerY: 0.7178683385579937
width: 0.035483870967741936
height: 0.0219435736677116
Area: 0.0003343935869974903
CentroidX: 0.4099
CentroidY: 0.7258
