Location: internet_1.png_Otsu.png
Component: component_1755096854587_618.png
centerX: 0.4619105199516324
centerY: 0.5209580838323353
width: 0.04353083434099154
height: 0.02765896777872826
Area: 0.00046466633727420496
CentroidX: 0.4851
CentroidY: 0.5318
