Location: Dedata_29.png_Otsu.png
Component: component_1755504603510_230.png
centerX: 0.17983870967741936
centerY: 0.3328583642063266
width: 0.04395161290322581
height: 0.029068110572812767
Area: 0.0003887469088702783
CentroidX: 0.2029
CentroidY: 0.3435
