Location: internet_1.png_Mean-Closing.png
Component: component_1755096855133_236.png
centerX: 0.5578395808141878
centerY: 0.7154262902765897
width: 0.0471584038694075
height: 0.02480752780153978
Area: 0.0005263843246885627
CentroidX: 0.5835
CentroidY: 0.7248
