Location: internet_1.png_Mean-Closing.png
Component: component_1755096855090_85.png
centerX: 0.5945183393792826
centerY: 0.21642429426860565
width: 0.04312777106005643
height: 0.023096663815226688
Area: 0.0004869629658745502
CentroidX: 0.6164
CentroidY: 0.2250
