Location: internet_1.png_Gaussian-Median.png
Component: component_1755096854846_315.png
centerX: 0.01007658202337767
centerY: 0.8095238095238095
width: 0.04353083434099154
height: 0.024522383803820928
Area: 0.000455471851253444
CentroidX: 0.0346
CentroidY: 0.8182
