Location: internet_1.png_Otsu.png
Component: component_1755096854529_27.png
centerX: 0.6823861346231358
centerY: 0.008839463929284289
width: 0.0475614671503426
height: 0.02765896777872826
Area: 0.0005090297323243764
CentroidX: 0.7062
CentroidY: 0.0197
