Location: internet_1.png_Mean-Medain.png
Component: component_1755096855256_284.png
centerX: 0.22370012091898428
centerY: 0.8323353293413174
width: 0.04433696090286175
height: 0.03307670373538637
Area: 0.0006131572865094938
CentroidX: 0.2482
CentroidY: 0.8447
