Location: internet_1.png_Gaussian-Median.png
Component: component_1755096854807_132.png
centerX: 0.3538895606610238
centerY: 0.23552894211576847
width: 0.04514308746473196
height: 0.02737382378100941
Area: 0.0004874226901755882
CentroidX: 0.3793
CentroidY: 0.2447
