Location: Kurtxevani_1784_page_10.png_Gaussian-Closing.png
Component: component_1755610055776_621.png
centerX: 0.14639397201291712
centerY: 0.850199203187251
width: 0.02906350914962325
height: 0.0199203187250996
Area: 0.0003173527633277439
CentroidX: 0.1619
CentroidY: 0.8573
