Location: Dedata_29.png_Gaussian-Closing.png
Component: component_1755504603829_113.png
centerX: 0.12701612903225806
centerY: 0.21915075520091193
width: 0.03870967741935484
height: 0.02821316614420063
Area: 0.0004665422553985604
CentroidX: 0.1479
CentroidY: 0.2296
