Location: Dedata_29.png_Otsu.png
Component: component_1755504603308_47.png
centerX: 0.7290322580645161
centerY: 0.07922485038472499
width: 0.04153225806451613
height: 0.023083499572527786
Area: 0.00022109046782926853
CentroidX: 0.7543
CentroidY: 0.0876
