Location: internet_1.png_Gaussian-Median.png
Component: component_1755096854830_232.png
centerX: 0.701733172108021
centerY: 0.5431993156544055
width: 0.04353083434099154
height: 0.025092671799258625
Area: 0.0005059265932923696
CentroidX: 0.7259
CentroidY: 0.5537
