Location: internet_1.png_Otsu.png
Component: component_1755096854542_415.png
centerX: 0.3978234582829504
centerY: 0.19190191046478472
width: 0.04312777106005643
height: 0.031080695751354435
Area: 0.0003608835763148661
CentroidX: 0.4201
CentroidY: 0.2019
