Location: Dedata_29.png_Otsu.png
Component: component_1755504603677_453.png
centerX: 0.646774193548387
centerY: 0.8042177258478199
width: 0.034274193548387094
height: 0.024508406953548018
Area: 0.0002615394515485526
CentroidX: 0.6641
CentroidY: 0.8133
