Location: Dedata_29.png_Mean-Closing.png
Component: component_1755504603026_115.png
centerX: 0.5044354838709677
centerY: 0.2322599031062981
width: 0.039112903225806454
height: 0.02792818466799658
Area: 0.00043953796229051565
CentroidX: 0.5259
CentroidY: 0.2424
