Location: Dedata_29.png_Mean-Closing.png
Component: component_1755504603159_368.png
centerX: 0.22016129032258064
centerY: 0.7688800227985181
width: 0.039112903225806454
height: 0.022513536620119692
Area: 0.0003507110747478833
CentroidX: 0.2409
CentroidY: 0.7775
