Location: internet_1.png_Mean-Closing.png
Component: component_1755096855116_179.png
centerX: 0.38814993954050786
centerY: 0.5292272597661819
width: 0.04877065699314793
height: 0.027088679783290562
Area: 0.0005169599765172827
CentroidX: 0.4139
CentroidY: 0.5389
