Location: internet_1.png_Mean-Medain.png
Component: component_1755096855206_35.png
centerX: 0.10278113663845223
centerY: 0.06814941545480467
width: 0.04675534058847239
height: 0.026518391787852865
Area: 0.0004428294329748978
CentroidX: 0.1248
CentroidY: 0.0775
