Location: Dedata_29.png_Otsu.png
Component: component_1755504603661_418.png
centerX: 0.17056451612903226
centerY: 0.7358221715588487
width: 0.035483870967741936
height: 0.022513536620119692
Area: 0.0002933700438503755
CentroidX: 0.1893
CentroidY: 0.7438
