Location: internet_1.png_Gaussian-Median.png
Component: component_1755096854826_212.png
centerX: 0.9032648125755743
centerY: 0.4776161961790704
width: 0.04554615074566707
height: 0.02281151981750784
Area: 0.0004558166444792226
CentroidX: 0.9273
CentroidY: 0.4865
