Location: Dedata_29.png_Otsu.png
Component: component_1755504603395_137.png
centerX: 0.7020161290322581
centerY: 0.15161014534055287
width: 0.03346774193548387
height: 0.029353092049016812
Area: 0.00039587144577537945
CentroidX: 0.7175
CentroidY: 0.1640
