Location: Dedata_29.png_Otsu.png
Component: component_1755504603607_349.png
centerX: 0.06290322580645161
centerY: 0.5927614705044172
width: 0.042741935483870966
height: 0.025078369905956112
Area: 0.0003408286525891946
CentroidX: 0.0861
CentroidY: 0.6014
