Location: Dedata_29.png_Mean-Medain.png
Component: component_1755504602442_233.png
centerX: 0.40483870967741936
centerY: 0.4773439726417783
width: 0.03870967741935484
height: 0.02707324023938444
Area: 0.00043942305040494946
CentroidX: 0.4258
CentroidY: 0.4876
