Location: Dedata_29.png_Otsu.png
Component: component_1755504603688_469.png
centerX: 0.07096774193548387
centerY: 0.8518096323738957
width: 0.03790322580645161
height: 0.025933314334568254
Area: 0.0002962428409895292
CentroidX: 0.0907
CentroidY: 0.8615
