Location: internet_1.png_Mean-Medain.png
Component: component_1755096855237_190.png
centerX: 0.5268037081821846
centerY: 0.5143997718848018
width: 0.04312777106005643
height: 0.025377815796977475
Area: 0.00046868892490828785
CentroidX: 0.5489
CentroidY: 0.5234
