Location: internet_1.png_Otsu.png
Component: component_1755096854562_600.png
centerX: 0.6215235792019347
centerY: 0.4553749643570003
width: 0.05038291011688835
height: 0.02594810379241517
Area: 0.00047259658146711126
CentroidX: 0.6473
CentroidY: 0.4644
