Location: Dedata_29.png_Otsu.png
Component: component_1755504603498_212.png
centerX: 0.6685483870967742
centerY: 0.2958107722998005
width: 0.038306451612903226
height: 0.022798518096323737
Area: 0.0003747276588312082
CentroidX: 0.6905
CentroidY: 0.3039
