Location: Dedata_29.png_Gaussian-Closing.png
Component: component_1755504603824_100.png
centerX: 0.6745967741935484
centerY: 0.19236249643773154
width: 0.036290322580645164
height: 0.022798518096323737
Area: 0.00036702856249827635
CentroidX: 0.6950
CentroidY: 0.2008
