Location: internet_1.png_Mean-Medain.png
Component: component_1755096855251_253.png
centerX: 0.5014107214832729
centerY: 0.7225548902195609
width: 0.042724707779121324
height: 0.02623324779013402
Area: 0.0005292576015700504
CentroidX: 0.5237
CentroidY: 0.7325
