Location: internet_1.png_Mean-Medain.png
Component: component_1755096855235_181.png
centerX: 0.309552599758162
centerY: 0.48731109210151125
width: 0.04796453043127771
height: 0.029654975762760195
Area: 0.0005266141868390817
CentroidX: 0.3344
CentroidY: 0.4974
