Location: Dedata_29.png_Mean-Medain.png
Component: component_1755504602383_167.png
centerX: 0.6104838709677419
centerY: 0.33371330863493875
width: 0.03467741935483871
height: 0.024223425477343973
Area: 0.00039035567526820436
CentroidX: 0.6293
CentroidY: 0.3433
