Location: Kurtxevani_1794_page_10.png_Mean-Medain.png
Component: component_1755610054859_1026.png
centerX: 0.6323787258912916
centerY: 0.28206258263552225
width: 0.02162478082992402
height: 0.015425297487880123
Area: 0.00015583710411901937
CentroidX: 0.6436
CentroidY: 0.2879
