Location: internet_1.png_Mean-Closing.png
Component: component_1755096855086_70.png
centerX: 0.52801289802499
centerY: 0.18078129455374964
width: 0.04030632809351068
height: 0.03222127174222983
Area: 0.00044547284770586653
CentroidX: 0.5497
CentroidY: 0.1921
