Location: Dedata_29.png_Gaussian-Closing.png
Component: component_1755504603823_98.png
centerX: 0.725
centerY: 0.18694784838985465
width: 0.039919354838709675
height: 0.025648332858364205
Area: 0.00044482390902655846
CentroidX: 0.7467
CentroidY: 0.1966
