Location: Dedata_29.png_Mean-Medain.png
Component: component_1755504602353_76.png
centerX: 0.7016129032258065
centerY: 0.15132516386434883
width: 0.03387096774193549
height: 0.02963807352522086
Area: 0.0004375844602358911
CentroidX: 0.7175
CentroidY: 0.1640
