Location: internet_1.png_Mean-Medain.png
Component: component_1755096855203_22.png
centerX: 0.009673518742442563
centerY: 0.01311662389506701
width: 0.0475614671503426
height: 0.03421727972626176
Area: 0.0005497153329662434
CentroidX: 0.0365
CentroidY: 0.0242
