Location: Dedata_29.png_Mean-Closing.png
Component: component_1755504603167_385.png
centerX: 0.6463709677419355
centerY: 0.8042177258478199
width: 0.035483870967741936
height: 0.024793388429752067
Area: 0.00033347429191296114
CentroidX: 0.6644
CentroidY: 0.8137
