Location: Dedata_29.png_Gaussian-Closing.png
Component: component_1755504604040_316.png
centerX: 0.38629032258064516
centerY: 0.640068395554289
width: 0.03225806451612903
height: 0.02336848104873183
Area: 0.0003245111648388016
CentroidX: 0.4022
CentroidY: 0.6501
