Location: Dedata_29.png_Otsu.png
Component: component_1755504603611_355.png
centerX: 0.7633064516129032
centerY: 0.6015958962667427
width: 0.03225806451612903
height: 0.022798518096323737
Area: 0.0002776271155278133
CentroidX: 0.7813
CentroidY: 0.6100
