Location: internet_1.png_Mean-Closing.png
Component: component_1755096855139_255.png
centerX: 0.39500201531640466
centerY: 0.7792985457656116
width: 0.03909713825070536
height: 0.02566295979469632
Area: 0.0005097193187759334
CentroidX: 0.4164
CentroidY: 0.7893
