Location: internet_1.png_Mean-Medain.png
Component: component_1755096855229_152.png
centerX: 0.3022974607013301
centerY: 0.38152266894781867
width: 0.04836759371221282
height: 0.029369831765041345
Area: 0.0006275236709169327
CentroidX: 0.3295
CentroidY: 0.3927
