Location: Dedata_29.png_Mean-Medain.png
Component: component_1755504602594_255.png
centerX: 0.3717741935483871
centerY: 0.5235109717868338
width: 0.036290322580645164
height: 0.03334283271587347
Area: 0.0004559703619264748
CentroidX: 0.3895
CentroidY: 0.5356
