Location: Dedata_29.png_Mean-Medain.png
Component: component_1755504602622_279.png
centerX: 0.26895161290322583
centerY: 0.5742376745511542
width: 0.03225806451612903
height: 0.02821316614420063
Area: 0.0003878276137857491
CentroidX: 0.2869
CentroidY: 0.5846
