Location: Dedata_29.png_Otsu.png
Component: component_1755504603555_299.png
centerX: 0.7846774193548387
centerY: 0.49216300940438873
width: 0.02903225806451613
height: 0.027643203191792535
Area: 0.0003225576627841771
CentroidX: 0.8008
CentroidY: 0.5021
