Location: internet_1.png_Gaussian-Median.png
Component: component_1755096854846_312.png
centerX: 0.21160822249093109
centerY: 0.7918448816652409
width: 0.041112454655380895
height: 0.026803535785571715
Area: 0.0004909855535086331
CentroidX: 0.2340
CentroidY: 0.8016
