Location: Dedata_29.png_Otsu.png
Component: component_1755504603645_382.png
centerX: 0.11895161290322581
centerY: 0.6634368766030208
width: 0.034274193548387094
height: 0.023938444001139925
Area: 0.00028383235734838523
CentroidX: 0.1376
CentroidY: 0.6723
