Location: internet_1.png_Mean-Medain.png
Component: component_1755096855219_100.png
centerX: 0.4800483675937122
centerY: 0.22611919019104648
width: 0.03909713825070536
height: 0.025377815796977475
Area: 0.00044236970867385974
CentroidX: 0.5010
CentroidY: 0.2352
