Location: internet_1.png_Otsu.png
Component: component_1755096854553_563.png
centerX: 0.3538895606610238
centerY: 0.3299116053607072
width: 0.04836759371221282
height: 0.02623324779013402
Area: 0.00052466035855967
CentroidX: 0.3795
CentroidY: 0.3386
