Location: internet_1.png_Mean-Medain.png
Component: component_1755096855253_264.png
centerX: 0.13139862958484483
centerY: 0.7507841459937268
width: 0.0475614671503426
height: 0.029940119760479042
Area: 0.0005697133400613984
CentroidX: 0.1564
CentroidY: 0.7613
