Location: Dedata_29.png_Gaussian-Closing.png
Component: component_1755504603807_56.png
centerX: 0.8927419354838709
centerY: 0.11171273867198632
width: 0.03588709677419355
height: 0.02792818466799658
Area: 0.0003834609621342355
CentroidX: 0.9126
CentroidY: 0.1211
