Location: Dedata_29.png_Mean-Closing.png
Component: component_1755504603023_109.png
centerX: 0.7322580645161291
centerY: 0.21972071815332003
width: 0.03346774193548387
height: 0.026788258763180393
Area: 0.00039483723880528413
CentroidX: 0.7499
CentroidY: 0.2301
