Location: Dedata_29.png_Otsu.png
Component: component_1755504603639_369.png
centerX: 0.8241935483870968
centerY: 0.6326588771729837
width: 0.02943548387096774
height: 0.024508406953548018
Area: 0.00028233850283602535
CentroidX: 0.8398
CentroidY: 0.6417
