Location: Dedata_29.png_Mean-Medain.png
Component: component_1755504602343_39.png
centerX: 0.597983870967742
centerY: 0.08378455400398974
width: 0.04596774193548387
height: 0.024508406953548018
Area: 0.0003989740666856654
CentroidX: 0.6236
CentroidY: 0.0915
