Location: internet_1.png_Gaussian-Median.png
Component: component_1755096854840_285.png
centerX: 0.6255542120112858
centerY: 0.7085828343313373
width: 0.04433696090286175
height: 0.02737382378100941
Area: 0.0005197183223235109
CentroidX: 0.6492
CentroidY: 0.7187
