Location: Dedata_29.png_Mean-Medain.png
Component: component_1755504602589_251.png
centerX: 0.46774193548387094
centerY: 0.5155314904531205
width: 0.03870967741935484
height: 0.029353092049016812
Area: 0.0004370099008080604
CentroidX: 0.4887
CentroidY: 0.5258
