Location: Dedata_29.png_Gaussian-Closing.png
Component: component_1755504603918_187.png
centerX: 0.6020161290322581
centerY: 0.3733257338273012
width: 0.041935483870967745
height: 0.027358221715588486
Area: 0.00043160904218645144
CentroidX: 0.6246
CentroidY: 0.3833
