Location: Dedata_29.png_Mean-Closing.png
Component: component_1755504603116_282.png
centerX: 0.9084677419354839
centerY: 0.5899116557423767
width: 0.02661290322580645
height: 0.022513536620119692
Area: 0.00031210068119765763
CentroidX: 0.9226
CentroidY: 0.5984
