Location: Dedata_29.png_Otsu.png
Component: component_1755504603471_184.png
centerX: 0.9233870967741935
centerY: 0.2402393844400114
width: 0.03669354838709677
height: 0.025933314334568254
Area: 0.00037679607277139887
CentroidX: 0.9435
CentroidY: 0.2498
