Location: internet_1.png_Mean-Closing.png
Component: component_1755096855079_40.png
centerX: 0.44095122934300685
centerY: 0.09466780724265754
width: 0.04796453043127771
height: 0.029369831765041345
Area: 0.00045937950781226744
CentroidX: 0.4649
CentroidY: 0.1047
