Location: Dedata_29.png_Otsu.png
Component: component_1755504603609_351.png
centerX: 0.012096774193548387
centerY: 0.5953263037902536
width: 0.03306451612903226
height: 0.03134796238244514
Area: 0.00036702856249827635
CentroidX: 0.0289
CentroidY: 0.6062
