Location: Dedata_29.png_Mean-Closing.png
Component: component_1755504603064_182.png
centerX: 0.18991935483870967
centerY: 0.3738956967797093
width: 0.045564516129032256
height: 0.025078369905956112
Area: 0.000418853822888609
CentroidX: 0.2120
CentroidY: 0.3834
