Location: internet_1.png_Mean-Medain.png
Component: component_1755096855210_60.png
centerX: 0.4844820636839984
centerY: 0.1371542629027659
width: 0.03667875856509472
height: 0.028229255774165955
Area: 0.00036973326910984847
CentroidX: 0.5040
CentroidY: 0.1478
