Location: Dedata_29.png_Mean-Medain.png
Component: component_1755504602365_116.png
centerX: 0.5645161290322581
centerY: 0.2268452550584212
width: 0.04032258064516129
height: 0.030208036477628954
Area: 0.0004691852287665818
CentroidX: 0.5853
CentroidY: 0.2381
