Location: Dedata_29.png_Mean-Medain.png
Component: component_1755504602372_139.png
centerX: 0.8919354838709678
centerY: 0.2767170133941294
width: 0.03669354838709677
height: 0.026788258763180393
Area: 0.0004092012245010526
CentroidX: 0.9108
CentroidY: 0.2867
