Location: Dedata_29.png_Gaussian-Closing.png
Component: component_1755504604003_279.png
centerX: 0.3524193548387097
centerY: 0.5682530635508692
width: 0.03790322580645161
height: 0.02536335138216016
Area: 0.0004248292409380487
CentroidX: 0.3722
CentroidY: 0.5774
