Location: Dedata_29.png_Mean-Closing.png
Component: component_1755504603013_90.png
centerX: 0.7798387096774193
centerY: 0.18267312624679397
width: 0.0407258064516129
height: 0.024223425477343973
Area: 0.0004524080934739242
CentroidX: 0.8024
CentroidY: 0.1915
