Location: Dedata_29.png_Gaussian-Closing.png
Component: component_1755504603802_45.png
centerX: 0.3092741935483871
centerY: 0.08748931319464234
width: 0.04395161290322581
height: 0.031917925334853235
Area: 0.00040138721628255454
CentroidX: 0.3344
CentroidY: 0.0982
