Location: Dedata_29.png_Otsu.png
Component: component_1755504603560_305.png
centerX: 0.6221774193548387
centerY: 0.506127101738387
width: 0.035483870967741936
height: 0.02792818466799658
Area: 0.0003825416670497063
CentroidX: 0.6416
CentroidY: 0.5158
