Location: internet_1.png_Mean-Closing.png
Component: component_1755096855082_51.png
centerX: 0.02257154373236598
centerY: 0.12318220701454234
width: 0.03909713825070536
height: 0.03165098374679213
Area: 0.00047363096114444686
CentroidX: 0.0413
CentroidY: 0.1353
