Location: Dedata_29.png_Mean-Closing.png
Component: component_1755504602939_20.png
centerX: 0.7217741935483871
centerY: 0.04531205471644343
width: 0.04314516129032258
height: 0.02707324023938444
Area: 0.000404834572849539
CentroidX: 0.7460
CentroidY: 0.0540
