Location: Dedata_29.png_Otsu.png
Component: component_1755504603475_189.png
centerX: 0.2887096774193548
centerY: 0.2510686805357652
width: 0.03790322580645161
height: 0.024223425477343973
Area: 0.00035289440057364015
CentroidX: 0.3093
CentroidY: 0.2591
