Location: Dedata_29.png_Mean-Medain.png
Component: component_1755504602703_370.png
centerX: 0.7116935483870968
centerY: 0.7591906526075805
width: 0.039112903225806454
height: 0.023083499572527786
Area: 0.00035967420182204284
CentroidX: 0.7320
CentroidY: 0.7684
