Location: Dedata_29.png_Mean-Closing.png
Component: component_1755504603095_241.png
centerX: 0.07056451612903226
centerY: 0.5109717868338558
width: 0.0467741935483871
height: 0.028498147620404674
Area: 0.0004940061960488697
CentroidX: 0.0944
CentroidY: 0.5212
