Location: Dedata_29.png_Otsu.png
Component: component_1755504603344_97.png
centerX: 0.48870967741935484
centerY: 0.12824166429182104
width: 0.03870967741935484
height: 0.02792818466799658
Area: 0.0002723411687917705
CentroidX: 0.5089
CentroidY: 0.1372
