Location: internet_1.png_Otsu.png
Component: component_1755096854587_617.png
centerX: 0.5272067714631197
centerY: 0.5146849158825206
width: 0.042724707779121324
height: 0.025092671799258625
Area: 0.00042662415136330667
CentroidX: 0.5490
CentroidY: 0.5234
