Location: Dedata_29.png_Otsu.png
Component: component_1755504603294_25.png
centerX: 0.603225806451613
centerY: 0.048446850954687946
width: 0.04032258064516129
height: 0.024223425477343973
Area: 0.0002799253532391362
CentroidX: 0.6259
CentroidY: 0.0563
