Location: Kurtxevani_1764_page_10.png_Otsu.png
Component: component_1755610055947_1371.png
centerX: 0.39288025889967637
centerY: 0.5406922357343311
width: 0.02459546925566343
height: 0.017305893358278764
Area: 0.00023734488573236336
CentroidX: 0.4058
CentroidY: 0.5472
