Location: Dedata_29.png_Mean-Medain.png
Component: component_1755504602397_209.png
centerX: 0.5201612903225806
centerY: 0.42205756625819324
width: 0.035483870967741936
height: 0.02792818466799658
Area: 0.0004349414868678697
CentroidX: 0.5386
CentroidY: 0.4325
