Location: Dedata_29.png_Gaussian-Closing.png
Component: component_1755504603791_21.png
centerX: 0.9129032258064517
centerY: 0.04189227700199487
width: 0.044758064516129036
height: 0.029923055001424906
Area: 0.0004074775462175604
CentroidX: 0.9376
CentroidY: 0.0512
