Location: Dedata_29.png_Otsu.png
Component: component_1755504603645_381.png
centerX: 0.5560483870967742
centerY: 0.6614420062695925
width: 0.03588709677419355
height: 0.02336848104873183
Area: 0.00028095956020923155
CentroidX: 0.5754
CentroidY: 0.6698
