Location: internet_1.png_Otsu.png
Component: component_1755096854544_462.png
centerX: 0.7831519548569126
centerY: 0.20587396635300828
width: 0.041515517936316
height: 0.02423723980610208
Area: 0.0004400710871686695
CentroidX: 0.8048
CentroidY: 0.2150
