Location: Dedata_29.png_Gaussian-Closing.png
Component: component_1755504604680_375.png
centerX: 0.3370967741935484
centerY: 0.7609005414648048
width: 0.03225806451612903
height: 0.021658592191507554
Area: 0.00029934546189981523
CentroidX: 0.3546
CentroidY: 0.7692
