Location: Dedata_29.png_Gaussian-Closing.png
Component: component_1755504604365_341.png
centerX: 0.22701612903225807
centerY: 0.6922200056996295
width: 0.02943548387096774
height: 0.022513536620119692
Area: 0.00031773136359039886
CentroidX: 0.2428
CentroidY: 0.7005
