Location: Dedata_29.png_Mean-Medain.png
Component: component_1755504602351_64.png
centerX: 0.19435483870967743
centerY: 0.13764605300655458
width: 0.0375
height: 0.025078369905956112
Area: 0.00037714080842809734
CentroidX: 0.2156
CentroidY: 0.1459
