Location: Dedata_29.png_Mean-Closing.png
Component: component_1755504602957_32.png
centerX: 0.06895161290322581
centerY: 0.055571387859789115
width: 0.04112903225806452
height: 0.029353092049016812
Area: 0.0003919644416661304
CentroidX: 0.0917
CentroidY: 0.0643
