Location: Dedata_29.png_Mean-Medain.png
Component: component_1755504602366_121.png
centerX: 0.3403225806451613
centerY: 0.24280421772584782
width: 0.03951612903225806
height: 0.023938444001139925
Area: 0.0004336774561266421
CentroidX: 0.3624
CentroidY: 0.2520
