Location: Dedata_29.png_Mean-Closing.png
Component: component_1755504603157_362.png
centerX: 0.7693548387096775
centerY: 0.7534910230834996
width: 0.038306451612903226
height: 0.024223425477343973
Area: 0.0003766811608858327
CentroidX: 0.7894
CentroidY: 0.7633
