Location: Dedata_29.png_Mean-Closing.png
Component: component_1755504603057_171.png
centerX: 0.9181451612903225
centerY: 0.35280706754060986
width: 0.042741935483870966
height: 0.028498147620404674
Area: 0.0004485010893646752
CentroidX: 0.9388
CentroidY: 0.3636
