Location: internet_1.png_Mean-Medain.png
Component: component_1755096855212_72.png
centerX: 0.01652559451833938
centerY: 0.1710863986313088
width: 0.04796453043127771
height: 0.0290846877673225
Area: 0.0003978913825484288
CentroidX: 0.0391
CentroidY: 0.1817
