Location: Dedata_29.png_Otsu.png
Component: component_1755504603514_239.png
centerX: 0.4080645161290323
centerY: 0.35451695639783415
width: 0.0375
height: 0.02365346252493588
Area: 0.0003602487612498736
CentroidX: 0.4268
CentroidY: 0.3639
