Location: internet_1.png_Otsu.png
Component: component_1755096854550_549.png
centerX: 0.7896009673518742
centerY: 0.2848588537211292
width: 0.04554615074566707
height: 0.028514399771884802
Area: 0.0005560365421055166
CentroidX: 0.8140
CentroidY: 0.2943
