Location: Dedata_29.png_Otsu.png
Component: component_1755504603508_225.png
centerX: 0.3495967741935484
centerY: 0.3214591051581647
width: 0.05161290322580645
height: 0.029923055001424906
Area: 0.00043574587006683273
CentroidX: 0.3738
CentroidY: 0.3322
