Location: Dedata_29.png_Mean-Closing.png
Component: component_1755504603024_111.png
centerX: 0.6786290322580645
centerY: 0.22456540324878882
width: 0.04032258064516129
height: 0.02080364776289541
Area: 0.0003838056977909339
CentroidX: 0.6995
CentroidY: 0.2331
