Location: internet_1.png_Mean-Medain.png
Component: component_1755096855255_278.png
centerX: 0.3353486497380089
centerY: 0.782435129740519
width: 0.03829101168883515
height: 0.02480752780153978
Area: 0.000525120082860708
CentroidX: 0.3547
CentroidY: 0.7923
