Location: internet_1.png_Mean-Closing.png
Component: component_1755096855124_209.png
centerX: 0.8814993954050786
centerY: 0.6330196749358425
width: 0.041112454655380895
height: 0.0290846877673225
Area: 0.0005287978772690124
CentroidX: 0.9036
CentroidY: 0.6433
