Location: Dedata_29.png_Otsu.png
Component: component_1755504603668_428.png
centerX: 0.825
centerY: 0.7506412083214591
width: 0.034274193548387094
height: 0.022798518096323737
Area: 0.0002900375991689572
CentroidX: 0.8430
CentroidY: 0.7590
