Location: Dedata_29.png_Mean-Medain.png
Component: component_1755504602376_149.png
centerX: 0.10766129032258065
centerY: 0.29780564263322884
width: 0.03467741935483871
height: 0.024508406953548018
Area: 0.00042138188437106425
CentroidX: 0.1273
CentroidY: 0.3073
