Location: Dedata_29.png_Gaussian-Closing.png
Component: component_1755504603825_102.png
centerX: 0.5129032258064516
centerY: 0.19863208891422057
width: 0.0375
height: 0.0262182958107723
Area: 0.0004182792634607783
CentroidX: 0.5347
CentroidY: 0.2083
