Location: internet_1.png_Mean-Medain.png
Component: component_1755096855239_200.png
centerX: 0.6287787182587666
centerY: 0.5511833475905332
width: 0.051592099959693674
height: 0.025092671799258625
Area: 0.0005279933597421958
CentroidX: 0.6571
CentroidY: 0.5602
