Location: Dedata_29.png_Mean-Medain.png
Component: component_1755504602358_95.png
centerX: 0.725
centerY: 0.18694784838985465
width: 0.03951612903225806
height: 0.025648332858364205
Area: 0.0004622905156326129
CentroidX: 0.7467
CentroidY: 0.1965
