Location: Dedata_29.png_Mean-Closing.png
Component: component_1755504603111_271.png
centerX: 0.6959677419354838
centerY: 0.5705329153605015
width: 0.035483870967741936
height: 0.02536335138216016
Area: 0.00033899006242013623
CentroidX: 0.7147
CentroidY: 0.5800
