Location: Dedata_29.png_Otsu.png
Component: component_1755504603524_260.png
centerX: 0.3338709677419355
centerY: 0.3975491593046452
width: 0.03790322580645161
height: 0.025933314334568254
Area: 0.00034163303578815763
CentroidX: 0.3545
CentroidY: 0.4065
