Location: Dedata_29.png_Otsu.png
Component: component_1755504603516_242.png
centerX: 0.35443548387096774
centerY: 0.3585066970646908
width: 0.035483870967741936
height: 0.021373610715303505
Area: 0.0003556522858272277
CentroidX: 0.3737
CentroidY: 0.3666
