Location: Dedata_29.png_Mean-Medain.png
Component: component_1755504602389_184.png
centerX: 0.6016129032258064
centerY: 0.3733257338273012
width: 0.04233870967741935
height: 0.027358221715588486
Area: 0.0004563150975831732
CentroidX: 0.6246
CentroidY: 0.3832
