Location: Dedata_29.png_Otsu.png
Component: component_1755504603274_3.png
centerX: 0.5455645161290322
centerY: 0.004274722143060701
width: 0.03306451612903226
height: 0.030493017953833
Area: 0.0003061252631482179
CentroidX: 0.5632
CentroidY: 0.0147
