Location: Dedata_29.png_Mean-Medain.png
Component: component_1755504602626_287.png
centerX: 0.49112903225806454
centerY: 0.5876318039327444
width: 0.03185483870967742
height: 0.023083499572527786
Area: 0.0003381856792211732
CentroidX: 0.5084
CentroidY: 0.5971
