Location: Dedata_29.png_Mean-Closing.png
Component: component_1755504603106_261.png
centerX: 0.9379032258064516
centerY: 0.5502992305500143
width: 0.034274193548387094
height: 0.023938444001139925
Area: 0.0003604785850210059
CentroidX: 0.9560
CentroidY: 0.5591
