Location: Dedata_29.png_Gaussian-Closing.png
Component: component_1755504603971_246.png
centerX: 0.6217741935483871
centerY: 0.505842120262183
width: 0.036290322580645164
height: 0.028783129096608722
Area: 0.0004226459151122919
CentroidX: 0.6418
CentroidY: 0.5161
