Location: Dedata_29.png_Mean-Medain.png
Component: component_1755504602406_220.png
centerX: 0.2875
centerY: 0.44400113992590484
width: 0.04153225806451613
height: 0.025078369905956112
Area: 0.00043482657498230355
CentroidX: 0.3089
CentroidY: 0.4541
