Location: internet_1.png_Gaussian-Median.png
Component: component_1755096854840_284.png
centerX: 0.06892382103990327
centerY: 0.7057313943541489
width: 0.039500201531640466
height: 0.03136583974907328
Area: 0.000575000169523336
CentroidX: 0.0898
CentroidY: 0.7176
