Location: internet_1.png_Otsu.png
Component: component_1755096854557_582.png
centerX: 0.6658605401047965
centerY: 0.3929284288565726
width: 0.0475614671503426
height: 0.029940119760479042
Area: 0.0004958126586695326
CentroidX: 0.6930
CentroidY: 0.4044
