Location: internet_1.png_Otsu.png
Component: component_1755096854546_506.png
centerX: 0.9121322047561468
centerY: 0.2358140861134873
width: 0.03829101168883515
height: 0.025092671799258625
Area: 0.00044363395050171436
CentroidX: 0.9324
CentroidY: 0.2452
