Location: Dedata_29.png_Mean-Medain.png
Component: component_1755504602671_334.png
centerX: 0.7020161290322581
centerY: 0.6833855799373041
width: 0.039112903225806454
height: 0.02365346252493588
Area: 0.0003622022633044981
CentroidX: 0.7216
CentroidY: 0.6927
