Location: Dedata_29.png_Mean-Medain.png
Component: component_1755504602578_246.png
centerX: 0.5693548387096774
centerY: 0.5104018238814477
width: 0.04153225806451613
height: 0.025933314334568254
Area: 0.00041391261180926466
CentroidX: 0.5908
CentroidY: 0.5200
