Location: Dedata_29.png_Gaussian-Closing.png
Component: component_1755504604719_388.png
centerX: 0.4375
centerY: 0.7874038187517811
width: 0.03870967741935484
height: 0.023938444001139925
Area: 0.0003365769128232471
CentroidX: 0.4574
CentroidY: 0.7968
