Location: internet_1.png_Mean-Medain.png
Component: component_1755096855212_71.png
centerX: 0.7855703345425232
centerY: 0.16966067864271456
width: 0.0354695687222894
height: 0.02737382378100941
Area: 0.00041306228448268433
CentroidX: 0.8030
CentroidY: 0.1806
