Location: internet_1.png_Otsu.png
Component: component_1755096854532_46.png
centerX: 0.4244256348246675
centerY: 0.05075563159395495
width: 0.04514308746473196
height: 0.02623324779013402
Area: 0.00038708786147403473
CentroidX: 0.4473
CentroidY: 0.0607
