Location: internet_1.png_Mean-Medain.png
Component: component_1755096855246_231.png
centerX: 0.6985086658605401
centerY: 0.6506986027944112
width: 0.04353083434099154
height: 0.03051040775591674
Area: 0.0005554618867292191
CentroidX: 0.7219
CentroidY: 0.6618
