Location: internet_1.png_Mean-Closing.png
Component: component_1755096855084_62.png
centerX: 0.8964127367996776
centerY: 0.16053607071571144
width: 0.03184199919387344
height: 0.02423723980610208
Area: 0.000330082048145317
CentroidX: 0.9134
CentroidY: 0.1694
