Location: Dedata_29.png_Mean-Medain.png
Component: component_1755504602388_180.png
centerX: 0.2955645161290323
centerY: 0.3633513821601596
width: 0.039112903225806454
height: 0.02536335138216016
Area: 0.00041552137820719074
CentroidX: 0.3163
CentroidY: 0.3728
