Location: internet_1.png_Mean-Closing.png
Component: component_1755096855103_128.png
centerX: 0.5759774284562676
centerY: 0.35300826917593386
width: 0.044740024183796856
height: 0.02594810379241517
Area: 0.00046144826716693863
CentroidX: 0.5992
CentroidY: 0.3625
