Location: Dedata_29.png_Mean-Medain.png
Component: component_1755504602712_384.png
centerX: 0.4375
centerY: 0.7871188372755771
width: 0.038306451612903226
height: 0.023938444001139925
Area: 0.00035553737394166155
CentroidX: 0.4572
CentroidY: 0.7966
