Location: internet_1.png_Otsu.png
Component: component_1755096854543_442.png
centerX: 0.32365981459089077
centerY: 0.19931565440547477
width: 0.04514308746473196
height: 0.025377815796977475
Area: 0.0002770988224506822
CentroidX: 0.3458
CentroidY: 0.2072
