Location: Dedata_29.png_Mean-Closing.png
Component: component_1755504602954_31.png
centerX: 0.18629032258064515
centerY: 0.05386149900256483
width: 0.03951612903225806
height: 0.02792818466799658
Area: 0.00039495215069085027
CentroidX: 0.2085
CentroidY: 0.0630
