Location: Dedata_29.png_Otsu.png
Component: component_1755504603655_403.png
centerX: 0.06774193548387097
centerY: 0.7050441721288117
width: 0.031451612903225803
height: 0.02080364776289541
Area: 0.00026923854788148447
CentroidX: 0.0850
CentroidY: 0.7124
