Location: Dedata_29.png_Mean-Closing.png
Component: component_1755504603054_166.png
centerX: 0.11975806451612903
centerY: 0.3382730122542035
width: 0.04153225806451613
height: 0.02963807352522086
Area: 0.00045321247667288723
CentroidX: 0.1422
CentroidY: 0.3478
