Location: Dedata_29.png_Mean-Closing.png
Component: component_1755504602927_14.png
centerX: 0.3407258064516129
centerY: 0.007124536905101168
width: 0.0407258064516129
height: 0.03134796238244514
Area: 0.00044804144182241057
CentroidX: 0.3632
CentroidY: 0.0171
