Location: internet_1.png_Mean-Closing.png
Component: component_1755096855122_202.png
centerX: 0.08746473196291818
centerY: 0.6087824351297405
width: 0.0475614671503426
height: 0.02623324779013402
Area: 0.0005182242183451373
CentroidX: 0.1135
CentroidY: 0.6182
