Location: internet_1.png_Otsu.png
Component: component_1755096854532_44.png
centerX: 0.5026199113260782
centerY: 0.04704875962360992
width: 0.04353083434099154
height: 0.029940119760479042
Area: 0.00040007507297835953
CentroidX: 0.5256
CentroidY: 0.0564
