Location: Dedata_29.png_Gaussian-Closing.png
Component: component_1755504603818_82.png
centerX: 0.5991935483870968
centerY: 0.15930464519806212
width: 0.0407258064516129
height: 0.027643203191792535
Area: 0.0004632098107171421
CentroidX: 0.6215
CentroidY: 0.1691
