Location: Dedata_29.png_Gaussian-Closing.png
Component: component_1755504603962_237.png
centerX: 0.3495967741935484
centerY: 0.48332858364206327
width: 0.036290322580645164
height: 0.025933314334568254
Area: 0.0003787495748260234
CentroidX: 0.3699
CentroidY: 0.4923
