Location: internet_1.png_Otsu.png
Component: component_1755096854686_705.png
centerX: 0.0773881499395405
centerY: 0.8018249215854006
width: 0.04191858121725111
height: 0.025377815796977475
Area: 0.0004953529343684946
CentroidX: 0.1007
CentroidY: 0.8111
