Location: Dedata_29.png_Gaussian-Closing.png
Component: component_1755504603802_43.png
centerX: 0.540725806451613
centerY: 0.08492447990880593
width: 0.04395161290322581
height: 0.027358221715588486
Area: 0.00037748554408479577
CentroidX: 0.5646
CentroidY: 0.0939
