Location: Dedata_29.png_Mean-Closing.png
Component: component_1755504603167_386.png
centerX: 0.21854838709677418
centerY: 0.8079224850384725
width: 0.03508064516129032
height: 0.021373610715303505
Area: 0.00032508572426663237
CentroidX: 0.2356
CentroidY: 0.8162
