Location: Dedata_29.png_Gaussian-Closing.png
Component: component_1755504603788_12.png
centerX: 0.2064516129032258
centerY: 0.005984611000284981
width: 0.04233870967741935
height: 0.0347677400968937
Area: 0.0004186239991174767
CentroidX: 0.2305
CentroidY: 0.0169
