Location: internet_1.png_Gaussian-Median.png
Component: component_1755096854825_207.png
centerX: 0.6211205159209996
centerY: 0.4550898203592814
width: 0.051189036678758564
height: 0.026518391787852865
Area: 0.000499950177378875
CentroidX: 0.6474
CentroidY: 0.4644
