Location: Dedata_29.png_Mean-Closing.png
Component: component_1755504603088_226.png
centerX: 0.957258064516129
centerY: 0.475634083784554
width: 0.02943548387096774
height: 0.029923055001424906
Area: 0.00039288373675065957
CentroidX: 0.9734
CentroidY: 0.4865
