Location: Dedata_29.png_Otsu.png
Component: component_1755504603509_228.png
centerX: 0.24233870967741936
centerY: 0.32772869763465373
width: 0.04395161290322581
height: 0.027643203191792535
Area: 0.00038633375927338916
CentroidX: 0.2638
CentroidY: 0.3379
