Location: internet_1.png_Mean-Medain.png
Component: component_1755096855225_131.png
centerX: 0.014913341394598953
centerY: 0.3110921015112632
width: 0.04191858121725111
height: 0.03421727972626176
Area: 0.0006654509257525715
CentroidX: 0.0368
CentroidY: 0.3242
