Location: internet_1.png_Gaussian-Median.png
Component: component_1755096854836_261.png
centerX: 0.2926239419588875
centerY: 0.634160250926718
width: 0.04393389762192664
height: 0.031936127744510975
Area: 0.0005912054511349271
CentroidX: 0.3171
CentroidY: 0.6460
