Location: internet_1.png_Gaussian-Median.png
Component: component_1755096854817_173.png
centerX: 0.22692462716646514
centerY: 0.3427430852580553
width: 0.04433696090286175
height: 0.024522383803820928
Area: 0.0004727115125423708
CentroidX: 0.2488
CentroidY: 0.3518
