Location: internet_1.png_Otsu.png
Component: component_1755096854529_29.png
centerX: 0.01007658202337767
centerY: 0.013401767892785858
width: 0.04675534058847239
height: 0.033932135728542916
Area: 0.0004983411423252419
CentroidX: 0.0364
CentroidY: 0.0241
