Location: Dedata_29.png_Mean-Medain.png
Component: component_1755504602637_300.png
centerX: 0.21895161290322582
centerY: 0.6149900256483328
width: 0.031451612903225803
height: 0.025078369905956112
Area: 0.00036335138216015957
CentroidX: 0.2355
CentroidY: 0.6253
