Location: Dedata_29.png_Otsu.png
Component: component_1755504603590_327.png
centerX: 0.9379032258064516
centerY: 0.5505842120262183
width: 0.03387096774193549
height: 0.023083499572527786
Area: 0.00028923321596999424
CentroidX: 0.9558
CentroidY: 0.5591
