Location: internet_1.png_Gaussian-Median.png
Component: component_1755096854820_186.png
centerX: 0.3022974607013301
centerY: 0.38152266894781867
width: 0.04836759371221282
height: 0.029654975762760195
Area: 0.0005929294172638198
CentroidX: 0.3295
CentroidY: 0.3927
