Location: internet_1.png_Mean-Closing.png
Component: component_1755096855104_132.png
centerX: 0.9334945586457074
centerY: 0.3652694610778443
width: 0.04554615074566707
height: 0.03022526375819789
Area: 0.0005284530840432339
CentroidX: 0.9574
CentroidY: 0.3766
