Location: Dedata_29.png_Gaussian-Closing.png
Component: component_1755504604374_342.png
centerX: 0.5991935483870968
centerY: 0.6927899686520376
width: 0.039112903225806454
height: 0.026503277286976348
Area: 0.00036438558913025494
CentroidX: 0.6191
CentroidY: 0.7030
