Location: internet_1.png_Otsu.png
Component: component_1755096854611_643.png
centerX: 0.15598548972188633
centerY: 0.6025092671799258
width: 0.04433696090286175
height: 0.02566295979469632
Area: 0.0004305318079221301
CentroidX: 0.1786
CentroidY: 0.6112
