Location: Dedata_29.png_Mean-Medain.png
Component: component_1755504602685_348.png
centerX: 0.44475806451612904
centerY: 0.7124536905101169
width: 0.036290322580645164
height: 0.021658592191507554
Area: 0.0003474935419520312
CentroidX: 0.4644
CentroidY: 0.7204
