Location: internet_1.png_Mean-Medain.png
Component: component_1755096855228_151.png
centerX: 0.8012898024989923
centerY: 0.37781579697747364
width: 0.0471584038694075
height: 0.028514399771884802
Area: 0.0005243155653338915
CentroidX: 0.8278
CentroidY: 0.3886
