Location: Dedata_29.png_Gaussian-Closing.png
Component: component_1755504604011_288.png
centerX: 0.12217741935483871
centerY: 0.5870618409803363
width: 0.03346774193548387
height: 0.029353092049016812
Area: 0.0003619724395333658
CentroidX: 0.1401
CentroidY: 0.5981
