Location: Dedata_29.png_Mean-Medain.png
Component: component_1755504602660_322.png
centerX: 0.11854838709677419
centerY: 0.6631518951268167
width: 0.035483870967741936
height: 0.024508406953548018
Area: 0.00034232250710155453
CentroidX: 0.1377
CentroidY: 0.6724
