Location: Dedata_29.png_Gaussian-Closing.png
Component: component_1755504603917_186.png
centerX: 0.6616935483870968
centerY: 0.36990595611285265
width: 0.03387096774193549
height: 0.025078369905956112
Area: 0.0003507110747478833
CentroidX: 0.6784
CentroidY: 0.3800
