Location: internet_1.png_Mean-Closing.png
Component: component_1755096855094_106.png
centerX: 0.3683998387746876
centerY: 0.2788708297690334
width: 0.04554615074566707
height: 0.028514399771884802
Area: 0.0006169500119930577
CentroidX: 0.3918
CentroidY: 0.2894
