Location: Dedata_29.png_Mean-Closing.png
Component: component_1755504603103_253.png
centerX: 0.2717741935483871
centerY: 0.5340552864063836
width: 0.03508064516129032
height: 0.030493017953833
Area: 0.0004550510668419456
CentroidX: 0.2893
CentroidY: 0.5450
