Location: Dedata_29.png_Otsu.png
Component: component_1755504603651_392.png
centerX: 0.7580645161290323
centerY: 0.6816756910800797
width: 0.027419354838709678
height: 0.022798518096323737
Area: 0.0002687789003392199
CentroidX: 0.7718
CentroidY: 0.6903
