Location: internet_1.png_Mean-Closing.png
Component: component_1755096855110_156.png
centerX: 0.16444981862152358
centerY: 0.4473909324208725
width: 0.04675534058847239
height: 0.02765896777872826
Area: 0.0005269589800648602
CentroidX: 0.1899
CentroidY: 0.4572
