Location: Dedata_29.png_Gaussian-Closing.png
Component: component_1755504603912_183.png
centerX: 0.7040322580645161
centerY: 0.3633513821601596
width: 0.0375
height: 0.027643203191792535
Area: 0.0004035705421083113
CentroidX: 0.7235
CentroidY: 0.3740
