Location: Dedata_29.png_Mean-Medain.png
Component: component_1755504602341_32.png
centerX: 0.18629032258064515
centerY: 0.05386149900256483
width: 0.03951612903225806
height: 0.02792818466799658
Area: 0.00039541179823311483
CentroidX: 0.2085
CentroidY: 0.0630
