Location: internet_1.png_Otsu.png
Component: component_1755096854556_577.png
centerX: 0.38210399032648124
centerY: 0.37496435700028513
width: 0.04070939137444579
height: 0.027088679783290562
Area: 0.000509604387700674
CentroidX: 0.4030
CentroidY: 0.3848
