Location: Dedata_29.png_Otsu.png
Component: component_1755504603497_211.png
centerX: 0.16048387096774194
centerY: 0.2955257908235965
width: 0.03790322580645161
height: 0.028498147620404674
Area: 0.00036346629404572576
CentroidX: 0.1803
CentroidY: 0.3054
