Location: Dedata_29.png_Mean-Medain.png
Component: component_1755504602635_294.png
centerX: 0.3842741935483871
centerY: 0.6010259333143345
width: 0.032661290322580645
height: 0.022513536620119692
Area: 0.0003357725296242841
CentroidX: 0.4028
CentroidY: 0.6098
