Location: Dedata_29.png_Otsu.png
Component: component_1755504603556_300.png
centerX: 0.25564516129032255
centerY: 0.49244799088059277
width: 0.03951612903225806
height: 0.028498147620404674
Area: 0.0003553075501705292
CentroidX: 0.2732
CentroidY: 0.5034
