Location: Dedata_29.png_Mean-Closing.png
Component: component_1755504603171_395.png
centerX: 0.37459677419354837
centerY: 0.8275862068965517
width: 0.03306451612903226
height: 0.027643203191792535
Area: 0.00035082598663344945
CentroidX: 0.3923
CentroidY: 0.8382
