Location: Dedata_29.png_Gaussian-Closing.png
Component: component_1755504604769_409.png
centerX: 0.18911290322580646
centerY: 0.8429752066115702
width: 0.02338709677419355
height: 0.02536335138216016
Area: 0.0002555640334991129
CentroidX: 0.2015
CentroidY: 0.8524
