Location: internet_1.png_Gaussian-Median.png
Component: component_1755096854772_27.png
centerX: 0.24989923417976623
centerY: 0.008839463929284289
width: 0.042724707779121324
height: 0.025092671799258625
Area: 0.00044259957082437877
CentroidX: 0.2719
CentroidY: 0.0174
