Location: Dedata_29.png_Otsu.png
Component: component_1755504603538_276.png
centerX: 0.8959677419354839
centerY: 0.4343117697349672
width: 0.03306451612903226
height: 0.02792818466799658
Area: 0.0003441610972706129
CentroidX: 0.9149
CentroidY: 0.4438
