Location: Dedata_29.png_Otsu.png
Component: component_1755504603563_309.png
centerX: 0.5254032258064516
centerY: 0.5129666571672842
width: 0.03064516129032258
height: 0.026503277286976348
Area: 0.00033473832265418875
CentroidX: 0.5420
CentroidY: 0.5221
