Location: Dedata_29.png_Mean-Medain.png
Component: component_1755504602354_78.png
centerX: 0.660483870967742
centerY: 0.15588486748361358
width: 0.03669354838709677
height: 0.027643203191792535
Area: 0.00045206335781722577
CentroidX: 0.6765
CentroidY: 0.1684
