Location: Kurtxevani_1764_page_10.png_Otsu.png
Component: component_1755610055909_1066.png
centerX: 0.7080906148867314
centerY: 0.3891487371375117
width: 0.020711974110032363
height: 0.018709073900841908
Area: 0.0002179697930195174
CentroidX: 0.7181
CentroidY: 0.3962
