Location: internet_1.png_Gaussian-Median.png
Component: component_1755096854843_300.png
centerX: 0.7077791213220476
centerY: 0.7504990019960079
width: 0.04393389762192664
height: 0.02594810379241517
Area: 0.0004954678654437541
CentroidX: 0.7314
CentroidY: 0.7602
