Location: Dedata_29.png_Gaussian-Closing.png
Component: component_1755504603974_249.png
centerX: 0.014919354838709677
centerY: 0.5115417497862639
width: 0.03951612903225806
height: 0.03305785123966942
Area: 0.000474815911159323
CentroidX: 0.0349
CentroidY: 0.5236
