Location: Dedata_29.png_Otsu.png
Component: component_1755504603310_57.png
centerX: 0.3096774193548387
centerY: 0.0877742946708464
width: 0.04314516129032258
height: 0.03134796238244514
Area: 0.00029245074876584634
CentroidX: 0.3344
CentroidY: 0.0984
