Location: internet_1.png_Otsu.png
Component: component_1755096854590_622.png
centerX: 0.8206368399838775
centerY: 0.5329341317365269
width: 0.04433696090286175
height: 0.02480752780153978
Area: 0.000500180039529394
CentroidX: 0.8454
CentroidY: 0.5422
