Location: Dedata_29.png_Mean-Closing.png
Component: component_1755504602922_9.png
centerX: 0.2064516129032258
centerY: 0.005984611000284981
width: 0.042741935483870966
height: 0.0347677400968937
Area: 0.0004437897020564631
CentroidX: 0.2305
CentroidY: 0.0166
