Location: internet_1.png_Mean-Medain.png
Component: component_1755096855251_250.png
centerX: 0.6255542120112858
centerY: 0.7085828343313373
width: 0.04433696090286175
height: 0.02737382378100941
Area: 0.000545118089955863
CentroidX: 0.6492
CentroidY: 0.7186
