Location: internet_1.png_Mean-Medain.png
Component: component_1755096855222_115.png
centerX: 0.5026199113260782
centerY: 0.26803535785571714
width: 0.04070939137444579
height: 0.02879954376960365
Area: 0.0005839647933935779
CentroidX: 0.5246
CentroidY: 0.2789
