Location: Dedata_29.png_Mean-Closing.png
Component: component_1755504603076_209.png
centerX: 0.4060483870967742
centerY: 0.43317184383015106
width: 0.03508064516129032
height: 0.02336848104873183
Area: 0.0004071328105608619
CentroidX: 0.4253
CentroidY: 0.4422
