Location: Dedata_29.png_Gaussian-Closing.png
Component: component_1755504604737_392.png
centerX: 0.32620967741935486
centerY: 0.7979481333713309
width: 0.038306451612903226
height: 0.021373610715303505
Area: 0.00033910497430570237
CentroidX: 0.3472
CentroidY: 0.8065
