Location: internet_1.png_Gaussian-Median.png
Component: component_1755096854812_158.png
centerX: 0.22168480451430875
centerY: 0.29056173367550614
width: 0.04514308746473196
height: 0.028229255774165955
Area: 0.0005809765854368306
CentroidX: 0.2462
CentroidY: 0.3008
