Location: Dedata_29.png_Otsu.png
Component: component_1755504603520_248.png
centerX: 0.6020161290322581
centerY: 0.37361071530350526
width: 0.04153225806451613
height: 0.026788258763180393
Area: 0.00039541179823311483
CentroidX: 0.6244
CentroidY: 0.3831
