Location: internet_1.png_Gaussian-Median.png
Component: component_1755096854810_143.png
centerX: 0.5610640870616687
centerY: 0.2634730538922156
width: 0.042724707779121324
height: 0.0290846877673225
Area: 0.0005328204649030953
CentroidX: 0.5837
CentroidY: 0.2738
