Location: internet_1.png_Mean-Medain.png
Component: component_1755096855255_273.png
centerX: 0.5147118097541314
centerY: 0.7693185058454519
width: 0.05038291011688835
height: 0.02594810379241517
Area: 0.0005660355456530941
CentroidX: 0.5416
CentroidY: 0.7787
