Location: internet_1.png_Mean-Closing.png
Component: component_1755096855105_134.png
centerX: 0.8694074969770254
centerY: 0.37154262902765894
width: 0.04393389762192664
height: 0.028514399771884802
Area: 0.0004960425208200516
CentroidX: 0.8936
CentroidY: 0.3825
