Location: Dedata_29.png_Gaussian-Closing.png
Component: component_1755504603992_266.png
centerX: 0.17459677419354838
centerY: 0.5428897121687091
width: 0.039919354838709675
height: 0.031062980906241093
Area: 0.0004439046139420293
CentroidX: 0.1951
CentroidY: 0.5541
