Location: Dedata_29.png_Gaussian-Closing.png
Component: component_1755504603840_136.png
centerX: 0.07459677419354839
centerY: 0.26417782844115134
width: 0.031048387096774193
height: 0.02336848104873183
Area: 0.0003638110297024242
CentroidX: 0.0920
CentroidY: 0.2732
