Location: Dedata_29.png_Otsu.png
Component: component_1755504603662_420.png
centerX: 0.9258064516129032
centerY: 0.7383870048446851
width: 0.04516129032258064
height: 0.029353092049016812
Area: 0.00032772869763465377
CentroidX: 0.9473
CentroidY: 0.7490
