Location: internet_1.png_Otsu.png
Component: component_1755096854620_646.png
centerX: 0.08746473196291818
centerY: 0.6090675791274593
width: 0.0471584038694075
height: 0.02594810379241517
Area: 0.00047029795996192104
CentroidX: 0.1136
CentroidY: 0.6181
