Location: internet_1.png_Otsu.png
Component: component_1755096854571_608.png
centerX: 0.309552599758162
centerY: 0.4875962360992301
width: 0.0475614671503426
height: 0.029369831765041345
Area: 0.00047041289103718053
CentroidX: 0.3344
CentroidY: 0.4975
