Location: internet_1.png_Otsu.png
Component: component_1755096854550_540.png
centerX: 0.3688029020556227
centerY: 0.2788708297690334
width: 0.044740024183796856
height: 0.028229255774165955
Area: 0.0005571858528581117
CentroidX: 0.3919
CentroidY: 0.2893
