Location: Dedata_29.png_Gaussian-Closing.png
Component: component_1755504603843_140.png
centerX: 0.9395161290322581
centerY: 0.2727272727272727
width: 0.03588709677419355
height: 0.02707324023938444
Area: 0.0004129933167247355
CentroidX: 0.9600
CentroidY: 0.2823
