Location: Dedata_29.png_Gaussian-Closing.png
Component: component_1755504604753_399.png
centerX: 0.12338709677419354
centerY: 0.8139070960387574
width: 0.031048387096774193
height: 0.024793388429752067
Area: 0.000330256759117109
CentroidX: 0.1398
CentroidY: 0.8231
