Location: Dedata_29.png_Mean-Medain.png
Component: component_1755504602644_305.png
centerX: 0.11612903225806452
centerY: 0.6261043032202906
width: 0.034274193548387094
height: 0.027358221715588486
Area: 0.0003820820195074417
CentroidX: 0.1336
CentroidY: 0.6367
