Location: Dedata_29.png_Gaussian-Closing.png
Component: component_1755504603792_22.png
centerX: 0.7846774193548387
centerY: 0.04417212881162724
width: 0.039919354838709675
height: 0.02707324023938444
Area: 0.00037288906866214986
CentroidX: 0.8077
CentroidY: 0.0534
