Location: Dedata_29.png_Gaussian-Closing.png
Component: component_1755504603834_124.png
centerX: 0.3403225806451613
centerY: 0.24308919920205185
width: 0.03951612903225806
height: 0.02365346252493588
Area: 0.00041103981467011097
CentroidX: 0.3623
CentroidY: 0.2521
