Location: Dedata_29.png_Mean-Closing.png
Component: component_1755504602946_22.png
centerX: 0.6028225806451613
centerY: 0.0481618694784839
width: 0.04112903225806452
height: 0.025078369905956112
Area: 0.0003632364702745934
CentroidX: 0.6257
CentroidY: 0.0564
