Location: internet_1.png_Mean-Closing.png
Component: component_1755096855084_58.png
centerX: 0.2704554615074567
centerY: 0.1514114627887083
width: 0.031035872632003223
height: 0.02594810379241517
Area: 0.00036375685319635386
CentroidX: 0.2862
CentroidY: 0.1607
