Location: Paraklitoni_1720_page_10.png_Mean-Medain.png
Component: component_1755610055350_1470.png
centerX: 0.2461890243902439
centerY: 0.531328320802005
width: 0.014481707317073171
height: 0.012030075187969926
Area: 8.978238278623388e-05
CentroidX: 0.2530
CentroidY: 0.5362
