Location: Dedata_29.png_Otsu.png
Component: component_1755504603576_320.png
centerX: 0.6766129032258065
centerY: 0.5357651752636079
width: 0.03951612903225806
height: 0.025078369905956112
Area: 0.0003410584763603269
CentroidX: 0.6973
CentroidY: 0.5441
