Location: internet_1.png_Otsu.png
Component: component_1755096854528_24.png
centerX: 0.7706569931479242
centerY: 0.005988023952095809
width: 0.04191858121725111
height: 0.03279155973766752
Area: 0.00045627636878026065
CentroidX: 0.7907
CentroidY: 0.0190
