Location: internet_1.png_Otsu.png
Component: component_1755096854568_606.png
centerX: 0.3853284965739621
centerY: 0.478471628172227
width: 0.039500201531640466
height: 0.0290846877673225
Area: 0.000419958148998255
CentroidX: 0.4062
CentroidY: 0.4889
