Location: internet_1.png_Gaussian-Median.png
Component: component_1755096854810_142.png
centerX: 0.08948004836759371
centerY: 0.26290276589677786
width: 0.037484885126964934
height: 0.023096663815226688
Area: 0.00024721674288320924
CentroidX: 0.1083
CentroidY: 0.2703
