Location: Dedata_29.png_Mean-Closing.png
Component: component_1755504603155_357.png
centerX: 0.8758064516129033
centerY: 0.743801652892562
width: 0.04112903225806452
height: 0.024223425477343973
Area: 0.0003717399498064884
CentroidX: 0.8958
CentroidY: 0.7535
