Location: Dedata_29.png_Otsu.png
Component: component_1755504603543_283.png
centerX: 0.7004032258064516
centerY: 0.4516956397834141
width: 0.03790322580645161
height: 0.026503277286976348
Area: 0.0003612829682199689
CentroidX: 0.7217
CentroidY: 0.4604
