Location: internet_1.png_Otsu.png
Component: component_1755096854654_670.png
centerX: 0.8730350665054414
centerY: 0.6871970345024238
width: 0.037081821846029824
height: 0.033361847733105215
Area: 0.0005065012486686672
CentroidX: 0.8929
CentroidY: 0.6991
