Location: internet_1.png_Gaussian-Median.png
Component: component_1755096854841_286.png
centerX: 0.00886739218057235
centerY: 0.7102936983176504
width: 0.04514308746473196
height: 0.0290846877673225
Area: 0.0005970669359731622
CentroidX: 0.0329
CentroidY: 0.7207
