Location: Dedata_29.png_Mean-Medain.png
Component: component_1755504602371_137.png
centerX: 0.9395161290322581
centerY: 0.2727272727272727
width: 0.036290322580645164
height: 0.02707324023938444
Area: 0.0004327581610421129
CentroidX: 0.9601
CentroidY: 0.2823
