Location: internet_1.png_Mean-Medain.png
Component: component_1755096855227_142.png
centerX: 0.15719467956469166
centerY: 0.34759053321927574
width: 0.046352277307537285
height: 0.028514399771884802
Area: 0.0005437389170527488
CentroidX: 0.1800
CentroidY: 0.3585
