Location: Dedata_29.png_Gaussian-Closing.png
Component: component_1755504604065_330.png
centerX: 0.017338709677419354
centerY: 0.6694214876033058
width: 0.03387096774193549
height: 0.026788258763180393
Area: 0.00032657957877899225
CentroidX: 0.0359
CentroidY: 0.6803
