Location: Dedata_29.png_Mean-Medain.png
Component: component_1755504602447_234.png
centerX: 0.9189516129032258
centerY: 0.47848389854659445
width: 0.035483870967741936
height: 0.029353092049016812
Area: 0.00039380303183518875
CentroidX: 0.9360
CentroidY: 0.4895
