Location: Dedata_29.png_Mean-Medain.png
Component: component_1755504602677_336.png
centerX: 0.6568548387096774
centerY: 0.689085209461385
width: 0.03346774193548387
height: 0.0219435736677116
Area: 0.00032922255214701366
CentroidX: 0.6748
CentroidY: 0.6974
