Location: Dedata_29.png_Mean-Medain.png
Component: component_1755504602390_186.png
centerX: 0.13185483870967743
centerY: 0.3776004559703619
width: 0.039112903225806454
height: 0.027643203191792535
Area: 0.00044574320411108764
CentroidX: 0.1531
CentroidY: 0.3878
