Location: internet_1.png_Mean-Closing.png
Component: component_1755096855117_184.png
centerX: 0.23982265215638857
centerY: 0.5483319076133447
width: 0.04433696090286175
height: 0.025377815796977475
Area: 0.00046133333609167914
CentroidX: 0.2626
CentroidY: 0.5573
