Location: Dedata_29.png_Otsu.png
Component: component_1755504603524_259.png
centerX: 0.8584677419354839
centerY: 0.3938444001139926
width: 0.03306451612903226
height: 0.032487888287261325
Area: 0.00040667316301859735
CentroidX: 0.8763
CentroidY: 0.4041
