Location: Dedata_29.png_Otsu.png
Component: component_1755504603344_98.png
centerX: 0.4266129032258065
centerY: 0.12881162724422912
width: 0.039919354838709675
height: 0.03163294385864919
Area: 0.0003296821996892783
CentroidX: 0.4475
CentroidY: 0.1399
