Location: Dedata_29.png_Gaussian-Closing.png
Component: component_1755504603988_259.png
centerX: 0.32056451612903225
centerY: 0.530635508691935
width: 0.035483870967741936
height: 0.02963807352522086
Area: 0.0004097757839288833
CentroidX: 0.3402
CentroidY: 0.5406
