Location: Dedata_29.png_Otsu.png
Component: component_1755504603445_167.png
centerX: 0.9342741935483871
centerY: 0.20604160729552579
width: 0.038306451612903226
height: 0.025648332858364205
Area: 0.00035151545794684635
CentroidX: 0.9551
CentroidY: 0.2146
