Location: internet_1.png_Mean-Closing.png
Component: component_1755096855113_169.png
centerX: 0.7118097541313986
centerY: 0.49729113202167097
width: 0.04917372027408303
height: 0.02423723980610208
Area: 0.0005008696259809511
CentroidX: 0.7377
CentroidY: 0.5065
