Location: Dedata_29.png_Mean-Closing.png
Component: component_1755504603065_184.png
centerX: 0.5495967741935484
centerY: 0.37817041892277004
width: 0.03870967741935484
height: 0.025078369905956112
Area: 0.0004190836466597413
CentroidX: 0.5712
CentroidY: 0.3879
