Location: Dedata_29.png_Otsu.png
Component: component_1755504603507_224.png
centerX: 0.7629032258064516
centerY: 0.31889427187232827
width: 0.035483870967741936
height: 0.027643203191792535
Area: 0.000386218847387823
CentroidX: 0.7824
CentroidY: 0.3287
