Location: internet_1.png_Otsu.png
Component: component_1755096854560_593.png
centerX: 0.8141878274889157
centerY: 0.43199315654405473
width: 0.044740024183796856
height: 0.02566295979469632
Area: 0.0004011094526556951
CentroidX: 0.8376
CentroidY: 0.4406
