Location: Dedata_29.png_Mean-Closing.png
Component: component_1755504603151_348.png
centerX: 0.28588709677419355
centerY: 0.725847819891707
width: 0.032661290322580645
height: 0.023938444001139925
Area: 0.000327154138206823
CentroidX: 0.3033
CentroidY: 0.7349
