Location: internet_1.png_Mean-Closing.png
Component: component_1755096855102_124.png
centerX: 0.7166465135026199
centerY: 0.3384659252922726
width: 0.049979846835953246
height: 0.03165098374679213
Area: 0.0005344294999567285
CentroidX: 0.7419
CentroidY: 0.3488
