Location: Dedata_29.png_Gaussian-Closing.png
Component: component_1755504604063_329.png
centerX: 0.07137096774193548
centerY: 0.6679965802222856
width: 0.031048387096774193
height: 0.023083499572527786
Area: 0.0003027928184667997
CentroidX: 0.0878
CentroidY: 0.6768
