Location: Dedata_29.png_Mean-Medain.png
Component: component_1755504602389_182.png
centerX: 0.2439516129032258
centerY: 0.36620119692220005
width: 0.04153225806451613
height: 0.027358221715588486
Area: 0.0004488458250213736
CentroidX: 0.2647
CentroidY: 0.3769
