Location: internet_1.png_Mean-Medain.png
Component: component_1755096855254_270.png
centerX: 0.010882708585247884
centerY: 0.7627601938979185
width: 0.04554615074566707
height: 0.027944111776447105
Area: 0.0005661504767283536
CentroidX: 0.0346
CentroidY: 0.7724
