Location: Dedata_29.png_Otsu.png
Component: component_1755504603639_370.png
centerX: 0.4407258064516129
centerY: 0.6335138216015959
width: 0.02903225806451613
height: 0.0219435736677116
Area: 0.00024062548837551365
CentroidX: 0.4573
CentroidY: 0.6419
