Location: internet_1.png_Mean-Closing.png
Component: component_1755096855108_146.png
centerX: 0.4651350261991133
centerY: 0.41573994867408043
width: 0.04433696090286175
height: 0.029654975762760195
Area: 0.0005185690115709159
CentroidX: 0.4907
CentroidY: 0.4264
