Location: Dedata_29.png_Gaussian-Closing.png
Component: component_1755504603987_257.png
centerX: 0.7875
centerY: 0.5257908235964662
width: 0.036290322580645164
height: 0.025648332858364205
Area: 0.00036541979610035027
CentroidX: 0.8065
CentroidY: 0.5357
