Location: Dedata_29.png_Gaussian-Closing.png
Component: component_1755504603819_85.png
centerX: 0.42379032258064514
centerY: 0.16614420062695925
width: 0.043548387096774194
height: 0.030493017953833
Area: 0.0005119324501971888
CentroidX: 0.4467
CentroidY: 0.1769
