Location: internet_1.png_Otsu.png
Component: component_1755096854557_580.png
centerX: 0.732365981459089
centerY: 0.38551468491588253
width: 0.044740024183796856
height: 0.0290846877673225
Area: 0.0004854688618961766
CentroidX: 0.7578
CentroidY: 0.3962
