Location: internet_1.png_Mean-Medain.png
Component: component_1755096855211_63.png
centerX: 0.3486497380088674
centerY: 0.14656401482748788
width: 0.03667875856509472
height: 0.027088679783290562
Area: 0.00037306627029237433
CentroidX: 0.3671
CentroidY: 0.1563
