Location: Dedata_29.png_Otsu.png
Component: component_1755504603431_156.png
centerX: 0.12741935483870967
centerY: 0.18267312624679397
width: 0.04838709677419355
height: 0.030208036477628954
Area: 0.00043459675121117127
CentroidX: 0.1539
CentroidY: 0.1924
