Location: Dedata_29.png_Mean-Closing.png
Component: component_1755504602953_29.png
centerX: 0.24153225806451614
centerY: 0.05329153605015674
width: 0.044758064516129036
height: 0.028783129096608722
Area: 0.0004170152327195506
CentroidX: 0.2660
CentroidY: 0.0620
