Location: internet_1.png_Otsu.png
Component: component_1755096854628_662.png
centerX: 0.017331721080209594
centerY: 0.6589677787282577
width: 0.04070939137444579
height: 0.03165098374679213
Area: 0.0005666102010293916
CentroidX: 0.0386
CentroidY: 0.6709
