Location: Dedata_29.png_Mean-Medain.png
Component: component_1755504602386_174.png
centerX: 0.9181451612903225
centerY: 0.35280706754060986
width: 0.042741935483870966
height: 0.028498147620404674
Area: 0.00044942038444920437
CentroidX: 0.9388
CentroidY: 0.3636
