Location: internet_1.png_Mean-Closing.png
Component: component_1755096855075_30.png
centerX: 0.177347843611447
centerY: 0.06501283147989735
width: 0.042724707779121324
height: 0.026803535785571715
Area: 0.0004229463569550023
CentroidX: 0.1988
CentroidY: 0.0751
