Location: Dedata_29.png_Gaussian-Closing.png
Component: component_1755504603847_146.png
centerX: 0.7899193548387097
centerY: 0.2852664576802508
width: 0.04032258064516129
height: 0.027643203191792535
Area: 0.0004291958925895623
CentroidX: 0.8116
CentroidY: 0.2958
