Location: Dedata_29.png_Otsu.png
Component: component_1755504603277_8.png
centerX: 0.014516129032258065
centerY: 0.006269592476489028
width: 0.034274193548387094
height: 0.03305785123966942
Area: 0.0003604785850210059
CentroidX: 0.0344
CentroidY: 0.0175
