Location: internet_1.png_Mean-Closing.png
Component: component_1755096855123_208.png
centerX: 0.35792019347037485
centerY: 0.6310236669518107
width: 0.05078597339782346
height: 0.026803535785571715
Area: 0.0005586799568364853
CentroidX: 0.3852
CentroidY: 0.6405
