Location: Dedata_29.png_Mean-Closing.png
Component: component_1755504603069_194.png
centerX: 0.3338709677419355
centerY: 0.39726417782844115
width: 0.038306451612903226
height: 0.0262182958107723
Area: 0.0004055240441629359
CentroidX: 0.3547
CentroidY: 0.4066
