Location: internet_1.png_Gaussian-Median.png
Component: component_1755096854836_264.png
centerX: 0.7565497783151954
centerY: 0.6447105788423154
width: 0.04353083434099154
height: 0.031080695751354435
Area: 0.0005892516228555155
CentroidX: 0.7792
CentroidY: 0.6562
