Location: internet_1.png_Mean-Closing.png
Component: component_1755096855088_76.png
centerX: 0.8444175735590488
centerY: 0.20045623039635016
width: 0.04232164449818621
height: 0.02566295979469632
Area: 0.0005290277394195314
CentroidX: 0.8662
CentroidY: 0.2096
