Location: Dedata_29.png_Gaussian-Closing.png
Component: component_1755504603807_55.png
centerX: 0.7733870967741936
centerY: 0.11028783129096609
width: 0.044758064516129036
height: 0.02536335138216016
Area: 0.0004402274336039125
CentroidX: 0.7968
CentroidY: 0.1204
