Location: Dedata_29.png_Gaussian-Closing.png
Component: component_1755504604021_297.png
centerX: 0.3842741935483871
centerY: 0.6013109147905387
width: 0.032661290322580645
height: 0.022228555143915644
Area: 0.0003137094475955837
CentroidX: 0.4028
CentroidY: 0.6098
