Location: Dedata_29.png_Gaussian-Closing.png
Component: component_1755504603806_50.png
centerX: 0.13185483870967743
centerY: 0.09546879452835566
width: 0.04233870967741935
height: 0.028783129096608722
Area: 0.00034622951121080354
CentroidX: 0.1550
CentroidY: 0.1053
