Location: Dedata_29.png_Mean-Medain.png
Component: component_1755504602406_219.png
centerX: 0.8008064516129032
centerY: 0.4434311769734967
width: 0.0375
height: 0.02792818466799658
Area: 0.00041218893352577244
CentroidX: 0.8214
CentroidY: 0.4525
