Location: internet_1.png_Otsu.png
Component: component_1755096854525_20.png
centerX: 0.4163643692059653
centerY: 0.004847447961220416
width: 0.04030632809351068
height: 0.029940119760479042
Area: 0.00047742368662801073
CentroidX: 0.4369
CentroidY: 0.0159
