Location: Dedata_29.png_Mean-Closing.png
Component: component_1755504603172_399.png
centerX: 0.18870967741935485
centerY: 0.8429752066115702
width: 0.02379032258064516
height: 0.02536335138216016
Area: 0.0002749841421597919
CentroidX: 0.2014
CentroidY: 0.8524
