Location: Dedata_29.png_Mean-Medain.png
Component: component_1755504602741_389.png
centerX: 0.6983870967741935
centerY: 0.799088059276147
width: 0.03588709677419355
height: 0.026788258763180393
Area: 0.0003362321771665487
CentroidX: 0.7178
CentroidY: 0.8091
