Location: internet_1.png_Mean-Closing.png
Component: component_1755096855083_52.png
centerX: 0.6106408706166868
centerY: 0.1277445109780439
width: 0.039500201531640466
height: 0.02879954376960365
Area: 0.0003759395471738621
CentroidX: 0.6321
CentroidY: 0.1378
