Location: Dedata_29.png_Otsu.png
Component: component_1755504603559_303.png
centerX: 0.6798387096774193
centerY: 0.5009974351667141
width: 0.03588709677419355
height: 0.02536335138216016
Area: 0.0003648452366725195
CentroidX: 0.6964
CentroidY: 0.5109
