Location: internet_1.png_Otsu.png
Component: component_1755096854557_581.png
centerX: 0.23337363966142685
centerY: 0.39150270886797833
width: 0.04353083434099154
height: 0.02737382378100941
Area: 0.0005321308784515382
CentroidX: 0.2561
CentroidY: 0.4020
