Location: internet_1.png_Mean-Closing.png
Component: component_1755096855107_140.png
centerX: 0.6658605401047965
centerY: 0.39264328485885375
width: 0.04796453043127771
height: 0.03022526375819789
Area: 0.000549830264041503
CentroidX: 0.6929
CentroidY: 0.4045
