Location: Dedata_29.png_Mean-Closing.png
Component: component_1755504603149_342.png
centerX: 0.44475806451612904
centerY: 0.7124536905101169
width: 0.036290322580645164
height: 0.021658592191507554
Area: 0.0003477233657231635
CentroidX: 0.4644
CentroidY: 0.7204
