Location: internet_1.png_Mean-Medain.png
Component: component_1755096855214_86.png
centerX: 0.9089076985086658
centerY: 0.19788993441688052
width: 0.035872632003224506
height: 0.02480752780153978
Area: 0.00047133233963925664
CentroidX: 0.9272
CentroidY: 0.2072
