Location: Dedata_29.png_Otsu.png
Component: component_1755504603512_234.png
centerX: 0.06935483870967742
centerY: 0.34283271587346825
width: 0.03387096774193549
height: 0.026503277286976348
Area: 0.00035645666902619073
CentroidX: 0.0883
CentroidY: 0.3520
