Location: Kurtxevani_1794_page_10.png_Mean-Medain.png
Component: component_1755610055059_2227.png
centerX: 0.3699590882524839
centerY: 0.7042750110180697
width: 0.024547048509643482
height: 0.022036139268400177
Area: 0.00025732440828909146
CentroidX: 0.3810
CentroidY: 0.7131
