Location: Dedata_29.png_Mean-Closing.png
Component: component_1755504602994_62.png
centerX: 0.255241935483871
centerY: 0.134226275292106
width: 0.0375
height: 0.02821316614420063
Area: 0.000408741576958788
CentroidX: 0.2763
CentroidY: 0.1434
