Location: Dedata_29.png_Mean-Medain.png
Component: component_1755504602361_104.png
centerX: 0.2854838709677419
centerY: 0.20889142205756625
width: 0.039112903225806454
height: 0.028783129096608722
Area: 0.0004526379172450565
CentroidX: 0.3067
CentroidY: 0.2188
