Location: internet_1.png_Otsu.png
Component: component_1755096854657_673.png
centerX: 0.19347037484885127
centerY: 0.6966067864271457
width: 0.03788794840790004
height: 0.028514399771884802
Area: 0.0005437389170527488
CentroidX: 0.2129
CentroidY: 0.7087
