Location: Dedata_29.png_Otsu.png
Component: component_1755504603672_438.png
centerX: 0.16612903225806452
centerY: 0.774294670846395
width: 0.032661290322580645
height: 0.021373610715303505
Area: 0.0002739499351896965
CentroidX: 0.1838
CentroidY: 0.7819
