Location: internet_1.png_Gaussian-Median.png
Component: component_1755096854823_199.png
centerX: 0.31519548569125355
centerY: 0.43142286854861706
width: 0.04353083434099154
height: 0.026803535785571715
Area: 0.0004881122766271453
CentroidX: 0.3392
CentroidY: 0.4412
