Location: Kurtxevani_1764_page_10.png_Otsu.png
Component: component_1755610056019_2127.png
centerX: 0.2407766990291262
centerY: 0.8779232927970065
width: 0.025889967637540454
height: 0.020112254443405052
Area: 0.0002639856382125266
CentroidX: 0.2545
CentroidY: 0.8855
