Location: Dedata_29.png_Mean-Medain.png
Component: component_1755504602347_49.png
centerX: 0.07661290322580645
centerY: 0.09717868338557993
width: 0.03870967741935484
height: 0.028783129096608722
Area: 0.0003855293760744261
CentroidX: 0.0980
CentroidY: 0.1071
