Location: internet_1.png_Otsu.png
Component: component_1755096854551_553.png
centerX: 0.7198710197501008
centerY: 0.290846877673225
width: 0.0475614671503426
height: 0.029940119760479042
Area: 0.0005640817173736824
CentroidX: 0.7455
CentroidY: 0.3010
