Location: Dedata_29.png_Mean-Closing.png
Component: component_1755504603095_242.png
centerX: 0.014919354838709677
centerY: 0.5112567683100598
width: 0.039112903225806454
height: 0.03305785123966942
Area: 0.0005103236837992627
CentroidX: 0.0346
CentroidY: 0.5233
