Location: Dedata_29.png_Mean-Closing.png
Component: component_1755504603159_367.png
centerX: 0.660483870967742
centerY: 0.7643203191792534
width: 0.041935483870967745
height: 0.024223425477343973
Area: 0.0003625469989611966
CentroidX: 0.6797
CentroidY: 0.7741
