Location: Dedata_29.png_Gaussian-Closing.png
Component: component_1755504604677_373.png
centerX: 0.3883064516129032
centerY: 0.755770874893132
width: 0.036290322580645164
height: 0.019663721858079224
Area: 0.0003206041607295526
CentroidX: 0.4077
CentroidY: 0.7637
