Location: Dedata_29.png_Otsu.png
Component: component_1755504603309_53.png
centerX: 0.5411290322580645
centerY: 0.08520946138500997
width: 0.04314516129032258
height: 0.025933314334568254
Area: 0.00024418775682806423
CentroidX: 0.5637
CentroidY: 0.0928
