Location: internet_1.png_Mean-Medain.png
Component: component_1755096855230_161.png
centerX: 0.4651350261991133
centerY: 0.4154548046763616
width: 0.04433696090286175
height: 0.029940119760479042
Area: 0.0005197183223235109
CentroidX: 0.4907
CentroidY: 0.4264
