Location: Dedata_29.png_Mean-Medain.png
Component: component_1755504602710_380.png
centerX: 0.9153225806451613
centerY: 0.780849244799088
width: 0.042741935483870966
height: 0.02707324023938444
Area: 0.0003713952141497899
CentroidX: 0.9373
CentroidY: 0.7912
