Location: internet_1.png_Gaussian-Median.png
Component: component_1755096854830_230.png
centerX: 0.3091495364772269
centerY: 0.536641003706872
width: 0.04836759371221282
height: 0.02879954376960365
Area: 0.0005021338678088057
CentroidX: 0.3359
CentroidY: 0.5479
