Location: internet_1.png_Gaussian-Median.png
Component: component_1755096854838_276.png
centerX: 0.3006852075775897
centerY: 0.6866267465069861
width: 0.041112454655380895
height: 0.027944111776447105
Area: 0.0005271888422153792
CentroidX: 0.3243
CentroidY: 0.6969
