Location: Dedata_29.png_Mean-Closing.png
Component: component_1755504603079_216.png
centerX: 0.23266129032258065
centerY: 0.4508406953548019
width: 0.04395161290322581
height: 0.024793388429752067
Area: 0.0004200029417442705
CentroidX: 0.2530
CentroidY: 0.4604
