Location: internet_1.png_Mean-Closing.png
Component: component_1755096855074_24.png
centerX: 0.5816203143893591
centerY: 0.045337895637296836
width: 0.04877065699314793
height: 0.031936127744510975
Area: 0.0005478764357620913
CentroidX: 0.6065
CentroidY: 0.0570
