Location: internet_1.png_Mean-Closing.png
Component: component_1755096855072_17.png
centerX: 0.6823861346231358
centerY: 0.008839463929284289
width: 0.0475614671503426
height: 0.02765896777872826
Area: 0.0005592546122127829
CentroidX: 0.7061
CentroidY: 0.0197
