Location: internet_1.png_Otsu.png
Component: component_1755096854535_107.png
centerX: 0.7629987908101572
centerY: 0.0855431993156544
width: 0.03667875856509472
height: 0.025092671799258625
Area: 0.000259744230086496
CentroidX: 0.7824
CentroidY: 0.0944
