Location: Dedata_29.png_Mean-Medain.png
Component: component_1755504602385_173.png
centerX: 0.4584677419354839
centerY: 0.3488173268737532
width: 0.03951612903225806
height: 0.027643203191792535
Area: 0.00047033434762224326
CentroidX: 0.4800
CentroidY: 0.3599
