Location: Dedata_29.png_Mean-Medain.png
Component: component_1755504602402_214.png
centerX: 0.9459677419354838
centerY: 0.42918210316329436
width: 0.03508064516129032
height: 0.029068110572812767
Area: 0.0004387335790915526
CentroidX: 0.9652
CentroidY: 0.4394
