Location: Dedata_29.png_Gaussian-Closing.png
Component: component_1755504603783_6.png
centerX: 0.27580645161290324
centerY: 0.004274722143060701
width: 0.04314516129032258
height: 0.03818751781134226
Area: 0.00045424668364298256
CentroidX: 0.2993
CentroidY: 0.0162
