Location: Dedata_29.png_Otsu.png
Component: component_1755504603612_357.png
centerX: 0.7104838709677419
centerY: 0.6058706184098034
width: 0.03185483870967742
height: 0.023938444001139925
Area: 0.00029222092499471406
CentroidX: 0.7273
CentroidY: 0.6152
