Location: internet_1.png_Gaussian-Median.png
Component: component_1755096854842_292.png
centerX: 0.3784764207980653
centerY: 0.733675506130596
width: 0.046352277307537285
height: 0.023952095808383235
Area: 0.0004892615873797404
CentroidX: 0.4035
CentroidY: 0.7427
