Location: internet_1.png_Mean-Medain.png
Component: component_1755096855224_130.png
centerX: 0.08182184602982669
centerY: 0.3056743655546051
width: 0.04393389762192664
height: 0.029369831765041345
Area: 0.0005904009336081106
CentroidX: 0.1053
CentroidY: 0.3161
