Location: Dedata_29.png_Mean-Closing.png
Component: component_1755504603163_377.png
centerX: 0.009274193548387096
centerY: 0.7856939298945569
width: 0.03508064516129032
height: 0.02336848104873183
Area: 0.00036070840879213816
CentroidX: 0.0281
CentroidY: 0.7943
