Location: Dedata_29.png_Mean-Medain.png
Component: component_1755504602343_38.png
centerX: 0.6629032258064517
centerY: 0.08007979481333713
width: 0.0407258064516129
height: 0.026788258763180393
Area: 0.00038392060967650004
CentroidX: 0.6860
CentroidY: 0.0892
