Location: Dedata_29.png_Otsu.png
Component: component_1755504603605_346.png
centerX: 0.9504032258064516
centerY: 0.5870618409803363
width: 0.028225806451612902
height: 0.024508406953548018
Area: 0.0002827981503782899
CentroidX: 0.9657
CentroidY: 0.5960
