Location: internet_1.png_Mean-Medain.png
Component: component_1755096855252_255.png
centerX: 0.44135429262394194
centerY: 0.7259766181921871
width: 0.04191858121725111
height: 0.026518391787852865
Area: 0.0005351190864082855
CentroidX: 0.4646
CentroidY: 0.7368
