Location: Dedata_29.png_Otsu.png
Component: component_1755504603555_298.png
centerX: 0.3004032258064516
centerY: 0.487888287261328
width: 0.03669354838709677
height: 0.022798518096323737
Area: 0.00035576719771279383
CentroidX: 0.3178
CentroidY: 0.4976
