Location: internet_1.png_Otsu.png
Component: component_1755096854550_535.png
centerX: 0.4369205965336558
centerY: 0.2754491017964072
width: 0.04191858121725111
height: 0.026803535785571715
Area: 0.0004971918315726467
CentroidX: 0.4580
CentroidY: 0.2849
