Location: internet_1.png_Mean-Medain.png
Component: component_1755096855219_102.png
centerX: 0.3538895606610238
centerY: 0.23552894211576847
width: 0.04554615074566707
height: 0.02737382378100941
Area: 0.0005170749075925422
CentroidX: 0.3793
CentroidY: 0.2447
