Location: Dedata_29.png_Mean-Closing.png
Component: component_1755504603146_334.png
centerX: 0.12137096774193548
centerY: 0.7004844685095469
width: 0.03185483870967742
height: 0.025078369905956112
Area: 0.00032462607672436775
CentroidX: 0.1391
CentroidY: 0.7094
