Location: Dedata_29.png_Mean-Medain.png
Component: component_1755504602333_21.png
centerX: 0.7217741935483871
centerY: 0.04531205471644343
width: 0.04314516129032258
height: 0.027358221715588486
Area: 0.00040506439662067127
CentroidX: 0.7460
CentroidY: 0.0540
