Location: Dedata_29.png_Gaussian-Closing.png
Component: component_1755504604600_354.png
centerX: 0.3895161290322581
centerY: 0.7181533200341977
width: 0.035483870967741936
height: 0.021658592191507554
Area: 0.00031612259719247283
CentroidX: 0.4097
CentroidY: 0.7259
