Location: Dedata_29.png_Gaussian-Closing.png
Component: component_1755504603834_123.png
centerX: 0.39838709677419354
centerY: 0.2413793103448276
width: 0.031048387096774193
height: 0.023938444001139925
Area: 0.0003569163165684553
CentroidX: 0.4154
CentroidY: 0.2503
