Location: Dedata_29.png_Gaussian-Closing.png
Component: component_1755504603994_268.png
centerX: 0.5092741935483871
centerY: 0.54858934169279
width: 0.03588709677419355
height: 0.02707324023938444
Area: 0.0003871381424723522
CentroidX: 0.5274
CentroidY: 0.5592
