Location: internet_1.png_Mean-Medain.png
Component: component_1755096855239_201.png
centerX: 0.1608222490931076
centerY: 0.5548902195608783
width: 0.04554615074566707
height: 0.02765896777872826
Area: 0.0004777684798537893
CentroidX: 0.1856
CentroidY: 0.5646
