Location: internet_1.png_Mean-Closing.png
Component: component_1755096855128_220.png
centerX: 0.5308343409915357
centerY: 0.6692329626461363
width: 0.042724707779121324
height: 0.02765896777872826
Area: 0.0005287978772690124
CentroidX: 0.5543
CentroidY: 0.6794
