Location: Dedata_29.png_Mean-Medain.png
Component: component_1755504602332_18.png
centerX: 0.8459677419354839
centerY: 0.04189227700199487
width: 0.039919354838709675
height: 0.029353092049016812
Area: 0.00040242142325264986
CentroidX: 0.8684
CentroidY: 0.0516
