Location: Dedata_29.png_Gaussian-Closing.png
Component: component_1755504603809_63.png
centerX: 0.4266129032258065
centerY: 0.12852664576802508
width: 0.04032258064516129
height: 0.03220290681105728
Area: 0.00044505373279769074
CentroidX: 0.4484
CentroidY: 0.1399
