Location: Dedata_29.png_Gaussian-Closing.png
Component: component_1755504603832_119.png
centerX: 0.5645161290322581
centerY: 0.2268452550584212
width: 0.0407258064516129
height: 0.030208036477628954
Area: 0.00045125897461826273
CentroidX: 0.5854
CentroidY: 0.2382
