Location: internet_1.png_Gaussian-Median.png
Component: component_1755096854845_310.png
centerX: 0.3353486497380089
centerY: 0.7827202737382378
width: 0.03829101168883515
height: 0.024522383803820928
Area: 0.0004946633479169375
CentroidX: 0.3547
CentroidY: 0.7923
