Location: Samociqulo_1709_page_10.png_Gaussian-Median.png
Component: component_1755610056278_2916.png
centerX: 0.10859950859950859
centerY: 0.7228125
width: 0.02800982800982801
height: 0.0153125
Area: 0.00021683046683046683
CentroidX: 0.1216
CentroidY: 0.7283
