Location: Dedata_29.png_Mean-Closing.png
Component: component_1755504603045_151.png
centerX: 0.9254032258064516
centerY: 0.3060701054431462
width: 0.043548387096774194
height: 0.028783129096608722
Area: 0.00043781428400702343
CentroidX: 0.9483
CentroidY: 0.3172
