Location: internet_1.png_Gaussian-Median.png
Component: component_1755096854826_215.png
centerX: 0.309552599758162
centerY: 0.48731109210151125
width: 0.04796453043127771
height: 0.029940119760479042
Area: 0.0005038578339376984
CentroidX: 0.3345
CentroidY: 0.4975
