Location: internet_1.png_Mean-Medain.png
Component: component_1755096855201_15.png
centerX: 0.33091495364772266
centerY: 0.00570287995437696
width: 0.042724707779121324
height: 0.029369831765041345
Area: 0.0004991456598520584
CentroidX: 0.3520
CentroidY: 0.0162
