Location: internet_1.png_Mean-Medain.png
Component: component_1755096855252_258.png
centerX: 0.8702136235388956
centerY: 0.7379526660963787
width: 0.03788794840790004
height: 0.02594810379241517
Area: 0.000540635778020742
CentroidX: 0.8909
CentroidY: 0.7479
