Location: Dedata_29.png_Mean-Medain.png
Component: component_1755504602745_393.png
centerX: 0.5919354838709677
centerY: 0.8099173553719008
width: 0.034274193548387094
height: 0.023938444001139925
Area: 0.0003317506136294689
CentroidX: 0.6109
CentroidY: 0.8191
