Location: Dedata_29.png_Otsu.png
Component: component_1755504603525_262.png
centerX: 0.7419354838709677
centerY: 0.40210886292390996
width: 0.04032258064516129
height: 0.026503277286976348
Area: 0.00038150746007961097
CentroidX: 0.7632
CentroidY: 0.4117
