Location: Dedata_29.png_Gaussian-Closing.png
Component: component_1755504603974_250.png
centerX: 0.525
centerY: 0.5129666571672842
width: 0.031451612903225803
height: 0.026788258763180393
Area: 0.0003674882100405409
CentroidX: 0.5422
CentroidY: 0.5223
