Location: Dedata_29.png_Mean-Closing.png
Component: component_1755504603148_340.png
centerX: 0.013709677419354839
centerY: 0.7096038757480764
width: 0.03225806451612903
height: 0.02536335138216016
Area: 0.00033542779396758565
CentroidX: 0.0305
CentroidY: 0.7182
