Location: internet_1.png_Otsu.png
Component: component_1755096854545_483.png
centerX: 0.09230149133413947
centerY: 0.21157684630738524
width: 0.037081821846029824
height: 0.027944111776447105
Area: 0.000335253946531995
CentroidX: 0.1120
CentroidY: 0.2223
