Location: internet_1.png_Gaussian-Median.png
Component: component_1755096854812_159.png
centerX: 0.7194679564691656
centerY: 0.29056173367550614
width: 0.04836759371221282
height: 0.03051040775591674
Area: 0.000594308590166934
CentroidX: 0.7455
CentroidY: 0.3011
