Location: Dedata_29.png_Mean-Closing.png
Component: component_1755504603030_124.png
centerX: 0.2346774193548387
centerY: 0.25334853234539756
width: 0.03467741935483871
height: 0.02536335138216016
Area: 0.0003919644416661304
CentroidX: 0.2542
CentroidY: 0.2626
