Location: internet_1.png_Mean-Medain.png
Component: component_1755096855245_229.png
centerX: 0.7565497783151954
centerY: 0.6447105788423154
width: 0.04353083434099154
height: 0.031080695751354435
Area: 0.0006198232888745455
CentroidX: 0.7793
CentroidY: 0.6562
