Location: internet_1.png_Gaussian-Median.png
Component: component_1755096854835_258.png
centerX: 0.9415558242644095
centerY: 0.6287425149700598
width: 0.044740024183796856
height: 0.03364699173082407
Area: 0.0006166052187672791
CentroidX: 0.9653
CentroidY: 0.6409
