Location: internet_1.png_Otsu.png
Component: component_1755096854541_347.png
centerX: 0.6618299072954453
centerY: 0.17479327060165384
width: 0.04393389762192664
height: 0.026518391787852865
Area: 0.00025123933051729214
CentroidX: 0.6851
CentroidY: 0.1855
