Location: internet_1.png_Otsu.png
Component: component_1755096854597_634.png
centerX: 0.916968964127368
centerY: 0.5714285714285714
width: 0.04070939137444579
height: 0.032506415739948676
Area: 0.0005704029265129556
CentroidX: 0.9392
CentroidY: 0.5839
