Location: internet_1.png_Otsu.png
Component: component_1755096854624_653.png
centerX: 0.8814993954050786
centerY: 0.6333048189335615
width: 0.041112454655380895
height: 0.02879954376960365
Area: 0.0004800671013589795
CentroidX: 0.9037
CentroidY: 0.6433
