Location: internet_1.png_Mean-Medain.png
Component: component_1755096855243_219.png
centerX: 0.5570334542523177
centerY: 0.6084972911320217
width: 0.04232164449818621
height: 0.027088679783290562
Area: 0.0005479913668373508
CentroidX: 0.5800
CentroidY: 0.6193
