Location: Dedata_29.png_Mean-Closing.png
Component: component_1755504603047_156.png
centerX: 0.8193548387096774
centerY: 0.31547449415787976
width: 0.0407258064516129
height: 0.027358221715588486
Area: 0.00042666783110710706
CentroidX: 0.8391
CentroidY: 0.3260
