Location: Dedata_29.png_Mean-Medain.png
Component: component_1755504602680_341.png
centerX: 0.5560483870967742
centerY: 0.701054431461955
width: 0.027419354838709678
height: 0.023083499572527786
Area: 0.00033450849888305646
CentroidX: 0.5710
CentroidY: 0.7103
