Location: internet_1.png_Mean-Closing.png
Component: component_1755096855113_171.png
centerX: 0.648931882305522
centerY: 0.502708867978329
width: 0.044740024183796856
height: 0.026518391787852865
Area: 0.0005119030092058642
CentroidX: 0.6742
CentroidY: 0.5127
