Location: Dedata_29.png_Otsu.png
Component: component_1755504603545_287.png
centerX: 0.12338709677419354
centerY: 0.46337988030778
width: 0.037096774193548385
height: 0.023083499572527786
Area: 0.00033565761773871793
CentroidX: 0.1415
CentroidY: 0.4727
