Location: Dedata_29.png_Mean-Closing.png
Component: component_1755504602998_65.png
centerX: 0.010080645161290322
centerY: 0.13878597891137076
width: 0.038306451612903226
height: 0.031917925334853235
Area: 0.0004294257163606946
CentroidX: 0.0319
CentroidY: 0.1492
