Location: Dedata_29.png_Gaussian-Closing.png
Component: component_1755504603828_111.png
centerX: 0.7774193548387097
centerY: 0.21630094043887146
width: 0.036290322580645164
height: 0.031062980906241093
Area: 0.0004096608720433172
CentroidX: 0.7959
CentroidY: 0.2278
