Location: internet_1.png_Otsu.png
Component: component_1755096854533_60.png
centerX: 0.25675130995566303
centerY: 0.05930995152552039
width: 0.04312777106005643
height: 0.027944111776447105
Area: 0.0003566311265302642
CentroidX: 0.2770
CentroidY: 0.0696
