Location: Dedata_29.png_Mean-Medain.png
Component: component_1755504602777_406.png
centerX: 0.12701612903225806
centerY: 0.8469649472784269
width: 0.03346774193548387
height: 0.024223425477343973
Area: 0.00034864266080769266
CentroidX: 0.1453
CentroidY: 0.8565
