Location: internet_1.png_Otsu.png
Component: component_1755096854530_40.png
centerX: 0.826682789197904
centerY: 0.043912175648702596
width: 0.041112454655380895
height: 0.02765896777872826
Area: 0.000414786250611577
CentroidX: 0.8484
CentroidY: 0.0533
