Location: Dedata_29.png_Mean-Closing.png
Component: component_1755504603105_259.png
centerX: 0.12298387096774194
centerY: 0.5471644343117698
width: 0.03467741935483871
height: 0.027358221715588486
Area: 0.00041621084952058764
CentroidX: 0.1410
CentroidY: 0.5576
