Location: internet_1.png_Mean-Medain.png
Component: component_1755096855241_212.png
centerX: 0.2994760177347844
centerY: 0.58910749928714
width: 0.04312777106005643
height: 0.026518391787852865
Area: 0.0005037429028624388
CentroidX: 0.3224
CentroidY: 0.5989
