Location: Dedata_29.png_Otsu.png
Component: component_1755504603410_148.png
centerX: 0.37338709677419357
centerY: 0.16842405243659161
width: 0.036290322580645164
height: 0.02707324023938444
Area: 0.0004347116630967374
CentroidX: 0.3925
CentroidY: 0.1779
