Location: internet_1.png_Otsu.png
Component: component_1755096854591_626.png
centerX: 0.24022571543732366
centerY: 0.5486170516110636
width: 0.04393389762192664
height: 0.025092671799258625
Area: 0.00041340707770846284
CentroidX: 0.2628
CentroidY: 0.5573
