Location: internet_9.png_Mean-Closing.png
Component: component_1755092072062_279.png
centerX: 0.22813381700927046
centerY: 0.6692329626461363
width: 0.027408303103587262
height: 0.028229255774165955
Area: 0.0003285879441669434
CentroidX: 0.2456
CentroidY: 0.6804
