Location: internet_9.png_Gaussian-Median.png
Component: component_1755092071666_40.png
centerX: 0.8254735993550988
centerY: 0.07812945537496435
width: 0.030229746070133012
height: 0.025092671799258625
Area: 0.00033375984255362137
CentroidX: 0.8419
CentroidY: 0.0895
