Location: internet_9.png_Mean-Closing.png
Component: component_1755092071864_202.png
centerX: 0.12615880693268844
centerY: 0.46849158825206727
width: 0.029826682789197905
height: 0.03307670373538637
Area: 0.0003838697913667684
CentroidX: 0.1448
CentroidY: 0.4836
