Location: internet_9.png_Gaussian-Median.png
Component: component_1755092071680_136.png
centerX: 0.31600161225312373
centerY: 0.23467351012261192
width: 0.02781136638452237
height: 0.027944111776447105
Area: 0.0003726065459913363
CentroidX: 0.3312
CentroidY: 0.2466
