Location: internet_9.png_Otsu.png
Component: component_1755092072151_14.png
centerX: 0.9363160016122531
centerY: 0.011120615911035072
width: 0.028214429665457477
height: 0.03450242372398061
Area: 0.0003847892399688445
CentroidX: 0.9534
CentroidY: 0.0279
