Location: Dedata_4.png_Otsu.png
Component: component_1755523236084_347.png
centerX: 0.9189516129032258
centerY: 0.4628099173553719
width: 0.025806451612903226
height: 0.017953833000854943
Area: 0.00019902738580056812
CentroidX: 0.9326
CentroidY: 0.4693
