Location: Dedata_4.png_Otsu.png
Component: component_1755523236031_82.png
centerX: 0.8225806451612904
centerY: 0.1085779424337418
width: 0.021774193548387097
height: 0.015388999715018524
Area: 0.00014283547375872183
CentroidX: 0.8344
CentroidY: 0.1140
