Location: Dedata_4.png_Mean-Medain.png
Component: component_1755523235552_100.png
centerX: 0.3479838709677419
centerY: 0.152465089769165
width: 0.025403225806451612
height: 0.018238814477058992
Area: 0.00022338870554059148
CentroidX: 0.3631
CentroidY: 0.1595
