Location: Dedata_4.png_Mean-Medain.png
Component: component_1755523235575_201.png
centerX: 0.05846774193548387
centerY: 0.3120547164434312
width: 0.02217741935483871
height: 0.01909375890567113
Area: 0.00021224225264067514
CentroidX: 0.0705
CentroidY: 0.3199
