Location: Dedata_4.png_Gaussian-Closing.png
Component: component_1755523235826_32.png
centerX: 0.525
centerY: 0.04189227700199487
width: 0.021370967741935483
height: 0.018523795953263037
Area: 0.00021833258257568096
CentroidX: 0.5362
CentroidY: 0.0492
