Location: internet_9.png_Otsu.png
Component: component_1755092072199_621.png
centerX: 0.6344216041918581
centerY: 0.4818933561448531
width: 0.026199113260781944
height: 0.023096663815226688
Area: 0.00025721574643078674
CentroidX: 0.6492
CentroidY: 0.4930
