Location: Dedata_4.png_Gaussian-Median.png
Component: component_1755523236197_73.png
centerX: 0.7790322580645161
centerY: 0.1085779424337418
width: 0.021774193548387097
height: 0.02080364776289541
Area: 0.00020776068910359537
CentroidX: 0.7901
CentroidY: 0.1161
