Location: internet_9.png_Gaussian-Median.png
Component: component_1755092071688_183.png
centerX: 0.785167271261588
centerY: 0.31822070145423437
width: 0.032648125755743655
height: 0.030795551753635585
Area: 0.00039007606943078203
CentroidX: 0.8054
CentroidY: 0.3317
