Location: Dedata_4.png_Mean-Medain.png
Component: component_1755523235570_174.png
centerX: 0.2661290322580645
centerY: 0.2636078654887432
width: 0.025806451612903226
height: 0.02080364776289541
Area: 0.00025763244743930353
CentroidX: 0.2812
CentroidY: 0.2717
