Location: Dedata_4.png_Gaussian-Median.png
Component: component_1755523236254_311.png
centerX: 0.47096774193548385
centerY: 0.4870333428327159
width: 0.025
height: 0.016813907096038756
Area: 0.00018052657222441832
CentroidX: 0.4851
CentroidY: 0.4941
