Location: internet_9.png_Otsu.png
Component: component_1755092072182_449.png
centerX: 0.8875453446191052
centerY: 0.31223267750213857
width: 0.029423619508262798
height: 0.026803535785571715
Area: 0.00033215080749998823
CentroidX: 0.9061
CentroidY: 0.3245
