Location: internet_9.png_Gaussian-Median.png
Component: component_1755092071689_188.png
centerX: 0.6702942361950827
centerY: 0.3273453093812375
width: 0.03184199919387344
height: 0.03022526375819789
Area: 0.00039168510448441517
CentroidX: 0.6909
CentroidY: 0.3420
