Location: Dedata_4.png_Otsu.png
Component: component_1755523236036_121.png
centerX: 0.6879032258064516
centerY: 0.13935594186377886
width: 0.02620967741935484
height: 0.019948703334283273
Area: 0.0001944309103779222
CentroidX: 0.7043
CentroidY: 0.1465
