Location: internet_9.png_Otsu.png
Component: component_1755092072172_328.png
centerX: 0.014107214832728738
centerY: 0.20644425434844596
width: 0.02539298669891173
height: 0.022241231822070145
Area: 0.00027744361567646076
CentroidX: 0.0277
CentroidY: 0.2159
