Location: Dedata_4.png_Mean-Medain.png
Component: component_1755523235539_36.png
centerX: 0.3375
centerY: 0.0481618694784839
width: 0.024596774193548387
height: 0.018808777429467086
Area: 0.0002490140560218425
CentroidX: 0.3498
CentroidY: 0.0552
