Location: Dedata_4.png_Gaussian-Closing.png
Component: component_1755523235817_5.png
centerX: 0.7108870967741936
centerY: 0.005414648047876888
width: 0.02258064516129032
height: 0.020233684810487318
Area: 0.00021729837560558563
CentroidX: 0.7233
CentroidY: 0.0129
