Location: internet_9.png_Mean-Closing.png
Component: component_1755092071825_131.png
centerX: 0.11688835147118097
centerY: 0.28828058169375537
width: 0.028214429665457477
height: 0.03022526375819789
Area: 0.0003742155810449694
CentroidX: 0.1338
CentroidY: 0.3025
