Location: internet_9.png_Mean-Closing.png
Component: component_1755092071794_7.png
centerX: 0.8299072954453849
centerY: 0.006843455945252352
width: 0.024586860137041516
height: 0.03364699173082407
Area: 0.00038835210330188935
CentroidX: 0.8448
CentroidY: 0.0228
