Location: internet_9.png_Mean-Closing.png
Component: component_1755092072047_269.png
centerX: 0.73559048770657
centerY: 0.6487025948103793
width: 0.03143893591293833
height: 0.026803535785571715
Area: 0.0004108785940527536
CentroidX: 0.7538
CentroidY: 0.6619
