Location: internet_9.png_Gaussian-Median.png
Component: component_1755092071674_104.png
centerX: 0.619105199516324
centerY: 0.16880524664955804
width: 0.029423619508262798
height: 0.02623324779013402
Area: 0.00033215080749998823
CentroidX: 0.6357
CentroidY: 0.1795
