Location: Dedata_4.png_Gaussian-Closing.png
Component: component_1755523235844_59.png
centerX: 0.3407258064516129
centerY: 0.08634938728982616
width: 0.02217741935483871
height: 0.020233684810487318
Area: 0.00024257899043013818
CentroidX: 0.3532
CentroidY: 0.0942
