Location: internet_9.png_Otsu.png
Component: component_1755092072195_511.png
centerX: 0.5993550987505039
centerY: 0.4168805246649558
width: 0.0237807335751713
height: 0.025377815796977475
Area: 0.00021767945654151477
CentroidX: 0.6124
CentroidY: 0.4281
