Location: internet_9.png_Gaussian-Median.png
Component: component_1755092071699_233.png
centerX: 0.44619105199516323
centerY: 0.43570002851439976
width: 0.030632809351068116
height: 0.026518391787852865
Area: 0.00030744062631919326
CentroidX: 0.4641
CentroidY: 0.4485
