Location: Kurtxevani_1794_page_10.png_Mean-Medain.png
Component: component_1755610055051_2124.png
centerX: 0.5055523085914669
centerY: 0.6681357426178933
width: 0.014611338398597311
height: 0.013662406346408109
Area: 0.00011076025582012946
CentroidX: 0.5131
CentroidY: 0.6739
