Location: Dedata_4.png_Otsu.png
Component: component_1755523236062_239.png
centerX: 0.7233870967741935
centerY: 0.3166144200626959
width: 0.024596774193548387
height: 0.018523795953263037
Area: 0.0001953502054624514
CentroidX: 0.7368
CentroidY: 0.3231
