Location: Dedata_4.png_Gaussian-Closing.png
Component: component_1755523235931_258.png
centerX: 0.5774193548387097
centerY: 0.39897406668566543
width: 0.02661290322580645
height: 0.019663721858079224
Area: 0.00024234916665900587
CentroidX: 0.5911
CentroidY: 0.4060
