Location: Dedata_4.png_Otsu.png
Component: component_1755523236077_308.png
centerX: 0.42016129032258065
centerY: 0.4069535480193787
width: 0.02943548387096774
height: 0.01481903676261043
Area: 0.0001886853160996148
CentroidX: 0.4365
CentroidY: 0.4120
