Location: Dedata_4.png_Mean-Medain.png
Component: component_1755523235548_80.png
centerX: 0.24435483870967742
centerY: 0.12567683100598462
width: 0.02217741935483871
height: 0.018238814477058992
Area: 0.00020649665836236774
CentroidX: 0.2567
CentroidY: 0.1325
