Location: internet_9.png_Otsu.png
Component: component_1755092072198_601.png
centerX: 0.8242644095122934
centerY: 0.4696321642429427
width: 0.027005239822652155
height: 0.02623324779013402
Area: 0.00029813120922317284
CentroidX: 0.8393
CentroidY: 0.4822
