Location: Dedata_4.png_Otsu.png
Component: component_1755523236080_323.png
centerX: 0.09717741935483871
centerY: 0.4286121402108863
width: 0.022983870967741935
height: 0.018523795953263037
Area: 0.00017719412754300002
CentroidX: 0.1096
CentroidY: 0.4349
