Location: Dedata_4.png_Gaussian-Median.png
Component: component_1755523236226_188.png
centerX: 0.013306451612903225
centerY: 0.28070675406098605
width: 0.01975806451612903
height: 0.018808777429467086
Area: 0.00019006425872640859
CentroidX: 0.0254
CentroidY: 0.2887
