Location: Dedata_4.png_Otsu.png
Component: component_1755523236018_6.png
centerX: 0.7112903225806452
centerY: 0.005699629524080934
width: 0.021774193548387097
height: 0.019663721858079224
Area: 0.0001975335312882082
CentroidX: 0.7233
CentroidY: 0.0127
