Location: internet_9.png_Gaussian-Median.png
Component: component_1755092071684_162.png
centerX: 0.8448206368399839
centerY: 0.2763045337895637
width: 0.026199113260781944
height: 0.027088679783290562
Area: 0.0003278983577153863
CentroidX: 0.8596
CentroidY: 0.2892
