Location: internet_9.png_Gaussian-Closing.png
Component: component_1755092072555_212.png
centerX: 0.634018540910923
centerY: 0.4818933561448531
width: 0.026199113260781944
height: 0.023096663815226688
Area: 0.0002919249311591592
CentroidX: 0.6495
CentroidY: 0.4931
