Location: Dedata_4.png_Mean-Medain.png
Component: component_1755523235549_85.png
centerX: 0.8733870967741936
centerY: 0.13251638643488173
width: 0.02056451612903226
height: 0.017953833000854943
Area: 0.00018903005175631326
CentroidX: 0.8850
CentroidY: 0.1394
