Location: internet_9.png_Mean-Closing.png
Component: component_1755092071818_99.png
centerX: 0.9604997984683595
centerY: 0.22355289421157684
width: 0.028617492946392584
height: 0.03307670373538637
Area: 0.00044363395050171436
CentroidX: 0.9778
CentroidY: 0.2387
