Location: Dedata_4.png_Otsu.png
Component: component_1755523236022_33.png
centerX: 0.48266129032258065
centerY: 0.04360216585921915
width: 0.02217741935483871
height: 0.019948703334283273
Area: 0.000205922098934537
CentroidX: 0.4940
CentroidY: 0.0506
