Location: Dedata_4.png_Gaussian-Median.png
Component: component_1755523236245_278.png
centerX: 0.1346774193548387
centerY: 0.42747221430607013
width: 0.02338709677419355
height: 0.019948703334283273
Area: 0.0002202860846303055
CentroidX: 0.1464
CentroidY: 0.4350
