Location: internet_9.png_Gaussian-Median.png
Component: component_1755092071703_255.png
centerX: 0.5312374042724708
centerY: 0.4887368120901055
width: 0.02781136638452237
height: 0.0290846877673225
Area: 0.0003661704057768036
CentroidX: 0.5480
CentroidY: 0.5022
