Location: Dedata_4.png_Otsu.png
Component: component_1755523236039_131.png
centerX: 0.3060483870967742
centerY: 0.15474494157879737
width: 0.02217741935483871
height: 0.01937874038187518
Area: 0.00018971952306971014
CentroidX: 0.3197
CentroidY: 0.1621
