Location: Dedata_4.png_Mean-Medain.png
Component: component_1755523235533_12.png
centerX: 0.38911290322580644
centerY: 0.007694499857509262
width: 0.02338709677419355
height: 0.023083499572527786
Area: 0.00027015784296601365
CentroidX: 0.4003
CentroidY: 0.0165
