Location: Dedata_4.png_Gaussian-Median.png
Component: component_1755523236274_394.png
centerX: 0.01975806451612903
centerY: 0.6326588771729837
width: 0.025
height: 0.018808777429467086
Area: 0.00021545978543652727
CentroidX: 0.0327
CentroidY: 0.6409
