Location: Dedata_4.png_Otsu.png
Component: component_1755523236055_208.png
centerX: 0.17540322580645162
centerY: 0.2730122542034768
width: 0.02217741935483871
height: 0.01567398119122257
Area: 0.0001576591069967549
CentroidX: 0.1885
CentroidY: 0.2792
