Location: Dedata_4.png_Otsu.png
Component: component_1755523236035_116.png
centerX: 0.8310483870967742
centerY: 0.13565118267312626
width: 0.02338709677419355
height: 0.0219435736677116
Area: 0.00021488522600869654
CentroidX: 0.8438
CentroidY: 0.1441
