Location: internet_9.png_Mean-Closing.png
Component: component_1755092072069_297.png
centerX: 0.1700927045546151
centerY: 0.7299686341602509
width: 0.026602176541717048
height: 0.026518391787852865
Area: 0.00036306726674479684
CentroidX: 0.1854
CentroidY: 0.7421
