Location: internet_9.png_Gaussian-Closing.png
Component: component_1755092072563_236.png
centerX: 0.5372833534864974
centerY: 0.5332192757342458
width: 0.024586860137041516
height: 0.023952095808383235
Area: 0.00027227171728978273
CentroidX: 0.5518
CentroidY: 0.5444
