Location: Dedata_4.png_Gaussian-Closing.png
Component: component_1755523235868_133.png
centerX: 0.1310483870967742
centerY: 0.19806212596181247
width: 0.02379032258064516
height: 0.0219435736677116
Area: 0.00023292639204258175
CentroidX: 0.1455
CentroidY: 0.2065
