Location: internet_9.png_Otsu.png
Component: component_1755092072178_414.png
centerX: 0.34784361144699716
centerY: 0.2737382378100941
width: 0.029826682789197905
height: 0.02423723980610208
Area: 0.00032249659717818925
CentroidX: 0.3657
CentroidY: 0.2849
