Location: Kurtxevani_1794_page_10.png_Mean-Medain.png
Component: component_1755610054918_1346.png
centerX: 0.2074810052600818
centerY: 0.3838695460555311
width: 0.011689070718877849
height: 0.010136624063464082
Area: 7.031988334626825e-05
CentroidX: 0.2140
CentroidY: 0.3881
