Location: internet_9.png_Gaussian-Closing.png
Component: component_1755092072305_35.png
centerX: 0.07376058041112454
centerY: 0.05389221556886228
width: 0.02781136638452237
height: 0.03421727972626176
Area: 0.00042340608125604034
CentroidX: 0.0893
CentroidY: 0.0691
