Location: Samociqulo_1709_page_10.png_Gaussian-Median.png
Component: component_1755610056306_3391.png
centerX: 0.6555282555282556
centerY: 0.833125
width: 0.013267813267813268
height: 0.0096875
Area: 7.73955773955774e-05
CentroidX: 0.6622
CentroidY: 0.8370
