Location: Dedata_4.png_Gaussian-Median.png
Component: component_1755523236268_369.png
centerX: 0.018145161290322582
centerY: 0.591336563123397
width: 0.02258064516129032
height: 0.022513536620119692
Area: 0.00022005626085917318
CentroidX: 0.0305
CentroidY: 0.6015
