Location: internet_9.png_Otsu.png
Component: component_1755092072169_262.png
centerX: 0.6195082627972591
centerY: 0.16909039064727688
width: 0.02902055622732769
height: 0.02566295979469632
Area: 0.00028548879094462655
CentroidX: 0.6353
CentroidY: 0.1789
