Location: Dedata_4.png_Otsu.png
Component: component_1755523236035_115.png
centerX: 0.09274193548387097
centerY: 0.1353662011969222
width: 0.025
height: 0.015388999715018524
Area: 0.00014674247786797083
CentroidX: 0.1076
CentroidY: 0.1403
