Location: internet_9.png_Mean-Closing.png
Component: component_1755092071831_157.png
centerX: 0.871825876662636
centerY: 0.3504419731964642
width: 0.02539298669891173
height: 0.02765896777872826
Area: 0.0003182441473935873
CentroidX: 0.8874
CentroidY: 0.3631
