Location: internet_9.png_Otsu.png
Component: component_1755092072166_185.png
centerX: 0.1769447803305119
centerY: 0.14656401482748788
width: 0.025796049979846837
height: 0.03022526375819789
Area: 0.000259744230086496
CentroidX: 0.1906
CentroidY: 0.1591
