Location: Dedata_4.png_Gaussian-Closing.png
Component: component_1755523235881_161.png
centerX: 0.817741935483871
centerY: 0.2413793103448276
width: 0.027822580645161292
height: 0.01937874038187518
Area: 0.0002520017650465623
CentroidX: 0.8324
CentroidY: 0.2485
