Location: Dedata_4.png_Gaussian-Median.png
Component: component_1755523236269_372.png
centerX: 0.09233870967741936
centerY: 0.5927614705044172
width: 0.024596774193548387
height: 0.020233684810487318
Area: 0.00023671848426626464
CentroidX: 0.1059
CentroidY: 0.6006
