Location: Dedata_4.png_Gaussian-Closing.png
Component: component_1755523235896_194.png
centerX: 0.41088709677419355
centerY: 0.2955257908235965
width: 0.02620967741935484
height: 0.018808777429467086
Area: 0.00023154744941578797
CentroidX: 0.4255
CentroidY: 0.3028
