Location: Dedata_4.png_Gaussian-Closing.png
Component: component_1755523235939_273.png
centerX: 0.17137096774193547
centerY: 0.4249073810202337
width: 0.022983870967741935
height: 0.0176688515246509
Area: 0.0001944309103779222
CentroidX: 0.1833
CentroidY: 0.4318
