Location: internet_9.png_Gaussian-Median.png
Component: component_1755092071697_222.png
centerX: 0.709391374445788
centerY: 0.40347875677216993
width: 0.027408303103587262
height: 0.03022526375819789
Area: 0.00034950539986417444
CentroidX: 0.7267
CentroidY: 0.4186
