Location: Dedata_4.png_Gaussian-Closing.png
Component: component_1755523235818_13.png
centerX: 0.38911290322580644
centerY: 0.007979481333713309
width: 0.022983870967741935
height: 0.022513536620119692
Area: 0.0002460263469971226
CentroidX: 0.4002
CentroidY: 0.0166
