Location: Dedata_4.png_Mean-Medain.png
Component: component_1755523235580_226.png
centerX: 0.09637096774193549
centerY: 0.3505272157309775
width: 0.02379032258064516
height: 0.01738387004844685
Area: 0.0002063817464768016
CentroidX: 0.1092
CentroidY: 0.3574
