Location: Dedata_4.png_Gaussian-Closing.png
Component: component_1755523235838_46.png
centerX: 0.9443548387096774
centerY: 0.0701054431461955
width: 0.020161290322580645
height: 0.021373610715303505
Area: 0.00022832991661993584
CentroidX: 0.9537
CentroidY: 0.0794
