Location: internet_9.png_Gaussian-Median.png
Component: component_1755092071683_160.png
centerX: 0.8891575977428456
centerY: 0.27345309381237526
width: 0.030229746070133012
height: 0.028229255774165955
Area: 0.0003661704057768036
CentroidX: 0.9069
CentroidY: 0.2862
