Location: Dedata_4.png_Mean-Medain.png
Component: component_1755523235582_236.png
centerX: 0.5342741935483871
centerY: 0.36449130806497576
width: 0.03064516129032258
height: 0.022513536620119692
Area: 0.00028567094751744365
CentroidX: 0.5517
CentroidY: 0.3725
