Location: internet_9.png_Gaussian-Median.png
Component: component_1755092071724_343.png
centerX: 0.4268440145102781
centerY: 0.7251211861990305
width: 0.032648125755743655
height: 0.02566295979469632
Area: 0.0003766291336254192
CentroidX: 0.4455
CentroidY: 0.7377
