Location: Dedata_4.png_Gaussian-Closing.png
Component: component_1755523235828_33.png
centerX: 0.8491935483870968
centerY: 0.04189227700199487
width: 0.025403225806451612
height: 0.020233684810487318
Area: 0.00023510971786833856
CentroidX: 0.8625
CentroidY: 0.0499
