Location: internet_9.png_Mean-Closing.png
Component: component_1755092071972_232.png
centerX: 0.5372833534864974
centerY: 0.5332192757342458
width: 0.024586860137041516
height: 0.023952095808383235
Area: 0.000290315896105526
CentroidX: 0.5518
CentroidY: 0.5444
