Location: internet_9.png_Gaussian-Median.png
Component: component_1755092071680_135.png
centerX: 0.3667875856509472
centerY: 0.23125178214998574
width: 0.029826682789197905
height: 0.03022526375819789
Area: 0.00034054077599393254
CentroidX: 0.3839
CentroidY: 0.2432
