Location: Dedata_4.png_Mean-Medain.png
Component: component_1755523235538_31.png
centerX: 0.5245967741935483
centerY: 0.04160729552579082
width: 0.021774193548387097
height: 0.018808777429467086
Area: 0.00023200709695805257
CentroidX: 0.5362
CentroidY: 0.0492
