Location: internet_9.png_Otsu.png
Component: component_1755092072225_1053.png
centerX: 0.3611446997178557
centerY: 0.7901340176789279
width: 0.02781136638452237
height: 0.027088679783290562
Area: 0.0003439887082517179
CentroidX: 0.3781
CentroidY: 0.8020
