Location: internet_9.png_Otsu.png
Component: component_1755092072226_1057.png
centerX: 0.6928657799274486
centerY: 0.82919874536641
width: 0.03143893591293833
height: 0.0290846877673225
Area: 0.0003652509571747275
CentroidX: 0.7121
CentroidY: 0.8429
