Location: internet_9.png_Gaussian-Closing.png
Component: component_1755092072552_201.png
centerX: 0.9560661023780733
centerY: 0.45879669232962644
width: 0.024989923417976623
height: 0.026803535785571715
Area: 0.00029043082718078556
CentroidX: 0.9711
CentroidY: 0.4714
