Location: Dedata_4.png_Mean-Medain.png
Component: component_1755523235548_81.png
centerX: 0.1963709677419355
centerY: 0.12710173838700484
width: 0.02338709677419355
height: 0.018523795953263037
Area: 0.00021258698829737359
CentroidX: 0.2100
CentroidY: 0.1338
