Location: internet_9.png_Gaussian-Median.png
Component: component_1755092071677_122.png
centerX: 0.7158403869407497
centerY: 0.20273738237810093
width: 0.03466344216041919
height: 0.031080695751354435
Area: 0.00038237568738839475
CentroidX: 0.7369
CentroidY: 0.2175
