Location: internet_9.png_Otsu.png
Component: component_1755092072164_127.png
centerX: 0.4683595324465941
centerY: 0.12688907898488735
width: 0.031035872632003223
height: 0.0290846877673225
Area: 0.00029583258771798257
CentroidX: 0.4854
CentroidY: 0.1393
