Location: internet_9.png_Gaussian-Median.png
Component: component_1755092071667_47.png
centerX: 0.4268440145102781
centerY: 0.08354719133162247
width: 0.028214429665457477
height: 0.02737382378100941
Area: 0.0003389317409402994
CentroidX: 0.4443
CentroidY: 0.0951
