Location: Dedata_4.png_Gaussian-Median.png
Component: component_1755523236218_155.png
centerX: 0.22298387096774194
centerY: 0.2299800512966657
width: 0.02258064516129032
height: 0.02108862923909946
Area: 0.0002251123838240837
CentroidX: 0.2360
CentroidY: 0.2379
