Location: Dedata_4.png_Otsu.png
Component: component_1755523236030_79.png
centerX: 0.6350806451612904
centerY: 0.10743801652892562
width: 0.024596774193548387
height: 0.020518666286691366
Area: 0.00016099155167817317
CentroidX: 0.6478
CentroidY: 0.1147
