Location: Dedata_4.png_Gaussian-Closing.png
Component: component_1755523235844_58.png
centerX: 0.2870967741935484
centerY: 0.08577942433741807
width: 0.02379032258064516
height: 0.023083499572527786
Area: 0.000264986808115537
CentroidX: 0.3004
CentroidY: 0.0945
