Location: internet_9.png_Otsu.png
Component: component_1755092072186_471.png
centerX: 0.6723095525997581
centerY: 0.365839749073282
width: 0.02781136638452237
height: 0.027088679783290562
Area: 0.00031054376535120004
CentroidX: 0.6892
CentroidY: 0.3784
