Location: Dedata_4.png_Otsu.png
Component: component_1755523236093_400.png
centerX: 0.5032258064516129
centerY: 0.5300655457395269
width: 0.02661290322580645
height: 0.017098888572242805
Area: 0.00022189485102823154
CentroidX: 0.5176
CentroidY: 0.5363
