Location: internet_9.png_Otsu.png
Component: component_1755092072168_240.png
centerX: 0.717049576783555
centerY: 0.16253207869974337
width: 0.021362353889560662
height: 0.027944111776447105
Area: 0.00021032386772490603
CentroidX: 0.7273
CentroidY: 0.1733
