Location: Dedata_4.png_Gaussian-Median.png
Component: component_1755523236258_334.png
centerX: 0.5028225806451613
centerY: 0.5300655457395269
width: 0.027419354838709678
height: 0.01738387004844685
Area: 0.0002457965232259903
CentroidX: 0.5176
CentroidY: 0.5365
