Location: internet_9.png_Gaussian-Closing.png
Component: component_1755092072568_261.png
centerX: 0.3704151551793632
centerY: 0.5962360992301112
width: 0.029826682789197905
height: 0.026803535785571715
Area: 0.00027617937384860614
CentroidX: 0.3884
CentroidY: 0.6080
