Location: Dedata_4.png_Gaussian-Closing.png
Component: component_1755523235837_44.png
centerX: 0.00967741935483871
centerY: 0.06041607295525791
width: 0.01935483870967742
height: 0.019663721858079224
Area: 0.00017960727713988914
CentroidX: 0.0209
CentroidY: 0.0680
