Location: Dedata_4.png_Gaussian-Closing.png
Component: component_1755523235880_160.png
centerX: 0.8540322580645161
centerY: 0.2408093473924195
width: 0.027016129032258064
height: 0.017953833000854943
Area: 0.00023614392483843388
CentroidX: 0.8685
CentroidY: 0.2474
