Location: internet_9.png_Mean-Closing.png
Component: component_1755092071793_3.png
centerX: 0.019750100765820233
centerY: 0.005417735956658112
width: 0.027408303103587262
height: 0.03364699173082407
Area: 0.0004375426035129603
CentroidX: 0.0355
CentroidY: 0.0205
