Location: internet_9.png_Gaussian-Closing.png
Component: component_1755092072579_314.png
centerX: 0.6485288190245868
centerY: 0.782435129740519
width: 0.032245062474808545
height: 0.026518391787852865
Area: 0.0003639867153468729
CentroidX: 0.6685
CentroidY: 0.7950
