Location: Dedata_4.png_Gaussian-Median.png
Component: component_1755523236255_316.png
centerX: 0.2838709677419355
centerY: 0.499857509261898
width: 0.027419354838709678
height: 0.016243944143630663
Area: 0.00023384568712711093
CentroidX: 0.2984
CentroidY: 0.5062
