Location: internet_9.png_Otsu.png
Component: component_1755092072174_372.png
centerX: 0.3671906489318823
centerY: 0.2315369261477046
width: 0.029423619508262798
height: 0.029654975762760195
Area: 0.00027939744395587247
CentroidX: 0.3835
CentroidY: 0.2422
