Location: internet_9.png_Otsu.png
Component: component_1755092072189_482.png
centerX: 0.06811769447803305
centerY: 0.3860849729113202
width: 0.027005239822652155
height: 0.026803535785571715
Area: 0.00028123634116002463
CentroidX: 0.0852
CentroidY: 0.3986
