Location: Dedata_4.png_Otsu.png
Component: component_1755523236046_161.png
centerX: 0.1310483870967742
centerY: 0.19834710743801653
width: 0.02379032258064516
height: 0.02108862923909946
Area: 0.00020845016041699224
CentroidX: 0.1456
CentroidY: 0.2065
