Location: Dedata_4.png_Mean-Medain.png
Component: component_1755523235589_262.png
centerX: 0.419758064516129
centerY: 0.4066685665431747
width: 0.03064516129032258
height: 0.01567398119122257
Area: 0.00023350095147041248
CentroidX: 0.4363
CentroidY: 0.4123
