Location: Dedata_4.png_Otsu.png
Component: component_1755523236051_184.png
centerX: 0.9366935483870967
centerY: 0.23453975491593046
width: 0.021774193548387097
height: 0.0176688515246509
Area: 0.00020293438990981715
CentroidX: 0.9472
CentroidY: 0.2416
