Location: internet_9.png_Otsu.png
Component: component_1755092072216_1019.png
centerX: 0.9230149133413946
centerY: 0.7117194183062446
width: 0.03184199919387344
height: 0.027944111776447105
Area: 0.0003512293659930671
CentroidX: 0.9423
CentroidY: 0.7252
