Location: Dedata_4.png_Mean-Medain.png
Component: component_1755523235547_76.png
centerX: 0.45
centerY: 0.1176973496722713
width: 0.02217741935483871
height: 0.022228555143915644
Area: 0.0002290193879333327
CentroidX: 0.4623
CentroidY: 0.1264
