Location: Kurtxevani_1794_page_10.png_Mean-Medain.png
Component: component_1755610054598_452.png
centerX: 0.7668030391583869
centerY: 0.07977082415160863
width: 0.013442431326709527
height: 0.010577346848832084
Area: 8.886578664638294e-05
CentroidX: 0.7740
CentroidY: 0.0845
