Location: internet_9.png_Gaussian-Median.png
Component: component_1755092071662_25.png
centerX: 0.3591293833131802
centerY: 0.044767607641859136
width: 0.028214429665457477
height: 0.033932135728542916
Area: 0.00042041787329929304
CentroidX: 0.3747
CentroidY: 0.0596
