Location: internet_9.png_Mean-Closing.png
Component: component_1755092071876_211.png
centerX: 0.5312374042724708
centerY: 0.4887368120901055
width: 0.02781136638452237
height: 0.0290846877673225
Area: 0.0003872027925492942
CentroidX: 0.5481
CentroidY: 0.5022
