Location: Dedata_4.png_Mean-Medain.png
Component: component_1755523235604_330.png
centerX: 0.4629032258064516
centerY: 0.5340552864063836
width: 0.024596774193548387
height: 0.018238814477058992
Area: 0.00023487989409720625
CentroidX: 0.4763
CentroidY: 0.5407
