Location: Kurtxevani_1794_page_10.png_Mean-Medain.png
Component: component_1755610055074_2330.png
centerX: 0.4208065458796026
centerY: 0.7399735566328779
width: 0.013442431326709527
height: 0.014543851917144116
Area: 0.00011410882169376129
CentroidX: 0.4274
CentroidY: 0.7462
