Location: Dedata_4.png_Otsu.png
Component: component_1755523236081_326.png
centerX: 0.7137096774193549
centerY: 0.4297520661157025
width: 0.027419354838709678
height: 0.015958962667426618
Area: 0.00017547044925950782
CentroidX: 0.7289
CentroidY: 0.4352
