Location: Dedata_4.png_Otsu.png
Component: component_1755523236055_204.png
centerX: 0.26653225806451614
centerY: 0.2638928469649473
width: 0.025
height: 0.019663721858079224
Area: 0.00021166769321284438
CentroidX: 0.2812
CentroidY: 0.2714
