Location: Dedata_4.png_Otsu.png
Component: component_1755523236110_485.png
centerX: 0.34475806451612906
centerY: 0.6266742661726987
width: 0.028629032258064516
height: 0.015958962667426618
Area: 0.00016662223407091443
CentroidX: 0.3604
CentroidY: 0.6317
