Location: internet_9.png_Gaussian-Closing.png
Component: component_1755092072537_151.png
centerX: 0.6706972994760177
centerY: 0.32763045337895635
width: 0.03143893591293833
height: 0.029940119760479042
Area: 0.0003909955180328581
CentroidX: 0.6909
CentroidY: 0.3420
