Location: Dedata_4.png_Gaussian-Closing.png
Component: component_1755523235856_90.png
centerX: 0.7354838709677419
centerY: 0.13850099743516672
width: 0.024596774193548387
height: 0.0176688515246509
Area: 0.00020534753950670625
CentroidX: 0.7501
CentroidY: 0.1450
