Location: Dedata_4.png_Mean-Medain.png
Component: component_1755523235596_297.png
centerX: 0.7943548387096774
centerY: 0.4676546024508407
width: 0.024193548387096774
height: 0.0176688515246509
Area: 0.0001933967034078269
CentroidX: 0.8076
CentroidY: 0.4754
