Location: internet_9.png_Mean-Closing.png
Component: component_1755092071933_223.png
centerX: 0.23861346231358324
centerY: 0.5152552038779584
width: 0.02539298669891173
height: 0.024522383803820928
Area: 0.00029353396621279235
CentroidX: 0.2539
CentroidY: 0.5265
