Location: Dedata_4.png_Otsu.png
Component: component_1755523236041_135.png
centerX: 0.9189516129032258
centerY: 0.16300940438871472
width: 0.01935483870967742
height: 0.022798518096323737
Area: 0.00021258698829737359
CentroidX: 0.9286
CentroidY: 0.1716
