Location: Dedata_4.png_Gaussian-Median.png
Component: component_1755523236203_94.png
centerX: 0.6879032258064516
centerY: 0.13935594186377886
width: 0.02661290322580645
height: 0.020233684810487318
Area: 0.0002272957096498405
CentroidX: 0.7042
CentroidY: 0.1468
