Location: internet_9.png_Gaussian-Closing.png
Component: component_1755092072470_108.png
centerX: 0.822652156388553
centerY: 0.23666951810664386
width: 0.030229746070133012
height: 0.03165098374679213
Area: 0.00045029995286676605
CentroidX: 0.8393
CentroidY: 0.2514
