Location: Dedata_4.png_Otsu.png
Component: component_1755523236109_477.png
centerX: 0.6112903225806452
centerY: 0.6144200626959248
width: 0.031451612903225803
height: 0.01909375890567113
Area: 0.0002356842772961693
CentroidX: 0.6284
CentroidY: 0.6204
