Location: Samociqulo_1709_page_10.png_Gaussian-Median.png
Component: component_1755610056306_3385.png
centerX: 0.6216216216216216
centerY: 0.8325
width: 0.011793611793611793
height: 0.0090625
Area: 5.7893120393120396e-05
CentroidX: 0.6275
CentroidY: 0.8366
