Location: Dedata_4.png_Gaussian-Median.png
Component: component_1755523236210_124.png
centerX: 0.00967741935483871
centerY: 0.17811342262752922
width: 0.01975806451612903
height: 0.01738387004844685
Area: 0.00014605300655457396
CentroidX: 0.0202
CentroidY: 0.1848
