Location: internet_9.png_Gaussian-Closing.png
Component: component_1755092072303_22.png
centerX: 0.8496573962112052
centerY: 0.04163102366695181
width: 0.02539298669891173
height: 0.02737382378100941
Area: 0.0003480112958858008
CentroidX: 0.8637
CentroidY: 0.0541
