Location: internet_9.png_Mean-Closing.png
Component: component_1755092072074_315.png
centerX: 0.4127367996775494
centerY: 0.7881380096948959
width: 0.03143893591293833
height: 0.026803535785571715
Area: 0.0003868579993235157
CentroidX: 0.4309
CentroidY: 0.7997
