Location: Dedata_4.png_Otsu.png
Component: component_1755523236089_372.png
centerX: 0.22701612903225807
centerY: 0.5038472499287546
width: 0.03225806451612903
height: 0.015958962667426618
Area: 0.00014582318278344165
CentroidX: 0.2452
CentroidY: 0.5085
