Location: Dedata_4.png_Gaussian-Median.png
Component: component_1755523236219_156.png
centerX: 0.17661290322580644
centerY: 0.2311199772014819
width: 0.02379032258064516
height: 0.021373610715303505
Area: 0.00024154478346004283
CentroidX: 0.1906
CentroidY: 0.2390
