Location: Dedata_4.png_Mean-Medain.png
Component: component_1755523235536_24.png
centerX: 0.6733870967741935
centerY: 0.03562268452550584
width: 0.022983870967741935
height: 0.018238814477058992
Area: 0.00022281414611276072
CentroidX: 0.6855
CentroidY: 0.0428
