Location: Dedata_4.png_Gaussian-Closing.png
Component: component_1755523235939_274.png
centerX: 0.7943548387096774
centerY: 0.42576232544884585
width: 0.025403225806451612
height: 0.019948703334283273
Area: 0.00024062548837551365
CentroidX: 0.8076
CentroidY: 0.4330
