Location: internet_9.png_Otsu.png
Component: component_1755092072223_1047.png
centerX: 0.2426440951229343
centerY: 0.7875677216994582
width: 0.030229746070133012
height: 0.026518391787852865
Area: 0.0003522637456704027
CentroidX: 0.2607
CentroidY: 0.8005
