Location: internet_9.png_Gaussian-Closing.png
Component: component_1755092072543_168.png
centerX: 0.3385731559854897
centerY: 0.36897633304818933
width: 0.028214429665457477
height: 0.02480752780153978
Area: 0.00032410563223182244
CentroidX: 0.3558
CentroidY: 0.3801
