Location: Dedata_4.png_Mean-Medain.png
Component: component_1755523235547_74.png
centerX: 0.5403225806451613
centerY: 0.11000284981476204
width: 0.021370967741935483
height: 0.018808777429467086
Area: 0.00019741861940264206
CentroidX: 0.5512
CentroidY: 0.1181
