Location: Dedata_4.png_Gaussian-Closing.png
Component: component_1755523235953_332.png
centerX: 0.4189516129032258
centerY: 0.5374750641208321
width: 0.025
height: 0.018523795953263037
Area: 0.0002246527362818191
CentroidX: 0.4324
CentroidY: 0.5440
