Location: Dedata_4.png_Gaussian-Closing.png
Component: component_1755523235940_277.png
centerX: 0.7516129032258064
centerY: 0.42832715873468225
width: 0.028225806451612902
height: 0.01738387004844685
Area: 0.00023648866049513233
CentroidX: 0.7666
CentroidY: 0.4345
