Location: Kurtxevani_1794_page_10.png_Mean-Medain.png
Component: component_1755610054810_760.png
centerX: 0.5692577440093513
centerY: 0.18289995592772146
width: 0.011689070718877849
height: 0.010136624063464082
Area: 6.697131747263642e-05
CentroidX: 0.5756
CentroidY: 0.1871
