Location: Dedata_4.png_Otsu.png
Component: component_1755523236052_187.png
centerX: 0.8939516129032258
centerY: 0.23738956967797092
width: 0.028225806451612902
height: 0.01652892561983471
Area: 0.00019718879563150976
CentroidX: 0.9095
CentroidY: 0.2428
