Location: Dedata_4.png_Gaussian-Median.png
Component: component_1755523236241_257.png
centerX: 0.8068548387096774
centerY: 0.38928469649472786
width: 0.02903225806451613
height: 0.017953833000854943
Area: 0.00024154478346004283
CentroidX: 0.8222
CentroidY: 0.3956
