Location: Dedata_4.png_Otsu.png
Component: component_1755523236020_19.png
centerX: 0.1157258064516129
centerY: 0.013679110857794243
width: 0.025403225806451612
height: 0.02108862923909946
Area: 0.00023798251500749225
CentroidX: 0.1287
CentroidY: 0.0211
