Location: internet_9.png_Gaussian-Closing.png
Component: component_1755092072570_271.png
centerX: 0.8903667875856509
centerY: 0.64357000285144
width: 0.027005239822652155
height: 0.02623324779013402
Area: 0.0003333001182525833
CentroidX: 0.9068
CentroidY: 0.6557
