Location: internet_9.png_Mean-Closing.png
Component: component_1755092071802_36.png
centerX: 0.8806932688432084
centerY: 0.07755916737952666
width: 0.0237807335751713
height: 0.02737382378100941
Area: 0.00032054276889877754
CentroidX: 0.8934
CentroidY: 0.0898
