Location: Dedata_4.png_Gaussian-Closing.png
Component: component_1755523235946_304.png
centerX: 0.6782258064516129
centerY: 0.47705899116557426
width: 0.02217741935483871
height: 0.017098888572242805
Area: 0.00018546778330376268
CentroidX: 0.6903
CentroidY: 0.4839
