Location: internet_9.png_Gaussian-Median.png
Component: component_1755092071731_363.png
centerX: 0.4683595324465941
centerY: 0.7855717137154263
width: 0.029826682789197905
height: 0.02737382378100941
Area: 0.0003590446791107139
CentroidX: 0.4861
CentroidY: 0.7982
