Location: Dedata_4.png_Gaussian-Median.png
Component: component_1755523236225_182.png
centerX: 0.1375
centerY: 0.2730122542034768
width: 0.02217741935483871
height: 0.01909375890567113
Area: 0.0002145404903519981
CentroidX: 0.1505
CentroidY: 0.2808
