Location: internet_9.png_Gaussian-Median.png
Component: component_1755092071698_231.png
centerX: 0.4989923417976622
centerY: 0.42885657256914744
width: 0.02418379685610641
height: 0.02765896777872826
Area: 0.00030318817653459133
CentroidX: 0.5144
CentroidY: 0.4422
