Location: Dedata_4.png_Gaussian-Median.png
Component: component_1755523236224_180.png
centerX: 0.175
centerY: 0.2727272727272727
width: 0.022983870967741935
height: 0.016813907096038756
Area: 0.00018535287141819654
CentroidX: 0.1886
CentroidY: 0.2793
