Location: Dedata_4.png_Gaussian-Closing.png
Component: component_1755523235930_254.png
centerX: 0.8068548387096774
centerY: 0.38928469649472786
width: 0.02903225806451613
height: 0.0176688515246509
Area: 0.0002421193428878736
CentroidX: 0.8222
CentroidY: 0.3956
