Location: internet_9.png_Gaussian-Closing.png
Component: component_1755092072357_62.png
centerX: 0.46795646916565903
centerY: 0.12660393498716851
width: 0.03143893591293833
height: 0.029654975762760195
Area: 0.0003512293659930671
CentroidX: 0.4861
CentroidY: 0.1397
