Location: Dedata_4.png_Otsu.png
Component: component_1755523236085_351.png
centerX: 0.7947580645161291
centerY: 0.46793958392704477
width: 0.02338709677419355
height: 0.017098888572242805
Area: 0.00016248540619053309
CentroidX: 0.8077
CentroidY: 0.4753
