Location: Dedata_4.png_Gaussian-Median.png
Component: component_1755523236212_134.png
centerX: 0.9483870967741935
centerY: 0.1969222000569963
width: 0.02338709677419355
height: 0.0219435736677116
Area: 0.00023085797810239107
CentroidX: 0.9606
CentroidY: 0.2048
