Location: Dedata_4.png_Otsu.png
Component: component_1755523236068_264.png
centerX: 0.0967741935483871
centerY: 0.35081219720718154
width: 0.022983870967741935
height: 0.016813907096038756
Area: 0.00016960994309563426
CentroidX: 0.1093
CentroidY: 0.3574
