Location: internet_9.png_Gaussian-Closing.png
Component: component_1755092072575_293.png
centerX: 0.7710600564288593
centerY: 0.7162817222697462
width: 0.032245062474808545
height: 0.025377815796977475
Area: 0.00037973227265742596
CentroidX: 0.7900
CentroidY: 0.7280
