Location: internet_9.png_Mean-Closing.png
Component: component_1755092071824_127.png
centerX: 0.7960499798468359
centerY: 0.27944111776447106
width: 0.026602176541717048
height: 0.028229255774165955
Area: 0.00033146122104843115
CentroidX: 0.8113
CentroidY: 0.2923
