Location: internet_9.png_Otsu.png
Component: component_1755092072175_375.png
centerX: 0.7230955259975816
centerY: 0.23723980610208156
width: 0.02539298669891173
height: 0.03450242372398061
Area: 0.00040444245383822094
CentroidX: 0.7387
CentroidY: 0.2542
