Location: Dedata_4.png_Gaussian-Median.png
Component: component_1755523236212_138.png
centerX: 0.8407258064516129
centerY: 0.20091194072385296
width: 0.01975806451612903
height: 0.017953833000854943
Area: 0.00019236249643773154
CentroidX: 0.8507
CentroidY: 0.2080
