Location: internet_9.png_Gaussian-Closing.png
Component: component_1755092072564_243.png
centerX: 0.8774687625957275
centerY: 0.5614485315084118
width: 0.026199113260781944
height: 0.026803535785571715
Area: 0.00033973625846711597
CentroidX: 0.8942
CentroidY: 0.5737
