Location: internet_9.png_Gaussian-Median.png
Component: component_1755092071714_299.png
centerX: 0.5122934300685208
centerY: 0.583404619332763
width: 0.026199113260781944
height: 0.02765896777872826
Area: 0.0002707776133114091
CentroidX: 0.5297
CentroidY: 0.5961
