Location: Dedata_4.png_Mean-Medain.png
Component: component_1755523235601_317.png
centerX: 0.1375
centerY: 0.5098318609290396
width: 0.02903225806451613
height: 0.018523795953263037
Area: 0.0002654464556578016
CentroidX: 0.1530
CentroidY: 0.5165
