Location: Dedata_4.png_Mean-Medain.png
Component: component_1755523235582_233.png
centerX: 0.7028225806451613
centerY: 0.3605015673981191
width: 0.02661290322580645
height: 0.01738387004844685
Area: 0.00023913163386315374
CentroidX: 0.7170
CentroidY: 0.3671
