Location: Dedata_4.png_Mean-Medain.png
Component: component_1755523235558_132.png
centerX: 0.13064516129032258
centerY: 0.19806212596181247
width: 0.024193548387096774
height: 0.0219435736677116
Area: 0.00024039566460438137
CentroidX: 0.1454
CentroidY: 0.2065
