Location: Samociqulo_1709_page_10.png_Gaussian-Median.png
Component: component_1755610056204_1932.png
centerX: 0.23194103194103194
centerY: 0.4378125
width: 0.01425061425061425
height: 0.01
Area: 7.34029484029484e-05
CentroidX: 0.2387
CentroidY: 0.4419
