Location: Dedata_4.png_Mean-Medain.png
Component: component_1755523235583_239.png
centerX: 0.4467741935483871
centerY: 0.3684810487318324
width: 0.02903225806451613
height: 0.0176688515246509
Area: 0.00025602368104137745
CentroidX: 0.4626
CentroidY: 0.3749
