Location: Dedata_4.png_Mean-Medain.png
Component: component_1755523235688_382.png
centerX: 0.3443548387096774
centerY: 0.6261043032202906
width: 0.029838709677419355
height: 0.01738387004844685
Area: 0.00028004026512470237
CentroidX: 0.3603
CentroidY: 0.6329
