Location: Dedata_4.png_Gaussian-Median.png
Component: component_1755523236226_186.png
centerX: 0.8475806451612903
centerY: 0.2767170133941294
width: 0.02379032258064516
height: 0.016813907096038756
Area: 0.00021764311126228408
CentroidX: 0.8604
CentroidY: 0.2836
