Location: internet_9.png_Otsu.png
Component: component_1755092072204_777.png
centerX: 0.5372833534864974
centerY: 0.5332192757342458
width: 0.024586860137041516
height: 0.023666951810664385
Area: 0.0002338847381531059
CentroidX: 0.5513
CentroidY: 0.5440
