Location: internet_9.png_Gaussian-Median.png
Component: component_1755092071686_173.png
centerX: 0.014913341394598953
centerY: 0.30025662959794697
width: 0.027005239822652155
height: 0.02737382378100941
Area: 0.00034870088233735787
CentroidX: 0.0314
CentroidY: 0.3135
