Location: internet_9.png_Gaussian-Median.png
Component: component_1755092071678_127.png
centerX: 0.6138653768641676
centerY: 0.21357285429141717
width: 0.030229746070133012
height: 0.02623324779013402
Area: 0.0003252549429844175
CentroidX: 0.6328
CentroidY: 0.2254
