Location: Dedata_4.png_Gaussian-Median.png
Component: component_1755523236178_12.png
centerX: 0.8459677419354839
centerY: 0.007694499857509262
width: 0.02217741935483871
height: 0.025078369905956112
Area: 0.0002378676031219261
CentroidX: 0.8574
CentroidY: 0.0178
