Location: Dedata_4.png_Gaussian-Closing.png
Component: component_1755523235854_82.png
centerX: 0.1963709677419355
centerY: 0.1273867198632089
width: 0.022983870967741935
height: 0.018238814477058992
Area: 0.00019902738580056812
CentroidX: 0.2102
CentroidY: 0.1339
