Location: internet_9.png_Gaussian-Closing.png
Component: component_1755092072537_148.png
centerX: 0.23337363966142685
centerY: 0.32164242942686055
width: 0.02902055622732769
height: 0.028229255774165955
Area: 0.000364906163948949
CentroidX: 0.2514
CentroidY: 0.3341
