Location: Dedata_4.png_Mean-Medain.png
Component: component_1755523235636_372.png
centerX: 0.7875
centerY: 0.6027358221715589
width: 0.029838709677419355
height: 0.017098888572242805
Area: 0.00027211134502063816
CentroidX: 0.8033
CentroidY: 0.6088
