Location: Dedata_4.png_Gaussian-Closing.png
Component: component_1755523235954_336.png
centerX: 0.2762096774193548
centerY: 0.5417497862638928
width: 0.021370967741935483
height: 0.022228555143915644
Area: 0.00023453515844050783
CentroidX: 0.2876
CentroidY: 0.5506
