Location: Dedata_4.png_Otsu.png
Component: component_1755523236091_386.png
centerX: 0.2435483870967742
centerY: 0.5146765460245084
width: 0.007661290322580645
height: 0.005699629524080934
Area: 8.388567646328795e-06
CentroidX: 0.2474
CentroidY: 0.5170
