Location: Dedata_4.png_Mean-Medain.png
Component: component_1755523235568_167.png
centerX: 0.5439516129032258
centerY: 0.249928754630949
width: 0.02258064516129032
height: 0.01937874038187518
Area: 0.0002155746973220934
CentroidX: 0.5574
CentroidY: 0.2577
