Location: Dedata_4.png_Otsu.png
Component: component_1755523236035_119.png
centerX: 0.7354838709677419
centerY: 0.13878597891137076
width: 0.024596774193548387
height: 0.01738387004844685
Area: 0.00018615725461715955
CentroidX: 0.7502
CentroidY: 0.1448
