Location: internet_9.png_Mean-Closing.png
Component: component_1755092071825_130.png
centerX: 0.6779524385328497
centerY: 0.2840034217279726
width: 0.03345425231761386
height: 0.03165098374679213
Area: 0.00040605148889185413
CentroidX: 0.6986
CentroidY: 0.2994
