Location: Dedata_4.png_Gaussian-Closing.png
Component: component_1755523235856_88.png
centerX: 0.8306451612903226
centerY: 0.1353662011969222
width: 0.024193548387096774
height: 0.022513536620119692
Area: 0.00024660090642495336
CentroidX: 0.8435
CentroidY: 0.1444
