Location: internet_9.png_Mean-Closing.png
Component: component_1755092071831_160.png
centerX: 0.7658202337767029
centerY: 0.3598517251211862
width: 0.031035872632003223
height: 0.02594810379241517
Area: 0.00035410264287455493
CentroidX: 0.7834
CentroidY: 0.3710
