Location: Dedata_4.png_Otsu.png
Component: component_1755523236073_287.png
centerX: 0.2221774193548387
centerY: 0.3793103448275862
width: 0.027822580645161292
height: 0.019663721858079224
Area: 0.00020913963173038914
CentroidX: 0.2375
CentroidY: 0.3862
