Location: Dedata_4.png_Gaussian-Closing.png
Component: component_1755523235957_354.png
centerX: 0.5625
centerY: 0.5696779709318894
width: 0.020967741935483872
height: 0.01937874038187518
Area: 0.00020626683459123543
CentroidX: 0.5719
CentroidY: 0.5787
