Location: Dedata_4.png_Gaussian-Closing.png
Component: component_1755523235884_168.png
centerX: 0.5858870967741936
centerY: 0.249928754630949
width: 0.025806451612903226
height: 0.017953833000854943
Area: 0.00022143520348596695
CentroidX: 0.6011
CentroidY: 0.2567
