Location: Dedata_4.png_Otsu.png
Component: component_1755523236078_310.png
centerX: 0.3375
centerY: 0.41379310344827586
width: 0.024193548387096774
height: 0.01652892561983471
Area: 0.00018282480993574127
CentroidX: 0.3502
CentroidY: 0.4196
