Location: Dedata_4.png_Gaussian-Closing.png
Component: component_1755523235886_173.png
centerX: 0.3596774193548387
centerY: 0.2590481618694785
width: 0.02379032258064516
height: 0.018523795953263037
Area: 0.0002198264370880409
CentroidX: 0.3732
CentroidY: 0.2664
