Location: internet_9.png_Gaussian-Median.png
Component: component_1755092071732_368.png
centerX: 0.4127367996775494
centerY: 0.7884231536926147
width: 0.03143893591293833
height: 0.026518391787852865
Area: 0.0003699631312603675
CentroidX: 0.4309
CentroidY: 0.7996
