Location: internet_19.png_Otsu.png
Component: component_1755084039428_914.png
centerX: 0.14026602176541716
centerY: 0.6666666666666666
width: 0.0237807335751713
height: 0.03307670373538637
Area: 0.000270317889010371
CentroidX: 0.1492
CentroidY: 0.6874
