Location: internet_19.png_Mean-Medain.png
Component: component_1755084039511_169.png
centerX: 0.6311970979443773
centerY: 0.24294268605645852
width: 0.024989923417976623
height: 0.028514399771884802
Area: 0.0002677894053546618
CentroidX: 0.6410
CentroidY: 0.2609
