Location: internet_19.png_Gaussian-Closing.png
Component: component_1755084039784_304.png
centerX: 0.7553405884723902
centerY: 0.654690618762475
width: 0.023377670294236194
height: 0.029369831765041345
Area: 0.00029318917298701383
CentroidX: 0.7638
CentroidY: 0.6722
