Location: internet_19.png_Gaussian-Closing.png
Component: component_1755084039788_319.png
centerX: 0.31519548569125355
centerY: 0.6700883946392928
width: 0.026602176541717048
height: 0.031936127744510975
Area: 0.00031238266255535226
CentroidX: 0.3264
CentroidY: 0.6900
