Location: Kurtxevani_1794_page_10.png_Mean-Medain.png
Component: component_1755610055041_2015.png
centerX: 0.8334307422559907
centerY: 0.628470691934773
width: 0.015195791934541203
height: 0.021154693697664168
Area: 0.00018004981120528022
CentroidX: 0.8400
CentroidY: 0.6401
