Location: internet_19.png_Gaussian-Closing.png
Component: component_1755084039766_230.png
centerX: 0.13865376864167675
centerY: 0.455945252352438
width: 0.029826682789197905
height: 0.03421727972626176
Area: 0.00035996412771279
CentroidX: 0.1505
CentroidY: 0.4778
