Location: internet_19.png_Otsu.png
Component: component_1755084039275_4.png
centerX: 0.365981459089077
centerY: 0.008269175933846592
width: 0.028214429665457477
height: 0.03222127174222983
Area: 0.00032111742427507514
CentroidX: 0.3770
CentroidY: 0.0288
