Location: Kurtxevani_1764_page_10.png_Otsu.png
Component: component_1755610055886_989.png
centerX: 0.1831715210355987
centerY: 0.3521983161833489
width: 0.013592233009708738
height: 0.01637043966323667
Area: 0.0001335064982244544
CentroidX: 0.1890
CentroidY: 0.3614
