Location: internet_19.png_Otsu.png
Component: component_1755084039419_893.png
centerX: 0.19064893188230553
centerY: 0.6190476190476191
width: 0.02902055622732769
height: 0.03222127174222983
Area: 0.0003227264593287083
CentroidX: 0.2023
CentroidY: 0.6396
