Location: internet_19.png_Gaussian-Median.png
Component: component_1755084039616_45.png
centerX: 0.23861346231358324
centerY: 0.06073567151411463
width: 0.025796049979846837
height: 0.026518391787852865
Area: 0.00021779438761677429
CentroidX: 0.2492
CentroidY: 0.0772
