Location: internet_19.png_Gaussian-Median.png
Component: component_1755084039652_292.png
centerX: 0.13825070536074163
centerY: 0.45566010835471915
width: 0.030229746070133012
height: 0.03450242372398061
Area: 0.0003612283695406446
CentroidX: 0.1505
CentroidY: 0.4778
