Location: internet_19.png_Otsu.png
Component: component_1755084039325_754.png
centerX: 0.5187424425634825
centerY: 0.2919874536641004
width: 0.026199113260781944
height: 0.03051040775591674
Area: 0.00028261551406313874
CentroidX: 0.5289
CentroidY: 0.3113
