Location: internet_19.png_Gaussian-Closing.png
Component: component_1755084039735_66.png
centerX: 0.6311970979443773
centerY: 0.09951525520387795
width: 0.024989923417976623
height: 0.028229255774165955
Area: 0.00021020893664964652
CentroidX: 0.6414
CentroidY: 0.1180
