Location: internet_19.png_Mean-Medain.png
Component: component_1755084039522_222.png
centerX: 0.19145505844417574
centerY: 0.35357855717137154
width: 0.02781136638452237
height: 0.02879954376960365
Area: 0.00031318718008216883
CentroidX: 0.2025
CentroidY: 0.3715
