Location: internet_19.png_Mean-Medain.png
Component: component_1755084039532_270.png
centerX: 0.9391374445787989
centerY: 0.48674080410607357
width: 0.02781136638452237
height: 0.03165098374679213
Area: 0.0003722617527655577
CentroidX: 0.9511
CentroidY: 0.5069
