Location: internet_19.png_Mean-Medain.png
Component: component_1755084039519_211.png
centerX: 0.6622329705763805
centerY: 0.3390362132877103
width: 0.029826682789197905
height: 0.03136583974907328
Area: 0.00033456436008043794
CentroidX: 0.6733
CentroidY: 0.3584
