Location: Kurtxevani_1794_page_10.png_Mean-Medain.png
Component: component_1755610055040_1997.png
centerX: 0.2577440093512566
centerY: 0.6218598501542529
width: 0.015195791934541203
height: 0.021595416483032173
Area: 0.00016923136761354664
CentroidX: 0.2643
CentroidY: 0.6338
