Location: internet_19.png_Mean-Medain.png
Component: component_1755084039535_281.png
centerX: 0.46271664651350264
centerY: 0.5049900199600799
width: 0.027005239822652155
height: 0.03222127174222983
Area: 0.00033054177244635504
CentroidX: 0.4731
CentroidY: 0.5256
