Location: Samociqulo_1709_page_10.png_Gaussian-Median.png
Component: component_1755610056270_2801.png
centerX: 0.142014742014742
centerY: 0.69
width: 0.013759213759213759
height: 0.0128125
Area: 0.00010012285012285013
CentroidX: 0.1474
CentroidY: 0.6967
