Location: internet_19.png_Otsu.png
Component: component_1755084039297_541.png
centerX: 0.1946795646916566
centerY: 0.2018819503849444
width: 0.025796049979846837
height: 0.03222127174222983
Area: 0.00011814914536677782
CentroidX: 0.2047
CentroidY: 0.2232
