Location: internet_19.png_Otsu.png
Component: component_1755084039337_769.png
centerX: 0.8645707376058042
centerY: 0.32677502138579984
width: 0.026602176541717048
height: 0.03136583974907328
Area: 0.0003090496613728264
CentroidX: 0.8754
CentroidY: 0.3463
