Location: internet_19.png_Mean-Medain.png
Component: component_1755084039541_314.png
centerX: 0.9427650141072148
centerY: 0.5976618192187054
width: 0.02902055622732769
height: 0.033361847733105215
Area: 0.000394788243516422
CentroidX: 0.9551
CentroidY: 0.6187
