Location: internet_19.png_Mean-Medain.png
Component: component_1755084039515_186.png
centerX: 0.8210399032648126
centerY: 0.2834331337325349
width: 0.027005239822652155
height: 0.027944111776447105
Area: 0.00031054376535120004
CentroidX: 0.8318
CentroidY: 0.3012
