Location: internet_19.png_Gaussian-Closing.png
Component: component_1755084039764_223.png
centerX: 0.46795646916565903
centerY: 0.44425434844596523
width: 0.02539298669891173
height: 0.030795551753635585
Area: 0.0003243354943823414
CentroidX: 0.4781
CentroidY: 0.4635
