Location: Kurtxevani_1794_page_10.png_Mean-Medain.png
Component: component_1755610054984_1570.png
centerX: 0.2630040911747516
centerY: 0.45658880564125165
width: 0.011689070718877849
height: 0.013221683561040106
Area: 9.556291839364659e-05
CentroidX: 0.2681
CentroidY: 0.4636
