Location: internet_19.png_Mean-Medain.png
Component: component_1755084039551_359.png
centerX: 0.9592906086255543
centerY: 0.7000285143997719
width: 0.026199113260781944
height: 0.03450242372398061
Area: 0.0003592745412612329
CentroidX: 0.9694
CentroidY: 0.7207
