Location: internet_19.png_Gaussian-Median.png
Component: component_1755084039637_214.png
centerX: 0.7738814993954051
centerY: 0.2848588537211292
width: 0.027005239822652155
height: 0.028514399771884802
Area: 0.00030813021277075034
CentroidX: 0.7847
CentroidY: 0.3030
