Location: internet_19.png_Mean-Medain.png
Component: component_1755084039533_272.png
centerX: 0.7992744860943168
centerY: 0.4904476760764186
width: 0.028214429665457477
height: 0.034787567721699456
Area: 0.00038053679018424253
CentroidX: 0.8110
CentroidY: 0.5123
