Location: Kurtxevani_1794_page_10.png_Mean-Medain.png
Component: component_1755610054617_590.png
centerX: 0.1315020455873758
centerY: 0.127809607756721
width: 0.012273524254821741
height: 0.013221683561040106
Area: 8.963853261722105e-05
CentroidX: 0.1373
CentroidY: 0.1350
