Location: internet_19.png_Otsu.png
Component: component_1755084039365_777.png
centerX: 0.5163240628778718
centerY: 0.3418876532648988
width: 0.028617492946392584
height: 0.03165098374679213
Area: 0.0003180142852430683
CentroidX: 0.5284
CentroidY: 0.3623
