Location: internet_19.png_Otsu.png
Component: component_1755084039431_920.png
centerX: 0.27166465135026197
centerY: 0.6715141146278871
width: 0.022974607013301087
height: 0.03051040775591674
Area: 0.0002618129894411672
CentroidX: 0.2798
CentroidY: 0.6904
