Location: internet_19.png_Otsu.png
Component: component_1755084039285_186.png
centerX: 0.8323256751309955
centerY: 0.0943826632449387
width: 0.022168480451430876
height: 0.02737382378100941
Area: 0.0001459624655795796
CentroidX: 0.8416
CentroidY: 0.1132
