Location: Kurtxevani_1794_page_10.png_Mean-Medain.png
Component: component_1755610054957_1493.png
centerX: 0.1542957334891876
centerY: 0.43190832966064346
width: 0.012273524254821741
height: 0.013662406346408109
Area: 0.00010535103402426268
CentroidX: 0.1596
CentroidY: 0.4392
