Location: Kurtxevani_1794_page_10.png_Mean-Medain.png
Component: component_1755610055047_2099.png
centerX: 0.4032729398012858
centerY: 0.6602027324812693
width: 0.015780245470485097
height: 0.021154693697664168
Area: 0.0001687162036329879
CentroidX: 0.4100
CentroidY: 0.6715
