Location: internet_19.png_Gaussian-Closing.png
Component: component_1755084039769_247.png
centerX: 0.2365981459089077
centerY: 0.5058454519532364
width: 0.02781136638452237
height: 0.03165098374679213
Area: 0.0003272087712638292
CentroidX: 0.2478
CentroidY: 0.5255
