Location: internet_19.png_Mean-Medain.png
Component: component_1755084039541_316.png
centerX: 0.8145908907698509
centerY: 0.6056458511548332
width: 0.027408303103587262
height: 0.03307670373538637
Area: 0.0003620328870674612
CentroidX: 0.8255
CentroidY: 0.6262
