Location: internet_19.png_Gaussian-Median.png
Component: component_1755084039676_405.png
centerX: 0.016928657799274487
centerY: 0.7162817222697462
width: 0.028214429665457477
height: 0.033932135728542916
Area: 0.00036513602609946803
CentroidX: 0.0277
CentroidY: 0.7380
