Location: internet_19.png_Gaussian-Median.png
Component: component_1755084039621_94.png
centerX: 0.014107214832728738
centerY: 0.11206159110350727
width: 0.02781136638452237
height: 0.03136583974907328
Area: 0.0002743404766444539
CentroidX: 0.0257
CentroidY: 0.1316
