Location: internet_19.png_Gaussian-Closing.png
Component: component_1755084039773_267.png
centerX: 0.5880693268843208
centerY: 0.5637296834901625
width: 0.023377670294236194
height: 0.031080695751354435
Area: 0.000299740244276806
CentroidX: 0.5969
CentroidY: 0.5821
