Location: internet_19.png_Gaussian-Median.png
Component: component_1755084039650_283.png
centerX: 0.5598548972188634
centerY: 0.4422583404619333
width: 0.023377670294236194
height: 0.03136583974907328
Area: 0.00033674805051036867
CentroidX: 0.5698
CentroidY: 0.4612
