Location: internet_19.png_Mean-Medain.png
Component: component_1755084039531_265.png
centerX: 0.13825070536074163
centerY: 0.455945252352438
width: 0.030229746070133012
height: 0.03421727972626176
Area: 0.0003731812013676338
CentroidX: 0.1505
CentroidY: 0.4779
