Location: internet_19.png_Otsu.png
Component: component_1755084039398_848.png
centerX: 0.18903667875856509
centerY: 0.5081266039349872
width: 0.028617492946392584
height: 0.03022526375819789
Area: 0.00028686796384774066
CentroidX: 0.2008
CentroidY: 0.5271
