Location: Kurtxevani_1794_page_10.png_Mean-Medain.png
Component: component_1755610054933_1408.png
centerX: 0.24605493863237873
centerY: 0.40590568532393123
width: 0.012273524254821741
height: 0.014103129131776113
Area: 0.00010148730417007212
CentroidX: 0.2515
CentroidY: 0.4134
