Location: internet_19.png_Gaussian-Closing.png
Component: component_1755084039739_93.png
centerX: 0.6493349455864571
centerY: 0.14741944682064442
width: 0.02257154373236598
height: 0.031080695751354435
Area: 0.00022055273342300256
CentroidX: 0.6576
CentroidY: 0.1671
