Location: internet_19.png_Mean-Medain.png
Component: component_1755084039538_300.png
centerX: 0.49939540507859737
centerY: 0.5620188195038495
width: 0.024989923417976623
height: 0.031936127744510975
Area: 0.0003346792911556975
CentroidX: 0.5099
CentroidY: 0.5815
