Location: internet_19.png_Gaussian-Closing.png
Component: component_1755084039736_71.png
centerX: 0.19387343812978639
centerY: 0.10379241516966067
width: 0.027005239822652155
height: 0.03507271171941831
Area: 0.00028250058298787925
CentroidX: 0.2034
CentroidY: 0.1258
