Location: internet_19.png_Otsu.png
Component: component_1755084039403_860.png
centerX: 0.750906892382104
centerY: 0.5528942115768463
width: 0.028214429665457477
height: 0.03022526375819789
Area: 0.00030858993707178834
CentroidX: 0.7621
CentroidY: 0.5717
