Location: internet_19.png_Gaussian-Median.png
Component: component_1755084039623_116.png
centerX: 0.44095122934300685
centerY: 0.14770459081836326
width: 0.022974607013301087
height: 0.03165098374679213
Area: 0.00022365587245500937
CentroidX: 0.4507
CentroidY: 0.1682
