Location: internet_19.png_Mean-Medain.png
Component: component_1755084039505_107.png
centerX: 0.05804111245465538
centerY: 0.15739948674080412
width: 0.02539298669891173
height: 0.026518391787852865
Area: 0.00023664308395933417
CentroidX: 0.0680
CentroidY: 0.1749
