Location: internet_19.png_Mean-Medain.png
Component: component_1755084039515_187.png
centerX: 0.77347843611447
centerY: 0.2848588537211292
width: 0.02781136638452237
height: 0.028514399771884802
Area: 0.00031881880276988486
CentroidX: 0.7847
CentroidY: 0.3031
