Location: internet_19.png_Gaussian-Median.png
Component: component_1755084039674_397.png
centerX: 0.49939540507859737
centerY: 0.7082976903336184
width: 0.025796049979846837
height: 0.03507271171941831
Area: 0.00035513702255189053
CentroidX: 0.5098
CentroidY: 0.7304
