Location: internet_19.png_Gaussian-Median.png
Component: component_1755084039648_271.png
centerX: 0.14389359129383314
centerY: 0.4043341887653265
width: 0.024989923417976623
height: 0.02879954376960365
Area: 0.00029778641599739427
CentroidX: 0.1545
CentroidY: 0.4220
