Location: Kurtxevani_1794_page_10.png_Mean-Medain.png
Component: component_1755610055085_2427.png
centerX: 0.15137346580946814
centerY: 0.7712648743940062
width: 0.015195791934541203
height: 0.021154693697664168
Area: 0.00018108013916639772
CentroidX: 0.1581
CentroidY: 0.7828
