Location: internet_19.png_Mean-Medain.png
Component: component_1755084039539_304.png
centerX: 0.4079000403063281
centerY: 0.5642999714856002
width: 0.026602176541717048
height: 0.03307670373538637
Area: 0.00035134429706832666
CentroidX: 0.4182
CentroidY: 0.5846
