Location: internet_19.png_Mean-Medain.png
Component: component_1755084039547_340.png
centerX: 0.7549375251914551
centerY: 0.654690618762475
width: 0.0237807335751713
height: 0.029369831765041345
Area: 0.0003006596928788821
CentroidX: 0.7638
CentroidY: 0.6724
