Location: internet_19.png_Gaussian-Median.png
Component: component_1755084039641_237.png
centerX: 0.713422007255139
centerY: 0.33704020530367834
width: 0.02902055622732769
height: 0.02879954376960365
Area: 0.00031996811352248
CentroidX: 0.7252
CentroidY: 0.3550
