Location: internet_19.png_Gaussian-Median.png
Component: component_1755084039619_71.png
centerX: 0.5860540104796453
centerY: 0.09837467921300257
width: 0.02418379685610641
height: 0.03022526375819789
Area: 0.00023020694374480152
CentroidX: 0.5963
CentroidY: 0.1178
