Location: internet_19.png_Otsu.png
Component: component_1755084039294_526.png
centerX: 0.6960902861749295
centerY: 0.1936127744510978
width: 0.02418379685610641
height: 0.02879954376960365
Area: 0.00012527487203286753
CentroidX: 0.7068
CentroidY: 0.2137
