Location: internet_19.png_Otsu.png
Component: component_1755084039278_15.png
centerX: 0.12857718661829906
centerY: 0.011120615911035072
width: 0.024989923417976623
height: 0.02879954376960365
Area: 0.0002633070934195408
CentroidX: 0.1381
CentroidY: 0.0294
