Location: internet_19.png_Otsu.png
Component: component_1755084039337_770.png
centerX: 0.916968964127368
centerY: 0.3279155973766752
width: 0.027005239822652155
height: 0.02765896777872826
Area: 0.0002743404766444539
CentroidX: 0.9274
CentroidY: 0.3454
