Location: internet_19.png_Otsu.png
Component: component_1755084039374_796.png
centerX: 0.7243047158403869
centerY: 0.38209295694325635
width: 0.026199113260781944
height: 0.032506415739948676
Area: 0.00030778541954497177
CentroidX: 0.7345
CentroidY: 0.4021
