Location: internet_19.png_Otsu.png
Component: component_1755084039307_720.png
centerX: 0.24546553808948005
centerY: 0.2725976618192187
width: 0.019347037484885126
height: 0.00998003992015968
Area: 4.9190500211070916e-05
CentroidX: 0.2568
CentroidY: 0.2789
