Location: internet_19.png_Otsu.png
Component: component_1755084039390_826.png
centerX: 0.28133817009270456
centerY: 0.4513829483889364
width: 0.026602176541717048
height: 0.032506415739948676
Area: 0.0003052569358892625
CentroidX: 0.2915
CentroidY: 0.4720
