Location: internet_19.png_Gaussian-Median.png
Component: component_1755084039673_391.png
centerX: 0.7573559048770657
centerY: 0.7028799543769604
width: 0.028617492946392584
height: 0.031936127744510975
Area: 0.00032111742427507514
CentroidX: 0.7686
CentroidY: 0.7231
