Location: internet_19.png_Otsu.png
Component: component_1755084039418_891.png
centerX: 0.36638452237001207
centerY: 0.615340747077274
width: 0.025796049979846837
height: 0.03364699173082407
Area: 0.00032881780631746236
CentroidX: 0.3763
CentroidY: 0.6359
