Location: internet_19.png_Gaussian-Median.png
Component: component_1755084039608_5.png
centerX: 0.6219266424828698
centerY: 0.0071285999429712005
width: 0.029423619508262798
height: 0.0290846877673225
Area: 0.00027824813320327733
CentroidX: 0.6332
CentroidY: 0.0258
