Location: internet_19.png_Gaussian-Median.png
Component: component_1755084039667_359.png
centerX: 0.3216444981862152
centerY: 0.6199030510407756
width: 0.02539298669891173
height: 0.028514399771884802
Area: 0.00030238365900777476
CentroidX: 0.3326
CentroidY: 0.6376
