Location: internet_19.png_Mean-Medain.png
Component: component_1755084039525_236.png
centerX: 0.46594115276098347
centerY: 0.3912175648702595
width: 0.027005239822652155
height: 0.03222127174222983
Area: 0.0003468619851332057
CentroidX: 0.4775
CentroidY: 0.4112
