Location: internet_19.png_Mean-Medain.png
Component: component_1755084039554_377.png
centerX: 0.10116888351471182
centerY: 0.716566866267465
width: 0.024989923417976623
height: 0.031080695751354435
Area: 0.00031410662868424494
CentroidX: 0.1114
CentroidY: 0.7362
