Location: internet_19.png_Gaussian-Closing.png
Component: component_1755084039763_218.png
centerX: 0.7609834744054816
centerY: 0.43741089250071286
width: 0.024989923417976623
height: 0.027944111776447105
Area: 0.0002973266916963562
CentroidX: 0.7712
CentroidY: 0.4548
