Location: internet_19.png_Gaussian-Closing.png
Component: component_1755084039735_63.png
centerX: 0.5348649738008867
centerY: 0.09894496720844026
width: 0.02781136638452237
height: 0.03279155973766752
Area: 0.00025123933051729214
CentroidX: 0.5457
CentroidY: 0.1206
