Location: internet_19.png_Otsu.png
Component: component_1755084039276_5.png
centerX: 0.2724707779121322
centerY: 0.00855431993156544
width: 0.0237807335751713
height: 0.03051040775591674
Area: 0.00032054276889877754
CentroidX: 0.2829
CentroidY: 0.0268
