Location: internet_19.png_Mean-Medain.png
Component: component_1755084039504_98.png
centerX: 0.5392986698911729
centerY: 0.1497005988023952
width: 0.02176541717049577
height: 0.029654975762760195
Area: 0.00023767746363666977
CentroidX: 0.5482
CentroidY: 0.1687
