Location: internet_19.png_Otsu.png
Component: component_1755084039275_3.png
centerX: 0.31882305521966947
centerY: 0.007984031936127744
width: 0.02781136638452237
height: 0.031080695751354435
Area: 0.0003269789091133102
CentroidX: 0.3296
CentroidY: 0.0265
