Location: internet_19.png_Gaussian-Median.png
Component: component_1755084039655_306.png
centerX: 0.5086658605401048
centerY: 0.5035642999714856
width: 0.026602176541717048
height: 0.031080695751354435
Area: 0.00031743962986677075
CentroidX: 0.5192
CentroidY: 0.5232
