Location: internet_19.png_Mean-Medain.png
Component: component_1755084039503_91.png
centerX: 0.7021362353889561
centerY: 0.14456800684345594
width: 0.022168480451430876
height: 0.03222127174222983
Area: 0.0002600890233122745
CentroidX: 0.7100
CentroidY: 0.1649
