Location: internet_19.png_Gaussian-Closing.png
Component: component_1755084039751_156.png
centerX: 0.4723901652559452
centerY: 0.29141716566866266
width: 0.02539298669891173
height: 0.03421727972626176
Area: 0.00031146321395327615
CentroidX: 0.4813
CentroidY: 0.3126
