Location: internet_19.png_Otsu.png
Component: component_1755084039364_776.png
centerX: 0.4667472793228537
centerY: 0.3418876532648988
width: 0.02902055622732769
height: 0.03279155973766752
Area: 0.0003162903191141756
CentroidX: 0.4776
CentroidY: 0.3626
