Location: internet_19.png_Gaussian-Closing.png
Component: component_1755084039773_271.png
centerX: 0.4083031035872632
centerY: 0.564585115483319
width: 0.026199113260781944
height: 0.032506415739948676
Area: 0.00033651818835984964
CentroidX: 0.4181
CentroidY: 0.5845
