Location: internet_19.png_Gaussian-Median.png
Component: component_1755084039661_332.png
centerX: 0.4083031035872632
centerY: 0.5642999714856002
width: 0.026199113260781944
height: 0.03279155973766752
Area: 0.0003369779126608877
CentroidX: 0.4181
CentroidY: 0.5845
