Location: internet_19.png_Mean-Medain.png
Component: component_1755084039526_242.png
centerX: 0.18621523579201935
centerY: 0.40347875677216993
width: 0.030229746070133012
height: 0.030795551753635585
Area: 0.00034778143373528176
CentroidX: 0.1972
CentroidY: 0.4220
