Location: internet_19.png_Gaussian-Median.png
Component: component_1755084039626_161.png
centerX: 0.8012898024989923
centerY: 0.18962075848303392
width: 0.023377670294236194
height: 0.027944111776447105
Area: 0.00019136024030708663
CentroidX: 0.8105
CentroidY: 0.2080
