Location: internet_19.png_Mean-Medain.png
Component: component_1755084039526_243.png
centerX: 0.2370012091898428
centerY: 0.40404904476760767
width: 0.027408303103587262
height: 0.03022526375819789
Area: 0.00033375984255362137
CentroidX: 0.2481
CentroidY: 0.4226
