Location: internet_19.png_Otsu.png
Component: component_1755084039330_761.png
centerX: 0.19347037484885127
centerY: 0.30253778157969774
width: 0.024586860137041516
height: 0.033361847733105215
Area: 0.0002777884089022393
CentroidX: 0.2034
CentroidY: 0.3236
