Location: internet_19.png_Gaussian-Median.png
Component: component_1755084039663_339.png
centerX: 0.36316001612253124
centerY: 0.5677216994582264
width: 0.0237807335751713
height: 0.028229255774165955
Area: 0.00028422454911677193
CentroidX: 0.3730
CentroidY: 0.5850
