Location: internet_19.png_Gaussian-Closing.png
Component: component_1755084039733_56.png
centerX: 0.932285368802902
centerY: 0.09153122326775022
width: 0.02539298669891173
height: 0.031080695751354435
Area: 0.000250090019764697
CentroidX: 0.9435
CentroidY: 0.1117
