Location: internet_19.png_Mean-Medain.png
Component: component_1755084039550_356.png
centerX: 0.2712615880693269
centerY: 0.6715141146278871
width: 0.0237807335751713
height: 0.030795551753635585
Area: 0.0002962923120190206
CentroidX: 0.2799
CentroidY: 0.6904
