Location: internet_19.png_Otsu.png
Component: component_1755084039287_205.png
centerX: 0.332124143490528
centerY: 0.1020815511833476
width: 0.026199113260781944
height: 0.03222127174222983
Area: 0.00015791529740656878
CentroidX: 0.3427
CentroidY: 0.1250
