Location: internet_19.png_Mean-Medain.png
Component: component_1755084039529_252.png
centerX: 0.8512696493349455
centerY: 0.4328485885372113
width: 0.02418379685610641
height: 0.028229255774165955
Area: 0.00031042883427594056
CentroidX: 0.8614
CentroidY: 0.4504
