Location: internet_19.png_Gaussian-Median.png
Component: component_1755084039646_262.png
centerX: 0.5743651753325272
centerY: 0.3895067008839464
width: 0.028214429665457477
height: 0.029940119760479042
Area: 0.00032651918481227214
CentroidX: 0.5863
CentroidY: 0.4085
