Location: internet_19.png_Mean-Medain.png
Component: component_1755084039495_31.png
centerX: 0.486900443369609
centerY: 0.05389221556886228
width: 0.02176541717049577
height: 0.02737382378100941
Area: 0.00025342302094722287
CentroidX: 0.4960
CentroidY: 0.0708
