Location: internet_19.png_Mean-Medain.png
Component: component_1755084039535_285.png
centerX: 0.37001209189842804
centerY: 0.5078414599372684
width: 0.025796049979846837
height: 0.031080695751354435
Area: 0.00032536987405967706
CentroidX: 0.3802
CentroidY: 0.5275
