Location: internet_19.png_Gaussian-Closing.png
Component: component_1755084039764_225.png
centerX: 0.42039500201531643
centerY: 0.4453949244368406
width: 0.02781136638452237
height: 0.03307670373538637
Area: 0.00032054276889877754
CentroidX: 0.4305
CentroidY: 0.4664
