Location: internet_19.png_Otsu.png
Component: component_1755084039407_869.png
centerX: 0.4554615074566707
centerY: 0.564585115483319
width: 0.024989923417976623
height: 0.03165098374679213
Area: 0.0002967520363200587
CentroidX: 0.4649
CentroidY: 0.5838
