Location: internet_19.png_Mean-Medain.png
Component: component_1755084039509_147.png
centerX: 0.016122531237404272
centerY: 0.2090105503279156
width: 0.02418379685610641
height: 0.027088679783290562
Area: 0.0002190586294446289
CentroidX: 0.0247
CentroidY: 0.2264
