Location: internet_19.png_Otsu.png
Component: component_1755084039375_799.png
centerX: 0.6243450221684804
centerY: 0.3872255489021956
width: 0.029826682789197905
height: 0.029940119760479042
Area: 0.0003097392478243835
CentroidX: 0.6369
CentroidY: 0.4060
