Location: internet_19.png_Gaussian-Median.png
Component: component_1755084039615_40.png
centerX: 0.33373639661426846
centerY: 0.05588822355289421
width: 0.027408303103587262
height: 0.02765896777872826
Area: 0.0002271038047127947
CentroidX: 0.3446
CentroidY: 0.0740
