Location: internet_19.png_Gaussian-Median.png
Component: component_1755084039671_383.png
centerX: 0.3147924224103184
centerY: 0.6700883946392928
width: 0.027005239822652155
height: 0.031936127744510975
Area: 0.0003133021111574283
CentroidX: 0.3265
CentroidY: 0.6900
