Location: Kurtxevani_1764_page_10.png_Otsu.png
Component: component_1755610055919_1145.png
centerX: 0.2757281553398058
centerY: 0.4424695977549111
width: 0.013592233009708738
height: 0.01777362020579981
Area: 0.00014622140281725956
CentroidX: 0.2813
CentroidY: 0.4527
