Location: internet_19.png_Otsu.png
Component: component_1755084039371_791.png
centerX: 0.9588875453446191
centerY: 0.37553464499572287
width: 0.022974607013301087
height: 0.03022526375819789
Area: 0.00029284437976123527
CentroidX: 0.9682
CentroidY: 0.3945
