Location: internet_19.png_Otsu.png
Component: component_1755084039423_900.png
centerX: 0.05723498589278517
centerY: 0.6270316509837468
width: 0.024989923417976623
height: 0.02737382378100941
Area: 0.0002749151320207515
CentroidX: 0.0677
CentroidY: 0.6442
