Location: internet_19.png_Gaussian-Median.png
Component: component_1755084039650_282.png
centerX: 0.7142281338170092
centerY: 0.43997718848018247
width: 0.0237807335751713
height: 0.02765896777872826
Area: 0.00029985517535206546
CentroidX: 0.7239
CentroidY: 0.4569
