Location: internet_19.png_Gaussian-Median.png
Component: component_1755084039677_409.png
centerX: 0.0592503022974607
centerY: 0.718562874251497
width: 0.023377670294236194
height: 0.03022526375819789
Area: 0.000310313903200681
CentroidX: 0.0688
CentroidY: 0.7374
