Location: internet_19.png_Gaussian-Closing.png
Component: component_1755084039782_299.png
centerX: 0.017331721080209594
centerY: 0.6221842030225264
width: 0.032245062474808545
height: 0.032506415739948676
Area: 0.0003536429185735169
CentroidX: 0.0298
CentroidY: 0.6429
