Location: internet_19.png_Otsu.png
Component: component_1755084039288_227.png
centerX: 0.10560257960499798
centerY: 0.10949529512403763
width: 0.026602176541717048
height: 0.03165098374679213
Area: 0.00019687693191954318
CentroidX: 0.1169
CentroidY: 0.1310
