Location: internet_19.png_Gaussian-Closing.png
Component: component_1755084039785_307.png
centerX: 0.6658605401047965
centerY: 0.6612489307100086
width: 0.025796049979846837
height: 0.02623324779013402
Area: 0.0002880172746003358
CentroidX: 0.6758
CentroidY: 0.6773
