Location: internet_19.png_Gaussian-Median.png
Component: component_1755084039670_378.png
centerX: 0.13986295848448208
centerY: 0.6663815226689478
width: 0.024586860137041516
height: 0.033361847733105215
Area: 0.0002966371052447992
CentroidX: 0.1492
CentroidY: 0.6872
