Location: Kurtxevani_1764_page_10.png_Otsu.png
Component: component_1755610055970_1575.png
centerX: 0.4640776699029126
centerY: 0.6548175865294668
width: 0.012944983818770227
height: 0.01683816651075772
Area: 9.990282180061213e-05
CentroidX: 0.4695
CentroidY: 0.6635
