Location: Samociqulo_1709_page_10.png_Gaussian-Median.png
Component: component_1755610056087_355.png
centerX: 0.25307125307125306
centerY: 0.0484375
width: 0.03144963144963145
height: 0.0221875
Area: 0.0003253992628992629
CentroidX: 0.2664
CentroidY: 0.0599
