Location: internet_19.png_Gaussian-Median.png
Component: component_1755084039669_373.png
centerX: 0.501813784764208
centerY: 0.6635300826917594
width: 0.028617492946392584
height: 0.03136583974907328
Area: 0.0003050270737387435
CentroidX: 0.5129
CentroidY: 0.6834
