Location: Kurtxevani_1794_page_10.png_Mean-Medain.png
Component: component_1755610054984_1569.png
centerX: 0.18877849210987727
centerY: 0.45658880564125165
width: 0.012857977790765635
height: 0.013221683561040106
Area: 0.00010483587004370393
CentroidX: 0.1945
CentroidY: 0.4637
