Location: internet_19.png_Gaussian-Median.png
Component: component_1755084039663_342.png
centerX: 0.9427650141072148
centerY: 0.5976618192187054
width: 0.028617492946392584
height: 0.033361847733105215
Area: 0.00037467530534600747
CentroidX: 0.9549
CentroidY: 0.6187
