Location: internet_19.png_Mean-Medain.png
Component: component_1755084039538_299.png
centerX: 0.6694881096332124
centerY: 0.5594525235243798
width: 0.02257154373236598
height: 0.03051040775591674
Area: 0.0003287028752422029
CentroidX: 0.6785
CentroidY: 0.5778
