Location: internet_19.png_Mean-Medain.png
Component: component_1755084039540_309.png
centerX: 0.14510278113663846
centerY: 0.5657256914741945
width: 0.026199113260781944
height: 0.032506415739948676
Area: 0.0003159455258883971
CentroidX: 0.1555
CentroidY: 0.5864
