Location: internet_19.png_Gaussian-Median.png
Component: component_1755084039659_324.png
centerX: 0.7089883111648528
centerY: 0.5574565155403479
width: 0.026602176541717048
height: 0.027088679783290562
Area: 0.0002979013470726538
CentroidX: 0.7204
CentroidY: 0.5742
