Location: Kurtxevani_1764_page_10.png_Otsu.png
Component: component_1755610055996_1842.png
centerX: 0.6388349514563106
centerY: 0.7764265668849392
width: 0.012944983818770227
height: 0.017305893358278764
Area: 0.00013017640416443398
CentroidX: 0.6445
CentroidY: 0.7861
