Location: internet_19.png_Otsu.png
Component: component_1755084039276_6.png
centerX: 0.6795646916565901
centerY: 0.00855431993156544
width: 0.027408303103587262
height: 0.023952095808383235
Area: 0.00019285434428546028
CentroidX: 0.6910
CentroidY: 0.0239
