Location: internet_19.png_Otsu.png
Component: component_1755084039420_895.png
centerX: 0.3216444981862152
centerY: 0.6201881950384944
width: 0.02539298669891173
height: 0.027944111776447105
Area: 0.0002807766168589866
CentroidX: 0.3327
CentroidY: 0.6377
