Location: Kurtxevani_1764_page_10.png_Otsu.png
Component: component_1755610055910_1090.png
centerX: 0.29385113268608415
centerY: 0.41440598690364827
width: 0.01423948220064725
height: 0.01637043966323667
Area: 0.0001253326309862225
CentroidX: 0.2996
CentroidY: 0.4235
