Location: internet_19.png_Gaussian-Closing.png
Component: component_1755084039785_308.png
centerX: 0.626360338573156
centerY: 0.6615340747077274
width: 0.024989923417976623
height: 0.02879954376960365
Area: 0.0003097392478243835
CentroidX: 0.6362
CentroidY: 0.6792
