Location: internet_19.png_Gaussian-Closing.png
Component: component_1755084039768_244.png
centerX: 0.5086658605401048
centerY: 0.5038494439692045
width: 0.026602176541717048
height: 0.030795551753635585
Area: 0.00031709483664099224
CentroidX: 0.5192
CentroidY: 0.5232
