Location: internet_19.png_Mean-Medain.png
Component: component_1755084039554_376.png
centerX: 0.016928657799274487
centerY: 0.7162817222697462
width: 0.028214429665457477
height: 0.03421727972626176
Area: 0.0003847892399688445
CentroidX: 0.0278
CentroidY: 0.7381
