Location: internet_19.png_Gaussian-Closing.png
Component: component_1755084039747_134.png
centerX: 0.6311970979443773
centerY: 0.24294268605645852
width: 0.024586860137041516
height: 0.028229255774165955
Area: 0.0002580202639576033
CentroidX: 0.6410
CentroidY: 0.2609
