Location: Kurtxevani_1794_page_10.png_Mean-Medain.png
Component: component_1755610055047_2101.png
centerX: 0.5207481005260082
centerY: 0.6610841780520053
width: 0.01636469900642899
height: 0.021154693697664168
Area: 0.00017232235149689909
CentroidX: 0.5285
CentroidY: 0.6726
