Location: internet_19.png_Gaussian-Closing.png
Component: component_1755084039750_151.png
centerX: 0.8214429665457477
centerY: 0.2834331337325349
width: 0.026602176541717048
height: 0.027944111776447105
Area: 0.00029916558890050844
CentroidX: 0.8318
CentroidY: 0.3012
