Location: internet_19.png_Gaussian-Closing.png
Component: component_1755084039765_227.png
centerX: 0.3260781942765014
centerY: 0.4508126603934987
width: 0.023377670294236194
height: 0.03136583974907328
Area: 0.0003110034896522381
CentroidX: 0.3351
CentroidY: 0.4698
