Location: internet_19.png_Gaussian-Closing.png
Component: component_1755084039745_128.png
centerX: 0.9351068117694478
centerY: 0.23467351012261192
width: 0.024989923417976623
height: 0.028514399771884802
Area: 0.00027146719976296616
CentroidX: 0.9452
CentroidY: 0.2532
