Location: internet_19.png_Gaussian-Median.png
Component: component_1755084039632_177.png
centerX: 0.10197501007658202
centerY: 0.20701454234388367
width: 0.024989923417976623
height: 0.03307670373538637
Area: 0.00021848397406833134
CentroidX: 0.1115
CentroidY: 0.2277
