Location: internet_19.png_Mean-Medain.png
Component: component_1755084039552_368.png
centerX: 0.5824264409512293
centerY: 0.7071571143427431
width: 0.026199113260781944
height: 0.03222127174222983
Area: 0.00031881880276988486
CentroidX: 0.5917
CentroidY: 0.7276
