Location: internet_19.png_Mean-Medain.png
Component: component_1755084039513_179.png
centerX: 0.28496573962112054
centerY: 0.25605930995152554
width: 0.025796049979846837
height: 0.027944111776447105
Area: 0.0002610084719143506
CentroidX: 0.2945
CentroidY: 0.2740
