Location: internet_19.png_Otsu.png
Component: component_1755084039293_381.png
centerX: 0.016122531237404272
centerY: 0.15825491873396064
width: 0.02176541717049577
height: 0.027088679783290562
Area: 0.00016044378106227806
CentroidX: 0.0247
CentroidY: 0.1761
