Location: internet_19.png_Mean-Medain.png
Component: component_1755084039530_260.png
centerX: 0.4199919387343813
centerY: 0.4453949244368406
width: 0.028214429665457477
height: 0.033361847733105215
Area: 0.00033272546287628577
CentroidX: 0.4304
CentroidY: 0.4664
