Location: internet_19.png_Gaussian-Closing.png
Component: component_1755084039763_217.png
centerX: 0.8512696493349455
centerY: 0.43313373253493015
width: 0.0237807335751713
height: 0.027944111776447105
Area: 0.0002969818984705777
CentroidX: 0.8613
CentroidY: 0.4504
