Location: internet_19.png_Gaussian-Closing.png
Component: component_1755084039794_341.png
centerX: 0.10157194679564692
centerY: 0.716566866267465
width: 0.02418379685610641
height: 0.031080695751354435
Area: 0.00030560172911504104
CentroidX: 0.1114
CentroidY: 0.7360
