Location: Kurtxevani_1794_page_10.png_Mean-Medain.png
Component: component_1755610055002_1647.png
centerX: 0.37405026300409117
centerY: 0.4839136183340679
width: 0.011104617182933957
height: 0.012780960775672102
Area: 8.706271271442735e-05
CentroidX: 0.3788
CentroidY: 0.4907
