Location: internet_19.png_Otsu.png
Component: component_1755084039417_887.png
centerX: 0.6324062877871826
centerY: 0.6119190191046479
width: 0.024586860137041516
height: 0.03450242372398061
Area: 0.000330311910295836
CentroidX: 0.6421
CentroidY: 0.6336
