Location: internet_19.png_Mean-Medain.png
Component: component_1755084039553_369.png
centerX: 0.49939540507859737
centerY: 0.7082976903336184
width: 0.025796049979846837
height: 0.035357855717137156
Area: 0.0003662853368520631
CentroidX: 0.5098
CentroidY: 0.7305
