Location: internet_19.png_Otsu.png
Component: component_1755084039403_863.png
centerX: 0.6287787182587666
centerY: 0.5600228115198175
width: 0.02418379685610641
height: 0.03307670373538637
Area: 0.0003299671170700575
CentroidX: 0.6379
CentroidY: 0.5794
