Location: internet_19.png_Otsu.png
Component: component_1755084039287_198.png
centerX: 0.48125755743651755
centerY: 0.0998003992015968
width: 0.02257154373236598
height: 0.031080695751354435
Area: 0.00013872180783823038
CentroidX: 0.4914
CentroidY: 0.1215
