Location: internet_19.png_Gaussian-Median.png
Component: component_1755084039642_244.png
centerX: 0.37001209189842804
centerY: 0.34673510122611917
width: 0.024586860137041516
height: 0.03165098374679213
Area: 0.00031284238685639026
CentroidX: 0.3796
CentroidY: 0.3660
