Location: internet_19.png_Gaussian-Median.png
Component: component_1755084039658_317.png
centerX: 0.04917372027408303
centerY: 0.5201026518391788
width: 0.02781136638452237
height: 0.02765896777872826
Area: 0.0002913502757828616
CentroidX: 0.0614
CentroidY: 0.5369
