Location: internet_19.png_Otsu.png
Component: component_1755084039292_356.png
centerX: 0.3897621926642483
centerY: 0.14884516680923868
width: 0.02539298669891173
height: 0.030795551753635585
Area: 0.00014619232773009863
CentroidX: 0.3998
CentroidY: 0.1702
