Location: internet_19.png_Gaussian-Closing.png
Component: component_1755084039727_12.png
centerX: 0.9371221281741233
centerY: 0.009694895922440832
width: 0.0237807335751713
height: 0.025377815796977475
Area: 0.00019549775901642904
CentroidX: 0.9465
CentroidY: 0.0268
