Location: Kurtxevani_1794_page_10.png_Mean-Medain.png
Component: component_1755610055054_2181.png
centerX: 0.1256575102279369
centerY: 0.6950198325253416
width: 0.017533606078316773
height: 0.024239753195240195
Area: 0.00024882420260987227
CentroidX: 0.1338
CentroidY: 0.7073
