Location: internet_19.png_Mean-Medain.png
Component: component_1755084039548_346.png
centerX: 0.5860540104796453
centerY: 0.6632449386940404
width: 0.024989923417976623
height: 0.027944111776447105
Area: 0.0002873276881487787
CentroidX: 0.5959
CentroidY: 0.6805
