Location: internet_19.png_Gaussian-Median.png
Component: component_1755084039673_393.png
centerX: 0.8823055219669488
centerY: 0.7043056743655546
width: 0.02257154373236598
height: 0.02879954376960365
Area: 0.0002779033399774988
CentroidX: 0.8914
CentroidY: 0.7226
