Location: internet_19.png_Gaussian-Median.png
Component: component_1755084039676_408.png
centerX: 0.36275695284159615
centerY: 0.7174222982606216
width: 0.02781136638452237
height: 0.03222127174222983
Area: 0.000309624316749124
CentroidX: 0.3740
CentroidY: 0.7376
