Location: internet_19.png_Otsu.png
Component: component_1755084039417_888.png
centerX: 0.5836356307940347
centerY: 0.6130595950955232
width: 0.027408303103587262
height: 0.033932135728542916
Area: 0.00033513901545673553
CentroidX: 0.5944
CentroidY: 0.6345
