Location: internet_19.png_Otsu.png
Component: component_1755084039301_664.png
centerX: 0.6827891979040709
centerY: 0.24237239806102082
width: 0.028214429665457477
height: 0.031080695751354435
Area: 0.00025089453729151357
CentroidX: 0.6936
CentroidY: 0.2618
