Location: internet_19.png_Gaussian-Median.png
Component: component_1755084039674_394.png
centerX: 0.6231358323256752
centerY: 0.70544625035643
width: 0.027005239822652155
height: 0.032506415739948676
Area: 0.0003243354943823414
CentroidX: 0.6349
CentroidY: 0.7260
