Location: internet_19.png_Gaussian-Median.png
Component: component_1755084039638_223.png
centerX: 0.324465941152761
centerY: 0.29911605360707155
width: 0.029423619508262798
height: 0.031080695751354435
Area: 0.0003057166601903006
CentroidX: 0.3358
CentroidY: 0.3186
