Location: Samociqulo_1709_page_10.png_Gaussian-Median.png
Component: component_1755610056254_2518.png
centerX: 0.36904176904176905
centerY: 0.6121875
width: 0.0171990171990172
height: 0.014375
Area: 0.00011778255528255528
CentroidX: 0.3767
CentroidY: 0.6200
