Location: internet_19.png_Mean-Medain.png
Component: component_1755084039501_64.png
centerX: 0.1487303506650544
centerY: 0.1092101511263188
width: 0.02539298669891173
height: 0.03022526375819789
Area: 0.00027640923599912517
CentroidX: 0.1585
CentroidY: 0.1283
