Location: internet_19.png_Otsu.png
Component: component_1755084039400_853.png
centerX: 0.09230149133413947
centerY: 0.5161106358711149
width: 0.02902055622732769
height: 0.02737382378100941
Area: 0.00028617837739618364
CentroidX: 0.1043
CentroidY: 0.5334
