Location: internet_19.png_Gaussian-Closing.png
Component: component_1755084039755_177.png
centerX: 0.6078194276501411
centerY: 0.3401767892785857
width: 0.028617492946392584
height: 0.029369831765041345
Area: 0.0003359435329835521
CentroidX: 0.6195
CentroidY: 0.3584
