Location: internet_19.png_Otsu.png
Component: component_1755084039425_907.png
centerX: 0.6658605401047965
centerY: 0.6612489307100086
width: 0.02539298669891173
height: 0.02623324779013402
Area: 0.00027158213083822565
CentroidX: 0.6757
CentroidY: 0.6774
