Location: internet_19.png_Otsu.png
Component: component_1755084039399_849.png
centerX: 0.28133817009270456
centerY: 0.508411747932706
width: 0.026602176541717048
height: 0.029654975762760195
Area: 0.00027445540771971346
CentroidX: 0.2920
CentroidY: 0.5271
