Location: internet_19.png_Otsu.png
Component: component_1755084039295_530.png
centerX: 0.48649738008867394
centerY: 0.19532363843741088
width: 0.021362353889560662
height: 0.028229255774165955
Area: 0.0001458475345043201
CentroidX: 0.4954
CentroidY: 0.2145
