Location: Kurtxevani_1794_page_10.png_Mean-Medain.png
Component: component_1755610054973_1506.png
centerX: 0.749853886616014
centerY: 0.4349933891582195
width: 0.011689070718877849
height: 0.013221683561040106
Area: 0.00010122972217979275
CentroidX: 0.7552
CentroidY: 0.4422
