Location: internet_19.png_Gaussian-Median.png
Component: component_1755084039675_402.png
centerX: 0.18661829907295446
centerY: 0.7159965782720273
width: 0.027408303103587262
height: 0.030795551753635585
Area: 0.0003276684955648673
CentroidX: 0.1981
CentroidY: 0.7354
