Location: internet_19.png_Gaussian-Closing.png
Component: component_1755084039791_329.png
centerX: 0.8827085852478839
centerY: 0.7043056743655546
width: 0.022168480451430876
height: 0.02879954376960365
Area: 0.0002776734778269798
CentroidX: 0.8914
CentroidY: 0.7226
