Location: internet_19.png_Gaussian-Closing.png
Component: component_1755084039775_279.png
centerX: 0.9427650141072148
centerY: 0.5979469632164243
width: 0.028617492946392584
height: 0.03307670373538637
Area: 0.0003738707878191909
CentroidX: 0.9549
CentroidY: 0.6187
