Location: internet_19.png_Mean-Medain.png
Component: component_1755084039513_176.png
centerX: 0.1950826279725917
centerY: 0.2557741659538067
width: 0.02539298669891173
height: 0.029654975762760195
Area: 0.00023078159912109908
CentroidX: 0.2060
CentroidY: 0.2745
