Location: internet_19.png_Gaussian-Closing.png
Component: component_1755084039743_120.png
centerX: 0.28657799274486095
centerY: 0.20159680638722555
width: 0.021362353889560662
height: 0.031080695751354435
Area: 0.00019147517138234615
CentroidX: 0.2940
CentroidY: 0.2211
