Location: internet_19.png_Gaussian-Median.png
Component: component_1755084039670_376.png
centerX: 0.5429262394195888
centerY: 0.6646706586826348
width: 0.024989923417976623
height: 0.0290846877673225
Area: 0.00028468427341781
CentroidX: 0.5525
CentroidY: 0.6826
