Location: internet_19.png_Mean-Medain.png
Component: component_1755084039498_49.png
centerX: 0.7307537283353487
centerY: 0.09609352723125178
width: 0.024586860137041516
height: 0.030795551753635585
Area: 0.0002471018118079497
CentroidX: 0.7418
CentroidY: 0.1166
