Location: internet_19.png_Gaussian-Closing.png
Component: component_1755084039779_291.png
centerX: 0.41031841999193874
centerY: 0.6147704590818364
width: 0.02539298669891173
height: 0.03364699173082407
Area: 0.0003385869477145209
CentroidX: 0.4211
CentroidY: 0.6353
