Location: internet_19.png_Gaussian-Median.png
Component: component_1755084039651_288.png
centerX: 0.373639661426844
centerY: 0.4488166524094668
width: 0.027408303103587262
height: 0.03136583974907328
Area: 0.0003299671170700575
CentroidX: 0.3847
CentroidY: 0.4686
