Location: internet_19.png_Gaussian-Median.png
Component: component_1755084039646_259.png
centerX: 0.7239016525594518
centerY: 0.3818078129455375
width: 0.026602176541717048
height: 0.03279155973766752
Area: 0.00032651918481227214
CentroidX: 0.7345
CentroidY: 0.4019
