Location: internet_19.png_Otsu.png
Component: component_1755084039345_771.png
centerX: 0.8129786376461104
centerY: 0.3296264613629883
width: 0.02781136638452237
height: 0.028514399771884802
Area: 0.0002829603072889173
CentroidX: 0.8249
CentroidY: 0.3482
