Location: internet_19.png_Otsu.png
Component: component_1755084039436_940.png
centerX: 0.31600161225312373
centerY: 0.7159965782720273
width: 0.030229746070133012
height: 0.03421727972626176
Area: 0.00031341704223268786
CentroidX: 0.3276
CentroidY: 0.7379
