Location: internet_19.png_Gaussian-Median.png
Component: component_1755084039618_69.png
centerX: 0.7307537283353487
centerY: 0.09580838323353294
width: 0.02418379685610641
height: 0.031080695751354435
Area: 0.00022020794019722402
CentroidX: 0.7417
CentroidY: 0.1167
