Location: Kurtxevani_1794_page_10.png_Mean-Medain.png
Component: component_1755610055104_2549.png
centerX: 0.6785505552308592
centerY: 0.8113706478624945
width: 0.015780245470485097
height: 0.021154693697664168
Area: 0.00016639796572047357
CentroidX: 0.6850
CentroidY: 0.8228
