Location: internet_19.png_Otsu.png
Component: component_1755084039427_911.png
centerX: 0.4570737605804111
centerY: 0.6643855146849159
width: 0.027408303103587262
height: 0.032506415739948676
Area: 0.00030950938567386445
CentroidX: 0.4680
CentroidY: 0.6850
