Location: Samociqulo_1709_page_10.png_Gaussian-Median.png
Component: component_1755610056326_3718.png
centerX: 0.36609336609336607
centerY: 0.90875
width: 0.016216216216216217
height: 0.0121875
Area: 9.797297297297297e-05
CentroidX: 0.3739
CentroidY: 0.9156
