Location: internet_19.png_Mean-Medain.png
Component: component_1755084039503_89.png
centerX: 0.7505038291011689
centerY: 0.14399771884801824
width: 0.021362353889560662
height: 0.029940119760479042
Area: 0.0002446882592275
CentroidX: 0.7589
CentroidY: 0.1628
