Location: internet_19.png_Gaussian-Median.png
Component: component_1755084039639_227.png
centerX: 0.14631197097944376
centerY: 0.3033932135728543
width: 0.02418379685610641
height: 0.030795551753635585
Area: 0.00029985517535206546
CentroidX: 0.1557
CentroidY: 0.3226
