Location: internet_19.png_Gaussian-Closing.png
Component: component_1755084039736_72.png
centerX: 0.10560257960499798
centerY: 0.1092101511263188
width: 0.026602176541717048
height: 0.03222127174222983
Area: 0.00027342102804237786
CentroidX: 0.1162
CentroidY: 0.1298
