Location: internet_19.png_Mean-Medain.png
Component: component_1755084039538_298.png
centerX: 0.6283756549778315
centerY: 0.5597376675220986
width: 0.024989923417976623
height: 0.03364699173082407
Area: 0.00036111343846538513
CentroidX: 0.6378
CentroidY: 0.5794
