Location: internet_19.png_Mean-Medain.png
Component: component_1755084039546_337.png
centerX: 0.9314792422410318
centerY: 0.6498431708012546
width: 0.026199113260781944
height: 0.028229255774165955
Area: 0.0003138767665337259
CentroidX: 0.9420
CentroidY: 0.6673
