Location: internet_19.png_Mean-Medain.png
Component: component_1755084039489_4.png
centerX: 0.2720677146311971
centerY: 0.008269175933846592
width: 0.024586860137041516
height: 0.031080695751354435
Area: 0.00036835409620673436
CentroidX: 0.2827
CentroidY: 0.0268
