Location: Kurtxevani_1794_page_10.png_Mean-Medain.png
Component: component_1755610054958_1495.png
centerX: 0.4015195791934541
centerY: 0.43234905244601146
width: 0.012857977790765635
height: 0.013662406346408109
Area: 0.00010535103402426268
CentroidX: 0.4074
CentroidY: 0.4398
