Location: internet_19.png_Mean-Medain.png
Component: component_1755084039509_145.png
centerX: 0.10157194679564692
centerY: 0.20701454234388367
width: 0.02539298669891173
height: 0.03307670373538637
Area: 0.00023940142976556245
CentroidX: 0.1115
CentroidY: 0.2279
