Location: internet_19.png_Gaussian-Closing.png
Component: component_1755084039764_220.png
centerX: 0.7142281338170092
centerY: 0.43997718848018247
width: 0.023377670294236194
height: 0.02765896777872826
Area: 0.000299740244276806
CentroidX: 0.7239
CentroidY: 0.4569
