Location: internet_19.png_Mean-Medain.png
Component: component_1755084039497_45.png
centerX: 0.932285368802902
centerY: 0.09153122326775022
width: 0.02539298669891173
height: 0.031080695751354435
Area: 0.0002949131391159065
CentroidX: 0.9431
CentroidY: 0.1116
