Location: internet_19.png_Mean-Medain.png
Component: component_1755084039547_342.png
centerX: 0.7097944377267231
centerY: 0.6561163387510693
width: 0.027408303103587262
height: 0.030795551753635585
Area: 0.00033410463577939994
CentroidX: 0.7202
CentroidY: 0.6748
