Location: internet_19.png_Otsu.png
Component: component_1755084039286_189.png
centerX: 0.7887948407900041
centerY: 0.09580838323353294
width: 0.02176541717049577
height: 0.026803535785571715
Area: 0.00015837502170760684
CentroidX: 0.7987
CentroidY: 0.1146
