Location: internet_19.png_Gaussian-Closing.png
Component: component_1755084039762_209.png
centerX: 0.14389359129383314
centerY: 0.40461933276304535
width: 0.024989923417976623
height: 0.028514399771884802
Area: 0.0002960624498685016
CentroidX: 0.1544
CentroidY: 0.4220
