Location: internet_19.png_Otsu.png
Component: component_1755084039304_672.png
centerX: 0.32849657396211207
centerY: 0.2540633019674936
width: 0.027408303103587262
height: 0.027088679783290562
Area: 0.00021273742030535577
CentroidX: 0.3392
CentroidY: 0.2713
