Location: Paraklitoni_1720_page_10.png_Mean-Medain.png
Component: component_1755610055224_324.png
centerX: 0.520579268292683
centerY: 0.12832080200501253
width: 0.021341463414634148
height: 0.021052631578947368
Area: 0.00022426493061923102
CentroidX: 0.5291
CentroidY: 0.1396
