Location: internet_19.png_Gaussian-Closing.png
Component: component_1755084039726_11.png
centerX: 0.46594115276098347
centerY: 0.00998003992015968
width: 0.030229746070133012
height: 0.030795551753635585
Area: 0.00033111642782265264
CentroidX: 0.4766
CentroidY: 0.0285
