Location: internet_19.png_Otsu.png
Component: component_1755084039277_9.png
centerX: 0.4183796856106409
centerY: 0.009694895922440832
width: 0.024989923417976623
height: 0.0290846877673225
Area: 0.00026928350933303543
CentroidX: 0.4287
CentroidY: 0.0278
