Location: Kurtxevani_1794_page_10.png_Mean-Medain.png
Component: component_1755610054969_1502.png
centerX: 0.6399766218585622
centerY: 0.43323049801674746
width: 0.012857977790765635
height: 0.013662406346408109
Area: 0.00011436640368404066
CentroidX: 0.6460
CentroidY: 0.4406
