Location: internet_19.png_Gaussian-Median.png
Component: component_1755084039643_246.png
centerX: 0.2773075372833535
centerY: 0.3481608212147134
width: 0.026602176541717048
height: 0.03279155973766752
Area: 0.0003228413904039678
CentroidX: 0.2884
CentroidY: 0.3692
