Location: internet_19.png_Otsu.png
Component: component_1755084039290_338.png
centerX: 0.8540910923014914
centerY: 0.1394354148845167
width: 0.02257154373236598
height: 0.029654975762760195
Area: 0.0001438937062249084
CentroidX: 0.8631
CentroidY: 0.1593
