Location: internet_19.png_Gaussian-Closing.png
Component: component_1755084039734_62.png
centerX: 0.42885933091495365
centerY: 0.09780439121756487
width: 0.025796049979846837
height: 0.03279155973766752
Area: 0.00022871283976642787
CentroidX: 0.4396
CentroidY: 0.1200
