Location: internet_19.png_Otsu.png
Component: component_1755084039404_864.png
centerX: 0.5437323659814591
centerY: 0.5617336755061306
width: 0.027005239822652155
height: 0.032506415739948676
Area: 0.00033146122104843115
CentroidX: 0.5538
CentroidY: 0.5820
