Location: Kurtxevani_1764_page_10.png_Otsu.png
Component: component_1755610056008_2001.png
centerX: 0.5236245954692557
centerY: 0.8381665107577175
width: 0.011650485436893204
height: 0.01683816651075772
Area: 0.0001123149905697791
CentroidX: 0.5284
CentroidY: 0.8475
