Location: internet_19.png_Mean-Medain.png
Component: component_1755084039511_167.png
centerX: 0.5820233776702942
centerY: 0.24265754205873966
width: 0.026602176541717048
height: 0.03279155973766752
Area: 0.00031583059481313756
CentroidX: 0.5917
CentroidY: 0.2630
