Location: internet_19.png_Gaussian-Closing.png
Component: component_1755084039737_74.png
centerX: 0.06287787182587666
centerY: 0.11063587111491303
width: 0.02418379685610641
height: 0.031080695751354435
Area: 0.00027215678621452324
CentroidX: 0.0733
CentroidY: 0.1304
