Location: internet_19.png_Mean-Medain.png
Component: component_1755084039528_251.png
centerX: 0.807335751713019
centerY: 0.4328485885372113
width: 0.028617492946392584
height: 0.03165098374679213
Area: 0.00036007905878804953
CentroidX: 0.8193
CentroidY: 0.4528
