Location: Kurtxevani_1764_page_10.png_Otsu.png
Component: component_1755610055919_1149.png
centerX: 0.19546925566343043
centerY: 0.4438727782974743
width: 0.013592233009708738
height: 0.01637043966323667
Area: 0.0001253326309862225
CentroidX: 0.2013
CentroidY: 0.4531
