Location: internet_19.png_Mean-Medain.png
Component: component_1755084039555_379.png
centerX: 0.22974607013301088
centerY: 0.716566866267465
width: 0.02902055622732769
height: 0.03136583974907328
Area: 0.00034479322577853446
CentroidX: 0.2422
CentroidY: 0.7360
