Location: internet_19.png_Otsu.png
Component: component_1755084039414_881.png
centerX: 0.8585247883917775
centerY: 0.605930995152552
width: 0.025796049979846837
height: 0.031080695751354435
Area: 0.0002970968295458372
CentroidX: 0.8684
CentroidY: 0.6255
