Location: internet_19.png_Gaussian-Median.png
Component: component_1755084039636_210.png
centerX: 0.9532446594115276
centerY: 0.27773025377815796
width: 0.022974607013301087
height: 0.029940119760479042
Area: 0.0002820408586868412
CentroidX: 0.9623
CentroidY: 0.2964
