Location: internet_19.png_Otsu.png
Component: component_1755084039401_855.png
centerX: 0.04917372027408303
centerY: 0.5203877958368976
width: 0.027408303103587262
height: 0.02737382378100941
Area: 0.00027158213083822565
CentroidX: 0.0614
CentroidY: 0.5372
