Location: internet_19.png_Gaussian-Median.png
Component: component_1755084039629_167.png
centerX: 0.4860943168077388
centerY: 0.19503849443969204
width: 0.022168480451430876
height: 0.02879954376960365
Area: 0.00019170503353286517
CentroidX: 0.4950
CentroidY: 0.2138
