Location: internet_19.png_Otsu.png
Component: component_1755084039302_666.png
centerX: 0.6316001612253124
centerY: 0.24294268605645852
width: 0.02418379685610641
height: 0.028229255774165955
Area: 0.00023319515170154882
CentroidX: 0.6410
CentroidY: 0.2611
