Location: internet_19.png_Otsu.png
Component: component_1755084039294_525.png
centerX: 0.852881902458686
centerY: 0.19047619047619047
width: 0.018540910923014912
height: 0.027944111776447105
Area: 0.00017067264676037458
CentroidX: 0.8599
CentroidY: 0.2077
