Location: internet_19.png_Gaussian-Median.png
Component: component_1755084039665_350.png
centerX: 0.4546553808948005
centerY: 0.6119190191046479
width: 0.028617492946392584
height: 0.033361847733105215
Area: 0.00035674605760552367
CentroidX: 0.4656
CentroidY: 0.6329
