Location: internet_19.png_Gaussian-Closing.png
Component: component_1755084039728_17.png
centerX: 0.8391777509068924
centerY: 0.011120615911035072
width: 0.028214429665457477
height: 0.023096663815226688
Area: 0.00020423252073615192
CentroidX: 0.8510
CentroidY: 0.0269
