Location: internet_19.png_Gaussian-Closing.png
Component: component_1755084039758_189.png
centerX: 0.053607416364369206
centerY: 0.3567151411462789
width: 0.027408303103587262
height: 0.032506415739948676
Area: 0.00033812722341348283
CentroidX: 0.0641
CentroidY: 0.3766
