Location: internet_19.png_Gaussian-Median.png
Component: component_1755084039652_291.png
centerX: 0.23256751309955664
centerY: 0.4533789563729683
width: 0.02902055622732769
height: 0.03364699173082407
Area: 0.0003472067783589842
CentroidX: 0.2440
CentroidY: 0.4744
