Location: internet_19.png_Mean-Medain.png
Component: component_1755084039520_215.png
centerX: 0.5642885933091495
centerY: 0.3418876532648988
width: 0.023377670294236194
height: 0.029940119760479042
Area: 0.0003212323553503346
CentroidX: 0.5739
CentroidY: 0.3600
