Location: internet_19.png_Gaussian-Median.png
Component: component_1755084039632_188.png
centerX: 0.8899637243047158
centerY: 0.23638437410892502
width: 0.02539298669891173
height: 0.029940119760479042
Area: 0.0002776734778269798
CentroidX: 0.8992
CentroidY: 0.2553
