Location: internet_19.png_Otsu.png
Component: component_1755084039381_808.png
centerX: 0.23740427247077792
centerY: 0.40404904476760767
width: 0.026602176541717048
height: 0.03022526375819789
Area: 0.0002973266916963562
CentroidX: 0.2481
CentroidY: 0.4227
