Location: internet_19.png_Otsu.png
Component: component_1755084039285_185.png
centerX: 0.8786779524385329
centerY: 0.09181636726546906
width: 0.02539298669891173
height: 0.03165098374679213
Area: 0.00014826108708476982
CentroidX: 0.8898
CentroidY: 0.1129
