Location: internet_19.png_Mean-Medain.png
Component: component_1755084039536_290.png
centerX: 0.04917372027408303
centerY: 0.5201026518391788
width: 0.02781136638452237
height: 0.02765896777872826
Area: 0.00029847600244895135
CentroidX: 0.0615
CentroidY: 0.5370
