Location: internet_19.png_Gaussian-Median.png
Component: component_1755084039642_243.png
centerX: 0.3200322450624748
centerY: 0.34644995722840033
width: 0.025796049979846837
height: 0.033361847733105215
Area: 0.0003192785270709229
CentroidX: 0.3306
CentroidY: 0.3676
