Location: internet_19.png_Mean-Medain.png
Component: component_1755084039544_326.png
centerX: 0.41031841999193874
centerY: 0.6147704590818364
width: 0.02539298669891173
height: 0.033932135728542916
Area: 0.0003492755377136554
CentroidX: 0.4211
CentroidY: 0.6353
