Location: internet_19.png_Gaussian-Median.png
Component: component_1755084039635_203.png
centerX: 0.28496573962112054
centerY: 0.25605930995152554
width: 0.02539298669891173
height: 0.02765896777872826
Area: 0.00023710280826037223
CentroidX: 0.2942
CentroidY: 0.2738
