Location: internet_19.png_Otsu.png
Component: component_1755084039283_77.png
centerX: 0.23901652559451833
centerY: 0.06073567151411463
width: 0.02539298669891173
height: 0.026518391787852865
Area: 0.00015538681375085954
CentroidX: 0.2490
CentroidY: 0.0770
