Location: internet_19.png_Otsu.png
Component: component_1755084039279_17.png
centerX: 0.8395808141878275
centerY: 0.011120615911035072
width: 0.026199113260781944
height: 0.023096663815226688
Area: 0.00016366185116954436
CentroidX: 0.8508
CentroidY: 0.0271
