Location: internet_19.png_Otsu.png
Component: component_1755084039394_836.png
centerX: 0.7996775493752519
centerY: 0.49073282007413743
width: 0.02781136638452237
height: 0.03421727972626176
Area: 0.0003422647421228252
CentroidX: 0.8111
CentroidY: 0.5125
