Location: Kurtxevani_1794_page_10.png_Mean-Medain.png
Component: component_1755610055055_2198.png
centerX: 0.6014026884862653
centerY: 0.6985456148082856
width: 0.015195791934541203
height: 0.021595416483032173
Area: 0.00017180718751634035
CentroidX: 0.6077
CentroidY: 0.7102
