Location: internet_19.png_Mean-Medain.png
Component: component_1755084039497_44.png
centerX: 0.8782748891575978
centerY: 0.09153122326775022
width: 0.026602176541717048
height: 0.031936127744510975
Area: 0.00026560571492473104
CentroidX: 0.8898
CentroidY: 0.1122
