Location: internet_19.png_Otsu.png
Component: component_1755084039290_345.png
centerX: 0.750906892382104
centerY: 0.1442828628457371
width: 0.019347037484885126
height: 0.029369831765041345
Area: 0.0001210224222482656
CentroidX: 0.7582
CentroidY: 0.1626
