Location: internet_19.png_Mean-Medain.png
Component: component_1755084039543_325.png
centerX: 0.365981459089077
centerY: 0.6150556030795552
width: 0.026199113260781944
height: 0.033932135728542916
Area: 0.00036444643964791095
CentroidX: 0.3763
CentroidY: 0.6357
