Location: internet_19.png_Gaussian-Median.png
Component: component_1755084039610_14.png
centerX: 0.46594115276098347
centerY: 0.00998003992015968
width: 0.030229746070133012
height: 0.030795551753635585
Area: 0.00033238066965050726
CentroidX: 0.4767
CentroidY: 0.0285
