Location: internet_19.png_Mean-Medain.png
Component: component_1755084039508_138.png
centerX: 0.2422410318419992
centerY: 0.2018819503849444
width: 0.023377670294236194
height: 0.03051040775591674
Area: 0.00021032386772490603
CentroidX: 0.2523
CentroidY: 0.2221
