Location: internet_19.png_Otsu.png
Component: component_1755084039402_858.png
centerX: 0.7992744860943168
centerY: 0.5517536355859709
width: 0.027005239822652155
height: 0.03051040775591674
Area: 0.00029318917298701383
CentroidX: 0.8088
CentroidY: 0.5711
