Location: internet_19.png_Gaussian-Closing.png
Component: component_1755084039752_162.png
centerX: 0.282950423216445
centerY: 0.2994011976047904
width: 0.027408303103587262
height: 0.03136583974907328
Area: 0.00030479721158822447
CentroidX: 0.2927
CentroidY: 0.3189
