Location: internet_19.png_Gaussian-Median.png
Component: component_1755084039665_349.png
centerX: 0.6320032245062475
centerY: 0.611633875106929
width: 0.024989923417976623
height: 0.03507271171941831
Area: 0.00035008005524047204
CentroidX: 0.6421
CentroidY: 0.6334
