Location: internet_19.png_Otsu.png
Component: component_1755084039276_7.png
centerX: 0.7335751713018944
centerY: 0.009409751924721984
width: 0.029826682789197905
height: 0.023666951810664385
Area: 0.00019722172514532172
CentroidX: 0.7452
CentroidY: 0.0246
