Location: internet_19.png_Otsu.png
Component: component_1755084039435_935.png
centerX: 0.5405078597339782
centerY: 0.7102936983176504
width: 0.023377670294236194
height: 0.03051040775591674
Area: 0.0002807766168589866
CentroidX: 0.5494
CentroidY: 0.7297
