Location: internet_19.png_Gaussian-Closing.png
Component: component_1755084039763_219.png
centerX: 0.6630390971382507
centerY: 0.43997718848018247
width: 0.030632809351068116
height: 0.028514399771884802
Area: 0.0003408855692197111
CentroidX: 0.6757
CentroidY: 0.4585
