Location: internet_19.png_Otsu.png
Component: component_1755084039285_184.png
centerX: 0.9326884320838371
centerY: 0.09153122326775022
width: 0.024989923417976623
height: 0.031080695751354435
Area: 0.0001699830603088175
CentroidX: 0.9436
CentroidY: 0.1120
