Location: internet_19.png_Gaussian-Closing.png
Component: component_1755084039764_224.png
centerX: 0.5102781136638452
centerY: 0.44510978043912175
width: 0.02257154373236598
height: 0.02879954376960365
Area: 0.000289626309653969
CentroidX: 0.5192
CentroidY: 0.4631
