Location: internet_19.png_Gaussian-Median.png
Component: component_1755084039632_187.png
centerX: 0.9351068117694478
centerY: 0.23467351012261192
width: 0.024989923417976623
height: 0.02879954376960365
Area: 0.0002727314415908208
CentroidX: 0.9452
CentroidY: 0.2532
