Location: internet_19.png_Gaussian-Median.png
Component: component_1755084039648_270.png
centerX: 0.2370012091898428
centerY: 0.4037639007698888
width: 0.027408303103587262
height: 0.03051040775591674
Area: 0.00032019797567299903
CentroidX: 0.2481
CentroidY: 0.4225
