Location: internet_19.png_Gaussian-Closing.png
Component: component_1755084039749_145.png
centerX: 0.10157194679564692
centerY: 0.25976618192187056
width: 0.02257154373236598
height: 0.027944111776447105
Area: 0.00019136024030708663
CentroidX: 0.1114
CentroidY: 0.2782
