Location: Kurtxevani_1764_page_10.png_Otsu.png
Component: component_1755610055977_1647.png
centerX: 0.5624595469255663
centerY: 0.6856875584658559
width: 0.01488673139158576
height: 0.01637043966323667
Area: 0.0001677156462955731
CentroidX: 0.5692
CentroidY: 0.6946
