Location: internet_19.png_Otsu.png
Component: component_1755084039327_756.png
centerX: 0.4212011285771866
centerY: 0.29654975762760194
width: 0.026199113260781944
height: 0.029654975762760195
Area: 0.00026824912965569983
CentroidX: 0.4310
CentroidY: 0.3153
