Location: internet_19.png_Gaussian-Closing.png
Component: component_1755084039750_153.png
centerX: 0.7271261588069327
centerY: 0.2894211576846307
width: 0.023377670294236194
height: 0.028514399771884802
Area: 0.000274800200945492
CentroidX: 0.7362
CentroidY: 0.3070
