Location: internet_19.png_Gaussian-Median.png
Component: component_1755084039622_107.png
centerX: 0.8536880290205562
centerY: 0.13915027088679782
width: 0.0237807335751713
height: 0.03022526375819789
Area: 0.00023158611664791565
CentroidX: 0.8635
CentroidY: 0.1589
