Location: internet_19.png_Gaussian-Median.png
Component: component_1755084039667_362.png
centerX: 0.016928657799274487
centerY: 0.6221842030225264
width: 0.032648125755743655
height: 0.032506415739948676
Area: 0.00035536688470240956
CentroidX: 0.0298
CentroidY: 0.6429
