Location: internet_19.png_Gaussian-Median.png
Component: component_1755084039660_326.png
centerX: 0.6283756549778315
centerY: 0.5597376675220986
width: 0.024586860137041516
height: 0.03364699173082407
Area: 0.0003506547106167696
CentroidX: 0.6378
CentroidY: 0.5793
