Location: internet_19.png_Gaussian-Median.png
Component: component_1755084039658_319.png
centerX: 0.9262394195888755
centerY: 0.549757627601939
width: 0.026199113260781944
height: 0.028514399771884802
Area: 0.00030514200481400304
CentroidX: 0.9370
CentroidY: 0.5677
