Location: internet_19.png_Mean-Medain.png
Component: component_1755084039553_371.png
centerX: 0.4111245465538089
centerY: 0.7120045623039635
width: 0.027005239822652155
height: 0.033361847733105215
Area: 0.0003173246987915112
CentroidX: 0.4217
CentroidY: 0.7335
