Location: internet_19.png_Mean-Medain.png
Component: component_1755084039499_51.png
centerX: 0.5348649738008867
centerY: 0.09865982321072142
width: 0.02781136638452237
height: 0.03307670373538637
Area: 0.00029422355266434943
CentroidX: 0.5454
CentroidY: 0.1202
