Location: Paraklitoni_1720_page_10.png_Mean-Medain.png
Component: component_1755610055265_565.png
centerX: 0.39939024390243905
centerY: 0.21503759398496242
width: 0.010670731707317074
height: 0.012531328320802004
Area: 8.023106546854942e-05
CentroidX: 0.4034
CentroidY: 0.2220
