Location: internet_19.png_Otsu.png
Component: component_1755084039433_927.png
centerX: 0.8472390165255945
centerY: 0.701739378386085
width: 0.026199113260781944
height: 0.032506415739948676
Area: 0.00029847600244895135
CentroidX: 0.8575
CentroidY: 0.7221
