Location: internet_19.png_Gaussian-Closing.png
Component: component_1755084039757_187.png
centerX: 0.19185812172511085
centerY: 0.35357855717137154
width: 0.027408303103587262
height: 0.02879954376960365
Area: 0.0003037628319108889
CentroidX: 0.2024
CentroidY: 0.3714
