Location: internet_19.png_Otsu.png
Component: component_1755084039415_883.png
centerX: 0.7226924627166466
centerY: 0.609637867122897
width: 0.026602176541717048
height: 0.03450242372398061
Area: 0.0003349091533062165
CentroidX: 0.7335
CentroidY: 0.6312
