Location: internet_19.png_Mean-Medain.png
Component: component_1755084039544_329.png
centerX: 0.1902458686013704
centerY: 0.6190476190476191
width: 0.029826682789197905
height: 0.032506415739948676
Area: 0.00035950440341175194
CentroidX: 0.2022
CentroidY: 0.6395
