Location: internet_19.png_Otsu.png
Component: component_1755084039283_74.png
centerX: 0.2877871825876663
centerY: 0.05873966353008269
width: 0.024989923417976623
height: 0.025377815796977475
Area: 0.0001420548090207562
CentroidX: 0.2969
CentroidY: 0.0753
