Location: internet_19.png_Gaussian-Median.png
Component: component_1755084039628_163.png
centerX: 0.852881902458686
centerY: 0.1899059024807528
width: 0.01894397420395002
height: 0.02879954376960365
Area: 0.00021170304062802017
CentroidX: 0.8602
CentroidY: 0.2078
