Location: internet_19.png_Mean-Medain.png
Component: component_1755084039516_195.png
centerX: 0.3756549778315195
centerY: 0.2971200456230396
width: 0.027408303103587262
height: 0.03136583974907328
Area: 0.0003160604569636566
CentroidX: 0.3861
CentroidY: 0.3171
