Location: internet_19.png_Otsu.png
Component: component_1755084039422_898.png
centerX: 0.017331721080209594
centerY: 0.6224693470202453
width: 0.032245062474808545
height: 0.03222127174222983
Area: 0.00033410463577939994
CentroidX: 0.0298
CentroidY: 0.6431
