Location: internet_19.png_Otsu.png
Component: component_1755084039293_373.png
centerX: 0.14993954050785974
centerY: 0.15597376675220986
width: 0.024586860137041516
height: 0.029654975762760195
Area: 0.0001459624655795796
CentroidX: 0.1595
CentroidY: 0.1764
