Location: internet_19.png_Otsu.png
Component: component_1755084039431_921.png
centerX: 0.014913341394598953
centerY: 0.6723695466210436
width: 0.02539298669891173
height: 0.03136583974907328
Area: 0.0003052569358892625
CentroidX: 0.0251
CentroidY: 0.6917
