Location: internet_19.png_Mean-Medain.png
Component: component_1755084039489_5.png
centerX: 0.3655783958081419
centerY: 0.007984031936127744
width: 0.028617492946392584
height: 0.03279155973766752
Area: 0.00036938847588406995
CentroidX: 0.3770
CentroidY: 0.0287
