Location: internet_19.png_Gaussian-Median.png
Component: component_1755084039618_68.png
centerX: 0.788391777509069
centerY: 0.09552323923581409
width: 0.02257154373236598
height: 0.02737382378100941
Area: 0.00021124331632698212
CentroidX: 0.7986
CentroidY: 0.1136
