Location: internet_19.png_Gaussian-Closing.png
Component: component_1755084039786_310.png
centerX: 0.5864570737605804
centerY: 0.6632449386940404
width: 0.024586860137041516
height: 0.02765896777872826
Area: 0.0002800870304074295
CentroidX: 0.5958
CentroidY: 0.6804
