Location: internet_19.png_Gaussian-Median.png
Component: component_1755084039614_33.png
centerX: 0.43087464731962916
centerY: 0.0510407755916738
width: 0.030229746070133012
height: 0.029654975762760195
Area: 0.00027640923599912517
CentroidX: 0.4413
CentroidY: 0.0703
