Location: internet_19.png_Gaussian-Closing.png
Component: component_1755084039742_112.png
centerX: 0.852881902458686
centerY: 0.19019104647847163
width: 0.01894397420395002
height: 0.028514399771884802
Area: 0.00021066866095068457
CentroidX: 0.8602
CentroidY: 0.2078
