Location: internet_19.png_Otsu.png
Component: component_1755084039335_765.png
centerX: 0.015316404675534058
centerY: 0.307670373538637
width: 0.0237807335751713
height: 0.03051040775591674
Area: 0.0002667550256773262
CentroidX: 0.0240
CentroidY: 0.3269
