Location: internet_19.png_Mean-Medain.png
Component: component_1755084039512_174.png
centerX: 0.3732365981459089
centerY: 0.2503564299971486
width: 0.026199113260781944
height: 0.029940119760479042
Area: 0.00026526092169895253
CentroidX: 0.3828
CentroidY: 0.2697
