Location: internet_19.png_Gaussian-Closing.png
Component: component_1755084039756_179.png
centerX: 0.5163240628778718
centerY: 0.34160250926717994
width: 0.028617492946392584
height: 0.031936127744510975
Area: 0.0003392765341660779
CentroidX: 0.5284
CentroidY: 0.3620
