Location: Kurtxevani_1764_page_10.png_Otsu.png
Component: component_1755610055850_721.png
centerX: 0.256957928802589
centerY: 0.22778297474275022
width: 0.012944983818770227
height: 0.01777362020579981
Area: 0.00012472715933894605
CentroidX: 0.2622
CentroidY: 0.2376
