Location: Samociqulo_1709_page_10.png_Gaussian-Median.png
Component: component_1755610056304_3374.png
centerX: 0.39213759213759214
centerY: 0.8303125
width: 0.014742014742014743
height: 0.013125
Area: 9.88943488943489e-05
CentroidX: 0.3983
CentroidY: 0.8374
