Location: internet_19.png_Gaussian-Closing.png
Component: component_1755084039787_316.png
centerX: 0.22732769044740025
centerY: 0.6680923866552609
width: 0.023377670294236194
height: 0.03279155973766752
Area: 0.0003019239347067367
CentroidX: 0.2366
CentroidY: 0.6887
