Location: internet_19.png_Gaussian-Closing.png
Component: component_1755084039732_35.png
centerX: 0.28738411930673113
centerY: 0.058454519532363844
width: 0.02539298669891173
height: 0.02566295979469632
Area: 0.00020446238288667095
CentroidX: 0.2971
CentroidY: 0.0752
