Location: internet_19.png_Mean-Medain.png
Component: component_1755084039528_248.png
centerX: 0.8956066102378073
centerY: 0.4294268605645851
width: 0.027408303103587262
height: 0.03136583974907328
Area: 0.000350309917390991
CentroidX: 0.9070
CentroidY: 0.4495
