Location: internet_19.png_Mean-Medain.png
Component: component_1755084039501_66.png
centerX: 0.06247480854494156
centerY: 0.11063587111491303
width: 0.024989923417976623
height: 0.031080695751354435
Area: 0.000295257932341685
CentroidX: 0.0732
CentroidY: 0.1306
