Location: internet_19.png_Gaussian-Closing.png
Component: component_1755084039748_144.png
centerX: 0.28496573962112054
centerY: 0.25605930995152554
width: 0.023377670294236194
height: 0.02765896777872826
Area: 0.00023457432460466295
CentroidX: 0.2941
CentroidY: 0.2738
