Location: internet_19.png_Otsu.png
Component: component_1755084039282_67.png
centerX: 0.4873035066505441
centerY: 0.054177359566581124
width: 0.020959290608625555
height: 0.02623324779013402
Area: 0.00019021092955449152
CentroidX: 0.4960
CentroidY: 0.0704
