Location: internet_19.png_Otsu.png
Component: component_1755084039403_861.png
centerX: 0.709391374445788
centerY: 0.5580268035357856
width: 0.025796049979846837
height: 0.02623324779013402
Area: 0.00027824813320327733
CentroidX: 0.7204
CentroidY: 0.5743
