Location: internet_19.png_Gaussian-Closing.png
Component: component_1755084039730_27.png
centerX: 0.43087464731962916
centerY: 0.0510407755916738
width: 0.029826682789197905
height: 0.029654975762760195
Area: 0.00026951337148355445
CentroidX: 0.4413
CentroidY: 0.0704
