Location: internet_19.png_Mean-Medain.png
Component: component_1755084039531_263.png
centerX: 0.2809351068117695
centerY: 0.45109780439121755
width: 0.027005239822652155
height: 0.03307670373538637
Area: 0.0003422647421228252
CentroidX: 0.2915
CentroidY: 0.4719
