Location: internet_19.png_Otsu.png
Component: component_1755084039425_905.png
centerX: 0.800080612656187
centerY: 0.6552609067579127
width: 0.024989923417976623
height: 0.028229255774165955
Area: 0.00028238565191261977
CentroidX: 0.8096
CentroidY: 0.6723
