Location: internet_19.png_Gaussian-Median.png
Component: component_1755084039650_285.png
centerX: 0.46795646916565903
centerY: 0.44425434844596523
width: 0.02539298669891173
height: 0.030795551753635585
Area: 0.0003252549429844175
CentroidX: 0.4781
CentroidY: 0.4635
