Location: internet_19.png_Otsu.png
Component: component_1755084039412_879.png
centerX: 0.9032648125755743
centerY: 0.6016538351867693
width: 0.024989923417976623
height: 0.033932135728542916
Area: 0.0003182441473935873
CentroidX: 0.9123
CentroidY: 0.6228
