Location: internet_19.png_Otsu.png
Component: component_1755084039401_857.png
centerX: 0.8444175735590488
centerY: 0.5511833475905332
width: 0.024989923417976623
height: 0.0290846877673225
Area: 0.0002841096180415124
CentroidX: 0.8543
CentroidY: 0.5696
