Location: Kurtxevani_1794_page_10.png_Mean-Medain.png
Component: component_1755610054592_433.png
centerX: 0.15604909409701928
centerY: 0.07668576465403261
width: 0.012273524254821741
height: 0.013662406346408109
Area: 9.916906625755778e-05
CentroidX: 0.1611
CentroidY: 0.0840
