Location: internet_19.png_Mean-Medain.png
Component: component_1755084039546_339.png
centerX: 0.8391777509068924
centerY: 0.6532648987738808
width: 0.023377670294236194
height: 0.028514399771884802
Area: 0.00027744361567646076
CentroidX: 0.8475
CentroidY: 0.6704
