Location: internet_19.png_Gaussian-Closing.png
Component: component_1755084039746_130.png
centerX: 0.8407900040306329
centerY: 0.23781009409751924
width: 0.029826682789197905
height: 0.031080695751354435
Area: 0.00029548779449220405
CentroidX: 0.8527
CentroidY: 0.2572
