Location: internet_19.png_Mean-Medain.png
Component: component_1755084039518_205.png
centerX: 0.9604997984683595
centerY: 0.3236384374108925
width: 0.0237807335751713
height: 0.029369831765041345
Area: 0.0003127274557811308
CentroidX: 0.9697
CentroidY: 0.3414
