Location: internet_19.png_Mean-Medain.png
Component: component_1755084039550_354.png
centerX: 0.09915356711003627
centerY: 0.6700883946392928
width: 0.026199113260781944
height: 0.03307670373538637
Area: 0.00033433449792991896
CentroidX: 0.1087
CentroidY: 0.6908
