Location: internet_19.png_Mean-Medain.png
Component: component_1755084039514_182.png
centerX: 0.012898024989923419
centerY: 0.26119190191046476
width: 0.022168480451430876
height: 0.029654975762760195
Area: 0.00022423052783130691
CentroidX: 0.0219
CentroidY: 0.2791
