Location: internet_19.png_Mean-Medain.png
Component: component_1755084039532_271.png
centerX: 0.8512696493349455
centerY: 0.48845166809238666
width: 0.02781136638452237
height: 0.033361847733105215
Area: 0.00035973426556227097
CentroidX: 0.8628
CentroidY: 0.5098
