Location: internet_19.png_Gaussian-Median.png
Component: component_1755084039657_313.png
centerX: 0.2809351068117695
centerY: 0.5081266039349872
width: 0.027005239822652155
height: 0.03022526375819789
Area: 0.00029882079567472987
CentroidX: 0.2920
CentroidY: 0.5269
