Location: internet_19.png_Gaussian-Closing.png
Component: component_1755084039734_60.png
centerX: 0.7887948407900041
centerY: 0.09552323923581409
width: 0.022168480451430876
height: 0.02737382378100941
Area: 0.00020733565976815873
CentroidX: 0.7986
CentroidY: 0.1137
