Location: internet_19.png_Mean-Medain.png
Component: component_1755084039528_249.png
centerX: 0.9431680773881499
centerY: 0.42971200456230396
width: 0.026199113260781944
height: 0.029654975762760195
Area: 0.0003316910831989502
CentroidX: 0.9541
CentroidY: 0.4478
