Location: internet_19.png_Otsu.png
Component: component_1755084039320_743.png
centerX: 0.8645707376058042
centerY: 0.2825777017393784
width: 0.029826682789197905
height: 0.029654975762760195
Area: 0.00029859093352421084
CentroidX: 0.8762
CentroidY: 0.3015
