Location: internet_19.png_Gaussian-Median.png
Component: component_1755084039651_286.png
centerX: 0.5098750503829101
centerY: 0.4448246364414029
width: 0.023377670294236194
height: 0.0290846877673225
Area: 0.00029043082718078556
CentroidX: 0.5192
CentroidY: 0.4631
