Location: Kurtxevani_1794_page_10.png_Mean-Medain.png
Component: component_1755610054811_808.png
centerX: 0.20806545879602573
centerY: 0.20405464962538564
width: 0.011689070718877849
height: 0.012780960775672102
Area: 8.783545868526546e-05
CentroidX: 0.2133
CentroidY: 0.2110
