Location: internet_19.png_Gaussian-Closing.png
Component: component_1755084039752_159.png
centerX: 0.4212011285771866
centerY: 0.29654975762760194
width: 0.026199113260781944
height: 0.029940119760479042
Area: 0.0003016940725562177
CentroidX: 0.4312
CentroidY: 0.3153
