Location: Kurtxevani_1764_page_10.png_Otsu.png
Component: component_1755610055996_1846.png
centerX: 0.29838187702265373
centerY: 0.7787652011225444
width: 0.013592233009708738
height: 0.01824134705332086
Area: 0.00014712961028817424
CentroidX: 0.3034
CentroidY: 0.7890
