Location: internet_19.png_Otsu.png
Component: component_1755084039295_532.png
centerX: 0.43732365981459087
centerY: 0.19817507841459936
width: 0.020959290608625555
height: 0.027944111776447105
Area: 0.00011240259160380224
CentroidX: 0.4461
CentroidY: 0.2171
