Location: internet_19.png_Otsu.png
Component: component_1755084039373_794.png
centerX: 0.8230552196694881
centerY: 0.3806672369546621
width: 0.027005239822652155
height: 0.02879954376960365
Area: 0.0002839946869662529
CentroidX: 0.8324
CentroidY: 0.3986
