Location: internet_19.png_Gaussian-Median.png
Component: component_1755084039655_305.png
centerX: 0.41757355904877064
centerY: 0.5032791559737667
width: 0.024989923417976623
height: 0.03735386370116909
Area: 0.00034709184728372474
CentroidX: 0.4274
CentroidY: 0.5266
