Location: internet_19.png_Gaussian-Median.png
Component: component_1755084039638_221.png
centerX: 0.4212011285771866
centerY: 0.2962646136298831
width: 0.026199113260781944
height: 0.03022526375819789
Area: 0.0003037628319108889
CentroidX: 0.4312
CentroidY: 0.3154
