Location: Kurtxevani_1764_page_10.png_Otsu.png
Component: component_1755610055818_474.png
centerX: 0.3566343042071197
centerY: 0.13517305893358278
width: 0.013592233009708738
height: 0.01824134705332086
Area: 0.0001268463101044136
CentroidX: 0.3622
CentroidY: 0.1446
