Location: internet_19.png_Mean-Medain.png
Component: component_1755084039523_229.png
centerX: 0.9173720274083031
centerY: 0.3775306529797548
width: 0.026602176541717048
height: 0.028514399771884802
Area: 0.0003120378693295737
CentroidX: 0.9276
CentroidY: 0.3958
