Location: Kurtxevani_1794_page_10.png_Mean-Medain.png
Component: component_1755610054805_738.png
centerX: 0.288135593220339
centerY: 0.17893345085940943
width: 0.011104617182933957
height: 0.012780960775672102
Area: 7.675943310325251e-05
CentroidX: 0.2934
CentroidY: 0.1854
