Location: internet_19.png_Mean-Medain.png
Component: component_1755084039508_135.png
centerX: 0.4369205965336558
centerY: 0.19788993441688052
width: 0.02418379685610641
height: 0.028514399771884802
Area: 0.0002268739425622757
CentroidX: 0.4466
CentroidY: 0.2171
