Location: internet_19.png_Otsu.png
Component: component_1755084039371_787.png
centerX: 0.053607416364369206
centerY: 0.35700028514399773
width: 0.027408303103587262
height: 0.031936127744510975
Area: 0.0003187038716946254
CentroidX: 0.0640
CentroidY: 0.3767
