Location: internet_19.png_Otsu.png
Component: component_1755084039426_908.png
centerX: 0.626360338573156
centerY: 0.6618192187054462
width: 0.024586860137041516
height: 0.028514399771884802
Area: 0.0002941086215890899
CentroidX: 0.6362
CentroidY: 0.6794
