Location: internet_19.png_Mean-Medain.png
Component: component_1755084039526_244.png
centerX: 0.14389359129383314
centerY: 0.4043341887653265
width: 0.024989923417976623
height: 0.02879954376960365
Area: 0.0003069809020181552
CentroidX: 0.1545
CentroidY: 0.4222
