Location: internet_19.png_Mean-Medain.png
Component: component_1755084039549_351.png
centerX: 0.41072148327287383
centerY: 0.6666666666666666
width: 0.024586860137041516
height: 0.030795551753635585
Area: 0.00030284338330881276
CentroidX: 0.4204
CentroidY: 0.6857
