Location: internet_19.png_Gaussian-Closing.png
Component: component_1755084039764_222.png
centerX: 0.6106408706166868
centerY: 0.4422583404619333
width: 0.024989923417976623
height: 0.029940119760479042
Area: 0.0003030732454593318
CentroidX: 0.6205
CentroidY: 0.4610
