Location: internet_19.png_Gaussian-Closing.png
Component: component_1755084039775_277.png
centerX: 0.05642885933091495
centerY: 0.5697177074422584
width: 0.027005239822652155
height: 0.03136583974907328
Area: 0.00032376083900604387
CentroidX: 0.0673
CentroidY: 0.5893
