Location: internet_19.png_Gaussian-Median.png
Component: component_1755084039646_261.png
centerX: 0.6243450221684804
centerY: 0.3872255489021956
width: 0.029826682789197905
height: 0.029940119760479042
Area: 0.0003312313588979121
CentroidX: 0.6370
CentroidY: 0.4058
