Location: internet_19.png_Gaussian-Median.png
Component: component_1755084039608_7.png
centerX: 0.2720677146311971
centerY: 0.008269175933846592
width: 0.024586860137041516
height: 0.030795551753635585
Area: 0.00035249360782092174
CentroidX: 0.2827
CentroidY: 0.0267
