Location: internet_19.png_Gaussian-Closing.png
Component: component_1755084039767_237.png
centerX: 0.7992744860943168
centerY: 0.4904476760764186
width: 0.028214429665457477
height: 0.034787567721699456
Area: 0.0003642165774973919
CentroidX: 0.8110
CentroidY: 0.5122
