Location: internet_19.png_Mean-Medain.png
Component: component_1755084039549_349.png
centerX: 0.3655783958081419
centerY: 0.6658112346735101
width: 0.026602176541717048
height: 0.03421727972626176
Area: 0.00034456336362801544
CentroidX: 0.3759
CentroidY: 0.6867
