Location: internet_19.png_Gaussian-Closing.png
Component: component_1755084039734_58.png
centerX: 0.8319226118500604
centerY: 0.0943826632449387
width: 0.022974607013301087
height: 0.02765896777872826
Area: 0.0001960724143927266
CentroidX: 0.8415
CentroidY: 0.1130
