Location: internet_19.png_Mean-Medain.png
Component: component_1755084039488_2.png
centerX: 0.6219266424828698
centerY: 0.0071285999429712005
width: 0.029826682789197905
height: 0.029369831765041345
Area: 0.0002959475187932421
CentroidX: 0.6331
CentroidY: 0.0259
