Location: internet_19.png_Otsu.png
Component: component_1755084039410_877.png
centerX: 0.015316404675534058
centerY: 0.5708582834331337
width: 0.028617492946392584
height: 0.03364699173082407
Area: 0.00031755456094203024
CentroidX: 0.0264
CentroidY: 0.5917
