Location: internet_19.png_Otsu.png
Component: component_1755084039304_671.png
centerX: 0.3732365981459089
centerY: 0.2506415739948674
width: 0.025796049979846837
height: 0.029369831765041345
Area: 0.00021043879880016555
CentroidX: 0.3828
CentroidY: 0.2694
