Location: internet_19.png_Mean-Medain.png
Component: component_1755084039492_20.png
centerX: 0.22370012091898428
centerY: 0.01140575990875392
width: 0.025796049979846837
height: 0.029654975762760195
Area: 0.000309854178899643
CentroidX: 0.2339
CentroidY: 0.0296
