Location: internet_19.png_Mean-Medain.png
Component: component_1755084039545_333.png
centerX: 0.14429665457476823
centerY: 0.6204733390362133
width: 0.027408303103587262
height: 0.03165098374679213
Area: 0.00033444942900517845
CentroidX: 0.1554
CentroidY: 0.6404
