Location: internet_19.png_Mean-Medain.png
Component: component_1755084039489_8.png
centerX: 0.7331721080209593
centerY: 0.009124607927003137
width: 0.030229746070133012
height: 0.02423723980610208
Area: 0.00026951337148355445
CentroidX: 0.7455
CentroidY: 0.0245
