Location: internet_19.png_Gaussian-Closing.png
Component: component_1755084039767_236.png
centerX: 0.8512696493349455
centerY: 0.4887368120901055
width: 0.02781136638452237
height: 0.03307670373538637
Area: 0.0003432991218001608
CentroidX: 0.8628
CentroidY: 0.5098
