Location: internet_19.png_Gaussian-Median.png
Component: component_1755084039614_36.png
centerX: 0.626360338573156
centerY: 0.05189620758483034
width: 0.022974607013301087
height: 0.026518391787852865
Area: 0.00025215877911936824
CentroidX: 0.6361
CentroidY: 0.0684
