Location: internet_19.png_Gaussian-Median.png
Component: component_1755084039634_198.png
centerX: 0.3732365981459089
centerY: 0.2503564299971486
width: 0.026199113260781944
height: 0.029940119760479042
Area: 0.0002560664356781916
CentroidX: 0.3829
CentroidY: 0.2696
