Location: internet_19.png_Otsu.png
Component: component_1755084039424_903.png
centerX: 0.8395808141878275
centerY: 0.6532648987738808
width: 0.02257154373236598
height: 0.028229255774165955
Area: 0.00025250357234514676
CentroidX: 0.8475
CentroidY: 0.6703
