Location: internet_19.png_Gaussian-Median.png
Component: component_1755084039671_379.png
centerX: 0.41072148327287383
centerY: 0.6666666666666666
width: 0.024586860137041516
height: 0.03051040775591674
Area: 0.0002937638283633114
CentroidX: 0.4203
CentroidY: 0.6856
