Location: internet_19.png_Otsu.png
Component: component_1755084039280_51.png
centerX: 0.7912132204756147
centerY: 0.04733390362132877
width: 0.024989923417976623
height: 0.02879954376960365
Area: 0.000165155955147918
CentroidX: 0.8025
CentroidY: 0.0670
