Location: internet_19.png_Gaussian-Closing.png
Component: component_1755084039784_303.png
centerX: 0.8395808141878275
centerY: 0.6532648987738808
width: 0.022974607013301087
height: 0.028229255774165955
Area: 0.0002710074754619281
CentroidX: 0.8475
CentroidY: 0.6702
