Location: internet_19.png_Gaussian-Closing.png
Component: component_1755084039774_272.png
centerX: 0.23216444981862153
centerY: 0.5651554034787568
width: 0.02418379685610641
height: 0.03051040775591674
Area: 0.0003016940725562177
CentroidX: 0.2424
CentroidY: 0.5847
