Location: internet_19.png_Otsu.png
Component: component_1755084039303_670.png
centerX: 0.42241031841999194
centerY: 0.24779013401767894
width: 0.0237807335751713
height: 0.029369831765041345
Area: 0.0002059564868650446
CentroidX: 0.4308
CentroidY: 0.2665
