Location: Kurtxevani_1794_page_10.png_Mean-Medain.png
Component: component_1755610055054_2185.png
centerX: 0.31443600233781416
centerY: 0.6959012780960776
width: 0.014026884862653419
height: 0.021595416483032173
Area: 0.00016511005576907672
CentroidX: 0.3204
CentroidY: 0.7074
