Location: internet_19.png_Mean-Medain.png
Component: component_1755084039529_253.png
centerX: 0.7609834744054816
centerY: 0.43741089250071286
width: 0.024989923417976623
height: 0.028229255774165955
Area: 0.0003133021111574283
CentroidX: 0.7712
CentroidY: 0.4548
