Location: internet_19.png_Mean-Medain.png
Component: component_1755084039495_34.png
centerX: 0.33373639661426846
centerY: 0.05588822355289421
width: 0.027408303103587262
height: 0.02765896777872826
Area: 0.00023813718793770782
CentroidX: 0.3445
CentroidY: 0.0742
