Location: internet_19.png_Gaussian-Median.png
Component: component_1755084039643_247.png
centerX: 0.23498589278516727
centerY: 0.34930139720558884
width: 0.02902055622732769
height: 0.03307670373538637
Area: 0.00035180402136936466
CentroidX: 0.2469
CentroidY: 0.3701
