Location: internet_19.png_Otsu.png
Component: component_1755084039414_882.png
centerX: 0.7682386134623136
centerY: 0.607927003136584
width: 0.028214429665457477
height: 0.03307670373538637
Area: 0.00032709384018856974
CentroidX: 0.7796
CentroidY: 0.6286
