Location: internet_19.png_Gaussian-Median.png
Component: component_1755084039670_374.png
centerX: 0.5860540104796453
centerY: 0.6632449386940404
width: 0.024989923417976623
height: 0.02765896777872826
Area: 0.00028020196148268903
CentroidX: 0.5958
CentroidY: 0.6804
