Location: internet_19.png_Otsu.png
Component: component_1755084039298_544.png
centerX: 0.33373639661426846
centerY: 0.20216709438266325
width: 0.022974607013301087
height: 0.027944111776447105
Area: 0.00011320710913061882
CentroidX: 0.3433
CentroidY: 0.2216
