Location: Kurtxevani_1794_page_10.png_Mean-Medain.png
Component: component_1755610055033_1912.png
centerX: 0.6224430157802455
centerY: 0.5883649184662847
width: 0.015780245470485097
height: 0.021595416483032173
Area: 0.00017670124533164842
CentroidX: 0.6293
CentroidY: 0.6003
