Location: internet_19.png_Mean-Medain.png
Component: component_1755084039533_276.png
centerX: 0.656590084643289
centerY: 0.4975762760193898
width: 0.02781136638452237
height: 0.03307670373538637
Area: 0.00033674805051036867
CentroidX: 0.6679
CentroidY: 0.5181
