Location: internet_19.png_Otsu.png
Component: component_1755084039389_824.png
centerX: 0.42039500201531643
centerY: 0.44568006843455943
width: 0.02781136638452237
height: 0.03279155973766752
Area: 0.00030042983072836306
CentroidX: 0.4305
CentroidY: 0.4665
