Location: internet_19.png_Mean-Medain.png
Component: component_1755084039550_355.png
centerX: 0.31519548569125355
centerY: 0.6700883946392928
width: 0.026602176541717048
height: 0.03222127174222983
Area: 0.0003229563214792273
CentroidX: 0.3265
CentroidY: 0.6901
