Location: internet_19.png_Gaussian-Median.png
Component: component_1755084039616_49.png
centerX: 0.1422813381700927
centerY: 0.06159110350727117
width: 0.027005239822652155
height: 0.02737382378100941
Area: 0.000230092012669542
CentroidX: 0.1536
CentroidY: 0.0796
