Location: internet_19.png_Gaussian-Closing.png
Component: component_1755084039741_105.png
centerX: 0.016122531237404272
centerY: 0.15825491873396064
width: 0.02176541717049577
height: 0.02737382378100941
Area: 0.00020882976374653238
CentroidX: 0.0252
CentroidY: 0.1759
