Location: internet_19.png_Gaussian-Median.png
Component: component_1755084039668_367.png
centerX: 0.8395808141878275
centerY: 0.6532648987738808
width: 0.022974607013301087
height: 0.028514399771884802
Area: 0.0002718119929887447
CentroidX: 0.8475
CentroidY: 0.6702
