Location: internet_19.png_Mean-Medain.png
Component: component_1755084039549_352.png
centerX: 0.22692462716646514
centerY: 0.6680923866552609
width: 0.02418379685610641
height: 0.03279155973766752
Area: 0.0003112333518027571
CentroidX: 0.2366
CentroidY: 0.6888
