Location: Kurtxevani_1764_page_10.png_Otsu.png
Component: component_1755610055877_931.png
centerX: 0.37346278317152104
centerY: 0.3208606173994387
width: 0.012297734627831715
height: 0.01683816651075772
Area: 0.00010383838750790897
CentroidX: 0.3785
CentroidY: 0.3300
