Location: internet_19.png_Mean-Medain.png
Component: component_1755084039532_269.png
centerX: 0.045949214026602174
centerY: 0.4619332763045338
width: 0.026602176541717048
height: 0.033361847733105215
Area: 0.0003528384010467003
CentroidX: 0.0568
CentroidY: 0.4824
