Location: Kurtxevani_1764_page_10.png_Otsu.png
Component: component_1755610055942_1342.png
centerX: 0.8511326860841424
centerY: 0.5308699719363892
width: 0.012297734627831715
height: 0.01777362020579981
Area: 0.0001253326309862225
CentroidX: 0.8563
CentroidY: 0.5406
