Location: internet_19.png_Gaussian-Closing.png
Component: component_1755084039728_16.png
centerX: 0.5646916565900847
centerY: 0.010835471913316224
width: 0.030632809351068116
height: 0.026518391787852865
Area: 0.00028146620331054366
CentroidX: 0.5763
CentroidY: 0.0275
