Location: internet_19.png_Otsu.png
Component: component_1755084039328_757.png
centerX: 0.37605804111245467
centerY: 0.2971200456230396
width: 0.027005239822652155
height: 0.031080695751354435
Area: 0.00028123634116002463
CentroidX: 0.3862
CentroidY: 0.3171
