Location: internet_19.png_Mean-Medain.png
Component: component_1755084039495_33.png
centerX: 0.3861346231358323
centerY: 0.05531793555745652
width: 0.022974607013301087
height: 0.02594810379241517
Area: 0.0002250350453581235
CentroidX: 0.3952
CentroidY: 0.0721
