Location: Kurtxevani_1794_page_10.png_Mean-Medain.png
Component: component_1755610054604_526.png
centerX: 0.28404441846873174
centerY: 0.10224768620537682
width: 0.011104617182933957
height: 0.012780960775672102
Area: 8.010799897688434e-05
CentroidX: 0.2891
CentroidY: 0.1089
