Location: internet_19.png_Otsu.png
Component: component_1755084039380_807.png
centerX: 0.18621523579201935
centerY: 0.40347875677216993
width: 0.029826682789197905
height: 0.03051040775591674
Area: 0.0003138767665337259
CentroidX: 0.1971
CentroidY: 0.4220
