Location: internet_19.png_Otsu.png
Component: component_1755084039408_870.png
centerX: 0.19105199516324062
centerY: 0.5651554034787568
width: 0.026199113260781944
height: 0.031936127744510975
Area: 0.0002810064790095056
CentroidX: 0.2011
CentroidY: 0.5857
