Location: internet_19.png_Gaussian-Median.png
Component: component_1755084039645_254.png
centerX: 0.9588875453446191
centerY: 0.37524950099800397
width: 0.022974607013301087
height: 0.030795551753635585
Area: 0.00031077362750171907
CentroidX: 0.9682
CentroidY: 0.3943
