Location: internet_19.png_Mean-Medain.png
Component: component_1755084039520_212.png
centerX: 0.607416364369206
centerY: 0.3401767892785857
width: 0.02902055622732769
height: 0.029369831765041345
Area: 0.0003468619851332057
CentroidX: 0.6195
CentroidY: 0.3585
