Location: Kurtxevani_1764_page_10.png_Otsu.png
Component: component_1755610056015_2095.png
centerX: 0.3533980582524272
centerY: 0.8699719363891487
width: 0.015533980582524271
height: 0.01777362020579981
Area: 0.00015197338346638572
CentroidX: 0.3608
CentroidY: 0.8790
