Location: internet_19.png_Mean-Medain.png
Component: component_1755084039550_358.png
centerX: 0.056831922611850064
centerY: 0.6726546906187625
width: 0.02539298669891173
height: 0.029940119760479042
Area: 0.0003082451438460098
CentroidX: 0.0665
CentroidY: 0.6912
