Location: Kurtxevani_1764_page_10.png_Otsu.png
Component: component_1755610055910_1088.png
centerX: 0.5080906148867314
centerY: 0.411599625818522
width: 0.011650485436893204
height: 0.01777362020579981
Area: 0.00013411196987173082
CentroidX: 0.5126
CentroidY: 0.4215
