Location: internet_19.png_Gaussian-Closing.png
Component: component_1755084039736_68.png
centerX: 0.28335348649738007
centerY: 0.1020815511833476
width: 0.026602176541717048
height: 0.033361847733105215
Area: 0.00025687095320500817
CentroidX: 0.2945
CentroidY: 0.1232
