Location: internet_19.png_Gaussian-Median.png
Component: component_1755084039622_111.png
centerX: 0.4909310761789601
centerY: 0.14456800684345594
width: 0.02176541717049577
height: 0.03450242372398061
Area: 0.00023262049632525128
CentroidX: 0.4990
CentroidY: 0.1666
