Location: internet_19.png_Mean-Medain.png
Component: component_1755084039512_171.png
centerX: 0.5227730753728336
centerY: 0.2440832620473339
width: 0.027408303103587262
height: 0.032506415739948676
Area: 0.00029249958653545675
CentroidX: 0.5328
CentroidY: 0.2645
