Location: internet_19.png_Gaussian-Median.png
Component: component_1755084039634_196.png
centerX: 0.46997178557033453
centerY: 0.245794126033647
width: 0.026199113260781944
height: 0.029654975762760195
Area: 0.00025342302094722287
CentroidX: 0.4791
CentroidY: 0.2646
