Location: internet_19.png_Gaussian-Median.png
Component: component_1755084039647_267.png
centerX: 0.2837565497783152
centerY: 0.39749073282007413
width: 0.027005239822652155
height: 0.03450242372398061
Area: 0.00034433350147749646
CentroidX: 0.2955
CentroidY: 0.4187
