Location: Samociqulo_1709_page_10.png_Gaussian-Median.png
Component: component_1755610056203_1923.png
centerX: 0.8481572481572481
centerY: 0.4346875
width: 0.01818181818181818
height: 0.01375
Area: 0.00012515356265356266
CentroidX: 0.8557
CentroidY: 0.4420
