Location: internet_19.png_Gaussian-Closing.png
Component: component_1755084039726_7.png
centerX: 0.5175332527206772
centerY: 0.009409751924721984
width: 0.027408303103587262
height: 0.028514399771884802
Area: 0.00028525892879410753
CentroidX: 0.5279
CentroidY: 0.0274
