Location: Kurtxevani_1794_page_10.png_Mean-Medain.png
Component: component_1755610055104_2552.png
centerX: 0.7545295149035651
centerY: 0.8118113706478625
width: 0.015780245470485097
height: 0.021595416483032173
Area: 0.00017901948324416275
CentroidX: 0.7613
CentroidY: 0.8237
