Location: internet_19.png_Gaussian-Closing.png
Component: component_1755084039791_330.png
centerX: 0.6231358323256752
centerY: 0.7057313943541489
width: 0.027005239822652155
height: 0.03222127174222983
Area: 0.00032353097685552484
CentroidX: 0.6349
CentroidY: 0.7260
