Location: internet_19.png_Gaussian-Median.png
Component: component_1755084039627_162.png
centerX: 0.7505038291011689
centerY: 0.1899059024807528
width: 0.02418379685610641
height: 0.02765896777872826
Area: 0.00020181896815570219
CentroidX: 0.7608
CentroidY: 0.2081
