Location: internet_19.png_Gaussian-Closing.png
Component: component_1755084039738_86.png
centerX: 0.8536880290205562
centerY: 0.1394354148845167
width: 0.0237807335751713
height: 0.029940119760479042
Area: 0.00022078259557352159
CentroidX: 0.8636
CentroidY: 0.1592
