Location: Kurtxevani_1794_page_10.png_Mean-Medain.png
Component: component_1755610054939_1423.png
centerX: 0.6767971946230275
centerY: 0.40855002203613927
width: 0.012273524254821741
height: 0.013221683561040106
Area: 9.942664824783714e-05
CentroidX: 0.6823
CentroidY: 0.4158
