Location: internet_19.png_Mean-Medain.png
Component: component_1755084039523_228.png
centerX: 0.8710197501007658
centerY: 0.37781579697747364
width: 0.026199113260781944
height: 0.031080695751354435
Area: 0.0003319209453494692
CentroidX: 0.8812
CentroidY: 0.3969
