Location: internet_19.png_Gaussian-Closing.png
Component: component_1755084039751_155.png
centerX: 0.573559048770657
centerY: 0.2911320216709438
width: 0.02539298669891173
height: 0.030795551753635585
Area: 0.00029916558890050844
CentroidX: 0.5839
CentroidY: 0.3107
