Location: internet_19.png_Gaussian-Closing.png
Component: component_1755084039788_320.png
centerX: 0.27166465135026197
centerY: 0.6715141146278871
width: 0.022974607013301087
height: 0.030795551753635585
Area: 0.0002860634463209241
CentroidX: 0.2799
CentroidY: 0.6903
