Location: internet_19.png_Gaussian-Median.png
Component: component_1755084039620_80.png
centerX: 0.237807335751713
centerY: 0.10322212717422298
width: 0.024586860137041516
height: 0.03279155973766752
Area: 0.00026755954320414275
CentroidX: 0.2478
CentroidY: 0.1242
