Location: 2025-04-19_214715-1.png_Gaussian-Median.png
Component: component_1745098530910_51.png
centerX: 0.3833922261484099
centerY: 0.059050064184852376
width: 0.02944640753828033
height: 0.03380402225074882
Area: 0.0003936267742815051
CentroidX: 0.3985
CentroidY: 0.0785
