Location: easy26_Mean-Closing.png
Component: component_1744297381963_68.png
centerX: 0.6774193548387096
centerY: 0.05603448275862069
width: 0.020161290322580645
height: 0.014367816091954023
Area: 0.00010235137807440366
CentroidX: 0.6881
CentroidY: 0.0635
