Location: 2025-04-19_214715-1.png_Mean-Medain.png
Component: component_1745098531379_445.png
centerX: 0.7550058892815077
centerY: 0.6824989302524604
width: 0.027090694935217905
height: 0.026957637997432605
Area: 0.0003218062680905775
CentroidX: 0.7688
CentroidY: 0.6968
