Location: 2025-04-19_214715-1.png_Mean-Medain.png
Component: component_1745098531411_519.png
centerX: 0.6719670200235571
centerY: 0.8014548566538297
width: 0.02944640753828033
height: 0.02781343602909713
Area: 0.0003528024865519252
CentroidX: 0.6860
CentroidY: 0.8167
