Location: 2025-04-19_214715-1.png_Gaussian-Median.png
Component: component_1745098530921_97.png
centerX: 0.2420494699646643
centerY: 0.14163457424047926
width: 0.03121319199057715
height: 0.0329482242190843
Area: 0.0004087468808480162
CentroidX: 0.2575
CentroidY: 0.1597
