Location: 2025-04-19_214715-1.png_Gaussian-Closing.png
Component: component_1745098531852_473.png
centerX: 0.49469964664310956
centerY: 0.7702182284980744
width: 0.026501766784452298
height: 0.02610183996576808
Area: 0.00033087833203048416
CentroidX: 0.5077
CentroidY: 0.7837
