Location: 2025-04-19_214715-1.png_Otsu.png
Component: component_1745098531607_266.png
centerX: 0.13191990577149587
centerY: 0.43945228925973473
width: 0.030624263839811542
height: 0.02866923406076166
Area: 0.0003344063568960034
CentroidX: 0.1473
CentroidY: 0.4558
