Location: 2025-04-19_214715-1.png_Gaussian-Median.png
Component: component_1745098530977_210.png
centerX: 0.8227326266195524
centerY: 0.33975181857081727
width: 0.028268551236749116
height: 0.02866923406076166
Area: 0.00034398242438812707
CentroidX: 0.8377
CentroidY: 0.3555
