Location: 2025-04-19_214715-1.png_Gaussian-Median.png
Component: component_1745098530909_47.png
centerX: 0.9045936395759717
centerY: 0.058622165169020114
width: 0.028268551236749116
height: 0.030380830124090714
Area: 0.0003661585806856767
CentroidX: 0.9190
CentroidY: 0.0755
