Location: 2025-04-19_214715-1.png_Mean-Medain.png
Component: component_1745098531374_417.png
centerX: 0.7432273262661955
centerY: 0.6405648267008985
width: 0.03297997644287397
height: 0.029097133076593923
Area: 0.00036212655226794036
CentroidX: 0.7609
CentroidY: 0.6564
