Location: 2025-04-19_214715-1.png_Gaussian-Median.png
Component: component_1745098530907_36.png
centerX: 0.9399293286219081
centerY: 0.056910569105691054
width: 0.028268551236749116
height: 0.03337612323491656
Area: 0.00038379870501327294
CentroidX: 0.9543
CentroidY: 0.0757
