Location: 2025-04-19_214715-1.png_Otsu.png
Component: component_1745098531635_357.png
centerX: 0.6101295641931684
centerY: 0.6016260162601627
width: 0.030035335689045935
height: 0.02866923406076166
Area: 0.0003104661881656942
CentroidX: 0.6258
CentroidY: 0.6175
