Location: 2025-04-19_214715-1.png_Mean-Medain.png
Component: component_1745098531444_577.png
centerX: 0.16136631330977622
centerY: 0.8891741548994437
width: 0.02767962308598351
height: 0.024390243902439025
Area: 0.0003245782876277712
CentroidX: 0.1742
CentroidY: 0.9018
