Location: 2025-04-19_214715-1.png_Gaussian-Median.png
Component: component_1745098531022_282.png
centerX: 0.8810365135453475
centerY: 0.46812152332049634
width: 0.030035335689045935
height: 0.026957637997432605
Area: 0.00034877045813418893
CentroidX: 0.8964
CentroidY: 0.4828
