Location: 2025-04-19_214715-1.png_Mean-Medain.png
Component: component_1745098531375_423.png
centerX: 0.5565371024734982
centerY: 0.6427043217800599
width: 0.030624263839811542
height: 0.026957637997432605
Area: 0.0003495264634625145
CentroidX: 0.5717
CentroidY: 0.6571
