Location: 2025-04-19_214715-1.png_Mean-Medain.png
Component: component_1745098531270_145.png
centerX: 0.8598351001177856
centerY: 0.17244330338040223
width: 0.030035335689045935
height: 0.029097133076593923
Area: 0.0003666625842378937
CentroidX: 0.8747
CentroidY: 0.1880
