Location: 2025-04-19_214715-1.png_Mean-Medain.png
Component: component_1745098531408_510.png
centerX: 0.336866902237927
centerY: 0.7715019255455713
width: 0.03121319199057715
height: 0.02995293110825845
Area: 0.0003641425664768085
CentroidX: 0.3521
CentroidY: 0.7880
