Location: easy26_Mean-Closing.png
Component: component_1744297382037_448.png
centerX: 0.16370967741935483
centerY: 0.3242337164750958
width: 0.020161290322580645
height: 0.014367816091954023
Area: 8.265356569027314e-05
CentroidX: 0.1745
CentroidY: 0.3317
