Location: 2025-04-19_214715-1.png_Otsu.png
Component: component_1745098531575_165.png
centerX: 0.3869257950530035
centerY: 0.2640136927685066
width: 0.030624263839811542
height: 0.02781343602909713
Area: 0.0003414624066270419
CentroidX: 0.4030
CentroidY: 0.2791
