Location: 2025-04-19_214715-1.png_Otsu.png
Component: component_1745098531605_259.png
centerX: 0.4929328621908127
centerY: 0.43517329910141206
width: 0.03121319199057715
height: 0.02866923406076166
Area: 0.000342974417283693
CentroidX: 0.5092
CentroidY: 0.4509
