Location: 2025-04-19_214715-1.png_Otsu.png
Component: component_1745098531680_462.png
centerX: 0.2049469964664311
centerY: 0.7715019255455713
width: 0.028857479387514724
height: 0.02738553701326487
Area: 0.0003187822467772753
CentroidX: 0.2187
CentroidY: 0.7868
