Location: 2025-04-19_214715-1.png_Mean-Medain.png
Component: component_1745098531206_82.png
centerX: 0.8686690223792697
centerY: 0.058622165169020114
width: 0.03180212014134275
height: 0.030380830124090714
Area: 0.0004014388293408692
CentroidX: 0.8847
CentroidY: 0.0760
