Location: 2025-04-19_214715-1.png_Gaussian-Closing.png
Component: component_1745098531867_539.png
centerX: 0.7279151943462897
centerY: 0.8861788617886179
width: 0.02237926972909305
height: 0.025246041934103552
Area: 0.000258805824063448
CentroidX: 0.7388
CentroidY: 0.8996
