Location: 2025-04-19_214715-1.png_Gaussian-Median.png
Component: component_1745098531027_308.png
centerX: 0.8421672555948174
centerY: 0.5083440308087291
width: 0.023557126030624265
height: 0.026529738981600343
Area: 0.00030870217573293455
CentroidX: 0.8532
CentroidY: 0.5234
