Location: 2025-04-19_214715-1.png_Mean-Medain.png
Component: component_1745098531245_121.png
centerX: 0.8704358068315665
centerY: 0.13607188703465983
width: 0.030035335689045935
height: 0.02995293110825845
Area: 0.0003696866055511959
CentroidX: 0.8853
CentroidY: 0.1524
