Location: 2025-04-19_214715-1.png_Gaussian-Closing.png
Component: component_1745098531789_212.png
centerX: 0.9305064782096584
centerY: 0.33675652545999146
width: 0.03180212014134275
height: 0.029097133076593923
Area: 0.00039791080447534996
CentroidX: 0.9458
CentroidY: 0.3520
