Location: 2025-04-19_214715-1.png_Gaussian-Closing.png
Component: component_1745098531786_199.png
centerX: 0.3545347467608952
centerY: 0.30594779632006847
width: 0.028857479387514724
height: 0.029097133076593923
Area: 0.0003522984829997082
CentroidX: 0.3690
CentroidY: 0.3219
