Location: 2025-04-19_214715-1.png_Mean-Medain.png
Component: component_1745098531321_273.png
centerX: 0.732037691401649
centerY: 0.38724860932819855
width: 0.030035335689045935
height: 0.028241335044929396
Area: 0.0003553225043130104
CentroidX: 0.7483
CentroidY: 0.4027
