Location: 2025-04-19_214715-1.png_Gaussian-Closing.png
Component: component_1745098531740_30.png
centerX: 0.6431095406360424
centerY: 0.01540436456996149
width: 0.030035335689045935
height: 0.029097133076593923
Area: 0.00035456649898468485
CentroidX: 0.6584
CentroidY: 0.0318
