Location: 2025-04-19_214715-1.png_Otsu.png
Component: component_1745098531521_37.png
centerX: 0.9051825677267373
centerY: 0.058622165169020114
width: 0.02767962308598351
height: 0.030380830124090714
Area: 0.00034625044037310375
CentroidX: 0.9191
CentroidY: 0.0755
