Location: 2025-04-19_214715-1.png_Otsu.png
Component: component_1745098531577_174.png
centerX: 0.04770318021201413
centerY: 0.2712879760376551
width: 0.02767962308598351
height: 0.02738553701326487
Area: 0.0003018981277780046
CentroidX: 0.0623
CentroidY: 0.2864
