Location: 2025-04-19_214715-1.png_Gaussian-Median.png
Component: component_1745098530978_218.png
centerX: 0.47820965842167257
centerY: 0.3453145057766367
width: 0.03180212014134275
height: 0.028241335044929396
Area: 0.00035885052917852963
CentroidX: 0.4958
CentroidY: 0.3611
