Location: 2025-04-19_214715-1.png_Otsu.png
Component: component_1745098531601_245.png
centerX: 0.1772673733804476
centerY: 0.39623448866067607
width: 0.026501766784452298
height: 0.02610183996576808
Area: 0.0003202942574339264
CentroidX: 0.1898
CentroidY: 0.4101
