Location: 2025-04-19_214715-1.png_Mean-Medain.png
Component: component_1745098531374_418.png
centerX: 0.7832744405182568
centerY: 0.6401369276850664
width: 0.02767962308598351
height: 0.028241335044929396
Area: 0.00033541436400043746
CentroidX: 0.7971
CentroidY: 0.6553
