Location: 2025-04-19_214715-1.png_Mean-Medain.png
Component: component_1745098531210_93.png
centerX: 0.3121319199057715
centerY: 0.0599058622165169
width: 0.02944640753828033
height: 0.030380830124090714
Area: 0.0003530544883280337
CentroidX: 0.3279
CentroidY: 0.0774
