Location: 2025-04-19_214715-1.png_Gaussian-Median.png
Component: component_1745098531044_378.png
centerX: 0.9257950530035336
centerY: 0.6388532306375695
width: 0.022968197879858657
height: 0.025673940949935817
Area: 0.0002890460371964702
CentroidX: 0.9366
CentroidY: 0.6527
