Location: 2025-04-19_214715-1.png_Gaussian-Closing.png
Component: component_1745098531869_550.png
centerX: 0.392226148409894
centerY: 0.8900299529311082
width: 0.02591283863368669
height: 0.0235344458707745
Area: 0.0002545217938696032
CentroidX: 0.4058
CentroidY: 0.9030
