Location: 2025-04-19_214715-1.png_Gaussian-Closing.png
Component: component_1745098531801_252.png
centerX: 0.36866902237926974
centerY: 0.39323919554985026
width: 0.030035335689045935
height: 0.02781343602909713
Area: 0.00036313455937237447
CentroidX: 0.3835
CentroidY: 0.4085
