Location: 2025-04-19_214715-1.png_Gaussian-Closing.png
Component: component_1745098531852_471.png
centerX: 0.07656065959952886
centerY: 0.76936243046641
width: 0.02944640753828033
height: 0.029097133076593923
Area: 0.00033591836755265454
CentroidX: 0.0914
CentroidY: 0.7856
