Location: 2025-04-19_214715-1.png_Otsu.png
Component: component_1745098531629_338.png
centerX: 0.1707891637220259
centerY: 0.5622593068035944
width: 0.027090694935217905
height: 0.029097133076593923
Area: 0.00030845017395682604
CentroidX: 0.1842
CentroidY: 0.5784
