Location: 2025-04-19_214715-1.png_Mean-Medain.png
Component: component_1745098531303_223.png
centerX: 0.7803297997644287
centerY: 0.2995293110825845
width: 0.03121319199057715
height: 0.028241335044929396
Area: 0.0003638905647007
CentroidX: 0.7962
CentroidY: 0.3151
