Location: 2025-04-19_214715-1.png_Gaussian-Median.png
Component: component_1745098530925_116.png
centerX: 0.7491166077738516
centerY: 0.17586649550706032
width: 0.028857479387514724
height: 0.030380830124090714
Area: 0.00036263055582015744
CentroidX: 0.7632
CentroidY: 0.1926
