Location: 2025-04-19_214715-1.png_Gaussian-Median.png
Component: component_1745098530975_199.png
centerX: 0.19434628975265017
centerY: 0.3080872913992298
width: 0.02944640753828033
height: 0.02995293110825845
Area: 0.00035204648122359966
CentroidX: 0.2093
CentroidY: 0.3244
