Location: 2025-04-19_214715-1.png_Otsu.png
Component: component_1745098531693_508.png
centerX: 0.5983510011778563
centerY: 0.8412494651262302
width: 0.02767962308598351
height: 0.026957637997432605
Area: 0.0003132382077028879
CentroidX: 0.6118
CentroidY: 0.8559
