Location: 2025-04-19_214715-1.png_Gaussian-Median.png
Component: component_1745098530968_167.png
centerX: 0.6166077738515902
centerY: 0.2593068035943517
width: 0.032391048292108364
height: 0.02738553701326487
Area: 0.00035885052917852963
CentroidX: 0.6335
CentroidY: 0.2742
