Location: 2025-04-19_214715-1.png_Mean-Medain.png
Component: component_1745098531271_146.png
centerX: 0.8957597173144877
centerY: 0.17201540436456997
width: 0.03180212014134275
height: 0.029525032092426188
Area: 0.0003709466144317385
CentroidX: 0.9120
CentroidY: 0.1878
