Location: 2025-04-19_214715-1.png_Gaussian-Closing.png
Component: component_1745098531832_395.png
centerX: 0.444640753828033
centerY: 0.6444159178433889
width: 0.026501766784452298
height: 0.02610183996576808
Area: 0.00032987032492605005
CentroidX: 0.4573
CentroidY: 0.6580
