Location: 2025-04-19_214715-1.png_Otsu.png
Component: component_1745098531611_283.png
centerX: 0.41401648998822144
centerY: 0.4758237056054771
width: 0.030624263839811542
height: 0.026529738981600343
Area: 0.00033264234446324375
CentroidX: 0.4301
CentroidY: 0.4903
