Location: 2025-04-19_214715-1.png_Otsu.png
Component: component_1745098531693_506.png
centerX: 0.5588928150765606
centerY: 0.8403936670945656
width: 0.025323910482921083
height: 0.025673940949935817
Area: 0.00029736209580805123
CentroidX: 0.5704
CentroidY: 0.8540
