Location: 2025-04-19_214715-1.png_Mean-Medain.png
Component: component_1745098531368_401.png
centerX: 0.48645465253239106
centerY: 0.6020539152759948
width: 0.027090694935217905
height: 0.029097133076593923
Area: 0.0003313823355827012
CentroidX: 0.4998
CentroidY: 0.6182
