Location: 2025-04-19_214715-1.png_Gaussian-Closing.png
Component: component_1745098531747_66.png
centerX: 0.12367491166077739
centerY: 0.09713307659392384
width: 0.030624263839811542
height: 0.03080872913992298
Area: 0.0003641425664768085
CentroidX: 0.1407
CentroidY: 0.1146
