Location: 2025-04-19_214715-1.png_Otsu.png
Component: component_1745098531615_294.png
centerX: 0.1330977620730271
centerY: 0.48267008985879334
width: 0.02944640753828033
height: 0.026529738981600343
Area: 0.0003344063568960034
CentroidX: 0.1468
CentroidY: 0.4979
