Location: 2025-04-19_214715-1.png_Otsu.png
Component: component_1745098531541_93.png
centerX: 0.7950530035335689
centerY: 0.14120667522464697
width: 0.030624263839811542
height: 0.02781343602909713
Area: 0.00034045439952260783
CentroidX: 0.8113
CentroidY: 0.1562
