Location: 2025-04-19_214715-1.png_Gaussian-Closing.png
Component: component_1745098531801_253.png
centerX: 0.4122497055359246
centerY: 0.392811296534018
width: 0.02767962308598351
height: 0.026529738981600343
Area: 0.00032483028940387973
CentroidX: 0.4258
CentroidY: 0.4073
