Location: 2025-04-19_214715-1.png_Gaussian-Median.png
Component: component_1745098530906_35.png
centerX: 0.5700824499411072
centerY: 0.05648267008985879
width: 0.030035335689045935
height: 0.03209242618741977
Area: 0.00037749866061056
CentroidX: 0.5862
CentroidY: 0.0747
