Location: 2025-04-19_214715-1.png_Gaussian-Median.png
Component: component_1745098531042_371.png
centerX: 0.25206124852767964
centerY: 0.6037655113393239
width: 0.02767962308598351
height: 0.026957637997432605
Area: 0.0003265943018366393
CentroidX: 0.2658
CentroidY: 0.6188
