Location: 2025-04-19_214715-1.png_Otsu.png
Component: component_1745098531539_87.png
centerX: 0.160188457008245
centerY: 0.14120667522464697
width: 0.03297997644287397
height: 0.032520325203252036
Area: 0.00038858673875933475
CentroidX: 0.1778
CentroidY: 0.1588
