Location: 2025-04-19_214715-1.png_Otsu.png
Component: component_1745098531660_425.png
centerX: 0.8851590106007067
centerY: 0.7231493367565255
width: 0.030035335689045935
height: 0.028241335044929396
Area: 0.00033617036932876305
CentroidX: 0.9002
CentroidY: 0.7388
