Location: 2025-04-19_214715-1.png_Otsu.png
Component: component_1745098531687_482.png
centerX: 0.1625441696113074
centerY: 0.8040222507488233
width: 0.027090694935217905
height: 0.02781343602909713
Area: 0.0003286103160455075
CentroidX: 0.1757
CentroidY: 0.8181
