Location: 2025-04-19_214715-1.png_Mean-Medain.png
Component: component_1745098531438_570.png
centerX: 0.6130742049469965
centerY: 0.8853230637569534
width: 0.02767962308598351
height: 0.022250748823277707
Area: 0.0002996301117930279
CentroidX: 0.6257
CentroidY: 0.8969
