Location: 2025-04-19_214715-1.png_Mean-Medain.png
Component: component_1745098531394_476.png
centerX: 0.37750294464075385
centerY: 0.725716730851519
width: 0.03121319199057715
height: 0.02866923406076166
Area: 0.00034322641905980153
CentroidX: 0.3929
CentroidY: 0.7422
