Location: 2025-04-19_214715-1.png_Gaussian-Closing.png
Component: component_1745098531755_76.png
centerX: 0.23792697290930506
centerY: 0.10012836970474968
width: 0.03121319199057715
height: 0.031664527171587506
Area: 0.00039488678316204775
CentroidX: 0.2536
CentroidY: 0.1181
