Location: 2025-04-19_214715-1.png_Otsu.png
Component: component_1745098531555_133.png
centerX: 0.6719670200235571
centerY: 0.21951219512195122
width: 0.026501766784452298
height: 0.028241335044929396
Area: 0.00031953825210560084
CentroidX: 0.6850
CentroidY: 0.2348
