Location: 2025-04-19_214715-1.png_Mean-Medain.png
Component: component_1745098531413_527.png
centerX: 0.1625441696113074
centerY: 0.803594351732991
width: 0.02767962308598351
height: 0.028241335044929396
Area: 0.00035708651674577004
CentroidX: 0.1756
CentroidY: 0.8180
