Location: 2025-04-19_214715-1.png_Gaussian-Closing.png
Component: component_1745098531813_311.png
centerX: 0.8044758539458187
centerY: 0.5087719298245614
width: 0.028268551236749116
height: 0.02866923406076166
Area: 0.0003452424332686697
CentroidX: 0.8185
CentroidY: 0.5246
