Location: 2025-04-19_214715-1.png_Mean-Medain.png
Component: component_1745098531145_55.png
centerX: 0.7544169611307421
centerY: 0.014548566538296961
width: 0.028857479387514724
height: 0.03209242618741977
Area: 0.00038405070678938145
CentroidX: 0.7688
CentroidY: 0.0331
