Location: 2025-04-19_214715-1.png_Gaussian-Median.png
Component: component_1745098531011_242.png
centerX: 0.4911660777385159
centerY: 0.39067180145485664
width: 0.028857479387514724
height: 0.029097133076593923
Area: 0.00035456649898468485
CentroidX: 0.5063
CentroidY: 0.4066
