Location: 2025-04-19_214715-1.png_Gaussian-Median.png
Component: component_1745098531020_272.png
centerX: 0.05123674911660778
centerY: 0.4381685922122379
width: 0.030624263839811542
height: 0.029097133076593923
Area: 0.0003525504847758167
CentroidX: 0.0677
CentroidY: 0.4548
