Location: 2025-04-19_214715-1.png_Gaussian-Closing.png
Component: component_1745098531790_217.png
centerX: 0.7873969375736161
centerY: 0.3423192126658109
width: 0.03121319199057715
height: 0.02738553701326487
Area: 0.00035885052917852963
CentroidX: 0.8037
CentroidY: 0.3571
