Location: 2025-04-19_214715-1.png_Otsu.png
Component: component_1745098531522_41.png
centerX: 0.6519434628975265
centerY: 0.059050064184852376
width: 0.03180212014134275
height: 0.02995293110825845
Area: 0.0003500304670147315
CentroidX: 0.6691
CentroidY: 0.0759
