Location: 2025-04-19_214715-1.png_Gaussian-Median.png
Component: component_1745098530971_179.png
centerX: 0.11955241460541814
centerY: 0.267864783910997
width: 0.03121319199057715
height: 0.02866923406076166
Area: 0.0003606145416112893
CentroidX: 0.1358
CentroidY: 0.2838
