Location: 2025-04-19_214715-1.png_Gaussian-Median.png
Component: component_1745098531064_452.png
centerX: 0.1607773851590106
centerY: 0.7291399229781772
width: 0.030035335689045935
height: 0.024818142918271287
Area: 0.0003452424332686697
CentroidX: 0.1753
CentroidY: 0.7421
