Location: easy21_Mean-Medain.png
Component: component_1744297380827_316.png
centerX: 0.9153225806451613
centerY: 0.3117816091954023
width: 0.020967741935483872
height: 0.014367816091954023
Area: 0.00010737238907428007
CentroidX: 0.9268
CentroidY: 0.3193
