Location: 2025-04-19_214715-1.png_Gaussian-Closing.png
Component: component_1745098531751_68.png
centerX: 0.04770318021201413
centerY: 0.09798887462558836
width: 0.027090694935217905
height: 0.029525032092426188
Area: 0.0003606145416112893
CentroidX: 0.0615
CentroidY: 0.1143
