Location: 2025-04-19_214715-1.png_Gaussian-Closing.png
Component: component_1745098531767_116.png
centerX: 0.9369846878680801
centerY: 0.17244330338040223
width: 0.03180212014134275
height: 0.029097133076593923
Area: 0.00039211476362485404
CentroidX: 0.9522
CentroidY: 0.1887
