Location: 2025-04-19_214715-1.png_Gaussian-Median.png
Component: component_1745098531039_352.png
centerX: 0.09187279151943463
centerY: 0.5631151048352588
width: 0.026501766784452298
height: 0.02866923406076166
Area: 0.00033339834979156935
CentroidX: 0.1044
CentroidY: 0.5785
