Location: 2025-04-19_214715-1.png_Otsu.png
Component: component_1745098531626_326.png
centerX: 0.7396937573616019
centerY: 0.5571245186136072
width: 0.024734982332155476
height: 0.026529738981600343
Area: 0.00030567815441963234
CentroidX: 0.7506
CentroidY: 0.5716
