Location: 2025-04-19_214715-1.png_Gaussian-Closing.png
Component: component_1745098531808_286.png
centerX: 0.8810365135453475
centerY: 0.46812152332049634
width: 0.030035335689045935
height: 0.026529738981600343
Area: 0.00034927446168640596
CentroidX: 0.8964
CentroidY: 0.4827
