Location: 2025-04-19_214715-1.png_Gaussian-Closing.png
Component: component_1745098531809_290.png
centerX: 0.7302709069493521
centerY: 0.4719726144629867
width: 0.027090694935217905
height: 0.02781343602909713
Area: 0.0003422184119553675
CentroidX: 0.7443
CentroidY: 0.4872
