Location: 2025-04-19_214715-1.png_Gaussian-Closing.png
Component: component_1745098531756_82.png
centerX: 0.39399293286219084
centerY: 0.10183996576807873
width: 0.030035335689045935
height: 0.030380830124090714
Area: 0.00041303091104186103
CentroidX: 0.4079
CentroidY: 0.1180
