Location: 2025-04-19_214715-1.png_Mean-Medain.png
Component: component_1745098531293_197.png
centerX: 0.958186101295642
centerY: 0.251604621309371
width: 0.02944640753828033
height: 0.026957637997432605
Area: 0.00036036253983518077
CentroidX: 0.9731
CentroidY: 0.2663
