Location: 2025-04-19_214715-1.png_Gaussian-Median.png
Component: component_1745098531086_547.png
centerX: 0.11896348645465253
centerY: 0.8904578519469405
width: 0.026501766784452298
height: 0.023106546854942234
Area: 0.0002971100940319427
CentroidX: 0.1315
CentroidY: 0.9026
