Location: 2025-04-19_214715-1.png_Gaussian-Median.png
Component: component_1745098531084_537.png
centerX: 0.6130742049469965
centerY: 0.8853230637569534
width: 0.02767962308598351
height: 0.022250748823277707
Area: 0.00029307806561420645
CentroidX: 0.6257
CentroidY: 0.8968
