Location: 2025-04-19_214715-1.png_Mean-Medain.png
Component: component_1745098531445_579.png
centerX: 0.04240282685512368
centerY: 0.8900299529311082
width: 0.028268551236749116
height: 0.030380830124090714
Area: 0.00033264234446324375
CentroidX: 0.0579
CentroidY: 0.9084
