Location: 2025-04-19_214715-1.png_Gaussian-Closing.png
Component: component_1745098531842_437.png
centerX: 0.9199057714958775
centerY: 0.7227214377406932
width: 0.027090694935217905
height: 0.029097133076593923
Area: 0.0003449904314925612
CentroidX: 0.9324
CentroidY: 0.7388
