Location: 2025-04-19_214715-1.png_Otsu.png
Component: component_1745098531705_521.png
centerX: 0.574793875147232
centerY: 0.8848951647411211
width: 0.026501766784452298
height: 0.0235344458707745
Area: 0.00025300978321295207
CentroidX: 0.5872
CentroidY: 0.8973
