Location: 2025-04-19_214715-1.png_Gaussian-Median.png
Component: component_1745098531073_491.png
centerX: 0.5229681978798587
centerY: 0.8031664527171587
width: 0.028268551236749116
height: 0.028241335044929396
Area: 0.00033591836755265454
CentroidX: 0.5369
CentroidY: 0.8184
