Location: 2025-04-19_214715-1.png_Otsu.png
Component: component_1745098531491_7.png
centerX: 0.6796230859835101
centerY: 0.014548566538296961
width: 0.030624263839811542
height: 0.0329482242190843
Area: 0.00035204648122359966
CentroidX: 0.6953
CentroidY: 0.0336
