Location: 2025-04-19_214715-1.png_Otsu.png
Component: component_1745098531557_142.png
centerX: 0.4723203769140165
centerY: 0.22250748823277705
width: 0.028268551236749116
height: 0.03080872913992298
Area: 0.0003263423000605308
CentroidX: 0.4867
CentroidY: 0.2400
