Location: 2025-04-19_214715-1.png_Otsu.png
Component: component_1745098531591_215.png
centerX: 0.2826855123674912
centerY: 0.35216089002995293
width: 0.030035335689045935
height: 0.026957637997432605
Area: 0.0003369263746570886
CentroidX: 0.2975
CentroidY: 0.3670
