Location: 2025-04-19_214715-1.png_Gaussian-Closing.png
Component: component_1745098531792_227.png
centerX: 0.36101295641931685
centerY: 0.3500213949507916
width: 0.030624263839811542
height: 0.029525032092426188
Area: 0.0003641425664768085
CentroidX: 0.3769
CentroidY: 0.3661
