Location: 2025-04-19_214715-1.png_Gaussian-Median.png
Component: component_1745098531019_271.png
centerX: 0.41578327444051827
centerY: 0.4368848951647411
width: 0.028857479387514724
height: 0.028241335044929396
Area: 0.0003477624510297549
CentroidX: 0.4299
CentroidY: 0.4522
