Location: 2025-04-19_214715-1.png_Otsu.png
Component: component_1745098531626_327.png
centerX: 0.6631330977620731
centerY: 0.5579803166452717
width: 0.028857479387514724
height: 0.029097133076593923
Area: 0.00032835831426939897
CentroidX: 0.6781
CentroidY: 0.5741
