Location: 2025-04-19_214715-1.png_Otsu.png
Component: component_1745098531542_99.png
centerX: 0.44405182567726736
centerY: 0.14291827128797605
width: 0.03121319199057715
height: 0.030380830124090714
Area: 0.00034877045813418893
CentroidX: 0.4610
CentroidY: 0.1603
