Location: 2025-04-19_214715-1.png_Gaussian-Median.png
Component: component_1745098530977_209.png
centerX: 0.856301531213192
centerY: 0.3380402225074882
width: 0.028268551236749116
height: 0.029097133076593923
Area: 0.0003480144528058634
CentroidX: 0.8713
CentroidY: 0.3543
