Location: 2025-04-19_214715-1.png_Otsu.png
Component: component_1745098531591_213.png
centerX: 0.4028268551236749
centerY: 0.3478818998716303
width: 0.030035335689045935
height: 0.028241335044929396
Area: 0.0003318863391349182
CentroidX: 0.4182
CentroidY: 0.3630
