Location: 2025-04-19_214715-1.png_Otsu.png
Component: component_1745098531690_496.png
centerX: 0.9063604240282686
centerY: 0.8373983739837398
width: 0.024734982332155476
height: 0.02610183996576808
Area: 0.00029585008515140015
CentroidX: 0.9171
CentroidY: 0.8516
