Location: 2025-04-19_214715-1.png_Otsu.png
Component: component_1745098531589_205.png
centerX: 0.6778563015312132
centerY: 0.34360290971330765
width: 0.02944640753828033
height: 0.026529738981600343
Area: 0.0003339023533437864
CentroidX: 0.6926
CentroidY: 0.3581
