Location: 2025-04-19_214715-1.png_Otsu.png
Component: component_1745098531588_199.png
centerX: 0.9305064782096584
centerY: 0.33675652545999146
width: 0.03121319199057715
height: 0.029097133076593923
Area: 0.0003691826019989789
CentroidX: 0.9458
CentroidY: 0.3520
