Location: 2025-04-19_214715-1.png_Otsu.png
Component: component_1745098531541_96.png
centerX: 0.48468786808009423
centerY: 0.14206247325631152
width: 0.02944640753828033
height: 0.02738553701326487
Area: 0.00032533429295609676
CentroidX: 0.5000
CentroidY: 0.1573
