Location: 2025-04-19_214715-1.png_Mean-Medain.png
Component: component_1745098531294_201.png
centerX: 0.6978798586572438
centerY: 0.25673940949935814
width: 0.03415783274440518
height: 0.02866923406076166
Area: 0.00038833473698322624
CentroidX: 0.7168
CentroidY: 0.2728
