Location: 2025-04-19_214715-1.png_Otsu.png
Component: component_1745098531556_139.png
centerX: 0.32037691401649
centerY: 0.22293538724860934
width: 0.02944640753828033
height: 0.02995293110825845
Area: 0.00032004225565781787
CentroidX: 0.3358
CentroidY: 0.2399
