Location: 2025-04-19_214715-1.png_Gaussian-Median.png
Component: component_1745098530916_78.png
centerX: 0.4723203769140165
centerY: 0.10183996576807873
width: 0.028857479387514724
height: 0.0329482242190843
Area: 0.00039438277960983066
CentroidX: 0.4864
CentroidY: 0.1196
