Location: 2025-04-19_214715-1.png_Gaussian-Closing.png
Component: component_1745098531824_363.png
centerX: 0.9558303886925795
centerY: 0.59734702610184
width: 0.024734982332155476
height: 0.02866923406076166
Area: 0.00032508229117998825
CentroidX: 0.9687
CentroidY: 0.6130
