Location: 2025-04-19_214715-1.png_Gaussian-Median.png
Component: component_1745098531026_300.png
centerX: 0.17314487632508835
centerY: 0.4809584937954643
width: 0.02944640753828033
height: 0.02781343602909713
Area: 0.0003507864723430571
CentroidX: 0.1880
CentroidY: 0.4959
