Location: 2025-04-19_214715-1.png_Mean-Medain.png
Component: component_1745098531321_272.png
centerX: 0.8462897526501767
centerY: 0.38596491228070173
width: 0.02944640753828033
height: 0.029097133076593923
Area: 0.000342974417283693
CentroidX: 0.8623
CentroidY: 0.4020
