Location: 2025-04-19_214715-1.png_Gaussian-Median.png
Component: component_1745098531023_287.png
centerX: 0.6955241460541813
centerY: 0.47282841249465124
width: 0.026501766784452298
height: 0.028241335044929396
Area: 0.00033793438176152264
CentroidX: 0.7083
CentroidY: 0.4883
