Location: 2025-04-19_214715-1.png_Otsu.png
Component: component_1745098531541_97.png
centerX: 0.043580683156654886
centerY: 0.1433461703038083
width: 0.030035335689045935
height: 0.02866923406076166
Area: 0.0003344063568960034
CentroidX: 0.0600
CentroidY: 0.1596
