Location: 2025-04-19_214715-1.png_Gaussian-Median.png
Component: component_1745098531074_495.png
centerX: 0.24676089517078917
centerY: 0.8044501497646556
width: 0.023557126030624265
height: 0.026529738981600343
Area: 0.00030341013843465566
CentroidX: 0.2585
CentroidY: 0.8184
