Location: 2025-04-19_214715-1.png_Gaussian-Closing.png
Component: component_1745098531787_201.png
centerX: 0.46937573616018846
centerY: 0.30594779632006847
width: 0.03121319199057715
height: 0.02995293110825845
Area: 0.0003830426996849474
CentroidX: 0.4849
CentroidY: 0.3221
