Location: 2025-04-19_214715-1.png_Otsu.png
Component: component_1745098531687_481.png
centerX: 0.8945818610129564
centerY: 0.8027385537013265
width: 0.02591283863368669
height: 0.02396234488660676
Area: 0.0002829979945698657
CentroidX: 0.9066
CentroidY: 0.8157
