Location: 2025-04-19_214715-1.png_Gaussian-Closing.png
Component: component_1745098531824_362.png
centerX: 0.8168433451118964
centerY: 0.59734702610184
width: 0.027090694935217905
height: 0.02738553701326487
Area: 0.0003507864723430571
CentroidX: 0.8292
CentroidY: 0.6117
