Location: 2025-04-19_214715-1.png_Gaussian-Closing.png
Component: component_1745098531861_518.png
centerX: 0.4016489988221437
centerY: 0.8403936670945656
width: 0.030624263839811542
height: 0.02781343602909713
Area: 0.0003449904314925612
CentroidX: 0.4165
CentroidY: 0.8559
