Location: 2025-04-19_214715-1.png_Otsu.png
Component: component_1745098531640_382.png
centerX: 0.444640753828033
centerY: 0.6444159178433889
width: 0.026501766784452298
height: 0.02610183996576808
Area: 0.0003046701473151983
CentroidX: 0.4574
CentroidY: 0.6581
