Location: 2025-04-19_214715-1.png_Gaussian-Closing.png
Component: component_1745098531842_440.png
centerX: 0.9558303886925795
centerY: 0.7235772357723578
width: 0.025323910482921083
height: 0.030380830124090714
Area: 0.0003369263746570886
CentroidX: 0.9670
CentroidY: 0.7400
