Location: 2025-04-19_214715-1.png_Otsu.png
Component: component_1745098531554_130.png
centerX: 0.7461719670200235
centerY: 0.21651690201112536
width: 0.026501766784452298
height: 0.026529738981600343
Area: 0.0003129862059267794
CentroidX: 0.7584
CentroidY: 0.2310
