Location: 2025-04-19_214715-1.png_Gaussian-Closing.png
Component: component_1745098531815_314.png
centerX: 0.767962308598351
centerY: 0.5096277278562259
width: 0.02767962308598351
height: 0.026957637997432605
Area: 0.00035910253095463814
CentroidX: 0.7810
CentroidY: 0.5236
