Location: 2025-04-19_214715-1.png_Otsu.png
Component: component_1745098531509_30.png
centerX: 0.4216725559481743
centerY: 0.058622165169020114
width: 0.02767962308598351
height: 0.03209242618741977
Area: 0.0003452424332686697
CentroidX: 0.4341
CentroidY: 0.0764
