Location: 2025-04-19_214715-1.png_Gaussian-Median.png
Component: component_1745098531020_274.png
centerX: 0.25618374558303886
centerY: 0.43859649122807015
width: 0.02767962308598351
height: 0.029525032092426188
Area: 0.0003500304670147315
CentroidX: 0.2700
CentroidY: 0.4547
