Location: 2025-04-19_214715-1.png_Gaussian-Median.png
Component: component_1745098531080_526.png
centerX: 0.24028268551236748
centerY: 0.8438168592212237
width: 0.02591283863368669
height: 0.03080872913992298
Area: 0.0003608665433873978
CentroidX: 0.2522
CentroidY: 0.8603
