Location: 2025-04-19_214715-1.png_Gaussian-Closing.png
Component: component_1745098531807_283.png
centerX: 0.17550058892815076
centerY: 0.43988018827556696
width: 0.025323910482921083
height: 0.028241335044929396
Area: 0.00032533429295609676
CentroidX: 0.1881
CentroidY: 0.4549
