Location: 2025-04-19_214715-1.png_Otsu.png
Component: component_1745098531529_60.png
centerX: 0.833922261484099
centerY: 0.09927257167308515
width: 0.03180212014134275
height: 0.032520325203252036
Area: 0.0003737186339689322
CentroidX: 0.8504
CentroidY: 0.1171
