Location: 2025-04-19_214715-1.png_Gaussian-Median.png
Component: component_1745098531013_250.png
centerX: 0.254416961130742
centerY: 0.394522892597347
width: 0.025323910482921083
height: 0.025246041934103552
Area: 0.0003230662769711201
CentroidX: 0.2663
CentroidY: 0.4080
