Location: 2025-04-19_214715-1.png_Gaussian-Closing.png
Component: component_1745098531800_244.png
centerX: 0.6525323910482921
centerY: 0.38810440735986307
width: 0.02944640753828033
height: 0.030380830124090714
Area: 0.0003795146748194281
CentroidX: 0.6671
CentroidY: 0.4040
