Location: 2025-04-19_214715-1.png_Gaussian-Closing.png
Component: component_1745098531742_44.png
centerX: 0.4216725559481743
centerY: 0.058622165169020114
width: 0.02767962308598351
height: 0.03209242618741977
Area: 0.00037069461265563
CentroidX: 0.4340
CentroidY: 0.0764
