Location: 2025-04-19_214715-1.png_Otsu.png
Component: component_1745098531631_347.png
centerX: 0.9216725559481743
centerY: 0.5969191270860077
width: 0.028857479387514724
height: 0.02610183996576808
Area: 0.00032483028940387973
CentroidX: 0.9357
CentroidY: 0.6113
