Location: 2025-04-19_214715-1.png_Mean-Medain.png
Component: component_1745098531395_479.png
centerX: 0.4988221436984688
centerY: 0.7261446298673513
width: 0.026501766784452298
height: 0.028241335044929396
Area: 0.0003205462592100349
CentroidX: 0.5114
CentroidY: 0.7411
