Location: 2025-04-19_214715-1.png_Gaussian-Median.png
Component: component_1745098530918_80.png
centerX: 0.6248527679623086
centerY: 0.10226786478391099
width: 0.028857479387514724
height: 0.031664527171587506
Area: 0.0004044628506541714
CentroidX: 0.6389
CentroidY: 0.1199
