Location: 2025-04-19_214715-1.png_Gaussian-Closing.png
Component: component_1745098531801_251.png
centerX: 0.3303886925795053
centerY: 0.392811296534018
width: 0.028857479387514724
height: 0.028241335044929396
Area: 0.0003500304670147315
CentroidX: 0.3448
CentroidY: 0.4085
