Location: 2025-04-19_214715-1.png_Gaussian-Closing.png
Component: component_1745098531779_175.png
centerX: 0.46466431095406363
centerY: 0.26230209670517757
width: 0.030624263839811542
height: 0.028241335044929396
Area: 0.00035910253095463814
CentroidX: 0.4809
CentroidY: 0.2781
