Location: 2025-04-19_214715-1.png_Gaussian-Median.png
Component: component_1745098531042_367.png
centerX: 0.5217903415783275
centerY: 0.6020539152759948
width: 0.034746760895170786
height: 0.02866923406076166
Area: 0.00036263055582015744
CentroidX: 0.5401
CentroidY: 0.6184
