Location: 2025-04-19_214715-1.png_Mean-Medain.png
Component: component_1745098531368_398.png
centerX: 0.6542991755005889
centerY: 0.6007702182284981
width: 0.02944640753828033
height: 0.026529738981600343
Area: 0.000342470413731476
CentroidX: 0.6698
CentroidY: 0.6145
