Location: 2025-04-19_214715-1.png_Mean-Medain.png
Component: component_1745098531337_310.png
centerX: 0.336866902237927
centerY: 0.4381685922122379
width: 0.030624263839811542
height: 0.028241335044929396
Area: 0.0003525504847758167
CentroidX: 0.3527
CentroidY: 0.4541
