Location: 2025-04-19_214715-1.png_Mean-Medain.png
Component: component_1745098531429_552.png
centerX: 0.47820965842167257
centerY: 0.8416773641420625
width: 0.02767962308598351
height: 0.029097133076593923
Area: 0.0003369263746570886
CentroidX: 0.4921
CentroidY: 0.8577
