Location: 2025-04-19_214715-1.png_Gaussian-Closing.png
Component: component_1745098531741_38.png
centerX: 0.1690223792697291
centerY: 0.017115960633290545
width: 0.03415783274440518
height: 0.029525032092426188
Area: 0.00038682272632657516
CentroidX: 0.1877
CentroidY: 0.0341
