Location: 2025-04-19_214715-1.png_Otsu.png
Component: component_1745098531674_437.png
centerX: 0.2497055359246172
centerY: 0.7278562259306803
width: 0.030624263839811542
height: 0.02738553701326487
Area: 0.0003243262858516627
CentroidX: 0.2643
CentroidY: 0.7428
