Location: 2025-04-19_214715-1.png_Mean-Medain.png
Component: component_1745098531391_471.png
centerX: 0.8845700824499411
centerY: 0.7231493367565255
width: 0.030624263839811542
height: 0.02866923406076166
Area: 0.0003578425220740956
CentroidX: 0.9001
CentroidY: 0.7388
