Location: 2025-04-19_214715-1.png_Otsu.png
Component: component_1745098531608_269.png
centerX: 0.09246171967020024
centerY: 0.44030808729139925
width: 0.026501766784452298
height: 0.02995293110825845
Area: 0.0003213022645383605
CentroidX: 0.1061
CentroidY: 0.4565
