Location: 2025-04-19_214715-1.png_Mean-Medain.png
Component: component_1745098531366_395.png
centerX: 0.7408716136631331
centerY: 0.5982028241335045
width: 0.028268551236749116
height: 0.029525032092426188
Area: 0.00035028246879084
CentroidX: 0.7542
CentroidY: 0.6145
