Location: 2025-04-19_214715-1.png_Otsu.png
Component: component_1745098531551_117.png
centerX: 0.4375736160188457
centerY: 0.18142918271287975
width: 0.030624263839811542
height: 0.02995293110825845
Area: 0.0003341543551198949
CentroidX: 0.4528
CentroidY: 0.1982
