Location: 2025-04-19_214715-1.png_Gaussian-Median.png
Component: component_1745098531074_493.png
centerX: 0.1625441696113074
centerY: 0.803594351732991
width: 0.02767962308598351
height: 0.028241335044929396
Area: 0.00035431449720857634
CentroidX: 0.1757
CentroidY: 0.8182
