Location: 2025-04-19_214715-1.png_Mean-Medain.png
Component: component_1745098531389_461.png
centerX: 0.20789163722025913
centerY: 0.6876337184424476
width: 0.034746760895170786
height: 0.029097133076593923
Area: 0.00038934274408766034
CentroidX: 0.2253
CentroidY: 0.7032
