Location: 2025-04-19_214715-1.png_Mean-Medain.png
Component: component_1745098531174_69.png
centerX: 0.1690223792697291
centerY: 0.017115960633290545
width: 0.034746760895170786
height: 0.029525032092426188
Area: 0.0003956427884903733
CentroidX: 0.1877
CentroidY: 0.0340
