Location: 2025-04-19_214715-1.png_Gaussian-Closing.png
Component: component_1745098531839_425.png
centerX: 0.37750294464075385
centerY: 0.6854942233632862
width: 0.026501766784452298
height: 0.024818142918271287
Area: 0.00031374221125510493
CentroidX: 0.3910
CentroidY: 0.6985
