Location: 2025-04-19_214715-1.png_Otsu.png
Component: component_1745098531689_488.png
centerX: 0.3286219081272085
centerY: 0.8057338468121523
width: 0.027090694935217905
height: 0.026529738981600343
Area: 0.00030945818106126015
CentroidX: 0.3413
CentroidY: 0.8200
