Location: 2025-04-19_214715-1.png_Otsu.png
Component: component_1745098531626_328.png
centerX: 0.6260306242638398
centerY: 0.5592640136927685
width: 0.028268551236749116
height: 0.02738553701326487
Area: 0.0003233182787472286
CentroidX: 0.6398
CentroidY: 0.5747
