Location: 2025-04-19_214715-1.png_Otsu.png
Component: component_1745098531645_407.png
centerX: 0.532979976442874
centerY: 0.6837826272999572
width: 0.030035335689045935
height: 0.026957637997432605
Area: 0.00031374221125510493
CentroidX: 0.5476
CentroidY: 0.6983
