Location: easy21_Mean-Medain.png
Component: component_1744297380747_14.png
centerX: 0.34758064516129034
centerY: 0.03735632183908046
width: 0.020161290322580645
height: 0.015804597701149427
Area: 0.00010351007292052898
CentroidX: 0.3584
CentroidY: 0.0458
