Location: 2025-04-19_214715-1.png_Gaussian-Median.png
Component: component_1745098531012_245.png
centerX: 0.3303886925795053
centerY: 0.3923833975181857
width: 0.028857479387514724
height: 0.02866923406076166
Area: 0.00035028246879084
CentroidX: 0.3448
CentroidY: 0.4085
