Location: 2025-04-19_214715-1.png_Gaussian-Median.png
Component: component_1745098531058_424.png
centerX: 0.045936395759717315
centerY: 0.6876337184424476
width: 0.024734982332155476
height: 0.02781343602909713
Area: 0.00030139412422578756
CentroidX: 0.0578
CentroidY: 0.7032
