Location: 2025-04-19_214715-1.png_Mean-Medain.png
Component: component_1745098531348_340.png
centerX: 0.8739693757361602
centerY: 0.5044929396662388
width: 0.032391048292108364
height: 0.029097133076593923
Area: 0.00038657072455046664
CentroidX: 0.8902
CentroidY: 0.5206
