Location: 2025-04-19_214715-1.png_Otsu.png
Component: component_1745098531553_124.png
centerX: 0.0447585394581861
centerY: 0.1878476679503637
width: 0.027090694935217905
height: 0.03080872913992298
Area: 0.00034322641905980153
CentroidX: 0.0589
CentroidY: 0.2047
