Location: 2025-04-19_214715-1.png_Mean-Medain.png
Component: component_1745098531406_501.png
centerX: 0.5306242638398115
centerY: 0.7672229353872486
width: 0.03121319199057715
height: 0.02738553701326487
Area: 0.0003538104936563593
CentroidX: 0.5462
CentroidY: 0.7818
