Location: 2025-04-19_214715-1.png_Gaussian-Closing.png
Component: component_1745098531807_281.png
centerX: 0.25618374558303886
centerY: 0.43902439024390244
width: 0.02767962308598351
height: 0.029097133076593923
Area: 0.00035028246879084
CentroidX: 0.2700
CentroidY: 0.4547
