Location: 2025-04-19_214715-1.png_Otsu.png
Component: component_1745098531685_471.png
centerX: 0.7508833922261484
centerY: 0.8001711596063329
width: 0.02767962308598351
height: 0.025673940949935817
Area: 0.0003127342041506709
CentroidX: 0.7643
CentroidY: 0.8141
