Location: 2025-04-19_214715-1.png_Gaussian-Closing.png
Component: component_1745098531808_289.png
centerX: 0.7691401648998822
centerY: 0.4711168164313222
width: 0.026501766784452298
height: 0.026957637997432605
Area: 0.0003316343373588097
CentroidX: 0.7823
CentroidY: 0.4857
