Location: 2025-04-19_214715-1.png_Mean-Medain.png
Component: component_1745098531134_46.png
centerX: 0.9517078916372202
centerY: 0.013264869490800172
width: 0.028857479387514724
height: 0.03123662815575524
Area: 0.0004069828684152566
CentroidX: 0.9652
CentroidY: 0.0297
