Location: 2025-04-19_214715-1.png_Gaussian-Closing.png
Component: component_1745098531781_180.png
centerX: 0.3480565371024735
centerY: 0.26486949080017114
width: 0.030035335689045935
height: 0.02738553701326487
Area: 0.0003495264634625145
CentroidX: 0.3634
CentroidY: 0.2797
