Location: 2025-04-19_214715-1.png_Mean-Medain.png
Component: component_1745098531435_562.png
centerX: 0.08362779740871613
centerY: 0.8480958493795464
width: 0.024734982332155476
height: 0.02866923406076166
Area: 0.0003265943018366393
CentroidX: 0.0947
CentroidY: 0.8636
