Location: 2025-04-19_214715-1.png_Otsu.png
Component: component_1745098531643_394.png
centerX: 0.8292108362779741
centerY: 0.6803594351732991
width: 0.024734982332155476
height: 0.029097133076593923
Area: 0.0002950940798230746
CentroidX: 0.8409
CentroidY: 0.6957
