Location: 2025-04-19_214715-1.png_Mean-Medain.png
Component: component_1745098531426_541.png
centerX: 0.9057714958775029
centerY: 0.8369704749679076
width: 0.025323910482921083
height: 0.026529738981600343
Area: 0.00032558629473220527
CentroidX: 0.9170
CentroidY: 0.8516
