Location: 2025-04-19_214715-1.png_Mean-Medain.png
Component: component_1745098531308_236.png
centerX: 0.2714958775029446
centerY: 0.3080872913992298
width: 0.030035335689045935
height: 0.02995293110825845
Area: 0.0003613705469396148
CentroidX: 0.2873
CentroidY: 0.3245
