Location: 2025-04-19_214715-1.png_Gaussian-Median.png
Component: component_1745098531048_396.png
centerX: 0.045936395759717315
centerY: 0.646127513906718
width: 0.027090694935217905
height: 0.02866923406076166
Area: 0.0003286103160455075
CentroidX: 0.0603
CentroidY: 0.6621
