Location: easy26_Mean-Closing.png
Component: component_1744297382163_957.png
centerX: 0.425
centerY: 0.7480842911877394
width: 0.020967741935483872
height: 0.014846743295019157
Area: 9.308181930540107e-05
CentroidX: 0.4359
CentroidY: 0.7560
