Location: 2025-04-19_214715-1.png_Gaussian-Median.png
Component: component_1745098531049_397.png
centerX: 0.08303886925795052
centerY: 0.6465554129225503
width: 0.02767962308598351
height: 0.028241335044929396
Area: 0.00032760230894107343
CentroidX: 0.0976
CentroidY: 0.6620
