Location: 2025-04-19_214715-1.png_Otsu.png
Component: component_1745098531687_480.png
centerX: 0.6336866902237926
centerY: 0.8031664527171587
width: 0.028268551236749116
height: 0.025246041934103552
Area: 0.0003092061792851516
CentroidX: 0.6474
CentroidY: 0.8170
