Location: 2025-04-19_214715-1.png_Gaussian-Closing.png
Component: component_1745098531739_25.png
centerX: 0.7550058892815077
centerY: 0.014548566538296961
width: 0.02767962308598351
height: 0.03209242618741977
Area: 0.0003764906535061259
CentroidX: 0.7688
CentroidY: 0.0331
