Location: 2025-04-19_214715-1.png_Gaussian-Median.png
Component: component_1745098531073_489.png
centerX: 0.9287396937573617
centerY: 0.8018827556696619
width: 0.022968197879858657
height: 0.025246041934103552
Area: 0.00028324999634597427
CentroidX: 0.9392
CentroidY: 0.8148
