Location: 2025-04-19_214715-1.png_Otsu.png
Component: component_1745098531553_125.png
centerX: 0.9334511189634864
centerY: 0.21052631578947367
width: 0.028857479387514724
height: 0.03123662815575524
Area: 0.0003558265078652274
CentroidX: 0.9477
CentroidY: 0.2275
