Location: 2025-04-19_214715-1.png_Mean-Medain.png
Component: component_1745098531204_79.png
centerX: 0.6878680800942285
centerY: 0.058622165169020114
width: 0.03180212014134275
height: 0.02866923406076166
Area: 0.00037019060910341295
CentroidX: 0.7048
CentroidY: 0.0747
