Location: 2025-04-19_214715-1.png_Mean-Medain.png
Component: component_1745098531388_459.png
centerX: 0.045936395759717315
centerY: 0.6876337184424476
width: 0.024734982332155476
height: 0.02781343602909713
Area: 0.00031147419527012825
CentroidX: 0.0578
CentroidY: 0.7033
