Location: 2025-04-19_214715-1.png_Mean-Medain.png
Component: component_1745098531291_189.png
centerX: 0.12779740871613662
centerY: 0.22635857937526743
width: 0.027090694935217905
height: 0.028241335044929396
Area: 0.00033843838531373967
CentroidX: 0.1411
CentroidY: 0.2418
