Location: 2025-04-19_214715-1.png_Mean-Medain.png
Component: component_1745098531389_463.png
centerX: 0.07891637220259129
centerY: 0.6893453145057766
width: 0.026501766784452298
height: 0.025673940949935817
Area: 0.000307946170404609
CentroidX: 0.0922
CentroidY: 0.7031
