Location: 2025-04-19_214715-1.png_Gaussian-Median.png
Component: component_1745098531041_363.png
centerX: 0.6101295641931684
centerY: 0.6011981172443304
width: 0.030035335689045935
height: 0.029097133076593923
Area: 0.00034373042261201856
CentroidX: 0.6257
CentroidY: 0.6175
