Location: 2025-04-19_214715-1.png_Mean-Medain.png
Component: component_1745098531286_176.png
centerX: 0.7067137809187279
centerY: 0.21822849807445444
width: 0.030035335689045935
height: 0.026957637997432605
Area: 0.0003507864723430571
CentroidX: 0.7217
CentroidY: 0.2331
