Location: 2025-04-19_214715-1.png_Gaussian-Median.png
Component: component_1745098530929_136.png
centerX: 0.8551236749116607
centerY: 0.2139495079161318
width: 0.028857479387514724
height: 0.02738553701326487
Area: 0.00037119861620784706
CentroidX: 0.8685
CentroidY: 0.2286
