Location: 2025-04-19_214715-1.png_Mean-Medain.png
Component: component_1745098531322_278.png
centerX: 0.4911660777385159
centerY: 0.39067180145485664
width: 0.02944640753828033
height: 0.029097133076593923
Area: 0.00035733851852187855
CentroidX: 0.5063
CentroidY: 0.4066
