Location: 2025-04-19_214715-1.png_Mean-Medain.png
Component: component_1745098531368_397.png
centerX: 0.6101295641931684
centerY: 0.6011981172443304
width: 0.030035335689045935
height: 0.029097133076593923
Area: 0.00034171440840315045
CentroidX: 0.6256
CentroidY: 0.6176
