Location: 2025-04-19_214715-1.png_Otsu.png
Component: component_1745098531590_211.png
centerX: 0.6342756183745583
centerY: 0.34488660676080446
width: 0.03121319199057715
height: 0.029097133076593923
Area: 0.00033087833203048416
CentroidX: 0.6518
CentroidY: 0.3611
