Location: 2025-04-19_214715-1.png_Mean-Medain.png
Component: component_1745098531350_344.png
centerX: 0.6560659599528857
centerY: 0.5091998288403937
width: 0.02944640753828033
height: 0.028241335044929396
Area: 0.00035204648122359966
CentroidX: 0.6706
CentroidY: 0.5249
