Location: 2025-04-19_214715-1.png_Gaussian-Median.png
Component: component_1745098530969_172.png
centerX: 0.42343934040047115
centerY: 0.26272999572100986
width: 0.03297997644287397
height: 0.029525032092426188
Area: 0.0003860667209982496
CentroidX: 0.4415
CentroidY: 0.2789
