Location: 2025-04-19_214715-1.png_Gaussian-Median.png
Component: component_1745098531085_546.png
centerX: 0.04240282685512368
centerY: 0.8900299529311082
width: 0.028268551236749116
height: 0.02995293110825845
Area: 0.0003157582254639731
CentroidX: 0.0580
CentroidY: 0.9082
