Location: 2025-04-19_214715-1.png_Gaussian-Closing.png
Component: component_1745098531826_372.png
centerX: 0.3280329799764429
centerY: 0.6024818142918271
width: 0.028857479387514724
height: 0.02781343602909713
Area: 0.0003374303782093056
CentroidX: 0.3424
CentroidY: 0.6178
