Location: 2025-04-19_214715-1.png_Otsu.png
Component: component_1745098531625_321.png
centerX: 0.958186101295642
centerY: 0.5541292255027813
width: 0.02944640753828033
height: 0.02995293110825845
Area: 0.000314750218359539
CentroidX: 0.9734
CentroidY: 0.5708
