Location: 2025-04-19_214715-1.png_Otsu.png
Component: component_1745098531577_175.png
centerX: 0.9369846878680801
centerY: 0.2943945228925973
width: 0.028857479387514724
height: 0.029097133076593923
Area: 0.0003669145860140022
CentroidX: 0.9503
CentroidY: 0.3097
