Location: 2025-04-19_214715-1.png_Otsu.png
Component: component_1745098531529_61.png
centerX: 0.08539458186101295
centerY: 0.10012836970474968
width: 0.028857479387514724
height: 0.02738553701326487
Area: 0.00031701823434451566
CentroidX: 0.1012
CentroidY: 0.1155
