Location: 2025-04-19_214715-1.png_Gaussian-Closing.png
Component: component_1745098531842_439.png
centerX: 0.8851590106007067
centerY: 0.7231493367565255
width: 0.030035335689045935
height: 0.02866923406076166
Area: 0.00035733851852187855
CentroidX: 0.9000
CentroidY: 0.7388
