Location: 2025-04-19_214715-1.png_Otsu.png
Component: component_1745098531686_478.png
centerX: 0.9575971731448764
centerY: 0.8023106546854942
width: 0.028268551236749116
height: 0.028241335044929396
Area: 0.0002950940798230746
CentroidX: 0.9733
CentroidY: 0.8181
