Location: 2025-04-19_214715-1.png_Mean-Medain.png
Component: component_1745098531427_546.png
centerX: 0.7420494699646644
centerY: 0.8391099700470689
width: 0.027090694935217905
height: 0.02738553701326487
Area: 0.0003341543551198949
CentroidX: 0.7557
CentroidY: 0.8540
