Location: 2025-04-19_214715-1.png_Gaussian-Median.png
Component: component_1745098530922_101.png
centerX: 0.7950530035335689
centerY: 0.14120667522464697
width: 0.03121319199057715
height: 0.02781343602909713
Area: 0.00036011053805907225
CentroidX: 0.8113
CentroidY: 0.1562
