Location: 2025-04-19_214715-1.png_Mean-Medain.png
Component: component_1745098531408_511.png
centerX: 0.3763250883392226
centerY: 0.771074026529739
width: 0.030035335689045935
height: 0.03080872913992298
Area: 0.00036741858956621925
CentroidX: 0.3917
CentroidY: 0.7878
