Location: 2025-04-19_214715-1.png_Otsu.png
Component: component_1745098531585_190.png
centerX: 0.5106007067137809
centerY: 0.30637569533590076
width: 0.030035335689045935
height: 0.02781343602909713
Area: 0.00034322641905980153
CentroidX: 0.5256
CentroidY: 0.3213
