Location: 2025-04-19_214715-1.png_Otsu.png
Component: component_1745098531592_221.png
centerX: 0.16431095406360424
centerY: 0.35344458707744975
width: 0.028268551236749116
height: 0.02738553701326487
Area: 0.0003230662769711201
CentroidX: 0.1792
CentroidY: 0.3683
