Location: 2025-04-19_214715-1.png_Gaussian-Closing.png
Component: component_1745098531765_111.png
centerX: 0.0800942285041225
centerY: 0.14291827128797605
width: 0.032391048292108364
height: 0.03123662815575524
Area: 0.00038833473698322624
CentroidX: 0.0976
CentroidY: 0.1597
