Location: 2025-04-19_214715-1.png_Gaussian-Median.png
Component: component_1745098530934_151.png
centerX: 0.24558303886925795
centerY: 0.2246469833119384
width: 0.028268551236749116
height: 0.02995293110825845
Area: 0.0003679225931184363
CentroidX: 0.2589
CentroidY: 0.2404
