Location: 2025-04-19_214715-1.png_Gaussian-Median.png
Component: component_1745098531084_536.png
centerX: 0.5371024734982333
centerY: 0.8853230637569534
width: 0.02767962308598351
height: 0.02396234488660676
Area: 0.00029307806561420645
CentroidX: 0.5500
CentroidY: 0.8977
