Location: 2025-04-19_214715-1.png_Mean-Medain.png
Component: component_1745098531357_364.png
centerX: 0.892226148409894
centerY: 0.5541292255027813
width: 0.030624263839811542
height: 0.026529738981600343
Area: 0.00036817459489454484
CentroidX: 0.9060
CentroidY: 0.5683
