Location: 2025-04-19_214715-1.png_Gaussian-Median.png
Component: component_1745098531016_259.png
centerX: 0.9534746760895171
centerY: 0.43089430894308944
width: 0.02591283863368669
height: 0.026957637997432605
Area: 0.00034070640129871634
CentroidX: 0.9654
CentroidY: 0.4452
