Location: 2025-04-19_214715-1.png_Otsu.png
Component: component_1745098531630_343.png
centerX: 0.04770318021201413
centerY: 0.5639709028669234
width: 0.030624263839811542
height: 0.030380830124090714
Area: 0.00033264234446324375
CentroidX: 0.0638
CentroidY: 0.5812
