Location: 2025-04-19_214715-1.png_Otsu.png
Component: component_1745098531690_493.png
centerX: 0.4081272084805654
centerY: 0.8070175438596491
width: 0.028857479387514724
height: 0.023106546854942234
Area: 0.0002895500407486872
CentroidX: 0.4229
CentroidY: 0.8194
