Location: 2025-04-19_214715-1.png_Gaussian-Median.png
Component: component_1745098531077_508.png
centerX: 0.803886925795053
centerY: 0.8378262729995721
width: 0.028857479387514724
height: 0.02866923406076166
Area: 0.0003538104936563593
CentroidX: 0.8183
CentroidY: 0.8527
