Location: 2025-04-19_214715-1.png_Mean-Medain.png
Component: component_1745098531258_135.png
centerX: 0.3674911660777385
centerY: 0.14163457424047926
width: 0.028857479387514724
height: 0.030380830124090714
Area: 0.00038430270856548997
CentroidX: 0.3812
CentroidY: 0.1584
