Location: 2025-04-19_214715-1.png_Gaussian-Median.png
Component: component_1745098531028_314.png
centerX: 0.5365135453474676
centerY: 0.5126230209670518
width: 0.02591283863368669
height: 0.029097133076593923
Area: 0.0003318863391349182
CentroidX: 0.5485
CentroidY: 0.5284
