Location: 2025-04-19_214715-1.png_Mean-Medain.png
Component: component_1745098531301_217.png
centerX: 0.08480565371024736
centerY: 0.26957637997432604
width: 0.02767962308598351
height: 0.028241335044929396
Area: 0.0003500304670147315
CentroidX: 0.0984
CentroidY: 0.2846
