Location: 2025-04-19_214715-1.png_Otsu.png
Component: component_1745098531526_53.png
centerX: 0.04770318021201413
centerY: 0.09798887462558836
width: 0.027090694935217905
height: 0.029525032092426188
Area: 0.0003273503071649649
CentroidX: 0.0616
CentroidY: 0.1144
