Location: 2025-04-19_214715-1.png_Otsu.png
Component: component_1745098531582_186.png
centerX: 0.3551236749116608
centerY: 0.30594779632006847
width: 0.028268551236749116
height: 0.029097133076593923
Area: 0.00032281427519501157
CentroidX: 0.3691
CentroidY: 0.3219
