Location: 2025-04-19_214715-1.png_Otsu.png
Component: component_1745098531523_43.png
centerX: 0.7603062426383981
centerY: 0.05947796320068464
width: 0.03356890459363958
height: 0.02995293110825845
Area: 0.00038153068902829627
CentroidX: 0.7780
CentroidY: 0.0761
