Location: 2025-04-19_214715-1.png_Gaussian-Median.png
Component: component_1745098531041_364.png
centerX: 0.3669022379269729
centerY: 0.6016260162601627
width: 0.028857479387514724
height: 0.02995293110825845
Area: 0.00034599843859699523
CentroidX: 0.3816
CentroidY: 0.6186
