Location: 2025-04-19_214715-1.png_Mean-Medain.png
Component: component_1745098531338_314.png
centerX: 0.17550058892815076
centerY: 0.43988018827556696
width: 0.025323910482921083
height: 0.028241335044929396
Area: 0.0003273503071649649
CentroidX: 0.1882
CentroidY: 0.4550
