Location: 2025-04-19_214715-1.png_Otsu.png
Component: component_1745098531590_210.png
centerX: 0.5965842167255595
centerY: 0.3453145057766367
width: 0.03180212014134275
height: 0.02738553701326487
Area: 0.0003328943462393523
CentroidX: 0.6141
CentroidY: 0.3607
