Location: 2025-04-19_214715-1.png_Mean-Medain.png
Component: component_1745098531396_483.png
centerX: 0.2926972909305065
centerY: 0.7278562259306803
width: 0.02767962308598351
height: 0.028241335044929396
Area: 0.000329366321373833
CentroidX: 0.3053
CentroidY: 0.7438
