Location: 2025-04-19_214715-1.png_Gaussian-Median.png
Component: component_1745098530909_46.png
centerX: 0.8686690223792697
centerY: 0.058622165169020114
width: 0.03121319199057715
height: 0.030380830124090714
Area: 0.000398918811579784
CentroidX: 0.8847
CentroidY: 0.0759
