Location: 2025-04-19_214715-1.png_Mean-Medain.png
Component: component_1745098531313_251.png
centerX: 0.7179034157832744
centerY: 0.3431750106974754
width: 0.028857479387514724
height: 0.02781343602909713
Area: 0.0003593545327307467
CentroidX: 0.7329
CentroidY: 0.3587
