Location: 2025-04-19_214715-1.png_Mean-Medain.png
Component: component_1745098531369_403.png
centerX: 0.3280329799764429
centerY: 0.6024818142918271
width: 0.028857479387514724
height: 0.02781343602909713
Area: 0.00033843838531373967
CentroidX: 0.3424
CentroidY: 0.6178
