Location: 2025-04-19_214715-1.png_Gaussian-Median.png
Component: component_1745098530918_83.png
centerX: 0.5830388692579506
centerY: 0.10269576379974327
width: 0.03180212014134275
height: 0.03080872913992298
Area: 0.00039665079559480734
CentroidX: 0.5993
CentroidY: 0.1190
