Location: 2025-04-19_214715-1.png_Gaussian-Closing.png
Component: component_1745098531795_237.png
centerX: 0.8845700824499411
centerY: 0.3855370132648695
width: 0.030624263839811542
height: 0.029525032092426188
Area: 0.00036767059134232776
CentroidX: 0.8998
CentroidY: 0.4019
