Location: 2025-04-19_214715-1.png_Otsu.png
Component: component_1745098531693_509.png
centerX: 0.3250883392226148
centerY: 0.842533162173727
width: 0.024734982332155476
height: 0.028241335044929396
Area: 0.00031147419527012825
CentroidX: 0.3362
CentroidY: 0.8577
