Location: 2025-04-19_214715-1.png_Otsu.png
Component: component_1745098531642_391.png
centerX: 0.12603062426383982
centerY: 0.6469833119383825
width: 0.025323910482921083
height: 0.025246041934103552
Area: 0.0002895500407486872
CentroidX: 0.1386
CentroidY: 0.6606
