Location: 2025-04-19_214715-1.png_Otsu.png
Component: component_1745098531558_148.png
centerX: 0.0895170789163722
centerY: 0.22892597347026103
width: 0.028268551236749116
height: 0.029097133076593923
Area: 0.0003369263746570886
CentroidX: 0.1034
CentroidY: 0.2453
