Location: 2025-04-19_214715-1.png_Otsu.png
Component: component_1745098531635_358.png
centerX: 0.3280329799764429
centerY: 0.6024818142918271
width: 0.028857479387514724
height: 0.02738553701326487
Area: 0.0003104661881656942
CentroidX: 0.3424
CentroidY: 0.6177
