Location: 2025-04-19_214715-1.png_Otsu.png
Component: component_1745098531619_310.png
centerX: 0.3280329799764429
centerY: 0.5186136071887034
width: 0.034746760895170786
height: 0.029097133076593923
Area: 0.0003507864723430571
CentroidX: 0.3473
CentroidY: 0.5344
