Location: 2025-04-19_214715-1.png_Otsu.png
Component: component_1745098531609_278.png
centerX: 0.7302709069493521
centerY: 0.472400513478819
width: 0.027090694935217905
height: 0.02738553701326487
Area: 0.0003180262414489497
CentroidX: 0.7443
CentroidY: 0.4872
