Location: 2025-04-19_214715-1.png_Gaussian-Closing.png
Component: component_1745098531789_210.png
centerX: 0.08421672555948174
centerY: 0.31065468549422337
width: 0.028857479387514724
height: 0.026529738981600343
Area: 0.00032760230894107343
CentroidX: 0.0998
CentroidY: 0.3254
