Location: 2025-04-19_214715-1.png_Gaussian-Closing.png
Component: component_1745098531777_161.png
centerX: 0.0895170789163722
centerY: 0.22892597347026103
width: 0.028857479387514724
height: 0.029097133076593923
Area: 0.0003636385629245915
CentroidX: 0.1034
CentroidY: 0.2453
