Location: 2025-04-19_214715-1.png_Otsu.png
Component: component_1745098531608_272.png
centerX: 0.9522968197879859
centerY: 0.4676936243046641
width: 0.030624263839811542
height: 0.03080872913992298
Area: 0.0003472584474775378
CentroidX: 0.9690
CentroidY: 0.4848
