Location: 2025-04-19_214715-1.png_Mean-Medain.png
Component: component_1745098531379_441.png
centerX: 0.6884570082449941
centerY: 0.6812152332049636
width: 0.024734982332155476
height: 0.026957637997432605
Area: 0.0003064341597479579
CentroidX: 0.7002
CentroidY: 0.6957
