Location: 2025-04-19_214715-1.png_Gaussian-Closing.png
Component: component_1745098531811_302.png
centerX: 0.05005889281507656
centerY: 0.48010269576379977
width: 0.030624263839811542
height: 0.030380830124090714
Area: 0.00036489857180513406
CentroidX: 0.0657
CentroidY: 0.4975
