Location: 2025-04-19_214715-1.png_Gaussian-Median.png
Component: component_1745098531059_425.png
centerX: 0.1625441696113074
centerY: 0.6872058194266153
width: 0.03356890459363958
height: 0.026529738981600343
Area: 0.00037548264640169184
CentroidX: 0.1782
CentroidY: 0.7009
