Location: 2025-04-19_214715-1.png_Gaussian-Closing.png
Component: component_1745098531767_118.png
centerX: 0.7868080094228505
centerY: 0.17458279845956354
width: 0.02767962308598351
height: 0.029097133076593923
Area: 0.00036515057358124263
CentroidX: 0.7998
CentroidY: 0.1905
