Location: 2025-04-19_214715-1.png_Gaussian-Closing.png
Component: component_1745098531775_150.png
centerX: 0.4363957597173145
centerY: 0.2220795892169448
width: 0.028857479387514724
height: 0.02866923406076166
Area: 0.0003452424332686697
CentroidX: 0.4513
CentroidY: 0.2377
