Location: 2025-04-19_214715-1.png_Gaussian-Median.png
Component: component_1745098530926_120.png
centerX: 0.47820965842167257
centerY: 0.17928968763371844
width: 0.02767962308598351
height: 0.031664527171587506
Area: 0.00036716658779011073
CentroidX: 0.4919
CentroidY: 0.1966
