Location: 2025-04-19_214715-1.png_Mean-Medain.png
Component: component_1745098531209_89.png
centerX: 0.7597173144876325
centerY: 0.059050064184852376
width: 0.03415783274440518
height: 0.030380830124090714
Area: 0.0004089988826241247
CentroidX: 0.7780
CentroidY: 0.0761
