Location: 2025-04-19_214715-1.png_Otsu.png
Component: component_1745098531618_308.png
centerX: 0.45700824499411075
centerY: 0.5164741121095422
width: 0.030035335689045935
height: 0.028241335044929396
Area: 0.0003233182787472286
CentroidX: 0.4722
CentroidY: 0.5321
