Location: 2025-04-19_214715-1.png_Mean-Medain.png
Component: component_1745098531183_71.png
centerX: 0.5700824499411072
centerY: 0.05648267008985879
width: 0.030035335689045935
height: 0.03209242618741977
Area: 0.0003777506623866685
CentroidX: 0.5862
CentroidY: 0.0747
