Location: 2025-04-19_214715-1.png_Mean-Medain.png
Component: component_1745098531343_328.png
centerX: 0.4917550058892815
centerY: 0.4762516046213094
width: 0.028857479387514724
height: 0.025673940949935817
Area: 0.00033818638353763116
CentroidX: 0.5063
CentroidY: 0.4903
