Location: 2025-04-19_214715-1.png_Mean-Medain.png
Component: component_1745098531367_396.png
centerX: 0.6919905771495878
centerY: 0.5994865211810013
width: 0.037102473498233215
height: 0.029525032092426188
Area: 0.00040622686308693106
CentroidX: 0.7115
CentroidY: 0.6155
