Location: 2025-04-19_214715-1.png_Gaussian-Closing.png
Component: component_1745098531844_449.png
centerX: 0.33451118963486454
centerY: 0.7270004278990159
width: 0.034746760895170786
height: 0.029097133076593923
Area: 0.00038707472810268367
CentroidX: 0.3505
CentroidY: 0.7422
