Location: 2025-04-19_214715-1.png_Mean-Medain.png
Component: component_1745098531386_455.png
centerX: 0.45111896348645464
centerY: 0.6846384253316218
width: 0.03180212014134275
height: 0.025673940949935817
Area: 0.00035431449720857634
CentroidX: 0.4669
CentroidY: 0.6989
