Location: 2025-04-19_214715-1.png_Otsu.png
Component: component_1745098531685_473.png
centerX: 0.6725559481743227
centerY: 0.8014548566538297
width: 0.028857479387514724
height: 0.02738553701326487
Area: 0.0003286103160455075
CentroidX: 0.6861
CentroidY: 0.8167
