Location: 2025-04-19_214715-1.png_Gaussian-Median.png
Component: component_1745098531071_481.png
centerX: 0.7508833922261484
centerY: 0.7997432605905006
width: 0.02767962308598351
height: 0.02610183996576808
Area: 0.0003344063568960034
CentroidX: 0.7642
CentroidY: 0.8140
