Location: 2025-04-19_214715-1.png_Otsu.png
Component: component_1745098531577_171.png
centerX: 0.12014134275618374
centerY: 0.267864783910997
width: 0.030035335689045935
height: 0.02866923406076166
Area: 0.00033213834091102673
CentroidX: 0.1357
CentroidY: 0.2839
