Location: 2025-04-19_214715-1.png_Mean-Medain.png
Component: component_1745098531358_369.png
centerX: 0.6996466431095406
centerY: 0.5562687205819427
width: 0.030035335689045935
height: 0.028241335044929396
Area: 0.00035885052917852963
CentroidX: 0.7150
CentroidY: 0.5720
