Location: 2025-04-19_214715-1.png_Gaussian-Closing.png
Component: component_1745098531761_99.png
centerX: 0.7190812720848057
centerY: 0.14035087719298245
width: 0.02944640753828033
height: 0.029097133076593923
Area: 0.0003666625842378937
CentroidX: 0.7349
CentroidY: 0.1563
