Location: 2025-04-19_214715-1.png_Otsu.png
Component: component_1745098531690_494.png
centerX: 0.8380447585394581
centerY: 0.8373983739837398
width: 0.022968197879858657
height: 0.026529738981600343
Area: 0.0002940860727186405
CentroidX: 0.8484
CentroidY: 0.8512
