Location: 2025-04-19_214715-1.png_Mean-Medain.png
Component: component_1745098531314_256.png
centerX: 0.44110718492343937
centerY: 0.3461703038083012
width: 0.028268551236749116
height: 0.028241335044929396
Area: 0.0003512904758952741
CentroidX: 0.4557
CentroidY: 0.3614
