Location: 2025-04-19_214715-1.png_Gaussian-Median.png
Component: component_1745098531061_437.png
centerX: 0.8845700824499411
centerY: 0.7231493367565255
width: 0.030624263839811542
height: 0.02866923406076166
Area: 0.0003580945238502041
CentroidX: 0.9000
CentroidY: 0.7388
