Location: 2025-04-19_214715-1.png_Gaussian-Median.png
Component: component_1745098530928_129.png
centerX: 0.1967020023557126
centerY: 0.18485237483953787
width: 0.03121319199057715
height: 0.03080872913992298
Area: 0.00037825466593888554
CentroidX: 0.2124
CentroidY: 0.2026
