Location: 2025-04-19_214715-1.png_Mean-Medain.png
Component: component_1745098531446_585.png
centerX: 0.20141342756183744
centerY: 0.8908857509627728
width: 0.02591283863368669
height: 0.02396234488660676
Area: 0.0002809819803609976
CentroidX: 0.2152
CentroidY: 0.9034
