Location: 2025-04-19_214715-1.png_Mean-Medain.png
Component: component_1745098531137_50.png
centerX: 0.45111896348645464
centerY: 0.014976465554129225
width: 0.03180212014134275
height: 0.03209242618741977
Area: 0.000398918811579784
CentroidX: 0.4674
CentroidY: 0.0332
