Location: 2025-04-19_214715-1.png_Gaussian-Median.png
Component: component_1745098531067_461.png
centerX: 0.9334511189634864
centerY: 0.7620881471972615
width: 0.025323910482921083
height: 0.026957637997432605
Area: 0.00030416614376298126
CentroidX: 0.9452
CentroidY: 0.7764
