Location: 2025-04-19_214715-1.png_Otsu.png
Component: component_1745098531550_112.png
centerX: 0.47820965842167257
centerY: 0.1797175866495507
width: 0.02767962308598351
height: 0.03080872913992298
Area: 0.00034070640129871634
CentroidX: 0.4919
CentroidY: 0.1966
