Location: 2025-04-19_214715-1.png_Otsu.png
Component: component_1745098531643_396.png
centerX: 0.6890459363957597
centerY: 0.6812152332049636
width: 0.024146054181389872
height: 0.026529738981600343
Area: 0.00028047797680878057
CentroidX: 0.7003
CentroidY: 0.6957
