Location: 2025-04-19_214715-1.png_Gaussian-Closing.png
Component: component_1745098531772_135.png
centerX: 0.11837455830388692
centerY: 0.1857081728712024
width: 0.03121319199057715
height: 0.02866923406076166
Area: 0.00037296262864060665
CentroidX: 0.1355
CentroidY: 0.2015
