Location: 2025-04-19_214715-1.png_Gaussian-Closing.png
Component: component_1745098531840_430.png
centerX: 0.20789163722025913
centerY: 0.6880616174582799
width: 0.034746760895170786
height: 0.02866923406076166
Area: 0.00038707472810268367
CentroidX: 0.2254
CentroidY: 0.7032
