Location: 2025-04-19_214715-1.png_Mean-Medain.png
Component: component_1745098531316_259.png
centerX: 0.12956419316843346
centerY: 0.35216089002995293
width: 0.026501766784452298
height: 0.030380830124090714
Area: 0.0003608665433873978
CentroidX: 0.1417
CentroidY: 0.3686
