Location: 2025-04-19_214715-1.png_Gaussian-Median.png
Component: component_1745098530977_213.png
centerX: 0.5600706713780919
centerY: 0.34360290971330765
width: 0.030624263839811542
height: 0.028241335044929396
Area: 0.0003578425220740956
CentroidX: 0.5762
CentroidY: 0.3594
