Location: 2025-04-19_214715-1.png_Mean-Medain.png
Component: component_1745098531310_240.png
centerX: 0.15901060070671377
centerY: 0.3102267864783911
width: 0.024734982332155476
height: 0.02738553701326487
Area: 0.00031248220237456236
CentroidX: 0.1716
CentroidY: 0.3253
