Location: 2025-04-19_214715-1.png_Gaussian-Median.png
Component: component_1745098530928_130.png
centerX: 0.11837455830388692
centerY: 0.1857081728712024
width: 0.03121319199057715
height: 0.02866923406076166
Area: 0.0003734666321928237
CentroidX: 0.1356
CentroidY: 0.2015
