Location: 2025-04-19_214715-1.png_Gaussian-Closing.png
Component: component_1745098531829_389.png
centerX: 0.6702002355712603
centerY: 0.6422764227642277
width: 0.028268551236749116
height: 0.026957637997432605
Area: 0.0003258382965083138
CentroidX: 0.6839
CentroidY: 0.6568
