Location: 2025-04-19_214715-1.png_Mean-Medain.png
Component: component_1745098531445_581.png
centerX: 0.23674911660777384
centerY: 0.8900299529311082
width: 0.02591283863368669
height: 0.025673940949935817
Area: 0.0002731699253016335
CentroidX: 0.2500
CentroidY: 0.9042
