Location: 2025-04-19_214715-1.png_Gaussian-Closing.png
Component: component_1745098531835_407.png
centerX: 0.6478209658421673
centerY: 0.6807873341891314
width: 0.02944640753828033
height: 0.02866923406076166
Area: 0.00033919439064206526
CentroidX: 0.6625
CentroidY: 0.6969
