Location: 2025-04-19_214715-1.png_Otsu.png
Component: component_1745098531645_406.png
centerX: 0.4923439340400471
centerY: 0.6842105263157895
width: 0.03180212014134275
height: 0.02781343602909713
Area: 0.00032281427519501157
CentroidX: 0.5081
CentroidY: 0.6998
