Location: 2025-04-19_214715-1.png_Otsu.png
Component: component_1745098531651_418.png
centerX: 0.07950530035335689
centerY: 0.6893453145057766
width: 0.02591283863368669
height: 0.025246041934103552
Area: 0.0002799739732565635
CentroidX: 0.0923
CentroidY: 0.7031
