Location: 2025-04-19_214715-1.png_Gaussian-Median.png
Component: component_1745098531036_339.png
centerX: 0.5848056537102474
centerY: 0.560119811724433
width: 0.030624263839811542
height: 0.02866923406076166
Area: 0.0003472584474775378
CentroidX: 0.6004
CentroidY: 0.5763
