Location: 2025-04-19_214715-1.png_Gaussian-Median.png
Component: component_1745098530975_203.png
centerX: 0.2326266195524146
centerY: 0.3089430894308943
width: 0.030035335689045935
height: 0.02866923406076166
Area: 0.00034373042261201856
CentroidX: 0.2481
CentroidY: 0.3248
