Location: 2025-04-19_214715-1.png_Gaussian-Median.png
Component: component_1745098530910_52.png
centerX: 0.6519434628975265
centerY: 0.059050064184852376
width: 0.03180212014134275
height: 0.02995293110825845
Area: 0.00037749866061056
CentroidX: 0.6690
CentroidY: 0.0759
