Location: 2025-04-19_214715-1.png_Mean-Medain.png
Component: component_1745098531322_276.png
centerX: 0.6925795053003534
centerY: 0.38853230637569536
width: 0.02944640753828033
height: 0.02610183996576808
Area: 0.00034373042261201856
CentroidX: 0.7079
CentroidY: 0.4031
