Location: 2025-04-19_214715-1.png_Gaussian-Closing.png
Component: component_1745098531803_263.png
centerX: 0.9193168433451119
centerY: 0.43089430894308944
width: 0.028857479387514724
height: 0.02866923406076166
Area: 0.0003593545327307467
CentroidX: 0.9334
CentroidY: 0.4472
