Location: 2025-04-19_214715-1.png_Mean-Medain.png
Component: component_1745098531376_427.png
centerX: 0.47762073027090696
centerY: 0.6444159178433889
width: 0.028268551236749116
height: 0.02610183996576808
Area: 0.00033213834091102673
CentroidX: 0.4920
CentroidY: 0.6579
