Location: 2025-04-19_214715-1.png_Otsu.png
Component: component_1745098531508_27.png
centerX: 0.5700824499411072
centerY: 0.05648267008985879
width: 0.030035335689045935
height: 0.031664527171587506
Area: 0.0003449904314925612
CentroidX: 0.5864
CentroidY: 0.0748
