Location: 2025-04-19_214715-1.png_Gaussian-Median.png
Component: component_1745098531059_427.png
centerX: 0.11778563015312132
centerY: 0.6884895164741122
width: 0.02944640753828033
height: 0.02781343602909713
Area: 0.0003454944350447782
CentroidX: 0.1315
CentroidY: 0.7034
