Location: 2025-04-19_214715-1.png_Gaussian-Median.png
Component: component_1745098531080_524.png
centerX: 0.284452296819788
centerY: 0.8433889602053916
width: 0.024734982332155476
height: 0.030380830124090714
Area: 0.0003402023977464993
CentroidX: 0.2955
CentroidY: 0.8600
