Location: 2025-04-19_214715-1.png_Otsu.png
Component: component_1745098531646_410.png
centerX: 0.45111896348645464
centerY: 0.6846384253316218
width: 0.03121319199057715
height: 0.025246041934103552
Area: 0.0003240742840755542
CentroidX: 0.4669
CentroidY: 0.6988
