Location: 2025-04-19_214715-1.png_Mean-Medain.png
Component: component_1745098531395_481.png
centerX: 0.33451118963486454
centerY: 0.7270004278990159
width: 0.034746760895170786
height: 0.029097133076593923
Area: 0.0003888387405354433
CentroidX: 0.3505
CentroidY: 0.7422
