Location: 2025-04-19_214715-1.png_Gaussian-Closing.png
Component: component_1745098531814_313.png
centerX: 0.6560659599528857
centerY: 0.5096277278562259
width: 0.02944640753828033
height: 0.02781343602909713
Area: 0.0003475104492536463
CentroidX: 0.6707
CentroidY: 0.5250
