Location: 2025-04-19_214715-1.png_Gaussian-Median.png
Component: component_1745098530929_134.png
centerX: 0.8945818610129564
centerY: 0.21138211382113822
width: 0.028857479387514724
height: 0.029097133076593923
Area: 0.0003696866055511959
CentroidX: 0.9087
CentroidY: 0.2276
