Location: 2025-04-19_214715-1.png_Gaussian-Closing.png
Component: component_1745098531818_330.png
centerX: 0.13074204946996468
centerY: 0.5246041934103551
width: 0.02767962308598351
height: 0.02781343602909713
Area: 0.0003371783764331971
CentroidX: 0.1444
CentroidY: 0.5397
