Location: 2025-04-19_214715-1.png_Otsu.png
Component: component_1745098531707_529.png
centerX: 0.35630153121319197
centerY: 0.8887462558836114
width: 0.024146054181389872
height: 0.0235344458707745
Area: 0.0002434337157208284
CentroidX: 0.3680
CentroidY: 0.9013
