Location: 2025-04-19_214715-1.png_Otsu.png
Component: component_1745098531594_228.png
centerX: 0.8851590106007067
centerY: 0.38596491228070173
width: 0.030035335689045935
height: 0.02866923406076166
Area: 0.0003394463924181738
CentroidX: 0.8999
CentroidY: 0.4019
