Location: 2025-04-19_214715-1.png_Mean-Medain.png
Component: component_1745098531427_547.png
centerX: 0.9705535924617197
centerY: 0.8386820710312366
width: 0.02591283863368669
height: 0.02866923406076166
Area: 0.0003182782432250583
CentroidX: 0.9844
CentroidY: 0.8546
