Location: 2025-04-19_214715-1.png_Gaussian-Median.png
Component: component_1745098530968_165.png
centerX: 0.6978798586572438
centerY: 0.25673940949935814
width: 0.03415783274440518
height: 0.02866923406076166
Area: 0.00038707472810268367
CentroidX: 0.7167
CentroidY: 0.2728
