Location: 2025-04-19_214715-1.png_Gaussian-Closing.png
Component: component_1745098531868_545.png
centerX: 0.31566548881036516
centerY: 0.889602053915276
width: 0.02591283863368669
height: 0.0235344458707745
Area: 0.0002698939022122228
CentroidX: 0.3289
CentroidY: 0.9022
