Location: 2025-04-19_214715-1.png_Mean-Medain.png
Component: component_1745098531195_74.png
centerX: 0.4216725559481743
centerY: 0.058622165169020114
width: 0.02767962308598351
height: 0.03209242618741977
Area: 0.00037119861620784706
CentroidX: 0.4340
CentroidY: 0.0763
