Location: 2025-04-19_214715-1.png_Gaussian-Closing.png
Component: component_1745098531778_166.png
centerX: 0.958186101295642
centerY: 0.251604621309371
width: 0.02944640753828033
height: 0.026957637997432605
Area: 0.00034927446168640596
CentroidX: 0.9732
CentroidY: 0.2664
