Location: 2025-04-19_214715-1.png_Mean-Medain.png
Component: component_1745098531251_127.png
centerX: 0.6808009422850412
centerY: 0.1399229781771502
width: 0.030035335689045935
height: 0.029097133076593923
Area: 0.00036540257535735114
CentroidX: 0.6965
CentroidY: 0.1560
