Location: 2025-04-19_214715-1.png_Otsu.png
Component: component_1745098531583_187.png
centerX: 0.3910482921083628
centerY: 0.30594779632006847
width: 0.030035335689045935
height: 0.028241335044929396
Area: 0.0003328943462393523
CentroidX: 0.4065
CentroidY: 0.3211
