Location: 2025-04-19_214715-1.png_Gaussian-Median.png
Component: component_1745098531051_402.png
centerX: 0.36808009422850413
centerY: 0.6469833119383825
width: 0.024146054181389872
height: 0.02738553701326487
Area: 0.00029837010291248534
CentroidX: 0.3790
CentroidY: 0.6616
