Location: 2025-04-19_214715-1.png_Gaussian-Median.png
Component: component_1745098530928_131.png
centerX: 0.0800942285041225
centerY: 0.18656397090286692
width: 0.032391048292108364
height: 0.02995293110825845
Area: 0.00039791080447534996
CentroidX: 0.0965
CentroidY: 0.2031
