Location: 2025-04-19_214715-1.png_Gaussian-Closing.png
Component: component_1745098531868_543.png
centerX: 0.43227326266195526
centerY: 0.8883183568677792
width: 0.025323910482921083
height: 0.025246041934103552
Area: 0.0002756899430627187
CentroidX: 0.4449
CentroidY: 0.9018
