Location: 2025-04-19_214715-1.png_Mean-Medain.png
Component: component_1745098531254_131.png
centerX: 0.160188457008245
centerY: 0.14120667522464697
width: 0.03356890459363958
height: 0.032520325203252036
Area: 0.0004200869607728995
CentroidX: 0.1778
CentroidY: 0.1587
