Location: 2025-04-19_214715-1.png_Otsu.png
Component: component_1745098531536_76.png
centerX: 0.6619552414605419
centerY: 0.10269576379974327
width: 0.025323910482921083
height: 0.030380830124090714
Area: 0.00033062633025437565
CentroidX: 0.6749
CentroidY: 0.1195
