Location: 2025-04-19_214715-1.png_Gaussian-Closing.png
Component: component_1745098531823_352.png
centerX: 0.1336866902237927
centerY: 0.5626872058194267
width: 0.025323910482921083
height: 0.026957637997432605
Area: 0.00030971018283736866
CentroidX: 0.1458
CentroidY: 0.5776
