Location: 2025-04-19_214715-1.png_Mean-Medain.png
Component: component_1745098531303_221.png
centerX: 0.9004711425206124
centerY: 0.2961061189559264
width: 0.030035335689045935
height: 0.03080872913992298
Area: 0.00041101489683299287
CentroidX: 0.9142
CentroidY: 0.3130
