Location: 2025-04-19_214715-1.png_Mean-Medain.png
Component: component_1745098531363_386.png
centerX: 0.04770318021201413
centerY: 0.5635430038510911
width: 0.03121319199057715
height: 0.03080872913992298
Area: 0.0003734666321928237
CentroidX: 0.0638
CentroidY: 0.5812
