Location: 2025-04-19_214715-1.png_Gaussian-Median.png
Component: component_1745098531066_455.png
centerX: 0.790341578327444
centerY: 0.7599486521181001
width: 0.030624263839811542
height: 0.026957637997432605
Area: 0.00034927446168640596
CentroidX: 0.8056
CentroidY: 0.7743
