Location: 2025-04-19_214715-1.png_Gaussian-Closing.png
Component: component_1745098531821_344.png
centerX: 0.4034157832744405
centerY: 0.5609756097560976
width: 0.028857479387514724
height: 0.02738553701326487
Area: 0.00032760230894107343
CentroidX: 0.4180
CentroidY: 0.5765
