Location: 2025-04-19_214715-1.png_Gaussian-Median.png
Component: component_1745098531060_432.png
centerX: 0.7862190812720848
centerY: 0.7218656397090286
width: 0.02591283863368669
height: 0.026957637997432605
Area: 0.000307442166852392
CentroidX: 0.7988
CentroidY: 0.7367
