Location: 2025-04-19_214715-1.png_Otsu.png
Component: component_1745098531509_29.png
centerX: 0.3468786808009423
centerY: 0.058194266153187846
width: 0.02944640753828033
height: 0.03209242618741977
Area: 0.00034196641017925897
CentroidX: 0.3626
CentroidY: 0.0767
