Location: 2025-04-19_214715-1.png_Otsu.png
Component: component_1745098531642_390.png
centerX: 0.4034157832744405
centerY: 0.646127513906718
width: 0.028268551236749116
height: 0.025246041934103552
Area: 0.0003107181899418027
CentroidX: 0.4173
CentroidY: 0.6593
