Location: 2025-04-19_214715-1.png_Gaussian-Median.png
Component: component_1745098531020_273.png
centerX: 0.2143698468786808
centerY: 0.43859649122807015
width: 0.026501766784452298
height: 0.03080872913992298
Area: 0.0003402023977464993
CentroidX: 0.2281
CentroidY: 0.4558
