Location: 2025-04-19_214715-1.png_Mean-Medain.png
Component: component_1745098531227_112.png
centerX: 0.508833922261484
centerY: 0.10141206675224647
width: 0.032391048292108364
height: 0.03423192126658109
Area: 0.00042159897142955065
CentroidX: 0.5256
CentroidY: 0.1199
