Location: 2025-04-19_214715-1.png_Gaussian-Closing.png
Component: component_1745098531866_536.png
centerX: 0.5371024734982333
centerY: 0.8853230637569534
width: 0.02767962308598351
height: 0.02396234488660676
Area: 0.00029459007627085753
CentroidX: 0.5499
CentroidY: 0.8977
