Location: 2025-04-19_214715-1.png_Gaussian-Median.png
Component: component_1745098531061_436.png
centerX: 0.6790341578327445
centerY: 0.7235772357723578
width: 0.027090694935217905
height: 0.026957637997432605
Area: 0.00033037432847826713
CentroidX: 0.6919
CentroidY: 0.7382
