Location: 2025-04-19_214715-1.png_Mean-Medain.png
Component: component_1745098531368_400.png
centerX: 0.4464075382803298
centerY: 0.6016260162601627
width: 0.028857479387514724
height: 0.029097133076593923
Area: 0.00032835831426939897
CentroidX: 0.4613
CentroidY: 0.6180
