Location: 2025-04-19_214715-1.png_Otsu.png
Component: component_1745098531691_499.png
centerX: 0.7055359246171967
centerY: 0.8391099700470689
width: 0.02767962308598351
height: 0.02866923406076166
Area: 0.0003081981721807175
CentroidX: 0.7195
CentroidY: 0.8547
