Location: 2025-04-19_214715-1.png_Mean-Medain.png
Component: component_1745098531387_458.png
centerX: 0.2579505300353357
centerY: 0.6863500213949508
width: 0.032391048292108364
height: 0.02781343602909713
Area: 0.0003623785540440489
CentroidX: 0.2744
CentroidY: 0.7013
