Location: 2025-04-19_214715-1.png_Mean-Medain.png
Component: component_1745098531208_87.png
centerX: 0.3833922261484099
centerY: 0.059050064184852376
width: 0.02944640753828033
height: 0.03380402225074882
Area: 0.00039488678316204775
CentroidX: 0.3986
CentroidY: 0.0785
