Location: 2025-04-19_214715-1.png_Gaussian-Closing.png
Component: component_1745098531843_444.png
centerX: 0.37809187279151946
centerY: 0.725716730851519
width: 0.030624263839811542
height: 0.02866923406076166
Area: 0.00034196641017925897
CentroidX: 0.3929
CentroidY: 0.7422
