Location: 2025-04-19_214715-1.png_Otsu.png
Component: component_1745098531637_367.png
centerX: 0.048292108362779744
centerY: 0.6059050064184852
width: 0.02944640753828033
height: 0.02781343602909713
Area: 0.00031424621480732195
CentroidX: 0.0636
CentroidY: 0.6217
