Location: 2025-04-19_214715-1.png_Otsu.png
Component: component_1745098531576_167.png
centerX: 0.30859835100117783
centerY: 0.2652973898160034
width: 0.030035335689045935
height: 0.029525032092426188
Area: 0.000342470413731476
CentroidX: 0.3236
CentroidY: 0.2818
