Location: 2025-04-19_214715-1.png_Otsu.png
Component: component_1745098531626_325.png
centerX: 0.7002355712603062
centerY: 0.5562687205819427
width: 0.028857479387514724
height: 0.028241335044929396
Area: 0.00032483028940387973
CentroidX: 0.7150
CentroidY: 0.5719
