Location: 2025-04-19_214715-1.png_Gaussian-Median.png
Component: component_1745098531045_387.png
centerX: 0.5153121319199058
centerY: 0.6431322207958922
width: 0.030624263839811542
height: 0.02995293110825845
Area: 0.0003512904758952741
CentroidX: 0.5314
CentroidY: 0.6595
