Location: 2025-04-19_214715-1.png_Gaussian-Median.png
Component: component_1745098530922_98.png
centerX: 0.32391048292108365
centerY: 0.14120667522464697
width: 0.030035335689045935
height: 0.03209242618741977
Area: 0.00039387877605761364
CentroidX: 0.3388
CentroidY: 0.1587
