Location: 2025-04-19_214715-1.png_Mean-Medain.png
Component: component_1745098531412_522.png
centerX: 0.8939929328621908
centerY: 0.8023106546854942
width: 0.026501766784452298
height: 0.024818142918271287
Area: 0.00030290613488243864
CentroidX: 0.9066
CentroidY: 0.8156
