Location: 2025-04-19_214715-1.png_Otsu.png
Component: component_1745098531555_134.png
centerX: 0.5901060070671378
centerY: 0.22122379118528027
width: 0.030035335689045935
height: 0.028241335044929396
Area: 0.00035028246879084
CentroidX: 0.6052
CentroidY: 0.2363
