Location: 2025-04-19_214715-1.png_Mean-Medain.png
Component: component_1745098531214_100.png
centerX: 0.947585394581861
centerY: 0.0975609756097561
width: 0.03121319199057715
height: 0.030380830124090714
Area: 0.0004117709021613184
CentroidX: 0.9630
CentroidY: 0.1143
