Location: 2025-04-19_214715-1.png_Gaussian-Median.png
Component: component_1745098530978_217.png
centerX: 0.6336866902237926
centerY: 0.34445870774497217
width: 0.032391048292108364
height: 0.029525032092426188
Area: 0.0003583465256263126
CentroidX: 0.6518
CentroidY: 0.3611
