Location: 2025-04-19_214715-1.png_Gaussian-Median.png
Component: component_1745098531019_270.png
centerX: 0.37750294464075385
centerY: 0.43645699614890887
width: 0.028857479387514724
height: 0.029525032092426188
Area: 0.00035633051141744444
CentroidX: 0.3914
CentroidY: 0.4533
