Location: 2025-04-19_214715-1.png_Gaussian-Median.png
Component: component_1745098530907_39.png
centerX: 0.45700824499411075
centerY: 0.058194266153187846
width: 0.03121319199057715
height: 0.02866923406076166
Area: 0.00036842659667065336
CentroidX: 0.4729
CentroidY: 0.0746
