Location: 2025-04-19_214715-1.png_Gaussian-Closing.png
Component: component_1745098531791_222.png
centerX: 0.6342756183745583
centerY: 0.34445870774497217
width: 0.03180212014134275
height: 0.029525032092426188
Area: 0.00035733851852187855
CentroidX: 0.6518
CentroidY: 0.3611
