Location: 2025-04-19_214715-1.png_Otsu.png
Component: component_1745098531645_408.png
centerX: 0.7226148409893993
centerY: 0.6837826272999572
width: 0.023557126030624265
height: 0.025673940949935817
Area: 0.0002658618737944865
CentroidX: 0.7342
CentroidY: 0.6981
