Location: 2025-04-19_214715-1.png_Otsu.png
Component: component_1745098531558_146.png
centerX: 0.20141342756183744
centerY: 0.22593068035943517
width: 0.03356890459363958
height: 0.028241335044929396
Area: 0.000349778465238623
CentroidX: 0.2187
CentroidY: 0.2418
