Location: 2025-04-19_214715-1.png_Gaussian-Median.png
Component: component_1745098531039_354.png
centerX: 0.889281507656066
centerY: 0.5939238339751819
width: 0.024734982332155476
height: 0.025673940949935817
Area: 0.00030895417750904307
CentroidX: 0.9004
CentroidY: 0.6077
