Location: 2025-04-19_214715-1.png_Gaussian-Median.png
Component: component_1745098530933_144.png
centerX: 0.6301531213191991
centerY: 0.22122379118528027
width: 0.03180212014134275
height: 0.02866923406076166
Area: 0.00038405070678938145
CentroidX: 0.6470
CentroidY: 0.2366
