Location: 2025-04-19_214715-1.png_Gaussian-Closing.png
Component: component_1745098531808_285.png
centerX: 0.9522968197879859
centerY: 0.4676936243046641
width: 0.03121319199057715
height: 0.03080872913992298
Area: 0.00037296262864060665
CentroidX: 0.9691
CentroidY: 0.4847
