Location: 2025-04-19_214715-1.png_Gaussian-Median.png
Component: component_1745098530931_141.png
centerX: 0.6719670200235571
centerY: 0.21951219512195122
width: 0.026501766784452298
height: 0.028241335044929396
Area: 0.00034045439952260783
CentroidX: 0.6849
CentroidY: 0.2348
