Location: 2025-04-19_214715-1.png_Otsu.png
Component: component_1745098531692_501.png
centerX: 0.9711425206124853
centerY: 0.8391099700470689
width: 0.024734982332155476
height: 0.02781343602909713
Area: 0.0002703979057644398
CentroidX: 0.9843
CentroidY: 0.8546
