Location: 2025-04-19_214715-1.png_Gaussian-Median.png
Component: component_1745098531028_312.png
centerX: 0.7308598351001178
centerY: 0.5104835258878905
width: 0.028857479387514724
height: 0.02781343602909713
Area: 0.0003470064457014293
CentroidX: 0.7452
CentroidY: 0.5261
