Location: 2025-04-19_214715-1.png_Otsu.png
Component: component_1745098531537_80.png
centerX: 0.9481743227326266
centerY: 0.13778348309798888
width: 0.030624263839811542
height: 0.028241335044929396
Area: 0.00035431449720857634
CentroidX: 0.9640
CentroidY: 0.1529
