Location: 2025-04-19_214715-1.png_Gaussian-Closing.png
Component: component_1745098531804_267.png
centerX: 0.6554770318021201
centerY: 0.4326059050064185
width: 0.032391048292108364
height: 0.030380830124090714
Area: 0.00037573464817780035
CentroidX: 0.6739
CentroidY: 0.4497
