Location: 2025-04-19_214715-1.png_Gaussian-Closing.png
Component: component_1745098531812_306.png
centerX: 0.09128386336866902
centerY: 0.4818142918271288
width: 0.027090694935217905
height: 0.02610183996576808
Area: 0.000315254221911756
CentroidX: 0.1054
CentroidY: 0.4966
