Location: 2025-04-19_214715-1.png_Gaussian-Median.png
Component: component_1745098530910_53.png
centerX: 0.7597173144876325
centerY: 0.059050064184852376
width: 0.03415783274440518
height: 0.030380830124090714
Area: 0.0004084948790719077
CentroidX: 0.7779
CentroidY: 0.0760
