Location: 2025-04-19_214715-1.png_Gaussian-Closing.png
Component: component_1745098531766_115.png
centerX: 0.8957597173144877
centerY: 0.17201540436456997
width: 0.03121319199057715
height: 0.029097133076593923
Area: 0.0003691826019989789
CentroidX: 0.9120
CentroidY: 0.1878
