Location: 2025-04-19_214715-1.png_Gaussian-Closing.png
Component: component_1745098531742_42.png
centerX: 0.9405182567726738
centerY: 0.056910569105691054
width: 0.027090694935217905
height: 0.03337612323491656
Area: 0.0003822866943566218
CentroidX: 0.9543
CentroidY: 0.0757
