Location: 2025-04-19_214715-1.png_Gaussian-Median.png
Component: component_1745098530976_206.png
centerX: 0.12073027090694935
centerY: 0.3110825845100556
width: 0.02767962308598351
height: 0.02781343602909713
Area: 0.00033642237110487156
CentroidX: 0.1351
CentroidY: 0.3262
