Location: 2025-04-19_214715-1.png_Mean-Medain.png
Component: component_1745098531446_582.png
centerX: 0.2750294464075383
centerY: 0.8900299529311082
width: 0.02767962308598351
height: 0.0235344458707745
Area: 0.0002925740620619894
CentroidX: 0.2891
CentroidY: 0.9026
