Location: 2025-04-19_214715-1.png_Mean-Medain.png
Component: component_1745098531374_416.png
centerX: 0.8928150765606596
centerY: 0.6392811296534018
width: 0.026501766784452298
height: 0.02610183996576808
Area: 0.00030089012067357053
CentroidX: 0.9061
CentroidY: 0.6542
