Location: 2025-04-19_214715-1.png_Gaussian-Median.png
Component: component_1745098531009_231.png
centerX: 0.9587750294464076
centerY: 0.3842533162173727
width: 0.028857479387514724
height: 0.02995293110825845
Area: 0.00040068282401254366
CentroidX: 0.9718
CentroidY: 0.3999
