Location: 2025-04-19_214715-1.png_Gaussian-Closing.png
Component: component_1745098531740_29.png
centerX: 0.37338044758539457
centerY: 0.015832263585793753
width: 0.03415783274440518
height: 0.03337612323491656
Area: 0.0004127789092657525
CentroidX: 0.3903
CentroidY: 0.0351
