Location: 2025-04-19_214715-1.png_Mean-Medain.png
Component: component_1745098531376_428.png
centerX: 0.28857479387514723
centerY: 0.6452717158750535
width: 0.03121319199057715
height: 0.02738553701326487
Area: 0.00035481850076079336
CentroidX: 0.3045
CentroidY: 0.6599
