Location: 2025-04-19_214715-1.png_Otsu.png
Component: component_1745098531579_181.png
centerX: 0.7426383981154299
centerY: 0.30124090714591356
width: 0.028857479387514724
height: 0.029097133076593923
Area: 0.00033843838531373967
CentroidX: 0.7573
CentroidY: 0.3174
