Location: 2025-04-19_214715-1.png_Gaussian-Closing.png
Component: component_1745098531761_100.png
centerX: 0.160188457008245
centerY: 0.14120667522464697
width: 0.03356890459363958
height: 0.032520325203252036
Area: 0.00041857495011624843
CentroidX: 0.1778
CentroidY: 0.1588
