Location: 2025-04-19_214715-1.png_Gaussian-Median.png
Component: component_1745098530966_159.png
centerX: 0.8898704358068316
centerY: 0.25203252032520324
width: 0.03180212014134275
height: 0.029525032092426188
Area: 0.00039186276184874553
CentroidX: 0.9058
CentroidY: 0.2683
