Location: 2025-04-19_214715-1.png_Gaussian-Closing.png
Component: component_1745098531836_411.png
centerX: 0.571849234393404
centerY: 0.6824989302524604
width: 0.03297997644287397
height: 0.029097133076593923
Area: 0.00036313455937237447
CentroidX: 0.5885
CentroidY: 0.6992
