Location: 2025-04-19_214715-1.png_Gaussian-Closing.png
Component: component_1745098531823_356.png
centerX: 0.04770318021201413
centerY: 0.5639709028669234
width: 0.03121319199057715
height: 0.030380830124090714
Area: 0.00036212655226794036
CentroidX: 0.0638
CentroidY: 0.5812
