Location: 2025-04-19_214715-1.png_Gaussian-Closing.png
Component: component_1745098531756_81.png
centerX: 0.6937573616018846
centerY: 0.10141206675224647
width: 0.030624263839811542
height: 0.031664527171587506
Area: 0.0004039588471019544
CentroidX: 0.7097
CentroidY: 0.1185
