Location: 2025-04-19_214715-1.png_Mean-Medain.png
Component: component_1745098531386_456.png
centerX: 0.8963486454652533
centerY: 0.6846384253316218
width: 0.024146054181389872
height: 0.024390243902439025
Area: 0.0002910620514053383
CentroidX: 0.9081
CentroidY: 0.6980
