Location: 2025-04-19_214715-1.png_Otsu.png
Component: component_1745098531537_82.png
centerX: 0.6389870435806831
centerY: 0.1399229781771502
width: 0.03121319199057715
height: 0.029097133076593923
Area: 0.0003505344705669486
CentroidX: 0.6557
CentroidY: 0.1565
