Location: 2025-04-19_214715-1.png_Mean-Medain.png
Component: component_1745098531377_434.png
centerX: 0.24852767962308597
centerY: 0.6465554129225503
width: 0.028268551236749116
height: 0.02610183996576808
Area: 0.0003233182787472286
CentroidX: 0.2625
CentroidY: 0.6607
