Location: 2025-04-19_214715-1.png_Gaussian-Median.png
Component: component_1745098531054_410.png
centerX: 0.7550058892815077
centerY: 0.6824989302524604
width: 0.027090694935217905
height: 0.026957637997432605
Area: 0.00032004225565781787
CentroidX: 0.7688
CentroidY: 0.6968
