Location: 2025-04-19_214715-1.png_Otsu.png
Component: component_1745098531560_155.png
centerX: 0.8150765606595995
centerY: 0.25417201540436457
width: 0.030035335689045935
height: 0.02866923406076166
Area: 0.000329366321373833
CentroidX: 0.8312
CentroidY: 0.2700
