Location: 2025-04-19_214715-1.png_Mean-Medain.png
Component: component_1745098531300_216.png
centerX: 0.15959952885747938
centerY: 0.267864783910997
width: 0.02944640753828033
height: 0.026529738981600343
Area: 0.00034322641905980153
CentroidX: 0.1744
CentroidY: 0.2825
