Location: 2025-04-19_214715-1.png_Otsu.png
Component: component_1745098531581_185.png
centerX: 0.5836277974087162
centerY: 0.30509199828840394
width: 0.028857479387514724
height: 0.028241335044929396
Area: 0.0003207982609861434
CentroidX: 0.5987
CentroidY: 0.3205
