Location: 2025-04-19_214715-1.png_Mean-Medain.png
Component: component_1745098531325_290.png
centerX: 0.09540636042402827
centerY: 0.3970902866923406
width: 0.02944640753828033
height: 0.028241335044929396
Area: 0.0003555745060891189
CentroidX: 0.1099
CentroidY: 0.4124
