Location: 2025-04-19_214715-1.png_Mean-Medain.png
Component: component_1745098531330_306.png
centerX: 0.37750294464075385
centerY: 0.43645699614890887
width: 0.028857479387514724
height: 0.029525032092426188
Area: 0.0003613705469396148
CentroidX: 0.3914
CentroidY: 0.4534
