Location: 2025-04-19_214715-1.png_Gaussian-Median.png
Component: component_1745098531024_293.png
centerX: 0.4917550058892815
centerY: 0.4762516046213094
width: 0.028857479387514724
height: 0.025673940949935817
Area: 0.0003374303782093056
CentroidX: 0.5063
CentroidY: 0.4903
