Location: 2025-04-19_214715-1.png_Gaussian-Closing.png
Component: component_1745098531812_307.png
centerX: 0.1330977620730271
centerY: 0.48224219084296105
width: 0.02944640753828033
height: 0.026957637997432605
Area: 0.00035985853628296374
CentroidX: 0.1467
CentroidY: 0.4978
