Location: 2025-04-19_214715-1.png_Gaussian-Median.png
Component: component_1745098530899_18.png
centerX: 0.7149587750294464
centerY: 0.014976465554129225
width: 0.03121319199057715
height: 0.03209242618741977
Area: 0.00039211476362485404
CentroidX: 0.7310
CentroidY: 0.0334
