Location: 2025-04-19_214715-1.png_Gaussian-Median.png
Component: component_1745098531019_268.png
centerX: 0.4546525323910483
centerY: 0.4360290971330766
width: 0.026501766784452298
height: 0.028241335044929396
Area: 0.00033264234446324375
CentroidX: 0.4678
CentroidY: 0.4514
