Location: 2025-04-19_214715-1.png_Otsu.png
Component: component_1745098531686_476.png
centerX: 0.8586572438162544
centerY: 0.8023106546854942
width: 0.026501766784452298
height: 0.024818142918271287
Area: 0.0002867780212114935
CentroidX: 0.8720
CentroidY: 0.8162
