Location: 2025-04-19_214715-1.png_Gaussian-Closing.png
Component: component_1745098531816_317.png
centerX: 0.6937573616018846
centerY: 0.5113393239195549
width: 0.02767962308598351
height: 0.026529738981600343
Area: 0.00032483028940387973
CentroidX: 0.7078
CentroidY: 0.5264
