Location: 2025-04-19_214715-1.png_Gaussian-Closing.png
Component: component_1745098531853_477.png
centerX: 0.2956419316843345
centerY: 0.7715019255455713
width: 0.02944640753828033
height: 0.02995293110825845
Area: 0.00036590657890956817
CentroidX: 0.3095
CentroidY: 0.7874
