Location: 2025-04-19_214715-1.png_Gaussian-Closing.png
Component: component_1745098531776_155.png
centerX: 0.4717314487632509
centerY: 0.22250748823277705
width: 0.028857479387514724
height: 0.03080872913992298
Area: 0.0003472584474775378
CentroidX: 0.4867
CentroidY: 0.2399
