Location: 2025-04-19_214715-1.png_Gaussian-Median.png
Component: component_1745098531066_456.png
centerX: 0.8256772673733804
centerY: 0.7599486521181001
width: 0.02944640753828033
height: 0.028241335044929396
Area: 0.00033541436400043746
CentroidX: 0.8407
CentroidY: 0.7747
