Location: 2025-04-19_214715-1.png_Otsu.png
Component: component_1745098531629_340.png
centerX: 0.3663133097762073
centerY: 0.5622593068035944
width: 0.026501766784452298
height: 0.025673940949935817
Area: 0.0003046701473151983
CentroidX: 0.3794
CentroidY: 0.5758
