Location: 2025-04-19_214715-1.png_Gaussian-Closing.png
Component: component_1745098531791_221.png
centerX: 0.5600706713780919
centerY: 0.34403080872913994
width: 0.030624263839811542
height: 0.02781343602909713
Area: 0.000356582513193553
CentroidX: 0.5762
CentroidY: 0.3594
