Location: 2025-04-19_214715-1.png_Otsu.png
Component: component_1745098531695_512.png
centerX: 0.47820965842167257
centerY: 0.8421052631578947
width: 0.02767962308598351
height: 0.028241335044929396
Area: 0.0003109701917179112
CentroidX: 0.4921
CentroidY: 0.8577
