Location: 2025-04-19_214715-1.png_Mean-Medain.png
Component: component_1745098531339_317.png
centerX: 0.8810365135453475
centerY: 0.46812152332049634
width: 0.030035335689045935
height: 0.026957637997432605
Area: 0.00034902245991029745
CentroidX: 0.8964
CentroidY: 0.4827
