Location: 2025-04-19_214715-1.png_Gaussian-Closing.png
Component: component_1745098531861_516.png
centerX: 0.6678445229681979
centerY: 0.8399657680787335
width: 0.02944640753828033
height: 0.02738553701326487
Area: 0.0003316343373588097
CentroidX: 0.6834
CentroidY: 0.8551
