Location: 2025-04-19_214715-1.png_Otsu.png
Component: component_1745098531705_523.png
centerX: 0.6542991755005889
centerY: 0.8848951647411211
width: 0.025323910482921083
height: 0.025673940949935817
Area: 0.0002459537334819136
CentroidX: 0.6666
CentroidY: 0.8987
