Location: 2025-04-19_214715-1.png_Otsu.png
Component: component_1745098531686_479.png
centerX: 0.5229681978798587
centerY: 0.8031664527171587
width: 0.02767962308598351
height: 0.028241335044929396
Area: 0.0003155062236878646
CentroidX: 0.5369
CentroidY: 0.8183
