Location: 2025-04-19_214715-1.png_Otsu.png
Component: component_1745098531602_249.png
centerX: 0.8839811542991755
centerY: 0.42961061189559263
width: 0.028268551236749116
height: 0.02995293110825845
Area: 0.0003341543551198949
CentroidX: 0.8978
CentroidY: 0.4465
