Location: 2025-04-19_214715-1.png_Gaussian-Closing.png
Component: component_1745098531844_448.png
centerX: 0.5353356890459364
centerY: 0.7261446298673513
width: 0.02591283863368669
height: 0.02738553701326487
Area: 0.0003134902094789964
CentroidX: 0.5476
CentroidY: 0.7411
