Location: 2025-04-19_214715-1.png_Gaussian-Median.png
Component: component_1745098530980_226.png
centerX: 0.04534746760895171
centerY: 0.35301668806161746
width: 0.030624263839811542
height: 0.02866923406076166
Area: 0.0003638905647007
CentroidX: 0.0615
CentroidY: 0.3689
