Location: 2025-04-19_214715-1.png_Gaussian-Closing.png
Component: component_1745098531823_353.png
centerX: 0.1702002355712603
centerY: 0.5622593068035944
width: 0.028268551236749116
height: 0.029525032092426188
Area: 0.0003396983941942823
CentroidX: 0.1841
CentroidY: 0.5784
