Location: 2025-04-19_214715-1.png_Otsu.png
Component: component_1745098531633_353.png
centerX: 0.6548881036513545
centerY: 0.6007702182284981
width: 0.028857479387514724
height: 0.02610183996576808
Area: 0.00031449821658343047
CentroidX: 0.6699
CentroidY: 0.6145
