Location: 2025-04-19_214715-1.png_Mean-Medain.png
Component: component_1745098531204_77.png
centerX: 0.5300353356890459
centerY: 0.058622165169020114
width: 0.030624263839811542
height: 0.03123662815575524
Area: 0.00038102668547607924
CentroidX: 0.5462
CentroidY: 0.0771
