Location: 2025-04-19_214715-1.png_Mean-Medain.png
Component: component_1745098531409_513.png
centerX: 0.42285041224970554
centerY: 0.7719298245614035
width: 0.028857479387514724
height: 0.029097133076593923
Area: 0.0003606145416112893
CentroidX: 0.4358
CentroidY: 0.7872
