Location: 2025-04-19_214715-1.png_Gaussian-Closing.png
Component: component_1745098531811_305.png
centerX: 0.25206124852767964
centerY: 0.4813863928112965
width: 0.02944640753828033
height: 0.028241335044929396
Area: 0.00034473842971645267
CentroidX: 0.2673
CentroidY: 0.4966
