Location: 2025-04-19_214715-1.png_Gaussian-Median.png
Component: component_1745098530904_32.png
centerX: 0.1690223792697291
centerY: 0.017115960633290545
width: 0.03415783274440518
height: 0.029525032092426188
Area: 0.0003878307334310092
CentroidX: 0.1877
CentroidY: 0.0341
