Location: 2025-04-19_214715-1.png_Mean-Medain.png
Component: component_1745098531354_353.png
centerX: 0.4169611307420495
centerY: 0.5169020111253744
width: 0.028268551236749116
height: 0.026529738981600343
Area: 0.00032558629473220527
CentroidX: 0.4315
CentroidY: 0.5316
