Location: 2025-04-19_214715-1.png_Gaussian-Closing.png
Component: component_1745098531781_179.png
centerX: 0.30859835100117783
centerY: 0.26486949080017114
width: 0.030035335689045935
height: 0.030380830124090714
Area: 0.0003679225931184363
CentroidX: 0.3236
CentroidY: 0.2818
