Location: 2025-04-19_214715-1.png_Otsu.png
Component: component_1745098531589_203.png
centerX: 0.7561837455830389
centerY: 0.3423192126658109
width: 0.026501766784452298
height: 0.024818142918271287
Area: 0.00029862210468859385
CentroidX: 0.7701
CentroidY: 0.3558
