Location: 2025-04-19_214715-1.png_Gaussian-Closing.png
Component: component_1745098531834_403.png
centerX: 0.4034157832744405
centerY: 0.646127513906718
width: 0.028857479387514724
height: 0.025246041934103552
Area: 0.00033642237110487156
CentroidX: 0.4173
CentroidY: 0.6593
