Location: 2025-04-19_214715-1.png_Otsu.png
Component: component_1745098531679_456.png
centerX: 0.5312131919905771
centerY: 0.7672229353872486
width: 0.030624263839811542
height: 0.026957637997432605
Area: 0.00032961832314994154
CentroidX: 0.5462
CentroidY: 0.7818
