Location: 2025-04-19_214715-1.png_Gaussian-Closing.png
Component: component_1745098531783_184.png
centerX: 0.11955241460541814
centerY: 0.267864783910997
width: 0.03121319199057715
height: 0.02866923406076166
Area: 0.00036036253983518077
CentroidX: 0.1357
CentroidY: 0.2838
