Location: 2025-04-19_214715-1.png_Otsu.png
Component: component_1745098531677_450.png
centerX: 0.934040047114252
centerY: 0.7620881471972615
width: 0.024734982332155476
height: 0.026529738981600343
Area: 0.0002857700141070594
CentroidX: 0.9453
CentroidY: 0.7764
