Location: 2025-04-19_214715-1.png_Otsu.png
Component: component_1745098531617_303.png
centerX: 0.6937573616018846
centerY: 0.5113393239195549
width: 0.027090694935217905
height: 0.026529738981600343
Area: 0.0003021501295541131
CentroidX: 0.7078
CentroidY: 0.5263
