Location: 2025-04-19_214715-1.png_Gaussian-Closing.png
Component: component_1745098531795_239.png
centerX: 0.7709069493521791
centerY: 0.38596491228070173
width: 0.030035335689045935
height: 0.02866923406076166
Area: 0.000363386561148483
CentroidX: 0.7858
CentroidY: 0.4018
