Location: 2025-04-19_214715-1.png_Gaussian-Closing.png
Component: component_1745098531785_195.png
centerX: 0.6654888103651354
centerY: 0.30166880616174585
width: 0.02767962308598351
height: 0.03123662815575524
Area: 0.00036867859844676187
CentroidX: 0.6792
CentroidY: 0.3186
