Location: 2025-04-19_214715-1.png_Mean-Medain.png
Component: component_1745098531286_175.png
centerX: 0.7809187279151943
centerY: 0.21651690201112536
width: 0.02944640753828033
height: 0.02610183996576808
Area: 0.00036464657002902555
CentroidX: 0.7962
CentroidY: 0.2305
