Location: 2025-04-19_214715-1.png_Gaussian-Closing.png
Component: component_1745098531816_318.png
centerX: 0.5365135453474676
centerY: 0.513050919982884
width: 0.02591283863368669
height: 0.02866923406076166
Area: 0.00033062633025437565
CentroidX: 0.5485
CentroidY: 0.5284
