Location: 2025-04-19_214715-1.png_Otsu.png
Component: component_1745098531552_121.png
centerX: 0.1967020023557126
centerY: 0.18528027385537013
width: 0.03121319199057715
height: 0.030380830124090714
Area: 0.0003538104936563593
CentroidX: 0.2124
CentroidY: 0.2027
