Location: 2025-04-19_214715-1.png_Otsu.png
Component: component_1745098531627_329.png
centerX: 0.552414605418139
centerY: 0.560119811724433
width: 0.02591283863368669
height: 0.02738553701326487
Area: 0.00029837010291248534
CentroidX: 0.5651
CentroidY: 0.5755
