Location: 2025-04-19_214715-1.png_Gaussian-Median.png
Component: component_1745098531033_329.png
centerX: 0.8928150765606596
centerY: 0.5541292255027813
width: 0.030035335689045935
height: 0.02610183996576808
Area: 0.000363386561148483
CentroidX: 0.9061
CentroidY: 0.5683
