Location: 2025-04-19_214715-1.png_Gaussian-Closing.png
Component: component_1745098531809_293.png
centerX: 0.5276796230859835
centerY: 0.47539580658964486
width: 0.03297997644287397
height: 0.02738553701326487
Area: 0.0003623785540440489
CentroidX: 0.5461
CentroidY: 0.4905
