Location: 2025-04-19_214715-1.png_Otsu.png
Component: component_1745098531522_39.png
centerX: 0.3839811542991755
centerY: 0.05947796320068464
width: 0.028857479387514724
height: 0.03337612323491656
Area: 0.00036288255759626595
CentroidX: 0.3986
CentroidY: 0.0786
