Location: 2025-04-19_214715-1.png_Gaussian-Closing.png
Component: component_1745098531758_88.png
centerX: 0.6248527679623086
centerY: 0.10269576379974327
width: 0.028857479387514724
height: 0.03123662815575524
Area: 0.00040244683644530325
CentroidX: 0.6390
CentroidY: 0.1199
