Location: 2025-04-19_214715-1.png_Mean-Medain.png
Component: component_1745098531313_252.png
centerX: 0.5235571260306242
centerY: 0.34445870774497217
width: 0.028857479387514724
height: 0.026529738981600343
Area: 0.00034398242438812707
CentroidX: 0.5383
CentroidY: 0.3586
