Location: 2025-04-19_214715-1.png_Otsu.png
Component: component_1745098531540_90.png
centerX: 0.32391048292108365
centerY: 0.14163457424047926
width: 0.02944640753828033
height: 0.03123662815575524
Area: 0.000363386561148483
CentroidX: 0.3388
CentroidY: 0.1587
