Location: 2025-04-19_214715-1.png_Mean-Medain.png
Component: component_1745098531208_84.png
centerX: 0.12073027090694935
centerY: 0.05947796320068464
width: 0.03121319199057715
height: 0.029097133076593923
Area: 0.0003641425664768085
CentroidX: 0.1380
CentroidY: 0.0761
