Location: 2025-04-19_214715-1.png_Gaussian-Median.png
Component: component_1745098531024_295.png
centerX: 0.4534746760895171
centerY: 0.4771074026529739
width: 0.028857479387514724
height: 0.026529738981600343
Area: 0.0003240742840755542
CentroidX: 0.4677
CentroidY: 0.4919
