Location: 2025-04-19_214715-1.png_Gaussian-Closing.png
Component: component_1745098531779_174.png
centerX: 0.5023557126030624
centerY: 0.26144629867351304
width: 0.02944640753828033
height: 0.029097133076593923
Area: 0.00034902245991029745
CentroidX: 0.5177
CentroidY: 0.2773
