Location: 2025-04-19_214715-1.png_Mean-Medain.png
Component: component_1745098531376_424.png
centerX: 0.6313309776207303
centerY: 0.6431322207958922
width: 0.03121319199057715
height: 0.028241335044929396
Area: 0.0003369263746570886
CentroidX: 0.6481
CentroidY: 0.6589
