Location: 2025-04-19_214715-1.png_Otsu.png
Component: component_1745098531506_24.png
centerX: 0.25382803297997647
centerY: 0.017115960633290545
width: 0.026501766784452298
height: 0.02995293110825845
Area: 0.0003134902094789964
CentroidX: 0.2668
CentroidY: 0.0344
