Location: 2025-04-19_214715-1.png_Mean-Medain.png
Component: component_1745098531220_102.png
centerX: 0.16372202591283863
centerY: 0.09927257167308515
width: 0.028268551236749116
height: 0.030380830124090714
Area: 0.00034650244214921226
CentroidX: 0.1784
CentroidY: 0.1163
