Location: 2025-04-19_214715-1.png_Gaussian-Median.png
Component: component_1745098531025_297.png
centerX: 0.05005889281507656
centerY: 0.4796747967479675
width: 0.030624263839811542
height: 0.03080872913992298
Area: 0.0003661585806856767
CentroidX: 0.0657
CentroidY: 0.4975
