Location: 2025-04-19_214715-1.png_Otsu.png
Component: component_1745098531639_376.png
centerX: 0.7055359246171967
centerY: 0.6418485237483954
width: 0.02944640753828033
height: 0.02866923406076166
Area: 0.000307946170404609
CentroidX: 0.7206
CentroidY: 0.6576
