Location: 2025-04-19_214715-1.png_Otsu.png
Component: component_1745098531602_248.png
centerX: 0.8451118963486455
centerY: 0.4300385109114249
width: 0.030624263839811542
height: 0.02995293110825845
Area: 0.0003313823355827012
CentroidX: 0.8616
CentroidY: 0.4473
