Location: 2025-04-19_214715-1.png_Gaussian-Closing.png
Component: component_1745098531867_542.png
centerX: 0.35630153121319197
centerY: 0.8887462558836114
width: 0.024734982332155476
height: 0.0235344458707745
Area: 0.0002714059128688739
CentroidX: 0.3681
CentroidY: 0.9012
