Location: 2025-04-19_214715-1.png_Otsu.png
Component: component_1745098531678_454.png
centerX: 0.9681978798586572
centerY: 0.764655541292255
width: 0.02591283863368669
height: 0.026529738981600343
Area: 0.0002913140531814468
CentroidX: 0.9810
CentroidY: 0.7792
