Location: 2025-04-19_214715-1.png_Gaussian-Median.png
Component: component_1745098530921_96.png
centerX: 0.20141342756183744
centerY: 0.14163457424047926
width: 0.030624263839811542
height: 0.03080872913992298
Area: 0.00037044261087952146
CentroidX: 0.2181
CentroidY: 0.1588
