Location: 2025-04-19_214715-1.png_Gaussian-Median.png
Component: component_1745098530925_114.png
centerX: 0.6713780918727915
centerY: 0.17543859649122806
width: 0.030624263839811542
height: 0.02866923406076166
Area: 0.00037397063574504076
CentroidX: 0.6869
CentroidY: 0.1914
