Location: 2025-04-19_214715-1.png_Otsu.png
Component: component_1745098531595_236.png
centerX: 0.4911660777385159
centerY: 0.3910997004706889
width: 0.028857479387514724
height: 0.028241335044929396
Area: 0.0003286103160455075
CentroidX: 0.5063
CentroidY: 0.4066
