Location: 2025-04-19_214715-1.png_Otsu.png
Component: component_1745098531692_505.png
centerX: 0.40223792697290933
centerY: 0.8403936670945656
width: 0.030035335689045935
height: 0.02738553701326487
Area: 0.00031651423079229863
CentroidX: 0.4166
CentroidY: 0.8558
