Location: 2025-04-19_214715-1.png_Mean-Medain.png
Component: component_1745098531225_110.png
centerX: 0.35217903415783275
centerY: 0.10098416773641421
width: 0.030624263839811542
height: 0.03209242618741977
Area: 0.0003931227707292881
CentroidX: 0.3680
CentroidY: 0.1189
