Location: 2025-04-19_214715-1.png_Otsu.png
Component: component_1745098531594_230.png
centerX: 0.6154299175500589
centerY: 0.38767650834403083
width: 0.02591283863368669
height: 0.030380830124090714
Area: 0.00031424621480732195
CentroidX: 0.6274
CentroidY: 0.4043
