Location: 2025-04-19_214715-1.png_Gaussian-Closing.png
Component: component_1745098531823_351.png
centerX: 0.4799764428739694
centerY: 0.5614035087719298
width: 0.027090694935217905
height: 0.02738553701326487
Area: 0.00032785431071718195
CentroidX: 0.4933
CentroidY: 0.5762
