Location: 2025-04-19_214715-1.png_Mean-Medain.png
Component: component_1745098531364_391.png
centerX: 0.9216725559481743
centerY: 0.5964912280701754
width: 0.028857479387514724
height: 0.026957637997432605
Area: 0.0003500304670147315
CentroidX: 0.9358
CentroidY: 0.6114
