Location: 2025-04-19_214715-1.png_Gaussian-Closing.png
Component: component_1745098531787_204.png
centerX: 0.19434628975265017
centerY: 0.30851519041506204
width: 0.02944640753828033
height: 0.029097133076593923
Area: 0.00035028246879084
CentroidX: 0.2094
CentroidY: 0.3244
