Location: 2025-04-19_214715-1.png_Gaussian-Median.png
Component: component_1745098530930_139.png
centerX: 0.7809187279151943
centerY: 0.21651690201112536
width: 0.02944640753828033
height: 0.02610183996576808
Area: 0.00036162254871572333
CentroidX: 0.7961
CentroidY: 0.2306
