Location: 2025-04-19_214715-1.png_Gaussian-Closing.png
Component: component_1745098531852_474.png
centerX: 0.16195524146054183
centerY: 0.771074026529739
width: 0.030035335689045935
height: 0.026957637997432605
Area: 0.000342974417283693
CentroidX: 0.1772
CentroidY: 0.7850
