Location: 2025-04-19_214715-1.png_Mean-Medain.png
Component: component_1745098531405_497.png
centerX: 0.6048292108362779
centerY: 0.7642276422764228
width: 0.02591283863368669
height: 0.02866923406076166
Area: 0.0003230662769711201
CentroidX: 0.6174
CentroidY: 0.7798
