Location: 2025-04-19_214715-1.png_Otsu.png
Component: component_1745098531689_489.png
centerX: 0.44817432273262664
centerY: 0.80530594779632
width: 0.030035335689045935
height: 0.02866923406076166
Area: 0.00031727023612062417
CentroidX: 0.4629
CentroidY: 0.8212
