Location: 2025-04-19_214715-1.png_Gaussian-Median.png
Component: component_1745098531083_535.png
centerX: 0.4994110718492344
centerY: 0.8848951647411211
width: 0.024734982332155476
height: 0.026529738981600343
Area: 0.0002824939910176487
CentroidX: 0.5112
CentroidY: 0.8993
