Location: 2025-04-19_214715-1.png_Otsu.png
Component: component_1745098531679_457.png
centerX: 0.04122497055359246
centerY: 0.7697903294822422
width: 0.02591283863368669
height: 0.025246041934103552
Area: 0.0002630898542572928
CentroidX: 0.0551
CentroidY: 0.7844
