Location: 2025-04-19_214715-1.png_Otsu.png
Component: component_1745098531671_429.png
centerX: 0.6071849234393404
centerY: 0.7252888318356868
width: 0.027090694935217905
height: 0.02610183996576808
Area: 0.00029887410646470237
CentroidX: 0.6203
CentroidY: 0.7393
