Location: easy26_Mean-Closing.png
Component: component_1744297382008_308.png
centerX: 0.1532258064516129
centerY: 0.23371647509578544
width: 0.020967741935483872
height: 0.014846743295019157
Area: 9.192312445927574e-05
CentroidX: 0.1647
CentroidY: 0.2413
