Location: 2025-04-19_214715-1.png_Otsu.png
Component: component_1745098531612_292.png
centerX: 0.25265017667844525
centerY: 0.4813863928112965
width: 0.028857479387514724
height: 0.02781343602909713
Area: 0.0003150022201356475
CentroidX: 0.2674
CentroidY: 0.4965
