Location: 2025-04-19_214715-1.png_Gaussian-Closing.png
Component: component_1745098531817_324.png
centerX: 0.3751472320376914
centerY: 0.5186136071887034
width: 0.028857479387514724
height: 0.025673940949935817
Area: 0.00032961832314994154
CentroidX: 0.3900
CentroidY: 0.5328
