Location: 2025-04-19_214715-1.png_Gaussian-Median.png
Component: component_1745098531041_362.png
centerX: 0.6542991755005889
centerY: 0.6003423192126658
width: 0.02944640753828033
height: 0.026957637997432605
Area: 0.000342470413731476
CentroidX: 0.6698
CentroidY: 0.6145
