Location: 2025-04-19_214715-1.png_Otsu.png
Component: component_1745098531642_389.png
centerX: 0.3327444051825677
centerY: 0.646127513906718
width: 0.022968197879858657
height: 0.02610183996576808
Area: 0.00021621752390110844
CentroidX: 0.3440
CentroidY: 0.6605
