Location: 2025-04-19_214715-1.png_Gaussian-Closing.png
Component: component_1745098531741_37.png
centerX: 0.13191990577149587
centerY: 0.017543859649122806
width: 0.02767962308598351
height: 0.029097133076593923
Area: 0.00034196641017925897
CentroidX: 0.1451
CentroidY: 0.0341
