Location: 2025-04-19_214715-1.png_Gaussian-Closing.png
Component: component_1745098531787_202.png
centerX: 0.5465253239104829
centerY: 0.3055198973042362
width: 0.02944640753828033
height: 0.02781343602909713
Area: 0.0003414624066270419
CentroidX: 0.5616
CentroidY: 0.3205
