Location: 2025-04-19_214715-1.png_Gaussian-Closing.png
Component: component_1745098531740_31.png
centerX: 0.7915194346289752
centerY: 0.01540436456996149
width: 0.024734982332155476
height: 0.02995293110825845
Area: 0.00034473842971645267
CentroidX: 0.8031
CentroidY: 0.0322
