Location: 2025-04-19_214715-1.png_Gaussian-Median.png
Component: component_1745098531025_296.png
centerX: 0.3327444051825677
centerY: 0.47839109970047067
width: 0.03180212014134275
height: 0.02781343602909713
Area: 0.0003747266410733663
CentroidX: 0.3490
CentroidY: 0.4931
