Location: 2025-04-19_214715-1.png_Mean-Medain.png
Component: component_1745098531370_405.png
centerX: 0.21083627797408716
centerY: 0.6037655113393239
width: 0.028857479387514724
height: 0.030380830124090714
Area: 0.0003452424332686697
CentroidX: 0.2255
CentroidY: 0.6206
