Location: 2025-04-19_214715-1.png_Mean-Medain.png
Component: component_1745098531224_108.png
centerX: 0.1978798586572438
centerY: 0.10098416773641421
width: 0.030035335689045935
height: 0.029525032092426188
Area: 0.0003578425220740956
CentroidX: 0.2138
CentroidY: 0.1173
