Location: 2025-04-19_214715-1.png_Otsu.png
Component: component_1745098531505_22.png
centerX: 0.05005889281507656
centerY: 0.017543859649122806
width: 0.03121319199057715
height: 0.030380830124090714
Area: 0.0003316343373588097
CentroidX: 0.0668
CentroidY: 0.0354
