Location: 2025-04-19_214715-1.png_Mean-Medain.png
Component: component_1745098531408_512.png
centerX: 0.45995288574793874
centerY: 0.771074026529739
width: 0.025323910482921083
height: 0.02738553701326487
Area: 0.0003243262858516627
CentroidX: 0.4720
CentroidY: 0.7852
