Location: 2025-04-19_214715-1.png_Gaussian-Closing.png
Component: component_1745098531777_160.png
centerX: 0.20082449941107186
centerY: 0.22593068035943517
width: 0.03415783274440518
height: 0.028241335044929396
Area: 0.0003790106712672111
CentroidX: 0.2186
CentroidY: 0.2417
