Location: 2025-04-19_214715-1.png_Mean-Medain.png
Component: component_1745098531320_269.png
centerX: 0.9210836277974087
centerY: 0.3855370132648695
width: 0.02944640753828033
height: 0.029525032092426188
Area: 0.00037850666771499405
CentroidX: 0.9357
CentroidY: 0.4015
