Location: 2025-04-19_214715-1.png_Otsu.png
Component: component_1745098531548_111.png
centerX: 0.5518256772673734
centerY: 0.17843388960205392
width: 0.028268551236749116
height: 0.02866923406076166
Area: 0.0003132382077028879
CentroidX: 0.5669
CentroidY: 0.1939
