Location: 2025-04-19_214715-1.png_Otsu.png
Component: component_1745098531512_33.png
centerX: 0.610718492343934
centerY: 0.058194266153187846
width: 0.02944640753828033
height: 0.03080872913992298
Area: 0.00033591836755265454
CentroidX: 0.6265
CentroidY: 0.0753
