Location: 2025-04-19_214715-1.png_Otsu.png
Component: component_1745098531707_532.png
centerX: 0.31566548881036516
centerY: 0.889602053915276
width: 0.025323910482921083
height: 0.0235344458707745
Area: 0.0002366296677658984
CentroidX: 0.3289
CentroidY: 0.9021
