Location: 2025-04-19_214715-1.png_Mean-Medain.png
Component: component_1745098531308_234.png
centerX: 0.5100117785630153
centerY: 0.30637569533590076
width: 0.030624263839811542
height: 0.028241335044929396
Area: 0.0003664105824617852
CentroidX: 0.5256
CentroidY: 0.3214
