Location: 2025-04-19_214715-1.png_Mean-Medain.png
Component: component_1745098531222_106.png
centerX: 0.23792697290930506
centerY: 0.10012836970474968
width: 0.03121319199057715
height: 0.031664527171587506
Area: 0.00039690279737091585
CentroidX: 0.2536
CentroidY: 0.1182
