Location: 2025-04-19_214715-1.png_Otsu.png
Component: component_1745098531505_23.png
centerX: 0.1696113074204947
centerY: 0.017543859649122806
width: 0.03356890459363958
height: 0.029097133076593923
Area: 0.00035481850076079336
CentroidX: 0.1879
CentroidY: 0.0343
