Location: 2025-04-19_214715-1.png_Otsu.png
Component: component_1745098531684_467.png
centerX: 0.2962308598351001
centerY: 0.7719298245614035
width: 0.028857479387514724
height: 0.029525032092426188
Area: 0.00033768237998541413
CentroidX: 0.3096
CentroidY: 0.7874
