Location: 2025-04-19_214715-1.png_Otsu.png
Component: component_1745098531528_56.png
centerX: 0.9481743227326266
centerY: 0.0975609756097561
width: 0.030035335689045935
height: 0.030380830124090714
Area: 0.00037296262864060665
CentroidX: 0.9630
CentroidY: 0.1144
