Location: 2025-04-19_214715-1.png_Gaussian-Median.png
Component: component_1745098531015_254.png
centerX: 0.09540636042402827
centerY: 0.3970902866923406
width: 0.02944640753828033
height: 0.028241335044929396
Area: 0.00035481850076079336
CentroidX: 0.1098
CentroidY: 0.4123
