Location: 2025-04-19_214715-1.png_Gaussian-Median.png
Component: component_1745098531074_492.png
centerX: 0.6336866902237926
centerY: 0.8031664527171587
width: 0.028857479387514724
height: 0.025673940949935817
Area: 0.0003291143195977245
CentroidX: 0.6473
CentroidY: 0.8170
