Location: 2025-04-19_214715-1.png_Gaussian-Median.png
Component: component_1745098530966_156.png
centerX: 0.08892815076560659
centerY: 0.22892597347026103
width: 0.02944640753828033
height: 0.029097133076593923
Area: 0.00036540257535735114
CentroidX: 0.1033
CentroidY: 0.2453
