Location: 2025-04-19_214715-1.png_Gaussian-Median.png
Component: component_1745098531032_326.png
centerX: 0.04888103651354535
centerY: 0.5246041934103551
width: 0.030035335689045935
height: 0.026957637997432605
Area: 0.00035154247767138264
CentroidX: 0.0644
CentroidY: 0.5398
