Location: 2025-04-19_214715-1.png_Gaussian-Median.png
Component: component_1745098531081_528.png
centerX: 0.08362779740871613
centerY: 0.8480958493795464
width: 0.024146054181389872
height: 0.02866923406076166
Area: 0.00032281427519501157
CentroidX: 0.0947
CentroidY: 0.8636
