Location: 2025-04-19_214715-1.png_Gaussian-Closing.png
Component: component_1745098531804_266.png
centerX: 0.5335689045936396
centerY: 0.4326059050064185
width: 0.032391048292108364
height: 0.029097133076593923
Area: 0.00036187455049183185
CentroidX: 0.5505
CentroidY: 0.4489
