Location: 2025-04-19_214715-1.png_Gaussian-Median.png
Component: component_1745098531047_394.png
centerX: 0.3321554770318021
centerY: 0.6456996148908858
width: 0.023557126030624265
height: 0.026957637997432605
Area: 0.00024393771927304543
CentroidX: 0.3439
CentroidY: 0.6603
