Location: 2025-04-19_214715-1.png_Otsu.png
Component: component_1745098531672_431.png
centerX: 0.37809187279151946
centerY: 0.725716730851519
width: 0.030624263839811542
height: 0.028241335044929396
Area: 0.0003150022201356475
CentroidX: 0.3930
CentroidY: 0.7422
