Location: 2025-04-19_214715-1.png_Otsu.png
Component: component_1745098531516_35.png
centerX: 0.8333333333333334
centerY: 0.058622165169020114
width: 0.02944640753828033
height: 0.032520325203252036
Area: 0.00037296262864060665
CentroidX: 0.8489
CentroidY: 0.0770
