Location: 2025-04-19_214715-1.png_Mean-Medain.png
Component: component_1745098531436_563.png
centerX: 0.12014134275618374
centerY: 0.8480958493795464
width: 0.023557126030624265
height: 0.025673940949935817
Area: 0.000294338074494749
CentroidX: 0.1310
CentroidY: 0.8622
