Location: 2025-04-19_214715-1.png_Otsu.png
Component: component_1745098531630_345.png
centerX: 0.889281507656066
centerY: 0.5943517329910141
width: 0.024734982332155476
height: 0.025246041934103552
Area: 0.000287030022987602
CentroidX: 0.9005
CentroidY: 0.6077
