Location: 2025-04-19_214715-1.png_Otsu.png
Component: component_1745098531557_143.png
centerX: 0.24558303886925795
centerY: 0.2246469833119384
width: 0.028268551236749116
height: 0.029525032092426188
Area: 0.00033541436400043746
CentroidX: 0.2589
CentroidY: 0.2405
