Location: 2025-04-19_214715-1.png_Otsu.png
Component: component_1745098531644_402.png
centerX: 0.571849234393404
centerY: 0.6829268292682927
width: 0.03297997644287397
height: 0.02866923406076166
Area: 0.00033491036044822043
CentroidX: 0.5886
CentroidY: 0.6992
