Location: 2025-04-19_214715-1.png_Otsu.png
Component: component_1745098531629_342.png
centerX: 0.1336866902237927
centerY: 0.5631151048352588
width: 0.025323910482921083
height: 0.026529738981600343
Area: 0.0002862740176592765
CentroidX: 0.1458
CentroidY: 0.5775
