Location: 2025-04-19_214715-1.png_Gaussian-Closing.png
Component: component_1745098531827_378.png
centerX: 0.09069493521790342
centerY: 0.6054771074026529
width: 0.026501766784452298
height: 0.02866923406076166
Area: 0.00032533429295609676
CentroidX: 0.1038
CentroidY: 0.6213
