Location: easy26_Mean-Closing.png
Component: component_1744297382126_775.png
centerX: 0.6225806451612903
centerY: 0.6355363984674329
width: 0.020161290322580645
height: 0.014846743295019157
Area: 9.655790384377703e-05
CentroidX: 0.6332
CentroidY: 0.6433
