Location: 2025-04-19_214715-1.png_Otsu.png
Component: component_1745098531641_384.png
centerX: 0.28916372202591284
centerY: 0.6452717158750535
width: 0.030035335689045935
height: 0.02738553701326487
Area: 0.0003258382965083138
CentroidX: 0.3046
CentroidY: 0.6598
