Location: 2025-04-19_214715-1.png_Gaussian-Median.png
Component: component_1745098530916_76.png
centerX: 0.508833922261484
centerY: 0.10141206675224647
width: 0.032391048292108364
height: 0.03423192126658109
Area: 0.00041857495011624843
CentroidX: 0.5256
CentroidY: 0.1198
