Location: 2025-04-19_214715-1.png_Gaussian-Closing.png
Component: component_1745098531855_485.png
centerX: 0.7868080094228505
centerY: 0.8005990586221652
width: 0.025323910482921083
height: 0.02396234488660676
Area: 0.00030719016507628347
CentroidX: 0.7981
CentroidY: 0.8135
