Location: 2025-04-19_214715-1.png_Gaussian-Median.png
Component: component_1745098531028_311.png
centerX: 0.6177856301531213
centerY: 0.5104835258878905
width: 0.027090694935217905
height: 0.02738553701326487
Area: 0.0003596065345068552
CentroidX: 0.6301
CentroidY: 0.5251
