Location: 2025-04-19_214715-1.png_Gaussian-Closing.png
Component: component_1745098531770_127.png
centerX: 0.4375736160188457
centerY: 0.1810012836970475
width: 0.030624263839811542
height: 0.03080872913992298
Area: 0.00036036253983518077
CentroidX: 0.4528
CentroidY: 0.1982
