Location: 2025-04-19_214715-1.png_Gaussian-Closing.png
Component: component_1745098531824_359.png
centerX: 0.8510011778563016
centerY: 0.5960633290543432
width: 0.027090694935217905
height: 0.025246041934103552
Area: 0.00033617036932876305
CentroidX: 0.8633
CentroidY: 0.6098
