Location: 2025-04-19_214715-1.png_Otsu.png
Component: component_1745098531623_315.png
centerX: 0.1684334511189635
centerY: 0.5233204963628584
width: 0.02591283863368669
height: 0.02866923406076166
Area: 0.0002978660993602683
CentroidX: 0.1818
CentroidY: 0.5391
