Location: 2025-04-19_214715-1.png_Otsu.png
Component: component_1745098531678_453.png
centerX: 0.6395759717314488
centerY: 0.7642276422764228
width: 0.02591283863368669
height: 0.026957637997432605
Area: 0.0002915660549575553
CentroidX: 0.6524
CentroidY: 0.7787
