Location: 2025-04-19_214715-1.png_Otsu.png
Component: component_1745098531621_312.png
centerX: 0.2502944640753828
centerY: 0.5216089002995293
width: 0.02591283863368669
height: 0.028241335044929396
Area: 0.00030139412422578756
CentroidX: 0.2640
CentroidY: 0.5373
