Location: 2025-04-19_214715-1.png_Gaussian-Closing.png
Component: component_1745098531762_102.png
centerX: 0.2420494699646643
centerY: 0.14163457424047926
width: 0.03121319199057715
height: 0.032520325203252036
Area: 0.00040799087551969066
CentroidX: 0.2575
CentroidY: 0.1597
