Location: 2025-04-19_214715-1.png_Gaussian-Median.png
Component: component_1745098531027_307.png
centerX: 0.8044758539458187
centerY: 0.5087719298245614
width: 0.028268551236749116
height: 0.02866923406076166
Area: 0.0003454944350447782
CentroidX: 0.8186
CentroidY: 0.5246
