Location: 2025-04-19_214715-1.png_Otsu.png
Component: component_1745098531647_414.png
centerX: 0.16313309776207302
centerY: 0.6872058194266153
width: 0.032391048292108364
height: 0.026529738981600343
Area: 0.00034196641017925897
CentroidX: 0.1783
CentroidY: 0.7008
