Location: 2025-04-19_214715-1.png_Gaussian-Closing.png
Component: component_1745098531843_443.png
centerX: 0.6431095406360424
centerY: 0.7248609328198545
width: 0.02591283863368669
height: 0.026529738981600343
Area: 0.000315254221911756
CentroidX: 0.6558
CentroidY: 0.7394
