Location: 2025-04-19_214715-1.png_Mean-Medain.png
Component: component_1745098531305_228.png
centerX: 0.42697290930506476
centerY: 0.30509199828840394
width: 0.032391048292108364
height: 0.029525032092426188
Area: 0.00039110675652041994
CentroidX: 0.4444
CentroidY: 0.3209
