Location: 2025-04-19_214715-1.png_Otsu.png
Component: component_1745098531644_399.png
centerX: 0.7550058892815077
centerY: 0.6824989302524604
width: 0.027090694935217905
height: 0.026957637997432605
Area: 0.000294338074494749
CentroidX: 0.7689
CentroidY: 0.6967
