Location: 2025-04-19_214715-1.png_Otsu.png
Component: component_1745098531629_339.png
centerX: 0.254416961130742
centerY: 0.5622593068035944
width: 0.02767962308598351
height: 0.02781343602909713
Area: 0.00031424621480732195
CentroidX: 0.2679
CentroidY: 0.5775
