Location: 2025-04-19_214715-1.png_Otsu.png
Component: component_1745098531636_362.png
centerX: 0.21142520612485277
centerY: 0.6041934103551562
width: 0.028268551236749116
height: 0.02995293110825845
Area: 0.0003129862059267794
CentroidX: 0.2255
CentroidY: 0.6206
