Location: 2025-04-19_214715-1.png_Mean-Medain.png
Component: component_1745098531407_508.png
centerX: 0.2502944640753828
centerY: 0.7715019255455713
width: 0.030624263839811542
height: 0.02738553701326487
Area: 0.0003525504847758167
CentroidX: 0.2654
CentroidY: 0.7863
