Location: 2025-04-19_214715-1.png_Gaussian-Median.png
Component: component_1745098530919_87.png
centerX: 0.9481743227326266
centerY: 0.13735558408215662
width: 0.03121319199057715
height: 0.02866923406076166
Area: 0.0003817826908044048
CentroidX: 0.9642
CentroidY: 0.1528
