Location: 2025-04-19_214715-1.png_Gaussian-Median.png
Component: component_1745098531078_514.png
centerX: 0.6336866902237926
centerY: 0.8399657680787335
width: 0.027090694935217905
height: 0.02781343602909713
Area: 0.0003316343373588097
CentroidX: 0.6474
CentroidY: 0.8548
