Location: 2025-04-19_214715-1.png_Gaussian-Closing.png
Component: component_1745098531863_525.png
centerX: 0.47820965842167257
centerY: 0.8421052631578947
width: 0.02767962308598351
height: 0.02866923406076166
Area: 0.00033516236222432894
CentroidX: 0.4921
CentroidY: 0.8577
