Location: 2025-04-19_214715-1.png_Mean-Medain.png
Component: component_1745098531324_285.png
centerX: 0.21201413427561838
centerY: 0.3949507916131793
width: 0.030035335689045935
height: 0.02781343602909713
Area: 0.0003525504847758167
CentroidX: 0.2277
CentroidY: 0.4111
