Location: 2025-04-19_214715-1.png_Gaussian-Closing.png
Component: component_1745098531816_319.png
centerX: 0.5753828032979976
centerY: 0.5134788189987163
width: 0.030035335689045935
height: 0.029097133076593923
Area: 0.0003522984829997082
CentroidX: 0.5907
CentroidY: 0.5303
