Location: 2025-04-19_214715-1.png_Mean-Medain.png
Component: component_1745098531407_503.png
centerX: 0.07597173144876325
centerY: 0.76936243046641
width: 0.030035335689045935
height: 0.029097133076593923
Area: 0.0003394463924181738
CentroidX: 0.0913
CentroidY: 0.7857
