Location: 2025-04-19_214715-1.png_Gaussian-Median.png
Component: component_1745098530920_89.png
centerX: 0.5636042402826855
centerY: 0.1399229781771502
width: 0.030624263839811542
height: 0.03123662815575524
Area: 0.000384806712117707
CentroidX: 0.5795
CentroidY: 0.1571
