Location: 2025-04-19_214715-1.png_Mean-Medain.png
Component: component_1745098531326_296.png
centerX: 0.767962308598351
centerY: 0.4313222079589217
width: 0.02944640753828033
height: 0.02738553701326487
Area: 0.0003399503959703908
CentroidX: 0.7831
CentroidY: 0.4467
