Location: 2025-04-19_214715-1.png_Otsu.png
Component: component_1745098531697_518.png
centerX: 0.12014134275618374
centerY: 0.8485237483953787
width: 0.022968197879858657
height: 0.025246041934103552
Area: 0.0002731699253016335
CentroidX: 0.1310
CentroidY: 0.8623
