Location: 2025-04-19_214715-1.png_Gaussian-Median.png
Component: component_1745098530975_201.png
centerX: 0.3133097762073027
centerY: 0.3080872913992298
width: 0.030035335689045935
height: 0.02781343602909713
Area: 0.0003339023533437864
CentroidX: 0.3293
CentroidY: 0.3233
