Location: 2025-04-19_214715-1.png_Mean-Medain.png
Component: component_1745098531161_65.png
centerX: 0.29034157832744406
centerY: 0.01668806161745828
width: 0.03356890459363958
height: 0.03123662815575524
Area: 0.00039992681868421807
CentroidX: 0.3077
CentroidY: 0.0350
