Location: 2025-04-19_214715-1.png_Gaussian-Closing.png
Component: component_1745098531816_320.png
centerX: 0.4958775029446408
centerY: 0.5147625160462131
width: 0.02767962308598351
height: 0.029097133076593923
Area: 0.0003374303782093056
CentroidX: 0.5096
CentroidY: 0.5308
