Location: 2025-04-19_214715-1.png_Mean-Medain.png
Component: component_1745098531421_533.png
centerX: 0.2826855123674912
centerY: 0.8057338468121523
width: 0.03121319199057715
height: 0.024390243902439025
Area: 0.00032558629473220527
CentroidX: 0.2984
CentroidY: 0.8193
