Location: 2025-04-19_214715-1.png_Otsu.png
Component: component_1745098531592_222.png
centerX: 0.24263839811542992
centerY: 0.35344458707744975
width: 0.028857479387514724
height: 0.026957637997432605
Area: 0.00031953825210560084
CentroidX: 0.2577
CentroidY: 0.3688
