Location: 2025-04-19_214715-1.png_Gaussian-Median.png
Component: component_1745098530927_124.png
centerX: 0.2791519434628975
centerY: 0.181857081728712
width: 0.03180212014134275
height: 0.03123662815575524
Area: 0.00037397063574504076
CentroidX: 0.2959
CentroidY: 0.1990
