Location: 2025-04-19_214715-1.png_Gaussian-Median.png
Component: component_1745098531076_502.png
centerX: 0.08598351001177856
centerY: 0.8065896448438169
width: 0.022968197879858657
height: 0.02781343602909713
Area: 0.00030114212244967904
CentroidX: 0.0967
CentroidY: 0.8211
