Location: 2025-04-19_214715-1.png_Gaussian-Closing.png
Component: component_1745098531784_188.png
centerX: 0.9363957597173145
centerY: 0.2939666238767651
width: 0.030035335689045935
height: 0.029525032092426188
Area: 0.00039463478138593923
CentroidX: 0.9503
CentroidY: 0.3097
