Location: 2025-04-19_214715-1.png_Gaussian-Closing.png
Component: component_1745098531793_231.png
centerX: 0.04534746760895171
centerY: 0.35301668806161746
width: 0.030035335689045935
height: 0.02866923406076166
Area: 0.00036313455937237447
CentroidX: 0.0615
CentroidY: 0.3689
