Location: 2025-04-19_214715-1.png_Otsu.png
Component: component_1745098531578_178.png
centerX: 0.8197879858657244
centerY: 0.29867351305092
width: 0.028857479387514724
height: 0.030380830124090714
Area: 0.00035607850964133593
CentroidX: 0.8342
CentroidY: 0.3155
