Location: 2025-04-19_214715-1.png_Gaussian-Closing.png
Component: component_1745098531838_422.png
centerX: 0.4128386336866902
centerY: 0.6846384253316218
width: 0.028857479387514724
height: 0.02781343602909713
Area: 0.0003369263746570886
CentroidX: 0.4273
CentroidY: 0.6997
