Location: 2025-04-19_214715-1.png_Gaussian-Median.png
Component: component_1745098531055_414.png
centerX: 0.5323910482921084
centerY: 0.6833547282841249
width: 0.03121319199057715
height: 0.02738553701326487
Area: 0.00034121040485093337
CentroidX: 0.5474
CentroidY: 0.6983
