Location: 2025-04-19_214715-1.png_Gaussian-Median.png
Component: component_1745098531024_294.png
centerX: 0.6154299175500589
centerY: 0.4758237056054771
width: 0.02944640753828033
height: 0.02738553701326487
Area: 0.00033516236222432894
CentroidX: 0.6315
CentroidY: 0.4910
