Location: 2025-04-19_214715-1.png_Otsu.png
Component: component_1745098531595_235.png
centerX: 0.45288574793875147
centerY: 0.39152759948652116
width: 0.027090694935217905
height: 0.030380830124090714
Area: 0.00032684630361274784
CentroidX: 0.4663
CentroidY: 0.4079
