Location: 2025-04-19_214715-1.png_Gaussian-Closing.png
Component: component_1745098531826_373.png
centerX: 0.5700824499411072
centerY: 0.6024818142918271
width: 0.028268551236749116
height: 0.028241335044929396
Area: 0.0003482664545819719
CentroidX: 0.5833
CentroidY: 0.6178
