Location: 2025-04-19_214715-1.png_Otsu.png
Component: component_1745098531578_177.png
centerX: 0.85924617196702
centerY: 0.29696191698759095
width: 0.028268551236749116
height: 0.029525032092426188
Area: 0.00034347842083591005
CentroidX: 0.8728
CentroidY: 0.3134
