Location: 2025-04-19_214715-1.png_Gaussian-Median.png
Component: component_1745098531047_395.png
centerX: 0.4034157832744405
centerY: 0.6456996148908858
width: 0.028857479387514724
height: 0.025673940949935817
Area: 0.00033617036932876305
CentroidX: 0.4173
CentroidY: 0.6593
