Location: 2025-04-19_214715-1.png_Gaussian-Median.png
Component: component_1745098530896_10.png
centerX: 0.6790341578327445
centerY: 0.014120667522464698
width: 0.03121319199057715
height: 0.03337612323491656
Area: 0.000384806712117707
CentroidX: 0.6952
CentroidY: 0.0334
