Location: 2025-04-19_214715-1.png_Gaussian-Closing.png
Component: component_1745098531807_278.png
centerX: 0.336866902237927
centerY: 0.4381685922122379
width: 0.030624263839811542
height: 0.028241335044929396
Area: 0.0003510384741191656
CentroidX: 0.3526
CentroidY: 0.4541
