Location: 2025-04-19_214715-1.png_Mean-Medain.png
Component: component_1745098531157_63.png
centerX: 0.2143698468786808
centerY: 0.016260162601626018
width: 0.03180212014134275
height: 0.029525032092426188
Area: 0.0003875787316549007
CentroidX: 0.2304
CentroidY: 0.0327
