Location: 2025-04-19_214715-1.png_Otsu.png
Component: component_1745098531643_398.png
centerX: 0.6142520612485277
centerY: 0.6820710312366282
width: 0.026501766784452298
height: 0.02738553701326487
Area: 0.000294338074494749
CentroidX: 0.6268
CentroidY: 0.6971
