Location: 2025-04-19_214715-1.png_Otsu.png
Component: component_1745098531546_109.png
centerX: 0.5918727915194346
centerY: 0.1775780915703894
width: 0.03415783274440518
height: 0.02866923406076166
Area: 0.0003749786428494748
CentroidX: 0.6090
CentroidY: 0.1928
