Location: 2025-04-19_214715-1.png_Otsu.png
Component: component_1745098531500_15.png
centerX: 0.8539458186101295
centerY: 0.01540436456996149
width: 0.02591283863368669
height: 0.02995293110825845
Area: 0.00034045439952260783
CentroidX: 0.8663
CentroidY: 0.0322
