Location: 2025-04-19_214715-1.png_Mean-Medain.png
Component: component_1745098531317_260.png
centerX: 0.2826855123674912
centerY: 0.35216089002995293
width: 0.030035335689045935
height: 0.02738553701326487
Area: 0.00036867859844676187
CentroidX: 0.2975
CentroidY: 0.3670
