Location: 2025-04-19_214715-1.png_Mean-Medain.png
Component: component_1745098531375_419.png
centerX: 0.8191990577149588
centerY: 0.6414206247325631
width: 0.028857479387514724
height: 0.025246041934103552
Area: 0.0003260902982844223
CentroidX: 0.8337
CentroidY: 0.6552
