Location: 20250501_171042.jpg_Mean-Medain.png
Component: component_1746113322372_3.png
centerX: 0.18954869358669835
centerY: 0.0
width: 0.8104513064133017
height: 0.04203152364273205
Area: 0.01873697434596137
CentroidX: 0.7008
CentroidY: 0.0132
