Location: Sandro_Ⴡ_2.jpg_Mean-Medain.png
Component: component_1744719215565_304.png
centerX: 0.9910979228486647
centerY: 0.5233160621761658
width: 0.008902077151335312
height: 0.0051813471502590676
Area: 1.708324151091021e-05
CentroidX: 0.9955
CentroidY: 0.5261
