Location: Sandro_Ⴎ.jpg_Gaussian-Median.png
Component: component_1744750762132_75.png
centerX: 0.96559849198869
centerY: 0.08889736741701641
width: 0.008953817153628653
height: 0.00877527661198016
Area: 2.894766083122579e-05
CentroidX: 0.9700
CentroidY: 0.0941
