Location: Sandro_Ⴎ.jpg_Gaussian-Closing.png
Component: component_1744750762568_104.png
centerX: 0.967483506126296
centerY: 0.13315528424265546
width: 0.006597549481621112
height: 0.009156810377718427
Area: 2.679007120405368e-05
CentroidX: 0.9708
CentroidY: 0.1381
