Location: 2025-04-19_205656-1.png_Gaussian-Closing.png
Component: component_1745101752031_433.png
centerX: 0.48939929328621906
centerY: 0.8160034231921267
width: 0.024146054181389872
height: 0.015832263585793753
Area: 0.00015069706211289378
CentroidX: 0.5045
CentroidY: 0.8261
