Location: easy21_Mean-Medain.png
Component: component_1744297380747_16.png
centerX: 0.41854838709677417
centerY: 0.03879310344827586
width: 0.01532258064516129
height: 0.014846743295019157
Area: 0.00012089049561240885
CentroidX: 0.4261
CentroidY: 0.0461
