Location: 2025-04-19_205656-1.png_Otsu.png
Component: component_1745101751470_326.png
centerX: 0.6542991755005889
centerY: 0.590928540864356
width: 0.022968197879858657
height: 0.015832263585793753
Area: 0.00014112099462077008
CentroidX: 0.6683
CentroidY: 0.6007
