Location: Sandro_Ⴎ.jpg_Gaussian-Median.png
Component: component_1744750762279_400.png
centerX: 0.9773798303487277
centerY: 0.49294162533384206
width: 0.00942507068803016
height: 0.009538344143456695
Area: 3.308304094997233e-05
CentroidX: 0.9832
CentroidY: 0.4977
