Location: Sandro_Ⴎ.jpg_Gaussian-Median.png
Component: component_1744750762266_372.png
centerX: 0.9684260131950989
centerY: 0.4566959175887066
width: 0.008482563619227144
height: 0.009156810377718427
Area: 3.7578019339914224e-05
CentroidX: 0.9729
CentroidY: 0.4616
