Location: 2025-04-19_205656-1.png_Otsu.png
Component: component_1745101751550_509.png
centerX: 0.5388692579505301
centerY: 0.8955926401369276
width: 0.01707891637220259
height: 0.01668806161745828
Area: 0.00011289679569661607
CentroidX: 0.5500
CentroidY: 0.9060
