Location: 2025-04-18_221110-1.png_Otsu.png
Component: component_1745011178405_593.png
centerX: 0.5706713780918727
centerY: 0.5387248609328199
width: 0.02061248527679623
height: 0.012836970474967908
Area: 6.350444757934654e-05
CentroidX: 0.5786
CentroidY: 0.5450
