Location: Sandro_Ⴏ_2.jpg_Otsu.png
Component: component_1744666450600_174.png
centerX: 0.9922178988326849
centerY: 0.31244281793229645
width: 0.007782101167315175
height: 0.010521500457456541
Area: 3.515473423020922e-05
CentroidX: 0.9960
CentroidY: 0.3176
