Location: easy64_Gaussian-Closing.png
Component: component_1744297381395_840.png
centerX: 0.7212817412333736
centerY: 0.5750320649850363
width: 0.009068923821039904
height: 0.00983326207781103
Area: 4.83365755888403e-05
CentroidX: 0.7259
CentroidY: 0.5801
