Location: 20250420_132057.jpg_Otsu.png
Component: component_1745148178571_758.png
centerX: 0.7728295096716149
centerY: 0.9445073612684032
width: 0.007197480881691408
height: 0.014722536806342015
Area: 4.967117680952097e-05
CentroidX: 0.7759
CentroidY: 0.9504
