Location: Document_2025-04-18_221659-1.png_Mean-Medain.png
Component: component_1745010558921_1.png
centerX: 0.9876325088339223
centerY: 0.0
width: 0.0088339222614841
height: 0.011553273427471117
Area: 3.124822023745623e-05
CentroidX: 0.9942
CentroidY: 0.0044
