Location: 20250420_132057.jpg_Mean-Medain.png
Component: component_1745148178727_623.png
centerX: 0.8434547908232118
centerY: 0.9337485843714609
width: 0.010796221322537112
height: 0.0362400906002265
Area: 0.00027663024623148603
CentroidX: 0.8493
CentroidY: 0.9517
