Location: Sandro_Ⴡ_1.jpg_Mean-Closing.png
Component: component_1744719216234_239.png
centerX: 0.011307100859339666
centerY: 0.5908496732026144
width: 0.007236544549977386
height: 0.01764705882352941
Area: 3.90205833577212e-05
CentroidX: 0.0137
CentroidY: 0.5978
