Location: Document_2025-04-19_205218-1.png_Otsu.png
Component: component_1745102209973_341.png
centerX: 0.5653710247349824
centerY: 0.3102267864783911
width: 0.014723203769140165
height: 0.009413778348309799
Area: 3.805226819238622e-05
CentroidX: 0.5737
CentroidY: 0.3134
