Location: 20250420_132057.jpg_Mean-Closing.png
Component: component_1745148178997_579.png
centerX: 0.6203328834907782
centerY: 0.9909399773499433
width: 0.37966711650922175
height: 0.009060022650056626
Area: 0.002743886751754666
CentroidX: 0.8229
CentroidY: 0.9958
