Location: easy43_Mean-Closing.png
Component: component_1744297380723_1442.png
centerX: 0.34885126964933494
centerY: 0.8088926891834117
width: 0.02418379685610641
height: 0.010688328345446772
Area: 0.0001504378983567115
CentroidX: 0.3604
CentroidY: 0.8146
