Location: 20250420_132057.jpg_Otsu.png
Component: component_1745148178494_212.png
centerX: 0.9748088169140801
centerY: 0.398074745186863
width: 0.007197480881691408
height: 0.015855039637599093
Area: 3.7953873562146794e-05
CentroidX: 0.9783
CentroidY: 0.4042
