Location: Sandro_Ⴎ.jpg_Gaussian-Median.png
Component: component_1744832837651_741.png
centerX: 0.9915174363807728
centerY: 0.7859595574208318
width: 0.007540056550424128
height: 0.00877527661198016
Area: 3.434163489915606e-05
CentroidX: 0.9958
CentroidY: 0.7904
