Location: Sandro_Ⴡ_2.jpg_Otsu.png
Component: component_1744719216464_613.png
centerX: 0.8996043521266073
centerY: 0.9374784110535406
width: 0.013847675568743818
height: 0.008981001727115717
Area: 2.7162354002347237e-05
CentroidX: 0.9061
CentroidY: 0.9424
