Location: easy26_Mean-Closing.png
Component: component_1744297382125_760.png
centerX: 0.13306451612903225
centerY: 0.6139846743295019
width: 0.014516129032258065
height: 0.014367816091954023
Area: 0.00011162093684340626
CentroidX: 0.1399
CentroidY: 0.6209
