Location: Sandro_Ⴏ_1.jpg_Mean-Medain.png
Component: component_1744666450973_582.png
centerX: 0.9615952732644018
centerY: 0.8195804195804196
width: 0.010832102412604629
height: 0.008391608391608392
Area: 4.734310495019506e-05
CentroidX: 0.9675
CentroidY: 0.8242
