Location: 20250420_132057.jpg_Otsu.png
Component: component_1745148178528_381.png
centerX: 0.9154295996401259
centerY: 0.6885617214043035
width: 0.009446693657219974
height: 0.01812004530011325
Area: 2.9802706085712583e-05
CentroidX: 0.9181
CentroidY: 0.6999
