Location: easy43_Mean-Closing.png
Component: component_1744297380636_707.png
centerX: 0.5139056831922612
centerY: 0.4677212483967507
width: 0.0380894800483676
height: 0.006840530141085934
Area: 0.00015819242919984098
CentroidX: 0.5341
CentroidY: 0.4714
