Location: easy21_Mean-Medain.png
Component: component_1744297380984_974.png
centerX: 0.04435483870967742
centerY: 0.7437739463601533
width: 0.01129032258064516
height: 0.018199233716475097
Area: 6.450067976764306e-05
CentroidX: 0.0485
CentroidY: 0.7519
