Location: easy43_Mean-Closing.png
Component: component_1744297380676_1047.png
centerX: 0.8929866989117291
centerY: 0.6241983753740915
width: 0.012696493349455865
height: 0.020949123557075674
Area: 0.00010649555691231125
CentroidX: 0.9012
CentroidY: 0.6342
