Location: Sandro_Ⴡ_2.jpg_Mean-Medain.png
Component: component_1744719215516_90.png
centerX: 0.9896142433234422
centerY: 0.17409326424870467
width: 0.00741839762611276
height: 0.012780656303972366
Area: 4.697891415500308e-05
CentroidX: 0.9934
CentroidY: 0.1796
