Location: Sandro_Ⴎ.jpg_Gaussian-Median.png
Component: component_1744750762010_4.png
centerX: 0.9769085768143261
centerY: 0.0
width: 0.023091423185673893
height: 0.5238458603586418
Area: 0.0041504832461367455
CentroidX: 0.9943
CentroidY: 0.1730
