Location: Sandro_Ⴡ_1.jpg_Mean-Medain.png
Component: component_1744719216054_199.png
centerX: 0.979194934418815
centerY: 0.47058823529411764
width: 0.009045680687471733
height: 0.015032679738562092
Area: 7.094651519585673e-05
CentroidX: 0.9838
CentroidY: 0.4783
