Location: Sandro_Ⴎ.jpg_Gaussian-Closing.png
Component: component_1744750762702_721.png
centerX: 0.9839773798303487
centerY: 0.8111407859595574
width: 0.00706880301602262
height: 0.00877527661198016
Area: 2.8228464288835085e-05
CentroidX: 0.9873
CentroidY: 0.8152
