Location: 2025-04-19_205840-1.png_Otsu.png
Component: component_1745099734449_455.png
centerX: 0.4581861012956419
centerY: 0.20410783055198972
width: 0.008244994110718492
height: 0.006418485237483954
Area: 1.8396129655921814e-05
CentroidX: 0.4614
CentroidY: 0.2069
