Location: easy16_Gaussian-Median.png
Component: component_1744297381823_727.png
centerX: 0.49032258064516127
centerY: 0.5196360153256705
width: 0.01129032258064516
height: 0.011494252873563218
Area: 6.990792238289457e-05
CentroidX: 0.4957
CentroidY: 0.5255
