Location: 20250420_132057.jpg_Mean-Medain.png
Component: component_1745148178626_175.png
centerX: 0.9572649572649573
centerY: 0.16194790486976218
width: 0.006747638326585695
height: 0.01812004530011325
Area: 3.718970161123109e-05
CentroidX: 0.9607
CentroidY: 0.1709
