Location: Sandro_Ⴎ.jpg_Gaussian-Median.png
Component: component_1744832837640_656.png
centerX: 0.000942507068803016
centerY: 0.7428462418924074
width: 0.00942507068803016
height: 0.0064860740175505536
Area: 3.128504959399557e-05
CentroidX: 0.0055
CentroidY: 0.7458
