Location: easy43_Mean-Closing.png
Component: component_1744297380724_1448.png
centerX: 0.8125755743651754
centerY: 0.8088926891834117
width: 0.013301088270858524
height: 0.010260795211628902
Area: 7.728682406985695e-05
CentroidX: 0.8190
CentroidY: 0.8135
