Location: Sandro_Ⴎ.jpg_Gaussian-Median.png
Component: component_1744832837583_341.png
centerX: 0.9811498586239397
centerY: 0.423120946203739
width: 0.007540056550424128
height: 0.011064479206409768
Area: 2.840826342443276e-05
CentroidX: 0.9846
CentroidY: 0.4282
