Location: 2025-04-18_221326-1.png_Gaussian-Median.png
Component: component_1745101240407_237.png
centerX: 0.19022379269729092
centerY: 0.8943089430894309
width: 0.013545347467608953
height: 0.006418485237483954
Area: 2.9232206028588088e-05
CentroidX: 0.1961
CentroidY: 0.8975
