Location: Sandro_Ⴎ.jpg_Gaussian-Closing.png
Component: component_1744750762625_340.png
centerX: 0.969368520263902
centerY: 0.42197634490652425
width: 0.00942507068803016
height: 0.008393742846241892
Area: 3.560022884833979e-05
CentroidX: 0.9743
CentroidY: 0.4268
