Location: 2025-04-19_205656-1.png_Otsu.png
Component: component_1745101751657_581.png
centerX: 0.10129564193168433
centerY: 0.9768934531450578
width: 0.018256772673733806
height: 0.013264869490800172
Area: 8.568060387689613e-05
CentroidX: 0.1124
CentroidY: 0.9850
