Location: Sandro_Ⴎ.jpg_Mean-Medain.png
Component: component_1744750762973_588.png
centerX: 0.9915174363807728
centerY: 0.7340709652804274
width: 0.007540056550424128
height: 0.0064860740175505536
Area: 3.2363844407581626e-05
CentroidX: 0.9954
CentroidY: 0.7373
