Location: 2025-04-19_205840-1.png_Otsu.png
Component: component_1745099734450_468.png
centerX: 0.9375736160188457
centerY: 0.21651690201112536
width: 0.012956419316843345
height: 0.017543859649122806
Area: 4.5360319699533244e-05
CentroidX: 0.9436
CentroidY: 0.2225
