Location: 2025-04-18_221110-1.png_Otsu.png
Component: component_1745011178424_773.png
centerX: 0.6507656065959952
centerY: 0.629867351305092
width: 0.0088339222614841
height: 0.008985879332477536
Area: 3.8556271744603255e-05
CentroidX: 0.6537
CentroidY: 0.6330
