Location: 2025-04-19_205656-1.png_Otsu.png
Component: component_1745101751484_388.png
centerX: 0.4452296819787986
centerY: 0.6936243046640993
width: 0.020023557126030624
height: 0.014548566538296961
Area: 0.00012398487384539087
CentroidX: 0.4574
CentroidY: 0.7027
