Location: Sandro_Ⴎ.jpg_Gaussian-Closing.png
Component: component_1744750762716_772.png
centerX: 0.9886899151743638
centerY: 0.8485310950019077
width: 0.00942507068803016
height: 0.011064479206409768
Area: 4.351139081463752e-05
CentroidX: 0.9934
CentroidY: 0.8540
