Location: Sandro_Ⴎ.jpg_Gaussian-Median.png
Component: component_1744832837534_160.png
centerX: 0.9651272384542884
centerY: 0.22815719191148418
width: 0.00706880301602262
height: 0.007249141549027089
Area: 2.894766083122579e-05
CentroidX: 0.9688
CentroidY: 0.2315
