Location: 2025-04-18_221326-1.png_Otsu.png
Component: component_1745101239904_320.png
centerX: 0.17314487632508835
centerY: 0.8241335044929397
width: 0.03121319199057715
height: 0.02995293110825845
Area: 0.00012121285430819716
CentroidX: 0.1879
CentroidY: 0.8381
