Location: easy64_Gaussian-Closing.png
Component: component_1744297381355_688.png
centerX: 0.6862152357920194
centerY: 0.4553227875160325
width: 0.009068923821039904
height: 0.00983326207781103
Area: 5.014596611890384e-05
CentroidX: 0.6909
CentroidY: 0.4604
