Location: Sandro_Ⴏ_2.jpg_Otsu.png
Component: component_1744666450589_131.png
centerX: 0.9888132295719845
centerY: 0.2433668801463861
width: 0.008268482490272374
height: 0.010521500457456541
Area: 3.315224936899477e-05
CentroidX: 0.9930
CentroidY: 0.2486
