Location: Sandro_Ⴏ_1.jpg_Mean-Medain.png
Component: component_1744666450865_262.png
centerX: 0.9379615952732644
centerY: 0.406993006993007
width: 0.011816838995568686
height: 0.015034965034965035
Area: 6.145995806261685e-05
CentroidX: 0.9427
CentroidY: 0.4142
