Location: Sandro_Ⴏ_2.jpg_Gaussian-Median.png
Component: component_1744666450192_130.png
centerX: 0.9883268482490273
centerY: 0.242451967063129
width: 0.00924124513618677
height: 0.011893870082342177
Area: 4.5167158536281464e-05
CentroidX: 0.9930
CentroidY: 0.2486
