Location: easy16_Gaussian-Median.png
Component: component_1744297381684_220.png
centerX: 0.6790322580645162
centerY: 0.15613026819923373
width: 0.013709677419354839
height: 0.014367816091954023
Area: 9.192312445927574e-05
CentroidX: 0.6853
CentroidY: 0.1632
