Location: Document_2025-04-18_221659-1.png_Gaussian-Median.png
Component: component_1745010558868_3.png
centerX: 0.013545347467608953
centerY: 0.005562687205819427
width: 0.974676089517079
height: 0.014548566538296961
Area: 0.0011249359285484244
CentroidX: 0.5171
CentroidY: 0.0090
