Location: Sandro_Ⴏ_2.jpg_Otsu.png
Component: component_1744666450571_50.png
centerX: 0.9873540856031129
centerY: 0.06633119853613907
width: 0.006809338521400778
height: 0.010521500457456541
Area: 2.7812289739089574e-05
CentroidX: 0.9907
CentroidY: 0.0717
