Location: Document_2025-04-19_205218-1.png_Otsu.png
Component: component_1745102209988_603.png
centerX: 0.24676089517078917
centerY: 0.4231921266581087
width: 0.015312131919905771
height: 0.024390243902439025
Area: 0.00010810876195055422
CentroidX: 0.2527
CentroidY: 0.4355
