Location: easy43_Mean-Closing.png
Component: component_1744297380612_500.png
centerX: 0.5441354292623942
centerY: 0.3672509619495511
width: 0.010882708585247884
height: 0.01410859341598974
Area: 7.935469896135814e-05
CentroidX: 0.5505
CentroidY: 0.3727
