Location: Sandro_Ⴎ.jpg_Otsu.png
Component: component_1744750761763_243.png
centerX: 0.9764373232799246
centerY: 0.3391835177413201
width: 0.015551366635249765
height: 0.011446012972148036
Area: 6.382869313717488e-05
CentroidX: 0.9844
CentroidY: 0.3448
