Location: Sandro_Ⴏ_2.jpg_Gaussian-Median.png
Component: component_1744666450502_439.png
centerX: 0.9659533073929961
centerY: 0.9240622140896615
width: 0.010700389105058366
height: 0.012808783165599268
Area: 6.0074545836433474e-05
CentroidX: 0.9719
CentroidY: 0.9302
