Location: Sandro_Ⴏ_1.jpg_Mean-Medain.png
Component: component_1744666450942_481.png
centerX: 0.9581486952240276
centerY: 0.705944055944056
width: 0.007385524372230428
height: 0.00909090909090909
Area: 3.339840858304669e-05
CentroidX: 0.9623
CentroidY: 0.7103
