Location: 20250420_132057.jpg_Otsu.png
Component: component_1745148178568_718.png
centerX: 0.41025641025641024
centerY: 0.928652321630804
width: 0.015294646873594242
height: 0.01925254813137033
Area: 9.424787394627056e-05
CentroidX: 0.4159
CentroidY: 0.9386
