Location: easy43_Mean-Closing.png
Component: component_1744297380691_1188.png
centerX: 0.4879081015719468
centerY: 0.6776400171013254
width: 0.02599758162031439
height: 0.013253527148353997
Area: 0.00017783724066910227
CentroidX: 0.5009
CentroidY: 0.6852
