Location: 2025-04-19_205840-1.png_Otsu.png
Component: component_1745099734455_605.png
centerX: 0.549469964664311
centerY: 0.2468977321352161
width: 0.018256772673733806
height: 0.009413778348309799
Area: 5.292037298278878e-05
CentroidX: 0.5568
CentroidY: 0.2515
