Location: 2025-04-19_205656-1.png_Otsu.png
Component: component_1745101751554_514.png
centerX: 0.6336866902237926
centerY: 0.8968763371844245
width: 0.020023557126030624
height: 0.014548566538296961
Area: 0.00011516481168159273
CentroidX: 0.6456
CentroidY: 0.9057
