Location: internet_29.png_Mean-Closing.png
Component: component_1755079128713_38.png
centerX: 0.14913341394598953
centerY: 0.05503279155973767
width: 0.0354695687222894
height: 0.04020530367835757
Area: 0.0005171898386678017
CentroidX: 0.1666
CentroidY: 0.0759
