Location: Dedata_23.png_Otsu.png
Component: component_1755510040910_540.png
centerX: 0.5596774193548387
centerY: 0.5699629524080935
width: 0.025
height: 0.02792818466799658
Area: 0.0002332711276992802
CentroidX: 0.5720
CentroidY: 0.5840
