Location: internet_29.png_Gaussian-Closing.png
Component: component_1755079129274_267.png
centerX: 0.1837968561064087
centerY: 0.5443398916452808
width: 0.035872632003224506
height: 0.033932135728542916
Area: 0.0003798472037326855
CentroidX: 0.2046
CentroidY: 0.5596
