Location: internet_29.png_Mean-Closing.png
Component: component_1755079128802_225.png
centerX: 0.6711003627569528
centerY: 0.4525235243798118
width: 0.03909713825070536
height: 0.029940119760479042
Area: 0.0003273237023390887
CentroidX: 0.6924
CentroidY: 0.4662
