Location: internet_29.png_Gaussian-Median.png
Component: component_1755079128898_81.png
centerX: 0.2361950826279726
centerY: 0.151981750784146
width: 0.042724707779121324
height: 0.039064727687482176
Area: 0.00045535692017818454
CentroidX: 0.2581
CentroidY: 0.1717
