Location: Dedata_23.png_Gaussian-Closing.png
Component: component_1755510041179_411.png
centerX: 0.7987903225806452
centerY: 0.7175833570817897
width: 0.020967741935483872
height: 0.029068110572812767
Area: 0.00029486389836273547
CentroidX: 0.8098
CentroidY: 0.7316
