Location: Dedata_23.png_Otsu.png
Component: component_1755510040872_463.png
centerX: 0.8350806451612903
centerY: 0.5027073240239385
width: 0.02217741935483871
height: 0.03134796238244514
Area: 0.00023924654574871988
CentroidX: 0.8470
CentroidY: 0.5182
