Location: Dedata_23.png_Otsu.png
Component: component_1755510040493_100.png
centerX: 0.05
centerY: 0.16015958962667426
width: 0.024193548387096774
height: 0.028783129096608722
Area: 0.00027349028764743195
CentroidX: 0.0623
CentroidY: 0.1749
