Location: internet_29.png_Gaussian-Closing.png
Component: component_1755079129043_105.png
centerX: 0.18742442563482467
centerY: 0.20273738237810093
width: 0.03506650544135429
height: 0.03507271171941831
Area: 0.00042248663265396423
CentroidX: 0.2063
CentroidY: 0.2191
