Location: internet_29.png_Gaussian-Closing.png
Component: component_1755079129019_18.png
centerX: 0.06126561870213623
centerY: 0.0071285999429712005
width: 0.03426037887948408
height: 0.03792415169660679
Area: 0.0004808716188857961
CentroidX: 0.0791
CentroidY: 0.0255
