Location: Dedata_23.png_Mean-Closing.png
Component: component_1755510039943_171.png
centerX: 0.27056451612903226
centerY: 0.31005984611000287
width: 0.024596774193548387
height: 0.02707324023938444
Area: 0.0002896928635122588
CentroidX: 0.2827
CentroidY: 0.3241
