Location: Dedata_23.png_Otsu.png
Component: component_1755510040507_135.png
centerX: 0.05
centerY: 0.20917640353377032
width: 0.02338709677419355
height: 0.030208036477628954
Area: 0.0002541850908723191
CentroidX: 0.0618
CentroidY: 0.2250
