Location: internet_29.png_Mean-Closing.png
Component: component_1755079128673_11.png
centerX: 0.845626763401854
centerY: 0.004562303963501569
width: 0.036275695284159616
height: 0.03165098374679213
Area: 0.0004291526350190159
CentroidX: 0.8647
CentroidY: 0.0200
