Location: internet_29.png_Gaussian-Closing.png
Component: component_1755079129281_288.png
centerX: 0.23458282950423218
centerY: 0.5950955232392359
width: 0.03990326481257558
height: 0.028229255774165955
Area: 0.0003482411580363198
CentroidX: 0.2565
CentroidY: 0.6078
