Location: internet_29.png_Gaussian-Closing.png
Component: component_1755079129273_266.png
centerX: 0.8182184602982668
centerY: 0.5420587396635301
width: 0.03788794840790004
height: 0.033932135728542916
Area: 0.0003461723986816486
CentroidX: 0.8399
CentroidY: 0.5571
