Location: internet_29.png_Gaussian-Median.png
Component: component_1755079128943_293.png
centerX: 0.5614671503426037
centerY: 0.5694325634445395
width: 0.037484885126964934
height: 0.03222127174222983
Area: 0.00034375884610119887
CentroidX: 0.5828
CentroidY: 0.5839
