Location: Dedata_23.png_Otsu.png
Component: component_1755510040851_419.png
centerX: 0.6459677419354839
centerY: 0.46936449130806496
width: 0.02661290322580645
height: 0.02707324023938444
Area: 0.00023177727318692026
CentroidX: 0.6590
CentroidY: 0.4825
