Location: internet_29.png_Mean-Closing.png
Component: component_1755079128816_290.png
centerX: 0.6654574768238614
centerY: 0.6013686911890505
width: 0.0354695687222894
height: 0.03222127174222983
Area: 0.00037168709738926017
CentroidX: 0.6849
CentroidY: 0.6163
