Location: internet_29.png_Gaussian-Median.png
Component: component_1755079128904_109.png
centerX: 0.09068923821039904
centerY: 0.21157684630738524
width: 0.0354695687222894
height: 0.033361847733105215
Area: 0.00040041986620413804
CentroidX: 0.1070
CentroidY: 0.2287
