Location: Dedata_23.png_Mean-Closing.png
Component: component_1755510039995_371.png
centerX: 0.9669354838709677
centerY: 0.6466229695069821
width: 0.021370967741935483
height: 0.032487888287261325
Area: 0.00032945237591814594
CentroidX: 0.9786
CentroidY: 0.6621
