Location: Dedata_23.png_Gaussian-Closing.png
Component: component_1755510041046_55.png
centerX: 0.8657258064516129
centerY: 0.08891422057566258
width: 0.016935483870967744
height: 0.03419777714448561
Area: 0.00028888848031329576
CentroidX: 0.8740
CentroidY: 0.1046
