Location: Dedata_23.png_Gaussian-Median.png
Component: component_1755510040408_397.png
centerX: 0.680241935483871
centerY: 0.6600170988885723
width: 0.024193548387096774
height: 0.03305785123966942
Area: 0.00031290506439662067
CentroidX: 0.6935
CentroidY: 0.6765
