Location: Dedata_23.png_Gaussian-Median.png
Component: component_1755510040365_291.png
centerX: 0.3725806451612903
centerY: 0.4847534910230835
width: 0.024193548387096774
height: 0.030493017953833
Area: 0.00031428400702341447
CentroidX: 0.3843
CentroidY: 0.5003
