Location: internet_29.png_Mean-Medain.png
Component: component_1755079128485_352.png
centerX: 0.007255139056831923
centerY: 0.7117194183062446
width: 0.03909713825070536
height: 0.029369831765041345
Area: 0.0003972017960968717
CentroidX: 0.0282
CentroidY: 0.7247
