Location: internet_29.png_Mean-Closing.png
Component: component_1755079128785_158.png
centerX: 0.592503022974607
centerY: 0.3090960935272313
width: 0.03667875856509472
height: 0.035357855717137156
Area: 0.00036168809384168267
CentroidX: 0.6132
CentroidY: 0.3255
