Location: Dedata_23.png_Otsu.png
Component: component_1755510040835_396.png
centerX: 0.21491935483870966
centerY: 0.44656597321174124
width: 0.027016129032258064
height: 0.02707324023938444
Area: 0.0002297088592467296
CentroidX: 0.2295
CentroidY: 0.4603
