Location: Dedata_23.png_Otsu.png
Component: component_1755510040496_114.png
centerX: 0.5866935483870968
centerY: 0.19065260758050726
width: 0.02056451612903226
height: 0.025648332858364205
Area: 0.00024993335110637166
CentroidX: 0.5970
CentroidY: 0.2035
