Location: Dedata_23.png_Gaussian-Closing.png
Component: component_1755510041150_304.png
centerX: 0.5717741935483871
centerY: 0.5178113422627529
width: 0.02338709677419355
height: 0.03220290681105728
Area: 0.0003408286525891946
CentroidX: 0.5836
CentroidY: 0.5326
