Location: Dedata_23.png_Otsu.png
Component: component_1755510040924_609.png
centerX: 0.644758064516129
centerY: 0.6625819321744086
width: 0.02258064516129032
height: 0.02963807352522086
Area: 0.0002330413039281479
CentroidX: 0.6554
CentroidY: 0.6773
