Location: Dedata_23.png_Otsu.png
Component: component_1755510040475_29.png
centerX: 0.8713709677419355
centerY: 0.050156739811912224
width: 0.018145161290322582
height: 0.025933314334568254
Area: 0.0002321220088436187
CentroidX: 0.8808
CentroidY: 0.0631
