Location: Dedata_23.png_Mean-Closing.png
Component: component_1755510039919_75.png
centerX: 0.9362903225806452
centerY: 0.13194642348247365
width: 0.02217741935483871
height: 0.027643203191792535
Area: 0.00030371211355132886
CentroidX: 0.9478
CentroidY: 0.1456
