Location: Dedata_23.png_Otsu.png
Component: component_1755510040512_167.png
centerX: 0.36532258064516127
centerY: 0.2581932174408663
width: 0.02217741935483871
height: 0.02821316614420063
Area: 0.00024177460723117514
CentroidX: 0.3761
CentroidY: 0.2719
