Location: Dedata_23.png_Gaussian-Closing.png
Component: component_1755510041154_314.png
centerX: 0.23387096774193547
centerY: 0.536905101168424
width: 0.02338709677419355
height: 0.030777999430037048
Area: 0.00032864799271918295
CentroidX: 0.2460
CentroidY: 0.5516
