Location: internet_29.png_Gaussian-Closing.png
Component: component_1755079129023_34.png
centerX: 0.6569931479242241
centerY: 0.04875962360992301
width: 0.03829101168883515
height: 0.03507271171941831
Area: 0.0004791476527569034
CentroidX: 0.6783
CentroidY: 0.0657
