Location: internet_29.png_Gaussian-Median.png
Component: component_1755079128933_249.png
centerX: 0.4147521160822249
centerY: 0.47191331622469346
width: 0.0354695687222894
height: 0.03022526375819789
Area: 0.0003000850375025845
CentroidX: 0.4355
CentroidY: 0.4863
