Location: Dedata_23.png_Otsu.png
Component: component_1755510040537_208.png
centerX: 0.3814516129032258
centerY: 0.30521516101453405
width: 0.02379032258064516
height: 0.025648332858364205
Area: 0.00018592743084602727
CentroidX: 0.3931
CentroidY: 0.3185
