Location: internet_29.png_Gaussian-Median.png
Component: component_1755079128877_6.png
centerX: 0.012494961708988311
centerY: 0.00427715996578272
width: 0.032648125755743655
height: 0.03934987168520103
Area: 0.0004946633479169375
CentroidX: 0.0280
CentroidY: 0.0245
