Location: Dedata_23.png_Otsu.png
Component: component_1755510040832_388.png
centerX: 0.4403225806451613
centerY: 0.43459675121117125
width: 0.022983870967741935
height: 0.0262182958107723
Area: 0.00024683073019608564
CentroidX: 0.4525
CentroidY: 0.4477
