Location: internet_29.png_Mean-Medain.png
Component: component_1755079128410_27.png
centerX: 0.7480854494155582
centerY: 0.046193327630453376
width: 0.037081821846029824
height: 0.035357855717137156
Area: 0.0004971918315726467
CentroidX: 0.7662
CentroidY: 0.0640
