Location: internet_29.png_Gaussian-Median.png
Component: component_1755079128945_303.png
centerX: 0.8363563079403467
centerY: 0.590818363273453
width: 0.03788794840790004
height: 0.028514399771884802
Area: 0.00037766351330275477
CentroidX: 0.8575
CentroidY: 0.6038
