Location: Dedata_23.png_Mean-Closing.png
Component: component_1755510039993_365.png
centerX: 0.20403225806451614
centerY: 0.6363636363636364
width: 0.025
height: 0.029353092049016812
Area: 0.00032462607672436775
CentroidX: 0.2165
CentroidY: 0.6501
