Location: Dedata_23.png_Mean-Closing.png
Component: component_1755510039966_268.png
centerX: 0.6455645161290322
centerY: 0.46936449130806496
width: 0.027419354838709678
height: 0.027358221715588486
Area: 0.00032301731032644167
CentroidX: 0.6594
CentroidY: 0.4826
