Location: Dedata_23.png_Otsu.png
Component: component_1755510040922_596.png
centerX: 0.05524193548387097
centerY: 0.6469079509831861
width: 0.021370967741935483
height: 0.025078369905956112
Area: 0.00019132828946763622
CentroidX: 0.0658
CentroidY: 0.6583
