Location: Dedata_23.png_Mean-Closing.png
Component: component_1755510039926_107.png
centerX: 0.7024193548387097
centerY: 0.1846679965802223
width: 0.02338709677419355
height: 0.027358221715588486
Area: 0.0003183059230182296
CentroidX: 0.7138
CentroidY: 0.1979
