Location: internet_29.png_Mean-Closing.png
Component: component_1755079128764_82.png
centerX: 0.14349052801289802
centerY: 0.15939549472483605
width: 0.037484885126964934
height: 0.03649843170801255
Area: 0.0004847792754446195
CentroidX: 0.1618
CentroidY: 0.1777
