Location: internet_29.png_Mean-Medain.png
Component: component_1755079128462_248.png
centerX: 0.4607013301088271
centerY: 0.46820644425434843
width: 0.04070939137444579
height: 0.03279155973766752
Area: 0.00035571167792818807
CentroidX: 0.4832
CentroidY: 0.4840
