Location: Dedata_23.png_Mean-Closing.png
Component: component_1755510039941_162.png
centerX: 0.5770161290322581
centerY: 0.29438586491878027
width: 0.025806451612903226
height: 0.03220290681105728
Area: 0.000333359380027395
CentroidX: 0.5893
CentroidY: 0.3098
