Location: internet_29.png_Mean-Medain.png
Component: component_1755079128408_17.png
centerX: 0.6469165659008465
centerY: 0.006558311947533505
width: 0.04191858121725111
height: 0.033932135728542916
Area: 0.0005168450454420232
CentroidX: 0.6692
CentroidY: 0.0218
