Location: internet_29.png_Mean-Medain.png
Component: component_1755079128428_102.png
centerX: 0.3373639661426844
centerY: 0.1936127744510978
width: 0.03385731559854897
height: 0.03450242372398061
Area: 0.00046558578587628107
CentroidX: 0.3541
CentroidY: 0.2107
