Location: Dedata_23.png_Gaussian-Closing.png
Component: component_1755510041081_122.png
centerX: 0.3903225806451613
centerY: 0.19777714448560843
width: 0.021370967741935483
height: 0.02963807352522086
Area: 0.00030922788405850395
CentroidX: 0.4008
CentroidY: 0.2130
