Location: Dedata_23.png_Otsu.png
Component: component_1755510040514_181.png
centerX: 0.8826612903225807
centerY: 0.2792818466799658
width: 0.020967741935483872
height: 0.03334283271587347
Area: 0.00017558536114507396
CentroidX: 0.8939
CentroidY: 0.2985
