Location: Dedata_23.png_Gaussian-Closing.png
Component: component_1755510041036_24.png
centerX: 0.5919354838709677
centerY: 0.010829296095753777
width: 0.020161290322580645
height: 0.03419777714448561
Area: 0.00035841017108081524
CentroidX: 0.6018
CentroidY: 0.0287
