Location: Dedata_23.png_Otsu.png
Component: component_1755510040901_510.png
centerX: 0.1217741935483871
centerY: 0.542604730692505
width: 0.024596774193548387
height: 0.03134796238244514
Area: 0.0002275255334209728
CentroidX: 0.1345
CentroidY: 0.5580
