Location: Dedata_23.png_Mean-Closing.png
Component: component_1755510039975_294.png
centerX: 0.7120967741935483
centerY: 0.5084069535480193
width: 0.020967741935483872
height: 0.030208036477628954
Area: 0.00029222092499471406
CentroidX: 0.7230
CentroidY: 0.5229
