Location: Dedata_23.png_Otsu.png
Component: component_1755510040485_72.png
centerX: 0.1254032258064516
centerY: 0.10800797948133371
width: 0.01935483870967742
height: 0.028498147620404674
Area: 0.0002637227773743094
CentroidX: 0.1355
CentroidY: 0.1222
