Location: Dedata_23.png_Otsu.png
Component: component_1755510040795_295.png
centerX: 0.8354838709677419
centerY: 0.37104588201766886
width: 0.02258064516129032
height: 0.02792818466799658
Area: 0.00020764577721802923
CentroidX: 0.8483
CentroidY: 0.3839
