Location: Dedata_23.png_Otsu.png
Component: component_1755510040808_311.png
centerX: 0.5512096774193549
centerY: 0.3821601595896267
width: 0.02620967741935484
height: 0.02821316614420063
Area: 0.00021637908052105645
CentroidX: 0.5621
CentroidY: 0.3955
