Location: internet_29.png_Gaussian-Closing.png
Component: component_1755079129030_63.png
centerX: 0.0048367593712212815
centerY: 0.11348731109210151
width: 0.036275695284159616
height: 0.03421727972626176
Area: 0.0004558166444792226
CentroidX: 0.0228
CentroidY: 0.1317
