Location: internet_29.png_Mean-Medain.png
Component: component_1755079128470_281.png
centerX: 0.23377670294236194
centerY: 0.5389221556886228
width: 0.03667875856509472
height: 0.034787567721699456
Area: 0.0003822607563131352
CentroidX: 0.2531
CentroidY: 0.5556
