Location: Dedata_23.png_Gaussian-Median.png
Component: component_1755510040328_189.png
centerX: 0.7483870967741936
centerY: 0.3328583642063266
width: 0.027016129032258064
height: 0.029923055001424906
Area: 0.00032290239844087553
CentroidX: 0.7610
CentroidY: 0.3481
