Location: internet_29.png_Mean-Closing.png
Component: component_1755079128794_191.png
centerX: 0.8996372430471584
centerY: 0.37952666096378673
width: 0.037484885126964934
height: 0.027088679783290562
Area: 0.0002936488972880519
CentroidX: 0.9209
CentroidY: 0.3927
