Location: internet_29.png_Mean-Medain.png
Component: component_1755079128462_247.png
centerX: 0.5082627972591697
centerY: 0.4644995722840034
width: 0.037081821846029824
height: 0.028229255774165955
Area: 0.000329622323844279
CentroidX: 0.5285
CentroidY: 0.4775
