Location: Dedata_23.png_Mean-Closing.png
Component: component_1755510039920_83.png
centerX: 0.6
centerY: 0.1413508121972072
width: 0.022983870967741935
height: 0.02821316614420063
Area: 0.0003103770029141654
CentroidX: 0.6126
CentroidY: 0.1556
