Location: Dedata_23.png_Gaussian-Closing.png
Component: component_1755510041041_40.png
centerX: 0.6713709677419355
centerY: 0.056141350812197205
width: 0.01975806451612903
height: 0.026788258763180393
Area: 0.00027774202741337944
CentroidX: 0.6815
CentroidY: 0.0693
