Location: Dedata_23.png_Gaussian-Median.png
Component: component_1755510040340_219.png
centerX: 0.6935483870967742
centerY: 0.37902536335138215
width: 0.02258064516129032
height: 0.02707324023938444
Area: 0.0002436131974002335
CentroidX: 0.7050
CentroidY: 0.3917
