Location: internet_29.png_Gaussian-Median.png
Component: component_1755079128954_333.png
centerX: 0.75453446191052
centerY: 0.6469917308240661
width: 0.04433696090286175
height: 0.028229255774165955
Area: 0.0004009945215804356
CentroidX: 0.7803
CentroidY: 0.6584
