Location: Dedata_23.png_Gaussian-Closing.png
Component: component_1755510041171_383.png
centerX: 0.7209677419354839
centerY: 0.6600170988885723
width: 0.024193548387096774
height: 0.030777999430037048
Area: 0.00031979977753058956
CentroidX: 0.7327
CentroidY: 0.6747
