Location: internet_29.png_Gaussian-Median.png
Component: component_1755079128913_152.png
centerX: 0.26964933494558646
centerY: 0.2968349016253208
width: 0.04030632809351068
height: 0.035357855717137156
Area: 0.00043535891308302954
CentroidX: 0.2896
CentroidY: 0.3144
