Location: internet_29.png_Mean-Medain.png
Component: component_1755079128427_99.png
centerX: 0.46916565900846435
centerY: 0.18676931850584544
width: 0.041112454655380895
height: 0.029940119760479042
Area: 0.00041605049243943163
CentroidX: 0.4919
CentroidY: 0.2005
