Location: internet_29.png_Gaussian-Median.png
Component: component_1755079128895_66.png
centerX: 0.9363160016122531
centerY: 0.1277445109780439
width: 0.03184199919387344
height: 0.032506415739948676
Area: 0.00038168610093683767
CentroidX: 0.9528
CentroidY: 0.1439
