Location: internet_29.png_Gaussian-Median.png
Component: component_1755079128931_230.png
centerX: 0.7573559048770657
centerY: 0.4453949244368406
width: 0.03345425231761386
height: 0.03222127174222983
Area: 0.00031950838922144195
CentroidX: 0.7770
CentroidY: 0.4605
