Location: internet_29.png_Gaussian-Closing.png
Component: component_1755079129295_319.png
centerX: 0.008061265618702136
centerY: 0.6589677787282577
width: 0.032648125755743655
height: 0.03279155973766752
Area: 0.0003419199488970467
CentroidX: 0.0262
CentroidY: 0.6743
