Location: internet_29.png_Gaussian-Closing.png
Component: component_1755079129189_141.png
centerX: 0.008061265618702136
centerY: 0.2677502138579983
width: 0.0354695687222894
height: 0.03792415169660679
Area: 0.0004528284365224753
CentroidX: 0.0243
CentroidY: 0.2872
