Location: internet_29.png_Gaussian-Median.png
Component: component_1755079128880_10.png
centerX: 0.7980652962515115
centerY: 0.004562303963501569
width: 0.03667875856509472
height: 0.031936127744510975
Area: 0.0004829403782404673
CentroidX: 0.8158
CentroidY: 0.0211
