Location: Dedata_23.png_Mean-Closing.png
Component: component_1755510039989_349.png
centerX: 0.7185483870967742
centerY: 0.6075805072670276
width: 0.02338709677419355
height: 0.032487888287261325
Area: 0.0003158927734213405
CentroidX: 0.7321
CentroidY: 0.6238
