Location: Dedata_23.png_Mean-Closing.png
Component: component_1755510039915_55.png
centerX: 0.7895161290322581
centerY: 0.09290396124251923
width: 0.021774193548387097
height: 0.029923055001424906
Area: 0.0002870498901442374
CentroidX: 0.8022
CentroidY: 0.1073
