Location: Dedata_23.png_Otsu.png
Component: component_1755510040477_39.png
centerX: 0.6713709677419355
centerY: 0.05642633228840126
width: 0.01975806451612903
height: 0.0262182958107723
Area: 0.00025016317487750394
CentroidX: 0.6815
CentroidY: 0.0693
