Location: internet_29.png_Gaussian-Median.png
Component: component_1755079128925_202.png
centerX: 0.7392180572349859
centerY: 0.3932135728542914
width: 0.03788794840790004
height: 0.031936127744510975
Area: 0.00034640226083216765
CentroidX: 0.7600
CentroidY: 0.4087
