Location: Dedata_23.png_Mean-Closing.png
Component: component_1755510039911_38.png
centerX: 0.25201612903225806
centerY: 0.05642633228840126
width: 0.022983870967741935
height: 0.030777999430037048
Area: 0.0003445058329273113
CentroidX: 0.2640
CentroidY: 0.0719
