Location: Dedata_23.png_Gaussian-Median.png
Component: component_1755510040341_222.png
centerX: 0.6564516129032258
centerY: 0.3804502707324024
width: 0.022983870967741935
height: 0.02821316614420063
Area: 0.00026981310730931523
CentroidX: 0.6680
CentroidY: 0.3942
