Location: Dedata_23.png_Mean-Closing.png
Component: component_1755510039923_94.png
centerX: 0.20040322580645162
centerY: 0.1536050156739812
width: 0.02379032258064516
height: 0.026503277286976348
Area: 0.00029635775287509535
CentroidX: 0.2126
CentroidY: 0.1670
