Location: Dedata_23.png_Gaussian-Closing.png
Component: component_1755510041160_337.png
centerX: 0.4544354838709677
centerY: 0.573097748646338
width: 0.024193548387096774
height: 0.027643203191792535
Area: 0.00030394193732246114
CentroidX: 0.4657
CentroidY: 0.5866
