Location: Dedata_23.png_Otsu.png
Component: component_1755510040517_197.png
centerX: 0.5774193548387097
centerY: 0.2946708463949843
width: 0.024596774193548387
height: 0.031062980906241093
Area: 0.00022419308873955452
CentroidX: 0.5891
CentroidY: 0.3096
