Location: Dedata_23.png_Gaussian-Median.png
Component: component_1755510040318_175.png
centerX: 0.23387096774193547
centerY: 0.30977486463379883
width: 0.02379032258064516
height: 0.028783129096608722
Area: 0.0003196848656450234
CentroidX: 0.2446
CentroidY: 0.3249
