Location: internet_29.png_Gaussian-Median.png
Component: component_1755079128939_276.png
centerX: 0.9427650141072148
centerY: 0.5312232677502139
width: 0.03426037887948408
height: 0.031080695751354435
Area: 0.0003250250808338985
CentroidX: 0.9609
CentroidY: 0.5465
