Location: internet_29.png_Gaussian-Median.png
Component: component_1755079128886_27.png
centerX: 0.7480854494155582
centerY: 0.046193327630453376
width: 0.037081821846029824
height: 0.035357855717137156
Area: 0.0004899511738312975
CentroidX: 0.7662
CentroidY: 0.0640
