Location: internet_29.png_Gaussian-Closing.png
Component: component_1755079129225_202.png
centerX: 0.18460298266827893
centerY: 0.39749073282007413
width: 0.03345425231761386
height: 0.036213287710293696
Area: 0.0004235210123312999
CentroidX: 0.2013
CentroidY: 0.4159
