Location: Dedata_23.png_Mean-Closing.png
Component: component_1755510039957_230.png
centerX: 0.05
centerY: 0.40581362211456257
width: 0.02338709677419355
height: 0.0353377030493018
Area: 0.00036898206455290085
CentroidX: 0.0616
CentroidY: 0.4232
