Location: Dedata_23.png_Gaussian-Closing.png
Component: component_1755510041072_102.png
centerX: 0.0846774193548387
centerY: 0.15844970076944997
width: 0.02258064516129032
height: 0.030208036477628954
Area: 0.00030658491069048254
CentroidX: 0.0970
CentroidY: 0.1735
