Location: Dedata_23.png_Mean-Closing.png
Component: component_1755510040001_397.png
centerX: 0.014919354838709677
centerY: 0.6916500427472214
width: 0.025403225806451612
height: 0.02821316614420063
Area: 0.0003540435194293016
CentroidX: 0.0277
CentroidY: 0.7049
