Location: Dedata_23.png_Mean-Closing.png
Component: component_1755510040002_399.png
centerX: 0.964516129032258
centerY: 0.7053291536050157
width: 0.022983870967741935
height: 0.026788258763180393
Area: 0.0002935998676215078
CentroidX: 0.9758
CentroidY: 0.7186
