Location: Dedata_23.png_Gaussian-Closing.png
Component: component_1755510041182_418.png
centerX: 0.5911290322580646
centerY: 0.7221430607010544
width: 0.025
height: 0.026503277286976348
Area: 0.00028716480202980354
CentroidX: 0.6048
CentroidY: 0.7354
