Location: internet_29.png_Mean-Medain.png
Component: component_1755079128443_173.png
centerX: 0.3599355098750504
centerY: 0.33390362132877105
width: 0.03909713825070536
height: 0.033361847733105215
Area: 0.0004311064632984276
CentroidX: 0.3809
CentroidY: 0.3496
