Location: internet_29.png_Mean-Closing.png
Component: component_1755079128811_267.png
centerX: 0.13945989520354696
centerY: 0.5480467636156259
width: 0.03667875856509472
height: 0.034787567721699456
Area: 0.00036180302491694216
CentroidX: 0.1588
CentroidY: 0.5645
