Location: internet_29.png_Mean-Medain.png
Component: component_1755079128445_180.png
centerX: 0.7779121322047562
centerY: 0.34587966923296265
width: 0.032648125755743655
height: 0.03051040775591674
Area: 0.00036777944083043676
CentroidX: 0.7959
CentroidY: 0.3609
