Location: Dedata_23.png_Gaussian-Closing.png
Component: component_1755510041053_66.png
centerX: 0.31975806451612904
centerY: 0.10116842405243659
width: 0.021370967741935483
height: 0.029923055001424906
Area: 0.0002916463655668833
CentroidX: 0.3309
CentroidY: 0.1168
