Location: internet_29.png_Gaussian-Closing.png
Component: component_1755079129293_313.png
centerX: 0.75453446191052
centerY: 0.6469917308240661
width: 0.04433696090286175
height: 0.02737382378100941
Area: 0.0003781232376037928
CentroidX: 0.7805
CentroidY: 0.6584
