Location: Dedata_23.png_Otsu.png
Component: component_1755510040933_637.png
centerX: 0.8979838709677419
centerY: 0.7090339127956683
width: 0.025
height: 0.03134796238244514
Area: 0.0002638376892598755
CentroidX: 0.9109
CentroidY: 0.7247
