Location: Dedata_23.png_Gaussian-Closing.png
Component: component_1755510041110_196.png
centerX: 0.4096774193548387
centerY: 0.34625249358791677
width: 0.02338709677419355
height: 0.02963807352522086
Area: 0.00029670248853179383
CentroidX: 0.4207
CentroidY: 0.3612
