Location: Dedata_23.png_Otsu.png
Component: component_1755510040507_137.png
centerX: 0.08508064516129032
centerY: 0.2097463664861784
width: 0.02258064516129032
height: 0.030777999430037048
Area: 0.0002299386830178619
CentroidX: 0.0973
CentroidY: 0.2267
