Location: internet_29.png_Gaussian-Median.png
Component: component_1755079128881_14.png
centerX: 0.5989520354695688
centerY: 0.005988023952095809
width: 0.04070939137444579
height: 0.033361847733105215
Area: 0.0004854688618961766
CentroidX: 0.6202
CentroidY: 0.0218
