Location: Dedata_23.png_Gaussian-Median.png
Component: component_1755510040352_262.png
centerX: 0.21491935483870966
centerY: 0.4462809917355372
width: 0.027419354838709678
height: 0.02821316614420063
Area: 0.00030957261971520237
CentroidX: 0.2296
CentroidY: 0.4606
