Location: Dedata_23.png_Mean-Closing.png
Component: component_1755510039952_211.png
centerX: 0.6935483870967742
centerY: 0.37902536335138215
width: 0.02258064516129032
height: 0.026788258763180393
Area: 0.0002568280642403405
CentroidX: 0.7050
CentroidY: 0.3916
