Location: Dedata_23.png_Otsu.png
Component: component_1755510040935_649.png
centerX: 0.46733870967741936
centerY: 0.7224280421772585
width: 0.027822580645161292
height: 0.02821316614420063
Area: 0.0003112962979986946
CentroidX: 0.4824
CentroidY: 0.7362
