Location: Dedata_23.png_Mean-Closing.png
Component: component_1755510039972_289.png
centerX: 0.8346774193548387
centerY: 0.5027073240239385
width: 0.022983870967741935
height: 0.032487888287261325
Area: 0.0003300269353459767
CentroidX: 0.8468
CentroidY: 0.5182
