Location: Dedata_23.png_Gaussian-Median.png
Component: component_1755510040412_418.png
centerX: 0.0532258064516129
centerY: 0.6927899686520376
width: 0.024193548387096774
height: 0.02821316614420063
Area: 0.0002965875766462277
CentroidX: 0.0651
CentroidY: 0.7066
