Location: internet_29.png_Mean-Closing.png
Component: component_1755079128774_116.png
centerX: 0.5916968964127368
centerY: 0.2244083262047334
width: 0.0354695687222894
height: 0.031080695751354435
Area: 0.0003809965144852806
CentroidX: 0.6104
CentroidY: 0.2388
