Location: Dedata_23.png_Gaussian-Closing.png
Component: component_1755510041179_413.png
centerX: 0.42782258064516127
centerY: 0.7210031347962382
width: 0.02620967741935484
height: 0.030777999430037048
Area: 0.00036208735141893196
CentroidX: 0.4418
CentroidY: 0.7362
