Location: internet_29.png_Mean-Closing.png
Component: component_1755079128795_196.png
centerX: 0.7823458282950423
centerY: 0.388366124893071
width: 0.0354695687222894
height: 0.030795551753635585
Area: 0.0003043374872871864
CentroidX: 0.8019
CentroidY: 0.4032
