Location: Dedata_23.png_Otsu.png
Component: component_1755510040827_344.png
centerX: 0.08024193548387097
centerY: 0.4066685665431747
width: 0.028629032258064516
height: 0.02821316614420063
Area: 0.00023671848426626464
CentroidX: 0.0953
CentroidY: 0.4208
