Location: internet_29.png_Gaussian-Closing.png
Component: component_1755079129297_325.png
centerX: 0.392583635630794
centerY: 0.6800684345594525
width: 0.04232164449818621
height: 0.03051040775591674
Area: 0.00037674406470067866
CentroidX: 0.4178
CentroidY: 0.6925
