Location: Dedata_23.png_Gaussian-Median.png
Component: component_1755510040312_166.png
centerX: 0.6185483870967742
centerY: 0.2938159019663722
width: 0.02379032258064516
height: 0.03220290681105728
Area: 0.00030198843526783664
CentroidX: 0.6308
CentroidY: 0.3095
