Location: internet_29.png_Gaussian-Median.png
Component: component_1755079128945_300.png
centerX: 0.3280935106811769
centerY: 0.587111491303108
width: 0.0354695687222894
height: 0.02879954376960365
Area: 0.00034237967319808476
CentroidX: 0.3484
CentroidY: 0.6006
