Location: Dedata_23.png_Gaussian-Median.png
Component: component_1755510040324_182.png
centerX: 0.05282258064516129
centerY: 0.31347962382445144
width: 0.01935483870967742
height: 0.02963807352522086
Area: 0.0002702727548515798
CentroidX: 0.0630
CentroidY: 0.3281
