Location: Dedata_23.png_Gaussian-Closing.png
Component: component_1755510041129_232.png
centerX: 0.14879032258064517
centerY: 0.4049586776859504
width: 0.024193548387096774
height: 0.02963807352522086
Area: 0.00030589543937708564
CentroidX: 0.1603
CentroidY: 0.4196
