Location: Dedata_23.png_Otsu.png
Component: component_1755510040827_343.png
centerX: 0.021370967741935483
centerY: 0.40638358506697064
width: 0.01975806451612903
height: 0.033912795668281565
Area: 0.0002995752856709475
CentroidX: 0.0309
CentroidY: 0.4228
