Location: internet_29.png_Mean-Closing.png
Component: component_1755079128766_95.png
centerX: 0.5211608222490931
centerY: 0.1799258625605931
width: 0.039500201531640466
height: 0.036213287710293696
Area: 0.00047937751490742243
CentroidX: 0.5423
CentroidY: 0.1976
