Location: Dedata_23.png_Gaussian-Closing.png
Component: component_1755510041153_313.png
centerX: 0.26653225806451614
centerY: 0.5357651752636079
width: 0.02379032258064516
height: 0.02821316614420063
Area: 0.00031187085742652535
CentroidX: 0.2790
CentroidY: 0.5496
