Location: internet_29.png_Gaussian-Closing.png
Component: component_1755079129231_217.png
centerX: 0.3147924224103184
centerY: 0.43142286854861706
width: 0.03667875856509472
height: 0.033932135728542916
Area: 0.0004228314258797428
CentroidX: 0.3331
CentroidY: 0.4483
