Location: internet_29.png_Mean-Medain.png
Component: component_1755079128478_318.png
centerX: 0.4147521160822249
centerY: 0.6204733390362133
width: 0.03788794840790004
height: 0.029369831765041345
Area: 0.0003868579993235157
CentroidX: 0.4351
CentroidY: 0.6342
