Location: Dedata_23.png_Mean-Closing.png
Component: component_1755510039907_22.png
centerX: 0.5915322580645161
centerY: 0.010829296095753777
width: 0.02056451612903226
height: 0.03419777714448561
Area: 0.00037426801128894366
CentroidX: 0.6018
CentroidY: 0.0286
