Location: Dedata_23.png_Gaussian-Closing.png
Component: component_1755510041060_72.png
centerX: 0.1963709677419355
centerY: 0.10458820176688516
width: 0.020967741935483872
height: 0.029923055001424906
Area: 0.0003158927734213405
CentroidX: 0.2074
CentroidY: 0.1190
