Location: Dedata_23.png_Gaussian-Median.png
Component: component_1755510040256_38.png
centerX: 0.41854838709677417
centerY: 0.05528640638358507
width: 0.02338709677419355
height: 0.025648332858364205
Area: 0.0003031375541234981
CentroidX: 0.4294
CentroidY: 0.0683
