Location: internet_29.png_Mean-Closing.png
Component: component_1755079128805_236.png
centerX: 0.9399435711406691
centerY: 0.47875677216994583
width: 0.03385731559854897
height: 0.02765896777872826
Area: 0.0003612283695406446
CentroidX: 0.9593
CentroidY: 0.4911
