Location: Dedata_23.png_Mean-Closing.png
Component: component_1755510039981_318.png
centerX: 0.9475806451612904
centerY: 0.5525790823596466
width: 0.02661290322580645
height: 0.02707324023938444
Area: 0.0003324400849428658
CentroidX: 0.9616
CentroidY: 0.5656
