Location: internet_29.png_Mean-Medain.png
Component: component_1755079128426_94.png
centerX: 0.7202740830310359
centerY: 0.17507841459937268
width: 0.03788794840790004
height: 0.033932135728542916
Area: 0.0004235210123312999
CentroidX: 0.7392
CentroidY: 0.1926
