Location: internet_29.png_Gaussian-Closing.png
Component: component_1755079129297_326.png
centerX: 0.3385731559854897
centerY: 0.6840604505275164
width: 0.04070939137444579
height: 0.029369831765041345
Area: 0.0003538727807240359
CentroidX: 0.3621
CentroidY: 0.6963
