Location: Dedata_23.png_Gaussian-Median.png
Component: component_1755510040382_310.png
centerX: 0.7120967741935483
centerY: 0.5084069535480193
width: 0.020967741935483872
height: 0.030777999430037048
Area: 0.0002811893839803639
CentroidX: 0.7229
CentroidY: 0.5230
