Location: Dedata_23.png_Gaussian-Median.png
Component: component_1755510040359_282.png
centerX: 0.6459677419354839
centerY: 0.4690795098318609
width: 0.027016129032258064
height: 0.02792818466799658
Area: 0.00029900072624311675
CentroidX: 0.6593
CentroidY: 0.4828
