Location: Dedata_23.png_Gaussian-Closing.png
Component: component_1755510041132_242.png
centerX: 0.7830645161290323
centerY: 0.4197777144485608
width: 0.02379032258064516
height: 0.024508406953548018
Area: 0.00026337804171761096
CentroidX: 0.7952
CentroidY: 0.4315
