Location: internet_29.png_Gaussian-Median.png
Component: component_1755079128936_264.png
centerX: 0.14066908504635228
centerY: 0.49957228400342174
width: 0.041515517936316
height: 0.03165098374679213
Area: 0.00033456436008043794
CentroidX: 0.1637
CentroidY: 0.5145
