Location: Dedata_23.png_Gaussian-Closing.png
Component: component_1755510041067_88.png
centerX: 0.4774193548387097
centerY: 0.14562553434026787
width: 0.02056451612903226
height: 0.029068110572812767
Area: 0.00030302264223793196
CentroidX: 0.4877
CentroidY: 0.1602
