Location: Dedata_23.png_Mean-Closing.png
Component: component_1755510039960_242.png
centerX: 0.594758064516129
centerY: 0.4260473069250499
width: 0.02661290322580645
height: 0.025648332858364205
Area: 0.00029440425082047085
CentroidX: 0.6084
CentroidY: 0.4385
