Location: internet_29.png_Gaussian-Closing.png
Component: component_1755079129264_247.png
centerX: 0.18016928657799275
centerY: 0.49615055603079555
width: 0.04393389762192664
height: 0.03022526375819789
Area: 0.00035835509265915686
CentroidX: 0.2049
CentroidY: 0.5094
