Location: Dedata_23.png_Gaussian-Median.png
Component: component_1755510040297_151.png
centerX: 0.2028225806451613
centerY: 0.2618979766315189
width: 0.025806451612903226
height: 0.03220290681105728
Area: 0.0003238216935254047
CentroidX: 0.2151
CentroidY: 0.2779
