Location: Dedata_23.png_Gaussian-Median.png
Component: component_1755510040368_295.png
centerX: 0.24153225806451614
centerY: 0.4910230834995725
width: 0.021370967741935483
height: 0.026503277286976348
Area: 0.00024855440847957786
CentroidX: 0.2526
CentroidY: 0.5048
