Location: Dedata_23.png_Mean-Closing.png
Component: component_1755510039965_264.png
centerX: 0.75
centerY: 0.4625249358791679
width: 0.025
height: 0.028498147620404674
Area: 0.00031807609924709734
CentroidX: 0.7628
CentroidY: 0.4764
