Location: Dedata_23.png_Gaussian-Median.png
Component: component_1755510040407_391.png
centerX: 0.9669354838709677
centerY: 0.6466229695069821
width: 0.021370967741935483
height: 0.03220290681105728
Area: 0.00030325246600906424
CentroidX: 0.9786
CentroidY: 0.6622
