Location: internet_29.png_Mean-Closing.png
Component: component_1755079128823_319.png
centerX: 0.5796049979846836
centerY: 0.6629597946963216
width: 0.039500201531640466
height: 0.029940119760479042
Area: 0.0003912253801833771
CentroidX: 0.6013
CentroidY: 0.6754
