Location: Dedata_23.png_Gaussian-Median.png
Component: component_1755510040238_15.png
centerX: 0.7709677419354839
centerY: 0.009404388714733543
width: 0.017741935483870968
height: 0.030493017953833
Area: 0.00028325779792055453
CentroidX: 0.7795
CentroidY: 0.0247
