Location: Dedata_23.png_Mean-Closing.png
Component: component_1755510039908_24.png
centerX: 0.28508064516129034
centerY: 0.012254203476774009
width: 0.02217741935483871
height: 0.03334283271587347
Area: 0.0003844951691043308
CentroidX: 0.2957
CentroidY: 0.0288
