Location: internet_29.png_Gaussian-Closing.png
Component: component_1755079129298_330.png
centerX: 0.14469971785570335
centerY: 0.6994582264043342
width: 0.041515517936316
height: 0.031080695751354435
Area: 0.0003939837259896054
CentroidX: 0.1679
CentroidY: 0.7125
