Location: Dedata_23.png_Gaussian-Closing.png
Component: component_1755510041049_62.png
centerX: 0.569758064516129
centerY: 0.09888857224280422
width: 0.02056451612903226
height: 0.03220290681105728
Area: 0.00032106380827181716
CentroidX: 0.5807
CentroidY: 0.1146
