Location: internet_29.png_Gaussian-Median.png
Component: component_1755079128894_59.png
centerX: 0.24143490528012898
centerY: 0.10236669518106643
width: 0.041112454655380895
height: 0.03649843170801255
Area: 0.0005024786610345843
CentroidX: 0.2623
CentroidY: 0.1208
