Location: Dedata_23.png_Gaussian-Median.png
Component: component_1755510040360_284.png
centerX: 0.5419354838709678
centerY: 0.4713593616414933
width: 0.025806451612903226
height: 0.03163294385864919
Area: 0.0003379558554500409
CentroidX: 0.5545
CentroidY: 0.4871
