Location: internet_29.png_Gaussian-Closing.png
Component: component_1755079129295_320.png
centerX: 0.6239419588875453
centerY: 0.6609637867122897
width: 0.04312777106005643
height: 0.026518391787852865
Area: 0.0003761694093243811
CentroidX: 0.6486
CentroidY: 0.6717
