Location: Dedata_23.png_Gaussian-Median.png
Component: component_1755510040395_349.png
centerX: 0.4060483870967742
centerY: 0.5719578227415218
width: 0.027419354838709678
height: 0.03163294385864919
Area: 0.00031026209102859927
CentroidX: 0.4201
CentroidY: 0.5867
