Location: internet_29.png_Mean-Closing.png
Component: component_1755079128802_227.png
centerX: 0.10278113663845223
centerY: 0.45566010835471915
width: 0.032245062474808545
height: 0.031936127744510975
Area: 0.00031847400954410635
CentroidX: 0.1194
CentroidY: 0.4708
