Location: Dedata_23.png_Gaussian-Median.png
Component: component_1755510040258_46.png
centerX: 0.5004032258064516
centerY: 0.058136221145625534
width: 0.025
height: 0.027358221715588486
Area: 0.00032393660541097085
CentroidX: 0.5113
CentroidY: 0.0726
