Location: internet_29.png_Mean-Closing.png
Component: component_1755079128789_164.png
centerX: 0.456670697299476
centerY: 0.32078699743370404
width: 0.0354695687222894
height: 0.035642999714856
Area: 0.00042639428921278764
CentroidX: 0.4754
CentroidY: 0.3379
