Location: internet_29.png_Gaussian-Median.png
Component: component_1755079128887_32.png
centerX: 0.6146715034260379
centerY: 0.04733390362132877
width: 0.037081821846029824
height: 0.03706871970345024
Area: 0.0004814462742620936
CentroidX: 0.6340
CentroidY: 0.0659
