Location: internet_29.png_Gaussian-Median.png
Component: component_1755079128928_213.png
centerX: 0.5304312777106006
centerY: 0.4143142286854862
width: 0.041515517936316
height: 0.03421727972626176
Area: 0.0003359435329835521
CentroidX: 0.5533
CentroidY: 0.4304
