Location: internet_29.png_Gaussian-Median.png
Component: component_1755079128902_100.png
centerX: 0.4260378879484079
centerY: 0.18762475049900199
width: 0.03667875856509472
height: 0.033361847733105215
Area: 0.0004530582986729943
CentroidX: 0.4456
CentroidY: 0.2041
