Location: Dedata_23.png_Mean-Closing.png
Component: component_1755510039961_248.png
centerX: 0.36088709677419356
centerY: 0.43944143630664007
width: 0.02620967741935484
height: 0.02707324023938444
Area: 0.00029946037378538137
CentroidX: 0.3750
CentroidY: 0.4524
