Location: internet_29.png_Mean-Closing.png
Component: component_1755079128798_212.png
centerX: 0.3599355098750504
centerY: 0.42714570858283435
width: 0.039500201531640466
height: 0.033361847733105215
Area: 0.00036640026792732265
CentroidX: 0.3811
CentroidY: 0.4418
