Location: internet_29.png_Gaussian-Closing.png
Component: component_1755079129024_36.png
centerX: 0.3845223700120919
centerY: 0.04932991160536071
width: 0.04433696090286175
height: 0.040490447676076416
Area: 0.0005337399135051713
CentroidX: 0.4087
CentroidY: 0.0689
