Location: internet_29.png_Mean-Closing.png
Component: component_1755079128762_75.png
centerX: 0.4248286981056026
centerY: 0.13972055888223553
width: 0.03990326481257558
height: 0.035642999714856
Area: 0.00045558678232870357
CentroidX: 0.4466
CentroidY: 0.1569
