Location: Dedata_23.png_Otsu.png
Component: component_1755510040473_21.png
centerX: 0.5919354838709677
centerY: 0.011114277571957822
width: 0.020161290322580645
height: 0.03362781419207751
Area: 0.00033347429191296114
CentroidX: 0.6018
CentroidY: 0.0287
