Location: Dedata_23.png_Gaussian-Median.png
Component: component_1755510040266_69.png
centerX: 0.3616935483870968
centerY: 0.10230834995725278
width: 0.021370967741935483
height: 0.030208036477628954
Area: 0.0003093427959440701
CentroidX: 0.3724
CentroidY: 0.1175
