Location: Dedata_23.png_Gaussian-Median.png
Component: component_1755510040393_340.png
centerX: 0.7669354838709678
centerY: 0.5602735822171558
width: 0.024596774193548387
height: 0.028498147620404674
Area: 0.0003340488513407919
CentroidX: 0.7799
CentroidY: 0.5742
