Location: internet_29.png_Gaussian-Median.png
Component: component_1755079128917_169.png
centerX: 0.40507859733978235
centerY: 0.3270601653835187
width: 0.03869407496977025
height: 0.037639007698887936
Area: 0.00045259857437195627
CentroidX: 0.4260
CentroidY: 0.3456
