Location: Dedata_23.png_Otsu.png
Component: component_1755510040924_608.png
centerX: 0.6036290322580645
centerY: 0.6625819321744086
width: 0.027822580645161292
height: 0.03277286976346538
Area: 0.0002732604638762997
CentroidX: 0.6169
CentroidY: 0.6789
