Location: Dedata_23.png_Mean-Closing.png
Component: component_1755510039935_144.png
centerX: 0.2794354838709677
centerY: 0.2590481618694785
width: 0.02379032258064516
height: 0.032487888287261325
Area: 0.00034036900504693003
CentroidX: 0.2919
CentroidY: 0.2743
