Location: Dedata_23.png_Gaussian-Closing.png
Component: component_1755510041174_397.png
centerX: 0.22620967741935483
centerY: 0.6805357651752636
width: 0.02056451612903226
height: 0.02792818466799658
Area: 0.00026946837165261675
CentroidX: 0.2356
CentroidY: 0.6947
