Location: internet_29.png_Mean-Medain.png
Component: component_1755079128458_223.png
centerX: 0.3147924224103184
centerY: 0.43142286854861706
width: 0.03667875856509472
height: 0.034787567721699456
Area: 0.0004408756046954861
CentroidX: 0.3332
CentroidY: 0.4485
