Location: internet_29.png_Gaussian-Median.png
Component: component_1755079128918_177.png
centerX: 0.22773075372833534
centerY: 0.34587966923296265
width: 0.03426037887948408
height: 0.034787567721699456
Area: 0.0004082351793217848
CentroidX: 0.2452
CentroidY: 0.3624
