Location: Dedata_23.png_Mean-Closing.png
Component: component_1755510039968_276.png
centerX: 0.3379032258064516
centerY: 0.48503847249928755
width: 0.02620967741935484
height: 0.030493017953833
Area: 0.0003419777714448561
CentroidX: 0.3507
CentroidY: 0.5001
