Location: Dedata_23.png_Otsu.png
Component: component_1755510040507_136.png
centerX: 0.12338709677419354
centerY: 0.20946138500997435
width: 0.02379032258064516
height: 0.029068110572812767
Area: 0.0002328114801570156
CentroidX: 0.1357
CentroidY: 0.2252
