Location: Dedata_23.png_Mean-Closing.png
Component: component_1755510039899_2.png
centerX: 0.47338709677419355
centerY: 0.007124536905101168
width: 0.02258064516129032
height: 0.03619264747791394
Area: 0.00039495215069085027
CentroidX: 0.4859
CentroidY: 0.0258
