Location: Dedata_23.png_Mean-Closing.png
Component: component_1755510039982_325.png
centerX: 0.6633064516129032
centerY: 0.5656882302650328
width: 0.024193548387096774
height: 0.026788258763180393
Area: 0.00028325779792055453
CentroidX: 0.6763
CentroidY: 0.5789
