Location: Dedata_23.png_Mean-Closing.png
Component: component_1755510039980_317.png
centerX: 0.8729838709677419
centerY: 0.5522941008834426
width: 0.025806451612903226
height: 0.029923055001424906
Area: 0.0003307164066593736
CentroidX: 0.8870
CentroidY: 0.5664
