Location: Dedata_23.png_Gaussian-Closing.png
Component: component_1755510041143_272.png
centerX: 0.6830645161290323
centerY: 0.4682245654032488
width: 0.02258064516129032
height: 0.0262182958107723
Area: 0.00027613326101545336
CentroidX: 0.6945
CentroidY: 0.4811
