Location: Dedata_23.png_Gaussian-Median.png
Component: component_1755510040302_159.png
centerX: 0.8548387096774194
centerY: 0.28127671701339413
width: 0.01935483870967742
height: 0.03163294385864919
Area: 0.00029291039630811096
CentroidX: 0.8647
CentroidY: 0.2965
