Location: Dedata_23.png_Gaussian-Closing.png
Component: component_1755510041168_374.png
centerX: 0.015725806451612902
centerY: 0.6466229695069821
width: 0.022983870967741935
height: 0.02792818466799658
Area: 0.0002988858143575506
CentroidX: 0.0274
CentroidY: 0.6596
