Location: Dedata_23.png_Gaussian-Median.png
Component: component_1755510040255_35.png
centerX: 0.46048387096774196
centerY: 0.05386149900256483
width: 0.02217741935483871
height: 0.028783129096608722
Area: 0.00030876823651623933
CentroidX: 0.4702
CentroidY: 0.0686
