Location: Dedata_23.png_Otsu.png
Component: component_1755510040913_551.png
centerX: 0.26048387096774195
centerY: 0.5787973781704189
width: 0.02379032258064516
height: 0.02792818466799658
Area: 0.00025579385727024517
CentroidX: 0.2721
CentroidY: 0.5934
