Location: Dedata_23.png_Mean-Closing.png
Component: component_1755510039954_218.png
centerX: 0.43185483870967745
centerY: 0.3878597891137076
width: 0.02217741935483871
height: 0.029923055001424906
Area: 0.0002546447384145837
CentroidX: 0.4421
CentroidY: 0.4016
