Location: internet_29.png_Mean-Medain.png
Component: component_1755079128474_299.png
centerX: 0.3280935106811769
centerY: 0.5873966353008269
width: 0.0354695687222894
height: 0.028514399771884802
Area: 0.0003529533321219598
CentroidX: 0.3484
CentroidY: 0.6005
