Location: internet_29.png_Mean-Closing.png
Component: component_1755079128776_122.png
centerX: 0.3260781942765014
centerY: 0.2435129740518962
width: 0.03466344216041919
height: 0.036213287710293696
Area: 0.00042041787329929304
CentroidX: 0.3439
CentroidY: 0.2613
