Location: internet_29.png_Gaussian-Median.png
Component: component_1755079128957_348.png
centerX: 0.392583635630794
centerY: 0.6800684345594525
width: 0.04232164449818621
height: 0.03051040775591674
Area: 0.0003866281371729967
CentroidX: 0.4180
CentroidY: 0.6928
