Location: Dedata_23.png_Gaussian-Closing.png
Component: component_1755510041177_403.png
centerX: 0.0532258064516129
centerY: 0.6927899686520376
width: 0.02379032258064516
height: 0.02821316614420063
Area: 0.0002947489864771693
CentroidX: 0.0651
CentroidY: 0.7065
