Location: Dedata_23.png_Gaussian-Median.png
Component: component_1755510040240_16.png
centerX: 0.8798387096774194
centerY: 0.009404388714733543
width: 0.018145161290322582
height: 0.031917925334853235
Area: 0.00029992002132764594
CentroidX: 0.8888
CentroidY: 0.0249
