Location: internet_29.png_Gaussian-Median.png
Component: component_1755079128944_294.png
centerX: 0.5159209995969367
centerY: 0.5731394354148845
width: 0.037484885126964934
height: 0.02765896777872826
Area: 0.0002959475187932421
CentroidX: 0.5372
CentroidY: 0.5866
