Location: Dedata_23.png_Mean-Closing.png
Component: component_1755510039955_225.png
centerX: 0.21733870967741936
centerY: 0.39897406668566543
width: 0.02338709677419355
height: 0.02792818466799658
Area: 0.00028716480202980354
CentroidX: 0.2280
CentroidY: 0.4135
