Location: internet_29.png_Mean-Medain.png
Component: component_1755079128455_209.png
centerX: 0.6626360338573156
centerY: 0.40005702879954375
width: 0.03385731559854897
height: 0.030795551753635585
Area: 0.00033513901545673553
CentroidX: 0.6804
CentroidY: 0.4155
