Location: internet_29.png_Gaussian-Closing.png
Component: component_1755079129026_46.png
centerX: 0.8424022571543732
centerY: 0.08839463929284289
width: 0.04070939137444579
height: 0.035642999714856
Area: 0.0004894914495302595
CentroidX: 0.8631
CentroidY: 0.1055
