Location: Dedata_23.png_Otsu.png
Component: component_1755510040801_298.png
centerX: 0.7745967741935483
centerY: 0.37475064120832147
width: 0.02056451612903226
height: 0.02536335138216016
Area: 0.00021431066658086578
CentroidX: 0.7837
CentroidY: 0.3867
