Location: internet_29.png_Gaussian-Closing.png
Component: component_1755079129249_238.png
centerX: 0.9399435711406691
centerY: 0.47904191616766467
width: 0.03385731559854897
height: 0.02737382378100941
Area: 0.0003459425365311296
CentroidX: 0.9592
CentroidY: 0.4911
