Location: Dedata_23.png_Mean-Closing.png
Component: component_1755510039941_161.png
centerX: 0.6185483870967742
centerY: 0.2938159019663722
width: 0.02379032258064516
height: 0.03220290681105728
Area: 0.00031152612176982687
CentroidX: 0.6309
CentroidY: 0.3091
