Location: internet_29.png_Gaussian-Closing.png
Component: component_1755079129042_102.png
centerX: 0.3373639661426844
centerY: 0.19389791844881665
width: 0.03385731559854897
height: 0.03421727972626176
Area: 0.0004559315755544821
CentroidX: 0.3540
CentroidY: 0.2107
