Location: Dedata_23.png_Mean-Closing.png
Component: component_1755510039958_233.png
centerX: 0.9137096774193548
centerY: 0.4080934739241949
width: 0.02661290322580645
height: 0.031917925334853235
Area: 0.0003057805274915195
CentroidX: 0.9270
CentroidY: 0.4231
