Location: Dedata_23.png_Mean-Closing.png
Component: component_1755510040004_408.png
centerX: 0.4274193548387097
centerY: 0.7210031347962382
width: 0.027016129032258064
height: 0.030777999430037048
Area: 0.0003825416670497063
CentroidX: 0.4418
CentroidY: 0.7361
