Location: Dedata_23.png_Mean-Closing.png
Component: component_1755510039964_259.png
centerX: 0.9608870967741936
centerY: 0.4559703619264748
width: 0.025
height: 0.026788258763180393
Area: 0.0002903823348256557
CentroidX: 0.9748
CentroidY: 0.4695
