Location: Dedata_23.png_Mean-Closing.png
Component: component_1755510039909_30.png
centerX: 0.8713709677419355
centerY: 0.050156739811912224
width: 0.018548387096774192
height: 0.0262182958107723
Area: 0.00025740262366817125
CentroidX: 0.8808
CentroidY: 0.0631
