Location: internet_29.png_Gaussian-Closing.png
Component: component_1755079129040_96.png
centerX: 0.6255542120112858
centerY: 0.1787852865697177
width: 0.03869407496977025
height: 0.035357855717137156
Area: 0.00041041886975171554
CentroidX: 0.6454
CentroidY: 0.1966
