Location: Dedata_23.png_Gaussian-Closing.png
Component: component_1755510041140_258.png
centerX: 0.1814516129032258
centerY: 0.4499857509261898
width: 0.025
height: 0.030493017953833
Area: 0.00033416376322635804
CentroidX: 0.1954
CentroidY: 0.4638
