Location: Dedata_23.png_Mean-Closing.png
Component: component_1755510039977_303.png
centerX: 0.4729838709677419
centerY: 0.5260758050726703
width: 0.02258064516129032
height: 0.030493017953833
Area: 0.0003401391812757977
CentroidX: 0.4851
CentroidY: 0.5403
