Location: internet_29.png_Gaussian-Closing.png
Component: component_1755079129018_12.png
centerX: 0.3067311567916163
centerY: 0.005417735956658112
width: 0.03829101168883515
height: 0.034787567721699456
Area: 0.0004689187870588069
CentroidX: 0.3273
CentroidY: 0.0222
