Location: Dedata_23.png_Mean-Closing.png
Component: component_1755510039934_143.png
centerX: 0.3649193548387097
centerY: 0.25762325448845824
width: 0.022983870967741935
height: 0.029353092049016812
Area: 0.00032301731032644167
CentroidX: 0.3760
CentroidY: 0.2720
