Location: internet_29.png_Gaussian-Closing.png
Component: component_1755079129231_218.png
centerX: 0.8742442563482467
centerY: 0.4345594525235244
width: 0.03667875856509472
height: 0.03051040775591674
Area: 0.0003592745412612329
CentroidX: 0.8964
CentroidY: 0.4482
