Location: Dedata_23.png_Mean-Closing.png
Component: component_1755510039976_296.png
centerX: 0.6774193548387096
centerY: 0.5112567683100598
width: 0.021774193548387097
height: 0.030777999430037048
Area: 0.0003119857693120915
CentroidX: 0.6877
CentroidY: 0.5256
