Location: Dedata_23.png_Mean-Closing.png
Component: component_1755510040007_422.png
centerX: 0.12701612903225806
centerY: 0.737817041892277
width: 0.02056451612903226
height: 0.025078369905956112
Area: 0.0002414298715744767
CentroidX: 0.1358
CentroidY: 0.7512
