Location: Dedata_23.png_Otsu.png
Component: component_1755510040926_621.png
centerX: 0.32903225806451614
centerY: 0.6722713023653463
width: 0.02338709677419355
height: 0.02821316614420063
Area: 0.00024947370356410704
CentroidX: 0.3407
CentroidY: 0.6855
