Location: Dedata_23.png_Otsu.png
Component: component_1755510040939_656.png
centerX: 0.2887096774193548
centerY: 0.7249928754630949
width: 0.02217741935483871
height: 0.03305785123966942
Area: 0.0002732604638762997
CentroidX: 0.2995
CentroidY: 0.7402
