Location: internet_29.png_Mean-Medain.png
Component: component_1755079128464_260.png
centerX: 0.7625957275292221
centerY: 0.4898773880809809
width: 0.037081821846029824
height: 0.03136583974907328
Area: 0.00034513801900431303
CentroidX: 0.7833
CentroidY: 0.5042
