Location: Dedata_23.png_Gaussian-Closing.png
Component: component_1755510041111_198.png
centerX: 0.3379032258064516
centerY: 0.35166714163579366
width: 0.01935483870967742
height: 0.02963807352522086
Area: 0.0002617692753196849
CentroidX: 0.3486
CentroidY: 0.3666
