Location: Dedata_23.png_Gaussian-Median.png
Component: component_1755510040302_157.png
centerX: 0.9125
centerY: 0.27842690225135364
width: 0.024193548387096774
height: 0.03163294385864919
Area: 0.00033117605420163816
CentroidX: 0.9245
CentroidY: 0.2940
