Location: Dedata_23.png_Mean-Closing.png
Component: component_1755510039905_16.png
centerX: 0.06733870967741935
centerY: 0.00968937019093759
width: 0.024193548387096774
height: 0.030777999430037048
Area: 0.00041494681877936
CentroidX: 0.0795
CentroidY: 0.0251
