Location: Dedata_23.png_Mean-Closing.png
Component: component_1755510039994_368.png
centerX: 0.08830645161290322
centerY: 0.6454830436021659
width: 0.02661290322580645
height: 0.027358221715588486
Area: 0.00032623484312229383
CentroidX: 0.1016
CentroidY: 0.6582
