Location: internet_29.png_Gaussian-Median.png
Component: component_1755079128936_263.png
centerX: 0.6731156791616284
centerY: 0.49700598802395207
width: 0.037484885126964934
height: 0.031936127744510975
Area: 0.000344678294703275
CentroidX: 0.6946
CentroidY: 0.5111
