Location: internet_29.png_Mean-Medain.png
Component: component_1755079128412_35.png
centerX: 0.34139459895203544
centerY: 0.049044767607641856
width: 0.03788794840790004
height: 0.04134587966923296
Area: 0.0005009845570562106
CentroidX: 0.3614
CentroidY: 0.0692
