Location: internet_29.png_Gaussian-Median.png
Component: component_1755079128897_73.png
centerX: 0.6271664651350262
centerY: 0.1354433989164528
width: 0.032245062474808545
height: 0.03222127174222983
Area: 0.0003975465893226503
CentroidX: 0.6421
CentroidY: 0.1511
