Location: Dedata_23.png_Gaussian-Median.png
Component: component_1755510040331_197.png
centerX: 0.48629032258064514
centerY: 0.34169278996865204
width: 0.02661290322580645
height: 0.030208036477628954
Area: 0.0003211787201573833
CentroidX: 0.4987
CentroidY: 0.3576
