Location: Dedata_23.png_Gaussian-Closing.png
Component: component_1755510041093_146.png
centerX: 0.40524193548387094
centerY: 0.2573382730122542
width: 0.024596774193548387
height: 0.027643203191792535
Area: 0.0003132498000533191
CentroidX: 0.4169
CentroidY: 0.2711
