Location: Dedata_23.png_Gaussian-Closing.png
Component: component_1755510041107_179.png
centerX: 0.018145161290322582
centerY: 0.31347962382445144
width: 0.021370967741935483
height: 0.029923055001424906
Area: 0.0002683192527969553
CentroidX: 0.0294
CentroidY: 0.3275
