Location: Dedata_23.png_Gaussian-Median.png
Component: component_1755510040394_344.png
centerX: 0.5931451612903226
centerY: 0.5679680820746651
width: 0.02620967741935484
height: 0.029923055001424906
Area: 0.00032554537180889693
CentroidX: 0.6065
CentroidY: 0.5829
