Location: internet_29.png_Gaussian-Median.png
Component: component_1755079128934_251.png
centerX: 0.3675937122128174
centerY: 0.47647562018819506
width: 0.039500201531640466
height: 0.033361847733105215
Area: 0.00035249360782092174
CentroidX: 0.3890
CentroidY: 0.4928
