Location: Dedata_23.png_Otsu.png
Component: component_1755510040513_175.png
centerX: 0.12620967741935485
centerY: 0.2664576802507837
width: 0.02217741935483871
height: 0.027643203191792535
Area: 0.0002229290579983269
CentroidX: 0.1371
CentroidY: 0.2802
