Location: internet_29.png_Gaussian-Median.png
Component: component_1755079128922_190.png
centerX: 0.49818621523579204
centerY: 0.37011690903906475
width: 0.03426037887948408
height: 0.033932135728542916
Area: 0.00039674207179583366
CentroidX: 0.5160
CentroidY: 0.3863
