Location: Dedata_23.png_Gaussian-Median.png
Component: component_1755510040339_217.png
centerX: 0.7741935483870968
centerY: 0.37446565973211743
width: 0.021370967741935483
height: 0.026788258763180393
Area: 0.0002749841421597919
CentroidX: 0.7841
CentroidY: 0.3880
