Location: Dedata_23.png_Otsu.png
Component: component_1755510040658_266.png
centerX: 0.4491935483870968
centerY: 0.34425762325448844
width: 0.02379032258064516
height: 0.030777999430037048
Area: 0.00022580185513748058
CentroidX: 0.4604
CentroidY: 0.3597
