Location: internet_29.png_Mean-Medain.png
Component: component_1755079128417_51.png
centerX: 0.7146311970979444
centerY: 0.09238665526090675
width: 0.03426037887948408
height: 0.03364699173082407
Area: 0.0004499551596409875
CentroidX: 0.7311
CentroidY: 0.1089
