Location: Dedata_23.png_Gaussian-Closing.png
Component: component_1755510041043_46.png
centerX: 0.5004032258064516
centerY: 0.058136221145625534
width: 0.025
height: 0.027358221715588486
Area: 0.0003234769578687063
CentroidX: 0.5113
CentroidY: 0.0726
