Location: internet_29.png_Mean-Closing.png
Component: component_1755079128770_103.png
centerX: 0.18742442563482467
centerY: 0.20273738237810093
width: 0.03506650544135429
height: 0.035357855717137156
Area: 0.00043466932663147246
CentroidX: 0.2064
CentroidY: 0.2192
