Location: Dedata_23.png_Otsu.png
Component: component_1755510040491_91.png
centerX: 0.3161290322580645
centerY: 0.15075520091194072
width: 0.021774193548387097
height: 0.027358221715588486
Area: 0.0002667104863990292
CentroidX: 0.3268
CentroidY: 0.1642
