Location: Dedata_23.png_Otsu.png
Component: component_1755510040500_122.png
centerX: 0.31733870967741934
centerY: 0.19863208891422057
width: 0.02056451612903226
height: 0.029353092049016812
Area: 0.00024556669945485803
CentroidX: 0.3285
CentroidY: 0.2134
