Location: internet_29.png_Mean-Closing.png
Component: component_1755079128713_39.png
centerX: 0.2418379685610641
centerY: 0.05474764756201882
width: 0.04191858121725111
height: 0.035357855717137156
Area: 0.0005086849390985978
CentroidX: 0.2652
CentroidY: 0.0710
