Location: Dedata_23.png_Gaussian-Closing.png
Component: component_1755510041086_134.png
centerX: 0.7858870967741935
centerY: 0.23396979196352238
width: 0.02338709677419355
height: 0.02963807352522086
Area: 0.00028888848031329576
CentroidX: 0.7981
CentroidY: 0.2482
