Location: Dedata_23.png_Gaussian-Closing.png
Component: component_1755510041130_235.png
centerX: 0.021370967741935483
centerY: 0.4060986035907666
width: 0.020161290322580645
height: 0.034482758620689655
Area: 0.00033117605420163816
CentroidX: 0.0309
CentroidY: 0.4229
