Location: internet_29.png_Mean-Medain.png
Component: component_1755079128463_252.png
centerX: 0.9399435711406691
centerY: 0.47875677216994583
width: 0.03385731559854897
height: 0.02765896777872826
Area: 0.00036341205997057535
CentroidX: 0.9592
CentroidY: 0.4911
