Location: Dedata_23.png_Otsu.png
Component: component_1755510040916_568.png
centerX: 0.819758064516129
centerY: 0.603590766600171
width: 0.02217741935483871
height: 0.031917925334853235
Area: 0.0002759034372443211
CentroidX: 0.8312
CentroidY: 0.6205
