Location: Dedata_23.png_Mean-Closing.png
Component: component_1755510039928_115.png
centerX: 0.35201612903225804
centerY: 0.1969222000569963
width: 0.02338709677419355
height: 0.030493017953833
Area: 0.00034737863006646506
CentroidX: 0.3636
CentroidY: 0.2127
