Location: internet_29.png_Gaussian-Median.png
Component: component_1755079128909_131.png
centerX: 0.7960499798468359
centerY: 0.2554890219560878
width: 0.03305118903667876
height: 0.033361847733105215
Area: 0.00041536090598787455
CentroidX: 0.8135
CentroidY: 0.2714
