Location: Dedata_23.png_Gaussian-Closing.png
Component: component_1755510041149_299.png
centerX: 0.7120967741935483
centerY: 0.5084069535480193
width: 0.02056451612903226
height: 0.030493017953833
Area: 0.00028130429586593
CentroidX: 0.7229
CentroidY: 0.5230
