Location: Dedata_23.png_Otsu.png
Component: component_1755510040857_423.png
centerX: 0.5790322580645161
centerY: 0.4716443431176974
width: 0.021370967741935483
height: 0.027358221715588486
Area: 0.00021890714200351172
CentroidX: 0.5890
CentroidY: 0.4852
