Location: Dedata_23.png_Mean-Closing.png
Component: component_1755510039936_151.png
centerX: 0.16411290322580646
centerY: 0.2670276432031918
width: 0.02217741935483871
height: 0.02792818466799658
Area: 0.0002932551319648094
CentroidX: 0.1751
CentroidY: 0.2802
