Location: Dedata_23.png_Otsu.png
Component: component_1755510040476_35.png
centerX: 0.3786290322580645
centerY: 0.055571387859789115
width: 0.021370967741935483
height: 0.025648332858364205
Area: 0.00026751486959799225
CentroidX: 0.3888
CentroidY: 0.0685
