Location: Dedata_23.png_Otsu.png
Component: component_1755510040933_639.png
centerX: 0.8362903225806452
centerY: 0.713593616414933
width: 0.021774193548387097
height: 0.031917925334853235
Area: 0.0002651017200011032
CentroidX: 0.8474
CentroidY: 0.7304
