Location: Dedata_23.png_Mean-Closing.png
Component: component_1755510039949_198.png
centerX: 0.18629032258064515
centerY: 0.35822171558848676
width: 0.021370967741935483
height: 0.030208036477628954
Area: 0.00026222892286194944
CentroidX: 0.1972
CentroidY: 0.3718
