Location: Dedata_23.png_Mean-Closing.png
Component: component_1755510039958_236.png
centerX: 0.8193548387096774
centerY: 0.41749786263892846
width: 0.022983870967741935
height: 0.026503277286976348
Area: 0.0002707324023938444
CentroidX: 0.8318
CentroidY: 0.4307
