Location: internet_29.png_Gaussian-Closing.png
Component: component_1755079129283_292.png
centerX: 0.6650544135429263
centerY: 0.6013686911890505
width: 0.035872632003224506
height: 0.03222127174222983
Area: 0.0003638717842716134
CentroidX: 0.6849
CentroidY: 0.6163
