Location: Dedata_23.png_Otsu.png
Component: component_1755510040913_556.png
centerX: 0.1814516129032258
centerY: 0.5850669706469079
width: 0.027016129032258064
height: 0.027358221715588486
Area: 0.00026360786548874324
CentroidX: 0.1953
CentroidY: 0.5986
