Location: Dedata_23.png_Gaussian-Closing.png
Component: component_1755510041112_205.png
centerX: 0.12137096774193548
centerY: 0.36078654887432315
width: 0.01975806451612903
height: 0.03220290681105728
Area: 0.0002696981954237491
CentroidX: 0.1319
CentroidY: 0.3758
