Location: Dedata_23.png_Mean-Closing.png
Component: component_1755510039978_307.png
centerX: 0.3032258064516129
centerY: 0.5320604160729553
width: 0.025
height: 0.029923055001424906
Area: 0.0003297971115748444
CentroidX: 0.3169
CentroidY: 0.5466
