Location: Dedata_23.png_Gaussian-Median.png
Component: component_1755510040350_256.png
centerX: 0.4403225806451613
centerY: 0.4343117697349672
width: 0.02338709677419355
height: 0.026788258763180393
Area: 0.00029601301721839693
CentroidX: 0.4525
CentroidY: 0.4479
