Location: Dedata_23.png_Otsu.png
Component: component_1755510040497_119.png
centerX: 0.3524193548387097
centerY: 0.19720718153320035
width: 0.02258064516129032
height: 0.030208036477628954
Area: 0.0002824534147215915
CentroidX: 0.3638
CentroidY: 0.2129
