Location: Dedata_23.png_Gaussian-Median.png
Component: component_1755510040401_372.png
centerX: 0.6443548387096775
centerY: 0.609290396124252
width: 0.02217741935483871
height: 0.03334283271587347
Area: 0.0003029077303523658
CentroidX: 0.6569
CentroidY: 0.6261
