Location: Dedata_23.png_Otsu.png
Component: component_1755510040473_22.png
centerX: 0.5564516129032258
centerY: 0.011684240524365916
width: 0.02258064516129032
height: 0.033912795668281565
Area: 0.00034599968743967126
CentroidX: 0.5667
CentroidY: 0.0289
