Location: Dedata_23.png_Otsu.png
Component: component_1755510040917_574.png
centerX: 0.6153225806451613
centerY: 0.6152750071245369
width: 0.016935483870967744
height: 0.02963807352522086
Area: 0.00021568960920765955
CentroidX: 0.6246
CentroidY: 0.6285
