Location: internet_29.png_Mean-Closing.png
Component: component_1755079128812_273.png
centerX: 0.652962515114873
centerY: 0.562874251497006
width: 0.03506650544135429
height: 0.027944111776447105
Area: 0.0003289327373927219
CentroidX: 0.6730
CentroidY: 0.5748
