Location: Dedata_23.png_Otsu.png
Component: component_1755510040850_417.png
centerX: 0.6834677419354839
centerY: 0.46850954687945284
width: 0.021774193548387097
height: 0.025648332858364205
Area: 0.0002102887505860506
CentroidX: 0.6943
CentroidY: 0.4810
