Location: Dedata_23.png_Gaussian-Median.png
Component: component_1755510040299_153.png
centerX: 0.08911290322580645
centerY: 0.2636078654887432
width: 0.02217741935483871
height: 0.031062980906241093
Area: 0.0003168120685058697
CentroidX: 0.0996
CentroidY: 0.2784
