Location: internet_29.png_Gaussian-Median.png
Component: component_1755079128887_30.png
centerX: 0.44014510278113667
centerY: 0.04733390362132877
width: 0.03345425231761386
height: 0.03735386370116909
Area: 0.00048765255232610725
CentroidX: 0.4573
CentroidY: 0.0663
