Location: internet_29.png_Gaussian-Closing.png
Component: component_1755079129019_16.png
centerX: 0.6469165659008465
centerY: 0.006558311947533505
width: 0.04191858121725111
height: 0.033932135728542916
Area: 0.0005027085231851032
CentroidX: 0.6693
CentroidY: 0.0220
