Location: internet_29.png_Mean-Medain.png
Component: component_1755079128446_185.png
centerX: 0.6388553002821443
centerY: 0.3558597091531223
width: 0.03788794840790004
height: 0.03051040775591674
Area: 0.00038904168975344643
CentroidX: 0.6581
CentroidY: 0.3711
