Location: Dedata_23.png_Otsu.png
Component: component_1755510040860_439.png
centerX: 0.37298387096774194
centerY: 0.48503847249928755
width: 0.02379032258064516
height: 0.029923055001424906
Area: 0.00025142720561873154
CentroidX: 0.3841
CentroidY: 0.5002
