Location: Dedata_23.png_Mean-Closing.png
Component: component_1755510039997_382.png
centerX: 0.5653225806451613
centerY: 0.6640068395554289
width: 0.024596774193548387
height: 0.030777999430037048
Area: 0.0003168120685058697
CentroidX: 0.5770
CentroidY: 0.6793
