Location: Dedata_23.png_Otsu.png
Component: component_1755510040932_635.png
centerX: 0.9653225806451613
centerY: 0.7056141350812197
width: 0.021370967741935483
height: 0.0262182958107723
Area: 0.00023108780187352338
CentroidX: 0.9757
CentroidY: 0.7187
