Location: Dedata_23.png_Gaussian-Closing.png
Component: component_1755510041185_422.png
centerX: 0.39556451612903226
centerY: 0.7238529495582787
width: 0.021774193548387097
height: 0.026788258763180393
Area: 0.0003086533246306732
CentroidX: 0.4065
CentroidY: 0.7373
