Location: Dedata_23.png_Gaussian-Median.png
Component: component_1755510040411_413.png
centerX: 0.19475806451612904
centerY: 0.6850954687945283
width: 0.02056451612903226
height: 0.026788258763180393
Area: 0.0002449921400270273
CentroidX: 0.2052
CentroidY: 0.6990
