Location: Dedata_23.png_Mean-Closing.png
Component: component_1755510039911_39.png
centerX: 0.6278225806451613
centerY: 0.05728127671701339
width: 0.020161290322580645
height: 0.026788258763180393
Area: 0.00030899806028737166
CentroidX: 0.6383
CentroidY: 0.0708
