Location: internet_29.png_Mean-Closing.png
Component: component_1755079128813_277.png
centerX: 0.4655380894800484
centerY: 0.5765611633875107
width: 0.039500201531640466
height: 0.027088679783290562
Area: 0.0003872027925492942
CentroidX: 0.4884
CentroidY: 0.5875
