Location: Dedata_23.png_Mean-Closing.png
Component: component_1755510039965_262.png
centerX: 0.04717741935483871
centerY: 0.45882017668851527
width: 0.02379032258064516
height: 0.029353092049016812
Area: 0.0003266944906645584
CentroidX: 0.0596
CentroidY: 0.4732
