Location: internet_29.png_Mean-Closing.png
Component: component_1755079128672_9.png
centerX: 0.40064490124949614
centerY: 0.004847447961220416
width: 0.041515517936316
height: 0.03421727972626176
Area: 0.0005461524696331986
CentroidX: 0.4220
CentroidY: 0.0219
