Location: Dedata_23.png_Otsu.png
Component: component_1755510040822_339.png
centerX: 0.05040322580645161
centerY: 0.4060986035907666
width: 0.02258064516129032
height: 0.03505272157309775
Area: 0.0003196848656450234
CentroidX: 0.0617
CentroidY: 0.4235
