Location: Dedata_23.png_Mean-Closing.png
Component: component_1755510039999_390.png
centerX: 0.2991935483870968
centerY: 0.6745511541749786
width: 0.02217741935483871
height: 0.026788258763180393
Area: 0.00028406218111951757
CentroidX: 0.3092
CentroidY: 0.6886
