Location: Dedata_23.png_Gaussian-Median.png
Component: component_1755510040272_85.png
centerX: 0.6887096774193548
centerY: 0.14049586776859505
width: 0.021370967741935483
height: 0.02707324023938444
Area: 0.0002815341196370623
CentroidX: 0.6999
CentroidY: 0.1539
