Location: internet_29.png_Gaussian-Closing.png
Component: component_1755079129294_317.png
centerX: 0.6694881096332124
centerY: 0.6558311947533504
width: 0.04312777106005643
height: 0.02879954376960365
Area: 0.0003901910005060415
CentroidX: 0.6938
CentroidY: 0.6681
