Location: Dedata_23.png_Mean-Closing.png
Component: component_1755510039991_356.png
centerX: 0.5383064516129032
centerY: 0.622114562553434
width: 0.024193548387096774
height: 0.031062980906241093
Area: 0.000356686492797323
CentroidX: 0.5509
CentroidY: 0.6359
