Location: Dedata_23.png_Gaussian-Closing.png
Component: component_1755510041175_401.png
centerX: 0.16330645161290322
centerY: 0.6873753206041607
width: 0.025403225806451612
height: 0.028783129096608722
Area: 0.0003029077303523658
CentroidX: 0.1756
CentroidY: 0.7010
