Location: Dedata_23.png_Mean-Closing.png
Component: component_1755510040004_407.png
centerX: 0.6870967741935484
centerY: 0.7181533200341977
width: 0.020967741935483872
height: 0.029353092049016812
Area: 0.00031738662793370044
CentroidX: 0.6977
CentroidY: 0.7325
