Location: Dedata_23.png_Mean-Closing.png
Component: component_1755510039980_316.png
centerX: 0.9084677419354839
centerY: 0.5511541749786264
width: 0.028225806451612902
height: 0.028783129096608722
Area: 0.00031359453571001757
CentroidX: 0.9248
CentroidY: 0.5656
