Location: internet_29.png_Mean-Closing.png
Component: component_1755079128672_10.png
centerX: 0.7980652962515115
centerY: 0.004562303963501569
width: 0.03667875856509472
height: 0.03165098374679213
Area: 0.0004940886925406399
CentroidX: 0.8158
CentroidY: 0.0210
