Location: internet_29.png_Gaussian-Closing.png
Component: component_1755079129256_240.png
centerX: 0.8964127367996776
centerY: 0.4818933561448531
width: 0.03345425231761386
height: 0.027088679783290562
Area: 0.0003320358764247287
CentroidX: 0.9158
CentroidY: 0.4938
