Location: Dedata_23.png_Mean-Closing.png
Component: component_1755510039916_64.png
centerX: 0.40403225806451615
centerY: 0.10116842405243659
width: 0.020161290322580645
height: 0.030493017953833
Area: 0.0003227874865553094
CentroidX: 0.4140
CentroidY: 0.1160
