Location: internet_29.png_Mean-Closing.png
Component: component_1755079128793_186.png
centerX: 0.46110439338976217
centerY: 0.36897633304818933
width: 0.029826682789197905
height: 0.03649843170801255
Area: 0.0003989257622257644
CentroidX: 0.4764
CentroidY: 0.3881
