Location: Dedata_23.png_Gaussian-Closing.png
Component: component_1755510041040_34.png
centerX: 0.75
centerY: 0.05329153605015674
width: 0.02217741935483871
height: 0.02707324023938444
Area: 0.0003199146894161557
CentroidX: 0.7612
CentroidY: 0.0671
