Location: Dedata_23.png_Gaussian-Median.png
Component: component_1755510040287_123.png
centerX: 0.38991935483870965
centerY: 0.19777714448560843
width: 0.021774193548387097
height: 0.02963807352522086
Area: 0.0003091129721729378
CentroidX: 0.4007
CentroidY: 0.2130
