Location: Dedata_23.png_Gaussian-Closing.png
Component: component_1755510041051_64.png
centerX: 0.44717741935483873
centerY: 0.10031347962382445
width: 0.020161290322580645
height: 0.028783129096608722
Area: 0.0002910718061390526
CentroidX: 0.4568
CentroidY: 0.1151
