Location: Dedata_23.png_Mean-Closing.png
Component: component_1755510039918_69.png
centerX: 0.1963709677419355
centerY: 0.10458820176688516
width: 0.020967741935483872
height: 0.029923055001424906
Area: 0.00032922255214701366
CentroidX: 0.2074
CentroidY: 0.1190
