Location: internet_29.png_Mean-Medain.png
Component: component_1755079128425_86.png
centerX: 0.051592099959693674
centerY: 0.1662389506700884
width: 0.036275695284159616
height: 0.035357855717137156
Area: 0.00046627537232783815
CentroidX: 0.0691
CentroidY: 0.1835
