Location: Dedata_23.png_Otsu.png
Component: component_1755510040553_262.png
centerX: 0.5645161290322581
centerY: 0.34112282701624397
width: 0.02258064516129032
height: 0.029353092049016812
Area: 0.0002068413940190662
CentroidX: 0.5753
CentroidY: 0.3568
