Location: Dedata_23.png_Gaussian-Closing.png
Component: component_1755510041092_144.png
centerX: 0.44475806451612904
centerY: 0.2553434026788259
width: 0.02217741935483871
height: 0.026503277286976348
Area: 0.00027314555199073353
CentroidX: 0.4565
CentroidY: 0.2682
