Location: Dedata_23.png_Otsu.png
Component: component_1755510040510_157.png
centerX: 0.6415322580645161
centerY: 0.24223425477343974
width: 0.02056451612903226
height: 0.028783129096608722
Area: 0.00018362919313470431
CentroidX: 0.6517
CentroidY: 0.2543
