Location: Dedata_23.png_Mean-Closing.png
Component: component_1755510039906_20.png
centerX: 0.19314516129032258
centerY: 0.01054431461954973
width: 0.02217741935483871
height: 0.034482758620689655
Area: 0.00041414243558039694
CentroidX: 0.2045
CentroidY: 0.0278
