Location: internet_29.png_Mean-Medain.png
Component: component_1755079128419_58.png
centerX: 0.29222087867795243
centerY: 0.09923011120615911
width: 0.035872632003224506
height: 0.034787567721699456
Area: 0.0004708726153382186
CentroidX: 0.3095
CentroidY: 0.1171
