Location: internet_29.png_Mean-Closing.png
Component: component_1755079128794_193.png
centerX: 0.3216444981862152
centerY: 0.382663244938694
width: 0.03506650544135429
height: 0.03592814371257485
Area: 0.0004288078417932374
CentroidX: 0.3393
CentroidY: 0.4011
