Location: internet_29.png_Gaussian-Closing.png
Component: component_1755079129054_131.png
centerX: 0.7960499798468359
centerY: 0.2554890219560878
width: 0.03305118903667876
height: 0.033361847733105215
Area: 0.00041329214663320335
CentroidX: 0.8135
CentroidY: 0.2713
