Location: internet_29.png_Mean-Medain.png
Component: component_1755079128471_288.png
centerX: 0.6924627166465135
centerY: 0.5557456515540348
width: 0.037081821846029824
height: 0.03222127174222983
Area: 0.00034456336362801544
CentroidX: 0.7139
CentroidY: 0.5698
