Location: internet_29.png_Mean-Closing.png
Component: component_1755079128792_180.png
centerX: 0.6388553002821443
centerY: 0.35614485315084116
width: 0.03788794840790004
height: 0.03022526375819789
Area: 0.00038731772362455376
CentroidX: 0.6581
CentroidY: 0.3711
