Location: Dedata_23.png_Otsu.png
Component: component_1755510040809_315.png
centerX: 0.432258064516129
centerY: 0.38814477058991165
width: 0.01975806451612903
height: 0.029353092049016812
Area: 0.0001603020803647763
CentroidX: 0.4419
CentroidY: 0.4015
