Location: internet_29.png_Gaussian-Closing.png
Component: component_1755079129213_183.png
centerX: 0.5920999596936719
centerY: 0.3592814371257485
width: 0.035872632003224506
height: 0.03507271171941831
Area: 0.0004117980426548297
CentroidX: 0.6113
CentroidY: 0.3761
