Location: Dedata_23.png_Mean-Closing.png
Component: component_1755510039944_173.png
centerX: 0.0875
centerY: 0.31233969791963523
width: 0.020161290322580645
height: 0.030208036477628954
Area: 0.0002837174454628191
CentroidX: 0.0975
CentroidY: 0.3271
