Location: internet_29.png_Mean-Medain.png
Component: component_1755079128438_147.png
centerX: 0.362353889560661
centerY: 0.2894211576846307
width: 0.036275695284159616
height: 0.033361847733105215
Area: 0.0004531732297482538
CentroidX: 0.3792
CentroidY: 0.3064
