Location: internet_29.png_Gaussian-Closing.png
Component: component_1755079129216_190.png
centerX: 0.4183796856106409
centerY: 0.37325349301397204
width: 0.031035872632003223
height: 0.03706871970345024
Area: 0.00042673908243856615
CentroidX: 0.4327
CentroidY: 0.3926
