Location: internet_29.png_Gaussian-Median.png
Component: component_1755079128920_184.png
centerX: 0.5920999596936719
centerY: 0.35899629312802966
width: 0.035872632003224506
height: 0.035642999714856
Area: 0.00041846404501988133
CentroidX: 0.6113
CentroidY: 0.3762
