Location: Dedata_23.png_Gaussian-Median.png
Component: component_1755510040344_233.png
centerX: 0.2495967741935484
centerY: 0.3969791963522371
width: 0.02620967741935484
height: 0.029353092049016812
Area: 0.000288313920885465
CentroidX: 0.2623
CentroidY: 0.4119
