Location: internet_29.png_Gaussian-Closing.png
Component: component_1755079129277_275.png
centerX: 0.652962515114873
centerY: 0.5631593954947248
width: 0.03506650544135429
height: 0.02765896777872826
Area: 0.00032341604578026536
CentroidX: 0.6730
CentroidY: 0.5750
