Location: Dedata_23.png_Mean-Closing.png
Component: component_1755510039984_331.png
centerX: 0.49112903225806454
centerY: 0.5716728412653177
width: 0.02338709677419355
height: 0.025933314334568254
Area: 0.0003008393164121751
CentroidX: 0.5028
CentroidY: 0.5843
