Location: internet_29.png_Mean-Medain.png
Component: component_1755079128476_311.png
centerX: 0.619105199516324
centerY: 0.6056458511548332
width: 0.03829101168883515
height: 0.03165098374679213
Area: 0.00039628234749479566
CentroidX: 0.6400
CentroidY: 0.6199
