Location: Dedata_23.png_Gaussian-Median.png
Component: component_1755510040418_445.png
centerX: 0.05524193548387097
centerY: 0.7403818751781134
width: 0.020967741935483872
height: 0.02821316614420063
Area: 0.0002591263019516635
CentroidX: 0.0653
CentroidY: 0.7540
