Location: Dedata_23.png_Gaussian-Closing.png
Component: component_1755510041041_38.png
centerX: 0.41854838709677417
centerY: 0.055571387859789115
width: 0.02338709677419355
height: 0.02536335138216016
Area: 0.00030371211355132886
CentroidX: 0.4294
CentroidY: 0.0683
