Location: Dedata_23.png_Gaussian-Median.png
Component: component_1755510040374_303.png
centerX: 0.09798387096774193
centerY: 0.5018523795953264
width: 0.025
height: 0.028783129096608722
Area: 0.00027739729175668096
CentroidX: 0.1104
CentroidY: 0.5161
