Location: internet_29.png_Mean-Closing.png
Component: component_1755079128777_128.png
centerX: 0.8343409915356711
centerY: 0.2537781579697747
width: 0.036275695284159616
height: 0.033361847733105215
Area: 0.0003958226231937576
CentroidX: 0.8539
CentroidY: 0.2691
