Location: internet_29.png_Gaussian-Median.png
Component: component_1755079128946_306.png
centerX: 0.7496977025392987
centerY: 0.5979469632164243
width: 0.037081821846029824
height: 0.02879954376960365
Area: 0.00034778143373528176
CentroidX: 0.7695
CentroidY: 0.6113
