Location: Dedata_23.png_Mean-Closing.png
Component: component_1755510039913_46.png
centerX: 0.542741935483871
centerY: 0.058991165574237676
width: 0.02258064516129032
height: 0.026503277286976348
Area: 0.0003280734332913522
CentroidX: 0.5543
CentroidY: 0.0732
