Location: internet_29.png_Mean-Medain.png
Component: component_1755079128457_219.png
centerX: 0.4494155582426441
centerY: 0.42001710863986313
width: 0.03506650544135429
height: 0.030795551753635585
Area: 0.00037410064996970993
CentroidX: 0.4666
CentroidY: 0.4352
