Location: internet_29.png_Gaussian-Median.png
Component: component_1755079128946_307.png
centerX: 0.18742442563482467
centerY: 0.598517251211862
width: 0.03506650544135429
height: 0.02879954376960365
Area: 0.0003881222411513703
CentroidX: 0.2076
CentroidY: 0.6108
