Location: Dedata_23.png_Gaussian-Closing.png
Component: component_1755510041047_58.png
centerX: 0.8290322580645161
centerY: 0.09233399829011114
width: 0.020967741935483872
height: 0.03134796238244514
Area: 0.0002949788102483016
CentroidX: 0.8410
CentroidY: 0.1075
