Location: internet_29.png_Gaussian-Median.png
Component: component_1755079128952_331.png
centerX: 0.1894397420395002
centerY: 0.6441402908468776
width: 0.04030632809351068
height: 0.03421727972626176
Area: 0.00040903969684860143
CentroidX: 0.2117
CentroidY: 0.6597
