Location: internet_29.png_Mean-Closing.png
Component: component_1755079128825_329.png
centerX: 0.09995969367190649
centerY: 0.7040205303678357
width: 0.03829101168883515
height: 0.029940119760479042
Area: 0.0003918000355596747
CentroidX: 0.1229
CentroidY: 0.7168
