Location: internet_29.png_Mean-Closing.png
Component: component_1755079128795_194.png
centerX: 0.8206368399838775
centerY: 0.3857998289136014
width: 0.03667875856509472
height: 0.0290846877673225
Area: 0.00029652217416953965
CentroidX: 0.8403
CentroidY: 0.4000
