Location: Dedata_23.png_Otsu.png
Component: component_1755510040472_18.png
centerX: 0.3189516129032258
centerY: 0.01054431461954973
width: 0.02217741935483871
height: 0.033912795668281565
Area: 0.0003593294661653444
CentroidX: 0.3295
CentroidY: 0.0270
