Location: internet_29.png_Mean-Medain.png
Component: component_1755079128461_241.png
centerX: 0.10278113663845223
centerY: 0.45566010835471915
width: 0.032245062474808545
height: 0.031936127744510975
Area: 0.0003257146672854556
CentroidX: 0.1194
CentroidY: 0.4709
