Location: Dedata_23.png_Mean-Closing.png
Component: component_1755510039934_142.png
centerX: 0.40524193548387094
centerY: 0.2573382730122542
width: 0.024596774193548387
height: 0.027643203191792535
Area: 0.0003276137857490876
CentroidX: 0.4169
CentroidY: 0.2708
