Location: Dedata_23.png_Gaussian-Closing.png
Component: component_1755510041067_90.png
centerX: 0.5576612903225806
centerY: 0.14562553434026787
width: 0.021774193548387097
height: 0.025933314334568254
Area: 0.00027705255609998254
CentroidX: 0.5685
CentroidY: 0.1587
