Location: Dedata_23.png_Gaussian-Closing.png
Component: component_1755510041113_206.png
centerX: 0.056451612903225805
centerY: 0.3616414933029353
width: 0.024596774193548387
height: 0.029068110572812767
Area: 0.0002733753757618658
CentroidX: 0.0682
CentroidY: 0.3761
