Location: Dedata_23.png_Gaussian-Closing.png
Component: component_1755510041097_154.png
centerX: 0.12580645161290321
centerY: 0.26617269877457966
width: 0.022983870967741935
height: 0.02821316614420063
Area: 0.0002760183491298872
CentroidX: 0.1368
CentroidY: 0.2800
