Location: internet_29.png_Gaussian-Median.png
Component: component_1755079128919_180.png
centerX: 0.6831922611850061
centerY: 0.3498716852010265
width: 0.0354695687222894
height: 0.032506415739948676
Area: 0.0003909955180328581
CentroidX: 0.7017
CentroidY: 0.3659
