Location: Dedata_23.png_Mean-Closing.png
Component: component_1755510039962_250.png
centerX: 0.32379032258064516
centerY: 0.4414363066400684
width: 0.02620967741935484
height: 0.02792818466799658
Area: 0.00029601301721839693
CentroidX: 0.3368
CentroidY: 0.4554
