Location: Dedata_23.png_Mean-Closing.png
Component: component_1755510039969_278.png
centerX: 0.2721774193548387
centerY: 0.4870333428327159
width: 0.025403225806451612
height: 0.03220290681105728
Area: 0.00034404618538504676
CentroidX: 0.2850
CentroidY: 0.5025
