Location: Dedata_23.png_Mean-Closing.png
Component: component_1755510039995_370.png
centerX: 0.054838709677419356
centerY: 0.646337988030778
width: 0.02338709677419355
height: 0.025933314334568254
Area: 0.00027475431838865956
CentroidX: 0.0665
CentroidY: 0.6588
