Location: internet_29.png_Mean-Medain.png
Component: component_1755079128426_89.png
centerX: 0.9326884320838371
centerY: 0.16994582264043342
width: 0.037081821846029824
height: 0.03307670373538637
Area: 0.00041674007889098866
CentroidX: 0.9535
CentroidY: 0.1856
