Location: Dedata_23.png_Gaussian-Median.png
Component: component_1755510040232_9.png
centerX: 0.8068548387096774
centerY: 0.008264462809917356
width: 0.017741935483870968
height: 0.03334283271587347
Area: 0.0002958981053328308
CentroidX: 0.8151
CentroidY: 0.0252
