Location: Dedata_23.png_Gaussian-Closing.png
Component: component_1755510041083_129.png
centerX: 0.12298387096774194
centerY: 0.20917640353377032
width: 0.024596774193548387
height: 0.02963807352522086
Area: 0.0003112962979986946
CentroidX: 0.1353
CentroidY: 0.2240
