Location: Dedata_23.png_Gaussian-Median.png
Component: component_1755510040296_147.png
centerX: 0.40524193548387094
centerY: 0.2573382730122542
width: 0.024596774193548387
height: 0.027643203191792535
Area: 0.00031141120988426073
CentroidX: 0.4169
CentroidY: 0.2711
