Location: Dedata_23.png_Otsu.png
Component: component_1755510040907_519.png
centerX: 0.9475806451612904
centerY: 0.5528640638358506
width: 0.02620967741935484
height: 0.025933314334568254
Area: 0.00022109046782926853
CentroidX: 0.9613
CentroidY: 0.5654
