Location: internet_29.png_Gaussian-Closing.png
Component: component_1755079129246_228.png
centerX: 0.6311970979443773
centerY: 0.4550898203592814
width: 0.0354695687222894
height: 0.03051040775591674
Area: 0.00029043082718078556
CentroidX: 0.6507
CentroidY: 0.4697
