Location: Dedata_23.png_Otsu.png
Component: component_1755510040910_534.png
centerX: 0.6637096774193548
centerY: 0.5659732117412368
width: 0.022983870967741935
height: 0.0262182958107723
Area: 0.0002107483981283152
CentroidX: 0.6763
CentroidY: 0.5785
