Location: internet_29.png_Mean-Medain.png
Component: component_1755079128468_274.png
centerX: 0.37162434502216846
centerY: 0.5269461077844312
width: 0.03869407496977025
height: 0.033932135728542916
Area: 0.00039271948416175076
CentroidX: 0.3928
CentroidY: 0.5423
