Location: internet_29.png_Mean-Closing.png
Component: component_1755079128671_7.png
centerX: 0.15598548972188633
centerY: 0.003992015968063872
width: 0.0354695687222894
height: 0.0427715996578272
Area: 0.0006230413589818118
CentroidX: 0.1750
CentroidY: 0.0233
