Location: Dedata_23.png_Otsu.png
Component: component_1755510040803_305.png
centerX: 0.6939516129032258
centerY: 0.3793103448275862
width: 0.020967741935483872
height: 0.025933314334568254
Area: 0.00015329245534524127
CentroidX: 0.7047
CentroidY: 0.3908
