Location: Dedata_23.png_Gaussian-Closing.png
Component: component_1755510041188_426.png
centerX: 0.16330645161290322
centerY: 0.7346822456540325
width: 0.018951612903225806
height: 0.027643203191792535
Area: 0.00023625883672400005
CentroidX: 0.1728
CentroidY: 0.7479
