Location: internet_29.png_Mean-Medain.png
Component: component_1755079128472_293.png
centerX: 0.5614671503426037
centerY: 0.5691474194468207
width: 0.037484885126964934
height: 0.032506415739948676
Area: 0.00035042484846625055
CentroidX: 0.5828
CentroidY: 0.5837
