Location: Dedata_23.png_Mean-Closing.png
Component: component_1755510040004_406.png
centerX: 0.7987903225806452
centerY: 0.7175833570817897
width: 0.020967741935483872
height: 0.029068110572812767
Area: 0.0003061252631482179
CentroidX: 0.8098
CentroidY: 0.7315
