Location: Dedata_23.png_Mean-Closing.png
Component: component_1755510039956_226.png
centerX: 0.18346774193548387
centerY: 0.40096893701909375
width: 0.02056451612903226
height: 0.031062980906241093
Area: 0.00028785427334320044
CentroidX: 0.1931
CentroidY: 0.4168
