Location: Dedata_23.png_Gaussian-Median.png
Component: component_1755510040377_306.png
centerX: 0.8701612903225806
centerY: 0.5029923055001425
width: 0.02217741935483871
height: 0.030208036477628954
Area: 0.0003048612324069903
CentroidX: 0.8814
CentroidY: 0.5178
