Location: Dedata_23.png_Gaussian-Median.png
Component: component_1755510040268_76.png
centerX: 0.05282258064516129
centerY: 0.11028783129096609
width: 0.02056451612903226
height: 0.031062980906241093
Area: 0.0003211787201573833
CentroidX: 0.0622
CentroidY: 0.1258
