Location: Dedata_23.png_Otsu.png
Component: component_1755510040477_38.png
centerX: 0.2524193548387097
centerY: 0.0567113137646053
width: 0.02217741935483871
height: 0.030493017953833
Area: 0.00030198843526783664
CentroidX: 0.2640
CentroidY: 0.0719
