Location: internet_29.png_Mean-Medain.png
Component: component_1755079128445_182.png
centerX: 0.6831922611850061
centerY: 0.35015682919874536
width: 0.0354695687222894
height: 0.03222127174222983
Area: 0.000395018105666941
CentroidX: 0.7017
CentroidY: 0.3658
