Location: Dedata_23.png_Gaussian-Median.png
Component: component_1755510040409_403.png
centerX: 0.5310483870967742
centerY: 0.6651467654602451
width: 0.02217741935483871
height: 0.029923055001424906
Area: 0.0002817639434081946
CentroidX: 0.5422
CentroidY: 0.6804
