Location: Dedata_23.png_Gaussian-Median.png
Component: component_1755510040263_60.png
centerX: 0.6899193548387097
centerY: 0.09489883157594756
width: 0.020161290322580645
height: 0.03163294385864919
Area: 0.000290612158596788
CentroidX: 0.6993
CentroidY: 0.1105
