Location: Dedata_23.png_Gaussian-Median.png
Component: component_1755510040369_297.png
centerX: 0.17056451612903226
centerY: 0.4952978056426332
width: 0.022983870967741935
height: 0.030777999430037048
Area: 0.0002916463655668833
CentroidX: 0.1810
CentroidY: 0.5107
