Location: Dedata_23.png_Mean-Closing.png
Component: component_1755510040005_414.png
centerX: 0.3625
centerY: 0.7227130236534626
width: 0.020161290322580645
height: 0.03220290681105728
Area: 0.00030037966886991055
CentroidX: 0.3725
CentroidY: 0.7382
