Location: Dedata_23.png_Mean-Closing.png
Component: component_1755510039932_133.png
centerX: 0.6774193548387096
centerY: 0.24052436591621545
width: 0.024193548387096774
height: 0.030208036477628954
Area: 0.00031508839022237746
CentroidX: 0.6902
CentroidY: 0.2555
