Location: internet_29.png_Mean-Closing.png
Component: component_1755079128709_28.png
centerX: 0.2898024989923418
centerY: 0.047619047619047616
width: 0.04070939137444579
height: 0.040490447676076416
Area: 0.0005202929776998086
CentroidX: 0.3123
CentroidY: 0.0670
