Location: internet_29.png_Gaussian-Closing.png
Component: component_1755079129205_152.png
centerX: 0.8101571946795647
centerY: 0.29740518962075846
width: 0.029423619508262798
height: 0.031936127744510975
Area: 0.0003220368728771512
CentroidX: 0.8264
CentroidY: 0.3129
