Location: Dedata_23.png_Gaussian-Closing.png
Component: component_1755510041178_409.png
centerX: 0.7653225806451613
centerY: 0.7155884867483614
width: 0.021774193548387097
height: 0.030493017953833
Area: 0.000307734029546144
CentroidX: 0.7762
CentroidY: 0.7309
