Location: internet_29.png_Gaussian-Median.png
Component: component_1755079128895_64.png
centerX: 0.049576783555018135
centerY: 0.11348731109210151
width: 0.039500201531640466
height: 0.03279155973766752
Area: 0.00047259658146711126
CentroidX: 0.0690
CentroidY: 0.1300
