Location: internet_29.png_Gaussian-Median.png
Component: component_1755079128933_248.png
centerX: 0.460298266827892
centerY: 0.46820644425434843
width: 0.041112454655380895
height: 0.03307670373538637
Area: 0.0003509995038425481
CentroidX: 0.4832
CentroidY: 0.4841
