Location: internet_29.png_Gaussian-Median.png
Component: component_1755079128931_232.png
centerX: 0.14389359129383314
centerY: 0.4471057884231537
width: 0.03506650544135429
height: 0.03507271171941831
Area: 0.00033755256803718524
CentroidX: 0.1627
CentroidY: 0.4643
