Location: internet_29.png_Gaussian-Median.png
Component: component_1755079128957_352.png
centerX: 0.29383313180169285
centerY: 0.6871970345024238
width: 0.03990326481257558
height: 0.029654975762760195
Area: 0.00037444544319548844
CentroidX: 0.3160
CentroidY: 0.6997
