Location: Dedata_23.png_Mean-Closing.png
Component: component_1755510039972_290.png
centerX: 0.8701612903225806
centerY: 0.5029923055001425
width: 0.02217741935483871
height: 0.029923055001424906
Area: 0.0003141690951378483
CentroidX: 0.8815
CentroidY: 0.5177
