Location: internet_29.png_Mean-Medain.png
Component: component_1755079128457_218.png
centerX: 0.4909310761789601
centerY: 0.4185913886512689
width: 0.03869407496977025
height: 0.032506415739948676
Area: 0.0003357136708330331
CentroidX: 0.5110
CentroidY: 0.4340
