Location: internet_29.png_Gaussian-Closing.png
Component: component_1755079129226_205.png
centerX: 0.09270455461507457
centerY: 0.4043341887653265
width: 0.03426037887948408
height: 0.03649843170801255
Area: 0.00040375286738666386
CentroidX: 0.1104
CentroidY: 0.4220
