Location: Dedata_23.png_Gaussian-Closing.png
Component: component_1755510041188_428.png
centerX: 0.0907258064516129
centerY: 0.7383870048446851
width: 0.02379032258064516
height: 0.026503277286976348
Area: 0.0002598157732650604
CentroidX: 0.1017
CentroidY: 0.7527
