Location: internet_29.png_Gaussian-Median.png
Component: component_1755079128898_82.png
centerX: 0.18782748891575976
centerY: 0.15454804676361564
width: 0.04070939137444579
height: 0.037639007698887936
Area: 0.0004908706224333736
CentroidX: 0.2084
CentroidY: 0.1732
