Location: Dedata_23.png_Gaussian-Median.png
Component: component_1755510040276_94.png
centerX: 0.3532258064516129
centerY: 0.15047021943573669
width: 0.022983870967741935
height: 0.027358221715588486
Area: 0.00030589543937708564
CentroidX: 0.3646
CentroidY: 0.1645
