Location: Dedata_23.png_Otsu.png
Component: component_1755510040919_585.png
centerX: 0.35080645161290325
centerY: 0.6332288401253918
width: 0.02620967741935484
height: 0.026788258763180393
Area: 0.00020994401492935218
CentroidX: 0.3642
CentroidY: 0.6449
