Location: Dedata_23.png_Mean-Closing.png
Component: component_1755510039917_65.png
centerX: 0.5314516129032258
centerY: 0.10145340552864064
width: 0.02217741935483871
height: 0.028498147620404674
Area: 0.0003021033471534028
CentroidX: 0.5429
CentroidY: 0.1160
