Location: Dedata_23.png_Gaussian-Median.png
Component: component_1755510040385_320.png
centerX: 0.40483870967741936
centerY: 0.5277856939298946
width: 0.024193548387096774
height: 0.03334283271587347
Area: 0.00032956728780371213
CentroidX: 0.4174
CentroidY: 0.5436
