Location: Dedata_23.png_Gaussian-Median.png
Component: component_1755510040373_301.png
centerX: 0.9346774193548387
centerY: 0.4990025648332858
width: 0.022983870967741935
height: 0.031917925334853235
Area: 0.0003068147344616148
CentroidX: 0.9461
CentroidY: 0.5145
