Location: internet_29.png_Gaussian-Median.png
Component: component_1755079128885_22.png
centerX: 0.5054413542926239
centerY: 0.00998003992015968
width: 0.039500201531640466
height: 0.029369831765041345
Area: 0.00047259658146711126
CentroidX: 0.5267
CentroidY: 0.0235
