Location: internet_29.png_Gaussian-Median.png
Component: component_1755079128958_354.png
centerX: 0.24143490528012898
centerY: 0.6911890504704876
width: 0.041112454655380895
height: 0.034787567721699456
Area: 0.0004381172588892578
CentroidX: 0.2652
CentroidY: 0.7059
