Location: internet_29.png_Mean-Medain.png
Component: component_1755079128425_88.png
centerX: 0.0048367593712212815
centerY: 0.16766467065868262
width: 0.03345425231761386
height: 0.03507271171941831
Area: 0.00046857399383302837
CentroidX: 0.0203
CentroidY: 0.1854
