Location: Dedata_23.png_Mean-Closing.png
Component: component_1755510039996_375.png
centerX: 0.8241935483870968
centerY: 0.6568823026503278
width: 0.020161290322580645
height: 0.030493017953833
Area: 0.00029578319344726465
CentroidX: 0.8342
CentroidY: 0.6717
