Location: Dedata_23.png_Gaussian-Median.png
Component: component_1755510040250_25.png
centerX: 0.5560483870967742
centerY: 0.011399259048161869
width: 0.022983870967741935
height: 0.034482758620689655
Area: 0.0003694417120951654
CentroidX: 0.5666
CentroidY: 0.0288
