Location: internet_29.png_Mean-Closing.png
Component: component_1755079128780_139.png
centerX: 0.008061265618702136
centerY: 0.26746506986027946
width: 0.0354695687222894
height: 0.038209295694325636
Area: 0.00046730975200517374
CentroidX: 0.0242
CentroidY: 0.2870
