Location: internet_29.png_Mean-Closing.png
Component: component_1755079128820_308.png
centerX: 0.8557033454252317
centerY: 0.6375819788993442
width: 0.032648125755743655
height: 0.029654975762760195
Area: 0.0003568609886807832
CentroidX: 0.8722
CentroidY: 0.6521
