Location: internet_29.png_Gaussian-Closing.png
Component: component_1755079129029_59.png
centerX: 0.24143490528012898
centerY: 0.10265183917878529
width: 0.041112454655380895
height: 0.036213287710293696
Area: 0.0005013293502819892
CentroidX: 0.2623
CentroidY: 0.1209
