Location: Dedata_23.png_Otsu.png
Component: component_1755510040840_408.png
centerX: 0.04717741935483871
centerY: 0.45882017668851527
width: 0.02379032258064516
height: 0.029068110572812767
Area: 0.0002565982404692082
CentroidX: 0.0595
CentroidY: 0.4734
