Location: internet_29.png_Mean-Closing.png
Component: component_1755079128713_40.png
centerX: 0.005239822652156389
centerY: 0.05788423153692615
width: 0.036275695284159616
height: 0.041060735671514116
Area: 0.0005512094369446171
CentroidX: 0.0232
CentroidY: 0.0788
