Location: internet_29.png_Gaussian-Closing.png
Component: component_1755079129272_263.png
centerX: 0.9012494961708988
centerY: 0.5337895637296834
width: 0.03667875856509472
height: 0.030795551753635585
Area: 0.0003490456755631364
CentroidX: 0.9226
CentroidY: 0.5475
