Location: internet_29.png_Mean-Medain.png
Component: component_1755079128437_141.png
centerX: 0.008061265618702136
centerY: 0.26746506986027946
width: 0.0354695687222894
height: 0.03849443969204448
Area: 0.0004679993384567308
CentroidX: 0.0242
CentroidY: 0.2870
