Location: Dedata_23.png_Mean-Closing.png
Component: component_1755510039975_293.png
centerX: 0.739516129032258
centerY: 0.5081219720718153
width: 0.022983870967741935
height: 0.029923055001424906
Area: 0.00028957795162669266
CentroidX: 0.7523
CentroidY: 0.5229
