Location: internet_29.png_Gaussian-Closing.png
Component: component_1755079129031_66.png
centerX: 0.9367190648931882
centerY: 0.1277445109780439
width: 0.03143893591293833
height: 0.032506415739948676
Area: 0.00038111144556054013
CentroidX: 0.9528
CentroidY: 0.1439
