Location: internet_29.png_Mean-Closing.png
Component: component_1755079128797_208.png
centerX: 0.5304312777106006
centerY: 0.414599372683205
width: 0.041515517936316
height: 0.03364699173082407
Area: 0.0003285879441669434
CentroidX: 0.5531
CentroidY: 0.4300
