Location: internet_29.png_Gaussian-Median.png
Component: component_1755079128930_226.png
centerX: 0.22208786779524387
centerY: 0.4405474764756202
width: 0.037081821846029824
height: 0.03364699173082407
Area: 0.00036812423405621533
CentroidX: 0.2422
CentroidY: 0.4560
