Location: internet_29.png_Gaussian-Median.png
Component: component_1755079128926_208.png
centerX: 0.09270455461507457
centerY: 0.4043341887653265
width: 0.03426037887948408
height: 0.03649843170801255
Area: 0.0004082351793217848
CentroidX: 0.1104
CentroidY: 0.4220
