Location: internet_29.png_Mean-Closing.png
Component: component_1755079128786_159.png
centerX: 0.13744457879887143
centerY: 0.3108069575135443
width: 0.03184199919387344
height: 0.03279155973766752
Area: 0.00040662614426815167
CentroidX: 0.1545
CentroidY: 0.3262
