Location: Dedata_23.png_Gaussian-Median.png
Component: component_1755510040242_17.png
centerX: 0.06733870967741935
centerY: 0.009974351667141636
width: 0.024193548387096774
height: 0.030493017953833
Area: 0.00039449250314858565
CentroidX: 0.0795
CentroidY: 0.0252
