Location: internet_29.png_Mean-Closing.png
Component: component_1755079128823_320.png
centerX: 0.5324465941152761
centerY: 0.6666666666666666
width: 0.04554615074566707
height: 0.0290846877673225
Area: 0.00042237170157870474
CentroidX: 0.5577
CentroidY: 0.6783
