Location: internet_29.png_Mean-Closing.png
Component: component_1755079128770_102.png
centerX: 0.23740427247077792
centerY: 0.20045623039635016
width: 0.03667875856509472
height: 0.03364699173082407
Area: 0.00041846404501988133
CentroidX: 0.2578
CentroidY: 0.2165
