Location: Dedata_23.png_Otsu.png
Component: component_1755510040480_52.png
centerX: 0.9310483870967742
centerY: 0.08834425762325449
width: 0.02379032258064516
height: 0.02963807352522086
Area: 0.0002568280642403405
CentroidX: 0.9449
CentroidY: 0.1035
