Location: Dedata_23.png_Mean-Closing.png
Component: component_1755510039968_275.png
centerX: 0.4012096774193548
centerY: 0.481903676261043
width: 0.025403225806451612
height: 0.03134796238244514
Area: 0.0003381856792211732
CentroidX: 0.4144
CentroidY: 0.4969
