Location: Dedata_23.png_Gaussian-Median.png
Component: component_1755510040406_389.png
centerX: 0.015725806451612902
centerY: 0.6466229695069821
width: 0.022983870967741935
height: 0.02792818466799658
Area: 0.00029934546189981523
CentroidX: 0.0274
CentroidY: 0.6596
