Location: Dedata_23.png_Gaussian-Closing.png
Component: component_1755510041108_184.png
centerX: 0.8258064516129032
centerY: 0.3265887717298376
width: 0.02943548387096774
height: 0.037047591906526074
Area: 0.00037840483916932495
CentroidX: 0.8405
CentroidY: 0.3444
