Location: internet_29.png_Mean-Medain.png
Component: component_1755079128444_178.png
centerX: 0.8210399032648126
centerY: 0.34046193327630453
width: 0.03385731559854897
height: 0.03222127174222983
Area: 0.0003889267586781869
CentroidX: 0.8387
CentroidY: 0.3556
