Location: internet_29.png_Mean-Closing.png
Component: component_1755079128734_51.png
centerX: 0.6723095525997581
centerY: 0.0943826632449387
width: 0.032245062474808545
height: 0.03279155973766752
Area: 0.0004089247657733419
CentroidX: 0.6888
CentroidY: 0.1096
