Location: Dedata_23.png_Gaussian-Median.png
Component: component_1755510040328_190.png
centerX: 0.7120967741935483
centerY: 0.33428327158734683
width: 0.025806451612903226
height: 0.030777999430037048
Area: 0.0003337041156840934
CentroidX: 0.7252
CentroidY: 0.3497
