Location: internet_29.png_Mean-Closing.png
Component: component_1755079128794_189.png
centerX: 0.9443772672309553
centerY: 0.37553464499572287
width: 0.032648125755743655
height: 0.02879954376960365
Area: 0.0003187038716946254
CentroidX: 0.9626
CentroidY: 0.3891
