Location: internet_29.png_Gaussian-Median.png
Component: component_1755079128880_13.png
centerX: 0.7456670697299476
centerY: 0.0051325919589392645
width: 0.041515517936316
height: 0.03421727972626176
Area: 0.0005162703900657256
CentroidX: 0.7676
CentroidY: 0.0218
