Location: Dedata_23.png_Mean-Closing.png
Component: component_1755510039953_217.png
centerX: 0.4963709677419355
centerY: 0.384155029923055
width: 0.024193548387096774
height: 0.025933314334568254
Area: 0.00024556669945485803
CentroidX: 0.5076
CentroidY: 0.3973
