Location: internet_29.png_Gaussian-Closing.png
Component: component_1755079129248_237.png
centerX: 0.3675937122128174
centerY: 0.47647562018819506
width: 0.039500201531640466
height: 0.03307670373538637
Area: 0.00034444843255275595
CentroidX: 0.3890
CentroidY: 0.4924
