Location: internet_29.png_Mean-Medain.png
Component: component_1755079128450_205.png
centerX: 0.7392180572349859
centerY: 0.3932135728542914
width: 0.03788794840790004
height: 0.031936127744510975
Area: 0.00035249360782092174
CentroidX: 0.7601
CentroidY: 0.4087
