Location: Dedata_23.png_Gaussian-Median.png
Component: component_1755510040414_430.png
centerX: 0.5096774193548387
centerY: 0.7215730977486463
width: 0.024596774193548387
height: 0.02792818466799658
Area: 0.00031911030621719266
CentroidX: 0.5237
CentroidY: 0.7354
