Location: Dedata_23.png_Otsu.png
Component: component_1755510040481_55.png
centerX: 0.7540322580645161
centerY: 0.09290396124251923
width: 0.020161290322580645
height: 0.029068110572812767
Area: 0.00024752020150948254
CentroidX: 0.7649
CentroidY: 0.1073
