Location: Dedata_23.png_Gaussian-Closing.png
Component: component_1755510041161_343.png
centerX: 0.1810483870967742
centerY: 0.5847819891707039
width: 0.027822580645161292
height: 0.02821316614420063
Area: 0.00033186552551503506
CentroidX: 0.1952
CentroidY: 0.5987
