Location: Dedata_23.png_Gaussian-Median.png
Component: component_1755510040289_132.png
centerX: 0.8895161290322581
centerY: 0.22941008834425763
width: 0.02056451612903226
height: 0.029353092049016812
Area: 0.0002815341196370623
CentroidX: 0.9004
CentroidY: 0.2435
