Location: Dedata_23.png_Gaussian-Closing.png
Component: component_1755510041118_222.png
centerX: 0.43185483870967745
centerY: 0.3878597891137076
width: 0.021774193548387097
height: 0.030208036477628954
Area: 0.0002491289679074086
CentroidX: 0.4420
CentroidY: 0.4019
