Location: Dedata_23.png_Otsu.png
Component: component_1755510040500_121.png
centerX: 0.2762096774193548
centerY: 0.19834710743801653
width: 0.02338709677419355
height: 0.03220290681105728
Area: 0.00025510438595684827
CentroidX: 0.2890
CentroidY: 0.2153
