Location: internet_29.png_Gaussian-Closing.png
Component: component_1755079129289_299.png
centerX: 0.009673518742442563
centerY: 0.6102081551183347
width: 0.029826682789197905
height: 0.03364699173082407
Area: 0.0004155907681383936
CentroidX: 0.0249
CentroidY: 0.6265
