Location: internet_29.png_Mean-Medain.png
Component: component_1755079128411_31.png
centerX: 0.5739621120515921
centerY: 0.047619047619047616
width: 0.03385731559854897
height: 0.039064727687482176
Area: 0.0005227065302802582
CentroidX: 0.5920
CentroidY: 0.0664
