Location: internet_29.png_Mean-Medain.png
Component: component_1755079128435_134.png
centerX: 0.14550584441757355
centerY: 0.26033646991730824
width: 0.031035872632003223
height: 0.03649843170801255
Area: 0.00042237170157870474
CentroidX: 0.1600
CentroidY: 0.2785
