Location: Dedata_23.png_Mean-Closing.png
Component: component_1755510039992_361.png
centerX: 0.38306451612903225
centerY: 0.6309489883157595
width: 0.024596774193548387
height: 0.030208036477628954
Area: 0.0003431268903005176
CentroidX: 0.3969
CentroidY: 0.6452
