Location: Dedata_23.png_Gaussian-Median.png
Component: component_1755510040362_289.png
centerX: 0.43911290322580643
centerY: 0.4781989170703904
width: 0.02379032258064516
height: 0.030777999430037048
Area: 0.0003428970665293853
CentroidX: 0.4509
CentroidY: 0.4933
