Location: Dedata_23.png_Gaussian-Closing.png
Component: component_1755510041146_284.png
centerX: 0.3040322580645161
centerY: 0.4870333428327159
width: 0.02379032258064516
height: 0.029923055001424906
Area: 0.00028130429586593
CentroidX: 0.3164
CentroidY: 0.5019
