Location: internet_29.png_Mean-Medain.png
Component: component_1755079128413_39.png
centerX: 0.14913341394598953
centerY: 0.05503279155973767
width: 0.0354695687222894
height: 0.04020530367835757
Area: 0.0005169599765172827
CentroidX: 0.1666
CentroidY: 0.0759
