Location: internet_29.png_Gaussian-Median.png
Component: component_1755079128931_234.png
centerX: 0.7182587666263603
centerY: 0.44796122041631026
width: 0.03385731559854897
height: 0.03051040775591674
Area: 0.0002969818984705777
CentroidX: 0.7367
CentroidY: 0.4628
