Location: Dedata_23.png_Otsu.png
Component: component_1755510040914_557.png
centerX: 0.08064516129032258
centerY: 0.5879167854089484
width: 0.02258064516129032
height: 0.03277286976346538
Area: 0.00025717279989703897
CentroidX: 0.0920
CentroidY: 0.6033
