Location: Dedata_23.png_Gaussian-Median.png
Component: component_1755510040301_156.png
centerX: 0.16411290322580646
centerY: 0.2670276432031918
width: 0.02217741935483871
height: 0.02821316614420063
Area: 0.00028004026512470237
CentroidX: 0.1751
CentroidY: 0.2805
