Location: Dedata_23.png_Gaussian-Closing.png
Component: component_1755510041064_78.png
centerX: 0.9362903225806452
centerY: 0.13194642348247365
width: 0.02217741935483871
height: 0.027643203191792535
Area: 0.0002853262118607452
CentroidX: 0.9477
CentroidY: 0.1457
