Location: internet_29.png_Mean-Medain.png
Component: component_1755079128466_267.png
centerX: 0.5888754534461911
centerY: 0.5049900199600799
width: 0.041112454655380895
height: 0.03279155973766752
Area: 0.0003688138205077724
CentroidX: 0.6120
CentroidY: 0.5202
