Location: Dedata_23.png_Otsu.png
Component: component_1755510040481_56.png
centerX: 0.7895161290322581
centerY: 0.09318894271872329
width: 0.021370967741935483
height: 0.029068110572812767
Area: 0.00024326846174353505
CentroidX: 0.8022
CentroidY: 0.1074
