Location: Dedata_23.png_Gaussian-Median.png
Component: component_1755510040268_74.png
centerX: 0.1254032258064516
centerY: 0.10772299800512966
width: 0.01975806451612903
height: 0.029068110572812767
Area: 0.000293714779507074
CentroidX: 0.1354
CentroidY: 0.1223
