Location: Dedata_23.png_Gaussian-Median.png
Component: component_1755510040411_414.png
centerX: 0.08951612903225807
centerY: 0.6873753206041607
width: 0.022983870967741935
height: 0.030777999430037048
Area: 0.000301528787725572
CentroidX: 0.1023
CentroidY: 0.7020
