Location: internet_29.png_Gaussian-Median.png
Component: component_1755079128942_286.png
centerX: 0.7307537283353487
centerY: 0.5500427715996579
width: 0.037081821846029824
height: 0.036213287710293696
Area: 0.00037639927147490015
CentroidX: 0.7524
CentroidY: 0.5666
