Location: internet_29.png_Gaussian-Median.png
Component: component_1755079128911_143.png
centerX: 0.5425231761386538
centerY: 0.27003136583974907
width: 0.03143893591293833
height: 0.031936127744510975
Area: 0.0003726065459913363
CentroidX: 0.5598
CentroidY: 0.2854
