Location: Dedata_23.png_Mean-Closing.png
Component: component_1755510039998_384.png
centerX: 0.4935483870967742
centerY: 0.6682815616984896
width: 0.02379032258064516
height: 0.030493017953833
Area: 0.0003264646668934261
CentroidX: 0.5059
CentroidY: 0.6831
