Location: Dedata_23.png_Gaussian-Closing.png
Component: component_1755510041028_12.png
centerX: 0.1064516129032258
centerY: 0.009404388714733543
width: 0.022983870967741935
height: 0.032487888287261325
Area: 0.0004046047490784067
CentroidX: 0.1182
CentroidY: 0.0251
