Location: Dedata_23.png_Mean-Closing.png
Component: component_1755510039921_89.png
centerX: 0.3967741935483871
centerY: 0.14847534910230836
width: 0.02258064516129032
height: 0.028498147620404674
Area: 0.00033060149477380746
CentroidX: 0.4084
CentroidY: 0.1627
