Location: internet_29.png_Mean-Medain.png
Component: component_1755079128405_3.png
centerX: 0.3542926239419589
centerY: 0.003136583974907328
width: 0.037081821846029824
height: 0.032506415739948676
Area: 0.0005097193187759334
CentroidX: 0.3746
CentroidY: 0.0182
