Location: Dedata_23.png_Otsu.png
Component: component_1755510040832_386.png
centerX: 0.4830645161290323
centerY: 0.4297520661157025
width: 0.02338709677419355
height: 0.029923055001424906
Area: 0.00022649132645087748
CentroidX: 0.4955
CentroidY: 0.4444
