Location: internet_29.png_Mean-Medain.png
Component: component_1755079128429_106.png
centerX: 0.13744457879887143
centerY: 0.20644425434844596
width: 0.03466344216041919
height: 0.03592814371257485
Area: 0.00044823119351209486
CentroidX: 0.1547
CentroidY: 0.2243
