Location: Dedata_23.png_Gaussian-Median.png
Component: component_1755510040402_376.png
centerX: 0.5387096774193548
centerY: 0.622114562553434
width: 0.02379032258064516
height: 0.03134796238244514
Area: 0.0003366918247088133
CentroidX: 0.5510
CentroidY: 0.6362
