Location: internet_29.png_Gaussian-Median.png
Component: component_1755079128885_24.png
centerX: 0.8859330914953648
centerY: 0.04419731964642144
width: 0.03426037887948408
height: 0.032506415739948676
Area: 0.00043765753458821976
CentroidX: 0.9027
CentroidY: 0.0613
