Location: Dedata_23.png_Otsu.png
Component: component_1755510040863_452.png
centerX: 0.17096774193548386
centerY: 0.4955827871188373
width: 0.02258064516129032
height: 0.030208036477628954
Area: 0.00023648866049513233
CentroidX: 0.1809
CentroidY: 0.5105
