Location: Dedata_23.png_Mean-Closing.png
Component: component_1755510039960_243.png
centerX: 0.5580645161290323
centerY: 0.42775719578227417
width: 0.025403225806451612
height: 0.02792818466799658
Area: 0.00028291306226385605
CentroidX: 0.5710
CentroidY: 0.4410
