Location: Dedata_23.png_Gaussian-Closing.png
Component: component_1755510041135_248.png
centerX: 0.5584677419354839
centerY: 0.42775719578227417
width: 0.025
height: 0.02792818466799658
Area: 0.00026728504582685997
CentroidX: 0.5710
CentroidY: 0.4412
