Location: internet_29.png_Mean-Closing.png
Component: component_1755079128809_260.png
centerX: 0.2736799677549375
centerY: 0.5326489877388081
width: 0.04030632809351068
height: 0.036213287710293696
Area: 0.0004181192517941028
CentroidX: 0.2963
CentroidY: 0.5488
