Location: internet_29.png_Gaussian-Closing.png
Component: component_1755079129044_107.png
centerX: 0.8065296251511487
centerY: 0.21100655831194753
width: 0.035872632003224506
height: 0.035642999714856
Area: 0.0004219119772776667
CentroidX: 0.8266
CentroidY: 0.2275
