Location: Dedata_23.png_Gaussian-Median.png
Component: component_1755510040329_193.png
centerX: 0.6415322580645161
centerY: 0.3385579937304075
width: 0.02661290322580645
height: 0.029923055001424906
Area: 0.0003130199762821868
CentroidX: 0.6538
CentroidY: 0.3532
