Location: internet_29.png_Mean-Medain.png
Component: component_1755079128434_130.png
centerX: 0.8343409915356711
centerY: 0.2537781579697747
width: 0.036275695284159616
height: 0.03364699173082407
Area: 0.00040444245383822094
CentroidX: 0.8541
CentroidY: 0.2694
