Location: Dedata_23.png_Mean-Closing.png
Component: component_1755510039952_213.png
centerX: 0.6564516129032258
centerY: 0.3804502707324024
width: 0.022983870967741935
height: 0.02821316614420063
Area: 0.00029417442704933857
CentroidX: 0.6679
CentroidY: 0.3939
