Location: internet_29.png_Gaussian-Median.png
Component: component_1755079128914_156.png
centerX: 0.7194679564691656
centerY: 0.3013972055888224
width: 0.041515517936316
height: 0.031080695751354435
Area: 0.00039248962201123174
CentroidX: 0.7420
CentroidY: 0.3172
