Location: Dedata_23.png_Gaussian-Median.png
Component: component_1755510040395_347.png
centerX: 0.4915322580645161
centerY: 0.5713878597891137
width: 0.022983870967741935
height: 0.026503277286976348
Area: 0.00028693497825867125
CentroidX: 0.5027
CentroidY: 0.5842
