Location: Dedata_23.png_Gaussian-Median.png
Component: component_1755510040410_410.png
centerX: 0.2991935483870968
centerY: 0.6745511541749786
width: 0.02217741935483871
height: 0.026788258763180393
Area: 0.00027038766673714593
CentroidX: 0.3090
CentroidY: 0.6886
