Location: Dedata_23.png_Gaussian-Closing.png
Component: component_1755510041109_193.png
centerX: 0.5645161290322581
centerY: 0.34055286406383584
width: 0.024193548387096774
height: 0.031062980906241093
Area: 0.00031738662793370044
CentroidX: 0.5759
CentroidY: 0.3566
