Location: internet_29.png_Gaussian-Closing.png
Component: component_1755079129050_121.png
centerX: 0.4534461910519952
centerY: 0.23239235814086112
width: 0.03829101168883515
height: 0.029940119760479042
Area: 0.00036571068147576557
CentroidX: 0.4737
CentroidY: 0.2468
