Location: Dedata_23.png_Otsu.png
Component: component_1755510040838_400.png
centerX: 0.925
centerY: 0.4531205471644343
width: 0.02379032258064516
height: 0.03134796238244514
Area: 0.0002429237260868366
CentroidX: 0.9374
CentroidY: 0.4672
