Location: internet_29.png_Gaussian-Median.png
Component: component_1755079128895_67.png
centerX: 0.8927851672712616
centerY: 0.1300256629597947
width: 0.03345425231761386
height: 0.03165098374679213
Area: 0.0004017990391072522
CentroidX: 0.9104
CentroidY: 0.1448
