Location: Dedata_23.png_Mean-Closing.png
Component: component_1755510039922_93.png
centerX: 0.23588709677419356
centerY: 0.152465089769165
width: 0.02258064516129032
height: 0.029923055001424906
Area: 0.00032945237591814594
CentroidX: 0.2481
CentroidY: 0.1672
