Location: Dedata_23.png_Gaussian-Median.png
Component: component_1755510040282_111.png
centerX: 0.7411290322580645
centerY: 0.1835280706754061
width: 0.02379032258064516
height: 0.02536335138216016
Area: 0.00027877623438347476
CentroidX: 0.7526
CentroidY: 0.1964
