Location: Dedata_23.png_Gaussian-Closing.png
Component: component_1755510041072_101.png
centerX: 0.014516129032258065
centerY: 0.15816471929324594
width: 0.02217741935483871
height: 0.029923055001424906
Area: 0.00030761911766057787
CentroidX: 0.0261
CentroidY: 0.1731
