Location: Dedata_23.png_Mean-Closing.png
Component: component_1755510039948_195.png
centerX: 0.2560483870967742
centerY: 0.3530920490168139
width: 0.02620967741935484
height: 0.031062980906241093
Area: 0.0003183059230182296
CentroidX: 0.2685
CentroidY: 0.3688
