Location: internet_29.png_Gaussian-Median.png
Component: component_1755079128918_174.png
centerX: 0.3147924224103184
centerY: 0.3390362132877103
width: 0.03829101168883515
height: 0.03307670373538637
Area: 0.0003988108311505049
CentroidX: 0.3365
CentroidY: 0.3543
