Location: internet_29.png_Gaussian-Median.png
Component: component_1755079128946_308.png
centerX: 0.13945989520354696
centerY: 0.6007984031936128
width: 0.035872632003224506
height: 0.027088679783290562
Area: 0.0003538727807240359
CentroidX: 0.1599
CentroidY: 0.6123
