Location: Dedata_23.png_Mean-Closing.png
Component: component_1755510040005_410.png
centerX: 0.5528225806451613
centerY: 0.7215730977486463
width: 0.024596774193548387
height: 0.029068110572812767
Area: 0.0003736934518611129
CentroidX: 0.5651
CentroidY: 0.7356
