Location: Dedata_23.png_Mean-Closing.png
Component: component_1755510039949_200.png
centerX: 0.15201612903225806
centerY: 0.3605015673981191
width: 0.025403225806451612
height: 0.02963807352522086
Area: 0.00031646733284917126
CentroidX: 0.1641
CentroidY: 0.3756
