Location: internet_29.png_Gaussian-Closing.png
Component: component_1755079129033_72.png
centerX: 0.6271664651350262
centerY: 0.1354433989164528
width: 0.03184199919387344
height: 0.03222127174222983
Area: 0.0003972017960968717
CentroidX: 0.6421
CentroidY: 0.1511
