Location: internet_29.png_Gaussian-Closing.png
Component: component_1755079129018_14.png
centerX: 0.5989520354695688
centerY: 0.005988023952095809
width: 0.04070939137444579
height: 0.033361847733105215
Area: 0.0004861584483477336
CentroidX: 0.6203
CentroidY: 0.0218
