Location: Dedata_23.png_Otsu.png
Component: component_1755510040828_358.png
centerX: 0.882258064516129
centerY: 0.41379310344827586
width: 0.02056451612903226
height: 0.0262182958107723
Area: 0.00019822300260160508
CentroidX: 0.8932
CentroidY: 0.4265
