Location: Dedata_23.png_Otsu.png
Component: component_1755510040473_19.png
centerX: 0.14475806451612902
centerY: 0.010829296095753777
width: 0.021774193548387097
height: 0.032487888287261325
Area: 0.0003988591548000993
CentroidX: 0.1556
CentroidY: 0.0269
