Location: Dedata_23.png_Otsu.png
Component: component_1755510040764_273.png
centerX: 0.2564516129032258
centerY: 0.353662011969222
width: 0.02338709677419355
height: 0.030208036477628954
Area: 0.00020661157024793388
CentroidX: 0.2680
CentroidY: 0.3696
