Location: internet_29.png_Gaussian-Median.png
Component: component_1755079128915_164.png
centerX: 0.5014107214832729
centerY: 0.3128029654975763
width: 0.03829101168883515
height: 0.039635015682919876
Area: 0.00044443846802853093
CentroidX: 0.5213
CentroidY: 0.3323
