Location: Dedata_23.png_Gaussian-Median.png
Component: component_1755510040279_103.png
centerX: 0.04959677419354839
centerY: 0.15987460815047022
width: 0.024596774193548387
height: 0.029353092049016812
Area: 0.00031474365456567904
CentroidX: 0.0621
CentroidY: 0.1750
