Location: Dedata_23.png_Mean-Closing.png
Component: component_1755510039996_376.png
centerX: 0.7911290322580645
centerY: 0.658307210031348
width: 0.02056451612903226
height: 0.029923055001424906
Area: 0.0003009542282977413
CentroidX: 0.8016
CentroidY: 0.6730
