Location: Dedata_23.png_Gaussian-Closing.png
Component: component_1755510041090_137.png
centerX: 0.6774193548387096
centerY: 0.24052436591621545
width: 0.02379032258064516
height: 0.030208036477628954
Area: 0.00030129896395443974
CentroidX: 0.6900
CentroidY: 0.2556
