Location: internet_29.png_Gaussian-Median.png
Component: component_1755079128896_72.png
centerX: 0.5292220878677952
centerY: 0.1354433989164528
width: 0.037081821846029824
height: 0.036783575705731396
Area: 0.00047121740856399715
CentroidX: 0.5480
CentroidY: 0.1539
