Location: internet_29.png_Mean-Medain.png
Component: component_1755079128470_282.png
centerX: 0.8182184602982668
centerY: 0.5420587396635301
width: 0.03788794840790004
height: 0.033932135728542916
Area: 0.00035306826319721934
CentroidX: 0.8399
CentroidY: 0.5568
