Location: Dedata_23.png_Gaussian-Closing.png
Component: component_1755510041069_96.png
centerX: 0.23588709677419356
centerY: 0.152465089769165
width: 0.02258064516129032
height: 0.029923055001424906
Area: 0.0003176164517048327
CentroidX: 0.2481
CentroidY: 0.1673
