Location: Dedata_23.png_Otsu.png
Component: component_1755510040858_425.png
centerX: 0.475
centerY: 0.47534910230835
width: 0.025806451612903226
height: 0.031062980906241093
Area: 0.00028394726923395143
CentroidX: 0.4867
CentroidY: 0.4920
