Location: internet_29.png_Mean-Closing.png
Component: component_1755079128796_202.png
centerX: 0.13825070536074163
centerY: 0.4009124607927003
width: 0.037081821846029824
height: 0.038209295694325636
Area: 0.00045098953931832313
CentroidX: 0.1572
CentroidY: 0.4202
