Location: Dedata_23.png_Gaussian-Closing.png
Component: component_1755510041100_161.png
centerX: 0.7592741935483871
centerY: 0.2855514391564548
width: 0.02338709677419355
height: 0.03362781419207751
Area: 0.0003304865828882413
CentroidX: 0.7716
CentroidY: 0.3014
