Location: Dedata_23.png_Gaussian-Closing.png
Component: component_1755510041177_405.png
centerX: 0.932258064516129
centerY: 0.707324023938444
width: 0.022983870967741935
height: 0.030208036477628954
Area: 0.0002775122036422471
CentroidX: 0.9437
CentroidY: 0.7219
