Location: internet_29.png_Mean-Closing.png
Component: component_1755079128711_34.png
centerX: 0.34139459895203544
centerY: 0.04932991160536071
width: 0.03788794840790004
height: 0.04077559167379527
Area: 0.000499490453077837
CentroidX: 0.3614
CentroidY: 0.0692
