Location: Dedata_23.png_Gaussian-Median.png
Component: component_1755510040347_246.png
centerX: 0.8193548387096774
centerY: 0.41749786263892846
width: 0.022983870967741935
height: 0.026788258763180393
Area: 0.00026418242491657394
CentroidX: 0.8318
CentroidY: 0.4308
