Location: internet_29.png_Gaussian-Closing.png
Component: component_1755079129278_281.png
centerX: 0.3720274083031036
centerY: 0.5831194753350442
width: 0.04030632809351068
height: 0.029940119760479042
Area: 0.0003972017960968717
CentroidX: 0.3953
CentroidY: 0.5959
