Location: internet_29.png_Mean-Closing.png
Component: component_1755079128776_124.png
centerX: 0.875453446191052
centerY: 0.24978614200171087
width: 0.03466344216041919
height: 0.034787567721699456
Area: 0.0003939837259896054
CentroidX: 0.8943
CentroidY: 0.2661
