Location: Dedata_23.png_Mean-Closing.png
Component: component_1755510039958_234.png
centerX: 0.8818548387096774
centerY: 0.41379310344827586
width: 0.021370967741935483
height: 0.026788258763180393
Area: 0.0002470605539672179
CentroidX: 0.8931
CentroidY: 0.4265
