Location: Dedata_23.png_Gaussian-Closing.png
Component: component_1755510041151_306.png
centerX: 0.5064516129032258
centerY: 0.5235109717868338
width: 0.02379032258064516
height: 0.029353092049016812
Area: 0.00031543312587907593
CentroidX: 0.5195
CentroidY: 0.5378
