Location: Dedata_23.png_Otsu.png
Component: component_1755510040918_581.png
centerX: 0.3834677419354839
centerY: 0.6312339697919636
width: 0.02379032258064516
height: 0.029923055001424906
Area: 0.000280499912666967
CentroidX: 0.3967
CentroidY: 0.6450
