Location: internet_29.png_Gaussian-Closing.png
Component: component_1755079129055_132.png
centerX: 0.18984280532043532
centerY: 0.2583404619332763
width: 0.03466344216041919
height: 0.035642999714856
Area: 0.00042260156372922377
CentroidX: 0.2059
CentroidY: 0.2762
