Location: Dedata_23.png_Gaussian-Median.png
Component: component_1755510040400_368.png
centerX: 0.8193548387096774
centerY: 0.6033057851239669
width: 0.02338709677419355
height: 0.032487888287261325
Area: 0.00033129096608720436
CentroidX: 0.8312
CentroidY: 0.6204
