Location: Dedata_23.png_Mean-Closing.png
Component: component_1755510039918_71.png
centerX: 0.1254032258064516
centerY: 0.10800797948133371
width: 0.01975806451612903
height: 0.028783129096608722
Area: 0.000300724404526609
CentroidX: 0.1355
CentroidY: 0.1223
