Location: Dedata_23.png_Gaussian-Closing.png
Component: component_1755510041167_369.png
centerX: 0.3504032258064516
centerY: 0.6329438586491878
width: 0.027016129032258064
height: 0.027643203191792535
Area: 0.00027475431838865956
CentroidX: 0.3644
CentroidY: 0.6457
