Location: Dedata_23.png_Gaussian-Closing.png
Component: component_1755510041139_257.png
centerX: 0.21491935483870966
centerY: 0.4462809917355372
width: 0.027419354838709678
height: 0.02792818466799658
Area: 0.0003106068266852977
CentroidX: 0.2296
CentroidY: 0.4606
