Location: Dedata_23.png_Otsu.png
Component: component_1755510040471_11.png
centerX: 0.06733870967741935
centerY: 0.009974351667141636
width: 0.02379032258064516
height: 0.030493017953833
Area: 0.00037771536785592805
CentroidX: 0.0795
CentroidY: 0.0252
