Location: Dedata_23.png_Gaussian-Median.png
Component: component_1755510040289_131.png
centerX: 0.9266129032258065
centerY: 0.22713023653462525
width: 0.024596774193548387
height: 0.029353092049016812
Area: 0.00030325246600906424
CentroidX: 0.9410
CentroidY: 0.2414
