Location: internet_29.png_Mean-Medain.png
Component: component_1755079128434_127.png
centerX: 0.9181781539701733
centerY: 0.2503564299971486
width: 0.031035872632003223
height: 0.03307670373538637
Area: 0.0003818010320120972
CentroidX: 0.9334
CentroidY: 0.2667
