Location: internet_29.png_Mean-Closing.png
Component: component_1755079128698_16.png
centerX: 0.10479645304312778
centerY: 0.006558311947533505
width: 0.037484885126964934
height: 0.043912175648702596
Area: 0.0006429244350017073
CentroidX: 0.1259
CentroidY: 0.0262
