Location: Dedata_23.png_Gaussian-Closing.png
Component: component_1755510041149_300.png
centerX: 0.7701612903225806
centerY: 0.5086919350242234
width: 0.02258064516129032
height: 0.029353092049016812
Area: 0.00027935079381130547
CentroidX: 0.7828
CentroidY: 0.5230
