Location: Dedata_23.png_Otsu.png
Component: component_1755510040479_49.png
centerX: 0.17459677419354838
centerY: 0.05984611000284981
width: 0.018145161290322582
height: 0.0262182958107723
Area: 0.0002532657957877899
CentroidX: 0.1839
CentroidY: 0.0728
