Location: Dedata_23.png_Gaussian-Median.png
Component: component_1755510040399_363.png
centerX: 0.0125
centerY: 0.5919065260758051
width: 0.022983870967741935
height: 0.030777999430037048
Area: 0.0002907270704823541
CentroidX: 0.0241
CentroidY: 0.6063
