Location: internet_29.png_Mean-Medain.png
Component: component_1755079128435_135.png
centerX: 0.6682789197904071
centerY: 0.2609067579127459
width: 0.03305118903667876
height: 0.03307670373538637
Area: 0.00043857698319029587
CentroidX: 0.6847
CentroidY: 0.2770
