Location: Dedata_23.png_Otsu.png
Component: component_1755510040917_575.png
centerX: 0.5802419354838709
centerY: 0.6184098033627814
width: 0.024193548387096774
height: 0.026503277286976348
Area: 0.00020052124031292806
CentroidX: 0.5945
CentroidY: 0.6311
