Location: internet_29.png_Gaussian-Median.png
Component: component_1755079128935_255.png
centerX: 0.8964127367996776
centerY: 0.4816082121471343
width: 0.03385731559854897
height: 0.02737382378100941
Area: 0.00033375984255362137
CentroidX: 0.9158
CentroidY: 0.4938
