Location: internet_29.png_Mean-Closing.png
Component: component_1755079128790_174.png
centerX: 0.22773075372833534
centerY: 0.34587966923296265
width: 0.03385731559854897
height: 0.034787567721699456
Area: 0.000410074076525937
CentroidX: 0.2451
CentroidY: 0.3622
