Location: internet_29.png_Gaussian-Median.png
Component: component_1755079128936_259.png
centerX: 0.23538895606610238
centerY: 0.4898773880809809
width: 0.03869407496977025
height: 0.032506415739948676
Area: 0.00032847301309168385
CentroidX: 0.2563
CentroidY: 0.5053
