Location: Dedata_23.png_Gaussian-Median.png
Component: component_1755510040395_348.png
centerX: 0.5221774193548387
centerY: 0.5711028783129096
width: 0.025
height: 0.02821316614420063
Area: 0.00031049191479973155
CentroidX: 0.5351
CentroidY: 0.5847
