Location: Dedata_23.png_Otsu.png
Component: component_1755510040476_33.png
centerX: 0.46048387096774196
centerY: 0.05386149900256483
width: 0.021774193548387097
height: 0.028783129096608722
Area: 0.0002771674679855487
CentroidX: 0.4702
CentroidY: 0.0686
