Location: internet_29.png_Mean-Closing.png
Component: component_1755079128706_21.png
centerX: 0.5054413542926239
centerY: 0.009694895922440832
width: 0.039500201531640466
height: 0.029654975762760195
Area: 0.00048523899974565755
CentroidX: 0.5267
CentroidY: 0.0233
