Location: internet_29.png_Mean-Closing.png
Component: component_1755079128710_32.png
centerX: 0.5272067714631197
centerY: 0.04790419161676647
width: 0.03667875856509472
height: 0.03792415169660679
Area: 0.0005158106657646876
CentroidX: 0.5466
CentroidY: 0.0656
