Location: Dedata_23.png_Gaussian-Closing.png
Component: component_1755510041144_275.png
centerX: 0.5419354838709678
centerY: 0.4713593616414933
width: 0.025806451612903226
height: 0.03163294385864919
Area: 0.00033393393945522576
CentroidX: 0.5546
CentroidY: 0.4872
