Location: Dedata_23.png_Mean-Closing.png
Component: component_1755510039910_36.png
centerX: 0.7056451612903226
centerY: 0.05528640638358507
width: 0.022983870967741935
height: 0.026788258763180393
Area: 0.0003029077303523658
CentroidX: 0.7180
CentroidY: 0.0687
