Location: internet_29.png_Gaussian-Closing.png
Component: component_1755079129027_52.png
centerX: 0.671906489318823
centerY: 0.0943826632449387
width: 0.032648125755743655
height: 0.03279155973766752
Area: 0.00040639628211763264
CentroidX: 0.6888
CentroidY: 0.1096
