Location: Dedata_23.png_Mean-Closing.png
Component: component_1755510040006_416.png
centerX: 0.2592741935483871
centerY: 0.7241379310344828
width: 0.01935483870967742
height: 0.034482758620689655
Area: 0.0003284181689480506
CentroidX: 0.2695
CentroidY: 0.7401
