Location: Dedata_23.png_Gaussian-Median.png
Component: component_1755510040305_164.png
centerX: 0.7286290322580645
centerY: 0.2909660872043317
width: 0.02056451612903226
height: 0.028783129096608722
Area: 0.00026981310730931523
CentroidX: 0.7392
CentroidY: 0.3043
