Location: internet_29.png_Gaussian-Closing.png
Component: component_1755079129297_324.png
centerX: 0.44054816606207176
centerY: 0.6752209865982322
width: 0.03990326481257558
height: 0.029654975762760195
Area: 0.00038605348179669913
CentroidX: 0.4632
CentroidY: 0.6874
