Location: Dedata_23.png_Mean-Closing.png
Component: component_1755510039953_215.png
centerX: 0.5209677419354839
centerY: 0.3815901966372186
width: 0.020967741935483872
height: 0.027643203191792535
Area: 0.00024200443100230742
CentroidX: 0.5311
CentroidY: 0.3955
