Location: internet_29.png_Gaussian-Median.png
Component: component_1755079128903_103.png
centerX: 0.28174123337363965
centerY: 0.19617907043056743
width: 0.03990326481257558
height: 0.03307670373538637
Area: 0.0004531732297482538
CentroidX: 0.3034
CentroidY: 0.2121
