Location: Dedata_23.png_Otsu.png
Component: component_1755510040491_93.png
centerX: 0.27661290322580645
centerY: 0.15218010829296097
width: 0.021370967741935483
height: 0.026788258763180393
Area: 0.0002597008613794942
CentroidX: 0.2886
CentroidY: 0.1653
