Location: Dedata_23.png_Gaussian-Median.png
Component: component_1755510040340_220.png
centerX: 0.5846774193548387
centerY: 0.3798803077799943
width: 0.02661290322580645
height: 0.027358221715588486
Area: 0.0002363737486095662
CentroidX: 0.5972
CentroidY: 0.3925
