Location: internet_29.png_Gaussian-Closing.png
Component: component_1755079129077_137.png
centerX: 0.09794437726723096
centerY: 0.2643284858853721
width: 0.035872632003224506
height: 0.03706871970345024
Area: 0.0004309915322231681
CentroidX: 0.1151
CentroidY: 0.2828
