Location: Dedata_23.png_Otsu.png
Component: component_1755510040813_316.png
centerX: 0.4653225806451613
centerY: 0.38814477058991165
width: 0.020967741935483872
height: 0.02707324023938444
Area: 0.0001845484882192335
CentroidX: 0.4762
CentroidY: 0.4022
