Location: Dedata_23.png_Gaussian-Median.png
Component: component_1755510040358_277.png
centerX: 0.75
centerY: 0.4625249358791679
width: 0.025
height: 0.028783129096608722
Area: 0.00030922788405850395
CentroidX: 0.7628
CentroidY: 0.4766
