Location: Dedata_23.png_Otsu.png
Component: component_1755510040910_536.png
centerX: 0.5935483870967742
centerY: 0.5682530635508692
width: 0.025403225806451612
height: 0.028498147620404674
Area: 0.0002449921400270273
CentroidX: 0.6063
CentroidY: 0.5816
