Location: Dedata_23.png_Otsu.png
Component: component_1755510040490_88.png
centerX: 0.5576612903225806
centerY: 0.14619549729267597
width: 0.021370967741935483
height: 0.024793388429752067
Area: 0.00023970619329098447
CentroidX: 0.5685
CentroidY: 0.1587
