Location: Dedata_23.png_Otsu.png
Component: component_1755510040911_543.png
centerX: 0.4064516129032258
centerY: 0.5722428042177259
width: 0.02661290322580645
height: 0.030777999430037048
Area: 0.00022660623833644362
CentroidX: 0.4199
CentroidY: 0.5867
