Location: Dedata_23.png_Gaussian-Median.png
Component: component_1755510040346_242.png
centerX: 0.08024193548387097
centerY: 0.40581362211456257
width: 0.02903225806451613
height: 0.030493017953833
Area: 0.00034266724275825296
CentroidX: 0.0947
CentroidY: 0.4201
