Location: Dedata_23.png_Gaussian-Closing.png
Component: component_1755510041028_11.png
centerX: 0.43588709677419357
centerY: 0.00883442576232545
width: 0.021370967741935483
height: 0.031062980906241093
Area: 0.00033876023864900395
CentroidX: 0.4466
CentroidY: 0.0243
