Location: Dedata_23.png_Mean-Closing.png
Component: component_1755510039925_104.png
centerX: 0.8209677419354838
centerY: 0.18010829296095754
width: 0.025403225806451612
height: 0.024793388429752067
Area: 0.00029877090247198447
CentroidX: 0.8338
CentroidY: 0.1925
