Location: Dedata_23.png_Otsu.png
Component: component_1755510040804_306.png
centerX: 0.5846774193548387
centerY: 0.38016528925619836
width: 0.025
height: 0.026503277286976348
Area: 0.00017018450252346502
CentroidX: 0.5970
CentroidY: 0.3923
