Location: Dedata_23.png_Mean-Closing.png
Component: component_1755510039960_241.png
centerX: 0.6616935483870968
centerY: 0.4251923624964377
width: 0.025403225806451612
height: 0.026788258763180393
Area: 0.00029601301721839693
CentroidX: 0.6756
CentroidY: 0.4376
