Location: Dedata_23.png_Otsu.png
Component: component_1755510040862_442.png
centerX: 0.30443548387096775
centerY: 0.4873183243089199
width: 0.022983870967741935
height: 0.029353092049016812
Area: 0.00021086331001388136
CentroidX: 0.3161
CentroidY: 0.5021
