Location: Dedata_23.png_Gaussian-Closing.png
Component: component_1755510041144_276.png
centerX: 0.5790322580645161
centerY: 0.4713593616414933
width: 0.021774193548387097
height: 0.02821316614420063
Area: 0.0002913016299101849
CentroidX: 0.5893
CentroidY: 0.4854
