Location: Dedata_23.png_Mean-Closing.png
Component: component_1755510039927_111.png
centerX: 0.505241935483871
centerY: 0.19236249643773154
width: 0.020161290322580645
height: 0.028783129096608722
Area: 0.0003014138758400059
CentroidX: 0.5157
CentroidY: 0.2067
