Location: Dedata_23.png_Mean-Closing.png
Component: component_1755510039928_114.png
centerX: 0.4645161290322581
centerY: 0.1963522371045882
width: 0.021774193548387097
height: 0.028783129096608722
Area: 0.00031669715662030354
CentroidX: 0.4759
CentroidY: 0.2105
