Location: Dedata_23.png_Gaussian-Closing.png
Component: component_1755510041083_131.png
centerX: 0.8895161290322581
centerY: 0.22941008834425763
width: 0.02056451612903226
height: 0.029353092049016812
Area: 0.0002799253532391362
CentroidX: 0.9004
CentroidY: 0.2435
