Location: Dedata_23.png_Gaussian-Closing.png
Component: component_1755510041113_210.png
centerX: 0.8709677419354839
centerY: 0.3687660302080365
width: 0.02217741935483871
height: 0.030777999430037048
Area: 0.00030497614429255646
CentroidX: 0.8824
CentroidY: 0.3841
