Location: Dedata_23.png_Mean-Closing.png
Component: component_1755510039942_168.png
centerX: 0.3431451612903226
centerY: 0.30578512396694213
width: 0.025
height: 0.02792818466799658
Area: 0.00031221559308322377
CentroidX: 0.3558
CentroidY: 0.3192
