Location: Dedata_23.png_Mean-Closing.png
Component: component_1755510039997_379.png
centerX: 0.7540322580645161
centerY: 0.6608720433171844
width: 0.02217741935483871
height: 0.02821316614420063
Area: 0.0003014138758400059
CentroidX: 0.7653
CentroidY: 0.6745
