Location: internet_29.png_Mean-Closing.png
Component: component_1755079128766_93.png
centerX: 0.671906489318823
centerY: 0.17678927858568577
width: 0.03506650544135429
height: 0.03649843170801255
Area: 0.00040674107534341116
CentroidX: 0.6902
CentroidY: 0.1954
