Location: internet_29.png_Mean-Closing.png
Component: component_1755079128810_266.png
centerX: 0.7758968158000806
centerY: 0.546050755631594
width: 0.037484885126964934
height: 0.03364699173082407
Area: 0.000369618338034589
CentroidX: 0.7972
CentroidY: 0.5602
