Location: internet_29.png_Gaussian-Median.png
Component: component_1755079128942_287.png
centerX: 0.09794437726723096
centerY: 0.5523239235814086
width: 0.035872632003224506
height: 0.033361847733105215
Area: 0.00035479222932611196
CentroidX: 0.1169
CentroidY: 0.5677
