Location: internet_29.png_Gaussian-Median.png
Component: component_1755079128918_175.png
centerX: 0.2708585247883918
centerY: 0.34074707727402337
width: 0.03869407496977025
height: 0.035642999714856
Area: 0.00043064673899738956
CentroidX: 0.2916
CentroidY: 0.3584
