Location: internet_29.png_Mean-Medain.png
Component: component_1755079128455_210.png
centerX: 0.13784764207980654
centerY: 0.4009124607927003
width: 0.037484885126964934
height: 0.038209295694325636
Area: 0.00045363295404929186
CentroidX: 0.1572
CentroidY: 0.4202
