Location: Dedata_23.png_Gaussian-Closing.png
Component: component_1755510041101_165.png
centerX: 0.6185483870967742
centerY: 0.2938159019663722
width: 0.02379032258064516
height: 0.03220290681105728
Area: 0.0002992305500142491
CentroidX: 0.6307
CentroidY: 0.3095
