Location: Dedata_23.png_Gaussian-Closing.png
Component: component_1755510041164_355.png
centerX: 0.6794354838709677
centerY: 0.6090054146480479
width: 0.021774193548387097
height: 0.03305785123966942
Area: 0.00030325246600906424
CentroidX: 0.6912
CentroidY: 0.6257
