Location: Dedata_23.png_Mean-Closing.png
Component: component_1755510039917_66.png
centerX: 0.3616935483870968
centerY: 0.10230834995725278
width: 0.021370967741935483
height: 0.030208036477628954
Area: 0.0003220980152419125
CentroidX: 0.3724
CentroidY: 0.1174
