Location: Dedata_23.png_Gaussian-Median.png
Component: component_1755510040352_264.png
centerX: 0.15201612903225806
centerY: 0.4525505842120262
width: 0.021774193548387097
height: 0.027643203191792535
Area: 0.00026774469336912453
CentroidX: 0.1622
CentroidY: 0.4665
