Location: internet_29.png_Mean-Medain.png
Component: component_1755079128428_104.png
centerX: 0.23740427247077792
centerY: 0.20017108639863132
width: 0.03667875856509472
height: 0.033932135728542916
Area: 0.00041903870039617893
CentroidX: 0.2578
CentroidY: 0.2165
