Location: internet_29.png_Mean-Closing.png
Component: component_1755079128775_119.png
centerX: 0.4534461910519952
centerY: 0.23239235814086112
width: 0.03869407496977025
height: 0.029940119760479042
Area: 0.00037111244201296263
CentroidX: 0.4737
CentroidY: 0.2468
