Location: Dedata_23.png_Mean-Closing.png
Component: component_1755510039983_329.png
centerX: 0.521774193548387
centerY: 0.5711028783129096
width: 0.025403225806451612
height: 0.02821316614420063
Area: 0.0003276137857490876
CentroidX: 0.5350
CentroidY: 0.5846
