Location: Dedata_23.png_Gaussian-Median.png
Component: component_1755510040265_67.png
centerX: 0.40403225806451615
centerY: 0.10116842405243659
width: 0.01975806451612903
height: 0.030493017953833
Area: 0.0003057805274915195
CentroidX: 0.4139
CentroidY: 0.1161
