Location: internet_29.png_Mean-Medain.png
Component: component_1755079128447_191.png
centerX: 0.007255139056831923
centerY: 0.36926147704590817
width: 0.03426037887948408
height: 0.032506415739948676
Area: 0.0004230612880302618
CentroidX: 0.0255
CentroidY: 0.3851
