Location: internet_29.png_Gaussian-Median.png
Component: component_1755079128926_206.png
centerX: 0.13784764207980654
centerY: 0.4009124607927003
width: 0.037484885126964934
height: 0.038209295694325636
Area: 0.0004475416070605378
CentroidX: 0.1571
CentroidY: 0.4202
