Location: internet_29.png_Gaussian-Closing.png
Component: component_1755079129022_31.png
centerX: 0.5739621120515921
centerY: 0.047619047619047616
width: 0.03385731559854897
height: 0.039064727687482176
Area: 0.0005165002522162447
CentroidX: 0.5920
CentroidY: 0.0664
