Location: Dedata_23.png_Gaussian-Median.png
Component: component_1755510040276_95.png
centerX: 0.2762096774193548
centerY: 0.1518951268167569
width: 0.02217741935483871
height: 0.027358221715588486
Area: 0.00029612792910396307
CentroidX: 0.2884
CentroidY: 0.1653
