Location: Dedata_23.png_Mean-Closing.png
Component: component_1755510039957_228.png
centerX: 0.9548387096774194
centerY: 0.40552864063835853
width: 0.021370967741935483
height: 0.031062980906241093
Area: 0.0002811893839803639
CentroidX: 0.9662
CentroidY: 0.4200
