Location: Dedata_23.png_Mean-Closing.png
Component: component_1755510039922_91.png
centerX: 0.3528225806451613
centerY: 0.15047021943573669
width: 0.02338709677419355
height: 0.027358221715588486
Area: 0.00032290239844087553
CentroidX: 0.3646
CentroidY: 0.1646
