Location: Dedata_23.png_Mean-Closing.png
Component: component_1755510039969_280.png
centerX: 0.24153225806451614
centerY: 0.4910230834995725
width: 0.021370967741935483
height: 0.026503277286976348
Area: 0.00025694297612590663
CentroidX: 0.2526
CentroidY: 0.5047
