Location: Dedata_23.png_Otsu.png
Component: component_1755510040874_466.png
centerX: 0.02379032258064516
centerY: 0.5049871758335708
width: 0.02620967741935484
height: 0.024508406953548018
Area: 0.0002286746522766343
CentroidX: 0.0362
CentroidY: 0.5172
