Location: Dedata_23.png_Gaussian-Median.png
Component: component_1755510040286_122.png
centerX: 0.31693548387096776
centerY: 0.19806212596181247
width: 0.021370967741935483
height: 0.030208036477628954
Area: 0.0002978516073874553
CentroidX: 0.3282
CentroidY: 0.2131
