Location: Dedata_23.png_Otsu.png
Component: component_1755510040492_98.png
centerX: 0.014919354838709677
centerY: 0.15816471929324594
width: 0.021370967741935483
height: 0.029353092049016812
Area: 0.00026602101508563236
CentroidX: 0.0262
CentroidY: 0.1730
