Location: Dedata_23.png_Gaussian-Median.png
Component: component_1755510040333_200.png
centerX: 0.3758064516129032
centerY: 0.3485323453975492
width: 0.021774193548387097
height: 0.030208036477628954
Area: 0.0002939446032782063
CentroidX: 0.3863
CentroidY: 0.3637
