Location: Dedata_23.png_Gaussian-Closing.png
Component: component_1755510041146_286.png
centerX: 0.20443548387096774
centerY: 0.493587916785409
width: 0.024596774193548387
height: 0.029068110572812767
Area: 0.00028360253357725295
CentroidX: 0.2176
CentroidY: 0.5073
