Location: internet_29.png_Gaussian-Closing.png
Component: component_1755079129035_85.png
centerX: 0.09754131398629586
centerY: 0.16196179070430566
width: 0.03466344216041919
height: 0.036213287710293696
Area: 0.00045328816082351335
CentroidX: 0.1140
CentroidY: 0.1803
