Location: Dedata_23.png_Mean-Closing.png
Component: component_1755510039918_73.png
centerX: 0.017338709677419354
centerY: 0.11028783129096609
width: 0.021370967741935483
height: 0.030493017953833
Area: 0.0003516303698324125
CentroidX: 0.0273
CentroidY: 0.1247
