Location: Dedata_23.png_Otsu.png
Component: component_1755510040470_6.png
centerX: 0.43629032258064515
centerY: 0.00883442576232545
width: 0.020967741935483872
height: 0.031062980906241093
Area: 0.00031669715662030354
CentroidX: 0.4467
CentroidY: 0.0243
