Location: internet_29.png_Mean-Medain.png
Component: component_1755079128476_310.png
centerX: 0.09592906086255543
centerY: 0.6045052751639578
width: 0.03667875856509472
height: 0.028229255774165955
Area: 0.0003572057819065617
CentroidX: 0.1164
CentroidY: 0.6173
