Location: internet_29.png_Gaussian-Median.png
Component: component_1755079128955_339.png
centerX: 0.05038291011688835
centerY: 0.656686626746507
width: 0.04030632809351068
height: 0.030795551753635585
Area: 0.00035651619545500464
CentroidX: 0.0722
CentroidY: 0.6707
