Location: internet_29.png_Mean-Closing.png
Component: component_1755079128788_162.png
centerX: 0.5014107214832729
centerY: 0.31308810949529514
width: 0.03829101168883515
height: 0.03934987168520103
Area: 0.0004431742262006763
CentroidX: 0.5213
CentroidY: 0.3321
