Location: internet_29.png_Mean-Closing.png
Component: component_1755079128743_57.png
centerX: 0.29222087867795243
centerY: 0.09951525520387795
width: 0.035872632003224506
height: 0.03450242372398061
Area: 0.00047052782211244007
CentroidX: 0.3095
CentroidY: 0.1171
