Location: internet_29.png_Mean-Closing.png
Component: component_1755079128807_248.png
centerX: 0.6324062877871826
centerY: 0.502708867978329
width: 0.037081821846029824
height: 0.031080695751354435
Area: 0.0003489307444878769
CentroidX: 0.6527
CentroidY: 0.5171
