Location: Dedata_23.png_Otsu.png
Component: component_1755510040494_108.png
centerX: 0.7842741935483871
centerY: 0.1823881447705899
width: 0.02338709677419355
height: 0.023938444001139925
Area: 0.0002449921400270273
CentroidX: 0.7952
CentroidY: 0.1947
