Location: Dedata_23.png_Mean-Closing.png
Component: component_1755510039990_353.png
centerX: 0.7866935483870968
centerY: 0.609290396124252
width: 0.01975806451612903
height: 0.028783129096608722
Area: 0.0002772823798711148
CentroidX: 0.7973
CentroidY: 0.6242
