Location: Dedata_23.png_Mean-Closing.png
Component: component_1755510039996_377.png
centerX: 0.680241935483871
centerY: 0.6600170988885723
width: 0.024193548387096774
height: 0.03305785123966942
Area: 0.00032887781649031523
CentroidX: 0.6935
CentroidY: 0.6765
