Location: internet_29.png_Gaussian-Closing.png
Component: component_1755079129247_233.png
centerX: 0.0177347843611447
centerY: 0.46107784431137727
width: 0.030229746070133012
height: 0.035357855717137156
Area: 0.0003422647421228252
CentroidX: 0.0317
CentroidY: 0.4791
