Location: Dedata_23.png_Gaussian-Closing.png
Component: component_1755510041178_408.png
centerX: 0.8685483870967742
centerY: 0.7130236534625249
width: 0.02217741935483871
height: 0.030208036477628954
Area: 0.0002932551319648094
CentroidX: 0.8789
CentroidY: 0.7283
