Location: Dedata_23.png_Mean-Closing.png
Component: component_1755510039959_237.png
centerX: 0.7830645161290323
centerY: 0.4197777144485608
width: 0.02379032258064516
height: 0.024508406953548018
Area: 0.0002764779966721518
CentroidX: 0.7953
CentroidY: 0.4314
