Location: Dedata_23.png_Gaussian-Closing.png
Component: component_1755510041141_263.png
centerX: 0.014919354838709677
centerY: 0.4562553434026788
width: 0.021370967741935483
height: 0.028498147620404674
Area: 0.0002834876216916868
CentroidX: 0.0251
CentroidY: 0.4706
