Location: internet_29.png_Mean-Medain.png
Component: component_1755079128443_174.png
centerX: 0.9020556227327691
centerY: 0.33532934131736525
width: 0.03345425231761386
height: 0.03222127174222983
Area: 0.0003506547106167696
CentroidX: 0.9194
CentroidY: 0.3510
