Location: Dedata_23.png_Gaussian-Median.png
Component: component_1755510040398_360.png
centerX: 0.14879032258064517
centerY: 0.5876318039327444
width: 0.022983870967741935
height: 0.02963807352522086
Area: 0.0003064699988049164
CentroidX: 0.1599
CentroidY: 0.6020
