Location: Dedata_23.png_Gaussian-Closing.png
Component: component_1755510041064_79.png
centerX: 0.8556451612903225
centerY: 0.134226275292106
width: 0.021370967741935483
height: 0.029923055001424906
Area: 0.0002940595151637724
CentroidX: 0.8671
CentroidY: 0.1490
