Location: internet_29.png_Mean-Closing.png
Component: component_1755079128788_163.png
centerX: 0.04836759371221282
centerY: 0.317080125463359
width: 0.03385731559854897
height: 0.036213287710293696
Area: 0.0004070858685691897
CentroidX: 0.0647
CentroidY: 0.3354
