Location: Dedata_23.png_Gaussian-Closing.png
Component: component_1755510041174_396.png
centerX: 0.2600806451612903
centerY: 0.6754060986035908
width: 0.02217741935483871
height: 0.030777999430037048
Area: 0.0002755587015876226
CentroidX: 0.2704
CentroidY: 0.6906
