Location: internet_29.png_Mean-Closing.png
Component: component_1755079128819_304.png
centerX: 0.9391374445787989
centerY: 0.6327345309381237
width: 0.03909713825070536
height: 0.02879954376960365
Area: 0.0003998452108278405
CentroidX: 0.9601
CentroidY: 0.6461
