Location: Dedata_23.png_Otsu.png
Component: component_1755510040841_409.png
centerX: 0.8185483870967742
centerY: 0.46138500997435167
width: 0.021774193548387097
height: 0.029353092049016812
Area: 0.00023292639204258175
CentroidX: 0.8302
CentroidY: 0.4752
