Location: Dedata_23.png_Gaussian-Closing.png
Component: component_1755510041160_338.png
centerX: 0.3278225806451613
centerY: 0.5736677115987461
width: 0.027822580645161292
height: 0.03220290681105728
Area: 0.00033255499682843196
CentroidX: 0.3429
CentroidY: 0.5884
