Location: internet_29.png_Mean-Medain.png
Component: component_1755079128458_221.png
centerX: 0.3599355098750504
centerY: 0.4268605645851155
width: 0.039500201531640466
height: 0.03364699173082407
Area: 0.0003720318906150387
CentroidX: 0.3812
CentroidY: 0.4419
