Location: Dedata_23.png_Mean-Closing.png
Component: component_1755510039952_212.png
centerX: 0.584274193548387
centerY: 0.38016528925619836
width: 0.027016129032258064
height: 0.026788258763180393
Area: 0.00024878423225071014
CentroidX: 0.5974
CentroidY: 0.3925
