Location: Dedata_23.png_Otsu.png
Component: component_1755510040475_30.png
centerX: 0.7923387096774194
centerY: 0.05072670276432032
width: 0.02056451612903226
height: 0.02821316614420063
Area: 0.00027567361347318874
CentroidX: 0.8024
CentroidY: 0.0649
