Location: Dedata_23.png_Gaussian-Closing.png
Component: component_1755510041039_32.png
centerX: 0.7919354838709678
centerY: 0.050441721288116276
width: 0.021370967741935483
height: 0.028783129096608722
Area: 0.0003081936770884086
CentroidX: 0.8024
CentroidY: 0.0650
