Location: internet_29.png_Mean-Medain.png
Component: component_1755079128410_28.png
centerX: 0.7940346634421604
centerY: 0.046193327630453376
width: 0.039500201531640466
height: 0.03421727972626176
Area: 0.00048156120533735317
CentroidX: 0.8148
CentroidY: 0.0626
