Location: internet_29.png_Mean-Medain.png
Component: component_1755079128415_43.png
centerX: 0.09794437726723096
centerY: 0.058454519532363844
width: 0.039500201531640466
height: 0.03849443969204448
Area: 0.0005019040056582867
CentroidX: 0.1179
CentroidY: 0.0776
