Location: Dedata_23.png_Otsu.png
Component: component_1755510040496_116.png
centerX: 0.5443548387096774
centerY: 0.19321744086634368
width: 0.02258064516129032
height: 0.027358221715588486
Area: 0.000268089429025823
CentroidX: 0.5558
CentroidY: 0.2073
