Location: Dedata_23.png_Mean-Closing.png
Component: component_1755510039973_291.png
centerX: 0.02338709677419355
centerY: 0.5047021943573667
width: 0.02661290322580645
height: 0.024793388429752067
Area: 0.00028004026512470237
CentroidX: 0.0361
CentroidY: 0.5171
