Location: internet_29.png_Mean-Medain.png
Component: component_1755079128482_336.png
centerX: 0.6239419588875453
centerY: 0.6609637867122897
width: 0.04312777106005643
height: 0.026803535785571715
Area: 0.00040329314308562586
CentroidX: 0.6487
CentroidY: 0.6718
