Location: Dedata_23.png_Mean-Closing.png
Component: component_1755510039925_105.png
centerX: 0.7838709677419354
centerY: 0.18210316329438586
width: 0.02379032258064516
height: 0.024223425477343973
Area: 0.00029865599058641833
CentroidX: 0.7950
CentroidY: 0.1946
