Location: internet_29.png_Gaussian-Closing.png
Component: component_1755079129207_158.png
centerX: 0.177347843611447
centerY: 0.30538922155688625
width: 0.037484885126964934
height: 0.033932135728542916
Area: 0.000429842221470573
CentroidX: 0.1973
CentroidY: 0.3219
