Location: internet_29.png_Mean-Closing.png
Component: component_1755079128746_65.png
centerX: 0.8012898024989923
centerY: 0.1283147989734816
width: 0.0354695687222894
height: 0.029654975762760195
Area: 0.00040202890125777123
CentroidX: 0.8202
CentroidY: 0.1422
