Location: Dedata_23.png_Otsu.png
Component: component_1755510040925_620.png
centerX: 0.46653225806451615
centerY: 0.6714163579367342
width: 0.021370967741935483
height: 0.028498147620404674
Area: 0.0002520017650465623
CentroidX: 0.4769
CentroidY: 0.6853
