Location: Dedata_23.png_Gaussian-Median.png
Component: component_1755510040346_243.png
centerX: 0.9141129032258064
centerY: 0.4078084924479909
width: 0.02620967741935484
height: 0.03220290681105728
Area: 0.0002983112549297199
CentroidX: 0.9271
CentroidY: 0.4233
