Location: Dedata_23.png_Gaussian-Closing.png
Component: component_1755510041077_114.png
centerX: 0.5862903225806452
centerY: 0.19036762610430322
width: 0.021370967741935483
height: 0.0262182958107723
Area: 0.00028095956020923155
CentroidX: 0.5969
CentroidY: 0.2036
