Location: Dedata_23.png_Gaussian-Median.png
Component: component_1755510040416_436.png
centerX: 0.32620967741935486
centerY: 0.7232829866058706
width: 0.02217741935483871
height: 0.03163294385864919
Area: 0.00031083665045643003
CentroidX: 0.3366
CentroidY: 0.7393
