Location: Dedata_23.png_Gaussian-Closing.png
Component: component_1755510041094_150.png
centerX: 0.2032258064516129
centerY: 0.2618979766315189
width: 0.025403225806451612
height: 0.03220290681105728
Area: 0.0003238216935254047
CentroidX: 0.2151
CentroidY: 0.2779
