Location: internet_29.png_Mean-Closing.png
Component: component_1755079128711_33.png
centerX: 0.6569931479242241
centerY: 0.04875962360992301
width: 0.03829101168883515
height: 0.03507271171941831
Area: 0.00048362996469202436
CentroidX: 0.6784
CentroidY: 0.0656
