Location: Dedata_23.png_Otsu.png
Component: component_1755510040492_96.png
centerX: 0.16612903225806452
centerY: 0.15531490453120547
width: 0.01935483870967742
height: 0.02792818466799658
Area: 0.00025407017898675295
CentroidX: 0.1746
CentroidY: 0.1695
