Location: Dedata_23.png_Gaussian-Closing.png
Component: component_1755510041179_412.png
centerX: 0.6870967741935484
centerY: 0.7184383015104018
width: 0.02056451612903226
height: 0.029068110572812767
Area: 0.0002916463655668833
CentroidX: 0.6977
CentroidY: 0.7326
