Location: internet_29.png_Gaussian-Median.png
Component: component_1755079128930_222.png
centerX: 0.8742442563482467
centerY: 0.4342743085258055
width: 0.03667875856509472
height: 0.030795551753635585
Area: 0.00036030892093856856
CentroidX: 0.8965
CentroidY: 0.4482
