Location: Dedata_23.png_Otsu.png
Component: component_1755510040908_521.png
centerX: 0.842741935483871
centerY: 0.555143915645483
width: 0.02338709677419355
height: 0.0262182958107723
Area: 0.00018707654970168873
CentroidX: 0.8567
CentroidY: 0.5678
