Location: internet_29.png_Mean-Medain.png
Component: component_1755079128419_61.png
centerX: 0.147118097541314
centerY: 0.10493299116053607
width: 0.03869407496977025
height: 0.03706871970345024
Area: 0.00052937253264531
CentroidX: 0.1674
CentroidY: 0.1226
