Location: Dedata_23.png_Gaussian-Closing.png
Component: component_1755510041181_416.png
centerX: 0.3625
centerY: 0.7224280421772585
width: 0.01975806451612903
height: 0.032487888287261325
Area: 0.0002899226872833911
CentroidX: 0.3724
CentroidY: 0.7382
