Location: Dedata_23.png_Gaussian-Median.png
Component: component_1755510040402_375.png
centerX: 0.5798387096774194
centerY: 0.6181248218865774
width: 0.024596774193548387
height: 0.02707324023938444
Area: 0.00023166236130135412
CentroidX: 0.5943
CentroidY: 0.6314
