Location: Dedata_23.png_Gaussian-Median.png
Component: component_1755510040345_235.png
centerX: 0.18346774193548387
centerY: 0.40096893701909375
width: 0.02056451612903226
height: 0.031062980906241093
Area: 0.00028394726923395143
CentroidX: 0.1931
CentroidY: 0.4169
