Location: Dedata_23.png_Gaussian-Closing.png
Component: component_1755510041042_44.png
centerX: 0.21330645161290324
centerY: 0.05842120262182958
width: 0.020967741935483872
height: 0.027643203191792535
Area: 0.0003062401750337841
CentroidX: 0.2244
CentroidY: 0.0724
