Location: Dedata_23.png_Mean-Closing.png
Component: component_1755510039929_119.png
centerX: 0.23911290322580644
centerY: 0.2006269592476489
width: 0.02217741935483871
height: 0.030208036477628954
Area: 0.00032749887386352144
CentroidX: 0.2505
CentroidY: 0.2156
