Location: Dedata_23.png_Otsu.png
Component: component_1755510040545_224.png
centerX: 0.2342741935483871
centerY: 0.3146195497292676
width: 0.022983870967741935
height: 0.022513536620119692
Area: 0.00015616525248439496
CentroidX: 0.2449
CentroidY: 0.3288
