Location: Dedata_23.png_Gaussian-Median.png
Component: component_1755510040407_396.png
centerX: 0.7911290322580645
centerY: 0.6580222285551439
width: 0.020161290322580645
height: 0.030208036477628954
Area: 0.0002887735684277296
CentroidX: 0.8015
CentroidY: 0.6731
