Location: internet_29.png_Mean-Closing.png
Component: component_1755079128702_20.png
centerX: 0.5558242644095123
centerY: 0.0071285999429712005
width: 0.0354695687222894
height: 0.03364699173082407
Area: 0.0004958126586695326
CentroidX: 0.5743
CentroidY: 0.0237
