Location: Dedata_23.png_Gaussian-Median.png
Component: component_1755510040400_366.png
centerX: 0.8959677419354839
centerY: 0.5976061555998861
width: 0.018951612903225806
height: 0.03134796238244514
Area: 0.00029739195984519073
CentroidX: 0.9058
CentroidY: 0.6141
