Location: Dedata_23.png_Gaussian-Closing.png
Component: component_1755510041108_187.png
centerX: 0.7483870967741936
centerY: 0.3328583642063266
width: 0.027016129032258064
height: 0.029923055001424906
Area: 0.00032071907261511874
CentroidX: 0.7610
CentroidY: 0.3481
