Location: internet_29.png_Mean-Closing.png
Component: component_1755079128750_68.png
centerX: 0.7561467150342603
centerY: 0.1311662389506701
width: 0.03829101168883515
height: 0.03307670373538637
Area: 0.0004467370895337212
CentroidX: 0.7772
CentroidY: 0.1469
