Location: Dedata_23.png_Mean-Closing.png
Component: component_1755510039977_300.png
centerX: 0.5366935483870968
centerY: 0.5206611570247934
width: 0.024596774193548387
height: 0.03163294385864919
Area: 0.0003048612324069903
CentroidX: 0.5504
CentroidY: 0.5358
