Location: Dedata_23.png_Otsu.png
Component: component_1755510040484_71.png
centerX: 0.1588709677419355
centerY: 0.10629809062410943
width: 0.020967741935483872
height: 0.029068110572812767
Area: 0.0002614245396629864
CentroidX: 0.1708
CentroidY: 0.1206
