Location: Dedata_23.png_Gaussian-Closing.png
Component: component_1755510041073_107.png
centerX: 0.8637096774193549
centerY: 0.1786833855799373
width: 0.021774193548387097
height: 0.025933314334568254
Area: 0.00028762444957206815
CentroidX: 0.8748
CentroidY: 0.1915
