Location: Dedata_23.png_Mean-Closing.png
Component: component_1755510039978_306.png
centerX: 0.33911290322580645
centerY: 0.5312054716443431
width: 0.02379032258064516
height: 0.03362781419207751
Area: 0.0003501365153200526
CentroidX: 0.3506
CentroidY: 0.5466
