Location: Dedata_23.png_Mean-Closing.png
Component: component_1755510039947_187.png
centerX: 0.5262096774193549
centerY: 0.33998290111142776
width: 0.02661290322580645
height: 0.030208036477628954
Area: 0.0003041717610935934
CentroidX: 0.5392
CentroidY: 0.3551
