Location: Dedata_23.png_Otsu.png
Component: component_1755510040817_321.png
centerX: 0.28508064516129034
centerY: 0.3938444001139926
width: 0.022983870967741935
height: 0.031917925334853235
Area: 0.00018558269518932882
CentroidX: 0.2964
CentroidY: 0.4101
