Location: internet_29.png_Gaussian-Closing.png
Component: component_1755079129248_235.png
centerX: 0.4607013301088271
centerY: 0.46849158825206727
width: 0.04070939137444579
height: 0.032506415739948676
Area: 0.00034916060663839593
CentroidX: 0.4833
CentroidY: 0.4841
