Location: Dedata_23.png_Gaussian-Median.png
Component: component_1755510040302_158.png
centerX: 0.882258064516129
centerY: 0.27899686520376177
width: 0.02217741935483871
height: 0.034482758620689655
Area: 0.0003227874865553094
CentroidX: 0.8942
CentroidY: 0.2967
