Location: Dedata_23.png_Gaussian-Median.png
Component: component_1755510040340_218.png
centerX: 0.7399193548387096
centerY: 0.3750356226845255
width: 0.01935483870967742
height: 0.026788258763180393
Area: 0.00023442024655494166
CentroidX: 0.7484
CentroidY: 0.3881
