Location: Dedata_23.png_Gaussian-Closing.png
Component: component_1755510041057_68.png
centerX: 0.5314516129032258
centerY: 0.10116842405243659
width: 0.02217741935483871
height: 0.028783129096608722
Area: 0.00029279548442254477
CentroidX: 0.5429
CentroidY: 0.1160
