Location: Dedata_23.png_Mean-Closing.png
Component: component_1755510039967_272.png
centerX: 0.475
centerY: 0.4750641208321459
width: 0.02661290322580645
height: 0.031917925334853235
Area: 0.0003857591998455584
CentroidX: 0.4869
CentroidY: 0.4918
