Location: internet_29.png_Mean-Medain.png
Component: component_1755079128447_190.png
centerX: 0.46110439338976217
centerY: 0.3686911890504705
width: 0.029826682789197905
height: 0.036783575705731396
Area: 0.00039938548652680245
CentroidX: 0.4764
CentroidY: 0.3881
