Location: Dedata_23.png_Otsu.png
Component: component_1755510040474_24.png
centerX: 0.2399193548387097
centerY: 0.014534055286406384
width: 0.02217741935483871
height: 0.031062980906241093
Area: 0.00035289440057364015
CentroidX: 0.2514
CentroidY: 0.0295
