Location: Dedata_23.png_Otsu.png
Component: component_1755510040918_577.png
centerX: 0.46088709677419354
centerY: 0.6232544884582503
width: 0.020967741935483872
height: 0.031062980906241093
Area: 0.0002497035273352393
CentroidX: 0.4720
CentroidY: 0.6375
