Location: internet_29.png_Gaussian-Median.png
Component: component_1755079128937_267.png
centerX: 0.5888754534461911
centerY: 0.5049900199600799
width: 0.041112454655380895
height: 0.032506415739948676
Area: 0.00036180302491694216
CentroidX: 0.6119
CentroidY: 0.5202
