Location: Dedata_23.png_Otsu.png
Component: component_1755510040795_289.png
centerX: 0.9016129032258065
centerY: 0.36734112282701625
width: 0.02379032258064516
height: 0.027643203191792535
Area: 0.00021442557846643195
CentroidX: 0.9145
CentroidY: 0.3812
