Location: Dedata_23.png_Gaussian-Median.png
Component: component_1755510040409_405.png
centerX: 0.4661290322580645
centerY: 0.6711313764605301
width: 0.02217741935483871
height: 0.029068110572812767
Area: 0.00028888848031329576
CentroidX: 0.4769
CentroidY: 0.6855
