Location: Dedata_23.png_Mean-Closing.png
Component: component_1755510039957_231.png
centerX: 0.08024193548387097
centerY: 0.40581362211456257
width: 0.02943548387096774
height: 0.030208036477628954
Area: 0.00034990669154892027
CentroidX: 0.0947
CentroidY: 0.4200
