Location: Dedata_23.png_Mean-Closing.png
Component: component_1755510039940_156.png
centerX: 0.8282258064516129
centerY: 0.2841265317754346
width: 0.020967741935483872
height: 0.03163294385864919
Area: 0.00030233317092453506
CentroidX: 0.8388
CentroidY: 0.2986
