Location: Dedata_23.png_Gaussian-Median.png
Component: component_1755510040280_106.png
centerX: 0.9459677419354838
centerY: 0.17583357081789683
width: 0.02379032258064516
height: 0.025648332858364205
Area: 0.00026487189622997084
CentroidX: 0.9586
CentroidY: 0.1889
