Location: Dedata_23.png_Gaussian-Closing.png
Component: component_1755510041056_67.png
centerX: 0.40403225806451615
centerY: 0.10116842405243659
width: 0.01975806451612903
height: 0.030493017953833
Area: 0.00030589543937708564
CentroidX: 0.4139
CentroidY: 0.1161
