Location: internet_29.png_Mean-Medain.png
Component: component_1755079128456_215.png
centerX: 0.5755743651753326
centerY: 0.40975192472198463
width: 0.03667875856509472
height: 0.033932135728542916
Area: 0.00035950440341175194
CentroidX: 0.5957
CentroidY: 0.4251
