Location: internet_29.png_Gaussian-Median.png
Component: component_1755079128927_209.png
centerX: 0.6199113260781943
centerY: 0.40633019674935844
width: 0.03426037887948408
height: 0.03279155973766752
Area: 0.00035571167792818807
CentroidX: 0.6389
CentroidY: 0.4215
