Location: internet_29.png_Mean-Medain.png
Component: component_1755079128438_148.png
centerX: 0.9443772672309553
centerY: 0.2902765896777873
width: 0.027408303103587262
height: 0.035357855717137156
Area: 0.0003991556243762834
CentroidX: 0.9582
CentroidY: 0.3076
