Location: Dedata_23.png_Gaussian-Median.png
Component: component_1755510040384_315.png
centerX: 0.5717741935483871
centerY: 0.5178113422627529
width: 0.02379032258064516
height: 0.03220290681105728
Area: 0.0003415181239025915
CentroidX: 0.5836
CentroidY: 0.5326
