Location: internet_29.png_Mean-Closing.png
Component: component_1755079128810_265.png
centerX: 0.1841999193873438
centerY: 0.5443398916452808
width: 0.0354695687222894
height: 0.033932135728542916
Area: 0.0003875475857750728
CentroidX: 0.2046
CentroidY: 0.5595
