Location: Dedata_23.png_Gaussian-Closing.png
Component: component_1755510041081_123.png
centerX: 0.23911290322580644
centerY: 0.2006269592476489
width: 0.021774193548387097
height: 0.030208036477628954
Area: 0.00031164103365539307
CentroidX: 0.2505
CentroidY: 0.2155
