Location: internet_29.png_Gaussian-Closing.png
Component: component_1755079129293_312.png
centerX: 0.1894397420395002
centerY: 0.6441402908468776
width: 0.03990326481257558
height: 0.03421727972626176
Area: 0.0003989257622257644
CentroidX: 0.2116
CentroidY: 0.6596
