Location: Dedata_23.png_Gaussian-Median.png
Component: component_1755510040416_438.png
centerX: 0.39556451612903226
centerY: 0.7238529495582787
width: 0.021774193548387097
height: 0.026788258763180393
Area: 0.00030853841274510705
CentroidX: 0.4065
CentroidY: 0.7373
