Location: internet_29.png_Gaussian-Median.png
Component: component_1755079128909_133.png
centerX: 0.18984280532043532
centerY: 0.2583404619332763
width: 0.03466344216041919
height: 0.03592814371257485
Area: 0.00042340608125604034
CentroidX: 0.2059
CentroidY: 0.2762
