Location: Dedata_23.png_Otsu.png
Component: component_1755510040833_392.png
centerX: 0.3616935483870968
centerY: 0.4397264177828441
width: 0.025403225806451612
height: 0.026503277286976348
Area: 0.00021787293503341637
CentroidX: 0.3749
CentroidY: 0.4526
