Location: Dedata_23.png_Gaussian-Closing.png
Component: component_1755510041113_208.png
centerX: 0.9379032258064516
centerY: 0.3639213451125677
width: 0.02217741935483871
height: 0.029353092049016812
Area: 0.0002890033921988619
CentroidX: 0.9499
CentroidY: 0.3791
