Location: internet_29.png_Gaussian-Median.png
Component: component_1755079128910_135.png
centerX: 0.6682789197904071
centerY: 0.2609067579127459
width: 0.03305118903667876
height: 0.03307670373538637
Area: 0.00043558877523354857
CentroidX: 0.6846
CentroidY: 0.2770
