Location: Dedata_23.png_Otsu.png
Component: component_1755510040472_17.png
centerX: 0.9532258064516129
centerY: 0.009974351667141636
width: 0.018145161290322582
height: 0.030493017953833
Area: 0.00026625083885676464
CentroidX: 0.9621
CentroidY: 0.0254
