Location: Dedata_23.png_Mean-Closing.png
Component: component_1755510040001_395.png
centerX: 0.12903225806451613
centerY: 0.6873753206041607
width: 0.02056451612903226
height: 0.02792818466799658
Area: 0.00027417975896082885
CentroidX: 0.1395
CentroidY: 0.7004
