Location: internet_29.png_Mean-Closing.png
Component: component_1755079128678_13.png
centerX: 0.7460701330108828
centerY: 0.0051325919589392645
width: 0.041112454655380895
height: 0.03421727972626176
Area: 0.0005262693936133031
CentroidX: 0.7675
CentroidY: 0.0217
