Location: internet_29.png_Gaussian-Median.png
Component: component_1755079128906_118.png
centerX: 0.5916968964127368
centerY: 0.2244083262047334
width: 0.0354695687222894
height: 0.031080695751354435
Area: 0.00037846803082957134
CentroidX: 0.6104
CentroidY: 0.2389
