Location: Dedata_23.png_Gaussian-Median.png
Component: component_1755510040261_54.png
centerX: 0.9306451612903226
centerY: 0.08834425762325449
width: 0.024596774193548387
height: 0.02963807352522086
Area: 0.00029509372213386775
CentroidX: 0.9448
CentroidY: 0.1036
