Location: internet_29.png_Mean-Closing.png
Component: component_1755079128813_276.png
centerX: 0.5159209995969367
centerY: 0.5731394354148845
width: 0.037484885126964934
height: 0.02765896777872826
Area: 0.00030249859008303425
CentroidX: 0.5371
CentroidY: 0.5865
