Location: Dedata_23.png_Mean-Closing.png
Component: component_1755510039912_45.png
centerX: 0.05120967741935484
centerY: 0.058991165574237676
width: 0.021370967741935483
height: 0.032487888287261325
Area: 0.00034760845383759734
CentroidX: 0.0615
CentroidY: 0.0753
