Location: internet_29.png_Mean-Closing.png
Component: component_1755079128789_168.png
centerX: 0.3599355098750504
centerY: 0.33390362132877105
width: 0.03909713825070536
height: 0.033361847733105215
Area: 0.00042558977168597107
CentroidX: 0.3808
CentroidY: 0.3495
