Location: Dedata_23.png_Otsu.png
Component: component_1755510040860_441.png
centerX: 0.27298387096774196
centerY: 0.4873183243089199
width: 0.024596774193548387
height: 0.03163294385864919
Area: 0.00025280614824552534
CentroidX: 0.2848
CentroidY: 0.5027
