Location: Dedata_23.png_Gaussian-Median.png
Component: component_1755510040332_198.png
centerX: 0.44879032258064516
centerY: 0.34368766030208037
width: 0.024596774193548387
height: 0.031917925334853235
Area: 0.00032657957877899225
CentroidX: 0.4609
CentroidY: 0.3595
