Location: internet_29.png_Gaussian-Closing.png
Component: component_1755079129019_17.png
centerX: 0.7021362353889561
centerY: 0.006273167949814656
width: 0.03788794840790004
height: 0.035642999714856
Area: 0.0004889167941539619
CentroidX: 0.7215
CentroidY: 0.0235
