Location: Dedata_23.png_Gaussian-Closing.png
Component: component_1755510041147_291.png
centerX: 0.902016129032258
centerY: 0.5004274722143061
width: 0.024596774193548387
height: 0.030208036477628954
Area: 0.00028819900899989886
CentroidX: 0.9151
CentroidY: 0.5152
