Location: Dedata_23.png_Mean-Closing.png
Component: component_1755510040006_418.png
centerX: 0.28830645161290325
centerY: 0.7247078939868908
width: 0.022983870967741935
height: 0.03362781419207751
Area: 0.00033324446814182886
CentroidX: 0.2995
CentroidY: 0.7403
