Location: internet_29.png_Gaussian-Median.png
Component: component_1755079128912_145.png
centerX: 0.4562676340185409
centerY: 0.2788708297690334
width: 0.03466344216041919
height: 0.035357855717137156
Area: 0.0004158206302889126
CentroidX: 0.4743
CentroidY: 0.2958
