Location: Dedata_23.png_Otsu.png
Component: component_1755510040831_381.png
centerX: 0.5951612903225807
centerY: 0.4260473069250499
width: 0.025403225806451612
height: 0.02536335138216016
Area: 0.00022212467479936385
CentroidX: 0.6083
CentroidY: 0.4384
