Location: Dedata_23.png_Mean-Closing.png
Component: component_1755510039963_254.png
centerX: 0.15201612903225806
centerY: 0.4525505842120262
width: 0.021774193548387097
height: 0.027643203191792535
Area: 0.0002736051995329981
CentroidX: 0.1622
CentroidY: 0.4661
