Location: Dedata_23.png_Otsu.png
Component: component_1755510040918_578.png
centerX: 0.5
centerY: 0.6229695069820461
width: 0.025
height: 0.03334283271587347
Area: 0.000264986808115537
CentroidX: 0.5130
CentroidY: 0.6381
