Location: Dedata_23.png_Otsu.png
Component: component_1755510040476_36.png
centerX: 0.41854838709677417
centerY: 0.055571387859789115
width: 0.022983870967741935
height: 0.025078369905956112
Area: 0.0002771674679855487
CentroidX: 0.4294
CentroidY: 0.0683
