Location: Dedata_23.png_Gaussian-Median.png
Component: component_1755510040351_258.png
centerX: 0.36129032258064514
centerY: 0.439156454830436
width: 0.025806451612903226
height: 0.027643203191792535
Area: 0.0002870498901442374
CentroidX: 0.3750
CentroidY: 0.4526
