Location: internet_29.png_Gaussian-Median.png
Component: component_1755079128916_168.png
centerX: 0.008061265618702136
centerY: 0.3219275734245794
width: 0.029826682789197905
height: 0.035357855717137156
Area: 0.0003706527177119246
CentroidX: 0.0236
CentroidY: 0.3398
