Location: Dedata_23.png_Otsu.png
Component: component_1755510040830_378.png
centerX: 0.7032258064516129
centerY: 0.4249073810202337
width: 0.025403225806451612
height: 0.025933314334568254
Area: 0.00022775535719210508
CentroidX: 0.7166
CentroidY: 0.4370
