Location: Dedata_23.png_Mean-Closing.png
Component: component_1755510039959_240.png
centerX: 0.7032258064516129
centerY: 0.42462239954402964
width: 0.025806451612903226
height: 0.0262182958107723
Area: 0.00030945770782963623
CentroidX: 0.7167
CentroidY: 0.4367
