Location: Dedata_23.png_Gaussian-Median.png
Component: component_1755510040411_412.png
centerX: 0.22620967741935483
centerY: 0.6802507836990596
width: 0.02056451612903226
height: 0.028498147620404674
Area: 0.0002700429310804475
CentroidX: 0.2356
CentroidY: 0.6947
