Location: internet_29.png_Mean-Medain.png
Component: component_1755079128484_349.png
centerX: 0.14469971785570335
centerY: 0.6991730824066154
width: 0.041515517936316
height: 0.03136583974907328
Area: 0.00041628035458995066
CentroidX: 0.1681
CentroidY: 0.7124
