Location: Dedata_23.png_Otsu.png
Component: component_1755510040786_287.png
centerX: 0.08991935483870968
centerY: 0.36449130806497576
width: 0.02217741935483871
height: 0.02707324023938444
Area: 0.00011525662122284633
CentroidX: 0.1004
CentroidY: 0.3817
