Location: Dedata_23.png_Gaussian-Closing.png
Component: component_1755510041174_394.png
centerX: 0.3959677419354839
centerY: 0.6725562838415503
width: 0.025806451612903226
height: 0.029068110572812767
Area: 0.00029612792910396307
CentroidX: 0.4093
CentroidY: 0.6870
