Location: Dedata_23.png_Otsu.png
Component: component_1755510040900_499.png
centerX: 0.30362903225806454
centerY: 0.5323453975491593
width: 0.024193548387096774
height: 0.02963807352522086
Area: 0.0002523465007032607
CentroidX: 0.3169
CentroidY: 0.5465
