Location: Dedata_23.png_Mean-Closing.png
Component: component_1755510039947_188.png
centerX: 0.6004032258064517
centerY: 0.3396979196352237
width: 0.027419354838709678
height: 0.029923055001424906
Area: 0.00032887781649031523
CentroidX: 0.6139
CentroidY: 0.3545
