Location: Dedata_23.png_Otsu.png
Component: component_1755510040508_148.png
centerX: 0.9266129032258065
centerY: 0.22741521801082928
width: 0.024193548387096774
height: 0.028498147620404674
Area: 0.0002275255334209728
CentroidX: 0.9411
CentroidY: 0.2404
