Location: Dedata_23.png_Otsu.png
Component: component_1755510040476_34.png
centerX: 0.5899193548387097
centerY: 0.05471644343117697
width: 0.020161290322580645
height: 0.030493017953833
Area: 0.00029382969139264014
CentroidX: 0.6002
CentroidY: 0.0698
