Location: internet_29.png_Mean-Medain.png
Component: component_1755079128442_164.png
centerX: 0.08141878274889158
centerY: 0.313373253493014
width: 0.042724707779121324
height: 0.037639007698887936
Area: 0.0004697233045856235
CentroidX: 0.1052
CentroidY: 0.3305
