Location: Dedata_23.png_Gaussian-Closing.png
Component: component_1755510041166_364.png
centerX: 0.425
centerY: 0.6252493587916785
width: 0.024193548387096774
height: 0.031917925334853235
Area: 0.0003365769128232471
CentroidX: 0.4379
CentroidY: 0.6403
