Location: Dedata_23.png_Otsu.png
Component: component_1755510040841_411.png
centerX: 0.7806451612903226
centerY: 0.4628099173553719
width: 0.02379032258064516
height: 0.02707324023938444
Area: 0.00022924921170446502
CentroidX: 0.7937
CentroidY: 0.4766
