Location: internet_29.png_Mean-Closing.png
Component: component_1755079128778_131.png
centerX: 0.7089883111648528
centerY: 0.2583404619332763
width: 0.03667875856509472
height: 0.031936127744510975
Area: 0.0004081202482465253
CentroidX: 0.7278
CentroidY: 0.2734
