Location: internet_29.png_Gaussian-Closing.png
Component: component_1755079129282_289.png
centerX: 0.7496977025392987
centerY: 0.5979469632164243
width: 0.037081821846029824
height: 0.028514399771884802
Area: 0.0003396213273918565
CentroidX: 0.7695
CentroidY: 0.6112
