Location: Dedata_23.png_Gaussian-Median.png
Component: component_1755510040406_390.png
centerX: 0.054838709677419356
centerY: 0.646337988030778
width: 0.02338709677419355
height: 0.0262182958107723
Area: 0.00026487189622997084
CentroidX: 0.0664
CentroidY: 0.6590
