Location: internet_29.png_Mean-Closing.png
Component: component_1755079128747_67.png
centerX: 0.8480451430874647
centerY: 0.13088109495295125
width: 0.03667875856509472
height: 0.03136583974907328
Area: 0.00041869390717040036
CentroidX: 0.8670
CentroidY: 0.1464
