Location: Dedata_23.png_Otsu.png
Component: component_1755510040472_15.png
centerX: 0.8475806451612903
centerY: 0.009974351667141636
width: 0.017741935483870968
height: 0.031062980906241093
Area: 0.0002772823798711148
CentroidX: 0.8556
CentroidY: 0.0257
