Location: Dedata_23.png_Gaussian-Closing.png
Component: component_1755510041040_35.png
centerX: 0.46048387096774196
centerY: 0.05386149900256483
width: 0.02217741935483871
height: 0.028783129096608722
Area: 0.0003086533246306732
CentroidX: 0.4702
CentroidY: 0.0686
