Location: Dedata_23.png_Gaussian-Closing.png
Component: component_1755510041043_45.png
centerX: 0.2955645161290323
centerY: 0.05842120262182958
width: 0.021370967741935483
height: 0.028783129096608722
Area: 0.00031164103365539307
CentroidX: 0.3071
CentroidY: 0.0729
