Location: internet_29.png_Mean-Closing.png
Component: component_1755079128821_313.png
centerX: 0.7118097541313986
centerY: 0.6512688907898488
width: 0.04232164449818621
height: 0.030795551753635585
Area: 0.0004042125916877019
CentroidX: 0.7366
CentroidY: 0.6642
