Location: internet_29.png_Gaussian-Closing.png
Component: component_1755079129279_285.png
centerX: 0.2789197904070939
centerY: 0.5902480752780154
width: 0.03869407496977025
height: 0.02765896777872826
Area: 0.00034479322577853446
CentroidX: 0.3007
CentroidY: 0.6026
