Location: internet_29.png_Mean-Closing.png
Component: component_1755079128812_272.png
centerX: 0.0068520757758968156
centerY: 0.5577416595380668
width: 0.03184199919387344
height: 0.04077559167379527
Area: 0.0003931792084627888
CentroidX: 0.0218
CentroidY: 0.5786
