Location: Dedata_23.png_Otsu.png
Component: component_1755510040471_12.png
centerX: 0.1064516129032258
centerY: 0.00968937019093759
width: 0.022983870967741935
height: 0.031917925334853235
Area: 0.0003874828781290506
CentroidX: 0.1182
CentroidY: 0.0251
