Location: Dedata_23.png_Otsu.png
Component: component_1755510040511_166.png
centerX: 0.4060483870967742
centerY: 0.2573382730122542
width: 0.022983870967741935
height: 0.026788258763180393
Area: 0.00023510971786833856
CentroidX: 0.4169
CentroidY: 0.2702
