Location: Dedata_23.png_Mean-Closing.png
Component: component_1755510039940_158.png
centerX: 0.6931451612903226
centerY: 0.2901111427757196
width: 0.02258064516129032
height: 0.031917925334853235
Area: 0.00034691898252420044
CentroidX: 0.7051
CentroidY: 0.3053
