Location: Dedata_23.png_Otsu.png
Component: component_1755510040489_86.png
centerX: 0.4774193548387097
centerY: 0.14619549729267597
width: 0.020161290322580645
height: 0.02821316614420063
Area: 0.00026337804171761096
CentroidX: 0.4878
CentroidY: 0.1602
