Location: internet_29.png_Mean-Closing.png
Component: component_1755079128715_43.png
centerX: 0.9359129383313181
centerY: 0.08525805531793555
width: 0.03466344216041919
height: 0.03222127174222983
Area: 0.0004159355613641721
CentroidX: 0.9543
CentroidY: 0.1009
