Location: Dedata_23.png_Gaussian-Closing.png
Component: component_1755510041044_51.png
centerX: 0.13064516129032258
centerY: 0.05984611000284981
width: 0.020161290322580645
height: 0.02963807352522086
Area: 0.00029509372213386775
CentroidX: 0.1410
CentroidY: 0.0746
