Location: Dedata_23.png_Gaussian-Median.png
Component: component_1755510040273_88.png
centerX: 0.4774193548387097
centerY: 0.14562553434026787
width: 0.02056451612903226
height: 0.029068110572812767
Area: 0.0003027928184667997
CentroidX: 0.4877
CentroidY: 0.1602
