Location: Dedata_23.png_Otsu.png
Component: component_1755510040875_472.png
centerX: 0.7701612903225806
centerY: 0.5089769165004274
width: 0.02217741935483871
height: 0.02792818466799658
Area: 0.0002052326276211401
CentroidX: 0.7829
CentroidY: 0.5225
