Location: internet_29.png_Mean-Closing.png
Component: component_1755079128815_285.png
centerX: 0.79242241031842
centerY: 0.5939549472483604
width: 0.04030632809351068
height: 0.029369831765041345
Area: 0.00039570769211849806
CentroidX: 0.8144
CentroidY: 0.6078
