Location: Dedata_23.png_Otsu.png
Component: component_1755510040474_26.png
centerX: 0.9411290322580645
centerY: 0.04730692504987176
width: 0.02056451612903226
height: 0.029923055001424906
Area: 0.00027440958273196114
CentroidX: 0.9520
CentroidY: 0.0621
