Location: Dedata_23.png_Gaussian-Median.png
Component: component_1755510040393_341.png
centerX: 0.6935483870967742
centerY: 0.5614135081219721
width: 0.025403225806451612
height: 0.029068110572812767
Area: 0.00030830858897397476
CentroidX: 0.7077
CentroidY: 0.5756
