Location: internet_29.png_Gaussian-Closing.png
Component: component_1755079129015_5.png
centerX: 0.8887545344619106
centerY: 0.0037068719703450244
width: 0.03426037887948408
height: 0.03364699173082407
Area: 0.0005056967311418505
CentroidX: 0.9074
CentroidY: 0.0192
