Location: internet_29.png_Gaussian-Closing.png
Component: component_1755079129223_197.png
centerX: 0.27529222087867794
centerY: 0.3860849729113202
width: 0.03466344216041919
height: 0.03934987168520103
Area: 0.00045639129985552014
CentroidX: 0.2924
CentroidY: 0.4071
