Location: Dedata_23.png_Mean-Closing.png
Component: component_1755510039960_245.png
centerX: 0.48266129032258065
centerY: 0.4297520661157025
width: 0.024193548387096774
height: 0.030208036477628954
Area: 0.00031164103365539307
CentroidX: 0.4955
CentroidY: 0.4446
