Location: internet_29.png_Mean-Closing.png
Component: component_1755079128804_234.png
centerX: 0.41515517936316004
centerY: 0.47191331622469346
width: 0.03506650544135429
height: 0.03022526375819789
Area: 0.0003016940725562177
CentroidX: 0.4355
CentroidY: 0.4861
