Location: Dedata_23.png_Gaussian-Closing.png
Component: component_1755510041134_246.png
centerX: 0.6620967741935484
centerY: 0.4251923624964377
width: 0.025
height: 0.026788258763180393
Area: 0.0002784314987267763
CentroidX: 0.6757
CentroidY: 0.4376
