Location: internet_29.png_Gaussian-Median.png
Component: component_1755079128886_25.png
centerX: 0.8424022571543732
centerY: 0.04505275163957799
width: 0.03466344216041919
height: 0.03421727972626176
Area: 0.0004315661875994657
CentroidX: 0.8601
CentroidY: 0.0614
