Location: internet_29.png_Mean-Medain.png
Component: component_1755079128463_254.png
centerX: 0.8964127367996776
centerY: 0.4816082121471343
width: 0.03385731559854897
height: 0.02737382378100941
Area: 0.00034341405287542035
CentroidX: 0.9158
CentroidY: 0.4938
