Location: Dedata_23.png_Otsu.png
Component: component_1755510040512_171.png
centerX: 0.2032258064516129
centerY: 0.26246793958392706
width: 0.025
height: 0.03134796238244514
Area: 0.0002644122486877063
CentroidX: 0.2152
CentroidY: 0.2780
