Location: internet_29.png_Mean-Medain.png
Component: component_1755079128437_145.png
centerX: 0.4562676340185409
centerY: 0.2788708297690334
width: 0.03466344216041919
height: 0.035357855717137156
Area: 0.0004208775976003311
CentroidX: 0.4742
CentroidY: 0.2958
