Location: Dedata_23.png_Mean-Closing.png
Component: component_1755510039920_84.png
centerX: 0.6471774193548387
centerY: 0.14306070105443147
width: 0.02258064516129032
height: 0.027358221715588486
Area: 0.00031543312587907593
CentroidX: 0.6587
CentroidY: 0.1566
