Location: internet_29.png_Gaussian-Closing.png
Component: component_1755079129282_291.png
centerX: 0.13986295848448208
centerY: 0.6010835471913316
width: 0.0354695687222894
height: 0.026803535785571715
Area: 0.0003482411580363198
CentroidX: 0.1599
CentroidY: 0.6122
