Location: Dedata_23.png_Mean-Closing.png
Component: component_1755510039918_74.png
centerX: 0.05241935483870968
centerY: 0.11028783129096609
width: 0.021370967741935483
height: 0.031062980906241093
Area: 0.0003307164066593736
CentroidX: 0.0622
CentroidY: 0.1257
