Location: internet_29.png_Gaussian-Median.png
Component: component_1755079128956_344.png
centerX: 0.5324465941152761
centerY: 0.6666666666666666
width: 0.04554615074566707
height: 0.029369831765041345
Area: 0.0004039827295371829
CentroidX: 0.5581
CentroidY: 0.6787
