Location: internet_29.png_Gaussian-Median.png
Component: component_1755079128899_88.png
centerX: 0.0048367593712212815
centerY: 0.16766467065868262
width: 0.03345425231761386
height: 0.03507271171941831
Area: 0.0004520239189956587
CentroidX: 0.0204
CentroidY: 0.1855
