Location: Dedata_23.png_Otsu.png
Component: component_1755510040935_650.png
centerX: 0.5915322580645161
centerY: 0.7224280421772585
width: 0.024596774193548387
height: 0.025933314334568254
Area: 0.00023487989409720625
CentroidX: 0.6048
CentroidY: 0.7352
