Location: Dedata_23.png_Otsu.png
Component: component_1755510040873_464.png
centerX: 0.8701612903225806
centerY: 0.5032772869763465
width: 0.021370967741935483
height: 0.029353092049016812
Area: 0.00024556669945485803
CentroidX: 0.8813
CentroidY: 0.5171
