Location: Dedata_23.png_Gaussian-Closing.png
Component: component_1755510041137_252.png
centerX: 0.4020161290322581
centerY: 0.43630664006839553
width: 0.024596774193548387
height: 0.026788258763180393
Area: 0.0002553342097279806
CentroidX: 0.4136
CentroidY: 0.4500
