Location: internet_29.png_Mean-Closing.png
Component: component_1755079128780_140.png
centerX: 0.5425231761386538
centerY: 0.27003136583974907
width: 0.03143893591293833
height: 0.031936127744510975
Area: 0.0003761694093243811
CentroidX: 0.5599
CentroidY: 0.2853
