Location: Dedata_23.png_Mean-Closing.png
Component: component_1755510039971_286.png
centerX: 0.9016129032258065
centerY: 0.5007124536905101
width: 0.025403225806451612
height: 0.029923055001424906
Area: 0.00029911563812868295
CentroidX: 0.9152
CentroidY: 0.5151
