Location: Dedata_23.png_Otsu.png
Component: component_1755510040511_162.png
centerX: 0.48508064516129035
centerY: 0.2507836990595611
width: 0.020161290322580645
height: 0.028498147620404674
Area: 0.00024303863797240277
CentroidX: 0.4954
CentroidY: 0.2640
