Location: Dedata_23.png_Gaussian-Median.png
Component: component_1755510040385_321.png
centerX: 0.3713709677419355
centerY: 0.530350527215731
width: 0.025403225806451612
height: 0.031062980906241093
Area: 0.0003169269803914358
CentroidX: 0.3856
CentroidY: 0.5454
