Location: internet_29.png_Mean-Medain.png
Component: component_1755079128424_82.png
centerX: 0.18782748891575976
centerY: 0.15483319076133448
width: 0.04070939137444579
height: 0.03735386370116909
Area: 0.0005005248327551726
CentroidX: 0.2084
CentroidY: 0.1731
