Location: Dedata_23.png_Gaussian-Median.png
Component: component_1755510040416_435.png
centerX: 0.6334677419354838
centerY: 0.7224280421772585
width: 0.025
height: 0.029068110572812767
Area: 0.00032290239844087553
CentroidX: 0.6483
CentroidY: 0.7370
