Location: Dedata_23.png_Mean-Closing.png
Component: component_1755510039969_277.png
centerX: 0.3725806451612903
centerY: 0.48503847249928755
width: 0.024193548387096774
height: 0.030208036477628954
Area: 0.0003252006361521985
CentroidX: 0.3844
CentroidY: 0.5002
