Location: internet_29.png_Mean-Closing.png
Component: component_1755079128716_45.png
centerX: 0.8424022571543732
centerY: 0.08839463929284289
width: 0.04070939137444579
height: 0.03592814371257485
Area: 0.0004928244507127853
CentroidX: 0.8631
CentroidY: 0.1055
