Location: internet_29.png_Gaussian-Closing.png
Component: component_1755079129025_41.png
centerX: 0.005239822652156389
centerY: 0.058169375534645
width: 0.036275695284159616
height: 0.04077559167379527
Area: 0.0005308666366236836
CentroidX: 0.0233
CentroidY: 0.0790
