Location: Dedata_23.png_Mean-Closing.png
Component: component_1755510039940_157.png
centerX: 0.7588709677419355
centerY: 0.2855514391564548
width: 0.024193548387096774
height: 0.03362781419207751
Area: 0.0003464593349819359
CentroidX: 0.7715
CentroidY: 0.3011
