Location: Dedata_23.png_Gaussian-Closing.png
Component: component_1755510041158_326.png
centerX: 0.7298387096774194
centerY: 0.5602735822171558
width: 0.024193548387096774
height: 0.02821316614420063
Area: 0.00029279548442254477
CentroidX: 0.7414
CentroidY: 0.5747
