Location: internet_29.png_Gaussian-Closing.png
Component: component_1755079129230_214.png
centerX: 0.3599355098750504
centerY: 0.42714570858283435
width: 0.039500201531640466
height: 0.033361847733105215
Area: 0.0003578953683581188
CentroidX: 0.3811
CentroidY: 0.4419
