Location: internet_29.png_Gaussian-Median.png
Component: component_1755079128906_117.png
centerX: 0.6352277307537283
centerY: 0.22241231822070145
width: 0.0354695687222894
height: 0.03165098374679213
Area: 0.00040168410803199267
CentroidX: 0.6535
CentroidY: 0.2376
