Location: Dedata_23.png_Otsu.png
Component: component_1755510040840_407.png
centerX: 0.08346774193548387
centerY: 0.457110287831291
width: 0.02217741935483871
height: 0.028498147620404674
Area: 0.0002421193428878736
CentroidX: 0.0930
CentroidY: 0.4703
