Location: internet_29.png_Gaussian-Median.png
Component: component_1755079128904_112.png
centerX: 0.04877065699314793
centerY: 0.21471343028229256
width: 0.03305118903667876
height: 0.031936127744510975
Area: 0.00040271848770932826
CentroidX: 0.0643
CentroidY: 0.2309
