Location: Dedata_23.png_Mean-Closing.png
Component: component_1755510039903_9.png
centerX: 0.43588709677419357
centerY: 0.008549444286121402
width: 0.021774193548387097
height: 0.03134796238244514
Area: 0.0003501365153200526
CentroidX: 0.4466
CentroidY: 0.0242
