Location: internet_29.png_Gaussian-Closing.png
Component: component_1755079129240_224.png
centerX: 0.7573559048770657
centerY: 0.4453949244368406
width: 0.03345425231761386
height: 0.03222127174222983
Area: 0.0003187038716946254
CentroidX: 0.7770
CentroidY: 0.4605
