Location: Dedata_23.png_Gaussian-Closing.png
Component: component_1755510041089_135.png
centerX: 0.7512096774193548
centerY: 0.23624964377315474
width: 0.02056451612903226
height: 0.02963807352522086
Area: 0.00028187885529376073
CentroidX: 0.7619
CentroidY: 0.2503
