Location: Dedata_23.png_Gaussian-Median.png
Component: component_1755510040392_335.png
centerX: 0.842741935483871
centerY: 0.554858934169279
width: 0.02379032258064516
height: 0.027643203191792535
Area: 0.00026337804171761096
CentroidX: 0.8568
CentroidY: 0.5684
