Location: internet_29.png_Gaussian-Closing.png
Component: component_1755079129256_241.png
centerX: 0.8492543329302701
centerY: 0.4836042201311662
width: 0.03788794840790004
height: 0.029654975762760195
Area: 0.00032950739276901944
CentroidX: 0.8709
CentroidY: 0.4967
