Location: internet_29.png_Mean-Closing.png
Component: component_1755079128744_62.png
centerX: 0.0048367593712212815
centerY: 0.11348731109210151
width: 0.036275695284159616
height: 0.03450242372398061
Area: 0.0004759295826496371
CentroidX: 0.0228
CentroidY: 0.1317
