Location: Dedata_23.png_Mean-Closing.png
Component: component_1755510039981_321.png
centerX: 0.7669354838709678
centerY: 0.5599886007409518
width: 0.024596774193548387
height: 0.028783129096608722
Area: 0.00035553737394166155
CentroidX: 0.7799
CentroidY: 0.5741
