Location: Dedata_23.png_Gaussian-Median.png
Component: component_1755510040410_409.png
centerX: 0.3959677419354839
centerY: 0.6725562838415503
width: 0.025806451612903226
height: 0.029068110572812767
Area: 0.0002956682815616985
CentroidX: 0.4093
CentroidY: 0.6870
