Location: Dedata_23.png_Otsu.png
Component: component_1755510040818_323.png
centerX: 0.39153225806451614
centerY: 0.3938444001139926
width: 0.02217741935483871
height: 0.026788258763180393
Area: 0.0001411117954752296
CentroidX: 0.4019
CentroidY: 0.4111
