Location: internet_29.png_Gaussian-Median.png
Component: component_1755079128893_58.png
centerX: 0.29181781539701734
centerY: 0.09923011120615911
width: 0.036275695284159616
height: 0.034787567721699456
Area: 0.0004629423711453123
CentroidX: 0.3095
CentroidY: 0.1171
