Location: internet_29.png_Mean-Medain.png
Component: component_1755079128472_291.png
centerX: 0.652962515114873
centerY: 0.562874251497006
width: 0.0354695687222894
height: 0.028229255774165955
Area: 0.00033238066965050726
CentroidX: 0.6730
CentroidY: 0.5749
