Location: Dedata_23.png_Mean-Closing.png
Component: component_1755510039914_51.png
centerX: 0.9306451612903226
centerY: 0.08834425762325449
width: 0.024596774193548387
height: 0.02963807352522086
Area: 0.00031118138611312845
CentroidX: 0.9449
CentroidY: 0.1036
