Location: internet_29.png_Mean-Closing.png
Component: component_1755079128803_231.png
centerX: 0.0177347843611447
centerY: 0.46107784431137727
width: 0.030229746070133012
height: 0.035357855717137156
Area: 0.00036134330061590416
CentroidX: 0.0316
CentroidY: 0.4788
