Location: Dedata_23.png_Gaussian-Median.png
Component: component_1755510040396_350.png
centerX: 0.4544354838709677
centerY: 0.573097748646338
width: 0.024193548387096774
height: 0.027643203191792535
Area: 0.0003031375541234981
CentroidX: 0.4657
CentroidY: 0.5866
