Location: Dedata_23.png_Mean-Closing.png
Component: component_1755510039990_354.png
centerX: 0.6149193548387096
centerY: 0.6149900256483328
width: 0.017741935483870968
height: 0.029923055001424906
Area: 0.000257977183096002
CentroidX: 0.6247
CentroidY: 0.6285
