Location: Dedata_23.png_Mean-Closing.png
Component: component_1755510040001_398.png
centerX: 0.05282258064516129
centerY: 0.6927899686520376
width: 0.024596774193548387
height: 0.02792818466799658
Area: 0.0003071594701183133
CentroidX: 0.0650
CentroidY: 0.7063
