Location: Dedata_23.png_Otsu.png
Component: component_1755510040488_84.png
centerX: 0.6
centerY: 0.14163579367341123
width: 0.02258064516129032
height: 0.027643203191792535
Area: 0.0002469456420816518
CentroidX: 0.6127
CentroidY: 0.1555
