Location: internet_29.png_Gaussian-Median.png
Component: component_1755079128892_53.png
centerX: 0.48649738008867394
centerY: 0.09523809523809523
width: 0.03345425231761386
height: 0.03165098374679213
Area: 0.00039938548652680245
CentroidX: 0.5036
CentroidY: 0.1106
