Location: internet_29.png_Gaussian-Closing.png
Component: component_1755079129018_11.png
centerX: 0.845626763401854
centerY: 0.004562303963501569
width: 0.036275695284159616
height: 0.03165098374679213
Area: 0.0004215671840518882
CentroidX: 0.8647
CentroidY: 0.0201
