Location: Dedata_23.png_Mean-Closing.png
Component: component_1755510039921_86.png
centerX: 0.557258064516129
centerY: 0.14562553434026787
width: 0.02217741935483871
height: 0.025933314334568254
Area: 0.00029291039630811096
CentroidX: 0.5685
CentroidY: 0.1587
