Location: Dedata_23.png_Gaussian-Closing.png
Component: component_1755510041095_151.png
centerX: 0.01532258064516129
centerY: 0.26246793958392706
width: 0.025
height: 0.030493017953833
Area: 0.00031773136359039886
CentroidX: 0.0267
CentroidY: 0.2775
