Location: Dedata_23.png_Mean-Closing.png
Component: component_1755510039979_310.png
centerX: 0.12137096774193548
centerY: 0.542319749216301
width: 0.025403225806451612
height: 0.03220290681105728
Area: 0.0003148585664512452
CentroidX: 0.1349
CentroidY: 0.5583
