Location: Dedata_23.png_Gaussian-Median.png
Component: component_1755510040345_238.png
centerX: 0.11491935483870967
centerY: 0.40552864063835853
width: 0.022983870967741935
height: 0.030777999430037048
Area: 0.00029578319344726465
CentroidX: 0.1267
CentroidY: 0.4203
