Location: Dedata_23.png_Otsu.png
Component: component_1755510040910_535.png
centerX: 0.630241935483871
centerY: 0.567113137646053
width: 0.02338709677419355
height: 0.026503277286976348
Area: 0.00023396059901267707
CentroidX: 0.6420
CentroidY: 0.5801
