Location: Dedata_23.png_Gaussian-Closing.png
Component: component_1755510041090_140.png
centerX: 0.5588709677419355
centerY: 0.24565403248788828
width: 0.02338709677419355
height: 0.030208036477628954
Area: 0.00032071907261511874
CentroidX: 0.5715
CentroidY: 0.2606
