Location: Dedata_23.png_Gaussian-Median.png
Component: component_1755510040330_195.png
centerX: 0.6004032258064517
centerY: 0.3396979196352237
width: 0.027419354838709678
height: 0.029923055001424906
Area: 0.0003189953943316265
CentroidX: 0.6140
CentroidY: 0.3545
