Location: Dedata_23.png_Gaussian-Closing.png
Component: component_1755510041135_250.png
centerX: 0.48266129032258065
centerY: 0.42946708463949845
width: 0.024193548387096774
height: 0.030493017953833
Area: 0.0002998051094420798
CentroidX: 0.4954
CentroidY: 0.4448
