Location: internet_29.png_Gaussian-Median.png
Component: component_1755079128948_315.png
centerX: 0.5779927448609432
centerY: 0.609637867122897
width: 0.0354695687222894
height: 0.03136583974907328
Area: 0.0003403109138434135
CentroidX: 0.5973
CentroidY: 0.6245
