Location: Dedata_23.png_Otsu.png
Component: component_1755510040907_517.png
centerX: 0.9088709677419354
centerY: 0.5514391564548304
width: 0.027419354838709678
height: 0.027358221715588486
Area: 0.0002167238161777549
CentroidX: 0.9250
CentroidY: 0.5650
