Location: internet_29.png_Mean-Medain.png
Component: component_1755079128426_93.png
centerX: 0.7646110439338977
centerY: 0.17308240661534074
width: 0.036275695284159616
height: 0.03364699173082407
Area: 0.00040926955899912046
CentroidX: 0.7833
CentroidY: 0.1900
