Location: Dedata_23.png_Mean-Closing.png
Component: component_1755510039991_358.png
centerX: 0.49959677419354837
centerY: 0.6229695069820461
width: 0.025806451612903226
height: 0.03362781419207751
Area: 0.0003715101260353561
CentroidX: 0.5134
CentroidY: 0.6376
