Location: Dedata_23.png_Otsu.png
Component: component_1755510040509_153.png
centerX: 0.7516129032258064
centerY: 0.23624964377315474
width: 0.01935483870967742
height: 0.029353092049016812
Area: 0.00021166769321284438
CentroidX: 0.7619
CentroidY: 0.2501
