Location: Dedata_23.png_Mean-Closing.png
Component: component_1755510039920_80.png
centerX: 0.771774193548387
centerY: 0.13878597891137076
width: 0.02338709677419355
height: 0.028783129096608722
Area: 0.00032175327958521406
CentroidX: 0.7840
CentroidY: 0.1527
