Location: Dedata_23.png_Otsu.png
Component: component_1755510040516_189.png
centerX: 0.6935483870967742
centerY: 0.2903961242519236
width: 0.021774193548387097
height: 0.03134796238244514
Area: 0.00024487722814146113
CentroidX: 0.7053
CentroidY: 0.3064
