Location: Dedata_23.png_Mean-Closing.png
Component: component_1755510039994_366.png
centerX: 0.16411290322580646
centerY: 0.6417782844115133
width: 0.024193548387096774
height: 0.027358221715588486
Area: 0.0003204892488439864
CentroidX: 0.1755
CentroidY: 0.6547
