Location: internet_29.png_Mean-Medain.png
Component: component_1755079128449_198.png
centerX: 0.860540104796453
centerY: 0.3818078129455375
width: 0.03667875856509472
height: 0.02879954376960365
Area: 0.00033651818835984964
CentroidX: 0.8807
CentroidY: 0.3947
