Location: Dedata_23.png_Gaussian-Closing.png
Component: component_1755510041044_49.png
centerX: 0.5431451612903225
centerY: 0.058991165574237676
width: 0.02217741935483871
height: 0.026503277286976348
Area: 0.00031210068119765763
CentroidX: 0.5543
CentroidY: 0.0732
