Location: internet_29.png_Mean-Closing.png
Component: component_1755079128799_219.png
centerX: 0.22208786779524387
centerY: 0.4405474764756202
width: 0.03667875856509472
height: 0.03307670373538637
Area: 0.0003632971288953158
CentroidX: 0.2422
CentroidY: 0.4557
