Location: Dedata_23.png_Gaussian-Median.png
Component: component_1755510040300_154.png
centerX: 0.04879032258064516
centerY: 0.2647477913935594
width: 0.020967741935483872
height: 0.02792818466799658
Area: 0.00026326312983204476
CentroidX: 0.0597
CentroidY: 0.2781
