Location: Dedata_23.png_Otsu.png
Component: component_1755510040924_610.png
centerX: 0.5661290322580645
centerY: 0.664291821031633
width: 0.02338709677419355
height: 0.029923055001424906
Area: 0.00024418775682806423
CentroidX: 0.5770
CentroidY: 0.6792
