Location: Dedata_23.png_Otsu.png
Component: component_1755510040835_395.png
centerX: 0.2560483870967742
centerY: 0.44371615844970075
width: 0.021774193548387097
height: 0.0262182958107723
Area: 0.0002374079555796615
CentroidX: 0.2668
CentroidY: 0.4566
