Location: Dedata_23.png_Mean-Closing.png
Component: component_1755510039986_339.png
centerX: 0.08024193548387097
centerY: 0.5876318039327444
width: 0.022983870967741935
height: 0.033912795668281565
Area: 0.0003257751955800292
CentroidX: 0.0919
CentroidY: 0.6036
