Location: Dedata_23.png_Gaussian-Closing.png
Component: component_1755510041073_106.png
centerX: 0.9032258064516129
centerY: 0.1775434596751211
width: 0.025
height: 0.02536335138216016
Area: 0.00028590077128857593
CentroidX: 0.9159
CentroidY: 0.1903
