Location: internet_29.png_Gaussian-Closing.png
Component: component_1755079129203_147.png
centerX: 0.9443772672309553
centerY: 0.29056173367550614
width: 0.027408303103587262
height: 0.03507271171941831
Area: 0.00038605348179669913
CentroidX: 0.9581
CentroidY: 0.3076
