Location: internet_29.png_Mean-Closing.png
Component: component_1755079128758_69.png
centerX: 0.7118097541313986
centerY: 0.13287710293698318
width: 0.037081821846029824
height: 0.032506415739948676
Area: 0.00043742767243770073
CentroidX: 0.7306
CentroidY: 0.1488
