Location: Dedata_23.png_Gaussian-Median.png
Component: component_1755510040406_387.png
centerX: 0.1254032258064516
centerY: 0.6443431176973496
width: 0.02620967741935484
height: 0.026788258763180393
Area: 0.0003324400849428658
CentroidX: 0.1379
CentroidY: 0.6580
