Location: Dedata_23.png_Gaussian-Closing.png
Component: component_1755510041060_73.png
centerX: 0.15846774193548388
centerY: 0.10629809062410943
width: 0.021370967741935483
height: 0.029353092049016812
Area: 0.0002965875766462277
CentroidX: 0.1706
CentroidY: 0.1206
