Location: Dedata_23.png_Otsu.png
Component: component_1755510040543_220.png
centerX: 0.1217741935483871
centerY: 0.31319464234824734
width: 0.020967741935483872
height: 0.030493017953833
Area: 0.0002198264370880409
CentroidX: 0.1326
CentroidY: 0.3275
