Location: Dedata_23.png_Mean-Closing.png
Component: component_1755510039982_324.png
centerX: 0.6935483870967742
centerY: 0.5614135081219721
width: 0.025403225806451612
height: 0.028783129096608722
Area: 0.0003189953943316265
CentroidX: 0.7077
CentroidY: 0.5755
