Location: internet_29.png_Gaussian-Median.png
Component: component_1755079128912_146.png
centerX: 0.41031841999193874
centerY: 0.2834331337325349
width: 0.035872632003224506
height: 0.03279155973766752
Area: 0.0004021438323330307
CentroidX: 0.4287
CentroidY: 0.2998
