Location: Dedata_23.png_Mean-Closing.png
Component: component_1755510039949_196.png
centerX: 0.2923387096774194
centerY: 0.3530920490168139
width: 0.02620967741935484
height: 0.029923055001424906
Area: 0.00033634708905211483
CentroidX: 0.3055
CentroidY: 0.3674
