Location: internet_29.png_Mean-Closing.png
Component: component_1755079128671_8.png
centerX: 0.2543329302700524
centerY: 0.00427715996578272
width: 0.04070939137444579
height: 0.03735386370116909
Area: 0.0005428194684506728
CentroidX: 0.2749
CentroidY: 0.0225
