Location: Dedata_23.png_Otsu.png
Component: component_1755510040936_651.png
centerX: 0.3629032258064516
centerY: 0.7227130236534626
width: 0.01935483870967742
height: 0.031917925334853235
Area: 0.00024188951911674128
CentroidX: 0.3724
CentroidY: 0.7384
