Location: Dedata_23.png_Mean-Closing.png
Component: component_1755510039911_37.png
centerX: 0.6713709677419355
centerY: 0.056141350812197205
width: 0.020161290322580645
height: 0.026788258763180393
Area: 0.00028659024260197283
CentroidX: 0.6815
CentroidY: 0.0692
