Location: Dedata_23.png_Otsu.png
Component: component_1755510040469_4.png
centerX: 0.5149193548387097
centerY: 0.008264462809917356
width: 0.02056451612903226
height: 0.03818751781134226
Area: 0.0003549628145138308
CentroidX: 0.5265
CentroidY: 0.0270
