Location: Dedata_23.png_Otsu.png
Component: component_1755510040898_493.png
centerX: 0.40524193548387094
centerY: 0.5280706754060986
width: 0.022983870967741935
height: 0.03277286976346538
Area: 0.00022844482850550198
CentroidX: 0.4170
CentroidY: 0.5433
