Location: Dedata_23.png_Mean-Closing.png
Component: component_1755510040000_394.png
centerX: 0.08951612903225807
centerY: 0.6873753206041607
width: 0.022983870967741935
height: 0.030777999430037048
Area: 0.0003106068266852977
CentroidX: 0.1024
CentroidY: 0.7019
