Location: Dedata_23.png_Gaussian-Median.png
Component: component_1755510040346_241.png
centerX: 0.05040322580645161
centerY: 0.40581362211456257
width: 0.022983870967741935
height: 0.03562268452550584
Area: 0.0003593294661653444
CentroidX: 0.0617
CentroidY: 0.4234
