Location: Dedata_23.png_Otsu.png
Component: component_1755510040886_485.png
centerX: 0.5370967741935484
centerY: 0.5209461385009975
width: 0.02379032258064516
height: 0.030493017953833
Area: 0.00023223692072918487
CentroidX: 0.5504
CentroidY: 0.5357
