Location: Dedata_23.png_Gaussian-Closing.png
Component: component_1755510041092_145.png
centerX: 0.3254032258064516
centerY: 0.256198347107438
width: 0.025403225806451612
height: 0.03277286976346538
Area: 0.0003202594250728541
CentroidX: 0.3381
CentroidY: 0.2723
