Location: internet_29.png_Mean-Closing.png
Component: component_1755079128819_306.png
centerX: 0.890769850866586
centerY: 0.6367265469061876
width: 0.042724707779121324
height: 0.028229255774165955
Area: 0.00036812423405621533
CentroidX: 0.9144
CentroidY: 0.6495
