Location: internet_29.png_Mean-Medain.png
Component: component_1755079128413_36.png
centerX: 0.3845223700120919
centerY: 0.049044767607641856
width: 0.04433696090286175
height: 0.041060735671514116
Area: 0.0005412104333970396
CentroidX: 0.4087
CentroidY: 0.0689
