Location: internet_29.png_Mean-Medain.png
Component: component_1755079128469_277.png
centerX: 0.32365981459089077
centerY: 0.5315084117479327
width: 0.036275695284159616
height: 0.031080695751354435
Area: 0.0003778933754532738
CentroidX: 0.3443
CentroidY: 0.5454
