Location: Dedata_23.png_Otsu.png
Component: component_1755510040830_377.png
centerX: 0.6314516129032258
centerY: 0.4249073810202337
width: 0.025806451612903226
height: 0.024793388429752067
Area: 0.0002164939924066226
CentroidX: 0.6447
CentroidY: 0.4375
