Location: Dedata_23.png_Gaussian-Closing.png
Component: component_1755510041111_200.png
centerX: 0.2923387096774194
centerY: 0.35280706754060986
width: 0.02620967741935484
height: 0.030208036477628954
Area: 0.00032370678163983857
CentroidX: 0.3056
CentroidY: 0.3674
