Location: Dedata_23.png_Gaussian-Closing.png
Component: component_1755510041128_228.png
centerX: 0.2495967741935484
centerY: 0.3969791963522371
width: 0.02620967741935484
height: 0.029068110572812767
Area: 0.0002890033921988619
CentroidX: 0.2623
CentroidY: 0.4118
