Location: Dedata_23.png_Gaussian-Median.png
Component: component_1755510040319_177.png
centerX: 0.1963709677419355
centerY: 0.3120547164434312
width: 0.025403225806451612
height: 0.029068110572812767
Area: 0.000323247134097574
CentroidX: 0.2079
CentroidY: 0.3274
