Location: Dedata_23.png_Gaussian-Closing.png
Component: component_1755510041142_266.png
centerX: 0.8588709677419355
centerY: 0.45654032487888285
width: 0.025403225806451612
height: 0.029068110572812767
Area: 0.0002850963880896129
CentroidX: 0.8732
CentroidY: 0.4703
