Location: internet_29.png_Gaussian-Median.png
Component: component_1755079128943_292.png
centerX: 0.6049979846835953
centerY: 0.5671514114627887
width: 0.03990326481257558
height: 0.031080695751354435
Area: 0.0003429543285743823
CentroidX: 0.6272
CentroidY: 0.5811
