Location: Dedata_23.png_Mean-Closing.png
Component: component_1755510039932_134.png
centerX: 0.6379032258064516
centerY: 0.24194927329723567
width: 0.025403225806451612
height: 0.029923055001424906
Area: 0.0003143989189089806
CentroidX: 0.6506
CentroidY: 0.2570
