Location: Dedata_23.png_Mean-Closing.png
Component: component_1755510039953_216.png
centerX: 0.5508064516129032
centerY: 0.38187517811342264
width: 0.028225806451612902
height: 0.028783129096608722
Area: 0.00030164369961113816
CentroidX: 0.5623
CentroidY: 0.3958
