Location: Dedata_23.png_Gaussian-Closing.png
Component: component_1755510041159_333.png
centerX: 0.5592741935483871
centerY: 0.5696779709318894
width: 0.025403225806451612
height: 0.028498147620404674
Area: 0.00032002960130172184
CentroidX: 0.5720
CentroidY: 0.5835
