Location: Dedata_23.png_Otsu.png
Component: component_1755510040496_117.png
centerX: 0.4282258064516129
centerY: 0.19663721858079225
width: 0.02338709677419355
height: 0.029353092049016812
Area: 0.00027349028764743195
CentroidX: 0.4397
CentroidY: 0.2112
