Location: Dedata_23.png_Mean-Closing.png
Component: component_1755510039980_314.png
centerX: 0.05403225806451613
centerY: 0.5463094898831576
width: 0.02217741935483871
height: 0.030777999430037048
Area: 0.00030853841274510705
CentroidX: 0.0652
CentroidY: 0.5607
