Location: internet_29.png_Gaussian-Closing.png
Component: component_1755079129296_322.png
centerX: 0.5324465941152761
centerY: 0.6666666666666666
width: 0.04554615074566707
height: 0.0290846877673225
Area: 0.000380191996958464
CentroidX: 0.5581
CentroidY: 0.6787
