Location: internet_29.png_Gaussian-Median.png
Component: component_1755079128936_261.png
centerX: 0.7182587666263603
centerY: 0.49329911605360705
width: 0.03466344216041919
height: 0.031080695751354435
Area: 0.00034835608911157936
CentroidX: 0.7380
CentroidY: 0.5078
