Location: internet_29.png_Gaussian-Closing.png
Component: component_1755079129021_25.png
centerX: 0.8428053204353083
centerY: 0.045337895637296836
width: 0.03426037887948408
height: 0.033932135728542916
Area: 0.00043041687684687054
CentroidX: 0.8601
CentroidY: 0.0614
