Location: internet_29.png_Gaussian-Median.png
Component: component_1755079128903_107.png
centerX: 0.8065296251511487
centerY: 0.21100655831194753
width: 0.035872632003224506
height: 0.035642999714856
Area: 0.0004221418394281857
CentroidX: 0.8265
CentroidY: 0.2275
