Location: internet_29.png_Mean-Closing.png
Component: component_1755079128787_160.png
centerX: 0.5445384925433293
centerY: 0.3119475335044197
width: 0.04191858121725111
height: 0.036213287710293696
Area: 0.0004400710871686695
CentroidX: 0.5678
CentroidY: 0.3283
