Location: Dedata_23.png_Gaussian-Median.png
Component: component_1755510040230_7.png
centerX: 0.5149193548387097
centerY: 0.007979481333713309
width: 0.02056451612903226
height: 0.03875748076375036
Area: 0.0003851846404177277
CentroidX: 0.5264
CentroidY: 0.0271
