Location: Dedata_23.png_Gaussian-Closing.png
Component: component_1755510041167_367.png
centerX: 0.2854838709677419
centerY: 0.6318039327443716
width: 0.02338709677419355
height: 0.030493017953833
Area: 0.00031428400702341447
CentroidX: 0.2979
CentroidY: 0.6463
