Location: Dedata_23.png_Otsu.png
Component: component_1755510040501_125.png
centerX: 0.23951612903225805
centerY: 0.20091194072385296
width: 0.020967741935483872
height: 0.02963807352522086
Area: 0.00024062548837551365
CentroidX: 0.2511
CentroidY: 0.2164
