Location: Dedata_23.png_Gaussian-Closing.png
Component: component_1755510041106_174.png
centerX: 0.23387096774193547
centerY: 0.30977486463379883
width: 0.02379032258064516
height: 0.028783129096608722
Area: 0.0003188804824460604
CentroidX: 0.2446
CentroidY: 0.3249
