Location: Dedata_23.png_Gaussian-Median.png
Component: component_1755510040271_81.png
centerX: 0.8149193548387097
centerY: 0.13679110857794244
width: 0.02258064516129032
height: 0.026788258763180393
Area: 0.0002972770479596246
CentroidX: 0.8264
CentroidY: 0.1504
