Location: internet_29.png_Gaussian-Median.png
Component: component_1755079128958_360.png
centerX: 0.053607416364369206
centerY: 0.7085828343313373
width: 0.04030632809351068
height: 0.029940119760479042
Area: 0.0003891566208287059
CentroidX: 0.0772
CentroidY: 0.7212
