Location: Dedata_23.png_Otsu.png
Component: component_1755510040807_309.png
centerX: 0.6568548387096774
centerY: 0.38073525220860643
width: 0.02217741935483871
height: 0.027358221715588486
Area: 0.0001807563959955506
CentroidX: 0.6675
CentroidY: 0.3937
