Location: internet_29.png_Mean-Medain.png
Component: component_1755079128461_244.png
centerX: 0.058847239016525596
centerY: 0.45993726832050186
width: 0.03506650544135429
height: 0.03364699173082407
Area: 0.0003708825798624436
CentroidX: 0.0760
CentroidY: 0.4780
