Location: internet_29.png_Gaussian-Median.png
Component: component_1755079128945_298.png
centerX: 0.920596533655784
centerY: 0.5831194753350442
width: 0.037484885126964934
height: 0.030795551753635585
Area: 0.0003961674164195361
CentroidX: 0.9417
CentroidY: 0.5981
