Location: Dedata_23.png_Gaussian-Median.png
Component: component_1755510040339_216.png
centerX: 0.807258064516129
centerY: 0.3724707893986891
width: 0.02056451612903226
height: 0.027643203191792535
Area: 0.00027061749050827827
CentroidX: 0.8184
CentroidY: 0.3861
