Location: Dedata_23.png_Mean-Closing.png
Component: component_1755510039979_312.png
centerX: 0.1963709677419355
centerY: 0.5428897121687091
width: 0.025806451612903226
height: 0.027643203191792535
Area: 0.00033060149477380746
CentroidX: 0.2093
CentroidY: 0.5562
