Location: internet_29.png_Gaussian-Closing.png
Component: component_1755079129247_232.png
centerX: 0.5501813784764208
centerY: 0.45993726832050186
width: 0.03506650544135429
height: 0.028229255774165955
Area: 0.0002907756204065641
CentroidX: 0.5693
CentroidY: 0.4733
