Location: Dedata_23.png_Gaussian-Median.png
Component: component_1755510040303_160.png
centerX: 0.7943548387096774
centerY: 0.2829866058706184
width: 0.02258064516129032
height: 0.03419777714448561
Area: 0.0003381856792211732
CentroidX: 0.8047
CentroidY: 0.2994
