Location: internet_29.png_Mean-Closing.png
Component: component_1755079128775_120.png
centerX: 0.407496977025393
centerY: 0.23666951810664386
width: 0.03909713825070536
height: 0.03421727972626176
Area: 0.00043535891308302954
CentroidX: 0.4282
CentroidY: 0.2529
