Location: internet_29.png_Gaussian-Closing.png
Component: component_1755079129210_168.png
centerX: 0.40548166062071744
centerY: 0.3273453093812375
width: 0.03788794840790004
height: 0.03735386370116909
Area: 0.00044432353695327145
CentroidX: 0.4259
CentroidY: 0.3454
