Location: Dedata_23.png_Gaussian-Closing.png
Component: component_1755510041045_52.png
centerX: 0.0967741935483871
centerY: 0.062125961812482186
width: 0.022983870967741935
height: 0.02792818466799658
Area: 0.00030394193732246114
CentroidX: 0.1077
CentroidY: 0.0766
