Location: Dedata_23.png_Otsu.png
Component: component_1755510040508_151.png
centerX: 0.8221774193548387
centerY: 0.2322599031062981
width: 0.02217741935483871
height: 0.030493017953833
Area: 0.00023487989409720625
CentroidX: 0.8337
CentroidY: 0.2468
