Location: internet_29.png_Gaussian-Median.png
Component: component_1755079128927_212.png
centerX: 0.010882708585247884
centerY: 0.41402908468776733
width: 0.028214429665457477
height: 0.03364699173082407
Area: 0.0003520338835198837
CentroidX: 0.0243
CentroidY: 0.4317
