Location: internet_29.png_Gaussian-Closing.png
Component: component_1755079129026_48.png
centerX: 0.7992744860943168
centerY: 0.08982035928143713
width: 0.037081821846029824
height: 0.030795551753635585
Area: 0.0004182341828693623
CentroidX: 0.8190
CentroidY: 0.1049
