Location: internet_29.png_Mean-Medain.png
Component: component_1755079128471_286.png
centerX: 0.7307537283353487
centerY: 0.5500427715996579
width: 0.037081821846029824
height: 0.036213287710293696
Area: 0.00038409965351728743
CentroidX: 0.7524
CentroidY: 0.5662
