Location: Dedata_23.png_Otsu.png
Component: component_1755510040924_607.png
centerX: 0.7544354838709677
centerY: 0.6611570247933884
width: 0.020967741935483872
height: 0.027643203191792535
Area: 0.00024395793305693195
CentroidX: 0.7652
CentroidY: 0.6745
