Location: Dedata_23.png_Gaussian-Median.png
Component: component_1755510040296_149.png
centerX: 0.2794354838709677
centerY: 0.2590481618694785
width: 0.02379032258064516
height: 0.032487888287261325
Area: 0.0003252006361521985
CentroidX: 0.2919
CentroidY: 0.2745
