Location: Dedata_23.png_Otsu.png
Component: component_1755510040890_490.png
centerX: 0.5068548387096774
centerY: 0.5237959532630379
width: 0.022983870967741935
height: 0.028498147620404674
Area: 0.00025671315235477435
CentroidX: 0.5196
CentroidY: 0.5374
