Location: internet_29.png_Mean-Closing.png
Component: component_1755079128774_117.png
centerX: 0.5461507456670698
centerY: 0.22640433418876532
width: 0.03466344216041919
height: 0.03165098374679213
Area: 0.0003985809689999859
CentroidX: 0.5626
CentroidY: 0.2418
