Location: Dedata_23.png_Mean-Closing.png
Component: component_1755510039966_266.png
centerX: 0.717741935483871
centerY: 0.4645198062125962
width: 0.022983870967741935
height: 0.02821316614420063
Area: 0.00031026209102859927
CentroidX: 0.7292
CentroidY: 0.4780
