Location: internet_29.png_Mean-Medain.png
Component: component_1755079128458_222.png
centerX: 0.9222087867795243
centerY: 0.43028229255774164
width: 0.035872632003224506
height: 0.03051040775591674
Area: 0.00034077063814445157
CentroidX: 0.9411
CentroidY: 0.4453
