Location: Dedata_23.png_Gaussian-Median.png
Component: component_1755510040342_225.png
centerX: 0.4963709677419355
centerY: 0.38387004844685096
width: 0.02379032258064516
height: 0.0262182958107723
Area: 0.0002279851809632374
CentroidX: 0.5072
CentroidY: 0.3970
