Location: internet_29.png_Gaussian-Closing.png
Component: component_1755079129026_45.png
centerX: 0.8875453446191052
centerY: 0.08782435129740519
width: 0.04191858121725111
height: 0.033932135728542916
Area: 0.0004439787437274929
CentroidX: 0.9106
CentroidY: 0.1039
