Location: Dedata_23.png_Gaussian-Median.png
Component: component_1755510040399_361.png
centerX: 0.11411290322580646
centerY: 0.5887717298375605
width: 0.025403225806451612
height: 0.029068110572812767
Area: 0.0003181910111326635
CentroidX: 0.1266
CentroidY: 0.6025
