Location: internet_29.png_Gaussian-Median.png
Component: component_1755079128957_345.png
centerX: 0.4848851269649335
centerY: 0.6712289706301683
width: 0.046352277307537285
height: 0.029654975762760195
Area: 0.00038938648297922495
CentroidX: 0.5114
CentroidY: 0.6834
