Location: internet_29.png_Mean-Closing.png
Component: component_1755079128798_214.png
centerX: 0.9222087867795243
centerY: 0.4305674365554605
width: 0.035872632003224506
height: 0.03022526375819789
Area: 0.00033950639631659694
CentroidX: 0.9411
CentroidY: 0.4453
