Location: Dedata_23.png_Otsu.png
Component: component_1755510040538_211.png
centerX: 0.3435483870967742
centerY: 0.3060701054431462
width: 0.02379032258064516
height: 0.026503277286976348
Area: 0.00016949503121006812
CentroidX: 0.3555
CentroidY: 0.3191
