Location: internet_29.png_Mean-Closing.png
Component: component_1755079128823_322.png
centerX: 0.44054816606207176
centerY: 0.6752209865982322
width: 0.03990326481257558
height: 0.029654975762760195
Area: 0.0004165102167404697
CentroidX: 0.4631
CentroidY: 0.6873
