Location: Dedata_23.png_Otsu.png
Component: component_1755510040908_522.png
centerX: 0.8084677419354839
centerY: 0.5557138785978911
width: 0.027016129032258064
height: 0.027358221715588486
Area: 0.0002030493017953833
CentroidX: 0.8230
CentroidY: 0.5692
