Location: internet_29.png_Mean-Closing.png
Component: component_1755079128821_312.png
centerX: 0.14389359129383314
centerY: 0.6484174508126604
width: 0.036275695284159616
height: 0.03022526375819789
Area: 0.0003855937574956611
CentroidX: 0.1654
CentroidY: 0.6608
