Location: internet_29.png_Gaussian-Closing.png
Component: component_1755079129030_61.png
centerX: 0.147118097541314
centerY: 0.10521813515825491
width: 0.03869407496977025
height: 0.036783575705731396
Area: 0.0005227065302802582
CentroidX: 0.1674
CentroidY: 0.1227
