Location: Dedata_23.png_Mean-Closing.png
Component: component_1755510039977_304.png
centerX: 0.4044354838709677
centerY: 0.5277856939298946
width: 0.024596774193548387
height: 0.03305785123966942
Area: 0.00033542779396758565
CentroidX: 0.4173
CentroidY: 0.5434
