Location: Dedata_23.png_Mean-Closing.png
Component: component_1755510039919_77.png
centerX: 0.8939516129032258
centerY: 0.13479623824451412
width: 0.02258064516129032
height: 0.02963807352522086
Area: 0.0003021033471534028
CentroidX: 0.9067
CentroidY: 0.1491
