Location: internet_29.png_Mean-Medain.png
Component: component_1755079128482_338.png
centerX: 0.5324465941152761
centerY: 0.6663815226689478
width: 0.04554615074566707
height: 0.029654975762760195
Area: 0.00043846205211503633
CentroidX: 0.5579
CentroidY: 0.6786
