Location: internet_29.png_Mean-Closing.png
Component: component_1755079128764_81.png
centerX: 0.18782748891575976
centerY: 0.15483319076133448
width: 0.04070939137444579
height: 0.03735386370116909
Area: 0.0004996053841530965
CentroidX: 0.2084
CentroidY: 0.1731
