Location: Dedata_23.png_Mean-Closing.png
Component: component_1755510039997_381.png
centerX: 0.6443548387096775
centerY: 0.6622969506982046
width: 0.022983870967741935
height: 0.030208036477628954
Area: 0.00029739195984519073
CentroidX: 0.6554
CentroidY: 0.6773
