Location: Dedata_23.png_Mean-Closing.png
Component: component_1755510039965_263.png
centerX: 0.817741935483871
centerY: 0.46110002849814763
width: 0.022983870967741935
height: 0.029923055001424906
Area: 0.00031313488816775295
CentroidX: 0.8303
CentroidY: 0.4754
