Location: internet_29.png_Gaussian-Median.png
Component: component_1755079128920_185.png
centerX: 0.09713825070536074
centerY: 0.36070715711434276
width: 0.03667875856509472
height: 0.03307670373538637
Area: 0.0004142115952352794
CentroidX: 0.1158
CentroidY: 0.3770
