Location: internet_29.png_Gaussian-Median.png
Component: component_1755079128934_254.png
centerX: 0.3260781942765014
centerY: 0.4804676361562589
width: 0.035872632003224506
height: 0.03136583974907328
Area: 0.00031640525018943516
CentroidX: 0.3468
CentroidY: 0.4950
