Location: internet_29.png_Gaussian-Closing.png
Component: component_1755079129029_56.png
centerX: 0.3909713825070536
centerY: 0.09666381522668947
width: 0.03667875856509472
height: 0.033361847733105215
Area: 0.00042444046093337594
CentroidX: 0.4093
CentroidY: 0.1132
