Location: Dedata_23.png_Gaussian-Median.png
Component: component_1755510040335_204.png
centerX: 0.21814516129032258
centerY: 0.35537190082644626
width: 0.027016129032258064
height: 0.029068110572812767
Area: 0.00029026742294008956
CentroidX: 0.2310
CentroidY: 0.3702
