Location: Dedata_23.png_Gaussian-Closing.png
Component: component_1755510041149_296.png
centerX: 0.02379032258064516
centerY: 0.5047021943573667
width: 0.02620967741935484
height: 0.025078369905956112
Area: 0.000261884187205251
CentroidX: 0.0362
CentroidY: 0.5173
