Location: internet_29.png_Mean-Medain.png
Component: component_1755079128420_63.png
centerX: 0.0048367593712212815
centerY: 0.11320216709438266
width: 0.036275695284159616
height: 0.034787567721699456
Area: 0.00047627437587541565
CentroidX: 0.0227
CentroidY: 0.1317
