Location: Dedata_23.png_Mean-Closing.png
Component: component_1755510039935_145.png
centerX: 0.23830645161290323
centerY: 0.25961812482188656
width: 0.027016129032258064
height: 0.03220290681105728
Area: 0.0003401391812757977
CentroidX: 0.2517
CentroidY: 0.2751
