Location: Dedata_23.png_Gaussian-Closing.png
Component: component_1755510041066_85.png
centerX: 0.6887096774193548
centerY: 0.14049586776859505
width: 0.020967741935483872
height: 0.02707324023938444
Area: 0.00028095956020923155
CentroidX: 0.6998
CentroidY: 0.1539
