Location: internet_29.png_Mean-Closing.png
Component: component_1755079128783_152.png
centerX: 0.7198710197501008
centerY: 0.3013972055888224
width: 0.04070939137444579
height: 0.031080695751354435
Area: 0.0003929493463122698
CentroidX: 0.7418
CentroidY: 0.3169
