Location: Dedata_23.png_Gaussian-Closing.png
Component: component_1755510041066_86.png
centerX: 0.6
centerY: 0.1413508121972072
width: 0.022983870967741935
height: 0.02821316614420063
Area: 0.0002946340745916032
CentroidX: 0.6126
CentroidY: 0.1556
