Location: internet_29.png_Gaussian-Closing.png
Component: component_1755079129278_280.png
centerX: 0.4195888754534462
centerY: 0.5788423153692615
width: 0.04030632809351068
height: 0.03022526375819789
Area: 0.00039628234749479566
CentroidX: 0.4429
CentroidY: 0.5918
