Location: internet_29.png_Mean-Closing.png
Component: component_1755079128823_323.png
centerX: 0.392583635630794
centerY: 0.6800684345594525
width: 0.04232164449818621
height: 0.03051040775591674
Area: 0.00039570769211849806
CentroidX: 0.4178
CentroidY: 0.6924
