Location: Dedata_23.png_Gaussian-Median.png
Component: component_1755510040327_187.png
centerX: 0.8641129032258065
centerY: 0.3285836420632659
width: 0.021774193548387097
height: 0.031062980906241093
Area: 0.0003179611873615312
CentroidX: 0.8739
CentroidY: 0.3442
