Location: internet_29.png_Gaussian-Closing.png
Component: component_1755079129034_79.png
centerX: 0.3377670294236195
centerY: 0.1437125748502994
width: 0.03426037887948408
height: 0.035357855717137156
Area: 0.00042639428921278764
CentroidX: 0.3541
CentroidY: 0.1620
