Location: Dedata_23.png_Gaussian-Median.png
Component: component_1755510040375_304.png
centerX: 0.0657258064516129
centerY: 0.5027073240239385
width: 0.020967741935483872
height: 0.027643203191792535
Area: 0.000261884187205251
CentroidX: 0.0762
CentroidY: 0.5163
