Location: internet_29.png_Gaussian-Closing.png
Component: component_1755079129042_103.png
centerX: 0.28174123337363965
centerY: 0.19617907043056743
width: 0.03990326481257558
height: 0.03307670373538637
Area: 0.00045340309189877283
CentroidX: 0.3034
CentroidY: 0.2121
