Location: internet_29.png_Gaussian-Median.png
Component: component_1755079128921_187.png
centerX: 0.051592099959693674
centerY: 0.3644140290846878
width: 0.032245062474808545
height: 0.03307670373538637
Area: 0.000415245974912615
CentroidX: 0.0699
CentroidY: 0.3794
