Location: internet_29.png_Mean-Closing.png
Component: component_1755079128779_134.png
centerX: 0.6199113260781943
centerY: 0.262617621899059
width: 0.03829101168883515
height: 0.03136583974907328
Area: 0.000415245974912615
CentroidX: 0.6408
CentroidY: 0.2773
