Location: internet_29.png_Gaussian-Closing.png
Component: component_1755079129214_186.png
centerX: 0.051592099959693674
centerY: 0.3644140290846878
width: 0.03184199919387344
height: 0.031936127744510975
Area: 0.00040444245383822094
CentroidX: 0.0698
CentroidY: 0.3791
