Location: internet_29.png_Mean-Closing.png
Component: component_1755079128814_281.png
centerX: 0.3280935106811769
centerY: 0.5873966353008269
width: 0.03506650544135429
height: 0.028514399771884802
Area: 0.0003506547106167696
CentroidX: 0.3484
CentroidY: 0.6005
