Location: internet_29.png_Mean-Medain.png
Component: component_1755079128476_308.png
centerX: 0.6650544135429263
centerY: 0.6013686911890505
width: 0.035872632003224506
height: 0.03222127174222983
Area: 0.00037547982287282404
CentroidX: 0.6849
CentroidY: 0.6162
