Location: Dedata_23.png_Otsu.png
Component: component_1755510040910_529.png
centerX: 0.6943548387096774
centerY: 0.5616984895981761
width: 0.024193548387096774
height: 0.02821316614420063
Area: 0.00020730104156133078
CentroidX: 0.7075
CentroidY: 0.5760
