Location: internet_29.png_Gaussian-Closing.png
Component: component_1755079129277_276.png
centerX: 0.6054010479645304
centerY: 0.5671514114627887
width: 0.039500201531640466
height: 0.031080695751354435
Area: 0.00034008105169289454
CentroidX: 0.6272
CentroidY: 0.5811
