Location: internet_29.png_Gaussian-Median.png
Component: component_1755079128881_16.png
centerX: 0.10439338976219266
centerY: 0.006558311947533505
width: 0.03788794840790004
height: 0.043912175648702596
Area: 0.0006279833952179708
CentroidX: 0.1259
CentroidY: 0.0263
