Location: Dedata_23.png_Otsu.png
Component: component_1755510040914_562.png
centerX: 0.012903225806451613
centerY: 0.5921915075520091
width: 0.02258064516129032
height: 0.030208036477628954
Area: 0.0002572877117826051
CentroidX: 0.0241
CentroidY: 0.6059
