Location: Dedata_23.png_Gaussian-Median.png
Component: component_1755510040403_380.png
centerX: 0.24717741935483872
centerY: 0.6312339697919636
width: 0.022983870967741935
height: 0.031917925334853235
Area: 0.0003204892488439864
CentroidX: 0.2597
CentroidY: 0.6466
