Location: Dedata_23.png_Gaussian-Closing.png
Component: component_1755510041130_234.png
centerX: 0.9548387096774194
centerY: 0.40552864063835853
width: 0.021370967741935483
height: 0.031062980906241093
Area: 0.0002647569843444047
CentroidX: 0.9661
CentroidY: 0.4202
