Location: Dedata_23.png_Otsu.png
Component: component_1755510040543_221.png
centerX: 0.018548387096774192
centerY: 0.3137646053006555
width: 0.020161290322580645
height: 0.029068110572812767
Area: 0.00021775802314785023
CentroidX: 0.0291
CentroidY: 0.3269
