Location: Dedata_23.png_Otsu.png
Component: component_1755510040517_202.png
centerX: 0.5346774193548387
centerY: 0.2975206611570248
width: 0.024596774193548387
height: 0.030208036477628954
Area: 0.00022327379365502531
CentroidX: 0.5448
CentroidY: 0.3132
