Location: Dedata_23.png_Mean-Closing.png
Component: component_1755510040006_417.png
centerX: 0.39556451612903226
centerY: 0.7238529495582787
width: 0.02217741935483871
height: 0.026788258763180393
Area: 0.0003303716710026752
CentroidX: 0.4065
CentroidY: 0.7373
