Location: internet_29.png_Mean-Closing.png
Component: component_1755079128770_106.png
centerX: 0.8847239016525594
centerY: 0.21100655831194753
width: 0.0354695687222894
height: 0.03307670373538637
Area: 0.00041628035458995066
CentroidX: 0.9047
CentroidY: 0.2267
