Location: Dedata_23.png_Mean-Closing.png
Component: component_1755510039929_121.png
centerX: 0.1625
centerY: 0.20604160729552579
width: 0.022983870967741935
height: 0.02821316614420063
Area: 0.00032290239844087553
CentroidX: 0.1724
CentroidY: 0.2209
