Location: Dedata_23.png_Gaussian-Median.png
Component: component_1755510040367_292.png
centerX: 0.33830645161290324
centerY: 0.48503847249928755
width: 0.025806451612903226
height: 0.030777999430037048
Area: 0.0003317506136294689
CentroidX: 0.3507
CentroidY: 0.5002
