Location: internet_29.png_Mean-Closing.png
Component: component_1755079128803_229.png
centerX: 0.058847239016525596
centerY: 0.45993726832050186
width: 0.03506650544135429
height: 0.03364699173082407
Area: 0.0003688138205077724
CentroidX: 0.0761
CentroidY: 0.4780
