Location: internet_29.png_Mean-Closing.png
Component: component_1755079128771_109.png
centerX: 0.8472390165255945
centerY: 0.21300256629597947
width: 0.03305118903667876
height: 0.03279155973766752
Area: 0.00038467430889358497
CentroidX: 0.8656
CentroidY: 0.2284
