Location: internet_29.png_Mean-Closing.png
Component: component_1755079128817_295.png
centerX: 0.051592099959693674
centerY: 0.6087824351297405
width: 0.0354695687222894
height: 0.029369831765041345
Area: 0.0003781232376037928
CentroidX: 0.0707
CentroidY: 0.6222
