Location: Dedata_23.png_Gaussian-Closing.png
Component: component_1755510041141_262.png
centerX: 0.8955645161290322
centerY: 0.45454545454545453
width: 0.02258064516129032
height: 0.029353092049016812
Area: 0.0002786613224979086
CentroidX: 0.9087
CentroidY: 0.4693
