Location: internet_29.png_Mean-Medain.png
Component: component_1755079128460_237.png
centerX: 0.6711003627569528
centerY: 0.4525235243798118
width: 0.03909713825070536
height: 0.029940119760479042
Area: 0.0003276684955648673
CentroidX: 0.6924
CentroidY: 0.4662
