Location: Dedata_23.png_Otsu.png
Component: component_1755510040880_483.png
centerX: 0.5721774193548387
centerY: 0.518096323738957
width: 0.02258064516129032
height: 0.03163294385864919
Area: 0.00027153678559280745
CentroidX: 0.5835
CentroidY: 0.5327
