Location: Dedata_23.png_Otsu.png
Component: component_1755510040928_630.png
centerX: 0.16330645161290322
centerY: 0.6873753206041607
width: 0.025403225806451612
height: 0.028498147620404674
Area: 0.0002716516974783736
CentroidX: 0.1757
CentroidY: 0.7009
