Location: Dedata_23.png_Otsu.png
Component: component_1755510040909_525.png
centerX: 0.7298387096774194
centerY: 0.5602735822171558
width: 0.02379032258064516
height: 0.02792818466799658
Area: 0.0002193667895457763
CentroidX: 0.7410
CentroidY: 0.5745
