Location: internet_29.png_Gaussian-Median.png
Component: component_1755079128930_224.png
centerX: 0.2708585247883918
centerY: 0.43741089250071286
width: 0.03345425231761386
height: 0.031936127744510975
Area: 0.00034410363932697743
CentroidX: 0.2876
CentroidY: 0.4536
