Location: Dedata_23.png_Gaussian-Closing.png
Component: component_1755510041152_311.png
centerX: 0.33911290322580645
centerY: 0.530920490168139
width: 0.02379032258064516
height: 0.033912795668281565
Area: 0.0003470338944097666
CentroidX: 0.3507
CentroidY: 0.5469
