Location: Dedata_23.png_Mean-Closing.png
Component: component_1755510039993_362.png
centerX: 0.2854838709677419
centerY: 0.6318039327443716
width: 0.02338709677419355
height: 0.030208036477628954
Area: 0.0003196848656450234
CentroidX: 0.2980
CentroidY: 0.6458
