Location: internet_29.png_Mean-Medain.png
Component: component_1755079128459_230.png
centerX: 0.7984683595324465
centerY: 0.44083262047333904
width: 0.03506650544135429
height: 0.03051040775591674
Area: 0.0003310014967473931
CentroidX: 0.8179
CentroidY: 0.4554
