Location: internet_29.png_Gaussian-Closing.png
Component: component_1755079129297_327.png
centerX: 0.29383313180169285
centerY: 0.6871970345024238
width: 0.039500201531640466
height: 0.029654975762760195
Area: 0.00036111343846538513
CentroidX: 0.3157
CentroidY: 0.6996
