Location: Dedata_23.png_Otsu.png
Component: component_1755510040834_393.png
centerX: 0.29354838709677417
centerY: 0.4414363066400684
width: 0.025
height: 0.028498147620404674
Area: 0.00023924654574871988
CentroidX: 0.3051
CentroidY: 0.4561
