Location: Dedata_23.png_Otsu.png
Component: component_1755510040880_480.png
centerX: 0.6068548387096774
centerY: 0.5158164719293246
width: 0.022983870967741935
height: 0.03163294385864919
Area: 0.00023223692072918487
CentroidX: 0.6195
CentroidY: 0.5310
