Location: internet_29.png_Mean-Closing.png
Component: component_1755079128671_6.png
centerX: 0.012091898428053204
centerY: 0.003992015968063872
width: 0.032648125755743655
height: 0.039635015682919876
Area: 0.0005163853211409852
CentroidX: 0.0279
CentroidY: 0.0244
