Location: internet_29.png_Gaussian-Closing.png
Component: component_1755079129211_172.png
centerX: 0.8561064087061668
centerY: 0.3384659252922726
width: 0.03788794840790004
height: 0.03364699173082407
Area: 0.0003531831942724788
CentroidX: 0.8773
CentroidY: 0.3543
