Location: Dedata_23.png_Mean-Closing.png
Component: component_1755510039916_61.png
centerX: 0.44717741935483873
centerY: 0.10031347962382445
width: 0.020161290322580645
height: 0.028783129096608722
Area: 0.0003070445582327471
CentroidX: 0.4569
CentroidY: 0.1150
