Location: Dedata_23.png_Gaussian-Median.png
Component: component_1755510040244_20.png
centerX: 0.9532258064516129
centerY: 0.00968937019093759
width: 0.018548387096774192
height: 0.03134796238244514
Area: 0.0002983112549297199
CentroidX: 0.9622
CentroidY: 0.0255
