Location: internet_29.png_Gaussian-Median.png
Component: component_1755079128947_313.png
centerX: 0.535671100362757
centerY: 0.607927003136584
width: 0.037081821846029824
height: 0.030795551753635585
Area: 0.00035548181577766904
CentroidX: 0.5562
CentroidY: 0.6226
