Location: Dedata_23.png_Mean-Closing.png
Component: component_1755510039930_124.png
centerX: 0.0842741935483871
centerY: 0.20946138500997435
width: 0.02379032258064516
height: 0.03134796238244514
Area: 0.000331061142316072
CentroidX: 0.0967
CentroidY: 0.2250
