Location: internet_29.png_Gaussian-Median.png
Component: component_1755079128877_4.png
centerX: 0.20354695687222893
centerY: 0.0037068719703450244
width: 0.04070939137444579
height: 0.036213287710293696
Area: 0.0005400611226444445
CentroidX: 0.2242
CentroidY: 0.0211
