Location: Dedata_23.png_Mean-Closing.png
Component: component_1755510040007_420.png
centerX: 0.19475806451612904
centerY: 0.7312624679395839
width: 0.01975806451612903
height: 0.028498147620404674
Area: 0.0002603903326928911
CentroidX: 0.2037
CentroidY: 0.7452
