Location: Dedata_23.png_Mean-Closing.png
Component: component_1755510039981_320.png
centerX: 0.842741935483871
centerY: 0.555143915645483
width: 0.02379032258064516
height: 0.027358221715588486
Area: 0.00027015784296601365
CentroidX: 0.8569
CentroidY: 0.5683
