Location: internet_29.png_Gaussian-Closing.png
Component: component_1755079129032_69.png
centerX: 0.7561467150342603
centerY: 0.1311662389506701
width: 0.03829101168883515
height: 0.03307670373538637
Area: 0.0004438638126522334
CentroidX: 0.7772
CentroidY: 0.1469
