Location: Dedata_23.png_Mean-Closing.png
Component: component_1755510039947_190.png
centerX: 0.48629032258064514
centerY: 0.34169278996865204
width: 0.02661290322580645
height: 0.029923055001424906
Area: 0.00033209534928616734
CentroidX: 0.4988
CentroidY: 0.3576
