Location: Dedata_23.png_Gaussian-Closing.png
Component: component_1755510041176_402.png
centerX: 0.014919354838709677
centerY: 0.6916500427472214
width: 0.025403225806451612
height: 0.02821316614420063
Area: 0.00033014184723154284
CentroidX: 0.0278
CentroidY: 0.7051
