Location: Dedata_23.png_Gaussian-Closing.png
Component: component_1755510041135_249.png
centerX: 0.5205645161290322
centerY: 0.42832715873468225
width: 0.02338709677419355
height: 0.028498147620404674
Area: 0.0002709622261649767
CentroidX: 0.5323
CentroidY: 0.4425
