Location: internet_29.png_Gaussian-Closing.png
Component: component_1755079129227_208.png
centerX: 0.5755743651753326
centerY: 0.40975192472198463
width: 0.03667875856509472
height: 0.033932135728542916
Area: 0.00035042484846625055
CentroidX: 0.5957
CentroidY: 0.4253
