Location: Dedata_23.png_Gaussian-Median.png
Component: component_1755510040348_248.png
centerX: 0.7431451612903226
centerY: 0.42205756625819324
width: 0.02338709677419355
height: 0.027643203191792535
Area: 0.0002709622261649767
CentroidX: 0.7542
CentroidY: 0.4357
