Location: Dedata_23.png_Gaussian-Median.png
Component: component_1755510040411_411.png
centerX: 0.25967741935483873
centerY: 0.6754060986035908
width: 0.02258064516129032
height: 0.030777999430037048
Area: 0.0002757885253587549
CentroidX: 0.2704
CentroidY: 0.6905
