Location: Dedata_23.png_Mean-Closing.png
Component: component_1755510039998_385.png
centerX: 0.4661290322580645
centerY: 0.6711313764605301
width: 0.02258064516129032
height: 0.028783129096608722
Area: 0.00030394193732246114
CentroidX: 0.4771
CentroidY: 0.6854
