Location: internet_29.png_Gaussian-Median.png
Component: component_1755079128894_62.png
centerX: 0.09875050382910117
centerY: 0.1086398631308811
width: 0.03990326481257558
height: 0.03649843170801255
Area: 0.0004867331037240312
CentroidX: 0.1181
CentroidY: 0.1277
