Location: Dedata_23.png_Gaussian-Median.png
Component: component_1755510040254_34.png
centerX: 0.75
centerY: 0.05329153605015674
width: 0.02217741935483871
height: 0.02707324023938444
Area: 0.000320144513187288
CentroidX: 0.7612
CentroidY: 0.0671
