Location: internet_29.png_Mean-Medain.png
Component: component_1755079128412_34.png
centerX: 0.6569931479242241
centerY: 0.04875962360992301
width: 0.03829101168883515
height: 0.03507271171941831
Area: 0.0004831702403909863
CentroidX: 0.6784
CentroidY: 0.0656
