Location: Dedata_23.png_Mean-Closing.png
Component: component_1755510039990_355.png
centerX: 0.5798387096774194
centerY: 0.6181248218865774
width: 0.025
height: 0.02707324023938444
Area: 0.00024326846174353505
CentroidX: 0.5945
CentroidY: 0.6311
