Location: Dedata_23.png_Mean-Closing.png
Component: component_1755510039909_29.png
centerX: 0.834274193548387
centerY: 0.050156739811912224
width: 0.018951612903225806
height: 0.02536335138216016
Area: 0.0002631482179464786
CentroidX: 0.8448
CentroidY: 0.0629
