Location: internet_29.png_Gaussian-Median.png
Component: component_1755079128912_147.png
centerX: 0.362353889560661
centerY: 0.2894211576846307
width: 0.036275695284159616
height: 0.033361847733105215
Area: 0.0004478864002863163
CentroidX: 0.3793
CentroidY: 0.3065
