Location: internet_29.png_Gaussian-Median.png
Component: component_1755079128944_295.png
centerX: 0.4655380894800484
centerY: 0.5765611633875107
width: 0.03990326481257558
height: 0.027944111776447105
Area: 0.00038869689652766787
CentroidX: 0.4884
CentroidY: 0.5880
