Location: Dedata_23.png_Otsu.png
Component: component_1755510040935_647.png
centerX: 0.5100806451612904
centerY: 0.7218580792248503
width: 0.02379032258064516
height: 0.02707324023938444
Area: 0.00027061749050827827
CentroidX: 0.5237
CentroidY: 0.7352
