Location: Dedata_23.png_Gaussian-Closing.png
Component: component_1755510041101_163.png
centerX: 0.7290322580645161
centerY: 0.2909660872043317
width: 0.020161290322580645
height: 0.028783129096608722
Area: 0.00026923854788148447
CentroidX: 0.7393
CentroidY: 0.3044
