Location: Dedata_23.png_Mean-Closing.png
Component: component_1755510039919_79.png
centerX: 0.7290322580645161
centerY: 0.13850099743516672
width: 0.02217741935483871
height: 0.027643203191792535
Area: 0.00031187085742652535
CentroidX: 0.7405
CentroidY: 0.1521
