Location: internet_29.png_Gaussian-Closing.png
Component: component_1755079129212_176.png
centerX: 0.22773075372833534
centerY: 0.34587966923296265
width: 0.03385731559854897
height: 0.034787567721699456
Area: 0.00040467231598873997
CentroidX: 0.2451
CentroidY: 0.3623
