Location: internet_29.png_Mean-Closing.png
Component: component_1755079128822_318.png
centerX: 0.6239419588875453
centerY: 0.6609637867122897
width: 0.04312777106005643
height: 0.026803535785571715
Area: 0.00039547782996797904
CentroidX: 0.6486
CentroidY: 0.6717
