Location: Dedata_23.png_Gaussian-Median.png
Component: component_1755510040274_91.png
centerX: 0.4366935483870968
centerY: 0.14705044172128812
width: 0.02379032258064516
height: 0.028498147620404674
Area: 0.0003096875316007685
CentroidX: 0.4487
CentroidY: 0.1615
