Location: Dedata_23.png_Mean-Closing.png
Component: component_1755510040007_421.png
centerX: 0.16330645161290322
centerY: 0.7346822456540325
width: 0.018951612903225806
height: 0.027643203191792535
Area: 0.00024878423225071014
CentroidX: 0.1728
CentroidY: 0.7479
