Location: internet_29.png_Mean-Medain.png
Component: component_1755079128433_126.png
centerX: 0.875453446191052
centerY: 0.24978614200171087
width: 0.03466344216041919
height: 0.03507271171941831
Area: 0.00039743165824739074
CentroidX: 0.8943
CentroidY: 0.2662
