Location: Dedata_23.png_Otsu.png
Component: component_1755510040915_567.png
centerX: 0.8592741935483871
centerY: 0.6024508406953548
width: 0.017338709677419354
height: 0.029068110572812767
Area: 0.00022695097399314207
CentroidX: 0.8690
CentroidY: 0.6168
