Location: Dedata_23.png_Gaussian-Closing.png
Component: component_1755510041079_119.png
centerX: 0.35201612903225804
centerY: 0.1969222000569963
width: 0.022983870967741935
height: 0.030493017953833
Area: 0.00033129096608720436
CentroidX: 0.3636
CentroidY: 0.2127
