Location: internet_29.png_Gaussian-Median.png
Component: component_1755079128941_284.png
centerX: 0.7758968158000806
centerY: 0.546050755631594
width: 0.037484885126964934
height: 0.033932135728542916
Area: 0.0003655957504005061
CentroidX: 0.7973
CentroidY: 0.5605
