Location: Dedata_23.png_Gaussian-Closing.png
Component: component_1755510041137_253.png
centerX: 0.36129032258064514
centerY: 0.43944143630664007
width: 0.025806451612903226
height: 0.027358221715588486
Area: 0.0002873946258009358
CentroidX: 0.3750
CentroidY: 0.4526
