Location: internet_29.png_Mean-Closing.png
Component: component_1755079128710_31.png
centerX: 0.6146715034260379
centerY: 0.04733390362132877
width: 0.037081821846029824
height: 0.03706871970345024
Area: 0.00048351503361676487
CentroidX: 0.6341
CentroidY: 0.0658
