Location: Dedata_23.png_Otsu.png
Component: component_1755510040497_120.png
centerX: 0.3907258064516129
centerY: 0.19806212596181247
width: 0.02056451612903226
height: 0.029068110572812767
Area: 0.0002652166318866693
CentroidX: 0.4008
CentroidY: 0.2130
