Location: Dedata_23.png_Otsu.png
Component: component_1755510040935_648.png
centerX: 0.5532258064516129
centerY: 0.7218580792248503
width: 0.02338709677419355
height: 0.02792818466799658
Area: 0.0002942893389349047
CentroidX: 0.5649
CentroidY: 0.7352
