Location: Dedata_23.png_Mean-Closing.png
Component: component_1755510039993_363.png
centerX: 0.31733870967741934
centerY: 0.6315189512681676
width: 0.028225806451612902
height: 0.029068110572812767
Area: 0.0003335892037985273
CentroidX: 0.3328
CentroidY: 0.6449
