Location: internet_29.png_Gaussian-Median.png
Component: component_1755079128930_220.png
centerX: 0.3147924224103184
centerY: 0.43142286854861706
width: 0.03667875856509472
height: 0.03450242372398061
Area: 0.00043133632544894665
CentroidX: 0.3332
CentroidY: 0.4485
