Location: Dedata_23.png_Gaussian-Median.png
Component: component_1755510040349_252.png
centerX: 0.5951612903225807
centerY: 0.4260473069250499
width: 0.025806451612903226
height: 0.025648332858364205
Area: 0.0002757885253587549
CentroidX: 0.6084
CentroidY: 0.4386
