Location: internet_29.png_Mean-Medain.png
Component: component_1755079128479_327.png
centerX: 0.8033051189036678
centerY: 0.6418591388651269
width: 0.04191858121725111
height: 0.03022526375819789
Area: 0.00040846504147230384
CentroidX: 0.8271
CentroidY: 0.6552
