Location: Dedata_23.png_Otsu.png
Component: component_1755510040917_572.png
centerX: 0.6798387096774193
centerY: 0.609290396124252
width: 0.020967741935483872
height: 0.03220290681105728
Area: 0.00025085264619090084
CentroidX: 0.6910
CentroidY: 0.6255
