Location: Dedata_23.png_Mean-Closing.png
Component: component_1755510039923_96.png
centerX: 0.1254032258064516
centerY: 0.15616984895981761
width: 0.02338709677419355
height: 0.030208036477628954
Area: 0.00034933213212108956
CentroidX: 0.1368
CentroidY: 0.1711
