Location: Dedata_23.png_Mean-Closing.png
Component: component_1755510039902_7.png
centerX: 0.6891129032258064
centerY: 0.008264462809917356
width: 0.020161290322580645
height: 0.03505272157309775
Area: 0.00035289440057364015
CentroidX: 0.6989
CentroidY: 0.0255
