Location: internet_29.png_Mean-Closing.png
Component: component_1755079128732_47.png
centerX: 0.7996775493752519
centerY: 0.08982035928143713
width: 0.03667875856509472
height: 0.030795551753635585
Area: 0.0004235210123312999
CentroidX: 0.8191
CentroidY: 0.1048
