Location: internet_29.png_Gaussian-Median.png
Component: component_1755079128915_161.png
centerX: 0.592503022974607
centerY: 0.3090960935272313
width: 0.03667875856509472
height: 0.035642999714856
Area: 0.0003655957504005061
CentroidX: 0.6132
CentroidY: 0.3257
