Location: internet_29.png_Mean-Closing.png
Component: component_1755079128821_311.png
centerX: 0.75453446191052
centerY: 0.6469917308240661
width: 0.04433696090286175
height: 0.02737382378100941
Area: 0.0004139817330847604
CentroidX: 0.7802
CentroidY: 0.6581
