Location: Dedata_23.png_Mean-Closing.png
Component: component_1755510039915_57.png
centerX: 0.6899193548387097
centerY: 0.09518381305215161
width: 0.020161290322580645
height: 0.03134796238244514
Area: 0.00029543845779056617
CentroidX: 0.6993
CentroidY: 0.1103
