Location: internet_29.png_Gaussian-Median.png
Component: component_1755079128899_84.png
centerX: 0.14349052801289802
centerY: 0.15939549472483605
width: 0.03788794840790004
height: 0.03649843170801255
Area: 0.0004790327216816439
CentroidX: 0.1619
CentroidY: 0.1777
