Location: internet_29.png_Mean-Medain.png
Component: component_1755079128465_262.png
centerX: 0.18016928657799275
centerY: 0.49615055603079555
width: 0.04393389762192664
height: 0.03022526375819789
Area: 0.00036513602609946803
CentroidX: 0.2048
CentroidY: 0.5092
