Location: internet_29.png_Gaussian-Closing.png
Component: component_1755079129269_259.png
centerX: 0.37162434502216846
centerY: 0.52723125178215
width: 0.03869407496977025
height: 0.033361847733105215
Area: 0.00038341006706573035
CentroidX: 0.3928
CentroidY: 0.5424
