Location: internet_29.png_Mean-Medain.png
Component: component_1755079128416_48.png
centerX: 0.7992744860943168
centerY: 0.08982035928143713
width: 0.037081821846029824
height: 0.031080695751354435
Area: 0.0004247852541591545
CentroidX: 0.8190
CentroidY: 0.1048
