Location: Dedata_23.png_Otsu.png
Component: component_1755510040550_250.png
centerX: 0.7487903225806452
centerY: 0.3331433456825306
width: 0.02620967741935484
height: 0.028783129096608722
Area: 0.00022327379365502531
CentroidX: 0.7613
CentroidY: 0.3490
