Location: Dedata_23.png_Mean-Closing.png
Component: component_1755510039982_327.png
centerX: 0.5931451612903226
centerY: 0.5679680820746651
width: 0.02620967741935484
height: 0.02963807352522086
Area: 0.0003360023533954164
CentroidX: 0.6065
CentroidY: 0.5827
