Location: internet_29.png_Gaussian-Median.png
Component: component_1755079128931_227.png
centerX: 0.7984683595324465
centerY: 0.44083262047333904
width: 0.03506650544135429
height: 0.03051040775591674
Area: 0.00032456535653286044
CentroidX: 0.8179
CentroidY: 0.4555
