Location: Dedata_23.png_Otsu.png
Component: component_1755510040717_268.png
centerX: 0.41008064516129034
centerY: 0.3468224565403249
width: 0.02258064516129032
height: 0.028783129096608722
Area: 0.0002193667895457763
CentroidX: 0.4207
CentroidY: 0.3619
