Location: Dedata_23.png_Gaussian-Closing.png
Component: component_1755510041143_271.png
centerX: 0.717741935483871
centerY: 0.46423482473639216
width: 0.022983870967741935
height: 0.028783129096608722
Area: 0.0002921060131091479
CentroidX: 0.7291
CentroidY: 0.4783
