Location: Dedata_23.png_Mean-Closing.png
Component: component_1755510039964_260.png
centerX: 0.08346774193548387
centerY: 0.45682530635508695
width: 0.02258064516129032
height: 0.029068110572812767
Area: 0.00031290506439662067
CentroidX: 0.0933
CentroidY: 0.4709
