Location: internet_29.png_Gaussian-Closing.png
Component: component_1755079129033_73.png
centerX: 0.5292220878677952
centerY: 0.13572854291417166
width: 0.037081821846029824
height: 0.03649843170801255
Area: 0.00047041289103718053
CentroidX: 0.5480
CentroidY: 0.1539
