Location: internet_29.png_Gaussian-Closing.png
Component: component_1755079129215_189.png
centerX: 0.49818621523579204
centerY: 0.37011690903906475
width: 0.03426037887948408
height: 0.033932135728542916
Area: 0.0003959375542690171
CentroidX: 0.5160
CentroidY: 0.3864
