Location: internet_29.png_Mean-Closing.png
Component: component_1755079128801_221.png
centerX: 0.1837968561064087
centerY: 0.44425434844596523
width: 0.03345425231761386
height: 0.03279155973766752
Area: 0.00033042684137109555
CentroidX: 0.2015
CentroidY: 0.4611
