Location: internet_29.png_Mean-Medain.png
Component: component_1755079128464_259.png
centerX: 0.23538895606610238
centerY: 0.4898773880809809
width: 0.03869407496977025
height: 0.03222127174222983
Area: 0.0003346792911556975
CentroidX: 0.2563
CentroidY: 0.5051
