Location: Dedata_23.png_Gaussian-Median.png
Component: component_1755510040383_311.png
centerX: 0.7701612903225806
centerY: 0.5086919350242234
width: 0.02258064516129032
height: 0.029353092049016812
Area: 0.00028164903152262845
CentroidX: 0.7829
CentroidY: 0.5231
