Location: internet_29.png_Gaussian-Median.png
Component: component_1755079128894_61.png
centerX: 0.147118097541314
centerY: 0.10521813515825491
width: 0.03869407496977025
height: 0.036783575705731396
Area: 0.0005215572195276632
CentroidX: 0.1674
CentroidY: 0.1227
