Location: internet_29.png_Gaussian-Closing.png
Component: component_1755079129040_93.png
centerX: 0.7646110439338977
centerY: 0.17336755061305958
width: 0.036275695284159616
height: 0.033361847733105215
Area: 0.00040731573071970875
CentroidX: 0.7833
CentroidY: 0.1900
