Location: internet_29.png_Mean-Closing.png
Component: component_1755079128804_235.png
centerX: 0.3675937122128174
centerY: 0.47647562018819506
width: 0.039500201531640466
height: 0.03307670373538637
Area: 0.0003492755377136554
CentroidX: 0.3890
CentroidY: 0.4923
