Location: internet_29.png_Mean-Closing.png
Component: component_1755079128744_61.png
centerX: 0.09915356711003627
centerY: 0.10892500712859994
width: 0.039500201531640466
height: 0.036213287710293696
Area: 0.000495697727594273
CentroidX: 0.1181
CentroidY: 0.1277
