Location: internet_29.png_Gaussian-Median.png
Component: component_1755079128895_68.png
centerX: 0.8480451430874647
centerY: 0.13088109495295125
width: 0.03667875856509472
height: 0.03136583974907328
Area: 0.00041467131953631746
CentroidX: 0.8670
CentroidY: 0.1464
