Location: Dedata_23.png_Gaussian-Closing.png
Component: component_1755510041146_282.png
centerX: 0.33830645161290324
centerY: 0.48503847249928755
width: 0.025403225806451612
height: 0.030777999430037048
Area: 0.00033014184723154284
CentroidX: 0.3506
CentroidY: 0.5002
