Location: internet_29.png_Mean-Closing.png
Component: component_1755079128740_54.png
centerX: 0.44014510278113667
centerY: 0.09609352723125178
width: 0.032648125755743655
height: 0.03706871970345024
Area: 0.0004667350966288762
CentroidX: 0.4561
CentroidY: 0.1144
