Location: Dedata_23.png_Gaussian-Median.png
Component: component_1755510040415_433.png
centerX: 0.4669354838709677
centerY: 0.7221430607010544
width: 0.02903225806451613
height: 0.028783129096608722
Area: 0.00037553204203017126
CentroidX: 0.4825
CentroidY: 0.7362
