Location: internet_29.png_Mean-Medain.png
Component: component_1755079128421_66.png
centerX: 0.9367190648931882
centerY: 0.1277445109780439
width: 0.03143893591293833
height: 0.032506415739948676
Area: 0.00039271948416175076
CentroidX: 0.9529
CentroidY: 0.1439
