Location: Dedata_23.png_Gaussian-Closing.png
Component: component_1755510041164_356.png
centerX: 0.7516129032258064
centerY: 0.6087204331718439
width: 0.02338709677419355
height: 0.031062980906241093
Area: 0.0002757885253587549
CentroidX: 0.7621
CentroidY: 0.6240
