Location: internet_29.png_Mean-Closing.png
Component: component_1755079128818_298.png
centerX: 0.49455864570737607
centerY: 0.6136298830909609
width: 0.035872632003224506
height: 0.029369831765041345
Area: 0.0003975465893226503
CentroidX: 0.5141
CentroidY: 0.6271
