Location: Dedata_23.png_Mean-Closing.png
Component: component_1755510039922_92.png
centerX: 0.2762096774193548
centerY: 0.1518951268167569
width: 0.02217741935483871
height: 0.027358221715588486
Area: 0.000310032267257467
CentroidX: 0.2885
CentroidY: 0.1652
