Location: Dedata_23.png_Gaussian-Median.png
Component: component_1755510040384_314.png
centerX: 0.6064516129032258
centerY: 0.5155314904531205
width: 0.02379032258064516
height: 0.03220290681105728
Area: 0.00030428667297915956
CentroidX: 0.6196
CentroidY: 0.5313
