Location: internet_29.png_Gaussian-Median.png
Component: component_1755079128897_76.png
centerX: 0.4248286981056026
centerY: 0.13972055888223553
width: 0.03990326481257558
height: 0.035642999714856
Area: 0.00045167912576988016
CentroidX: 0.4465
CentroidY: 0.1569
