Location: Dedata_23.png_Otsu.png
Component: component_1755510040862_447.png
centerX: 0.24193548387096775
centerY: 0.49130806497577656
width: 0.02056451612903226
height: 0.025933314334568254
Area: 0.00020580718704897084
CentroidX: 0.2526
CentroidY: 0.5046
