Location: internet_29.png_Mean-Closing.png
Component: component_1755079128794_190.png
centerX: 0.3704151551793632
centerY: 0.37924151696606784
width: 0.030229746070133012
height: 0.033361847733105215
Area: 0.0003701929934108865
CentroidX: 0.3859
CentroidY: 0.3960
