Location: Dedata_23.png_Mean-Closing.png
Component: component_1755510039933_135.png
centerX: 0.5975806451612903
centerY: 0.24308919920205185
width: 0.02620967741935484
height: 0.02963807352522086
Area: 0.0003501365153200526
CentroidX: 0.6111
CentroidY: 0.2578
