Location: internet_29.png_Gaussian-Closing.png
Component: component_1755079129265_251.png
centerX: 0.09673518742442563
centerY: 0.5038494439692045
width: 0.04191858121725111
height: 0.031080695751354435
Area: 0.0003282431509411648
CentroidX: 0.1203
CentroidY: 0.5186
