Location: Dedata_23.png_Mean-Closing.png
Component: component_1755510039959_238.png
centerX: 0.742741935483871
centerY: 0.42205756625819324
width: 0.02379032258064516
height: 0.027358221715588486
Area: 0.0002801551770102685
CentroidX: 0.7542
CentroidY: 0.4354
