Location: Dedata_23.png_Gaussian-Closing.png
Component: component_1755510041027_6.png
centerX: 0.020967741935483872
centerY: 0.008264462809917356
width: 0.02338709677419355
height: 0.03305785123966942
Area: 0.00040862666507322185
CentroidX: 0.0336
CentroidY: 0.0252
