Location: internet_29.png_Mean-Medain.png
Component: component_1755079128482_337.png
centerX: 0.5796049979846836
centerY: 0.6629597946963216
width: 0.039500201531640466
height: 0.029940119760479042
Area: 0.00040145424588147364
CentroidX: 0.6014
CentroidY: 0.6754
