Location: Dedata_23.png_Gaussian-Median.png
Component: component_1755510040374_302.png
centerX: 0.9016129032258065
centerY: 0.5004274722143061
width: 0.025
height: 0.030208036477628954
Area: 0.0002890033921988619
CentroidX: 0.9151
CentroidY: 0.5153
