Location: internet_29.png_Mean-Medain.png
Component: component_1755079128474_301.png
centerX: 0.2789197904070939
centerY: 0.5902480752780154
width: 0.03869407496977025
height: 0.02765896777872826
Area: 0.00035973426556227097
CentroidX: 0.3008
CentroidY: 0.6025
