Location: Dedata_23.png_Otsu.png
Component: component_1755510040915_565.png
centerX: 0.9274193548387096
centerY: 0.5956112852664577
width: 0.02338709677419355
height: 0.030208036477628954
Area: 0.00026337804171761096
CentroidX: 0.9382
CentroidY: 0.6123
