Location: internet_29.png_Gaussian-Closing.png
Component: component_1755079129208_162.png
centerX: 0.5445384925433293
centerY: 0.3119475335044197
width: 0.04191858121725111
height: 0.036213287710293696
Area: 0.0004312213943736871
CentroidX: 0.5679
CentroidY: 0.3286
