Location: Dedata_23.png_Otsu.png
Component: component_1755510040808_310.png
centerX: 0.5213709677419355
centerY: 0.38187517811342264
width: 0.01975806451612903
height: 0.026788258763180393
Area: 0.0001675415291554436
CentroidX: 0.5313
CentroidY: 0.3954
