Location: internet_29.png_Mean-Closing.png
Component: component_1755079128797_205.png
centerX: 0.0475614671503426
centerY: 0.40975192472198463
width: 0.03788794840790004
height: 0.032506415739948676
Area: 0.00038674306824825616
CentroidX: 0.0685
CentroidY: 0.4250
