Location: internet_29.png_Gaussian-Median.png
Component: component_1755079128909_132.png
centerX: 0.7089883111648528
centerY: 0.25805531793555747
width: 0.03667875856509472
height: 0.03222127174222983
Area: 0.0004128324223321653
CentroidX: 0.7278
CentroidY: 0.2737
