Location: Dedata_23.png_Mean-Closing.png
Component: component_1755510039946_185.png
centerX: 0.6762096774193549
centerY: 0.33713308634938727
width: 0.027419354838709678
height: 0.02821316614420063
Area: 0.00032772869763465377
CentroidX: 0.6901
CentroidY: 0.3507
