Location: Dedata_23.png_Gaussian-Median.png
Component: component_1755510040384_313.png
centerX: 0.6439516129032258
centerY: 0.5138216015958963
width: 0.02056451612903226
height: 0.028783129096608722
Area: 0.00029279548442254477
CentroidX: 0.6549
CentroidY: 0.5274
