Location: Dedata_23.png_Otsu.png
Component: component_1755510040541_218.png
centerX: 0.08830645161290322
centerY: 0.31262467939583927
width: 0.018548387096774192
height: 0.02963807352522086
Area: 0.00020419842065104478
CentroidX: 0.0973
CentroidY: 0.3267
