Location: Dedata_23.png_Gaussian-Closing.png
Component: component_1755510041102_168.png
centerX: 0.494758064516129
centerY: 0.2983756055856369
width: 0.02056451612903226
height: 0.028498147620404674
Area: 0.00026820434091138915
CentroidX: 0.5051
CentroidY: 0.3126
