Location: internet_29.png_Mean-Closing.png
Component: component_1755079128733_49.png
centerX: 0.5783958081418783
centerY: 0.09181636726546906
width: 0.036275695284159616
height: 0.033932135728542916
Area: 0.0004771938244774917
CentroidX: 0.5980
CentroidY: 0.1080
