Location: Dedata_23.png_Gaussian-Closing.png
Component: component_1755510041098_156.png
centerX: 0.9125
centerY: 0.27842690225135364
width: 0.024193548387096774
height: 0.03163294385864919
Area: 0.00033083131854493974
CentroidX: 0.9245
CentroidY: 0.2940
