Location: Dedata_23.png_Gaussian-Median.png
Component: component_1755510040340_221.png
centerX: 0.6217741935483871
centerY: 0.3804502707324024
width: 0.02338709677419355
height: 0.02792818466799658
Area: 0.00023499480598277242
CentroidX: 0.6330
CentroidY: 0.3935
