Location: internet_29.png_Mean-Medain.png
Component: component_1755079128407_13.png
centerX: 0.7456670697299476
centerY: 0.0051325919589392645
width: 0.041515517936316
height: 0.03450242372398061
Area: 0.0005269589800648602
CentroidX: 0.7675
CentroidY: 0.0217
