Location: internet_29.png_Mean-Closing.png
Component: component_1755079128806_245.png
centerX: 0.18016928657799275
centerY: 0.49615055603079555
width: 0.04393389762192664
height: 0.03022526375819789
Area: 0.0003639867153468729
CentroidX: 0.2048
CentroidY: 0.5092
