Location: Dedata_23.png_Otsu.png
Component: component_1755510040480_50.png
centerX: 0.09717741935483871
centerY: 0.06241094328868624
width: 0.02217741935483871
height: 0.027358221715588486
Area: 0.0002765929085577179
CentroidX: 0.1078
CentroidY: 0.0765
