Location: internet_29.png_Mean-Closing.png
Component: component_1755079128818_299.png
centerX: 0.45223700120918986
centerY: 0.6170516110635871
width: 0.037484885126964934
height: 0.029654975762760195
Area: 0.0003885819654524084
CentroidX: 0.4726
CentroidY: 0.6310
