Location: internet_29.png_Mean-Closing.png
Component: component_1755079128796_199.png
centerX: 0.6989117291414753
centerY: 0.3963501568291987
width: 0.037484885126964934
height: 0.031936127744510975
Area: 0.0003372077748114067
CentroidX: 0.7194
CentroidY: 0.4122
