Location: Dedata_23.png_Mean-Closing.png
Component: component_1755510039931_128.png
centerX: 0.853225806451613
centerY: 0.23055001424907381
width: 0.02338709677419355
height: 0.031062980906241093
Area: 0.0003035972016657627
CentroidX: 0.8669
CentroidY: 0.2458
