Location: Dedata_23.png_Mean-Closing.png
Component: component_1755510039924_99.png
centerX: 0.04959677419354839
centerY: 0.15987460815047022
width: 0.024596774193548387
height: 0.029353092049016812
Area: 0.0003252006361521985
CentroidX: 0.0622
CentroidY: 0.1750
