Location: internet_29.png_Mean-Medain.png
Component: component_1755079128483_342.png
centerX: 0.3385731559854897
centerY: 0.6837753065297976
width: 0.041515517936316
height: 0.029654975762760195
Area: 0.0003847892399688445
CentroidX: 0.3625
CentroidY: 0.6965
