Location: Dedata_23.png_Mean-Closing.png
Component: component_1755510039905_19.png
centerX: 0.14475806451612902
centerY: 0.01054431461954973
width: 0.02217741935483871
height: 0.03277286976346538
Area: 0.00043953796229051565
CentroidX: 0.1557
CentroidY: 0.0268
