Location: Dedata_25.png_Gaussian-Median.png
Component: component_1755507393000_4.png
centerX: 0.014919354838709677
centerY: 0.01396409233399829
width: 0.045564516129032256
height: 0.03761755485893417
Area: 0.0005858207926162219
CentroidX: 0.0383
CentroidY: 0.0284
