Location: Dedata_25.png_Gaussian-Median.png
Component: component_1755507393099_307.png
centerX: 0.4584677419354839
centerY: 0.7400968937019093
width: 0.03064516129032258
height: 0.029068110572812767
Area: 0.0002992305500142491
CentroidX: 0.4760
CentroidY: 0.7534
