Location: Dedata_25.png_Mean-Medain.png
Component: component_1755507392816_287.png
centerX: 0.4229838709677419
centerY: 0.6964947278426902
width: 0.034274193548387094
height: 0.03305785123966942
Area: 0.0003915047941238658
CentroidX: 0.4414
CentroidY: 0.7094
