Location: Dedata_25.png_Mean-Medain.png
Component: component_1755507392790_198.png
centerX: 0.35
centerY: 0.4536905101168424
width: 0.041935483870967745
height: 0.026788258763180393
Area: 0.0004147169950082277
CentroidX: 0.3746
CentroidY: 0.4655
