Location: Dedata_25.png_Gaussian-Median.png
Component: component_1755507393040_148.png
centerX: 0.2439516129032258
centerY: 0.31718438301510404
width: 0.031048387096774193
height: 0.025648332858364205
Area: 0.000284406916776216
CentroidX: 0.2615
CentroidY: 0.3285
