Location: Dedata_25.png_Gaussian-Closing.png
Component: component_1755507392943_299.png
centerX: 0.6104838709677419
centerY: 0.737817041892277
width: 0.03588709677419355
height: 0.02536335138216016
Area: 0.00029532354590500003
CentroidX: 0.6304
CentroidY: 0.7495
