Location: Dedata_25.png_Gaussian-Closing.png
Component: component_1755507392909_159.png
centerX: 0.3963709677419355
centerY: 0.3525220860644058
width: 0.038306451612903226
height: 0.027643203191792535
Area: 0.0003582952591952491
CentroidX: 0.4189
CentroidY: 0.3645
