Location: Dedata_25.png_Mean-Medain.png
Component: component_1755507392744_106.png
centerX: 0.3310483870967742
centerY: 0.22941008834425763
width: 0.031451612903225803
height: 0.025933314334568254
Area: 0.00031164103365539307
CentroidX: 0.3495
CentroidY: 0.2407
