Location: Dedata_25.png_Otsu.png
Component: component_1755507392489_286.png
centerX: 0.0717741935483871
centerY: 0.5636933599316044
width: 0.03387096774193549
height: 0.02707324023938444
Area: 0.00026625083885676464
CentroidX: 0.0921
CentroidY: 0.5751
