Location: Dedata_25.png_Mean-Medain.png
Component: component_1755507392734_83.png
centerX: 0.6008064516129032
centerY: 0.18580792248503847
width: 0.034274193548387094
height: 0.025648332858364205
Area: 0.00031876557056049424
CentroidX: 0.6212
CentroidY: 0.1969
