Location: Dedata_25.png_Gaussian-Median.png
Component: component_1755507393046_166.png
centerX: 0.2899193548387097
centerY: 0.3573667711598746
width: 0.035483870967741936
height: 0.026503277286976348
Area: 0.00032887781649031523
CentroidX: 0.3101
CentroidY: 0.3686
