Location: Dedata_25.png_Otsu.png
Component: component_1755507392470_186.png
centerX: 0.6274193548387097
centerY: 0.3445426047306925
width: 0.038306451612903226
height: 0.02821316614420063
Area: 0.0003024480828101012
CentroidX: 0.6493
CentroidY: 0.3570
