Location: Dedata_25.png_Mean-Medain.png
Component: component_1755507392802_231.png
centerX: 0.6068548387096774
centerY: 0.5457395269307495
width: 0.03588709677419355
height: 0.02821316614420063
Area: 0.0003578356116529845
CentroidX: 0.6272
CentroidY: 0.5572
