Location: Dedata_25.png_Gaussian-Closing.png
Component: component_1755507392888_67.png
centerX: 0.22782258064516128
centerY: 0.1536050156739812
width: 0.034274193548387094
height: 0.027358221715588486
Area: 0.0003254304599233308
CentroidX: 0.2474
CentroidY: 0.1652
