Location: Dedata_25.png_Otsu.png
Component: component_1755507392448_58.png
centerX: 0.8266129032258065
centerY: 0.1439156454830436
width: 0.02943548387096774
height: 0.024508406953548018
Area: 0.00023993601706211678
CentroidX: 0.8435
CentroidY: 0.1543
