Location: Dedata_25.png_Gaussian-Closing.png
Component: component_1755507392917_197.png
centerX: 0.2899193548387097
centerY: 0.457110287831291
width: 0.0407258064516129
height: 0.029923055001424906
Area: 0.0003838056977909339
CentroidX: 0.3137
CentroidY: 0.4700
