Location: Dedata_25.png_Gaussian-Median.png
Component: component_1755507393067_196.png
centerX: 0.5762096774193548
centerY: 0.44770589911655745
width: 0.03669354838709677
height: 0.02707324023938444
Area: 0.00034335671407164986
CentroidX: 0.5973
CentroidY: 0.4597
