Location: Dedata_25.png_Otsu.png
Component: component_1755507392454_87.png
centerX: 0.11774193548387096
centerY: 0.195212311199772
width: 0.035483870967741936
height: 0.02707324023938444
Area: 0.0002544149146434514
CentroidX: 0.1387
CentroidY: 0.2069
