Location: Dedata_25.png_Otsu.png
Component: component_1755507392506_348.png
centerX: 0.6661290322580645
centerY: 0.7363921345112567
width: 0.04112903225806452
height: 0.028783129096608722
Area: 0.0002709622261649767
CentroidX: 0.6875
CentroidY: 0.7501
