Location: Dedata_25.png_Otsu.png
Component: component_1755507392481_243.png
centerX: 0.9584677419354839
centerY: 0.48304360216585923
width: 0.024193548387096774
height: 0.02821316614420063
Area: 0.00026958328353818295
CentroidX: 0.9729
CentroidY: 0.4951
