Location: Dedata_25.png_Mean-Medain.png
Component: component_1755507392822_302.png
centerX: 0.6100806451612903
centerY: 0.737817041892277
width: 0.03669354838709677
height: 0.02536335138216016
Area: 0.0003211787201573833
CentroidX: 0.6304
CentroidY: 0.7496
