Location: Dedata_25.png_Gaussian-Median.png
Component: component_1755507393035_130.png
centerX: 0.28266129032258064
centerY: 0.274437161584497
width: 0.03185483870967742
height: 0.03163294385864919
Area: 0.00032956728780371213
CentroidX: 0.3008
CentroidY: 0.2872
