Location: Dedata_25.png_Gaussian-Closing.png
Component: component_1755507392882_42.png
centerX: 0.7217741935483871
centerY: 0.10515816471929325
width: 0.03951612903225806
height: 0.02821316614420063
Area: 0.00036139788010553506
CentroidX: 0.7464
CentroidY: 0.1170
