Location: Dedata_25.png_Gaussian-Closing.png
Component: component_1755507392934_266.png
centerX: 0.4790322580645161
centerY: 0.6426332288401254
width: 0.04314516129032258
height: 0.03334283271587347
Area: 0.0003787495748260234
CentroidX: 0.5030
CentroidY: 0.6583
