Location: Dedata_25.png_Otsu.png
Component: component_1755507392484_259.png
centerX: 0.13346774193548386
centerY: 0.5129666571672842
width: 0.036290322580645164
height: 0.03305785123966942
Area: 0.000320948896386251
CentroidX: 0.1551
CentroidY: 0.5279
