Location: Dedata_25.png_Otsu.png
Component: component_1755507392478_230.png
centerX: 0.6278225806451613
centerY: 0.4468509546879453
width: 0.03951612903225806
height: 0.028498147620404674
Area: 0.0003206041607295526
CentroidX: 0.6488
CentroidY: 0.4586
