Location: Dedata_25.png_Mean-Medain.png
Component: component_1755507392762_142.png
centerX: 0.5157258064516129
centerY: 0.30493017953833
width: 0.03669354838709677
height: 0.025078369905956112
Area: 0.00030761911766057787
CentroidX: 0.5354
CentroidY: 0.3162
