Location: Dedata_25.png_Gaussian-Median.png
Component: component_1755507393036_132.png
centerX: 0.9258064516129032
centerY: 0.28070675406098605
width: 0.03508064516129032
height: 0.031917925334853235
Area: 0.0003337041156840934
CentroidX: 0.9451
CentroidY: 0.2946
