Location: Dedata_25.png_Mean-Medain.png
Component: component_1755507392701_45.png
centerX: 0.28951612903225804
centerY: 0.10743801652892562
width: 0.037096774193548385
height: 0.030777999430037048
Area: 0.00038012851745281717
CentroidX: 0.3110
CentroidY: 0.1209
