Location: Dedata_25.png_Mean-Medain.png
Component: component_1755507392785_194.png
centerX: 0.6274193548387097
centerY: 0.4462809917355372
width: 0.04032258064516129
height: 0.029353092049016812
Area: 0.0003900109396115059
CentroidX: 0.6490
CentroidY: 0.4586
