Location: Dedata_25.png_Gaussian-Closing.png
Component: component_1755507392902_128.png
centerX: 0.9258064516129032
centerY: 0.28070675406098605
width: 0.03508064516129032
height: 0.03163294385864919
Area: 0.00033393393945522576
CentroidX: 0.9451
CentroidY: 0.2946
