Location: Dedata_25.png_Mean-Medain.png
Component: component_1755507392648_14.png
centerX: 0.8596774193548387
centerY: 0.01937874038187518
width: 0.031451612903225803
height: 0.031917925334853235
Area: 0.00042666783110710706
CentroidX: 0.8766
CentroidY: 0.0333
