Location: Dedata_25.png_Gaussian-Closing.png
Component: component_1755507392923_220.png
centerX: 0.01975806451612903
centerY: 0.5175263607865489
width: 0.04153225806451613
height: 0.031917925334853235
Area: 0.0003887469088702783
CentroidX: 0.0430
CentroidY: 0.5302
