Location: Dedata_25.png_Gaussian-Median.png
Component: component_1755507393044_161.png
centerX: 0.4645161290322581
centerY: 0.34796238244514105
width: 0.038306451612903226
height: 0.029353092049016812
Area: 0.00036013384936430746
CentroidX: 0.4865
CentroidY: 0.3608
