Location: Dedata_25.png_Gaussian-Median.png
Component: component_1755507393096_296.png
centerX: 0.14637096774193548
centerY: 0.7021943573667712
width: 0.034274193548387094
height: 0.030777999430037048
Area: 0.0003489873964643911
CentroidX: 0.1650
CentroidY: 0.7147
