Location: Dedata_25.png_Otsu.png
Component: component_1755507392437_10.png
centerX: 0.34516129032258064
centerY: 0.018523795953263037
width: 0.036290322580645164
height: 0.03163294385864919
Area: 0.0004080521056453911
CentroidX: 0.3651
CentroidY: 0.0316
