Location: Dedata_25.png_Mean-Medain.png
Component: component_1755507392808_250.png
centerX: 0.5116935483870968
centerY: 0.5927614705044172
width: 0.0407258064516129
height: 0.031917925334853235
Area: 0.0004120740216402063
CentroidX: 0.5350
CentroidY: 0.6074
