Location: Dedata_25.png_Mean-Medain.png
Component: component_1755507392674_32.png
centerX: 0.4584677419354839
centerY: 0.06554573952693075
width: 0.03588709677419355
height: 0.028498147620404674
Area: 0.00043574587006683273
CentroidX: 0.4781
CentroidY: 0.0786
