Location: Dedata_25.png_Gaussian-Closing.png
Component: component_1755507392878_23.png
centerX: 0.6697580645161291
centerY: 0.06355086919350242
width: 0.03306451612903226
height: 0.029923055001424906
Area: 0.00038196710762187553
CentroidX: 0.6895
CentroidY: 0.0768
