Location: Dedata_25.png_Gaussian-Median.png
Component: component_1755507393016_57.png
centerX: 0.06169354838709677
centerY: 0.1134226275292106
width: 0.03588709677419355
height: 0.028498147620404674
Area: 0.0003723145092343191
CentroidX: 0.0828
CentroidY: 0.1261
