Location: Dedata_25.png_Otsu.png
Component: component_1755507392458_109.png
centerX: 0.2762096774193548
centerY: 0.23339982901111428
width: 0.035483870967741936
height: 0.02707324023938444
Area: 0.00023465007032607397
CentroidX: 0.2975
CentroidY: 0.2439
