Location: Dedata_25.png_Mean-Medain.png
Component: component_1755507392781_187.png
centerX: 0.02056451612903226
centerY: 0.41664291821031635
width: 0.03951612903225806
height: 0.029353092049016812
Area: 0.0004175897921473814
CentroidX: 0.0425
CentroidY: 0.4288
