Location: Dedata_25.png_Mean-Medain.png
Component: component_1755507392718_66.png
centerX: 0.44516129032258067
centerY: 0.152465089769165
width: 0.03387096774193549
height: 0.025933314334568254
Area: 0.00032244275089861096
CentroidX: 0.4649
CentroidY: 0.1632
