Location: Dedata_25.png_Mean-Medain.png
Component: component_1755507392812_269.png
centerX: 0.4790322580645161
centerY: 0.6429182103163295
width: 0.04314516129032258
height: 0.03305785123966942
Area: 0.0004127634929536032
CentroidX: 0.5029
CentroidY: 0.6584
