Location: Dedata_25.png_Otsu.png
Component: component_1755507392451_74.png
centerX: 0.9217741935483871
centerY: 0.1738387004844685
width: 0.03387096774193549
height: 0.029353092049016812
Area: 0.00023579918918173543
CentroidX: 0.9412
CentroidY: 0.1859
