Location: Dedata_25.png_Gaussian-Closing.png
Component: component_1755507392909_157.png
centerX: 0.46491935483870966
centerY: 0.34796238244514105
width: 0.03790322580645161
height: 0.029353092049016812
Area: 0.0003599040255931752
CentroidX: 0.4865
CentroidY: 0.3608
