Location: Dedata_25.png_Otsu.png
Component: component_1755507392468_181.png
centerX: 0.8451612903225807
centerY: 0.33200341977771447
width: 0.0407258064516129
height: 0.02821316614420063
Area: 0.00031382435948114985
CentroidX: 0.8674
CentroidY: 0.3445
