Location: Dedata_25.png_Gaussian-Closing.png
Component: component_1755507392890_78.png
centerX: 0.8766129032258064
centerY: 0.17811342262752922
width: 0.031048387096774193
height: 0.024793388429752067
Area: 0.0002584368306382666
CentroidX: 0.8958
CentroidY: 0.1883
