Location: Dedata_25.png_Otsu.png
Component: component_1755507392441_26.png
centerX: 0.7729838709677419
centerY: 0.06440581362211456
width: 0.03306451612903226
height: 0.0262182958107723
Area: 0.00032795852140578605
CentroidX: 0.7916
CentroidY: 0.0758
