Location: Dedata_25.png_Otsu.png
Component: component_1755507392455_90.png
centerX: 0.06411290322580646
centerY: 0.20005699629524082
width: 0.03467741935483871
height: 0.02536335138216016
Area: 0.00028268323849272377
CentroidX: 0.0839
CentroidY: 0.2107
