Location: Dedata_25.png_Gaussian-Closing.png
Component: component_1755507392932_256.png
centerX: 0.06693548387096775
centerY: 0.6070105443146195
width: 0.039919354838709675
height: 0.027643203191792535
Area: 0.00034726371818089886
CentroidX: 0.0903
CentroidY: 0.6196
