Location: Dedata_25.png_Otsu.png
Component: component_1755507392480_238.png
centerX: 0.17943548387096775
centerY: 0.46309489883157595
width: 0.03588709677419355
height: 0.030208036477628954
Area: 0.0003204892488439864
CentroidX: 0.1993
CentroidY: 0.4761
