Location: Dedata_25.png_Otsu.png
Component: component_1755507392466_169.png
centerX: 0.3024193548387097
centerY: 0.3157594756340838
width: 0.03024193548387097
height: 0.0219435736677116
Area: 0.000219136965774644
CentroidX: 0.3182
CentroidY: 0.3254
