Location: Dedata_25.png_Gaussian-Median.png
Component: component_1755507393098_305.png
centerX: 0.5076612903225807
centerY: 0.7392419492732972
width: 0.036290322580645164
height: 0.030493017953833
Area: 0.00034036900504693003
CentroidX: 0.5286
CentroidY: 0.7526
