Location: Dedata_25.png_Gaussian-Closing.png
Component: component_1755507392894_96.png
centerX: 0.8193548387096774
centerY: 0.21288116272442292
width: 0.03225806451612903
height: 0.029923055001424906
Area: 0.0003533540481159047
CentroidX: 0.8374
CentroidY: 0.2266
