Location: Dedata_25.png_Mean-Medain.png
Component: component_1755507392823_305.png
centerX: 0.3536290322580645
centerY: 0.7406668566543174
width: 0.034274193548387094
height: 0.030777999430037048
Area: 0.0003445058329273113
CentroidX: 0.3725
CentroidY: 0.7540
