Location: Dedata_25.png_Gaussian-Closing.png
Component: component_1755507392880_31.png
centerX: 0.28508064516129034
centerY: 0.06583072100313479
width: 0.0375
height: 0.029923055001424906
Area: 0.0004212669724854981
CentroidX: 0.3079
CentroidY: 0.0788
