Location: Dedata_25.png_Mean-Medain.png
Component: component_1755507392791_203.png
centerX: 0.17903225806451614
centerY: 0.4628099173553719
width: 0.037096774193548385
height: 0.031062980906241093
Area: 0.00038438025721876466
CentroidX: 0.1994
CentroidY: 0.4761
