Location: Dedata_25.png_Mean-Medain.png
Component: component_1755507392776_175.png
centerX: 0.6810483870967742
centerY: 0.38814477058991165
width: 0.03951612903225806
height: 0.030493017953833
Area: 0.0004163257614061538
CentroidX: 0.7034
CentroidY: 0.4016
