Location: Dedata_25.png_Gaussian-Median.png
Component: component_1755507393043_155.png
centerX: 0.8451612903225807
centerY: 0.3317184383015104
width: 0.04112903225806452
height: 0.029068110572812767
Area: 0.00036668382684157787
CentroidX: 0.8680
CentroidY: 0.3445
