Location: Dedata_25.png_Otsu.png
Component: component_1755507392469_182.png
centerX: 0.7963709677419355
centerY: 0.33428327158734683
width: 0.03387096774193549
height: 0.02707324023938444
Area: 0.0002899226872833911
CentroidX: 0.8156
CentroidY: 0.3459
