Location: Dedata_25.png_Gaussian-Median.png
Component: component_1755507393097_300.png
centerX: 0.7705645161290322
centerY: 0.7324023938444001
width: 0.037096774193548385
height: 0.029353092049016812
Area: 0.0003326699087139981
CentroidX: 0.7923
CentroidY: 0.7461
