Location: Dedata_25.png_Otsu.png
Component: component_1755507392469_185.png
centerX: 0.6838709677419355
centerY: 0.33741806782559136
width: 0.03870967741935484
height: 0.02963807352522086
Area: 0.000337266384136644
CentroidX: 0.7049
CentroidY: 0.3506
