Location: Dedata_25.png_Mean-Medain.png
Component: component_1755507392798_219.png
centerX: 0.2939516129032258
centerY: 0.5069820461669992
width: 0.03870967741935484
height: 0.029068110572812767
Area: 0.00038403552156206623
CentroidX: 0.3168
CentroidY: 0.5192
