Location: Dedata_25.png_Otsu.png
Component: component_1755507392494_305.png
centerX: 0.06733870967741935
centerY: 0.6072955257908236
width: 0.039112903225806454
height: 0.02707324023938444
Area: 0.00030922788405850395
CentroidX: 0.0903
CentroidY: 0.6196
