Location: Dedata_25.png_Gaussian-Closing.png
Component: component_1755507392943_298.png
centerX: 0.5580645161290323
centerY: 0.7369620974636648
width: 0.03387096774193549
height: 0.029923055001424906
Area: 0.00032106380827181716
CentroidX: 0.5784
CentroidY: 0.7503
