Location: Dedata_25.png_Mean-Medain.png
Component: component_1755507392709_50.png
centerX: 0.4504032258064516
centerY: 0.11028783129096609
width: 0.0375
height: 0.028783129096608722
Area: 0.00036829259323950395
CentroidX: 0.4718
CentroidY: 0.1228
