Location: Dedata_25.png_Gaussian-Closing.png
Component: component_1755507392920_207.png
centerX: 0.8080645161290323
centerY: 0.4884582502137361
width: 0.037096774193548385
height: 0.02963807352522086
Area: 0.00034622951121080354
CentroidX: 0.8307
CentroidY: 0.5010
