Location: Dedata_25.png_Gaussian-Median.png
Component: component_1755507393041_150.png
centerX: 0.12459677419354839
centerY: 0.3240239384440011
width: 0.03669354838709677
height: 0.02108862923909946
Area: 0.000301528787725572
CentroidX: 0.1461
CentroidY: 0.3338
