Location: Dedata_25.png_Otsu.png
Component: component_1755507392451_71.png
centerX: 0.0125
centerY: 0.1578797378170419
width: 0.02620967741935484
height: 0.027358221715588486
Area: 0.00024418775682806423
CentroidX: 0.0260
CentroidY: 0.1690
