Location: Dedata_25.png_Gaussian-Median.png
Component: component_1755507393096_295.png
centerX: 0.08830645161290322
centerY: 0.7021943573667712
width: 0.0407258064516129
height: 0.03334283271587347
Area: 0.000396331093317644
CentroidX: 0.1109
CentroidY: 0.7160
