Location: Dedata_25.png_Mean-Medain.png
Component: component_1755507392773_162.png
centerX: 0.3963709677419355
centerY: 0.3525220860644058
width: 0.03870967741935484
height: 0.027643203191792535
Area: 0.0003874828781290506
CentroidX: 0.4190
CentroidY: 0.3645
