Location: Dedata_25.png_Mean-Medain.png
Component: component_1755507392782_188.png
centerX: 0.9439516129032258
centerY: 0.43459675121117125
width: 0.03225806451612903
height: 0.029923055001424906
Area: 0.00034726371818089886
CentroidX: 0.9617
CentroidY: 0.4478
