Location: Dedata_25.png_Mean-Medain.png
Component: component_1755507392769_151.png
centerX: 0.06653225806451613
centerY: 0.329153605015674
width: 0.0375
height: 0.027643203191792535
Area: 0.00034531021612627436
CentroidX: 0.0886
CentroidY: 0.3409
