Location: Dedata_25.png_Mean-Medain.png
Component: component_1755507392780_185.png
centerX: 0.1350806451612903
centerY: 0.4095183813052152
width: 0.039112903225806454
height: 0.02963807352522086
Area: 0.0003983995072578347
CentroidX: 0.1553
CentroidY: 0.4229
