Location: Dedata_25.png_Otsu.png
Component: component_1755507392478_227.png
centerX: 0.7887096774193548
centerY: 0.43858649187802795
width: 0.03467741935483871
height: 0.031917925334853235
Area: 0.0003021033471534028
CentroidX: 0.8094
CentroidY: 0.4524
