Location: Dedata_25.png_Mean-Medain.png
Component: component_1755507392641_3.png
centerX: 0.07903225806451612
centerY: 0.016243944143630663
width: 0.03185483870967742
height: 0.03505272157309775
Area: 0.0004971088169591557
CentroidX: 0.0951
CentroidY: 0.0304
