Location: Dedata_25.png_Gaussian-Closing.png
Component: component_1755507392900_119.png
centerX: 0.6048387096774194
centerY: 0.2610430322029068
width: 0.03588709677419355
height: 0.027358221715588486
Area: 0.00034795318949429576
CentroidX: 0.6252
CentroidY: 0.2725
