Location: Dedata_25.png_Gaussian-Closing.png
Component: component_1755507392918_198.png
centerX: 0.23346774193548386
centerY: 0.4622399544029638
width: 0.037096774193548385
height: 0.029068110572812767
Area: 0.00035909964239421214
CentroidX: 0.2535
CentroidY: 0.4750
