Location: Dedata_25.png_Otsu.png
Component: component_1755507392454_85.png
centerX: 0.33548387096774196
centerY: 0.19321744086634368
width: 0.038306451612903226
height: 0.0262182958107723
Area: 0.0002503929986486362
CentroidX: 0.3579
CentroidY: 0.2044
