Location: Dedata_25.png_Gaussian-Closing.png
Component: component_1755507392922_217.png
centerX: 0.18991935483870967
centerY: 0.5092618979766316
width: 0.038306451612903226
height: 0.02963807352522086
Area: 0.0003585250829663814
CentroidX: 0.2130
CentroidY: 0.5214
