Location: Dedata_25.png_Mean-Medain.png
Component: component_1755507392779_179.png
centerX: 0.4717741935483871
centerY: 0.3941293815901966
width: 0.039112903225806454
height: 0.028498147620404674
Area: 0.00039805477160113624
CentroidX: 0.4941
CentroidY: 0.4064
