Location: Dedata_25.png_Otsu.png
Component: component_1755507392445_49.png
centerX: 0.33830645161290324
centerY: 0.11085779424337418
width: 0.03790322580645161
height: 0.029923055001424906
Area: 0.0003323251730572997
CentroidX: 0.3607
CentroidY: 0.1235
