Location: Dedata_25.png_Mean-Medain.png
Component: component_1755507392717_63.png
centerX: 0.6120967741935484
centerY: 0.1487603305785124
width: 0.03669354838709677
height: 0.02792818466799658
Area: 0.0003514005460612802
CentroidX: 0.6331
CentroidY: 0.1611
