Location: Dedata_25.png_Gaussian-Median.png
Component: component_1755507393006_25.png
centerX: 0.17298387096774193
centerY: 0.06355086919350242
width: 0.03669354838709677
height: 0.03163294385864919
Area: 0.0004175897921473814
CentroidX: 0.1944
CentroidY: 0.0767
