Location: Dedata_25.png_Gaussian-Closing.png
Component: component_1755507392879_27.png
centerX: 0.8225806451612904
centerY: 0.06412083214591052
width: 0.03467741935483871
height: 0.030208036477628954
Area: 0.0003707057428363931
CentroidX: 0.8420
CentroidY: 0.0767
