Location: Dedata_25.png_Mean-Medain.png
Component: component_1755507392772_159.png
centerX: 0.5713709677419355
centerY: 0.3468224565403249
width: 0.0375
height: 0.027358221715588486
Area: 0.0003700162715229962
CentroidX: 0.5934
CentroidY: 0.3581
