Location: Dedata_25.png_Otsu.png
Component: component_1755507392502_333.png
centerX: 0.42338709677419356
centerY: 0.6967797093188943
width: 0.032661290322580645
height: 0.032487888287261325
Area: 0.000293714779507074
CentroidX: 0.4411
CentroidY: 0.7093
