Location: Dedata_25.png_Otsu.png
Component: component_1755507392467_178.png
centerX: 0.06733870967741935
centerY: 0.329438586491878
width: 0.036290322580645164
height: 0.027358221715588486
Area: 0.00024234916665900587
CentroidX: 0.0881
CentroidY: 0.3411
