Location: Dedata_25.png_Mean-Medain.png
Component: component_1755507392821_299.png
centerX: 0.7189516129032258
centerY: 0.7335423197492164
width: 0.04112903225806452
height: 0.031062980906241093
Area: 0.00037840483916932495
CentroidX: 0.7421
CentroidY: 0.7491
