Location: Dedata_25.png_Mean-Medain.png
Component: component_1755507392784_193.png
centerX: 0.6774193548387096
centerY: 0.44542604730692503
width: 0.039919354838709675
height: 0.03134796238244514
Area: 0.00041195910975464015
CentroidX: 0.7015
CentroidY: 0.4586
