Location: Dedata_25.png_Gaussian-Closing.png
Component: component_1755507392914_183.png
centerX: 0.07580645161290323
centerY: 0.4140780849244799
width: 0.03790322580645161
height: 0.025933314334568254
Area: 0.00035438825508600003
CentroidX: 0.0979
CentroidY: 0.4251
