Location: Dedata_25.png_Otsu.png
Component: component_1755507392494_307.png
centerX: 0.8883064516129032
centerY: 0.6323738956967797
width: 0.03306451612903226
height: 0.030208036477628954
Area: 0.0002614245396629864
CentroidX: 0.9065
CentroidY: 0.6439
