Location: Dedata_25.png_Gaussian-Median.png
Component: component_1755507393029_105.png
centerX: 0.44475806451612904
centerY: 0.2268452550584212
width: 0.035483870967741936
height: 0.027358221715588486
Area: 0.0003048612324069903
CentroidX: 0.4646
CentroidY: 0.2390
