Location: Dedata_25.png_Otsu.png
Component: component_1755507392447_57.png
centerX: 0.7733870967741936
centerY: 0.1427757195782274
width: 0.03387096774193549
height: 0.024793388429752067
Area: 0.00023648866049513233
CentroidX: 0.7937
CentroidY: 0.1543
