Location: Dedata_25.png_Otsu.png
Component: component_1755507392485_267.png
centerX: 0.8161290322580645
centerY: 0.5349102308349957
width: 0.03306451612903226
height: 0.027358221715588486
Area: 0.0002693534597670506
CentroidX: 0.8350
CentroidY: 0.5478
