Location: Dedata_25.png_Otsu.png
Component: component_1755507392495_310.png
centerX: 0.7681451612903226
centerY: 0.6355086919350242
width: 0.04032258064516129
height: 0.029923055001424906
Area: 0.00027015784296601365
CentroidX: 0.7908
CentroidY: 0.6485
