Location: Dedata_25.png_Otsu.png
Component: component_1755507392456_97.png
centerX: 0.7141129032258065
centerY: 0.21801082929609575
width: 0.031451612903225803
height: 0.027358221715588486
Area: 0.00026199909909081716
CentroidX: 0.7299
CentroidY: 0.2302
