Location: Dedata_25.png_Mean-Medain.png
Component: component_1755507392807_248.png
centerX: 0.7455645161290323
centerY: 0.5893416927899686
width: 0.03467741935483871
height: 0.02963807352522086
Area: 0.00038897673264141056
CentroidX: 0.7656
CentroidY: 0.6015
