Location: Dedata_25.png_Otsu.png
Component: component_1755507392507_353.png
centerX: 0.4592741935483871
centerY: 0.7403818751781134
width: 0.02943548387096774
height: 0.028498147620404674
Area: 0.00024223425477343973
CentroidX: 0.4758
CentroidY: 0.7535
