Location: Dedata_25.png_Mean-Medain.png
Component: component_1755507392800_228.png
centerX: 0.7673387096774194
centerY: 0.5383300085494442
width: 0.03669354838709677
height: 0.02963807352522086
Area: 0.00036231717519006425
CentroidX: 0.7889
CentroidY: 0.5509
