Location: Dedata_25.png_Otsu.png
Component: component_1755507392459_117.png
centerX: 0.013709677419354839
centerY: 0.24308919920205185
width: 0.03306451612903226
height: 0.025648332858364205
Area: 0.0002380974268930584
CentroidX: 0.0335
CentroidY: 0.2544
