Location: Dedata_25.png_Mean-Medain.png
Component: component_1755507392742_103.png
centerX: 0.5008064516129033
centerY: 0.22599031062980907
width: 0.02943548387096774
height: 0.024793388429752067
Area: 0.0002815341196370623
CentroidX: 0.5179
CentroidY: 0.2368
