Location: Dedata_25.png_Mean-Medain.png
Component: component_1755507392714_59.png
centerX: 0.7733870967741936
centerY: 0.14249073810202337
width: 0.034274193548387094
height: 0.025648332858364205
Area: 0.00029612792910396307
CentroidX: 0.7938
CentroidY: 0.1543
