Location: Dedata_25.png_Otsu.png
Component: component_1755507392471_198.png
centerX: 0.2903225806451613
centerY: 0.3576517526360787
width: 0.03467741935483871
height: 0.025933314334568254
Area: 0.00029279548442254477
CentroidX: 0.3099
CentroidY: 0.3685
