Location: Dedata_25.png_Mean-Medain.png
Component: component_1755507392819_292.png
centerX: 0.020161290322580645
centerY: 0.7019093758905671
width: 0.042741935483870966
height: 0.03134796238244514
Area: 0.0003739232756322452
CentroidX: 0.0450
CentroidY: 0.7144
