Location: Dedata_25.png_Otsu.png
Component: component_1755507392505_347.png
centerX: 0.7193548387096774
centerY: 0.7341122827016244
width: 0.04032258064516129
height: 0.030208036477628954
Area: 0.0002739499351896965
CentroidX: 0.7417
CentroidY: 0.7492
