Location: Dedata_25.png_Gaussian-Closing.png
Component: component_1755507392928_240.png
centerX: 0.9459677419354838
centerY: 0.5807922485038473
width: 0.039112903225806454
height: 0.028783129096608722
Area: 0.00034404618538504676
CentroidX: 0.9690
CentroidY: 0.5942
