Location: Dedata_25.png_Otsu.png
Component: component_1755507392498_320.png
centerX: 0.24233870967741936
centerY: 0.6528925619834711
width: 0.03467741935483871
height: 0.028498147620404674
Area: 0.0002522315888176946
CentroidX: 0.2634
CentroidY: 0.6653
