Location: Dedata_25.png_Gaussian-Closing.png
Component: component_1755507392906_145.png
centerX: 0.1907258064516129
centerY: 0.31889427187232827
width: 0.03508064516129032
height: 0.024223425477343973
Area: 0.0002926805725369786
CentroidX: 0.2089
CentroidY: 0.3298
