Location: Dedata_25.png_Otsu.png
Component: component_1755507392491_295.png
centerX: 0.5120967741935484
centerY: 0.5930464519806212
width: 0.039919354838709675
height: 0.03163294385864919
Area: 0.00033910497430570237
CentroidX: 0.5350
CentroidY: 0.6073
