Location: Dedata_25.png_Gaussian-Median.png
Component: component_1755507393084_249.png
centerX: 0.6862903225806452
centerY: 0.5893416927899686
width: 0.039919354838709675
height: 0.03163294385864919
Area: 0.0003765662490002666
CentroidX: 0.7092
CentroidY: 0.6035
