Location: Dedata_25.png_Otsu.png
Component: component_1755507392466_167.png
centerX: 0.35201612903225804
centerY: 0.3120547164434312
width: 0.03024193548387097
height: 0.024508406953548018
Area: 0.00023120271375908952
CentroidX: 0.3679
CentroidY: 0.3232
