Location: Dedata_25.png_Otsu.png
Component: component_1755507392488_282.png
centerX: 0.225
centerY: 0.5591336563123397
width: 0.038306451612903226
height: 0.02963807352522086
Area: 0.00029670248853179383
CentroidX: 0.2482
CentroidY: 0.5714
