Location: Dedata_25.png_Mean-Medain.png
Component: component_1755507392674_33.png
centerX: 0.5092741935483871
centerY: 0.06611570247933884
width: 0.0375
height: 0.029068110572812767
Area: 0.0004262081835648425
CentroidX: 0.5308
CentroidY: 0.0793
