Location: Dedata_25.png_Gaussian-Closing.png
Component: component_1755507392891_83.png
centerX: 0.5532258064516129
centerY: 0.18723282986605871
width: 0.03185483870967742
height: 0.025933314334568254
Area: 0.00028141920775149617
CentroidX: 0.5721
CentroidY: 0.1977
