Location: Dedata_25.png_Mean-Medain.png
Component: component_1755507392779_182.png
centerX: 0.29879032258064514
centerY: 0.40267882587631804
width: 0.039112903225806454
height: 0.022513536620119692
Area: 0.0003342786751119242
CentroidX: 0.3189
CentroidY: 0.4128
