Location: Dedata_25.png_Otsu.png
Component: component_1755507392501_329.png
centerX: 0.6459677419354839
centerY: 0.6902251353662012
width: 0.03387096774193549
height: 0.03134796238244514
Area: 0.00027015784296601365
CentroidX: 0.6645
CentroidY: 0.7032
