Location: Dedata_25.png_Mean-Medain.png
Component: component_1755507392773_163.png
centerX: 0.3411290322580645
centerY: 0.353662011969222
width: 0.039112903225806454
height: 0.027643203191792535
Area: 0.0004272423905349378
CentroidX: 0.3634
CentroidY: 0.3661
