Location: Dedata_25.png_Mean-Medain.png
Component: component_1755507392747_117.png
centerX: 0.8814516129032258
centerY: 0.2493587916785409
width: 0.02943548387096774
height: 0.024793388429752067
Area: 0.00028429200489064985
CentroidX: 0.8981
CentroidY: 0.2599
