Location: Dedata_25.png_Gaussian-Median.png
Component: component_1755507393037_138.png
centerX: 0.7826612903225807
centerY: 0.2901111427757196
width: 0.03387096774193549
height: 0.022798518096323737
Area: 0.00025648332858364207
CentroidX: 0.8016
CentroidY: 0.2999
