Location: Dedata_25.png_Gaussian-Closing.png
Component: component_1755507392893_89.png
centerX: 0.2221774193548387
centerY: 0.19464234824736393
width: 0.039919354838709675
height: 0.026788258763180393
Area: 0.0003300269353459767
CentroidX: 0.2462
CentroidY: 0.2057
