Location: Dedata_25.png_Gaussian-Median.png
Component: component_1755507393011_42.png
centerX: 0.775
centerY: 0.10116842405243659
width: 0.03790322580645161
height: 0.029353092049016812
Area: 0.00034795318949429576
CentroidX: 0.7974
CentroidY: 0.1142
