Location: Dedata_25.png_Otsu.png
Component: component_1755507392441_29.png
centerX: 0.40524193548387094
centerY: 0.06554573952693075
width: 0.03306451612903226
height: 0.02963807352522086
Area: 0.00035151545794684635
CentroidX: 0.4238
CentroidY: 0.0782
