Location: Dedata_25.png_Gaussian-Median.png
Component: component_1755507393061_179.png
centerX: 0.5858870967741936
centerY: 0.3921345112567683
width: 0.03387096774193549
height: 0.028783129096608722
Area: 0.0003599040255931752
CentroidX: 0.6055
CentroidY: 0.4044
