Location: Dedata_25.png_Gaussian-Median.png
Component: component_1755507393021_84.png
centerX: 0.6008064516129032
centerY: 0.18580792248503847
width: 0.034274193548387094
height: 0.025648332858364205
Area: 0.00030060949264104284
CentroidX: 0.6211
CentroidY: 0.1970
