Location: Dedata_25.png_Gaussian-Closing.png
Component: component_1755507392913_178.png
centerX: 0.3580645161290323
centerY: 0.39897406668566543
width: 0.04314516129032258
height: 0.028498147620404674
Area: 0.00039093023469603507
CentroidX: 0.3815
CentroidY: 0.4114
