Location: Dedata_25.png_Gaussian-Closing.png
Component: component_1755507392891_84.png
centerX: 0.5024193548387097
centerY: 0.18808777429467086
width: 0.03467741935483871
height: 0.0262182958107723
Area: 0.00028923321596999424
CentroidX: 0.5232
CentroidY: 0.1996
