Location: Dedata_25.png_Otsu.png
Component: component_1755507392493_301.png
centerX: 0.29516129032258065
centerY: 0.6007409518381305
width: 0.03870967741935484
height: 0.030777999430037048
Area: 0.00032290239844087553
CentroidX: 0.3185
CentroidY: 0.6140
