Location: Dedata_25.png_Otsu.png
Component: component_1755507392482_251.png
centerX: 0.589516129032258
centerY: 0.49672271302365345
width: 0.03508064516129032
height: 0.02707324023938444
Area: 0.00030589543937708564
CentroidX: 0.6092
CentroidY: 0.5086
