Location: Dedata_25.png_Gaussian-Closing.png
Component: component_1755507392877_19.png
centerX: 0.5657258064516129
centerY: 0.02108862923909946
width: 0.03669354838709677
height: 0.031917925334853235
Area: 0.00045551071438421016
CentroidX: 0.5853
CentroidY: 0.0352
