Location: Dedata_25.png_Gaussian-Closing.png
Component: component_1755507392916_190.png
centerX: 0.6774193548387096
centerY: 0.44542604730692503
width: 0.039919354838709675
height: 0.03134796238244514
Area: 0.0003875977900146168
CentroidX: 0.7015
CentroidY: 0.4586
