Location: Dedata_25.png_Gaussian-Median.png
Component: component_1755507393027_95.png
centerX: 0.0125
centerY: 0.20262182958107722
width: 0.03508064516129032
height: 0.025648332858364205
Area: 0.0003185357467893619
CentroidX: 0.0323
CentroidY: 0.2129
