Location: Dedata_25.png_Gaussian-Median.png
Component: component_1755507393072_216.png
centerX: 0.4689516129032258
centerY: 0.4987175833570818
width: 0.03951612903225806
height: 0.029353092049016812
Area: 0.0003572610522251538
CentroidX: 0.4917
CentroidY: 0.5123
