Location: Dedata_25.png_Gaussian-Median.png
Component: component_1755507393018_71.png
centerX: 0.2842741935483871
centerY: 0.15388999715018523
width: 0.03225806451612903
height: 0.027643203191792535
Area: 0.00030003493321321213
CentroidX: 0.3038
CentroidY: 0.1652
