Location: Dedata_25.png_Mean-Medain.png
Component: component_1755507392811_264.png
centerX: 0.7677419354838709
centerY: 0.6352237104588202
width: 0.04153225806451613
height: 0.030777999430037048
Area: 0.00036277682273232886
CentroidX: 0.7913
CentroidY: 0.6485
