Location: Dedata_25.png_Gaussian-Closing.png
Component: component_1755507392889_70.png
centerX: 0.3858870967741935
centerY: 0.15388999715018523
width: 0.03346774193548387
height: 0.024508406953548018
Area: 0.00027613326101545336
CentroidX: 0.4055
CentroidY: 0.1641
