Location: Dedata_25.png_Gaussian-Median.png
Component: component_1755507393071_209.png
centerX: 0.8620967741935484
centerY: 0.4870333428327159
width: 0.03387096774193549
height: 0.027358221715588486
Area: 0.0002988858143575506
CentroidX: 0.8817
CentroidY: 0.4993
