Location: Dedata_25.png_Otsu.png
Component: component_1755507392472_200.png
centerX: 0.1346774193548387
centerY: 0.36306640068395557
width: 0.031048387096774193
height: 0.03134796238244514
Area: 0.0003401391812757977
CentroidX: 0.1514
CentroidY: 0.3762
