Location: Dedata_25.png_Mean-Medain.png
Component: component_1755507392740_93.png
centerX: 0.06370967741935483
centerY: 0.19977201481903675
width: 0.035483870967741936
height: 0.0262182958107723
Area: 0.00034887248457882495
CentroidX: 0.0842
CentroidY: 0.2107
