Location: Dedata_25.png_Gaussian-Median.png
Component: component_1755507393087_263.png
centerX: 0.8879032258064516
centerY: 0.6320889142205757
width: 0.03387096774193549
height: 0.031062980906241093
Area: 0.00031600768530690664
CentroidX: 0.9069
CentroidY: 0.6442
