Location: Dedata_25.png_Gaussian-Median.png
Component: component_1755507393046_168.png
centerX: 0.1342741935483871
centerY: 0.3627814192077515
width: 0.03185483870967742
height: 0.031917925334853235
Area: 0.00038127763630847863
CentroidX: 0.1515
CentroidY: 0.3763
