Location: Dedata_25.png_Gaussian-Closing.png
Component: component_1755507392915_187.png
centerX: 0.896774193548387
centerY: 0.4377315474494158
width: 0.03508064516129032
height: 0.025078369905956112
Area: 0.0003366918247088133
CentroidX: 0.9167
CentroidY: 0.4488
