Location: Dedata_25.png_Gaussian-Closing.png
Component: component_1755507392905_141.png
centerX: 0.4129032258064516
centerY: 0.31148475349102306
width: 0.03306451612903226
height: 0.02336848104873183
Area: 0.00031256032873992225
CentroidX: 0.4299
CentroidY: 0.3221
