Location: Dedata_25.png_Mean-Medain.png
Component: component_1755507392647_13.png
centerX: 0.507258064516129
centerY: 0.019663721858079224
width: 0.036290322580645164
height: 0.03505272157309775
Area: 0.0004687255812243172
CentroidX: 0.5264
CentroidY: 0.0344
