Location: Dedata_25.png_Gaussian-Closing.png
Component: component_1755507392937_276.png
centerX: 0.9141129032258064
centerY: 0.6816756910800797
width: 0.028225806451612902
height: 0.03163294385864919
Area: 0.0003319804374006012
CentroidX: 0.9314
CentroidY: 0.6949
