Location: Dedata_25.png_Otsu.png
Component: component_1755507392491_292.png
centerX: 0.7955645161290322
centerY: 0.58592191507552
width: 0.03225806451612903
height: 0.03334283271587347
Area: 0.00033565761773871793
CentroidX: 0.8152
CentroidY: 0.6003
