Location: Dedata_25.png_Mean-Medain.png
Component: component_1755507392749_128.png
centerX: 0.2346774193548387
centerY: 0.27415218010829295
width: 0.0375
height: 0.02963807352522086
Area: 0.00034795318949429576
CentroidX: 0.2575
CentroidY: 0.2858
