Location: Dedata_25.png_Otsu.png
Component: component_1755507392455_93.png
centerX: 0.9213709677419355
centerY: 0.2066115702479339
width: 0.03064516129032258
height: 0.027358221715588486
Area: 0.0002663657507423308
CentroidX: 0.9386
CentroidY: 0.2188
