Location: Dedata_25.png_Gaussian-Closing.png
Component: component_1755507392900_120.png
centerX: 0.5528225806451613
centerY: 0.26246793958392706
width: 0.036290322580645164
height: 0.026503277286976348
Area: 0.000331061142316072
CentroidX: 0.5729
CentroidY: 0.2741
