Location: Dedata_25.png_Mean-Medain.png
Component: component_1755507392810_260.png
centerX: 0.014112903225806451
centerY: 0.6078654887432317
width: 0.03588709677419355
height: 0.029923055001424906
Area: 0.0003849548166465954
CentroidX: 0.0328
CentroidY: 0.6202
