Location: Dedata_25.png_Mean-Medain.png
Component: component_1755507392804_235.png
centerX: 0.4443548387096774
centerY: 0.5522941008834426
width: 0.034274193548387094
height: 0.027358221715588486
Area: 0.0003438163616139145
CentroidX: 0.4649
CentroidY: 0.5640
