Location: Dedata_25.png_Gaussian-Closing.png
Component: component_1755507392899_118.png
centerX: 0.660483870967742
centerY: 0.2584781989170704
width: 0.03588709677419355
height: 0.0262182958107723
Area: 0.00033060149477380746
CentroidX: 0.6816
CentroidY: 0.2700
