Location: Dedata_25.png_Mean-Medain.png
Component: component_1755507392809_256.png
centerX: 0.2375
centerY: 0.6044457110287831
width: 0.038306451612903226
height: 0.032487888287261325
Area: 0.0004144871712370954
CentroidX: 0.2611
CentroidY: 0.6183
