Location: Dedata_25.png_Otsu.png
Component: component_1755507392440_25.png
centerX: 0.3455645161290323
centerY: 0.06469079509831861
width: 0.04112903225806452
height: 0.03163294385864919
Area: 0.00041172928598350787
CentroidX: 0.3690
CentroidY: 0.0777
