Location: Dedata_25.png_Otsu.png
Component: component_1755507392474_212.png
centerX: 0.527016129032258
centerY: 0.3921345112567683
width: 0.03669354838709677
height: 0.02821316614420063
Area: 0.00031256032873992225
CentroidX: 0.5483
CentroidY: 0.4043
