Location: Dedata_25.png_Otsu.png
Component: component_1755507392478_231.png
centerX: 0.5766129032258065
centerY: 0.4479908805927615
width: 0.035483870967741936
height: 0.026503277286976348
Area: 0.0002971621360740584
CentroidX: 0.5971
CentroidY: 0.4597
