Location: Dedata_25.png_Gaussian-Median.png
Component: component_1755507393066_190.png
centerX: 0.896774193548387
centerY: 0.43744656597321174
width: 0.03508064516129032
height: 0.025648332858364205
Area: 0.00033680673659437945
CentroidX: 0.9167
CentroidY: 0.4488
