Location: Dedata_25.png_Gaussian-Median.png
Component: component_1755507393090_273.png
centerX: 0.35846774193548386
centerY: 0.6491878027928185
width: 0.03951612903225806
height: 0.02963807352522086
Area: 0.0003427821546438191
CentroidX: 0.3821
CentroidY: 0.6616
