Location: Dedata_25.png_Otsu.png
Component: component_1755507392450_70.png
centerX: 0.3375
centerY: 0.15502992305500143
width: 0.031048387096774193
height: 0.025078369905956112
Area: 0.00022855974039106812
CentroidX: 0.3553
CentroidY: 0.1656
