Location: Dedata_25.png_Mean-Medain.png
Component: component_1755507392761_141.png
centerX: 0.5681451612903226
centerY: 0.30322029068110573
width: 0.03588709677419355
height: 0.025648332858364205
Area: 0.000313939271366716
CentroidX: 0.5873
CentroidY: 0.3144
