Location: Dedata_25.png_Mean-Medain.png
Component: component_1755507392747_118.png
centerX: 0.7161290322580646
centerY: 0.2527785693929895
width: 0.03346774193548387
height: 0.024793388429752067
Area: 0.0003324400849428658
CentroidX: 0.7341
CentroidY: 0.2646
