Location: Dedata_25.png_Mean-Medain.png
Component: component_1755507392824_310.png
centerX: 0.13185483870967743
centerY: 0.74437161584497
width: 0.0375
height: 0.03163294385864919
Area: 0.0003612829682199689
CentroidX: 0.1531
CentroidY: 0.7581
