Location: Dedata_25.png_Gaussian-Median.png
Component: component_1755507393071_208.png
centerX: 0.9096774193548387
centerY: 0.48389854659447135
width: 0.03669354838709677
height: 0.029923055001424906
Area: 0.0003324400849428658
CentroidX: 0.9312
CentroidY: 0.4967
