Location: Dedata_25.png_Gaussian-Closing.png
Component: component_1755507392905_142.png
centerX: 0.35161290322580646
centerY: 0.31176973496722715
width: 0.031048387096774193
height: 0.025078369905956112
Area: 0.0002785464106123425
CentroidX: 0.3683
CentroidY: 0.3235
