Location: Dedata_25.png_Otsu.png
Component: component_1755507392460_125.png
centerX: 0.8818548387096774
centerY: 0.24964377315474495
width: 0.028225806451612902
height: 0.024223425477343973
Area: 0.00022017117274473935
CentroidX: 0.8973
CentroidY: 0.2598
