Location: Dedata_25.png_Mean-Medain.png
Component: component_1755507392778_177.png
centerX: 0.5266129032258065
centerY: 0.39184952978056425
width: 0.03790322580645161
height: 0.029068110572812767
Area: 0.0003884021732135798
CentroidX: 0.5486
CentroidY: 0.4044
