Location: Dedata_25.png_Otsu.png
Component: component_1755507392508_359.png
centerX: 0.07862903225806452
centerY: 0.7472214306070105
width: 0.034274193548387094
height: 0.02963807352522086
Area: 0.00026165436343411874
CentroidX: 0.0984
CentroidY: 0.7601
