Location: Dedata_25.png_Otsu.png
Component: component_1755507392443_40.png
centerX: 0.8790322580645161
centerY: 0.10259333143345682
width: 0.027822580645161292
height: 0.022513536620119692
Area: 0.00021775802314785023
CentroidX: 0.8948
CentroidY: 0.1119
