Location: Dedata_25.png_Mean-Medain.png
Component: component_1755507392751_134.png
centerX: 0.8286290322580645
centerY: 0.2852664576802508
width: 0.037096774193548385
height: 0.028783129096608722
Area: 0.0003588698186230798
CentroidX: 0.8507
CentroidY: 0.2979
