Location: Dedata_25.png_Otsu.png
Component: component_1755507392502_335.png
centerX: 0.25806451612903225
centerY: 0.6990595611285266
width: 0.0375
height: 0.03134796238244514
Area: 0.0003503663390911849
CentroidX: 0.2768
CentroidY: 0.7126
