Location: Dedata_25.png_Otsu.png
Component: component_1755507392464_160.png
centerX: 0.6709677419354839
centerY: 0.2963807352522086
width: 0.03387096774193549
height: 0.025933314334568254
Area: 0.00024016584083324906
CentroidX: 0.6902
CentroidY: 0.3078
