Location: Dedata_25.png_Mean-Medain.png
Component: component_1755507392678_36.png
centerX: 0.06451612903225806
centerY: 0.06697064690795099
width: 0.03669354838709677
height: 0.03334283271587347
Area: 0.00044447917336986
CentroidX: 0.0867
CentroidY: 0.0816
