Location: Dedata_25.png_Gaussian-Closing.png
Component: component_1755507392887_60.png
centerX: 0.8262096774193548
centerY: 0.14363066400683955
width: 0.03064516129032258
height: 0.025078369905956112
Area: 0.00027475431838865956
CentroidX: 0.8436
CentroidY: 0.1544
