Location: Dedata_25.png_Gaussian-Median.png
Component: component_1755507393020_79.png
centerX: 0.8258064516129032
centerY: 0.17725847819891707
width: 0.034274193548387094
height: 0.029068110572812767
Area: 0.0002972770479596246
CentroidX: 0.8456
CentroidY: 0.1898
