Location: Dedata_25.png_Gaussian-Closing.png
Component: component_1755507392913_176.png
centerX: 0.4717741935483871
centerY: 0.3944143630664007
width: 0.039112903225806454
height: 0.02792818466799658
Area: 0.00036852241701063623
CentroidX: 0.4941
CentroidY: 0.4064
