Location: Dedata_25.png_Mean-Medain.png
Component: component_1755507392808_251.png
centerX: 0.572983870967742
centerY: 0.5950413223140496
width: 0.03790322580645161
height: 0.028498147620404674
Area: 0.00037817501539819267
CentroidX: 0.5948
CentroidY: 0.6074
