Location: Dedata_25.png_Gaussian-Median.png
Component: component_1755507393045_165.png
centerX: 0.23024193548387098
centerY: 0.35622684525505843
width: 0.041935483870967745
height: 0.026788258763180393
Area: 0.00033083131854493974
CentroidX: 0.2535
CentroidY: 0.3688
