Location: Dedata_25.png_Mean-Medain.png
Component: component_1755507392806_245.png
centerX: 0.8379032258064516
centerY: 0.5842120262182958
width: 0.04032258064516129
height: 0.03134796238244514
Area: 0.0004183941753463444
CentroidX: 0.8619
CentroidY: 0.5982
