Location: internet_30.png_Gaussian-Closing.png
Component: component_1755078354041_42.png
centerX: 0.026602176541717048
centerY: 0.06045052751639578
width: 0.020556227327690448
height: 0.019104647847162818
Area: 0.0001488357424610674
CentroidX: 0.0394
CentroidY: 0.0714
