Location: Dedata_1.png_Otsu.png
Component: component_1755524255249_407.png
centerX: 0.9612903225806452
centerY: 0.6776859504132231
width: 0.022983870967741935
height: 0.026788258763180393
Area: 0.00020178527105415566
CentroidX: 0.9708
CentroidY: 0.6957
