Location: internet_26.png_Otsu.png
Component: component_1755080009748_662.png
centerX: 0.4808544941555824
centerY: 0.4049044767607642
width: 0.02257154373236598
height: 0.013686911890504704
Area: 6.424647107006693e-05
CentroidX: 0.4952
CentroidY: 0.4109
