Location: Paraklitoni_1720_page_10.png_Mean-Medain.png
Component: component_1755610055310_1045.png
centerX: 0.3018292682926829
centerY: 0.38095238095238093
width: 0.03125
height: 0.018546365914786967
Area: 0.0002464239867962589
CentroidX: 0.3172
CentroidY: 0.3896
