Location: Samociqulo_1709_page_10.png_Gaussian-Median.png
Component: component_1755610056290_3114.png
centerX: 0.29434889434889433
centerY: 0.7753125
width: 0.0343980343980344
height: 0.01625
Area: 0.00025721744471744474
CentroidX: 0.3093
CentroidY: 0.7840
