Location: Samociqulo_1709_page_10.png_Gaussian-Median.png
Component: component_1755610056111_752.png
centerX: 0.3085995085995086
centerY: 0.1425
width: 0.044226044226044224
height: 0.0225
Area: 0.0003429054054054054
CentroidX: 0.3279
CentroidY: 0.1545
