Location: internet_24.png_Gaussian-Median.png
Component: component_1755081215812_15.png
centerX: 0.8649738008867393
centerY: 0.013401767892785858
width: 0.00886739218057235
height: 0.02566295979469632
Area: 0.00011550573063580906
CentroidX: 0.8690
CentroidY: 0.0260
