Location: Kurtxevani_1794_page_10.png_Mean-Medain.png
Component: component_1755610054825_897.png
centerX: 0.8024547048509644
centerY: 0.2362274129572499
width: 0.028053769725306838
height: 0.023358307624504186
Area: 0.0004147070043497871
CentroidX: 0.8165
CentroidY: 0.2473
