Location: Dedata_22.png_Otsu.png
Component: component_1755510404092_469.png
centerX: 0.6245967741935484
centerY: 0.40267882587631804
width: 0.0068548387096774195
height: 0.009119407238529496
Area: 2.5165702938986384e-05
CentroidX: 0.6276
CentroidY: 0.4076
