Location: internet_17.png_Gaussian-Median.png
Component: component_1755086411217_50.png
centerX: 0.4212011285771866
centerY: 0.11149130310806958
width: 0.023377670294236194
height: 0.018249215854006275
Area: 0.00018285534073788278
CentroidX: 0.4311
CentroidY: 0.1208
