Location: Dedata_10.png_Otsu.png
Component: component_1755521621705_410.png
centerX: 0.6903225806451613
centerY: 0.17668851524650897
width: 0.008467741935483872
height: 0.014249073810202337
Area: 4.504545914192997e-05
CentroidX: 0.6939
CentroidY: 0.1853
