Location: Dedata_10.png_Otsu.png
Component: component_1755521621708_449.png
centerX: 0.0407258064516129
centerY: 0.1897976631518951
width: 0.01975806451612903
height: 0.016813907096038756
Area: 7.147519282214398e-05
CentroidX: 0.0505
CentroidY: 0.2007
