Location: Dedata_17.png_Otsu.png
Component: component_1755512340204_232.png
centerX: 0.7375
centerY: 0.21658592191507553
width: 0.010887096774193548
height: 0.013394129381590196
Area: 5.722611901194164e-05
CentroidX: 0.7428
CentroidY: 0.2243
