Location: Dedata_31.png_Mean-Closing.png
Component: component_1755503061279_42.png
centerX: 0.1681451612903226
centerY: 0.049586776859504134
width: 0.01975806451612903
height: 0.018808777429467086
Area: 0.00012525395526710118
CentroidX: 0.1757
CentroidY: 0.0605
