Location: Dedata_17.png_Otsu.png
Component: component_1755512340222_379.png
centerX: 0.02943548387096774
centerY: 0.31518951268167567
width: 0.012903225806451613
height: 0.037047591906526074
Area: 0.00012617325035163036
CentroidX: 0.0358
CentroidY: 0.3324
