Location: Samociqulo_1709_page_10.png_Gaussian-Median.png
Component: component_1755610056283_3000.png
centerX: 0.4329238329238329
centerY: 0.74625
width: 0.03194103194103194
height: 0.0190625
Area: 0.00026827395577395577
CentroidX: 0.4470
CentroidY: 0.7554
