Location: Samociqulo_1709_page_10.png_Gaussian-Median.png
Component: component_1755610056190_1795.png
centerX: 0.8751842751842752
centerY: 0.3859375
width: 0.029975429975429974
height: 0.0096875
Area: 0.00017613636363636364
CentroidX: 0.8905
CentroidY: 0.3899
