Location: internet_23.png_Otsu.png
Component: component_1755081841780_140.png
centerX: 0.7001209189842805
centerY: 0.16053607071571144
width: 0.007255139056831923
height: 0.013686911890504704
Area: 3.89616345129744e-05
CentroidX: 0.7036
CentroidY: 0.1668
