Location: Dedata_1.png_Otsu.png
Component: component_1755524255286_810.png
centerX: 0.03185483870967742
centerY: 0.9153605015673981
width: 0.018548387096774192
height: 0.011969222000569962
Area: 0.00011893380156096305
CentroidX: 0.0409
CentroidY: 0.9209
