Location: Kurtxevani_1784_page_10.png_Gaussian-Closing.png
Component: component_1755610055746_376.png
centerX: 0.5941872981700753
centerY: 0.50199203187251
width: 0.04090419806243272
height: 0.022310756972111555
Area: 0.0003902581278760094
CentroidX: 0.6123
CentroidY: 0.5136
