Location: Kurtxevani_1784_page_10.png_Gaussian-Closing.png
Component: component_1755610055740_323.png
centerX: 0.5457481162540366
centerY: 0.4350597609561753
width: 0.062432723358449946
height: 0.027888446215139442
Area: 0.0007041800505191291
CentroidX: 0.5767
CentroidY: 0.4485
