Location: internet_13.png_Gaussian-Median.png
Component: component_1755088480609_69.png
centerX: 0.2756952841596131
centerY: 0.10436270316509838
width: 0.025796049979846837
height: 0.009124607927003137
Area: 0.00011251752267906175
CentroidX: 0.2904
CentroidY: 0.1088
