Location: internet_15.png_Mean-Closing.png
Component: component_1755087704544_151.png
centerX: 0.422813381700927
centerY: 0.4585115483319076
width: 0.016122531237404272
height: 0.019104647847162818
Area: 0.00010217372590570572
CentroidX: 0.4291
CentroidY: 0.4684
