Location: internet_30.png_Gaussian-Median.png
Component: component_1755078353864_43.png
centerX: 0.35227730753728337
centerY: 0.05959509552323924
width: 0.023377670294236194
height: 0.01996007984031936
Area: 0.0001669948523520702
CentroidX: 0.3665
CentroidY: 0.0711
