Location: Kurtxevani_1784_page_10.png_Gaussian-Closing.png
Component: component_1755610055739_319.png
centerX: 0.10871905274488698
centerY: 0.4358565737051793
width: 0.02691065662002153
height: 0.0199203187250996
Area: 0.0002667478632295361
CentroidX: 0.1223
CentroidY: 0.4477
