Location: Dedata_13.png_Otsu.png
Component: component_1755520268437_121.png
centerX: 0.7540322580645161
centerY: 0.2507836990595611
width: 0.00967741935483871
height: 0.010259333143345683
Area: 3.4243741898712065e-05
CentroidX: 0.7569
CentroidY: 0.2563
