Location: internet_30.png_Mean-Medain.png
Component: component_1755078353770_359.png
centerX: 0.28657799274486095
centerY: 0.7522098659823211
width: 0.03990326481257558
height: 0.02765896777872826
Area: 0.0006574057504844058
CentroidX: 0.3076
CentroidY: 0.7660
