Location: Samociqulo_1709_page_10.png_Gaussian-Median.png
Component: component_1755610056087_365.png
centerX: 0.4692874692874693
centerY: 0.0503125
width: 0.04717444717444717
height: 0.0221875
Area: 0.0003568796068796069
CentroidX: 0.4941
CentroidY: 0.0594
