Location: Paraklitoni_1720_page_10.png_Mean-Medain.png
Component: component_1755610055513_2060.png
centerX: 0.5213414634146342
centerY: 0.7543859649122807
width: 0.06097560975609756
height: 0.04411027568922306
Area: 0.0012164557735802922
CentroidX: 0.5535
CentroidY: 0.7751
