Location: internet_26.png_Gaussian-Median.png
Component: component_1755080010535_225.png
centerX: 0.19669488109633212
centerY: 0.46421442828628456
width: 0.007658202337767029
height: 0.03649843170801255
Area: 0.00016078857428805657
CentroidX: 0.2009
CentroidY: 0.4826
