Location: internet_27.png_Otsu.png
Component: component_1755079634782_1171.png
centerX: 0.32889963724304716
centerY: 0.42543484459652126
width: 0.024989923417976623
height: 0.014257199885942401
Area: 0.00011458628203373296
CentroidX: 0.3433
CentroidY: 0.4303
