Location: Dedata_27.png_Gaussian-Closing.png
Component: component_1755505442913_5.png
centerX: 0.021370967741935483
centerY: 0.009119407238529496
width: 0.03387096774193549
height: 0.01937874038187518
Area: 0.0004986026714715157
CentroidX: 0.0387
CentroidY: 0.0180
