Location: Kurtxevani_1784_page_10.png_Gaussian-Closing.png
Component: component_1755610055743_357.png
centerX: 0.19483315392895587
centerY: 0.47649402390438245
width: 0.05166846071044134
height: 0.0199203187250996
Area: 0.0005883891774130604
CentroidX: 0.2212
CentroidY: 0.4832
