Location: internet_17.png_Otsu.png
Component: component_1755086411125_1555.png
centerX: 0.28738411930673113
centerY: 0.7921300256629598
width: 0.008464328899637243
height: 0.02594810379241517
Area: 4.436339505017144e-05
CentroidX: 0.2921
CentroidY: 0.8005
