Location: Samociqulo_1709_page_10.png_Gaussian-Median.png
Component: component_1755610056315_3504.png
centerX: 0.21375921375921375
centerY: 0.8628125
width: 0.009336609336609337
height: 0.0053125
Area: 2.3187960687960688e-05
CentroidX: 0.2184
CentroidY: 0.8655
