Location: Dedata_10.png_Otsu.png
Component: component_1755521621706_413.png
centerX: 0.5830645161290322
centerY: 0.17953833000854943
width: 0.03024193548387097
height: 0.015104018238814477
Area: 8.193217440866344e-05
CentroidX: 0.5999
CentroidY: 0.1888
