Location: Dedata_22.png_Otsu.png
Component: component_1755510404088_355.png
centerX: 0.6193548387096774
centerY: 0.38073525220860643
width: 0.01935483870967742
height: 0.01054431461954973
Area: 6.81427481407257e-05
CentroidX: 0.6291
CentroidY: 0.3850
