Location: Samociqulo_1709_page_10.png_Gaussian-Median.png
Component: component_1755610056130_1019.png
centerX: 0.12972972972972974
centerY: 0.220625
width: 0.03144963144963145
height: 0.015625
Area: 0.00020085995085995087
CentroidX: 0.1432
CentroidY: 0.2291
