Location: Dedata_24.png_Otsu.png
Component: component_1755507995221_237.png
centerX: 0.8713709677419355
centerY: 0.19350242234254775
width: 0.006048387096774193
height: 0.004559703619264748
Area: 1.0916629128784049e-05
CentroidX: 0.8744
CentroidY: 0.1957
