Location: internet_28.png_Otsu.png
Component: component_1755079435788_282.png
centerX: 0.7609834744054816
centerY: 0.2298260621613915
width: 0.010479645304312777
height: 0.03022526375819789
Area: 9.734662074480624e-05
CentroidX: 0.7675
CentroidY: 0.2425
