Location: Paraklitoni_1720_page_10.png_Mean-Medain.png
Component: component_1755610055256_485.png
centerX: 0.6966463414634146
centerY: 0.18095238095238095
width: 0.028963414634146343
height: 0.008020050125313283
Area: 0.0001348646005257045
CentroidX: 0.7102
CentroidY: 0.1841
