Location: internet_26.png_Otsu.png
Component: component_1755080009723_174.png
centerX: 0.6219266424828698
centerY: 0.17308240661534074
width: 0.020556227327690448
height: 0.019389791844881665
Area: 0.00012056269794722756
CentroidX: 0.6351
CentroidY: 0.1795
