Location: internet_17.png_Gaussian-Median.png
Component: component_1755086411300_334.png
centerX: 0.12898024989923418
centerY: 0.8003992015968064
width: 0.027005239822652155
height: 0.020530367835757058
Area: 0.0002019338992309617
CentroidX: 0.1401
CentroidY: 0.8107
