Location: Kurtxevani_1794_page_10.png_Mean-Medain.png
Component: component_1755610054842_921.png
centerX: 0.3267095265926359
centerY: 0.2388717496694579
width: 0.010520163646990065
height: 0.009695901278096077
Area: 5.4864963929505994e-05
CentroidX: 0.3325
CentroidY: 0.2429
