Location: Paraklitoni_1720_page_10.png_Mean-Medain.png
Component: component_1755610055430_1829.png
centerX: 0.7591463414634146
centerY: 0.6571428571428571
width: 0.035823170731707314
height: 0.012030075187969926
Area: 0.00021815208753591295
CentroidX: 0.7782
CentroidY: 0.6620
