Location: Samociqulo_1709_page_10.png_Gaussian-Median.png
Component: component_1755610056094_569.png
centerX: 0.8594594594594595
centerY: 0.086875
width: 0.03144963144963145
height: 0.0228125
Area: 0.00017874692874692875
CentroidX: 0.8749
CentroidY: 0.1015
