Location: Samociqulo_1709_page_10.png_Gaussian-Median.png
Component: component_1755610056283_2994.png
centerX: 0.5022113022113022
centerY: 0.7453125
width: 0.016216216216216217
height: 0.0059375
Area: 5.15970515970516e-05
CentroidX: 0.5099
CentroidY: 0.7481
