Location: internet_26.png_Otsu.png
Component: component_1755080009734_354.png
centerX: 0.573559048770657
centerY: 0.2840034217279726
width: 0.00886739218057235
height: 0.037639007698887936
Area: 9.114034268079262e-05
CentroidX: 0.5778
CentroidY: 0.3042
