Location: internet_17.png_Otsu.png
Component: component_1755086411115_1167.png
centerX: 0.32285368802902054
centerY: 0.6849158825206729
width: 0.02418379685610641
height: 0.01853435985172512
Area: 0.00013665304848355916
CentroidX: 0.3320
CentroidY: 0.6942
