Location: internet_24.png_Mean-Medain.png
Component: component_1755081215723_171.png
centerX: 0.16444981862152358
centerY: 0.5856857713145138
width: 0.007658202337767029
height: 0.023096663815226688
Area: 0.0001089546593460169
CentroidX: 0.1680
CentroidY: 0.5970
