Location: Kurtxevani_1764_page_10.png_Otsu.png
Component: component_1755610055931_1232.png
centerX: 0.4899676375404531
centerY: 0.480823199251637
width: 0.019417475728155338
height: 0.013096351730589336
Area: 0.00017316489112106104
CentroidX: 0.5000
CentroidY: 0.4860
