Location: Dedata_31.png_Mean-Closing.png
Component: component_1755503061309_63.png
centerX: 0.2737903225806452
centerY: 0.08976916500427472
width: 0.020967741935483872
height: 0.017953833000854943
Area: 0.00012513904338153504
CentroidX: 0.2815
CentroidY: 0.1005
