Location: Kurtxevani_1784_page_10.png_Gaussian-Closing.png
Component: component_1755610055737_301.png
centerX: 0.658772874058127
centerY: 0.4
width: 0.16792249730893433
height: 0.03187250996015936
Area: 0.00175230187967184
CentroidX: 0.7365
CentroidY: 0.4146
