Location: Kurtxevani_1764_page_10.png_Otsu.png
Component: component_1755610055966_1535.png
centerX: 0.41359223300970877
centerY: 0.6314312441534145
width: 0.011003236245954692
height: 0.01028999064546305
Area: 7.750037085138396e-05
CentroidX: 0.4193
CentroidY: 0.6360
