Location: Kurtxevani_1784_page_10.png_Gaussian-Closing.png
Component: component_1755610055739_320.png
centerX: 0.1668460710441335
centerY: 0.4350597609561753
width: 0.09472551130247578
height: 0.030278884462151396
Area: 0.001113307802160572
CentroidX: 0.2145
CentroidY: 0.4509
