Location: internet_30.png_Gaussian-Median.png
Component: component_1755078353912_208.png
centerX: 0.5941152760983475
centerY: 0.37011690903906475
width: 0.023377670294236194
height: 0.019104647847162818
Area: 0.00015274339901989078
CentroidX: 0.6087
CentroidY: 0.3808
