Location: Kurtxevani_1784_page_10.png_Gaussian-Closing.png
Component: component_1755610055751_422.png
centerX: 0.5651237890204521
centerY: 0.5689243027888446
width: 0.02691065662002153
height: 0.020717131474103586
Area: 0.0002856174869949695
CentroidX: 0.5794
CentroidY: 0.5816
