Location: Kurtxevani_1764_page_10.png_Otsu.png
Component: component_1755610055832_578.png
centerX: 0.3533980582524272
centerY: 0.166510757717493
width: 0.031067961165048542
height: 0.019176800748362956
Area: 0.00030879054011098293
CentroidX: 0.3675
CentroidY: 0.1768
