Location: Dedata_24.png_Otsu.png
Component: component_1755507995220_213.png
centerX: 0.49516129032258066
centerY: 0.1852379595326304
width: 0.007258064516129033
height: 0.01054431461954973
Area: 3.5507772639939696e-05
CentroidX: 0.4992
CentroidY: 0.1909
