Location: Dedata_31.png_Otsu.png
Component: component_1755503061498_43.png
centerX: 0.2346774193548387
centerY: 0.0481618694784839
width: 0.01935483870967742
height: 0.033912795668281565
Area: 0.00017547044925950782
CentroidX: 0.2471
CentroidY: 0.0693
