Location: Samociqulo_1709_page_10.png_Gaussian-Median.png
Component: component_1755610056090_483.png
centerX: 0.9208845208845209
centerY: 0.06875
width: 0.012776412776412777
height: 0.0125
Area: 4.622235872235872e-05
CentroidX: 0.9295
CentroidY: 0.0764
