Location: Samociqulo_1709_page_10.png_Gaussian-Median.png
Component: component_1755610056131_1023.png
centerX: 0.24864864864864866
centerY: 0.2215625
width: 0.04176904176904177
height: 0.0228125
Area: 0.00034167690417690415
CentroidX: 0.2677
CentroidY: 0.2318
