Location: internet_15.png_Gaussian-Median.png
Component: component_1755087704676_308.png
centerX: 0.5050382910116888
centerY: 0.6564014827487882
width: 0.013301088270858524
height: 0.020245223838038208
Area: 9.930044902421793e-05
CentroidX: 0.5097
CentroidY: 0.6666
