Location: internet_21.png_Otsu.png
Component: component_1755082376572_52.png
centerX: 0.894397420395002
centerY: 0.043341887653264896
width: 0.007658202337767029
height: 0.03507271171941831
Area: 0.00010769041751816228
CentroidX: 0.8976
CentroidY: 0.0616
