Location: internet_21.png_Gaussian-Closing.png
Component: component_1755082377545_217.png
centerX: 0.4558645707376058
centerY: 0.51981750784146
width: 0.014107214832728738
height: 0.049044767607641856
Area: 0.00025284836557092527
CentroidX: 0.4616
CentroidY: 0.5435
