Location: internet_17.png_Otsu.png
Component: component_1755086411075_226.png
centerX: 0.9371221281741233
centerY: 0.23838038209295695
width: 0.029826682789197905
height: 0.018819503849443968
Area: 0.000135044013429926
CentroidX: 0.9525
CentroidY: 0.2474
