Location: Samociqulo_1709_page_10.png_Gaussian-Median.png
Component: component_1755610056293_3159.png
centerX: 0.8221130221130221
centerY: 0.78375
width: 0.036855036855036855
height: 0.01625
Area: 0.00025245700245700247
CentroidX: 0.8384
CentroidY: 0.7901
