Location: internet_21.png_Otsu.png
Component: component_1755082376993_2271.png
centerX: 0.35268037081821846
centerY: 0.6572569147419447
width: 0.013704151551793631
height: 0.0427715996578272
Area: 0.00011435641988321393
CentroidX: 0.3578
CentroidY: 0.6785
