Location: Kurtxevani_1784_page_10.png_Gaussian-Closing.png
Component: component_1755610055762_509.png
centerX: 0.5597416576964478
centerY: 0.6804780876494024
width: 0.0193756727664155
height: 0.018326693227091632
Area: 0.00022472006484288893
CentroidX: 0.5707
CentroidY: 0.6874
