Location: internet_27.png_Otsu.png
Component: component_1755079634753_520.png
centerX: 0.8315195485691254
centerY: 0.20330767037353864
width: 0.009673518742442563
height: 0.012546335899629312
Area: 2.9537286341694454e-05
CentroidX: 0.8347
CentroidY: 0.2110
