Location: Kurtxevani_1794_page_10.png_Mean-Medain.png
Component: component_1755610054583_253.png
centerX: 0.4044418468731736
centerY: 0.03393565447333627
width: 0.02863822326125073
height: 0.024239753195240195
Area: 0.0003425840470715632
CentroidX: 0.4196
CentroidY: 0.0460
