Location: Paraklitoni_1720_page_10.png_Mean-Medain.png
Component: component_1755610055293_857.png
centerX: 0.21265243902439024
centerY: 0.31779448621553885
width: 0.019817073170731708
height: 0.011528822055137845
Area: 5.9600220062351e-05
CentroidX: 0.2228
CentroidY: 0.3209
