Location: Kurtxevani_1794_page_10.png_Mean-Medain.png
Component: component_1755610054583_275.png
centerX: 0.4856808883693746
centerY: 0.03613926840017629
width: 0.028053769725306838
height: 0.021595416483032173
Area: 0.00030600740445189256
CentroidX: 0.4980
CentroidY: 0.0475
