Location: Dedata_24.png_Otsu.png
Component: component_1755507995207_67.png
centerX: 0.3407258064516129
centerY: 0.0994585351952123
width: 0.01935483870967742
height: 0.03134796238244514
Area: 9.974351667141635e-05
CentroidX: 0.3513
CentroidY: 0.1163
