Location: Dedata_16.png_Mean-Medain.png
Component: component_1755519378553_438.png
centerX: 0.992741935483871
centerY: 0.8275862068965517
width: 0.007258064516129033
height: 0.008549444286121402
Area: 3.389900624201362e-05
CentroidX: 0.9969
CentroidY: 0.8327
