Location: internet_30.png_Mean-Medain.png
Component: component_1755078353502_168.png
centerX: 0.5288190245868601
centerY: 0.3290561733675506
width: 0.018137847642079808
height: 0.01710863986313088
Area: 0.00012837801106487434
CentroidX: 0.5394
CentroidY: 0.3391
