Location: Kurtxevani_1764_page_10.png_Otsu.png
Component: component_1755610055808_296.png
centerX: 0.49320388349514566
centerY: 0.08933582787652011
width: 0.011003236245954692
height: 0.008886810102899906
Area: 5.7217070667623315e-05
CentroidX: 0.4993
CentroidY: 0.0942
