Location: Kurtxevani_1764_page_10.png_Otsu.png
Component: component_1755610055952_1416.png
centerX: 0.5495145631067961
centerY: 0.5696913002806361
width: 0.011650485436893204
height: 0.01028999064546305
Area: 7.840857832229862e-05
CentroidX: 0.5559
CentroidY: 0.5739
