Location: Kurtxevani_1764_page_10.png_Otsu.png
Component: component_1755610055842_672.png
centerX: 0.8770226537216829
centerY: 0.2011225444340505
width: 0.04336569579288026
height: 0.026192703461178673
Area: 0.00043412317109720543
CentroidX: 0.8957
CentroidY: 0.2114
