Location: internet_21.png_Otsu.png
Component: component_1755082376978_2095.png
centerX: 0.9351068117694478
centerY: 0.6090675791274593
width: 0.009673518742442563
height: 0.043341887653264896
Area: 0.00013366484052681186
CentroidX: 0.9383
CentroidY: 0.6323
