Location: Dedata_1.png_Otsu.png
Component: component_1755524255234_227.png
centerX: 0.8544354838709678
centerY: 0.5386149900256484
width: 0.024596774193548387
height: 0.009404388714733543
Area: 9.020583016942609e-05
CentroidX: 0.8668
CentroidY: 0.5440
