Location: Paraklitoni_1720_page_10.png_Mean-Medain.png
Component: component_1755610055321_1174.png
centerX: 0.5442073170731707
centerY: 0.42355889724310775
width: 0.035823170731707314
height: 0.01804511278195489
Area: 0.00030984473378568373
CentroidX: 0.5604
CentroidY: 0.4325
