Location: internet_15.png_Otsu.png
Component: component_1755087705392_926.png
centerX: 0.4143490528012898
centerY: 0.6621043627031651
width: 0.022168480451430876
height: 0.017964071856287425
Area: 0.0001240106302050129
CentroidX: 0.4218
CentroidY: 0.6736
