Location: Dedata_30.png_Gaussian-Closing.png
Component: component_1755503806707_82.png
centerX: 0.9161290322580645
centerY: 0.19036762610430322
width: 0.027822580645161292
height: 0.014534055286406384
Area: 0.0001622555824194008
CentroidX: 0.9309
CentroidY: 0.1963
