Location: Kurtxevani_1764_page_10.png_Otsu.png
Component: component_1755610055874_898.png
centerX: 0.20323624595469256
centerY: 0.29747427502338636
width: 0.010355987055016181
height: 0.00841908325537886
Area: 4.329122278026526e-05
CentroidX: 0.2084
CentroidY: 0.3013
