Location: Paraklitoni_1720_page_10.png_Mean-Medain.png
Component: component_1755610055449_1865.png
centerX: 0.8658536585365854
centerY: 0.6721804511278195
width: 0.021341463414634148
height: 0.018546365914786967
Area: 0.00016275444709334312
CentroidX: 0.8752
CentroidY: 0.6813
