Location: internet_26.png_Gaussian-Median.png
Component: component_1755080010471_99.png
centerX: 0.6134623135832326
centerY: 0.22412318220701455
width: 0.008061265618702136
height: 0.03592814371257485
Area: 0.00017159209536245066
CentroidX: 0.6179
CentroidY: 0.2429
