Location: Dedata_18.png_Otsu.png
Component: component_1755511906261_90.png
centerX: 0.26129032258064516
centerY: 0.07124536905101168
width: 0.01975806451612903
height: 0.018238814477058992
Area: 9.399792239310897e-05
CentroidX: 0.2703
CentroidY: 0.0805
