Location: internet_13.png_Gaussian-Closing.png
Component: component_1755088480482_46.png
centerX: 0.07819427650141073
centerY: 0.06729398346164814
width: 0.022168480451430876
height: 0.007984031936127744
Area: 8.493406461677899e-05
CentroidX: 0.0910
CentroidY: 0.0701
