Location: internet_21.png_Mean-Medain.png
Component: component_1755082376341_255.png
centerX: 0.9347037484885127
centerY: 0.6090675791274593
width: 0.010479645304312777
height: 0.043912175648702596
Area: 0.00019136024030708663
CentroidX: 0.9384
CentroidY: 0.6311
