Location: internet_18.png_Otsu.png
Component: component_1755084392624_658.png
centerX: 0.15034260378879485
centerY: 0.41916167664670656
width: 0.021362353889560662
height: 0.013686911890504704
Area: 0.00010033482870155354
CentroidX: 0.1637
CentroidY: 0.4234
