Location: Paraklitoni_1720_page_10.png_Mean-Medain.png
Component: component_1755610055236_371.png
centerX: 0.694359756097561
centerY: 0.13984962406015036
width: 0.025914634146341462
height: 0.008020050125313283
Area: 0.00012836970474967908
CentroidX: 0.7069
CentroidY: 0.1428
