Location: Paraklitoni_1720_page_10.png_Mean-Medain.png
Component: component_1755610055310_1041.png
centerX: 0.21036585365853658
centerY: 0.3799498746867168
width: 0.020579268292682928
height: 0.013533834586466165
Area: 0.0001157619658903356
CentroidX: 0.2203
CentroidY: 0.3876
