Location: Kurtxevani_1764_page_10.png_Otsu.png
Component: component_1755610055909_1080.png
centerX: 0.1825242718446602
centerY: 0.4097287184284378
width: 0.02977346278317152
height: 0.021047708138447148
Area: 0.00029062639069268983
CentroidX: 0.1988
CentroidY: 0.4220
