Location: Samociqulo_1709_page_10.png_Gaussian-Median.png
Component: component_1755610056313_3486.png
centerX: 0.7567567567567568
centerY: 0.86
width: 0.015233415233415233
height: 0.0115625
Area: 9.72051597051597e-05
CentroidX: 0.7641
CentroidY: 0.8652
