Location: Dedata_31.png_Otsu.png
Component: component_1755503061521_230.png
centerX: 0.44516129032258067
centerY: 0.20319179253348532
width: 0.01653225806451613
height: 0.017953833000854943
Area: 9.572160067660118e-05
CentroidX: 0.4512
CentroidY: 0.2136
