Location: Samociqulo_1709_page_10.png_Gaussian-Median.png
Component: component_1755610056266_2748.png
centerX: 0.860933660933661
centerY: 0.67125
width: 0.040294840294840296
height: 0.0203125
Area: 0.0003379914004914005
CentroidX: 0.8790
CentroidY: 0.6809
