Location: Paraklitoni_1720_page_10.png_Mean-Medain.png
Component: component_1755610055379_1714.png
centerX: 0.7964939024390244
centerY: 0.6155388471177945
width: 0.04496951219512195
height: 0.013533834586466165
Area: 0.0002804266764472156
CentroidX: 0.8187
CentroidY: 0.6205
