Location: Kurtxevani_1764_page_10.png_Otsu.png
Component: component_1755610055975_1632.png
centerX: 0.7320388349514563
centerY: 0.6824134705332086
width: 0.045307443365695796
height: 0.0205799812909261
Area: 0.0003820526094314318
CentroidX: 0.7549
CentroidY: 0.6942
