Location: Samociqulo_1709_page_10.png_Gaussian-Median.png
Component: component_1755610056102_614.png
centerX: 0.7685503685503685
centerY: 0.0940625
width: 0.0343980343980344
height: 0.0140625
Area: 0.0002298832923832924
CentroidX: 0.7824
CentroidY: 0.1026
