Location: internet_21.png_Otsu.png
Component: component_1755082376577_70.png
centerX: 0.6054010479645304
centerY: 0.05645851154833191
width: 0.019347037484885126
height: 0.018249215854006275
Area: 0.00010378276095933888
CentroidX: 0.6122
CentroidY: 0.0685
