Location: Paraklitoni_1720_page_10.png_Mean-Medain.png
Component: component_1755610055173_174.png
centerX: 0.6463414634146342
centerY: 0.07318295739348371
width: 0.013719512195121951
height: 0.011528822055137845
Area: 9.245675163518553e-05
CentroidX: 0.6531
CentroidY: 0.0797
