Location: Samociqulo_1709_page_10.png_Gaussian-Median.png
Component: component_1755610056238_2334.png
centerX: 0.975921375921376
centerY: 0.5546875
width: 0.012776412776412777
height: 0.0053125
Area: 1.904176904176904e-05
CentroidX: 0.9808
CentroidY: 0.5581
