Location: Kurtxevani_1784_page_10.png_Gaussian-Closing.png
Component: component_1755610055726_207.png
centerX: 0.3939720129171152
centerY: 0.26294820717131473
width: 0.04736275565123789
height: 0.026294820717131476
Area: 0.000556653901080286
CentroidX: 0.4162
CentroidY: 0.2771
