Location: internet_2.png_Gaussian-Median.png
Component: component_1755095280855_183.png
centerX: 0.8016928657799275
centerY: 0.4579412603364699
width: 0.024989923417976623
height: 0.016538351867693184
Area: 0.00015940940138494243
CentroidX: 0.8125
CentroidY: 0.4668
