Location: Kurtxevani_1764_page_10.png_Otsu.png
Component: component_1755610055819_475.png
centerX: 0.46537216828478967
centerY: 0.13470533208606175
width: 0.02912621359223301
height: 0.019176800748362956
Area: 0.0002739759203925878
CentroidX: 0.4786
CentroidY: 0.1445
