Location: internet_21.png_Gaussian-Median.png
Component: component_1755082377352_282.png
centerX: 0.898024989923418
centerY: 0.5072711719418306
width: 0.016122531237404272
height: 0.01568291987453664
Area: 0.00010228865698096523
CentroidX: 0.9037
CentroidY: 0.5167
