Location: Paraklitoni_1720_page_10.png_Mean-Medain.png
Component: component_1755610055306_998.png
centerX: 0.5449695121951219
centerY: 0.36140350877192984
width: 0.041158536585365856
height: 0.013533834586466165
Area: 0.0002578855675774803
CentroidX: 0.5660
CentroidY: 0.3689
