Location: Kurtxevani_1794_page_10.png_Mean-Medain.png
Component: component_1755610055081_2354.png
centerX: 0.6691992986557569
centerY: 0.745262230057294
width: 0.011104617182933957
height: 0.0123402379903041
Area: 8.912336863666231e-05
CentroidX: 0.6748
CentroidY: 0.7504
