Location: Kurtxevani_1764_page_10.png_Otsu.png
Component: component_1755610055930_1229.png
centerX: 0.2051779935275081
centerY: 0.480823199251637
width: 0.027831715210355986
height: 0.011693171188026192
Area: 0.00023068469761232255
CentroidX: 0.2199
CentroidY: 0.4862
