Location: internet_9.png_Mean-Closing.png
Component: component_1755092072018_243.png
centerX: 0.75453446191052
centerY: 0.5680068434559452
width: 0.024586860137041516
height: 0.03307670373538637
Area: 0.000500180039529394
CentroidX: 0.7675
CentroidY: 0.5845
