Location: Dedata_1.png_Otsu.png
Component: component_1755524255287_823.png
centerX: 0.03064516129032258
centerY: 0.9253348532345398
width: 0.01653225806451613
height: 0.024508406953548018
Area: 8.66435617168755e-05
CentroidX: 0.0388
CentroidY: 0.9388
