Location: Samociqulo_1709_page_10.png_Gaussian-Median.png
Component: component_1755610056254_2537.png
centerX: 0.8137592137592138
centerY: 0.615625
width: 0.014742014742014743
height: 0.0046875
Area: 4.760442260442261e-05
CentroidX: 0.8213
CentroidY: 0.6179
