Location: Dedata_1.png_Otsu.png
Component: component_1755524255265_524.png
centerX: 0.5
centerY: 0.7617554858934169
width: 0.010887096774193548
height: 0.011969222000569962
Area: 3.8840217321357986e-05
CentroidX: 0.5047
CentroidY: 0.7691
