Location: Paraklitoni_1720_page_10.png_Mean-Medain.png
Component: component_1755610055168_131.png
centerX: 0.7987804878048781
centerY: 0.05664160401002506
width: 0.028201219512195123
height: 0.011027568922305764
Area: 0.00018147502903600465
CentroidX: 0.8132
CentroidY: 0.0609
