Location: internet_30.png_Mean-Medain.png
Component: component_1755078353651_215.png
centerX: 0.6864167674324869
centerY: 0.4154548046763616
width: 0.0237807335751713
height: 0.019389791844881665
Area: 0.00016320212686850633
CentroidX: 0.7008
CentroidY: 0.4267
