Location: Paraklitoni_1720_page_10.png_Mean-Medain.png
Component: component_1755610055381_1737.png
centerX: 0.6730182926829268
centerY: 0.6300751879699248
width: 0.028963414634146343
height: 0.014536340852130326
Area: 0.00022197261446298673
CentroidX: 0.6858
CentroidY: 0.6380
