Location: Paraklitoni_1720_page_10.png_Mean-Medain.png
Component: component_1755610055337_1334.png
centerX: 0.6051829268292683
centerY: 0.4857142857142857
width: 0.019817073170731708
height: 0.013032581453634085
Area: 0.00013753896937465616
CentroidX: 0.6146
CentroidY: 0.4932
