Location: Samociqulo_1709_page_10.png_Gaussian-Median.png
Component: component_1755610056255_2544.png
centerX: 0.34987714987714985
centerY: 0.6171875
width: 0.011793611793611793
height: 0.0078125
Area: 4.269041769041769e-05
CentroidX: 0.3551
CentroidY: 0.6212
