Location: internet_26.png_Gaussian-Median.png
Component: component_1755080010528_201.png
centerX: 0.06892382103990327
centerY: 0.41659538066723695
width: 0.006045949214026602
height: 0.032506415739948676
Area: 0.00013148115009688116
CentroidX: 0.0717
CentroidY: 0.4328
