Location: Kurtxevani_1794_page_10.png_Mean-Medain.png
Component: component_1755610054584_278.png
centerX: 0.5563997662185857
centerY: 0.0370207139709123
width: 0.018702513150204558
height: 0.02247686205376818
Area: 0.00019318649270952813
CentroidX: 0.5682
CentroidY: 0.0475
