Location: Samociqulo_1709_page_10.png_Gaussian-Median.png
Component: component_1755610056327_3739.png
centerX: 0.4614250614250614
centerY: 0.911875
width: 0.019164619164619166
height: 0.0096875
Area: 8.015970515970515e-05
CentroidX: 0.4698
CentroidY: 0.9160
