Location: Samociqulo_1709_page_10.png_Gaussian-Median.png
Component: component_1755610056241_2368.png
centerX: 0.6771498771498772
centerY: 0.5659375
width: 0.03194103194103194
height: 0.0159375
Area: 0.00023556511056511056
CentroidX: 0.6904
CentroidY: 0.5735
