Location: Kurtxevani_1794_page_10.png_Mean-Medain.png
Component: component_1755610054819_878.png
centerX: 0.2565751022793688
centerY: 0.23182018510356986
width: 0.08065458796025717
height: 0.02908770383428823
Area: 0.0009594929137906565
CentroidX: 0.2968
CentroidY: 0.2493
