Location: Samociqulo_1709_page_10.png_Gaussian-Median.png
Component: component_1755610056103_656.png
centerX: 0.4152334152334152
centerY: 0.1140625
width: 0.029975429975429974
height: 0.019375
Area: 0.00023863636363636364
CentroidX: 0.4281
CentroidY: 0.1244
