Location: internet_26.png_Mean-Closing.png
Component: component_1755080010172_69.png
centerX: 0.9371221281741233
centerY: 0.1705161106358711
width: 0.01894397420395002
height: 0.010835471913316224
Area: 0.00010585152031401008
CentroidX: 0.9478
CentroidY: 0.1746
