Location: Samociqulo_1709_page_10.png_Gaussian-Median.png
Component: component_1755610056134_1066.png
centerX: 0.6810810810810811
centerY: 0.230625
width: 0.05552825552825553
height: 0.0115625
Area: 0.0003306203931203931
CentroidX: 0.7078
CentroidY: 0.2353
