Location: Dedata_30.png_Otsu.png
Component: component_1755503806535_68.png
centerX: 0.7217741935483871
centerY: 0.14477058991165576
width: 0.02379032258064516
height: 0.01310914790538615
Area: 0.00011502679745171403
CentroidX: 0.7356
CentroidY: 0.1492
