Location: Paraklitoni_1720_page_10.png_Mean-Medain.png
Component: component_1755610055244_409.png
centerX: 0.1524390243902439
centerY: 0.15538847117794485
width: 0.026676829268292682
height: 0.013533834586466165
Area: 0.00016924934286936854
CentroidX: 0.1647
CentroidY: 0.1602
