Location: Paraklitoni_1720_page_10.png_Mean-Medain.png
Component: component_1755610055688_2431.png
centerX: 0.8353658536585366
centerY: 0.8872180451127819
width: 0.014481707317073171
height: 0.007518796992481203
Area: 8.901827740081912e-05
CentroidX: 0.8424
CentroidY: 0.8907
