Location: Dedata_24.png_Otsu.png
Component: component_1755507995212_105.png
centerX: 0.46411290322580645
centerY: 0.140210886292391
width: 0.00967741935483871
height: 0.007124536905101168
Area: 1.528328078029767e-05
CentroidX: 0.4698
CentroidY: 0.1427
