Location: internet_21.png_Gaussian-Closing.png
Component: component_1755082377485_21.png
centerX: 0.8935912938331319
centerY: 0.04305674365554605
width: 0.008464328899637243
height: 0.035642999714856
Area: 0.0001559614691271571
CentroidX: 0.8973
CentroidY: 0.0615
