Location: Dedata_13.png_Otsu.png
Component: component_1755520268572_302.png
centerX: 0.8278225806451613
centerY: 0.40381875178113424
width: 0.00967741935483871
height: 0.011684240524365916
Area: 3.1715680416256816e-05
CentroidX: 0.8308
CentroidY: 0.4101
