Location: internet_15.png_Gaussian-Closing.png
Component: component_1755087704777_129.png
centerX: 0.26440951229343007
centerY: 0.38637011690903905
width: 0.017331721080209594
height: 0.019389791844881665
Area: 0.00010918452149653591
CentroidX: 0.2709
CentroidY: 0.3969
