Location: internet_27.png_Otsu.png
Component: component_1755079634754_537.png
centerX: 0.22329705763804916
centerY: 0.20872540633019676
width: 0.02176541717049577
height: 0.01454234388366125
Area: 7.240657741349225e-05
CentroidX: 0.2369
CentroidY: 0.2134
