Location: Paraklitoni_1720_page_10.png_Mean-Medain.png
Component: component_1755610055371_1692.png
centerX: 0.46265243902439024
centerY: 0.6095238095238096
width: 0.023628048780487805
height: 0.015037593984962405
Area: 0.00018453145057766368
CentroidX: 0.4733
CentroidY: 0.6180
