Location: Paraklitoni_1720_page_10.png_Mean-Medain.png
Component: component_1755610055543_2165.png
centerX: 0.551829268292683
centerY: 0.7969924812030075
width: 0.038109756097560975
height: 0.019548872180451128
Area: 0.0003014395745461214
CentroidX: 0.5704
CentroidY: 0.8075
