Location: internet_30.png_Mean-Medain.png
Component: component_1755078353458_68.png
centerX: 0.021362353889560662
centerY: 0.11206159110350727
width: 0.019750100765820233
height: 0.020245223838038208
Area: 0.00015458229622404297
CentroidX: 0.0334
CentroidY: 0.1232
