Location: internet_21.png_Otsu.png
Component: component_1755082376976_1999.png
centerX: 0.3921805723498589
centerY: 0.5945252352437981
width: 0.014913341394598953
height: 0.025377815796977475
Area: 9.493306816435649e-05
CentroidX: 0.3976
CentroidY: 0.6110
