Location: Kurtxevani_1764_page_10.png_Otsu.png
Component: component_1755610055908_1063.png
centerX: 0.2854368932038835
centerY: 0.3891487371375117
width: 0.018122977346278317
height: 0.013564078578110383
Area: 0.00014198310128632453
CentroidX: 0.2945
CentroidY: 0.3943
