Location: Kurtxevani_1784_page_10.png_Gaussian-Closing.png
Component: component_1755610055721_166.png
centerX: 0.7093649085037675
centerY: 0.20398406374501993
width: 0.03229278794402583
height: 0.02390438247011952
Area: 0.0003833964465067609
CentroidX: 0.7253
CentroidY: 0.2151
