Location: internet_21.png_Gaussian-Closing.png
Component: component_1755082377557_253.png
centerX: 0.22611850060459493
centerY: 0.6033646991730824
width: 0.011688835147118097
height: 0.046763615625891077
Area: 0.00022951735729324446
CentroidX: 0.2307
CentroidY: 0.6261
