Location: Dedata_8.png_Otsu.png
Component: component_1755522187207_60.png
centerX: 0.2
centerY: 0.05500142490738102
width: 0.024193548387096774
height: 0.019663721858079224
Area: 8.744794491583853e-05
CentroidX: 0.2109
CentroidY: 0.0600
