Location: internet_21.png_Otsu.png
Component: component_1755082376586_202.png
centerX: 0.41031841999193874
centerY: 0.1092101511263188
width: 0.009673518742442563
height: 0.037639007698887936
Area: 0.0001859584797698896
CentroidX: 0.4136
CentroidY: 0.1283
