Location: Dedata_6.png_Mean-Medain.png
Component: component_1755522877533_100.png
centerX: 0.9116935483870968
centerY: 0.23140495867768596
width: 0.008870967741935484
height: 0.01396409233399829
Area: 8.744794491583853e-05
CentroidX: 0.9159
CentroidY: 0.2384
