Location: Dedata_13.png_Otsu.png
Component: component_1755520268559_226.png
centerX: 0.49516129032258066
centerY: 0.36306640068395557
width: 0.0064516129032258064
height: 0.012824166429182103
Area: 3.056656156059534e-05
CentroidX: 0.4982
CentroidY: 0.3681
