Location: internet_21.png_Mean-Medain.png
Component: component_1755082376456_324.png
centerX: 0.5965336557839581
centerY: 0.7630453378956373
width: 0.016928657799274487
height: 0.040490447676076416
Area: 0.00023572363535725806
CentroidX: 0.6026
CentroidY: 0.7829
