Location: internet_23.png_Otsu.png
Component: component_1755081841780_141.png
centerX: 0.9447803305118904
centerY: 0.16224693470202453
width: 0.035872632003224506
height: 0.05075563159395495
Area: 0.00015308819224566932
CentroidX: 0.9620
CentroidY: 0.1897
