Location: Paraklitoni_1720_page_10.png_Mean-Medain.png
Component: component_1755610055449_1867.png
centerX: 0.36509146341463417
centerY: 0.6726817042606517
width: 0.020579268292682928
height: 0.012531328320802004
Area: 0.00010735680665077327
CentroidX: 0.3729
CentroidY: 0.6800
