Location: internet_21.png_Mean-Medain.png
Component: component_1755082376376_288.png
centerX: 0.017331721080209594
centerY: 0.6883376104932991
width: 0.01894397420395002
height: 0.02566295979469632
Area: 0.00014320411977335133
CentroidX: 0.0235
CentroidY: 0.7042
