Location: Dedata_31.png_Otsu.png
Component: component_1755503061509_113.png
centerX: 0.8
centerY: 0.12026218295810773
width: 0.016935483870967744
height: 0.020518666286691366
Area: 0.00010847681997444359
CentroidX: 0.8046
CentroidY: 0.1316
