Location: internet_16.png_Otsu.png
Component: component_1755087209300_322.png
centerX: 0.8734381297863765
centerY: 0.16367265469061876
width: 0.012494961708988311
height: 0.026803535785571715
Area: 0.00015917953923442343
CentroidX: 0.8784
CentroidY: 0.1771
