Location: Dedata_8.png_Otsu.png
Component: component_1755522187207_61.png
centerX: 0.24314516129032257
centerY: 0.05528640638358507
width: 0.032661290322580645
height: 0.031062980906241093
Area: 0.00016834591235440665
CentroidX: 0.2565
CentroidY: 0.0666
