Location: Dedata_18.png_Otsu.png
Component: component_1755511906261_89.png
centerX: 0.06653225806451613
centerY: 0.07124536905101168
width: 0.020967741935483872
height: 0.01909375890567113
Area: 0.0001327232278289008
CentroidX: 0.0778
CentroidY: 0.0813
