Location: Dedata_30.png_Otsu.png
Component: component_1755503806549_96.png
centerX: 0.4
centerY: 0.22542034767740096
width: 0.028629032258064516
height: 0.012539184952978056
Area: 0.00011812941836200003
CentroidX: 0.4131
CentroidY: 0.2318
