Location: internet_17.png_Mean-Closing.png
Component: component_1755086411407_80.png
centerX: 0.9669488109633212
centerY: 0.2358140861134873
width: 0.009673518742442563
height: 0.029654975762760195
Area: 0.00014377877514964887
CentroidX: 0.9719
CentroidY: 0.2508
