Location: Paraklitoni_1720_page_10.png_Mean-Medain.png
Component: component_1755610055267_577.png
centerX: 0.5907012195121951
centerY: 0.21654135338345865
width: 0.025914634146341462
height: 0.017543859649122806
Area: 0.00015511339323919554
CentroidX: 0.6028
CentroidY: 0.2252
