Location: internet_17.png_Otsu.png
Component: component_1755086411112_1048.png
centerX: 0.7194679564691656
centerY: 0.6475620188195038
width: 0.01007658202337767
height: 0.03279155973766752
Area: 0.00011654011031314465
CentroidX: 0.7231
CentroidY: 0.6638
