Location: Kurtxevani_1784_page_10.png_Gaussian-Closing.png
Component: component_1755610055711_97.png
centerX: 0.27018299246501615
centerY: 0.13147410358565736
width: 0.09580193756727665
height: 0.027888446215139442
Area: 0.0009186075933081452
CentroidX: 0.3163
CentroidY: 0.1445
