Location: internet_5.png_Gaussian-Median.png
Component: component_1755094087042_164.png
centerX: 0.7601773478436115
centerY: 0.4519532363843741
width: 0.04393389762192664
height: 0.03934987168520103
Area: 0.0009434691968053299
CentroidX: 0.7829
CentroidY: 0.4687
