Location: Dedata_17.png_Otsu.png
Component: component_1755512340180_28.png
centerX: 0.7040322580645161
centerY: 0.060701054431461954
width: 0.017338709677419354
height: 0.0176688515246509
Area: 0.00013410217045569457
CentroidX: 0.7120
CentroidY: 0.0685
