Location: Kurtxevani_1764_page_10.png_Otsu.png
Component: component_1755610055982_1702.png
centerX: 0.2634304207119741
centerY: 0.7165575304022451
width: 0.03171521035598705
height: 0.020112254443405052
Area: 0.00037115411978045596
CentroidX: 0.2777
CentroidY: 0.7271
