Location: Samociqulo_1709_page_10.png_Gaussian-Median.png
Component: component_1755610056135_1107.png
centerX: 0.32383292383292384
centerY: 0.245625
width: 0.013759213759213759
height: 0.005625
Area: 4.683660933660934e-05
CentroidX: 0.3293
CentroidY: 0.2484
