Location: internet_21.png_Otsu.png
Component: component_1755082377147_2486.png
centerX: 0.9266424828698105
centerY: 0.7504990019960079
width: 0.019347037484885126
height: 0.020815511833475905
Area: 0.00013021690826902653
CentroidX: 0.9343
CentroidY: 0.7632
