Location: Kurtxevani_1784_page_10.png_Gaussian-Closing.png
Component: component_1755610055736_284.png
centerX: 0.07965554359526372
centerY: 0.37290836653386455
width: 0.021528525296017224
height: 0.015139442231075698
Area: 0.00022128922415826468
CentroidX: 0.0887
CentroidY: 0.3815
