Location: Paraklitoni_1720_page_10.png_Mean-Medain.png
Component: component_1755610055287_798.png
centerX: 0.15777439024390244
centerY: 0.29724310776942353
width: 0.022103658536585365
height: 0.014035087719298246
Area: 0.00014823644477046275
CentroidX: 0.1676
CentroidY: 0.3041
