Location: Dedata_17.png_Otsu.png
Component: component_1755512340229_455.png
centerX: 0.8258064516129032
centerY: 0.34710743801652894
width: 0.007258064516129033
height: 0.018808777429467086
Area: 5.6191912041846314e-05
CentroidX: 0.8291
CentroidY: 0.3582
