Location: Kurtxevani_1794_page_10.png_Mean-Medain.png
Component: component_1755610055031_1890.png
centerX: 0.12215078901227353
centerY: 0.5724988981930366
width: 0.012857977790765635
height: 0.007933010136624064
Area: 4.868299616280109e-05
CentroidX: 0.1288
CentroidY: 0.5760
