Location: Samociqulo_1709_page_10.png_Gaussian-Median.png
Component: component_1755610056283_2993.png
centerX: 0.3071253071253071
centerY: 0.7453125
width: 0.030466830466830467
height: 0.0178125
Area: 0.00025906019656019653
CentroidX: 0.3205
CentroidY: 0.7539
