Location: Kurtxevani_1784_page_10.png_Gaussian-Closing.png
Component: component_1755610055767_550.png
centerX: 0.42303552206673845
centerY: 0.7466135458167331
width: 0.0688912809472551
height: 0.023107569721115537
Area: 0.0006990337894921927
CentroidX: 0.4597
CentroidY: 0.7541
