Location: Kurtxevani_1784_page_10.png_Gaussian-Closing.png
Component: component_1755610055712_107.png
centerX: 0.18729817007534985
centerY: 0.13306772908366535
width: 0.04520990312163617
height: 0.027888446215139442
Area: 0.0004931833484147372
CentroidX: 0.2090
CentroidY: 0.1476
