Location: Paraklitoni_1720_page_10.png_Mean-Medain.png
Component: component_1755610055260_520.png
centerX: 0.6646341463414634
centerY: 0.19598997493734335
width: 0.026676829268292682
height: 0.013032581453634085
Area: 0.00015167491900482916
CentroidX: 0.6783
CentroidY: 0.2036
