Location: Kurtxevani_1764_page_10.png_Otsu.png
Component: component_1755610055832_587.png
centerX: 0.456957928802589
centerY: 0.1688493919550982
width: 0.009708737864077669
height: 0.01216089803554724
Area: 4.3896694427541696e-05
CentroidX: 0.4623
CentroidY: 0.1731
