Location: Samociqulo_1709_page_10.png_Gaussian-Median.png
Component: component_1755610056145_1247.png
centerX: 0.8265356265356265
centerY: 0.281875
width: 0.019164619164619166
height: 0.006875
Area: 8.108108108108108e-05
CentroidX: 0.8348
CentroidY: 0.2850
