Location: Dedata_26.png_Gaussian-Closing.png
Component: component_1755507054861_29.png
centerX: 0.5733870967741935
centerY: 0.04132231404958678
width: 0.0125
height: 0.013679110857794243
Area: 8.871197565706616e-05
CentroidX: 0.5795
CentroidY: 0.0468
