Location: Kurtxevani_1794_page_10.png_Mean-Medain.png
Component: component_1755610055077_2343.png
centerX: 0.9701928696668615
centerY: 0.7417364477743499
width: 0.012273524254821741
height: 0.007933010136624064
Area: 2.0606559222349667e-05
CentroidX: 0.9756
CentroidY: 0.7456
