Location: Paraklitoni_1720_page_10.png_Mean-Medain.png
Component: component_1755610055245_414.png
centerX: 0.21570121951219512
centerY: 0.1568922305764411
width: 0.012957317073170731
height: 0.008521303258145364
Area: 6.227458891130265e-05
CentroidX: 0.2219
CentroidY: 0.1599
