Location: Kurtxevani_1784_page_10.png_Gaussian-Closing.png
Component: component_1755610055725_196.png
centerX: 0.44241119483315394
centerY: 0.24143426294820716
width: 0.02045209903121636
height: 0.013545816733067729
Area: 0.00018869623765433422
CentroidX: 0.4529
CentroidY: 0.2467
