Location: Dedata_31.png_Mean-Closing.png
Component: component_1755503061310_70.png
centerX: 0.014919354838709677
centerY: 0.09746366486178398
width: 0.014112903225806451
height: 0.015958962667426618
Area: 0.0001031908732384008
CentroidX: 0.0197
CentroidY: 0.1068
