Location: internet_30.png_Mean-Closing.png
Component: component_1755078353319_64.png
centerX: 0.021362353889560662
centerY: 0.11206159110350727
width: 0.019750100765820233
height: 0.020245223838038208
Area: 0.0001540076408477454
CentroidX: 0.0334
CentroidY: 0.1232
