Location: Kurtxevani_1784_page_10.png_Gaussian-Closing.png
Component: component_1755610055714_120.png
centerX: 0.6695371367061357
centerY: 0.1402390438247012
width: 0.038751345532831
height: 0.020717131474103586
Area: 0.0004228511143799399
CentroidX: 0.6886
CentroidY: 0.1476
