Location: Dedata_1.png_Otsu.png
Component: component_1755524255253_454.png
centerX: 0.7649193548387097
centerY: 0.7301225420347678
width: 0.014516129032258065
height: 0.012824166429182103
Area: 6.998133830978406e-05
CentroidX: 0.7725
CentroidY: 0.7366
