Location: Kurtxevani_1764_page_10.png_Otsu.png
Component: component_1755610055987_1733.png
centerX: 0.4815533980582524
centerY: 0.7240411599625819
width: 0.011650485436893204
height: 0.009354536950420954
Area: 6.872103196587562e-05
CentroidX: 0.4876
CentroidY: 0.7280
