Location: Kurtxevani_1764_page_10.png_Otsu.png
Component: component_1755610055984_1719.png
centerX: 0.5488673139158576
centerY: 0.7212347988774556
width: 0.02977346278317152
height: 0.010757717492984098
Area: 0.0001940536629520981
CentroidX: 0.5618
CentroidY: 0.7258
