Location: internet_15.png_Otsu.png
Component: component_1755087705339_600.png
centerX: 0.24586860137041516
centerY: 0.3903621328771029
width: 0.023377670294236194
height: 0.015968063872255488
Area: 7.539478537023954e-05
CentroidX: 0.2558
CentroidY: 0.4014
