Location: internet_8.png_Otsu.png
Component: component_1755092787059_89.png
centerX: 0.6650544135429263
centerY: 0.07641859138865127
width: 0.041112454655380895
height: 0.017393783860849728
Area: 0.00014262946439705376
CentroidX: 0.6871
CentroidY: 0.0847
