Location: Paraklitoni_1720_page_10.png_Mean-Medain.png
Component: component_1755610055258_504.png
centerX: 0.18064024390243902
centerY: 0.19197994987468672
width: 0.013719512195121951
height: 0.012030075187969926
Area: 0.0001069747539580659
CentroidX: 0.1880
CentroidY: 0.1989
