Location: Samociqulo_1709_page_10.png_Gaussian-Median.png
Component: component_1755610056278_2918.png
centerX: 0.7415233415233415
centerY: 0.7228125
width: 0.03587223587223587
height: 0.0159375
Area: 0.00027364864864864866
CentroidX: 0.7576
CentroidY: 0.7303
