Location: Dedata_10.png_Otsu.png
Component: component_1755521621704_403.png
centerX: 0.757258064516129
centerY: 0.17212881162724422
width: 0.02338709677419355
height: 0.01481903676261043
Area: 9.112512525395527e-05
CentroidX: 0.7702
CentroidY: 0.1808
