Location: Dedata_13.png_Otsu.png
Component: component_1755520268441_144.png
centerX: 0.8133064516129033
centerY: 0.2969506982046167
width: 0.00564516129032258
height: 0.009119407238529496
Area: 3.286479927191829e-05
CentroidX: 0.8154
CentroidY: 0.3015
