Location: Samociqulo_1709_page_10.png_Gaussian-Median.png
Component: component_1755610056247_2426.png
centerX: 0.26142506142506144
centerY: 0.583125
width: 0.04176904176904177
height: 0.0171875
Area: 0.00026167076167076165
CentroidX: 0.2825
CentroidY: 0.5906
