Location: Dedata_17.png_Otsu.png
Component: component_1755512340182_38.png
centerX: 0.4306451612903226
centerY: 0.0706754060986036
width: 0.02056451612903226
height: 0.015958962667426618
Area: 0.00011606100442180935
CentroidX: 0.4402
CentroidY: 0.0785
