Location: Samociqulo_1709_page_10.png_Gaussian-Median.png
Component: component_1755610056188_1787.png
centerX: 0.2565110565110565
centerY: 0.3846875
width: 0.030466830466830467
height: 0.00875
Area: 0.00015433046683046683
CentroidX: 0.2725
CentroidY: 0.3888
