Location: Paraklitoni_1720_page_10.png_Mean-Medain.png
Component: component_1755610055337_1336.png
centerX: 0.8673780487804879
centerY: 0.48521303258145365
width: 0.03429878048780488
height: 0.012531328320802004
Area: 0.00021089308637447276
CentroidX: 0.8854
CentroidY: 0.4927
