Location: internet_21.png_Gaussian-Median.png
Component: component_1755082377376_356.png
centerX: 0.16243450221684805
centerY: 0.6201881950384944
width: 0.01652559451833938
height: 0.02281151981750784
Area: 0.00013527387558044503
CentroidX: 0.1690
CentroidY: 0.6340
