Location: internet_21.png_Otsu.png
Component: component_1755082376590_227.png
centerX: 0.17452640064490124
centerY: 0.12375249500998003
width: 0.017331721080209594
height: 0.023952095808383235
Area: 0.00011757448999048026
CentroidX: 0.1809
CentroidY: 0.1390
