Location: internet_30.png_Gaussian-Median.png
Component: component_1755078353898_173.png
centerX: 0.8069326884320839
centerY: 0.3142286854861705
width: 0.01894397420395002
height: 0.014827487881380098
Area: 9.941538009947744e-05
CentroidX: 0.8182
CentroidY: 0.3223
