Location: internet_30.png_Gaussian-Median.png
Component: component_1755078353885_142.png
centerX: 0.19226118500604594
centerY: 0.23980610208155118
width: 0.019347037484885126
height: 0.014827487881380098
Area: 0.00010746055536764325
CentroidX: 0.2035
CentroidY: 0.2478
