Location: Paraklitoni_1720_page_10.png_Mean-Medain.png
Component: component_1755610055160_70.png
centerX: 0.7423780487804879
centerY: 0.03558897243107769
width: 0.013719512195121951
height: 0.008020050125313283
Area: 7.488232777064613e-05
CentroidX: 0.7495
CentroidY: 0.0389
