Location: internet_20.png_Otsu.png
Component: component_1755083652396_479.png
centerX: 0.22087867795243854
centerY: 0.20330767037353864
width: 0.0177347843611447
height: 0.0051325919589392645
Area: 2.1262248923009627e-05
CentroidX: 0.2314
CentroidY: 0.2065
