Location: Samociqulo_1709_page_10.png_Gaussian-Median.png
Component: component_1755610056126_943.png
centerX: 0.6727272727272727
centerY: 0.1946875
width: 0.03194103194103194
height: 0.0159375
Area: 0.00019702088452088452
CentroidX: 0.6863
CentroidY: 0.2035
