Location: Paraklitoni_1720_page_10.png_Mean-Medain.png
Component: component_1755610055684_2415.png
centerX: 0.850609756097561
centerY: 0.8827067669172932
width: 0.025152439024390245
height: 0.016040100250626566
Area: 0.00018414939788495628
CentroidX: 0.8633
CentroidY: 0.8900
