Location: Kurtxevani_1794_page_10.png_Mean-Medain.png
Component: component_1755610055120_2785.png
centerX: 0.4915254237288136
centerY: 0.8792419568091671
width: 0.01928696668614845
height: 0.009255178492728075
Area: 8.886578664638294e-05
CentroidX: 0.5014
CentroidY: 0.8833
