Location: Dedata_22.png_Otsu.png
Component: component_1755510404081_307.png
centerX: 0.6451612903225806
centerY: 0.35081219720718154
width: 0.008870967741935484
height: 0.01481903676261043
Area: 3.401391812757977e-05
CentroidX: 0.6499
CentroidY: 0.3597
