Location: Paraklitoni_1720_page_10.png_Mean-Medain.png
Component: component_1755610055513_2064.png
centerX: 0.2850609756097561
centerY: 0.7553884711779448
width: 0.021341463414634148
height: 0.013533834586466165
Area: 0.00014441591784338897
CentroidX: 0.2949
CentroidY: 0.7622
