Location: internet_8.png_Otsu.png
Component: component_1755092787078_276.png
centerX: 0.2861749294639258
centerY: 0.13401767892785857
width: 0.03829101168883515
height: 0.016538351867693184
Area: 0.00017618933837283113
CentroidX: 0.3076
CentroidY: 0.1411
