Location: Kurtxevani_1764_page_10.png_Otsu.png
Component: component_1755610055867_815.png
centerX: 0.22459546925566343
centerY: 0.2666043030869972
width: 0.011650485436893204
height: 0.009354536950420954
Area: 5.176782584213538e-05
CentroidX: 0.2320
CentroidY: 0.2716
