Location: Kurtxevani_1784_page_10.png_Gaussian-Closing.png
Component: component_1755610055738_304.png
centerX: 0.263724434876211
centerY: 0.401593625498008
width: 0.13670613562970937
height: 0.023107569721115537
Area: 0.0012805612855360045
CentroidX: 0.3294
CentroidY: 0.4145
