Location: Samociqulo_1709_page_10.png_Gaussian-Median.png
Component: component_1755610056151_1354.png
centerX: 0.3488943488943489
centerY: 0.305625
width: 0.03587223587223587
height: 0.0125
Area: 0.00023986486486486487
CentroidX: 0.3664
CentroidY: 0.3106
