Location: internet_21.png_Gaussian-Closing.png
Component: component_1755082377559_265.png
centerX: 0.9113260781942765
centerY: 0.6187624750499002
width: 0.01894397420395002
height: 0.019674935842600515
Area: 0.00010619631353978863
CentroidX: 0.9181
CentroidY: 0.6311
