Location: Dedata_17.png_Otsu.png
Component: component_1755512340243_585.png
centerX: 0.1495967741935484
centerY: 0.44542604730692503
width: 0.0068548387096774195
height: 0.018523795953263037
Area: 4.722878496768678e-05
CentroidX: 0.1525
CentroidY: 0.4563
