Location: Kurtxevani_1794_page_10.png_Mean-Medain.png
Component: component_1755610054933_1409.png
centerX: 0.42489772063120984
centerY: 0.40590568532393123
width: 0.031560490940970194
height: 0.01983252534156016
Area: 0.000281279533385073
CentroidX: 0.4414
CentroidY: 0.4153
