Location: Samociqulo_1709_page_10.png_Gaussian-Median.png
Component: component_1755610056224_2148.png
centerX: 0.4452088452088452
centerY: 0.5078125
width: 0.029484029484029485
height: 0.0171875
Area: 0.00023264742014742013
CentroidX: 0.4588
CentroidY: 0.5159
