Location: Dedata_13.png_Otsu.png
Component: component_1755520268597_432.png
centerX: 0.3294354838709677
centerY: 0.47762895411798234
width: 0.00967741935483871
height: 0.011399259048161869
Area: 3.7116539037865764e-05
CentroidX: 0.3324
CentroidY: 0.4831
