Location: Paraklitoni_1720_page_10.png_Mean-Medain.png
Component: component_1755610055326_1237.png
centerX: 0.4184451219512195
centerY: 0.44912280701754387
width: 0.03201219512195122
height: 0.007518796992481203
Area: 0.00016008007824439146
CentroidX: 0.4352
CentroidY: 0.4525
