Location: Kurtxevani_1794_page_10.png_Mean-Medain.png
Component: component_1755610055006_1673.png
centerX: 0.10403272939801286
centerY: 0.49228735125605994
width: 0.05026300409117475
height: 0.019391802556192154
Area: 0.0003237805617811692
CentroidX: 0.1253
CentroidY: 0.4982
