Location: Kurtxevani_1794_page_10.png_Mean-Medain.png
Component: component_1755610055126_2863.png
centerX: 0.8264172998246639
centerY: 0.8946672542970472
width: 0.008182349503214495
height: 0.0123402379903041
Area: 6.439549756984272e-05
CentroidX: 0.8304
CentroidY: 0.9005
