Location: Paraklitoni_1720_page_10.png_Mean-Medain.png
Component: component_1755610055350_1468.png
centerX: 0.586890243902439
centerY: 0.5303258145363409
width: 0.019817073170731708
height: 0.016040100250626566
Area: 0.0001577877620881472
CentroidX: 0.5959
CentroidY: 0.5383
