Location: internet_21.png_Otsu.png
Component: component_1755082376604_368.png
centerX: 0.7380088673921805
centerY: 0.19846022241231823
width: 0.0068520757758968156
height: 0.007984031936127744
Area: 1.3217073654843821e-05
CentroidX: 0.7411
CentroidY: 0.2015
