Location: Paraklitoni_1720_page_10.png_Mean-Medain.png
Component: component_1755610055313_1073.png
centerX: 0.4496951219512195
centerY: 0.38596491228070173
width: 0.03201219512195122
height: 0.013032581453634085
Area: 0.000252536829879577
CentroidX: 0.4671
CentroidY: 0.3911
