Location: Kurtxevani_1764_page_10.png_Otsu.png
Component: component_1755610055988_1766.png
centerX: 0.7249190938511327
centerY: 0.7436856875584659
width: 0.041423948220064725
height: 0.02666043030869972
Area: 0.00042716024715352643
CentroidX: 0.7455
CentroidY: 0.7556
