Location: Paraklitoni_1720_page_10.png_Mean-Medain.png
Component: component_1755610055161_99.png
centerX: 0.3559451219512195
centerY: 0.047619047619047616
width: 0.022103658536585365
height: 0.016541353383458645
Area: 0.00021318540253071702
CentroidX: 0.3658
CentroidY: 0.0552
