Location: Kurtxevani_1794_page_10.png_Mean-Medain.png
Component: component_1755610054835_909.png
centerX: 0.11805961426066627
centerY: 0.2379903040987219
width: 0.029222676797194622
height: 0.02379903040987219
Area: 0.0004997090611419795
CentroidX: 0.1321
CentroidY: 0.2497
