Location: Kurtxevani_1794_page_10.png_Mean-Medain.png
Component: component_1755610055099_2519.png
centerX: 0.34658094681472823
centerY: 0.7994711326575584
width: 0.01636469900642899
height: 0.009695901278096077
Area: 7.495635917129692e-05
CentroidX: 0.3554
CentroidY: 0.8053
