Location: internet_18.png_Mean-Closing.png
Component: component_1755084392778_211.png
centerX: 0.022168480451430876
centerY: 0.6010835471913316
width: 0.037484885126964934
height: 0.034787567721699456
Area: 0.0008466972314368212
CentroidX: 0.0408
CentroidY: 0.6213
