Location: internet_13.png_Mean-Medain.png
Component: component_1755088480962_177.png
centerX: 0.9020556227327691
centerY: 0.3450242372398061
width: 0.036275695284159616
height: 0.02879954376960365
Area: 0.0006390167784428839
CentroidX: 0.9188
CentroidY: 0.3580
