Location: Kurtxevani_1764_page_10.png_Otsu.png
Component: component_1755610055940_1311.png
centerX: 0.31650485436893205
centerY: 0.5116931711880262
width: 0.011650485436893204
height: 0.011225444340505144
Area: 7.901404996957505e-05
CentroidX: 0.3227
CentroidY: 0.5163
