Location: Dedata_6.png_Otsu.png
Component: component_1755522877199_82.png
centerX: 0.34475806451612906
centerY: 0.1353662011969222
width: 0.0064516129032258064
height: 0.016243944143630663
Area: 7.36585186479008e-05
CentroidX: 0.3475
CentroidY: 0.1437
