Location: Kurtxevani_1784_page_10.png_Gaussian-Closing.png
Component: component_1755610055705_42.png
centerX: 0.620021528525296
centerY: 0.04462151394422311
width: 0.15823466092572658
height: 0.035856573705179286
Area: 0.0016013448895483727
CentroidX: 0.6911
CentroidY: 0.0675
