Location: Paraklitoni_1720_page_10.png_Mean-Medain.png
Component: component_1755610055392_1797.png
centerX: 0.10823170731707317
centerY: 0.6486215538847118
width: 0.038109756097560975
height: 0.016541353383458645
Area: 0.00030793447032214684
CentroidX: 0.1247
CentroidY: 0.6569
