Location: internet_21.png_Gaussian-Median.png
Component: component_1755082377325_127.png
centerX: 0.9081015719467956
centerY: 0.25206729398346167
width: 0.016928657799274487
height: 0.02281151981750784
Area: 0.00015044477751470056
CentroidX: 0.9138
CentroidY: 0.2661
