Location: internet_21.png_Otsu.png
Component: component_1755082376599_342.png
centerX: 0.12212817412333736
centerY: 0.18619903051040776
width: 0.019750100765820233
height: 0.020530367835757058
Area: 0.00012263145730189877
CentroidX: 0.1289
CentroidY: 0.1987
