Location: Dedata_31.png_Otsu.png
Component: component_1755503061505_74.png
centerX: 0.9197580645161291
centerY: 0.08150470219435736
width: 0.017741935483870968
height: 0.01396409233399829
Area: 7.802517029941441e-05
CentroidX: 0.9255
CentroidY: 0.0900
