Location: Dedata_10.png_Otsu.png
Component: component_1755521621675_38.png
centerX: 0.3060483870967742
centerY: 0.04075235109717868
width: 0.022983870967741935
height: 0.0176688515246509
Area: 8.262164572206033e-05
CentroidX: 0.3160
CentroidY: 0.0520
