Location: Kurtxevani_1794_page_10.png_Mean-Medain.png
Component: component_1755610055104_2550.png
centerX: 0.8229105786090006
centerY: 0.8113706478624945
width: 0.015195791934541203
height: 0.007051564565888057
Area: 7.624426912269377e-05
CentroidX: 0.8303
CentroidY: 0.8147
