Location: internet_21.png_Gaussian-Median.png
Component: component_1755082377309_64.png
centerX: 0.1354292623941959
centerY: 0.12574850299401197
width: 0.012898024989923419
height: 0.03992015968063872
Area: 0.00016170802289013268
CentroidX: 0.1394
CentroidY: 0.1457
