Location: Paraklitoni_1720_page_10.png_Mean-Medain.png
Component: component_1755610055692_2634.png
centerX: 0.6821646341463414
centerY: 0.9593984962406015
width: 0.01753048780487805
height: 0.01904761904761905
Area: 0.00013257228436946023
CentroidX: 0.6925
CentroidY: 0.9685
