Location: internet_30.png_Mean-Closing.png
Component: component_1755078353377_303.png
centerX: 0.02539298669891173
centerY: 0.6583974907328201
width: 0.02418379685610641
height: 0.0213857998289136
Area: 0.00016722471450258923
CentroidX: 0.0396
CentroidY: 0.6705
