Location: internet_22.png_Mean-Medain.png
Component: component_1755082123740_12.png
centerX: 0.0177347843611447
centerY: 0.018819503849443968
width: 0.03143893591293833
height: 0.017393783860849728
Area: 0.00025939943686071747
CentroidX: 0.0308
CentroidY: 0.0287
