Location: Kurtxevani_1764_page_10.png_Otsu.png
Component: component_1755610055888_1003.png
centerX: 0.4517799352750809
centerY: 0.3578110383536015
width: 0.010355987055016181
height: 0.009822263797942002
Area: 6.932650361315206e-05
CentroidX: 0.4571
CentroidY: 0.3620
