Location: internet_21.png_Otsu.png
Component: component_1755082376985_2159.png
centerX: 0.35953244659411526
centerY: 0.6213287710293698
width: 0.008464328899637243
height: 0.015397775876817793
Area: 4.9190500211070916e-05
CentroidX: 0.3632
CentroidY: 0.6296
