Location: internet_26.png_Otsu.png
Component: component_1755080009723_175.png
centerX: 0.4199919387343813
centerY: 0.17336755061305958
width: 0.02418379685610641
height: 0.04077559167379527
Area: 0.0002553768492266345
CentroidX: 0.4289
CentroidY: 0.1915
