Location: internet_30.png_Gaussian-Closing.png
Component: component_1755078354241_179.png
centerX: 0.20193470374848851
centerY: 0.3435985172512119
width: 0.020959290608625555
height: 0.014827487881380098
Area: 0.00011964324934515147
CentroidX: 0.2139
CentroidY: 0.3523
