Location: internet_27.png_Otsu.png
Component: component_1755079634750_434.png
centerX: 0.12817412333736397
centerY: 0.17678927858568577
width: 0.013704151551793631
height: 0.013401767892785858
Area: 4.0340807416088534e-05
CentroidX: 0.1329
CentroidY: 0.1848
