Location: Kurtxevani_1764_page_10.png_Otsu.png
Component: component_1755610055984_1720.png
centerX: 0.8485436893203884
centerY: 0.7212347988774556
width: 0.011003236245954692
height: 0.01028999064546305
Area: 6.115263637492015e-05
CentroidX: 0.8554
CentroidY: 0.7259
