Location: internet_21.png_Gaussian-Closing.png
Component: component_1755082377566_297.png
centerX: 0.7041515517936316
centerY: 0.7000285143997719
width: 0.01128577186618299
height: 0.037639007698887936
Area: 0.00019745158729584075
CentroidX: 0.7084
CentroidY: 0.7190
