Location: Dedata_27.png_Mean-Medain.png
Component: component_1755505443192_188.png
centerX: 0.07943548387096774
centerY: 0.5118267312624679
width: 0.06895161290322581
height: 0.020518666286691366
Area: 0.0008410400904586363
CentroidX: 0.1140
CentroidY: 0.5226
