Location: internet_21.png_Mean-Medain.png
Component: component_1755082376338_247.png
centerX: 0.5602579604997985
centerY: 0.5868263473053892
width: 0.02015316404675534
height: 0.02281151981750784
Area: 0.00016573061052421557
CentroidX: 0.5679
CentroidY: 0.6009
