Location: Kurtxevani_1764_page_10.png_Otsu.png
Component: component_1755610055940_1322.png
centerX: 0.7954692556634304
centerY: 0.5243217960710945
width: 0.011003236245954692
height: 0.01028999064546305
Area: 4.904320342939141e-05
CentroidX: 0.8019
CentroidY: 0.5298
