Location: Kurtxevani_1784_page_10.png_Gaussian-Closing.png
Component: component_1755610055775_619.png
centerX: 0.7717976318622174
centerY: 0.847808764940239
width: 0.062432723358449946
height: 0.022310756972111555
Area: 0.0006707293538440425
CentroidX: 0.8061
CentroidY: 0.8564
