Location: Dedata_13.png_Otsu.png
Component: component_1755520268478_199.png
centerX: 0.8955645161290322
centerY: 0.34340267882587633
width: 0.018145161290322582
height: 0.014534055286406384
Area: 9.698563141782881e-05
CentroidX: 0.9043
CentroidY: 0.3512
