Location: internet_2.png_Gaussian-Median.png
Component: component_1755095280864_219.png
centerX: 0.8230552196694881
centerY: 0.5605930995152552
width: 0.027005239822652155
height: 0.01710863986313088
Area: 0.00016021391891175903
CentroidX: 0.8349
CentroidY: 0.5696
