Location: internet_15.png_Gaussian-Median.png
Component: component_1755087704649_157.png
centerX: 0.19145505844417574
centerY: 0.34702024522383806
width: 0.016928657799274487
height: 0.01996007984031936
Area: 0.00010757548644290276
CentroidX: 0.1976
CentroidY: 0.3582
