Location: Dedata_17.png_Otsu.png
Component: component_1755512340206_240.png
centerX: 0.552016129032258
centerY: 0.22570532915360503
width: 0.020967741935483872
height: 0.015104018238814477
Area: 0.0001139925904816187
CentroidX: 0.5624
CentroidY: 0.2333
