Location: Kurtxevani_1764_page_10.png_Otsu.png
Component: component_1755610055874_899.png
centerX: 0.3320388349514563
centerY: 0.2979420018709074
width: 0.011003236245954692
height: 0.009354536950420954
Area: 6.266631549311125e-05
CentroidX: 0.3385
CentroidY: 0.3017
