Location: Kurtxevani_1764_page_10.png_Otsu.png
Component: component_1755610055983_1713.png
centerX: 0.7792880258899676
centerY: 0.7193638914873713
width: 0.038187702265372166
height: 0.018709073900841908
Area: 0.00035601732859854505
CentroidX: 0.7977
CentroidY: 0.7264
