Location: Samociqulo_1709_page_10.png_Gaussian-Median.png
Component: component_1755610056091_508.png
centerX: 0.11793611793611794
centerY: 0.07125
width: 0.019656019656019656
height: 0.0090625
Area: 5.236486486486487e-05
CentroidX: 0.1259
CentroidY: 0.0759
