Location: Kurtxevani_1794_page_10.png_Mean-Medain.png
Component: component_1755610054839_914.png
centerX: 0.25832846288720046
centerY: 0.2384310268840899
width: 0.009935710111046173
height: 0.00749228735125606
Area: 4.456168431833116e-05
CentroidX: 0.2631
CentroidY: 0.2418
