Location: internet_3.png_Gaussian-Median.png
Component: component_1755094757358_338.png
centerX: 0.9314792422410318
centerY: 0.9458226404334189
width: 0.04393389762192664
height: 0.04704875962360992
Area: 0.0006160305633909816
CentroidX: 0.9515
CentroidY: 0.9676
