Location: Kurtxevani_1764_page_10.png_Otsu.png
Component: component_1755610056012_2031.png
centerX: 0.23106796116504855
centerY: 0.8470533208606174
width: 0.012944983818770227
height: 0.010757717492984098
Area: 0.00010020555762425036
CentroidX: 0.2375
CentroidY: 0.8518
