Location: internet_24.png_Otsu.png
Component: component_1755081215985_380.png
centerX: 0.09270455461507457
centerY: 0.08326204733390362
width: 0.011688835147118097
height: 0.00427715996578272
Area: 2.0802524621971582e-05
CentroidX: 0.0965
CentroidY: 0.0855
