Location: Kurtxevani_1784_page_10.png_Gaussian-Closing.png
Component: component_1755610055769_565.png
centerX: 0.8030139935414424
centerY: 0.7729083665338645
width: 0.04305705059203445
height: 0.02151394422310757
Area: 0.0004056969109568186
CentroidX: 0.8262
CentroidY: 0.7846
