Location: Dedata_24.png_Otsu.png
Component: component_1755507995216_172.png
centerX: 0.9092741935483871
centerY: 0.15616984895981761
width: 0.02338709677419355
height: 0.013394129381590196
Area: 8.526461909008172e-05
CentroidX: 0.9209
CentroidY: 0.1639
