Location: Kurtxevani_1794_page_10.png_Mean-Medain.png
Component: component_1755610055019_1777.png
centerX: 0.7761542957334892
centerY: 0.5226972234464522
width: 0.010520163646990065
height: 0.0123402379903041
Area: 8.912336863666231e-05
CentroidX: 0.7813
CentroidY: 0.5286
