Location: Samociqulo_1709_page_10.png_Gaussian-Median.png
Component: component_1755610056200_1865.png
centerX: 0.44963144963144963
centerY: 0.41125
width: 0.021621621621621623
height: 0.0125
Area: 0.00013805282555282556
CentroidX: 0.4608
CentroidY: 0.4159
