Location: Dedata_13.png_Otsu.png
Component: component_1755520268423_32.png
centerX: 0.44879032258064516
centerY: 0.062125961812482186
width: 0.020967741935483872
height: 0.01310914790538615
Area: 9.583651256216733e-05
CentroidX: 0.4569
CentroidY: 0.0690
