Location: Samociqulo_1709_page_10.png_Gaussian-Median.png
Component: component_1755610056331_3871.png
centerX: 0.07371007371007371
centerY: 0.94
width: 0.04864864864864865
height: 0.0121875
Area: 0.00013943488943488945
CentroidX: 0.1006
CentroidY: 0.9468
