Location: Kurtxevani_1794_page_10.png_Mean-Medain.png
Component: component_1755610054976_1516.png
centerX: 0.37697253068381065
centerY: 0.4363155575143235
width: 0.023378141437755698
height: 0.010577346848832084
Area: 0.00017000411358438476
CentroidX: 0.3893
CentroidY: 0.4408
