Location: Paraklitoni_1720_page_10.png_Mean-Medain.png
Component: component_1755610055483_1932.png
centerX: 0.65625
centerY: 0.6982456140350877
width: 0.039634146341463415
height: 0.013032581453634085
Area: 0.00021242129714530228
CentroidX: 0.6743
CentroidY: 0.7025
