Location: Dedata_17.png_Otsu.png
Component: component_1755512340203_225.png
centerX: 0.9225806451612903
centerY: 0.201196922200057
width: 0.02620967741935484
height: 0.017098888572242805
Area: 0.0001461679184401401
CentroidX: 0.9356
CentroidY: 0.2113
