Location: Dedata_17.png_Otsu.png
Component: component_1755512340184_52.png
centerX: 0.7008064516129032
centerY: 0.07836990595611286
width: 0.010887096774193548
height: 0.021373610715303505
Area: 5.6651559584110904e-05
CentroidX: 0.7050
CentroidY: 0.0906
