Location: Dedata_10.png_Otsu.png
Component: component_1755521621702_341.png
centerX: 0.3725806451612903
centerY: 0.15645483043602165
width: 0.008870967741935484
height: 0.012539184952978056
Area: 3.907004109249028e-05
CentroidX: 0.3751
CentroidY: 0.1636
