Location: Kurtxevani_1764_page_10.png_Otsu.png
Component: component_1755610055806_101.png
centerX: 0.3585760517799353
centerY: 0.04957904583723106
width: 0.016181229773462782
height: 0.01824134705332086
Area: 3.75392421311391e-05
CentroidX: 0.3649
CentroidY: 0.0586
