Location: Kurtxevani_1794_page_10.png_Mean-Medain.png
Component: component_1755610054827_899.png
centerX: 0.3945061367621274
centerY: 0.2371088585279859
width: 0.02571595558153127
height: 0.02247686205376818
Area: 0.0003374324072659758
CentroidX: 0.4071
CentroidY: 0.2477
