Location: internet_30.png_Gaussian-Closing.png
Component: component_1755078354037_31.png
centerX: 0.8484482063683998
centerY: 0.05645851154833191
width: 0.018540910923014912
height: 0.018249215854006275
Area: 0.00014630725880535812
CentroidX: 0.8600
CentroidY: 0.0670
