Location: internet_26.png_Otsu.png
Component: component_1755080009736_368.png
centerX: 0.17654171704957677
centerY: 0.29312802965497575
width: 0.008061265618702136
height: 0.03877958368976333
Area: 8.723268612196923e-05
CentroidX: 0.1790
CentroidY: 0.3126
