Location: Kurtxevani_1764_page_10.png_Otsu.png
Component: component_1755610055886_991.png
centerX: 0.9022653721682848
centerY: 0.3521983161833489
width: 0.01488673139158576
height: 0.015434985968194575
Area: 0.0001189751786898199
CentroidX: 0.9092
CentroidY: 0.3609
