Location: internet_21.png_Otsu.png
Component: component_1755082376588_209.png
centerX: 0.5042321644498187
centerY: 0.11320216709438266
width: 0.019347037484885126
height: 0.022241231822070145
Area: 0.00014952532891262445
CentroidX: 0.5110
CentroidY: 0.1269
