Location: Paraklitoni_1720_page_10.png_Mean-Medain.png
Component: component_1755610055317_1131.png
centerX: 0.3826219512195122
centerY: 0.4070175438596491
width: 0.014481707317073171
height: 0.009523809523809525
Area: 9.436701509872242e-05
CentroidX: 0.3898
CentroidY: 0.4106
