Location: Dedata_10.png_Otsu.png
Component: component_1755521621699_321.png
centerX: 0.7786290322580646
centerY: 0.14648047876888
width: 0.008870967741935484
height: 0.014534055286406384
Area: 4.3206868972871605e-05
CentroidX: 0.7840
CentroidY: 0.1549
