Location: Dedata_21.png_Otsu.png
Component: component_1755511065864_18.png
centerX: 0.17943548387096775
centerY: 0.00968937019093759
width: 0.00967741935483871
height: 0.014249073810202337
Area: 4.653931365428989e-05
CentroidX: 0.1844
CentroidY: 0.0168
