Location: Samociqulo_1709_page_10.png_Gaussian-Median.png
Component: component_1755610056179_1677.png
centerX: 0.8334152334152334
centerY: 0.3525
width: 0.029484029484029485
height: 0.0171875
Area: 0.00020546683046683046
CentroidX: 0.8457
CentroidY: 0.3614
