Location: Samociqulo_1709_page_10.png_Gaussian-Median.png
Component: component_1755610056259_2646.png
centerX: 0.3488943488943489
centerY: 0.643125
width: 0.04275184275184275
height: 0.015625
Area: 0.00029345823095823097
CentroidX: 0.3704
CentroidY: 0.6509
