Location: Paraklitoni_1720_page_10.png_Mean-Medain.png
Component: component_1755610055240_388.png
centerX: 0.34527439024390244
centerY: 0.15087719298245614
width: 0.011432926829268292
height: 0.014536340852130326
Area: 0.0001138517024267987
CentroidX: 0.3508
CentroidY: 0.1578
