Location: internet_21.png_Otsu.png
Component: component_1755082377186_2677.png
centerX: 0.841193067311568
centerY: 0.8232107214143143
width: 0.017331721080209594
height: 0.016253207869974338
Area: 0.00010711576214186471
CentroidX: 0.8473
CentroidY: 0.8337
