Location: Dedata_17.png_Otsu.png
Component: component_1755512340227_436.png
centerX: 0.6012096774193548
centerY: 0.33998290111142776
width: 0.0125
height: 0.01396409233399829
Area: 5.021649399240662e-05
CentroidX: 0.6043
CentroidY: 0.3480
