Location: Kurtxevani_1764_page_10.png_Otsu.png
Component: component_1755610055829_567.png
centerX: 0.5831715210355987
centerY: 0.16510757717492985
width: 0.03300970873786408
height: 0.019644527595884004
Area: 0.0002788196935707993
CentroidX: 0.5973
CentroidY: 0.1767
