Location: Dedata_31.png_Gaussian-Closing.png
Component: component_1755503061921_66.png
centerX: 0.2737903225806452
centerY: 0.08976916500427472
width: 0.02056451612903226
height: 0.017953833000854943
Area: 0.00012111712738671986
CentroidX: 0.2813
CentroidY: 0.1004
