Location: Paraklitoni_1720_page_10.png_Mean-Medain.png
Component: component_1755610055321_1167.png
centerX: 0.21341463414634146
centerY: 0.42155388471177946
width: 0.025914634146341462
height: 0.017042606516290727
Area: 0.00018988018827556698
CentroidX: 0.2264
CentroidY: 0.4303
