Location: internet_21.png_Gaussian-Median.png
Component: component_1755082377365_322.png
centerX: 0.5364772269246272
centerY: 0.5805531793555746
width: 0.014107214832728738
height: 0.045337895637296836
Area: 0.0002368729461098532
CentroidX: 0.5423
CentroidY: 0.6026
