Location: Samociqulo_1709_page_10.png_Gaussian-Median.png
Component: component_1755610056137_1128.png
centerX: 0.6034398034398034
centerY: 0.250625
width: 0.022604422604422605
height: 0.0134375
Area: 0.0001693796068796069
CentroidX: 0.6147
CentroidY: 0.2566
