Location: Dedata_24.png_Otsu.png
Component: component_1755507995238_387.png
centerX: 0.08790322580645162
centerY: 0.26132801367911085
width: 0.00564516129032258
height: 0.006554573952693075
Area: 2.0224491859642027e-05
CentroidX: 0.0904
CentroidY: 0.2644
