Location: internet_17.png_Otsu.png
Component: component_1755086411091_816.png
centerX: 0.007255139056831923
centerY: 0.3895067008839464
width: 0.024586860137041516
height: 0.016823495865412035
Area: 0.00013263046084947627
CentroidX: 0.0184
CentroidY: 0.3986
