Location: Kurtxevani_1794_page_10.png_Mean-Medain.png
Component: component_1755610054895_1186.png
centerX: 0.7744009351256576
centerY: 0.33450859409431466
width: 0.022793687901811806
height: 0.010136624063464082
Area: 0.00015686743208013685
CentroidX: 0.7864
CentroidY: 0.3390
