Location: Samociqulo_1709_page_10.png_Gaussian-Median.png
Component: component_1755610056272_2828.png
centerX: 0.5788697788697789
centerY: 0.6965625
width: 0.0343980343980344
height: 0.01875
Area: 0.0002843980343980344
CentroidX: 0.5941
CentroidY: 0.7057
