Location: Paraklitoni_1720_page_10.png_Mean-Medain.png
Component: component_1755610055540_2133.png
centerX: 0.875
centerY: 0.7774436090225564
width: 0.04725609756097561
height: 0.015037593984962405
Area: 0.00029914725838987714
CentroidX: 0.8988
CentroidY: 0.7859
