Location: Paraklitoni_1720_page_10.png_Mean-Medain.png
Component: component_1755610055345_1426.png
centerX: 0.8429878048780488
centerY: 0.5117794486215539
width: 0.025914634146341462
height: 0.008521303258145364
Area: 0.00012913381013509383
CentroidX: 0.8557
CentroidY: 0.5153
