Location: Dedata_27.png_Gaussian-Median.png
Component: component_1755505442758_190.png
centerX: 0.07943548387096774
centerY: 0.5118267312624679
width: 0.06895161290322581
height: 0.020518666286691366
Area: 0.0007662324529550741
CentroidX: 0.1138
CentroidY: 0.5226
