Location: internet_15.png_Gaussian-Median.png
Component: component_1755087704651_175.png
centerX: 0.6400644901249496
centerY: 0.3661248930710009
width: 0.015719467956469165
height: 0.018249215854006275
Area: 0.00011044876332439055
CentroidX: 0.6458
CentroidY: 0.3758
