Location: Dedata_31.png_Otsu.png
Component: component_1755503061545_311.png
centerX: 0.10725806451612903
centerY: 0.3066400683955543
width: 0.018548387096774192
height: 0.019948703334283273
Area: 0.00010790226054661286
CentroidX: 0.1152
CentroidY: 0.3174
