Location: internet_26.png_Mean-Closing.png
Component: component_1755080010194_120.png
centerX: 0.2845626763401854
centerY: 0.3033932135728543
width: 0.019750100765820233
height: 0.014257199885942401
Area: 0.00010941438364705494
CentroidX: 0.2966
CentroidY: 0.3087
