Location: Kurtxevani_1764_page_10.png_Otsu.png
Component: component_1755610055807_135.png
centerX: 0.22200647249190938
centerY: 0.06220767072029935
width: 0.08349514563106795
height: 0.021047708138447148
Area: 0.0008083046491140436
CentroidX: 0.2647
CentroidY: 0.0733
