Location: Dedata_3.png_Mean-Medain.png
Component: component_1755523486062_3.png
centerX: 0.9931451612903226
centerY: 0.0005699629524080935
width: 0.0068548387096774195
height: 0.01937874038187518
Area: 4.205775011721012e-05
CentroidX: 0.9978
CentroidY: 0.0076
