Location: Dedata_10.png_Otsu.png
Component: component_1755521621696_252.png
centerX: 0.2814516129032258
centerY: 0.12909660872043316
width: 0.02217741935483871
height: 0.015104018238814477
Area: 7.940411292620818e-05
CentroidX: 0.2914
CentroidY: 0.1384
