Location: internet_27.png_Otsu.png
Component: component_1755079634758_642.png
centerX: 0.11970979443772672
centerY: 0.23353293413173654
width: 0.008464328899637243
height: 0.0071285999429712005
Area: 9.9990035475775e-06
CentroidX: 0.1228
CentroidY: 0.2380
