Location: Dedata_1.png_Otsu.png
Component: component_1755524255285_806.png
centerX: 0.3084677419354839
centerY: 0.9130806497577657
width: 0.01653225806451613
height: 0.012254203476774009
Area: 0.00010870664374557589
CentroidX: 0.3172
CentroidY: 0.9188
