Location: Kurtxevani_1784_page_10.png_Gaussian-Closing.png
Component: component_1755610055776_625.png
centerX: 0.04090419806243272
centerY: 0.8717131474103585
width: 0.06458557588805167
height: 0.0350597609561753
Area: 0.0009443388984428272
CentroidX: 0.0698
CentroidY: 0.8892
