Location: internet_30.png_Mean-Closing.png
Component: component_1755078353376_297.png
centerX: 0.2619911326078194
centerY: 0.6487025948103793
width: 0.021362353889560662
height: 0.017964071856287425
Area: 0.00013630825525778062
CentroidX: 0.2750
CentroidY: 0.6590
