Location: Paraklitoni_1720_page_10.png_Mean-Medain.png
Component: component_1755610055179_200.png
centerX: 0.8384146341463414
centerY: 0.07769423558897243
width: 0.019054878048780487
height: 0.017543859649122806
Area: 0.00010124396356745523
CentroidX: 0.8466
CentroidY: 0.0844
