Location: internet_15.png_Otsu.png
Component: component_1755087705200_56.png
centerX: 0.24989923417976623
centerY: 0.05303678357570573
width: 0.030632809351068116
height: 0.0213857998289136
Area: 0.00022664408041175667
CentroidX: 0.2623
CentroidY: 0.0664
