Location: Paraklitoni_1720_page_10.png_Mean-Medain.png
Component: component_1755610055315_1107.png
centerX: 0.4100609756097561
centerY: 0.40150375939849625
width: 0.04496951219512195
height: 0.013533834586466165
Area: 0.0003308576318845895
CentroidX: 0.4333
CentroidY: 0.4092
