Location: Kurtxevani_1764_page_10.png_Otsu.png
Component: component_1755610055975_1640.png
centerX: 0.21941747572815534
centerY: 0.6847521047708138
width: 0.036245954692556634
height: 0.020112254443405052
Area: 0.0003599528943058419
CentroidX: 0.2365
CentroidY: 0.6951
