Location: Kurtxevani_1764_page_10.png_Otsu.png
Component: component_1755610055830_571.png
centerX: 0.47508090614886733
centerY: 0.16604303086997194
width: 0.0343042071197411
height: 0.019176800748362956
Area: 0.0003299820477656583
CentroidX: 0.4925
CentroidY: 0.1767
