Location: Samociqulo_1709_page_10.png_Gaussian-Median.png
Component: component_1755610056246_2402.png
centerX: 0.7646191646191646
centerY: 0.573125
width: 0.0457002457002457
height: 0.011875
Area: 0.00025936732186732184
CentroidX: 0.7881
CentroidY: 0.5778
