Location: internet_21.png_Otsu.png
Component: component_1755082376591_257.png
centerX: 0.28053204353083433
centerY: 0.1360136869118905
width: 0.020556227327690448
height: 0.010550327915597377
Area: 5.0914466339963594e-05
CentroidX: 0.2917
CentroidY: 0.1413
