Location: Dedata_24.png_Otsu.png
Component: component_1755507995227_302.png
centerX: 0.13790322580645162
centerY: 0.21487603305785125
width: 0.0068548387096774195
height: 0.007694499857509262
Area: 1.6432399635959146e-05
CentroidX: 0.1413
CentroidY: 0.2196
