Location: Paraklitoni_1720_page_10.png_Mean-Medain.png
Component: component_1755610055340_1355.png
centerX: 0.6257621951219512
centerY: 0.4907268170426065
width: 0.014481707317073171
height: 0.013032581453634085
Area: 0.00010009780548933308
CentroidX: 0.6320
CentroidY: 0.4959
