Location: internet_30.png_Mean-Medain.png
Component: component_1755078353447_37.png
centerX: 0.35227730753728337
centerY: 0.05959509552323924
width: 0.023377670294236194
height: 0.020245223838038208
Area: 0.00017205181966348872
CentroidX: 0.3663
CentroidY: 0.0712
