Location: internet_21.png_Gaussian-Closing.png
Component: component_1755082377547_226.png
centerX: 0.17613865376864168
centerY: 0.5374964357000285
width: 0.01007658202337767
height: 0.05246649558026804
Area: 0.0001969918629948027
CentroidX: 0.1792
CentroidY: 0.5646
