Location: Samociqulo_1709_page_10.png_Gaussian-Median.png
Component: component_1755610056133_1049.png
centerX: 0.33906633906633904
centerY: 0.2253125
width: 0.03292383292383293
height: 0.015625
Area: 0.00019947788697788699
CentroidX: 0.3530
CentroidY: 0.2331
