Location: Dedata_21.png_Gaussian-Closing.png
Component: component_1755511065696_172.png
centerX: 0.6681451612903225
centerY: 0.4072385294955828
width: 0.006048387096774193
height: 0.005699629524080934
Area: 1.4938545123599225e-05
CentroidX: 0.6706
CentroidY: 0.4100
