Location: Samociqulo_1709_page_10.png_Gaussian-Median.png
Component: component_1755610056140_1197.png
centerX: 0.012776412776412777
centerY: 0.27125
width: 0.0068796068796068794
height: 0.005625
Area: 1.5202702702702702e-05
CentroidX: 0.0162
CentroidY: 0.2741
