Location: Kurtxevani_1794_page_10.png_Mean-Medain.png
Component: component_1755610055038_1963.png
centerX: 0.36294564582115724
centerY: 0.6121639488761569
width: 0.025131502045587374
height: 0.036579991185544294
Area: 0.00025062727654182786
CentroidX: 0.3733
CentroidY: 0.6307
