Location: internet_2.png_Gaussian-Median.png
Component: component_1755095280872_250.png
centerX: 0.9790407093913744
centerY: 0.6569717707442259
width: 0.020959290608625555
height: 0.014257199885942401
Area: 0.00012676897601124118
CentroidX: 0.9879
CentroidY: 0.6649
