Location: internet_11.png_Gaussian-Closing.png
Component: component_1755091164192_135.png
centerX: 0.6166868198307134
centerY: 0.4368406045052752
width: 0.006449012494961709
height: 0.026518391787852865
Area: 0.00012642418278546264
CentroidX: 0.6199
CentroidY: 0.4506
