Location: Kurtxevani_1784_page_10.png_Gaussian-Closing.png
Component: component_1755610055733_253.png
centerX: 0.5866523143164694
centerY: 0.33306772908366533
width: 0.03982777179763186
height: 0.02390438247011952
Area: 0.00047517143482045984
CentroidX: 0.6045
CentroidY: 0.3450
