Location: internet_13.png_Mean-Medain.png
Component: component_1755088480935_42.png
centerX: 0.2688432083837162
centerY: 0.06187624750499002
width: 0.027005239822652155
height: 0.01311662389506701
Area: 0.0001280332178390958
CentroidX: 0.2857
CentroidY: 0.0668
