Location: Samociqulo_1709_page_10.png_Gaussian-Median.png
Component: component_1755610056089_436.png
centerX: 0.0009828009828009828
centerY: 0.0628125
width: 0.011302211302211302
height: 0.009375
Area: 4.53009828009828e-05
CentroidX: 0.0078
CentroidY: 0.0668
