Location: internet_18.png_Otsu.png
Component: component_1755084392604_425.png
centerX: 0.5215638855300282
centerY: 0.2167094382663245
width: 0.011688835147118097
height: 0.00998003992015968
Area: 4.631722332958313e-05
CentroidX: 0.5261
CentroidY: 0.2227
