Location: Dedata_31.png_Otsu.png
Component: component_1755503061514_166.png
centerX: 0.5004032258064516
centerY: 0.1632943858649188
width: 0.01532258064516129
height: 0.028498147620404674
Area: 0.00010709787734764982
CentroidX: 0.5104
CentroidY: 0.1796
