Location: Kurtxevani_1764_page_10.png_Otsu.png
Component: component_1755610055936_1294.png
centerX: 0.1786407766990291
centerY: 0.5102899906454631
width: 0.022653721682847898
height: 0.013564078578110383
Area: 0.00020555762425035042
CentroidX: 0.1893
CentroidY: 0.5159
