Location: Dedata_13.png_Otsu.png
Component: component_1755520268444_156.png
centerX: 0.552016129032258
centerY: 0.30265032772869765
width: 0.010080645161290322
height: 0.012539184952978056
Area: 4.0334071833717906e-05
CentroidX: 0.5578
CentroidY: 0.3083
