Location: Kurtxevani_1764_page_10.png_Otsu.png
Component: component_1755610055841_665.png
centerX: 0.20258899676375405
centerY: 0.20065481758652948
width: 0.02912621359223301
height: 0.013096351730589336
Area: 0.00022523545278683462
CentroidX: 0.2168
CentroidY: 0.2079
