Location: Paraklitoni_1720_page_10.png_Mean-Medain.png
Component: component_1755610055316_1113.png
centerX: 0.5594512195121951
centerY: 0.4025062656641604
width: 0.022865853658536585
height: 0.012531328320802004
Area: 0.00016199034170792835
CentroidX: 0.5699
CentroidY: 0.4100
