Location: internet_21.png_Mean-Medain.png
Component: component_1755082376446_320.png
centerX: 0.9262394195888755
centerY: 0.7502138579982891
width: 0.020556227327690448
height: 0.021100655831194755
Area: 0.00016963826708303896
CentroidX: 0.9348
CentroidY: 0.7635
