Location: Kurtxevani_1764_page_10.png_Otsu.png
Component: component_1755610055804_88.png
centerX: 0.9889967637540453
centerY: 0.03554724041159962
width: 0.011003236245954692
height: 0.3699719363891487
Area: 0.003172974167552169
CentroidX: 0.9953
CentroidY: 0.2263
