Location: internet_17.png_Otsu.png
Component: component_1755086411066_68.png
centerX: 0.1007658202337767
centerY: 0.12375249500998003
width: 0.015316404675534058
height: 0.031080695751354435
Area: 0.000154812158374562
CentroidX: 0.1074
CentroidY: 0.1391
