Location: Kurtxevani_1794_page_10.png_Mean-Medain.png
Component: component_1755610054813_818.png
centerX: 0.9123319696084161
centerY: 0.20625826355222565
width: 0.013442431326709527
height: 0.013662406346408109
Area: 8.191107290883993e-05
CentroidX: 0.9190
CentroidY: 0.2123
