Location: Paraklitoni_1720_page_10.png_Mean-Medain.png
Component: component_1755610055377_1708.png
centerX: 0.864329268292683
centerY: 0.6145363408521304
width: 0.026676829268292682
height: 0.009022556390977444
Area: 0.00014403386515068157
CentroidX: 0.8773
CentroidY: 0.6187
