Location: Kurtxevani_1784_page_10.png_Gaussian-Closing.png
Component: component_1755610055735_280.png
centerX: 0.7642626480086114
centerY: 0.3697211155378486
width: 0.0527448869752422
height: 0.016733067729083666
Area: 0.0004056969109568186
CentroidX: 0.7910
CentroidY: 0.3792
