Location: Kurtxevani_1784_page_10.png_Gaussian-Closing.png
Component: component_1755610055719_153.png
centerX: 0.04520990312163617
centerY: 0.19840637450199203
width: 0.02906350914962325
height: 0.02390438247011952
Area: 0.00042542424489340805
CentroidX: 0.0583
CentroidY: 0.2123
