Location: Paraklitoni_1720_page_10.png_Mean-Medain.png
Component: component_1755610055355_1526.png
centerX: 0.5480182926829268
centerY: 0.5473684210526316
width: 0.022865853658536585
height: 0.01904761904761905
Area: 0.00024107524909835565
CentroidX: 0.5583
CentroidY: 0.5560
