Location: internet_17.png_Gaussian-Median.png
Component: component_1755086411237_99.png
centerX: 0.9669488109633212
centerY: 0.2358140861134873
width: 0.009673518742442563
height: 0.029940119760479042
Area: 0.00013791729031141379
CentroidX: 0.9719
CentroidY: 0.2509
