Location: Dedata_17.png_Otsu.png
Component: component_1755512340219_355.png
centerX: 0.34233870967741936
centerY: 0.2969506982046167
width: 0.014516129032258065
height: 0.015388999715018524
Area: 5.550244072844943e-05
CentroidX: 0.3471
CentroidY: 0.3057
