Location: Paraklitoni_1720_page_10.png_Mean-Medain.png
Component: component_1755610055689_2458.png
centerX: 0.8094512195121951
centerY: 0.9022556390977443
width: 0.010670731707317074
height: 0.013032581453634085
Area: 8.557980316645271e-05
CentroidX: 0.8138
CentroidY: 0.9097
