Location: Paraklitoni_1720_page_10.png_Mean-Medain.png
Component: component_1755610055439_1838.png
centerX: 0.7126524390243902
centerY: 0.6576441102756893
width: 0.02972560975609756
height: 0.013533834586466165
Area: 0.00020974692829635064
CentroidX: 0.7265
CentroidY: 0.6626
