Location: internet_21.png_Otsu.png
Component: component_1755082376605_384.png
centerX: 0.8218460298266828
centerY: 0.20216709438266325
width: 0.0177347843611447
height: 0.017678927858568578
Area: 0.0001019438637551867
CentroidX: 0.8284
CentroidY: 0.2140
