Location: internet_21.png_Otsu.png
Component: component_1755082376897_1283.png
centerX: 0.5372833534864974
centerY: 0.4499572284003422
width: 0.013301088270858524
height: 0.01853435985172512
Area: 7.953230407958196e-05
CentroidX: 0.5424
CentroidY: 0.4621
