Location: internet_21.png_Otsu.png
Component: component_1755082376600_353.png
centerX: 0.9266424828698105
centerY: 0.1899059024807528
width: 0.018540910923014912
height: 0.023381807812945538
Area: 0.00011171300515224517
CentroidX: 0.9340
CentroidY: 0.2053
