Location: Dedata_13.png_Otsu.png
Component: component_1755520268597_437.png
centerX: 0.24919354838709679
centerY: 0.4793388429752066
width: 0.008467741935483872
height: 0.011399259048161869
Area: 4.286213331617316e-05
CentroidX: 0.2530
CentroidY: 0.4850
