Location: Paraklitoni_1720_page_10.png_Mean-Medain.png
Component: component_1755610055394_1810.png
centerX: 0.4253048780487805
centerY: 0.6516290726817042
width: 0.051067073170731704
height: 0.014536340852130326
Area: 0.00038778348309798886
CentroidX: 0.4491
CentroidY: 0.6591
