Location: Kurtxevani_1794_page_10.png_Mean-Medain.png
Component: component_1755610054775_714.png
centerX: 0.9427235534774986
centerY: 0.16923754958131335
width: 0.05727644652250146
height: 0.04671661524900837
Area: 0.0010156457876715592
CentroidX: 0.9787
CentroidY: 0.1912
