Location: Dedata_8.png_Otsu.png
Component: component_1755522187546_409.png
centerX: 0.9145161290322581
centerY: 0.7888287261328014
width: 0.016935483870967744
height: 0.011684240524365916
Area: 9.365318673641052e-05
CentroidX: 0.9247
CentroidY: 0.7930
