Location: Paraklitoni_1720_page_10.png_Mean-Medain.png
Component: component_1755610055480_1929.png
centerX: 0.5510670731707317
centerY: 0.6977443609022557
width: 0.04344512195121951
height: 0.013032581453634085
Area: 0.00027622409682743446
CentroidX: 0.5707
CentroidY: 0.7024
