Location: Kurtxevani_1784_page_10.png_Gaussian-Closing.png
Component: component_1755610055736_295.png
centerX: 0.04305705059203445
centerY: 0.398406374501992
width: 0.03659849300322928
height: 0.03266932270916335
Area: 0.0006921721081229442
CentroidX: 0.0618
CentroidY: 0.4153
