Location: internet_8.png_Otsu.png
Component: component_1755092787100_457.png
centerX: 0.954453849254333
centerY: 0.28200741374394067
width: 0.03869407496977025
height: 0.022241231822070145
Area: 0.0004475416070605378
CentroidX: 0.9725
CentroidY: 0.2924
