Location: Kurtxevani_1794_page_10.png_Mean-Medain.png
Component: component_1755610054584_285.png
centerX: 0.12507305669199298
centerY: 0.03878360511238431
width: 0.014611338398597311
height: 0.021154693697664168
Area: 0.00020812624814573166
CentroidX: 0.1325
CentroidY: 0.0486
