Location: Dedata_13.png_Otsu.png
Component: component_1755520268583_352.png
centerX: 0.1217741935483871
centerY: 0.42832715873468225
width: 0.0068548387096774195
height: 0.01567398119122257
Area: 3.7576186580130354e-05
CentroidX: 0.1246
CentroidY: 0.4347
