Location: Dedata_1.png_Otsu.png
Component: component_1755524255275_656.png
centerX: 0.5016129032258064
centerY: 0.8196067255628384
width: 0.014919354838709677
height: 0.00968937019093759
Area: 3.665689149560117e-05
CentroidX: 0.5070
CentroidY: 0.8257
