Location: Dedata_1.png_Otsu.png
Component: component_1755524255275_676.png
centerX: 0.3419354838709677
centerY: 0.8244514106583072
width: 0.012903225806451613
height: 0.00883442576232545
Area: 3.056656156059534e-05
CentroidX: 0.3500
CentroidY: 0.8298
