Location: Paraklitoni_1720_page_10.png_Mean-Medain.png
Component: component_1755610055326_1236.png
centerX: 0.3666158536585366
centerY: 0.44862155388471175
width: 0.036585365853658534
height: 0.013032581453634085
Area: 0.00021700592945779083
CentroidX: 0.3851
CentroidY: 0.4529
