Location: internet_23.png_Otsu.png
Component: component_1755081841785_385.png
centerX: 0.7702539298669892
centerY: 0.21984602224123181
width: 0.030229746070133012
height: 0.04790419161676647
Area: 0.00010527686493771253
CentroidX: 0.7825
CentroidY: 0.2448
