Location: internet_17.png_Gaussian-Median.png
Component: component_1755086411309_372.png
centerX: 0.4131398629584845
centerY: 0.8933561448531508
width: 0.00886739218057235
height: 0.028514399771884802
Area: 0.00015734064203027124
CentroidX: 0.4176
CentroidY: 0.9079
