Location: Paraklitoni_1720_page_10.png_Mean-Medain.png
Component: component_1755610055211_279.png
centerX: 0.19435975609756098
centerY: 0.10977443609022557
width: 0.011432926829268292
height: 0.012030075187969926
Area: 9.360290971330766e-05
CentroidX: 0.1998
CentroidY: 0.1157
