Location: Dedata_24.png_Otsu.png
Component: component_1755507995240_399.png
centerX: 0.19879032258064516
centerY: 0.2718723282986606
width: 0.018548387096774192
height: 0.012539184952978056
Area: 2.826832384927238e-05
CentroidX: 0.2093
CentroidY: 0.2790
