Location: Paraklitoni_1720_page_10.png_Mean-Medain.png
Component: component_1755610055366_1638.png
centerX: 0.6120426829268293
centerY: 0.5924812030075188
width: 0.025914634146341462
height: 0.014035087719298246
Area: 0.0001558774986246103
CentroidX: 0.6225
CentroidY: 0.5992
