Location: Samociqulo_1709_page_10.png_Gaussian-Median.png
Component: component_1755610056309_3451.png
centerX: 0.5144963144963145
centerY: 0.853125
width: 0.011302211302211302
height: 0.0053125
Area: 3.547297297297297e-05
CentroidX: 0.5205
CentroidY: 0.8555
