Location: internet_21.png_Otsu.png
Component: component_1755082376978_2096.png
centerX: 0.18097541313986296
centerY: 0.609637867122897
width: 0.012898024989923419
height: 0.046763615625891077
Area: 0.00014630725880535812
CentroidX: 0.1854
CentroidY: 0.6342
