Location: internet_17.png_Gaussian-Median.png
Component: component_1755086411306_363.png
centerX: 0.9097138250705361
centerY: 0.8816652409466781
width: 0.013704151551793631
height: 0.033361847733105215
Area: 0.000194808172564872
CentroidX: 0.9170
CentroidY: 0.8985
