Location: internet_21.png_Gaussian-Median.png
Component: component_1755082377359_297.png
centerX: 0.3567110036275695
centerY: 0.5315084117479327
width: 0.014510278113663845
height: 0.02281151981750784
Area: 0.00011309217805535931
CentroidX: 0.3620
CentroidY: 0.5452
