Location: Dedata_16.png_Mean-Medain.png
Component: component_1755519378309_1.png
centerX: 0.0
centerY: 0.0005699629524080935
width: 0.5725806451612904
height: 0.007694499857509262
Area: 0.0006517802149311908
CentroidX: 0.2608
CentroidY: 0.0039
