Location: Kurtxevani_1784_page_10.png_Gaussian-Closing.png
Component: component_1755610055756_454.png
centerX: 0.2217438105489774
centerY: 0.6119521912350597
width: 0.04305705059203445
height: 0.01195219123505976
Area: 0.0003516611701739865
CentroidX: 0.2440
CentroidY: 0.6168
