Location: internet_21.png_Otsu.png
Component: component_1755082376975_1963.png
centerX: 0.5195485691253526
centerY: 0.5896777872825777
width: 0.01652559451833938
height: 0.019389791844881665
Area: 8.40146160147029e-05
CentroidX: 0.5254
CentroidY: 0.6024
