Location: internet_8.png_Gaussian-Median.png
Component: component_1755092787397_68.png
centerX: 0.2861749294639258
centerY: 0.13401767892785857
width: 0.03869407496977025
height: 0.016538351867693184
Area: 0.00023124132342213714
CentroidX: 0.3076
CentroidY: 0.1412
