Location: internet_30.png_Gaussian-Closing.png
Component: component_1755078354064_129.png
centerX: 0.354695687222894
centerY: 0.2369546621043627
width: 0.020959290608625555
height: 0.015397775876817793
Area: 0.00011458628203373296
CentroidX: 0.3667
CentroidY: 0.2458
