Location: Dedata_31.png_Otsu.png
Component: component_1755503061501_52.png
centerX: 0.06330645161290323
centerY: 0.0524365916215446
width: 0.021370967741935483
height: 0.01909375890567113
Area: 0.00012054256795888912
CentroidX: 0.0721
CentroidY: 0.0631
