Location: Paraklitoni_1720_page_10.png_Mean-Medain.png
Component: component_1755610055291_833.png
centerX: 0.6852134146341463
centerY: 0.3037593984962406
width: 0.022103658536585365
height: 0.014035087719298246
Area: 0.00017956476557246776
CentroidX: 0.6955
CentroidY: 0.3097
