Location: Kurtxevani_1784_page_10.png_Gaussian-Closing.png
Component: component_1755610055779_657.png
centerX: 0.8503767491926802
centerY: 0.9123505976095617
width: 0.016146393972012917
height: 0.014342629482071713
Area: 0.00017668829525814932
CentroidX: 0.8576
CentroidY: 0.9187
