Location: internet_21.png_Otsu.png
Component: component_1755082377152_2517.png
centerX: 0.7593712212817413
centerY: 0.7630453378956373
width: 0.016928657799274487
height: 0.015968063872255488
Area: 8.987610085293798e-05
CentroidX: 0.7657
CentroidY: 0.7732
