Location: Kurtxevani_1784_page_10.png_Gaussian-Closing.png
Component: component_1755610055763_527.png
centerX: 0.628632938643703
centerY: 0.7059760956175298
width: 0.016146393972012917
height: 0.018326693227091632
Area: 0.00018869623765433422
CentroidX: 0.6365
CentroidY: 0.7156
