Location: Samociqulo_1709_page_10.png_Gaussian-Median.png
Component: component_1755610056178_1673.png
centerX: 0.9901719901719902
centerY: 0.351875
width: 0.007862407862407862
height: 0.0071875
Area: 2.0423832923832923e-05
CentroidX: 0.9941
CentroidY: 0.3558
