Location: internet_13.png_Mean-Medain.png
Component: component_1755088480928_3.png
centerX: 0.8702136235388956
centerY: 0.003421727972626176
width: 0.026602176541717048
height: 0.010835471913316224
Area: 0.00013366484052681186
CentroidX: 0.8851
CentroidY: 0.0079
