Location: internet_15.png_Otsu.png
Component: component_1755087705343_665.png
centerX: 0.7835550181378477
centerY: 0.4026233247790134
width: 0.012898024989923419
height: 0.018249215854006275
Area: 6.930343838148543e-05
CentroidX: 0.7879
CentroidY: 0.4132
