Location: Kurtxevani_1794_page_10.png_Mean-Medain.png
Component: component_1755610054836_910.png
centerX: 0.1484511981297487
centerY: 0.2379903040987219
width: 0.026300409117475162
height: 0.02379903040987219
Area: 0.0003454174489646363
CentroidX: 0.1631
CentroidY: 0.2499
