Location: Samociqulo_1709_page_10.png_Gaussian-Median.png
Component: component_1755610056190_1792.png
centerX: 0.5547911547911548
centerY: 0.385
width: 0.018673218673218674
height: 0.01125
Area: 9.136977886977887e-05
CentroidX: 0.5627
CentroidY: 0.3898
