Location: Samociqulo_1709_page_10.png_Gaussian-Median.png
Component: component_1755610056228_2183.png
centerX: 0.2697788697788698
centerY: 0.5153125
width: 0.009828009828009828
height: 0.0125
Area: 5.3286240786240784e-05
CentroidX: 0.2740
CentroidY: 0.5212
