Location: Dedata_17.png_Otsu.png
Component: component_1755512340205_233.png
centerX: 0.6923387096774194
centerY: 0.21744086634368767
width: 0.014919354838709677
height: 0.012824166429182103
Area: 7.974884858290663e-05
CentroidX: 0.6979
CentroidY: 0.2251
