Location: Samociqulo_1709_page_10.png_Gaussian-Median.png
Component: component_1755610056275_2862.png
centerX: 0.6398034398034398
centerY: 0.704375
width: 0.007371007371007371
height: 0.0046875
Area: 2.549140049140049e-05
CentroidX: 0.6429
CentroidY: 0.7067
