Location: Samociqulo_1709_page_10.png_Gaussian-Median.png
Component: component_1755610056138_1131.png
centerX: 0.6486486486486487
centerY: 0.25125
width: 0.03587223587223587
height: 0.0190625
Area: 0.00024262899262899264
CentroidX: 0.6649
CentroidY: 0.2609
