Location: internet_27.png_Otsu.png
Component: component_1755079634794_1348.png
centerX: 0.9375251914550584
centerY: 0.5526090675791274
width: 0.024989923417976623
height: 0.016253207869974338
Area: 9.746155182006575e-05
CentroidX: 0.9532
CentroidY: 0.5583
