Location: Dedata_1.png_Otsu.png
Component: component_1755524255254_458.png
centerX: 0.6608870967741935
centerY: 0.7312624679395839
width: 0.017741935483870968
height: 0.015958962667426618
Area: 9.491721747763815e-05
CentroidX: 0.6690
CentroidY: 0.7393
