Location: Kurtxevani_1794_page_10.png_Mean-Medain.png
Component: component_1755610054906_1264.png
centerX: 0.6504967855055523
centerY: 0.3596297928602909
width: 0.040911747516072475
height: 0.014543851917144116
Area: 0.0002872039191614985
CentroidX: 0.6706
CentroidY: 0.3650
