Location: Kurtxevani_1784_page_10.png_Gaussian-Closing.png
Component: component_1755610055774_611.png
centerX: 0.24865446716899892
centerY: 0.8414342629482072
width: 0.1216361679224973
height: 0.027888446215139442
Area: 0.0012505414295455423
CentroidX: 0.3063
CentroidY: 0.8547
