Location: Paraklitoni_1720_page_10.png_Mean-Medain.png
Component: component_1755610055338_1343.png
centerX: 0.17301829268292682
centerY: 0.48771929824561405
width: 0.013719512195121951
height: 0.008521303258145364
Area: 6.685922122379119e-05
CentroidX: 0.1794
CentroidY: 0.4910
