Location: internet_21.png_Otsu.png
Component: component_1755082377118_2458.png
centerX: 0.16404675534058846
centerY: 0.7382378100940975
width: 0.013301088270858524
height: 0.0427715996578272
Area: 0.000135044013429926
CentroidX: 0.1685
CentroidY: 0.7614
