Location: Paraklitoni_1720_page_10.png_Mean-Medain.png
Component: component_1755610055386_1769.png
centerX: 0.34527439024390244
centerY: 0.6365914786967418
width: 0.01600609756097561
height: 0.007518796992481203
Area: 9.665933125496669e-05
CentroidX: 0.3530
CentroidY: 0.6398
