Location: Dedata_22.png_Otsu.png
Component: component_1755510404080_301.png
centerX: 0.45241935483870965
centerY: 0.34796238244514105
width: 0.009274193548387096
height: 0.018808777429467086
Area: 4.780334439551752e-05
CentroidX: 0.4569
CentroidY: 0.3595
