Location: internet_21.png_Mean-Medain.png
Component: component_1755082376381_294.png
centerX: 0.7464731962918179
centerY: 0.6940404904476761
width: 0.018540910923014912
height: 0.044767607641859136
Area: 0.00023744760148615074
CentroidX: 0.7533
CentroidY: 0.7157
