Location: Dedata_31.png_Otsu.png
Component: component_1755503061670_661.png
centerX: 0.9125
centerY: 0.6072955257908236
width: 0.008467741935483872
height: 0.01481903676261043
Area: 4.642440176872374e-05
CentroidX: 0.9149
CentroidY: 0.6154
