Location: internet_20.png_Gaussian-Closing.png
Component: component_1755083652691_47.png
centerX: 0.4731962918178154
centerY: 0.08782435129740519
width: 0.02176541717049577
height: 0.015968063872255488
Area: 0.00017745358020068575
CentroidX: 0.4863
CentroidY: 0.0952
