Location: internet_23.png_Otsu.png
Component: component_1755081841802_462.png
centerX: 0.6702942361950827
centerY: 0.2386655260906758
width: 0.023377670294236194
height: 0.036783575705731396
Area: 0.00018756751482352276
CentroidX: 0.6801
CentroidY: 0.2549
