Location: internet_30.png_Mean-Closing.png
Component: component_1755078353313_37.png
centerX: 0.026199113260781944
centerY: 0.06045052751639578
width: 0.020959290608625555
height: 0.019389791844881665
Area: 0.00015607640020241662
CentroidX: 0.0391
CentroidY: 0.0715
