Location: internet_21.png_Mean-Medain.png
Component: component_1755082376326_189.png
centerX: 0.5372833534864974
centerY: 0.4499572284003422
width: 0.014510278113663845
height: 0.018819503849443968
Area: 0.00012079256009774658
CentroidX: 0.5428
CentroidY: 0.4614
