Location: Dedata_16.png_Mean-Closing.png
Component: component_1755519379405_423.png
centerX: 0.992741935483871
centerY: 0.8278711883727558
width: 0.007258064516129033
height: 0.008264462809917356
Area: 3.389900624201362e-05
CentroidX: 0.9969
CentroidY: 0.8328
