Location: Kurtxevani_1764_page_10.png_Otsu.png
Component: component_1755610056018_2119.png
centerX: 0.41877022653721685
centerY: 0.8760523854069223
width: 0.05177993527508091
height: 0.020112254443405052
Area: 0.000481955431232044
CentroidX: 0.4433
CentroidY: 0.8833
