Location: Dedata_24.png_Otsu.png
Component: component_1755507995214_138.png
centerX: 0.510483870967742
centerY: 0.1487603305785124
width: 0.00967741935483871
height: 0.005984611000284981
Area: 2.6314821794647864e-05
CentroidX: 0.5142
CentroidY: 0.1519
