Location: Dedata_31.png_Otsu.png
Component: component_1755503061536_278.png
centerX: 0.1504032258064516
centerY: 0.2567683100598461
width: 0.014516129032258065
height: 0.01738387004844685
Area: 7.814008218498056e-05
CentroidX: 0.1557
CentroidY: 0.2673
