Location: Kurtxevani_1764_page_10.png_Otsu.png
Component: component_1755610055878_947.png
centerX: 0.21423948220064726
centerY: 0.32787652011225443
width: 0.010355987055016181
height: 0.009354536950420954
Area: 5.994169308036728e-05
CentroidX: 0.2197
CentroidY: 0.3317
