Location: Samociqulo_1709_page_10.png_Gaussian-Median.png
Component: component_1755610056324_3700.png
centerX: 0.6186732186732187
centerY: 0.90625
width: 0.032432432432432434
height: 0.0175
Area: 0.00021176289926289928
CentroidX: 0.6329
CentroidY: 0.9152
