Location: Paraklitoni_1720_page_10.png_Mean-Medain.png
Component: component_1755610055505_2042.png
centerX: 0.6829268292682927
centerY: 0.7398496240601504
width: 0.027439024390243903
height: 0.008521303258145364
Area: 0.00016504676324958738
CentroidX: 0.6967
CentroidY: 0.7435
