Location: Kurtxevani_1764_page_10.png_Otsu.png
Component: component_1755610055939_1304.png
centerX: 0.286084142394822
centerY: 0.510757717492984
width: 0.012297734627831715
height: 0.009822263797942002
Area: 7.205112602589602e-05
CentroidX: 0.2925
CentroidY: 0.5150
