Location: Dedata_31.png_Otsu.png
Component: component_1755503061496_38.png
centerX: 0.6383064516129032
centerY: 0.04531205471644343
width: 0.018951612903225806
height: 0.018238814477058992
Area: 9.939878101471792e-05
CentroidX: 0.6444
CentroidY: 0.0561
