Location: Paraklitoni_1720_page_10.png_Mean-Medain.png
Component: component_1755610055236_362.png
centerX: 0.4108231707317073
centerY: 0.13834586466165413
width: 0.014481707317073171
height: 0.008521303258145364
Area: 7.832080200501253e-05
CentroidX: 0.4183
CentroidY: 0.1414
