Location: internet_8.png_Otsu.png
Component: component_1755092787058_87.png
centerX: 0.9072954453849255
centerY: 0.07527801539777587
width: 0.03385731559854897
height: 0.018249215854006275
Area: 0.00017285633719030529
CentroidX: 0.9277
CentroidY: 0.0828
