Location: Dedata_31.png_Gaussian-Closing.png
Component: component_1755503061944_151.png
centerX: 0.8939516129032258
centerY: 0.2390994585351952
width: 0.016129032258064516
height: 0.018238814477058992
Area: 0.00012686272166502726
CentroidX: 0.8996
CentroidY: 0.2500
