Location: Kurtxevani_1764_page_10.png_Otsu.png
Component: component_1755610055928_1220.png
centerX: 0.7663430420711974
centerY: 0.4794200187090739
width: 0.019417475728155338
height: 0.01824134705332086
Area: 0.0002231163020213671
CentroidX: 0.7769
CentroidY: 0.4866
