Location: Paraklitoni_1720_page_10.png_Mean-Medain.png
Component: component_1755610055695_2766.png
centerX: 0.36585365853658536
centerY: 0.9924812030075187
width: 0.03277439024390244
height: 0.007518796992481203
Area: 0.00014670823399963323
CentroidX: 0.3810
CentroidY: 0.9966
