Location: internet_17.png_Gaussian-Median.png
Component: component_1755086411295_312.png
centerX: 0.1841999193873438
centerY: 0.7450812660393499
width: 0.025796049979846837
height: 0.01568291987453664
Area: 0.00019021092955449152
CentroidX: 0.1949
CentroidY: 0.7534
