Location: Dedata_13.png_Otsu.png
Component: component_1755520268592_411.png
centerX: 0.6798387096774193
centerY: 0.47050441721288117
width: 0.00967741935483871
height: 0.009974351667141636
Area: 3.631215583890273e-05
CentroidX: 0.6829
CentroidY: 0.4762
