Location: Kurtxevani_1764_page_10.png_Otsu.png
Component: component_1755610055922_1158.png
centerX: 0.63042071197411
centerY: 0.4490177736202058
width: 0.011003236245954692
height: 0.01028999064546305
Area: 7.265659767317246e-05
CentroidX: 0.6361
CentroidY: 0.4532
