Location: internet_17.png_Otsu.png
Component: component_1755086411082_440.png
centerX: 0.6654574768238614
centerY: 0.30538922155688625
width: 0.019347037484885126
height: 0.010265183917878529
Area: 4.4018601824392904e-05
CentroidX: 0.6726
CentroidY: 0.3122
