Location: internet_17.png_Otsu.png
Component: component_1755086411116_1201.png
centerX: 0.1362353889560661
centerY: 0.6966067864271457
width: 0.024586860137041516
height: 0.017678927858568578
Area: 0.00014377877514964887
CentroidX: 0.1466
CentroidY: 0.7049
