Location: internet_23.png_Otsu.png
Component: component_1755081841813_504.png
centerX: 0.5731559854897219
centerY: 0.24664955802680352
width: 0.023377670294236194
height: 0.024522383803820928
Area: 0.00010608138246452911
CentroidX: 0.5831
CentroidY: 0.2592
