Location: internet_21.png_Otsu.png
Component: component_1755082377001_2321.png
centerX: 0.22047561467150342
centerY: 0.6874821785001426
width: 0.00886739218057235
height: 0.02423723980610208
Area: 6.953330053200446e-05
CentroidX: 0.2235
CentroidY: 0.7007
