Location: internet_21.png_Otsu.png
Component: component_1755082377197_2719.png
centerX: 0.4445787988714228
centerY: 0.8397490732820074
width: 0.013704151551793631
height: 0.01853435985172512
Area: 8.263544311158876e-05
CentroidX: 0.4490
CentroidY: 0.8516
