Location: internet_17.png_Gaussian-Closing.png
Component: component_1755086410996_327.png
centerX: 0.28335348649738007
centerY: 0.8959224408326205
width: 0.009673518742442563
height: 0.030795551753635585
Area: 0.00016848895633044385
CentroidX: 0.2885
CentroidY: 0.9115
