Location: Dedata_16.png_Gaussian-Closing.png
Component: component_1755519378814_379.png
centerX: 0.975
centerY: 0.7400968937019093
width: 0.025
height: 0.018238814477058992
Area: 0.00014168635490306033
CentroidX: 0.9909
CentroidY: 0.7461
