Location: internet_18.png_Otsu.png
Component: component_1755084392602_396.png
centerX: 0.739621120515921
centerY: 0.19674935842600513
width: 0.01652559451833938
height: 0.011976047904191617
Area: 9.527786139013503e-05
CentroidX: 0.7501
CentroidY: 0.2011
