Location: Samociqulo_1709_page_10.png_Gaussian-Median.png
Component: component_1755610056265_2730.png
centerX: 0.2520884520884521
centerY: 0.665625
width: 0.04471744471744472
height: 0.0175
Area: 0.0002745700245700246
CentroidX: 0.2751
CentroidY: 0.6741
