Location: Kurtxevani_1794_page_10.png_Mean-Medain.png
Component: component_1755610054655_645.png
centerX: 0.47048509643483344
centerY: 0.15204936095196123
width: 0.010520163646990065
height: 0.01762891141472014
Area: 0.00010818443591733576
CentroidX: 0.4756
CentroidY: 0.1608
