Location: Kurtxevani_1764_page_10.png_Otsu.png
Component: component_1755610055951_1413.png
centerX: 0.3812297734627832
centerY: 0.5701590271281571
width: 0.04983818770226537
height: 0.01777362020579981
Area: 0.0004365450576863112
CentroidX: 0.4049
CentroidY: 0.5763
