Location: Dedata_13.png_Otsu.png
Component: component_1755520268441_143.png
centerX: 0.7008064516129032
centerY: 0.29723567968082076
width: 0.0064516129032258064
height: 0.011399259048161869
Area: 3.447356566984436e-05
CentroidX: 0.7039
CentroidY: 0.3023
