Location: Dedata_1.png_Otsu.png
Component: component_1755524255267_563.png
centerX: 0.8911290322580645
centerY: 0.7848389854659447
width: 0.018951612903225806
height: 0.013394129381590196
Area: 0.00010215666626830546
CentroidX: 0.9009
CentroidY: 0.7907
