Location: Kurtxevani_1784_page_10.png_Gaussian-Closing.png
Component: component_1755610055760_495.png
centerX: 0.2874058127018299
centerY: 0.6717131474103586
width: 0.04951560818083961
height: 0.022310756972111555
Area: 0.00048203311618970834
CentroidX: 0.3127
CentroidY: 0.6836
