Location: Dedata_17.png_Otsu.png
Component: component_1755512340215_334.png
centerX: 0.20120967741935483
centerY: 0.26959247648902823
width: 0.0068548387096774195
height: 0.01567398119122257
Area: 5.550244072844943e-05
CentroidX: 0.2047
CentroidY: 0.2779
