Location: internet_21.png_Gaussian-Closing.png
Component: component_1755082377559_264.png
centerX: 0.20959290608625555
centerY: 0.6164813230681494
width: 0.016122531237404272
height: 0.019104647847162818
Area: 0.00012010297364618951
CentroidX: 0.2157
CentroidY: 0.6286
