Location: Dedata_31.png_Gaussian-Closing.png
Component: component_1755503061916_44.png
centerX: 0.3278225806451613
centerY: 0.04987175833570818
width: 0.020161290322580645
height: 0.018808777429467086
Area: 0.00012605833846606422
CentroidX: 0.3354
CentroidY: 0.0607
