Location: internet_20.png_Otsu.png
Component: component_1755083652395_462.png
centerX: 0.11446997178557033
centerY: 0.19931565440547477
width: 0.0237807335751713
height: 0.011690903906472769
Area: 4.804118945847581e-05
CentroidX: 0.1258
CentroidY: 0.2064
