Location: internet_26.png_Mean-Medain.png
Component: component_1755080009867_158.png
centerX: 0.8823055219669488
centerY: 0.39150270886797833
width: 0.020556227327690448
height: 0.011690903906472769
Area: 9.780634504584428e-05
CentroidX: 0.8949
CentroidY: 0.3958
