Location: internet_13.png_Gaussian-Closing.png
Component: component_1755088480536_286.png
centerX: 0.06932688432083838
centerY: 0.6572569147419447
width: 0.031035872632003223
height: 0.02879954376960365
Area: 0.00033916160309081843
CentroidX: 0.0825
CentroidY: 0.6717
