Location: Dedata_1.png_Otsu.png
Component: component_1755524255287_812.png
centerX: 0.8495967741935484
centerY: 0.9167854089484183
width: 0.02217741935483871
height: 0.020518666286691366
Area: 0.00010066281175594554
CentroidX: 0.8589
CentroidY: 0.9310
