Location: Samociqulo_1709_page_10.png_Gaussian-Median.png
Component: component_1755610056116_781.png
centerX: 0.07714987714987714
centerY: 0.150625
width: 0.010810810810810811
height: 0.0103125
Area: 4.269041769041769e-05
CentroidX: 0.0828
CentroidY: 0.1555
