Location: internet_17.png_Gaussian-Closing.png
Component: component_1755086410977_237.png
centerX: 0.7194679564691656
centerY: 0.6475620188195038
width: 0.01007658202337767
height: 0.03279155973766752
Area: 0.0001629722647179873
CentroidX: 0.7232
CentroidY: 0.6637
