Location: internet_16.png_Gaussian-Median.png
Component: component_1755087209831_19.png
centerX: 0.9089076985086658
centerY: 0.04163102366695181
width: 0.011688835147118097
height: 0.02423723980610208
Area: 0.00011228766052854273
CentroidX: 0.9131
CentroidY: 0.0535
