Location: internet_21.png_Otsu.png
Component: component_1755082377010_2345.png
centerX: 0.7464731962918179
centerY: 0.6940404904476761
width: 0.016928657799274487
height: 0.04505275163957799
Area: 0.00012722870031227923
CentroidX: 0.7521
CentroidY: 0.7176
