Location: Paraklitoni_1720_page_10.png_Mean-Medain.png
Component: component_1755610055369_1674.png
centerX: 0.10060975609756098
centerY: 0.6035087719298246
width: 0.056402439024390245
height: 0.042105263157894736
Area: 0.000879867351305092
CentroidX: 0.1234
CentroidY: 0.6253
