Location: Dedata_24.png_Otsu.png
Component: component_1755507995218_192.png
centerX: 0.9032258064516129
centerY: 0.17127386719863208
width: 0.018548387096774192
height: 0.011399259048161869
Area: 4.194283823164397e-05
CentroidX: 0.9098
CentroidY: 0.1764
