Location: Dedata_1.png_Otsu.png
Component: component_1755524255274_644.png
centerX: 0.7741935483870968
centerY: 0.8156169848959818
width: 0.015725806451612902
height: 0.007409518381305215
Area: 4.378142840070234e-05
CentroidX: 0.7842
CentroidY: 0.8204
