Location: Kurtxevani_1784_page_10.png_Gaussian-Closing.png
Component: component_1755610055750_412.png
centerX: 0.1377825618945102
centerY: 0.5681274900398406
width: 0.07319698600645856
height: 0.023107569721115537
Area: 0.0006750179046998228
CentroidX: 0.1721
CentroidY: 0.5818
