Location: Kurtxevani_1764_page_10.png_Otsu.png
Component: component_1755610055808_281.png
centerX: 0.20841423948220064
centerY: 0.08559401309635173
width: 0.027184466019417475
height: 0.01028999064546305
Area: 0.00011806697121890524
CentroidX: 0.2214
CentroidY: 0.0906
