Location: Dedata_31.png_Gaussian-Closing.png
Component: component_1755503061919_59.png
centerX: 0.9193548387096774
centerY: 0.08121972071815332
width: 0.018145161290322582
height: 0.015104018238814477
Area: 9.74452789600934e-05
CentroidX: 0.9256
CentroidY: 0.0905
