Location: internet_27.png_Otsu.png
Component: component_1755079634751_458.png
centerX: 0.2966545747682386
centerY: 0.18334759053321928
width: 0.005642885933091495
height: 0.004847447961220416
Area: 4.827105160899483e-06
CentroidX: 0.2987
CentroidY: 0.1859
