Location: Kurtxevani_1794_page_10.png_Mean-Medain.png
Component: component_1755610055125_2851.png
centerX: 0.0
centerY: 0.8933450859409432
width: 0.01636469900642899
height: 0.007051564565888057
Area: 4.1985864415537446e-05
CentroidX: 0.0092
CentroidY: 0.8971
