Location: internet_30.png_Mean-Closing.png
Component: component_1755078353348_178.png
centerX: 0.8681983071342201
centerY: 0.3615625891074993
width: 0.019347037484885126
height: 0.015112631879098944
Area: 0.00013125128794636213
CentroidX: 0.8797
CentroidY: 0.3698
