Location: Dedata_18.png_Otsu.png
Component: component_1755511906263_142.png
centerX: 0.380241935483871
centerY: 0.09347392419492732
width: 0.02258064516129032
height: 0.01481903676261043
Area: 9.618124821886577e-05
CentroidX: 0.3919
CentroidY: 0.1016
