Location: Kurtxevani_1794_page_10.png_Mean-Medain.png
Component: component_1755610055046_2091.png
centerX: 0.8579777907656342
centerY: 0.6575583957690613
width: 0.015780245470485097
height: 0.010577346848832084
Area: 8.268381887967805e-05
CentroidX: 0.8669
CentroidY: 0.6638
