Location: Dedata_13.png_Otsu.png
Component: component_1755520268590_390.png
centerX: 0.7758064516129032
centerY: 0.4622399544029638
width: 0.0068548387096774195
height: 0.011399259048161869
Area: 3.252006361521985e-05
CentroidX: 0.7779
CentroidY: 0.4682
