Location: Kurtxevani_1794_page_10.png_Mean-Medain.png
Component: component_1755610054584_276.png
centerX: 0.5242548217416715
centerY: 0.03613926840017629
width: 0.030976037405026302
height: 0.021154693697664168
Area: 0.00031605310207278805
CentroidX: 0.5372
CentroidY: 0.0478
