Location: Dedata_17.png_Otsu.png
Component: component_1755512340219_356.png
centerX: 0.25766129032258067
centerY: 0.29894556853804505
width: 0.01129032258064516
height: 0.024793388429752067
Area: 5.7685766554206234e-05
CentroidX: 0.2636
CentroidY: 0.3080
