Location: Paraklitoni_1720_page_10.png_Mean-Medain.png
Component: component_1755610055266_566.png
centerX: 0.7782012195121951
centerY: 0.21503759398496242
width: 0.021341463414634148
height: 0.014035087719298246
Area: 0.00015702365670273245
CentroidX: 0.7876
CentroidY: 0.2222
