Location: internet_8.png_Otsu.png
Component: component_1755092787092_443.png
centerX: 0.6844014510278114
centerY: 0.2352437981180496
width: 0.01128577186618299
height: 0.009124607927003137
Area: 7.252150848875175e-05
CentroidX: 0.6899
CentroidY: 0.2398
