Location: internet_23.png_Otsu.png
Component: component_1755081841784_374.png
centerX: 0.9621120515921
centerY: 0.21642429426860565
width: 0.011688835147118097
height: 0.011690903906472769
Area: 3.505397795415101e-05
CentroidX: 0.9693
CentroidY: 0.2210
