Location: Samociqulo_1709_page_10.png_Gaussian-Median.png
Component: component_1755610056327_3738.png
centerX: 0.18427518427518427
centerY: 0.911875
width: 0.009828009828009828
height: 0.008125
Area: 4.1922604422604424e-05
CentroidX: 0.1888
CentroidY: 0.9157
