Location: Kurtxevani_1764_page_10.png_Otsu.png
Component: component_1755610055812_388.png
centerX: 0.570873786407767
centerY: 0.1019644527595884
width: 0.027831715210355986
height: 0.021047708138447148
Area: 0.000315753464054662
CentroidX: 0.5835
CentroidY: 0.1131
