Location: Kurtxevani_1784_page_10.png_Gaussian-Closing.png
Component: component_1755610055729_225.png
centerX: 0.3982777179763186
centerY: 0.300398406374502
width: 0.11840688912809473
height: 0.027091633466135457
Area: 0.0011227426140432886
CentroidX: 0.4603
CentroidY: 0.3135
