Location: Paraklitoni_1720_page_10.png_Mean-Medain.png
Component: component_1755610055311_1055.png
centerX: 0.6463414634146342
centerY: 0.3824561403508772
width: 0.021341463414634148
height: 0.013032581453634085
Area: 0.00012378507243719053
CentroidX: 0.6551
CentroidY: 0.3901
