Location: Kurtxevani_1794_page_10.png_Mean-Medain.png
Component: component_1755610054580_41.png
centerX: 0.7036820572764465
centerY: 0.0
width: 0.01928696668614845
height: 0.011018069634200088
Area: 0.00015557952212874
CentroidX: 0.7137
CentroidY: 0.0048
