Location: internet_30.png_Mean-Medain.png
Component: component_1755078353459_70.png
centerX: 0.8976219266424829
centerY: 0.14171656686626746
width: 0.019750100765820233
height: 0.021100655831194755
Area: 0.00016676499020155117
CentroidX: 0.9097
CentroidY: 0.1541
