Location: internet_11.png_Otsu.png
Component: component_1755091163658_126.png
centerX: 0.7896009673518742
centerY: 0.06073567151411463
width: 0.010479645304312777
height: 0.026803535785571715
Area: 0.00016653512805103214
CentroidX: 0.7950
CentroidY: 0.0746
