Location: internet_30.png_Gaussian-Closing.png
Component: component_1755078354034_18.png
centerX: 0.592503022974607
centerY: 0.011120615911035072
width: 0.024989923417976623
height: 0.020245223838038208
Area: 0.0001719368885882292
CentroidX: 0.6074
CentroidY: 0.0228
