Location: internet_17.png_Otsu.png
Component: component_1755086411109_983.png
centerX: 0.9117291414752116
centerY: 0.5979469632164243
width: 0.007658202337767029
height: 0.010835471913316224
Area: 3.459425365311296e-05
CentroidX: 0.9152
CentroidY: 0.6039
