Location: Paraklitoni_1720_page_10.png_Mean-Medain.png
Component: component_1755610055308_1019.png
centerX: 0.0
centerY: 0.36641604010025064
width: 0.023628048780487805
height: 0.10626566416040101
Area: 0.0016393881044073598
CentroidX: 0.0099
CentroidY: 0.4229
