Location: internet_30.png_Gaussian-Closing.png
Component: component_1755078354290_288.png
centerX: 0.4143490528012898
centerY: 0.5876817792985458
width: 0.022974607013301087
height: 0.0213857998289136
Area: 0.00015871981493338538
CentroidX: 0.4287
CentroidY: 0.5993
