Location: Kurtxevani_1764_page_10.png_Otsu.png
Component: component_1755610055802_81.png
centerX: 0.9035598705501618
centerY: 0.028999064546304958
width: 0.022653721682847898
height: 0.014499532273152479
Area: 1.695320612374024e-05
CentroidX: 0.9138
CentroidY: 0.0352
