Location: Dedata_30.png_Otsu.png
Component: component_1755503806527_55.png
centerX: 0.32056451612903225
centerY: 0.13878597891137076
width: 0.020967741935483872
height: 0.012824166429182103
Area: 0.00010411016832292998
CentroidX: 0.3329
CentroidY: 0.1435
