Location: internet_30.png_Gaussian-Closing.png
Component: component_1755078354297_313.png
centerX: 0.2623941958887545
centerY: 0.6487025948103793
width: 0.020556227327690448
height: 0.017393783860849728
Area: 0.0001229762505276773
CentroidX: 0.2755
CentroidY: 0.6585
