Location: internet_11.png_Mean-Closing.png
Component: component_1755091163764_1.png
centerX: 0.9915356711003628
centerY: 0.0
width: 0.006045949214026602
height: 0.004562303963501569
Area: 1.0688589999134568e-05
CentroidX: 0.9951
CentroidY: 0.0013
