Location: Dedata_10.png_Mean-Medain.png
Component: component_1755521621564_1.png
centerX: 0.9943548387096774
centerY: 0.0005699629524080935
width: 0.00564516129032258
height: 0.023083499572527786
Area: 4.826299193778211e-05
CentroidX: 0.9959
CentroidY: 0.0096
