Location: Kurtxevani_1794_page_10.png_Mean-Medain.png
Component: component_1755610055108_2588.png
centerX: 0.5604909409701929
centerY: 0.8171000440722785
width: 0.011689070718877849
height: 0.011899515204936095
Area: 8.448689281163364e-05
CentroidX: 0.5661
CentroidY: 0.8221
