Location: internet_30.png_Gaussian-Median.png
Component: component_1755078353926_259.png
centerX: 0.852881902458686
centerY: 0.45708582834331335
width: 0.01894397420395002
height: 0.015112631879098944
Area: 0.00011332204020587834
CentroidX: 0.8645
CentroidY: 0.4657
