Location: Kurtxevani_1764_page_10.png_Otsu.png
Component: component_1755610055833_601.png
centerX: 0.20906148867313915
centerY: 0.1725912067352666
width: 0.02524271844660194
height: 0.009354536950420954
Area: 0.00015106517599547108
CentroidX: 0.2214
CentroidY: 0.1770
