Location: Samociqulo_1709_page_10.png_Gaussian-Median.png
Component: component_1755610056331_3851.png
centerX: 0.039803439803439804
centerY: 0.9375
width: 0.01818181818181818
height: 0.0090625
Area: 5.82002457002457e-05
CentroidX: 0.0481
CentroidY: 0.9426
