Location: Paraklitoni_1720_page_10.png_Mean-Medain.png
Component: component_1755610055511_2058.png
centerX: 0.21036585365853658
centerY: 0.7533834586466165
width: 0.025152439024390245
height: 0.019548872180451128
Area: 0.00016924934286936854
CentroidX: 0.2235
CentroidY: 0.7630
