Location: Dedata_8.png_Otsu.png
Component: component_1755522187199_37.png
centerX: 0.12298387096774194
centerY: 0.02536335138216016
width: 0.018951612903225806
height: 0.008549444286121402
Area: 8.170235063753115e-05
CentroidX: 0.1340
CentroidY: 0.0285
