Location: internet_26.png_Mean-Medain.png
Component: component_1755080009861_123.png
centerX: 0.2708585247883918
centerY: 0.2962646136298831
width: 0.012494961708988311
height: 0.036783575705731396
Area: 0.00016354692009428487
CentroidX: 0.2794
CentroidY: 0.3147
