Location: internet_17.png_Gaussian-Closing.png
Component: component_1755086410993_313.png
centerX: 0.8577186618299073
centerY: 0.8813800969489592
width: 0.009270455461507456
height: 0.03165098374679213
Area: 0.0001777983734264643
CentroidX: 0.8625
CentroidY: 0.8973
