Location: internet_17.png_Gaussian-Median.png
Component: component_1755086411212_30.png
centerX: 0.22813381700927046
centerY: 0.06244653550042772
width: 0.012091898428053204
height: 0.04077559167379527
Area: 0.0002510094683667731
CentroidX: 0.2336
CentroidY: 0.0831
