Location: Samociqulo_1709_page_10.png_Gaussian-Median.png
Component: component_1755610056308_3400.png
centerX: 0.9071253071253071
centerY: 0.835
width: 0.026044226044226043
height: 0.0096875
Area: 0.00015617321867321868
CentroidX: 0.9202
CentroidY: 0.8394
