Location: Dedata_14.png_Otsu.png
Component: component_1755519998015_146.png
centerX: 0.7629032258064516
centerY: 0.2547734397264178
width: 0.0068548387096774195
height: 0.005414648047876888
Area: 2.102887505860506e-05
CentroidX: 0.7666
CentroidY: 0.2575
