Location: Kurtxevani_1784_page_10.png_Gaussian-Closing.png
Component: component_1755610055762_518.png
centerX: 0.04413347685683531
centerY: 0.7051792828685259
width: 0.03767491926803014
height: 0.023107569721115537
Area: 0.0004442938686588415
CentroidX: 0.0604
CentroidY: 0.7180
