Location: Dedata_31.png_Otsu.png
Component: component_1755503061762_852.png
centerX: 0.6786290322580645
centerY: 0.6620119692220006
width: 0.0125
height: 0.012254203476774009
Area: 4.2287573888342416e-05
CentroidX: 0.6823
CentroidY: 0.6697
