Location: Samociqulo_1709_page_10.png_Gaussian-Median.png
Component: component_1755610056235_2265.png
centerX: 0.5601965601965602
centerY: 0.5396875
width: 0.06437346437346438
height: 0.018125
Area: 0.0004325859950859951
CentroidX: 0.5915
CentroidY: 0.5485
