Location: Kurtxevani_1764_page_10.png_Otsu.png
Component: component_1755610056014_2061.png
centerX: 0.8711974110032362
centerY: 0.8615528531337698
width: 0.038834951456310676
height: 0.02245088868101029
Area: 0.000445929868219096
CentroidX: 0.8941
CentroidY: 0.8730
