Location: Paraklitoni_1720_page_10.png_Mean-Medain.png
Component: component_1755610055200_256.png
centerX: 0.8460365853658537
centerY: 0.09774436090225563
width: 0.019054878048780487
height: 0.011027568922305764
Area: 8.328748701020845e-05
CentroidX: 0.8564
CentroidY: 0.1015
