Location: Samociqulo_1709_page_10.png_Gaussian-Median.png
Component: component_1755610056201_1905.png
centerX: 0.5847665847665847
centerY: 0.4296875
width: 0.046191646191646195
height: 0.0159375
Area: 0.0003382985257985258
CentroidX: 0.6063
CentroidY: 0.4379
