Location: Dedata_17.png_Otsu.png
Component: component_1755512340186_95.png
centerX: 0.4774193548387097
centerY: 0.09660872043317184
width: 0.00564516129032258
height: 0.011114277571957822
Area: 3.401391812757977e-05
CentroidX: 0.4801
CentroidY: 0.1026
