Location: internet_30.png_Mean-Closing.png
Component: component_1755078353328_94.png
centerX: 0.5159209995969367
centerY: 0.18591388651268892
width: 0.022168480451430876
height: 0.015397775876817793
Area: 0.00013125128794636213
CentroidX: 0.5296
CentroidY: 0.1953
