Location: Paraklitoni_1720_page_10.png_Mean-Medain.png
Component: component_1755610055280_716.png
centerX: 0.36585365853658536
centerY: 0.2621553884711779
width: 0.019817073170731708
height: 0.013533834586466165
Area: 0.0001123234916559692
CentroidX: 0.3748
CentroidY: 0.2678
