Location: internet_17.png_Gaussian-Median.png
Component: component_1755086411216_48.png
centerX: 0.3740427247077791
centerY: 0.10978043912175649
width: 0.013704151551793631
height: 0.031936127744510975
Area: 0.00015619133127767613
CentroidX: 0.3811
CentroidY: 0.1263
