Location: Paraklitoni_1720_page_10.png_Mean-Medain.png
Component: component_1755610055688_2436.png
centerX: 0.041158536585365856
centerY: 0.894235588972431
width: 0.01524390243902439
height: 0.019548872180451128
Area: 6.876948468732808e-05
CentroidX: 0.0479
CentroidY: 0.9060
