Location: internet_9.png_Gaussian-Median.png
Component: component_1755092071682_146.png
centerX: 0.626360338573156
centerY: 0.24607927003136584
width: 0.03426037887948408
height: 0.026803535785571715
Area: 0.00038674306824825616
CentroidX: 0.6429
CentroidY: 0.2595
