Location: Samociqulo_1709_page_10.png_Gaussian-Median.png
Component: component_1755610056229_2195.png
centerX: 0.8496314496314497
centerY: 0.516875
width: 0.009336609336609337
height: 0.0065625
Area: 3.393734643734644e-05
CentroidX: 0.8544
CentroidY: 0.5201
