Location: Paraklitoni_1720_page_10.png_Mean-Medain.png
Component: component_1755610055302_941.png
centerX: 0.25152439024390244
centerY: 0.34385964912280703
width: 0.01524390243902439
height: 0.007518796992481203
Area: 8.06131181612568e-05
CentroidX: 0.2587
CentroidY: 0.3473
