Location: Samociqulo_1709_page_10.png_Gaussian-Median.png
Component: component_1755610056105_676.png
centerX: 0.5523341523341523
centerY: 0.1196875
width: 0.029484029484029485
height: 0.018125
Area: 0.00022512285012285012
CentroidX: 0.5652
CentroidY: 0.1285
