Location: Dedata_30.png_Mean-Medain.png
Component: component_1755503806218_28.png
centerX: 0.8391129032258065
centerY: 0.053576517526360785
width: 0.020967741935483872
height: 0.023083499572527786
Area: 0.0001840888406769689
CentroidX: 0.8489
CentroidY: 0.0642
