Location: Paraklitoni_1720_page_10.png_Mean-Medain.png
Component: component_1755610055353_1505.png
centerX: 0.4954268292682927
centerY: 0.5413533834586466
width: 0.04573170731707317
height: 0.04461152882205514
Area: 0.0007278103796075555
CentroidX: 0.5181
CentroidY: 0.5594
