Location: Samociqulo_1709_page_10.png_Gaussian-Median.png
Component: component_1755610056141_1199.png
centerX: 0.19852579852579852
centerY: 0.271875
width: 0.011793611793611793
height: 0.0046875
Area: 3.7162162162162165e-05
CentroidX: 0.2043
CentroidY: 0.2740
