Location: Dedata_17.png_Otsu.png
Component: component_1755512340220_362.png
centerX: 0.21451612903225806
centerY: 0.30265032772869765
width: 0.00564516129032258
height: 0.011684240524365916
Area: 3.5048125097675105e-05
CentroidX: 0.2174
CentroidY: 0.3077
