Location: Kurtxevani_1784_page_10.png_Gaussian-Closing.png
Component: component_1755610055714_117.png
centerX: 0.5468245425188375
centerY: 0.1402390438247012
width: 0.017222820236813777
height: 0.022310756972111555
Area: 0.00015267241046577952
CentroidX: 0.5562
CentroidY: 0.1525
