Location: internet_3.png_Mean-Medain.png
Component: component_1755094757486_2.png
centerX: 0.7984683595324465
centerY: 0.0037068719703450244
width: 0.2007255139056832
height: 0.006273167949814656
Area: 0.00021066866095068457
CentroidX: 0.9238
CentroidY: 0.0051
