Location: internet_21.png_Gaussian-Median.png
Component: component_1755082377377_364.png
centerX: 0.7718661829907295
centerY: 0.6313088109495295
width: 0.016122531237404272
height: 0.017964071856287425
Area: 0.00010906959042127641
CentroidX: 0.7780
CentroidY: 0.6424
