Location: internet_30.png_Gaussian-Median.png
Component: component_1755078353923_247.png
centerX: 0.30350665054413545
centerY: 0.43997718848018247
width: 0.024989923417976623
height: 0.016823495865412035
Area: 0.00014021591181660403
CentroidX: 0.3185
CentroidY: 0.4500
