Location: Samociqulo_1709_page_10.png_Gaussian-Median.png
Component: component_1755610056140_1148.png
centerX: 0.23783783783783785
centerY: 0.25375
width: 0.04176904176904177
height: 0.0121875
Area: 0.0002665847665847666
CentroidX: 0.2570
CentroidY: 0.2588
