Location: Samociqulo_1709_page_10.png_Gaussian-Median.png
Component: component_1755610056114_771.png
centerX: 0.774938574938575
centerY: 0.1471875
width: 0.043243243243243246
height: 0.01625
Area: 0.0003098894348894349
CentroidX: 0.7945
CentroidY: 0.1554
