Location: Kurtxevani_1784_page_10.png_Gaussian-Closing.png
Component: component_1755610055742_348.png
centerX: 0.13240043057050593
centerY: 0.4693227091633466
width: 0.02691065662002153
height: 0.019123505976095617
Area: 0.00027275183442762856
CentroidX: 0.1459
CentroidY: 0.4810
