Location: Samociqulo_1709_page_10.png_Gaussian-Median.png
Component: component_1755610056229_2198.png
centerX: 0.7651105651105651
centerY: 0.5184375
width: 0.008845208845208846
height: 0.0065625
Area: 3.363022113022113e-05
CentroidX: 0.7698
CentroidY: 0.5217
