Location: internet_30.png_Mean-Medain.png
Component: component_1755078353514_175.png
centerX: 0.14671503426037888
centerY: 0.3427430852580553
width: 0.020556227327690448
height: 0.02281151981750784
Area: 0.00017837302880276183
CentroidX: 0.1598
CentroidY: 0.3561
