Location: Kurtxevani_1764_page_10.png_Otsu.png
Component: component_1755610055956_1466.png
centerX: 0.7391585760517799
centerY: 0.598690364826941
width: 0.012297734627831715
height: 0.010757717492984098
Area: 8.749065303144517e-05
CentroidX: 0.7451
CentroidY: 0.6036
