Location: Samociqulo_1709_page_10.png_Gaussian-Median.png
Component: component_1755610056203_1918.png
centerX: 0.29533169533169534
centerY: 0.4334375
width: 0.03538083538083538
height: 0.0146875
Area: 0.00024032555282555283
CentroidX: 0.3115
CentroidY: 0.4410
