Location: Dedata_17.png_Otsu.png
Component: component_1755512340218_348.png
centerX: 0.43951612903225806
centerY: 0.29438586491878027
width: 0.024596774193548387
height: 0.015104018238814477
Area: 0.00011824433024756617
CentroidX: 0.4508
CentroidY: 0.3027
