Location: Kurtxevani_1764_page_10.png_Otsu.png
Component: component_1755610056018_2120.png
centerX: 0.47249190938511326
centerY: 0.8760523854069223
width: 0.011650485436893204
height: 0.011693171188026192
Area: 9.687546356422994e-05
CentroidX: 0.4785
CentroidY: 0.8813
