Location: Dedata_13.png_Otsu.png
Component: component_1755520268590_402.png
centerX: 0.5576612903225806
centerY: 0.4676546024508407
width: 0.014516129032258065
height: 0.01396409233399829
Area: 5.871997352430156e-05
CentroidX: 0.5643
CentroidY: 0.4747
