Location: internet_22.png_Mean-Closing.png
Component: component_1755082123885_12.png
centerX: 0.0177347843611447
centerY: 0.018819503849443968
width: 0.030229746070133012
height: 0.017393783860849728
Area: 0.0002488257779368424
CentroidX: 0.0307
CentroidY: 0.0287
