Location: internet_7.png_Otsu.png
Component: component_1755093286125_1084.png
centerX: 0.2523176138653769
centerY: 0.8337610493299116
width: 0.018137847642079808
height: 0.017678927858568578
Area: 0.00010125427730362963
CentroidX: 0.2617
CentroidY: 0.8422
