Location: Kurtxevani_1784_page_10.png_Gaussian-Closing.png
Component: component_1755610055764_533.png
centerX: 0.20452099031216361
centerY: 0.7139442231075698
width: 0.04090419806243272
height: 0.022310756972111555
Area: 0.0004760291449916159
CentroidX: 0.2263
CentroidY: 0.7221
