Location: internet_26.png_Otsu.png
Component: component_1755080009732_269.png
centerX: 0.029826682789197905
centerY: 0.2440832620473339
width: 0.0068520757758968156
height: 0.03592814371257485
Area: 0.0001489506735363269
CentroidX: 0.0328
CentroidY: 0.2625
