Location: Kurtxevani_1784_page_10.png_Gaussian-Closing.png
Component: component_1755610055737_299.png
centerX: 0.5123789020452099
centerY: 0.400796812749004
width: 0.04951560818083961
height: 0.023107569721115537
Area: 0.0004991873196128296
CentroidX: 0.5370
CentroidY: 0.4138
