Location: Dedata_31.png_Mean-Medain.png
Component: component_1755503060955_182.png
centerX: 0.1975806451612903
centerY: 0.30265032772869765
width: 0.017338709677419354
height: 0.02080364776289541
Area: 0.0001380091745649436
CentroidX: 0.2051
CentroidY: 0.3143
