Location: internet_26.png_Otsu.png
Component: component_1755080009755_857.png
centerX: 0.15800080612656187
centerY: 0.4744796122041631
width: 0.0177347843611447
height: 0.01140575990875392
Area: 6.252250494117425e-05
CentroidX: 0.1692
CentroidY: 0.4784
