Location: internet_21.png_Gaussian-Closing.png
Component: component_1755082377482_11.png
centerX: 0.3945989520354696
centerY: 0.010265183917878529
width: 0.007658202337767029
height: 0.04163102366695181
Area: 0.0002160704214878816
CentroidX: 0.3979
CentroidY: 0.0310
