Location: Kurtxevani_1784_page_10.png_Gaussian-Closing.png
Component: component_1755610055753_431.png
centerX: 0.10226049515608181
centerY: 0.5784860557768924
width: 0.0193756727664155
height: 0.014342629482071713
Area: 0.00018612310714086604
CentroidX: 0.1119
CentroidY: 0.5840
