Location: internet_17.png_Otsu.png
Component: component_1755086411056_29.png
centerX: 0.20233776702942363
centerY: 0.06558311947533504
width: 0.02418379685610641
height: 0.020815511833475905
Area: 0.00023468925567992247
CentroidX: 0.2133
CentroidY: 0.0761
