Location: Dedata_1.png_Otsu.png
Component: component_1755524255265_516.png
centerX: 0.6169354838709677
centerY: 0.7597606155599886
width: 0.010080645161290322
height: 0.00968937019093759
Area: 2.918761893380156e-05
CentroidX: 0.6225
CentroidY: 0.7661
