Location: internet_3.png_Gaussian-Median.png
Component: component_1755094757359_344.png
centerX: 0.16041918581217252
centerY: 0.9535215283718278
width: 0.08343409915356712
height: 0.04220131166238951
Area: 0.0006092496299506705
CentroidX: 0.2011
CentroidY: 0.9721
