Location: Kurtxevani_1764_page_10.png_Otsu.png
Component: component_1755610055956_1462.png
centerX: 0.7100323624595469
centerY: 0.5954162768942938
width: 0.025889967637540454
height: 0.023386342376052385
Area: 0.0002767005428053318
CentroidX: 0.7207
CentroidY: 0.6072
