Location: Dedata_10.png_Otsu.png
Component: component_1755521621688_179.png
centerX: 0.09032258064516129
centerY: 0.10202336848104873
width: 0.02661290322580645
height: 0.015388999715018524
Area: 0.00010847681997444359
CentroidX: 0.1033
CentroidY: 0.1110
