Location: Kurtxevani_1764_page_10.png_Otsu.png
Component: component_1755610055995_1838.png
centerX: 0.5320388349514563
centerY: 0.775491113189897
width: 0.02977346278317152
height: 0.020112254443405052
Area: 0.00035177902706761
CentroidX: 0.5459
CentroidY: 0.7863
