Location: internet_24.png_Otsu.png
Component: component_1755081215977_6.png
centerX: 0.6610237807335752
centerY: 0.009124607927003137
width: 0.014510278113663845
height: 0.025377815796977475
Area: 0.0001059664513892696
CentroidX: 0.6698
CentroidY: 0.0220
