Location: Paraklitoni_1720_page_10.png_Mean-Medain.png
Component: component_1755610055278_699.png
centerX: 0.13414634146341464
centerY: 0.2586466165413534
width: 0.018292682926829267
height: 0.007518796992481203
Area: 0.00010239012164557736
CentroidX: 0.1436
CentroidY: 0.2618
