Location: internet_21.png_Otsu.png
Component: component_1755082376590_230.png
centerX: 0.1354292623941959
centerY: 0.12603364699173084
width: 0.012898024989923419
height: 0.03934987168520103
Area: 0.00011757448999048026
CentroidX: 0.1395
CentroidY: 0.1459
