Location: internet_21.png_Gaussian-Closing.png
Component: component_1755082377494_47.png
centerX: 0.5251914550584442
centerY: 0.10521813515825491
width: 0.010882708585247884
height: 0.037639007698887936
Area: 0.0002099790744991275
CentroidX: 0.5297
CentroidY: 0.1238
