Location: Samociqulo_1709_page_10.png_Gaussian-Median.png
Component: component_1755610056144_1240.png
centerX: 0.15675675675675677
centerY: 0.2809375
width: 0.015233415233415233
height: 0.0103125
Area: 8.783783783783784e-05
CentroidX: 0.1645
CentroidY: 0.2854
