Location: Samociqulo_1709_page_10.png_Gaussian-Median.png
Component: component_1755610056252_2474.png
centerX: 0.8791154791154792
centerY: 0.5971875
width: 0.008845208845208846
height: 0.00625
Area: 3.470515970515971e-05
CentroidX: 0.8828
CentroidY: 0.6002
