Location: internet_17.png_Otsu.png
Component: component_1755086411124_1512.png
centerX: 0.7376058041112454
centerY: 0.7778728257770174
width: 0.008464328899637243
height: 0.012546335899629312
Area: 3.7352599459341233e-05
CentroidX: 0.7410
CentroidY: 0.7847
