Location: internet_17.png_Otsu.png
Component: component_1755086411132_1695.png
centerX: 0.8577186618299073
centerY: 0.8813800969489592
width: 0.00886739218057235
height: 0.03136583974907328
Area: 0.0001618229539653922
CentroidX: 0.8625
CentroidY: 0.8972
