Location: Samociqulo_1709_page_10.png_Gaussian-Median.png
Component: component_1755610056217_2041.png
centerX: 0.8604422604422605
centerY: 0.4796875
width: 0.012285012285012284
height: 0.005
Area: 3.9312039312039314e-05
CentroidX: 0.8670
CentroidY: 0.4819
