Location: Dedata_10.png_Otsu.png
Component: component_1755521621703_355.png
centerX: 0.13346774193548386
centerY: 0.15958962667426618
width: 0.021774193548387097
height: 0.014534055286406384
Area: 6.699362928506422e-05
CentroidX: 0.1406
CentroidY: 0.1693
