Location: Kurtxevani_1764_page_10.png_Otsu.png
Component: component_1755610055936_1298.png
centerX: 0.4524271844660194
centerY: 0.5102899906454631
width: 0.018770226537216828
height: 0.013096351730589336
Area: 0.00016559649553010556
CentroidX: 0.4622
CentroidY: 0.5156
