Location: Samociqulo_1709_page_10.png_Gaussian-Median.png
Component: component_1755610056255_2548.png
centerX: 0.42653562653562654
centerY: 0.6178125
width: 0.05995085995085995
height: 0.0153125
Area: 0.0003935810810810811
CentroidX: 0.4549
CentroidY: 0.6237
