Location: internet_15.png_Otsu.png
Component: component_1755087705300_299.png
centerX: 0.41233373639661425
centerY: 0.2554890219560878
width: 0.010882708585247884
height: 0.01996007984031936
Area: 9.665703429324917e-05
CentroidX: 0.4163
CentroidY: 0.2662
