Location: Samociqulo_1709_page_10.png_Gaussian-Median.png
Component: component_1755610056151_1346.png
centerX: 0.5385749385749385
centerY: 0.304375
width: 0.030466830466830467
height: 0.008125
Area: 0.00016292997542997542
CentroidX: 0.5546
CentroidY: 0.3080
