Location: internet_17.png_Gaussian-Median.png
Component: component_1755086411296_317.png
centerX: 0.7952438532849657
centerY: 0.7556315939549473
width: 0.018540910923014912
height: 0.03421727972626176
Area: 0.00016756950772836777
CentroidX: 0.8039
CentroidY: 0.7729
