Location: Kurtxevani_1784_page_10.png_Gaussian-Closing.png
Component: component_1755610055724_186.png
centerX: 0.4133476856835307
centerY: 0.23266932270916335
width: 0.02583423035522067
height: 0.019123505976095617
Area: 0.0002830443564815013
CentroidX: 0.4269
CentroidY: 0.2443
