Location: Kurtxevani_1764_page_10.png_Otsu.png
Component: component_1755610055909_1084.png
centerX: 0.686084142394822
centerY: 0.41113189897100094
width: 0.0284789644012945
height: 0.019176800748362956
Area: 0.00029607563551817777
CentroidX: 0.6987
CentroidY: 0.4217
