Location: Dedata_13.png_Otsu.png
Component: component_1755520268591_409.png
centerX: 0.6076612903225806
centerY: 0.47050441721288117
width: 0.007661290322580645
height: 0.011969222000569962
Area: 3.1715680416256816e-05
CentroidX: 0.6100
CentroidY: 0.4768
