Location: internet_21.png_Otsu.png
Component: component_1755082376655_524.png
centerX: 0.15195485691253527
centerY: 0.24123182207014543
width: 0.012898024989923419
height: 0.038209295694325636
Area: 0.00010332303665830084
CentroidX: 0.1560
CentroidY: 0.2640
