Location: Samociqulo_1709_page_10.png_Gaussian-Median.png
Component: component_1755610056086_339.png
centerX: 0.35135135135135137
centerY: 0.0459375
width: 0.062407862407862405
height: 0.0271875
Area: 0.0005732493857493857
CentroidX: 0.3808
CentroidY: 0.0588
