Location: Dedata_1.png_Otsu.png
Component: component_1755524255289_852.png
centerX: 0.03951612903225806
centerY: 0.9412938159019664
width: 0.012096774193548387
height: 0.009404388714733543
Area: 2.8957795162669264e-05
CentroidX: 0.0473
CentroidY: 0.9478
