Location: internet_30.png_Gaussian-Closing.png
Component: component_1755078354208_171.png
centerX: 0.3619508262797259
centerY: 0.3341887653264899
width: 0.022168480451430876
height: 0.01853435985172512
Area: 0.0001448131548269845
CentroidX: 0.3755
CentroidY: 0.3452
