Location: Dedata_10.png_Otsu.png
Component: component_1755521621702_354.png
centerX: 0.10403225806451613
centerY: 0.15987460815047022
width: 0.018548387096774192
height: 0.01567398119122257
Area: 5.826032598203697e-05
CentroidX: 0.1147
CentroidY: 0.1700
