Location: Dedata_13.png_Otsu.png
Component: component_1755520268602_471.png
centerX: 0.43911290322580643
centerY: 0.524365916215446
width: 0.03225806451612903
height: 0.012539184952978056
Area: 0.00013042499011757785
CentroidX: 0.4541
CentroidY: 0.5304
