Location: Kurtxevani_1794_page_10.png_Mean-Medain.png
Component: component_1755610055130_3380.png
centerX: 0.842197545295149
centerY: 0.9867783164389599
width: 0.029222676797194622
height: 0.012780960775672102
Area: 0.00016227665387600362
CentroidX: 0.8589
CentroidY: 0.9929
