Location: Dedata_1.png_Otsu.png
Component: component_1755524255273_637.png
centerX: 0.6306451612903226
centerY: 0.8133371330863494
width: 0.024193548387096774
height: 0.01310914790538615
Area: 9.974351667141635e-05
CentroidX: 0.6408
CentroidY: 0.8223
