Location: Kurtxevani_1784_page_10.png_Gaussian-Closing.png
Component: component_1755610055729_226.png
centerX: 0.10871905274488698
centerY: 0.301195219123506
width: 0.05489773950484392
height: 0.02948207171314741
Area: 0.0006647253826459501
CentroidX: 0.1357
CentroidY: 0.3158
