Location: Kurtxevani_1784_page_10.png_Gaussian-Closing.png
Component: component_1755610055752_430.png
centerX: 0.7954790096878364
centerY: 0.5768924302788845
width: 0.07534983853606028
height: 0.020717131474103586
Area: 0.0005823852062149679
CentroidX: 0.8330
CentroidY: 0.5844
