Location: internet_21.png_Mean-Medain.png
Component: component_1755082376305_97.png
centerX: 0.3688029020556227
centerY: 0.22355289421157684
width: 0.012494961708988311
height: 0.04220131166238951
Area: 0.00024078060266867658
CentroidX: 0.3736
CentroidY: 0.2452
