Location: Dedata_13.png_Otsu.png
Component: component_1755520268467_176.png
centerX: 0.37983870967741934
centerY: 0.3177543459675121
width: 0.01653225806451613
height: 0.012254203476774009
Area: 4.711387308212063e-05
CentroidX: 0.3875
CentroidY: 0.3246
