Location: internet_11.png_Otsu.png
Component: component_1755091163682_902.png
centerX: 0.7875856509471987
centerY: 0.4328485885372113
width: 0.007255139056831923
height: 0.027088679783290562
Area: 9.343896418598284e-05
CentroidX: 0.7909
CentroidY: 0.4465
