Location: internet_24.png_Otsu.png
Component: component_1755081215986_487.png
centerX: 0.47803305118903666
centerY: 0.10835471913316225
width: 0.00886739218057235
height: 0.01454234388366125
Area: 3.80421859108983e-05
CentroidX: 0.4828
CentroidY: 0.1128
