Location: Dedata_30.png_Otsu.png
Component: component_1755503806579_137.png
centerX: 0.18024193548387096
centerY: 0.31917925334853237
width: 0.02903225806451613
height: 0.011969222000569962
Area: 0.00013088463765984244
CentroidX: 0.1960
CentroidY: 0.3236
