Location: Paraklitoni_1720_page_10.png_Mean-Medain.png
Component: component_1755610055306_999.png
centerX: 0.5876524390243902
centerY: 0.36140350877192984
width: 0.027439024390243903
height: 0.018546365914786967
Area: 0.00020401613790573995
CentroidX: 0.6010
CentroidY: 0.3703
