Location: Paraklitoni_1720_page_10.png_Mean-Medain.png
Component: component_1755610055337_1339.png
centerX: 0.6417682926829268
centerY: 0.48621553884711777
width: 0.03125
height: 0.012531328320802004
Area: 0.00017956476557246776
CentroidX: 0.6591
CentroidY: 0.4934
