Location: internet_17.png_Mean-Closing.png
Component: component_1755086411408_83.png
centerX: 0.044740024183796856
centerY: 0.23838038209295695
width: 0.005642885933091495
height: 0.02480752780153978
Area: 0.00011849393859255636
CentroidX: 0.0472
CentroidY: 0.2511
