Location: Dedata_30.png_Gaussian-Median.png
Component: component_1755503806812_20.png
centerX: 0.37540322580645163
centerY: 0.04987175833570818
width: 0.02379032258064516
height: 0.014249073810202337
Area: 0.00014122670736079574
CentroidX: 0.3898
CentroidY: 0.0547
