Location: Dedata_22.png_Otsu.png
Component: component_1755510404108_542.png
centerX: 0.08306451612903226
centerY: 0.4525505842120262
width: 0.006048387096774193
height: 0.011399259048161869
Area: 2.4591143511155646e-05
CentroidX: 0.0858
CentroidY: 0.4594
