Location: Paraklitoni_1720_page_10.png_Mean-Medain.png
Component: component_1755610055528_2113.png
centerX: 0.7027439024390244
centerY: 0.7739348370927318
width: 0.025914634146341462
height: 0.02155388471177945
Area: 0.00019331866250993338
CentroidX: 0.7159
CentroidY: 0.7846
