Location: Kurtxevani_1764_page_10.png_Otsu.png
Component: component_1755610055968_1565.png
centerX: 0.8440129449838187
centerY: 0.6524789522918616
width: 0.07702265372168285
height: 0.019644527595884004
Area: 0.0007177866378462163
CentroidX: 0.8804
CentroidY: 0.6635
