Location: Dedata_10.png_Otsu.png
Component: component_1755521621682_85.png
centerX: 0.19475806451612904
centerY: 0.0743801652892562
width: 0.016129032258064516
height: 0.01481903676261043
Area: 6.572959854383659e-05
CentroidX: 0.2002
CentroidY: 0.0834
