Location: Dedata_19.png_Otsu.png
Component: component_1755511661606_152.png
centerX: 0.6834677419354839
centerY: 0.21658592191507553
width: 0.0064516129032258064
height: 0.014534055286406384
Area: 4.5160371027496115e-05
CentroidX: 0.6860
CentroidY: 0.2252
