Location: Dedata_30.png_Otsu.png
Component: component_1755503806563_114.png
centerX: 0.2508064516129032
centerY: 0.2675976061555999
width: 0.03185483870967742
height: 0.010259333143345683
Area: 0.00013260831594333466
CentroidX: 0.2677
CentroidY: 0.2713
