Location: internet_26.png_Mean-Medain.png
Component: component_1755080009850_66.png
centerX: 0.9262394195888755
centerY: 0.16110635871114912
width: 0.012494961708988311
height: 0.036783575705731396
Area: 0.00017664906267386916
CentroidX: 0.9328
CentroidY: 0.1798
