Location: internet_30.png_Mean-Closing.png
Component: component_1755078353335_123.png
centerX: 0.19226118500604594
centerY: 0.23980610208155118
width: 0.019347037484885126
height: 0.015112631879098944
Area: 0.00011527586848529003
CentroidX: 0.2032
CentroidY: 0.2481
