Location: Dedata_1.png_Otsu.png
Component: component_1755524255253_451.png
centerX: 0.7165322580645161
centerY: 0.7278426902251354
width: 0.014919354838709677
height: 0.01652892561983471
Area: 0.00011157944088472959
CentroidX: 0.7239
CentroidY: 0.7345
