Location: Paraklitoni_1720_page_10.png_Mean-Medain.png
Component: component_1755610055179_197.png
centerX: 0.7873475609756098
centerY: 0.07769423558897243
width: 0.051829268292682924
height: 0.04962406015037594
Area: 0.0007167308515190415
CentroidX: 0.8118
CentroidY: 0.1020
