Location: Dedata_22.png_Otsu.png
Component: component_1755510404093_480.png
centerX: 0.17016129032258065
centerY: 0.4072385294955828
width: 0.00564516129032258
height: 0.009404388714733543
Area: 2.539552671011868e-05
CentroidX: 0.1729
CentroidY: 0.4131
