Location: Kurtxevani_1794_page_10.png_Mean-Medain.png
Component: component_1755610054822_893.png
centerX: 0.5955581531268265
centerY: 0.23666813574261789
width: 0.011104617182933957
height: 0.006610841780520053
Area: 4.1985864415537446e-05
CentroidX: 0.6007
CentroidY: 0.2403
