Location: Paraklitoni_1720_page_10.png_Mean-Medain.png
Component: component_1755610055317_1128.png
centerX: 0.2919207317073171
centerY: 0.40651629072681705
width: 0.0663109756097561
height: 0.014536340852130326
Area: 0.00043936059661348493
CentroidX: 0.3219
CentroidY: 0.4116
