Location: Paraklitoni_1720_page_10.png_Mean-Medain.png
Component: component_1755610055527_2110.png
centerX: 0.26676829268292684
centerY: 0.7744360902255639
width: 0.022103658536585365
height: 0.017543859649122806
Area: 0.00017650834403080872
CentroidX: 0.2779
CentroidY: 0.7822
