Location: internet_2.png_Mean-Medain.png
Component: component_1755095281674_260.png
centerX: 0.9794437726723095
centerY: 0.7191331622469347
width: 0.020556227327690448
height: 0.01283147989734816
Area: 0.00012849294214013386
CentroidX: 0.9895
CentroidY: 0.7261
