Location: internet_17.png_Mean-Closing.png
Component: component_1755086411462_310.png
centerX: 0.4131398629584845
centerY: 0.8936412888508697
width: 0.00886739218057235
height: 0.028229255774165955
Area: 0.00016320212686850633
CentroidX: 0.4176
CentroidY: 0.9079
