Location: internet_21.png_Gaussian-Closing.png
Component: component_1755082377514_103.png
centerX: 0.1309955663039097
centerY: 0.24550898203592814
width: 0.01894397420395002
height: 0.021670943826632448
Area: 0.00011217272945328321
CentroidX: 0.1382
CentroidY: 0.2596
