Location: internet_15.png_Mean-Closing.png
Component: component_1755087704558_219.png
centerX: 0.43369609028617495
centerY: 0.6578272027373824
width: 0.012494961708988311
height: 0.021100655831194755
Area: 0.00011148314300172615
CentroidX: 0.4382
CentroidY: 0.6686
