Location: internet_17.png_Otsu.png
Component: component_1755086411112_1042.png
centerX: 0.015316404675534058
centerY: 0.6455660108354719
width: 0.03667875856509472
height: 0.03649843170801255
Area: 0.0005617830958684922
CentroidX: 0.0345
CentroidY: 0.6604
