Location: internet_30.png_Gaussian-Closing.png
Component: component_1755078354054_97.png
centerX: 0.5759774284562676
centerY: 0.18192187054462503
width: 0.018137847642079808
height: 0.01283147989734816
Area: 0.00011286231590484028
CentroidX: 0.5867
CentroidY: 0.1896
