Location: Samociqulo_1709_page_10.png_Gaussian-Median.png
Component: component_1755610056202_1912.png
centerX: 0.3326781326781327
centerY: 0.4321875
width: 0.03538083538083538
height: 0.016875
Area: 0.000269502457002457
CentroidX: 0.3488
CentroidY: 0.4401
