Location: Paraklitoni_1720_page_10.png_Mean-Medain.png
Component: component_1755610055288_805.png
centerX: 0.45121951219512196
centerY: 0.2987468671679198
width: 0.03201219512195122
height: 0.016541353383458645
Area: 0.0002552111987285286
CentroidX: 0.4688
CentroidY: 0.3073
