Location: Dedata_31.png_Otsu.png
Component: component_1755503061763_855.png
centerX: 0.6314516129032258
centerY: 0.6628669136506127
width: 0.013306451612903225
height: 0.015104018238814477
Area: 3.539286075437355e-05
CentroidX: 0.6351
CentroidY: 0.6724
