Location: Dedata_17.png_Otsu.png
Component: component_1755512340310_741.png
centerX: 0.7241935483870968
centerY: 0.7848389854659447
width: 0.01129032258064516
height: 0.03676261043032203
Area: 0.00018811075667178408
CentroidX: 0.7298
CentroidY: 0.8033
