Location: Paraklitoni_1720_page_10.png_Mean-Medain.png
Component: component_1755610055325_1225.png
centerX: 0.8521341463414634
centerY: 0.44411027568922307
width: 0.012195121951219513
height: 0.012531328320802004
Area: 0.00010239012164557736
CentroidX: 0.8580
CentroidY: 0.4501
