Location: internet_21.png_Mean-Medain.png
Component: component_1755082376469_350.png
centerX: 0.841193067311568
centerY: 0.8229255774165953
width: 0.017331721080209594
height: 0.016823495865412035
Area: 0.0001280332178390958
CentroidX: 0.8473
CentroidY: 0.8336
