Location: internet_26.png_Otsu.png
Component: component_1755080009726_195.png
centerX: 0.3776702942361951
centerY: 0.18420302252637583
width: 0.022168480451430876
height: 0.013401767892785858
Area: 0.00010642617569030764
CentroidX: 0.3909
CentroidY: 0.1888
