Location: Dedata_13.png_Otsu.png
Component: component_1755520268585_363.png
centerX: 0.10967741935483871
centerY: 0.43488173268737534
width: 0.010887096774193548
height: 0.01054431461954973
Area: 3.642706772446888e-05
CentroidX: 0.1131
CentroidY: 0.4400
