Location: Paraklitoni_1720_page_10.png_Mean-Medain.png
Component: component_1755610055514_2066.png
centerX: 0.47865853658536583
centerY: 0.7548872180451128
width: 0.014481707317073171
height: 0.012531328320802004
Area: 0.0001104132281924323
CentroidX: 0.4852
CentroidY: 0.7604
