Location: Dedata_10.png_Otsu.png
Component: component_1755521621706_414.png
centerX: 0.5125
centerY: 0.18010829296095754
width: 0.00967741935483871
height: 0.01481903676261043
Area: 4.8952463251178996e-05
CentroidX: 0.5173
CentroidY: 0.1893
