Location: Samociqulo_1709_page_10.png_Gaussian-Median.png
Component: component_1755610056295_3167.png
centerX: 0.7395577395577395
centerY: 0.785625
width: 0.013759213759213759
height: 0.0078125
Area: 6.296068796068796e-05
CentroidX: 0.7464
CentroidY: 0.7885
