Location: Kurtxevani_1784_page_10.png_Gaussian-Closing.png
Component: component_1755610055733_260.png
centerX: 0.17653390742734124
centerY: 0.3426294820717131
width: 0.04736275565123789
height: 0.019123505976095617
Area: 0.0004657366229377431
CentroidX: 0.2023
CentroidY: 0.3488
