Location: Samociqulo_1709_page_10.png_Gaussian-Median.png
Component: component_1755610056273_2843.png
centerX: 0.3882063882063882
centerY: 0.6996875
width: 0.015233415233415233
height: 0.01
Area: 8.553439803439803e-05
CentroidX: 0.3960
CentroidY: 0.7039
