Location: Samociqulo_1709_page_10.png_Gaussian-Median.png
Component: component_1755610056202_1913.png
centerX: 0.42063882063882063
centerY: 0.431875
width: 0.05012285012285012
height: 0.0175
Area: 0.00030036855036855034
CentroidX: 0.4445
CentroidY: 0.4402
