Location: Kurtxevani_1764_page_10.png_Otsu.png
Component: component_1755610055964_1523.png
centerX: 0.7521035598705501
centerY: 0.6286248830682881
width: 0.012297734627831715
height: 0.010757717492984098
Area: 9.051801126782736e-05
CentroidX: 0.7583
CentroidY: 0.6333
