Location: Dedata_17.png_Otsu.png
Component: component_1755512340226_408.png
centerX: 0.482258064516129
centerY: 0.3248788828726133
width: 0.006048387096774193
height: 0.011684240524365916
Area: 3.2175327958521406e-05
CentroidX: 0.4856
CentroidY: 0.3315
