Location: internet_11.png_Otsu.png
Component: component_1755091163677_531.png
centerX: 0.28174123337363965
centerY: 0.3532934131736527
width: 0.009673518742442563
height: 0.029940119760479042
Area: 7.10274045103781e-05
CentroidX: 0.2855
CentroidY: 0.3699
