Location: internet_3.png_Gaussian-Median.png
Component: component_1755094757357_334.png
centerX: 0.2825473599355099
centerY: 0.9429712004562304
width: 0.4973800886739218
height: 0.04961505560307956
Area: 0.00493376119874031
CentroidX: 0.5362
CentroidY: 0.9691
