Location: internet_21.png_Mean-Medain.png
Component: component_1755082376339_252.png
centerX: 0.2712615880693269
centerY: 0.6002281151981751
width: 0.012898024989923419
height: 0.045337895637296836
Area: 0.0002310114612716181
CentroidX: 0.2763
CentroidY: 0.6223
