Location: Samociqulo_1709_page_10.png_Gaussian-Median.png
Component: component_1755610056091_522.png
centerX: 0.9027027027027027
centerY: 0.0746875
width: 0.011793611793611793
height: 0.0065625
Area: 2.5184275184275186e-05
CentroidX: 0.9099
CentroidY: 0.0787
