Location: Dedata_16.png_Mean-Closing.png
Component: component_1755519379236_1.png
centerX: 0.0
centerY: 0.0005699629524080935
width: 0.532258064516129
height: 0.007409518381305215
Area: 0.0006285680140468289
CentroidX: 0.2503
CentroidY: 0.0040
