Location: Kurtxevani_1784_page_10.png_Gaussian-Closing.png
Component: component_1755610055777_632.png
centerX: 0.3455328310010764
centerY: 0.8733067729083666
width: 0.06781485468245425
height: 0.028685258964143426
Area: 0.0008216863439675099
CentroidX: 0.3777
CentroidY: 0.8892
