Location: internet_18.png_Mean-Medain.png
Component: component_1755084392293_50.png
centerX: 0.7343812978637646
centerY: 0.10892500712859994
width: 0.02015316404675534
height: 0.011690903906472769
Area: 0.0001029782434325223
CentroidX: 0.7466
CentroidY: 0.1128
