Location: Dedata_31.png_Otsu.png
Component: component_1755503061671_675.png
centerX: 0.930241935483871
centerY: 0.6127101738387005
width: 0.01653225806451613
height: 0.020518666286691366
Area: 6.676380551393192e-05
CentroidX: 0.9390
CentroidY: 0.6221
