Location: Dedata_30.png_Gaussian-Closing.png
Component: component_1755503806694_20.png
centerX: 0.3592741935483871
centerY: 0.051011684240524366
width: 0.03024193548387097
height: 0.022228555143915644
Area: 0.00019914229768613426
CentroidX: 0.3728
CentroidY: 0.0624
