Location: internet_21.png_Mean-Medain.png
Component: component_1755082376363_271.png
centerX: 0.7718661829907295
centerY: 0.6313088109495295
width: 0.016122531237404272
height: 0.018249215854006275
Area: 0.00011608038601210661
CentroidX: 0.7781
CentroidY: 0.6425
