Location: Dedata_17.png_Otsu.png
Component: component_1755512340238_549.png
centerX: 0.275
centerY: 0.4123681960672556
width: 0.0125
height: 0.014249073810202337
Area: 4.676913742542218e-05
CentroidX: 0.2793
CentroidY: 0.4206
