Location: Dedata_17.png_Otsu.png
Component: component_1755512340189_111.png
centerX: 0.5556451612903226
centerY: 0.11912225705329153
width: 0.02258064516129032
height: 0.014534055286406384
Area: 0.00011858906590426462
CentroidX: 0.5665
CentroidY: 0.1267
