Location: Paraklitoni_1720_page_10.png_Mean-Medain.png
Component: component_1755610055549_2187.png
centerX: 0.4451219512195122
centerY: 0.8010025062656642
width: 0.04573170731707317
height: 0.013032581453634085
Area: 0.0002746958860566049
CentroidX: 0.4665
CentroidY: 0.8054
