Location: internet_17.png_Otsu.png
Component: component_1755086411122_1400.png
centerX: 0.7738814993954051
centerY: 0.7593384659252923
width: 0.024989923417976623
height: 0.017678927858568578
Area: 0.00017722371805016672
CentroidX: 0.7868
CentroidY: 0.7671
