Location: internet_27.png_Otsu.png
Component: component_1755079634732_21.png
centerX: 0.07013301088270858
centerY: 0.017964071856287425
width: 0.025796049979846837
height: 0.03307670373538637
Area: 0.00014826108708476982
CentroidX: 0.0807
CentroidY: 0.0343
