Location: internet_15.png_Otsu.png
Component: component_1755087705333_481.png
centerX: 0.12454655380894801
centerY: 0.3504419731964642
width: 0.012898024989923419
height: 0.017964071856287425
Area: 7.723368257439173e-05
CentroidX: 0.1293
CentroidY: 0.3601
