Location: Dedata_21.png_Otsu.png
Component: component_1755511065881_103.png
centerX: 0.36693548387096775
centerY: 0.07153035052721574
width: 0.03024193548387097
height: 0.015388999715018524
Area: 0.00019695897186037747
CentroidX: 0.3807
CentroidY: 0.0786
