Location: Dedata_13.png_Otsu.png
Component: component_1755520268501_201.png
centerX: 0.7834677419354839
centerY: 0.34710743801652894
width: 0.008467741935483872
height: 0.01396409233399829
Area: 2.9532354590500006e-05
CentroidX: 0.7875
CentroidY: 0.3519
