Location: Paraklitoni_1720_page_10.png_Mean-Medain.png
Component: component_1755610055439_1854.png
centerX: 0.14939024390243902
centerY: 0.6691729323308271
width: 0.019817073170731708
height: 0.017042606516290727
Area: 0.00015931597285897672
CentroidX: 0.1586
CentroidY: 0.6773
