Location: Dedata_20.png_Mean-Medain.png
Component: component_1755511365464_61.png
centerX: 0.5564516129032258
centerY: 0.12453690510116842
width: 0.02056451612903226
height: 0.011399259048161869
Area: 0.00011985309664549223
CentroidX: 0.5675
CentroidY: 0.1291
