Location: Paraklitoni_1720_page_10.png_Mean-Medain.png
Component: component_1755610055378_1709.png
centerX: 0.3986280487804878
centerY: 0.6155388471177945
width: 0.014481707317073171
height: 0.009022556390977444
Area: 8.481569778103795e-05
CentroidX: 0.4056
CentroidY: 0.6190
