Location: internet_13.png_Gaussian-Closing.png
Component: component_1755088480479_34.png
centerX: 0.9197904070939138
centerY: 0.04875962360992301
width: 0.029826682789197905
height: 0.024522383803820928
Area: 0.0002479063293347663
CentroidX: 0.9330
CentroidY: 0.0621
