Location: internet_21.png_Otsu.png
Component: component_1755082377194_2688.png
centerX: 0.7460701330108828
centerY: 0.8286284573709723
width: 0.016928657799274487
height: 0.018249215854006275
Area: 0.00010217372590570572
CentroidX: 0.7517
CentroidY: 0.8402
