Location: Paraklitoni_1720_page_10.png_Mean-Medain.png
Component: component_1755610055312_1069.png
centerX: 0.8963414634146342
centerY: 0.3854636591478697
width: 0.03125
height: 0.011528822055137845
Area: 0.0002296136683171343
CentroidX: 0.9117
CentroidY: 0.3904
