Location: internet_15.png_Otsu.png
Component: component_1755087705379_853.png
centerX: 0.867795243853285
centerY: 0.5594525235243798
width: 0.010479645304312777
height: 0.016823495865412035
Area: 7.171699096193517e-05
CentroidX: 0.8718
CentroidY: 0.5682
