Location: Kurtxevani_1764_page_10.png_Otsu.png
Component: component_1755610055926_1203.png
centerX: 0.3255663430420712
centerY: 0.47427502338634236
width: 0.032362459546925564
height: 0.020112254443405052
Area: 0.0003145425207601091
CentroidX: 0.3407
CentroidY: 0.4853
