Location: internet_21.png_Mean-Medain.png
Component: component_1755082376323_174.png
centerX: 0.08464328899637243
centerY: 0.4151696606786427
width: 0.011688835147118097
height: 0.043341887653264896
Area: 0.00021457631750950796
CentroidX: 0.0889
CentroidY: 0.4375
