Location: internet_20.png_Mean-Medain.png
Component: component_1755083652268_155.png
centerX: 0.5203546956872229
centerY: 0.21357285429141717
width: 0.04232164449818621
height: 0.019674935842600515
Area: 0.0001940036550380554
CentroidX: 0.5368
CentroidY: 0.2272
