Location: Paraklitoni_1720_page_10.png_Mean-Medain.png
Component: component_1755610055357_1543.png
centerX: 0.3795731707317073
centerY: 0.5528822055137844
width: 0.028201219512195123
height: 0.008521303258145364
Area: 0.00014212360168714468
CentroidX: 0.3931
CentroidY: 0.5565
