Location: internet_23.png_Otsu.png
Component: component_1755081841779_138.png
centerX: 0.875453446191052
centerY: 0.15825491873396064
width: 0.016928657799274487
height: 0.024522383803820928
Area: 5.5626640425603566e-05
CentroidX: 0.8853
CentroidY: 0.1666
