Location: internet_27.png_Otsu.png
Component: component_1755079634763_778.png
centerX: 0.1128577186618299
centerY: 0.258910749928714
width: 0.014510278113663845
height: 0.013401767892785858
Area: 4.0340807416088534e-05
CentroidX: 0.1223
CentroidY: 0.2632
