Location: internet_21.png_Otsu.png
Component: component_1755082376897_1312.png
centerX: 0.31882305521966947
centerY: 0.4550898203592814
width: 0.009673518742442563
height: 0.021100655831194755
Area: 5.079953526470408e-05
CentroidX: 0.3232
CentroidY: 0.4635
