Location: internet_17.png_Gaussian-Closing.png
Component: component_1755086410990_297.png
centerX: 0.8827085852478839
centerY: 0.8109495295124037
width: 0.026602176541717048
height: 0.01996007984031936
Area: 0.000224920114282864
CentroidX: 0.8947
CentroidY: 0.8205
