Location: internet_21.png_Otsu.png
Component: component_1755082376979_2105.png
centerX: 0.9729947601773479
centerY: 0.6107784431137725
width: 0.012494961708988311
height: 0.03992015968063872
Area: 0.00012768842461331726
CentroidX: 0.9779
CentroidY: 0.6310
