Location: internet_17.png_Otsu.png
Component: component_1755086411054_23.png
centerX: 0.7255139056831923
centerY: 0.06016538351867693
width: 0.016928657799274487
height: 0.03022526375819789
Area: 0.00017952233955535694
CentroidX: 0.7326
CentroidY: 0.0748
