Location: Dedata_18.png_Otsu.png
Component: component_1755511906262_138.png
centerX: 0.07419354838709677
centerY: 0.09176403533770305
width: 0.010887096774193548
height: 0.020518666286691366
Area: 3.585250829663814e-05
CentroidX: 0.0820
CentroidY: 0.1048
