Location: Paraklitoni_1720_page_10.png_Mean-Medain.png
Component: component_1755610055693_2637.png
centerX: 0.8734756097560976
centerY: 0.9598997493734336
width: 0.01676829268292683
height: 0.012030075187969926
Area: 7.220795892169449e-05
CentroidX: 0.8810
CentroidY: 0.9655
