Location: internet_26.png_Otsu.png
Component: component_1755080009737_378.png
centerX: 0.2708585247883918
centerY: 0.29654975762760194
width: 0.011688835147118097
height: 0.03649843170801255
Area: 9.539279246539455e-05
CentroidX: 0.2789
CentroidY: 0.3136
