Location: Samociqulo_1709_page_10.png_Gaussian-Median.png
Component: component_1755610056201_1903.png
centerX: 0.8953316953316953
centerY: 0.42875
width: 0.025552825552825554
height: 0.01375
Area: 0.00017444717444717444
CentroidX: 0.9072
CentroidY: 0.4362
