Location: Dedata_24.png_Otsu.png
Component: component_1755507995236_378.png
centerX: 0.34274193548387094
centerY: 0.25505842120262184
width: 0.02379032258064516
height: 0.011969222000569962
Area: 5.446823375835409e-05
CentroidX: 0.3525
CentroidY: 0.2614
