Location: internet_21.png_Gaussian-Median.png
Component: component_1755082377367_334.png
centerX: 0.2712615880693269
centerY: 0.6002281151981751
width: 0.012898024989923419
height: 0.04562303963501568
Area: 0.00021538083503632455
CentroidX: 0.2764
CentroidY: 0.6224
