Location: internet_17.png_Gaussian-Median.png
Component: component_1755086411216_47.png
centerX: 0.44417573559048773
centerY: 0.10778443113772455
width: 0.00886739218057235
height: 0.033361847733105215
Area: 0.00015573160697663808
CentroidX: 0.4486
CentroidY: 0.1248
