Location: Kurtxevani_1794_page_10.png_Mean-Medain.png
Component: component_1755610055109_2600.png
centerX: 0.6680303915838691
centerY: 0.8215072719259586
width: 0.008766803039158387
height: 0.012780960775672102
Area: 6.928955538515076e-05
CentroidX: 0.6726
CentroidY: 0.8280
