Location: internet_13.png_Gaussian-Closing.png
Component: component_1755088480481_42.png
centerX: 0.26924627166465137
centerY: 0.06216139150270887
width: 0.026602176541717048
height: 0.01283147989734816
Area: 0.00012263145730189877
CentroidX: 0.2858
CentroidY: 0.0668
