Location: Samociqulo_1709_page_10.png_Gaussian-Median.png
Component: component_1755610056177_1668.png
centerX: 0.6977886977886978
centerY: 0.3515625
width: 0.03292383292383293
height: 0.01625
Area: 0.00020377764127764127
CentroidX: 0.7113
CentroidY: 0.3599
