Location: Samociqulo_1709_page_10.png_Gaussian-Median.png
Component: component_1755610056269_2789.png
centerX: 0.10712530712530713
centerY: 0.6859375
width: 0.033906633906633905
height: 0.0221875
Area: 0.00024416461916461915
CentroidX: 0.1226
CentroidY: 0.6965
