Location: internet_11.png_Otsu.png
Component: component_1755091163703_1435.png
centerX: 0.16444981862152358
centerY: 0.7519247219846023
width: 0.007658202337767029
height: 0.026518391787852865
Area: 8.378475386418388e-05
CentroidX: 0.1687
CentroidY: 0.7652
