Location: Samociqulo_1709_page_10.png_Gaussian-Median.png
Component: component_1755610056206_1974.png
centerX: 0.6461916461916462
centerY: 0.455625
width: 0.046191646191646195
height: 0.0184375
Area: 0.00032616707616707616
CentroidX: 0.6694
CentroidY: 0.4642
