Location: internet_21.png_Gaussian-Closing.png
Component: component_1755082377485_23.png
centerX: 0.6763401854091092
centerY: 0.04733390362132877
width: 0.009270455461507456
height: 0.03992015968063872
Area: 0.00018952134310293447
CentroidX: 0.6804
CentroidY: 0.0673
