Location: Dedata_18.png_Otsu.png
Component: component_1755511906288_274.png
centerX: 0.45161290322580644
centerY: 0.28441151325163866
width: 0.01935483870967742
height: 0.01481903676261043
Area: 7.388834241903309e-05
CentroidX: 0.4572
CentroidY: 0.2930
