Location: internet_17.png_Otsu.png
Component: component_1755086411127_1590.png
centerX: 0.44578798871422814
centerY: 0.8035357855717137
width: 0.006045949214026602
height: 0.0071285999429712005
Area: 2.321607720242132e-05
CentroidX: 0.4489
CentroidY: 0.8075
