Location: Dedata_10.png_Otsu.png
Component: component_1755521621677_44.png
centerX: 0.18669354838709679
centerY: 0.04417212881162724
width: 0.03467741935483871
height: 0.019948703334283273
Area: 0.00010905137940227434
CentroidX: 0.2039
CentroidY: 0.0556
