Location: internet_21.png_Otsu.png
Component: component_1755082376936_1565.png
centerX: 0.713018943974204
centerY: 0.5078414599372684
width: 0.013704151551793631
height: 0.022526375819788995
Area: 8.964623870241897e-05
CentroidX: 0.7183
CentroidY: 0.5227
