Location: internet_17.png_Otsu.png
Component: component_1755086411129_1638.png
centerX: 0.6146715034260379
centerY: 0.8166524094667807
width: 0.014510278113663845
height: 0.03849443969204448
Area: 0.00018457930686677546
CentroidX: 0.6219
CentroidY: 0.8357
