Location: Samociqulo_1709_page_10.png_Gaussian-Median.png
Component: component_1755610056137_1122.png
centerX: 0.8339066339066339
centerY: 0.2496875
width: 0.03292383292383293
height: 0.020625
Area: 0.00027794840294840297
CentroidX: 0.8493
CentroidY: 0.2590
