Location: internet_17.png_Otsu.png
Component: component_1755086411120_1336.png
centerX: 0.20878677952438532
centerY: 0.7382378100940975
width: 0.012091898428053204
height: 0.041060735671514116
Area: 0.00012412556128027242
CentroidX: 0.2138
CentroidY: 0.7580
