Location: Paraklitoni_1720_page_10.png_Mean-Medain.png
Component: component_1755610055540_2131.png
centerX: 0.7926829268292683
centerY: 0.7769423558897243
width: 0.02972560975609756
height: 0.013032581453634085
Area: 0.00017115960633290543
CentroidX: 0.8072
CentroidY: 0.7845
