Location: Dedata_24.png_Otsu.png
Component: component_1755507995224_278.png
centerX: 0.4104838709677419
centerY: 0.2049016813907096
width: 0.018951612903225806
height: 0.00883442576232545
Area: 3.7576186580130354e-05
CentroidX: 0.4170
CentroidY: 0.2088
