Location: Samociqulo_1709_page_10.png_Gaussian-Median.png
Component: component_1755610056098_592.png
centerX: 0.2673218673218673
centerY: 0.089375
width: 0.026044226044226043
height: 0.01625
Area: 0.00019487100737100737
CentroidX: 0.2796
CentroidY: 0.0977
