Location: Kurtxevani_1764_page_10.png_Otsu.png
Component: component_1755610055972_1600.png
centerX: 0.6161812297734628
centerY: 0.6618334892422825
width: 0.011650485436893204
height: 0.010757717492984098
Area: 7.114291855498136e-05
CentroidX: 0.6224
CentroidY: 0.6663
