Location: internet_17.png_Otsu.png
Component: component_1755086411123_1410.png
centerX: 0.7162434502216848
centerY: 0.7613344739093242
width: 0.032648125755743655
height: 0.017393783860849728
Area: 0.000194808172564872
CentroidX: 0.7303
CentroidY: 0.7699
