Location: Dedata_31.png_Mean-Closing.png
Component: component_1755503061316_91.png
centerX: 0.05846774193548387
centerY: 0.13479623824451412
width: 0.013709677419354839
height: 0.01738387004844685
Area: 0.00011169435277029574
CentroidX: 0.0636
CentroidY: 0.1450
