Location: internet_11.png_Otsu.png
Component: component_1755091163688_1093.png
centerX: 0.1825876662636034
centerY: 0.4930139720558882
width: 0.014510278113663845
height: 0.02594810379241517
Area: 5.861484838235086e-05
CentroidX: 0.1857
CentroidY: 0.5044
