Location: Dedata_22.png_Otsu.png
Component: component_1755510404087_352.png
centerX: 0.47580645161290325
centerY: 0.38102023368481047
width: 0.014516129032258065
height: 0.030777999430037048
Area: 0.00010755752488991441
CentroidX: 0.4825
CentroidY: 0.3920
