Location: internet_21.png_Mean-Medain.png
Component: component_1755082376325_185.png
centerX: 0.5505844417573559
centerY: 0.44026233247790136
width: 0.013704151551793631
height: 0.04704875962360992
Area: 0.00025916957471019844
CentroidX: 0.5565
CentroidY: 0.4638
