Location: internet_21.png_Otsu.png
Component: component_1755082376948_1571.png
centerX: 0.8508665860540104
centerY: 0.5086968919304249
width: 0.016928657799274487
height: 0.01710863986313088
Area: 0.00010435741633563643
CentroidX: 0.8561
CentroidY: 0.5190
