Location: Dedata_8.png_Gaussian-Closing.png
Component: component_1755522187075_133.png
centerX: 0.8391129032258065
centerY: 0.29153605015673983
width: 0.024193548387096774
height: 0.018238814477058992
Area: 0.00018834058044291636
CentroidX: 0.8540
CentroidY: 0.2983
