Location: internet_8.png_Mean-Closing.png
Component: component_1755092786807_80.png
centerX: 0.6839983877468763
centerY: 0.2352437981180496
width: 0.012091898428053204
height: 0.009409751924721984
Area: 8.458927139100047e-05
CentroidX: 0.6899
CentroidY: 0.2399
