Location: internet_13.png_Mean-Medain.png
Component: component_1755088480957_153.png
centerX: 0.26158806932688433
centerY: 0.28885086968919305
width: 0.02781136638452237
height: 0.026803535785571715
Area: 0.00030560172911504104
CentroidX: 0.2730
CentroidY: 0.3027
