Location: internet_21.png_Otsu.png
Component: component_1755082376632_421.png
centerX: 0.6711003627569528
centerY: 0.21186199030510408
width: 0.0177347843611447
height: 0.023096663815226688
Area: 0.00011849393859255636
CentroidX: 0.6782
CentroidY: 0.2281
