Location: Paraklitoni_1720_page_10.png_Mean-Medain.png
Component: component_1755610055353_1494.png
centerX: 0.0
centerY: 0.5363408521303258
width: 0.03353658536585366
height: 0.42907268170426066
Area: 0.006459746928296351
CentroidX: 0.0132
CentroidY: 0.7424
