Location: internet_21.png_Gaussian-Closing.png
Component: component_1755082377536_182.png
centerX: 0.5505844417573559
centerY: 0.4405474764756202
width: 0.013704151551793631
height: 0.04647847162817223
Area: 0.00020469224503718997
CentroidX: 0.5563
CentroidY: 0.4635
