Location: internet_2.png_Gaussian-Closing.png
Component: component_1755095281520_198.png
centerX: 0.8230552196694881
centerY: 0.5608782435129741
width: 0.027005239822652155
height: 0.016823495865412035
Area: 0.0001581451595570878
CentroidX: 0.8349
CentroidY: 0.5696
