Location: internet_30.png_Gaussian-Closing.png
Component: component_1755078354287_277.png
centerX: 0.9351068117694478
centerY: 0.5603079555175363
width: 0.0237807335751713
height: 0.020245223838038208
Area: 0.0001588347460086449
CentroidX: 0.9497
CentroidY: 0.5717
