Location: internet_21.png_Gaussian-Median.png
Component: component_1755082377398_433.png
centerX: 0.35066505441354295
centerY: 0.7932706016538352
width: 0.018137847642079808
height: 0.015968063872255488
Area: 0.00011814914536677782
CentroidX: 0.3571
CentroidY: 0.8031
