Location: Kurtxevani_1784_page_10.png_Gaussian-Closing.png
Component: component_1755610055737_303.png
centerX: 0.1216361679224973
centerY: 0.401593625498008
width: 0.0721205597416577
height: 0.02151394422310757
Area: 0.0007685083133558339
CentroidX: 0.1562
CentroidY: 0.4131
