Location: Kurtxevani_1794_page_10.png_Mean-Medain.png
Component: component_1755610054832_905.png
centerX: 0.7165400350672122
centerY: 0.2371088585279859
width: 0.027469316189362946
height: 0.02247686205376818
Area: 0.0003956459370691136
CentroidX: 0.7308
CentroidY: 0.2480
