Location: Paraklitoni_1720_page_10.png_Mean-Medain.png
Component: component_1755610055448_1864.png
centerX: 0.46646341463414637
centerY: 0.6716791979949874
width: 0.022103658536585365
height: 0.013032581453634085
Area: 0.00014861849746317012
CentroidX: 0.4806
CentroidY: 0.6775
