Location: internet_16.png_Mean-Medain.png
Component: component_1755087209723_70.png
centerX: 0.8730350665054414
centerY: 0.16367265469061876
width: 0.012898024989923419
height: 0.027088679783290562
Area: 0.0001740056479429004
CentroidX: 0.8784
CentroidY: 0.1771
