Location: Paraklitoni_1720_page_10.png_Mean-Medain.png
Component: component_1755610055315_1104.png
centerX: 0.19817073170731708
centerY: 0.4
width: 0.021341463414634148
height: 0.012531328320802004
Area: 0.0001298979155205086
CentroidX: 0.2100
CentroidY: 0.4075
