Location: Samociqulo_1709_page_10.png_Gaussian-Median.png
Component: component_1755610056215_2015.png
centerX: 0.10171990171990172
centerY: 0.4640625
width: 0.041277641277641275
height: 0.011875
Area: 0.00025153562653562654
CentroidX: 0.1212
CentroidY: 0.4707
