Location: Samociqulo_1709_page_10.png_Gaussian-Median.png
Component: component_1755610056119_823.png
centerX: 0.35233415233415233
centerY: 0.165625
width: 0.03488943488943489
height: 0.0190625
Area: 0.0002609029484029484
CentroidX: 0.3683
CentroidY: 0.1753
