Location: Dedata_19.png_Otsu.png
Component: component_1755511661603_116.png
centerX: 0.7649193548387097
centerY: 0.1963522371045882
width: 0.016129032258064516
height: 0.012539184952978056
Area: 7.434798996129768e-05
CentroidX: 0.7752
CentroidY: 0.2010
