Location: Dedata_13.png_Otsu.png
Component: component_1755520268471_182.png
centerX: 0.330241935483871
centerY: 0.3225990310629809
width: 0.00564516129032258
height: 0.010829296095753777
Area: 2.9992002132764597e-05
CentroidX: 0.3326
CentroidY: 0.3280
