Location: Paraklitoni_1720_page_10.png_Mean-Medain.png
Component: component_1755610055694_2700.png
centerX: 0.15625
centerY: 0.9809523809523809
width: 0.0350609756097561
height: 0.011528822055137845
Area: 0.00014785439207775535
CentroidX: 0.1698
CentroidY: 0.9878
