Location: Dedata_22.png_Otsu.png
Component: component_1755510404091_439.png
centerX: 0.8717741935483871
centerY: 0.39612425192362494
width: 0.007258064516129033
height: 0.00968937019093759
Area: 1.5972752093694556e-05
CentroidX: 0.8755
CentroidY: 0.4015
