Location: Paraklitoni_1720_page_10.png_Mean-Medain.png
Component: component_1755610055683_2396.png
centerX: 0.6036585365853658
centerY: 0.8796992481203008
width: 0.03201219512195122
height: 0.019548872180451128
Area: 0.00025635735680665077
CentroidX: 0.6209
CentroidY: 0.8892
