Location: Samociqulo_1709_page_10.png_Gaussian-Median.png
Component: component_1755610056332_4164.png
centerX: 0.9606879606879607
centerY: 0.9603125
width: 0.0068796068796068794
height: 0.005
Area: 1.1670761670761671e-05
CentroidX: 0.9646
CentroidY: 0.9628
