Location: Kurtxevani_1794_page_10.png_Mean-Medain.png
Component: component_1755610054762_702.png
centerX: 0.9824663939216832
centerY: 0.1617452622300573
width: 0.008182349503214495
height: 0.007933010136624064
Area: 3.374324072659758e-05
CentroidX: 0.9857
CentroidY: 0.1655
