Location: internet_17.png_Gaussian-Median.png
Component: component_1755086411307_366.png
centerX: 0.7307537283353487
centerY: 0.8833761049329911
width: 0.01007658202337767
height: 0.030795551753635585
Area: 0.0001741205790181599
CentroidX: 0.7361
CentroidY: 0.8990
