Location: Kurtxevani_1764_page_10.png_Otsu.png
Component: component_1755610055956_1468.png
centerX: 0.8038834951456311
centerY: 0.5991580916744621
width: 0.011650485436893204
height: 0.011693171188026192
Area: 7.144565437861959e-05
CentroidX: 0.8099
CentroidY: 0.6045
