Location: Dedata_24.png_Otsu.png
Component: component_1755507995213_126.png
centerX: 0.3564516129032258
centerY: 0.14534055286406383
width: 0.0064516129032258064
height: 0.007124536905101168
Area: 1.6547311521525294e-05
CentroidX: 0.3600
CentroidY: 0.1482
