Location: Dedata_24.png_Otsu.png
Component: component_1755507995222_259.png
centerX: 0.4717741935483871
centerY: 0.20034197777144486
width: 0.010483870967741936
height: 0.008549444286121402
Area: 2.769376442144164e-05
CentroidX: 0.4757
CentroidY: 0.2048
