Location: Paraklitoni_1720_page_10.png_Mean-Medain.png
Component: component_1755610055473_1912.png
centerX: 0.756859756097561
centerY: 0.6942355889724311
width: 0.021341463414634148
height: 0.012531328320802004
Area: 0.00014326975976526683
CentroidX: 0.7657
CentroidY: 0.7010
