Location: Dedata_30.png_Gaussian-Median.png
Component: component_1755503806823_67.png
centerX: 0.7213709677419354
centerY: 0.1444856084354517
width: 0.024193548387096774
height: 0.013679110857794243
Area: 0.00012709254543615954
CentroidX: 0.7356
CentroidY: 0.1493
