Location: Dedata_22.png_Otsu.png
Component: component_1755510404107_511.png
centerX: 0.11733870967741936
centerY: 0.43203191792533485
width: 0.021370967741935483
height: 0.010829296095753777
Area: 0.00011709521139190469
CentroidX: 0.1284
CentroidY: 0.4367
