Location: Dedata_10.png_Otsu.png
Component: component_1755521621693_236.png
centerX: 0.8951612903225806
centerY: 0.121972071815332
width: 0.027822580645161292
height: 0.01396409233399829
Area: 8.342602892102336e-05
CentroidX: 0.9089
CentroidY: 0.1314
