Location: internet_21.png_Gaussian-Median.png
Component: component_1755082377358_288.png
centerX: 0.4558645707376058
centerY: 0.51981750784146
width: 0.014510278113663845
height: 0.049044767607641856
Area: 0.00026583557707525007
CentroidX: 0.4616
CentroidY: 0.5435
