Location: internet_18.png_Otsu.png
Component: component_1755084392597_226.png
centerX: 0.9218057234985892
centerY: 0.14314228685486172
width: 0.020959290608625555
height: 0.013972055888223553
Area: 0.00010631124461504813
CentroidX: 0.9346
CentroidY: 0.1479
