Location: internet_17.png_Otsu.png
Component: component_1755086411086_612.png
centerX: 0.2587666263603386
centerY: 0.33390362132877105
width: 0.01007658202337767
height: 0.008269175933846592
Area: 2.5054974406573506e-05
CentroidX: 0.2618
CentroidY: 0.3385
