Location: Kurtxevani_1764_page_10.png_Otsu.png
Component: component_1755610055869_851.png
centerX: 0.8187702265372169
centerY: 0.2862488306828812
width: 0.01423948220064725
height: 0.0205799812909261
Area: 0.00019314545548118346
CentroidX: 0.8261
CentroidY: 0.2967
