Location: internet_15.png_Gaussian-Median.png
Component: component_1755087704638_94.png
centerX: 0.010479645304312777
centerY: 0.18933561448531508
width: 0.0177347843611447
height: 0.021956087824351298
Area: 0.00011941338719463244
CentroidX: 0.0157
CentroidY: 0.2017
