Location: Samociqulo_1709_page_10.png_Gaussian-Median.png
Component: component_1755610056266_2742.png
centerX: 0.7164619164619165
centerY: 0.6696875
width: 0.012776412776412777
height: 0.0053125
Area: 4.1615479115479116e-05
CentroidX: 0.7214
CentroidY: 0.6724
