Location: Kurtxevani_1784_page_10.png_Gaussian-Closing.png
Component: component_1755610055762_512.png
centerX: 0.503767491926803
centerY: 0.699601593625498
width: 0.07857911733046287
height: 0.027888446215139442
Area: 0.0008688604033810934
CentroidX: 0.5367
CentroidY: 0.7160
