Location: Paraklitoni_1720_page_10.png_Mean-Medain.png
Component: component_1755610055220_305.png
centerX: 0.41615853658536583
centerY: 0.11729323308270677
width: 0.019817073170731708
height: 0.007518796992481203
Area: 0.0001104132281924323
CentroidX: 0.4261
CentroidY: 0.1207
