Location: Paraklitoni_1720_page_10.png_Mean-Medain.png
Component: component_1755610055357_1539.png
centerX: 0.19817073170731708
centerY: 0.5513784461152882
width: 0.026676829268292682
height: 0.008521303258145364
Area: 0.00014441591784338897
CentroidX: 0.2111
CentroidY: 0.5550
