Location: Paraklitoni_1720_page_10.png_Mean-Medain.png
Component: component_1755610055688_2452.png
centerX: 0.5967987804878049
centerY: 0.9012531328320802
width: 0.08689024390243902
height: 0.030576441102756893
Area: 0.0010399474295494835
CentroidX: 0.6393
CentroidY: 0.9163
