Location: Paraklitoni_1720_page_10.png_Mean-Medain.png
Component: component_1755610055160_80.png
centerX: 0.0
centerY: 0.039097744360902256
width: 0.022865853658536585
height: 0.081203007518797
Area: 0.0007281924323002629
CentroidX: 0.0119
CentroidY: 0.0864
