Location: Samociqulo_1709_page_10.png_Gaussian-Median.png
Component: component_1755610056101_607.png
centerX: 0.5135135135135135
centerY: 0.091875
width: 0.020147420147420148
height: 0.0075
Area: 8.9987714987715e-05
CentroidX: 0.5220
CentroidY: 0.0954
