Location: Kurtxevani_1794_page_10.png_Mean-Medain.png
Component: component_1755610054620_603.png
centerX: 0.14611338398597312
centerY: 0.13177611282503304
width: 0.01636469900642899
height: 0.013662406346408109
Area: 0.0001439883325661683
CentroidX: 0.1558
CentroidY: 0.1376
