Location: Kurtxevani_1764_page_10.png_Otsu.png
Component: component_1755610055835_616.png
centerX: 0.7618122977346279
centerY: 0.17399438727782976
width: 0.012297734627831715
height: 0.010757717492984098
Area: 8.870159632599804e-05
CentroidX: 0.7683
CentroidY: 0.1787
