Location: internet_13.png_Mean-Closing.png
Component: component_1755088481059_57.png
centerX: 0.4111245465538089
centerY: 0.09751924721984602
width: 0.022168480451430876
height: 0.009694895922440832
Area: 9.872579364792037e-05
CentroidX: 0.4246
CentroidY: 0.1017
