Location: Paraklitoni_1720_page_10.png_Mean-Medain.png
Component: component_1755610055393_1804.png
centerX: 0.5503048780487805
centerY: 0.650125313283208
width: 0.010670731707317074
height: 0.014536340852130326
Area: 0.0001314261262913381
CentroidX: 0.5553
CentroidY: 0.6572
