Location: Paraklitoni_1720_page_10.png_Mean-Medain.png
Component: component_1755610055688_2444.png
centerX: 0.5327743902439024
centerY: 0.899749373433584
width: 0.0586890243902439
height: 0.030576441102756893
Area: 0.0005738431444464821
CentroidX: 0.5667
CentroidY: 0.9149
