Location: Dedata_30.png_Gaussian-Median.png
Component: component_1755503806817_42.png
centerX: 0.7161290322580646
centerY: 0.09461385009974352
width: 0.02258064516129032
height: 0.014534055286406384
Area: 0.00013766443890824516
CentroidX: 0.7293
CentroidY: 0.0999
