Location: Dedata_31.png_Otsu.png
Component: component_1755503061485_15.png
centerX: 0.8145161290322581
centerY: 0.004559703619264748
width: 0.017741935483870968
height: 0.026788258763180393
Area: 0.000153867014773072
CentroidX: 0.8251
CentroidY: 0.0195
