Location: internet_11.png_Otsu.png
Component: component_1755091163693_1184.png
centerX: 0.5239822652156388
centerY: 0.5879669232962647
width: 0.0068520757758968156
height: 0.023666951810664385
Area: 0.00010677096891608618
CentroidX: 0.5276
CentroidY: 0.5993
