Location: internet_13.png_Mean-Closing.png
Component: component_1755088481045_3.png
centerX: 0.8702136235388956
centerY: 0.003421727972626176
width: 0.026602176541717048
height: 0.010550327915597377
Area: 0.0001329752540752548
CentroidX: 0.8851
CentroidY: 0.0079
