Location: Kurtxevani_1784_page_10.png_Gaussian-Closing.png
Component: component_1755610055727_215.png
centerX: 0.07857911733046287
centerY: 0.2685258964143426
width: 0.04198062432723358
height: 0.026294820717131476
Area: 0.00041170088215491106
CentroidX: 0.0992
CentroidY: 0.2811
