Location: internet_21.png_Gaussian-Median.png
Component: component_1755082377375_353.png
centerX: 0.9113260781942765
centerY: 0.6184773310521814
width: 0.019347037484885126
height: 0.01996007984031936
Area: 0.00010849493504497884
CentroidX: 0.9182
CentroidY: 0.6312
