Location: Kurtxevani_1764_page_10.png_Otsu.png
Component: component_1755610055878_943.png
centerX: 0.29838187702265373
centerY: 0.3264733395696913
width: 0.011003236245954692
height: 0.01028999064546305
Area: 6.932650361315206e-05
CentroidX: 0.3043
CentroidY: 0.3308
