Location: Samociqulo_1709_page_10.png_Gaussian-Median.png
Component: component_1755610056266_2735.png
centerX: 0.5503685503685504
centerY: 0.6684375
width: 0.03783783783783784
height: 0.0225
Area: 0.0003386056511056511
CentroidX: 0.5676
CentroidY: 0.6790
