Location: internet_21.png_Gaussian-Closing.png
Component: component_1755082377523_130.png
centerX: 0.8557033454252317
centerY: 0.30681494154548045
width: 0.011688835147118097
height: 0.04590818363273453
Area: 0.00025284836557092527
CentroidX: 0.8603
CentroidY: 0.3287
