Location: internet_13.png_Gaussian-Median.png
Component: component_1755088480825_253.png
centerX: 0.26118500604594924
centerY: 0.5269461077844312
width: 0.021362353889560662
height: 0.010265183917878529
Area: 0.00012366583697923436
CentroidX: 0.2732
CentroidY: 0.5312
