Location: internet_21.png_Gaussian-Median.png
Component: component_1755082377360_299.png
centerX: 0.17613865376864168
centerY: 0.5372112917023096
width: 0.01007658202337767
height: 0.05303678357570573
Area: 0.0002029682789082973
CentroidX: 0.1793
CentroidY: 0.5644
