Location: Dedata_30.png_Gaussian-Closing.png
Component: component_1755503806696_27.png
centerX: 0.8391129032258065
centerY: 0.05386149900256483
width: 0.020967741935483872
height: 0.022798518096323737
Area: 0.00017317221154818484
CentroidX: 0.8489
CentroidY: 0.0642
