Location: Kurtxevani_1784_page_10.png_Gaussian-Closing.png
Component: component_1755610055725_192.png
centerX: 0.14531754574811626
centerY: 0.2342629482071713
width: 0.04520990312163617
height: 0.019123505976095617
Area: 0.0004700251737935234
CentroidX: 0.1672
CentroidY: 0.2463
