Location: Dedata_17.png_Otsu.png
Component: component_1755512340213_295.png
centerX: 0.5548387096774193
centerY: 0.25049871758335707
width: 0.008064516129032258
height: 0.01396409233399829
Area: 4.7918256281083667e-05
CentroidX: 0.5585
CentroidY: 0.2581
