Location: Kurtxevani_1764_page_10.png_Otsu.png
Component: component_1755610055982_1701.png
centerX: 0.4064724919093851
centerY: 0.715622076707203
width: 0.030420711974110032
height: 0.019644527595884004
Area: 0.00033361487764931686
CentroidX: 0.4204
CentroidY: 0.7263
