Location: Dedata_1.png_Otsu.png
Component: component_1755524255280_728.png
centerX: 0.7548387096774194
centerY: 0.8634938728982616
width: 0.02338709677419355
height: 0.020518666286691366
Area: 0.00015995734470807785
CentroidX: 0.7652
CentroidY: 0.8772
