Location: internet_13.png_Gaussian-Closing.png
Component: component_1755088480487_70.png
centerX: 0.07779121322047561
centerY: 0.1086398631308811
width: 0.02539298669891173
height: 0.00998003992015968
Area: 0.00010493207171193399
CentroidX: 0.0944
CentroidY: 0.1121
