Location: Samociqulo_1709_page_10.png_Gaussian-Median.png
Component: component_1755610056186_1774.png
centerX: 0.5773955773955773
centerY: 0.3796875
width: 0.029484029484029485
height: 0.018125
Area: 0.0002725737100737101
CentroidX: 0.5910
CentroidY: 0.3889
