Location: Kurtxevani_1764_page_10.png_Otsu.png
Component: component_1755610056019_2153.png
centerX: 0.8207119741100324
centerY: 0.8961646398503275
width: 0.015533980582524271
height: 0.019176800748362956
Area: 0.00019920017195394782
CentroidX: 0.8273
CentroidY: 0.9069
