Location: Paraklitoni_1720_page_10.png_Mean-Medain.png
Component: component_1755610055278_703.png
centerX: 0.7903963414634146
centerY: 0.25914786967418546
width: 0.021341463414634148
height: 0.012531328320802004
Area: 0.00011996454551011675
CentroidX: 0.7990
CentroidY: 0.2665
