Location: Samociqulo_1709_page_10.png_Gaussian-Median.png
Component: component_1755610056310_3464.png
centerX: 0.8491400491400491
centerY: 0.85625
width: 0.03587223587223587
height: 0.0165625
Area: 0.0002324938574938575
CentroidX: 0.8659
CentroidY: 0.8648
