Location: internet_26.png_Otsu.png
Component: component_1755080009729_249.png
centerX: 0.6747279322853688
centerY: 0.23125178214998574
width: 0.014510278113663845
height: 0.01140575990875392
Area: 7.229164633823273e-05
CentroidX: 0.6834
CentroidY: 0.2354
