Location: Dedata_24.png_Otsu.png
Component: component_1755507995202_35.png
centerX: 0.4536290322580645
centerY: 0.049586776859504134
width: 0.01975806451612903
height: 0.009404388714733543
Area: 5.837523786760312e-05
CentroidX: 0.4656
CentroidY: 0.0555
