Location: internet_4.png_Gaussian-Closing.png
Component: component_1755094384163_142.png
centerX: 0.9032648125755743
centerY: 0.2418021100655831
width: 0.045949214026602174
height: 0.03022526375819789
Area: 0.0008232512920838808
CentroidX: 0.9287
CentroidY: 0.2559
