Location: Kurtxevani_1794_page_10.png_Mean-Medain.png
Component: component_1755610054581_44.png
centerX: 0.82583284628872
centerY: 0.0
width: 0.04850964348334307
height: 0.01630674305861613
Area: 0.0002987951087240702
CentroidX: 0.8444
CentroidY: 0.0048
