Location: Dedata_10.png_Otsu.png
Component: component_1755521621708_461.png
centerX: 0.014919354838709677
centerY: 0.19350242234254775
width: 0.025403225806451612
height: 0.01481903676261043
Area: 8.802250434366928e-05
CentroidX: 0.0282
CentroidY: 0.2030
