Location: Kurtxevani_1794_page_10.png_Mean-Medain.png
Component: component_1755610054645_625.png
centerX: 0.0
centerY: 0.14411635081533716
width: 0.018118059614260665
height: 0.011458792419568091
Area: 0.00011513914965487876
CentroidX: 0.0085
CentroidY: 0.1493
