Location: Kurtxevani_1764_page_10.png_Otsu.png
Component: component_1755610056000_1871.png
centerX: 0.1786407766990291
centerY: 0.7876520112254444
width: 0.013592233009708738
height: 0.010757717492984098
Area: 0.00010686574574429116
CentroidX: 0.1857
CentroidY: 0.7921
