Location: internet_19.png_Otsu.png
Component: component_1755084039298_549.png
centerX: 0.9028617492946392
centerY: 0.2030225263758198
width: 0.02418379685610641
height: 0.009694895922440832
Area: 5.424746752248942e-05
CentroidX: 0.9177
CentroidY: 0.2089
