Location: Dedata_8.png_Otsu.png
Component: component_1755522187533_361.png
centerX: 0.2435483870967742
centerY: 0.6685665431746937
width: 0.02258064516129032
height: 0.012539184952978056
Area: 0.00010158210684047472
CentroidX: 0.2567
CentroidY: 0.6727
