Location: Samociqulo_1709_page_10.png_Gaussian-Median.png
Component: component_1755610056316_3523.png
centerX: 0.08206388206388206
centerY: 0.86875
width: 0.0068796068796068794
height: 0.0125
Area: 3.961916461916462e-05
CentroidX: 0.0855
CentroidY: 0.8749
