Location: Dedata_31.png_Mean-Medain.png
Component: component_1755503060956_187.png
centerX: 0.10725806451612903
centerY: 0.3066400683955543
width: 0.018951612903225806
height: 0.019948703334283273
Area: 0.00012973551880418095
CentroidX: 0.1153
CentroidY: 0.3175
