Location: internet_23.png_Mean-Medain.png
Component: component_1755081841399_83.png
centerX: 0.4022571543732366
centerY: 0.3567151411462789
width: 0.0068520757758968156
height: 0.01283147989734816
Area: 2.907756204065641e-05
CentroidX: 0.4050
CentroidY: 0.3633
