Location: Paraklitoni_1720_page_10.png_Mean-Medain.png
Component: component_1755610055440_1858.png
centerX: 0.23704268292682926
centerY: 0.6701754385964912
width: 0.018292682926829267
height: 0.012531328320802004
Area: 0.00011308759704138395
CentroidX: 0.2450
CentroidY: 0.6772
