Location: internet_24.png_Mean-Medain.png
Component: component_1755081215600_15.png
centerX: 0.8649738008867393
centerY: 0.01311662389506701
width: 0.00886739218057235
height: 0.02594810379241517
Area: 0.0001180342142915183
CentroidX: 0.8690
CentroidY: 0.0259
