Location: internet_21.png_Gaussian-Closing.png
Component: component_1755082377516_112.png
centerX: 0.8532849657396211
centerY: 0.2557741659538067
width: 0.014913341394598953
height: 0.021670943826632448
Area: 0.000139986049666085
CentroidX: 0.8585
CentroidY: 0.2689
