Location: Kurtxevani_1764_page_10.png_Otsu.png
Component: component_1755610055949_1393.png
centerX: 0.7786407766990291
centerY: 0.5617399438727783
width: 0.03300970873786408
height: 0.02666043030869972
Area: 0.0004096015693825097
CentroidX: 0.7948
CentroidY: 0.5729
