Location: Dedata_10.png_Otsu.png
Component: component_1755521621671_6.png
centerX: 0.8193548387096774
centerY: 0.006839555428897122
width: 0.027822580645161292
height: 0.019663721858079224
Area: 0.0001312293733165409
CentroidX: 0.8329
CentroidY: 0.0187
