Location: Dedata_13.png_Otsu.png
Component: component_1755520268588_381.png
centerX: 0.7834677419354839
centerY: 0.4579652322599031
width: 0.007258064516129033
height: 0.012824166429182103
Area: 2.6429733680214012e-05
CentroidX: 0.7870
CentroidY: 0.4630
