Location: Samociqulo_1709_page_10.png_Gaussian-Median.png
Component: component_1755610056113_769.png
centerX: 0.5862407862407862
centerY: 0.1465625
width: 0.03783783783783784
height: 0.0221875
Area: 0.0002788697788697789
CentroidX: 0.6051
CentroidY: 0.1569
