Location: Kurtxevani_1784_page_10.png_Gaussian-Closing.png
Component: component_1755610055716_133.png
centerX: 0.7104413347685683
centerY: 0.1649402390438247
width: 0.021528525296017224
height: 0.0199203187250996
Area: 0.00015696096132155983
CentroidX: 0.7235
CentroidY: 0.1722
