Location: internet_13.png_Mean-Medain.png
Component: component_1755088480930_14.png
centerX: 0.8645707376058042
centerY: 0.01140575990875392
width: 0.02539298669891173
height: 0.021956087824351298
Area: 0.00025089453729151357
CentroidX: 0.8757
CentroidY: 0.0227
