Location: Dedata_17.png_Otsu.png
Component: component_1755512340218_350.png
centerX: 0.30483870967741933
centerY: 0.29495582787118835
width: 0.00967741935483871
height: 0.014249073810202337
Area: 4.481563537079767e-05
CentroidX: 0.3112
CentroidY: 0.3021
