Location: Dedata_13.png_Otsu.png
Component: component_1755520268440_138.png
centerX: 0.8258064516129032
centerY: 0.29068110572812766
width: 0.03306451612903226
height: 0.01652892561983471
Area: 0.00012421974829700586
CentroidX: 0.8434
CentroidY: 0.2990
