Location: internet_26.png_Gaussian-Median.png
Component: component_1755080010360_82.png
centerX: 0.5691253526803708
centerY: 0.17507841459937268
width: 0.01894397420395002
height: 0.01283147989734816
Area: 0.00010470220956141498
CentroidX: 0.5807
CentroidY: 0.1796
