Location: internet_17.png_Gaussian-Closing.png
Component: component_1755086410977_236.png
centerX: 0.015316404675534058
centerY: 0.6455660108354719
width: 0.037081821846029824
height: 0.03649843170801255
Area: 0.0006887819340302524
CentroidX: 0.0335
CentroidY: 0.6621
