Location: Dedata_17.png_Otsu.png
Component: component_1755512340207_247.png
centerX: 0.8758064516129033
centerY: 0.22884012539184953
width: 0.01129032258064516
height: 0.015958962667426618
Area: 4.297704520173931e-05
CentroidX: 0.8805
CentroidY: 0.2378
