Location: internet_21.png_Gaussian-Median.png
Component: component_1755082377385_389.png
centerX: 0.6537686416767432
centerY: 0.6991730824066154
width: 0.015719467956469165
height: 0.04932991160536071
Area: 0.0002520438480441087
CentroidX: 0.6600
CentroidY: 0.7238
