Location: internet_23.png_Otsu.png
Component: component_1755081841788_417.png
centerX: 0.8327287384119306
centerY: 0.23011120615911035
width: 0.051592099959693674
height: 0.03792415169660679
Area: 0.00023170104772317517
CentroidX: 0.8558
CentroidY: 0.2440
