Location: Samociqulo_1709_page_10.png_Gaussian-Median.png
Component: component_1755610056319_3581.png
centerX: 0.12432432432432433
centerY: 0.8828125
width: 0.016707616707616706
height: 0.01
Area: 8.845208845208845e-05
CentroidX: 0.1313
CentroidY: 0.8881
