Location: Kurtxevani_1784_page_10.png_Gaussian-Closing.png
Component: component_1755610055771_580.png
centerX: 0.8159311087190527
centerY: 0.8047808764940239
width: 0.05705059203444564
height: 0.030278884462151396
Area: 0.0008422713880752555
CentroidX: 0.8461
CentroidY: 0.8199
