Location: Dedata_17.png_Otsu.png
Component: component_1755512340182_41.png
centerX: 0.25
centerY: 0.0743801652892562
width: 0.021774193548387097
height: 0.020518666286691366
Area: 0.0001603020803647763
CentroidX: 0.2602
CentroidY: 0.0821
