Location: Dedata_10.png_Otsu.png
Component: component_1755521621688_176.png
centerX: 0.11854838709677419
centerY: 0.10145340552864064
width: 0.014919354838709677
height: 0.015104018238814477
Area: 6.894713133968872e-05
CentroidX: 0.1248
CentroidY: 0.1104
