Location: Dedata_13.png_Otsu.png
Component: component_1755520268441_140.png
centerX: 0.8850806451612904
centerY: 0.292675976061556
width: 0.018951612903225806
height: 0.012824166429182103
Area: 8.618391417461091e-05
CentroidX: 0.8929
CentroidY: 0.2992
