Location: internet_21.png_Mean-Medain.png
Component: component_1755082376331_218.png
centerX: 0.4558645707376058
centerY: 0.51981750784146
width: 0.014510278113663845
height: 0.049044767607641856
Area: 0.00028043182363320806
CentroidX: 0.4616
CentroidY: 0.5436
