Location: internet_17.png_Gaussian-Closing.png
Component: component_1755086410944_82.png
centerX: 0.9669488109633212
centerY: 0.2358140861134873
width: 0.009673518742442563
height: 0.029654975762760195
Area: 0.00013469922020414748
CentroidX: 0.9720
CentroidY: 0.2509
