Location: internet_11.png_Otsu.png
Component: component_1755091163682_900.png
centerX: 0.932285368802902
centerY: 0.43256344453949247
width: 0.00886739218057235
height: 0.021956087824351298
Area: 9.516293031487552e-05
CentroidX: 0.9364
CentroidY: 0.4432
