Location: Kurtxevani_1764_page_10.png_Otsu.png
Component: component_1755610055820_483.png
centerX: 0.7941747572815534
centerY: 0.13564078578110383
width: 0.02912621359223301
height: 0.022918615528531337
Area: 0.00034663251806576025
CentroidX: 0.8080
CentroidY: 0.1468
