Location: internet_26.png_Otsu.png
Component: component_1755080009740_459.png
centerX: 0.7198710197501008
centerY: 0.33475905332192757
width: 0.007255139056831923
height: 0.037639007698887936
Area: 7.654409612283466e-05
CentroidX: 0.7244
CentroidY: 0.3547
