Location: Kurtxevani_1794_page_10.png_Mean-Medain.png
Component: component_1755610054931_1403.png
centerX: 0.21449444769140855
centerY: 0.40458351696782724
width: 0.029222676797194622
height: 0.018069634200088145
Area: 0.0002377481770278593
CentroidX: 0.2280
CentroidY: 0.4131
