Location: internet_21.png_Gaussian-Median.png
Component: component_1755082377324_123.png
centerX: 0.8698105602579606
centerY: 0.24607927003136584
width: 0.012898024989923419
height: 0.04419731964642144
Area: 0.00024526291460379753
CentroidX: 0.8749
CentroidY: 0.2680
