Location: internet_13.png_Mean-Medain.png
Component: component_1755088480963_182.png
centerX: 0.6348246674727932
centerY: 0.358426005132592
width: 0.019750100765820233
height: 0.013401767892785858
Area: 0.00014159508471971817
CentroidX: 0.6462
CentroidY: 0.3648
