Location: Paraklitoni_1720_page_10.png_Mean-Medain.png
Component: component_1755610055628_2233.png
centerX: 0.29573170731707316
centerY: 0.8235588972431078
width: 0.040396341463414635
height: 0.013032581453634085
Area: 0.00024948040833791795
CentroidX: 0.3142
CentroidY: 0.8278
