Location: internet_30.png_Mean-Medain.png
Component: component_1755078353631_207.png
centerX: 0.08504635227730754
centerY: 0.3943541488451668
width: 0.018540910923014912
height: 0.014827487881380098
Area: 0.00011044876332439055
CentroidX: 0.0958
CentroidY: 0.4029
