Location: Samociqulo_1709_page_10.png_Gaussian-Median.png
Component: component_1755610056189_1790.png
centerX: 0.6078624078624079
centerY: 0.384375
width: 0.013267813267813268
height: 0.0078125
Area: 6.25e-05
CentroidX: 0.6147
CentroidY: 0.3875
