Location: internet_26.png_Otsu.png
Component: component_1755080009744_604.png
centerX: 0.9218057234985892
centerY: 0.3835186769318506
width: 0.00886739218057235
height: 0.035642999714856
Area: 6.849892085466885e-05
CentroidX: 0.9272
CentroidY: 0.4026
