Location: Dedata_1.png_Otsu.png
Component: component_1755524255248_401.png
centerX: 0.9528225806451613
centerY: 0.6682815616984896
width: 0.01935483870967742
height: 0.01054431461954973
Area: 9.204442033848445e-05
CentroidX: 0.9615
CentroidY: 0.6732
