Location: Dedata_17.png_Otsu.png
Component: component_1755512340211_286.png
centerX: 0.1975806451612903
centerY: 0.24593901396409235
width: 0.01935483870967742
height: 0.018523795953263037
Area: 0.00012559869092379963
CentroidX: 0.2073
CentroidY: 0.2534
