Location: Kurtxevani_1764_page_10.png_Otsu.png
Component: component_1755610055835_614.png
centerX: 0.43106796116504853
centerY: 0.17399438727782976
width: 0.02524271844660194
height: 0.01028999064546305
Area: 0.00018194423000656936
CentroidX: 0.4440
CentroidY: 0.1786
