Location: Dedata_13.png_Otsu.png
Component: component_1755520268581_344.png
centerX: 0.38225806451612904
centerY: 0.42405243659162156
width: 0.007258064516129033
height: 0.01054431461954973
Area: 3.7116539037865764e-05
CentroidX: 0.3847
CentroidY: 0.4297
