Location: Dedata_8.png_Gaussian-Closing.png
Component: component_1755522187120_296.png
centerX: 0.40241935483870966
centerY: 0.6600170988885723
width: 0.01975806451612903
height: 0.011684240524365916
Area: 0.00011330311916822181
CentroidX: 0.4141
CentroidY: 0.6643
