Location: internet_15.png_Gaussian-Median.png
Component: component_1755087704630_53.png
centerX: 0.8964127367996776
centerY: 0.0861134873110921
width: 0.031035872632003223
height: 0.025092671799258625
Area: 0.00028985617180448797
CentroidX: 0.9092
CentroidY: 0.1011
