Location: Paraklitoni_1720_page_10.png_Mean-Medain.png
Component: component_1755610055217_298.png
centerX: 0.600609756097561
centerY: 0.11578947368421053
width: 0.04496951219512195
height: 0.036591478696741855
Area: 0.001096109175377468
CentroidX: 0.6243
CentroidY: 0.1339
