Location: internet_10.png_Otsu.png
Component: component_1755091713937_151.png
centerX: 0.08625554212011285
centerY: 0.08668377530652979
width: 0.007255139056831923
height: 0.009409751924721984
Area: 1.3906660106400891e-05
CentroidX: 0.0893
CentroidY: 0.0913
