Location: Kurtxevani_1784_page_10.png_Gaussian-Closing.png
Component: component_1755610055752_426.png
centerX: 0.341227125941873
centerY: 0.5705179282868525
width: 0.12594187298170076
height: 0.02948207171314741
Area: 0.0013586129111112064
CentroidX: 0.4092
CentroidY: 0.5849
