Location: internet_17.png_Gaussian-Median.png
Component: component_1755086411290_303.png
centerX: 0.4179766223297058
centerY: 0.7296834901625321
width: 0.023377670294236194
height: 0.0213857998289136
Area: 0.00017630426944809064
CentroidX: 0.4273
CentroidY: 0.7405
