Location: Dedata_10.png_Otsu.png
Component: component_1755521621698_269.png
centerX: 0.17338709677419356
centerY: 0.13251638643488173
width: 0.027822580645161292
height: 0.014534055286406384
Area: 0.00010985576260123736
CentroidX: 0.1871
CentroidY: 0.1415
