Location: Samociqulo_1709_page_10.png_Gaussian-Median.png
Component: component_1755610056330_3824.png
centerX: 0.8810810810810811
centerY: 0.9328125
width: 0.028992628992628992
height: 0.00875
Area: 0.00015095208845208844
CentroidX: 0.8963
CentroidY: 0.9366
