Location: Dedata_31.png_Otsu.png
Component: component_1755503061772_928.png
centerX: 0.6826612903225806
centerY: 0.6853804502707324
width: 0.0068548387096774195
height: 0.004274722143060701
Area: 1.2755219297842415e-05
CentroidX: 0.6847
CentroidY: 0.6875
