Location: Kurtxevani_1764_page_10.png_Otsu.png
Component: component_1755610055908_1062.png
centerX: 0.2576051779935275
centerY: 0.38961646398503275
width: 0.010355987055016181
height: 0.009822263797942002
Area: 6.781282449496096e-05
CentroidX: 0.2627
CentroidY: 0.3941
