Location: Dedata_31.png_Otsu.png
Component: component_1755503061500_48.png
centerX: 0.27741935483870966
centerY: 0.04930179538330009
width: 0.020967741935483872
height: 0.02108862923909946
Area: 0.00012272589378464595
CentroidX: 0.2855
CentroidY: 0.0620
