Location: Dedata_13.png_Otsu.png
Component: component_1755520268464_169.png
centerX: 0.4645161290322581
centerY: 0.31176973496722715
width: 0.008064516129032258
height: 0.01396409233399829
Area: 3.52779488688074e-05
CentroidX: 0.4675
CentroidY: 0.3189
