Location: Kurtxevani_1764_page_10.png_Otsu.png
Component: component_1755610055986_1728.png
centerX: 0.4459546925566343
centerY: 0.7231057062675398
width: 0.019417475728155338
height: 0.011693171188026192
Area: 0.00015439527005549147
CentroidX: 0.4554
CentroidY: 0.7283
