Location: internet_21.png_Gaussian-Median.png
Component: component_1755082377317_101.png
centerX: 0.6900443369609028
centerY: 0.2024522383803821
width: 0.011688835147118097
height: 0.04163102366695181
Area: 0.00023859691223874585
CentroidX: 0.6947
CentroidY: 0.2229
