Location: Paraklitoni_1720_page_10.png_Mean-Medain.png
Component: component_1755610055393_1807.png
centerX: 0.6814024390243902
centerY: 0.6511278195488722
width: 0.023628048780487805
height: 0.020050125313283207
Area: 0.00020554434867656947
CentroidX: 0.6926
CentroidY: 0.6616
