Location: Paraklitoni_1720_page_10.png_Mean-Medain.png
Component: component_1755610055413_1823.png
centerX: 0.29496951219512196
centerY: 0.656140350877193
width: 0.028201219512195123
height: 0.012531328320802004
Area: 0.00016199034170792835
CentroidX: 0.3072
CentroidY: 0.6610
