Location: Dedata_24.png_Otsu.png
Component: component_1755507995217_184.png
centerX: 0.8604838709677419
centerY: 0.16443431176973497
width: 0.01935483870967742
height: 0.007694499857509262
Area: 5.929453295213231e-05
CentroidX: 0.8718
CentroidY: 0.1691
