Location: internet_11.png_Mean-Closing.png
Component: component_1755091163785_104.png
centerX: 0.28174123337363965
centerY: 0.3532934131736527
width: 0.009673518742442563
height: 0.029940119760479042
Area: 0.00015308819224566932
CentroidX: 0.2864
CentroidY: 0.3682
