Location: internet_4.png_Gaussian-Closing.png
Component: component_1755094384166_158.png
centerX: 0.9072954453849255
centerY: 0.27858568577131454
width: 0.0475614671503426
height: 0.029654975762760195
Area: 0.0007762444823027406
CentroidX: 0.9323
CentroidY: 0.2902
