Location: Dedata_17.png_Otsu.png
Component: component_1755512340197_176.png
centerX: 0.8346774193548387
centerY: 0.15616984895981761
width: 0.010080645161290322
height: 0.012254203476774009
Area: 6.032873992222764e-05
CentroidX: 0.8386
CentroidY: 0.1626
