Location: internet_23.png_Otsu.png
Component: component_1755081841825_668.png
centerX: 0.39298669891172916
centerY: 0.3373253493013972
width: 0.06449012494961709
height: 0.06102081551183348
Area: 0.00038570868857092057
CentroidX: 0.4315
CentroidY: 0.3671
