Location: Paraklitoni_1720_page_10.png_Mean-Medain.png
Component: component_1755610055268_593.png
centerX: 0.34603658536585363
centerY: 0.22005012531328322
width: 0.052591463414634144
height: 0.012531328320802004
Area: 0.0002632343052753836
CentroidX: 0.3737
CentroidY: 0.2243
