Location: Paraklitoni_1720_page_10.png_Mean-Medain.png
Component: component_1755610055495_1975.png
centerX: 0.3628048780487805
centerY: 0.7182957393483709
width: 0.014481707317073171
height: 0.009022556390977444
Area: 8.366953970291582e-05
CentroidX: 0.3699
CentroidY: 0.7216
