Location: Kurtxevani_1764_page_10.png_Otsu.png
Component: component_1755610055949_1387.png
centerX: 0.8679611650485437
centerY: 0.558933582787652
width: 0.009061488673139158
height: 0.009822263797942002
Area: 4.510763772209457e-05
CentroidX: 0.8720
CentroidY: 0.5639
