Location: internet_17.png_Mean-Closing.png
Component: component_1755086411463_313.png
centerX: 0.282950423216445
centerY: 0.8959224408326205
width: 0.01007658202337767
height: 0.030795551753635585
Area: 0.00017446537224393845
CentroidX: 0.2885
CentroidY: 0.9115
