Location: Samociqulo_1709_page_10.png_Gaussian-Median.png
Component: component_1755610056290_3119.png
centerX: 0.6329238329238329
centerY: 0.7765625
width: 0.03882063882063882
height: 0.0196875
Area: 0.0003223280098280098
CentroidX: 0.6507
CentroidY: 0.7862
