Location: Paraklitoni_1720_page_10.png_Mean-Medain.png
Component: component_1755610055370_1679.png
centerX: 0.1402439024390244
centerY: 0.606015037593985
width: 0.025914634146341462
height: 0.012531328320802004
Area: 0.00019904945290054405
CentroidX: 0.1528
CentroidY: 0.6125
