Location: Paraklitoni_1720_page_10.png_Mean-Medain.png
Component: component_1755610055320_1140.png
centerX: 0.8003048780487805
centerY: 0.4080200501253133
width: 0.027439024390243903
height: 0.008521303258145364
Area: 0.00016237239440063572
CentroidX: 0.8133
CentroidY: 0.4117
