Location: Samociqulo_1709_page_10.png_Gaussian-Median.png
Component: component_1755610056291_3142.png
centerX: 0.5361179361179361
centerY: 0.780625
width: 0.025552825552825554
height: 0.0140625
Area: 0.00015218058968058967
CentroidX: 0.5482
CentroidY: 0.7871
