Location: internet_30.png_Gaussian-Closing.png
Component: component_1755078354036_26.png
centerX: 0.8956066102378073
centerY: 0.055603079555175364
width: 0.02015316404675534
height: 0.020530367835757058
Area: 0.00016538581729843703
CentroidX: 0.9085
CentroidY: 0.0677
