Location: Dedata_24.png_Otsu.png
Component: component_1755507995213_127.png
centerX: 0.31814516129032255
centerY: 0.14591051581647194
width: 0.006048387096774193
height: 0.00968937019093759
Area: 2.1373610715303507e-05
CentroidX: 0.3212
CentroidY: 0.1511
