Location: Samociqulo_1709_page_10.png_Gaussian-Median.png
Component: component_1755610056185_1767.png
centerX: 0.3493857493857494
centerY: 0.3790625
width: 0.009828009828009828
height: 0.013125
Area: 6.0503685503685507e-05
CentroidX: 0.3541
CentroidY: 0.3850
