Location: Dedata_17.png_Otsu.png
Component: component_1755512340220_363.png
centerX: 0.16733870967741934
centerY: 0.30322029068110573
width: 0.008064516129032258
height: 0.021658592191507554
Area: 5.699629524080935e-05
CentroidX: 0.1718
CentroidY: 0.3126
