Location: Kurtxevani_1764_page_10.png_Otsu.png
Component: component_1755610055967_1537.png
centerX: 0.49838187702265374
centerY: 0.6318989710009355
width: 0.012944983818770227
height: 0.01028999064546305
Area: 9.051801126782736e-05
CentroidX: 0.5047
CentroidY: 0.6364
