Location: Paraklitoni_1720_page_10.png_Mean-Medain.png
Component: component_1755610055492_1968.png
centerX: 0.22179878048780488
centerY: 0.7172932330827068
width: 0.025152439024390245
height: 0.014035087719298246
Area: 0.00018835197750473746
CentroidX: 0.2363
CentroidY: 0.7234
