Location: Paraklitoni_1720_page_10.png_Mean-Medain.png
Component: component_1755610055687_2430.png
centerX: 0.6722560975609756
centerY: 0.8872180451127819
width: 0.014481707317073171
height: 0.008521303258145364
Area: 8.634390855186747e-05
CentroidX: 0.6795
CentroidY: 0.8907
