Location: Dedata_1.png_Otsu.png
Component: component_1755524255261_477.png
centerX: 0.8173387096774194
centerY: 0.7463664861783984
width: 0.014919354838709677
height: 0.01937874038187518
Area: 5.412349810165565e-05
CentroidX: 0.8238
CentroidY: 0.7584
