Location: Dedata_19.png_Otsu.png
Component: component_1755511661605_128.png
centerX: 0.6838709677419355
centerY: 0.20005699629524082
width: 0.01653225806451613
height: 0.011114277571957822
Area: 8.480497154781713e-05
CentroidX: 0.6941
CentroidY: 0.2042
