Location: internet_21.png_Gaussian-Closing.png
Component: component_1755082377579_348.png
centerX: 0.8883514711809755
centerY: 0.8203592814371258
width: 0.015719467956469165
height: 0.017678927858568578
Area: 0.00011872380074307537
CentroidX: 0.8939
CentroidY: 0.8313
