Location: internet_13.png_Gaussian-Closing.png
Component: component_1755088480485_63.png
centerX: 0.2756952841596131
centerY: 0.10436270316509838
width: 0.025796049979846837
height: 0.008839463929284289
Area: 0.00011182793622750469
CentroidX: 0.2904
CentroidY: 0.1088
