Location: Samociqulo_1709_page_10.png_Gaussian-Median.png
Component: component_1755610056273_2840.png
centerX: 0.28796068796068797
centerY: 0.698125
width: 0.015233415233415233
height: 0.0096875
Area: 7.893120393120393e-05
CentroidX: 0.2957
CentroidY: 0.7019
