Location: Paraklitoni_1720_page_10.png_Mean-Medain.png
Component: component_1755610055271_635.png
centerX: 0.45121951219512196
centerY: 0.23609022556390977
width: 0.028201219512195123
height: 0.01904761904761905
Area: 0.00023496240601503758
CentroidX: 0.4651
CentroidY: 0.2454
