Location: internet_4.png_Otsu.png
Component: component_1755094384338_269.png
centerX: 0.9072954453849255
centerY: 0.27830054177359564
width: 0.0475614671503426
height: 0.029940119760479042
Area: 0.0007742906540233289
CentroidX: 0.9324
CentroidY: 0.2902
