Location: Paraklitoni_1720_page_10.png_Mean-Medain.png
Component: component_1755610055483_1933.png
centerX: 0.6989329268292683
centerY: 0.6982456140350877
width: 0.03277439024390244
height: 0.012531328320802004
Area: 0.00018147502903600465
CentroidX: 0.7146
CentroidY: 0.7024
