Location: Dedata_6.png_Otsu.png
Component: component_1755522877206_128.png
centerX: 0.9120967741935484
centerY: 0.2322599031062981
width: 0.008064516129032258
height: 0.012824166429182103
Area: 7.009625019535021e-05
CentroidX: 0.9159
CentroidY: 0.2385
