Location: Kurtxevani_1764_page_10.png_Otsu.png
Component: component_1755610055853_745.png
centerX: 0.598705501618123
centerY: 0.23479887745556596
width: 0.011650485436893204
height: 0.010757717492984098
Area: 7.417027679136355e-05
CentroidX: 0.6047
CentroidY: 0.2394
