Location: Samociqulo_1709_page_10.png_Gaussian-Median.png
Component: component_1755610056239_2349.png
centerX: 0.4624078624078624
centerY: 0.5621875
width: 0.0343980343980344
height: 0.01875
Area: 0.0002592137592137592
CentroidX: 0.4782
CentroidY: 0.5713
