Location: Kurtxevani_1764_page_10.png_Otsu.png
Component: component_1755610055854_749.png
centerX: 0.8440129449838187
centerY: 0.23479887745556596
width: 0.010355987055016181
height: 0.01216089803554724
Area: 7.568395590955465e-05
CentroidX: 0.8486
CentroidY: 0.2400
