Location: Paraklitoni_1720_page_10.png_Mean-Medain.png
Component: component_1755610055476_1915.png
centerX: 0.8201219512195121
centerY: 0.693734335839599
width: 0.021341463414634148
height: 0.013533834586466165
Area: 0.00011690812396845773
CentroidX: 0.8295
CentroidY: 0.7014
