Location: Dedata_31.png_Gaussian-Closing.png
Component: component_1755503061951_183.png
centerX: 0.10725806451612903
centerY: 0.3066400683955543
width: 0.018548387096774192
height: 0.019948703334283273
Area: 0.00012513904338153504
CentroidX: 0.1153
CentroidY: 0.3174
