Location: internet_17.png_Otsu.png
Component: component_1755086411135_1713.png
centerX: 0.25634824667472794
centerY: 0.8984887368120901
width: 0.027005239822652155
height: 0.018249215854006275
Area: 0.00020802524621971581
CentroidX: 0.2682
CentroidY: 0.9073
