Location: Kurtxevani_1764_page_10.png_Otsu.png
Component: component_1755610055946_1365.png
centerX: 0.45307443365695793
centerY: 0.539756782039289
width: 0.011650485436893204
height: 0.01028999064546305
Area: 7.750037085138396e-05
CentroidX: 0.4593
CentroidY: 0.5441
