Location: internet_21.png_Otsu.png
Component: component_1755082376590_226.png
centerX: 0.19226118500604594
centerY: 0.12204163102366695
width: 0.01007658202337767
height: 0.03592814371257485
Area: 9.550772354065405e-05
CentroidX: 0.1960
CentroidY: 0.1415
