Location: Paraklitoni_1720_page_10.png_Mean-Medain.png
Component: component_1755610055368_1649.png
centerX: 0.7149390243902439
centerY: 0.5949874686716792
width: 0.019054878048780487
height: 0.007518796992481203
Area: 9.589522586955193e-05
CentroidX: 0.7251
CentroidY: 0.5983
