Location: internet_17.png_Otsu.png
Component: component_1755086411070_127.png
centerX: 0.23135832325675132
centerY: 0.17735956658112348
width: 0.00886739218057235
height: 0.03507271171941831
Area: 0.00011814914536677782
CentroidX: 0.2348
CentroidY: 0.1953
