Location: Kurtxevani_1784_page_10.png_Gaussian-Closing.png
Component: component_1755610055727_211.png
centerX: 0.8019375672766416
centerY: 0.2653386454183267
width: 0.06996770721205597
height: 0.02390438247011952
Area: 0.0006492865995651409
CentroidX: 0.8344
CentroidY: 0.2784
