Location: internet_17.png_Gaussian-Closing.png
Component: component_1755086410996_329.png
centerX: 0.25634824667472794
centerY: 0.8984887368120901
width: 0.026602176541717048
height: 0.018249215854006275
Area: 0.00021963328482092648
CentroidX: 0.2681
CentroidY: 0.9073
