Location: Dedata_10.png_Otsu.png
Component: component_1755521621683_106.png
centerX: 0.017338709677419354
centerY: 0.07979481333713309
width: 0.01129032258064516
height: 0.011969222000569962
Area: 3.6082332067770435e-05
CentroidX: 0.0209
CentroidY: 0.0872
