Location: internet_20.png_Otsu.png
Component: component_1755083652381_53.png
centerX: 0.7609834744054816
centerY: 0.054177359566581124
width: 0.022168480451430876
height: 0.016538351867693184
Area: 0.00017940740848009746
CentroidX: 0.7739
CentroidY: 0.0618
