Location: internet_23.png_Otsu.png
Component: component_1755081841789_441.png
centerX: 0.7339782345828295
centerY: 0.2352437981180496
width: 0.028214429665457477
height: 0.019674935842600515
Area: 0.00013354990945155235
CentroidX: 0.7455
CentroidY: 0.2459
