Location: Kurtxevani_1794_page_10.png_Mean-Medain.png
Component: component_1755610054580_8.png
centerX: 0.0
centerY: 0.0
width: 0.09877264757451783
height: 0.06081974438078449
Area: 0.00046622340240566124
CentroidX: 0.0338
CentroidY: 0.0366
