Location: internet_17.png_Otsu.png
Component: component_1755086411077_276.png
centerX: 0.9673518742442564
centerY: 0.2512118619903051
width: 0.007255139056831923
height: 0.01454234388366125
Area: 3.1031390320068104e-05
CentroidX: 0.9703
CentroidY: 0.2598
