Location: Dedata_10.png_Otsu.png
Component: component_1755521621692_235.png
centerX: 0.9233870967741935
centerY: 0.12140210886292391
width: 0.02056451612903226
height: 0.014249073810202337
Area: 6.182259443458756e-05
CentroidX: 0.9341
CentroidY: 0.1310
