Location: internet_24.png_Otsu.png
Component: component_1755081215989_593.png
centerX: 0.3905683192261185
centerY: 0.12318220701454234
width: 0.017331721080209594
height: 0.01140575990875392
Area: 5.712074440397721e-05
CentroidX: 0.4029
CentroidY: 0.1295
