Location: internet_21.png_Gaussian-Median.png
Component: component_1755082377325_126.png
centerX: 0.08020959290608626
centerY: 0.2512118619903051
width: 0.018540910923014912
height: 0.0213857998289136
Area: 0.00015044477751470056
CentroidX: 0.0874
CentroidY: 0.2641
