Location: Dedata_30.png_Gaussian-Median.png
Component: component_1755503806883_267.png
centerX: 0.23508064516129032
centerY: 0.7512111712738672
width: 0.031048387096774193
height: 0.01481903676261043
Area: 0.00018707654970168873
CentroidX: 0.2523
CentroidY: 0.7566
