Location: Paraklitoni_1720_page_10.png_Mean-Medain.png
Component: component_1755610055497_1978.png
centerX: 0.3780487804878049
centerY: 0.718796992481203
width: 0.025914634146341462
height: 0.008020050125313283
Area: 0.0001318081789840455
CentroidX: 0.3910
CentroidY: 0.7220
