Location: Samociqulo_1709_page_10.png_Gaussian-Median.png
Component: component_1755610056138_1138.png
centerX: 0.17297297297297298
centerY: 0.2528125
width: 0.009828009828009828
height: 0.0078125
Area: 3.946560196560197e-05
CentroidX: 0.1774
CentroidY: 0.2567
