Location: Dedata_17.png_Otsu.png
Component: component_1755512340221_369.png
centerX: 0.15403225806451612
centerY: 0.3072100313479624
width: 0.010080645161290322
height: 0.012539184952978056
Area: 4.676913742542218e-05
CentroidX: 0.1578
CentroidY: 0.3146
