Location: Dedata_31.png_Otsu.png
Component: component_1755503061811_1006.png
centerX: 0.07338709677419354
centerY: 0.6984895981761186
width: 0.008064516129032258
height: 0.005699629524080934
Area: 1.6892047178223737e-05
CentroidX: 0.0761
CentroidY: 0.7012
