Location: internet_15.png_Gaussian-Closing.png
Component: component_1755087704762_62.png
centerX: 0.02539298669891173
centerY: 0.18905047048759624
width: 0.027005239822652155
height: 0.01853435985172512
Area: 0.00019526789686591004
CentroidX: 0.0375
CentroidY: 0.1999
