Location: internet_21.png_Mean-Medain.png
Component: component_1755082376460_330.png
centerX: 0.36960902861749295
centerY: 0.780439121756487
width: 0.012091898428053204
height: 0.040490447676076416
Area: 0.00021733466331573623
CentroidX: 0.3737
CentroidY: 0.8009
