Location: Kurtxevani_1784_page_10.png_Gaussian-Closing.png
Component: component_1755610055743_354.png
centerX: 0.8019375672766416
centerY: 0.4756972111553785
width: 0.0688912809472551
height: 0.019123505976095617
Area: 0.0006441403385382046
CentroidX: 0.8363
CentroidY: 0.4824
