Location: Dedata_22.png_Otsu.png
Component: component_1755510404086_342.png
centerX: 0.7330645161290322
centerY: 0.3784554003989741
width: 0.01935483870967742
height: 0.009404388714733543
Area: 8.503479531894942e-05
CentroidX: 0.7434
CentroidY: 0.3824
