Location: Dedata_17.png_Otsu.png
Component: component_1755512340188_110.png
centerX: 0.6072580645161291
centerY: 0.11712738671986321
width: 0.02338709677419355
height: 0.022798518096323737
Area: 0.00015536086928543194
CentroidX: 0.6193
CentroidY: 0.1259
