Location: Dedata_13.png_Otsu.png
Component: component_1755520268601_467.png
centerX: 0.5495967741935484
centerY: 0.5155314904531205
width: 0.0068548387096774195
height: 0.00883442576232545
Area: 1.7811342262752922e-05
CentroidX: 0.5529
CentroidY: 0.5190
