Location: Dedata_1.png_Otsu.png
Component: component_1755524255288_835.png
centerX: 0.5653225806451613
centerY: 0.9298945568538045
width: 0.012903225806451613
height: 0.015104018238814477
Area: 4.9986670221274325e-05
CentroidX: 0.5709
CentroidY: 0.9397
