Location: Paraklitoni_1720_page_10.png_Mean-Medain.png
Component: component_1755610055363_1604.png
centerX: 0.8788109756097561
centerY: 0.5734335839598997
width: 0.014481707317073171
height: 0.009022556390977444
Area: 8.252338162479369e-05
CentroidX: 0.8858
CentroidY: 0.5769
