Location: Paraklitoni_1720_page_10.png_Mean-Medain.png
Component: component_1755610055331_1261.png
centerX: 0.21036585365853658
centerY: 0.4631578947368421
width: 0.022103658536585365
height: 0.012531328320802004
Area: 0.0001543492878537808
CentroidX: 0.2198
CentroidY: 0.4693
