Location: internet_15.png_Gaussian-Median.png
Component: component_1755087704651_174.png
centerX: 0.7110036275695284
centerY: 0.36412888508696895
width: 0.014510278113663845
height: 0.019104647847162818
Area: 0.00010585152031401008
CentroidX: 0.7161
CentroidY: 0.3741
