Location: Samociqulo_1709_page_10.png_Gaussian-Median.png
Component: component_1755610056322_3609.png
centerX: 0.8894348894348895
centerY: 0.8859375
width: 0.008845208845208846
height: 0.0078125
Area: 4.315110565110565e-05
CentroidX: 0.8938
CentroidY: 0.8900
