Location: Samociqulo_1709_page_10.png_Gaussian-Median.png
Component: component_1755610056233_2241.png
centerX: 0.22506142506142507
centerY: 0.53375
width: 0.03783783783783784
height: 0.01875
Area: 0.0003508906633906634
CentroidX: 0.2410
CentroidY: 0.5435
