Location: Samociqulo_1709_page_10.png_Gaussian-Median.png
Component: component_1755610056248_2443.png
centerX: 0.6142506142506142
centerY: 0.588125
width: 0.03734643734643735
height: 0.01875
Area: 0.00026673832923832923
CentroidX: 0.6318
CentroidY: 0.5974
