Location: Paraklitoni_1720_page_10.png_Mean-Medain.png
Component: component_1755610055456_1884.png
centerX: 0.4260670731707317
centerY: 0.6776942355889725
width: 0.052591463414634144
height: 0.013032581453634085
Area: 0.0003243627361085641
CentroidX: 0.4538
CentroidY: 0.6825
