Location: Kurtxevani_1794_page_10.png_Mean-Medain.png
Component: component_1755610054824_894.png
centerX: 0.6621858562244302
centerY: 0.23666813574261789
width: 0.05201636469900643
height: 0.024239753195240195
Area: 0.0007181385888988859
CentroidX: 0.6857
CentroidY: 0.2493
