Location: internet_13.png_Mean-Medain.png
Component: component_1755088480940_68.png
centerX: 0.2756952841596131
centerY: 0.10436270316509838
width: 0.025796049979846837
height: 0.009124607927003137
Area: 0.00011090848762542859
CentroidX: 0.2903
CentroidY: 0.1088
