Location: Paraklitoni_1720_page_10.png_Mean-Medain.png
Component: component_1755610055485_1957.png
centerX: 0.7538109756097561
centerY: 0.7137844611528822
width: 0.025152439024390245
height: 0.013032581453634085
Area: 0.00016733907940583165
CentroidX: 0.7661
CentroidY: 0.7214
