Location: internet_26.png_Otsu.png
Component: component_1755080009781_1210.png
centerX: 0.8972188633615478
centerY: 0.7268320501853436
width: 0.007658202337767029
height: 0.032506415739948676
Area: 9.80362071963633e-05
CentroidX: 0.9013
CentroidY: 0.7426
