Location: Samociqulo_1709_page_10.png_Gaussian-Median.png
Component: component_1755610056085_336.png
centerX: 0.11302211302211303
centerY: 0.045625
width: 0.007862407862407862
height: 0.005
Area: 1.0288697788697789e-05
CentroidX: 0.1162
CentroidY: 0.0480
