Location: internet_8.png_Otsu.png
Component: component_1755092787074_185.png
centerX: 0.6848045143087464
centerY: 0.11719418306244654
width: 0.05602579604997985
height: 0.019674935842600515
Area: 0.0003636419221210944
CentroidX: 0.7123
CentroidY: 0.1255
