Location: Dedata_22.png_Otsu.png
Component: component_1755510404074_224.png
centerX: 0.742741935483871
centerY: 0.3072100313479624
width: 0.009274193548387096
height: 0.010829296095753777
Area: 2.436131974002335e-05
CentroidX: 0.7474
CentroidY: 0.3129
