Location: Paraklitoni_1720_page_10.png_Mean-Medain.png
Component: component_1755610055352_1484.png
centerX: 0.8742378048780488
centerY: 0.5323308270676692
width: 0.019054878048780487
height: 0.007518796992481203
Area: 6.30386942967174e-05
CentroidX: 0.8822
CentroidY: 0.5358
