Location: internet_15.png_Otsu.png
Component: component_1755087705337_586.png
centerX: 0.26440951229343007
centerY: 0.38637011690903905
width: 0.017331721080209594
height: 0.019389791844881665
Area: 6.40166089195479e-05
CentroidX: 0.2719
CentroidY: 0.3977
