Location: Dedata_13.png_Otsu.png
Component: component_1755520268594_419.png
centerX: 0.47016129032258064
centerY: 0.47420917640353377
width: 0.007661290322580645
height: 0.011399259048161869
Area: 2.9302530819367707e-05
CentroidX: 0.4733
CentroidY: 0.4805
