Location: Kurtxevani_1794_page_10.png_Mean-Medain.png
Component: component_1755610055127_2883.png
centerX: 0.012273524254821741
centerY: 0.9065667695019832
width: 0.010520163646990065
height: 0.009695901278096077
Area: 3.9152462522464366e-05
CentroidX: 0.0161
CentroidY: 0.9119
