Location: Dedata_31.png_Gaussian-Closing.png
Component: component_1755503061914_41.png
centerX: 0.13064516129032258
centerY: 0.04930179538330009
width: 0.014516129032258065
height: 0.03134796238244514
Area: 0.00017133362137912648
CentroidX: 0.1396
CentroidY: 0.0666
