Location: Samociqulo_1709_page_10.png_Gaussian-Median.png
Component: component_1755610056288_3047.png
centerX: 0.7547911547911548
centerY: 0.7584375
width: 0.01425061425061425
height: 0.00875
Area: 7.478501228501229e-05
CentroidX: 0.7623
CentroidY: 0.7620
