Location: Dedata_13.png_Otsu.png
Component: component_1755520268577_334.png
centerX: 0.41451612903225804
centerY: 0.42091764035337703
width: 0.0068548387096774195
height: 0.01054431461954973
Area: 2.7119204993610898e-05
CentroidX: 0.4177
CentroidY: 0.4252
