Location: internet_26.png_Otsu.png
Component: component_1755080009748_670.png
centerX: 0.43893591293833134
centerY: 0.40889649272882805
width: 0.0177347843611447
height: 0.011976047904191617
Area: 5.849991730709135e-05
CentroidX: 0.4502
CentroidY: 0.4126
