Location: Paraklitoni_1720_page_10.png_Mean-Medain.png
Component: component_1755610055369_1659.png
centerX: 0.7957317073170732
centerY: 0.5954887218045113
width: 0.025152439024390245
height: 0.012531328320802004
Area: 0.00015702365670273245
CentroidX: 0.8079
CentroidY: 0.6007
