Location: Kurtxevani_1784_page_10.png_Gaussian-Closing.png
Component: component_1755610055772_592.png
centerX: 0.7179763186221744
centerY: 0.8143426294820717
width: 0.0193756727664155
height: 0.014342629482071713
Area: 0.00019298478851011454
CentroidX: 0.7280
CentroidY: 0.8201
