Location: Kurtxevani_1784_page_10.png_Gaussian-Closing.png
Component: component_1755610055723_184.png
centerX: 0.2852529601722282
centerY: 0.23266932270916335
width: 0.05382131324004306
height: 0.02549800796812749
Area: 0.0006124050622054302
CentroidX: 0.3139
CentroidY: 0.2456
