Location: Samociqulo_1709_page_10.png_Gaussian-Median.png
Component: component_1755610056260_2653.png
centerX: 0.8781326781326781
centerY: 0.6446875
width: 0.012776412776412777
height: 0.005
Area: 3.9772727272727275e-05
CentroidX: 0.8844
CentroidY: 0.6467
