Location: internet_17.png_Otsu.png
Component: component_1755086411079_349.png
centerX: 0.905683192261185
centerY: 0.2797262617621899
width: 0.008464328899637243
height: 0.01311662389506701
Area: 1.4481315482698448e-05
CentroidX: 0.9095
CentroidY: 0.2849
