Location: Kurtxevani_1784_page_10.png_Gaussian-Closing.png
Component: component_1755610055772_593.png
centerX: 0.13347685683530677
centerY: 0.8159362549800797
width: 0.038751345532831
height: 0.0199203187250996
Area: 0.000437432187289593
CentroidX: 0.1507
CentroidY: 0.8234
