Location: internet_21.png_Gaussian-Closing.png
Component: component_1755082377541_203.png
centerX: 0.9157597742845627
centerY: 0.4964357000285144
width: 0.008464328899637243
height: 0.038209295694325636
Area: 0.00018170602998528767
CentroidX: 0.9192
CentroidY: 0.5152
