Location: Kurtxevani_1784_page_10.png_Gaussian-Closing.png
Component: component_1755610055732_247.png
centerX: 0.28632938643702904
centerY: 0.33306772908366533
width: 0.02045209903121636
height: 0.02390438247011952
Area: 0.0002667478632295361
CentroidX: 0.2964
CentroidY: 0.3442
