Location: internet_26.png_Gaussian-Median.png
Component: component_1755080010524_196.png
centerX: 0.4385328496573962
centerY: 0.4086113487311092
width: 0.02015316404675534
height: 0.012546335899629312
Area: 0.00010493207171193399
CentroidX: 0.4509
CentroidY: 0.4130
