Location: Samociqulo_1709_page_10.png_Gaussian-Median.png
Component: component_1755610056224_2144.png
centerX: 0.5675675675675675
centerY: 0.5071875
width: 0.05896805896805897
height: 0.018125
Area: 0.0003898955773955774
CentroidX: 0.5995
CentroidY: 0.5168
