Location: Dedata_30.png_Gaussian-Closing.png
Component: component_1755503806705_68.png
centerX: 0.8955645161290322
centerY: 0.14705044172128812
width: 0.02379032258064516
height: 0.01937874038187518
Area: 0.00015513104551429963
CentroidX: 0.9073
CentroidY: 0.1559
