Location: internet_21.png_Gaussian-Median.png
Component: component_1755082377366_329.png
centerX: 0.40870616686819833
centerY: 0.590818363273453
width: 0.01128577186618299
height: 0.042486455660108356
Area: 0.0002067610043918612
CentroidX: 0.4131
CentroidY: 0.6117
