Location: Samociqulo_1709_page_10.png_Gaussian-Median.png
Component: component_1755610056274_2852.png
centerX: 0.5208845208845209
centerY: 0.7021875
width: 0.014742014742014743
height: 0.00875
Area: 7.601351351351351e-05
CentroidX: 0.5281
CentroidY: 0.7058
