Location: internet_18.png_Otsu.png
Component: component_1755084392604_427.png
centerX: 0.230149133413946
centerY: 0.21813515825491872
width: 0.022974607013301087
height: 0.02623324779013402
Area: 0.00016630526590051314
CentroidX: 0.2398
CentroidY: 0.2327
