Location: internet_13.png_Gaussian-Median.png
Component: component_1755088480868_319.png
centerX: 0.2245062474808545
centerY: 0.6926147704590818
width: 0.023377670294236194
height: 0.010550327915597377
Area: 0.00013780235923615427
CentroidX: 0.2375
CentroidY: 0.6971
