Location: Kurtxevani_1784_page_10.png_Gaussian-Closing.png
Component: component_1755610055768_555.png
centerX: 0.35844994617868675
centerY: 0.747410358565737
width: 0.060279870828848225
height: 0.020717131474103586
Area: 0.0006527174402497652
CentroidX: 0.3861
CentroidY: 0.7546
