Location: internet_30.png_Gaussian-Closing.png
Component: component_1755078354246_187.png
centerX: 0.9653365578395808
centerY: 0.3575705731394354
width: 0.022974607013301087
height: 0.015968063872255488
Area: 0.00013366484052681186
CentroidX: 0.9798
CentroidY: 0.3675
