Location: Dedata_31.png_Mean-Closing.png
Component: component_1755503061278_37.png
centerX: 0.22620967741935483
centerY: 0.04787688800227985
width: 0.021370967741935483
height: 0.0219435736677116
Area: 0.00013881355776390665
CentroidX: 0.2347
CentroidY: 0.0602
