Location: Paraklitoni_1720_page_10.png_Mean-Medain.png
Component: component_1755610055331_1259.png
centerX: 0.5449695121951219
centerY: 0.46265664160401004
width: 0.011432926829268292
height: 0.015037593984962405
Area: 0.0001260773885934348
CentroidX: 0.5498
CentroidY: 0.4700
