Location: internet_21.png_Otsu.png
Component: component_1755082376597_310.png
centerX: 0.42563482466747277
centerY: 0.1639577986883376
width: 0.012898024989923419
height: 0.04077559167379527
Area: 0.0001707875778356341
CentroidX: 0.4298
CentroidY: 0.1839
