Location: Kurtxevani_1764_page_10.png_Otsu.png
Component: component_1755610055891_1011.png
centerX: 0.0
centerY: 0.3587464920486436
width: 0.018122977346278317
height: 0.06735266604303088
Area: 0.0004217110023280385
CentroidX: 0.0078
CentroidY: 0.3897
