Location: Dedata_13.png_Otsu.png
Component: component_1755520268465_171.png
centerX: 0.47419354838709676
centerY: 0.31233969791963523
width: 0.01532258064516129
height: 0.025648332858364205
Area: 0.00010273122569613621
CentroidX: 0.4829
CentroidY: 0.3215
