Location: internet_30.png_Mean-Medain.png
Component: component_1755078353602_191.png
centerX: 0.6545747682386135
centerY: 0.3675506130595951
width: 0.02176541717049577
height: 0.017964071856287425
Area: 0.0001450430169775035
CentroidX: 0.6680
CentroidY: 0.3776
