Location: Samociqulo_1709_page_10.png_Gaussian-Median.png
Component: component_1755610056314_3492.png
centerX: 0.8108108108108109
centerY: 0.860625
width: 0.03734643734643735
height: 0.0159375
Area: 0.0002301904176904177
CentroidX: 0.8312
CentroidY: 0.8665
