Location: Samociqulo_1709_page_10.png_Gaussian-Median.png
Component: component_1755610056258_2626.png
centerX: 0.2221130221130221
centerY: 0.6375
width: 0.033906633906633905
height: 0.016875
Area: 0.00021468058968058967
CentroidX: 0.2362
CentroidY: 0.6464
