Location: internet_30.png_Mean-Closing.png
Component: component_1755078353336_131.png
centerX: 0.7891979040709391
centerY: 0.27003136583974907
width: 0.020556227327690448
height: 0.017678927858568578
Area: 0.00014320411977335133
CentroidX: 0.8009
CentroidY: 0.2798
