Location: Kurtxevani_1784_page_10.png_Gaussian-Closing.png
Component: component_1755610055760_498.png
centerX: 0.5285252960172229
centerY: 0.6717131474103586
width: 0.02798708288482239
height: 0.019123505976095617
Area: 0.0003104910819584954
CentroidX: 0.5443
CentroidY: 0.6832
