Location: internet_30.png_Mean-Closing.png
Component: component_1755078353345_160.png
centerX: 0.5288190245868601
centerY: 0.3290561733675506
width: 0.0177347843611447
height: 0.01710863986313088
Area: 0.00012757349353805775
CentroidX: 0.5394
CentroidY: 0.3391
