Location: Dedata_10.png_Otsu.png
Component: component_1755521621701_335.png
centerX: 0.6798387096774193
centerY: 0.15275007124536905
width: 0.014919354838709677
height: 0.01396409233399829
Area: 5.412349810165565e-05
CentroidX: 0.6855
CentroidY: 0.1613
