Location: internet_17.png_Otsu.png
Component: component_1755086411086_617.png
centerX: 0.8371624345022168
centerY: 0.33390362132877105
width: 0.019750100765820233
height: 0.01568291987453664
Area: 0.0001238956991297534
CentroidX: 0.8450
CentroidY: 0.3422
