Location: internet_21.png_Otsu.png
Component: component_1755082376573_54.png
centerX: 0.6767432486900443
centerY: 0.04733390362132877
width: 0.008464328899637243
height: 0.03992015968063872
Area: 0.0001140116266574354
CentroidX: 0.6806
CentroidY: 0.0676
