Location: Samociqulo_1709_page_10.png_Gaussian-Median.png
Component: component_1755610056296_3224.png
centerX: 0.4614250614250614
centerY: 0.8015625
width: 0.05307125307125307
height: 0.0178125
Area: 0.0003776105651105651
CentroidX: 0.4871
CentroidY: 0.8113
