Location: internet_21.png_Gaussian-Median.png
Component: component_1755082377385_391.png
centerX: 0.7307537283353487
centerY: 0.7005988023952096
width: 0.015316404675534058
height: 0.02480752780153978
Area: 0.00014630725880535812
CentroidX: 0.7370
CentroidY: 0.7140
