Location: Kurtxevani_1794_page_10.png_Mean-Medain.png
Component: component_1755610054844_925.png
centerX: 0.5336060783167739
centerY: 0.24063464081092992
width: 0.01636469900642899
height: 0.01498457470251212
Area: 0.00011436640368404066
CentroidX: 0.5416
CentroidY: 0.2479
