Location: Paraklitoni_1720_page_10.png_Mean-Medain.png
Component: component_1755610055283_745.png
centerX: 0.4245426829268293
centerY: 0.2771929824561403
width: 0.06402439024390244
height: 0.017042606516290727
Area: 0.00039886301118650285
CentroidX: 0.4539
CentroidY: 0.2859
