Location: Dedata_26.png_Gaussian-Closing.png
Component: component_1755507054894_33.png
centerX: 0.4657258064516129
centerY: 0.04645198062125962
width: 0.013306451612903225
height: 0.012824166429182103
Area: 8.319620514989106e-05
CentroidX: 0.4732
CentroidY: 0.0519
