Location: internet_26.png_Otsu.png
Component: component_1755080009749_701.png
centerX: 0.20838371624345023
centerY: 0.4168805246649558
width: 0.02015316404675534
height: 0.010835471913316224
Area: 6.597043719895959e-05
CentroidX: 0.2214
CentroidY: 0.4203
