Location: Dedata_17.png_Otsu.png
Component: component_1755512340204_231.png
centerX: 0.7076612903225806
centerY: 0.2157309774864634
width: 0.00967741935483871
height: 0.021373610715303505
Area: 8.089796743856811e-05
CentroidX: 0.7127
CentroidY: 0.2253
