Location: internet_30.png_Mean-Closing.png
Component: component_1755078353307_10.png
centerX: 0.25836356307940345
centerY: 0.00998003992015968
width: 0.02257154373236598
height: 0.01996007984031936
Area: 0.00016067364321279708
CentroidX: 0.2717
CentroidY: 0.0211
