Location: Paraklitoni_1720_page_10.png_Mean-Medain.png
Component: component_1755610055378_1710.png
centerX: 0.4496951219512195
centerY: 0.6160401002506266
width: 0.013719512195121951
height: 0.012531328320802004
Area: 0.00011003117549972492
CentroidX: 0.4568
CentroidY: 0.6210
