Location: Paraklitoni_1720_page_10.png_Mean-Medain.png
Component: component_1755610055684_2408.png
centerX: 0.41539634146341464
centerY: 0.881203007518797
width: 0.04420731707317073
height: 0.020050125313283207
Area: 0.0003278012103429305
CentroidX: 0.4382
CentroidY: 0.8916
