Location: internet_30.png_Mean-Closing.png
Component: component_1755078353348_175.png
centerX: 0.9649334945586457
centerY: 0.3575705731394354
width: 0.0237807335751713
height: 0.015968063872255488
Area: 0.00014274439547231328
CentroidX: 0.9797
CentroidY: 0.3675
