Location: Kurtxevani_1764_page_10.png_Otsu.png
Component: component_1755610056011_2021.png
centerX: 0.6634304207119741
centerY: 0.8437792329279701
width: 0.018770226537216828
height: 0.014499532273152479
Area: 0.00017134847617923172
CentroidX: 0.6738
CentroidY: 0.8497
