Location: Paraklitoni_1720_page_10.png_Mean-Medain.png
Component: component_1755610055377_1706.png
centerX: 0.3170731707317073
centerY: 0.6150375939849624
width: 0.019054878048780487
height: 0.008020050125313283
Area: 0.00011614401858304297
CentroidX: 0.3261
CentroidY: 0.6188
