Location: internet_11.png_Gaussian-Median.png
Component: component_1755091163883_37.png
centerX: 0.7891979040709391
centerY: 0.06045052751639578
width: 0.01128577186618299
height: 0.027088679783290562
Area: 0.00017825809772750232
CentroidX: 0.7949
CentroidY: 0.0745
