Location: Samociqulo_1709_page_10.png_Gaussian-Median.png
Component: component_1755610056312_3485.png
centerX: 0.28452088452088453
centerY: 0.86
width: 0.012285012285012284
height: 0.0090625
Area: 6.756756756756757e-05
CentroidX: 0.2903
CentroidY: 0.8640
