Location: internet_9.png_Mean-Closing.png
Component: component_1755092072022_246.png
centerX: 0.7956469165659008
centerY: 0.5717137154262902
width: 0.026199113260781944
height: 0.025377815796977475
Area: 0.0005055818000665911
CentroidX: 0.8086
CentroidY: 0.5836
