Location: internet_21.png_Gaussian-Closing.png
Component: component_1755082377578_343.png
centerX: 0.860137041515518
centerY: 0.8126603934987169
width: 0.011688835147118097
height: 0.03649843170801255
Area: 0.00017687892482438818
CentroidX: 0.8646
CentroidY: 0.8305
