Location: Paraklitoni_1720_page_10.png_Mean-Medain.png
Component: component_1755610055655_2282.png
centerX: 0.28734756097560976
centerY: 0.8390977443609022
width: 0.021341463414634148
height: 0.013032581453634085
Area: 0.00012569533590072742
CentroidX: 0.2964
CentroidY: 0.8464
