Location: internet_26.png_Otsu.png
Component: component_1755080009724_184.png
centerX: 0.3212414349052801
centerY: 0.17735956658112348
width: 0.0068520757758968156
height: 0.03792415169660679
Area: 0.0001288377353659124
CentroidX: 0.3252
CentroidY: 0.1961
