Location: Kurtxevani_1794_page_10.png_Mean-Medain.png
Component: component_1755610054605_529.png
centerX: 0.24547048509643482
centerY: 0.10312913177611283
width: 0.018702513150204558
height: 0.013221683561040106
Area: 0.00013574570887722845
CentroidX: 0.2541
CentroidY: 0.1105
