Location: Samociqulo_1709_page_10.png_Gaussian-Median.png
Component: component_1755610056254_2525.png
centerX: 0.4963144963144963
centerY: 0.61375
width: 0.036855036855036855
height: 0.024375
Area: 0.00029284398034398035
CentroidX: 0.5124
CentroidY: 0.6248
