Location: internet_18.png_Otsu.png
Component: component_1755084392591_77.png
centerX: 0.7114066908504635
centerY: 0.09865982321072142
width: 0.021362353889560662
height: 0.028514399771884802
Area: 0.00011079355655016908
CentroidX: 0.7241
CentroidY: 0.1182
