Location: Kurtxevani_1764_page_10.png_Otsu.png
Component: component_1755610055976_1643.png
centerX: 0.658252427184466
centerY: 0.6847521047708138
width: 0.032362459546925564
height: 0.019644527595884004
Area: 0.00028971818322177516
CentroidX: 0.6732
CentroidY: 0.6954
