Location: internet_21.png_Mean-Medain.png
Component: component_1755082376389_299.png
centerX: 0.6844014510278114
centerY: 0.7043056743655546
width: 0.01894397420395002
height: 0.021956087824351298
Area: 0.00015826009063234732
CentroidX: 0.6916
CentroidY: 0.7177
