Location: Samociqulo_1709_page_10.png_Gaussian-Median.png
Component: component_1755610056104_665.png
centerX: 0.341031941031941
centerY: 0.1171875
width: 0.05012285012285012
height: 0.0209375
Area: 0.00038667076167076165
CentroidX: 0.3649
CentroidY: 0.1266
