Location: Paraklitoni_1720_page_10.png_Mean-Medain.png
Component: component_1755610055342_1394.png
centerX: 0.5464939024390244
centerY: 0.505764411027569
width: 0.011432926829268292
height: 0.013533834586466165
Area: 0.00010430038510911425
CentroidX: 0.5516
CentroidY: 0.5131
