Location: Dedata_24.png_Otsu.png
Component: component_1755507995212_107.png
centerX: 0.6370967741935484
centerY: 0.140210886292391
width: 0.008467741935483872
height: 0.005129666571672842
Area: 1.4363985695768485e-05
CentroidX: 0.6422
CentroidY: 0.1434
