Location: internet_30.png_Mean-Medain.png
Component: component_1755078353699_289.png
centerX: 0.2623941958887545
centerY: 0.5988023952095808
width: 0.018540910923014912
height: 0.01996007984031936
Area: 0.00014964025998788396
CentroidX: 0.2728
CentroidY: 0.6098
