Location: Samociqulo_1709_page_10.png_Gaussian-Median.png
Component: component_1755610056296_3222.png
centerX: 0.40884520884520886
centerY: 0.8009375
width: 0.015724815724815724
height: 0.0046875
Area: 4.514742014742015e-05
CentroidX: 0.4172
CentroidY: 0.8032
