Location: Samociqulo_1709_page_10.png_Gaussian-Median.png
Component: component_1755610056149_1327.png
centerX: 0.5705159705159705
centerY: 0.300625
width: 0.03783783783783784
height: 0.01625
Area: 0.00022942260442260443
CentroidX: 0.5904
CentroidY: 0.3083
