Location: Kurtxevani_1784_page_10.png_Gaussian-Closing.png
Component: component_1755610055744_368.png
centerX: 0.7341227125941873
centerY: 0.499601593625498
width: 0.04843918191603875
height: 0.026294820717131476
Area: 0.0004854639568743326
CentroidX: 0.7625
CentroidY: 0.5130
