Location: Dedata_23.png_Otsu.png
Component: component_1755510040776_285.png
centerX: 0.09798387096774193
centerY: 0.36363636363636365
width: 0.010887096774193548
height: 0.01310914790538615
Area: 5.366385055939106e-05
CentroidX: 0.1033
CentroidY: 0.3700
