Location: internet_17.png_Otsu.png
Component: component_1755086411133_1701.png
centerX: 0.7613865376864167
centerY: 0.8848018249215854
width: 0.029826682789197905
height: 0.019104647847162818
Area: 0.00022147218202507864
CentroidX: 0.7748
CentroidY: 0.8943
