Location: Samociqulo_1709_page_10.png_Gaussian-Median.png
Component: component_1755610056238_2304.png
centerX: 0.8766584766584766
centerY: 0.5471875
width: 0.030466830466830467
height: 0.008125
Area: 0.00015218058968058967
CentroidX: 0.8911
CentroidY: 0.5507
