Location: internet_21.png_Otsu.png
Component: component_1755082376674_540.png
centerX: 0.8698105602579606
centerY: 0.24636441402908468
width: 0.012898024989923419
height: 0.043341887653264896
Area: 0.00016067364321279708
CentroidX: 0.8746
CentroidY: 0.2681
