Location: internet_30.png_Gaussian-Closing.png
Component: component_1755078354050_81.png
centerX: 0.5751713018943975
centerY: 0.1497005988023952
width: 0.018540910923014912
height: 0.016253207869974338
Area: 0.000125159940957608
CentroidX: 0.5868
CentroidY: 0.1592
