Location: Dedata_22.png_Otsu.png
Component: component_1755510404074_229.png
centerX: 0.9048387096774193
centerY: 0.3237389569677971
width: 0.021774193548387097
height: 0.00968937019093759
Area: 8.342602892102336e-05
CentroidX: 0.9171
CentroidY: 0.3281
