Location: Dedata_10.png_Otsu.png
Component: component_1755521621685_164.png
centerX: 0.7879032258064517
centerY: 0.09518381305215161
width: 0.016129032258064516
height: 0.01396409233399829
Area: 5.5617352614015575e-05
CentroidX: 0.7920
CentroidY: 0.1035
