Location: Kurtxevani_1794_page_10.png_Mean-Medain.png
Component: component_1755610055105_2559.png
centerX: 0.451198129748685
centerY: 0.8140149845747026
width: 0.008182349503214495
height: 0.007051564565888057
Area: 3.683422460995003e-05
CentroidX: 0.4549
CentroidY: 0.8171
