Location: Kurtxevani_1794_page_10.png_Mean-Medain.png
Component: component_1755610055045_2068.png
centerX: 0.7159555815312683
centerY: 0.6443367122080211
width: 0.01928696668614845
height: 0.00881445570736007
Area: 9.942664824783714e-05
CentroidX: 0.7252
CentroidY: 0.6489
