Location: Samociqulo_1709_page_10.png_Gaussian-Median.png
Component: component_1755610056104_674.png
centerX: 0.22506142506142507
centerY: 0.1184375
width: 0.03144963144963145
height: 0.016875
Area: 0.00018964987714987716
CentroidX: 0.2419
CentroidY: 0.1261
