Location: internet_21.png_Otsu.png
Component: component_1755082376983_2147.png
centerX: 0.9113260781942765
centerY: 0.6187624750499002
width: 0.01894397420395002
height: 0.019104647847162818
Area: 7.60843718217966e-05
CentroidX: 0.9181
CentroidY: 0.6317
