Location: Dedata_13.png_Otsu.png
Component: component_1755520268591_406.png
centerX: 0.6306451612903226
centerY: 0.46936449130806496
width: 0.0068548387096774195
height: 0.009404388714733543
Area: 2.8842883277103117e-05
CentroidX: 0.6331
CentroidY: 0.4745
