Location: internet_21.png_Gaussian-Closing.png
Component: component_1755082377513_99.png
centerX: 0.35066505441354295
centerY: 0.23410322212717422
width: 0.015719467956469165
height: 0.020530367835757058
Area: 0.00010608138246452911
CentroidX: 0.3561
CentroidY: 0.2466
