Location: Kurtxevani_1764_page_10.png_Otsu.png
Component: component_1755610055892_1018.png
centerX: 0.5003236245954693
centerY: 0.35827876520112256
width: 0.010355987055016181
height: 0.009354536950420954
Area: 5.8428013962176186e-05
CentroidX: 0.5056
CentroidY: 0.3622
