Location: Kurtxevani_1764_page_10.png_Otsu.png
Component: component_1755610055893_1023.png
centerX: 0.6634304207119741
centerY: 0.36903648269410666
width: 0.011650485436893204
height: 0.007483629560336763
Area: 3.965839289660663e-05
CentroidX: 0.6676
CentroidY: 0.3730
