Location: internet_3.png_Mean-Medain.png
Component: component_1755094757848_424.png
centerX: 0.16444981862152358
centerY: 0.9883090960935272
width: 0.0068520757758968156
height: 0.00570287995437696
Area: 2.930742419117543e-05
CentroidX: 0.1676
CentroidY: 0.9911
