Location: Kurtxevani_1784_page_10.png_Gaussian-Closing.png
Component: component_1755610055726_203.png
centerX: 0.25403659849300325
centerY: 0.24223107569721117
width: 0.0193756727664155
height: 0.013545816733067729
Area: 0.00016639577320427655
CentroidX: 0.2636
CentroidY: 0.2472
