Location: Kurtxevani_1794_page_10.png_Mean-Medain.png
Component: component_1755610054829_901.png
centerX: 0.5032144944476914
centerY: 0.2375495813133539
width: 0.028053769725306838
height: 0.02247686205376818
Area: 0.0003992520849330248
CentroidX: 0.5175
CentroidY: 0.2482
