Location: internet_21.png_Otsu.png
Component: component_1755082376783_868.png
centerX: 0.3031035872632003
centerY: 0.34302822925577414
width: 0.006045949214026602
height: 0.013401767892785858
Area: 3.229563214792273e-05
CentroidX: 0.3055
CentroidY: 0.3487
