Location: Dedata_18.png_Otsu.png
Component: component_1755511906290_282.png
centerX: 0.4153225806451613
centerY: 0.2872613280136791
width: 0.011693548387096775
height: 0.014249073810202337
Area: 5.7111207126375495e-05
CentroidX: 0.4192
CentroidY: 0.2950
