Location: internet_30.png_Mean-Closing.png
Component: component_1755078353343_154.png
centerX: 0.7476823861346231
centerY: 0.31822070145423437
width: 0.019750100765820233
height: 0.017964071856287425
Area: 0.000135044013429926
CentroidX: 0.7597
CentroidY: 0.3282
