Location: Kurtxevani_1784_page_10.png_Gaussian-Closing.png
Component: component_1755610055726_199.png
centerX: 0.7664155005382132
centerY: 0.24143426294820716
width: 0.03767491926803014
height: 0.013545816733067729
Area: 0.00027961351579687706
CentroidX: 0.7860
CentroidY: 0.2458
