Location: Dedata_13.png_Otsu.png
Component: component_1755520268606_484.png
centerX: 0.22782258064516128
centerY: 0.5354801937874039
width: 0.010080645161290322
height: 0.012539184952978056
Area: 5.297437924599417e-05
CentroidX: 0.2318
CentroidY: 0.5420
