Location: Paraklitoni_1720_page_10.png_Mean-Medain.png
Component: component_1755610055206_271.png
centerX: 0.7728658536585366
centerY: 0.10225563909774436
width: 0.028963414634146343
height: 0.02305764411027569
Area: 0.00023763677486398924
CentroidX: 0.7873
CentroidY: 0.1160
