Location: Kurtxevani_1794_page_10.png_Mean-Medain.png
Component: component_1755610054912_1315.png
centerX: 0.9859731151373465
centerY: 0.376377258704275
width: 0.011104617182933957
height: 0.007051564565888057
Area: 3.941004451274374e-05
CentroidX: 0.9917
CentroidY: 0.3801
