Location: Dedata_21.png_Otsu.png
Component: component_1755511065881_113.png
centerX: 0.5637096774193548
centerY: 0.07666001709888857
width: 0.008064516129032258
height: 0.008264462809917356
Area: 1.884554923284825e-05
CentroidX: 0.5692
CentroidY: 0.0819
