Location: Samociqulo_1709_page_10.png_Gaussian-Median.png
Component: component_1755610056277_2906.png
centerX: 0.200982800982801
centerY: 0.7209375
width: 0.03095823095823096
height: 0.0190625
Area: 0.0002738022113022113
CentroidX: 0.2145
CentroidY: 0.7299
