Location: Dedata_29.png_Otsu.png
Component: component_1755504603386_114.png
centerX: 0.038306451612903226
centerY: 0.13878597891137076
width: 0.00967741935483871
height: 0.013394129381590196
Area: 6.032873992222764e-05
CentroidX: 0.0442
CentroidY: 0.1447
