Location: internet_27.png_Otsu.png
Component: component_1755079634737_80.png
centerX: 0.44578798871422814
centerY: 0.06273167949814656
width: 0.018137847642079808
height: 0.016538351867693184
Area: 5.712074440397721e-05
CentroidX: 0.4586
CentroidY: 0.0697
