Location: Dedata_13.png_Otsu.png
Component: component_1755520268596_427.png
centerX: 0.27056451612903226
centerY: 0.47648902821316613
width: 0.0068548387096774195
height: 0.01054431461954973
Area: 2.6659557451346307e-05
CentroidX: 0.2739
CentroidY: 0.4807
