Location: Samociqulo_1709_page_10.png_Gaussian-Median.png
Component: component_1755610056260_2656.png
centerX: 0.6791154791154791
centerY: 0.645625
width: 0.04717444717444717
height: 0.0196875
Area: 0.0004434889434889435
CentroidX: 0.6999
CentroidY: 0.6555
