Location: Paraklitoni_1720_page_10.png_Mean-Medain.png
Component: component_1755610055528_2115.png
centerX: 0.16310975609756098
centerY: 0.774937343358396
width: 0.038109756097560975
height: 0.013032581453634085
Area: 0.00020745461214010635
CentroidX: 0.1840
CentroidY: 0.7823
