Location: Paraklitoni_1720_page_10.png_Mean-Medain.png
Component: component_1755610055341_1388.png
centerX: 0.6829268292682927
centerY: 0.5042606516290726
width: 0.02972560975609756
height: 0.015037593984962405
Area: 0.00021242129714530228
CentroidX: 0.6961
CentroidY: 0.5140
