Location: Paraklitoni_1720_page_10.png_Mean-Medain.png
Component: component_1755610055241_391.png
centerX: 0.5411585365853658
centerY: 0.1518796992481203
width: 0.02972560975609756
height: 0.02055137844611529
Area: 0.0002364906167858671
CentroidX: 0.5561
CentroidY: 0.1622
