Location: Dedata_30.png_Gaussian-Median.png
Component: component_1755503806814_29.png
centerX: 0.8548387096774194
centerY: 0.05414648047876888
width: 0.02217741935483871
height: 0.011969222000569962
Area: 0.00012410483641143972
CentroidX: 0.8681
CentroidY: 0.0586
