Location: Kurtxevani_1764_page_10.png_Otsu.png
Component: component_1755610055936_1297.png
centerX: 0.4297734627831715
centerY: 0.509822263797942
width: 0.021359223300970873
height: 0.009354536950420954
Area: 0.00015590894917368256
CentroidX: 0.4398
CentroidY: 0.5142
