Location: Dedata_13.png_Otsu.png
Component: component_1755520268606_483.png
centerX: 0.16733870967741934
centerY: 0.5354801937874039
width: 0.007258064516129033
height: 0.010259333143345683
Area: 4.205775011721012e-05
CentroidX: 0.1701
CentroidY: 0.5406
