Location: Paraklitoni_1720_page_10.png_Mean-Medain.png
Component: component_1755610055280_713.png
centerX: 0.9115853658536586
centerY: 0.2611528822055138
width: 0.012195121951219513
height: 0.009022556390977444
Area: 6.0746378140473135e-05
CentroidX: 0.9177
CentroidY: 0.2663
