Location: Kurtxevani_1784_page_10.png_Gaussian-Closing.png
Component: component_1755610055708_66.png
centerX: 0.19483315392895587
centerY: 0.06454183266932272
width: 0.022604951560818085
height: 0.012749003984063745
Area: 0.00012265255447531725
CentroidX: 0.2051
CentroidY: 0.0700
