Location: Dedata_30.png_Gaussian-Closing.png
Component: component_1755503806708_85.png
centerX: 0.3294354838709677
centerY: 0.2231404958677686
width: 0.02258064516129032
height: 0.013679110857794243
Area: 0.00012513904338153504
CentroidX: 0.3412
CentroidY: 0.2289
