Location: Paraklitoni_1720_page_10.png_Mean-Medain.png
Component: component_1755610055362_1600.png
centerX: 0.3635670731707317
centerY: 0.5734335839598997
width: 0.027439024390243903
height: 0.014536340852130326
Area: 0.00021356745522342442
CentroidX: 0.3768
CentroidY: 0.5796
