Location: Kurtxevani_1794_page_10.png_Mean-Medain.png
Component: component_1755610054644_620.png
centerX: 0.6715371127995324
centerY: 0.13221683561040107
width: 0.01636469900642899
height: 0.009695901278096077
Area: 0.00011591189562571688
CentroidX: 0.6796
CentroidY: 0.1367
