Location: internet_26.png_Otsu.png
Component: component_1755080009747_642.png
centerX: 0.5231761386537687
centerY: 0.3997718848018249
width: 0.006449012494961709
height: 0.029369831765041345
Area: 8.171599450951268e-05
CentroidX: 0.5267
CentroidY: 0.4145
