Location: Kurtxevani_1764_page_10.png_Otsu.png
Component: component_1755610055968_1555.png
centerX: 0.8815533980582524
centerY: 0.6496725912067353
width: 0.01488673139158576
height: 0.007483629560336763
Area: 7.568395590955465e-05
CentroidX: 0.8888
CentroidY: 0.6526
