Location: internet_17.png_Otsu.png
Component: component_1755086411076_233.png
centerX: 0.7448609431680774
centerY: 0.24009124607927004
width: 0.007658202337767029
height: 0.029940119760479042
Area: 6.30971603174718e-05
CentroidX: 0.7478
CentroidY: 0.2553
