Location: Paraklitoni_1720_page_10.png_Mean-Medain.png
Component: component_1755610055201_258.png
centerX: 0.8902439024390244
centerY: 0.09774436090225563
width: 0.01524390243902439
height: 0.012030075187969926
Area: 7.946696008313467e-05
CentroidX: 0.8974
CentroidY: 0.1016
