Location: internet_18.png_Otsu.png
Component: component_1755084392601_362.png
centerX: 0.7118097541313986
centerY: 0.18562874251497005
width: 0.02781136638452237
height: 0.03136583974907328
Area: 0.00019952034665051197
CentroidX: 0.7297
CentroidY: 0.2065
