Location: internet_21.png_Gaussian-Closing.png
Component: component_1755082377546_224.png
centerX: 0.3567110036275695
centerY: 0.5315084117479327
width: 0.014510278113663845
height: 0.021956087824351298
Area: 0.00010872479719549787
CentroidX: 0.3619
CentroidY: 0.5449
