Location: Dedata_13.png_Otsu.png
Component: component_1755520268477_193.png
centerX: 0.08870967741935484
centerY: 0.32972356796808205
width: 0.035483870967741936
height: 0.012824166429182103
Area: 0.00011835924213313232
CentroidX: 0.1038
CentroidY: 0.3364
