Location: Paraklitoni_1720_page_10.png_Mean-Medain.png
Component: component_1755610055687_2428.png
centerX: 0.788109756097561
centerY: 0.8862155388471178
width: 0.027439024390243903
height: 0.013533834586466165
Area: 0.0001700134482547833
CentroidX: 0.7998
CentroidY: 0.8918
