Location: internet_5.png_Mean-Medain.png
Component: component_1755094087299_18.png
centerX: 0.7118097541313986
centerY: 0.05189620758483034
width: 0.21765417170495768
height: 0.05075563159395495
Area: 0.004440821816952265
CentroidX: 0.8220
CentroidY: 0.0763
