Location: internet_18.png_Otsu.png
Component: component_1755084392598_259.png
centerX: 0.6771463119709794
centerY: 0.15511833475905332
width: 0.02015316404675534
height: 0.016823495865412035
Area: 0.00010033482870155354
CentroidX: 0.6905
CentroidY: 0.1612
