Location: Kurtxevani_1764_page_10.png_Otsu.png
Component: component_1755610055933_1270.png
centerX: 0.2
centerY: 0.5028063610851263
width: 0.02912621359223301
height: 0.019176800748362956
Area: 0.0002703430905089292
CentroidX: 0.2132
CentroidY: 0.5131
