Location: Samociqulo_1709_page_10.png_Gaussian-Median.png
Component: component_1755610056216_2019.png
centerX: 0.5071253071253071
centerY: 0.464375
width: 0.014742014742014743
height: 0.0075
Area: 6.203931203931204e-05
CentroidX: 0.5146
CentroidY: 0.4673
