Location: Samociqulo_1709_page_10.png_Gaussian-Median.png
Component: component_1755610056237_2294.png
centerX: 0.8412776412776413
centerY: 0.5459375
width: 0.032432432432432434
height: 0.015
Area: 0.00024247542997543
CentroidX: 0.8552
CentroidY: 0.5523
