Location: Dedata_13.png_Otsu.png
Component: component_1755520268555_216.png
centerX: 0.632258064516129
centerY: 0.3585066970646908
width: 0.007258064516129033
height: 0.01481903676261043
Area: 3.631215583890273e-05
CentroidX: 0.6357
CentroidY: 0.3640
