Location: internet_13.png_Gaussian-Median.png
Component: component_1755088480604_48.png
centerX: 0.07819427650141073
centerY: 0.06729398346164814
width: 0.022168480451430876
height: 0.008269175933846592
Area: 8.769241042300727e-05
CentroidX: 0.0911
CentroidY: 0.0702
