Location: Paraklitoni_1720_page_10.png_Mean-Medain.png
Component: component_1755610055556_2190.png
centerX: 0.8163109756097561
centerY: 0.8025062656641604
width: 0.025152439024390245
height: 0.012531328320802004
Area: 0.0001524390243902439
CentroidX: 0.8282
CentroidY: 0.8075
