Location: internet_21.png_Gaussian-Median.png
Component: component_1755082377376_359.png
centerX: 0.7900040306328093
centerY: 0.621043627031651
width: 0.018540910923014912
height: 0.04305674365554605
Area: 0.00020825510837023484
CentroidX: 0.7962
CentroidY: 0.6423
