Location: Dedata_31.png_Otsu.png
Component: component_1755503061674_679.png
centerX: 0.6854838709677419
centerY: 0.6144200626959248
width: 0.021774193548387097
height: 0.016813907096038756
Area: 7.25093997922393e-05
CentroidX: 0.6949
CentroidY: 0.6218
