Location: Dedata_22.png_Otsu.png
Component: component_1755510404108_512.png
centerX: 0.20201612903225807
centerY: 0.43203191792533485
width: 0.020967741935483872
height: 0.00883442576232545
Area: 9.1699684681786e-05
CentroidX: 0.2125
CentroidY: 0.4358
