Location: Kurtxevani_1784_page_10.png_Gaussian-Closing.png
Component: component_1755610055712_106.png
centerX: 0.10441334768568353
centerY: 0.13306772908366535
width: 0.0193756727664155
height: 0.02151394422310757
Area: 0.00022386235467173287
CentroidX: 0.1149
CentroidY: 0.1448
