Location: Kurtxevani_1764_page_10.png_Otsu.png
Component: component_1755610056017_2116.png
centerX: 0.5773462783171521
centerY: 0.8746492048643593
width: 0.027831715210355986
height: 0.010757717492984098
Area: 0.00022796007519957859
CentroidX: 0.5919
CentroidY: 0.8797
