Location: Dedata_17.png_Otsu.png
Component: component_1755512340225_395.png
centerX: 0.25201612903225806
centerY: 0.3220290681105728
width: 0.006048387096774193
height: 0.015104018238814477
Area: 3.24051517296537e-05
CentroidX: 0.2547
CentroidY: 0.3306
