Location: Dedata_18.png_Otsu.png
Component: component_1755511906266_163.png
centerX: 0.26048387096774195
centerY: 0.10088344257623255
width: 0.013709677419354839
height: 0.00883442576232545
Area: 2.1143786944171208e-05
CentroidX: 0.2680
CentroidY: 0.1064
