Location: Kurtxevani_1794_page_10.png_Mean-Medain.png
Component: component_1755610054948_1439.png
centerX: 0.6247808299240211
centerY: 0.4111943587483473
width: 0.030391583869082407
height: 0.014543851917144116
Area: 0.00023594510309590369
CentroidX: 0.6413
CentroidY: 0.4174
