Location: internet_18.png_Mean-Closing.png
Component: component_1755084392725_43.png
centerX: 0.7343812978637646
centerY: 0.10892500712859994
width: 0.019750100765820233
height: 0.011690903906472769
Area: 0.00010148413945414865
CentroidX: 0.7465
CentroidY: 0.1127
