Location: internet_13.png_Mean-Medain.png
Component: component_1755088480956_150.png
centerX: 0.2652156388553003
centerY: 0.28172226974622183
width: 0.026199113260781944
height: 0.010835471913316224
Area: 0.00015366284762196686
CentroidX: 0.2800
CentroidY: 0.2868
