Location: Samociqulo_1709_page_10.png_Gaussian-Median.png
Component: component_1755610056131_1030.png
centerX: 0.28304668304668307
centerY: 0.2228125
width: 0.040294840294840296
height: 0.0178125
Area: 0.0002536855036855037
CentroidX: 0.3041
CentroidY: 0.2317
