Location: internet_21.png_Gaussian-Median.png
Component: component_1755082377399_438.png
centerX: 0.860137041515518
centerY: 0.8126603934987169
width: 0.011688835147118097
height: 0.03649843170801255
Area: 0.0001780282355769833
CentroidX: 0.8647
CentroidY: 0.8304
