Location: internet_21.png_Gaussian-Median.png
Component: component_1755082377380_371.png
centerX: 0.35268037081821846
centerY: 0.6569717707442259
width: 0.014107214832728738
height: 0.043341887653264896
Area: 0.00020342800320933535
CentroidX: 0.3577
CentroidY: 0.6785
