Location: internet_21.png_Gaussian-Closing.png
Component: component_1755082377508_78.png
centerX: 0.12212817412333736
centerY: 0.18591388651268892
width: 0.019750100765820233
height: 0.021100655831194755
Area: 0.00014366384407438936
CentroidX: 0.1291
CentroidY: 0.1988
