Location: Dedata_31.png_Otsu.png
Component: component_1755503061507_97.png
centerX: 0.01532258064516129
centerY: 0.09774864633798803
width: 0.013709677419354839
height: 0.015388999715018524
Area: 8.767776868697083e-05
CentroidX: 0.0197
CentroidY: 0.1069
