Location: Dedata_19.png_Otsu.png
Component: component_1755511661607_163.png
centerX: 0.8076612903225806
centerY: 0.22171558848674836
width: 0.0064516129032258064
height: 0.006839555428897122
Area: 1.3444690611239301e-05
CentroidX: 0.8106
CentroidY: 0.2260
