Location: internet_1.png_Otsu.png
Component: component_1755096854542_409.png
centerX: 0.03869407496977025
centerY: 0.1881950384944397
width: 0.010479645304312777
height: 0.011690903906472769
Area: 3.1261252470587125e-05
CentroidX: 0.0434
CentroidY: 0.1956
