Location: internet_18.png_Otsu.png
Component: component_1755084392599_275.png
centerX: 0.3349455864570738
centerY: 0.16367265469061876
width: 0.02539298669891173
height: 0.029654975762760195
Area: 0.00013056170149480505
CentroidX: 0.3480
CentroidY: 0.1860
