Location: Kurtxevani_1764_page_10.png_Otsu.png
Component: component_1755610056015_2089.png
centerX: 0.1779935275080906
centerY: 0.8690364826941066
width: 0.036893203883495145
height: 0.019644527595884004
Area: 0.000423830153093506
CentroidX: 0.1973
CentroidY: 0.8801
