Location: Kurtxevani_1784_page_10.png_Gaussian-Closing.png
Component: component_1755610055769_566.png
centerX: 0.6846071044133477
centerY: 0.7792828685258965
width: 0.09041980624327234
height: 0.020717131474103586
Area: 0.0010026631900814395
CentroidX: 0.7277
CentroidY: 0.7869
