Location: internet_21.png_Gaussian-Median.png
Component: component_1755082377296_27.png
centerX: 0.7879887142281338
centerY: 0.04733390362132877
width: 0.009270455461507456
height: 0.037639007698887936
Area: 0.00016687992127681068
CentroidX: 0.7918
CentroidY: 0.0659
