Location: Paraklitoni_1720_page_10.png_Mean-Medain.png
Component: component_1755610055309_1024.png
centerX: 0.7103658536585366
centerY: 0.36641604010025064
width: 0.026676829268292682
height: 0.009022556390977444
Area: 0.00015282107708295127
CentroidX: 0.7232
CentroidY: 0.3705
