Location: internet_2.png_Gaussian-Closing.png
Component: component_1755095281539_255.png
centerX: 0.9842805320435308
centerY: 0.7359566581123468
width: 0.015719467956469165
height: 0.008839463929284289
Area: 7.332602601556833e-05
CentroidX: 0.9908
CentroidY: 0.7407
