Location: internet_30.png_Mean-Medain.png
Component: component_1755078353781_365.png
centerX: 0.036275695284159616
centerY: 0.7664670658682635
width: 0.02015316404675534
height: 0.018249215854006275
Area: 0.00013044677041954553
CentroidX: 0.0484
CentroidY: 0.7767
