Location: Samociqulo_1709_page_10.png_Gaussian-Median.png
Component: component_1755610056228_2192.png
centerX: 0.18427518427518427
centerY: 0.51625
width: 0.015233415233415233
height: 0.006875
Area: 6.25e-05
CentroidX: 0.1922
CentroidY: 0.5190
