Location: Samociqulo_1709_page_10.png_Gaussian-Median.png
Component: component_1755610056314_3494.png
centerX: 0.3203931203931204
centerY: 0.8615625
width: 0.012285012285012284
height: 0.009375
Area: 6.772113022113022e-05
CentroidX: 0.3266
CentroidY: 0.8654
