Location: Dedata_17.png_Gaussian-Median.png
Component: component_1755512339685_333.png
centerX: 0.7233870967741935
centerY: 0.7842690225135366
width: 0.0125
height: 0.037902536335138216
Area: 0.00021304663583963818
CentroidX: 0.7298
CentroidY: 0.8036
