Location: internet_13.png_Gaussian-Closing.png
Component: component_1755088480473_4.png
centerX: 0.8214429665457477
centerY: 0.004562303963501569
width: 0.02418379685610641
height: 0.010835471913316224
Area: 0.00011021890117387152
CentroidX: 0.8356
CentroidY: 0.0095
