Location: Dedata_1.png_Otsu.png
Component: component_1755524255274_648.png
centerX: 0.175
centerY: 0.8167569108007979
width: 0.017338709677419354
height: 0.022798518096323737
Area: 9.21593322240506e-05
CentroidX: 0.1826
CentroidY: 0.8337
