Location: internet_21.png_Otsu.png
Component: component_1755082377116_2453.png
centerX: 0.24989923417976623
centerY: 0.7339606501283148
width: 0.007658202337767029
height: 0.019104647847162818
Area: 4.712174085639971e-05
CentroidX: 0.2528
CentroidY: 0.7426
