Location: internet_3.png_Gaussian-Closing.png
Component: component_1755094757132_284.png
centerX: 0.282950423216445
centerY: 0.9469632164242943
width: 0.3897621926642483
height: 0.04562303963501568
Area: 0.003596308275945374
CentroidX: 0.4702
CentroidY: 0.9702
