Location: internet_18.png_Mean-Medain.png
Component: component_1755084392466_220.png
centerX: 0.02176541717049577
centerY: 0.6010835471913316
width: 0.03788794840790004
height: 0.034787567721699456
Area: 0.0008427895748779978
CentroidX: 0.0408
CentroidY: 0.6213
