Location: Paraklitoni_1720_page_10.png_Mean-Medain.png
Component: component_1755610055687_2427.png
centerX: 0.7675304878048781
centerY: 0.8862155388471178
width: 0.019817073170731708
height: 0.007518796992481203
Area: 0.00011117733357784706
CentroidX: 0.7778
CentroidY: 0.8896
