Location: internet_10.png_Gaussian-Median.png
Component: component_1755091714292_297.png
centerX: 0.12817412333736397
centerY: 0.8426005132591959
width: 0.049979846835953246
height: 0.04505275163957799
Area: 0.000925080224763808
CentroidX: 0.1559
CentroidY: 0.8636
