Location: internet_8.png_Gaussian-Median.png
Component: component_1755092787384_34.png
centerX: 0.6372430471584039
centerY: 0.07698887938408897
width: 0.041112454655380895
height: 0.023096663815226688
Area: 0.00038605348179669913
CentroidX: 0.6552
CentroidY: 0.0888
