Location: internet_21.png_Mean-Medain.png
Component: component_1755082376304_93.png
centerX: 0.6118500604594922
centerY: 0.21528371827773024
width: 0.018540910923014912
height: 0.021100655831194755
Area: 0.0001671097834273297
CentroidX: 0.6196
CentroidY: 0.2282
