Location: Paraklitoni_1720_page_10.png_Mean-Medain.png
Component: component_1755610055289_807.png
centerX: 0.5434451219512195
centerY: 0.2992481203007519
width: 0.03048780487804878
height: 0.013533834586466165
Area: 0.00018300323980683416
CentroidX: 0.5579
CentroidY: 0.3069
