Location: Paraklitoni_1720_page_10.png_Mean-Medain.png
Component: component_1755610055318_1136.png
centerX: 0.6387195121951219
centerY: 0.4080200501253133
width: 0.04573170731707317
height: 0.008020050125313283
Area: 0.0002330521425515007
CentroidX: 0.6624
CentroidY: 0.4116
