Location: Kurtxevani_1794_page_10.png_Mean-Medain.png
Component: component_1755610054901_1250.png
centerX: 0.15312682641729983
centerY: 0.3591890700749229
width: 0.011689070718877849
height: 0.00881445570736007
Area: 6.078934970593152e-05
CentroidX: 0.1595
CentroidY: 0.3626
