Location: Kurtxevani_1784_page_10.png_Gaussian-Closing.png
Component: component_1755610055735_277.png
centerX: 0.30462863293864373
centerY: 0.3697211155378486
width: 0.03982777179763186
height: 0.02151394422310757
Area: 0.0004485824195146218
CentroidX: 0.3255
CentroidY: 0.3818
