Location: Dedata_17.png_Otsu.png
Component: component_1755512340209_268.png
centerX: 0.8306451612903226
centerY: 0.23738956967797092
width: 0.008467741935483872
height: 0.014249073810202337
Area: 3.7001627152299616e-05
CentroidX: 0.8348
CentroidY: 0.2456
