Location: Dedata_10.png_Otsu.png
Component: component_1755521621687_172.png
centerX: 0.42862903225806454
centerY: 0.09974351667141636
width: 0.028629032258064516
height: 0.01481903676261043
Area: 9.928386912915176e-05
CentroidX: 0.4423
CentroidY: 0.1093
