Location: Dedata_24.png_Otsu.png
Component: component_1755507995222_257.png
centerX: 0.7084677419354839
centerY: 0.1989170703904246
width: 0.007258064516129033
height: 0.004844685095468795
Area: 1.5857840208128408e-05
CentroidX: 0.7119
CentroidY: 0.2013
