Location: internet_15.png_Otsu.png
Component: component_1755087705363_769.png
centerX: 0.39298669891172916
centerY: 0.4593669803250642
width: 0.0354695687222894
height: 0.020530367835757058
Area: 0.00022147218202507864
CentroidX: 0.4067
CentroidY: 0.4713
