Location: Dedata_14.png_Otsu.png
Component: component_1755519998014_136.png
centerX: 0.6879032258064516
centerY: 0.2482188657737247
width: 0.031048387096774193
height: 0.0219435736677116
Area: 0.00011364785482492024
CentroidX: 0.7008
CentroidY: 0.2609
