Location: internet_20.png_Mean-Medain.png
Component: component_1755083652255_73.png
centerX: 0.4727932285368803
centerY: 0.08782435129740519
width: 0.022168480451430876
height: 0.016253207869974338
Area: 0.00019032586062975104
CentroidX: 0.4862
CentroidY: 0.0955
