Location: Kurtxevani_1764_page_10.png_Otsu.png
Component: component_1755610055871_882.png
centerX: 0.2608414239482201
centerY: 0.2960710944808232
width: 0.016828478964401296
height: 0.011225444340505144
Area: 0.00010353565168427076
CentroidX: 0.2684
CentroidY: 0.3007
