Location: Dedata_22.png_Otsu.png
Component: component_1755510404089_376.png
centerX: 0.1282258064516129
centerY: 0.3852949558278712
width: 0.02217741935483871
height: 0.010829296095753777
Area: 7.997867235403893e-05
CentroidX: 0.1395
CentroidY: 0.3889
