Location: Samociqulo_1709_page_10.png_Gaussian-Median.png
Component: component_1755610056133_1050.png
centerX: 0.7518427518427518
centerY: 0.2253125
width: 0.036855036855036855
height: 0.0184375
Area: 0.00032923832923832923
CentroidX: 0.7678
CentroidY: 0.2341
