Location: Dedata_17.png_Otsu.png
Component: component_1755512340220_360.png
centerX: 0.24596774193548387
centerY: 0.30151040182388145
width: 0.012096774193548387
height: 0.011399259048161869
Area: 4.481563537079767e-05
CentroidX: 0.2498
CentroidY: 0.3080
