Location: Dedata_8.png_Otsu.png
Component: component_1755522187516_314.png
centerX: 0.3064516129032258
centerY: 0.5659732117412368
width: 0.018951612903225806
height: 0.009974351667141636
Area: 8.848215188593387e-05
CentroidX: 0.3170
CentroidY: 0.5699
