Location: Samociqulo_1709_page_10.png_Gaussian-Median.png
Component: component_1755610056277_2910.png
centerX: 0.9366093366093367
centerY: 0.720625
width: 0.010810810810810811
height: 0.0046875
Area: 2.5184275184275186e-05
CentroidX: 0.9426
CentroidY: 0.7228
