Location: Dedata_30.png_Gaussian-Median.png
Component: component_1755503806824_69.png
centerX: 0.9141129032258064
centerY: 0.14648047876888
width: 0.02620967741935484
height: 0.011684240524365916
Area: 0.00012398992452587355
CentroidX: 0.9266
CentroidY: 0.1517
