Location: internet_26.png_Otsu.png
Component: component_1755080009742_494.png
centerX: 0.31116485288190243
centerY: 0.3478756772169946
width: 0.006045949214026602
height: 0.037639007698887936
Area: 8.114133913321511e-05
CentroidX: 0.3138
CentroidY: 0.3674
