Location: Kurtxevani_1764_page_10.png_Otsu.png
Component: component_1755610055977_1653.png
centerX: 0.7902912621359224
centerY: 0.6894293732460243
width: 0.009708737864077669
height: 0.011693171188026192
Area: 7.356480514408712e-05
CentroidX: 0.7948
CentroidY: 0.6945
