Location: Paraklitoni_1720_page_10.png_Mean-Medain.png
Component: component_1755610055318_1133.png
centerX: 0.8932926829268293
centerY: 0.4070175438596491
width: 0.03277439024390244
height: 0.009022556390977444
Area: 0.00020248792713491046
CentroidX: 0.9104
CentroidY: 0.4109
