Location: Dedata_31.png_Gaussian-Closing.png
Component: component_1755503061950_178.png
centerX: 0.1975806451612903
centerY: 0.30265032772869765
width: 0.017338709677419354
height: 0.02080364776289541
Area: 0.00012927587126191636
CentroidX: 0.2050
CentroidY: 0.3143
