Location: Kurtxevani_1784_page_10.png_Gaussian-Closing.png
Component: component_1755610055778_644.png
centerX: 0.4703982777179763
centerY: 0.8836653386454183
width: 0.03982777179763186
height: 0.02390438247011952
Area: 0.0005643732926206905
CentroidX: 0.4914
CentroidY: 0.8942
