Location: internet_15.png_Otsu.png
Component: component_1755087705394_946.png
centerX: 0.8831116485288191
centerY: 0.6852010265183918
width: 0.00886739218057235
height: 0.017964071856287425
Area: 5.884471053286989e-05
CentroidX: 0.8860
CentroidY: 0.6939
