Location: Kurtxevani_1764_page_10.png_Otsu.png
Component: component_1755610055893_1034.png
centerX: 0.4815533980582524
centerY: 0.3807296538821328
width: 0.0284789644012945
height: 0.018709073900841908
Area: 0.00027639780698169355
CentroidX: 0.4938
CentroidY: 0.3908
