Location: Kurtxevani_1794_page_10.png_Mean-Medain.png
Component: component_1755610054578_1.png
centerX: 0.0
centerY: 0.0
width: 0.012857977790765635
height: 0.00881445570736007
Area: 4.94557421336392e-05
CentroidX: 0.0056
CentroidY: 0.0038
