Location: Paraklitoni_1720_page_10.png_Mean-Medain.png
Component: component_1755610055367_1642.png
centerX: 0.5487804878048781
centerY: 0.5939849624060151
width: 0.025152439024390245
height: 0.014035087719298246
Area: 0.00019293660981722598
CentroidX: 0.5611
CentroidY: 0.5996
