Location: Paraklitoni_1720_page_10.png_Mean-Medain.png
Component: component_1755610055317_1129.png
centerX: 0.4557926829268293
centerY: 0.40651629072681705
width: 0.026676829268292682
height: 0.013533834586466165
Area: 0.00020745461214010635
CentroidX: 0.4682
CentroidY: 0.4119
