Location: Kurtxevani_1764_page_10.png_Otsu.png
Component: component_1755610055879_952.png
centerX: 0.3598705501618123
centerY: 0.3274087932647334
width: 0.011003236245954692
height: 0.009354536950420954
Area: 6.266631549311125e-05
CentroidX: 0.3657
CentroidY: 0.3311
