Location: Samociqulo_1709_page_10.png_Gaussian-Median.png
Component: component_1755610056315_3498.png
centerX: 0.6997542997542997
centerY: 0.86125
width: 0.011793611793611793
height: 0.0078125
Area: 5.067567567567567e-05
CentroidX: 0.7056
CentroidY: 0.8643
