Location: internet_17.png_Gaussian-Median.png
Component: component_1755086411218_59.png
centerX: 0.9379282547359935
centerY: 0.14228685486170517
width: 0.03909713825070536
height: 0.029940119760479042
Area: 0.00035145922814358615
CentroidX: 0.9603
CentroidY: 0.1550
