Location: Paraklitoni_1720_page_10.png_Mean-Medain.png
Component: component_1755610055691_2606.png
centerX: 0.49771341463414637
centerY: 0.9483709273182958
width: 0.03125
height: 0.02155388471177945
Area: 0.00019370071520264076
CentroidX: 0.5116
CentroidY: 0.9590
