Location: Samociqulo_1709_page_10.png_Gaussian-Median.png
Component: component_1755610056259_2635.png
centerX: 0.17493857493857493
centerY: 0.6409375
width: 0.03292383292383293
height: 0.0096875
Area: 0.0001815110565110565
CentroidX: 0.1925
CentroidY: 0.6451
