Location: internet_30.png_Mean-Closing.png
Component: component_1755078353315_46.png
centerX: 0.9371221281741233
centerY: 0.09837467921300257
width: 0.02015316404675534
height: 0.019674935842600515
Area: 0.00016159309181487316
CentroidX: 0.9493
CentroidY: 0.1104
