Location: Paraklitoni_1720_page_10.png_Mean-Medain.png
Component: component_1755610055292_851.png
centerX: 0.17530487804878048
centerY: 0.3162907268170426
width: 0.03048780487804878
height: 0.014035087719298246
Area: 0.00015625955131731768
CentroidX: 0.1916
CentroidY: 0.3230
