Location: internet_7.png_Otsu.png
Component: component_1755093286026_112.png
centerX: 0.8399838774687626
centerY: 0.09780439121756487
width: 0.006045949214026602
height: 0.006843455945252352
Area: 1.677993698788868e-05
CentroidX: 0.8427
CentroidY: 0.1004
