Location: Dedata_13.png_Otsu.png
Component: component_1755520268420_24.png
centerX: 0.4705645161290323
centerY: 0.058991165574237676
width: 0.014919354838709677
height: 0.029068110572812767
Area: 0.0001351363774257899
CentroidX: 0.4774
CentroidY: 0.0711
