Location: internet_21.png_Otsu.png
Component: component_1755082376986_2198.png
centerX: 0.014510278113663845
centerY: 0.6301682349586541
width: 0.01652559451833938
height: 0.018819503849443968
Area: 9.527786139013503e-05
CentroidX: 0.0210
CentroidY: 0.6427
