Location: internet_18.png_Otsu.png
Component: component_1755084392642_750.png
centerX: 0.23377670294236194
centerY: 0.6578272027373824
width: 0.02015316404675534
height: 0.015112631879098944
Area: 0.00012826307998961483
CentroidX: 0.2464
CentroidY: 0.6636
