Location: Paraklitoni_1720_page_10.png_Mean-Medain.png
Component: component_1755610055525_2090.png
centerX: 0.6745426829268293
centerY: 0.7604010025062656
width: 0.026676829268292682
height: 0.009022556390977444
Area: 0.00015205697169753653
CentroidX: 0.6872
CentroidY: 0.7642
