Location: Dedata_1.png_Otsu.png
Component: component_1755524255273_636.png
centerX: 0.38911290322580644
centerY: 0.8121972071815332
width: 0.02661290322580645
height: 0.021373610715303505
Area: 8.733303303027239e-05
CentroidX: 0.4008
CentroidY: 0.8279
