Location: internet_30.png_Gaussian-Median.png
Component: component_1755078353944_322.png
centerX: 0.19750100765820233
centerY: 0.5999429712004563
width: 0.018137847642079808
height: 0.01568291987453664
Area: 0.00011860886966781586
CentroidX: 0.2083
CentroidY: 0.6087
