Location: Kurtxevani_1764_page_10.png_Otsu.png
Component: component_1755610055868_837.png
centerX: 0.6472491909385113
centerY: 0.27502338634237605
width: 0.012297734627831715
height: 0.009354536950420954
Area: 4.2988486956627035e-05
CentroidX: 0.6521
CentroidY: 0.2809
