Location: Dedata_1.png_Otsu.png
Component: component_1755524255287_831.png
centerX: 0.24919354838709679
centerY: 0.92675976061556
width: 0.015725806451612902
height: 0.019948703334283273
Area: 6.23971538624183e-05
CentroidX: 0.2559
CentroidY: 0.9395
