Location: Samociqulo_1709_page_10.png_Gaussian-Median.png
Component: component_1755610056205_1941.png
centerX: 0.45847665847665847
centerY: 0.439375
width: 0.009336609336609337
height: 0.0065625
Area: 3.9004914004914006e-05
CentroidX: 0.4637
CentroidY: 0.4423
