Location: internet_21.png_Gaussian-Median.png
Component: component_1755082377323_119.png
centerX: 0.10197501007658202
centerY: 0.24294268605645852
width: 0.012898024989923419
height: 0.03877958368976333
Area: 0.00021664507686417918
CentroidX: 0.1067
CentroidY: 0.2626
