Location: Dedata_10.png_Otsu.png
Component: component_1755521621692_233.png
centerX: 0.7588709677419355
centerY: 0.12026218295810773
width: 0.018951612903225806
height: 0.012824166429182103
Area: 5.826032598203697e-05
CentroidX: 0.7688
CentroidY: 0.1289
