Location: internet_20.png_Otsu.png
Component: component_1755083652556_1304.png
centerX: 0.932285368802902
centerY: 0.7137154262902766
width: 0.02781136638452237
height: 0.016823495865412035
Area: 0.00017331606149134334
CentroidX: 0.9478
CentroidY: 0.7218
