Location: internet_21.png_Otsu.png
Component: component_1755082376952_1752.png
centerX: 0.17613865376864168
centerY: 0.5377815796977473
width: 0.01007658202337767
height: 0.05218135158254919
Area: 0.00013757249708563527
CentroidX: 0.1791
CentroidY: 0.5661
