Location: Kurtxevani_1764_page_10.png_Otsu.png
Component: component_1755610055992_1797.png
centerX: 0.5003236245954693
centerY: 0.7535079513564079
width: 0.011650485436893204
height: 0.01028999064546305
Area: 8.052772908776614e-05
CentroidX: 0.5065
CentroidY: 0.7579
