Location: internet_25.png_Gaussian-Median.png
Component: component_1755080850885_271.png
centerX: 0.24586860137041516
centerY: 0.5859709153122327
width: 0.02539298669891173
height: 0.020245223838038208
Area: 0.0001879123080493013
CentroidX: 0.2609
CentroidY: 0.5940
