Location: Kurtxevani_1784_page_10.png_Gaussian-Closing.png
Component: component_1755610055730_236.png
centerX: 0.04628632938643703
centerY: 0.32749003984063746
width: 0.031216361679224973
height: 0.030278884462151396
Area: 0.0005343534366302283
CentroidX: 0.0605
CentroidY: 0.3444
