Location: Samociqulo_1709_page_10.png_Gaussian-Median.png
Component: component_1755610056252_2485.png
centerX: 0.24373464373464374
centerY: 0.6046875
width: 0.014742014742014743
height: 0.005
Area: 3.685503685503686e-05
CentroidX: 0.2494
CentroidY: 0.6071
