Location: internet_18.png_Otsu.png
Component: component_1755084392595_134.png
centerX: 0.4772269246271665
centerY: 0.12118619903051041
width: 0.02015316404675534
height: 0.011690903906472769
Area: 5.9764159134945976e-05
CentroidX: 0.4901
CentroidY: 0.1251
