Location: internet_23.png_Mean-Closing.png
Component: component_1755081841465_62.png
centerX: 0.4022571543732366
centerY: 0.35700028514399773
width: 0.0068520757758968156
height: 0.012546335899629312
Area: 2.8387975589099338e-05
CentroidX: 0.4050
CentroidY: 0.3634
