Location: Samociqulo_1709_page_10.png_Gaussian-Median.png
Component: component_1755610056234_2259.png
centerX: 0.4201474201474201
centerY: 0.538125
width: 0.030466830466830467
height: 0.014375
Area: 0.0002337223587223587
CentroidX: 0.4348
CentroidY: 0.5453
