Location: Dedata_17.png_Otsu.png
Component: component_1755512340200_195.png
centerX: 0.4717741935483871
centerY: 0.1761185522941009
width: 0.0064516129032258064
height: 0.012539184952978056
Area: 5.308929113156032e-05
CentroidX: 0.4749
CentroidY: 0.1826
