Location: Kurtxevani_1764_page_10.png_Otsu.png
Component: component_1755610055852_736.png
centerX: 0.20258899676375405
centerY: 0.2333956969130028
width: 0.042071197411003236
height: 0.014967259120673527
Area: 0.000319991765585597
CentroidX: 0.2232
CentroidY: 0.2398
