Location: Dedata_24.png_Otsu.png
Component: component_1755507995210_88.png
centerX: 0.680241935483871
centerY: 0.13337133086349387
width: 0.0068548387096774195
height: 0.008264462809917356
Area: 1.8041166033885217e-05
CentroidX: 0.6833
CentroidY: 0.1377
