Location: internet_21.png_Gaussian-Median.png
Component: component_1755082377382_376.png
centerX: 0.22047561467150342
centerY: 0.6683775306529798
width: 0.010882708585247884
height: 0.043341887653264896
Area: 0.00018388972041521838
CentroidX: 0.2248
CentroidY: 0.6899
