Location: Kurtxevani_1794_page_10.png_Mean-Medain.png
Component: component_1755610054820_888.png
centerX: 0.8573933372296902
centerY: 0.23402379903040987
width: 0.07071887784921099
height: 0.02996914940502424
Area: 0.0011748314576642104
CentroidX: 0.8906
CentroidY: 0.2479
