Location: Paraklitoni_1720_page_10.png_Mean-Medain.png
Component: component_1755610055545_2179.png
centerX: 0.8429878048780488
centerY: 0.7979949874686717
width: 0.01676829268292683
height: 0.011528822055137845
Area: 9.513112048413717e-05
CentroidX: 0.8521
CentroidY: 0.8041
