Location: internet_20.png_Otsu.png
Component: component_1755083652382_76.png
centerX: 0.9488109633212415
centerY: 0.08468776732249786
width: 0.019347037484885126
height: 0.017678927858568578
Area: 0.0001528583300951503
CentroidX: 0.9599
CentroidY: 0.0935
