Location: internet_17.png_Otsu.png
Component: component_1755086411083_497.png
centerX: 0.32930270052398225
centerY: 0.31822070145423437
width: 0.007658202337767029
height: 0.014827487881380098
Area: 4.5742567953285574e-05
CentroidX: 0.3330
CentroidY: 0.3239
