Location: internet_17.png_Gaussian-Closing.png
Component: component_1755086410996_325.png
centerX: 0.38653768641676745
centerY: 0.8956372968349017
width: 0.026199113260781944
height: 0.01710863986313088
Area: 0.0002038877275103734
CentroidX: 0.3979
CentroidY: 0.9038
