Location: Dedata_8.png_Otsu.png
Component: component_1755522187484_241.png
centerX: 0.9475806451612904
centerY: 0.42177258478198915
width: 0.022983870967741935
height: 0.011399259048161869
Area: 0.00012628816223719653
CentroidX: 0.9604
CentroidY: 0.4261
