Location: internet_30.png_Gaussian-Median.png
Component: component_1755078353925_255.png
centerX: 0.019347037484885126
centerY: 0.44967208440262335
width: 0.026602176541717048
height: 0.021670943826632448
Area: 0.00017331606149134334
CentroidX: 0.0355
CentroidY: 0.4622
