Location: Dedata_24.png_Otsu.png
Component: component_1755507995230_332.png
centerX: 0.12983870967741937
centerY: 0.22656027358221714
width: 0.007661290322580645
height: 0.005984611000284981
Area: 2.5050791053420236e-05
CentroidX: 0.1332
CentroidY: 0.2293
