Location: Dedata_18.png_Otsu.png
Component: component_1755511906264_153.png
centerX: 0.4737903225806452
centerY: 0.09746366486178398
width: 0.012096774193548387
height: 0.01054431461954973
Area: 3.0106914018330745e-05
CentroidX: 0.4807
CentroidY: 0.1048
