Location: Kurtxevani_1794_page_10.png_Mean-Medain.png
Component: component_1755610055129_3327.png
centerX: 0.20689655172413793
centerY: 0.9836932569413839
width: 0.011104617182933957
height: 0.015425297487880123
Area: 4.7395086211404236e-05
CentroidX: 0.2115
CentroidY: 0.9911
