Location: Kurtxevani_1784_page_10.png_Gaussian-Closing.png
Component: component_1755610055757_471.png
centerX: 0.6275565123789021
centerY: 0.6358565737051792
width: 0.10333692142088267
height: 0.027888446215139442
Area: 0.0010918650478816702
CentroidX: 0.6777
CentroidY: 0.6488
