Location: internet_30.png_Gaussian-Median.png
Component: component_1755078353856_28.png
centerX: 0.3143893591293833
centerY: 0.01311662389506701
width: 0.021362353889560662
height: 0.0213857998289136
Area: 0.00016756950772836777
CentroidX: 0.3278
CentroidY: 0.0256
