Location: Dedata_13.png_Otsu.png
Component: component_1755520268423_34.png
centerX: 0.33991935483870966
centerY: 0.06440581362211456
width: 0.007258064516129033
height: 0.01054431461954973
Area: 3.332444681418288e-05
CentroidX: 0.3422
CentroidY: 0.0701
