Location: Paraklitoni_1720_page_10.png_Mean-Medain.png
Component: component_1755610055169_150.png
centerX: 0.4657012195121951
centerY: 0.06867167919799498
width: 0.010670731707317074
height: 0.014536340852130326
Area: 0.00010353627972369949
CentroidX: 0.4698
CentroidY: 0.0763
