Location: Paraklitoni_1720_page_10.png_Mean-Medain.png
Component: component_1755610055305_993.png
centerX: 0.31021341463414637
centerY: 0.36040100250626567
width: 0.021341463414634148
height: 0.013032581453634085
Area: 0.00014097744360902256
CentroidX: 0.3190
CentroidY: 0.3672
