Location: Kurtxevani_1794_page_10.png_Mean-Medain.png
Component: component_1755610054916_1336.png
centerX: 0.7831677381648159
centerY: 0.38210665491405904
width: 0.032144944476914086
height: 0.017188188629352136
Area: 0.00026840043387110443
CentroidX: 0.7999
CentroidY: 0.3900
