Location: internet_21.png_Gaussian-Median.png
Component: component_1755082377297_29.png
centerX: 0.875453446191052
centerY: 0.04790419161676647
width: 0.01652559451833938
height: 0.020530367835757058
Area: 0.00012320611267819634
CentroidX: 0.8816
CentroidY: 0.0609
