Location: Samociqulo_1709_page_10.png_Gaussian-Median.png
Component: component_1755610056143_1227.png
centerX: 0.7316953316953317
centerY: 0.2775
width: 0.04668304668304668
height: 0.0234375
Area: 0.00039404176904176905
CentroidX: 0.7532
CentroidY: 0.2888
