Location: internet_26.png_Gaussian-Median.png
Component: component_1755080010530_203.png
centerX: 0.07577589681580008
centerY: 0.42201311662389507
width: 0.020959290608625555
height: 0.01140575990875392
Area: 9.424348171279942e-05
CentroidX: 0.0883
CentroidY: 0.4257
