Location: Kurtxevani_1794_page_10.png_Mean-Medain.png
Component: component_1755610055031_1892.png
centerX: 0.9637638807714787
centerY: 0.5724988981930366
width: 0.03623611922852133
height: 0.035698545614808286
Area: 0.000846672002048292
CentroidX: 0.9845
CentroidY: 0.5903
