Location: Samociqulo_1709_page_10.png_Gaussian-Median.png
Component: component_1755610056078_177.png
centerX: 0.8869778869778869
centerY: 0.0096875
width: 0.009828009828009828
height: 0.033125
Area: 5.942874692874693e-05
CentroidX: 0.8925
CentroidY: 0.0258
