Location: internet_17.png_Gaussian-Closing.png
Component: component_1755086410996_324.png
centerX: 0.4131398629584845
centerY: 0.8936412888508697
width: 0.00886739218057235
height: 0.028229255774165955
Area: 0.0001571107798797522
CentroidX: 0.4176
CentroidY: 0.9079
