Location: internet_21.png_Gaussian-Closing.png
Component: component_1755082377514_102.png
centerX: 0.10197501007658202
centerY: 0.24294268605645852
width: 0.012494961708988311
height: 0.03877958368976333
Area: 0.00020940441912282995
CentroidX: 0.1067
CentroidY: 0.2626
