Location: Dedata_17.png_Otsu.png
Component: component_1755512340219_352.png
centerX: 0.36008064516129035
centerY: 0.2958107722998005
width: 0.008064516129032258
height: 0.012539184952978056
Area: 2.987709024719845e-05
CentroidX: 0.3646
CentroidY: 0.3010
