Location: Dedata_30.png_Otsu.png
Component: component_1755503806521_43.png
centerX: 0.25
centerY: 0.09546879452835566
width: 0.021774193548387097
height: 0.016243944143630663
Area: 0.00013789426267937744
CentroidX: 0.2635
CentroidY: 0.1013
