Location: Dedata_27.png_Gaussian-Closing.png
Component: component_1755505442965_180.png
centerX: 0.9145161290322581
centerY: 0.5027073240239385
width: 0.04395161290322581
height: 0.023083499572527786
Area: 0.000542384099872218
CentroidX: 0.9352
CentroidY: 0.5142
