Location: Dedata_1.png_Otsu.png
Component: component_1755524255270_593.png
centerX: 0.1717741935483871
centerY: 0.799088059276147
width: 0.016129032258064516
height: 0.017098888572242805
Area: 0.00010388034455179768
CentroidX: 0.1812
CentroidY: 0.8059
