Location: Dedata_22.png_Otsu.png
Component: component_1755510404092_466.png
centerX: 0.8028225806451613
centerY: 0.4018238814477059
width: 0.0064516129032258064
height: 0.008549444286121402
Area: 2.1833258257568098e-05
CentroidX: 0.8058
CentroidY: 0.4065
