Location: Kurtxevani_1764_page_10.png_Otsu.png
Component: component_1755610055999_1862.png
centerX: 0.626537216828479
centerY: 0.784845650140318
width: 0.010355987055016181
height: 0.00841908325537886
Area: 5.8730749785814404e-05
CentroidX: 0.6322
CentroidY: 0.7886
