Location: Dedata_31.png_Gaussian-Closing.png
Component: component_1755503061930_94.png
centerX: 0.05846774193548387
centerY: 0.13479623824451412
width: 0.013709677419354839
height: 0.01738387004844685
Area: 0.00010629349414868679
CentroidX: 0.0634
CentroidY: 0.1449
