Location: Kurtxevani_1764_page_10.png_Otsu.png
Component: component_1755610055866_812.png
centerX: 0.6763754045307443
centerY: 0.2661365762394761
width: 0.021359223300970873
height: 0.009822263797942002
Area: 0.00015772536411551188
CentroidX: 0.6865
CentroidY: 0.2709
