Location: Dedata_10.png_Otsu.png
Component: component_1755521621707_431.png
centerX: 0.2818548387096774
centerY: 0.1846679965802223
width: 0.008467741935483872
height: 0.013679110857794243
Area: 3.4243741898712065e-05
CentroidX: 0.2849
CentroidY: 0.1921
