Location: Kurtxevani_1784_page_10.png_Gaussian-Closing.png
Component: component_1755610055773_606.png
centerX: 0.5844994617868676
centerY: 0.8398406374501992
width: 0.03336921420882669
height: 0.028685258964143426
Area: 0.00045801723139733854
CentroidX: 0.5999
CentroidY: 0.8551
