Location: internet_17.png_Otsu.png
Component: component_1755086411132_1697.png
centerX: 0.8291011688835147
centerY: 0.8819503849443969
width: 0.02902055622732769
height: 0.019674935842600515
Area: 0.00022537983858390205
CentroidX: 0.8422
CentroidY: 0.8918
