Location: internet_17.png_Gaussian-Closing.png
Component: component_1755086410980_247.png
centerX: 0.32245062474808545
centerY: 0.6849158825206729
width: 0.024586860137041516
height: 0.01853435985172512
Area: 0.00017285633719030529
CentroidX: 0.3319
CentroidY: 0.6944
