Location: internet_27.png_Otsu.png
Component: component_1755079634739_129.png
centerX: 0.6654574768238614
centerY: 0.08326204733390362
width: 0.01128577186618299
height: 0.0071285999429712005
Area: 2.2411559675604743e-05
CentroidX: 0.6697
CentroidY: 0.0870
