Location: Dedata_30.png_Otsu.png
Component: component_1755503806534_66.png
centerX: 0.7044354838709678
centerY: 0.1439156454830436
width: 0.027016129032258064
height: 0.022513536620119692
Area: 0.00015926787339468095
CentroidX: 0.7166
CentroidY: 0.1546
