Location: internet_21.png_Mean-Medain.png
Component: component_1755082376458_327.png
centerX: 0.5759774284562676
centerY: 0.7733105218135158
width: 0.01894397420395002
height: 0.018819503849443968
Area: 0.00014711177633217471
CentroidX: 0.5837
CentroidY: 0.7849
