Location: Dedata_13.png_Otsu.png
Component: component_1755520268568_257.png
centerX: 0.25161290322580643
centerY: 0.3730407523510972
width: 0.010080645161290322
height: 0.011969222000569962
Area: 3.389900624201362e-05
CentroidX: 0.2550
CentroidY: 0.3790
