Location: Dedata_31.png_Otsu.png
Component: component_1755503061485_16.png
centerX: 0.8040322580645162
centerY: 0.005414648047876888
width: 0.020967741935483872
height: 0.01738387004844685
Area: 0.0001216916868145506
CentroidX: 0.8114
CentroidY: 0.0161
