Location: Kurtxevani_1764_page_10.png_Otsu.png
Component: component_1755610055875_913.png
centerX: 0.9035598705501618
centerY: 0.31337698783910195
width: 0.016828478964401296
height: 0.025257249766136577
Area: 0.00020495215260307397
CentroidX: 0.9119
CentroidY: 0.3253
