Location: Samociqulo_1709_page_10.png_Gaussian-Median.png
Component: component_1755610056223_2092.png
centerX: 0.31646191646191646
centerY: 0.48875
width: 0.01425061425061425
height: 0.0071875
Area: 6.0503685503685507e-05
CentroidX: 0.3239
CentroidY: 0.4920
