Location: internet_21.png_Otsu.png
Component: component_1755082376982_2130.png
centerX: 0.08424022571543732
centerY: 0.6161961790704306
width: 0.01128577186618299
height: 0.046193327630453376
Area: 0.0001769938558996477
CentroidX: 0.0889
CentroidY: 0.6395
