Location: internet_11.png_Mean-Closing.png
Component: component_1755091163768_22.png
centerX: 0.7976622329705764
centerY: 0.05902480752780154
width: 0.039500201531640466
height: 0.02623324779013402
Area: 0.000494318554691159
CentroidX: 0.8209
CentroidY: 0.0709
