Location: internet_17.png_Otsu.png
Component: component_1755086411128_1626.png
centerX: 0.8827085852478839
centerY: 0.8112346735101226
width: 0.026602176541717048
height: 0.019674935842600515
Area: 0.0002149211107352865
CentroidX: 0.8947
CentroidY: 0.8205
