Location: Samociqulo_1709_page_10.png_Gaussian-Median.png
Component: component_1755610056093_557.png
centerX: 0.5316953316953317
centerY: 0.0846875
width: 0.03292383292383293
height: 0.01875
Area: 0.0002523034398034398
CentroidX: 0.5468
CentroidY: 0.0936
