Location: internet_8.png_Otsu.png
Component: component_1755092787109_479.png
centerX: 0.010882708585247884
centerY: 0.3413173652694611
width: 0.05965336557839581
height: 0.02566295979469632
Area: 0.0007261345334895937
CentroidX: 0.0355
CentroidY: 0.3549
