Location: Dedata_30.png_Gaussian-Median.png
Component: component_1755503806829_91.png
centerX: 0.2568548387096774
centerY: 0.22513536620119692
width: 0.02258064516129032
height: 0.01396409233399829
Area: 0.00012904604749078408
CentroidX: 0.2698
CentroidY: 0.2305
