Location: Kurtxevani_1784_page_10.png_Gaussian-Closing.png
Component: component_1755610055747_382.png
centerX: 0.6813778256189451
centerY: 0.5083665338645418
width: 0.0527448869752422
height: 0.01195219123505976
Area: 0.00045801723139733854
CentroidX: 0.7081
CentroidY: 0.5137
