Location: Dedata_13.png_Otsu.png
Component: component_1755520268422_31.png
centerX: 0.35080645161290325
centerY: 0.06241094328868624
width: 0.014516129032258065
height: 0.01396409233399829
Area: 8.97461826271615e-05
CentroidX: 0.3572
CentroidY: 0.0690
