Location: internet_17.png_Otsu.png
Component: component_1755086411121_1387.png
centerX: 0.7952438532849657
centerY: 0.7556315939549473
width: 0.018137847642079808
height: 0.033932135728542916
Area: 8.918651440138092e-05
CentroidX: 0.8036
CentroidY: 0.7723
