Location: internet_23.png_Otsu.png
Component: component_1755081841788_427.png
centerX: 0.7629987908101572
centerY: 0.23239235814086112
width: 0.012898024989923419
height: 0.016823495865412035
Area: 5.183391494203968e-05
CentroidX: 0.7679
CentroidY: 0.2414
