Location: internet_15.png_Otsu.png
Component: component_1755087705331_469.png
centerX: 0.19145505844417574
centerY: 0.34702024522383806
width: 0.01652559451833938
height: 0.01996007984031936
Area: 8.252051203632925e-05
CentroidX: 0.1976
CentroidY: 0.3585
