Location: internet_30.png_Gaussian-Median.png
Component: component_1755078353950_351.png
centerX: 0.025796049979846837
centerY: 0.6583974907328201
width: 0.0237807335751713
height: 0.0213857998289136
Area: 0.00016055871213753757
CentroidX: 0.0398
CentroidY: 0.6703
