Location: Dedata_24.png_Otsu.png
Component: component_1755507995225_285.png
centerX: 0.19274193548387097
centerY: 0.20632658877172982
width: 0.02056451612903226
height: 0.00968937019093759
Area: 8.032340801073736e-05
CentroidX: 0.2040
CentroidY: 0.2122
