Location: Kurtxevani_1784_page_10.png_Gaussian-Closing.png
Component: component_1755610055737_296.png
centerX: 0.829924650161464
centerY: 0.399203187250996
width: 0.03982777179763186
height: 0.03187250996015936
Area: 0.0007179034132576261
CentroidX: 0.8500
CentroidY: 0.4133
