Location: internet_15.png_Gaussian-Closing.png
Component: component_1755087704797_224.png
centerX: 0.43369609028617495
centerY: 0.6578272027373824
width: 0.012494961708988311
height: 0.021100655831194755
Area: 0.00010918452149653591
CentroidX: 0.4381
CentroidY: 0.6685
