Location: Paraklitoni_1720_page_10.png_Mean-Medain.png
Component: component_1755610055308_1016.png
centerX: 0.46189024390243905
centerY: 0.3649122807017544
width: 0.019817073170731708
height: 0.014035087719298246
Area: 0.00013219023167675286
CentroidX: 0.4713
CentroidY: 0.3704
