Location: Dedata_1.png_Otsu.png
Component: component_1755524255281_760.png
centerX: 0.5830645161290322
centerY: 0.8803077799943003
width: 0.014112903225806451
height: 0.007694499857509262
Area: 3.7576186580130354e-05
CentroidX: 0.5917
CentroidY: 0.8852
