Location: Samociqulo_1709_page_10.png_Gaussian-Median.png
Component: component_1755610056250_2451.png
centerX: 0.6609336609336609
centerY: 0.5903125
width: 0.0918918918918919
height: 0.016875
Area: 0.0005506756756756757
CentroidX: 0.7057
CentroidY: 0.5986
