Location: internet_22.png_Mean-Medain.png
Component: component_1755082123740_11.png
centerX: 0.0475614671503426
centerY: 0.015397775876817793
width: 0.024989923417976623
height: 0.035357855717137156
Area: 0.0003129573179316498
CentroidX: 0.0613
CentroidY: 0.0307
