Location: Paraklitoni_1720_page_10.png_Mean-Medain.png
Component: component_1755610055242_395.png
centerX: 0.3780487804878049
centerY: 0.15338345864661654
width: 0.021341463414634148
height: 0.014035087719298246
Area: 0.00012569533590072742
CentroidX: 0.3870
CentroidY: 0.1612
