Location: internet_8.png_Otsu.png
Component: component_1755092787079_281.png
centerX: 0.25110842402257155
centerY: 0.1354433989164528
width: 0.04796453043127771
height: 0.01996007984031936
Area: 0.0003499651241652125
CentroidX: 0.2754
CentroidY: 0.1460
