Location: Dedata_10.png_Otsu.png
Component: component_1755521621684_162.png
centerX: 0.8580645161290322
centerY: 0.09489883157594756
width: 0.014516129032258065
height: 0.016813907096038756
Area: 6.779801248402724e-05
CentroidX: 0.8673
CentroidY: 0.1046
