Location: Kurtxevani_1764_page_10.png_Otsu.png
Component: component_1755610056014_2074.png
centerX: 0.8440129449838187
centerY: 0.8657623947614593
width: 0.01488673139158576
height: 0.01824134705332086
Area: 0.00020434668095579755
CentroidX: 0.8510
CentroidY: 0.8745
