Location: Kurtxevani_1794_page_10.png_Mean-Medain.png
Component: component_1755610054585_403.png
centerX: 0.8077147866744594
centerY: 0.06787130894667254
width: 0.013442431326709527
height: 0.007051564565888057
Area: 7.186537528794447e-05
CentroidX: 0.8141
CentroidY: 0.0711
