Location: internet_15.png_Otsu.png
Component: component_1755087705376_831.png
centerX: 0.3422007255139057
centerY: 0.547761619617907
width: 0.010479645304312777
height: 0.019104647847162818
Area: 8.079654590743658e-05
CentroidX: 0.3458
CentroidY: 0.5575
