Location: internet_26.png_Otsu.png
Component: component_1755080009747_657.png
centerX: 0.52801289802499
centerY: 0.40290846877673225
width: 0.019347037484885126
height: 0.01283147989734816
Area: 7.79232690259488e-05
CentroidX: 0.5405
CentroidY: 0.4068
