Location: Dedata_21.png_Otsu.png
Component: component_1755511065880_97.png
centerX: 0.41693548387096774
centerY: 0.06725562838415503
width: 0.03306451612903226
height: 0.01652892561983471
Area: 0.00023556936541060315
CentroidX: 0.4334
CentroidY: 0.0744
