Location: internet_21.png_Otsu.png
Component: component_1755082376896_1279.png
centerX: 0.40991535671100365
centerY: 0.44796122041631026
width: 0.0068520757758968156
height: 0.020245223838038208
Area: 4.171998031920267e-05
CentroidX: 0.4127
CentroidY: 0.4563
