Location: internet_21.png_Otsu.png
Component: component_1755082376598_320.png
centerX: 0.407496977025393
centerY: 0.1705161106358711
width: 0.017331721080209594
height: 0.01996007984031936
Area: 9.987510440051548e-05
CentroidX: 0.4137
CentroidY: 0.1841
