Location: Paraklitoni_1720_page_10.png_Mean-Medain.png
Component: component_1755610055338_1346.png
centerX: 0.21951219512195122
centerY: 0.4882205513784461
width: 0.026676829268292682
height: 0.009022556390977444
Area: 0.00012378507243719053
CentroidX: 0.2325
CentroidY: 0.4920
