Location: internet_2.png_Mean-Closing.png
Component: component_1755095281264_246.png
centerX: 0.9790407093913744
centerY: 0.6572569147419447
width: 0.020959290608625555
height: 0.014257199885942401
Area: 0.00013079156364532407
CentroidX: 0.9881
CentroidY: 0.6650
