Location: Paraklitoni_1720_page_10.png_Mean-Medain.png
Component: component_1755610055691_2572.png
centerX: 0.8605182926829268
centerY: 0.9363408521303258
width: 0.024390243902439025
height: 0.008020050125313283
Area: 9.054648817164864e-05
CentroidX: 0.8725
CentroidY: 0.9396
