Location: Paraklitoni_1720_page_10.png_Mean-Medain.png
Component: component_1755610055680_2371.png
centerX: 0.5274390243902439
centerY: 0.8641604010025062
width: 0.011432926829268292
height: 0.014035087719298246
Area: 0.00010773885934348066
CentroidX: 0.5326
CentroidY: 0.8710
