Location: Kurtxevani_1784_page_10.png_Gaussian-Closing.png
Component: component_1755610055777_633.png
centerX: 0.5844994617868676
centerY: 0.8741035856573706
width: 0.07965554359526372
height: 0.030278884462151396
Area: 0.001113307802160572
CentroidX: 0.6256
CentroidY: 0.8889
