Location: Samociqulo_1709_page_10.png_Gaussian-Median.png
Component: component_1755610056252_2465.png
centerX: 0.5965601965601965
centerY: 0.5940625
width: 0.012285012285012284
height: 0.0078125
Area: 6.142506142506142e-05
CentroidX: 0.6026
CentroidY: 0.5975
