Location: Samociqulo_1709_page_10.png_Gaussian-Median.png
Component: component_1755610056084_311.png
centerX: 0.5896805896805897
centerY: 0.0403125
width: 0.051597051597051594
height: 0.034375
Area: 0.0006265356265356266
CentroidX: 0.6154
CentroidY: 0.0585
