Location: Kurtxevani_1784_page_10.png_Gaussian-Closing.png
Component: component_1755610055745_369.png
centerX: 0.4025834230355221
centerY: 0.501195219123506
width: 0.05489773950484392
height: 0.028685258964143426
Area: 0.000584958336728436
CentroidX: 0.4292
CentroidY: 0.5148
