Location: Kurtxevani_1784_page_10.png_Gaussian-Closing.png
Component: component_1755610055754_439.png
centerX: 0.147470398277718
centerY: 0.602390438247012
width: 0.03982777179763186
height: 0.020717131474103586
Area: 0.0004417207381453733
CentroidX: 0.1649
CentroidY: 0.6146
