Location: internet_21.png_Mean-Medain.png
Component: component_1755082376289_28.png
centerX: 0.875453446191052
centerY: 0.04790419161676647
width: 0.01652559451833938
height: 0.020530367835757058
Area: 0.0001299870461185075
CentroidX: 0.8817
CentroidY: 0.0612
