Location: internet_27.png_Otsu.png
Component: component_1755079634750_448.png
centerX: 0.8988311164852882
centerY: 0.1799258625605931
width: 0.01007658202337767
height: 0.016823495865412035
Area: 3.172097677162517e-05
CentroidX: 0.9053
CentroidY: 0.1865
