Location: Dedata_31.png_Gaussian-Closing.png
Component: component_1755503061920_61.png
centerX: 0.6584677419354839
centerY: 0.08150470219435736
width: 0.02056451612903226
height: 0.015958962667426618
Area: 0.00010077772364151169
CentroidX: 0.6661
CentroidY: 0.0913
