Location: Paraklitoni_1720_page_10.png_Mean-Medain.png
Component: component_1755610055354_1518.png
centerX: 0.23246951219512196
centerY: 0.5468671679197995
width: 0.019817073170731708
height: 0.012030075187969926
Area: 9.28388043278929e-05
CentroidX: 0.2444
CentroidY: 0.5515
