Location: Kurtxevani_1764_page_10.png_Otsu.png
Component: component_1755610055982_1703.png
centerX: 0.6666666666666666
centerY: 0.7165575304022451
width: 0.031067961165048542
height: 0.019176800748362956
Area: 0.00025308714856155074
CentroidX: 0.6819
CentroidY: 0.7269
