Location: internet_21.png_Otsu.png
Component: component_1755082377203_2891.png
centerX: 0.2253123740427247
centerY: 0.8731109210151127
width: 0.012494961708988311
height: 0.01710863986313088
Area: 5.2638432468856265e-05
CentroidX: 0.2303
CentroidY: 0.8829
