Location: Samociqulo_1709_page_10.png_Gaussian-Median.png
Component: component_1755610056220_2068.png
centerX: 0.6574938574938575
centerY: 0.485
width: 0.012776412776412777
height: 0.016875
Area: 9.351965601965602e-05
CentroidX: 0.6642
CentroidY: 0.4931
