Location: Dedata_22.png_Otsu.png
Component: component_1755510404061_125.png
centerX: 0.7625
centerY: 0.20376175548589343
width: 0.006048387096774193
height: 0.014249073810202337
Area: 3.355427058531518e-05
CentroidX: 0.7651
CentroidY: 0.2127
