Location: Dedata_31.png_Gaussian-Closing.png
Component: component_1755503061950_180.png
centerX: 0.15120967741935484
centerY: 0.304645198062126
width: 0.014919354838709677
height: 0.0176688515246509
Area: 9.365318673641052e-05
CentroidX: 0.1566
CentroidY: 0.3148
