Location: Kurtxevani_1784_page_10.png_Gaussian-Closing.png
Component: component_1755610055777_637.png
centerX: 0.5102260495156081
centerY: 0.8772908366533865
width: 0.04413347685683531
height: 0.027888446215139442
Area: 0.0005360688569725405
CentroidX: 0.5319
CentroidY: 0.8910
