Location: internet_15.png_Otsu.png
Component: component_1755087705405_1055.png
centerX: 0.3417976622329706
centerY: 0.7881380096948959
width: 0.014107214832728738
height: 0.017393783860849728
Area: 8.481913354151948e-05
CentroidX: 0.3470
CentroidY: 0.7974
