Location: internet_17.png_Gaussian-Median.png
Component: component_1755086411250_155.png
centerX: 0.8577186618299073
centerY: 0.3296264613629883
width: 0.007658202337767029
height: 0.026518391787852865
Area: 0.00010642617569030764
CentroidX: 0.8611
CentroidY: 0.3429
