Location: Dedata_24.png_Otsu.png
Component: component_1755507995213_116.png
centerX: 0.5689516129032258
centerY: 0.1427757195782274
width: 0.028225806451612902
height: 0.020518666286691366
Area: 7.434798996129768e-05
CentroidX: 0.5803
CentroidY: 0.1527
