Location: Kurtxevani_1764_page_10.png_Otsu.png
Component: component_1755610055927_1215.png
centerX: 0.23495145631067962
centerY: 0.4794200187090739
width: 0.040776699029126215
height: 0.014499532273152479
Area: 0.00031635893570193844
CentroidX: 0.2552
CentroidY: 0.4862
