Location: Paraklitoni_1720_page_10.png_Mean-Medain.png
Component: component_1755610055623_2219.png
centerX: 0.10518292682926829
centerY: 0.8195488721804511
width: 0.37271341463414637
height: 0.14486215538847116
Area: 0.012377361085640932
CentroidX: 0.2587
CentroidY: 0.9187
