Location: Dedata_31.png_Otsu.png
Component: component_1755503061516_175.png
centerX: 0.4907258064516129
centerY: 0.16671416357936733
width: 0.01975806451612903
height: 0.016243944143630663
Area: 7.07857215087471e-05
CentroidX: 0.4985
CentroidY: 0.1739
