Location: Samociqulo_1709_page_10.png_Gaussian-Median.png
Component: component_1755610056205_1938.png
centerX: 0.5238329238329238
centerY: 0.43875
width: 0.04963144963144963
height: 0.0103125
Area: 0.00026197788697788696
CentroidX: 0.5492
CentroidY: 0.4431
