Location: Samociqulo_1709_page_10.png_Gaussian-Median.png
Component: component_1755610056230_2200.png
centerX: 0.42113022113022114
centerY: 0.51875
width: 0.007371007371007371
height: 0.005625
Area: 2.748771498771499e-05
CentroidX: 0.4247
CentroidY: 0.5214
