Location: internet_30.png_Gaussian-Closing.png
Component: component_1755078354064_131.png
centerX: 0.19226118500604594
centerY: 0.23980610208155118
width: 0.019347037484885126
height: 0.014827487881380098
Area: 0.00010769041751816228
CentroidX: 0.2035
CentroidY: 0.2479
