Location: Dedata_13.png_Otsu.png
Component: component_1755520268597_430.png
centerX: 0.3056451612903226
centerY: 0.4773439726417783
width: 0.02217741935483871
height: 0.012824166429182103
Area: 0.00011318820728265565
CentroidX: 0.3148
CentroidY: 0.4841
