Location: Samociqulo_1709_page_10.png_Gaussian-Median.png
Component: component_1755610056089_413.png
centerX: 0.16904176904176904
centerY: 0.0571875
width: 0.03095823095823096
height: 0.0190625
Area: 0.00027242014742014743
CentroidX: 0.1838
CentroidY: 0.0647
