Location: internet_21.png_Mean-Medain.png
Component: component_1755082376307_105.png
centerX: 0.10157194679564692
centerY: 0.24294268605645852
width: 0.013301088270858524
height: 0.03877958368976333
Area: 0.00022859790869116835
CentroidX: 0.1067
CentroidY: 0.2627
