Location: Kurtxevani_1784_page_10.png_Gaussian-Closing.png
Component: component_1755610055705_19.png
centerX: 0.8783638320775027
centerY: 0.015139442231075698
width: 0.03336921420882669
height: 0.03187250996015936
Area: 0.00043571676694728086
CentroidX: 0.8954
CentroidY: 0.0276
