Location: Paraklitoni_1720_page_10.png_Mean-Medain.png
Component: component_1755610055386_1768.png
centerX: 0.3307926829268293
centerY: 0.6365914786967418
width: 0.013719512195121951
height: 0.011027568922305764
Area: 8.290543431750106e-05
CentroidX: 0.3384
CentroidY: 0.6408
