Location: Kurtxevani_1784_page_10.png_Gaussian-Closing.png
Component: component_1755610055744_359.png
centerX: 0.5565123789020452
centerY: 0.47649402390438245
width: 0.06781485468245425
height: 0.02151394422310757
Area: 0.0007041800505191291
CentroidX: 0.5948
CentroidY: 0.4837
