Location: Samociqulo_1709_page_10.png_Gaussian-Median.png
Component: component_1755610056080_252.png
centerX: 0.1366093366093366
centerY: 0.0284375
width: 0.016216216216216217
height: 0.009375
Area: 3.9004914004914006e-05
CentroidX: 0.1422
CentroidY: 0.0318
