Location: Dedata_31.png_Gaussian-Closing.png
Component: component_1755503061934_110.png
centerX: 0.4907258064516129
centerY: 0.1664291821031633
width: 0.01975806451612903
height: 0.018238814477058992
Area: 0.00010330578512396694
CentroidX: 0.4989
CentroidY: 0.1754
