Location: Paraklitoni_1720_page_10.png_Mean-Medain.png
Component: component_1755610055283_748.png
centerX: 0.3795731707317073
centerY: 0.27769423558897244
width: 0.020579268292682928
height: 0.013533834586466165
Area: 0.0001123234916559692
CentroidX: 0.3884
CentroidY: 0.2853
