Location: Kurtxevani_1764_page_10.png_Otsu.png
Component: component_1755610055926_1199.png
centerX: 0.7313915857605178
centerY: 0.4724041159962582
width: 0.03171521035598705
height: 0.02478952291861553
Area: 0.00029789205046000706
CentroidX: 0.7478
CentroidY: 0.4848
