Location: Kurtxevani_1784_page_10.png_Gaussian-Closing.png
Component: component_1755610055708_62.png
centerX: 0.8213132400430571
centerY: 0.05896414342629482
width: 0.05166846071044134
height: 0.015139442231075698
Area: 0.0006209821639169908
CentroidX: 0.8475
CentroidY: 0.0660
