Location: Samociqulo_1709_page_10.png_Gaussian-Median.png
Component: component_1755610056239_2340.png
centerX: 0.1955773955773956
centerY: 0.5578125
width: 0.03194103194103194
height: 0.0165625
Area: 0.00021621621621621621
CentroidX: 0.2100
CentroidY: 0.5660
