Location: Dedata_22.png_Otsu.png
Component: component_1755510404087_347.png
centerX: 0.6887096774193548
centerY: 0.3795953263037902
width: 0.00564516129032258
height: 0.011114277571957822
Area: 2.6314821794647864e-05
CentroidX: 0.6906
CentroidY: 0.3842
