Location: internet_15.png_Gaussian-Median.png
Component: component_1755087704681_333.png
centerX: 0.012091898428053204
centerY: 0.7225548902195609
width: 0.021362353889560662
height: 0.020815511833475905
Area: 0.00013354990945155235
CentroidX: 0.0192
CentroidY: 0.7356
