Location: internet_17.png_Gaussian-Closing.png
Component: component_1755086410932_25.png
centerX: 0.22853688029020555
centerY: 0.06244653550042772
width: 0.011688835147118097
height: 0.04077559167379527
Area: 0.0002497452265389185
CentroidX: 0.2336
CentroidY: 0.0830
