Location: Kurtxevani_1764_page_10.png_Otsu.png
Component: component_1755610055918_1140.png
centerX: 0.7048543689320388
centerY: 0.441066417212348
width: 0.04789644012944984
height: 0.02666043030869972
Area: 0.00045349826381005143
CentroidX: 0.7304
CentroidY: 0.4541
