Location: Kurtxevani_1784_page_10.png_Gaussian-Closing.png
Component: component_1755610055774_614.png
centerX: 0.620021528525296
centerY: 0.8414342629482072
width: 0.04843918191603875
height: 0.02151394422310757
Area: 0.0004734560144781477
CentroidX: 0.6433
CentroidY: 0.8534
