Location: internet_18.png_Gaussian-Median.png
Component: component_1755084392176_68.png
centerX: 0.9218057234985892
centerY: 0.14314228685486172
width: 0.020959290608625555
height: 0.014257199885942401
Area: 0.00012378076805449388
CentroidX: 0.9348
CentroidY: 0.1481
