Location: Paraklitoni_1720_page_10.png_Mean-Medain.png
Component: component_1755610055359_1569.png
centerX: 0.22713414634146342
centerY: 0.5659147869674186
width: 0.025914634146341462
height: 0.013533834586466165
Area: 0.0001910263463536891
CentroidX: 0.2409
CentroidY: 0.5736
