Location: Kurtxevani_1764_page_10.png_Otsu.png
Component: component_1755610055965_1529.png
centerX: 0.541747572815534
centerY: 0.6309635173058934
width: 0.019417475728155338
height: 0.009822263797942002
Area: 0.0001223052727498403
CentroidX: 0.5516
CentroidY: 0.6349
