Location: Kurtxevani_1794_page_10.png_Mean-Medain.png
Component: component_1755610054842_917.png
centerX: 0.8305084745762712
centerY: 0.2379903040987219
width: 0.026300409117475162
height: 0.02247686205376818
Area: 0.0003101287162963625
CentroidX: 0.8417
CentroidY: 0.2479
