Location: internet_19.png_Otsu.png
Component: component_1755084039318_730.png
centerX: 0.058444175735590485
centerY: 0.2774451097804391
width: 0.0237807335751713
height: 0.011120615911035072
Area: 7.884271762802489e-05
CentroidX: 0.0711
CentroidY: 0.2853
