Location: Paraklitoni_1720_page_10.png_Mean-Medain.png
Component: component_1755610055305_997.png
centerX: 0.38871951219512196
centerY: 0.3609022556390977
width: 0.022103658536585365
height: 0.013032581453634085
Area: 0.00014288770707255945
CentroidX: 0.3981
CentroidY: 0.3675
