Location: internet_21.png_Otsu.png
Component: component_1755082376949_1634.png
centerX: 0.4562676340185409
centerY: 0.51981750784146
width: 0.013704151551793631
height: 0.04875962360992301
Area: 0.0001340096337525904
CentroidX: 0.4616
CentroidY: 0.5434
