Location: Kurtxevani_1764_page_10.png_Otsu.png
Component: component_1755610055809_325.png
centerX: 0.5902912621359223
centerY: 0.09260991580916744
width: 0.05760517799352751
height: 0.029466791393826006
Area: 0.0005709597633816802
CentroidX: 0.6218
CentroidY: 0.1068
