Location: Paraklitoni_1720_page_10.png_Mean-Medain.png
Component: component_1755610055250_454.png
centerX: 0.14786585365853658
centerY: 0.17443609022556392
width: 0.028963414634146343
height: 0.010025062656641603
Area: 0.00014288770707255945
CentroidX: 0.1616
CentroidY: 0.1793
