Location: internet_21.png_Otsu.png
Component: component_1755082377000_2307.png
centerX: 0.20395002015316405
centerY: 0.6820644425434844
width: 0.015719467956469165
height: 0.017393783860849728
Area: 8.079654590743658e-05
CentroidX: 0.2088
CentroidY: 0.6926
