Location: internet_9.png_Gaussian-Median.png
Component: component_1755092071713_292.png
centerX: 0.7952438532849657
centerY: 0.5717137154262902
width: 0.026199113260781944
height: 0.025377815796977475
Area: 0.0004707576842629591
CentroidX: 0.8088
CentroidY: 0.5837
