Location: Kurtxevani_1784_page_10.png_Gaussian-Closing.png
Component: component_1755610055740_329.png
centerX: 0.04413347685683531
centerY: 0.4438247011952191
width: 0.024757804090419805
height: 0.01195219123505976
Area: 0.00024358968860832236
CentroidX: 0.0554
CentroidY: 0.4492
