Location: Dedata_31.png_Gaussian-Closing.png
Component: component_1755503061937_129.png
centerX: 0.44516129032258067
centerY: 0.20290681105728128
width: 0.01653225806451613
height: 0.018523795953263037
Area: 0.00010951102694453893
CentroidX: 0.4512
CentroidY: 0.2137
