Location: Paraklitoni_1720_page_10.png_Mean-Medain.png
Component: component_1755610055628_2230.png
centerX: 0.26371951219512196
centerY: 0.8225563909774436
width: 0.03048780487804878
height: 0.013032581453634085
Area: 0.00019713918943700716
CentroidX: 0.2790
CentroidY: 0.8276
