Location: Dedata_22.png_Otsu.png
Component: component_1755510404059_115.png
centerX: 0.3346774193548387
centerY: 0.19834710743801653
width: 0.022983870967741935
height: 0.00968937019093759
Area: 0.00010456981586519457
CentroidX: 0.3463
CentroidY: 0.2023
