Location: Kurtxevani_1794_page_10.png_Mean-Medain.png
Component: component_1755610054896_1191.png
centerX: 0.8462887200467563
centerY: 0.33494931687968266
width: 0.01694915254237288
height: 0.010136624063464082
Area: 0.00011410882169376129
CentroidX: 0.8552
CentroidY: 0.3393
