Location: internet_30.png_Mean-Closing.png
Component: component_1755078353370_272.png
centerX: 0.4143490528012898
centerY: 0.5876817792985458
width: 0.022974607013301087
height: 0.021670943826632448
Area: 0.00017136223321193164
CentroidX: 0.4282
CentroidY: 0.5997
