Location: Kurtxevani_1794_page_10.png_Mean-Medain.png
Component: component_1755610055127_2906.png
centerX: 0.9462302746931619
centerY: 0.9140590568532393
width: 0.05376972530683811
height: 0.05112384310268841
Area: 0.0008636724134067305
CentroidX: 0.9810
CentroidY: 0.9416
