Location: Paraklitoni_1720_page_10.png_Mean-Medain.png
Component: component_1755610055672_2334.png
centerX: 0.5152439024390244
centerY: 0.8526315789473684
width: 0.01524390243902439
height: 0.016040100250626566
Area: 9.092854086435601e-05
CentroidX: 0.5208
CentroidY: 0.8590
