Location: Kurtxevani_1764_page_10.png_Otsu.png
Component: component_1755610055910_1086.png
centerX: 0.8647249190938512
centerY: 0.41113189897100094
width: 0.03495145631067961
height: 0.023854069223573433
Area: 0.00031726714317285306
CentroidX: 0.8829
CentroidY: 0.4229
