Location: internet_11.png_Gaussian-Median.png
Component: component_1755091164043_161.png
centerX: 0.18581217251108423
centerY: 0.39520958083832336
width: 0.01128577186618299
height: 0.02594810379241517
Area: 0.00012722870031227923
CentroidX: 0.1919
CentroidY: 0.4085
