Location: Kurtxevani_1764_page_10.png_Otsu.png
Component: component_1755610055948_1382.png
centerX: 0.8750809061488674
centerY: 0.5556594948550047
width: 0.04660194174757282
height: 0.03086997193638915
Area: 0.0004946703358248492
CentroidX: 0.8985
CentroidY: 0.5733
