Location: Dedata_1.png_Otsu.png
Component: component_1755524255261_487.png
centerX: 0.6536290322580646
centerY: 0.7495012824166429
width: 0.024596774193548387
height: 0.018808777429467086
Area: 0.00010250140192500391
CentroidX: 0.6668
CentroidY: 0.7631
