Location: Kurtxevani_1764_page_10.png_Otsu.png
Component: component_1755610055957_1471.png
centerX: 0.6802588996763754
centerY: 0.5996258185219832
width: 0.017475728155339806
height: 0.01216089803554724
Area: 0.0001434967804045156
CentroidX: 0.6891
CentroidY: 0.6048
