Location: Samociqulo_1709_page_10.png_Gaussian-Median.png
Component: component_1755610056139_1143.png
centerX: 0.41572481572481573
centerY: 0.253125
width: 0.015724815724815724
height: 0.009375
Area: 0.00010181203931203931
CentroidX: 0.4230
CentroidY: 0.2575
