Location: internet_21.png_Gaussian-Median.png
Component: component_1755082377310_66.png
centerX: 0.11688835147118097
centerY: 0.12888508696891932
width: 0.018137847642079808
height: 0.023096663815226688
Area: 0.00013561866880622357
CentroidX: 0.1228
CentroidY: 0.1437
