Location: internet_21.png_Otsu.png
Component: component_1755082376976_1971.png
centerX: 0.3599355098750504
centerY: 0.590818363273453
width: 0.012091898428053204
height: 0.030795551753635585
Area: 5.309815676989431e-05
CentroidX: 0.3655
CentroidY: 0.6036
