Location: Dedata_10.png_Otsu.png
Component: component_1755521621684_158.png
centerX: 0.9391129032258064
centerY: 0.09119407238529495
width: 0.03024193548387097
height: 0.016243944143630663
Area: 0.00012031274418775682
CentroidX: 0.9535
CentroidY: 0.1010
