Location: Paraklitoni_1720_page_10.png_Mean-Medain.png
Component: component_1755610055517_2086.png
centerX: 0.23704268292682926
centerY: 0.7604010025062656
width: 0.027439024390243903
height: 0.007518796992481203
Area: 0.0001295158628278012
CentroidX: 0.2510
CentroidY: 0.7636
