Location: Dedata_29.png_Gaussian-Closing.png
Component: component_1755504603780_2.png
centerX: 0.9532258064516129
centerY: 0.0005699629524080935
width: 0.04153225806451613
height: 0.005414648047876888
Area: 0.00016880555989667124
CentroidX: 0.9770
CentroidY: 0.0027
