Location: internet_21.png_Gaussian-Median.png
Component: component_1755082377318_106.png
centerX: 0.6122531237404273
centerY: 0.21528371827773024
width: 0.018137847642079808
height: 0.020815511833475905
Area: 0.00014366384407438936
CentroidX: 0.6196
CentroidY: 0.2284
