Location: internet_21.png_Otsu.png
Component: component_1755082376899_1339.png
centerX: 0.35106811769447804
centerY: 0.45993726832050186
width: 0.014913341394598953
height: 0.021956087824351298
Area: 9.70018275190277e-05
CentroidX: 0.3566
CentroidY: 0.4744
