Location: Kurtxevani_1784_page_10.png_Gaussian-Closing.png
Component: component_1755610055750_406.png
centerX: 0.7911733046286329
centerY: 0.5426294820717131
width: 0.060279870828848225
height: 0.0199203187250996
Area: 0.0005875314672419043
CentroidX: 0.8185
CentroidY: 0.5493
