Location: Kurtxevani_1764_page_10.png_Otsu.png
Component: component_1755610055965_1531.png
centerX: 0.6019417475728155
centerY: 0.6304957904583723
width: 0.011650485436893204
height: 0.01028999064546305
Area: 7.32620693204489e-05
CentroidX: 0.6080
CentroidY: 0.6347
