Location: Dedata_27.png_Mean-Medain.png
Component: component_1755505443189_184.png
centerX: 0.9145161290322581
centerY: 0.5024223425477344
width: 0.04395161290322581
height: 0.02336848104873183
Area: 0.0005873146471285818
CentroidX: 0.9353
CentroidY: 0.5142
