Location: Kurtxevani_1784_page_10.png_Gaussian-Closing.png
Component: component_1755610055775_618.png
centerX: 0.55005382131324
centerY: 0.848605577689243
width: 0.02045209903121636
height: 0.015139442231075698
Area: 0.00020842357159092371
CentroidX: 0.5608
CentroidY: 0.8547
