Location: internet_30.png_Mean-Medain.png
Component: component_1755078353628_204.png
centerX: 0.20475614671503425
centerY: 0.3900769888793841
width: 0.018540910923014912
height: 0.015112631879098944
Area: 0.00011849393859255636
CentroidX: 0.2157
CentroidY: 0.3986
