Location: Dedata_30.png_Mean-Medain.png
Component: component_1755503806238_133.png
centerX: 0.8189516129032258
centerY: 0.341407808492448
width: 0.014919354838709677
height: 0.004559703619264748
Area: 5.412349810165565e-05
CentroidX: 0.8262
CentroidY: 0.3436
