Location: internet_26.png_Otsu.png
Component: component_1755080009778_1156.png
centerX: 0.3994357114066909
centerY: 0.6991730824066154
width: 0.006045949214026602
height: 0.03165098374679213
Area: 9.171499805709018e-05
CentroidX: 0.4021
CentroidY: 0.7155
