Location: Dedata_17.png_Otsu.png
Component: component_1755512340232_501.png
centerX: 0.06733870967741935
centerY: 0.36734112282701625
width: 0.012096774193548387
height: 0.03334283271587347
Area: 0.00010790226054661286
CentroidX: 0.0734
CentroidY: 0.3832
