Location: internet_26.png_Otsu.png
Component: component_1755080009737_385.png
centerX: 0.4296654574768239
centerY: 0.2994011976047904
width: 0.019750100765820233
height: 0.017678927858568578
Area: 8.194585666003169e-05
CentroidX: 0.4424
CentroidY: 0.3058
