Location: internet_18.png_Otsu.png
Component: component_1755084392638_730.png
centerX: 0.022168480451430876
centerY: 0.6013686911890505
width: 0.037081821846029824
height: 0.03450242372398061
Area: 0.0007825656914420138
CentroidX: 0.0408
CentroidY: 0.6213
