Location: Kurtxevani_1764_page_10.png_Otsu.png
Component: component_1755610056017_2118.png
centerX: 0.312621359223301
centerY: 0.8760523854069223
width: 0.021359223300970873
height: 0.011225444340505144
Area: 0.00015106517599547108
CentroidX: 0.3235
CentroidY: 0.8808
