Location: internet_21.png_Otsu.png
Component: component_1755082377158_2550.png
centerX: 0.5759774284562676
centerY: 0.7733105218135158
width: 0.018540910923014912
height: 0.018819503849443968
Area: 0.00011378176450691638
CentroidX: 0.5833
CentroidY: 0.7850
