Location: Samociqulo_1709_page_10.png_Gaussian-Median.png
Component: component_1755610056219_2054.png
centerX: 0.8171990171990172
centerY: 0.4828125
width: 0.010319410319410319
height: 0.005625
Area: 3.148034398034398e-05
CentroidX: 0.8225
CentroidY: 0.4851
