Location: Paraklitoni_1720_page_10.png_Mean-Medain.png
Component: component_1755610055241_389.png
centerX: 0.2035060975609756
centerY: 0.15137844611528822
width: 0.011432926829268292
height: 0.012030075187969926
Area: 8.787211932269699e-05
CentroidX: 0.2085
CentroidY: 0.1572
