Location: Paraklitoni_1720_page_10.png_Mean-Medain.png
Component: component_1755610055299_923.png
centerX: 0.34527439024390244
centerY: 0.3398496240601504
width: 0.020579268292682928
height: 0.012531328320802004
Area: 0.00012111070358823888
CentroidX: 0.3544
CentroidY: 0.3462
