Location: Dedata_24.png_Otsu.png
Component: component_1755507995230_333.png
centerX: 0.5016129032258064
centerY: 0.22741521801082928
width: 0.008064516129032258
height: 0.009404388714733543
Area: 2.1948170143134245e-05
CentroidX: 0.5072
CentroidY: 0.2331
