Location: internet_21.png_Otsu.png
Component: component_1755082376577_66.png
centerX: 0.7694478033051189
centerY: 0.05389221556886228
width: 0.0177347843611447
height: 0.021100655831194755
Area: 0.00011182793622750469
CentroidX: 0.7764
CentroidY: 0.0677
