Location: internet_30.png_Gaussian-Closing.png
Component: component_1755078354031_7.png
centerX: 0.42926239419588874
centerY: 0.009124607927003137
width: 0.02418379685610641
height: 0.0213857998289136
Area: 0.00018676299729670617
CentroidX: 0.4437
CentroidY: 0.0213
