Location: Dedata_8.png_Gaussian-Closing.png
Component: component_1755522187048_22.png
centerX: 0.4149193548387097
centerY: 0.02336848104873183
width: 0.02258064516129032
height: 0.013394129381590196
Area: 0.000140652147932965
CentroidX: 0.4293
CentroidY: 0.0280
