Location: Samociqulo_1709_page_10.png_Gaussian-Median.png
Component: component_1755610056261_2663.png
centerX: 0.3302211302211302
centerY: 0.6478125
width: 0.0171990171990172
height: 0.01
Area: 7.708845208845209e-05
CentroidX: 0.3371
CentroidY: 0.6523
