Location: Kurtxevani_1784_page_10.png_Gaussian-Closing.png
Component: component_1755610055723_183.png
centerX: 0.2238966630785791
centerY: 0.23346613545816733
width: 0.02691065662002153
height: 0.019123505976095617
Area: 0.00027360954459878465
CentroidX: 0.2390
CentroidY: 0.2449
