Location: Kurtxevani_1784_page_10.png_Gaussian-Closing.png
Component: component_1755610055778_652.png
centerX: 0.7997847147470398
centerY: 0.9059760956175299
width: 0.04090419806243272
height: 0.022310756972111555
Area: 0.0005103375518378584
CentroidX: 0.8188
CentroidY: 0.9182
