Location: internet_21.png_Mean-Medain.png
Component: component_1755082376466_343.png
centerX: 0.8597339782345829
centerY: 0.8126603934987169
width: 0.012091898428053204
height: 0.03649843170801255
Area: 0.0001910154470813081
CentroidX: 0.8646
CentroidY: 0.8306
