Location: Samociqulo_1709_page_10.png_Gaussian-Median.png
Component: component_1755610056111_744.png
centerX: 0.3862407862407862
centerY: 0.1409375
width: 0.009828009828009828
height: 0.0046875
Area: 3.1173218673218674e-05
CentroidX: 0.3905
CentroidY: 0.1430
