Location: internet_26.png_Otsu.png
Component: component_1755080009724_178.png
centerX: 0.5695284159613059
centerY: 0.17507841459937268
width: 0.0177347843611447
height: 0.012546335899629312
Area: 8.99910319281975e-05
CentroidX: 0.5805
CentroidY: 0.1795
