Location: Kurtxevani_1764_page_10.png_Otsu.png
Component: component_1755610055993_1805.png
centerX: 0.7883495145631068
centerY: 0.7586529466791394
width: 0.017475728155339806
height: 0.034144059869036486
Area: 0.0003096987475818976
CentroidX: 0.7967
CentroidY: 0.7777
