Location: internet_13.png_Mean-Medain.png
Component: component_1755088480928_1.png
centerX: 0.9222087867795243
centerY: 0.0
width: 0.023377670294236194
height: 0.010265183917878529
Area: 0.00013837701461245184
CentroidX: 0.9331
CentroidY: 0.0038
