Location: internet_17.png_Mean-Closing.png
Component: component_1755086411440_212.png
centerX: 0.7230955259975816
centerY: 0.5882520672939835
width: 0.012494961708988311
height: 0.03222127174222983
Area: 0.00014837601816002934
CentroidX: 0.7274
CentroidY: 0.6039
