Location: Kurtxevani_1784_page_10.png_Gaussian-Closing.png
Component: component_1755610055754_443.png
centerX: 0.356297093649085
centerY: 0.6039840637450199
width: 0.02798708288482239
height: 0.0199203187250996
Area: 0.00028819061750843774
CentroidX: 0.3714
CentroidY: 0.6155
