Location: internet_17.png_Otsu.png
Component: component_1755086411126_1584.png
centerX: 0.15558242644095122
centerY: 0.802965497576276
width: 0.007658202337767029
height: 0.02480752780153978
Area: 5.735060655449624e-05
CentroidX: 0.1590
CentroidY: 0.8168
