Location: Samociqulo_1709_page_10.png_Gaussian-Median.png
Component: component_1755610056179_1693.png
centerX: 0.21867321867321868
centerY: 0.355625
width: 0.03538083538083538
height: 0.01875
Area: 0.00023602579852579852
CentroidX: 0.2344
CentroidY: 0.3644
