Location: internet_23.png_Otsu.png
Component: component_1755081841819_545.png
centerX: 0.9351068117694478
centerY: 0.2517821499857428
width: 0.010479645304312777
height: 0.017678927858568578
Area: 4.459325720069046e-05
CentroidX: 0.9396
CentroidY: 0.2624
