Location: internet_26.png_Otsu.png
Component: component_1755080009741_468.png
centerX: 0.45747682386134625
centerY: 0.34160250926717994
width: 0.01007658202337767
height: 0.040490447676076416
Area: 0.0001089546593460169
CentroidX: 0.4623
CentroidY: 0.3648
