Location: Paraklitoni_1720_page_10.png_Mean-Medain.png
Component: component_1755610055281_719.png
centerX: 0.5708841463414634
centerY: 0.26265664160401003
width: 0.06859756097560976
height: 0.013533834586466165
Area: 0.00037441163885323063
CentroidX: 0.6030
CentroidY: 0.2669
