Location: internet_21.png_Otsu.png
Component: component_1755082376631_413.png
centerX: 0.6336154776299879
centerY: 0.20815511833475905
width: 0.010882708585247884
height: 0.039635015682919876
Area: 0.00015055970858996007
CentroidX: 0.6383
CentroidY: 0.2299
