Location: Kurtxevani_1784_page_10.png_Gaussian-Closing.png
Component: component_1755610055768_562.png
centerX: 0.24219590958019377
centerY: 0.7729083665338645
width: 0.09472551130247578
height: 0.026294820717131476
Area: 0.000941765767929359
CentroidX: 0.2934
CentroidY: 0.7865
