Location: Dedata_18.png_Otsu.png
Component: component_1755511906262_96.png
centerX: 0.21370967741935484
centerY: 0.07352522086064406
width: 0.02056451612903226
height: 0.016813907096038756
Area: 6.641906985723347e-05
CentroidX: 0.2249
CentroidY: 0.0837
