Location: Kurtxevani_1764_page_10.png_Otsu.png
Component: component_1755610055831_573.png
centerX: 0.6673139158576051
centerY: 0.16557530402245088
width: 0.027184466019417475
height: 0.017305893358278764
Area: 0.00024491328132331884
CentroidX: 0.6799
CentroidY: 0.1749
