Location: internet_8.png_Otsu.png
Component: component_1755092787076_214.png
centerX: 0.422813381700927
centerY: 0.12318220701454234
width: 0.049979846835953246
height: 0.022241231822070145
Area: 0.0003708825798624436
CentroidX: 0.4483
CentroidY: 0.1356
