Location: internet_26.png_Gaussian-Median.png
Component: component_1755080010501_127.png
centerX: 0.5292220878677952
centerY: 0.2925577416595381
width: 0.02015316404675534
height: 0.015968063872255488
Area: 0.00010941438364705494
CentroidX: 0.5416
CentroidY: 0.2985
