Location: Dedata_13.png_Otsu.png
Component: component_1755520268565_236.png
centerX: 0.3225806451612903
centerY: 0.3664861783984041
width: 0.020967741935483872
height: 0.01567398119122257
Area: 7.29690473345039e-05
CentroidX: 0.3327
CentroidY: 0.3744
