Location: internet_21.png_Gaussian-Closing.png
Component: component_1755082377545_220.png
centerX: 0.43933897621926643
centerY: 0.5286569717707442
width: 0.015316404675534058
height: 0.023381807812945538
Area: 0.00016366185116954436
CentroidX: 0.4455
CentroidY: 0.5423
