Location: Paraklitoni_1720_page_10.png_Mean-Medain.png
Component: component_1755610055347_1452.png
centerX: 0.25228658536585363
centerY: 0.5263157894736842
width: 0.019054878048780487
height: 0.015538847117794486
Area: 9.016443547894125e-05
CentroidX: 0.2634
CentroidY: 0.5329
