Location: Paraklitoni_1720_page_10.png_Mean-Medain.png
Component: component_1755610055286_775.png
centerX: 0.7217987804878049
centerY: 0.2837092731829574
width: 0.026676829268292682
height: 0.008020050125313283
Area: 0.0001245491778226053
CentroidX: 0.7349
CentroidY: 0.2870
