Location: Dedata_31.png_Mean-Closing.png
Component: component_1755503061280_44.png
centerX: 0.07298387096774193
centerY: 0.05215161014534055
width: 0.021774193548387097
height: 0.028783129096608722
Area: 0.0001891449636418794
CentroidX: 0.0867
CentroidY: 0.0692
