Location: Dedata_13.png_Otsu.png
Component: component_1755520268609_499.png
centerX: 0.09596774193548387
centerY: 0.5414648047876888
width: 0.007661290322580645
height: 0.00968937019093759
Area: 3.688671526673347e-05
CentroidX: 0.0995
CentroidY: 0.5462
