Location: Kurtxevani_1764_page_10.png_Otsu.png
Component: component_1755610055940_1309.png
centerX: 0.5864077669902913
centerY: 0.510757717492984
width: 0.012297734627831715
height: 0.009354536950420954
Area: 8.022499326412793e-05
CentroidX: 0.5929
CentroidY: 0.5146
