Location: Dedata_24.png_Otsu.png
Component: component_1755507995216_180.png
centerX: 0.24274193548387096
centerY: 0.16186947848389854
width: 0.03467741935483871
height: 0.020518666286691366
Area: 6.515503911600585e-05
CentroidX: 0.2570
CentroidY: 0.1711
