Location: Dedata_16.png_Gaussian-Median.png
Component: component_1755519378133_401.png
centerX: 0.975
centerY: 0.7398119122257053
width: 0.025
height: 0.018523795953263037
Area: 0.0001415714430174942
CentroidX: 0.9909
CentroidY: 0.7461
