Location: Kurtxevani_1794_page_10.png_Mean-Medain.png
Component: component_1755610054888_1160.png
centerX: 0.008182349503214495
centerY: 0.32966064345526663
width: 0.012273524254821741
height: 0.00881445570736007
Area: 4.7652668201683604e-05
CentroidX: 0.0147
CentroidY: 0.3338
