Location: Dedata_30.png_Gaussian-Median.png
Component: component_1755503806819_47.png
centerX: 0.6951612903225807
centerY: 0.09603875748076375
width: 0.03669354838709677
height: 0.02336848104873183
Area: 0.0002536105314444884
CentroidX: 0.7116
CentroidY: 0.1080
