Location: Paraklitoni_1720_page_10.png_Mean-Medain.png
Component: component_1755610055618_2207.png
centerX: 0.5525914634146342
centerY: 0.8160401002506266
width: 0.04801829268292683
height: 0.021052631578947368
Area: 0.00040344764349899137
CentroidX: 0.5774
CentroidY: 0.8259
