Location: Kurtxevani_1764_page_10.png_Otsu.png
Component: component_1755610055831_574.png
centerX: 0.8213592233009709
centerY: 0.16604303086997194
width: 0.031067961165048542
height: 0.019644527595884004
Area: 0.0003208999730565117
CentroidX: 0.8365
CentroidY: 0.1763
