Location: Kurtxevani_1764_page_10.png_Otsu.png
Component: component_1755610056007_1978.png
centerX: 0.8867313915857605
centerY: 0.833956969130028
width: 0.02912621359223301
height: 0.027128157156220765
Area: 0.0002706458263325674
CentroidX: 0.8993
CentroidY: 0.8484
