Location: Dedata_13.png_Otsu.png
Component: component_1755520268567_247.png
centerX: 0.2620967741935484
centerY: 0.3704759190652608
width: 0.00564516129032258
height: 0.013679110857794243
Area: 2.746394065030934e-05
CentroidX: 0.2646
CentroidY: 0.3759
