Location: Kurtxevani_1784_page_10.png_Gaussian-Closing.png
Component: component_1755610055731_243.png
centerX: 0.7696447793326158
centerY: 0.3322709163346614
width: 0.05705059203444564
height: 0.02390438247011952
Area: 0.000609831931691962
CentroidX: 0.7977
CentroidY: 0.3461
