Location: Dedata_10.png_Otsu.png
Component: component_1755521621679_68.png
centerX: 0.8512096774193548
centerY: 0.06383585066970647
width: 0.016935483870967744
height: 0.016813907096038756
Area: 7.814008218498056e-05
CentroidX: 0.8584
CentroidY: 0.0742
