Location: Kurtxevani_1764_page_10.png_Otsu.png
Component: component_1755610055905_1056.png
centerX: 0.513915857605178
centerY: 0.3882132834424696
width: 0.011003236245954692
height: 0.01028999064546305
Area: 6.872103196587562e-05
CentroidX: 0.5195
CentroidY: 0.3923
