Location: Dedata_17.png_Otsu.png
Component: component_1755512340210_276.png
centerX: 0.24758064516129033
centerY: 0.24166429182103163
width: 0.011693548387096775
height: 0.03761755485893417
Area: 0.00012605833846606422
CentroidX: 0.2537
CentroidY: 0.2589
