Location: Paraklitoni_1720_page_10.png_Mean-Medain.png
Component: component_1755610055273_653.png
centerX: 0.3742378048780488
centerY: 0.24110275689223057
width: 0.019054878048780487
height: 0.013533834586466165
Area: 0.00012531328320802005
CentroidX: 0.3822
CentroidY: 0.2466
