Location: Samociqulo_1709_page_10.png_Gaussian-Median.png
Component: component_1755610056320_3598.png
centerX: 0.23685503685503687
centerY: 0.8853125
width: 0.025552825552825554
height: 0.008125
Area: 0.0001392813267813268
CentroidX: 0.2498
CentroidY: 0.8887
