Location: internet_30.png_Mean-Closing.png
Component: component_1755078353316_51.png
centerX: 0.6811769447803305
centerY: 0.10265183917878529
width: 0.020556227327690448
height: 0.021670943826632448
Area: 0.00017262647503978626
CentroidX: 0.6943
CentroidY: 0.1149
