Location: Kurtxevani_1784_page_10.png_Gaussian-Closing.png
Component: component_1755610055758_479.png
centerX: 0.06458557588805167
centerY: 0.6406374501992032
width: 0.061356297093649086
height: 0.0199203187250996
Area: 0.0005678041333053148
CentroidX: 0.0934
CentroidY: 0.6506
