Location: Kurtxevani_1764_page_10.png_Otsu.png
Component: component_1755610055808_276.png
centerX: 0.18705501618122977
centerY: 0.08372310570626754
width: 0.012944983818770227
height: 0.009822263797942002
Area: 3.2998204776565826e-05
CentroidX: 0.1936
CentroidY: 0.0886
