Location: internet_11.png_Gaussian-Closing.png
Component: component_1755091164164_26.png
centerX: 0.7891979040709391
centerY: 0.06073567151411463
width: 0.010882708585247884
height: 0.026803535785571715
Area: 0.0001777983734264643
CentroidX: 0.7949
CentroidY: 0.0745
