Location: internet_22.png_Mean-Closing.png
Component: component_1755082123884_11.png
centerX: 0.0475614671503426
centerY: 0.015397775876817793
width: 0.024989923417976623
height: 0.03507271171941831
Area: 0.0003030732454593318
CentroidX: 0.0613
CentroidY: 0.0307
