Location: Kurtxevani_1784_page_10.png_Gaussian-Closing.png
Component: component_1755610055770_570.png
centerX: 0.5392895586652314
centerY: 0.7808764940239044
width: 0.09257265877287406
height: 0.02151394422310757
Area: 0.0008945917085157755
CentroidX: 0.5828
CentroidY: 0.7871
