Location: internet_21.png_Gaussian-Median.png
Component: component_1755082377369_343.png
centerX: 0.18097541313986296
centerY: 0.609637867122897
width: 0.014107214832728738
height: 0.04733390362132877
Area: 0.00023020694374480152
CentroidX: 0.1861
CentroidY: 0.6327
