Location: internet_30.png_Mean-Closing.png
Component: component_1755078353347_170.png
centerX: 0.08585247883917775
centerY: 0.3450242372398061
width: 0.02257154373236598
height: 0.021670943826632448
Area: 0.000174810165469717
CentroidX: 0.0990
CentroidY: 0.3574
