Location: internet_17.png_Otsu.png
Component: component_1755086411126_1566.png
centerX: 0.19387343812978639
centerY: 0.7972626176218991
width: 0.027408303103587262
height: 0.017678927858568578
Area: 0.00011274738482958078
CentroidX: 0.2051
CentroidY: 0.8065
