Location: Samociqulo_1709_page_10.png_Gaussian-Median.png
Component: component_1755610056178_1676.png
centerX: 0.7941031941031941
centerY: 0.3525
width: 0.03832923832923833
height: 0.0196875
Area: 0.0003171068796068796
CentroidX: 0.8132
CentroidY: 0.3612
