Location: internet_13.png_Mean-Closing.png
Component: component_1755088481062_67.png
centerX: 0.07779121322047561
centerY: 0.1086398631308811
width: 0.02539298669891173
height: 0.010265183917878529
Area: 0.00010815014181920032
CentroidX: 0.0941
CentroidY: 0.1122
