Location: Kurtxevani_1764_page_10.png_Otsu.png
Component: component_1755610055971_1595.png
centerX: 0.6970873786407767
centerY: 0.6604303086997194
width: 0.018770226537216828
height: 0.01403180542563143
Area: 0.00015772536411551188
CentroidX: 0.7069
CentroidY: 0.6658
