Location: Samociqulo_1709_page_10.png_Gaussian-Median.png
Component: component_1755610056178_1671.png
centerX: 0.7415233415233415
centerY: 0.3521875
width: 0.04864864864864865
height: 0.0178125
Area: 0.0003644041769041769
CentroidX: 0.7633
CentroidY: 0.3614
