Location: internet_21.png_Gaussian-Median.png
Component: component_1755082377358_291.png
centerX: 0.373639661426844
centerY: 0.52723125178215
width: 0.009270455461507456
height: 0.04305674365554605
Area: 0.00018653313514618717
CentroidX: 0.3773
CentroidY: 0.5491
