Location: internet_17.png_Otsu.png
Component: component_1755086411116_1198.png
centerX: 0.9729947601773479
centerY: 0.6951810664385515
width: 0.008061265618702136
height: 0.016823495865412035
Area: 4.677694763062118e-05
CentroidX: 0.9780
CentroidY: 0.7023
