Location: Paraklitoni_1720_page_10.png_Mean-Medain.png
Component: component_1755610055512_2059.png
centerX: 0.3384146341463415
centerY: 0.7533834586466165
width: 0.035823170731707314
height: 0.019548872180451128
Area: 0.0002720215172076533
CentroidX: 0.3572
CentroidY: 0.7636
