Location: Kurtxevani_1764_page_10.png_Otsu.png
Component: component_1755610055877_933.png
centerX: 0.8485436893203884
centerY: 0.32179607109448083
width: 0.027831715210355986
height: 0.015434985968194575
Area: 0.00022372177366864352
CentroidX: 0.8632
CentroidY: 0.3312
