Location: internet_21.png_Gaussian-Median.png
Component: component_1755082377403_450.png
centerX: 0.46110439338976217
centerY: 0.8320501853435985
width: 0.01007658202337767
height: 0.03735386370116909
Area: 0.00017354592364186237
CentroidX: 0.4648
CentroidY: 0.8505
