Location: Dedata_31.png_Mean-Medain.png
Component: component_1755503060918_47.png
centerX: 0.07298387096774193
centerY: 0.05215161014534055
width: 0.021774193548387097
height: 0.029068110572812767
Area: 0.00018971952306971014
CentroidX: 0.0867
CentroidY: 0.0693
