Location: Samociqulo_1709_page_10.png_Gaussian-Median.png
Component: component_1755610056273_2837.png
centerX: 0.33415233415233414
centerY: 0.6975
width: 0.016216216216216217
height: 0.0103125
Area: 8.538083538083537e-05
CentroidX: 0.3425
CentroidY: 0.7023
