Location: Samociqulo_1709_page_10.png_Gaussian-Median.png
Component: component_1755610056173_1667.png
centerX: 0.657985257985258
centerY: 0.35125
width: 0.03832923832923833
height: 0.0175
Area: 0.0002351044226044226
CentroidX: 0.6787
CentroidY: 0.3603
