Location: Kurtxevani_1794_page_10.png_Mean-Medain.png
Component: component_1755610055127_2929.png
centerX: 0.0005844535359438924
centerY: 0.9224327897752314
width: 0.012273524254821741
height: 0.00749228735125606
Area: 1.8545903300114703e-05
CentroidX: 0.0071
CentroidY: 0.9259
