Location: Paraklitoni_1720_page_10.png_Mean-Medain.png
Component: component_1755610055366_1631.png
centerX: 0.8224085365853658
centerY: 0.5899749373433584
width: 0.019054878048780487
height: 0.016040100250626566
Area: 0.00014250565437985208
CentroidX: 0.8319
CentroidY: 0.5973
