Location: internet_26.png_Otsu.png
Component: component_1755080009726_204.png
centerX: 0.08464328899637243
centerY: 0.19190191046478472
width: 0.01652559451833938
height: 0.011690903906472769
Area: 7.999202838062e-05
CentroidX: 0.0943
CentroidY: 0.1962
