Location: Dedata_10.png_Otsu.png
Component: component_1755521621686_170.png
centerX: 0.7068548387096775
centerY: 0.09774864633798803
width: 0.016129032258064516
height: 0.01481903676261043
Area: 5.8605061638735415e-05
CentroidX: 0.7138
CentroidY: 0.1067
