Location: internet_21.png_Gaussian-Median.png
Component: component_1755082377342_223.png
centerX: 0.06731156791616284
centerY: 0.4231536926147705
width: 0.016928657799274487
height: 0.022241231822070145
Area: 0.00011849393859255636
CentroidX: 0.0733
CentroidY: 0.4367
