Location: internet_15.png_Otsu.png
Component: component_1755087705352_751.png
centerX: 0.8137847642079806
centerY: 0.43798118049615054
width: 0.012494961708988311
height: 0.016823495865412035
Area: 7.137219773615664e-05
CentroidX: 0.8187
CentroidY: 0.4465
