Location: Kurtxevani_1794_page_10.png_Mean-Medain.png
Component: component_1755610055059_2226.png
centerX: 0.24663939216832262
centerY: 0.7042750110180697
width: 0.011104617182933957
height: 0.019391802556192154
Area: 7.804734305464936e-05
CentroidX: 0.2517
CentroidY: 0.7151
