Location: Dedata_13.png_Otsu.png
Component: component_1755520268463_168.png
centerX: 0.6963709677419355
centerY: 0.311199772014819
width: 0.006048387096774193
height: 0.012824166429182103
Area: 3.033673778946304e-05
CentroidX: 0.6988
CentroidY: 0.3187
