Location: Dedata_31.png_Otsu.png
Component: component_1755503061675_684.png
centerX: 0.4600806451612903
centerY: 0.6161299515531491
width: 0.01935483870967742
height: 0.019663721858079224
Area: 5.963926860883075e-05
CentroidX: 0.4689
CentroidY: 0.6240
