Location: Kurtxevani_1764_page_10.png_Otsu.png
Component: component_1755610056016_2106.png
centerX: 0.6362459546925566
centerY: 0.8732460243217961
width: 0.036893203883495145
height: 0.012628624883068288
Area: 0.00036540213913132985
CentroidX: 0.6544
CentroidY: 0.8791
