Location: internet_21.png_Otsu.png
Component: component_1755082376903_1445.png
centerX: 0.07980652962515115
centerY: 0.47875677216994583
width: 0.0068520757758968156
height: 0.013972055888223553
Area: 3.195083892214419e-05
CentroidX: 0.0822
CentroidY: 0.4845
