Location: Dedata_1.png_Otsu.png
Component: component_1755524255253_452.png
centerX: 0.6141129032258065
centerY: 0.7289826161299515
width: 0.01532258064516129
height: 0.012254203476774009
Area: 8.147252686639885e-05
CentroidX: 0.6225
CentroidY: 0.7356
