Location: Kurtxevani_1784_page_10.png_Gaussian-Closing.png
Component: component_1755610055746_377.png
centerX: 0.04413347685683531
centerY: 0.503585657370518
width: 0.04628632938643703
height: 0.020717131474103586
Area: 0.0004365744771184369
CentroidX: 0.0646
CentroidY: 0.5149
