Location: internet_26.png_Otsu.png
Component: component_1755080009749_686.png
centerX: 0.34784361144699716
centerY: 0.4143142286854862
width: 0.018540910923014912
height: 0.01311662389506701
Area: 6.413153999480741e-05
CentroidX: 0.3598
CentroidY: 0.4183
