Location: internet_30.png_Gaussian-Median.png
Component: component_1755078353922_241.png
centerX: 0.5272067714631197
centerY: 0.42885657256914744
width: 0.02418379685610641
height: 0.017678927858568578
Area: 0.00015170901934255518
CentroidX: 0.5417
CentroidY: 0.4390
