Location: Dedata_24.png_Otsu.png
Component: component_1755507995214_144.png
centerX: 0.6181451612903226
centerY: 0.14961527500712454
width: 0.027016129032258064
height: 0.015958962667426618
Area: 4.550510668419456e-05
CentroidX: 0.6305
CentroidY: 0.1569
