Location: Paraklitoni_1720_page_10.png_Mean-Medain.png
Component: component_1755610055501_2015.png
centerX: 0.38109756097560976
centerY: 0.7343358395989975
width: 0.020579268292682928
height: 0.013032581453634085
Area: 0.00015396723516107342
CentroidX: 0.3898
CentroidY: 0.7409
