Location: Paraklitoni_1720_page_10.png_Mean-Medain.png
Component: component_1755610055354_1525.png
centerX: 0.46189024390243905
centerY: 0.5473684210526316
width: 0.023628048780487805
height: 0.01904761904761905
Area: 0.00025406504065040653
CentroidX: 0.4731
CentroidY: 0.5559
