Location: internet_30.png_Gaussian-Median.png
Component: component_1755078353942_313.png
centerX: 0.4143490528012898
centerY: 0.5876817792985458
width: 0.022974607013301087
height: 0.021670943826632448
Area: 0.00016366185116954436
CentroidX: 0.4285
CentroidY: 0.5995
