Location: internet_26.png_Mean-Medain.png
Component: component_1755080009860_116.png
centerX: 0.4199919387343813
centerY: 0.2902765896777873
width: 0.00886739218057235
height: 0.04134587966923296
Area: 0.00016078857428805657
CentroidX: 0.4250
CentroidY: 0.3113
