Location: Paraklitoni_1720_page_10.png_Mean-Medain.png
Component: component_1755610055541_2136.png
centerX: 0.21265243902439024
centerY: 0.7804511278195488
width: 0.014481707317073171
height: 0.009022556390977444
Area: 8.366953970291582e-05
CentroidX: 0.2197
CentroidY: 0.7840
