Location: internet_21.png_Otsu.png
Component: component_1755082376660_529.png
centerX: 0.10197501007658202
centerY: 0.24294268605645852
width: 0.012494961708988311
height: 0.038209295694325636
Area: 0.000115046006334771
CentroidX: 0.1068
CentroidY: 0.2644
