Location: Kurtxevani_1784_page_10.png_Gaussian-Closing.png
Component: component_1755610055734_271.png
centerX: 0.49192680301399355
centerY: 0.3665338645418327
width: 0.060279870828848225
height: 0.02151394422310757
Area: 0.0006338478164843317
CentroidX: 0.5246
CentroidY: 0.3782
