Location: Dedata_1.png_Otsu.png
Component: component_1755524255253_453.png
centerX: 0.5620967741935484
centerY: 0.7304075235109718
width: 0.0125
height: 0.018808777429467086
Area: 0.0001108899695713327
CentroidX: 0.5679
CentroidY: 0.7392
