Location: internet_27.png_Otsu.png
Component: component_1755079634752_472.png
centerX: 0.6694881096332124
centerY: 0.18905047048759624
width: 0.015316404675534058
height: 0.018249215854006275
Area: 7.424547461764443e-05
CentroidX: 0.6784
CentroidY: 0.1949
