Location: internet_21.png_Otsu.png
Component: component_1755082376909_1467.png
centerX: 0.4079000403063281
centerY: 0.4827487881380097
width: 0.008464328899637243
height: 0.01454234388366125
Area: 4.309915322231681e-05
CentroidX: 0.4112
CentroidY: 0.4911
