Location: Kurtxevani_1794_page_10.png_Mean-Medain.png
Component: component_1755610054830_902.png
centerX: 0.6072472238457043
centerY: 0.2375495813133539
width: 0.02571595558153127
height: 0.022917584839136182
Area: 0.00031218937221859746
CentroidX: 0.6183
CentroidY: 0.2502
