Location: Kurtxevani_1794_page_10.png_Mean-Medain.png
Component: component_1755610055103_2545.png
centerX: 0.0
centerY: 0.8109299250771265
width: 0.012857977790765635
height: 0.007933010136624064
Area: 4.2758610386375564e-05
CentroidX: 0.0055
CentroidY: 0.8149
