Location: internet_21.png_Mean-Medain.png
Component: component_1755082376313_134.png
centerX: 0.8557033454252317
centerY: 0.30681494154548045
width: 0.011688835147118097
height: 0.04590818363273453
Area: 0.00026342202449480037
CentroidX: 0.8602
CentroidY: 0.3288
