Location: Kurtxevani_1784_page_10.png_Gaussian-Closing.png
Component: component_1755610055779_656.png
centerX: 0.0
centerY: 0.9107569721115538
width: 0.017222820236813777
height: 0.08924302788844622
Area: 0.0007376307471942156
CentroidX: 0.0050
CentroidY: 0.9553
