Location: Dedata_31.png_Mean-Medain.png
Component: component_1755503060929_87.png
centerX: 0.4508064516129032
centerY: 0.1225420347677401
width: 0.006048387096774193
height: 0.004844685095468795
Area: 2.1488522600869655e-05
CentroidX: 0.4534
CentroidY: 0.1248
