Location: Kurtxevani_1794_page_10.png_Mean-Medain.png
Component: component_1755610055009_1726.png
centerX: 0.6037405026300409
centerY: 0.510356985456148
width: 0.01694915254237288
height: 0.00749228735125606
Area: 8.757787669498609e-05
CentroidX: 0.6117
CentroidY: 0.5141
