Location: Dedata_31.png_Gaussian-Closing.png
Component: component_1755503061916_46.png
centerX: 0.06330645161290323
centerY: 0.0524365916215446
width: 0.021370967741935483
height: 0.01909375890567113
Area: 0.00013019516634644554
CentroidX: 0.0719
CentroidY: 0.0629
