Location: Kurtxevani_1784_page_10.png_Gaussian-Closing.png
Component: component_1755610055762_517.png
centerX: 0.8310010764262648
centerY: 0.7027888446215139
width: 0.03982777179763186
height: 0.027888446215139442
Area: 0.0005437882485129449
CentroidX: 0.8540
CentroidY: 0.7161
