Location: internet_27.png_Otsu.png
Component: component_1755079634775_1083.png
centerX: 0.6215235792019347
centerY: 0.3704020530367836
width: 0.02176541717049577
height: 0.015112631879098944
Area: 0.00011366683343165686
CentroidX: 0.6347
CentroidY: 0.3758
