Location: Samociqulo_1709_page_10.png_Gaussian-Median.png
Component: component_1755610056194_1840.png
centerX: 0.6555282555282556
centerY: 0.406875
width: 0.016216216216216217
height: 0.01125
Area: 9.735872235872236e-05
CentroidX: 0.6631
CentroidY: 0.4127
