Location: Kurtxevani_1794_page_10.png_Mean-Medain.png
Component: component_1755610054582_237.png
centerX: 0.9362945645821157
centerY: 0.02908770383428823
width: 0.028053769725306838
height: 0.014543851917144116
Area: 3.786455257106752e-05
CentroidX: 0.9497
CentroidY: 0.0343
