Location: Paraklitoni_1720_page_10.png_Mean-Medain.png
Component: component_1755610055381_1736.png
centerX: 0.4641768292682927
centerY: 0.6300751879699248
width: 0.026676829268292682
height: 0.014035087719298246
Area: 0.0001543492878537808
CentroidX: 0.4796
CentroidY: 0.6360
