Location: internet_17.png_Otsu.png
Component: component_1755086411085_578.png
centerX: 0.8577186618299073
centerY: 0.3296264613629883
width: 0.006449012494961709
height: 0.02566295979469632
Area: 6.068360773702207e-05
CentroidX: 0.8609
CentroidY: 0.3427
