Location: internet_21.png_Otsu.png
Component: component_1755082376591_241.png
centerX: 0.11688835147118097
centerY: 0.12974051896207583
width: 0.018137847642079808
height: 0.022241231822070145
Area: 0.00010217372590570572
CentroidX: 0.1235
CentroidY: 0.1450
