Location: Paraklitoni_1720_page_10.png_Mean-Medain.png
Component: component_1755610055335_1292.png
centerX: 0.555640243902439
centerY: 0.47017543859649125
width: 0.035823170731707314
height: 0.013032581453634085
Area: 0.0002750779387493123
CentroidX: 0.5730
CentroidY: 0.4758
