Location: Kurtxevani_1784_page_10.png_Gaussian-Closing.png
Component: component_1755610055756_453.png
centerX: 0.04305705059203445
centerY: 0.6119521912350597
width: 0.04628632938643703
height: 0.0199203187250996
Area: 0.0004725983043069916
CentroidX: 0.0634
CentroidY: 0.6188
