Location: Kurtxevani_1764_page_10.png_Otsu.png
Component: component_1755610056016_2105.png
centerX: 0.6226537216828479
centerY: 0.8732460243217961
width: 0.012297734627831715
height: 0.01028999064546305
Area: 8.658244556053052e-05
CentroidX: 0.6293
CentroidY: 0.8776
