Location: Dedata_13.png_Otsu.png
Component: component_1755520268517_206.png
centerX: 0.7568548387096774
centerY: 0.35337703049301794
width: 0.008064516129032258
height: 0.011684240524365916
Area: 3.3784094356447474e-05
CentroidX: 0.7599
CentroidY: 0.3589
