Location: Dedata_13.png_Otsu.png
Component: component_1755520268507_202.png
centerX: 0.8362903225806452
centerY: 0.34796238244514105
width: 0.007258064516129033
height: 0.012824166429182103
Area: 4.251739765947471e-05
CentroidX: 0.8395
CentroidY: 0.3541
