Location: Kurtxevani_1764_page_10.png_Otsu.png
Component: component_1755610055962_1508.png
centerX: 0.6757281553398058
centerY: 0.6220767072029935
width: 0.03300970873786408
height: 0.0205799812909261
Area: 0.0003699431764859031
CentroidX: 0.6907
CentroidY: 0.6329
