Location: Samociqulo_1709_page_10.png_Gaussian-Median.png
Component: component_1755610056273_2847.png
centerX: 0.4614250614250614
centerY: 0.7
width: 0.01425061425061425
height: 0.00875
Area: 7.202088452088452e-05
CentroidX: 0.4676
CentroidY: 0.7045
