Location: Samociqulo_1709_page_10.png_Gaussian-Median.png
Component: component_1755610056142_1224.png
centerX: 0.6132678132678133
centerY: 0.276875
width: 0.03734643734643735
height: 0.0184375
Area: 0.00023295454545454544
CentroidX: 0.6334
CentroidY: 0.2852
