Location: Paraklitoni_1720_page_10.png_Mean-Medain.png
Component: component_1755610055498_1979.png
centerX: 0.4291158536585366
centerY: 0.718796992481203
width: 0.013719512195121951
height: 0.011528822055137845
Area: 9.13105935570634e-05
CentroidX: 0.4368
CentroidY: 0.7231
