Location: Kurtxevani_1764_page_10.png_Otsu.png
Component: component_1755610055853_743.png
centerX: 0.5372168284789643
centerY: 0.23479887745556596
width: 0.009061488673139158
height: 0.011225444340505144
Area: 5.2676033313050034e-05
CentroidX: 0.5417
CentroidY: 0.2395
