Location: Kurtxevani_1764_page_10.png_Otsu.png
Component: component_1755610055933_1271.png
centerX: 0.6770226537216828
centerY: 0.5023386342376053
width: 0.031067961165048542
height: 0.01824134705332086
Area: 0.00032937657611838183
CentroidX: 0.6915
CentroidY: 0.5118
