Location: Samociqulo_1709_page_10.png_Gaussian-Median.png
Component: component_1755610056296_3220.png
centerX: 0.2113022113022113
centerY: 0.8003125
width: 0.06732186732186732
height: 0.0178125
Area: 0.0004261363636363636
CentroidX: 0.2470
CentroidY: 0.8100
