Location: Dedata_17.png_Otsu.png
Component: component_1755512340220_357.png
centerX: 0.2939516129032258
centerY: 0.29866058706184095
width: 0.008870967741935484
height: 0.011969222000569962
Area: 4.3666516515136195e-05
CentroidX: 0.2969
CentroidY: 0.3057
