Location: internet_5.png_Mean-Medain.png
Component: component_1755094087383_158.png
centerX: 0.7601773478436115
centerY: 0.4516680923866553
width: 0.04393389762192664
height: 0.039635015682919876
Area: 0.0009932343523926983
CentroidX: 0.7828
CentroidY: 0.4686
