Location: Dedata_1.png_Otsu.png
Component: component_1755524255231_214.png
centerX: 0.6943548387096774
centerY: 0.5323453975491593
width: 0.025403225806451612
height: 0.01738387004844685
Area: 0.00011755485893416928
CentroidX: 0.7059
CentroidY: 0.5452
