Location: Dedata_31.png_Otsu.png
Component: component_1755503061531_244.png
centerX: 0.10564516129032259
centerY: 0.21744086634368767
width: 0.016129032258064516
height: 0.01652892561983471
Area: 8.767776868697083e-05
CentroidX: 0.1117
CentroidY: 0.2267
