Location: internet_13.png_Gaussian-Closing.png
Component: component_1755088480477_26.png
centerX: 0.9314792422410318
centerY: 0.041060735671514116
width: 0.025796049979846837
height: 0.012546335899629312
Area: 0.0001420548090207562
CentroidX: 0.9462
CentroidY: 0.0461
