Location: Dedata_21.png_Mean-Medain.png
Component: component_1755511065207_170.png
centerX: 0.667741935483871
centerY: 0.4072385294955828
width: 0.0064516129032258064
height: 0.005699629524080934
Area: 1.6432399635959146e-05
CentroidX: 0.6706
CentroidY: 0.4101
