Location: Kurtxevani_1784_page_10.png_Gaussian-Closing.png
Component: component_1755610055717_139.png
centerX: 0.302475780409042
centerY: 0.16892430278884463
width: 0.015069967707212056
height: 0.01593625498007968
Area: 0.00015867638166387196
CentroidX: 0.3086
CentroidY: 0.1783
