Location: Kurtxevani_1784_page_10.png_Gaussian-Closing.png
Component: component_1755610055728_219.png
centerX: 0.348762109795479
centerY: 0.2749003984063745
width: 0.03444564047362755
height: 0.01195219123505976
Area: 0.00030277169041809083
CentroidX: 0.3664
CentroidY: 0.2800
