Location: Dedata_27.png_Gaussian-Median.png
Component: component_1755505442574_6.png
centerX: 0.021370967741935483
centerY: 0.00883442576232545
width: 0.03387096774193549
height: 0.019663721858079224
Area: 0.0004971088169591557
CentroidX: 0.0387
CentroidY: 0.0180
