Location: Kurtxevani_1794_page_10.png_Mean-Medain.png
Component: component_1755610054841_915.png
centerX: 0.3389830508474576
centerY: 0.2384310268840899
width: 0.027469316189362946
height: 0.02247686205376818
Area: 0.00043196499769850493
CentroidX: 0.3526
CentroidY: 0.2495
