Location: internet_30.png_Gaussian-Median.png
Component: component_1755078353949_345.png
centerX: 0.2619911326078194
centerY: 0.6487025948103793
width: 0.021362353889560662
height: 0.017964071856287425
Area: 0.00012768842461331726
CentroidX: 0.2753
CentroidY: 0.6587
