Location: internet_21.png_Gaussian-Median.png
Component: component_1755082377330_160.png
centerX: 0.8557033454252317
centerY: 0.30681494154548045
width: 0.011688835147118097
height: 0.04590818363273453
Area: 0.0002559515046029321
CentroidX: 0.8603
CentroidY: 0.3288
