Location: Samociqulo_1709_page_10.png_Gaussian-Median.png
Component: component_1755610056125_934.png
centerX: 0.7828009828009828
centerY: 0.1934375
width: 0.03636363636363636
height: 0.0171875
Area: 0.00028316953316953315
CentroidX: 0.7988
CentroidY: 0.2018
