Location: Kurtxevani_1764_page_10.png_Otsu.png
Component: component_1755610055865_807.png
centerX: 0.3553398058252427
centerY: 0.2661365762394761
width: 0.009708737864077669
height: 0.008886810102899906
Area: 5.5400655725794e-05
CentroidX: 0.3605
CentroidY: 0.2699
