Location: Samociqulo_1709_page_10.png_Gaussian-Median.png
Component: component_1755610056187_1780.png
centerX: 0.65995085995086
centerY: 0.383125
width: 0.015233415233415233
height: 0.0103125
Area: 8.860565110565111e-05
CentroidX: 0.6676
CentroidY: 0.3871
