Location: Paraklitoni_1720_page_10.png_Mean-Medain.png
Component: component_1755610055503_2026.png
centerX: 0.4771341463414634
centerY: 0.7383458646616541
width: 0.013719512195121951
height: 0.010025062656641603
Area: 9.322085702060028e-05
CentroidX: 0.4840
CentroidY: 0.7423
