Location: internet_21.png_Otsu.png
Component: component_1755082376864_1254.png
centerX: 0.550987505038291
centerY: 0.4405474764756202
width: 0.012898024989923419
height: 0.04647847162817223
Area: 0.00012493007880708899
CentroidX: 0.5558
CentroidY: 0.4639
