Location: internet_26.png_Otsu.png
Component: component_1755080009723_177.png
centerX: 0.3688029020556227
centerY: 0.17536355859709152
width: 0.009673518742442563
height: 0.040490447676076416
Area: 0.00015734064203027124
CentroidX: 0.3735
CentroidY: 0.1947
