Location: internet_17.png_Mean-Closing.png
Component: component_1755086411461_302.png
centerX: 0.9097138250705361
centerY: 0.8816652409466781
width: 0.013704151551793631
height: 0.033361847733105215
Area: 0.00019860089804843586
CentroidX: 0.9169
CentroidY: 0.8986
