Location: Dedata_17.png_Otsu.png
Component: component_1755512340181_32.png
centerX: 0.5669354838709677
centerY: 0.06554573952693075
width: 0.018145161290322582
height: 0.013679110857794243
Area: 0.00010123737118377628
CentroidX: 0.5763
CentroidY: 0.0726
