Location: internet_17.png_Gaussian-Closing.png
Component: component_1755086410988_289.png
centerX: 0.09955663039097139
centerY: 0.7998289136013687
width: 0.00886739218057235
height: 0.036783575705731396
Area: 0.00016745457665310825
CentroidX: 0.1035
CentroidY: 0.8184
