Location: Samociqulo_1709_page_10.png_Gaussian-Median.png
Component: component_1755610056092_555.png
centerX: 0.09828009828009827
centerY: 0.08375
width: 0.036855036855036855
height: 0.0165625
Area: 0.00028455159705159704
CentroidX: 0.1151
CentroidY: 0.0924
