Location: internet_15.png_Otsu.png
Component: component_1755087705335_539.png
centerX: 0.6400644901249496
centerY: 0.3661248930710009
width: 0.015719467956469165
height: 0.018249215854006275
Area: 0.00010470220956141498
CentroidX: 0.6457
CentroidY: 0.3758
