Location: Dedata_8.png_Otsu.png
Component: component_1755522187212_76.png
centerX: 0.3056451612903226
centerY: 0.07039042462239954
width: 0.01975806451612903
height: 0.010829296095753777
Area: 7.779534652828211e-05
CentroidX: 0.3174
CentroidY: 0.0738
