Location: internet_21.png_Gaussian-Median.png
Component: component_1755082377315_90.png
centerX: 0.1430874647319629
centerY: 0.1787852865697177
width: 0.012898024989923419
height: 0.040490447676076416
Area: 0.0002189436983693694
CentroidX: 0.1473
CentroidY: 0.1992
