Location: Dedata_13.png_Otsu.png
Component: component_1755520268469_178.png
centerX: 0.3193548387096774
centerY: 0.3211741236819607
width: 0.00967741935483871
height: 0.012254203476774009
Area: 3.493321321210896e-05
CentroidX: 0.3231
CentroidY: 0.3271
