Location: Paraklitoni_1720_page_10.png_Mean-Medain.png
Component: component_1755610055273_654.png
centerX: 0.541920731707317
centerY: 0.24110275689223057
width: 0.06402439024390244
height: 0.014035087719298246
Area: 0.0004107066446604316
CentroidX: 0.5741
CentroidY: 0.2464
