Location: Kurtxevani_1764_page_10.png_Otsu.png
Component: component_1755610056010_2020.png
centerX: 0.49514563106796117
centerY: 0.8442469597754911
width: 0.026537216828478965
height: 0.010757717492984098
Area: 0.0002085849824867326
CentroidX: 0.5088
CentroidY: 0.8492
