Location: Samociqulo_1709_page_10.png_Gaussian-Median.png
Component: component_1755610056272_2823.png
centerX: 0.8894348894348895
centerY: 0.6953125
width: 0.0343980343980344
height: 0.020625
Area: 0.00030804668304668304
CentroidX: 0.9043
CentroidY: 0.7053
