Location: Dedata_17.png_Otsu.png
Component: component_1755512340183_47.png
centerX: 0.2963709677419355
centerY: 0.07552009119407238
width: 0.021370967741935483
height: 0.015958962667426618
Area: 0.00012824166429182104
CentroidX: 0.3065
CentroidY: 0.0826
