Location: Dedata_2.png_Gaussian-Median.png
Component: component_1755523807125_85.png
centerX: 0.917741935483871
centerY: 0.20347677400968936
width: 0.013709677419354839
height: 0.03761755485893417
Area: 0.00028693497825867125
CentroidX: 0.9238
CentroidY: 0.2223
