Location: internet_21.png_Otsu.png
Component: component_1755082376950_1682.png
centerX: 0.43933897621926643
centerY: 0.5286569717707442
width: 0.015719467956469165
height: 0.023096663815226688
Area: 0.00013056170149480505
CentroidX: 0.4453
CentroidY: 0.5426
