Location: Paraklitoni_1720_page_10.png_Mean-Medain.png
Component: component_1755610055353_1515.png
centerX: 0.2759146341463415
centerY: 0.5448621553884712
width: 0.025914634146341462
height: 0.021052631578947368
Area: 0.00021509566599425394
CentroidX: 0.2892
CentroidY: 0.5558
