Location: Kurtxevani_1764_page_10.png_Otsu.png
Component: component_1755610055905_1055.png
centerX: 0.42265372168284787
centerY: 0.38868101028999064
width: 0.010355987055016181
height: 0.009822263797942002
Area: 6.569367372949343e-05
CentroidX: 0.4283
CentroidY: 0.3928
