Location: internet_26.png_Otsu.png
Component: component_1755080009721_165.png
centerX: 0.6134623135832326
centerY: 0.16338751069289992
width: 0.009270455461507456
height: 0.04362703165098375
Area: 0.00014148015364445865
CentroidX: 0.6192
CentroidY: 0.1847
