Location: Paraklitoni_1720_page_10.png_Mean-Medain.png
Component: component_1755610055288_801.png
centerX: 0.37271341463414637
centerY: 0.29774436090225564
width: 0.03201219512195122
height: 0.012531328320802004
Area: 0.00020248792713491046
CentroidX: 0.3895
CentroidY: 0.3049
