Location: Kurtxevani_1784_page_10.png_Gaussian-Closing.png
Component: component_1755610055753_435.png
centerX: 0.7050592034445641
centerY: 0.599203187250996
width: 0.04090419806243272
height: 0.02390438247011952
Area: 0.00042799737540687627
CentroidX: 0.7233
CentroidY: 0.6142
