Location: internet_21.png_Otsu.png
Component: component_1755082377183_2671.png
centerX: 0.7638049173720274
centerY: 0.8203592814371258
width: 0.009270455461507456
height: 0.03735386370116909
Area: 0.0001309064947205836
CentroidX: 0.7673
CentroidY: 0.8393
