Location: Dedata_31.png_Otsu.png
Component: component_1755503061811_1003.png
centerX: 0.1782258064516129
centerY: 0.6976346537475064
width: 0.016935483870967744
height: 0.004559703619264748
Area: 2.4706055396721793e-05
CentroidX: 0.1838
CentroidY: 0.7002
