Location: Paraklitoni_1720_page_10.png_Mean-Medain.png
Component: component_1755610055335_1293.png
centerX: 0.5922256097560976
centerY: 0.4706766917293233
width: 0.022103658536585365
height: 0.016541353383458645
Area: 0.00011767222935387249
CentroidX: 0.6008
CentroidY: 0.4794
