Location: Paraklitoni_1720_page_10.png_Mean-Medain.png
Component: component_1755610055235_358.png
centerX: 0.4679878048780488
centerY: 0.1368421052631579
width: 0.01524390243902439
height: 0.010526315789473684
Area: 9.895164741121095e-05
CentroidX: 0.4760
CentroidY: 0.1411
