Location: internet_21.png_Mean-Medain.png
Component: component_1755082376288_23.png
centerX: 0.8935912938331319
centerY: 0.04305674365554605
width: 0.00886739218057235
height: 0.035642999714856
Area: 0.000170097991384077
CentroidX: 0.8972
CentroidY: 0.0615
