Location: Dedata_31.png_Otsu.png
Component: component_1755503061516_173.png
centerX: 0.3463709677419355
centerY: 0.1658592191507552
width: 0.016129032258064516
height: 0.012539184952978056
Area: 6.5269951001572e-05
CentroidX: 0.3514
CentroidY: 0.1736
