Location: internet_20.png_Gaussian-Closing.png
Component: component_1755083652730_210.png
centerX: 0.8424022571543732
centerY: 0.43028229255774164
width: 0.022974607013301087
height: 0.01996007984031936
Area: 0.00017435044116867894
CentroidX: 0.8568
CentroidY: 0.4397
