Location: Samociqulo_1709_page_10.png_Gaussian-Median.png
Component: component_1755610056278_2920.png
centerX: 0.13857493857493858
centerY: 0.72375
width: 0.013267813267813268
height: 0.009375
Area: 6.894963144963145e-05
CentroidX: 0.1459
CentroidY: 0.7275
