Location: internet_17.png_Otsu.png
Component: component_1755086411107_976.png
centerX: 0.7234985892785167
centerY: 0.5882520672939835
width: 0.011688835147118097
height: 0.031936127744510975
Area: 0.00010952931472231445
CentroidX: 0.7276
CentroidY: 0.6036
