Location: Dedata_31.png_Otsu.png
Component: component_1755503061725_798.png
centerX: 0.6423387096774194
centerY: 0.6386434881732688
width: 0.010887096774193548
height: 0.006839555428897122
Area: 2.3671848426626464e-05
CentroidX: 0.6460
CentroidY: 0.6420
