Location: Dedata_1.png_Otsu.png
Component: component_1755524255289_847.png
centerX: 0.08346774193548387
centerY: 0.9384440011399259
width: 0.021370967741935483
height: 0.010829296095753777
Area: 7.549710881695916e-05
CentroidX: 0.0930
CentroidY: 0.9456
