Location: internet_17.png_Otsu.png
Component: component_1755086411127_1606.png
centerX: 0.07295445384925434
centerY: 0.8072426575420587
width: 0.024586860137041516
height: 0.019389791844881665
Area: 0.0001518239504178147
CentroidX: 0.0832
CentroidY: 0.8168
