Location: Dedata_24.png_Otsu.png
Component: component_1755507995214_146.png
centerX: 0.45725806451612905
centerY: 0.15018523795953262
width: 0.02943548387096774
height: 0.01738387004844685
Area: 6.48103034593074e-05
CentroidX: 0.4696
CentroidY: 0.1583
