Location: Paraklitoni_1720_page_10.png_Mean-Medain.png
Component: component_1755610055342_1400.png
centerX: 0.4504573170731707
centerY: 0.5067669172932331
width: 0.021341463414634148
height: 0.013032581453634085
Area: 0.0001524390243902439
CentroidX: 0.4597
CentroidY: 0.5136
