Location: Paraklitoni_1720_page_10.png_Mean-Medain.png
Component: component_1755610055504_2041.png
centerX: 0.6265243902439024
centerY: 0.7403508771929824
width: 0.027439024390243903
height: 0.008020050125313283
Area: 0.00013410049514028975
CentroidX: 0.6395
CentroidY: 0.7438
