Location: Samociqulo_1709_page_10.png_Gaussian-Median.png
Component: component_1755610056126_949.png
centerX: 0.4339066339066339
centerY: 0.195625
width: 0.0343980343980344
height: 0.01625
Area: 0.00024646805896805896
CentroidX: 0.4533
CentroidY: 0.2037
