Location: Samociqulo_1709_page_10.png_Gaussian-Median.png
Component: component_1755610056103_660.png
centerX: 0.21081081081081082
centerY: 0.1146875
width: 0.016216216216216217
height: 0.0153125
Area: 0.00011194717444717444
CentroidX: 0.2186
CentroidY: 0.1224
