Location: Paraklitoni_1720_page_10.png_Mean-Medain.png
Component: component_1755610055686_2423.png
centerX: 0.37728658536585363
centerY: 0.8867167919799499
width: 0.022103658536585365
height: 0.013533834586466165
Area: 0.0001596980255516841
CentroidX: 0.3885
CentroidY: 0.8929
