Location: Kurtxevani_1794_page_10.png_Mean-Medain.png
Component: component_1755610055130_3433.png
centerX: 0.3243717124488603
centerY: 0.9907448215072719
width: 0.014611338398597311
height: 0.009255178492728075
Area: 4.224344640581682e-05
CentroidX: 0.3304
CentroidY: 0.9958
