Location: internet_30.png_Gaussian-Closing.png
Component: component_1755078354239_177.png
centerX: 0.147118097541314
centerY: 0.3427430852580553
width: 0.02015316404675534
height: 0.022526375819788995
Area: 0.00016837402525518433
CentroidX: 0.1600
CentroidY: 0.3558
