Location: Dedata_22.png_Otsu.png
Component: component_1755510404087_354.png
centerX: 0.5915322580645161
centerY: 0.38073525220860643
width: 0.008467741935483872
height: 0.010259333143345683
Area: 3.76910984656965e-05
CentroidX: 0.5965
CentroidY: 0.3845
