Location: internet_21.png_Gaussian-Closing.png
Component: component_1755082377553_247.png
centerX: 0.5606610237807336
centerY: 0.5868263473053892
width: 0.018540910923014912
height: 0.022526375819788995
Area: 0.0001359634620320021
CentroidX: 0.5677
CentroidY: 0.6007
