Location: Kurtxevani_1794_page_10.png_Mean-Medain.png
Component: component_1755610055030_1875.png
centerX: 0.9824663939216832
centerY: 0.5597179374173645
width: 0.010520163646990065
height: 0.006610841780520053
Area: 5.074365208503606e-05
CentroidX: 0.9868
CentroidY: 0.5630
