Location: Kurtxevani_1794_page_10.png_Mean-Medain.png
Component: component_1755610054828_900.png
centerX: 0.4208065458796026
centerY: 0.2375495813133539
width: 0.08065458796025717
height: 0.023358307624504186
Area: 0.0013332443816860234
CentroidX: 0.4598
CentroidY: 0.2492
