Location: internet_17.png_Gaussian-Median.png
Component: component_1755086411302_341.png
centerX: 0.9081015719467956
centerY: 0.8098089535215284
width: 0.012091898428053204
height: 0.03450242372398061
Area: 0.00018641820407092765
CentroidX: 0.9139
CentroidY: 0.8271
