Location: Kurtxevani_1784_page_10.png_Gaussian-Closing.png
Component: component_1755610055752_427.png
centerX: 0.5296017222820237
centerY: 0.5737051792828686
width: 0.031216361679224973
height: 0.024701195219123506
Area: 0.00044086302797421723
CentroidX: 0.5427
CentroidY: 0.5858
