Location: Samociqulo_1709_page_10.png_Gaussian-Median.png
Component: component_1755610056310_3463.png
centerX: 0.16265356265356265
centerY: 0.8565625
width: 0.03931203931203931
height: 0.01375
Area: 0.00025245700245700247
CentroidX: 0.1826
CentroidY: 0.8624
