Location: Kurtxevani_1764_page_10.png_Otsu.png
Component: component_1755610055899_1042.png
centerX: 0.6640776699029126
centerY: 0.3816651075771749
width: 0.0284789644012945
height: 0.018709073900841908
Area: 0.0003109096908764505
CentroidX: 0.6771
CentroidY: 0.3919
