Location: internet_22.png_Gaussian-Median.png
Component: component_1755082124016_84.png
centerX: 0.8899637243047158
centerY: 0.34644995722840033
width: 0.01894397420395002
height: 0.017964071856287425
Area: 0.0001499850532136625
CentroidX: 0.8965
CentroidY: 0.3564
