Location: Dedata_22.png_Otsu.png
Component: component_1755510404075_239.png
centerX: 0.728225806451613
centerY: 0.3311484753491023
width: 0.020967741935483872
height: 0.010259333143345683
Area: 7.653131578705448e-05
CentroidX: 0.7397
CentroidY: 0.3357
