Location: Samociqulo_1709_page_10.png_Gaussian-Median.png
Component: component_1755610056209_1987.png
centerX: 0.8196560196560196
centerY: 0.4596875
width: 0.026535626535626536
height: 0.013125
Area: 0.00017843980343980345
CentroidX: 0.8335
CentroidY: 0.4662
