Location: Dedata_22.png_Otsu.png
Component: component_1755510404085_341.png
centerX: 0.6939516129032258
centerY: 0.3784554003989741
width: 0.017338709677419354
height: 0.008549444286121402
Area: 7.36585186479008e-05
CentroidX: 0.7031
CentroidY: 0.3823
