Location: internet_26.png_Otsu.png
Component: component_1755080009728_245.png
centerX: 0.6134623135832326
centerY: 0.22412318220701455
width: 0.007255139056831923
height: 0.035642999714856
Area: 0.00013240059869895724
CentroidX: 0.6176
CentroidY: 0.2423
