Location: internet_15.png_Mean-Closing.png
Component: component_1755087704561_228.png
centerX: 0.8827085852478839
centerY: 0.6852010265183918
width: 0.009673518742442563
height: 0.018249215854006275
Area: 8.171599450951268e-05
CentroidX: 0.8861
CentroidY: 0.6944
