Location: internet_26.png_Gaussian-Median.png
Component: component_1755080010534_220.png
centerX: 0.5787988714228134
centerY: 0.4593669803250642
width: 0.02176541717049577
height: 0.011976047904191617
Area: 0.00011148314300172615
CentroidX: 0.5923
CentroidY: 0.4635
