Location: internet_13.png_Gaussian-Closing.png
Component: component_1755088480535_284.png
centerX: 0.07013301088270858
centerY: 0.649272882805817
width: 0.026602176541717048
height: 0.010835471913316224
Area: 0.00015917953923442343
CentroidX: 0.0848
CentroidY: 0.6539
