Location: Kurtxevani_1764_page_10.png_Otsu.png
Component: component_1755610055862_803.png
centerX: 0.5411003236245955
centerY: 0.26520112254443406
width: 0.03559870550161812
height: 0.010757717492984098
Area: 0.00026610478897799413
CentroidX: 0.5585
CentroidY: 0.2698
