Location: Samociqulo_1709_page_10.png_Gaussian-Median.png
Component: component_1755610056236_2284.png
centerX: 0.6211302211302211
centerY: 0.5446875
width: 0.026535626535626536
height: 0.009375
Area: 0.0001617014742014742
CentroidX: 0.6338
CentroidY: 0.5491
