Location: Samociqulo_1709_page_10.png_Gaussian-Median.png
Component: component_1755610056309_3453.png
centerX: 0.5911547911547912
centerY: 0.8540625
width: 0.032432432432432434
height: 0.0209375
Area: 0.00029253685503685505
CentroidX: 0.6065
CentroidY: 0.8643
