Location: Paraklitoni_1720_page_10.png_Mean-Medain.png
Component: component_1755610055361_1588.png
centerX: 0.7423780487804879
centerY: 0.569423558897243
width: 0.022103658536585365
height: 0.012531328320802004
Area: 0.00014212360168714468
CentroidX: 0.7521
CentroidY: 0.5759
