Location: Dedata_24.png_Gaussian-Median.png
Component: component_1755507995758_51.png
centerX: 0.3548387096774194
centerY: 0.0994585351952123
width: 0.024596774193548387
height: 0.01054431461954973
Area: 8.227691006536188e-05
CentroidX: 0.3695
CentroidY: 0.1064
