Location: Dedata_13.png_Otsu.png
Component: component_1755520268573_314.png
centerX: 0.6326612903225807
centerY: 0.4109432886862354
width: 0.006048387096774193
height: 0.009404388714733543
Area: 2.4016584083324907e-05
CentroidX: 0.6355
CentroidY: 0.4147
