Location: Paraklitoni_1720_page_10.png_Mean-Medain.png
Component: component_1755610055284_763.png
centerX: 0.6547256097560976
centerY: 0.2796992481203007
width: 0.019817073170731708
height: 0.012030075187969926
Area: 0.00012034659820282414
CentroidX: 0.6631
CentroidY: 0.2858
