Location: Dedata_24.png_Mean-Closing.png
Component: component_1755507996109_15.png
centerX: 0.027822580645161292
centerY: 0.00968937019093759
width: 0.03346774193548387
height: 0.04331718438301511
Area: 0.0005878892065564126
CentroidX: 0.0442
CentroidY: 0.0275
