Location: Kurtxevani_1764_page_10.png_Otsu.png
Component: component_1755610056009_2011.png
centerX: 0.8
centerY: 0.8400374181478016
width: 0.039482200647249194
height: 0.012628624883068288
Area: 0.0003112124267000887
CentroidX: 0.8206
CentroidY: 0.8465
