Location: Dedata_13.png_Otsu.png
Component: component_1755520268574_323.png
centerX: 0.5604838709677419
centerY: 0.41493302935309206
width: 0.0064516129032258064
height: 0.00883442576232545
Area: 3.102620910285993e-05
CentroidX: 0.5634
CentroidY: 0.4189
