Location: Dedata_31.png_Otsu.png
Component: component_1755503061666_653.png
centerX: 0.4060483870967742
centerY: 0.604160729552579
width: 0.012903225806451613
height: 0.004559703619264748
Area: 2.5740262366817126e-05
CentroidX: 0.4107
CentroidY: 0.6064
