Location: Dedata_10.png_Otsu.png
Component: component_1755521621699_322.png
centerX: 0.8459677419354839
centerY: 0.14676546024508408
width: 0.015725806451612902
height: 0.01567398119122257
Area: 6.561468665827044e-05
CentroidX: 0.8535
CentroidY: 0.1562
