Location: Samociqulo_1709_page_10.png_Gaussian-Median.png
Component: component_1755610056095_570.png
centerX: 0.8884520884520885
centerY: 0.0871875
width: 0.019656019656019656
height: 0.020625
Area: 0.00014373464373464373
CentroidX: 0.8977
CentroidY: 0.0990
