Location: Dedata_30.png_Otsu.png
Component: component_1755503806506_20.png
centerX: 0.37540322580645163
centerY: 0.04987175833570818
width: 0.02338709677419355
height: 0.01396409233399829
Area: 0.00012870131183408563
CentroidX: 0.3897
CentroidY: 0.0547
