Location: internet_7.png_Otsu.png
Component: component_1755093286122_1075.png
centerX: 0.2434502216848045
centerY: 0.8243512974051896
width: 0.012091898428053204
height: 0.04562303963501568
Area: 9.80362071963633e-05
CentroidX: 0.2487
CentroidY: 0.8501
