Location: internet_28.png_Otsu.png
Component: component_1755079435793_427.png
centerX: 0.6356307940346635
centerY: 0.29597946963216426
width: 0.01128577186618299
height: 0.03507271171941831
Area: 8.527885784255753e-05
CentroidX: 0.6407
CentroidY: 0.3116
