Location: Kurtxevani_1784_page_10.png_Gaussian-Closing.png
Component: component_1755610055738_311.png
centerX: 0.3143164693218515
centerY: 0.43187250996015936
width: 0.038751345532831
height: 0.023107569721115537
Area: 0.00043571676694728086
CentroidX: 0.3324
CentroidY: 0.4451
