Location: internet_27.png_Otsu.png
Component: component_1755079634775_1071.png
centerX: 0.8101571946795647
centerY: 0.3609923011120616
width: 0.027408303103587262
height: 0.021670943826632448
Area: 0.0001578003663313093
CentroidX: 0.8226
CentroidY: 0.3717
