Location: internet_15.png_Gaussian-Median.png
Component: component_1755087704631_54.png
centerX: 0.9254332930270053
centerY: 0.0861134873110921
width: 0.02418379685610641
height: 0.023096663815226688
Area: 0.00017285633719030529
CentroidX: 0.9335
CentroidY: 0.1009
