Location: internet_26.png_Otsu.png
Component: component_1755080009735_360.png
centerX: 0.5828295042321644
centerY: 0.29056173367550614
width: 0.02015316404675534
height: 0.015397775876817793
Area: 6.70048168762952e-05
CentroidX: 0.5949
CentroidY: 0.2956
