Location: Paraklitoni_1720_page_10.png_Mean-Medain.png
Component: component_1755610055683_2399.png
centerX: 0.2035060975609756
centerY: 0.8802005012531329
width: 0.010670731707317074
height: 0.013032581453634085
Area: 8.94003300935265e-05
CentroidX: 0.2082
CentroidY: 0.8875
