Location: Kurtxevani_1764_page_10.png_Otsu.png
Component: component_1755610055991_1789.png
centerX: 0.8485436893203884
centerY: 0.7502338634237605
width: 0.009708737864077669
height: 0.011693171188026192
Area: 7.053744690770493e-05
CentroidX: 0.8538
CentroidY: 0.7554
