Location: Dedata_31.png_Otsu.png
Component: component_1755503061504_73.png
centerX: 0.6588709677419354
centerY: 0.08178968367056141
width: 0.01975806451612903
height: 0.01567398119122257
Area: 8.675847360244165e-05
CentroidX: 0.6660
CentroidY: 0.0913
