Location: Dedata_31.png_Otsu.png
Component: component_1755503061500_47.png
centerX: 0.13064516129032258
centerY: 0.04930179538330009
width: 0.014516129032258065
height: 0.031062980906241093
Area: 0.00015754419511118873
CentroidX: 0.1396
CentroidY: 0.0667
