Location: internet_24.png_Gaussian-Closing.png
Component: component_1755081215314_157.png
centerX: 0.1608222490931076
centerY: 0.5340747077274023
width: 0.008464328899637243
height: 0.01853435985172512
Area: 8.309516741262681e-05
CentroidX: 0.1652
CentroidY: 0.5431
