Location: Kurtxevani_1764_page_10.png_Otsu.png
Component: component_1755610055991_1791.png
centerX: 0.7922330097087379
centerY: 0.7511693171188026
width: 0.011650485436893204
height: 0.01028999064546305
Area: 6.266631549311125e-05
CentroidX: 0.7991
CentroidY: 0.7557
