Location: internet_26.png_Otsu.png
Component: component_1755080009739_430.png
centerX: 0.4199919387343813
centerY: 0.31736526946107785
width: 0.006449012494961709
height: 0.014257199885942401
Area: 3.5168909029410515e-05
CentroidX: 0.4231
CentroidY: 0.3254
