Location: internet_21.png_Otsu.png
Component: component_1755082376778_779.png
centerX: 0.8367593712212817
centerY: 0.31850584545195326
width: 0.01652559451833938
height: 0.019104647847162818
Area: 9.493306816435649e-05
CentroidX: 0.8424
CentroidY: 0.3313
