Location: internet_10.png_Gaussian-Closing.png
Component: component_1755091714673_272.png
centerX: 0.12817412333736397
centerY: 0.8428856572569148
width: 0.049979846835953246
height: 0.044767607641859136
Area: 0.0009130124618615594
CentroidX: 0.1558
CentroidY: 0.8636
