Location: internet_13.png_Mean-Medain.png
Component: component_1755088480956_148.png
centerX: 0.36920596533655786
centerY: 0.28001140575990874
width: 0.02539298669891173
height: 0.013686911890504704
Area: 0.0001699830603088175
CentroidX: 0.3839
CentroidY: 0.2854
