Location: Samociqulo_1709_page_10.png_Gaussian-Median.png
Component: component_1755610056190_1793.png
centerX: 0.7631449631449632
centerY: 0.385
width: 0.040294840294840296
height: 0.014375
Area: 0.00023832923832923833
CentroidX: 0.7809
CentroidY: 0.3903
