Location: Dedata_10.png_Otsu.png
Component: component_1755521621700_325.png
centerX: 0.8338709677419355
centerY: 0.14847534910230836
width: 0.011693548387096775
height: 0.014249073810202337
Area: 5.067614153467121e-05
CentroidX: 0.8381
CentroidY: 0.1576
