Location: Dedata_24.png_Mean-Medain.png
Component: component_1755507995377_18.png
centerX: 0.0842741935483871
centerY: 0.011969222000569962
width: 0.015725806451612902
height: 0.03590766600170989
Area: 0.00020385368499434633
CentroidX: 0.0922
CentroidY: 0.0297
