Location: Paraklitoni_1720_page_10.png_Mean-Medain.png
Component: component_1755610055528_2111.png
centerX: 0.30259146341463417
centerY: 0.7739348370927318
width: 0.038109756097560975
height: 0.021052631578947368
Area: 0.0002617060945045541
CentroidX: 0.3219
CentroidY: 0.7852
