Location: internet_17.png_Gaussian-Median.png
Component: component_1755086411284_272.png
centerX: 0.6912535268037082
centerY: 0.6518391787852865
width: 0.026602176541717048
height: 0.018819503849443968
Area: 0.0002059564868650446
CentroidX: 0.7012
CentroidY: 0.6619
