Location: Kurtxevani_1784_page_10.png_Gaussian-Closing.png
Component: component_1755610055727_214.png
centerX: 0.5231431646932185
centerY: 0.2661354581673307
width: 0.10979547900968784
height: 0.02948207171314741
Area: 0.0013243045042649639
CentroidX: 0.5812
CentroidY: 0.2793
