Location: Dedata_13.png_Otsu.png
Component: component_1755520268586_377.png
centerX: 0.9064516129032258
centerY: 0.4531205471644343
width: 0.007258064516129033
height: 0.011114277571957822
Area: 3.734636280899806e-05
CentroidX: 0.9095
CentroidY: 0.4583
