Location: internet_18.png_Otsu.png
Component: component_1755084392590_47.png
centerX: 0.3994357114066909
centerY: 0.07157114342743086
width: 0.020556227327690448
height: 0.01311662389506701
Area: 7.803820010120831e-05
CentroidX: 0.4126
CentroidY: 0.0760
