Location: internet_17.png_Otsu.png
Component: component_1755086411132_1698.png
centerX: 0.9101168883514712
centerY: 0.8816652409466781
width: 0.012898024989923419
height: 0.033361847733105215
Area: 0.0001800969949316545
CentroidX: 0.9170
CentroidY: 0.8984
