Location: Paraklitoni_1720_page_10.png_Mean-Medain.png
Component: component_1755610055318_1132.png
centerX: 0.5434451219512195
centerY: 0.4075187969924812
width: 0.01600609756097561
height: 0.013032581453634085
Area: 0.00012072865089553151
CentroidX: 0.5518
CentroidY: 0.4129
