Location: internet_26.png_Gaussian-Median.png
Component: component_1755080010500_121.png
centerX: 0.573559048770657
centerY: 0.2840034217279726
width: 0.009270455461507456
height: 0.038209295694325636
Area: 0.00015619133127767613
CentroidX: 0.5784
CentroidY: 0.3038
