Location: Dedata_17.png_Otsu.png
Component: component_1755512340212_293.png
centerX: 0.7387096774193549
centerY: 0.24793388429752067
width: 0.0068548387096774195
height: 0.01054431461954973
Area: 2.9647266476066154e-05
CentroidX: 0.7424
CentroidY: 0.2536
