Location: internet_20.png_Otsu.png
Component: component_1755083652394_372.png
centerX: 0.15800080612656187
centerY: 0.18021100655831196
width: 0.02418379685610641
height: 0.015968063872255488
Area: 0.00010838000396971934
CentroidX: 0.1711
CentroidY: 0.1878
