Location: Paraklitoni_1720_page_10.png_Mean-Medain.png
Component: component_1755610055356_1532.png
centerX: 0.7225609756097561
centerY: 0.5483709273182957
width: 0.04878048780487805
height: 0.01804511278195489
Area: 0.00031481141879087965
CentroidX: 0.7457
CentroidY: 0.5575
