Location: Dedata_13.png_Otsu.png
Component: component_1755520268575_324.png
centerX: 0.6104838709677419
centerY: 0.41493302935309206
width: 0.0064516129032258064
height: 0.009974351667141636
Area: 3.206041607295526e-05
CentroidX: 0.6136
CentroidY: 0.4197
