Location: Dedata_17.png_Otsu.png
Component: component_1755512340185_73.png
centerX: 0.3435483870967742
centerY: 0.09005414648047877
width: 0.007661290322580645
height: 0.025933314334568254
Area: 7.745061087158368e-05
CentroidX: 0.3475
CentroidY: 0.1061
