Location: internet_17.png_Gaussian-Median.png
Component: component_1755086411214_39.png
centerX: 0.845626763401854
centerY: 0.09723410322212718
width: 0.010479645304312777
height: 0.033361847733105215
Area: 0.000164926092997399
CentroidX: 0.8502
CentroidY: 0.1136
