Location: Kurtxevani_1764_page_10.png_Otsu.png
Component: component_1755610055986_1729.png
centerX: 0.5242718446601942
centerY: 0.7231057062675398
width: 0.009708737864077669
height: 0.009354536950420954
Area: 6.175810802219659e-05
CentroidX: 0.5293
CentroidY: 0.7272
