Location: internet_21.png_Otsu.png
Component: component_1755082376785_919.png
centerX: 0.09391374445787988
centerY: 0.3558597091531223
width: 0.0068520757758968156
height: 0.020245223838038208
Area: 3.9421358814012445e-05
CentroidX: 0.0970
CentroidY: 0.3646
