Location: internet_24.png_Otsu.png
Component: component_1755081216018_1058.png
centerX: 0.4619105199516324
centerY: 0.5637296834901625
width: 0.006449012494961709
height: 0.01710863986313088
Area: 7.010795590830202e-05
CentroidX: 0.4650
CentroidY: 0.5720
