Location: Paraklitoni_1720_page_10.png_Mean-Medain.png
Component: component_1755610055305_990.png
centerX: 0.23094512195121952
centerY: 0.3598997493734336
width: 0.020579268292682928
height: 0.012531328320802004
Area: 0.0001455620759215111
CentroidX: 0.2402
CentroidY: 0.3661
