Location: Dedata_10.png_Otsu.png
Component: component_1755521621697_259.png
centerX: 0.2653225806451613
centerY: 0.13137646053006555
width: 0.010887096774193548
height: 0.014534055286406384
Area: 5.239981981816343e-05
CentroidX: 0.2708
CentroidY: 0.1396
