Location: Kurtxevani_1794_page_10.png_Mean-Medain.png
Component: component_1755610054831_903.png
centerX: 0.6224430157802455
centerY: 0.2375495813133539
width: 0.03915838690824079
height: 0.022917584839136182
Area: 0.0004409803673582829
CentroidX: 0.6454
CentroidY: 0.2479
