Location: Paraklitoni_1720_page_10.png_Mean-Medain.png
Component: component_1755610055351_1472.png
centerX: 0.45503048780487804
centerY: 0.531328320802005
width: 0.02972560975609756
height: 0.008521303258145364
Area: 0.00016924934286936854
CentroidX: 0.4704
CentroidY: 0.5356
