Location: Dedata_17.png_Otsu.png
Component: component_1755512340239_554.png
centerX: 0.11814516129032258
centerY: 0.42205756625819324
width: 0.006048387096774193
height: 0.02336848104873183
Area: 5.504279318618484e-05
CentroidX: 0.1208
CentroidY: 0.4302
