Location: Samociqulo_1709_page_10.png_Gaussian-Median.png
Component: component_1755610056295_3165.png
centerX: 0.6781326781326781
centerY: 0.785
width: 0.007371007371007371
height: 0.0071875
Area: 3.363022113022113e-05
CentroidX: 0.6816
CentroidY: 0.7884
