Location: internet_13.png_Mean-Medain.png
Component: component_1755088480990_314.png
centerX: 0.2245062474808545
centerY: 0.6926147704590818
width: 0.023377670294236194
height: 0.010550327915597377
Area: 0.00014125029149393963
CentroidX: 0.2375
CentroidY: 0.6971
