Location: internet_17.png_Otsu.png
Component: component_1755086411074_216.png
centerX: 0.9705763804917372
centerY: 0.23609923011120615
width: 0.006045949214026602
height: 0.01710863986313088
Area: 4.068560064186707e-05
CentroidX: 0.9737
CentroidY: 0.2429
