Location: internet_21.png_Otsu.png
Component: component_1755082377169_2598.png
centerX: 0.35106811769447804
centerY: 0.7935557456515541
width: 0.017331721080209594
height: 0.01568291987453664
Area: 0.00010458727848615546
CentroidX: 0.3570
CentroidY: 0.8031
