Location: Samociqulo_1709_page_10.png_Gaussian-Median.png
Component: component_1755610056129_1011.png
centerX: 0.9764127764127765
centerY: 0.2175
width: 0.01769041769041769
height: 0.005
Area: 2.933046683046683e-05
CentroidX: 0.9834
CentroidY: 0.2205
