Location: internet_8.png_Gaussian-Closing.png
Component: component_1755092787252_25.png
centerX: 0.6670697299476017
centerY: 0.07613344739093242
width: 0.03909713825070536
height: 0.017678927858568578
Area: 0.00019584255224220758
CentroidX: 0.6885
CentroidY: 0.0853
