Location: Dedata_24.png_Otsu.png
Component: component_1755507995216_173.png
centerX: 0.6899193548387097
centerY: 0.15673981191222572
width: 0.01129032258064516
height: 0.006839555428897122
Area: 1.3214866840107006e-05
CentroidX: 0.6963
CentroidY: 0.1602
