Location: Dedata_29.png_Otsu.png
Component: component_1755504603341_74.png
centerX: 0.694758064516129
centerY: 0.0994585351952123
width: 0.008467741935483872
height: 0.006269592476489028
Area: 2.5050791053420236e-05
CentroidX: 0.6989
CentroidY: 0.1026
