Location: Kurtxevani_1764_page_10.png_Otsu.png
Component: component_1755610055834_607.png
centerX: 0.27313915857605175
centerY: 0.1735266604303087
width: 0.012297734627831715
height: 0.009354536950420954
Area: 6.387725878766412e-05
CentroidX: 0.2796
CentroidY: 0.1777
