Location: Kurtxevani_1794_page_10.png_Mean-Medain.png
Component: component_1755610054818_849.png
centerX: 0.9877264757451782
centerY: 0.21771705597179375
width: 0.012273524254821741
height: 0.03525782282944028
Area: 0.0002377481770278593
CentroidX: 0.9956
CentroidY: 0.2358
