Location: internet_27.png_Otsu.png
Component: component_1755079634754_531.png
centerX: 0.6771463119709794
centerY: 0.20644425434844596
width: 0.010882708585247884
height: 0.011120615911035072
Area: 2.850290666435885e-05
CentroidX: 0.6811
CentroidY: 0.2128
