Location: internet_30.png_Mean-Medain.png
Component: component_1755078353507_170.png
centerX: 0.3615477629987908
centerY: 0.3341887653264899
width: 0.02257154373236598
height: 0.018819503849443968
Area: 0.00015228367471885272
CentroidX: 0.3753
CentroidY: 0.3454
