Location: internet_21.png_Otsu.png
Component: component_1755082376575_59.png
centerX: 0.6251511487303507
centerY: 0.0499001996007984
width: 0.009673518742442563
height: 0.03450242372398061
Area: 0.00014021591181660403
CentroidX: 0.6291
CentroidY: 0.0666
