Location: Dedata_26.png_Gaussian-Closing.png
Component: component_1755507054790_1.png
centerX: 0.0
centerY: 0.0005699629524080935
width: 0.6971774193548387
height: 0.006554573952693075
Area: 0.000847015508508076
CentroidX: 0.3399
CentroidY: 0.0033
