Location: Kurtxevani_1784_page_10.png_Gaussian-Closing.png
Component: component_1755610055718_151.png
centerX: 0.5705059203444564
centerY: 0.1952191235059761
width: 0.04090419806243272
height: 0.034262948207171316
Area: 0.0005635155824495345
CentroidX: 0.5900
CentroidY: 0.2118
