Location: internet_27.png_Otsu.png
Component: component_1755079634761_707.png
centerX: 0.34582829504232165
centerY: 0.24836042201311662
width: 0.005642885933091495
height: 0.00998003992015968
Area: 8.275037418684827e-06
CentroidX: 0.3497
CentroidY: 0.2535
