Location: internet_20.png_Otsu.png
Component: component_1755083652570_1314.png
centerX: 0.841596130592503
centerY: 0.7208440262332478
width: 0.024989923417976623
height: 0.020815511833475905
Area: 0.00016124829858909462
CentroidX: 0.8551
CentroidY: 0.7306
