Location: Dedata_8.png_Otsu.png
Component: component_1755522187515_309.png
centerX: 0.9096774193548387
centerY: 0.5602735822171558
width: 0.018145161290322582
height: 0.016243944143630663
Area: 0.00010583384660642219
CentroidX: 0.9215
CentroidY: 0.5669
