Location: internet_21.png_Otsu.png
Component: component_1755082376883_1259.png
centerX: 0.679161628375655
centerY: 0.4414029084687767
width: 0.02015316404675534
height: 0.020815511833475905
Area: 9.964524224999647e-05
CentroidX: 0.6867
CentroidY: 0.4550
