Location: Kurtxevani_1784_page_10.png_Gaussian-Closing.png
Component: component_1755610055711_95.png
centerX: 0.7104413347685683
centerY: 0.12828685258964143
width: 0.016146393972012917
height: 0.02390438247011952
Area: 0.00023672800723907386
CentroidX: 0.7176
CentroidY: 0.1394
