Location: Paraklitoni_1720_page_10.png_Mean-Medain.png
Component: component_1755610055693_2635.png
centerX: 0.725609756097561
centerY: 0.9593984962406015
width: 0.01524390243902439
height: 0.016541353383458645
Area: 0.00013639281129653401
CentroidX: 0.7325
CentroidY: 0.9660
