Location: internet_21.png_Otsu.png
Component: component_1755082376600_346.png
centerX: 0.8919790407093914
centerY: 0.18762475049900199
width: 0.012091898428053204
height: 0.041060735671514116
Area: 0.00013309018515051432
CentroidX: 0.8959
CentroidY: 0.2103
