Location: internet_21.png_Otsu.png
Component: component_1755082376952_1780.png
centerX: 0.08504635227730754
centerY: 0.5437696036498432
width: 0.008464328899637243
height: 0.04961505560307956
Area: 0.00014527287912802252
CentroidX: 0.0882
CentroidY: 0.5694
