Location: internet_11.png_Gaussian-Median.png
Component: component_1755091163987_99.png
centerX: 0.9379282547359935
centerY: 0.258910749928714
width: 0.008061265618702136
height: 0.03022526375819789
Area: 0.00015929447030968292
CentroidX: 0.9422
CentroidY: 0.2747
