Location: Samociqulo_1709_page_10.png_Gaussian-Median.png
Component: component_1755610056219_2059.png
centerX: 0.799017199017199
centerY: 0.4834375
width: 0.03931203931203931
height: 0.019375
Area: 0.0002595208845208845
CentroidX: 0.8145
CentroidY: 0.4942
