Location: Kurtxevani_1784_page_10.png_Gaussian-Closing.png
Component: component_1755610055729_229.png
centerX: 0.3110871905274489
centerY: 0.3035856573705179
width: 0.0861141011840689
height: 0.027091633466135457
Area: 0.0009717856239198213
CentroidX: 0.3556
CentroidY: 0.3158
