Location: Samociqulo_1709_page_10.png_Gaussian-Median.png
Component: component_1755610056288_3061.png
centerX: 0.542014742014742
centerY: 0.76125
width: 0.008845208845208846
height: 0.0059375
Area: 3.4551597051597054e-05
CentroidX: 0.5466
CentroidY: 0.7638
