Location: Kurtxevani_1784_page_10.png_Gaussian-Closing.png
Component: component_1755610055741_344.png
centerX: 0.42734122712594186
centerY: 0.46772908366533866
width: 0.03982777179763186
height: 0.024701195219123506
Area: 0.0004623057822531189
CentroidX: 0.4454
CentroidY: 0.4802
