Location: internet_27.png_Otsu.png
Component: component_1755079634762_745.png
centerX: 0.7049576783555018
centerY: 0.25320786997433703
width: 0.014913341394598953
height: 0.008269175933846592
Area: 2.1377179998269137e-05
CentroidX: 0.7107
CentroidY: 0.2585
