Location: Paraklitoni_1720_page_10.png_Mean-Medain.png
Component: component_1755610055694_2742.png
centerX: 0.604420731707317
centerY: 0.9884711779448622
width: 0.020579268292682928
height: 0.011528822055137845
Area: 0.00014288770707255945
CentroidX: 0.6150
CentroidY: 0.9948
