Location: Paraklitoni_1720_page_10.png_Mean-Medain.png
Component: component_1755610055293_858.png
centerX: 0.23246951219512196
centerY: 0.31779448621553885
width: 0.021341463414634148
height: 0.014035087719298246
Area: 0.00011690812396845773
CentroidX: 0.2421
CentroidY: 0.3255
