Location: internet_23.png_Otsu.png
Component: component_1755081841825_672.png
centerX: 0.4195888754534462
centerY: 0.35186769318505845
width: 0.006449012494961709
height: 0.012546335899629312
Area: 1.9193489568338418e-05
CentroidX: 0.4215
CentroidY: 0.3581
