Location: Kurtxevani_1764_page_10.png_Otsu.png
Component: component_1755610055827_521.png
centerX: 0.8239482200647249
centerY: 0.1421889616463985
width: 0.040129449838187704
height: 0.011225444340505144
Area: 0.00028396620257264906
CentroidX: 0.8443
CentroidY: 0.1474
