Location: Paraklitoni_1720_page_10.png_Mean-Medain.png
Component: component_1755610055271_634.png
centerX: 0.3132621951219512
centerY: 0.23609022556390977
width: 0.03429878048780488
height: 0.016040100250626566
Area: 0.00022388287792652362
CentroidX: 0.3302
CentroidY: 0.2437
