Location: Dedata_31.png_Gaussian-Closing.png
Component: component_1755503061909_26.png
centerX: 0.5366935483870968
centerY: 0.04217725847819892
width: 0.01653225806451613
height: 0.018523795953263037
Area: 0.00011054523391463426
CentroidX: 0.5425
CentroidY: 0.0530
