Location: Kurtxevani_1784_page_10.png_Gaussian-Closing.png
Component: component_1755610055751_417.png
centerX: 0.21205597416576966
centerY: 0.5689243027888446
width: 0.08396124865446716
height: 0.027888446215139442
Area: 0.0008971648390292436
CentroidX: 0.2592
CentroidY: 0.5831
