Location: Dedata_1.png_Otsu.png
Component: component_1755524255288_844.png
centerX: 0.3604838709677419
centerY: 0.9335993160444571
width: 0.01129032258064516
height: 0.013394129381590196
Area: 4.021915994815176e-05
CentroidX: 0.3651
CentroidY: 0.9423
