Location: Kurtxevani_1764_page_10.png_Otsu.png
Component: component_1755610055850_710.png
centerX: 0.801294498381877
centerY: 0.2235734331150608
width: 0.02330097087378641
height: 0.01216089803554724
Area: 7.598669173319286e-05
CentroidX: 0.8147
CentroidY: 0.2306
