Location: Dedata_10.png_Otsu.png
Component: component_1755521621701_334.png
centerX: 0.6016129032258064
centerY: 0.1530350527215731
width: 0.010887096774193548
height: 0.014534055286406384
Area: 4.987175833570818e-05
CentroidX: 0.6066
CentroidY: 0.1619
