Location: internet_15.png_Otsu.png
Component: component_1755087705391_918.png
centerX: 0.5050382910116888
centerY: 0.656686626746507
width: 0.012898024989923419
height: 0.019674935842600515
Area: 8.930144547664043e-05
CentroidX: 0.5096
CentroidY: 0.6666
