Location: Dedata_17.png_Otsu.png
Component: component_1755512340221_365.png
centerX: 0.9512096774193548
centerY: 0.30436021658592194
width: 0.02338709677419355
height: 0.016813907096038756
Area: 0.00012019783230219068
CentroidX: 0.9624
CentroidY: 0.3136
