Location: internet_22.png_Gaussian-Closing.png
Component: component_1755082124123_66.png
centerX: 0.6203143893591294
centerY: 0.30424864556601083
width: 0.014510278113663845
height: 0.017964071856287425
Area: 0.00012320611267819634
CentroidX: 0.6252
CentroidY: 0.3142
