Location: internet_13.png_Mean-Medain.png
Component: component_1755088480939_64.png
centerX: 0.45747682386134625
centerY: 0.09552323923581409
width: 0.019750100765820233
height: 0.007413743940690049
Area: 8.79222725735263e-05
CentroidX: 0.4681
CentroidY: 0.0988
