Location: Samociqulo_1709_page_10.png_Gaussian-Median.png
Component: component_1755610056329_3785.png
centerX: 0.9321867321867322
centerY: 0.9278125
width: 0.015724815724815724
height: 0.0134375
Area: 0.00011977886977886978
CentroidX: 0.9400
CentroidY: 0.9345
