Location: internet_11.png_Gaussian-Median.png
Component: component_1755091164063_225.png
centerX: 0.18178153970173316
centerY: 0.5414884516680923
width: 0.008061265618702136
height: 0.02737382378100941
Area: 0.00015366284762196686
CentroidX: 0.1862
CentroidY: 0.5550
