Location: internet_21.png_Gaussian-Median.png
Component: component_1755082377319_110.png
centerX: 0.36920596533655786
centerY: 0.22355289421157684
width: 0.012091898428053204
height: 0.04220131166238951
Area: 0.0002190586294446289
CentroidX: 0.3736
CentroidY: 0.2453
