Location: internet_20.png_Otsu.png
Component: component_1755083652395_466.png
centerX: 0.16807738814993953
centerY: 0.1996007984031936
width: 0.022168480451430876
height: 0.00855431993156544
Area: 3.850191021193635e-05
CentroidX: 0.1796
CentroidY: 0.2049
