Location: internet_26.png_Otsu.png
Component: component_1755080009738_402.png
centerX: 0.08383716243450222
centerY: 0.30510407755916735
width: 0.019750100765820233
height: 0.01283147989734816
Area: 7.631423397231563e-05
CentroidX: 0.0960
CentroidY: 0.3099
