Location: Dedata_13.png_Otsu.png
Component: component_1755520268555_215.png
centerX: 0.5637096774193548
centerY: 0.3576517526360787
width: 0.007258064516129033
height: 0.01310914790538615
Area: 2.918761893380156e-05
CentroidX: 0.5672
CentroidY: 0.3633
