Location: Dedata_31.png_Mean-Medain.png
Component: component_1755503060917_42.png
centerX: 0.11814516129032258
centerY: 0.048446850954687946
width: 0.017338709677419354
height: 0.02336848104873183
Area: 0.0001377793507938113
CentroidX: 0.1242
CentroidY: 0.0615
