Location: Samociqulo_1709_page_10.png_Gaussian-Median.png
Component: component_1755610056120_832.png
centerX: 0.7223587223587223
centerY: 0.1675
width: 0.03783783783783784
height: 0.0246875
Area: 0.00028025184275184273
CentroidX: 0.7418
CentroidY: 0.1791
