Location: Samociqulo_1709_page_10.png_Gaussian-Median.png
Component: component_1755610056324_3705.png
centerX: 0.1931203931203931
centerY: 0.9071875
width: 0.03488943488943489
height: 0.0178125
Area: 0.0002635135135135135
CentroidX: 0.2081
CentroidY: 0.9162
