Location: internet_15.png_Mean-Closing.png
Component: component_1755087704550_181.png
centerX: 0.3075372833534865
centerY: 0.5500427715996579
width: 0.03667875856509472
height: 0.019389791844881665
Area: 0.0002610084719143506
CentroidX: 0.3235
CentroidY: 0.5617
