Location: Kurtxevani_1764_page_10.png_Otsu.png
Component: component_1755610055908_1061.png
centerX: 0.22718446601941747
centerY: 0.3891487371375117
width: 0.027831715210355986
height: 0.010757717492984098
Area: 0.00022886828267049326
CentroidX: 0.2411
CentroidY: 0.3941
