Location: Dedata_8.png_Otsu.png
Component: component_1755522187206_59.png
centerX: 0.3467741935483871
centerY: 0.05414648047876888
width: 0.025806451612903226
height: 0.025648332858364205
Area: 0.00013306796348559925
CentroidX: 0.3602
CentroidY: 0.0670
