Location: Kurtxevani_1764_page_10.png_Otsu.png
Component: component_1755610055945_1361.png
centerX: 0.5792880258899676
centerY: 0.538821328344247
width: 0.03171521035598705
height: 0.011225444340505144
Area: 0.00022735460355230216
CentroidX: 0.5951
CentroidY: 0.5437
