Location: internet_15.png_Gaussian-Median.png
Component: component_1755087704658_231.png
centerX: 0.422813381700927
centerY: 0.4585115483319076
width: 0.016122531237404272
height: 0.019104647847162818
Area: 9.619730999221113e-05
CentroidX: 0.4291
CentroidY: 0.4683
