Location: Samociqulo_1709_page_10.png_Gaussian-Median.png
Component: component_1755610056094_566.png
centerX: 0.8034398034398035
centerY: 0.086875
width: 0.027518427518427518
height: 0.021875
Area: 0.0001746007371007371
CentroidX: 0.8158
CentroidY: 0.1006
