Location: Dedata_22.png_Otsu.png
Component: component_1755510404106_510.png
centerX: 0.3189516129032258
centerY: 0.4317469364491308
width: 0.014112903225806451
height: 0.02821316614420063
Area: 0.00010468472775076071
CentroidX: 0.3246
CentroidY: 0.4438
