Location: Samociqulo_1709_page_10.png_Gaussian-Median.png
Component: component_1755610056279_2921.png
centerX: 0.7179361179361179
centerY: 0.72375
width: 0.008845208845208846
height: 0.0053125
Area: 2.9637592137592137e-05
CentroidX: 0.7224
CentroidY: 0.7265
