Location: internet_21.png_Otsu.png
Component: component_1755082376977_2045.png
centerX: 0.6723095525997581
centerY: 0.6016538351867693
width: 0.009673518742442563
height: 0.016823495865412035
Area: 5.367281214619187e-05
CentroidX: 0.6766
CentroidY: 0.6106
