Location: Dedata_30.png_Mean-Medain.png
Component: component_1755503806260_232.png
centerX: 0.7689516129032258
centerY: 0.6560273582217155
width: 0.03024193548387097
height: 0.027358221715588486
Area: 0.0003437014497283483
CentroidX: 0.7822
CentroidY: 0.6688
