Location: Paraklitoni_1720_page_10.png_Mean-Medain.png
Component: component_1755610055312_1071.png
centerX: 0.33460365853658536
centerY: 0.38646616541353385
width: 0.028963414634146343
height: 0.013533834586466165
Area: 0.0001837673451922489
CentroidX: 0.3503
CentroidY: 0.3917
