Location: Dedata_1.png_Otsu.png
Component: component_1755524255273_633.png
centerX: 0.7661290322580645
centerY: 0.8116272442291251
width: 0.00564516129032258
height: 0.005129666571672842
Area: 7.469272561799612e-06
CentroidX: 0.7683
CentroidY: 0.8140
