Location: Dedata_30.png_Otsu.png
Component: component_1755503806552_102.png
centerX: 0.18024193548387096
centerY: 0.22741521801082928
width: 0.027016129032258064
height: 0.016243944143630663
Area: 0.00014651265409683855
CentroidX: 0.1946
CentroidY: 0.2343
