Location: Samociqulo_1709_page_10.png_Gaussian-Median.png
Component: component_1755610056184_1741.png
centerX: 0.9862407862407863
centerY: 0.369375
width: 0.013759213759213759
height: 0.00875
Area: 9.797297297297297e-05
CentroidX: 0.9933
CentroidY: 0.3737
