Location: Samociqulo_1709_page_10.png_Gaussian-Median.png
Component: component_1755610056118_796.png
centerX: 0.10515970515970516
centerY: 0.1546875
width: 0.011793611793611793
height: 0.0065625
Area: 4.176904176904177e-05
CentroidX: 0.1098
CentroidY: 0.1583
