Location: Dedata_24.png_Gaussian-Median.png
Component: component_1755507995749_18.png
centerX: 0.0846774193548387
centerY: 0.012254203476774009
width: 0.01532258064516129
height: 0.03562268452550584
Area: 0.0001922475845521654
CentroidX: 0.0922
CentroidY: 0.0300
