Location: internet_26.png_Otsu.png
Component: component_1755080009720_160.png
centerX: 0.9266424828698105
centerY: 0.16139150270886798
width: 0.011688835147118097
height: 0.03649843170801255
Area: 0.00012872280429065288
CentroidX: 0.9325
CentroidY: 0.1800
