Location: Kurtxevani_1794_page_10.png_Mean-Medain.png
Component: component_1755610055048_2105.png
centerX: 0.8731735827001753
centerY: 0.6628470691934774
width: 0.054354178842782
height: 0.0374614367562803
Area: 0.0013687906963445768
CentroidX: 0.8996
CentroidY: 0.6817
