Location: Dedata_16.png_Mean-Medain.png
Component: component_1755519378310_4.png
centerX: 0.9838709677419355
centerY: 0.0005699629524080935
width: 0.016129032258064516
height: 0.009404388714733543
Area: 3.24051517296537e-05
CentroidX: 0.9885
CentroidY: 0.0030
