Location: internet_11.png_Otsu.png
Component: component_1755091163690_1168.png
centerX: 0.4429665457476824
centerY: 0.5360707157114343
width: 0.009673518742442563
height: 0.02594810379241517
Area: 0.00013527387558044503
CentroidX: 0.4486
CentroidY: 0.5489
