Location: internet_21.png_Otsu.png
Component: component_1755082376997_2292.png
centerX: 0.33252720677146314
centerY: 0.6646706586826348
width: 0.019750100765820233
height: 0.022241231822070145
Area: 0.00011113834977594762
CentroidX: 0.3400
CentroidY: 0.6781
