Location: internet_13.png_Gaussian-Median.png
Component: component_1755088480732_155.png
centerX: 0.2652156388553003
centerY: 0.28172226974622183
width: 0.026199113260781944
height: 0.010835471913316224
Area: 0.00014918053568684593
CentroidX: 0.2801
CentroidY: 0.2867
