Location: internet_30.png_Mean-Closing.png
Component: component_1755078353350_186.png
centerX: 0.4800483675937122
centerY: 0.37867122897063016
width: 0.019750100765820233
height: 0.01996007984031936
Area: 0.0001468819141816557
CentroidX: 0.4920
CentroidY: 0.3897
