Location: Dedata_31.png_Gaussian-Closing.png
Component: component_1755503061922_71.png
centerX: 0.06290322580645161
centerY: 0.09603875748076375
width: 0.017338709677419354
height: 0.018808777429467086
Area: 0.00011146452899916345
CentroidX: 0.0708
CentroidY: 0.1057
