Location: internet_17.png_Otsu.png
Component: component_1755086411124_1529.png
centerX: 0.426440951229343
centerY: 0.7815796977473625
width: 0.030632809351068116
height: 0.021956087824351298
Area: 0.0001929692753607198
CentroidX: 0.4405
CentroidY: 0.7920
