Location: internet_30.png_Gaussian-Median.png
Component: component_1755078353860_37.png
centerX: 0.9443772672309553
centerY: 0.05674365554605076
width: 0.018540910923014912
height: 0.019104647847162818
Area: 0.00015251353686937175
CentroidX: 0.9564
CentroidY: 0.0681
