Location: Dedata_31.png_Gaussian-Closing.png
Component: component_1755503062011_381.png
centerX: 0.014516129032258065
centerY: 0.8076375035622685
width: 0.031451612903225803
height: 0.02536335138216016
Area: 0.00040506439662067127
CentroidX: 0.0294
CentroidY: 0.8190
