Location: Samociqulo_1709_page_10.png_Gaussian-Median.png
Component: component_1755610056122_846.png
centerX: 0.0
centerY: 0.17125
width: 0.011793611793611793
height: 0.0078125
Area: 2.2727272727272726e-05
CentroidX: 0.0051
CentroidY: 0.1751
