Location: Paraklitoni_1720_page_10.png_Mean-Medain.png
Component: component_1755610055688_2450.png
centerX: 0.24923780487804878
centerY: 0.9017543859649123
width: 0.03125
height: 0.013533834586466165
Area: 0.0002364906167858671
CentroidX: 0.2635
CentroidY: 0.9094
