Location: internet_18.png_Otsu.png
Component: component_1755084392599_293.png
centerX: 0.14953647722692462
centerY: 0.16994582264043342
width: 0.026199113260781944
height: 0.03022526375819789
Area: 0.00015170901934255518
CentroidX: 0.1656
CentroidY: 0.1901
