Location: Dedata_22.png_Otsu.png
Component: component_1755510404092_471.png
centerX: 0.7338709677419355
centerY: 0.4029638073525221
width: 0.006048387096774193
height: 0.007124536905101168
Area: 2.2982377113229575e-05
CentroidX: 0.7363
CentroidY: 0.4067
