Location: Kurtxevani_1794_page_10.png_Mean-Medain.png
Component: component_1755610054659_649.png
centerX: 0.7767387492694331
centerY: 0.1516086381665932
width: 0.011104617182933957
height: 0.01762891141472014
Area: 0.00010741168994649764
CentroidX: 0.7817
CentroidY: 0.1602
