Location: Kurtxevani_1764_page_10.png_Otsu.png
Component: component_1755610055956_1464.png
centerX: 0.6427184466019418
centerY: 0.5977549111318989
width: 0.013592233009708738
height: 0.013564078578110383
Area: 0.00011503961298252307
CentroidX: 0.6499
CentroidY: 0.6043
