Location: Paraklitoni_1720_page_10.png_Mean-Medain.png
Component: component_1755610055493_1974.png
centerX: 0.2850609756097561
centerY: 0.7182957393483709
width: 0.026676829268292682
height: 0.008521303258145364
Area: 0.0001276055993642643
CentroidX: 0.2977
CentroidY: 0.7215
