Location: internet_6.png_Otsu.png
Component: component_1755093690939_530.png
centerX: 0.018137847642079808
centerY: 0.7322497861420018
width: 0.018540910923014912
height: 0.013972055888223553
Area: 0.00011642517923788514
CentroidX: 0.0281
CentroidY: 0.7384
