Location: Kurtxevani_1794_page_10.png_Mean-Medain.png
Component: component_1755610054985_1577.png
centerX: 0.494447691408533
centerY: 0.4587924195680917
width: 0.014026884862653419
height: 0.013221683561040106
Area: 0.000116684641596555
CentroidX: 0.5016
CentroidY: 0.4656
