Location: Kurtxevani_1764_page_10.png_Otsu.png
Component: component_1755610055829_569.png
centerX: 0.2504854368932039
centerY: 0.16557530402245088
width: 0.020711974110032363
height: 0.01824134705332086
Area: 0.00020404394513215933
CentroidX: 0.2605
CentroidY: 0.1763
