Location: Dedata_17.png_Otsu.png
Component: component_1755512340242_570.png
centerX: 0.23629032258064517
centerY: 0.43488173268737534
width: 0.0068548387096774195
height: 0.01396409233399829
Area: 3.746127469456421e-05
CentroidX: 0.2396
CentroidY: 0.4425
