Location: internet_27.png_Otsu.png
Component: component_1755079634756_595.png
centerX: 0.2720677146311971
centerY: 0.22355289421157684
width: 0.008061265618702136
height: 0.00998003992015968
Area: 1.5400764084774542e-05
CentroidX: 0.2747
CentroidY: 0.2297
