Location: Paraklitoni_1720_page_10.png_Mean-Medain.png
Component: component_1755610055436_1833.png
centerX: 0.5967987804878049
centerY: 0.6576441102756893
width: 0.019817073170731708
height: 0.012531328320802004
Area: 0.00011996454551011675
CentroidX: 0.6051
CentroidY: 0.6628
