Location: Dedata_1.png_Otsu.png
Component: component_1755524255260_475.png
centerX: 0.707258064516129
centerY: 0.7455115417497863
width: 0.020161290322580645
height: 0.023083499572527786
Area: 9.847948593018874e-05
CentroidX: 0.7177
CentroidY: 0.7618
