Location: internet_23.png_Otsu.png
Component: component_1755081841818_533.png
centerX: 0.539701733172108
centerY: 0.25007128599942974
width: 0.012494961708988311
height: 0.01996007984031936
Area: 8.378475386418388e-05
CentroidX: 0.5439
CentroidY: 0.2611
