Location: internet_21.png_Gaussian-Median.png
Component: component_1755082377386_393.png
centerX: 0.6844014510278114
centerY: 0.7043056743655546
width: 0.01894397420395002
height: 0.021956087824351298
Area: 0.00015274339901989078
CentroidX: 0.6915
CentroidY: 0.7176
