Location: Dedata_10.png_Otsu.png
Component: component_1755521621706_416.png
centerX: 0.4350806451612903
centerY: 0.18096323738956968
width: 0.02258064516129032
height: 0.017098888572242805
Area: 0.00011433732613831714
CentroidX: 0.4467
CentroidY: 0.1912
