Location: Dedata_30.png_Otsu.png
Component: component_1755503806546_91.png
centerX: 0.9004032258064516
centerY: 0.19122257053291536
width: 0.022983870967741935
height: 0.022798518096323737
Area: 0.00016719679349874516
CentroidX: 0.9110
CentroidY: 0.2022
