Location: internet_15.png_Gaussian-Median.png
Component: component_1755087704689_362.png
centerX: 0.08182184602982669
centerY: 0.8038209295694325
width: 0.03869407496977025
height: 0.018819503849443968
Area: 0.00022756352901383276
CentroidX: 0.0991
CentroidY: 0.8151
