Location: Dedata_22.png_Otsu.png
Component: component_1755510404084_334.png
centerX: 0.7677419354838709
centerY: 0.3756055856369336
width: 0.02217741935483871
height: 0.009404388714733543
Area: 8.147252686639885e-05
CentroidX: 0.7798
CentroidY: 0.3798
