Location: internet_30.png_Gaussian-Closing.png
Component: component_1755078354260_207.png
centerX: 0.20475614671503425
centerY: 0.3900769888793841
width: 0.018540910923014912
height: 0.014827487881380098
Area: 0.00011309217805535931
CentroidX: 0.2159
CentroidY: 0.3985
