Location: Paraklitoni_1720_page_10.png_Mean-Medain.png
Component: component_1755610055669_2314.png
centerX: 0.6532012195121951
centerY: 0.8456140350877193
width: 0.010670731707317074
height: 0.008020050125313283
Area: 2.788984656763861e-05
CentroidX: 0.6576
CentroidY: 0.8502
