Location: Paraklitoni_1720_page_10.png_Mean-Medain.png
Component: component_1755610055515_2073.png
centerX: 0.5884146341463414
centerY: 0.755889724310777
width: 0.025914634146341462
height: 0.02055137844611529
Area: 0.00016924934286936854
CentroidX: 0.5992
CentroidY: 0.7654
