Location: Dedata_24.png_Gaussian-Median.png
Component: component_1755507995748_15.png
centerX: 0.027822580645161292
centerY: 0.009974351667141636
width: 0.03306451612903226
height: 0.043032202906811055
Area: 0.000515954366192004
CentroidX: 0.0444
CentroidY: 0.0277
