Location: Kurtxevani_1784_page_10.png_Gaussian-Closing.png
Component: component_1755610055778_646.png
centerX: 0.6792249730893434
centerY: 0.8828685258964143
width: 0.04520990312163617
height: 0.014342629482071713
Area: 0.0004657366229377431
CentroidX: 0.7007
CentroidY: 0.8887
