Location: Dedata_8.png_Otsu.png
Component: component_1755522187197_28.png
centerX: 0.739516129032258
centerY: 0.02080364776289541
width: 0.020967741935483872
height: 0.01396409233399829
Area: 9.181459656735216e-05
CentroidX: 0.7511
CentroidY: 0.0280
