Location: internet_17.png_Otsu.png
Component: component_1755086411065_51.png
centerX: 0.35106811769447804
centerY: 0.11491303108069575
width: 0.024586860137041516
height: 0.016823495865412035
Area: 0.00018342999611418035
CentroidX: 0.3620
CentroidY: 0.1234
