Location: internet_27.png_Otsu.png
Component: component_1755079634754_525.png
centerX: 0.8819024586860137
centerY: 0.20444824636441403
width: 0.01007658202337767
height: 0.00998003992015968
Area: 2.539976763235204e-05
CentroidX: 0.8849
CentroidY: 0.2103
