Location: Samociqulo_1709_page_10.png_Gaussian-Median.png
Component: component_1755610056251_2456.png
centerX: 0.7891891891891892
centerY: 0.5925
width: 0.043243243243243246
height: 0.0159375
Area: 0.00027364864864864866
CentroidX: 0.8093
CentroidY: 0.6012
