Location: Paraklitoni_1720_page_10.png_Mean-Medain.png
Component: component_1755610055276_686.png
centerX: 0.23932926829268292
centerY: 0.2556390977443609
width: 0.042682926829268296
height: 0.01804511278195489
Area: 0.00024527782871813683
CentroidX: 0.2588
CentroidY: 0.2648
