Location: Samociqulo_1709_page_10.png_Gaussian-Median.png
Component: component_1755610056118_801.png
centerX: 0.9027027027027027
centerY: 0.1559375
width: 0.007862407862407862
height: 0.005625
Area: 2.3187960687960688e-05
CentroidX: 0.9056
CentroidY: 0.1583
