Location: Paraklitoni_1720_page_10.png_Mean-Medain.png
Component: component_1755610055360_1580.png
centerX: 0.6326219512195121
centerY: 0.568922305764411
width: 0.04420731707317073
height: 0.017042606516290727
Area: 0.00027775230759826395
CentroidX: 0.6560
CentroidY: 0.5774
