Location: Kurtxevani_1784_page_10.png_Gaussian-Closing.png
Component: component_1755610055740_324.png
centerX: 0.6641550053821313
centerY: 0.4350597609561753
width: 0.021528525296017224
height: 0.018326693227091632
Area: 0.00024787823946410267
CentroidX: 0.6749
CentroidY: 0.4460
