Location: Kurtxevani_1764_page_10.png_Otsu.png
Component: component_1755610055871_880.png
centerX: 0.9055016181229774
centerY: 0.29466791393826003
width: 0.01423948220064725
height: 0.013564078578110383
Area: 0.00011806697121890524
CentroidX: 0.9122
CentroidY: 0.3007
