Location: Paraklitoni_1720_page_10.png_Mean-Medain.png
Component: component_1755610055331_1265.png
centerX: 0.7652439024390244
centerY: 0.4631578947368421
width: 0.054878048780487805
height: 0.016040100250626566
Area: 0.00041605538235833485
CentroidX: 0.7956
CentroidY: 0.4722
