Location: internet_21.png_Gaussian-Median.png
Component: component_1755082377317_103.png
centerX: 0.6336154776299879
centerY: 0.20786997433704021
width: 0.010882708585247884
height: 0.04020530367835757
Area: 0.00021882876729410988
CentroidX: 0.6383
CentroidY: 0.2283
