Location: Dedata_3.png_Mean-Medain.png
Component: component_1755523486074_49.png
centerX: 0.4157258064516129
centerY: 0.12653177543459676
width: 0.008064516129032258
height: 0.016813907096038756
Area: 0.00010066281175594554
CentroidX: 0.4195
CentroidY: 0.1349
