Location: Dedata_31.png_Otsu.png
Component: component_1755503061499_45.png
centerX: 0.11854838709677419
centerY: 0.048446850954687946
width: 0.01653225806451613
height: 0.023083499572527786
Area: 0.00012295571755577823
CentroidX: 0.1242
CentroidY: 0.0615
