Location: Kurtxevani_1784_page_10.png_Gaussian-Closing.png
Component: component_1755610055719_160.png
centerX: 0.61248654467169
centerY: 0.199203187250996
width: 0.04951560818083961
height: 0.023107569721115537
Area: 0.00046745204328005525
CentroidX: 0.6369
CentroidY: 0.2119
