Location: Dedata_10.png_Otsu.png
Component: component_1755521621703_364.png
centerX: 0.052016129032258066
centerY: 0.1615844970076945
width: 0.014919354838709677
height: 0.013679110857794243
Area: 5.205508416146499e-05
CentroidX: 0.0575
CentroidY: 0.1699
