Location: Dedata_10.png_Otsu.png
Component: component_1755521621681_76.png
centerX: 0.757258064516129
centerY: 0.06839555428897122
width: 0.014112903225806451
height: 0.014249073810202337
Area: 4.711387308212063e-05
CentroidX: 0.7622
CentroidY: 0.0768
