Location: Samociqulo_1709_page_10.png_Gaussian-Median.png
Component: component_1755610056308_3401.png
centerX: 0.35036855036855036
centerY: 0.835625
width: 0.012285012285012284
height: 0.0084375
Area: 6.557125307125307e-05
CentroidX: 0.3567
CentroidY: 0.8390
