Location: internet_11.png_Gaussian-Median.png
Component: component_1755091164045_174.png
centerX: 0.9318823055219669
centerY: 0.43256344453949247
width: 0.01007658202337767
height: 0.023666951810664385
Area: 0.00012435542343079144
CentroidX: 0.9367
CentroidY: 0.4440
