Location: Kurtxevani_1794_page_10.png_Mean-Medain.png
Component: component_1755610055049_2106.png
centerX: 0.9853886616014027
centerY: 0.6632877919788454
width: 0.014611338398597311
height: 0.021154693697664168
Area: 0.00013239714300359662
CentroidX: 0.9946
CentroidY: 0.6744
