Location: Dedata_17.png_Otsu.png
Component: component_1755512340185_75.png
centerX: 0.2560483870967742
centerY: 0.09062410943288686
width: 0.008064516129032258
height: 0.018238814477058992
Area: 6.435065591704281e-05
CentroidX: 0.2598
CentroidY: 0.1013
