Location: Samociqulo_1709_page_10.png_Gaussian-Median.png
Component: component_1755610056123_858.png
centerX: 0.8481572481572481
centerY: 0.1740625
width: 0.05110565110565111
height: 0.0121875
Area: 0.00030497542997542996
CentroidX: 0.8745
CentroidY: 0.1794
