Location: Kurtxevani_1794_page_10.png_Mean-Medain.png
Component: component_1755610054858_1023.png
centerX: 0.9357101110461719
centerY: 0.28118113706478626
width: 0.013442431326709527
height: 0.00881445570736007
Area: 4.456168431833116e-05
CentroidX: 0.9417
CentroidY: 0.2858
