Location: internet_21.png_Mean-Medain.png
Component: component_1755082376306_103.png
centerX: 0.15195485691253527
centerY: 0.24094667807242656
width: 0.013301088270858524
height: 0.03877958368976333
Area: 0.00020135924385466413
CentroidX: 0.1561
CentroidY: 0.2607
