Location: Kurtxevani_1764_page_10.png_Otsu.png
Component: component_1755610055957_1469.png
centerX: 0.889967637540453
centerY: 0.5991580916744621
width: 0.025889967637540454
height: 0.020112254443405052
Area: 0.00028457167421992545
CentroidX: 0.9021
CentroidY: 0.6067
