Location: Dedata_24.png_Otsu.png
Component: component_1755507995215_152.png
centerX: 0.7520161290322581
centerY: 0.1518951268167569
width: 0.008467741935483872
height: 0.004274722143060701
Area: 1.1491188556614787e-05
CentroidX: 0.7564
CentroidY: 0.1538
