Location: Paraklitoni_1720_page_10.png_Mean-Medain.png
Component: component_1755610055243_398.png
centerX: 0.6288109756097561
centerY: 0.15388471177944862
width: 0.01753048780487805
height: 0.03609022556390978
Area: 0.00028997799376490003
CentroidX: 0.6371
CentroidY: 0.1716
