Location: Samociqulo_1709_page_10.png_Gaussian-Median.png
Component: component_1755610056298_3244.png
centerX: 0.371007371007371
centerY: 0.80375
width: 0.033906633906633905
height: 0.015625
Area: 0.00021406633906633906
CentroidX: 0.3850
CentroidY: 0.8122
