Location: Dedata_1.png_Otsu.png
Component: component_1755524255244_346.png
centerX: 0.21693548387096775
centerY: 0.6201196922200057
width: 0.014112903225806451
height: 0.004274722143060701
Area: 2.918761893380156e-05
CentroidX: 0.2255
CentroidY: 0.6224
