Location: Dedata_30.png_Gaussian-Median.png
Component: component_1755503806839_123.png
centerX: 0.655241935483871
centerY: 0.31433456825306355
width: 0.05766129032258065
height: 0.03305785123966942
Area: 0.0007719780472333815
CentroidX: 0.6856
CentroidY: 0.3271
