Location: internet_17.png_Gaussian-Closing.png
Component: component_1755086410945_85.png
centerX: 0.044740024183796856
centerY: 0.2386655260906758
width: 0.005642885933091495
height: 0.024522383803820928
Area: 0.00011654011031314465
CentroidX: 0.0472
CentroidY: 0.2513
