Location: Dedata_31.png_Mean-Medain.png
Component: component_1755503060922_61.png
centerX: 0.9193548387096774
centerY: 0.08121972071815332
width: 0.018548387096774192
height: 0.015388999715018524
Area: 0.00010675314169095138
CentroidX: 0.9259
CentroidY: 0.0909
