Location: internet_17.png_Gaussian-Closing.png
Component: component_1755086410972_218.png
centerX: 0.7230955259975816
centerY: 0.5882520672939835
width: 0.012494961708988311
height: 0.03222127174222983
Area: 0.0001410204293434206
CentroidX: 0.7275
CentroidY: 0.6040
