Location: Samociqulo_1709_page_10.png_Gaussian-Median.png
Component: component_1755610056320_3588.png
centerX: 0.14250614250614252
centerY: 0.884375
width: 0.010810810810810811
height: 0.0165625
Area: 7.125307125307125e-05
CentroidX: 0.1470
CentroidY: 0.8927
