Location: internet_30.png_Mean-Medain.png
Component: component_1755078353490_157.png
centerX: 0.9669488109633212
centerY: 0.31308810949529514
width: 0.02015316404675534
height: 0.016823495865412035
Area: 0.00011929845611937293
CentroidX: 0.9794
CentroidY: 0.3226
