Location: Dedata_17.png_Otsu.png
Component: component_1755512340232_507.png
centerX: 0.6008064516129032
centerY: 0.36990595611285265
width: 0.0064516129032258064
height: 0.011969222000569962
Area: 3.688671526673347e-05
CentroidX: 0.6039
CentroidY: 0.3766
