Location: internet_17.png_Otsu.png
Component: component_1755086411088_738.png
centerX: 0.4671503426037888
centerY: 0.36555460507556314
width: 0.008061265618702136
height: 0.03421727972626176
Area: 7.631423397231563e-05
CentroidX: 0.4705
CentroidY: 0.3848
