Location: Kurtxevani_1784_page_10.png_Gaussian-Closing.png
Component: component_1755610055727_213.png
centerX: 0.2691065662002153
centerY: 0.2661354581673307
width: 0.07857911733046287
height: 0.031075697211155377
Area: 0.0009674970730640409
CentroidX: 0.3090
CentroidY: 0.2804
