Location: Samociqulo_1709_page_10.png_Gaussian-Median.png
Component: component_1755610056224_2142.png
centerX: 0.37493857493857496
centerY: 0.505625
width: 0.04226044226044226
height: 0.0184375
Area: 0.0002917690417690418
CentroidX: 0.3957
CentroidY: 0.5145
