Location: Kurtxevani_1794_page_10.png_Mean-Medain.png
Component: component_1755610054602_514.png
centerX: 0.49561659848042083
centerY: 0.09828118113706479
width: 0.011104617182933957
height: 0.006610841780520053
Area: 4.94557421336392e-05
CentroidX: 0.5007
CentroidY: 0.1015
