Location: Kurtxevani_1764_page_10.png_Otsu.png
Component: component_1755610055807_109.png
centerX: 0.10420711974110032
centerY: 0.05519176800748363
width: 0.009061488673139158
height: 0.009354536950420954
Area: 2.3007922596504614e-05
CentroidX: 0.1071
CentroidY: 0.0593
