Location: internet_24.png_Otsu.png
Component: component_1755081215989_599.png
centerX: 0.5525997581620314
centerY: 0.12460792700313658
width: 0.011688835147118097
height: 0.007698887938408896
Area: 4.126025601816462e-05
CentroidX: 0.5596
CentroidY: 0.1281
