Location: internet_30.png_Mean-Closing.png
Component: component_1755078353343_151.png
centerX: 0.8065296251511487
centerY: 0.3142286854861705
width: 0.019347037484885126
height: 0.014827487881380098
Area: 0.00010458727848615546
CentroidX: 0.8179
CentroidY: 0.3225
