Location: Kurtxevani_1784_page_10.png_Gaussian-Closing.png
Component: component_1755610055749_398.png
centerX: 0.6813778256189451
centerY: 0.5346613545816733
width: 0.0581270182992465
height: 0.027888446215139442
Area: 0.0006192667435746787
CentroidX: 0.7105
CentroidY: 0.5481
