Location: Paraklitoni_1720_page_10.png_Mean-Medain.png
Component: component_1755610055396_1817.png
centerX: 0.8102134146341463
centerY: 0.6541353383458647
width: 0.01676829268292683
height: 0.014035087719298246
Area: 0.00011117733357784706
CentroidX: 0.8169
CentroidY: 0.6604
