Location: Samociqulo_1709_page_10.png_Gaussian-Median.png
Component: component_1755610056220_2073.png
centerX: 0.3228501228501228
centerY: 0.485625
width: 0.0343980343980344
height: 0.01875
Area: 0.00022496928746928746
CentroidX: 0.3421
CentroidY: 0.4944
