Location: Samociqulo_1709_page_10.png_Gaussian-Median.png
Component: component_1755610056284_3004.png
centerX: 0.3488943488943489
centerY: 0.746875
width: 0.04078624078624079
height: 0.0159375
Area: 0.00025691031941031943
CentroidX: 0.3696
CentroidY: 0.7555
