Location: Dedata_13.png_Otsu.png
Component: component_1755520268596_425.png
centerX: 0.4588709677419355
centerY: 0.47591906526075806
width: 0.0064516129032258064
height: 0.011399259048161869
Area: 2.700429310804475e-05
CentroidX: 0.4606
CentroidY: 0.4819
