Location: Dedata_10.png_Otsu.png
Component: component_1755521621711_492.png
centerX: 0.125
centerY: 0.21630094043887146
width: 0.015725806451612902
height: 0.014249073810202337
Area: 5.102087719136966e-05
CentroidX: 0.1332
CentroidY: 0.2251
