Location: Kurtxevani_1764_page_10.png_Otsu.png
Component: component_1755610055873_897.png
centerX: 0.8731391585760517
centerY: 0.29653882132834425
width: 0.019417475728155338
height: 0.01216089803554724
Area: 0.0001562116849973208
CentroidX: 0.8828
CentroidY: 0.3014
