Location: internet_17.png_Otsu.png
Component: component_1755086411103_925.png
centerX: 0.9754131398629585
centerY: 0.5201026518391788
width: 0.0068520757758968156
height: 0.005988023952095809
Area: 5.286829461937529e-06
CentroidX: 0.9784
CentroidY: 0.5225
