Location: Samociqulo_1709_page_10.png_Gaussian-Median.png
Component: component_1755610056106_684.png
centerX: 0.8265356265356265
centerY: 0.120625
width: 0.029975429975429974
height: 0.0175
Area: 0.0002367936117936118
CentroidX: 0.8393
CentroidY: 0.1295
