Location: Paraklitoni_1720_page_10.png_Mean-Medain.png
Component: component_1755610055208_274.png
centerX: 0.8734756097560976
centerY: 0.10275689223057644
width: 0.018292682926829267
height: 0.02305764411027569
Area: 0.00017154165902561283
CentroidX: 0.8834
CentroidY: 0.1172
