Location: Dedata_31.png_Mean-Closing.png
Component: component_1755503061280_43.png
centerX: 0.3278225806451613
centerY: 0.04987175833570818
width: 0.02056451612903226
height: 0.018808777429467086
Area: 0.00013019516634644554
CentroidX: 0.3356
CentroidY: 0.0609
