Location: Paraklitoni_1720_page_10.png_Mean-Medain.png
Component: component_1755610055343_1407.png
centerX: 0.6326219512195121
centerY: 0.5072681704260652
width: 0.021341463414634148
height: 0.013032581453634085
Area: 0.00014059539091631517
CentroidX: 0.6412
CentroidY: 0.5137
