Location: Kurtxevani_1784_page_10.png_Gaussian-Closing.png
Component: component_1755610055704_15.png
centerX: 0.2604951560818084
centerY: 0.011155378486055778
width: 0.03229278794402583
height: 0.023107569721115537
Area: 0.00019041165799664635
CentroidX: 0.2787
CentroidY: 0.0225
