Location: Dedata_1.png_Otsu.png
Component: component_1755524255234_231.png
centerX: 0.5326612903225807
centerY: 0.5403248788828726
width: 0.014516129032258065
height: 0.015104018238814477
Area: 5.9409444837698456e-05
CentroidX: 0.5392
CentroidY: 0.5490
