Location: Kurtxevani_1764_page_10.png_Otsu.png
Component: component_1755610055813_440.png
centerX: 0.8970873786407767
centerY: 0.12488306828811974
width: 0.02524271844660194
height: 0.029934518241347054
Area: 0.0002994057295781982
CentroidX: 0.9114
CentroidY: 0.1444
