Location: Paraklitoni_1720_page_10.png_Mean-Medain.png
Component: component_1755610055252_477.png
centerX: 0.5396341463414634
centerY: 0.1799498746867168
width: 0.026676829268292682
height: 0.014035087719298246
Area: 0.00023037777370254906
CentroidX: 0.5519
CentroidY: 0.1863
