Location: Dedata_24.png_Otsu.png
Component: component_1755507995219_201.png
centerX: 0.6455645161290322
centerY: 0.17811342262752922
width: 0.010080645161290322
height: 0.008264462809917356
Area: 3.2290239844087554e-05
CentroidX: 0.6502
CentroidY: 0.1833
