Location: internet_13.png_Gaussian-Median.png
Component: component_1755088480785_191.png
centerX: 0.6307940346634422
centerY: 0.3681209010550328
width: 0.028617492946392584
height: 0.026803535785571715
Area: 0.000304912142663484
CentroidX: 0.6423
CentroidY: 0.3820
