Location: Paraklitoni_1720_page_10.png_Mean-Medain.png
Component: component_1755610055678_2348.png
centerX: 0.7858231707317073
centerY: 0.8596491228070176
width: 0.011432926829268292
height: 0.013533834586466165
Area: 0.00010391833241640688
CentroidX: 0.7907
CentroidY: 0.8660
