Location: Samociqulo_1709_page_10.png_Gaussian-Median.png
Component: component_1755610056104_675.png
centerX: 0.7906633906633906
centerY: 0.11875
width: 0.032432432432432434
height: 0.0190625
Area: 0.00024308968058968058
CentroidX: 0.8048
CentroidY: 0.1289
