Location: internet_17.png_Otsu.png
Component: component_1755086411101_916.png
centerX: 0.49979846835953246
centerY: 0.5052751639577987
width: 0.026602176541717048
height: 0.021670943826632448
Area: 0.00018067165030795208
CentroidX: 0.5107
CentroidY: 0.5178
