Location: Kurtxevani_1764_page_10.png_Otsu.png
Component: component_1755610055882_978.png
centerX: 0.2841423948220065
centerY: 0.35032740879326474
width: 0.031067961165048542
height: 0.019644527595884004
Area: 0.00028093884433626686
CentroidX: 0.2979
CentroidY: 0.3607
