Location: Dedata_8.png_Otsu.png
Component: component_1755522187215_94.png
centerX: 0.11451612903225807
centerY: 0.07637503562268452
width: 0.018548387096774192
height: 0.010259333143345683
Area: 6.975151453865176e-05
CentroidX: 0.1254
CentroidY: 0.0800
