Location: internet_30.png_Gaussian-Closing.png
Component: component_1755078354202_169.png
centerX: 0.5292220878677952
centerY: 0.3290561733675506
width: 0.017331721080209594
height: 0.016823495865412035
Area: 0.00012263145730189877
CentroidX: 0.5396
CentroidY: 0.3389
