Location: internet_8.png_Otsu.png
Component: component_1755092787088_369.png
centerX: 0.22692462716646514
centerY: 0.17821499857428
width: 0.03305118903667876
height: 0.016538351867693184
Area: 0.00017653413159860967
CentroidX: 0.2440
CentroidY: 0.1876
