Location: Paraklitoni_1720_page_10.png_Mean-Medain.png
Component: component_1755610055622_2212.png
centerX: 0.4016768292682927
centerY: 0.8175438596491228
width: 0.025914634146341462
height: 0.01904761904761905
Area: 0.0001910263463536891
CentroidX: 0.4139
CentroidY: 0.8271
