Location: Kurtxevani_1784_page_10.png_Gaussian-Closing.png
Component: component_1755610055768_558.png
centerX: 0.43918191603875134
centerY: 0.7697211155378486
width: 0.0527448869752422
height: 0.02549800796812749
Area: 0.0005763812350168755
CentroidX: 0.4621
CentroidY: 0.7847
