Location: internet_21.png_Otsu.png
Component: component_1755082376569_20.png
centerX: 0.37605804111245467
centerY: 0.014257199885942401
width: 0.01652559451833938
height: 0.023096663815226688
Area: 0.0001398711185908255
CentroidX: 0.3821
CentroidY: 0.0280
