Location: Dedata_17.png_Otsu.png
Component: component_1755512340310_743.png
centerX: 0.7153225806451613
centerY: 0.7876888002279852
width: 0.012096774193548387
height: 0.014249073810202337
Area: 8.42304121199864e-05
CentroidX: 0.7198
CentroidY: 0.7957
