Location: Paraklitoni_1720_page_10.png_Mean-Medain.png
Component: component_1755610055300_925.png
centerX: 0.4458841463414634
centerY: 0.34035087719298246
width: 0.022103658536585365
height: 0.013032581453634085
Area: 0.00015549544593190294
CentroidX: 0.4559
CentroidY: 0.3479
