Location: internet_21.png_Mean-Medain.png
Component: component_1755082376471_355.png
centerX: 0.4607013301088271
centerY: 0.8320501853435985
width: 0.01007658202337767
height: 0.03735386370116909
Area: 0.00019630227654324564
CentroidX: 0.4648
CentroidY: 0.8508
