Location: Paraklitoni_1720_page_10.png_Mean-Medain.png
Component: component_1755610055349_1467.png
centerX: 0.19588414634146342
centerY: 0.5303258145363409
width: 0.019054878048780487
height: 0.013032581453634085
Area: 0.00012913381013509383
CentroidX: 0.2040
CentroidY: 0.5362
