Location: Dedata_22.png_Otsu.png
Component: component_1755510404104_509.png
centerX: 0.0814516129032258
centerY: 0.4314619549729268
width: 0.02338709677419355
height: 0.011684240524365916
Area: 0.00011962327287435994
CentroidX: 0.0931
CentroidY: 0.4354
