Location: internet_26.png_Otsu.png
Component: component_1755080009742_476.png
centerX: 0.7263200322450625
centerY: 0.34331337325349304
width: 0.020556227327690448
height: 0.01311662389506701
Area: 7.711875149913221e-05
CentroidX: 0.7386
CentroidY: 0.3476
