Location: Paraklitoni_1720_page_10.png_Mean-Medain.png
Component: component_1755610055325_1222.png
centerX: 0.708079268292683
centerY: 0.4446115288220551
width: 0.026676829268292682
height: 0.018546365914786967
Area: 0.00019828534751512928
CentroidX: 0.7207
CentroidY: 0.4538
