Location: Paraklitoni_1720_page_10.png_Mean-Medain.png
Component: component_1755610055326_1233.png
centerX: 0.2507621951219512
centerY: 0.44761904761904764
width: 0.01600609756097561
height: 0.007518796992481203
Area: 9.092854086435601e-05
CentroidX: 0.2579
CentroidY: 0.4512
