Location: Kurtxevani_1764_page_10.png_Otsu.png
Component: component_1755610055964_1522.png
centerX: 0.6576051779935275
centerY: 0.6290926099158092
width: 0.011003236245954692
height: 0.010757717492984098
Area: 6.236357966947302e-05
CentroidX: 0.6624
CentroidY: 0.6339
