Location: Kurtxevani_1764_page_10.png_Otsu.png
Component: component_1755610055940_1310.png
centerX: 0.6530744336569579
centerY: 0.510757717492984
width: 0.010355987055016181
height: 0.010757717492984098
Area: 6.751008867132275e-05
CentroidX: 0.6584
CentroidY: 0.5150
