Location: Kurtxevani_1784_page_10.png_Gaussian-Closing.png
Component: component_1755610055755_449.png
centerX: 0.4047362755651238
centerY: 0.6071713147410358
width: 0.02798708288482239
height: 0.01752988047808765
Area: 0.00027103641408531644
CentroidX: 0.4192
CentroidY: 0.6165
