Location: internet_18.png_Otsu.png
Component: component_1755084392644_771.png
centerX: 0.27005239822652155
centerY: 0.6948959224408326
width: 0.02781136638452237
height: 0.030795551753635585
Area: 0.00022767846008909227
CentroidX: 0.2884
CentroidY: 0.7131
