Location: Kurtxevani_1764_page_10.png_Otsu.png
Component: component_1755610055961_1487.png
centerX: 0.5190938511326861
centerY: 0.6019644527595884
width: 0.0284789644012945
height: 0.01028999064546305
Area: 0.0002182725288431556
CentroidX: 0.5339
CentroidY: 0.6064
