Location: Dedata_22.png_Otsu.png
Component: component_1755510404086_344.png
centerX: 0.5608870967741936
centerY: 0.37902536335138215
width: 0.007258064516129033
height: 0.009119407238529496
Area: 2.97621783616323e-05
CentroidX: 0.5648
CentroidY: 0.3823
