Location: Kurtxevani_1764_page_10.png_Otsu.png
Component: component_1755610056006_1954.png
centerX: 0.945631067961165
centerY: 0.8213283442469598
width: 0.05436893203883495
height: 0.17867165575304023
Area: 0.0021666802897787303
CentroidX: 0.9885
CentroidY: 0.9324
