Location: Paraklitoni_1720_page_10.png_Mean-Medain.png
Component: component_1755610055314_1078.png
centerX: 0.6760670731707317
centerY: 0.387468671679198
width: 0.026676829268292682
height: 0.007518796992481203
Area: 0.0001318081789840455
CentroidX: 0.6886
CentroidY: 0.3909
