Location: Samociqulo_1709_page_10.png_Gaussian-Median.png
Component: component_1755610056142_1221.png
centerX: 0.018673218673218674
centerY: 0.276875
width: 0.009828009828009828
height: 0.01
Area: 2.5952088452088452e-05
CentroidX: 0.0225
CentroidY: 0.2817
