Location: Paraklitoni_1720_page_10.png_Mean-Medain.png
Component: component_1755610055501_2019.png
centerX: 0.6608231707317073
centerY: 0.7348370927318296
width: 0.021341463414634148
height: 0.015037593984962405
Area: 0.0001543492878537808
CentroidX: 0.6707
CentroidY: 0.7422
