Location: internet_26.png_Otsu.png
Component: component_1755080009745_612.png
centerX: 0.9326884320838371
centerY: 0.3877958368976333
width: 0.01652559451833938
height: 0.013972055888223553
Area: 4.585749902854509e-05
CentroidX: 0.9437
CentroidY: 0.3928
