Location: Dedata_31.png_Otsu.png
Component: component_1755503061507_95.png
centerX: 0.06330645161290323
centerY: 0.0963237389569678
width: 0.01653225806451613
height: 0.018238814477058992
Area: 9.824966215905644e-05
CentroidX: 0.0709
CentroidY: 0.1058
