Location: Dedata_24.png_Otsu.png
Component: component_1755507995217_182.png
centerX: 0.8487903225806451
centerY: 0.16300940438871472
width: 0.012903225806451613
height: 0.020233684810487318
Area: 6.917695511082102e-05
CentroidX: 0.8552
CentroidY: 0.1740
