Location: internet_30.png_Mean-Medain.png
Component: component_1755078353685_268.png
centerX: 0.25151148730350664
centerY: 0.5429141716566867
width: 0.018540910923014912
height: 0.01568291987453664
Area: 0.00011860886966781586
CentroidX: 0.2623
CentroidY: 0.5521
