Location: Dedata_21.png_Otsu.png
Component: component_1755511065881_112.png
centerX: 0.09959677419354838
centerY: 0.07666001709888857
width: 0.027016129032258064
height: 0.017098888572242805
Area: 0.00018684672593055645
CentroidX: 0.1135
CentroidY: 0.0839
