Location: Kurtxevani_1784_page_10.png_Gaussian-Closing.png
Component: component_1755610055744_358.png
centerX: 0.30570505920344454
centerY: 0.47649402390438245
width: 0.07319698600645856
height: 0.019123505976095617
Area: 0.00071704570308647
CentroidX: 0.3399
CentroidY: 0.4820
