Location: Dedata_13.png_Otsu.png
Component: component_1755520268589_389.png
centerX: 0.7157258064516129
centerY: 0.4625249358791679
width: 0.0068548387096774195
height: 0.011969222000569962
Area: 2.8498147620404674e-05
CentroidX: 0.7189
CentroidY: 0.4672
