Location: internet_17.png_Gaussian-Closing.png
Component: component_1755086410977_239.png
centerX: 0.6912535268037082
centerY: 0.6518391787852865
width: 0.026602176541717048
height: 0.018819503849443968
Area: 0.00020526690041348754
CentroidX: 0.7012
CentroidY: 0.6619
