Location: internet_27.png_Otsu.png
Component: component_1755079634749_407.png
centerX: 0.3978234582829504
centerY: 0.17080125463358997
width: 0.010882708585247884
height: 0.010550327915597377
Area: 3.241056322318224e-05
CentroidX: 0.4014
CentroidY: 0.1773
