Location: Paraklitoni_1720_page_10.png_Mean-Medain.png
Component: component_1755610055692_2633.png
centerX: 0.6067073170731707
centerY: 0.9593984962406015
width: 0.01753048780487805
height: 0.02305764411027569
Area: 0.00022502903600464576
CentroidX: 0.6147
CentroidY: 0.9700
