Location: internet_13.png_Gaussian-Median.png
Component: component_1755088480595_1.png
centerX: 0.9222087867795243
centerY: 0.00028514399771884804
width: 0.023377670294236194
height: 0.009694895922440832
Area: 0.00012952732181746945
CentroidX: 0.9332
CentroidY: 0.0038
