Location: Dedata_24.png_Otsu.png
Component: component_1755507995236_373.png
centerX: 0.2923387096774194
centerY: 0.2516386434881733
width: 0.025806451612903226
height: 0.022798518096323737
Area: 4.378142840070234e-05
CentroidX: 0.3030
CentroidY: 0.2611
