Location: Kurtxevani_1784_page_10.png_Gaussian-Closing.png
Component: component_1755610055714_119.png
centerX: 0.6178686759956943
centerY: 0.14103585657370518
width: 0.023681377825618945
height: 0.019123505976095617
Area: 0.0002684632835718482
CentroidX: 0.6284
CentroidY: 0.1481
