Location: internet_30.png_Mean-Closing.png
Component: component_1755078353346_167.png
centerX: 0.14671503426037888
centerY: 0.3427430852580553
width: 0.020556227327690448
height: 0.02281151981750784
Area: 0.0001779133045017238
CentroidX: 0.1598
CentroidY: 0.3561
