Location: Paraklitoni_1720_page_10.png_Mean-Medain.png
Component: component_1755610055289_809.png
centerX: 0.6082317073170732
centerY: 0.2987468671679198
width: 0.0350609756097561
height: 0.019548872180451128
Area: 0.0002257931413900605
CentroidX: 0.6275
CentroidY: 0.3086
