Location: internet_21.png_Gaussian-Median.png
Component: component_1755082377385_390.png
centerX: 0.7037484885126964
centerY: 0.7000285143997719
width: 0.011688835147118097
height: 0.03792415169660679
Area: 0.00019825610482265732
CentroidX: 0.7084
CentroidY: 0.7190
