Location: Dedata_21.png_Otsu.png
Component: component_1755511065869_32.png
centerX: 0.1596774193548387
centerY: 0.024223425477343973
width: 0.03508064516129032
height: 0.01937874038187518
Area: 0.0002523465007032607
CentroidX: 0.1791
CentroidY: 0.0341
