Location: internet_18.png_Otsu.png
Component: component_1755084392590_42.png
centerX: 0.5816203143893591
centerY: 0.06729398346164814
width: 0.02257154373236598
height: 0.016823495865412035
Area: 9.435841278805894e-05
CentroidX: 0.5960
CentroidY: 0.0733
