Location: Kurtxevani_1764_page_10.png_Otsu.png
Component: component_1755610055881_959.png
centerX: 0.6757281553398058
centerY: 0.32787652011225443
width: 0.009708737864077669
height: 0.008886810102899906
Area: 5.751980649126153e-05
CentroidX: 0.6807
CentroidY: 0.3317
