Location: Paraklitoni_1720_page_10.png_Mean-Medain.png
Component: component_1755610055266_567.png
centerX: 0.819359756097561
centerY: 0.21503759398496242
width: 0.025152439024390245
height: 0.014035087719298246
Area: 0.00016695702671312427
CentroidX: 0.8307
CentroidY: 0.2229
