Location: Dedata_17.png_Otsu.png
Component: component_1755512340242_583.png
centerX: 0.075
centerY: 0.44542604730692503
width: 0.0068548387096774195
height: 0.021373610715303505
Area: 6.067347557892608e-05
CentroidX: 0.0778
CentroidY: 0.4581
