Location: Paraklitoni_1720_page_10.png_Mean-Medain.png
Component: component_1755610055359_1574.png
centerX: 0.34527439024390244
centerY: 0.5679197994987468
width: 0.019054878048780487
height: 0.013032581453634085
Area: 0.00013448254783299712
CentroidX: 0.3536
CentroidY: 0.5752
