Location: Paraklitoni_1720_page_10.png_Mean-Medain.png
Component: component_1755610055393_1798.png
centerX: 0.14786585365853658
centerY: 0.6486215538847118
width: 0.037347560975609755
height: 0.014035087719298246
Area: 0.0002418393544837704
CentroidX: 0.1653
CentroidY: 0.6563
