Location: internet_21.png_Otsu.png
Component: component_1755082377202_2799.png
centerX: 0.2071745264006449
centerY: 0.8554319931565441
width: 0.02015316404675534
height: 0.01996007984031936
Area: 9.470320601383748e-05
CentroidX: 0.2151
CentroidY: 0.8697
