Location: Dedata_18.png_Otsu.png
Component: component_1755511906260_82.png
centerX: 0.38467741935483873
centerY: 0.06839555428897122
width: 0.021774193548387097
height: 0.017098888572242805
Area: 0.00011445223802388329
CentroidX: 0.3971
CentroidY: 0.0767
