Location: Kurtxevani_1784_page_10.png_Gaussian-Closing.png
Component: component_1755610055710_87.png
centerX: 0.09903121636167922
centerY: 0.09721115537848606
width: 0.06781485468245425
height: 0.02549800796812749
Area: 0.0008559947508137525
CentroidX: 0.1332
CentroidY: 0.1102
