Location: Kurtxevani_1764_page_10.png_Otsu.png
Component: component_1755610055922_1154.png
centerX: 0.8524271844660194
centerY: 0.4476145930776427
width: 0.010355987055016181
height: 0.011693171188026192
Area: 6.660188120040809e-05
CentroidX: 0.8575
CentroidY: 0.4527
