Location: Dedata_10.png_Otsu.png
Component: component_1755521621694_244.png
centerX: 0.5096774193548387
centerY: 0.12653177543459676
width: 0.02258064516129032
height: 0.014534055286406384
Area: 6.998133830978406e-05
CentroidX: 0.5205
CentroidY: 0.1360
