Location: internet_30.png_Gaussian-Closing.png
Component: component_1755078354208_170.png
centerX: 0.4207980652962515
centerY: 0.3324779013401768
width: 0.020556227327690448
height: 0.01568291987453664
Area: 0.00012676897601124118
CentroidX: 0.4324
CentroidY: 0.3413
