Location: Paraklitoni_1720_page_10.png_Mean-Medain.png
Component: component_1755610055273_656.png
centerX: 0.8757621951219512
centerY: 0.24060150375939848
width: 0.04801829268292683
height: 0.014035087719298246
Area: 0.0003453756342074699
CentroidX: 0.9002
CentroidY: 0.2463
