Location: internet_11.png_Gaussian-Median.png
Component: component_1755091164021_127.png
centerX: 0.9302700523982266
centerY: 0.3481608212147134
width: 0.007255139056831923
height: 0.02765896777872826
Area: 0.00014159508471971817
CentroidX: 0.9340
CentroidY: 0.3624
