Location: internet_2.png_Gaussian-Median.png
Component: component_1755095280879_272.png
centerX: 0.9794437726723095
centerY: 0.7191331622469347
width: 0.020556227327690448
height: 0.01283147989734816
Area: 0.00011964324934515147
CentroidX: 0.9890
CentroidY: 0.7262
