Location: Kurtxevani_1764_page_10.png_Otsu.png
Component: component_1755610055881_963.png
centerX: 0.3870550161812298
centerY: 0.3283442469597755
width: 0.011003236245954692
height: 0.009354536950420954
Area: 7.144565437861959e-05
CentroidX: 0.3928
CentroidY: 0.3324
