Location: internet_27.png_Otsu.png
Component: component_1755079634757_622.png
centerX: 0.8109633212414349
centerY: 0.2292557741659538
width: 0.010882708585247884
height: 0.006558311947533505
Area: 7.930244192906293e-06
CentroidX: 0.8146
CentroidY: 0.2321
