Location: Paraklitoni_1720_page_10.png_Mean-Medain.png
Component: component_1755610055299_919.png
centerX: 0.29115853658536583
centerY: 0.33884711779448623
width: 0.023628048780487805
height: 0.012531328320802004
Area: 0.0001719237117183202
CentroidX: 0.3028
CentroidY: 0.3448
