Location: Dedata_13.png_Gaussian-Median.png
Component: component_1755520268732_147.png
centerX: 0.6068548387096774
centerY: 0.46337988030778
width: 0.041935483870967745
height: 0.025078369905956112
Area: 0.0002952086340194339
CentroidX: 0.6294
CentroidY: 0.4757
