Location: Dedata_13.png_Otsu.png
Component: component_1755520268439_134.png
centerX: 0.1443548387096774
centerY: 0.2750071245369051
width: 0.04112903225806452
height: 0.022513536620119692
Area: 0.00020006159277066347
CentroidX: 0.1664
CentroidY: 0.2848
