Location: internet_22.png_Gaussian-Median.png
Component: component_1755082124027_125.png
centerX: 0.2893994357114067
centerY: 0.5457656116338752
width: 0.04836759371221282
height: 0.05161106358711149
Area: 0.0006860235882240241
CentroidX: 0.3185
CentroidY: 0.5743
