Location: Dedata_13.png_Otsu.png
Component: component_1755520268622_530.png
centerX: 0.8366935483870968
centerY: 0.6206896551724138
width: 0.05040322580645161
height: 0.02963807352522086
Area: 0.0005599656183638386
CentroidX: 0.8641
CentroidY: 0.6315
