Location: internet_22.png_Mean-Closing.png
Component: component_1755082123925_103.png
centerX: 0.5759774284562676
centerY: 0.5289421157684631
width: 0.053607416364369206
height: 0.0504704875962361
Area: 0.0007356738127361331
CentroidX: 0.6072
CentroidY: 0.5585
