Location: Dedata_13.png_Gaussian-Median.png
Component: component_1755520268753_250.png
centerX: 0.37701612903225806
centerY: 0.8512396694214877
width: 0.04032258064516129
height: 0.029068110572812767
Area: 0.00043160904218645144
CentroidX: 0.3997
CentroidY: 0.8638
