Location: internet_22.png_Mean-Closing.png
Component: component_1755082123913_61.png
centerX: 0.2067714631197098
centerY: 0.2842885657256915
width: 0.058444175735590485
height: 0.05360707157114343
Area: 0.0009356538836876831
CentroidX: 0.2416
CentroidY: 0.3149
