Location: Dedata_13.png_Otsu.png
Component: component_1755520268440_136.png
centerX: 0.0810483870967742
centerY: 0.27871188372755773
width: 0.032661290322580645
height: 0.022798518096323737
Area: 0.0002272957096498405
CentroidX: 0.0997
CentroidY: 0.2870
