Location: Dedata_13.png_Mean-Medain.png
Component: component_1755520268935_113.png
centerX: 0.8237903225806451
centerY: 0.34254773439726416
width: 0.0467741935483871
height: 0.028783129096608722
Area: 0.0004140275236948308
CentroidX: 0.8485
CentroidY: 0.3559
