Location: Dedata_13.png_Mean-Medain.png
Component: component_1755520268966_243.png
centerX: 0.6528225806451613
centerY: 0.8458250213736107
width: 0.039919354838709675
height: 0.030777999430037048
Area: 0.0004663124316274281
CentroidX: 0.6752
CentroidY: 0.8564
