Location: internet_23.png_Gaussian-Closing.png
Component: component_1755081841655_6.png
centerX: 0.02257154373236598
centerY: 0.009694895922440832
width: 0.049576783555018135
height: 0.04448246364414029
Area: 0.0006837249667188339
CentroidX: 0.0508
CentroidY: 0.0326
