Location: Dedata_13.png_Gaussian-Median.png
Component: component_1755520268734_160.png
centerX: 0.6995967741935484
centerY: 0.5069820461669992
width: 0.041935483870967745
height: 0.02963807352522086
Area: 0.0004589580709511946
CentroidX: 0.7232
CentroidY: 0.5202
