Location: internet_22.png_Gaussian-Median.png
Component: component_1755082123996_7.png
centerX: 0.3555018137847642
centerY: 0.009409751924721984
width: 0.07295445384925434
height: 0.026803535785571715
Area: 0.0007011944901582797
CentroidX: 0.3936
CentroidY: 0.0216
