Location: Kurtxevani_1764_page_10.png_Otsu.png
Component: component_1755610055881_964.png
centerX: 0.4103559870550162
centerY: 0.3283442469597755
width: 0.0284789644012945
height: 0.017305893358278764
Area: 0.00022553818861047284
CentroidX: 0.4261
CentroidY: 0.3344
