Location: internet_22.png_Gaussian-Closing.png
Component: component_1755082124117_45.png
centerX: 0.016122531237404272
centerY: 0.17365269461077845
width: 0.05763804917372027
height: 0.04419731964642144
Area: 0.0007877375898286918
CentroidX: 0.0475
CentroidY: 0.1985
