Location: Dedata_13.png_Mean-Closing.png
Component: component_1755520268829_95.png
centerX: 0.02217741935483871
centerY: 0.2767170133941294
width: 0.032661290322580645
height: 0.025078369905956112
Area: 0.0003009542282977413
CentroidX: 0.0405
CentroidY: 0.2873
