Location: Dedata_13.png_Mean-Closing.png
Component: component_1755520268830_97.png
centerX: 0.8846774193548387
centerY: 0.286691365061271
width: 0.04798387096774193
height: 0.028498147620404674
Area: 0.00040954596015775103
CentroidX: 0.9094
CentroidY: 0.2997
