Location: internet_23.png_Mean-Medain.png
Component: component_1755081841395_57.png
centerX: 0.10439338976219266
centerY: 0.19104647847162817
width: 0.05239822652156389
height: 0.047619047619047616
Area: 0.0006213173928529192
CentroidX: 0.1337
CentroidY: 0.2173
