Location: internet_22.png_Mean-Closing.png
Component: component_1755082123933_134.png
centerX: 0.7166465135026199
centerY: 0.7285429141716567
width: 0.056831922611850064
height: 0.05930995152552039
Area: 0.0007834851400440898
CentroidX: 0.7490
CentroidY: 0.7615
