Location: internet_23.png_Mean-Medain.png
Component: component_1755081841393_47.png
centerX: 0.7295445384925433
centerY: 0.1596806387225549
width: 0.07134220072551391
height: 0.05360707157114343
Area: 0.0007264793267153721
CentroidX: 0.7691
CentroidY: 0.1896
