Location: Dedata_13.png_Mean-Medain.png
Component: component_1755520268932_100.png
centerX: 0.8125
centerY: 0.2903961242519236
width: 0.04758064516129032
height: 0.028498147620404674
Area: 0.00035588210959836
CentroidX: 0.8393
CentroidY: 0.3021
