Location: Dedata_13.png_Gaussian-Median.png
Component: component_1755520268701_14.png
centerX: 0.8927419354838709
centerY: 0.01310914790538615
width: 0.034274193548387094
height: 0.026788258763180393
Area: 0.00029969019755651365
CentroidX: 0.9120
CentroidY: 0.0231
