Location: internet_23.png_Gaussian-Closing.png
Component: component_1755081841675_40.png
centerX: 0.7299476017734784
centerY: 0.1596806387225549
width: 0.07134220072551391
height: 0.05332192757342458
Area: 0.0006414303310233337
CentroidX: 0.7696
CentroidY: 0.1892
