Location: Kurtxevani_1764_page_10.png_Otsu.png
Component: component_1755610055903_1051.png
centerX: 0.8550161812297734
centerY: 0.3877455565949485
width: 0.027831715210355986
height: 0.01777362020579981
Area: 0.0002773060144526082
CentroidX: 0.8699
CentroidY: 0.3943
