Location: internet_22.png_Gaussian-Median.png
Component: component_1755082124036_163.png
centerX: 0.8952035469568722
centerY: 0.7251211861990305
width: 0.058847239016525596
height: 0.049044767607641856
Area: 0.0006974017646747157
CentroidX: 0.9265
CentroidY: 0.7530
