Location: Dedata_13.png_Otsu.png
Component: component_1755520268642_580.png
centerX: 0.028629032258064516
centerY: 0.8141920775149615
width: 0.038306451612903226
height: 0.028498147620404674
Area: 0.0004563150975831732
CentroidX: 0.0505
CentroidY: 0.8247
