Location: internet_22.png_Mean-Medain.png
Component: component_1755082123774_66.png
centerX: 0.10923014913341395
centerY: 0.28999144568006846
width: 0.060459492140266025
height: 0.05332192757342458
Area: 0.0009016342854108677
CentroidX: 0.1439
CentroidY: 0.3211
