Location: internet_22.png_Gaussian-Closing.png
Component: component_1755082124144_143.png
centerX: 0.027005239822652155
centerY: 0.7724550898203593
width: 0.05280128980249899
height: 0.05246649558026804
Area: 0.0007619930289705612
CentroidX: 0.0610
CentroidY: 0.7993
