Location: Dedata_13.png_Otsu.png
Component: component_1755520268638_565.png
centerX: 0.027419354838709678
centerY: 0.7552009119407238
width: 0.04032258064516129
height: 0.03419777714448561
Area: 0.000481021152979895
CentroidX: 0.0513
CentroidY: 0.7679
