Location: Dedata_13.png_Mean-Medain.png
Component: component_1755520268916_24.png
centerX: 0.7568548387096774
centerY: 0.055571387859789115
width: 0.037096774193548385
height: 0.026788258763180393
Area: 0.0003470338944097666
CentroidX: 0.7770
CentroidY: 0.0655
