Location: Dedata_13.png_Mean-Closing.png
Component: component_1755520268811_13.png
centerX: 0.7612903225806451
centerY: 0.013394129381590196
width: 0.043548387096774194
height: 0.024223425477343973
Area: 0.00033416376322635804
CentroidX: 0.7846
CentroidY: 0.0225
