Location: internet_22.png_Mean-Medain.png
Component: component_1755082123801_112.png
centerX: 0.1946795646916566
centerY: 0.5463358996293128
width: 0.05401047964530431
height: 0.05189620758483034
Area: 0.0007405009178970325
CentroidX: 0.2264
CentroidY: 0.5774
