Location: Dedata_13.png_Mean-Closing.png
Component: component_1755520268811_15.png
centerX: 0.20725806451612902
centerY: 0.014534055286406384
width: 0.02903225806451613
height: 0.025933314334568254
Area: 0.00029440425082047085
CentroidX: 0.2227
CentroidY: 0.0244
