Location: Dedata_13.png_Mean-Closing.png
Component: component_1755520268857_214.png
centerX: 0.46491935483870966
centerY: 0.7455115417497863
width: 0.044758064516129036
height: 0.029923055001424906
Area: 0.0005768576655420624
CentroidX: 0.4892
CentroidY: 0.7564
