Location: Dedata_13.png_Gaussian-Median.png
Component: component_1755520268745_212.png
centerX: 0.09798387096774193
centerY: 0.7019093758905671
width: 0.04596774193548387
height: 0.027643203191792535
Area: 0.0005526112576876051
CentroidX: 0.1227
CentroidY: 0.7133
