Location: internet_23.png_Otsu.png
Component: component_1755081841778_111.png
centerX: 0.260378879484079
centerY: 0.12061591103507271
width: 0.05965336557839581
height: 0.04448246364414029
Area: 0.0005387968808165899
CentroidX: 0.2925
CentroidY: 0.1462
