Location: Dedata_13.png_Mean-Medain.png
Component: component_1755520268951_181.png
centerX: 0.15604838709677418
centerY: 0.585636933599316
width: 0.04717741935483871
height: 0.031917925334853235
Area: 0.0005707673356070565
CentroidX: 0.1831
CentroidY: 0.5984
