Location: internet_22.png_Mean-Closing.png
Component: component_1755082123898_29.png
centerX: 0.3059250302297461
centerY: 0.09894496720844026
width: 0.07053607416364369
height: 0.0504704875962361
Area: 0.0009782933126089618
CentroidX: 0.3461
CentroidY: 0.1273
