Location: internet_22.png_Gaussian-Closing.png
Component: component_1755082124111_23.png
centerX: 0.015316404675534058
centerY: 0.05959509552323924
width: 0.06166868198307134
height: 0.046763615625891077
Area: 0.0008807168297136366
CentroidX: 0.0505
CentroidY: 0.0827
