Location: Dedata_13.png_Gaussian-Median.png
Component: component_1755520268741_195.png
centerX: 0.3165322580645161
centerY: 0.6377885437446565
width: 0.04153225806451613
height: 0.030493017953833
Area: 0.0005267560834352219
CentroidX: 0.3397
CentroidY: 0.6497
