Location: internet_22.png_Mean-Medain.png
Component: component_1755082123797_105.png
centerX: 0.841193067311568
centerY: 0.5109780439121756
width: 0.049576783555018135
height: 0.05503279155973767
Area: 0.0007929094882153698
CentroidX: 0.8702
CentroidY: 0.5414
