Location: Dedata_13.png_Mean-Medain.png
Component: component_1755520268917_29.png
centerX: 0.3294354838709677
centerY: 0.06184098033627814
width: 0.03669354838709677
height: 0.027643203191792535
Area: 0.0003307164066593736
CentroidX: 0.3495
CentroidY: 0.0724
