Location: internet_22.png_Mean-Closing.png
Component: component_1755082123886_13.png
centerX: 0.35066505441354295
centerY: 0.041916167664670656
width: 0.06811769447803305
height: 0.043341887653264896
Area: 0.0008819810715414913
CentroidX: 0.3865
CentroidY: 0.0672
