Location: internet_23.png_Mean-Closing.png
Component: component_1755081841454_17.png
centerX: 0.18097541313986296
centerY: 0.06159110350727117
width: 0.05804111245465538
height: 0.05503279155973767
Area: 0.0007317661561773097
CentroidX: 0.2136
CentroidY: 0.0912
