Location: Dedata_13.png_Mean-Medain.png
Component: component_1755520268915_21.png
centerX: 0.5689516129032258
centerY: 0.05414648047876888
width: 0.03870967741935484
height: 0.02792818466799658
Area: 0.00033715147225107787
CentroidX: 0.5905
CentroidY: 0.0645
