Location: internet_22.png_Mean-Closing.png
Component: component_1755082123894_24.png
centerX: 0.5929060862555421
centerY: 0.08696891930424865
width: 0.06932688432083838
height: 0.04847447961220416
Area: 0.000894508558744778
CentroidX: 0.6305
CentroidY: 0.1164
