Location: internet_23.png_Gaussian-Closing.png
Component: component_1755081841685_63.png
centerX: 0.2599758162031439
centerY: 0.24208725406330198
width: 0.05642885933091495
height: 0.04790419161676647
Area: 0.0005575306460838903
CentroidX: 0.2906
CentroidY: 0.2682
