Location: Dedata_13.png_Mean-Closing.png
Component: component_1755520268824_75.png
centerX: 0.33830645161290324
centerY: 0.21231119977201482
width: 0.0407258064516129
height: 0.02821316614420063
Area: 0.00034795318949429576
CentroidX: 0.3618
CentroidY: 0.2251
