Location: internet_22.png_Gaussian-Closing.png
Component: component_1755082124148_160.png
centerX: 0.7460701330108828
centerY: 0.8617051611063588
width: 0.062071745264006446
height: 0.05446250356429997
Area: 0.0007990008352041239
CentroidX: 0.7800
CentroidY: 0.8924
