Location: Dedata_13.png_Gaussian-Median.png
Component: component_1755520268728_134.png
centerX: 0.5258064516129032
centerY: 0.414648047876888
width: 0.04153225806451613
height: 0.026503277286976348
Area: 0.0003199146894161557
CentroidX: 0.5489
CentroidY: 0.4254
