Location: Dedata_13.png_Otsu.png
Component: component_1755520268419_23.png
centerX: 0.757258064516129
centerY: 0.05585636933599316
width: 0.036290322580645164
height: 0.025933314334568254
Area: 0.00022924921170446502
CentroidX: 0.7765
CentroidY: 0.0649
