Location: internet_22.png_Mean-Closing.png
Component: component_1755082123889_17.png
centerX: 0.6110439338976219
centerY: 0.04790419161676647
width: 0.06287787182587666
height: 0.041060735671514116
Area: 0.0008622129265968552
CentroidX: 0.6455
CentroidY: 0.0705
