Location: internet_22.png_Mean-Medain.png
Component: component_1755082123793_100.png
centerX: 0.2071745264006449
centerY: 0.4750499001996008
width: 0.056831922611850064
height: 0.05303678357570573
Area: 0.0008380774007923579
CentroidX: 0.2401
CentroidY: 0.5093
