Location: internet_22.png_Gaussian-Closing.png
Component: component_1755082124105_4.png
centerX: 0.8758565094719871
centerY: 0.003992015968063872
width: 0.06287787182587666
height: 0.03592814371257485
Area: 0.0007839448643451279
CentroidX: 0.9111
CentroidY: 0.0252
