Location: Dedata_13.png_Gaussian-Median.png
Component: component_1755520268720_103.png
centerX: 0.7362903225806452
centerY: 0.29609575377600456
width: 0.04314516129032258
height: 0.024508406953548018
Area: 0.0003075042057750117
CentroidX: 0.7610
CentroidY: 0.3065
