Location: internet_22.png_Gaussian-Median.png
Component: component_1755082124003_33.png
centerX: 0.3059250302297461
centerY: 0.09865982321072142
width: 0.0709391374445788
height: 0.0510407755916738
Area: 0.0009461126115362986
CentroidX: 0.3464
CentroidY: 0.1273
