Location: Dedata_13.png_Mean-Medain.png
Component: component_1755520268919_38.png
centerX: 0.7116935483870968
centerY: 0.10173838700484468
width: 0.03467741935483871
height: 0.02821316614420063
Area: 0.00031152612176982687
CentroidX: 0.7312
CentroidY: 0.1126
