Location: Dedata_13.png_Mean-Medain.png
Component: component_1755520268933_104.png
centerX: 0.5213709677419355
centerY: 0.3017953833000855
width: 0.04112903225806452
height: 0.03163294385864919
Area: 0.0003540435194293016
CentroidX: 0.5447
CentroidY: 0.3151
