Location: internet_22.png_Mean-Medain.png
Component: component_1755082123824_166.png
centerX: 0.7460701330108828
centerY: 0.8614200171086399
width: 0.062071745264006446
height: 0.05474764756201882
Area: 0.00083520412391087
CentroidX: 0.7798
CentroidY: 0.8925
