Location: Dedata_13.png_Gaussian-Median.png
Component: component_1755520268744_210.png
centerX: 0.2375
centerY: 0.6987745796523226
width: 0.042741935483870966
height: 0.027643203191792535
Area: 0.0005138859522518133
CentroidX: 0.2610
CentroidY: 0.7102
