Location: internet_23.png_Mean-Medain.png
Component: component_1755081841396_59.png
centerX: 0.909310761789601
centerY: 0.21642429426860565
width: 0.06489318823055219
height: 0.05332192757342458
Area: 0.0006466022294100116
CentroidX: 0.9431
CentroidY: 0.2404
