Location: Dedata_13.png_Mean-Medain.png
Component: component_1755520268915_19.png
centerX: 0.8858870967741935
centerY: 0.05272157309774864
width: 0.037096774193548385
height: 0.027358221715588486
Area: 0.00032600501935116155
CentroidX: 0.9061
CentroidY: 0.0637
