Location: Dedata_13.png_Otsu.png
Component: component_1755520268431_87.png
centerX: 0.3907258064516129
centerY: 0.1541749786263893
width: 0.029838709677419355
height: 0.02821316614420063
Area: 0.00022614659079417903
CentroidX: 0.4084
CentroidY: 0.1663
