Location: Dedata_13.png_Otsu.png
Component: component_1755520268423_35.png
centerX: 0.0814516129032258
centerY: 0.06497577657452265
width: 0.03306451612903226
height: 0.02963807352522086
Area: 0.00025257632447439306
CentroidX: 0.0996
CentroidY: 0.0752
