Location: Dedata_13.png_Gaussian-Median.png
Component: component_1755520268727_131.png
centerX: 0.7366935483870968
centerY: 0.4032487888287261
width: 0.04112903225806452
height: 0.026503277286976348
Area: 0.00032818834517691833
CentroidX: 0.7587
CentroidY: 0.4146
