Location: Dedata_13.png_Mean-Medain.png
Component: component_1755520268962_229.png
centerX: 0.6112903225806452
centerY: 0.7911085779424337
width: 0.039919354838709675
height: 0.028783129096608722
Area: 0.0004278169499627686
CentroidX: 0.6338
CentroidY: 0.8027
