Location: internet_22.png_Gaussian-Median.png
Component: component_1755082124040_182.png
centerX: 0.282950423216445
centerY: 0.8206444254348446
width: 0.062071745264006446
height: 0.05503279155973767
Area: 0.0007645215126262704
CentroidX: 0.3184
CentroidY: 0.8502
