Location: internet_22.png_Gaussian-Median.png
Component: component_1755082123998_12.png
centerX: 0.0475614671503426
centerY: 0.015397775876817793
width: 0.024989923417976623
height: 0.035357855717137156
Area: 0.00027847799535379636
CentroidX: 0.0615
CentroidY: 0.0307
