Location: internet_22.png_Mean-Medain.png
Component: component_1755082123785_85.png
centerX: 0.509471987101975
centerY: 0.39150270886797833
width: 0.06569931479242241
height: 0.054177359566581124
Area: 0.0008661205831556786
CentroidX: 0.5488
CentroidY: 0.4251
