Location: internet_22.png_Gaussian-Closing.png
Component: component_1755082124144_141.png
centerX: 0.36960902861749295
centerY: 0.7596236099230111
width: 0.051592099959693674
height: 0.04305674365554605
Area: 0.000640625813496517
CentroidX: 0.3991
CentroidY: 0.7843
