Location: internet_22.png_Mean-Medain.png
Component: component_1755082123815_130.png
centerX: 0.7162434502216848
centerY: 0.6586826347305389
width: 0.05763804917372027
height: 0.057028799543769604
Area: 0.0007611885114437447
CentroidX: 0.7482
CentroidY: 0.6909
