Location: Dedata_13.png_Mean-Medain.png
Component: component_1755520268947_162.png
centerX: 0.5125
centerY: 0.5149615275007124
width: 0.04516129032258064
height: 0.031062980906241093
Area: 0.0003370365603655117
CentroidX: 0.5379
CentroidY: 0.5268
