Location: internet_23.png_Mean-Closing.png
Component: component_1755081841462_49.png
centerX: 0.909310761789601
centerY: 0.21642429426860565
width: 0.06489318823055219
height: 0.05332192757342458
Area: 0.0006186739781219503
CentroidX: 0.9431
CentroidY: 0.2406
