Location: internet_22.png_Mean-Medain.png
Component: component_1755082123798_107.png
centerX: 0.6654574768238614
centerY: 0.5183917878528657
width: 0.058444175735590485
height: 0.05446250356429997
Area: 0.0008523288541245372
CentroidX: 0.7016
CentroidY: 0.5513
