Location: Dedata_13.png_Gaussian-Median.png
Component: component_1755520268740_191.png
centerX: 0.6100806451612903
centerY: 0.627529210601311
width: 0.04717741935483871
height: 0.033912795668281565
Area: 0.0006111014074407744
CentroidX: 0.6355
CentroidY: 0.6413
