Location: Dedata_13.png_Mean-Closing.png
Component: component_1755520268816_37.png
centerX: 0.7116935483870968
centerY: 0.10173838700484468
width: 0.03467741935483871
height: 0.02821316614420063
Area: 0.0003119857693120915
CentroidX: 0.7313
CentroidY: 0.1126
