Location: internet_23.png_Gaussian-Closing.png
Component: component_1755081841674_37.png
centerX: 0.018540910923014912
centerY: 0.129455374964357
width: 0.04554615074566707
height: 0.05246649558026804
Area: 0.0005716671683408101
CentroidX: 0.0456
CentroidY: 0.1568
