Location: Dedata_13.png_Mean-Medain.png
Component: component_1755520268955_196.png
centerX: 0.08911290322580645
centerY: 0.6449130806497577
width: 0.04395161290322581
height: 0.03505272157309775
Area: 0.0005805348458801791
CentroidX: 0.1142
CentroidY: 0.6569
