Location: internet_22.png_Mean-Closing.png
Component: component_1755082123940_164.png
centerX: 0.10439338976219266
centerY: 0.8973481608212147
width: 0.05441354292623942
height: 0.058169375534645
Area: 0.00080463245789184
CentroidX: 0.1360
CentroidY: 0.9276
