Location: internet_23.png_Gaussian-Closing.png
Component: component_1755081841654_4.png
centerX: 0.6283756549778315
centerY: 0.00855431993156544
width: 0.06972994760177348
height: 0.049044767607641856
Area: 0.0007114233558563761
CentroidX: 0.6661
CentroidY: 0.0358
