Location: internet_23.png_Gaussian-Closing.png
Component: component_1755081841656_8.png
centerX: 0.5425231761386538
centerY: 0.011690903906472769
width: 0.06287787182587666
height: 0.046193327630453376
Area: 0.0007209626351029156
CentroidX: 0.5776
CentroidY: 0.0360
