Location: internet_23.png_Mean-Closing.png
Component: component_1755081841453_16.png
centerX: 0.634018540910923
centerY: 0.06045052751639578
width: 0.06408706166868199
height: 0.044767607641859136
Area: 0.0006774037575795607
CentroidX: 0.6685
CentroidY: 0.0849
