Location: Dedata_13.png_Mean-Closing.png
Component: component_1755520268848_170.png
centerX: 0.7629032258064516
centerY: 0.5634083784554004
width: 0.044758064516129036
height: 0.029068110572812767
Area: 0.0005545647597422296
CentroidX: 0.7871
CentroidY: 0.5759
