Location: Dedata_13.png_Gaussian-Median.png
Component: component_1755520268727_133.png
centerX: 0.597983870967742
centerY: 0.4106583072100313
width: 0.04112903225806452
height: 0.024223425477343973
Area: 0.00029900072624311675
CentroidX: 0.6208
CentroidY: 0.4215
