Location: Dedata_13.png_Gaussian-Median.png
Component: component_1755520268722_108.png
centerX: 0.37943548387096776
centerY: 0.31176973496722715
width: 0.04112903225806452
height: 0.030493017953833
Area: 0.00026487189622997084
CentroidX: 0.4018
CentroidY: 0.3252
