Location: Samociqulo_1709_page_10.png_Gaussian-Median.png
Component: component_1755610056128_966.png
centerX: 0.4678132678132678
centerY: 0.199375
width: 0.028992628992628992
height: 0.011875
Area: 0.00015156633906633906
CentroidX: 0.4831
CentroidY: 0.2039
