Location: Dedata_13.png_Otsu.png
Component: component_1755520268600_463.png
centerX: 0.8362903225806452
centerY: 0.5038472499287546
width: 0.04153225806451613
height: 0.024793388429752067
Area: 0.0004089714007299203
CentroidX: 0.8582
CentroidY: 0.5142
