Location: Dedata_13.png_Mean-Medain.png
Component: component_1755520268914_14.png
centerX: 0.7612903225806451
centerY: 0.013394129381590196
width: 0.04395161290322581
height: 0.024508406953548018
Area: 0.0003337041156840934
CentroidX: 0.7846
CentroidY: 0.0225
