Location: internet_22.png_Gaussian-Median.png
Component: component_1755082124029_133.png
centerX: 0.8387746876259573
centerY: 0.5768463073852296
width: 0.05763804917372027
height: 0.06216139150270887
Area: 0.0007419950218754062
CentroidX: 0.8724
CentroidY: 0.6122
