Location: Dedata_13.png_Mean-Closing.png
Component: component_1755520268853_195.png
centerX: 0.8157258064516129
centerY: 0.682815616984896
width: 0.04596774193548387
height: 0.029923055001424906
Area: 0.0005430735711856149
CentroidX: 0.8413
CentroidY: 0.6948
