Location: internet_22.png_Gaussian-Closing.png
Component: component_1755082124118_47.png
centerX: 0.713018943974204
centerY: 0.19846022241231823
width: 0.06166868198307134
height: 0.061305959509552324
Area: 0.0008811765540146746
CentroidX: 0.7504
CentroidY: 0.2338
