Location: Dedata_13.png_Mean-Closing.png
Component: component_1755520268859_221.png
centerX: 0.8725806451612903
centerY: 0.7819891707039043
width: 0.032661290322580645
height: 0.03277286976346538
Area: 0.00043620551760909735
CentroidX: 0.8911
CentroidY: 0.7949
