Location: Dedata_13.png_Gaussian-Median.png
Component: component_1755520268722_112.png
centerX: 0.1625
centerY: 0.32345397549159305
width: 0.044758064516129036
height: 0.022798518096323737
Area: 0.00028716480202980354
CentroidX: 0.1871
CentroidY: 0.3341
