Location: Dedata_13.png_Mean-Medain.png
Component: component_1755520268953_188.png
centerX: 0.6100806451612903
centerY: 0.627529210601311
width: 0.04717741935483871
height: 0.033912795668281565
Area: 0.0006633863153733717
CentroidX: 0.6354
CentroidY: 0.6412
