Location: internet_22.png_Mean-Medain.png
Component: component_1755082123821_151.png
centerX: 0.8065296251511487
centerY: 0.7901340176789279
width: 0.06166868198307134
height: 0.06387225548902195
Area: 0.0009024388029376842
CentroidX: 0.8409
CentroidY: 0.8231
