Location: Dedata_13.png_Mean-Medain.png
Component: component_1755520268916_25.png
centerX: 0.4483870967741935
centerY: 0.05842120262182958
width: 0.03790322580645161
height: 0.029923055001424906
Area: 0.000366798738727144
CentroidX: 0.4693
CentroidY: 0.0706
