Location: Dedata_13.png_Otsu.png
Component: component_1755520268627_541.png
centerX: 0.8798387096774194
centerY: 0.6813907096038757
width: 0.04838709677419355
height: 0.029353092049016812
Area: 0.0005293990568032433
CentroidX: 0.9073
CentroidY: 0.6923
