Location: Dedata_13.png_Mean-Medain.png
Component: component_1755520268954_189.png
centerX: 0.5379032258064517
centerY: 0.6306640068395555
width: 0.045564516129032256
height: 0.03562268452550584
Area: 0.0006690169977661129
CentroidX: 0.5624
CentroidY: 0.6447
