Location: internet_22.png_Mean-Closing.png
Component: component_1755082123890_19.png
centerX: 0.7033454252317614
centerY: 0.04875962360992301
width: 0.05562273276904474
height: 0.04305674365554605
Area: 0.0008961175937984111
CentroidX: 0.7345
CentroidY: 0.0707
