Location: Dedata_13.png_Mean-Medain.png
Component: component_1755520268924_64.png
centerX: 0.13669354838709677
centerY: 0.16614420062695925
width: 0.037096774193548385
height: 0.029923055001424906
Area: 0.0003141690951378483
CentroidX: 0.1574
CentroidY: 0.1780
