Location: Dedata_13.png_Mean-Medain.png
Component: component_1755520268960_222.png
centerX: 0.027016129032258064
centerY: 0.7552009119407238
width: 0.04153225806451613
height: 0.034482758620689655
Area: 0.0005542200240855312
CentroidX: 0.0513
CentroidY: 0.7679
