Location: Dedata_13.png_Mean-Medain.png
Component: component_1755520268923_56.png
centerX: 0.584274193548387
centerY: 0.14961527500712454
width: 0.031451612903225803
height: 0.024793388429752067
Area: 0.000288313920885465
CentroidX: 0.6017
CentroidY: 0.1591
