Location: Dedata_13.png_Mean-Medain.png
Component: component_1755520268914_12.png
centerX: 0.8927419354838709
centerY: 0.012824166429182103
width: 0.034274193548387094
height: 0.026788258763180393
Area: 0.00033715147225107787
CentroidX: 0.9120
CentroidY: 0.0229
