Location: Dedata_13.png_Mean-Medain.png
Component: component_1755520268949_172.png
centerX: 0.8330645161290322
centerY: 0.5602735822171558
width: 0.045564516129032256
height: 0.03134796238244514
Area: 0.000521355224813613
CentroidX: 0.8583
CentroidY: 0.5730
