Location: internet_22.png_Gaussian-Closing.png
Component: component_1755082124117_46.png
centerX: 0.9060862555421201
centerY: 0.1924721984602224
width: 0.06731156791616284
height: 0.0499001996007984
Area: 0.0008424447816522192
CentroidX: 0.9472
CentroidY: 0.2238
