Location: internet_22.png_Gaussian-Closing.png
Component: component_1755082124114_33.png
centerX: 0.019347037484885126
centerY: 0.11690903906472769
width: 0.06166868198307134
height: 0.044767607641859136
Area: 0.000904622493367615
CentroidX: 0.0529
CentroidY: 0.1416
