Location: Dedata_13.png_Gaussian-Median.png
Component: component_1755520268700_7.png
centerX: 0.25766129032258067
centerY: 0.011684240524365916
width: 0.03669354838709677
height: 0.030493017953833
Area: 0.00037817501539819267
CentroidX: 0.2796
CentroidY: 0.0230
