Location: internet_22.png_Mean-Medain.png
Component: component_1755082123738_8.png
centerX: 0.6126561870213624
centerY: 0.009694895922440832
width: 0.05804111245465538
height: 0.03450242372398061
Area: 0.0006945284877932279
CentroidX: 0.6434
CentroidY: 0.0260
