Location: internet_22.png_Gaussian-Closing.png
Component: component_1755082124135_111.png
centerX: 0.8387746876259573
centerY: 0.5768463073852296
width: 0.05763804917372027
height: 0.06187624750499002
Area: 0.0007436040569290394
CentroidX: 0.8724
CentroidY: 0.6122
