Location: Dedata_13.png_Gaussian-Median.png
Component: component_1755520268735_161.png
centerX: 0.5802419354838709
centerY: 0.5138216015958963
width: 0.036290322580645164
height: 0.032487888287261325
Area: 0.0003880574375568814
CentroidX: 0.6018
CentroidY: 0.5268
