Location: Dedata_13.png_Mean-Medain.png
Component: component_1755520268935_115.png
centerX: 0.7459677419354839
centerY: 0.34653747506412086
width: 0.0467741935483871
height: 0.03134796238244514
Area: 0.00038461008098989694
CentroidX: 0.7704
CentroidY: 0.3609
