Location: Dedata_13.png_Mean-Closing.png
Component: component_1755520268826_85.png
centerX: 0.7536290322580645
centerY: 0.24479908805927614
width: 0.045564516129032256
height: 0.02336848104873183
Area: 0.0003107217385708639
CentroidX: 0.7786
CentroidY: 0.2555
