Location: internet_22.png_Gaussian-Closing.png
Component: component_1755082124132_99.png
centerX: 0.9113260781942765
centerY: 0.5021385799828914
width: 0.05642885933091495
height: 0.05503279155973767
Area: 0.0007394665382196969
CentroidX: 0.9446
CentroidY: 0.5360
