Location: Dedata_13.png_Mean-Medain.png
Component: component_1755520268959_215.png
centerX: 0.5379032258064517
centerY: 0.744086634368766
width: 0.04596774193548387
height: 0.031917925334853235
Area: 0.0005397411265041966
CentroidX: 0.5635
CentroidY: 0.7562
