Location: Dedata_13.png_Mean-Closing.png
Component: component_1755520268830_98.png
centerX: 0.8125
centerY: 0.2903961242519236
width: 0.04758064516129032
height: 0.02821316614420063
Area: 0.00035484790262826465
CentroidX: 0.8394
CentroidY: 0.3021
