Location: Dedata_13.png_Mean-Closing.png
Component: component_1755520268854_197.png
centerX: 0.6044354838709678
centerY: 0.6859504132231405
width: 0.04838709677419355
height: 0.03362781419207751
Area: 0.0006181110324603095
CentroidX: 0.6294
CentroidY: 0.7025
