Location: Dedata_13.png_Otsu.png
Component: component_1755520268637_559.png
centerX: 0.32016129032258067
centerY: 0.7457965232259903
width: 0.042741935483870966
height: 0.03334283271587347
Area: 0.0005331911490269261
CentroidX: 0.3446
CentroidY: 0.7596
