Location: internet_22.png_Gaussian-Closing.png
Component: component_1755082124122_61.png
centerX: 0.5155179363160016
centerY: 0.2808668377530653
width: 0.06569931479242241
height: 0.04961505560307956
Area: 0.0009532383382023883
CentroidX: 0.5537
CentroidY: 0.3090
