Location: internet_22.png_Mean-Closing.png
Component: component_1755082123887_16.png
centerX: 0.5215638855300282
centerY: 0.04704875962360992
width: 0.05965336557839581
height: 0.04704875962360992
Area: 0.000840146160147029
CentroidX: 0.5580
CentroidY: 0.0709
