Location: Dedata_13.png_Mean-Closing.png
Component: component_1755520268814_27.png
centerX: 0.26733870967741935
centerY: 0.06184098033627814
width: 0.0407258064516129
height: 0.02707324023938444
Area: 0.0003612829682199689
CentroidX: 0.2884
CentroidY: 0.0719
