Location: Kurtxevani_1794_page_10.png_Mean-Medain.png
Component: component_1755610054859_1024.png
centerX: 0.24254821741671537
centerY: 0.28206258263552225
width: 0.02162478082992402
height: 0.013221683561040106
Area: 0.00015429161217734314
CentroidX: 0.2544
CentroidY: 0.2876
