Location: Dedata_13.png_Mean-Medain.png
Component: component_1755520268918_35.png
centerX: 0.8274193548387097
centerY: 0.09917355371900827
width: 0.03669354838709677
height: 0.027358221715588486
Area: 0.00028072973643809927
CentroidX: 0.8483
CentroidY: 0.1106
