Location: Dedata_13.png_Gaussian-Median.png
Component: component_1755520268723_116.png
centerX: 0.8951612903225806
centerY: 0.34283271587346825
width: 0.038306451612903226
height: 0.025078369905956112
Area: 0.0003117559455409592
CentroidX: 0.9161
CentroidY: 0.3525
