Location: internet_22.png_Gaussian-Median.png
Component: component_1755082124039_177.png
centerX: 0.6311970979443773
centerY: 0.7981180496150556
width: 0.054816606207174524
height: 0.06387225548902195
Area: 0.0007767042066037787
CentroidX: 0.6641
CentroidY: 0.8317
