Location: Dedata_13.png_Mean-Medain.png
Component: component_1755520268953_187.png
centerX: 0.6870967741935484
centerY: 0.6209746366486179
width: 0.04959677419354839
height: 0.03362781419207751
Area: 0.000683036247805183
CentroidX: 0.7140
CentroidY: 0.6366
