Location: Dedata_13.png_Mean-Medain.png
Component: component_1755520268919_36.png
centerX: 0.7713709677419355
centerY: 0.10002849814762041
width: 0.03467741935483871
height: 0.026503277286976348
Area: 0.0002700429310804475
CentroidX: 0.7914
CentroidY: 0.1111
