Location: internet_22.png_Mean-Medain.png
Component: component_1755082123753_23.png
centerX: 0.015316404675534058
centerY: 0.05959509552323924
width: 0.06166868198307134
height: 0.046763615625891077
Area: 0.0009119780821842238
CentroidX: 0.0504
CentroidY: 0.0827
