Location: internet_22.png_Gaussian-Median.png
Component: component_1755082124035_162.png
centerX: 0.8069326884320839
centerY: 0.7242657542058739
width: 0.060459492140266025
height: 0.05902480752780154
Area: 0.0008014143877845736
CentroidX: 0.8414
CentroidY: 0.7557
