Location: internet_23.png_Mean-Medain.png
Component: component_1755081841379_5.png
centerX: 0.18540910923014914
centerY: 0.005417735956658112
width: 0.049979846835953246
height: 0.0499001996007984
Area: 0.0007116532180068952
CentroidX: 0.2151
CentroidY: 0.0299
