Location: Dedata_13.png_Mean-Closing.png
Component: component_1755520268810_11.png
centerX: 0.8927419354838709
centerY: 0.012824166429182103
width: 0.034274193548387094
height: 0.026788258763180393
Area: 0.00033944970996240085
CentroidX: 0.9121
CentroidY: 0.0229
