Location: Dedata_13.png_Mean-Medain.png
Component: component_1755520268941_137.png
centerX: 0.2375
centerY: 0.426902251353662
width: 0.036290322580645164
height: 0.02792818466799658
Area: 0.00037116539037865764
CentroidX: 0.2580
CentroidY: 0.4369
