Location: Dedata_13.png_Mean-Closing.png
Component: component_1755520268819_50.png
centerX: 0.9032258064516129
centerY: 0.14049586776859505
width: 0.0407258064516129
height: 0.031062980906241093
Area: 0.0003604785850210059
CentroidX: 0.9250
CentroidY: 0.1528
