Location: Dedata_13.png_Mean-Closing.png
Component: component_1755520268813_25.png
centerX: 0.3875
centerY: 0.05956112852664577
width: 0.0375
height: 0.028498147620404674
Area: 0.0003518601936035448
CentroidX: 0.4082
CentroidY: 0.0707
