Location: Paraklitoni_1720_page_10.png_Mean-Medain.png
Component: component_1755610055358_1547.png
centerX: 0.5929878048780488
centerY: 0.5533834586466165
width: 0.020579268292682928
height: 0.012030075187969926
Area: 0.00013027996821321597
CentroidX: 0.6037
CentroidY: 0.5580
