Location: internet_22.png_Gaussian-Closing.png
Component: component_1755082124119_53.png
centerX: 0.21281741233373638
centerY: 0.22184203022526375
width: 0.05763804917372027
height: 0.05588822355289421
Area: 0.0008433642302542953
CentroidX: 0.2472
CentroidY: 0.2535
