Location: Dedata_13.png_Mean-Medain.png
Component: component_1755520268949_170.png
centerX: 0.9088709677419354
centerY: 0.5559988600740952
width: 0.046370967741935484
height: 0.03163294385864919
Area: 0.0005360639461660799
CentroidX: 0.9331
CentroidY: 0.5695
