Location: Dedata_13.png_Mean-Medain.png
Component: component_1755520268915_18.png
centerX: 0.8225806451612904
centerY: 0.05215161014534055
width: 0.03669354838709677
height: 0.027643203191792535
Area: 0.00034048391693249617
CentroidX: 0.8427
CentroidY: 0.0641
