Location: Dedata_13.png_Mean-Closing.png
Component: component_1755520268815_31.png
centerX: 0.01975806451612903
centerY: 0.06611570247933884
width: 0.035483870967741936
height: 0.03134796238244514
Area: 0.0003443909210417452
CentroidX: 0.0404
CentroidY: 0.0766
