Location: internet_22.png_Mean-Medain.png
Component: component_1755082123824_164.png
centerX: 0.9214026602176542
centerY: 0.8557171371542629
width: 0.06166868198307134
height: 0.05360707157114343
Area: 0.0008106088738053346
CentroidX: 0.9551
CentroidY: 0.8835
