Location: internet_23.png_Mean-Medain.png
Component: component_1755081841397_63.png
centerX: 0.5392986698911729
centerY: 0.22868548617051612
width: 0.0709391374445788
height: 0.04419731964642144
Area: 0.0007057917331686601
CentroidX: 0.5753
CentroidY: 0.2557
