Location: internet_22.png_Mean-Medain.png
Component: component_1755082123800_109.png
centerX: 0.5759774284562676
centerY: 0.5289421157684631
width: 0.05401047964530431
height: 0.0504704875962361
Area: 0.0007372828477897663
CentroidX: 0.6072
CentroidY: 0.5585
