Location: internet_23.png_Otsu.png
Component: component_1755081841824_580.png
centerX: 0.18137847642079807
centerY: 0.25862560593099515
width: 0.0471584038694075
height: 0.033361847733105215
Area: 0.00032215180395241073
CentroidX: 0.2054
CentroidY: 0.2730
