Location: internet_22.png_Mean-Closing.png
Component: component_1755082123926_106.png
centerX: 0.1946795646916566
centerY: 0.5466210436270317
width: 0.05401047964530431
height: 0.05161106358711149
Area: 0.0007394665382196969
CentroidX: 0.2264
CentroidY: 0.5774
