Location: Dedata_13.png_Gaussian-Median.png
Component: component_1755520268721_104.png
centerX: 0.6673387096774194
centerY: 0.29666571672841263
width: 0.04032258064516129
height: 0.02792818466799658
Area: 0.0002935998676215078
CentroidX: 0.6897
CentroidY: 0.3083
