Location: internet_22.png_Gaussian-Median.png
Component: component_1755082124028_132.png
centerX: 0.9165659008464329
centerY: 0.5697177074422584
width: 0.06247480854494156
height: 0.05902480752780154
Area: 0.0008139418749878604
CentroidX: 0.9528
CentroidY: 0.6041
