Location: Dedata_13.png_Otsu.png
Component: component_1755520268641_577.png
centerX: 0.24233870967741936
centerY: 0.8030777999430037
width: 0.046370967741935484
height: 0.025933314334568254
Area: 0.00046769137425422186
CentroidX: 0.2685
CentroidY: 0.8135
