Location: internet_22.png_Mean-Closing.png
Component: component_1755082123937_151.png
centerX: 0.1946795646916566
centerY: 0.825491873396065
width: 0.053607416364369206
height: 0.05531793555745652
Area: 0.0007486610242404579
CentroidX: 0.2255
CentroidY: 0.8555
