Location: internet_22.png_Mean-Closing.png
Component: component_1755082123929_118.png
centerX: 0.11527609834744054
centerY: 0.6224693470202453
width: 0.04917372027408303
height: 0.061305959509552324
Area: 0.0008925547304653663
CentroidX: 0.1461
CentroidY: 0.6571
