Location: Dedata_13.png_Mean-Closing.png
Component: component_1755520268853_192.png
centerX: 0.1629032258064516
centerY: 0.6437731547449416
width: 0.043548387096774194
height: 0.028783129096608722
Area: 0.0005827181717059359
CentroidX: 0.1868
CentroidY: 0.6551
