Location: internet_22.png_Gaussian-Median.png
Component: component_1755082124045_198.png
centerX: 0.10439338976219266
centerY: 0.8970630168234959
width: 0.05401047964530431
height: 0.058454519532363844
Area: 0.0007679694448840558
CentroidX: 0.1359
CentroidY: 0.9276
