Location: Dedata_13.png_Gaussian-Median.png
Component: component_1755520268699_3.png
centerX: 0.08830645161290322
centerY: 0.01054431461954973
width: 0.038306451612903226
height: 0.03277286976346538
Area: 0.0004089714007299203
CentroidX: 0.1107
CentroidY: 0.0252
