Location: internet_22.png_Gaussian-Median.png
Component: component_1755082124019_101.png
centerX: 0.1120515920999597
centerY: 0.41003706871970347
width: 0.0592503022974607
height: 0.05674365554605076
Area: 0.0008052071132681375
CentroidX: 0.1483
CentroidY: 0.4430
