Location: Dedata_13.png_Gaussian-Median.png
Component: component_1755520268720_101.png
centerX: 0.8846774193548387
centerY: 0.286691365061271
width: 0.04798387096774193
height: 0.028498147620404674
Area: 0.00036829259323950395
CentroidX: 0.9092
CentroidY: 0.2996
