Location: internet_22.png_Gaussian-Closing.png
Component: component_1755082124116_39.png
centerX: 0.875453446191052
centerY: 0.14884516680923868
width: 0.05965336557839581
height: 0.04590818363273453
Area: 0.0008008397324082761
CentroidX: 0.9116
CentroidY: 0.1743
