Location: internet_23.png_Otsu.png
Component: component_1755081841783_221.png
centerX: 0.018137847642079808
centerY: 0.18962075848303392
width: 0.053204353083434096
height: 0.0510407755916738
Area: 0.0005585650257612259
CentroidX: 0.0471
CentroidY: 0.2166
