Location: Dedata_13.png_Mean-Closing.png
Component: component_1755520268858_216.png
centerX: 0.3875
centerY: 0.7477913935594186
width: 0.04879032258064516
height: 0.03163294385864919
Area: 0.000616961913604648
CentroidX: 0.4159
CentroidY: 0.7605
