Location: internet_22.png_Gaussian-Median.png
Component: component_1755082124007_55.png
centerX: 0.9060862555421201
centerY: 0.1924721984602224
width: 0.06731156791616284
height: 0.0499001996007984
Area: 0.0008410656087491052
CentroidX: 0.9471
CentroidY: 0.2239
