Location: Dedata_13.png_Otsu.png
Component: component_1755520268648_595.png
centerX: 0.09919354838709678
centerY: 0.8623539469934455
width: 0.039112903225806454
height: 0.03505272157309775
Area: 0.0004318388659575837
CentroidX: 0.1226
CentroidY: 0.8750
