Location: Dedata_13.png_Mean-Medain.png
Component: component_1755520268917_30.png
centerX: 0.14153225806451614
centerY: 0.062125961812482186
width: 0.037096774193548385
height: 0.02963807352522086
Area: 0.000349676867777788
CentroidX: 0.1619
CentroidY: 0.0732
