Location: Dedata_13.png_Gaussian-Median.png
Component: component_1755520268736_165.png
centerX: 0.3681451612903226
centerY: 0.5280706754060986
width: 0.037096774193548385
height: 0.02963807352522086
Area: 0.0003439312734994806
CentroidX: 0.3896
CentroidY: 0.5395
