Location: Paraklitoni_1720_page_10.png_Mean-Medain.png
Component: component_1755610055344_1419.png
centerX: 0.2804878048780488
centerY: 0.5107769423558898
width: 0.019054878048780487
height: 0.012030075187969926
Area: 0.00011346964973409133
CentroidX: 0.2907
CentroidY: 0.5153
