Location: Dedata_13.png_Gaussian-Median.png
Component: component_1755520268734_157.png
centerX: 0.9024193548387097
centerY: 0.499857509261898
width: 0.04112903225806452
height: 0.027358221715588486
Area: 0.0004855027165169748
CentroidX: 0.9238
CentroidY: 0.5126
