Location: Dedata_13.png_Mean-Medain.png
Component: component_1755520268958_208.png
centerX: 0.16733870967741934
centerY: 0.6996295240809347
width: 0.0407258064516129
height: 0.03305785123966942
Area: 0.0005821436122781052
CentroidX: 0.1904
CentroidY: 0.7125
