Location: internet_22.png_Gaussian-Median.png
Component: component_1755082124044_196.png
centerX: 0.2946392583635631
centerY: 0.8825206729398346
width: 0.0592503022974607
height: 0.05617336755061306
Area: 0.0007738309297222909
CentroidX: 0.3285
CentroidY: 0.9144
