Location: Dedata_13.png_Gaussian-Median.png
Component: component_1755520268702_19.png
centerX: 0.8225806451612904
centerY: 0.05215161014534055
width: 0.03669354838709677
height: 0.027643203191792535
Area: 0.0003079638533172763
CentroidX: 0.8429
CentroidY: 0.0642
