Location: internet_23.png_Mean-Closing.png
Component: component_1755081841464_58.png
centerX: 0.1003627569528416
centerY: 0.24550898203592814
width: 0.05199516324062878
height: 0.0499001996007984
Area: 0.0006166052187672791
CentroidX: 0.1307
CentroidY: 0.2737
