Location: internet_22.png_Mean-Medain.png
Component: component_1755082123775_69.png
centerX: 0.9097138250705361
centerY: 0.3150841174793271
width: 0.04917372027408303
height: 0.05902480752780154
Area: 0.000898990870679899
CentroidX: 0.9401
CentroidY: 0.3494
