Location: Dedata_13.png_Mean-Closing.png
Component: component_1755520268817_42.png
centerX: 0.38629032258064516
centerY: 0.1085779424337418
width: 0.04112903225806452
height: 0.02963807352522086
Area: 0.0003684075051250701
CentroidX: 0.4090
CentroidY: 0.1209
