Location: Dedata_13.png_Mean-Closing.png
Component: component_1755520268842_141.png
centerX: 0.7512096774193548
centerY: 0.457395269307495
width: 0.04032258064516129
height: 0.032487888287261325
Area: 0.00038438025721876466
CentroidX: 0.7737
CentroidY: 0.4703
