Location: internet_22.png_Mean-Closing.png
Component: component_1755082123901_35.png
centerX: 0.6711003627569528
centerY: 0.14314228685486172
width: 0.06247480854494156
height: 0.04961505560307956
Area: 0.0008832453133693458
CentroidX: 0.7057
CentroidY: 0.1719
