Location: Dedata_13.png_Mean-Closing.png
Component: component_1755520268846_157.png
centerX: 0.6387096774193548
centerY: 0.5132516386434882
width: 0.03669354838709677
height: 0.027358221715588486
Area: 0.00046539313654289893
CentroidX: 0.6597
CentroidY: 0.5243
