Location: internet_22.png_Mean-Medain.png
Component: component_1755082123776_71.png
centerX: 0.6960902861749295
centerY: 0.32620473339036216
width: 0.06449012494961709
height: 0.05389221556886228
Area: 0.0008278485350942613
CentroidX: 0.7341
CentroidY: 0.3562
