Location: Dedata_13.png_Mean-Closing.png
Component: component_1755520268863_239.png
centerX: 0.6528225806451613
centerY: 0.8458250213736107
width: 0.039919354838709675
height: 0.030777999430037048
Area: 0.0004671168148263911
CentroidX: 0.6752
CentroidY: 0.8564
