Location: internet_22.png_Mean-Medain.png
Component: component_1755082123753_25.png
centerX: 0.5929060862555421
centerY: 0.08696891930424865
width: 0.06932688432083838
height: 0.04875962360992301
Area: 0.0008943936276695184
CentroidX: 0.6305
CentroidY: 0.1164
