Location: Dedata_13.png_Otsu.png
Component: component_1755520268575_325.png
centerX: 0.4568548387096774
centerY: 0.41664291821031635
width: 0.037096774193548385
height: 0.0262182958107723
Area: 0.000209024719844823
CentroidX: 0.4773
CentroidY: 0.4266
