Location: Dedata_13.png_Mean-Closing.png
Component: component_1755520268864_243.png
centerX: 0.3064516129032258
centerY: 0.8552294100883443
width: 0.04112903225806452
height: 0.028783129096608722
Area: 0.00047941238658196893
CentroidX: 0.3296
CentroidY: 0.8666
