Location: internet_22.png_Mean-Medain.png
Component: component_1755082123758_35.png
centerX: 0.019347037484885126
centerY: 0.11662389506700883
width: 0.06166868198307134
height: 0.04505275163957799
Area: 0.0009445035764826655
CentroidX: 0.0528
CentroidY: 0.1416
