Location: Dedata_13.png_Otsu.png
Component: component_1755520268619_525.png
centerX: 0.15685483870967742
centerY: 0.58592191507552
width: 0.046370967741935484
height: 0.03134796238244514
Area: 0.0004905588394818853
CentroidX: 0.1832
CentroidY: 0.5984
