Location: Dedata_13.png_Mean-Closing.png
Component: component_1755520268854_199.png
centerX: 0.680241935483871
centerY: 0.6913650612710174
width: 0.04112903225806452
height: 0.03334283271587347
Area: 0.0005452568970113717
CentroidX: 0.7034
CentroidY: 0.7038
