Location: Dedata_13.png_Gaussian-Median.png
Component: component_1755520268707_46.png
centerX: 0.32056451612903225
centerY: 0.11028783129096609
width: 0.0375
height: 0.027643203191792535
Area: 0.00031807609924709734
CentroidX: 0.3398
CentroidY: 0.1213
