Location: Dedata_13.png_Otsu.png
Component: component_1755520268428_81.png
centerX: 0.7120967741935483
centerY: 0.14363066400683955
width: 0.03870967741935484
height: 0.028498147620404674
Area: 0.0002686639884536537
CentroidX: 0.7340
CentroidY: 0.1557
