Location: internet_23.png_Gaussian-Closing.png
Component: component_1755081841673_34.png
centerX: 0.260378879484079
centerY: 0.12033076703735386
width: 0.060056428859330914
height: 0.044767607641859136
Area: 0.0006135020797352723
CentroidX: 0.2932
CentroidY: 0.1460
