Location: internet_22.png_Gaussian-Closing.png
Component: component_1755082124112_26.png
centerX: 0.8911729141475212
centerY: 0.09153122326775022
width: 0.05723498589278517
height: 0.055603079555175364
Area: 0.0008062414929454731
CentroidX: 0.9248
CentroidY: 0.1192
