Location: Dedata_13.png_Otsu.png
Component: component_1755520268416_10.png
centerX: 0.5044354838709677
centerY: 0.013394129381590196
width: 0.0407258064516129
height: 0.022513536620119692
Area: 0.0002700429310804475
CentroidX: 0.5266
CentroidY: 0.0215
