Location: internet_23.png_Gaussian-Closing.png
Component: component_1755081841676_44.png
centerX: 0.5453446191051995
centerY: 0.1727972626176219
width: 0.06690850463522773
height: 0.05246649558026804
Area: 0.0005981013156504978
CentroidX: 0.5847
CentroidY: 0.1995
