Location: Dedata_13.png_Mean-Medain.png
Component: component_1755520268932_101.png
centerX: 0.7362903225806452
centerY: 0.29609575377600456
width: 0.043548387096774194
height: 0.024793388429752067
Area: 0.0003500216034344864
CentroidX: 0.7611
CentroidY: 0.3066
