Location: Dedata_13.png_Mean-Medain.png
Component: component_1755520268954_192.png
centerX: 0.3165322580645161
centerY: 0.6377885437446565
width: 0.041935483870967745
height: 0.030493017953833
Area: 0.0005745594278307394
CentroidX: 0.3397
CentroidY: 0.6495
