Location: Dedata_13.png_Mean-Closing.png
Component: component_1755520268846_160.png
centerX: 0.4383064516129032
centerY: 0.5232259903106298
width: 0.043548387096774194
height: 0.02821316614420063
Area: 0.00039426267937745337
CentroidX: 0.4637
CentroidY: 0.5331
