Location: Dedata_31.png_Gaussian-Closing.png
Component: component_1755503061912_35.png
centerX: 0.33669354838709675
centerY: 0.04730692504987176
width: 0.018145161290322582
height: 0.030493017953833
Area: 0.00017753886319969847
CentroidX: 0.3480
CentroidY: 0.0661
