Location: Dedata_31.png_Mean-Closing.png
Component: component_1755503061401_334.png
centerX: 0.805241935483871
centerY: 0.701054431461955
width: 0.046370967741935484
height: 0.036477628954117984
Area: 0.0005759383704575332
CentroidX: 0.8291
CentroidY: 0.7203
