Location: internet_2.png_Gaussian-Closing.png
Component: component_1755095281502_169.png
centerX: 0.46795646916565903
centerY: 0.47818648417450815
width: 0.03788794840790004
height: 0.03136583974907328
Area: 0.0004508746082430636
CentroidX: 0.4892
CentroidY: 0.4939
