Location: internet_2.png_Gaussian-Closing.png
Component: component_1755095281490_163.png
centerX: 0.8016928657799275
centerY: 0.45451953236384374
width: 0.035872632003224506
height: 0.03051040775591674
Area: 0.0003926045530864913
CentroidX: 0.8211
CentroidY: 0.4700
