Location: Dedata_31.png_Gaussian-Closing.png
Component: component_1755503061958_219.png
centerX: 0.307258064516129
centerY: 0.3895696779709319
width: 0.034274193548387094
height: 0.032487888287261325
Area: 0.0004104652552422802
CentroidX: 0.3259
CentroidY: 0.4070
