Location: Paraklitoni_1720_page_10.png_Mean-Medain.png
Component: component_1755610055302_942.png
centerX: 0.26676829268292684
centerY: 0.3443609022556391
width: 0.012195121951219513
height: 0.013032581453634085
Area: 8.863622470811175e-05
CentroidX: 0.2722
CentroidY: 0.3505
