Location: Dedata_31.png_Otsu.png
Component: component_1755503061508_108.png
centerX: 0.8471774193548387
centerY: 0.11741236819606725
width: 0.021370967741935483
height: 0.02792818466799658
Area: 0.00023890181009202143
CentroidX: 0.8578
CentroidY: 0.1326
