Location: Dedata_31.png_Mean-Medain.png
Component: component_1755503060971_253.png
centerX: 0.8024193548387096
centerY: 0.46850954687945284
width: 0.038306451612903226
height: 0.030777999430037048
Area: 0.00033680673659437945
CentroidX: 0.8233
CentroidY: 0.4840
