Location: internet_2.png_Gaussian-Median.png
Component: component_1755095280862_208.png
centerX: 0.4083031035872632
centerY: 0.5283718277730254
width: 0.03426037887948408
height: 0.029654975762760195
Area: 0.00037329613244289336
CentroidX: 0.4275
CentroidY: 0.5432
