Location: Dedata_31.png_Mean-Closing.png
Component: component_1755503061356_150.png
centerX: 0.3850806451612903
centerY: 0.24223425477343974
width: 0.02620967741935484
height: 0.02821316614420063
Area: 0.0003214085439285156
CentroidX: 0.3995
CentroidY: 0.2572
