Location: Dedata_31.png_Mean-Closing.png
Component: component_1755503061427_384.png
centerX: 0.3625
centerY: 0.8099173553719008
width: 0.045564516129032256
height: 0.03562268452550584
Area: 0.0005904172680388678
CentroidX: 0.3855
CentroidY: 0.8278
