Location: Dedata_31.png_Gaussian-Closing.png
Component: component_1755503061937_127.png
centerX: 0.4504032258064516
centerY: 0.20034197777144486
width: 0.01935483870967742
height: 0.028783129096608722
Area: 0.00016386434881732689
CentroidX: 0.4630
CentroidY: 0.2173
