Location: Dedata_31.png_Mean-Medain.png
Component: component_1755503060929_86.png
centerX: 0.34233870967741936
centerY: 0.1225420347677401
width: 0.02338709677419355
height: 0.024223425477343973
Area: 0.00022258432234162844
CentroidX: 0.3553
CentroidY: 0.1356
