Location: Dedata_31.png_Gaussian-Closing.png
Component: component_1755503062009_375.png
centerX: 0.7661290322580645
centerY: 0.798803077799943
width: 0.0375
height: 0.03619264747791394
Area: 0.0005173333088187977
CentroidX: 0.7863
CentroidY: 0.8164
