Location: internet_2.png_Gaussian-Median.png
Component: component_1755095280820_39.png
centerX: 0.0951229343006852
centerY: 0.09096093527231251
width: 0.03466344216041919
height: 0.03706871970345024
Area: 0.0005635070619973849
CentroidX: 0.1142
CentroidY: 0.1089
