Location: internet_2.png_Gaussian-Closing.png
Component: component_1755095281413_37.png
centerX: 0.035872632003224506
centerY: 0.0943826632449387
width: 0.03869407496977025
height: 0.03649843170801255
Area: 0.0005487958843641674
CentroidX: 0.0588
CentroidY: 0.1124
