Location: Dedata_31.png_Mean-Closing.png
Component: component_1755503061326_112.png
centerX: 0.15524193548387097
centerY: 0.1724137931034483
width: 0.02661290322580645
height: 0.029068110572812767
Area: 0.0003031375541234981
CentroidX: 0.1698
CentroidY: 0.1880
