Location: Dedata_31.png_Mean-Closing.png
Component: component_1755503061270_18.png
centerX: 0.06854838709677419
centerY: 0.007124536905101168
width: 0.027419354838709678
height: 0.03277286976346538
Area: 0.00039276882486509343
CentroidX: 0.0840
CentroidY: 0.0240
