Location: internet_2.png_Mean-Closing.png
Component: component_1755095280954_75.png
centerX: 0.09189842805320435
centerY: 0.1459937268320502
width: 0.03345425231761386
height: 0.034787567721699456
Area: 0.0005310964987742026
CentroidX: 0.1099
CentroidY: 0.1640
