Location: internet_2.png_Mean-Medain.png
Component: component_1755095281616_23.png
centerX: 0.264006449012495
centerY: 0.027944111776447105
width: 0.04796453043127771
height: 0.04419731964642144
Area: 0.000754292646928174
CentroidX: 0.2899
CentroidY: 0.0503
