Location: internet_2.png_Gaussian-Closing.png
Component: component_1755095281523_208.png
centerX: 0.9387343812978638
centerY: 0.6030795551753636
width: 0.03385731559854897
height: 0.03136583974907328
Area: 0.00037846803082957134
CentroidX: 0.9579
CentroidY: 0.6189
