Location: internet_2.png_Mean-Medain.png
Component: component_1755095281672_256.png
centerX: 0.10842402257154374
centerY: 0.7100085543199316
width: 0.0354695687222894
height: 0.03136583974907328
Area: 0.0004205328043745526
CentroidX: 0.1292
CentroidY: 0.7258
