Location: internet_2.png_Gaussian-Closing.png
Component: component_1755095281489_160.png
centerX: 0.9060862555421201
centerY: 0.45024237239806103
width: 0.03305118903667876
height: 0.029654975762760195
Area: 0.00038869689652766787
CentroidX: 0.9252
CentroidY: 0.4652
