Location: Dedata_31.png_Mean-Closing.png
Component: component_1755503061349_131.png
centerX: 0.25040322580645163
centerY: 0.20746651467654603
width: 0.02379032258064516
height: 0.028783129096608722
Area: 0.0002873946258009358
CentroidX: 0.2630
CentroidY: 0.2220
