Location: internet_2.png_Gaussian-Median.png
Component: component_1755095280876_262.png
centerX: 0.42563482466747277
centerY: 0.6846307385229541
width: 0.03345425231761386
height: 0.033361847733105215
Area: 0.0004207626665250716
CentroidX: 0.4437
CentroidY: 0.7021
