Location: Dedata_31.png_Mean-Closing.png
Component: component_1755503061421_372.png
centerX: 0.7661290322580645
centerY: 0.798803077799943
width: 0.0375
height: 0.03619264747791394
Area: 0.0005295139686888094
CentroidX: 0.7864
CentroidY: 0.8166
