Location: internet_2.png_Mean-Closing.png
Component: component_1755095280963_102.png
centerX: 0.44135429262394194
centerY: 0.22469347020245223
width: 0.03667875856509472
height: 0.03507271171941831
Area: 0.0005238558410328534
CentroidX: 0.4622
CentroidY: 0.2427
