Location: internet_2.png_Mean-Medain.png
Component: component_1755095281618_31.png
centerX: 0.6815800080612656
centerY: 0.07157114342743086
width: 0.03184199919387344
height: 0.03421727972626176
Area: 0.00042800332426642083
CentroidX: 0.7006
CentroidY: 0.0892
