Location: Kurtxevani_1764_page_10.png_Otsu.png
Component: component_1755610055923_1164.png
centerX: 0.3889967637540453
centerY: 0.45042095416276895
width: 0.013592233009708738
height: 0.017305893358278764
Area: 0.00010626027409701473
CentroidX: 0.3959
CentroidY: 0.4582
