Location: internet_2.png_Gaussian-Closing.png
Component: component_1755095281445_104.png
centerX: 0.15437323659814592
centerY: 0.2971200456230396
width: 0.03345425231761386
height: 0.03421727972626176
Area: 0.00045466733372662746
CentroidX: 0.1738
CentroidY: 0.3140
