Location: internet_2.png_Gaussian-Closing.png
Component: component_1755095281522_203.png
centerX: 0.4623135832325675
centerY: 0.5799828913601369
width: 0.04191858121725111
height: 0.03136583974907328
Area: 0.0004567360930812987
CentroidX: 0.4861
CentroidY: 0.5962
