Location: Dedata_31.png_Mean-Medain.png
Component: component_1755503060935_112.png
centerX: 0.4443548387096774
centerY: 0.16614420062695925
width: 0.025806451612903226
height: 0.02707324023938444
Area: 0.00025717279989703897
CentroidX: 0.4583
CentroidY: 0.1794
