Location: internet_2.png_Gaussian-Closing.png
Component: component_1755095281505_179.png
centerX: 0.7605804111245466
centerY: 0.5015682919874537
width: 0.032648125755743655
height: 0.031080695751354435
Area: 0.00039432851921538395
CentroidX: 0.7799
CentroidY: 0.5177
