Location: internet_2.png_Gaussian-Closing.png
Component: component_1755095281449_118.png
centerX: 0.3333333333333333
centerY: 0.33475905332192757
width: 0.029423619508262798
height: 0.03792415169660679
Area: 0.0004328304294273203
CentroidX: 0.3500
CentroidY: 0.3533
