Location: Dedata_31.png_Gaussian-Closing.png
Component: component_1755503061997_354.png
centerX: 0.9225806451612903
centerY: 0.7492163009404389
width: 0.035483870967741936
height: 0.033912795668281565
Area: 0.0005277902904053172
CentroidX: 0.9408
CentroidY: 0.7668
