Location: Dedata_31.png_Otsu.png
Component: component_1755503061546_316.png
centerX: 0.8931451612903226
centerY: 0.3248788828726133
width: 0.034274193548387094
height: 0.03277286976346538
Area: 0.0002827981503782899
CentroidX: 0.9125
CentroidY: 0.3427
