Location: internet_2.png_Gaussian-Median.png
Component: component_1755095280814_24.png
centerX: 0.9496170898831117
centerY: 0.06216139150270887
width: 0.03385731559854897
height: 0.03849443969204448
Area: 0.00043731274136244125
CentroidX: 0.9701
CentroidY: 0.0815
