Location: Dedata_31.png_Otsu.png
Component: component_1755503061843_1084.png
centerX: 0.8794354838709677
centerY: 0.8027928184667996
width: 0.04314516129032258
height: 0.033912795668281565
Area: 0.0005091745649436013
CentroidX: 0.9026
CentroidY: 0.8199
