Location: Dedata_31.png_Mean-Closing.png
Component: component_1755503061318_98.png
centerX: 0.7245967741935484
centerY: 0.16129951553149044
width: 0.021774193548387097
height: 0.027643203191792535
Area: 0.00023430533466937552
CentroidX: 0.7349
CentroidY: 0.1745
