Location: Dedata_31.png_Mean-Medain.png
Component: component_1755503060935_114.png
centerX: 0.3064516129032258
centerY: 0.16785408948418354
width: 0.020967741935483872
height: 0.02963807352522086
Area: 0.0002398211051765506
CentroidX: 0.3171
CentroidY: 0.1831
