Location: Dedata_31.png_Gaussian-Closing.png
Component: component_1755503061928_84.png
centerX: 0.34233870967741936
centerY: 0.1225420347677401
width: 0.022983870967741935
height: 0.024223425477343973
Area: 0.00021431066658086578
CentroidX: 0.3553
CentroidY: 0.1356
