Location: internet_2.png_Mean-Medain.png
Component: component_1755095281632_74.png
centerX: 0.44014510278113667
centerY: 0.17194183062446536
width: 0.029423619508262798
height: 0.033361847733105215
Area: 0.0004501850217915065
CentroidX: 0.4566
CentroidY: 0.1885
