Location: Dedata_31.png_Mean-Closing.png
Component: component_1755503061410_347.png
centerX: 0.1907258064516129
centerY: 0.7158734682245654
width: 0.04435483870967742
height: 0.034482758620689655
Area: 0.0005160692780775702
CentroidX: 0.2163
CentroidY: 0.7337
