Location: Dedata_31.png_Otsu.png
Component: component_1755503061733_844.png
centerX: 0.7830645161290323
centerY: 0.6531775434596752
width: 0.03790322580645161
height: 0.028783129096608722
Area: 0.0003337041156840934
CentroidX: 0.8032
CentroidY: 0.6679
