Location: Dedata_31.png_Mean-Medain.png
Component: component_1755503060921_57.png
centerX: 0.4213709677419355
centerY: 0.07922485038472499
width: 0.02217741935483871
height: 0.034482758620689655
Area: 0.00029819634304415377
CentroidX: 0.4330
CentroidY: 0.0972
