Location: internet_2.png_Mean-Closing.png
Component: component_1755095281166_191.png
centerX: 0.3438129786376461
centerY: 0.4853150841174793
width: 0.03305118903667876
height: 0.03222127174222983
Area: 0.00047121740856399715
CentroidX: 0.3625
CentroidY: 0.5013
