Location: internet_2.png_Gaussian-Closing.png
Component: component_1755095281504_174.png
centerX: 0.22007255139056833
centerY: 0.4938694040490448
width: 0.03385731559854897
height: 0.03421727972626176
Area: 0.00043639329276036514
CentroidX: 0.2395
CentroidY: 0.5116
