Location: internet_2.png_Gaussian-Closing.png
Component: component_1755095281456_137.png
centerX: 0.3369609028617493
centerY: 0.3840889649272883
width: 0.037484885126964934
height: 0.03307670373538637
Area: 0.00044271450189963825
CentroidX: 0.3563
CentroidY: 0.4017
