Location: internet_2.png_Mean-Medain.png
Component: component_1755095281676_269.png
centerX: 0.42200725513905685
centerY: 0.7396635300826918
width: 0.03345425231761386
height: 0.033932135728542916
Area: 0.00046857399383302837
CentroidX: 0.4412
CentroidY: 0.7569
