Location: internet_2.png_Mean-Medain.png
Component: component_1755095281656_183.png
centerX: 0.3438129786376461
centerY: 0.4853150841174793
width: 0.03345425231761386
height: 0.03222127174222983
Area: 0.0004727115125423708
CentroidX: 0.3625
CentroidY: 0.5013
