Location: Dedata_31.png_Gaussian-Closing.png
Component: component_1755503061928_86.png
centerX: 0.5975806451612903
centerY: 0.12453690510116842
width: 0.027016129032258064
height: 0.030493017953833
Area: 0.0003257751955800292
CentroidX: 0.6132
CentroidY: 0.1403
