Location: internet_2.png_Mean-Medain.png
Component: component_1755095281673_258.png
centerX: 0.9286577992744861
centerY: 0.716852010265184
width: 0.03667875856509472
height: 0.03051040775591674
Area: 0.00042271649480448326
CentroidX: 0.9493
CentroidY: 0.7325
