Location: Kurtxevani_1794_page_10.png_Mean-Medain.png
Component: component_1755610054926_1360.png
centerX: 0.5675043834015195
centerY: 0.3851917144116351
width: 0.013442431326709527
height: 0.015425297487880123
Area: 0.00011410882169376129
CentroidX: 0.5741
CentroidY: 0.3931
