Location: Dedata_31.png_Mean-Medain.png
Component: component_1755503060934_110.png
centerX: 0.39153225806451614
centerY: 0.16357936734112283
width: 0.03024193548387097
height: 0.029923055001424906
Area: 0.0002910718061390526
CentroidX: 0.4083
CentroidY: 0.1786
