Location: Dedata_31.png_Gaussian-Closing.png
Component: component_1755503061904_10.png
centerX: 0.8556451612903225
centerY: 0.002849814762040467
width: 0.025806451612903226
height: 0.030208036477628954
Area: 0.0003223278390130448
CentroidX: 0.8682
CentroidY: 0.0179
