Location: Dedata_31.png_Otsu.png
Component: component_1755503061511_122.png
centerX: 0.5975806451612903
centerY: 0.12482188657737248
width: 0.027016129032258064
height: 0.030208036477628954
Area: 0.0002949788102483016
CentroidX: 0.6133
CentroidY: 0.1405
