Location: internet_2.png_Gaussian-Median.png
Component: component_1755095280818_35.png
centerX: 0.32406287787182586
centerY: 0.08269175933846593
width: 0.037081821846029824
height: 0.03649843170801255
Area: 0.0004807566878105366
CentroidX: 0.3467
CentroidY: 0.0996
