Location: internet_2.png_Gaussian-Median.png
Component: component_1755095280822_50.png
centerX: 0.573559048770657
centerY: 0.12204163102366695
width: 0.03184199919387344
height: 0.031936127744510975
Area: 0.00042972729039531346
CentroidX: 0.5914
CentroidY: 0.1382
