Location: Dedata_31.png_Otsu.png
Component: component_1755503061569_461.png
centerX: 0.5959677419354839
centerY: 0.4787688800227985
width: 0.03225806451612903
height: 0.030493017953833
Area: 0.0002301685067889942
CentroidX: 0.6132
CentroidY: 0.4934
