Location: Dedata_31.png_Otsu.png
Component: component_1755503061535_270.png
centerX: 0.39153225806451614
centerY: 0.24194927329723567
width: 0.01975806451612903
height: 0.028498147620404674
Area: 0.00015731437134005645
CentroidX: 0.4046
CentroidY: 0.2594
