Location: Dedata_31.png_Mean-Closing.png
Component: component_1755503061379_241.png
centerX: 0.8516129032258064
centerY: 0.4682245654032488
width: 0.03346774193548387
height: 0.02792818466799658
Area: 0.0003054357918348211
CentroidX: 0.8695
CentroidY: 0.4832
