Location: Dedata_31.png_Mean-Closing.png
Component: component_1755503061307_60.png
centerX: 0.37540322580645163
centerY: 0.0834995725277857
width: 0.021774193548387097
height: 0.029923055001424906
Area: 0.00030589543937708564
CentroidX: 0.3868
CentroidY: 0.0995
