Location: Kurtxevani_1764_page_10.png_Otsu.png
Component: component_1755610055850_713.png
centerX: 0.35016181229773463
centerY: 0.2245088868101029
width: 0.016181229773462782
height: 0.0205799812909261
Area: 0.00019889743613030962
CentroidX: 0.3574
CentroidY: 0.2345
