Location: Dedata_31.png_Otsu.png
Component: component_1755503061837_1062.png
centerX: 0.760483870967742
centerY: 0.7520661157024794
width: 0.04112903225806452
height: 0.03505272157309775
Area: 0.0004829746550345195
CentroidX: 0.7820
CentroidY: 0.7703
