Location: internet_2.png_Gaussian-Median.png
Component: component_1755095280817_31.png
centerX: 0.5727529222087868
centerY: 0.07584830339321358
width: 0.03305118903667876
height: 0.03450242372398061
Area: 0.0004237508744818189
CentroidX: 0.5920
CentroidY: 0.0931
