Location: Dedata_31.png_Mean-Medain.png
Component: component_1755503060963_217.png
centerX: 0.7979838709677419
centerY: 0.37446565973211743
width: 0.03387096774193549
height: 0.029068110572812767
Area: 0.00036300664650346114
CentroidX: 0.8157
CentroidY: 0.3898
