Location: Dedata_31.png_Mean-Closing.png
Component: component_1755503061312_74.png
centerX: 0.7995967741935484
centerY: 0.11912225705329153
width: 0.02258064516129032
height: 0.030777999430037048
Area: 0.000307734029546144
CentroidX: 0.8112
CentroidY: 0.1350
