Location: Dedata_31.png_Gaussian-Closing.png
Component: component_1755503061960_227.png
centerX: 0.8258064516129032
centerY: 0.42177258478198915
width: 0.03346774193548387
height: 0.028498147620404674
Area: 0.00033646200093768097
CentroidX: 0.8426
CentroidY: 0.4375
