Location: internet_2.png_Mean-Medain.png
Component: component_1755095281666_224.png
centerX: 0.10358726320032245
centerY: 0.6130595950955232
width: 0.030632809351068116
height: 0.029940119760479042
Area: 0.0004005347972793976
CentroidX: 0.1204
CentroidY: 0.6281
