Location: internet_2.png_Mean-Closing.png
Component: component_1755095281200_203.png
centerX: 0.6449012494961709
centerY: 0.5092671799258626
width: 0.03426037887948408
height: 0.03222127174222983
Area: 0.0004419099843728217
CentroidX: 0.6642
CentroidY: 0.5263
