Location: internet_2.png_Mean-Closing.png
Component: component_1755095280944_40.png
centerX: 0.053204353083434096
centerY: 0.03222127174222983
width: 0.03788794840790004
height: 0.03450242372398061
Area: 0.0005638518552231634
CentroidX: 0.0746
CentroidY: 0.0494
