Location: Kurtxevani_1764_page_10.png_Otsu.png
Component: component_1755610055940_1308.png
centerX: 0.568284789644013
centerY: 0.510757717492984
width: 0.017475728155339806
height: 0.0205799812909261
Area: 0.00021009866160492369
CentroidX: 0.5757
CentroidY: 0.5209
