Location: internet_2.png_Gaussian-Median.png
Component: component_1755095280819_38.png
centerX: 0.1479242241031842
centerY: 0.08896492728828058
width: 0.037081821846029824
height: 0.03450242372398061
Area: 0.0005239707721081129
CentroidX: 0.1677
CentroidY: 0.1058
