Location: Dedata_31.png_Mean-Closing.png
Component: component_1755503061386_271.png
centerX: 0.23911290322580644
centerY: 0.5292106013109148
width: 0.038306451612903226
height: 0.027643203191792535
Area: 0.0003720846854631868
CentroidX: 0.2589
CentroidY: 0.5433
