Location: Dedata_31.png_Gaussian-Closing.png
Component: component_1755503062011_384.png
centerX: 0.24637096774193548
centerY: 0.8096323738956968
width: 0.0467741935483871
height: 0.034482758620689655
Area: 0.0005375578006784398
CentroidX: 0.2710
CentroidY: 0.8264
