Location: internet_2.png_Gaussian-Closing.png
Component: component_1755095281454_130.png
centerX: 0.6823861346231358
centerY: 0.36897633304818933
width: 0.03184199919387344
height: 0.03421727972626176
Area: 0.00041765952749306477
CentroidX: 0.7005
CentroidY: 0.3853
