Location: Dedata_31.png_Otsu.png
Component: component_1755503061574_468.png
centerX: 0.02056451612903226
centerY: 0.4870333428327159
width: 0.03306451612903226
height: 0.030208036477628954
Area: 0.00028601568317414207
CentroidX: 0.0363
CentroidY: 0.5023
