Location: internet_2.png_Gaussian-Median.png
Component: component_1755095280849_155.png
centerX: 0.27972591696896415
centerY: 0.38751069289991447
width: 0.032245062474808545
height: 0.03136583974907328
Area: 0.000394788243516422
CentroidX: 0.2979
CentroidY: 0.4032
