Location: Dedata_31.png_Mean-Medain.png
Component: component_1755503060969_247.png
centerX: 0.22620967741935483
centerY: 0.4417212881162724
width: 0.039919354838709675
height: 0.031062980906241093
Area: 0.00040575386793406817
CentroidX: 0.2471
CentroidY: 0.4572
