Location: internet_2.png_Mean-Medain.png
Component: component_1755095281659_193.png
centerX: 0.7061668681983071
centerY: 0.5052751639577987
width: 0.035872632003224506
height: 0.03735386370116909
Area: 0.000510753698453269
CentroidX: 0.7255
CentroidY: 0.5248
