Location: Dedata_31.png_Mean-Closing.png
Component: component_1755503061362_171.png
centerX: 0.2939516129032258
centerY: 0.29353092049016816
width: 0.034274193548387094
height: 0.03619264747791394
Area: 0.00036082332067770436
CentroidX: 0.3123
CentroidY: 0.3118
