Location: internet_2.png_Mean-Closing.png
Component: component_1755095281277_254.png
centerX: 0.6005642885933091
centerY: 0.6712289706301683
width: 0.03345425231761386
height: 0.029940119760479042
Area: 0.00038651320609773713
CentroidX: 0.6198
CentroidY: 0.6862
