Location: Paraklitoni_1720_page_10.png_Mean-Medain.png
Component: component_1755610055260_521.png
centerX: 0.8201219512195121
centerY: 0.19548872180451127
width: 0.010670731707317074
height: 0.013533834586466165
Area: 9.398496240601504e-05
CentroidX: 0.8252
CentroidY: 0.2016
