Location: internet_2.png_Mean-Medain.png
Component: component_1755095281677_273.png
centerX: 0.1656590084643289
centerY: 0.7559167379526661
width: 0.03466344216041919
height: 0.03279155973766752
Area: 0.0004711024774887376
CentroidX: 0.1850
CentroidY: 0.7724
