Location: internet_2.png_Mean-Closing.png
Component: component_1755095281201_205.png
centerX: 0.5304312777106006
centerY: 0.5181066438551468
width: 0.03426037887948408
height: 0.03165098374679213
Area: 0.00044236970867385974
CentroidX: 0.5496
CentroidY: 0.5346
