Location: Dedata_31.png_Mean-Closing.png
Component: component_1755503061401_335.png
centerX: 0.8625
centerY: 0.701339412938159
width: 0.0467741935483871
height: 0.0347677400968937
Area: 0.0005845567618749943
CentroidX: 0.8873
CentroidY: 0.7199
