Location: internet_2.png_Gaussian-Median.png
Component: component_1755095280881_280.png
centerX: 0.5388956066102378
centerY: 0.733675506130596
width: 0.032245062474808545
height: 0.03022526375819789
Area: 0.00041674007889098866
CentroidX: 0.5577
CentroidY: 0.7487
