Location: Dedata_31.png_Gaussian-Closing.png
Component: component_1755503061982_314.png
centerX: 0.021370967741935483
centerY: 0.627814192077515
width: 0.032661290322580645
height: 0.03277286976346538
Area: 0.00026556136754336774
CentroidX: 0.0374
CentroidY: 0.6459
