Location: Dedata_31.png_Otsu.png
Component: component_1755503061497_40.png
centerX: 0.38064516129032255
centerY: 0.04673696209746366
width: 0.028225806451612902
height: 0.030493017953833
Area: 0.00028624550694527435
CentroidX: 0.3966
CentroidY: 0.0633
