Location: Dedata_31.png_Otsu.png
Component: component_1755503061508_109.png
centerX: 0.885483870967742
centerY: 0.11798233114847535
width: 0.01935483870967742
height: 0.0262182958107723
Area: 0.00023947636951985219
CentroidX: 0.8948
CentroidY: 0.1313
