Location: Dedata_31.png_Mean-Closing.png
Component: component_1755503061365_184.png
centerX: 0.7028225806451613
centerY: 0.32772869763465373
width: 0.031451612903225803
height: 0.032487888287261325
Area: 0.0003218681914707802
CentroidX: 0.7191
CentroidY: 0.3449
