Location: internet_2.png_Gaussian-Closing.png
Component: component_1755095281473_141.png
centerX: 0.10479645304312778
centerY: 0.40005702879954375
width: 0.0354695687222894
height: 0.031080695751354435
Area: 0.0004089247657733419
CentroidX: 0.1247
CentroidY: 0.4160
