Location: internet_2.png_Mean-Medain.png
Component: component_1755095281663_210.png
centerX: 0.8230552196694881
centerY: 0.5605930995152552
width: 0.027408303103587262
height: 0.01710863986313088
Area: 0.00017170702643771018
CentroidX: 0.8352
CentroidY: 0.5698
