Location: Dedata_31.png_Otsu.png
Component: component_1755503061818_1048.png
centerX: 0.5383064516129032
centerY: 0.7104588201766885
width: 0.03790322580645161
height: 0.03419777714448561
Area: 0.0004183941753463444
CentroidX: 0.5572
CentroidY: 0.7292
