Location: internet_2.png_Gaussian-Median.png
Component: component_1755095280814_23.png
centerX: 0.13663845223700122
centerY: 0.03279155973766752
width: 0.04393389762192664
height: 0.03507271171941831
Area: 0.000560174060814859
CentroidX: 0.1595
CentroidY: 0.0497
