Location: Dedata_31.png_Mean-Medain.png
Component: component_1755503060993_331.png
centerX: 0.8391129032258065
centerY: 0.6514676546024508
width: 0.03387096774193549
height: 0.031062980906241093
Area: 0.000366798738727144
CentroidX: 0.8560
CentroidY: 0.6679
