Location: internet_2.png_Gaussian-Closing.png
Component: component_1755095281521_200.png
centerX: 0.6537686416767432
centerY: 0.5668662674650699
width: 0.03506650544135429
height: 0.033932135728542916
Area: 0.000460184025339084
CentroidX: 0.6746
CentroidY: 0.5843
