Location: Dedata_31.png_Mean-Closing.png
Component: component_1755503061340_120.png
centerX: 0.8237903225806451
centerY: 0.19806212596181247
width: 0.024596774193548387
height: 0.02792818466799658
Area: 0.0002827981503782899
CentroidX: 0.8366
CentroidY: 0.2128
