Location: Dedata_31.png_Mean-Closing.png
Component: component_1755503061391_292.png
centerX: 0.29193548387096774
centerY: 0.5787973781704189
width: 0.04153225806451613
height: 0.031917925334853235
Area: 0.00039024076338263817
CentroidX: 0.3136
CentroidY: 0.5951
