Location: Dedata_31.png_Mean-Medain.png
Component: component_1755503060980_291.png
centerX: 0.8387096774193549
centerY: 0.5605585636933599
width: 0.02903225806451613
height: 0.02963807352522086
Area: 0.0002488991441362763
CentroidX: 0.8536
CentroidY: 0.5759
