Location: internet_2.png_Gaussian-Median.png
Component: component_1755095280884_290.png
centerX: 0.09794437726723096
centerY: 0.7601938979184488
width: 0.032245062474808545
height: 0.030795551753635585
Area: 0.0004168550099662482
CentroidX: 0.1167
CentroidY: 0.7754
