Location: internet_2.png_Mean-Medain.png
Component: component_1755095281658_187.png
centerX: 0.9189842805320435
centerY: 0.4958654120330767
width: 0.03143893591293833
height: 0.03364699173082407
Area: 0.0004407606736202266
CentroidX: 0.9372
CentroidY: 0.5123
