Location: internet_2.png_Gaussian-Median.png
Component: component_1755095280863_211.png
centerX: 0.22168480451430875
centerY: 0.5434844596521243
width: 0.03466344216041919
height: 0.030795551753635585
Area: 0.000394788243516422
CentroidX: 0.2418
CentroidY: 0.5593
