Location: internet_2.png_Gaussian-Closing.png
Component: component_1755095281454_133.png
centerX: 0.4534461910519952
centerY: 0.37610493299116055
width: 0.03426037887948408
height: 0.03279155973766752
Area: 0.0004269689445890852
CentroidX: 0.4730
CentroidY: 0.3922
