Location: Dedata_31.png_Mean-Medain.png
Component: component_1755503061002_357.png
centerX: 0.37379032258064515
centerY: 0.7096038757480764
width: 0.037096774193548385
height: 0.037902536335138216
Area: 0.0005199762821868192
CentroidX: 0.3939
CentroidY: 0.7282
