Location: Paraklitoni_1720_page_10.png_Mean-Medain.png
Component: component_1755610055542_2146.png
centerX: 0.3399390243902439
centerY: 0.7819548872180451
width: 0.012957317073170731
height: 0.013533834586466165
Area: 9.169264624977077e-05
CentroidX: 0.3465
CentroidY: 0.7883
