Location: Dedata_31.png_Mean-Medain.png
Component: component_1755503060986_314.png
centerX: 0.6282258064516129
centerY: 0.6115702479338843
width: 0.03951612903225806
height: 0.03419777714448561
Area: 0.00035507772639939693
CentroidX: 0.6513
CentroidY: 0.6285
