Location: internet_2.png_Gaussian-Median.png
Component: component_1755095280857_192.png
centerX: 0.3438129786376461
centerY: 0.48560022811519815
width: 0.03305118903667876
height: 0.031936127744510975
Area: 0.0004469669516842402
CentroidX: 0.3624
CentroidY: 0.5013
