Location: Dedata_31.png_Gaussian-Closing.png
Component: component_1755503061907_21.png
centerX: 0.8286290322580645
centerY: 0.04075235109717868
width: 0.02338709677419355
height: 0.029353092049016812
Area: 0.0002930253081936771
CentroidX: 0.8410
CentroidY: 0.0557
