Location: internet_2.png_Gaussian-Closing.png
Component: component_1755095281474_142.png
centerX: 0.8972188633615478
centerY: 0.4031936127744511
width: 0.0354695687222894
height: 0.03364699173082407
Area: 0.000455471851253444
CentroidX: 0.9165
CentroidY: 0.4206
