Location: internet_2.png_Gaussian-Median.png
Component: component_1755095280852_169.png
centerX: 0.46594115276098347
centerY: 0.4231536926147705
width: 0.0354695687222894
height: 0.03507271171941831
Area: 0.00044558777878112607
CentroidX: 0.4867
CentroidY: 0.4398
