Location: Dedata_31.png_Otsu.png
Component: component_1755503061565_445.png
centerX: 0.43185483870967745
centerY: 0.4380165289256198
width: 0.0375
height: 0.027358221715588486
Area: 0.0003554224620560954
CentroidX: 0.4505
CentroidY: 0.4523
