Location: Dedata_31.png_Mean-Closing.png
Component: component_1755503061386_270.png
centerX: 0.18669354838709679
centerY: 0.5280706754060986
width: 0.038306451612903226
height: 0.03220290681105728
Area: 0.0003821969313930078
CentroidX: 0.2068
CentroidY: 0.5455
