Location: internet_2.png_Gaussian-Median.png
Component: component_1755095280877_265.png
centerX: 0.3047158403869408
centerY: 0.6914741944682065
width: 0.03909713825070536
height: 0.033361847733105215
Area: 0.00044168012222230266
CentroidX: 0.3257
CentroidY: 0.7091
