Location: Dedata_31.png_Gaussian-Closing.png
Component: component_1755503061980_306.png
centerX: 0.4600806451612903
centerY: 0.6138500997435167
width: 0.0375
height: 0.032487888287261325
Area: 0.0003027928184667997
CentroidX: 0.4801
CentroidY: 0.6296
