Location: internet_2.png_Mean-Medain.png
Component: component_1755095281648_142.png
centerX: 0.5800080612656187
centerY: 0.37439406900484745
width: 0.032648125755743655
height: 0.03364699173082407
Area: 0.0004535180229740324
CentroidX: 0.5977
CentroidY: 0.3909
