Location: Kurtxevani_1794_page_10.png_Mean-Medain.png
Component: component_1755610054605_531.png
centerX: 0.18994739918176504
centerY: 0.10533274570295284
width: 0.015195791934541203
height: 0.01630674305861613
Area: 0.0001509430463037113
CentroidX: 0.1971
CentroidY: 0.1135
