Location: internet_2.png_Mean-Medain.png
Component: component_1755095281639_106.png
centerX: 0.562273276904474
centerY: 0.2754491017964072
width: 0.028617492946392584
height: 0.03507271171941831
Area: 0.0003346792911556975
CentroidX: 0.5780
CentroidY: 0.2965
