Location: internet_2.png_Gaussian-Median.png
Component: component_1755095280861_205.png
centerX: 0.5896815800080613
centerY: 0.5129740518962076
width: 0.029826682789197905
height: 0.03136583974907328
Area: 0.000354562367175593
CentroidX: 0.6065
CentroidY: 0.5295
