Location: Dedata_31.png_Otsu.png
Component: component_1755503061676_685.png
centerX: 0.5229838709677419
centerY: 0.6161299515531491
width: 0.03467741935483871
height: 0.032487888287261325
Area: 0.00014869597992259536
CentroidX: 0.5434
CentroidY: 0.6334
