Location: Dedata_31.png_Otsu.png
Component: component_1755503061503_65.png
centerX: 0.7846774193548387
centerY: 0.07808492447990881
width: 0.02379032258064516
height: 0.029068110572812767
Area: 0.00020121071162632493
CentroidX: 0.7985
CentroidY: 0.0927
