Location: Dedata_31.png_Mean-Closing.png
Component: component_1755503061370_204.png
centerX: 0.7536290322580645
centerY: 0.37361071530350526
width: 0.03467741935483871
height: 0.030493017953833
Area: 0.0003694417120951654
CentroidX: 0.7719
CentroidY: 0.3891
