Location: Paraklitoni_1720_page_10.png_Mean-Medain.png
Component: component_1755610055367_1639.png
centerX: 0.21265243902439024
centerY: 0.593483709273183
width: 0.011432926829268292
height: 0.012030075187969926
Area: 8.557980316645271e-05
CentroidX: 0.2179
CentroidY: 0.5992
