Location: Dedata_31.png_Mean-Medain.png
Component: component_1755503060982_297.png
centerX: 0.707258064516129
centerY: 0.5659732117412368
width: 0.02903225806451613
height: 0.03305785123966942
Area: 0.00031876557056049424
CentroidX: 0.7216
CentroidY: 0.5835
