Location: Dedata_31.png_Gaussian-Closing.png
Component: component_1755503061921_68.png
centerX: 0.1693548387096774
centerY: 0.09090909090909091
width: 0.02620967741935484
height: 0.029068110572812767
Area: 0.0002942893389349047
CentroidX: 0.1849
CentroidY: 0.1057
