Location: Dedata_31.png_Gaussian-Closing.png
Component: component_1755503061908_23.png
centerX: 0.8721774193548387
centerY: 0.04160729552579082
width: 0.020967741935483872
height: 0.03163294385864919
Area: 0.00029279548442254477
CentroidX: 0.8830
CentroidY: 0.0579
