Location: Dedata_31.png_Otsu.png
Component: component_1755503061513_157.png
centerX: 0.8092741935483871
centerY: 0.15645483043602165
width: 0.022983870967741935
height: 0.03134796238244514
Area: 0.00022258432234162844
CentroidX: 0.8201
CentroidY: 0.1726
