Location: Dedata_31.png_Otsu.png
Component: component_1755503061842_1079.png
centerX: 0.5370967741935484
centerY: 0.7979481333713309
width: 0.038306451612903226
height: 0.0353377030493018
Area: 0.0004645887533439359
CentroidX: 0.5583
CentroidY: 0.8152
