Location: Dedata_31.png_Otsu.png
Component: component_1755503061502_62.png
centerX: 0.5278225806451613
centerY: 0.07836990595611286
width: 0.018145161290322582
height: 0.028783129096608722
Area: 0.00015260298403184437
CentroidX: 0.5391
CentroidY: 0.0957
