Location: Dedata_31.png_Mean-Medain.png
Component: component_1755503060905_8.png
centerX: 0.4935483870967742
centerY: 0.002564833285836421
width: 0.02943548387096774
height: 0.033912795668281565
Area: 0.0003533540481159047
CentroidX: 0.5080
CentroidY: 0.0192
