Location: internet_2.png_Gaussian-Median.png
Component: component_1755095280822_48.png
centerX: 0.6912535268037082
centerY: 0.11804961505560307
width: 0.031035872632003223
height: 0.03136583974907328
Area: 0.00044731174491001875
CentroidX: 0.7095
CentroidY: 0.1338
