Location: Dedata_31.png_Mean-Medain.png
Component: component_1755503060942_131.png
centerX: 0.6858870967741936
centerY: 0.2017668851524651
width: 0.025403225806451612
height: 0.026503277286976348
Area: 0.0002901525110545234
CentroidX: 0.6986
CentroidY: 0.2157
