Location: Dedata_31.png_Mean-Medain.png
Component: component_1755503060964_224.png
centerX: 0.35524193548387095
centerY: 0.3870048446850955
width: 0.035483870967741936
height: 0.03277286976346538
Area: 0.00047941238658196893
CentroidX: 0.3728
CentroidY: 0.4051
