Location: internet_2.png_Mean-Medain.png
Component: component_1755095281620_39.png
centerX: 0.20314389359129384
centerY: 0.08525805531793555
width: 0.03305118903667876
height: 0.037639007698887936
Area: 0.0005315562230752407
CentroidX: 0.2220
CentroidY: 0.1041
