Location: Dedata_31.png_Otsu.png
Component: component_1755503061597_514.png
centerX: 0.8012096774193549
centerY: 0.5163864348817326
width: 0.03306451612903226
height: 0.028498147620404674
Area: 0.00024418775682806423
CentroidX: 0.8176
CentroidY: 0.5314
