Location: Dedata_31.png_Mean-Medain.png
Component: component_1755503060986_315.png
centerX: 0.4600806451612903
centerY: 0.6138500997435167
width: 0.03790322580645161
height: 0.03277286976346538
Area: 0.0003258901074655954
CentroidX: 0.4801
CentroidY: 0.6299
