Location: Dedata_31.png_Gaussian-Closing.png
Component: component_1755503061938_133.png
centerX: 0.3435483870967742
centerY: 0.20461669991450557
width: 0.025806451612903226
height: 0.030493017953833
Area: 0.0002746394065030934
CentroidX: 0.3581
CentroidY: 0.2203
