Location: internet_2.png_Gaussian-Median.png
Component: component_1755095280811_15.png
centerX: 0.6904474002418379
centerY: 0.02281151981750784
width: 0.04433696090286175
height: 0.03992015968063872
Area: 0.0006371778812387317
CentroidX: 0.7138
CentroidY: 0.0421
