Location: internet_2.png_Mean-Closing.png
Component: component_1755095281274_253.png
centerX: 0.6586054010479645
centerY: 0.6700883946392928
width: 0.037081821846029824
height: 0.03022526375819789
Area: 0.00041731473426728625
CentroidX: 0.6793
CentroidY: 0.6852
