Location: Samociqulo_1709_page_10.png_Gaussian-Median.png
Component: component_1755610056322_3615.png
centerX: 0.8894348894348895
centerY: 0.88625
width: 0.01769041769041769
height: 0.0184375
Area: 0.00012162162162162162
CentroidX: 0.8995
CentroidY: 0.8969
