Location: internet_2.png_Mean-Medain.png
Component: component_1755095281652_163.png
centerX: 0.40507859733978235
centerY: 0.42714570858283435
width: 0.03426037887948408
height: 0.035642999714856
Area: 0.0005013293502819892
CentroidX: 0.4246
CentroidY: 0.4452
