Location: internet_2.png_Mean-Closing.png
Component: component_1755095280971_127.png
centerX: 0.9068923821039904
centerY: 0.30538922155688625
width: 0.03184199919387344
height: 0.03307670373538637
Area: 0.0004391516385665934
CentroidX: 0.9245
CentroidY: 0.3220
