Location: internet_2.png_Mean-Medain.png
Component: component_1755095281639_105.png
centerX: 0.6162837565497783
centerY: 0.2728828058169376
width: 0.03345425231761386
height: 0.03421727972626176
Area: 0.0004668500277041357
CentroidX: 0.6345
CentroidY: 0.2906
