Location: internet_2.png_Mean-Medain.png
Component: component_1755095281648_146.png
centerX: 0.39298669891172916
centerY: 0.3798118049615056
width: 0.03788794840790004
height: 0.03364699173082407
Area: 0.0004883421387776644
CentroidX: 0.4127
CentroidY: 0.3977
