Location: Dedata_31.png_Otsu.png
Component: component_1755503061818_1047.png
centerX: 0.3741935483870968
centerY: 0.7096038757480764
width: 0.036290322580645164
height: 0.03761755485893417
Area: 0.00046068174923468683
CentroidX: 0.3939
CentroidY: 0.7283
