Location: internet_2.png_Gaussian-Median.png
Component: component_1755095280834_93.png
centerX: 0.44095122934300685
centerY: 0.22469347020245223
width: 0.03667875856509472
height: 0.03507271171941831
Area: 0.0005035130407119199
CentroidX: 0.4621
CentroidY: 0.2426
