Location: Dedata_31.png_Mean-Medain.png
Component: component_1755503060951_163.png
centerX: 0.15
centerY: 0.2553434026788259
width: 0.02258064516129032
height: 0.027643203191792535
Area: 0.00024418775682806423
CentroidX: 0.1618
CentroidY: 0.2693
