Location: internet_2.png_Mean-Closing.png
Component: component_1755095281207_209.png
centerX: 0.28335348649738007
centerY: 0.5369261477045908
width: 0.03305118903667876
height: 0.030795551753635585
Area: 0.00041340707770846284
CentroidX: 0.3025
CentroidY: 0.5528
