Location: internet_2.png_Gaussian-Median.png
Component: component_1755095280851_165.png
centerX: 0.6872228939943571
centerY: 0.41402908468776733
width: 0.03184199919387344
height: 0.03165098374679213
Area: 0.0003969719339463527
CentroidX: 0.7054
CentroidY: 0.4303
