Location: Dedata_31.png_Otsu.png
Component: component_1755503061650_596.png
centerX: 0.4495967741935484
centerY: 0.5722428042177259
width: 0.03064516129032258
height: 0.029923055001424906
Area: 0.00024395793305693195
CentroidX: 0.4660
CentroidY: 0.5873
