Location: Dedata_31.png_Otsu.png
Component: component_1755503061501_60.png
centerX: 0.8346774193548387
centerY: 0.07751496152750072
width: 0.020967741935483872
height: 0.029353092049016812
Area: 0.00015570560494213037
CentroidX: 0.8498
CentroidY: 0.0944
