Location: Dedata_31.png_Mean-Medain.png
Component: component_1755503060945_142.png
centerX: 0.05846774193548387
centerY: 0.21516101453405528
width: 0.027822580645161292
height: 0.030208036477628954
Area: 0.00028291306226385605
CentroidX: 0.0751
CentroidY: 0.2298
