Location: Dedata_31.png_Otsu.png
Component: component_1755503061550_410.png
centerX: 0.8475806451612903
centerY: 0.3707609005414648
width: 0.032661290322580645
height: 0.029353092049016812
Area: 0.00034002426939023155
CentroidX: 0.8649
CentroidY: 0.3868
