Location: Dedata_31.png_Mean-Closing.png
Component: component_1755503061394_304.png
centerX: 0.34233870967741936
centerY: 0.6161299515531491
width: 0.0375
height: 0.031062980906241093
Area: 0.00037748554408479577
CentroidX: 0.3641
CentroidY: 0.6328
