Location: internet_2.png_Mean-Closing.png
Component: component_1755095280952_67.png
centerX: 0.505844417573559
centerY: 0.12375249500998003
width: 0.03184199919387344
height: 0.03279155973766752
Area: 0.00046834413168250934
CentroidX: 0.5236
CentroidY: 0.1399
