Location: Dedata_31.png_Otsu.png
Component: component_1755503061848_1089.png
centerX: 0.18870967741935485
centerY: 0.8099173553719008
width: 0.043548387096774194
height: 0.03419777714448561
Area: 0.0004867667472582024
CentroidX: 0.2131
CentroidY: 0.8264
