Location: internet_2.png_Mean-Medain.png
Component: component_1755095281613_13.png
centerX: 0.8935912938331319
centerY: 0.017393783860849728
width: 0.031035872632003223
height: 0.03849443969204448
Area: 0.0005593695432880425
CentroidX: 0.9073
CentroidY: 0.0364
