Location: internet_2.png_Mean-Medain.png
Component: component_1755095281633_78.png
centerX: 0.21442966545747683
centerY: 0.18762475049900199
width: 0.037484885126964934
height: 0.03507271171941831
Area: 0.0005160405279152066
CentroidX: 0.2356
CentroidY: 0.2054
