Location: internet_2.png_Gaussian-Closing.png
Component: component_1755095281433_74.png
centerX: 0.8016928657799275
centerY: 0.20615911035072712
width: 0.032648125755743655
height: 0.03279155973766752
Area: 0.00043731274136244125
CentroidX: 0.8207
CentroidY: 0.2226
