Location: Dedata_31.png_Gaussian-Closing.png
Component: component_1755503061997_353.png
centerX: 0.016129032258064516
centerY: 0.7204331718438302
width: 0.03790322580645161
height: 0.03220290681105728
Area: 0.0004396528741760818
CentroidX: 0.0365
CentroidY: 0.7368
