Location: internet_2.png_Gaussian-Median.png
Component: component_1755095280845_139.png
centerX: 0.04312777106005643
centerY: 0.35186769318505845
width: 0.03426037887948408
height: 0.03307670373538637
Area: 0.00047834313523008684
CentroidX: 0.0616
CentroidY: 0.3689
