Location: Dedata_31.png_Otsu.png
Component: component_1755503061838_1064.png
centerX: 0.6423387096774194
centerY: 0.7532060416072955
width: 0.03870967741935484
height: 0.032487888287261325
Area: 0.0004449388209121246
CentroidX: 0.6617
CentroidY: 0.7712
