Location: Dedata_31.png_Gaussian-Closing.png
Component: component_1755503061945_157.png
centerX: 0.24193548387096775
centerY: 0.25135366201196924
width: 0.024193548387096774
height: 0.0262182958107723
Area: 0.00023085797810239107
CentroidX: 0.2565
CentroidY: 0.2652
