Location: Dedata_31.png_Gaussian-Closing.png
Component: component_1755503061966_253.png
centerX: 0.2862903225806452
centerY: 0.4847534910230835
width: 0.03024193548387097
height: 0.029068110572812767
Area: 0.00033450849888305646
CentroidX: 0.3022
CentroidY: 0.5008
