Location: Dedata_31.png_Mean-Medain.png
Component: component_1755503060981_294.png
centerX: 0.6564516129032258
centerY: 0.5645483043602166
width: 0.03588709677419355
height: 0.03220290681105728
Area: 0.00031600768530690664
CentroidX: 0.6740
CentroidY: 0.5822
