Location: internet_2.png_Mean-Medain.png
Component: component_1755095281636_94.png
centerX: 0.2728738411930673
centerY: 0.23609923011120615
width: 0.031035872632003223
height: 0.032506415739948676
Area: 0.00047753861770327027
CentroidX: 0.2904
CentroidY: 0.2524
