Location: internet_2.png_Gaussian-Closing.png
Component: component_1755095281441_95.png
centerX: 0.6162837565497783
centerY: 0.2731679498146564
width: 0.03345425231761386
height: 0.033932135728542916
Area: 0.00044869091781313286
CentroidX: 0.6345
CentroidY: 0.2906
