Location: internet_2.png_Mean-Medain.png
Component: component_1755095281631_72.png
centerX: 0.566303909713825
centerY: 0.16481323068149414
width: 0.037081821846029824
height: 0.034787567721699456
Area: 0.0005306367744731645
CentroidX: 0.5869
CentroidY: 0.1828
