Location: Dedata_31.png_Mean-Medain.png
Component: component_1755503060947_149.png
centerX: 0.802016129032258
centerY: 0.237674551154175
width: 0.027822580645161292
height: 0.033912795668281565
Area: 0.0003547329907426985
CentroidX: 0.8165
CentroidY: 0.2553
