Location: internet_2.png_Gaussian-Median.png
Component: component_1755095280866_224.png
centerX: 0.4623135832325675
centerY: 0.5799828913601369
width: 0.04191858121725111
height: 0.03136583974907328
Area: 0.0004570808863070772
CentroidX: 0.4861
CentroidY: 0.5962
