Location: Dedata_31.png_Otsu.png
Component: component_1755503061839_1070.png
centerX: 0.2032258064516129
centerY: 0.7597606155599886
width: 0.043548387096774194
height: 0.03590766600170989
Area: 0.0004929719890787744
CentroidX: 0.2251
CentroidY: 0.7794
