Location: internet_2.png_Gaussian-Closing.png
Component: component_1755095281414_40.png
centerX: 0.8407900040306329
centerY: 0.10978043912175649
width: 0.03143893591293833
height: 0.03136583974907328
Area: 0.00044041588039444804
CentroidX: 0.8593
CentroidY: 0.1253
