Location: internet_2.png_Mean-Medain.png
Component: component_1755095281639_108.png
centerX: 0.44216041918581217
centerY: 0.281437125748503
width: 0.0354695687222894
height: 0.035357855717137156
Area: 0.0004859285861972146
CentroidX: 0.4617
CentroidY: 0.2994
