Location: Paraklitoni_1720_page_10.png_Mean-Medain.png
Component: component_1755610055176_187.png
centerX: 0.5762195121951219
centerY: 0.07669172932330827
width: 0.010670731707317074
height: 0.012531328320802004
Area: 7.488232777064613e-05
CentroidX: 0.5810
CentroidY: 0.0828
