Location: internet_2.png_Mean-Closing.png
Component: component_1755095280968_121.png
centerX: 0.32930270052398225
centerY: 0.2891360136869119
width: 0.03345425231761386
height: 0.033361847733105215
Area: 0.00046041388748960303
CentroidX: 0.3488
CentroidY: 0.3064
