Location: Dedata_31.png_Otsu.png
Component: component_1755503061549_364.png
centerX: 0.2217741935483871
centerY: 0.34796238244514105
width: 0.03064516129032258
height: 0.026788258763180393
Area: 0.00021844749446124712
CentroidX: 0.2379
CentroidY: 0.3616
