Location: Dedata_31.png_Mean-Medain.png
Component: component_1755503060985_306.png
centerX: 0.075
centerY: 0.5816471929324594
width: 0.04233870967741935
height: 0.03134796238244514
Area: 0.00036208735141893196
CentroidX: 0.0982
CentroidY: 0.5979
