Location: Dedata_31.png_Otsu.png
Component: component_1755503061550_366.png
centerX: 0.06693548387096775
centerY: 0.34910230834995726
width: 0.031451612903225803
height: 0.029923055001424906
Area: 0.0002409702240322121
CentroidX: 0.0836
CentroidY: 0.3648
