Location: internet_2.png_Gaussian-Median.png
Component: component_1755095280882_282.png
centerX: 0.48125755743651755
centerY: 0.739093242087254
width: 0.03143893591293833
height: 0.03022526375819789
Area: 0.00042064773544981207
CentroidX: 0.4996
CentroidY: 0.7543
