Location: internet_2.png_Gaussian-Closing.png
Component: component_1755095281527_214.png
centerX: 0.04312777106005643
centerY: 0.6164813230681494
width: 0.032648125755743655
height: 0.03450242372398061
Area: 0.0004447832612543095
CentroidX: 0.0622
CentroidY: 0.6331
