Location: Dedata_31.png_Mean-Closing.png
Component: component_1755503061339_119.png
centerX: 0.7294354838709678
centerY: 0.19806212596181247
width: 0.025
height: 0.028783129096608722
Area: 0.00026923854788148447
CentroidX: 0.7441
CentroidY: 0.2130
