Location: Dedata_31.png_Mean-Closing.png
Component: component_1755503061377_232.png
centerX: 0.43185483870967745
centerY: 0.4377315474494158
width: 0.0375
height: 0.02792818466799658
Area: 0.0004078222818742588
CentroidX: 0.4505
CentroidY: 0.4524
