Location: Dedata_31.png_Otsu.png
Component: component_1755503061504_70.png
centerX: 0.47258064516129034
centerY: 0.07979481333713309
width: 0.021774193548387097
height: 0.03334283271587347
Area: 0.00026820434091138915
CentroidX: 0.4841
CentroidY: 0.0972
