Location: Dedata_31.png_Mean-Closing.png
Component: component_1755503061305_57.png
centerX: 0.6588709677419354
centerY: 0.08007979481333713
width: 0.027016129032258064
height: 0.028498147620404674
Area: 0.00027877623438347476
CentroidX: 0.6741
CentroidY: 0.0953
