Location: Dedata_31.png_Mean-Closing.png
Component: component_1755503061393_299.png
centerX: 0.7399193548387096
centerY: 0.6090054146480479
width: 0.039112903225806454
height: 0.02707324023938444
Area: 0.0003283032570624845
CentroidX: 0.7638
CentroidY: 0.6230
