Location: internet_2.png_Mean-Medain.png
Component: component_1755095281614_15.png
centerX: 0.8291011688835147
centerY: 0.01996007984031936
width: 0.039500201531640466
height: 0.03992015968063872
Area: 0.0006660255811288691
CentroidX: 0.8490
CentroidY: 0.0398
