Location: internet_2.png_Gaussian-Median.png
Component: component_1755095280868_233.png
centerX: 0.10358726320032245
centerY: 0.6130595950955232
width: 0.030229746070133012
height: 0.029654975762760195
Area: 0.000374560374270748
CentroidX: 0.1203
CentroidY: 0.6281
