Location: internet_2.png_Mean-Closing.png
Component: component_1755095280950_60.png
centerX: 0.8895606610237807
centerY: 0.10835471913316225
width: 0.035872632003224506
height: 0.031936127744510975
Area: 0.0004608736117906411
CentroidX: 0.9109
CentroidY: 0.1232
