Location: Dedata_31.png_Mean-Medain.png
Component: component_1755503060977_277.png
centerX: 0.3435483870967742
centerY: 0.5232259903106298
width: 0.032661290322580645
height: 0.031062980906241093
Area: 0.00036587944364261483
CentroidX: 0.3598
CentroidY: 0.5395
