Location: Kurtxevani_1784_page_10.png_Gaussian-Closing.png
Component: component_1755610055745_373.png
centerX: 0.23466092572658773
centerY: 0.50199203187251
width: 0.02045209903121636
height: 0.022310756972111555
Area: 0.0003242144446969924
CentroidX: 0.2452
CentroidY: 0.5131
