Location: internet_2.png_Gaussian-Median.png
Component: component_1755095280828_73.png
centerX: 0.501813784764208
centerY: 0.16937553464499572
width: 0.029826682789197905
height: 0.035642999714856
Area: 0.0004542076094255894
CentroidX: 0.5188
CentroidY: 0.1873
