Location: internet_2.png_Gaussian-Closing.png
Component: component_1755095281538_253.png
centerX: 0.5937122128174124
centerY: 0.7302537781579698
width: 0.03385731559854897
height: 0.03222127174222983
Area: 0.00043869191426555536
CentroidX: 0.6129
CentroidY: 0.7471
