Location: internet_2.png_Gaussian-Median.png
Component: component_1755095280833_90.png
centerX: 0.6279725916968965
centerY: 0.21585400627316795
width: 0.03506650544135429
height: 0.03307670373538637
Area: 0.0004589197835112294
CentroidX: 0.6482
CentroidY: 0.2331
