Location: internet_2.png_Mean-Medain.png
Component: component_1755095281617_26.png
centerX: 0.13663845223700122
centerY: 0.03279155973766752
width: 0.04393389762192664
height: 0.03507271171941831
Area: 0.000594308590166934
CentroidX: 0.1594
CentroidY: 0.0498
