Location: Dedata_31.png_Otsu.png
Component: component_1755503061517_185.png
centerX: 0.15524193548387097
centerY: 0.17269877457965233
width: 0.02620967741935484
height: 0.028498147620404674
Area: 0.00024752020150948254
CentroidX: 0.1696
CentroidY: 0.1882
