Location: internet_2.png_Mean-Closing.png
Component: component_1755095280946_47.png
centerX: 0.7376058041112454
centerY: 0.071285999429712
width: 0.02902055622732769
height: 0.032506415739948676
Area: 0.0003831802049152113
CentroidX: 0.7542
CentroidY: 0.0878
