Location: internet_2.png_Mean-Closing.png
Component: component_1755095280963_103.png
centerX: 0.38492543329302703
centerY: 0.22668947818648416
width: 0.032245062474808545
height: 0.03364699173082407
Area: 0.00043466932663147246
CentroidX: 0.4040
CentroidY: 0.2440
