Location: Dedata_31.png_Gaussian-Closing.png
Component: component_1755503061944_152.png
centerX: 0.43548387096774194
centerY: 0.2396694214876033
width: 0.025403225806451612
height: 0.029068110572812767
Area: 0.00030888314840180547
CentroidX: 0.4493
CentroidY: 0.2542
