Location: internet_2.png_Gaussian-Closing.png
Component: component_1755095281521_202.png
centerX: 0.528415961305925
centerY: 0.5762760193897919
width: 0.0354695687222894
height: 0.031936127744510975
Area: 0.0004228314258797428
CentroidX: 0.5479
CentroidY: 0.5923
