Location: Dedata_31.png_Mean-Medain.png
Component: component_1755503060968_242.png
centerX: 0.48266129032258065
centerY: 0.43573667711598746
width: 0.03951612903225806
height: 0.03134796238244514
Area: 0.00042207135568446115
CentroidX: 0.5040
CentroidY: 0.4519
