Location: Dedata_31.png_Otsu.png
Component: component_1755503061521_226.png
centerX: 0.4508064516129032
centerY: 0.20034197777144486
width: 0.018951612903225806
height: 0.028498147620404674
Area: 0.00013961794096286966
CentroidX: 0.4631
CentroidY: 0.2171
