Location: internet_2.png_Gaussian-Closing.png
Component: component_1755095281444_100.png
centerX: 0.3845223700120919
centerY: 0.2865697177074423
width: 0.03869407496977025
height: 0.033932135728542916
Area: 0.0004988008666262798
CentroidX: 0.4039
CentroidY: 0.3043
