Location: Kurtxevani_1764_page_10.png_Otsu.png
Component: component_1755610055936_1296.png
centerX: 0.3818770226537217
centerY: 0.5102899906454631
width: 0.015533980582524271
height: 0.01777362020579981
Area: 0.0001843661165956751
CentroidX: 0.3900
CentroidY: 0.5194
