Location: internet_2.png_Gaussian-Median.png
Component: component_1755095280808_10.png
centerX: 0.8935912938331319
centerY: 0.017393783860849728
width: 0.031035872632003223
height: 0.03849443969204448
Area: 0.0005368430525371782
CentroidX: 0.9074
CentroidY: 0.0364
