Location: internet_2.png_Mean-Closing.png
Component: component_1755095281208_210.png
centerX: 0.22168480451430875
centerY: 0.5434844596521243
width: 0.03466344216041919
height: 0.030795551753635585
Area: 0.0004185789760951409
CentroidX: 0.2418
CentroidY: 0.5594
