Location: Dedata_31.png_Gaussian-Closing.png
Component: component_1755503061932_102.png
centerX: 0.6358870967741935
centerY: 0.16215445996010258
width: 0.020967741935483872
height: 0.028498147620404674
Area: 0.00023614392483843388
CentroidX: 0.6469
CentroidY: 0.1767
