Location: internet_2.png_Gaussian-Median.png
Component: component_1755095280864_216.png
centerX: 0.04312777106005643
centerY: 0.5583119475335044
width: 0.03506650544135429
height: 0.036213287710293696
Area: 0.00048466434436935995
CentroidX: 0.0634
CentroidY: 0.5760
