Location: Dedata_31.png_Otsu.png
Component: component_1755503061568_452.png
centerX: 0.02056451612903226
centerY: 0.44656597321174124
width: 0.03346774193548387
height: 0.027643203191792535
Area: 0.00036277682273232886
CentroidX: 0.0369
CentroidY: 0.4610
