Location: Dedata_31.png_Otsu.png
Component: component_1755503061838_1065.png
centerX: 0.6951612903225807
centerY: 0.7540609860359077
width: 0.050806451612903224
height: 0.032487888287261325
Area: 0.0005204359297290837
CentroidX: 0.7211
CentroidY: 0.7707
