Location: internet_2.png_Mean-Medain.png
Component: component_1755095281636_93.png
centerX: 0.32849657396211207
centerY: 0.23182207014542344
width: 0.036275695284159616
height: 0.03507271171941831
Area: 0.0005099491809264525
CentroidX: 0.3504
CentroidY: 0.2493
