Location: Dedata_31.png_Mean-Closing.png
Component: component_1755503061368_197.png
centerX: 0.1721774193548387
centerY: 0.3468224565403249
width: 0.028629032258064516
height: 0.03163294385864919
Area: 0.00030945770782963623
CentroidX: 0.1878
CentroidY: 0.3633
