Location: Dedata_31.png_Mean-Medain.png
Component: component_1755503060970_250.png
centerX: 0.020161290322580645
centerY: 0.44656597321174124
width: 0.03387096774193549
height: 0.027643203191792535
Area: 0.00041655558517728606
CentroidX: 0.0366
CentroidY: 0.4609
