Location: internet_2.png_Gaussian-Closing.png
Component: component_1755095281434_76.png
centerX: 0.7448609431680774
centerY: 0.20815511833475905
width: 0.03426037887948408
height: 0.034787567721699456
Area: 0.00045156419469462067
CentroidX: 0.7654
CentroidY: 0.2250
