Location: Kurtxevani_1764_page_10.png_Otsu.png
Component: component_1755610055980_1685.png
centerX: 0.7074433656957929
centerY: 0.7109448082319925
width: 0.01488673139158576
height: 0.021047708138447148
Area: 0.00020313573766124468
CentroidX: 0.7147
CentroidY: 0.7214
