Location: Dedata_31.png_Mean-Medain.png
Component: component_1755503060984_302.png
centerX: 0.34233870967741936
centerY: 0.5770874893131946
width: 0.03870967741935484
height: 0.03334283271587347
Area: 0.0003586399948519475
CentroidX: 0.3618
CentroidY: 0.5941
