Location: Dedata_31.png_Mean-Closing.png
Component: component_1755503061322_106.png
centerX: 0.44475806451612904
centerY: 0.16614420062695925
width: 0.025
height: 0.02707324023938444
Area: 0.0002484394965940117
CentroidX: 0.4584
CentroidY: 0.1792
