Location: Dedata_31.png_Mean-Closing.png
Component: component_1755503061265_9.png
centerX: 0.3911290322580645
centerY: 0.003134796238244514
width: 0.027822580645161292
height: 0.033912795668281565
Area: 0.0003376111197933425
CentroidX: 0.4071
CentroidY: 0.0201
