Location: Paraklitoni_1720_page_10.png_Mean-Medain.png
Component: component_1755610055269_604.png
centerX: 0.6204268292682927
centerY: 0.22205513784461153
width: 0.011432926829268292
height: 0.012531328320802004
Area: 7.946696008313467e-05
CentroidX: 0.6258
CentroidY: 0.2279
