Location: Dedata_31.png_Mean-Closing.png
Component: component_1755503061317_95.png
centerX: 0.9306451612903226
centerY: 0.1573097748646338
width: 0.02338709677419355
height: 0.029923055001424906
Area: 0.0002657911913145
CentroidX: 0.9429
CentroidY: 0.1727
