Location: Dedata_31.png_Mean-Closing.png
Component: component_1755503061420_369.png
centerX: 0.5967741935483871
centerY: 0.7962382445141066
width: 0.04112903225806452
height: 0.03305785123966942
Area: 0.0005095193006002997
CentroidX: 0.6181
CentroidY: 0.8141
