Location: Dedata_31.png_Otsu.png
Component: component_1755503061515_167.png
centerX: 0.5870967741935483
centerY: 0.1632943858649188
width: 0.02379032258064516
height: 0.027643203191792535
Area: 0.0002107483981283152
CentroidX: 0.5989
CentroidY: 0.1773
