Location: Dedata_31.png_Mean-Medain.png
Component: component_1755503061012_395.png
centerX: 0.06491935483870968
centerY: 0.8082074665146766
width: 0.042741935483870966
height: 0.03932744371615845
Area: 0.0005760532823430993
CentroidX: 0.0879
CentroidY: 0.8272
