Location: Dedata_31.png_Mean-Medain.png
Component: component_1755503060977_279.png
centerX: 0.3911290322580645
centerY: 0.5237959532630379
width: 0.035483870967741936
height: 0.031917925334853235
Area: 0.00038139254819404483
CentroidX: 0.4117
CentroidY: 0.5411
