Location: internet_2.png_Mean-Medain.png
Component: component_1755095281662_209.png
centerX: 0.7666263603385731
centerY: 0.5605930995152552
width: 0.03184199919387344
height: 0.03450242372398061
Area: 0.00042662415136330667
CentroidX: 0.7849
CentroidY: 0.5785
