Location: Dedata_31.png_Gaussian-Closing.png
Component: component_1755503061951_184.png
centerX: 0.015725806451612902
centerY: 0.3092049016813907
width: 0.025
height: 0.031062980906241093
Area: 0.00030991735537190085
CentroidX: 0.0284
CentroidY: 0.3249
