Location: Dedata_31.png_Gaussian-Closing.png
Component: component_1755503061956_208.png
centerX: 0.7536290322580645
centerY: 0.37361071530350526
width: 0.03467741935483871
height: 0.030493017953833
Area: 0.00035680140468288916
CentroidX: 0.7719
CentroidY: 0.3892
