Location: Dedata_31.png_Mean-Medain.png
Component: component_1755503060905_11.png
centerX: 0.8556451612903225
centerY: 0.002849814762040467
width: 0.025806451612903226
height: 0.030208036477628954
Area: 0.00033485323453975494
CentroidX: 0.8682
CentroidY: 0.0179
