Location: internet_2.png_Mean-Closing.png
Component: component_1755095281289_271.png
centerX: 0.7122128174123338
centerY: 0.7268320501853436
width: 0.030632809351068116
height: 0.03279155973766752
Area: 0.0004711024774887376
CentroidX: 0.7298
CentroidY: 0.7433
