Location: internet_2.png_Mean-Closing.png
Component: component_1755095280979_149.png
centerX: 0.7367996775493753
centerY: 0.36726546906187624
width: 0.03385731559854897
height: 0.03450242372398061
Area: 0.00046558578587628107
CentroidX: 0.7543
CentroidY: 0.3851
