Location: internet_2.png_Gaussian-Closing.png
Component: component_1755095281448_109.png
centerX: 0.958484482063684
centerY: 0.30624465355004277
width: 0.03184199919387344
height: 0.03450242372398061
Area: 0.0004321408429757632
CentroidX: 0.9758
CentroidY: 0.3234
