Location: Dedata_31.png_Mean-Medain.png
Component: component_1755503060966_230.png
centerX: 0.06411290322580646
centerY: 0.39840410373325735
width: 0.03225806451612903
height: 0.03362781419207751
Area: 0.000425863447908144
CentroidX: 0.0806
CentroidY: 0.4157
