Location: internet_2.png_Mean-Closing.png
Component: component_1755095280946_48.png
centerX: 0.6271664651350262
centerY: 0.0729968634160251
width: 0.03184199919387344
height: 0.03507271171941831
Area: 0.0004517940568451397
CentroidX: 0.6457
CentroidY: 0.0915
