Location: Dedata_31.png_Otsu.png
Component: component_1755503061553_422.png
centerX: 0.4080645161290323
centerY: 0.3861499002564833
width: 0.035483870967741936
height: 0.03590766600170989
Area: 0.0004540168598718503
CentroidX: 0.4272
CentroidY: 0.4058
