Location: internet_2.png_Mean-Closing.png
Component: component_1755095280951_65.png
centerX: 0.6352277307537283
centerY: 0.11890504704875962
width: 0.03184199919387344
height: 0.03279155973766752
Area: 0.00043627836168510565
CentroidX: 0.6539
CentroidY: 0.1353
