Location: internet_2.png_Gaussian-Median.png
Component: component_1755095280810_11.png
centerX: 0.9411527609834744
centerY: 0.019389791844881665
width: 0.03788794840790004
height: 0.03877958368976333
Area: 0.0005628174755458278
CentroidX: 0.9607
CentroidY: 0.0370
