Location: Dedata_31.png_Gaussian-Closing.png
Component: component_1755503061904_12.png
centerX: 0.9471774193548387
centerY: 0.0037047591906526076
width: 0.028225806451612902
height: 0.02963807352522086
Area: 0.0003360023533954164
CentroidX: 0.9604
CentroidY: 0.0187
