Location: Dedata_31.png_Otsu.png
Component: component_1755503061522_233.png
centerX: 0.5955645161290323
centerY: 0.20404673696209746
width: 0.021774193548387097
height: 0.024793388429752067
Area: 0.0002107483981283152
CentroidX: 0.6063
CentroidY: 0.2162
