Location: Dedata_31.png_Mean-Closing.png
Component: component_1755503061422_374.png
centerX: 0.819758064516129
centerY: 0.8007979481333714
width: 0.039919354838709675
height: 0.03590766600170989
Area: 0.0005359490342805137
CentroidX: 0.8424
CentroidY: 0.8180
