Location: Dedata_31.png_Mean-Closing.png
Component: component_1755503061350_136.png
centerX: 0.11088709677419355
centerY: 0.21544599601025932
width: 0.01653225806451613
height: 0.0262182958107723
Area: 0.00014329512130098642
CentroidX: 0.1214
CentroidY: 0.2308
