Location: Dedata_31.png_Mean-Medain.png
Component: component_1755503060973_261.png
centerX: 0.17540322580645162
centerY: 0.48503847249928755
width: 0.0407258064516129
height: 0.029923055001424906
Area: 0.0003514005460612802
CentroidX: 0.1977
CentroidY: 0.5004
