Location: Dedata_31.png_Otsu.png
Component: component_1755503061503_64.png
centerX: 0.7455645161290323
centerY: 0.07808492447990881
width: 0.02217741935483871
height: 0.028498147620404674
Area: 0.0002268360621075759
CentroidX: 0.7582
CentroidY: 0.0927
