Location: Dedata_31.png_Gaussian-Closing.png
Component: component_1755503061937_130.png
centerX: 0.6383064516129032
centerY: 0.20347677400968936
width: 0.025
height: 0.025933314334568254
Area: 0.00024326846174353505
CentroidX: 0.6526
CentroidY: 0.2164
