Location: Dedata_31.png_Mean-Medain.png
Component: component_1755503060983_301.png
centerX: 0.39233870967741935
centerY: 0.5753776004559704
width: 0.04112903225806452
height: 0.03362781419207751
Area: 0.00037047591906526074
CentroidX: 0.4134
CentroidY: 0.5928
