Location: Dedata_31.png_Gaussian-Closing.png
Component: component_1755503062009_374.png
centerX: 0.5370967741935484
centerY: 0.7976631518951268
width: 0.03870967741935484
height: 0.03562268452550584
Area: 0.0004948105792478328
CentroidX: 0.5582
CentroidY: 0.8152
