Location: internet_2.png_Gaussian-Median.png
Component: component_1755095280847_145.png
centerX: 0.6920596533655784
centerY: 0.36897633304818933
width: 0.022168480451430876
height: 0.03421727972626176
Area: 0.0002520438480441087
CentroidX: 0.7059
CentroidY: 0.3887
