Location: Dedata_31.png_Mean-Medain.png
Component: component_1755503060947_147.png
centerX: 0.9362903225806452
centerY: 0.23653462524935878
width: 0.027016129032258064
height: 0.039042462239954404
Area: 0.00034301197841495143
CentroidX: 0.9514
CentroidY: 0.2556
