Location: internet_2.png_Gaussian-Median.png
Component: component_1755095280853_175.png
centerX: 0.16444981862152358
centerY: 0.4436840604505275
width: 0.032245062474808545
height: 0.035642999714856
Area: 0.0004838598268425434
CentroidX: 0.1807
CentroidY: 0.4620
