Location: Dedata_31.png_Otsu.png
Component: component_1755503061537_288.png
centerX: 0.8580645161290322
centerY: 0.280421772584782
width: 0.028629032258064516
height: 0.0262182958107723
Area: 0.00021534487355096113
CentroidX: 0.8735
CentroidY: 0.2945
