Location: Dedata_31.png_Otsu.png
Component: component_1755503061838_1068.png
centerX: 0.375
centerY: 0.7571957822741522
width: 0.03588709677419355
height: 0.03419777714448561
Area: 0.00041965820608757203
CentroidX: 0.3932
CentroidY: 0.7758
