Location: Dedata_31.png_Gaussian-Closing.png
Component: component_1755503061930_96.png
centerX: 0.8092741935483871
centerY: 0.15645483043602165
width: 0.02338709677419355
height: 0.03163294385864919
Area: 0.0002529210601310915
CentroidX: 0.8201
CentroidY: 0.1728
