Location: internet_2.png_Gaussian-Closing.png
Component: component_1755095281529_220.png
centerX: 0.41878274889157596
centerY: 0.6381522668947819
width: 0.03426037887948408
height: 0.030795551753635585
Area: 0.0004039827295371829
CentroidX: 0.4381
CentroidY: 0.6538
