Location: Dedata_31.png_Gaussian-Closing.png
Component: component_1755503061926_76.png
centerX: 0.8850806451612904
centerY: 0.1176973496722713
width: 0.01975806451612903
height: 0.026503277286976348
Area: 0.00026682539828459535
CentroidX: 0.8948
CentroidY: 0.1315
