Location: Dedata_31.png_Otsu.png
Component: component_1755503061508_107.png
centerX: 0.9266129032258065
centerY: 0.11598746081504702
width: 0.021774193548387097
height: 0.024223425477343973
Area: 0.0002457965232259903
CentroidX: 0.9374
CentroidY: 0.1292
