Location: internet_2.png_Mean-Medain.png
Component: component_1755095281643_119.png
centerX: 0.8557033454252317
centerY: 0.3065297975477616
width: 0.03345425231761386
height: 0.03307670373538637
Area: 0.0004047872470639995
CentroidX: 0.8743
CentroidY: 0.3229
