Location: internet_2.png_Mean-Closing.png
Component: component_1755095281097_179.png
centerX: 0.10479645304312778
centerY: 0.44967208440262335
width: 0.03184199919387344
height: 0.03136583974907328
Area: 0.0004511044703935826
CentroidX: 0.1222
CentroidY: 0.4660
