Location: Dedata_31.png_Gaussian-Closing.png
Component: component_1755503061965_249.png
centerX: 0.6495967741935483
centerY: 0.4762040467369621
width: 0.03508064516129032
height: 0.029068110572812767
Area: 0.0003031375541234981
CentroidX: 0.6673
CentroidY: 0.4910
