Location: Dedata_31.png_Otsu.png
Component: component_1755503061548_341.png
centerX: 0.4612903225806452
centerY: 0.33998290111142776
width: 0.02903225806451613
height: 0.030493017953833
Area: 0.00019810809071603894
CentroidX: 0.4766
CentroidY: 0.3544
