Location: Dedata_31.png_Otsu.png
Component: component_1755503061510_120.png
centerX: 0.4907258064516129
centerY: 0.12453690510116842
width: 0.024193548387096774
height: 0.029353092049016812
Area: 0.0001776537750852646
CentroidX: 0.5067
CentroidY: 0.1429
