Location: Dedata_31.png_Mean-Medain.png
Component: component_1755503061001_356.png
centerX: 0.5919354838709677
centerY: 0.707609005414648
width: 0.03346774193548387
height: 0.033912795668281565
Area: 0.00046171595620478215
CentroidX: 0.6094
CentroidY: 0.7249
