Location: internet_2.png_Gaussian-Median.png
Component: component_1755095280878_267.png
centerX: 0.1717049576783555
centerY: 0.7057313943541489
width: 0.04353083434099154
height: 0.03450242372398061
Area: 0.00045570171340396305
CentroidX: 0.1945
CentroidY: 0.7235
