Location: Dedata_31.png_Otsu.png
Component: component_1755503061670_664.png
centerX: 0.7403225806451613
centerY: 0.6090054146480479
width: 0.03870967741935484
height: 0.026788258763180393
Area: 0.00016432399635959148
CentroidX: 0.7629
CentroidY: 0.6214
