Location: internet_2.png_Gaussian-Closing.png
Component: component_1755095281435_79.png
centerX: 0.5671100362756953
centerY: 0.22070145423438836
width: 0.032648125755743655
height: 0.03222127174222983
Area: 0.0004140966641600199
CentroidX: 0.5865
CentroidY: 0.2356
