Location: Dedata_31.png_Gaussian-Closing.png
Component: component_1755503061957_214.png
centerX: 0.5612903225806452
centerY: 0.3835850669706469
width: 0.035483870967741936
height: 0.030208036477628954
Area: 0.000451488798389395
CentroidX: 0.5790
CentroidY: 0.3994
