Location: Dedata_31.png_Mean-Medain.png
Component: component_1755503060958_193.png
centerX: 0.75
centerY: 0.32772869763465373
width: 0.031451612903225803
height: 0.029923055001424906
Area: 0.0003004945807554767
CentroidX: 0.7665
CentroidY: 0.3439
