Location: internet_2.png_Mean-Closing.png
Component: component_1755095280948_55.png
centerX: 0.2599758162031439
centerY: 0.08582834331337326
width: 0.03829101168883515
height: 0.03450242372398061
Area: 0.000550749712643579
CentroidX: 0.2821
CentroidY: 0.1033
