Location: Dedata_31.png_Gaussian-Closing.png
Component: component_1755503061941_144.png
centerX: 0.8975806451612903
centerY: 0.23738956967797092
width: 0.018951612903225806
height: 0.031917925334853235
Area: 0.00018167569108007978
CentroidX: 0.9103
CentroidY: 0.2557
