Location: Dedata_31.png_Mean-Medain.png
Component: component_1755503060976_274.png
centerX: 0.7036290322580645
centerY: 0.5178113422627529
width: 0.032661290322580645
height: 0.029068110572812767
Area: 0.00030784894143171015
CentroidX: 0.7189
CentroidY: 0.5335
