Location: Dedata_31.png_Gaussian-Closing.png
Component: component_1755503061964_244.png
centerX: 0.8931451612903226
centerY: 0.46394984326018807
width: 0.0375
height: 0.029923055001424906
Area: 0.0003022182590389689
CentroidX: 0.9137
CentroidY: 0.4798
