Location: Dedata_31.png_Gaussian-Closing.png
Component: component_1755503061962_236.png
centerX: 0.43185483870967745
centerY: 0.4377315474494158
width: 0.0375
height: 0.02792818466799658
Area: 0.0003962161814320779
CentroidX: 0.4504
CentroidY: 0.4523
