Location: Samociqulo_1709_page_10.png_Gaussian-Median.png
Component: component_1755610056310_3465.png
centerX: 0.13267813267813267
centerY: 0.856875
width: 0.016707616707616706
height: 0.0171875
Area: 0.0001481879606879607
CentroidX: 0.1409
CentroidY: 0.8653
