Location: Dedata_31.png_Mean-Closing.png
Component: component_1755503061315_89.png
centerX: 0.062096774193548386
centerY: 0.13308634938728983
width: 0.020161290322580645
height: 0.02792818466799658
Area: 0.00016191084676270235
CentroidX: 0.0752
CentroidY: 0.1494
