Location: Dedata_31.png_Otsu.png
Component: component_1755503061658_602.png
centerX: 0.1870967741935484
centerY: 0.5785123966942148
width: 0.04112903225806452
height: 0.030493017953833
Area: 0.0003258901074655954
CentroidX: 0.2090
CentroidY: 0.5949
