Location: Dedata_31.png_Mean-Medain.png
Component: component_1755503060931_93.png
centerX: 0.16370967741935483
centerY: 0.12852664576802508
width: 0.02258064516129032
height: 0.025078369905956112
Area: 0.0002565982404692082
CentroidX: 0.1755
CentroidY: 0.1414
