Location: internet_2.png_Gaussian-Closing.png
Component: component_1755095281522_205.png
centerX: 0.3486497380088674
centerY: 0.5905332192757342
width: 0.036275695284159616
height: 0.035642999714856
Area: 0.0004398412250181505
CentroidX: 0.3698
CentroidY: 0.6084
