Location: internet_2.png_Gaussian-Closing.png
Component: component_1755095281446_105.png
centerX: 0.09552599758162031
centerY: 0.2988309096093527
width: 0.032648125755743655
height: 0.033361847733105215
Area: 0.0004258196338364901
CentroidX: 0.1146
CentroidY: 0.3158
