Location: Dedata_31.png_Otsu.png
Component: component_1755503061553_423.png
centerX: 0.4612903225806452
centerY: 0.3867198632088914
width: 0.032661290322580645
height: 0.032487888287261325
Area: 0.0004325283372709806
CentroidX: 0.4787
CentroidY: 0.4035
