Location: Dedata_31.png_Gaussian-Closing.png
Component: component_1755503061972_277.png
centerX: 0.45120967741935486
centerY: 0.5312054716443431
width: 0.03669354838709677
height: 0.031917925334853235
Area: 0.0003645005010158211
CentroidX: 0.4688
CentroidY: 0.5489
