Location: Dedata_31.png_Otsu.png
Component: component_1755503061543_300.png
centerX: 0.4004032258064516
centerY: 0.2903961242519236
width: 0.03588709677419355
height: 0.033912795668281565
Area: 0.00029118671802461874
CentroidX: 0.4191
CentroidY: 0.3085
