Location: internet_2.png_Mean-Medain.png
Component: component_1755095281670_246.png
centerX: 0.6586054010479645
centerY: 0.6700883946392928
width: 0.037081821846029824
height: 0.03022526375819789
Area: 0.00042030294222403355
CentroidX: 0.6793
CentroidY: 0.6853
