Location: Dedata_31.png_Mean-Medain.png
Component: component_1755503060952_167.png
centerX: 0.8576612903225806
centerY: 0.280421772584782
width: 0.02943548387096774
height: 0.026503277286976348
Area: 0.0002601605089217588
CentroidX: 0.8733
CentroidY: 0.2946
