Location: internet_2.png_Mean-Medain.png
Component: component_1755095281615_17.png
centerX: 0.5497783151954857
centerY: 0.02281151981750784
width: 0.041112454655380895
height: 0.04163102366695181
Area: 0.0007052170777923626
CentroidX: 0.5708
CentroidY: 0.0439
