Location: Dedata_31.png_Otsu.png
Component: component_1755503061584_470.png
centerX: 0.33669354838709675
centerY: 0.48760330578512395
width: 0.04233870967741935
height: 0.02963807352522086
Area: 0.0003033673778946304
CentroidX: 0.3596
CentroidY: 0.5027
