Location: Dedata_31.png_Mean-Closing.png
Component: component_1755503061399_322.png
centerX: 0.3879032258064516
centerY: 0.6631518951268167
width: 0.034274193548387094
height: 0.03334283271587347
Area: 0.00033680673659437945
CentroidX: 0.4042
CentroidY: 0.6798
