Location: internet_2.png_Gaussian-Closing.png
Component: component_1755095281425_62.png
centerX: 0.566303909713825
centerY: 0.16481323068149414
width: 0.03667875856509472
height: 0.034787567721699456
Area: 0.0005033981096366604
CentroidX: 0.5868
CentroidY: 0.1827
