Location: Dedata_31.png_Gaussian-Closing.png
Component: component_1755503061955_202.png
centerX: 0.2217741935483871
centerY: 0.34796238244514105
width: 0.031451612903225803
height: 0.026788258763180393
Area: 0.00027211134502063816
CentroidX: 0.2379
CentroidY: 0.3619
