Location: Dedata_31.png_Mean-Closing.png
Component: component_1755503061418_360.png
centerX: 0.37459677419354837
centerY: 0.7571957822741522
width: 0.036290322580645164
height: 0.03419777714448561
Area: 0.0004627501631748775
CentroidX: 0.3932
CentroidY: 0.7757
