Location: Dedata_31.png_Mean-Closing.png
Component: component_1755503061401_330.png
centerX: 0.0657258064516129
centerY: 0.6742661726987745
width: 0.03588709677419355
height: 0.029923055001424906
Area: 0.00031646733284917126
CentroidX: 0.0834
CentroidY: 0.6890
