Location: internet_2.png_Gaussian-Median.png
Component: component_1755095280832_88.png
centerX: 0.6997178557033454
centerY: 0.21243227830054176
width: 0.022974607013301087
height: 0.032506415739948676
Area: 0.00023756253256141025
CentroidX: 0.7136
CentroidY: 0.2319
