Location: Dedata_31.png_Otsu.png
Component: component_1755503061635_529.png
centerX: 0.01975806451612903
centerY: 0.5349102308349957
width: 0.039112903225806454
height: 0.02792818466799658
Area: 0.0002896928635122588
CentroidX: 0.0409
CentroidY: 0.5492
