Location: Dedata_31.png_Otsu.png
Component: component_1755503061819_1052.png
centerX: 0.25564516129032255
centerY: 0.7153035052721574
width: 0.04233870967741935
height: 0.03334283271587347
Area: 0.0004169003208339845
CentroidX: 0.2783
CentroidY: 0.7322
