Location: Kurtxevani_1794_page_10.png_Mean-Medain.png
Component: component_1755610054925_1357.png
centerX: 0.5178258328462887
centerY: 0.3847509916262671
width: 0.012857977790765635
height: 0.01498457470251212
Area: 0.00011874529751878996
CentroidX: 0.5238
CentroidY: 0.3917
