Location: Dedata_31.png_Mean-Closing.png
Component: component_1755503061362_170.png
centerX: 0.3455645161290323
centerY: 0.29153605015673983
width: 0.03225806451612903
height: 0.0347677400968937
Area: 0.0003661092674137471
CentroidX: 0.3621
CentroidY: 0.3103
