Location: Dedata_31.png_Gaussian-Closing.png
Component: component_1755503061936_122.png
centerX: 0.7294354838709678
centerY: 0.19806212596181247
width: 0.025
height: 0.028783129096608722
Area: 0.0002598157732650604
CentroidX: 0.7439
CentroidY: 0.2129
