Location: Dedata_31.png_Otsu.png
Component: component_1755503061645_592.png
centerX: 0.6096774193548387
centerY: 0.5651182673126247
width: 0.03306451612903226
height: 0.03505272157309775
Area: 0.0002552192978424144
CentroidX: 0.6266
CentroidY: 0.5830
