Location: Samociqulo_1709_page_10.png_Gaussian-Median.png
Component: component_1755610056290_3123.png
centerX: 0.5754299754299754
centerY: 0.7771875
width: 0.016216216216216217
height: 0.015625
Area: 0.00011332923832923833
CentroidX: 0.5845
CentroidY: 0.7841
