Location: Dedata_31.png_Otsu.png
Component: component_1755503061843_1081.png
centerX: 0.4786290322580645
centerY: 0.8010829296095754
width: 0.03790322580645161
height: 0.03562268452550584
Area: 0.0004596475422645915
CentroidX: 0.4998
CentroidY: 0.8183
