Location: Dedata_31.png_Otsu.png
Component: component_1755503061510_118.png
centerX: 0.34274193548387094
centerY: 0.12282701624394414
width: 0.02258064516129032
height: 0.023938444001139925
Area: 0.0001761599205729047
CentroidX: 0.3554
CentroidY: 0.1349
