Location: Kurtxevani_1784_page_10.png_Gaussian-Closing.png
Component: component_1755610055761_506.png
centerX: 0.6243272335844995
centerY: 0.6788844621513944
width: 0.0193756727664155
height: 0.022310756972111555
Area: 0.000292479168364218
CentroidX: 0.6336
CentroidY: 0.6897
