Location: internet_2.png_Gaussian-Closing.png
Component: component_1755095281530_224.png
centerX: 0.9298669891172914
centerY: 0.6561163387510693
width: 0.032648125755743655
height: 0.03222127174222983
Area: 0.0004335200158788774
CentroidX: 0.9481
CentroidY: 0.6725
