Location: internet_2.png_Gaussian-Median.png
Component: component_1755095280848_150.png
centerX: 0.4534461910519952
centerY: 0.37610493299116055
width: 0.03426037887948408
height: 0.03279155973766752
Area: 0.0004271988067396042
CentroidX: 0.4730
CentroidY: 0.3922
