Location: internet_2.png_Mean-Closing.png
Component: component_1755095281025_171.png
centerX: 0.5292220878677952
centerY: 0.42258340461933275
width: 0.03305118903667876
height: 0.031080695751354435
Area: 0.00042627935813752815
CentroidX: 0.5473
CentroidY: 0.4374
