Location: internet_2.png_Mean-Medain.png
Component: component_1755095281631_71.png
centerX: 0.626360338573156
centerY: 0.16110635871114912
width: 0.035872632003224506
height: 0.03279155973766752
Area: 0.00046627537232783815
CentroidX: 0.6466
CentroidY: 0.1782
