Location: Dedata_31.png_Otsu.png
Component: component_1755503061606_518.png
centerX: 0.6040322580645161
centerY: 0.5229410088344257
width: 0.03306451612903226
height: 0.03305785123966942
Area: 0.00026602101508563236
CentroidX: 0.6203
CentroidY: 0.5395
