Location: Dedata_31.png_Gaussian-Closing.png
Component: component_1755503061978_299.png
centerX: 0.01653225806451613
centerY: 0.5830721003134797
width: 0.037096774193548385
height: 0.03134796238244514
Area: 0.00039874424291453314
CentroidX: 0.0364
CentroidY: 0.5983
