Location: Dedata_31.png_Mean-Closing.png
Component: component_1755503061365_185.png
centerX: 0.7504032258064516
centerY: 0.32772869763465373
width: 0.031048387096774193
height: 0.029923055001424906
Area: 0.0002919911012235818
CentroidX: 0.7665
CentroidY: 0.3437
