Location: Dedata_31.png_Mean-Medain.png
Component: component_1755503060943_133.png
centerX: 0.3967741935483871
centerY: 0.20376175548589343
width: 0.024596774193548387
height: 0.030493017953833
Area: 0.0003055507037203872
CentroidX: 0.4099
CentroidY: 0.2189
