Location: internet_2.png_Gaussian-Closing.png
Component: component_1755095281535_242.png
centerX: 0.1717049576783555
centerY: 0.7057313943541489
width: 0.04353083434099154
height: 0.03450242372398061
Area: 0.00045328816082351335
CentroidX: 0.1944
CentroidY: 0.7235
