Location: internet_2.png_Gaussian-Closing.png
Component: component_1755095281411_34.png
centerX: 0.2599758162031439
centerY: 0.08582834331337326
width: 0.03829101168883515
height: 0.03421727972626176
Area: 0.0005297173258710884
CentroidX: 0.2821
CentroidY: 0.1032
