Location: internet_2.png_Mean-Closing.png
Component: component_1755095281246_229.png
centerX: 0.8782748891575978
centerY: 0.6045052751639578
width: 0.03466344216041919
height: 0.030795551753635585
Area: 0.00039340907061330784
CentroidX: 0.8981
CentroidY: 0.6208
