Location: Dedata_31.png_Otsu.png
Component: component_1755503061632_527.png
centerX: 0.5020161290322581
centerY: 0.5317754345967513
width: 0.039919354838709675
height: 0.029068110572812767
Area: 0.00029440425082047085
CentroidX: 0.5231
CentroidY: 0.5469
