Location: Dedata_31.png_Mean-Closing.png
Component: component_1755503061309_64.png
centerX: 0.2213709677419355
centerY: 0.09033912795668282
width: 0.02661290322580645
height: 0.028783129096608722
Area: 0.0003079638533172763
CentroidX: 0.2366
CentroidY: 0.1045
