Location: Dedata_31.png_Mean-Closing.png
Component: component_1755503061413_354.png
centerX: 0.7600806451612904
centerY: 0.7520661157024794
width: 0.04153225806451613
height: 0.03505272157309775
Area: 0.0005274455547486188
CentroidX: 0.7819
CentroidY: 0.7701
