Location: Dedata_31.png_Gaussian-Closing.png
Component: component_1755503061952_187.png
centerX: 0.8435483870967742
centerY: 0.32715873468224566
width: 0.03588709677419355
height: 0.029923055001424906
Area: 0.0002654464556578016
CentroidX: 0.8623
CentroidY: 0.3423
