Location: Dedata_31.png_Mean-Medain.png
Component: component_1755503060930_91.png
centerX: 0.646774193548387
centerY: 0.12453690510116842
width: 0.028629032258064516
height: 0.030208036477628954
Area: 0.0003252006361521985
CentroidX: 0.6629
CentroidY: 0.1397
