Location: Dedata_31.png_Otsu.png
Component: component_1755503061520_223.png
centerX: 0.7298387096774194
centerY: 0.19834710743801653
width: 0.024596774193548387
height: 0.028498147620404674
Area: 0.00022660623833644362
CentroidX: 0.7440
CentroidY: 0.2128
