Location: internet_2.png_Mean-Closing.png
Component: component_1755095280952_70.png
centerX: 0.31761386537686415
centerY: 0.1283147989734816
width: 0.035872632003224506
height: 0.040490447676076416
Area: 0.0005375326389887353
CentroidX: 0.3393
CentroidY: 0.1491
