Location: Samociqulo_1709_page_10.png_Gaussian-Median.png
Component: component_1755610056311_3466.png
centerX: 0.15135135135135136
centerY: 0.856875
width: 0.012776412776412777
height: 0.0109375
Area: 7.386363636363637e-05
CentroidX: 0.1576
CentroidY: 0.8615
