Location: internet_2.png_Mean-Closing.png
Component: component_1755095281287_264.png
centerX: 0.04514308746473196
centerY: 0.7162817222697462
width: 0.037081821846029824
height: 0.029940119760479042
Area: 0.0004438638126522334
CentroidX: 0.0655
CentroidY: 0.7307
