Location: internet_2.png_Mean-Medain.png
Component: component_1755095281634_83.png
centerX: 0.9044740024183797
centerY: 0.20444824636441403
width: 0.03466344216041919
height: 0.03279155973766752
Area: 0.00044099053577074563
CentroidX: 0.9244
CentroidY: 0.2205
