Location: Dedata_31.png_Gaussian-Closing.png
Component: component_1755503061982_315.png
centerX: 0.12782258064516128
centerY: 0.627529210601311
width: 0.041935483870967745
height: 0.030493017953833
Area: 0.000362891734617895
CentroidX: 0.1497
CentroidY: 0.6437
