Location: Kurtxevani_1794_page_10.png_Mean-Medain.png
Component: component_1755610055016_1759.png
centerX: 0.3278784336645237
centerY: 0.5191714411635081
width: 0.02104032729398013
height: 0.022917584839136182
Area: 0.00021533854387355403
CentroidX: 0.3382
CentroidY: 0.5298
