Location: Dedata_31.png_Otsu.png
Component: component_1755503061495_34.png
centerX: 0.4866935483870968
centerY: 0.04360216585921915
width: 0.024193548387096774
height: 0.026788258763180393
Area: 0.0002523465007032607
CentroidX: 0.4997
CentroidY: 0.0576
