Location: Dedata_31.png_Gaussian-Closing.png
Component: component_1755503061971_272.png
centerX: 0.28830645161290325
centerY: 0.524365916215446
width: 0.038306451612903226
height: 0.03277286976346538
Area: 0.0003957565338898133
CentroidX: 0.3085
CentroidY: 0.5412
