Location: internet_2.png_Gaussian-Median.png
Component: component_1755095280858_194.png
centerX: 0.9645304312777107
centerY: 0.49272882805816937
width: 0.032648125755743655
height: 0.03450242372398061
Area: 0.0004369679481366627
CentroidX: 0.9823
CentroidY: 0.5108
