Location: Dedata_31.png_Mean-Closing.png
Component: component_1755503061400_328.png
centerX: 0.17419354838709677
centerY: 0.6719863208891422
width: 0.029838709677419355
height: 0.03134796238244514
Area: 0.00029417442704933857
CentroidX: 0.1893
CentroidY: 0.6880
