Location: Samociqulo_1709_page_10.png_Gaussian-Median.png
Component: component_1755610056139_1146.png
centerX: 0.17002457002457003
centerY: 0.25375
width: 0.021621621621621623
height: 0.01625
Area: 0.0001312960687960688
CentroidX: 0.1833
CentroidY: 0.2632
