Location: Dedata_31.png_Otsu.png
Component: component_1755503061536_275.png
centerX: 0.24233870967741936
centerY: 0.25135366201196924
width: 0.02338709677419355
height: 0.0262182958107723
Area: 0.00020695630590463233
CentroidX: 0.2568
CentroidY: 0.2655
