Location: Dedata_31.png_Gaussian-Closing.png
Component: component_1755503061954_199.png
centerX: 0.26975806451612905
centerY: 0.3448275862068966
width: 0.032661290322580645
height: 0.03134796238244514
Area: 0.0003050910561781226
CentroidX: 0.2864
CentroidY: 0.3614
