Location: internet_2.png_Gaussian-Closing.png
Component: component_1755095281522_204.png
centerX: 0.4083031035872632
centerY: 0.5842600513259196
width: 0.0354695687222894
height: 0.03051040775591674
Area: 0.00040731573071970875
CentroidX: 0.4279
CentroidY: 0.6003
