Location: Kurtxevani_1794_page_10.png_Mean-Medain.png
Component: component_1755610055051_2125.png
centerX: 0.5768556399766218
centerY: 0.6694579109739973
width: 0.020455873758036237
height: 0.022917584839136182
Area: 0.00022049018367914145
CentroidX: 0.5874
CentroidY: 0.6804
