Location: Dedata_31.png_Gaussian-Closing.png
Component: component_1755503061965_248.png
centerX: 0.7008064516129032
centerY: 0.47420917640353377
width: 0.03306451612903226
height: 0.02792818466799658
Area: 0.0003084235008595409
CentroidX: 0.7201
CentroidY: 0.4873
