Location: Dedata_31.png_Gaussian-Closing.png
Component: component_1755503061985_328.png
centerX: 0.5358870967741935
centerY: 0.6637218580792249
width: 0.032661290322580645
height: 0.03163294385864919
Area: 0.00023798251500749225
CentroidX: 0.5517
CentroidY: 0.6795
