Location: internet_2.png_Gaussian-Median.png
Component: component_1755095280844_131.png
centerX: 0.44619105199516323
centerY: 0.33105218135158254
width: 0.028214429665457477
height: 0.032506415739948676
Area: 0.0004228314258797428
CentroidX: 0.4618
CentroidY: 0.3468
