Location: Dedata_31.png_Mean-Medain.png
Component: component_1755503061012_393.png
centerX: 0.4173387096774194
centerY: 0.8062125961812482
width: 0.044758064516129036
height: 0.032487888287261325
Area: 0.0005358341223949476
CentroidX: 0.4421
CentroidY: 0.8213
