Location: internet_2.png_Mean-Medain.png
Component: component_1755095281633_80.png
centerX: 0.094316807738815
centerY: 0.1947533504419732
width: 0.035872632003224506
height: 0.03792415169660679
Area: 0.0005628174755458278
CentroidX: 0.1139
CentroidY: 0.2137
