Location: Dedata_31.png_Otsu.png
Component: component_1755503061505_77.png
centerX: 0.37540322580645163
centerY: 0.0834995725277857
width: 0.021370967741935483
height: 0.029923055001424906
Area: 0.00027061749050827827
CentroidX: 0.3868
CentroidY: 0.0996
