Location: Dedata_31.png_Otsu.png
Component: component_1755503061844_1085.png
centerX: 0.41774193548387095
centerY: 0.8064975776574522
width: 0.04395161290322581
height: 0.03220290681105728
Area: 0.0004815957124077258
CentroidX: 0.4420
CentroidY: 0.8211
