Location: Dedata_31.png_Gaussian-Closing.png
Component: component_1755503062009_376.png
centerX: 0.4782258064516129
centerY: 0.8007979481333714
width: 0.038306451612903226
height: 0.03619264747791394
Area: 0.0004944658435911344
CentroidX: 0.4997
CentroidY: 0.8184
