Location: internet_2.png_Mean-Closing.png
Component: component_1755095281245_227.png
centerX: 0.22370012091898428
centerY: 0.6013686911890505
width: 0.03788794840790004
height: 0.031080695751354435
Area: 0.0004879973455518858
CentroidX: 0.2456
CentroidY: 0.6167
