Location: Paraklitoni_1720_page_10.png_Mean-Medain.png
Component: component_1755610055384_1762.png
centerX: 0.30564024390243905
centerY: 0.6355889724310777
width: 0.012195121951219513
height: 0.013032581453634085
Area: 8.863622470811175e-05
CentroidX: 0.3118
CentroidY: 0.6423
