Location: internet_2.png_Mean-Closing.png
Component: component_1755095281294_281.png
centerX: 0.1656590084643289
centerY: 0.7559167379526661
width: 0.03466344216041919
height: 0.032506415739948676
Area: 0.00047052782211244007
CentroidX: 0.1851
CentroidY: 0.7724
