Location: internet_2.png_Gaussian-Closing.png
Component: component_1755095281440_92.png
centerX: 0.781136638452237
centerY: 0.2600513259195894
width: 0.045949214026602174
height: 0.03706871970345024
Area: 0.0005731612723191838
CentroidX: 0.8059
CentroidY: 0.2786
