Location: internet_2.png_Mean-Closing.png
Component: component_1755095280955_79.png
centerX: 0.7896009673518742
centerY: 0.15169660678642716
width: 0.03385731559854897
height: 0.03307670373538637
Area: 0.0004637468886721289
CentroidX: 0.8082
CentroidY: 0.1695
