Location: Dedata_31.png_Gaussian-Closing.png
Component: component_1755503061971_276.png
centerX: 0.12741935483870967
centerY: 0.530350527215731
width: 0.046370967741935484
height: 0.02963807352522086
Area: 0.0003518601936035448
CentroidX: 0.1526
CentroidY: 0.5458
