Location: internet_2.png_Mean-Closing.png
Component: component_1755095280961_94.png
centerX: 0.9044740024183797
centerY: 0.20473339036213287
width: 0.03466344216041919
height: 0.032506415739948676
Area: 0.0004405308114697076
CentroidX: 0.9244
CentroidY: 0.2205
