Location: internet_2.png_Gaussian-Closing.png
Component: component_1755095281518_192.png
centerX: 0.10600564288593309
centerY: 0.5531793555745651
width: 0.03426037887948408
height: 0.030795551753635585
Area: 0.00040248862555880923
CentroidX: 0.1257
CentroidY: 0.5691
