Location: internet_2.png_Gaussian-Median.png
Component: component_1755095280868_231.png
centerX: 0.16444981862152358
centerY: 0.6050755631593955
width: 0.03184199919387344
height: 0.029654975762760195
Area: 0.0003852489642698825
CentroidX: 0.1829
CentroidY: 0.6206
