Location: Dedata_31.png_Mean-Medain.png
Component: component_1755503060984_304.png
centerX: 0.29193548387096774
centerY: 0.5785123966942148
width: 0.04153225806451613
height: 0.03220290681105728
Area: 0.00039564162200424717
CentroidX: 0.3136
CentroidY: 0.5951
