Location: internet_2.png_Gaussian-Closing.png
Component: component_1755095281433_75.png
centerX: 0.8540910923014914
centerY: 0.20587396635300828
width: 0.03184199919387344
height: 0.03165098374679213
Area: 0.00043363494695413687
CentroidX: 0.8720
CentroidY: 0.2221
