Location: Dedata_31.png_Gaussian-Closing.png
Component: component_1755503061984_325.png
centerX: 0.582258064516129
centerY: 0.6622969506982046
width: 0.035483870967741936
height: 0.029923055001424906
Area: 0.0002530359720166576
CentroidX: 0.6016
CentroidY: 0.6776
