Location: internet_2.png_Gaussian-Closing.png
Component: component_1755095281482_147.png
centerX: 0.7400241837968561
centerY: 0.4120330767037354
width: 0.037081821846029824
height: 0.02737382378100941
Area: 0.0003791576172811284
CentroidX: 0.7602
CentroidY: 0.4269
