Location: internet_2.png_Mean-Closing.png
Component: component_1755095281293_277.png
centerX: 0.42200725513905685
centerY: 0.7396635300826918
width: 0.03345425231761386
height: 0.033932135728542916
Area: 0.0004670798898546547
CentroidX: 0.4412
CentroidY: 0.7569
