Location: Dedata_31.png_Mean-Medain.png
Component: component_1755503060959_197.png
centerX: 0.6072580645161291
centerY: 0.33713308634938727
width: 0.03024193548387097
height: 0.028498147620404674
Area: 0.00030876823651623933
CentroidX: 0.6237
CentroidY: 0.3511
