Location: internet_2.png_Mean-Closing.png
Component: component_1755095281287_266.png
centerX: 0.8734381297863765
centerY: 0.7179925862560593
width: 0.036275695284159616
height: 0.03222127174222983
Area: 0.00044834612458735434
CentroidX: 0.8930
CentroidY: 0.7338
