Location: internet_2.png_Gaussian-Closing.png
Component: component_1755095281428_65.png
centerX: 0.38331318016928656
centerY: 0.17678927858568577
width: 0.03345425231761386
height: 0.03450242372398061
Area: 0.0004369679481366627
CentroidX: 0.4020
CentroidY: 0.1944
