Location: Dedata_31.png_Mean-Medain.png
Component: component_1755503060993_328.png
centerX: 0.9399193548387097
centerY: 0.6494727842690226
width: 0.03346774193548387
height: 0.030493017953833
Area: 0.00040207668759595144
CentroidX: 0.9575
CentroidY: 0.6655
