Location: Dedata_31.png_Otsu.png
Component: component_1755503061838_1066.png
centerX: 0.5415322580645161
centerY: 0.7552009119407238
width: 0.034274193548387094
height: 0.031917925334853235
Area: 0.000425863447908144
CentroidX: 0.5593
CentroidY: 0.7719
