Location: Dedata_31.png_Otsu.png
Component: component_1755503061840_1075.png
centerX: 0.07782258064516129
centerY: 0.762610430322029
width: 0.038306451612903226
height: 0.03220290681105728
Area: 0.00046907031688101566
CentroidX: 0.0982
CentroidY: 0.7784
