Location: Dedata_31.png_Otsu.png
Component: component_1755503061513_158.png
centerX: 0.8895161290322581
centerY: 0.15702479338842976
width: 0.02217741935483871
height: 0.030493017953833
Area: 0.00020649665836236774
CentroidX: 0.9004
CentroidY: 0.1728
