Location: internet_2.png_Gaussian-Closing.png
Component: component_1755095281487_155.png
centerX: 0.28859330914953646
centerY: 0.4359851725121186
width: 0.03345425231761386
height: 0.03307670373538637
Area: 0.00044834612458735434
CentroidX: 0.3070
CentroidY: 0.4530
