Location: Dedata_31.png_Mean-Closing.png
Component: component_1755503061352_139.png
centerX: 0.8487903225806451
centerY: 0.23624964377315474
width: 0.02661290322580645
height: 0.03818751781134226
Area: 0.0003551926382849631
CentroidX: 0.8619
CentroidY: 0.2560
