Location: Dedata_31.png_Mean-Medain.png
Component: component_1755503060950_158.png
centerX: 0.3850806451612903
centerY: 0.24194927329723567
width: 0.02620967741935484
height: 0.028498147620404674
Area: 0.0003218681914707802
CentroidX: 0.3995
CentroidY: 0.2572
