Location: Paraklitoni_1720_page_10.png_Mean-Medain.png
Component: component_1755610055257_499.png
centerX: 0.16920731707317074
centerY: 0.1899749373433584
width: 0.011432926829268292
height: 0.013533834586466165
Area: 9.81875420257962e-05
CentroidX: 0.1748
CentroidY: 0.1961
