Location: Dedata_31.png_Mean-Medain.png
Component: component_1755503060944_141.png
centerX: 0.1528225806451613
centerY: 0.213451125676831
width: 0.02661290322580645
height: 0.026788258763180393
Area: 0.0002614245396629864
CentroidX: 0.1676
CentroidY: 0.2270
