Location: Dedata_31.png_Mean-Closing.png
Component: component_1755503061342_121.png
centerX: 0.9096774193548387
centerY: 0.19806212596181247
width: 0.020967741935483872
height: 0.0262182958107723
Area: 0.0002363737486095662
CentroidX: 0.9198
CentroidY: 0.2116
