Location: Dedata_31.png_Mean-Medain.png
Component: component_1755503060989_322.png
centerX: 0.2842741935483871
centerY: 0.62182958107723
width: 0.04032258064516129
height: 0.031062980906241093
Area: 0.0003195699537594572
CentroidX: 0.3062
CentroidY: 0.6369
