Location: Paraklitoni_1720_page_10.png_Mean-Medain.png
Component: component_1755610055369_1657.png
centerX: 0.7507621951219512
centerY: 0.5954887218045113
width: 0.011432926829268292
height: 0.013032581453634085
Area: 7.71746439268904e-05
CentroidX: 0.7563
CentroidY: 0.6015
