Location: internet_2.png_Gaussian-Closing.png
Component: component_1755095281449_114.png
centerX: 0.561870213623539
centerY: 0.32335329341317365
width: 0.03667875856509472
height: 0.03307670373538637
Area: 0.0004607586807153816
CentroidX: 0.5821
CentroidY: 0.3405
