Location: internet_2.png_Gaussian-Closing.png
Component: component_1755095281545_263.png
centerX: 0.04232164449818621
centerY: 0.7650413458796692
width: 0.032245062474808545
height: 0.031080695751354435
Area: 0.00042547484061071153
CentroidX: 0.0601
CentroidY: 0.7806
