Location: internet_2.png_Gaussian-Median.png
Component: component_1755095280862_210.png
centerX: 0.282950423216445
centerY: 0.5369261477045908
width: 0.03345425231761386
height: 0.030795551753635585
Area: 0.0003889267586781869
CentroidX: 0.3025
CentroidY: 0.5526
