Location: internet_2.png_Gaussian-Closing.png
Component: component_1755095281456_136.png
centerX: 0.39298669891172916
centerY: 0.3800969489592244
width: 0.037484885126964934
height: 0.033361847733105215
Area: 0.0004667350966288762
CentroidX: 0.4127
CentroidY: 0.3977
