Location: Dedata_31.png_Mean-Closing.png
Component: component_1755503061414_355.png
centerX: 0.5899193548387097
centerY: 0.7529210601310915
width: 0.038306451612903226
height: 0.033912795668281565
Area: 0.00048711148291490086
CentroidX: 0.6102
CentroidY: 0.7702
