Location: Dedata_31.png_Mean-Closing.png
Component: component_1755503061400_326.png
centerX: 0.28266129032258064
centerY: 0.6685665431746937
width: 0.028225806451612902
height: 0.02792818466799658
Area: 0.00028394726923395143
CentroidX: 0.2966
CentroidY: 0.6831
