Location: internet_2.png_Mean-Medain.png
Component: component_1755095281665_221.png
centerX: 0.8778718258766627
centerY: 0.6045052751639578
width: 0.03506650544135429
height: 0.031080695751354435
Area: 0.0003969719339463527
CentroidX: 0.8981
CentroidY: 0.6209
