Location: Dedata_31.png_Otsu.png
Component: component_1755503061494_31.png
centerX: 0.9112903225806451
centerY: 0.04217725847819892
width: 0.02620967741935484
height: 0.031917925334853235
Area: 0.0002815341196370623
CentroidX: 0.9247
CentroidY: 0.0576
