Location: Dedata_31.png_Otsu.png
Component: component_1755503061569_460.png
centerX: 0.65
centerY: 0.4762040467369621
width: 0.034274193548387094
height: 0.029068110572812767
Area: 0.00027084731427941055
CentroidX: 0.6675
CentroidY: 0.4910
