Location: Dedata_31.png_Otsu.png
Component: component_1755503061684_738.png
centerX: 0.021370967741935483
centerY: 0.628099173553719
width: 0.03225806451612903
height: 0.03220290681105728
Area: 0.00021431066658086578
CentroidX: 0.0381
CentroidY: 0.6461
