Location: Dedata_31.png_Gaussian-Closing.png
Component: component_1755503061958_216.png
centerX: 0.46088709677419354
centerY: 0.38643488173268736
width: 0.03306451612903226
height: 0.03277286976346538
Area: 0.0004651633127717666
CentroidX: 0.4785
CentroidY: 0.4033
