Location: internet_2.png_Gaussian-Median.png
Component: component_1755095280869_237.png
centerX: 0.6537686416767432
centerY: 0.6213287710293698
width: 0.030632809351068116
height: 0.03051040775591674
Area: 0.0003796173415821665
CentroidX: 0.6711
CentroidY: 0.6368
