Location: Dedata_31.png_Gaussian-Closing.png
Component: component_1755503061934_111.png
centerX: 0.3064516129032258
centerY: 0.16785408948418354
width: 0.020967741935483872
height: 0.02963807352522086
Area: 0.00023292639204258175
CentroidX: 0.3172
CentroidY: 0.1832
