Location: Dedata_31.png_Mean-Medain.png
Component: component_1755503061002_359.png
centerX: 0.43548387096774194
centerY: 0.7115987460815048
width: 0.0407258064516129
height: 0.033912795668281565
Area: 0.0005036587944364262
CentroidX: 0.4561
CentroidY: 0.7287
