Location: internet_2.png_Gaussian-Median.png
Component: component_1755095280883_289.png
centerX: 0.1652559451833938
centerY: 0.7559167379526661
width: 0.03466344216041919
height: 0.032506415739948676
Area: 0.00044639229630794264
CentroidX: 0.1850
CentroidY: 0.7723
