Location: internet_2.png_Gaussian-Median.png
Component: component_1755095280815_25.png
centerX: 0.8927851672712616
centerY: 0.0641573994867408
width: 0.03667875856509472
height: 0.03934987168520103
Area: 0.000480182032434239
CentroidX: 0.9124
CentroidY: 0.0834
