Location: Dedata_31.png_Gaussian-Closing.png
Component: component_1755503061960_228.png
centerX: 0.7375
centerY: 0.4231974921630094
width: 0.03508064516129032
height: 0.029068110572812767
Area: 0.0003422075952159884
CentroidX: 0.7544
CentroidY: 0.4388
