Location: internet_2.png_Gaussian-Median.png
Component: component_1755095280849_157.png
centerX: 0.166062071745264
centerY: 0.39577986883376104
width: 0.035872632003224506
height: 0.031936127744510975
Area: 0.00041972828684773596
CentroidX: 0.1849
CentroidY: 0.4116
