Location: internet_2.png_Mean-Closing.png
Component: component_1755095281197_199.png
centerX: 0.7609834744054816
centerY: 0.5015682919874537
width: 0.032245062474808545
height: 0.03136583974907328
Area: 0.0004105338008269751
CentroidX: 0.7801
CentroidY: 0.5178
