Location: Dedata_31.png_Otsu.png
Component: component_1755503061551_411.png
centerX: 0.8935483870967742
centerY: 0.3730407523510972
width: 0.03387096774193549
height: 0.02792818466799658
Area: 0.0003405988288180623
CentroidX: 0.9111
CentroidY: 0.3877
