Location: Dedata_31.png_Gaussian-Closing.png
Component: component_1755503061927_79.png
centerX: 0.7520161290322581
centerY: 0.12026218295810773
width: 0.025
height: 0.030777999430037048
Area: 0.000290612158596788
CentroidX: 0.7654
CentroidY: 0.1359
