Location: internet_2.png_Gaussian-Closing.png
Component: component_1755095281409_28.png
centerX: 0.5727529222087868
centerY: 0.07584830339321358
width: 0.03305118903667876
height: 0.03450242372398061
Area: 0.00042168211512714766
CentroidX: 0.5919
CentroidY: 0.0931
