Location: internet_2.png_Mean-Medain.png
Component: component_1755095281651_160.png
centerX: 0.5828295042321644
centerY: 0.42172797262617623
width: 0.03305118903667876
height: 0.03022526375819789
Area: 0.0004417950532975622
CentroidX: 0.6007
CentroidY: 0.4362
