Location: Dedata_31.png_Mean-Medain.png
Component: component_1755503060933_106.png
centerX: 0.6786290322580645
centerY: 0.16186947848389854
width: 0.022983870967741935
height: 0.028498147620404674
Area: 0.0002503929986486362
CentroidX: 0.6911
CentroidY: 0.1757
