Location: internet_2.png_Mean-Closing.png
Component: component_1755095280959_89.png
centerX: 0.21442966545747683
centerY: 0.18762475049900199
width: 0.037484885126964934
height: 0.03507271171941831
Area: 0.0005158106657646876
CentroidX: 0.2356
CentroidY: 0.2054
