Location: Dedata_31.png_Mean-Closing.png
Component: component_1755503061381_251.png
centerX: 0.06653225806451613
centerY: 0.48589341692789967
width: 0.04112903225806452
height: 0.031062980906241093
Area: 0.00033152078985833664
CentroidX: 0.0889
CentroidY: 0.5015
