Location: Dedata_31.png_Mean-Closing.png
Component: component_1755503061357_154.png
centerX: 0.19596774193548386
centerY: 0.25220860644058135
width: 0.021774193548387097
height: 0.03334283271587347
Area: 0.000284406916776216
CentroidX: 0.2079
CentroidY: 0.2680
