Location: Dedata_31.png_Otsu.png
Component: component_1755503061608_519.png
centerX: 0.3439516129032258
centerY: 0.5232259903106298
width: 0.03185483870967742
height: 0.030777999430037048
Area: 0.00031773136359039886
CentroidX: 0.3597
CentroidY: 0.5393
