Location: internet_2.png_Mean-Closing.png
Component: component_1755095281284_261.png
centerX: 0.2418379685610641
centerY: 0.7003136583974907
width: 0.03909713825070536
height: 0.03165098374679213
Area: 0.0004178893896435838
CentroidX: 0.2622
CentroidY: 0.7166
