Location: internet_2.png_Gaussian-Median.png
Component: component_1755095280853_172.png
centerX: 0.28859330914953646
centerY: 0.4359851725121186
width: 0.03385731559854897
height: 0.03307670373538637
Area: 0.00044972529749046845
CentroidX: 0.3070
CentroidY: 0.4530
