Location: Dedata_31.png_Gaussian-Closing.png
Component: component_1755503061928_85.png
centerX: 0.49032258064516127
centerY: 0.12425192362496437
width: 0.024596774193548387
height: 0.02963807352522086
Area: 0.00030060949264104284
CentroidX: 0.5036
CentroidY: 0.1400
