Location: internet_2.png_Mean-Closing.png
Component: component_1755095281283_258.png
centerX: 0.42563482466747277
centerY: 0.6846307385229541
width: 0.03345425231761386
height: 0.033361847733105215
Area: 0.0004458176409316451
CentroidX: 0.4438
CentroidY: 0.7021
