Location: Dedata_31.png_Mean-Medain.png
Component: component_1755503060944_139.png
centerX: 0.2955645161290323
centerY: 0.20832145910515817
width: 0.027016129032258064
height: 0.02707324023938444
Area: 0.00026326312983204476
CentroidX: 0.3120
CentroidY: 0.2218
