Location: internet_2.png_Gaussian-Median.png
Component: component_1755095280834_96.png
centerX: 0.2724707779121322
centerY: 0.23609923011120615
width: 0.03143893591293833
height: 0.032506415739948676
Area: 0.00044823119351209486
CentroidX: 0.2904
CentroidY: 0.2524
