Location: Dedata_31.png_Otsu.png
Component: component_1755503061521_227.png
centerX: 0.7778225806451613
centerY: 0.20005699629524082
width: 0.024596774193548387
height: 0.0262182958107723
Area: 0.00023039833056012648
CentroidX: 0.7909
CentroidY: 0.2136
