Location: internet_2.png_Mean-Medain.png
Component: component_1755095281641_111.png
centerX: 0.32930270052398225
centerY: 0.2891360136869119
width: 0.03345425231761386
height: 0.033361847733105215
Area: 0.00046098854286590063
CentroidX: 0.3488
CentroidY: 0.3064
