Location: internet_2.png_Gaussian-Median.png
Component: component_1755095280843_128.png
centerX: 0.561870213623539
centerY: 0.32335329341317365
width: 0.037081821846029824
height: 0.03307670373538637
Area: 0.00046064374964012206
CentroidX: 0.5821
CentroidY: 0.3405
