Location: Dedata_31.png_Mean-Medain.png
Component: component_1755503060955_181.png
centerX: 0.20443548387096774
centerY: 0.3012254203476774
width: 0.017741935483870968
height: 0.03305785123966942
Area: 0.0001737467709760156
CentroidX: 0.2164
CentroidY: 0.3203
