Location: internet_2.png_Gaussian-Closing.png
Component: component_1755095281416_44.png
centerX: 0.6352277307537283
centerY: 0.11890504704875962
width: 0.03184199919387344
height: 0.03279155973766752
Area: 0.00041765952749306477
CentroidX: 0.6540
CentroidY: 0.1353
