Location: internet_2.png_Gaussian-Median.png
Component: component_1755095280869_234.png
centerX: 0.7638049173720274
centerY: 0.6136298830909609
width: 0.032648125755743655
height: 0.031936127744510975
Area: 0.000410074076525937
CentroidX: 0.7823
CentroidY: 0.6297
