Location: Dedata_31.png_Otsu.png
Component: component_1755503061765_857.png
centerX: 0.5362903225806451
centerY: 0.6637218580792249
width: 0.03185483870967742
height: 0.026788258763180393
Area: 9.824966215905644e-05
CentroidX: 0.5541
CentroidY: 0.6759
