Location: internet_2.png_Mean-Closing.png
Component: component_1755095281236_219.png
centerX: 0.7122128174123338
centerY: 0.5642999714856002
width: 0.03426037887948408
height: 0.03136583974907328
Area: 0.00044363395050171436
CentroidX: 0.7319
CentroidY: 0.5801
