Location: Dedata_31.png_Mean-Medain.png
Component: component_1755503060905_7.png
centerX: 0.44193548387096776
centerY: 0.002564833285836421
width: 0.02943548387096774
height: 0.03362781419207751
Area: 0.0003494470440066557
CentroidX: 0.4572
CentroidY: 0.0189
