Location: internet_2.png_Gaussian-Median.png
Component: component_1755095280859_198.png
centerX: 0.16162837565497784
centerY: 0.4998574280011406
width: 0.030229746070133012
height: 0.03136583974907328
Area: 0.00041340707770846284
CentroidX: 0.1784
CentroidY: 0.5155
