Location: internet_2.png_Mean-Closing.png
Component: component_1755095280986_160.png
centerX: 0.1664651350261991
centerY: 0.39577986883376104
width: 0.03506650544135429
height: 0.03165098374679213
Area: 0.00043501411985725103
CentroidX: 0.1848
CentroidY: 0.4116
