Location: internet_2.png_Gaussian-Median.png
Component: component_1755095280864_218.png
centerX: 0.7666263603385731
centerY: 0.5605930995152552
width: 0.03184199919387344
height: 0.03450242372398061
Area: 0.0004085799725475634
CentroidX: 0.7849
CentroidY: 0.5785
