Location: Dedata_31.png_Mean-Closing.png
Component: component_1755503061391_294.png
centerX: 0.07540322580645162
centerY: 0.5816471929324594
width: 0.041935483870967745
height: 0.031062980906241093
Area: 0.00036013384936430746
CentroidX: 0.0982
CentroidY: 0.5979
