Location: Dedata_31.png_Gaussian-Closing.png
Component: component_1755503062011_382.png
centerX: 0.06491935483870968
centerY: 0.8082074665146766
width: 0.04233870967741935
height: 0.03932744371615845
Area: 0.0005561735261401557
CentroidX: 0.0878
CentroidY: 0.8271
