Location: internet_2.png_Mean-Medain.png
Component: component_1755095281637_99.png
centerX: 0.9032648125755743
centerY: 0.25349301397205587
width: 0.030632809351068116
height: 0.03421727972626176
Area: 0.0004879973455518858
CentroidX: 0.9194
CentroidY: 0.2709
