Location: Dedata_31.png_Mean-Medain.png
Component: component_1755503060932_99.png
centerX: 0.8092741935483871
centerY: 0.15645483043602165
width: 0.02338709677419355
height: 0.03134796238244514
Area: 0.0002611947158918541
CentroidX: 0.8201
CentroidY: 0.1728
