Location: internet_2.png_Gaussian-Closing.png
Component: component_1755095281420_53.png
centerX: 0.9391374445787989
centerY: 0.1454234388366125
width: 0.03305118903667876
height: 0.031080695751354435
Area: 0.0004170848721167672
CentroidX: 0.9582
CentroidY: 0.1608
