Location: Dedata_31.png_Otsu.png
Component: component_1755503061625_520.png
centerX: 0.39153225806451614
centerY: 0.524080934739242
width: 0.03467741935483871
height: 0.03134796238244514
Area: 0.000303827025436895
CentroidX: 0.4115
CentroidY: 0.5401
