Location: Dedata_31.png_Mean-Closing.png
Component: component_1755503061415_356.png
centerX: 0.6419354838709678
centerY: 0.7529210601310915
width: 0.03951612903225806
height: 0.03277286976346538
Area: 0.00048607727594480554
CentroidX: 0.6618
CentroidY: 0.7712
