Location: Dedata_31.png_Mean-Medain.png
Component: component_1755503060912_26.png
centerX: 0.8717741935483871
centerY: 0.04160729552579082
width: 0.021774193548387097
height: 0.03163294385864919
Area: 0.00029681740041735997
CentroidX: 0.8830
CentroidY: 0.0580
