Location: Dedata_31.png_Mean-Medain.png
Component: component_1755503060939_128.png
centerX: 0.869758064516129
centerY: 0.1989170703904246
width: 0.01975806451612903
height: 0.02707324023938444
Area: 0.0002321220088436187
CentroidX: 0.8790
CentroidY: 0.2123
