Location: Dedata_31.png_Mean-Closing.png
Component: component_1755503061276_32.png
centerX: 0.7834677419354839
centerY: 0.0438871473354232
width: 0.024193548387096774
height: 0.029353092049016812
Area: 0.00034163303578815763
CentroidX: 0.7956
CentroidY: 0.0597
