Location: internet_2.png_Mean-Closing.png
Component: component_1755095281253_240.png
centerX: 0.41878274889157596
centerY: 0.6381522668947819
width: 0.03426037887948408
height: 0.031080695751354435
Area: 0.0004259345649117496
CentroidX: 0.4381
CentroidY: 0.6538
