Location: internet_2.png_Mean-Closing.png
Component: component_1755095280972_131.png
centerX: 0.732365981459089
centerY: 0.31308810949529514
width: 0.031035872632003223
height: 0.03592814371257485
Area: 0.0004411054668460051
CentroidX: 0.7502
CentroidY: 0.3308
