Location: Dedata_31.png_Otsu.png
Component: component_1755503061570_464.png
centerX: 0.17540322580645162
centerY: 0.4853234539754916
width: 0.04032258064516129
height: 0.02963807352522086
Area: 0.0002958981053328308
CentroidX: 0.1976
CentroidY: 0.5003
