Location: internet_2.png_Mean-Medain.png
Component: component_1755095281641_113.png
centerX: 0.21080209592906085
centerY: 0.29369831765041343
width: 0.03305118903667876
height: 0.03165098374679213
Area: 0.00045627636878026065
CentroidX: 0.2297
CentroidY: 0.3101
