Location: internet_2.png_Mean-Closing.png
Component: component_1755095280974_138.png
centerX: 0.33373639661426846
centerY: 0.33475905332192757
width: 0.028617492946392584
height: 0.038209295694325636
Area: 0.000449840228565728
CentroidX: 0.3499
CentroidY: 0.3533
