Location: Dedata_31.png_Otsu.png
Component: component_1755503061768_887.png
centerX: 0.01975806451612903
centerY: 0.6754060986035908
width: 0.03185483870967742
height: 0.03163294385864919
Area: 0.00022189485102823154
CentroidX: 0.0363
CentroidY: 0.6885
