Location: Dedata_31.png_Gaussian-Closing.png
Component: component_1755503062006_370.png
centerX: 0.07741935483870968
centerY: 0.762610430322029
width: 0.03870967741935484
height: 0.03220290681105728
Area: 0.0004983728477003834
CentroidX: 0.0981
CentroidY: 0.7784
