Location: Paraklitoni_1720_page_10.png_Mean-Medain.png
Component: component_1755610055499_1988.png
centerX: 0.8307926829268293
centerY: 0.7203007518796992
width: 0.012195121951219513
height: 0.013032581453634085
Area: 9.322085702060028e-05
CentroidX: 0.8364
CentroidY: 0.7268
