Location: Kurtxevani_1764_page_10.png_Otsu.png
Component: component_1755610055987_1734.png
centerX: 0.23171521035598705
centerY: 0.725444340505145
width: 0.013592233009708738
height: 0.018709073900841908
Area: 0.00016529375970646734
CentroidX: 0.2384
CentroidY: 0.7337
