Location: internet_2.png_Mean-Closing.png
Component: component_1755095281252_237.png
centerX: 0.5973397823458283
centerY: 0.6253207869974337
width: 0.03305118903667876
height: 0.031936127744510975
Area: 0.00041834911394462185
CentroidX: 0.6148
CentroidY: 0.6412
