Location: Dedata_31.png_Mean-Closing.png
Component: component_1755503061356_151.png
centerX: 0.33145161290322583
centerY: 0.24365916215445996
width: 0.025806451612903226
height: 0.02963807352522086
Area: 0.00029222092499471406
CentroidX: 0.3449
CentroidY: 0.2591
