Location: Dedata_31.png_Mean-Medain.png
Component: component_1755503060961_204.png
centerX: 0.12056451612903225
centerY: 0.3459675121117127
width: 0.03185483870967742
height: 0.03362781419207751
Area: 0.00033381902756965956
CentroidX: 0.1375
CentroidY: 0.3636
