Location: internet_2.png_Mean-Closing.png
Component: component_1755095281206_207.png
centerX: 0.4083031035872632
centerY: 0.5283718277730254
width: 0.03466344216041919
height: 0.029654975762760195
Area: 0.0003961674164195361
CentroidX: 0.4275
CentroidY: 0.5433
