Location: internet_2.png_Mean-Closing.png
Component: component_1755095280982_154.png
centerX: 0.5227730753728336
centerY: 0.3766752209865982
width: 0.03385731559854897
height: 0.031080695751354435
Area: 0.0004565062309307797
CentroidX: 0.5411
CentroidY: 0.3923
