Location: Kurtxevani_1764_page_10.png_Otsu.png
Component: component_1755610055892_1021.png
centerX: 0.8252427184466019
centerY: 0.3587464920486436
width: 0.015533980582524271
height: 0.020112254443405052
Area: 0.000166201967177382
CentroidX: 0.8321
CentroidY: 0.3682
