Location: internet_2.png_Mean-Medain.png
Component: component_1755095281655_180.png
centerX: 0.46795646916565903
centerY: 0.47818648417450815
width: 0.03829101168883515
height: 0.03136583974907328
Area: 0.0004721368571660732
CentroidX: 0.4892
CentroidY: 0.4940
