Location: Dedata_31.png_Gaussian-Closing.png
Component: component_1755503061933_105.png
centerX: 0.5399193548387097
centerY: 0.1632943858649188
width: 0.022983870967741935
height: 0.027643203191792535
Area: 0.0002171834637200195
CentroidX: 0.5531
CentroidY: 0.1774
