Location: Dedata_31.png_Mean-Medain.png
Component: component_1755503061000_351.png
centerX: 0.8625
centerY: 0.701339412938159
width: 0.0467741935483871
height: 0.03505272157309775
Area: 0.0005855909688450895
CentroidX: 0.8873
CentroidY: 0.7199
