Location: Dedata_31.png_Mean-Medain.png
Component: component_1755503061004_365.png
centerX: 0.06814516129032258
centerY: 0.7187232829866058
width: 0.044758064516129036
height: 0.031917925334853235
Area: 0.00045620018569760706
CentroidX: 0.0922
CentroidY: 0.7348
