Location: Dedata_31.png_Otsu.png
Component: component_1755503061570_463.png
centerX: 0.4967741935483871
centerY: 0.4827586206896552
width: 0.039112903225806454
height: 0.033912795668281565
Area: 0.0003126752406254884
CentroidX: 0.5175
CentroidY: 0.4996
