Location: Dedata_31.png_Mean-Closing.png
Component: component_1755503061272_23.png
centerX: 0.8717741935483871
centerY: 0.04160729552579082
width: 0.021370967741935483
height: 0.03163294385864919
Area: 0.00029704722418849225
CentroidX: 0.8830
CentroidY: 0.0579
