Location: Dedata_31.png_Gaussian-Closing.png
Component: component_1755503061959_220.png
centerX: 0.20927419354838708
centerY: 0.39013964092333997
width: 0.031048387096774193
height: 0.031062980906241093
Area: 0.000382311843278574
CentroidX: 0.2256
CentroidY: 0.4061
