Location: internet_2.png_Mean-Closing.png
Component: component_1755095281270_249.png
centerX: 0.7678355501813785
centerY: 0.6635300826917594
width: 0.032245062474808545
height: 0.031936127744510975
Area: 0.00041742966534254574
CentroidX: 0.7865
CentroidY: 0.6797
