Location: internet_2.png_Gaussian-Median.png
Component: component_1755095280852_167.png
centerX: 0.5828295042321644
centerY: 0.42172797262617623
width: 0.032648125755743655
height: 0.03022526375819789
Area: 0.00042271649480448326
CentroidX: 0.6007
CentroidY: 0.4362
