Location: internet_2.png_Mean-Medain.png
Component: component_1755095281642_116.png
centerX: 0.04191858121725111
centerY: 0.30510407755916735
width: 0.03426037887948408
height: 0.033932135728542916
Area: 0.0004990307287767989
CentroidX: 0.0609
CentroidY: 0.3223
