Location: internet_2.png_Mean-Closing.png
Component: component_1755095280940_29.png
centerX: 0.9411527609834744
centerY: 0.019674935842600515
width: 0.03788794840790004
height: 0.03849443969204448
Area: 0.000584424517694616
CentroidX: 0.9608
CentroidY: 0.0370
