Location: Dedata_31.png_Mean-Closing.png
Component: component_1755503061388_278.png
centerX: 0.9245967741935484
centerY: 0.5579937304075235
width: 0.03185483870967742
height: 0.03220290681105728
Area: 0.00030175861149670435
CentroidX: 0.9415
CentroidY: 0.5737
