Location: Kurtxevani_1764_page_10.png_Otsu.png
Component: component_1755610055827_525.png
centerX: 0.3255663430420712
centerY: 0.1431244153414406
width: 0.017475728155339806
height: 0.0205799812909261
Area: 0.0001910263047157159
CentroidX: 0.3335
CentroidY: 0.1531
