Location: Dedata_31.png_Mean-Medain.png
Component: component_1755503060966_233.png
centerX: 0.8745967741935484
centerY: 0.420632658877173
width: 0.036290322580645164
height: 0.028498147620404674
Area: 0.00035875490673751366
CentroidX: 0.8926
CentroidY: 0.4360
