Location: internet_2.png_Mean-Closing.png
Component: component_1755095280969_123.png
centerX: 0.21080209592906085
centerY: 0.2939834616481323
width: 0.03305118903667876
height: 0.03136583974907328
Area: 0.0004548971958771465
CentroidX: 0.2297
CentroidY: 0.3101
