Location: Dedata_31.png_Mean-Closing.png
Component: component_1755503061379_238.png
centerX: 0.06854838709677419
centerY: 0.445141065830721
width: 0.03185483870967742
height: 0.024793388429752067
Area: 0.0003419777714448561
CentroidX: 0.0866
CentroidY: 0.4578
