Location: Dedata_31.png_Mean-Closing.png
Component: component_1755503061373_216.png
centerX: 0.20927419354838708
centerY: 0.39013964092333997
width: 0.031451612903225803
height: 0.031062980906241093
Area: 0.00039656091708877635
CentroidX: 0.2256
CentroidY: 0.4061
