Location: Dedata_31.png_Mean-Medain.png
Component: component_1755503060978_281.png
centerX: 0.18669354838709679
centerY: 0.5277856939298946
width: 0.038306451612903226
height: 0.032487888287261325
Area: 0.00038529955230329384
CentroidX: 0.2068
CentroidY: 0.5455
