Location: internet_2.png_Gaussian-Median.png
Component: component_1755095280817_33.png
centerX: 0.45949214026602175
centerY: 0.07955517536355859
width: 0.03305118903667876
height: 0.036213287710293696
Area: 0.00048638831049825263
CentroidX: 0.4790
CentroidY: 0.0975
