Location: Dedata_31.png_Otsu.png
Component: component_1755503061547_333.png
centerX: 0.6076612903225806
centerY: 0.33713308634938727
width: 0.02903225806451613
height: 0.02821316614420063
Area: 0.00022626150267974517
CentroidX: 0.6228
CentroidY: 0.3498
