Location: Dedata_31.png_Otsu.png
Component: component_1755503061562_439.png
centerX: 0.6850806451612903
centerY: 0.4243374180678256
width: 0.03346774193548387
height: 0.031917925334853235
Area: 0.0003565715809117569
CentroidX: 0.7033
CentroidY: 0.4410
