Location: Dedata_31.png_Otsu.png
Component: component_1755503061552_420.png
centerX: 0.5616935483870967
centerY: 0.38387004844685096
width: 0.03508064516129032
height: 0.02963807352522086
Area: 0.0004179345278040798
CentroidX: 0.5792
CentroidY: 0.3996
