Location: Dedata_31.png_Mean-Medain.png
Component: component_1755503060967_237.png
centerX: 0.6846774193548387
centerY: 0.42405243659162156
width: 0.034274193548387094
height: 0.032487888287261325
Area: 0.00040265124702378214
CentroidX: 0.7033
CentroidY: 0.4410
