Location: internet_2.png_Mean-Closing.png
Component: component_1755095280966_112.png
centerX: 0.8460298266827891
centerY: 0.2571998859424009
width: 0.03466344216041919
height: 0.033361847733105215
Area: 0.00048328517146624584
CentroidX: 0.8638
CentroidY: 0.2746
