Location: internet_2.png_Mean-Closing.png
Component: component_1755095280960_92.png
centerX: 0.03909713825070536
centerY: 0.20102651839178784
width: 0.03426037887948408
height: 0.03421727972626176
Area: 0.0004966171761963492
CentroidX: 0.0586
CentroidY: 0.2185
