Location: Paraklitoni_1720_page_10.png_Mean-Medain.png
Component: component_1755610055333_1277.png
centerX: 0.1524390243902439
centerY: 0.46716791979949873
width: 0.012957317073170731
height: 0.013533834586466165
Area: 0.00010506449049452901
CentroidX: 0.1587
CentroidY: 0.4739
