Location: Dedata_31.png_Mean-Closing.png
Component: component_1755503061394_303.png
centerX: 0.5762096774193548
centerY: 0.6141350812197207
width: 0.03306451612903226
height: 0.02963807352522086
Area: 0.00031474365456567904
CentroidX: 0.5949
CentroidY: 0.6295
