Location: Dedata_31.png_Mean-Closing.png
Component: component_1755503061366_190.png
centerX: 0.5080645161290323
centerY: 0.3382730122542035
width: 0.028629032258064516
height: 0.029068110572812767
Area: 0.00028072973643809927
CentroidX: 0.5234
CentroidY: 0.3536
