Location: Dedata_31.png_Mean-Closing.png
Component: component_1755503061314_82.png
centerX: 0.49032258064516127
centerY: 0.12425192362496437
width: 0.024596774193548387
height: 0.02963807352522086
Area: 0.0003148585664512452
CentroidX: 0.5037
CentroidY: 0.1400
