Location: Dedata_31.png_Mean-Medain.png
Component: component_1755503060928_80.png
centerX: 0.38629032258064516
centerY: 0.12026218295810773
width: 0.028225806451612902
height: 0.025078369905956112
Area: 0.0002506228224197685
CentroidX: 0.4022
CentroidY: 0.1342
