Location: internet_2.png_Mean-Medain.png
Component: component_1755095281668_234.png
centerX: 0.29705763804917373
centerY: 0.6489877388080981
width: 0.03788794840790004
height: 0.031080695751354435
Area: 0.000459724301038046
CentroidX: 0.3184
CentroidY: 0.6647
