Location: Dedata_31.png_Otsu.png
Component: component_1755503061534_267.png
centerX: 0.5959677419354839
centerY: 0.23938444001139925
width: 0.02620967741935484
height: 0.031062980906241093
Area: 0.00029750687173075687
CentroidX: 0.6087
CentroidY: 0.2551
