Location: internet_2.png_Mean-Closing.png
Component: component_1755095281244_225.png
centerX: 0.3486497380088674
centerY: 0.5902480752780154
width: 0.036275695284159616
height: 0.03592814371257485
Area: 0.0004628274400700528
CentroidX: 0.3697
CentroidY: 0.6083
