Location: Dedata_31.png_Gaussian-Closing.png
Component: component_1755503061905_15.png
centerX: 0.23387096774193547
centerY: 0.005699629524080934
width: 0.027016129032258064
height: 0.030493017953833
Area: 0.00028785427334320044
CentroidX: 0.2486
CentroidY: 0.0214
