Location: Dedata_31.png_Gaussian-Closing.png
Component: component_1755503061968_260.png
centerX: 0.3362903225806452
centerY: 0.4873183243089199
width: 0.042741935483870966
height: 0.030208036477628954
Area: 0.00037059083095082693
CentroidX: 0.3597
CentroidY: 0.5030
