Location: Dedata_31.png_Mean-Medain.png
Component: component_1755503060937_122.png
centerX: 0.9532258064516129
centerY: 0.19549729267597607
width: 0.02217741935483871
height: 0.025933314334568254
Area: 0.00024131495968891055
CentroidX: 0.9647
CentroidY: 0.2086
