Location: Dedata_31.png_Mean-Closing.png
Component: component_1755503061411_349.png
centerX: 0.06814516129032258
centerY: 0.7187232829866058
width: 0.044758064516129036
height: 0.031917925334853235
Area: 0.0004560852738120409
CentroidX: 0.0923
CentroidY: 0.7348
