Location: Dedata_31.png_Mean-Closing.png
Component: component_1755503061318_99.png
centerX: 0.6358870967741935
centerY: 0.16215445996010258
width: 0.020967741935483872
height: 0.028498147620404674
Area: 0.0002479798490517471
CentroidX: 0.6470
CentroidY: 0.1769
