Location: Dedata_31.png_Mean-Closing.png
Component: component_1755503061369_203.png
centerX: 0.8935483870967742
centerY: 0.3730407523510972
width: 0.03387096774193549
height: 0.02792818466799658
Area: 0.00038392060967650004
CentroidX: 0.9110
CentroidY: 0.3877
