Location: internet_2.png_Mean-Medain.png
Component: component_1755095281672_257.png
centerX: 0.044740024183796856
centerY: 0.7162817222697462
width: 0.037484885126964934
height: 0.029940119760479042
Area: 0.00044547284770586653
CentroidX: 0.0655
CentroidY: 0.7307
