Location: Paraklitoni_1720_page_10.png_Mean-Medain.png
Component: component_1755610055303_950.png
centerX: 0.4245426829268293
centerY: 0.3448621553884712
width: 0.020579268292682928
height: 0.013533834586466165
Area: 0.0001383030747600709
CentroidX: 0.4339
CentroidY: 0.3505
