Location: internet_2.png_Mean-Medain.png
Component: component_1755095281676_270.png
centerX: 0.3603385731559855
centerY: 0.7439406900484745
width: 0.03184199919387344
height: 0.03222127174222983
Area: 0.00044466833017904996
CentroidX: 0.3788
CentroidY: 0.7605
