Location: Dedata_31.png_Gaussian-Closing.png
Component: component_1755503061910_31.png
centerX: 0.6379032258064516
centerY: 0.04331718438301511
width: 0.024193548387096774
height: 0.030777999430037048
Area: 0.00028819900899989886
CentroidX: 0.6512
CentroidY: 0.0592
