Location: Dedata_31.png_Mean-Medain.png
Component: component_1755503060919_50.png
centerX: 0.7455645161290323
centerY: 0.07779994300370476
width: 0.02258064516129032
height: 0.028783129096608722
Area: 0.00026912363599591833
CentroidX: 0.7582
CentroidY: 0.0931
