Location: Dedata_31.png_Otsu.png
Component: component_1755503061520_224.png
centerX: 0.9096774193548387
centerY: 0.19834710743801653
width: 0.020967741935483872
height: 0.025648332858364205
Area: 0.00019006425872640859
CentroidX: 0.9198
CentroidY: 0.2111
