Location: Dedata_31.png_Mean-Medain.png
Component: component_1755503060971_257.png
centerX: 0.5955645161290323
centerY: 0.47848389854659445
width: 0.03306451612903226
height: 0.031062980906241093
Area: 0.00030371211355132886
CentroidX: 0.6133
CentroidY: 0.4940
