Location: internet_2.png_Mean-Closing.png
Component: component_1755095280968_120.png
centerX: 0.3845223700120919
centerY: 0.2865697177074423
width: 0.03869407496977025
height: 0.033932135728542916
Area: 0.0005198332533987705
CentroidX: 0.4038
CentroidY: 0.3043
