Location: Dedata_31.png_Otsu.png
Component: component_1755503061814_1028.png
centerX: 0.8625
centerY: 0.701339412938159
width: 0.0467741935483871
height: 0.0347677400968937
Area: 0.0005382472719918367
CentroidX: 0.8875
CentroidY: 0.7200
