Location: Dedata_31.png_Gaussian-Closing.png
Component: component_1755503061975_288.png
centerX: 0.6096774193548387
centerY: 0.5648332858364207
width: 0.03346774193548387
height: 0.03562268452550584
Area: 0.00031807609924709734
CentroidX: 0.6265
CentroidY: 0.5836
