Location: Dedata_31.png_Mean-Closing.png
Component: component_1755503061277_33.png
centerX: 0.4241935483870968
centerY: 0.04474209176403534
width: 0.03669354838709677
height: 0.02707324023938444
Area: 0.00028980777539782494
CentroidX: 0.4483
CentroidY: 0.0584
