Location: Dedata_31.png_Gaussian-Closing.png
Component: component_1755503061960_226.png
centerX: 0.8745967741935484
centerY: 0.420632658877173
width: 0.036290322580645164
height: 0.028498147620404674
Area: 0.000345769863668539
CentroidX: 0.8926
CentroidY: 0.4360
