Location: Dedata_31.png_Mean-Medain.png
Component: component_1755503060906_12.png
centerX: 0.5447580645161291
centerY: 0.003419777714448561
width: 0.028225806451612902
height: 0.02963807352522086
Area: 0.0003284181689480506
CentroidX: 0.5600
CentroidY: 0.0183
