Location: internet_2.png_Mean-Closing.png
Component: component_1755095281255_242.png
centerX: 0.29705763804917373
centerY: 0.649272882805817
width: 0.037484885126964934
height: 0.03051040775591674
Area: 0.0004577704727586343
CentroidX: 0.3184
CentroidY: 0.6647
