Location: Dedata_31.png_Mean-Closing.png
Component: component_1755503061361_166.png
centerX: 0.603225806451613
centerY: 0.286406383585067
width: 0.029838709677419355
height: 0.03163294385864919
Area: 0.0002740648470752627
CentroidX: 0.6195
CentroidY: 0.3031
