Location: Kurtxevani_1764_page_10.png_Otsu.png
Component: component_1755610055835_613.png
centerX: 0.7449838187702266
centerY: 0.1735266604303087
width: 0.01423948220064725
height: 0.019644527595884004
Area: 0.00013259829075353973
CentroidX: 0.7517
CentroidY: 0.1827
