Location: internet_2.png_Gaussian-Median.png
Component: component_1755095280842_124.png
centerX: 0.7948407900040306
centerY: 0.3093812375249501
width: 0.036275695284159616
height: 0.03051040775591674
Area: 0.00041248762910638673
CentroidX: 0.8156
CentroidY: 0.3249
