Location: Dedata_31.png_Mean-Medain.png
Component: component_1755503060962_213.png
centerX: 0.8471774193548387
centerY: 0.3707609005414648
width: 0.03346774193548387
height: 0.029353092049016812
Area: 0.00038989602772593974
CentroidX: 0.8648
CentroidY: 0.3867
