Location: Dedata_31.png_Otsu.png
Component: component_1755503061513_160.png
centerX: 0.7665322580645161
centerY: 0.15873468224565404
width: 0.021774193548387097
height: 0.028498147620404674
Area: 0.00022855974039106812
CentroidX: 0.7781
CentroidY: 0.1734
