Location: Dedata_31.png_Mean-Medain.png
Component: component_1755503060994_333.png
centerX: 0.7342741935483871
centerY: 0.6543174693644913
width: 0.03346774193548387
height: 0.030777999430037048
Area: 0.00033542779396758565
CentroidX: 0.7534
CentroidY: 0.6694
