Location: Dedata_31.png_Otsu.png
Component: component_1755503061523_236.png
centerX: 0.2508064516129032
centerY: 0.20746651467654603
width: 0.022983870967741935
height: 0.028783129096608722
Area: 0.0002412000478033444
CentroidX: 0.2630
CentroidY: 0.2219
