Location: internet_2.png_Mean-Medain.png
Component: component_1755095281671_250.png
centerX: 0.49012494961708986
centerY: 0.6803535785571714
width: 0.03385731559854897
height: 0.03222127174222983
Area: 0.00042639428921278764
CentroidX: 0.5086
CentroidY: 0.6972
