Location: Dedata_31.png_Mean-Medain.png
Component: component_1755503060952_169.png
centerX: 0.7560483870967742
centerY: 0.2829866058706184
width: 0.03306451612903226
height: 0.02963807352522086
Area: 0.00027280081633403506
CentroidX: 0.7746
CentroidY: 0.2977
