Location: internet_2.png_Gaussian-Closing.png
Component: component_1755095281396_10.png
centerX: 0.7634018540910923
centerY: 0.0213857998289136
width: 0.03788794840790004
height: 0.03706871970345024
Area: 0.0005964922805968647
CentroidX: 0.7847
CentroidY: 0.0404
