Location: Dedata_31.png_Mean-Medain.png
Component: component_1755503060986_313.png
centerX: 0.6854838709677419
centerY: 0.6107153035052721
width: 0.039112903225806454
height: 0.029923055001424906
Area: 0.0003208339845006849
CentroidX: 0.7082
CentroidY: 0.6266
