Location: internet_2.png_Mean-Medain.png
Component: component_1755095281664_219.png
centerX: 0.22370012091898428
centerY: 0.6013686911890505
width: 0.03829101168883515
height: 0.031080695751354435
Area: 0.0004901810359818165
CentroidX: 0.2456
CentroidY: 0.6167
