Location: Dedata_31.png_Otsu.png
Component: component_1755503061561_437.png
centerX: 0.7379032258064516
centerY: 0.42348247363921343
width: 0.03467741935483871
height: 0.028783129096608722
Area: 0.0003040568492080273
CentroidX: 0.7545
CentroidY: 0.4388
