Location: Dedata_31.png_Otsu.png
Component: component_1755503061842_1078.png
centerX: 0.7088709677419355
centerY: 0.7965232259903107
width: 0.039919354838709675
height: 0.034482758620689655
Area: 0.0004996368784416109
CentroidX: 0.7300
CentroidY: 0.8146
