Location: internet_2.png_Mean-Closing.png
Component: component_1755095281239_222.png
centerX: 0.528415961305925
centerY: 0.5762760193897919
width: 0.0354695687222894
height: 0.03222127174222983
Area: 0.00044443846802853093
CentroidX: 0.5479
CentroidY: 0.5922
