Location: internet_2.png_Mean-Medain.png
Component: component_1755095281635_90.png
centerX: 0.5062474808544941
centerY: 0.22184203022526375
width: 0.03184199919387344
height: 0.032506415739948676
Area: 0.00046834413168250934
CentroidX: 0.5242
CentroidY: 0.2386
