Location: Dedata_31.png_Gaussian-Closing.png
Component: component_1755503061981_310.png
centerX: 0.40080645161290324
centerY: 0.6169848959817612
width: 0.03588709677419355
height: 0.031062980906241093
Area: 0.0003412883001314592
CentroidX: 0.4205
CentroidY: 0.6327
