Location: Dedata_31.png_Mean-Closing.png
Component: component_1755503061374_219.png
centerX: 0.06411290322580646
centerY: 0.39840410373325735
width: 0.03225806451612903
height: 0.03362781419207751
Area: 0.00042436959339578413
CentroidX: 0.0806
CentroidY: 0.4157
