Location: Dedata_31.png_Mean-Closing.png
Component: component_1755503061348_130.png
centerX: 0.3435483870967742
centerY: 0.20461669991450557
width: 0.025806451612903226
height: 0.030493017953833
Area: 0.00028429200489064985
CentroidX: 0.3582
CentroidY: 0.2203
