Location: internet_2.png_Mean-Medain.png
Component: component_1755095281644_122.png
centerX: 0.6706972994760177
centerY: 0.317080125463359
width: 0.0354695687222894
height: 0.03450242372398061
Area: 0.0004339797401799154
CentroidX: 0.6910
CentroidY: 0.3345
