Location: Dedata_31.png_Mean-Closing.png
Component: component_1755503061359_161.png
centerX: 0.7560483870967742
centerY: 0.2829866058706184
width: 0.03306451612903226
height: 0.029353092049016812
Area: 0.00027015784296601365
CentroidX: 0.7746
CentroidY: 0.2977
