Location: Dedata_31.png_Mean-Medain.png
Component: component_1755503060931_94.png
centerX: 0.10725806451612903
centerY: 0.13080649757765744
width: 0.024596774193548387
height: 0.025933314334568254
Area: 0.00027038766673714593
CentroidX: 0.1206
CentroidY: 0.1447
