Location: Dedata_31.png_Mean-Medain.png
Component: component_1755503060931_95.png
centerX: 0.062096774193548386
centerY: 0.13280136791108577
width: 0.02056451612903226
height: 0.02821316614420063
Area: 0.00016374943693176072
CentroidX: 0.0752
CentroidY: 0.1494
