Location: Dedata_31.png_Mean-Medain.png
Component: component_1755503060939_129.png
centerX: 0.7778225806451613
centerY: 0.19977201481903675
width: 0.025
height: 0.026788258763180393
Area: 0.0002746394065030934
CentroidX: 0.7909
CentroidY: 0.2135
