Location: Dedata_31.png_Mean-Medain.png
Component: component_1755503060967_234.png
centerX: 0.8258064516129032
centerY: 0.42177258478198915
width: 0.03346774193548387
height: 0.028498147620404674
Area: 0.00034818301326542805
CentroidX: 0.8427
CentroidY: 0.4375
