Location: Dedata_31.png_Mean-Closing.png
Component: component_1755503061245_5.png
centerX: 0.7048387096774194
centerY: 0.0017098888572242804
width: 0.028225806451612902
height: 0.02821316614420063
Area: 0.0003208339845006849
CentroidX: 0.7206
CentroidY: 0.0162
