Location: Dedata_31.png_Otsu.png
Component: component_1755503061511_121.png
centerX: 0.25806451612903225
centerY: 0.12482188657737248
width: 0.01975806451612903
height: 0.0262182958107723
Area: 0.00023936145763428602
CentroidX: 0.2692
CentroidY: 0.1389
