Location: Dedata_31.png_Gaussian-Closing.png
Component: component_1755503061929_88.png
centerX: 0.646774193548387
centerY: 0.12482188657737248
width: 0.028629032258064516
height: 0.029923055001424906
Area: 0.000310032267257467
CentroidX: 0.6628
CentroidY: 0.1396
