Location: Dedata_31.png_Gaussian-Closing.png
Component: component_1755503061935_118.png
centerX: 0.012903225806451613
centerY: 0.17640353377030493
width: 0.025806451612903226
height: 0.027358221715588486
Area: 0.00027739729175668096
CentroidX: 0.0260
CentroidY: 0.1907
