Location: Dedata_31.png_Mean-Closing.png
Component: component_1755503061374_220.png
centerX: 0.014919354838709677
centerY: 0.39897406668566543
width: 0.03306451612903226
height: 0.032487888287261325
Area: 0.0004336774561266421
CentroidX: 0.0324
CentroidY: 0.4165
