Location: Dedata_31.png_Gaussian-Closing.png
Component: component_1755503061938_135.png
centerX: 0.2955645161290323
centerY: 0.20832145910515817
width: 0.027016129032258064
height: 0.02707324023938444
Area: 0.00025498947407128213
CentroidX: 0.3119
CentroidY: 0.2218
