Location: Dedata_31.png_Gaussian-Closing.png
Component: component_1755503061983_320.png
centerX: 0.7826612903225807
centerY: 0.6531775434596752
width: 0.03870967741935484
height: 0.028783129096608722
Area: 0.00036139788010553506
CentroidX: 0.8031
CentroidY: 0.6678
