Location: Dedata_31.png_Mean-Closing.png
Component: component_1755503061379_239.png
centerX: 0.020161290322580645
centerY: 0.44656597321174124
width: 0.03387096774193549
height: 0.027643203191792535
Area: 0.0004150617306649261
CentroidX: 0.0366
CentroidY: 0.4609
