Location: Dedata_31.png_Otsu.png
Component: component_1755503061511_125.png
centerX: 0.21370967741935484
centerY: 0.1273867198632089
width: 0.02258064516129032
height: 0.025933314334568254
Area: 0.0002444175805991965
CentroidX: 0.2260
CentroidY: 0.1409
