Location: internet_2.png_Mean-Medain.png
Component: component_1755095281633_79.png
centerX: 0.15356711003627568
centerY: 0.19076133447390933
width: 0.03869407496977025
height: 0.034787567721699456
Area: 0.0005301770501721265
CentroidX: 0.1760
CentroidY: 0.2087
