Location: internet_2.png_Gaussian-Closing.png
Component: component_1755095281403_19.png
centerX: 0.053204353083434096
centerY: 0.032506415739948676
width: 0.03788794840790004
height: 0.03421727972626176
Area: 0.0005306367744731645
CentroidX: 0.0747
CentroidY: 0.0494
