Location: Dedata_31.png_Gaussian-Closing.png
Component: component_1755503061938_132.png
centerX: 0.5951612903225807
centerY: 0.20404673696209746
width: 0.02217741935483871
height: 0.024793388429752067
Area: 0.00023315621581371406
CentroidX: 0.6064
CentroidY: 0.2161
