Location: Dedata_31.png_Mean-Medain.png
Component: component_1755503060963_218.png
centerX: 0.6584677419354839
centerY: 0.3784554003989741
width: 0.03508064516129032
height: 0.030777999430037048
Area: 0.0004391932266338172
CentroidX: 0.6762
CentroidY: 0.3949
