Location: Dedata_31.png_Gaussian-Closing.png
Component: component_1755503061998_357.png
centerX: 0.7600806451612904
centerY: 0.7520661157024794
width: 0.04153225806451613
height: 0.03505272157309775
Area: 0.0005131964809384164
CentroidX: 0.7819
CentroidY: 0.7702
