Location: internet_2.png_Mean-Closing.png
Component: component_1755095280940_30.png
centerX: 0.8291011688835147
centerY: 0.020245223838038208
width: 0.039500201531640466
height: 0.03934987168520103
Area: 0.0006637269596236789
CentroidX: 0.8489
CentroidY: 0.0398
