Location: Dedata_31.png_Gaussian-Closing.png
Component: component_1755503061946_160.png
centerX: 0.10403225806451613
centerY: 0.2579082359646623
width: 0.022983870967741935
height: 0.029353092049016812
Area: 0.00025430000275788523
CentroidX: 0.1156
CentroidY: 0.2724
