Location: internet_2.png_Gaussian-Median.png
Component: component_1755095280821_47.png
centerX: 0.7480854494155582
centerY: 0.11320216709438266
width: 0.028617492946392584
height: 0.031936127744510975
Area: 0.00041949842469721693
CentroidX: 0.7628
CentroidY: 0.1291
