Location: internet_2.png_Gaussian-Median.png
Component: component_1755095280840_119.png
centerX: 0.09552599758162031
centerY: 0.2985457656116339
width: 0.032648125755743655
height: 0.03364699173082407
Area: 0.00042742866889012324
CentroidX: 0.1146
CentroidY: 0.3158
