Location: internet_2.png_Gaussian-Median.png
Component: component_1755095280862_207.png
centerX: 0.4671503426037888
centerY: 0.5226689478186484
width: 0.03305118903667876
height: 0.03051040775591674
Area: 0.0003955927610432386
CentroidX: 0.4858
CentroidY: 0.5387
