Location: internet_2.png_Mean-Medain.png
Component: component_1755095281658_190.png
centerX: 0.8137847642079806
centerY: 0.5004277159965783
width: 0.029826682789197905
height: 0.03222127174222983
Area: 0.00042938249716953494
CentroidX: 0.8306
CentroidY: 0.5161
