Location: Dedata_31.png_Gaussian-Closing.png
Component: component_1755503061945_156.png
centerX: 0.2870967741935484
centerY: 0.2467939583927045
width: 0.025
height: 0.029068110572812767
Area: 0.00028590077128857593
CentroidX: 0.3007
CentroidY: 0.2620
