Location: internet_2.png_Mean-Closing.png
Component: component_1755095280962_100.png
centerX: 0.5671100362756953
centerY: 0.22070145423438836
width: 0.03305118903667876
height: 0.032506415739948676
Area: 0.00043535891308302954
CentroidX: 0.5865
CentroidY: 0.2356
