Location: Dedata_31.png_Gaussian-Closing.png
Component: component_1755503062011_383.png
centerX: 0.18870967741935485
centerY: 0.8096323738956968
width: 0.04395161290322581
height: 0.0347677400968937
Area: 0.0005162991018487024
CentroidX: 0.2129
CentroidY: 0.8264
