Location: Dedata_31.png_Otsu.png
Component: component_1755503061827_1055.png
centerX: 0.06814516129032258
centerY: 0.71900826446281
width: 0.04435483870967742
height: 0.03163294385864919
Area: 0.0004137976999236985
CentroidX: 0.0923
CentroidY: 0.7348
