Location: Dedata_31.png_Mean-Closing.png
Component: component_1755503061364_178.png
centerX: 0.05806451612903226
centerY: 0.30635508691935026
width: 0.02903225806451613
height: 0.029923055001424906
Area: 0.0003068147344616148
CentroidX: 0.0734
CentroidY: 0.3213
