Location: Dedata_31.png_Otsu.png
Component: component_1755503061487_22.png
centerX: 0.12298387096774194
centerY: 0.007694499857509262
width: 0.027419354838709678
height: 0.03305785123966942
Area: 0.0003497917796633541
CentroidX: 0.1376
CentroidY: 0.0243
