Location: Dedata_31.png_Gaussian-Closing.png
Component: component_1755503061910_29.png
centerX: 0.7338709677419355
centerY: 0.04217725847819892
width: 0.02258064516129032
height: 0.031062980906241093
Area: 0.00032106380827181716
CentroidX: 0.7461
CentroidY: 0.0585
