Location: Dedata_31.png_Mean-Medain.png
Component: component_1755503060922_62.png
centerX: 0.6096774193548387
centerY: 0.08178968367056141
width: 0.024193548387096774
height: 0.027358221715588486
Area: 0.00026418242491657394
CentroidX: 0.6228
CentroidY: 0.0962
