Location: Dedata_31.png_Mean-Closing.png
Component: component_1755503061369_200.png
centerX: 0.008870967741935484
centerY: 0.35280706754060986
width: 0.037096774193548385
height: 0.03163294385864919
Area: 0.00029900072624311675
CentroidX: 0.0309
CentroidY: 0.3700
