Location: Dedata_31.png_Mean-Medain.png
Component: component_1755503060952_170.png
centerX: 0.8092741935483871
centerY: 0.2841265317754346
width: 0.029838709677419355
height: 0.024508406953548018
Area: 0.00026923854788148447
CentroidX: 0.8252
CentroidY: 0.2962
