Location: Dedata_31.png_Mean-Closing.png
Component: component_1755503061411_351.png
centerX: 0.9229838709677419
centerY: 0.7492163009404389
width: 0.03508064516129032
height: 0.033912795668281565
Area: 0.0005507726675185468
CentroidX: 0.9410
CentroidY: 0.7668
