Location: internet_2.png_Gaussian-Median.png
Component: component_1755095280859_197.png
centerX: 0.8694074969770254
centerY: 0.49700598802395207
width: 0.029826682789197905
height: 0.031936127744510975
Area: 0.0004080053171712658
CentroidX: 0.8864
CentroidY: 0.5132
