Location: Dedata_31.png_Mean-Closing.png
Component: component_1755503061378_233.png
centerX: 0.2814516129032258
centerY: 0.438871473354232
width: 0.04233870967741935
height: 0.03362781419207751
Area: 0.00046217560374704677
CentroidX: 0.3030
CentroidY: 0.4560
