Location: Dedata_31.png_Gaussian-Closing.png
Component: component_1755503061940_143.png
centerX: 0.9362903225806452
centerY: 0.23653462524935878
width: 0.027016129032258064
height: 0.03875748076375036
Area: 0.0003273839619779553
CentroidX: 0.9512
CentroidY: 0.2557
