Location: Dedata_31.png_Mean-Closing.png
Component: component_1755503061385_268.png
centerX: 0.2887096774193548
centerY: 0.524365916215446
width: 0.03790322580645161
height: 0.03277286976346538
Area: 0.0004092012245010526
CentroidX: 0.3085
CentroidY: 0.5414
