Location: Dedata_31.png_Mean-Closing.png
Component: component_1755503061426_380.png
centerX: 0.18870967741935485
centerY: 0.8096323738956968
width: 0.04395161290322581
height: 0.0347677400968937
Area: 0.0005342253559970215
CentroidX: 0.2131
CentroidY: 0.8265
