Location: internet_2.png_Mean-Closing.png
Component: component_1755095281189_196.png
centerX: 0.8694074969770254
centerY: 0.49729113202167097
width: 0.029826682789197905
height: 0.031936127744510975
Area: 0.00042938249716953494
CentroidX: 0.8864
CentroidY: 0.5134
