Location: Dedata_31.png_Mean-Medain.png
Component: component_1755503060949_156.png
centerX: 0.43548387096774194
centerY: 0.2396694214876033
width: 0.025403225806451612
height: 0.029068110572812767
Area: 0.00032393660541097085
CentroidX: 0.4494
CentroidY: 0.2543
