Location: Dedata_31.png_Mean-Medain.png
Component: component_1755503060972_259.png
centerX: 0.4963709677419355
centerY: 0.4827586206896552
width: 0.03951612903225806
height: 0.03419777714448561
Area: 0.00038438025721876466
CentroidX: 0.5178
CentroidY: 0.5003
