Location: Dedata_31.png_Gaussian-Closing.png
Component: component_1755503061992_347.png
centerX: 0.48951612903225805
centerY: 0.7118837275577088
width: 0.03790322580645161
height: 0.031917925334853235
Area: 0.00044769670616571215
CentroidX: 0.5088
CentroidY: 0.7288
