Location: Kurtxevani_1764_page_10.png_Otsu.png
Component: component_1755610055998_1856.png
centerX: 0.42588996763754045
centerY: 0.784377923292797
width: 0.016181229773462782
height: 0.0205799812909261
Area: 0.00017861413594654898
CentroidX: 0.4337
CentroidY: 0.7945
