Location: Dedata_31.png_Otsu.png
Component: component_1755503061507_96.png
centerX: 0.016935483870967744
centerY: 0.09689370190937589
width: 0.01935483870967742
height: 0.028783129096608722
Area: 0.0001598424328225117
CentroidX: 0.0296
CentroidY: 0.1140
