Location: Dedata_31.png_Otsu.png
Component: component_1755503061844_1086.png
centerX: 0.014516129032258065
centerY: 0.8079224850384725
width: 0.031451612903225803
height: 0.025078369905956112
Area: 0.0003835758740198016
CentroidX: 0.0294
CentroidY: 0.8189
