Location: Dedata_31.png_Mean-Medain.png
Component: component_1755503060959_196.png
centerX: 0.5592741935483871
centerY: 0.33713308634938727
width: 0.03306451612903226
height: 0.028783129096608722
Area: 0.00030566561560595336
CentroidX: 0.5764
CentroidY: 0.3531
