Location: Dedata_31.png_Mean-Medain.png
Component: component_1755503060932_100.png
centerX: 0.8891129032258065
centerY: 0.15702479338842976
width: 0.022983870967741935
height: 0.030777999430037048
Area: 0.00025648332858364207
CentroidX: 0.9006
CentroidY: 0.1729
