Location: internet_2.png_Mean-Closing.png
Component: component_1755095280945_42.png
centerX: 0.9496170898831117
centerY: 0.06244653550042772
width: 0.03385731559854897
height: 0.03849443969204448
Area: 0.00045443747157610843
CentroidX: 0.9701
CentroidY: 0.0816
