Location: Paraklitoni_1720_page_10.png_Mean-Medain.png
Component: component_1755610055261_534.png
centerX: 0.35746951219512196
centerY: 0.2
width: 0.012195121951219513
height: 0.013533834586466165
Area: 8.825417201540436e-05
CentroidX: 0.3629
CentroidY: 0.2067
