Location: internet_2.png_Mean-Medain.png
Component: component_1755095281614_14.png
centerX: 0.9411527609834744
centerY: 0.019389791844881665
width: 0.03788794840790004
height: 0.03877958368976333
Area: 0.0005863783459740277
CentroidX: 0.9608
CentroidY: 0.0370
