Location: Dedata_31.png_Mean-Closing.png
Component: component_1755503061310_69.png
centerX: 0.016129032258064516
centerY: 0.09689370190937589
width: 0.020161290322580645
height: 0.029068110572812767
Area: 0.00017972218902545528
CentroidX: 0.0295
CentroidY: 0.1139
