Location: Dedata_31.png_Mean-Medain.png
Component: component_1755503060964_220.png
centerX: 0.5116935483870968
centerY: 0.38387004844685096
width: 0.037096774193548385
height: 0.03277286976346538
Area: 0.0005102087719136965
CentroidX: 0.5289
CentroidY: 0.4012
