Location: Dedata_31.png_Mean-Medain.png
Component: component_1755503060947_148.png
centerX: 0.8975806451612903
centerY: 0.23738956967797092
width: 0.018951612903225806
height: 0.031917925334853235
Area: 0.00018535287141819654
CentroidX: 0.9104
CentroidY: 0.2555
