Location: internet_2.png_Mean-Medain.png
Component: component_1755095281622_49.png
centerX: 0.7956469165659008
centerY: 0.11120615911035073
width: 0.028214429665457477
height: 0.035357855717137156
Area: 0.00045098953931832313
CentroidX: 0.8118
CentroidY: 0.1294
