Location: Dedata_31.png_Mean-Medain.png
Component: component_1755503060932_102.png
centerX: 0.7661290322580645
centerY: 0.15844970076944997
width: 0.02217741935483871
height: 0.029068110572812767
Area: 0.0002651017200011032
CentroidX: 0.7781
CentroidY: 0.1734
