Location: Dedata_31.png_Mean-Medain.png
Component: component_1755503060953_171.png
centerX: 0.6504032258064516
centerY: 0.2852664576802508
width: 0.03790322580645161
height: 0.029068110572812767
Area: 0.0003044015848647257
CentroidX: 0.6711
CentroidY: 0.3000
