Location: Dedata_31.png_Mean-Closing.png
Component: component_1755503061396_312.png
centerX: 0.07338709677419354
centerY: 0.6292390994585352
width: 0.032661290322580645
height: 0.029923055001424906
Area: 0.00031612259719247283
CentroidX: 0.0905
CentroidY: 0.6451
