Location: internet_2.png_Mean-Closing.png
Component: component_1755095280951_63.png
centerX: 0.7480854494155582
centerY: 0.11320216709438266
width: 0.028617492946392584
height: 0.031936127744510975
Area: 0.0004311064632984276
CentroidX: 0.7627
CentroidY: 0.1291
