Location: Dedata_31.png_Mean-Closing.png
Component: component_1755503061323_110.png
centerX: 0.2064516129032258
centerY: 0.17184383015104018
width: 0.025806451612903226
height: 0.028783129096608722
Area: 0.00029877090247198447
CentroidX: 0.2214
CentroidY: 0.1876
