Location: internet_2.png_Mean-Medain.png
Component: component_1755095281664_217.png
centerX: 0.3482466747279323
centerY: 0.5902480752780154
width: 0.03667875856509472
height: 0.03592814371257485
Area: 0.00046524099265050255
CentroidX: 0.3697
CentroidY: 0.6083
