Location: Dedata_31.png_Gaussian-Closing.png
Component: component_1755503061943_147.png
centerX: 0.49112903225806454
centerY: 0.23881447705899117
width: 0.025
height: 0.028783129096608722
Area: 0.00031876557056049424
CentroidX: 0.5048
CentroidY: 0.2535
