Location: internet_2.png_Gaussian-Closing.png
Component: component_1755095281427_64.png
centerX: 0.44014510278113667
centerY: 0.17194183062446536
width: 0.02902055622732769
height: 0.033361847733105215
Area: 0.0004259345649117496
CentroidX: 0.4565
CentroidY: 0.1884
