Location: Dedata_31.png_Mean-Closing.png
Component: component_1755503061403_340.png
centerX: 0.5923387096774193
centerY: 0.707609005414648
width: 0.03306451612903226
height: 0.033912795668281565
Area: 0.00046045192546355455
CentroidX: 0.6094
CentroidY: 0.7249
