Location: Kurtxevani_1794_page_10.png_Mean-Medain.png
Component: component_1755610054621_606.png
centerX: 0.2647574517825833
centerY: 0.13133539003966505
width: 0.012857977790765635
height: 0.01498457470251212
Area: 0.00012209386339242178
CentroidX: 0.2706
CentroidY: 0.1383
