Location: Dedata_31.png_Gaussian-Closing.png
Component: component_1755503061983_318.png
centerX: 0.9399193548387097
centerY: 0.6497577657452266
width: 0.03306451612903226
height: 0.029923055001424906
Area: 0.0003848399047610292
CentroidX: 0.9573
CentroidY: 0.6655
