Location: Dedata_31.png_Mean-Medain.png
Component: component_1755503060965_225.png
centerX: 0.25806451612903225
centerY: 0.3887147335423197
width: 0.03508064516129032
height: 0.03220290681105728
Area: 0.0004497651201059028
CentroidX: 0.2752
CentroidY: 0.4056
