Location: internet_2.png_Mean-Closing.png
Component: component_1755095280955_78.png
centerX: 0.0354695687222894
centerY: 0.15112631879098945
width: 0.03385731559854897
height: 0.037639007698887936
Area: 0.0006008596614567261
CentroidX: 0.0534
CentroidY: 0.1701
