Location: internet_2.png_Gaussian-Median.png
Component: component_1755095280824_54.png
centerX: 0.31761386537686415
centerY: 0.1283147989734816
width: 0.0354695687222894
height: 0.04020530367835757
Area: 0.0005175346318935803
CentroidX: 0.3392
CentroidY: 0.1491
