Location: Dedata_31.png_Otsu.png
Component: component_1755503061512_129.png
centerX: 0.10725806451612903
centerY: 0.13080649757765744
width: 0.024193548387096774
height: 0.025933314334568254
Area: 0.00022522729570964985
CentroidX: 0.1204
CentroidY: 0.1447
