Location: internet_2.png_Gaussian-Median.png
Component: component_1755095280867_229.png
centerX: 0.9387343812978638
centerY: 0.6030795551753636
width: 0.03426037887948408
height: 0.03136583974907328
Area: 0.0003812263766357996
CentroidX: 0.9580
CentroidY: 0.6190
