Location: Dedata_31.png_Otsu.png
Component: component_1755503061549_362.png
centerX: 0.1721774193548387
centerY: 0.3468224565403249
width: 0.028225806451612902
height: 0.03134796238244514
Area: 0.00022660623833644362
CentroidX: 0.1876
CentroidY: 0.3632
