Location: Dedata_31.png_Gaussian-Closing.png
Component: component_1755503061992_349.png
centerX: 0.255241935483871
centerY: 0.7150185237959532
width: 0.042741935483870966
height: 0.03362781419207751
Area: 0.00045355721232958566
CentroidX: 0.2782
CentroidY: 0.7322
