Location: Dedata_31.png_Otsu.png
Component: component_1755503061545_310.png
centerX: 0.05806451612903226
centerY: 0.30635508691935026
width: 0.028629032258064516
height: 0.029923055001424906
Area: 0.00026165436343411874
CentroidX: 0.0734
CentroidY: 0.3212
