Location: Dedata_31.png_Otsu.png
Component: component_1755503061543_302.png
centerX: 0.2939516129032258
centerY: 0.2938159019663722
width: 0.03387096774193549
height: 0.03590766600170989
Area: 0.0003172717160481343
CentroidX: 0.3122
CentroidY: 0.3118
