Location: Dedata_31.png_Gaussian-Closing.png
Component: component_1755503061986_331.png
centerX: 0.2254032258064516
centerY: 0.6697064690795098
width: 0.03306451612903226
height: 0.03220290681105728
Area: 0.00033221026117173354
CentroidX: 0.2417
CentroidY: 0.6872
