Location: Paraklitoni_1720_page_10.png_Mean-Medain.png
Component: component_1755610055357_1542.png
centerX: 0.3018292682926829
centerY: 0.5528822055137844
width: 0.012957317073170731
height: 0.013032581453634085
Area: 0.00010009780548933308
CentroidX: 0.3079
CentroidY: 0.5597
