Location: Dedata_31.png_Mean-Closing.png
Component: component_1755503061380_243.png
centerX: 0.7532258064516129
centerY: 0.47050441721288117
width: 0.03588709677419355
height: 0.031917925334853235
Area: 0.0003526645768025078
CentroidX: 0.7732
CentroidY: 0.4872
