Location: Dedata_31.png_Mean-Closing.png
Component: component_1755503061390_288.png
centerX: 0.2407258064516129
centerY: 0.5750926189797663
width: 0.0375
height: 0.03505272157309775
Area: 0.0003639259415879903
CentroidX: 0.2601
CentroidY: 0.5936
