Location: Dedata_31.png_Gaussian-Closing.png
Component: component_1755503061940_142.png
centerX: 0.8483870967741935
centerY: 0.23624964377315474
width: 0.027016129032258064
height: 0.03818751781134226
Area: 0.00035025142720561874
CentroidX: 0.8619
CentroidY: 0.2560
