Location: Dedata_31.png_Mean-Medain.png
Component: component_1755503061005_368.png
centerX: 0.8120967741935484
centerY: 0.750071245369051
width: 0.041935483870967745
height: 0.03590766600170989
Area: 0.000541579716673255
CentroidX: 0.8322
CentroidY: 0.7691
