Location: internet_2.png_Gaussian-Median.png
Component: component_1755095280876_261.png
centerX: 0.49012494961708986
centerY: 0.6803535785571714
width: 0.03345425231761386
height: 0.03222127174222983
Area: 0.0003975465893226503
CentroidX: 0.5087
CentroidY: 0.6971
