Location: Dedata_31.png_Gaussian-Closing.png
Component: component_1755503061987_334.png
centerX: 0.0657258064516129
centerY: 0.6742661726987745
width: 0.03588709677419355
height: 0.029923055001424906
Area: 0.00030727438200387944
CentroidX: 0.0834
CentroidY: 0.6892
