Location: Dedata_31.png_Mean-Medain.png
Component: component_1755503061004_366.png
centerX: 0.015725806451612902
centerY: 0.7204331718438302
width: 0.038306451612903226
height: 0.032487888287261325
Area: 0.0004566598332398717
CentroidX: 0.0364
CentroidY: 0.7367
