Location: Dedata_31.png_Mean-Closing.png
Component: component_1755503061354_146.png
centerX: 0.65
centerY: 0.23881447705899117
width: 0.024596774193548387
height: 0.031917925334853235
Area: 0.0003422075952159884
CentroidX: 0.6619
CentroidY: 0.2550
