Location: Dedata_31.png_Otsu.png
Component: component_1755503061533_264.png
centerX: 0.5423387096774194
centerY: 0.2390994585351952
width: 0.024596774193548387
height: 0.02792818466799658
Area: 0.0002870498901442374
CentroidX: 0.5554
CentroidY: 0.2544
