Location: Dedata_31.png_Gaussian-Closing.png
Component: component_1755503061990_341.png
centerX: 0.6370967741935484
centerY: 0.7044742091764036
width: 0.037096774193548385
height: 0.0353377030493018
Area: 0.0005052675608343523
CentroidX: 0.6573
CentroidY: 0.7224
