Location: Dedata_31.png_Mean-Closing.png
Component: component_1755503061266_12.png
centerX: 0.9471774193548387
centerY: 0.003419777714448561
width: 0.028225806451612902
height: 0.029923055001424906
Area: 0.0003497917796633541
CentroidX: 0.9605
CentroidY: 0.0186
