Location: Dedata_31.png_Mean-Closing.png
Component: component_1755503061301_46.png
centerX: 0.0125
centerY: 0.05471644343117697
width: 0.027822580645161292
height: 0.02792818466799658
Area: 0.00031313488816775295
CentroidX: 0.0262
CentroidY: 0.0686
