Location: Dedata_31.png_Otsu.png
Component: component_1755503061522_232.png
centerX: 0.3967741935483871
centerY: 0.20404673696209746
width: 0.024193548387096774
height: 0.030208036477628954
Area: 0.0002506228224197685
CentroidX: 0.4098
CentroidY: 0.2187
