Location: internet_2.png_Mean-Closing.png
Component: component_1755095280953_73.png
centerX: 0.1483272873841193
centerY: 0.1420017108639863
width: 0.03426037887948408
height: 0.036783575705731396
Area: 0.0005512094369446171
CentroidX: 0.1685
CentroidY: 0.1598
