Location: Dedata_31.png_Gaussian-Closing.png
Component: component_1755503061939_137.png
centerX: 0.1528225806451613
centerY: 0.213451125676831
width: 0.02661290322580645
height: 0.026503277286976348
Area: 0.0002462561707682549
CentroidX: 0.1675
CentroidY: 0.2269
