Location: Dedata_31.png_Otsu.png
Component: component_1755503061519_221.png
centerX: 0.49274193548387096
centerY: 0.19806212596181247
width: 0.025403225806451612
height: 0.03220290681105728
Area: 0.00025671315235477435
CentroidX: 0.5062
CentroidY: 0.2130
