Location: internet_2.png_Mean-Closing.png
Component: component_1755095281160_188.png
centerX: 0.5288190245868601
centerY: 0.47191331622469346
width: 0.03667875856509472
height: 0.03364699173082407
Area: 0.00045225378114617775
CentroidX: 0.5488
CentroidY: 0.4889
