Location: Dedata_31.png_Gaussian-Closing.png
Component: component_1755503061967_256.png
centerX: 0.44556451612903225
centerY: 0.4861783984041037
width: 0.039112903225806454
height: 0.03277286976346538
Area: 0.00043448183932560513
CentroidX: 0.4681
CentroidY: 0.5038
