Location: Dedata_31.png_Mean-Closing.png
Component: component_1755503061318_97.png
centerX: 0.8512096774193548
centerY: 0.15873468224565404
width: 0.020161290322580645
height: 0.029068110572812767
Area: 0.0002500482629919378
CentroidX: 0.8612
CentroidY: 0.1735
