Location: Dedata_31.png_Mean-Closing.png
Component: component_1755503061392_296.png
centerX: 0.9125
centerY: 0.6055856369335993
width: 0.03467741935483871
height: 0.029353092049016812
Area: 0.0003031375541234981
CentroidX: 0.9294
CentroidY: 0.6218
