Location: internet_2.png_Mean-Closing.png
Component: component_1755095280946_45.png
centerX: 0.7835550181378477
centerY: 0.06928999144568007
width: 0.03184199919387344
height: 0.036213287710293696
Area: 0.00043846205211503633
CentroidX: 0.8022
CentroidY: 0.0873
