Location: internet_2.png_Gaussian-Closing.png
Component: component_1755095281400_15.png
centerX: 0.6255542120112858
centerY: 0.02623324779013402
width: 0.03990326481257558
height: 0.04220131166238951
Area: 0.0006660255811288691
CentroidX: 0.6460
CentroidY: 0.0469
