Location: Dedata_31.png_Gaussian-Closing.png
Component: component_1755503061981_311.png
centerX: 0.23588709677419356
centerY: 0.6215445996010259
width: 0.03387096774193549
height: 0.03334283271587347
Area: 0.0003130199762821868
CentroidX: 0.2541
CentroidY: 0.6381
