Location: Dedata_31.png_Otsu.png
Component: component_1755503061531_246.png
centerX: 0.012903225806451613
centerY: 0.21858079224850385
width: 0.025403225806451612
height: 0.0262182958107723
Area: 0.00022327379365502531
CentroidX: 0.0285
CentroidY: 0.2315
