Location: internet_2.png_Mean-Medain.png
Component: component_1755095281659_191.png
centerX: 0.7605804111245466
centerY: 0.5015682919874537
width: 0.032648125755743655
height: 0.03136583974907328
Area: 0.0004115681805043107
CentroidX: 0.7800
CentroidY: 0.5179
