Location: Dedata_31.png_Otsu.png
Component: component_1755503061763_853.png
centerX: 0.5826612903225806
centerY: 0.6622969506982046
width: 0.03467741935483871
height: 0.02707324023938444
Area: 0.00014996001066382297
CentroidX: 0.6025
CentroidY: 0.6745
