Location: internet_2.png_Mean-Medain.png
Component: component_1755095281674_261.png
centerX: 0.8182184602982668
centerY: 0.7199885942400912
width: 0.04312777106005643
height: 0.035357855717137156
Area: 0.0005112134227543071
CentroidX: 0.8415
CentroidY: 0.7380
