Location: internet_2.png_Mean-Closing.png
Component: component_1755095281251_234.png
centerX: 0.04312777106005643
centerY: 0.6164813230681494
width: 0.03305118903667876
height: 0.03450242372398061
Area: 0.0004699531667361425
CentroidX: 0.0621
CentroidY: 0.6331
