Location: internet_2.png_Gaussian-Median.png
Component: component_1755095280838_113.png
centerX: 0.5030229746070133
centerY: 0.281437125748503
width: 0.03667875856509472
height: 0.03364699173082407
Area: 0.0004728264436176303
CentroidX: 0.5213
CentroidY: 0.2989
