Location: internet_2.png_Mean-Closing.png
Component: component_1755095281187_195.png
centerX: 0.9193873438129786
centerY: 0.4958654120330767
width: 0.030632809351068116
height: 0.03364699173082407
Area: 0.00043869191426555536
CentroidX: 0.9372
CentroidY: 0.5123
