Location: internet_2.png_Mean-Closing.png
Component: component_1755095280973_136.png
centerX: 0.38694074969770254
centerY: 0.3307670373538637
width: 0.027408303103587262
height: 0.03649843170801255
Area: 0.00044857598673787337
CentroidX: 0.4022
CentroidY: 0.3495
