Location: Dedata_31.png_Gaussian-Closing.png
Component: component_1755503062010_378.png
centerX: 0.9387096774193548
centerY: 0.8010829296095754
width: 0.034274193548387094
height: 0.032487888287261325
Area: 0.0004680361099109203
CentroidX: 0.9563
CentroidY: 0.8186
