Location: internet_2.png_Mean-Closing.png
Component: component_1755095280963_105.png
centerX: 0.2728738411930673
centerY: 0.23638437410892502
width: 0.031035872632003223
height: 0.03222127174222983
Area: 0.00047696396232697273
CentroidX: 0.2904
CentroidY: 0.2524
