Location: internet_2.png_Gaussian-Closing.png
Component: component_1755095281424_60.png
centerX: 0.6852075775896815
centerY: 0.15911035072711718
width: 0.032648125755743655
height: 0.03051040775591674
Area: 0.00041306228448268433
CentroidX: 0.7033
CentroidY: 0.1746
