Location: Dedata_31.png_Mean-Medain.png
Component: component_1755503060922_64.png
centerX: 0.5681451612903226
centerY: 0.08264462809917356
width: 0.02217741935483871
height: 0.029923055001424906
Area: 0.0002678596052546907
CentroidX: 0.5812
CentroidY: 0.0975
