Location: Dedata_31.png_Mean-Closing.png
Component: component_1755503061343_122.png
centerX: 0.869758064516129
centerY: 0.1989170703904246
width: 0.01975806451612903
height: 0.02707324023938444
Area: 0.0002306281543312588
CentroidX: 0.8791
CentroidY: 0.2123
