Location: internet_2.png_Mean-Medain.png
Component: component_1755095281663_213.png
centerX: 0.5908907698508666
centerY: 0.5725691474194469
width: 0.03345425231761386
height: 0.031080695751354435
Area: 0.00046443647512368593
CentroidX: 0.6101
CentroidY: 0.5881
