Location: Dedata_31.png_Gaussian-Closing.png
Component: component_1755503061954_197.png
centerX: 0.4129032258064516
centerY: 0.3408378455400399
width: 0.03024193548387097
height: 0.031062980906241093
Area: 0.00024924387979297476
CentroidX: 0.4291
CentroidY: 0.3577
