Location: Dedata_31.png_Otsu.png
Component: component_1755503061597_516.png
centerX: 0.7040322580645161
centerY: 0.5178113422627529
width: 0.03225806451612903
height: 0.02792818466799658
Area: 0.00024591143511155646
CentroidX: 0.7190
CentroidY: 0.5328
