Location: Dedata_31.png_Mean-Closing.png
Component: component_1755503061389_286.png
centerX: 0.49798387096774194
centerY: 0.567113137646053
width: 0.03387096774193549
height: 0.032487888287261325
Area: 0.00035680140468288916
CentroidX: 0.5173
CentroidY: 0.5839
