Location: internet_2.png_Gaussian-Median.png
Component: component_1755095280862_209.png
centerX: 0.3438129786376461
centerY: 0.5317935557456516
width: 0.03426037887948408
height: 0.03136583974907328
Area: 0.0003939837259896054
CentroidX: 0.3625
CentroidY: 0.5481
