Location: internet_2.png_Mean-Closing.png
Component: component_1755095281198_200.png
centerX: 0.10600564288593309
centerY: 0.502708867978329
width: 0.031035872632003223
height: 0.02879954376960365
Area: 0.0004047872470639995
CentroidX: 0.1233
CentroidY: 0.5172
