Location: internet_2.png_Gaussian-Closing.png
Component: component_1755095281531_227.png
centerX: 0.16444981862152358
centerY: 0.6575420587396635
width: 0.03667875856509472
height: 0.034787567721699456
Area: 0.00046098854286590063
CentroidX: 0.1853
CentroidY: 0.6749
