Location: internet_2.png_Mean-Medain.png
Component: component_1755095281654_176.png
centerX: 0.6960902861749295
centerY: 0.4630738522954092
width: 0.029826682789197905
height: 0.03022526375819789
Area: 0.00037639927147490015
CentroidX: 0.7137
CentroidY: 0.4787
