Location: Kurtxevani_1764_page_10.png_Otsu.png
Component: component_1755610055855_752.png
centerX: 0.39870550161812296
centerY: 0.23573433115060805
width: 0.015533980582524271
height: 0.019176800748362956
Area: 0.00014410225205179205
CentroidX: 0.4059
CentroidY: 0.2446
