Location: Dedata_31.png_Otsu.png
Component: component_1755503061568_456.png
centerX: 0.8516129032258064
centerY: 0.4682245654032488
width: 0.03306451612903226
height: 0.027643203191792535
Area: 0.0002544149146434514
CentroidX: 0.8694
CentroidY: 0.4830
