Location: Dedata_31.png_Gaussian-Closing.png
Component: component_1755503061980_305.png
centerX: 0.6282258064516129
centerY: 0.6115702479338843
width: 0.03951612903225806
height: 0.033912795668281565
Area: 0.00034002426939023155
CentroidX: 0.6513
CentroidY: 0.6285
