Location: internet_2.png_Mean-Closing.png
Component: component_1755095280973_133.png
centerX: 0.6207174526400645
centerY: 0.3219275734245794
width: 0.030632809351068116
height: 0.03307670373538637
Area: 0.00045754061060811527
CentroidX: 0.6375
CentroidY: 0.3384
