Location: internet_2.png_Gaussian-Median.png
Component: component_1755095280877_264.png
centerX: 0.3704151551793632
centerY: 0.6877673224978614
width: 0.032245062474808545
height: 0.03364699173082407
Area: 0.0004101890076011965
CentroidX: 0.3877
CentroidY: 0.7054
