Location: Dedata_31.png_Mean-Closing.png
Component: component_1755503061351_138.png
centerX: 0.0125
centerY: 0.21829581077229981
width: 0.02620967741935484
height: 0.026788258763180393
Area: 0.0002617692753196849
CentroidX: 0.0283
CentroidY: 0.2313
