Location: Kurtxevani_1794_page_10.png_Mean-Medain.png
Component: component_1755610054592_434.png
centerX: 0.40561075394506135
centerY: 0.07712648743940062
width: 0.014611338398597311
height: 0.015866020273248127
Area: 0.00012698792120772982
CentroidX: 0.4129
CentroidY: 0.0846
