Location: Dedata_31.png_Mean-Medain.png
Component: component_1755503060975_271.png
centerX: 0.7504032258064516
centerY: 0.5141065830721003
width: 0.038306451612903226
height: 0.03163294385864919
Area: 0.00033738129602221015
CentroidX: 0.7696
CentroidY: 0.5313
