Location: Dedata_31.png_Mean-Closing.png
Component: component_1755503061343_123.png
centerX: 0.7778225806451613
centerY: 0.19977201481903675
width: 0.024596774193548387
height: 0.026788258763180393
Area: 0.00027417975896082885
CentroidX: 0.7909
CentroidY: 0.2136
