Location: Dedata_31.png_Gaussian-Closing.png
Component: component_1755503061910_30.png
centerX: 0.4866935483870968
centerY: 0.04331718438301511
width: 0.024596774193548387
height: 0.02707324023938444
Area: 0.00028004026512470237
CentroidX: 0.4997
CentroidY: 0.0575
