Location: Dedata_31.png_Otsu.png
Component: component_1755503061503_68.png
centerX: 0.4213709677419355
centerY: 0.07950983186092904
width: 0.021774193548387097
height: 0.033912795668281565
Area: 0.0002516570293898638
CentroidX: 0.4330
CentroidY: 0.0976
