Location: Dedata_31.png_Mean-Medain.png
Component: component_1755503060978_282.png
centerX: 0.23911290322580644
centerY: 0.5292106013109148
width: 0.038306451612903226
height: 0.02792818466799658
Area: 0.00037645133711470044
CentroidX: 0.2589
CentroidY: 0.5434
