Location: internet_2.png_Gaussian-Closing.png
Component: component_1755095281430_66.png
centerX: 0.3268843208383716
centerY: 0.18078129455374964
width: 0.03184199919387344
height: 0.033361847733105215
Area: 0.00046753961415569277
CentroidX: 0.3449
CentroidY: 0.1978
