Location: Dedata_31.png_Gaussian-Closing.png
Component: component_1755503061953_192.png
centerX: 0.5592741935483871
centerY: 0.33713308634938727
width: 0.03306451612903226
height: 0.028498147620404674
Area: 0.00028785427334320044
CentroidX: 0.5765
CentroidY: 0.3530
