Location: Dedata_31.png_Mean-Medain.png
Component: component_1755503060943_135.png
centerX: 0.646774193548387
centerY: 0.20347677400968936
width: 0.016935483870967744
height: 0.025933314334568254
Area: 0.0001485810680370292
CentroidX: 0.6574
CentroidY: 0.2184
