Location: Dedata_31.png_Gaussian-Closing.png
Component: component_1755503061918_53.png
centerX: 0.7455645161290323
centerY: 0.07808492447990881
width: 0.02258064516129032
height: 0.028498147620404674
Area: 0.0002603903326928911
CentroidX: 0.7583
CentroidY: 0.0930
