Location: Dedata_31.png_Mean-Medain.png
Component: component_1755503060944_138.png
centerX: 0.25040322580645163
centerY: 0.20718153320034197
width: 0.02379032258064516
height: 0.029068110572812767
Area: 0.0002879691852287666
CentroidX: 0.2630
CentroidY: 0.2220
