Location: Dedata_31.png_Mean-Closing.png
Component: component_1755503061418_362.png
centerX: 0.4350806451612903
centerY: 0.7594756340837846
width: 0.035483870967741936
height: 0.031062980906241093
Area: 0.000490329015710753
CentroidX: 0.4524
CentroidY: 0.7759
