Location: Dedata_31.png_Gaussian-Closing.png
Component: component_1755503061939_139.png
centerX: 0.11088709677419355
centerY: 0.21544599601025932
width: 0.01653225806451613
height: 0.0262182958107723
Area: 0.00013743461513711285
CentroidX: 0.1214
CentroidY: 0.2309
