Location: Dedata_31.png_Otsu.png
Component: component_1755503061763_854.png
centerX: 0.4935483870967742
centerY: 0.6628669136506127
width: 0.021774193548387097
height: 0.029068110572812767
Area: 9.273389165188134e-05
CentroidX: 0.5069
CentroidY: 0.6753
