Location: internet_2.png_Mean-Medain.png
Component: component_1755095281653_170.png
centerX: 0.10479645304312778
centerY: 0.44938694040490446
width: 0.032245062474808545
height: 0.03165098374679213
Area: 0.0004524836432966968
CentroidX: 0.1222
CentroidY: 0.4660
