Location: Dedata_31.png_Otsu.png
Component: component_1755503061547_332.png
centerX: 0.5592741935483871
centerY: 0.33713308634938727
width: 0.032661290322580645
height: 0.028498147620404674
Area: 0.00023648866049513233
CentroidX: 0.5766
CentroidY: 0.3530
