Location: Dedata_31.png_Otsu.png
Component: component_1755503061767_865.png
centerX: 0.2254032258064516
centerY: 0.6697064690795098
width: 0.032661290322580645
height: 0.029353092049016812
Area: 0.0001946607341490545
CentroidX: 0.2421
CentroidY: 0.6840
