Location: Dedata_31.png_Otsu.png
Component: component_1755503061569_458.png
centerX: 0.7536290322580645
centerY: 0.47050441721288117
width: 0.03508064516129032
height: 0.031917925334853235
Area: 0.0003062401750337841
CentroidX: 0.7732
CentroidY: 0.4870
