Location: Dedata_31.png_Mean-Closing.png
Component: component_1755503061304_51.png
centerX: 0.7044354838709678
centerY: 0.07836990595611286
width: 0.021370967741935483
height: 0.030493017953833
Area: 0.00027544378970205646
CentroidX: 0.7161
CentroidY: 0.0950
