Location: internet_2.png_Gaussian-Median.png
Component: component_1755095280813_20.png
centerX: 0.264006449012495
centerY: 0.027944111776447105
width: 0.04796453043127771
height: 0.043912175648702596
Area: 0.000724870291661739
CentroidX: 0.2899
CentroidY: 0.0502
