Location: Kurtxevani_1794_page_10.png_Mean-Medain.png
Component: component_1755610055042_2025.png
centerX: 0.21800116890707188
centerY: 0.6311150286469811
width: 0.018702513150204558
height: 0.02247686205376818
Area: 0.00019061067280673442
CentroidX: 0.2274
CentroidY: 0.6417
