Location: internet_2.png_Mean-Medain.png
Component: component_1755095281675_263.png
centerX: 0.7122128174123338
centerY: 0.7265469061876247
width: 0.030632809351068116
height: 0.033361847733105215
Area: 0.0004738608232949659
CentroidX: 0.7298
CentroidY: 0.7433
