Location: Dedata_31.png_Mean-Closing.png
Component: component_1755503061389_283.png
centerX: 0.555241935483871
centerY: 0.5648332858364207
width: 0.039919354838709675
height: 0.03277286976346538
Area: 0.00035461807885713237
CentroidX: 0.5746
CentroidY: 0.5834
