Location: Paraklitoni_1720_page_10.png_Mean-Medain.png
Component: component_1755610055366_1636.png
centerX: 0.18216463414634146
centerY: 0.5919799498746867
width: 0.012195121951219513
height: 0.012531328320802004
Area: 8.94003300935265e-05
CentroidX: 0.1882
CentroidY: 0.5983
