Location: Dedata_31.png_Mean-Medain.png
Component: component_1755503061011_388.png
centerX: 0.7661290322580645
centerY: 0.798803077799943
width: 0.03790322580645161
height: 0.03619264747791394
Area: 0.0005320420301712647
CentroidX: 0.7864
CentroidY: 0.8166
