Location: internet_2.png_Gaussian-Median.png
Component: component_1755095280820_43.png
centerX: 0.9508262797259169
centerY: 0.1080695751354434
width: 0.03506650544135429
height: 0.033361847733105215
Area: 0.0004598392321133055
CentroidX: 0.9706
CentroidY: 0.1243
