Location: internet_2.png_Mean-Medain.png
Component: component_1755095281646_133.png
centerX: 0.10116888351471182
centerY: 0.3481608212147134
width: 0.03184199919387344
height: 0.03450242372398061
Area: 0.00048156120533735317
CentroidX: 0.1189
CentroidY: 0.3659
