Location: Dedata_31.png_Gaussian-Closing.png
Component: component_1755503061959_223.png
centerX: 0.06411290322580646
centerY: 0.39840410373325735
width: 0.03185483870967742
height: 0.03362781419207751
Area: 0.00040908631261548647
CentroidX: 0.0805
CentroidY: 0.4158
