Location: internet_2.png_Mean-Closing.png
Component: component_1755095280972_130.png
centerX: 0.7948407900040306
centerY: 0.3093812375249501
width: 0.036275695284159616
height: 0.030795551753635585
Area: 0.0004331752226530988
CentroidX: 0.8156
CentroidY: 0.3250
