Location: Dedata_31.png_Mean-Closing.png
Component: component_1755503061396_313.png
centerX: 0.8891129032258065
centerY: 0.6494727842690226
width: 0.03508064516129032
height: 0.030208036477628954
Area: 0.00038150746007961097
CentroidX: 0.9077
CentroidY: 0.6651
