Location: internet_2.png_Mean-Closing.png
Component: component_1755095281209_211.png
centerX: 0.16283756549778317
centerY: 0.5486170516110636
width: 0.032245062474808545
height: 0.03136583974907328
Area: 0.0004140966641600199
CentroidX: 0.1814
CentroidY: 0.5645
