Location: Dedata_31.png_Mean-Medain.png
Component: component_1755503060973_262.png
centerX: 0.06653225806451613
centerY: 0.48589341692789967
width: 0.04112903225806452
height: 0.031062980906241093
Area: 0.00033324446814182886
CentroidX: 0.0889
CentroidY: 0.5015
