Location: Paraklitoni_1720_page_10.png_Mean-Medain.png
Component: component_1755610055279_708.png
centerX: 0.21265243902439024
centerY: 0.26015037593984963
width: 0.011432926829268292
height: 0.013032581453634085
Area: 8.214132893208632e-05
CentroidX: 0.2181
CentroidY: 0.2664
