Location: internet_2.png_Mean-Medain.png
Component: component_1755095281639_104.png
centerX: 0.7275292220878677
centerY: 0.2668947818648417
width: 0.0354695687222894
height: 0.033932135728542916
Area: 0.0004491506421141709
CentroidX: 0.7462
CentroidY: 0.2845
