Location: internet_2.png_Gaussian-Closing.png
Component: component_1755095281423_58.png
centerX: 0.7896009673518742
centerY: 0.15169660678642716
width: 0.03385731559854897
height: 0.03279155973766752
Area: 0.00044823119351209486
CentroidX: 0.8081
CentroidY: 0.1694
