Location: Paraklitoni_1720_page_10.png_Mean-Medain.png
Component: component_1755610055396_1818.png
centerX: 0.21951219512195122
centerY: 0.6546365914786968
width: 0.012957317073170731
height: 0.013533834586466165
Area: 8.672596124457486e-05
CentroidX: 0.2256
CentroidY: 0.6612
