Location: internet_2.png_Mean-Medain.png
Component: component_1755095281638_102.png
centerX: 0.781136638452237
centerY: 0.2600513259195894
width: 0.045949214026602174
height: 0.03706871970345024
Area: 0.000594768314467972
CentroidX: 0.8058
CentroidY: 0.2786
