Location: internet_2.png_Gaussian-Median.png
Component: component_1755095280880_278.png
centerX: 0.6533655783958081
centerY: 0.7291132021670944
width: 0.03184199919387344
height: 0.03279155973766752
Area: 0.0004405308114697076
CentroidX: 0.6710
CentroidY: 0.7451
