Location: Dedata_31.png_Mean-Closing.png
Component: component_1755503061316_90.png
centerX: 0.012903225806451613
centerY: 0.134226275292106
width: 0.01975806451612903
height: 0.028498147620404674
Area: 0.0002757885253587549
CentroidX: 0.0231
CentroidY: 0.1488
