Location: Dedata_31.png_Otsu.png
Component: component_1755503061546_318.png
centerX: 0.7028225806451613
centerY: 0.32801367911085777
width: 0.031451612903225803
height: 0.03163294385864919
Area: 0.00022269923422719458
CentroidX: 0.7182
CentroidY: 0.3450
