Location: Dedata_31.png_Otsu.png
Component: component_1755503061667_660.png
centerX: 0.8596774193548387
centerY: 0.6064405813622115
width: 0.03346774193548387
height: 0.02792818466799658
Area: 0.0002251123838240837
CentroidX: 0.8763
CentroidY: 0.6209
