Location: internet_2.png_Gaussian-Closing.png
Component: component_1755095281454_132.png
centerX: 0.5800080612656187
centerY: 0.37439406900484745
width: 0.032648125755743655
height: 0.03364699173082407
Area: 0.00043558877523354857
CentroidX: 0.5977
CentroidY: 0.3910
