Location: Dedata_31.png_Otsu.png
Component: component_1755503061538_292.png
centerX: 0.7032258064516129
centerY: 0.2852664576802508
width: 0.03508064516129032
height: 0.024793388429752067
Area: 0.000209024719844823
CentroidX: 0.7229
CentroidY: 0.2976
