Location: Dedata_31.png_Gaussian-Closing.png
Component: component_1755503062010_379.png
centerX: 0.8790322580645161
centerY: 0.8025078369905956
width: 0.043548387096774194
height: 0.034482758620689655
Area: 0.0005368683293650429
CentroidX: 0.9025
CentroidY: 0.8199
