Location: Dedata_31.png_Mean-Closing.png
Component: component_1755503061272_21.png
centerX: 0.5435483870967742
centerY: 0.04132231404958678
width: 0.017338709677419354
height: 0.029068110572812767
Area: 0.0001677713529265759
CentroidX: 0.5546
CentroidY: 0.0579
