Location: Dedata_31.png_Mean-Closing.png
Component: component_1755503061378_236.png
centerX: 0.22620967741935483
centerY: 0.44200626959247646
width: 0.039919354838709675
height: 0.030493017953833
Area: 0.0004049494847351051
CentroidX: 0.2471
CentroidY: 0.4572
