Location: internet_2.png_Mean-Closing.png
Component: component_1755095280971_128.png
centerX: 0.958484482063684
centerY: 0.3059595095523239
width: 0.03184199919387344
height: 0.034787567721699456
Area: 0.0004505298150172851
CentroidX: 0.9759
CentroidY: 0.3234
