Location: Dedata_31.png_Mean-Medain.png
Component: component_1755503060948_151.png
centerX: 0.6495967741935483
centerY: 0.23852949558278713
width: 0.025
height: 0.03220290681105728
Area: 0.0003425523308726868
CentroidX: 0.6619
CentroidY: 0.2550
