Location: Dedata_31.png_Mean-Medain.png
Component: component_1755503060943_134.png
centerX: 0.5951612903225807
centerY: 0.20376175548589343
width: 0.02217741935483871
height: 0.02536335138216016
Area: 0.0002453368756837257
CentroidX: 0.6064
CentroidY: 0.2161
