Location: Dedata_31.png_Gaussian-Closing.png
Component: component_1755503061922_72.png
centerX: 0.01653225806451613
centerY: 0.09689370190937589
width: 0.01975806451612903
height: 0.029068110572812767
Area: 0.0001730572996626187
CentroidX: 0.0296
CentroidY: 0.1140
