Location: Dedata_31.png_Gaussian-Closing.png
Component: component_1755503061936_123.png
centerX: 0.8237903225806451
centerY: 0.19806212596181247
width: 0.024596774193548387
height: 0.02792818466799658
Area: 0.00027475431838865956
CentroidX: 0.8366
CentroidY: 0.2128
