Location: Dedata_31.png_Mean-Medain.png
Component: component_1755503060953_172.png
centerX: 0.7032258064516129
centerY: 0.2852664576802508
width: 0.035483870967741936
height: 0.024793388429752067
Area: 0.00025338070767335605
CentroidX: 0.7230
CentroidY: 0.2978
