Location: Dedata_31.png_Mean-Medain.png
Component: component_1755503061009_382.png
centerX: 0.07741935483870968
centerY: 0.762325448845825
width: 0.03870967741935484
height: 0.032487888287261325
Area: 0.0005188271633311577
CentroidX: 0.0981
CentroidY: 0.7784
