Location: internet_2.png_Mean-Closing.png
Component: component_1755095281037_172.png
centerX: 0.46634421604191856
centerY: 0.4231536926147705
width: 0.03506650544135429
height: 0.03507271171941831
Area: 0.0004659305791020596
CentroidX: 0.4868
CentroidY: 0.4399
