Location: Dedata_31.png_Mean-Medain.png
Component: component_1755503060953_174.png
centerX: 0.603225806451613
centerY: 0.286406383585067
width: 0.029838709677419355
height: 0.03163294385864919
Area: 0.0002760183491298872
CentroidX: 0.6194
CentroidY: 0.3031
