Location: Dedata_31.png_Otsu.png
Component: component_1755503061599_517.png
centerX: 0.6491935483870968
centerY: 0.5189512681675691
width: 0.03387096774193549
height: 0.029353092049016812
Area: 0.00024326846174353505
CentroidX: 0.6670
CentroidY: 0.5342
