Location: internet_2.png_Gaussian-Closing.png
Component: component_1755095281416_46.png
centerX: 0.505844417573559
centerY: 0.12375249500998003
width: 0.03184199919387344
height: 0.03279155973766752
Area: 0.0004465072273832022
CentroidX: 0.5235
CentroidY: 0.1398
