Location: Kurtxevani_1764_page_10.png_Otsu.png
Component: component_1755610055922_1157.png
centerX: 0.5469255663430421
centerY: 0.44948550046772684
width: 0.013592233009708738
height: 0.018709073900841908
Area: 0.00017558677771016678
CentroidX: 0.5536
CentroidY: 0.4581
