Location: Dedata_31.png_Otsu.png
Component: component_1755503061765_858.png
centerX: 0.330241935483871
centerY: 0.6654317469364491
width: 0.029838709677419355
height: 0.027643203191792535
Area: 0.00014134161924636188
CentroidX: 0.3471
CentroidY: 0.6791
