Location: Dedata_31.png_Gaussian-Closing.png
Component: component_1755503061963_240.png
centerX: 0.22620967741935483
centerY: 0.44200626959247646
width: 0.039919354838709675
height: 0.030493017953833
Area: 0.00039058549903933664
CentroidX: 0.2471
CentroidY: 0.4573
