Location: Dedata_31.png_Mean-Medain.png
Component: component_1755503060930_90.png
centerX: 0.5975806451612903
centerY: 0.12453690510116842
width: 0.027016129032258064
height: 0.030777999430037048
Area: 0.00033944970996240085
CentroidX: 0.6133
CentroidY: 0.1404
