Location: Dedata_31.png_Otsu.png
Component: component_1755503061657_601.png
centerX: 0.34233870967741936
centerY: 0.5773724707893987
width: 0.038306451612903226
height: 0.032487888287261325
Area: 0.00025475965030014985
CentroidX: 0.3612
CentroidY: 0.5931
