Location: Dedata_31.png_Gaussian-Closing.png
Component: component_1755503061962_234.png
centerX: 0.38548387096774195
centerY: 0.43573667711598746
width: 0.034274193548387094
height: 0.03134796238244514
Area: 0.0003874828781290506
CentroidX: 0.4024
CentroidY: 0.4521
