Location: Dedata_31.png_Otsu.png
Component: component_1755503061501_53.png
centerX: 0.012903225806451613
centerY: 0.05471644343117697
width: 0.027419354838709678
height: 0.02792818466799658
Area: 0.0002792358819257393
CentroidX: 0.0263
CentroidY: 0.0686
