Location: internet_2.png_Mean-Closing.png
Component: component_1755095281148_184.png
centerX: 0.7492946392583636
centerY: 0.4585115483319076
width: 0.03385731559854897
height: 0.031080695751354435
Area: 0.0004075455928702278
CentroidX: 0.7682
CentroidY: 0.4745
