Location: Kurtxevani_1794_page_10.png_Mean-Medain.png
Component: component_1755610054877_1108.png
centerX: 0.23378141437755698
centerY: 0.30674305861613044
width: 0.013442431326709527
height: 0.01498457470251212
Area: 0.00012930615912024417
CentroidX: 0.2401
CentroidY: 0.3137
