Location: Dedata_31.png_Gaussian-Closing.png
Component: component_1755503061944_149.png
centerX: 0.65
centerY: 0.23881447705899117
width: 0.024596774193548387
height: 0.031917925334853235
Area: 0.0003254304599233308
CentroidX: 0.6620
CentroidY: 0.2549
