Location: Dedata_31.png_Mean-Closing.png
Component: component_1755503061374_218.png
centerX: 0.11048387096774194
centerY: 0.39669421487603307
width: 0.03467741935483871
height: 0.03163294385864919
Area: 0.000402536335138216
CentroidX: 0.1294
CentroidY: 0.4120
