Location: Dedata_31.png_Mean-Medain.png
Component: component_1755503061008_379.png
centerX: 0.2032258064516129
centerY: 0.7597606155599886
width: 0.043548387096774194
height: 0.03590766600170989
Area: 0.0005419244523299534
CentroidX: 0.2251
CentroidY: 0.7793
