Location: internet_2.png_Mean-Medain.png
Component: component_1755095281662_206.png
centerX: 0.8782748891575978
centerY: 0.5551753635585971
width: 0.03426037887948408
height: 0.029654975762760195
Area: 0.0003652509571747275
CentroidX: 0.8977
CentroidY: 0.5696
