Location: Dedata_31.png_Mean-Medain.png
Component: component_1755503060965_228.png
centerX: 0.1625
centerY: 0.3921345112567683
width: 0.03064516129032258
height: 0.03334283271587347
Area: 0.00042494415282361484
CentroidX: 0.1785
CentroidY: 0.4090
