Location: internet_2.png_Mean-Closing.png
Component: component_1755095281294_282.png
centerX: 0.09834744054816606
centerY: 0.7601938979184488
width: 0.03184199919387344
height: 0.030795551753635585
Area: 0.0004382321899645173
CentroidX: 0.1169
CentroidY: 0.7755
