Location: Dedata_31.png_Otsu.png
Component: component_1755503061506_81.png
centerX: 0.2217741935483871
centerY: 0.09033912795668282
width: 0.02620967741935484
height: 0.028783129096608722
Area: 0.00026958328353818295
CentroidX: 0.2366
CentroidY: 0.1046
