Location: Dedata_31.png_Otsu.png
Component: component_1755503061502_63.png
centerX: 0.7048387096774194
centerY: 0.07836990595611286
width: 0.020967741935483872
height: 0.030208036477628954
Area: 0.0002380974268930584
CentroidX: 0.7162
CentroidY: 0.0948
