Location: Dedata_31.png_Mean-Closing.png
Component: component_1755503061364_181.png
centerX: 0.9423387096774194
centerY: 0.32231404958677684
width: 0.027419354838709678
height: 0.03419777714448561
Area: 0.0002652166318866693
CentroidX: 0.9577
CentroidY: 0.3398
