Location: Kurtxevani_1794_page_10.png_Mean-Medain.png
Component: component_1755610054900_1246.png
centerX: 0.3652834599649328
centerY: 0.35786690171881885
width: 0.012857977790765635
height: 0.015866020273248127
Area: 0.0001378063647994634
CentroidX: 0.3714
CentroidY: 0.3655
