Location: internet_2.png_Gaussian-Closing.png
Component: component_1755095281537_248.png
centerX: 0.8182184602982668
centerY: 0.7199885942400912
width: 0.04312777106005643
height: 0.035357855717137156
Area: 0.000490295967057076
CentroidX: 0.8414
CentroidY: 0.7380
