Location: Dedata_31.png_Otsu.png
Component: component_1755503061530_242.png
centerX: 0.05846774193548387
centerY: 0.21544599601025932
width: 0.027822580645161292
height: 0.02963807352522086
Area: 0.0002483245847084456
CentroidX: 0.0751
CentroidY: 0.2297
