Location: Dedata_31.png_Mean-Closing.png
Component: component_1755503061317_96.png
centerX: 0.7665322580645161
centerY: 0.15844970076944997
width: 0.021774193548387097
height: 0.029068110572812767
Area: 0.0002652166318866693
CentroidX: 0.7781
CentroidY: 0.1734
