Location: internet_2.png_Mean-Closing.png
Component: component_1755095281202_206.png
centerX: 0.4671503426037888
centerY: 0.5226689478186484
width: 0.03305118903667876
height: 0.030795551753635585
Area: 0.0004171998031920267
CentroidX: 0.4859
CentroidY: 0.5389
