Location: Dedata_31.png_Mean-Medain.png
Component: component_1755503060967_236.png
centerX: 0.7826612903225807
centerY: 0.42348247363921343
width: 0.03064516129032258
height: 0.026788258763180393
Area: 0.0003218681914707802
CentroidX: 0.7983
CentroidY: 0.4376
