Location: internet_2.png_Mean-Closing.png
Component: component_1755095281211_215.png
centerX: 0.04312777106005643
centerY: 0.5583119475335044
width: 0.03506650544135429
height: 0.036213287710293696
Area: 0.0005091446633996359
CentroidX: 0.0633
CentroidY: 0.5760
