Location: Paraklitoni_1720_page_10.png_Mean-Medain.png
Component: component_1755610055290_826.png
centerX: 0.28277439024390244
centerY: 0.30275689223057645
width: 0.020579268292682928
height: 0.013032581453634085
Area: 0.00010888501742160279
CentroidX: 0.2920
CentroidY: 0.3081
