Location: Dedata_31.png_Gaussian-Closing.png
Component: component_1755503061905_17.png
centerX: 0.17258064516129032
centerY: 0.006554573952693075
width: 0.029838709677419355
height: 0.03505272157309775
Area: 0.000379209222368288
CentroidX: 0.1905
CentroidY: 0.0239
