Location: Dedata_31.png_Otsu.png
Component: component_1755503061552_421.png
centerX: 0.5116935483870968
centerY: 0.384155029923055
width: 0.03669354838709677
height: 0.03220290681105728
Area: 0.00045953263037902536
CentroidX: 0.5290
CentroidY: 0.4014
