Location: Kurtxevani_1764_page_10.png_Otsu.png
Component: component_1755610055959_1483.png
centerX: 0.6258899676375405
centerY: 0.6010289990645463
width: 0.016828478964401296
height: 0.0205799812909261
Area: 0.00019889743613030962
CentroidX: 0.6341
CentroidY: 0.6112
