Location: Dedata_31.png_Mean-Medain.png
Component: component_1755503061009_383.png
centerX: 0.13830645161290323
centerY: 0.7620404673696209
width: 0.042741935483870966
height: 0.03419777714448561
Area: 0.0005207806653857822
CentroidX: 0.1613
CentroidY: 0.7790
