Location: internet_2.png_Mean-Closing.png
Component: component_1755095280943_38.png
centerX: 0.264006449012495
centerY: 0.027944111776447105
width: 0.04796453043127771
height: 0.04419731964642144
Area: 0.0007515343011219456
CentroidX: 0.2899
CentroidY: 0.0503
