Location: internet_2.png_Gaussian-Median.png
Component: component_1755095280823_51.png
centerX: 0.5054413542926239
centerY: 0.12375249500998003
width: 0.032245062474808545
height: 0.03279155973766752
Area: 0.00044823119351209486
CentroidX: 0.5235
CentroidY: 0.1398
