Location: Dedata_31.png_Otsu.png
Component: component_1755503061515_170.png
centerX: 0.5399193548387097
centerY: 0.16357936734112283
width: 0.02258064516129032
height: 0.027358221715588486
Area: 0.00018512304764706423
CentroidX: 0.5531
CentroidY: 0.1774
