Location: Dedata_31.png_Otsu.png
Component: component_1755503061840_1074.png
centerX: 0.13870967741935483
centerY: 0.7620404673696209
width: 0.04233870967741935
height: 0.033912795668281565
Area: 0.0004704492595078094
CentroidX: 0.1612
CentroidY: 0.7789
