Location: Dedata_31.png_Otsu.png
Component: component_1755503061496_36.png
centerX: 0.7834677419354839
centerY: 0.0438871473354232
width: 0.02379032258064516
height: 0.02963807352522086
Area: 0.00030371211355132886
CentroidX: 0.7954
CentroidY: 0.0597
