Location: Dedata_31.png_Mean-Medain.png
Component: component_1755503061011_389.png
centerX: 0.4782258064516129
centerY: 0.8007979481333714
width: 0.03870967741935484
height: 0.03619264747791394
Area: 0.0005096342124858658
CentroidX: 0.4998
CentroidY: 0.8185
