Location: Dedata_31.png_Mean-Closing.png
Component: component_1755503061316_93.png
centerX: 0.8092741935483871
centerY: 0.15645483043602165
width: 0.02338709677419355
height: 0.03134796238244514
Area: 0.0002605052445784572
CentroidX: 0.8201
CentroidY: 0.1727
