Location: Dedata_31.png_Mean-Closing.png
Component: component_1755503061398_319.png
centerX: 0.6782258064516129
centerY: 0.6594471359361641
width: 0.03508064516129032
height: 0.030208036477628954
Area: 0.0002522315888176946
CentroidX: 0.6963
CentroidY: 0.6751
