Location: Dedata_31.png_Otsu.png
Component: component_1755503061486_21.png
centerX: 0.06854838709677419
centerY: 0.007409518381305215
width: 0.027016129032258064
height: 0.03220290681105728
Area: 0.00034737863006646506
CentroidX: 0.0841
CentroidY: 0.0241
