Location: Dedata_31.png_Gaussian-Closing.png
Component: component_1755503061934_113.png
centerX: 0.2064516129032258
centerY: 0.17184383015104018
width: 0.025806451612903226
height: 0.028498147620404674
Area: 0.0002853262118607452
CentroidX: 0.2213
CentroidY: 0.1876
