Location: Dedata_31.png_Otsu.png
Component: component_1755503061482_5.png
centerX: 0.2830645161290323
centerY: 0.002564833285836421
width: 0.027822580645161292
height: 0.03505272157309775
Area: 0.0003041717610935934
CentroidX: 0.2979
CentroidY: 0.0203
