Location: internet_2.png_Mean-Medain.png
Component: component_1755095281676_268.png
centerX: 0.48125755743651755
centerY: 0.739093242087254
width: 0.03143893591293833
height: 0.03022526375819789
Area: 0.00044926557318943045
CentroidX: 0.4996
CentroidY: 0.7543
