Location: internet_2.png_Mean-Medain.png
Component: component_1755095281659_192.png
centerX: 0.10560257960499798
centerY: 0.502708867978329
width: 0.03143893591293833
height: 0.0290846877673225
Area: 0.0004075455928702278
CentroidX: 0.1232
CentroidY: 0.5172
