Location: Dedata_31.png_Gaussian-Closing.png
Component: component_1755503061953_195.png
centerX: 0.46088709677419354
centerY: 0.3396979196352237
width: 0.03024193548387097
height: 0.030777999430037048
Area: 0.0002603903326928911
CentroidX: 0.4771
CentroidY: 0.3554
