Location: Dedata_31.png_Gaussian-Closing.png
Component: component_1755503061942_145.png
centerX: 0.802016129032258
centerY: 0.237674551154175
width: 0.027822580645161292
height: 0.033912795668281565
Area: 0.0003428970665293853
CentroidX: 0.8164
CentroidY: 0.2552
