Location: internet_2.png_Mean-Closing.png
Component: component_1755095281253_239.png
centerX: 0.47964530431277713
centerY: 0.632164242942686
width: 0.03506650544135429
height: 0.03051040775591674
Area: 0.00042558977168597107
CentroidX: 0.4998
CentroidY: 0.6479
