Location: internet_2.png_Gaussian-Median.png
Component: component_1755095280846_144.png
centerX: 0.7367996775493753
centerY: 0.36726546906187624
width: 0.03385731559854897
height: 0.03450242372398061
Area: 0.000450070090716247
CentroidX: 0.7542
CentroidY: 0.3852
