Location: internet_2.png_Gaussian-Median.png
Component: component_1755095280854_179.png
centerX: 0.8520757758968158
centerY: 0.4513829483889364
width: 0.03143893591293833
height: 0.032506415739948676
Area: 0.00039708686502161223
CentroidX: 0.8696
CentroidY: 0.4682
