Location: Dedata_31.png_Otsu.png
Component: component_1755503061838_1067.png
centerX: 0.4879032258064516
centerY: 0.7566258193217441
width: 0.03669354838709677
height: 0.033912795668281565
Area: 0.0004557405381553425
CentroidX: 0.5067
CentroidY: 0.7752
