Location: internet_2.png_Mean-Closing.png
Component: component_1755095281253_241.png
centerX: 0.3607416364369206
centerY: 0.6421442828628457
width: 0.03385731559854897
height: 0.031080695751354435
Area: 0.0004488058488883924
CentroidX: 0.3795
CentroidY: 0.6585
