Location: Kurtxevani_1784_page_10.png_Gaussian-Closing.png
Component: component_1755610055717_135.png
centerX: 0.04736275565123789
centerY: 0.16653386454183267
width: 0.021528525296017224
height: 0.02390438247011952
Area: 0.0003885427075336973
CentroidX: 0.0582
CentroidY: 0.1779
