Location: internet_2.png_Gaussian-Median.png
Component: component_1755095280856_186.png
centerX: 0.6432889963724304
centerY: 0.46678072426575423
width: 0.03426037887948408
height: 0.034787567721699456
Area: 0.0004170848721167672
CentroidX: 0.6626
CentroidY: 0.4841
