Location: internet_2.png_Gaussian-Closing.png
Component: component_1755095281502_170.png
centerX: 0.40588472390165253
centerY: 0.4804676361562589
width: 0.037081821846029824
height: 0.03136583974907328
Area: 0.00041742966534254574
CentroidX: 0.4267
CentroidY: 0.4963
