Location: internet_2.png_Mean-Closing.png
Component: component_1755095281197_198.png
centerX: 0.8137847642079806
centerY: 0.5007128599942972
width: 0.029423619508262798
height: 0.031936127744510975
Area: 0.00042857797964271837
CentroidX: 0.8306
CentroidY: 0.5161
