Location: Dedata_31.png_Otsu.png
Component: component_1755503061553_424.png
centerX: 0.3556451612903226
centerY: 0.38728982616129953
width: 0.03467741935483871
height: 0.032487888287261325
Area: 0.000428161685619467
CentroidX: 0.3729
CentroidY: 0.4053
