Location: Dedata_31.png_Mean-Closing.png
Component: component_1755503061275_28.png
centerX: 0.6850806451612903
centerY: 0.042462239954402965
width: 0.024596774193548387
height: 0.03163294385864919
Area: 0.0003126752406254884
CentroidX: 0.6982
CentroidY: 0.0591
