Location: Dedata_31.png_Mean-Closing.png
Component: component_1755503061401_329.png
centerX: 0.12056451612903225
centerY: 0.6734112282701624
width: 0.03467741935483871
height: 0.030777999430037048
Area: 0.0003231322222120078
CentroidX: 0.1385
CentroidY: 0.6889
