Location: internet_2.png_Mean-Closing.png
Component: component_1755095280981_152.png
centerX: 0.5800080612656187
centerY: 0.37439406900484745
width: 0.032648125755743655
height: 0.03364699173082407
Area: 0.00045328816082351335
CentroidX: 0.5977
CentroidY: 0.3909
