Location: internet_2.png_Mean-Medain.png
Component: component_1755095281657_186.png
centerX: 0.22007255139056833
centerY: 0.4938694040490448
width: 0.03426037887948408
height: 0.03421727972626176
Area: 0.0004667350966288762
CentroidX: 0.2396
CentroidY: 0.5116
