Location: Dedata_31.png_Otsu.png
Component: component_1755503061645_591.png
centerX: 0.555241935483871
centerY: 0.5648332858364207
width: 0.03951612903225806
height: 0.031062980906241093
Area: 0.00023028341867456034
CentroidX: 0.5761
CentroidY: 0.5807
