Location: internet_2.png_Mean-Medain.png
Component: component_1755095281669_241.png
centerX: 0.8238613462313583
centerY: 0.6606786427145709
width: 0.031035872632003223
height: 0.035357855717137156
Area: 0.00046167812931745766
CentroidX: 0.8405
CentroidY: 0.6788
