Location: Dedata_31.png_Mean-Closing.png
Component: component_1755503061273_24.png
centerX: 0.9112903225806451
centerY: 0.04189227700199487
width: 0.02620967741935484
height: 0.03220290681105728
Area: 0.00032336204598314015
CentroidX: 0.9248
CentroidY: 0.0576
