Location: Dedata_31.png_Mean-Closing.png
Component: component_1755503061394_305.png
centerX: 0.5149193548387097
centerY: 0.6161299515531491
width: 0.04314516129032258
height: 0.03277286976346538
Area: 0.0003098024434863347
CentroidX: 0.5393
CentroidY: 0.6318
