Location: Dedata_31.png_Gaussian-Closing.png
Component: component_1755503061921_65.png
centerX: 0.2854838709677419
centerY: 0.0877742946708464
width: 0.016935483870967744
height: 0.029353092049016812
Area: 0.00017627483245847084
CentroidX: 0.2954
CentroidY: 0.1046
