Location: Dedata_31.png_Mean-Medain.png
Component: component_1755503060994_332.png
centerX: 0.7826612903225807
centerY: 0.6528925619834711
width: 0.03870967741935484
height: 0.029068110572812767
Area: 0.00037645133711470044
CentroidX: 0.8032
CentroidY: 0.6678
