Location: internet_2.png_Gaussian-Closing.png
Component: component_1755095281438_86.png
centerX: 0.15437323659814592
centerY: 0.24294268605645852
width: 0.03426037887948408
height: 0.03307670373538637
Area: 0.000484894206519879
CentroidX: 0.1745
CentroidY: 0.2597
