Location: Paraklitoni_1720_page_10.png_Mean-Medain.png
Component: component_1755610055687_2426.png
centerX: 0.7545731707317073
centerY: 0.8867167919799499
width: 0.011432926829268292
height: 0.013032581453634085
Area: 9.551317317684455e-05
CentroidX: 0.7599
CentroidY: 0.8934
