Location: internet_2.png_Gaussian-Closing.png
Component: component_1755095281433_72.png
centerX: 0.9568722289399436
centerY: 0.20273738237810093
width: 0.031035872632003223
height: 0.033361847733105215
Area: 0.0004330602915778393
CentroidX: 0.9746
CentroidY: 0.2199
