Location: internet_2.png_Mean-Medain.png
Component: component_1755095281647_141.png
centerX: 0.6267634018540911
centerY: 0.3729683490162532
width: 0.036275695284159616
height: 0.03222127174222983
Area: 0.0004856987240466956
CentroidX: 0.6467
CentroidY: 0.3893
