Location: internet_2.png_Mean-Closing.png
Component: component_1755095280947_52.png
centerX: 0.39379282547359934
centerY: 0.08240661534074707
width: 0.042724707779121324
height: 0.035357855717137156
Area: 0.0005207527020008465
CentroidX: 0.4197
CentroidY: 0.0999
