Location: Dedata_31.png_Otsu.png
Component: component_1755503061645_590.png
centerX: 0.6568548387096774
centerY: 0.5645483043602166
width: 0.035483870967741936
height: 0.031917925334853235
Area: 0.00023924654574871988
CentroidX: 0.6743
CentroidY: 0.5815
