Location: Dedata_31.png_Mean-Medain.png
Component: component_1755503060929_85.png
centerX: 0.3016129032258065
centerY: 0.12282701624394414
width: 0.02620967741935484
height: 0.027358221715588486
Area: 0.0003206041607295526
CentroidX: 0.3153
CentroidY: 0.1380
