Location: Dedata_31.png_Otsu.png
Component: component_1755503061549_354.png
centerX: 0.26975806451612905
centerY: 0.3448275862068966
width: 0.03225806451612903
height: 0.030777999430037048
Area: 0.00021798784691898253
CentroidX: 0.2864
CentroidY: 0.3607
