Location: internet_2.png_Mean-Medain.png
Component: component_1755095281643_120.png
centerX: 0.7948407900040306
centerY: 0.3093812375249501
width: 0.036275695284159616
height: 0.030795551753635585
Area: 0.0004340946712551749
CentroidX: 0.8156
CentroidY: 0.3250
