Location: Kurtxevani_1794_page_10.png_Mean-Medain.png
Component: component_1755610055029_1866.png
centerX: 0.5002922267679719
centerY: 0.5570736007051564
width: 0.020455873758036237
height: 0.022917584839136182
Area: 0.00022255083960137642
CentroidX: 0.5107
CentroidY: 0.5682
