Location: Dedata_31.png_Gaussian-Closing.png
Component: component_1755503061982_313.png
centerX: 0.1879032258064516
centerY: 0.6241094328868624
width: 0.032661290322580645
height: 0.03277286976346538
Area: 0.00029946037378538137
CentroidX: 0.2061
CentroidY: 0.6397
