Location: Dedata_31.png_Otsu.png
Component: component_1755503061548_344.png
centerX: 0.41451612903225804
centerY: 0.3408378455400399
width: 0.028225806451612902
height: 0.030777999430037048
Area: 0.00019144320135320236
CentroidX: 0.4292
CentroidY: 0.3578
