Location: Dedata_31.png_Gaussian-Closing.png
Component: component_1755503061976_293.png
centerX: 0.39233870967741935
centerY: 0.5753776004559704
width: 0.04032258064516129
height: 0.03334283271587347
Area: 0.00035128563417571407
CentroidX: 0.4132
CentroidY: 0.5927
