Location: Dedata_31.png_Mean-Medain.png
Component: component_1755503060957_188.png
centerX: 0.015725806451612902
centerY: 0.3092049016813907
width: 0.025
height: 0.031062980906241093
Area: 0.00032554537180889693
CentroidX: 0.0283
CentroidY: 0.3248
