Location: Kurtxevani_1794_page_10.png_Mean-Medain.png
Component: component_1755610055091_2447.png
centerX: 0.19871420222092342
centerY: 0.7787571617452622
width: 0.020455873758036237
height: 0.02379903040987219
Area: 0.00021173239600964284
CentroidX: 0.2095
CentroidY: 0.7899
