Location: Dedata_31.png_Mean-Closing.png
Component: component_1755503061427_383.png
centerX: 0.3024193548387097
centerY: 0.8099173553719008
width: 0.05
height: 0.03562268452550584
Area: 0.0005452568970113717
CentroidX: 0.3289
CentroidY: 0.8274
