Location: internet_2.png_Mean-Medain.png
Component: component_1755095281649_150.png
centerX: 0.166062071745264
centerY: 0.39577986883376104
width: 0.035872632003224506
height: 0.031936127744510975
Area: 0.00043639329276036514
CentroidX: 0.1848
CentroidY: 0.4116
