Location: Dedata_31.png_Otsu.png
Component: component_1755503061492_26.png
centerX: 0.8286290322580645
centerY: 0.04103733257338273
width: 0.022983870967741935
height: 0.029068110572812767
Area: 0.00026199909909081716
CentroidX: 0.8409
CentroidY: 0.0556
