Location: internet_2.png_Gaussian-Closing.png
Component: component_1755095281488_158.png
centerX: 0.9576783555018138
centerY: 0.4482463644140291
width: 0.03143893591293833
height: 0.029940119760479042
Area: 0.00035513702255189053
CentroidX: 0.9763
CentroidY: 0.4629
