Location: Dedata_31.png_Mean-Medain.png
Component: component_1755503060938_125.png
centerX: 0.7294354838709678
centerY: 0.19806212596181247
width: 0.025
height: 0.028783129096608722
Area: 0.00027211134502063816
CentroidX: 0.7440
CentroidY: 0.2131
