Location: internet_2.png_Gaussian-Median.png
Component: component_1755095280831_84.png
centerX: 0.9044740024183797
centerY: 0.20444824636441403
width: 0.03466344216041919
height: 0.03279155973766752
Area: 0.00042340608125604034
CentroidX: 0.9244
CentroidY: 0.2205
