Location: internet_2.png_Gaussian-Median.png
Component: component_1755095280842_126.png
centerX: 0.6706972994760177
centerY: 0.317080125463359
width: 0.0354695687222894
height: 0.03450242372398061
Area: 0.00041834911394462185
CentroidX: 0.6909
CentroidY: 0.3344
