Location: Dedata_31.png_Mean-Closing.png
Component: component_1755503061419_365.png
centerX: 0.015725806451612902
centerY: 0.7611855229410088
width: 0.0407258064516129
height: 0.03220290681105728
Area: 0.0005254920526939943
CentroidX: 0.0363
CentroidY: 0.7780
