Location: Dedata_31.png_Mean-Medain.png
Component: component_1755503060978_283.png
centerX: 0.12741935483870967
centerY: 0.530350527215731
width: 0.0467741935483871
height: 0.029923055001424906
Area: 0.00036760312192610705
CentroidX: 0.1526
CentroidY: 0.5459
