Location: Dedata_31.png_Mean-Closing.png
Component: component_1755503061382_256.png
centerX: 0.3362903225806452
centerY: 0.48760330578512395
width: 0.042741935483870966
height: 0.029923055001424906
Area: 0.0003787495748260234
CentroidX: 0.3598
CentroidY: 0.5031
