Location: Dedata_31.png_Gaussian-Closing.png
Component: component_1755503061935_119.png
centerX: 0.9532258064516129
centerY: 0.1957822741521801
width: 0.02217741935483871
height: 0.025648332858364205
Area: 0.00022775535719210508
CentroidX: 0.9646
CentroidY: 0.2086
