Location: Dedata_31.png_Otsu.png
Component: component_1755503061650_593.png
centerX: 0.7076612903225806
centerY: 0.5659732117412368
width: 0.028225806451612902
height: 0.03277286976346538
Area: 0.00024809476093731324
CentroidX: 0.7217
CentroidY: 0.5829
