Location: internet_2.png_Mean-Medain.png
Component: component_1755095281655_179.png
centerX: 0.528415961305925
centerY: 0.47191331622469346
width: 0.037081821846029824
height: 0.03364699173082407
Area: 0.00045639129985552014
CentroidX: 0.5488
CentroidY: 0.4888
