Location: internet_2.png_Gaussian-Median.png
Component: component_1755095280827_69.png
centerX: 0.7424425634824667
centerY: 0.15597376675220986
width: 0.031035872632003223
height: 0.03307670373538637
Area: 0.0004252449784601925
CentroidX: 0.7591
CentroidY: 0.1730
