Location: internet_2.png_Mean-Closing.png
Component: component_1755095280956_85.png
centerX: 0.44014510278113667
centerY: 0.17194183062446536
width: 0.02902055622732769
height: 0.033361847733105215
Area: 0.00044869091781313286
CentroidX: 0.4566
CentroidY: 0.1885
