Location: Dedata_31.png_Otsu.png
Component: component_1755503061679_715.png
centerX: 0.2842741935483871
centerY: 0.622114562553434
width: 0.039919354838709675
height: 0.030493017953833
Area: 0.00018270989805017513
CentroidX: 0.3055
CentroidY: 0.6353
