Location: internet_2.png_Gaussian-Median.png
Component: component_1755095280878_266.png
centerX: 0.2418379685610641
centerY: 0.7003136583974907
width: 0.03909713825070536
height: 0.03165098374679213
Area: 0.00039743165824739074
CentroidX: 0.2623
CentroidY: 0.7167
