Location: Dedata_31.png_Mean-Closing.png
Component: component_1755503061382_254.png
centerX: 0.1254032258064516
centerY: 0.4870333428327159
width: 0.039112903225806454
height: 0.02963807352522086
Area: 0.0003556522858272277
CentroidX: 0.1459
CentroidY: 0.5020
