Location: internet_2.png_Gaussian-Closing.png
Component: component_1755095281537_250.png
centerX: 0.7710600564288593
centerY: 0.7256914741944682
width: 0.028617492946392584
height: 0.031936127744510975
Area: 0.00042271649480448326
CentroidX: 0.7871
CentroidY: 0.7412
