Location: internet_2.png_Mean-Medain.png
Component: component_1755095281643_118.png
centerX: 0.958484482063684
centerY: 0.3059595095523239
width: 0.03184199919387344
height: 0.034787567721699456
Area: 0.00045144926361936113
CentroidX: 0.9758
CentroidY: 0.3233
