Location: internet_2.png_Mean-Medain.png
Component: component_1755095281666_227.png
centerX: 0.7013301088270859
centerY: 0.6164813230681494
width: 0.036275695284159616
height: 0.032506415739948676
Area: 0.00041949842469721693
CentroidX: 0.7215
CentroidY: 0.6336
