Location: Dedata_31.png_Gaussian-Closing.png
Component: component_1755503061952_191.png
centerX: 0.6524193548387097
centerY: 0.3328583642063266
width: 0.03387096774193549
height: 0.029068110572812767
Area: 0.00031405418325228214
CentroidX: 0.6708
CentroidY: 0.3481
