Location: internet_2.png_Gaussian-Closing.png
Component: component_1755095281530_223.png
centerX: 0.2293430068520758
centerY: 0.6495580268035358
width: 0.039500201531640466
height: 0.035642999714856
Area: 0.000490295967057076
CentroidX: 0.2517
CentroidY: 0.6681
