Location: internet_2.png_Gaussian-Closing.png
Component: component_1755095281518_193.png
centerX: 0.9294639258363563
centerY: 0.5537496435700029
width: 0.037484885126964934
height: 0.03165098374679213
Area: 0.0004080053171712658
CentroidX: 0.9507
CentroidY: 0.5689
