Location: Dedata_31.png_Mean-Medain.png
Component: component_1755503060930_88.png
centerX: 0.25806451612903225
centerY: 0.12453690510116842
width: 0.020161290322580645
height: 0.026788258763180393
Area: 0.00027670782044328406
CentroidX: 0.2692
CentroidY: 0.1390
