Location: internet_2.png_Mean-Medain.png
Component: component_1755095281641_114.png
centerX: 0.15437323659814592
centerY: 0.2968349016253208
width: 0.03345425231761386
height: 0.03450242372398061
Area: 0.0004768490312517132
CentroidX: 0.1738
CentroidY: 0.3140
