Location: Dedata_31.png_Otsu.png
Component: component_1755503061836_1059.png
centerX: 0.9229838709677419
centerY: 0.7495012824166429
width: 0.03508064516129032
height: 0.03362781419207751
Area: 0.0005022798518096324
CentroidX: 0.9409
CentroidY: 0.7669
