Location: Samociqulo_1709_page_10.png_Gaussian-Median.png
Component: component_1755610056280_2933.png
centerX: 0.28206388206388205
centerY: 0.72625
width: 0.018673218673218674
height: 0.01875
Area: 0.0001802825552825553
CentroidX: 0.2920
CentroidY: 0.7349
