Location: internet_2.png_Gaussian-Median.png
Component: component_1755095280873_254.png
centerX: 0.10479645304312778
centerY: 0.6638152266894782
width: 0.0354695687222894
height: 0.028514399771884802
Area: 0.00039375386383908636
CentroidX: 0.1252
CentroidY: 0.6781
