Location: internet_2.png_Gaussian-Median.png
Component: component_1755095280870_240.png
centerX: 0.47964530431277713
centerY: 0.632164242942686
width: 0.03466344216041919
height: 0.03022526375819789
Area: 0.00040168410803199267
CentroidX: 0.4998
CentroidY: 0.6478
