Location: Dedata_31.png_Mean-Closing.png
Component: component_1755503061359_159.png
centerX: 0.8576612903225806
centerY: 0.280421772584782
width: 0.02903225806451613
height: 0.0262182958107723
Area: 0.000257977183096002
CentroidX: 0.8734
CentroidY: 0.2946
