Location: Paraklitoni_1720_page_10.png_Mean-Medain.png
Component: component_1755610055685_2420.png
centerX: 0.1913109756097561
centerY: 0.8867167919799499
width: 0.012195121951219513
height: 0.013032581453634085
Area: 9.551317317684455e-05
CentroidX: 0.1970
CentroidY: 0.8932
