Location: internet_2.png_Gaussian-Closing.png
Component: component_1755095281540_260.png
centerX: 0.22893994357114067
centerY: 0.7519247219846023
width: 0.03385731559854897
height: 0.03364699173082407
Area: 0.0004617930603927172
CentroidX: 0.2482
CentroidY: 0.7688
