Location: Dedata_31.png_Mean-Closing.png
Component: component_1755503061422_377.png
centerX: 0.4173387096774194
centerY: 0.8062125961812482
width: 0.044758064516129036
height: 0.032487888287261325
Area: 0.0005350297391959845
CentroidX: 0.4421
CentroidY: 0.8212
