Location: Dedata_31.png_Mean-Medain.png
Component: component_1755503061003_364.png
centerX: 0.12580645161290321
centerY: 0.7172983756055856
width: 0.04435483870967742
height: 0.03334283271587347
Area: 0.0004725176734480001
CentroidX: 0.1502
CentroidY: 0.7349
