Location: Dedata_31.png_Gaussian-Closing.png
Component: component_1755503061973_280.png
centerX: 0.01975806451612903
centerY: 0.5349102308349957
width: 0.039112903225806454
height: 0.02821316614420063
Area: 0.00032508572426663237
CentroidX: 0.0409
CentroidY: 0.5493
