Location: Dedata_31.png_Gaussian-Closing.png
Component: component_1755503061913_39.png
centerX: 0.28588709677419355
centerY: 0.04787688800227985
width: 0.018548387096774192
height: 0.030777999430037048
Area: 0.00017788359885639692
CentroidX: 0.2972
CentroidY: 0.0659
