Location: internet_2.png_Gaussian-Closing.png
Component: component_1755095281412_35.png
centerX: 0.1483272873841193
centerY: 0.08896492728828058
width: 0.03667875856509472
height: 0.03450242372398061
Area: 0.0005233961167318154
CentroidX: 0.1677
CentroidY: 0.1058
