Location: Dedata_31.png_Otsu.png
Component: component_1755503061731_838.png
centerX: 0.9403225806451613
centerY: 0.6497577657452266
width: 0.032661290322580645
height: 0.029923055001424906
Area: 0.0003576057878818522
CentroidX: 0.9575
CentroidY: 0.6655
