Location: Dedata_31.png_Mean-Medain.png
Component: component_1755503060976_276.png
centerX: 0.6036290322580645
centerY: 0.5229410088344257
width: 0.03346774193548387
height: 0.033912795668281565
Area: 0.00032106380827181716
CentroidX: 0.6204
CentroidY: 0.5398
