Location: internet_2.png_Mean-Closing.png
Component: component_1755095281158_185.png
centerX: 0.6960902861749295
centerY: 0.4630738522954092
width: 0.029826682789197905
height: 0.03022526375819789
Area: 0.0003726065459913363
CentroidX: 0.7136
CentroidY: 0.4786
