Location: Dedata_31.png_Otsu.png
Component: component_1755503061517_184.png
centerX: 0.25806451612903225
centerY: 0.17155884867483615
width: 0.025806451612903226
height: 0.0262182958107723
Area: 0.0002456816113404242
CentroidX: 0.2722
CentroidY: 0.1859
