Location: Dedata_31.png_Gaussian-Closing.png
Component: component_1755503061961_233.png
centerX: 0.5403225806451613
centerY: 0.4343117697349672
width: 0.03870967741935484
height: 0.030208036477628954
Area: 0.0004060986035907666
CentroidX: 0.5592
CentroidY: 0.4511
