Location: Dedata_31.png_Mean-Medain.png
Component: component_1755503060919_49.png
centerX: 0.0125
centerY: 0.05471644343117697
width: 0.027822580645161292
height: 0.02821316614420063
Area: 0.0003155480377646421
CentroidX: 0.0262
CentroidY: 0.0686
