Location: Dedata_31.png_Gaussian-Closing.png
Component: component_1755503061963_239.png
centerX: 0.1721774193548387
centerY: 0.44115132516386435
width: 0.039112903225806454
height: 0.031062980906241093
Area: 0.0003619724395333658
CentroidX: 0.1933
CentroidY: 0.4568
