Location: Kurtxevani_1764_page_10.png_Otsu.png
Component: component_1755610055917_1120.png
centerX: 0.47766990291262135
centerY: 0.4200187090739008
width: 0.016181229773462782
height: 0.019644527595884004
Area: 0.0001970810211884803
CentroidX: 0.4850
CentroidY: 0.4293
