Location: internet_2.png_Mean-Closing.png
Component: component_1755095281290_274.png
centerX: 0.5392986698911729
centerY: 0.733675506130596
width: 0.03184199919387344
height: 0.03022526375819789
Area: 0.00043857698319029587
CentroidX: 0.5577
CentroidY: 0.7487
