Location: internet_2.png_Gaussian-Median.png
Component: component_1755095280816_30.png
centerX: 0.6267634018540911
centerY: 0.0729968634160251
width: 0.032245062474808545
height: 0.03507271171941831
Area: 0.00043501411985725103
CentroidX: 0.6458
CentroidY: 0.0914
