Location: Dedata_31.png_Mean-Closing.png
Component: component_1755503061347_128.png
centerX: 0.3967741935483871
centerY: 0.20404673696209746
width: 0.024596774193548387
height: 0.030208036477628954
Area: 0.00030256299469566734
CentroidX: 0.4098
CentroidY: 0.2189
