Location: Dedata_31.png_Otsu.png
Component: component_1755503061626_523.png
centerX: 0.18669354838709679
centerY: 0.5277856939298946
width: 0.038306451612903226
height: 0.031917925334853235
Area: 0.0003086533246306732
CentroidX: 0.2069
CentroidY: 0.5452
