Location: internet_2.png_Gaussian-Median.png
Component: component_1755095280880_277.png
centerX: 0.7122128174123338
centerY: 0.7268320501853436
width: 0.030632809351068116
height: 0.03307670373538637
Area: 0.00044834612458735434
CentroidX: 0.7298
CentroidY: 0.7433
