Location: Dedata_31.png_Mean-Closing.png
Component: component_1755503061245_6.png
centerX: 0.28266129032258064
centerY: 0.002279851809632374
width: 0.028629032258064516
height: 0.0353377030493018
Area: 0.00035151545794684635
CentroidX: 0.2979
CentroidY: 0.0201
