Location: internet_2.png_Mean-Closing.png
Component: component_1755095281281_256.png
centerX: 0.5501813784764208
centerY: 0.675506130595951
width: 0.03345425231761386
height: 0.033361847733105215
Area: 0.00045662116200603916
CentroidX: 0.5673
CentroidY: 0.6933
