Location: internet_2.png_Gaussian-Closing.png
Component: component_1755095281446_106.png
centerX: 0.04191858121725111
centerY: 0.30510407755916735
width: 0.03385731559854897
height: 0.03364699173082407
Area: 0.0004728264436176303
CentroidX: 0.0609
CentroidY: 0.3223
