Location: Dedata_31.png_Mean-Medain.png
Component: component_1755503060917_40.png
centerX: 0.2342741935483871
centerY: 0.0481618694784839
width: 0.020161290322580645
height: 0.03419777714448561
Area: 0.0002021300067108541
CentroidX: 0.2471
CentroidY: 0.0689
