Location: Dedata_31.png_Mean-Medain.png
Component: component_1755503060960_203.png
centerX: 0.26975806451612905
centerY: 0.3448275862068966
width: 0.032661290322580645
height: 0.03134796238244514
Area: 0.00031141120988426073
CentroidX: 0.2865
CentroidY: 0.3613
