Location: internet_2.png_Mean-Closing.png
Component: component_1755095281286_263.png
centerX: 0.10882708585247884
centerY: 0.7100085543199316
width: 0.03506650544135429
height: 0.03136583974907328
Area: 0.00041869390717040036
CentroidX: 0.1292
CentroidY: 0.7258
