Location: Dedata_31.png_Gaussian-Closing.png
Component: component_1755503061955_205.png
centerX: 0.9403225806451613
centerY: 0.3701909375890567
width: 0.031451612903225803
height: 0.03277286976346538
Area: 0.0003758767776868697
CentroidX: 0.9576
CentroidY: 0.3872
