Location: Dedata_31.png_Mean-Medain.png
Component: component_1755503060988_318.png
centerX: 0.3419354838709677
centerY: 0.6161299515531491
width: 0.03790322580645161
height: 0.03134796238244514
Area: 0.0003861039355022569
CentroidX: 0.3640
CentroidY: 0.6329
