Location: Dedata_31.png_Mean-Closing.png
Component: component_1755503061313_79.png
centerX: 0.5379032258064517
centerY: 0.12225705329153605
width: 0.028629032258064516
height: 0.028498147620404674
Area: 0.0003278436095202199
CentroidX: 0.5550
CentroidY: 0.1369
