Location: Dedata_31.png_Mean-Medain.png
Component: component_1755503060919_51.png
centerX: 0.7846774193548387
centerY: 0.07779994300370476
width: 0.024193548387096774
height: 0.029353092049016812
Area: 0.0002661359269711985
CentroidX: 0.7985
CentroidY: 0.0933
