Location: internet_2.png_Gaussian-Median.png
Component: component_1755095280861_204.png
centerX: 0.6449012494961709
centerY: 0.5092671799258626
width: 0.03426037887948408
height: 0.03222127174222983
Area: 0.0004205328043745526
CentroidX: 0.6642
CentroidY: 0.5262
