Location: internet_2.png_Mean-Closing.png
Component: component_1755095280945_43.png
centerX: 0.8927851672712616
centerY: 0.0641573994867408
width: 0.036275695284159616
height: 0.03934987168520103
Area: 0.0004885720009281834
CentroidX: 0.9123
CentroidY: 0.0835
