Location: internet_2.png_Mean-Closing.png
Component: component_1755095280950_62.png
centerX: 0.7956469165659008
centerY: 0.11149130310806958
width: 0.02781136638452237
height: 0.03507271171941831
Area: 0.00045064474609254456
CentroidX: 0.8118
CentroidY: 0.1295
