Location: Dedata_31.png_Mean-Medain.png
Component: component_1755503060974_267.png
centerX: 0.3362903225806452
centerY: 0.4873183243089199
width: 0.04314516129032258
height: 0.030493017953833
Area: 0.0003848399047610292
CentroidX: 0.3599
CentroidY: 0.5032
