Location: Kurtxevani_1764_page_10.png_Otsu.png
Component: component_1755610055843_677.png
centerX: 0.28802588996763756
centerY: 0.20439663236669786
width: 0.015533980582524271
height: 0.019176800748362956
Area: 0.00013592838481356014
CentroidX: 0.2958
CentroidY: 0.2133
