Location: Dedata_31.png_Otsu.png
Component: component_1755503061819_1053.png
centerX: 0.19112903225806452
centerY: 0.7158734682245654
width: 0.04395161290322581
height: 0.034482758620689655
Area: 0.0004636694582594067
CentroidX: 0.2164
CentroidY: 0.7338
