Location: internet_2.png_Mean-Closing.png
Component: component_1755095280947_50.png
centerX: 0.513099556630391
centerY: 0.0784145993726832
width: 0.03305118903667876
height: 0.034787567721699456
Area: 0.00044145026007178363
CentroidX: 0.5319
CentroidY: 0.0958
