Location: internet_2.png_Mean-Medain.png
Component: component_1755095281641_112.png
centerX: 0.2728738411930673
centerY: 0.2919874536641004
width: 0.032245062474808545
height: 0.03222127174222983
Area: 0.00046328716437109085
CentroidX: 0.2917
CentroidY: 0.3084
