Location: internet_2.png_Mean-Medain.png
Component: component_1755095281638_101.png
centerX: 0.845626763401854
centerY: 0.2571998859424009
width: 0.03506650544135429
height: 0.033361847733105215
Area: 0.00048351503361676487
CentroidX: 0.8637
CentroidY: 0.2746
