Location: internet_2.png_Gaussian-Closing.png
Component: component_1755095281394_7.png
centerX: 0.8935912938331319
centerY: 0.017393783860849728
width: 0.031035872632003223
height: 0.038209295694325636
Area: 0.000535234017483545
CentroidX: 0.9074
CentroidY: 0.0364
