Location: Dedata_31.png_Otsu.png
Component: component_1755503061483_7.png
centerX: 0.5008064516129033
centerY: 0.002849814762040467
width: 0.021774193548387097
height: 0.03334283271587347
Area: 0.0001735169472048833
CentroidX: 0.5134
CentroidY: 0.0218
