Location: internet_2.png_Mean-Closing.png
Component: component_1755095281289_270.png
centerX: 0.7710600564288593
centerY: 0.7254063301967494
width: 0.02902055622732769
height: 0.032506415739948676
Area: 0.0004442086058780119
CentroidX: 0.7871
CentroidY: 0.7413
