Location: internet_2.png_Gaussian-Closing.png
Component: component_1755095281409_27.png
centerX: 0.6267634018540911
centerY: 0.0729968634160251
width: 0.032245062474808545
height: 0.03507271171941831
Area: 0.0004328304294273203
CentroidX: 0.6457
CentroidY: 0.0915
