Location: internet_2.png_Mean-Closing.png
Component: component_1755095281078_176.png
centerX: 0.22611850060459493
centerY: 0.43997718848018247
width: 0.03829101168883515
height: 0.033361847733105215
Area: 0.0004912154156591521
CentroidX: 0.2469
CentroidY: 0.4570
