Location: Dedata_31.png_Otsu.png
Component: component_1755503061633_528.png
centerX: 0.07056451612903226
centerY: 0.5340552864063836
width: 0.04395161290322581
height: 0.027358221715588486
Area: 0.0002978516073874553
CentroidX: 0.0953
CentroidY: 0.5475
