Location: Dedata_31.png_Mean-Medain.png
Component: component_1755503061010_385.png
centerX: 0.5963709677419354
centerY: 0.7962382445141066
width: 0.04153225806451613
height: 0.03305785123966942
Area: 0.0005110131551126596
CentroidX: 0.6181
CentroidY: 0.8141
