Location: Dedata_31.png_Mean-Medain.png
Component: component_1755503061012_396.png
centerX: 0.18870967741935485
centerY: 0.8096323738956968
width: 0.04395161290322581
height: 0.0347677400968937
Area: 0.0005362937699372122
CentroidX: 0.2130
CentroidY: 0.8265
