Location: Dedata_31.png_Mean-Medain.png
Component: component_1755503060934_108.png
centerX: 0.5399193548387097
centerY: 0.1632943858649188
width: 0.022983870967741935
height: 0.02792818466799658
Area: 0.0002286746522766343
CentroidX: 0.5532
CentroidY: 0.1777
