Location: Dedata_31.png_Gaussian-Closing.png
Component: component_1755503061929_89.png
centerX: 0.21330645161290324
centerY: 0.12710173838700484
width: 0.022983870967741935
height: 0.026503277286976348
Area: 0.00027372011141856424
CentroidX: 0.2259
CentroidY: 0.1409
