Location: Dedata_15.png_Mean-Closing.png
Component: component_1755519780020_179.png
centerX: 0.17298387096774193
centerY: 0.48760330578512395
width: 0.032661290322580645
height: 0.053006554573952695
Area: 0.00045390194798628413
CentroidX: 0.1880
CentroidY: 0.5131
