Location: Dedata_15.png_Gaussian-Closing.png
Component: component_1755519779771_237.png
centerX: 0.375
centerY: 0.6651467654602451
width: 0.031048387096774193
height: 0.049586776859504134
Area: 0.0004680361099109203
CentroidX: 0.3903
CentroidY: 0.6885
