Location: Dedata_15.png_Mean-Closing.png
Component: component_1755519780001_128.png
centerX: 0.6963709677419355
centerY: 0.33143345682530634
width: 0.03024193548387097
height: 0.04274722143060701
Area: 0.00041460208312266156
CentroidX: 0.7128
CentroidY: 0.3529
