Location: Dedata_15.png_Otsu.png
Component: component_1755519779312_178.png
centerX: 0.885483870967742
centerY: 0.4417212881162724
width: 0.039112903225806454
height: 0.04616699914505557
Area: 0.00033347429191296114
CentroidX: 0.9004
CentroidY: 0.4630
