Location: Dedata_15.png_Gaussian-Closing.png
Component: component_1755519779765_227.png
centerX: 0.9403225806451613
centerY: 0.6269592476489029
width: 0.031048387096774193
height: 0.055571387859789115
Area: 0.0004835492144623503
CentroidX: 0.9551
CentroidY: 0.6547
