Location: Dedata_15.png_Gaussian-Closing.png
Component: component_1755519779793_259.png
centerX: 0.25161290322580643
centerY: 0.7492163009404389
width: 0.031048387096774193
height: 0.053006554573952695
Area: 0.00047401152796036
CentroidX: 0.2666
CentroidY: 0.7763
