Location: Dedata_15.png_Otsu.png
Component: component_1755519779277_12.png
centerX: 0.41411290322580646
centerY: 0.01310914790538615
width: 0.03185483870967742
height: 0.03362781419207751
Area: 0.00031520330210794365
CentroidX: 0.4294
CentroidY: 0.0278
