Location: Dedata_15.png_Gaussian-Median.png
Component: component_1755519780145_88.png
centerX: 0.7290322580645161
centerY: 0.21601595896266743
width: 0.032661290322580645
height: 0.04132231404958678
Area: 0.0003500216034344864
CentroidX: 0.7445
CentroidY: 0.2361
