Location: Dedata_15.png_Gaussian-Median.png
Component: component_1755519780171_185.png
centerX: 0.06895161290322581
centerY: 0.5015673981191222
width: 0.028629032258064516
height: 0.04417212881162724
Area: 0.0003303716710026752
CentroidX: 0.0836
CentroidY: 0.5223
