Location: Dedata_15.png_Gaussian-Closing.png
Component: component_1755519779681_159.png
centerX: 0.31370967741935485
centerY: 0.4140780849244799
width: 0.03185483870967742
height: 0.04531205471644343
Area: 0.00041322314049586776
CentroidX: 0.3301
CentroidY: 0.4361
