Location: Dedata_15.png_Mean-Closing.png
Component: component_1755519780013_167.png
centerX: 0.7806451612903226
centerY: 0.4462809917355372
width: 0.03387096774193549
height: 0.04474209176403534
Area: 0.00033944970996240085
CentroidX: 0.7970
CentroidY: 0.4667
