Location: Dedata_15.png_Gaussian-Closing.png
Component: component_1755519779733_190.png
centerX: 0.7096774193548387
centerY: 0.5132516386434882
width: 0.029838709677419355
height: 0.04730692504987176
Area: 0.0004336774561266421
CentroidX: 0.7237
CentroidY: 0.5363
