Location: Dedata_15.png_Gaussian-Median.png
Component: component_1755519780161_153.png
centerX: 0.6483870967741936
centerY: 0.39355941863778854
width: 0.039112903225806454
height: 0.047591906526075804
Area: 0.0004488458250213736
CentroidX: 0.6673
CentroidY: 0.4158
