Location: Dedata_15.png_Gaussian-Median.png
Component: component_1755519780163_158.png
centerX: 0.4125
centerY: 0.40524365916215443
width: 0.039112903225806454
height: 0.04616699914505557
Area: 0.00045068441519043197
CentroidX: 0.4299
CentroidY: 0.4281
