Location: Dedata_15.png_Otsu.png
Component: component_1755519779333_282.png
centerX: 0.20524193548387096
centerY: 0.7532060416072955
width: 0.028225806451612902
height: 0.056141350812197205
Area: 0.0004548212430708133
CentroidX: 0.2185
CentroidY: 0.7812
