Location: Paraklitoni_1720_page_10.png_Mean-Medain.png
Component: component_1755610055373_1701.png
centerX: 0.3719512195121951
centerY: 0.612531328320802
width: 0.014481707317073171
height: 0.014035087719298246
Area: 9.81875420257962e-05
CentroidX: 0.3790
CentroidY: 0.6194
