Location: Dedata_15.png_Otsu.png
Component: component_1755519779290_61.png
centerX: 0.7258064516129032
centerY: 0.1578797378170419
width: 0.031048387096774193
height: 0.04217725847819892
Area: 0.00030164369961113816
CentroidX: 0.7402
CentroidY: 0.1773
