Location: Dedata_15.png_Gaussian-Median.png
Component: component_1755519780145_91.png
centerX: 0.5020161290322581
centerY: 0.22542034767740096
width: 0.02620967741935484
height: 0.05072670276432032
Area: 0.0003789793985971557
CentroidX: 0.5159
CentroidY: 0.2493
