Location: Dedata_15.png_Mean-Closing.png
Component: component_1755519779977_27.png
centerX: 0.5241935483870968
centerY: 0.05728127671701339
width: 0.034274193548387094
height: 0.043032202906811055
Area: 0.00045551071438421016
CentroidX: 0.5392
CentroidY: 0.0759
