Location: Dedata_15.png_Otsu.png
Component: component_1755519779290_62.png
centerX: 0.7798387096774193
centerY: 0.1578797378170419
width: 0.03064516129032258
height: 0.031917925334853235
Area: 0.0002822235909504592
CentroidX: 0.7958
CentroidY: 0.1738
