Location: Dedata_15.png_Mean-Closing.png
Component: component_1755519779993_100.png
centerX: 0.05524193548387097
centerY: 0.24793388429752067
width: 0.031451612903225803
height: 0.04417212881162724
Area: 0.00040598369170520045
CentroidX: 0.0708
CentroidY: 0.2704
