Location: Dedata_15.png_Mean-Closing.png
Component: component_1755519780035_224.png
centerX: 0.8935483870967742
centerY: 0.6272442291251069
width: 0.03024193548387097
height: 0.0481618694784839
Area: 0.0004550510668419456
CentroidX: 0.9082
CentroidY: 0.6512
