Location: Dedata_15.png_Gaussian-Median.png
Component: component_1755519780152_111.png
centerX: 0.6221774193548387
centerY: 0.2772869763465375
width: 0.03064516129032258
height: 0.0481618694784839
Area: 0.0003220980152419125
CentroidX: 0.6364
CentroidY: 0.3019
