Location: Dedata_15.png_Mean-Closing.png
Component: component_1755519780024_195.png
centerX: 0.36532258064516127
centerY: 0.5386149900256484
width: 0.028629032258064516
height: 0.04645198062125962
Area: 0.00044988003199146893
CentroidX: 0.3808
CentroidY: 0.5614
