Location: Dedata_15.png_Otsu.png
Component: component_1755519779291_69.png
centerX: 0.39838709677419354
centerY: 0.17298375605585636
width: 0.03508064516129032
height: 0.04103733257338273
Area: 0.00028233850283602535
CentroidX: 0.4166
CentroidY: 0.1917
