Location: Dedata_15.png_Gaussian-Median.png
Component: component_1755519780176_199.png
centerX: 0.36532258064516127
centerY: 0.5386149900256484
width: 0.028629032258064516
height: 0.04645198062125962
Area: 0.0004212669724854981
CentroidX: 0.3808
CentroidY: 0.5615
