Location: Dedata_15.png_Mean-Closing.png
Component: component_1755519780019_177.png
centerX: 0.2842741935483871
centerY: 0.47762895411798234
width: 0.025403225806451612
height: 0.04531205471644343
Area: 0.0003319804374006012
CentroidX: 0.2980
CentroidY: 0.4999
