Location: Dedata_15.png_Otsu.png
Component: component_1755519779275_3.png
centerX: 0.009274193548387096
centerY: 0.01054431461954973
width: 0.029838709677419355
height: 0.047021943573667714
Area: 0.000418049439689646
CentroidX: 0.0244
CentroidY: 0.0321
