Location: Dedata_15.png_Mean-Closing.png
Component: component_1755519780035_225.png
centerX: 0.9403225806451613
centerY: 0.6269592476489029
width: 0.031048387096774193
height: 0.055571387859789115
Area: 0.0005149201592219086
CentroidX: 0.9552
CentroidY: 0.6547
