Location: Dedata_15.png_Otsu.png
Component: component_1755519779302_133.png
centerX: 0.8725806451612903
centerY: 0.32174408663436876
width: 0.03790322580645161
height: 0.043032202906811055
Area: 0.00036162770387666735
CentroidX: 0.8906
CentroidY: 0.3440
