Location: Dedata_15.png_Gaussian-Median.png
Component: component_1755519780175_194.png
centerX: 0.5612903225806452
centerY: 0.5263607865488743
width: 0.03225806451612903
height: 0.04645198062125962
Area: 0.00042172662002776273
CentroidX: 0.5770
CentroidY: 0.5485
