Location: Dedata_15.png_Gaussian-Median.png
Component: component_1755519780155_127.png
centerX: 0.9254032258064516
centerY: 0.322884012539185
width: 0.035483870967741936
height: 0.04274722143060701
Area: 0.0004101205195855818
CentroidX: 0.9436
CentroidY: 0.3447
