Location: Dedata_15.png_Otsu.png
Component: component_1755519779307_154.png
centerX: 0.05
centerY: 0.3733257338273012
width: 0.03306451612903226
height: 0.04075235109717868
Area: 0.00037817501539819267
CentroidX: 0.0650
CentroidY: 0.3935
