Location: Dedata_15.png_Otsu.png
Component: component_1755519779331_272.png
centerX: 0.7217741935483871
centerY: 0.7053291536050157
width: 0.03467741935483871
height: 0.051011684240524366
Area: 0.00046240542751817905
CentroidX: 0.7385
CentroidY: 0.7305
