Location: Dedata_15.png_Gaussian-Median.png
Component: component_1755519780145_90.png
centerX: 0.5923387096774193
centerY: 0.22485038472499289
width: 0.029838709677419355
height: 0.03932744371615845
Area: 0.00032221292712747863
CentroidX: 0.6062
CentroidY: 0.2445
