Location: Dedata_15.png_Otsu.png
Component: component_1755519779338_301.png
centerX: 0.17096774193548386
centerY: 0.8250213736107153
width: 0.03225806451612903
height: 0.042462239954402965
Area: 0.00039943371422793004
CentroidX: 0.1878
CentroidY: 0.8470
