Location: Dedata_15.png_Otsu.png
Component: component_1755519779329_264.png
centerX: 0.15443548387096775
centerY: 0.6862353946993446
width: 0.027822580645161292
height: 0.05443146195497293
Area: 0.00043023009955965764
CentroidX: 0.1683
CentroidY: 0.7123
