Location: Dedata_15.png_Mean-Closing.png
Component: component_1755519780028_212.png
centerX: 0.5286290322580646
centerY: 0.5893416927899686
width: 0.03185483870967742
height: 0.04987175833570818
Area: 0.00047527555870158764
CentroidX: 0.5448
CentroidY: 0.6135
