Location: Dedata_15.png_Gaussian-Closing.png
Component: component_1755519779635_133.png
centerX: 0.5693548387096774
centerY: 0.33884297520661155
width: 0.028629032258064516
height: 0.04331718438301511
Area: 0.0004144871712370954
CentroidX: 0.5839
CentroidY: 0.3601
