Location: Dedata_15.png_Otsu.png
Component: component_1755519779326_250.png
centerX: 0.8935483870967742
centerY: 0.627529210601311
width: 0.029838709677419355
height: 0.047591906526075804
Area: 0.0003878276137857491
CentroidX: 0.9081
CentroidY: 0.6511
