Location: Dedata_15.png_Mean-Closing.png
Component: component_1755519779994_106.png
centerX: 0.760483870967742
centerY: 0.26959247648902823
width: 0.03346774193548387
height: 0.045027073240239385
Area: 0.0003789793985971557
CentroidX: 0.7757
CentroidY: 0.2928
