Location: Dedata_15.png_Gaussian-Median.png
Component: component_1755519780178_204.png
centerX: 0.11653225806451613
centerY: 0.5542889712168709
width: 0.03024193548387097
height: 0.04645198062125962
Area: 0.00040506439662067127
CentroidX: 0.1310
CentroidY: 0.5763
