Location: Dedata_15.png_Mean-Closing.png
Component: component_1755519780025_200.png
centerX: 0.11653225806451613
centerY: 0.5542889712168709
width: 0.03064516129032258
height: 0.04645198062125962
Area: 0.000425863447908144
CentroidX: 0.1310
CentroidY: 0.5762
