Location: Dedata_15.png_Gaussian-Median.png
Component: component_1755519780208_299.png
centerX: 0.2645161290322581
centerY: 0.8934169278996865
width: 0.02903225806451613
height: 0.049016813907096037
Area: 0.0004848132452035779
CentroidX: 0.2798
CentroidY: 0.9176
