Location: Dedata_15.png_Mean-Closing.png
Component: component_1755519780038_232.png
centerX: 0.5834677419354839
centerY: 0.6494727842690226
width: 0.03346774193548387
height: 0.049016813907096037
Area: 0.0005021649399240662
CentroidX: 0.5993
CentroidY: 0.6733
