Location: Dedata_15.png_Mean-Closing.png
Component: component_1755519779973_7.png
centerX: 0.3620967741935484
centerY: 0.011114277571957822
width: 0.03185483870967742
height: 0.03220290681105728
Area: 0.00036438558913025494
CentroidX: 0.3787
CentroidY: 0.0257
