Location: Dedata_15.png_Gaussian-Median.png
Component: component_1755519780142_80.png
centerX: 0.12217741935483871
centerY: 0.18381305215161015
width: 0.02661290322580645
height: 0.04474209176403534
Area: 0.00036162770387666735
CentroidX: 0.1365
CentroidY: 0.2044
