Location: Dedata_15.png_Gaussian-Median.png
Component: component_1755519780172_187.png
centerX: 0.9419354838709677
centerY: 0.5035622684525506
width: 0.02903225806451613
height: 0.04787688800227985
Area: 0.00046412910580167127
CentroidX: 0.9557
CentroidY: 0.5271
