Location: Dedata_15.png_Otsu.png
Component: component_1755519779293_75.png
centerX: 0.12258064516129032
centerY: 0.18381305215161015
width: 0.025806451612903226
height: 0.04445711028783129
Area: 0.00030784894143171015
CentroidX: 0.1365
CentroidY: 0.2041
