Location: Dedata_15.png_Gaussian-Median.png
Component: component_1755519780143_84.png
centerX: 0.9145161290322581
centerY: 0.20604160729552579
width: 0.032661290322580645
height: 0.04531205471644343
Area: 0.0003694417120951654
CentroidX: 0.9305
CentroidY: 0.2272
