Location: Dedata_15.png_Mean-Closing.png
Component: component_1755519779996_112.png
centerX: 0.3564516129032258
centerY: 0.28697634653747506
width: 0.035483870967741936
height: 0.0481618694784839
Area: 0.0003749574826023405
CentroidX: 0.3734
CentroidY: 0.3110
