Location: Dedata_15.png_Mean-Closing.png
Component: component_1755519780050_263.png
centerX: 0.8435483870967742
centerY: 0.7754345967512112
width: 0.032661290322580645
height: 0.04787688800227985
Area: 0.0004979132001581187
CentroidX: 0.8595
CentroidY: 0.7989
