Location: Dedata_15.png_Gaussian-Closing.png
Component: component_1755519779545_15.png
centerX: 0.6362903225806451
centerY: 0.012824166429182103
width: 0.036290322580645164
height: 0.030493017953833
Area: 0.00033542779396758565
CentroidX: 0.6542
CentroidY: 0.0262
