Location: Dedata_15.png_Gaussian-Closing.png
Component: component_1755519779910_289.png
centerX: 0.6229838709677419
centerY: 0.8626389284696495
width: 0.03064516129032258
height: 0.053006554573952695
Area: 0.00047987203412423355
CentroidX: 0.6385
CentroidY: 0.8906
