Location: Dedata_15.png_Otsu.png
Component: component_1755519779305_149.png
centerX: 0.23508064516129032
centerY: 0.3602165859219151
width: 0.03306451612903226
height: 0.04616699914505557
Area: 0.0004144871712370954
CentroidX: 0.2506
CentroidY: 0.3825
