Location: Dedata_15.png_Otsu.png
Component: component_1755519779321_229.png
centerX: 0.932258064516129
centerY: 0.5648332858364207
width: 0.027822580645161292
height: 0.047591906526075804
Area: 0.00037047591906526074
CentroidX: 0.9460
CentroidY: 0.5876
