Location: Dedata_15.png_Otsu.png
Component: component_1755519779297_96.png
centerX: 0.10927419354838709
centerY: 0.2445141065830721
width: 0.031048387096774193
height: 0.04274722143060701
Area: 0.00031141120988426073
CentroidX: 0.1267
CentroidY: 0.2663
