Location: Dedata_15.png_Gaussian-Median.png
Component: component_1755519780194_241.png
centerX: 0.25766129032258067
centerY: 0.6762610430322029
width: 0.03185483870967742
height: 0.05699629524080935
Area: 0.0004796422103531012
CentroidX: 0.2728
CentroidY: 0.7037
