Location: Dedata_15.png_Mean-Closing.png
Component: component_1755519780002_132.png
centerX: 0.5213709677419355
centerY: 0.34055286406383584
width: 0.029838709677419355
height: 0.04730692504987176
Area: 0.0004889500730839592
CentroidX: 0.5358
CentroidY: 0.3641
