Location: Dedata_15.png_Otsu.png
Component: component_1755519779329_266.png
centerX: 0.049193548387096775
centerY: 0.6902251353662012
width: 0.03508064516129032
height: 0.05642633228840126
Area: 0.00044447917336986
CentroidX: 0.0641
CentroidY: 0.7167
