Location: Dedata_15.png_Otsu.png
Component: component_1755519779304_143.png
centerX: 0.4258064516129032
centerY: 0.3439726417782844
width: 0.031048387096774193
height: 0.045597036192647475
Area: 0.0004023065113670837
CentroidX: 0.4409
CentroidY: 0.3664
