Location: Dedata_15.png_Gaussian-Median.png
Component: component_1755519780198_255.png
centerX: 0.5141129032258065
centerY: 0.7238529495582787
width: 0.031048387096774193
height: 0.050441721288116276
Area: 0.0004986026714715157
CentroidX: 0.5305
CentroidY: 0.7482
