Location: Dedata_15.png_Gaussian-Median.png
Component: component_1755519780127_27.png
centerX: 0.8758064516129033
centerY: 0.0567113137646053
width: 0.029838709677419355
height: 0.03590766600170989
Area: 0.00034887248457882495
CentroidX: 0.8887
CentroidY: 0.0729
