Location: Samociqulo_1709_page_10.png_Gaussian-Median.png
Component: component_1755610056268_2767.png
centerX: 0.48894348894348894
centerY: 0.6759375
width: 0.02457002457002457
height: 0.01
Area: 0.00011762899262899263
CentroidX: 0.4993
CentroidY: 0.6801
