Location: Dedata_15.png_Otsu.png
Component: component_1755519779313_184.png
centerX: 0.7314516129032258
centerY: 0.45825021373610714
width: 0.03387096774193549
height: 0.03562268452550584
Area: 0.00018167569108007978
CentroidX: 0.7469
CentroidY: 0.4729
