Location: Dedata_15.png_Mean-Closing.png
Component: component_1755519779977_24.png
centerX: 0.7713709677419355
centerY: 0.05585636933599316
width: 0.03064516129032258
height: 0.03419777714448561
Area: 0.0003585250829663814
CentroidX: 0.7848
CentroidY: 0.0716
