Location: Dedata_15.png_Gaussian-Closing.png
Component: component_1755519779801_264.png
centerX: 0.014112903225806451
centerY: 0.7628954117982332
width: 0.034274193548387094
height: 0.05186662866913651
Area: 0.0003875977900146168
CentroidX: 0.0299
CentroidY: 0.7882
