Location: Dedata_15.png_Gaussian-Closing.png
Component: component_1755519779734_195.png
centerX: 0.4693548387096774
centerY: 0.5297805642633229
width: 0.027419354838709678
height: 0.04730692504987176
Area: 0.0004252888884803133
CentroidX: 0.4827
CentroidY: 0.5531
