Location: Dedata_15.png_Otsu.png
Component: component_1755519779302_135.png
centerX: 0.8254032258064516
centerY: 0.32544884582502137
width: 0.036290322580645164
height: 0.04360216585921915
Area: 0.0003549628145138308
CentroidX: 0.8420
CentroidY: 0.3475
