Location: Dedata_15.png_Gaussian-Median.png
Component: component_1755519780199_261.png
centerX: 0.25161290322580643
centerY: 0.7492163009404389
width: 0.031451612903225803
height: 0.05329153605015674
Area: 0.000474815911159323
CentroidX: 0.2666
CentroidY: 0.7763
