Location: Dedata_15.png_Gaussian-Median.png
Component: component_1755519780141_76.png
centerX: 0.35201612903225804
centerY: 0.17355371900826447
width: 0.02379032258064516
height: 0.04360216585921915
Area: 0.0003579505235385506
CentroidX: 0.3626
CentroidY: 0.1936
