Location: Dedata_15.png_Otsu.png
Component: component_1755519779299_106.png
centerX: 0.7125
centerY: 0.2767170133941294
width: 0.025403225806451612
height: 0.039042462239954404
Area: 0.00022063082028700394
CentroidX: 0.7230
CentroidY: 0.2967
