Location: Dedata_15.png_Otsu.png
Component: component_1755519779342_319.png
centerX: 0.07459677419354839
centerY: 0.895981761185523
width: 0.031048387096774193
height: 0.0524365916215446
Area: 0.0004231055626545565
CentroidX: 0.0903
CentroidY: 0.9219
