Location: Dedata_15.png_Gaussian-Closing.png
Component: component_1755519779723_184.png
centerX: 0.9024193548387097
centerY: 0.5015673981191222
width: 0.03064516129032258
height: 0.04730692504987176
Area: 0.0004283915093905993
CentroidX: 0.9193
CentroidY: 0.5257
