Location: Kurtxevani_1794_page_10.png_Mean-Medain.png
Component: component_1755610055037_1938.png
centerX: 0.5365283459964932
centerY: 0.5954164830321728
width: 0.023378141437755698
height: 0.021154693697664168
Area: 0.00024444530877512296
CentroidX: 0.5476
CentroidY: 0.6038
