Location: Dedata_15.png_Otsu.png
Component: component_1755519779289_56.png
centerX: 0.06653225806451613
centerY: 0.13622114562553433
width: 0.028225806451612902
height: 0.040467369620974636
Area: 0.0003419777714448561
CentroidX: 0.0806
CentroidY: 0.1537
