Location: Dedata_15.png_Gaussian-Median.png
Component: component_1755519780184_223.png
centerX: 0.19314516129032258
centerY: 0.6107153035052721
width: 0.03387096774193549
height: 0.049016813907096037
Area: 0.0004687255812243172
CentroidX: 0.2095
CentroidY: 0.6354
