Location: Dedata_15.png_Otsu.png
Component: component_1755519779311_171.png
centerX: 0.20846774193548387
centerY: 0.4223425477343973
width: 0.03588709677419355
height: 0.045597036192647475
Area: 0.0003477233657231635
CentroidX: 0.2267
CentroidY: 0.4455
