Location: Dedata_15.png_Mean-Closing.png
Component: component_1755519780026_204.png
centerX: 0.932258064516129
centerY: 0.5642633228840125
width: 0.028629032258064516
height: 0.048446850954687946
Area: 0.00044218093565853706
CentroidX: 0.9462
CentroidY: 0.5876
