Location: Dedata_15.png_Mean-Closing.png
Component: component_1755519779973_5.png
centerX: 0.008467741935483872
centerY: 0.009974351667141636
width: 0.031048387096774193
height: 0.0481618694784839
Area: 0.0004998667022127433
CentroidX: 0.0244
CentroidY: 0.0320
