Location: Dedata_15.png_Gaussian-Closing.png
Component: component_1755519779635_130.png
centerX: 0.6967741935483871
centerY: 0.33143345682530634
width: 0.029838709677419355
height: 0.04274722143060701
Area: 0.00039288373675065957
CentroidX: 0.7128
CentroidY: 0.3528
