Location: Dedata_15.png_Gaussian-Median.png
Component: component_1755519780187_230.png
centerX: 0.8403225806451613
centerY: 0.6318039327443716
width: 0.03185483870967742
height: 0.05129666571672841
Area: 0.0004691852287665818
CentroidX: 0.8558
CentroidY: 0.6565
