Location: Dedata_15.png_Mean-Closing.png
Component: component_1755519779972_4.png
centerX: 0.4645161290322581
centerY: 0.009404388714733543
width: 0.03064516129032258
height: 0.036477628954117984
Area: 0.00038173728385074325
CentroidX: 0.4798
CentroidY: 0.0267
