Location: Dedata_15.png_Gaussian-Closing.png
Component: component_1755519779875_268.png
centerX: 0.742741935483871
centerY: 0.7771444856084354
width: 0.034274193548387094
height: 0.048446850954687946
Area: 0.0005034289706652939
CentroidX: 0.7605
CentroidY: 0.8019
