Location: Dedata_15.png_Otsu.png
Component: component_1755519779297_98.png
centerX: 0.004435483870967742
centerY: 0.2507836990595611
width: 0.031451612903225803
height: 0.04787688800227985
Area: 0.0003551926382849631
CentroidX: 0.0226
CentroidY: 0.2753
