Location: Dedata_15.png_Gaussian-Median.png
Component: component_1755519780143_81.png
centerX: 0.06491935483870968
centerY: 0.18951268167569107
width: 0.027822580645161292
height: 0.03875748076375036
Area: 0.000331061142316072
CentroidX: 0.0803
CentroidY: 0.2068
