Location: Dedata_15.png_Gaussian-Median.png
Component: component_1755519780121_8.png
centerX: 0.3625
centerY: 0.011114277571957822
width: 0.031451612903225803
height: 0.03220290681105728
Area: 0.00033715147225107787
CentroidX: 0.3787
CentroidY: 0.0257
