Location: Dedata_15.png_Mean-Closing.png
Component: component_1755519779987_69.png
centerX: 0.5612903225806452
centerY: 0.1652892561983471
width: 0.027016129032258064
height: 0.039042462239954404
Area: 0.0003747276588312082
CentroidX: 0.5752
CentroidY: 0.1830
