Location: Dedata_15.png_Gaussian-Closing.png
Component: component_1755519779900_274.png
centerX: 0.4588709677419355
centerY: 0.8013679110857794
width: 0.02903225806451613
height: 0.047021943573667714
Area: 0.0004667720791696927
CentroidX: 0.4737
CentroidY: 0.8246
