Location: Dedata_15.png_Gaussian-Median.png
Component: component_1755519780199_262.png
centerX: 0.20483870967741935
centerY: 0.7529210601310915
width: 0.02903225806451613
height: 0.0567113137646053
Area: 0.0005002114378694417
CentroidX: 0.2186
CentroidY: 0.7811
