Location: Dedata_15.png_Gaussian-Median.png
Component: component_1755519780166_167.png
centerX: 0.9375
centerY: 0.43858649187802795
width: 0.03467741935483871
height: 0.04787688800227985
Area: 0.0004796422103531012
CentroidX: 0.9536
CentroidY: 0.4614
