Location: Dedata_15.png_Mean-Closing.png
Component: component_1755519780001_129.png
centerX: 0.6544354838709677
centerY: 0.33371330863493875
width: 0.031048387096774193
height: 0.040467369620974636
Area: 0.00042402485773908565
CentroidX: 0.6696
CentroidY: 0.3527
