Location: Dedata_15.png_Mean-Closing.png
Component: component_1755519780014_170.png
centerX: 0.6455645161290322
centerY: 0.45682530635508695
width: 0.028225806451612902
height: 0.04331718438301511
Area: 0.00032531554803776465
CentroidX: 0.6583
CentroidY: 0.4775
