Location: Paraklitoni_1720_page_10.png_Mean-Medain.png
Component: component_1755610055351_1477.png
centerX: 0.34527439024390244
centerY: 0.5323308270676692
width: 0.01753048780487805
height: 0.012030075187969926
Area: 0.00011155938627055444
CentroidX: 0.3543
CentroidY: 0.5367
