Location: Dedata_15.png_Mean-Closing.png
Component: component_1755519780061_280.png
centerX: 0.9048387096774193
centerY: 0.8486748361356512
width: 0.03387096774193549
height: 0.043032202906811055
Area: 0.0004566598332398717
CentroidX: 0.9212
CentroidY: 0.8709
