Location: Samociqulo_1709_page_10.png_Gaussian-Median.png
Component: component_1755610056109_692.png
centerX: 0.18525798525798526
centerY: 0.1221875
width: 0.026044226044226043
height: 0.0134375
Area: 0.00014496314496314496
CentroidX: 0.1984
CentroidY: 0.1267
