Location: Dedata_15.png_Otsu.png
Component: component_1755519779327_258.png
centerX: 0.48266129032258065
centerY: 0.6548874323168994
width: 0.031048387096774193
height: 0.05129666571672841
Area: 0.00045321247667288723
CentroidX: 0.4984
CentroidY: 0.6794
