Location: Dedata_15.png_Gaussian-Closing.png
Component: component_1755519779739_199.png
centerX: 0.26814516129032256
centerY: 0.5437446565973212
width: 0.03185483870967742
height: 0.04531205471644343
Area: 0.0004189687347741752
CentroidX: 0.2850
CentroidY: 0.5663
