Location: Dedata_15.png_Mean-Closing.png
Component: component_1755519780007_156.png
centerX: 0.35846774193548386
centerY: 0.40894841835280704
width: 0.038306451612903226
height: 0.048446850954687946
Area: 0.0004593028066078931
CentroidX: 0.3772
CentroidY: 0.4329
