Location: Dedata_15.png_Gaussian-Closing.png
Component: component_1755519779714_178.png
centerX: 0.3350806451612903
centerY: 0.47392419492732973
width: 0.027822580645161292
height: 0.04616699914505557
Area: 0.00032393660541097085
CentroidX: 0.3485
CentroidY: 0.4965
