Location: Paraklitoni_1720_page_10.png_Mean-Medain.png
Component: component_1755610055294_865.png
centerX: 0.2629573170731707
centerY: 0.3197994987468672
width: 0.014481707317073171
height: 0.014035087719298246
Area: 9.780548933308882e-05
CentroidX: 0.2705
CentroidY: 0.3264
