Location: Dedata_15.png_Gaussian-Closing.png
Component: component_1755519779563_28.png
centerX: 0.6774193548387096
centerY: 0.05728127671701339
width: 0.031451612903225803
height: 0.03562268452550584
Area: 0.0003635812059312919
CentroidX: 0.6928
CentroidY: 0.0742
