Location: Dedata_15.png_Mean-Closing.png
Component: component_1755519780041_242.png
centerX: 0.014112903225806451
centerY: 0.6944998575092619
width: 0.027822580645161292
height: 0.053006554573952695
Area: 0.0004946956673622667
CentroidX: 0.0289
CentroidY: 0.7213
