Location: Dedata_15.png_Otsu.png
Component: component_1755519779305_148.png
centerX: 0.28024193548387094
centerY: 0.3579367341122827
width: 0.032661290322580645
height: 0.04274722143060701
Area: 0.00040403018965057594
CentroidX: 0.2975
CentroidY: 0.3786
