Location: Dedata_15.png_Mean-Closing.png
Component: component_1755519779997_116.png
centerX: 0.30443548387096775
centerY: 0.29125106868053574
width: 0.03588709677419355
height: 0.0524365916215446
Area: 0.0004058687798196343
CentroidX: 0.3206
CentroidY: 0.3164
