Location: Dedata_15.png_Otsu.png
Component: component_1755519779316_199.png
centerX: 0.6528225806451613
centerY: 0.4841835280706754
width: 0.006048387096774193
height: 0.01567398119122257
Area: 3.481830132654281e-05
CentroidX: 0.6561
CentroidY: 0.4937
