Location: Dedata_15.png_Gaussian-Median.png
Component: component_1755519780175_192.png
centerX: 0.6576612903225807
centerY: 0.518096323738957
width: 0.032661290322580645
height: 0.04873183243089199
Area: 0.0004656229603140312
CentroidX: 0.6741
CentroidY: 0.5424
