Location: Dedata_15.png_Mean-Closing.png
Component: component_1755519780004_142.png
centerX: 0.0032258064516129032
centerY: 0.3730407523510972
width: 0.03588709677419355
height: 0.04873183243089199
Area: 0.00046769137425422186
CentroidX: 0.0212
CentroidY: 0.3985
