Location: Dedata_15.png_Mean-Closing.png
Component: component_1755519780038_234.png
centerX: 0.42862903225806454
centerY: 0.6603020803647763
width: 0.03387096774193549
height: 0.056141350812197205
Area: 0.0005937497127202861
CentroidX: 0.4453
CentroidY: 0.6876
