Location: Dedata_15.png_Otsu.png
Component: component_1755519779312_176.png
centerX: 0.9379032258064516
centerY: 0.438871473354232
width: 0.03387096774193549
height: 0.04730692504987176
Area: 0.00043597569383796507
CentroidX: 0.9537
CentroidY: 0.4613
