Location: Dedata_15.png_Otsu.png
Component: component_1755519779296_93.png
centerX: 0.2633064516129032
centerY: 0.23510971786833856
width: 0.02903225806451613
height: 0.04531205471644343
Area: 0.00028521129997517903
CentroidX: 0.2767
CentroidY: 0.2577
