Location: Dedata_15.png_Mean-Closing.png
Component: component_1755519780007_155.png
centerX: 0.4125
centerY: 0.40524365916215443
width: 0.03870967741935484
height: 0.04616699914505557
Area: 0.0004780334439551752
CentroidX: 0.4298
CentroidY: 0.4280
