Location: Dedata_15.png_Otsu.png
Component: component_1755519779340_310.png
centerX: 0.6233870967741936
centerY: 0.8629239099458536
width: 0.029838709677419355
height: 0.05215161014534055
Area: 0.00041103981467011097
CentroidX: 0.6383
CentroidY: 0.8904
