Location: Dedata_15.png_Gaussian-Closing.png
Component: component_1755519779571_32.png
centerX: 0.46411290322580645
centerY: 0.05956112852664577
width: 0.031048387096774193
height: 0.037902536335138216
Area: 0.00037518730637347284
CentroidX: 0.4779
CentroidY: 0.0754
