Location: Dedata_15.png_Gaussian-Median.png
Component: component_1755519780166_169.png
centerX: 0.832258064516129
centerY: 0.44400113992590484
width: 0.03185483870967742
height: 0.045597036192647475
Area: 0.00040644333924746507
CentroidX: 0.8467
CentroidY: 0.4654
