Location: Dedata_15.png_Gaussian-Median.png
Component: component_1755519780206_288.png
centerX: 0.7858870967741935
centerY: 0.8529495582787119
width: 0.032661290322580645
height: 0.050441721288116276
Area: 0.00048446850954687946
CentroidX: 0.8026
CentroidY: 0.8782
