Location: Dedata_15.png_Otsu.png
Component: component_1755519779309_164.png
centerX: 0.5088709677419355
centerY: 0.4018238814477059
width: 0.03387096774193549
height: 0.04616699914505557
Area: 0.00035312422434477243
CentroidX: 0.5251
CentroidY: 0.4258
