Location: Dedata_15.png_Gaussian-Closing.png
Component: component_1755519779571_33.png
centerX: 0.4104838709677419
centerY: 0.06241094328868624
width: 0.028629032258064516
height: 0.042462239954402965
Area: 0.00038863199698471214
CentroidX: 0.4238
CentroidY: 0.0811
