Location: Dedata_15.png_Mean-Closing.png
Component: component_1755519780000_126.png
centerX: 0.7798387096774193
centerY: 0.3257338273012254
width: 0.03024193548387097
height: 0.0438871473354232
Area: 0.00041149946221237554
CentroidX: 0.7955
CentroidY: 0.3487
