Location: Samociqulo_1709_page_10.png_Gaussian-Median.png
Component: component_1755610056256_2553.png
centerX: 0.7778869778869779
centerY: 0.6175
width: 0.026044226044226043
height: 0.0196875
Area: 0.00019517813267813268
CentroidX: 0.7904
CentroidY: 0.6274
