Location: Dedata_15.png_Gaussian-Closing.png
Component: component_1755519779656_143.png
centerX: 0.09838709677419355
centerY: 0.3664861783984041
width: 0.03669354838709677
height: 0.047021943573667714
Area: 0.00046183086809034834
CentroidX: 0.1155
CentroidY: 0.3904
