Location: Dedata_15.png_Gaussian-Median.png
Component: component_1755519780153_116.png
centerX: 0.4536290322580645
centerY: 0.2878312909660872
width: 0.02943548387096774
height: 0.039042462239954404
Area: 0.0002769376442144164
CentroidX: 0.4676
CentroidY: 0.3072
