Location: Dedata_15.png_Gaussian-Closing.png
Component: component_1755519779707_175.png
centerX: 0.4971774193548387
centerY: 0.46337988030778
width: 0.02943548387096774
height: 0.04474209176403534
Area: 0.00030106914018330745
CentroidX: 0.5112
CentroidY: 0.4850
