Location: Dedata_15.png_Otsu.png
Component: component_1755519779281_22.png
centerX: 0.771774193548387
centerY: 0.056141350812197205
width: 0.02943548387096774
height: 0.03362781419207751
Area: 0.00029773669550188915
CentroidX: 0.7847
CentroidY: 0.0714
