Location: Dedata_15.png_Otsu.png
Component: component_1755519779288_52.png
centerX: 0.24233870967741936
centerY: 0.11997720148190368
width: 0.03064516129032258
height: 0.04075235109717868
Area: 0.00035484790262826465
CentroidX: 0.2568
CentroidY: 0.1381
