Location: Dedata_15.png_Mean-Closing.png
Component: component_1755519780037_231.png
centerX: 0.5290322580645161
centerY: 0.6491878027928185
width: 0.031048387096774193
height: 0.05500142490738102
Area: 0.0005214701366991791
CentroidX: 0.5444
CentroidY: 0.6758
