Location: Dedata_15.png_Gaussian-Closing.png
Component: component_1755519779576_44.png
centerX: 0.8923387096774194
centerY: 0.10344827586206896
width: 0.027419354838709678
height: 0.038472499287546306
Area: 0.00034462074481287746
CentroidX: 0.9053
CentroidY: 0.1210
