Location: Dedata_15.png_Gaussian-Closing.png
Component: component_1755519779901_276.png
centerX: 0.3439516129032258
centerY: 0.8127671701339413
width: 0.028629032258064516
height: 0.050441721288116276
Area: 0.00044919056067807203
CentroidX: 0.3599
CentroidY: 0.8382
