Location: Dedata_15.png_Otsu.png
Component: component_1755519779336_291.png
centerX: 0.6862903225806452
centerY: 0.7782844115132517
width: 0.029838709677419355
height: 0.050156739811912224
Area: 0.0004376993721214573
CentroidX: 0.7019
CentroidY: 0.8033
