Location: Dedata_15.png_Gaussian-Median.png
Component: component_1755519780128_32.png
centerX: 0.8278225806451613
centerY: 0.05842120262182958
width: 0.03024193548387097
height: 0.03277286976346538
Area: 0.0003185357467893619
CentroidX: 0.8409
CentroidY: 0.0736
