Location: Dedata_15.png_Mean-Closing.png
Component: component_1755519780029_215.png
centerX: 0.3818548387096774
centerY: 0.6004559703619264
width: 0.02903225806451613
height: 0.04930179538330009
Area: 0.0004959596981034942
CentroidX: 0.3965
CentroidY: 0.6239
