Location: Dedata_15.png_Mean-Closing.png
Component: component_1755519779990_85.png
centerX: 0.777016129032258
centerY: 0.21088629239099457
width: 0.03387096774193549
height: 0.04331718438301511
Area: 0.00037311889243328214
CentroidX: 0.7920
CentroidY: 0.2317
