Location: Dedata_15.png_Gaussian-Median.png
Component: component_1755519780148_97.png
centerX: 0.2633064516129032
centerY: 0.23453975491593046
width: 0.029838709677419355
height: 0.04616699914505557
Area: 0.0003530093124592063
CentroidX: 0.2771
CentroidY: 0.2577
