Location: Dedata_15.png_Gaussian-Closing.png
Component: component_1755519779735_198.png
centerX: 0.31209677419354837
centerY: 0.5397549159304645
width: 0.03346774193548387
height: 0.04673696209746366
Area: 0.000428161685619467
CentroidX: 0.3288
CentroidY: 0.5629
