Location: Dedata_15.png_Otsu.png
Component: component_1755519779296_92.png
centerX: 0.21693548387096775
centerY: 0.2348247363921345
width: 0.027822580645161292
height: 0.04474209176403534
Area: 0.0003227874865553094
CentroidX: 0.2310
CentroidY: 0.2569
