Location: Dedata_15.png_Otsu.png
Component: component_1755519779319_220.png
centerX: 0.4165322580645161
centerY: 0.5329153605015674
width: 0.028225806451612902
height: 0.045027073240239385
Area: 0.0003786346629404573
CentroidX: 0.4303
CentroidY: 0.5555
