Location: Kurtxevani_1764_page_10.png_Otsu.png
Component: component_1755610056010_2019.png
centerX: 0.4446601941747573
centerY: 0.8442469597754911
width: 0.022006472491909384
height: 0.01777362020579981
Area: 0.0002104013974285619
CentroidX: 0.4553
CentroidY: 0.8515
