Location: Dedata_15.png_Otsu.png
Component: component_1755519779307_156.png
centerX: 0.9504032258064516
centerY: 0.384155029923055
width: 0.028225806451612902
height: 0.04103733257338273
Area: 0.0003579505235385506
CentroidX: 0.9635
CentroidY: 0.4035
