Location: Dedata_15.png_Otsu.png
Component: component_1755519779313_187.png
centerX: 0.7818548387096774
centerY: 0.4616699914505557
width: 0.03225806451612903
height: 0.007124536905101168
Area: 9.687071953226266e-05
CentroidX: 0.7990
CentroidY: 0.4653
