Location: Dedata_15.png_Mean-Closing.png
Component: component_1755519779977_26.png
centerX: 0.8758064516129033
centerY: 0.0567113137646053
width: 0.029838709677419355
height: 0.03590766600170989
Area: 0.0003671434743838425
CentroidX: 0.8886
CentroidY: 0.0727
