Location: Dedata_15.png_Otsu.png
Component: component_1755519779280_17.png
centerX: 0.8358870967741936
centerY: 0.014534055286406384
width: 0.028225806451612902
height: 0.029353092049016812
Area: 0.00028819900899989886
CentroidX: 0.8504
CentroidY: 0.0294
