Location: Dedata_15.png_Otsu.png
Component: component_1755519779321_230.png
centerX: 0.016935483870967744
centerY: 0.5654032487888287
width: 0.031048387096774193
height: 0.04417212881162724
Area: 0.0003470338944097666
CentroidX: 0.0320
CentroidY: 0.5868
