Location: Dedata_15.png_Mean-Closing.png
Component: component_1755519780013_168.png
centerX: 0.7306451612903225
centerY: 0.4534055286406384
width: 0.03508064516129032
height: 0.04075235109717868
Area: 0.0003158927734213405
CentroidX: 0.7469
CentroidY: 0.4718
