Location: Dedata_15.png_Mean-Closing.png
Component: component_1755519780025_203.png
centerX: 0.8919354838709678
centerY: 0.5636933599316044
width: 0.031451612903225803
height: 0.050441721288116276
Area: 0.0004490756487925059
CentroidX: 0.9057
CentroidY: 0.5884
