Location: Dedata_15.png_Mean-Closing.png
Component: component_1755519780003_138.png
centerX: 0.2346774193548387
centerY: 0.35993160444571104
width: 0.03387096774193549
height: 0.04645198062125962
Area: 0.00047389661607479385
CentroidX: 0.2506
CentroidY: 0.3825
