Location: Dedata_15.png_Mean-Closing.png
Component: component_1755519779979_34.png
centerX: 0.36088709677419356
centerY: 0.06269592476489028
width: 0.031048387096774193
height: 0.042462239954402965
Area: 0.00043333272046994366
CentroidX: 0.3739
CentroidY: 0.0806
