Location: Dedata_15.png_Gaussian-Median.png
Component: component_1755519780158_136.png
centerX: 0.4258064516129032
centerY: 0.34368766030208037
width: 0.031451612903225803
height: 0.04616699914505557
Area: 0.0004440195258275954
CentroidX: 0.4411
CentroidY: 0.3664
