Location: Dedata_15.png_Otsu.png
Component: component_1755519779307_155.png
centerX: 0.9024193548387097
centerY: 0.3830151040182388
width: 0.03185483870967742
height: 0.040467369620974636
Area: 0.0002788911462690409
CentroidX: 0.9186
CentroidY: 0.4026
