Location: Dedata_15.png_Otsu.png
Component: component_1755519779329_265.png
centerX: 0.10201612903225807
centerY: 0.6885152465089769
width: 0.028629032258064516
height: 0.05642633228840126
Area: 0.0004425256713152355
CentroidX: 0.1159
CentroidY: 0.7152
