Location: Dedata_15.png_Gaussian-Median.png
Component: component_1755519780158_139.png
centerX: 0.32620967741935486
centerY: 0.3505272157309775
width: 0.03467741935483871
height: 0.047021943573667714
Area: 0.00046838084556761876
CentroidX: 0.3455
CentroidY: 0.3739
