Location: Dedata_15.png_Otsu.png
Component: component_1755519779322_233.png
centerX: 0.739516129032258
centerY: 0.5756625819321745
width: 0.02903225806451613
height: 0.048446850954687946
Area: 0.00040598369170520045
CentroidX: 0.7533
CentroidY: 0.5980
