Location: Dedata_15.png_Otsu.png
Component: component_1755519779286_41.png
centerX: 0.7415322580645162
centerY: 0.10287831290966087
width: 0.028629032258064516
height: 0.039612425192362494
Area: 0.0003165822447347374
CentroidX: 0.7553
CentroidY: 0.1209
