Location: Dedata_15.png_Gaussian-Median.png
Component: component_1755519780162_157.png
centerX: 0.4625
centerY: 0.4032487888287261
width: 0.031451612903225803
height: 0.04616699914505557
Area: 0.00041655558517728606
CentroidX: 0.4783
CentroidY: 0.4274
