Location: Dedata_15.png_Gaussian-Median.png
Component: component_1755519780138_63.png
centerX: 0.8266129032258065
centerY: 0.15332003419777715
width: 0.027419354838709678
height: 0.03761755485893417
Area: 0.00032370678163983857
CentroidX: 0.8403
CentroidY: 0.1735
