Location: Dedata_15.png_Gaussian-Median.png
Component: component_1755519780166_171.png
centerX: 0.7306451612903225
centerY: 0.4534055286406384
width: 0.03508064516129032
height: 0.04103733257338273
Area: 0.0002910718061390526
CentroidX: 0.7469
CentroidY: 0.4721
