Location: Dedata_15.png_Mean-Closing.png
Component: component_1755519779976_23.png
centerX: 0.9225806451612903
centerY: 0.05443146195497293
width: 0.0407258064516129
height: 0.037902536335138216
Area: 0.0004137976999236985
CentroidX: 0.9409
CentroidY: 0.0722
