Location: Dedata_15.png_Gaussian-Closing.png
Component: component_1755519779749_205.png
centerX: 0.8919354838709678
centerY: 0.5634083784554004
width: 0.031451612903225803
height: 0.05072670276432032
Area: 0.00043160904218645144
CentroidX: 0.9058
CentroidY: 0.5883
