Location: Dedata_15.png_Otsu.png
Component: component_1755519779340_308.png
centerX: 0.7334677419354839
centerY: 0.8589341692789969
width: 0.027822580645161292
height: 0.04474209176403534
Area: 0.00040885648884435413
CentroidX: 0.7470
CentroidY: 0.8835
