Location: Dedata_15.png_Gaussian-Closing.png
Component: component_1755519779608_70.png
centerX: 0.5060483870967742
centerY: 0.1695639783414078
width: 0.031048387096774193
height: 0.03590766600170989
Area: 0.0003268094025501246
CentroidX: 0.5218
CentroidY: 0.1858
