Location: Dedata_15.png_Otsu.png
Component: component_1755519779300_122.png
centerX: 0.30483870967741933
centerY: 0.29153605015673983
width: 0.03467741935483871
height: 0.051581647192932456
Area: 0.00026360786548874324
CentroidX: 0.3210
CentroidY: 0.3150
