Location: Dedata_15.png_Mean-Closing.png
Component: component_1755519780006_150.png
centerX: 0.6483870967741936
centerY: 0.39355941863778854
width: 0.039112903225806454
height: 0.04730692504987176
Area: 0.0004759650300149845
CentroidX: 0.6672
CentroidY: 0.4156
