Location: Dedata_15.png_Gaussian-Median.png
Component: component_1755519780209_300.png
centerX: 0.1346774193548387
centerY: 0.8942718723282986
width: 0.03306451612903226
height: 0.05129666571672841
Area: 0.00047424135173149227
CentroidX: 0.1503
CentroidY: 0.9201
