Location: Dedata_15.png_Otsu.png
Component: component_1755519779287_46.png
centerX: 0.6346774193548387
centerY: 0.11114277571957823
width: 0.027822580645161292
height: 0.03875748076375036
Area: 0.0003155480377646421
CentroidX: 0.6481
CentroidY: 0.1288
