Location: Dedata_15.png_Gaussian-Closing.png
Component: component_1755519779540_3.png
centerX: 0.06895161290322581
centerY: 0.00883442576232545
width: 0.03508064516129032
height: 0.04360216585921915
Area: 0.00043689498892249425
CentroidX: 0.0853
CentroidY: 0.0300
