Location: Dedata_15.png_Gaussian-Median.png
Component: component_1755519780208_297.png
centerX: 0.38548387096774195
centerY: 0.8848674836135652
width: 0.028225806451612902
height: 0.049016813907096037
Area: 0.00045757912832440086
CentroidX: 0.4007
CentroidY: 0.9093
