Location: Dedata_15.png_Otsu.png
Component: component_1755519779338_300.png
centerX: 0.22661290322580646
centerY: 0.8224565403248789
width: 0.029838709677419355
height: 0.051581647192932456
Area: 0.00039644600520321016
CentroidX: 0.2420
CentroidY: 0.8482
