Location: Dedata_15.png_Gaussian-Closing.png
Component: component_1755519779626_114.png
centerX: 0.4036290322580645
centerY: 0.28754630948988313
width: 0.03185483870967742
height: 0.047591906526075804
Area: 0.0003324400849428658
CentroidX: 0.4210
CentroidY: 0.3121
