Location: Dedata_15.png_Otsu.png
Component: component_1755519779291_66.png
centerX: 0.5616935483870967
centerY: 0.16557423767455115
width: 0.025806451612903226
height: 0.038472499287546306
Area: 0.0002872797139153697
CentroidX: 0.5752
CentroidY: 0.1827
