Location: Dedata_15.png_Gaussian-Closing.png
Component: component_1755519779902_278.png
centerX: 0.22620967741935483
centerY: 0.8221715588486749
width: 0.03064516129032258
height: 0.0524365916215446
Area: 0.00044965020822033665
CentroidX: 0.2421
CentroidY: 0.8484
