Location: Dedata_15.png_Gaussian-Closing.png
Component: component_1755519779758_220.png
centerX: 0.2375
centerY: 0.60986035907666
width: 0.03387096774193549
height: 0.04987175833570818
Area: 0.00047607994190055063
CentroidX: 0.2538
CentroidY: 0.6343
