Location: Dedata_15.png_Otsu.png
Component: component_1755519779308_160.png
centerX: 0.7008064516129032
centerY: 0.39013964092333997
width: 0.032661290322580645
height: 0.04645198062125962
Area: 0.0003163524209636051
CentroidX: 0.7166
CentroidY: 0.4128
