Location: Dedata_15.png_Gaussian-Closing.png
Component: component_1755519779706_174.png
centerX: 0.5471774193548387
centerY: 0.4622399544029638
width: 0.027822580645161292
height: 0.047021943573667714
Area: 0.0003084235008595409
CentroidX: 0.5600
CentroidY: 0.4850
