Location: Dedata_15.png_Otsu.png
Component: component_1755519779318_215.png
centerX: 0.6580645161290323
centerY: 0.518381305215161
width: 0.03185483870967742
height: 0.0481618694784839
Area: 0.0004216117081421966
CentroidX: 0.6740
CentroidY: 0.5424
