Location: Dedata_15.png_Mean-Closing.png
Component: component_1755519780019_175.png
centerX: 0.38991935483870965
centerY: 0.4713593616414933
width: 0.027419354838709678
height: 0.05215161014534055
Area: 0.0003864486711589553
CentroidX: 0.4020
CentroidY: 0.4962
