Location: Dedata_15.png_Mean-Closing.png
Component: component_1755519779974_10.png
centerX: 0.17056451612903226
centerY: 0.012254203476774009
width: 0.03185483870967742
height: 0.038472499287546306
Area: 0.0003612829682199689
CentroidX: 0.1855
CentroidY: 0.0289
