Location: Dedata_15.png_Gaussian-Median.png
Component: component_1755519780195_246.png
centerX: 0.014112903225806451
centerY: 0.6944998575092619
width: 0.027822580645161292
height: 0.053006554573952695
Area: 0.0004667720791696927
CentroidX: 0.0290
CentroidY: 0.7212
