Location: Dedata_15.png_Otsu.png
Component: component_1755519779320_225.png
centerX: 0.16370967741935483
centerY: 0.5540039897406669
width: 0.03185483870967742
height: 0.04331718438301511
Area: 0.000345769863668539
CentroidX: 0.1789
CentroidY: 0.5738
