Location: Dedata_15.png_Gaussian-Closing.png
Component: component_1755519779619_93.png
centerX: 0.41169354838709676
centerY: 0.2322599031062981
width: 0.028629032258064516
height: 0.04103733257338273
Area: 0.00035772069976741834
CentroidX: 0.4269
CentroidY: 0.2525
