Location: Dedata_15.png_Gaussian-Closing.png
Component: component_1755519779545_16.png
centerX: 0.7387096774193549
centerY: 0.012824166429182103
width: 0.03467741935483871
height: 0.03505272157309775
Area: 0.00035806543542411676
CentroidX: 0.7554
CentroidY: 0.0283
