Location: Dedata_15.png_Mean-Closing.png
Component: component_1755519780010_159.png
centerX: 0.20806451612903226
centerY: 0.42177258478198915
width: 0.037096774193548385
height: 0.04645198062125962
Area: 0.00044482390902655846
CentroidX: 0.2268
CentroidY: 0.4458
