Location: Dedata_15.png_Gaussian-Closing.png
Component: component_1755519779740_200.png
centerX: 0.2157258064516129
centerY: 0.5494442861214021
width: 0.031048387096774193
height: 0.040467369620974636
Area: 0.0003661092674137471
CentroidX: 0.2309
CentroidY: 0.5681
