Location: Dedata_15.png_Gaussian-Closing.png
Component: component_1755519779634_128.png
centerX: 0.7798387096774193
centerY: 0.3257338273012254
width: 0.03024193548387097
height: 0.0438871473354232
Area: 0.0003921942654372627
CentroidX: 0.7956
CentroidY: 0.3486
