Location: Dedata_15.png_Mean-Closing.png
Component: component_1755519780000_124.png
centerX: 0.9254032258064516
centerY: 0.322884012539185
width: 0.03588709677419355
height: 0.04274722143060701
Area: 0.00044608793976778606
CentroidX: 0.9436
CentroidY: 0.3449
