Location: Dedata_15.png_Mean-Closing.png
Component: component_1755519780059_277.png
centerX: 0.1153225806451613
centerY: 0.8275862068965517
width: 0.03225806451612903
height: 0.04930179538330009
Area: 0.0004937763722777374
CentroidX: 0.1311
CentroidY: 0.8533
