Location: Dedata_15.png_Otsu.png
Component: component_1755519779315_195.png
centerX: 0.2842741935483871
centerY: 0.4781989170703904
width: 0.024596774193548387
height: 0.04445711028783129
Area: 0.00023039833056012648
CentroidX: 0.2978
CentroidY: 0.4998
