Location: Dedata_15.png_Gaussian-Closing.png
Component: component_1755519779660_147.png
centerX: 0.95
centerY: 0.38387004844685096
width: 0.02903225806451613
height: 0.04189227700199487
Area: 0.0003920793535516966
CentroidX: 0.9635
CentroidY: 0.4035
