Location: Dedata_15.png_Gaussian-Closing.png
Component: component_1755519779658_145.png
centerX: 0.04959677419354839
centerY: 0.3730407523510972
width: 0.03387096774193549
height: 0.04132231404958678
Area: 0.0004124187572969047
CentroidX: 0.0651
CentroidY: 0.3934
