Location: Dedata_15.png_Gaussian-Closing.png
Component: component_1755519779577_48.png
centerX: 0.6342741935483871
centerY: 0.11085779424337418
width: 0.028629032258064516
height: 0.03932744371615845
Area: 0.0003615127919911012
CentroidX: 0.6482
CentroidY: 0.1290
