Location: Dedata_15.png_Gaussian-Closing.png
Component: component_1755519779624_107.png
centerX: 0.760483870967742
centerY: 0.2693074950128242
width: 0.03346774193548387
height: 0.045597036192647475
Area: 0.00035484790262826465
CentroidX: 0.7763
CentroidY: 0.2924
