Location: Dedata_15.png_Otsu.png
Component: component_1755519779339_305.png
centerX: 0.905241935483871
centerY: 0.8492447990880593
width: 0.032661290322580645
height: 0.04189227700199487
Area: 0.00035806543542411676
CentroidX: 0.9210
CentroidY: 0.8709
