Location: Dedata_15.png_Mean-Closing.png
Component: component_1755519779996_114.png
centerX: 0.4536290322580645
centerY: 0.2884012539184953
width: 0.029838709677419355
height: 0.03818751781134226
Area: 0.0002947489864771693
CentroidX: 0.4674
CentroidY: 0.3075
