Location: Dedata_15.png_Otsu.png
Component: component_1755519779311_173.png
centerX: 0.10766129032258065
centerY: 0.4297520661157025
width: 0.035483870967741936
height: 0.04616699914505557
Area: 0.0003724294211198853
CentroidX: 0.1251
CentroidY: 0.4541
