Location: Dedata_15.png_Otsu.png
Component: component_1755519779286_40.png
centerX: 0.9419354838709677
centerY: 0.10173838700484468
width: 0.02661290322580645
height: 0.03619264747791394
Area: 0.0002910718061390526
CentroidX: 0.9543
CentroidY: 0.1188
