Location: Dedata_15.png_Gaussian-Median.png
Component: component_1755519780146_94.png
centerX: 0.41169354838709676
centerY: 0.2322599031062981
width: 0.028629032258064516
height: 0.04103733257338273
Area: 0.00035703122845402144
CentroidX: 0.4269
CentroidY: 0.2525
