Location: Dedata_15.png_Mean-Closing.png
Component: component_1755519780041_243.png
centerX: 0.9278225806451613
centerY: 0.694784838985466
width: 0.028629032258064516
height: 0.04645198062125962
Area: 0.00047401152796036
CentroidX: 0.9416
CentroidY: 0.7169
