Location: Dedata_15.png_Otsu.png
Component: component_1755519779282_26.png
centerX: 0.6778225806451613
centerY: 0.057566258193217444
width: 0.03064516129032258
height: 0.0347677400968937
Area: 0.0003258901074655954
CentroidX: 0.6928
CentroidY: 0.0740
