Location: Dedata_15.png_Otsu.png
Component: component_1755519779294_85.png
centerX: 0.6370967741935484
centerY: 0.22057566258193217
width: 0.025403225806451612
height: 0.03761755485893417
Area: 0.0002449921400270273
CentroidX: 0.6507
CentroidY: 0.2383
