Location: Dedata_15.png_Mean-Closing.png
Component: component_1755519779989_80.png
centerX: 0.06491935483870968
centerY: 0.18951268167569107
width: 0.028225806451612902
height: 0.038472499287546306
Area: 0.0003582952591952491
CentroidX: 0.0804
CentroidY: 0.2067
