Location: Dedata_15.png_Gaussian-Closing.png
Component: component_1755519779545_17.png
centerX: 0.5209677419354839
centerY: 0.013394129381590196
width: 0.03508064516129032
height: 0.03562268452550584
Area: 0.0003913898822382997
CentroidX: 0.5399
CentroidY: 0.0290
