Location: Dedata_15.png_Mean-Closing.png
Component: component_1755519779994_105.png
centerX: 0.8064516129032258
centerY: 0.26873753206041606
width: 0.028629032258064516
height: 0.039612425192362494
Area: 0.0003749574826023405
CentroidX: 0.8209
CentroidY: 0.2882
