Location: Dedata_15.png_Mean-Closing.png
Component: component_1755519780056_274.png
centerX: 0.28830645161290325
centerY: 0.8178968367056141
width: 0.031451612903225803
height: 0.0481618694784839
Area: 0.0004759650300149845
CentroidX: 0.3033
CentroidY: 0.8414
