Location: Dedata_15.png_Gaussian-Median.png
Component: component_1755519780134_48.png
centerX: 0.6915322580645161
centerY: 0.1085779424337418
width: 0.031048387096774193
height: 0.03676261043032203
Area: 0.00033910497430570237
CentroidX: 0.7055
CentroidY: 0.1244
