Location: Dedata_15.png_Gaussian-Closing.png
Component: component_1755519779578_50.png
centerX: 0.4588709677419355
centerY: 0.11313764605300655
width: 0.02943548387096774
height: 0.04417212881162724
Area: 0.0003811627244229125
CentroidX: 0.4729
CentroidY: 0.1336
