Location: Dedata_15.png_Mean-Closing.png
Component: component_1755519779976_19.png
centerX: 0.7866935483870968
centerY: 0.014534055286406384
width: 0.03064516129032258
height: 0.03163294385864919
Area: 0.0003342786751119242
CentroidX: 0.8008
CentroidY: 0.0288
