Location: Dedata_15.png_Otsu.png
Component: component_1755519779298_99.png
centerX: 0.896774193548387
centerY: 0.26303790253633513
width: 0.03346774193548387
height: 0.04189227700199487
Area: 0.00038633375927338916
CentroidX: 0.9124
CentroidY: 0.2836
