Location: Dedata_15.png_Gaussian-Median.png
Component: component_1755519780120_7.png
centerX: 0.31451612903225806
centerY: 0.01054431461954973
width: 0.02903225806451613
height: 0.039612425192362494
Area: 0.0003415181239025915
CentroidX: 0.3308
CentroidY: 0.0275
