Location: Dedata_15.png_Gaussian-Closing.png
Component: component_1755519779551_20.png
centerX: 0.6899193548387097
centerY: 0.015104018238814477
width: 0.03306451612903226
height: 0.03334283271587347
Area: 0.0003401391812757977
CentroidX: 0.7060
CentroidY: 0.0296
