Location: Dedata_15.png_Mean-Closing.png
Component: component_1755519779994_104.png
centerX: 0.9399193548387097
centerY: 0.2658877172983756
width: 0.029838709677419355
height: 0.04189227700199487
Area: 0.0003940328556063211
CentroidX: 0.9564
CentroidY: 0.2876
