Location: Dedata_15.png_Mean-Closing.png
Component: component_1755519779988_76.png
centerX: 0.2310483870967742
centerY: 0.18096323738956968
width: 0.027419354838709678
height: 0.039612425192362494
Area: 0.00039276882486509343
CentroidX: 0.2444
CentroidY: 0.1988
