Location: Dedata_15.png_Gaussian-Closing.png
Component: component_1755519779907_283.png
centerX: 0.9048387096774193
centerY: 0.8486748361356512
width: 0.03346774193548387
height: 0.043032202906811055
Area: 0.0004140275236948308
CentroidX: 0.9212
CentroidY: 0.8709
