Location: Dedata_15.png_Gaussian-Median.png
Component: component_1755519780191_236.png
centerX: 0.5830645161290322
centerY: 0.6494727842690226
width: 0.03387096774193549
height: 0.049016813907096037
Area: 0.00046998961196554484
CentroidX: 0.5994
CentroidY: 0.6734
