Location: Dedata_15.png_Otsu.png
Component: component_1755519779294_81.png
centerX: 0.8233870967741935
centerY: 0.20917640353377032
width: 0.031048387096774193
height: 0.04331718438301511
Area: 0.0003179611873615312
CentroidX: 0.8373
CentroidY: 0.2293
