Location: Dedata_15.png_Mean-Closing.png
Component: component_1755519780023_193.png
centerX: 0.4689516129032258
centerY: 0.5297805642633229
width: 0.028225806451612902
height: 0.04730692504987176
Area: 0.0004560852738120409
CentroidX: 0.4826
CentroidY: 0.5531
