Location: Dedata_15.png_Otsu.png
Component: component_1755519779280_20.png
centerX: 0.9653225806451613
centerY: 0.01567398119122257
width: 0.028225806451612902
height: 0.03305785123966942
Area: 0.0002841770930050837
CentroidX: 0.9786
CentroidY: 0.0314
