Location: Dedata_15.png_Otsu.png
Component: component_1755519779311_174.png
centerX: 0.05282258064516129
centerY: 0.43203191792533485
width: 0.03306451612903226
height: 0.048446850954687946
Area: 0.00034554003989740664
CentroidX: 0.0692
CentroidY: 0.4574
