Location: Paraklitoni_1720_page_10.png_Mean-Medain.png
Component: component_1755610055344_1411.png
centerX: 0.3490853658536585
centerY: 0.5082706766917293
width: 0.022103658536585365
height: 0.013533834586466165
Area: 0.00012225686166636101
CentroidX: 0.3608
CentroidY: 0.5147
