Location: Dedata_15.png_Gaussian-Closing.png
Component: component_1755519779720_182.png
centerX: 0.12258064516129032
centerY: 0.49472784269022513
width: 0.027419354838709678
height: 0.049016813907096037
Area: 0.00035415843131486775
CentroidX: 0.1345
CentroidY: 0.5191
