Location: Dedata_15.png_Mean-Closing.png
Component: component_1755519780002_133.png
centerX: 0.4258064516129032
centerY: 0.34368766030208037
width: 0.031451612903225803
height: 0.04616699914505557
Area: 0.0004759650300149845
CentroidX: 0.4410
CentroidY: 0.3665
