Location: Dedata_15.png_Gaussian-Closing.png
Component: component_1755519779658_146.png
centerX: 0.9024193548387097
centerY: 0.38273012254203476
width: 0.03225806451612903
height: 0.04103733257338273
Area: 0.0003234769578687063
CentroidX: 0.9189
CentroidY: 0.4025
