Location: Dedata_15.png_Gaussian-Median.png
Component: component_1755519780127_28.png
centerX: 0.5241935483870968
centerY: 0.05728127671701339
width: 0.034274193548387094
height: 0.043032202906811055
Area: 0.0004209222368287997
CentroidX: 0.5393
CentroidY: 0.0761
