Location: Dedata_15.png_Otsu.png
Component: component_1755519779335_286.png
centerX: 0.014112903225806451
centerY: 0.7637503562268453
width: 0.03387096774193549
height: 0.05072670276432032
Area: 0.0003419777714448561
CentroidX: 0.0298
CentroidY: 0.7883
