Location: Dedata_15.png_Otsu.png
Component: component_1755519779308_159.png
centerX: 0.8576612903225806
centerY: 0.3867198632088914
width: 0.027419354838709678
height: 0.037902536335138216
Area: 0.0002414298715744767
CentroidX: 0.8709
CentroidY: 0.4056
