Location: Dedata_15.png_Gaussian-Median.png
Component: component_1755519780121_10.png
centerX: 0.12419354838709677
centerY: 0.012254203476774009
width: 0.03185483870967742
height: 0.04018238814477059
Area: 0.0003789793985971557
CentroidX: 0.1396
CentroidY: 0.0320
