Location: Dedata_15.png_Mean-Closing.png
Component: component_1755519780039_236.png
centerX: 0.31693548387096776
centerY: 0.6702764320319179
width: 0.03669354838709677
height: 0.049016813907096037
Area: 0.000529169233032111
CentroidX: 0.3339
CentroidY: 0.6930
