Location: Dedata_15.png_Otsu.png
Component: component_1755519779284_33.png
centerX: 0.30766129032258066
centerY: 0.06583072100313479
width: 0.029838709677419355
height: 0.04189227700199487
Area: 0.0003464593349819359
CentroidX: 0.3202
CentroidY: 0.0844
