Location: Dedata_15.png_Gaussian-Median.png
Component: component_1755519780156_132.png
centerX: 0.6544354838709677
centerY: 0.33371330863493875
width: 0.031451612903225803
height: 0.040467369620974636
Area: 0.0003996635379990623
CentroidX: 0.6697
CentroidY: 0.3526
