Location: Dedata_15.png_Gaussian-Median.png
Component: component_1755519780150_105.png
centerX: 0.8516129032258064
centerY: 0.2653177543459675
width: 0.03185483870967742
height: 0.04616699914505557
Area: 0.0004283915093905993
CentroidX: 0.8658
CentroidY: 0.2877
