Location: Dedata_15.png_Mean-Closing.png
Component: component_1755519780063_288.png
centerX: 0.5068548387096774
centerY: 0.8703334283271588
width: 0.02620967741935484
height: 0.05414648047876888
Area: 0.0005125070096250196
CentroidX: 0.5211
CentroidY: 0.8988
