Location: Dedata_15.png_Gaussian-Closing.png
Component: component_1755519779602_66.png
centerX: 0.6141129032258065
centerY: 0.1615844970076945
width: 0.03306451612903226
height: 0.040467369620974636
Area: 0.0003864486711589553
CentroidX: 0.6304
CentroidY: 0.1796
