Location: Dedata_15.png_Otsu.png
Component: component_1755519779282_27.png
centerX: 0.6266129032258064
centerY: 0.058136221145625534
width: 0.03225806451612903
height: 0.03505272157309775
Area: 0.0003410584763603269
CentroidX: 0.6411
CentroidY: 0.0739
