Location: Dedata_15.png_Gaussian-Closing.png
Component: component_1755519779607_69.png
centerX: 0.5612903225806452
centerY: 0.16557423767455115
width: 0.02661290322580645
height: 0.03875748076375036
Area: 0.0003432418021860837
CentroidX: 0.5751
CentroidY: 0.1832
