Location: Dedata_15.png_Otsu.png
Component: component_1755519779280_19.png
centerX: 0.6903225806451613
centerY: 0.015388999715018524
width: 0.03225806451612903
height: 0.03305785123966942
Area: 0.00030371211355132886
CentroidX: 0.7059
CentroidY: 0.0295
