Location: Dedata_15.png_Gaussian-Closing.png
Component: component_1755519779776_242.png
centerX: 0.10161290322580645
centerY: 0.6879452835565688
width: 0.02903225806451613
height: 0.05728127671701339
Area: 0.0004986026714715157
CentroidX: 0.1159
CentroidY: 0.7153
