Location: Dedata_15.png_Otsu.png
Component: component_1755519779288_51.png
centerX: 0.4092741935483871
centerY: 0.11912225705329153
width: 0.02661290322580645
height: 0.039042462239954404
Area: 0.00030129896395443974
CentroidX: 0.4218
CentroidY: 0.1371
