Location: Dedata_15.png_Gaussian-Median.png
Component: component_1755519780128_31.png
centerX: 0.5782258064516129
centerY: 0.05842120262182958
width: 0.03024193548387097
height: 0.03676261043032203
Area: 0.00039391794372075495
CentroidX: 0.5922
CentroidY: 0.0748
