Location: Dedata_15.png_Gaussian-Closing.png
Component: component_1755519779908_284.png
centerX: 0.8467741935483871
centerY: 0.8509546879452835
width: 0.031451612903225803
height: 0.04645198062125962
Area: 0.0004385037553204203
CentroidX: 0.8628
CentroidY: 0.8751
