Location: Dedata_15.png_Otsu.png
Component: component_1755519779314_192.png
centerX: 0.3903225806451613
centerY: 0.47221430607010545
width: 0.02620967741935484
height: 0.051011684240524366
Area: 0.00022568694325191444
CentroidX: 0.4021
CentroidY: 0.4956
