Location: Dedata_15.png_Mean-Closing.png
Component: component_1755519780054_270.png
centerX: 0.5080645161290323
centerY: 0.7931034482758621
width: 0.03225806451612903
height: 0.051581647192932456
Area: 0.0005665155958411091
CentroidX: 0.5250
CentroidY: 0.8189
