Location: Dedata_15.png_Otsu.png
Component: component_1755519779319_221.png
centerX: 0.3657258064516129
centerY: 0.5388999715018524
width: 0.027822580645161292
height: 0.04588201766885153
Area: 0.00037622151334356816
CentroidX: 0.3808
CentroidY: 0.5614
