Location: Dedata_15.png_Otsu.png
Component: component_1755519779289_55.png
centerX: 0.12056451612903225
centerY: 0.1268167569108008
width: 0.03508064516129032
height: 0.045027073240239385
Area: 0.00039851441914340085
CentroidX: 0.1382
CentroidY: 0.1472
