Location: Dedata_15.png_Otsu.png
Component: component_1755519779283_31.png
centerX: 0.4104838709677419
centerY: 0.06269592476489028
width: 0.028225806451612902
height: 0.04217725847819892
Area: 0.0003431268903005176
CentroidX: 0.4237
CentroidY: 0.0808
