Location: Dedata_15.png_Mean-Closing.png
Component: component_1755519779988_75.png
centerX: 0.35201612903225804
centerY: 0.17355371900826447
width: 0.024193548387096774
height: 0.04360216585921915
Area: 0.00039380303183518875
CentroidX: 0.3625
CentroidY: 0.1934
