Location: Dedata_15.png_Gaussian-Closing.png
Component: component_1755519779626_113.png
centerX: 0.35685483870967744
centerY: 0.28697634653747506
width: 0.035483870967741936
height: 0.048446850954687946
Area: 0.0003478382776087296
CentroidX: 0.3736
CentroidY: 0.3110
