Location: Dedata_15.png_Otsu.png
Component: component_1755519779308_158.png
centerX: 0.7528225806451613
centerY: 0.38643488173268736
width: 0.04233870967741935
height: 0.049016813907096037
Area: 0.000360593496906572
CentroidX: 0.7729
CentroidY: 0.4098
