Location: Dedata_15.png_Gaussian-Median.png
Component: component_1755519780202_272.png
centerX: 0.6858870967741936
centerY: 0.7777144485608436
width: 0.03064516129032258
height: 0.05129666571672841
Area: 0.00048515798086027636
CentroidX: 0.7020
CentroidY: 0.8034
