Location: Paraklitoni_1720_page_10.png_Mean-Medain.png
Component: component_1755610055352_1479.png
centerX: 0.4092987804878049
centerY: 0.5328320802005012
width: 0.01524390243902439
height: 0.012030075187969926
Area: 8.519775047374534e-05
CentroidX: 0.4162
CentroidY: 0.5379
