Location: Dedata_15.png_Gaussian-Median.png
Component: component_1755519780208_296.png
centerX: 0.44879032258064516
centerY: 0.8748931319464235
width: 0.03064516129032258
height: 0.05443146195497293
Area: 0.0005045780895209553
CentroidX: 0.4647
CentroidY: 0.9041
