Location: Dedata_15.png_Otsu.png
Component: component_1755519779322_232.png
centerX: 0.7959677419354839
centerY: 0.5716728412653177
width: 0.025806451612903226
height: 0.04730692504987176
Area: 0.00037518730637347284
CentroidX: 0.8091
CentroidY: 0.5938
