Location: Dedata_15.png_Otsu.png
Component: component_1755519779300_119.png
centerX: 0.45403225806451614
centerY: 0.2895411798233115
width: 0.028629032258064516
height: 0.03676261043032203
Area: 0.00019316687963669458
CentroidX: 0.4671
CentroidY: 0.3077
