Location: Dedata_15.png_Otsu.png
Component: component_1755519779337_295.png
centerX: 0.5084677419354838
centerY: 0.7933884297520661
width: 0.031451612903225803
height: 0.051011684240524366
Area: 0.00048446850954687946
CentroidX: 0.5249
CentroidY: 0.8189
