Location: Dedata_15.png_Gaussian-Closing.png
Component: component_1755519779621_100.png
centerX: 0.05524193548387097
centerY: 0.24793388429752067
width: 0.031451612903225803
height: 0.04417212881162724
Area: 0.00038311622647753705
CentroidX: 0.0707
CentroidY: 0.2704
