Location: Dedata_15.png_Mean-Closing.png
Component: component_1755519779994_102.png
centerX: 0.896774193548387
centerY: 0.2627529210601311
width: 0.03346774193548387
height: 0.042462239954402965
Area: 0.00044344496639976466
CentroidX: 0.9125
CentroidY: 0.2837
