Location: Dedata_15.png_Otsu.png
Component: component_1755519779315_198.png
centerX: 0.2310483870967742
centerY: 0.4827586206896552
width: 0.025806451612903226
height: 0.053006554573952695
Area: 0.0002939446032782063
CentroidX: 0.2440
CentroidY: 0.5088
