Location: Dedata_15.png_Gaussian-Closing.png
Component: component_1755519779623_105.png
centerX: 0.9403225806451613
centerY: 0.2658877172983756
width: 0.02943548387096774
height: 0.04189227700199487
Area: 0.0003677180338116732
CentroidX: 0.9564
CentroidY: 0.2875
