Location: Dedata_15.png_Otsu.png
Component: component_1755519779340_311.png
centerX: 0.5620967741935484
centerY: 0.8677685950413223
width: 0.028629032258064516
height: 0.050441721288116276
Area: 0.00038702323058678606
CentroidX: 0.5762
CentroidY: 0.8940
