Location: Dedata_15.png_Gaussian-Closing.png
Component: component_1755519779663_148.png
centerX: 0.7524193548387097
centerY: 0.3861499002564833
width: 0.04314516129032258
height: 0.049586776859504134
Area: 0.0004898693681684884
CentroidX: 0.7735
CentroidY: 0.4099
