Location: Dedata_15.png_Otsu.png
Component: component_1755519779304_140.png
centerX: 0.6088709677419355
centerY: 0.33741806782559136
width: 0.027822580645161292
height: 0.04616699914505557
Area: 0.00037909431048272185
CentroidX: 0.6228
CentroidY: 0.3601
