Location: Dedata_15.png_Gaussian-Closing.png
Component: component_1755519779707_176.png
centerX: 0.4415322580645161
centerY: 0.4670846394984326
width: 0.027016129032258064
height: 0.045597036192647475
Area: 0.00031347962382445143
CentroidX: 0.4552
CentroidY: 0.4898
