Location: Dedata_15.png_Otsu.png
Component: component_1755519779342_320.png
centerX: 0.01129032258064516
centerY: 0.8994015388999715
width: 0.03225806451612903
height: 0.051581647192932456
Area: 0.00047159837836347086
CentroidX: 0.0272
CentroidY: 0.9259
