Location: Dedata_15.png_Otsu.png
Component: component_1755519779287_48.png
centerX: 0.4592741935483871
centerY: 0.1134226275292106
width: 0.028629032258064516
height: 0.04360216585921915
Area: 0.0003319804374006012
CentroidX: 0.4728
CentroidY: 0.1335
