Location: Dedata_15.png_Gaussian-Closing.png
Component: component_1755519779618_92.png
centerX: 0.4560483870967742
centerY: 0.23055001424907381
width: 0.024596774193548387
height: 0.04189227700199487
Area: 0.000343471625957216
CentroidX: 0.4689
CentroidY: 0.2509
