Location: Dedata_15.png_Mean-Closing.png
Component: component_1755519780004_143.png
centerX: 0.04959677419354839
centerY: 0.3730407523510972
width: 0.03346774193548387
height: 0.04132231404958678
Area: 0.00043459675121117127
CentroidX: 0.0650
CentroidY: 0.3935
