Location: Dedata_15.png_Gaussian-Closing.png
Component: component_1755519779683_165.png
centerX: 0.006048387096774193
centerY: 0.43830151040182386
width: 0.03064516129032258
height: 0.04930179538330009
Area: 0.0004003530093124592
CentroidX: 0.0217
CentroidY: 0.4646
