Location: Dedata_15.png_Mean-Closing.png
Component: component_1755519779989_83.png
centerX: 0.9145161290322581
centerY: 0.20604160729552579
width: 0.032661290322580645
height: 0.045027073240239385
Area: 0.00039518197446198255
CentroidX: 0.9307
CentroidY: 0.2270
