Location: Dedata_15.png_Gaussian-Median.png
Component: component_1755519780196_249.png
centerX: 0.8241935483870968
centerY: 0.6973496722713024
width: 0.03185483870967742
height: 0.05129666571672841
Area: 0.0005010158210684047
CentroidX: 0.8394
CentroidY: 0.7228
