Location: Dedata_15.png_Mean-Closing.png
Component: component_1755519779977_25.png
centerX: 0.7245967741935484
centerY: 0.0567113137646053
width: 0.028225806451612902
height: 0.03562268452550584
Area: 0.0003671434743838425
CentroidX: 0.7376
CentroidY: 0.0726
