Location: Dedata_15.png_Gaussian-Closing.png
Component: component_1755519779655_142.png
centerX: 0.15120967741935484
centerY: 0.36449130806497576
width: 0.034274193548387094
height: 0.047591906526075804
Area: 0.00045562562626977636
CentroidX: 0.1672
CentroidY: 0.3876
