Location: Dedata_15.png_Mean-Closing.png
Component: component_1755519779974_13.png
centerX: 0.2125
centerY: 0.012539184952978056
width: 0.03024193548387097
height: 0.036477628954117984
Area: 0.0003461145993252374
CentroidX: 0.2286
CentroidY: 0.0295
