Location: Dedata_15.png_Otsu.png
Component: component_1755519779306_152.png
centerX: 0.09879032258064516
centerY: 0.3667711598746082
width: 0.03588709677419355
height: 0.04645198062125962
Area: 0.0004190836466597413
CentroidX: 0.1154
CentroidY: 0.3905
