Location: Dedata_15.png_Otsu.png
Component: component_1755519779320_226.png
centerX: 0.11693548387096774
centerY: 0.554573952693075
width: 0.029838709677419355
height: 0.045597036192647475
Area: 0.00036231717519006425
CentroidX: 0.1311
CentroidY: 0.5761
