Location: Dedata_15.png_Gaussian-Closing.png
Component: component_1755519779574_41.png
centerX: 0.014919354838709677
centerY: 0.0695354801937874
width: 0.03024193548387097
height: 0.04673696209746366
Area: 0.0004318388659575837
CentroidX: 0.0300
CentroidY: 0.0921
