Location: Dedata_15.png_Gaussian-Closing.png
Component: component_1755519779677_157.png
centerX: 0.4125
centerY: 0.40524365916215443
width: 0.03870967741935484
height: 0.04616699914505557
Area: 0.0004502247676481674
CentroidX: 0.4299
CentroidY: 0.4281
