Location: Dedata_15.png_Otsu.png
Component: component_1755519779276_8.png
centerX: 0.12459677419354839
centerY: 0.012539184952978056
width: 0.031048387096774193
height: 0.039612425192362494
Area: 0.00033910497430570237
CentroidX: 0.1395
CentroidY: 0.0320
