Location: Dedata_15.png_Gaussian-Median.png
Component: component_1755519780134_50.png
centerX: 0.5774193548387097
centerY: 0.11142775719578227
width: 0.03185483870967742
height: 0.04531205471644343
Area: 0.00041965820608757203
CentroidX: 0.5913
CentroidY: 0.1323
