Location: Dedata_15.png_Otsu.png
Component: component_1755519779337_297.png
centerX: 0.4036290322580645
centerY: 0.8056426332288401
width: 0.02943548387096774
height: 0.04987175833570818
Area: 0.00043068974710192226
CentroidX: 0.4187
CentroidY: 0.8305
