Location: Dedata_15.png_Mean-Closing.png
Component: component_1755519780033_222.png
centerX: 0.05806451612903226
centerY: 0.6215445996010259
width: 0.02661290322580645
height: 0.04873183243089199
Area: 0.0004464326754244845
CentroidX: 0.0710
CentroidY: 0.6451
