Location: Dedata_15.png_Mean-Closing.png
Component: component_1755519780047_260.png
centerX: 0.06370967741935483
centerY: 0.7594756340837846
width: 0.02943548387096774
height: 0.05471644343117697
Area: 0.00044654758731005063
CentroidX: 0.0773
CentroidY: 0.7863
