Location: Dedata_15.png_Mean-Closing.png
Component: component_1755519780062_283.png
centerX: 0.7330645161290322
centerY: 0.8583642063265887
width: 0.02903225806451613
height: 0.04588201766885153
Area: 0.00050354388255086
CentroidX: 0.7472
CentroidY: 0.8836
