Location: Paraklitoni_1720_page_10.png_Mean-Medain.png
Component: component_1755610055665_2302.png
centerX: 0.22027439024390244
centerY: 0.844110275689223
width: 0.01524390243902439
height: 0.012531328320802004
Area: 8.672596124457486e-05
CentroidX: 0.2274
CentroidY: 0.8493
