Location: Dedata_15.png_Gaussian-Closing.png
Component: component_1755519779757_218.png
centerX: 0.33548387096774196
centerY: 0.6021658592191508
width: 0.03346774193548387
height: 0.04930179538330009
Area: 0.0004806764173231966
CentroidX: 0.3510
CentroidY: 0.6251
