Location: Dedata_15.png_Gaussian-Closing.png
Component: component_1755519779735_196.png
centerX: 0.4161290322580645
centerY: 0.5323453975491593
width: 0.02943548387096774
height: 0.04588201766885153
Area: 0.00042379503396795337
CentroidX: 0.4305
CentroidY: 0.5554
