Location: Dedata_15.png_Gaussian-Closing.png
Component: component_1755519779649_137.png
centerX: 0.375
centerY: 0.34967227130236533
width: 0.029838709677419355
height: 0.04217725847819892
Area: 0.00039908897857123156
CentroidX: 0.3908
CentroidY: 0.3705
