Location: Dedata_15.png_Gaussian-Median.png
Component: component_1755519780163_159.png
centerX: 0.35846774193548386
centerY: 0.40894841835280704
width: 0.038306451612903226
height: 0.04873183243089199
Area: 0.00043229851349984834
CentroidX: 0.3773
CentroidY: 0.4329
