Location: Dedata_15.png_Otsu.png
Component: component_1755519779314_190.png
centerX: 0.44193548387096776
centerY: 0.4676546024508407
width: 0.025806451612903226
height: 0.04445711028783129
Area: 0.00021488522600869654
CentroidX: 0.4547
CentroidY: 0.4895
