Location: Dedata_15.png_Gaussian-Closing.png
Component: component_1755519779618_90.png
centerX: 0.5020161290322581
centerY: 0.22542034767740096
width: 0.02620967741935484
height: 0.05072670276432032
Area: 0.00037817501539819267
CentroidX: 0.5159
CentroidY: 0.2493
