Location: Dedata_15.png_Gaussian-Closing.png
Component: component_1755519779755_215.png
centerX: 0.4814516129032258
centerY: 0.5933314334568253
width: 0.03064516129032258
height: 0.047591906526075804
Area: 0.00044804144182241057
CentroidX: 0.4967
CentroidY: 0.6168
