Location: Dedata_15.png_Gaussian-Closing.png
Component: component_1755519779753_212.png
centerX: 0.6286290322580645
centerY: 0.5807922485038473
width: 0.03387096774193549
height: 0.050441721288116276
Area: 0.0004485010893646752
CentroidX: 0.6452
CentroidY: 0.6058
