Location: Dedata_15.png_Mean-Closing.png
Component: component_1755519779986_65.png
centerX: 0.7790322580645161
centerY: 0.1578797378170419
width: 0.03185483870967742
height: 0.03220290681105728
Area: 0.00034140321201702535
CentroidX: 0.7958
CentroidY: 0.1739
