Location: Dedata_15.png_Otsu.png
Component: component_1755519779303_139.png
centerX: 0.6548387096774193
centerY: 0.3339982901111428
width: 0.03024193548387097
height: 0.039897406668566546
Area: 0.00035243475303137553
CentroidX: 0.6696
CentroidY: 0.3525
