Location: Dedata_15.png_Gaussian-Closing.png
Component: component_1755519779572_36.png
centerX: 0.30766129032258066
centerY: 0.06583072100313479
width: 0.03024193548387097
height: 0.042462239954402965
Area: 0.00039161970600943197
CentroidX: 0.3203
CentroidY: 0.0846
