Location: Dedata_15.png_Mean-Closing.png
Component: component_1755519780021_184.png
centerX: 0.9419354838709677
centerY: 0.5035622684525506
width: 0.02903225806451613
height: 0.047591906526075804
Area: 0.0004936614603921713
CentroidX: 0.9557
CentroidY: 0.5270
