Location: Dedata_15.png_Gaussian-Closing.png
Component: component_1755519779542_8.png
centerX: 0.8790322580645161
centerY: 0.011114277571957822
width: 0.02620967741935484
height: 0.03619264747791394
Area: 0.0003370365603655117
CentroidX: 0.8926
CentroidY: 0.0287
