Location: Dedata_15.png_Mean-Closing.png
Component: component_1755519780042_248.png
centerX: 0.667741935483871
centerY: 0.7090339127956683
width: 0.027822580645161292
height: 0.051011684240524366
Area: 0.0005427288355289165
CentroidX: 0.6814
CentroidY: 0.7340
