Location: Dedata_15.png_Gaussian-Median.png
Component: component_1755519780204_282.png
centerX: 0.17056451612903226
centerY: 0.8247363921345112
width: 0.03306451612903226
height: 0.043032202906811055
Area: 0.00043953796229051565
CentroidX: 0.1878
CentroidY: 0.8471
