Location: Dedata_15.png_Gaussian-Median.png
Component: component_1755519780169_179.png
centerX: 0.3350806451612903
centerY: 0.47392419492732973
width: 0.027822580645161292
height: 0.04616699914505557
Area: 0.0003242813410676693
CentroidX: 0.3485
CentroidY: 0.4965
