Location: Dedata_15.png_Gaussian-Closing.png
Component: component_1755519779771_236.png
centerX: 0.4290322580645161
centerY: 0.6603020803647763
width: 0.03346774193548387
height: 0.056141350812197205
Area: 0.0005587015876226109
CentroidX: 0.4454
CentroidY: 0.6876
