Location: Dedata_15.png_Mean-Closing.png
Component: component_1755519780062_286.png
centerX: 0.6225806451612903
centerY: 0.8626389284696495
width: 0.031048387096774193
height: 0.053006554573952695
Area: 0.0005333060609124923
CentroidX: 0.6383
CentroidY: 0.8909
