Location: Dedata_15.png_Gaussian-Closing.png
Component: component_1755519779912_291.png
centerX: 0.507258064516129
centerY: 0.8703334283271588
width: 0.025806451612903226
height: 0.05386149900256483
Area: 0.00046309489883157595
CentroidX: 0.5211
CentroidY: 0.8986
