Location: Dedata_15.png_Mean-Closing.png
Component: component_1755519779980_39.png
centerX: 0.16653225806451613
centerY: 0.06811057281276717
width: 0.031048387096774193
height: 0.038472499287546306
Area: 0.0003933433842929242
CentroidX: 0.1804
CentroidY: 0.0854
