Location: Dedata_15.png_Otsu.png
Component: component_1755519779310_170.png
centerX: 0.26491935483870965
centerY: 0.4189227700199487
width: 0.03185483870967742
height: 0.045027073240239385
Area: 0.0003451953042407082
CentroidX: 0.2813
CentroidY: 0.4405
