Location: Dedata_15.png_Gaussian-Closing.png
Component: component_1755519779803_265.png
centerX: 0.8959677419354839
centerY: 0.7731547449415788
width: 0.02943548387096774
height: 0.04445711028783129
Area: 0.00041850908723191057
CentroidX: 0.9107
CentroidY: 0.7947
