Location: Kurtxevani_1764_page_10.png_Otsu.png
Component: component_1755610055996_1843.png
centerX: 0.658252427184466
centerY: 0.7764265668849392
width: 0.020711974110032363
height: 0.021515434985968196
Area: 0.0001940536629520981
CentroidX: 0.6687
CentroidY: 0.7874
