Location: Dedata_15.png_Gaussian-Closing.png
Component: component_1755519779766_230.png
centerX: 0.7370967741935484
centerY: 0.6389284696494728
width: 0.031048387096774193
height: 0.04873183243089199
Area: 0.00042965554013182694
CentroidX: 0.7520
CentroidY: 0.6629
