Location: Dedata_15.png_Gaussian-Closing.png
Component: component_1755519779655_141.png
centerX: 0.1963709677419355
centerY: 0.36078654887432315
width: 0.03185483870967742
height: 0.047021943573667714
Area: 0.0004445940852554261
CentroidX: 0.2108
CentroidY: 0.3838
