Location: Dedata_15.png_Gaussian-Closing.png
Component: component_1755519779775_240.png
centerX: 0.2
centerY: 0.6822456540324879
width: 0.03064516129032258
height: 0.055571387859789115
Area: 0.0004889500730839592
CentroidX: 0.2160
CentroidY: 0.7097
