Location: Dedata_15.png_Gaussian-Median.png
Component: component_1755519780205_284.png
centerX: 0.059274193548387095
centerY: 0.8298660587061841
width: 0.03669354838709677
height: 0.04930179538330009
Area: 0.0005106684194559612
CentroidX: 0.0765
CentroidY: 0.8550
