Location: Dedata_15.png_Mean-Closing.png
Component: component_1755519780036_228.png
centerX: 0.7370967741935484
centerY: 0.6389284696494728
width: 0.031048387096774193
height: 0.04873183243089199
Area: 0.0004552808906130779
CentroidX: 0.7520
CentroidY: 0.6629
