Location: Dedata_15.png_Mean-Closing.png
Component: component_1755519779978_29.png
centerX: 0.6262096774193548
centerY: 0.05785123966942149
width: 0.03306451612903226
height: 0.03562268452550584
Area: 0.00040862666507322185
CentroidX: 0.6412
CentroidY: 0.0740
