Location: Dedata_15.png_Gaussian-Median.png
Component: component_1755519780185_225.png
centerX: 0.09879032258064516
centerY: 0.6204046736962098
width: 0.03467741935483871
height: 0.047021943573667714
Area: 0.00046022210169242226
CentroidX: 0.1154
CentroidY: 0.6448
