Location: Dedata_15.png_Mean-Closing.png
Component: component_1755519780059_276.png
centerX: 0.17056451612903226
centerY: 0.8247363921345112
width: 0.03306451612903226
height: 0.043032202906811055
Area: 0.00046964487630884636
CentroidX: 0.1878
CentroidY: 0.8472
