Location: Dedata_15.png_Gaussian-Median.png
Component: component_1755519780178_207.png
centerX: 0.8919354838709678
centerY: 0.5634083784554004
width: 0.03185483870967742
height: 0.05072670276432032
Area: 0.00043218360161428215
CentroidX: 0.9058
CentroidY: 0.5883
