Location: Dedata_15.png_Mean-Closing.png
Component: component_1755519779991_92.png
centerX: 0.45564516129032256
centerY: 0.23055001424907381
width: 0.025
height: 0.04189227700199487
Area: 0.00036783294569723933
CentroidX: 0.4689
CentroidY: 0.2509
