Location: Dedata_15.png_Mean-Closing.png
Component: component_1755519780001_127.png
centerX: 0.7387096774193549
centerY: 0.329153605015674
width: 0.03225806451612903
height: 0.04417212881162724
Area: 0.000415751201978323
CentroidX: 0.7543
CentroidY: 0.3506
