Location: Dedata_15.png_Gaussian-Closing.png
Component: component_1755519779608_72.png
centerX: 0.39798387096774196
centerY: 0.1724137931034483
width: 0.03588709677419355
height: 0.04217725847819892
Area: 0.0003747276588312082
CentroidX: 0.4168
CentroidY: 0.1919
