Location: Dedata_15.png_Gaussian-Closing.png
Component: component_1755519779697_169.png
centerX: 0.7810483870967742
centerY: 0.4462809917355372
width: 0.03346774193548387
height: 0.04474209176403534
Area: 0.0003252006361521985
CentroidX: 0.7971
CentroidY: 0.4668
