Location: Dedata_15.png_Gaussian-Median.png
Component: component_1755519780126_26.png
centerX: 0.725
centerY: 0.0567113137646053
width: 0.027822580645161292
height: 0.03562268452550584
Area: 0.0003470338944097666
CentroidX: 0.7377
CentroidY: 0.0727
