Location: Dedata_15.png_Mean-Closing.png
Component: component_1755519780050_264.png
centerX: 0.9467741935483871
centerY: 0.7751496152750071
width: 0.03024193548387097
height: 0.04987175833570818
Area: 0.0004950404030189651
CentroidX: 0.9617
CentroidY: 0.7990
