Location: Dedata_15.png_Otsu.png
Component: component_1755519779333_280.png
centerX: 0.3008064516129032
centerY: 0.7446565973211742
width: 0.02661290322580645
height: 0.049016813907096037
Area: 0.0003816223719651771
CentroidX: 0.3152
CentroidY: 0.7690
