Location: Dedata_15.png_Mean-Closing.png
Component: component_1755519779974_12.png
centerX: 0.9229838709677419
centerY: 0.011969222000569962
width: 0.02943548387096774
height: 0.03305785123966942
Area: 0.00035703122845402144
CentroidX: 0.9364
CentroidY: 0.0279
