Location: Dedata_15.png_Mean-Closing.png
Component: component_1755519779975_16.png
centerX: 0.7387096774193549
centerY: 0.012824166429182103
width: 0.03467741935483871
height: 0.03505272157309775
Area: 0.00038047325310951565
CentroidX: 0.7553
CentroidY: 0.0282
