Location: Dedata_15.png_Gaussian-Closing.png
Component: component_1755519779552_25.png
centerX: 0.725
centerY: 0.0567113137646053
width: 0.027822580645161292
height: 0.03562268452550584
Area: 0.0003468040706386343
CentroidX: 0.7377
CentroidY: 0.0727
