Location: Dedata_15.png_Mean-Closing.png
Component: component_1755519780027_209.png
centerX: 0.6850806451612903
centerY: 0.5787973781704189
width: 0.03064516129032258
height: 0.04616699914505557
Area: 0.00045976245415015765
CentroidX: 0.6994
CentroidY: 0.6011
