Location: Dedata_15.png_Gaussian-Closing.png
Component: component_1755519779587_58.png
centerX: 0.06653225806451613
centerY: 0.1359361641493303
width: 0.028629032258064516
height: 0.04132231404958678
Area: 0.00038725305435791834
CentroidX: 0.0806
CentroidY: 0.1539
