Location: Kurtxevani_1764_page_10.png_Otsu.png
Component: component_1755610055903_1053.png
centerX: 0.2
centerY: 0.38868101028999064
width: 0.025889967637540454
height: 0.01824134705332086
Area: 0.00021312601984130588
CentroidX: 0.2132
CentroidY: 0.3959
