Location: Dedata_15.png_Gaussian-Median.png
Component: component_1755519780187_231.png
centerX: 0.7911290322580645
centerY: 0.6335138216015959
width: 0.02903225806451613
height: 0.05129666571672841
Area: 0.0004733220566469631
CentroidX: 0.8038
CentroidY: 0.6585
