Location: Dedata_15.png_Gaussian-Median.png
Component: component_1755519780198_258.png
centerX: 0.41411290322580646
centerY: 0.731547449415788
width: 0.02661290322580645
height: 0.048446850954687946
Area: 0.0004380441077781557
CentroidX: 0.4282
CentroidY: 0.7550
