Location: Dedata_15.png_Otsu.png
Component: component_1755519779318_218.png
centerX: 0.5129032258064516
centerY: 0.5289256198347108
width: 0.03024193548387097
height: 0.04730692504987176
Area: 0.00040207668759595144
CentroidX: 0.5282
CentroidY: 0.5520
