Location: Dedata_15.png_Mean-Closing.png
Component: component_1755519780005_149.png
centerX: 0.7004032258064516
centerY: 0.39013964092333997
width: 0.03346774193548387
height: 0.04673696209746366
Area: 0.0004605668373491207
CentroidX: 0.7166
CentroidY: 0.4130
