Location: Dedata_33.png_Gaussian-Closing.png
Component: component_1755502147296_299.png
centerX: 0.5856509471987102
centerY: 0.530938123752495
width: 0.018540910923014912
height: 0.03222127174222983
Area: 0.0001977963805216193
CentroidX: 0.5976
CentroidY: 0.5434
