Location: Dedata_33.png_Gaussian-Closing.png
Component: component_1755502147283_256.png
centerX: 0.25272067714631197
centerY: 0.4459652124322783
width: 0.02176541717049577
height: 0.032506415739948676
Area: 0.0002938787594385709
CentroidX: 0.2655
CentroidY: 0.4579
