Location: Dedata_33.png_Mean-Medain.png
Component: component_1755502146713_260.png
centerX: 0.05642885933091495
centerY: 0.40889649272882805
width: 0.020959290608625555
height: 0.033361847733105215
Area: 0.0002516990548183302
CentroidX: 0.0689
CentroidY: 0.4225
