Location: Dedata_33.png_Gaussian-Closing.png
Component: component_1755502147275_231.png
centerX: 0.17573559048770657
centerY: 0.3983461648132307
width: 0.026602176541717048
height: 0.031080695751354435
Area: 0.0002637668177205789
CentroidX: 0.1909
CentroidY: 0.4093
