Location: Dedata_33.png_Gaussian-Median.png
Component: component_1755502146840_138.png
centerX: 0.841596130592503
centerY: 0.2275449101796407
width: 0.01894397420395002
height: 0.03279155973766752
Area: 0.00021951835374566696
CentroidX: 0.8516
CentroidY: 0.2403
