Location: internet_5.png_Gaussian-Closing.png
Component: component_1755094087612_83.png
centerX: 0.3422007255139057
centerY: 0.22298260621613916
width: 0.03990326481257558
height: 0.029940119760479042
Area: 0.00044466833017904996
CentroidX: 0.3655
CentroidY: 0.2340
