Location: Dedata_33.png_Mean-Closing.png
Component: component_1755502147482_252.png
centerX: 0.17291414752116083
centerY: 0.44967208440262335
width: 0.02176541717049577
height: 0.038209295694325636
Area: 0.00033709284373614724
CentroidX: 0.1853
CentroidY: 0.4643
