Location: internet_5.png_Gaussian-Closing.png
Component: component_1755094087591_31.png
centerX: 0.7488915759774285
centerY: 0.10521813515825491
width: 0.03990326481257558
height: 0.03222127174222983
Area: 0.000499490453077837
CentroidX: 0.7709
CentroidY: 0.1186
