Location: internet_5.png_Mean-Closing.png
Component: component_1755094087480_67.png
centerX: 0.16928657799274485
centerY: 0.17650413458796693
width: 0.03788794840790004
height: 0.03279155973766752
Area: 0.0005106387673780096
CentroidX: 0.1907
CentroidY: 0.1897
