Location: Dedata_33.png_Mean-Closing.png
Component: component_1755502147420_116.png
centerX: 0.05038291011688835
centerY: 0.20216709438266325
width: 0.02257154373236598
height: 0.03051040775591674
Area: 0.00023641322180881515
CentroidX: 0.0641
CentroidY: 0.2135
