Location: Dedata_33.png_Mean-Closing.png
Component: component_1755502147415_97.png
centerX: 0.9665457476823861
centerY: 0.18192187054462503
width: 0.020556227327690448
height: 0.030795551753635585
Area: 0.00024422853492646194
CentroidX: 0.9771
CentroidY: 0.1926
