Location: Dedata_33.png_Gaussian-Closing.png
Component: component_1755502147333_410.png
centerX: 0.6795646916565901
centerY: 0.7288280581693756
width: 0.019347037484885126
height: 0.03792415169660679
Area: 0.0002629623001937623
CentroidX: 0.6918
CentroidY: 0.7437
