Location: Dedata_33.png_Gaussian-Median.png
Component: component_1755502146875_290.png
centerX: 0.6606207174526401
centerY: 0.4234388366124893
width: 0.0237807335751713
height: 0.03706871970345024
Area: 0.0003450230879290535
CentroidX: 0.6729
CentroidY: 0.4373
