Location: internet_5.png_Mean-Closing.png
Component: component_1755094087490_117.png
centerX: 0.1841999193873438
centerY: 0.32620473339036216
width: 0.04353083434099154
height: 0.02594810379241517
Area: 0.00046225278469375525
CentroidX: 0.2075
CentroidY: 0.3363
