Location: Dedata_33.png_Mean-Medain.png
Component: component_1755502146694_146.png
centerX: 0.29302700523982267
centerY: 0.23980610208155118
width: 0.016928657799274487
height: 0.03307670373538637
Area: 0.0002770988224506822
CentroidX: 0.3016
CentroidY: 0.2533
