Location: Dedata_33.png_Mean-Medain.png
Component: component_1755502146662_2.png
centerX: 0.9459895203546956
centerY: 0.008269175933846592
width: 0.022974607013301087
height: 0.033361847733105215
Area: 0.00028146620331054366
CentroidX: 0.9557
CentroidY: 0.0207
