Location: Dedata_33.png_Gaussian-Median.png
Component: component_1755502146858_190.png
centerX: 0.12333736396614269
centerY: 0.29369831765041343
width: 0.022168480451430876
height: 0.033932135728542916
Area: 0.00024664208750691164
CentroidX: 0.1348
CentroidY: 0.3065
