Location: Dedata_33.png_Mean-Closing.png
Component: component_1755502147471_236.png
centerX: 0.7638049173720274
centerY: 0.4180211006558312
width: 0.022974607013301087
height: 0.036783575705731396
Area: 0.0003236459079307844
CentroidX: 0.7763
CentroidY: 0.4317
