Location: internet_5.png_Gaussian-Closing.png
Component: component_1755094087695_246.png
centerX: 0.4139459895203547
centerY: 0.7359566581123468
width: 0.04514308746473196
height: 0.028229255774165955
Area: 0.00042168211512714766
CentroidX: 0.4393
CentroidY: 0.7470
