Location: Dedata_33.png_Mean-Medain.png
Component: component_1755502146680_79.png
centerX: 0.38331318016928656
centerY: 0.13686911890504705
width: 0.01894397420395002
height: 0.036213287710293696
Area: 0.0002807766168589866
CentroidX: 0.3930
CentroidY: 0.1506
