Location: Dedata_33.png_Gaussian-Closing.png
Component: component_1755502147311_355.png
centerX: 0.6029826682789198
centerY: 0.6224693470202453
width: 0.018137847642079808
height: 0.033932135728542916
Area: 0.00025652615997922966
CentroidX: 0.6138
CentroidY: 0.6357
