Location: internet_5.png_Gaussian-Closing.png
Component: component_1755094087643_210.png
centerX: 0.49939540507859737
centerY: 0.6238950670088395
width: 0.041112454655380895
height: 0.029940119760479042
Area: 0.00045742567953285573
CentroidX: 0.5208
CentroidY: 0.6367
