Location: internet_5.png_Gaussian-Median.png
Component: component_1755094087062_262.png
centerX: 0.17573559048770657
centerY: 0.7419446820644425
width: 0.039500201531640466
height: 0.029369831765041345
Area: 0.00042030294222403355
CentroidX: 0.1986
CentroidY: 0.7528
