Location: Dedata_33.png_Mean-Closing.png
Component: component_1755502147427_148.png
centerX: 0.905683192261185
centerY: 0.26917593384659255
width: 0.025796049979846837
height: 0.029654975762760195
Area: 0.0003168649744904732
CentroidX: 0.9200
CentroidY: 0.2803
