Location: Dedata_33.png_Gaussian-Closing.png
Component: component_1755502147281_251.png
centerX: 0.407496977025393
centerY: 0.43741089250071286
width: 0.02176541717049577
height: 0.03136583974907328
Area: 0.0002760644427733466
CentroidX: 0.4205
CentroidY: 0.4489
