Location: Dedata_33.png_Mean-Closing.png
Component: component_1755502147433_178.png
centerX: 0.7605804111245466
centerY: 0.3153692614770459
width: 0.020959290608625555
height: 0.029940119760479042
Area: 0.00021457631750950796
CentroidX: 0.7731
CentroidY: 0.3268
