Location: Dedata_33.png_Mean-Closing.png
Component: component_1755502147417_106.png
centerX: 0.29302700523982267
centerY: 0.1899059024807528
width: 0.018137847642079808
height: 0.035642999714856
Area: 0.00025629629782871063
CentroidX: 0.3016
CentroidY: 0.2048
