Location: Dedata_33.png_Mean-Closing.png
Component: component_1755502147688_369.png
centerX: 0.014510278113663845
centerY: 0.6669518106643855
width: 0.02176541717049577
height: 0.035642999714856
Area: 0.00030284338330881276
CentroidX: 0.0274
CentroidY: 0.6808
