Location: Dedata_33.png_Gaussian-Median.png
Component: component_1755502146893_352.png
centerX: 0.44014510278113667
centerY: 0.5372112917023096
width: 0.019347037484885126
height: 0.03022526375819789
Area: 0.00020515196933822803
CentroidX: 0.4531
CentroidY: 0.5488
