Location: Dedata_33.png_Gaussian-Closing.png
Component: component_1755502147284_263.png
centerX: 0.9343006852075776
centerY: 0.4639292842885657
width: 0.019347037484885126
height: 0.03364699173082407
Area: 0.00022250656170241426
CentroidX: 0.9471
CentroidY: 0.4770
