Location: Dedata_33.png_Mean-Medain.png
Component: component_1755502146668_21.png
centerX: 0.6569931479242241
centerY: 0.010835471913316224
width: 0.02176541717049577
height: 0.03450242372398061
Area: 0.00031652018126469465
CentroidX: 0.6670
CentroidY: 0.0249
