Location: internet_5.png_Gaussian-Median.png
Component: component_1755094087054_228.png
centerX: 0.008464328899637243
centerY: 0.6384374108925007
width: 0.04232164449818621
height: 0.03307670373538637
Area: 0.00047627437587541565
CentroidX: 0.0327
CentroidY: 0.6521
