Location: internet_5.png_Mean-Closing.png
Component: component_1755094087471_28.png
centerX: 0.18540910923014914
centerY: 0.06045052751639578
width: 0.04312777106005643
height: 0.034787567721699456
Area: 0.0006783232061816369
CentroidX: 0.2082
CentroidY: 0.0758
