Location: internet_5.png_Mean-Medain.png
Component: component_1755094087335_67.png
centerX: 0.16928657799274485
centerY: 0.17621899059024806
width: 0.03788794840790004
height: 0.03307670373538637
Area: 0.0005110984916790476
CentroidX: 0.1907
CentroidY: 0.1897
