Location: Dedata_33.png_Gaussian-Median.png
Component: component_1755502146917_437.png
centerX: 0.41878274889157596
centerY: 0.6920444824636441
width: 0.02176541717049577
height: 0.03592814371257485
Area: 0.00028250058298787925
CentroidX: 0.4322
CentroidY: 0.7060
