Location: Dedata_33.png_Mean-Medain.png
Component: component_1755502146709_219.png
centerX: 0.728335348649738
centerY: 0.3686911890504705
width: 0.024586860137041516
height: 0.036783575705731396
Area: 0.0002922697243849377
CentroidX: 0.7424
CentroidY: 0.3820
