Location: Kurtxevani_1794_page_10.png_Mean-Medain.png
Component: component_1755610054610_557.png
centerX: 0.6569257744009351
centerY: 0.10665491405905686
width: 0.01636469900642899
height: 0.013662406346408109
Area: 0.0001228666093632599
CentroidX: 0.6660
CentroidY: 0.1122
