Location: Dedata_33.png_Gaussian-Median.png
Component: component_1755502146919_443.png
centerX: 0.22168480451430875
centerY: 0.7074422583404619
width: 0.02257154373236598
height: 0.039064727687482176
Area: 0.00029445341481486846
CentroidX: 0.2361
CentroidY: 0.7220
