Location: Dedata_33.png_Mean-Medain.png
Component: component_1755502146719_291.png
centerX: 0.9338976219266425
centerY: 0.4639292842885657
width: 0.019750100765820233
height: 0.033932135728542916
Area: 0.00023135625449739663
CentroidX: 0.9471
CentroidY: 0.4769
