Location: Dedata_33.png_Mean-Medain.png
Component: component_1755502146721_302.png
centerX: 0.5122934300685208
centerY: 0.4816082121471343
width: 0.022168480451430876
height: 0.03735386370116909
Area: 0.0003626075424437588
CentroidX: 0.5248
CentroidY: 0.4963
