Location: Dedata_33.png_Gaussian-Median.png
Component: component_1755502146924_456.png
centerX: 0.012091898428053204
centerY: 0.7228400342172797
width: 0.019750100765820233
height: 0.03649843170801255
Area: 0.0002766390981496442
CentroidX: 0.0245
CentroidY: 0.7374
