Location: internet_5.png_Gaussian-Median.png
Component: component_1755094087061_257.png
centerX: 0.3498589278516727
centerY: 0.7351012261191902
width: 0.04030632809351068
height: 0.030795551753635585
Area: 0.0004265092202880472
CentroidX: 0.3742
CentroidY: 0.7466
