Location: internet_5.png_Gaussian-Median.png
Component: component_1755094087066_283.png
centerX: 0.12696493349455865
centerY: 0.8006843455945253
width: 0.04070939137444579
height: 0.03279155973766752
Area: 0.0004340946712551749
CentroidX: 0.1524
CentroidY: 0.8128
