Location: Dedata_33.png_Mean-Medain.png
Component: component_1755502146665_8.png
centerX: 0.9036678758565094
centerY: 0.009694895922440832
width: 0.023377670294236194
height: 0.034787567721699456
Area: 0.00024549277675431656
CentroidX: 0.9144
CentroidY: 0.0228
