Location: Dedata_33.png_Mean-Closing.png
Component: component_1755502147430_165.png
centerX: 0.23579201934703747
centerY: 0.28970630168234957
width: 0.02015316404675534
height: 0.034787567721699456
Area: 0.00024342401739964534
CentroidX: 0.2463
CentroidY: 0.3034
