Location: internet_5.png_Mean-Closing.png
Component: component_1755094087491_123.png
centerX: 0.8077388149939541
centerY: 0.3538637011690904
width: 0.036275695284159616
height: 0.03165098374679213
Area: 0.00044731174491001875
CentroidX: 0.8280
CentroidY: 0.3662
