Location: internet_5.png_Mean-Closing.png
Component: component_1755094087496_150.png
centerX: 0.20556227327690446
centerY: 0.4317080125463359
width: 0.04030632809351068
height: 0.027944111776447105
Area: 0.00046121840501641965
CentroidX: 0.2266
CentroidY: 0.4434
