Location: Dedata_33.png_Mean-Medain.png
Component: component_1755502146683_94.png
centerX: 0.31035872632003225
centerY: 0.14057599087539208
width: 0.015316404675534058
height: 0.03592814371257485
Area: 0.0002467570185821712
CentroidX: 0.3171
CentroidY: 0.1546
