Location: Dedata_33.png_Mean-Medain.png
Component: component_1755502146747_411.png
centerX: 0.5747682386134623
centerY: 0.6780724265754206
width: 0.020556227327690448
height: 0.03364699173082407
Area: 0.00025652615997922966
CentroidX: 0.5872
CentroidY: 0.6913
