Location: Dedata_33.png_Mean-Medain.png
Component: component_1755502146678_62.png
centerX: 0.13180169286577992
centerY: 0.09780439121756487
width: 0.021362353889560662
height: 0.03364699173082407
Area: 0.0002338847381531059
CentroidX: 0.1416
CentroidY: 0.1096
