Location: internet_5.png_Mean-Medain.png
Component: component_1755094087406_241.png
centerX: 0.7799274486094316
centerY: 0.7236954662104362
width: 0.04030632809351068
height: 0.03307670373538637
Area: 0.0005175346318935803
CentroidX: 0.8002
CentroidY: 0.7376
