Location: Dedata_33.png_Mean-Closing.png
Component: component_1755502147418_108.png
centerX: 0.4619105199516324
centerY: 0.19019104647847163
width: 0.035872632003224506
height: 0.033932135728542916
Area: 0.0004026035566340688
CentroidX: 0.4823
CentroidY: 0.2013
