Location: Dedata_33.png_Mean-Closing.png
Component: component_1755502147705_423.png
centerX: 0.09109230149133414
centerY: 0.7750213857998289
width: 0.02257154373236598
height: 0.03307670373538637
Area: 0.00027457033879497295
CentroidX: 0.1061
CentroidY: 0.7881
