Location: Dedata_33.png_Mean-Closing.png
Component: component_1755502147696_389.png
centerX: 0.18984280532043532
centerY: 0.7105788423153693
width: 0.021362353889560662
height: 0.035357855717137156
Area: 0.0002737658212681564
CentroidX: 0.2028
CentroidY: 0.7239
