Location: Dedata_33.png_Gaussian-Closing.png
Component: component_1755502147042_7.png
centerX: 0.9036678758565094
centerY: 0.009694895922440832
width: 0.022974607013301087
height: 0.034787567721699456
Area: 0.00023066666804583957
CentroidX: 0.9138
CentroidY: 0.0233
