Location: internet_5.png_Mean-Closing.png
Component: component_1755094087487_104.png
centerX: 0.9363160016122531
centerY: 0.2996863416025093
width: 0.03385731559854897
height: 0.034787567721699456
Area: 0.0004856987240466956
CentroidX: 0.9551
CentroidY: 0.3131
