Location: Dedata_33.png_Gaussian-Closing.png
Component: component_1755502147268_208.png
centerX: 0.9355098750503829
centerY: 0.3604220131166239
width: 0.029423619508262798
height: 0.036213287710293696
Area: 0.0002689387161072569
CentroidX: 0.9523
CentroidY: 0.3741
