Location: internet_5.png_Gaussian-Closing.png
Component: component_1755094087669_229.png
centerX: 0.3945989520354696
centerY: 0.6783575705731394
width: 0.037081821846029824
height: 0.03507271171941831
Area: 0.0004188088382456599
CentroidX: 0.4156
CentroidY: 0.6925
