Location: Dedata_33.png_Gaussian-Closing.png
Component: component_1755502147246_182.png
centerX: 0.8295042321644498
centerY: 0.31451382948388934
width: 0.019347037484885126
height: 0.03051040775591674
Area: 0.00019664706976902418
CentroidX: 0.8411
CentroidY: 0.3265
