Location: internet_5.png_Mean-Closing.png
Component: component_1755094087474_42.png
centerX: 0.5215638855300282
centerY: 0.11177644710578842
width: 0.03345425231761386
height: 0.03279155973766752
Area: 0.0005602889918901186
CentroidX: 0.5424
CentroidY: 0.1242
