Location: Dedata_33.png_Gaussian-Median.png
Component: component_1755502146864_222.png
centerX: 0.2777106005642886
centerY: 0.3410322212717422
width: 0.032245062474808545
height: 0.03279155973766752
Area: 0.00029479820804064697
CentroidX: 0.2976
CentroidY: 0.3523
