Location: internet_5.png_Gaussian-Closing.png
Component: component_1755094087625_129.png
centerX: 0.48851269649334944
centerY: 0.3669803250641574
width: 0.037484885126964934
height: 0.028514399771884802
Area: 0.0003912253801833771
CentroidX: 0.5103
CentroidY: 0.3769
