Location: Dedata_33.png_Gaussian-Closing.png
Component: component_1755502147234_150.png
centerX: 0.905683192261185
centerY: 0.26917593384659255
width: 0.025796049979846837
height: 0.029940119760479042
Area: 0.00029755655384687524
CentroidX: 0.9199
CentroidY: 0.2804
