Location: internet_5.png_Mean-Closing.png
Component: component_1755094087476_47.png
centerX: 0.06731156791616284
centerY: 0.11662389506700883
width: 0.04191858121725111
height: 0.046763615625891077
Area: 0.0008217571881055072
CentroidX: 0.0875
CentroidY: 0.1379
