Location: Kurtxevani_1794_page_10.png_Mean-Medain.png
Component: component_1755610055091_2446.png
centerX: 0.12741087083576855
centerY: 0.7787571617452622
width: 0.022793687901811806
height: 0.01983252534156016
Area: 0.00023800575901813866
CentroidX: 0.1401
CentroidY: 0.7868
