Location: Dedata_33.png_Gaussian-Closing.png
Component: component_1755502147329_397.png
centerX: 0.9750100765820234
centerY: 0.71285999429712
width: 0.0177347843611447
height: 0.041916167664670656
Area: 0.0002518139858935897
CentroidX: 0.9841
CentroidY: 0.7306
