Location: internet_5.png_Mean-Medain.png
Component: component_1755094087340_74.png
centerX: 0.6731156791616284
centerY: 0.20958083832335328
width: 0.041515517936316
height: 0.026518391787852865
Area: 0.0004499551596409875
CentroidX: 0.6964
CentroidY: 0.2197
