Location: Dedata_33.png_Mean-Medain.png
Component: component_1755502146708_213.png
centerX: 0.02015316404675534
centerY: 0.3473053892215569
width: 0.029423619508262798
height: 0.04790419161676647
Area: 0.0004421398465233407
CentroidX: 0.0363
CentroidY: 0.3661
