Location: Dedata_33.png_Mean-Medain.png
Component: component_1755502146670_30.png
centerX: 0.3688029020556227
centerY: 0.052751639577986884
width: 0.022168480451430876
height: 0.029940119760479042
Area: 0.0002759495116980871
CentroidX: 0.3802
CentroidY: 0.0639
