Location: internet_5.png_Gaussian-Closing.png
Component: component_1755094087616_98.png
centerX: 0.2785167271261588
centerY: 0.2703165098374679
width: 0.035872632003224506
height: 0.029940119760479042
Area: 0.0004359335684593271
CentroidX: 0.3008
CentroidY: 0.2818
