Location: Kurtxevani_1794_page_10.png_Mean-Medain.png
Component: component_1755610054596_448.png
centerX: 0.4208065458796026
centerY: 0.07977082415160863
width: 0.01636469900642899
height: 0.014103129131776113
Area: 0.00014373075057588894
CentroidX: 0.4300
CentroidY: 0.0856
