Location: internet_5.png_Gaussian-Median.png
Component: component_1755094087033_123.png
centerX: 0.1841999193873438
centerY: 0.326489877388081
width: 0.04393389762192664
height: 0.02566295979469632
Area: 0.00043639329276036514
CentroidX: 0.2076
CentroidY: 0.3364
