Location: internet_5.png_Mean-Closing.png
Component: component_1755094087478_57.png
centerX: 0.5449415558242644
centerY: 0.16538351867693185
width: 0.046352277307537285
height: 0.027944111776447105
Area: 0.0005312114298494621
CentroidX: 0.5693
CentroidY: 0.1777
