Location: internet_5.png_Gaussian-Closing.png
Component: component_1755094087597_47.png
centerX: 0.06731156791616284
centerY: 0.11662389506700883
width: 0.04232164449818621
height: 0.046763615625891077
Area: 0.0007935990746669269
CentroidX: 0.0875
CentroidY: 0.1380
