Location: internet_5.png_Mean-Closing.png
Component: component_1755094087522_256.png
centerX: 0.7255139056831923
centerY: 0.7832905617336755
width: 0.037081821846029824
height: 0.026518391787852865
Area: 0.0003861684128719586
CentroidX: 0.7469
CentroidY: 0.7931
