Location: internet_5.png_Gaussian-Closing.png
Component: component_1755094087640_194.png
centerX: 0.39983877468762596
centerY: 0.5742800114057599
width: 0.04554615074566707
height: 0.029654975762760195
Area: 0.0004061664199671136
CentroidX: 0.4258
CentroidY: 0.5845
