Location: Dedata_33.png_Mean-Closing.png
Component: component_1755502147557_278.png
centerX: 0.12414349052801289
centerY: 0.500998003992016
width: 0.017331721080209594
height: 0.03792415169660679
Area: 0.0003210024931998156
CentroidX: 0.1340
CentroidY: 0.5165
