Location: internet_5.png_Mean-Medain.png
Component: component_1755094087404_234.png
centerX: 0.19951632406287786
centerY: 0.6854861705161106
width: 0.03829101168883515
height: 0.031080695751354435
Area: 0.00046029895641434355
CentroidX: 0.2209
CentroidY: 0.6989
