Location: Dedata_33.png_Mean-Closing.png
Component: component_1755502147676_337.png
centerX: 0.9347037484885127
centerY: 0.6102081551183347
width: 0.01894397420395002
height: 0.03136583974907328
Area: 0.00022572463180968056
CentroidX: 0.9467
CentroidY: 0.6222
