Location: Dedata_33.png_Mean-Closing.png
Component: component_1755502147423_131.png
centerX: 0.5683192261185006
centerY: 0.23267750213858
width: 0.017331721080209594
height: 0.03421727972626176
Area: 0.0002448031903027595
CentroidX: 0.5781
CentroidY: 0.2459
