Location: internet_5.png_Gaussian-Median.png
Component: component_1755094087042_167.png
centerX: 0.6311970979443773
centerY: 0.4607927003136584
width: 0.04312777106005643
height: 0.02737382378100941
Area: 0.0004289227728684969
CentroidX: 0.6547
CentroidY: 0.4709
