Location: Dedata_33.png_Gaussian-Closing.png
Component: component_1755502147321_385.png
centerX: 0.5054413542926239
centerY: 0.6834901625320787
width: 0.02176541717049577
height: 0.03649843170801255
Area: 0.0002737658212681564
CentroidX: 0.5191
CentroidY: 0.6978
