Location: Dedata_33.png_Mean-Medain.png
Component: component_1755502146729_337.png
centerX: 0.26279725916968966
centerY: 0.5489021956087824
width: 0.020556227327690448
height: 0.031936127744510975
Area: 0.00022066766449826207
CentroidX: 0.2763
CentroidY: 0.5613
