Location: internet_5.png_Gaussian-Closing.png
Component: component_1755094087622_125.png
centerX: 0.7436517533252721
centerY: 0.35471913316224696
width: 0.0471584038694075
height: 0.031936127744510975
Area: 0.00046822920060724985
CentroidX: 0.7698
CentroidY: 0.3668
