Location: Dedata_33.png_Gaussian-Closing.png
Component: component_1755502147303_323.png
centerX: 0.7525191455058444
centerY: 0.5708582834331337
width: 0.01894397420395002
height: 0.035357855717137156
Area: 0.000254802193850337
CentroidX: 0.7645
CentroidY: 0.5847
