Location: Dedata_33.png_Mean-Closing.png
Component: component_1755502147397_23.png
centerX: 0.3486497380088674
centerY: 0.012546335899629312
width: 0.030229746070133012
height: 0.03222127174222983
Area: 0.00035272346997144077
CentroidX: 0.3632
CentroidY: 0.0245
