Location: Dedata_33.png_Gaussian-Closing.png
Component: component_1755502147053_9.png
centerX: 0.40024183796856105
centerY: 0.010550327915597377
width: 0.020556227327690448
height: 0.028514399771884802
Area: 0.00025261850342040625
CentroidX: 0.4099
CentroidY: 0.0220
