Location: Dedata_33.png_Mean-Closing.png
Component: component_1755502147667_303.png
centerX: 0.26320032245062475
centerY: 0.5489021956087824
width: 0.02015316404675534
height: 0.03165098374679213
Area: 0.00021963328482092648
CentroidX: 0.2763
CentroidY: 0.5613
