Location: Dedata_33.png_Mean-Medain.png
Component: component_1755502146755_447.png
centerX: 0.3994357114066909
centerY: 0.7442258340461934
width: 0.020556227327690448
height: 0.04305674365554605
Area: 0.0003099691099749025
CentroidX: 0.4131
CentroidY: 0.7611
