Location: Dedata_33.png_Gaussian-Closing.png
Component: component_1755502147088_33.png
centerX: 0.5417170495767836
centerY: 0.05389221556886228
width: 0.02257154373236598
height: 0.03450242372398061
Area: 0.00032514001190915803
CentroidX: 0.5521
CentroidY: 0.0679
