Location: Kurtxevani_1794_page_10.png_Mean-Medain.png
Component: component_1755610055118_2715.png
centerX: 0.8983050847457628
centerY: 0.8585279858968708
width: 0.023378141437755698
height: 0.01983252534156016
Area: 0.00024367256280428482
CentroidX: 0.9107
CentroidY: 0.8666
