Location: internet_5.png_Mean-Medain.png
Component: component_1755094087321_52.png
centerX: 0.8137847642079806
centerY: 0.15511833475905332
width: 0.035872632003224506
height: 0.0290846877673225
Area: 0.00046225278469375525
CentroidX: 0.8347
CentroidY: 0.1663
