Location: Dedata_33.png_Gaussian-Closing.png
Component: component_1755502147301_316.png
centerX: 0.9617089883111648
centerY: 0.5620188195038495
width: 0.0177347843611447
height: 0.03507271171941831
Area: 0.0002360684285830366
CentroidX: 0.9713
CentroidY: 0.5756
