Location: internet_5.png_Mean-Closing.png
Component: component_1755094087521_253.png
centerX: 0.9310761789600968
centerY: 0.7784431137724551
width: 0.04191858121725111
height: 0.029369831765041345
Area: 0.0004405308114697076
CentroidX: 0.9536
CentroidY: 0.7896
