Location: Dedata_33.png_Mean-Closing.png
Component: component_1755502147409_73.png
centerX: 0.4216041918581217
centerY: 0.1371542629027659
width: 0.016928657799274487
height: 0.03507271171941831
Area: 0.0002600890233122745
CentroidX: 0.4297
CentroidY: 0.1514
