Location: internet_5.png_Gaussian-Closing.png
Component: component_1755094087645_212.png
centerX: 0.37686416767432485
centerY: 0.6287425149700598
width: 0.04070939137444579
height: 0.03022526375819789
Area: 0.00042570470276123056
CentroidX: 0.3988
CentroidY: 0.6402
