Location: Dedata_33.png_Mean-Closing.png
Component: component_1755502147409_69.png
centerX: 0.016122531237404272
centerY: 0.10578842315369262
width: 0.019347037484885126
height: 0.026803535785571715
Area: 0.0001871077905224847
CentroidX: 0.0257
CentroidY: 0.1154
