Location: Dedata_33.png_Mean-Closing.png
Component: component_1755502147470_233.png
centerX: 0.8649738008867393
centerY: 0.41317365269461076
width: 0.02015316404675534
height: 0.035642999714856
Area: 0.0003067510398676362
CentroidX: 0.8753
CentroidY: 0.4265
