Location: Kurtxevani_1794_page_10.png_Mean-Medain.png
Component: component_1755610054724_687.png
centerX: 0.21157218001168906
centerY: 0.15689731159100925
width: 0.01694915254237288
height: 0.013662406346408109
Area: 0.00012930615912024417
CentroidX: 0.2212
CentroidY: 0.1625
