Location: Dedata_33.png_Mean-Closing.png
Component: component_1755502147402_44.png
centerX: 0.6513502619911327
centerY: 0.0575990875392073
width: 0.020959290608625555
height: 0.029369831765041345
Area: 0.00026457133524739545
CentroidX: 0.6607
CentroidY: 0.0690
