Location: internet_5.png_Mean-Medain.png
Component: component_1755094087410_259.png
centerX: 0.7738814993954051
centerY: 0.7821499857428001
width: 0.035872632003224506
height: 0.025092671799258625
Area: 0.00038042185910898305
CentroidX: 0.7958
CentroidY: 0.7911
