Location: Dedata_33.png_Gaussian-Closing.png
Component: component_1755502147152_68.png
centerX: 0.094316807738815
centerY: 0.10122611919019105
width: 0.016928657799274487
height: 0.03136583974907328
Area: 0.00019365886181227688
CentroidX: 0.1024
CentroidY: 0.1126
