Location: Dedata_33.png_Mean-Medain.png
Component: component_1755502146704_200.png
centerX: 0.5159209995969367
centerY: 0.3290561733675506
width: 0.02176541717049577
height: 0.033932135728542916
Area: 0.00022641421826123765
CentroidX: 0.5292
CentroidY: 0.3421
