Location: Dedata_33.png_Gaussian-Median.png
Component: component_1755502146884_317.png
centerX: 0.6577992744860943
centerY: 0.47533504419731964
width: 0.01894397420395002
height: 0.029940119760479042
Area: 0.0001841195825657374
CentroidX: 0.6687
CentroidY: 0.4859
