Location: internet_5.png_Gaussian-Median.png
Component: component_1755094087023_73.png
centerX: 0.8839177750906893
centerY: 0.2024522383803821
width: 0.03667875856509472
height: 0.0290846877673225
Area: 0.0004558166444792226
CentroidX: 0.9044
CentroidY: 0.2141
