Location: internet_5.png_Gaussian-Closing.png
Component: component_1755094087643_207.png
centerX: 0.7271261588069327
centerY: 0.6164813230681494
width: 0.04917372027408303
height: 0.0290846877673225
Area: 0.0004529433675977348
CentroidX: 0.7515
CentroidY: 0.6288
