Location: Paraklitoni_1720_page_10.png_Mean-Medain.png
Component: component_1755610055334_1288.png
centerX: 0.37271341463414637
centerY: 0.47017543859649125
width: 0.013719512195121951
height: 0.011528822055137845
Area: 8.519775047374534e-05
CentroidX: 0.3802
CentroidY: 0.4746
