Location: Dedata_33.png_Gaussian-Closing.png
Component: component_1755502147332_405.png
centerX: 0.7738814993954051
centerY: 0.7211291702309667
width: 0.01894397420395002
height: 0.038209295694325636
Area: 0.00025721574643078674
CentroidX: 0.7842
CentroidY: 0.7359
