Location: Dedata_33.png_Gaussian-Median.png
Component: component_1755502146813_22.png
centerX: 0.6569931479242241
centerY: 0.010835471913316224
width: 0.02176541717049577
height: 0.03450242372398061
Area: 0.0003039926940614079
CentroidX: 0.6670
CentroidY: 0.0250
