Location: Dedata_33.png_Gaussian-Closing.png
Component: component_1755502147150_64.png
centerX: 0.5429262394195888
centerY: 0.09837467921300257
width: 0.029826682789197905
height: 0.02879954376960365
Area: 0.00029916558890050844
CentroidX: 0.5601
CentroidY: 0.1081
