Location: internet_5.png_Mean-Medain.png
Component: component_1755094087350_102.png
centerX: 0.010882708585247884
centerY: 0.27345309381237526
width: 0.037081821846029824
height: 0.039635015682919876
Area: 0.000574540445222298
CentroidX: 0.0342
CentroidY: 0.2889
