Location: Dedata_33.png_Gaussian-Median.png
Component: component_1755502146810_4.png
centerX: 0.8629584844820637
centerY: 0.008839463929284289
width: 0.0237807335751713
height: 0.03165098374679213
Area: 0.00025457233169981795
CentroidX: 0.8742
CentroidY: 0.0205
