Location: internet_5.png_Mean-Closing.png
Component: component_1755094087483_85.png
centerX: 0.22974607013301088
centerY: 0.22554890219560877
width: 0.041112454655380895
height: 0.02594810379241517
Area: 0.0004528284365224753
CentroidX: 0.2530
CentroidY: 0.2353
