Location: Dedata_33.png_Mean-Medain.png
Component: component_1755502146719_294.png
centerX: 0.8250705360741637
centerY: 0.46934702024522384
width: 0.031035872632003223
height: 0.02623324779013402
Area: 0.00025158412374307065
CentroidX: 0.8468
CentroidY: 0.4788
