Location: Dedata_33.png_Gaussian-Closing.png
Component: component_1755502147304_330.png
centerX: 0.5098750503829101
centerY: 0.583689763330482
width: 0.019347037484885126
height: 0.03222127174222983
Area: 0.0002349191178304415
CentroidX: 0.5222
CentroidY: 0.5960
