Location: Dedata_33.png_Mean-Medain.png
Component: component_1755502146730_342.png
centerX: 0.08182184602982669
centerY: 0.5580268035357856
width: 0.022168480451430876
height: 0.026518391787852865
Area: 0.00020871483267127287
CentroidX: 0.0960
CentroidY: 0.5676
