Location: internet_5.png_Mean-Medain.png
Component: component_1755094087338_69.png
centerX: 0.9286577992744861
centerY: 0.2013116623895067
width: 0.045949214026602174
height: 0.03450242372398061
Area: 0.0005774137221037858
CentroidX: 0.9532
CentroidY: 0.2154
