Location: Dedata_33.png_Mean-Closing.png
Component: component_1755502147435_187.png
centerX: 0.48246674727932287
centerY: 0.33048189335614486
width: 0.02176541717049577
height: 0.032506415739948676
Area: 0.000219978078046705
CentroidX: 0.4960
CentroidY: 0.3427
