Location: internet_5.png_Mean-Medain.png
Component: component_1755094087346_84.png
centerX: 0.11769447803305119
centerY: 0.22383803820929568
width: 0.037484885126964934
height: 0.03307670373538637
Area: 0.00046868892490828785
CentroidX: 0.1399
CentroidY: 0.2369
