Location: Dedata_33.png_Gaussian-Median.png
Component: component_1755502146825_74.png
centerX: 0.016122531237404272
centerY: 0.10578842315369262
width: 0.01894397420395002
height: 0.026803535785571715
Area: 0.00017618933837283113
CentroidX: 0.0256
CentroidY: 0.1155
