Location: internet_5.png_Mean-Closing.png
Component: component_1755094087483_83.png
centerX: 0.11769447803305119
centerY: 0.22383803820929568
width: 0.037484885126964934
height: 0.03279155973766752
Area: 0.0004688038559835474
CentroidX: 0.1399
CentroidY: 0.2369
