Location: Dedata_33.png_Gaussian-Closing.png
Component: component_1755502147250_185.png
centerX: 0.6541717049576784
centerY: 0.32164242942686055
width: 0.02176541717049577
height: 0.03507271171941831
Area: 0.00020043979525258805
CentroidX: 0.6650
CentroidY: 0.3346
