Location: Kurtxevani_1764_page_10.png_Otsu.png
Component: component_1755610055905_1058.png
centerX: 0.7521035598705501
centerY: 0.38868101028999064
width: 0.019417475728155338
height: 0.01683816651075772
Area: 0.00016014725070461763
CentroidX: 0.7635
CentroidY: 0.3950
