Location: internet_5.png_Gaussian-Closing.png
Component: component_1755094087670_230.png
centerX: 0.33575171301894396
centerY: 0.6814941545480467
width: 0.044740024183796856
height: 0.038209295694325636
Area: 0.0005695984089861389
CentroidX: 0.3581
CentroidY: 0.6987
