Location: Dedata_33.png_Mean-Closing.png
Component: component_1755502147398_27.png
centerX: 0.4615074566706973
centerY: 0.05218135158254919
width: 0.02176541717049577
height: 0.03421727972626176
Area: 0.00029238465546019727
CentroidX: 0.4711
CentroidY: 0.0661
