Location: Dedata_33.png_Mean-Closing.png
Component: component_1755502147424_135.png
centerX: 0.3550987505038291
centerY: 0.2392358140861135
width: 0.019750100765820233
height: 0.03507271171941831
Area: 0.00028146620331054366
CentroidX: 0.3654
CentroidY: 0.2527
