Location: Dedata_33.png_Gaussian-Closing.png
Component: component_1755502147283_258.png
centerX: 0.17291414752116083
centerY: 0.44967208440262335
width: 0.021362353889560662
height: 0.038209295694325636
Area: 0.0003316910831989502
CentroidX: 0.1853
CentroidY: 0.4644
