Location: Dedata_33.png_Mean-Closing.png
Component: component_1755502147465_230.png
centerX: 0.9294639258363563
centerY: 0.40975192472198463
width: 0.023377670294236194
height: 0.035642999714856
Area: 0.0003160604569636566
CentroidX: 0.9418
CentroidY: 0.4229
