Location: Dedata_33.png_Gaussian-Closing.png
Component: component_1755502147318_379.png
centerX: 0.7557436517533253
centerY: 0.6706586826347305
width: 0.021362353889560662
height: 0.033361847733105215
Area: 0.0002359534975077771
CentroidX: 0.7688
CentroidY: 0.6838
