Location: internet_5.png_Mean-Medain.png
Component: component_1755094087357_110.png
centerX: 0.6638452237001209
centerY: 0.31023666951810663
width: 0.04514308746473196
height: 0.02423723980610208
Area: 0.0004237508744818189
CentroidX: 0.6878
CentroidY: 0.3199
