Location: Dedata_33.png_Gaussian-Closing.png
Component: component_1755502147134_57.png
centerX: 0.2893994357114067
centerY: 0.09580838323353294
width: 0.01652559451833938
height: 0.033361847733105215
Area: 0.00019802624267213832
CentroidX: 0.2967
CentroidY: 0.1086
