Location: Dedata_33.png_Mean-Closing.png
Component: component_1755502147481_249.png
centerX: 0.29222087867795243
centerY: 0.44425434844596523
width: 0.020959290608625555
height: 0.03421727972626176
Area: 0.00030054476180362255
CentroidX: 0.3046
CentroidY: 0.4571
