Location: Dedata_33.png_Mean-Medain.png
Component: component_1755502146751_427.png
centerX: 0.8770656993147924
centerY: 0.7140005702879955
width: 0.0177347843611447
height: 0.035357855717137156
Area: 0.00026054874761331255
CentroidX: 0.8875
CentroidY: 0.7276
