Location: Dedata_33.png_Mean-Medain.png
Component: component_1755502146729_336.png
centerX: 0.29826682789197906
centerY: 0.5451953236384374
width: 0.018540910923014912
height: 0.03165098374679213
Area: 0.00022124231987455964
CentroidX: 0.3091
CentroidY: 0.5577
