Location: Samociqulo_1709_page_10.png_Gaussian-Median.png
Component: component_1755610056223_2096.png
centerX: 0.19213759213759213
centerY: 0.4896875
width: 0.021621621621621623
height: 0.0134375
Area: 0.00012023955773955774
CentroidX: 0.2037
CentroidY: 0.4944
