Location: Dedata_33.png_Gaussian-Median.png
Component: component_1755502146835_122.png
centerX: 0.4619105199516324
centerY: 0.19019104647847163
width: 0.035872632003224506
height: 0.03421727972626176
Area: 0.00038306527383995183
CentroidX: 0.4823
CentroidY: 0.2015
