Location: Kurtxevani_1794_page_10.png_Mean-Medain.png
Component: component_1755610054883_1122.png
centerX: 0.6598480420806546
centerY: 0.3080652269722345
width: 0.01694915254237288
height: 0.013662406346408109
Area: 0.00012235144538270116
CentroidX: 0.6692
CentroidY: 0.3133
