Location: internet_5.png_Mean-Closing.png
Component: component_1755094087519_242.png
centerX: 0.5324465941152761
centerY: 0.7293983461648132
width: 0.037081821846029824
height: 0.031936127744510975
Area: 0.0004288078417932374
CentroidX: 0.5533
CentroidY: 0.7433
