Location: Dedata_33.png_Gaussian-Closing.png
Component: component_1755502147171_87.png
centerX: 0.9326884320838371
centerY: 0.14000570287995437
width: 0.0237807335751713
height: 0.03507271171941831
Area: 0.0002677894053546618
CentroidX: 0.9432
CentroidY: 0.1529
