Location: Dedata_33.png_Gaussian-Median.png
Component: component_1755502146889_338.png
centerX: 0.860540104796453
centerY: 0.5203877958368976
width: 0.022168480451430876
height: 0.03222127174222983
Area: 0.0002633070934195408
CentroidX: 0.8730
CentroidY: 0.5322
