Location: internet_5.png_Mean-Medain.png
Component: component_1755094087334_65.png
centerX: 0.12011285771866183
centerY: 0.17536355859709152
width: 0.03143893591293833
height: 0.03592814371257485
Area: 0.000550749712643579
CentroidX: 0.1386
CentroidY: 0.1897
