Location: Dedata_33.png_Mean-Closing.png
Component: component_1755502147402_41.png
centerX: 0.196291817815397
centerY: 0.05645851154833191
width: 0.023377670294236194
height: 0.029940119760479042
Area: 0.0002439986727759429
CentroidX: 0.2079
CentroidY: 0.0680
