Location: Dedata_33.png_Mean-Medain.png
Component: component_1755502146747_409.png
centerX: 0.6457073760580411
centerY: 0.6729398346164813
width: 0.022168480451430876
height: 0.03706871970345024
Area: 0.0002877874124498168
CentroidX: 0.6582
CentroidY: 0.6868
