Location: Dedata_33.png_Gaussian-Closing.png
Component: component_1755502147222_129.png
centerX: 0.6348246674727932
centerY: 0.22954091816367264
width: 0.020959290608625555
height: 0.03307670373538637
Area: 0.00024376881062542388
CentroidX: 0.6470
CentroidY: 0.2420
