Location: Dedata_33.png_Mean-Closing.png
Component: component_1755502147396_16.png
centerX: 0.52801289802499
centerY: 0.010550327915597377
width: 0.024586860137041516
height: 0.03165098374679213
Area: 0.00031353197330794734
CentroidX: 0.5399
CentroidY: 0.0224
