Location: Dedata_33.png_Gaussian-Median.png
Component: component_1755502146883_311.png
centerX: 0.8673921805723499
centerY: 0.46535500427716
width: 0.017331721080209594
height: 0.027944111776447105
Area: 0.00017607440729757161
CentroidX: 0.8782
CentroidY: 0.4760
