Location: internet_5.png_Gaussian-Closing.png
Component: component_1755094087613_88.png
centerX: 0.8891575977428456
centerY: 0.25206729398346167
width: 0.04353083434099154
height: 0.03022526375819789
Area: 0.000510064112001712
CentroidX: 0.9117
CentroidY: 0.2644
