Location: internet_5.png_Gaussian-Closing.png
Component: component_1755094087703_258.png
centerX: 0.7259169689641274
centerY: 0.7832905617336755
width: 0.03667875856509472
height: 0.026518391787852865
Area: 0.000364906163948949
CentroidX: 0.7469
CentroidY: 0.7932
