Location: Samociqulo_1709_page_10.png_Gaussian-Median.png
Component: component_1755610056315_3499.png
centerX: 0.7877149877149877
centerY: 0.86125
width: 0.022113022113022112
height: 0.013125
Area: 0.00012745700245700247
CentroidX: 0.7991
CentroidY: 0.8667
