Location: Dedata_33.png_Mean-Closing.png
Component: component_1755502147676_335.png
centerX: 0.12132204756146715
centerY: 0.6070715711434275
width: 0.021362353889560662
height: 0.032506415739948676
Area: 0.00024055074051815756
CentroidX: 0.1347
CentroidY: 0.6196
