Location: Dedata_33.png_Gaussian-Closing.png
Component: component_1755502147336_423.png
centerX: 0.2736799677549375
centerY: 0.7587681779298546
width: 0.021362353889560662
height: 0.03934987168520103
Area: 0.0002908905514818236
CentroidX: 0.2868
CentroidY: 0.7746
