Location: Dedata_33.png_Gaussian-Median.png
Component: component_1755502146883_313.png
centerX: 0.7762998790810157
centerY: 0.47105788423153694
width: 0.02902055622732769
height: 0.029940119760479042
Area: 0.00032973725491953847
CentroidX: 0.7942
CentroidY: 0.4832
