Location: Dedata_33.png_Gaussian-Closing.png
Component: component_1755502147290_277.png
centerX: 0.43611446997178555
centerY: 0.48474479612204163
width: 0.02257154373236598
height: 0.031936127744510975
Area: 0.00032318618362974633
CentroidX: 0.4494
CentroidY: 0.4968
