Location: internet_5.png_Gaussian-Closing.png
Component: component_1755094087686_236.png
centerX: 0.890769850866586
centerY: 0.72027373823781
width: 0.037484885126964934
height: 0.029654975762760195
Area: 0.00039651220964531463
CentroidX: 0.9114
CentroidY: 0.7328
