Location: Dedata_33.png_Mean-Closing.png
Component: component_1755502147682_348.png
centerX: 0.6356307940346635
centerY: 0.6190476190476191
width: 0.01894397420395002
height: 0.036213287710293696
Area: 0.00028020196148268903
CentroidX: 0.6470
CentroidY: 0.6336
