Location: Dedata_33.png_Mean-Closing.png
Component: component_1755502147456_223.png
centerX: 0.25836356307940345
centerY: 0.3937838608497291
width: 0.02015316404675534
height: 0.03307670373538637
Area: 0.00024963029546365894
CentroidX: 0.2700
CentroidY: 0.4068
