Location: internet_5.png_Mean-Medain.png
Component: component_1755094087374_127.png
centerX: 0.6154776299879081
centerY: 0.35956658112346734
width: 0.03990326481257558
height: 0.032506415739948676
Area: 0.0005160405279152066
CentroidX: 0.6400
CentroidY: 0.3719
