Location: Dedata_33.png_Gaussian-Median.png
Component: component_1755502146865_227.png
centerX: 0.14993954050785974
centerY: 0.34587966923296265
width: 0.026199113260781944
height: 0.0290846877673225
Area: 0.0002360684285830366
CentroidX: 0.1661
CentroidY: 0.3570
