Location: Dedata_33.png_Gaussian-Median.png
Component: component_1755502146840_140.png
centerX: 0.6348246674727932
centerY: 0.22954091816367264
width: 0.020959290608625555
height: 0.03307670373538637
Area: 0.00024963029546365894
CentroidX: 0.6471
CentroidY: 0.2420
