Location: Dedata_33.png_Gaussian-Closing.png
Component: component_1755502147241_168.png
centerX: 0.19709794437726724
centerY: 0.29227259766181923
width: 0.022974607013301087
height: 0.027088679783290562
Area: 0.00021262248923009625
CentroidX: 0.2098
CentroidY: 0.3024
