Location: Dedata_33.png_Gaussian-Median.png
Component: component_1755502146823_62.png
centerX: 0.449012494961709
centerY: 0.09609352723125178
width: 0.02902055622732769
height: 0.03592814371257485
Area: 0.00029123534470760213
CentroidX: 0.4643
CentroidY: 0.1088
