Location: Dedata_33.png_Gaussian-Median.png
Component: component_1755502146870_266.png
centerX: 0.294236195082628
centerY: 0.39093242087254065
width: 0.02176541717049577
height: 0.035357855717137156
Area: 0.00029238465546019727
CentroidX: 0.3064
CentroidY: 0.4049
