Location: Dedata_33.png_Mean-Closing.png
Component: component_1755502147419_112.png
centerX: 0.41193067311567916
centerY: 0.19047619047619047
width: 0.03143893591293833
height: 0.033932135728542916
Area: 0.0003692735448088104
CentroidX: 0.4300
CentroidY: 0.2020
