Location: Dedata_33.png_Gaussian-Median.png
Component: component_1755502146911_418.png
centerX: 0.1708988311164853
centerY: 0.6552609067579127
width: 0.01894397420395002
height: 0.03165098374679213
Area: 0.00019998007095155
CentroidX: 0.1833
CentroidY: 0.6676
