Location: internet_5.png_Mean-Medain.png
Component: component_1755094087411_261.png
centerX: 0.5449415558242644
centerY: 0.7881380096948959
width: 0.042724707779121324
height: 0.029940119760479042
Area: 0.0004975366247984253
CentroidX: 0.5685
CentroidY: 0.7993
