Location: internet_5.png_Gaussian-Closing.png
Component: component_1755094087594_41.png
centerX: 0.41152760983474407
centerY: 0.11206159110350727
width: 0.04393389762192664
height: 0.034787567721699456
Area: 0.0006285580505942683
CentroidX: 0.4354
CentroidY: 0.1272
