Location: Dedata_33.png_Mean-Closing.png
Component: component_1755502147398_25.png
centerX: 0.8121725110842403
centerY: 0.05132591958939264
width: 0.026602176541717048
height: 0.0290846877673225
Area: 0.00035755057513234023
CentroidX: 0.8246
CentroidY: 0.0623
