Location: Dedata_33.png_Gaussian-Closing.png
Component: component_1755502147194_94.png
centerX: 0.10197501007658202
centerY: 0.1459937268320502
width: 0.020556227327690448
height: 0.03507271171941831
Area: 0.0002330802206262893
CentroidX: 0.1133
CentroidY: 0.1592
