Location: internet_25.png_Mean-Medain.png
Component: component_1755080850965_64.png
centerX: 0.7138250705360741
centerY: 0.15568862275449102
width: 0.04312777106005643
height: 0.023381807812945538
Area: 0.0004299571525458325
CentroidX: 0.7376
CentroidY: 0.1645
