Location: Dedata_16.png_Mean-Closing.png
Component: component_1755519379351_270.png
centerX: 0.06854838709677419
centerY: 0.5078369905956113
width: 0.025
height: 0.02108862923909946
Area: 0.00025349561955892224
CentroidX: 0.0794
CentroidY: 0.5177
