Location: internet_25.png_Gaussian-Median.png
Component: component_1755080850866_183.png
centerX: 0.15719467956469166
centerY: 0.37781579697747364
width: 0.04070939137444579
height: 0.023666951810664385
Area: 0.0003792725483563879
CentroidX: 0.1794
CentroidY: 0.3864
