Location: internet_25.png_Mean-Closing.png
Component: component_1755080851454_202.png
centerX: 0.8516727126158807
centerY: 0.43398916452808667
width: 0.04433696090286175
height: 0.021100655831194755
Area: 0.00036950340695932944
CentroidX: 0.8761
CentroidY: 0.4425
