Location: Dedata_16.png_Mean-Closing.png
Component: component_1755519379359_301.png
centerX: 0.3786290322580645
centerY: 0.5708178968367056
width: 0.035483870967741936
height: 0.01909375890567113
Area: 0.0002778569392989456
CentroidX: 0.3970
CentroidY: 0.5775
