Location: Dedata_16.png_Mean-Medain.png
Component: component_1755519378501_238.png
centerX: 0.07298387096774193
centerY: 0.42775719578227417
width: 0.031048387096774193
height: 0.01937874038187518
Area: 0.0002925656606514125
CentroidX: 0.0886
CentroidY: 0.4359
