Location: Dedata_16.png_Mean-Medain.png
Component: component_1755519378553_439.png
centerX: 0.17943548387096775
centerY: 0.829296095753776
width: 0.029838709677419355
height: 0.020518666286691366
Area: 0.0002544149146434514
CentroidX: 0.1931
CentroidY: 0.8375
