Location: internet_25.png_Mean-Medain.png
Component: component_1755080850955_24.png
centerX: 0.30552196694881095
centerY: 0.06330196749358426
width: 0.03667875856509472
height: 0.029654975762760195
Area: 0.00044236970867385974
CentroidX: 0.3254
CentroidY: 0.0772
