Location: internet_25.png_Mean-Medain.png
Component: component_1755080850966_67.png
centerX: 0.656590084643289
centerY: 0.1562589107499287
width: 0.04393389762192664
height: 0.023666951810664385
Area: 0.00045167912576988016
CentroidX: 0.6809
CentroidY: 0.1653
