Location: internet_25.png_Gaussian-Median.png
Component: component_1755080850829_24.png
centerX: 0.18178153970173316
centerY: 0.0575990875392073
width: 0.03869407496977025
height: 0.02623324779013402
Area: 0.0003991556243762834
CentroidX: 0.2018
CentroidY: 0.0695
