Location: internet_25.png_Mean-Medain.png
Component: component_1755080851001_206.png
centerX: 0.6795646916565901
centerY: 0.4411177644710579
width: 0.0475614671503426
height: 0.02281151981750784
Area: 0.0003905357937318201
CentroidX: 0.7049
CentroidY: 0.4513
