Location: internet_25.png_Gaussian-Median.png
Component: component_1755080850870_202.png
centerX: 0.008061265618702136
centerY: 0.4205873966353008
width: 0.04514308746473196
height: 0.021100655831194755
Area: 0.0004168550099662482
CentroidX: 0.0322
CentroidY: 0.4291
