Location: Dedata_16.png_Mean-Closing.png
Component: component_1755519379272_114.png
centerX: 0.667741935483871
centerY: 0.2103163294385865
width: 0.025806451612903226
height: 0.017953833000854943
Area: 0.00022614659079417903
CentroidX: 0.6796
CentroidY: 0.2174
