Location: Dedata_16.png_Mean-Medain.png
Component: component_1755519378473_119.png
centerX: 0.7653225806451613
centerY: 0.20689655172413793
width: 0.025403225806451612
height: 0.017098888572242805
Area: 0.0002083352485314261
CentroidX: 0.7773
CentroidY: 0.2141
