Location: internet_25.png_Mean-Closing.png
Component: component_1755080851471_236.png
centerX: 0.8823055219669488
centerY: 0.523524379811805
width: 0.024989923417976623
height: 0.023381807812945538
Area: 0.0003099691099749025
CentroidX: 0.8948
CentroidY: 0.5338
