Location: Dedata_16.png_Gaussian-Median.png
Component: component_1755519378096_253.png
centerX: 0.8088709677419355
centerY: 0.4343117697349672
width: 0.020967741935483872
height: 0.018808777429467086
Area: 0.0001973037075170759
CentroidX: 0.8182
CentroidY: 0.4424
