Location: internet_25.png_Mean-Medain.png
Component: component_1755080851004_219.png
centerX: 0.8512696493349455
centerY: 0.46592529227259766
width: 0.04796453043127771
height: 0.021956087824351298
Area: 0.00043857698319029587
CentroidX: 0.8792
CentroidY: 0.4749
