Location: Dedata_16.png_Mean-Medain.png
Component: component_1755519378369_43.png
centerX: 0.3479838709677419
centerY: 0.07210031347962383
width: 0.02258064516129032
height: 0.019663721858079224
Area: 0.00026854907656808757
CentroidX: 0.3585
CentroidY: 0.0809
