Location: Dedata_16.png_Gaussian-Median.png
Component: component_1755519378141_442.png
centerX: 0.3346774193548387
centerY: 0.817041892277002
width: 0.03225806451612903
height: 0.018808777429467086
Area: 0.0002671701339412938
CentroidX: 0.3509
CentroidY: 0.8251
