Location: internet_25.png_Gaussian-Closing.png
Component: component_1755080851342_260.png
centerX: 0.550987505038291
centerY: 0.5771314513829484
width: 0.044740024183796856
height: 0.020530367835757058
Area: 0.00038272048061417326
CentroidX: 0.5731
CentroidY: 0.5860
