Location: Dedata_16.png_Mean-Medain.png
Component: component_1755519378469_101.png
centerX: 0.675
centerY: 0.17839840410373325
width: 0.025806451612903226
height: 0.017953833000854943
Area: 0.00021844749446124712
CentroidX: 0.6874
CentroidY: 0.1858
