Location: Dedata_16.png_Mean-Closing.png
Component: component_1755519379341_235.png
centerX: 0.5419354838709678
centerY: 0.44485608435451696
width: 0.03588709677419355
height: 0.020518666286691366
Area: 0.0002988858143575506
CentroidX: 0.5613
CentroidY: 0.4532
