Location: internet_25.png_Mean-Medain.png
Component: component_1755080851026_308.png
centerX: 0.0709391374445788
centerY: 0.6817792985457656
width: 0.042724707779121324
height: 0.023952095808383235
Area: 0.0004077754550207468
CentroidX: 0.0928
CentroidY: 0.6909
