Location: Dedata_16.png_Gaussian-Closing.png
Component: component_1755519378683_112.png
centerX: 0.8125
centerY: 0.2043317184383015
width: 0.02258064516129032
height: 0.01937874038187518
Area: 0.00020695630590463233
CentroidX: 0.8228
CentroidY: 0.2124
