Location: Dedata_16.png_Gaussian-Closing.png
Component: component_1755519378770_280.png
centerX: 0.510483870967742
centerY: 0.5218010829296096
width: 0.024193548387096774
height: 0.02108862923909946
Area: 0.00022086064405813622
CentroidX: 0.5207
CentroidY: 0.5312
