Location: internet_25.png_Mean-Medain.png
Component: component_1755080851018_276.png
centerX: 0.6698911729141476
centerY: 0.6159110350727117
width: 0.04312777106005643
height: 0.02566295979469632
Area: 0.0004340946712551749
CentroidX: 0.6922
CentroidY: 0.6259
