Location: internet_25.png_Gaussian-Closing.png
Component: component_1755080851231_96.png
centerX: 0.11326078194276501
centerY: 0.22298260621613916
width: 0.04191858121725111
height: 0.024522383803820928
Area: 0.00040628135104237316
CentroidX: 0.1346
CentroidY: 0.2333
