Location: Dedata_16.png_Gaussian-Closing.png
Component: component_1755519378813_378.png
centerX: 0.3443548387096774
centerY: 0.7398119122257053
width: 0.031451612903225803
height: 0.0176688515246509
Area: 0.00024131495968891055
CentroidX: 0.3595
CentroidY: 0.7464
