Location: Dedata_16.png_Gaussian-Median.png
Component: component_1755519378059_61.png
centerX: 0.6883064516129033
centerY: 0.10658307210031348
width: 0.025806451612903226
height: 0.017098888572242805
Area: 0.00021787293503341637
CentroidX: 0.7008
CentroidY: 0.1139
