Location: Dedata_16.png_Mean-Closing.png
Component: component_1755519379323_171.png
centerX: 0.780241935483871
centerY: 0.31689940153889995
width: 0.03185483870967742
height: 0.0176688515246509
Area: 0.00025016317487750394
CentroidX: 0.7973
CentroidY: 0.3237
