Location: Dedata_16.png_Mean-Closing.png
Component: component_1755519379269_101.png
centerX: 0.31370967741935485
centerY: 0.18381305215161015
width: 0.025
height: 0.01738387004844685
Area: 0.00020511771573557397
CentroidX: 0.3247
CentroidY: 0.1922
