Location: Dedata_16.png_Gaussian-Closing.png
Component: component_1755519378659_36.png
centerX: 0.7096774193548387
centerY: 0.06839555428897122
width: 0.03024193548387097
height: 0.019663721858079224
Area: 0.0002772823798711148
CentroidX: 0.7252
CentroidY: 0.0771
