Location: Dedata_16.png_Mean-Closing.png
Component: component_1755519379242_20.png
centerX: 0.6205645161290323
centerY: 0.028783129096608722
width: 0.03588709677419355
height: 0.019663721858079224
Area: 0.0003551926382849631
CentroidX: 0.6391
CentroidY: 0.0370
