Location: internet_25.png_Gaussian-Median.png
Component: component_1755080850846_89.png
centerX: 0.73559048770657
centerY: 0.18905047048759624
width: 0.04312777106005643
height: 0.022241231822070145
Area: 0.00040972928330015846
CentroidX: 0.7585
CentroidY: 0.1978
