Location: Dedata_16.png_Mean-Medain.png
Component: component_1755519378527_357.png
centerX: 0.8616935483870968
centerY: 0.664576802507837
width: 0.029838709677419355
height: 0.01909375890567113
Area: 0.00025475965030014985
CentroidX: 0.8757
CentroidY: 0.6725
