Location: Dedata_16.png_Gaussian-Closing.png
Component: component_1755519378727_183.png
centerX: 0.2221774193548387
centerY: 0.3422627529210601
width: 0.031048387096774193
height: 0.017098888572242805
Area: 0.0002167238161777549
CentroidX: 0.2373
CentroidY: 0.3489
