Location: internet_25.png_Mean-Medain.png
Component: component_1755080850962_47.png
centerX: 0.8053204353083434
centerY: 0.11776447105788423
width: 0.02902055622732769
height: 0.024522383803820928
Area: 0.00035237867674566226
CentroidX: 0.8188
CentroidY: 0.1281
