Location: internet_25.png_Mean-Medain.png
Component: component_1755080850993_172.png
centerX: 0.532043530834341
centerY: 0.37182777302537784
width: 0.04030632809351068
height: 0.023381807812945538
Area: 0.0004015691769567332
CentroidX: 0.5538
CentroidY: 0.3807
