Location: internet_25.png_Mean-Closing.png
Component: component_1755080851423_91.png
centerX: 0.0048367593712212815
centerY: 0.21813515825491872
width: 0.03506650544135429
height: 0.023666951810664385
Area: 0.0003926045530864913
CentroidX: 0.0239
CentroidY: 0.2288
