Location: Dedata_16.png_Mean-Closing.png
Component: component_1755519379388_365.png
centerX: 0.08588709677419355
centerY: 0.7104588201766885
width: 0.02379032258064516
height: 0.021373610715303505
Area: 0.0002510824699620331
CentroidX: 0.0963
CentroidY: 0.7210
