Location: internet_25.png_Mean-Closing.png
Component: component_1755080851448_189.png
centerX: 0.5602579604997985
centerY: 0.40804106073567153
width: 0.04232164449818621
height: 0.023952095808383235
Area: 0.000429842221470573
CentroidX: 0.5836
CentroidY: 0.4184
