Location: Dedata_16.png_Mean-Medain.png
Component: component_1755519378498_224.png
centerX: 0.6959677419354838
centerY: 0.40210886292390996
width: 0.02943548387096774
height: 0.019663721858079224
Area: 0.00026889381222478605
CentroidX: 0.7116
CentroidY: 0.4101
