Location: Dedata_16.png_Gaussian-Closing.png
Component: component_1755519378791_339.png
centerX: 0.44798387096774195
centerY: 0.6469079509831861
width: 0.03024193548387097
height: 0.01909375890567113
Area: 0.00025349561955892224
CentroidX: 0.4630
CentroidY: 0.6543
