Location: Dedata_16.png_Gaussian-Closing.png
Component: component_1755519378674_82.png
centerX: 0.36774193548387096
centerY: 0.14961527500712454
width: 0.029838709677419355
height: 0.017953833000854943
Area: 0.0002356842772961693
CentroidX: 0.3819
CentroidY: 0.1573
