Location: internet_25.png_Mean-Medain.png
Component: component_1755080851002_209.png
centerX: 0.4465941152760983
centerY: 0.45280866837753064
width: 0.04232164449818621
height: 0.02281151981750784
Area: 0.0004340946712551749
CentroidX: 0.4688
CentroidY: 0.4617
