Location: Dedata_16.png_Mean-Closing.png
Component: component_1755519379399_396.png
centerX: 0.3362903225806452
centerY: 0.7788543744656597
width: 0.03064516129032258
height: 0.018238814477058992
Area: 0.0002469456420816518
CentroidX: 0.3506
CentroidY: 0.7853
