Location: Dedata_16.png_Gaussian-Median.png
Component: component_1755519378084_189.png
centerX: 0.007661290322580645
centerY: 0.3166144200626959
width: 0.03024193548387097
height: 0.01738387004844685
Area: 0.0002021300067108541
CentroidX: 0.0232
CentroidY: 0.3240
