Location: internet_25.png_Gaussian-Median.png
Component: component_1755080850886_275.png
centerX: 0.11326078194276501
centerY: 0.5919589392643285
width: 0.04393389762192664
height: 0.02423723980610208
Area: 0.0003838697913667684
CentroidX: 0.1360
CentroidY: 0.6023
