Location: Dedata_16.png_Mean-Closing.png
Component: component_1755519379396_391.png
centerX: 0.5415322580645161
centerY: 0.76831005984611
width: 0.031451612903225803
height: 0.016813907096038756
Area: 0.0002445324924847627
CentroidX: 0.5566
CentroidY: 0.7744
