Location: internet_25.png_Mean-Closing.png
Component: component_1755080851461_216.png
centerX: 0.1293833131801693
centerY: 0.4568006843455945
width: 0.03990326481257558
height: 0.02423723980610208
Area: 0.0003838697913667684
CentroidX: 0.1500
CentroidY: 0.4667
