Location: internet_25.png_Gaussian-Closing.png
Component: component_1755080851218_75.png
centerX: 0.005642885933091495
centerY: 0.18505845451953237
width: 0.04675534058847239
height: 0.023381807812945538
Area: 0.00044570270985638556
CentroidX: 0.0300
CentroidY: 0.1948
