Location: internet_25.png_Gaussian-Median.png
Component: component_1755080850879_241.png
centerX: 0.8307134220072552
centerY: 0.5249500998003992
width: 0.041515517936316
height: 0.025377815796977475
Area: 0.0003999601419031
CentroidX: 0.8520
CentroidY: 0.5364
