Location: Dedata_16.png_Mean-Medain.png
Component: component_1755519378499_225.png
centerX: 0.6431451612903226
centerY: 0.4043887147335423
width: 0.03790322580645161
height: 0.018523795953263037
Area: 0.0002946340745916032
CentroidX: 0.6641
CentroidY: 0.4114
