Location: internet_25.png_Mean-Closing.png
Component: component_1755080851404_11.png
centerX: 0.49858927851672713
centerY: 0.02623324779013402
width: 0.04353083434099154
height: 0.02623324779013402
Area: 0.0004867331037240312
CentroidX: 0.5229
CentroidY: 0.0369
