Location: internet_25.png_Mean-Medain.png
Component: component_1755080850980_124.png
centerX: 0.5304312777106006
centerY: 0.26119190191046476
width: 0.04312777106005643
height: 0.023381807812945538
Area: 0.0004407606736202266
CentroidX: 0.5527
CentroidY: 0.2708
