Location: Dedata_16.png_Gaussian-Median.png
Component: component_1755519378139_432.png
centerX: 0.7451612903225806
centerY: 0.7962382445141066
width: 0.02943548387096774
height: 0.020518666286691366
Area: 0.0002374079555796615
CentroidX: 0.7608
CentroidY: 0.8051
