Location: Dedata_16.png_Gaussian-Median.png
Component: component_1755519378136_416.png
centerX: 0.5879032258064516
centerY: 0.7654602450840695
width: 0.02903225806451613
height: 0.01738387004844685
Area: 0.00022878956416220043
CentroidX: 0.6014
CentroidY: 0.7721
