Location: internet_25.png_Mean-Closing.png
Component: component_1755080851413_52.png
centerX: 0.9552599758162031
centerY: 0.11861990305104078
width: 0.03426037887948408
height: 0.020530367835757058
Area: 0.0003403109138434135
CentroidX: 0.9739
CentroidY: 0.1269
