Location: Dedata_16.png_Gaussian-Median.png
Component: component_1755519378119_348.png
centerX: 0.8951612903225806
centerY: 0.6226845255058421
width: 0.028629032258064516
height: 0.02080364776289541
Area: 0.0002537254433300545
CentroidX: 0.9095
CentroidY: 0.6306
