Location: Dedata_16.png_Mean-Medain.png
Component: component_1755519378495_214.png
centerX: 0.22701612903225807
centerY: 0.38557993730407525
width: 0.028629032258064516
height: 0.018238814477058992
Area: 0.00024177460723117514
CentroidX: 0.2415
CentroidY: 0.3929
