Location: internet_25.png_Gaussian-Median.png
Component: component_1755080850856_137.png
centerX: 0.16243450221684805
centerY: 0.2985457656116339
width: 0.03869407496977025
height: 0.025092671799258625
Area: 0.00041168311157957016
CentroidX: 0.1820
CentroidY: 0.3089
