Location: Dedata_16.png_Mean-Closing.png
Component: component_1755519379355_288.png
centerX: 0.8516129032258064
centerY: 0.5420347677400968
width: 0.03346774193548387
height: 0.021373610715303505
Area: 0.00029118671802461874
CentroidX: 0.8683
CentroidY: 0.5498
