Location: Dedata_16.png_Mean-Closing.png
Component: component_1755519379396_390.png
centerX: 0.5875
centerY: 0.7651752636078655
width: 0.02943548387096774
height: 0.0176688515246509
Area: 0.00024349828551466736
CentroidX: 0.6014
CentroidY: 0.7720
