Location: Dedata_16.png_Mean-Medain.png
Component: component_1755519378473_114.png
centerX: 0.05604838709677419
centerY: 0.1989170703904246
width: 0.031451612903225803
height: 0.018238814477058992
Area: 0.0002555640334991129
CentroidX: 0.0708
CentroidY: 0.2072
