Location: Dedata_16.png_Mean-Medain.png
Component: component_1755519378477_131.png
centerX: 0.20201612903225807
centerY: 0.22656027358221714
width: 0.028629032258064516
height: 0.018238814477058992
Area: 0.00024269390231570432
CentroidX: 0.2147
CentroidY: 0.2338
