Location: Dedata_16.png_Mean-Closing.png
Component: component_1755519379253_52.png
centerX: 0.40241935483870966
centerY: 0.10743801652892562
width: 0.025403225806451612
height: 0.018523795953263037
Area: 0.00025119738184759926
CentroidX: 0.4141
CentroidY: 0.1155
