Location: Dedata_16.png_Mean-Medain.png
Component: component_1755519378479_142.png
centerX: 0.7193548387096774
centerY: 0.24479908805927614
width: 0.03225806451612903
height: 0.018523795953263037
Area: 0.00024372810928579964
CentroidX: 0.7355
CentroidY: 0.2521
