Location: Dedata_16.png_Mean-Medain.png
Component: component_1755519378495_213.png
centerX: 0.2810483870967742
centerY: 0.3804502707324024
width: 0.028629032258064516
height: 0.02080364776289541
Area: 0.00025177194127543
CentroidX: 0.2953
CentroidY: 0.3889
