Location: Dedata_16.png_Mean-Closing.png
Component: component_1755519379267_93.png
centerX: 0.7278225806451613
centerY: 0.17811342262752922
width: 0.025806451612903226
height: 0.01738387004844685
Area: 0.00020603701082010315
CentroidX: 0.7397
CentroidY: 0.1850
