Location: internet_25.png_Mean-Closing.png
Component: component_1755080851442_170.png
centerX: 0.7561467150342603
centerY: 0.3704020530367836
width: 0.042724707779121324
height: 0.02480752780153978
Area: 0.0004505298150172851
CentroidX: 0.7776
CentroidY: 0.3803
