Location: Dedata_16.png_Mean-Closing.png
Component: component_1755519379246_31.png
centerX: 0.7096774193548387
centerY: 0.06811057281276717
width: 0.03064516129032258
height: 0.019948703334283273
Area: 0.00029291039630811096
CentroidX: 0.7252
CentroidY: 0.0771
