Location: Dedata_16.png_Mean-Closing.png
Component: component_1755519379383_352.png
centerX: 0.6084677419354839
centerY: 0.677115987460815
width: 0.025806451612903226
height: 0.021658592191507554
Area: 0.00025763244743930353
CentroidX: 0.6207
CentroidY: 0.6866
