Location: Dedata_16.png_Mean-Medain.png
Component: component_1755519378495_215.png
centerX: 0.1786290322580645
centerY: 0.3861499002564833
width: 0.02943548387096774
height: 0.020518666286691366
Area: 0.00025602368104137745
CentroidX: 0.1927
CentroidY: 0.3937
