Location: Dedata_16.png_Mean-Medain.png
Component: component_1755519378412_62.png
centerX: 0.5415322580645161
centerY: 0.10943288686235395
width: 0.025806451612903226
height: 0.019663721858079224
Area: 0.0002476351133950487
CentroidX: 0.5534
CentroidY: 0.1178
