Location: Dedata_16.png_Mean-Closing.png
Component: component_1755519379273_117.png
centerX: 0.5125
centerY: 0.21459105158164718
width: 0.02943548387096774
height: 0.01937874038187518
Area: 0.0002440728449424981
CentroidX: 0.5259
CentroidY: 0.2219
