Location: internet_25.png_Mean-Medain.png
Component: component_1755080851018_280.png
centerX: 0.4482063683998388
centerY: 0.624750499001996
width: 0.04433696090286175
height: 0.020245223838038208
Area: 0.00036973326910984847
CentroidX: 0.4711
CentroidY: 0.6329
