Location: internet_25.png_Gaussian-Median.png
Component: component_1755080850827_14.png
centerX: 0.9161628375654978
centerY: 0.02737382378100941
width: 0.04030632809351068
height: 0.025377815796977475
Area: 0.0004170848721167672
CentroidX: 0.9333
CentroidY: 0.0402
