Location: Dedata_16.png_Mean-Medain.png
Component: component_1755519378545_420.png
centerX: 0.7451612903225806
centerY: 0.7959532630379025
width: 0.029838709677419355
height: 0.020518666286691366
Area: 0.0002493587916785409
CentroidX: 0.7608
CentroidY: 0.8049
