Location: internet_25.png_Gaussian-Closing.png
Component: component_1755080851348_292.png
centerX: 0.7871825876662636
centerY: 0.6495580268035358
width: 0.041515517936316
height: 0.022241231822070145
Area: 0.00037341106351815285
CentroidX: 0.8081
CentroidY: 0.6596
