Location: internet_25.png_Mean-Medain.png
Component: component_1755080850984_140.png
centerX: 0.3139862958484482
centerY: 0.2994011976047904
width: 0.04070939137444579
height: 0.02281151981750784
Area: 0.0004099591454506775
CentroidX: 0.3368
CentroidY: 0.3083
