Location: internet_25.png_Gaussian-Median.png
Component: component_1755080850857_141.png
centerX: 0.739621120515921
centerY: 0.2988309096093527
width: 0.044740024183796856
height: 0.024522383803820928
Area: 0.000434554395556213
CentroidX: 0.7638
CentroidY: 0.3087
