Location: Dedata_16.png_Mean-Closing.png
Component: component_1755519379265_87.png
centerX: 0.9540322580645161
centerY: 0.16443431176973497
width: 0.028629032258064516
height: 0.018238814477058992
Area: 0.00023338603958484634
CentroidX: 0.9677
CentroidY: 0.1708
