Location: Dedata_16.png_Mean-Medain.png
Component: component_1755519378423_66.png
centerX: 0.15685483870967742
centerY: 0.11484753491023084
width: 0.027419354838709678
height: 0.017953833000854943
Area: 0.0002671701339412938
CentroidX: 0.1696
CentroidY: 0.1221
