Location: Dedata_16.png_Gaussian-Closing.png
Component: component_1755519378727_182.png
centerX: 0.2754032258064516
centerY: 0.3391279566828156
width: 0.02620967741935484
height: 0.016243944143630663
Area: 0.00019397126283565762
CentroidX: 0.2877
CentroidY: 0.3460
