Location: Dedata_16.png_Gaussian-Median.png
Component: component_1755519378070_122.png
centerX: 0.05604838709677419
centerY: 0.1989170703904246
width: 0.031048387096774193
height: 0.018238814477058992
Area: 0.0002405105764899475
CentroidX: 0.0708
CentroidY: 0.2073
