Location: Dedata_16.png_Mean-Closing.png
Component: component_1755519379333_204.png
centerX: 0.12298387096774194
centerY: 0.3889997150185238
width: 0.037096774193548385
height: 0.0219435736677116
Area: 0.0003004945807554767
CentroidX: 0.1436
CentroidY: 0.3985
