Location: Dedata_16.png_Mean-Medain.png
Component: component_1755519378494_207.png
centerX: 0.5854838709677419
centerY: 0.3684810487318324
width: 0.03669354838709677
height: 0.01481903676261043
Area: 0.00023706321992296306
CentroidX: 0.6056
CentroidY: 0.3742
