Location: Dedata_16.png_Gaussian-Closing.png
Component: component_1755519378835_395.png
centerX: 0.5419354838709678
centerY: 0.76831005984611
width: 0.031048387096774193
height: 0.016813907096038756
Area: 0.00023039833056012648
CentroidX: 0.5567
CentroidY: 0.7744
