Location: Dedata_16.png_Gaussian-Closing.png
Component: component_1755519378778_310.png
centerX: 0.17620967741935484
centerY: 0.5876318039327444
width: 0.03185483870967742
height: 0.019663721858079224
Area: 0.00025407017898675295
CentroidX: 0.1922
CentroidY: 0.5950
