Location: Dedata_16.png_Gaussian-Median.png
Component: component_1755519378055_40.png
centerX: 0.43790322580645163
centerY: 0.06868053576517526
width: 0.021370967741935483
height: 0.020233684810487318
Area: 0.0002433833736291012
CentroidX: 0.4478
CentroidY: 0.0784
