Location: internet_25.png_Mean-Medain.png
Component: component_1755080851017_273.png
centerX: 0.8307134220072552
centerY: 0.6062161391502708
width: 0.045949214026602174
height: 0.023952095808383235
Area: 0.0004370828792119222
CentroidX: 0.8557
CentroidY: 0.6155
