Location: Dedata_16.png_Mean-Medain.png
Component: component_1755519378494_210.png
centerX: 0.42862903225806454
centerY: 0.3741806782559134
width: 0.03064516129032258
height: 0.019663721858079224
Area: 0.0002631482179464786
CentroidX: 0.4431
CentroidY: 0.3815
