Location: Dedata_16.png_Mean-Medain.png
Component: component_1755519378325_17.png
centerX: 0.48266129032258065
centerY: 0.0262182958107723
width: 0.025806451612903226
height: 0.021373610715303505
Area: 0.00028038500078140084
CentroidX: 0.4960
CentroidY: 0.0366
