Location: internet_25.png_Mean-Closing.png
Component: component_1755080851411_45.png
centerX: 0.5449415558242644
centerY: 0.11548331907613345
width: 0.04030632809351068
height: 0.022526375819788995
Area: 0.00041145324942905114
CentroidX: 0.5664
CentroidY: 0.1249
