Location: internet_25.png_Mean-Closing.png
Component: component_1755080851441_163.png
centerX: 0.006449012494961709
centerY: 0.3401767892785857
width: 0.04232164449818621
height: 0.023096663815226688
Area: 0.0004208775976003311
CentroidX: 0.0281
CentroidY: 0.3494
