Location: Dedata_16.png_Mean-Medain.png
Component: component_1755519378540_396.png
centerX: 0.18266129032258063
centerY: 0.7489313194642349
width: 0.02379032258064516
height: 0.018808777429467086
Area: 0.00022338870554059148
CentroidX: 0.1933
CentroidY: 0.7571
