Location: Dedata_16.png_Gaussian-Median.png
Component: component_1755519378117_341.png
centerX: 0.5504032258064516
centerY: 0.6047306925049871
width: 0.029838709677419355
height: 0.018523795953263037
Area: 0.0002497035273352393
CentroidX: 0.5650
CentroidY: 0.6127
