Location: internet_25.png_Gaussian-Closing.png
Component: component_1755080851347_286.png
centerX: 0.10882708585247884
centerY: 0.6367265469061876
width: 0.044740024183796856
height: 0.025377815796977475
Area: 0.0004309915322231681
CentroidX: 0.1344
CentroidY: 0.6470
