Location: internet_25.png_Gaussian-Median.png
Component: component_1755080850884_266.png
centerX: 0.5002015316404675
centerY: 0.5785571713715426
width: 0.04070939137444579
height: 0.023381807812945538
Area: 0.000369848200185108
CentroidX: 0.5213
CentroidY: 0.5877
