Location: Dedata_16.png_Gaussian-Closing.png
Component: component_1755519378839_397.png
centerX: 0.4383064516129032
centerY: 0.7731547449415788
width: 0.027822580645161292
height: 0.01909375890567113
Area: 0.00023039833056012648
CentroidX: 0.4514
CentroidY: 0.7805
