Location: Dedata_16.png_Gaussian-Closing.png
Component: component_1755519378776_302.png
centerX: 0.3786290322580645
centerY: 0.5708178968367056
width: 0.035483870967741936
height: 0.01909375890567113
Area: 0.00025671315235477435
CentroidX: 0.3973
CentroidY: 0.5775
