Location: internet_25.png_Gaussian-Closing.png
Component: component_1755080851229_90.png
centerX: 0.5824264409512293
centerY: 0.1899059024807528
width: 0.03909713825070536
height: 0.0213857998289136
Area: 0.0003861684128719586
CentroidX: 0.6028
CentroidY: 0.1987
