Location: Dedata_16.png_Mean-Medain.png
Component: component_1755519378423_65.png
centerX: 0.21088709677419354
centerY: 0.11370760900541464
width: 0.027016129032258064
height: 0.0176688515246509
Area: 0.0002537254433300545
CentroidX: 0.2236
CentroidY: 0.1210
