Location: internet_25.png_Gaussian-Median.png
Component: component_1755080850863_173.png
centerX: 0.6420798065296252
centerY: 0.3704020530367836
width: 0.054816606207174524
height: 0.022526375819788995
Area: 0.00043742767243770073
CentroidX: 0.6703
CentroidY: 0.3795
