Location: Dedata_16.png_Mean-Closing.png
Component: component_1755519379262_86.png
centerX: 0.1064516129032258
centerY: 0.15958962667426618
width: 0.02661290322580645
height: 0.0176688515246509
Area: 0.00023384568712711093
CentroidX: 0.1186
CentroidY: 0.1668
