Location: Dedata_16.png_Gaussian-Median.png
Component: component_1755519378086_199.png
centerX: 0.3657258064516129
centerY: 0.3365631233969792
width: 0.027419354838709678
height: 0.016813907096038756
Area: 0.00021178260509841055
CentroidX: 0.3780
CentroidY: 0.3430
