Location: Dedata_16.png_Mean-Closing.png
Component: component_1755519379340_231.png
centerX: 0.7629032258064516
centerY: 0.43744656597321174
width: 0.027822580645161292
height: 0.01738387004844685
Area: 0.00023085797810239107
CentroidX: 0.7765
CentroidY: 0.4447
