Location: internet_25.png_Gaussian-Median.png
Component: component_1755080850856_138.png
centerX: 0.5264006449012495
centerY: 0.2985457656116339
width: 0.041112454655380895
height: 0.0213857998289136
Area: 0.00037743365115223574
CentroidX: 0.5479
CentroidY: 0.3079
