Location: Dedata_16.png_Mean-Medain.png
Component: component_1755519378333_24.png
centerX: 0.11612903225806452
centerY: 0.029353092049016812
width: 0.027016129032258064
height: 0.02080364776289541
Area: 0.00030003493321321213
CentroidX: 0.1291
CentroidY: 0.0378
