Location: internet_25.png_Gaussian-Median.png
Component: component_1755080850839_59.png
centerX: 0.060459492140266025
centerY: 0.14570858283433133
width: 0.039500201531640466
height: 0.02623324779013402
Area: 0.0004271988067396042
CentroidX: 0.0821
CentroidY: 0.1577
