Location: internet_25.png_Mean-Medain.png
Component: component_1755080850996_182.png
centerX: 0.006045949214026602
centerY: 0.38038209295694325
width: 0.04554615074566707
height: 0.02623324779013402
Area: 0.000460184025339084
CentroidX: 0.0287
CentroidY: 0.3923
