Location: Dedata_16.png_Mean-Medain.png
Component: component_1755519378533_384.png
centerX: 0.5592741935483871
centerY: 0.7221430607010544
width: 0.025403225806451612
height: 0.02080364776289541
Area: 0.00023074306621682493
CentroidX: 0.5712
CentroidY: 0.7317
