Location: Dedata_16.png_Mean-Medain.png
Component: component_1755519378526_353.png
centerX: 0.2907258064516129
centerY: 0.6568823026503278
width: 0.031048387096774193
height: 0.018808777429467086
Area: 0.0002784314987267763
CentroidX: 0.3055
CentroidY: 0.6644
