Location: internet_25.png_Gaussian-Median.png
Component: component_1755080850866_185.png
centerX: 0.11043933897621927
centerY: 0.37924151696606784
width: 0.03990326481257558
height: 0.023952095808383235
Area: 0.0003985809689999859
CentroidX: 0.1301
CentroidY: 0.3896
