Location: Dedata_16.png_Gaussian-Median.png
Component: component_1755519378127_383.png
centerX: 0.2915322580645161
centerY: 0.700769449985751
width: 0.02661290322580645
height: 0.02108862923909946
Area: 0.00023798251500749225
CentroidX: 0.3036
CentroidY: 0.7105
