Location: Dedata_16.png_Gaussian-Closing.png
Component: component_1755519379086_414.png
centerX: 0.6044354838709678
centerY: 0.8030777999430037
width: 0.02903225806451613
height: 0.019663721858079224
Area: 0.00024349828551466736
CentroidX: 0.6177
CentroidY: 0.8108
