Location: Dedata_16.png_Mean-Closing.png
Component: component_1755519379254_57.png
centerX: 0.5415322580645161
centerY: 0.109717868338558
width: 0.025806451612903226
height: 0.01909375890567113
Area: 0.0002477500252806148
CentroidX: 0.5534
CentroidY: 0.1178
