Location: internet_25.png_Gaussian-Median.png
Component: component_1755080850860_158.png
centerX: 0.5203546956872229
centerY: 0.33561448531508414
width: 0.041515517936316
height: 0.022241231822070145
Area: 0.00039271948416175076
CentroidX: 0.5432
CentroidY: 0.3441
