Location: Dedata_16.png_Gaussian-Median.png
Component: component_1755519378116_333.png
centerX: 0.0721774193548387
centerY: 0.5901966372185808
width: 0.031048387096774193
height: 0.023083499572527786
Area: 0.0002939446032782063
CentroidX: 0.0871
CentroidY: 0.5990
