Location: Dedata_16.png_Gaussian-Closing.png
Component: component_1755519378800_356.png
centerX: 0.5584677419354839
centerY: 0.6799658022228555
width: 0.024596774193548387
height: 0.02080364776289541
Area: 0.0002140808428097335
CentroidX: 0.5702
CentroidY: 0.6893
