Location: Dedata_16.png_Mean-Closing.png
Component: component_1755519379334_209.png
centerX: 0.7959677419354839
centerY: 0.39640923339982903
width: 0.02943548387096774
height: 0.017098888572242805
Area: 0.00024418775682806423
CentroidX: 0.8117
CentroidY: 0.4030
