Location: Dedata_16.png_Gaussian-Median.png
Component: component_1755519378087_204.png
centerX: 0.8838709677419355
centerY: 0.3493872898261613
width: 0.03346774193548387
height: 0.020518666286691366
Area: 0.00028383235734838523
CentroidX: 0.9006
CentroidY: 0.3571
