Location: internet_25.png_Mean-Closing.png
Component: component_1755080851472_238.png
centerX: 0.7839580814187828
centerY: 0.5278015397775877
width: 0.03869407496977025
height: 0.023952095808383235
Area: 0.00044363395050171436
CentroidX: 0.8055
CentroidY: 0.5378
