Location: Dedata_16.png_Gaussian-Closing.png
Component: component_1755519378643_19.png
centerX: 0.7270161290322581
centerY: 0.027643203191792535
width: 0.031048387096774193
height: 0.016813907096038756
Area: 0.00025763244743930353
CentroidX: 0.7426
CentroidY: 0.0343
