Location: internet_25.png_Gaussian-Closing.png
Component: component_1755080851343_266.png
centerX: 0.22974607013301088
centerY: 0.5859709153122327
width: 0.041515517936316
height: 0.021956087824351298
Area: 0.0003460574676063891
CentroidX: 0.2515
CentroidY: 0.5949
