Location: Dedata_16.png_Mean-Closing.png
Component: component_1755519379268_98.png
centerX: 0.5185483870967742
centerY: 0.18153320034197779
width: 0.028629032258064516
height: 0.017098888572242805
Area: 0.00022580185513748058
CentroidX: 0.5322
CentroidY: 0.1888
