Location: Dedata_16.png_Gaussian-Median.png
Component: component_1755519378129_391.png
centerX: 0.7149193548387097
centerY: 0.7104588201766885
width: 0.027822580645161292
height: 0.02108862923909946
Area: 0.00023200709695805257
CentroidX: 0.7285
CentroidY: 0.7201
