Location: Dedata_16.png_Mean-Closing.png
Component: component_1755519379271_110.png
centerX: 0.007661290322580645
centerY: 0.20262182958107722
width: 0.028629032258064516
height: 0.017953833000854943
Area: 0.00021568960920765955
CentroidX: 0.0214
CentroidY: 0.2097
