Location: internet_25.png_Mean-Medain.png
Component: component_1755080850957_36.png
centerX: 0.014107214832728738
centerY: 0.09238665526090675
width: 0.03829101168883515
height: 0.031080695751354435
Area: 0.0004517940568451397
CentroidX: 0.0337
CentroidY: 0.1071
