Location: Dedata_16.png_Gaussian-Closing.png
Component: component_1755519378856_403.png
centerX: 0.8758064516129033
centerY: 0.7845540039897406
width: 0.03024193548387097
height: 0.01937874038187518
Area: 0.00023729304369409537
CentroidX: 0.8916
CentroidY: 0.7928
