Location: Dedata_16.png_Mean-Closing.png
Component: component_1755519379341_238.png
centerX: 0.4520161290322581
centerY: 0.44970076944998577
width: 0.03387096774193549
height: 0.01909375890567113
Area: 0.00028360253357725295
CentroidX: 0.4703
CentroidY: 0.4577
