Location: Dedata_16.png_Mean-Medain.png
Component: component_1755519378394_56.png
centerX: 0.35443548387096774
centerY: 0.10715303505272157
width: 0.02943548387096774
height: 0.019663721858079224
Area: 0.00028383235734838523
CentroidX: 0.3685
CentroidY: 0.1151
