Location: Dedata_16.png_Mean-Medain.png
Component: component_1755519378542_406.png
centerX: 0.4967741935483871
centerY: 0.7694499857509262
width: 0.027822580645161292
height: 0.018238814477058992
Area: 0.0002294790354755973
CentroidX: 0.5096
CentroidY: 0.7779
