Location: Dedata_16.png_Mean-Closing.png
Component: component_1755519379244_29.png
centerX: 0.39233870967741935
centerY: 0.06754060986035908
width: 0.02379032258064516
height: 0.021373610715303505
Area: 0.00027739729175668096
CentroidX: 0.4035
CentroidY: 0.0771
