Location: internet_25.png_Gaussian-Median.png
Component: component_1755080850844_78.png
centerX: 0.005642885933091495
centerY: 0.18505845451953237
width: 0.0471584038694075
height: 0.023381807812945538
Area: 0.0004461624341574236
CentroidX: 0.0300
CentroidY: 0.1948
