Location: internet_25.png_Mean-Closing.png
Component: component_1755080851440_161.png
centerX: 0.1592099959693672
centerY: 0.3384659252922726
width: 0.037081821846029824
height: 0.022526375819788995
Area: 0.0003788128240553499
CentroidX: 0.1780
CentroidY: 0.3475
