Location: Dedata_16.png_Gaussian-Median.png
Component: component_1755519378117_340.png
centerX: 0.494758064516129
centerY: 0.6047306925049871
width: 0.03024193548387097
height: 0.019948703334283273
Area: 0.00025430000275788523
CentroidX: 0.5094
CentroidY: 0.6129
