Location: Dedata_16.png_Mean-Closing.png
Component: component_1755519379341_237.png
centerX: 0.4991935483870968
centerY: 0.4494157879737817
width: 0.03185483870967742
height: 0.017953833000854943
Area: 0.0002664806626278969
CentroidX: 0.5167
CentroidY: 0.4562
