Location: Dedata_16.png_Mean-Medain.png
Component: component_1755519378541_402.png
centerX: 0.680241935483871
centerY: 0.7574807637503562
width: 0.02661290322580645
height: 0.0176688515246509
Area: 0.00023108780187352338
CentroidX: 0.6941
CentroidY: 0.7647
