Location: internet_25.png_Mean-Medain.png
Component: component_1755080850959_41.png
centerX: 0.29826682789197906
centerY: 0.10664385514684915
width: 0.042724707779121324
height: 0.028229255774165955
Area: 0.000455012126952406
CentroidX: 0.3198
CentroidY: 0.1189
