Location: 2025-04-18_221216-1.png_Mean-Medain.png
Component: component_1745012174844_323.png
centerX: 0.4911660777385159
centerY: 0.5772357723577236
width: 0.02120141342756184
height: 0.02781343602909713
Area: 0.0002167215274533255
CentroidX: 0.5027
CentroidY: 0.5886
