Location: 2025-04-18_221216-1.png_Mean-Medain.png
Component: component_1745012174797_72.png
centerX: 0.4905771495877503
centerY: 0.06418485237483953
width: 0.024734982332155476
height: 0.032520325203252036
Area: 0.0003258382965083138
CentroidX: 0.5021
CentroidY: 0.0785
