Location: 2025-04-18_221216-1.png_Mean-Medain.png
Component: component_1745012174822_201.png
centerX: 0.7820965842167256
centerY: 0.33504492939666236
width: 0.023557126030624265
height: 0.029525032092426188
Area: 0.00023284964112427065
CentroidX: 0.7937
CentroidY: 0.3475
