Location: 2025-04-18_221256-1.png_Mean-Medain.png
Component: component_1745012174984_12.png
centerX: 0.7520612485276796
centerY: 0.005562687205819427
width: 0.02767962308598351
height: 0.030380830124090714
Area: 0.0002648538666900524
CentroidX: 0.7668
CentroidY: 0.0198
