Location: 2025-04-18_221237-1.png_Otsu.png
Component: component_1745012175527_438.png
centerX: 0.6472320376914017
centerY: 0.8613607188703466
width: 0.02767962308598351
height: 0.0329482242190843
Area: 0.000349778465238623
CentroidX: 0.6601
CentroidY: 0.8763
