Location: 2025-04-18_221256-1.png_Gaussian-Median.png
Component: component_1745012175645_89.png
centerX: 0.8527679623085983
centerY: 0.16859221223791185
width: 0.038869257950530034
height: 0.031664527171587506
Area: 0.00039236676540096256
CentroidX: 0.8724
CentroidY: 0.1827
