Location: 2025-04-18_221256-1.png_Gaussian-Median.png
Component: component_1745012175622_45.png
centerX: 0.061837455830388695
centerY: 0.06846384253316218
width: 0.032391048292108364
height: 0.026957637997432605
Area: 0.00032987032492605005
CentroidX: 0.0765
CentroidY: 0.0807
