Location: 2025-04-18_221256-1.png_Gaussian-Median.png
Component: component_1745012175666_160.png
centerX: 0.37279151943462896
centerY: 0.32220795892169446
width: 0.028268551236749116
height: 0.03080872913992298
Area: 0.0003051741508674153
CentroidX: 0.3868
CentroidY: 0.3365
