Location: 2025-04-18_221237-1.png_Otsu.png
Component: component_1745012175442_191.png
centerX: 0.5312131919905771
centerY: 0.3209242618741977
width: 0.02944640753828033
height: 0.02781343602909713
Area: 0.00028198998746543165
CentroidX: 0.5464
CentroidY: 0.3338
