Location: 2025-04-18_221256-1.png_Gaussian-Median.png
Component: component_1745012175627_62.png
centerX: 0.16666666666666666
centerY: 0.10355156183140779
width: 0.02944640753828033
height: 0.028241335044929396
Area: 0.00028778602831592756
CentroidX: 0.1820
CentroidY: 0.1167
