Location: 2025-04-18_221256-1.png_Mean-Medain.png
Component: component_1745012175179_211.png
centerX: 0.6048292108362779
centerY: 0.4206247325631151
width: 0.024146054181389872
height: 0.029525032092426188
Area: 0.0002139495079161318
CentroidX: 0.6170
CentroidY: 0.4343
