Location: 2025-04-18_221237-1.png_Otsu.png
Component: component_1745012175540_470.png
centerX: 0.40223792697290933
centerY: 0.9135643988018828
width: 0.028857479387514724
height: 0.03209242618741977
Area: 0.000329366321373833
CentroidX: 0.4174
CentroidY: 0.9277
