Location: 2025-04-18_221256-1.png_Gaussian-Median.png
Component: component_1745012175635_70.png
centerX: 0.9004711425206124
centerY: 0.1292255027813436
width: 0.03415783274440518
height: 0.03123662815575524
Area: 0.0003371783764331971
CentroidX: 0.9183
CentroidY: 0.1426
