Location: 2025-04-18_221216-1.png_Mean-Medain.png
Component: component_1745012174842_310.png
centerX: 0.833922261484099
centerY: 0.5716730851519042
width: 0.026501766784452298
height: 0.02781343602909713
Area: 0.0002535137867651691
CentroidX: 0.8479
CentroidY: 0.5841
