Location: 2025-04-18_221237-1.png_Otsu.png
Component: component_1745012175476_339.png
centerX: 0.09540636042402827
centerY: 0.6341463414634146
width: 0.023557126030624265
height: 0.02781343602909713
Area: 0.0002787139643760209
CentroidX: 0.1067
CentroidY: 0.6466
