Location: 2025-04-18_221256-1.png_Gaussian-Median.png
Component: component_1745012175688_241.png
centerX: 0.09717314487632508
centerY: 0.4676936243046641
width: 0.026501766784452298
height: 0.032520325203252036
Area: 0.0002575458151829054
CentroidX: 0.1092
CentroidY: 0.4818
