Location: 2025-04-18_221256-1.png_Gaussian-Median.png
Component: component_1745012175775_424.png
centerX: 0.9823321554770318
centerY: 0.8771929824561403
width: 0.014134275618374558
height: 0.03337612323491656
Area: 0.00022352557540825547
CentroidX: 0.9897
CentroidY: 0.8919
