Location: 2025-04-18_221237-1.png_Otsu.png
Component: component_1745012175508_396.png
centerX: 0.8439340400471143
centerY: 0.76936243046641
width: 0.027090694935217905
height: 0.026957637997432605
Area: 0.00029307806561420645
CentroidX: 0.8569
CentroidY: 0.7815
