Location: 2025-04-18_221216-1.png_Mean-Medain.png
Component: component_1745012174805_118.png
centerX: 0.36454652532391046
centerY: 0.1561831407787762
width: 0.024734982332155476
height: 0.029097133076593923
Area: 0.0002658618737944865
CentroidX: 0.3772
CentroidY: 0.1685
