Location: 2025-04-18_221237-1.png_Otsu.png
Component: component_1745012175385_38.png
centerX: 0.6183745583038869
centerY: 0.058194266153187846
width: 0.03297997644287397
height: 0.029097133076593923
Area: 0.000279721971480455
CentroidX: 0.6344
CentroidY: 0.0713
