Location: 2025-04-18_221216-1.png_Mean-Medain.png
Component: component_1745012174856_387.png
centerX: 0.6089517078916372
centerY: 0.6949080017115961
width: 0.028268551236749116
height: 0.02781343602909713
Area: 0.00028778602831592756
CentroidX: 0.6239
CentroidY: 0.7074
