Location: 2025-04-18_221216-1.png_Mean-Medain.png
Component: component_1745012174794_58.png
centerX: 0.9322732626619552
centerY: 0.05562687205819426
width: 0.02767962308598351
height: 0.029525032092426188
Area: 0.00031172619704623677
CentroidX: 0.9460
CentroidY: 0.0692
