Location: 2025-04-18_221256-1.png_Mean-Medain.png
Component: component_1745012175131_137.png
centerX: 0.8404004711425206
centerY: 0.2610183996576808
width: 0.03121319199057715
height: 0.032520325203252036
Area: 0.000321554266314469
CentroidX: 0.8565
CentroidY: 0.2751
