Location: 2025-04-18_221256-1.png_Mean-Medain.png
Component: component_1745012175259_399.png
centerX: 0.5665488810365136
centerY: 0.8189987163029525
width: 0.028268551236749116
height: 0.03423192126658109
Area: 0.0004377270851004958
CentroidX: 0.5807
CentroidY: 0.8340
