Location: 2025-04-18_221237-1.png_Otsu.png
Component: component_1745012175474_330.png
centerX: 0.22379269729093051
centerY: 0.6311510483525888
width: 0.028268551236749116
height: 0.03080872913992298
Area: 0.00032835831426939897
CentroidX: 0.2370
CentroidY: 0.6448
