Location: 2025-04-18_221256-1.png_Gaussian-Median.png
Component: component_1745012175761_387.png
centerX: 0.6136631330977621
centerY: 0.8177150192554558
width: 0.02767962308598351
height: 0.03465982028241335
Area: 0.0004523431881147898
CentroidX: 0.6276
CentroidY: 0.8325
