Location: 2025-04-18_221216-1.png_Mean-Medain.png
Component: component_1745012174827_228.png
centerX: 0.4275618374558304
centerY: 0.3910997004706889
width: 0.03121319199057715
height: 0.03209242618741977
Area: 0.00030089012067357053
CentroidX: 0.4428
CentroidY: 0.4051
