Location: 2025-04-18_221216-1.png_Mean-Medain.png
Component: component_1745012174859_403.png
centerX: 0.9487632508833922
centerY: 0.7282841249465126
width: 0.027090694935217905
height: 0.032520325203252036
Area: 0.0003150022201356475
CentroidX: 0.9636
CentroidY: 0.7422
