Location: 2025-04-18_221237-1.png_Otsu.png
Component: component_1745012175523_420.png
centerX: 0.41578327444051827
centerY: 0.8151476251604621
width: 0.02767962308598351
height: 0.031664527171587506
Area: 0.00034171440840315045
CentroidX: 0.4293
CentroidY: 0.8288
