Location: 2025-04-18_221237-1.png_Otsu.png
Component: component_1745012175486_360.png
centerX: 0.17550058892815076
centerY: 0.6829268292682927
width: 0.02944640753828033
height: 0.031664527171587506
Area: 0.00034625044037310375
CentroidX: 0.1896
CentroidY: 0.6967
