Location: 2025-04-18_221256-1.png_Gaussian-Median.png
Component: component_1745012175661_142.png
centerX: 0.25382803297997647
centerY: 0.27471116816431324
width: 0.02944640753828033
height: 0.030380830124090714
Area: 0.0003243262858516627
CentroidX: 0.2676
CentroidY: 0.2887
