Location: 2025-04-18_221237-1.png_Otsu.png
Component: component_1745012175428_171.png
centerX: 0.44876325088339225
centerY: 0.29311082584510056
width: 0.020023557126030624
height: 0.025246041934103552
Area: 0.0002366296677658984
CentroidX: 0.4585
CentroidY: 0.3039
