Location: 2025-04-18_221237-1.png_Otsu.png
Component: component_1745012175440_187.png
centerX: 0.7008244994110718
centerY: 0.3162173727000428
width: 0.024146054181389872
height: 0.02866923406076166
Area: 0.0002835019981220828
CentroidX: 0.7133
CentroidY: 0.3289
