Location: 2025-04-18_221237-1.png_Otsu.png
Component: component_1745012175545_495.png
centerX: 0.287396937573616
centerY: 0.9666238767650834
width: 0.02767962308598351
height: 0.02995293110825845
Area: 0.0003470064457014293
CentroidX: 0.3002
CentroidY: 0.9800
