Location: 2025-04-18_221256-1.png_Mean-Medain.png
Component: component_1745012175156_198.png
centerX: 0.3586572438162544
centerY: 0.3714163457424048
width: 0.030035335689045935
height: 0.029097133076593923
Area: 0.00027165791464498244
CentroidX: 0.3730
CentroidY: 0.3843
