Location: 2025-04-18_221256-1.png_Mean-Medain.png
Component: component_1745012175235_364.png
centerX: 0.9375736160188457
centerY: 0.7612323491655969
width: 0.027090694935217905
height: 0.03209242618741977
Area: 0.0004173149412357058
CentroidX: 0.9517
CentroidY: 0.7757
