Location: 2025-04-18_221256-1.png_Mean-Medain.png
Component: component_1745012175224_328.png
centerX: 0.6454652532391049
centerY: 0.6568249893025246
width: 0.02944640753828033
height: 0.036371416345742404
Area: 0.0004656992822485413
CentroidX: 0.6604
CentroidY: 0.6729
