Location: 2025-04-18_221237-1.png_Otsu.png
Component: component_1745012175537_459.png
centerX: 0.9723203769140165
centerY: 0.8990158322635858
width: 0.023557126030624265
height: 0.031664527171587506
Area: 0.0003790106712672111
CentroidX: 0.9836
CentroidY: 0.9129
