Location: 2025-04-18_221256-1.png_Gaussian-Median.png
Component: component_1745012175684_230.png
centerX: 0.6472320376914017
centerY: 0.464270432178006
width: 0.02767962308598351
height: 0.02995293110825845
Area: 0.00028778602831592756
CentroidX: 0.6619
CentroidY: 0.4783
