Location: 2025-04-18_221256-1.png_Gaussian-Median.png
Component: component_1745012175643_84.png
centerX: 0.1625441696113074
centerY: 0.14420196833547283
width: 0.028857479387514724
height: 0.03337612323491656
Area: 0.00033339834979156935
CentroidX: 0.1766
CentroidY: 0.1588
