Location: 2025-04-18_221237-1.png_Otsu.png
Component: component_1745012175438_178.png
centerX: 0.18197879858657243
centerY: 0.29781771501925547
width: 0.02767962308598351
height: 0.02866923406076166
Area: 0.0002751859395105017
CentroidX: 0.1952
CentroidY: 0.3106
