Location: 2025-04-18_221237-1.png_Otsu.png
Component: component_1745012175473_324.png
centerX: 0.8716136631330977
centerY: 0.6260162601626016
width: 0.025323910482921083
height: 0.029097133076593923
Area: 0.00029610208692750867
CentroidX: 0.8845
CentroidY: 0.6390
