Location: 2025-04-18_221256-1.png_Mean-Medain.png
Component: component_1745012175137_164.png
centerX: 0.6325088339222615
centerY: 0.3196405648267009
width: 0.02767962308598351
height: 0.03380402225074882
Area: 0.0002910620514053383
CentroidX: 0.6459
CentroidY: 0.3337
