Location: 2025-04-18_221256-1.png_Mean-Medain.png
Component: component_1745012175192_241.png
centerX: 0.49764428739693756
centerY: 0.46512623020967053
width: 0.027090694935217905
height: 0.030380830124090714
Area: 0.00027417793240606757
CentroidX: 0.5111
CentroidY: 0.4783
