Location: 2025-04-18_221256-1.png_Mean-Medain.png
Component: component_1745012175013_29.png
centerX: 0.06654888103651355
centerY: 0.011125374411638854
width: 0.037102473498233215
height: 0.04664099272571673
Area: 0.0004432711241748832
CentroidX: 0.0845
CentroidY: 0.0301
