Location: 2025-04-18_221256-1.png_Gaussian-Median.png
Component: component_1745012175682_220.png
centerX: 0.6878680800942285
centerY: 0.4621309370988447
width: 0.024734982332155476
height: 0.0329482242190843
Area: 0.00029761409758415975
CentroidX: 0.7017
CentroidY: 0.4770
