Location: 2025-04-18_221216-1.png_Mean-Medain.png
Component: component_1745012174846_336.png
centerX: 0.7338044758539458
centerY: 0.6157466837826273
width: 0.022968197879858657
height: 0.031664527171587506
Area: 0.00031953825210560084
CentroidX: 0.7458
CentroidY: 0.6297
