Location: 2025-04-18_221256-1.png_Gaussian-Median.png
Component: component_1745012175608_20.png
centerX: 0.9664310954063604
centerY: 0.009841677364142062
width: 0.030035335689045935
height: 0.031664527171587506
Area: 0.00030139412422578756
CentroidX: 0.9817
CentroidY: 0.0240
