Location: 2025-04-18_221256-1.png_Gaussian-Median.png
Component: component_1745012175663_148.png
centerX: 0.934040047114252
centerY: 0.3162173727000428
width: 0.02767962308598351
height: 0.030380830124090714
Area: 0.0002673738844511376
CentroidX: 0.9471
CentroidY: 0.3299
