Location: 2025-04-18_221256-1.png_Gaussian-Median.png
Component: component_1745012175775_422.png
centerX: 0.34393404004711425
centerY: 0.8767650834403081
width: 0.03415783274440518
height: 0.030380830124090714
Area: 0.00045965123962193687
CentroidX: 0.3603
CentroidY: 0.8904
