Location: 2025-04-18_221216-1.png_Mean-Medain.png
Component: component_1745012174862_420.png
centerX: 0.052414605418138985
centerY: 0.7586649550706034
width: 0.024146054181389872
height: 0.028241335044929396
Area: 0.0002880380300920361
CentroidX: 0.0641
CentroidY: 0.7708
