Location: 2025-04-18_221237-1.png_Otsu.png
Component: component_1745012175458_273.png
centerX: 0.8663133097762074
centerY: 0.5156183140778776
width: 0.02591283863368669
height: 0.0329482242190843
Area: 0.00034045439952260783
CentroidX: 0.8791
CentroidY: 0.5299
