Location: 2025-04-18_221256-1.png_Gaussian-Median.png
Component: component_1745012175704_292.png
centerX: 0.6342756183745583
centerY: 0.6016260162601627
width: 0.028857479387514724
height: 0.036799315361574665
Area: 0.0004979555095904316
CentroidX: 0.6488
CentroidY: 0.6186
