Location: 2025-04-18_221237-1.png_Otsu.png
Component: component_1745012175386_39.png
centerX: 0.1413427561837456
centerY: 0.05947796320068464
width: 0.030624263839811542
height: 0.03123662815575524
Area: 0.0002940860727186405
CentroidX: 0.1562
CentroidY: 0.0736
