Location: 2025-04-18_221256-1.png_Mean-Medain.png
Component: component_1745012175260_402.png
centerX: 0.29328621908127206
centerY: 0.8219940094137783
width: 0.03180212014134275
height: 0.0329482242190843
Area: 0.0004349550655633021
CentroidX: 0.3096
CentroidY: 0.8369
