Location: 2025-04-18_221256-1.png_Gaussian-Median.png
Component: component_1745012175620_43.png
centerX: 0.1625441696113074
centerY: 0.06546854942233633
width: 0.028268551236749116
height: 0.032520325203252036
Area: 0.0002935820691664235
CentroidX: 0.1776
CentroidY: 0.0806
