Location: 2025-04-18_221237-1.png_Otsu.png
Component: component_1745012175458_274.png
centerX: 0.9051825677267373
centerY: 0.5160462130937099
width: 0.027090694935217905
height: 0.031664527171587506
Area: 0.0003482664545819719
CentroidX: 0.9190
CentroidY: 0.5303
