Location: 2025-04-18_221237-1.png_Otsu.png
Component: component_1745012175418_111.png
centerX: 0.5518256772673734
centerY: 0.1891313649978605
width: 0.022968197879858657
height: 0.026529738981600343
Area: 0.00015069706211289378
CentroidX: 0.5631
CentroidY: 0.2016
