Location: 2025-04-18_221237-1.png_Otsu.png
Component: component_1745012175381_27.png
centerX: 0.5229681978798587
centerY: 0.021822849807445442
width: 0.03356890459363958
height: 0.02866923406076166
Area: 0.0003472584474775378
CentroidX: 0.5399
CentroidY: 0.0349
