Location: 2025-04-18_221237-1.png_Otsu.png
Component: component_1745012175449_218.png
centerX: 0.048292108362779744
centerY: 0.38254172015404364
width: 0.024734982332155476
height: 0.031664527171587506
Area: 0.0003235702805233371
CentroidX: 0.0600
CentroidY: 0.3967
