Location: 2025-04-18_221216-1.png_Mean-Medain.png
Component: component_1745012174833_259.png
centerX: 0.1501766784452297
centerY: 0.4462986735130509
width: 0.024146054181389872
height: 0.02995293110825845
Area: 0.0002547737956457117
CentroidX: 0.1622
CentroidY: 0.4598
