Location: 2025-04-18_221216-1.png_Mean-Medain.png
Component: component_1745012174804_111.png
centerX: 0.5465253239104829
centerY: 0.14933675652546
width: 0.02944640753828033
height: 0.02781343602909713
Area: 0.00029030604607701275
CentroidX: 0.5609
CentroidY: 0.1613
