Location: 2025-04-18_221237-1.png_Otsu.png
Component: component_1745012175451_228.png
centerX: 0.9346289752650176
centerY: 0.4120667522464698
width: 0.024734982332155476
height: 0.026957637997432605
Area: 0.0002882900318681446
CentroidX: 0.9467
CentroidY: 0.4239
