Location: 2025-04-18_221237-1.png_Otsu.png
Component: component_1745012175370_9.png
centerX: 0.10247349823321555
centerY: 0.013692768506632435
width: 0.030624263839811542
height: 0.03209242618741977
Area: 0.0003371783764331971
CentroidX: 0.1193
CentroidY: 0.0281
