Location: 2025-04-18_221237-1.png_Otsu.png
Component: component_1745012175477_342.png
centerX: 0.7067137809187279
centerY: 0.675224646983312
width: 0.024734982332155476
height: 0.03080872913992298
Area: 0.00031172619704623677
CentroidX: 0.7195
CentroidY: 0.6889
