Location: 2025-04-18_221216-1.png_Mean-Medain.png
Component: component_1745012174811_154.png
centerX: 0.7467608951707891
centerY: 0.23320496362858364
width: 0.02061248527679623
height: 0.028241335044929396
Area: 0.00020059341378238034
CentroidX: 0.7568
CentroidY: 0.2464
