Location: 2025-04-18_221256-1.png_Mean-Medain.png
Component: component_1745012175139_168.png
centerX: 0.37279151943462896
centerY: 0.32220795892169446
width: 0.028857479387514724
height: 0.03080872913992298
Area: 0.00031399421303121344
CentroidX: 0.3868
CentroidY: 0.3365
