Location: 2025-04-18_221216-1.png_Mean-Medain.png
Component: component_1745012174865_432.png
centerX: 0.9770318021201413
centerY: 0.7928968763371844
width: 0.019434628975265017
height: 0.029097133076593923
Area: 0.00023889768375087508
CentroidX: 0.9867
CentroidY: 0.8063
