Location: 2025-04-18_221216-1.png_Mean-Medain.png
Component: component_1745012174843_312.png
centerX: 0.7915194346289752
centerY: 0.5738125802310655
width: 0.02767962308598351
height: 0.029525032092426188
Area: 0.00028728202476371054
CentroidX: 0.8055
CentroidY: 0.5862
