Location: 2025-04-18_221216-1.png_Mean-Medain.png
Component: component_1745012174853_370.png
centerX: 0.5159010600706714
centerY: 0.6598202824133504
width: 0.022968197879858657
height: 0.029525032092426188
Area: 0.00027694995194326127
CentroidX: 0.5267
CentroidY: 0.6720
