Location: 2025-04-18_221237-1.png_Otsu.png
Component: component_1745012175435_176.png
centerX: 0.048292108362779744
centerY: 0.2973898160034232
width: 0.02591283863368669
height: 0.03123662815575524
Area: 0.0003054261526435238
CentroidX: 0.0608
CentroidY: 0.3113
