Location: 2025-04-18_221256-1.png_Mean-Medain.png
Component: component_1745012175229_348.png
centerX: 0.9634864546525324
centerY: 0.7068891741548995
width: 0.02767962308598351
height: 0.03508771929824561
Area: 0.0004606592467263709
CentroidX: 0.9765
CentroidY: 0.7225
