Location: 2025-04-18_221256-1.png_Mean-Medain.png
Component: component_1745012175189_228.png
centerX: 0.7255594817432274
centerY: 0.46255883611467696
width: 0.03121319199057715
height: 0.030380830124090714
Area: 0.00030693816330017496
CentroidX: 0.7410
CentroidY: 0.4758
