Location: 2025-04-18_221256-1.png_Gaussian-Median.png
Component: component_1745012175640_83.png
centerX: 0.30094228504122494
centerY: 0.14291827128797605
width: 0.026501766784452298
height: 0.02610183996576808
Area: 0.0002676258862272461
CentroidX: 0.3140
CentroidY: 0.1540
