Location: 2025-04-18_221256-1.png_Gaussian-Median.png
Component: component_1745012175719_308.png
centerX: 0.9558303886925795
centerY: 0.6076166024818143
width: 0.037102473498233215
height: 0.038510911424903725
Area: 0.0005412998150810967
CentroidX: 0.9740
CentroidY: 0.6253
