Location: 2025-04-18_221237-1.png_Otsu.png
Component: component_1745012175474_327.png
centerX: 0.9517078916372202
centerY: 0.6264441591784339
width: 0.02591283863368669
height: 0.02995293110825845
Area: 0.0003064341597479579
CentroidX: 0.9643
CentroidY: 0.6396
