Location: 2025-04-18_221256-1.png_Gaussian-Median.png
Component: component_1745012175618_38.png
centerX: 0.4664310954063604
centerY: 0.056910569105691054
width: 0.03356890459363958
height: 0.029525032092426188
Area: 0.0002852660105548424
CentroidX: 0.4836
CentroidY: 0.0704
