Location: 2025-04-18_221256-1.png_Mean-Medain.png
Component: component_1745012175119_101.png
centerX: 0.6925795053003534
centerY: 0.17329910141206675
width: 0.034746760895170786
height: 0.02995293110825845
Area: 0.0003722066233122811
CentroidX: 0.7101
CentroidY: 0.1870
