Location: 2025-04-18_221256-1.png_Mean-Medain.png
Component: component_1745012175132_141.png
centerX: 0.6448763250883393
centerY: 0.27000427899015833
width: 0.028268551236749116
height: 0.030380830124090714
Area: 0.00033894238886595675
CentroidX: 0.6586
CentroidY: 0.2839
