Location: 2025-04-18_221216-1.png_Mean-Medain.png
Component: component_1745012174804_112.png
centerX: 0.5017667844522968
centerY: 0.14976465554129226
width: 0.02944640753828033
height: 0.028241335044929396
Area: 0.0002867780212114935
CentroidX: 0.5167
CentroidY: 0.1624
