Location: 2025-04-18_221256-1.png_Gaussian-Median.png
Component: component_1745012175645_90.png
centerX: 0.800942285041225
centerY: 0.1703038083012409
width: 0.03356890459363958
height: 0.03380402225074882
Area: 0.000385310715669924
CentroidX: 0.8178
CentroidY: 0.1847
