Location: 2025-04-18_221216-1.png_Mean-Medain.png
Component: component_1745012174807_134.png
centerX: 0.5453474676089517
centerY: 0.19127086007702182
width: 0.02061248527679623
height: 0.03123662815575524
Area: 0.0002595618293917736
CentroidX: 0.5550
CentroidY: 0.2051
