Location: 2025-04-18_221256-1.png_Gaussian-Median.png
Component: component_1745012175610_30.png
centerX: 0.8409893992932862
centerY: 0.04792468977321352
width: 0.030035335689045935
height: 0.02866923406076166
Area: 0.0002517497743324095
CentroidX: 0.8556
CentroidY: 0.0609
