Location: 2025-04-18_221256-1.png_Mean-Medain.png
Component: component_1745012175133_146.png
centerX: 0.5512367491166078
centerY: 0.27214377406931967
width: 0.03121319199057715
height: 0.03080872913992298
Area: 0.0003374303782093056
CentroidX: 0.5668
CentroidY: 0.2860
