Location: 2025-04-18_221256-1.png_Mean-Medain.png
Component: component_1745012175253_393.png
centerX: 0.9817432273262662
centerY: 0.8172871202396235
width: 0.014723203769140165
height: 0.03209242618741977
Area: 0.0002222655665277129
CentroidX: 0.9892
CentroidY: 0.8301
