Location: 2025-04-18_221237-1.png_Otsu.png
Component: component_1745012175559_501.png
centerX: 0.04534746760895171
centerY: 0.97732135216089
width: 0.02120141342756184
height: 0.022250748823277707
Area: 0.00024469372460137097
CentroidX: 0.0552
CentroidY: 0.9877
