Location: 2025-04-18_221256-1.png_Mean-Medain.png
Component: component_1745012175127_125.png
centerX: 0.2744405182567727
centerY: 0.22849807445442877
width: 0.03297997644287397
height: 0.03337612323491656
Area: 0.00038984674763987737
CentroidX: 0.2905
CentroidY: 0.2428
