Location: 2025-04-18_221216-1.png_Mean-Medain.png
Component: component_1745012174791_43.png
centerX: 0.3627797408716137
centerY: 0.014548566538296961
width: 0.030624263839811542
height: 0.030380830124090714
Area: 0.0003535584918802508
CentroidX: 0.3781
CentroidY: 0.0284
