Location: 2025-04-18_221237-1.png_Otsu.png
Component: component_1745012175437_177.png
centerX: 0.22850412249705537
centerY: 0.2973898160034232
width: 0.026501766784452298
height: 0.02781343602909713
Area: 0.0002835019981220828
CentroidX: 0.2419
CentroidY: 0.3096
