Location: 2025-04-18_221256-1.png_Gaussian-Median.png
Component: component_1745012175630_69.png
centerX: 0.8492343934040048
centerY: 0.12836970474967907
width: 0.03356890459363958
height: 0.03123662815575524
Area: 0.0003344063568960034
CentroidX: 0.8671
CentroidY: 0.1421
