Location: 2025-04-18_221256-1.png_Gaussian-Median.png
Component: component_1745012175676_199.png
centerX: 0.7991755005889282
centerY: 0.4193410355156183
width: 0.027090694935217905
height: 0.03380402225074882
Area: 0.00023410965000481324
CentroidX: 0.8112
CentroidY: 0.4343
