Location: 2025-04-18_221237-1.png_Otsu.png
Component: component_1745012175451_230.png
centerX: 0.7338044758539458
centerY: 0.4154899443731279
width: 0.024734982332155476
height: 0.026957637997432605
Area: 0.00027669795016715276
CentroidX: 0.7460
CentroidY: 0.4272
