Location: 2025-04-18_221237-1.png_Otsu.png
Component: component_1745012175391_50.png
centerX: 0.24322732626619553
centerY: 0.06161745827984596
width: 0.026501766784452298
height: 0.02738553701326487
Area: 0.00025804981873512245
CentroidX: 0.2567
CentroidY: 0.0737
