Location: 2025-04-18_221256-1.png_Gaussian-Median.png
Component: component_1745012175693_260.png
centerX: 0.17550058892815076
centerY: 0.5134788189987163
width: 0.028268551236749116
height: 0.03508771929824561
Area: 0.00036565457713345965
CentroidX: 0.1901
CentroidY: 0.5297
