Location: 2025-04-18_221216-1.png_Mean-Medain.png
Component: component_1745012174866_439.png
centerX: 0.525323910482921
centerY: 0.7941805733846812
width: 0.023557126030624265
height: 0.03209242618741977
Area: 0.0002668698808989206
CentroidX: 0.5377
CentroidY: 0.8084
