Location: 2025-04-18_221237-1.png_Otsu.png
Component: component_1745012175438_180.png
centerX: 0.13663133097762073
centerY: 0.2995293110825845
width: 0.02591283863368669
height: 0.02995293110825845
Area: 0.00029459007627085753
CentroidX: 0.1491
CentroidY: 0.3130
