Location: 2025-04-18_221216-1.png_Mean-Medain.png
Component: component_1745012174873_468.png
centerX: 0.17962308598351
centerY: 0.8510911424903723
width: 0.028268551236749116
height: 0.02738553701326487
Area: 0.00026535787024226944
CentroidX: 0.1944
CentroidY: 0.8642
