Location: 2025-04-18_221256-1.png_Mean-Medain.png
Component: component_1745012175076_61.png
centerX: 0.519434628975265
centerY: 0.09328198545143346
width: 0.03297997644287397
height: 0.02995293110825845
Area: 0.000329366321373833
CentroidX: 0.5355
CentroidY: 0.1078
