Location: 2025-04-18_221256-1.png_Mean-Medain.png
Component: component_1745012175209_278.png
centerX: 0.6460541813898705
centerY: 0.5558408215661104
width: 0.03297997644287397
height: 0.03209242618741977
Area: 0.00037573464817780035
CentroidX: 0.6620
CentroidY: 0.5701
