Location: 2025-04-18_221256-1.png_Gaussian-Median.png
Component: component_1745012175663_150.png
centerX: 0.7226148409893993
centerY: 0.31664527171587503
width: 0.028268551236749116
height: 0.03080872913992298
Area: 0.0002731699253016335
CentroidX: 0.7365
CentroidY: 0.3306
