Location: 2025-04-18_221237-1.png_Otsu.png
Component: component_1745012175518_410.png
centerX: 0.8368669022379269
centerY: 0.8065896448438169
width: 0.02767962308598351
height: 0.026529738981600343
Area: 0.00032533429295609676
CentroidX: 0.8508
CentroidY: 0.8190
