Location: 2025-04-18_221237-1.png_Otsu.png
Component: component_1745012175390_45.png
centerX: 0.5182567726737338
centerY: 0.0599058622165169
width: 0.028268551236749116
height: 0.03123662815575524
Area: 0.0002842580034504083
CentroidX: 0.5319
CentroidY: 0.0741
