Location: 2025-04-18_221216-1.png_Mean-Medain.png
Component: component_1745012174860_412.png
centerX: 0.5129564193168433
centerY: 0.733846812152332
width: 0.024146054181389872
height: 0.03123662815575524
Area: 0.0003054261526435238
CentroidX: 0.5258
CentroidY: 0.7475
