Location: 2025-04-18_221256-1.png_Gaussian-Median.png
Component: component_1745012175712_303.png
centerX: 0.32567726737338043
centerY: 0.6063329054343175
width: 0.03356890459363958
height: 0.03380402225074882
Area: 0.00045385519877144095
CentroidX: 0.3422
CentroidY: 0.6215
