Location: 2025-04-18_221216-1.png_Mean-Medain.png
Component: component_1745012174794_60.png
centerX: 0.9729093050647821
centerY: 0.056910569105691054
width: 0.023557126030624265
height: 0.030380830124090714
Area: 0.00031147419527012825
CentroidX: 0.9849
CentroidY: 0.0701
