Location: 2025-04-18_221216-1.png_Mean-Medain.png
Component: component_1745012174823_208.png
centerX: 0.32685512367491165
centerY: 0.3453145057766367
width: 0.027090694935217905
height: 0.029097133076593923
Area: 0.0002504897654518669
CentroidX: 0.3392
CentroidY: 0.3582
