Location: 2025-04-18_221216-1.png_Mean-Medain.png
Component: component_1745012174803_106.png
centerX: 0.9599528857479388
centerY: 0.14035087719298245
width: 0.026501766784452298
height: 0.031664527171587506
Area: 0.0003018981277780046
CentroidX: 0.9718
CentroidY: 0.1545
