Location: 2025-04-18_221256-1.png_Mean-Medain.png
Component: component_1745012175143_184.png
centerX: 0.7302709069493521
centerY: 0.3688489516474112
width: 0.032391048292108364
height: 0.03080872913992298
Area: 0.00027669795016715276
CentroidX: 0.7457
CentroidY: 0.3821
