Location: 2025-04-18_221256-1.png_Mean-Medain.png
Component: component_1745012175232_356.png
centerX: 0.3374558303886926
centerY: 0.7120239623448866
width: 0.03297997644287397
height: 0.037227214377406934
Area: 0.0004984595131426486
CentroidX: 0.3534
CentroidY: 0.7286
