Location: 2025-04-18_221216-1.png_Mean-Medain.png
Component: component_1745012174824_210.png
centerX: 0.4075382803297998
centerY: 0.3453145057766367
width: 0.02237926972909305
height: 0.026957637997432605
Area: 0.00021067348482672107
CentroidX: 0.4182
CentroidY: 0.3570
