Location: 2025-04-18_221216-1.png_Mean-Medain.png
Component: component_1745012174836_275.png
centerX: 0.6177856301531213
centerY: 0.4895164741121095
width: 0.026501766784452298
height: 0.02738553701326487
Area: 0.00027946996970434646
CentroidX: 0.6319
CentroidY: 0.5013
