Location: 2025-04-18_221216-1.png_Mean-Medain.png
Component: component_1745012174855_381.png
centerX: 0.950530035335689
centerY: 0.6897732135216089
width: 0.02237926972909305
height: 0.03209242618741977
Area: 0.0003092061792851516
CentroidX: 0.9619
CentroidY: 0.7035
