Location: 2025-04-18_221256-1.png_Mean-Medain.png
Component: component_1745012175204_267.png
centerX: 0.17550058892815076
centerY: 0.5134788189987163
width: 0.028857479387514724
height: 0.03508771929824561
Area: 0.00037069461265563
CentroidX: 0.1900
CentroidY: 0.5296
