Location: 2025-04-18_221256-1.png_Gaussian-Median.png
Component: component_1745012175701_281.png
centerX: 0.6890459363957597
centerY: 0.5575524176294394
width: 0.028857479387514724
height: 0.0329482242190843
Area: 0.00038127868725218775
CentroidX: 0.7024
CentroidY: 0.5720
