Location: 2025-04-18_221216-1.png_Mean-Medain.png
Component: component_1745012174802_99.png
centerX: 0.09305064782096584
centerY: 0.11382113821138211
width: 0.024146054181389872
height: 0.03080872913992298
Area: 0.00031122219349401974
CentroidX: 0.1051
CentroidY: 0.1271
