Location: 2025-04-18_221216-1.png_Mean-Medain.png
Component: component_1745012174793_53.png
centerX: 0.9528857479387515
centerY: 0.01668806161745828
width: 0.027090694935217905
height: 0.028241335044929396
Area: 0.00030895417750904307
CentroidX: 0.9661
CentroidY: 0.0290
