Location: 2025-04-18_221216-1.png_Mean-Medain.png
Component: component_1745012174830_245.png
centerX: 0.7956419316843345
centerY: 0.433461703038083
width: 0.02767962308598351
height: 0.029097133076593923
Area: 0.00033591836755265454
CentroidX: 0.8094
CentroidY: 0.4465
