Location: 2025-04-18_221256-1.png_Gaussian-Median.png
Component: component_1745012175645_91.png
centerX: 0.7444051825677267
centerY: 0.1715875053487377
width: 0.035924617196702
height: 0.029525032092426188
Area: 0.00036767059134232776
CentroidX: 0.7623
CentroidY: 0.1853
