Location: 2025-04-18_221237-1.png_Otsu.png
Component: component_1745012175493_370.png
centerX: 0.7962308598351001
centerY: 0.7188703465982028
width: 0.02767962308598351
height: 0.02995293110825845
Area: 0.00031928625032949233
CentroidX: 0.8100
CentroidY: 0.7316
