Location: 2025-04-18_221256-1.png_Mean-Medain.png
Component: component_1745012175140_174.png
centerX: 0.1071849234393404
centerY: 0.32605905006418484
width: 0.02767962308598351
height: 0.029525032092426188
Area: 0.0002814859839132146
CentroidX: 0.1208
CentroidY: 0.3390
