Location: 2025-04-18_221237-1.png_Otsu.png
Component: component_1745012175473_325.png
centerX: 0.6166077738515902
centerY: 0.6264441591784339
width: 0.022968197879858657
height: 0.028241335044929396
Area: 0.0002779579590476954
CentroidX: 0.6282
CentroidY: 0.6386
