Location: 2025-04-18_221256-1.png_Mean-Medain.png
Component: component_1745012175241_379.png
centerX: 0.2921083627797409
centerY: 0.76936243046641
width: 0.03297997644287397
height: 0.036799315361574665
Area: 0.0004951834900532378
CentroidX: 0.3102
CentroidY: 0.7867
