Location: 2025-04-18_221256-1.png_Gaussian-Median.png
Component: component_1745012175693_257.png
centerX: 0.7308598351001178
centerY: 0.5104835258878905
width: 0.032391048292108364
height: 0.03209242618741977
Area: 0.00036993860732730444
CentroidX: 0.7468
CentroidY: 0.5248
