Location: 2025-04-18_221256-1.png_Gaussian-Median.png
Component: component_1745012175623_48.png
centerX: 0.8074204946996466
centerY: 0.08686350021394951
width: 0.03356890459363958
height: 0.030380830124090714
Area: 0.00033617036932876305
CentroidX: 0.8238
CentroidY: 0.1006
