Location: 2025-04-18_221256-1.png_Mean-Medain.png
Component: component_1745012175139_170.png
centerX: 0.28150765606595995
centerY: 0.32391955498502356
width: 0.028268551236749116
height: 0.03123662815575524
Area: 0.00028173798568932313
CentroidX: 0.2952
CentroidY: 0.3372
