Location: 2025-04-18_221256-1.png_Mean-Medain.png
Component: component_1745012175196_252.png
centerX: 0.34393404004711425
centerY: 0.5083440308087291
width: 0.030624263839811542
height: 0.03465982028241335
Area: 0.00039539078671426477
CentroidX: 0.3583
CentroidY: 0.5240
