Location: 2025-04-18_221237-1.png_Otsu.png
Component: component_1745012175425_142.png
centerX: 0.15724381625441697
centerY: 0.2468977321352161
width: 0.03356890459363958
height: 0.031664527171587506
Area: 0.00020613745285676775
CentroidX: 0.1741
CentroidY: 0.2622
