Location: 2025-04-18_221237-1.png_Otsu.png
Component: component_1745012175479_347.png
centerX: 0.9151943462897526
centerY: 0.6773641420624733
width: 0.024734982332155476
height: 0.029525032092426188
Area: 0.0003081981721807175
CentroidX: 0.9276
CentroidY: 0.6901
