Location: 2025-04-18_221256-1.png_Gaussian-Median.png
Component: component_1745012175674_189.png
centerX: 0.2767962308598351
centerY: 0.3714163457424048
width: 0.02767962308598351
height: 0.029097133076593923
Area: 0.00025855382228733947
CentroidX: 0.2905
CentroidY: 0.3844
