Location: 2025-04-18_221256-1.png_Gaussian-Median.png
Component: component_1745012175669_172.png
centerX: 0.5724381625441696
centerY: 0.3684210526315789
width: 0.028857479387514724
height: 0.03380402225074882
Area: 0.00027115391109276536
CentroidX: 0.5860
CentroidY: 0.3833
