Location: 2025-04-18_221256-1.png_Gaussian-Median.png
Component: component_1745012175746_365.png
centerX: 0.8221436984687868
centerY: 0.7642276422764228
width: 0.027090694935217905
height: 0.03123662815575524
Area: 0.0003933747725053966
CentroidX: 0.8358
CentroidY: 0.7784
