Location: 2025-04-18_221237-1.png_Otsu.png
Component: component_1745012175419_118.png
centerX: 0.2762073027090695
centerY: 0.19683354728284125
width: 0.020023557126030624
height: 0.029525032092426188
Area: 0.00015750111006782375
CentroidX: 0.2857
CentroidY: 0.2111
