Location: 2025-04-18_221237-1.png_Otsu.png
Component: component_1745012175419_119.png
centerX: 0.2232037691401649
centerY: 0.1985451433461703
width: 0.023557126030624265
height: 0.030380830124090714
Area: 0.00015447708875452153
CentroidX: 0.2348
CentroidY: 0.2132
