Location: 2025-04-18_221216-1.png_Mean-Medain.png
Component: component_1745012174805_119.png
centerX: 0.22614840989399293
centerY: 0.15875053487376978
width: 0.02591283863368669
height: 0.026957637997432605
Area: 0.00028501400877873386
CentroidX: 0.2398
CentroidY: 0.1711
