Location: 2025-04-18_221256-1.png_Gaussian-Median.png
Component: component_1745012175681_215.png
centerX: 0.44817432273262664
centerY: 0.4244758237056055
width: 0.022968197879858657
height: 0.02995293110825845
Area: 0.000223777577184364
CentroidX: 0.4591
CentroidY: 0.4374
