Location: 2025-04-18_221237-1.png_Otsu.png
Component: component_1745012175421_128.png
centerX: 0.8763250883392226
centerY: 0.21951219512195122
width: 0.02061248527679623
height: 0.02396234488660676
Area: 0.00023284964112427065
CentroidX: 0.8869
CentroidY: 0.2299
