Location: 2025-04-18_221256-1.png_Gaussian-Median.png
Component: component_1745012175694_261.png
centerX: 0.21849234393404005
centerY: 0.5134788189987163
width: 0.027090694935217905
height: 0.032520325203252036
Area: 0.00039715479914702437
CentroidX: 0.2321
CentroidY: 0.5280
