Location: 2025-04-18_221237-1.png_Otsu.png
Component: component_1745012175401_73.png
centerX: 0.9263839811542992
centerY: 0.1317928968763372
width: 0.02591283863368669
height: 0.02995293110825845
Area: 0.00019555337826020997
CentroidX: 0.9383
CentroidY: 0.1457
