Location: 2025-04-18_221237-1.png_Otsu.png
Component: component_1745012175543_486.png
centerX: 0.6837455830388692
centerY: 0.9516474112109542
width: 0.024146054181389872
height: 0.02781343602909713
Area: 0.0002676258862272461
CentroidX: 0.6961
CentroidY: 0.9637
