Location: 2025-04-18_221216-1.png_Mean-Medain.png
Component: component_1745012174826_223.png
centerX: 0.7491166077738516
centerY: 0.38767650834403083
width: 0.027090694935217905
height: 0.029525032092426188
Area: 0.0002824939910176487
CentroidX: 0.7626
CentroidY: 0.4006
