Location: 2025-04-18_221256-1.png_Gaussian-Median.png
Component: component_1745012175654_113.png
centerX: 0.5453474676089517
centerY: 0.22250748823277705
width: 0.03121319199057715
height: 0.03508771929824561
Area: 0.000363386561148483
CentroidX: 0.5609
CentroidY: 0.2382
