Location: 2025-04-18_221237-1.png_Otsu.png
Component: component_1745012175494_375.png
centerX: 0.40694935217903416
centerY: 0.7218656397090286
width: 0.02767962308598351
height: 0.02781343602909713
Area: 0.0002940860727186405
CentroidX: 0.4212
CentroidY: 0.7336
