Location: 2025-04-18_221216-1.png_Mean-Medain.png
Component: component_1745012174849_349.png
centerX: 0.28975265017667845
centerY: 0.6221651690201112
width: 0.024146054181389872
height: 0.02995293110825845
Area: 0.00023536965888535584
CentroidX: 0.3016
CentroidY: 0.6359
