Location: 2025-04-18_221216-1.png_Mean-Medain.png
Component: component_1745012174883_498.png
centerX: 0.19316843345111898
centerY: 0.9507916131792897
width: 0.03180212014134275
height: 0.030380830124090714
Area: 0.00042159897142955065
CentroidX: 0.2095
CentroidY: 0.9640
