Location: 2025-04-18_221237-1.png_Otsu.png
Component: component_1745012175427_166.png
centerX: 0.633097762073027
centerY: 0.2798459563543004
width: 0.027090694935217905
height: 0.02396234488660676
Area: 0.0002507417672279754
CentroidX: 0.6464
CentroidY: 0.2906
