Location: 2025-04-18_221216-1.png_Mean-Medain.png
Component: component_1745012174872_464.png
centerX: 0.5800942285041225
centerY: 0.8455284552845529
width: 0.024734982332155476
height: 0.02995293110825845
Area: 0.0002782099608238039
CentroidX: 0.5929
CentroidY: 0.8589
