Location: 2025-04-18_221216-1.png_Mean-Medain.png
Component: component_1745012174821_194.png
centerX: 0.12603062426383982
centerY: 0.3025246041934104
width: 0.027090694935217905
height: 0.028241335044929396
Area: 0.00027442993418217614
CentroidX: 0.1377
CentroidY: 0.3141
