Location: 2025-04-18_221256-1.png_Mean-Medain.png
Component: component_1745012175123_109.png
centerX: 0.3127208480565371
centerY: 0.18485237483953787
width: 0.028268551236749116
height: 0.03123662815575524
Area: 0.00035633051141744444
CentroidX: 0.3266
CentroidY: 0.1986
