Location: 2025-04-18_221256-1.png_Gaussian-Median.png
Component: component_1745012175693_259.png
centerX: 0.5971731448763251
centerY: 0.5117672229353872
width: 0.034746760895170786
height: 0.029525032092426188
Area: 0.00033239034268713524
CentroidX: 0.6149
CentroidY: 0.5247
