Location: 2025-04-18_221256-1.png_Gaussian-Median.png
Component: component_1745012175667_163.png
centerX: 0.411660777385159
centerY: 0.32349165596919127
width: 0.028857479387514724
height: 0.031664527171587506
Area: 0.00027190991642109095
CentroidX: 0.4259
CentroidY: 0.3377
