Location: 2025-04-18_221256-1.png_Gaussian-Median.png
Component: component_1745012175691_249.png
centerX: 0.9004711425206124
centerY: 0.5087719298245614
width: 0.032391048292108364
height: 0.03423192126658109
Area: 0.0003845547103415985
CentroidX: 0.9171
CentroidY: 0.5240
