Location: 2025-04-18_221216-1.png_Mean-Medain.png
Component: component_1745012174800_89.png
centerX: 0.5412249705535924
centerY: 0.10397946084724005
width: 0.02591283863368669
height: 0.032520325203252036
Area: 0.00030618215797184936
CentroidX: 0.5542
CentroidY: 0.1183
