Location: 2025-04-18_221256-1.png_Mean-Medain.png
Component: component_1745012175095_73.png
centerX: 0.7985865724381626
centerY: 0.12836970474967907
width: 0.03356890459363958
height: 0.03380402225074882
Area: 0.00034473842971645267
CentroidX: 0.8160
CentroidY: 0.1430
