Location: 2025-04-18_221256-1.png_Mean-Medain.png
Component: component_1745012175207_273.png
centerX: 0.47644287396937574
centerY: 0.553701326486949
width: 0.028857479387514724
height: 0.032520325203252036
Area: 0.0003719546215361726
CentroidX: 0.4906
CentroidY: 0.5681
