Location: 2025-04-18_221237-1.png_Otsu.png
Component: component_1745012175377_19.png
centerX: 0.7997644287396938
centerY: 0.018827556696619598
width: 0.026501766784452298
height: 0.02738553701326487
Area: 0.0002895500407486872
CentroidX: 0.8130
CentroidY: 0.0310
