Location: 2025-04-18_221216-1.png_Mean-Medain.png
Component: component_1745012174866_442.png
centerX: 0.22732626619552415
centerY: 0.7997432605905006
width: 0.026501766784452298
height: 0.029097133076593923
Area: 0.00027090190931665684
CentroidX: 0.2414
CentroidY: 0.8126
