Location: 2025-04-18_221216-1.png_Mean-Medain.png
Component: component_1745012174881_490.png
centerX: 0.6684334511189635
centerY: 0.9015832263585793
width: 0.02591283863368669
height: 0.03465982028241335
Area: 0.00038858673875933475
CentroidX: 0.6811
CentroidY: 0.9162
