Location: 2025-04-18_221256-1.png_Mean-Medain.png
Component: component_1745012175216_301.png
centerX: 0.5041224970553593
centerY: 0.6037655113393239
width: 0.028268551236749116
height: 0.03551561831407788
Area: 0.00048081938881505237
CentroidX: 0.5183
CentroidY: 0.6196
