Location: 2025-04-18_221256-1.png_Mean-Medain.png
Component: component_1745012175212_287.png
centerX: 0.2314487632508834
centerY: 0.5575524176294394
width: 0.030035335689045935
height: 0.03380402225074882
Area: 0.0003764906535061259
CentroidX: 0.2462
CentroidY: 0.5728
