Location: 2025-04-18_221256-1.png_Mean-Medain.png
Component: component_1745012175262_411.png
centerX: 0.48939929328621906
centerY: 0.8729139922978177
width: 0.03180212014134275
height: 0.03337612323491656
Area: 0.00044831115969705355
CentroidX: 0.5053
CentroidY: 0.8883
