Location: 2025-04-18_221216-1.png_Mean-Medain.png
Component: component_1745012174793_56.png
centerX: 0.7797408716136631
centerY: 0.05562687205819426
width: 0.02237926972909305
height: 0.02781343602909713
Area: 0.0002646018649139439
CentroidX: 0.7908
CentroidY: 0.0680
