Location: 2025-04-18_221216-1.png_Mean-Medain.png
Component: component_1745012174800_87.png
centerX: 0.627208480565371
centerY: 0.10141206675224647
width: 0.024146054181389872
height: 0.031664527171587506
Area: 0.00030139412422578756
CentroidX: 0.6390
CentroidY: 0.1153
