Location: 2025-04-18_221256-1.png_Gaussian-Median.png
Component: component_1745012175669_171.png
centerX: 0.05889281507656066
centerY: 0.3684210526315789
width: 0.024146054181389872
height: 0.03123662815575524
Area: 0.0002457017317058051
CentroidX: 0.0705
CentroidY: 0.3825
