Location: 2025-04-18_221256-1.png_Mean-Medain.png
Component: component_1745012175187_220.png
centerX: 0.29328621908127206
centerY: 0.42276422764227645
width: 0.03180212014134275
height: 0.03123662815575524
Area: 0.00026384585958561836
CentroidX: 0.3093
CentroidY: 0.4366
