Location: 2025-04-18_221256-1.png_Mean-Medain.png
Component: component_1745012175120_102.png
centerX: 0.5936395759717314
centerY: 0.17543859649122806
width: 0.032391048292108364
height: 0.0329482242190843
Area: 0.0003875787316549007
CentroidX: 0.6097
CentroidY: 0.1904
