Location: 2025-04-18_221237-1.png_Otsu.png
Component: component_1745012175450_221.png
centerX: 0.2626619552414605
centerY: 0.3842533162173727
width: 0.024734982332155476
height: 0.030380830124090714
Area: 0.0002950940798230746
CentroidX: 0.2749
CentroidY: 0.3978
