Location: 2025-04-18_221237-1.png_Otsu.png
Component: component_1745012175508_395.png
centerX: 0.41813898704358066
centerY: 0.76936243046641
width: 0.03297997644287397
height: 0.029525032092426188
Area: 0.00032508229117998825
CentroidX: 0.4352
CentroidY: 0.7819
