Location: 2025-04-18_221216-1.png_Mean-Medain.png
Component: component_1745012174806_125.png
centerX: 0.9552414605418139
centerY: 0.1810012836970475
width: 0.022968197879858657
height: 0.03123662815575524
Area: 0.0002512457707801925
CentroidX: 0.9657
CentroidY: 0.1948
