Location: 2025-04-18_221237-1.png_Otsu.png
Component: component_1745012175545_496.png
centerX: 0.3292108362779741
centerY: 0.967479674796748
width: 0.02120141342756184
height: 0.03080872913992298
Area: 0.0002779579590476954
CentroidX: 0.3401
CentroidY: 0.9808
