Location: 2025-04-18_221216-1.png_Mean-Medain.png
Component: component_1745012174853_367.png
centerX: 0.3392226148409894
centerY: 0.658964484381686
width: 0.024734982332155476
height: 0.02738553701326487
Area: 0.0002683818915555717
CentroidX: 0.3517
CentroidY: 0.6709
