Location: 2025-04-18_221237-1.png_Otsu.png
Component: component_1745012175507_393.png
centerX: 0.7544169611307421
centerY: 0.7689345314505777
width: 0.03121319199057715
height: 0.02866923406076166
Area: 0.0003160102272400816
CentroidX: 0.7695
CentroidY: 0.7816
