Location: 2025-04-18_221216-1.png_Mean-Medain.png
Component: component_1745012174849_348.png
centerX: 0.33568904593639576
centerY: 0.6213093709884467
width: 0.027090694935217905
height: 0.028241335044929396
Area: 0.00027417793240606757
CentroidX: 0.3504
CentroidY: 0.6343
