Location: 2025-04-18_221237-1.png_Otsu.png
Component: component_1745012175541_475.png
centerX: 0.043580683156654886
centerY: 0.9319640564826701
width: 0.024146054181389872
height: 0.02995293110825845
Area: 0.00031248220237456236
CentroidX: 0.0552
CentroidY: 0.9449
