Location: 2025-04-18_221216-1.png_Mean-Medain.png
Component: component_1745012174812_162.png
centerX: 0.3916372202591284
centerY: 0.24860932819854514
width: 0.021790341578327443
height: 0.030380830124090714
Area: 0.00022780960560210027
CentroidX: 0.4015
CentroidY: 0.2614
