Location: 2025-04-18_221256-1.png_Gaussian-Median.png
Component: component_1745012175644_87.png
centerX: 0.908716136631331
centerY: 0.16516902011125376
width: 0.03415783274440518
height: 0.036371416345742404
Area: 0.00040496685420638844
CentroidX: 0.9265
CentroidY: 0.1811
