Location: 2025-04-18_221216-1.png_Mean-Medain.png
Component: component_1745012174855_379.png
centerX: 0.8333333333333334
centerY: 0.6897732135216089
width: 0.02591283863368669
height: 0.02866923406076166
Area: 0.00027720195371936984
CentroidX: 0.8457
CentroidY: 0.7028
