Location: 2025-04-18_221237-1.png_Otsu.png
Component: component_1745012175524_423.png
centerX: 0.2396937573616019
centerY: 0.8211382113821138
width: 0.028268551236749116
height: 0.03209242618741977
Area: 0.00033516236222432894
CentroidX: 0.2538
CentroidY: 0.8350
