Location: 2025-04-18_221256-1.png_Mean-Medain.png
Component: component_1745012175266_419.png
centerX: 0.649587750294464
centerY: 0.8737697903294822
width: 0.032391048292108364
height: 0.03380402225074882
Area: 0.00043470306378719356
CentroidX: 0.6656
CentroidY: 0.8886
