Location: 2025-04-18_221256-1.png_Gaussian-Median.png
Component: component_1745012175679_209.png
centerX: 0.2497055359246172
centerY: 0.42233632862644416
width: 0.028268551236749116
height: 0.02995293110825845
Area: 0.00030315813665854715
CentroidX: 0.2623
CentroidY: 0.4361
