Location: 2025-04-18_221216-1.png_Mean-Medain.png
Component: component_1745012174843_313.png
centerX: 0.37043580683156657
centerY: 0.5742404792468977
width: 0.02120141342756184
height: 0.031664527171587506
Area: 0.00025855382228733947
CentroidX: 0.3803
CentroidY: 0.5876
