Location: 2025-04-18_221216-1.png_Mean-Medain.png
Component: component_1745012174790_38.png
centerX: 0.2249705535924617
centerY: 0.012836970474967908
width: 0.028268551236749116
height: 0.03337612323491656
Area: 0.000363386561148483
CentroidX: 0.2384
CentroidY: 0.0272
