Location: 2025-04-18_221256-1.png_Gaussian-Median.png
Component: component_1745012175639_80.png
centerX: 0.3386336866902238
centerY: 0.1407787762088147
width: 0.027090694935217905
height: 0.029525032092426188
Area: 0.0002567898098545799
CentroidX: 0.3521
CentroidY: 0.1523
