Location: 2025-04-18_221237-1.png_Otsu.png
Component: component_1745012175395_68.png
centerX: 0.18610129564193167
centerY: 0.10825845100556268
width: 0.026501766784452298
height: 0.028241335044929396
Area: 0.00023410965000481324
CentroidX: 0.1987
CentroidY: 0.1208
