Location: 2025-04-18_221256-1.png_Gaussian-Median.png
Component: component_1745012175719_307.png
centerX: 0.23380447585394581
centerY: 0.6076166024818143
width: 0.032391048292108364
height: 0.03808301240907146
Area: 0.0004704873159946031
CentroidX: 0.2494
CentroidY: 0.6246
