Location: 2025-04-18_221237-1.png_Otsu.png
Component: component_1745012175373_13.png
centerX: 0.30153121319199055
centerY: 0.017543859649122806
width: 0.02767962308598351
height: 0.030380830124090714
Area: 0.0003134902094789964
CentroidX: 0.3150
CentroidY: 0.0312
