Location: 2025-04-18_221216-1.png_Mean-Medain.png
Component: component_1745012174867_451.png
centerX: 0.7968197879858657
centerY: 0.8399657680787335
width: 0.024734982332155476
height: 0.03465982028241335
Area: 0.000342470413731476
CentroidX: 0.8078
CentroidY: 0.8552
