Location: 2025-04-18_221256-1.png_Gaussian-Median.png
Component: component_1745012175644_86.png
centerX: 0.05889281507656066
centerY: 0.1467693624304664
width: 0.030035335689045935
height: 0.02995293110825845
Area: 0.0003185302450011668
CentroidX: 0.0742
CentroidY: 0.1601
