Location: 2025-04-18_221216-1.png_Mean-Medain.png
Component: component_1745012174850_354.png
centerX: 0.0983510011778563
centerY: 0.6427043217800599
width: 0.025323910482921083
height: 0.029097133076593923
Area: 0.0002462057352580221
CentroidX: 0.1108
CentroidY: 0.6556
