Location: 2025-04-18_221216-1.png_Mean-Medain.png
Component: component_1745012174881_492.png
centerX: 0.5394581861012956
centerY: 0.9024390243902439
width: 0.026501766784452298
height: 0.03337612323491656
Area: 0.00035431449720857634
CentroidX: 0.5523
CentroidY: 0.9172
