Location: 2025-04-18_221237-1.png_Otsu.png
Component: component_1745012175427_168.png
centerX: 0.5518256772673734
centerY: 0.2854086435601198
width: 0.02237926972909305
height: 0.025246041934103552
Area: 0.0002459537334819136
CentroidX: 0.5634
CentroidY: 0.2968
