Location: 2025-04-18_221216-1.png_Mean-Medain.png
Component: component_1745012174839_293.png
centerX: 0.5683156654888104
centerY: 0.5344458707744972
width: 0.027090694935217905
height: 0.029097133076593923
Area: 0.00031651423079229863
CentroidX: 0.5822
CentroidY: 0.5473
