Location: 2025-04-18_221237-1.png_Otsu.png
Component: component_1745012175459_276.png
centerX: 0.9440518256772674
centerY: 0.5181857081728712
width: 0.024146054181389872
height: 0.031664527171587506
Area: 0.0003132382077028879
CentroidX: 0.9552
CentroidY: 0.5316
