Location: 2025-04-18_221216-1.png_Mean-Medain.png
Component: component_1745012174864_429.png
centerX: 0.9381625441696113
centerY: 0.7911852802738554
width: 0.02591283863368669
height: 0.031664527171587506
Area: 0.00029887410646470237
CentroidX: 0.9520
CentroidY: 0.8049
