Location: 2025-04-18_221237-1.png_Otsu.png
Component: component_1745012175376_18.png
centerX: 0.9287396937573617
centerY: 0.018399657680787333
width: 0.026501766784452298
height: 0.02866923406076166
Area: 0.0003024021313302216
CentroidX: 0.9429
CentroidY: 0.0315
