Location: 2025-04-18_221256-1.png_Mean-Medain.png
Component: component_1745012175224_327.png
centerX: 0.6042402826855123
centerY: 0.6563970902866924
width: 0.027090694935217905
height: 0.03423192126658109
Area: 0.00045284719166700685
CentroidX: 0.6174
CentroidY: 0.6714
