Location: 2025-04-18_221237-1.png_Otsu.png
Component: component_1745012175470_307.png
centerX: 0.30094228504122494
centerY: 0.5759520753102267
width: 0.02591283863368669
height: 0.03209242618741977
Area: 0.0003313823355827012
CentroidX: 0.3141
CentroidY: 0.5898
