Location: 2025-04-18_221216-1.png_Mean-Medain.png
Component: component_1745012174850_351.png
centerX: 0.19493521790341578
centerY: 0.6251604621309371
width: 0.025323910482921083
height: 0.030380830124090714
Area: 0.0002323456375720536
CentroidX: 0.2070
CentroidY: 0.6383
