Location: 2025-04-18_221256-1.png_Gaussian-Median.png
Component: component_1745012175667_166.png
centerX: 0.10777385159010601
centerY: 0.32605905006418484
width: 0.026501766784452298
height: 0.029525032092426188
Area: 0.00027720195371936984
CentroidX: 0.1208
CentroidY: 0.3390
