Location: easy21_Mean-Medain.png
Component: component_1744297381095_1084.png
centerX: 0.15483870967741936
centerY: 0.8113026819923371
width: 0.018548387096774192
height: 0.020114942528735632
Area: 0.00012359411692003462
CentroidX: 0.1636
CentroidY: 0.8200
