Location: 2025-04-18_221216-1.png_Mean-Medain.png
Component: component_1745012174833_261.png
centerX: 0.19199057714958775
centerY: 0.44801026957637996
width: 0.026501766784452298
height: 0.030380830124090714
Area: 0.0002895500407486872
CentroidX: 0.2052
CentroidY: 0.4612
