Location: 2025-04-18_221216-1.png_Mean-Medain.png
Component: component_1745012174813_168.png
centerX: 0.052414605418138985
centerY: 0.25673940949935814
width: 0.02120141342756184
height: 0.02610183996576808
Area: 0.00021470551324445734
CentroidX: 0.0638
CentroidY: 0.2683
