Location: 2025-04-18_221256-1.png_Mean-Medain.png
Component: component_1745012175275_450.png
centerX: 0.061248527679623084
centerY: 0.9328198545143346
width: 0.028857479387514724
height: 0.03123662815575524
Area: 0.00042966302826502324
CentroidX: 0.0757
CentroidY: 0.9469
