Location: 2025-04-18_221237-1.png_Otsu.png
Component: component_1745012175538_462.png
centerX: 0.6065959952885748
centerY: 0.904150620453573
width: 0.024734982332155476
height: 0.029097133076593923
Area: 0.00029333006739031497
CentroidX: 0.6192
CentroidY: 0.9170
