Location: 2025-04-18_221256-1.png_Gaussian-Median.png
Component: component_1745012175683_225.png
centerX: 0.6083627797408716
centerY: 0.4634146341463415
width: 0.027090694935217905
height: 0.03209242618741977
Area: 0.0002751859395105017
CentroidX: 0.6227
CentroidY: 0.4780
