Location: 2025-04-18_221256-1.png_Gaussian-Median.png
Component: component_1745012175667_164.png
centerX: 0.45288574793875147
centerY: 0.32349165596919127
width: 0.028268551236749116
height: 0.030380830124090714
Area: 0.00027115391109276536
CentroidX: 0.4666
CentroidY: 0.3366
