Location: 2025-04-18_221216-1.png_Mean-Medain.png
Component: component_1745012174819_189.png
centerX: 0.2626619552414605
centerY: 0.29696191698759095
width: 0.023557126030624265
height: 0.02610183996576808
Area: 0.00020764946351341885
CentroidX: 0.2748
CentroidY: 0.3088
