Location: 2025-04-18_221256-1.png_Gaussian-Median.png
Component: component_1745012175707_301.png
centerX: 0.7220259128386337
centerY: 0.6050492083868207
width: 0.030624263839811542
height: 0.03508771929824561
Area: 0.0004888834456505249
CentroidX: 0.7370
CentroidY: 0.6209
