Location: 2025-04-18_221216-1.png_Mean-Medain.png
Component: component_1745012174809_143.png
centerX: 0.0535924617196702
centerY: 0.2100984167736414
width: 0.024734982332155476
height: 0.03209242618741977
Area: 0.0002950940798230746
CentroidX: 0.0658
CentroidY: 0.2240
