Location: 2025-04-18_221256-1.png_Gaussian-Median.png
Component: component_1745012175682_219.png
centerX: 0.4581861012956419
centerY: 0.4621309370988447
width: 0.028268551236749116
height: 0.03551561831407788
Area: 0.00039261876717707107
CentroidX: 0.4725
CentroidY: 0.4770
