Location: 2025-04-18_221237-1.png_Otsu.png
Component: component_1745012175443_197.png
centerX: 0.2703180212014134
centerY: 0.3333333333333333
width: 0.02767962308598351
height: 0.026957637997432605
Area: 0.00027896596615212943
CentroidX: 0.2839
CentroidY: 0.3452
