Location: 2025-04-18_221237-1.png_Otsu.png
Component: component_1745012175479_345.png
centerX: 0.6654888103651354
centerY: 0.6765083440308087
width: 0.02591283863368669
height: 0.028241335044929396
Area: 0.00030114212244967904
CentroidX: 0.6783
CentroidY: 0.6893
