Location: 2025-04-18_221216-1.png_Mean-Medain.png
Component: component_1745012174812_161.png
centerX: 0.4305064782096584
centerY: 0.24646983311938384
width: 0.024146054181389872
height: 0.028241335044929396
Area: 0.00023587366243757286
CentroidX: 0.4423
CentroidY: 0.2590
