Location: 2025-04-18_221256-1.png_Mean-Medain.png
Component: component_1745012175261_408.png
centerX: 0.0989399293286219
centerY: 0.8284124946512623
width: 0.027090694935217905
height: 0.03123662815575524
Area: 0.00041907895366846546
CentroidX: 0.1125
CentroidY: 0.8417
