Location: 2025-04-18_221216-1.png_Mean-Medain.png
Component: component_1745012174869_462.png
centerX: 0.4081272084805654
centerY: 0.8459563543003851
width: 0.028857479387514724
height: 0.029097133076593923
Area: 0.00033768237998541413
CentroidX: 0.4229
CentroidY: 0.8578
