Location: 2025-04-18_221237-1.png_Otsu.png
Component: component_1745012175529_446.png
centerX: 0.30918727915194344
centerY: 0.8741976893453145
width: 0.028857479387514724
height: 0.03209242618741977
Area: 0.00033541436400043746
CentroidX: 0.3235
CentroidY: 0.8882
