Location: 2025-04-18_221256-1.png_Gaussian-Median.png
Component: component_1745012175646_95.png
centerX: 0.6425206124852768
centerY: 0.17629439452289258
width: 0.032391048292108364
height: 0.02995293110825845
Area: 0.00037850666771499405
CentroidX: 0.6582
CentroidY: 0.1896
