Location: 2025-04-18_221256-1.png_Mean-Medain.png
Component: component_1745012175172_207.png
centerX: 0.7991755005889282
centerY: 0.4193410355156183
width: 0.027090694935217905
height: 0.03380402225074882
Area: 0.00023536965888535584
CentroidX: 0.8111
CentroidY: 0.4343
