Location: 2025-04-18_221216-1.png_Mean-Medain.png
Component: component_1745012174798_78.png
centerX: 0.8409893992932862
centerY: 0.09670517757809156
width: 0.02591283863368669
height: 0.03209242618741977
Area: 0.0002658618737944865
CentroidX: 0.8535
CentroidY: 0.1118
