Location: 2025-04-18_221256-1.png_Gaussian-Median.png
Component: component_1745012175754_378.png
centerX: 0.19257950530035337
centerY: 0.7719298245614035
width: 0.034746760895170786
height: 0.0329482242190843
Area: 0.00048207939769559494
CentroidX: 0.2097
CentroidY: 0.7874
