Location: 2025-04-18_221216-1.png_Mean-Medain.png
Component: component_1745012174845_330.png
centerX: 0.053003533568904596
centerY: 0.5845100556268721
width: 0.02591283863368669
height: 0.03123662815575524
Area: 0.0002880380300920361
CentroidX: 0.0656
CentroidY: 0.5986
