Location: 2025-04-18_221256-1.png_Mean-Medain.png
Component: component_1745012175267_421.png
centerX: 0.05889281507656066
centerY: 0.8759092854086435
width: 0.02591283863368669
height: 0.038510911424903725
Area: 0.000504003552217036
CentroidX: 0.0722
CentroidY: 0.8934
