Location: 2025-04-18_221237-1.png_Otsu.png
Component: component_1745012175453_239.png
centerX: 0.4381625441696113
centerY: 0.42704321780059906
width: 0.024734982332155476
height: 0.029525032092426188
Area: 0.00029887410646470237
CentroidX: 0.4507
CentroidY: 0.4402
