Location: 2025-04-18_221256-1.png_Mean-Medain.png
Component: component_1745012174991_14.png
centerX: 0.8297997644287397
centerY: 0.00599058622165169
width: 0.026501766784452298
height: 0.029525032092426188
Area: 0.0002431817139447199
CentroidX: 0.8443
CentroidY: 0.0195
