Location: 2025-04-18_221216-1.png_Mean-Medain.png
Component: component_1745012174829_241.png
centerX: 0.8857479387514723
centerY: 0.4326059050064185
width: 0.02591283863368669
height: 0.03209242618741977
Area: 0.0003218062680905775
CentroidX: 0.8993
CentroidY: 0.4466
