Location: 2025-04-18_221216-1.png_Mean-Medain.png
Component: component_1745012174859_401.png
centerX: 0.624263839811543
centerY: 0.7287120239623449
width: 0.025323910482921083
height: 0.02781343602909713
Area: 0.00027493393773439317
CentroidX: 0.6366
CentroidY: 0.7410
