Location: 2025-04-18_221237-1.png_Otsu.png
Component: component_1745012175509_397.png
centerX: 0.9316843345111896
centerY: 0.7702182284980744
width: 0.030624263839811542
height: 0.02866923406076166
Area: 0.0003185302450011668
CentroidX: 0.9464
CentroidY: 0.7826
