Location: 2025-04-18_221256-1.png_Gaussian-Median.png
Component: component_1745012175694_265.png
centerX: 0.43462897526501765
centerY: 0.5524176294394523
width: 0.03121319199057715
height: 0.03209242618741977
Area: 0.0003875787316549007
CentroidX: 0.4503
CentroidY: 0.5675
