Location: 2025-04-18_221216-1.png_Mean-Medain.png
Component: component_1745012174856_388.png
centerX: 0.4305064782096584
centerY: 0.6957637997432606
width: 0.024146054181389872
height: 0.031664527171587506
Area: 0.00030668616152406644
CentroidX: 0.4423
CentroidY: 0.7098
