Location: 2025-04-18_221256-1.png_Mean-Medain.png
Component: component_1745012175168_205.png
centerX: 0.9157832744405182
centerY: 0.41891313649978607
width: 0.030035335689045935
height: 0.031664527171587506
Area: 0.00023536965888535584
CentroidX: 0.9297
CentroidY: 0.4322
