Location: 2025-04-18_221237-1.png_Otsu.png
Component: component_1745012175429_174.png
centerX: 0.2714958775029446
centerY: 0.2961061189559264
width: 0.02767962308598351
height: 0.026957637997432605
Area: 0.00027493393773439317
CentroidX: 0.2853
CentroidY: 0.3084
