Location: 2025-04-18_221256-1.png_Gaussian-Median.png
Component: component_1745012175732_337.png
centerX: 0.7414605418138988
centerY: 0.7064612751390672
width: 0.030035335689045935
height: 0.03594351732991014
Area: 0.0004712433213229287
CentroidX: 0.7569
CentroidY: 0.7231
