Location: 2025-04-18_221256-1.png_Mean-Medain.png
Component: component_1745012175222_319.png
centerX: 0.8156654888103652
centerY: 0.6534017971758665
width: 0.02944640753828033
height: 0.03380402225074882
Area: 0.00043293905135443397
CentroidX: 0.8306
CentroidY: 0.6685
