Location: 2025-04-18_221237-1.png_Otsu.png
Component: component_1745012175412_107.png
centerX: 0.6319199057714959
centerY: 0.1844244758237056
width: 0.023557126030624265
height: 0.02781343602909713
Area: 0.0002084054688417444
CentroidX: 0.6446
CentroidY: 0.1973
