Location: 2025-04-18_221237-1.png_Otsu.png
Component: component_1745012175485_358.png
centerX: 0.4958775029446408
centerY: 0.6812152332049636
width: 0.023557126030624265
height: 0.02866923406076166
Area: 0.00029610208692750867
CentroidX: 0.5067
CentroidY: 0.6936
