Location: 2025-04-18_221216-1.png_Mean-Medain.png
Component: component_1745012174825_215.png
centerX: 0.2785630153121319
centerY: 0.34745400085579803
width: 0.030624263839811542
height: 0.030380830124090714
Area: 0.00025250577966073504
CentroidX: 0.2928
CentroidY: 0.3597
