Location: 2025-04-18_221216-1.png_Mean-Medain.png
Component: component_1745012174800_86.png
centerX: 0.585394581861013
centerY: 0.10141206675224647
width: 0.025323910482921083
height: 0.031664527171587506
Area: 0.0003049221490913068
CentroidX: 0.5982
CentroidY: 0.1160
