Location: 2025-04-18_221237-1.png_Otsu.png
Component: component_1745012175442_190.png
centerX: 0.6166077738515902
centerY: 0.31878476679503637
width: 0.027090694935217905
height: 0.024818142918271287
Area: 0.00029761409758415975
CentroidX: 0.6299
CentroidY: 0.3302
