Location: 2025-04-18_221256-1.png_Gaussian-Median.png
Component: component_1745012175784_447.png
centerX: 0.061248527679623084
centerY: 0.9328198545143346
width: 0.028857479387514724
height: 0.03123662815575524
Area: 0.0004100068897285588
CentroidX: 0.0758
CentroidY: 0.9468
