Location: 2025-04-18_221256-1.png_Mean-Medain.png
Component: component_1745012175117_93.png
centerX: 0.05889281507656066
centerY: 0.14634146341463414
width: 0.030035335689045935
height: 0.030380830124090714
Area: 0.0003374303782093056
CentroidX: 0.0742
CentroidY: 0.1599
