Location: 2025-04-18_221256-1.png_Mean-Medain.png
Component: component_1745012175265_413.png
centerX: 0.7449941107184923
centerY: 0.87334189131365
width: 0.03297997644287397
height: 0.03080872913992298
Area: 0.00043167904247389135
CentroidX: 0.7619
CentroidY: 0.8874
