Location: 2025-04-18_221237-1.png_Otsu.png
Component: component_1745012175529_447.png
centerX: 0.26148409893992935
centerY: 0.8754813863928113
width: 0.030624263839811542
height: 0.02995293110825845
Area: 0.0003311303338065927
CentroidX: 0.2758
CentroidY: 0.8886
