Location: 2025-04-18_221256-1.png_Gaussian-Median.png
Component: component_1745012175779_439.png
centerX: 0.4923439340400471
centerY: 0.9225502781343603
width: 0.028268551236749116
height: 0.03337612323491656
Area: 0.00041882695189235695
CentroidX: 0.5071
CentroidY: 0.9372
