Location: 2025-04-18_221256-1.png_Gaussian-Median.png
Component: component_1745012175684_231.png
centerX: 0.7661955241460542
centerY: 0.4638425331621737
width: 0.02591283863368669
height: 0.026529738981600343
Area: 0.00027165791464498244
CentroidX: 0.7789
CentroidY: 0.4757
