Location: 2025-04-18_221237-1.png_Otsu.png
Component: component_1745012175513_406.png
centerX: 0.045936395759717315
centerY: 0.7783483097988875
width: 0.024146054181389872
height: 0.03080872913992298
Area: 0.00030618215797184936
CentroidX: 0.0582
CentroidY: 0.7920
