Location: 2025-04-18_221256-1.png_Gaussian-Median.png
Component: component_1745012175761_392.png
centerX: 0.6537102473498233
centerY: 0.8181429182712879
width: 0.02944640753828033
height: 0.03209242618741977
Area: 0.00039992681868421807
CentroidX: 0.6689
CentroidY: 0.8327
