Location: 2025-04-18_221216-1.png_Mean-Medain.png
Component: component_1745012174854_374.png
centerX: 0.14723203769140164
centerY: 0.6645271715875053
width: 0.02767962308598351
height: 0.02866923406076166
Area: 0.00030139412422578756
CentroidX: 0.1610
CentroidY: 0.6773
