Location: 2025-04-18_221256-1.png_Gaussian-Median.png
Component: component_1745012175617_37.png
centerX: 0.4204946996466431
centerY: 0.05648267008985879
width: 0.030624263839811542
height: 0.031664527171587506
Area: 0.0002882900318681446
CentroidX: 0.4364
CentroidY: 0.0718
