Location: 2025-04-18_221216-1.png_Mean-Medain.png
Component: component_1745012174796_68.png
centerX: 0.5783274440518257
centerY: 0.06290115532734275
width: 0.023557126030624265
height: 0.02738553701326487
Area: 0.00027669795016715276
CentroidX: 0.5897
CentroidY: 0.0753
