Location: 2025-04-18_221256-1.png_Gaussian-Median.png
Component: component_1745012175768_396.png
centerX: 0.38869257950530034
centerY: 0.819854514334617
width: 0.028857479387514724
height: 0.03380402225074882
Area: 0.0004278990158322636
CentroidX: 0.4029
CentroidY: 0.8347
