Location: 2025-04-18_221256-1.png_Gaussian-Median.png
Component: component_1745012175607_15.png
centerX: 0.48115429917550057
centerY: 0.008985879332477536
width: 0.03297997644287397
height: 0.032520325203252036
Area: 0.00030945818106126015
CentroidX: 0.4984
CentroidY: 0.0246
