Location: 2025-04-18_221256-1.png_Mean-Medain.png
Component: component_1745012175273_440.png
centerX: 0.6336866902237926
centerY: 0.9208386820710313
width: 0.03297997644287397
height: 0.0329482242190843
Area: 0.00043167904247389135
CentroidX: 0.6510
CentroidY: 0.9351
