Location: 2025-04-18_221256-1.png_Gaussian-Median.png
Component: component_1745012175732_333.png
centerX: 0.05653710247349823
centerY: 0.6628155755241762
width: 0.03121319199057715
height: 0.03936670945656825
Area: 0.0005360077777828178
CentroidX: 0.0714
CentroidY: 0.6803
