Location: 2025-04-18_221256-1.png_Mean-Medain.png
Component: component_1745012175229_349.png
centerX: 0.6513545347467609
centerY: 0.709456568249893
width: 0.02944640753828033
height: 0.0329482242190843
Area: 0.00045813922896528574
CentroidX: 0.6658
CentroidY: 0.7245
