Location: 2025-04-18_221256-1.png_Gaussian-Median.png
Component: component_1745012175720_313.png
centerX: 0.7343934040047114
centerY: 0.6546854942233633
width: 0.028268551236749116
height: 0.03209242618741977
Area: 0.0004127789092657525
CentroidX: 0.7477
CentroidY: 0.6691
