Location: 2025-04-18_221256-1.png_Mean-Medain.png
Component: component_1745012175121_104.png
centerX: 0.6419316843345112
centerY: 0.17629439452289258
width: 0.03297997644287397
height: 0.02995293110825845
Area: 0.000385310715669924
CentroidX: 0.6581
CentroidY: 0.1896
