Location: 2025-04-18_221256-1.png_Gaussian-Median.png
Component: component_1745012175692_252.png
centerX: 0.558303886925795
centerY: 0.5096277278562259
width: 0.028268551236749116
height: 0.03465982028241335
Area: 0.0003623785540440489
CentroidX: 0.5728
CentroidY: 0.5246
