Location: 2025-04-18_221237-1.png_Otsu.png
Component: component_1745012175445_208.png
centerX: 0.7520612485276796
centerY: 0.3607188703465982
width: 0.026501766784452298
height: 0.029525032092426188
Area: 0.00030089012067357053
CentroidX: 0.7665
CentroidY: 0.3738
