Location: 2025-04-18_221216-1.png_Mean-Medain.png
Component: component_1745012174841_304.png
centerX: 0.3280329799764429
centerY: 0.5442875481386393
width: 0.024146054181389872
height: 0.02781343602909713
Area: 0.0002996301117930279
CentroidX: 0.3397
CentroidY: 0.5559
