Location: 2025-04-18_221216-1.png_Mean-Medain.png
Component: component_1745012174795_64.png
centerX: 0.6590106007067138
centerY: 0.059050064184852376
width: 0.02591283863368669
height: 0.028241335044929396
Area: 0.00029307806561420645
CentroidX: 0.6724
CentroidY: 0.0718
