Location: 2025-04-18_221216-1.png_Mean-Medain.png
Component: component_1745012174842_307.png
centerX: 0.9210836277974087
centerY: 0.5678219940094138
width: 0.027090694935217905
height: 0.03080872913992298
Area: 0.00026938989866000576
CentroidX: 0.9342
CentroidY: 0.5822
