Location: 2025-04-18_221237-1.png_Otsu.png
Component: component_1745012175421_122.png
centerX: 0.048292108362779744
centerY: 0.20539152759948653
width: 0.02237926972909305
height: 0.029525032092426188
Area: 0.0001834572930070011
CentroidX: 0.0595
CentroidY: 0.2183
