Location: 2025-04-18_221216-1.png_Mean-Medain.png
Component: component_1745012174805_122.png
centerX: 0.1354534746760895
centerY: 0.16046213093709885
width: 0.02767962308598351
height: 0.026529738981600343
Area: 0.0002784619625999124
CentroidX: 0.1493
CentroidY: 0.1727
