Location: 2025-04-18_221216-1.png_Mean-Medain.png
Component: component_1745012174847_341.png
centerX: 0.6160188457008245
centerY: 0.6183140778776208
width: 0.024734982332155476
height: 0.02738553701326487
Area: 0.0002827459927937572
CentroidX: 0.6281
CentroidY: 0.6300
