Location: 2025-04-18_221237-1.png_Otsu.png
Component: component_1745012175544_491.png
centerX: 0.4458186101295642
centerY: 0.9589216944801027
width: 0.021790341578327443
height: 0.03123662815575524
Area: 0.0002784619625999124
CentroidX: 0.4570
CentroidY: 0.9732
