Location: 2025-04-18_221256-1.png_Mean-Medain.png
Component: component_1745012175233_359.png
centerX: 0.23851590106007067
centerY: 0.7154471544715447
width: 0.032391048292108364
height: 0.03380402225074882
Area: 0.0004954354918293464
CentroidX: 0.2547
CentroidY: 0.7309
