Location: 2025-04-18_221256-1.png_Gaussian-Median.png
Component: component_1745012175704_293.png
centerX: 0.5901060070671378
centerY: 0.6029097133076594
width: 0.030035335689045935
height: 0.03465982028241335
Area: 0.00047502334796455646
CentroidX: 0.6056
CentroidY: 0.6185
