Location: 2025-04-18_221216-1.png_Mean-Medain.png
Component: component_1745012174867_450.png
centerX: 0.7661955241460542
centerY: 0.8395378690629012
width: 0.022968197879858657
height: 0.03080872913992298
Area: 0.0003109701917179112
CentroidX: 0.7763
CentroidY: 0.8533
