Location: 2025-04-18_221216-1.png_Mean-Medain.png
Component: component_1745012174839_291.png
centerX: 0.7373380447585395
centerY: 0.5301668806161746
width: 0.023557126030624265
height: 0.03123662815575524
Area: 0.0003180262414489497
CentroidX: 0.7493
CentroidY: 0.5431
