Location: 2025-04-18_221256-1.png_Mean-Medain.png
Component: component_1745012175189_230.png
centerX: 0.2656065959952886
centerY: 0.4634146341463415
width: 0.026501766784452298
height: 0.03594351732991014
Area: 0.0003175222378967327
CentroidX: 0.2780
CentroidY: 0.4789
