Location: 2025-04-18_221256-1.png_Mean-Medain.png
Component: component_1745012175231_353.png
centerX: 0.6024734982332155
centerY: 0.7103123662815576
width: 0.03297997644287397
height: 0.0329482242190843
Area: 0.0004702353142184946
CentroidX: 0.6197
CentroidY: 0.7249
