Location: 2025-04-18_221237-1.png_Otsu.png
Component: component_1745012175409_84.png
centerX: 0.5276796230859835
centerY: 0.14848095849379547
width: 0.023557126030624265
height: 0.030380830124090714
Area: 0.00016102913493334302
CentroidX: 0.5378
CentroidY: 0.1642
