Location: 2025-04-18_221237-1.png_Otsu.png
Component: component_1745012175453_243.png
centerX: 0.04181389870435807
centerY: 0.4321780059905862
width: 0.024146054181389872
height: 0.02738553701326487
Area: 0.0002940860727186405
CentroidX: 0.0538
CentroidY: 0.4440
