Location: 2025-04-18_221237-1.png_Otsu.png
Component: component_1745012175524_422.png
centerX: 0.3297997644287397
centerY: 0.8189987163029525
width: 0.03121319199057715
height: 0.03209242618741977
Area: 0.00033239034268713524
CentroidX: 0.3457
CentroidY: 0.8327
