Location: 2025-04-18_221216-1.png_Mean-Medain.png
Component: component_1745012174791_41.png
centerX: 0.5435806831566549
centerY: 0.013692768506632435
width: 0.026501766784452298
height: 0.03080872913992298
Area: 0.00034650244214921226
CentroidX: 0.5574
CentroidY: 0.0273
