Location: 2025-04-18_221256-1.png_Mean-Medain.png
Component: component_1745012175242_384.png
centerX: 0.14428739693757361
centerY: 0.7753530166880617
width: 0.03180212014134275
height: 0.03423192126658109
Area: 0.0004662032858007583
CentroidX: 0.1603
CentroidY: 0.7906
