Location: 2025-04-18_221237-1.png_Otsu.png
Component: component_1745012175460_282.png
centerX: 0.5736160188457008
centerY: 0.5220367993153616
width: 0.02767962308598351
height: 0.03209242618741977
Area: 0.0003260902982844223
CentroidX: 0.5872
CentroidY: 0.5362
