Location: 2025-04-18_221216-1.png_Mean-Medain.png
Component: component_1745012174842_311.png
centerX: 0.748527679623086
centerY: 0.5729567821994009
width: 0.027090694935217905
height: 0.030380830124090714
Area: 0.0002857700141070594
CentroidX: 0.7629
CentroidY: 0.5867
