Location: 2025-04-18_221256-1.png_Gaussian-Median.png
Component: component_1745012175665_155.png
centerX: 0.6325088339222615
centerY: 0.31921266581086866
width: 0.027090694935217905
height: 0.03423192126658109
Area: 0.0002842580034504083
CentroidX: 0.6460
CentroidY: 0.3337
