Location: 2025-04-18_221216-1.png_Mean-Medain.png
Component: component_1745012174834_264.png
centerX: 0.9193168433451119
centerY: 0.4856653829696192
width: 0.025323910482921083
height: 0.024818142918271287
Area: 0.0002560338045262543
CentroidX: 0.9323
CentroidY: 0.4962
