Location: 2025-04-18_221256-1.png_Mean-Medain.png
Component: component_1745012175239_374.png
centerX: 0.696113074204947
centerY: 0.7655113393239196
width: 0.030035335689045935
height: 0.03080872913992298
Area: 0.00042941102648891467
CentroidX: 0.7110
CentroidY: 0.7792
