Location: 2025-04-18_221256-1.png_Mean-Medain.png
Component: component_1745012175236_367.png
centerX: 0.8981154299175501
centerY: 0.7637997432605905
width: 0.02767962308598351
height: 0.029525032092426188
Area: 0.000398414808027567
CentroidX: 0.9124
CentroidY: 0.7770
