Location: 2025-04-18_221256-1.png_Gaussian-Median.png
Component: component_1745012175731_330.png
centerX: 0.2862190812720848
centerY: 0.6598202824133504
width: 0.03121319199057715
height: 0.03423192126658109
Area: 0.00045536720942809203
CentroidX: 0.3012
CentroidY: 0.6754
