Location: 2025-04-18_221256-1.png_Gaussian-Median.png
Component: component_1745012175774_420.png
centerX: 0.9428739693757362
centerY: 0.8754813863928113
width: 0.030624263839811542
height: 0.03337612323491656
Area: 0.0004253789980711784
CentroidX: 0.9582
CentroidY: 0.8898
