Location: 2025-04-18_221256-1.png_Mean-Medain.png
Component: component_1745012175214_291.png
centerX: 0.13957597173144876
centerY: 0.558408215661104
width: 0.035924617196702
height: 0.03380402225074882
Area: 0.0003906027529682029
CentroidX: 0.1580
CentroidY: 0.5738
