Location: 2025-04-18_221256-1.png_Gaussian-Median.png
Component: component_1745012175746_367.png
centerX: 0.5653710247349824
centerY: 0.7655113393239196
width: 0.028268551236749116
height: 0.031664527171587506
Area: 0.00042159897142955065
CentroidX: 0.5799
CentroidY: 0.7800
