Location: 2025-04-18_221237-1.png_Otsu.png
Component: component_1745012175526_431.png
centerX: 0.8568904593639576
centerY: 0.8557980316645272
width: 0.028268551236749116
height: 0.029525032092426188
Area: 0.0003187822467772753
CentroidX: 0.8707
CentroidY: 0.8686
