Location: 2025-04-18_221256-1.png_Gaussian-Median.png
Component: component_1745012175706_298.png
centerX: 0.8633686690223793
centerY: 0.6041934103551562
width: 0.03651354534746761
height: 0.04022250748823278
Area: 0.0005785960779451574
CentroidX: 0.8816
CentroidY: 0.6224
