Location: 2025-04-18_221256-1.png_Gaussian-Median.png
Component: component_1745012175692_255.png
centerX: 0.6448763250883393
centerY: 0.5100556268720582
width: 0.03356890459363958
height: 0.030380830124090714
Area: 0.0003444864279403441
CentroidX: 0.6616
CentroidY: 0.5233
