Location: 2025-04-18_221237-1.png_Otsu.png
Component: component_1745012175423_136.png
centerX: 0.6666666666666666
centerY: 0.23063756953359008
width: 0.030624263839811542
height: 0.029097133076593923
Area: 0.00017841725748483076
CentroidX: 0.6813
CentroidY: 0.2441
