Location: 2025-04-18_221256-1.png_Mean-Medain.png
Component: component_1745012175135_153.png
centerX: 0.1607773851590106
centerY: 0.27599486521181
width: 0.028268551236749116
height: 0.032520325203252036
Area: 0.00034070640129871634
CentroidX: 0.1746
CentroidY: 0.2903
