Location: 2025-04-18_221237-1.png_Otsu.png
Component: component_1745012175388_40.png
centerX: 0.565959952885748
centerY: 0.059050064184852376
width: 0.030035335689045935
height: 0.031664527171587506
Area: 0.00028501400877873386
CentroidX: 0.5814
CentroidY: 0.0730
