Location: 2025-04-18_221237-1.png_Otsu.png
Component: component_1745012175540_469.png
centerX: 0.36160188457008247
centerY: 0.9135643988018828
width: 0.025323910482921083
height: 0.0329482242190843
Area: 0.0003270983053888564
CentroidX: 0.3750
CentroidY: 0.9286
