Location: 2025-04-18_221237-1.png_Otsu.png
Component: component_1745012175452_235.png
centerX: 0.5624263839811543
centerY: 0.41891313649978607
width: 0.028857479387514724
height: 0.02995293110825845
Area: 0.0003127342041506709
CentroidX: 0.5781
CentroidY: 0.4325
