Location: 2025-04-18_221256-1.png_Mean-Medain.png
Component: component_1745012175072_57.png
centerX: 0.6213191990577149
centerY: 0.08900299529311083
width: 0.030624263839811542
height: 0.03209242618741977
Area: 0.0003402023977464993
CentroidX: 0.6369
CentroidY: 0.1038
