Location: 2025-04-18_221237-1.png_Otsu.png
Component: component_1745012175499_381.png
centerX: 0.22555948174322732
centerY: 0.7261446298673513
width: 0.024734982332155476
height: 0.02995293110825845
Area: 0.0003046701473151983
CentroidX: 0.2378
CentroidY: 0.7395
