Location: 2025-04-18_221256-1.png_Gaussian-Median.png
Component: component_1745012175772_409.png
centerX: 0.48998822143698467
centerY: 0.8729139922978177
width: 0.03121319199057715
height: 0.03337612323491656
Area: 0.0004394910975332554
CentroidX: 0.5054
CentroidY: 0.8883
