Location: 2025-04-18_221216-1.png_Mean-Medain.png
Component: component_1745012174853_369.png
centerX: 0.47290930506478207
centerY: 0.6602481814291827
width: 0.023557126030624265
height: 0.02866923406076166
Area: 0.00028224198924154016
CentroidX: 0.4840
CentroidY: 0.6725
