Location: 2025-04-18_221256-1.png_Mean-Medain.png
Component: component_1745012175238_369.png
centerX: 0.7809187279151943
centerY: 0.764655541292255
width: 0.028268551236749116
height: 0.030380830124090714
Area: 0.0004072348701913651
CentroidX: 0.7954
CentroidY: 0.7781
