Location: 2025-04-18_221256-1.png_Mean-Medain.png
Component: component_1745012175226_335.png
centerX: 0.9764428739693758
centerY: 0.6581086863500214
width: 0.020023557126030624
height: 0.03508771929824561
Area: 0.00038153068902829627
CentroidX: 0.9866
CentroidY: 0.6740
