Location: 2025-04-18_221216-1.png_Mean-Medain.png
Component: component_1745012174792_49.png
centerX: 0.7408716136631331
centerY: 0.01540436456996149
width: 0.028268551236749116
height: 0.02866923406076166
Area: 0.0003218062680905775
CentroidX: 0.7551
CentroidY: 0.0278
