Location: 2025-04-18_221256-1.png_Mean-Medain.png
Component: component_1745012175239_372.png
centerX: 0.610718492343934
centerY: 0.7655113393239196
width: 0.028857479387514724
height: 0.032520325203252036
Area: 0.0004432711241748832
CentroidX: 0.6250
CentroidY: 0.7802
