Location: 2025-04-18_221216-1.png_Mean-Medain.png
Component: component_1745012174812_164.png
centerX: 0.21849234393404005
centerY: 0.2554557124518614
width: 0.023557126030624265
height: 0.02738553701326487
Area: 0.0002197455487666277
CentroidX: 0.2295
CentroidY: 0.2673
