Location: 2025-04-18_221256-1.png_Mean-Medain.png
Component: component_1745012175180_212.png
centerX: 0.8362779740871613
centerY: 0.4201968335472828
width: 0.03121319199057715
height: 0.0329482242190843
Area: 0.0002459537334819136
CentroidX: 0.8514
CentroidY: 0.4349
