Location: 2025-04-18_221256-1.png_Mean-Medain.png
Component: component_1745012175117_92.png
centerX: 0.11012956419316844
centerY: 0.1446298673513051
width: 0.03121319199057715
height: 0.03123662815575524
Area: 0.00032785431071718195
CentroidX: 0.1261
CentroidY: 0.1585
