Location: 2025-04-18_221256-1.png_Mean-Medain.png
Component: component_1745012175267_422.png
centerX: 0.2850412249705536
centerY: 0.8759092854086435
width: 0.03121319199057715
height: 0.03508771929824561
Area: 0.00046393526981578165
CentroidX: 0.3015
CentroidY: 0.8918
