Location: 2025-04-18_221256-1.png_Gaussian-Median.png
Component: component_1745012175692_254.png
centerX: 0.2591283863368669
centerY: 0.5100556268720582
width: 0.028857479387514724
height: 0.03551561831407788
Area: 0.0003510384741191656
CentroidX: 0.2747
CentroidY: 0.5263
