Location: 2025-04-18_221256-1.png_Gaussian-Median.png
Component: component_1745012175707_299.png
centerX: 0.36984687868080096
centerY: 0.6054771074026529
width: 0.044169611307420496
height: 0.03551561831407788
Area: 0.0005246676978579345
CentroidX: 0.3885
CentroidY: 0.6211
