Location: 2025-04-18_221256-1.png_Mean-Medain.png
Component: component_1745012174995_18.png
centerX: 0.8733804475853946
centerY: 0.007274283269148481
width: 0.02944640753828033
height: 0.03080872913992298
Area: 0.0002787139643760209
CentroidX: 0.8889
CentroidY: 0.0216
