Location: 2025-04-18_221256-1.png_Mean-Medain.png
Component: component_1745012175071_53.png
centerX: 0.8533568904593639
centerY: 0.08557980316645272
width: 0.030035335689045935
height: 0.02781343602909713
Area: 0.00032558629473220527
CentroidX: 0.8687
CentroidY: 0.0989
