Location: 2025-04-18_221237-1.png_Otsu.png
Component: component_1745012175443_198.png
centerX: 0.2232037691401649
centerY: 0.33504492939666236
width: 0.024734982332155476
height: 0.02610183996576808
Area: 0.0002532617849890606
CentroidX: 0.2357
CentroidY: 0.3470
