Location: 2025-04-18_221237-1.png_Otsu.png
Component: component_1745012175444_200.png
centerX: 0.13191990577149587
centerY: 0.3384681215233205
width: 0.024146054181389872
height: 0.02781343602909713
Area: 0.00027115391109276536
CentroidX: 0.1431
CentroidY: 0.3503
