Location: 2025-04-18_221256-1.png_Mean-Medain.png
Component: component_1745012175134_148.png
centerX: 0.5076560659599529
centerY: 0.2729995721009842
width: 0.030035335689045935
height: 0.030380830124090714
Area: 0.0003346583586721119
CentroidX: 0.5227
CentroidY: 0.2861
