Location: 2025-04-18_221237-1.png_Otsu.png
Component: component_1745012175408_80.png
centerX: 0.657243816254417
centerY: 0.14035087719298245
width: 0.02237926972909305
height: 0.02866923406076166
Area: 0.00018950533563360554
CentroidX: 0.6686
CentroidY: 0.1531
