Location: 2025-04-18_221237-1.png_Otsu.png
Component: component_1745012175523_419.png
centerX: 0.4558303886925795
centerY: 0.8121523320496363
width: 0.028857479387514724
height: 0.03594351732991014
Area: 0.0005221476800968493
CentroidX: 0.4702
CentroidY: 0.8294
