Location: 2025-04-18_221216-1.png_Mean-Medain.png
Component: component_1745012174879_483.png
centerX: 0.3621908127208481
centerY: 0.899443731279418
width: 0.02591283863368669
height: 0.02738553701326487
Area: 0.00030693816330017496
CentroidX: 0.3749
CentroidY: 0.9111
