Location: 2025-04-18_221256-1.png_Mean-Medain.png
Component: component_1745012175266_418.png
centerX: 0.598939929328622
centerY: 0.8737697903294822
width: 0.03415783274440518
height: 0.029097133076593923
Area: 0.0004115189003852099
CentroidX: 0.6163
CentroidY: 0.8867
