Location: 2025-04-18_221256-1.png_Mean-Medain.png
Component: component_1745012175178_210.png
centerX: 0.5683156654888104
centerY: 0.4201968335472828
width: 0.022968197879858657
height: 0.02995293110825845
Area: 0.000216973529229434
CentroidX: 0.5786
CentroidY: 0.4339
