Location: 2025-04-18_221237-1.png_Otsu.png
Component: component_1745012175420_121.png
centerX: 0.13191990577149587
centerY: 0.20196833547282841
width: 0.023557126030624265
height: 0.030380830124090714
Area: 0.0001733772219626604
CentroidX: 0.1433
CentroidY: 0.2164
