Location: 2025-04-18_221237-1.png_Otsu.png
Component: component_1745012175394_61.png
centerX: 0.4723203769140165
centerY: 0.10312366281557553
width: 0.025323910482921083
height: 0.028241335044929396
Area: 0.00022730560204988325
CentroidX: 0.4839
CentroidY: 0.1156
