Location: 2025-04-18_221237-1.png_Otsu.png
Component: component_1745012175408_81.png
centerX: 0.6166077738515902
centerY: 0.1433461703038083
width: 0.022968197879858657
height: 0.02866923406076166
Area: 0.00020084541555848886
CentroidX: 0.6283
CentroidY: 0.1558
