Location: 2025-04-18_221237-1.png_Otsu.png
Component: component_1745012175425_151.png
centerX: 0.05712603062426384
centerY: 0.2511767222935387
width: 0.03180212014134275
height: 0.031664527171587506
Area: 0.00026056983649620763
CentroidX: 0.0727
CentroidY: 0.2655
