Location: 2025-04-18_221256-1.png_Gaussian-Median.png
Component: component_1745012175760_385.png
centerX: 0.9122497055359247
centerY: 0.8160034231921267
width: 0.02767962308598351
height: 0.03551561831407788
Area: 0.00043999510108547245
CentroidX: 0.9265
CentroidY: 0.8316
