Location: 2025-04-18_221237-1.png_Otsu.png
Component: component_1745012175499_380.png
centerX: 0.2744405182567727
centerY: 0.7248609328198545
width: 0.024734982332155476
height: 0.03123662815575524
Area: 0.0003122302005984538
CentroidX: 0.2865
CentroidY: 0.7384
