Location: 2025-04-18_221216-1.png_Mean-Medain.png
Component: component_1745012174867_448.png
centerX: 0.8651354534746761
centerY: 0.8391099700470689
width: 0.024146054181389872
height: 0.024390243902439025
Area: 0.0002595618293917736
CentroidX: 0.8769
CentroidY: 0.8502
