Location: 2025-04-18_221256-1.png_Mean-Medain.png
Component: component_1745012175144_187.png
centerX: 0.44228504122497053
centerY: 0.37013264869490803
width: 0.03180212014134275
height: 0.03080872913992298
Area: 0.0002855180123309509
CentroidX: 0.4582
CentroidY: 0.3844
