Location: 2025-04-18_221256-1.png_Gaussian-Median.png
Component: component_1745012175777_428.png
centerX: 0.866902237926973
centerY: 0.9169875909285409
width: 0.024734982332155476
height: 0.02738553701326487
Area: 0.0003374303782093056
CentroidX: 0.8793
CentroidY: 0.9294
