Location: 2025-04-18_221256-1.png_Gaussian-Median.png
Component: component_1745012175744_357.png
centerX: 0.1431095406360424
centerY: 0.7180145485665383
width: 0.030035335689045935
height: 0.03123662815575524
Area: 0.0004284030193844806
CentroidX: 0.1584
CentroidY: 0.7321
