Location: 2025-04-18_221237-1.png_Otsu.png
Component: component_1745012175538_463.png
centerX: 0.6466431095406361
centerY: 0.9037227214377407
width: 0.023557126030624265
height: 0.03123662815575524
Area: 0.00030693816330017496
CentroidX: 0.6585
CentroidY: 0.9176
