Location: 2025-04-18_221256-1.png_Mean-Medain.png
Component: component_1745012175271_435.png
centerX: 0.7779740871613663
centerY: 0.9186991869918699
width: 0.03121319199057715
height: 0.030380830124090714
Area: 0.0003800186783716452
CentroidX: 0.7934
CentroidY: 0.9319
