Location: 2025-04-18_221216-1.png_Mean-Medain.png
Component: component_1745012174869_460.png
centerX: 0.45111896348645464
centerY: 0.8451005562687206
width: 0.028857479387514724
height: 0.031664527171587506
Area: 0.0003800186783716452
CentroidX: 0.4649
CentroidY: 0.8578
