Location: 2025-04-18_221216-1.png_Mean-Medain.png
Component: component_1745012174808_140.png
centerX: 0.36808009422850413
centerY: 0.20154043645699615
width: 0.023557126030624265
height: 0.02738553701326487
Area: 0.00023184163401983657
CentroidX: 0.3791
CentroidY: 0.2133
