Location: 2025-04-18_221256-1.png_Gaussian-Median.png
Component: component_1745012175611_36.png
centerX: 0.5200235571260307
centerY: 0.055198973042362
width: 0.028268551236749116
height: 0.030380830124090714
Area: 0.0002714059128688739
CentroidX: 0.5346
CentroidY: 0.0694
