Location: 2025-04-18_221256-1.png_Mean-Medain.png
Component: component_1745012174990_13.png
centerX: 0.7938751472320377
centerY: 0.00599058622165169
width: 0.022968197879858657
height: 0.02866923406076166
Area: 0.00022957361803485992
CentroidX: 0.8058
CentroidY: 0.0196
