Location: 2025-04-18_221237-1.png_Otsu.png
Component: component_1745012175466_302.png
centerX: 0.3504122497055359
centerY: 0.5742404792468977
width: 0.026501766784452298
height: 0.032520325203252036
Area: 0.00033566636577654597
CentroidX: 0.3645
CentroidY: 0.5888
