Location: 2025-04-18_221237-1.png_Otsu.png
Component: component_1745012175423_135.png
centerX: 0.5176678445229682
centerY: 0.23063756953359008
width: 0.03415783274440518
height: 0.04278990158322636
Area: 0.00023763767487033248
CentroidX: 0.5364
CentroidY: 0.2512
