Location: 2025-04-18_221256-1.png_Gaussian-Median.png
Component: component_1745012175662_145.png
centerX: 0.1607773851590106
centerY: 0.27599486521181
width: 0.028268551236749116
height: 0.0329482242190843
Area: 0.00033591836755265454
CentroidX: 0.1746
CentroidY: 0.2904
