Location: 2025-04-18_221256-1.png_Mean-Medain.png
Component: component_1745012175190_233.png
centerX: 0.8032979976442874
centerY: 0.4634146341463415
width: 0.02591283863368669
height: 0.02738553701326487
Area: 0.0002646018649139439
CentroidX: 0.8161
CentroidY: 0.4756
