Location: 2025-04-18_221256-1.png_Mean-Medain.png
Component: component_1745012175209_276.png
centerX: 0.516489988221437
centerY: 0.5549850235344459
width: 0.028857479387514724
height: 0.02995293110825845
Area: 0.00036011053805907225
CentroidX: 0.5304
CentroidY: 0.5683
