Location: 2025-04-18_221256-1.png_Gaussian-Median.png
Component: component_1745012175678_208.png
centerX: 0.6401648998822144
centerY: 0.42148053059477963
width: 0.023557126030624265
height: 0.03209242618741977
Area: 0.00022327357363214695
CentroidX: 0.6513
CentroidY: 0.4364
