Location: 2025-04-18_221237-1.png_Otsu.png
Component: component_1745012175501_384.png
centerX: 0.09422850412249706
centerY: 0.7291399229781772
width: 0.024146054181389872
height: 0.03123662815575524
Area: 0.0003162622290161901
CentroidX: 0.1065
CentroidY: 0.7434
