Location: 2025-04-18_221216-1.png_Mean-Medain.png
Component: component_1745012174854_377.png
centerX: 0.09422850412249706
centerY: 0.6837826272999572
width: 0.024734982332155476
height: 0.03123662815575524
Area: 0.00032533429295609676
CentroidX: 0.1058
CentroidY: 0.6978
