Location: 2025-04-18_221256-1.png_Mean-Medain.png
Component: component_1745012175110_87.png
centerX: 0.20848056537102475
centerY: 0.14291827128797605
width: 0.03180212014134275
height: 0.03423192126658109
Area: 0.00034171440840315045
CentroidX: 0.2238
CentroidY: 0.1578
