Location: 2025-04-18_221216-1.png_Mean-Medain.png
Component: component_1745012174790_37.png
centerX: 0.1413427561837456
centerY: 0.013264869490800172
width: 0.02591283863368669
height: 0.03209242618741977
Area: 0.00035154247767138264
CentroidX: 0.1537
CentroidY: 0.0274
