Location: 2025-04-18_221216-1.png_Mean-Medain.png
Component: component_1745012174834_266.png
centerX: 0.7438162544169611
centerY: 0.4865211810012837
width: 0.02767962308598351
height: 0.026957637997432605
Area: 0.0002966060904797257
CentroidX: 0.7582
CentroidY: 0.4992
