Location: 2025-04-18_221216-1.png_Mean-Medain.png
Component: component_1745012174807_131.png
centerX: 0.673733804475854
centerY: 0.18528027385537013
width: 0.023557126030624265
height: 0.030380830124090714
Area: 0.000252001776108518
CentroidX: 0.6852
CentroidY: 0.1989
