Location: 2025-04-18_221256-1.png_Mean-Medain.png
Component: component_1745012175079_68.png
centerX: 0.16666666666666666
centerY: 0.10355156183140779
width: 0.02944640753828033
height: 0.028241335044929396
Area: 0.00029030604607701275
CentroidX: 0.1821
CentroidY: 0.1166
