Location: 2025-04-18_221256-1.png_Mean-Medain.png
Component: component_1745012175229_350.png
centerX: 0.4305064782096584
centerY: 0.7103123662815576
width: 0.03180212014134275
height: 0.03594351732991014
Area: 0.0004903954563071761
CentroidX: 0.4458
CentroidY: 0.7260
