Location: 2025-04-18_221237-1.png_Otsu.png
Component: component_1745012175494_372.png
centerX: 0.5353356890459364
centerY: 0.7205819426615319
width: 0.02591283863368669
height: 0.032520325203252036
Area: 0.00033768237998541413
CentroidX: 0.5488
CentroidY: 0.7349
