Location: 2025-04-18_221256-1.png_Mean-Medain.png
Component: component_1745012174992_15.png
centerX: 0.23380447585394581
centerY: 0.0068463842533162175
width: 0.02944640753828033
height: 0.03979460847240052
Area: 0.00033264234446324375
CentroidX: 0.2503
CentroidY: 0.0251
