Location: 2025-04-18_221256-1.png_Gaussian-Median.png
Component: component_1745012175696_270.png
centerX: 0.3133097762073027
centerY: 0.5558408215661104
width: 0.02767962308598351
height: 0.03380402225074882
Area: 0.0003845547103415985
CentroidX: 0.3281
CentroidY: 0.5708
