Location: 2025-04-18_221256-1.png_Gaussian-Median.png
Component: component_1745012175761_388.png
centerX: 0.7031802120141343
centerY: 0.8172871202396235
width: 0.030035335689045935
height: 0.03508771929824561
Area: 0.00042966302826502324
CentroidX: 0.7179
CentroidY: 0.8329
