Location: 2025-04-18_221256-1.png_Mean-Medain.png
Component: component_1745012175132_140.png
centerX: 0.690223792697291
centerY: 0.2682926829268293
width: 0.03180212014134275
height: 0.03209242618741977
Area: 0.00033491036044822043
CentroidX: 0.7056
CentroidY: 0.2828
