Location: 2025-04-18_221256-1.png_Gaussian-Median.png
Component: component_1745012175693_256.png
centerX: 0.6914016489988222
centerY: 0.5104835258878905
width: 0.030035335689045935
height: 0.03209242618741977
Area: 0.0003482664545819719
CentroidX: 0.7067
CentroidY: 0.5248
