Location: 2025-04-18_221237-1.png_Otsu.png
Component: component_1745012175487_361.png
centerX: 0.05418138987043581
centerY: 0.6846384253316218
width: 0.025323910482921083
height: 0.02995293110825845
Area: 0.00031399421303121344
CentroidX: 0.0666
CentroidY: 0.6976
