Location: 2025-04-18_221237-1.png_Otsu.png
Component: component_1745012175485_356.png
centerX: 0.40577149587750294
centerY: 0.6812152332049636
width: 0.028268551236749116
height: 0.03080872913992298
Area: 0.0003202942574339264
CentroidX: 0.4196
CentroidY: 0.6947
