Location: 2025-04-18_221237-1.png_Otsu.png
Component: component_1745012175428_169.png
centerX: 0.5170789163722026
centerY: 0.2866923406076166
width: 0.02120141342756184
height: 0.024390243902439025
Area: 0.00022881761270653435
CentroidX: 0.5278
CentroidY: 0.2979
