Location: 2025-04-18_221237-1.png_Otsu.png
Component: component_1745012175454_247.png
centerX: 0.25500588928150764
centerY: 0.4330338040222507
width: 0.024146054181389872
height: 0.030380830124090714
Area: 0.00030870217573293455
CentroidX: 0.2666
CentroidY: 0.4466
