Location: 2025-04-18_221256-1.png_Gaussian-Median.png
Component: component_1745012175699_274.png
centerX: 0.6007067137809188
centerY: 0.5566966195977749
width: 0.02944640753828033
height: 0.029525032092426188
Area: 0.0003485184563580804
CentroidX: 0.6150
CentroidY: 0.5697
