Location: 2025-04-18_221237-1.png_Otsu.png
Component: component_1745012175439_186.png
centerX: 0.7809187279151943
centerY: 0.31407787762088146
width: 0.02591283863368669
height: 0.026957637997432605
Area: 0.00028501400877873386
CentroidX: 0.7936
CentroidY: 0.3261
