Location: 2025-04-18_221216-1.png_Mean-Medain.png
Component: component_1745012174802_101.png
centerX: 0.9246171967020024
centerY: 0.13906718014548566
width: 0.023557126030624265
height: 0.029525032092426188
Area: 0.0002779579590476954
CentroidX: 0.9354
CentroidY: 0.1522
