Location: 2025-04-18_221256-1.png_Gaussian-Median.png
Component: component_1745012175736_350.png
centerX: 0.48115429917550057
centerY: 0.7115960633290543
width: 0.028857479387514724
height: 0.036371416345742404
Area: 0.00048359140835224607
CentroidX: 0.4950
CentroidY: 0.7280
