Location: 2025-04-18_221216-1.png_Mean-Medain.png
Component: component_1745012174815_174.png
centerX: 0.9057714958775029
centerY: 0.2798459563543004
width: 0.024734982332155476
height: 0.02995293110825845
Area: 0.00023158963224372806
CentroidX: 0.9183
CentroidY: 0.2927
