Location: 2025-04-18_221237-1.png_Otsu.png
Component: component_1745012175429_173.png
centerX: 0.3657243816254417
centerY: 0.2952503209242619
width: 0.024734982332155476
height: 0.028241335044929396
Area: 0.0002809819803609976
CentroidX: 0.3773
CentroidY: 0.3076
