Location: 2025-04-18_221256-1.png_Gaussian-Median.png
Component: component_1745012175736_349.png
centerX: 0.37985865724381623
centerY: 0.711168164313222
width: 0.03356890459363958
height: 0.036371416345742404
Area: 0.0005133276179330512
CentroidX: 0.3970
CentroidY: 0.7274
