Location: 2025-04-18_221216-1.png_Mean-Medain.png
Component: component_1745012174841_302.png
centerX: 0.05653710247349823
centerY: 0.5447154471544715
width: 0.02591283863368669
height: 0.02781343602909713
Area: 0.00030164612600189607
CentroidX: 0.0711
CentroidY: 0.5575
