Location: 2025-04-18_221237-1.png_Otsu.png
Component: component_1745012175472_320.png
centerX: 0.7879858657243817
centerY: 0.6238767650834403
width: 0.02591283863368669
height: 0.03080872913992298
Area: 0.00032987032492605005
CentroidX: 0.8011
CentroidY: 0.6377
