Location: 2025-04-18_221256-1.png_Gaussian-Median.png
Component: component_1745012175626_61.png
centerX: 0.21554770318021202
centerY: 0.10269576379974327
width: 0.030624263839811542
height: 0.026957637997432605
Area: 0.00026812988977946314
CentroidX: 0.2318
CentroidY: 0.1148
