Location: 2025-04-18_221216-1.png_Mean-Medain.png
Component: component_1745012174851_360.png
centerX: 0.7338044758539458
centerY: 0.6559691912708601
width: 0.028268551236749116
height: 0.029097133076593923
Area: 0.00033037432847826713
CentroidX: 0.7470
CentroidY: 0.6689
