Location: 2025-04-18_221256-1.png_Gaussian-Median.png
Component: component_1745012175720_310.png
centerX: 0.09952885747938751
centerY: 0.6084724005134788
width: 0.030624263839811542
height: 0.03465982028241335
Area: 0.0004495711685775961
CentroidX: 0.1145
CentroidY: 0.6245
