Location: 2025-04-18_221237-1.png_Otsu.png
Component: component_1745012175371_10.png
centerX: 0.15312131919905772
centerY: 0.013692768506632435
width: 0.03356890459363958
height: 0.031664527171587506
Area: 0.00036036253983518077
CentroidX: 0.1713
CentroidY: 0.0278
