Location: 2025-04-18_221237-1.png_Otsu.png
Component: component_1745012175444_203.png
centerX: 0.9222614840989399
centerY: 0.3560119811724433
width: 0.024734982332155476
height: 0.026529738981600343
Area: 0.0002756899430627187
CentroidX: 0.9342
CentroidY: 0.3681
