Location: 2025-04-18_221256-1.png_Gaussian-Median.png
Component: component_1745012175727_318.png
centerX: 0.9387514723203769
centerY: 0.6559691912708601
width: 0.030035335689045935
height: 0.032520325203252036
Area: 0.0004377270851004958
CentroidX: 0.9536
CentroidY: 0.6708
