Location: 2025-04-18_221216-1.png_Mean-Medain.png
Component: component_1745012174819_185.png
centerX: 0.5153121319199058
centerY: 0.2901155327342747
width: 0.02944640753828033
height: 0.02781343602909713
Area: 0.00022730560204988325
CentroidX: 0.5298
CentroidY: 0.3019
