Location: 2025-04-18_221216-1.png_Mean-Medain.png
Component: component_1745012174850_352.png
centerX: 0.14782096584216725
centerY: 0.6272999572100985
width: 0.025323910482921083
height: 0.02781343602909713
Area: 0.00022302157185603844
CentroidX: 0.1611
CentroidY: 0.6389
