Location: 2025-04-18_221216-1.png_Mean-Medain.png
Component: component_1745012174820_191.png
centerX: 0.1690223792697291
centerY: 0.3008130081300813
width: 0.02591283863368669
height: 0.02738553701326487
Area: 0.0002698939022122228
CentroidX: 0.1812
CentroidY: 0.3125
