Location: 2025-04-18_221256-1.png_Mean-Medain.png
Component: component_1745012175229_347.png
centerX: 0.9222614840989399
centerY: 0.7068891741548995
width: 0.02767962308598351
height: 0.037227214377406934
Area: 0.0004845994154566801
CentroidX: 0.9356
CentroidY: 0.7241
