Location: 2025-04-18_221256-1.png_Gaussian-Median.png
Component: component_1745012175674_191.png
centerX: 0.1419316843345112
centerY: 0.3722721437740693
width: 0.030624263839811542
height: 0.03337612323491656
Area: 0.0002751859395105017
CentroidX: 0.1571
CentroidY: 0.3870
