Location: 2025-04-18_221256-1.png_Gaussian-Median.png
Component: component_1745012175679_211.png
centerX: 0.13604240282685512
centerY: 0.42276422764227645
width: 0.023557126030624265
height: 0.026957637997432605
Area: 0.000202861429767357
CentroidX: 0.1465
CentroidY: 0.4350
