Location: 2025-04-18_221256-1.png_Gaussian-Median.png
Component: component_1745012175773_413.png
centerX: 0.44228504122497053
centerY: 0.8737697903294822
width: 0.030035335689045935
height: 0.03380402225074882
Area: 0.00045561921120420055
CentroidX: 0.4578
CentroidY: 0.8891
