Location: 2025-04-18_221256-1.png_Mean-Medain.png
Component: component_1745012175068_49.png
centerX: 0.11012956419316844
centerY: 0.0658964484381686
width: 0.03121319199057715
height: 0.029525032092426188
Area: 0.000293834070942532
CentroidX: 0.1266
CentroidY: 0.0802
