Location: 2025-04-18_221237-1.png_Otsu.png
Component: component_1745012175385_36.png
centerX: 0.914605418138987
centerY: 0.05391527599486521
width: 0.021790341578327443
height: 0.02781343602909713
Area: 0.00024116569973585173
CentroidX: 0.9251
CentroidY: 0.0662
