Location: 2025-04-18_221256-1.png_Mean-Medain.png
Component: component_1745012175157_201.png
centerX: 0.05889281507656066
centerY: 0.41762943945228925
width: 0.028268551236749116
height: 0.0329482242190843
Area: 0.0002683818915555717
CentroidX: 0.0736
CentroidY: 0.4319
