Location: 2025-04-18_221256-1.png_Mean-Medain.png
Component: component_1745012175188_221.png
centerX: 0.37161366313309774
centerY: 0.4240479246897732
width: 0.028268551236749116
height: 0.031664527171587506
Area: 0.0002570418116306884
CentroidX: 0.3857
CentroidY: 0.4381
