Location: 2025-04-18_221237-1.png_Otsu.png
Component: component_1745012175471_314.png
centerX: 0.08657243816254417
centerY: 0.5785194694052204
width: 0.03121319199057715
height: 0.030380830124090714
Area: 0.00040799087551969066
CentroidX: 0.1015
CentroidY: 0.5912
