Location: 2025-04-18_221237-1.png_Otsu.png
Component: component_1745012175491_364.png
centerX: 0.8368669022379269
centerY: 0.715875053487377
width: 0.030035335689045935
height: 0.026957637997432605
Area: 0.0003500304670147315
CentroidX: 0.8520
CentroidY: 0.7288
