Location: 2025-04-18_221216-1.png_Mean-Medain.png
Component: component_1745012174809_145.png
centerX: 0.18315665488810365
centerY: 0.21095421480530593
width: 0.022968197879858657
height: 0.02866923406076166
Area: 0.00024116569973585173
CentroidX: 0.1947
CentroidY: 0.2237
