Location: 2025-04-18_221256-1.png_Mean-Medain.png
Component: component_1745012175066_44.png
centerX: 0.4664310954063604
centerY: 0.056910569105691054
width: 0.03356890459363958
height: 0.029525032092426188
Area: 0.00028173798568932313
CentroidX: 0.4835
CentroidY: 0.0705
