Location: 2025-04-18_221256-1.png_Mean-Medain.png
Component: component_1745012175136_158.png
centerX: 0.9699646643109541
centerY: 0.3157894736842105
width: 0.026501766784452298
height: 0.03380402225074882
Area: 0.00029559808337529164
CentroidX: 0.9827
CentroidY: 0.3321
