Location: 2025-04-18_221216-1.png_Mean-Medain.png
Component: component_1745012174852_365.png
centerX: 0.6018845700824499
centerY: 0.6581086863500214
width: 0.025323910482921083
height: 0.029097133076593923
Area: 0.0002835019981220828
CentroidX: 0.6145
CentroidY: 0.6707
