Location: 2025-04-18_221256-1.png_Gaussian-Median.png
Component: component_1745012175754_377.png
centerX: 0.24617196702002356
centerY: 0.7706461275139067
width: 0.03297997644287397
height: 0.031664527171587506
Area: 0.00043999510108547245
CentroidX: 0.2623
CentroidY: 0.7848
