Location: 2025-04-18_221256-1.png_Gaussian-Median.png
Component: component_1745012175743_354.png
centerX: 0.23851590106007067
centerY: 0.7154471544715447
width: 0.032391048292108364
height: 0.03423192126658109
Area: 0.0004843474136805716
CentroidX: 0.2548
CentroidY: 0.7309
