Location: 2025-04-18_221256-1.png_Mean-Medain.png
Component: component_1745012175137_161.png
centerX: 0.8091872791519434
centerY: 0.31664527171587503
width: 0.03356890459363958
height: 0.032520325203252036
Area: 0.00030441814553908977
CentroidX: 0.8257
CentroidY: 0.3314
