Location: 2025-04-18_221216-1.png_Mean-Medain.png
Component: component_1745012174857_395.png
centerX: 0.19493521790341578
centerY: 0.7013264869490801
width: 0.023557126030624265
height: 0.030380830124090714
Area: 0.00030038611712135345
CentroidX: 0.2059
CentroidY: 0.7145
