Location: 2025-04-18_221216-1.png_Mean-Medain.png
Component: component_1745012174880_484.png
centerX: 0.8074204946996466
centerY: 0.8998716302952503
width: 0.030624263839811542
height: 0.038510911424903725
Area: 0.00045864323251750276
CentroidX: 0.8225
CentroidY: 0.9163
