Location: 2025-04-18_221237-1.png_Otsu.png
Component: component_1745012175455_254.png
centerX: 0.699057714958775
centerY: 0.45999144201968334
width: 0.02591283863368669
height: 0.030380830124090714
Area: 0.0003081981721807175
CentroidX: 0.7118
CentroidY: 0.4737
