Location: 2025-04-18_221237-1.png_Otsu.png
Component: component_1745012175496_378.png
centerX: 0.49411071849234395
centerY: 0.7222935387248609
width: 0.023557126030624265
height: 0.030380830124090714
Area: 0.0003316343373588097
CentroidX: 0.5061
CentroidY: 0.7364
