Location: 2025-04-18_221256-1.png_Gaussian-Median.png
Component: component_1745012175608_18.png
centerX: 0.5323910482921084
centerY: 0.009841677364142062
width: 0.02591283863368669
height: 0.031664527171587506
Area: 0.00027392593062995906
CentroidX: 0.5459
CentroidY: 0.0243
