Location: 2025-04-18_221216-1.png_Mean-Medain.png
Component: component_1745012174838_287.png
centerX: 0.9664310954063604
centerY: 0.5263157894736842
width: 0.022968197879858657
height: 0.024818142918271287
Area: 0.00021445351146834882
CentroidX: 0.9774
CentroidY: 0.5375
