Location: 2025-04-18_221237-1.png_Otsu.png
Component: component_1745012175523_418.png
centerX: 0.6224970553592462
centerY: 0.8104407359863073
width: 0.028268551236749116
height: 0.03123662815575524
Area: 0.00035708651674577004
CentroidX: 0.6356
CentroidY: 0.8240
