Location: 2025-04-18_221256-1.png_Gaussian-Median.png
Component: component_1745012175675_197.png
centerX: 0.7638398115429917
centerY: 0.41891313649978607
width: 0.025323910482921083
height: 0.03080872913992298
Area: 0.00022150956119938733
CentroidX: 0.7751
CentroidY: 0.4330
