Location: 2025-04-18_221256-1.png_Mean-Medain.png
Component: component_1745012175132_142.png
centerX: 0.598939929328622
centerY: 0.27043217800599056
width: 0.030624263839811542
height: 0.03465982028241335
Area: 0.00036767059134232776
CentroidX: 0.6141
CentroidY: 0.2862
