Location: 2025-04-18_221256-1.png_Mean-Medain.png
Component: component_1745012175192_240.png
centerX: 0.3027090694935218
centerY: 0.46512623020967053
width: 0.03180212014134275
height: 0.03123662815575524
Area: 0.0002953460815991831
CentroidX: 0.3170
CentroidY: 0.4789
