Location: 2025-04-18_221256-1.png_Gaussian-Median.png
Component: component_1745012175685_233.png
centerX: 0.3027090694935218
centerY: 0.46512623020967053
width: 0.03180212014134275
height: 0.031664527171587506
Area: 0.00029333006739031497
CentroidX: 0.3169
CentroidY: 0.4790
