Location: 2025-04-18_221256-1.png_Mean-Medain.png
Component: component_1745012175221_318.png
centerX: 0.19022379269729092
centerY: 0.6084724005134788
width: 0.03297997644287397
height: 0.03508771929824561
Area: 0.00045914723606971984
CentroidX: 0.2059
CentroidY: 0.6243
