Location: 2025-04-18_221216-1.png_Mean-Medain.png
Component: component_1745012174845_329.png
centerX: 0.09540636042402827
centerY: 0.5836542575952075
width: 0.023557126030624265
height: 0.024818142918271287
Area: 0.00022856561093042584
CentroidX: 0.1075
CentroidY: 0.5946
