Location: 2025-04-18_221256-1.png_Gaussian-Median.png
Component: component_1745012175626_60.png
centerX: 0.425206124852768
centerY: 0.09798887462558836
width: 0.032391048292108364
height: 0.026957637997432605
Area: 0.00033314634801546084
CentroidX: 0.4402
CentroidY: 0.1111
