Location: 2025-04-18_221256-1.png_Gaussian-Median.png
Component: component_1745012175607_14.png
centerX: 0.4287396937573616
centerY: 0.008557980316645272
width: 0.032391048292108364
height: 0.03423192126658109
Area: 0.00033541436400043746
CentroidX: 0.4454
CentroidY: 0.0238
