Location: 2025-04-18_221216-1.png_Mean-Medain.png
Component: component_1745012174794_59.png
centerX: 0.8904593639575972
centerY: 0.05648267008985879
width: 0.027090694935217905
height: 0.02866923406076166
Area: 0.00031424621480732195
CentroidX: 0.9033
CentroidY: 0.0690
