Location: 2025-04-18_221256-1.png_Mean-Medain.png
Component: component_1745012175219_311.png
centerX: 0.911660777385159
centerY: 0.6063329054343175
width: 0.03415783274440518
height: 0.037655113393239195
Area: 0.0005286997262756708
CentroidX: 0.9284
CentroidY: 0.6232
