Location: 2025-04-18_221216-1.png_Mean-Medain.png
Component: component_1745012174802_102.png
centerX: 0.7691401648998822
centerY: 0.13949507916131793
width: 0.026501766784452298
height: 0.03080872913992298
Area: 0.00028451000522651684
CentroidX: 0.7826
CentroidY: 0.1531
