Location: 2025-04-18_221237-1.png_Otsu.png
Component: component_1745012175444_202.png
centerX: 0.04711425206124853
centerY: 0.3418913136499786
width: 0.027090694935217905
height: 0.024818142918271287
Area: 0.00027644594839104425
CentroidX: 0.0593
CentroidY: 0.3527
