Location: 2025-04-18_221237-1.png_Otsu.png
Component: component_1745012175546_499.png
centerX: 0.20906949352179033
centerY: 0.9734702610183996
width: 0.024734982332155476
height: 0.02610183996576808
Area: 0.0002756899430627187
CentroidX: 0.2210
CentroidY: 0.9853
