Location: 2025-04-18_221237-1.png_Otsu.png
Component: component_1745012175454_248.png
centerX: 0.8928150765606596
centerY: 0.45528455284552843
width: 0.024734982332155476
height: 0.032520325203252036
Area: 0.00033793438176152264
CentroidX: 0.9051
CentroidY: 0.4698
