Location: 2025-04-18_221216-1.png_Mean-Medain.png
Component: component_1745012174856_385.png
centerX: 0.7467608951707891
centerY: 0.693196405648267
width: 0.027090694935217905
height: 0.030380830124090714
Area: 0.0003155062236878646
CentroidX: 0.7604
CentroidY: 0.7066
