Location: 2025-04-18_221256-1.png_Mean-Medain.png
Component: component_1745012175194_246.png
centerX: 0.8780918727915195
centerY: 0.46598202824133506
width: 0.02944640753828033
height: 0.028241335044929396
Area: 0.0002920700585097724
CentroidX: 0.8924
CentroidY: 0.4790
