Location: 2025-04-18_221237-1.png_Otsu.png
Component: component_1745012175445_204.png
centerX: 0.958186101295642
centerY: 0.35729567821994007
width: 0.025323910482921083
height: 0.026957637997432605
Area: 0.0002968580922558342
CentroidX: 0.9707
CentroidY: 0.3692
