Location: 2025-04-18_221216-1.png_Mean-Medain.png
Component: component_1745012174790_36.png
centerX: 0.6219081272084805
centerY: 0.012409071459135643
width: 0.02591283863368669
height: 0.03209242618741977
Area: 0.0003555745060891189
CentroidX: 0.6349
CentroidY: 0.0268
