Location: 2025-04-18_221216-1.png_Mean-Medain.png
Component: component_1745012174821_196.png
centerX: 0.9528857479387515
centerY: 0.329482242190843
width: 0.02591283863368669
height: 0.03423192126658109
Area: 0.0003470064457014293
CentroidX: 0.9655
CentroidY: 0.3456
