Location: 2025-04-18_221237-1.png_Otsu.png
Component: component_1745012175542_479.png
centerX: 0.8062426383981154
centerY: 0.9452289259734703
width: 0.024146054181389872
height: 0.03080872913992298
Area: 0.0002885420336442531
CentroidX: 0.8182
CentroidY: 0.9594
