Location: 2025-04-18_221256-1.png_Mean-Medain.png
Component: component_1745012175078_65.png
centerX: 0.37809187279151946
centerY: 0.09798887462558836
width: 0.032391048292108364
height: 0.026957637997432605
Area: 0.0002991261082408109
CentroidX: 0.3946
CentroidY: 0.1106
