Location: 2025-04-18_221256-1.png_Gaussian-Median.png
Component: component_1745012175708_302.png
centerX: 0.2756183745583039
centerY: 0.6063329054343175
width: 0.035924617196702
height: 0.03551561831407788
Area: 0.0005160996374702449
CentroidX: 0.2942
CentroidY: 0.6227
