Location: 2025-04-18_221256-1.png_Mean-Medain.png
Component: component_1745012175122_106.png
centerX: 0.4458186101295642
centerY: 0.17928968763371844
width: 0.03415783274440518
height: 0.03423192126658109
Area: 0.00044276712062266615
CentroidX: 0.4624
CentroidY: 0.1955
