Location: 2025-04-18_221256-1.png_Mean-Medain.png
Component: component_1745012175144_188.png
centerX: 0.48586572438162545
centerY: 0.36970474967907574
width: 0.02944640753828033
height: 0.031664527171587506
Area: 0.00028476200700262535
CentroidX: 0.4999
CentroidY: 0.3842
