Location: 2025-04-18_221237-1.png_Otsu.png
Component: component_1745012175459_280.png
centerX: 0.48468786808009423
centerY: 0.5224646983311938
width: 0.028857479387514724
height: 0.03465982028241335
Area: 0.0004228589803100932
CentroidX: 0.5002
CentroidY: 0.5377
