Location: 2025-04-18_221237-1.png_Otsu.png
Component: component_1745012175451_229.png
centerX: 0.8115429917550059
centerY: 0.41335044929396664
width: 0.02944640753828033
height: 0.028241335044929396
Area: 0.00030290613488243864
CentroidX: 0.8261
CentroidY: 0.4259
