Location: 2025-04-18_221256-1.png_Gaussian-Median.png
Component: component_1745012175731_329.png
centerX: 0.196113074204947
centerY: 0.6593923833975182
width: 0.034746760895170786
height: 0.037227214377406934
Area: 0.0005188716570074385
CentroidX: 0.2137
CentroidY: 0.6769
