Location: 2025-04-18_221256-1.png_Mean-Medain.png
Component: component_1745012175254_394.png
centerX: 0.43286219081272087
centerY: 0.8181429182712879
width: 0.03121319199057715
height: 0.03380402225074882
Area: 0.0004654472804724328
CentroidX: 0.4486
CentroidY: 0.8339
