Location: 2025-04-18_221256-1.png_Mean-Medain.png
Component: component_1745012175234_361.png
centerX: 0.1896348645465253
centerY: 0.7171587505348738
width: 0.03297997644287397
height: 0.03380402225074882
Area: 0.00047451934441233943
CentroidX: 0.2061
CentroidY: 0.7326
