Location: 2025-04-18_221256-1.png_Mean-Medain.png
Component: component_1745012175058_32.png
centerX: 0.9316843345111896
centerY: 0.04535729567821994
width: 0.03121319199057715
height: 0.03123662815575524
Area: 0.00029459007627085753
CentroidX: 0.9467
CentroidY: 0.0604
