Location: 2025-04-18_221237-1.png_Otsu.png
Component: component_1745012175394_64.png
centerX: 0.5176678445229682
centerY: 0.10355156183140779
width: 0.028857479387514724
height: 0.025673940949935817
Area: 0.00021294150081169772
CentroidX: 0.5317
CentroidY: 0.1151
