Location: 2025-04-18_221216-1.png_Mean-Medain.png
Component: component_1745012174863_425.png
centerX: 0.7161366313309776
centerY: 0.7903294822421908
width: 0.023557126030624265
height: 0.029097133076593923
Area: 0.000272917923525525
CentroidX: 0.7289
CentroidY: 0.8034
