Location: 2025-04-18_221256-1.png_Mean-Medain.png
Component: component_1745012175222_321.png
centerX: 0.7773851590106007
centerY: 0.6546854942233633
width: 0.026501766784452298
height: 0.03209242618741977
Area: 0.00040799087551969066
CentroidX: 0.7902
CentroidY: 0.6687
