Location: 2025-04-18_221256-1.png_Gaussian-Median.png
Component: component_1745012175705_295.png
centerX: 0.8150765606595995
centerY: 0.6033376123234917
width: 0.03121319199057715
height: 0.03936670945656825
Area: 0.0005284477244995623
CentroidX: 0.8301
CentroidY: 0.6211
