Location: 2025-04-18_221237-1.png_Otsu.png
Component: component_1745012175452_233.png
centerX: 0.6071849234393404
centerY: 0.41805733846812154
width: 0.027090694935217905
height: 0.02866923406076166
Area: 0.0002940860727186405
CentroidX: 0.6205
CentroidY: 0.4310
