Location: 2025-04-18_221216-1.png_Mean-Medain.png
Component: component_1745012174860_411.png
centerX: 0.4275618374558304
centerY: 0.733846812152332
width: 0.024146054181389872
height: 0.029525032092426188
Area: 0.000287030022987602
CentroidX: 0.4400
CentroidY: 0.7470
