Location: 2025-04-18_221256-1.png_Mean-Medain.png
Component: component_1745012175128_127.png
centerX: 0.36042402826855124
centerY: 0.22849807445442877
width: 0.03121319199057715
height: 0.0329482242190843
Area: 0.0003825386961327303
CentroidX: 0.3757
CentroidY: 0.2435
