Location: 2025-04-18_221216-1.png_Mean-Medain.png
Component: component_1745012174811_156.png
centerX: 0.6277974087161367
centerY: 0.2374839537869063
width: 0.023557126030624265
height: 0.029097133076593923
Area: 0.00022831360915431733
CentroidX: 0.6390
CentroidY: 0.2509
