Location: 2025-04-18_221256-1.png_Gaussian-Median.png
Component: component_1745012175673_187.png
centerX: 0.901060070671378
centerY: 0.37056054771074026
width: 0.03121319199057715
height: 0.02781343602909713
Area: 0.0002459537334819136
CentroidX: 0.9164
CentroidY: 0.3833
