Location: 2025-04-18_221216-1.png_Mean-Medain.png
Component: component_1745012174838_288.png
centerX: 0.7744405182567726
centerY: 0.5271715875053488
width: 0.024734982332155476
height: 0.031664527171587506
Area: 0.00036842659667065336
CentroidX: 0.7870
CentroidY: 0.5414
