Location: 2025-04-18_221256-1.png_Mean-Medain.png
Component: component_1745012175131_138.png
centerX: 0.7921083627797408
centerY: 0.2635857937526744
width: 0.03356890459363958
height: 0.03380402225074882
Area: 0.0003475104492536463
CentroidX: 0.8075
CentroidY: 0.2789
