Location: 2025-04-18_221237-1.png_Otsu.png
Component: component_1745012175457_265.png
centerX: 0.044169611307420496
centerY: 0.47881899871630296
width: 0.024734982332155476
height: 0.028241335044929396
Area: 0.000287030022987602
CentroidX: 0.0562
CentroidY: 0.4917
