Location: 2025-04-18_221256-1.png_Gaussian-Median.png
Component: component_1745012175673_185.png
centerX: 0.3168433451118963
centerY: 0.37098844672657255
width: 0.030035335689045935
height: 0.03209242618741977
Area: 0.000272413919973308
CentroidX: 0.3312
CentroidY: 0.3851
