Location: 2025-04-18_221216-1.png_Mean-Medain.png
Component: component_1745012174883_500.png
centerX: 0.3498233215547703
centerY: 0.9507916131792897
width: 0.03297997644287397
height: 0.03380402225074882
Area: 0.0004941754829488038
CentroidX: 0.3654
CentroidY: 0.9650
