Location: 2025-04-18_221256-1.png_Gaussian-Median.png
Component: component_1745012175665_158.png
centerX: 0.5412249705535924
centerY: 0.32135216089002994
width: 0.03180212014134275
height: 0.03209242618741977
Area: 0.0002759419448388272
CentroidX: 0.5559
CentroidY: 0.3357
