Location: 2025-04-18_221216-1.png_Mean-Medain.png
Component: component_1745012174798_81.png
centerX: 0.9199057714958775
centerY: 0.0975609756097561
width: 0.025323910482921083
height: 0.0329482242190843
Area: 0.0002966060904797257
CentroidX: 0.9322
CentroidY: 0.1120
