Location: 2025-04-18_221256-1.png_Gaussian-Median.png
Component: component_1745012175689_245.png
centerX: 0.34393404004711425
centerY: 0.5083440308087291
width: 0.030624263839811542
height: 0.03465982028241335
Area: 0.0003903507511920944
CentroidX: 0.3584
CentroidY: 0.5241
