Location: 2025-04-18_221256-1.png_Mean-Medain.png
Component: component_1745012175096_75.png
centerX: 0.9004711425206124
centerY: 0.1292255027813436
width: 0.03415783274440518
height: 0.03123662815575524
Area: 0.0003318863391349182
CentroidX: 0.9184
CentroidY: 0.1427
