Location: 2025-04-18_221237-1.png_Otsu.png
Component: component_1745012175546_498.png
centerX: 0.12249705535924617
centerY: 0.9734702610183996
width: 0.02591283863368669
height: 0.02610183996576808
Area: 0.00026334185603340133
CentroidX: 0.1357
CentroidY: 0.9855
