Location: 2025-04-18_221216-1.png_Mean-Medain.png
Component: component_1745012174826_222.png
centerX: 0.8798586572438163
centerY: 0.38682071031236626
width: 0.02767962308598351
height: 0.029525032092426188
Area: 0.000279721971480455
CentroidX: 0.8942
CentroidY: 0.4002
