Location: 2025-04-18_221256-1.png_Mean-Medain.png
Component: component_1745012175239_371.png
centerX: 0.5653710247349824
centerY: 0.7655113393239196
width: 0.028268551236749116
height: 0.031664527171587506
Area: 0.00043167904247389135
CentroidX: 0.5799
CentroidY: 0.7799
