Location: 2025-04-18_221237-1.png_Otsu.png
Component: component_1745012175523_421.png
centerX: 0.37338044758539457
centerY: 0.8168592212237912
width: 0.026501766784452298
height: 0.031664527171587506
Area: 0.000329366321373833
CentroidX: 0.3876
CentroidY: 0.8308
