Location: 2025-04-18_221216-1.png_Mean-Medain.png
Component: component_1745012174831_249.png
centerX: 0.7102473498233216
centerY: 0.43431750106974754
width: 0.02944640753828033
height: 0.02866923406076166
Area: 0.000328862317821616
CentroidX: 0.7253
CentroidY: 0.4470
