Location: 2025-04-18_221216-1.png_Mean-Medain.png
Component: component_1745012174859_405.png
centerX: 0.9104829210836278
centerY: 0.7291399229781772
width: 0.025323910482921083
height: 0.029525032092426188
Area: 0.0002782099608238039
CentroidX: 0.9235
CentroidY: 0.7423
