Location: 2025-04-18_221216-1.png_Mean-Medain.png
Component: component_1745012174848_342.png
centerX: 0.657243816254417
centerY: 0.6178861788617886
width: 0.024146054181389872
height: 0.02866923406076166
Area: 0.00028451000522651684
CentroidX: 0.6689
CentroidY: 0.6305
