Location: 2025-04-18_221216-1.png_Mean-Medain.png
Component: component_1745012174869_458.png
centerX: 0.9787985865724381
centerY: 0.8421052631578947
width: 0.0176678445229682
height: 0.029097133076593923
Area: 0.0002590578258395565
CentroidX: 0.9870
CentroidY: 0.8555
