Location: 2025-04-18_221216-1.png_Mean-Medain.png
Component: component_1745012174796_67.png
centerX: 0.13898704358068315
centerY: 0.06247325631151048
width: 0.027090694935217905
height: 0.028241335044929396
Area: 0.0002920700585097724
CentroidX: 0.1524
CentroidY: 0.0752
