Location: 2025-04-18_221216-1.png_Mean-Medain.png
Component: component_1745012174828_232.png
centerX: 0.20082449941107186
centerY: 0.3940949935815148
width: 0.02591283863368669
height: 0.02866923406076166
Area: 0.00026913789688389725
CentroidX: 0.2142
CentroidY: 0.4071
