Location: 2025-04-18_221216-1.png_Mean-Medain.png
Component: component_1745012174868_456.png
centerX: 0.6207302709069493
centerY: 0.842533162173727
width: 0.025323910482921083
height: 0.03508771929824561
Area: 0.00033264234446324375
CentroidX: 0.6332
CentroidY: 0.8585
