Location: 2025-04-18_221237-1.png_Otsu.png
Component: component_1745012175439_183.png
centerX: 0.8975265017667845
centerY: 0.3123662815575524
width: 0.028857479387514724
height: 0.02610183996576808
Area: 0.0002862740176592765
CentroidX: 0.9121
CentroidY: 0.3240
