Location: 2025-04-18_221237-1.png_Otsu.png
Component: component_1745012175472_319.png
centerX: 0.7037691401648999
centerY: 0.6243046640992725
width: 0.02591283863368669
height: 0.02866923406076166
Area: 0.00029333006739031497
CentroidX: 0.7172
CentroidY: 0.6370
