Location: 2025-04-18_221256-1.png_Mean-Medain.png
Component: component_1745012175145_191.png
centerX: 0.10070671378091872
centerY: 0.37098844672657255
width: 0.030035335689045935
height: 0.03209242618741977
Area: 0.000286526019435385
CentroidX: 0.1156
CentroidY: 0.3852
