Location: 2025-04-18_221256-1.png_Gaussian-Median.png
Component: component_1745012175627_64.png
centerX: 0.061837455830388695
centerY: 0.10654685494223363
width: 0.03121319199057715
height: 0.03123662815575524
Area: 0.00030693816330017496
CentroidX: 0.0771
CentroidY: 0.1218
