Location: 2025-04-18_221237-1.png_Otsu.png
Component: component_1745012175439_182.png
centerX: 0.8209658421672555
centerY: 0.3127941805733847
width: 0.024734982332155476
height: 0.02610183996576808
Area: 0.0002784619625999124
CentroidX: 0.8330
CentroidY: 0.3249
