Location: 2025-04-18_221237-1.png_Otsu.png
Component: component_1745012175459_278.png
centerX: 0.7014134275618374
centerY: 0.5186136071887034
width: 0.024734982332155476
height: 0.029525032092426188
Area: 0.0002892980389725787
CentroidX: 0.7143
CentroidY: 0.5314
