Location: 2025-04-18_221237-1.png_Otsu.png
Component: component_1745012175512_404.png
centerX: 0.1855123674911661
centerY: 0.7749251176722294
width: 0.028268551236749116
height: 0.026529738981600343
Area: 0.00026636587734670355
CentroidX: 0.2006
CentroidY: 0.7863
