Location: 2025-04-18_221256-1.png_Mean-Medain.png
Component: component_1745012175238_370.png
centerX: 0.8215547703180212
centerY: 0.7642276422764228
width: 0.02767962308598351
height: 0.03080872913992298
Area: 0.00040622686308693106
CentroidX: 0.8358
CentroidY: 0.7783
