Location: 2025-04-18_221237-1.png_Otsu.png
Component: component_1745012175524_424.png
centerX: 0.28209658421672557
centerY: 0.8207103123662816
width: 0.028268551236749116
height: 0.03337612323491656
Area: 0.0003339023533437864
CentroidX: 0.2961
CentroidY: 0.8354
