Location: 2025-04-18_221256-1.png_Gaussian-Median.png
Component: component_1745012175618_39.png
centerX: 0.3663133097762073
centerY: 0.057766367137355584
width: 0.032391048292108364
height: 0.03209242618741977
Area: 0.0002918180567336639
CentroidX: 0.3846
CentroidY: 0.0726
