Location: 2025-04-18_221237-1.png_Otsu.png
Component: component_1745012175411_97.png
centerX: 0.9575971731448764
centerY: 0.1728712023962345
width: 0.01884570082449941
height: 0.02396234488660676
Area: 5.342437653500582e-05
CentroidX: 0.9667
CentroidY: 0.1850
