Location: 2025-04-18_221237-1.png_Otsu.png
Component: component_1745012175411_99.png
centerX: 0.944640753828033
centerY: 0.17458279845956354
width: 0.012367491166077738
height: 0.013692768506632435
Area: 4.233629838623102e-05
CentroidX: 0.9487
CentroidY: 0.1820
