Location: 2025-04-18_221256-1.png_Mean-Medain.png
Component: component_1745012175236_366.png
centerX: 0.8610129564193169
centerY: 0.7637997432605905
width: 0.028268551236749116
height: 0.029525032092426188
Area: 0.00040194283289308623
CentroidX: 0.8752
CentroidY: 0.7771
