Location: Dedata_34.png_Mean-Medain.png
Component: component_1755501829384_187.png
centerX: 0.6066102378073358
centerY: 0.514114627887083
width: 0.041515517936316
height: 0.033361847733105215
Area: 0.0005531632652240288
CentroidX: 0.6314
CentroidY: 0.5285
