Location: internet_3.png_Mean-Medain.png
Component: component_1755094757513_57.png
centerX: 0.19750100765820233
centerY: 0.13230681494154548
width: 0.0471584038694075
height: 0.03706871970345024
Area: 0.000549830264041503
CentroidX: 0.2229
CentroidY: 0.1493
