Location: Dedata_34.png_Mean-Closing.png
Component: component_1755501829206_131.png
centerX: 0.46594115276098347
centerY: 0.3775306529797548
width: 0.04554615074566707
height: 0.030795551753635585
Area: 0.0006077555259722968
CentroidX: 0.4909
CentroidY: 0.3909
