Location: Dedata_34.png_Mean-Medain.png
Component: component_1755501829361_96.png
centerX: 0.32849657396211207
centerY: 0.24836042201311662
width: 0.04030632809351068
height: 0.03136583974907328
Area: 0.0005625876133953087
CentroidX: 0.3503
CentroidY: 0.2622
