Location: internet_3.png_Gaussian-Closing.png
Component: component_1755094757051_91.png
centerX: 0.6336154776299879
centerY: 0.2209865982321072
width: 0.04393389762192664
height: 0.031080695751354435
Area: 0.00042869291071797786
CentroidX: 0.6577
CentroidY: 0.2353
