Location: Dedata_34.png_Mean-Closing.png
Component: component_1755501829201_110.png
centerX: 0.1946795646916566
centerY: 0.3307670373538637
width: 0.04312777106005643
height: 0.031080695751354435
Area: 0.0005966072116721241
CentroidX: 0.2190
CentroidY: 0.3442
