Location: Dedata_34.png_Gaussian-Closing.png
Component: component_1755501829074_180.png
centerX: 0.07335751713018944
centerY: 0.5146849158825206
width: 0.04675534058847239
height: 0.031080695751354435
Area: 0.0005204079087750681
CentroidX: 0.0996
CentroidY: 0.5281
