Location: internet_3.png_Mean-Closing.png
Component: component_1755094757232_284.png
centerX: 0.012898024989923419
centerY: 0.7037353863701169
width: 0.04030632809351068
height: 0.03421727972626176
Area: 0.0004965022451210897
CentroidX: 0.0332
CentroidY: 0.7217
