Location: Dedata_34.png_Mean-Medain.png
Component: component_1755501829396_240.png
centerX: 0.01007658202337767
centerY: 0.6578272027373824
width: 0.04675534058847239
height: 0.034787567721699456
Area: 0.000560633785115897
CentroidX: 0.0373
CentroidY: 0.6728
