Location: internet_3.png_Gaussian-Closing.png
Component: component_1755094757054_104.png
centerX: 0.8299072954453849
centerY: 0.2743085258055318
width: 0.041112454655380895
height: 0.032506415739948676
Area: 0.000440186018243929
CentroidX: 0.8518
CentroidY: 0.2889
