Location: internet_3.png_Gaussian-Closing.png
Component: component_1755094757119_247.png
centerX: 0.27972591696896415
centerY: 0.7005988023952096
width: 0.037081821846029824
height: 0.03279155973766752
Area: 0.0004170848721167672
CentroidX: 0.2995
CentroidY: 0.7169
