Location: Dedata_34.png_Gaussian-Closing.png
Component: component_1755501829074_179.png
centerX: 0.4280532043530834
centerY: 0.5126889078984888
width: 0.044740024183796856
height: 0.031936127744510975
Area: 0.0005338548445804309
CentroidX: 0.4514
CentroidY: 0.5281
