Location: Dedata_34.png_Gaussian-Median.png
Component: component_1755501828802_1.png
centerX: 0.015316404675534058
centerY: 0.005417735956658112
width: 0.04353083434099154
height: 0.03307670373538637
Area: 0.0005694834779108795
CentroidX: 0.0412
CentroidY: 0.0209
