Location: internet_3.png_Gaussian-Closing.png
Component: component_1755094757085_205.png
centerX: 0.8117694478033051
centerY: 0.5808383233532934
width: 0.042724707779121324
height: 0.031936127744510975
Area: 0.00045455240265136797
CentroidX: 0.8349
CentroidY: 0.5949
