Location: Dedata_34.png_Gaussian-Median.png
Component: component_1755501828828_108.png
centerX: 0.3305118903667876
centerY: 0.29227259766181923
width: 0.041112454655380895
height: 0.03051040775591674
Area: 0.0005319010163010192
CentroidX: 0.3544
CentroidY: 0.3053
