Location: internet_3.png_Gaussian-Closing.png
Component: component_1755094757052_97.png
centerX: 0.26158806932688433
centerY: 0.23353293413173654
width: 0.032648125755743655
height: 0.036213287710293696
Area: 0.00047834313523008684
CentroidX: 0.2796
CentroidY: 0.2515
