Location: Dedata_34.png_Gaussian-Median.png
Component: component_1755501828855_200.png
centerX: 0.32043530834340994
centerY: 0.5594525235243798
width: 0.04514308746473196
height: 0.03222127174222983
Area: 0.0005492556086652054
CentroidX: 0.3444
CentroidY: 0.5743
