Location: Dedata_34.png_Gaussian-Closing.png
Component: component_1755501829088_219.png
centerX: 0.5066505441354293
centerY: 0.6084972911320217
width: 0.04433696090286175
height: 0.030795551753635585
Area: 0.00048627337942299314
CentroidX: 0.5310
CentroidY: 0.6220
