Location: Dedata_34.png_Gaussian-Closing.png
Component: component_1755501829084_200.png
centerX: 0.44417573559048773
centerY: 0.5600228115198175
width: 0.04353083434099154
height: 0.03364699173082407
Area: 0.0005585650257612259
CentroidX: 0.4669
CentroidY: 0.5753
