Location: internet_3.png_Gaussian-Closing.png
Component: component_1755094757066_155.png
centerX: 0.7464731962918179
centerY: 0.4305674365554605
width: 0.04070939137444579
height: 0.031080695751354435
Area: 0.0003608835763148661
CentroidX: 0.7683
CentroidY: 0.4458
