Location: Dedata_34.png_Mean-Closing.png
Component: component_1755501829250_255.png
centerX: 0.7573559048770657
centerY: 0.7567721699458226
width: 0.03990326481257558
height: 0.03649843170801255
Area: 0.0005176495629688397
CentroidX: 0.7777
CentroidY: 0.7735
