Location: internet_3.png_Mean-Closing.png
Component: component_1755094757216_200.png
centerX: 0.9149536477226925
centerY: 0.4833190761334474
width: 0.03788794840790004
height: 0.03022526375819789
Area: 0.00036444643964791095
CentroidX: 0.9360
CentroidY: 0.4976
