Location: Dedata_34.png_Gaussian-Median.png
Component: component_1755501828845_159.png
centerX: 0.6396614268440145
centerY: 0.4251497005988024
width: 0.04393389762192664
height: 0.029654975762760195
Area: 0.0005514392990951362
CentroidX: 0.6645
CentroidY: 0.4380
