Location: Dedata_34.png_Mean-Medain.png
Component: component_1755501829376_151.png
centerX: 0.2724707779121322
centerY: 0.4205873966353008
width: 0.05038291011688835
height: 0.03222127174222983
Area: 0.0006402810202707386
CentroidX: 0.3008
CentroidY: 0.4345
