Location: Dedata_34.png_Gaussian-Closing.png
Component: component_1755501829055_138.png
centerX: 0.5856509471987102
centerY: 0.38095238095238093
width: 0.04917372027408303
height: 0.031080695751354435
Area: 0.0006141916661868294
CentroidX: 0.6121
CentroidY: 0.3948
