Location: internet_3.png_Mean-Medain.png
Component: component_1755094757511_52.png
centerX: 0.010479645304312777
centerY: 0.12974051896207583
width: 0.051592099959693674
height: 0.03992015968063872
Area: 0.000625569842637521
CentroidX: 0.0388
CentroidY: 0.1488
