Location: internet_3.png_Gaussian-Closing.png
Component: component_1755094757061_130.png
centerX: 0.19991938734381298
centerY: 0.34473909324208724
width: 0.04353083434099154
height: 0.03364699173082407
Area: 0.00047937751490742243
CentroidX: 0.2226
CentroidY: 0.3608
