Location: internet_3.png_Mean-Medain.png
Component: component_1755094757824_218.png
centerX: 0.9201934703748489
centerY: 0.5814086113487311
width: 0.03990326481257558
height: 0.033361847733105215
Area: 0.0004512194014688421
CentroidX: 0.9425
CentroidY: 0.5963
