Location: internet_3.png_Gaussian-Closing.png
Component: component_1755094757056_109.png
centerX: 0.5219669488109633
centerY: 0.28001140575990874
width: 0.04917372027408303
height: 0.03307670373538637
Area: 0.0005255798071617461
CentroidX: 0.5483
CentroidY: 0.2964
