Location: Dedata_34.png_Mean-Closing.png
Component: component_1755501829190_73.png
centerX: 0.2809351068117695
centerY: 0.20216709438266325
width: 0.05038291011688835
height: 0.030795551753635585
Area: 0.000585573828447211
CentroidX: 0.3094
CentroidY: 0.2151
