Location: internet_3.png_Gaussian-Closing.png
Component: component_1755094757110_222.png
centerX: 0.6904474002418379
centerY: 0.6390076988879384
width: 0.039500201531640466
height: 0.03279155973766752
Area: 0.000429842221470573
CentroidX: 0.7112
CentroidY: 0.6548
