Location: internet_3.png_Gaussian-Closing.png
Component: component_1755094757043_54.png
centerX: 0.9294639258363563
centerY: 0.12403763900769889
width: 0.04433696090286175
height: 0.036213287710293696
Area: 0.0005245454274844105
CentroidX: 0.9551
CentroidY: 0.1409
