Location: Dedata_34.png_Gaussian-Closing.png
Component: component_1755501829021_47.png
centerX: 0.9294639258363563
centerY: 0.14884516680923868
width: 0.03829101168883515
height: 0.03222127174222983
Area: 0.0005614383026427137
CentroidX: 0.9513
CentroidY: 0.1631
