Location: internet_3.png_Mean-Closing.png
Component: component_1755094757202_140.png
centerX: 0.3264812575574365
centerY: 0.28885086968919305
width: 0.04232164449818621
height: 0.03307670373538637
Area: 0.0005063863175934077
CentroidX: 0.3487
CentroidY: 0.3052
