Location: internet_3.png_Mean-Closing.png
Component: component_1755094757190_79.png
centerX: 0.3808948004836759
centerY: 0.07812945537496435
width: 0.0471584038694075
height: 0.03450242372398061
Area: 0.0005481062979126103
CentroidX: 0.4080
CentroidY: 0.0938
