Location: Dedata_34.png_Gaussian-Median.png
Component: component_1755501828828_110.png
centerX: 0.20233776702942363
centerY: 0.2925577416595381
width: 0.04232164449818621
height: 0.029369831765041345
Area: 0.0005967221427473837
CentroidX: 0.2262
CentroidY: 0.3054
