Location: Dedata_34.png_Mean-Closing.png
Component: component_1755501829199_102.png
centerX: 0.3945989520354696
centerY: 0.2917023096663815
width: 0.044740024183796856
height: 0.032506415739948676
Area: 0.0006066062152197016
CentroidX: 0.4210
CentroidY: 0.3053
