Location: internet_3.png_Gaussian-Closing.png
Component: component_1755094757047_72.png
centerX: 0.8734381297863765
centerY: 0.16966067864271456
width: 0.041112454655380895
height: 0.03421727972626176
Area: 0.0004252449784601925
CentroidX: 0.8959
CentroidY: 0.1863
