Location: Dedata_34.png_Gaussian-Closing.png
Component: component_1755501829020_41.png
centerX: 0.6058041112454655
centerY: 0.10407755916737953
width: 0.04312777106005643
height: 0.03165098374679213
Area: 0.0005515542301703957
CentroidX: 0.6293
CentroidY: 0.1182
