Location: internet_3.png_Mean-Medain.png
Component: component_1755094757783_131.png
centerX: 0.9012494961708988
centerY: 0.37553464499572287
width: 0.03909713825070536
height: 0.032506415739948676
Area: 0.000400190004053619
CentroidX: 0.9221
CentroidY: 0.3902
