Location: Dedata_34.png_Mean-Closing.png
Component: component_1755501829233_220.png
centerX: 0.15074566706972994
centerY: 0.611633875106929
width: 0.044740024183796856
height: 0.03136583974907328
Area: 0.0005224766681297393
CentroidX: 0.1748
CentroidY: 0.6259
