Location: internet_3.png_Mean-Closing.png
Component: component_1755094757207_160.png
centerX: 0.32567513099556633
centerY: 0.3450242372398061
width: 0.03869407496977025
height: 0.03022526375819789
Area: 0.000564426510599461
CentroidX: 0.3472
CentroidY: 0.3589
