Location: internet_3.png_Mean-Closing.png
Component: component_1755094757229_269.png
centerX: 0.7920193470374849
centerY: 0.6897633304818933
width: 0.03829101168883515
height: 0.03165098374679213
Area: 0.0004529433675977348
CentroidX: 0.8124
CentroidY: 0.7040
