Location: internet_3.png_Gaussian-Median.png
Component: component_1755094757332_170.png
centerX: 0.7525191455058444
centerY: 0.4836042201311662
width: 0.03829101168883515
height: 0.033361847733105215
Area: 0.0004252449784601925
CentroidX: 0.7728
CentroidY: 0.4990
