Location: Dedata_34.png_Gaussian-Median.png
Component: component_1755501828869_232.png
centerX: 0.6904474002418379
centerY: 0.6535500427715997
width: 0.046352277307537285
height: 0.03307670373538637
Area: 0.0005236259788823344
CentroidX: 0.7157
CentroidY: 0.6686
