Location: Dedata_34.png_Gaussian-Median.png
Component: component_1755501828849_175.png
centerX: 0.07940346634421604
centerY: 0.4699173082406615
width: 0.049979846835953246
height: 0.03022526375819789
Area: 0.0005110984916790476
CentroidX: 0.1087
CentroidY: 0.4821
