Location: internet_3.png_Mean-Closing.png
Component: component_1755094757214_194.png
centerX: 0.32365981459089077
centerY: 0.4411177644710579
width: 0.04191858121725111
height: 0.02765896777872826
Area: 0.00036180302491694216
CentroidX: 0.3463
CentroidY: 0.4532
