Location: internet_3.png_Gaussian-Median.png
Component: component_1755094757308_71.png
centerX: 0.3853284965739621
centerY: 0.18391787852865696
width: 0.03990326481257558
height: 0.03279155973766752
Area: 0.0004561614377050011
CentroidX: 0.4075
CentroidY: 0.1996
