Location: internet_3.png_Gaussian-Median.png
Component: component_1755094757319_120.png
centerX: 0.4502216848045143
centerY: 0.3367550613059595
width: 0.03990326481257558
height: 0.031936127744510975
Area: 0.0005078804215717813
CentroidX: 0.4707
CentroidY: 0.3523
