Location: Paraklitoni_1720_page_10.png_Mean-Medain.png
Component: component_1755610055541_2141.png
centerX: 0.6387195121951219
centerY: 0.780952380952381
width: 0.01600609756097561
height: 0.014035087719298246
Area: 0.00011881838743199462
CentroidX: 0.6464
CentroidY: 0.7875
