Location: Dedata_34.png_Mean-Medain.png
Component: component_1755501829387_203.png
centerX: 0.32043530834340994
centerY: 0.5594525235243798
width: 0.04514308746473196
height: 0.03222127174222983
Area: 0.0005617830958684922
CentroidX: 0.3445
CentroidY: 0.5741
