Location: internet_3.png_Mean-Closing.png
Component: component_1755094757185_60.png
centerX: 0.3893591293833132
centerY: 0.017964071856287425
width: 0.05280128980249899
height: 0.045337895637296836
Area: 0.0006418900553243717
CentroidX: 0.4181
CentroidY: 0.0398
