Location: internet_3.png_Mean-Medain.png
Component: component_1755094757506_36.png
centerX: 0.6823861346231358
centerY: 0.07613344739093242
width: 0.04353083434099154
height: 0.037639007698887936
Area: 0.0005158106657646876
CentroidX: 0.7061
CentroidY: 0.0938
