Location: Dedata_34.png_Mean-Medain.png
Component: component_1755501829353_83.png
centerX: 0.014107214832728738
centerY: 0.2067293983461648
width: 0.04353083434099154
height: 0.0290846877673225
Area: 0.0005629324066210873
CentroidX: 0.0374
CentroidY: 0.2194
