Location: internet_3.png_Gaussian-Closing.png
Component: component_1755094757039_37.png
centerX: 0.920596533655784
centerY: 0.07442258340461934
width: 0.04917372027408303
height: 0.04020530367835757
Area: 0.0005570709217828522
CentroidX: 0.9482
CentroidY: 0.0927
