Location: internet_3.png_Mean-Medain.png
Component: component_1755094757522_82.png
centerX: 0.9411527609834744
centerY: 0.2155688622754491
width: 0.037484885126964934
height: 0.033361847733105215
Area: 0.00046167812931745766
CentroidX: 0.9614
CentroidY: 0.2324
