Location: internet_3.png_Gaussian-Closing.png
Component: component_1755094757055_105.png
centerX: 0.7694478033051189
centerY: 0.27516395779868835
width: 0.0471584038694075
height: 0.039635015682919876
Area: 0.0005292576015700504
CentroidX: 0.7958
CentroidY: 0.2936
