Location: internet_3.png_Gaussian-Closing.png
Component: component_1755094757060_127.png
centerX: 0.38694074969770254
centerY: 0.3393213572854291
width: 0.04353083434099154
height: 0.03450242372398061
Area: 0.0005489108154394269
CentroidX: 0.4103
CentroidY: 0.3558
