Location: internet_3.png_Gaussian-Median.png
Component: component_1755094757299_33.png
centerX: 0.1894397420395002
centerY: 0.07727402338180782
width: 0.0471584038694075
height: 0.040490447676076416
Area: 0.0005633921309221254
CentroidX: 0.2156
CentroidY: 0.0961
