Location: Dedata_34.png_Mean-Closing.png
Component: component_1755501829202_111.png
centerX: 0.07335751713018944
centerY: 0.33219275734245796
width: 0.04232164449818621
height: 0.03364699173082407
Area: 0.0005553469556539596
CentroidX: 0.0977
CentroidY: 0.3454
