Location: internet_3.png_Gaussian-Closing.png
Component: component_1755094757112_228.png
centerX: 0.5727529222087868
centerY: 0.6407185628742516
width: 0.03990326481257558
height: 0.031936127744510975
Area: 0.0004435190194264549
CentroidX: 0.5952
CentroidY: 0.6559
