Location: Dedata_34.png_Gaussian-Closing.png
Component: component_1755501829068_161.png
centerX: 0.34099153567110035
centerY: 0.46706586826347307
width: 0.04836759371221282
height: 0.030795551753635585
Area: 0.0005618980269437517
CentroidX: 0.3677
CentroidY: 0.4813
