Location: Kurtxevani_1794_page_10.png_Mean-Medain.png
Component: component_1755610055067_2246.png
centerX: 0.734073641145529
centerY: 0.7082415160863816
width: 0.027469316189362946
height: 0.0246804759806082
Area: 0.00030523465848105444
CentroidX: 0.7480
CentroidY: 0.7199
