Location: Dedata_34.png_Gaussian-Closing.png
Component: component_1755501829054_136.png
centerX: 0.7069729947601774
centerY: 0.37867122897063016
width: 0.05078597339782346
height: 0.028514399771884802
Area: 0.0005231662545812963
CentroidX: 0.7353
CentroidY: 0.3909
