Location: Dedata_34.png_Gaussian-Median.png
Component: component_1755501828826_100.png
centerX: 0.826279725916969
centerY: 0.2865697177074423
width: 0.04070939137444579
height: 0.032506415739948676
Area: 0.0006022388343598403
CentroidX: 0.8483
CentroidY: 0.3013
