Location: Dedata_34.png_Mean-Closing.png
Component: component_1755501829180_43.png
centerX: 0.016928657799274487
centerY: 0.10493299116053607
width: 0.03909713825070536
height: 0.031080695751354435
Area: 0.0003569759197560427
CentroidX: 0.0376
CentroidY: 0.1194
