Location: internet_3.png_Mean-Closing.png
Component: component_1755094757236_302.png
centerX: 0.05804111245465538
centerY: 0.7493584260051326
width: 0.037081821846029824
height: 0.02879954376960365
Area: 0.0003975465893226503
CentroidX: 0.0784
CentroidY: 0.7632
