Location: internet_3.png_Mean-Closing.png
Component: component_1755094757190_81.png
centerX: 0.8653768641676743
centerY: 0.1217564870259481
width: 0.04514308746473196
height: 0.03592814371257485
Area: 0.0005092595944748954
CentroidX: 0.8919
CentroidY: 0.1382
