Location: internet_3.png_Mean-Medain.png
Component: component_1755094757819_197.png
centerX: 0.012091898428053204
centerY: 0.5454804676361562
width: 0.041112454655380895
height: 0.03279155973766752
Area: 0.0004963873140458302
CentroidX: 0.0338
CentroidY: 0.5610
