Location: Dedata_34.png_Gaussian-Closing.png
Component: component_1755501829085_209.png
centerX: 0.6259572752922209
centerY: 0.6047904191616766
width: 0.041515517936316
height: 0.03136583974907328
Area: 0.0004886869320034428
CentroidX: 0.6499
CentroidY: 0.6184
