Location: Dedata_34.png_Mean-Medain.png
Component: component_1755501829382_180.png
centerX: 0.3127771060056429
centerY: 0.5104077559167379
width: 0.04393389762192664
height: 0.03364699173082407
Area: 0.0005940787280164149
CentroidX: 0.3372
CentroidY: 0.5257
