Location: Dedata_34.png_Gaussian-Closing.png
Component: component_1755501829025_65.png
centerX: 0.675130995566304
centerY: 0.19617907043056743
width: 0.045949214026602174
height: 0.03222127174222983
Area: 0.000569828271136658
CentroidX: 0.7010
CentroidY: 0.2094
