Location: internet_3.png_Mean-Closing.png
Component: component_1755094757193_94.png
centerX: 0.25070536074163646
centerY: 0.13259195893926431
width: 0.04554615074566707
height: 0.036213287710293696
Area: 0.000494548416841678
CentroidX: 0.2758
CentroidY: 0.1501
