Location: Dedata_34.png_Gaussian-Closing.png
Component: component_1755501829011_15.png
centerX: 0.28133817009270456
centerY: 0.0510407755916738
width: 0.04070939137444579
height: 0.03022526375819789
Area: 0.0004135220087837224
CentroidX: 0.3047
CentroidY: 0.0646
