Location: Dedata_34.png_Gaussian-Median.png
Component: component_1755501828881_276.png
centerX: 0.25957275292220877
centerY: 0.7644710578842315
width: 0.0475614671503426
height: 0.036213287710293696
Area: 0.0005083401458728194
CentroidX: 0.2862
CentroidY: 0.7806
