Location: internet_3.png_Gaussian-Median.png
Component: component_1755094757347_255.png
centerX: 0.18702136235388955
centerY: 0.6464214428286285
width: 0.045949214026602174
height: 0.033932135728542916
Area: 0.00046466633727420496
CentroidX: 0.2122
CentroidY: 0.6621
