Location: Dedata_34.png_Gaussian-Median.png
Component: component_1755501828817_57.png
centerX: 0.34260378879484077
centerY: 0.15255203877958368
width: 0.04353083434099154
height: 0.03307670373538637
Area: 0.0005429343995259323
CentroidX: 0.3671
CentroidY: 0.1672
