Location: Dedata_34.png_Mean-Medain.png
Component: component_1755501829371_131.png
centerX: 0.5183393792825474
centerY: 0.3373253493013972
width: 0.04070939137444579
height: 0.03022526375819789
Area: 0.0006020089722093212
CentroidX: 0.5405
CentroidY: 0.3511
