Location: Dedata_34.png_Mean-Closing.png
Component: component_1755501829252_266.png
centerX: 0.13905683192261184
centerY: 0.7644710578842315
width: 0.044740024183796856
height: 0.030795551753635585
Area: 0.0005079953526470408
CentroidX: 0.1637
CentroidY: 0.7788
