Location: Dedata_34.png_Gaussian-Median.png
Component: component_1755501828827_107.png
centerX: 0.07537283353486497
centerY: 0.29227259766181923
width: 0.046352277307537285
height: 0.030795551753635585
Area: 0.0006135020797352723
CentroidX: 0.1013
CentroidY: 0.3061
