Location: Dedata_34.png_Mean-Medain.png
Component: component_1755501829406_262.png
centerX: 0.13663845223700122
centerY: 0.7100085543199316
width: 0.03869407496977025
height: 0.03649843170801255
Area: 0.0005413253644722992
CentroidX: 0.1566
CentroidY: 0.7261
