Location: Dedata_34.png_Mean-Medain.png
Component: component_1755501829357_87.png
centerX: 0.8105602579604998
centerY: 0.24208725406330198
width: 0.05199516324062878
height: 0.03136583974907328
Area: 0.0006611984759679697
CentroidX: 0.8394
CentroidY: 0.2553
