Location: internet_3.png_Gaussian-Median.png
Component: component_1755094757306_57.png
centerX: 0.7541313986295849
centerY: 0.16937553464499572
width: 0.039500201531640466
height: 0.03450242372398061
Area: 0.0004817910674878722
CentroidX: 0.7752
CentroidY: 0.1862
