Location: Dedata_34.png_Gaussian-Closing.png
Component: component_1755501829085_204.png
centerX: 0.6839983877468763
centerY: 0.5631593954947248
width: 0.041112454655380895
height: 0.029369831765041345
Area: 0.0004289227728684969
CentroidX: 0.7089
CentroidY: 0.5753
