Location: internet_3.png_Mean-Closing.png
Component: component_1755094757214_193.png
centerX: 0.26360338573155984
centerY: 0.44083262047333904
width: 0.039500201531640466
height: 0.031080695751354435
Area: 0.00038639827502247765
CentroidX: 0.2844
CentroidY: 0.4555
