Location: Dedata_34.png_Gaussian-Median.png
Component: component_1755501828812_37.png
centerX: 0.4752116082224909
centerY: 0.1003706871970345
width: 0.04070939137444579
height: 0.0290846877673225
Area: 0.0004584600592101913
CentroidX: 0.4980
CentroidY: 0.1134
