Location: Dedata_34.png_Gaussian-Median.png
Component: component_1755501828808_19.png
centerX: 0.40064490124949614
centerY: 0.05332192757342458
width: 0.03829101168883515
height: 0.028514399771884802
Area: 0.00033973625846711597
CentroidX: 0.4241
CentroidY: 0.0650
