Location: internet_3.png_Gaussian-Median.png
Component: component_1755094757308_69.png
centerX: 0.31761386537686415
centerY: 0.18306244653550044
width: 0.04393389762192664
height: 0.035357855717137156
Area: 0.0004878824144766263
CentroidX: 0.3421
CentroidY: 0.1997
