Location: internet_3.png_Gaussian-Closing.png
Component: component_1755094757055_106.png
centerX: 0.7073760580411125
centerY: 0.2754491017964072
width: 0.04836759371221282
height: 0.033361847733105215
Area: 0.000500180039529394
CentroidX: 0.7338
CentroidY: 0.2909
