Location: internet_3.png_Mean-Medain.png
Component: component_1755094757779_127.png
centerX: 0.19991938734381298
centerY: 0.34473909324208724
width: 0.04353083434099154
height: 0.03364699173082407
Area: 0.0005091446633996359
CentroidX: 0.2228
CentroidY: 0.3609
