Location: internet_3.png_Gaussian-Median.png
Component: component_1755094757292_6.png
centerX: 0.7218863361547763
centerY: 0.014827487881380098
width: 0.06287787182587666
height: 0.04847447961220416
Area: 0.000709354596501705
CentroidX: 0.7557
CentroidY: 0.0369
