Location: Dedata_34.png_Gaussian-Closing.png
Component: component_1755501829046_116.png
centerX: 0.837968561064087
centerY: 0.33361847733105215
width: 0.04554615074566707
height: 0.03022526375819789
Area: 0.0006264892912395971
CentroidX: 0.8642
CentroidY: 0.3466
