Location: Dedata_34.png_Mean-Medain.png
Component: component_1755501829341_31.png
centerX: 0.6013704151551794
centerY: 0.06102081551183348
width: 0.03869407496977025
height: 0.03222127174222983
Area: 0.000394558381365903
CentroidX: 0.6234
CentroidY: 0.0750
