Location: internet_3.png_Mean-Closing.png
Component: component_1755094757197_117.png
centerX: 0.7593712212817413
centerY: 0.2172797262617622
width: 0.045949214026602174
height: 0.031080695751354435
Area: 0.00047363096114444686
CentroidX: 0.7856
CentroidY: 0.2312
