Location: Dedata_34.png_Gaussian-Closing.png
Component: component_1755501829061_151.png
centerX: 0.6964933494558646
centerY: 0.4234388366124893
width: 0.04836759371221282
height: 0.029654975762760195
Area: 0.0005766092045769691
CentroidX: 0.7229
CentroidY: 0.4370
