Location: internet_3.png_Mean-Medain.png
Component: component_1755094757757_112.png
centerX: 0.013704151551793631
centerY: 0.2956943256344454
width: 0.037081821846029824
height: 0.034787567721699456
Area: 0.00046455140619894547
CentroidX: 0.0329
CentroidY: 0.3126
