Location: internet_3.png_Gaussian-Closing.png
Component: component_1755094757109_219.png
centerX: 0.07496977025392987
centerY: 0.5930995152552039
width: 0.041112454655380895
height: 0.03307670373538637
Area: 0.0004508746082430636
CentroidX: 0.0960
CentroidY: 0.6091
