Location: Dedata_34.png_Mean-Closing.png
Component: component_1755501829171_3.png
centerX: 0.14590890769850867
centerY: 0.007698887938408896
width: 0.04675534058847239
height: 0.031080695751354435
Area: 0.0006462574361842332
CentroidX: 0.1717
CentroidY: 0.0218
