Location: Dedata_34.png_Gaussian-Closing.png
Component: component_1755501829063_158.png
centerX: 0.40467553405884726
centerY: 0.46535500427716
width: 0.04393389762192664
height: 0.0290846877673225
Area: 0.0005017890745830271
CentroidX: 0.4290
CentroidY: 0.4780
