Location: Dedata_34.png_Mean-Closing.png
Component: component_1755501829180_40.png
centerX: 0.5437323659814591
centerY: 0.10407755916737953
width: 0.041112454655380895
height: 0.03051040775591674
Area: 0.0004830553093157268
CentroidX: 0.5670
CentroidY: 0.1176
