Location: internet_3.png_Mean-Closing.png
Component: component_1755094757210_172.png
centerX: 0.3889560661023781
centerY: 0.3900769888793841
width: 0.039500201531640466
height: 0.03022526375819789
Area: 0.0004115681805043107
CentroidX: 0.4103
CentroidY: 0.4043
