Location: internet_3.png_Mean-Medain.png
Component: component_1755094757521_79.png
centerX: 0.01007658202337767
centerY: 0.18762475049900199
width: 0.045949214026602174
height: 0.03649843170801255
Area: 0.0005583351636107069
CentroidX: 0.0357
CentroidY: 0.2042
