Location: internet_3.png_Mean-Closing.png
Component: component_1755094757196_112.png
centerX: 0.13865376864167675
centerY: 0.18619903051040776
width: 0.04232164449818621
height: 0.03450242372398061
Area: 0.0005091446633996359
CentroidX: 0.1624
CentroidY: 0.2023
