Location: Dedata_34.png_Mean-Closing.png
Component: component_1755501829220_174.png
centerX: 0.25110842402257155
centerY: 0.5112631879098944
width: 0.04514308746473196
height: 0.033932135728542916
Area: 0.0005558066799549976
CentroidX: 0.2754
CentroidY: 0.5266
