Location: Dedata_34.png_Gaussian-Median.png
Component: component_1755501828887_307.png
centerX: 0.6287787182587666
centerY: 0.8671228970630168
width: 0.03909713825070536
height: 0.02737382378100941
Area: 0.00036076864523960656
CentroidX: 0.6503
CentroidY: 0.8789
