Location: Samociqulo_1709_page_10.png_Gaussian-Median.png
Component: component_1755610056262_2678.png
centerX: 0.4122850122850123
centerY: 0.65125
width: 0.026535626535626536
height: 0.0165625
Area: 0.00019487100737100737
CentroidX: 0.4259
CentroidY: 0.6582
