Location: internet_3.png_Mean-Medain.png
Component: component_1755094757530_100.png
centerX: 0.7690447400241838
centerY: 0.27516395779868835
width: 0.0471584038694075
height: 0.039635015682919876
Area: 0.0005485660222136484
CentroidX: 0.7957
CentroidY: 0.2934
