Location: Dedata_34.png_Gaussian-Median.png
Component: component_1755501828827_103.png
centerX: 0.13784764207980654
centerY: 0.28970630168234957
width: 0.044740024183796856
height: 0.03022526375819789
Area: 0.0006372928123139913
CentroidX: 0.1634
CentroidY: 0.3031
