Location: Dedata_34.png_Mean-Medain.png
Component: component_1755501829358_89.png
centerX: 0.4369205965336558
centerY: 0.24379811804961504
width: 0.04433696090286175
height: 0.03136583974907328
Area: 0.0006054569044671066
CentroidX: 0.4610
CentroidY: 0.2571
