Location: Dedata_34.png_Gaussian-Median.png
Component: component_1755501828838_148.png
centerX: 0.2724707779121322
centerY: 0.4205873966353008
width: 0.05038291011688835
height: 0.03222127174222983
Area: 0.0006205128753261025
CentroidX: 0.3007
CentroidY: 0.4345
