Location: internet_3.png_Gaussian-Median.png
Component: component_1755094757346_250.png
centerX: 0.5727529222087868
centerY: 0.6407185628742516
width: 0.03990326481257558
height: 0.03279155973766752
Area: 0.00045156419469462067
CentroidX: 0.5953
CentroidY: 0.6561
