Location: internet_3.png_Gaussian-Closing.png
Component: component_1755094757038_36.png
centerX: 0.8037081821846029
centerY: 0.07385229540918163
width: 0.04796453043127771
height: 0.03592814371257485
Area: 0.0005430493306011918
CentroidX: 0.8311
CentroidY: 0.0903
