Location: Dedata_34.png_Mean-Medain.png
Component: component_1755501829336_12.png
centerX: 0.8174123337363967
centerY: 0.01140575990875392
width: 0.045949214026602174
height: 0.033361847733105215
Area: 0.0005446583656548249
CentroidX: 0.8440
CentroidY: 0.0260
