Location: Dedata_34.png_Gaussian-Median.png
Component: component_1755501828818_63.png
centerX: 0.7303506650544136
centerY: 0.15711434274308525
width: 0.0475614671503426
height: 0.03022526375819789
Area: 0.0005324756716773168
CentroidX: 0.7572
CentroidY: 0.1703
