Location: internet_3.png_Gaussian-Closing.png
Component: component_1755094757116_242.png
centerX: 0.6920596533655784
centerY: 0.6946107784431138
width: 0.03466344216041919
height: 0.027944111776447105
Area: 0.00037869789298009037
CentroidX: 0.7114
CentroidY: 0.7077
