Location: internet_3.png_Mean-Medain.png
Component: component_1755094757822_199.png
centerX: 0.3941958887545345
centerY: 0.5454804676361562
width: 0.03667875856509472
height: 0.02765896777872826
Area: 0.00039570769211849806
CentroidX: 0.4141
CentroidY: 0.5575
