Location: internet_3.png_Mean-Medain.png
Component: component_1755094757825_220.png
centerX: 0.7005239822652156
centerY: 0.5822640433418876
width: 0.039500201531640466
height: 0.031936127744510975
Area: 0.00044972529749046845
CentroidX: 0.7211
CentroidY: 0.5974
