Location: internet_3.png_Mean-Closing.png
Component: component_1755094757191_86.png
centerX: 0.6303909713825071
centerY: 0.12717422298260622
width: 0.04514308746473196
height: 0.03792415169660679
Area: 0.000540176053719704
CentroidX: 0.6550
CentroidY: 0.1450
