Location: Kurtxevani_1794_page_10.png_Mean-Medain.png
Component: component_1755610054856_1015.png
centerX: 0.3471654003506721
centerY: 0.28162185985015425
width: 0.017533606078316773
height: 0.016747465843984136
Area: 0.00015274612023566693
CentroidX: 0.3553
CentroidY: 0.2891
