Location: Dedata_34.png_Mean-Medain.png
Component: component_1755501829389_210.png
centerX: 0.14066908504635228
centerY: 0.5608782435129741
width: 0.04433696090286175
height: 0.03507271171941831
Area: 0.0006033881451124354
CentroidX: 0.1631
CentroidY: 0.5779
