Location: internet_3.png_Gaussian-Closing.png
Component: component_1755094757064_147.png
centerX: 0.32567513099556633
centerY: 0.39093242087254065
width: 0.041515517936316
height: 0.03450242372398061
Area: 0.00044501312340482853
CentroidX: 0.3487
CentroidY: 0.4066
