Location: Dedata_34.png_Gaussian-Closing.png
Component: component_1755501829061_152.png
centerX: 0.8270858524788391
centerY: 0.4234388366124893
width: 0.05199516324062878
height: 0.029940119760479042
Area: 0.0005501750572672815
CentroidX: 0.8552
CentroidY: 0.4368
