Location: internet_3.png_Gaussian-Median.png
Component: component_1755094757334_175.png
centerX: 0.4550584441757356
centerY: 0.48731109210151125
width: 0.04353083434099154
height: 0.03279155973766752
Area: 0.0004111084562032726
CentroidX: 0.4791
CentroidY: 0.5022
