Location: internet_3.png_Gaussian-Median.png
Component: component_1755094757350_270.png
centerX: 0.5368802902055623
centerY: 0.6983176504134588
width: 0.04312777106005643
height: 0.03165098374679213
Area: 0.00042363594340655937
CentroidX: 0.5597
CentroidY: 0.7136
