Location: Kurtxevani_1764_page_10.png_Otsu.png
Component: component_1755610055964_1524.png
centerX: 0.7805825242718447
centerY: 0.6286248830682881
width: 0.02330097087378641
height: 0.021047708138447148
Area: 0.0003381559150038902
CentroidX: 0.7922
CentroidY: 0.6385
