Location: internet_3.png_Gaussian-Closing.png
Component: component_1755094757110_224.png
centerX: 0.7529222087867795
centerY: 0.6392928428856572
width: 0.04070939137444579
height: 0.030795551753635585
Area: 0.0004070858685691897
CentroidX: 0.7753
CentroidY: 0.6536
