Location: internet_3.png_Mean-Medain.png
Component: component_1755094757833_257.png
centerX: 0.7432486900443369
centerY: 0.6906187624750499
width: 0.039500201531640466
height: 0.02879954376960365
Area: 0.000424900185234414
CentroidX: 0.7653
CentroidY: 0.7038
