Location: Dedata_34.png_Mean-Medain.png
Component: component_1755501829349_65.png
centerX: 0.6658605401047965
centerY: 0.15654405474764757
width: 0.04554615074566707
height: 0.030795551753635585
Area: 0.0005187988737214349
CentroidX: 0.6918
CentroidY: 0.1699
