Location: Dedata_34.png_Gaussian-Median.png
Component: component_1755501828887_306.png
centerX: 0.32567513099556633
centerY: 0.866837753065298
width: 0.037484885126964934
height: 0.029654975762760195
Area: 0.00035180402136936466
CentroidX: 0.3468
CentroidY: 0.8806
