Location: internet_3.png_Mean-Medain.png
Component: component_1755094757517_72.png
centerX: 0.4437726723095526
centerY: 0.18249215854006273
width: 0.03829101168883515
height: 0.03165098374679213
Area: 0.00043570370630880806
CentroidX: 0.4650
CentroidY: 0.1973
