Location: internet_3.png_Mean-Medain.png
Component: component_1755094757773_119.png
centerX: 0.7654171704957679
centerY: 0.32763045337895635
width: 0.03990326481257558
height: 0.03364699173082407
Area: 0.0005153509414636496
CentroidX: 0.7867
CentroidY: 0.3441
