Location: internet_3.png_Mean-Medain.png
Component: component_1755094757810_180.png
centerX: 0.26279725916968966
centerY: 0.49272882805816937
width: 0.03909713825070536
height: 0.03279155973766752
Area: 0.0004107636629774941
CentroidX: 0.2836
CentroidY: 0.5079
