Location: internet_3.png_Gaussian-Closing.png
Component: component_1755094757068_161.png
centerX: 0.4514308746473196
centerY: 0.43741089250071286
width: 0.04070939137444579
height: 0.027944111776447105
Area: 0.0003220368728771512
CentroidX: 0.4733
CentroidY: 0.4499
