Location: internet_3.png_Gaussian-Closing.png
Component: component_1755094757044_55.png
centerX: 0.7456670697299476
centerY: 0.12574850299401197
width: 0.04070939137444579
height: 0.033932135728542916
Area: 0.0005071908351202242
CentroidX: 0.7671
CentroidY: 0.1415
