Location: internet_3.png_Gaussian-Median.png
Component: component_1755094757318_117.png
centerX: 0.5767835550181378
centerY: 0.3324779013401768
width: 0.03990326481257558
height: 0.032506415739948676
Area: 0.0004965022451210897
CentroidX: 0.5984
CentroidY: 0.3476
