Location: Dedata_34.png_Gaussian-Closing.png
Component: component_1755501829101_266.png
centerX: 0.0769850866586054
centerY: 0.763615625891075
width: 0.045949214026602174
height: 0.03307670373538637
Area: 0.00048340010254150533
CentroidX: 0.1034
CentroidY: 0.7777
