Location: internet_3.png_Gaussian-Closing.png
Component: component_1755094757081_199.png
centerX: 0.1309955663039097
centerY: 0.5463358996293128
width: 0.039500201531640466
height: 0.0290846877673225
Area: 0.0003845593778183255
CentroidX: 0.1528
CentroidY: 0.5597
