Location: internet_3.png_Mean-Closing.png
Component: component_1755094757220_220.png
centerX: 0.5203546956872229
centerY: 0.5397775876817793
width: 0.037484885126964934
height: 0.031080695751354435
Area: 0.00039869590007524536
CentroidX: 0.5405
CentroidY: 0.5544
