Location: internet_3.png_Gaussian-Median.png
Component: component_1755094757306_59.png
centerX: 0.9298669891172914
centerY: 0.16994582264043342
width: 0.04433696090286175
height: 0.03706871970345024
Area: 0.0005069609729697052
CentroidX: 0.9540
CentroidY: 0.1868
