Location: internet_3.png_Gaussian-Median.png
Component: component_1755094757325_140.png
centerX: 0.38855300282144295
centerY: 0.3900769888793841
width: 0.03990326481257558
height: 0.03022526375819789
Area: 0.00040076465942991656
CentroidX: 0.4102
CentroidY: 0.4044
