Location: internet_3.png_Gaussian-Closing.png
Component: component_1755094757072_175.png
centerX: 0.6968964127367997
centerY: 0.4844596521243228
width: 0.03426037887948408
height: 0.03364699173082407
Area: 0.0003592745412612329
CentroidX: 0.7158
CentroidY: 0.5012
