Location: internet_3.png_Gaussian-Closing.png
Component: component_1755094757116_241.png
centerX: 0.7432486900443369
centerY: 0.6909039064727688
width: 0.039500201531640466
height: 0.028514399771884802
Area: 0.00040869490362282286
CentroidX: 0.7653
CentroidY: 0.7039
