Location: Dedata_34.png_Gaussian-Median.png
Component: component_1755501828828_109.png
centerX: 0.5731559854897219
centerY: 0.2919874536641004
width: 0.04433696090286175
height: 0.031936127744510975
Area: 0.0005767241356522286
CentroidX: 0.5984
CentroidY: 0.3058
