Location: internet_3.png_Gaussian-Closing.png
Component: component_1755094757082_200.png
centerX: 0.19266424828698106
centerY: 0.5463358996293128
width: 0.04070939137444579
height: 0.029940119760479042
Area: 0.00041570569921365306
CentroidX: 0.2152
CentroidY: 0.5604
