Location: Dedata_34.png_Mean-Closing.png
Component: component_1755501829206_132.png
centerX: 0.6465135026199114
centerY: 0.3775306529797548
width: 0.045949214026602174
height: 0.03364699173082407
Area: 0.0006163753566167602
CentroidX: 0.6727
CentroidY: 0.3913
