Location: internet_3.png_Gaussian-Closing.png
Component: component_1755094757066_151.png
centerX: 0.9032648125755743
centerY: 0.42600513259195893
width: 0.04312777106005643
height: 0.03364699173082407
Area: 0.00038432951566780646
CentroidX: 0.9263
CentroidY: 0.4419
