Location: internet_3.png_Gaussian-Closing.png
Component: component_1755094757091_209.png
centerX: 0.7597742845626764
centerY: 0.5825491873396065
width: 0.03869407496977025
height: 0.03022526375819789
Area: 0.0004317960497499847
CentroidX: 0.7800
CentroidY: 0.5969
