Location: Dedata_34.png_Mean-Medain.png
Component: component_1755501829372_134.png
centerX: 0.3280935106811769
centerY: 0.37524950099800397
width: 0.04433696090286175
height: 0.032506415739948676
Area: 0.0006148812526383865
CentroidX: 0.3524
CentroidY: 0.3902
