Location: internet_3.png_Gaussian-Closing.png
Component: component_1755094757044_56.png
centerX: 0.6852075775896815
centerY: 0.12660393498716851
width: 0.046352277307537285
height: 0.03450242372398061
Area: 0.0005117880781306046
CentroidX: 0.7114
CentroidY: 0.1432
