Location: internet_3.png_Gaussian-Closing.png
Component: component_1755094757111_226.png
centerX: 0.9560661023780733
centerY: 0.6401482748788138
width: 0.032245062474808545
height: 0.032506415739948676
Area: 0.0004360484995345866
CentroidX: 0.9726
CentroidY: 0.6566
