Location: Dedata_34.png_Mean-Closing.png
Component: component_1755501829182_50.png
centerX: 0.28053204353083433
centerY: 0.14998574280011406
width: 0.041515517936316
height: 0.031080695751354435
Area: 0.0005319010163010192
CentroidX: 0.3037
CentroidY: 0.1635
