Location: Dedata_34.png_Gaussian-Closing.png
Component: component_1755501829101_265.png
centerX: 0.3200322450624748
centerY: 0.7627601938979185
width: 0.0471584038694075
height: 0.035642999714856
Area: 0.0005087998701738574
CentroidX: 0.3464
CentroidY: 0.7779
