Location: internet_3.png_Mean-Medain.png
Component: component_1755094757805_172.png
centerX: 0.958484482063684
centerY: 0.4833190761334474
width: 0.03305118903667876
height: 0.03279155973766752
Area: 0.0004359335684593271
CentroidX: 0.9767
CentroidY: 0.4985
