Location: Dedata_34.png_Gaussian-Median.png
Component: component_1755501828882_281.png
centerX: 0.44619105199516323
centerY: 0.8132306814941546
width: 0.04232164449818621
height: 0.03165098374679213
Area: 0.00046156319824219817
CentroidX: 0.4696
CentroidY: 0.8268
