Location: internet_3.png_Mean-Closing.png
Component: component_1755094757201_137.png
centerX: 0.5219669488109633
centerY: 0.2802965497576276
width: 0.04917372027408303
height: 0.03279155973766752
Area: 0.0005423597441496348
CentroidX: 0.5482
CentroidY: 0.2964
