Location: Dedata_34.png_Gaussian-Closing.png
Component: component_1755501829095_236.png
centerX: 0.26279725916968966
centerY: 0.6623895067008839
width: 0.046352277307537285
height: 0.03022526375819789
Area: 0.0004936289682396019
CentroidX: 0.2885
CentroidY: 0.6759
