Location: Dedata_34.png_Mean-Medain.png
Component: component_1755501829367_115.png
centerX: 0.013301088270858524
centerY: 0.29369831765041343
width: 0.04312777106005643
height: 0.029940119760479042
Area: 0.0006474067469368283
CentroidX: 0.0376
CentroidY: 0.3063
