Location: Dedata_34.png_Gaussian-Median.png
Component: component_1755501828878_265.png
centerX: 0.5691253526803708
centerY: 0.7576276019389792
width: 0.0471584038694075
height: 0.03450242372398061
Area: 0.00046259757791953376
CentroidX: 0.5960
CentroidY: 0.7730
