Location: internet_3.png_Gaussian-Closing.png
Component: component_1755094757043_52.png
centerX: 0.8653768641676743
centerY: 0.12204163102366695
width: 0.04514308746473196
height: 0.035642999714856
Area: 0.0004970769004973872
CentroidX: 0.8918
CentroidY: 0.1381
