Location: internet_3.png_Mean-Medain.png
Component: component_1755094757836_261.png
centerX: 0.5872632003224506
centerY: 0.6983176504134588
width: 0.04030632809351068
height: 0.029940119760479042
Area: 0.00039363893276382687
CentroidX: 0.6094
CentroidY: 0.7119
