Location: internet_3.png_Mean-Closing.png
Component: component_1755094757185_57.png
centerX: 0.4558645707376058
centerY: 0.016823495865412035
width: 0.054816606207174524
height: 0.04590818363273453
Area: 0.0006348792597335415
CentroidX: 0.4861
CentroidY: 0.0384
