Location: internet_3.png_Mean-Closing.png
Component: component_1755094757218_212.png
centerX: 0.06892382103990327
centerY: 0.49786142001710865
width: 0.041112454655380895
height: 0.03051040775591674
Area: 0.0003631821978200563
CentroidX: 0.0913
CentroidY: 0.5120
