Location: Dedata_34.png_Gaussian-Closing.png
Component: component_1755501829088_220.png
centerX: 0.07819427650141073
centerY: 0.6093527231251782
width: 0.053607416364369206
height: 0.03364699173082407
Area: 0.0005712074440397721
CentroidX: 0.1061
CentroidY: 0.6245
