Location: internet_3.png_Mean-Closing.png
Component: component_1755094757217_206.png
centerX: 0.39177750906892383
centerY: 0.48902195608782434
width: 0.04353083434099154
height: 0.03307670373538637
Area: 0.0004339797401799154
CentroidX: 0.4160
CentroidY: 0.5039
