Location: Dedata_34.png_Mean-Medain.png
Component: component_1755501829379_162.png
centerX: 0.6396614268440145
centerY: 0.4251497005988024
width: 0.04393389762192664
height: 0.029654975762760195
Area: 0.0005662654078036132
CentroidX: 0.6646
CentroidY: 0.4379
