Location: internet_3.png_Gaussian-Closing.png
Component: component_1755094757075_182.png
centerX: 0.13301088270858524
centerY: 0.4958654120330767
width: 0.04030632809351068
height: 0.03051040775591674
Area: 0.00034249460427334424
CentroidX: 0.1561
CentroidY: 0.5104
