Location: internet_3.png_Mean-Closing.png
Component: component_1755094757199_123.png
centerX: 0.3861346231358323
centerY: 0.23125178214998574
width: 0.04554615074566707
height: 0.035357855717137156
Area: 0.0005416701576980776
CentroidX: 0.4091
CentroidY: 0.2486
