Location: internet_3.png_Gaussian-Closing.png
Component: component_1755094757037_29.png
centerX: 0.4558645707376058
centerY: 0.01710863986313088
width: 0.054816606207174524
height: 0.04562303963501568
Area: 0.000619938219949805
CentroidX: 0.4861
CentroidY: 0.0386
