Location: internet_3.png_Mean-Medain.png
Component: component_1755094757825_223.png
centerX: 0.38331318016928656
centerY: 0.5848303393213573
width: 0.039500201531640466
height: 0.03222127174222983
Area: 0.000490066104906557
CentroidX: 0.4042
CentroidY: 0.6000
