Location: Dedata_34.png_Mean-Medain.png
Component: component_1755501829350_71.png
centerX: 0.675130995566304
centerY: 0.19617907043056743
width: 0.045949214026602174
height: 0.03222127174222983
Area: 0.0005860335527482491
CentroidX: 0.7011
CentroidY: 0.2092
