Location: internet_3.png_Mean-Closing.png
Component: component_1755094757224_240.png
centerX: 0.5787988714228134
centerY: 0.5848303393213573
width: 0.03869407496977025
height: 0.033932135728542916
Area: 0.00047822820415482735
CentroidX: 0.5986
CentroidY: 0.6004
