Location: internet_3.png_Gaussian-Closing.png
Component: component_1755094757061_132.png
centerX: 0.32567513099556633
centerY: 0.3450242372398061
width: 0.03869407496977025
height: 0.029940119760479042
Area: 0.0005282232218927148
CentroidX: 0.3473
CentroidY: 0.3589
