Location: Dedata_34.png_Gaussian-Closing.png
Component: component_1755501829063_159.png
centerX: 0.2736799677549375
centerY: 0.4662104362703165
width: 0.04675534058847239
height: 0.029369831765041345
Area: 0.0005454628831816416
CentroidX: 0.2995
CentroidY: 0.4796
