Location: Dedata_34.png_Mean-Closing.png
Component: component_1755501829177_28.png
centerX: 0.6654574768238614
centerY: 0.06016538351867693
width: 0.03909713825070536
height: 0.031936127744510975
Area: 0.0003881222411513703
CentroidX: 0.6876
CentroidY: 0.0749
