Location: Dedata_34.png_Mean-Closing.png
Component: component_1755501829187_64.png
centerX: 0.675130995566304
centerY: 0.19617907043056743
width: 0.045949214026602174
height: 0.03222127174222983
Area: 0.000585573828447211
CentroidX: 0.7011
CentroidY: 0.2092
