Location: Dedata_34.png_Gaussian-Median.png
Component: component_1755501828882_280.png
centerX: 0.06932688432083838
centerY: 0.8132306814941546
width: 0.039500201531640466
height: 0.033361847733105215
Area: 0.0004809865499610556
CentroidX: 0.0914
CentroidY: 0.8280
