Location: internet_3.png_Gaussian-Median.png
Component: component_1755094757350_272.png
centerX: 0.48810963321241435
centerY: 0.6991730824066154
width: 0.03909713825070536
height: 0.03051040775591674
Area: 0.0004109935251280131
CentroidX: 0.5091
CentroidY: 0.7142
