Location: internet_3.png_Gaussian-Median.png
Component: component_1755094757343_227.png
centerX: 0.2539298669891173
centerY: 0.5888223552894212
width: 0.037484885126964934
height: 0.029654975762760195
Area: 0.0004209925286755906
CentroidX: 0.2735
CentroidY: 0.6028
