Location: internet_3.png_Gaussian-Median.png
Component: component_1755094757339_198.png
centerX: 0.07134220072551391
centerY: 0.5457656116338752
width: 0.039500201531640466
height: 0.03279155973766752
Area: 0.0004252449784601925
CentroidX: 0.0921
CentroidY: 0.5604
