Location: Samociqulo_1709_page_10.png_Gaussian-Median.png
Component: component_1755610056135_1077.png
centerX: 0.7965601965601966
centerY: 0.233125
width: 0.026044226044226043
height: 0.01625
Area: 0.0001832002457002457
CentroidX: 0.8094
CentroidY: 0.2397
