Location: Dedata_34.png_Gaussian-Closing.png
Component: component_1755501829014_23.png
centerX: 0.4651350261991133
centerY: 0.05645851154833191
width: 0.03869407496977025
height: 0.03051040775591674
Area: 0.00037467530534600747
CentroidX: 0.4869
CentroidY: 0.0701
