Location: Dedata_34.png_Gaussian-Median.png
Component: component_1755501828846_161.png
centerX: 0.4042724707779121
centerY: 0.46506986027944114
width: 0.04433696090286175
height: 0.029369831765041345
Area: 0.0005019040056582867
CentroidX: 0.4290
CentroidY: 0.4780
