Location: internet_3.png_Gaussian-Closing.png
Component: component_1755094757036_23.png
centerX: 0.5191455058444175
centerY: 0.015968063872255488
width: 0.062071745264006446
height: 0.044767607641859136
Area: 0.0006759096536011871
CentroidX: 0.5545
CentroidY: 0.0365
