Location: internet_3.png_Gaussian-Median.png
Component: component_1755094757295_15.png
centerX: 0.013704151551793631
centerY: 0.01853435985172512
width: 0.04191858121725111
height: 0.040490447676076416
Area: 0.0004811014810363151
CentroidX: 0.0370
CentroidY: 0.0388
