Location: Dedata_34.png_Gaussian-Closing.png
Component: component_1755501829019_34.png
centerX: 0.7956469165659008
centerY: 0.10008554319931566
width: 0.04191858121725111
height: 0.028514399771884802
Area: 0.0005331652581288738
CentroidX: 0.8186
CentroidY: 0.1121
