Location: internet_3.png_Gaussian-Closing.png
Component: component_1755094757057_115.png
centerX: 0.14066908504635228
centerY: 0.2925577416595381
width: 0.04232164449818621
height: 0.033932135728542916
Area: 0.0004737458922197064
CentroidX: 0.1636
CentroidY: 0.3086
