Location: internet_3.png_Mean-Closing.png
Component: component_1755094757208_162.png
centerX: 0.9012494961708988
centerY: 0.37553464499572287
width: 0.03869407496977025
height: 0.032506415739948676
Area: 0.00039605248534427663
CentroidX: 0.9220
CentroidY: 0.3901
