Location: Dedata_34.png_Gaussian-Median.png
Component: component_1755501828818_66.png
centerX: 0.5453446191051995
centerY: 0.19503849443969204
width: 0.04554615074566707
height: 0.031936127744510975
Area: 0.0005709775818892531
CentroidX: 0.5702
CentroidY: 0.2089
