Location: Dedata_34.png_Mean-Closing.png
Component: component_1755501829196_96.png
centerX: 0.826279725916969
centerY: 0.2868548617051611
width: 0.04070939137444579
height: 0.03222127174222983
Area: 0.0006237309454333689
CentroidX: 0.8484
CentroidY: 0.3012
