Location: 2025-04-16_191201-1.png_Gaussian-Median.png
Component: component_1744835618886_355.png
centerX: 0.2408716136631331
centerY: 0.645
width: 0.028268551236749116
height: 0.034545454545454546
Area: 0.0003252489559910055
CentroidX: 0.2559
CentroidY: 0.6585
