Location: 2025-04-16_190936-1.png_Gaussian-Median.png
Component: component_1744835619029_308.png
centerX: 0.17432273262661954
centerY: 0.740909090909091
width: 0.035924617196702
height: 0.03227272727272727
Area: 0.0004317914123567834
CentroidX: 0.1919
CentroidY: 0.7535
