Location: 2025-04-16_191201-1.png_Gaussian-Median.png
Component: component_1744835618868_262.png
centerX: 0.5353356890459364
centerY: 0.5081818181818182
width: 0.028857479387514724
height: 0.035454545454545454
Area: 0.000399400364064675
CentroidX: 0.5505
CentroidY: 0.5223
