Location: 2025-04-16_190936-1.png_Gaussian-Median.png
Component: component_1744835618990_180.png
centerX: 0.16725559481743227
centerY: 0.4163636363636364
width: 0.035924617196702
height: 0.03272727272727273
Area: 0.0004296498554449084
CentroidX: 0.1850
CentroidY: 0.4295
