Location: 2025-04-16_191201-1.png_Gaussian-Median.png
Component: component_1744835618811_23.png
centerX: 0.2779740871613663
centerY: 0.022272727272727274
width: 0.0353356890459364
height: 0.038181818181818185
Area: 0.0005104936288681871
CentroidX: 0.2961
CentroidY: 0.0382
