Location: 2025-04-16_191201-1.png_Gaussian-Median.png
Component: component_1744835618890_374.png
centerX: 0.4204946996466431
centerY: 0.6918181818181818
width: 0.02591283863368669
height: 0.035
Area: 0.00030115644073241244
CentroidX: 0.4333
CentroidY: 0.7055
