Location: 2025-04-16_190936-1.png_Otsu.png
Component: component_1744835619436_159.png
centerX: 0.10365135453474676
centerY: 0.4177272727272727
width: 0.03356890459363958
height: 0.029545454545454545
Area: 0.0003817325195417068
CentroidX: 0.1202
CentroidY: 0.4304
