Location: 2025-04-16_190936-1.png_Mean-Medain.png
Component: component_1744835619337_262.png
centerX: 0.2968197879858657
centerY: 0.6454545454545455
width: 0.035924617196702
height: 0.03090909090909091
Area: 0.00039672341792483133
CentroidX: 0.3153
CentroidY: 0.6571
