Location: 2025-04-16_191201-1.png_Gaussian-Median.png
Component: component_1744835618848_167.png
centerX: 0.9151943462897526
centerY: 0.33545454545454545
width: 0.030035335689045935
height: 0.03772727272727273
Area: 0.00040073883713459687
CentroidX: 0.9309
CentroidY: 0.3507
