Location: 2025-04-16_190936-1.png_Otsu.png
Component: component_1744835619468_215.png
centerX: 0.4734982332155477
centerY: 0.6027272727272728
width: 0.03180212014134275
height: 0.029545454545454545
Area: 0.0003413106328300675
CentroidX: 0.4891
CentroidY: 0.6138
