Location: 2025-04-16_190936-1.png_Mean-Medain.png
Component: component_1744835619233_29.png
centerX: 0.09422850412249706
centerY: 0.035
width: 0.035924617196702
height: 0.02909090909090909
Area: 0.0004052896455723311
CentroidX: 0.1132
CentroidY: 0.0466
