Location: 2025-04-16_190936-1.png_Gaussian-Median.png
Component: component_1744835618973_91.png
centerX: 0.16372202591283863
centerY: 0.16590909090909092
width: 0.03180212014134275
height: 0.026363636363636363
Area: 0.0003678123996145198
CentroidX: 0.1798
CentroidY: 0.1764
