Location: 2025-04-16_190936-1.png_Gaussian-Median.png
Component: component_1744835619045_330.png
centerX: 0.1071849234393404
centerY: 0.7931818181818182
width: 0.0353356890459364
height: 0.028181818181818183
Area: 0.0003785201841738944
CentroidX: 0.1245
CentroidY: 0.8045
