Location: 2025-04-16_191201-1.png_Gaussian-Median.png
Component: component_1744835618838_130.png
centerX: 0.8963486454652533
centerY: 0.24636363636363637
width: 0.02944640753828033
height: 0.038181818181818185
Area: 0.0004200128493414713
CentroidX: 0.9121
CentroidY: 0.2616
