Location: 2025-04-16_190936-1.png_Gaussian-Median.png
Component: component_1744835619039_324.png
centerX: 0.48115429917550057
centerY: 0.7859090909090909
width: 0.03297997644287397
height: 0.02772727272727273
Area: 0.0003785201841738944
CentroidX: 0.4977
CentroidY: 0.7963
