Location: 2025-04-16_190936-1.png_Mean-Medain.png
Component: component_1744835619348_316.png
centerX: 0.8498233215547704
centerY: 0.7795454545454545
width: 0.03415783274440518
height: 0.030454545454545453
Area: 0.00038815719027733163
CentroidX: 0.8661
CentroidY: 0.7920
