Location: 2025-04-16_190936-1.png_Otsu.png
Component: component_1744835619422_110.png
centerX: 0.45170789163722025
centerY: 0.2731818181818182
width: 0.03828032979976443
height: 0.034545454545454546
Area: 0.00040154192097654996
CentroidX: 0.4706
CentroidY: 0.2859
