Location: 2025-04-16_190936-1.png_Mean-Medain.png
Component: component_1744835619300_159.png
centerX: 0.10424028268551237
centerY: 0.3709090909090909
width: 0.0353356890459364
height: 0.03090909090909091
Area: 0.0004226897954813149
CentroidX: 0.1219
CentroidY: 0.3834
