Location: 2025-04-16_190936-1.png_Gaussian-Median.png
Component: component_1744835618977_112.png
centerX: 0.10954063604240283
centerY: 0.22136363636363637
width: 0.028268551236749116
height: 0.02727272727272727
Area: 0.00036941856729842595
CentroidX: 0.1243
CentroidY: 0.2326
