Location: easy26_Mean-Closing.png
Component: component_1744297381986_192.png
centerX: 0.49838709677419357
centerY: 0.14511494252873564
width: 0.02338709677419355
height: 0.014367816091954023
Area: 0.0001135520949202818
CentroidX: 0.5099
CentroidY: 0.1505
