Location: 2025-04-16_190936-1.png_Mean-Medain.png
Component: component_1744835619301_164.png
centerX: 0.4658421672555948
centerY: 0.4131818181818182
width: 0.034746760895170786
height: 0.02909090909090909
Area: 0.00039377877717100334
CentroidX: 0.4822
CentroidY: 0.4248
