Location: 2025-04-16_190936-1.png_Mean-Medain.png
Component: component_1744835619329_230.png
centerX: 0.1625441696113074
centerY: 0.5559090909090909
width: 0.03297997644287397
height: 0.031818181818181815
Area: 0.00043687761002248637
CentroidX: 0.1795
CentroidY: 0.5690
