Location: easy16_Gaussian-Median.png
Component: component_1744297381799_576.png
centerX: 0.12661290322580646
centerY: 0.38266283524904215
width: 0.02338709677419355
height: 0.014367816091954023
Area: 0.00010698615745890496
CentroidX: 0.1378
CentroidY: 0.3880
