Location: 2025-04-16_190936-1.png_Gaussian-Median.png
Component: component_1744835619057_342.png
centerX: 0.411660777385159
centerY: 0.8304545454545454
width: 0.030035335689045935
height: 0.026818181818181817
Area: 0.0002960702430667095
CentroidX: 0.4274
CentroidY: 0.8411
