Location: 2025-04-16_190936-1.png_Gaussian-Median.png
Component: component_1744835618966_45.png
centerX: 0.10954063604240283
centerY: 0.07227272727272727
width: 0.02944640753828033
height: 0.030454545454545453
Area: 0.0003742370703501446
CentroidX: 0.1245
CentroidY: 0.0849
