Location: 2025-04-16_190936-1.png_Otsu.png
Component: component_1744835619412_66.png
centerX: 0.732037691401649
centerY: 0.1572727272727273
width: 0.04181389870435807
height: 0.035454545454545454
Area: 0.000460702430667095
CentroidX: 0.7539
CentroidY: 0.1710
