Location: easy16_Gaussian-Median.png
Component: component_1744297381752_360.png
centerX: 0.3209677419354839
centerY: 0.24760536398467434
width: 0.02338709677419355
height: 0.014846743295019157
Area: 0.0001042825361512792
CentroidX: 0.3318
CentroidY: 0.2533
