Location: 2025-04-16_190936-1.png_Gaussian-Median.png
Component: component_1744835619002_234.png
centerX: 0.7915194346289752
centerY: 0.5545454545454546
width: 0.0353356890459364
height: 0.03
Area: 0.00041894207088553377
CentroidX: 0.8083
CentroidY: 0.5668
