Location: 2025-04-16_191201-1.png_Gaussian-Median.png
Component: component_1744835618900_424.png
centerX: 0.6389870435806831
centerY: 0.775
width: 0.030035335689045935
height: 0.03318181818181818
Area: 0.00035656922582717634
CentroidX: 0.6553
CentroidY: 0.7888
