Location: 2025-04-16_190936-1.png_Gaussian-Median.png
Component: component_1744835618994_194.png
centerX: 0.5341578327444052
centerY: 0.46136363636363636
width: 0.03769140164899882
height: 0.03318181818181818
Area: 0.00044223150230217367
CentroidX: 0.5532
CentroidY: 0.4737
