Location: 2025-04-16_190936-1.png_Mean-Medain.png
Component: component_1744835619305_180.png
centerX: 0.4758539458186101
centerY: 0.46090909090909093
width: 0.03180212014134275
height: 0.035
Area: 0.0004301852446728772
CentroidX: 0.4913
CentroidY: 0.4754
