Location: 2025-04-16_190936-1.png_Mean-Medain.png
Component: component_1744835619328_225.png
centerX: 0.7426383981154299
centerY: 0.5536363636363636
width: 0.03180212014134275
height: 0.031818181818181815
Area: 0.0003924403041010815
CentroidX: 0.7582
CentroidY: 0.5664
