Location: 2025-04-16_190936-1.png_Otsu.png
Component: component_1744835619421_107.png
centerX: 0.21849234393404005
centerY: 0.2727272727272727
width: 0.03651354534746761
height: 0.03090909090909091
Area: 0.00039645572331084697
CentroidX: 0.2379
CentroidY: 0.2853
