Location: 2025-04-16_190936-1.png_Gaussian-Median.png
Component: component_1744835618988_174.png
centerX: 0.22850412249705537
centerY: 0.41409090909090907
width: 0.03651354534746761
height: 0.03363636363636364
Area: 0.00043714530463647073
CentroidX: 0.2459
CentroidY: 0.4272
