Location: 2025-04-16_190936-1.png_Otsu.png
Component: component_1744835619433_157.png
centerX: 0.16784452296819788
centerY: 0.4168181818181818
width: 0.034746760895170786
height: 0.031818181818181815
Area: 0.00039003105257522216
CentroidX: 0.1850
CentroidY: 0.4294
