Location: 2025-04-16_190936-1.png_Otsu.png
Component: component_1744835619406_40.png
centerX: 0.15724381625441697
centerY: 0.07363636363636364
width: 0.030624263839811542
height: 0.02772727272727273
Area: 0.0003206981475532712
CentroidX: 0.1728
CentroidY: 0.0850
