Location: 2025-04-16_190936-1.png_Gaussian-Median.png
Component: component_1744835619081_369.png
centerX: 0.9169611307420494
centerY: 0.9190909090909091
width: 0.03651354534746761
height: 0.038636363636363635
Area: 0.0005161152157618588
CentroidX: 0.9341
CentroidY: 0.9353
