Location: 2025-04-16_190936-1.png_Gaussian-Median.png
Component: component_1744835619056_341.png
centerX: 0.450530035335689
centerY: 0.8277272727272728
width: 0.03297997644287397
height: 0.031818181818181815
Area: 0.00037825248955991006
CentroidX: 0.4671
CentroidY: 0.8407
