Location: 2025-04-16_191201-1.png_Gaussian-Median.png
Component: component_1744835618860_219.png
centerX: 0.9057714958775029
centerY: 0.41909090909090907
width: 0.030624263839811542
height: 0.03681818181818182
Area: 0.00036808009422850414
CentroidX: 0.9203
CentroidY: 0.4336
