Location: 2025-04-16_191201-1.png_Gaussian-Median.png
Component: component_1744835618927_511.png
centerX: 0.4034157832744405
centerY: 0.915
width: 0.030035335689045935
height: 0.03227272727272727
Area: 0.00037450476496412894
CentroidX: 0.4184
CentroidY: 0.9284
