Location: 2025-04-16_190936-1.png_Gaussian-Median.png
Component: component_1744835619121_387.png
centerX: 0.8457008244994111
centerY: 0.9663636363636363
width: 0.039458186101295645
height: 0.03227272727272727
Area: 0.0004676624906306885
CentroidX: 0.8637
CentroidY: 0.9801
