Location: 2025-04-16_190936-1.png_Otsu.png
Component: component_1744835619496_282.png
centerX: 0.35983510011778563
centerY: 0.785
width: 0.035924617196702
height: 0.030454545454545453
Area: 0.0003860156333654567
CentroidX: 0.3778
CentroidY: 0.7970
