Location: 2025-04-16_190936-1.png_Gaussian-Median.png
Component: component_1744835618989_178.png
centerX: 0.7685512367491166
centerY: 0.41545454545454547
width: 0.03297997644287397
height: 0.03
Area: 0.0004020773102045187
CentroidX: 0.7841
CentroidY: 0.4275
