Location: 2025-04-16_191201-1.png_Gaussian-Median.png
Component: component_1744835618833_107.png
centerX: 0.7591283863368669
centerY: 0.20545454545454545
width: 0.028857479387514724
height: 0.034545454545454546
Area: 0.00039966805867865937
CentroidX: 0.7745
CentroidY: 0.2200
