Location: 2025-04-16_190936-1.png_Mean-Medain.png
Component: component_1744835619374_388.png
centerX: 0.270906949352179
centerY: 0.9263636363636364
width: 0.035924617196702
height: 0.035
Area: 0.00045856087375522003
CentroidX: 0.2875
CentroidY: 0.9403
