Location: 2025-04-16_191201-1.png_Gaussian-Median.png
Component: component_1744835618857_203.png
centerX: 0.21849234393404005
centerY: 0.38045454545454543
width: 0.030035335689045935
height: 0.035454545454545454
Area: 0.000415462040903737
CentroidX: 0.2347
CentroidY: 0.3950
