Location: 2025-04-16_190936-1.png_Otsu.png
Component: component_1744835619441_170.png
centerX: 0.1702002355712603
centerY: 0.4631818181818182
width: 0.03651354534746761
height: 0.03681818181818182
Area: 0.0004098404540100653
CentroidX: 0.1882
CentroidY: 0.4771
