Location: 2025-04-16_191201-1.png_Gaussian-Median.png
Component: component_1744835618863_236.png
centerX: 0.5206124852767963
centerY: 0.46045454545454545
width: 0.030035335689045935
height: 0.03954545454545454
Area: 0.00042804368776100225
CentroidX: 0.5361
CentroidY: 0.4761
