Location: 2025-04-16_191201-1.png_Gaussian-Median.png
Component: component_1744835618866_250.png
centerX: 0.767962308598351
centerY: 0.4627272727272727
width: 0.02944640753828033
height: 0.038636363636363635
Area: 0.00041117892707998716
CentroidX: 0.7833
CentroidY: 0.4788
