Location: 2025-04-16_190936-1.png_Mean-Medain.png
Component: component_1744835619363_332.png
centerX: 0.17373380447585396
centerY: 0.7913636363636364
width: 0.038869257950530034
height: 0.03090909090909091
Area: 0.0004406253346182675
CentroidX: 0.1930
CentroidY: 0.8028
