Location: 2025-04-16_190936-1.png_Gaussian-Median.png
Component: component_1744835619052_335.png
centerX: 0.7420494699646644
centerY: 0.8190909090909091
width: 0.03297997644287397
height: 0.03272727272727273
Area: 0.00044678231073990793
CentroidX: 0.7589
CentroidY: 0.8323
