Location: 2025-04-16_190936-1.png_Mean-Medain.png
Component: component_1744835619360_323.png
centerX: 0.591283863368669
centerY: 0.7836363636363637
width: 0.03828032979976443
height: 0.03318181818181818
Area: 0.00047301638291037586
CentroidX: 0.6107
CentroidY: 0.7972
