Location: 2025-04-16_190936-1.png_Otsu.png
Component: component_1744835619406_39.png
centerX: 0.2049469964664311
centerY: 0.07318181818181818
width: 0.03415783274440518
height: 0.02909090909090909
Area: 0.00034880608202162973
CentroidX: 0.2237
CentroidY: 0.0855
