Location: 2025-04-16_190936-1.png_Gaussian-Median.png
Component: component_1744835618998_214.png
centerX: 0.6637220259128387
centerY: 0.5068181818181818
width: 0.037102473498233215
height: 0.029545454545454545
Area: 0.00041117892707998716
CentroidX: 0.6826
CentroidY: 0.5188
