Location: 2025-04-16_191201-1.png_Gaussian-Median.png
Component: component_1744835618859_213.png
centerX: 0.4658421672555948
centerY: 0.41863636363636364
width: 0.02944640753828033
height: 0.03772727272727273
Area: 0.00039779419638076883
CentroidX: 0.4818
CentroidY: 0.4335
