Location: 2025-04-16_191201-1.png_Gaussian-Median.png
Component: component_1744835618866_252.png
centerX: 0.26442873969375735
centerY: 0.4640909090909091
width: 0.025323910482921083
height: 0.035454545454545454
Area: 0.0003820002141556912
CentroidX: 0.2770
CentroidY: 0.4793
