Location: 2025-04-16_191201-1.png_Gaussian-Median.png
Component: component_1744835618928_515.png
centerX: 0.11071849234393404
centerY: 0.9177272727272727
width: 0.02944640753828033
height: 0.034545454545454546
Area: 0.0003611200342649106
CentroidX: 0.1258
CentroidY: 0.9315
