Location: easy64_Gaussian-Closing.png
Component: component_1744297381301_602.png
centerX: 0.46916565900846435
centerY: 0.4108593415989739
width: 0.013301088270858524
height: 0.00983326207781103
Area: 6.539654344372512e-05
CentroidX: 0.4756
CentroidY: 0.4151
