Location: 2025-04-16_190936-1.png_Otsu.png
Component: component_1744835619498_288.png
centerX: 0.303886925795053
centerY: 0.7868181818181819
width: 0.03356890459363958
height: 0.029545454545454545
Area: 0.0003536245850733483
CentroidX: 0.3207
CentroidY: 0.7973
