Location: 2025-04-16_190936-1.png_Gaussian-Median.png
Component: component_1744835618979_125.png
centerX: 0.21849234393404005
centerY: 0.2727272727272727
width: 0.03651354534746761
height: 0.031363636363636364
Area: 0.00044089302923225185
CentroidX: 0.2379
CentroidY: 0.2854
