Location: 2025-04-16_190936-1.png_Gaussian-Median.png
Component: component_1744835619004_244.png
centerX: 0.6919905771495878
centerY: 0.6013636363636363
width: 0.035924617196702
height: 0.03
Area: 0.00041974515472748686
CentroidX: 0.7108
CentroidY: 0.6130
