Location: 2025-04-16_191201-1.png_Gaussian-Median.png
Component: component_1744835618891_381.png
centerX: 0.10836277974087162
centerY: 0.6959090909090909
width: 0.024146054181389872
height: 0.03363636363636364
Area: 0.00029981796766249063
CentroidX: 0.1208
CentroidY: 0.7095
