Location: easy21_Mean-Medain.png
Component: component_1744297380897_657.png
centerX: 0.3225806451612903
centerY: 0.5191570881226054
width: 0.024193548387096774
height: 0.014846743295019157
Area: 0.00012011803238165864
CentroidX: 0.3341
CentroidY: 0.5245
