Location: 2025-04-16_190936-1.png_Mean-Medain.png
Component: component_1744835619232_28.png
centerX: 0.7714958775029447
centerY: 0.031818181818181815
width: 0.030624263839811542
height: 0.03
Area: 0.00037985865724381624
CentroidX: 0.7867
CentroidY: 0.0445
