Location: 2025-04-16_190936-1.png_Gaussian-Median.png
Component: component_1744835619086_374.png
centerX: 0.5465253239104829
centerY: 0.9227272727272727
width: 0.039458186101295645
height: 0.03409090909090909
Area: 0.00044972695149373597
CentroidX: 0.5663
CentroidY: 0.9356
