Location: 2025-04-16_190936-1.png_Mean-Medain.png
Component: component_1744835619368_358.png
centerX: 0.9057714958775029
centerY: 0.865909090909091
width: 0.034746760895170786
height: 0.03272727272727273
Area: 0.0004443730592140486
CentroidX: 0.9230
CentroidY: 0.8789
