Location: 2025-04-16_190936-1.png_Mean-Medain.png
Component: component_1744835619278_117.png
centerX: 0.28150765606595995
centerY: 0.2718181818181818
width: 0.038869257950530034
height: 0.031363636363636364
Area: 0.0004561516222293607
CentroidX: 0.3020
CentroidY: 0.2846
