Location: 2025-04-16_190936-1.png_Gaussian-Median.png
Component: component_1744835618966_47.png
centerX: 0.6855123674911661
centerY: 0.07181818181818182
width: 0.035924617196702
height: 0.031363636363636364
Area: 0.00043205910697076774
CentroidX: 0.7028
CentroidY: 0.0845
