Location: 2025-04-16_190936-1.png_Gaussian-Median.png
Component: component_1744835619012_276.png
centerX: 0.7709069493521791
centerY: 0.6822727272727273
width: 0.037102473498233215
height: 0.02772727272727273
Area: 0.00039511725024092515
CentroidX: 0.7902
CentroidY: 0.6930
