Location: 2025-04-16_191201-1.png_Gaussian-Median.png
Component: component_1744835618882_329.png
centerX: 0.71849234393404
centerY: 0.5940909090909091
width: 0.030035335689045935
height: 0.03227272727272727
Area: 0.00033435057286647395
CentroidX: 0.7345
CentroidY: 0.6071
