Location: 2025-04-16_190936-1.png_Mean-Medain.png
Component: component_1744835619297_150.png
centerX: 0.5129564193168433
centerY: 0.36045454545454547
width: 0.034746760895170786
height: 0.029545454545454545
Area: 0.00041760359781561196
CentroidX: 0.5304
CentroidY: 0.3726
