Location: 2025-04-16_191201-1.png_Gaussian-Median.png
Component: component_1744835618873_286.png
centerX: 0.7273262661955241
centerY: 0.5459090909090909
width: 0.02591283863368669
height: 0.03590909090909091
Area: 0.00036165542349287933
CentroidX: 0.7407
CentroidY: 0.5609
