Location: 2025-04-16_191201-1.png_Gaussian-Median.png
Component: component_1744835618815_39.png
centerX: 0.9328621908127208
centerY: 0.024545454545454544
width: 0.03180212014134275
height: 0.03954545454545454
Area: 0.0004708748259985009
CentroidX: 0.9499
CentroidY: 0.0409
