Location: 2025-04-16_190936-1.png_Mean-Medain.png
Component: component_1744835619264_56.png
centerX: 0.4799764428739694
centerY: 0.11318181818181818
width: 0.035924617196702
height: 0.035
Area: 0.0004419638076881893
CentroidX: 0.4979
CentroidY: 0.1270
