Location: 2025-04-16_190936-1.png_Otsu.png
Component: component_1744835619520_344.png
centerX: 0.054770318021201414
centerY: 0.9359090909090909
width: 0.035924617196702
height: 0.029545454545454545
Area: 0.0003528215012313952
CentroidX: 0.0741
CentroidY: 0.9469
