Location: 2025-04-16_191201-1.png_Gaussian-Median.png
Component: component_1744835618875_298.png
centerX: 0.4293286219081272
centerY: 0.5490909090909091
width: 0.026501766784452298
height: 0.035
Area: 0.0003801263518578006
CentroidX: 0.4431
CentroidY: 0.5633
