Location: 2025-04-16_190936-1.png_Gaussian-Median.png
Component: component_1744835618980_126.png
centerX: 0.3374558303886926
centerY: 0.2727272727272727
width: 0.03828032979976443
height: 0.029545454545454545
Area: 0.00043687761002248637
CentroidX: 0.3573
CentroidY: 0.2840
