Location: 2025-04-16_190936-1.png_Otsu.png
Component: component_1744835619522_354.png
centerX: 0.5023557126030624
centerY: 0.97
width: 0.04181389870435807
height: 0.029545454545454545
Area: 0.00041251740014990897
CentroidX: 0.5224
CentroidY: 0.9820
