Location: 2025-04-16_191201-1.png_Gaussian-Median.png
Component: component_1744835618819_50.png
centerX: 0.7667844522968198
centerY: 0.07318181818181818
width: 0.028268551236749116
height: 0.04
Area: 0.00045641931684334513
CentroidX: 0.7813
CentroidY: 0.0897
