Location: 2025-04-16_190936-1.png_Otsu.png
Component: component_1744835619432_153.png
centerX: 0.8804475853945819
centerY: 0.41454545454545455
width: 0.0353356890459364
height: 0.03090909090909091
Area: 0.0003889602741192847
CentroidX: 0.8980
CentroidY: 0.4268
