Location: 2025-04-16_190936-1.png_Otsu.png
Component: component_1744835619400_15.png
centerX: 0.3580683156654888
centerY: 0.030454545454545453
width: 0.03180212014134275
height: 0.029545454545454545
Area: 0.0003522861120034265
CentroidX: 0.3738
CentroidY: 0.0425
