Location: 2025-04-16_190936-1.png_Gaussian-Median.png
Component: component_1744835619041_328.png
centerX: 0.04534746760895171
centerY: 0.7909090909090909
width: 0.03297997644287397
height: 0.029545454545454545
Area: 0.00036058464503694183
CentroidX: 0.0623
CentroidY: 0.8026
