Location: 2025-04-16_191201-1.png_Gaussian-Median.png
Component: component_1744835618901_428.png
centerX: 0.5306242638398115
centerY: 0.7768181818181819
width: 0.026501766784452298
height: 0.03227272727272727
Area: 0.0003217689260092087
CentroidX: 0.5437
CentroidY: 0.7908
