Location: 2025-04-16_190936-1.png_Mean-Medain.png
Component: component_1744835619341_281.png
centerX: 0.3663133097762073
centerY: 0.6918181818181818
width: 0.035924617196702
height: 0.03272727272727273
Area: 0.0004347360531106114
CentroidX: 0.3840
CentroidY: 0.7045
