Location: 2025-04-16_191201-1.png_Gaussian-Median.png
Component: component_1744835618866_247.png
centerX: 0.37338044758539457
centerY: 0.4627272727272727
width: 0.028268551236749116
height: 0.03727272727272727
Area: 0.00039190491487311275
CentroidX: 0.3874
CentroidY: 0.4780
