Location: 2025-04-16_190936-1.png_Gaussian-Median.png
Component: component_1744835619069_362.png
centerX: 0.3215547703180212
centerY: 0.8790909090909091
width: 0.03297997644287397
height: 0.038636363636363635
Area: 0.0004631116821929543
CentroidX: 0.3390
CentroidY: 0.8939
