Location: 2025-04-16_191201-1.png_Gaussian-Median.png
Component: component_1744835618920_475.png
centerX: 0.5376914016489989
centerY: 0.865909090909091
width: 0.028268551236749116
height: 0.03636363636363636
Area: 0.0003632615911767855
CentroidX: 0.5515
CentroidY: 0.8814
