Location: 2025-04-16_191201-1.png_Gaussian-Median.png
Component: component_1744835618838_129.png
centerX: 0.8533568904593639
centerY: 0.24681818181818183
width: 0.02944640753828033
height: 0.03727272727272727
Area: 0.0004109112324660028
CentroidX: 0.8700
CentroidY: 0.2614
