Location: 2025-04-16_190936-1.png_Otsu.png
Component: component_1744835619421_105.png
centerX: 0.1625441696113074
centerY: 0.2722727272727273
width: 0.0353356890459364
height: 0.03090909090909091
Area: 0.000377449405717957
CentroidX: 0.1799
CentroidY: 0.2846
