Location: 2025-04-16_191201-1.png_Gaussian-Median.png
Component: component_1744835618861_228.png
centerX: 0.7544169611307421
centerY: 0.4209090909090909
width: 0.030624263839811542
height: 0.035
Area: 0.0003857479387514723
CentroidX: 0.7702
CentroidY: 0.4355
