Location: 2025-04-16_190936-1.png_Otsu.png
Component: component_1744835619462_200.png
centerX: 0.7921083627797408
centerY: 0.555
width: 0.034746760895170786
height: 0.029545454545454545
Area: 0.0003817325195417068
CentroidX: 0.8085
CentroidY: 0.5667
