Location: easy16_Gaussian-Median.png
Component: component_1744297381717_286.png
centerX: 0.6185483870967742
centerY: 0.20162835249042146
width: 0.024193548387096774
height: 0.014367816091954023
Area: 0.00011123470522803115
CentroidX: 0.6303
CentroidY: 0.2071
