Location: easy21_Mean-Medain.png
Component: component_1744297380952_876.png
centerX: 0.29596774193548386
centerY: 0.6767241379310345
width: 0.025
height: 0.01532567049808429
Area: 0.0001181868743047831
CentroidX: 0.3081
CentroidY: 0.6827
