Location: 2025-04-16_190936-1.png_Mean-Medain.png
Component: component_1744835619272_86.png
centerX: 0.1071849234393404
centerY: 0.16772727272727272
width: 0.035924617196702
height: 0.029545454545454545
Area: 0.0004162651247456901
CentroidX: 0.1258
CentroidY: 0.1794
