Location: 2025-04-16_190936-1.png_Otsu.png
Component: component_1744835619404_28.png
centerX: 0.26855123674911663
centerY: 0.07045454545454545
width: 0.032391048292108364
height: 0.03
Area: 0.00036700931577256663
CentroidX: 0.2844
CentroidY: 0.0822
