Location: 2025-04-16_190936-1.png_Otsu.png
Component: component_1744835619521_346.png
centerX: 0.33627797408716137
centerY: 0.9672727272727273
width: 0.03651354534746761
height: 0.03227272727272727
Area: 0.0004194774601135025
CentroidX: 0.3541
CentroidY: 0.9809
