Location: 2025-04-16_190936-1.png_Gaussian-Median.png
Component: component_1744835618988_171.png
centerX: 0.4658421672555948
centerY: 0.4131818181818182
width: 0.03415783274440518
height: 0.02909090909090909
Area: 0.00038226790876967555
CentroidX: 0.4822
CentroidY: 0.4248
