Location: easy64_Gaussian-Closing.png
Component: component_1744297381239_312.png
centerX: 0.3143893591293833
centerY: 0.261650277896537
width: 0.012696493349455865
height: 0.00983326207781103
Area: 5.8934434407783896e-05
CentroidX: 0.3204
CentroidY: 0.2657
