Location: 2025-04-16_190936-1.png_Mean-Medain.png
Component: component_1744835619365_342.png
centerX: 0.6955241460541813
centerY: 0.8222727272727273
width: 0.037102473498233215
height: 0.029545454545454545
Area: 0.0004101081486240497
CentroidX: 0.7141
CentroidY: 0.8334
