Location: 2025-04-16_190936-1.png_Mean-Medain.png
Component: component_1744835619331_240.png
centerX: 0.47290930506478207
centerY: 0.6022727272727273
width: 0.03297997644287397
height: 0.030454545454545453
Area: 0.0003860156333654567
CentroidX: 0.4890
CentroidY: 0.6139
