Location: 2025-04-16_190936-1.png_Mean-Medain.png
Component: component_1744835619368_355.png
centerX: 0.10482921083627797
centerY: 0.8372727272727273
width: 0.034746760895170786
height: 0.02909090909090909
Area: 0.00039458186101295643
CentroidX: 0.1223
CentroidY: 0.8493
