Location: easy21_Mean-Medain.png
Component: component_1744297380861_467.png
centerX: 0.425
centerY: 0.4051724137931034
width: 0.024193548387096774
height: 0.014846743295019157
Area: 0.00011586948461253245
CentroidX: 0.4367
CentroidY: 0.4110
