Location: 2025-04-16_191201-1.png_Gaussian-Median.png
Component: component_1744835618909_445.png
centerX: 0.7037691401648999
centerY: 0.8222727272727273
width: 0.026501766784452298
height: 0.03272727272727273
Area: 0.0003413106328300675
CentroidX: 0.7177
CentroidY: 0.8352
