Location: 2025-04-16_190936-1.png_Mean-Medain.png
Component: component_1744835619267_66.png
centerX: 0.4193168433451119
centerY: 0.11727272727272728
width: 0.03356890459363958
height: 0.02772727272727273
Area: 0.0003691508726844416
CentroidX: 0.4356
CentroidY: 0.1280
