Location: 2025-04-16_190936-1.png_Mean-Medain.png
Component: component_1744835619340_277.png
centerX: 0.42579505300353354
centerY: 0.6877272727272727
width: 0.03769140164899882
height: 0.03409090909090909
Area: 0.00045053003533568906
CentroidX: 0.4454
CentroidY: 0.7011
