Location: 2025-04-16_190936-1.png_Otsu.png
Component: component_1744835619480_228.png
centerX: 0.8657243816254417
centerY: 0.6418181818181818
width: 0.034746760895170786
height: 0.030454545454545453
Area: 0.00038494485490951923
CentroidX: 0.8832
CentroidY: 0.6534
