Location: 2025-04-16_191201-1.png_Gaussian-Median.png
Component: component_1744835618892_383.png
centerX: 0.17255594817432274
centerY: 0.6963636363636364
width: 0.024734982332155476
height: 0.03272727272727273
Area: 0.0003174858121854588
CentroidX: 0.1855
CentroidY: 0.7092
