Location: 2025-04-16_190936-1.png_Gaussian-Median.png
Component: component_1744835619060_346.png
centerX: 0.21083627797408716
centerY: 0.8359090909090909
width: 0.03651354534746761
height: 0.03090909090909091
Area: 0.0004146589570617839
CentroidX: 0.2291
CentroidY: 0.8483
