Location: 2025-04-16_190936-1.png_Otsu.png
Component: component_1744835619427_127.png
centerX: 0.043580683156654886
centerY: 0.32272727272727275
width: 0.035924617196702
height: 0.03590909090909091
Area: 0.00041840668165756505
CentroidX: 0.0622
CentroidY: 0.3376
