Location: easy43_Mean-Closing.png
Component: component_1744297380610_472.png
centerX: 0.22309552599758162
centerY: 0.3471569046601112
width: 0.012696493349455865
height: 0.00983326207781103
Area: 6.798138705810159e-05
CentroidX: 0.2289
CentroidY: 0.3512
