Location: 2025-04-16_190936-1.png_Mean-Medain.png
Component: component_1744835619368_357.png
centerX: 0.8074204946996466
centerY: 0.865909090909091
width: 0.039458186101295645
height: 0.03681818181818182
Area: 0.0004684655744726416
CentroidX: 0.8272
CentroidY: 0.8802
