Location: 2025-04-16_190936-1.png_Mean-Medain.png
Component: component_1744835619371_373.png
centerX: 0.10541813898704358
centerY: 0.8836363636363637
width: 0.032391048292108364
height: 0.031818181818181815
Area: 0.00040395117250240927
CentroidX: 0.1214
CentroidY: 0.8964
