Location: 2025-04-16_190936-1.png_Otsu.png
Component: component_1744835619418_91.png
centerX: 0.16431095406360424
centerY: 0.21727272727272728
width: 0.03121319199057715
height: 0.03409090909090909
Area: 0.00038949566334725344
CentroidX: 0.1804
CentroidY: 0.2308
