Location: 2025-04-16_190936-1.png_Mean-Medain.png
Component: component_1744835619378_408.png
centerX: 0.10895170789163722
centerY: 0.9763636363636363
width: 0.037102473498233215
height: 0.023636363636363636
Area: 0.0003940464717849877
CentroidX: 0.1281
CentroidY: 0.9875
