Location: 2025-04-16_191201-1.png_Gaussian-Median.png
Component: component_1744835618934_542.png
centerX: 0.08657243816254417
centerY: 0.9577272727272728
width: 0.03180212014134275
height: 0.02909090909090909
Area: 0.0003651354534746761
CentroidX: 0.1028
CentroidY: 0.9700
