Location: 2025-04-16_191201-1.png_Gaussian-Median.png
Component: component_1744835618916_452.png
centerX: 0.7373380447585395
centerY: 0.8227272727272728
width: 0.028268551236749116
height: 0.031818181818181815
Area: 0.0003370275190063176
CentroidX: 0.7522
CentroidY: 0.8354
