Location: 2025-04-16_190936-1.png_Otsu.png
Component: component_1744835619473_222.png
centerX: 0.2950530035335689
centerY: 0.6045454545454545
width: 0.034746760895170786
height: 0.028636363636363637
Area: 0.0003498768604775672
CentroidX: 0.3135
CentroidY: 0.6151
