Location: 2025-04-16_190936-1.png_Otsu.png
Component: component_1744835619408_49.png
centerX: 0.6878680800942285
centerY: 0.11318181818181818
width: 0.03356890459363958
height: 0.028636363636363637
Area: 0.0003442552735838955
CentroidX: 0.7047
CentroidY: 0.1241
