Location: easy64_Gaussian-Closing.png
Component: component_1744297381191_75.png
centerX: 0.40084643288996374
centerY: 0.13296280461735785
width: 0.012696493349455865
height: 0.010260795211628902
Area: 7.470198045548046e-05
CentroidX: 0.4068
CentroidY: 0.1371
