Location: 2025-04-16_190936-1.png_Gaussian-Median.png
Component: component_1744835618994_195.png
centerX: 0.5971731448763251
centerY: 0.46090909090909093
width: 0.03769140164899882
height: 0.03272727272727273
Area: 0.00041706820858764324
CentroidX: 0.6152
CentroidY: 0.4733
