Location: easy21_Mean-Medain.png
Component: component_1744297380789_166.png
centerX: 0.41935483870967744
centerY: 0.1307471264367816
width: 0.024193548387096774
height: 0.014846743295019157
Area: 0.00011316586330490669
CentroidX: 0.4311
CentroidY: 0.1364
