Location: 2025-04-16_190936-1.png_Mean-Medain.png
Component: component_1744835619230_16.png
centerX: 0.6254416961130742
centerY: 0.028181818181818183
width: 0.03297997644287397
height: 0.03272727272727273
Area: 0.00042724060391904916
CentroidX: 0.6414
CentroidY: 0.0416
