Location: 2025-04-16_191201-1.png_Gaussian-Median.png
Component: component_1744835618819_49.png
centerX: 0.6813898704358068
centerY: 0.07272727272727272
width: 0.03297997644287397
height: 0.041363636363636366
Area: 0.0005062105150444373
CentroidX: 0.6974
CentroidY: 0.0907
