Location: 2025-04-16_190936-1.png_Mean-Medain.png
Component: component_1744835619269_76.png
centerX: 0.49411071849234395
centerY: 0.15863636363636363
width: 0.034746760895170786
height: 0.028636363636363637
Area: 0.0003889602741192847
CentroidX: 0.5125
CentroidY: 0.1697
