Location: 2025-04-16_190936-1.png_Otsu.png
Component: component_1744835619519_336.png
centerX: 0.3833922261484099
centerY: 0.9236363636363636
width: 0.03415783274440518
height: 0.03272727272727273
Area: 0.00041572973551772137
CentroidX: 0.4008
CentroidY: 0.9361
