Location: 2025-04-16_190936-1.png_Otsu.png
Component: component_1744835619433_154.png
centerX: 0.4034157832744405
centerY: 0.41545454545454547
width: 0.03297997644287397
height: 0.03227272727272727
Area: 0.0003795909626298319
CentroidX: 0.4202
CentroidY: 0.4287
