Location: 2025-04-16_191201-1.png_Gaussian-Median.png
Component: component_1744835618821_57.png
centerX: 0.6460541813898705
centerY: 0.07545454545454545
width: 0.02944640753828033
height: 0.038181818181818185
Area: 0.0004419638076881893
CentroidX: 0.6605
CentroidY: 0.0918
