Location: 2025-04-16_191201-1.png_Gaussian-Median.png
Component: component_1744835618915_448.png
centerX: 0.8362779740871613
centerY: 0.8222727272727273
width: 0.026501766784452298
height: 0.031363636363636364
Area: 0.0003348859620944427
CentroidX: 0.8489
CentroidY: 0.8355
