Location: 2025-04-16_191201-1.png_Gaussian-Median.png
Component: component_1744835618867_257.png
centerX: 0.04063604240282685
centerY: 0.4659090909090909
width: 0.028857479387514724
height: 0.03272727272727273
Area: 0.00036620623193061355
CentroidX: 0.0553
CentroidY: 0.4798
