Location: 2025-04-16_190936-1.png_Mean-Medain.png
Component: component_1744835619300_160.png
centerX: 0.045936395759717315
centerY: 0.3718181818181818
width: 0.035924617196702
height: 0.026363636363636363
Area: 0.0003857479387514723
CentroidX: 0.0639
CentroidY: 0.3822
