Location: 2025-04-16_190936-1.png_Otsu.png
Component: component_1744835619445_184.png
centerX: 0.6643109540636042
centerY: 0.5072727272727273
width: 0.03651354534746761
height: 0.028636363636363637
Area: 0.00037664632187600384
CentroidX: 0.6826
CentroidY: 0.5188
