Location: 2025-04-16_190936-1.png_Mean-Medain.png
Component: component_1744835619373_385.png
centerX: 0.607773851590106
centerY: 0.9245454545454546
width: 0.03415783274440518
height: 0.031818181818181815
Area: 0.00044035764000428313
CentroidX: 0.6246
CentroidY: 0.9373
