Location: 2025-04-16_190936-1.png_Otsu.png
Component: component_1744835619474_223.png
centerX: 0.35276796230859836
centerY: 0.6054545454545455
width: 0.03651354534746761
height: 0.02772727272727273
Area: 0.0003573723096691295
CentroidX: 0.3713
CentroidY: 0.6157
