Location: 2025-04-16_190936-1.png_Gaussian-Median.png
Component: component_1744835618968_56.png
centerX: 0.8421672555948174
centerY: 0.11045454545454546
width: 0.03297997644287397
height: 0.02909090909090909
Area: 0.00039913266945069064
CentroidX: 0.8583
CentroidY: 0.1220
