Location: 2025-04-16_191201-1.png_Gaussian-Median.png
Component: component_1744835618920_474.png
centerX: 0.6831566548881036
centerY: 0.8640909090909091
width: 0.030035335689045935
height: 0.03636363636363636
Area: 0.0003624585073348324
CentroidX: 0.6987
CentroidY: 0.8787
