Location: 2025-04-16_190936-1.png_Mean-Medain.png
Component: component_1744835619320_208.png
centerX: 0.29034157832744406
centerY: 0.5118181818181818
width: 0.03769140164899882
height: 0.03090909090909091
Area: 0.0004419638076881893
CentroidX: 0.3093
CentroidY: 0.5236
