Location: 2025-04-16_191201-1.png_Gaussian-Median.png
Component: component_1744835618858_208.png
centerX: 0.34334511189634864
centerY: 0.38136363636363635
width: 0.030624263839811542
height: 0.034545454545454546
Area: 0.00040314808866045613
CentroidX: 0.3596
CentroidY: 0.3949
