Location: 2025-04-16_190936-1.png_Otsu.png
Component: component_1744835619520_343.png
centerX: 0.11071849234393404
centerY: 0.9304545454545454
width: 0.03769140164899882
height: 0.031363636363636364
Area: 0.0003897633579612378
CentroidX: 0.1297
CentroidY: 0.9426
