Location: 2025-04-16_190936-1.png_Mean-Medain.png
Component: component_1744835619242_51.png
centerX: 0.8875147232037691
centerY: 0.10818181818181818
width: 0.039458186101295645
height: 0.03
Area: 0.0004237605739372524
CentroidX: 0.9076
CentroidY: 0.1202
