Location: 2025-04-16_190936-1.png_Mean-Medain.png
Component: component_1744835619279_118.png
centerX: 0.392226148409894
centerY: 0.2722727272727273
width: 0.039458186101295645
height: 0.034545454545454546
Area: 0.00046739479601670415
CentroidX: 0.4125
CentroidY: 0.2865
