Location: 2025-04-16_190936-1.png_Otsu.png
Component: component_1744835619429_137.png
centerX: 0.6395759717314488
centerY: 0.36
width: 0.03297997644287397
height: 0.03
Area: 0.00034291680051397365
CentroidX: 0.6565
CentroidY: 0.3717
