Location: 2025-04-16_191201-1.png_Gaussian-Median.png
Component: component_1744835618879_314.png
centerX: 0.4369846878680801
centerY: 0.5904545454545455
width: 0.026501766784452298
height: 0.038636363636363635
Area: 0.0004052896455723311
CentroidX: 0.4505
CentroidY: 0.6065
