Location: 2025-04-16_190936-1.png_Gaussian-Median.png
Component: component_1744835618961_9.png
centerX: 0.4628975265017668
centerY: 0.029545454545454545
width: 0.030624263839811542
height: 0.03090909090909091
Area: 0.00039110183103115967
CentroidX: 0.4774
CentroidY: 0.0427
