Location: 2025-04-16_190936-1.png_Mean-Medain.png
Component: component_1744835619344_295.png
centerX: 0.7950530035335689
centerY: 0.7254545454545455
width: 0.03356890459363958
height: 0.028636363636363637
Area: 0.00040636042402826853
CentroidX: 0.8112
CentroidY: 0.7373
