Location: easy26_Mean-Closing.png
Component: component_1744297382078_529.png
centerX: 0.20806451612903226
centerY: 0.3692528735632184
width: 0.02338709677419355
height: 0.014367816091954023
Area: 0.00010968977876653071
CentroidX: 0.2190
CentroidY: 0.3746
