Location: 2025-04-16_190936-1.png_Otsu.png
Component: component_1744835619485_233.png
centerX: 0.7550058892815077
centerY: 0.644090909090909
width: 0.044169611307420496
height: 0.03318181818181818
Area: 0.0004355391369525645
CentroidX: 0.7761
CentroidY: 0.6568
