Location: 2025-04-16_190936-1.png_Mean-Medain.png
Component: component_1744835619342_284.png
centerX: 0.23733804475853945
centerY: 0.6927272727272727
width: 0.03415783274440518
height: 0.031818181818181815
Area: 0.00040609272941428417
CentroidX: 0.2542
CentroidY: 0.7049
