Location: 2025-04-16_190936-1.png_Otsu.png
Component: component_1744835619413_70.png
centerX: 0.6725559481743227
centerY: 0.1590909090909091
width: 0.04063604240282685
height: 0.03090909090909091
Area: 0.00041760359781561196
CentroidX: 0.6931
CentroidY: 0.1710
