Location: easy26_Mean-Closing.png
Component: component_1744297382184_1059.png
centerX: 0.842741935483871
centerY: 0.8151340996168582
width: 0.02338709677419355
height: 0.014846743295019157
Area: 0.00010505499938202942
CentroidX: 0.8537
CentroidY: 0.8208
