Location: easy26_Mean-Closing.png
Component: component_1744297382114_694.png
centerX: 0.4653225806451613
centerY: 0.47988505747126436
width: 0.024193548387096774
height: 0.014846743295019157
Area: 0.00012050426399703374
CentroidX: 0.4772
CentroidY: 0.4856
