Location: easy43_Mean-Closing.png
Component: component_1744297380655_857.png
centerX: 0.8295042321644498
centerY: 0.5425395468148781
width: 0.013301088270858524
height: 0.010260795211628902
Area: 6.384563727509922e-05
CentroidX: 0.8363
CentroidY: 0.5468
