Location: 2025-04-16_190936-1.png_Mean-Medain.png
Component: component_1744835619268_71.png
centerX: 0.7944640753828033
centerY: 0.1559090909090909
width: 0.038869257950530034
height: 0.03636363636363636
Area: 0.0005019274012206874
CentroidX: 0.8143
CentroidY: 0.1695
