Location: easy26_Mean-Closing.png
Component: component_1744297382186_1069.png
centerX: 0.34516129032258064
centerY: 0.8160919540229885
width: 0.02338709677419355
height: 0.014846743295019157
Area: 0.00010930354715115561
CentroidX: 0.3564
CentroidY: 0.8217
