Location: 2025-04-16_190936-1.png_Mean-Medain.png
Component: component_1744835619282_129.png
centerX: 0.5176678445229682
centerY: 0.31727272727272726
width: 0.03651354534746761
height: 0.03318181818181818
Area: 0.0004250990470071742
CentroidX: 0.5355
CentroidY: 0.3303
