Location: 2025-04-16_190936-1.png_Mean-Medain.png
Component: component_1744835619333_242.png
centerX: 0.8115429917550059
centerY: 0.6018181818181818
width: 0.034746760895170786
height: 0.03409090909090909
Area: 0.0004283113823749866
CentroidX: 0.8277
CentroidY: 0.6148
