Location: 2025-04-16_190936-1.png_Otsu.png
Component: component_1744835619510_308.png
centerX: 0.16195524146054183
centerY: 0.8368181818181818
width: 0.03356890459363958
height: 0.028636363636363637
Area: 0.00034559374665381733
CentroidX: 0.1791
CentroidY: 0.8480
