Location: 2025-04-16_190936-1.png_Otsu.png
Component: component_1744835619441_168.png
centerX: 0.7031802120141343
centerY: 0.4622727272727273
width: 0.03415783274440518
height: 0.03090909090909091
Area: 0.0003771817111039726
CentroidX: 0.7215
CentroidY: 0.4742
