Location: 2025-04-16_190936-1.png_Mean-Medain.png
Component: component_1744835619366_345.png
centerX: 0.5930506478209658
centerY: 0.8245454545454546
width: 0.03415783274440518
height: 0.02772727272727273
Area: 0.0003811971303137381
CentroidX: 0.6105
CentroidY: 0.8352
