Location: 2025-04-16_190936-1.png_Mean-Medain.png
Component: component_1744835619317_201.png
centerX: 0.7196702002355713
centerY: 0.5068181818181818
width: 0.034746760895170786
height: 0.031818181818181815
Area: 0.00043366527465467397
CentroidX: 0.7372
CentroidY: 0.5195
