Location: easy26_Mean-Closing.png
Component: component_1744297382094_593.png
centerX: 0.5967741935483871
centerY: 0.4128352490421456
width: 0.02338709677419355
height: 0.014367816091954023
Area: 0.00011123470522803115
CentroidX: 0.6081
CentroidY: 0.4183
