Location: 2025-04-16_191201-1.png_Gaussian-Median.png
Component: component_1744835618852_179.png
centerX: 0.3374558303886926
centerY: 0.3386363636363636
width: 0.025323910482921083
height: 0.03363636363636364
Area: 0.000399400364064675
CentroidX: 0.3496
CentroidY: 0.3535
