Location: 2025-04-16_191201-1.png_Gaussian-Median.png
Component: component_1744835618899_423.png
centerX: 0.9452296819787986
centerY: 0.7736363636363637
width: 0.02767962308598351
height: 0.03318181818181818
Area: 0.0003573723096691295
CentroidX: 0.9604
CentroidY: 0.7884
