Location: 2025-04-16_190936-1.png_Mean-Medain.png
Component: component_1744835619338_263.png
centerX: 0.41048292108362777
centerY: 0.6463636363636364
width: 0.037102473498233215
height: 0.028636363636363637
Area: 0.0004668594067887354
CentroidX: 0.4287
CentroidY: 0.6587
