Location: 2025-04-16_191201-1.png_Gaussian-Median.png
Component: component_1744835618855_195.png
centerX: 0.8103651354534747
centerY: 0.3781818181818182
width: 0.028857479387514724
height: 0.03590909090909091
Area: 0.0003988649748367063
CentroidX: 0.8256
CentroidY: 0.3927
