Location: 2025-04-16_190936-1.png_Otsu.png
Component: component_1744835619403_26.png
centerX: 0.8451118963486455
centerY: 0.06909090909090909
width: 0.030035335689045935
height: 0.03
Area: 0.00034559374665381733
CentroidX: 0.8593
CentroidY: 0.0813
