Location: 2025-04-16_191201-1.png_Gaussian-Median.png
Component: component_1744835618810_21.png
centerX: 0.18138987043580684
centerY: 0.021363636363636362
width: 0.037102473498233215
height: 0.03954545454545454
Area: 0.0005297676410750615
CentroidX: 0.2006
CentroidY: 0.0379
