Location: 2025-04-16_190936-1.png_Otsu.png
Component: component_1744835619500_297.png
centerX: 0.696113074204947
centerY: 0.8222727272727273
width: 0.035924617196702
height: 0.029545454545454545
Area: 0.00037263090266623835
CentroidX: 0.7142
CentroidY: 0.8334
