Location: 2025-04-16_191201-1.png_Gaussian-Median.png
Component: component_1744835618896_404.png
centerX: 0.36454652532391046
centerY: 0.7381818181818182
width: 0.03121319199057715
height: 0.03227272727272727
Area: 0.0003806617410857694
CentroidX: 0.3803
CentroidY: 0.7507
