Location: 2025-04-16_190936-1.png_Otsu.png
Component: component_1744835619430_141.png
centerX: 0.2232037691401649
centerY: 0.3659090909090909
width: 0.035924617196702
height: 0.030454545454545453
Area: 0.000375307848806082
CentroidX: 0.2417
CentroidY: 0.3781
