Location: 2025-04-16_191201-1.png_Gaussian-Median.png
Component: component_1744835618861_223.png
centerX: 0.8663133097762074
centerY: 0.42045454545454547
width: 0.03297997644287397
height: 0.035454545454545454
Area: 0.000399400364064675
CentroidX: 0.8840
CentroidY: 0.4350
