Location: 2025-04-16_190936-1.png_Otsu.png
Component: component_1744835619440_166.png
centerX: 0.3504122497055359
centerY: 0.4622727272727273
width: 0.03651354534746761
height: 0.031818181818181815
Area: 0.00037022165114037903
CentroidX: 0.3691
CentroidY: 0.4743
