Location: 2025-04-16_190936-1.png_Gaussian-Median.png
Component: component_1744835619007_257.png
centerX: 0.10424028268551237
centerY: 0.6081818181818182
width: 0.03356890459363958
height: 0.03272727272727273
Area: 0.0004052896455723311
CentroidX: 0.1214
CentroidY: 0.6205
