Location: 2025-04-16_190936-1.png_Gaussian-Median.png
Component: component_1744835618972_84.png
centerX: 0.6042402826855123
centerY: 0.15863636363636363
width: 0.04004711425206125
height: 0.035
Area: 0.0004944319520291252
CentroidX: 0.6250
CentroidY: 0.1731
