Location: 2025-04-16_190936-1.png_Mean-Medain.png
Component: component_1744835619301_162.png
centerX: 0.5247349823321554
centerY: 0.4118181818181818
width: 0.03769140164899882
height: 0.029545454545454545
Area: 0.0004275082985330335
CentroidX: 0.5446
CentroidY: 0.4236
