Location: 2025-04-16_190936-1.png_Otsu.png
Component: component_1744835619424_121.png
centerX: 0.7014134275618374
centerY: 0.31863636363636366
width: 0.03415783274440518
height: 0.028636363636363637
Area: 0.0003573723096691295
CentroidX: 0.7177
CentroidY: 0.3296
