Location: 2025-04-16_190936-1.png_Gaussian-Median.png
Component: component_1744835619069_364.png
centerX: 0.15959952885747938
centerY: 0.8827272727272727
width: 0.03415783274440518
height: 0.03227272727272727
Area: 0.00039592033408287824
CentroidX: 0.1769
CentroidY: 0.8955
