Location: 2025-04-16_190936-1.png_Gaussian-Median.png
Component: component_1744835619086_373.png
centerX: 0.3833922261484099
centerY: 0.9231818181818182
width: 0.03415783274440518
height: 0.03318181818181818
Area: 0.0004438376699860799
CentroidX: 0.4007
CentroidY: 0.9361
