Location: 2025-04-16_190936-1.png_Gaussian-Median.png
Component: component_1744835619005_249.png
centerX: 0.525323910482921
centerY: 0.6027272727272728
width: 0.037102473498233215
height: 0.031818181818181815
Area: 0.00044678231073990793
CentroidX: 0.5448
CentroidY: 0.6140
