Location: 2025-04-16_191201-1.png_Gaussian-Median.png
Component: component_1744835618854_191.png
centerX: 0.6878680800942285
centerY: 0.37727272727272726
width: 0.03121319199057715
height: 0.03772727272727273
Area: 0.00044571153228397043
CentroidX: 0.7039
CentroidY: 0.3929
