Location: 2025-04-16_190936-1.png_Otsu.png
Component: component_1744835619520_340.png
centerX: 0.2714958775029446
centerY: 0.9263636363636364
width: 0.034746760895170786
height: 0.035
Area: 0.00041439126244779956
CentroidX: 0.2875
CentroidY: 0.9403
