Location: 2025-04-16_190936-1.png_Otsu.png
Component: component_1744835619467_213.png
centerX: 0.7526501766784452
centerY: 0.6022727272727273
width: 0.04181389870435807
height: 0.03
Area: 0.0004130527893778777
CentroidX: 0.7732
CentroidY: 0.6129
