Location: 2025-04-16_190936-1.png_Mean-Medain.png
Component: component_1744835619320_209.png
centerX: 0.22438162544169613
centerY: 0.515
width: 0.037102473498233215
height: 0.028181818181818183
Area: 0.000415462040903737
CentroidX: 0.2430
CentroidY: 0.5262
