Location: 2025-04-16_191201-1.png_Gaussian-Median.png
Component: component_1744835618859_215.png
centerX: 0.5482921083627798
centerY: 0.41818181818181815
width: 0.03297997644287397
height: 0.038181818181818185
Area: 0.0004109112324660028
CentroidX: 0.5662
CentroidY: 0.4334
