Location: 2025-04-16_191201-1.png_Gaussian-Median.png
Component: component_1744835618934_539.png
centerX: 0.22025912838633688
centerY: 0.9568181818181818
width: 0.03180212014134275
height: 0.03
Area: 0.00036352928579076987
CentroidX: 0.2367
CentroidY: 0.9691
