Location: 2025-04-16_190936-1.png_Gaussian-Median.png
Component: component_1744835618998_216.png
centerX: 0.4823321554770318
centerY: 0.5072727272727273
width: 0.037102473498233215
height: 0.029545454545454545
Area: 0.00040314808866045613
CentroidX: 0.5002
CentroidY: 0.5191
