Location: 2025-04-16_190936-1.png_Mean-Medain.png
Component: component_1744835619276_107.png
centerX: 0.8992932862190812
centerY: 0.26636363636363636
width: 0.03297997644287397
height: 0.03227272727272727
Area: 0.00044945925687975155
CentroidX: 0.9160
CentroidY: 0.2799
