Location: 2025-04-16_190936-1.png_Mean-Medain.png
Component: component_1744835619264_58.png
centerX: 0.6878680800942285
centerY: 0.11272727272727273
width: 0.03356890459363958
height: 0.02909090909090909
Area: 0.00038494485490951923
CentroidX: 0.7047
CentroidY: 0.1241
