Location: 2025-04-16_191201-1.png_Gaussian-Median.png
Component: component_1744835618929_518.png
centerX: 0.14723203769140164
centerY: 0.9181818181818182
width: 0.03297997644287397
height: 0.03363636363636364
Area: 0.000375307848806082
CentroidX: 0.1639
CentroidY: 0.9325
