Location: 2025-04-16_190936-1.png_Otsu.png
Component: component_1744835619405_38.png
centerX: 0.10954063604240283
centerY: 0.07272727272727272
width: 0.02944640753828033
height: 0.029545454545454545
Area: 0.00034023985437413
CentroidX: 0.1246
CentroidY: 0.0848
