Location: 2025-04-16_190936-1.png_Mean-Medain.png
Component: component_1744835619345_302.png
centerX: 0.29858657243816256
centerY: 0.735909090909091
width: 0.037102473498233215
height: 0.03363636363636364
Area: 0.00044089302923225185
CentroidX: 0.3175
CentroidY: 0.7492
