Location: 2025-04-16_190936-1.png_Mean-Medain.png
Component: component_1744835619272_90.png
centerX: 0.7226148409893993
centerY: 0.20909090909090908
width: 0.03651354534746761
height: 0.030454545454545453
Area: 0.00044249919691615803
CentroidX: 0.7415
CentroidY: 0.2215
