Location: 2025-04-16_190936-1.png_Mean-Medain.png
Component: component_1744835619266_65.png
centerX: 0.11071849234393404
centerY: 0.11772727272727272
width: 0.030035335689045935
height: 0.028636363636363637
Area: 0.00040314808866045613
CentroidX: 0.1263
CentroidY: 0.1295
