Location: 2025-04-16_191201-1.png_Gaussian-Median.png
Component: component_1744835618921_479.png
centerX: 0.4958775029446408
centerY: 0.8663636363636363
width: 0.03180212014134275
height: 0.03681818181818182
Area: 0.00036352928579076987
CentroidX: 0.5115
CentroidY: 0.8809
