Location: 2025-04-16_190936-1.png_Mean-Medain.png
Component: component_1744835619322_221.png
centerX: 0.6890459363957597
centerY: 0.5509090909090909
width: 0.03651354534746761
height: 0.035454545454545454
Area: 0.000444640753828033
CentroidX: 0.7074
CentroidY: 0.5650
