Location: 2025-04-16_190936-1.png_Gaussian-Median.png
Component: component_1744835618973_93.png
centerX: 0.1071849234393404
centerY: 0.16772727272727272
width: 0.035924617196702
height: 0.029545454545454545
Area: 0.0004026126994324874
CentroidX: 0.1257
CentroidY: 0.1795
