Location: 2025-04-16_190936-1.png_Otsu.png
Component: component_1744835619488_245.png
centerX: 0.709658421672556
centerY: 0.6827272727272727
width: 0.034746760895170786
height: 0.030454545454545453
Area: 0.0003715601242103009
CentroidX: 0.7270
CentroidY: 0.6943
