Location: 2025-04-16_190936-1.png_Mean-Medain.png
Component: component_1744835619304_178.png
centerX: 0.8162544169611308
centerY: 0.4590909090909091
width: 0.0353356890459364
height: 0.03227272727272727
Area: 0.00042616982546311166
CentroidX: 0.8341
CentroidY: 0.4717
