Location: 2025-04-16_190936-1.png_Mean-Medain.png
Component: component_1744835619284_144.png
centerX: 0.817432273262662
centerY: 0.3572727272727273
width: 0.03769140164899882
height: 0.031363636363636364
Area: 0.00044356997537209553
CentroidX: 0.8363
CentroidY: 0.3700
