Location: 2025-04-16_190936-1.png_Otsu.png
Component: component_1744835619420_102.png
centerX: 0.5135453474676089
centerY: 0.27136363636363636
width: 0.03180212014134275
height: 0.03090909090909091
Area: 0.00038307099261162864
CentroidX: 0.5301
CentroidY: 0.2832
