Location: easy43_Mean-Closing.png
Component: component_1744297380572_195.png
centerX: 0.6215235792019347
centerY: 0.17400598546387344
width: 0.013301088270858524
height: 0.010260795211628902
Area: 6.953229322672748e-05
CentroidX: 0.6274
CentroidY: 0.1783
