Location: easy21_Mean-Medain.png
Component: component_1744297381146_1183.png
centerX: 0.1314516129032258
centerY: 0.8797892720306514
width: 0.02338709677419355
height: 0.01532567049808429
Area: 0.00011548325299715734
CentroidX: 0.1427
CentroidY: 0.8857
