Location: 2025-04-16_191201-1.png_Gaussian-Median.png
Component: component_1744835618844_148.png
centerX: 0.2497055359246172
centerY: 0.29045454545454547
width: 0.027090694935217905
height: 0.03909090909090909
Area: 0.00038735410643537854
CentroidX: 0.2643
CentroidY: 0.3067
