Location: 2025-04-16_191201-1.png_Gaussian-Median.png
Component: component_1744835618837_124.png
centerX: 0.7131919905771495
centerY: 0.24545454545454545
width: 0.03121319199057715
height: 0.038181818181818185
Area: 0.0004213513224113931
CentroidX: 0.7294
CentroidY: 0.2617
