Location: easy21_Mean-Medain.png
Component: component_1744297380831_332.png
centerX: 0.4637096774193548
centerY: 0.31417624521072796
width: 0.025
height: 0.014846743295019157
Area: 0.0001185731059201582
CentroidX: 0.4760
CentroidY: 0.3200
