Location: 2025-04-16_190936-1.png_Otsu.png
Component: component_1744835619441_173.png
centerX: 0.6584216725559482
centerY: 0.4631818181818182
width: 0.03180212014134275
height: 0.028636363636363637
Area: 0.00034612913588178605
CentroidX: 0.6740
CentroidY: 0.4743
