Location: 2025-04-16_191201-1.png_Gaussian-Median.png
Component: component_1744835618918_461.png
centerX: 0.14782096584216725
centerY: 0.8268181818181818
width: 0.034746760895170786
height: 0.03409090909090909
Area: 0.0003956526394688939
CentroidX: 0.1649
CentroidY: 0.8410
