Location: 2025-04-16_190936-1.png_Otsu.png
Component: component_1744835619499_293.png
centerX: 0.7873969375736161
centerY: 0.8186363636363636
width: 0.03356890459363958
height: 0.03409090909090909
Area: 0.00041519434628975265
CentroidX: 0.8046
CentroidY: 0.8332
