Location: 2025-04-16_190936-1.png_Otsu.png
Component: component_1744835619403_27.png
centerX: 0.892226148409894
centerY: 0.06954545454545455
width: 0.030035335689045935
height: 0.02727272727272727
Area: 0.00033890138130420816
CentroidX: 0.9065
CentroidY: 0.0805
