Location: 2025-04-16_190936-1.png_Otsu.png
Component: component_1744835619423_113.png
centerX: 0.8515901060070671
centerY: 0.315
width: 0.03180212014134275
height: 0.031818181818181815
Area: 0.0003664739265445979
CentroidX: 0.8680
CentroidY: 0.3279
