Location: 2025-04-16_190936-1.png_Otsu.png
Component: component_1744835619494_273.png
centerX: 0.10895170789163722
centerY: 0.745
width: 0.03769140164899882
height: 0.02909090909090909
Area: 0.00036540314808866046
CentroidX: 0.1280
CentroidY: 0.7558
