Location: 2025-04-16_190936-1.png_Gaussian-Median.png
Component: component_1744835618974_98.png
centerX: 0.8910482921083628
centerY: 0.2081818181818182
width: 0.034746760895170786
height: 0.031818181818181815
Area: 0.0004333975800406896
CentroidX: 0.9077
CentroidY: 0.2203
