Location: 2025-04-16_191201-1.png_Gaussian-Median.png
Component: component_1744835618856_199.png
centerX: 0.4752650176678445
centerY: 0.3795454545454545
width: 0.03297997644287397
height: 0.03636363636363636
Area: 0.0004068958132562373
CentroidX: 0.4932
CentroidY: 0.3943
