Location: easy26_Mean-Closing.png
Component: component_1744297382007_306.png
centerX: 0.8887096774193548
centerY: 0.23275862068965517
width: 0.025
height: 0.014846743295019157
Area: 0.00011973180076628352
CentroidX: 0.9012
CentroidY: 0.2385
