Location: 2025-04-16_190936-1.png_Otsu.png
Component: component_1744835619511_310.png
centerX: 0.04888103651354535
centerY: 0.84
width: 0.030624263839811542
height: 0.026363636363636363
Area: 0.0003265874290609273
CentroidX: 0.0644
CentroidY: 0.8511
