Location: easy43_Mean-Closing.png
Component: component_1744297380696_1215.png
centerX: 0.44740024183796856
centerY: 0.698589140658401
width: 0.013301088270858524
height: 0.010260795211628902
Area: 7.004926194960279e-05
CentroidX: 0.4537
CentroidY: 0.7028
