Location: easy26_Mean-Closing.png
Component: component_1744297382092_578.png
centerX: 0.12338709677419354
centerY: 0.39176245210727967
width: 0.02338709677419355
height: 0.014367816091954023
Area: 0.00010196514645902856
CentroidX: 0.1347
CentroidY: 0.3975
