Location: 2025-04-16_190936-1.png_Gaussian-Median.png
Component: component_1744835618974_99.png
centerX: 0.7232037691401649
centerY: 0.20909090909090908
width: 0.0353356890459364
height: 0.030454545454545453
Area: 0.00042670521469108044
CentroidX: 0.7415
CentroidY: 0.2214
