Location: 2025-04-16_190936-1.png_Mean-Medain.png
Component: component_1744835619331_238.png
centerX: 0.6919905771495878
centerY: 0.6013636363636363
width: 0.03651354534746761
height: 0.03
Area: 0.0004242959631652211
CentroidX: 0.7108
CentroidY: 0.6130
