Location: 2025-04-16_191201-1.png_Gaussian-Median.png
Component: component_1744835618847_159.png
centerX: 0.5141342756183745
centerY: 0.2927272727272727
width: 0.02767962308598351
height: 0.03636363636363636
Area: 0.00040876967555412785
CentroidX: 0.5279
CentroidY: 0.3082
