Location: easy21_Mean-Medain.png
Component: component_1744297380912_719.png
centerX: 0.08709677419354839
centerY: 0.5646551724137931
width: 0.02338709677419355
height: 0.013888888888888888
Area: 0.00010312384130515387
CentroidX: 0.0983
CentroidY: 0.5699
