Location: 2025-04-16_190936-1.png_Gaussian-Median.png
Component: component_1744835619022_301.png
centerX: 0.5265017667844523
centerY: 0.7318181818181818
width: 0.0353356890459364
height: 0.031363636363636364
Area: 0.000415462040903737
CentroidX: 0.5437
CentroidY: 0.7443
