Location: 2025-04-16_190936-1.png_Gaussian-Median.png
Component: component_1744835619014_282.png
centerX: 0.42579505300353354
centerY: 0.6877272727272727
width: 0.03769140164899882
height: 0.03409090909090909
Area: 0.0004470500053538923
CentroidX: 0.4454
CentroidY: 0.7011
