Location: 2025-04-16_190936-1.png_Mean-Medain.png
Component: component_1744835619231_21.png
centerX: 0.6802120141342756
centerY: 0.029545454545454545
width: 0.026501766784452298
height: 0.03409090909090909
Area: 0.00040636042402826853
CentroidX: 0.6925
CentroidY: 0.0441
