Location: 2025-04-16_190936-1.png_Mean-Medain.png
Component: component_1744835619377_405.png
centerX: 0.17137809187279152
centerY: 0.9713636363636363
width: 0.037102473498233215
height: 0.028636363636363637
Area: 0.0004342006638826427
CentroidX: 0.1901
CentroidY: 0.9841
