Location: 2025-04-16_191201-1.png_Gaussian-Median.png
Component: component_1744835618857_207.png
centerX: 0.26089517078916374
centerY: 0.38136363636363635
width: 0.02767962308598351
height: 0.034545454545454546
Area: 0.00040073883713459687
CentroidX: 0.2756
CentroidY: 0.3949
