Location: 2025-04-16_191201-1.png_Gaussian-Median.png
Component: component_1744835618841_143.png
centerX: 0.6266195524146054
centerY: 0.2881818181818182
width: 0.03121319199057715
height: 0.04045454545454545
Area: 0.00041519434628975265
CentroidX: 0.6428
CentroidY: 0.3040
