Location: 2025-04-16_191201-1.png_Gaussian-Median.png
Component: component_1744835618866_249.png
centerX: 0.4469964664310954
centerY: 0.4631818181818182
width: 0.028268551236749116
height: 0.03636363636363636
Area: 0.00038494485490951923
CentroidX: 0.4601
CentroidY: 0.4782
