Location: 2025-04-16_191201-1.png_Gaussian-Median.png
Component: component_1744835618847_162.png
centerX: 0.8280329799764429
centerY: 0.29454545454545455
width: 0.027090694935217905
height: 0.035
Area: 0.0003683477888424885
CentroidX: 0.8425
CentroidY: 0.3084
