Location: 2025-04-16_190936-1.png_Gaussian-Median.png
Component: component_1744835618980_132.png
centerX: 0.8510011778563016
centerY: 0.315
width: 0.032391048292108364
height: 0.03227272727272727
Area: 0.00040234500481850304
CentroidX: 0.8679
CentroidY: 0.3279
