Location: 2025-04-16_190936-1.png_Gaussian-Median.png
Component: component_1744835619068_360.png
centerX: 0.36984687868080096
centerY: 0.8777272727272727
width: 0.035924617196702
height: 0.03318181818181818
Area: 0.0004317914123567834
CentroidX: 0.3880
CentroidY: 0.8907
