Location: 2025-04-16_190936-1.png_Otsu.png
Component: component_1744835619522_353.png
centerX: 0.4493521790341578
centerY: 0.97
width: 0.03415783274440518
height: 0.029545454545454545
Area: 0.00038788949566334727
CentroidX: 0.4661
CentroidY: 0.9825
