Location: 2025-04-16_191201-1.png_Gaussian-Median.png
Component: component_1744835618882_333.png
centerX: 0.9434628975265018
centerY: 0.634090909090909
width: 0.027090694935217905
height: 0.038181818181818185
Area: 0.000327122818288896
CentroidX: 0.9579
CentroidY: 0.6496
