Location: 2025-04-16_190936-1.png_Gaussian-Median.png
Component: component_1744835619030_310.png
centerX: 0.10895170789163722
centerY: 0.7445454545454545
width: 0.03828032979976443
height: 0.03
Area: 0.00041278509476389333
CentroidX: 0.1279
CentroidY: 0.7559
