Location: 2025-04-16_190936-1.png_Otsu.png
Component: component_1744835619399_8.png
centerX: 0.6260306242638398
centerY: 0.028636363636363637
width: 0.03180212014134275
height: 0.031818181818181815
Area: 0.00037504015419209766
CentroidX: 0.6414
CentroidY: 0.0415
