Location: 2025-04-16_191201-1.png_Gaussian-Median.png
Component: component_1744835618877_305.png
centerX: 0.15783274440518258
centerY: 0.5531818181818182
width: 0.027090694935217905
height: 0.031818181818181815
Area: 0.0003656708427026448
CentroidX: 0.1711
CentroidY: 0.5666
