Location: 2025-04-16_191201-1.png_Gaussian-Median.png
Component: component_1744835618884_341.png
centerX: 0.8810365135453475
centerY: 0.6363636363636364
width: 0.025323910482921083
height: 0.03636363636363636
Area: 0.00031400578220366204
CentroidX: 0.8941
CentroidY: 0.6510
