Location: 2025-04-16_190936-1.png_Otsu.png
Component: component_1744835619445_183.png
centerX: 0.4823321554770318
centerY: 0.5077272727272727
width: 0.037102473498233215
height: 0.028636363636363637
Area: 0.00036219081272084806
CentroidX: 0.5003
CentroidY: 0.5190
