Location: 2025-04-16_190936-1.png_Gaussian-Median.png
Component: component_1744835619005_251.png
centerX: 0.8604240282685512
centerY: 0.6027272727272728
width: 0.03121319199057715
height: 0.03
Area: 0.0003742370703501446
CentroidX: 0.8748
CentroidY: 0.6147
