Location: 2025-04-16_190936-1.png_Otsu.png
Component: component_1744835619440_164.png
centerX: 0.47644287396937574
centerY: 0.46090909090909093
width: 0.03121319199057715
height: 0.035
Area: 0.00038414177106756614
CentroidX: 0.4914
CentroidY: 0.4753
