Location: 2025-04-16_190936-1.png_Otsu.png
Component: component_1744835619428_133.png
centerX: 0.7002355712603062
centerY: 0.35909090909090907
width: 0.034746760895170786
height: 0.03
Area: 0.00035897847735303566
CentroidX: 0.7174
CentroidY: 0.3710
