Location: 2025-04-16_190936-1.png_Gaussian-Median.png
Component: component_1744835618997_209.png
centerX: 0.7732626619552415
centerY: 0.5045454545454545
width: 0.03828032979976443
height: 0.03363636363636364
Area: 0.0004740871613663133
CentroidX: 0.7911
CentroidY: 0.5183
