Location: 2025-04-16_190936-1.png_Mean-Medain.png
Component: component_1744835619321_210.png
centerX: 0.04770318021201413
centerY: 0.5159090909090909
width: 0.039458186101295645
height: 0.031363636363636364
Area: 0.0004242959631652211
CentroidX: 0.0678
CentroidY: 0.5284
