Location: 2025-04-16_191201-1.png_Gaussian-Median.png
Component: component_1744835618878_312.png
centerX: 0.8610129564193169
centerY: 0.5890909090909091
width: 0.02767962308598351
height: 0.03681818181818182
Area: 0.0003755755434200664
CentroidX: 0.8751
CentroidY: 0.6050
