Location: 2025-04-16_191201-1.png_Gaussian-Median.png
Component: component_1744835618889_370.png
centerX: 0.37750294464075385
centerY: 0.6913636363636364
width: 0.03356890459363958
height: 0.035454545454545454
Area: 0.0003536245850733483
CentroidX: 0.3956
CentroidY: 0.7054
