Location: 2025-04-16_191201-1.png_Gaussian-Median.png
Component: component_1744835618881_325.png
centerX: 0.31802120141342755
centerY: 0.5927272727272728
width: 0.030035335689045935
height: 0.03772727272727273
Area: 0.0004122497055359246
CentroidX: 0.3334
CentroidY: 0.6083
