Location: 2025-04-16_190936-1.png_Mean-Medain.png
Component: component_1744835619230_17.png
centerX: 0.7226148409893993
centerY: 0.028181818181818183
width: 0.03121319199057715
height: 0.031818181818181815
Area: 0.0003935110825570189
CentroidX: 0.7381
CentroidY: 0.0413
