Location: easy43_Mean-Closing.png
Component: component_1744297380569_169.png
centerX: 0.4987908101571947
centerY: 0.15391192817443353
width: 0.012696493349455865
height: 0.00983326207781103
Area: 7.030774631104044e-05
CentroidX: 0.5050
CentroidY: 0.1579
