Location: 2025-04-16_190936-1.png_Otsu.png
Component: component_1744835619417_85.png
centerX: 0.5064782096584217
centerY: 0.21272727272727274
width: 0.0353356890459364
height: 0.03272727272727273
Area: 0.0003870864118213942
CentroidX: 0.5234
CentroidY: 0.2257
