Location: 2025-04-16_190936-1.png_Mean-Medain.png
Component: component_1744835619370_364.png
centerX: 0.42285041224970554
centerY: 0.8759090909090909
width: 0.04122497055359246
height: 0.03090909090909091
Area: 0.0004459792268979548
CentroidX: 0.4428
CentroidY: 0.8872
