Location: easy16_Gaussian-Median.png
Component: component_1744297381637_40.png
centerX: 0.7540322580645161
centerY: 0.042624521072796934
width: 0.024193548387096774
height: 0.014846743295019157
Area: 0.00011625571622790755
CentroidX: 0.7657
CentroidY: 0.0481
