Location: 2025-04-16_190936-1.png_Mean-Medain.png
Component: component_1744835619340_275.png
centerX: 0.5965842167255595
centerY: 0.6859090909090909
width: 0.03651354534746761
height: 0.028636363636363637
Area: 0.00039324338794303456
CentroidX: 0.6147
CentroidY: 0.6971
