Location: 2025-04-16_190936-1.png_Otsu.png
Component: component_1744835619491_260.png
centerX: 0.8468786808009423
centerY: 0.7236363636363636
width: 0.0353356890459364
height: 0.029545454545454545
Area: 0.0003820002141556912
CentroidX: 0.8642
CentroidY: 0.7357
