Location: 2025-04-16_191201-1.png_Gaussian-Median.png
Component: component_1744835618816_43.png
centerX: 0.2767962308598351
centerY: 0.07136363636363637
width: 0.034746760895170786
height: 0.04090909090909091
Area: 0.0005265553057072492
CentroidX: 0.2940
CentroidY: 0.0898
