Location: 2025-04-16_191201-1.png_Gaussian-Median.png
Component: component_1744835618887_358.png
centerX: 0.9687868080094229
centerY: 0.6836363636363636
width: 0.026501766784452298
height: 0.03727272727272727
Area: 0.000372363208052254
CentroidX: 0.9828
CentroidY: 0.7001
