Location: 2025-04-16_191201-1.png_Gaussian-Median.png
Component: component_1744835618825_78.png
centerX: 0.47762073027090696
centerY: 0.12181818181818181
width: 0.03180212014134275
height: 0.03409090909090909
Area: 0.00046284398757896994
CentroidX: 0.4950
CentroidY: 0.1350
