Location: 2025-04-16_191201-1.png_Gaussian-Median.png
Component: component_1744835618896_403.png
centerX: 0.558303886925795
centerY: 0.7377272727272727
width: 0.028857479387514724
height: 0.03090909090909091
Area: 0.0003394367705321769
CentroidX: 0.5733
CentroidY: 0.7500
