Location: 2025-04-16_191201-1.png_Gaussian-Median.png
Component: component_1744835618924_493.png
centerX: 0.7620730270906949
centerY: 0.9045454545454545
width: 0.032391048292108364
height: 0.03590909090909091
Area: 0.0003961880286968626
CentroidX: 0.7789
CentroidY: 0.9192
