Location: easy43_Mean-Closing.png
Component: component_1744297380719_1409.png
centerX: 0.7605804111245466
centerY: 0.7866609662248825
width: 0.013301088270858524
height: 0.010260795211628902
Area: 6.823987141953925e-05
CentroidX: 0.7669
CentroidY: 0.7913
