Location: 2025-04-16_190936-1.png_Mean-Medain.png
Component: component_1744835619376_400.png
centerX: 0.2832744405182568
centerY: 0.9690909090909091
width: 0.037102473498233215
height: 0.03090909090909091
Area: 0.00043312988542670524
CentroidX: 0.3013
CentroidY: 0.9816
