Location: 2025-04-16_191201-1.png_Gaussian-Median.png
Component: component_1744835618851_174.png
centerX: 0.09363957597173145
centerY: 0.3381818181818182
width: 0.027090694935217905
height: 0.034545454545454546
Area: 0.00036219081272084806
CentroidX: 0.1073
CentroidY: 0.3529
