Location: 2025-04-16_190936-1.png_Otsu.png
Component: component_1744835619422_111.png
centerX: 0.10129564193168433
centerY: 0.275
width: 0.03651354534746761
height: 0.030454545454545453
Area: 0.00040100653174858123
CentroidX: 0.1203
CentroidY: 0.2873
