Location: 2025-04-16_190936-1.png_Gaussian-Median.png
Component: component_1744835618984_153.png
centerX: 0.7603062426383981
centerY: 0.3577272727272727
width: 0.037102473498233215
height: 0.029545454545454545
Area: 0.00039270799871506584
CentroidX: 0.7789
CentroidY: 0.3698
