Location: 2025-04-16_190936-1.png_Gaussian-Median.png
Component: component_1744835618983_147.png
centerX: 0.043580683156654886
centerY: 0.32227272727272727
width: 0.03651354534746761
height: 0.03681818181818182
Area: 0.00046418246064889175
CentroidX: 0.0622
CentroidY: 0.3377
