Location: easy21_Mean-Medain.png
Component: component_1744297381128_1122.png
centerX: 0.3
centerY: 0.8362068965517241
width: 0.025
height: 0.014846743295019157
Area: 0.00011741441107403287
CentroidX: 0.3123
CentroidY: 0.8417
