Location: 2025-04-16_190936-1.png_Gaussian-Median.png
Component: component_1744835619084_370.png
centerX: 0.43521790341578326
centerY: 0.9213636363636364
width: 0.032391048292108364
height: 0.035
Area: 0.0004355391369525645
CentroidX: 0.4503
CentroidY: 0.9357
