Location: 2025-04-16_190936-1.png_Gaussian-Median.png
Component: component_1744835619004_245.png
centerX: 0.9063604240282686
centerY: 0.600909090909091
width: 0.02944640753828033
height: 0.031363636363636364
Area: 0.0004018096155905343
CentroidX: 0.9202
CentroidY: 0.6143
