Location: 2025-04-16_190936-1.png_Gaussian-Median.png
Component: component_1744835618972_83.png
centerX: 0.49411071849234395
centerY: 0.15863636363636363
width: 0.034746760895170786
height: 0.028636363636363637
Area: 0.00038360638183959736
CentroidX: 0.5124
CentroidY: 0.1697
