Location: 2025-04-16_191201-1.png_Gaussian-Median.png
Component: component_1744835618836_120.png
centerX: 0.7196702002355713
centerY: 0.20727272727272728
width: 0.02591283863368669
height: 0.03227272727272727
Area: 0.00040073883713459687
CentroidX: 0.7316
CentroidY: 0.2207
