Location: 2025-04-16_191201-1.png_Gaussian-Median.png
Component: component_1744835618901_427.png
centerX: 0.4204946996466431
centerY: 0.7763636363636364
width: 0.030035335689045935
height: 0.03409090909090909
Area: 0.00036165542349287933
CentroidX: 0.4358
CentroidY: 0.7907
