Location: 2025-04-16_190936-1.png_Otsu.png
Component: component_1744835619414_77.png
centerX: 0.10777385159010601
centerY: 0.16818181818181818
width: 0.034746760895170786
height: 0.02909090909090909
Area: 0.00036299389656280115
CentroidX: 0.1258
CentroidY: 0.1794
