Location: 2025-04-16_191201-1.png_Gaussian-Median.png
Component: component_1744835618837_126.png
centerX: 0.5259128386336867
centerY: 0.24636363636363637
width: 0.028857479387514724
height: 0.03727272727272727
Area: 0.0004213513224113931
CentroidX: 0.5412
CentroidY: 0.2621
