Location: easy16_Gaussian-Median.png
Component: component_1744297381791_549.png
centerX: 0.05161290322580645
centerY: 0.36159003831417624
width: 0.024193548387096774
height: 0.014367816091954023
Area: 0.00011471078976640712
CentroidX: 0.0634
CentroidY: 0.3668
