Location: 2025-04-16_190936-1.png_Otsu.png
Component: component_1744835619511_309.png
centerX: 0.10541813898704358
centerY: 0.8377272727272728
width: 0.03415783274440518
height: 0.028181818181818183
Area: 0.00035067994431952027
CentroidX: 0.1223
CentroidY: 0.8493
