Location: 2025-04-16_190936-1.png_Otsu.png
Component: component_1744835619405_33.png
centerX: 0.4658421672555948
centerY: 0.07090909090909091
width: 0.02944640753828033
height: 0.02590909090909091
Area: 0.0003105257522218653
CentroidX: 0.4805
CentroidY: 0.0813
