Location: 2025-04-16_191201-1.png_Gaussian-Median.png
Component: component_1744835618922_482.png
centerX: 0.3121319199057715
centerY: 0.8695454545454545
width: 0.02944640753828033
height: 0.03590909090909091
Area: 0.00036540314808866046
CentroidX: 0.3268
CentroidY: 0.8841
