Location: 2025-04-16_191201-1.png_Gaussian-Median.png
Component: component_1744835618837_122.png
centerX: 0.7567726737338045
centerY: 0.245
width: 0.03297997644287397
height: 0.038636363636363635
Area: 0.00044490844844201734
CentroidX: 0.7747
CentroidY: 0.2604
