Location: 2025-04-16_190936-1.png_Otsu.png
Component: component_1744835619405_35.png
centerX: 0.7391048292108363
centerY: 0.07136363636363637
width: 0.030624263839811542
height: 0.025
Area: 0.00030865188992397475
CentroidX: 0.7537
CentroidY: 0.0816
