Location: 2025-04-16_190936-1.png_Gaussian-Median.png
Component: component_1744835619056_340.png
centerX: 0.4923439340400471
centerY: 0.8254545454545454
width: 0.03415783274440518
height: 0.030454545454545453
Area: 0.0003889602741192847
CentroidX: 0.5082
CentroidY: 0.8377
