Location: 2025-04-16_190936-1.png_Otsu.png
Component: component_1744835619501_301.png
centerX: 0.4923439340400471
centerY: 0.8259090909090909
width: 0.03356890459363958
height: 0.03
Area: 0.00035844308812506693
CentroidX: 0.5082
CentroidY: 0.8376
