Location: 2025-04-16_191201-1.png_Gaussian-Median.png
Component: component_1744835618876_302.png
centerX: 0.3168433451118963
centerY: 0.5504545454545454
width: 0.028268551236749116
height: 0.03409090909090909
Area: 0.00039966805867865937
CentroidX: 0.3308
CentroidY: 0.5648
