Location: 2025-04-16_190936-1.png_Gaussian-Median.png
Component: component_1744835618967_55.png
centerX: 0.8875147232037691
centerY: 0.10818181818181818
width: 0.039458186101295645
height: 0.03
Area: 0.0004245636577792055
CentroidX: 0.9076
CentroidY: 0.1203
