Location: 2025-04-16_190936-1.png_Otsu.png
Component: component_1744835619449_192.png
centerX: 0.10954063604240283
centerY: 0.5177272727272727
width: 0.03651354534746761
height: 0.025
Area: 0.0003579076988970982
CentroidX: 0.1281
CentroidY: 0.5278
