Location: 2025-04-16_191201-1.png_Gaussian-Median.png
Component: component_1744835618933_537.png
centerX: 0.3480565371024735
centerY: 0.9559090909090909
width: 0.03415783274440518
height: 0.03090909090909091
Area: 0.00038548024413748795
CentroidX: 0.3646
CentroidY: 0.9686
