Location: 2025-04-16_190936-1.png_Otsu.png
Component: component_1744835619490_259.png
centerX: 0.8987043580683156
centerY: 0.7227272727272728
width: 0.034746760895170786
height: 0.030454545454545453
Area: 0.0003988649748367063
CentroidX: 0.9168
CentroidY: 0.7350
