Location: easy26_Mean-Closing.png
Component: component_1744297382105_645.png
centerX: 0.5
centerY: 0.4363026819923372
width: 0.024193548387096774
height: 0.014367816091954023
Area: 0.00011239340007415647
CentroidX: 0.5112
CentroidY: 0.4416
