Location: 2025-04-16_190936-1.png_Gaussian-Median.png
Component: component_1744835618976_108.png
centerX: 0.16372202591283863
centerY: 0.21681818181818183
width: 0.03180212014134275
height: 0.035
Area: 0.00043072063390084593
CentroidX: 0.1803
CentroidY: 0.2309
