Location: 2025-04-16_190936-1.png_Mean-Medain.png
Component: component_1744835619372_379.png
centerX: 0.7167255594817432
centerY: 0.9218181818181819
width: 0.034746760895170786
height: 0.03681818181818182
Area: 0.00043848377770639254
CentroidX: 0.7335
CentroidY: 0.9375
