Location: 2025-04-16_191201-1.png_Gaussian-Median.png
Component: component_1744835618817_44.png
centerX: 0.1354534746760895
centerY: 0.07181818181818182
width: 0.0353356890459364
height: 0.03954545454545454
Area: 0.0005013920119927187
CentroidX: 0.1531
CentroidY: 0.0879
