Location: 2025-04-16_191201-1.png_Gaussian-Median.png
Component: component_1744835618849_169.png
centerX: 0.8351001177856302
centerY: 0.3368181818181818
width: 0.03121319199057715
height: 0.03590909090909091
Area: 0.00041278509476389333
CentroidX: 0.8517
CentroidY: 0.3511
