Location: 2025-04-16_190936-1.png_Gaussian-Median.png
Component: component_1744835618978_116.png
centerX: 0.6230859835100118
centerY: 0.2686363636363636
width: 0.034746760895170786
height: 0.02727272727272727
Area: 0.00037263090266623835
CentroidX: 0.6400
CentroidY: 0.2796
