Location: 2025-04-16_190936-1.png_Otsu.png
Component: component_1744835619495_278.png
centerX: 0.850412249705536
centerY: 0.78
width: 0.03356890459363958
height: 0.029545454545454545
Area: 0.00034800299817967664
CentroidX: 0.8662
CentroidY: 0.7920
