Location: 2025-04-16_191201-1.png_Gaussian-Median.png
Component: component_1744835618821_58.png
centerX: 0.8533568904593639
centerY: 0.07681818181818181
width: 0.02944640753828033
height: 0.038181818181818185
Area: 0.0004850626405396723
CentroidX: 0.8694
CentroidY: 0.0922
