Location: 2025-04-16_190936-1.png_Mean-Medain.png
Component: component_1744835619302_168.png
centerX: 0.3468786808009423
centerY: 0.41409090909090907
width: 0.039458186101295645
height: 0.03590909090909091
Area: 0.000487739586679516
CentroidX: 0.3665
CentroidY: 0.4284
