Location: easy43_Mean-Closing.png
Component: component_1744297380684_1128.png
centerX: 0.717049576783555
centerY: 0.6549807610089782
width: 0.013301088270858524
height: 0.00983326207781103
Area: 6.255321546791098e-05
CentroidX: 0.7232
CentroidY: 0.6590
