Location: 2025-04-16_190936-1.png_Mean-Medain.png
Component: component_1744835619299_152.png
centerX: 0.6395759717314488
centerY: 0.36
width: 0.03356890459363958
height: 0.03
Area: 0.00038494485490951923
CentroidX: 0.6563
CentroidY: 0.3718
