Location: 2025-04-16_190936-1.png_Mean-Medain.png
Component: component_1744835619298_151.png
centerX: 0.5724381625441696
centerY: 0.36
width: 0.037102473498233215
height: 0.03090909090909091
Area: 0.0004269729093050648
CentroidX: 0.5911
CentroidY: 0.3726
