Location: 2025-04-16_190936-1.png_Mean-Medain.png
Component: component_1744835619352_318.png
centerX: 0.6996466431095406
centerY: 0.7804545454545454
width: 0.03828032979976443
height: 0.03409090909090909
Area: 0.00044410536460006426
CentroidX: 0.7188
CentroidY: 0.7938
