Location: 2025-04-16_190936-1.png_Mean-Medain.png
Component: component_1744835619318_203.png
centerX: 0.5459363957597173
centerY: 0.5077272727272727
width: 0.035924617196702
height: 0.029545454545454545
Area: 0.0004090373701681122
CentroidX: 0.5634
CentroidY: 0.5191
