Location: 2025-04-16_190936-1.png_Gaussian-Median.png
Component: component_1744835618965_40.png
centerX: 0.5706713780918727
centerY: 0.07045454545454545
width: 0.030624263839811542
height: 0.026363636363636363
Area: 0.0003514830281614734
CentroidX: 0.5863
CentroidY: 0.0810
