Location: 2025-04-16_190936-1.png_Mean-Medain.png
Component: component_1744835619281_126.png
centerX: 0.9040047114252061
centerY: 0.31545454545454543
width: 0.035924617196702
height: 0.02909090909090909
Area: 0.00043446835849662705
CentroidX: 0.9215
CentroidY: 0.3280
