Location: 2025-04-16_190936-1.png_Otsu.png
Component: component_1744835619516_325.png
centerX: 0.15959952885747938
centerY: 0.8831818181818182
width: 0.03356890459363958
height: 0.031818181818181815
Area: 0.0003504122497055359
CentroidX: 0.1769
CentroidY: 0.8956
