Location: 2025-04-16_191201-1.png_Gaussian-Median.png
Component: component_1744835618863_232.png
centerX: 0.2626619552414605
centerY: 0.42272727272727273
width: 0.02944640753828033
height: 0.03363636363636364
Area: 0.0003656708427026448
CentroidX: 0.2775
CentroidY: 0.4362
