Location: 2025-04-16_191201-1.png_Gaussian-Median.png
Component: component_1744835618897_410.png
centerX: 0.11130742049469965
centerY: 0.740909090909091
width: 0.032391048292108364
height: 0.03090909090909091
Area: 0.0003892279687332691
CentroidX: 0.1264
CentroidY: 0.7537
