Location: 2025-04-16_190936-1.png_Gaussian-Median.png
Component: component_1744835618960_4.png
centerX: 0.8680800942285041
centerY: 0.02727272727272727
width: 0.03121319199057715
height: 0.03090909090909091
Area: 0.00038092943569975374
CentroidX: 0.8842
CentroidY: 0.0405
