Location: 2025-04-16_190936-1.png_Mean-Medain.png
Component: component_1744835619275_101.png
centerX: 0.2791519434628975
centerY: 0.21636363636363637
width: 0.03121319199057715
height: 0.03090909090909091
Area: 0.00042670521469108044
CentroidX: 0.2942
CentroidY: 0.2289
