Location: 2025-04-16_191201-1.png_Gaussian-Median.png
Component: component_1744835618879_313.png
centerX: 0.9358068315665489
centerY: 0.5890909090909091
width: 0.032391048292108364
height: 0.03681818181818182
Area: 0.00039190491487311275
CentroidX: 0.9535
CentroidY: 0.6039
