Location: 2025-04-16_190936-1.png_Gaussian-Median.png
Component: component_1744835619007_256.png
centerX: 0.35217903415783275
centerY: 0.605
width: 0.03769140164899882
height: 0.028181818181818183
Area: 0.0003921726094870971
CentroidX: 0.3713
CentroidY: 0.6157
