Location: 2025-04-16_190936-1.png_Mean-Medain.png
Component: component_1744835619339_270.png
centerX: 0.9358068315665489
centerY: 0.6795454545454546
width: 0.030035335689045935
height: 0.03318181818181818
Area: 0.00044651461612592357
CentroidX: 0.9499
CentroidY: 0.6931
