Location: 2025-04-16_191201-1.png_Gaussian-Median.png
Component: component_1744835618896_402.png
centerX: 0.5176678445229682
centerY: 0.7372727272727273
width: 0.03121319199057715
height: 0.031818181818181815
Area: 0.00035924617196702
CentroidX: 0.5338
CentroidY: 0.7498
