Location: 2025-04-16_191201-1.png_Gaussian-Median.png
Component: component_1744835618925_498.png
centerX: 0.9422850412249706
centerY: 0.9059090909090909
width: 0.030624263839811542
height: 0.031818181818181815
Area: 0.00043259449619873646
CentroidX: 0.9574
CentroidY: 0.9197
