Location: 2025-04-16_191201-1.png_Gaussian-Median.png
Component: component_1744835618879_317.png
centerX: 0.7879858657243817
centerY: 0.59
width: 0.028857479387514724
height: 0.03636363636363636
Area: 0.0003865510225934254
CentroidX: 0.8035
CentroidY: 0.6047
