Location: 2025-04-16_190936-1.png_Mean-Medain.png
Component: component_1744835619334_248.png
centerX: 0.16372202591283863
centerY: 0.6045454545454545
width: 0.038869257950530034
height: 0.03227272727272727
Area: 0.00043366527465467397
CentroidX: 0.1840
CentroidY: 0.6170
