Location: 2025-04-16_191201-1.png_Gaussian-Median.png
Component: component_1744835618890_372.png
centerX: 0.6012956419316844
centerY: 0.6909090909090909
width: 0.025323910482921083
height: 0.03318181818181818
Area: 0.0003046364707142092
CentroidX: 0.6145
CentroidY: 0.7048
