Location: 2025-04-16_191201-1.png_Gaussian-Median.png
Component: component_1744835618923_490.png
centerX: 0.17373380447585396
centerY: 0.8740909090909091
width: 0.024734982332155476
height: 0.031818181818181815
Area: 0.0003198950637113181
CentroidX: 0.1861
CentroidY: 0.8868
