Location: 2025-04-16_191201-1.png_Gaussian-Median.png
Component: component_1744835618922_484.png
centerX: 0.38574793875147234
centerY: 0.87
width: 0.02767962308598351
height: 0.034545454545454546
Area: 0.00036995395652639467
CentroidX: 0.3999
CentroidY: 0.8842
