Location: 2025-04-16_190936-1.png_Otsu.png
Component: component_1744835619433_155.png
centerX: 0.7685512367491166
centerY: 0.41545454545454547
width: 0.03297997644287397
height: 0.03
Area: 0.0003624585073348324
CentroidX: 0.7842
CentroidY: 0.4275
