Location: 2025-04-16_190936-1.png_Gaussian-Median.png
Component: component_1744835619062_349.png
centerX: 0.048292108362779744
centerY: 0.8395454545454546
width: 0.03180212014134275
height: 0.02727272727272727
Area: 0.0003651354534746761
CentroidX: 0.0643
CentroidY: 0.8512
