Location: easy43_Mean-Closing.png
Component: component_1744297380702_1263.png
centerX: 0.5157194679564692
centerY: 0.7191107310816588
width: 0.012696493349455865
height: 0.00983326207781103
Area: 6.151927802216038e-05
CentroidX: 0.5219
CentroidY: 0.7233
