Location: 2025-04-16_191201-1.png_Gaussian-Median.png
Component: component_1744835618894_395.png
centerX: 0.6755005889281508
centerY: 0.735909090909091
width: 0.02944640753828033
height: 0.031818181818181815
Area: 0.0003386336866902238
CentroidX: 0.6906
CentroidY: 0.7488
