Location: 2025-04-16_190936-1.png_Mean-Medain.png
Component: component_1744835619278_113.png
centerX: 0.568904593639576
centerY: 0.27045454545454545
width: 0.0353356890459364
height: 0.031363636363636364
Area: 0.0004283113823749866
CentroidX: 0.5861
CentroidY: 0.2838
