Location: 2025-04-16_190936-1.png_Gaussian-Median.png
Component: component_1744835618969_66.png
centerX: 0.3745583038869258
centerY: 0.11454545454545455
width: 0.02944640753828033
height: 0.029545454545454545
Area: 0.0003632615911767855
CentroidX: 0.3897
CentroidY: 0.1265
