Location: 2025-04-16_191201-1.png_Gaussian-Median.png
Component: component_1744835618927_507.png
centerX: 0.47762073027090696
centerY: 0.91
width: 0.03180212014134275
height: 0.03636363636363636
Area: 0.0003908341364171753
CentroidX: 0.4942
CentroidY: 0.9248
