Location: 2025-04-16_190936-1.png_Mean-Medain.png
Component: component_1744835619238_44.png
centerX: 0.36984687868080096
centerY: 0.07181818181818182
width: 0.032391048292108364
height: 0.030454545454545453
Area: 0.00040743120248420603
CentroidX: 0.3863
CentroidY: 0.0842
