Location: 2025-04-16_190936-1.png_Gaussian-Median.png
Component: component_1744835619017_290.png
centerX: 0.048292108362779744
centerY: 0.6981818181818182
width: 0.035924617196702
height: 0.031818181818181815
Area: 0.00041760359781561196
CentroidX: 0.0663
CentroidY: 0.7114
