Location: 2025-04-16_190936-1.png_Mean-Medain.png
Component: component_1744835619362_329.png
centerX: 0.5294464075382803
centerY: 0.7859090909090909
width: 0.03297997644287397
height: 0.031363636363636364
Area: 0.00039003105257522216
CentroidX: 0.5463
CentroidY: 0.7987
