Location: 2025-04-16_190936-1.png_Mean-Medain.png
Component: component_1744835619361_325.png
centerX: 0.41519434628975266
centerY: 0.785
width: 0.04063604240282685
height: 0.02909090909090909
Area: 0.000415462040903737
CentroidX: 0.4346
CentroidY: 0.7959
