Location: 2025-04-16_190936-1.png_Gaussian-Median.png
Component: component_1744835619161_396.png
centerX: 0.5017667844522968
centerY: 0.97
width: 0.04240282685512368
height: 0.03
Area: 0.00045588392761537636
CentroidX: 0.5224
CentroidY: 0.9822
