Location: 2025-04-16_190936-1.png_Otsu.png
Component: component_1744835619419_96.png
centerX: 0.8998822143698468
centerY: 0.26681818181818184
width: 0.03180212014134275
height: 0.031818181818181815
Area: 0.0003876218010493629
CentroidX: 0.9160
CentroidY: 0.2798
