Location: 2025-04-16_191201-1.png_Gaussian-Median.png
Component: component_1744835618857_206.png
centerX: 0.13250883392226148
centerY: 0.3809090909090909
width: 0.030035335689045935
height: 0.034545454545454546
Area: 0.00040555734018631544
CentroidX: 0.1483
CentroidY: 0.3952
