Location: 2025-04-16_190936-1.png_Gaussian-Median.png
Component: component_1744835619060_347.png
centerX: 0.16136631330977622
centerY: 0.8363636363636363
width: 0.03415783274440518
height: 0.029545454545454545
Area: 0.0003785201841738944
CentroidX: 0.1790
CentroidY: 0.8481
