Location: 2025-04-16_191201-1.png_Gaussian-Median.png
Component: component_1744835618885_347.png
centerX: 0.4416961130742049
centerY: 0.6409090909090909
width: 0.02944640753828033
height: 0.03636363636363636
Area: 0.0003314059321126459
CentroidX: 0.4566
CentroidY: 0.6554
