Location: 2025-04-16_190936-1.png_Mean-Medain.png
Component: component_1744835619279_121.png
centerX: 0.45111896348645464
centerY: 0.2727272727272727
width: 0.039458186101295645
height: 0.035454545454545454
Area: 0.00046177320912303243
CentroidX: 0.4707
CentroidY: 0.2858
