Location: 2025-04-16_191201-1.png_Gaussian-Median.png
Component: component_1744835618849_171.png
centerX: 0.46937573616018846
centerY: 0.3372727272727273
width: 0.02944640753828033
height: 0.035454545454545454
Area: 0.00039699111253881574
CentroidX: 0.4853
CentroidY: 0.3510
