Location: 2025-04-16_190936-1.png_Otsu.png
Component: component_1744835619414_73.png
centerX: 0.2832744405182568
centerY: 0.165
width: 0.03180212014134275
height: 0.03227272727272727
Area: 0.000388424884891316
CentroidX: 0.2988
CentroidY: 0.1781
