Location: 2025-04-16_190936-1.png_Gaussian-Median.png
Component: component_1744835618999_219.png
centerX: 0.3551236749116608
centerY: 0.5104545454545455
width: 0.0353356890459364
height: 0.026818181818181817
Area: 0.00040288039404647177
CentroidX: 0.3711
CentroidY: 0.5214
