Location: 2025-04-16_191201-1.png_Gaussian-Median.png
Component: component_1744835618822_60.png
centerX: 0.901060070671378
centerY: 0.07818181818181819
width: 0.026501766784452298
height: 0.03727272727272727
Area: 0.0004540100653174858
CentroidX: 0.9145
CentroidY: 0.0942
