Location: easy43_Mean-Closing.png
Component: component_1744297380589_319.png
centerX: 0.40386940749697703
centerY: 0.2804617357845233
width: 0.013301088270858524
height: 0.010260795211628902
Area: 7.496046481691811e-05
CentroidX: 0.4101
CentroidY: 0.2846
