Location: 2025-04-16_191201-1.png_Gaussian-Median.png
Component: component_1744835618923_489.png
centerX: 0.1425206124852768
centerY: 0.8740909090909091
width: 0.023557126030624265
height: 0.03363636363636364
Area: 0.0003330120997965521
CentroidX: 0.1545
CentroidY: 0.8877
