Location: 2025-04-16_190936-1.png_Gaussian-Median.png
Component: component_1744835619068_361.png
centerX: 0.2661955241460542
centerY: 0.8795454545454545
width: 0.032391048292108364
height: 0.038181818181818185
Area: 0.00044945925687975155
CentroidX: 0.2828
CentroidY: 0.8952
