Location: 2025-04-16_191201-1.png_Gaussian-Median.png
Component: component_1744835618933_536.png
centerX: 0.1707891637220259
centerY: 0.9554545454545454
width: 0.03415783274440518
height: 0.031363636363636364
Area: 0.0003972588071528001
CentroidX: 0.1887
CentroidY: 0.9681
