Location: 2025-04-16_190936-1.png_Gaussian-Median.png
Component: component_1744835618981_135.png
centerX: 0.7479387514723204
centerY: 0.31681818181818183
width: 0.03356890459363958
height: 0.03409090909090909
Area: 0.0004363422207945176
CentroidX: 0.7640
CentroidY: 0.3311
