Location: 2025-04-16_191201-1.png_Gaussian-Median.png
Component: component_1744835618818_47.png
centerX: 0.3745583038869258
centerY: 0.07272727272727272
width: 0.035924617196702
height: 0.04
Area: 0.0005104936288681871
CentroidX: 0.3919
CentroidY: 0.0896
