Location: 2025-04-16_190936-1.png_Mean-Medain.png
Component: component_1744835619358_320.png
centerX: 0.8939929328621908
centerY: 0.78
width: 0.03356890459363958
height: 0.029545454545454545
Area: 0.00039832958560873756
CentroidX: 0.9113
CentroidY: 0.7922
