Location: 2025-04-16_191201-1.png_Gaussian-Median.png
Component: component_1744835618872_282.png
centerX: 0.9034157832744405
centerY: 0.5109090909090909
width: 0.035924617196702
height: 0.030454545454545453
Area: 0.0003683477888424885
CentroidX: 0.9215
CentroidY: 0.5232
