Location: 2025-04-16_190936-1.png_Mean-Medain.png
Component: component_1744835619283_135.png
centerX: 0.5771495877502945
centerY: 0.3190909090909091
width: 0.037102473498233215
height: 0.03272727272727273
Area: 0.000428579076988971
CentroidX: 0.5952
CentroidY: 0.3317
