Location: 2025-04-16_191201-1.png_Gaussian-Median.png
Component: component_1744835618810_22.png
centerX: 0.13780918727915195
centerY: 0.02181818181818182
width: 0.0353356890459364
height: 0.038636363636363635
Area: 0.0005233429703394367
CentroidX: 0.1556
CentroidY: 0.0380
