Location: 2025-04-16_190936-1.png_Mean-Medain.png
Component: component_1744835619362_330.png
centerX: 0.3032979976442874
centerY: 0.7863636363636364
width: 0.03415783274440518
height: 0.030454545454545453
Area: 0.000404486561730378
CentroidX: 0.3206
CentroidY: 0.7974
