Location: 2025-04-16_190936-1.png_Mean-Medain.png
Component: component_1744835619371_370.png
centerX: 0.212603062426384
centerY: 0.8809090909090909
width: 0.03297997644287397
height: 0.034545454545454546
Area: 0.0004296498554449084
CentroidX: 0.2288
CentroidY: 0.8958
