Location: 2025-04-16_190936-1.png_Mean-Medain.png
Component: component_1744835619365_344.png
centerX: 0.64075382803298
centerY: 0.8240909090909091
width: 0.03356890459363958
height: 0.028636363636363637
Area: 0.0004114466216939715
CentroidX: 0.6583
CentroidY: 0.8352
