Location: 2025-04-16_191201-1.png_Gaussian-Median.png
Component: component_1744835618866_253.png
centerX: 0.33568904593639576
centerY: 0.4636363636363636
width: 0.02944640753828033
height: 0.03636363636363636
Area: 0.0004018096155905343
CentroidX: 0.3508
CentroidY: 0.4788
