Location: 2025-04-16_190936-1.png_Otsu.png
Component: component_1744835619493_268.png
centerX: 0.46878680800942285
centerY: 0.735909090909091
width: 0.03415783274440518
height: 0.02909090909090909
Area: 0.00037504015419209766
CentroidX: 0.4860
CentroidY: 0.7474
