Location: easy43_Mean-Closing.png
Component: component_1744297380641_742.png
centerX: 0.15719467956469166
centerY: 0.47840957674219753
width: 0.014510278113663845
height: 0.010688328345446772
Area: 8.71092298044876e-05
CentroidX: 0.1639
CentroidY: 0.4836
