Location: 2025-04-16_191201-1.png_Gaussian-Median.png
Component: component_1744835618928_513.png
centerX: 0.29740871613663133
centerY: 0.9154545454545454
width: 0.028268551236749116
height: 0.03409090909090909
Area: 0.0003587107827390513
CentroidX: 0.3116
CentroidY: 0.9297
