Location: 2025-04-16_190936-1.png_Gaussian-Median.png
Component: component_1744835618971_80.png
centerX: 0.5471142520612485
centerY: 0.1572727272727273
width: 0.038869257950530034
height: 0.029545454545454545
Area: 0.0004317914123567834
CentroidX: 0.5667
CentroidY: 0.1694
