Location: 2025-04-16_190936-1.png_Mean-Medain.png
Component: component_1744835619238_39.png
centerX: 0.41813898704358066
centerY: 0.07136363636363637
width: 0.030624263839811542
height: 0.025454545454545455
Area: 0.0003528215012313952
CentroidX: 0.4331
CentroidY: 0.0815
