Location: 2025-04-16_190936-1.png_Otsu.png
Component: component_1744835619487_241.png
centerX: 0.04711425206124853
centerY: 0.6522727272727272
width: 0.03651354534746761
height: 0.029545454545454545
Area: 0.00038869257950530035
CentroidX: 0.0645
CentroidY: 0.6640
