Location: 2025-04-16_191201-1.png_Gaussian-Median.png
Component: component_1744835618886_351.png
centerX: 0.160188457008245
centerY: 0.6436363636363637
width: 0.026501766784452298
height: 0.03636363636363636
Area: 0.00035710461505514507
CentroidX: 0.1736
CentroidY: 0.6586
