Location: 2025-04-16_190936-1.png_Gaussian-Median.png
Component: component_1744835618975_105.png
centerX: 0.44287396937573614
centerY: 0.21363636363636362
width: 0.037102473498233215
height: 0.03590909090909091
Area: 0.0004839918620837349
CentroidX: 0.4624
CentroidY: 0.2282
