Location: 2025-04-16_190936-1.png_Gaussian-Median.png
Component: component_1744835619014_284.png
centerX: 0.5394581861012956
centerY: 0.6886363636363636
width: 0.035924617196702
height: 0.03
Area: 0.00038815719027733163
CentroidX: 0.5571
CentroidY: 0.7000
