Location: 2025-04-16_191201-1.png_Gaussian-Median.png
Component: component_1744835618813_33.png
centerX: 0.232037691401649
centerY: 0.023636363636363636
width: 0.0353356890459364
height: 0.03681818181818182
Area: 0.0005294999464610772
CentroidX: 0.2499
CentroidY: 0.0397
