Location: 2025-04-16_191201-1.png_Gaussian-Median.png
Component: component_1744835618927_509.png
centerX: 0.4387514723203769
centerY: 0.9131818181818182
width: 0.0353356890459364
height: 0.03363636363636364
Area: 0.00039832958560873756
CentroidX: 0.4569
CentroidY: 0.9262
