Location: 2025-04-16_190936-1.png_Otsu.png
Component: component_1744835619506_305.png
centerX: 0.3127208480565371
centerY: 0.8318181818181818
width: 0.03769140164899882
height: 0.03363636363636364
Area: 0.00042402826855123676
CentroidX: 0.3318
CentroidY: 0.8454
