Location: 2025-04-16_190936-1.png_Gaussian-Median.png
Component: component_1744835618973_96.png
centerX: 0.9434628975265018
centerY: 0.20681818181818182
width: 0.02767962308598351
height: 0.03227272727272727
Area: 0.00041385587321983084
CentroidX: 0.9567
CentroidY: 0.2203
