Location: 2025-04-16_190936-1.png_Mean-Medain.png
Component: component_1744835619368_356.png
centerX: 0.048292108362779744
centerY: 0.8395454545454546
width: 0.03180212014134275
height: 0.02727272727272727
Area: 0.00037504015419209766
CentroidX: 0.0642
CentroidY: 0.8511
