Location: 2025-04-16_190936-1.png_Mean-Medain.png
Component: component_1744835619288_149.png
centerX: 0.4010600706713781
centerY: 0.36045454545454547
width: 0.03297997644287397
height: 0.03590909090909091
Area: 0.0004963058143270157
CentroidX: 0.4163
CentroidY: 0.3759
