Location: 2025-04-16_191201-1.png_Gaussian-Median.png
Component: component_1744835618874_291.png
centerX: 0.6171967020023557
centerY: 0.5468181818181819
width: 0.024734982332155476
height: 0.035454545454545454
Area: 0.0003678123996145198
CentroidX: 0.6303
CentroidY: 0.5615
