Location: 2025-04-16_190936-1.png_Otsu.png
Component: component_1744835619487_239.png
centerX: 0.35276796230859836
centerY: 0.649090909090909
width: 0.032391048292108364
height: 0.030454545454545453
Area: 0.0003554984473712389
CentroidX: 0.3693
CentroidY: 0.6610
