Location: 2025-04-16_191201-1.png_Gaussian-Median.png
Component: component_1744835618840_136.png
centerX: 0.37338044758539457
centerY: 0.24727272727272728
width: 0.0353356890459364
height: 0.035454545454545454
Area: 0.0004430345861441268
CentroidX: 0.3924
CentroidY: 0.2620
