Location: 2025-04-16_191201-1.png_Gaussian-Median.png
Component: component_1744835618835_115.png
centerX: 0.4840989399293286
centerY: 0.20681818181818182
width: 0.028857479387514724
height: 0.03272727272727273
Area: 0.0004242959631652211
CentroidX: 0.4992
CentroidY: 0.2206
