Location: 2025-04-16_190936-1.png_Mean-Medain.png
Component: component_1744835619335_253.png
centerX: 0.9199057714958775
centerY: 0.6395454545454545
width: 0.03828032979976443
height: 0.030454545454545453
Area: 0.00046150551450904807
CentroidX: 0.9400
CentroidY: 0.6516
