Location: 2025-04-16_190936-1.png_Gaussian-Median.png
Component: component_1744835619012_277.png
centerX: 0.8256772673733804
centerY: 0.6818181818181818
width: 0.04122497055359246
height: 0.031818181818181815
Area: 0.0004759610236642039
CentroidX: 0.8458
CentroidY: 0.6944
