Location: 2025-04-16_190936-1.png_Gaussian-Median.png
Component: component_1744835619013_279.png
centerX: 0.7090694935217904
centerY: 0.6827272727272727
width: 0.0353356890459364
height: 0.03090909090909091
Area: 0.00040876967555412785
CentroidX: 0.7269
CentroidY: 0.6945
