Location: 2025-04-16_190936-1.png_Otsu.png
Component: component_1744835619490_257.png
centerX: 0.04888103651354535
centerY: 0.6981818181818182
width: 0.0353356890459364
height: 0.031363636363636364
Area: 0.0003801263518578006
CentroidX: 0.0662
CentroidY: 0.7113
