Location: 2025-04-16_191201-1.png_Gaussian-Median.png
Component: component_1744835618869_266.png
centerX: 0.30977620730270905
centerY: 0.5095454545454545
width: 0.028268551236749116
height: 0.035
Area: 0.00038226790876967555
CentroidX: 0.3249
CentroidY: 0.5234
