Location: 2025-04-16_190936-1.png_Otsu.png
Component: component_1744835619423_117.png
centerX: 0.45641931684334514
centerY: 0.31727272727272726
width: 0.03828032979976443
height: 0.031818181818181815
Area: 0.0003820002141556912
CentroidX: 0.4758
CentroidY: 0.3300
