Location: 2025-04-16_191201-1.png_Gaussian-Median.png
Component: component_1744835618893_390.png
centerX: 0.8168433451118964
centerY: 0.7345454545454545
width: 0.030035335689045935
height: 0.03227272727272727
Area: 0.0003378306028482707
CentroidX: 0.8329
CentroidY: 0.7473
