Location: 2025-04-16_190936-1.png_Gaussian-Median.png
Component: component_1744835619051_333.png
centerX: 0.8421672555948174
centerY: 0.8186363636363636
width: 0.03297997644287397
height: 0.03227272727272727
Area: 0.0003929756933290502
CentroidX: 0.8589
CentroidY: 0.8312
