Location: 2025-04-16_190936-1.png_Otsu.png
Component: component_1744835619497_284.png
centerX: 0.6484098939929329
centerY: 0.785
width: 0.03356890459363958
height: 0.028636363636363637
Area: 0.00034880608202162973
CentroidX: 0.6639
CentroidY: 0.7958
