Location: 2025-04-16_190936-1.png_Gaussian-Median.png
Component: component_1744835618996_205.png
centerX: 0.048292108362779744
centerY: 0.4677272727272727
width: 0.034746760895170786
height: 0.03590909090909091
Area: 0.0004419638076881893
CentroidX: 0.0661
CentroidY: 0.4828
