Location: 2025-04-16_190936-1.png_Otsu.png
Component: component_1744835619408_52.png
centerX: 0.7414605418138988
centerY: 0.11409090909090909
width: 0.03356890459363958
height: 0.02590909090909091
Area: 0.0003295320698147553
CentroidX: 0.7576
CentroidY: 0.1241
