Location: easy26_Mean-Closing.png
Component: component_1744297381981_164.png
centerX: 0.6862903225806452
centerY: 0.12308429118773946
width: 0.024193548387096774
height: 0.014367816091954023
Area: 0.00011741441107403287
CentroidX: 0.6983
CentroidY: 0.1285
