Location: 2025-04-16_191201-1.png_Gaussian-Median.png
Component: component_1744835618925_497.png
centerX: 0.9069493521790342
centerY: 0.9054545454545454
width: 0.03180212014134275
height: 0.03272727272727273
Area: 0.00034934147124959845
CentroidX: 0.9238
CentroidY: 0.9189
