Location: 2025-04-16_190936-1.png_Otsu.png
Component: component_1744835619514_319.png
centerX: 0.4840989399293286
centerY: 0.8768181818181818
width: 0.0353356890459364
height: 0.03227272727272727
Area: 0.00038360638183959736
CentroidX: 0.5027
CentroidY: 0.8897
