Location: 2025-04-16_190936-1.png_Otsu.png
Component: component_1744835619467_212.png
centerX: 0.9069493521790342
centerY: 0.600909090909091
width: 0.028268551236749116
height: 0.031363636363636364
Area: 0.0003678123996145198
CentroidX: 0.9202
CentroidY: 0.6142
