Location: 2025-04-16_191201-1.png_Gaussian-Median.png
Component: component_1744835618835_112.png
centerX: 0.28032979976442873
centerY: 0.20636363636363636
width: 0.028857479387514724
height: 0.03318181818181818
Area: 0.0004213513224113931
CentroidX: 0.2948
CentroidY: 0.2207
