Location: 2025-04-16_190936-1.png_Gaussian-Median.png
Component: component_1744835618975_107.png
centerX: 0.3845700824499411
centerY: 0.215
width: 0.03415783274440518
height: 0.031818181818181815
Area: 0.00042616982546311166
CentroidX: 0.4026
CentroidY: 0.2278
