Location: 2025-04-16_190936-1.png_Gaussian-Median.png
Component: component_1744835618978_115.png
centerX: 0.7926972909305064
centerY: 0.2672727272727273
width: 0.0353356890459364
height: 0.034545454545454546
Area: 0.00043125602312881465
CentroidX: 0.8095
CentroidY: 0.2822
