Location: 2025-04-16_190936-1.png_Otsu.png
Component: component_1744835619494_272.png
centerX: 0.17491166077738515
centerY: 0.7413636363636363
width: 0.0353356890459364
height: 0.031818181818181815
Area: 0.00038869257950530035
CentroidX: 0.1919
CentroidY: 0.7533
