Location: easy16_Gaussian-Median.png
Component: component_1744297381907_1176.png
centerX: 0.41935483870967744
centerY: 0.8232758620689655
width: 0.024193548387096774
height: 0.014846743295019157
Area: 0.00011664194784328266
CentroidX: 0.4315
CentroidY: 0.8288
