Location: easy21_Mean-Medain.png
Component: component_1744297380907_691.png
centerX: 0.17983870967741936
centerY: 0.5421455938697318
width: 0.024193548387096774
height: 0.014367816091954023
Area: 0.00010544123099740452
CentroidX: 0.1912
CentroidY: 0.5473
