Location: 2025-04-16_191201-1.png_Gaussian-Median.png
Component: component_1744835618923_488.png
centerX: 0.07597173144876325
centerY: 0.8740909090909091
width: 0.023557126030624265
height: 0.034545454545454546
Area: 0.00034023985437413
CentroidX: 0.0875
CentroidY: 0.8887
