Location: 2025-04-16_191201-1.png_Gaussian-Median.png
Component: component_1744835618859_214.png
centerX: 0.5082449941107184
centerY: 0.41818181818181815
width: 0.028857479387514724
height: 0.038181818181818185
Area: 0.0003787878787878788
CentroidX: 0.5230
CentroidY: 0.4329
