Location: 2025-04-16_190936-1.png_Gaussian-Median.png
Component: component_1744835619063_350.png
centerX: 0.8080094228504122
centerY: 0.865909090909091
width: 0.038869257950530034
height: 0.03681818181818182
Area: 0.0004620409037370168
CentroidX: 0.8272
CentroidY: 0.8803
