Location: 2025-04-16_191201-1.png_Gaussian-Median.png
Component: component_1744835618865_244.png
centerX: 0.48056537102473496
centerY: 0.4622727272727273
width: 0.03121319199057715
height: 0.03727272727272727
Area: 0.0004430345861441268
CentroidX: 0.4946
CentroidY: 0.4780
