Location: 2025-04-16_190936-1.png_Mean-Medain.png
Component: component_1744835619335_251.png
centerX: 0.10424028268551237
centerY: 0.6077272727272728
width: 0.03356890459363958
height: 0.03318181818181818
Area: 0.0004130527893778777
CentroidX: 0.1214
CentroidY: 0.6205
