Location: 2025-04-16_190936-1.png_Otsu.png
Component: component_1744835619400_16.png
centerX: 0.516489988221437
centerY: 0.03
width: 0.03356890459363958
height: 0.03090909090909091
Area: 0.00036808009422850414
CentroidX: 0.5321
CentroidY: 0.0427
