Location: 2025-04-16_190936-1.png_Gaussian-Median.png
Component: component_1744835618963_14.png
centerX: 0.3574793875147232
centerY: 0.03
width: 0.03297997644287397
height: 0.03
Area: 0.00039377877717100334
CentroidX: 0.3737
CentroidY: 0.0426
