Location: 2025-04-16_191201-1.png_Gaussian-Median.png
Component: component_1744835618857_205.png
centerX: 0.4334511189634865
centerY: 0.38
width: 0.030624263839811542
height: 0.03590909090909091
Area: 0.0004374129992504551
CentroidX: 0.4494
CentroidY: 0.3948
