Location: 2025-04-16_190936-1.png_Otsu.png
Component: component_1744835619446_185.png
centerX: 0.5465253239104829
centerY: 0.5081818181818182
width: 0.0353356890459364
height: 0.028636363636363637
Area: 0.0003627262019488168
CentroidX: 0.5635
CentroidY: 0.5190
