Location: 2025-04-16_190936-1.png_Mean-Medain.png
Component: component_1744835619233_31.png
centerX: 0.04946996466431095
centerY: 0.03772727272727273
width: 0.030035335689045935
height: 0.024545454545454544
Area: 0.00033194132134061464
CentroidX: 0.0639
CentroidY: 0.0487
