Location: 2025-04-16_190936-1.png_Otsu.png
Component: component_1744835619405_34.png
centerX: 0.6277974087161367
centerY: 0.07136363636363637
width: 0.03180212014134275
height: 0.028636363636363637
Area: 0.000343184495127958
CentroidX: 0.6434
CentroidY: 0.0831
