Location: easy21_Mean-Medain.png
Component: component_1744297380866_493.png
centerX: 0.5451612903225806
centerY: 0.4267241379310345
width: 0.024193548387096774
height: 0.014846743295019157
Area: 0.00011509702138178222
CentroidX: 0.5569
CentroidY: 0.4325
