Location: easy26_Mean-Closing.png
Component: component_1744297382136_818.png
centerX: 0.5524193548387096
centerY: 0.6580459770114943
width: 0.02338709677419355
height: 0.014367816091954023
Area: 0.00010814485230503028
CentroidX: 0.5641
CentroidY: 0.6637
