Location: 2025-04-16_190936-1.png_Otsu.png
Component: component_1744835619402_22.png
centerX: 0.09481743227326266
centerY: 0.035454545454545454
width: 0.0353356890459364
height: 0.028636363636363637
Area: 0.00035576614198522326
CentroidX: 0.1133
CentroidY: 0.0467
