Location: 2025-04-16_191201-1.png_Gaussian-Median.png
Component: component_1744835618819_48.png
centerX: 0.41813898704358066
centerY: 0.07272727272727272
width: 0.038869257950530034
height: 0.04045454545454545
Area: 0.0005332476710568583
CentroidX: 0.4393
CentroidY: 0.0890
