Location: 2025-04-16_190936-1.png_Mean-Medain.png
Component: component_1744835619373_383.png
centerX: 0.7703180212014135
centerY: 0.9227272727272727
width: 0.03415783274440518
height: 0.03727272727272727
Area: 0.00048238569439982865
CentroidX: 0.7883
CentroidY: 0.9381
