Location: 2025-04-16_190936-1.png_Mean-Medain.png
Component: component_1744835619360_322.png
centerX: 0.803886925795053
centerY: 0.7818181818181819
width: 0.030035335689045935
height: 0.031818181818181815
Area: 0.00040555734018631544
CentroidX: 0.8189
CentroidY: 0.7944
