Location: 2025-04-16_190936-1.png_Otsu.png
Component: component_1744835619421_104.png
centerX: 0.7373380447585395
centerY: 0.27090909090909093
width: 0.03769140164899882
height: 0.03090909090909091
Area: 0.0003929756933290502
CentroidX: 0.7559
CentroidY: 0.2837
