Location: 2025-04-16_191201-1.png_Gaussian-Median.png
Component: component_1744835618880_319.png
centerX: 0.47762073027090696
centerY: 0.5913636363636363
width: 0.03121319199057715
height: 0.03772727272727273
Area: 0.0004149266516757683
CentroidX: 0.4947
CentroidY: 0.6060
