Location: 2025-04-16_190936-1.png_Mean-Medain.png
Component: component_1744835619373_386.png
centerX: 0.16548881036513546
centerY: 0.9268181818181818
width: 0.03415783274440518
height: 0.03090909090909091
Area: 0.00041332048399186206
CentroidX: 0.1825
CentroidY: 0.9392
