Location: 2025-04-16_190936-1.png_Mean-Medain.png
Component: component_1744835619307_191.png
centerX: 0.048292108362779744
centerY: 0.4672727272727273
width: 0.034746760895170786
height: 0.03636363636363636
Area: 0.0004566870114573295
CentroidX: 0.0659
CentroidY: 0.4827
