Location: 2025-04-16_190936-1.png_Mean-Medain.png
Component: component_1744835619329_227.png
centerX: 0.46819787985865724
centerY: 0.555
width: 0.0353356890459364
height: 0.02909090909090909
Area: 0.0004178712924295963
CentroidX: 0.4855
CentroidY: 0.5664
