Location: 2025-04-16_190936-1.png_Otsu.png
Component: component_1744835619422_108.png
centerX: 0.3380447585394582
centerY: 0.2727272727272727
width: 0.03769140164899882
height: 0.029545454545454545
Area: 0.0003897633579612378
CentroidX: 0.3575
CentroidY: 0.2840
