Location: 2025-04-16_191201-1.png_Gaussian-Median.png
Component: component_1744835618845_152.png
centerX: 0.46878680800942285
centerY: 0.2913636363636364
width: 0.02944640753828033
height: 0.03772727272727273
Area: 0.0004004711425206125
CentroidX: 0.4845
CentroidY: 0.3058
