Location: 2025-04-16_190936-1.png_Gaussian-Median.png
Component: component_1744835618981_136.png
centerX: 0.45641931684334514
centerY: 0.31727272727272726
width: 0.038869257950530034
height: 0.031818181818181815
Area: 0.0004232251847092836
CentroidX: 0.4758
CentroidY: 0.3300
