Location: 2025-04-16_191201-1.png_Gaussian-Median.png
Component: component_1744835618932_534.png
centerX: 0.5877502944640753
centerY: 0.955
width: 0.02767962308598351
height: 0.03227272727272727
Area: 0.0003728985972802227
CentroidX: 0.6017
CentroidY: 0.9682
