Location: 2025-04-16_190936-1.png_Mean-Medain.png
Component: component_1744835619361_326.png
centerX: 0.6478209658421673
centerY: 0.7845454545454545
width: 0.03415783274440518
height: 0.02909090909090909
Area: 0.0003889602741192847
CentroidX: 0.6639
CentroidY: 0.7958
