Location: 2025-04-16_191201-1.png_Gaussian-Median.png
Component: component_1744835618891_378.png
centerX: 0.2697290930506478
centerY: 0.6945454545454546
width: 0.028268551236749116
height: 0.03318181818181818
Area: 0.0003193596744833494
CentroidX: 0.2844
CentroidY: 0.7075
