Location: 2025-04-16_190936-1.png_Otsu.png
Component: component_1744835619428_131.png
centerX: 0.8180212014134276
centerY: 0.3572727272727273
width: 0.03651354534746761
height: 0.031363636363636364
Area: 0.0003980618909947532
CentroidX: 0.8363
CentroidY: 0.3699
