Location: easy16_Gaussian-Median.png
Component: component_1744297381644_43.png
centerX: 0.6685483870967742
centerY: 0.04454022988505747
width: 0.024193548387096774
height: 0.014367816091954023
Area: 0.00012127672722778396
CentroidX: 0.6802
CentroidY: 0.0499
