Location: 2025-04-16_191201-1.png_Gaussian-Median.png
Component: component_1744835618880_322.png
centerX: 0.3568904593639576
centerY: 0.5922727272727273
width: 0.02591283863368669
height: 0.03681818181818182
Area: 0.0004036834778884249
CentroidX: 0.3705
CentroidY: 0.6084
