Location: 2025-04-16_190936-1.png_Gaussian-Median.png
Component: component_1744835619002_233.png
centerX: 0.46819787985865724
centerY: 0.555
width: 0.0353356890459364
height: 0.02909090909090909
Area: 0.00040957275939608093
CentroidX: 0.4855
CentroidY: 0.5664
