Location: 2025-04-16_191201-1.png_Gaussian-Median.png
Component: component_1744835618824_70.png
centerX: 0.23027090694935218
centerY: 0.12090909090909091
width: 0.03121319199057715
height: 0.03409090909090909
Area: 0.0004317914123567834
CentroidX: 0.2462
CentroidY: 0.1350
