Location: 2025-04-16_190936-1.png_Otsu.png
Component: component_1744835619471_218.png
centerX: 0.8610129564193169
centerY: 0.6031818181818182
width: 0.030624263839811542
height: 0.029545454545454545
Area: 0.0003399721597601456
CentroidX: 0.8749
CentroidY: 0.6146
