Location: 2025-04-16_190936-1.png_Gaussian-Median.png
Component: component_1744835618996_203.png
centerX: 0.22968197879858657
centerY: 0.4636363636363636
width: 0.034746760895170786
height: 0.03
Area: 0.00039110183103115967
CentroidX: 0.2469
CentroidY: 0.4752
