Location: 2025-04-16_190936-1.png_Mean-Medain.png
Component: component_1744835619301_165.png
centerX: 0.6513545347467609
centerY: 0.4131818181818182
width: 0.03297997644287397
height: 0.034545454545454546
Area: 0.00045133311917764214
CentroidX: 0.6677
CentroidY: 0.4271
