Location: 2025-04-16_190936-1.png_Mean-Medain.png
Component: component_1744835619272_87.png
centerX: 0.9434628975265018
centerY: 0.20681818181818182
width: 0.02767962308598351
height: 0.03227272727272727
Area: 0.0004317914123567834
CentroidX: 0.9567
CentroidY: 0.2203
