Location: 2025-04-16_190936-1.png_Otsu.png
Component: component_1744835619448_191.png
centerX: 0.04770318021201413
centerY: 0.5163636363636364
width: 0.038869257950530034
height: 0.03090909090909091
Area: 0.00037263090266623835
CentroidX: 0.0680
CentroidY: 0.5283
