Location: 2025-04-16_190936-1.png_Gaussian-Median.png
Component: component_1744835619015_287.png
centerX: 0.1772673733804476
centerY: 0.6927272727272727
width: 0.03297997644287397
height: 0.03318181818181818
Area: 0.00041519434628975265
CentroidX: 0.1931
CentroidY: 0.7060
