Location: 2025-04-16_190936-1.png_Mean-Medain.png
Component: component_1744835619375_398.png
centerX: 0.3945818610129564
centerY: 0.9681818181818181
width: 0.035924617196702
height: 0.031818181818181815
Area: 0.00045829317914123567
CentroidX: 0.4122
CentroidY: 0.9820
