Location: easy26_Mean-Closing.png
Component: component_1744297382212_1199.png
centerX: 0.8862903225806451
centerY: 0.9056513409961686
width: 0.024193548387096774
height: 0.014846743295019157
Area: 0.00012822889630453591
CentroidX: 0.8982
CentroidY: 0.9114
