Location: easy16_Gaussian-Median.png
Component: component_1744297381804_609.png
centerX: 0.12741935483870967
centerY: 0.4046934865900383
width: 0.02338709677419355
height: 0.014846743295019157
Area: 0.00011162093684340626
CentroidX: 0.1388
CentroidY: 0.4102
