Location: 2025-04-16_191201-1.png_Gaussian-Median.png
Component: component_1744835618853_185.png
centerX: 0.7131919905771495
centerY: 0.33954545454545454
width: 0.030035335689045935
height: 0.03318181818181818
Area: 0.00038869257950530035
CentroidX: 0.7294
CentroidY: 0.3526
