Location: 2025-04-16_190936-1.png_Gaussian-Median.png
Component: component_1744835618995_200.png
centerX: 0.29034157832744406
centerY: 0.4631818181818182
width: 0.03415783274440518
height: 0.03227272727272727
Area: 0.00040796659171217476
CentroidX: 0.3080
CentroidY: 0.4759
