Location: 2025-04-16_191201-1.png_Gaussian-Median.png
Component: component_1744835618919_470.png
centerX: 0.8881036513545347
centerY: 0.8613636363636363
width: 0.028857479387514724
height: 0.03636363636363636
Area: 0.00035067994431952027
CentroidX: 0.9030
CentroidY: 0.8757
