Location: 2025-04-16_190936-1.png_Mean-Medain.png
Component: component_1744835619367_351.png
centerX: 0.2597173144876325
centerY: 0.8336363636363636
width: 0.03356890459363958
height: 0.03409090909090909
Area: 0.0004130527893778777
CentroidX: 0.2761
CentroidY: 0.8478
