Location: 2025-04-16_190936-1.png_Gaussian-Median.png
Component: component_1744835619010_267.png
centerX: 0.4711425206124853
centerY: 0.645
width: 0.034746760895170786
height: 0.029545454545454545
Area: 0.0004012742263625656
CentroidX: 0.4877
CentroidY: 0.6564
