Location: 2025-04-16_191201-1.png_Gaussian-Median.png
Component: component_1744835618901_430.png
centerX: 0.37985865724381623
centerY: 0.7772727272727272
width: 0.032391048292108364
height: 0.03363636363636364
Area: 0.0003742370703501446
CentroidX: 0.3968
CentroidY: 0.7909
