Location: 2025-04-16_191201-1.png_Gaussian-Median.png
Component: component_1744835618930_523.png
centerX: 0.6236749116607774
centerY: 0.9518181818181818
width: 0.03121319199057715
height: 0.03590909090909091
Area: 0.0003929756933290502
CentroidX: 0.6402
CentroidY: 0.9664
