Location: 2025-04-16_191201-1.png_Gaussian-Median.png
Component: component_1744835618868_263.png
centerX: 0.568904593639576
centerY: 0.5086363636363637
width: 0.03121319199057715
height: 0.034545454545454546
Area: 0.00040636042402826853
CentroidX: 0.5857
CentroidY: 0.5223
