Location: 2025-04-16_190936-1.png_Mean-Medain.png
Component: component_1744835619284_138.png
centerX: 0.04299175500588928
centerY: 0.32227272727272727
width: 0.037102473498233215
height: 0.03681818181818182
Area: 0.0004775671913481101
CentroidX: 0.0621
CentroidY: 0.3376
