Location: 2025-04-16_190936-1.png_Mean-Medain.png
Component: component_1744835619375_395.png
centerX: 0.8975265017667845
centerY: 0.9668181818181818
width: 0.038869257950530034
height: 0.030454545454545453
Area: 0.00041439126244779956
CentroidX: 0.9167
CentroidY: 0.9780
