Location: 2025-04-16_190936-1.png_Gaussian-Median.png
Component: component_1744835618969_62.png
centerX: 0.6878680800942285
centerY: 0.11272727272727273
width: 0.03356890459363958
height: 0.02909090909090909
Area: 0.0003825356033836599
CentroidX: 0.7047
CentroidY: 0.1242
