Location: 2025-04-16_190936-1.png_Otsu.png
Component: component_1744835619431_145.png
centerX: 0.525323910482921
centerY: 0.4118181818181818
width: 0.037102473498233215
height: 0.02909090909090909
Area: 0.0003742370703501446
CentroidX: 0.5446
CentroidY: 0.4234
