Location: 2025-04-16_190936-1.png_Gaussian-Median.png
Component: component_1744835619124_392.png
centerX: 0.5630153121319199
centerY: 0.9686363636363636
width: 0.04063604240282685
height: 0.031363636363636364
Area: 0.00044035764000428313
CentroidX: 0.5820
CentroidY: 0.9808
