Location: 2025-04-16_190936-1.png_Otsu.png
Component: component_1744835619499_292.png
centerX: 0.931095406360424
centerY: 0.8159090909090909
width: 0.02944640753828033
height: 0.031818181818181815
Area: 0.00038146482492772246
CentroidX: 0.9462
CentroidY: 0.8293
