Location: 2025-04-16_190936-1.png_Gaussian-Median.png
Component: component_1744835619002_232.png
centerX: 0.8392226148409894
centerY: 0.5540909090909091
width: 0.03415783274440518
height: 0.03363636363636364
Area: 0.0004213513224113931
CentroidX: 0.8571
CentroidY: 0.5671
