Location: 2025-04-16_191201-1.png_Gaussian-Median.png
Component: component_1744835618853_187.png
centerX: 0.05182567726737338
centerY: 0.3418181818181818
width: 0.026501766784452298
height: 0.03090909090909091
Area: 0.00033729521362030194
CentroidX: 0.0649
CentroidY: 0.3546
