Location: 2025-04-16_190936-1.png_Mean-Medain.png
Component: component_1744835619265_61.png
centerX: 0.21908127208480566
centerY: 0.115
width: 0.03180212014134275
height: 0.03090909090909091
Area: 0.00041706820858764324
CentroidX: 0.2356
CentroidY: 0.1277
