Location: 2025-04-16_190936-1.png_Otsu.png
Component: component_1744835619496_281.png
centerX: 0.5918727915194346
centerY: 0.7836363636363637
width: 0.037102473498233215
height: 0.03318181818181818
Area: 0.0004259021308491273
CentroidX: 0.6108
CentroidY: 0.7971
