Location: easy43_Mean-Closing.png
Component: component_1744297380609_463.png
centerX: 0.24727932285368803
centerY: 0.3467293715262933
width: 0.013905683192261185
height: 0.00983326207781103
Area: 7.263410556397928e-05
CentroidX: 0.2542
CentroidY: 0.3518
