Location: easy21_Mean-Medain.png
Component: component_1744297380957_903.png
centerX: 0.042741935483870966
centerY: 0.6987547892720306
width: 0.027419354838709678
height: 0.014367816091954023
Area: 0.00011895933753553331
CentroidX: 0.0570
CentroidY: 0.7041
