Location: 2025-04-16_191201-1.png_Gaussian-Median.png
Component: component_1744835618822_65.png
centerX: 0.09010600706713781
centerY: 0.12045454545454545
width: 0.03121319199057715
height: 0.03363636363636364
Area: 0.0004109112324660028
CentroidX: 0.1053
CentroidY: 0.1347
