Location: 2025-04-16_190936-1.png_Otsu.png
Component: component_1744835619443_179.png
centerX: 0.9387514723203769
centerY: 0.505
width: 0.032391048292108364
height: 0.030454545454545453
Area: 0.0003568369204411607
CentroidX: 0.9545
CentroidY: 0.5165
