Location: 2025-04-16_190936-1.png_Mean-Medain.png
Component: component_1744835619240_48.png
centerX: 0.7873969375736161
centerY: 0.07318181818181818
width: 0.032391048292108364
height: 0.02727272727272727
Area: 0.0003704893457543634
CentroidX: 0.8037
CentroidY: 0.0840
