Location: 2025-04-16_190936-1.png_Otsu.png
Component: component_1744835619461_199.png
centerX: 0.8392226148409894
centerY: 0.5540909090909091
width: 0.03415783274440518
height: 0.03318181818181818
Area: 0.00038548024413748795
CentroidX: 0.8572
CentroidY: 0.5669
