Location: 2025-04-16_191201-1.png_Gaussian-Median.png
Component: component_1744835618873_285.png
centerX: 0.6896348645465253
centerY: 0.5454545454545454
width: 0.027090694935217905
height: 0.03681818181818182
Area: 0.0003696862619124103
CentroidX: 0.7038
CentroidY: 0.5600
