Location: 2025-04-16_190936-1.png_Mean-Medain.png
Component: component_1744835619364_339.png
centerX: 0.8421672555948174
centerY: 0.8186363636363636
width: 0.03297997644287397
height: 0.031818181818181815
Area: 0.0003935110825570189
CentroidX: 0.8589
CentroidY: 0.8311
