Location: 2025-04-16_190936-1.png_Gaussian-Median.png
Component: component_1744835619010_266.png
centerX: 0.7544169611307421
centerY: 0.644090909090909
width: 0.0447585394581861
height: 0.03363636363636364
Area: 0.0004799764428739694
CentroidX: 0.7761
CentroidY: 0.6569
