Location: 2025-04-16_190936-1.png_Gaussian-Median.png
Component: component_1744835618999_218.png
centerX: 0.6071849234393404
centerY: 0.5077272727272727
width: 0.037102473498233215
height: 0.03
Area: 0.0004210836277974087
CentroidX: 0.6253
CentroidY: 0.5193
