Location: 2025-04-16_190936-1.png_Mean-Medain.png
Component: component_1744835619241_50.png
centerX: 0.9393404004711425
centerY: 0.10636363636363637
width: 0.03769140164899882
height: 0.03090909090909091
Area: 0.0004296498554449084
CentroidX: 0.9583
CentroidY: 0.1188
