Location: easy43_Mean-Closing.png
Component: component_1744297380656_866.png
centerX: 0.6596130592503023
centerY: 0.542967079948696
width: 0.014510278113663845
height: 0.00983326207781103
Area: 7.470198045548046e-05
CentroidX: 0.6668
CentroidY: 0.5477
