Location: 2025-04-18_221722-1.png_Gaussian-Closing.png
Component: component_1745014102430_496.png
centerX: 0.7073027090694936
centerY: 0.7210098416773641
width: 0.028268551236749116
height: 0.029525032092426188
Area: 0.00037296262864060665
CentroidX: 0.7210
CentroidY: 0.7351
