Location: 2025-04-18_221722-1.png_Gaussian-Closing.png
Component: component_1745014102352_134.png
centerX: 0.8133097762073027
centerY: 0.1822849807445443
width: 0.030035335689045935
height: 0.026529738981600343
Area: 0.00030341013843465566
CentroidX: 0.8268
CentroidY: 0.1939
