Location: 2025-04-18_221722-1.png_Otsu.png
Component: component_1745014102240_553.png
centerX: 0.4717314487632509
centerY: 0.789045785194694
width: 0.024734982332155476
height: 0.028241335044929396
Area: 0.00032231027164279454
CentroidX: 0.4832
CentroidY: 0.8010
