Location: 2025-04-18_221722-1.png_Gaussian-Median.png
Component: component_1745014102572_406.png
centerX: 0.7526501766784452
centerY: 0.5502781343602909
width: 0.028268551236749116
height: 0.030380830124090714
Area: 0.0004044628506541714
CentroidX: 0.7661
CentroidY: 0.5645
