Location: 2025-04-18_221722-1.png_Gaussian-Median.png
Component: component_1745014102552_316.png
centerX: 0.5306242638398115
centerY: 0.44801026957637996
width: 0.027090694935217905
height: 0.030380830124090714
Area: 0.0003767426552822344
CentroidX: 0.5425
CentroidY: 0.4626
