Location: 2025-04-18_221722-1.png_Mean-Closing.png
Component: component_1745014101698_73.png
centerX: 0.3568904593639576
centerY: 0.11296534017971759
width: 0.02591283863368669
height: 0.03080872913992298
Area: 0.00037321463041671516
CentroidX: 0.3683
CentroidY: 0.1266
