Location: 2025-04-18_221722-1.png_Otsu.png
Component: component_1745014102222_517.png
centerX: 0.8203769140164899
centerY: 0.7261446298673513
width: 0.03297997644287397
height: 0.026957637997432605
Area: 0.0003550705025369019
CentroidX: 0.8355
CentroidY: 0.7391
