Location: 2025-04-18_221722-1.png_Gaussian-Closing.png
Component: component_1745014102366_204.png
centerX: 0.8445229681978799
centerY: 0.28412494651262304
width: 0.022968197879858657
height: 0.028241335044929396
Area: 0.00020084541555848886
CentroidX: 0.8553
CentroidY: 0.2973
