Location: 2025-04-18_221722-1.png_Gaussian-Closing.png
Component: component_1745014102390_316.png
centerX: 0.8663133097762074
centerY: 0.4557124518613607
width: 0.035924617196702
height: 0.02995293110825845
Area: 0.00042185097320565916
CentroidX: 0.8824
CentroidY: 0.4695
