Location: 2025-04-18_221722-1.png_Gaussian-Median.png
Component: component_1745014102531_223.png
centerX: 0.32332155477031804
centerY: 0.3110825845100556
width: 0.023557126030624265
height: 0.02995293110825845
Area: 0.00025804981873512245
CentroidX: 0.3346
CentroidY: 0.3257
