Location: 2025-04-18_221722-1.png_Gaussian-Median.png
Component: component_1745014102499_103.png
centerX: 0.23851590106007067
centerY: 0.1446298673513051
width: 0.028857479387514724
height: 0.024818142918271287
Area: 0.0003102141863895857
CentroidX: 0.2524
CentroidY: 0.1564
