Location: 2025-04-18_221722-1.png_Otsu.png
Component: component_1745014102151_391.png
centerX: 0.4829210836277974
centerY: 0.5489944373127942
width: 0.028268551236749116
height: 0.030380830124090714
Area: 0.00038833473698322624
CentroidX: 0.4969
CentroidY: 0.5632
