Location: 2025-04-18_221722-1.png_Gaussian-Median.png
Component: component_1745014102623_638.png
centerX: 0.10247349823321555
centerY: 0.8887462558836114
width: 0.027090694935217905
height: 0.031664527171587506
Area: 0.0003258382965083138
CentroidX: 0.1148
CentroidY: 0.9044
