Location: 2025-04-18_221722-1.png_Mean-Closing.png
Component: component_1745014101862_584.png
centerX: 0.7002355712603062
centerY: 0.8600770218228498
width: 0.02944640753828033
height: 0.02995293110825845
Area: 0.00033339834979156935
CentroidX: 0.7139
CentroidY: 0.8740
