Location: 2025-04-18_221722-1.png_Gaussian-Closing.png
Component: component_1745014102445_572.png
centerX: 0.10247349823321555
centerY: 0.85066324347454
width: 0.027090694935217905
height: 0.031664527171587506
Area: 0.00029736209580805123
CentroidX: 0.1151
CentroidY: 0.8646
