Location: 2025-04-18_221722-1.png_Otsu.png
Component: component_1745014102114_305.png
centerX: 0.6849234393404005
centerY: 0.41762943945228925
width: 0.027090694935217905
height: 0.02738553701326487
Area: 0.0003313823355827012
CentroidX: 0.6975
CentroidY: 0.4307
