Location: 2025-04-18_221722-1.png_Gaussian-Median.png
Component: component_1745014102534_240.png
centerX: 0.6978798586572438
centerY: 0.31450577663671375
width: 0.02591283863368669
height: 0.030380830124090714
Area: 0.0002567898098545799
CentroidX: 0.7090
CentroidY: 0.3292
