Location: 2025-04-18_221722-1.png_Mean-Closing.png
Component: component_1745014101733_231.png
centerX: 0.46937573616018846
centerY: 0.34488660676080446
width: 0.030035335689045935
height: 0.0329482242190843
Area: 0.00042437099096674435
CentroidX: 0.4823
CentroidY: 0.3601
