Location: 2025-04-18_221722-1.png_Gaussian-Closing.png
Component: component_1745014102458_644.png
centerX: 0.4416961130742049
centerY: 0.961061189559264
width: 0.024734982332155476
height: 0.029097133076593923
Area: 0.0002625858507050758
CentroidX: 0.4526
CentroidY: 0.9754
