Location: 2025-04-18_221722-1.png_Otsu.png
Component: component_1745014102077_196.png
centerX: 0.32332155477031804
centerY: 0.3115104835258879
width: 0.022968197879858657
height: 0.029525032092426188
Area: 0.00023058162513929398
CentroidX: 0.3344
CentroidY: 0.3258
