Location: 2025-04-18_221722-1.png_Otsu.png
Component: component_1745014102290_676.png
centerX: 0.7803297997644287
centerY: 0.9632006846384253
width: 0.027090694935217905
height: 0.024818142918271287
Area: 0.00023259763934816214
CentroidX: 0.7932
CentroidY: 0.9758
