Location: 2025-04-18_221722-1.png_Gaussian-Median.png
Component: component_1745014102522_189.png
centerX: 0.5159010600706714
centerY: 0.24646983311938384
width: 0.030035335689045935
height: 0.025673940949935817
Area: 0.00026334185603340133
CentroidX: 0.5294
CentroidY: 0.2581
