Location: 2025-04-18_221722-1.png_Gaussian-Median.png
Component: component_1745014102564_372.png
centerX: 0.41048292108362777
centerY: 0.5151904150620453
width: 0.02767962308598351
height: 0.030380830124090714
Area: 0.00038102668547607924
CentroidX: 0.4237
CentroidY: 0.5298
