Location: 2025-04-18_221722-1.png_Gaussian-Closing.png
Component: component_1745014102387_299.png
centerX: 0.20730270906949352
centerY: 0.4488660676080445
width: 0.02767962308598351
height: 0.029525032092426188
Area: 0.0003606145416112893
CentroidX: 0.2196
CentroidY: 0.4629
