Location: 2025-04-18_221722-1.png_Otsu.png
Component: component_1745014102181_467.png
centerX: 0.5506478209658422
centerY: 0.6508344030808729
width: 0.024734982332155476
height: 0.029097133076593923
Area: 0.00034877045813418893
CentroidX: 0.5628
CentroidY: 0.6657
