Location: 2025-04-18_221722-1.png_Gaussian-Closing.png
Component: component_1745014102458_642.png
centerX: 0.37809187279151946
centerY: 0.961061189559264
width: 0.02237926972909305
height: 0.026957637997432605
Area: 0.00022150956119938733
CentroidX: 0.3883
CentroidY: 0.9739
