Location: 2025-04-18_221722-1.png_Otsu.png
Component: component_1745014102189_495.png
centerX: 0.10247349823321555
centerY: 0.7090286692340607
width: 0.030624263839811542
height: 0.032520325203252036
Area: 0.0003772466588344515
CentroidX: 0.1165
CentroidY: 0.7248
