Location: 2025-04-18_221722-1.png_Gaussian-Median.png
Component: component_1745014102584_471.png
centerX: 0.37220259128386335
centerY: 0.6491228070175439
width: 0.02591283863368669
height: 0.02866923406076166
Area: 0.0003585985274024211
CentroidX: 0.3843
CentroidY: 0.6630
