Location: 2025-04-18_221722-1.png_Gaussian-Median.png
Component: component_1745014102637_700.png
centerX: 0.7332155477031802
centerY: 0.9636285836542576
width: 0.03180212014134275
height: 0.028241335044929396
Area: 0.0002923220602858809
CentroidX: 0.7476
CentroidY: 0.9777
