Location: 2025-04-18_221722-1.png_Gaussian-Closing.png
Component: component_1745014102365_199.png
centerX: 0.7014134275618374
centerY: 0.28284124946512623
width: 0.028268551236749116
height: 0.02866923406076166
Area: 0.0002225175683038214
CentroidX: 0.7136
CentroidY: 0.2955
