Location: 2025-04-18_221722-1.png_Gaussian-Median.png
Component: component_1745014102622_635.png
centerX: 0.14075382803297998
centerY: 0.8861788617886179
width: 0.02767962308598351
height: 0.03551561831407788
Area: 0.00035910253095463814
CentroidX: 0.1537
CentroidY: 0.9034
