Location: 2025-04-18_221722-1.png_Mean-Closing.png
Component: component_1745014101796_471.png
centerX: 0.5818610129564193
centerY: 0.685066324347454
width: 0.03356890459363958
height: 0.03123662815575524
Area: 0.0004379790868766043
CentroidX: 0.5975
CentroidY: 0.7006
