Location: 2025-04-18_221722-1.png_Gaussian-Median.png
Component: component_1745014102582_457.png
centerX: 0.7850412249705536
centerY: 0.6208814719726145
width: 0.03180212014134275
height: 0.026957637997432605
Area: 0.00030366214021076423
CentroidX: 0.8005
CentroidY: 0.6337
