Location: 2025-04-18_221722-1.png_Gaussian-Median.png
Component: component_1745014102616_607.png
centerX: 0.7008244994110718
centerY: 0.8275566966195977
width: 0.026501766784452298
height: 0.02995293110825845
Area: 0.0003454944350447782
CentroidX: 0.7134
CentroidY: 0.8409
