Location: 2025-04-18_221722-1.png_Gaussian-Closing.png
Component: component_1745014102417_432.png
centerX: 0.8627797408716137
centerY: 0.6213093709884467
width: 0.02944640753828033
height: 0.029525032092426188
Area: 0.0003845547103415985
CentroidX: 0.8769
CentroidY: 0.6355
