Location: 2025-04-18_221722-1.png_Otsu.png
Component: component_1745014102286_662.png
centerX: 0.1790341578327444
centerY: 0.959349593495935
width: 0.027090694935217905
height: 0.029097133076593923
Area: 0.00025023776367575837
CentroidX: 0.1914
CentroidY: 0.9734
