Location: 2025-04-18_221722-1.png_Mean-Closing.png
Component: component_1745014101692_45.png
centerX: 0.24499411071849234
centerY: 0.07744972186563971
width: 0.028268551236749116
height: 0.026529738981600343
Area: 0.0003341543551198949
CentroidX: 0.2581
CentroidY: 0.0892
