Location: 2025-04-18_221722-1.png_Otsu.png
Component: component_1745014102142_357.png
centerX: 0.1071849234393404
centerY: 0.5126230209670518
width: 0.028857479387514724
height: 0.03209242618741977
Area: 0.00039665079559480734
CentroidX: 0.1204
CentroidY: 0.5283
