Location: 2025-04-18_221722-1.png_Gaussian-Closing.png
Component: component_1745014102431_503.png
centerX: 0.13898704358068315
centerY: 0.7449721865639709
width: 0.030624263839811542
height: 0.03123662815575524
Area: 0.0004095028861763418
CentroidX: 0.1532
CentroidY: 0.7603
