Location: 2025-04-18_221722-1.png_Mean-Closing.png
Component: component_1745014101713_148.png
centerX: 0.5612485276796231
centerY: 0.20967051775780915
width: 0.024146054181389872
height: 0.029097133076593923
Area: 0.0002623338489289672
CentroidX: 0.5720
CentroidY: 0.2226
