Location: 2025-04-18_221722-1.png_Otsu.png
Component: component_1745014102267_622.png
centerX: 0.4040047114252061
centerY: 0.8913136499786051
width: 0.02944640753828033
height: 0.03123662815575524
Area: 0.0003162622290161901
CentroidX: 0.4177
CentroidY: 0.9058
