Location: 2025-04-18_221722-1.png_Otsu.png
Component: component_1745014102064_131.png
centerX: 0.5223792697290931
centerY: 0.2100984167736414
width: 0.02237926972909305
height: 0.026529738981600343
Area: 0.00020815346706563588
CentroidX: 0.5323
CentroidY: 0.2227
