Location: 2025-04-18_221722-1.png_Mean-Closing.png
Component: component_1745014101840_567.png
centerX: 0.10247349823321555
centerY: 0.8502353444587077
width: 0.027090694935217905
height: 0.03209242618741977
Area: 0.00029761409758415975
CentroidX: 0.1151
CentroidY: 0.8644
