Location: 2025-04-18_221722-1.png_Otsu.png
Component: component_1745014102088_231.png
centerX: 0.3928150765606596
centerY: 0.34445870774497217
width: 0.02944640753828033
height: 0.031664527171587506
Area: 0.00041101489683299287
CentroidX: 0.4068
CentroidY: 0.3592
