Location: 2025-04-18_221722-1.png_Gaussian-Median.png
Component: component_1745014102573_414.png
centerX: 0.06654888103651355
centerY: 0.5780915703893881
width: 0.03121319199057715
height: 0.031664527171587506
Area: 0.0003585985274024211
CentroidX: 0.0808
CentroidY: 0.5939
