Location: 2025-04-18_221722-1.png_Otsu.png
Component: component_1745014102034_82.png
centerX: 0.49646643109540634
centerY: 0.14634146341463414
width: 0.025323910482921083
height: 0.02396234488660676
Area: 0.0002756899430627187
CentroidX: 0.5081
CentroidY: 0.1575
