Location: 2025-04-18_221722-1.png_Mean-Closing.png
Component: component_1745014101811_536.png
centerX: 0.4711425206124853
centerY: 0.789045785194694
width: 0.025323910482921083
height: 0.028241335044929396
Area: 0.0003444864279403441
CentroidX: 0.4832
CentroidY: 0.8009
