Location: 2025-04-18_221722-1.png_Mean-Closing.png
Component: component_1745014101827_554.png
centerX: 0.3374558303886926
centerY: 0.8202824133504493
width: 0.026501766784452298
height: 0.029097133076593923
Area: 0.0003480144528058634
CentroidX: 0.3498
CentroidY: 0.8340
