Location: 2025-04-18_221722-1.png_Otsu.png
Component: component_1745014102291_679.png
centerX: 0.6972909305064782
centerY: 0.9636285836542576
width: 0.02237926972909305
height: 0.02610183996576808
Area: 0.00024469372460137097
CentroidX: 0.7080
CentroidY: 0.9764
