Location: 2025-04-18_221722-1.png_Gaussian-Median.png
Component: component_1745014102537_253.png
centerX: 0.24617196702002356
centerY: 0.345742404792469
width: 0.028857479387514724
height: 0.03508771929824561
Area: 0.0004221029749817677
CentroidX: 0.2588
CentroidY: 0.3625
