Location: 2025-04-18_221722-1.png_Gaussian-Median.png
Component: component_1745014102587_488.png
centerX: 0.10365135453474676
centerY: 0.6765083440308087
width: 0.02944640753828033
height: 0.03080872913992298
Area: 0.00039690279737091585
CentroidX: 0.1169
CentroidY: 0.6921
