Location: easy16_Gaussian-Median.png
Component: component_1744297381876_1004.png
centerX: 0.8782258064516129
centerY: 0.7097701149425287
width: 0.021774193548387097
height: 0.021551724137931036
Area: 0.00011664194784328266
CentroidX: 0.8885
CentroidY: 0.7194
