Location: 2025-04-18_221722-1.png_Otsu.png
Component: component_1745014102247_568.png
centerX: 0.2750294464075383
centerY: 0.8185708172871202
width: 0.026501766784452298
height: 0.03080872913992298
Area: 0.00036187455049183185
CentroidX: 0.2875
CentroidY: 0.8339
