Location: 2025-04-18_221722-1.png_Otsu.png
Component: component_1745014102266_616.png
centerX: 0.06654888103651355
centerY: 0.8891741548994437
width: 0.026501766784452298
height: 0.030380830124090714
Area: 0.0002625858507050758
CentroidX: 0.0785
CentroidY: 0.9046
