Location: 2025-04-18_221722-1.png_Gaussian-Closing.png
Component: component_1745014102349_119.png
centerX: 0.2667844522968198
centerY: 0.1775780915703894
width: 0.024734982332155476
height: 0.024390243902439025
Area: 0.00024973376012354134
CentroidX: 0.2787
CentroidY: 0.1885
