Location: 2025-04-18_221722-1.png_Gaussian-Closing.png
Component: component_1745014102365_201.png
centerX: 0.8780918727915195
centerY: 0.2832691484809585
width: 0.026501766784452298
height: 0.02738553701326487
Area: 0.0002182335381099766
CentroidX: 0.8897
CentroidY: 0.2960
