Location: 2025-04-18_221722-1.png_Gaussian-Closing.png
Component: component_1745014102438_535.png
centerX: 0.4363957597173145
centerY: 0.7864783910997005
width: 0.02591283863368669
height: 0.03380402225074882
Area: 0.0003845547103415985
CentroidX: 0.4484
CentroidY: 0.8022
