Location: 2025-04-18_221722-1.png_Gaussian-Closing.png
Component: component_1745014102354_143.png
centerX: 0.4175500588928151
centerY: 0.2092426187419769
width: 0.02237926972909305
height: 0.02396234488660676
Area: 0.00022201356475160436
CentroidX: 0.4278
CentroidY: 0.2203
