Location: 2025-04-18_221722-1.png_Mean-Closing.png
Component: component_1745014101719_163.png
centerX: 0.22084805653710246
centerY: 0.2421908429610612
width: 0.028857479387514724
height: 0.026957637997432605
Area: 0.0002484737512429988
CentroidX: 0.2329
CentroidY: 0.2541
