Location: 2025-04-18_221722-1.png_Gaussian-Median.png
Component: component_1745014102619_621.png
centerX: 0.4045936395759717
centerY: 0.8549422336328626
width: 0.023557126030624265
height: 0.030380830124090714
Area: 0.00030618215797184936
CentroidX: 0.4158
CentroidY: 0.8680
