Location: 2025-04-18_221722-1.png_Gaussian-Closing.png
Component: component_1745014102424_467.png
centerX: 0.4723203769140165
centerY: 0.6816431322207959
width: 0.030035335689045935
height: 0.032520325203252036
Area: 0.000419330955444574
CentroidX: 0.4862
CentroidY: 0.6975
