Location: 2025-04-18_221722-1.png_Gaussian-Median.png
Component: component_1745014102599_526.png
centerX: 0.47290930506478207
centerY: 0.7171587505348738
width: 0.02767962308598351
height: 0.030380830124090714
Area: 0.00036842659667065336
CentroidX: 0.4862
CentroidY: 0.7319
