Location: 2025-04-18_221722-1.png_Mean-Closing.png
Component: component_1745014101722_175.png
centerX: 0.7108362779740872
centerY: 0.24860932819854514
width: 0.028857479387514724
height: 0.029097133076593923
Area: 0.0002623338489289672
CentroidX: 0.7236
CentroidY: 0.2614
