Location: 2025-04-18_221722-1.png_Otsu.png
Component: component_1745014102026_56.png
centerX: 0.42579505300353354
centerY: 0.11210954214805306
width: 0.028268551236749116
height: 0.031664527171587506
Area: 0.00035759052029798706
CentroidX: 0.4382
CentroidY: 0.1265
