Location: 2025-04-18_221722-1.png_Otsu.png
Component: component_1745014102082_209.png
centerX: 0.4381625441696113
centerY: 0.31322207958921694
width: 0.022968197879858657
height: 0.02866923406076166
Area: 0.0002336056464525962
CentroidX: 0.4486
CentroidY: 0.3268
