Location: 2025-04-18_221722-1.png_Otsu.png
Component: component_1745014102060_124.png
centerX: 0.38162544169611307
centerY: 0.2079589216944801
width: 0.025323910482921083
height: 0.02866923406076166
Area: 0.0002252895878410151
CentroidX: 0.3925
CentroidY: 0.2206
