Location: 2025-04-18_221722-1.png_Gaussian-Median.png
Component: component_1745014102578_437.png
centerX: 0.17314487632508835
centerY: 0.6123234916559692
width: 0.02767962308598351
height: 0.03080872913992298
Area: 0.0003933747725053966
CentroidX: 0.1861
CentroidY: 0.6270
