Location: 2025-04-18_221722-1.png_Mean-Closing.png
Component: component_1745014101758_343.png
centerX: 0.17196702002355713
centerY: 0.5134788189987163
width: 0.027090694935217905
height: 0.02781343602909713
Area: 0.0003830426996849474
CentroidX: 0.1838
CentroidY: 0.5264
