Location: 2025-04-18_221722-1.png_Otsu.png
Component: component_1745014102109_289.png
centerX: 0.17373380447585396
centerY: 0.4120667522464698
width: 0.02767962308598351
height: 0.036371416345742404
Area: 0.00040748687196747363
CentroidX: 0.1871
CentroidY: 0.4280
