Location: 2025-04-18_221722-1.png_Otsu.png
Component: component_1745014102260_605.png
centerX: 0.78150765606596
centerY: 0.860504920838682
width: 0.022968197879858657
height: 0.02995293110825845
Area: 0.00027644594839104425
CentroidX: 0.7933
CentroidY: 0.8743
