Location: 2025-04-18_221722-1.png_Gaussian-Median.png
Component: component_1745014102516_164.png
centerX: 0.5217903415783275
centerY: 0.2100984167736414
width: 0.023557126030624265
height: 0.026529738981600343
Area: 0.0002366296677658984
CentroidX: 0.5323
CentroidY: 0.2228
