Location: 2025-04-18_221722-1.png_Gaussian-Median.png
Component: component_1745014102635_693.png
centerX: 0.5724381625441696
centerY: 0.9623448866067608
width: 0.028857479387514724
height: 0.02738553701326487
Area: 0.0003064341597479579
CentroidX: 0.5863
CentroidY: 0.9767
