Location: 2025-04-18_221722-1.png_Otsu.png
Component: component_1745014102115_308.png
centerX: 0.8657243816254417
centerY: 0.4184852374839538
width: 0.03121319199057715
height: 0.032520325203252036
Area: 0.00041353491459407806
CentroidX: 0.8803
CentroidY: 0.4338
