Location: easy43_Mean-Closing.png
Component: component_1744297380714_1381.png
centerX: 0.38694074969770254
centerY: 0.7862334330910645
width: 0.014510278113663845
height: 0.010260795211628902
Area: 9.202043267180293e-05
CentroidX: 0.3939
CentroidY: 0.7916
