Location: 2025-04-18_221722-1.png_Otsu.png
Component: component_1745014102080_203.png
centerX: 0.508833922261484
centerY: 0.3127941805733847
width: 0.024146054181389872
height: 0.02995293110825845
Area: 0.0002431817139447199
CentroidX: 0.5206
CentroidY: 0.3265
