Location: 2025-04-18_221722-1.png_Gaussian-Median.png
Component: component_1745014102550_306.png
centerX: 0.6448763250883393
centerY: 0.41677364142062473
width: 0.03121319199057715
height: 0.02866923406076166
Area: 0.0003444864279403441
CentroidX: 0.6594
CentroidY: 0.4301
