Location: 2025-04-18_221722-1.png_Mean-Closing.png
Component: component_1745014101929_632.png
centerX: 0.7803297997644287
centerY: 0.9298245614035088
width: 0.028857479387514724
height: 0.029525032092426188
Area: 0.00030668616152406644
CentroidX: 0.7932
CentroidY: 0.9443
