Location: 2025-04-18_221722-1.png_Otsu.png
Component: component_1745014102181_465.png
centerX: 0.6690223792697291
centerY: 0.6499786050492083
width: 0.028857479387514724
height: 0.02995293110825845
Area: 0.0003717026197600641
CentroidX: 0.6826
CentroidY: 0.6647
