Location: 2025-04-18_221722-1.png_Gaussian-Closing.png
Component: component_1745014102414_424.png
centerX: 0.552414605418139
centerY: 0.6174582798459564
width: 0.032391048292108364
height: 0.030380830124090714
Area: 0.00039539078671426477
CentroidX: 0.5670
CentroidY: 0.6321
