Location: 2025-04-18_221722-1.png_Gaussian-Closing.png
Component: component_1745014102426_479.png
centerX: 0.17550058892815076
centerY: 0.7090286692340607
width: 0.024734982332155476
height: 0.032520325203252036
Area: 0.00036313455937237447
CentroidX: 0.1871
CentroidY: 0.7250
