Location: 2025-04-18_221722-1.png_Gaussian-Closing.png
Component: component_1745014102408_406.png
centerX: 0.7862190812720848
centerY: 0.5862216516902011
width: 0.03121319199057715
height: 0.02866923406076166
Area: 0.00038354670323716443
CentroidX: 0.8009
CentroidY: 0.5994
