Location: 2025-04-18_221722-1.png_Otsu.png
Component: component_1745014102186_484.png
centerX: 0.4723203769140165
centerY: 0.6820710312366282
width: 0.030035335689045935
height: 0.03209242618741977
Area: 0.0004064788648630396
CentroidX: 0.4861
CentroidY: 0.6974
