Location: 2025-04-18_221722-1.png_Gaussian-Closing.png
Component: component_1745014102405_389.png
centerX: 0.06713780918727916
centerY: 0.5780915703893881
width: 0.030624263839811542
height: 0.031664527171587506
Area: 0.0003580945238502041
CentroidX: 0.0808
CentroidY: 0.5939
