Location: 2025-04-18_221722-1.png_Otsu.png
Component: component_1745014102068_150.png
centerX: 0.411660777385159
centerY: 0.24347454000855798
width: 0.02591283863368669
height: 0.028241335044929396
Area: 0.00023839368019865805
CentroidX: 0.4234
CentroidY: 0.2560
