Location: 2025-04-18_221722-1.png_Gaussian-Closing.png
Component: component_1745014102335_49.png
centerX: 0.5453474676089517
centerY: 0.07916131792896876
width: 0.028268551236749116
height: 0.02866923406076166
Area: 0.00033642237110487156
CentroidX: 0.5587
CentroidY: 0.0925
