Location: 2025-04-18_221722-1.png_Otsu.png
Component: component_1745014102249_572.png
centerX: 0.3374558303886926
centerY: 0.8202824133504493
width: 0.026501766784452298
height: 0.02866923406076166
Area: 0.00033365035156767786
CentroidX: 0.3498
CentroidY: 0.8340
