Location: 2025-04-18_221722-1.png_Gaussian-Median.png
Component: component_1745014102602_541.png
centerX: 0.13898704358068315
centerY: 0.7449721865639709
width: 0.030624263839811542
height: 0.031664527171587506
Area: 0.00041025889150466733
CentroidX: 0.1532
CentroidY: 0.7603
