Location: 2025-04-18_221722-1.png_Otsu.png
Component: component_1745014102268_623.png
centerX: 0.4705535924617197
centerY: 0.8921694480102695
width: 0.030035335689045935
height: 0.031664527171587506
Area: 0.0003185302450011668
CentroidX: 0.4841
CentroidY: 0.9077
