Location: 2025-04-18_221722-1.png_Gaussian-Closing.png
Component: component_1745014102369_217.png
centerX: 0.11071849234393404
centerY: 0.31364997860504923
width: 0.025323910482921083
height: 0.02781343602909713
Area: 0.0001844653001114352
CentroidX: 0.1225
CentroidY: 0.3270
