Location: 2025-04-18_221722-1.png_Otsu.png
Component: component_1745014102177_450.png
centerX: 0.2067137809187279
centerY: 0.6456996148908858
width: 0.027090694935217905
height: 0.026957637997432605
Area: 0.0003175222378967327
CentroidX: 0.2190
CentroidY: 0.6587
