Location: 2025-04-18_221722-1.png_Gaussian-Closing.png
Component: component_1745014102428_489.png
centerX: 0.4387514723203769
centerY: 0.7154471544715447
width: 0.028857479387514724
height: 0.03123662815575524
Area: 0.00039211476362485404
CentroidX: 0.4520
CentroidY: 0.7308
