Location: 2025-04-18_221722-1.png_Gaussian-Closing.png
Component: component_1745014102447_586.png
centerX: 0.78150765606596
centerY: 0.860504920838682
width: 0.023557126030624265
height: 0.02995293110825845
Area: 0.0003026541331063301
CentroidX: 0.7932
CentroidY: 0.8744
