Location: 2025-04-18_221722-1.png_Gaussian-Median.png
Component: component_1745014102519_174.png
centerX: 0.8869257950530035
centerY: 0.2160890029952931
width: 0.03121319199057715
height: 0.02738553701326487
Area: 0.00024746574413856467
CentroidX: 0.9006
CentroidY: 0.2284
