Location: 2025-04-18_221722-1.png_Mean-Closing.png
Component: component_1745014101878_602.png
centerX: 0.4705535924617197
centerY: 0.8921694480102695
width: 0.030035335689045935
height: 0.03209242618741977
Area: 0.00033642237110487156
CentroidX: 0.4841
CentroidY: 0.9077
