Location: 2025-04-18_221722-1.png_Mean-Closing.png
Component: component_1745014101779_420.png
centerX: 0.40694935217903416
centerY: 0.615318784766795
width: 0.026501766784452298
height: 0.03080872913992298
Area: 0.0004032028417736288
CentroidX: 0.4193
CentroidY: 0.6306
