Location: easy43_Mean-Closing.png
Component: component_1744297380612_504.png
centerX: 0.6100362756952842
centerY: 0.3668234288157332
width: 0.012696493349455865
height: 0.013681060282171868
Area: 6.0743824937847434e-05
CentroidX: 0.6161
CentroidY: 0.3734
