Location: 2025-04-18_221722-1.png_Gaussian-Closing.png
Component: component_1745014102400_362.png
centerX: 0.8645465253239105
centerY: 0.5203252032520326
width: 0.030035335689045935
height: 0.026529738981600343
Area: 0.0003880827352071177
CentroidX: 0.8792
CentroidY: 0.5333
