Location: 2025-04-18_221722-1.png_Otsu.png
Component: component_1745014102248_569.png
centerX: 0.06595995288574794
centerY: 0.8194266153187848
width: 0.026501766784452298
height: 0.028241335044929396
Area: 0.000307442166852392
CentroidX: 0.0789
CentroidY: 0.8342
