Location: 2025-04-18_221722-1.png_Otsu.png
Component: component_1745014102128_325.png
centerX: 0.6790341578327445
centerY: 0.449721865639709
width: 0.032391048292108364
height: 0.03423192126658109
Area: 0.0004324350478022169
CentroidX: 0.6939
CentroidY: 0.4653
