Location: 2025-04-18_221722-1.png_Mean-Closing.png
Component: component_1745014101782_437.png
centerX: 0.1413427561837456
centerY: 0.6469833119383825
width: 0.02767962308598351
height: 0.028241335044929396
Area: 0.00033894238886595675
CentroidX: 0.1539
CentroidY: 0.6609
