Location: easy16_Gaussian-Median.png
Component: component_1744297381883_1041.png
centerX: 0.45645161290322583
centerY: 0.7327586206896551
width: 0.020161290322580645
height: 0.021551724137931036
Area: 0.00010505499938202942
CentroidX: 0.4660
CentroidY: 0.7425
