Location: 2025-04-18_221722-1.png_Mean-Closing.png
Component: component_1745014101711_138.png
centerX: 0.1519434628975265
centerY: 0.2079589216944801
width: 0.026501766784452298
height: 0.02781343602909713
Area: 0.0002686338933316802
CentroidX: 0.1649
CentroidY: 0.2211
