Location: 2025-04-18_221722-1.png_Mean-Closing.png
Component: component_1745014101700_84.png
centerX: 0.8239104829210836
centerY: 0.11638853230637569
width: 0.02767962308598351
height: 0.026529738981600343
Area: 0.0003182782432250583
CentroidX: 0.8355
CentroidY: 0.1281
