Location: 2025-04-18_221722-1.png_Gaussian-Closing.png
Component: component_1745014102352_136.png
centerX: 0.07950530035335689
centerY: 0.20710312366281558
width: 0.02591283863368669
height: 0.02866923406076166
Area: 0.0002756899430627187
CentroidX: 0.0921
CentroidY: 0.2208
