Location: 2025-04-18_221722-1.png_Gaussian-Median.png
Component: component_1745014102560_355.png
centerX: 0.6808009422850412
centerY: 0.4865211810012837
width: 0.02944640753828033
height: 0.02866923406076166
Area: 0.00038379870501327294
CentroidX: 0.6943
CentroidY: 0.5003
