Location: 2025-04-18_221722-1.png_Gaussian-Closing.png
Component: component_1745014102345_94.png
centerX: 0.38869257950530034
centerY: 0.14548566538296961
width: 0.02767962308598351
height: 0.02610183996576808
Area: 0.00031172619704623677
CentroidX: 0.4014
CentroidY: 0.1581
