Location: 2025-04-18_221722-1.png_Otsu.png
Component: component_1745014102087_218.png
centerX: 0.8415783274440518
centerY: 0.31750106974753955
width: 0.020023557126030624
height: 0.03080872913992298
Area: 0.00016430515802275374
CentroidX: 0.8511
CentroidY: 0.3317
