Location: 2025-04-18_221722-1.png_Otsu.png
Component: component_1745014102245_566.png
centerX: 0.14075382803297998
centerY: 0.8185708172871202
width: 0.02591283863368669
height: 0.02866923406076166
Area: 0.00032835831426939897
CentroidX: 0.1533
CentroidY: 0.8329
