Location: 2025-04-18_221722-1.png_Gaussian-Closing.png
Component: component_1745014102341_78.png
centerX: 0.6548881036513545
centerY: 0.11424903722721438
width: 0.028268551236749116
height: 0.030380830124090714
Area: 0.00034473842971645267
CentroidX: 0.6673
CentroidY: 0.1280
