Location: 2025-04-18_221722-1.png_Gaussian-Closing.png
Component: component_1745014102419_443.png
centerX: 0.4045936395759717
centerY: 0.6491228070175439
width: 0.028857479387514724
height: 0.02738553701326487
Area: 0.0003510384741191656
CentroidX: 0.4179
CentroidY: 0.6628
