Location: 2025-04-18_221722-1.png_Mean-Closing.png
Component: component_1745014101787_461.png
centerX: 0.17491166077738515
centerY: 0.6790757381258024
width: 0.02767962308598351
height: 0.02781343602909713
Area: 0.0003452424332686697
CentroidX: 0.1878
CentroidY: 0.6926
