Location: 2025-04-18_221722-1.png_Mean-Closing.png
Component: component_1745014101764_363.png
centerX: 0.2049469964664311
centerY: 0.543859649122807
width: 0.02591283863368669
height: 0.02866923406076166
Area: 0.000342470413731476
CentroidX: 0.2176
CentroidY: 0.5577
