Location: 2025-04-18_221722-1.png_Gaussian-Closing.png
Component: component_1745014102388_303.png
centerX: 0.6024734982332155
centerY: 0.44843816859221225
width: 0.03180212014134275
height: 0.03337612323491656
Area: 0.0004389870939810384
CentroidX: 0.6167
CentroidY: 0.4639
