Location: 2025-04-18_221722-1.png_Mean-Closing.png
Component: component_1745014101797_476.png
centerX: 0.7850412249705536
centerY: 0.6872058194266153
width: 0.03180212014134275
height: 0.03465982028241335
Area: 0.0004336950566827595
CentroidX: 0.7995
CentroidY: 0.7047
