Location: 2025-04-18_221722-1.png_Mean-Closing.png
Component: component_1745014101749_300.png
centerX: 0.270906949352179
centerY: 0.4488660676080445
width: 0.02767962308598351
height: 0.03080872913992298
Area: 0.00039665079559480734
CentroidX: 0.2838
CentroidY: 0.4633
