Location: 2025-04-18_221722-1.png_Gaussian-Median.png
Component: component_1745014102610_579.png
centerX: 0.6207302709069493
centerY: 0.7903294822421908
width: 0.030624263839811542
height: 0.032520325203252036
Area: 0.00042437099096674435
CentroidX: 0.6347
CentroidY: 0.8057
