Location: 2025-04-18_221722-1.png_Mean-Closing.png
Component: component_1745014101774_406.png
centerX: 0.7862190812720848
centerY: 0.5857937526743688
width: 0.03121319199057715
height: 0.029097133076593923
Area: 0.0003845547103415985
CentroidX: 0.8009
CentroidY: 0.5994
