Location: 2025-04-18_221722-1.png_Mean-Closing.png
Component: component_1745014101736_248.png
centerX: 0.8704358068315665
centerY: 0.3504492939666239
width: 0.030035335689045935
height: 0.029525032092426188
Area: 0.00040773887374358214
CentroidX: 0.8835
CentroidY: 0.3638
