Location: 2025-04-18_221722-1.png_Mean-Closing.png
Component: component_1745014101797_477.png
centerX: 0.8580683156654888
centerY: 0.6884895164741122
width: 0.03651354534746761
height: 0.03380402225074882
Area: 0.0004604072449502624
CentroidX: 0.8746
CentroidY: 0.7045
