Location: 2025-04-18_221722-1.png_Mean-Closing.png
Component: component_1745014101690_39.png
centerX: 0.7591283863368669
centerY: 0.047068891741549
width: 0.02767962308598351
height: 0.029097133076593923
Area: 0.0003442344261642356
CentroidX: 0.7729
CentroidY: 0.0606
