Location: 2025-04-18_221722-1.png_Otsu.png
Component: component_1745014102256_592.png
centerX: 0.10247349823321555
centerY: 0.85066324347454
width: 0.026501766784452298
height: 0.031664527171587506
Area: 0.0002751859395105017
CentroidX: 0.1152
CentroidY: 0.8645
