Location: 2025-04-18_221722-1.png_Mean-Closing.png
Component: component_1745014101692_46.png
centerX: 0.28150765606595995
centerY: 0.07830551989730423
width: 0.03121319199057715
height: 0.025246041934103552
Area: 0.0003238222822994456
CentroidX: 0.2956
CentroidY: 0.0896
