Location: easy21_Mean-Medain.png
Component: component_1744297380856_437.png
centerX: 0.25725806451612904
centerY: 0.38362068965517243
width: 0.020967741935483872
height: 0.021551724137931036
Area: 0.00010544123099740452
CentroidX: 0.2672
CentroidY: 0.3939
