Location: 2025-04-18_221722-1.png_Otsu.png
Component: component_1745014102067_143.png
centerX: 0.1160188457008245
centerY: 0.24176294394522893
width: 0.025323910482921083
height: 0.03080872913992298
Area: 0.0002167215274533255
CentroidX: 0.1270
CentroidY: 0.2558
