Location: 2025-04-18_221722-1.png_Gaussian-Median.png
Component: component_1745014102571_402.png
centerX: 0.5606595995288575
centerY: 0.5507060333761232
width: 0.030624263839811542
height: 0.031664527171587506
Area: 0.00042941102648891467
CentroidX: 0.5739
CentroidY: 0.5650
