Location: 2025-04-18_221722-1.png_Gaussian-Median.png
Component: component_1745014102513_151.png
centerX: 0.07950530035335689
centerY: 0.20710312366281558
width: 0.02591283863368669
height: 0.02866923406076166
Area: 0.00027669795016715276
CentroidX: 0.0921
CentroidY: 0.2208
