Location: 2025-04-18_221722-1.png_Otsu.png
Component: component_1745014102178_458.png
centerX: 0.4746760895170789
centerY: 0.6482670089858793
width: 0.027090694935217905
height: 0.029525032092426188
Area: 0.00035154247767138264
CentroidX: 0.4876
CentroidY: 0.6631
