Location: 2025-04-18_221722-1.png_Gaussian-Median.png
Component: component_1745014102500_107.png
centerX: 0.35335689045936397
centerY: 0.14548566538296961
width: 0.02767962308598351
height: 0.02610183996576808
Area: 0.0003341543551198949
CentroidX: 0.3660
CentroidY: 0.1578
