Location: 2025-04-18_221722-1.png_Gaussian-Closing.png
Component: component_1745014102442_557.png
centerX: 0.46878680800942285
centerY: 0.8237056054771074
width: 0.025323910482921083
height: 0.028241335044929396
Area: 0.00033239034268713524
CentroidX: 0.4813
CentroidY: 0.8364
