Location: 2025-04-18_221722-1.png_Otsu.png
Component: component_1745014102077_192.png
centerX: 0.8451118963486455
centerY: 0.2845528455284553
width: 0.02237926972909305
height: 0.02738553701326487
Area: 0.00016858918821659855
CentroidX: 0.8554
CentroidY: 0.2973
