Location: 2025-04-18_221722-1.png_Gaussian-Median.png
Component: component_1745014102531_225.png
centerX: 0.5453474676089517
centerY: 0.3119383825417201
width: 0.025323910482921083
height: 0.03080872913992298
Area: 0.000279721971480455
CentroidX: 0.5569
CentroidY: 0.3263
