Location: 2025-04-18_221722-1.png_Gaussian-Median.png
Component: component_1745014102564_370.png
centerX: 0.3409893992932862
centerY: 0.5151904150620453
width: 0.028857479387514724
height: 0.02781343602909713
Area: 0.00037069461265563
CentroidX: 0.3547
CentroidY: 0.5283
