Location: 2025-04-18_221722-1.png_Mean-Closing.png
Component: component_1745014101750_304.png
centerX: 0.17373380447585396
centerY: 0.449721865639709
width: 0.02767962308598351
height: 0.026957637997432605
Area: 0.0003444864279403441
CentroidX: 0.1859
CentroidY: 0.4629
