Location: 2025-04-18_221722-1.png_Gaussian-Median.png
Component: component_1745014102517_168.png
centerX: 0.5983510011778563
centerY: 0.212665810868635
width: 0.026501766784452298
height: 0.025246041934103552
Area: 0.00023032962336318546
CentroidX: 0.6101
CentroidY: 0.2244
