Location: 2025-04-18_221722-1.png_Mean-Closing.png
Component: component_1745014101773_405.png
centerX: 0.6743227326266196
centerY: 0.5853658536585366
width: 0.028857479387514724
height: 0.02781343602909713
Area: 0.00035179447944749115
CentroidX: 0.6876
CentroidY: 0.5986
