Location: 2025-04-18_221722-1.png_Mean-Closing.png
Component: component_1745014101759_346.png
centerX: 0.30683156654888105
centerY: 0.5147625160462131
width: 0.027090694935217905
height: 0.029097133076593923
Area: 0.00037069461265563
CentroidX: 0.3199
CentroidY: 0.5287
