Location: 2025-04-18_221722-1.png_Mean-Closing.png
Component: component_1745014101772_399.png
centerX: 0.5182567726737338
centerY: 0.5845100556268721
width: 0.02591283863368669
height: 0.029097133076593923
Area: 0.0003724586250883896
CentroidX: 0.5308
CentroidY: 0.5986
