Location: 2025-04-18_221722-1.png_Gaussian-Closing.png
Component: component_1745014102331_35.png
centerX: 0.7226148409893993
centerY: 0.04664099272571673
width: 0.028268551236749116
height: 0.029525032092426188
Area: 0.0003555745060891189
CentroidX: 0.7354
CentroidY: 0.0600
