Location: 2025-04-18_221722-1.png_Gaussian-Closing.png
Component: component_1745014102346_98.png
centerX: 0.49646643109540634
centerY: 0.14634146341463414
width: 0.025323910482921083
height: 0.02396234488660676
Area: 0.0002940860727186405
CentroidX: 0.5080
CentroidY: 0.1576
