Location: 2025-04-18_221722-1.png_Otsu.png
Component: component_1745014102063_128.png
centerX: 0.45229681978798586
centerY: 0.20881471972614463
width: 0.022968197879858657
height: 0.031664527171587506
Area: 0.0002462057352580221
CentroidX: 0.4619
CentroidY: 0.2229
