Location: 2025-04-18_221722-1.png_Otsu.png
Component: component_1745014102177_451.png
centerX: 0.2408716136631331
centerY: 0.6452717158750535
width: 0.025323910482921083
height: 0.02738553701326487
Area: 0.0003119781988223453
CentroidX: 0.2530
CentroidY: 0.6589
