Location: 2025-04-18_221722-1.png_Gaussian-Median.png
Component: component_1745014102585_476.png
centerX: 0.5871613663133097
centerY: 0.6495507060333762
width: 0.028268551236749116
height: 0.03080872913992298
Area: 0.00038833473698322624
CentroidX: 0.6011
CentroidY: 0.6649
