Location: 2025-04-18_221722-1.png_Mean-Closing.png
Component: component_1745014101714_151.png
centerX: 0.6389870435806831
centerY: 0.21437740693196405
width: 0.023557126030624265
height: 0.025246041934103552
Area: 0.0002152095167966744
CentroidX: 0.6499
CentroidY: 0.2260
