Location: 2025-04-18_221722-1.png_Gaussian-Closing.png
Component: component_1745014102399_356.png
centerX: 0.6395759717314488
centerY: 0.517757809157039
width: 0.030035335689045935
height: 0.02866923406076166
Area: 0.00038631872277435813
CentroidX: 0.6543
CentroidY: 0.5316
