Location: easy43_Mean-Closing.png
Component: component_1744297380593_372.png
centerX: 0.15719467956469166
centerY: 0.30354852501068835
width: 0.013301088270858524
height: 0.01453612654980761
Area: 8.297348002148521e-05
CentroidX: 0.1637
CentroidY: 0.3101
