Location: 2025-04-18_221722-1.png_Mean-Closing.png
Component: component_1745014101731_224.png
centerX: 0.8739693757361602
centerY: 0.31450577663671375
width: 0.022968197879858657
height: 0.029525032092426188
Area: 0.00022503758606490657
CentroidX: 0.8850
CentroidY: 0.3291
