Location: 2025-04-18_221722-1.png_Otsu.png
Component: component_1745014102140_347.png
centerX: 0.4546525323910483
centerY: 0.4852374839537869
width: 0.03180212014134275
height: 0.02610183996576808
Area: 0.00034095840307482486
CentroidX: 0.4685
CentroidY: 0.4980
