Location: 2025-04-18_221722-1.png_Gaussian-Closing.png
Component: component_1745014102450_604.png
centerX: 0.5047114252061249
centerY: 0.8925973470261018
width: 0.025323910482921083
height: 0.029525032092426188
Area: 0.00030013411534524493
CentroidX: 0.5164
CentroidY: 0.9069
