Location: 2025-04-18_221722-1.png_Gaussian-Median.png
Component: component_1745014102606_560.png
centerX: 0.8197879858657244
centerY: 0.7595207531022679
width: 0.03121319199057715
height: 0.029525032092426188
Area: 0.00037119861620784706
CentroidX: 0.8345
CentroidY: 0.7740
