Location: 2025-04-18_221722-1.png_Gaussian-Median.png
Component: component_1745014102586_481.png
centerX: 0.7862190812720848
centerY: 0.6516902011125374
width: 0.02944640753828033
height: 0.02995293110825845
Area: 0.0003807746836999707
CentroidX: 0.7997
CentroidY: 0.6670
