Location: 2025-04-18_221722-1.png_Otsu.png
Component: component_1745014102104_274.png
centerX: 0.42638398115429915
centerY: 0.3816859221223791
width: 0.030624263839811542
height: 0.03209242618741977
Area: 0.0004115189003852099
CentroidX: 0.4406
CentroidY: 0.3967
