Location: 2025-04-18_221722-1.png_Gaussian-Median.png
Component: component_1745014102560_358.png
centerX: 0.7956419316843345
centerY: 0.48823277706461277
width: 0.02767962308598351
height: 0.02738553701326487
Area: 0.00036842659667065336
CentroidX: 0.8088
CentroidY: 0.5015
