Location: 2025-04-18_221722-1.png_Otsu.png
Component: component_1745014102287_664.png
centerX: 0.2508833922261484
centerY: 0.9602053915275995
width: 0.024146054181389872
height: 0.02866923406076166
Area: 0.00024166970328806878
CentroidX: 0.2619
CentroidY: 0.9739
