Location: 2025-04-18_221722-1.png_Gaussian-Closing.png
Component: component_1745014102406_395.png
centerX: 0.37279151943462896
centerY: 0.581086863500214
width: 0.02591283863368669
height: 0.029525032092426188
Area: 0.0003669145860140022
CentroidX: 0.3850
CentroidY: 0.5952
