Location: 2025-04-18_221722-1.png_Otsu.png
Component: component_1745014102081_207.png
centerX: 0.287396937573616
centerY: 0.31322207958921694
width: 0.02591283863368669
height: 0.029525032092426188
Area: 0.0002570418116306884
CentroidX: 0.2996
CentroidY: 0.3269
