Location: 2025-04-18_221722-1.png_Mean-Closing.png
Component: component_1745014101691_44.png
centerX: 0.2061248527679623
centerY: 0.07744972186563971
width: 0.030035335689045935
height: 0.02610183996576808
Area: 0.00033239034268713524
CentroidX: 0.2200
CentroidY: 0.0893
