Location: 2025-04-18_221722-1.png_Gaussian-Median.png
Component: component_1745014102574_417.png
centerX: 0.10365135453474676
centerY: 0.5785194694052204
width: 0.030035335689045935
height: 0.030380830124090714
Area: 0.00037699465705834297
CentroidX: 0.1177
CentroidY: 0.5931
