Location: 2025-04-18_221722-1.png_Gaussian-Closing.png
Component: component_1745014102448_591.png
centerX: 0.17608951707891637
centerY: 0.8853230637569534
width: 0.028857479387514724
height: 0.03594351732991014
Area: 0.0003679225931184363
CentroidX: 0.1899
CentroidY: 0.9022
