Location: 2025-04-18_221722-1.png_Gaussian-Median.png
Component: component_1745014102575_420.png
centerX: 0.33981154299175503
centerY: 0.5802310654685494
width: 0.02944640753828033
height: 0.02995293110825845
Area: 0.00038127868725218775
CentroidX: 0.3535
CentroidY: 0.5950
