Location: 2025-04-18_221722-1.png_Otsu.png
Component: component_1745014102058_121.png
centerX: 0.11719670200235571
centerY: 0.20838682071031236
width: 0.027090694935217905
height: 0.02738553701326487
Area: 0.0002381416784225495
CentroidX: 0.1295
CentroidY: 0.2211
