Location: 2025-04-18_221722-1.png_Mean-Closing.png
Component: component_1745014101959_649.png
centerX: 0.5406360424028268
centerY: 0.9640564826700898
width: 0.023557126030624265
height: 0.024390243902439025
Area: 0.00023158963224372806
CentroidX: 0.5512
CentroidY: 0.9761
