Location: 2025-04-18_221722-1.png_Gaussian-Closing.png
Component: component_1745014102374_242.png
centerX: 0.6943462897526502
centerY: 0.3478818998716303
width: 0.027090694935217905
height: 0.02995293110825845
Area: 0.0003724586250883896
CentroidX: 0.7060
CentroidY: 0.3619
