Location: 2025-04-18_221722-1.png_Gaussian-Median.png
Component: component_1745014102610_580.png
centerX: 0.5047114252061249
centerY: 0.7907573812580231
width: 0.026501766784452298
height: 0.032520325203252036
Area: 0.0003875787316549007
CentroidX: 0.5169
CentroidY: 0.8057
