Location: 2025-04-18_221722-1.png_Gaussian-Median.png
Component: component_1745014102551_312.png
centerX: 0.8657243816254417
centerY: 0.4184852374839538
width: 0.03180212014134275
height: 0.032520325203252036
Area: 0.0004349550655633021
CentroidX: 0.8805
CentroidY: 0.4338
