Location: easy43_Mean-Closing.png
Component: component_1744297380668_975.png
centerX: 0.15719467956469166
centerY: 0.5904232578024797
width: 0.013301088270858524
height: 0.01453612654980761
Area: 8.65922610816123e-05
CentroidX: 0.1634
CentroidY: 0.5972
