Location: 2025-04-18_221722-1.png_Gaussian-Closing.png
Component: component_1745014102437_529.png
centerX: 0.3032979976442874
centerY: 0.7843388960205392
width: 0.028268551236749116
height: 0.03380402225074882
Area: 0.00040269883822141177
CentroidX: 0.3174
CentroidY: 0.8007
