Location: 2025-04-18_221722-1.png_Otsu.png
Component: component_1745014102268_624.png
centerX: 0.5394581861012956
centerY: 0.8921694480102695
width: 0.028268551236749116
height: 0.030380830124090714
Area: 0.000307946170404609
CentroidX: 0.5529
CentroidY: 0.9072
