Location: 2025-04-18_221722-1.png_Otsu.png
Component: component_1745014102156_414.png
centerX: 0.4793875147232038
centerY: 0.5832263585793752
width: 0.02767962308598351
height: 0.02995293110825845
Area: 0.00037321463041671516
CentroidX: 0.4929
CentroidY: 0.5981
