Location: 2025-04-18_221722-1.png_Gaussian-Median.png
Component: component_1745014102528_215.png
centerX: 0.6631330977620731
centerY: 0.2815575524176294
width: 0.024146054181389872
height: 0.02995293110825845
Area: 0.00020361743509568256
CentroidX: 0.6749
CentroidY: 0.2956
