Location: 2025-04-18_221722-1.png_Mean-Closing.png
Component: component_1745014101733_233.png
centerX: 0.5789163722025913
centerY: 0.3453145057766367
width: 0.025323910482921083
height: 0.029097133076593923
Area: 0.0003495264634625145
CentroidX: 0.5902
CentroidY: 0.3590
