Location: 2025-04-18_221722-1.png_Otsu.png
Component: component_1745014102289_672.png
centerX: 0.6584216725559482
centerY: 0.9619169875909286
width: 0.025323910482921083
height: 0.02866923406076166
Area: 0.0002698939022122228
CentroidX: 0.6693
CentroidY: 0.9758
