Location: 2025-04-18_221722-1.png_Otsu.png
Component: component_1745014102111_296.png
centerX: 0.6042402826855123
centerY: 0.4154899443731279
width: 0.028857479387514724
height: 0.02781343602909713
Area: 0.0003374303782093056
CentroidX: 0.6177
CentroidY: 0.4289
