Location: 2025-04-18_221722-1.png_Gaussian-Median.png
Component: component_1745014102600_532.png
centerX: 0.6648998822143698
centerY: 0.7210098416773641
width: 0.030624263839811542
height: 0.029525032092426188
Area: 0.00038858673875933475
CentroidX: 0.6793
CentroidY: 0.7353
