Location: 2025-04-18_221722-1.png_Gaussian-Closing.png
Component: component_1745014102457_636.png
centerX: 0.10600706713780919
centerY: 0.9546427043217801
width: 0.027090694935217905
height: 0.03209242618741977
Area: 0.0002918180567336639
CentroidX: 0.1176
CentroidY: 0.9704
