Location: 2025-04-18_221722-1.png_Gaussian-Closing.png
Component: component_1745014102439_540.png
centerX: 0.5047114252061249
centerY: 0.7911852802738554
width: 0.026501766784452298
height: 0.03209242618741977
Area: 0.00038984674763987737
CentroidX: 0.5169
CentroidY: 0.8056
