Location: 2025-04-18_221722-1.png_Gaussian-Median.png
Component: component_1745014102524_196.png
centerX: 0.8451118963486455
centerY: 0.24946512623020967
width: 0.025323910482921083
height: 0.02866923406076166
Area: 0.0002462057352580221
CentroidX: 0.8571
CentroidY: 0.2624
