Location: 2025-04-18_221722-1.png_Otsu.png
Component: component_1745014102042_93.png
centerX: 0.8875147232037691
centerY: 0.15019255455712452
width: 0.03121319199057715
height: 0.026529738981600343
Area: 0.0002915660549575553
CentroidX: 0.9011
CentroidY: 0.1616
