Location: 2025-04-18_221722-1.png_Otsu.png
Component: component_1745014102250_578.png
centerX: 0.8621908127208481
centerY: 0.8241335044929397
width: 0.03356890459363958
height: 0.03123662815575524
Area: 0.0003538104936563593
CentroidX: 0.8767
CentroidY: 0.8380
