Location: 2025-04-18_221722-1.png_Otsu.png
Component: component_1745014102065_136.png
centerX: 0.6760895170789164
centerY: 0.21523320496362858
width: 0.025323910482921083
height: 0.02396234488660676
Area: 0.0001900093391858226
CentroidX: 0.6879
CentroidY: 0.2262
