Location: 2025-04-18_221722-1.png_Otsu.png
Component: component_1745014102289_673.png
centerX: 0.8639575971731449
centerY: 0.9623448866067608
width: 0.035924617196702
height: 0.02610183996576808
Area: 0.00027644594839104425
CentroidX: 0.8791
CentroidY: 0.9753
