Location: 2025-04-18_221722-1.png_Otsu.png
Component: component_1745014102017_25.png
centerX: 0.08657243816254417
centerY: 0.07445442875481387
width: 0.03121319199057715
height: 0.029525032092426188
Area: 0.000286526019435385
CentroidX: 0.1016
CentroidY: 0.0890
