Location: 2025-04-18_221722-1.png_Mean-Closing.png
Component: component_1745014101700_86.png
centerX: 0.8586572438162544
centerY: 0.11895592640136927
width: 0.025323910482921083
height: 0.026529738981600343
Area: 0.00029282606383809794
CentroidX: 0.8705
CentroidY: 0.1307
