Location: 2025-04-18_221722-1.png_Gaussian-Median.png
Component: component_1745014102521_185.png
centerX: 0.14840989399293286
centerY: 0.24390243902439024
width: 0.027090694935217905
height: 0.02781343602909713
Area: 0.0002570418116306884
CentroidX: 0.1609
CentroidY: 0.2568
