Location: 2025-04-18_221722-1.png_Gaussian-Median.png
Component: component_1745014102614_593.png
centerX: 0.17785630153121318
centerY: 0.8194266153187848
width: 0.02591283863368669
height: 0.028241335044929396
Area: 0.0003369263746570886
CentroidX: 0.1898
CentroidY: 0.8334
