Location: 2025-04-18_221722-1.png_Otsu.png
Component: component_1745014102270_628.png
centerX: 0.6590106007067138
centerY: 0.8955926401369276
width: 0.026501766784452298
height: 0.02781343602909713
Area: 0.0002658618737944865
CentroidX: 0.6707
CentroidY: 0.9088
