Location: easy16_Gaussian-Median.png
Component: component_1744297381864_935.png
centerX: 0.4338709677419355
centerY: 0.6657088122605364
width: 0.020967741935483872
height: 0.021551724137931036
Area: 0.00010312384130515387
CentroidX: 0.4436
CentroidY: 0.6759
