Location: 2025-04-18_221722-1.png_Otsu.png
Component: component_1745014102288_670.png
centerX: 0.4416961130742049
centerY: 0.961061189559264
width: 0.024146054181389872
height: 0.029097133076593923
Area: 0.00023032962336318546
CentroidX: 0.4524
CentroidY: 0.9753
