Location: 2025-04-18_221722-1.png_Gaussian-Median.png
Component: component_1745014102524_195.png
centerX: 0.7467608951707891
centerY: 0.24946512623020967
width: 0.028268551236749116
height: 0.030380830124090714
Area: 0.0003129862059267794
CentroidX: 0.7596
CentroidY: 0.2634
