Location: 2025-04-18_221722-1.png_Gaussian-Median.png
Component: component_1745014102487_34.png
centerX: 0.8663133097762074
centerY: 0.047068891741549
width: 0.02944640753828033
height: 0.029525032092426188
Area: 0.0003535584918802508
CentroidX: 0.8795
CentroidY: 0.0602
