Location: 2025-04-18_221722-1.png_Mean-Closing.png
Component: component_1745014101844_571.png
centerX: 0.24558303886925795
centerY: 0.8502353444587077
width: 0.024734982332155476
height: 0.031664527171587506
Area: 0.0002925740620619894
CentroidX: 0.2573
CentroidY: 0.8641
