Location: 2025-04-18_221722-1.png_Mean-Closing.png
Component: component_1745014101735_240.png
centerX: 0.11012956419316844
centerY: 0.3470261018399658
width: 0.022968197879858657
height: 0.031664527171587506
Area: 0.0002671218826750291
CentroidX: 0.1210
CentroidY: 0.3621
