Location: 2025-04-18_221722-1.png_Gaussian-Median.png
Component: component_1745014102528_214.png
centerX: 0.5129564193168433
centerY: 0.2819854514334617
width: 0.024146054181389872
height: 0.02738553701326487
Area: 0.00021621752390110844
CentroidX: 0.5241
CentroidY: 0.2946
