Location: 2025-04-18_221722-1.png_Otsu.png
Component: component_1745014102272_633.png
centerX: 0.8627797408716137
centerY: 0.8960205391527599
width: 0.030035335689045935
height: 0.029097133076593923
Area: 0.0002923220602858809
CentroidX: 0.8771
CentroidY: 0.9101
