Location: 2025-04-18_221722-1.png_Otsu.png
Component: component_1745014102277_642.png
centerX: 0.3115429917550059
centerY: 0.926829268292683
width: 0.028857479387514724
height: 0.03080872913992298
Area: 0.00030089012067357053
CentroidX: 0.3240
CentroidY: 0.9423
