Location: 2025-04-18_221722-1.png_Otsu.png
Component: component_1745014102081_204.png
centerX: 0.5453474676089517
centerY: 0.3123662815575524
width: 0.025323910482921083
height: 0.030380830124090714
Area: 0.00023587366243757286
CentroidX: 0.5566
CentroidY: 0.3262
