Location: 2025-04-18_221722-1.png_Mean-Closing.png
Component: component_1745014101694_53.png
centerX: 0.5047114252061249
centerY: 0.0800171159606333
width: 0.03121319199057715
height: 0.02738553701326487
Area: 0.00033264234446324375
CentroidX: 0.5194
CentroidY: 0.0927
