Location: 2025-04-18_221722-1.png_Otsu.png
Component: component_1745014102259_601.png
centerX: 0.5041224970553593
centerY: 0.8583654257595208
width: 0.026501766784452298
height: 0.03123662815575524
Area: 0.000307946170404609
CentroidX: 0.5164
CentroidY: 0.8730
