Location: 2025-04-18_221722-1.png_Gaussian-Closing.png
Component: component_1745014102348_113.png
centerX: 0.15665488810365136
centerY: 0.1750106974753958
width: 0.024146054181389872
height: 0.02781343602909713
Area: 0.0002779579590476954
CentroidX: 0.1680
CentroidY: 0.1875
