Location: 2025-04-18_221722-1.png_Mean-Closing.png
Component: component_1745014101800_492.png
centerX: 0.5447585394581861
centerY: 0.7210098416773641
width: 0.02944640753828033
height: 0.02781343602909713
Area: 0.0003722066233122811
CentroidX: 0.5584
CentroidY: 0.7340
