Location: 2025-04-18_221722-1.png_Gaussian-Closing.png
Component: component_1745014102408_404.png
centerX: 0.7126030624263839
centerY: 0.5853658536585366
width: 0.028857479387514724
height: 0.02781343602909713
Area: 0.0003790106712672111
CentroidX: 0.7258
CentroidY: 0.5987
