Location: 2025-04-18_221722-1.png_Gaussian-Median.png
Component: component_1745014102608_567.png
centerX: 0.1784452296819788
centerY: 0.7817715019255456
width: 0.02591283863368669
height: 0.036799315361574665
Area: 0.0003802706801477537
CentroidX: 0.1910
CentroidY: 0.7989
