Location: 2025-04-18_221722-1.png_Gaussian-Median.png
Component: component_1745014102526_204.png
centerX: 0.21790341578327443
centerY: 0.2777064612751391
width: 0.02591283863368669
height: 0.025673940949935817
Area: 0.00025527779919792874
CentroidX: 0.2306
CentroidY: 0.2900
