Location: 2025-04-18_221722-1.png_Gaussian-Closing.png
Component: component_1745014102344_89.png
centerX: 0.23851590106007067
centerY: 0.1446298673513051
width: 0.028857479387514724
height: 0.024818142918271287
Area: 0.00030971018283736866
CentroidX: 0.2524
CentroidY: 0.1564
