Location: easy43_Mean-Closing.png
Component: component_1744297380644_775.png
centerX: 0.5816203143893591
centerY: 0.4989311671654553
width: 0.012091898428053204
height: 0.012825994014536126
Area: 5.454020026334387e-05
CentroidX: 0.5873
CentroidY: 0.5048
