Location: 2025-04-18_221722-1.png_Mean-Closing.png
Component: component_1745014101753_315.png
centerX: 0.8297997644287397
centerY: 0.4540008557980317
width: 0.027090694935217905
height: 0.03123662815575524
Area: 0.000391610760072637
CentroidX: 0.8432
CentroidY: 0.4685
