Location: 2025-04-18_221722-1.png_Otsu.png
Component: component_1745014102076_187.png
centerX: 0.5482921083627798
centerY: 0.28241335044929394
width: 0.026501766784452298
height: 0.026529738981600343
Area: 0.00018950533563360554
CentroidX: 0.5605
CentroidY: 0.2948
