Location: 2025-04-18_221722-1.png_Otsu.png
Component: component_1745014102272_632.png
centerX: 0.7809187279151943
centerY: 0.8960205391527599
width: 0.02944640753828033
height: 0.02866923406076166
Area: 0.0002676258862272461
CentroidX: 0.7932
CentroidY: 0.9100
