Location: 2025-04-18_221722-1.png_Otsu.png
Component: component_1745014102279_649.png
centerX: 0.6207302709069493
centerY: 0.928540864356012
width: 0.026501766784452298
height: 0.03209242618741977
Area: 0.00023763767487033248
CentroidX: 0.6327
CentroidY: 0.9435
