Location: 2025-04-18_221722-1.png_Gaussian-Median.png
Component: component_1745014102586_482.png
centerX: 0.823321554770318
centerY: 0.6521181001283697
width: 0.027090694935217905
height: 0.03080872913992298
Area: 0.00038153068902829627
CentroidX: 0.8364
CentroidY: 0.6673
