Location: 2025-04-18_221722-1.png_Gaussian-Closing.png
Component: component_1745014102344_90.png
centerX: 0.08303886925795052
centerY: 0.14548566538296961
width: 0.030624263839811542
height: 0.026957637997432605
Area: 0.000328862317821616
CentroidX: 0.0976
CentroidY: 0.1573
