Location: 2025-04-18_221722-1.png_Otsu.png
Component: component_1745014102290_675.png
centerX: 0.5724381625441696
centerY: 0.962772785622593
width: 0.028857479387514724
height: 0.026957637997432605
Area: 0.0002809819803609976
CentroidX: 0.5863
CentroidY: 0.9768
