Location: 2025-04-18_221722-1.png_Mean-Closing.png
Component: component_1745014101938_640.png
centerX: 0.3133097762073027
centerY: 0.9606332905434317
width: 0.02591283863368669
height: 0.026529738981600343
Area: 0.00023612566421368138
CentroidX: 0.3243
CentroidY: 0.9736
