Location: 2025-04-18_221722-1.png_Gaussian-Median.png
Component: component_1745014102586_478.png
centerX: 0.7491166077738516
centerY: 0.6499786050492083
width: 0.026501766784452298
height: 0.029525032092426188
Area: 0.0003611185451635063
CentroidX: 0.7619
CentroidY: 0.6644
