Location: 2025-04-18_221722-1.png_Gaussian-Median.png
Component: component_1745014102546_289.png
centerX: 0.7962308598351001
centerY: 0.3842533162173727
width: 0.030624263839811542
height: 0.03209242618741977
Area: 0.00043142704069778283
CentroidX: 0.8102
CentroidY: 0.3991
