Location: 2025-04-18_221722-1.png_Gaussian-Closing.png
Component: component_1745014102363_190.png
centerX: 0.47820965842167257
centerY: 0.27899015832263585
width: 0.027090694935217905
height: 0.02781343602909713
Area: 0.00024796974769078175
CentroidX: 0.4901
CentroidY: 0.2917
