Location: 2025-04-18_221722-1.png_Gaussian-Closing.png
Component: component_1745014102383_285.png
centerX: 0.42579505300353354
centerY: 0.41677364142062473
width: 0.02591283863368669
height: 0.02995293110825845
Area: 0.0003528024865519252
CentroidX: 0.4374
CentroidY: 0.4301
