Location: 2025-04-18_221722-1.png_Gaussian-Closing.png
Component: component_1745014102385_291.png
centerX: 0.7614840989399293
centerY: 0.41891313649978607
width: 0.02591283863368669
height: 0.02866923406076166
Area: 0.00035481850076079336
CentroidX: 0.7736
CentroidY: 0.4321
