Location: 2025-04-18_221722-1.png_Otsu.png
Component: component_1745014102255_587.png
centerX: 0.6207302709069493
centerY: 0.8296961916987591
width: 0.028268551236749116
height: 0.028241335044929396
Area: 0.00033037432847826713
CentroidX: 0.6345
CentroidY: 0.8421
