Location: 2025-04-18_221722-1.png_Gaussian-Median.png
Component: component_1745014102615_602.png
centerX: 0.7432273262661955
centerY: 0.8254172015404364
width: 0.02591283863368669
height: 0.03080872913992298
Area: 0.00035154247767138264
CentroidX: 0.7556
CentroidY: 0.8391
