Location: 2025-04-18_221722-1.png_Gaussian-Closing.png
Component: component_1745014102441_552.png
centerX: 0.06595995288574794
centerY: 0.8194266153187848
width: 0.026501766784452298
height: 0.02866923406076166
Area: 0.0003286103160455075
CentroidX: 0.0789
CentroidY: 0.8342
