Location: 2025-04-18_221722-1.png_Gaussian-Median.png
Component: component_1745014102491_64.png
centerX: 0.6890459363957597
centerY: 0.0834403080872914
width: 0.028857479387514724
height: 0.026957637997432605
Area: 0.0003102141863895857
CentroidX: 0.7017
CentroidY: 0.0958
