Location: 2025-04-18_221722-1.png_Mean-Closing.png
Component: component_1745014101700_83.png
centerX: 0.7879858657243817
centerY: 0.11510483525887891
width: 0.028857479387514724
height: 0.02866923406076166
Area: 0.0002996301117930279
CentroidX: 0.8010
CentroidY: 0.1282
