Location: 2025-04-18_221722-1.png_Mean-Closing.png
Component: component_1745014101804_508.png
centerX: 0.27267373380447585
centerY: 0.7471116816431322
width: 0.028268551236749116
height: 0.032520325203252036
Area: 0.00035607850964133593
CentroidX: 0.2860
CentroidY: 0.7624
