Location: 2025-04-18_221722-1.png_Otsu.png
Component: component_1745014102062_127.png
centerX: 0.4175500588928151
centerY: 0.2092426187419769
width: 0.02237926972909305
height: 0.02396234488660676
Area: 0.0001958053800363185
CentroidX: 0.4278
CentroidY: 0.2202
