Location: 2025-04-18_221722-1.png_Gaussian-Closing.png
Component: component_1745014102440_545.png
centerX: 0.8633686690223793
centerY: 0.7928968763371844
width: 0.025323910482921083
height: 0.02995293110825845
Area: 0.00033566636577654597
CentroidX: 0.8749
CentroidY: 0.8067
