Location: 2025-04-18_221722-1.png_Otsu.png
Component: component_1745014102149_384.png
centerX: 0.06654888103651355
centerY: 0.5464270432178006
width: 0.03180212014134275
height: 0.029097133076593923
Area: 0.0003205462592100349
CentroidX: 0.0814
CentroidY: 0.5610
