Location: 2025-04-18_221722-1.png_Mean-Closing.png
Component: component_1745014101740_268.png
centerX: 0.8327444051825678
centerY: 0.38382541720154045
width: 0.02767962308598351
height: 0.0329482242190843
Area: 0.00042084296610122505
CentroidX: 0.8452
CentroidY: 0.3996
