Location: 2025-04-18_221722-1.png_Otsu.png
Component: component_1745014101995_3.png
centerX: 0.13015312131919907
centerY: 0.03808301240907146
width: 0.03297997644287397
height: 0.03337612323491656
Area: 0.0003157582254639731
CentroidX: 0.1454
CentroidY: 0.0536
