Location: 2025-04-18_221722-1.png_Gaussian-Median.png
Component: component_1745014102571_399.png
centerX: 0.6395759717314488
centerY: 0.5494223363286265
width: 0.030624263839811542
height: 0.030380830124090714
Area: 0.0004155509288029462
CentroidX: 0.6540
CentroidY: 0.5639
