Location: 2025-04-18_221722-1.png_Gaussian-Closing.png
Component: component_1745014102380_268.png
centerX: 0.8321554770318021
centerY: 0.38382541720154045
width: 0.028268551236749116
height: 0.0329482242190843
Area: 0.0004180709465640314
CentroidX: 0.8452
CentroidY: 0.3995
