Location: 2025-04-18_221722-1.png_Gaussian-Closing.png
Component: component_1745014102335_47.png
centerX: 0.3568904593639576
centerY: 0.07830551989730423
width: 0.027090694935217905
height: 0.026529738981600343
Area: 0.00030693816330017496
CentroidX: 0.3695
CentroidY: 0.0904
