Location: 2025-04-18_221722-1.png_Mean-Closing.png
Component: component_1745014101784_442.png
centerX: 0.37220259128386335
centerY: 0.6491228070175439
width: 0.02591283863368669
height: 0.02866923406076166
Area: 0.00036263055582015744
CentroidX: 0.3842
CentroidY: 0.6629
