Location: 2025-04-18_221722-1.png_Gaussian-Median.png
Component: component_1745014102537_254.png
centerX: 0.2838633686690224
centerY: 0.345742404792469
width: 0.028857479387514724
height: 0.03380402225074882
Area: 0.00041303091104186103
CentroidX: 0.2966
CentroidY: 0.3619
