Location: 2025-04-18_221722-1.png_Mean-Closing.png
Component: component_1745014101741_269.png
centerX: 0.24381625441696114
centerY: 0.3842533162173727
width: 0.02767962308598351
height: 0.026957637997432605
Area: 0.00035733851852187855
CentroidX: 0.2553
CentroidY: 0.3968
