Location: 2025-04-18_221722-1.png_Mean-Closing.png
Component: component_1745014101698_72.png
centerX: 0.42579505300353354
centerY: 0.11210954214805306
width: 0.028268551236749116
height: 0.031664527171587506
Area: 0.0003817826908044048
CentroidX: 0.4382
CentroidY: 0.1265
