Location: 2025-04-18_221722-1.png_Gaussian-Median.png
Component: component_1745014102614_597.png
centerX: 0.4034157832744405
centerY: 0.8228498074454429
width: 0.026501766784452298
height: 0.02866923406076166
Area: 0.00033516236222432894
CentroidX: 0.4158
CentroidY: 0.8363
