Location: 2025-04-18_221722-1.png_Otsu.png
Component: component_1745014102113_300.png
centerX: 0.42579505300353354
centerY: 0.41677364142062473
width: 0.02591283863368669
height: 0.02995293110825845
Area: 0.00033239034268713524
CentroidX: 0.4375
CentroidY: 0.4302
