Location: 2025-04-18_221722-1.png_Gaussian-Median.png
Component: component_1745014102499_102.png
centerX: 0.12603062426383982
centerY: 0.1446298673513051
width: 0.027090694935217905
height: 0.025246041934103552
Area: 0.00031172619704623677
CentroidX: 0.1387
CentroidY: 0.1560
