Location: 2025-04-18_221722-1.png_Mean-Closing.png
Component: component_1745014101695_59.png
centerX: 0.6590106007067138
centerY: 0.08301240907145914
width: 0.02591283863368669
height: 0.02738553701326487
Area: 0.00030593015619574085
CentroidX: 0.6705
CentroidY: 0.0956
