Location: 2025-04-18_221722-1.png_Gaussian-Closing.png
Component: component_1745014102420_446.png
centerX: 0.7078916372202592
centerY: 0.6486949080017116
width: 0.03356890459363958
height: 0.03123662815575524
Area: 0.00039992681868421807
CentroidX: 0.7242
CentroidY: 0.6643
