Location: 2025-04-18_221722-1.png_Gaussian-Median.png
Component: component_1745014102594_507.png
centerX: 0.7067137809187279
centerY: 0.6854942233632862
width: 0.030035335689045935
height: 0.0329482242190843
Area: 0.0004067308666391481
CentroidX: 0.7209
CentroidY: 0.7017
