Location: easy16_Gaussian-Median.png
Component: component_1744297381678_191.png
centerX: 0.34758064516129034
centerY: 0.13553639846743296
width: 0.020161290322580645
height: 0.021551724137931036
Area: 0.00010157891484365344
CentroidX: 0.3570
CentroidY: 0.1457
