Location: 2025-04-18_221722-1.png_Mean-Closing.png
Component: component_1745014101777_412.png
centerX: 0.14075382803297998
centerY: 0.6127513906718015
width: 0.02767962308598351
height: 0.03123662815575524
Area: 0.0003845547103415985
CentroidX: 0.1533
CentroidY: 0.6277
