Location: 2025-04-18_221722-1.png_Otsu.png
Component: component_1745014102132_331.png
centerX: 0.7974087161366313
centerY: 0.4544287548138639
width: 0.02767962308598351
height: 0.030380830124090714
Area: 0.00036867859844676187
CentroidX: 0.8100
CentroidY: 0.4685
