Location: 2025-04-18_221722-1.png_Gaussian-Closing.png
Component: component_1745014102329_27.png
centerX: 0.4664310954063604
centerY: 0.0410783055198973
width: 0.0353356890459364
height: 0.03123662815575524
Area: 0.00036540257535735114
CentroidX: 0.4815
CentroidY: 0.0546
