Location: 2025-04-18_221722-1.png_Gaussian-Closing.png
Component: component_1745014102435_520.png
centerX: 0.7467608951707891
centerY: 0.7590928540864356
width: 0.02767962308598351
height: 0.029525032092426188
Area: 0.00034095840307482486
CentroidX: 0.7587
CentroidY: 0.7739
