Location: 2025-04-18_221722-1.png_Gaussian-Closing.png
Component: component_1745014102423_462.png
centerX: 0.27267373380447585
centerY: 0.6790757381258024
width: 0.025323910482921083
height: 0.028241335044929396
Area: 0.000342470413731476
CentroidX: 0.2838
CentroidY: 0.6929
