Location: 2025-04-18_221722-1.png_Mean-Closing.png
Component: component_1745014101696_63.png
centerX: 0.8256772673733804
centerY: 0.08386820710312366
width: 0.030624263839811542
height: 0.029525032092426188
Area: 0.00035607850964133593
CentroidX: 0.8395
CentroidY: 0.0972
