Location: 2025-04-18_221722-1.png_Otsu.png
Component: component_1745014102115_310.png
centerX: 0.8303886925795053
centerY: 0.4193410355156183
width: 0.02591283863368669
height: 0.02995293110825845
Area: 0.00034599843859699523
CentroidX: 0.8431
CentroidY: 0.4328
