Location: 2025-04-18_221722-1.png_Otsu.png
Component: component_1745014102238_549.png
centerX: 0.33568904593639576
centerY: 0.7869062901155327
width: 0.02591283863368669
height: 0.031664527171587506
Area: 0.00031727023612062417
CentroidX: 0.3479
CentroidY: 0.8018
