Location: 2025-04-18_221722-1.png_Otsu.png
Component: component_1745014102091_234.png
centerX: 0.46937573616018846
centerY: 0.34488660676080446
width: 0.030035335689045935
height: 0.0329482242190843
Area: 0.00039740680092313293
CentroidX: 0.4824
CentroidY: 0.3602
