Location: 2025-04-18_221722-1.png_Otsu.png
Component: component_1745014102244_565.png
centerX: 0.10247349823321555
centerY: 0.8181429182712879
width: 0.03121319199057715
height: 0.029525032092426188
Area: 0.00037296262864060665
CentroidX: 0.1172
CentroidY: 0.8325
