Location: 2025-04-18_221722-1.png_Gaussian-Closing.png
Component: component_1745014102405_391.png
centerX: 0.2714958775029446
centerY: 0.5780915703893881
width: 0.028857479387514724
height: 0.02995293110825845
Area: 0.0003858147192221411
CentroidX: 0.2851
CentroidY: 0.5923
