Location: 2025-04-18_221722-1.png_Otsu.png
Component: component_1745014102109_286.png
centerX: 0.7968197879858657
centerY: 0.3842533162173727
width: 0.030035335689045935
height: 0.031664527171587506
Area: 0.00041781894478792284
CentroidX: 0.8102
CentroidY: 0.3991
