Location: 2025-04-18_221722-1.png_Otsu.png
Component: component_1745014102242_558.png
centerX: 0.7025912838633687
centerY: 0.7911852802738554
width: 0.02767962308598351
height: 0.032520325203252036
Area: 0.00034373042261201856
CentroidX: 0.7149
CentroidY: 0.8066
