Location: 2025-04-18_221722-1.png_Mean-Closing.png
Component: component_1745014101872_591.png
centerX: 0.14075382803297998
centerY: 0.8861788617886179
width: 0.02767962308598351
height: 0.03551561831407788
Area: 0.0003596065345068552
CentroidX: 0.1537
CentroidY: 0.9034
