Location: 2025-04-18_221722-1.png_Otsu.png
Component: component_1745014102273_636.png
centerX: 0.1413427561837456
centerY: 0.9242618741976893
width: 0.030035335689045935
height: 0.032520325203252036
Area: 0.00033339834979156935
CentroidX: 0.1549
CentroidY: 0.9404
