Location: 2025-04-18_221722-1.png_Gaussian-Closing.png
Component: component_1745014102356_152.png
centerX: 0.6755005889281508
centerY: 0.21523320496362858
width: 0.026501766784452298
height: 0.02396234488660676
Area: 0.0002197455487666277
CentroidX: 0.6879
CentroidY: 0.2264
