Location: 2025-04-18_221722-1.png_Gaussian-Median.png
Component: component_1745014102544_280.png
centerX: 0.17255594817432274
centerY: 0.38254172015404364
width: 0.030035335689045935
height: 0.026957637997432605
Area: 0.00036817459489454484
CentroidX: 0.1859
CentroidY: 0.3953
