Location: 2025-04-18_221722-1.png_Gaussian-Median.png
Component: component_1745014102483_10.png
centerX: 0.08775029446407538
centerY: 0.037227214377406934
width: 0.03180212014134275
height: 0.03337612323491656
Area: 0.00030668616152406644
CentroidX: 0.1033
CentroidY: 0.0518
