Location: 2025-04-18_221722-1.png_Gaussian-Closing.png
Component: component_1745014102330_28.png
centerX: 0.5117785630153121
centerY: 0.043645699614890884
width: 0.02944640753828033
height: 0.02995293110825845
Area: 0.00030038611712135345
CentroidX: 0.5255
CentroidY: 0.0576
