Location: 2025-04-18_221722-1.png_Mean-Closing.png
Component: component_1745014101783_440.png
centerX: 0.06595995288574794
centerY: 0.6482670089858793
width: 0.03180212014134275
height: 0.02610183996576808
Area: 0.00030315813665854715
CentroidX: 0.0806
CentroidY: 0.6616
