Location: 2025-04-18_221722-1.png_Gaussian-Median.png
Component: component_1745014102560_359.png
centerX: 0.8309776207302709
centerY: 0.48823277706461277
width: 0.024146054181389872
height: 0.02738553701326487
Area: 0.00033919439064206526
CentroidX: 0.8426
CentroidY: 0.5015
