Location: 2025-04-18_221722-1.png_Gaussian-Median.png
Component: component_1745014102530_220.png
centerX: 0.7396937573616019
centerY: 0.2845528455284553
width: 0.024734982332155476
height: 0.026529738981600343
Area: 0.00020084541555848886
CentroidX: 0.7511
CentroidY: 0.2969
