Location: 2025-04-18_221722-1.png_Mean-Closing.png
Component: component_1745014101696_64.png
centerX: 0.08421672555948174
centerY: 0.10911424903722722
width: 0.03180212014134275
height: 0.03080872913992298
Area: 0.00038707472810268367
CentroidX: 0.0995
CentroidY: 0.1240
