Location: 2025-04-18_221722-1.png_Gaussian-Median.png
Component: component_1745014102588_494.png
centerX: 0.17491166077738515
centerY: 0.6790757381258024
width: 0.02767962308598351
height: 0.02781343602909713
Area: 0.00034473842971645267
CentroidX: 0.1878
CentroidY: 0.6926
