Location: 2025-04-18_221722-1.png_Otsu.png
Component: component_1745014102067_141.png
centerX: 0.8869257950530035
centerY: 0.21651690201112536
width: 0.030624263839811542
height: 0.026529738981600343
Area: 0.00020361743509568256
CentroidX: 0.8998
CentroidY: 0.2283
