Location: 2025-04-18_221722-1.png_Otsu.png
Component: component_1745014102139_343.png
centerX: 0.5276796230859835
centerY: 0.4830979888746256
width: 0.02944640753828033
height: 0.028241335044929396
Area: 0.0003553225043130104
CentroidX: 0.5403
CentroidY: 0.4964
