Location: 2025-04-18_221722-1.png_Gaussian-Closing.png
Component: component_1745014102413_422.png
centerX: 0.43992932862190814
centerY: 0.6166024818142918
width: 0.02767962308598351
height: 0.030380830124090714
Area: 0.00039488678316204775
CentroidX: 0.4529
CentroidY: 0.6313
