Location: 2025-04-18_221722-1.png_Gaussian-Median.png
Component: component_1745014102607_561.png
centerX: 0.8598351001177856
centerY: 0.7590928540864356
width: 0.03180212014134275
height: 0.03123662815575524
Area: 0.0003875787316549007
CentroidX: 0.8743
CentroidY: 0.7741
