Location: 2025-04-18_221722-1.png_Gaussian-Closing.png
Component: component_1745014102442_558.png
centerX: 0.7838633686690224
centerY: 0.8245614035087719
width: 0.02591283863368669
height: 0.03337612323491656
Area: 0.00036288255759626595
CentroidX: 0.7968
CentroidY: 0.8397
