Location: 2025-04-18_221722-1.png_Gaussian-Median.png
Component: component_1745014102492_70.png
centerX: 0.08421672555948174
centerY: 0.10911424903722722
width: 0.03180212014134275
height: 0.03080872913992298
Area: 0.0003802706801477537
CentroidX: 0.0994
CentroidY: 0.1240
