Location: 2025-04-18_221722-1.png_Otsu.png
Component: component_1745014102022_40.png
centerX: 0.790341578327444
centerY: 0.0821566110397946
width: 0.02591283863368669
height: 0.029525032092426188
Area: 0.0003402023977464993
CentroidX: 0.8029
CentroidY: 0.0965
