Location: 2025-04-18_221722-1.png_Otsu.png
Component: component_1745014102176_447.png
centerX: 0.823321554770318
centerY: 0.6208814719726145
width: 0.030624263839811542
height: 0.02781343602909713
Area: 0.0003402023977464993
CentroidX: 0.8379
CentroidY: 0.6341
