Location: 2025-04-18_221722-1.png_Otsu.png
Component: component_1745014102148_378.png
centerX: 0.8645465253239105
centerY: 0.5207531022678648
width: 0.030035335689045935
height: 0.02610183996576808
Area: 0.0003724586250883896
CentroidX: 0.8791
CentroidY: 0.5332
