Location: 2025-04-18_221722-1.png_Otsu.png
Component: component_1745014102075_186.png
centerX: 0.6631330977620731
centerY: 0.2815575524176294
width: 0.024146054181389872
height: 0.02995293110825845
Area: 0.00017514123439542
CentroidX: 0.6750
CentroidY: 0.2956
