Location: 2025-04-18_221722-1.png_Mean-Closing.png
Component: component_1745014101868_587.png
centerX: 0.5818610129564193
centerY: 0.8613607188703466
width: 0.027090694935217905
height: 0.02995293110825845
Area: 0.0003107181899418027
CentroidX: 0.5939
CentroidY: 0.8747
