Location: 2025-04-18_221722-1.png_Otsu.png
Component: component_1745014102064_132.png
centerX: 0.5618374558303887
centerY: 0.20967051775780915
width: 0.022968197879858657
height: 0.029097133076593923
Area: 0.0002391496855269836
CentroidX: 0.5720
CentroidY: 0.2226
