Location: 2025-04-18_221722-1.png_Gaussian-Median.png
Component: component_1745014102635_694.png
centerX: 0.6578327444051826
centerY: 0.9619169875909286
width: 0.02591283863368669
height: 0.029097133076593923
Area: 0.0002971100940319427
CentroidX: 0.6692
CentroidY: 0.9759
