Location: 2025-04-18_221722-1.png_Otsu.png
Component: component_1745014102091_233.png
centerX: 0.43227326266195526
centerY: 0.3453145057766367
width: 0.027090694935217905
height: 0.0329482242190843
Area: 0.0003719546215361726
CentroidX: 0.4447
CentroidY: 0.3610
