Location: 2025-04-18_221722-1.png_Gaussian-Closing.png
Component: component_1745014102459_648.png
centerX: 0.5724381625441696
centerY: 0.962772785622593
width: 0.028857479387514724
height: 0.026957637997432605
Area: 0.0003054261526435238
CentroidX: 0.5863
CentroidY: 0.9767
