Location: 2025-04-18_221722-1.png_Mean-Closing.png
Component: component_1745014101761_357.png
centerX: 0.6778563015312132
centerY: 0.5190415062045357
width: 0.030035335689045935
height: 0.029097133076593923
Area: 0.00040068282401254366
CentroidX: 0.6917
CentroidY: 0.5333
