Location: 2025-04-18_221722-1.png_Otsu.png
Component: component_1745014102154_403.png
centerX: 0.2043580683156655
centerY: 0.5772357723577236
width: 0.02767962308598351
height: 0.029097133076593923
Area: 0.0003454944350447782
CentroidX: 0.2177
CentroidY: 0.5915
