Location: 2025-04-18_221722-1.png_Gaussian-Median.png
Component: component_1745014102634_690.png
centerX: 0.4098939929328622
centerY: 0.961061189559264
width: 0.022968197879858657
height: 0.025246041934103552
Area: 0.0002323456375720536
CentroidX: 0.4201
CentroidY: 0.9735
