Location: 2025-04-18_221722-1.png_Gaussian-Closing.png
Component: component_1745014102424_469.png
centerX: 0.5441696113074205
centerY: 0.6842105263157895
width: 0.028857479387514724
height: 0.03209242618741977
Area: 0.0004039588471019544
CentroidX: 0.5580
CentroidY: 0.6999
