Location: 2025-04-18_221722-1.png_Mean-Closing.png
Component: component_1745014101787_457.png
centerX: 0.23851590106007067
centerY: 0.676936243046641
width: 0.028268551236749116
height: 0.029097133076593923
Area: 0.0003717026197600641
CentroidX: 0.2519
CentroidY: 0.6917
