Location: 2025-04-18_221722-1.png_Gaussian-Closing.png
Component: component_1745014102436_525.png
centerX: 0.06537102473498234
centerY: 0.7809157038938811
width: 0.030035335689045935
height: 0.03551561831407788
Area: 0.000385310715669924
CentroidX: 0.0792
CentroidY: 0.7974
