Location: 2025-04-18_221722-1.png_Otsu.png
Component: component_1745014102183_470.png
centerX: 0.823321554770318
centerY: 0.6521181001283697
width: 0.026501766784452298
height: 0.03080872913992298
Area: 0.00036540257535735114
CentroidX: 0.8363
CentroidY: 0.6674
