Location: 2025-04-18_221722-1.png_Gaussian-Closing.png
Component: component_1745014102423_463.png
centerX: 0.4028268551236749
centerY: 0.6790757381258024
width: 0.02944640753828033
height: 0.029525032092426188
Area: 0.0003958947902664818
CentroidX: 0.4163
CentroidY: 0.6934
