Location: 2025-04-18_221722-1.png_Otsu.png
Component: component_1745014102153_402.png
centerX: 0.17255594817432274
centerY: 0.576379974326059
width: 0.025323910482921083
height: 0.03080872913992298
Area: 0.0003689306002228704
CentroidX: 0.1845
CentroidY: 0.5905
