Location: 2025-04-18_221722-1.png_Mean-Closing.png
Component: component_1745014101940_642.png
centerX: 0.37809187279151946
centerY: 0.961061189559264
width: 0.02237926972909305
height: 0.026957637997432605
Area: 0.00022604559316934065
CentroidX: 0.3882
CentroidY: 0.9738
