Location: 2025-04-18_221722-1.png_Gaussian-Closing.png
Component: component_1745014102392_325.png
centerX: 0.34275618374558303
centerY: 0.4830979888746256
width: 0.02767962308598351
height: 0.02866923406076166
Area: 0.0003593545327307467
CentroidX: 0.3560
CentroidY: 0.4969
