Location: 2025-04-18_221722-1.png_Gaussian-Median.png
Component: component_1745014102486_29.png
centerX: 0.6595995288574794
centerY: 0.04621309370988447
width: 0.02591283863368669
height: 0.02610183996576808
Area: 0.00031424621480732195
CentroidX: 0.6709
CentroidY: 0.0579
