Location: 2025-04-18_221722-1.png_Gaussian-Median.png
Component: component_1745014102542_273.png
centerX: 0.3545347467608952
centerY: 0.38125802310654683
width: 0.02944640753828033
height: 0.029525032092426188
Area: 0.00039992681868421807
CentroidX: 0.3677
CentroidY: 0.3955
