Location: 2025-04-18_221722-1.png_Gaussian-Median.png
Component: component_1745014102485_23.png
centerX: 0.5500588928150766
centerY: 0.043645699614890884
width: 0.028268551236749116
height: 0.03209242618741977
Area: 0.00035708651674577004
CentroidX: 0.5626
CentroidY: 0.0581
