Location: 2025-04-18_221722-1.png_Gaussian-Median.png
Component: component_1745014102562_365.png
centerX: 0.17196702002355713
centerY: 0.5134788189987163
width: 0.027090694935217905
height: 0.02781343602909713
Area: 0.00037749866061056
CentroidX: 0.1838
CentroidY: 0.5264
