Location: 2025-04-18_221722-1.png_Mean-Closing.png
Component: component_1745014101804_510.png
centerX: 0.37043580683156657
centerY: 0.7492511767222936
width: 0.030035335689045935
height: 0.03508771929824561
Area: 0.00042613500339950394
CentroidX: 0.3842
CentroidY: 0.7663
