Location: 2025-04-18_221722-1.png_Mean-Closing.png
Component: component_1745014101877_601.png
centerX: 0.4040047114252061
centerY: 0.8908857509627728
width: 0.02944640753828033
height: 0.031664527171587506
Area: 0.00034070640129871634
CentroidX: 0.4177
CentroidY: 0.9058
