Location: 2025-04-18_221722-1.png_Otsu.png
Component: component_1745014102207_508.png
centerX: 0.5094228504122497
centerY: 0.7188703465982028
width: 0.028857479387514724
height: 0.02781343602909713
Area: 0.00034599843859699523
CentroidX: 0.5234
CentroidY: 0.7320
