Location: 2025-04-18_221722-1.png_Gaussian-Median.png
Component: component_1745014102525_200.png
centerX: 0.07479387514723204
centerY: 0.27556696619597776
width: 0.03356890459363958
height: 0.03123662815575524
Area: 0.00030668616152406644
CentroidX: 0.0903
CentroidY: 0.2906
