Location: 2025-04-18_221722-1.png_Gaussian-Median.png
Component: component_1745014102593_505.png
centerX: 0.7449941107184923
centerY: 0.6846384253316218
width: 0.032391048292108364
height: 0.03465982028241335
Area: 0.0004306710353694573
CentroidX: 0.7605
CentroidY: 0.7020
