Location: 2025-04-18_221722-1.png_Gaussian-Closing.png
Component: component_1745014102425_472.png
centerX: 0.7455830388692579
centerY: 0.6846384253316218
width: 0.03180212014134275
height: 0.03465982028241335
Area: 0.00042890702293669764
CentroidX: 0.7605
CentroidY: 0.7020
