Location: 2025-04-18_221722-1.png_Otsu.png
Component: component_1745014102154_405.png
centerX: 0.2714958775029446
centerY: 0.5780915703893881
width: 0.028857479387514724
height: 0.029525032092426188
Area: 0.00037019060910341295
CentroidX: 0.2851
CentroidY: 0.5923
