Location: 2025-04-18_221722-1.png_Gaussian-Closing.png
Component: component_1745014102357_159.png
centerX: 0.1154299175500589
centerY: 0.24133504492939667
width: 0.02591283863368669
height: 0.03123662815575524
Area: 0.0002484737512429988
CentroidX: 0.1270
CentroidY: 0.2559
