Location: 2025-04-18_221722-1.png_Otsu.png
Component: component_1745014102285_659.png
centerX: 0.06772673733804475
centerY: 0.9554985023534446
width: 0.024734982332155476
height: 0.029525032092426188
Area: 0.00024040969440752619
CentroidX: 0.0786
CentroidY: 0.9707
