Location: 2025-04-18_221722-1.png_Gaussian-Closing.png
Component: component_1745014102410_412.png
centerX: 0.14075382803297998
centerY: 0.6127513906718015
width: 0.02767962308598351
height: 0.03123662815575524
Area: 0.00038379870501327294
CentroidX: 0.1533
CentroidY: 0.6277
