Location: 2025-04-18_221722-1.png_Mean-Closing.png
Component: component_1745014101783_439.png
centerX: 0.3409893992932862
centerY: 0.6474112109542148
width: 0.026501766784452298
height: 0.026957637997432605
Area: 0.00033843838531373967
CentroidX: 0.3538
CentroidY: 0.6607
