Location: 2025-04-18_221722-1.png_Otsu.png
Component: component_1745014102280_650.png
centerX: 0.4734982332155477
centerY: 0.9293966623876765
width: 0.02767962308598351
height: 0.03209242618741977
Area: 0.0002935820691664235
CentroidX: 0.4864
CentroidY: 0.9450
