Location: 2025-04-18_221722-1.png_Gaussian-Median.png
Component: component_1745014102505_132.png
centerX: 0.303886925795053
centerY: 0.17586649550706032
width: 0.026501766784452298
height: 0.026957637997432605
Area: 0.00027216191819719946
CentroidX: 0.3163
CentroidY: 0.1889
