Location: 2025-04-18_221722-1.png_Mean-Closing.png
Component: component_1745014101870_589.png
centerX: 0.6219081272084805
centerY: 0.8630723149336756
width: 0.027090694935217905
height: 0.030380830124090714
Area: 0.00031676623256840714
CentroidX: 0.6346
CentroidY: 0.8768
