Location: 2025-04-18_221722-1.png_Gaussian-Median.png
Component: component_1745014102594_509.png
centerX: 0.7850412249705536
centerY: 0.6872058194266153
width: 0.03180212014134275
height: 0.03465982028241335
Area: 0.00043142704069778283
CentroidX: 0.7995
CentroidY: 0.7046
