Location: 2025-04-18_221722-1.png_Gaussian-Median.png
Component: component_1745014102626_650.png
centerX: 0.8227326266195524
centerY: 0.8947368421052632
width: 0.028857479387514724
height: 0.03209242618741977
Area: 0.0003180262414489497
CentroidX: 0.8360
CentroidY: 0.9105
