Location: 2025-04-18_221722-1.png_Otsu.png
Component: component_1745014102117_313.png
centerX: 0.5306242638398115
centerY: 0.44801026957637996
width: 0.026501766784452298
height: 0.030380830124090714
Area: 0.0003611185451635063
CentroidX: 0.5425
CentroidY: 0.4626
