Location: 2025-04-18_221722-1.png_Gaussian-Closing.png
Component: component_1745014102459_647.png
centerX: 0.47703180212014135
centerY: 0.962772785622593
width: 0.02120141342756184
height: 0.02610183996576808
Area: 0.00021772953455775955
CentroidX: 0.4865
CentroidY: 0.9760
