Location: 2025-04-18_221722-1.png_Otsu.png
Component: component_1745014102114_302.png
centerX: 0.49469964664310956
centerY: 0.417201540436457
width: 0.028857479387514724
height: 0.029097133076593923
Area: 0.0003162622290161901
CentroidX: 0.5087
CentroidY: 0.4303
