Location: 2025-04-18_221722-1.png_Mean-Closing.png
Component: component_1745014101764_367.png
centerX: 0.30624263839811544
centerY: 0.5451433461703038
width: 0.028857479387514724
height: 0.028241335044929396
Area: 0.0003623785540440489
CentroidX: 0.3200
CentroidY: 0.5581
