Location: 2025-04-18_221722-1.png_Gaussian-Median.png
Component: component_1745014102623_636.png
centerX: 0.24617196702002356
centerY: 0.8857509627727856
width: 0.026501766784452298
height: 0.036371416345742404
Area: 0.000349778465238623
CentroidX: 0.2589
CentroidY: 0.9032
