Location: 2025-04-18_221722-1.png_Mean-Closing.png
Component: component_1745014101732_227.png
centerX: 0.8415783274440518
centerY: 0.3170731707317073
width: 0.02061248527679623
height: 0.03080872913992298
Area: 0.0002167215274533255
CentroidX: 0.8518
CentroidY: 0.3314
