Location: 2025-04-18_221722-1.png_Otsu.png
Component: component_1745014102227_527.png
centerX: 0.37043580683156657
centerY: 0.7492511767222936
width: 0.02944640753828033
height: 0.03508771929824561
Area: 0.0004089988826241247
CentroidX: 0.3842
CentroidY: 0.7664
