Location: 2025-04-18_221722-1.png_Mean-Closing.png
Component: component_1745014101764_364.png
centerX: 0.13839811542991756
centerY: 0.5447154471544715
width: 0.028857479387514724
height: 0.02995293110825845
Area: 0.00035985853628296374
CentroidX: 0.1515
CentroidY: 0.5589
