Location: 2025-04-18_221722-1.png_Gaussian-Closing.png
Component: component_1745014102445_575.png
centerX: 0.30624263839811544
centerY: 0.8536585365853658
width: 0.027090694935217905
height: 0.03380402225074882
Area: 0.0003467544439253208
CentroidX: 0.3193
CentroidY: 0.8685
