Location: 2025-04-18_221722-1.png_Gaussian-Median.png
Component: component_1745014102611_585.png
centerX: 0.8239104829210836
centerY: 0.7928968763371844
width: 0.026501766784452298
height: 0.030380830124090714
Area: 0.00032961832314994154
CentroidX: 0.8366
CentroidY: 0.8068
