Location: 2025-04-18_221722-1.png_Otsu.png
Component: component_1745014102184_480.png
centerX: 0.4028268551236749
centerY: 0.6790757381258024
width: 0.02944640753828033
height: 0.029525032092426188
Area: 0.00038405070678938145
CentroidX: 0.4163
CentroidY: 0.6934
