Location: 2025-04-18_221722-1.png_Otsu.png
Component: component_1745014102116_311.png
centerX: 0.07243816254416961
centerY: 0.4462986735130509
width: 0.030624263839811542
height: 0.029097133076593923
Area: 0.00033642237110487156
CentroidX: 0.0861
CentroidY: 0.4603
