Location: 2025-04-18_221722-1.png_Mean-Closing.png
Component: component_1745014101779_421.png
centerX: 0.5159010600706714
centerY: 0.6157466837826273
width: 0.025323910482921083
height: 0.03080872913992298
Area: 0.00039110675652041994
CentroidX: 0.5283
CentroidY: 0.6310
