Location: 2025-04-18_221722-1.png_Otsu.png
Component: component_1745014102072_172.png
centerX: 0.11189634864546526
centerY: 0.2764227642276423
width: 0.027090694935217905
height: 0.029525032092426188
Area: 0.00022906961448264287
CentroidX: 0.1241
CentroidY: 0.2898
