Location: 2025-04-18_221722-1.png_Gaussian-Closing.png
Component: component_1745014102455_629.png
centerX: 0.4734982332155477
centerY: 0.9293966623876765
width: 0.02767962308598351
height: 0.03209242618741977
Area: 0.00031122219349401974
CentroidX: 0.4863
CentroidY: 0.9450
