Location: 2025-04-18_221722-1.png_Otsu.png
Component: component_1745014102114_306.png
centerX: 0.38987043580683156
centerY: 0.4184852374839538
width: 0.025323910482921083
height: 0.026529738981600343
Area: 0.00032684630361274784
CentroidX: 0.4013
CentroidY: 0.4306
