Location: 2025-04-18_221722-1.png_Otsu.png
Component: component_1745014102142_355.png
centerX: 0.8633686690223793
centerY: 0.488660676080445
width: 0.032391048292108364
height: 0.02738553701326487
Area: 0.00036288255759626595
CentroidX: 0.8788
CentroidY: 0.5021
