Location: 2025-04-18_221722-1.png_Otsu.png
Component: component_1745014102020_35.png
centerX: 0.428150765606596
centerY: 0.07958921694480103
width: 0.021790341578327443
height: 0.02738553701326487
Area: 0.00031122219349401974
CentroidX: 0.4379
CentroidY: 0.0917
