Location: 2025-04-18_221722-1.png_Gaussian-Median.png
Component: component_1745014102557_340.png
centerX: 0.10600706713780919
centerY: 0.48224219084296105
width: 0.02944640753828033
height: 0.02738553701326487
Area: 0.00037825466593888554
CentroidX: 0.1191
CentroidY: 0.4956
