Location: 2025-04-18_221722-1.png_Mean-Closing.png
Component: component_1745014101729_215.png
centerX: 0.5082449941107184
centerY: 0.3127941805733847
width: 0.025323910482921083
height: 0.02995293110825845
Area: 0.00027493393773439317
CentroidX: 0.5209
CentroidY: 0.3266
