Location: 2025-04-18_221722-1.png_Mean-Closing.png
Component: component_1745014101877_600.png
centerX: 0.4369846878680801
centerY: 0.8904578519469405
width: 0.028857479387514724
height: 0.0329482242190843
Area: 0.00035481850076079336
CentroidX: 0.4506
CentroidY: 0.9062
