Location: 2025-04-18_221722-1.png_Otsu.png
Component: component_1745014102032_72.png
centerX: 0.12603062426383982
centerY: 0.1446298673513051
width: 0.027090694935217905
height: 0.024818142918271287
Area: 0.0002925740620619894
CentroidX: 0.1387
CentroidY: 0.1560
