Location: 2025-04-18_221722-1.png_Gaussian-Closing.png
Component: component_1745014102375_247.png
centerX: 0.07656065959952886
centerY: 0.3504492939666239
width: 0.023557126030624265
height: 0.026957637997432605
Area: 0.0002084054688417444
CentroidX: 0.0874
CentroidY: 0.3641
