Location: 2025-04-18_221722-1.png_Otsu.png
Component: component_1745014102098_244.png
centerX: 0.3580683156654888
centerY: 0.3465982028241335
width: 0.024734982332155476
height: 0.029525032092426188
Area: 0.00033591836755265454
CentroidX: 0.3701
CentroidY: 0.3605
