Location: 2025-04-18_221722-1.png_Gaussian-Median.png
Component: component_1745014102547_292.png
centerX: 0.2055359246171967
centerY: 0.4103551561831408
width: 0.030035335689045935
height: 0.03551561831407788
Area: 0.0004382310886527128
CentroidX: 0.2195
CentroidY: 0.4260
