Location: 2025-04-18_221722-1.png_Otsu.png
Component: component_1745014102155_407.png
centerX: 0.10365135453474676
centerY: 0.5789473684210527
width: 0.030035335689045935
height: 0.02995293110825845
Area: 0.00036011053805907225
CentroidX: 0.1177
CentroidY: 0.5932
