Location: 2025-04-18_221722-1.png_Gaussian-Median.png
Component: component_1745014102483_13.png
centerX: 0.3916372202591284
centerY: 0.03808301240907146
width: 0.03121319199057715
height: 0.03508771929824561
Area: 0.00040748687196747363
CentroidX: 0.4060
CentroidY: 0.0534
