Location: 2025-04-18_221722-1.png_Otsu.png
Component: component_1745014102107_282.png
centerX: 0.7626619552414605
centerY: 0.38382541720154045
width: 0.027090694935217905
height: 0.0329482242190843
Area: 0.00040748687196747363
CentroidX: 0.7747
CentroidY: 0.3995
