Location: 2025-04-18_221722-1.png_Gaussian-Median.png
Component: component_1745014102601_535.png
centerX: 0.7838633686690224
centerY: 0.7248609328198545
width: 0.02767962308598351
height: 0.02995293110825845
Area: 0.00036515057358124263
CentroidX: 0.7974
CentroidY: 0.7392
