Location: 2025-04-18_221722-1.png_Otsu.png
Component: component_1745014102101_252.png
centerX: 0.7285041224970553
centerY: 0.3491655969191271
width: 0.03121319199057715
height: 0.029097133076593923
Area: 0.00037875866949110257
CentroidX: 0.7427
CentroidY: 0.3628
