Location: 2025-04-18_221722-1.png_Gaussian-Median.png
Component: component_1745014102609_571.png
centerX: 0.27326266195524146
centerY: 0.7860504920838682
width: 0.02591283863368669
height: 0.03123662815575524
Area: 0.00037069461265563
CentroidX: 0.2862
CentroidY: 0.8014
