Location: 2025-04-18_221722-1.png_Gaussian-Closing.png
Component: component_1745014102361_178.png
centerX: 0.8451118963486455
centerY: 0.24946512623020967
width: 0.024734982332155476
height: 0.02866923406076166
Area: 0.00024494572637747953
CentroidX: 0.8571
CentroidY: 0.2624
