Location: 2025-04-18_221722-1.png_Otsu.png
Component: component_1745014102266_618.png
centerX: 0.30977620730270905
centerY: 0.8904578519469405
width: 0.02591283863368669
height: 0.031664527171587506
Area: 0.00031122219349401974
CentroidX: 0.3217
CentroidY: 0.9048
