Location: 2025-04-18_221722-1.png_Mean-Closing.png
Component: component_1745014101759_344.png
centerX: 0.2049469964664311
centerY: 0.5143346170303809
width: 0.02767962308598351
height: 0.025673940949935817
Area: 0.0003500304670147315
CentroidX: 0.2185
CentroidY: 0.5265
