Location: 2025-04-18_221722-1.png_Otsu.png
Component: component_1745014102110_295.png
centerX: 0.5335689045936396
centerY: 0.4154899443731279
width: 0.026501766784452298
height: 0.02995293110825845
Area: 0.0003263423000605308
CentroidX: 0.5459
CentroidY: 0.4290
