Location: 2025-04-18_221722-1.png_Otsu.png
Component: component_1745014102223_519.png
centerX: 0.10247349823321555
centerY: 0.7449721865639709
width: 0.03180212014134275
height: 0.03209242618741977
Area: 0.00040748687196747363
CentroidX: 0.1173
CentroidY: 0.7610
