Location: 2025-04-18_221722-1.png_Mean-Closing.png
Component: component_1745014101748_293.png
centerX: 0.8657243816254417
centerY: 0.4184852374839538
width: 0.03180212014134275
height: 0.032520325203252036
Area: 0.00044301912239877466
CentroidX: 0.8804
CentroidY: 0.4338
