Location: 2025-04-18_221722-1.png_Otsu.png
Component: component_1745014102044_108.png
centerX: 0.4540636042402827
centerY: 0.17928968763371844
width: 0.025323910482921083
height: 0.02396234488660676
Area: 0.00023688166954200694
CentroidX: 0.4654
CentroidY: 0.1903
