Location: 2025-04-18_221722-1.png_Gaussian-Median.png
Component: component_1745014102587_483.png
centerX: 0.8598351001177856
centerY: 0.6534017971758665
width: 0.028857479387514724
height: 0.02781343602909713
Area: 0.00038405070678938145
CentroidX: 0.8741
CentroidY: 0.6668
