Location: 2025-04-18_221722-1.png_Mean-Closing.png
Component: component_1745014101692_47.png
centerX: 0.3215547703180212
centerY: 0.07787762088147197
width: 0.028857479387514724
height: 0.02866923406076166
Area: 0.0003399503959703908
CentroidX: 0.3350
CentroidY: 0.0910
