Location: 2025-04-18_221722-1.png_Mean-Closing.png
Component: component_1745014101832_559.png
centerX: 0.7438162544169611
centerY: 0.8254172015404364
width: 0.025323910482921083
height: 0.03080872913992298
Area: 0.00034927446168640596
CentroidX: 0.7556
CentroidY: 0.8391
