Location: 2025-04-18_221722-1.png_Otsu.png
Component: component_1745014102291_678.png
centerX: 0.6171967020023557
centerY: 0.9640564826700898
width: 0.02944640753828033
height: 0.026957637997432605
Area: 0.000272413919973308
CentroidX: 0.6307
CentroidY: 0.9771
