Location: 2025-04-18_221722-1.png_Gaussian-Closing.png
Component: component_1745014102342_79.png
centerX: 0.7226148409893993
centerY: 0.11424903722721438
width: 0.024146054181389872
height: 0.02781343602909713
Area: 0.00029862210468859385
CentroidX: 0.7343
CentroidY: 0.1274
