Location: 2025-04-18_221722-1.png_Mean-Closing.png
Component: component_1745014101850_578.png
centerX: 0.4045936395759717
centerY: 0.8549422336328626
width: 0.023557126030624265
height: 0.02995293110825845
Area: 0.0003049221490913068
CentroidX: 0.4159
CentroidY: 0.8680
