Location: 2025-04-18_221722-1.png_Gaussian-Median.png
Component: component_1745014102618_613.png
centerX: 0.21201413427561838
centerY: 0.8502353444587077
width: 0.025323910482921083
height: 0.031664527171587506
Area: 0.00030593015619574085
CentroidX: 0.2235
CentroidY: 0.8642
