Location: 2025-04-18_221722-1.png_Mean-Closing.png
Component: component_1745014101701_87.png
centerX: 0.16313309776207302
centerY: 0.14420196833547283
width: 0.028268551236749116
height: 0.028241335044929396
Area: 0.00033793438176152264
CentroidX: 0.1768
CentroidY: 0.1571
