Location: 2025-04-18_221722-1.png_Otsu.png
Component: component_1745014102063_129.png
centerX: 0.22614840989399293
centerY: 0.20967051775780915
width: 0.024146054181389872
height: 0.026529738981600343
Area: 0.00023284964112427065
CentroidX: 0.2367
CentroidY: 0.2218
