Location: 2025-04-18_221722-1.png_Mean-Closing.png
Component: component_1745014101806_522.png
centerX: 0.8598351001177856
centerY: 0.7590928540864356
width: 0.03180212014134275
height: 0.03123662815575524
Area: 0.0003961467920425903
CentroidX: 0.8742
CentroidY: 0.7742
