Location: 2025-04-18_221722-1.png_Otsu.png
Component: component_1745014102070_153.png
centerX: 0.4464075382803298
centerY: 0.24561403508771928
width: 0.025323910482921083
height: 0.025673940949935817
Area: 0.00022150956119938733
CentroidX: 0.4579
CentroidY: 0.2571
