Location: 2025-04-18_221722-1.png_Otsu.png
Component: component_1745014102133_333.png
centerX: 0.2408716136631331
centerY: 0.4792468977321352
width: 0.030624263839811542
height: 0.03423192126658109
Area: 0.0004170629394595973
CentroidX: 0.2545
CentroidY: 0.4959
