Location: easy16_Gaussian-Median.png
Component: component_1744297381870_972.png
centerX: 0.5693548387096774
centerY: 0.6877394636015326
width: 0.020967741935483872
height: 0.0210727969348659
Area: 9.926152515140279e-05
CentroidX: 0.5793
CentroidY: 0.6976
