Location: 2025-04-18_221722-1.png_Mean-Closing.png
Component: component_1745014101770_390.png
centerX: 0.23910482921083628
centerY: 0.5776636713735558
width: 0.027090694935217905
height: 0.030380830124090714
Area: 0.0003752306446255833
CentroidX: 0.2511
CentroidY: 0.5920
