Location: 2025-04-18_221722-1.png_Gaussian-Median.png
Component: component_1745014102611_586.png
centerX: 0.8633686690223793
centerY: 0.7928968763371844
width: 0.025323910482921083
height: 0.030380830124090714
Area: 0.0003369263746570886
CentroidX: 0.8749
CentroidY: 0.8067
