Location: 2025-04-18_221722-1.png_Gaussian-Closing.png
Component: component_1745014102351_130.png
centerX: 0.7832744405182568
centerY: 0.1810012836970475
width: 0.025323910482921083
height: 0.028241335044929396
Area: 0.000272917923525525
CentroidX: 0.7945
CentroidY: 0.1938
