Location: 2025-04-18_221722-1.png_Mean-Closing.png
Component: component_1745014101743_278.png
centerX: 0.07302709069493522
centerY: 0.41420624732563116
width: 0.02944640753828033
height: 0.02781343602909713
Area: 0.0003908547547443114
CentroidX: 0.0861
CentroidY: 0.4276
