Location: 2025-04-18_221722-1.png_Otsu.png
Component: component_1745014102261_607.png
centerX: 0.8645465253239105
centerY: 0.860504920838682
width: 0.032391048292108364
height: 0.03123662815575524
Area: 0.00034045439952260783
CentroidX: 0.8781
CentroidY: 0.8754
