Location: 2025-04-18_221722-1.png_Otsu.png
Component: component_1745014102140_346.png
centerX: 0.6419316843345112
centerY: 0.4843816859221224
width: 0.028857479387514724
height: 0.02995293110825845
Area: 0.0003719546215361726
CentroidX: 0.6551
CentroidY: 0.4992
