Location: 2025-04-18_221722-1.png_Otsu.png
Component: component_1745014102098_247.png
centerX: 0.6943462897526502
centerY: 0.3478818998716303
width: 0.027090694935217905
height: 0.029525032092426188
Area: 0.00034927446168640596
CentroidX: 0.7061
CentroidY: 0.3619
