Location: 2025-04-18_221722-1.png_Gaussian-Median.png
Component: component_1745014102616_608.png
centerX: 0.5818610129564193
centerY: 0.8288403936670946
width: 0.025323910482921083
height: 0.029525032092426188
Area: 0.0003230662769711201
CentroidX: 0.5943
CentroidY: 0.8421
