Location: 2025-04-18_221722-1.png_Gaussian-Median.png
Component: component_1745014102580_447.png
centerX: 0.40636042402826855
centerY: 0.615318784766795
width: 0.027090694935217905
height: 0.03080872913992298
Area: 0.0003986668098036755
CentroidX: 0.4193
CentroidY: 0.6306
