Location: easy43_Mean-Closing.png
Component: component_1744297380588_318.png
centerX: 0.3893591293833132
centerY: 0.2804617357845233
width: 0.013905683192261185
height: 0.01410859341598974
Area: 7.80622771541699e-05
CentroidX: 0.3960
CentroidY: 0.2872
