Location: easy16_Gaussian-Median.png
Component: component_1744297381748_331.png
centerX: 0.36532258064516127
centerY: 0.22509578544061304
width: 0.020161290322580645
height: 0.021551724137931036
Area: 0.0001042825361512792
CentroidX: 0.3747
CentroidY: 0.2351
