Location: 2025-04-18_221722-1.png_Gaussian-Closing.png
Component: component_1745014102430_497.png
centerX: 0.7461719670200235
centerY: 0.72400513478819
width: 0.02767962308598351
height: 0.03209242618741977
Area: 0.00039463478138593923
CentroidX: 0.7589
CentroidY: 0.7392
