Location: 2025-04-18_221722-1.png_Gaussian-Median.png
Component: component_1745014102496_84.png
centerX: 0.6201413427561837
centerY: 0.11382113821138211
width: 0.02591283863368669
height: 0.029525032092426188
Area: 0.00033843838531373967
CentroidX: 0.6327
CentroidY: 0.1275
