Location: 2025-04-18_221722-1.png_Mean-Closing.png
Component: component_1745014101720_167.png
centerX: 0.14840989399293286
centerY: 0.24390243902439024
width: 0.027090694935217905
height: 0.02781343602909713
Area: 0.0002547737956457117
CentroidX: 0.1609
CentroidY: 0.2568
