Location: 2025-04-18_221722-1.png_Gaussian-Median.png
Component: component_1745014102555_333.png
centerX: 0.7968197879858657
centerY: 0.4540008557980317
width: 0.028857479387514724
height: 0.03080872913992298
Area: 0.00038858673875933475
CentroidX: 0.8099
CentroidY: 0.4685
