Location: 2025-04-18_221722-1.png_Mean-Closing.png
Component: component_1745014101747_290.png
centerX: 0.38987043580683156
centerY: 0.4184852374839538
width: 0.025323910482921083
height: 0.026957637997432605
Area: 0.00034398242438812707
CentroidX: 0.4013
CentroidY: 0.4306
