Location: 2025-04-18_221722-1.png_Otsu.png
Component: component_1745014102227_528.png
centerX: 0.4040047114252061
centerY: 0.7492511767222936
width: 0.028268551236749116
height: 0.03423192126658109
Area: 0.0004009348257886522
CentroidX: 0.4170
CentroidY: 0.7655
