Location: 2025-04-18_221722-1.png_Mean-Closing.png
Component: component_1745014101820_549.png
centerX: 0.14075382803297998
centerY: 0.8185708172871202
width: 0.02591283863368669
height: 0.029097133076593923
Area: 0.00034599843859699523
CentroidX: 0.1533
CentroidY: 0.8329
