Location: 2025-04-18_221722-1.png_Mean-Closing.png
Component: component_1745014101812_537.png
centerX: 0.5830388692579506
centerY: 0.7894736842105263
width: 0.026501766784452298
height: 0.03337612323491656
Area: 0.0003830426996849474
CentroidX: 0.5952
CentroidY: 0.8045
