Location: 2025-04-18_221722-1.png_Gaussian-Median.png
Component: component_1745014102599_523.png
centerX: 0.3710247349823322
centerY: 0.7145913564398801
width: 0.028857479387514724
height: 0.03209242618741977
Area: 0.000391610760072637
CentroidX: 0.3847
CentroidY: 0.7302
