Location: 2025-04-18_221722-1.png_Mean-Closing.png
Component: component_1745014101739_259.png
centerX: 0.07538280329799764
centerY: 0.3821138211382114
width: 0.02591283863368669
height: 0.02995293110825845
Area: 0.00039715479914702437
CentroidX: 0.0877
CentroidY: 0.3967
