Location: 2025-04-18_221722-1.png_Otsu.png
Component: component_1745014102236_546.png
centerX: 0.3032979976442874
centerY: 0.7843388960205392
width: 0.02767962308598351
height: 0.03380402225074882
Area: 0.00039135875829652845
CentroidX: 0.3173
CentroidY: 0.8007
