Location: 2025-04-18_221722-1.png_Otsu.png
Component: component_1745014102041_92.png
centerX: 0.8527679623085983
centerY: 0.14976465554129226
width: 0.023557126030624265
height: 0.025673940949935817
Area: 0.00023410965000481324
CentroidX: 0.8644
CentroidY: 0.1611
