Location: 2025-04-18_221722-1.png_Otsu.png
Component: component_1745014102108_285.png
centerX: 0.31743227326266193
centerY: 0.384681215233205
width: 0.030624263839811542
height: 0.02995293110825845
Area: 0.0004059748613108225
CentroidX: 0.3317
CentroidY: 0.3983
