Location: 2025-04-18_221722-1.png_Mean-Closing.png
Component: component_1745014101783_441.png
centerX: 0.4746760895170789
centerY: 0.6482670089858793
width: 0.027090694935217905
height: 0.02995293110825845
Area: 0.00036867859844676187
CentroidX: 0.4876
CentroidY: 0.6631
