Location: 2025-04-18_221722-1.png_Mean-Closing.png
Component: component_1745014101786_455.png
centerX: 0.10365135453474676
centerY: 0.6765083440308087
width: 0.02944640753828033
height: 0.03080872913992298
Area: 0.00039740680092313293
CentroidX: 0.1169
CentroidY: 0.6921
