Location: 2025-04-18_221722-1.png_Gaussian-Closing.png
Component: component_1745014102433_513.png
centerX: 0.46878680800942285
centerY: 0.7505348737697903
width: 0.030624263839811542
height: 0.03337612323491656
Area: 0.0003873267298787922
CentroidX: 0.4841
CentroidY: 0.7666
