Location: 2025-04-18_221722-1.png_Gaussian-Median.png
Component: component_1745014102604_552.png
centerX: 0.46878680800942285
centerY: 0.7505348737697903
width: 0.030624263839811542
height: 0.03337612323491656
Area: 0.0003880827352071177
CentroidX: 0.4842
CentroidY: 0.7666
