Location: 2025-04-18_221722-1.png_Mean-Closing.png
Component: component_1745014101912_611.png
centerX: 0.7803297997644287
centerY: 0.8960205391527599
width: 0.030035335689045935
height: 0.02866923406076166
Area: 0.00029761409758415975
CentroidX: 0.7934
CentroidY: 0.9100
