Location: 2025-04-18_221722-1.png_Gaussian-Closing.png
Component: component_1745014102375_245.png
centerX: 0.8032979976442874
centerY: 0.34830979888746255
width: 0.028857479387514724
height: 0.03123662815575524
Area: 0.00039765880269924145
CentroidX: 0.8157
CentroidY: 0.3628
