Location: 2025-04-18_221722-1.png_Otsu.png
Component: component_1745014102140_345.png
centerX: 0.41519434628975266
centerY: 0.4843816859221224
width: 0.028857479387514724
height: 0.026957637997432605
Area: 0.0003427224155075845
CentroidX: 0.4278
CentroidY: 0.4968
