Location: 2025-04-18_221722-1.png_Mean-Closing.png
Component: component_1745014101800_491.png
centerX: 0.5094228504122497
centerY: 0.7184424475823705
width: 0.028857479387514724
height: 0.028241335044929396
Area: 0.0003608665433873978
CentroidX: 0.5235
CentroidY: 0.7321
