Location: 2025-04-18_221722-1.png_Mean-Closing.png
Component: component_1745014101807_525.png
centerX: 0.06537102473498234
centerY: 0.7804878048780488
width: 0.030035335689045935
height: 0.03594351732991014
Area: 0.000391610760072637
CentroidX: 0.0793
CentroidY: 0.7973
