Location: 2025-04-18_221722-1.png_Mean-Closing.png
Component: component_1745014101769_383.png
centerX: 0.7526501766784452
centerY: 0.5502781343602909
width: 0.028268551236749116
height: 0.030380830124090714
Area: 0.00040496685420638844
CentroidX: 0.7661
CentroidY: 0.5645
