Location: 2025-04-18_221722-1.png_Mean-Closing.png
Component: component_1745014101771_394.png
centerX: 0.30624263839811544
centerY: 0.5789473684210527
width: 0.028268551236749116
height: 0.030380830124090714
Area: 0.0004122749057135355
CentroidX: 0.3195
CentroidY: 0.5940
