Location: 2025-04-18_221722-1.png_Gaussian-Closing.png
Component: component_1745014102431_505.png
centerX: 0.2420494699646643
centerY: 0.7466837826273
width: 0.030035335689045935
height: 0.03423192126658109
Area: 0.00043999510108547245
CentroidX: 0.2555
CentroidY: 0.7635
