Location: 2025-04-18_221722-1.png_Mean-Closing.png
Component: component_1745014101694_52.png
centerX: 0.428150765606596
centerY: 0.07958921694480103
width: 0.021790341578327443
height: 0.02738553701326487
Area: 0.00033213834091102673
CentroidX: 0.4380
CentroidY: 0.0917
