Location: 2025-04-18_221722-1.png_Otsu.png
Component: component_1745014102279_648.png
centerX: 0.5400471142520612
centerY: 0.9289687633718442
width: 0.02591283863368669
height: 0.03337612323491656
Area: 0.0002759419448388272
CentroidX: 0.5524
CentroidY: 0.9446
