Location: 2025-04-18_221722-1.png_Gaussian-Median.png
Component: component_1745014102553_321.png
centerX: 0.3480565371024735
centerY: 0.4488660676080445
width: 0.02591283863368669
height: 0.029525032092426188
Area: 0.00038127868725218775
CentroidX: 0.3595
CentroidY: 0.4625
