Location: 2025-04-18_221722-1.png_Gaussian-Closing.png
Component: component_1745014102407_400.png
centerX: 0.6342756183745583
centerY: 0.5849379546427044
width: 0.02944640753828033
height: 0.029525032092426188
Area: 0.0003858147192221411
CentroidX: 0.6484
CentroidY: 0.5992
