Location: 2025-04-18_221722-1.png_Gaussian-Median.png
Component: component_1745014102624_643.png
centerX: 0.37279151943462896
centerY: 0.8900299529311082
width: 0.02767962308598351
height: 0.03465982028241335
Area: 0.0003475104492536463
CentroidX: 0.3855
CentroidY: 0.9061
