Location: 2025-04-18_221722-1.png_Otsu.png
Component: component_1745014102134_336.png
centerX: 0.1413427561837456
centerY: 0.4818142918271288
width: 0.02591283863368669
height: 0.02738553701326487
Area: 0.00035431449720857634
CentroidX: 0.1539
CentroidY: 0.4953
