Location: 2025-04-18_221722-1.png_Otsu.png
Component: component_1745014102276_639.png
centerX: 0.2791519434628975
centerY: 0.9264013692768507
width: 0.028857479387514724
height: 0.03080872913992298
Area: 0.0003316343373588097
CentroidX: 0.2924
CentroidY: 0.9415
