Location: 2025-04-18_221722-1.png_Gaussian-Median.png
Component: component_1745014102605_557.png
centerX: 0.6631330977620731
centerY: 0.7560975609756098
width: 0.030624263839811542
height: 0.031664527171587506
Area: 0.000378002664162777
CentroidX: 0.6776
CentroidY: 0.7719
