Location: 2025-04-18_221722-1.png_Mean-Closing.png
Component: component_1745014101723_181.png
centerX: 0.8804475853945819
centerY: 0.24989302524604193
width: 0.028268551236749116
height: 0.02738553701326487
Area: 0.0002756899430627187
CentroidX: 0.8943
CentroidY: 0.2627
