Location: 2025-04-18_221722-1.png_Mean-Closing.png
Component: component_1745014101725_191.png
centerX: 0.4045936395759717
centerY: 0.2798459563543004
width: 0.028268551236749116
height: 0.02738553701326487
Area: 0.0002598138311678821
CentroidX: 0.4172
CentroidY: 0.2923
