Location: 2025-04-18_221722-1.png_Otsu.png
Component: component_1745014102158_423.png
centerX: 0.823321554770318
centerY: 0.5887890457851946
width: 0.027090694935217905
height: 0.026529738981600343
Area: 0.0003510384741191656
CentroidX: 0.8370
CentroidY: 0.6010
