Location: 2025-04-18_221722-1.png_Mean-Closing.png
Component: component_1745014101839_566.png
centerX: 0.6207302709069493
centerY: 0.8292682926829268
width: 0.028857479387514724
height: 0.02866923406076166
Area: 0.00035607850964133593
CentroidX: 0.6344
CentroidY: 0.8420
