Location: 2025-04-18_221722-1.png_Otsu.png
Component: component_1745014102017_24.png
centerX: 0.866902237926973
centerY: 0.047068891741549
width: 0.028857479387514724
height: 0.029525032092426188
Area: 0.000328862317821616
CentroidX: 0.8795
CentroidY: 0.0603
