Location: 2025-04-18_221722-1.png_Gaussian-Closing.png
Component: component_1745014102380_271.png
centerX: 0.7968197879858657
centerY: 0.3842533162173727
width: 0.030035335689045935
height: 0.03209242618741977
Area: 0.00043193104424999986
CentroidX: 0.8102
CentroidY: 0.3991
