Location: 2025-04-18_221722-1.png_Otsu.png
Component: component_1745014102269_627.png
centerX: 0.702002355712603
centerY: 0.8943089430894309
width: 0.026501766784452298
height: 0.031664527171587506
Area: 0.0002855180123309509
CentroidX: 0.7147
CentroidY: 0.9098
