Location: 2025-04-18_221722-1.png_Gaussian-Median.png
Component: component_1745014102582_455.png
centerX: 0.591283863368669
centerY: 0.6187419768934531
width: 0.03180212014134275
height: 0.02866923406076166
Area: 0.0003928707689531796
CentroidX: 0.6057
CentroidY: 0.6328
