Location: 2025-04-18_221722-1.png_Otsu.png
Component: component_1745014102106_281.png
centerX: 0.2767962308598351
centerY: 0.38382541720154045
width: 0.03415783274440518
height: 0.030380830124090714
Area: 0.0004168109376834888
CentroidX: 0.2932
CentroidY: 0.3982
