Location: 2025-04-18_221722-1.png_Gaussian-Median.png
Component: component_1745014102521_184.png
centerX: 0.4110718492343934
centerY: 0.24304664099272572
width: 0.026501766784452298
height: 0.02866923406076166
Area: 0.0002696419004361143
CentroidX: 0.4233
CentroidY: 0.2560
