Location: easy16_Gaussian-Median.png
Component: component_1744297381653_65.png
centerX: 0.07822580645161291
centerY: 0.04885057471264368
width: 0.020161290322580645
height: 0.0210727969348659
Area: 9.539920899765172e-05
CentroidX: 0.0877
CentroidY: 0.0587
