Location: 2025-04-18_221722-1.png_Gaussian-Median.png
Component: component_1745014102531_226.png
centerX: 0.6166077738515902
centerY: 0.3119383825417201
width: 0.02944640753828033
height: 0.0646127513906718
Area: 0.0006554566196582554
CentroidX: 0.6307
CentroidY: 0.3462
