Location: easy16_Gaussian-Median.png
Component: component_1744297381898_1133.png
centerX: 0.6282258064516129
centerY: 0.8002873563218391
width: 0.020967741935483872
height: 0.019636015325670497
Area: 9.385428253615128e-05
CentroidX: 0.6380
CentroidY: 0.8096
