Location: 2025-04-18_221722-1.png_Gaussian-Closing.png
Component: component_1745014102330_30.png
centerX: 0.7932862190812721
centerY: 0.045785194694052206
width: 0.028857479387514724
height: 0.03123662815575524
Area: 0.0003722066233122811
CentroidX: 0.8057
CentroidY: 0.0606
