Location: easy16_Gaussian-Median.png
Component: component_1744297381855_886.png
centerX: 0.8403225806451613
centerY: 0.6422413793103449
width: 0.021774193548387097
height: 0.0210727969348659
Area: 0.00010814485230503028
CentroidX: 0.8507
CentroidY: 0.6522
