Location: 2025-04-18_221722-1.png_Mean-Closing.png
Component: component_1745014101778_414.png
centerX: 0.23792697290930506
centerY: 0.6131792896876337
width: 0.030624263839811542
height: 0.030380830124090714
Area: 0.0003981628062514585
CentroidX: 0.2519
CentroidY: 0.6274
