Location: 2025-04-18_221722-1.png_Gaussian-Closing.png
Component: component_1745014102440_546.png
centerX: 0.8239104829210836
centerY: 0.7933247753530167
width: 0.026501766784452298
height: 0.02995293110825845
Area: 0.000328862317821616
CentroidX: 0.8366
CentroidY: 0.8068
