Location: 2025-04-18_221722-1.png_Gaussian-Median.png
Component: component_1745014102612_587.png
centerX: 0.24440518256772673
centerY: 0.8177150192554558
width: 0.02767962308598351
height: 0.02995293110825845
Area: 0.0003500304670147315
CentroidX: 0.2571
CentroidY: 0.8324
