Location: 2025-04-18_221722-1.png_Mean-Closing.png
Component: component_1745014101926_626.png
centerX: 0.5400471142520612
centerY: 0.9289687633718442
width: 0.027090694935217905
height: 0.03337612323491656
Area: 0.00030870217573293455
CentroidX: 0.5527
CentroidY: 0.9447
