Location: 2025-04-18_221722-1.png_Gaussian-Median.png
Component: component_1745014102544_281.png
centerX: 0.20730270906949352
centerY: 0.38296961916987593
width: 0.026501766784452298
height: 0.02610183996576808
Area: 0.0003530544883280337
CentroidX: 0.2201
CentroidY: 0.3952
