Location: 2025-04-18_221722-1.png_Gaussian-Closing.png
Component: component_1745014102419_444.png
centerX: 0.43934040047114253
centerY: 0.6491228070175439
width: 0.027090694935217905
height: 0.028241335044929396
Area: 0.00036867859844676187
CentroidX: 0.4521
CentroidY: 0.6630
