Location: 2025-04-18_221722-1.png_Mean-Closing.png
Component: component_1745014101760_354.png
centerX: 0.5618374558303887
centerY: 0.517757809157039
width: 0.030624263839811542
height: 0.02738553701326487
Area: 0.0003694346037750874
CentroidX: 0.5754
CentroidY: 0.5313
