Location: 2025-04-18_221722-1.png_Mean-Closing.png
Component: component_1745014101706_108.png
centerX: 0.8521790341578327
centerY: 0.14976465554129226
width: 0.02591283863368669
height: 0.025673940949935817
Area: 0.0002595618293917736
CentroidX: 0.8644
CentroidY: 0.1612
