Location: 2025-04-18_221722-1.png_Gaussian-Median.png
Component: component_1745014102559_349.png
centerX: 0.41519434628975266
centerY: 0.4839537869062901
width: 0.028857479387514724
height: 0.02738553701326487
Area: 0.00035985853628296374
CentroidX: 0.4278
CentroidY: 0.4967
