Location: 2025-04-18_221722-1.png_Gaussian-Closing.png
Component: component_1745014102448_589.png
centerX: 0.7420494699646644
centerY: 0.8609328198545143
width: 0.022968197879858657
height: 0.028241335044929396
Area: 0.0002882900318681446
CentroidX: 0.7534
CentroidY: 0.8740
