Location: 2025-04-18_221722-1.png_Gaussian-Closing.png
Component: component_1745014102332_40.png
centerX: 0.08598351001177856
centerY: 0.0740265297389816
width: 0.03180212014134275
height: 0.02995293110825845
Area: 0.00032004225565781787
CentroidX: 0.1014
CentroidY: 0.0888
