Location: 2025-04-18_221722-1.png_Gaussian-Closing.png
Component: component_1745014102360_174.png
centerX: 0.6719670200235571
centerY: 0.24860932819854514
width: 0.030624263839811542
height: 0.028241335044929396
Area: 0.0002562858063023628
CentroidX: 0.6847
CentroidY: 0.2623
