Location: 2025-04-18_221722-1.png_Gaussian-Closing.png
Component: component_1745014102459_650.png
centerX: 0.5406360424028268
centerY: 0.9640564826700898
width: 0.023557126030624265
height: 0.024390243902439025
Area: 0.00022856561093042584
CentroidX: 0.5511
CentroidY: 0.9761
