Location: 2025-04-18_221722-1.png_Gaussian-Closing.png
Component: component_1745014102430_499.png
centerX: 0.8586572438162544
centerY: 0.7248609328198545
width: 0.0353356890459364
height: 0.03080872913992298
Area: 0.000433443054906651
CentroidX: 0.8744
CentroidY: 0.7393
