Location: 2025-04-18_221722-1.png_Gaussian-Median.png
Component: component_1745014102549_303.png
centerX: 0.3504122497055359
centerY: 0.4163457424047925
width: 0.030624263839811542
height: 0.02866923406076166
Area: 0.0003817826908044048
CentroidX: 0.3649
CentroidY: 0.4299
