Location: 2025-04-18_221722-1.png_Mean-Closing.png
Component: component_1745014101713_144.png
centerX: 0.45229681978798586
centerY: 0.20881471972614463
width: 0.022968197879858657
height: 0.03209242618741977
Area: 0.00027644594839104425
CentroidX: 0.4619
CentroidY: 0.2230
