Location: 2025-04-18_221722-1.png_Otsu.png
Component: component_1745014102262_608.png
centerX: 0.5818610129564193
centerY: 0.8613607188703466
width: 0.027090694935217905
height: 0.02995293110825845
Area: 0.0002882900318681446
CentroidX: 0.5939
CentroidY: 0.8747
