Location: 2025-04-18_221722-1.png_Gaussian-Median.png
Component: component_1745014102552_315.png
centerX: 0.23733804475853945
centerY: 0.4475823705605477
width: 0.02767962308598351
height: 0.029525032092426188
Area: 0.00035885052917852963
CentroidX: 0.2502
CentroidY: 0.4612
