Location: 2025-04-18_221722-1.png_Mean-Closing.png
Component: component_1745014101782_436.png
centerX: 0.17432273262661954
centerY: 0.6465554129225503
width: 0.026501766784452298
height: 0.02738553701326487
Area: 0.00033264234446324375
CentroidX: 0.1872
CentroidY: 0.6601
