Location: 2025-04-18_221722-1.png_Gaussian-Median.png
Component: component_1745014102534_242.png
centerX: 0.8739693757361602
centerY: 0.31450577663671375
width: 0.023557126030624265
height: 0.029525032092426188
Area: 0.00022453358251268955
CentroidX: 0.8851
CentroidY: 0.3291
