Location: 2025-04-18_221722-1.png_Otsu.png
Component: component_1745014102174_441.png
centerX: 0.6690223792697291
centerY: 0.6174582798459564
width: 0.03297997644287397
height: 0.029525032092426188
Area: 0.0003888387405354433
CentroidX: 0.6851
CentroidY: 0.6317
