Location: 2025-04-18_221722-1.png_Gaussian-Median.png
Component: component_1745014102482_3.png
centerX: 0.1254416961130742
centerY: 0.0
width: 0.8663133097762074
height: 0.015832263585793753
Area: 0.0009999430475985994
CentroidX: 0.6506
CentroidY: 0.0012
