Location: 2025-04-18_221722-1.png_Otsu.png
Component: component_1745014102074_180.png
centerX: 0.4045936395759717
centerY: 0.2798459563543004
width: 0.027090694935217905
height: 0.02738553701326487
Area: 0.00021042148305061253
CentroidX: 0.4166
CentroidY: 0.2921
