Location: 2025-04-18_221722-1.png_Mean-Closing.png
Component: component_1745014101717_155.png
centerX: 0.7826855123674912
centerY: 0.2160890029952931
width: 0.021790341578327443
height: 0.02610183996576808
Area: 0.00022402957896047252
CentroidX: 0.7930
CentroidY: 0.2280
