Location: 2025-04-18_221722-1.png_Gaussian-Closing.png
Component: component_1745014102349_117.png
centerX: 0.303886925795053
centerY: 0.17586649550706032
width: 0.026501766784452298
height: 0.026957637997432605
Area: 0.0002701459039883313
CentroidX: 0.3162
CentroidY: 0.1889
