Location: 2025-04-18_221722-1.png_Otsu.png
Component: component_1745014102073_175.png
centerX: 0.14664310954063603
centerY: 0.2781343602909713
width: 0.02767962308598351
height: 0.026957637997432605
Area: 0.00024292971216861137
CentroidX: 0.1589
CentroidY: 0.2905
