Location: 2025-04-18_221722-1.png_Otsu.png
Component: component_1745014102265_613.png
centerX: 0.24617196702002356
centerY: 0.8861788617886179
width: 0.026501766784452298
height: 0.03594351732991014
Area: 0.00033314634801546084
CentroidX: 0.2589
CentroidY: 0.9033
