Location: 2025-04-18_221722-1.png_Otsu.png
Component: component_1745014102154_404.png
centerX: 0.23910482921083628
centerY: 0.5776636713735558
width: 0.027090694935217905
height: 0.030380830124090714
Area: 0.0003583465256263126
CentroidX: 0.2512
CentroidY: 0.5921
