Location: 2025-04-18_221722-1.png_Otsu.png
Component: component_1745014102004_10.png
centerX: 0.4287396937573616
centerY: 0.03979460847240052
width: 0.030624263839811542
height: 0.03465982028241335
Area: 0.0003963987938186988
CentroidX: 0.4422
CentroidY: 0.0549
