Location: 2025-04-18_221722-1.png_Gaussian-Median.png
Component: component_1745014102631_672.png
centerX: 0.6207302709069493
centerY: 0.928540864356012
width: 0.027090694935217905
height: 0.03209242618741977
Area: 0.00027468193595828465
CentroidX: 0.6331
CentroidY: 0.9439
