Location: 2025-04-18_221722-1.png_Gaussian-Median.png
Component: component_1745014102633_685.png
centerX: 0.21554770318021202
centerY: 0.9602053915275995
width: 0.026501766784452298
height: 0.030380830124090714
Area: 0.0002726659217494165
CentroidX: 0.2269
CentroidY: 0.9738
