Location: 2025-04-18_221722-1.png_Gaussian-Closing.png
Component: component_1745014102401_372.png
centerX: 0.444640753828033
centerY: 0.5472828412494651
width: 0.030035335689045935
height: 0.03209242618741977
Area: 0.00041630693413127176
CentroidX: 0.4588
CentroidY: 0.5626
