Location: 2025-04-18_221722-1.png_Mean-Closing.png
Component: component_1745014101692_48.png
centerX: 0.3568904593639576
centerY: 0.07830551989730423
width: 0.027090694935217905
height: 0.026529738981600343
Area: 0.00030719016507628347
CentroidX: 0.3695
CentroidY: 0.0904
