Location: 2025-04-18_221722-1.png_Otsu.png
Component: component_1745014102176_449.png
centerX: 0.10365135453474676
centerY: 0.6456996148908858
width: 0.03121319199057715
height: 0.026957637997432605
Area: 0.0003313823355827012
CentroidX: 0.1185
CentroidY: 0.6595
