Location: 2025-04-18_221722-1.png_Gaussian-Median.png
Component: component_1745014102562_366.png
centerX: 0.2049469964664311
centerY: 0.5139067180145486
width: 0.02767962308598351
height: 0.025673940949935817
Area: 0.0003482664545819719
CentroidX: 0.2184
CentroidY: 0.5264
