Location: 2025-04-18_221722-1.png_Mean-Closing.png
Component: component_1745014101944_644.png
centerX: 0.6578327444051826
centerY: 0.9619169875909286
width: 0.02591283863368669
height: 0.02866923406076166
Area: 0.00029887410646470237
CentroidX: 0.6692
CentroidY: 0.9759
