Location: 2025-04-18_221722-1.png_Otsu.png
Component: component_1745014102015_22.png
centerX: 0.6908127208480566
centerY: 0.047068891741549
width: 0.02767962308598351
height: 0.029097133076593923
Area: 0.0003341543551198949
CentroidX: 0.7032
CentroidY: 0.0598
