Location: 2025-04-18_221722-1.png_Otsu.png
Component: component_1745014102229_532.png
centerX: 0.5453474676089517
centerY: 0.7535301668806161
width: 0.027090694935217905
height: 0.029097133076593923
Area: 0.0003301223267021586
CentroidX: 0.5591
CentroidY: 0.7681
