Location: 2025-04-18_221722-1.png_Mean-Closing.png
Component: component_1745014101919_615.png
centerX: 0.1772673733804476
centerY: 0.9246897732135216
width: 0.032391048292108364
height: 0.032520325203252036
Area: 0.00036489857180513406
CentroidX: 0.1921
CentroidY: 0.9402
