Location: 2025-04-18_221722-1.png_Mean-Closing.png
Component: component_1745014101828_555.png
centerX: 0.4034157832744405
centerY: 0.8228498074454429
width: 0.026501766784452298
height: 0.029097133076593923
Area: 0.0003374303782093056
CentroidX: 0.4158
CentroidY: 0.8363
