Location: 2025-04-18_221722-1.png_Mean-Closing.png
Component: component_1745014101738_255.png
centerX: 0.42638398115429915
centerY: 0.38125802310654683
width: 0.030624263839811542
height: 0.032520325203252036
Area: 0.00043268704957832545
CentroidX: 0.4407
CentroidY: 0.3966
