Location: 2025-04-18_221722-1.png_Gaussian-Median.png
Component: component_1745014102630_670.png
centerX: 0.44051825677267376
centerY: 0.9281129653401797
width: 0.027090694935217905
height: 0.03080872913992298
Area: 0.00031248220237456236
CentroidX: 0.4520
CentroidY: 0.9430
