Location: 2025-04-18_221722-1.png_Gaussian-Median.png
Component: component_1745014102503_119.png
centerX: 0.7820965842167256
centerY: 0.1480530594779632
width: 0.02767962308598351
height: 0.028241335044929396
Area: 0.00031172619704623677
CentroidX: 0.7953
CentroidY: 0.1604
