Location: 2025-04-18_221722-1.png_Gaussian-Median.png
Component: component_1745014102581_450.png
centerX: 0.4758539458186101
centerY: 0.6161745827984596
width: 0.02767962308598351
height: 0.02995293110825845
Area: 0.0003805226819238622
CentroidX: 0.4891
CentroidY: 0.6308
