Location: 2025-04-18_221722-1.png_Otsu.png
Component: component_1745014102146_371.png
centerX: 0.6001177856301532
centerY: 0.5181857081728712
width: 0.028857479387514724
height: 0.028241335044929396
Area: 0.00034373042261201856
CentroidX: 0.6131
CentroidY: 0.5317
