Location: Handwritten_2025-04-16_190734-1.png_Otsu.png
Component: component_1744835255569_996.png
centerX: 0.49528857479387517
centerY: 0.9554985023534446
width: 0.028857479387514724
height: 0.020967051775780916
Area: 0.00015498109230673859
CentroidX: 0.5096
CentroidY: 0.9681
