Location: Handwritten_2025-04-16_190734-1.png_Otsu.png
Component: component_1744835255488_151.png
centerX: 0.10365135453474676
centerY: 0.2011125374411639
width: 0.02767962308598351
height: 0.02738553701326487
Area: 0.0002308336269154025
CentroidX: 0.1172
CentroidY: 0.2131
