Location: Handwritten_2025-04-16_190734-1.png_Otsu.png
Component: component_1744835255481_110.png
centerX: 0.26383981154299174
centerY: 0.15190415062045357
width: 0.03180212014134275
height: 0.024818142918271287
Area: 0.0002484737512429988
CentroidX: 0.2787
CentroidY: 0.1623
