Location: 2025-04-16_190755-1.png_Gaussian-Closing.png
Component: component_1744835256069_410.png
centerX: 0.2956419316843345
centerY: 0.8254172015404364
width: 0.023557126030624265
height: 0.030380830124090714
Area: 0.0002787139643760209
CentroidX: 0.3075
CentroidY: 0.8379
