Location: 2025-04-16_190755-1.png_Gaussian-Closing.png
Component: component_1744835256052_355.png
centerX: 0.4293286219081272
centerY: 0.6987590928540864
width: 0.02767962308598351
height: 0.03080872913992298
Area: 0.00033566636577654597
CentroidX: 0.4426
CentroidY: 0.7117
