Location: Handwritten_2025-04-16_190734-1.png_Otsu.png
Component: component_1744835255494_195.png
centerX: 0.8633686690223793
centerY: 0.27214377406931967
width: 0.02237926972909305
height: 0.028241335044929396
Area: 0.00020790146528952737
CentroidX: 0.8743
CentroidY: 0.2849
