Location: 2025-04-16_190850-1.png_Otsu.png
Component: component_1744835256196_556.png
centerX: 0.0624263839811543
centerY: 0.771074026529739
width: 0.023557126030624265
height: 0.02610183996576808
Area: 0.00015498109230673859
CentroidX: 0.0735
CentroidY: 0.7825
