Location: 2025-04-16_190850-1.png_Otsu.png
Component: component_1744835256217_670.png
centerX: 0.7985865724381626
centerY: 0.9696191698759092
width: 0.03180212014134275
height: 0.02610183996576808
Area: 0.00034322641905980153
CentroidX: 0.8138
CentroidY: 0.9808
