Location: 2025-04-16_190850-1.png_Gaussian-Closing.png
Component: component_1744835255929_493.png
centerX: 0.016489988221436984
centerY: 0.9709028669234061
width: 0.02944640753828033
height: 0.028241335044929396
Area: 0.0002827459927937572
CentroidX: 0.0312
CentroidY: 0.9835
