Location: 2025-04-16_190850-1.png_Otsu.png
Component: component_1744835256155_195.png
centerX: 0.7214369846878681
centerY: 0.38339751818570816
width: 0.024146054181389872
height: 0.029097133076593923
Area: 0.00025099376900408396
CentroidX: 0.7338
CentroidY: 0.3950
