Location: 2025-04-16_190755-1.png_Gaussian-Closing.png
Component: component_1744835255992_139.png
centerX: 0.10482921083627797
centerY: 0.220795892169448
width: 0.028268551236749116
height: 0.03465982028241335
Area: 0.0004228589803100932
CentroidX: 0.1190
CentroidY: 0.2365
