Location: 2025-04-16_190755-1.png_Gaussian-Closing.png
Component: component_1744835256034_282.png
centerX: 0.43404004711425204
centerY: 0.5832263585793752
width: 0.027090694935217905
height: 0.032520325203252036
Area: 0.0003500304670147315
CentroidX: 0.4482
CentroidY: 0.5977
