Location: Handwritten_2025-04-16_190734-1.png_Otsu.png
Component: component_1744835255482_115.png
centerX: 0.7149587750294464
centerY: 0.15233204963628583
width: 0.02237926972909305
height: 0.029097133076593923
Area: 0.00023461365355703027
CentroidX: 0.7257
CentroidY: 0.1645
