Location: 2025-04-16_190850-1.png_Gaussian-Closing.png
Component: component_1744835255656_35.png
centerX: 0.18669022379269729
centerY: 0.056910569105691054
width: 0.02591283863368669
height: 0.02866923406076166
Area: 0.0002658618737944865
CentroidX: 0.1997
CentroidY: 0.0681
