Location: 2025-04-16_190850-1.png_Otsu.png
Component: component_1744835256178_347.png
centerX: 0.911660777385159
centerY: 0.5815147625160462
width: 0.024734982332155476
height: 0.029525032092426188
Area: 0.00020185342266292294
CentroidX: 0.9232
CentroidY: 0.5942
