Location: Handwritten_2025-04-16_190734-1.png_Otsu.png
Component: component_1744835255556_827.png
centerX: 0.5388692579505301
centerY: 0.8677792041078306
width: 0.022968197879858657
height: 0.037227214377406934
Area: 0.00023058162513929398
CentroidX: 0.5493
CentroidY: 0.8829
