Location: 2025-04-16_190850-1.png_Gaussian-Closing.png
Component: component_1744835255783_163.png
centerX: 0.928150765606596
centerY: 0.3243474540008558
width: 0.02120141342756184
height: 0.02995293110825845
Area: 0.0002600658329439906
CentroidX: 0.9376
CentroidY: 0.3364
