Location: 2025-04-16_190850-1.png_Otsu.png
Component: component_1744835256210_642.png
centerX: 0.5694935217903416
centerY: 0.9298245614035088
width: 0.02944640753828033
height: 0.030380830124090714
Area: 0.00034347842083591005
CentroidX: 0.5837
CentroidY: 0.9432
