Location: 2025-04-16_190850-1.png_Gaussian-Closing.png
Component: component_1744835255689_37.png
centerX: 0.13191990577149587
centerY: 0.06118955926401369
width: 0.03180212014134275
height: 0.0235344458707745
Area: 0.0002676258862272461
CentroidX: 0.1482
CentroidY: 0.0704
