Location: 2025-04-16_190850-1.png_Gaussian-Closing.png
Component: component_1744835255692_40.png
centerX: 0.8963486454652533
centerY: 0.08771929824561403
width: 0.027090694935217905
height: 0.03080872913992298
Area: 0.00027619394661493573
CentroidX: 0.9100
CentroidY: 0.1004
