Location: 2025-04-16_190850-1.png_Otsu.png
Component: component_1744835256185_422.png
centerX: 0.4375736160188457
centerY: 0.6593923833975182
width: 0.02591283863368669
height: 0.029097133076593923
Area: 0.00019076534451414813
CentroidX: 0.4504
CentroidY: 0.6724
