Location: 2025-04-16_190755-1.png_Gaussian-Closing.png
Component: component_1744835256012_202.png
centerX: 0.6690223792697291
centerY: 0.4120667522464698
width: 0.03180212014134275
height: 0.031664527171587506
Area: 0.0004120229039374269
CentroidX: 0.6861
CentroidY: 0.4261
