Location: 2025-04-16_190850-1.png_Gaussian-Closing.png
Component: component_1744835255697_53.png
centerX: 0.06478209658421673
centerY: 0.10312366281557553
width: 0.02767962308598351
height: 0.031664527171587506
Area: 0.00030366214021076423
CentroidX: 0.0788
CentroidY: 0.1166
