Location: 2025-04-16_190850-1.png_Gaussian-Closing.png
Component: component_1744835255818_226.png
centerX: 0.30094228504122494
centerY: 0.4411638853230638
width: 0.028857479387514724
height: 0.028241335044929396
Area: 0.0002837539998981913
CentroidX: 0.3153
CentroidY: 0.4529
