Location: Handwritten_2025-04-16_190734-1.png_Otsu.png
Component: component_1744835255507_293.png
centerX: 0.5429917550058893
centerY: 0.40479246897732135
width: 0.022968197879858657
height: 0.029097133076593923
Area: 0.00018572530899197778
CentroidX: 0.5538
CentroidY: 0.4174
