Location: 2025-04-16_190850-1.png_Otsu.png
Component: component_1744835256115_37.png
centerX: 0.07538280329799764
centerY: 0.06161745827984596
width: 0.027090694935217905
height: 0.023106546854942234
Area: 0.00020336543331957404
CentroidX: 0.0892
CentroidY: 0.0704
