Location: 2025-04-16_190755-1.png_Gaussian-Closing.png
Component: component_1744835256064_387.png
centerX: 0.24911660777385158
centerY: 0.7817715019255456
width: 0.02591283863368669
height: 0.03423192126658109
Area: 0.00033365035156767786
CentroidX: 0.2614
CentroidY: 0.7969
