Location: Handwritten_2025-04-16_190734-1.png_Otsu.png
Component: component_1744835255564_932.png
centerX: 0.45288574793875147
centerY: 0.9182712879760376
width: 0.028857479387514724
height: 0.02866923406076166
Area: 0.00018648131432030332
CentroidX: 0.4671
CentroidY: 0.9304
