Location: 2025-04-16_190850-1.png_Otsu.png
Component: component_1744835256145_147.png
centerX: 0.8121319199057715
centerY: 0.2935387248609328
width: 0.027090694935217905
height: 0.02610183996576808
Area: 0.00027417793240606757
CentroidX: 0.8248
CentroidY: 0.3049
