Location: 2025-04-16_190850-1.png_Gaussian-Closing.png
Component: component_1744835255789_180.png
centerX: 0.2779740871613663
centerY: 0.3581514762516046
width: 0.02944640753828033
height: 0.026957637997432605
Area: 0.0003049221490913068
CentroidX: 0.2931
CentroidY: 0.3701
