Location: 2025-04-16_190755-1.png_Gaussian-Closing.png
Component: component_1744835256003_168.png
centerX: 0.8521790341578327
centerY: 0.3153615746683783
width: 0.030035335689045935
height: 0.03080872913992298
Area: 0.0004120229039374269
CentroidX: 0.8665
CentroidY: 0.3280
