Location: 2025-04-16_190755-1.png_Gaussian-Closing.png
Component: component_1744835256030_262.png
centerX: 0.143698468786808
centerY: 0.5430038510911425
width: 0.03415783274440518
height: 0.02781343602909713
Area: 0.0003956427884903733
CentroidX: 0.1605
CentroidY: 0.5548
