Location: 2025-04-16_190755-1.png_Gaussian-Closing.png
Component: component_1744835256076_448.png
centerX: 0.5895170789163722
centerY: 0.8998716302952503
width: 0.030035335689045935
height: 0.036799315361574665
Area: 0.0003414624066270419
CentroidX: 0.6031
CentroidY: 0.9151
