Location: Handwritten_2025-04-16_190734-1.png_Otsu.png
Component: component_1744835255498_221.png
centerX: 0.5812720848056537
centerY: 0.3153615746683783
width: 0.024146054181389872
height: 0.030380830124090714
Area: 0.00020134941911070588
CentroidX: 0.5931
CentroidY: 0.3290
