Location: 2025-04-16_190850-1.png_Gaussian-Closing.png
Component: component_1744835255700_61.png
centerX: 0.7120141342756183
centerY: 0.12708600770218229
width: 0.028857479387514724
height: 0.029097133076593923
Area: 0.00038909074231155183
CentroidX: 0.7258
CentroidY: 0.1402
