Location: Handwritten_2025-04-16_190734-1.png_Otsu.png
Component: component_1744835255554_751.png
centerX: 0.11955241460541814
centerY: 0.8202824133504493
width: 0.02237926972909305
height: 0.02995293110825845
Area: 0.0002056334493045507
CentroidX: 0.1308
CentroidY: 0.8335
