Location: 2025-04-16_190755-1.png_Gaussian-Closing.png
Component: component_1744835256079_462.png
centerX: 0.941696113074205
centerY: 0.9032948224219084
width: 0.026501766784452298
height: 0.03209242618741977
Area: 0.00029585008515140015
CentroidX: 0.9537
CentroidY: 0.9169
