Location: 2025-04-16_190850-1.png_Otsu.png
Component: component_1744835256156_203.png
centerX: 0.4040047114252061
centerY: 0.39323919554985026
width: 0.021790341578327443
height: 0.02995293110825845
Area: 0.00021445351146834882
CentroidX: 0.4150
CentroidY: 0.4066
