Location: 2025-04-16_190850-1.png_Otsu.png
Component: component_1744835256192_521.png
centerX: 0.014723203769140165
centerY: 0.7261446298673513
width: 0.030624263839811542
height: 0.0329482242190843
Area: 0.00024292971216861137
CentroidX: 0.0304
CentroidY: 0.7395
