Location: Handwritten_2025-04-16_190734-1.png_Otsu.png
Component: component_1744835255477_87.png
centerX: 0.28032979976442873
centerY: 0.10569105691056911
width: 0.025323910482921083
height: 0.026957637997432605
Area: 0.00024746574413856467
CentroidX: 0.2927
CentroidY: 0.1168
