Location: Handwritten_2025-04-16_190734-1.png_Otsu.png
Component: component_1744835255558_842.png
centerX: 0.3580683156654888
centerY: 0.8716302952503209
width: 0.025323910482921083
height: 0.032520325203252036
Area: 0.00023108562869151103
CentroidX: 0.3707
CentroidY: 0.8849
