Location: 2025-04-16_190850-1.png_Otsu.png
Component: component_1744835256142_137.png
centerX: 0.09952885747938751
centerY: 0.26743688489516476
width: 0.02767962308598351
height: 0.03808301240907146
Area: 0.0004059748613108225
CentroidX: 0.1141
CentroidY: 0.2857
