Location: 2025-04-16_190850-1.png_Gaussian-Closing.png
Component: component_1744835255748_124.png
centerX: 0.7491166077738516
centerY: 0.2550278134360291
width: 0.024734982332155476
height: 0.02781343602909713
Area: 0.000300638118897462
CentroidX: 0.7616
CentroidY: 0.2672
