Location: 2025-04-16_190850-1.png_Gaussian-Closing.png
Component: component_1744835255909_449.png
centerX: 0.4734982332155477
centerY: 0.8917415489944374
width: 0.030624263839811542
height: 0.030380830124090714
Area: 0.0003724586250883896
CentroidX: 0.4881
CentroidY: 0.9059
