Location: Handwritten_2025-04-16_190734-1.png_Otsu.png
Component: component_1744835255528_418.png
centerX: 0.1972909305064782
centerY: 0.5896448438168592
width: 0.026501766784452298
height: 0.02781343602909713
Area: 0.00017866925926093928
CentroidX: 0.2099
CentroidY: 0.6022
