Location: Handwritten_2025-04-16_190734-1.png_Otsu.png
Component: component_1744835255510_309.png
centerX: 0.14958775029446408
centerY: 0.4112109542148053
width: 0.02237926972909305
height: 0.02738553701326487
Area: 0.00020185342266292294
CentroidX: 0.1595
CentroidY: 0.4226
