Location: 2025-04-16_190755-1.png_Gaussian-Closing.png
Component: component_1744835256042_320.png
centerX: 0.2408716136631331
centerY: 0.6572528883183568
width: 0.028857479387514724
height: 0.03380402225074882
Area: 0.0003762386517300174
CentroidX: 0.2553
CentroidY: 0.6719
