Location: 2025-04-16_190850-1.png_Otsu.png
Component: component_1744835256207_625.png
centerX: 0.6548881036513545
centerY: 0.8908857509627728
width: 0.02944640753828033
height: 0.029097133076593923
Area: 0.00033365035156767786
CentroidX: 0.6687
CentroidY: 0.9033
