Location: 2025-04-16_190850-1.png_Gaussian-Closing.png
Component: component_1744835255657_36.png
centerX: 0.23616018845700826
centerY: 0.05733846812152332
width: 0.026501766784452298
height: 0.02610183996576808
Area: 0.0002628378524811843
CentroidX: 0.2493
CentroidY: 0.0680
