Location: Handwritten_2025-04-16_190734-1.png_Otsu.png
Component: component_1744835255489_163.png
centerX: 0.9187279151943463
centerY: 0.23534445870774498
width: 0.026501766784452298
height: 0.02866923406076166
Area: 0.0002391496855269836
CentroidX: 0.9310
CentroidY: 0.2479
