Location: Handwritten_2025-04-16_190734-1.png_Otsu.png
Component: component_1744835255480_104.png
centerX: 0.7950530035335689
centerY: 0.14976465554129226
width: 0.025323910482921083
height: 0.029525032092426188
Area: 0.0002484737512429988
CentroidX: 0.8078
CentroidY: 0.1630
