Location: 2025-04-16_190755-1.png_Gaussian-Closing.png
Component: component_1744835255961_30.png
centerX: 0.2420494699646643
centerY: 0.013692768506632435
width: 0.024734982332155476
height: 0.02995293110825845
Area: 0.00033894238886595675
CentroidX: 0.2544
CentroidY: 0.0278
