Location: 2025-04-16_190850-1.png_Otsu.png
Component: component_1744835256168_271.png
centerX: 0.38515901060070673
centerY: 0.4796747967479675
width: 0.024146054181389872
height: 0.029097133076593923
Area: 0.00019983740845405478
CentroidX: 0.3963
CentroidY: 0.4909
