Location: 2025-04-16_190850-1.png_Gaussian-Closing.png
Component: component_1744835255822_235.png
centerX: 0.866902237926973
centerY: 0.45228925973470263
width: 0.024734982332155476
height: 0.03423192126658109
Area: 0.00027921796792823795
CentroidX: 0.8788
CentroidY: 0.4691
