Location: 2025-04-16_190755-1.png_Gaussian-Closing.png
Component: component_1744835256080_468.png
centerX: 0.25500588928150764
centerY: 0.9452289259734703
width: 0.026501766784452298
height: 0.03594351732991014
Area: 0.00030341013843465566
CentroidX: 0.2690
CentroidY: 0.9614
