Location: Handwritten_2025-04-16_190734-1.png_Otsu.png
Component: component_1744835255499_230.png
centerX: 0.8221436984687868
centerY: 0.3170731707317073
width: 0.019434628975265017
height: 0.02738553701326487
Area: 0.00018522130543976073
CentroidX: 0.8307
CentroidY: 0.3287
