Location: Handwritten_2025-04-16_190734-1.png_Otsu.png
Component: component_1744835255553_740.png
centerX: 0.44228504122497053
centerY: 0.8160034231921267
width: 0.027090694935217905
height: 0.026957637997432605
Area: 0.00018874933030528
CentroidX: 0.4547
CentroidY: 0.8275
