Location: 2025-04-16_190850-1.png_Otsu.png
Component: component_1744835256112_23.png
centerX: 0.8586572438162544
centerY: 0.045785194694052206
width: 0.027090694935217905
height: 0.02396234488660676
Area: 0.00023889768375087508
CentroidX: 0.8718
CentroidY: 0.0560
