Location: 2025-04-16_190850-1.png_Otsu.png
Component: component_1744835256157_213.png
centerX: 0.0447585394581861
centerY: 0.4022250748823278
width: 0.026501766784452298
height: 0.02995293110825845
Area: 0.0002754379412866102
CentroidX: 0.0581
CentroidY: 0.4153
