Location: 2025-04-16_190850-1.png_Otsu.png
Component: component_1744835256152_185.png
centerX: 0.143698468786808
centerY: 0.3598630723149337
width: 0.025323910482921083
height: 0.02866923406076166
Area: 0.00025527779919792874
CentroidX: 0.1558
CentroidY: 0.3724
