Location: 2025-04-16_190850-1.png_Otsu.png
Component: component_1744835256205_616.png
centerX: 0.607773851590106
centerY: 0.8510911424903723
width: 0.025323910482921083
height: 0.029097133076593923
Area: 0.0002963540887036172
CentroidX: 0.6197
CentroidY: 0.8639
