Location: Handwritten_2025-04-16_190734-1.png_Otsu.png
Component: component_1744835255481_112.png
centerX: 0.02591283863368669
centerY: 0.15233204963628583
width: 0.02591283863368669
height: 0.026957637997432605
Area: 0.0002560338045262543
CentroidX: 0.0382
CentroidY: 0.1648
