Location: 2025-04-16_190850-1.png_Gaussian-Closing.png
Component: component_1744835255877_347.png
centerX: 0.2756183745583039
centerY: 0.6696619597774925
width: 0.030624263839811542
height: 0.03080872913992298
Area: 0.0002809819803609976
CentroidX: 0.2890
CentroidY: 0.6840
