Location: 2025-04-16_190850-1.png_Otsu.png
Component: component_1744835256144_144.png
centerX: 0.9257950530035336
centerY: 0.28712023962344885
width: 0.023557126030624265
height: 0.02610183996576808
Area: 0.0002598138311678821
CentroidX: 0.9375
CentroidY: 0.2986
