Location: Handwritten_2025-04-16_190734-1.png_Otsu.png
Component: component_1744835255495_201.png
centerX: 0.14075382803297998
centerY: 0.27599486521181
width: 0.027090694935217905
height: 0.028241335044929396
Area: 0.0002336056464525962
CentroidX: 0.1539
CentroidY: 0.2882
