Location: 2025-04-16_190850-1.png_Gaussian-Closing.png
Component: component_1744835255711_85.png
centerX: 0.6378091872791519
centerY: 0.1750106974753958
width: 0.028268551236749116
height: 0.02995293110825845
Area: 0.0003722066233122811
CentroidX: 0.6519
CentroidY: 0.1877
