Location: 2025-04-16_190755-1.png_Gaussian-Closing.png
Component: component_1744835256061_375.png
centerX: 0.48115429917550057
centerY: 0.7334189131364998
width: 0.024146054181389872
height: 0.030380830124090714
Area: 0.0003024021313302216
CentroidX: 0.4932
CentroidY: 0.7462
