Location: Handwritten_2025-04-16_190734-1.png_Otsu.png
Component: component_1744835255493_193.png
centerX: 0.7078916372202592
centerY: 0.2725716730851519
width: 0.028268551236749116
height: 0.02781343602909713
Area: 0.00021924154521441068
CentroidX: 0.7201
CentroidY: 0.2839
