Location: Handwritten_2025-04-16_190734-1.png_Otsu.png
Component: component_1744835255569_1000.png
centerX: 0.9393404004711425
centerY: 0.9550706033376123
width: 0.027090694935217905
height: 0.028241335044929396
Area: 0.0001721172130821178
CentroidX: 0.9523
CentroidY: 0.9669
