Location: 2025-04-16_190755-1.png_Gaussian-Closing.png
Component: component_1744835255968_61.png
centerX: 0.13839811542991756
centerY: 0.05605477107402653
width: 0.03121319199057715
height: 0.029525032092426188
Area: 0.00041303091104186103
CentroidX: 0.1544
CentroidY: 0.0692
