Location: Handwritten_2025-04-16_190734-1.png_Otsu.png
Component: component_1744835255544_593.png
centerX: 0.45995288574793874
centerY: 0.732135216089003
width: 0.0088339222614841
height: 0.008557980316645272
Area: 1.9152134984247367e-05
CentroidX: 0.4653
CentroidY: 0.7360
