Location: 2025-04-16_190850-1.png_Gaussian-Closing.png
Component: component_1744835255857_327.png
centerX: 0.22850412249705537
centerY: 0.6255883611467694
width: 0.02767962308598351
height: 0.03423192126658109
Area: 0.00030996218461347717
CentroidX: 0.2419
CentroidY: 0.6412
