Location: 2025-04-16_190755-1.png_Gaussian-Closing.png
Component: component_1744835256075_442.png
centerX: 0.8127208480565371
centerY: 0.8630723149336756
width: 0.023557126030624265
height: 0.03337612323491656
Area: 0.0003018981277780046
CentroidX: 0.8244
CentroidY: 0.8783
