Location: 2025-04-16_190850-1.png_Otsu.png
Component: component_1744835256120_61.png
centerX: 0.931095406360424
centerY: 0.12665810868635002
width: 0.02591283863368669
height: 0.025246041934103552
Area: 0.000259309827615665
CentroidX: 0.9434
CentroidY: 0.1375
