Location: 2025-04-16_190850-1.png_Gaussian-Closing.png
Component: component_1744835255825_245.png
centerX: 0.4652532391048292
centerY: 0.47796320068463843
width: 0.024734982332155476
height: 0.0329482242190843
Area: 0.0002686338933316802
CentroidX: 0.4773
CentroidY: 0.4917
