Location: Handwritten_2025-04-16_190734-1.png_Otsu.png
Component: component_1744835255521_372.png
centerX: 0.4534746760895171
centerY: 0.5451433461703038
width: 0.023557126030624265
height: 0.02866923406076166
Area: 0.0001806852734698074
CentroidX: 0.4640
CentroidY: 0.5575
