Location: 2025-04-16_190850-1.png_Otsu.png
Component: component_1744835256136_125.png
centerX: 0.8250883392226148
centerY: 0.2503209242618742
width: 0.030035335689045935
height: 0.026529738981600343
Area: 0.00030391414198687274
CentroidX: 0.8403
CentroidY: 0.2618
