Location: Handwritten_2025-04-16_190734-1.png_Otsu.png
Component: component_1744835255544_574.png
centerX: 0.7444051825677267
centerY: 0.725716730851519
width: 0.010011778563015312
height: 0.008557980316645272
Area: 2.4444172282526246e-05
CentroidX: 0.7500
CentroidY: 0.7295
