Location: 2025-04-16_190755-1.png_Gaussian-Closing.png
Component: component_1744835255971_73.png
centerX: 0.5477031802120141
centerY: 0.08814719726144629
width: 0.03180212014134275
height: 0.029525032092426188
Area: 0.00042159897142955065
CentroidX: 0.5638
CentroidY: 0.1008
