Location: 2025-04-16_190850-1.png_Gaussian-Closing.png
Component: component_1744835255714_88.png
centerX: 0.5435806831566549
centerY: 0.17843388960205392
width: 0.030035335689045935
height: 0.02866923406076166
Area: 0.00036313455937237447
CentroidX: 0.5577
CentroidY: 0.1909
