Location: 2025-04-16_190850-1.png_Gaussian-Closing.png
Component: component_1744835255923_476.png
centerX: 0.8474676089517079
centerY: 0.9328198545143346
width: 0.028857479387514724
height: 0.02781343602909713
Area: 0.00034196641017925897
CentroidX: 0.8608
CentroidY: 0.9459
