Location: Handwritten_2025-04-16_190734-1.png_Otsu.png
Component: component_1744835255478_93.png
centerX: 0.7850412249705536
centerY: 0.10654685494223363
width: 0.02767962308598351
height: 0.02610183996576808
Area: 0.0002489777547952158
CentroidX: 0.7985
CentroidY: 0.1172
