Location: 2025-04-16_190850-1.png_Otsu.png
Component: component_1744835256152_186.png
centerX: 0.014723203769140165
centerY: 0.362002567394095
width: 0.025323910482921083
height: 0.029097133076593923
Area: 0.00024040969440752619
CentroidX: 0.0272
CentroidY: 0.3747
