Location: 2025-04-16_190850-1.png_Otsu.png
Component: component_1744835256214_657.png
centerX: 0.5206124852767963
centerY: 0.9336756525459992
width: 0.032391048292108364
height: 0.026529738981600343
Area: 0.000342974417283693
CentroidX: 0.5360
CentroidY: 0.9448
