Location: 2025-04-16_190850-1.png_Otsu.png
Component: component_1744835256196_559.png
centerX: 0.11189634864546526
centerY: 0.7719298245614035
width: 0.026501766784452298
height: 0.029097133076593923
Area: 0.0001471690372473745
CentroidX: 0.1237
CentroidY: 0.7850
