Location: 2025-04-16_190755-1.png_Gaussian-Closing.png
Component: component_1744835256028_251.png
centerX: 0.10247349823321555
centerY: 0.4980744544287548
width: 0.024146054181389872
height: 0.031664527171587506
Area: 0.00034599843859699523
CentroidX: 0.1144
CentroidY: 0.5126
