Location: 2025-04-16_190850-1.png_Otsu.png
Component: component_1744835256163_253.png
centerX: 0.9287396937573617
centerY: 0.4540008557980317
width: 0.027090694935217905
height: 0.03337612323491656
Area: 0.00027115391109276536
CentroidX: 0.9425
CentroidY: 0.4708
