Location: Handwritten_2025-04-16_190734-1.png_Otsu.png
Component: component_1744835255529_432.png
centerX: 0.9004711425206124
centerY: 0.6230209670517758
width: 0.028857479387514724
height: 0.02781343602909713
Area: 0.00021016948127450401
CentroidX: 0.9146
CentroidY: 0.6353
