Location: 2025-04-16_190850-1.png_Gaussian-Closing.png
Component: component_1744835255876_345.png
centerX: 0.35276796230859836
centerY: 0.6640992725716731
width: 0.028857479387514724
height: 0.031664527171587506
Area: 0.0002915660549575553
CentroidX: 0.3672
CentroidY: 0.6781
