Location: Handwritten_2025-04-16_190734-1.png_Otsu.png
Component: component_1744835255530_440.png
centerX: 0.3297997644287397
centerY: 0.6320068463842533
width: 0.024146054181389872
height: 0.02866923406076166
Area: 0.00019051334273803962
CentroidX: 0.3428
CentroidY: 0.6452
