Location: 2025-04-16_190755-1.png_Gaussian-Closing.png
Component: component_1744835256074_437.png
centerX: 0.7208480565371025
centerY: 0.8609328198545143
width: 0.026501766784452298
height: 0.02995293110825845
Area: 0.00030895417750904307
CentroidX: 0.7338
CentroidY: 0.8735
