Location: 2025-04-16_190850-1.png_Otsu.png
Component: component_1744835256168_272.png
centerX: 0.26325088339222613
centerY: 0.4809584937954643
width: 0.028268551236749116
height: 0.032520325203252036
Area: 0.00023763767487033248
CentroidX: 0.2762
CentroidY: 0.4958
