Location: 2025-04-16_190850-1.png_Otsu.png
Component: component_1744835256162_242.png
centerX: 0.06065959952885748
centerY: 0.44330338040222506
width: 0.02120141342756184
height: 0.028241335044929396
Area: 0.00022780960560210027
CentroidX: 0.0714
CentroidY: 0.4554
