Location: 2025-04-16_190850-1.png_Otsu.png
Component: component_1744835256179_350.png
centerX: 0.9393404004711425
centerY: 0.5819426615318785
width: 0.024734982332155476
height: 0.02738553701326487
Area: 0.0002210055576471703
CentroidX: 0.9509
CentroidY: 0.5932
