Location: Handwritten_2025-04-16_190734-1.png_Otsu.png
Component: component_1744835255483_121.png
centerX: 0.7544169611307421
centerY: 0.15447154471544716
width: 0.024734982332155476
height: 0.02738553701326487
Area: 0.00023486565533313878
CentroidX: 0.7658
CentroidY: 0.1653
