Location: 2025-04-16_190850-1.png_Gaussian-Closing.png
Component: component_1744835255776_144.png
centerX: 0.8121319199057715
centerY: 0.2935387248609328
width: 0.027090694935217905
height: 0.026529738981600343
Area: 0.00030013411534524493
CentroidX: 0.8247
CentroidY: 0.3050
