Location: Handwritten_2025-04-16_190734-1.png_Otsu.png
Component: component_1744835255551_731.png
centerX: 0.8486454652532391
centerY: 0.8125802310654685
width: 0.024734982332155476
height: 0.02866923406076166
Area: 0.00020890947239396142
CentroidX: 0.8602
CentroidY: 0.8248
