Location: 2025-04-16_190850-1.png_Gaussian-Closing.png
Component: component_1744835255922_474.png
centerX: 0.8027090694935218
centerY: 0.9311082584510055
width: 0.030624263839811542
height: 0.02995293110825845
Area: 0.00036464657002902555
CentroidX: 0.8184
CentroidY: 0.9454
