Location: 2025-04-16_190850-1.png_Otsu.png
Component: component_1744835256169_281.png
centerX: 0.014134275618374558
centerY: 0.4848095849379546
width: 0.028857479387514724
height: 0.03209242618741977
Area: 0.0002703979057644398
CentroidX: 0.0291
CentroidY: 0.4982
