Location: 2025-04-16_190850-1.png_Otsu.png
Component: component_1744835256114_33.png
centerX: 0.3333333333333333
centerY: 0.05348737697903295
width: 0.02944640753828033
height: 0.02866923406076166
Area: 0.00026082183827231615
CentroidX: 0.3488
CentroidY: 0.0648
