Location: 2025-04-16_190850-1.png_Otsu.png
Component: component_1744835256144_141.png
centerX: 0.30918727915194344
centerY: 0.2687205819426615
width: 0.028857479387514724
height: 0.026529738981600343
Area: 0.00031449821658343047
CentroidX: 0.3228
CentroidY: 0.2803
