Location: 2025-04-16_190850-1.png_Otsu.png
Component: component_1744835256181_381.png
centerX: 0.5053003533568905
centerY: 0.6131792896876337
width: 0.023557126030624265
height: 0.02995293110825845
Area: 0.00023562166066146435
CentroidX: 0.5166
CentroidY: 0.6261
