Location: easy16_Gaussian-Median.png
Component: component_1744297381897_1125.png
centerX: 0.2661290322580645
centerY: 0.7787356321839081
width: 0.021774193548387097
height: 0.020114942528735632
Area: 0.0001568100358422939
CentroidX: 0.2763
CentroidY: 0.7863
