Location: 2025-04-16_190850-1.png_Gaussian-Closing.png
Component: component_1744835255796_206.png
centerX: 0.014723203769140165
centerY: 0.40136927685066326
width: 0.026501766784452298
height: 0.03123662815575524
Area: 0.00028451000522651684
CentroidX: 0.0270
CentroidY: 0.4152
