Location: 2025-04-16_190850-1.png_Gaussian-Closing.png
Component: component_1744835255605_9.png
centerX: 0.45111896348645464
centerY: 0.007702182284980745
width: 0.028268551236749116
height: 0.03936670945656825
Area: 0.0003772466588344515
CentroidX: 0.4657
CentroidY: 0.0221
