Location: Handwritten_2025-04-16_190734-1.png_Otsu.png
Component: component_1744835255500_233.png
centerX: 0.303886925795053
centerY: 0.31878476679503637
width: 0.024734982332155476
height: 0.02781343602909713
Area: 0.00020034141200627183
CentroidX: 0.3164
CentroidY: 0.3311
