Location: Handwritten_2025-04-16_190734-1.png_Otsu.png
Component: component_1744835255472_63.png
centerX: 0.9028268551236749
centerY: 0.06718014548566538
width: 0.023557126030624265
height: 0.024390243902439025
Area: 0.00022428158073658103
CentroidX: 0.9138
CentroidY: 0.0776
