Location: Handwritten_2025-04-16_190734-1.png_Otsu.png
Component: component_1744835255486_142.png
centerX: 0.5924617196702002
centerY: 0.1985451433461703
width: 0.030035335689045935
height: 0.029097133076593923
Area: 0.0002590578258395565
CentroidX: 0.6063
CentroidY: 0.2117
