Location: 2025-04-16_190850-1.png_Gaussian-Closing.png
Component: component_1744835255821_233.png
centerX: 0.8975265017667845
centerY: 0.45057766367137353
width: 0.02767962308598351
height: 0.03337612323491656
Area: 0.00030139412422578756
CentroidX: 0.9119
CentroidY: 0.4672
