Location: 2025-04-16_190850-1.png_Otsu.png
Component: component_1744835256193_537.png
centerX: 0.9216725559481743
centerY: 0.7419768934531451
width: 0.028268551236749116
height: 0.03123662815575524
Area: 0.0003122302005984538
CentroidX: 0.9352
CentroidY: 0.7543
