Location: Handwritten_2025-04-16_190734-1.png_Otsu.png
Component: component_1744835255514_337.png
centerX: 0.1166077738515901
centerY: 0.4557124518613607
width: 0.024146054181389872
height: 0.029525032092426188
Area: 0.00019202535339469073
CentroidX: 0.1271
CentroidY: 0.4692
