Location: 2025-04-16_190755-1.png_Gaussian-Closing.png
Component: component_1744835255964_40.png
centerX: 0.7714958775029447
centerY: 0.015832263585793753
width: 0.030035335689045935
height: 0.03123662815575524
Area: 0.0004072348701913651
CentroidX: 0.7863
CentroidY: 0.0297
