Location: 2025-04-16_190850-1.png_Gaussian-Closing.png
Component: component_1744835255734_99.png
centerX: 0.8987043580683156
centerY: 0.20453572956782198
width: 0.034746760895170786
height: 0.02995293110825845
Area: 0.00042437099096674435
CentroidX: 0.9162
CentroidY: 0.2174
