Location: 2025-04-16_190850-1.png_Gaussian-Closing.png
Component: component_1744835255885_379.png
centerX: 0.7449941107184923
centerY: 0.7509627727856226
width: 0.028857479387514724
height: 0.028241335044929396
Area: 0.0003218062680905775
CentroidX: 0.7589
CentroidY: 0.7626
