Location: 2025-04-16_190850-1.png_Otsu.png
Component: component_1744835256200_598.png
centerX: 0.8309776207302709
centerY: 0.8463842533162174
width: 0.027090694935217905
height: 0.030380830124090714
Area: 0.00032231027164279454
CentroidX: 0.8433
CentroidY: 0.8600
