Location: 2025-04-16_190850-1.png_Otsu.png
Component: component_1744835256160_226.png
centerX: 0.5859835100117785
centerY: 0.4313222079589217
width: 0.027090694935217905
height: 0.02866923406076166
Area: 0.00022806160737820881
CentroidX: 0.5989
CentroidY: 0.4431
