Location: 2025-04-16_190850-1.png_Otsu.png
Component: component_1744835256109_4.png
centerX: 0.23439340400471143
centerY: 0.007702182284980745
width: 0.027090694935217905
height: 0.025246041934103552
Area: 0.00026812988977946314
CentroidX: 0.2478
CentroidY: 0.0183
