Location: Handwritten_2025-04-16_190734-1.png_Otsu.png
Component: component_1744835255531_444.png
centerX: 0.032391048292108364
centerY: 0.6337184424475824
width: 0.021790341578327443
height: 0.028241335044929396
Area: 0.00021016948127450401
CentroidX: 0.0434
CentroidY: 0.6472
