Location: Handwritten_2025-04-16_190734-1.png_Otsu.png
Component: component_1744835255543_568.png
centerX: 0.40223792697290933
centerY: 0.7244330338040222
width: 0.023557126030624265
height: 0.025246041934103552
Area: 0.00013381294311362306
CentroidX: 0.4127
CentroidY: 0.7352
