Location: 2025-04-16_190850-1.png_Otsu.png
Component: component_1744835256128_103.png
centerX: 0.8280329799764429
centerY: 0.20710312366281558
width: 0.030035335689045935
height: 0.02866923406076166
Area: 0.0003475104492536463
CentroidX: 0.8426
CentroidY: 0.2195
