Location: Handwritten_2025-04-16_190734-1.png_Otsu.png
Component: component_1744835255531_445.png
centerX: 0.2408716136631331
centerY: 0.6337184424475824
width: 0.025323910482921083
height: 0.028241335044929396
Area: 0.0001859773107680863
CentroidX: 0.2529
CentroidY: 0.6467
