Location: 2025-04-16_190850-1.png_Gaussian-Closing.png
Component: component_1744835255780_154.png
centerX: 0.38810365135453473
centerY: 0.3110825845100556
width: 0.028268551236749116
height: 0.02866923406076166
Area: 0.00033213834091102673
CentroidX: 0.4015
CentroidY: 0.3242
