Location: Handwritten_2025-04-16_190734-1.png_Otsu.png
Component: component_1744835255557_833.png
centerX: 0.5777385159010601
centerY: 0.8694908001711597
width: 0.027090694935217905
height: 0.029097133076593923
Area: 0.0002152095167966744
CentroidX: 0.5916
CentroidY: 0.8820
