Location: 2025-04-16_190850-1.png_Gaussian-Closing.png
Component: component_1744835255927_486.png
centerX: 0.251472320376914
centerY: 0.9687633718442448
width: 0.028268551236749116
height: 0.026529738981600343
Area: 0.0003311303338065927
CentroidX: 0.2651
CentroidY: 0.9798
