Location: 2025-04-16_190755-1.png_Gaussian-Closing.png
Component: component_1744835256073_430.png
centerX: 0.30153121319199055
centerY: 0.8596491228070176
width: 0.024146054181389872
height: 0.03423192126658109
Area: 0.000321554266314469
CentroidX: 0.3137
CentroidY: 0.8751
