Location: 2025-04-16_190850-1.png_Gaussian-Closing.png
Component: component_1744835255740_108.png
centerX: 0.48468786808009423
centerY: 0.220795892169448
width: 0.03121319199057715
height: 0.02610183996576808
Area: 0.00035179447944749115
CentroidX: 0.5003
CentroidY: 0.2320
