Location: 2025-04-16_190850-1.png_Gaussian-Closing.png
Component: component_1744835255718_91.png
centerX: 0.014134275618374558
centerY: 0.1844244758237056
width: 0.028857479387514724
height: 0.029525032092426188
Area: 0.0002918180567336639
CentroidX: 0.0284
CentroidY: 0.1968
