Location: Handwritten_2025-04-16_190734-1.png_Otsu.png
Component: component_1744835255553_742.png
centerX: 0.23792697290930506
centerY: 0.8168592212237912
width: 0.027090694935217905
height: 0.029097133076593923
Area: 0.00016102913493334302
CentroidX: 0.2517
CentroidY: 0.8279
