Location: 2025-04-16_190850-1.png_Gaussian-Closing.png
Component: component_1744835255855_322.png
centerX: 0.9216725559481743
centerY: 0.6234488660676081
width: 0.02767962308598351
height: 0.03508771929824561
Area: 0.0002698939022122228
CentroidX: 0.9353
CentroidY: 0.6398
