Location: 2025-04-16_190850-1.png_Otsu.png
Component: component_1744835256213_647.png
centerX: 0.2950530035335689
centerY: 0.9302524604193411
width: 0.025323910482921083
height: 0.02610183996576808
Area: 0.0002829979945698657
CentroidX: 0.3079
CentroidY: 0.9425
