Location: 2025-04-16_190755-1.png_Gaussian-Closing.png
Component: component_1744835255995_146.png
centerX: 0.7438162544169611
centerY: 0.26144629867351304
width: 0.02944640753828033
height: 0.03080872913992298
Area: 0.00043974309930936394
CentroidX: 0.7588
CentroidY: 0.2749
