Location: 2025-04-16_190850-1.png_Gaussian-Closing.png
Component: component_1744835255890_391.png
centerX: 0.0624263839811543
centerY: 0.771074026529739
width: 0.023557126030624265
height: 0.02610183996576808
Area: 0.00021495751502056588
CentroidX: 0.0735
CentroidY: 0.7821
