Location: easy16_Gaussian-Median.png
Component: component_1744297381869_965.png
centerX: 0.38225806451612904
centerY: 0.6882183908045977
width: 0.021774193548387097
height: 0.021551724137931036
Area: 0.000160672351996045
CentroidX: 0.3923
CentroidY: 0.6960
