Location: Handwritten_2025-04-16_190734-1.png_Otsu.png
Component: component_1744835255486_143.png
centerX: 0.6366313309776207
centerY: 0.1985451433461703
width: 0.024146054181389872
height: 0.02866923406076166
Area: 0.00023007762158707695
CentroidX: 0.6477
CentroidY: 0.2108
