Location: 2025-04-16_190850-1.png_Otsu.png
Component: component_1744835256218_676.png
centerX: 0.8869257950530035
centerY: 0.9709028669234061
width: 0.03297997644287397
height: 0.02781343602909713
Area: 0.00035607850964133593
CentroidX: 0.9031
CentroidY: 0.9823
