Location: easy26_Mean-Closing.png
Component: component_1744297382171_990.png
centerX: 0.8629032258064516
centerY: 0.7701149425287356
width: 0.021774193548387097
height: 0.0210727969348659
Area: 0.0001711006056111729
CentroidX: 0.8736
CentroidY: 0.7778
