Location: 2025-04-16_190850-1.png_Gaussian-Closing.png
Component: component_1744835255710_83.png
centerX: 0.682567726737338
centerY: 0.17201540436456997
width: 0.030624263839811542
height: 0.0329482242190843
Area: 0.0004039588471019544
CentroidX: 0.6969
CentroidY: 0.1861
