Location: Handwritten_2025-04-16_190734-1.png_Otsu.png
Component: component_1744835255514_338.png
centerX: 0.07361601884570082
centerY: 0.45656824989302525
width: 0.023557126030624265
height: 0.03380402225074882
Area: 0.00020487744397622515
CentroidX: 0.0853
CentroidY: 0.4716
