Location: 2025-04-16_190755-1.png_Gaussian-Closing.png
Component: component_1744835256042_319.png
centerX: 0.9275618374558304
centerY: 0.6290115532734275
width: 0.030035335689045935
height: 0.02738553701326487
Area: 0.00036011053805907225
CentroidX: 0.9422
CentroidY: 0.6416
