Location: Handwritten_2025-04-16_190734-1.png_Otsu.png
Component: component_1744835255546_663.png
centerX: 0.7573616018845701
centerY: 0.772785622593068
width: 0.028857479387514724
height: 0.029097133076593923
Area: 0.0001607771331572345
CentroidX: 0.7715
CentroidY: 0.7863
