Location: 2025-04-16_190850-1.png_Gaussian-Closing.png
Component: component_1744835255903_439.png
centerX: 0.7520612485276796
centerY: 0.887890457851947
width: 0.028857479387514724
height: 0.03123662815575524
Area: 0.00038153068902829627
CentroidX: 0.7660
CentroidY: 0.9018
