Location: 2025-04-16_190755-1.png_Gaussian-Closing.png
Component: component_1744835255987_120.png
centerX: 0.09540636042402827
centerY: 0.17843388960205392
width: 0.03297997644287397
height: 0.028241335044929396
Area: 0.00043268704957832545
CentroidX: 0.1131
CentroidY: 0.1899
