Location: 2025-04-16_190755-1.png_Gaussian-Closing.png
Component: component_1744835256059_369.png
centerX: 0.7585394581861012
centerY: 0.7317073170731707
width: 0.02944640753828033
height: 0.029097133076593923
Area: 0.0003260902982844223
CentroidX: 0.7726
CentroidY: 0.7428
