Location: 2025-04-16_190755-1.png_Gaussian-Closing.png
Component: component_1744835256051_349.png
centerX: 0.4799764428739694
centerY: 0.6974753958065897
width: 0.028268551236749116
height: 0.031664527171587506
Area: 0.00033213834091102673
CentroidX: 0.4932
CentroidY: 0.7111
