Location: Handwritten_2025-04-16_190734-1.png_Otsu.png
Component: component_1744835255523_383.png
centerX: 0.07243816254416961
centerY: 0.5507060333761232
width: 0.024734982332155476
height: 0.026957637997432605
Area: 0.00018244928590256703
CentroidX: 0.0837
CentroidY: 0.5627
