Location: 2025-04-16_190755-1.png_Gaussian-Closing.png
Component: component_1744835256026_243.png
centerX: 0.05594817432273263
centerY: 0.4972186563970903
width: 0.024734982332155476
height: 0.037655113393239195
Area: 0.0003807746836999707
CentroidX: 0.0677
CentroidY: 0.5146
