Location: 2025-04-16_190755-1.png_Gaussian-Closing.png
Component: component_1744835256069_413.png
centerX: 0.05830388692579505
centerY: 0.8258451005562687
width: 0.02944640753828033
height: 0.03209242618741977
Area: 0.00036842659667065336
CentroidX: 0.0722
CentroidY: 0.8400
