Location: 2025-04-16_190850-1.png_Gaussian-Closing.png
Component: component_1744835255893_401.png
centerX: 0.7002355712603062
centerY: 0.7881899871630296
width: 0.030035335689045935
height: 0.02781343602909713
Area: 0.00031727023612062417
CentroidX: 0.7152
CentroidY: 0.8006
