Location: 2025-04-16_190850-1.png_Otsu.png
Component: component_1744835256157_208.png
centerX: 0.2232037691401649
centerY: 0.39880188275566963
width: 0.027090694935217905
height: 0.024818142918271287
Area: 0.00024948175834743283
CentroidX: 0.2366
CentroidY: 0.4091
