Location: Handwritten_2025-04-16_190734-1.png_Otsu.png
Component: component_1744835255500_235.png
centerX: 0.02944640753828033
centerY: 0.3200684638425332
width: 0.023557126030624265
height: 0.02866923406076166
Area: 0.00022932161625875138
CentroidX: 0.0414
CentroidY: 0.3342
