Location: 2025-04-16_190755-1.png_Gaussian-Closing.png
Component: component_1744835256077_452.png
centerX: 0.7697290930506479
centerY: 0.9011553273427471
width: 0.022968197879858657
height: 0.03465982028241335
Area: 0.0002840060016742998
CentroidX: 0.7806
CentroidY: 0.9166
