Location: 2025-04-16_190850-1.png_Gaussian-Closing.png
Component: component_1744835255869_342.png
centerX: 0.47820965842167257
centerY: 0.6546854942233633
width: 0.03356890459363958
height: 0.03080872913992298
Area: 0.00031399421303121344
CentroidX: 0.4949
CentroidY: 0.6692
