Location: 2025-04-16_190850-1.png_Otsu.png
Component: component_1744835256182_394.png
centerX: 0.2667844522968198
centerY: 0.6243046640992725
width: 0.027090694935217905
height: 0.03209242618741977
Area: 0.0002545217938696032
CentroidX: 0.2794
CentroidY: 0.6392
