Location: 2025-04-16_190850-1.png_Gaussian-Closing.png
Component: component_1744835255838_296.png
centerX: 0.37809187279151946
centerY: 0.5768078733418913
width: 0.024146054181389872
height: 0.025246041934103552
Area: 0.00021344550436391477
CentroidX: 0.3899
CentroidY: 0.5884
