Location: Handwritten_2025-04-16_190734-1.png_Otsu.png
Component: component_1744835255473_67.png
centerX: 0.7838633686690224
centerY: 0.06760804450149764
width: 0.02767962308598351
height: 0.029525032092426188
Area: 0.0002703979057644398
CentroidX: 0.7970
CentroidY: 0.0794
