Location: easy16_Gaussian-Median.png
Component: component_1744297381790_541.png
centerX: 0.27983870967741936
centerY: 0.35919540229885055
width: 0.02258064516129032
height: 0.0210727969348659
Area: 0.00016028612038066989
CentroidX: 0.2906
CentroidY: 0.3671
