Location: Handwritten_2025-04-16_190734-1.png_Otsu.png
Component: component_1744835255485_139.png
centerX: 0.025323910482921083
centerY: 0.19897304236200256
width: 0.028857479387514724
height: 0.030380830124090714
Area: 0.00025502579742182023
CentroidX: 0.0399
CentroidY: 0.2131
