Location: Handwritten_2025-04-16_190734-1.png_Otsu.png
Component: component_1744835255477_91.png
centerX: 0.5736160188457008
centerY: 0.10611895592640137
width: 0.023557126030624265
height: 0.022250748823277707
Area: 0.00020916147417006996
CentroidX: 0.5851
CentroidY: 0.1156
