Location: 2025-04-16_190755-1.png_Gaussian-Closing.png
Component: component_1744835256019_231.png
centerX: 0.14487632508833923
centerY: 0.45742404792468977
width: 0.02767962308598351
height: 0.02866923406076166
Area: 0.0003394463924181738
CentroidX: 0.1585
CentroidY: 0.4701
