Location: 2025-04-16_190850-1.png_Otsu.png
Component: component_1744835256172_301.png
centerX: 0.5836277974087162
centerY: 0.5143346170303809
width: 0.027090694935217905
height: 0.03080872913992298
Area: 0.00019378936582745035
CentroidX: 0.5967
CentroidY: 0.5281
