Location: 2025-04-16_190755-1.png_Gaussian-Closing.png
Component: component_1744835256002_166.png
centerX: 0.532979976442874
centerY: 0.314933675652546
width: 0.02767962308598351
height: 0.031664527171587506
Area: 0.00038707472810268367
CentroidX: 0.5460
CentroidY: 0.3289
