Location: Handwritten_2025-04-16_190734-1.png_Otsu.png
Component: component_1744835255538_503.png
centerX: 0.806831566548881
centerY: 0.6795036371416345
width: 0.020023557126030624
height: 0.026957637997432605
Area: 0.00016531316512718782
CentroidX: 0.8168
CentroidY: 0.6907
