Location: 2025-04-16_190850-1.png_Otsu.png
Component: component_1744835256117_47.png
centerX: 0.6130742049469965
centerY: 0.09670517757809156
width: 0.025323910482921083
height: 0.02995293110825845
Area: 0.00023058162513929398
CentroidX: 0.6255
CentroidY: 0.1095
