Location: 2025-04-16_190850-1.png_Gaussian-Closing.png
Component: component_1744835255791_185.png
centerX: 0.04946996466431095
centerY: 0.363714163457424
width: 0.02944640753828033
height: 0.02738553701326487
Area: 0.0003132382077028879
CentroidX: 0.0642
CentroidY: 0.3763
