Location: 2025-04-16_190755-1.png_Gaussian-Closing.png
Component: component_1744835256036_292.png
centerX: 0.624263839811543
centerY: 0.5883611467693625
width: 0.028268551236749116
height: 0.031664527171587506
Area: 0.0003593545327307467
CentroidX: 0.6377
CentroidY: 0.6013
