Location: 2025-04-16_190755-1.png_Gaussian-Closing.png
Component: component_1744835256014_214.png
centerX: 0.19905771495877503
centerY: 0.4159178433889602
width: 0.024734982332155476
height: 0.026957637997432605
Area: 0.00032558629473220527
CentroidX: 0.2110
CentroidY: 0.4276
