Location: 2025-04-16_190850-1.png_Gaussian-Closing.png
Component: component_1744835255894_406.png
centerX: 0.4705535924617197
centerY: 0.7971758664955071
width: 0.03297997644287397
height: 0.025673940949935817
Area: 0.00032256227341890306
CentroidX: 0.4862
CentroidY: 0.8081
