Location: 2025-04-16_190850-1.png_Gaussian-Closing.png
Component: component_1744835255841_306.png
centerX: 0.09599528857479388
centerY: 0.5849379546427044
width: 0.028857479387514724
height: 0.025673940949935817
Area: 0.0002419217050641773
CentroidX: 0.1115
CentroidY: 0.5962
