Location: 2025-04-16_190850-1.png_Gaussian-Closing.png
Component: component_1744835255826_250.png
centerX: 0.18080094228504123
centerY: 0.4818142918271288
width: 0.028268551236749116
height: 0.02995293110825845
Area: 0.0002855180123309509
CentroidX: 0.1936
CentroidY: 0.4946
