Location: Handwritten_2025-04-16_190734-1.png_Otsu.png
Component: component_1744835255547_668.png
centerX: 0.19434628975265017
centerY: 0.7757809157038938
width: 0.022968197879858657
height: 0.026529738981600343
Area: 0.00010684875307001164
CentroidX: 0.2051
CentroidY: 0.7876
