Location: 2025-04-16_190850-1.png_Otsu.png
Component: component_1744835256161_238.png
centerX: 0.34452296819787986
centerY: 0.4411638853230638
width: 0.02944640753828033
height: 0.024390243902439025
Area: 0.00020916147417006996
CentroidX: 0.3589
CentroidY: 0.4514
