Location: 2025-04-16_190755-1.png_Gaussian-Closing.png
Component: component_1744835256032_269.png
centerX: 0.5789163722025913
centerY: 0.5455712451861361
width: 0.028268551236749116
height: 0.030380830124090714
Area: 0.0003480144528058634
CentroidX: 0.5930
CentroidY: 0.5578
