Location: 2025-04-16_190755-1.png_Gaussian-Closing.png
Component: component_1744835256037_297.png
centerX: 0.9287396937573617
centerY: 0.5900727428326915
width: 0.03121319199057715
height: 0.030380830124090714
Area: 0.00036464657002902555
CentroidX: 0.9436
CentroidY: 0.6031
