Location: 2025-04-16_190755-1.png_Gaussian-Closing.png
Component: component_1744835256024_237.png
centerX: 0.05653710247349823
centerY: 0.4595635430038511
width: 0.02237926972909305
height: 0.029097133076593923
Area: 0.0003109701917179112
CentroidX: 0.0679
CentroidY: 0.4729
