Location: Handwritten_2025-04-16_190734-1.png_Otsu.png
Component: component_1744835255565_988.png
centerX: 0.6672555948174322
centerY: 0.9525032092426188
width: 0.024734982332155476
height: 0.03123662815575524
Area: 0.00013708896620303379
CentroidX: 0.6776
CentroidY: 0.9665
