Location: Handwritten_2025-04-16_190734-1.png_Otsu.png
Component: component_1744835255522_380.png
centerX: 0.4075382803297998
centerY: 0.5481386392811296
width: 0.024734982332155476
height: 0.029525032092426188
Area: 0.00020034141200627183
CentroidX: 0.4196
CentroidY: 0.5610
