Location: 2025-04-16_190850-1.png_Gaussian-Closing.png
Component: component_1744835255711_84.png
centerX: 0.7220259128386337
centerY: 0.17201540436456997
width: 0.026501766784452298
height: 0.03423192126658109
Area: 0.00038959474586376886
CentroidX: 0.7347
CentroidY: 0.1867
