Location: 2025-04-16_190755-1.png_Gaussian-Closing.png
Component: component_1744835256062_379.png
centerX: 0.14723203769140164
centerY: 0.7355584082156611
width: 0.023557126030624265
height: 0.029525032092426188
Area: 0.0002829979945698657
CentroidX: 0.1589
CentroidY: 0.7487
