Location: 2025-04-16_190850-1.png_Gaussian-Closing.png
Component: component_1744835255783_164.png
centerX: 0.8515901060070671
centerY: 0.32734274711168165
width: 0.024734982332155476
height: 0.031664527171587506
Area: 0.0002925740620619894
CentroidX: 0.8633
CentroidY: 0.3410
