Location: 2025-04-16_190850-1.png_Otsu.png
Component: component_1744835256179_354.png
centerX: 0.8763250883392226
centerY: 0.5845100556268721
width: 0.028268551236749116
height: 0.02995293110825845
Area: 0.00024040969440752619
CentroidX: 0.8902
CentroidY: 0.5972
