Location: 2025-04-16_190755-1.png_Gaussian-Closing.png
Component: component_1744835256064_385.png
centerX: 0.5347467608951708
centerY: 0.7809157038938811
width: 0.027090694935217905
height: 0.036799315361574665
Area: 0.000342974417283693
CentroidX: 0.5470
CentroidY: 0.7970
