Location: 2025-04-16_190755-1.png_Gaussian-Closing.png
Component: component_1744835256059_368.png
centerX: 0.5736160188457008
centerY: 0.7312794180573384
width: 0.022968197879858657
height: 0.032520325203252036
Area: 0.0003046701473151983
CentroidX: 0.5848
CentroidY: 0.7442
