Location: 2025-04-16_190755-1.png_Gaussian-Closing.png
Component: component_1744835256043_327.png
centerX: 0.4287396937573616
centerY: 0.6593923833975182
width: 0.02767962308598351
height: 0.02995293110825845
Area: 0.00033768237998541413
CentroidX: 0.4430
CentroidY: 0.6714
