Location: 2025-04-16_190850-1.png_Otsu.png
Component: component_1744835256110_13.png
centerX: 0.1413427561837456
centerY: 0.008985879332477536
width: 0.02767962308598351
height: 0.02866923406076166
Area: 0.0002814859839132146
CentroidX: 0.1550
CentroidY: 0.0204
