Location: Handwritten_2025-04-16_190734-1.png_Otsu.png
Component: component_1744835255561_915.png
centerX: 0.8244994110718492
centerY: 0.9088575096277278
width: 0.025323910482921083
height: 0.029097133076593923
Area: 0.0001804332716936989
CentroidX: 0.8368
CentroidY: 0.9202
