Location: 2025-04-16_190755-1.png_Gaussian-Closing.png
Component: component_1744835255973_78.png
centerX: 0.49646643109540634
centerY: 0.09157038938810441
width: 0.028268551236749116
height: 0.029525032092426188
Area: 0.000385310715669924
CentroidX: 0.5105
CentroidY: 0.1037
