Location: 2025-04-16_190850-1.png_Gaussian-Closing.png
Component: component_1744835255795_201.png
centerX: 0.3580683156654888
centerY: 0.3970902866923406
width: 0.030035335689045935
height: 0.02781343602909713
Area: 0.00027644594839104425
CentroidX: 0.3726
CentroidY: 0.4086
