Location: 2025-04-16_190850-1.png_Otsu.png
Component: component_1744835256193_524.png
centerX: 0.19434628975265017
centerY: 0.7270004278990159
width: 0.022968197879858657
height: 0.032520325203252036
Area: 0.00020916147417006996
CentroidX: 0.2062
CentroidY: 0.7410
