Location: 2025-04-16_190850-1.png_Otsu.png
Component: component_1744835256119_57.png
centerX: 0.23557126030624265
centerY: 0.10440735986307231
width: 0.027090694935217905
height: 0.023106546854942234
Area: 0.00021495751502056588
CentroidX: 0.2500
CentroidY: 0.1145
