Location: 2025-04-16_190850-1.png_Otsu.png
Component: component_1744835256201_604.png
centerX: 0.47290930506478207
centerY: 0.8485237483953787
width: 0.02591283863368669
height: 0.029097133076593923
Area: 0.000294338074494749
CentroidX: 0.4858
CentroidY: 0.8628
