Location: 2025-04-16_190755-1.png_Gaussian-Closing.png
Component: component_1744835255963_37.png
centerX: 0.3392226148409894
centerY: 0.01540436456996149
width: 0.030035335689045935
height: 0.03423192126658109
Area: 0.00039715479914702437
CentroidX: 0.3539
CentroidY: 0.0300
