Location: 2025-04-16_190755-1.png_Gaussian-Closing.png
Component: component_1744835255966_52.png
centerX: 0.6083627797408716
centerY: 0.05348737697903295
width: 0.03415783274440518
height: 0.032520325203252036
Area: 0.00045335119521922393
CentroidX: 0.6251
CentroidY: 0.0669
