Location: 2025-04-16_190755-1.png_Gaussian-Closing.png
Component: component_1744835256051_350.png
centerX: 0.7538280329799765
centerY: 0.6979032948224219
width: 0.028268551236749116
height: 0.030380830124090714
Area: 0.0003132382077028879
CentroidX: 0.7679
CentroidY: 0.7111
