Location: 2025-04-16_190850-1.png_Gaussian-Closing.png
Component: component_1744835255819_228.png
centerX: 0.14075382803297998
centerY: 0.4420196833547283
width: 0.021790341578327443
height: 0.02866923406076166
Area: 0.00023486565533313878
CentroidX: 0.1509
CentroidY: 0.4544
