Location: Handwritten_2025-04-16_190734-1.png_Otsu.png
Component: component_1744835255465_34.png
centerX: 0.5742049469964664
centerY: 0.012836970474967908
width: 0.02591283863368669
height: 0.02781343602909713
Area: 0.00024040969440752619
CentroidX: 0.5862
CentroidY: 0.0249
