Location: Handwritten_2025-04-16_190734-1.png_Otsu.png
Component: component_1744835255522_381.png
centerX: 0.034746760895170786
centerY: 0.5485665382969619
width: 0.023557126030624265
height: 0.03380402225074882
Area: 0.00019933340490183775
CentroidX: 0.0459
CentroidY: 0.5633
