Location: 2025-04-16_190850-1.png_Gaussian-Closing.png
Component: component_1744835255835_284.png
centerX: 0.7850412249705536
centerY: 0.5442875481386393
width: 0.027090694935217905
height: 0.026529738981600343
Area: 0.0002673738844511376
CentroidX: 0.7982
CentroidY: 0.5571
