Location: 2025-04-16_190850-1.png_Gaussian-Closing.png
Component: component_1744835255634_25.png
centerX: 0.767962308598351
centerY: 0.047068891741549
width: 0.028268551236749116
height: 0.02610183996576808
Area: 0.0002640978613617269
CentroidX: 0.7813
CentroidY: 0.0579
