Location: Handwritten_2025-04-16_190734-1.png_Otsu.png
Component: component_1744835255518_360.png
centerX: 0.36808009422850413
centerY: 0.5100556268720582
width: 0.021790341578327443
height: 0.02610183996576808
Area: 0.00016027312960501745
CentroidX: 0.3785
CentroidY: 0.5221
