Location: 2025-04-16_190850-1.png_Gaussian-Closing.png
Component: component_1744835255654_34.png
centerX: 0.45170789163722025
centerY: 0.05605477107402653
width: 0.03121319199057715
height: 0.02610183996576808
Area: 0.000279721971480455
CentroidX: 0.4675
CentroidY: 0.0660
