Location: 2025-04-16_190850-1.png_Otsu.png
Component: component_1744835256210_640.png
centerX: 0.20318021201413428
centerY: 0.9293966623876765
width: 0.023557126030624265
height: 0.03337612323491656
Area: 0.00033491036044822043
CentroidX: 0.2146
CentroidY: 0.9453
