Location: Handwritten_2025-04-16_190734-1.png_Otsu.png
Component: component_1744835255576_1024.png
centerX: 0.04063604240282685
centerY: 0.9619169875909286
width: 0.027090694935217905
height: 0.03508771929824561
Area: 0.00023108562869151103
CentroidX: 0.0544
CentroidY: 0.9787
