Location: 2025-04-16_190850-1.png_Gaussian-Closing.png
Component: component_1744835255780_156.png
centerX: 0.28857479387514723
centerY: 0.31407787762088146
width: 0.03121319199057715
height: 0.029097133076593923
Area: 0.0003553225043130104
CentroidX: 0.3043
CentroidY: 0.3267
