Location: Handwritten_2025-04-16_190734-1.png_Otsu.png
Component: component_1744835255562_927.png
centerX: 0.5406360424028268
centerY: 0.9174154899443732
width: 0.02944640753828033
height: 0.03080872913992298
Area: 0.00019454537115577591
CentroidX: 0.5542
CentroidY: 0.9304
