Location: 2025-04-16_190850-1.png_Otsu.png
Component: component_1744835256117_46.png
centerX: 0.7190812720848057
centerY: 0.0928540864356012
width: 0.023557126030624265
height: 0.02995293110825845
Area: 0.00022125755942327882
CentroidX: 0.7300
CentroidY: 0.1050
