Location: 2025-04-16_190755-1.png_Gaussian-Closing.png
Component: component_1744835256000_155.png
centerX: 0.24499411071849234
centerY: 0.27000427899015833
width: 0.03180212014134275
height: 0.03551561831407788
Area: 0.0004523431881147898
CentroidX: 0.2605
CentroidY: 0.2839
