Location: 2025-04-16_190755-1.png_Gaussian-Closing.png
Component: component_1744835255973_77.png
centerX: 0.2396937573616019
centerY: 0.09157038938810441
width: 0.030035335689045935
height: 0.026957637997432605
Area: 0.00037548264640169184
CentroidX: 0.2546
CentroidY: 0.1024
