Location: Handwritten_2025-04-16_190734-1.png_Otsu.png
Component: component_1744835255542_560.png
centerX: 0.2826855123674912
centerY: 0.7227214377406932
width: 0.023557126030624265
height: 0.029525032092426188
Area: 0.00014742103902348305
CentroidX: 0.2948
CentroidY: 0.7362
