Location: 2025-04-16_190755-1.png_Gaussian-Closing.png
Component: component_1744835256040_310.png
centerX: 0.6672555948174322
centerY: 0.6243046640992725
width: 0.026501766784452298
height: 0.03380402225074882
Area: 0.0003454944350447782
CentroidX: 0.6797
CentroidY: 0.6389
