Location: 2025-04-16_190850-1.png_Gaussian-Closing.png
Component: component_1744835255602_3.png
centerX: 0.23439340400471143
centerY: 0.007274283269148481
width: 0.02767962308598351
height: 0.025673940949935817
Area: 0.00029736209580805123
CentroidX: 0.2479
CentroidY: 0.0183
