Location: Handwritten_2025-04-16_190734-1.png_Otsu.png
Component: component_1744835255556_829.png
centerX: 0.7856301531213192
centerY: 0.8682071031236628
width: 0.02237926972909305
height: 0.03423192126658109
Area: 0.0002139495079161318
CentroidX: 0.7963
CentroidY: 0.8827
