Location: 2025-04-16_190850-1.png_Gaussian-Closing.png
Component: component_1744835255888_388.png
centerX: 0.3309776207302709
centerY: 0.7642276422764228
width: 0.024146054181389872
height: 0.02781343602909713
Area: 0.0002152095167966744
CentroidX: 0.3433
CentroidY: 0.7760
