Location: Handwritten_2025-04-16_190734-1.png_Otsu.png
Component: component_1744835255538_506.png
centerX: 0.2414605418138987
centerY: 0.6812152332049636
width: 0.02591283863368669
height: 0.02866923406076166
Area: 0.0001748892326193115
CentroidX: 0.2529
CentroidY: 0.6934
