Location: Handwritten_2025-04-16_190734-1.png_Otsu.png
Component: component_1744835255499_229.png
centerX: 0.6584216725559482
centerY: 0.31664527171587503
width: 0.023557126030624265
height: 0.030380830124090714
Area: 0.00022982561981096844
CentroidX: 0.6700
CentroidY: 0.3306
