Location: Handwritten_2025-04-16_190734-1.png_Otsu.png
Component: component_1744835255490_167.png
centerX: 0.7455830388692579
centerY: 0.23705605477107403
width: 0.027090694935217905
height: 0.02738553701326487
Area: 0.00022780960560210027
CentroidX: 0.7582
CentroidY: 0.2487
