Location: 2025-04-16_190755-1.png_Gaussian-Closing.png
Component: component_1744835256041_314.png
centerX: 0.7108362779740872
centerY: 0.6268720581942662
width: 0.02944640753828033
height: 0.02995293110825845
Area: 0.0003485184563580804
CentroidX: 0.7251
CentroidY: 0.6397
