Location: 2025-04-16_190850-1.png_Otsu.png
Component: component_1744835256205_615.png
centerX: 0.5630153121319199
centerY: 0.8510911424903723
width: 0.024734982332155476
height: 0.031664527171587506
Area: 0.000293834070942532
CentroidX: 0.5747
CentroidY: 0.8652
