Location: 2025-04-16_190755-1.png_Gaussian-Closing.png
Component: component_1744835256013_208.png
centerX: 0.4334511189634865
centerY: 0.41377834830979887
width: 0.025323910482921083
height: 0.03380402225074882
Area: 0.0003820346925805133
CentroidX: 0.4461
CentroidY: 0.4297
