Location: 2025-04-16_190755-1.png_Gaussian-Closing.png
Component: component_1744835256030_261.png
centerX: 0.3415783274440518
centerY: 0.542148053059478
width: 0.025323910482921083
height: 0.030380830124090714
Area: 0.0003442344261642356
CentroidX: 0.3539
CentroidY: 0.5555
