Location: Handwritten_2025-04-16_190734-1.png_Otsu.png
Component: component_1744835255487_145.png
centerX: 0.5047114252061249
centerY: 0.19940094137783482
width: 0.02767962308598351
height: 0.025246041934103552
Area: 0.0002338576482287047
CentroidX: 0.5179
CentroidY: 0.2103
