Location: Handwritten_2025-04-16_190734-1.png_Otsu.png
Component: component_1744835255532_451.png
centerX: 0.15665488810365136
centerY: 0.6341463414634146
width: 0.030035335689045935
height: 0.031664527171587506
Area: 0.00021596552212499993
CentroidX: 0.1720
CentroidY: 0.6474
