Location: 2025-04-16_190755-1.png_Gaussian-Closing.png
Component: component_1744835256012_203.png
centerX: 0.7173144876325088
centerY: 0.4116388532306376
width: 0.03180212014134275
height: 0.03380402225074882
Area: 0.0004238669874145273
CentroidX: 0.7332
CentroidY: 0.4264
