Location: 2025-04-16_190850-1.png_Otsu.png
Component: component_1744835256164_256.png
centerX: 0.7131919905771495
centerY: 0.4638425331621737
width: 0.024734982332155476
height: 0.02738553701326487
Area: 0.00019706538891686108
CentroidX: 0.7255
CentroidY: 0.4746
