Location: 2025-04-16_190850-1.png_Gaussian-Closing.png
Component: component_1744835255928_490.png
centerX: 0.5265017667844523
centerY: 0.9696191698759092
width: 0.027090694935217905
height: 0.02866923406076166
Area: 0.0003396983941942823
CentroidX: 0.5391
CentroidY: 0.9822
