Location: 2025-04-16_190850-1.png_Otsu.png
Component: component_1744835256200_597.png
centerX: 0.7008244994110718
centerY: 0.8468121523320497
width: 0.025323910482921083
height: 0.02866923406076166
Area: 0.0003230662769711201
CentroidX: 0.7133
CentroidY: 0.8595
