Location: 2025-04-16_190850-1.png_Otsu.png
Component: component_1744835256128_102.png
centerX: 0.8992932862190812
centerY: 0.20496362858365424
width: 0.03415783274440518
height: 0.029525032092426188
Area: 0.00040068282401254366
CentroidX: 0.9161
CentroidY: 0.2174
