Location: 2025-04-16_190850-1.png_Gaussian-Closing.png
Component: component_1744835255704_68.png
centerX: 0.4469964664310954
centerY: 0.13521608900299528
width: 0.025323910482921083
height: 0.029525032092426188
Area: 0.0002686338933316802
CentroidX: 0.4595
CentroidY: 0.1475
