Location: 2025-04-16_190850-1.png_Gaussian-Closing.png
Component: component_1744835255755_131.png
centerX: 0.48939929328621906
centerY: 0.26272999572100986
width: 0.028857479387514724
height: 0.025673940949935817
Area: 0.00033062633025437565
CentroidX: 0.5033
CentroidY: 0.2736
