Location: 2025-04-16_190850-1.png_Gaussian-Closing.png
Component: component_1744835255835_285.png
centerX: 0.8286219081272085
centerY: 0.5442875481386393
width: 0.028857479387514724
height: 0.02610183996576808
Area: 0.0002590578258395565
CentroidX: 0.8429
CentroidY: 0.5550
