Location: 2025-04-16_190850-1.png_Gaussian-Closing.png
Component: component_1744835255884_371.png
centerX: 0.10482921083627797
centerY: 0.7270004278990159
width: 0.026501766784452298
height: 0.036371416345742404
Area: 0.0003346583586721119
CentroidX: 0.1173
CentroidY: 0.7428
