Location: Handwritten_2025-04-16_190734-1.png_Otsu.png
Component: component_1744835255523_386.png
centerX: 0.19905771495877503
centerY: 0.5507060333761232
width: 0.02120141342756184
height: 0.028241335044929396
Area: 0.00018925333385749703
CentroidX: 0.2085
CentroidY: 0.5635
