Location: 2025-04-16_190850-1.png_Otsu.png
Component: component_1744835256112_21.png
centerX: 0.8103651354534747
centerY: 0.044929396662387676
width: 0.02591283863368669
height: 0.031664527171587506
Area: 0.00025552980097403726
CentroidX: 0.8237
CentroidY: 0.0587
