Location: Handwritten_2025-04-16_190734-1.png_Otsu.png
Component: component_1744835255465_33.png
centerX: 0.40636042402826855
centerY: 0.012836970474967908
width: 0.028268551236749116
height: 0.02995293110825845
Area: 0.00025578180275014577
CentroidX: 0.4200
CentroidY: 0.0256
