Location: 2025-04-16_190755-1.png_Gaussian-Closing.png
Component: component_1744835256073_432.png
centerX: 0.5382803297997645
centerY: 0.8596491228070176
width: 0.02767962308598351
height: 0.03423192126658109
Area: 0.00032810631249329046
CentroidX: 0.5516
CentroidY: 0.8744
