Location: Handwritten_2025-04-16_190734-1.png_Otsu.png
Component: component_1744835255481_111.png
centerX: 0.3409893992932862
centerY: 0.1514762516046213
width: 0.027090694935217905
height: 0.028241335044929396
Area: 0.0002507417672279754
CentroidX: 0.3546
CentroidY: 0.1650
