Location: 2025-04-16_190850-1.png_Gaussian-Closing.png
Component: component_1744835255877_348.png
centerX: 0.23792697290930506
centerY: 0.6743688489516474
width: 0.02591283863368669
height: 0.03209242618741977
Area: 0.0002640978613617269
CentroidX: 0.2512
CentroidY: 0.6889
