Location: 2025-04-16_190850-1.png_Gaussian-Closing.png
Component: component_1744835255803_212.png
centerX: 0.8227326266195524
centerY: 0.4201968335472828
width: 0.030035335689045935
height: 0.026529738981600343
Area: 0.00026913789688389725
CentroidX: 0.8363
CentroidY: 0.4319
