Location: Handwritten_2025-04-16_190734-1.png_Otsu.png
Component: component_1744835255497_214.png
centerX: 0.0636042402826855
centerY: 0.2807017543859649
width: 0.028857479387514724
height: 0.029097133076593923
Area: 0.00025275778143684356
CentroidX: 0.0763
CentroidY: 0.2936
