Location: 2025-04-16_190850-1.png_Otsu.png
Component: component_1744835256170_292.png
centerX: 0.8975265017667845
centerY: 0.49893025246041933
width: 0.021790341578327443
height: 0.02781343602909713
Area: 0.00016430515802275374
CentroidX: 0.9069
CentroidY: 0.5102
