Location: 2025-04-16_190850-1.png_Gaussian-Closing.png
Component: component_1744835255879_353.png
centerX: 0.015901060070671377
centerY: 0.6859221223791185
width: 0.02944640753828033
height: 0.024390243902439025
Area: 0.0002492297565713243
CentroidX: 0.0314
CentroidY: 0.6958
