Location: Handwritten_2025-04-16_190734-1.png_Otsu.png
Component: component_1744835255500_237.png
centerX: 0.10836277974087162
centerY: 0.32135216089002994
width: 0.02237926972909305
height: 0.02781343602909713
Area: 0.00018925333385749703
CentroidX: 0.1193
CentroidY: 0.3340
