Location: Handwritten_2025-04-16_190734-1.png_Otsu.png
Component: component_1744835255533_455.png
centerX: 0.0712603062426384
centerY: 0.6358579375267437
width: 0.028857479387514724
height: 0.026529738981600343
Area: 0.0002207535558710618
CentroidX: 0.0848
CentroidY: 0.6484
