Location: Handwritten_2025-04-16_190734-1.png_Otsu.png
Component: component_1744835255530_438.png
centerX: 0.6648998822143698
centerY: 0.6307231493367566
width: 0.024146054181389872
height: 0.026957637997432605
Area: 0.00020462544220011664
CentroidX: 0.6771
CentroidY: 0.6417
