Location: 2025-04-16_190850-1.png_Otsu.png
Component: component_1744835256177_339.png
centerX: 0.5412249705535924
centerY: 0.5669661959777492
width: 0.027090694935217905
height: 0.025246041934103552
Area: 0.00020134941911070588
CentroidX: 0.5553
CentroidY: 0.5776
