Location: 2025-04-16_190755-1.png_Gaussian-Closing.png
Component: component_1744835255974_80.png
centerX: 0.04534746760895171
centerY: 0.09542148053059478
width: 0.028857479387514724
height: 0.028241335044929396
Area: 0.00038934274408766034
CentroidX: 0.0597
CentroidY: 0.1082
