Location: 2025-04-16_190850-1.png_Otsu.png
Component: component_1744835256148_163.png
centerX: 0.18374558303886926
centerY: 0.31750106974753955
width: 0.030035335689045935
height: 0.030380830124090714
Area: 0.00033591836755265454
CentroidX: 0.1995
CentroidY: 0.3315
