Location: Handwritten_2025-04-16_190734-1.png_Otsu.png
Component: component_1744835255558_840.png
centerX: 0.20200235571260305
centerY: 0.8712023962344887
width: 0.02944640753828033
height: 0.020967051775780916
Area: 0.00016884118999270706
CentroidX: 0.2167
CentroidY: 0.8823
