Location: 2025-04-16_190850-1.png_Gaussian-Closing.png
Component: component_1744835255919_469.png
centerX: 0.33627797408716137
centerY: 0.9302524604193411
width: 0.028268551236749116
height: 0.025246041934103552
Area: 0.00032533429295609676
CentroidX: 0.3508
CentroidY: 0.9420
