Location: 2025-04-16_190850-1.png_Otsu.png
Component: component_1744835256158_217.png
centerX: 0.941696113074205
centerY: 0.4184852374839538
width: 0.023557126030624265
height: 0.0329482242190843
Area: 0.00025804981873512245
CentroidX: 0.9523
CentroidY: 0.4311
