Location: Handwritten_2025-04-16_190734-1.png_Otsu.png
Component: component_1744835255498_222.png
centerX: 0.784452296819788
centerY: 0.3153615746683783
width: 0.02061248527679623
height: 0.032520325203252036
Area: 0.00019605738181242702
CentroidX: 0.7940
CentroidY: 0.3298
