Location: 2025-04-16_190850-1.png_Gaussian-Closing.png
Component: component_1744835255885_376.png
centerX: 0.8775029446407538
centerY: 0.7432605905006419
width: 0.03180212014134275
height: 0.029525032092426188
Area: 0.0003482664545819719
CentroidX: 0.8935
CentroidY: 0.7555
