Location: Handwritten_2025-04-16_190734-1.png_Otsu.png
Component: component_1744835255511_321.png
centerX: 0.9057714958775029
centerY: 0.4450149764655541
width: 0.026501766784452298
height: 0.02866923406076166
Area: 0.00018849732852917149
CentroidX: 0.9186
CentroidY: 0.4564
