Location: Handwritten_2025-04-16_190734-1.png_Otsu.png
Component: component_1744835255577_1044.png
centerX: 0.4552414605418139
centerY: 0.9640564826700898
width: 0.025323910482921083
height: 0.014120667522464698
Area: 0.00011516481168159273
CentroidX: 0.4670
CentroidY: 0.9708
