Location: 2025-04-16_190850-1.png_Otsu.png
Component: component_1744835256163_255.png
centerX: 0.7544169611307421
centerY: 0.46127513906718015
width: 0.02591283863368669
height: 0.02738553701326487
Area: 0.00019177335161858221
CentroidX: 0.7664
CentroidY: 0.4729
