Location: 2025-04-16_190850-1.png_Otsu.png
Component: component_1744835256140_131.png
centerX: 0.5789163722025913
centerY: 0.259734702610184
width: 0.030035335689045935
height: 0.02738553701326487
Area: 0.0003238222822994456
CentroidX: 0.5935
CentroidY: 0.2716
