Location: Handwritten_2025-04-16_190734-1.png_Otsu.png
Component: component_1744835255484_134.png
centerX: 0.22732626619552415
centerY: 0.19683354728284125
width: 0.02591283863368669
height: 0.02866923406076166
Area: 0.00022957361803485992
CentroidX: 0.2396
CentroidY: 0.2089
