Location: 2025-04-16_190850-1.png_Gaussian-Closing.png
Component: component_1744835255834_283.png
centerX: 0.8686690223792697
centerY: 0.5387248609328199
width: 0.02591283863368669
height: 0.03123662815575524
Area: 0.0002809819803609976
CentroidX: 0.8816
CentroidY: 0.5537
