Location: 2025-04-16_190850-1.png_Gaussian-Closing.png
Component: component_1744835255867_337.png
centerX: 0.6872791519434629
centerY: 0.6444159178433889
width: 0.02591283863368669
height: 0.029525032092426188
Area: 0.00021873754166219363
CentroidX: 0.7010
CentroidY: 0.6575
