Location: 2025-04-16_190850-1.png_Gaussian-Closing.png
Component: component_1744835255828_259.png
centerX: 0.8586572438162544
centerY: 0.49978605049208386
width: 0.027090694935217905
height: 0.02781343602909713
Area: 0.00023133763046761954
CentroidX: 0.8714
CentroidY: 0.5115
