Location: 2025-04-16_190850-1.png_Otsu.png
Component: component_1744835256191_489.png
centerX: 0.5094228504122497
centerY: 0.709456568249893
width: 0.02767962308598351
height: 0.03209242618741977
Area: 0.00018270128767867557
CentroidX: 0.5221
CentroidY: 0.7243
