Location: 2025-04-16_190850-1.png_Gaussian-Closing.png
Component: component_1744835255880_357.png
centerX: 0.7520612485276796
centerY: 0.7004706889174155
width: 0.027090694935217905
height: 0.0329482242190843
Area: 0.00029559808337529164
CentroidX: 0.7641
CentroidY: 0.7135
