Location: Handwritten_2025-04-16_190734-1.png_Otsu.png
Component: component_1744835255483_124.png
centerX: 0.627208480565371
centerY: 0.15575524176294395
width: 0.026501766784452298
height: 0.024390243902439025
Area: 0.00020790146528952737
CentroidX: 0.6396
CentroidY: 0.1667
