Location: 2025-04-16_190850-1.png_Gaussian-Closing.png
Component: component_1744835255703_67.png
centerX: 0.7608951707891637
centerY: 0.1317928968763372
width: 0.030035335689045935
height: 0.026529738981600343
Area: 0.00027770595727158687
CentroidX: 0.7753
CentroidY: 0.1419
