Location: 2025-04-16_190850-1.png_Otsu.png
Component: component_1744835256125_87.png
centerX: 0.7220259128386337
centerY: 0.17201540436456997
width: 0.026501766784452298
height: 0.03423192126658109
Area: 0.0003664105824617852
CentroidX: 0.7346
CentroidY: 0.1866
