Location: easy16_Gaussian-Median.png
Component: component_1744297381651_58.png
centerX: 0.2403225806451613
centerY: 0.04597701149425287
width: 0.020967741935483872
height: 0.0210727969348659
Area: 0.00015835496230379433
CentroidX: 0.2503
CentroidY: 0.0539
