Location: Handwritten_2025-04-16_190734-1.png_Otsu.png
Component: component_1744835255475_77.png
centerX: 0.14605418138987045
centerY: 0.10355156183140779
width: 0.026501766784452298
height: 0.02781343602909713
Area: 0.0002598138311678821
CentroidX: 0.1599
CentroidY: 0.1155
