Location: 2025-04-16_190755-1.png_Gaussian-Closing.png
Component: component_1744835256065_392.png
centerX: 0.29387514723203767
centerY: 0.7821994009413779
width: 0.02591283863368669
height: 0.03423192126658109
Area: 0.00034121040485093337
CentroidX: 0.3068
CentroidY: 0.7975
