Location: 2025-04-16_190755-1.png_Gaussian-Closing.png
Component: component_1744835256046_340.png
centerX: 0.6224970553592462
centerY: 0.6623876765083441
width: 0.025323910482921083
height: 0.03080872913992298
Area: 0.00033062633025437565
CentroidX: 0.6350
CentroidY: 0.6754
