Location: Handwritten_2025-04-16_190734-1.png_Otsu.png
Component: component_1744835255556_831.png
centerX: 0.44287396937573614
centerY: 0.8699186991869918
width: 0.028268551236749116
height: 0.03380402225074882
Area: 0.00022276957007992993
CentroidX: 0.4562
CentroidY: 0.8836
