Location: 2025-04-16_190755-1.png_Gaussian-Closing.png
Component: component_1744835256078_459.png
centerX: 0.11130742049469965
centerY: 0.9028669234060762
width: 0.02237926972909305
height: 0.03380402225074882
Area: 0.00030164612600189607
CentroidX: 0.1222
CentroidY: 0.9194
