Location: 2025-04-16_190850-1.png_Gaussian-Closing.png
Component: component_1744835255905_446.png
centerX: 0.9199057714958775
centerY: 0.8908857509627728
width: 0.028268551236749116
height: 0.02995293110825845
Area: 0.000356582513193553
CentroidX: 0.9333
CentroidY: 0.9039
