Location: Handwritten_2025-04-16_190734-1.png_Otsu.png
Component: component_1744835255565_990.png
centerX: 0.8309776207302709
centerY: 0.9533590072742832
width: 0.025323910482921083
height: 0.024818142918271287
Area: 0.0001242368756214994
CentroidX: 0.8416
CentroidY: 0.9656
