Location: Handwritten_2025-04-16_190734-1.png_Otsu.png
Component: component_1744835255535_495.png
centerX: 0.7638398115429917
centerY: 0.6786478391099701
width: 0.024734982332155476
height: 0.028241335044929396
Area: 0.0001764012432759626
CentroidX: 0.7753
CentroidY: 0.6910
