Location: 2025-04-16_190850-1.png_Gaussian-Closing.png
Component: component_1744835255832_272.png
centerX: 0.3468786808009423
centerY: 0.5250320924261874
width: 0.024146054181389872
height: 0.02781343602909713
Area: 0.00021873754166219363
CentroidX: 0.3577
CentroidY: 0.5367
