Location: 2025-04-16_190850-1.png_Gaussian-Closing.png
Component: component_1744835255696_49.png
centerX: 0.33981154299175503
centerY: 0.09884467265725289
width: 0.028268551236749116
height: 0.028241335044929396
Area: 0.0002696419004361143
CentroidX: 0.3540
CentroidY: 0.1126
