Location: 2025-04-16_190850-1.png_Otsu.png
Component: component_1744835256154_194.png
centerX: 0.6802120141342756
centerY: 0.38254172015404364
width: 0.025323910482921083
height: 0.03123662815575524
Area: 0.00025527779919792874
CentroidX: 0.6932
CentroidY: 0.3968
