Location: 2025-04-16_190850-1.png_Otsu.png
Component: component_1744835256204_614.png
centerX: 0.428150765606596
centerY: 0.85066324347454
width: 0.02237926972909305
height: 0.026957637997432605
Area: 0.00026384585958561836
CentroidX: 0.4389
CentroidY: 0.8637
