Location: 2025-04-16_190850-1.png_Gaussian-Closing.png
Component: component_1744835255696_48.png
centerX: 0.6130742049469965
centerY: 0.09670517757809156
width: 0.025323910482921083
height: 0.030380830124090714
Area: 0.00027165791464498244
CentroidX: 0.6255
CentroidY: 0.1096
