Location: 2025-04-16_190755-1.png_Gaussian-Closing.png
Component: component_1744835255989_130.png
centerX: 0.28857479387514723
centerY: 0.21437740693196405
width: 0.03769140164899882
height: 0.032520325203252036
Area: 0.0004634312662635646
CentroidX: 0.3071
CentroidY: 0.2284
