Location: Handwritten_2025-04-16_190734-1.png_Otsu.png
Component: component_1744835255551_733.png
centerX: 0.6537102473498233
centerY: 0.8138639281129654
width: 0.026501766784452298
height: 0.02738553701326487
Area: 0.00019227735517079924
CentroidX: 0.6641
CentroidY: 0.8261
