Location: easy16_Gaussian-Median.png
Component: component_1744297381793_560.png
centerX: 0.6887096774193548
centerY: 0.3793103448275862
width: 0.021774193548387097
height: 0.022030651340996167
Area: 0.0001614448152267952
CentroidX: 0.6990
CentroidY: 0.3875
