Location: 2025-04-16_190850-1.png_Gaussian-Closing.png
Component: component_1744835255699_60.png
centerX: 0.931095406360424
centerY: 0.12623020967051776
width: 0.02591283863368669
height: 0.025673940949935817
Area: 0.0002898020425247957
CentroidX: 0.9435
CentroidY: 0.1376
