Location: Handwritten_2025-04-16_190734-1.png_Otsu.png
Component: component_1744835255562_920.png
centerX: 0.6749116607773852
centerY: 0.9127086007702182
width: 0.021790341578327443
height: 0.029097133076593923
Area: 0.00017740925038039668
CentroidX: 0.6853
CentroidY: 0.9252
