Location: 2025-04-16_190850-1.png_Otsu.png
Component: component_1744835256144_145.png
centerX: 0.8857479387514723
centerY: 0.28797603765511337
width: 0.026501766784452298
height: 0.026529738981600343
Area: 0.00027745395549547835
CentroidX: 0.8995
CentroidY: 0.3002
