Location: 2025-04-16_190850-1.png_Gaussian-Closing.png
Component: component_1744835255617_18.png
centerX: 0.8898704358068316
centerY: 0.01069747539580659
width: 0.028268551236749116
height: 0.02610183996576808
Area: 0.0002807299785848891
CentroidX: 0.9038
CentroidY: 0.0213
