Location: Handwritten_2025-04-16_190734-1.png_Otsu.png
Component: component_1744835255526_405.png
centerX: 0.660188457008245
centerY: 0.5836542575952075
width: 0.026501766784452298
height: 0.02866923406076166
Area: 0.000202861429767357
CentroidX: 0.6720
CentroidY: 0.5964
