Location: 2025-04-16_190850-1.png_Otsu.png
Component: component_1744835256178_344.png
centerX: 0.30094228504122494
centerY: 0.5789473684210527
width: 0.023557126030624265
height: 0.028241335044929396
Area: 0.00016959719532103263
CentroidX: 0.3128
CentroidY: 0.5909
