Location: 2025-04-16_190850-1.png_Gaussian-Closing.png
Component: component_1744835255927_484.png
centerX: 0.7067137809187279
centerY: 0.9683354728284125
width: 0.03180212014134275
height: 0.02995293110825845
Area: 0.00037699465705834297
CentroidX: 0.7217
CentroidY: 0.9805
