Location: Handwritten_2025-04-16_190734-1.png_Otsu.png
Component: component_1744835255533_452.png
centerX: 0.20023557126030625
centerY: 0.6341463414634146
width: 0.028268551236749116
height: 0.02781343602909713
Area: 0.0001872373196486289
CentroidX: 0.2141
CentroidY: 0.6463
