Location: Handwritten_2025-04-16_190734-1.png_Otsu.png
Component: component_1744835255479_99.png
centerX: 0.823321554770318
centerY: 0.1069747539580659
width: 0.02767962308598351
height: 0.0235344458707745
Area: 0.00022780960560210027
CentroidX: 0.8361
CentroidY: 0.1162
