Location: Handwritten_2025-04-16_190734-1.png_Otsu.png
Component: component_1744835255534_489.png
centerX: 0.875736160188457
centerY: 0.6765083440308087
width: 0.023557126030624265
height: 0.026529738981600343
Area: 0.00017740925038039668
CentroidX: 0.8885
CentroidY: 0.6884
