Location: 2025-04-16_190755-1.png_Gaussian-Closing.png
Component: component_1744835256052_352.png
centerX: 0.8822143698468787
centerY: 0.6974753958065897
width: 0.025323910482921083
height: 0.028241335044929396
Area: 0.00030315813665854715
CentroidX: 0.8947
CentroidY: 0.7093
