Location: 2025-04-16_190850-1.png_Gaussian-Closing.png
Component: component_1744835255796_204.png
centerX: 0.13427561837455831
centerY: 0.40008557980316645
width: 0.02944640753828033
height: 0.02738553701326487
Area: 0.0002968580922558342
CentroidX: 0.1480
CentroidY: 0.4123
