Location: Handwritten_2025-04-16_190734-1.png_Otsu.png
Component: component_1744835255477_89.png
centerX: 0.07008244994110718
centerY: 0.10611895592640137
width: 0.024146054181389872
height: 0.025246041934103552
Area: 0.0002477177459146732
CentroidX: 0.0815
CentroidY: 0.1181
