Location: 2025-04-16_190755-1.png_Gaussian-Closing.png
Component: component_1744835256074_439.png
centerX: 0.10482921083627797
centerY: 0.8622165169020112
width: 0.03121319199057715
height: 0.03209242618741977
Area: 0.0003817826908044048
CentroidX: 0.1202
CentroidY: 0.8760
