Location: 2025-04-16_190755-1.png_Gaussian-Closing.png
Component: component_1744835255968_60.png
centerX: 0.49528857479387517
centerY: 0.05477107402652974
width: 0.02767962308598351
height: 0.0329482242190843
Area: 0.00039665079559480734
CentroidX: 0.5093
CentroidY: 0.0682
