Location: 2025-04-16_190850-1.png_Gaussian-Closing.png
Component: component_1744835255698_55.png
centerX: 0.18610129564193167
centerY: 0.10397946084724005
width: 0.028268551236749116
height: 0.029097133076593923
Area: 0.000286526019435385
CentroidX: 0.2005
CentroidY: 0.1163
