Location: 2025-04-16_190850-1.png_Otsu.png
Component: component_1744835256152_182.png
centerX: 0.2308598351001178
centerY: 0.3581514762516046
width: 0.025323910482921083
height: 0.028241335044929396
Area: 0.0002676258862272461
CentroidX: 0.2439
CentroidY: 0.3705
