Location: Handwritten_2025-04-16_190734-1.png_Otsu.png
Component: component_1744835255489_165.png
centerX: 0.46054181389870436
centerY: 0.2374839537869063
width: 0.024146054181389872
height: 0.02995293110825845
Area: 0.0002381416784225495
CentroidX: 0.4726
CentroidY: 0.2513
