Location: 2025-04-16_190850-1.png_Otsu.png
Component: component_1744835256133_120.png
centerX: 0.26383981154299174
centerY: 0.2267864783910997
width: 0.028857479387514724
height: 0.026529738981600343
Area: 0.0003311303338065927
CentroidX: 0.2775
CentroidY: 0.2378
