Location: 2025-04-16_190755-1.png_Gaussian-Closing.png
Component: component_1744835256001_163.png
centerX: 0.7697290930506479
centerY: 0.31450577663671375
width: 0.03121319199057715
height: 0.030380830124090714
Area: 0.0004226069785339847
CentroidX: 0.7854
CentroidY: 0.3279
