Location: 2025-04-16_190755-1.png_Gaussian-Closing.png
Component: component_1744835256017_221.png
centerX: 0.43286219081272087
centerY: 0.4557124518613607
width: 0.028268551236749116
height: 0.030380830124090714
Area: 0.00038858673875933475
CentroidX: 0.4467
CentroidY: 0.4688
