Location: 2025-04-16_190850-1.png_Gaussian-Closing.png
Component: component_1744835255706_74.png
centerX: 0.18197879858657243
centerY: 0.1446298673513051
width: 0.027090694935217905
height: 0.025246041934103552
Area: 0.0002668698808989206
CentroidX: 0.1961
CentroidY: 0.1553
