Location: Handwritten_2025-04-16_190734-1.png_Otsu.png
Component: component_1744835255508_296.png
centerX: 0.715547703180212
centerY: 0.4056482670089859
width: 0.024146054181389872
height: 0.029097133076593923
Area: 0.00018547330721586924
CentroidX: 0.7274
CentroidY: 0.4181
