Location: 2025-04-16_190850-1.png_Gaussian-Closing.png
Component: component_1744835255789_177.png
centerX: 0.37279151943462896
centerY: 0.35430038510911427
width: 0.02767962308598351
height: 0.02781343602909713
Area: 0.0002892980389725787
CentroidX: 0.3865
CentroidY: 0.3672
