Location: 2025-04-16_190755-1.png_Gaussian-Closing.png
Component: component_1744835255988_126.png
centerX: 0.5971731448763251
centerY: 0.21223791185280275
width: 0.02944640753828033
height: 0.0329482242190843
Area: 0.00041781894478792284
CentroidX: 0.6120
CentroidY: 0.2268
