Location: 2025-04-16_190850-1.png_Otsu.png
Component: component_1744835256162_241.png
centerX: 0.22084805653710246
centerY: 0.4420196833547283
width: 0.024146054181389872
height: 0.02738553701326487
Area: 0.00021294150081169772
CentroidX: 0.2329
CentroidY: 0.4535
