Location: 2025-04-16_190755-1.png_Gaussian-Closing.png
Component: component_1744835256052_354.png
centerX: 0.33981154299175503
centerY: 0.6983311938382541
width: 0.028268551236749116
height: 0.03123662815575524
Area: 0.0003263423000605308
CentroidX: 0.3536
CentroidY: 0.7120
