Location: Handwritten_2025-04-16_190734-1.png_Otsu.png
Component: component_1744835255483_119.png
centerX: 0.5005889281507656
centerY: 0.1540436456996149
width: 0.028268551236749116
height: 0.02396234488660676
Area: 0.00024973376012354134
CentroidX: 0.5151
CentroidY: 0.1649
