Location: 2025-04-16_190850-1.png_Gaussian-Closing.png
Component: component_1744835255867_336.png
centerX: 0.7279151943462897
centerY: 0.6409927257167308
width: 0.028268551236749116
height: 0.031664527171587506
Area: 0.00023536965888535584
CentroidX: 0.7409
CentroidY: 0.6544
