Location: 2025-04-16_190850-1.png_Otsu.png
Component: component_1744835256200_599.png
centerX: 0.9204946996466431
centerY: 0.8468121523320497
width: 0.027090694935217905
height: 0.03080872913992298
Area: 0.00031651423079229863
CentroidX: 0.9325
CentroidY: 0.8608
