Location: 2025-04-16_190850-1.png_Gaussian-Closing.png
Component: component_1744835255894_405.png
centerX: 0.6024734982332155
centerY: 0.7950363714163458
width: 0.030624263839811542
height: 0.02610183996576808
Area: 0.0003134902094789964
CentroidX: 0.6182
CentroidY: 0.8065
