Location: 2025-04-16_190850-1.png_Gaussian-Closing.png
Component: component_1744835255817_223.png
centerX: 0.42638398115429915
centerY: 0.43902439024390244
width: 0.02944640753828033
height: 0.025673940949935817
Area: 0.0002625858507050758
CentroidX: 0.4404
CentroidY: 0.4498
