Location: 2025-04-16_190850-1.png_Otsu.png
Component: component_1744835256170_294.png
centerX: 0.85924617196702
centerY: 0.49978605049208386
width: 0.02591283863368669
height: 0.02738553701326487
Area: 0.00015976912605280042
CentroidX: 0.8711
CentroidY: 0.5116
