Location: easy43_Mean-Closing.png
Component: component_1744297380662_929.png
centerX: 0.24062877871825877
centerY: 0.5677640017101325
width: 0.013905683192261185
height: 0.01410859341598974
Area: 0.00011166524414106423
CentroidX: 0.2473
CentroidY: 0.5727
