Location: 2025-04-16_190850-1.png_Gaussian-Closing.png
Component: component_1744835255831_270.png
centerX: 0.4623085983510012
centerY: 0.5220367993153616
width: 0.028268551236749116
height: 0.029525032092426188
Area: 0.0002620818471528587
CentroidX: 0.4760
CentroidY: 0.5352
