Location: 2025-04-16_190850-1.png_Otsu.png
Component: component_1744835256206_622.png
centerX: 0.8828032979976443
centerY: 0.8883183568677792
width: 0.02767962308598351
height: 0.0329482242190843
Area: 0.00033591836755265454
CentroidX: 0.8968
CentroidY: 0.9024
