Location: 2025-04-16_190850-1.png_Gaussian-Closing.png
Component: component_1744835255892_398.png
centerX: 0.8822143698468787
centerY: 0.7847667950363714
width: 0.02591283863368669
height: 0.025246041934103552
Area: 0.0002857700141070594
CentroidX: 0.8955
CentroidY: 0.7966
