Location: Handwritten_2025-04-16_190734-1.png_Otsu.png
Component: component_1744835255518_359.png
centerX: 0.15547703180212014
centerY: 0.5100556268720582
width: 0.025323910482921083
height: 0.02610183996576808
Area: 0.00018118927702202446
CentroidX: 0.1667
CentroidY: 0.5208
