Location: 2025-04-16_190850-1.png_Gaussian-Closing.png
Component: component_1744835255792_191.png
centerX: 0.6802120141342756
centerY: 0.38254172015404364
width: 0.025323910482921083
height: 0.031664527171587506
Area: 0.00029030604607701275
CentroidX: 0.6932
CentroidY: 0.3970
