Location: 2025-04-16_190850-1.png_Otsu.png
Component: component_1744835256160_230.png
centerX: 0.4652532391048292
centerY: 0.43560119811724435
width: 0.03121319199057715
height: 0.02781343602909713
Area: 0.00022276957007992993
CentroidX: 0.4791
CentroidY: 0.4479
