Location: 2025-04-16_190755-1.png_Gaussian-Closing.png
Component: component_1744835256003_167.png
centerX: 0.732037691401649
centerY: 0.3153615746683783
width: 0.027090694935217905
height: 0.03080872913992298
Area: 0.000385310715669924
CentroidX: 0.7448
CentroidY: 0.3283
