Location: 2025-04-16_190755-1.png_Gaussian-Closing.png
Component: component_1744835256069_414.png
centerX: 0.10600706713780919
centerY: 0.826272999572101
width: 0.03415783274440518
height: 0.029097133076593923
Area: 0.00034121040485093337
CentroidX: 0.1223
CentroidY: 0.8386
