Location: 2025-04-16_190755-1.png_Gaussian-Closing.png
Component: component_1744835256042_318.png
centerX: 0.839811542991755
centerY: 0.6290115532734275
width: 0.030035335689045935
height: 0.029097133076593923
Area: 0.00033818638353763116
CentroidX: 0.8547
CentroidY: 0.6406
