Location: 2025-04-16_190850-1.png_Otsu.png
Component: component_1744835256131_110.png
centerX: 0.5353356890459364
centerY: 0.21908429610611896
width: 0.02944640753828033
height: 0.02738553701326487
Area: 0.00034070640129871634
CentroidX: 0.5495
CentroidY: 0.2299
