Location: 2025-04-16_190850-1.png_Gaussian-Closing.png
Component: component_1744835255789_178.png
centerX: 0.3250883392226148
centerY: 0.3560119811724433
width: 0.025323910482921083
height: 0.02995293110825845
Area: 0.0003024021313302216
CentroidX: 0.3377
CentroidY: 0.3694
