Location: 2025-04-16_190755-1.png_Gaussian-Closing.png
Component: component_1744835256073_431.png
centerX: 0.4905771495877503
centerY: 0.8596491228070176
width: 0.026501766784452298
height: 0.03080872913992298
Area: 0.0003104661881656942
CentroidX: 0.5029
CentroidY: 0.8731
