Location: 2025-04-16_190755-1.png_Gaussian-Closing.png
Component: component_1744835256048_343.png
centerX: 0.29034157832744406
centerY: 0.6961916987590928
width: 0.028857479387514724
height: 0.0329482242190843
Area: 0.0003402023977464993
CentroidX: 0.3041
CentroidY: 0.7117
