Location: easy64_Gaussian-Closing.png
Component: component_1744297381284_528.png
centerX: 0.6765417170495768
centerY: 0.3672509619495511
width: 0.014510278113663845
height: 0.01410859341598974
Area: 0.00010416919765937242
CentroidX: 0.6835
CentroidY: 0.3721
