Location: 2025-04-16_190850-1.png_Gaussian-Closing.png
Component: component_1744835255696_50.png
centerX: 0.5600706713780919
centerY: 0.09884467265725289
width: 0.026501766784452298
height: 0.02738553701326487
Area: 0.00026661787912281206
CentroidX: 0.5734
CentroidY: 0.1103
