Location: 2025-04-16_190850-1.png_Gaussian-Closing.png
Component: component_1744835255650_30.png
centerX: 0.38987043580683156
centerY: 0.051347881899871634
width: 0.02944640753828033
height: 0.028241335044929396
Area: 0.0002923220602858809
CentroidX: 0.4044
CentroidY: 0.0625
