Location: Handwritten_2025-04-16_190734-1.png_Otsu.png
Component: component_1744835255521_374.png
centerX: 0.49646643109540634
centerY: 0.5459991442019684
width: 0.02767962308598351
height: 0.028241335044929396
Area: 0.00019756939246907813
CentroidX: 0.5086
CentroidY: 0.5582
