Location: 2025-04-16_190755-1.png_Gaussian-Closing.png
Component: component_1744835256080_469.png
centerX: 0.30565371024734983
centerY: 0.944801026957638
width: 0.027090694935217905
height: 0.037227214377406934
Area: 0.0003107181899418027
CentroidX: 0.3194
CentroidY: 0.9611
