Location: 2025-04-16_190850-1.png_Otsu.png
Component: component_1744835256216_664.png
centerX: 0.20730270906949352
centerY: 0.9691912708600771
width: 0.030624263839811542
height: 0.029097133076593923
Area: 0.00036187455049183185
CentroidX: 0.2206
CentroidY: 0.9822
