Location: 2025-04-16_190755-1.png_Gaussian-Closing.png
Component: component_1744835256080_467.png
centerX: 0.30624263839811544
centerY: 0.9045785194694053
width: 0.028857479387514724
height: 0.03337612323491656
Area: 0.0003470064457014293
CentroidX: 0.3199
CentroidY: 0.9195
