Location: 2025-04-16_190850-1.png_Gaussian-Closing.png
Component: component_1744835255635_26.png
centerX: 0.666077738515901
centerY: 0.04835258878904578
width: 0.028857479387514724
height: 0.02738553701326487
Area: 0.00027216191819719946
CentroidX: 0.6807
CentroidY: 0.0590
