Location: 2025-04-16_190755-1.png_Gaussian-Closing.png
Component: component_1744835256031_266.png
centerX: 0.483510011778563
centerY: 0.5442875481386393
width: 0.024146054181389872
height: 0.032520325203252036
Area: 0.0003339023533437864
CentroidX: 0.4956
CentroidY: 0.5584
