Location: 2025-04-16_190755-1.png_Gaussian-Closing.png
Component: component_1744835256047_342.png
centerX: 0.8404004711425206
centerY: 0.6949080017115961
width: 0.026501766784452298
height: 0.031664527171587506
Area: 0.00032004225565781787
CentroidX: 0.8543
CentroidY: 0.7084
