Location: Handwritten_2025-04-16_190734-1.png_Otsu.png
Component: component_1744835255492_181.png
centerX: 0.13839811542991756
centerY: 0.24133504492939667
width: 0.025323910482921083
height: 0.024390243902439025
Area: 0.00020638945463287626
CentroidX: 0.1511
CentroidY: 0.2518
