Location: 2025-04-16_190850-1.png_Otsu.png
Component: component_1744835256162_240.png
centerX: 0.14075382803297998
centerY: 0.4420196833547283
width: 0.021790341578327443
height: 0.02866923406076166
Area: 0.00019454537115577591
CentroidX: 0.1508
CentroidY: 0.4541
