Location: 2025-04-16_190755-1.png_Gaussian-Closing.png
Component: component_1744835256053_357.png
centerX: 0.7078916372202592
centerY: 0.6987590928540864
width: 0.028857479387514724
height: 0.02995293110825845
Area: 0.0003162622290161901
CentroidX: 0.7217
CentroidY: 0.7115
