Location: 2025-04-16_190755-1.png_Gaussian-Closing.png
Component: component_1744835256079_465.png
centerX: 0.2149587750294464
centerY: 0.9050064184852374
width: 0.023557126030624265
height: 0.0329482242190843
Area: 0.0003104661881656942
CentroidX: 0.2271
CentroidY: 0.9199
