Location: 2025-04-16_190850-1.png_Otsu.png
Component: component_1744835256115_34.png
centerX: 0.45229681978798586
centerY: 0.05605477107402653
width: 0.030035335689045935
height: 0.02610183996576808
Area: 0.00023587366243757286
CentroidX: 0.4674
CentroidY: 0.0660
