Location: 2025-04-16_190850-1.png_Otsu.png
Component: component_1744835256146_153.png
centerX: 0.5200235571260307
centerY: 0.3029525032092426
width: 0.023557126030624265
height: 0.029097133076593923
Area: 0.0002598138311678821
CentroidX: 0.5313
CentroidY: 0.3159
