Location: 2025-04-16_190850-1.png_Gaussian-Closing.png
Component: component_1744835255885_377.png
centerX: 0.8292108362779741
centerY: 0.7454000855798032
width: 0.032391048292108364
height: 0.028241335044929396
Area: 0.00034927446168640596
CentroidX: 0.8453
CentroidY: 0.7571
