Location: 2025-04-16_190850-1.png_Otsu.png
Component: component_1744835256187_437.png
centerX: 0.2756183745583039
centerY: 0.6696619597774925
width: 0.02061248527679623
height: 0.02995293110825845
Area: 0.00013582895732249122
CentroidX: 0.2858
CentroidY: 0.6847
