Location: 2025-04-16_190755-1.png_Gaussian-Closing.png
Component: component_1744835256065_390.png
centerX: 0.7196702002355713
centerY: 0.7813436029097133
width: 0.030035335689045935
height: 0.03893881044073599
Area: 0.00036187455049183185
CentroidX: 0.7340
CentroidY: 0.7981
