Location: 2025-04-16_190755-1.png_Gaussian-Closing.png
Component: component_1744835256035_289.png
centerX: 0.5765606595995288
centerY: 0.5845100556268721
width: 0.03180212014134275
height: 0.03423192126658109
Area: 0.00041378691637018657
CentroidX: 0.5908
CentroidY: 0.5989
