Location: 2025-04-16_190755-1.png_Gaussian-Closing.png
Component: component_1744835256060_373.png
centerX: 0.19434628975265017
centerY: 0.7334189131364998
width: 0.026501766784452298
height: 0.03123662815575524
Area: 0.0003107181899418027
CentroidX: 0.2075
CentroidY: 0.7474
