Location: 2025-04-16_190850-1.png_Gaussian-Closing.png
Component: component_1744835255774_141.png
centerX: 0.9257950530035336
centerY: 0.28712023962344885
width: 0.023557126030624265
height: 0.026529738981600343
Area: 0.0002910620514053383
CentroidX: 0.9376
CentroidY: 0.2987
