Location: 2025-04-16_190755-1.png_Gaussian-Closing.png
Component: component_1744835256081_471.png
centerX: 0.20965842167255594
centerY: 0.9469405220367993
width: 0.02944640753828033
height: 0.031664527171587506
Area: 0.0003081981721807175
CentroidX: 0.2233
CentroidY: 0.9616
