Location: Handwritten_2025-04-16_190734-1.png_Otsu.png
Component: component_1744835255479_97.png
centerX: 0.6448763250883393
centerY: 0.10740265297389816
width: 0.023557126030624265
height: 0.022250748823277707
Area: 0.00020790146528952737
CentroidX: 0.6570
CentroidY: 0.1166
