Location: 2025-04-16_190850-1.png_Otsu.png
Component: component_1744835256185_419.png
centerX: 0.519434628975265
centerY: 0.6546854942233633
width: 0.02944640753828033
height: 0.02738553701326487
Area: 0.0002056334493045507
CentroidX: 0.5338
CentroidY: 0.6666
