Location: 2025-04-16_190850-1.png_Gaussian-Closing.png
Component: component_1744835255772_138.png
centerX: 0.30918727915194344
centerY: 0.2682926829268293
width: 0.028857479387514724
height: 0.026957637997432605
Area: 0.00033793438176152264
CentroidX: 0.3228
CentroidY: 0.2803
