Location: 2025-04-16_190850-1.png_Otsu.png
Component: component_1744835256197_574.png
centerX: 0.8351001177856302
centerY: 0.7843388960205392
width: 0.02944640753828033
height: 0.024390243902439025
Area: 0.00028602201588316797
CentroidX: 0.8493
CentroidY: 0.7955
