Location: Handwritten_2025-04-16_190734-1.png_Otsu.png
Component: component_1744835255491_172.png
centerX: 0.5871613663133097
centerY: 0.2383397518185708
width: 0.028857479387514724
height: 0.03123662815575524
Area: 0.00025300978321295207
CentroidX: 0.6014
CentroidY: 0.2524
