Location: 2025-04-16_190850-1.png_Otsu.png
Component: component_1744835256212_645.png
centerX: 0.16431095406360424
centerY: 0.9306803594351734
width: 0.022968197879858657
height: 0.029097133076593923
Area: 0.00029282606383809794
CentroidX: 0.1756
CentroidY: 0.9444
