Location: 2025-04-16_190755-1.png_Gaussian-Closing.png
Component: component_1744835256082_480.png
centerX: 0.6861012956419317
centerY: 0.9477963200684638
width: 0.02591283863368669
height: 0.031664527171587506
Area: 0.0002918180567336639
CentroidX: 0.6981
CentroidY: 0.9608
