Location: Handwritten_2025-04-16_190734-1.png_Otsu.png
Component: component_1744835255517_352.png
centerX: 0.48468786808009423
centerY: 0.5070603337612324
width: 0.026501766784452298
height: 0.02738553701326487
Area: 0.00017740925038039668
CentroidX: 0.4978
CentroidY: 0.5191
