Location: 2025-04-16_190850-1.png_Gaussian-Closing.png
Component: component_1744835255785_168.png
centerX: 0.7396937573616019
centerY: 0.3329054343175011
width: 0.02237926972909305
height: 0.02866923406076166
Area: 0.00026384585958561836
CentroidX: 0.7503
CentroidY: 0.3457
