Location: 2025-04-16_190755-1.png_Gaussian-Closing.png
Component: component_1744835256043_328.png
centerX: 0.28975265017667845
centerY: 0.6602481814291827
width: 0.028268551236749116
height: 0.029097133076593923
Area: 0.00035607850964133593
CentroidX: 0.3037
CentroidY: 0.6731
