Location: 2025-04-16_190850-1.png_Otsu.png
Component: component_1744835256214_652.png
centerX: 0.4705535924617197
centerY: 0.9311082584510055
width: 0.032391048292108364
height: 0.026529738981600343
Area: 0.00034095840307482486
CentroidX: 0.4861
CentroidY: 0.9431
