Location: 2025-04-16_190850-1.png_Gaussian-Closing.png
Component: component_1744835255831_268.png
centerX: 0.5041224970553593
centerY: 0.5198973042362003
width: 0.02767962308598351
height: 0.02995293110825845
Area: 0.00026082183827231615
CentroidX: 0.5176
CentroidY: 0.5330
