Location: 2025-04-16_190850-1.png_Otsu.png
Component: component_1744835256195_550.png
centerX: 0.3309776207302709
centerY: 0.7642276422764228
width: 0.024146054181389872
height: 0.026957637997432605
Area: 0.000132804936009189
CentroidX: 0.3431
CentroidY: 0.7753
