Location: 2025-04-16_190755-1.png_Gaussian-Closing.png
Component: component_1744835256017_225.png
centerX: 0.19257950530035337
centerY: 0.45614035087719296
width: 0.02591283863368669
height: 0.02866923406076166
Area: 0.0003328943462393523
CentroidX: 0.2060
CentroidY: 0.4694
