Location: 2025-04-16_190850-1.png_Otsu.png
Component: component_1744835256127_97.png
centerX: 0.28209658421672557
centerY: 0.18528027385537013
width: 0.02767962308598351
height: 0.03080872913992298
Area: 0.0003187822467772753
CentroidX: 0.2962
CentroidY: 0.1984
