Location: 2025-04-16_190755-1.png_Gaussian-Closing.png
Component: component_1744835256059_372.png
centerX: 0.6213191990577149
centerY: 0.7325631151048353
width: 0.025323910482921083
height: 0.02781343602909713
Area: 0.00028602201588316797
CentroidX: 0.6333
CentroidY: 0.7436
