Location: 2025-04-16_190850-1.png_Gaussian-Closing.png
Component: component_1744835255836_293.png
centerX: 0.4994110718492344
centerY: 0.5691056910569106
width: 0.025323910482921083
height: 0.025673940949935817
Area: 0.00022327357363214695
CentroidX: 0.5124
CentroidY: 0.5803
