Location: 2025-04-16_190850-1.png_Gaussian-Closing.png
Component: component_1744835255900_428.png
centerX: 0.20023557126030625
centerY: 0.8498074454428755
width: 0.03121319199057715
height: 0.03380402225074882
Area: 0.0003553225043130104
CentroidX: 0.2153
CentroidY: 0.8648
