Location: 2025-04-16_190850-1.png_Gaussian-Closing.png
Component: component_1744835255833_275.png
centerX: 0.22379269729093051
centerY: 0.5310226786478391
width: 0.02767962308598351
height: 0.026957637997432605
Area: 0.00027493393773439317
CentroidX: 0.2378
CentroidY: 0.5420
