Location: Handwritten_2025-04-16_190734-1.png_Otsu.png
Component: component_1744835255567_994.png
centerX: 0.872791519434629
centerY: 0.9542148053059478
width: 0.012367491166077738
height: 0.014548566538296961
Area: 3.981628062514585e-05
CentroidX: 0.8810
CentroidY: 0.9618
