Location: Handwritten_2025-04-16_190734-1.png_Otsu.png
Component: component_1744835255461_32.png
centerX: 0.6996466431095406
centerY: 0.01198117244330338
width: 0.02591283863368669
height: 0.025673940949935817
Area: 0.00026056983649620763
CentroidX: 0.7129
CentroidY: 0.0240
