Location: 2025-04-16_190755-1.png_Gaussian-Closing.png
Component: component_1744835256015_215.png
centerX: 0.24381625441696114
centerY: 0.4159178433889602
width: 0.027090694935217905
height: 0.030380830124090714
Area: 0.00035179447944749115
CentroidX: 0.2571
CentroidY: 0.4297
