Location: 2025-04-16_190850-1.png_Otsu.png
Component: component_1744835256116_41.png
centerX: 0.8580683156654888
centerY: 0.08857509627727857
width: 0.023557126030624265
height: 0.030380830124090714
Area: 0.0002920700585097724
CentroidX: 0.8697
CentroidY: 0.1023
