Location: Handwritten_2025-04-16_190734-1.png_Otsu.png
Component: component_1744835255533_487.png
centerX: 0.9169611307420494
centerY: 0.6747967479674797
width: 0.026501766784452298
height: 0.02866923406076166
Area: 0.0001577531118439323
CentroidX: 0.9288
CentroidY: 0.6872
