Location: 2025-04-16_190850-1.png_Gaussian-Closing.png
Component: component_1744835255826_249.png
centerX: 0.2626619552414605
centerY: 0.480530594779632
width: 0.028857479387514724
height: 0.03337612323491656
Area: 0.0003054261526435238
CentroidX: 0.2768
CentroidY: 0.4959
