Location: 2025-04-16_190755-1.png_Gaussian-Closing.png
Component: component_1744835255975_82.png
centerX: 0.09540636042402827
centerY: 0.0962772785622593
width: 0.034746760895170786
height: 0.029525032092426188
Area: 0.0004362150744438447
CentroidX: 0.1123
CentroidY: 0.1088
