Location: 2025-04-16_190850-1.png_Otsu.png
Component: component_1744835256148_162.png
centerX: 0.0977620730270907
centerY: 0.31750106974753955
width: 0.024734982332155476
height: 0.02866923406076166
Area: 0.00027216191819719946
CentroidX: 0.1102
CentroidY: 0.3303
