Location: 2025-04-16_190755-1.png_Gaussian-Closing.png
Component: component_1744835256046_338.png
centerX: 0.05771495877502945
centerY: 0.6623876765083441
width: 0.026501766784452298
height: 0.030380830124090714
Area: 0.00031701823434451566
CentroidX: 0.0702
CentroidY: 0.6766
