Location: Handwritten_2025-04-16_190734-1.png_Otsu.png
Component: component_1744835255516_350.png
centerX: 0.817432273262662
centerY: 0.504920838682071
width: 0.021790341578327443
height: 0.029097133076593923
Area: 0.00018925333385749703
CentroidX: 0.8276
CentroidY: 0.5175
