Location: 2025-04-16_190755-1.png_Gaussian-Closing.png
Component: component_1744835256020_233.png
centerX: 0.0977620730270907
centerY: 0.45785194694052206
width: 0.02944640753828033
height: 0.03123662815575524
Area: 0.00039740680092313293
CentroidX: 0.1118
CentroidY: 0.4721
