Location: Handwritten_2025-04-16_190734-1.png_Otsu.png
Component: component_1744835255471_62.png
centerX: 0.6325088339222615
centerY: 0.06675224646983312
width: 0.023557126030624265
height: 0.02995293110825845
Area: 0.000265609872018378
CentroidX: 0.6445
CentroidY: 0.0784
