Location: 2025-04-16_190850-1.png_Gaussian-Closing.png
Component: component_1744835255816_222.png
centerX: 0.3910482921083628
centerY: 0.43859649122807015
width: 0.028857479387514724
height: 0.026957637997432605
Area: 0.0002613258418245332
CentroidX: 0.4044
CentroidY: 0.4504
