Location: 2025-04-16_190850-1.png_Otsu.png
Component: component_1744835256178_348.png
centerX: 0.18374558303886926
centerY: 0.5819426615318785
width: 0.024146054181389872
height: 0.030380830124090714
Area: 0.0001804332716936989
CentroidX: 0.1945
CentroidY: 0.5956
