Location: 2025-04-16_190850-1.png_Gaussian-Closing.png
Component: component_1744835255891_394.png
centerX: 0.24440518256772673
centerY: 0.771074026529739
width: 0.02237926972909305
height: 0.02610183996576808
Area: 0.0002124374972594807
CentroidX: 0.2557
CentroidY: 0.7814
