Location: Handwritten_2025-04-16_190734-1.png_Otsu.png
Component: component_1744835255491_175.png
centerX: 0.3409893992932862
centerY: 0.23876765083440307
width: 0.025323910482921083
height: 0.02866923406076166
Area: 0.00022755760382599176
CentroidX: 0.3523
CentroidY: 0.2515
