Location: 2025-04-16_190850-1.png_Otsu.png
Component: component_1744835256170_295.png
centerX: 0.8227326266195524
centerY: 0.503209242618742
width: 0.025323910482921083
height: 0.029097133076593923
Area: 0.0001733772219626604
CentroidX: 0.8337
CentroidY: 0.5157
