Location: easy64_Gaussian-Closing.png
Component: component_1744297381276_503.png
centerX: 0.17110036275695284
centerY: 0.3655408294142796
width: 0.014510278113663845
height: 0.01410859341598974
Area: 0.00010830494744237478
CentroidX: 0.1780
CentroidY: 0.3706
