Location: 2025-04-16_190850-1.png_Otsu.png
Component: component_1744835256190_472.png
centerX: 0.7520612485276796
centerY: 0.7004706889174155
width: 0.027090694935217905
height: 0.032520325203252036
Area: 0.000216973529229434
CentroidX: 0.7638
CentroidY: 0.7137
