Location: 2025-04-16_190850-1.png_Otsu.png
Component: component_1744835256179_352.png
centerX: 0.09658421672555949
centerY: 0.5849379546427044
width: 0.02767962308598351
height: 0.025673940949935817
Area: 0.00016405315624664523
CentroidX: 0.1114
CentroidY: 0.5959
