Location: Handwritten_2025-04-16_190734-1.png_Otsu.png
Component: component_1744835255482_116.png
centerX: 0.8763250883392226
centerY: 0.15233204963628583
width: 0.025323910482921083
height: 0.024390243902439025
Area: 0.00020664145640898477
CentroidX: 0.8892
CentroidY: 0.1620
