Location: 2025-04-16_190850-1.png_Otsu.png
Component: component_1744835256190_479.png
centerX: 0.657243816254417
centerY: 0.7017543859649122
width: 0.03180212014134275
height: 0.03594351732991014
Area: 0.00021344550436391477
CentroidX: 0.6714
CentroidY: 0.7172
