Location: 2025-04-16_190850-1.png_Otsu.png
Component: component_1744835256149_170.png
centerX: 0.7726737338044759
centerY: 0.3324775353016688
width: 0.024734982332155476
height: 0.02866923406076166
Area: 0.00026107384004842466
CentroidX: 0.7846
CentroidY: 0.3450
