Location: Handwritten_2025-04-16_190734-1.png_Otsu.png
Component: component_1744835255505_263.png
centerX: 0.11012956419316844
centerY: 0.36499786050492083
width: 0.023557126030624265
height: 0.026529738981600343
Area: 0.00020689345818509329
CentroidX: 0.1208
CentroidY: 0.3764
