Location: 2025-04-16_190850-1.png_Otsu.png
Component: component_1744835256191_493.png
centerX: 0.4210836277974087
centerY: 0.711168164313222
width: 0.028268551236749116
height: 0.03594351732991014
Area: 0.00020613745285676775
CentroidX: 0.4347
CentroidY: 0.7274
