Location: Handwritten_2025-04-16_190734-1.png_Otsu.png
Component: component_1744835255532_446.png
centerX: 0.4075382803297998
centerY: 0.6332905434317501
width: 0.02120141342756184
height: 0.02781343602909713
Area: 0.0002073974617373103
CentroidX: 0.4194
CentroidY: 0.6463
