Location: 2025-04-16_190755-1.png_Gaussian-Closing.png
Component: component_1744835256000_156.png
centerX: 0.1525323910482921
centerY: 0.2729995721009842
width: 0.030035335689045935
height: 0.03209242618741977
Area: 0.0004410031081899065
CentroidX: 0.1670
CentroidY: 0.2870
