Location: Handwritten_2025-04-16_190734-1.png_Otsu.png
Component: component_1744835255507_292.png
centerX: 0.7544169611307421
centerY: 0.40436456996148906
width: 0.024734982332155476
height: 0.029097133076593923
Area: 0.0001862293125441948
CentroidX: 0.7665
CentroidY: 0.4166
