Location: 2025-04-16_190850-1.png_Gaussian-Closing.png
Component: component_1744835255778_149.png
centerX: 0.6083627797408716
centerY: 0.30124090714591356
width: 0.022968197879858657
height: 0.02995293110825845
Area: 0.00029887410646470237
CentroidX: 0.6192
CentroidY: 0.3137
