Location: 2025-04-16_190850-1.png_Otsu.png
Component: component_1744835256208_630.png
centerX: 0.6101295641931684
centerY: 0.8921694480102695
width: 0.030624263839811542
height: 0.02995293110825845
Area: 0.000349778465238623
CentroidX: 0.6238
CentroidY: 0.9047
