Location: 2025-04-16_190850-1.png_Otsu.png
Component: component_1744835256197_580.png
centerX: 0.7002355712603062
centerY: 0.7881899871630296
width: 0.02944640753828033
height: 0.02781343602909713
Area: 0.0002779579590476954
CentroidX: 0.7151
CentroidY: 0.8005
