Location: 2025-04-16_190755-1.png_Gaussian-Closing.png
Component: component_1744835255999_151.png
centerX: 0.38928150765606595
centerY: 0.26658108686350024
width: 0.028268551236749116
height: 0.036371416345742404
Area: 0.0004306710353694573
CentroidX: 0.4030
CentroidY: 0.2816
