Location: 2025-04-16_190850-1.png_Otsu.png
Component: component_1744835256174_314.png
centerX: 0.013545347467608953
centerY: 0.5323063756953359
width: 0.02591283863368669
height: 0.0329482242190843
Area: 0.00024696174058634764
CentroidX: 0.0269
CentroidY: 0.5473
