Location: 2025-04-16_190755-1.png_Gaussian-Closing.png
Component: component_1744835256056_361.png
centerX: 0.23792697290930506
centerY: 0.7013264869490801
width: 0.028857479387514724
height: 0.028241335044929396
Area: 0.0003240742840755542
CentroidX: 0.2515
CentroidY: 0.7140
