Location: 2025-04-16_190755-1.png_Gaussian-Closing.png
Component: component_1744835256062_378.png
centerX: 0.7114252061248527
centerY: 0.7342747111681643
width: 0.028268551236749116
height: 0.02781343602909713
Area: 0.00031122219349401974
CentroidX: 0.7254
CentroidY: 0.7451
