Location: 2025-04-16_190850-1.png_Otsu.png
Component: component_1744835256122_68.png
centerX: 0.4469964664310954
centerY: 0.13521608900299528
width: 0.024734982332155476
height: 0.029525032092426188
Area: 0.00022780960560210027
CentroidX: 0.4593
CentroidY: 0.1474
