Location: 2025-04-16_190755-1.png_Gaussian-Closing.png
Component: component_1744835256009_187.png
centerX: 0.6213191990577149
centerY: 0.35686777920410784
width: 0.028857479387514724
height: 0.03080872913992298
Area: 0.00039942281513200104
CentroidX: 0.6362
CentroidY: 0.3706
