Location: 2025-04-16_190755-1.png_Gaussian-Closing.png
Component: component_1744835256007_181.png
centerX: 0.8492343934040048
centerY: 0.3551561831407788
width: 0.03415783274440518
height: 0.03080872913992298
Area: 0.00042361498563841876
CentroidX: 0.8652
CentroidY: 0.3681
