Location: Handwritten_2025-04-16_190734-1.png_Otsu.png
Component: component_1744835255523_397.png
centerX: 0.8103651354534747
centerY: 0.5780915703893881
width: 0.02944640753828033
height: 0.026529738981600343
Area: 0.00021747753278165104
CentroidX: 0.8242
CentroidY: 0.5906
