Location: 2025-04-16_190755-1.png_Gaussian-Closing.png
Component: component_1744835255972_75.png
centerX: 0.39045936395759717
centerY: 0.09114249037227215
width: 0.03297997644287397
height: 0.029097133076593923
Area: 0.00041907895366846546
CentroidX: 0.4062
CentroidY: 0.1041
