Location: 2025-04-16_190755-1.png_Gaussian-Closing.png
Component: component_1744835256039_305.png
centerX: 0.38928150765606595
centerY: 0.6213093709884467
width: 0.024734982332155476
height: 0.03380402225074882
Area: 0.000342470413731476
CentroidX: 0.4010
CentroidY: 0.6353
