Location: 2025-04-16_190850-1.png_Gaussian-Closing.png
Component: component_1744835255833_277.png
centerX: 0.18138987043580684
centerY: 0.5323063756953359
width: 0.026501766784452298
height: 0.03080872913992298
Area: 0.0002625858507050758
CentroidX: 0.1944
CentroidY: 0.5445
