Location: 2025-04-16_190755-1.png_Gaussian-Closing.png
Component: component_1744835256027_249.png
centerX: 0.7644287396937574
centerY: 0.4972186563970903
width: 0.02591283863368669
height: 0.03551561831407788
Area: 0.00037875866949110257
CentroidX: 0.7763
CentroidY: 0.5127
