Location: 2025-04-16_190850-1.png_Otsu.png
Component: component_1744835256160_228.png
centerX: 0.5053003533568905
centerY: 0.4321780059905862
width: 0.026501766784452298
height: 0.03209242618741977
Area: 0.00027064990754054833
CentroidX: 0.5183
CentroidY: 0.4463
