Location: Handwritten_2025-04-16_190734-1.png_Otsu.png
Component: component_1744835255508_300.png
centerX: 0.3133097762073027
centerY: 0.4077877620881472
width: 0.024734982332155476
height: 0.03123662815575524
Area: 0.00021168149193115512
CentroidX: 0.3238
CentroidY: 0.4213
