Location: 2025-04-16_190850-1.png_Otsu.png
Component: component_1744835256210_643.png
centerX: 0.7043580683156655
centerY: 0.9293966623876765
width: 0.027090694935217905
height: 0.024390243902439025
Area: 0.0002966060904797257
CentroidX: 0.7185
CentroidY: 0.9401
