Location: Handwritten_2025-04-16_190734-1.png_Otsu.png
Component: component_1744835255544_572.png
centerX: 0.7031802120141343
centerY: 0.7248609328198545
width: 0.008244994110718492
height: 0.007274283269148481
Area: 1.663211722316219e-05
CentroidX: 0.7086
CentroidY: 0.7279
