Location: 2025-04-16_190850-1.png_Otsu.png
Component: component_1744835256208_634.png
centerX: 0.2508833922261484
centerY: 0.8934531450577664
width: 0.022968197879858657
height: 0.030380830124090714
Area: 0.0002862740176592765
CentroidX: 0.2619
CentroidY: 0.9070
