Location: 2025-04-16_190850-1.png_Otsu.png
Component: component_1744835256118_53.png
centerX: 0.2862190812720848
centerY: 0.10269576379974327
width: 0.028857479387514724
height: 0.029097133076593923
Area: 0.0002517497743324095
CentroidX: 0.3011
CentroidY: 0.1155
