Location: 2025-04-16_190850-1.png_Gaussian-Closing.png
Component: component_1744835255702_63.png
centerX: 0.8085983510011778
centerY: 0.1292255027813436
width: 0.028857479387514724
height: 0.02610183996576808
Area: 0.0002978660993602683
CentroidX: 0.8226
CentroidY: 0.1399
