Location: 2025-04-16_190850-1.png_Otsu.png
Component: component_1744835256212_646.png
centerX: 0.24499411071849234
centerY: 0.9306803594351734
width: 0.02591283863368669
height: 0.030380830124090714
Area: 0.00030945818106126015
CentroidX: 0.2580
CentroidY: 0.9444
