Location: 2025-04-16_190755-1.png_Gaussian-Closing.png
Component: component_1744835255962_33.png
centerX: 0.6224970553592462
centerY: 0.014548566538296961
width: 0.030035335689045935
height: 0.03423192126658109
Area: 0.00041076289505688436
CentroidX: 0.6376
CentroidY: 0.0287
