Location: 2025-04-16_190755-1.png_Gaussian-Closing.png
Component: component_1744835255994_144.png
centerX: 0.8374558303886925
centerY: 0.2584510055626872
width: 0.03121319199057715
height: 0.029097133076593923
Area: 0.0004011868275647607
CentroidX: 0.8526
CentroidY: 0.2715
