Location: 2025-04-16_190850-1.png_Gaussian-Closing.png
Component: component_1744835255904_441.png
centerX: 0.833922261484099
centerY: 0.8887462558836114
width: 0.03297997644287397
height: 0.028241335044929396
Area: 0.00038354670323716443
CentroidX: 0.8507
CentroidY: 0.9012
