Location: 2025-04-16_190850-1.png_Otsu.png
Component: component_1744835256124_82.png
centerX: 0.8916372202591284
centerY: 0.17073170731707318
width: 0.02591283863368669
height: 0.02866923406076166
Area: 0.0003155062236878646
CentroidX: 0.9045
CentroidY: 0.1830
