Location: Handwritten_2025-04-16_190734-1.png_Otsu.png
Component: component_1744835255534_492.png
centerX: 0.45229681978798586
centerY: 0.6777920410783055
width: 0.02237926972909305
height: 0.02995293110825845
Area: 0.00017942526458926482
CentroidX: 0.4625
CentroidY: 0.6908
