Location: 2025-04-16_190850-1.png_Gaussian-Closing.png
Component: component_1744835255899_427.png
centerX: 0.11248527679623085
centerY: 0.848951647411211
width: 0.025323910482921083
height: 0.030380830124090714
Area: 0.00032256227341890306
CentroidX: 0.1249
CentroidY: 0.8638
