Location: Handwritten_2025-04-16_190734-1.png_Otsu.png
Component: component_1744835255545_661.png
centerX: 0.7167255594817432
centerY: 0.7723577235772358
width: 0.028268551236749116
height: 0.02866923406076166
Area: 0.00016833718644049004
CentroidX: 0.7299
CentroidY: 0.7854
