Location: internet_12.png_Mean-Closing.png
Component: component_1755088957365_229.png
centerX: 0.8218460298266828
centerY: 0.5329341317365269
width: 0.03184199919387344
height: 0.03877958368976333
Area: 0.00046225278469375525
CentroidX: 0.8388
CentroidY: 0.5515
