Location: internet_12.png_Gaussian-Closing.png
Component: component_1755088957046_152.png
centerX: 0.8673921805723499
centerY: 0.32620473339036216
width: 0.039500201531640466
height: 0.03992015968063872
Area: 0.0005166151832915042
CentroidX: 0.8836
CentroidY: 0.3448
