Location: Paraklitoni_1720_page_10.png_Mean-Medain.png
Component: component_1755610055310_1047.png
centerX: 0.4375
centerY: 0.38145363408521304
width: 0.011432926829268292
height: 0.012030075187969926
Area: 9.207469894247814e-05
CentroidX: 0.4430
CentroidY: 0.3874
