Location: internet_12.png_Mean-Closing.png
Component: component_1755088957145_20.png
centerX: 0.9427650141072148
centerY: 0.04818933561448532
width: 0.03909713825070536
height: 0.03934987168520103
Area: 0.0005254648760864866
CentroidX: 0.9591
CentroidY: 0.0668
