Location: internet_12.png_Otsu.png
Component: component_1755088957527_396.png
centerX: 0.6404675534058847
centerY: 0.33704020530367834
width: 0.030229746070133012
height: 0.04077559167379527
Area: 0.0004070858685691897
CentroidX: 0.6555
CentroidY: 0.3568
