Location: internet_12.png_Mean-Medain.png
Component: component_1755088957686_253.png
centerX: 0.7025392986698912
centerY: 0.5429141716566867
width: 0.036275695284159616
height: 0.038209295694325636
Area: 0.0005191436669472134
CentroidX: 0.7195
CentroidY: 0.5625
