Location: internet_12.png_Mean-Medain.png
Component: component_1755088957688_265.png
centerX: 0.42402257154373235
centerY: 0.5697177074422584
width: 0.03184199919387344
height: 0.035642999714856
Area: 0.000509374525550155
CentroidX: 0.4398
CentroidY: 0.5867
