Location: internet_12.png_Mean-Medain.png
Component: component_1755088957679_227.png
centerX: 0.1483272873841193
centerY: 0.49016253207869975
width: 0.03143893591293833
height: 0.039635015682919876
Area: 0.0004791476527569034
CentroidX: 0.1613
CentroidY: 0.5096
