Location: internet_12.png_Mean-Medain.png
Component: component_1755088957643_63.png
centerX: 0.9375251914550584
centerY: 0.14285714285714285
width: 0.0354695687222894
height: 0.03934987168520103
Area: 0.0005135120442594974
CentroidX: 0.9518
CentroidY: 0.1612
