Location: Kurtxevani_1794_page_10.png_Mean-Medain.png
Component: component_1755610054647_638.png
centerX: 0.11221507890122735
centerY: 0.1507271925958572
width: 0.015780245470485097
height: 0.015425297487880123
Area: 0.0001519733742648288
CentroidX: 0.1187
CentroidY: 0.1583
