Location: internet_12.png_Otsu.png
Component: component_1755088957532_442.png
centerX: 0.05280128980249899
centerY: 0.38323353293413176
width: 0.02539298669891173
height: 0.03992015968063872
Area: 0.00033755256803718524
CentroidX: 0.0656
CentroidY: 0.4024
