Location: internet_12.png_Otsu.png
Component: component_1755088957511_164.png
centerX: 0.1954856912535268
centerY: 0.16709438266324494
width: 0.023377670294236194
height: 0.03649843170801255
Area: 0.0003622627492179802
CentroidX: 0.2075
CentroidY: 0.1848
