Location: internet_12.png_Mean-Closing.png
Component: component_1755088957372_248.png
centerX: 0.29866989117291415
centerY: 0.5788423153692615
width: 0.026602176541717048
height: 0.03877958368976333
Area: 0.0004927095196375257
CentroidX: 0.3137
CentroidY: 0.5979
