Location: internet_12.png_Otsu.png
Component: component_1755088957502_51.png
centerX: 0.23821039903264812
centerY: 0.06301682349586542
width: 0.03869407496977025
height: 0.035642999714856
Area: 0.00052466035855967
CentroidX: 0.2543
CentroidY: 0.0795
