Location: Paraklitoni_1720_page_10.png_Mean-Medain.png
Component: component_1755610055278_704.png
centerX: 0.8163109756097561
centerY: 0.25914786967418546
width: 0.011432926829268292
height: 0.011528822055137845
Area: 8.023106546854942e-05
CentroidX: 0.8214
CentroidY: 0.2647
