Location: Samociqulo_1709_page_10.png_Gaussian-Median.png
Component: component_1755610056126_950.png
centerX: 0.7660933660933661
centerY: 0.1959375
width: 0.01818181818181818
height: 0.01125
Area: 0.00012576781326781327
CentroidX: 0.7748
CentroidY: 0.2012
