Location: internet_12.png_Gaussian-Closing.png
Component: component_1755088957048_160.png
centerX: 0.5920999596936719
centerY: 0.3418876532648988
width: 0.027408303103587262
height: 0.03877958368976333
Area: 0.0004294974282447945
CentroidX: 0.6062
CentroidY: 0.3613
