Location: internet_12.png_Mean-Medain.png
Component: component_1755088957660_142.png
centerX: 0.46432889963724305
centerY: 0.29426860564585117
width: 0.030229746070133012
height: 0.03992015968063872
Area: 0.00045524198910292505
CentroidX: 0.4784
CentroidY: 0.3141
