Location: Paraklitoni_1720_page_10.png_Mean-Medain.png
Component: component_1755610055259_515.png
centerX: 0.4527439024390244
centerY: 0.1949874686716792
width: 0.011432926829268292
height: 0.012030075187969926
Area: 8.481569778103795e-05
CentroidX: 0.4583
CentroidY: 0.2005
