Location: Samociqulo_1709_page_10.png_Gaussian-Median.png
Component: component_1755610056312_3481.png
centerX: 0.37886977886977885
centerY: 0.859375
width: 0.015233415233415233
height: 0.0115625
Area: 8.584152334152334e-05
CentroidX: 0.3865
CentroidY: 0.8648
