Location: internet_12.png_Otsu.png
Component: component_1755088957503_73.png
centerX: 0.8359532446594116
centerY: 0.10322212717422298
width: 0.03305118903667876
height: 0.03592814371257485
Area: 0.0004339797401799154
CentroidX: 0.8526
CentroidY: 0.1193
