Location: internet_12.png_Mean-Medain.png
Component: component_1755088957636_41.png
centerX: 0.9355098750503829
centerY: 0.09951525520387795
width: 0.03869407496977025
height: 0.03649843170801255
Area: 0.00047960737705794146
CentroidX: 0.9486
CentroidY: 0.1158
