Location: Kurtxevani_1794_page_10.png_Mean-Medain.png
Component: component_1755610055110_2646.png
centerX: 0.3565166569257744
centerY: 0.8431026884089907
width: 0.015195791934541203
height: 0.020273248126928163
Area: 0.00015300370222594628
CentroidX: 0.3642
CentroidY: 0.8529
