Location: internet_12.png_Otsu.png
Component: component_1755088957552_726.png
centerX: 0.05804111245465538
centerY: 0.5999429712004563
width: 0.02418379685610641
height: 0.031936127744510975
Area: 0.0003538727807240359
CentroidX: 0.0704
CentroidY: 0.6154
