Location: internet_12.png_Mean-Medain.png
Component: component_1755088957687_258.png
centerX: 0.6231358323256752
centerY: 0.5531793555745651
width: 0.03426037887948408
height: 0.04020530367835757
Area: 0.0005697133400613984
CentroidX: 0.6414
CentroidY: 0.5732
