Location: internet_12.png_Otsu.png
Component: component_1755088957544_638.png
centerX: 0.23821039903264812
centerY: 0.5306529797547762
width: 0.03506650544135429
height: 0.031936127744510975
Area: 0.0003789277551306094
CentroidX: 0.2566
CentroidY: 0.5457
