Location: internet_12.png_Mean-Closing.png
Component: component_1755088957159_80.png
centerX: 0.9508262797259169
centerY: 0.1870544625035643
width: 0.030229746070133012
height: 0.035642999714856
Area: 0.0004659305791020596
CentroidX: 0.9644
CentroidY: 0.2039
