Location: Kurtxevani_1784_page_10.png_Gaussian-Closing.png
Component: component_1755610055720_161.png
centerX: 0.6910656620021528
centerY: 0.199203187250996
width: 0.016146393972012917
height: 0.0199203187250996
Area: 0.00018869623765433422
CentroidX: 0.6991
CentroidY: 0.2095
