Location: internet_12.png_Gaussian-Closing.png
Component: component_1755088957036_105.png
centerX: 0.13825070536074163
centerY: 0.21414314228685485
width: 0.02902055622732769
height: 0.04020530367835757
Area: 0.00045742567953285573
CentroidX: 0.1535
CentroidY: 0.2334
