Location: internet_12.png_Otsu.png
Component: component_1755088957536_507.png
centerX: 0.694074969770254
centerY: 0.4291417165668663
width: 0.03184199919387344
height: 0.03450242372398061
Area: 0.00035214881459514323
CentroidX: 0.7060
CentroidY: 0.4458
