Location: internet_12.png_Gaussian-Closing.png
Component: component_1755088957032_89.png
centerX: 0.7178557033454253
centerY: 0.18933561448531508
width: 0.02902055622732769
height: 0.035642999714856
Area: 0.0004082351793217848
CentroidX: 0.7326
CentroidY: 0.2069
