Location: internet_12.png_Gaussian-Closing.png
Component: component_1755088957037_111.png
centerX: 0.6666666666666666
centerY: 0.23210721414314228
width: 0.031035872632003223
height: 0.036783575705731396
Area: 0.00043869191426555536
CentroidX: 0.6813
CentroidY: 0.2488
