Location: internet_12.png_Mean-Medain.png
Component: component_1755088957637_43.png
centerX: 0.8359532446594116
centerY: 0.10293698317650414
width: 0.03305118903667876
height: 0.03649843170801255
Area: 0.0004779983420043083
CentroidX: 0.8525
CentroidY: 0.1193
