Location: internet_12.png_Mean-Medain.png
Component: component_1755088957657_130.png
centerX: 0.09955663039097139
centerY: 0.27345309381237526
width: 0.02257154373236598
height: 0.03706871970345024
Area: 0.00040869490362282286
CentroidX: 0.1109
CentroidY: 0.2912
