Location: internet_12.png_Mean-Medain.png
Component: component_1755088957690_272.png
centerX: 0.8786779524385329
centerY: 0.5845451953236385
width: 0.0354695687222894
height: 0.03992015968063872
Area: 0.00047351603006918737
CentroidX: 0.8971
CentroidY: 0.6035
