Location: internet_12.png_Mean-Closing.png
Component: component_1755088957158_78.png
centerX: 0.012091898428053204
centerY: 0.17365269461077845
width: 0.024586860137041516
height: 0.029369831765041345
Area: 0.0004155907681383936
CentroidX: 0.0256
CentroidY: 0.1877
