Location: internet_12.png_Gaussian-Closing.png
Component: component_1755088957022_38.png
centerX: 0.05199516324062878
centerY: 0.06843455945252352
width: 0.02902055622732769
height: 0.036783575705731396
Area: 0.0005083401458728194
CentroidX: 0.0692
CentroidY: 0.0877
