Location: internet_12.png_Otsu.png
Component: component_1755088957498_37.png
centerX: 0.8935912938331319
centerY: 0.05018534359851725
width: 0.03184199919387344
height: 0.036213287710293696
Area: 0.00042765853104064226
CentroidX: 0.9079
CentroidY: 0.0674
