Location: Paraklitoni_1720_page_10.png_Mean-Medain.png
Component: component_1755610055333_1276.png
centerX: 0.7416158536585366
centerY: 0.46616541353383456
width: 0.010670731707317074
height: 0.011528822055137845
Area: 7.908490739042729e-05
CentroidX: 0.7468
CentroidY: 0.4717
