Location: internet_12.png_Gaussian-Closing.png
Component: component_1755088957018_21.png
centerX: 0.9427650141072148
centerY: 0.04818933561448532
width: 0.03909713825070536
height: 0.03934987168520103
Area: 0.0004837448957672839
CentroidX: 0.9588
CentroidY: 0.0669
