Location: internet_12.png_Otsu.png
Component: component_1755088957502_54.png
centerX: 0.18057234985892784
centerY: 0.06615340747077274
width: 0.02902055622732769
height: 0.03165098374679213
Area: 0.0004621378536184957
CentroidX: 0.1941
CentroidY: 0.0817
