Location: internet_12.png_Otsu.png
Component: component_1755088957508_131.png
centerX: 0.8303103587263201
centerY: 0.1442828628457371
width: 0.03385731559854897
height: 0.039635015682919876
Area: 0.00044524298555534755
CentroidX: 0.8468
CentroidY: 0.1630
