Location: Samociqulo_1709_page_10.png_Gaussian-Median.png
Component: component_1755610056264_2712.png
centerX: 0.10810810810810811
centerY: 0.6609375
width: 0.01818181818181818
height: 0.0159375
Area: 0.00014834152334152335
CentroidX: 0.1167
CentroidY: 0.6692
