Location: internet_12.png_Gaussian-Closing.png
Component: component_1755088957080_301.png
centerX: 0.5122934300685208
centerY: 0.6749358426005133
width: 0.0354695687222894
height: 0.03706871970345024
Area: 0.0004699531667361425
CentroidX: 0.5296
CentroidY: 0.6926
