Location: internet_12.png_Gaussian-Closing.png
Component: component_1755088957057_200.png
centerX: 0.058444175735590485
centerY: 0.43627031650983744
width: 0.04070939137444579
height: 0.040490447676076416
Area: 0.0004511044703935826
CentroidX: 0.0753
CentroidY: 0.4559
