Location: internet_12.png_Gaussian-Closing.png
Component: component_1755088957083_311.png
centerX: 0.014510278113663845
centerY: 0.7000285143997719
width: 0.020959290608625555
height: 0.03022526375819789
Area: 0.0002883620678261143
CentroidX: 0.0256
CentroidY: 0.7154
