Location: internet_12.png_Otsu.png
Component: component_1755088957540_603.png
centerX: 0.6610237807335752
centerY: 0.4955802680353579
width: 0.029826682789197905
height: 0.039064727687482176
Area: 0.00041961335577247647
CentroidX: 0.6751
CentroidY: 0.5140
