Location: internet_12.png_Otsu.png
Component: component_1755088957514_210.png
centerX: 0.5707376058041113
centerY: 0.1941830624465355
width: 0.02902055622732769
height: 0.03507271171941831
Area: 0.0003322657385752477
CentroidX: 0.5866
CentroidY: 0.2108
