Location: internet_12.png_Mean-Medain.png
Component: component_1755088957624_3.png
centerX: 0.13341394598952036
centerY: 0.003136583974907328
width: 0.037484885126964934
height: 0.03934987168520103
Area: 0.0006160305633909816
CentroidX: 0.1543
CentroidY: 0.0239
