Location: internet_12.png_Otsu.png
Component: component_1755088957503_71.png
centerX: 0.9355098750503829
centerY: 0.0998003992015968
width: 0.03829101168883515
height: 0.036213287710293696
Area: 0.00040628135104237316
CentroidX: 0.9481
CentroidY: 0.1159
