Location: Paraklitoni_1720_page_10.png_Mean-Medain.png
Component: component_1755610055347_1451.png
centerX: 0.2347560975609756
centerY: 0.5263157894736842
width: 0.011432926829268292
height: 0.012030075187969926
Area: 7.832080200501253e-05
CentroidX: 0.2402
CentroidY: 0.5318
