Location: internet_12.png_Mean-Closing.png
Component: component_1755088957156_68.png
centerX: 0.6775493752519145
centerY: 0.15112631879098945
width: 0.02902055622732769
height: 0.036783575705731396
Area: 0.0004382321899645173
CentroidX: 0.6925
CentroidY: 0.1688
