Location: internet_12.png_Gaussian-Closing.png
Component: component_1755088957042_136.png
centerX: 0.8399838774687626
centerY: 0.28172226974622183
width: 0.030229746070133012
height: 0.036783575705731396
Area: 0.0004038677984619234
CentroidX: 0.8548
CentroidY: 0.2993
