Location: internet_12.png_Mean-Medain.png
Component: component_1755088957690_274.png
centerX: 0.22047561467150342
centerY: 0.5868263473053892
width: 0.02176541717049577
height: 0.036213287710293696
Area: 0.000434784257706732
CentroidX: 0.2323
CentroidY: 0.6051
