Location: internet_12.png_Gaussian-Closing.png
Component: component_1755088957082_307.png
centerX: 0.23297057638049173
centerY: 0.6928999144568007
width: 0.027005239822652155
height: 0.031080695751354435
Area: 0.00041961335577247647
CentroidX: 0.2453
CentroidY: 0.7078
