Location: internet_12.png_Mean-Closing.png
Component: component_1755088957250_170.png
centerX: 0.05280128980249899
centerY: 0.38294838893641286
width: 0.02539298669891173
height: 0.04020530367835757
Area: 0.00044627736523268315
CentroidX: 0.0662
CentroidY: 0.4032
