Location: internet_12.png_Gaussian-Closing.png
Component: component_1755088957053_179.png
centerX: 0.015719467956469165
centerY: 0.3843741089250071
width: 0.023377670294236194
height: 0.03992015968063872
Area: 0.0004360484995345866
CentroidX: 0.0280
CentroidY: 0.4038
