Location: Kurtxevani_1794_page_10.png_Mean-Medain.png
Component: component_1755610054932_1405.png
centerX: 0.3705435417884278
centerY: 0.40502423975319524
width: 0.012273524254821741
height: 0.014103129131776113
Area: 0.00011282091174236443
CentroidX: 0.3764
CentroidY: 0.4117
