Location: internet_12.png_Mean-Closing.png
Component: component_1755088957402_295.png
centerX: 0.4723901652559452
centerY: 0.6789278585685772
width: 0.03305118903667876
height: 0.034787567721699456
Area: 0.0004916751399601902
CentroidX: 0.4869
CentroidY: 0.6949
