Location: internet_12.png_Mean-Closing.png
Component: component_1755088957366_233.png
centerX: 0.09754131398629586
centerY: 0.5414884516680923
width: 0.0237807335751713
height: 0.03507271171941831
Area: 0.0004501850217915065
CentroidX: 0.1102
CentroidY: 0.5589
