Location: internet_12.png_Mean-Closing.png
Component: component_1755088957320_182.png
centerX: 0.30552196694881095
centerY: 0.41602509267179927
width: 0.028214429665457477
height: 0.03649843170801255
Area: 0.0004275435999653828
CentroidX: 0.3185
CentroidY: 0.4336
