Location: internet_12.png_Gaussian-Closing.png
Component: component_1755088957062_223.png
centerX: 0.01128577186618299
centerY: 0.499001996007984
width: 0.032648125755743655
height: 0.03706871970345024
Area: 0.00044627736523268315
CentroidX: 0.0261
CentroidY: 0.5172
