Location: internet_12.png_Gaussian-Closing.png
Component: component_1755088957078_293.png
centerX: 0.6928657799274486
centerY: 0.6487025948103793
width: 0.03305118903667876
height: 0.03507271171941831
Area: 0.0004438638126522334
CentroidX: 0.7078
CentroidY: 0.6664
