Location: internet_12.png_Mean-Closing.png
Component: component_1755088957140_4.png
centerX: 0.25836356307940345
centerY: 0.003421727972626176
width: 0.03909713825070536
height: 0.035642999714856
Area: 0.0005925846240380412
CentroidX: 0.2741
CentroidY: 0.0202
