Location: internet_12.png_Otsu.png
Component: component_1755088957552_747.png
centerX: 0.6630390971382507
centerY: 0.6045052751639578
width: 0.031035872632003223
height: 0.034787567721699456
Area: 0.0003558266090034476
CentroidX: 0.6793
CentroidY: 0.6230
