Location: internet_12.png_Mean-Medain.png
Component: component_1755088957683_245.png
centerX: 0.8895606610237807
centerY: 0.5280866837753065
width: 0.030229746070133012
height: 0.035357855717137156
Area: 0.00045363295404929186
CentroidX: 0.9056
CentroidY: 0.5459
