Location: internet_12.png_Mean-Closing.png
Component: component_1755088957156_67.png
centerX: 0.4836759371221282
centerY: 0.1508411747932706
width: 0.024586860137041516
height: 0.03706871970345024
Area: 0.0004398412250181505
CentroidX: 0.4958
CentroidY: 0.1679
