Location: internet_12.png_Mean-Medain.png
Component: component_1755088957682_243.png
centerX: 0.28657799274486095
centerY: 0.5249500998003992
width: 0.03305118903667876
height: 0.03706871970345024
Area: 0.0004933991060890829
CentroidX: 0.3006
CentroidY: 0.5422
