Location: internet_12.png_Mean-Medain.png
Component: component_1755088957633_29.png
centerX: 0.4465941152760983
centerY: 0.05588822355289421
width: 0.028214429665457477
height: 0.03279155973766752
Area: 0.0004701830288866615
CentroidX: 0.4614
CentroidY: 0.0717
