Location: internet_12.png_Mean-Medain.png
Component: component_1755088957653_111.png
centerX: 0.6666666666666666
centerY: 0.23182207014542344
width: 0.031035872632003223
height: 0.03706871970345024
Area: 0.00046064374964012206
CentroidX: 0.6813
CentroidY: 0.2487
