Location: internet_12.png_Mean-Closing.png
Component: component_1755088957371_244.png
centerX: 0.4655380894800484
centerY: 0.5651554034787568
width: 0.03143893591293833
height: 0.03592814371257485
Area: 0.0004807566878105366
CentroidX: 0.4835
CentroidY: 0.5826
