Location: internet_12.png_Otsu.png
Component: component_1755088957526_384.png
centerX: 0.7771060056428859
centerY: 0.32763045337895635
width: 0.03869407496977025
height: 0.03792415169660679
Area: 0.000419958148998255
CentroidX: 0.7936
CentroidY: 0.3455
