Location: internet_12.png_Otsu.png
Component: component_1755088957537_536.png
centerX: 0.5368802902055623
centerY: 0.4439692044482464
width: 0.02902055622732769
height: 0.03877958368976333
Area: 0.00043869191426555536
CentroidX: 0.5516
CentroidY: 0.4634
