Location: internet_12.png_Mean-Medain.png
Component: component_1755088957693_290.png
centerX: 0.4852881902458686
centerY: 0.6241802110065583
width: 0.02781136638452237
height: 0.04305674365554605
Area: 0.0004730563057681493
CentroidX: 0.4999
CentroidY: 0.6452
