Location: internet_12.png_Gaussian-Closing.png
Component: component_1755088957081_306.png
centerX: 0.27972591696896415
centerY: 0.6897633304818933
width: 0.02902055622732769
height: 0.03307670373538637
Area: 0.0004369679481366627
CentroidX: 0.2928
CentroidY: 0.7056
