Location: Samociqulo_1709_page_10.png_Gaussian-Median.png
Component: component_1755610056186_1770.png
centerX: 0.48452088452088454
centerY: 0.3790625
width: 0.0171990171990172
height: 0.0134375
Area: 0.0001243857493857494
CentroidX: 0.4925
CentroidY: 0.3860
