Location: internet_12.png_Otsu.png
Component: component_1755088957520_304.png
centerX: 0.18823055219669488
centerY: 0.26147704590818366
width: 0.03506650544135429
height: 0.04134587966923296
Area: 0.0004460475030821641
CentroidX: 0.2024
CentroidY: 0.2817
