Location: internet_12.png_Mean-Closing.png
Component: component_1755088957367_234.png
centerX: 0.1430874647319629
centerY: 0.5414884516680923
width: 0.03184199919387344
height: 0.036783575705731396
Area: 0.0004974216937231658
CentroidX: 0.1576
CentroidY: 0.5595
