Location: internet_12.png_Otsu.png
Component: component_1755088957508_133.png
centerX: 0.6307940346634422
centerY: 0.1459937268320502
width: 0.028617492946392584
height: 0.037639007698887936
Area: 0.0003842145845925469
CentroidX: 0.6438
CentroidY: 0.1635
