Location: internet_12.png_Mean-Medain.png
Component: component_1755088957655_121.png
centerX: 0.4703748488512696
centerY: 0.24379811804961504
width: 0.027408303103587262
height: 0.038209295694325636
Area: 0.00043329015372835835
CentroidX: 0.4829
CentroidY: 0.2620
