Location: internet_12.png_Mean-Closing.png
Component: component_1755088957391_288.png
centerX: 0.10479645304312778
centerY: 0.6498431708012546
width: 0.03305118903667876
height: 0.036213287710293696
Area: 0.0004717920639402947
CentroidX: 0.1174
CentroidY: 0.6675
