Location: internet_12.png_Otsu.png
Component: component_1755088957560_886.png
centerX: 0.6521563885530028
centerY: 0.6558311947533504
width: 0.02418379685610641
height: 0.03279155973766752
Area: 0.00036168809384168267
CentroidX: 0.6652
CentroidY: 0.6716
