Location: internet_12.png_Mean-Medain.png
Component: component_1755088957681_238.png
centerX: 0.4772269246271665
centerY: 0.5135443398916453
width: 0.03506650544135429
height: 0.03507271171941831
Area: 0.000490295967057076
CentroidX: 0.4902
CentroidY: 0.5299
