Location: internet_12.png_Mean-Medain.png
Component: component_1755088957694_291.png
centerX: 0.4518339379282547
centerY: 0.6250356429997148
width: 0.028214429665457477
height: 0.0427715996578272
Area: 0.00046156319824219817
CentroidX: 0.4664
CentroidY: 0.6456
