Location: internet_12.png_Mean-Medain.png
Component: component_1755088957699_308.png
centerX: 0.10479645304312778
centerY: 0.6498431708012546
width: 0.03385731559854897
height: 0.036213287710293696
Area: 0.0004765042380259347
CentroidX: 0.1174
CentroidY: 0.6675
