Location: internet_12.png_Mean-Closing.png
Component: component_1755088957325_186.png
centerX: 0.7380088673921805
centerY: 0.4245794126033647
width: 0.039500201531640466
height: 0.04134587966923296
Area: 0.0005263843246885627
CentroidX: 0.7541
CentroidY: 0.4435
