Location: internet_12.png_Mean-Medain.png
Component: component_1755088957675_205.png
centerX: 0.014510278113663845
centerY: 0.43741089250071286
width: 0.030632809351068116
height: 0.0427715996578272
Area: 0.0005121328713563832
CentroidX: 0.0289
CentroidY: 0.4580
