Location: internet_12.png_Mean-Closing.png
Component: component_1755088957162_94.png
centerX: 0.33897621926642485
centerY: 0.20444824636441403
width: 0.024989923417976623
height: 0.038209295694325636
Area: 0.0004469669516842402
CentroidX: 0.3515
CentroidY: 0.2228
