Location: internet_12.png_Otsu.png
Component: component_1755088957548_673.png
centerX: 0.4655380894800484
centerY: 0.5651554034787568
width: 0.03143893591293833
height: 0.03507271171941831
Area: 0.0003881222411513703
CentroidX: 0.4832
CentroidY: 0.5817
