Location: internet_12.png_Mean-Closing.png
Component: component_1755088957374_253.png
centerX: 0.18097541313986296
centerY: 0.587111491303108
width: 0.02257154373236598
height: 0.03649843170801255
Area: 0.00044168012222230266
CentroidX: 0.1933
CentroidY: 0.6059
