Location: internet_12.png_Mean-Medain.png
Component: component_1755088957676_209.png
centerX: 0.5368802902055623
centerY: 0.4439692044482464
width: 0.02902055622732769
height: 0.03877958368976333
Area: 0.0005029383853356223
CentroidX: 0.5517
CentroidY: 0.4635
