Location: Kurtxevani_1764_page_10.png_Otsu.png
Component: component_1755610055995_1841.png
centerX: 0.39741100323624595
centerY: 0.7764265668849392
width: 0.012944983818770227
height: 0.017305893358278764
Area: 0.00012109432945528744
CentroidX: 0.4037
CentroidY: 0.7849
