Location: internet_12.png_Otsu.png
Component: component_1755088957540_591.png
centerX: 0.7496977025392987
centerY: 0.48588537211291705
width: 0.027005239822652155
height: 0.037639007698887936
Area: 0.0003969719339463527
CentroidX: 0.7642
CentroidY: 0.5035
