Location: internet_12.png_Mean-Medain.png
Component: component_1755088957657_131.png
centerX: 0.054816606207174524
centerY: 0.27773025377815796
width: 0.026199113260781944
height: 0.03450242372398061
Area: 0.0004467370895337212
CentroidX: 0.0686
CentroidY: 0.2939
