Location: internet_12.png_Mean-Medain.png
Component: component_1755088957681_234.png
centerX: 0.5703345425231762
centerY: 0.5032791559737667
width: 0.028214429665457477
height: 0.03877958368976333
Area: 0.0004965022451210897
CentroidX: 0.5854
CentroidY: 0.5229
