Location: internet_12.png_Otsu.png
Component: component_1755088957541_606.png
centerX: 0.05763804917372027
centerY: 0.49672084402623323
width: 0.029826682789197905
height: 0.03877958368976333
Area: 0.00039869590007524536
CentroidX: 0.0694
CentroidY: 0.5148
