Location: internet_12.png_Mean-Closing.png
Component: component_1755088957156_66.png
centerX: 0.7367996775493753
centerY: 0.14798973481608213
width: 0.026199113260781944
height: 0.034787567721699456
Area: 0.00041536090598787455
CentroidX: 0.7496
CentroidY: 0.1646
