Location: internet_12.png_Mean-Medain.png
Component: component_1755088957674_202.png
centerX: 0.11366384522370013
centerY: 0.4342743085258055
width: 0.031035872632003223
height: 0.041060735671514116
Area: 0.0004689187870588069
CentroidX: 0.1260
CentroidY: 0.4536
