Location: Samociqulo_1709_page_10.png_Gaussian-Median.png
Component: component_1755610056277_2912.png
centerX: 0.4334152334152334
centerY: 0.72125
width: 0.016216216216216217
height: 0.014375
Area: 0.0001421990171990172
CentroidX: 0.4411
CentroidY: 0.7282
