Location: internet_12.png_Mean-Medain.png
Component: component_1755088957702_323.png
centerX: 0.18823055219669488
centerY: 0.696036498431708
width: 0.03466344216041919
height: 0.033361847733105215
Area: 0.00047960737705794146
CentroidX: 0.2033
CentroidY: 0.7119
