Location: Kurtxevani_1784_page_10.png_Gaussian-Closing.png
Component: component_1755610055731_244.png
centerX: 0.09364908503767493
centerY: 0.33386454183266934
width: 0.016146393972012917
height: 0.020717131474103586
Area: 0.00018354997662739782
CentroidX: 0.1012
CentroidY: 0.3447
