Location: internet_12.png_Mean-Medain.png
Component: component_1755088957673_198.png
centerX: 0.21080209592906085
centerY: 0.4245794126033647
width: 0.03788794840790004
height: 0.037639007698887936
Area: 0.0005213273573771442
CentroidX: 0.2270
CentroidY: 0.4422
