Location: internet_12.png_Mean-Closing.png
Component: component_1755088957174_140.png
centerX: 0.2365981459089077
centerY: 0.31308810949529514
width: 0.0237807335751713
height: 0.038209295694325636
Area: 0.0004307616700726491
CentroidX: 0.2483
CentroidY: 0.3323
