Location: Paraklitoni_1720_page_10.png_Mean-Medain.png
Component: component_1755610055684_2414.png
centerX: 0.8239329268292683
centerY: 0.8822055137844611
width: 0.010670731707317074
height: 0.012030075187969926
Area: 8.137722354667156e-05
CentroidX: 0.8289
CentroidY: 0.8879
