Location: internet_12.png_Otsu.png
Component: component_1755088957554_823.png
centerX: 0.822652156388553
centerY: 0.6361562589107499
width: 0.03909713825070536
height: 0.04020530367835757
Area: 0.0004961574518953111
CentroidX: 0.8387
CentroidY: 0.6541
