Location: Kurtxevani_1794_page_10.png_Mean-Medain.png
Component: component_1755610055041_2010.png
centerX: 0.7773232028053769
centerY: 0.625826355222565
width: 0.014026884862653419
height: 0.020713970912296167
Area: 0.00015660985008985747
CentroidX: 0.7843
CentroidY: 0.6360
