Location: internet_12.png_Mean-Medain.png
Component: component_1755088957655_124.png
centerX: 0.32930270052398225
centerY: 0.2546335899629313
width: 0.031035872632003223
height: 0.04134587966923296
Area: 0.0005014442813572487
CentroidX: 0.3457
CentroidY: 0.2747
