Location: internet_12.png_Gaussian-Closing.png
Component: component_1755088957061_219.png
centerX: 0.10560257960499798
centerY: 0.491588252067294
width: 0.02418379685610641
height: 0.03934987168520103
Area: 0.0004370828792119222
CentroidX: 0.1173
CentroidY: 0.5104
