Location: internet_12.png_Mean-Medain.png
Component: component_1755088957659_136.png
centerX: 0.01007658202337767
centerY: 0.2808668377530653
width: 0.028617492946392584
height: 0.036783575705731396
Area: 0.0004667350966288762
CentroidX: 0.0246
CentroidY: 0.2974
