Location: internet_12.png_Gaussian-Closing.png
Component: component_1755088957068_243.png
centerX: 0.011688835147118097
centerY: 0.5451953236384374
width: 0.028214429665457477
height: 0.03849443969204448
Area: 0.0004521388500709182
CentroidX: 0.0251
CentroidY: 0.5643
