Location: internet_12.png_Gaussian-Closing.png
Component: component_1755088957036_103.png
centerX: 0.1902458686013704
centerY: 0.21157684630738524
width: 0.027005239822652155
height: 0.036783575705731396
Area: 0.00041237269803112725
CentroidX: 0.2047
CentroidY: 0.2287
