Location: internet_12.png_Gaussian-Closing.png
Component: component_1755088957023_44.png
centerX: 0.6279725916968965
centerY: 0.10578842315369262
width: 0.032245062474808545
height: 0.03507271171941831
Area: 0.0004512194014688421
CentroidX: 0.6451
CentroidY: 0.1229
