Location: internet_12.png_Gaussian-Closing.png
Component: component_1755088957035_99.png
centerX: 0.3792825473599355
centerY: 0.20017108639863132
width: 0.029423619508262798
height: 0.036783575705731396
Area: 0.0004731712368434088
CentroidX: 0.3944
CentroidY: 0.2176
