Location: internet_12.png_Otsu.png
Component: component_1755088957535_504.png
centerX: 0.21120515920999597
centerY: 0.4248645566010835
width: 0.037484885126964934
height: 0.03735386370116909
Area: 0.00045041488394202553
CentroidX: 0.2269
CentroidY: 0.4418
