Location: internet_12.png_Gaussian-Closing.png
Component: component_1755088957027_63.png
centerX: 0.9375251914550584
centerY: 0.14314228685486172
width: 0.0354695687222894
height: 0.039064727687482176
Area: 0.0004936289682396019
CentroidX: 0.9516
CentroidY: 0.1614
