Location: internet_12.png_Mean-Closing.png
Component: component_1755088957158_74.png
centerX: 0.09834744054816606
centerY: 0.165098374679213
width: 0.030229746070133012
height: 0.03792415169660679
Area: 0.0005317860852257597
CentroidX: 0.1136
CentroidY: 0.1837
