Location: internet_12.png_Gaussian-Closing.png
Component: component_1755088957041_131.png
centerX: 0.7984683595324465
centerY: 0.2788708297690334
width: 0.027005239822652155
height: 0.034787567721699456
Area: 0.00038329513599047086
CentroidX: 0.8118
CentroidY: 0.2962
