Location: internet_12.png_Mean-Medain.png
Component: component_1755088957644_67.png
centerX: 0.5796049979846836
centerY: 0.14684915882520672
width: 0.026199113260781944
height: 0.04020530367835757
Area: 0.00045259857437195627
CentroidX: 0.5938
CentroidY: 0.1659
