Location: internet_12.png_Otsu.png
Component: component_1755088957504_76.png
centerX: 0.7424425634824667
centerY: 0.10635871114913031
width: 0.028617492946392584
height: 0.033361847733105215
Area: 0.00040444245383822094
CentroidX: 0.7565
CentroidY: 0.1214
