Location: Kurtxevani_1794_page_10.png_Mean-Medain.png
Component: component_1755610054955_1489.png
centerX: 0.5160724722384571
centerY: 0.43146760687527547
width: 0.011689070718877849
height: 0.013662406346408109
Area: 9.99418122283959e-05
CentroidX: 0.5218
CentroidY: 0.4381
