Location: internet_12.png_Gaussian-Closing.png
Component: component_1755088957038_114.png
centerX: 0.7557436517533253
centerY: 0.23381807812945538
width: 0.030229746070133012
height: 0.03849443969204448
Area: 0.00045558678232870357
CentroidX: 0.7710
CentroidY: 0.2519
