Location: internet_12.png_Gaussian-Closing.png
Component: component_1755088957018_22.png
centerX: 0.8935912938331319
centerY: 0.05018534359851725
width: 0.030229746070133012
height: 0.036213287710293696
Area: 0.00044742667598527823
CentroidX: 0.9078
CentroidY: 0.0674
