Location: internet_12.png_Mean-Medain.png
Component: component_1755088957632_26.png
centerX: 0.7376058041112454
centerY: 0.052751639577986884
width: 0.027005239822652155
height: 0.035357855717137156
Area: 0.00045926457673700795
CentroidX: 0.7497
CentroidY: 0.0693
