Location: internet_12.png_Otsu.png
Component: component_1755088957507_90.png
centerX: 0.0032245062474808546
centerY: 0.1217564870259481
width: 0.026199113260781944
height: 0.03450242372398061
Area: 0.00041961335577247647
CentroidX: 0.0170
CentroidY: 0.1389
