Location: internet_12.png_Otsu.png
Component: component_1755088957508_132.png
centerX: 0.8782748891575978
centerY: 0.1442828628457371
width: 0.04191858121725111
height: 0.04134587966923296
Area: 0.00047765354877852976
CentroidX: 0.8957
CentroidY: 0.1648
