Location: internet_12.png_Mean-Closing.png
Component: component_1755088957305_178.png
centerX: 0.3913744457879887
centerY: 0.4066153407470773
width: 0.031035872632003223
height: 0.04362703165098375
Area: 0.0004996053841530965
CentroidX: 0.4060
CentroidY: 0.4283
