Location: internet_12.png_Otsu.png
Component: component_1755088957497_18.png
centerX: 0.8573155985489722
centerY: 0.007984031936127744
width: 0.028617492946392584
height: 0.03649843170801255
Area: 0.00046432154404842644
CentroidX: 0.8727
CentroidY: 0.0259
