Location: internet_12.png_Otsu.png
Component: component_1755088957524_350.png
centerX: 0.32285368802902054
centerY: 0.3056743655546051
width: 0.027005239822652155
height: 0.039064727687482176
Area: 0.000394788243516422
CentroidX: 0.3358
CentroidY: 0.3241
