Location: internet_12.png_Mean-Medain.png
Component: component_1755088957653_113.png
centerX: 0.9274486094316807
centerY: 0.2315369261477046
width: 0.032245062474808545
height: 0.03735386370116909
Area: 0.0004491506421141709
CentroidX: 0.9427
CentroidY: 0.2494
