Location: internet_12.png_Otsu.png
Component: component_1755088957510_159.png
centerX: 0.24506247480854493
centerY: 0.1645280866837753
width: 0.02902055622732769
height: 0.038209295694325636
Area: 0.00040133931480621415
CentroidX: 0.2590
CentroidY: 0.1822
