Location: internet_12.png_Mean-Closing.png
Component: component_1755088957158_76.png
centerX: 0.14469971785570335
centerY: 0.1679498146564015
width: 0.025796049979846837
height: 0.03649843170801255
Area: 0.0004411054668460051
CentroidX: 0.1578
CentroidY: 0.1853
