Location: internet_12.png_Mean-Closing.png
Component: component_1755088957176_146.png
centerX: 0.09028617492946392
centerY: 0.3273453093812375
width: 0.03788794840790004
height: 0.038209295694325636
Area: 0.0004754698583485991
CentroidX: 0.1054
CentroidY: 0.3454
