Location: internet_12.png_Otsu.png
Component: component_1755088957551_719.png
centerX: 0.7815397017331721
centerY: 0.5968063872255489
width: 0.024989923417976623
height: 0.03421727972626176
Area: 0.00035249360782092174
CentroidX: 0.7929
CentroidY: 0.6125
