Location: internet_12.png_Gaussian-Closing.png
Component: component_1755088957020_29.png
centerX: 0.5042321644498187
centerY: 0.05588822355289421
width: 0.031035872632003223
height: 0.03706871970345024
Area: 0.00048121641211157465
CentroidX: 0.5187
CentroidY: 0.0734
