Location: internet_12.png_Gaussian-Closing.png
Component: component_1755088957023_42.png
centerX: 0.8359532446594116
centerY: 0.10322212717422298
width: 0.03305118903667876
height: 0.036213287710293696
Area: 0.0004600690942638245
CentroidX: 0.8525
CentroidY: 0.1194
