Location: internet_12.png_Mean-Closing.png
Component: component_1755088957160_84.png
centerX: 0.8153970173317211
centerY: 0.1899059024807528
width: 0.030229746070133012
height: 0.034787567721699456
Area: 0.00042972729039531346
CentroidX: 0.8292
CentroidY: 0.2057
