Location: internet_12.png_Mean-Medain.png
Component: component_1755088957665_160.png
centerX: 0.011688835147118097
centerY: 0.3313373253493014
width: 0.02015316404675534
height: 0.03421727972626176
Area: 0.0004026035566340688
CentroidX: 0.0223
CentroidY: 0.3483
