Location: internet_12.png_Mean-Medain.png
Component: component_1755088957661_146.png
centerX: 0.3688029020556227
centerY: 0.3028229255774166
width: 0.027005239822652155
height: 0.040490447676076416
Area: 0.0004670798898546547
CentroidX: 0.3815
CentroidY: 0.3220
