Location: internet_12.png_Mean-Closing.png
Component: component_1755088957176_147.png
centerX: 0.7771060056428859
centerY: 0.3273453093812375
width: 0.03869407496977025
height: 0.038209295694325636
Area: 0.0004931692439385638
CentroidX: 0.7940
CentroidY: 0.3455
