Location: internet_12.png_Mean-Closing.png
Component: component_1755088957375_258.png
centerX: 0.10116888351471182
centerY: 0.5956658112346735
width: 0.02902055622732769
height: 0.03450242372398061
Area: 0.00044834612458735434
CentroidX: 0.1154
CentroidY: 0.6123
