Location: internet_12.png_Mean-Closing.png
Component: component_1755088957184_154.png
centerX: 0.5388956066102378
centerY: 0.3450242372398061
width: 0.03143893591293833
height: 0.03934987168520103
Area: 0.0004665052344783572
CentroidX: 0.5547
CentroidY: 0.3648
