Location: internet_12.png_Otsu.png
Component: component_1755088957553_796.png
centerX: 0.4518339379282547
centerY: 0.6253207869974337
width: 0.02781136638452237
height: 0.042486455660108356
Area: 0.0003731812013676338
CentroidX: 0.4663
CentroidY: 0.6451
