Location: internet_12.png_Gaussian-Closing.png
Component: component_1755088957069_252.png
centerX: 0.42402257154373235
centerY: 0.5697177074422584
width: 0.02902055622732769
height: 0.035642999714856
Area: 0.00045570171340396305
CentroidX: 0.4397
CentroidY: 0.5867
