Location: internet_12.png_Gaussian-Closing.png
Component: component_1755088957041_128.png
centerX: 0.09955663039097139
centerY: 0.27345309381237526
width: 0.022168480451430876
height: 0.03706871970345024
Area: 0.00039329413953804836
CentroidX: 0.1109
CentroidY: 0.2912
