Location: internet_12.png_Mean-Closing.png
Component: component_1755088957154_57.png
centerX: 0.04232164449818621
centerY: 0.1228970630168235
width: 0.02418379685610641
height: 0.03450242372398061
Area: 0.00042558977168597107
CentroidX: 0.0566
CentroidY: 0.1401
