Location: internet_12.png_Mean-Medain.png
Component: component_1755088957646_74.png
centerX: 0.4349052801289803
centerY: 0.15226689478186484
width: 0.026602176541717048
height: 0.03934987168520103
Area: 0.00046340209544635033
CentroidX: 0.4491
CentroidY: 0.1719
