Location: Samociqulo_1709_page_10.png_Gaussian-Median.png
Component: component_1755610056095_577.png
centerX: 0.25552825552825553
centerY: 0.0878125
width: 0.01425061425061425
height: 0.0125
Area: 0.00011378992628992629
CentroidX: 0.2620
CentroidY: 0.0940
