Location: internet_12.png_Otsu.png
Component: component_1755088957555_836.png
centerX: 0.27690447400241835
centerY: 0.6424294268605646
width: 0.02539298669891173
height: 0.03877958368976333
Area: 0.0003416900867465277
CentroidX: 0.2900
CentroidY: 0.6602
