Location: Paraklitoni_1720_page_10.png_Mean-Medain.png
Component: component_1755610055251_461.png
centerX: 0.7545731707317073
centerY: 0.17593984962406015
width: 0.010670731707317074
height: 0.011528822055137845
Area: 6.762332660920595e-05
CentroidX: 0.7596
CentroidY: 0.1815
