Location: internet_12.png_Mean-Closing.png
Component: component_1755088957164_99.png
centerX: 0.08706166868198308
centerY: 0.2226974622184203
width: 0.024989923417976623
height: 0.03934987168520103
Area: 0.0004458176409316451
CentroidX: 0.0982
CentroidY: 0.2408
