Location: internet_12.png_Otsu.png
Component: component_1755088957507_91.png
centerX: 0.042724707779121324
centerY: 0.1228970630168235
width: 0.023377670294236194
height: 0.03450242372398061
Area: 0.000385134033194623
CentroidX: 0.0567
CentroidY: 0.1400
