Location: internet_12.png_Mean-Medain.png
Component: component_1755088957699_313.png
centerX: 0.6033857315598549
centerY: 0.6632449386940404
width: 0.042724707779121324
height: 0.03592814371257485
Area: 0.0004939737614653804
CentroidX: 0.6191
CentroidY: 0.6802
