Location: internet_12.png_Gaussian-Closing.png
Component: component_1755088957019_25.png
centerX: 0.7380088673921805
centerY: 0.052751639577986884
width: 0.026602176541717048
height: 0.03507271171941831
Area: 0.0004309915322231681
CentroidX: 0.7498
CentroidY: 0.0692
