Location: internet_12.png_Gaussian-Closing.png
Component: component_1755088957064_231.png
centerX: 0.28657799274486095
centerY: 0.525235243798118
width: 0.032648125755743655
height: 0.036783575705731396
Area: 0.00046098854286590063
CentroidX: 0.3005
CentroidY: 0.5422
