Location: internet_12.png_Mean-Closing.png
Component: component_1755088957153_52.png
centerX: 0.24385328496573963
centerY: 0.1157684630738523
width: 0.02781136638452237
height: 0.03279155973766752
Area: 0.000415245974912615
CentroidX: 0.2589
CentroidY: 0.1310
