Location: internet_12.png_Mean-Medain.png
Component: component_1755088957681_233.png
centerX: 0.010882708585247884
centerY: 0.499001996007984
width: 0.03345425231761386
height: 0.03706871970345024
Area: 0.0004807566878105366
CentroidX: 0.0261
CentroidY: 0.5171
