Location: internet_12.png_Gaussian-Closing.png
Component: component_1755088957049_162.png
centerX: 0.49858927851672713
centerY: 0.3478756772169946
width: 0.026602176541717048
height: 0.039635015682919876
Area: 0.00041237269803112725
CentroidX: 0.5116
CentroidY: 0.3666
