Location: Paraklitoni_1720_page_10.png_Mean-Medain.png
Component: component_1755610055261_526.png
centerX: 0.8079268292682927
centerY: 0.19699248120300752
width: 0.010670731707317074
height: 0.011027568922305764
Area: 7.067974815086497e-05
CentroidX: 0.8129
CentroidY: 0.2027
