Location: internet_12.png_Mean-Closing.png
Component: component_1755088957172_130.png
centerX: 0.8399838774687626
centerY: 0.28172226974622183
width: 0.030229746070133012
height: 0.036783575705731396
Area: 0.000414556388461058
CentroidX: 0.8548
CentroidY: 0.2993
