Location: internet_12.png_Mean-Medain.png
Component: component_1755088957624_4.png
centerX: 0.31680773881499397
centerY: 0.00285143997718848
width: 0.02781136638452237
height: 0.03279155973766752
Area: 0.0005115582159800857
CentroidX: 0.3315
CentroidY: 0.0191
