Location: Kurtxevani_1794_page_10.png_Mean-Medain.png
Component: component_1755610054852_996.png
centerX: 0.40502630040911747
centerY: 0.27677390921110623
width: 0.011689070718877849
height: 0.014103129131776113
Area: 0.00011230574776180568
CentroidX: 0.4106
CentroidY: 0.2834
