Location: internet_12.png_Mean-Medain.png
Component: component_1755088957655_123.png
centerX: 0.37726723095526
centerY: 0.24978614200171087
width: 0.025796049979846837
height: 0.04020530367835757
Area: 0.00047995217028372003
CentroidX: 0.3905
CentroidY: 0.2692
