Location: internet_12.png_Otsu.png
Component: component_1755088957550_715.png
centerX: 0.10116888351471182
centerY: 0.5956658112346735
width: 0.028214429665457477
height: 0.03450242372398061
Area: 0.00038306527383995183
CentroidX: 0.1151
CentroidY: 0.6121
