Location: internet_12.png_Mean-Medain.png
Component: component_1755088957651_102.png
centerX: 0.3792825473599355
centerY: 0.20017108639863132
width: 0.029423619508262798
height: 0.036783575705731396
Area: 0.0004936289682396019
CentroidX: 0.3943
CentroidY: 0.2177
