Location: Paraklitoni_1720_page_10.png_Mean-Medain.png
Component: component_1755610055486_1963.png
centerX: 0.8727134146341463
centerY: 0.7147869674185464
width: 0.012195121951219513
height: 0.012030075187969926
Area: 9.360290971330766e-05
CentroidX: 0.8782
CentroidY: 0.7206
