Location: internet_12.png_Otsu.png
Component: component_1755088957541_607.png
centerX: 0.01128577186618299
centerY: 0.4992871400057029
width: 0.032648125755743655
height: 0.036783575705731396
Area: 0.00040306328093510683
CentroidX: 0.0259
CentroidY: 0.5170
