Location: internet_12.png_Mean-Medain.png
Component: component_1755088957698_306.png
centerX: 0.6928657799274486
centerY: 0.6487025948103793
width: 0.03385731559854897
height: 0.03507271171941831
Area: 0.00046064374964012206
CentroidX: 0.7079
CentroidY: 0.6665
