Location: internet_12.png_Gaussian-Closing.png
Component: component_1755088957020_31.png
centerX: 0.39500201531640466
centerY: 0.05788423153692615
width: 0.03385731559854897
height: 0.032506415739948676
Area: 0.00043237070512628224
CentroidX: 0.4093
CentroidY: 0.0731
