Location: internet_12.png_Mean-Medain.png
Component: component_1755088957626_10.png
centerX: 0.9145505844417574
centerY: 0.0051325919589392645
width: 0.04393389762192664
height: 0.03934987168520103
Area: 0.0006169500119930577
CentroidX: 0.9318
CentroidY: 0.0240
