Location: internet_12.png_Otsu.png
Component: component_1755088957551_724.png
centerX: 0.7009270455461507
centerY: 0.5993726832050186
width: 0.029826682789197905
height: 0.03450242372398061
Area: 0.00036938847588406995
CentroidX: 0.7158
CentroidY: 0.6163
