Location: Kurtxevani_1784_page_10.png_Gaussian-Closing.png
Component: component_1755610055726_206.png
centerX: 0.12271259418729817
centerY: 0.26374501992031874
width: 0.017222820236813777
height: 0.02390438247011952
Area: 0.00022043151398710862
CentroidX: 0.1308
CentroidY: 0.2755
