Location: internet_12.png_Otsu.png
Component: component_1755088957529_421.png
centerX: 0.23216444981862153
centerY: 0.3686911890504705
width: 0.024989923417976623
height: 0.03992015968063872
Area: 0.0003708825798624436
CentroidX: 0.2449
CentroidY: 0.3874
