Location: Paraklitoni_1720_page_10.png_Mean-Medain.png
Component: component_1755610055259_514.png
centerX: 0.4260670731707317
centerY: 0.1949874686716792
width: 0.011432926829268292
height: 0.014035087719298246
Area: 9.28388043278929e-05
CentroidX: 0.4315
CentroidY: 0.2013
