Location: internet_12.png_Gaussian-Closing.png
Component: component_1755088957061_218.png
centerX: 0.1483272873841193
centerY: 0.49016253207869975
width: 0.031035872632003223
height: 0.039635015682919876
Area: 0.00046156319824219817
CentroidX: 0.1612
CentroidY: 0.5097
