Location: internet_12.png_Mean-Closing.png
Component: component_1755088957204_162.png
centerX: 0.23216444981862153
centerY: 0.3686911890504705
width: 0.02539298669891173
height: 0.03992015968063872
Area: 0.0004421398465233407
CentroidX: 0.2449
CentroidY: 0.3877
