Location: internet_12.png_Gaussian-Closing.png
Component: component_1755088957068_244.png
centerX: 0.6674727932285369
centerY: 0.5503279155973767
width: 0.027005239822652155
height: 0.033361847733105215
Area: 0.0004122577669558677
CentroidX: 0.6809
CentroidY: 0.5653
