Location: internet_12.png_Mean-Closing.png
Component: component_1755088957344_212.png
centerX: 0.6610237807335752
centerY: 0.4955802680353579
width: 0.030229746070133012
height: 0.039064727687482176
Area: 0.0005053519379160721
CentroidX: 0.6752
CentroidY: 0.5145
