Location: internet_12.png_Gaussian-Closing.png
Component: component_1755088957054_185.png
centerX: 0.3913744457879887
centerY: 0.4066153407470773
width: 0.031035872632003223
height: 0.04362703165098375
Area: 0.0004701830288866615
CentroidX: 0.4058
CentroidY: 0.4281
