Location: internet_12.png_Mean-Closing.png
Component: component_1755088957154_56.png
centerX: 0.0028214429665457475
centerY: 0.12147134302822926
width: 0.026602176541717048
height: 0.034787567721699456
Area: 0.00046535592372576204
CentroidX: 0.0168
CentroidY: 0.1388
