Location: internet_12.png_Mean-Closing.png
Component: component_1755088957165_101.png
centerX: 0.04312777106005643
centerY: 0.22554890219560877
width: 0.026199113260781944
height: 0.03735386370116909
Area: 0.0004337498780293964
CentroidX: 0.0564
CentroidY: 0.2441
