Location: Samociqulo_1709_page_10.png_Gaussian-Median.png
Component: component_1755610056240_2360.png
centerX: 0.513022113022113
centerY: 0.5640625
width: 0.01769041769041769
height: 0.014375
Area: 0.00013344594594594594
CentroidX: 0.5213
CentroidY: 0.5703
