Location: internet_12.png_Gaussian-Closing.png
Component: component_1755088957042_132.png
centerX: 0.7553405884723902
centerY: 0.2802965497576276
width: 0.02781136638452237
height: 0.034787567721699456
Area: 0.0004047872470639995
CentroidX: 0.7680
CentroidY: 0.2973
