Location: internet_12.png_Mean-Closing.png
Component: component_1755088957158_73.png
centerX: 0.24506247480854493
centerY: 0.16424294268605646
width: 0.02902055622732769
height: 0.03877958368976333
Area: 0.0004631722332958313
CentroidX: 0.2590
CentroidY: 0.1826
