Location: internet_12.png_Mean-Medain.png
Component: component_1755088957663_151.png
centerX: 0.1422813381700927
centerY: 0.32249786142001713
width: 0.022974607013301087
height: 0.035357855717137156
Area: 0.0004217970462024072
CentroidX: 0.1527
CentroidY: 0.3396
