Location: internet_12.png_Gaussian-Closing.png
Component: component_1755088957051_170.png
centerX: 0.8960096735187424
centerY: 0.3712574850299401
width: 0.03667875856509472
height: 0.036783575705731396
Area: 0.0004691486492093259
CentroidX: 0.9127
CentroidY: 0.3884
