Location: internet_12.png_Gaussian-Closing.png
Component: component_1755088957082_309.png
centerX: 0.14469971785570335
centerY: 0.69803250641574
width: 0.02902055622732769
height: 0.03165098374679213
Area: 0.0004209925286755906
CentroidX: 0.1581
CentroidY: 0.7133
