Location: internet_12.png_Mean-Closing.png
Component: component_1755088957379_268.png
centerX: 0.5538089480048367
centerY: 0.6196179070430567
width: 0.032648125755743655
height: 0.04077559167379527
Area: 0.0004477714692110568
CentroidX: 0.5707
CentroidY: 0.6389
