Location: internet_12.png_Mean-Closing.png
Component: component_1755088957307_179.png
centerX: 0.9411527609834744
centerY: 0.41003706871970347
width: 0.03385731559854897
height: 0.03934987168520103
Area: 0.0004983411423252419
CentroidX: 0.9579
CentroidY: 0.4292
