Location: internet_12.png_Gaussian-Closing.png
Component: component_1755088957032_88.png
centerX: 0.8964127367996776
centerY: 0.1887653264898774
width: 0.03184199919387344
height: 0.040490447676076416
Area: 0.00044834612458735434
CentroidX: 0.9121
CentroidY: 0.2083
