Location: internet_12.png_Mean-Medain.png
Component: component_1755088957679_226.png
centerX: 0.705763804917372
centerY: 0.4895922440832621
width: 0.032648125755743655
height: 0.03706871970345024
Area: 0.0005091446633996359
CentroidX: 0.7210
CentroidY: 0.5077
