Location: internet_12.png_Gaussian-Closing.png
Component: component_1755088957044_144.png
centerX: 0.32245062474808545
centerY: 0.3056743655546051
width: 0.027408303103587262
height: 0.039064727687482176
Area: 0.0004368530170614032
CentroidX: 0.3356
CentroidY: 0.3245
