Location: internet_12.png_Mean-Closing.png
Component: component_1755088957385_281.png
centerX: 0.27650141072148327
centerY: 0.6421442828628457
width: 0.025796049979846837
height: 0.039064727687482176
Area: 0.00042903770394375643
CentroidX: 0.2899
CentroidY: 0.6608
