Location: internet_12.png_Otsu.png
Component: component_1755088957530_429.png
centerX: 0.841596130592503
centerY: 0.37439406900484745
width: 0.042724707779121324
height: 0.036783575705731396
Area: 0.0004459325720069046
CentroidX: 0.8572
CentroidY: 0.3909
