Location: internet_12.png_Mean-Closing.png
Component: component_1755088957365_230.png
centerX: 0.7791213220475615
centerY: 0.5357855717137154
width: 0.036275695284159616
height: 0.03792415169660679
Area: 0.0005353489485588046
CentroidX: 0.7981
CentroidY: 0.5544
