Location: internet_12.png_Gaussian-Closing.png
Component: component_1755088957077_289.png
centerX: 0.7351874244256348
centerY: 0.6429997148560023
width: 0.03426037887948408
height: 0.03934987168520103
Area: 0.000484894206519879
CentroidX: 0.7507
CentroidY: 0.6611
