Location: internet_12.png_Mean-Closing.png
Component: component_1755088957150_40.png
centerX: 0.8359532446594116
centerY: 0.10293698317650414
width: 0.03305118903667876
height: 0.03649843170801255
Area: 0.00047535492727333954
CentroidX: 0.8525
CentroidY: 0.1194
