Location: internet_12.png_Otsu.png
Component: component_1755088957517_269.png
centerX: 0.8432083837162434
centerY: 0.23296264613629883
width: 0.028214429665457477
height: 0.03592814371257485
Area: 0.000374560374270748
CentroidX: 0.8583
CentroidY: 0.2504
