Location: internet_12.png_Otsu.png
Component: component_1755088957542_622.png
centerX: 0.37807335751713017
centerY: 0.5161106358711149
width: 0.029826682789197905
height: 0.03450242372398061
Area: 0.0004111084562032726
CentroidX: 0.3928
CentroidY: 0.5328
