Location: Paraklitoni_1720_page_10.png_Mean-Medain.png
Component: component_1755610055501_2016.png
centerX: 0.4108231707317073
centerY: 0.7338345864661654
width: 0.010670731707317074
height: 0.012531328320802004
Area: 8.405159239562321e-05
CentroidX: 0.4160
CentroidY: 0.7401
