Location: internet_12.png_Mean-Closing.png
Component: component_1755088957407_298.png
centerX: 0.32245062474808545
centerY: 0.6869118905047049
width: 0.04675534058847239
height: 0.03364699173082407
Area: 0.0005450031588806035
CentroidX: 0.3419
CentroidY: 0.7034
