Location: internet_12.png_Gaussian-Closing.png
Component: component_1755088957063_227.png
centerX: 0.47762998790810157
centerY: 0.5138294838893641
width: 0.03426037887948408
height: 0.034787567721699456
Area: 0.00046064374964012206
CentroidX: 0.4900
CentroidY: 0.5301
