Location: internet_12.png_Otsu.png
Component: component_1755088957512_198.png
centerX: 0.8964127367996776
centerY: 0.1887653264898774
width: 0.03184199919387344
height: 0.040490447676076416
Area: 0.00041765952749306477
CentroidX: 0.9122
CentroidY: 0.2083
