Location: internet_12.png_Mean-Medain.png
Component: component_1755088957628_20.png
centerX: 0.9588875453446191
centerY: 0.007984031936127744
width: 0.037484885126964934
height: 0.03051040775591674
Area: 0.00048638831049825263
CentroidX: 0.9761
CentroidY: 0.0231
