Location: internet_12.png_Mean-Closing.png
Component: component_1755088957341_206.png
centerX: 0.7871825876662636
centerY: 0.48246364414029086
width: 0.030229746070133012
height: 0.04220131166238951
Area: 0.0005161554589904661
CentroidX: 0.8044
CentroidY: 0.5037
