Location: internet_12.png_Mean-Closing.png
Component: component_1755088957165_103.png
centerX: 0.9274486094316807
centerY: 0.2315369261477046
width: 0.032245062474808545
height: 0.03735386370116909
Area: 0.00044823119351209486
CentroidX: 0.9427
CentroidY: 0.2494
