Location: Samociqulo_1709_page_10.png_Gaussian-Median.png
Component: component_1755610056325_3711.png
centerX: 0.1547911547911548
centerY: 0.908125
width: 0.016707616707616706
height: 0.0125
Area: 0.00013267813267813267
CentroidX: 0.1626
CentroidY: 0.9137
