Location: internet_12.png_Otsu.png
Component: component_1755088957501_47.png
centerX: 0.34582829504232165
centerY: 0.05930995152552039
width: 0.03506650544135429
height: 0.032506415739948676
Area: 0.0004600690942638245
CentroidX: 0.3617
CentroidY: 0.0745
