Location: internet_12.png_Otsu.png
Component: component_1755088957539_590.png
centerX: 0.1950826279725917
centerY: 0.48502994011976047
width: 0.02781136638452237
height: 0.03279155973766752
Area: 0.00037272147706659577
CentroidX: 0.2080
CentroidY: 0.5008
