Location: internet_12.png_Mean-Medain.png
Component: component_1755088957632_25.png
centerX: 0.8403869407496977
centerY: 0.05161106358711149
width: 0.032245062474808545
height: 0.035642999714856
Area: 0.0005025935921098438
CentroidX: 0.8547
CentroidY: 0.0679
