Location: Kurtxevani_1794_page_10.png_Mean-Medain.png
Component: component_1755610054604_522.png
centerX: 0.8047925189947399
centerY: 0.1004847950639048
width: 0.012273524254821741
height: 0.014103129131776113
Area: 0.0001300789050910823
CentroidX: 0.8107
CentroidY: 0.1071
