Location: internet_12.png_Mean-Closing.png
Component: component_1755088957159_82.png
centerX: 0.8964127367996776
centerY: 0.1887653264898774
width: 0.03184199919387344
height: 0.040490447676076416
Area: 0.00045868992136071035
CentroidX: 0.9121
CentroidY: 0.2084
