Location: internet_12.png_Mean-Medain.png
Component: component_1755088957703_326.png
centerX: 0.014107214832728738
centerY: 0.7000285143997719
width: 0.02176541717049577
height: 0.03022526375819789
Area: 0.00031353197330794734
CentroidX: 0.0254
CentroidY: 0.7152
