Location: internet_12.png_Gaussian-Closing.png
Component: component_1755088957034_98.png
centerX: 0.42321644498186217
centerY: 0.19788993441688052
width: 0.030632809351068116
height: 0.04163102366695181
Area: 0.0004447832612543095
CentroidX: 0.4398
CentroidY: 0.2175
