Location: internet_12.png_Mean-Medain.png
Component: component_1755088957651_103.png
centerX: 0.33897621926642485
centerY: 0.2041631023666952
width: 0.024989923417976623
height: 0.03934987168520103
Area: 0.0004471968138347592
CentroidX: 0.3515
CentroidY: 0.2229
