Location: internet_12.png_Mean-Closing.png
Component: component_1755088957302_177.png
centerX: 0.437726723095526
centerY: 0.4057599087539207
width: 0.026199113260781944
height: 0.041060735671514116
Area: 0.0004478864002863163
CentroidX: 0.4511
CentroidY: 0.4257
