Location: internet_12.png_Mean-Medain.png
Component: component_1755088957656_128.png
centerX: 0.14469971785570335
centerY: 0.2694610778443114
width: 0.028214429665457477
height: 0.038209295694325636
Area: 0.00046570071695154055
CentroidX: 0.1566
CentroidY: 0.2864
