Location: internet_12.png_Mean-Medain.png
Component: component_1755088957644_69.png
centerX: 0.5352680370818218
centerY: 0.14770459081836326
width: 0.024586860137041516
height: 0.034787567721699456
Area: 0.0004239807366323379
CentroidX: 0.5470
CentroidY: 0.1635
