Location: internet_12.png_Gaussian-Closing.png
Component: component_1755088957067_239.png
centerX: 0.09754131398629586
centerY: 0.5414884516680923
width: 0.0237807335751713
height: 0.035357855717137156
Area: 0.00044064574254496706
CentroidX: 0.1102
CentroidY: 0.5589
