Location: internet_12.png_Mean-Closing.png
Component: component_1755088957152_50.png
centerX: 0.3430068520757759
centerY: 0.11177644710578842
width: 0.02176541717049577
height: 0.033361847733105215
Area: 0.0003812263766357996
CentroidX: 0.3537
CentroidY: 0.1277
