Location: Paraklitoni_1720_page_10.png_Mean-Medain.png
Component: component_1755610055660_2284.png
centerX: 0.4344512195121951
centerY: 0.8390977443609022
width: 0.011432926829268292
height: 0.012030075187969926
Area: 8.023106546854942e-05
CentroidX: 0.4399
CentroidY: 0.8446
