Location: Samociqulo_1709_page_10.png_Gaussian-Median.png
Component: component_1755610056092_548.png
centerX: 0.03734643734643735
centerY: 0.08125
width: 0.015724815724815724
height: 0.0125
Area: 0.00011793611793611793
CentroidX: 0.0451
CentroidY: 0.0877
