Location: internet_12.png_Mean-Closing.png
Component: component_1755088957340_204.png
centerX: 0.2434502216848045
centerY: 0.47875677216994583
width: 0.025796049979846837
height: 0.03735386370116909
Area: 0.00044455339910379047
CentroidX: 0.2569
CentroidY: 0.4977
