Location: internet_12.png_Otsu.png
Component: component_1755088957550_712.png
centerX: 0.1430874647319629
centerY: 0.5933846592529227
width: 0.023377670294236194
height: 0.035642999714856
Area: 0.0003977764514731693
CentroidX: 0.1541
CentroidY: 0.6102
