Location: internet_12.png_Gaussian-Closing.png
Component: component_1755088957081_304.png
centerX: 0.38008867392180573
centerY: 0.6832050185343599
width: 0.031035872632003223
height: 0.03222127174222983
Area: 0.0004242105987828569
CentroidX: 0.3922
CentroidY: 0.6984
