Location: internet_12.png_Mean-Medain.png
Component: component_1755088957647_82.png
centerX: 0.1950826279725917
centerY: 0.16709438266324494
width: 0.02418379685610641
height: 0.036783575705731396
Area: 0.00041731473426728625
CentroidX: 0.2076
CentroidY: 0.1848
