Location: internet_12.png_Gaussian-Closing.png
Component: component_1755088957033_92.png
centerX: 0.5255945183393793
centerY: 0.19104647847162817
width: 0.027408303103587262
height: 0.03706871970345024
Area: 0.00042340608125604034
CentroidX: 0.5392
CentroidY: 0.2089
