Location: internet_12.png_Gaussian-Closing.png
Component: component_1755088957033_93.png
centerX: 0.6187021362353889
centerY: 0.19190191046478472
width: 0.031035872632003223
height: 0.036783575705731396
Area: 0.0004242105987828569
CentroidX: 0.6355
CentroidY: 0.2096
