Location: internet_12.png_Mean-Closing.png
Component: component_1755088957366_232.png
centerX: 0.7448609431680774
centerY: 0.540347875677217
width: 0.029826682789197905
height: 0.036783575705731396
Area: 0.00044765653813579726
CentroidX: 0.7603
CentroidY: 0.5574
