Location: internet_12.png_Mean-Closing.png
Component: component_1755088957154_60.png
centerX: 0.8303103587263201
centerY: 0.14399771884801824
width: 0.03345425231761386
height: 0.03992015968063872
Area: 0.0005037429028624388
CentroidX: 0.8467
CentroidY: 0.1631
