Location: internet_12.png_Mean-Medain.png
Component: component_1755088957638_50.png
centerX: 0.5268037081821846
centerY: 0.10949529512403763
width: 0.028617492946392584
height: 0.033932135728542916
Area: 0.000455012126952406
CentroidX: 0.5411
CentroidY: 0.1247
