Location: internet_12.png_Mean-Medain.png
Component: component_1755088957676_213.png
centerX: 0.38694074969770254
centerY: 0.46535500427716
width: 0.030632809351068116
height: 0.04020530367835757
Area: 0.00047937751490742243
CentroidX: 0.4001
CentroidY: 0.4844
