Location: internet_12.png_Otsu.png
Component: component_1755088957549_691.png
centerX: 0.9532446594115276
centerY: 0.5842600513259196
width: 0.037484885126964934
height: 0.03877958368976333
Area: 0.00034939046878891495
CentroidX: 0.9731
CentroidY: 0.6031
