Location: internet_12.png_Gaussian-Closing.png
Component: component_1755088957043_138.png
centerX: 0.6045949214026602
centerY: 0.28628457370972343
width: 0.029826682789197905
height: 0.036783575705731396
Area: 0.00042340608125604034
CentroidX: 0.6206
CentroidY: 0.3052
