Location: internet_12.png_Mean-Medain.png
Component: component_1755088957659_137.png
centerX: 0.7077791213220476
centerY: 0.28115198175078415
width: 0.029423619508262798
height: 0.039064727687482176
Area: 0.00044834612458735434
CentroidX: 0.7227
CentroidY: 0.3010
