Location: internet_12.png_Gaussian-Closing.png
Component: component_1755088957070_254.png
centerX: 0.3365578395808142
centerY: 0.5765611633875107
width: 0.023377670294236194
height: 0.040490447676076416
Area: 0.0004620229225432362
CentroidX: 0.3498
CentroidY: 0.5967
