Location: internet_12.png_Otsu.png
Component: component_1755088957556_860.png
centerX: 0.1483272873841193
centerY: 0.6484174508126604
width: 0.025796049979846837
height: 0.03649843170801255
Area: 0.00039340907061330784
CentroidX: 0.1622
CentroidY: 0.6663
