Location: internet_12.png_Otsu.png
Component: component_1755088957511_178.png
centerX: 0.051592099959693674
centerY: 0.17365269461077845
width: 0.0237807335751713
height: 0.034787567721699456
Area: 0.00037433051212022896
CentroidX: 0.0647
CentroidY: 0.1901
