Location: internet_12.png_Mean-Medain.png
Component: component_1755088957636_39.png
centerX: 0.12132204756146715
centerY: 0.06871970345024238
width: 0.029423619508262798
height: 0.03136583974907328
Area: 0.0005308666366236836
CentroidX: 0.1362
CentroidY: 0.0832
