Location: internet_12.png_Mean-Closing.png
Component: component_1755088957347_215.png
centerX: 0.01128577186618299
centerY: 0.499001996007984
width: 0.03305118903667876
height: 0.03706871970345024
Area: 0.0004765042380259347
CentroidX: 0.0260
CentroidY: 0.5171
