Location: internet_12.png_Gaussian-Closing.png
Component: component_1755088957048_159.png
centerX: 0.6404675534058847
centerY: 0.3367550613059595
width: 0.030229746070133012
height: 0.041060735671514116
Area: 0.0004540926783503299
CentroidX: 0.6554
CentroidY: 0.3566
