Location: internet_12.png_Mean-Medain.png
Component: component_1755088957656_126.png
centerX: 0.24586860137041516
centerY: 0.2609067579127459
width: 0.023377670294236194
height: 0.03649843170801255
Area: 0.0004258196338364901
CentroidX: 0.2570
CentroidY: 0.2784
