Location: internet_12.png_Mean-Closing.png
Component: component_1755088957389_285.png
centerX: 0.1483272873841193
centerY: 0.6481323068149415
width: 0.025796049979846837
height: 0.036783575705731396
Area: 0.0004697233045856235
CentroidX: 0.1623
CentroidY: 0.6663
