Location: internet_12.png_Mean-Closing.png
Component: component_1755088957381_272.png
centerX: 0.9048770656993148
centerY: 0.6270316509837468
width: 0.03506650544135429
height: 0.03877958368976333
Area: 0.0005840797244688374
CentroidX: 0.9215
CentroidY: 0.6460
