Location: internet_12.png_Mean-Medain.png
Component: component_1755088957670_183.png
centerX: 0.694478033051189
centerY: 0.3840889649272883
width: 0.03990326481257558
height: 0.033932135728542916
Area: 0.0004520239189956587
CentroidX: 0.7091
CentroidY: 0.3997
