Location: internet_12.png_Mean-Closing.png
Component: component_1755088957144_17.png
centerX: 0.634018540910923
centerY: 0.007984031936127744
width: 0.03305118903667876
height: 0.03450242372398061
Area: 0.0005347742931825069
CentroidX: 0.6504
CentroidY: 0.0244
