Location: internet_12.png_Gaussian-Closing.png
Component: component_1755088957050_166.png
centerX: 0.3164046755340588
centerY: 0.36127744510978044
width: 0.028617492946392584
height: 0.04134587966923296
Area: 0.00045443747157610843
CentroidX: 0.3308
CentroidY: 0.3821
