Location: internet_12.png_Mean-Medain.png
Component: component_1755088957677_216.png
centerX: 0.9028617492946392
centerY: 0.47020245223838036
width: 0.03143893591293833
height: 0.039064727687482176
Area: 0.0005282232218927148
CentroidX: 0.9188
CentroidY: 0.4892
