Location: Paraklitoni_1720_page_10.png_Mean-Medain.png
Component: component_1755610055626_2223.png
centerX: 0.7492378048780488
centerY: 0.819047619047619
width: 0.011432926829268292
height: 0.012030075187969926
Area: 7.335411699981662e-05
CentroidX: 0.7546
CentroidY: 0.8248
