Location: internet_12.png_Mean-Closing.png
Component: component_1755088957342_208.png
centerX: 0.7496977025392987
centerY: 0.48560022811519815
width: 0.026602176541717048
height: 0.03792415169660679
Area: 0.0004660455101773191
CentroidX: 0.7644
CentroidY: 0.5040
