Location: internet_12.png_Gaussian-Closing.png
Component: component_1755088957071_263.png
centerX: 0.8548972188633616
centerY: 0.5905332192757342
width: 0.027408303103587262
height: 0.03279155973766752
Area: 0.0003652509571747275
CentroidX: 0.8680
CentroidY: 0.6062
