Location: internet_12.png_Gaussian-Closing.png
Component: component_1755088957023_45.png
centerX: 0.7420395002015316
centerY: 0.10635871114913031
width: 0.02902055622732769
height: 0.033361847733105215
Area: 0.0004407606736202266
CentroidX: 0.7564
CentroidY: 0.1216
