Location: internet_12.png_Mean-Medain.png
Component: component_1755088957698_305.png
centerX: 0.1483272873841193
centerY: 0.6481323068149415
width: 0.027005239822652155
height: 0.036783575705731396
Area: 0.00047627437587541565
CentroidX: 0.1624
CentroidY: 0.6663
