Location: internet_12.png_Gaussian-Closing.png
Component: component_1755088957029_72.png
centerX: 0.6775493752519145
centerY: 0.15112631879098945
width: 0.02902055622732769
height: 0.036783575705731396
Area: 0.0004217970462024072
CentroidX: 0.6925
CentroidY: 0.1688
