Location: internet_12.png_Gaussian-Closing.png
Component: component_1755088957057_198.png
centerX: 0.11406690850463523
centerY: 0.4342743085258055
width: 0.029826682789197905
height: 0.04077559167379527
Area: 0.00044064574254496706
CentroidX: 0.1259
CentroidY: 0.4535
