Location: internet_12.png_Mean-Closing.png
Component: component_1755088957165_102.png
centerX: 0.8875453446191052
centerY: 0.23182207014542344
width: 0.029826682789197905
height: 0.037639007698887936
Area: 0.00044524298555534755
CentroidX: 0.9007
CentroidY: 0.2496
