Location: internet_12.png_Otsu.png
Component: component_1755088957506_84.png
centerX: 0.2889963724304716
centerY: 0.11320216709438266
width: 0.031035872632003223
height: 0.03592814371257485
Area: 0.0003858236196461801
CentroidX: 0.3038
CentroidY: 0.1297
