Location: internet_12.png_Otsu.png
Component: component_1755088957523_340.png
centerX: 0.46432889963724305
centerY: 0.29426860564585117
width: 0.027005239822652155
height: 0.03992015968063872
Area: 0.00034939046878891495
CentroidX: 0.4785
CentroidY: 0.3135
