Location: internet_12.png_Gaussian-Closing.png
Component: component_1755088957055_190.png
centerX: 0.30552196694881095
centerY: 0.41602509267179927
width: 0.02781136638452237
height: 0.03649843170801255
Area: 0.00040375286738666386
CentroidX: 0.3183
CentroidY: 0.4334
