Location: internet_12.png_Mean-Closing.png
Component: component_1755088957193_157.png
centerX: 0.40991535671100365
centerY: 0.35300826917593386
width: 0.029423619508262798
height: 0.039635015682919876
Area: 0.0004517940568451397
CentroidX: 0.4251
CentroidY: 0.3725
