Location: internet_12.png_Mean-Closing.png
Component: component_1755088957374_251.png
centerX: 0.9528415961305925
centerY: 0.5842600513259196
width: 0.03869407496977025
height: 0.03877958368976333
Area: 0.00046834413168250934
CentroidX: 0.9731
CentroidY: 0.6036
