Location: internet_12.png_Mean-Medain.png
Component: component_1755088957686_251.png
centerX: 0.09754131398629586
centerY: 0.5414884516680923
width: 0.02418379685610641
height: 0.035357855717137156
Area: 0.0004521388500709182
CentroidX: 0.1103
CentroidY: 0.5589
