Location: internet_12.png_Mean-Closing.png
Component: component_1755088957392_290.png
centerX: 0.017331721080209594
centerY: 0.6524094667807243
width: 0.02176541717049577
height: 0.03450242372398061
Area: 0.0004138668020095009
CentroidX: 0.0297
CentroidY: 0.6694
