Location: Paraklitoni_1720_page_10.png_Mean-Medain.png
Component: component_1755610055622_2210.png
centerX: 0.23704268292682926
centerY: 0.8175438596491228
width: 0.010670731707317074
height: 0.012030075187969926
Area: 7.71746439268904e-05
CentroidX: 0.2420
CentroidY: 0.8231
