Location: internet_12.png_Mean-Closing.png
Component: component_1755088957158_75.png
centerX: 0.1950826279725917
centerY: 0.16709438266324494
width: 0.0237807335751713
height: 0.036783575705731396
Area: 0.000415245974912615
CentroidX: 0.2075
CentroidY: 0.1848
