Location: internet_12.png_Otsu.png
Component: component_1755088957555_828.png
centerX: 0.3147924224103184
centerY: 0.6387225548902196
width: 0.02539298669891173
height: 0.03849443969204448
Area: 0.00034410363932697743
CentroidX: 0.3285
CentroidY: 0.6580
