Location: internet_12.png_Gaussian-Closing.png
Component: component_1755088957017_15.png
centerX: 0.698105602579605
centerY: 0.007698887938408896
width: 0.035872632003224506
height: 0.03279155973766752
Area: 0.0004965022451210897
CentroidX: 0.7150
CentroidY: 0.0231
