Location: internet_12.png_Mean-Closing.png
Component: component_1755088957384_279.png
centerX: 0.3147924224103184
centerY: 0.6387225548902196
width: 0.02539298669891173
height: 0.03849443969204448
Area: 0.00041674007889098866
CentroidX: 0.3287
CentroidY: 0.6585
