Location: Samociqulo_1709_page_10.png_Gaussian-Median.png
Component: component_1755610056098_595.png
centerX: 0.35773955773955773
centerY: 0.09
width: 0.016707616707616706
height: 0.0134375
Area: 0.00011962530712530713
CentroidX: 0.3655
CentroidY: 0.0968
