Location: internet_12.png_Mean-Closing.png
Component: component_1755088957141_6.png
centerX: 0.4091092301491334
centerY: 0.00427715996578272
width: 0.029826682789197905
height: 0.03992015968063872
Area: 0.0005746553762975574
CentroidX: 0.4252
CentroidY: 0.0238
