Location: internet_12.png_Otsu.png
Component: component_1755088957549_690.png
centerX: 0.9177750906892382
centerY: 0.5842600513259196
width: 0.03184199919387344
height: 0.035642999714856
Area: 0.00036111343846538513
CentroidX: 0.9337
CentroidY: 0.6001
