Location: internet_12.png_Mean-Closing.png
Component: component_1755088957204_163.png
centerX: 0.8960096735187424
centerY: 0.3712574850299401
width: 0.03667875856509472
height: 0.03706871970345024
Area: 0.0005094894566254145
CentroidX: 0.9128
CentroidY: 0.3885
