Location: internet_12.png_Mean-Closing.png
Component: component_1755088957382_273.png
centerX: 0.9492140266021766
centerY: 0.6293128029654976
width: 0.0354695687222894
height: 0.035357855717137156
Area: 0.0004607586807153816
CentroidX: 0.9654
CentroidY: 0.6456
