Location: internet_12.png_Mean-Medain.png
Component: component_1755088957692_282.png
centerX: 0.014107214832728738
centerY: 0.5973766752209866
width: 0.02257154373236598
height: 0.035357855717137156
Area: 0.0003999601419031
CentroidX: 0.0269
CentroidY: 0.6151
