Location: Samociqulo_1709_page_10.png_Gaussian-Median.png
Component: component_1755610056120_834.png
centerX: 0.33955773955773955
centerY: 0.1684375
width: 0.015233415233415233
height: 0.0121875
Area: 0.00010411547911547912
CentroidX: 0.3466
CentroidY: 0.1741
