Location: internet_12.png_Mean-Medain.png
Component: component_1755088957669_181.png
centerX: 0.09391374445787988
centerY: 0.3800969489592244
width: 0.02539298669891173
height: 0.04163102366695181
Area: 0.00046443647512368593
CentroidX: 0.1079
CentroidY: 0.4007
