Location: internet_12.png_Mean-Medain.png
Component: component_1755088957630_21.png
centerX: 0.01128577186618299
centerY: 0.01140575990875392
width: 0.037484885126964934
height: 0.038209295694325636
Area: 0.0005679893739325058
CentroidX: 0.0293
CentroidY: 0.0302
