Location: internet_12.png_Gaussian-Closing.png
Component: component_1755088957022_39.png
centerX: 0.12132204756146715
centerY: 0.06871970345024238
width: 0.029423619508262798
height: 0.03136583974907328
Area: 0.000500639763830432
CentroidX: 0.1362
CentroidY: 0.0832
