Location: internet_12.png_Gaussian-Closing.png
Component: component_1755088957021_35.png
centerX: 0.23821039903264812
centerY: 0.06273167949814656
width: 0.03909713825070536
height: 0.036213287710293696
Area: 0.0005501750572672815
CentroidX: 0.2543
CentroidY: 0.0796
