Location: internet_12.png_Mean-Medain.png
Component: component_1755088957628_19.png
centerX: 0.8573155985489722
centerY: 0.007698887938408896
width: 0.02902055622732769
height: 0.03706871970345024
Area: 0.0005071908351202242
CentroidX: 0.8727
CentroidY: 0.0257
