Location: Paraklitoni_1720_page_10.png_Mean-Medain.png
Component: component_1755610055232_347.png
centerX: 0.8010670731707317
centerY: 0.13483709273182956
width: 0.011432926829268292
height: 0.011528822055137845
Area: 6.953359007274284e-05
CentroidX: 0.8066
CentroidY: 0.1401
