Location: internet_12.png_Gaussian-Closing.png
Component: component_1755088957034_97.png
centerX: 0.47158403869407495
centerY: 0.19446820644425436
width: 0.03345425231761386
height: 0.040490447676076416
Area: 0.0004638618197473884
CentroidX: 0.4894
CentroidY: 0.2138
