Location: internet_12.png_Mean-Medain.png
Component: component_1755088957647_81.png
centerX: 0.09834744054816606
centerY: 0.165098374679213
width: 0.030229746070133012
height: 0.03792415169660679
Area: 0.0005340847067309499
CentroidX: 0.1137
CentroidY: 0.1837
