Location: internet_12.png_Mean-Medain.png
Component: component_1755088957680_232.png
centerX: 0.05763804917372027
centerY: 0.49672084402623323
width: 0.030229746070133012
height: 0.039064727687482176
Area: 0.00048029696350949854
CentroidX: 0.0697
CentroidY: 0.5151
