Location: internet_12.png_Gaussian-Closing.png
Component: component_1755088957079_294.png
centerX: 0.062071745264006446
centerY: 0.6498431708012546
width: 0.02781136638452237
height: 0.03706871970345024
Area: 0.0004360484995345866
CentroidX: 0.0762
CentroidY: 0.6678
