Location: internet_12.png_Mean-Medain.png
Component: component_1755088957635_38.png
centerX: 0.05199516324062878
centerY: 0.06843455945252352
width: 0.029423619508262798
height: 0.036783575705731396
Area: 0.0005337399135051713
CentroidX: 0.0693
CentroidY: 0.0876
