Location: internet_12.png_Gaussian-Closing.png
Component: component_1755088957049_164.png
centerX: 0.40991535671100365
centerY: 0.35300826917593386
width: 0.029423619508262798
height: 0.039635015682919876
Area: 0.00043857698319029587
CentroidX: 0.4251
CentroidY: 0.3726
