Location: internet_12.png_Otsu.png
Component: component_1755088957525_378.png
centerX: 0.8214429665457477
centerY: 0.3256344453949244
width: 0.03305118903667876
height: 0.04077559167379527
Area: 0.0004158206302889126
CentroidX: 0.8378
CentroidY: 0.3455
