Location: internet_12.png_Mean-Medain.png
Component: component_1755088957646_79.png
centerX: 0.29302700523982267
centerY: 0.16224693470202453
width: 0.026199113260781944
height: 0.038209295694325636
Area: 0.00042961235932005397
CentroidX: 0.3064
CentroidY: 0.1804
