Location: internet_12.png_Mean-Medain.png
Component: component_1755088957676_210.png
centerX: 0.4889157597742846
centerY: 0.45052751639577987
width: 0.027005239822652155
height: 0.03649843170801255
Area: 0.0004565062309307797
CentroidX: 0.5010
CentroidY: 0.4678
