Location: internet_12.png_Mean-Closing.png
Component: component_1755088957153_53.png
centerX: 0.1946795646916566
centerY: 0.11690903906472769
width: 0.03305118903667876
height: 0.03165098374679213
Area: 0.00043846205211503633
CentroidX: 0.2080
CentroidY: 0.1319
