Location: internet_12.png_Mean-Closing.png
Component: component_1755088957332_191.png
centerX: 0.6392583635630794
centerY: 0.4354148845166809
width: 0.039500201531640466
height: 0.04362703165098375
Area: 0.0005654608902767966
CentroidX: 0.6577
CentroidY: 0.4575
