Location: internet_12.png_Gaussian-Closing.png
Component: component_1755088957054_187.png
centerX: 0.34421604191858124
centerY: 0.4134587966923296
width: 0.028617492946392584
height: 0.03792415169660679
Area: 0.0004089247657733419
CentroidX: 0.3595
CentroidY: 0.4323
