Location: internet_12.png_Otsu.png
Component: component_1755088957518_273.png
centerX: 0.7561467150342603
centerY: 0.23381807812945538
width: 0.029826682789197905
height: 0.03849443969204448
Area: 0.0004058216267413351
CentroidX: 0.7714
CentroidY: 0.2515
