Location: internet_12.png_Otsu.png
Component: component_1755088957536_518.png
centerX: 0.058847239016525596
centerY: 0.43627031650983744
width: 0.03829101168883515
height: 0.04020530367835757
Area: 0.0003398511895423755
CentroidX: 0.0749
CentroidY: 0.4550
