Location: Kurtxevani_1764_page_10.png_Otsu.png
Component: component_1755610055831_575.png
centerX: 0.8601941747572815
centerY: 0.16557530402245088
width: 0.01488673139158576
height: 0.019176800748362956
Area: 0.00017710045682835788
CentroidX: 0.8668
CentroidY: 0.1752
