Location: Paraklitoni_1720_page_10.png_Mean-Medain.png
Component: component_1755610055360_1587.png
centerX: 0.7233231707317073
centerY: 0.569423558897243
width: 0.011432926829268292
height: 0.012030075187969926
Area: 8.175927623937893e-05
CentroidX: 0.7289
CentroidY: 0.5752
