Location: internet_12.png_Mean-Medain.png
Component: component_1755088957671_190.png
centerX: 0.3913744457879887
centerY: 0.4066153407470773
width: 0.03143893591293833
height: 0.04362703165098375
Area: 0.0005106387673780096
CentroidX: 0.4060
CentroidY: 0.4285
