Location: internet_12.png_Mean-Medain.png
Component: component_1755088957663_155.png
centerX: 0.8673921805723499
centerY: 0.32620473339036216
width: 0.039500201531640466
height: 0.04020530367835757
Area: 0.0005360385350103616
CentroidX: 0.8836
CentroidY: 0.3448
