Location: internet_12.png_Mean-Medain.png
Component: component_1755088957638_52.png
centerX: 0.4280532043530834
centerY: 0.11120615911035073
width: 0.029826682789197905
height: 0.035357855717137156
Area: 0.0004122577669558677
CentroidX: 0.4437
CentroidY: 0.1287
