Location: internet_12.png_Mean-Medain.png
Component: component_1755088957644_70.png
centerX: 0.7367996775493753
centerY: 0.14798973481608213
width: 0.026199113260781944
height: 0.03507271171941831
Area: 0.0004185789760951409
CentroidX: 0.7496
CentroidY: 0.1646
