Location: internet_12.png_Otsu.png
Component: component_1755088957524_345.png
centerX: 0.41676743248690046
centerY: 0.2988309096093527
width: 0.026602176541717048
height: 0.03792415169660679
Area: 0.0003768589957759382
CentroidX: 0.4296
CentroidY: 0.3170
