Location: internet_12.png_Mean-Closing.png
Component: component_1755088957281_174.png
centerX: 0.5904877065699314
centerY: 0.3900769888793841
width: 0.03345425231761386
height: 0.03649843170801255
Area: 0.000504662351464515
CentroidX: 0.6052
CentroidY: 0.4080
