Location: internet_12.png_Gaussian-Closing.png
Component: component_1755088957056_194.png
centerX: 0.7380088673921805
centerY: 0.4245794126033647
width: 0.039500201531640466
height: 0.04134587966923296
Area: 0.0004909855535086331
CentroidX: 0.7540
CentroidY: 0.4436
