Location: Paraklitoni_1720_page_10.png_Mean-Medain.png
Component: component_1755610055537_2121.png
centerX: 0.24009146341463414
centerY: 0.7759398496240602
width: 0.011432926829268292
height: 0.012030075187969926
Area: 8.634390855186747e-05
CentroidX: 0.2456
CentroidY: 0.7818
