Location: internet_12.png_Mean-Medain.png
Component: component_1755088957700_316.png
centerX: 0.5122934300685208
centerY: 0.6749358426005133
width: 0.036275695284159616
height: 0.03706871970345024
Area: 0.00048753762125084777
CentroidX: 0.5297
CentroidY: 0.6926
