Location: internet_12.png_Mean-Closing.png
Component: component_1755088957333_192.png
centerX: 0.058444175735590485
centerY: 0.43627031650983744
width: 0.039500201531640466
height: 0.040490447676076416
Area: 0.000490295967057076
CentroidX: 0.0756
CentroidY: 0.4559
