Location: internet_12.png_Gaussian-Closing.png
Component: component_1755088957020_28.png
centerX: 0.4465941152760983
centerY: 0.05588822355289421
width: 0.028214429665457477
height: 0.032506415739948676
Area: 0.0004428294329748978
CentroidX: 0.4613
CentroidY: 0.0716
