Location: internet_12.png_Gaussian-Closing.png
Component: component_1755088957028_70.png
centerX: 0.7367996775493753
centerY: 0.14798973481608213
width: 0.026199113260781944
height: 0.034787567721699456
Area: 0.00039708686502161223
CentroidX: 0.7496
CentroidY: 0.1646
