Location: internet_12.png_Mean-Medain.png
Component: component_1755088957678_224.png
centerX: 0.1950826279725917
centerY: 0.48502994011976047
width: 0.02781136638452237
height: 0.03279155973766752
Area: 0.00043363494695413687
CentroidX: 0.2082
CentroidY: 0.5009
