Location: internet_12.png_Gaussian-Closing.png
Component: component_1755088957027_67.png
centerX: 0.5796049979846836
centerY: 0.14684915882520672
width: 0.025796049979846837
height: 0.04020530367835757
Area: 0.0004117980426548297
CentroidX: 0.5937
CentroidY: 0.1657
