Location: internet_12.png_Otsu.png
Component: component_1755088957519_287.png
centerX: 0.4260378879484079
centerY: 0.24779013401767894
width: 0.027408303103587262
height: 0.036783575705731396
Area: 0.00036272247351901827
CentroidX: 0.4371
CentroidY: 0.2649
