Location: Paraklitoni_1720_page_10.png_Mean-Medain.png
Component: component_1755610055501_2018.png
centerX: 0.5998475609756098
centerY: 0.7348370927318296
width: 0.011432926829268292
height: 0.012531328320802004
Area: 8.252338162479369e-05
CentroidX: 0.6050
CentroidY: 0.7411
