Location: internet_12.png_Mean-Closing.png
Component: component_1755088957367_235.png
centerX: 0.7025392986698912
centerY: 0.5429141716566867
width: 0.03506650544135429
height: 0.038209295694325636
Area: 0.0005119030092058642
CentroidX: 0.7194
CentroidY: 0.5625
