Location: internet_12.png_Otsu.png
Component: component_1755088957503_72.png
centerX: 0.8786779524385329
centerY: 0.1003706871970345
width: 0.03990326481257558
height: 0.04077559167379527
Area: 0.0004768490312517132
CentroidX: 0.8979
CentroidY: 0.1194
