Location: internet_12.png_Mean-Closing.png
Component: component_1755088957162_95.png
centerX: 0.24506247480854493
centerY: 0.20758483033932135
width: 0.02902055622732769
height: 0.042486455660108356
Area: 0.0004914452778096712
CentroidX: 0.2583
CentroidY: 0.2278
