Location: internet_12.png_Otsu.png
Component: component_1755088957496_11.png
centerX: 0.5167271261588069
centerY: 0.006843455945252352
width: 0.032648125755743655
height: 0.034787567721699456
Area: 0.0004966171761963492
CentroidX: 0.5337
CentroidY: 0.0238
