Location: internet_12.png_Mean-Medain.png
Component: component_1755088957639_53.png
centerX: 0.3430068520757759
centerY: 0.11177644710578842
width: 0.02176541717049577
height: 0.033361847733105215
Area: 0.00038777744792559176
CentroidX: 0.3536
CentroidY: 0.1278
