Location: internet_12.png_Mean-Medain.png
Component: component_1755088957645_73.png
centerX: 0.3901652559451834
centerY: 0.15226689478186484
width: 0.026602176541717048
height: 0.04020530367835757
Area: 0.0004714472707145161
CentroidX: 0.4040
CentroidY: 0.1719
