Location: internet_12.png_Mean-Medain.png
Component: component_1755088957692_283.png
centerX: 0.7005239822652156
centerY: 0.5990875392072997
width: 0.030229746070133012
height: 0.034787567721699456
Area: 0.000419958148998255
CentroidX: 0.7158
CentroidY: 0.6164
