Location: internet_12.png_Gaussian-Closing.png
Component: component_1755088957075_281.png
centerX: 0.4216041918581217
centerY: 0.6298830909609353
width: 0.022974607013301087
height: 0.039635015682919876
Area: 0.00040444245383822094
CentroidX: 0.4330
CentroidY: 0.6489
