Location: internet_12.png_Otsu.png
Component: component_1755088957561_923.png
centerX: 0.5554212011285772
centerY: 0.6720844026233248
width: 0.04675534058847239
height: 0.03279155973766752
Area: 0.0004658156480268001
CentroidX: 0.5710
CentroidY: 0.6868
