Location: internet_12.png_Mean-Closing.png
Component: component_1755088957151_42.png
centerX: 0.6279725916968965
centerY: 0.10578842315369262
width: 0.032245062474808545
height: 0.035357855717137156
Area: 0.00046857399383302837
CentroidX: 0.6451
CentroidY: 0.1229
