Location: internet_12.png_Otsu.png
Component: component_1755088957515_226.png
centerX: 0.33937928254735994
centerY: 0.20444824636441403
width: 0.024586860137041516
height: 0.038209295694325636
Area: 0.0003818010320120972
CentroidX: 0.3517
CentroidY: 0.2225
