Location: internet_12.png_Mean-Medain.png
Component: component_1755088957634_31.png
centerX: 0.558645707376058
centerY: 0.057028799543769604
width: 0.02902055622732769
height: 0.037639007698887936
Area: 0.0005268440489896007
CentroidX: 0.5739
CentroidY: 0.0750
