Location: Kurtxevani_1784_page_10.png_Gaussian-Closing.png
Component: component_1755610055774_610.png
centerX: 0.21528525296017223
centerY: 0.8414342629482072
width: 0.016146393972012917
height: 0.0199203187250996
Area: 0.0002015618902216752
CentroidX: 0.2230
CentroidY: 0.8521
