Location: internet_12.png_Otsu.png
Component: component_1755088957561_931.png
centerX: 0.42402257154373235
centerY: 0.6809238665526091
width: 0.030229746070133012
height: 0.03307670373538637
Area: 0.00042926756609427545
CentroidX: 0.4380
CentroidY: 0.6965
