Location: internet_12.png_Mean-Medain.png
Component: component_1755088957694_295.png
centerX: 0.38774687625957277
centerY: 0.6318790989449672
width: 0.027005239822652155
height: 0.04305674365554605
Area: 0.0004598392321133055
CentroidX: 0.4013
CentroidY: 0.6523
