Location: internet_12.png_Otsu.png
Component: component_1755088957559_874.png
centerX: 0.017331721080209594
centerY: 0.6524094667807243
width: 0.021362353889560662
height: 0.03450242372398061
Area: 0.00035410264287455493
CentroidX: 0.0301
CentroidY: 0.6695
