Location: internet_12.png_Mean-Medain.png
Component: component_1755088957653_112.png
centerX: 0.8875453446191052
centerY: 0.23182207014542344
width: 0.029826682789197905
height: 0.03792415169660679
Area: 0.0004470818827594997
CentroidX: 0.9007
CentroidY: 0.2496
