Location: internet_12.png_Gaussian-Closing.png
Component: component_1755088957045_148.png
centerX: 0.18742442563482467
centerY: 0.3179355574565155
width: 0.023377670294236194
height: 0.03849443969204448
Area: 0.00042145225297662863
CentroidX: 0.1989
CentroidY: 0.3369
