Location: internet_12.png_Gaussian-Closing.png
Component: component_1755088957070_259.png
centerX: 0.9528415961305925
centerY: 0.5842600513259196
width: 0.037484885126964934
height: 0.03877958368976333
Area: 0.0004278883931911613
CentroidX: 0.9725
CentroidY: 0.6037
