Location: Paraklitoni_1720_page_10.png_Mean-Medain.png
Component: component_1755610055365_1630.png
centerX: 0.5746951219512195
centerY: 0.5899749373433584
width: 0.010670731707317074
height: 0.012030075187969926
Area: 7.755669661959777e-05
CentroidX: 0.5799
CentroidY: 0.5955
