Location: Paraklitoni_1720_page_10.png_Mean-Medain.png
Component: component_1755610055338_1340.png
centerX: 0.7461890243902439
centerY: 0.4867167919799499
width: 0.011432926829268292
height: 0.012030075187969926
Area: 7.832080200501253e-05
CentroidX: 0.7518
CentroidY: 0.4924
