Location: internet_12.png_Mean-Medain.png
Component: component_1755088957625_7.png
centerX: 0.40870616686819833
centerY: 0.00427715996578272
width: 0.030229746070133012
height: 0.03992015968063872
Area: 0.0005783331707058619
CentroidX: 0.4252
CentroidY: 0.0238
