Location: internet_12.png_Mean-Closing.png
Component: component_1755088957166_104.png
centerX: 0.6666666666666666
centerY: 0.23210721414314228
width: 0.031035872632003223
height: 0.036783575705731396
Area: 0.00045731074845759624
CentroidX: 0.6813
CentroidY: 0.2488
