Location: internet_12.png_Mean-Medain.png
Component: component_1755088957666_170.png
centerX: 0.3635630794034663
centerY: 0.3575705731394354
width: 0.028617492946392584
height: 0.041916167664670656
Area: 0.0004658156480268001
CentroidX: 0.3783
CentroidY: 0.3778
