Location: internet_12.png_Mean-Closing.png
Component: component_1755088957166_106.png
centerX: 0.7561467150342603
centerY: 0.23353293413173654
width: 0.029826682789197905
height: 0.03877958368976333
Area: 0.0004765042380259347
CentroidX: 0.7711
CentroidY: 0.2518
