Location: internet_12.png_Mean-Medain.png
Component: component_1755088957626_12.png
centerX: 0.758565094719871
centerY: 0.006273167949814656
width: 0.03345425231761386
height: 0.035642999714856
Area: 0.000549830264041503
CentroidX: 0.7728
CentroidY: 0.0230
