Location: internet_12.png_Mean-Closing.png
Component: component_1755088957333_193.png
centerX: 0.014510278113663845
centerY: 0.43741089250071286
width: 0.030229746070133012
height: 0.0427715996578272
Area: 0.0005138568374852759
CentroidX: 0.0290
CentroidY: 0.4580
