Location: internet_12.png_Otsu.png
Component: component_1755088957546_649.png
centerX: 0.7025392986698912
centerY: 0.5429141716566867
width: 0.0354695687222894
height: 0.038209295694325636
Area: 0.00042673908243856615
CentroidX: 0.7196
CentroidY: 0.5621
