Location: internet_12.png_Mean-Closing.png
Component: component_1755088957154_61.png
centerX: 0.8782748891575978
centerY: 0.14399771884801824
width: 0.041112454655380895
height: 0.04163102366695181
Area: 0.0005400611226444445
CentroidX: 0.8958
CentroidY: 0.1648
