Location: internet_12.png_Otsu.png
Component: component_1755088957557_865.png
centerX: 0.062071745264006446
centerY: 0.6498431708012546
width: 0.02902055622732769
height: 0.036783575705731396
Area: 0.00037237668384081725
CentroidX: 0.0760
CentroidY: 0.6674
