Location: internet_12.png_Gaussian-Closing.png
Component: component_1755088957063_226.png
centerX: 0.426440951229343
centerY: 0.5132591958939264
width: 0.025796049979846837
height: 0.036783575705731396
Area: 0.00042260156372922377
CentroidX: 0.4397
CentroidY: 0.5311
