Location: internet_12.png_Mean-Medain.png
Component: component_1755088957681_235.png
centerX: 0.5300282144296654
centerY: 0.5067008839463929
width: 0.027005239822652155
height: 0.035642999714856
Area: 0.0004983411423252419
CentroidX: 0.5441
CentroidY: 0.5244
