Location: internet_12.png_Otsu.png
Component: component_1755088957523_333.png
centerX: 0.547359935509875
centerY: 0.2919874536641004
width: 0.032648125755743655
height: 0.039064727687482176
Area: 0.000374560374270748
CentroidX: 0.5637
CentroidY: 0.3101
