Location: internet_12.png_Otsu.png
Component: component_1755088957507_88.png
centerX: 0.13905683192261184
centerY: 0.11919019104647847
width: 0.02418379685610641
height: 0.03364699173082407
Area: 0.0003720318906150387
CentroidX: 0.1525
CentroidY: 0.1357
