Location: internet_12.png_Mean-Closing.png
Component: component_1755088957374_254.png
centerX: 0.22047561467150342
centerY: 0.5868263473053892
width: 0.02176541717049577
height: 0.03592814371257485
Area: 0.000430072083621092
CentroidX: 0.2323
CentroidY: 0.6051
