Location: Kurtxevani_1764_page_10.png_Otsu.png
Component: component_1755610055858_784.png
centerX: 0.5883495145631068
centerY: 0.25724976613657624
width: 0.01488673139158576
height: 0.01824134705332086
Area: 0.00014712961028817424
CentroidX: 0.5957
CentroidY: 0.2661
