Location: internet_12.png_Otsu.png
Component: component_1755088957511_177.png
centerX: 0.012091898428053204
centerY: 0.17365269461077845
width: 0.02418379685610641
height: 0.029369831765041345
Area: 0.0003809965144852806
CentroidX: 0.0257
CentroidY: 0.1877
