Location: internet_12.png_Otsu.png
Component: component_1755088957538_575.png
centerX: 0.290608625554212
centerY: 0.47305389221556887
width: 0.031035872632003223
height: 0.03792415169660679
Area: 0.000394788243516422
CentroidX: 0.3038
CentroidY: 0.4917
