Location: internet_12.png_Mean-Medain.png
Component: component_1755088957637_47.png
centerX: 0.686819830713422
centerY: 0.10721414314228686
width: 0.032648125755743655
height: 0.033932135728542916
Area: 0.0004588048524359699
CentroidX: 0.7027
CentroidY: 0.1230
