Location: Samociqulo_1709_page_10.png_Gaussian-Median.png
Component: component_1755610056193_1835.png
centerX: 0.42604422604422604
centerY: 0.404375
width: 0.018673218673218674
height: 0.0134375
Area: 0.00013912776412776414
CentroidX: 0.4346
CentroidY: 0.4112
