Location: internet_12.png_Mean-Closing.png
Component: component_1755088957160_87.png
centerX: 0.6187021362353889
centerY: 0.19190191046478472
width: 0.031035872632003223
height: 0.03735386370116909
Area: 0.00044742667598527823
CentroidX: 0.6355
CentroidY: 0.2096
