Location: internet_12.png_Gaussian-Closing.png
Component: component_1755088957049_165.png
centerX: 0.3639661426844015
centerY: 0.3575705731394354
width: 0.028214429665457477
height: 0.041916167664670656
Area: 0.00044823119351209486
CentroidX: 0.3783
CentroidY: 0.3779
