Location: internet_12.png_Gaussian-Closing.png
Component: component_1755088957070_258.png
centerX: 0.9177750906892382
centerY: 0.5842600513259196
width: 0.03184199919387344
height: 0.035642999714856
Area: 0.00041168311157957016
CentroidX: 0.9336
CentroidY: 0.6004
