Location: internet_12.png_Gaussian-Closing.png
Component: component_1755088957026_56.png
centerX: 0.13865376864167675
centerY: 0.11890504704875962
width: 0.02418379685610641
height: 0.033932135728542916
Area: 0.0003978913825484288
CentroidX: 0.1524
CentroidY: 0.1358
