Location: internet_12.png_Mean-Medain.png
Component: component_1755088957637_46.png
centerX: 0.7420395002015316
centerY: 0.10635871114913031
width: 0.029423619508262798
height: 0.03364699173082407
Area: 0.0004699531667361425
CentroidX: 0.7565
CentroidY: 0.1216
