Location: internet_12.png_Mean-Medain.png
Component: component_1755088957673_196.png
centerX: 0.7952438532849657
centerY: 0.41830624465355004
width: 0.028617492946392584
height: 0.03792415169660679
Area: 0.0004642066129731669
CentroidX: 0.8088
CentroidY: 0.4367
