Location: internet_12.png_Gaussian-Closing.png
Component: component_1755088957029_74.png
centerX: 0.4349052801289803
centerY: 0.15226689478186484
width: 0.026602176541717048
height: 0.03934987168520103
Area: 0.0004299571525458325
CentroidX: 0.4489
CentroidY: 0.1717
