Location: internet_12.png_Mean-Medain.png
Component: component_1755088957689_269.png
centerX: 0.2599758162031439
centerY: 0.5831194753350442
width: 0.024586860137041516
height: 0.035642999714856
Area: 0.00048225079178891025
CentroidX: 0.2730
CentroidY: 0.6013
