Location: internet_12.png_Mean-Closing.png
Component: component_1755088957147_23.png
centerX: 0.8403869407496977
centerY: 0.05161106358711149
width: 0.03143893591293833
height: 0.035357855717137156
Area: 0.0004989157977015394
CentroidX: 0.8546
CentroidY: 0.0679
