Location: internet_12.png_Gaussian-Closing.png
Component: component_1755088957039_120.png
centerX: 0.4260378879484079
centerY: 0.24836042201311662
width: 0.027408303103587262
height: 0.036213287710293696
Area: 0.0003996153486773215
CentroidX: 0.4370
CentroidY: 0.2652
