Location: Dedata_30.png_Otsu.png
Component: component_1755503806638_279.png
centerX: 0.6919354838709677
centerY: 0.7534910230834996
width: 0.028225806451612902
height: 0.025933314334568254
Area: 0.000212127340755109
CentroidX: 0.7010
CentroidY: 0.7699
