Location: internet_4.png_Otsu.png
Component: component_1755094384329_155.png
centerX: 0.08988311164852882
centerY: 0.1822070145423439
width: 0.03909713825070536
height: 0.025377815796977475
Area: 0.00030652117771711715
CentroidX: 0.1092
CentroidY: 0.1930
