Location: internet_4.png_Gaussian-Closing.png
Component: component_1755094384158_114.png
centerX: 0.028214429665457477
centerY: 0.18078129455374964
width: 0.04514308746473196
height: 0.02765896777872826
Area: 0.0004607586807153816
CentroidX: 0.0505
CentroidY: 0.1931
