Location: internet_4.png_Mean-Medain.png
Component: component_1755094383657_225.png
centerX: 0.2253123740427247
centerY: 0.43370402053036783
width: 0.04393389762192664
height: 0.024522383803820928
Area: 0.000504662351464515
CentroidX: 0.2470
CentroidY: 0.4445
