Location: internet_4.png_Mean-Medain.png
Component: component_1755094383630_115.png
centerX: 0.8395808141878275
centerY: 0.18448816652409467
width: 0.037081821846029824
height: 0.021100655831194755
Area: 0.00031720976771625173
CentroidX: 0.8582
CentroidY: 0.1941
