Location: Dedata_30.png_Gaussian-Median.png
Component: component_1755503806826_80.png
centerX: 0.09596774193548387
centerY: 0.18381305215161015
width: 0.039112903225806454
height: 0.023938444001139925
Area: 0.00028302797414942225
CentroidX: 0.1144
CentroidY: 0.1923
