Location: internet_4.png_Otsu.png
Component: component_1755094384341_282.png
centerX: 0.46997178557033453
centerY: 0.30710008554319934
width: 0.03788794840790004
height: 0.0290846877673225
Area: 0.0004159355613641721
CentroidX: 0.4891
CentroidY: 0.3190
