Location: Dedata_30.png_Otsu.png
Component: component_1755503806515_34.png
centerX: 0.02661290322580645
centerY: 0.09233399829011114
width: 0.03185483870967742
height: 0.030208036477628954
Area: 0.00028452182866178213
CentroidX: 0.0390
CentroidY: 0.1052
