Location: Kurtxevani_1794_page_10.png_Mean-Medain.png
Component: component_1755610055083_2361.png
centerX: 0.7644652250146113
centerY: 0.746584398413398
width: 0.023378141437755698
height: 0.016747465843984136
Area: 0.00021224755999020158
CentroidX: 0.7761
CentroidY: 0.7534
