Location: Dedata_30.png_Mean-Medain.png
Component: component_1755503806272_277.png
centerX: 0.15241935483870966
centerY: 0.7959532630379025
width: 0.032661290322580645
height: 0.025648332858364205
Area: 0.00036036367313543974
CentroidX: 0.1673
CentroidY: 0.8075
