Location: Dedata_30.png_Mean-Medain.png
Component: component_1755503806254_205.png
centerX: 0.09032258064516129
centerY: 0.5713878597891137
width: 0.04153225806451613
height: 0.029068110572812767
Area: 0.00036335138216015957
CentroidX: 0.1091
CentroidY: 0.5825
