Location: internet_4.png_Mean-Closing.png
Component: component_1755094384035_240.png
centerX: 0.660217654171705
centerY: 0.47875677216994583
width: 0.03990326481257558
height: 0.02765896777872826
Area: 0.0004920199331859687
CentroidX: 0.6802
CentroidY: 0.4911
