Location: internet_4.png_Mean-Medain.png
Component: component_1755094383669_277.png
centerX: 0.15840386940749698
centerY: 0.5585970915312233
width: 0.03667875856509472
height: 0.02765896777872826
Area: 0.0004721368571660732
CentroidX: 0.1781
CentroidY: 0.5705
