Location: Dedata_30.png_Mean-Medain.png
Component: component_1755503806240_139.png
centerX: 0.5858870967741936
centerY: 0.3642063265887717
width: 0.04395161290322581
height: 0.02963807352522086
Area: 0.0003917346178949981
CentroidX: 0.6069
CentroidY: 0.3758
