Location: Dedata_30.png_Mean-Medain.png
Component: component_1755503806258_222.png
centerX: 0.16048387096774194
centerY: 0.6517526360786549
width: 0.03870967741935484
height: 0.027358221715588486
Area: 0.0003686373288962024
CentroidX: 0.1761
CentroidY: 0.6638
