Location: Dedata_30.png_Gaussian-Closing.png
Component: component_1755503806748_257.png
centerX: 0.8298387096774194
centerY: 0.7520661157024794
width: 0.03306451612903226
height: 0.025648332858364205
Area: 0.0004049494847351051
CentroidX: 0.8443
CentroidY: 0.7637
