Location: internet_4.png_Otsu.png
Component: component_1755094384352_331.png
centerX: 0.362353889560661
centerY: 0.42258340461933275
width: 0.04877065699314793
height: 0.027088679783290562
Area: 0.0004870778969498097
CentroidX: 0.3850
CentroidY: 0.4356
