Location: internet_4.png_Mean-Closing.png
Component: component_1755094383777_128.png
centerX: 0.1487303506650544
centerY: 0.21984602224123181
width: 0.03426037887948408
height: 0.021956087824351298
Area: 0.0002836498937404744
CentroidX: 0.1656
CentroidY: 0.2295
