Location: Dedata_30.png_Mean-Medain.png
Component: component_1755503806245_164.png
centerX: 0.8657258064516129
centerY: 0.46366486178398403
width: 0.03790322580645161
height: 0.024508406953548018
Area: 0.000388517085099146
CentroidX: 0.8852
CentroidY: 0.4748
