Location: Dedata_30.png_Gaussian-Median.png
Component: component_1755503806842_133.png
centerX: 0.8633064516129032
centerY: 0.31917925334853237
width: 0.04758064516129032
height: 0.029068110572812767
Area: 0.00043884849097711875
CentroidX: 0.8888
CentroidY: 0.3309
