Location: internet_4.png_Gaussian-Closing.png
Component: component_1755094384167_164.png
centerX: 0.15759774284562678
centerY: 0.28799543769603647
width: 0.044740024183796856
height: 0.0290846877673225
Area: 0.00048730775910032874
CentroidX: 0.1802
CentroidY: 0.3009
