Location: internet_4.png_Mean-Closing.png
Component: component_1755094384063_274.png
centerX: 0.08625554212011285
centerY: 0.5637296834901625
width: 0.04070939137444579
height: 0.02879954376960365
Area: 0.0004921348642612282
CentroidX: 0.1067
CentroidY: 0.5769
