Location: Dedata_30.png_Otsu.png
Component: component_1755503806609_209.png
centerX: 0.30120967741935484
centerY: 0.567113137646053
width: 0.04153225806451613
height: 0.029353092049016812
Area: 0.0003445058329273113
CentroidX: 0.3210
CentroidY: 0.5795
