Location: Dedata_30.png_Otsu.png
Component: component_1755503806621_241.png
centerX: 0.864516129032258
centerY: 0.6548874323168994
width: 0.03790322580645161
height: 0.023938444001139925
Area: 0.00036070840879213816
CentroidX: 0.8811
CentroidY: 0.6657
