Location: internet_4.png_Mean-Closing.png
Component: component_1755094383740_55.png
centerX: 0.20556227327690446
centerY: 0.06501283147989735
width: 0.039500201531640466
height: 0.02623324779013402
Area: 0.00040972928330015846
CentroidX: 0.2259
CentroidY: 0.0768
