Location: internet_4.png_Gaussian-Closing.png
Component: component_1755094384192_290.png
centerX: 0.08585247883917775
centerY: 0.6087824351297405
width: 0.039500201531640466
height: 0.029369831765041345
Area: 0.0005008696259809511
CentroidX: 0.1067
CentroidY: 0.6219
