Location: Dedata_30.png_Otsu.png
Component: component_1755503806634_268.png
centerX: 0.7620967741935484
centerY: 0.7506412083214591
width: 0.039919354838709675
height: 0.029068110572812767
Area: 0.0004511440627326966
CentroidX: 0.7781
CentroidY: 0.7639
