Location: Dedata_30.png_Otsu.png
Component: component_1755503806504_18.png
centerX: 0.1629032258064516
centerY: 0.04930179538330009
width: 0.04112903225806452
height: 0.023083499572527786
Area: 0.00031934012998832494
CentroidX: 0.1821
CentroidY: 0.0588
