Location: internet_4.png_Mean-Closing.png
Component: component_1755094383822_149.png
centerX: 0.5292220878677952
centerY: 0.2668947818648417
width: 0.04514308746473196
height: 0.026518391787852865
Area: 0.00046868892490828785
CentroidX: 0.5529
CentroidY: 0.2776
