Location: Dedata_30.png_Gaussian-Closing.png
Component: component_1755503806745_246.png
centerX: 0.03387096774193549
centerY: 0.7039042462239954
width: 0.03467741935483871
height: 0.02365346252493588
Area: 0.0003639259415879903
CentroidX: 0.0478
CentroidY: 0.7141
