Location: internet_4.png_Gaussian-Closing.png
Component: component_1755094384192_292.png
centerX: 0.031035872632003223
centerY: 0.6535500427715997
width: 0.039500201531640466
height: 0.029940119760479042
Area: 0.00041938349362195744
CentroidX: 0.0510
CentroidY: 0.6668
