Location: internet_4.png_Otsu.png
Component: component_1755094384363_377.png
centerX: 0.5417170495767836
centerY: 0.5306529797547762
width: 0.03788794840790004
height: 0.027088679783290562
Area: 0.00043938150071711244
CentroidX: 0.5612
CentroidY: 0.5432
