Location: Dedata_30.png_Otsu.png
Component: component_1755503806595_181.png
centerX: 0.23508064516129032
centerY: 0.46736962097463663
width: 0.04959677419354839
height: 0.027358221715588486
Area: 0.00037679607277139887
CentroidX: 0.2593
CentroidY: 0.4786
