Location: internet_4.png_Mean-Closing.png
Component: component_1755094383753_76.png
centerX: 0.030632809351068116
centerY: 0.11006558311947534
width: 0.04353083434099154
height: 0.027944111776447105
Area: 0.0004531732297482538
CentroidX: 0.0531
CentroidY: 0.1228
