Location: Dedata_30.png_Mean-Medain.png
Component: component_1755503806268_263.png
centerX: 0.6919354838709677
centerY: 0.7520661157024794
width: 0.0407258064516129
height: 0.027358221715588486
Area: 0.0004534423004440195
CentroidX: 0.7085
CentroidY: 0.7644
