Location: internet_4.png_Mean-Medain.png
Component: component_1755094383631_121.png
centerX: 0.4558645707376058
centerY: 0.20359281437125748
width: 0.03667875856509472
height: 0.025377815796977475
Area: 0.00032939246169375996
CentroidX: 0.4729
CentroidY: 0.2153
