Location: internet_4.png_Mean-Closing.png
Component: component_1755094383943_190.png
centerX: 0.22047561467150342
centerY: 0.35728542914171657
width: 0.04030632809351068
height: 0.028229255774165955
Area: 0.0004569659552318177
CentroidX: 0.2415
CentroidY: 0.3694
