Location: Dedata_30.png_Mean-Medain.png
Component: component_1755503806269_269.png
centerX: 0.4891129032258065
centerY: 0.7919635223710458
width: 0.032661290322580645
height: 0.024508406953548018
Area: 0.0003437014497283483
CentroidX: 0.5042
CentroidY: 0.8023
