Location: internet_4.png_Mean-Medain.png
Component: component_1755094383676_320.png
centerX: 0.03990326481257558
centerY: 0.834901625320787
width: 0.04353083434099154
height: 0.028514399771884802
Area: 0.0004242105987828569
CentroidX: 0.0612
CentroidY: 0.8478
