Location: Dedata_30.png_Gaussian-Median.png
Component: component_1755503806878_248.png
centerX: 0.8217741935483871
centerY: 0.6973496722713024
width: 0.04153225806451613
height: 0.0262182958107723
Area: 0.00042517397659474717
CentroidX: 0.8383
CentroidY: 0.7089
