Location: internet_4.png_Gaussian-Closing.png
Component: component_1755094384170_177.png
centerX: 0.27972591696896415
centerY: 0.31736526946107785
width: 0.05038291011688835
height: 0.025377815796977475
Area: 0.00047225178824133275
CentroidX: 0.3042
CentroidY: 0.3293
