Location: Dedata_30.png_Mean-Medain.png
Component: component_1755503806262_238.png
centerX: 0.29838709677419356
centerY: 0.6970646907950984
width: 0.036290322580645164
height: 0.025933314334568254
Area: 0.0003847249928754631
CentroidX: 0.3128
CentroidY: 0.7089
