Location: internet_4.png_Otsu.png
Component: component_1755094384328_150.png
centerX: 0.14993954050785974
centerY: 0.17850014257199887
width: 0.04030632809351068
height: 0.02423723980610208
Area: 0.0003106586964264596
CentroidX: 0.1707
CentroidY: 0.1889
