Location: internet_4.png_Gaussian-Closing.png
Component: component_1755094384163_146.png
centerX: 0.21483272873841194
centerY: 0.24893071000855432
width: 0.044740024183796856
height: 0.02281151981750784
Area: 0.00036145823169116364
CentroidX: 0.2368
CentroidY: 0.2597
