Location: internet_4.png_Gaussian-Closing.png
Component: component_1755094384171_186.png
centerX: 0.5324465941152761
centerY: 0.33818078129455376
width: 0.041112454655380895
height: 0.0290846877673225
Area: 0.0004660455101773191
CentroidX: 0.5528
CentroidY: 0.3519
