Location: Sandro_Ⴡ_2.jpg_Mean-Medain.png
Component: component_1744719215527_136.png
centerX: 0.6478733926805144
centerY: 0.3081174438687392
width: 0.03560830860534125
height: 0.034887737478411056
Area: 0.0005183055474410159
CentroidX: 0.6609
CentroidY: 0.3257
