Location: Sandro_Ⴡ_2.jpg_Mean-Medain.png
Component: component_1744719215905_578.png
centerX: 0.3115727002967359
centerY: 0.9319516407599309
width: 0.018793273986152326
height: 0.020379965457685664
Area: 7.567875989333223e-05
CentroidX: 0.3173
CentroidY: 0.9423
