Location: Sandro_Ⴡ_2.jpg_Mean-Medain.png
Component: component_1744719215758_409.png
centerX: 0.5370919881305638
centerY: 0.7067357512953368
width: 0.03016815034619189
height: 0.029706390328151987
Area: 0.0003768563077306793
CentroidX: 0.5488
CentroidY: 0.7202
