Location: Sandro_Ⴡ_2.jpg_Mean-Medain.png
Component: component_1744719215571_326.png
centerX: 0.6305637982195845
centerY: 0.5499136442141623
width: 0.03115727002967359
height: 0.03454231433506045
Area: 0.00042793519984830083
CentroidX: 0.6417
CentroidY: 0.5672
