Location: Sandro_Ⴡ_1.jpg_Mean-Medain.png
Component: component_1744719216050_185.png
centerX: 0.2939846223428313
centerY: 0.44575163398692813
width: 0.028493894165535955
height: 0.046405228758169936
Area: 0.0006042278210847131
CentroidX: 0.3045
CentroidY: 0.4694
