Location: Sandro_Ⴡ_1.jpg_Mean-Medain.png
Component: component_1744719216103_365.png
centerX: 0.32157394843962006
centerY: 0.7908496732026143
width: 0.016734509271822705
height: 0.0457516339869281
Area: 0.00020042390542829525
CentroidX: 0.3276
CentroidY: 0.8141
