Location: Sandro_Ⴡ_2.jpg_Mean-Medain.png
Component: component_1744719215647_378.png
centerX: 0.21018793273986153
centerY: 0.6666666666666666
width: 0.04302670623145401
height: 0.02452504317789292
Area: 0.0003754896484098065
CentroidX: 0.2269
CentroidY: 0.6780
