Location: Sandro_Ⴡ_2.jpg_Mean-Medain.png
Component: component_1744719215539_193.png
centerX: 0.6038575667655787
centerY: 0.41070811744386876
width: 0.024727992087042534
height: 0.025561312607944732
Area: 8.951618551716951e-05
CentroidX: 0.6108
CentroidY: 0.4252
