Location: Sandro_Ⴡ_1.jpg_Mean-Closing.png
Component: component_1744719216205_142.png
centerX: 0.6856625961103573
centerY: 0.3176470588235294
width: 0.028493894165535955
height: 0.05620915032679739
Area: 0.0006521167188419163
CentroidX: 0.6964
CentroidY: 0.3447
