Location: Sandro_Ⴡ_2.jpg_Otsu.png
Component: component_1744719216325_25.png
centerX: 0.006923837784371909
centerY: 0.054922279792746116
width: 0.03560830860534125
height: 0.0386873920552677
Area: 0.000426568540527428
CentroidX: 0.0173
CentroidY: 0.0732
