Location: Sandro_Ⴡ_1.jpg_Mean-Medain.png
Component: component_1744719216046_175.png
centerX: 0.7738579828132067
centerY: 0.39738562091503266
width: 0.024423337856173677
height: 0.045098039215686274
Area: 0.000509041246530272
CentroidX: 0.7828
CentroidY: 0.4202
