Location: Sandro_Ⴡ_2.jpg_Otsu.png
Component: component_1744719216338_83.png
centerX: 0.3456973293768546
centerY: 0.1599309153713299
width: 0.032640949554896145
height: 0.0307426597582038
Area: 0.0004183685846021911
CentroidX: 0.3578
CentroidY: 0.1744
