Location: Sandro_Ⴡ_2.jpg_Mean-Medain.png
Component: component_1744719215897_548.png
centerX: 0.4421364985163205
centerY: 0.9070811744386874
width: 0.018298714144411473
height: 0.02072538860103627
Area: 7.960790544084159e-05
CentroidX: 0.4490
CentroidY: 0.9167
