Location: Sandro_Ⴡ_2.jpg_Mean-Medain.png
Component: component_1744719215573_332.png
centerX: 0.3209693372898121
centerY: 0.5910189982728843
width: 0.036597428288822946
height: 0.02694300518134715
Area: 0.00039855202444953527
CentroidX: 0.3340
CentroidY: 0.6043
