Location: Sandro_Ⴡ_2.jpg_Mean-Medain.png
Component: component_1744719215497_18.png
centerX: 0.5207715133531158
centerY: 0.01623488773747841
width: 0.03165182987141444
height: 0.03626943005181347
Area: 0.00044501844135921105
CentroidX: 0.5325
CentroidY: 0.0339
