Location: Sandro_Ⴡ_1.jpg_Mean-Medain.png
Component: component_1744719216092_328.png
centerX: 0.43509724106739034
centerY: 0.7281045751633987
width: 0.018091361374943465
height: 0.05359477124183006
Area: 0.00022082102854710406
CentroidX: 0.4403
CentroidY: 0.7555
