Location: Sandro_Ⴡ_2.jpg_Mean-Medain.png
Component: component_1744719215707_395.png
centerX: 0.30415430267062316
centerY: 0.7036269430051814
width: 0.033135509396636995
height: 0.027979274611398965
Area: 0.00037173133527740624
CentroidX: 0.3158
CentroidY: 0.7165
