Location: Sandro_Ⴡ_2.jpg_Mean-Medain.png
Component: component_1744719215872_523.png
centerX: 0.8545994065281899
centerY: 0.8815198618307427
width: 0.019782393669634024
height: 0.0231433506044905
Area: 0.0001048911028769887
CentroidX: 0.8607
CentroidY: 0.8929
