Location: Sandro_Ⴡ_2.jpg_Mean-Medain.png
Component: component_1744719215760_411.png
centerX: 0.923837784371909
centerY: 0.7077720207253886
width: 0.03758654797230465
height: 0.02383419689119171
Area: 0.0003707063407867516
CentroidX: 0.9381
CentroidY: 0.7196
