Location: Sandro_Ⴡ_2.jpg_Mean-Medain.png
Component: component_1744719215507_49.png
centerX: 0.003956478733926805
centerY: 0.10535405872193437
width: 0.028684470820969338
height: 0.04006908462867012
Area: 0.0005080556025344697
CentroidX: 0.0140
CentroidY: 0.1257
