Location: Sandro_Ⴡ_1.jpg_Mean-Medain.png
Component: component_1744719216037_162.png
centerX: 0.9109000452284034
centerY: 0.38300653594771245
width: 0.027137042062415198
height: 0.04771241830065359
Area: 0.0005876736342056799
CentroidX: 0.9217
CentroidY: 0.4063
