Location: Sandro_Ⴡ_1.jpg_Mean-Medain.png
Component: component_1744719215954_5.png
centerX: 0.1863410221619177
centerY: 0.006535947712418301
width: 0.028493894165535955
height: 0.05751633986928104
Area: 0.0006243293337235392
CentroidX: 0.1967
CentroidY: 0.0337
