Location: Sandro_Ⴡ_1.jpg_Mean-Medain.png
Component: component_1744719215957_17.png
centerX: 0.11397557666214382
centerY: 0.01045751633986928
width: 0.02804161013116237
height: 0.05555555555555555
Area: 0.0006686709057209496
CentroidX: 0.1242
CentroidY: 0.0358
