Location: Sandro_Ⴡ_2.jpg_Otsu.png
Component: component_1744719216344_100.png
centerX: 0.45004945598417406
centerY: 0.2069084628670121
width: 0.029179030662710187
height: 0.034887737478411056
Area: 0.0004058978182992266
CentroidX: 0.4605
CentroidY: 0.2244
