Location: easy26_Mean-Closing.png
Component: component_1744297382010_317.png
centerX: 0.4435483870967742
centerY: 0.23371647509578544
width: 0.016935483870967744
height: 0.014367816091954023
Area: 7.686009145964652e-05
CentroidX: 0.4482
CentroidY: 0.2401
