Location: Sandro_Ⴡ_2.jpg_Otsu.png
Component: component_1744719216437_488.png
centerX: 0.5044510385756676
centerY: 0.8525043177892919
width: 0.01730959446092977
height: 0.024870466321243522
Area: 7.294544125158661e-05
CentroidX: 0.5099
CentroidY: 0.8653
