Location: Sandro_Ⴡ_1.jpg_Mean-Medain.png
Component: component_1744719216086_308.png
centerX: 0.6725463591135233
centerY: 0.6803921568627451
width: 0.0203527815468114
height: 0.04183006535947712
Area: 0.00017854872990957275
CentroidX: 0.6791
CentroidY: 0.6999
