Location: Sandro_Ⴡ_1.jpg_Mean-Medain.png
Component: component_1744719216005_121.png
centerX: 0.0773405698778833
centerY: 0.2973856209150327
width: 0.02532790592492085
height: 0.044444444444444446
Area: 0.0005196832238096505
CentroidX: 0.0864
CentroidY: 0.3205
