Location: Sandro_Ⴡ_1.jpg_Mean-Medain.png
Component: component_1744719215986_66.png
centerX: 0.8208955223880597
centerY: 0.15555555555555556
width: 0.027589326096788783
height: 0.047058823529411764
Area: 0.0005592950281273372
CentroidX: 0.8321
CentroidY: 0.1802
