Location: Sandro_Ⴡ_2.jpg_Mean-Medain.png
Component: component_1744719215544_215.png
centerX: 0.21711177052423344
centerY: 0.4442141623488774
width: 0.018793273986152326
height: 0.02141623488773748
Area: 9.122450966826054e-05
CentroidX: 0.2228
CentroidY: 0.4542
