Location: Sandro_Ⴡ_1.jpg_Mean-Medain.png
Component: component_1744719216083_304.png
centerX: 0.5915875169606513
centerY: 0.6758169934640523
width: 0.020805065581184983
height: 0.04967320261437908
Area: 0.0001853477709491757
CentroidX: 0.5989
CentroidY: 0.6989
