Location: Sandro_Ⴡ_1.jpg_Mean-Medain.png
Component: component_1744719216053_198.png
centerX: 0.6196291270918136
centerY: 0.47124183006535947
width: 0.02939846223428313
height: 0.050980392156862744
Area: 0.0005941770647653001
CentroidX: 0.6306
CentroidY: 0.4995
