Location: Sandro_Ⴡ_2.jpg_Otsu.png
Component: component_1744719216458_592.png
centerX: 0.8199802176063303
centerY: 0.9333333333333333
width: 0.01582591493570722
height: 0.017271157167530225
Area: 5.3812210759367165e-05
CentroidX: 0.8253
CentroidY: 0.9423
