Location: Sandro_Ⴡ_1.jpg_Mean-Medain.png
Component: component_1744719216063_233.png
centerX: 0.08412483039348712
centerY: 0.5784313725490197
width: 0.018995929443690638
height: 0.048366013071895426
Area: 0.0002081097779078464
CentroidX: 0.0904
CentroidY: 0.6023
