Location: Sandro_Ⴡ_2.jpg_Mean-Medain.png
Component: component_1744719215910_595.png
centerX: 0.8432245301681504
centerY: 0.9340241796200346
width: 0.019782393669634024
height: 0.01623488773747841
Area: 8.695369929053298e-05
CentroidX: 0.8504
CentroidY: 0.9417
