Location: Sandro_Ⴡ_1.jpg_Mean-Medain.png
Component: component_1744719216084_305.png
centerX: 0.6449570330167345
centerY: 0.677124183006536
width: 0.02125734961555857
height: 0.0457516339869281
Area: 0.00017174968886996981
CentroidX: 0.6522
CentroidY: 0.6978
