Location: Sandro_Ⴡ_2.jpg_Mean-Medain.png
Component: component_1744719215541_203.png
centerX: 0.7992087042532147
centerY: 0.4158894645941278
width: 0.02126607319485658
height: 0.022797927461139896
Area: 8.490371030922375e-05
CentroidX: 0.8058
CentroidY: 0.4276
