Location: Sandro_Ⴡ_1.jpg_Mean-Medain.png
Component: component_1744719216021_135.png
centerX: 0.412483039348711
centerY: 0.3137254901960784
width: 0.027589326096788783
height: 0.04967320261437908
Area: 0.0006095488097244023
CentroidX: 0.4233
CentroidY: 0.3391
