Location: Sandro_Ⴡ_1.jpg_Mean-Closing.png
Component: component_1744719216239_267.png
centerX: 0.9194934418815016
centerY: 0.615686274509804
width: 0.0203527815468114
height: 0.03986928104575163
Area: 0.00017500140414977993
CentroidX: 0.9277
CentroidY: 0.6347
