Location: Sandro_Ⴡ_1.jpg_Mean-Closing.png
Component: component_1744719216214_173.png
centerX: 0.7738579828132067
centerY: 0.39738562091503266
width: 0.024423337856173677
height: 0.044444444444444446
Area: 0.0005084500255703065
CentroidX: 0.7828
CentroidY: 0.4202
