Location: Sandro_Ⴡ_2.jpg_Mean-Medain.png
Component: component_1744719215893_544.png
centerX: 0.2754698318496538
centerY: 0.9050086355785838
width: 0.018298714144411473
height: 0.021761658031088083
Area: 8.439121306389645e-05
CentroidX: 0.2813
CentroidY: 0.9164
