Location: Sandro_Ⴡ_2.jpg_Mean-Medain.png
Component: component_1744719215518_100.png
centerX: 0.2922848664688427
centerY: 0.2065630397236615
width: 0.033630069238377844
height: 0.03557858376511226
Area: 0.00046329750977588496
CentroidX: 0.3039
CentroidY: 0.2247
