Location: Sandro_Ⴡ_1.jpg_Mean-Closing.png
Component: component_1744719216226_211.png
centerX: 0.30845771144278605
centerY: 0.5169934640522876
width: 0.02397105382180009
height: 0.05620915032679739
Area: 0.0005279603172491671
CentroidX: 0.3165
CentroidY: 0.5458
