Location: Sandro_Ⴡ_2.jpg_Mean-Medain.png
Component: component_1744719215563_288.png
centerX: 0.874381800197824
centerY: 0.5115716753022452
width: 0.02225519287833828
height: 0.022452504317789293
Area: 9.259116898913335e-05
CentroidX: 0.8820
CentroidY: 0.5235
