Location: Sandro_Ⴡ_1.jpg_Mean-Closing.png
Component: component_1744719216187_79.png
centerX: 0.1546811397557666
centerY: 0.16601307189542483
width: 0.026232473993668022
height: 0.0457516339869281
Area: 0.0005134754037300131
CentroidX: 0.1637
CentroidY: 0.1889
