Location: Sandro_Ⴡ_1.jpg_Mean-Closing.png
Component: component_1744719216276_389.png
centerX: 0.872003618272275
centerY: 0.8013071895424837
width: 0.0203527815468114
height: 0.03790849673202614
Area: 0.00019628535870853692
CentroidX: 0.8791
CentroidY: 0.8192
