Location: Sandro_Ⴡ_2.jpg_Mean-Medain.png
Component: component_1744719215507_51.png
centerX: 0.1404549950544016
centerY: 0.107426597582038
width: 0.03412462908011869
height: 0.03212435233160622
Area: 0.000476793270569504
CentroidX: 0.1533
CentroidY: 0.1223
