Location: Sandro_Ⴡ_1.jpg_Mean-Medain.png
Component: component_1744719216071_263.png
centerX: 0.6938037087290818
centerY: 0.615686274509804
width: 0.0203527815468114
height: 0.04183006535947712
Area: 0.00016761114215021152
CentroidX: 0.6995
CentroidY: 0.6357
