Location: Sandro_Ⴡ_1.jpg_Mean-Closing.png
Component: component_1744719216187_83.png
centerX: 0.3405698778833107
centerY: 0.16862745098039217
width: 0.02532790592492085
height: 0.04967320261437908
Area: 0.000584126308445887
CentroidX: 0.3498
CentroidY: 0.1930
