Location: Sandro_Ⴡ_2.jpg_Otsu.png
Component: component_1744719216320_5.png
centerX: 0.05192878338278932
centerY: 0.0075993091537132984
width: 0.0410484668644906
height: 0.030397236614853194
Area: 0.0005107889211762154
CentroidX: 0.0669
CentroidY: 0.0219
