Location: Sandro_Ⴡ_2.jpg_Mean-Medain.png
Component: component_1744719215901_565.png
centerX: 0.9589515331355094
centerY: 0.9098445595854923
width: 0.018298714144411473
height: 0.018307426597582038
Area: 0.00010096195732947936
CentroidX: 0.9663
CentroidY: 0.9184
