Location: Sandro_Ⴡ_1.jpg_Mean-Closing.png
Component: component_1744719216232_230.png
centerX: 0.06151062867480778
centerY: 0.5771241830065359
width: 0.018995929443690638
height: 0.04771241830065359
Area: 0.00020308439974813986
CentroidX: 0.0675
CentroidY: 0.5998
