Location: Sandro_Ⴡ_1.jpg_Mean-Medain.png
Component: component_1744719216102_359.png
centerX: 0.16644052464947987
centerY: 0.7843137254901961
width: 0.019448213478064226
height: 0.042483660130718956
Area: 0.00019983268446832977
CentroidX: 0.1724
CentroidY: 0.8045
