Location: Sandro_Ⴡ_1.jpg_Mean-Closing.png
Component: component_1744719216207_149.png
centerX: 0.29579375848032563
centerY: 0.36797385620915035
width: 0.027137042062415198
height: 0.054901960784313725
Area: 0.000664827969481174
CentroidX: 0.3056
CentroidY: 0.3959
