Location: Sandro_Ⴡ_2.jpg_Otsu.png
Component: component_1744719216463_606.png
centerX: 0.15677546983184965
centerY: 0.9360967184801382
width: 0.02274975272007913
height: 0.02141623488773748
Area: 7.516626264800494e-05
CentroidX: 0.1638
CentroidY: 0.9475
