Location: Sandro_Ⴡ_2.jpg_Otsu.png
Component: component_1744719216401_347.png
centerX: 0.672106824925816
centerY: 0.5941278065630398
width: 0.03115727002967359
height: 0.02452504317789292
Area: 0.00032372742663174854
CentroidX: 0.6840
CentroidY: 0.6057
