Location: Sandro_Ⴡ_2.jpg_Otsu.png
Component: component_1744719216358_151.png
centerX: 0.2873392680514342
centerY: 0.31295336787564765
width: 0.03066271018793274
height: 0.02521588946459413
Area: 0.0003782229670515521
CentroidX: 0.2990
CentroidY: 0.3250
