Location: Sandro_Ⴡ_2.jpg_Otsu.png
Component: component_1744719216356_144.png
centerX: 0.195351137487636
centerY: 0.31191709844559584
width: 0.032640949554896145
height: 0.03557858376511226
Area: 0.0004503142462275932
CentroidX: 0.2061
CentroidY: 0.3296
