Location: Sandro_Ⴡ_2.jpg_Otsu.png
Component: component_1744719216436_485.png
centerX: 0.3407517309594461
centerY: 0.8521588946459413
width: 0.019782393669634024
height: 0.022452504317789293
Area: 7.24329440062593e-05
CentroidX: 0.3475
CentroidY: 0.8645
