Location: Sandro_Ⴡ_2.jpg_Mean-Medain.png
Component: component_1744719215898_551.png
centerX: 0.38328387734915925
centerY: 0.9088082901554404
width: 0.01730959446092977
height: 0.02003454231433506
Area: 7.379960332713211e-05
CentroidX: 0.3883
CentroidY: 0.9183
