Location: Sandro_Ⴡ_2.jpg_Otsu.png
Component: component_1744719216330_45.png
centerX: 0.7863501483679525
centerY: 0.06977547495682211
width: 0.033630069238377844
height: 0.025561312607944732
Area: 0.0003279982370094761
CentroidX: 0.7982
CentroidY: 0.0816
