Location: Sandro_Ⴡ_1.jpg_Mean-Closing.png
Component: component_1744719216207_148.png
centerX: 0.10854816824966079
centerY: 0.365359477124183
width: 0.023518769787426504
height: 0.049019607843137254
Area: 0.000579692151246146
CentroidX: 0.1168
CentroidY: 0.3898
