Location: Sandro_Ⴡ_2.jpg_Mean-Medain.png
Component: component_1744719215739_403.png
centerX: 0.1632047477744807
centerY: 0.705699481865285
width: 0.03066271018793274
height: 0.028324697754749568
Area: 0.00039052290093940747
CentroidX: 0.1742
CentroidY: 0.7195
