Location: Sandro_Ⴡ_2.jpg_Mean-Medain.png
Component: component_1744719215900_562.png
centerX: 0.7883283877349159
centerY: 0.9098445595854923
width: 0.01730959446092977
height: 0.017616580310880828
Area: 7.22621115911502e-05
CentroidX: 0.7948
CentroidY: 0.9187
