Location: Sandro_Ⴡ_2.jpg_Otsu.png
Component: component_1744719216324_20.png
centerX: 0.8160237388724035
centerY: 0.015889464594127805
width: 0.0361028684470821
height: 0.0383419689119171
Area: 0.0005418804207260719
CentroidX: 0.8291
CentroidY: 0.0343
