Location: Sandro_Ⴡ_2.jpg_Otsu.png
Component: component_1744719216322_12.png
centerX: 0.6651829871414441
centerY: 0.012780656303972366
width: 0.03214638971315529
height: 0.03765112262521589
Area: 0.0005746802444270196
CentroidX: 0.6774
CentroidY: 0.0301
