Location: Sandro_Ⴡ_2.jpg_Mean-Medain.png
Component: component_1744719215861_517.png
centerX: 0.12462908011869436
centerY: 0.8818652849740932
width: 0.018298714144411473
height: 0.02141623488773748
Area: 9.361616347978797e-05
CentroidX: 0.1310
CentroidY: 0.8931
