Location: Sandro_Ⴡ_2.jpg_Mean-Medain.png
Component: component_1744719215909_590.png
centerX: 0.8669634025717112
centerY: 0.933678756476684
width: 0.02126607319485658
height: 0.016580310880829015
Area: 8.148706200704171e-05
CentroidX: 0.8746
CentroidY: 0.9414
