Location: Sandro_Ⴡ_2.jpg_Otsu.png
Component: component_1744719216421_429.png
centerX: 0.5578635014836796
centerY: 0.7471502590673575
width: 0.03956478733926805
height: 0.028324697754749568
Area: 0.00039308538716604396
CentroidX: 0.5720
CentroidY: 0.7616
