Location: Sandro_Ⴡ_1.jpg_Mean-Closing.png
Component: component_1744719216188_88.png
centerX: 0.012211668928086838
centerY: 0.22091503267973855
width: 0.022161917684305744
height: 0.044444444444444446
Area: 0.0003928663278970566
CentroidX: 0.0196
CentroidY: 0.2440
