Location: Sandro_Ⴡ_1.jpg_Mean-Closing.png
Component: component_1744719216215_177.png
centerX: 0.07553143374038897
centerY: 0.4339869281045752
width: 0.02668475802804161
height: 0.045098039215686274
Area: 0.0004673601688527062
CentroidX: 0.0845
CentroidY: 0.4579
