Location: Sandro_Ⴡ_2.jpg_Mean-Medain.png
Component: component_1744719215523_117.png
centerX: 0.10138476755687438
centerY: 0.2566493955094991
width: 0.033630069238377844
height: 0.04075993091537133
Area: 0.0005405137614051992
CentroidX: 0.1138
CentroidY: 0.2751
