Location: Sandro_Ⴡ_2.jpg_Otsu.png
Component: component_1744719216444_519.png
centerX: 0.5059347181008902
centerY: 0.8818652849740932
width: 0.020276953511374877
height: 0.02072538860103627
Area: 6.491631774145881e-05
CentroidX: 0.5127
CentroidY: 0.8928
