Location: Sandro_Ⴡ_1.jpg_Mean-Closing.png
Component: component_1744719216251_317.png
centerX: 0.036635006784260515
centerY: 0.7111111111111111
width: 0.014020805065581185
height: 0.04379084967320261
Area: 0.00015253500767109195
CentroidX: 0.0410
CentroidY: 0.7335
