Location: Sandro_Ⴡ_1.jpg_Mean-Medain.png
Component: component_1744719216052_192.png
centerX: 0.417910447761194
centerY: 0.4549019607843137
width: 0.028493894165535955
height: 0.040522875816993466
Area: 0.0005060851417304446
CentroidX: 0.4285
CentroidY: 0.4745
