Location: Sandro_Ⴡ_2.jpg_Mean-Medain.png
Component: component_1744719215803_442.png
centerX: 0.31750741839762614
centerY: 0.7820379965457686
width: 0.0361028684470821
height: 0.028324697754749568
Area: 0.00042281022739502775
CentroidX: 0.3310
CentroidY: 0.7965
