Location: Sandro_Ⴡ_1.jpg_Mean-Medain.png
Component: component_1744719215965_28.png
centerX: 0.8104929895974672
centerY: 0.016339869281045753
width: 0.02804161013116237
height: 0.03986928104575163
Area: 0.0004782977566120674
CentroidX: 0.8215
CentroidY: 0.0350
