Location: Sandro_Ⴡ_2.jpg_Otsu.png
Component: component_1744719216332_55.png
centerX: 0.3006923837784372
centerY: 0.10949913644214163
width: 0.033630069238377844
height: 0.03212435233160622
Area: 0.00034200649504842245
CentroidX: 0.3110
CentroidY: 0.1252
