Location: Sandro_Ⴡ_1.jpg_Mean-Closing.png
Component: component_1744719216168_44.png
centerX: 0.8186341022161918
centerY: 0.0869281045751634
width: 0.02532790592492085
height: 0.045098039215686274
Area: 0.0005625467434071473
CentroidX: 0.8279
CentroidY: 0.1086
