Location: Sandro_Ⴡ_2.jpg_Otsu.png
Component: component_1744719216329_41.png
centerX: 0.874381800197824
centerY: 0.06735751295336788
width: 0.03214638971315529
height: 0.02936096718480138
Area: 0.0003391023439915677
CentroidX: 0.8859
CentroidY: 0.0815
