Location: Sandro_Ⴡ_2.jpg_Otsu.png
Component: component_1744719216362_171.png
centerX: 0.291295746785361
centerY: 0.3623488773747841
width: 0.033630069238377844
height: 0.030397236614853194
Area: 0.00039752702995888065
CentroidX: 0.3036
CentroidY: 0.3771
