Location: Sandro_Ⴡ_2.jpg_Otsu.png
Component: component_1744719216390_292.png
centerX: 0.685459940652819
centerY: 0.5136442141623488
width: 0.02126607319485658
height: 0.01692573402417962
Area: 6.0645507363731255e-05
CentroidX: 0.6926
CentroidY: 0.5227
