Location: Sandro_Ⴡ_2.jpg_Otsu.png
Component: component_1744719216336_78.png
centerX: 0.6078140454995055
centerY: 0.15820379965457684
width: 0.03214638971315529
height: 0.03143350604490501
Area: 0.0004557808835110845
CentroidX: 0.6191
CentroidY: 0.1737
