Location: Sandro_Ⴡ_2.jpg_Mean-Medain.png
Component: component_1744719215569_314.png
centerX: 0.7725024727992087
centerY: 0.5468048359240069
width: 0.03560830860534125
height: 0.03592400690846287
Area: 0.00043886847441528334
CentroidX: 0.7857
CentroidY: 0.5654
