Location: Sandro_Ⴡ_2.jpg_Mean-Medain.png
Component: component_1744719215562_285.png
centerX: 0.5084075173095944
centerY: 0.5115716753022452
width: 0.017804154302670624
height: 0.01934369602763385
Area: 7.24329440062593e-05
CentroidX: 0.5139
CentroidY: 0.5215
