Location: Sandro_Ⴡ_2.jpg_Otsu.png
Component: component_1744719216331_54.png
centerX: 0.34619188921859545
centerY: 0.1084628670120898
width: 0.03461918892185954
height: 0.031088082901554404
Area: 0.000436647653018865
CentroidX: 0.3591
CentroidY: 0.1227
