Location: Sandro_Ⴡ_1.jpg_Mean-Closing.png
Component: component_1744719216242_281.png
centerX: 0.15151515151515152
centerY: 0.6568627450980392
width: 0.017186793306196293
height: 0.03594771241830065
Area: 0.0001537174495910229
CentroidX: 0.1570
CentroidY: 0.6768
