Location: Sandro_Ⴡ_2.jpg_Otsu.png
Component: component_1744719216360_163.png
centerX: 0.5870425321463897
centerY: 0.35958549222797925
width: 0.037091988130563795
height: 0.03246977547495682
Area: 0.000468422482229158
CentroidX: 0.6009
CentroidY: 0.3759
