Location: Sandro_Ⴡ_2.jpg_Mean-Medain.png
Component: component_1744719215525_122.png
centerX: 0.8140454995054401
centerY: 0.257685664939551
width: 0.033630069238377844
height: 0.027979274611398965
Area: 0.00040743531003520854
CentroidX: 0.8266
CentroidY: 0.2711
