Location: Sandro_Ⴡ_2.jpg_Otsu.png
Component: component_1744719216364_181.png
centerX: 0.12561819980217606
centerY: 0.401727115716753
width: 0.026706231454005934
height: 0.027979274611398965
Area: 8.661203446031477e-05
CentroidX: 0.1316
CentroidY: 0.4149
