Location: Sandro_Ⴡ_2.jpg_Otsu.png
Component: component_1744719216410_377.png
centerX: 0.31849653808110784
centerY: 0.666321243523316
width: 0.0410484668644906
height: 0.024179620034542316
Area: 0.0003543064289362778
CentroidX: 0.3341
CentroidY: 0.6772
