Location: Sandro_Ⴡ_2.jpg_Mean-Medain.png
Component: component_1744719215535_171.png
centerX: 0.9376854599406528
centerY: 0.3616580310880829
width: 0.032640949554896145
height: 0.029015544041450778
Area: 0.0003074983471963838
CentroidX: 0.9515
CentroidY: 0.3745
