Location: Sandro_Ⴡ_1.jpg_Mean-Closing.png
Component: component_1744719216263_348.png
centerX: 0.7141564902758932
centerY: 0.7392156862745098
width: 0.018995929443690638
height: 0.042483660130718956
Area: 0.00020604050454796723
CentroidX: 0.7201
CentroidY: 0.7608
