Location: Sandro_Ⴡ_1.jpg_Mean-Closing.png
Component: component_1744719216166_38.png
centerX: 0.07960199004975124
centerY: 0.08562091503267974
width: 0.02397105382180009
height: 0.052941176470588235
Area: 0.0005838306979659043
CentroidX: 0.0884
CentroidY: 0.1116
