Location: Sandro_Ⴡ_2.jpg_Otsu.png
Component: component_1744719216419_422.png
centerX: 0.9727992087042532
centerY: 0.7440414507772021
width: 0.026706231454005934
height: 0.022797927461139896
Area: 0.0002588111088902897
CentroidX: 0.9825
CentroidY: 0.7557
