Location: Sandro_Ⴡ_1.jpg_Mean-Closing.png
Component: component_1744719216183_62.png
centerX: 0.7507914970601538
centerY: 0.15555555555555556
width: 0.02668475802804161
height: 0.04967320261437908
Area: 0.0005386022945285457
CentroidX: 0.7612
CentroidY: 0.1812
