Location: Sandro_Ⴡ_1.jpg_Mean-Closing.png
Component: component_1744719216261_342.png
centerX: 0.8475802804161013
centerY: 0.734640522875817
width: 0.022161917684305744
height: 0.040522875816993466
Area: 0.00021136149318765648
CentroidX: 0.8553
CentroidY: 0.7532
