Location: Sandro_Ⴡ_1.jpg_Mean-Closing.png
Component: component_1744719216217_182.png
centerX: 0.22071460877431026
centerY: 0.44509803921568625
width: 0.024875621890547265
height: 0.045098039215686274
Area: 0.0005238217705294088
CentroidX: 0.2291
CentroidY: 0.4681
