Location: Sandro_Ⴡ_2.jpg_Otsu.png
Component: component_1744719216459_597.png
centerX: 0.8674579624134521
centerY: 0.9340241796200346
width: 0.020276953511374877
height: 0.015889464594127805
Area: 5.9278848042858434e-05
CentroidX: 0.8737
CentroidY: 0.9415
