Location: Sandro_Ⴡ_2.jpg_Otsu.png
Component: component_1744719216335_71.png
centerX: 0.5558852621167161
centerY: 0.15716753022452504
width: 0.03165182987141444
height: 0.03143350604490501
Area: 0.0004407476309814835
CentroidX: 0.5671
CentroidY: 0.1730
