Location: Sandro_Ⴡ_1.jpg_Mean-Medain.png
Component: component_1744719216028_143.png
centerX: 0.7245590230664858
centerY: 0.31633986928104574
width: 0.027137042062415198
height: 0.05228758169934641
Area: 0.0006225556708436428
CentroidX: 0.7355
CentroidY: 0.3430
