Location: Sandro_Ⴡ_2.jpg_Otsu.png
Component: component_1744719216449_549.png
centerX: 0.18496538081107813
centerY: 0.9056994818652849
width: 0.019287833827893175
height: 0.022107081174438686
Area: 7.174961434582289e-05
CentroidX: 0.1907
CentroidY: 0.9170
