Location: Sandro_Ⴡ_2.jpg_Mean-Medain.png
Component: component_1744719215866_519.png
centerX: 0.45004945598417406
centerY: 0.8818652849740932
width: 0.01730959446092977
height: 0.022107081174438686
Area: 8.507454272433286e-05
CentroidX: 0.4555
CentroidY: 0.8931
