Location: Sandro_Ⴡ_2.jpg_Otsu.png
Component: component_1744719216345_105.png
centerX: 0.8793273986152325
centerY: 0.2075993091537133
width: 0.033630069238377844
height: 0.028670120898100174
Area: 0.0003698521787112061
CentroidX: 0.8911
CentroidY: 0.2235
