Location: Sandro_Ⴡ_1.jpg_Mean-Medain.png
Component: component_1744719215976_52.png
centerX: 0.11216644052464948
centerY: 0.09019607843137255
width: 0.02397105382180009
height: 0.0457516339869281
Area: 0.0005078588046103411
CentroidX: 0.1206
CentroidY: 0.1124
