Location: Sandro_Ⴡ_2.jpg_Mean-Medain.png
Component: component_1744719215922_637.png
centerX: 0.17408506429277942
centerY: 0.9671848013816926
width: 0.020276953511374877
height: 0.021070811744386873
Area: 0.00010044946008415205
CentroidX: 0.1799
CentroidY: 0.9785
