Location: Sandro_Ⴡ_1.jpg_Mean-Closing.png
Component: component_1744719216228_221.png
centerX: 0.6196291270918136
centerY: 0.5398692810457516
width: 0.02668475802804161
height: 0.04379084967320261
Area: 0.0004726811574923954
CentroidX: 0.6284
CentroidY: 0.5624
