Location: Sandro_Ⴡ_2.jpg_Mean-Medain.png
Component: component_1744719215843_487.png
centerX: 0.5044510385756676
centerY: 0.8521588946459413
width: 0.01730959446092977
height: 0.02521588946459413
Area: 8.84911910265149e-05
CentroidX: 0.5100
CentroidY: 0.8653
