Location: Sandro_Ⴡ_2.jpg_Otsu.png
Component: component_1744719216451_559.png
centerX: 0.5093966369930761
centerY: 0.9094991364421416
width: 0.019287833827893175
height: 0.02003454231433506
Area: 5.8253853552203824e-05
CentroidX: 0.5155
CentroidY: 0.9196
