Location: Sandro_Ⴡ_2.jpg_Mean-Medain.png
Component: component_1744719215565_301.png
centerX: 0.956973293768546
centerY: 0.5157167530224525
width: 0.020276953511374877
height: 0.016580310880829015
Area: 6.969962536451367e-05
CentroidX: 0.9653
CentroidY: 0.5235
