Location: Sandro_Ⴡ_1.jpg_Mean-Medain.png
Component: component_1744719216113_387.png
centerX: 0.5979194934418816
centerY: 0.8052287581699347
width: 0.019448213478064226
height: 0.042483660130718956
Area: 0.0001602208801506431
CentroidX: 0.6046
CentroidY: 0.8266
