Location: Sandro_Ⴡ_2.jpg_Mean-Medain.png
Component: component_1744719215560_274.png
centerX: 0.2898120672601385
centerY: 0.5088082901554404
width: 0.018298714144411473
height: 0.01934369602763385
Area: 8.422038064878734e-05
CentroidX: 0.2961
CentroidY: 0.5180
