Location: Sandro_Ⴡ_2.jpg_Otsu.png
Component: component_1744719216446_534.png
centerX: 0.5999010880316519
centerY: 0.8835924006908463
width: 0.018793273986152326
height: 0.020379965457685664
Area: 6.0133010118403946e-05
CentroidX: 0.6054
CentroidY: 0.8940
