Location: Sandro_Ⴡ_1.jpg_Mean-Closing.png
Component: component_1744719216197_110.png
centerX: 0.5382180009045681
centerY: 0.24183006535947713
width: 0.026232473993668022
height: 0.04379084967320261
Area: 0.0005273690962892016
CentroidX: 0.5480
CentroidY: 0.2637
