Location: Sandro_Ⴡ_2.jpg_Mean-Medain.png
Component: component_1744719215496_16.png
centerX: 0.7690405539070228
centerY: 0.014853195164075994
width: 0.0361028684470821
height: 0.036614853195164075
Area: 0.0005950093018250027
CentroidX: 0.7825
CentroidY: 0.0314
