Location: Sandro_Ⴡ_2.jpg_Mean-Medain.png
Component: component_1744719215759_410.png
centerX: 0.731948565776459
centerY: 0.7077720207253886
width: 0.03461918892185954
height: 0.024870466321243522
Area: 0.00036506887108815123
CentroidX: 0.7455
CentroidY: 0.7203
