Location: Sandro_Ⴡ_1.jpg_Mean-Closing.png
Component: component_1744719216244_286.png
centerX: 0.2840343735866124
centerY: 0.661437908496732
width: 0.017639077340569877
height: 0.046405228758169936
Area: 0.0001936248643886923
CentroidX: 0.2897
CentroidY: 0.6850
