Location: Sandro_Ⴡ_1.jpg_Mean-Closing.png
Component: component_1744719216265_352.png
centerX: 0.6901854364540931
centerY: 0.7411764705882353
width: 0.016734509271822705
height: 0.041176470588235294
Area: 0.0001764794565496936
CentroidX: 0.6956
CentroidY: 0.7613
