Location: Sandro_Ⴡ_1.jpg_Mean-Closing.png
Component: component_1744719216180_60.png
centerX: 0.013116236996834011
centerY: 0.15294117647058825
width: 0.023066485753052916
height: 0.046405228758169936
Area: 0.0004017346422965387
CentroidX: 0.0209
CentroidY: 0.1761
