Location: Sandro_Ⴡ_2.jpg_Otsu.png
Component: component_1744719216327_32.png
centerX: 0.41543026706231456
centerY: 0.059758203799654575
width: 0.03016815034619189
height: 0.03143350604490501
Area: 0.0004316935129807011
CentroidX: 0.4272
CentroidY: 0.0736
