Location: Sandro_Ⴡ_2.jpg_Otsu.png
Component: component_1744719216418_418.png
centerX: 0.3694362017804154
centerY: 0.7443868739205527
width: 0.032640949554896145
height: 0.028670120898100174
Area: 0.0003676313573147878
CentroidX: 0.3816
CentroidY: 0.7591
