Location: Sandro_Ⴡ_2.jpg_Mean-Medain.png
Component: component_1744719215538_190.png
centerX: 0.35855588526211674
centerY: 0.4089810017271157
width: 0.026211671612265085
height: 0.027979274611398965
Area: 9.993696283882474e-05
CentroidX: 0.3660
CentroidY: 0.4242
