Location: Sandro_Ⴡ_1.jpg_Mean-Closing.png
Component: component_1744719216219_195.png
centerX: 0.5843509724106739
centerY: 0.46405228758169936
width: 0.02532790592492085
height: 0.056862745098039215
Area: 0.000589742907565559
CentroidX: 0.5931
CentroidY: 0.4942
