Location: Sandro_Ⴡ_2.jpg_Mean-Medain.png
Component: component_1744719215840_482.png
centerX: 0.22551928783382788
centerY: 0.8514680483592401
width: 0.019287833827893175
height: 0.02521588946459413
Area: 8.81495261962967e-05
CentroidX: 0.2312
CentroidY: 0.8641
