Location: Sandro_Ⴡ_2.jpg_Mean-Medain.png
Component: component_1744719215909_589.png
centerX: 0.7967359050445104
centerY: 0.9333333333333333
width: 0.016320474777448073
height: 0.016580310880829015
Area: 7.636208955376866e-05
CentroidX: 0.8025
CentroidY: 0.9416
