Location: Sandro_Ⴡ_2.jpg_Otsu.png
Component: component_1744719216417_410.png
centerX: 0.06478733926805143
centerY: 0.707426597582038
width: 0.0380811078140455
height: 0.02521588946459413
Area: 0.0003464481378412591
CentroidX: 0.0786
CentroidY: 0.7192
