Location: Sandro_Ⴡ_2.jpg_Mean-Medain.png
Component: component_1744719215580_352.png
centerX: 0.28239366963402573
centerY: 0.6276338514680484
width: 0.03461918892185954
height: 0.03005181347150259
Area: 0.0004166602604511001
CentroidX: 0.2951
CentroidY: 0.6423
