Location: Sandro_Ⴡ_2.jpg_Mean-Medain.png
Component: component_1744719215896_547.png
centerX: 0.3545994065281899
centerY: 0.907426597582038
width: 0.016815034619188922
height: 0.020379965457685664
Area: 7.089545227027739e-05
CentroidX: 0.3603
CentroidY: 0.9177
