Location: Sandro_Ⴡ_2.jpg_Mean-Medain.png
Component: component_1744719215783_434.png
centerX: 0.0722057368941642
centerY: 0.7806563039723662
width: 0.0351137487636004
height: 0.027633851468048358
Area: 0.00038249377742927967
CentroidX: 0.0851
CentroidY: 0.7944
