Location: Sandro_Ⴡ_2.jpg_Otsu.png
Component: component_1744719216357_146.png
centerX: 0.837784371909001
centerY: 0.31191709844559584
width: 0.0361028684470821
height: 0.029706390328151987
Area: 0.00043767264750951964
CentroidX: 0.8512
CentroidY: 0.3252
