Location: Sandro_Ⴡ_1.jpg_Mean-Closing.png
Component: component_1744719216156_2.png
centerX: 0.2663952962460425
centerY: 0.00522875816993464
width: 0.02668475802804161
height: 0.05032679738562092
Area: 0.0005858999713257834
CentroidX: 0.2774
CentroidY: 0.0301
