Location: Sandro_Ⴡ_2.jpg_Mean-Medain.png
Component: component_1744719215843_486.png
centerX: 0.43867457962413453
centerY: 0.8518134715025907
width: 0.02423343224530168
height: 0.024870466321243522
Area: 0.00010079112491437025
CentroidX: 0.4463
CentroidY: 0.8655
