Location: Sandro_Ⴡ_1.jpg_Mean-Medain.png
Component: component_1744719216043_171.png
centerX: 0.6698326549072817
centerY: 0.3954248366013072
width: 0.024423337856173677
height: 0.05555555555555555
Area: 0.0005108149094101684
CentroidX: 0.6788
CentroidY: 0.4252
