Location: Sandro_Ⴡ_2.jpg_Mean-Medain.png
Component: component_1744719215831_465.png
centerX: 0.6711177052423343
centerY: 0.8224525043177893
width: 0.029179030662710187
height: 0.03212435233160622
Area: 0.0003876187498825527
CentroidX: 0.6807
CentroidY: 0.8378
