Location: Sandro_Ⴡ_2.jpg_Mean-Medain.png
Component: component_1744719215638_376.png
centerX: 0.1641938674579624
centerY: 0.666321243523316
width: 0.03560830860534125
height: 0.026252158894645942
Area: 0.0003782229670515521
CentroidX: 0.1779
CentroidY: 0.6788
