Location: Sandro_Ⴡ_2.jpg_Mean-Medain.png
Component: component_1744719215538_188.png
centerX: 0.4807121661721068
centerY: 0.4086355785837651
width: 0.03115727002967359
height: 0.03281519861830743
Area: 0.00019901976360210398
CentroidX: 0.4865
CentroidY: 0.4255
