Location: Sandro_Ⴡ_1.jpg_Mean-Closing.png
Component: component_1744719216228_220.png
centerX: 0.8046132971506106
centerY: 0.5379084967320261
width: 0.02668475802804161
height: 0.05163398692810457
Area: 0.0006074795363645232
CentroidX: 0.8139
CentroidY: 0.5631
