Location: Sandro_Ⴡ_2.jpg_Otsu.png
Component: component_1744719216391_296.png
centerX: 0.06973293768545995
centerY: 0.5143350604490501
width: 0.016815034619188922
height: 0.02003454231433506
Area: 5.8253853552203824e-05
CentroidX: 0.0741
CentroidY: 0.5235
