Location: Sandro_Ⴡ_2.jpg_Mean-Medain.png
Component: component_1744719215513_78.png
centerX: 0.6073194856577646
centerY: 0.15820379965457684
width: 0.033135509396636995
height: 0.03177892918825561
Area: 0.0004952431714012871
CentroidX: 0.6193
CentroidY: 0.1738
