Location: Sandro_Ⴡ_2.jpg_Mean-Medain.png
Component: component_1744719215539_194.png
centerX: 0.9342235410484668
centerY: 0.41070811744386876
width: 0.020771513353115726
height: 0.029015544041450778
Area: 0.00011633687468929855
CentroidX: 0.9407
CentroidY: 0.4258
