Location: Sandro_Ⴡ_2.jpg_Mean-Medain.png
Component: component_1744719215827_457.png
centerX: 0.1221562809099901
centerY: 0.8169257340241797
width: 0.036597428288822946
height: 0.027633851468048358
Area: 0.0004017978403366082
CentroidX: 0.1359
CentroidY: 0.8309
