Location: Sandro_Ⴡ_1.jpg_Mean-Medain.png
Component: component_1744719216051_188.png
centerX: 0.5436454093170511
centerY: 0.45294117647058824
width: 0.030303030303030304
height: 0.0673202614379085
Area: 0.0006843382611600346
CentroidX: 0.5533
CentroidY: 0.4882
