Location: Sandro_Ⴡ_2.jpg_Otsu.png
Component: component_1744719216354_138.png
centerX: 0.6943620178041543
centerY: 0.3088082901554404
width: 0.0361028684470821
height: 0.03730569948186528
Area: 0.0007935165681817794
CentroidX: 0.7087
CentroidY: 0.3289
