Location: Sandro_Ⴡ_1.jpg_Mean-Medain.png
Component: component_1744719215955_13.png
centerX: 0.5468113975576662
centerY: 0.009150326797385621
width: 0.030303030303030304
height: 0.04967320261437908
Area: 0.0004901221758113769
CentroidX: 0.5587
CentroidY: 0.0363
