Location: Sandro_Ⴡ_1.jpg_Mean-Medain.png
Component: component_1744719216050_186.png
centerX: 0.33514246947082765
centerY: 0.4516339869281046
width: 0.023518769787426504
height: 0.043137254901960784
Area: 0.0004791845880520156
CentroidX: 0.3433
CentroidY: 0.4744
