Location: Sandro_Ⴡ_2.jpg_Mean-Medain.png
Component: component_1744719215517_93.png
centerX: 0.6048466864490604
centerY: 0.20483592400690848
width: 0.028189910979228485
height: 0.0307426597582038
Area: 0.000413243612148918
CentroidX: 0.6151
CentroidY: 0.2193
