Location: Sandro_Ⴡ_1.jpg_Mean-Closing.png
Component: component_1744719216272_381.png
centerX: 0.7711442786069652
centerY: 0.7993464052287582
width: 0.018091361374943465
height: 0.03790849673202614
Area: 0.00018416532902924474
CentroidX: 0.7776
CentroidY: 0.8188
