Location: Sandro_Ⴡ_1.jpg_Mean-Medain.png
Component: component_1744719216078_291.png
centerX: 0.48801447308909995
centerY: 0.6679738562091503
width: 0.016282225237449117
height: 0.04183006535947712
Area: 0.00017174968886996981
CentroidX: 0.4938
CentroidY: 0.6884
