Location: Sandro_Ⴡ_1.jpg_Mean-Medain.png
Component: component_1744719216059_220.png
centerX: 0.9149706015377658
centerY: 0.5352941176470588
width: 0.033016734509271825
height: 0.054901960784313725
Area: 0.0006630543066012776
CentroidX: 0.9274
CentroidY: 0.5621
