Location: Sandro_Ⴡ_1.jpg_Mean-Closing.png
Component: component_1744719216230_226.png
centerX: 0.7643600180913613
centerY: 0.5444444444444444
width: 0.02804161013116237
height: 0.04771241830065359
Area: 0.0005211612762095641
CentroidX: 0.7742
CentroidY: 0.5670
