Location: Sandro_Ⴡ_2.jpg_Otsu.png
Component: component_1744719216361_168.png
centerX: 0.8882294757665677
centerY: 0.3606217616580311
width: 0.04302670623145401
height: 0.0383419689119171
Area: 0.0005716052609550557
CentroidX: 0.9027
CentroidY: 0.3767
