Location: Sandro_Ⴡ_1.jpg_Mean-Medain.png
Component: component_1744719215993_83.png
centerX: 0.26503844414292177
centerY: 0.16732026143790849
width: 0.02668475802804161
height: 0.041176470588235294
Area: 0.0005400803469284593
CentroidX: 0.2753
CentroidY: 0.1878
