Location: Sandro_Ⴡ_2.jpg_Otsu.png
Component: component_1744719216439_500.png
centerX: 0.8283877349159249
centerY: 0.859412780656304
width: 0.021760633036597428
height: 0.020379965457685664
Area: 7.004129019473187e-05
CentroidX: 0.8354
CentroidY: 0.8698
