Location: Sandro_Ⴡ_2.jpg_Mean-Medain.png
Component: component_1744719215536_181.png
centerX: 0.12561819980217606
centerY: 0.401727115716753
width: 0.027200791295746787
height: 0.027979274611398965
Area: 0.00011684937193462586
CentroidX: 0.1319
CentroidY: 0.4148
