Location: Sandro_Ⴡ_1.jpg_Mean-Medain.png
Component: component_1744719216082_298.png
centerX: 0.5373134328358209
centerY: 0.6725490196078432
width: 0.018995929443690638
height: 0.04183006535947712
Area: 0.000168202363110177
CentroidX: 0.5432
CentroidY: 0.6936
