Location: Sandro_Ⴡ_2.jpg_Otsu.png
Component: component_1744719216339_84.png
centerX: 0.09446092977250248
centerY: 0.16027633851468048
width: 0.03412462908011869
height: 0.03246977547495682
Area: 0.0004511684083031387
CentroidX: 0.1069
CentroidY: 0.1758
