Location: Sandro_Ⴡ_2.jpg_Mean-Medain.png
Component: component_1744719215536_179.png
centerX: 0.04945598417408507
centerY: 0.4
width: 0.020276953511374877
height: 0.031088082901554404
Area: 0.00011479938295331662
CentroidX: 0.0551
CentroidY: 0.4158
