Location: Sandro_Ⴡ_2.jpg_Otsu.png
Component: component_1744719216439_496.png
centerX: 0.688921859545005
centerY: 0.8566493955094991
width: 0.016320474777448073
height: 0.023488773747841106
Area: 6.662464189254983e-05
CentroidX: 0.6930
CentroidY: 0.8679
