Location: Sandro_Ⴡ_1.jpg_Mean-Medain.png
Component: component_1744719215992_82.png
centerX: 0.1546811397557666
centerY: 0.16601307189542483
width: 0.026232473993668022
height: 0.046405228758169936
Area: 0.0005140666246899785
CentroidX: 0.1637
CentroidY: 0.1889
