Location: Sandro_Ⴡ_2.jpg_Mean-Medain.png
Component: component_1744719215530_147.png
centerX: 0.8857566765578635
centerY: 0.31191709844559584
width: 0.04451038575667656
height: 0.03143350604490501
Area: 0.0005131805749877428
CentroidX: 0.9027
CentroidY: 0.3274
