Location: Sandro_Ⴡ_2.jpg_Mean-Medain.png
Component: component_1744719215550_251.png
centerX: 0.8165182987141444
centerY: 0.4791018998272884
width: 0.02274975272007913
height: 0.02003454231433506
Area: 8.968701793227861e-05
CentroidX: 0.8245
CentroidY: 0.4894
