Location: Sandro_Ⴡ_1.jpg_Mean-Closing.png
Component: component_1744719216160_18.png
centerX: 0.04206241519674356
centerY: 0.01241830065359477
width: 0.031659882406151064
height: 0.05359477124183006
Area: 0.0007035529423589126
CentroidX: 0.0536
CentroidY: 0.0399
