Location: Sandro_Ⴡ_2.jpg_Mean-Medain.png
Component: component_1744719215900_561.png
centerX: 0.7626112759643917
centerY: 0.9098445595854923
width: 0.016815034619188922
height: 0.017962003454231434
Area: 8.199955925236902e-05
CentroidX: 0.7688
CentroidY: 0.9183
