Location: Sandro_Ⴡ_2.jpg_Mean-Medain.png
Component: component_1744719215868_521.png
centerX: 0.5361028684470821
centerY: 0.8818652849740932
width: 0.018793273986152326
height: 0.02003454231433506
Area: 8.592870479987837e-05
CentroidX: 0.5423
CentroidY: 0.8927
