Location: Sandro_Ⴡ_2.jpg_Otsu.png
Component: component_1744719216420_427.png
centerX: 0.5113748763600395
centerY: 0.7464594127806563
width: 0.03115727002967359
height: 0.027288428324697755
Area: 0.00034986478614344117
CentroidX: 0.5233
CentroidY: 0.7600
