Location: Sandro_Ⴡ_2.jpg_Mean-Medain.png
Component: component_1744719215552_264.png
centerX: 0.6815034619188922
centerY: 0.48290155440414506
width: 0.020276953511374877
height: 0.020379965457685664
Area: 8.951618551716951e-05
CentroidX: 0.6891
CentroidY: 0.4927
