Location: Sandro_Ⴡ_1.jpg_Mean-Medain.png
Component: component_1744719215955_12.png
centerX: 0.3894165535956581
centerY: 0.00980392156862745
width: 0.02668475802804161
height: 0.047058823529411764
Area: 0.0005424452307683212
CentroidX: 0.3996
CentroidY: 0.0335
