Location: Sandro_Ⴡ_1.jpg_Mean-Closing.png
Component: component_1744719216195_99.png
centerX: 0.8028041610131162
centerY: 0.23529411764705882
width: 0.034373586612392586
height: 0.046405228758169936
Area: 0.0006222600603636601
CentroidX: 0.8152
CentroidY: 0.2590
