Location: Sandro_Ⴡ_2.jpg_Otsu.png
Component: component_1744719216347_113.png
centerX: 0.04648862512363996
centerY: 0.2549222797927461
width: 0.037091988130563795
height: 0.0307426597582038
Area: 0.00039940618652508074
CentroidX: 0.0602
CentroidY: 0.2703
