Location: Sandro_Ⴡ_2.jpg_Mean-Medain.png
Component: component_1744719215506_44.png
centerX: 0.9535113748763601
centerY: 0.06873920552677029
width: 0.03115727002967359
height: 0.0307426597582038
Area: 0.0003541355965211687
CentroidX: 0.9653
CentroidY: 0.0853
