Location: Sandro_Ⴡ_2.jpg_Mean-Medain.png
Component: component_1744719215544_216.png
centerX: 0.2764589515331355
centerY: 0.44455958549222796
width: 0.02225519287833828
height: 0.023488773747841106
Area: 9.259116898913335e-05
CentroidX: 0.2835
CentroidY: 0.4565
