Location: Sandro_Ⴡ_1.jpg_Mean-Closing.png
Component: component_1744719216238_264.png
centerX: 0.6386250565355043
centerY: 0.615686274509804
width: 0.018091361374943465
height: 0.03790849673202614
Area: 0.0001643594268704014
CentroidX: 0.6444
CentroidY: 0.6353
