Location: Sandro_Ⴡ_2.jpg_Otsu.png
Component: component_1744719216444_522.png
centerX: 0.798219584569733
centerY: 0.8815198618307427
width: 0.017804154302670624
height: 0.018307426597582038
Area: 5.3812210759367165e-05
CentroidX: 0.8040
CentroidY: 0.8914
