Location: Sandro_Ⴡ_2.jpg_Otsu.png
Component: component_1744719216424_438.png
centerX: 0.2675568743818002
centerY: 0.7816925734024179
width: 0.033630069238377844
height: 0.02694300518134715
Area: 0.0003971853651286624
CentroidX: 0.2803
CentroidY: 0.7939
