Location: Sandro_Ⴡ_2.jpg_Mean-Medain.png
Component: component_1744719215508_54.png
centerX: 0.34619188921859545
centerY: 0.1084628670120898
width: 0.0351137487636004
height: 0.031088082901554404
Area: 0.00047047247121046723
CentroidX: 0.3594
CentroidY: 0.1226
