Location: Sandro_Ⴡ_2.jpg_Mean-Medain.png
Component: component_1744719215899_555.png
centerX: 0.5459940652818991
centerY: 0.9094991364421416
width: 0.016815034619188922
height: 0.02003454231433506
Area: 7.140794951560468e-05
CentroidX: 0.5516
CentroidY: 0.9197
