Location: Sandro_Ⴡ_2.jpg_Otsu.png
Component: component_1744719216445_527.png
centerX: 0.6285855588526211
centerY: 0.8825561312607945
width: 0.01533135509396637
height: 0.022797927461139896
Area: 5.962051287307664e-05
CentroidX: 0.6328
CentroidY: 0.8945
