Location: Sandro_Ⴡ_1.jpg_Mean-Closing.png
Component: component_1744719216253_322.png
centerX: 0.13568521031207598
centerY: 0.7150326797385621
width: 0.015377657168701944
height: 0.048366013071895426
Area: 0.00019007753862889946
CentroidX: 0.1399
CentroidY: 0.7383
