Location: Sandro_Ⴡ_1.jpg_Mean-Medain.png
Component: component_1744719215971_36.png
centerX: 0.9507010402532791
centerY: 0.08104575163398693
width: 0.028493894165535955
height: 0.03790849673202614
Area: 0.0005297339801290635
CentroidX: 0.9622
CentroidY: 0.1001
