Location: Sandro_Ⴡ_1.jpg_Mean-Closing.png
Component: component_1744719216179_53.png
centerX: 0.2876526458616011
centerY: 0.09084967320261438
width: 0.031207598371777476
height: 0.04967320261437908
Area: 0.000595359506685231
CentroidX: 0.2990
CentroidY: 0.1135
