Location: Sandro_Ⴡ_2.jpg_Mean-Medain.png
Component: component_1744719215512_74.png
centerX: 0.6636993076162215
centerY: 0.15785837651122625
width: 0.0420375865479723
height: 0.03005181347150259
Area: 0.0004773057678148313
CentroidX: 0.6785
CentroidY: 0.1731
