Location: Sandro_Ⴡ_2.jpg_Otsu.png
Component: component_1744719216359_156.png
centerX: 0.002967359050445104
centerY: 0.3509499136442142
width: 0.02967359050445104
height: 0.031088082901554404
Area: 0.00039684370029844426
CentroidX: 0.0135
CentroidY: 0.3653
