Location: Sandro_Ⴡ_1.jpg_Mean-Medain.png
Component: component_1744719215961_18.png
centerX: 0.4251469923111714
centerY: 0.011111111111111112
width: 0.02804161013116237
height: 0.04771241830065359
Area: 0.0005563389233275098
CentroidX: 0.4354
CentroidY: 0.0346
