Location: Sandro_Ⴡ_1.jpg_Mean-Medain.png
Component: component_1744719216022_137.png
centerX: 0.5671641791044776
centerY: 0.31437908496732025
width: 0.027137042062415198
height: 0.04771241830065359
Area: 0.0006237381127635737
CentroidX: 0.5772
CentroidY: 0.3380
