Location: Sandro_Ⴡ_2.jpg_Otsu.png
Component: component_1744719216471_638.png
centerX: 0.271513353115727
centerY: 0.9637305699481865
width: 0.018793273986152326
height: 0.01934369602763385
Area: 7.516626264800494e-05
CentroidX: 0.2770
CentroidY: 0.9741
