Location: Sandro_Ⴡ_2.jpg_Mean-Medain.png
Component: component_1744719215900_563.png
centerX: 0.8160237388724035
centerY: 0.9101899827288429
width: 0.018298714144411473
height: 0.01934369602763385
Area: 8.88328558567331e-05
CentroidX: 0.8228
CentroidY: 0.9204
