Location: Sandro_Ⴡ_2.jpg_Mean-Medain.png
Component: component_1744719215574_336.png
centerX: 0.1815034619188922
centerY: 0.5920552677029361
width: 0.033630069238377844
height: 0.027633851468048358
Area: 0.00034132316538798606
CentroidX: 0.1937
CentroidY: 0.6053
