Location: Sandro_Ⴡ_2.jpg_Mean-Medain.png
Component: component_1744719215907_584.png
centerX: 0.5084075173095944
centerY: 0.9329879101899827
width: 0.019782393669634024
height: 0.0231433506044905
Area: 8.387871581856915e-05
CentroidX: 0.5149
CentroidY: 0.9450
