Location: Sandro_Ⴡ_2.jpg_Mean-Medain.png
Component: component_1744719215746_405.png
centerX: 0.9663699307616221
centerY: 0.705699481865285
width: 0.033630069238377844
height: 0.027288428324697755
Area: 0.00044911841932182946
CentroidX: 0.9790
CentroidY: 0.7190
