Location: Sandro_Ⴡ_2.jpg_Otsu.png
Component: component_1744719216412_388.png
centerX: 0.9495548961424333
centerY: 0.6697754749568221
width: 0.029179030662710187
height: 0.025561312607944732
Area: 0.00032526491836773046
CentroidX: 0.9599
CentroidY: 0.6818
