Location: Sandro_Ⴡ_1.jpg_Mean-Closing.png
Component: component_1744719216269_373.png
centerX: 0.968340117593849
centerY: 0.7954248366013071
width: 0.017186793306196293
height: 0.03529411764705882
Area: 0.00021816053422725942
CentroidX: 0.9749
CentroidY: 0.8130
