Location: Sandro_Ⴡ_2.jpg_Otsu.png
Component: component_1744719216393_313.png
centerX: 0.5816023738872403
centerY: 0.5464594127806564
width: 0.0361028684470821
height: 0.03557858376511226
Area: 0.0003862520905616799
CentroidX: 0.5939
CentroidY: 0.5647
