Location: Sandro_Ⴡ_1.jpg_Mean-Closing.png
Component: component_1744719216163_32.png
centerX: 0.011759384893713252
centerY: 0.08104575163398693
width: 0.024423337856173677
height: 0.05032679738562092
Area: 0.00046322162213294785
CentroidX: 0.0198
CentroidY: 0.1079
