Location: Sandro_Ⴡ_2.jpg_Mean-Medain.png
Component: component_1744719215528_139.png
centerX: 0.6938674579624134
centerY: 0.3088082901554404
width: 0.037091988130563795
height: 0.03765112262521589
Area: 0.0008331496884870911
CentroidX: 0.7087
CentroidY: 0.3288
