Location: Sandro_Ⴡ_1.jpg_Mean-Medain.png
Component: component_1744719216089_319.png
centerX: 0.18995929443690637
centerY: 0.7150326797385621
width: 0.015829941203075532
height: 0.047058823529411764
Area: 0.00019953707398834704
CentroidX: 0.1949
CentroidY: 0.7378
