Location: Sandro_Ⴡ_1.jpg_Mean-Medain.png
Component: component_1744719216089_320.png
centerX: 0.22207146087743102
centerY: 0.7156862745098039
width: 0.017186793306196293
height: 0.05816993464052288
Area: 0.0002935412066228572
CentroidX: 0.2262
CentroidY: 0.7440
