Location: Sandro_Ⴡ_2.jpg_Mean-Medain.png
Component: component_1744719215528_138.png
centerX: 0.38625123639960435
centerY: 0.30915371329879104
width: 0.03412462908011869
height: 0.03903281519861831
Area: 0.0005140347370632882
CentroidX: 0.3990
CentroidY: 0.3287
