Location: Sandro_Ⴡ_2.jpg_Otsu.png
Component: component_1744719216455_577.png
centerX: 0.08753709198813056
centerY: 0.9129533678756476
width: 0.016815034619188922
height: 0.019689119170984457
Area: 6.628297706233162e-05
CentroidX: 0.0920
CentroidY: 0.9226
