Location: Sandro_Ⴡ_1.jpg_Mean-Closing.png
Component: component_1744719216227_213.png
centerX: 0.3441881501582994
centerY: 0.5196078431372549
width: 0.02397105382180009
height: 0.052941176470588235
Area: 0.0005409671783684076
CentroidX: 0.3521
CentroidY: 0.5469
