Location: Sandro_Ⴡ_2.jpg_Mean-Medain.png
Component: component_1744719215548_244.png
centerX: 0.18991097922848665
centerY: 0.4753022452504318
width: 0.02126607319485658
height: 0.02072538860103627
Area: 8.866202344162401e-05
CentroidX: 0.1967
CentroidY: 0.4850
