Location: Sandro_Ⴡ_2.jpg_Mean-Medain.png
Component: component_1744719215496_15.png
centerX: 0.7161226508407518
centerY: 0.014507772020725389
width: 0.033135509396636995
height: 0.03626943005181347
Area: 0.0005927884804285844
CentroidX: 0.7286
CentroidY: 0.0317
