Location: Sandro_Ⴡ_1.jpg_Mean-Medain.png
Component: component_1744719215986_69.png
centerX: 0.5617367706919946
centerY: 0.15751633986928104
width: 0.028493894165535955
height: 0.04183006535947712
Area: 0.0005723018892465775
CentroidX: 0.5728
CentroidY: 0.1794
