Location: Sandro_Ⴡ_2.jpg_Otsu.png
Component: component_1744719216360_159.png
centerX: 0.14886251236399603
centerY: 0.35647668393782384
width: 0.033630069238377844
height: 0.034887737478411056
Area: 0.00045441422419021163
CentroidX: 0.1603
CentroidY: 0.3739
