Location: Sandro_Ⴡ_2.jpg_Otsu.png
Component: component_1744719216328_38.png
centerX: 0.5989119683481702
centerY: 0.06701208981001727
width: 0.04154302670623145
height: 0.03143350604490501
Area: 0.0004110227907524997
CentroidX: 0.6111
CentroidY: 0.0830
