Location: Sandro_Ⴡ_1.jpg_Mean-Medain.png
Component: component_1744719216067_243.png
centerX: 0.3283582089552239
centerY: 0.596078431372549
width: 0.016734509271822705
height: 0.04183006535947712
Area: 0.0001537174495910229
CentroidX: 0.3341
CentroidY: 0.6171
