Location: Sandro_Ⴡ_2.jpg_Mean-Medain.png
Component: component_1744719215540_201.png
centerX: 0.9010880316518298
centerY: 0.4141623488773748
width: 0.02225519287833828
height: 0.026252158894645942
Area: 0.00010335361114100679
CentroidX: 0.9075
CentroidY: 0.4279
