Location: Sandro_Ⴡ_2.jpg_Otsu.png
Component: component_1744719216363_175.png
centerX: 0.3857566765578635
centerY: 0.36407599309153715
width: 0.0351137487636004
height: 0.03316062176165803
Area: 0.00047935575679614056
CentroidX: 0.3996
CentroidY: 0.3799
