Location: Sandro_Ⴡ_1.jpg_Mean-Closing.png
Component: component_1744719216159_11.png
centerX: 0.5879692446856626
centerY: 0.00980392156862745
width: 0.027589326096788783
height: 0.04379084967320261
Area: 0.00046322162213294785
CentroidX: 0.5984
CentroidY: 0.0328
