Location: Sandro_Ⴡ_1.jpg_Mean-Medain.png
Component: component_1744719216035_156.png
centerX: 0.33288104929895973
centerY: 0.3738562091503268
width: 0.02532790592492085
height: 0.05620915032679739
Area: 0.0007023705004389816
CentroidX: 0.3427
CentroidY: 0.4032
