Location: Sandro_Ⴡ_2.jpg_Mean-Medain.png
Component: component_1744719215511_65.png
centerX: 0.8763600395647874
centerY: 0.1157167530224525
width: 0.03165182987141444
height: 0.028670120898100174
Area: 0.0004195644115079548
CentroidX: 0.8880
CentroidY: 0.1294
