Location: Sandro_Ⴡ_1.jpg_Mean-Medain.png
Component: component_1744719216037_163.png
centerX: 0.8801447308909995
centerY: 0.38496732026143793
width: 0.024423337856173677
height: 0.044444444444444446
Area: 0.0005093368570102547
CentroidX: 0.8900
CentroidY: 0.4073
