Location: Sandro_Ⴡ_2.jpg_Mean-Medain.png
Component: component_1744719215915_621.png
centerX: 0.5014836795252225
centerY: 0.9609671848013817
width: 0.020276953511374877
height: 0.019689119170984457
Area: 8.06328999314962e-05
CentroidX: 0.5079
CentroidY: 0.9710
