Location: Sandro_Ⴡ_1.jpg_Mean-Closing.png
Component: component_1744719216239_266.png
centerX: 0.8733604703753958
centerY: 0.615686274509804
width: 0.018995929443690638
height: 0.0392156862745098
Area: 0.0001764794565496936
CentroidX: 0.8807
CentroidY: 0.6342
