Location: Sandro_Ⴡ_1.jpg_Mean-Medain.png
Component: component_1744719216102_361.png
centerX: 0.29850746268656714
centerY: 0.7875816993464052
width: 0.017186793306196293
height: 0.045098039215686274
Area: 0.00018032239278946918
CentroidX: 0.3046
CentroidY: 0.8114
