Location: Sandro_Ⴡ_1.jpg_Mean-Closing.png
Component: component_1744719216197_109.png
centerX: 0.42740841248303935
centerY: 0.24248366013071895
width: 0.025780189959294438
height: 0.04183006535947712
Area: 0.0005128841827700476
CentroidX: 0.4372
CentroidY: 0.2626
