Location: Sandro_Ⴡ_1.jpg_Mean-Medain.png
Component: component_1744719215985_62.png
centerX: 0.013116236996834011
centerY: 0.1522875816993464
width: 0.023066485753052916
height: 0.047058823529411764
Area: 0.0004046907470963661
CentroidX: 0.0208
CentroidY: 0.1759
