Location: Sandro_Ⴡ_1.jpg_Mean-Closing.png
Component: component_1744719216219_194.png
centerX: 0.7829036635006784
centerY: 0.4620915032679739
width: 0.028946178199909543
height: 0.0542483660130719
Area: 0.0006095488097244023
CentroidX: 0.7940
CentroidY: 0.4902
