Location: Sandro_Ⴡ_2.jpg_Mean-Medain.png
Component: component_1744719215537_183.png
centerX: 0.2522255192878338
centerY: 0.40345423143350606
width: 0.019782393669634024
height: 0.03454231433506045
Area: 0.00014093674246500924
CentroidX: 0.2574
CentroidY: 0.4192
