Location: Sandro_Ⴡ_2.jpg_Mean-Medain.png
Component: component_1744719215788_436.png
centerX: 0.5158259149357072
centerY: 0.7810017271157168
width: 0.03560830860534125
height: 0.031088082901554404
Area: 0.0004260560432821007
CentroidX: 0.5289
CentroidY: 0.7970
