Location: Sandro_Ⴡ_2.jpg_Mean-Medain.png
Component: component_1744719215838_476.png
centerX: 0.19386745796241345
centerY: 0.8504317789291883
width: 0.01730959446092977
height: 0.025561312607944732
Area: 8.90036882718422e-05
CentroidX: 0.1990
CentroidY: 0.8642
