Location: Sandro_Ⴡ_2.jpg_Otsu.png
Component: component_1744719216377_229.png
centerX: 0.6988130563798219
centerY: 0.45077720207253885
width: 0.019287833827893175
height: 0.02072538860103627
Area: 6.252466392993138e-05
CentroidX: 0.7050
CentroidY: 0.4609
