Location: Sandro_Ⴡ_1.jpg_Mean-Closing.png
Component: component_1744719216237_256.png
centerX: 0.5938489371325192
centerY: 0.6104575163398693
width: 0.016282225237449117
height: 0.041176470588235294
Area: 0.00015815160679076394
CentroidX: 0.5997
CentroidY: 0.6313
