Location: Sandro_Ⴡ_1.jpg_Mean-Medain.png
Component: component_1744719215955_11.png
centerX: 0.3437358661239258
centerY: 0.00980392156862745
width: 0.03075531433740389
height: 0.048366013071895426
Area: 0.0006172346822039535
CentroidX: 0.3549
CentroidY: 0.0325
