Location: Sandro_Ⴡ_1.jpg_Mean-Closing.png
Component: component_1744719216272_380.png
centerX: 0.6273179556761647
centerY: 0.7986928104575164
width: 0.0203527815468114
height: 0.03986928104575163
Area: 0.00017913995086953823
CentroidX: 0.6334
CentroidY: 0.8178
