Location: Sandro_Ⴡ_2.jpg_Mean-Medain.png
Component: component_1744719215922_638.png
centerX: 0.1083086053412463
centerY: 0.970293609671848
width: 0.016815034619188922
height: 0.02141623488773748
Area: 9.002868276249682e-05
CentroidX: 0.1130
CentroidY: 0.9809
