Location: Sandro_Ⴡ_2.jpg_Mean-Medain.png
Component: component_1744719215828_458.png
centerX: 0.52324431256182
centerY: 0.818307426597582
width: 0.03165182987141444
height: 0.026597582037996545
Area: 0.0003691688490507697
CentroidX: 0.5349
CentroidY: 0.8328
