Location: Sandro_Ⴡ_1.jpg_Mean-Medain.png
Component: component_1744719216029_144.png
centerX: 0.6856625961103573
centerY: 0.3176470588235294
width: 0.028493894165535955
height: 0.05620915032679739
Area: 0.0006518211083619336
CentroidX: 0.6964
CentroidY: 0.3447
