Location: Sandro_Ⴡ_2.jpg_Mean-Medain.png
Component: component_1744719215551_258.png
centerX: 0.4159248269040554
centerY: 0.48151986183074263
width: 0.024727992087042534
height: 0.020379965457685664
Area: 8.422038064878734e-05
CentroidX: 0.4239
CentroidY: 0.4914
