Location: Sandro_Ⴡ_1.jpg_Mean-Closing.png
Component: component_1744719216245_293.png
centerX: 0.9131614654002713
centerY: 0.665359477124183
width: 0.019448213478064226
height: 0.045098039215686274
Area: 0.00020456245214805355
CentroidX: 0.9203
CentroidY: 0.6879
