Location: Sandro_Ⴡ_2.jpg_Mean-Medain.png
Component: component_1744719215899_556.png
centerX: 0.5979228486646885
centerY: 0.909153713298791
width: 0.020276953511374877
height: 0.02072538860103627
Area: 7.738708404442326e-05
CentroidX: 0.6051
CentroidY: 0.9200
