Location: Sandro_Ⴡ_2.jpg_Mean-Medain.png
Component: component_1744719215509_56.png
centerX: 0.39663699307616224
centerY: 0.10949913644214163
width: 0.03560830860534125
height: 0.03177892918825561
Area: 0.0004156352659604455
CentroidX: 0.4082
CentroidY: 0.1263
