Location: Sandro_Ⴡ_1.jpg_Mean-Medain.png
Component: component_1744719216051_189.png
centerX: 0.45409317051108095
centerY: 0.4542483660130719
width: 0.037991858887381276
height: 0.042483660130718956
Area: 0.0006881811973998102
CentroidX: 0.4683
CentroidY: 0.4777
