Location: Sandro_Ⴡ_2.jpg_Mean-Medain.png
Component: component_1744719215537_186.png
centerX: 0.4391691394658754
centerY: 0.4072538860103627
width: 0.025222551928783383
height: 0.03316062176165803
Area: 0.00011172439948135279
CentroidX: 0.4455
CentroidY: 0.4253
