Location: Sandro_Ⴡ_2.jpg_Mean-Medain.png
Component: component_1744719215548_241.png
centerX: 0.14985163204747776
centerY: 0.47426597582038
width: 0.02373887240356083
height: 0.02383419689119171
Area: 0.00010010779525393384
CentroidX: 0.1566
CentroidY: 0.4848
