Location: Sandro_Ⴡ_2.jpg_Otsu.png
Component: component_1744719216401_346.png
centerX: 0.8689416419386746
centerY: 0.5934369602763385
width: 0.03016815034619189
height: 0.027288428324697755
Area: 0.0003160399679518389
CentroidX: 0.8793
CentroidY: 0.6067
