Location: Sandro_Ⴡ_2.jpg_Otsu.png
Component: component_1744719216355_142.png
centerX: 0.595944609297725
centerY: 0.31088082901554404
width: 0.032640949554896145
height: 0.03005181347150259
Area: 0.0004246893839612279
CentroidX: 0.6079
CentroidY: 0.3251
