Location: Sandro_Ⴡ_2.jpg_Mean-Medain.png
Component: component_1744719215509_57.png
centerX: 0.5054401582591493
centerY: 0.10949913644214163
width: 0.04302670623145401
height: 0.03177892918825561
Area: 0.0004960973334768326
CentroidX: 0.5195
CentroidY: 0.1259
