Location: Sandro_Ⴡ_2.jpg_Mean-Medain.png
Component: component_1744719215533_162.png
centerX: 0.8338278931750742
centerY: 0.35854922279792745
width: 0.03956478733926805
height: 0.03177892918825561
Area: 0.0005449554041980358
CentroidX: 0.8493
CentroidY: 0.3733
