Location: Sandro_Ⴡ_2.jpg_Otsu.png
Component: component_1744719216419_421.png
centerX: 0.933728981206726
centerY: 0.7443868739205527
width: 0.028189910979228485
height: 0.02383419689119171
Area: 0.00026752356206085395
CentroidX: 0.9435
CentroidY: 0.7558
