Location: Sandro_Ⴡ_1.jpg_Mean-Medain.png
Component: component_1744719216021_136.png
centerX: 0.45047489823609227
centerY: 0.31437908496732025
width: 0.028493894165535955
height: 0.05032679738562092
Area: 0.0006739918943606389
CentroidX: 0.4608
CentroidY: 0.3401
