Location: Sandro_Ⴡ_1.jpg_Mean-Medain.png
Component: component_1744719216069_253.png
centerX: 0.5938489371325192
centerY: 0.6098039215686275
width: 0.016282225237449117
height: 0.042483660130718956
Area: 0.0001560823334308848
CentroidX: 0.5997
CentroidY: 0.6314
