Location: Sandro_Ⴡ_1.jpg_Mean-Medain.png
Component: component_1744719216086_312.png
centerX: 0.016282225237449117
centerY: 0.7084967320261438
width: 0.013568521031207599
height: 0.045098039215686274
Area: 0.0001105583195135434
CentroidX: 0.0197
CentroidY: 0.7308
