Location: Sandro_Ⴡ_2.jpg_Otsu.png
Component: component_1744719216470_633.png
centerX: 0.43372898120672604
centerY: 0.9623488773747841
width: 0.019782393669634024
height: 0.02072538860103627
Area: 7.960790544084159e-05
CentroidX: 0.4398
CentroidY: 0.9728
