Location: Sandro_Ⴡ_2.jpg_Otsu.png
Component: component_1744719216415_404.png
centerX: 0.1632047477744807
centerY: 0.705699481865285
width: 0.03016815034619189
height: 0.028324697754749568
Area: 0.0003635313793521693
CentroidX: 0.1740
CentroidY: 0.7196
