Location: Sandro_Ⴡ_2.jpg_Otsu.png
Component: component_1744719216331_50.png
centerX: 0.09149357072205737
centerY: 0.10604490500863557
width: 0.033630069238377844
height: 0.033506044905008636
Area: 0.0004668849904931761
CentroidX: 0.1025
CentroidY: 0.1221
