Location: Sandro_Ⴡ_1.jpg_Mean-Closing.png
Component: component_1744719216251_318.png
centerX: 0.10900045228403438
centerY: 0.7130718954248366
width: 0.015829941203075532
height: 0.047058823529411764
Area: 0.00019746780062846787
CentroidX: 0.1137
CentroidY: 0.7366
