Location: Sandro_Ⴡ_2.jpg_Otsu.png
Component: component_1744719216342_88.png
centerX: 0.8343224530168151
centerY: 0.16373056994818652
width: 0.0390702274975272
height: 0.022797927461139896
Area: 0.0002702568807025996
CentroidX: 0.8487
CentroidY: 0.1756
