Location: Sandro_Ⴡ_2.jpg_Mean-Medain.png
Component: component_1744719215581_358.png
centerX: 0.09594460929772503
centerY: 0.6303972366148531
width: 0.03165182987141444
height: 0.027633851468048358
Area: 0.0003373940198404767
CentroidX: 0.1079
CentroidY: 0.6441
