Location: Sandro_Ⴡ_1.jpg_Mean-Medain.png
Component: component_1744719216093_331.png
centerX: 0.8968792401628223
centerY: 0.7300653594771241
width: 0.018091361374943465
height: 0.04379084967320261
Area: 0.00017825311942959
CentroidX: 0.9043
CentroidY: 0.7492
