Location: Sandro_Ⴡ_2.jpg_Otsu.png
Component: component_1744719216448_542.png
centerX: 0.963402571711177
centerY: 0.8887737478411053
width: 0.01582591493570722
height: 0.01692573402417962
Area: 5.791218872198562e-05
CentroidX: 0.9691
CentroidY: 0.8972
