Location: Sandro_Ⴡ_1.jpg_Mean-Medain.png
Component: component_1744719215972_42.png
centerX: 0.4758028041610131
centerY: 0.08496732026143791
width: 0.02397105382180009
height: 0.0457516339869281
Area: 0.0005412627888483903
CentroidX: 0.4846
CentroidY: 0.1088
