Location: Sandro_Ⴡ_2.jpg_Mean-Medain.png
Component: component_1744719215838_479.png
centerX: 0.3125618199802176
centerY: 0.8504317789291883
width: 0.017804154302670624
height: 0.02383419689119171
Area: 8.01204026861689e-05
CentroidX: 0.3177
CentroidY: 0.8628
