Location: easy26_Mean-Closing.png
Component: component_1744297382123_748.png
centerX: 0.5532258064516129
centerY: 0.6130268199233716
width: 0.016935483870967744
height: 0.014846743295019157
Area: 7.338400692127055e-05
CentroidX: 0.5574
CentroidY: 0.6196
