Location: Sandro_Ⴡ_1.jpg_Mean-Closing.png
Component: component_1744719216226_209.png
centerX: 0.2618724559023066
centerY: 0.5137254901960784
width: 0.028946178199909543
height: 0.052941176470588235
Area: 0.0005974287800451102
CentroidX: 0.2716
CentroidY: 0.5420
