Location: Sandro_Ⴡ_2.jpg_Otsu.png
Component: component_1744719216376_225.png
centerX: 0.6271018793273986
centerY: 0.45008635578583767
width: 0.020276953511374877
height: 0.02003454231433506
Area: 6.696630672276803e-05
CentroidX: 0.6334
CentroidY: 0.4609
