Location: Sandro_Ⴡ_2.jpg_Otsu.png
Component: component_1744719216431_470.png
centerX: 0.8526211671612265
centerY: 0.8248704663212435
width: 0.029179030662710187
height: 0.034887737478411056
Area: 0.00039086456576962564
CentroidX: 0.8625
CentroidY: 0.8426
