Location: Sandro_Ⴡ_2.jpg_Otsu.png
Component: component_1744719216471_637.png
centerX: 0.23689416419386747
centerY: 0.9637305699481865
width: 0.020276953511374877
height: 0.019689119170984457
Area: 7.089545227027739e-05
CentroidX: 0.2426
CentroidY: 0.9742
