Location: Sandro_Ⴡ_1.jpg_Mean-Closing.png
Component: component_1744719216233_237.png
centerX: 0.19041157847127996
centerY: 0.5830065359477125
width: 0.014473089099954772
height: 0.045098039215686274
Area: 0.00017027163647005613
CentroidX: 0.1948
CentroidY: 0.6052
