Location: Sandro_Ⴡ_1.jpg_Mean-Closing.png
Component: component_1744719216210_158.png
centerX: 0.4491180461329715
centerY: 0.38169934640522873
width: 0.02532790592492085
height: 0.04967320261437908
Area: 0.0005932902333253519
CentroidX: 0.4587
CentroidY: 0.4073
