Location: Sandro_Ⴡ_2.jpg_Mean-Medain.png
Component: component_1744719215544_217.png
centerX: 0.3056379821958457
centerY: 0.44559585492227977
width: 0.02373887240356083
height: 0.0231433506044905
Area: 0.0001040369408014432
CentroidX: 0.3133
CentroidY: 0.4576
