Location: Sandro_Ⴡ_2.jpg_Mean-Medain.png
Component: component_1744719215512_73.png
centerX: 0.44510385756676557
centerY: 0.15785837651122625
width: 0.03956478733926805
height: 0.03246977547495682
Area: 0.0005196722067618886
CentroidX: 0.4594
CentroidY: 0.1727
