Location: Sandro_Ⴡ_2.jpg_Otsu.png
Component: component_1744719216348_116.png
centerX: 0.7546983184965381
centerY: 0.25630397236614855
width: 0.0361028684470821
height: 0.034887737478411056
Area: 0.00043152268056559194
CentroidX: 0.7667
CentroidY: 0.2748
