Location: Sandro_Ⴡ_2.jpg_Mean-Medain.png
Component: component_1744719215539_195.png
centerX: 0.5623145400593472
centerY: 0.4110535405872193
width: 0.02423343224530168
height: 0.02694300518134715
Area: 9.532448763087898e-05
CentroidX: 0.5700
CentroidY: 0.4243
