Location: Sandro_Ⴡ_2.jpg_Mean-Medain.png
Component: component_1744719215778_432.png
centerX: 0.7497527200791295
centerY: 0.7478411053540587
width: 0.03412462908011869
height: 0.024870466321243522
Area: 0.00036558136833347854
CentroidX: 0.7632
CentroidY: 0.7605
