Location: Sandro_Ⴡ_1.jpg_Mean-Closing.png
Component: component_1744719216267_363.png
centerX: 0.16644052464947987
centerY: 0.7843137254901961
width: 0.019448213478064226
height: 0.04183006535947712
Area: 0.0002016063473482262
CentroidX: 0.1724
CentroidY: 0.8043
