Location: Sandro_Ⴡ_1.jpg_Mean-Medain.png
Component: component_1744719216069_249.png
centerX: 0.43509724106739034
centerY: 0.6026143790849673
width: 0.017639077340569877
height: 0.041176470588235294
Area: 0.00017795750894960728
CentroidX: 0.4410
CentroidY: 0.6223
