Location: Sandro_Ⴡ_2.jpg_Otsu.png
Component: component_1744719216473_644.png
centerX: 0.10880316518298715
centerY: 0.970293609671848
width: 0.016320474777448073
height: 0.021070811744386873
Area: 6.884546328896815e-05
CentroidX: 0.1129
CentroidY: 0.9807
