Location: Sandro_Ⴡ_1.jpg_Mean-Closing.png
Component: component_1744719216184_69.png
centerX: 0.5617367706919946
centerY: 0.15816993464052287
width: 0.028493894165535955
height: 0.041176470588235294
Area: 0.000572893110206543
CentroidX: 0.5728
CentroidY: 0.1794
