Location: Sandro_Ⴡ_2.jpg_Otsu.png
Component: component_1744719216393_310.png
centerX: 0.47675568743818003
centerY: 0.5461139896373057
width: 0.0351137487636004
height: 0.036614853195164075
Area: 0.00043066851849004646
CentroidX: 0.4890
CentroidY: 0.5636
