Location: Sandro_Ⴡ_2.jpg_Otsu.png
Component: component_1744719216366_191.png
centerX: 0.5262116716122651
centerY: 0.40932642487046633
width: 0.02274975272007913
height: 0.029015544041450778
Area: 8.04620675163871e-05
CentroidX: 0.5320
CentroidY: 0.4236
