Location: Sandro_Ⴡ_1.jpg_Mean-Medain.png
Component: component_1744719216036_157.png
centerX: 0.9443690637720489
centerY: 0.37516339869281046
width: 0.024875621890547265
height: 0.050980392156862744
Area: 0.0004960343854110316
CentroidX: 0.9532
CentroidY: 0.4009
