Location: Sandro_Ⴡ_2.jpg_Otsu.png
Component: component_1744719216400_345.png
centerX: 0.6246290801186943
centerY: 0.5934369602763385
width: 0.032640949554896145
height: 0.025906735751295335
Area: 0.00032611908044327594
CentroidX: 0.6364
CentroidY: 0.6066
