Location: Sandro_Ⴡ_2.jpg_Otsu.png
Component: component_1744719216323_15.png
centerX: 0.7166172106824926
centerY: 0.014853195164075994
width: 0.032640949554896145
height: 0.03592400690846287
Area: 0.0005693844395586374
CentroidX: 0.7285
CentroidY: 0.0318
