Location: Sandro_Ⴡ_1.jpg_Mean-Closing.png
Component: component_1744719216213_170.png
centerX: 0.707824513794663
centerY: 0.39477124183006534
width: 0.026232473993668022
height: 0.058823529411764705
Area: 0.0005397847364484766
CentroidX: 0.7175
CentroidY: 0.4258
