Location: Sandro_Ⴡ_2.jpg_Otsu.png
Component: component_1744719216466_618.png
centerX: 0.9208704253214639
centerY: 0.953713298791019
width: 0.020276953511374877
height: 0.019689119170984457
Area: 8.268288891280543e-05
CentroidX: 0.9275
CentroidY: 0.9643
