Location: Sandro_Ⴡ_2.jpg_Mean-Medain.png
Component: component_1744719215825_452.png
centerX: 0.7106824925816023
centerY: 0.7861830742659758
width: 0.03412462908011869
height: 0.029706390328151987
Area: 0.00039137706301495295
CentroidX: 0.7227
CentroidY: 0.8009
