Location: Sandro_Ⴡ_1.jpg_Mean-Medain.png
Component: component_1744719216035_153.png
centerX: 0.1415649027589326
centerY: 0.3738562091503268
width: 0.033016734509271825
height: 0.045098039215686274
Area: 0.0006252161651634873
CentroidX: 0.1531
CentroidY: 0.3967
