Location: Sandro_Ⴡ_2.jpg_Otsu.png
Component: component_1744719216383_257.png
centerX: 0.4159248269040554
centerY: 0.48186528497409326
width: 0.02423343224530168
height: 0.019689119170984457
Area: 7.123711710049558e-05
CentroidX: 0.4237
CentroidY: 0.4914
