Location: Sandro_Ⴡ_1.jpg_Mean-Medain.png
Component: component_1744719216033_148.png
centerX: 0.03934871099050204
centerY: 0.36013071895424836
width: 0.025780189959294438
height: 0.04379084967320261
Area: 0.0005323944744489082
CentroidX: 0.0494
CentroidY: 0.3805
