Location: Sandro_Ⴡ_1.jpg_Mean-Medain.png
Component: component_1744719215971_39.png
centerX: 0.5834464043419267
centerY: 0.08431372549019608
width: 0.031207598371777476
height: 0.04771241830065359
Area: 0.0005980200010050757
CentroidX: 0.5946
CentroidY: 0.1102
