Location: Sandro_Ⴡ_2.jpg_Mean-Medain.png
Component: component_1744719215517_95.png
centerX: 0.7136498516320475
centerY: 0.20518134715025907
width: 0.028684470820969338
height: 0.03177892918825561
Area: 0.0004412601282268108
CentroidX: 0.7240
CentroidY: 0.2213
