Location: Sandro_Ⴡ_1.jpg_Mean-Closing.png
Component: component_1744719216202_132.png
centerX: 0.6449570330167345
centerY: 0.31241830065359477
width: 0.032564450474898234
height: 0.0542483660130719
Area: 0.0006408835206025724
CentroidX: 0.6568
CentroidY: 0.3406
