Location: Sandro_Ⴡ_2.jpg_Otsu.png
Component: component_1744719216355_140.png
centerX: 0.09792284866468842
centerY: 0.31018998272884285
width: 0.03412462908011869
height: 0.03246977547495682
Area: 0.0003852270960710253
CentroidX: 0.1093
CentroidY: 0.3257
