Location: Sandro_Ⴡ_2.jpg_Mean-Medain.png
Component: component_1744719215570_322.png
centerX: 0.37636003956478736
centerY: 0.54853195164076
width: 0.03461918892185954
height: 0.03281519861830743
Area: 0.0003966728678833351
CentroidX: 0.3876
CentroidY: 0.5649
