Location: Sandro_Ⴡ_2.jpg_Otsu.png
Component: component_1744719216333_60.png
centerX: 0.7240356083086054
centerY: 0.11053540587219343
width: 0.03956478733926805
height: 0.03385146804835924
Area: 0.00048755571272137744
CentroidX: 0.7364
CentroidY: 0.1263
