Location: Sandro_Ⴡ_2.jpg_Mean-Medain.png
Component: component_1744719215532_160.png
centerX: 0.679030662710188
centerY: 0.35682210708117446
width: 0.04451038575667656
height: 0.03626943005181347
Area: 0.0005798052168802926
CentroidX: 0.6965
CentroidY: 0.3742
