Location: Sandro_Ⴡ_2.jpg_Mean-Medain.png
Component: component_1744719215580_354.png
centerX: 0.05440158259149357
centerY: 0.6290155440414508
width: 0.03461918892185954
height: 0.025561312607944732
Area: 0.0003138191465554206
CentroidX: 0.0667
CentroidY: 0.6419
