Location: Sandro_Ⴡ_2.jpg_Otsu.png
Component: component_1744719216331_51.png
centerX: 0.1404549950544016
centerY: 0.107426597582038
width: 0.033630069238377844
height: 0.03212435233160622
Area: 0.0004503142462275932
CentroidX: 0.1531
CentroidY: 0.1222
