Location: Sandro_Ⴡ_2.jpg_Mean-Medain.png
Component: component_1744719215493_6.png
centerX: 0.05192878338278932
centerY: 0.0075993091537132984
width: 0.0410484668644906
height: 0.030397236614853194
Area: 0.0005271888330266891
CentroidX: 0.0670
CentroidY: 0.0219
