Location: Sandro_Ⴡ_1.jpg_Mean-Medain.png
Component: component_1744719216038_164.png
centerX: 0.4893713251922207
centerY: 0.3862745098039216
width: 0.022614201718679332
height: 0.042483660130718956
Area: 0.00047297676797237813
CentroidX: 0.4980
CentroidY: 0.4079
