Location: Sandro_Ⴡ_1.jpg_Mean-Medain.png
Component: component_1744719216080_295.png
centerX: 0.8068747173224785
centerY: 0.6712418300653594
width: 0.01854364540931705
height: 0.042483660130718956
Area: 0.00016376820591043593
CentroidX: 0.8143
CentroidY: 0.6918
