Location: Y_01-1.png_Otsu.png
Component: component_1744890207374_253.png
centerX: 0.694074969770254
centerY: 0.4931565440547476
width: 0.021160822249093107
height: 0.022668947818648418
Area: 0.00013524514281163015
CentroidX: 0.7062
CentroidY: 0.5023
