Location: Y_01-1.png_Otsu.png
Component: component_1744890207473_441.png
centerX: 0.14933494558645707
centerY: 0.8614200171086399
width: 0.021160822249093107
height: 0.020958083832335328
Area: 0.00014119282595630988
CentroidX: 0.1602
CentroidY: 0.8708
