Location: Y_02-1.png_Mean-Closing.png
Component: component_1744890208524_492.png
centerX: 0.6958887545344619
centerY: 0.957656116338751
width: 0.01995163240628779
height: 0.02737382378100941
Area: 0.00016912107724437116
CentroidX: 0.7066
CentroidY: 0.9687
