Location: Y_01-1.png_Gaussian-Median.png
Component: component_1744890208024_428.png
centerX: 0.41233373639661425
centerY: 0.8229255774165953
width: 0.018137847642079808
height: 0.02566295979469632
Area: 0.00016912107724437116
CentroidX: 0.4232
CentroidY: 0.8333
