Location: Y_01-1.png_Mean-Closing.png
Component: component_1744890207184_492.png
centerX: 0.8083434099153567
centerY: 0.9550898203592815
width: 0.018137847642079808
height: 0.028656971770744225
Area: 0.00018799850635574592
CentroidX: 0.8191
CentroidY: 0.9659
