Location: Y_01-1.png_Gaussian-Median.png
Component: component_1744890207999_351.png
centerX: 0.9461910519951633
centerY: 0.6963216424294268
width: 0.015719467956469165
height: 0.02566295979469632
Area: 0.00015670852111634393
CentroidX: 0.9550
CentroidY: 0.7066
