Location: Y_01-1.png_Mean-Closing.png
Component: component_1744890207106_108.png
centerX: 0.7986698911729141
centerY: 0.20402053036783577
width: 0.01995163240628779
height: 0.02352437981180496
Area: 0.00015593273635834223
CentroidX: 0.8099
CentroidY: 0.2133
