Location: Y_02-1.png_Mean-Closing.png
Component: component_1744890208437_411.png
centerX: 0.6493349455864571
centerY: 0.8156544054747648
width: 0.015719467956469165
height: 0.023952095808383235
Area: 0.00013860687676297087
CentroidX: 0.6588
CentroidY: 0.8255
