Location: Y_01-1.png_Gaussian-Median.png
Component: component_1744890207900_100.png
centerX: 0.660217654171705
centerY: 0.16680923866552608
width: 0.01995163240628779
height: 0.022241231822070145
Area: 0.00016032884998701854
CentroidX: 0.6705
CentroidY: 0.1759
