Location: Y_01-1.png_Mean-Closing.png
Component: component_1744890207148_314.png
centerX: 0.25211608222490933
centerY: 0.6201881950384944
width: 0.018742442563482467
height: 0.024379811804961505
Area: 0.00016239760934168973
CentroidX: 0.2631
CentroidY: 0.6301
