Location: Y_01-1.png_Otsu.png
Component: component_1744890207212_7.png
centerX: 0.3022974607013301
centerY: 0.008126603934987169
width: 0.018137847642079808
height: 0.024379811804961505
Area: 0.00014041704119830816
CentroidX: 0.3117
CentroidY: 0.0182
