Location: Y_01-1.png_Gaussian-Median.png
Component: component_1744890207981_305.png
centerX: 0.5290205562273277
centerY: 0.5761334473909324
width: 0.02176541717049577
height: 0.026518391787852865
Area: 0.0001797234689370611
CentroidX: 0.5431
CentroidY: 0.5865
