Location: Y_01-1.png_Gaussian-Median.png
Component: component_1744890207951_215.png
centerX: 0.02539298669891173
centerY: 0.40718562874251496
width: 0.01995163240628779
height: 0.028229255774165955
Area: 0.0001792062790983933
CentroidX: 0.0379
CentroidY: 0.4182
