Location: Y_02-1.png_Mean-Closing.png
Component: component_1744890208332_316.png
centerX: 0.2920193470374849
centerY: 0.61633875106929
width: 0.028415961305925032
height: 0.028656971770744225
Area: 0.00019549775901642904
CentroidX: 0.3073
CentroidY: 0.6284
