Location: Y_01-1.png_Mean-Closing.png
Component: component_1744890207148_311.png
centerX: 0.75453446191052
centerY: 0.6180496150556031
width: 0.018742442563482467
height: 0.027801539777587682
Area: 0.00019084305046841883
CentroidX: 0.7664
CentroidY: 0.6294
