Location: Y_02-1.png_Mean-Closing.png
Component: component_1744890208308_280.png
centerX: 0.1396614268440145
centerY: 0.5337895637296834
width: 0.021160822249093107
height: 0.02566295979469632
Area: 0.000179982063856395
CentroidX: 0.1514
CentroidY: 0.5444
