Location: Y_01-1.png_Mean-Closing.png
Component: component_1744890207161_380.png
centerX: 0.18198307134220074
centerY: 0.7485029940119761
width: 0.02357920193470375
height: 0.022668947818648418
Area: 0.00016213901442235583
CentroidX: 0.1947
CentroidY: 0.7578
