Location: Y_01-1.png_Mean-Closing.png
Component: component_1744890207179_467.png
centerX: 0.5217654171704957
centerY: 0.9174508126603935
width: 0.021160822249093107
height: 0.021813515825491875
Area: 0.00016291479918035753
CentroidX: 0.5331
CentroidY: 0.9267
