Location: Y_02-1.png_Mean-Closing.png
Component: component_1744890208235_203.png
centerX: 0.9153567110036276
centerY: 0.3960650128314799
width: 0.02357920193470375
height: 0.02480752780153978
Area: 0.0001802406587757289
CentroidX: 0.9295
CentroidY: 0.4061
