Location: Y_02-1.png_Mean-Closing.png
Component: component_1744890208176_124.png
centerX: 0.750906892382104
centerY: 0.23823781009409753
width: 0.021160822249093107
height: 0.026090675791274595
Area: 0.00018541255716240693
CentroidX: 0.7630
CentroidY: 0.2487
