Location: Y_01-1.png_Otsu.png
Component: component_1744890207491_470.png
centerX: 0.8041112454655381
centerY: 0.9195893926432849
width: 0.018742442563482467
height: 0.02566295979469632
Area: 0.00013808968692430307
CentroidX: 0.8156
CentroidY: 0.9298
