Location: Y_01-1.png_Otsu.png
Component: component_1744890207212_6.png
centerX: 0.25272067714631197
centerY: 0.008126603934987169
width: 0.018742442563482467
height: 0.022668947818648418
Area: 0.00013369357329562673
CentroidX: 0.2624
CentroidY: 0.0175
