Location: Y_02-1.png_Mean-Closing.png
Component: component_1744890208506_470.png
centerX: 0.6977025392986699
centerY: 0.9225834046193327
width: 0.01995163240628779
height: 0.023952095808383235
Area: 0.00015774290079367952
CentroidX: 0.7095
CentroidY: 0.9327
