Location: Y_01-1.png_Otsu.png
Component: component_1744890207461_409.png
centerX: 0.7122128174123338
centerY: 0.8173652694610778
width: 0.01995163240628779
height: 0.020958083832335328
Area: 0.00013084902918295384
CentroidX: 0.7231
CentroidY: 0.8258
