Location: Y_02-1.png_Mean-Closing.png
Component: component_1744890208226_199.png
centerX: 0.12636033857315598
centerY: 0.3678357570573139
width: 0.020556227327690448
height: 0.020530367835757058
Area: 0.0001546397617616727
CentroidX: 0.1384
CentroidY: 0.3764
