Location: Y_01-1.png_Gaussian-Median.png
Component: component_1744890207906_111.png
centerX: 0.5665054413542926
centerY: 0.20402053036783577
width: 0.017533252720677146
height: 0.026090675791274595
Area: 0.00019627354377443077
CentroidX: 0.5770
CentroidY: 0.2164
