Location: Y_01-1.png_Mean-Closing.png
Component: component_1744890207119_171.png
centerX: 0.9032648125755743
centerY: 0.32934131736526945
width: 0.016928657799274487
height: 0.02737382378100941
Area: 0.00017739611466305598
CentroidX: 0.9136
CentroidY: 0.3399
