Location: Y_01-1.png_Otsu.png
Component: component_1744890207255_106.png
centerX: 0.8458282950423216
centerY: 0.20402053036783577
width: 0.022370012091898428
height: 0.022668947818648418
Area: 0.00014300299039164718
CentroidX: 0.8580
CentroidY: 0.2131
