Location: Y_01-1.png_Gaussian-Median.png
Component: component_1744890207986_323.png
centerX: 0.33252720677146314
centerY: 0.6201881950384944
width: 0.01995163240628779
height: 0.028656971770744225
Area: 0.0001812750384530645
CentroidX: 0.3449
CentroidY: 0.6318
