Location: Y_02-1.png_Mean-Closing.png
Component: component_1744890208204_174.png
centerX: 0.5278113663845224
centerY: 0.32677502138579984
width: 0.021160822249093107
height: 0.02352437981180496
Area: 0.00016265620426102363
CentroidX: 0.5392
CentroidY: 0.3368
