Location: Y_02-1.png_Mean-Closing.png
Component: component_1744890208151_84.png
centerX: 0.4135429262394196
centerY: 0.16295979469632163
width: 0.022370012091898428
height: 0.024379811804961505
Area: 0.00016369058393835925
CentroidX: 0.4264
CentroidY: 0.1729
