Location: Y_01-1.png_Mean-Closing.png
Component: component_1744890207147_305.png
centerX: 0.907496977025393
centerY: 0.6150556030795552
width: 0.016928657799274487
height: 0.02737382378100941
Area: 0.0001758445451470526
CentroidX: 0.9169
CentroidY: 0.6261
