Location: Y_01-1.png_Otsu.png
Component: component_1744890207372_249.png
centerX: 0.8288996372430472
centerY: 0.49101796407185627
width: 0.016324062877871828
height: 0.022668947818648418
Area: 0.00013343497837629283
CentroidX: 0.8384
CentroidY: 0.5004
