Location: Y_01-1.png_Otsu.png
Component: component_1744890207234_75.png
centerX: 0.2581620314389359
centerY: 0.12917023096663816
width: 0.021160822249093107
height: 0.024379811804961505
Area: 0.00013240059869895724
CentroidX: 0.2711
CentroidY: 0.1392
