Location: Y_01-1.png_Mean-Closing.png
Component: component_1744890207099_70.png
centerX: 0.4153567110036276
centerY: 0.12788708297690335
width: 0.018742442563482467
height: 0.023096663815226688
Area: 0.00015748430587434563
CentroidX: 0.4261
CentroidY: 0.1375
