Location: Y_01-1.png_Mean-Closing.png
Component: component_1744890207115_150.png
centerX: 0.6378476420798065
centerY: 0.28528656971770744
width: 0.022370012091898428
height: 0.023096663815226688
Area: 0.00016136322966435414
CentroidX: 0.6501
CentroidY: 0.2944
