Location: Y_01-1.png_Mean-Closing.png
Component: component_1744890207130_220.png
centerX: 0.2974607013301088
centerY: 0.4144568006843456
width: 0.017533252720677146
height: 0.022241231822070145
Area: 0.00015257100240700152
CentroidX: 0.3070
CentroidY: 0.4234
