Location: Y_01-1.png_Mean-Closing.png
Component: component_1744890207175_453.png
centerX: 0.3845223700120919
centerY: 0.8887938408896493
width: 0.015719467956469165
height: 0.023952095808383235
Area: 0.0001517952176489998
CentroidX: 0.3935
CentroidY: 0.8982
