Location: Y_02-1.png_Mean-Closing.png
Component: component_1744890208310_288.png
centerX: 0.6946795646916566
centerY: 0.5688622754491018
width: 0.02539298669891173
height: 0.02480752780153978
Area: 0.0001750687603890509
CentroidX: 0.7084
CentroidY: 0.5793
