Location: easy43_Mean-Closing.png
Component: component_1744297380709_1334.png
centerX: 0.8343409915356711
centerY: 0.7421975203078238
width: 0.014510278113663845
height: 0.01410859341598974
Area: 9.279588575611587e-05
CentroidX: 0.8429
CentroidY: 0.7474
