Location: Y_01-1.png_Otsu.png
Component: component_1744890207383_276.png
centerX: 0.250906892382104
centerY: 0.5346449957228401
width: 0.016928657799274487
height: 0.021813515825491875
Area: 0.00011766068829692489
CentroidX: 0.2605
CentroidY: 0.5438
