Location: Y_01-1.png_Gaussian-Median.png
Component: component_1744890207975_292.png
centerX: 0.9008464328899637
centerY: 0.5701454234388366
width: 0.016324062877871828
height: 0.026518391787852865
Area: 0.00016188041950302194
CentroidX: 0.9109
CentroidY: 0.5806
