Location: Y_01-1.png_Mean-Closing.png
Component: component_1744890207164_391.png
centerX: 0.585247883917775
centerY: 0.7763045337895638
width: 0.019347037484885126
height: 0.023952095808383235
Area: 0.00016265620426102363
CentroidX: 0.5956
CentroidY: 0.7860
