Location: Y_02-1.png_Mean-Closing.png
Component: component_1744890208527_495.png
centerX: 0.34099153567110035
centerY: 0.9580838323353293
width: 0.015719467956469165
height: 0.026090675791274595
Area: 0.00015851868555168122
CentroidX: 0.3500
CentroidY: 0.9688
