Location: Y_01-1.png_Gaussian-Median.png
Component: component_1744890208015_398.png
centerX: 0.6444981862152358
centerY: 0.7750213857998289
width: 0.02176541717049577
height: 0.026090675791274595
Area: 0.0001843781774850713
CentroidX: 0.6553
CentroidY: 0.7862
