Location: Y_01-1.png_Otsu.png
Component: component_1744890207446_374.png
centerX: 0.4625151148730351
centerY: 0.7416595380667237
width: 0.021160822249093107
height: 0.019674935842600515
Area: 0.00013162481394095554
CentroidX: 0.4734
CentroidY: 0.7498
