Location: Y_02-1.png_Mean-Closing.png
Component: component_1744890208237_204.png
centerX: 0.9570737605804112
centerY: 0.3960650128314799
width: 0.021160822249093107
height: 0.023952095808383235
Area: 0.0001758445451470526
CentroidX: 0.9697
CentroidY: 0.4059
