Location: Y_01-1.png_Gaussian-Median.png
Component: component_1744890207951_217.png
centerX: 0.07496977025392987
centerY: 0.4101796407185629
width: 0.01995163240628779
height: 0.02352437981180496
Area: 0.00016394917885769315
CentroidX: 0.0852
CentroidY: 0.4202
