Location: Y_02-1.png_Mean-Closing.png
Component: component_1744890208290_242.png
centerX: 0.8875453446191052
centerY: 0.48374679213002564
width: 0.02599758162031439
height: 0.02480752780153978
Area: 0.0001848953673237391
CentroidX: 0.9014
CentroidY: 0.4940
