Location: Y_01-1.png_Otsu.png
Component: component_1744890207414_303.png
centerX: 0.9389359129383313
centerY: 0.6124893071000855
width: 0.015114873035066506
height: 0.028656971770744225
Area: 0.00014765769893965738
CentroidX: 0.9476
CentroidY: 0.6248
