Location: Y_01-1.png_Mean-Closing.png
Component: component_1744890207149_319.png
centerX: 0.17110036275695284
centerY: 0.6214713430282293
width: 0.01995163240628779
height: 0.022241231822070145
Area: 0.00017015545692170676
CentroidX: 0.1821
CentroidY: 0.6305
