Location: Y_01-1.png_Mean-Closing.png
Component: component_1744890207098_64.png
centerX: 0.11729141475211609
centerY: 0.1270316509837468
width: 0.018742442563482467
height: 0.02352437981180496
Area: 0.0001548983566810066
CentroidX: 0.1283
CentroidY: 0.1364
