Location: Y_02-1.png_Mean-Closing.png
Component: component_1744890208115_28.png
centerX: 0.41293833131801694
centerY: 0.05089820359281437
width: 0.020556227327690448
height: 0.02480752780153978
Area: 0.0001755859502277187
CentroidX: 0.4257
CentroidY: 0.0605
