Location: Y_01-1.png_Otsu.png
Component: component_1744890207427_348.png
centerX: 0.75453446191052
centerY: 0.7031650983746792
width: 0.022974607013301087
height: 0.02694610778443114
Area: 0.00016291479918035753
CentroidX: 0.7669
CentroidY: 0.7139
