Location: Y_02-1.png_Mean-Closing.png
Component: component_1744890208524_491.png
centerX: 0.039298669891172915
centerY: 0.957656116338751
width: 0.018742442563482467
height: 0.02566295979469632
Area: 0.00017351719087304747
CentroidX: 0.0509
CentroidY: 0.9681
