Location: Y_01-1.png_Gaussian-Median.png
Component: component_1744890208026_434.png
centerX: 0.7980652962515115
centerY: 0.8451668092386655
width: 0.016928657799274487
height: 0.02737382378100941
Area: 0.000179982063856395
CentroidX: 0.8081
CentroidY: 0.8558
