Location: Y_02-1.png_Mean-Closing.png
Component: component_1744890208200_160.png
centerX: 0.2267230955259976
centerY: 0.2874251497005988
width: 0.021160822249093107
height: 0.023096663815226688
Area: 0.00016705231788969997
CentroidX: 0.2383
CentroidY: 0.2967
