Location: Y_01-1.png_Mean-Closing.png
Component: component_1744890207120_178.png
centerX: 0.42200725513905685
centerY: 0.33276304533789564
width: 0.02176541717049577
height: 0.021813515825491875
Area: 0.00016498355853502875
CentroidX: 0.4336
CentroidY: 0.3426
