Location: Y_01-1.png_Gaussian-Median.png
Component: component_1744890207938_176.png
centerX: 0.47642079806529625
centerY: 0.3306244653550043
width: 0.02176541717049577
height: 0.022241231822070145
Area: 0.00016989686200237286
CentroidX: 0.4884
CentroidY: 0.3402
