Location: Y_01-1.png_Gaussian-Median.png
Component: component_1744890207973_285.png
centerX: 0.3391777509068924
centerY: 0.5346449957228401
width: 0.016928657799274487
height: 0.026090675791274595
Area: 0.00017093124167970848
CentroidX: 0.3494
CentroidY: 0.5448
