Location: Y_02-1.png_Mean-Closing.png
Component: component_1744890208126_52.png
centerX: 0.22732769044740025
centerY: 0.08896492728828058
width: 0.016928657799274487
height: 0.0213857998289136
Area: 0.0001507608379716642
CentroidX: 0.2373
CentroidY: 0.0980
