Location: Y_01-1.png_Gaussian-Median.png
Component: component_1744890207855_49.png
centerX: 0.8802902055622733
centerY: 0.09110350727117195
width: 0.021160822249093107
height: 0.02352437981180496
Area: 0.0001517952176489998
CentroidX: 0.8914
CentroidY: 0.1015
