Location: Y_02-1.png_Mean-Closing.png
Component: component_1744890208299_268.png
centerX: 0.6608222490931076
centerY: 0.5260906757912746
width: 0.02176541717049577
height: 0.027801539777587682
Area: 0.00019885949296776976
CentroidX: 0.6734
CentroidY: 0.5376
