Location: Y_01-1.png_Otsu.png
Component: component_1744890207432_362.png
centerX: 0.12636033857315598
centerY: 0.7117194183062446
width: 0.020556227327690448
height: 0.0213857998289136
Area: 0.00013291778853762504
CentroidX: 0.1375
CentroidY: 0.7207
