Location: Y_02-1.png_Mean-Closing.png
Component: component_1744890208193_154.png
centerX: 0.0773881499395405
centerY: 0.286142001710864
width: 0.019347037484885126
height: 0.022241231822070145
Area: 0.0001789476841790594
CentroidX: 0.0885
CentroidY: 0.2951
