Location: Y_01-1.png_Otsu.png
Component: component_1744890207465_418.png
centerX: 0.28536880290205563
centerY: 0.8220701454234388
width: 0.016324062877871828
height: 0.026518391787852865
Area: 0.00014429596498831667
CentroidX: 0.2950
CentroidY: 0.8328
