Location: Y_01-1.png_Otsu.png
Component: component_1744890207369_235.png
centerX: 0.3403869407496977
centerY: 0.45551753635585973
width: 0.016324062877871828
height: 0.027801539777587682
Area: 0.00016110463474502024
CentroidX: 0.3503
CentroidY: 0.4677
