Location: Y_01-1.png_Otsu.png
Component: component_1744890207218_39.png
centerX: 0.9123337363966143
centerY: 0.05731394354148845
width: 0.021160822249093107
height: 0.022241231822070145
Area: 0.00013265919361829114
CentroidX: 0.9227
CentroidY: 0.0670
