Location: Y_02-1.png_Mean-Closing.png
Component: component_1744890208423_400.png
centerX: 0.14631197097944376
centerY: 0.7835757057313943
width: 0.020556227327690448
height: 0.028656971770744225
Area: 0.00019420478441975955
CentroidX: 0.1593
CentroidY: 0.7946
