Location: Y_01-1.png_Gaussian-Median.png
Component: component_1744890207919_125.png
centerX: 0.024788391777509067
centerY: 0.24208725406330198
width: 0.01995163240628779
height: 0.026090675791274595
Area: 0.0001841195825657374
CentroidX: 0.0365
CentroidY: 0.2531
