Location: Y_01-1.png_Otsu.png
Component: component_1744890207387_282.png
centerX: 0.16384522370012092
centerY: 0.5372112917023096
width: 0.020556227327690448
height: 0.020530367835757058
Area: 0.00012878026982828263
CentroidX: 0.1761
CentroidY: 0.5458
