Location: Y_01-1.png_Otsu.png
Component: component_1744890207251_96.png
centerX: 0.660217654171705
centerY: 0.16680923866552608
width: 0.01995163240628779
height: 0.021813515825491875
Area: 0.00013679671232763355
CentroidX: 0.6704
CentroidY: 0.1758
