Location: Y_01-1.png_Mean-Closing.png
Component: component_1744890207139_270.png
centerX: 0.6995163240628779
centerY: 0.5286569717707442
width: 0.021160822249093107
height: 0.02480752780153978
Area: 0.00016963826708303896
CentroidX: 0.7119
CentroidY: 0.5387
