Location: Y_01-1.png_Mean-Closing.png
Component: component_1744890207136_258.png
centerX: 0.4165659008464329
centerY: 0.49615055603079555
width: 0.01995163240628779
height: 0.02523524379811805
Area: 0.00017300000103437967
CentroidX: 0.4283
CentroidY: 0.5063
