Location: Y_02-1.png_Mean-Closing.png
Component: component_1744890208160_93.png
centerX: 0.07134220072551391
centerY: 0.16595380667236956
width: 0.019347037484885126
height: 0.020958083832335328
Area: 0.000151278027810332
CentroidX: 0.0819
CentroidY: 0.1746
