Location: Y_02-1.png_Mean-Closing.png
Component: component_1744890208509_475.png
centerX: 0.1989117291414752
centerY: 0.9260051325919589
width: 0.014510278113663845
height: 0.023096663815226688
Area: 0.00014119282595630988
CentroidX: 0.2074
CentroidY: 0.9353
