Location: Y_02-1.png_Mean-Closing.png
Component: component_1744890208434_407.png
centerX: 0.9032648125755743
centerY: 0.8147989734816082
width: 0.017533252720677146
height: 0.021813515825491875
Area: 0.00014196861071431158
CentroidX: 0.9135
CentroidY: 0.8236
