Location: Y_01-1.png_Mean-Closing.png
Component: component_1744890207171_431.png
centerX: 0.6396614268440145
centerY: 0.8511548331907614
width: 0.022370012091898428
height: 0.02480752780153978
Area: 0.0001838609876464035
CentroidX: 0.6522
CentroidY: 0.8619
