Location: Y_01-1.png_Otsu.png
Component: component_1744890207417_317.png
centerX: 0.12273276904474002
centerY: 0.621043627031651
width: 0.02418379685610641
height: 0.023096663815226688
Area: 0.00015308819224566932
CentroidX: 0.1365
CentroidY: 0.6304
