Location: Y_01-1.png_Otsu.png
Component: component_1744890207502_487.png
centerX: 0.526602176541717
centerY: 0.9538066723695466
width: 0.02962515114873035
height: 0.024379811804961505
Area: 0.00015696711603567783
CentroidX: 0.5415
CentroidY: 0.9637
