Location: Y_02-1.png_Mean-Closing.png
Component: component_1744890208455_422.png
centerX: 0.037484885126964934
centerY: 0.8242087254063302
width: 0.02176541717049577
height: 0.02480752780153978
Area: 0.00020247982183844437
CentroidX: 0.0495
CentroidY: 0.8349
