Location: Y_01-1.png_Otsu.png
Component: component_1744890207319_175.png
centerX: 0.250906892382104
centerY: 0.33276304533789564
width: 0.016928657799274487
height: 0.022241231822070145
Area: 0.00012438415619960632
CentroidX: 0.2607
CentroidY: 0.3421
