Location: Y_01-1.png_Otsu.png
Component: component_1744890207386_279.png
centerX: 0.41777509068923824
centerY: 0.5359281437125748
width: 0.016928657799274487
height: 0.02352437981180496
Area: 0.00013421076313429456
CentroidX: 0.4272
CentroidY: 0.5455
