Location: Y_01-1.png_Mean-Closing.png
Component: component_1744890207182_484.png
centerX: 0.8869407496977025
centerY: 0.9503849443969205
width: 0.018742442563482467
height: 0.028656971770744225
Area: 0.00018541255716240693
CentroidX: 0.8970
CentroidY: 0.9616
