Location: Y_02-1.png_Mean-Closing.png
Component: component_1744890208124_45.png
centerX: 0.8041112454655381
centerY: 0.08682634730538923
width: 0.021160822249093107
height: 0.0213857998289136
Area: 0.0001556741414390083
CentroidX: 0.8156
CentroidY: 0.0948
