Location: Y_01-1.png_Mean-Closing.png
Component: component_1744890207177_460.png
centerX: 0.14691656590084642
centerY: 0.8973481608212147
width: 0.020556227327690448
height: 0.023952095808383235
Area: 0.00016989686200237286
CentroidX: 0.1590
CentroidY: 0.9070
