Location: Y_01-1.png_Gaussian-Median.png
Component: component_1744890208008_380.png
centerX: 0.528415961305925
centerY: 0.739093242087254
width: 0.02176541717049577
height: 0.021813515825491875
Area: 0.00015670852111634393
CentroidX: 0.5394
CentroidY: 0.7483
