Location: Y_01-1.png_Otsu.png
Component: component_1744890207255_109.png
centerX: 0.21221281741233375
centerY: 0.20444824636441403
width: 0.017533252720677146
height: 0.02352437981180496
Area: 0.00013602092756963185
CentroidX: 0.2218
CentroidY: 0.2146
