Location: Y_01-1.png_Otsu.png
Component: component_1744890207296_168.png
centerX: 0.5888754534461911
centerY: 0.32934131736526945
width: 0.018137847642079808
height: 0.02480752780153978
Area: 0.00014765769893965738
CentroidX: 0.5988
CentroidY: 0.3395
