Location: Y_02-1.png_Mean-Closing.png
Component: component_1744890208173_112.png
centerX: 0.5145102781136639
centerY: 0.20059880239520958
width: 0.020556227327690448
height: 0.023096663815226688
Area: 0.00016213901442235583
CentroidX: 0.5261
CentroidY: 0.2100
