Location: Y_01-1.png_Gaussian-Median.png
Component: component_1744890208033_447.png
centerX: 0.373639661426844
centerY: 0.8588537211291702
width: 0.018742442563482467
height: 0.020530367835757058
Area: 0.00014300299039164718
CentroidX: 0.3844
CentroidY: 0.8673
