Location: Y_02-1.png_Mean-Closing.png
Component: component_1744890208174_115.png
centerX: 0.46311970979443773
centerY: 0.20102651839178784
width: 0.021160822249093107
height: 0.023096663815226688
Area: 0.00016110463474502024
CentroidX: 0.4751
CentroidY: 0.2100
