Location: Y_01-1.png_Mean-Closing.png
Component: component_1744890207185_496.png
centerX: 0.44619105199516323
centerY: 0.957656116338751
width: 0.018137847642079808
height: 0.024379811804961505
Area: 0.00016731091280903387
CentroidX: 0.4572
CentroidY: 0.9676
