Location: Y_01-1.png_Mean-Closing.png
Component: component_1744890207165_402.png
centerX: 0.08585247883917775
centerY: 0.7874251497005988
width: 0.020556227327690448
height: 0.026090675791274595
Area: 0.00017687892482438818
CentroidX: 0.0969
CentroidY: 0.7980
