Location: Y_02-1.png_Mean-Closing.png
Component: component_1744890208502_467.png
centerX: 0.7889963724304716
centerY: 0.913601368691189
width: 0.022370012091898428
height: 0.028229255774165955
Area: 0.0001836023927270696
CentroidX: 0.8017
CentroidY: 0.9253
