Location: Y_01-1.png_Mean-Closing.png
Component: component_1744890207164_393.png
centerX: 0.45646916565900847
centerY: 0.7810094097519247
width: 0.015114873035066506
height: 0.020102651839178785
Area: 0.00013498654789229625
CentroidX: 0.4651
CentroidY: 0.7892
