Location: Y_01-1.png_Gaussian-Median.png
Component: component_1744890208034_451.png
centerX: 0.8833131801692866
centerY: 0.8755346449957229
width: 0.018742442563482467
height: 0.023952095808383235
Area: 0.00015800149571301342
CentroidX: 0.8944
CentroidY: 0.8854
