Location: Y_01-1.png_Otsu.png
Component: component_1744890207386_281.png
centerX: 0.11668681983071343
centerY: 0.537639007698888
width: 0.01995163240628779
height: 0.020958083832335328
Area: 0.00012697010539294533
CentroidX: 0.1280
CentroidY: 0.5462
