Location: Y_01-1.png_Mean-Closing.png
Component: component_1744890207164_395.png
centerX: 0.41293833131801694
centerY: 0.783147989734816
width: 0.019347037484885126
height: 0.022241231822070145
Area: 0.00016937967216370506
CentroidX: 0.4241
CentroidY: 0.7929
