Location: Y_01-1.png_Otsu.png
Component: component_1744890207364_226.png
centerX: 0.7956469165659008
centerY: 0.44610778443113774
width: 0.018137847642079808
height: 0.02523524379811805
Area: 0.00012826307998961483
CentroidX: 0.8052
CentroidY: 0.4562
