Location: Y_01-1.png_Otsu.png
Component: component_1744890207293_164.png
centerX: 0.8319226118500604
centerY: 0.32763045337895635
width: 0.02176541717049577
height: 0.02737382378100941
Area: 0.00016110463474502024
CentroidX: 0.8449
CentroidY: 0.3387
