Location: Y_01-1.png_Mean-Closing.png
Component: component_1744890207098_67.png
centerX: 0.02176541717049577
centerY: 0.12745936698032506
width: 0.01995163240628779
height: 0.023096663815226688
Area: 0.0001740343807117153
CentroidX: 0.0335
CentroidY: 0.1371
