Location: Y_02-1.png_Mean-Closing.png
Component: component_1744890208380_357.png
centerX: 0.23821039903264812
centerY: 0.7035928143712575
width: 0.016928657799274487
height: 0.024379811804961505
Area: 0.00015955306522901684
CentroidX: 0.2482
CentroidY: 0.7135
