Location: Y_01-1.png_Gaussian-Median.png
Component: component_1744890207944_200.png
centerX: 0.16444981862152358
centerY: 0.3716852010265184
width: 0.018137847642079808
height: 0.0213857998289136
Area: 0.0001546397617616727
CentroidX: 0.1748
CentroidY: 0.3810
