Location: Y_01-1.png_Otsu.png
Component: component_1744890207297_169.png
centerX: 0.7327690447400241
centerY: 0.3297690333618477
width: 0.017533252720677146
height: 0.026090675791274595
Area: 0.00014791629385899128
CentroidX: 0.7427
CentroidY: 0.3405
