Location: Y_01-1.png_Otsu.png
Component: component_1744890207378_257.png
centerX: 0.41717049576783555
centerY: 0.4965782720273738
width: 0.019347037484885126
height: 0.024379811804961505
Area: 0.00013808968692430307
CentroidX: 0.4284
CentroidY: 0.5065
