Location: Y_01-1.png_Otsu.png
Component: component_1744890207372_247.png
centerX: 0.7478839177750907
centerY: 0.4914456800684346
width: 0.021160822249093107
height: 0.023952095808383235
Area: 0.00013446935805362846
CentroidX: 0.7594
CentroidY: 0.5015
