Location: Y_01-1.png_Otsu.png
Component: component_1744890207324_180.png
centerX: 0.16807738814993953
centerY: 0.334901625320787
width: 0.019347037484885126
height: 0.023096663815226688
Area: 0.00014274439547231328
CentroidX: 0.1789
CentroidY: 0.3448
