Location: Y_01-1.png_Mean-Closing.png
Component: component_1744890207168_414.png
centerX: 0.373639661426844
centerY: 0.8203592814371258
width: 0.018742442563482467
height: 0.028229255774165955
Area: 0.00016989686200237286
CentroidX: 0.3849
CentroidY: 0.8321
