Location: Y_02-1.png_Mean-Closing.png
Component: component_1744890208110_23.png
centerX: 0.12817412333736397
centerY: 0.04790419161676647
width: 0.017533252720677146
height: 0.02566295979469632
Area: 0.0001843781774850713
CentroidX: 0.1386
CentroidY: 0.0587
