Location: Y_01-1.png_Otsu.png
Component: component_1744890207217_31.png
centerX: 0.592503022974607
centerY: 0.05431993156544055
width: 0.018137847642079808
height: 0.026090675791274595
Area: 0.0001507608379716642
CentroidX: 0.6034
CentroidY: 0.0647
