Location: Y_01-1.png_Gaussian-Median.png
Component: component_1744890207887_91.png
centerX: 0.17533252720677148
centerY: 0.16638152266894782
width: 0.016928657799274487
height: 0.022668947818648418
Area: 0.0001543811668423388
CentroidX: 0.1853
CentroidY: 0.1755
