Location: Y_01-1.png_Mean-Closing.png
Component: component_1744890207148_313.png
centerX: 0.12273276904474002
centerY: 0.6206159110350727
width: 0.02418379685610641
height: 0.023952095808383235
Area: 0.00018205082321106622
CentroidX: 0.1365
CentroidY: 0.6304
