Location: Y_02-1.png_Mean-Closing.png
Component: component_1744890208408_389.png
centerX: 0.7363966142684402
centerY: 0.7758768177929855
width: 0.022974607013301087
height: 0.0213857998289136
Area: 0.00016136322966435414
CentroidX: 0.7483
CentroidY: 0.7846
