Location: Y_01-1.png_Mean-Closing.png
Component: component_1744890207167_412.png
centerX: 0.45646916565900847
centerY: 0.8199315654405475
width: 0.019347037484885126
height: 0.022241231822070145
Area: 0.00015257100240700152
CentroidX: 0.4683
CentroidY: 0.8289
