Location: Y_01-1.png_Otsu.png
Component: component_1744890207360_224.png
centerX: 0.9111245465538089
centerY: 0.4448246364414029
width: 0.016324062877871828
height: 0.023096663815226688
Area: 0.00012645291555427754
CentroidX: 0.9206
CentroidY: 0.4538
