Location: Y_01-1.png_Mean-Closing.png
Component: component_1744890207179_468.png
centerX: 0.5822249093107618
centerY: 0.9187339606501284
width: 0.016324062877871828
height: 0.023952095808383235
Area: 0.00015205381256833372
CentroidX: 0.5913
CentroidY: 0.9284
