Location: Y_01-1.png_Otsu.png
Component: component_1744890207414_302.png
centerX: 0.29443772672309554
centerY: 0.5799828913601369
width: 0.018137847642079808
height: 0.023952095808383235
Area: 0.00013938266152097256
CentroidX: 0.3039
CentroidY: 0.5894
