Location: Y_01-1.png_Gaussian-Median.png
Component: component_1744890207833_33.png
centerX: 0.5054413542926239
centerY: 0.05431993156544055
width: 0.017533252720677146
height: 0.02352437981180496
Area: 0.00016420777377702705
CentroidX: 0.5154
CentroidY: 0.0639
