Location: Y_01-1.png_Otsu.png
Component: component_1744890207426_342.png
centerX: 0.4117291414752116
centerY: 0.6685201026518391
width: 0.018137847642079808
height: 0.02737382378100941
Area: 0.00014377877514964887
CentroidX: 0.4220
CentroidY: 0.6795
