Location: Y_02-1.png_Mean-Closing.png
Component: component_1744890208297_262.png
centerX: 0.8863361547762999
centerY: 0.5196749358426005
width: 0.02418379685610641
height: 0.02566295979469632
Area: 0.00020118684724177487
CentroidX: 0.8998
CentroidY: 0.5305
