Location: Y_01-1.png_Gaussian-Median.png
Component: component_1744890208050_491.png
centerX: 0.8524788391777509
centerY: 0.9499572284003421
width: 0.015114873035066506
height: 0.02352437981180496
Area: 0.00016265620426102363
CentroidX: 0.8608
CentroidY: 0.9595
