Location: Y_01-1.png_Otsu.png
Component: component_1744890207275_149.png
centerX: 0.685006045949214
centerY: 0.28528656971770744
width: 0.024788391777509067
height: 0.02566295979469632
Area: 0.00016007025506768464
CentroidX: 0.6992
CentroidY: 0.2958
