Location: Y_01-1.png_Mean-Closing.png
Component: component_1744890207159_368.png
centerX: 0.7593712212817413
centerY: 0.7313943541488451
width: 0.021160822249093107
height: 0.026090675791274595
Area: 0.0001838609876464035
CentroidX: 0.7710
CentroidY: 0.7420
