Location: Y_01-1.png_Otsu.png
Component: component_1744890207492_473.png
centerX: 0.7539298669891172
centerY: 0.9208725406330197
width: 0.017533252720677146
height: 0.02694610778443114
Area: 0.0001492092684556608
CentroidX: 0.7645
CentroidY: 0.9313
