Location: Y_01-1.png_Gaussian-Median.png
Component: component_1744890207924_141.png
centerX: 0.8929866989117291
centerY: 0.24636441402908468
width: 0.019347037484885126
height: 0.029940119760479042
Area: 0.00019291180982309005
CentroidX: 0.9041
CentroidY: 0.2583
