Location: Y_01-1.png_Otsu.png
Component: component_1744890207227_71.png
centerX: 0.6505441354292624
centerY: 0.12788708297690335
width: 0.018742442563482467
height: 0.020102651839178785
Area: 0.00011481614418425199
CentroidX: 0.6606
CentroidY: 0.1364
