Location: Y_01-1.png_Otsu.png
Component: component_1744890207223_61.png
centerX: 0.8917775090689238
centerY: 0.12360992301112061
width: 0.01995163240628779
height: 0.02352437981180496
Area: 0.00013834828184363697
CentroidX: 0.9028
CentroidY: 0.1334
