Location: Y_02-1.png_Mean-Closing.png
Component: component_1744890208289_239.png
centerX: 0.13482466747279323
centerY: 0.4516680923866553
width: 0.017533252720677146
height: 0.02523524379811805
Area: 0.0001740343807117153
CentroidX: 0.1452
CentroidY: 0.4618
