Location: Y_01-1.png_Mean-Closing.png
Component: component_1744890207100_76.png
centerX: 0.3633615477629988
centerY: 0.12917023096663816
width: 0.01995163240628779
height: 0.02352437981180496
Area: 0.00016679372297036607
CentroidX: 0.3748
CentroidY: 0.1391
