Location: Y_01-1.png_Mean-Closing.png
Component: component_1744890207107_114.png
centerX: 0.4183796856106409
centerY: 0.20573139435414883
width: 0.018742442563482467
height: 0.019674935842600515
Area: 0.0001450717497463184
CentroidX: 0.4290
CentroidY: 0.2140
