Location: Y_01-1.png_Mean-Closing.png
Component: component_1744890207088_12.png
centerX: 0.6862152357920194
centerY: 0.008982035928143712
width: 0.01995163240628779
height: 0.020958083832335328
Area: 0.00015748430587434563
CentroidX: 0.6971
CentroidY: 0.0175
