Location: Y_01-1.png_Otsu.png
Component: component_1744890207448_378.png
centerX: 0.028415961305925032
centerY: 0.7463644140290847
width: 0.020556227327690448
height: 0.02523524379811805
Area: 0.00016084603982568634
CentroidX: 0.0405
CentroidY: 0.7568
