Location: Y_01-1.png_Gaussian-Median.png
Component: component_1744890207867_70.png
centerX: 0.06952841596130592
centerY: 0.12745936698032506
width: 0.022974607013301087
height: 0.02566295979469632
Area: 0.0001740343807117153
CentroidX: 0.0818
CentroidY: 0.1379
