Location: Y_01-1.png_Mean-Closing.png
Component: component_1744890207093_39.png
centerX: 0.9123337363966143
centerY: 0.05731394354148845
width: 0.021160822249093107
height: 0.022241231822070145
Area: 0.00015644992619701003
CentroidX: 0.9228
CentroidY: 0.0672
