Location: Y_01-1.png_Otsu.png
Component: component_1744890207476_447.png
centerX: 0.8016928657799275
centerY: 0.8823781009409752
width: 0.018137847642079808
height: 0.02480752780153978
Area: 0.00013757249708563527
CentroidX: 0.8128
CentroidY: 0.8922
