Location: Y_02-1.png_Mean-Closing.png
Component: component_1744890208252_217.png
centerX: 0.08222490931076179
centerY: 0.4059024807527802
width: 0.017533252720677146
height: 0.01924721984602224
Area: 0.00013757249708563527
CentroidX: 0.0912
CentroidY: 0.4140
