Location: Y_02-1.png_Mean-Closing.png
Component: component_1744890208520_485.png
centerX: 0.9492140266021766
centerY: 0.9495295124037639
width: 0.018742442563482467
height: 0.024379811804961505
Area: 0.00019213602506508833
CentroidX: 0.9595
CentroidY: 0.9596
