Location: Y_02-1.png_Mean-Closing.png
Component: component_1744890208379_355.png
centerX: 0.13724304715840388
centerY: 0.7035928143712575
width: 0.021160822249093107
height: 0.02480752780153978
Area: 0.00017351719087304747
CentroidX: 0.1495
CentroidY: 0.7134
