Location: Y_01-1.png_Gaussian-Median.png
Component: component_1744890207901_102.png
centerX: 0.848851269649335
centerY: 0.16680923866552608
width: 0.019347037484885126
height: 0.022241231822070145
Area: 0.00015360538208433711
CentroidX: 0.8588
CentroidY: 0.1762
