Location: Y_01-1.png_Otsu.png
Component: component_1744890207464_413.png
centerX: 0.5193470374848851
centerY: 0.8199315654405475
width: 0.020556227327690448
height: 0.02566295979469632
Area: 0.0001463647243429879
CentroidX: 0.5314
CentroidY: 0.8299
