Location: Y_01-1.png_Gaussian-Median.png
Component: component_1744890208035_453.png
centerX: 0.9431680773881499
centerY: 0.878956372968349
width: 0.018137847642079808
height: 0.024379811804961505
Area: 0.00016032884998701854
CentroidX: 0.9536
CentroidY: 0.8886
