Location: Y_01-1.png_Otsu.png
Component: component_1744890207454_389.png
centerX: 0.7563482466747279
centerY: 0.7741659538066724
width: 0.024788391777509067
height: 0.024379811804961505
Area: 0.00013395216821496066
CentroidX: 0.7690
CentroidY: 0.7845
