Location: Y_01-1.png_Gaussian-Median.png
Component: component_1744890207903_108.png
centerX: 0.11064087061668681
centerY: 0.20402053036783577
width: 0.018742442563482467
height: 0.023096663815226688
Area: 0.00015231240748766762
CentroidX: 0.1221
CentroidY: 0.2135
