Location: Y_02-1.png_Mean-Closing.png
Component: component_1744890208318_301.png
centerX: 0.3681983071342201
centerY: 0.5757057313943541
width: 0.022974607013301087
height: 0.02352437981180496
Area: 0.00016524215345436265
CentroidX: 0.3806
CentroidY: 0.5848
