Location: Y_02-1.png_Mean-Closing.png
Component: component_1744890208203_172.png
centerX: 0.3258766626360339
centerY: 0.3272027373823781
width: 0.019347037484885126
height: 0.023952095808383235
Area: 0.00017093124167970848
CentroidX: 0.3375
CentroidY: 0.3369
