Location: Y_01-1.png_Otsu.png
Component: component_1744890207284_150.png
centerX: 0.7799274486094316
centerY: 0.2848588537211292
width: 0.020556227327690448
height: 0.024379811804961505
Area: 0.00014119282595630988
CentroidX: 0.7914
CentroidY: 0.2949
