Location: Y_02-1.png_Mean-Closing.png
Component: component_1744890208394_381.png
centerX: 0.035671100362756954
centerY: 0.7459366980325064
width: 0.021160822249093107
height: 0.02523524379811805
Area: 0.0001846367724044052
CentroidX: 0.0481
CentroidY: 0.7564
