Location: Y_01-1.png_Mean-Closing.png
Component: component_1744890207143_295.png
centerX: 0.41414752116082226
centerY: 0.5761334473909324
width: 0.017533252720677146
height: 0.023952095808383235
Area: 0.00016213901442235583
CentroidX: 0.4239
CentroidY: 0.5865
