Location: Y_01-1.png_Otsu.png
Component: component_1744890207422_332.png
centerX: 0.0773881499395405
centerY: 0.6659538066723696
width: 0.019347037484885126
height: 0.023952095808383235
Area: 0.00013498654789229625
CentroidX: 0.0877
CentroidY: 0.6759
