Location: Y_01-1.png_Otsu.png
Component: component_1744890207287_152.png
centerX: 0.533857315598549
centerY: 0.2857142857142857
width: 0.022974607013301087
height: 0.02480752780153978
Area: 0.00015696711603567783
CentroidX: 0.5460
CentroidY: 0.2960
