Location: Y_01-1.png_Mean-Closing.png
Component: component_1744890207120_175.png
centerX: 0.3010882708585248
centerY: 0.3323353293413174
width: 0.018742442563482467
height: 0.0213857998289136
Area: 0.00016369058393835925
CentroidX: 0.3118
CentroidY: 0.3414
