Location: Y_01-1.png_Mean-Closing.png
Component: component_1744890207167_413.png
centerX: 0.5193470374848851
centerY: 0.8199315654405475
width: 0.021160822249093107
height: 0.026090675791274595
Area: 0.00018179222829173232
CentroidX: 0.5314
CentroidY: 0.8298
