Location: Y_01-1.png_Gaussian-Median.png
Component: component_1744890207990_332.png
centerX: 0.9419588875453446
centerY: 0.655688622754491
width: 0.018137847642079808
height: 0.02694610778443114
Area: 0.00016834529248636946
CentroidX: 0.9535
CentroidY: 0.6667
