Location: Y_01-1.png_Mean-Closing.png
Component: component_1744890207117_160.png
centerX: 0.30773881499395406
centerY: 0.2891360136869119
width: 0.017533252720677146
height: 0.020530367835757058
Area: 0.00015360538208433711
CentroidX: 0.3176
CentroidY: 0.2980
