Location: Y_01-1.png_Gaussian-Median.png
Component: component_1744890207898_97.png
centerX: 0.2660217654171705
centerY: 0.16723695466210436
width: 0.018137847642079808
height: 0.019674935842600515
Area: 0.00013421076313429456
CentroidX: 0.2758
CentroidY: 0.1757
