Location: Y_02-1.png_Mean-Closing.png
Component: component_1744890208383_363.png
centerX: 0.6100362756952842
centerY: 0.7356715141146278
width: 0.021160822249093107
height: 0.0290846877673225
Area: 0.00018696412667841032
CentroidX: 0.6216
CentroidY: 0.7474
