Location: Y_01-1.png_Gaussian-Median.png
Component: component_1744890208006_370.png
centerX: 0.0761789600967352
centerY: 0.7117194183062446
width: 0.022974607013301087
height: 0.023096663815226688
Area: 0.00016369058393835925
CentroidX: 0.0883
CentroidY: 0.7215
