Location: Y_01-1.png_Mean-Closing.png
Component: component_1744890207165_398.png
centerX: 0.3258766626360339
centerY: 0.7840034217279727
width: 0.016324062877871828
height: 0.021813515825491875
Area: 0.0001494678633749947
CentroidX: 0.3353
CentroidY: 0.7931
