Location: Y_02-1.png_Mean-Closing.png
Component: component_1744890208308_279.png
centerX: 0.282950423216445
centerY: 0.5329341317365269
width: 0.02418379685610641
height: 0.02566295979469632
Area: 0.00019808370820976806
CentroidX: 0.2964
CentroidY: 0.5437
