Location: Y_01-1.png_Mean-Closing.png
Component: component_1744890207092_33.png
centerX: 0.7908101571946796
centerY: 0.05431993156544055
width: 0.018742442563482467
height: 0.023096663815226688
Area: 0.0001494678633749947
CentroidX: 0.8015
CentroidY: 0.0639
