Location: Y_02-1.png_Mean-Closing.png
Component: component_1744890208424_401.png
centerX: 0.08585247883917775
centerY: 0.7844311377245509
width: 0.02357920193470375
height: 0.028229255774165955
Area: 0.00019730792345176636
CentroidX: 0.1003
CentroidY: 0.7949
