Location: Y_02-1.png_Mean-Closing.png
Component: component_1744890208107_18.png
centerX: 0.9232164449818622
centerY: 0.01283147989734816
width: 0.022370012091898428
height: 0.022668947818648418
Area: 0.0001797234689370611
CentroidX: 0.9341
CentroidY: 0.0224
