Location: Y_01-1.png_Mean-Closing.png
Component: component_1744890207148_316.png
centerX: 0.33252720677146314
centerY: 0.6206159110350727
width: 0.01995163240628779
height: 0.027801539777587682
Area: 0.00018256801304973401
CentroidX: 0.3449
CentroidY: 0.6318
