Location: Y_01-1.png_Otsu.png
Component: component_1744890207500_481.png
centerX: 0.09189842805320435
centerY: 0.927715996578272
width: 0.018742442563482467
height: 0.02523524379811805
Area: 0.00014145142087564378
CentroidX: 0.1016
CentroidY: 0.9387
