Location: Y_02-1.png_Mean-Closing.png
Component: component_1744890208190_140.png
centerX: 0.469770253929867
centerY: 0.24422583404619333
width: 0.018137847642079808
height: 0.022241231822070145
Area: 0.0001502436481329964
CentroidX: 0.4804
CentroidY: 0.2536
