Location: Y_01-1.png_Otsu.png
Component: component_1744890207433_369.png
centerX: 0.7122128174123338
centerY: 0.7343883661248931
width: 0.019347037484885126
height: 0.022668947818648418
Area: 0.00013757249708563527
CentroidX: 0.7231
CentroidY: 0.7435
