Location: Y_01-1.png_Gaussian-Median.png
Component: component_1744890207929_154.png
centerX: 0.6372430471584039
centerY: 0.28528656971770744
width: 0.02357920193470375
height: 0.02352437981180496
Area: 0.00016239760934168973
CentroidX: 0.6501
CentroidY: 0.2945
