Location: Y_01-1.png_Otsu.png
Component: component_1744890207428_353.png
centerX: 0.45949214026602175
centerY: 0.7070145423438836
width: 0.02176541717049577
height: 0.02566295979469632
Area: 0.00015257100240700152
CentroidX: 0.4717
CentroidY: 0.7175
