Location: Y_01-1.png_Mean-Closing.png
Component: component_1744890207163_390.png
centerX: 0.6444981862152358
centerY: 0.7750213857998289
width: 0.02176541717049577
height: 0.026090675791274595
Area: 0.00018618834192040863
CentroidX: 0.6554
CentroidY: 0.7862
