Location: Y_01-1.png_Gaussian-Median.png
Component: component_1744890207926_149.png
centerX: 0.941354292623942
centerY: 0.2840034217279726
width: 0.016324062877871828
height: 0.02523524379811805
Area: 0.00017274140611504577
CentroidX: 0.9505
CentroidY: 0.2944
