Location: Y_02-1.png_Mean-Closing.png
Component: component_1744890208221_193.png
centerX: 0.4365175332527207
centerY: 0.36227544910179643
width: 0.016928657799274487
height: 0.02480752780153978
Area: 0.00016912107724437116
CentroidX: 0.4461
CentroidY: 0.3721
