Location: Y_01-1.png_Gaussian-Median.png
Component: component_1744890208001_360.png
centerX: 0.6493349455864571
centerY: 0.7057313943541489
width: 0.020556227327690448
height: 0.026518391787852865
Area: 0.0001802406587757289
CentroidX: 0.6610
CentroidY: 0.7163
