Location: Y_01-1.png_Otsu.png
Component: component_1744890207366_230.png
centerX: 0.4752116082224909
centerY: 0.44867408041060736
width: 0.017533252720677146
height: 0.026090675791274595
Area: 0.00013860687676297087
CentroidX: 0.4856
CentroidY: 0.4591
