Location: Y_01-1.png_Otsu.png
Component: component_1744890207487_466.png
centerX: 0.9461910519951633
centerY: 0.9144568006843456
width: 0.017533252720677146
height: 0.023952095808383235
Area: 0.00013731390216630135
CentroidX: 0.9571
CentroidY: 0.9235
