Location: Y_02-1.png_Mean-Closing.png
Component: component_1744890208193_152.png
centerX: 0.38694074969770254
centerY: 0.2840034217279726
width: 0.021160822249093107
height: 0.02523524379811805
Area: 0.00017015545692170676
CentroidX: 0.3994
CentroidY: 0.2943
