Location: Y_02-1.png_Mean-Closing.png
Component: component_1744890208315_294.png
centerX: 0.47218863361547764
centerY: 0.5744225834046194
width: 0.01995163240628779
height: 0.02352437981180496
Area: 0.00015929447030968292
CentroidX: 0.4833
CentroidY: 0.5841
