Location: Y_01-1.png_Otsu.png
Component: component_1744890207468_428.png
centerX: 0.752720677146312
centerY: 0.8481608212147135
width: 0.019347037484885126
height: 0.022241231822070145
Area: 0.00013059043426361995
CentroidX: 0.7630
CentroidY: 0.8578
