Location: Y_01-1.png_Otsu.png
Component: component_1744890207219_43.png
centerX: 0.11487303506650544
centerY: 0.08939264328485885
width: 0.019347037484885126
height: 0.0213857998289136
Area: 0.00013731390216630135
CentroidX: 0.1264
CentroidY: 0.0979
