Location: Y_02-1.png_Mean-Closing.png
Component: component_1744890208365_343.png
centerX: 0.8500604594921403
centerY: 0.6967493584260052
width: 0.026602176541717048
height: 0.03122326775021386
Area: 0.0002076517202251224
CentroidX: 0.8657
CentroidY: 0.7090
