Location: Y_01-1.png_Gaussian-Median.png
Component: component_1744890207898_98.png
centerX: 0.46735187424425634
centerY: 0.16680923866552608
width: 0.022370012091898428
height: 0.022668947818648418
Area: 0.00015774290079367952
CentroidX: 0.4799
CentroidY: 0.1759
