Location: Y_01-1.png_Mean-Closing.png
Component: component_1744890207149_318.png
centerX: 0.6432889963724304
centerY: 0.6201881950384944
width: 0.026602176541717048
height: 0.024379811804961505
Area: 0.00019084305046841883
CentroidX: 0.6581
CentroidY: 0.6307
