Location: Y_01-1.png_Otsu.png
Component: component_1744890207368_233.png
centerX: 0.6402660217654171
centerY: 0.4495295124037639
width: 0.018137847642079808
height: 0.02352437981180496
Area: 0.00012826307998961483
CentroidX: 0.6503
CentroidY: 0.4587
