Location: Y_01-1.png_Otsu.png
Component: component_1744890207214_17.png
centerX: 0.9220072551390568
centerY: 0.009837467921300257
width: 0.01995163240628779
height: 0.023952095808383235
Area: 0.0001548983566810066
CentroidX: 0.9335
CentroidY: 0.0193
