Location: Y_01-1.png_Mean-Closing.png
Component: component_1744890207183_485.png
centerX: 0.9504232164449818
centerY: 0.9525235243798118
width: 0.018137847642079808
height: 0.02694610778443114
Area: 0.00018955007587174934
CentroidX: 0.9620
CentroidY: 0.9636
