Location: Y_02-1.png_Mean-Closing.png
Component: component_1744890208122_39.png
centerX: 0.7859733978234583
centerY: 0.05260906757912746
width: 0.018742442563482467
height: 0.0213857998289136
Area: 0.0001541225719230049
CentroidX: 0.7969
CentroidY: 0.0609
