Location: Y_01-1.png_Otsu.png
Component: component_1744890207266_130.png
centerX: 0.5290205562273277
centerY: 0.24550898203592814
width: 0.01995163240628779
height: 0.023096663815226688
Area: 0.00013550373773096405
CentroidX: 0.5398
CentroidY: 0.2553
