Location: Y_01-1.png_Otsu.png
Component: component_1744890207217_30.png
centerX: 0.5501813784764208
centerY: 0.05389221556886228
width: 0.016324062877871828
height: 0.022241231822070145
Area: 0.0001189536628935944
CentroidX: 0.5590
CentroidY: 0.0633
