Location: Y_01-1.png_Otsu.png
Component: component_1744890207304_174.png
centerX: 0.0761789600967352
centerY: 0.3319076133447391
width: 0.01995163240628779
height: 0.023096663815226688
Area: 0.00013938266152097256
CentroidX: 0.0871
CentroidY: 0.3417
