Location: Y_02-1.png_Mean-Closing.png
Component: component_1744890208493_456.png
centerX: 0.2478839177750907
centerY: 0.8913601368691189
width: 0.016324062877871828
height: 0.026518391787852865
Area: 0.00016937967216370506
CentroidX: 0.2578
CentroidY: 0.9018
