Location: Y_01-1.png_Mean-Closing.png
Component: component_1744890207121_181.png
centerX: 0.16807738814993953
centerY: 0.334901625320787
width: 0.01995163240628779
height: 0.02352437981180496
Area: 0.00017144843151837628
CentroidX: 0.1789
CentroidY: 0.3449
