Location: Y_01-1.png_Otsu.png
Component: component_1744890207423_334.png
centerX: 0.25272067714631197
centerY: 0.6663815226689478
width: 0.018137847642079808
height: 0.02352437981180496
Area: 0.00013679671232763355
CentroidX: 0.2624
CentroidY: 0.6764
