Location: Y_01-1.png_Gaussian-Median.png
Component: component_1744890207943_195.png
centerX: 0.68863361547763
centerY: 0.369546621043627
width: 0.020556227327690448
height: 0.022241231822070145
Area: 0.00016369058393835925
CentroidX: 0.7016
CentroidY: 0.3788
