Location: Y_01-1.png_Otsu.png
Component: component_1744890207331_189.png
centerX: 0.6426844014510278
centerY: 0.3699743370402053
width: 0.016324062877871828
height: 0.023952095808383235
Area: 0.00014765769893965738
CentroidX: 0.6523
CentroidY: 0.3797
