Location: Y_02-1.png_Mean-Closing.png
Component: component_1744890208209_182.png
centerX: 0.9117291414752116
centerY: 0.35457656116338754
width: 0.021160822249093107
height: 0.024379811804961505
Area: 0.00017610314006638649
CentroidX: 0.9230
CentroidY: 0.3640
