Location: Y_02-1.png_Mean-Closing.png
Component: component_1744890208484_449.png
centerX: 0.6958887545344619
centerY: 0.8853721129170231
width: 0.021160822249093107
height: 0.024379811804961505
Area: 0.00016860388740570336
CentroidX: 0.7077
CentroidY: 0.8954
