Location: Y_02-1.png_Mean-Closing.png
Component: component_1744890208286_236.png
centerX: 0.3893591293833132
centerY: 0.4491017964071856
width: 0.016928657799274487
height: 0.01924721984602224
Area: 0.0001499850532136625
CentroidX: 0.3991
CentroidY: 0.4573
