Location: Y_02-1.png_Mean-Closing.png
Component: component_1744890208327_310.png
centerX: 0.9087061668681983
centerY: 0.6086398631308811
width: 0.01995163240628779
height: 0.0213857998289136
Area: 0.00015644992619701003
CentroidX: 0.9190
CentroidY: 0.6175
