Location: Y_01-1.png_Otsu.png
Component: component_1744890207272_141.png
centerX: 0.4746070133010883
centerY: 0.24893071000855432
width: 0.018137847642079808
height: 0.022668947818648418
Area: 0.00012878026982828263
CentroidX: 0.4852
CentroidY: 0.2578
