Location: Y_02-1.png_Mean-Closing.png
Component: component_1744890208517_482.png
centerX: 0.5
centerY: 0.9281437125748503
width: 0.018742442563482467
height: 0.02737382378100941
Area: 0.0001750687603890509
CentroidX: 0.5113
CentroidY: 0.9387
