Location: Y_02-1.png_Mean-Closing.png
Component: component_1744890208204_176.png
centerX: 0.3845223700120919
centerY: 0.32763045337895635
width: 0.01995163240628779
height: 0.02480752780153978
Area: 0.00017300000103437967
CentroidX: 0.3959
CentroidY: 0.3376
