Location: Y_01-1.png_Mean-Closing.png
Component: component_1744890207107_113.png
centerX: 0.16686819830713423
centerY: 0.20530367835757057
width: 0.017533252720677146
height: 0.022668947818648418
Area: 0.0001502436481329964
CentroidX: 0.1767
CentroidY: 0.2149
