Location: Y_01-1.png_Otsu.png
Component: component_1744890207416_312.png
centerX: 0.25211608222490933
centerY: 0.6201881950384944
width: 0.018742442563482467
height: 0.023952095808383235
Area: 0.00013240059869895724
CentroidX: 0.2630
CentroidY: 0.6300
