Location: Y_02-1.png_Mean-Closing.png
Component: component_1744890208116_30.png
centerX: 0.837968561064087
centerY: 0.05089820359281437
width: 0.01995163240628779
height: 0.02352437981180496
Area: 0.0001554155465196744
CentroidX: 0.8505
CentroidY: 0.0604
