Location: Y_01-1.png_Otsu.png
Component: component_1744890207460_405.png
centerX: 0.9195888754534461
centerY: 0.8143712574850299
width: 0.016928657799274487
height: 0.023952095808383235
Area: 0.00012748729523161313
CentroidX: 0.9286
CentroidY: 0.8243
