Location: Y_02-1.png_Mean-Closing.png
Component: component_1744890208168_101.png
centerX: 0.8446191051995163
centerY: 0.19632164242942687
width: 0.017533252720677146
height: 0.027801539777587682
Area: 0.00017351719087304747
CentroidX: 0.8555
CentroidY: 0.2075
