Location: Y_01-1.png_Otsu.png
Component: component_1744890207440_371.png
centerX: 0.5864570737605804
centerY: 0.7386655260906758
width: 0.018742442563482467
height: 0.02352437981180496
Area: 0.00012852167490894873
CentroidX: 0.5976
CentroidY: 0.7481
