Location: Y_01-1.png_Mean-Closing.png
Component: component_1744890207125_196.png
centerX: 0.2503022974607013
centerY: 0.3712574850299401
width: 0.017533252720677146
height: 0.023952095808383235
Area: 0.00015929447030968292
CentroidX: 0.2597
CentroidY: 0.3813
