Location: Y_01-1.png_Otsu.png
Component: component_1744890207224_64.png
centerX: 0.11789600967351874
centerY: 0.1270316509837468
width: 0.017533252720677146
height: 0.023096663815226688
Area: 0.00012903886474761652
CentroidX: 0.1283
CentroidY: 0.1363
