Location: Y_01-1.png_Mean-Closing.png
Component: component_1744890207083_5.png
centerX: 0.20858524788391777
centerY: 0.007698887938408896
width: 0.016324062877871828
height: 0.022668947818648418
Area: 0.00017144843151837628
CentroidX: 0.2171
CentroidY: 0.0173
