Location: Y_01-1.png_Gaussian-Median.png
Component: component_1744890207970_276.png
centerX: 0.7938331318016929
centerY: 0.5282292557741659
width: 0.019347037484885126
height: 0.02480752780153978
Area: 0.00016394917885769315
CentroidX: 0.8050
CentroidY: 0.5385
