Location: Y_02-1.png_Mean-Closing.png
Component: component_1744890208192_147.png
centerX: 0.6711003627569528
centerY: 0.28186484174508125
width: 0.019347037484885126
height: 0.023952095808383235
Area: 0.00016213901442235583
CentroidX: 0.6825
CentroidY: 0.2915
