Location: Y_01-1.png_Otsu.png
Component: component_1744890207287_151.png
centerX: 0.026602176541717048
centerY: 0.2857142857142857
width: 0.020556227327690448
height: 0.02480752780153978
Area: 0.00014352018023031497
CentroidX: 0.0386
CentroidY: 0.2959
