Location: Y_02-1.png_Mean-Closing.png
Component: component_1744890208302_274.png
centerX: 0.39238210399032647
centerY: 0.5312232677502139
width: 0.019347037484885126
height: 0.02737382378100941
Area: 0.00019058445554908494
CentroidX: 0.4037
CentroidY: 0.5424
