Location: Y_01-1.png_Otsu.png
Component: component_1744890207457_397.png
centerX: 0.3694074969770254
centerY: 0.7840034217279727
width: 0.01995163240628779
height: 0.022668947818648418
Area: 0.00013705530724696745
CentroidX: 0.3811
CentroidY: 0.7933
