Location: Y_01-1.png_Mean-Closing.png
Component: component_1744890207157_357.png
centerX: 0.585247883917775
centerY: 0.7074422583404619
width: 0.021160822249093107
height: 0.028229255774165955
Area: 0.000179982063856395
CentroidX: 0.5975
CentroidY: 0.7184
