Location: Y_01-1.png_Otsu.png
Component: component_1744890207476_448.png
centerX: 0.750906892382104
centerY: 0.88366124893071
width: 0.019347037484885126
height: 0.023096663815226688
Area: 0.00013731390216630135
CentroidX: 0.7617
CentroidY: 0.8931
