Location: Y_01-1.png_Mean-Closing.png
Component: component_1744890207153_342.png
centerX: 0.33252720677146314
centerY: 0.6680923866552609
width: 0.018742442563482467
height: 0.02694610778443114
Area: 0.00017636173498572038
CentroidX: 0.3435
CentroidY: 0.6790
