Location: Y_01-1.png_Otsu.png
Component: component_1744890207467_423.png
centerX: 0.907496977025393
centerY: 0.8421727972626176
width: 0.015719467956469165
height: 0.02694610778443114
Area: 0.00014119282595630988
CentroidX: 0.9170
CentroidY: 0.8534
