Location: Y_02-1.png_Mean-Closing.png
Component: component_1744890208366_347.png
centerX: 0.718863361547763
centerY: 0.69803250641574
width: 0.021160822249093107
height: 0.027801539777587682
Area: 0.0001812750384530645
CentroidX: 0.7311
CentroidY: 0.7088
