Location: Y_01-1.png_Mean-Closing.png
Component: component_1744890207083_6.png
centerX: 0.25272067714631197
centerY: 0.008126603934987169
width: 0.019347037484885126
height: 0.022668947818648418
Area: 0.00016343198901902536
CentroidX: 0.2623
CentroidY: 0.0175
