Location: Y_01-1.png_Gaussian-Median.png
Component: component_1744890208014_394.png
centerX: 0.8053204353083434
centerY: 0.7733105218135158
width: 0.021160822249093107
height: 0.023952095808383235
Area: 0.00015360538208433711
CentroidX: 0.8170
CentroidY: 0.7827
