Location: Y_02-1.png_Mean-Closing.png
Component: component_1744890208326_308.png
centerX: 0.5598548972188634
centerY: 0.6082121471343028
width: 0.019347037484885126
height: 0.02566295979469632
Area: 0.00016575934329303045
CentroidX: 0.5695
CentroidY: 0.6187
