Location: Y_01-1.png_Mean-Closing.png
Component: component_1744890207092_38.png
centerX: 0.8343409915356711
centerY: 0.05731394354148845
width: 0.020556227327690448
height: 0.022241231822070145
Area: 0.0001554155465196744
CentroidX: 0.8454
CentroidY: 0.0665
