Location: Y_01-1.png_Mean-Closing.png
Component: component_1744890207138_264.png
centerX: 0.9443772672309553
centerY: 0.523524379811805
width: 0.018742442563482467
height: 0.026518391787852865
Area: 0.00020635874562845288
CentroidX: 0.9543
CentroidY: 0.5346
