Location: Y_02-1.png_Mean-Closing.png
Component: component_1744890208399_382.png
centerX: 0.9461910519951633
centerY: 0.7724550898203593
width: 0.02599758162031439
height: 0.026518391787852865
Area: 0.00020144544216110877
CentroidX: 0.9586
CentroidY: 0.7840
