Location: Y_02-1.png_Mean-Closing.png
Component: component_1744890208100_3.png
centerX: 0.12636033857315598
centerY: 0.008126603934987169
width: 0.016928657799274487
height: 0.02566295979469632
Area: 0.00018955007587174934
CentroidX: 0.1356
CentroidY: 0.0180
