Location: Y_01-1.png_Mean-Closing.png
Component: component_1744890207174_448.png
centerX: 0.750906892382104
centerY: 0.88366124893071
width: 0.019347037484885126
height: 0.023096663815226688
Area: 0.00016213901442235583
CentroidX: 0.7616
CentroidY: 0.8931
