Location: Y_01-1.png_Otsu.png
Component: component_1744890207252_99.png
centerX: 0.2140266021765417
centerY: 0.16766467065868262
width: 0.018742442563482467
height: 0.022241231822070145
Area: 0.00013343497837629283
CentroidX: 0.2243
CentroidY: 0.1767
