Location: Y_01-1.png_Otsu.png
Component: component_1744890207213_12.png
centerX: 0.40386940749697703
centerY: 0.009409751924721984
width: 0.021160822249093107
height: 0.022241231822070145
Area: 0.00014765769893965738
CentroidX: 0.4153
CentroidY: 0.0183
