Location: Y_01-1.png_Gaussian-Median.png
Component: component_1744890208033_446.png
centerX: 0.3222490931076179
centerY: 0.8588537211291702
width: 0.017533252720677146
height: 0.02352437981180496
Area: 0.00015670852111634393
CentroidX: 0.3326
CentroidY: 0.8688
