Location: Y_01-1.png_Otsu.png
Component: component_1744890207472_439.png
centerX: 0.373639661426844
centerY: 0.8592814371257484
width: 0.018137847642079808
height: 0.020102651839178785
Area: 0.0001197294476515961
CentroidX: 0.3845
CentroidY: 0.8673
