Location: Y_01-1.png_Mean-Closing.png
Component: component_1744890207099_68.png
centerX: 0.06952841596130592
centerY: 0.12745936698032506
width: 0.022370012091898428
height: 0.02566295979469632
Area: 0.00017325859595371357
CentroidX: 0.0818
CentroidY: 0.1379
