Location: Y_01-1.png_Otsu.png
Component: component_1744890207266_133.png
centerX: 0.772067714631197
centerY: 0.24593669803250642
width: 0.018137847642079808
height: 0.02523524379811805
Area: 0.000151278027810332
CentroidX: 0.7823
CentroidY: 0.2557
