Location: Y_01-1.png_Otsu.png
Component: component_1744890207495_477.png
centerX: 0.3899637243047158
centerY: 0.9247219846022241
width: 0.018137847642079808
height: 0.01924721984602224
Area: 0.00011042003055557566
CentroidX: 0.4000
CentroidY: 0.9326
