Location: Y_01-1.png_Otsu.png
Component: component_1744890207253_100.png
centerX: 0.2660217654171705
centerY: 0.16766467065868262
width: 0.018137847642079808
height: 0.01924721984602224
Area: 0.00011223019499091297
CentroidX: 0.2760
CentroidY: 0.1758
