Location: Y_02-1.png_Mean-Closing.png
Component: component_1744890208202_167.png
centerX: 0.6239419588875453
centerY: 0.3220701454234388
width: 0.021160822249093107
height: 0.027801539777587682
Area: 0.0001838609876464035
CentroidX: 0.6365
CentroidY: 0.3339
