Location: Y_01-1.png_Mean-Closing.png
Component: component_1744890207156_356.png
centerX: 0.2623941958887545
centerY: 0.7074422583404619
width: 0.016928657799274487
height: 0.021813515825491875
Area: 0.00014274439547231328
CentroidX: 0.2718
CentroidY: 0.7166
