Location: Y_02-1.png_Mean-Closing.png
Component: component_1744890208435_408.png
centerX: 0.5030229746070133
centerY: 0.8152266894781864
width: 0.017533252720677146
height: 0.02737382378100941
Area: 0.00016291479918035753
CentroidX: 0.5136
CentroidY: 0.8261
