Location: Y_01-1.png_Mean-Closing.png
Component: component_1744890207181_476.png
centerX: 0.4274486094316808
centerY: 0.9238665526090676
width: 0.01995163240628779
height: 0.021813515825491875
Area: 0.00013912406660163866
CentroidX: 0.4382
CentroidY: 0.9329
