Location: Y_01-1.png_Otsu.png
Component: component_1744890207487_464.png
centerX: 0.8482466747279322
centerY: 0.9114627887082977
width: 0.015114873035066506
height: 0.0213857998289136
Area: 0.00011791928321625879
CentroidX: 0.8565
CentroidY: 0.9198
