Location: Y_01-1.png_Otsu.png
Component: component_1744890207331_190.png
centerX: 0.6892382103990327
centerY: 0.369546621043627
width: 0.019347037484885126
height: 0.021813515825491875
Area: 0.00013757249708563527
CentroidX: 0.7016
CentroidY: 0.3785
