Location: Y_01-1.png_Mean-Closing.png
Component: component_1744890207097_62.png
centerX: 0.8518742442563483
centerY: 0.12489307100085544
width: 0.018137847642079808
height: 0.02480752780153978
Area: 0.00016937967216370506
CentroidX: 0.8619
CentroidY: 0.1353
