Location: Y_02-1.png_Mean-Closing.png
Component: component_1744890208168_102.png
centerX: 0.8004836759371221
centerY: 0.19674935842600513
width: 0.022370012091898428
height: 0.026518391787852865
Area: 0.0001753273553083848
CentroidX: 0.8136
CentroidY: 0.2070
