Location: Y_02-1.png_Mean-Closing.png
Component: component_1744890208290_245.png
centerX: 0.9546553808948005
centerY: 0.4846022241231822
width: 0.017533252720677146
height: 0.021813515825491875
Area: 0.00015644992619701003
CentroidX: 0.9652
CentroidY: 0.4934
