Location: Y_01-1.png_Mean-Closing.png
Component: component_1744890207092_36.png
centerX: 0.7478839177750907
centerY: 0.05474764756201882
width: 0.019347037484885126
height: 0.020958083832335328
Area: 0.00015644992619701003
CentroidX: 0.7574
CentroidY: 0.0643
