Location: Y_02-1.png_Mean-Closing.png
Component: component_1744890208103_9.png
centerX: 0.3053204353083434
centerY: 0.009837467921300257
width: 0.018742442563482467
height: 0.02352437981180496
Area: 0.00016343198901902536
CentroidX: 0.3164
CentroidY: 0.0190
