Location: Y_01-1.png_Gaussian-Median.png
Component: component_1744890207950_212.png
centerX: 0.8403869407496977
centerY: 0.40547476475620187
width: 0.016928657799274487
height: 0.022241231822070145
Area: 0.0001499850532136625
CentroidX: 0.8505
CentroidY: 0.4146
