Location: Y_02-1.png_Mean-Closing.png
Component: component_1744890208358_335.png
centerX: 0.41777509068923824
centerY: 0.6621043627031651
width: 0.021160822249093107
height: 0.02737382378100941
Area: 0.00020273841675777827
CentroidX: 0.4304
CentroidY: 0.6728
