Location: Y_01-1.png_Mean-Closing.png
Component: component_1744890207131_228.png
centerX: 0.7956469165659008
centerY: 0.44610778443113774
width: 0.018742442563482467
height: 0.02523524379811805
Area: 0.00016007025506768464
CentroidX: 0.8054
CentroidY: 0.4563
