Location: Y_01-1.png_Mean-Closing.png
Component: component_1744890207120_177.png
centerX: 0.36577992744860943
centerY: 0.33276304533789564
width: 0.017533252720677146
height: 0.022668947818648418
Area: 0.0001828266079690679
CentroidX: 0.3753
CentroidY: 0.3425
