Location: Y_02-1.png_Mean-Closing.png
Component: component_1744890208183_131.png
centerX: 0.5689238210399032
centerY: 0.2416595380667237
width: 0.021160822249093107
height: 0.02566295979469632
Area: 0.00016731091280903387
CentroidX: 0.5803
CentroidY: 0.2512
