Location: Y_01-1.png_Mean-Closing.png
Component: component_1744890207143_292.png
centerX: 0.8016928657799275
centerY: 0.5739948674080411
width: 0.01995163240628779
height: 0.029940119760479042
Area: 0.00019368759458109175
CentroidX: 0.8136
CentroidY: 0.5860
