Location: Y_01-1.png_Mean-Closing.png
Component: component_1744890207143_291.png
centerX: 0.7569528415961306
centerY: 0.5739948674080411
width: 0.020556227327690448
height: 0.028656971770744225
Area: 0.0001802406587757289
CentroidX: 0.7688
CentroidY: 0.5855
