Location: Y_01-1.png_Otsu.png
Component: component_1744890207290_157.png
centerX: 0.16444981862152358
centerY: 0.2887082976903336
width: 0.018742442563482467
height: 0.0213857998289136
Area: 0.00012826307998961483
CentroidX: 0.1746
CentroidY: 0.2980
