Location: Y_02-1.png_Mean-Closing.png
Component: component_1744890208202_166.png
centerX: 0.7648125755743652
centerY: 0.3212147134302823
width: 0.019347037484885126
height: 0.026090675791274595
Area: 0.00016937967216370506
CentroidX: 0.7751
CentroidY: 0.3315
