Location: Y_02-1.png_Mean-Closing.png
Component: component_1744890208101_4.png
centerX: 0.2309552599758162
centerY: 0.00855431993156544
width: 0.017533252720677146
height: 0.02480752780153978
Area: 0.00017196562135704408
CentroidX: 0.2407
CentroidY: 0.0185
