Location: Y_01-1.png_Gaussian-Median.png
Component: component_1744890207940_186.png
centerX: 0.022974607013301087
centerY: 0.36655260906757914
width: 0.02176541717049577
height: 0.02566295979469632
Area: 0.00019601494885509687
CentroidX: 0.0357
CentroidY: 0.3778
