Location: Y_01-1.png_Otsu.png
Component: component_1744890207459_402.png
centerX: 0.08585247883917775
centerY: 0.7874251497005988
width: 0.01995163240628779
height: 0.02566295979469632
Area: 0.00014455455990765057
CentroidX: 0.0969
CentroidY: 0.7978
