Location: Y_01-1.png_Mean-Closing.png
Component: component_1744890207162_384.png
centerX: 0.9123337363966143
centerY: 0.7728828058169376
width: 0.02418379685610641
height: 0.023096663815226688
Area: 0.00016912107724437116
CentroidX: 0.9268
CentroidY: 0.7828
