Location: Y_01-1.png_Mean-Closing.png
Component: component_1744890207104_99.png
centerX: 0.848851269649335
centerY: 0.16680923866552608
width: 0.018742442563482467
height: 0.021813515825491875
Area: 0.00015205381256833372
CentroidX: 0.8588
CentroidY: 0.1762
