Location: Y_01-1.png_Mean-Closing.png
Component: component_1744890207168_416.png
centerX: 0.24123337363966144
centerY: 0.8212147134302823
width: 0.021160822249093107
height: 0.02523524379811805
Area: 0.00017739611466305598
CentroidX: 0.2528
CentroidY: 0.8321
