Location: Y_02-1.png_Mean-Closing.png
Component: component_1744890208144_72.png
centerX: 0.4607013301088271
centerY: 0.12745936698032506
width: 0.020556227327690448
height: 0.02480752780153978
Area: 0.0001784304943403916
CentroidX: 0.4729
CentroidY: 0.1374
