Location: Y_01-1.png_Mean-Closing.png
Component: component_1744890207132_232.png
centerX: 0.5374848851269649
centerY: 0.44867408041060736
width: 0.018137847642079808
height: 0.026090675791274595
Area: 0.00018205082321106622
CentroidX: 0.5476
CentroidY: 0.4593
