Location: Y_02-1.png_Mean-Closing.png
Component: component_1744890208476_441.png
centerX: 0.0912938331318017
centerY: 0.8592814371257484
width: 0.018742442563482467
height: 0.02694610778443114
Area: 0.00018877429111374764
CentroidX: 0.1026
CentroidY: 0.8702
