Location: Y_01-1.png_Otsu.png
Component: component_1744890207431_361.png
centerX: 0.07678355501813784
centerY: 0.712147134302823
width: 0.02176541717049577
height: 0.022668947818648418
Area: 0.00013860687676297087
CentroidX: 0.0883
CentroidY: 0.7216
