Location: Y_02-1.png_Mean-Closing.png
Component: component_1744890208301_272.png
centerX: 0.4449818621523579
centerY: 0.5303678357570573
width: 0.022974607013301087
height: 0.026518391787852865
Area: 0.00019342899966175785
CentroidX: 0.4576
CentroidY: 0.5413
