Location: Y_02-1.png_Mean-Closing.png
Component: component_1744890208107_16.png
centerX: 0.7049576783555018
centerY: 0.011548331907613344
width: 0.018137847642079808
height: 0.022668947818648418
Area: 0.00016731091280903387
CentroidX: 0.7149
CentroidY: 0.0207
