Location: Y_01-1.png_Gaussian-Median.png
Component: component_1744890208021_420.png
centerX: 0.45646916565900847
centerY: 0.8195038494439693
width: 0.019347037484885126
height: 0.022668947818648418
Area: 0.00015334678716500322
CentroidX: 0.4684
CentroidY: 0.8288
