Location: Y_01-1.png_Gaussian-Median.png
Component: component_1744890208023_426.png
centerX: 0.28476420798065294
centerY: 0.8220701454234388
width: 0.016928657799274487
height: 0.026518391787852865
Area: 0.00016679372297036607
CentroidX: 0.2949
CentroidY: 0.8329
