Location: Y_01-1.png_Otsu.png
Component: component_1744890207388_284.png
centerX: 0.841596130592503
centerY: 0.5710008554319932
width: 0.019347037484885126
height: 0.02523524379811805
Area: 0.00014817488877832518
CentroidX: 0.8525
CentroidY: 0.5811
