Location: Y_01-1.png_Otsu.png
Component: component_1744890207337_206.png
centerX: 0.8403869407496977
centerY: 0.40547476475620187
width: 0.016928657799274487
height: 0.021813515825491875
Area: 0.0001259357257156097
CentroidX: 0.8506
CentroidY: 0.4145
