Location: Y_01-1.png_Mean-Closing.png
Component: component_1744890207137_263.png
centerX: 0.1608222490931076
centerY: 0.49871685201026517
width: 0.021160822249093107
height: 0.0213857998289136
Area: 0.00016265620426102363
CentroidX: 0.1723
CentroidY: 0.5086
