Location: Y_01-1.png_Otsu.png
Component: component_1744890207332_195.png
centerX: 0.42563482466747277
centerY: 0.3704020530367836
width: 0.018137847642079808
height: 0.024379811804961505
Area: 0.00014015844627897426
CentroidX: 0.4359
CentroidY: 0.3806
