Location: Y_01-1.png_Gaussian-Median.png
Component: component_1744890207759_4.png
centerX: 0.06469165659008465
centerY: 0.0051325919589392645
width: 0.021160822249093107
height: 0.02566295979469632
Area: 0.00018929148095241544
CentroidX: 0.0753
CentroidY: 0.0164
