Location: Y_01-1.png_Gaussian-Median.png
Component: component_1744890207857_52.png
centerX: 0.25634824667472794
centerY: 0.09238665526090675
width: 0.018137847642079808
height: 0.021813515825491875
Area: 0.0001543811668423388
CentroidX: 0.2667
CentroidY: 0.1014
