Location: Y_01-1.png_Otsu.png
Component: component_1744890207471_432.png
centerX: 0.46311970979443773
centerY: 0.8541488451668092
width: 0.018137847642079808
height: 0.02480752780153978
Area: 0.0001450717497463184
CentroidX: 0.4740
CentroidY: 0.8639
