Location: Y_01-1.png_Mean-Closing.png
Component: component_1744890207112_143.png
centerX: 0.8252720677146312
centerY: 0.2844311377245509
width: 0.018742442563482467
height: 0.023952095808383235
Area: 0.00016705231788969997
CentroidX: 0.8352
CentroidY: 0.2944
