Location: Y_02-1.png_Mean-Closing.png
Component: component_1744890208205_179.png
centerX: 0.12454655380894801
centerY: 0.3289136013686912
width: 0.017533252720677146
height: 0.023096663815226688
Area: 0.00015877728047101512
CentroidX: 0.1344
CentroidY: 0.3388
