Location: Y_01-1.png_Mean-Closing.png
Component: component_1744890207128_211.png
centerX: 0.6390568319226119
centerY: 0.4084687767322498
width: 0.019347037484885126
height: 0.02352437981180496
Area: 0.00016343198901902536
CentroidX: 0.6504
CentroidY: 0.4180
