Location: Y_02-1.png_Mean-Closing.png
Component: component_1744890208191_146.png
centerX: 0.5773881499395405
centerY: 0.28186484174508125
width: 0.021160822249093107
height: 0.026518391787852865
Area: 0.00017248281119571187
CentroidX: 0.5896
CentroidY: 0.2923
