Location: Y_02-1.png_Mean-Closing.png
Component: component_1744890208307_278.png
centerX: 0.08827085852478839
centerY: 0.5333618477331052
width: 0.019347037484885126
height: 0.023096663815226688
Area: 0.0001753273553083848
CentroidX: 0.0995
CentroidY: 0.5423
