Location: Y_01-1.png_Mean-Closing.png
Component: component_1744890207159_370.png
centerX: 0.6481257557436517
centerY: 0.7356715141146278
width: 0.020556227327690448
height: 0.022241231822070145
Area: 0.00015282959732633542
CentroidX: 0.6591
CentroidY: 0.7453
