Location: Y_02-1.png_Mean-Closing.png
Component: component_1744890208488_451.png
centerX: 0.29383313180169285
centerY: 0.8909324208725407
width: 0.017533252720677146
height: 0.024379811804961505
Area: 0.00016291479918035753
CentroidX: 0.3045
CentroidY: 0.9007
