Location: Y_02-1.png_Mean-Closing.png
Component: component_1744890208173_113.png
centerX: 0.22430471584038694
centerY: 0.20145423438836613
width: 0.020556227327690448
height: 0.022241231822070145
Area: 0.0001492092684556608
CentroidX: 0.2363
CentroidY: 0.2104
