Location: Y_02-1.png_Mean-Closing.png
Component: component_1744890208106_14.png
centerX: 0.5060459492140266
centerY: 0.0106928999144568
width: 0.016928657799274487
height: 0.026518391787852865
Area: 0.00018515396224307303
CentroidX: 0.5165
CentroidY: 0.0207
