Location: Y_01-1.png_Otsu.png
Component: component_1744890207389_289.png
centerX: 0.47218863361547764
centerY: 0.5748502994011976
width: 0.017533252720677146
height: 0.02737382378100941
Area: 0.00016162182458368804
CentroidX: 0.4821
CentroidY: 0.5861
