Location: Y_01-1.png_Otsu.png
Component: component_1744890207262_126.png
centerX: 0.07315598548972188
centerY: 0.24508126603934988
width: 0.018137847642079808
height: 0.026090675791274595
Area: 0.0001458475345043201
CentroidX: 0.0839
CentroidY: 0.2559
