Location: Y_01-1.png_Mean-Closing.png
Component: component_1744890207182_481.png
centerX: 0.0912938331318017
centerY: 0.927715996578272
width: 0.01995163240628779
height: 0.02523524379811805
Area: 0.00016989686200237286
CentroidX: 0.1016
CentroidY: 0.9387
