Location: Y_01-1.png_Otsu.png
Component: component_1744890207422_331.png
centerX: 0.6457073760580411
centerY: 0.6642429426860564
width: 0.02176541717049577
height: 0.02523524379811805
Area: 0.0001494678633749947
CentroidX: 0.6577
CentroidY: 0.6751
