Location: Y_01-1.png_Gaussian-Median.png
Component: component_1744890207976_297.png
centerX: 0.6559854897218863
centerY: 0.5744225834046194
width: 0.01995163240628779
height: 0.02737382378100941
Area: 0.00017739611466305598
CentroidX: 0.6676
CentroidY: 0.5852
