Location: Y_01-1.png_Otsu.png
Component: component_1744890207465_419.png
centerX: 0.3282950423216445
centerY: 0.8220701454234388
width: 0.016324062877871828
height: 0.02566295979469632
Area: 0.00014041704119830816
CentroidX: 0.3384
CentroidY: 0.8324
