Location: Y_01-1.png_Otsu.png
Component: component_1744890207448_376.png
centerX: 0.28174123337363965
centerY: 0.7446535500427716
width: 0.02176541717049577
height: 0.026090675791274595
Area: 0.000153863977003671
CentroidX: 0.2941
CentroidY: 0.7551
