Location: Y_01-1.png_Otsu.png
Component: component_1744890207494_476.png
centerX: 0.4280532043530834
centerY: 0.9242942686056459
width: 0.018742442563482467
height: 0.0213857998289136
Area: 0.00011481614418425199
CentroidX: 0.4382
CentroidY: 0.9327
