Location: Y_02-1.png_Mean-Closing.png
Component: component_1744890208364_339.png
centerX: 0.3041112454655381
centerY: 0.6633875106928999
width: 0.02176541717049577
height: 0.02737382378100941
Area: 0.00018670553175907642
CentroidX: 0.3157
CentroidY: 0.6745
