Location: Y_01-1.png_Mean-Closing.png
Component: component_1744890207107_116.png
centerX: 0.07073760580411124
centerY: 0.20615911035072712
width: 0.016928657799274487
height: 0.020958083832335328
Area: 0.0001453303446656523
CentroidX: 0.0804
CentroidY: 0.2149
