Location: Y_01-1.png_Mean-Closing.png
Component: component_1744890207104_96.png
centerX: 0.6124546553808948
centerY: 0.16680923866552608
width: 0.020556227327690448
height: 0.020102651839178785
Area: 0.00013679671232763355
CentroidX: 0.6236
CentroidY: 0.1753
