Location: Y_01-1.png_Mean-Closing.png
Component: component_1744890207184_495.png
centerX: 0.3542926239419589
centerY: 0.9572284003421728
width: 0.01995163240628779
height: 0.02480752780153978
Area: 0.00016937967216370506
CentroidX: 0.3655
CentroidY: 0.9674
