Location: Y_01-1.png_Gaussian-Median.png
Component: component_1744890207874_79.png
centerX: 0.5574365175332527
centerY: 0.12959794696321641
width: 0.022370012091898428
height: 0.022241231822070145
Area: 0.00015955306522901684
CentroidX: 0.5691
CentroidY: 0.1389
