Location: Y_01-1.png_Mean-Closing.png
Component: component_1744890207127_209.png
centerX: 0.7932285368802902
centerY: 0.40633019674935844
width: 0.018742442563482467
height: 0.02352437981180496
Area: 0.00016575934329303045
CentroidX: 0.8039
CentroidY: 0.4161
