Location: Y_02-1.png_Mean-Closing.png
Component: component_1744890208150_81.png
centerX: 0.8428053204353083
centerY: 0.16167664670658682
width: 0.01995163240628779
height: 0.023952095808383235
Area: 0.00016343198901902536
CentroidX: 0.8546
CentroidY: 0.1708
