Location: Y_02-1.png_Mean-Closing.png
Component: component_1744890208227_202.png
centerX: 0.8343409915356711
centerY: 0.3964927288280582
width: 0.02599758162031439
height: 0.027801539777587682
Area: 0.00019834230312910196
CentroidX: 0.8489
CentroidY: 0.4073
