Location: Y_01-1.png_Mean-Closing.png
Component: component_1744890207134_245.png
centerX: 0.9008464328899637
centerY: 0.48845166809238666
width: 0.018742442563482467
height: 0.022668947818648418
Area: 0.00015981166014835074
CentroidX: 0.9116
CentroidY: 0.4977
