Location: Y_01-1.png_Otsu.png
Component: component_1744890207502_488.png
centerX: 0.5834340991535671
centerY: 0.9542343883661248
width: 0.019347037484885126
height: 0.02480752780153978
Area: 0.00014300299039164718
CentroidX: 0.5944
CentroidY: 0.9641
