Location: Y_02-1.png_Mean-Closing.png
Component: component_1744890208499_462.png
centerX: 0.49818621523579204
centerY: 0.8964927288280582
width: 0.018742442563482467
height: 0.027801539777587682
Area: 0.00016808669756703556
CentroidX: 0.5097
CentroidY: 0.9068
