Location: Y_01-1.png_Mean-Closing.png
Component: component_1744890207098_65.png
centerX: 0.21221281741233375
centerY: 0.12660393498716851
width: 0.019347037484885126
height: 0.029940119760479042
Area: 0.0001846367724044052
CentroidX: 0.2241
CentroidY: 0.1382
