Location: Y_01-1.png_Otsu.png
Component: component_1744890207464_416.png
centerX: 0.24123337363966144
centerY: 0.8212147134302823
width: 0.020556227327690448
height: 0.02523524379811805
Area: 0.00015722571095501173
CentroidX: 0.2527
CentroidY: 0.8320
