Location: Y_02-1.png_Mean-Closing.png
Component: component_1744890208200_161.png
centerX: 0.9425634824667473
centerY: 0.31479897348160824
width: 0.018137847642079808
height: 0.02737382378100941
Area: 0.0001789476841790594
CentroidX: 0.9539
CentroidY: 0.3253
