Location: Y_01-1.png_Otsu.png
Component: component_1744890207474_445.png
centerX: 0.9437726723095526
centerY: 0.878956372968349
width: 0.017533252720677146
height: 0.024379811804961505
Area: 0.00013860687676297087
CentroidX: 0.9537
CentroidY: 0.8887
