Location: Y_01-1.png_Mean-Closing.png
Component: component_1744890207100_79.png
centerX: 0.5139056831922612
centerY: 0.1300256629597947
width: 0.020556227327690448
height: 0.023096663815226688
Area: 0.00015670852111634393
CentroidX: 0.5244
CentroidY: 0.1404
