Location: Y_01-1.png_Otsu.png
Component: component_1744890207250_94.png
centerX: 0.46795646916565903
centerY: 0.16723695466210436
width: 0.021160822249093107
height: 0.021813515825491875
Area: 0.00013007324442495215
CentroidX: 0.4800
CentroidY: 0.1759
