Location: Y_01-1.png_Mean-Closing.png
Component: component_1744890207115_152.png
centerX: 0.7799274486094316
centerY: 0.2848588537211292
width: 0.021160822249093107
height: 0.024379811804961505
Area: 0.00016653512805103214
CentroidX: 0.7913
CentroidY: 0.2949
