Location: Y_01-1.png_Otsu.png
Component: component_1744890207427_349.png
centerX: 0.7055622732769045
centerY: 0.704448246364414
width: 0.02357920193470375
height: 0.02694610778443114
Area: 0.00016420777377702705
CentroidX: 0.7195
CentroidY: 0.7151
