Location: Y_01-1.png_Gaussian-Median.png
Component: component_1744890207861_66.png
centerX: 0.11729141475211609
centerY: 0.1270316509837468
width: 0.018742442563482467
height: 0.02352437981180496
Area: 0.0001556741414390083
CentroidX: 0.1282
CentroidY: 0.1363
