Location: Y_01-1.png_Otsu.png
Component: component_1744890207428_355.png
centerX: 0.2629987908101572
centerY: 0.7074422583404619
width: 0.016324062877871828
height: 0.021813515825491875
Area: 0.00012309118160293682
CentroidX: 0.2720
CentroidY: 0.7167
