Location: Y_01-1.png_Gaussian-Median.png
Component: component_1744890207937_174.png
centerX: 0.7321644498186215
centerY: 0.32934131736526945
width: 0.018137847642079808
height: 0.026518391787852865
Area: 0.00017662032990505428
CentroidX: 0.7428
CentroidY: 0.3405
