Location: Y_01-1.png_Otsu.png
Component: component_1744890207467_422.png
centerX: 0.09552599758162031
centerY: 0.8246364414029085
width: 0.020556227327690448
height: 0.023952095808383235
Area: 0.0001497264582943286
CentroidX: 0.1063
CentroidY: 0.8341
