Location: Y_01-1.png_Otsu.png
Component: component_1744890207252_98.png
centerX: 0.8494558645707376
centerY: 0.16680923866552608
width: 0.018137847642079808
height: 0.021813515825491875
Area: 0.00012438415619960632
CentroidX: 0.8590
CentroidY: 0.1760
