Location: Y_01-1.png_Otsu.png
Component: component_1744890207464_415.png
centerX: 0.030229746070133012
centerY: 0.8212147134302823
width: 0.02176541717049577
height: 0.028656971770744225
Area: 0.0001828266079690679
CentroidX: 0.0433
CentroidY: 0.8337
