Location: Y_01-1.png_Otsu.png
Component: component_1744890207334_199.png
centerX: 0.11729141475211609
centerY: 0.3738237810094098
width: 0.018742442563482467
height: 0.020958083832335328
Area: 0.00013291778853762504
CentroidX: 0.1275
CentroidY: 0.3825
