Location: Y_01-1.png_Otsu.png
Component: component_1744890207335_201.png
centerX: 0.3573155985489722
centerY: 0.37510692899914455
width: 0.013905683192261185
height: 0.020102651839178785
Area: 0.0001194708527322622
CentroidX: 0.3654
CentroidY: 0.3835
