Location: Y_02-1.png_Mean-Closing.png
Component: component_1744890208167_98.png
centerX: 0.03688029020556227
centerY: 0.1680923866552609
width: 0.015719467956469165
height: 0.019674935842600515
Area: 0.00014015844627897426
CentroidX: 0.0458
CentroidY: 0.1761
