Location: Y_01-1.png_Otsu.png
Component: component_1744890207410_298.png
centerX: 0.21160822249093109
centerY: 0.5765611633875107
width: 0.018137847642079808
height: 0.02523524379811805
Area: 0.00014403737006898277
CentroidX: 0.2218
CentroidY: 0.5869
