Location: Y_01-1.png_Otsu.png
Component: component_1744890207447_375.png
centerX: 0.4105199516324063
centerY: 0.7433704020530368
width: 0.016928657799274487
height: 0.022241231822070145
Area: 0.00012800448507028093
CentroidX: 0.4202
CentroidY: 0.7523
