Location: Y_01-1.png_Otsu.png
Component: component_1744890207472_438.png
centerX: 0.3222490931076179
centerY: 0.8592814371257484
width: 0.017533252720677146
height: 0.023096663815226688
Area: 0.00013783109200496917
CentroidX: 0.3326
CentroidY: 0.8688
