Location: Y_01-1.png_Otsu.png
Component: component_1744890207519_502.png
centerX: 0.20253929866989118
centerY: 0.960650128314799
width: 0.02176541717049577
height: 0.021813515825491875
Area: 0.00015360538208433711
CentroidX: 0.2146
CentroidY: 0.9702
