Location: Y_02-1.png_Mean-Closing.png
Component: component_1744890208474_437.png
centerX: 0.15175332527206772
centerY: 0.8575705731394354
width: 0.018742442563482467
height: 0.02480752780153978
Area: 0.00017377578579238137
CentroidX: 0.1629
CentroidY: 0.8673
