Location: Y_02-1.png_Mean-Closing.png
Component: component_1744890208201_164.png
centerX: 0.8053204353083434
centerY: 0.31993156544054746
width: 0.020556227327690448
height: 0.02694610778443114
Area: 0.0001740343807117153
CentroidX: 0.8166
CentroidY: 0.3303
