Location: Y_01-1.png_Mean-Closing.png
Component: component_1744890207139_273.png
centerX: 0.6553808948004837
centerY: 0.5320786997433704
width: 0.019347037484885126
height: 0.022668947818648418
Area: 0.00016575934329303045
CentroidX: 0.6665
CentroidY: 0.5414
