Location: Y_01-1.png_Otsu.png
Component: component_1744890207382_271.png
centerX: 0.5399032648125756
centerY: 0.5320786997433704
width: 0.018137847642079808
height: 0.0213857998289136
Area: 0.00012697010539294533
CentroidX: 0.5491
CentroidY: 0.5411
