Location: Y_02-1.png_Mean-Closing.png
Component: component_1744890208441_413.png
centerX: 0.8609431680773881
centerY: 0.8152266894781864
width: 0.018742442563482467
height: 0.02352437981180496
Area: 0.0001507608379716642
CentroidX: 0.8716
CentroidY: 0.8249
