Location: Y_01-1.png_Gaussian-Median.png
Component: component_1744890207977_300.png
centerX: 0.7037484885126964
centerY: 0.5748502994011976
width: 0.01995163240628779
height: 0.02737382378100941
Area: 0.0001836023927270696
CentroidX: 0.7162
CentroidY: 0.5855
