Location: Y_02-1.png_Mean-Closing.png
Component: component_1744890208252_216.png
centerX: 0.5429262394195888
centerY: 0.40461933276304535
width: 0.018742442563482467
height: 0.0213857998289136
Area: 0.00016239760934168973
CentroidX: 0.5531
CentroidY: 0.4136
