Location: Y_01-1.png_Gaussian-Median.png
Component: component_1744890207765_10.png
centerX: 0.7351874244256348
centerY: 0.008126603934987169
width: 0.02176541717049577
height: 0.02523524379811805
Area: 0.00015644992619701003
CentroidX: 0.7473
CentroidY: 0.0181
