Location: Y_01-1.png_Otsu.png
Component: component_1744890207514_499.png
centerX: 0.3984280532043531
centerY: 0.9589392643284859
width: 0.022370012091898428
height: 0.023096663815226688
Area: 0.00013446935805362846
CentroidX: 0.4105
CentroidY: 0.9684
