Location: Y_01-1.png_Mean-Closing.png
Component: component_1744890207092_34.png
centerX: 0.46311970979443773
centerY: 0.05474764756201882
width: 0.020556227327690448
height: 0.020958083832335328
Area: 0.00016136322966435414
CentroidX: 0.4738
CentroidY: 0.0634
