Location: Y_01-1.png_Otsu.png
Component: component_1744890207451_384.png
centerX: 0.805925030229746
centerY: 0.7733105218135158
width: 0.020556227327690448
height: 0.02352437981180496
Area: 0.00012852167490894873
CentroidX: 0.8171
CentroidY: 0.7826
