Location: Y_01-1.png_Mean-Closing.png
Component: component_1744890207183_488.png
centerX: 0.5828295042321644
centerY: 0.9542343883661248
width: 0.020556227327690448
height: 0.02523524379811805
Area: 0.0001745515705503831
CentroidX: 0.5944
CentroidY: 0.9643
