Location: Y_01-1.png_Otsu.png
Component: component_1744890207382_272.png
centerX: 0.6559854897218863
centerY: 0.5325064157399487
width: 0.018137847642079808
height: 0.022241231822070145
Area: 0.00013783109200496917
CentroidX: 0.6666
CentroidY: 0.5415
