Location: Y_01-1.png_Mean-Closing.png
Component: component_1744890207099_69.png
centerX: 0.17291414752116083
centerY: 0.12745936698032506
width: 0.020556227327690448
height: 0.024379811804961505
Area: 0.00015774290079367952
CentroidX: 0.1837
CentroidY: 0.1379
