Location: Y_01-1.png_Otsu.png
Component: component_1744890207383_275.png
centerX: 0.2097944377267231
centerY: 0.5337895637296834
width: 0.01995163240628779
height: 0.02352437981180496
Area: 0.00014429596498831667
CentroidX: 0.2205
CentroidY: 0.5444
