Location: Y_02-1.png_Mean-Closing.png
Component: component_1744890208352_327.png
centerX: 0.75453446191052
centerY: 0.6531223267750214
width: 0.022974607013301087
height: 0.027801539777587682
Area: 0.00019317040474242395
CentroidX: 0.7685
CentroidY: 0.6644
