Location: Y_01-1.png_Otsu.png
Component: component_1744890207220_50.png
centerX: 0.25634824667472794
centerY: 0.09238665526090675
width: 0.017533252720677146
height: 0.021813515825491875
Area: 0.00012645291555427754
CentroidX: 0.2667
CentroidY: 0.1014
