Location: Y_02-1.png_Mean-Closing.png
Component: component_1744890208292_251.png
centerX: 0.651148730350665
centerY: 0.4897348160821215
width: 0.02357920193470375
height: 0.023952095808383235
Area: 0.00016524215345436265
CentroidX: 0.6639
CentroidY: 0.4992
