Location: Y_01-1.png_Mean-Closing.png
Component: component_1744890207101_83.png
centerX: 0.11789600967351874
centerY: 0.165098374679213
width: 0.018137847642079808
height: 0.0213857998289136
Area: 0.0001554155465196744
CentroidX: 0.1286
CentroidY: 0.1741
