Location: Y_02-1.png_Mean-Closing.png
Component: component_1744890208109_20.png
centerX: 0.8796856106408706
centerY: 0.013686911890504704
width: 0.016928657799274487
height: 0.022241231822070145
Area: 0.00016653512805103214
CentroidX: 0.8892
CentroidY: 0.0225
