Location: Y_01-1.png_Gaussian-Median.png
Component: component_1744890207858_55.png
centerX: 0.5985489721886336
centerY: 0.09238665526090675
width: 0.019347037484885126
height: 0.020958083832335328
Area: 0.00014791629385899128
CentroidX: 0.6092
CentroidY: 0.1015
