Location: Y_01-1.png_Mean-Closing.png
Component: component_1744890207126_205.png
centerX: 0.8760580411124547
centerY: 0.4050470487596236
width: 0.015114873035066506
height: 0.024379811804961505
Area: 0.00016032884998701854
CentroidX: 0.8850
CentroidY: 0.4149
