Location: Y_01-1.png_Mean-Closing.png
Component: component_1744890207107_115.png
centerX: 0.7587666263603385
centerY: 0.20530367835757057
width: 0.01995163240628779
height: 0.022668947818648418
Area: 0.00015205381256833372
CentroidX: 0.7696
CentroidY: 0.2143
