Location: Y_01-1.png_Gaussian-Median.png
Component: component_1744890207817_24.png
centerX: 0.062273276904474005
centerY: 0.04918733960650128
width: 0.020556227327690448
height: 0.02523524379811805
Area: 0.00016446636869636095
CentroidX: 0.0735
CentroidY: 0.0603
