Location: Y_01-1.png_Otsu.png
Component: component_1744890207339_211.png
centerX: 0.07557436517533253
centerY: 0.4101796407185629
width: 0.018742442563482467
height: 0.02352437981180496
Area: 0.00014015844627897426
CentroidX: 0.0853
CentroidY: 0.4202
