Location: Y_01-1.png_Mean-Closing.png
Component: component_1744890207170_427.png
centerX: 0.8428053204353083
centerY: 0.8451668092386655
width: 0.018742442563482467
height: 0.02694610778443114
Area: 0.0001841195825657374
CentroidX: 0.8537
CentroidY: 0.8561
