Location: Y_01-1.png_Gaussian-Median.png
Component: component_1744890207942_191.png
centerX: 0.42503022974607013
centerY: 0.3699743370402053
width: 0.018742442563482467
height: 0.02523524379811805
Area: 0.00016963826708303896
CentroidX: 0.4358
CentroidY: 0.3807
