Location: Y_01-1.png_Mean-Closing.png
Component: component_1744890207176_457.png
centerX: 0.026602176541717048
centerY: 0.8926432848588537
width: 0.017533252720677146
height: 0.026090675791274595
Area: 0.0001789476841790594
CentroidX: 0.0361
CentroidY: 0.9036
