Location: Y_01-1.png_Otsu.png
Component: component_1744890207340_214.png
centerX: 0.5864570737605804
centerY: 0.41060735671514115
width: 0.017533252720677146
height: 0.020102651839178785
Area: 0.0001186950679742605
CentroidX: 0.5954
CentroidY: 0.4186
