Location: Y_01-1.png_Otsu.png
Component: component_1744890207455_390.png
centerX: 0.6451027811366384
centerY: 0.7754491017964071
width: 0.020556227327690448
height: 0.02566295979469632
Area: 0.0001497264582943286
CentroidX: 0.6555
CentroidY: 0.7862
