Location: Y_01-1.png_Otsu.png
Component: component_1744890207452_387.png
centerX: 0.9129383313180169
centerY: 0.7733105218135158
width: 0.02357920193470375
height: 0.022668947818648418
Area: 0.00014171001579497768
CentroidX: 0.9267
CentroidY: 0.7828
