Location: Y_02-1.png_Mean-Closing.png
Component: component_1744890208298_263.png
centerX: 0.9262394195888755
centerY: 0.5196749358426005
width: 0.016928657799274487
height: 0.024379811804961505
Area: 0.00017351719087304747
CentroidX: 0.9359
CentroidY: 0.5296
