Location: Y_01-1.png_Otsu.png
Component: component_1744890207214_16.png
centerX: 0.8760580411124547
centerY: 0.009409751924721984
width: 0.024788391777509067
height: 0.02523524379811805
Area: 0.00015877728047101512
CentroidX: 0.8885
CentroidY: 0.0205
