Location: Y_01-1.png_Mean-Closing.png
Component: component_1744890207140_278.png
centerX: 0.3391777509068924
centerY: 0.5350727117194183
width: 0.016928657799274487
height: 0.02566295979469632
Area: 0.00017015545692170676
CentroidX: 0.3494
CentroidY: 0.5448
