Location: Y_01-1.png_Mean-Closing.png
Component: component_1744890207159_366.png
centerX: 0.8053204353083434
centerY: 0.7296834901625321
width: 0.021160822249093107
height: 0.0213857998289136
Area: 0.00015903587539034902
CentroidX: 0.8170
CentroidY: 0.7390
