Location: Y_01-1.png_Mean-Closing.png
Component: component_1744890207096_59.png
centerX: 0.6420798065296252
centerY: 0.0932420872540633
width: 0.019347037484885126
height: 0.020102651839178785
Area: 0.00015334678716500322
CentroidX: 0.6524
CentroidY: 0.1020
