Location: Y_01-1.png_Mean-Closing.png
Component: component_1744890207160_372.png
centerX: 0.528415961305925
centerY: 0.739093242087254
width: 0.02176541717049577
height: 0.021813515825491875
Area: 0.00015826009063234732
CentroidX: 0.5394
CentroidY: 0.7483
