Location: Y_02-1.png_Mean-Closing.png
Component: component_1744890208135_59.png
centerX: 0.31680773881499397
centerY: 0.09067579127459367
width: 0.015114873035066506
height: 0.02352437981180496
Area: 0.00015929447030968292
CentroidX: 0.3250
CentroidY: 0.0998
