Location: Y_02-1.png_Mean-Closing.png
Component: component_1744890208515_479.png
centerX: 0.39238210399032647
centerY: 0.9272882805816938
width: 0.016928657799274487
height: 0.026518391787852865
Area: 0.00015670852111634393
CentroidX: 0.4020
CentroidY: 0.9374
