Location: Y_02-1.png_Mean-Closing.png
Component: component_1744890208218_189.png
centerX: 0.685006045949214
centerY: 0.3592814371257485
width: 0.018137847642079808
height: 0.026518391787852865
Area: 0.00017170702643771018
CentroidX: 0.6951
CentroidY: 0.3700
