Location: Y_01-1.png_Mean-Closing.png
Component: component_1744890207106_112.png
centerX: 0.5665054413542926
centerY: 0.20444824636441403
width: 0.017533252720677146
height: 0.02566295979469632
Area: 0.00020092825232244097
CentroidX: 0.5770
CentroidY: 0.2165
