Location: Y_01-1.png_Mean-Closing.png
Component: component_1744890207090_23.png
centerX: 0.062273276904474005
centerY: 0.04918733960650128
width: 0.020556227327690448
height: 0.02480752780153978
Area: 0.00016550074837369655
CentroidX: 0.0734
CentroidY: 0.0602
