Location: Y_01-1.png_Mean-Closing.png
Component: component_1744890207136_254.png
centerX: 0.6934703748488513
centerY: 0.4931565440547476
width: 0.02176541717049577
height: 0.022668947818648418
Area: 0.00016343198901902536
CentroidX: 0.7061
CentroidY: 0.5024
