Location: Y_01-1.png_Mean-Closing.png
Component: component_1744890207102_88.png
centerX: 0.17533252720677148
centerY: 0.16638152266894782
width: 0.016928657799274487
height: 0.022241231822070145
Area: 0.00015593273635834223
CentroidX: 0.1853
CentroidY: 0.1756
