Location: Y_01-1.png_Mean-Closing.png
Component: component_1744890207133_236.png
centerX: 0.3403869407496977
centerY: 0.45551753635585973
width: 0.016928657799274487
height: 0.027801539777587682
Area: 0.00019394618950042565
CentroidX: 0.3504
CentroidY: 0.4676
