Location: Y_01-1.png_Otsu.png
Component: component_1744890207423_336.png
centerX: 0.5792019347037485
centerY: 0.6668092386655261
width: 0.020556227327690448
height: 0.02566295979469632
Area: 0.0001466233192623218
CentroidX: 0.5906
CentroidY: 0.6769
