Location: Y_01-1.png_Mean-Closing.png
Component: component_1744890207136_257.png
centerX: 0.3391777509068924
centerY: 0.49615055603079555
width: 0.018137847642079808
height: 0.022668947818648418
Area: 0.00015670852111634393
CentroidX: 0.3496
CentroidY: 0.5054
