Location: Y_01-1.png_Mean-Closing.png
Component: component_1744890207091_28.png
centerX: 0.5495767835550182
centerY: 0.053464499572284004
width: 0.016928657799274487
height: 0.022668947818648418
Area: 0.00014455455990765057
CentroidX: 0.5590
CentroidY: 0.0634
