Location: Y_01-1.png_Mean-Closing.png
Component: component_1744890207185_498.png
centerX: 0.29866989117291415
centerY: 0.9589392643284859
width: 0.017533252720677146
height: 0.020958083832335328
Area: 0.00013576233265029795
CentroidX: 0.3082
CentroidY: 0.9675
