Location: Y_02-1.png_Mean-Closing.png
Component: component_1744890208404_385.png
centerX: 0.9135429262394196
centerY: 0.7733105218135158
width: 0.02357920193470375
height: 0.026090675791274595
Area: 0.0001830852028884018
CentroidX: 0.9253
CentroidY: 0.7841
