Location: Y_02-1.png_Mean-Closing.png
Component: component_1744890208382_359.png
centerX: 0.3313180169286578
centerY: 0.7040205303678357
width: 0.021160822249093107
height: 0.022668947818648418
Area: 0.00016550074837369655
CentroidX: 0.3439
CentroidY: 0.7129
