Location: Y_02-1.png_Mean-Closing.png
Component: component_1744890208190_139.png
centerX: 0.4153567110036276
centerY: 0.24422583404619333
width: 0.020556227327690448
height: 0.027801539777587682
Area: 0.0001838609876464035
CentroidX: 0.4272
CentroidY: 0.2554
