Location: Y_01-1.png_Otsu.png
Component: component_1744890207420_324.png
centerX: 0.9425634824667473
centerY: 0.655688622754491
width: 0.017533252720677146
height: 0.02694610778443114
Area: 0.00014274439547231328
CentroidX: 0.9535
CentroidY: 0.6666
