Location: Y_02-1.png_Mean-Closing.png
Component: component_1744890208442_415.png
centerX: 0.2992744860943168
centerY: 0.8186484174508126
width: 0.018137847642079808
height: 0.028229255774165955
Area: 0.00017713751974372208
CentroidX: 0.3105
CentroidY: 0.8297
