Location: Y_01-1.png_Otsu.png
Component: component_1744890207367_232.png
centerX: 0.590689238210399
centerY: 0.44867408041060736
width: 0.015719467956469165
height: 0.021813515825491875
Area: 0.00011404035942625028
CentroidX: 0.5999
CentroidY: 0.4575
