Location: Y_01-1.png_Otsu.png
Component: component_1744890207455_392.png
centerX: 0.5223700120918985
centerY: 0.7788708297690333
width: 0.018137847642079808
height: 0.021813515825491875
Area: 0.000122573991764269
CentroidX: 0.5320
CentroidY: 0.7883
