Location: Y_02-1.png_Mean-Closing.png
Component: component_1744890208449_419.png
centerX: 0.2581620314389359
centerY: 0.820786997433704
width: 0.017533252720677146
height: 0.023096663815226688
Area: 0.00016110463474502024
CentroidX: 0.2678
CentroidY: 0.8311
