Location: Y_01-1.png_Otsu.png
Component: component_1744890207213_11.png
centerX: 0.6862152357920194
centerY: 0.008982035928143712
width: 0.01995163240628779
height: 0.020958083832335328
Area: 0.00013214200377962334
CentroidX: 0.6971
CentroidY: 0.0176
