Location: Y_01-1.png_Otsu.png
Component: component_1744890207374_254.png
centerX: 0.5955259975816203
centerY: 0.4940119760479042
width: 0.01995163240628779
height: 0.024379811804961505
Area: 0.00013524514281163015
CentroidX: 0.6068
CentroidY: 0.5042
