Location: Y_01-1.png_Otsu.png
Component: component_1744890207334_200.png
centerX: 0.2974607013301088
centerY: 0.3738237810094098
width: 0.018137847642079808
height: 0.020530367835757058
Area: 0.00012697010539294533
CentroidX: 0.3071
CentroidY: 0.3827
