Location: Y_01-1.png_Gaussian-Median.png
Component: component_1744890207924_138.png
centerX: 0.8512696493349455
centerY: 0.24550898203592814
width: 0.019347037484885126
height: 0.029940119760479042
Area: 0.00018851569619441372
CentroidX: 0.8628
CentroidY: 0.2579
