Location: Y_02-1.png_Mean-Closing.png
Component: component_1744890208484_448.png
centerX: 0.7448609431680774
centerY: 0.8840889649272883
width: 0.017533252720677146
height: 0.021813515825491875
Area: 0.00015670852111634393
CentroidX: 0.7549
CentroidY: 0.8930
