Location: Y_01-1.png_Mean-Closing.png
Component: component_1744890207178_466.png
centerX: 0.9461910519951633
centerY: 0.9144568006843456
width: 0.017533252720677146
height: 0.023952095808383235
Area: 0.00016369058393835925
CentroidX: 0.9571
CentroidY: 0.9236
