Location: Y_01-1.png_Otsu.png
Component: component_1744890207274_145.png
centerX: 0.9419588875453446
centerY: 0.2840034217279726
width: 0.015719467956469165
height: 0.02523524379811805
Area: 0.0001448131548269845
CentroidX: 0.9504
CentroidY: 0.2941
