Location: Y_02-1.png_Mean-Closing.png
Component: component_1744890208123_41.png
centerX: 0.9334945586457074
centerY: 0.08468776732249786
width: 0.016928657799274487
height: 0.023096663815226688
Area: 0.00015619133127767613
CentroidX: 0.9431
CentroidY: 0.0942
