Location: Y_01-1.png_Otsu.png
Component: component_1744890207504_494.png
centerX: 0.7515114873035067
centerY: 0.9563729683490163
width: 0.018137847642079808
height: 0.02566295979469632
Area: 0.00013886547168230477
CentroidX: 0.7618
CentroidY: 0.9666
