Location: Y_01-1.png_Gaussian-Median.png
Component: component_1744890207939_182.png
centerX: 0.36577992744860943
centerY: 0.33276304533789564
width: 0.017533252720677146
height: 0.022668947818648418
Area: 0.00017687892482438818
CentroidX: 0.3754
CentroidY: 0.3426
