Location: Y_01-1.png_Otsu.png
Component: component_1744890207409_296.png
centerX: 0.11970979443772672
centerY: 0.5769888793840889
width: 0.020556227327690448
height: 0.026518391787852865
Area: 0.00014765769893965738
CentroidX: 0.1317
CentroidY: 0.5877
