Location: Y_01-1.png_Mean-Closing.png
Component: component_1744890207093_42.png
centerX: 0.021160822249093107
centerY: 0.08896492728828058
width: 0.018137847642079808
height: 0.02480752780153978
Area: 0.00015308819224566932
CentroidX: 0.0325
CentroidY: 0.0989
