Location: Y_02-1.png_Mean-Closing.png
Component: component_1744890208406_386.png
centerX: 0.7787182587666264
centerY: 0.7754491017964071
width: 0.018742442563482467
height: 0.02480752780153978
Area: 0.00016162182458368804
CentroidX: 0.7896
CentroidY: 0.7853
