Location: Y_02-1.png_Mean-Closing.png
Component: component_1744890208125_49.png
centerX: 0.6577992744860943
centerY: 0.08810949529512403
width: 0.020556227327690448
height: 0.023952095808383235
Area: 0.00015955306522901684
CentroidX: 0.6691
CentroidY: 0.0973
