Location: Y_02-1.png_Mean-Closing.png
Component: component_1744890208289_238.png
centerX: 0.3391777509068924
centerY: 0.45038494439692045
width: 0.015719467956469165
height: 0.020102651839178785
Area: 0.00014765769893965738
CentroidX: 0.3480
CentroidY: 0.4588
