Location: Y_02-1.png_Mean-Closing.png
Component: component_1744890208456_423.png
centerX: 0.9407496977025392
centerY: 0.8408896492728828
width: 0.015719467956469165
height: 0.02566295979469632
Area: 0.00017196562135704408
CentroidX: 0.9496
CentroidY: 0.8512
