Location: Y_02-1.png_Mean-Closing.png
Component: component_1744890208300_271.png
centerX: 0.4939540507859734
centerY: 0.5290846877673225
width: 0.022974607013301087
height: 0.02737382378100941
Area: 0.00019885949296776976
CentroidX: 0.5064
CentroidY: 0.5406
