Location: Y_01-1.png_Otsu.png
Component: component_1744890207486_462.png
centerX: 0.2351874244256348
centerY: 0.8982035928143712
width: 0.020556227327690448
height: 0.022241231822070145
Area: 0.00013188340886028944
CentroidX: 0.2469
CentroidY: 0.9075
