Location: Y_02-1.png_Mean-Closing.png
Component: component_1744890208150_82.png
centerX: 0.8857315598548973
centerY: 0.1621043627031651
width: 0.018137847642079808
height: 0.02523524379811805
Area: 0.00015877728047101512
CentroidX: 0.8968
CentroidY: 0.1720
