Location: Y_01-1.png_Gaussian-Median.png
Component: component_1744890208054_497.png
centerX: 0.48246674727932287
centerY: 0.9550898203592815
width: 0.02539298669891173
height: 0.022668947818648418
Area: 0.00016912107724437116
CentroidX: 0.4954
CentroidY: 0.9641
