Location: Y_01-1.png_Mean-Closing.png
Component: component_1744890207112_142.png
centerX: 0.9032648125755743
centerY: 0.28357570573139435
width: 0.017533252720677146
height: 0.022668947818648418
Area: 0.00015282959732633542
CentroidX: 0.9129
CentroidY: 0.2928
