Location: Y_02-1.png_Mean-Closing.png
Component: component_1744890208356_331.png
centerX: 0.6221281741233373
centerY: 0.6595380667236954
width: 0.02176541717049577
height: 0.02566295979469632
Area: 0.00017610314006638649
CentroidX: 0.6345
CentroidY: 0.6695
