Location: Y_01-1.png_Otsu.png
Component: component_1744890207501_484.png
centerX: 0.8869407496977025
centerY: 0.9508126603934988
width: 0.018137847642079808
height: 0.028229255774165955
Area: 0.00015619133127767613
CentroidX: 0.8969
CentroidY: 0.9615
