Location: Y_01-1.png_Otsu.png
Component: component_1744890207222_56.png
centerX: 0.3615477629987908
centerY: 0.0932420872540633
width: 0.015719467956469165
height: 0.022241231822070145
Area: 0.0001212810171675995
CentroidX: 0.3710
CentroidY: 0.1023
