Location: Y_01-1.png_Otsu.png
Component: component_1744890207220_48.png
centerX: 0.6916565900846433
centerY: 0.09153122326775022
width: 0.018742442563482467
height: 0.019674935842600515
Area: 0.00012774589015094703
CentroidX: 0.7021
CentroidY: 0.0999
