Location: Y_01-1.png_Mean-Closing.png
Component: component_1744890207170_424.png
centerX: 0.9449818621523579
centerY: 0.8430282292557741
width: 0.018742442563482467
height: 0.026518391787852865
Area: 0.00017765470958238988
CentroidX: 0.9559
CentroidY: 0.8537
