Location: Y_01-1.png_Otsu.png
Component: component_1744890207388_286.png
centerX: 0.9008464328899637
centerY: 0.5705731394354149
width: 0.016324062877871828
height: 0.026090675791274595
Area: 0.00014093423103697596
CentroidX: 0.9108
CentroidY: 0.5807
