Location: Y_02-1.png_Mean-Closing.png
Component: component_1744890208468_432.png
centerX: 0.5471584038694075
centerY: 0.8541488451668092
width: 0.01995163240628779
height: 0.02480752780153978
Area: 0.0001794648740177272
CentroidX: 0.5593
CentroidY: 0.8641
