Location: Y_01-1.png_Otsu.png
Component: component_1744890207457_398.png
centerX: 0.19165659008464328
centerY: 0.7844311377245509
width: 0.01995163240628779
height: 0.023952095808383235
Area: 0.00014274439547231328
CentroidX: 0.2029
CentroidY: 0.7940
