Location: Y_02-1.png_Mean-Closing.png
Component: component_1744890208100_2.png
centerX: 0.07557436517533253
centerY: 0.00641573994867408
width: 0.018137847642079808
height: 0.02737382378100941
Area: 0.00019730792345176636
CentroidX: 0.0854
CentroidY: 0.0168
