Location: Y_01-1.png_Mean-Closing.png
Component: component_1744890207095_53.png
centerX: 0.4619105199516324
centerY: 0.09238665526090675
width: 0.020556227327690448
height: 0.0213857998289136
Area: 0.00016239760934168973
CentroidX: 0.4733
CentroidY: 0.1012
