Location: Y_01-1.png_Otsu.png
Component: component_1744890207259_120.png
centerX: 0.6632406287787183
centerY: 0.20829769033361847
width: 0.018137847642079808
height: 0.017536355859709155
Area: 0.00011455754926491809
CentroidX: 0.6728
CentroidY: 0.2160
