Location: Y_01-1.png_Otsu.png
Component: component_1744890207433_368.png
centerX: 0.7599758162031439
centerY: 0.7318220701454234
width: 0.020556227327690448
height: 0.02566295979469632
Area: 0.00015670852111634393
CentroidX: 0.7710
CentroidY: 0.7421
