Location: Y_01-1.png_Mean-Closing.png
Component: component_1744890207130_218.png
centerX: 0.25151148730350664
centerY: 0.4127459366980325
width: 0.016324062877871828
height: 0.026090675791274595
Area: 0.000174810165469717
CentroidX: 0.2609
CentroidY: 0.4231
