Location: Y_01-1.png_Otsu.png
Component: component_1744890207256_114.png
centerX: 0.7587666263603385
centerY: 0.20530367835757057
width: 0.01995163240628779
height: 0.022668947818648418
Area: 0.00012748729523161313
CentroidX: 0.7696
CentroidY: 0.2142
