Location: Y_02-1.png_Mean-Closing.png
Component: component_1744890208284_226.png
centerX: 0.6928657799274486
centerY: 0.4435414884516681
width: 0.019347037484885126
height: 0.02523524379811805
Area: 0.00016963826708303896
CentroidX: 0.7031
CentroidY: 0.4536
