Location: Y_02-1.png_Mean-Closing.png
Component: component_1744890208527_496.png
centerX: 0.44740024183796856
centerY: 0.9589392643284859
width: 0.018742442563482467
height: 0.02480752780153978
Area: 0.00015257100240700152
CentroidX: 0.4578
CentroidY: 0.9691
