Location: Y_01-1.png_Mean-Closing.png
Component: component_1744890207166_406.png
centerX: 0.9498186215235792
centerY: 0.8139435414884517
width: 0.015719467956469165
height: 0.022668947818648418
Area: 0.0001507608379716642
CentroidX: 0.9590
CentroidY: 0.8232
