Location: Y_02-1.png_Mean-Closing.png
Component: component_1744890208099_1.png
centerX: 0.02599758162031439
centerY: 0.00641573994867408
width: 0.017533252720677146
height: 0.026518391787852865
Area: 0.00018644693683974253
CentroidX: 0.0365
CentroidY: 0.0166
