Location: Y_01-1.png_Gaussian-Median.png
Component: component_1744890207923_134.png
centerX: 0.21100362756952842
centerY: 0.24593669803250642
width: 0.018137847642079808
height: 0.02480752780153978
Area: 0.00016679372297036607
CentroidX: 0.2213
CentroidY: 0.2565
