Location: Y_02-1.png_Mean-Closing.png
Component: component_1744890208357_332.png
centerX: 0.18561064087061668
centerY: 0.6616766467065869
width: 0.019347037484885126
height: 0.026518391787852865
Area: 0.0001807578486143967
CentroidX: 0.1972
CentroidY: 0.6725
