Location: Y_01-1.png_Gaussian-Median.png
Component: component_1744890207954_224.png
centerX: 0.42623941958887546
centerY: 0.4127459366980325
width: 0.019347037484885126
height: 0.023952095808383235
Area: 0.00015748430587434563
CentroidX: 0.4374
CentroidY: 0.4224
