Location: Y_01-1.png_Gaussian-Median.png
Component: component_1744890208067_507.png
centerX: 0.3984280532043531
centerY: 0.9589392643284859
width: 0.022974607013301087
height: 0.023096663815226688
Area: 0.00016420777377702705
CentroidX: 0.4107
CentroidY: 0.9685
