Location: Y_02-1.png_Mean-Closing.png
Component: component_1744890208292_254.png
centerX: 0.2914147521160822
centerY: 0.49101796407185627
width: 0.018742442563482467
height: 0.02694610778443114
Area: 0.00017041405184104068
CentroidX: 0.3036
CentroidY: 0.5017
