Location: Y_02-1.png_Mean-Closing.png
Component: component_1744890208436_410.png
centerX: 0.6033857315598549
centerY: 0.8156544054747648
width: 0.021160822249093107
height: 0.0213857998289136
Area: 0.00016420777377702705
CentroidX: 0.6152
CentroidY: 0.8241
