Location: Y_02-1.png_Mean-Closing.png
Component: component_1744890208333_320.png
centerX: 0.08524788391777509
centerY: 0.6201881950384944
width: 0.021160822249093107
height: 0.023096663815226688
Area: 0.00016679372297036607
CentroidX: 0.0971
CentroidY: 0.6299
