Location: Y_01-1.png_Otsu.png
Component: component_1744890207471_433.png
centerX: 0.5163240628778718
centerY: 0.8545765611633875
width: 0.020556227327690448
height: 0.02566295979469632
Area: 0.00014352018023031497
CentroidX: 0.5278
CentroidY: 0.8658
