Location: Y_02-1.png_Mean-Closing.png
Component: component_1744890208283_224.png
centerX: 0.8833131801692866
centerY: 0.4422583404619333
width: 0.020556227327690448
height: 0.02523524379811805
Area: 0.0001836023927270696
CentroidX: 0.8944
CentroidY: 0.4526
