Location: Y_02-1.png_Mean-Closing.png
Component: component_1744890208249_212.png
centerX: 0.4800483675937122
centerY: 0.4041916167664671
width: 0.019347037484885126
height: 0.022668947818648418
Area: 0.00016472496361569485
CentroidX: 0.4907
CentroidY: 0.4137
