Location: Y_01-1.png_Otsu.png
Component: component_1744890207222_54.png
centerX: 0.7503022974607013
centerY: 0.09238665526090675
width: 0.019347037484885126
height: 0.02523524379811805
Area: 0.00013886547168230477
CentroidX: 0.7606
CentroidY: 0.1027
