Location: Y_01-1.png_Mean-Closing.png
Component: component_1744890207141_283.png
centerX: 0.16384522370012092
centerY: 0.5372112917023096
width: 0.021160822249093107
height: 0.020530367835757058
Area: 0.00015360538208433711
CentroidX: 0.1760
CentroidY: 0.5458
