Location: Y_01-1.png_Otsu.png
Component: component_1744890207220_49.png
centerX: 0.841596130592503
centerY: 0.09153122326775022
width: 0.022370012091898428
height: 0.020530367835757058
Area: 0.00013343497837629283
CentroidX: 0.8519
CentroidY: 0.1005
