Location: Y_02-1.png_Mean-Closing.png
Component: component_1744890208177_126.png
centerX: 0.7025392986698912
centerY: 0.23909324208725408
width: 0.018137847642079808
height: 0.026090675791274595
Area: 0.0001804992536950628
CentroidX: 0.7131
CentroidY: 0.2495
