Location: Y_01-1.png_Gaussian-Median.png
Component: component_1744890208054_498.png
centerX: 0.6366384522370012
centerY: 0.9546621043627032
width: 0.022370012091898428
height: 0.022241231822070145
Area: 0.0001510194328909981
CentroidX: 0.6488
CentroidY: 0.9634
