Location: Y_01-1.png_Mean-Closing.png
Component: component_1744890207115_148.png
centerX: 0.533857315598549
centerY: 0.28528656971770744
width: 0.02357920193470375
height: 0.02566295979469632
Area: 0.00018748131651707812
CentroidX: 0.5462
CentroidY: 0.2961
