Location: Y_01-1.png_Otsu.png
Component: component_1744890207275_147.png
centerX: 0.592503022974607
centerY: 0.28528656971770744
width: 0.021160822249093107
height: 0.023096663815226688
Area: 0.00012903886474761652
CentroidX: 0.6037
CentroidY: 0.2946
