Location: Y_01-1.png_Mean-Closing.png
Component: component_1744890207164_392.png
centerX: 0.5223700120918985
centerY: 0.7788708297690333
width: 0.018742442563482467
height: 0.021813515825491875
Area: 0.000151278027810332
CentroidX: 0.5319
CentroidY: 0.7883
