Location: Y_01-1.png_Mean-Closing.png
Component: component_1744890207126_203.png
centerX: 0.907496977025393
centerY: 0.4033361847733105
width: 0.015114873035066506
height: 0.02352437981180496
Area: 0.00016007025506768464
CentroidX: 0.9163
CentroidY: 0.4126
