Location: Y_01-1.png_Gaussian-Median.png
Component: component_1744890207874_77.png
centerX: 0.2581620314389359
centerY: 0.12917023096663816
width: 0.02176541717049577
height: 0.024379811804961505
Area: 0.00016058744490635244
CentroidX: 0.2711
CentroidY: 0.1392
