Location: Y_02-1.png_Mean-Closing.png
Component: component_1744890208358_333.png
centerX: 0.24486094316807738
centerY: 0.6616766467065869
width: 0.020556227327690448
height: 0.027801539777587682
Area: 0.00019472197425842735
CentroidX: 0.2569
CentroidY: 0.6730
