Location: Y_02-1.png_Mean-Closing.png
Component: component_1744890208290_243.png
centerX: 0.9256348246674728
centerY: 0.48374679213002564
width: 0.01995163240628779
height: 0.020958083832335328
Area: 0.00015334678716500322
CentroidX: 0.9366
CentroidY: 0.4920
