Location: Y_01-1.png_Mean-Closing.png
Component: component_1744890207152_337.png
centerX: 0.5792019347037485
centerY: 0.6663815226689478
width: 0.021160822249093107
height: 0.026090675791274595
Area: 0.00018230941813040011
CentroidX: 0.5905
CentroidY: 0.6770
