Location: Y_01-1.png_Otsu.png
Component: component_1744890207366_231.png
centerX: 0.5374848851269649
centerY: 0.44867408041060736
width: 0.017533252720677146
height: 0.02566295979469632
Area: 0.00014765769893965738
CentroidX: 0.5475
CentroidY: 0.4593
