Location: Y_02-1.png_Mean-Closing.png
Component: component_1744890208326_307.png
centerX: 0.5145102781136639
centerY: 0.6082121471343028
width: 0.022370012091898428
height: 0.03122326775021386
Area: 0.00019110164538775273
CentroidX: 0.5264
CentroidY: 0.6209
