Location: Y_01-1.png_Mean-Closing.png
Component: component_1744890207163_389.png
centerX: 0.7563482466747279
centerY: 0.7741659538066724
width: 0.024788391777509067
height: 0.02480752780153978
Area: 0.00016550074837369655
CentroidX: 0.7689
CentroidY: 0.7846
