Location: Y_01-1.png_Mean-Closing.png
Component: component_1744890207141_281.png
centerX: 0.41717049576783555
centerY: 0.5359281437125748
width: 0.017533252720677146
height: 0.02352437981180496
Area: 0.00016265620426102363
CentroidX: 0.4270
CentroidY: 0.5454
