Location: Y_02-1.png_Mean-Closing.png
Component: component_1744890208528_497.png
centerX: 0.6432889963724304
centerY: 0.9589392643284859
width: 0.017533252720677146
height: 0.02480752780153978
Area: 0.00016653512805103214
CentroidX: 0.6535
CentroidY: 0.9690
