Location: Y_01-1.png_Otsu.png
Component: component_1744890207471_436.png
centerX: 0.23337363966142685
centerY: 0.8588537211291702
width: 0.022974607013301087
height: 0.026090675791274595
Area: 0.0001489506735363269
CentroidX: 0.2459
CentroidY: 0.8691
