Location: Y_01-1.png_Gaussian-Median.png
Component: component_1744890207856_50.png
centerX: 0.4619105199516324
centerY: 0.09195893926432848
width: 0.020556227327690448
height: 0.021813515825491875
Area: 0.00016498355853502875
CentroidX: 0.4733
CentroidY: 0.1011
