Location: Y_01-1.png_Mean-Closing.png
Component: component_1744890207181_478.png
centerX: 0.3899637243047158
centerY: 0.9247219846022241
width: 0.018137847642079808
height: 0.01924721984602224
Area: 0.00013265919361829114
CentroidX: 0.3998
CentroidY: 0.9326
