Location: Y_01-1.png_Otsu.png
Component: component_1744890207254_105.png
centerX: 0.7986698911729141
centerY: 0.20402053036783577
width: 0.01995163240628779
height: 0.02352437981180496
Area: 0.00013136621902162164
CentroidX: 0.8098
CentroidY: 0.2133
