Location: Y_01-1.png_Otsu.png
Component: component_1744890207360_223.png
centerX: 0.8422007255139057
centerY: 0.44268605645851156
width: 0.019347037484885126
height: 0.023096663815226688
Area: 0.00012903886474761652
CentroidX: 0.8522
CentroidY: 0.4519
