Location: Y_02-1.png_Mean-Closing.png
Component: component_1744890208432_406.png
centerX: 0.7370012091898428
centerY: 0.8143712574850299
width: 0.016928657799274487
height: 0.02480752780153978
Area: 0.00015826009063234732
CentroidX: 0.7474
CentroidY: 0.8240
