Location: Y_01-1.png_Mean-Closing.png
Component: component_1744890207128_214.png
centerX: 0.535671100362757
centerY: 0.4101796407185629
width: 0.018742442563482467
height: 0.017964071856287425
Area: 0.00013989985135964036
CentroidX: 0.5454
CentroidY: 0.4177
