Location: Y_01-1.png_Otsu.png
Component: component_1744890207289_154.png
centerX: 0.07678355501813784
centerY: 0.2865697177074423
width: 0.018742442563482467
height: 0.026090675791274595
Area: 0.0001471405091009896
CentroidX: 0.0870
CentroidY: 0.2971
