Location: Y_01-1.png_Otsu.png
Component: component_1744890207456_396.png
centerX: 0.23639661426844014
centerY: 0.7835757057313943
width: 0.021160822249093107
height: 0.026090675791274595
Area: 0.00014791629385899128
CentroidX: 0.2485
CentroidY: 0.7945
