Location: Y_01-1.png_Mean-Closing.png
Component: component_1744890207133_237.png
centerX: 0.42503022974607013
centerY: 0.45551753635585973
width: 0.018742442563482467
height: 0.023952095808383235
Area: 0.00015877728047101512
CentroidX: 0.4360
CentroidY: 0.4652
