Location: Y_01-1.png_Mean-Closing.png
Component: component_1744890207095_49.png
centerX: 0.841596130592503
centerY: 0.09153122326775022
width: 0.022370012091898428
height: 0.020530367835757058
Area: 0.0001548983566810066
CentroidX: 0.8520
CentroidY: 0.1006
