Location: Y_02-1.png_Mean-Closing.png
Component: component_1744890208176_123.png
centerX: 0.8464328899637243
centerY: 0.23738237810094098
width: 0.02418379685610641
height: 0.026090675791274595
Area: 0.00019394618950042565
CentroidX: 0.8610
CentroidY: 0.2483
