Location: Y_01-1.png_Otsu.png
Component: component_1744890207257_116.png
centerX: 0.469770253929867
centerY: 0.20744225834046193
width: 0.015114873035066506
height: 0.01924721984602224
Area: 0.0001223153968449351
CentroidX: 0.4780
CentroidY: 0.2161
