Location: Y_01-1.png_Mean-Closing.png
Component: component_1744890207110_133.png
centerX: 0.7261185006045949
centerY: 0.24550898203592814
width: 0.022370012091898428
height: 0.02566295979469632
Area: 0.00017274140611504577
CentroidX: 0.7376
CentroidY: 0.2559
