Location: Y_01-1.png_Otsu.png
Component: component_1744890207218_40.png
centerX: 0.8712212817412334
centerY: 0.05859709153122327
width: 0.020556227327690448
height: 0.021813515825491875
Area: 0.00013705530724696745
CentroidX: 0.8814
CentroidY: 0.0676
