Location: Y_01-1.png_Otsu.png
Component: component_1744890207337_205.png
centerX: 0.941354292623942
centerY: 0.4050470487596236
width: 0.016324062877871828
height: 0.020530367835757058
Area: 0.00011998804257093001
CentroidX: 0.9514
CentroidY: 0.4132
