Location: Y_01-1.png_Mean-Closing.png
Component: component_1744890207137_260.png
centerX: 0.2097944377267231
centerY: 0.4974337040205304
width: 0.018137847642079808
height: 0.02566295979469632
Area: 0.00016782810264770167
CentroidX: 0.2198
CentroidY: 0.5085
