Location: Y_01-1.png_Mean-Closing.png
Component: component_1744890207163_387.png
centerX: 0.879081015719468
centerY: 0.7733105218135158
width: 0.02357920193470375
height: 0.02480752780153978
Area: 0.00017196562135704408
CentroidX: 0.8920
CentroidY: 0.7830
