Location: Y_01-1.png_Gaussian-Median.png
Component: component_1744890207860_58.png
centerX: 0.5096735187424426
centerY: 0.0932420872540633
width: 0.02176541717049577
height: 0.01924721984602224
Area: 0.0001499850532136625
CentroidX: 0.5213
CentroidY: 0.1014
