Location: Y_01-1.png_Mean-Closing.png
Component: component_1744890207140_279.png
centerX: 0.07496977025392987
centerY: 0.5355004277159966
width: 0.021160822249093107
height: 0.02352437981180496
Area: 0.00015334678716500322
CentroidX: 0.0861
CentroidY: 0.5459
