Location: Y_02-1.png_Mean-Closing.png
Component: component_1744890208358_334.png
centerX: 0.5272067714631197
centerY: 0.6612489307100086
width: 0.02357920193470375
height: 0.03165098374679213
Area: 0.00019808370820976806
CentroidX: 0.5407
CentroidY: 0.6735
