Location: Y_02-1.png_Mean-Closing.png
Component: component_1744890208183_130.png
centerX: 0.12515114873035066
centerY: 0.24123182207014543
width: 0.020556227327690448
height: 0.02694610778443114
Area: 0.00016808669756703556
CentroidX: 0.1372
CentroidY: 0.2521
