Location: Y_02-1.png_Mean-Closing.png
Component: component_1744890208194_155.png
centerX: 0.32466747279322855
centerY: 0.2857142857142857
width: 0.02176541717049577
height: 0.022241231822070145
Area: 0.00016756950772836777
CentroidX: 0.3359
CentroidY: 0.2950
