Location: Y_01-1.png_Otsu.png
Component: component_1744890207219_41.png
centerX: 0.021160822249093107
centerY: 0.08896492728828058
width: 0.017533252720677146
height: 0.024379811804961505
Area: 0.0001259357257156097
CentroidX: 0.0325
CentroidY: 0.0989
