Location: Y_02-1.png_Mean-Closing.png
Component: component_1744890208101_5.png
centerX: 0.6541717049576784
centerY: 0.008982035928143712
width: 0.018137847642079808
height: 0.022668947818648418
Area: 0.00016394917885769315
CentroidX: 0.6643
CentroidY: 0.0184
