Location: Y_02-1.png_Mean-Closing.png
Component: component_1744890208284_227.png
centerX: 0.8004836759371221
centerY: 0.4431137724550898
width: 0.01995163240628779
height: 0.026518391787852865
Area: 0.00018230941813040011
CentroidX: 0.8111
CentroidY: 0.4540
