Location: Y_02-1.png_Mean-Closing.png
Component: component_1744890208526_494.png
centerX: 0.19347037484885127
centerY: 0.9580838323353293
width: 0.018137847642079808
height: 0.023096663815226688
Area: 0.0001505022430523303
CentroidX: 0.2033
CentroidY: 0.9676
