Location: Y_01-1.png_Mean-Closing.png
Component: component_1744890207168_415.png
centerX: 0.02962515114873035
centerY: 0.8212147134302823
width: 0.022370012091898428
height: 0.028656971770744225
Area: 0.00021954708651448183
CentroidX: 0.0433
CentroidY: 0.8337
