Location: Y_02-1.png_Mean-Closing.png
Component: component_1744890208227_201.png
centerX: 0.8784764207980653
centerY: 0.3947818648417451
width: 0.022974607013301087
height: 0.026518391787852865
Area: 0.00018773991143641202
CentroidX: 0.8915
CentroidY: 0.4055
