Location: Y_01-1.png_Otsu.png
Component: component_1744890207415_307.png
centerX: 0.8065296251511487
centerY: 0.6171941830624466
width: 0.015114873035066506
height: 0.02566295979469632
Area: 0.00013343497837629283
CentroidX: 0.8152
CentroidY: 0.6276
