Location: Y_01-1.png_Otsu.png
Component: component_1744890207256_111.png
centerX: 0.5671100362756953
centerY: 0.20444824636441403
width: 0.016324062877871828
height: 0.02566295979469632
Area: 0.00016550074837369655
CentroidX: 0.5770
CentroidY: 0.2167
