Location: Y_01-1.png_Otsu.png
Component: component_1744890207340_213.png
centerX: 0.47762998790810157
centerY: 0.41060735671514115
width: 0.013905683192261185
height: 0.020102651839178785
Area: 0.00012283258668360292
CentroidX: 0.4858
CentroidY: 0.4188
