Location: Y_02-1.png_Mean-Closing.png
Component: component_1744890208309_285.png
centerX: 0.7738814993954051
centerY: 0.5680068434559452
width: 0.02720677146311971
height: 0.024379811804961505
Area: 0.0001802406587757289
CentroidX: 0.7891
CentroidY: 0.5780
