Location: Y_01-1.png_Otsu.png
Component: component_1744890207336_202.png
centerX: 0.907496977025393
centerY: 0.4033361847733105
width: 0.015114873035066506
height: 0.02352437981180496
Area: 0.00013369357329562673
CentroidX: 0.9165
CentroidY: 0.4126
