Location: Y_01-1.png_Mean-Closing.png
Component: component_1744890207136_256.png
centerX: 0.07557436517533253
centerY: 0.4948674080410607
width: 0.019347037484885126
height: 0.024379811804961505
Area: 0.00016705231788969997
CentroidX: 0.0851
CentroidY: 0.5060
