Location: Y_01-1.png_Mean-Closing.png
Component: component_1744890207091_30.png
centerX: 0.41293833131801694
centerY: 0.05431993156544055
width: 0.018742442563482467
height: 0.02352437981180496
Area: 0.00016860388740570336
CentroidX: 0.4225
CentroidY: 0.0644
