Location: Y_02-1.png_Mean-Closing.png
Component: component_1744890208168_104.png
centerX: 0.7097944377267231
centerY: 0.19803250641573994
width: 0.020556227327690448
height: 0.02566295979469632
Area: 0.00016317339409969146
CentroidX: 0.7222
CentroidY: 0.2079
