Location: Y_01-1.png_Otsu.png
Component: component_1744890207224_63.png
centerX: 0.9347037484885127
centerY: 0.12489307100085544
width: 0.018137847642079808
height: 0.023952095808383235
Area: 0.00013240059869895724
CentroidX: 0.9449
CentroidY: 0.1349
