Location: Y_02-1.png_Mean-Closing.png
Component: component_1744890208375_353.png
centerX: 0.44740024183796856
centerY: 0.7010265183917879
width: 0.02176541717049577
height: 0.023096663815226688
Area: 0.00017170702643771018
CentroidX: 0.4594
CentroidY: 0.7110
