Location: Y_01-1.png_Otsu.png
Component: component_1744890207468_429.png
centerX: 0.6977025392986699
centerY: 0.8494439692044482
width: 0.02176541717049577
height: 0.024379811804961505
Area: 0.0001497264582943286
CentroidX: 0.7098
CentroidY: 0.8591
