Location: Y_02-1.png_Mean-Closing.png
Component: component_1744890208493_459.png
centerX: 0.3905683192261185
centerY: 0.893071000855432
width: 0.017533252720677146
height: 0.028656971770744225
Area: 0.00017093124167970848
CentroidX: 0.4007
CentroidY: 0.9039
