Location: Y_01-1.png_Mean-Closing.png
Component: component_1744890207182_483.png
centerX: 0.8524788391777509
centerY: 0.9499572284003421
width: 0.015114873035066506
height: 0.02352437981180496
Area: 0.00016627653313169824
CentroidX: 0.8608
CentroidY: 0.9594
