Location: Y_02-1.png_Mean-Closing.png
Component: component_1744890208193_151.png
centerX: 0.5308343409915357
centerY: 0.28357570573139435
width: 0.019347037484885126
height: 0.023952095808383235
Area: 0.00016188041950302194
CentroidX: 0.5412
CentroidY: 0.2933
