Location: Y_01-1.png_Mean-Closing.png
Component: component_1744890207154_345.png
centerX: 0.9171704957678356
centerY: 0.6976047904191617
width: 0.015719467956469165
height: 0.026518391787852865
Area: 0.00016860388740570336
CentroidX: 0.9265
CentroidY: 0.7083
