Location: Y_01-1.png_Otsu.png
Component: component_1744890207432_367.png
centerX: 0.8827085852478839
centerY: 0.7309666381522669
width: 0.018742442563482467
height: 0.018391787852865698
Area: 0.0001212810171675995
CentroidX: 0.8930
CentroidY: 0.7386
