Location: Y_01-1.png_Mean-Closing.png
Component: component_1744890207101_84.png
centerX: 0.7073760580411125
centerY: 0.16552609067579127
width: 0.022370012091898428
height: 0.02523524379811805
Area: 0.000174810165469717
CentroidX: 0.7199
CentroidY: 0.1759
