Location: Y_01-1.png_Mean-Closing.png
Component: component_1744890207131_229.png
centerX: 0.747279322853688
centerY: 0.4473909324208725
width: 0.015719467956469165
height: 0.020958083832335328
Area: 0.0001458475345043201
CentroidX: 0.7557
CentroidY: 0.4559
