Location: Y_02-1.png_Mean-Closing.png
Component: component_1744890208110_22.png
centerX: 0.03083434099153567
centerY: 0.04790419161676647
width: 0.017533252720677146
height: 0.026090675791274595
Area: 0.00017351719087304747
CentroidX: 0.0413
CentroidY: 0.0585
