Location: Y_01-1.png_Otsu.png
Component: component_1744890207248_87.png
centerX: 0.3651753325272068
centerY: 0.16595380667236956
width: 0.019347037484885126
height: 0.019674935842600515
Area: 0.0001166263086195893
CentroidX: 0.3753
CentroidY: 0.1753
