Location: Y_01-1.png_Mean-Closing.png
Component: component_1744890207140_277.png
centerX: 0.250906892382104
centerY: 0.5346449957228401
width: 0.016928657799274487
height: 0.022241231822070145
Area: 0.00014352018023031497
CentroidX: 0.2605
CentroidY: 0.5439
