Location: Y_01-1.png_Otsu.png
Component: component_1744890207415_308.png
centerX: 0.8385731559854898
centerY: 0.6171941830624466
width: 0.016928657799274487
height: 0.02694610778443114
Area: 0.0001484334836976591
CentroidX: 0.8483
CentroidY: 0.6281
