Location: Y_01-1.png_Otsu.png
Component: component_1744890207421_325.png
centerX: 0.847037484885127
centerY: 0.6569717707442259
width: 0.018137847642079808
height: 0.023096663815226688
Area: 0.00013679671232763355
CentroidX: 0.8574
CentroidY: 0.6661
