Location: Y_01-1.png_Mean-Closing.png
Component: component_1744890207106_110.png
centerX: 0.9371221281741233
centerY: 0.20359281437125748
width: 0.021160822249093107
height: 0.023952095808383235
Area: 0.00017713751974372208
CentroidX: 0.9483
CentroidY: 0.2136
