Location: Y_02-1.png_Mean-Closing.png
Component: component_1744890208332_318.png
centerX: 0.04353083434099154
centerY: 0.6189050470487596
width: 0.019347037484885126
height: 0.027801539777587682
Area: 0.00017067264676037458
CentroidX: 0.0549
CentroidY: 0.6304
