Location: Y_01-1.png_Gaussian-Median.png
Component: component_1744890208009_383.png
centerX: 0.4105199516324063
centerY: 0.7429426860564585
width: 0.017533252720677146
height: 0.023096663815226688
Area: 0.0001551569516003405
CentroidX: 0.4201
CentroidY: 0.7523
