Location: Y_02-1.png_Mean-Closing.png
Component: component_1744890208485_450.png
centerX: 0.6444981862152358
centerY: 0.8887938408896493
width: 0.018742442563482467
height: 0.022668947818648418
Area: 0.00016084603982568634
CentroidX: 0.6556
CentroidY: 0.8980
