Location: Y_01-1.png_Gaussian-Median.png
Component: component_1744890207860_61.png
centerX: 0.9226118500604595
centerY: 0.0932420872540633
width: 0.02357920193470375
height: 0.020530367835757058
Area: 0.0001507608379716642
CentroidX: 0.9349
CentroidY: 0.1019
