Location: Y_02-1.png_Mean-Closing.png
Component: component_1744890208469_433.png
centerX: 0.4939540507859734
centerY: 0.8545765611633875
width: 0.018137847642079808
height: 0.028656971770744225
Area: 0.00017636173498572038
CentroidX: 0.5046
CentroidY: 0.8658
