Location: Y_02-1.png_Mean-Closing.png
Component: component_1744890208381_358.png
centerX: 0.282950423216445
centerY: 0.7040205303678357
width: 0.019347037484885126
height: 0.02566295979469632
Area: 0.0001745515705503831
CentroidX: 0.2950
CentroidY: 0.7140
