Location: Y_01-1.png_Otsu.png
Component: component_1744890207382_269.png
centerX: 0.7938331318016929
centerY: 0.5286569717707442
width: 0.018742442563482467
height: 0.023952095808383235
Area: 0.00013550373773096405
CentroidX: 0.8050
CentroidY: 0.5384
