Location: Y_01-1.png_Otsu.png
Component: component_1744890207214_15.png
centerX: 0.7762998790810157
centerY: 0.009409751924721984
width: 0.020556227327690448
height: 0.022668947818648418
Area: 0.00014403737006898277
CentroidX: 0.7873
CentroidY: 0.0190
