Location: Y_01-1.png_Mean-Closing.png
Component: component_1744890207142_287.png
centerX: 0.873639661426844
centerY: 0.5705731394354149
width: 0.016928657799274487
height: 0.02523524379811805
Area: 0.00016963826708303896
CentroidX: 0.8840
CentroidY: 0.5805
