Location: Y_01-1.png_Mean-Closing.png
Component: component_1744890207151_330.png
centerX: 0.7557436517533253
centerY: 0.6608212147134302
width: 0.021160822249093107
height: 0.02951240376390077
Area: 0.0001828266079690679
CentroidX: 0.7685
CentroidY: 0.6723
