Location: Y_01-1.png_Mean-Closing.png
Component: component_1744890207106_107.png
centerX: 0.36638452237001207
centerY: 0.20402053036783577
width: 0.015114873035066506
height: 0.020530367835757058
Area: 0.00012645291555427754
CentroidX: 0.3749
CentroidY: 0.2126
