Location: Y_01-1.png_Otsu.png
Component: component_1744890207251_95.png
centerX: 0.6124546553808948
centerY: 0.16723695466210436
width: 0.020556227327690448
height: 0.019674935842600515
Area: 0.00011300597974891468
CentroidX: 0.6237
CentroidY: 0.1753
