Location: Y_01-1.png_Mean-Closing.png
Component: component_1744890207170_425.png
centerX: 0.880894800483676
centerY: 0.844311377245509
width: 0.015114873035066506
height: 0.02566295979469632
Area: 0.00016498355853502875
CentroidX: 0.8897
CentroidY: 0.8543
