Location: Y_02-1.png_Mean-Closing.png
Component: component_1744890208310_287.png
centerX: 0.5846432889963724
centerY: 0.56928999144568
width: 0.022974607013301087
height: 0.024379811804961505
Area: 0.0001740343807117153
CentroidX: 0.5965
CentroidY: 0.5803
