Location: Y_01-1.png_Mean-Closing.png
Component: component_1744890207155_351.png
centerX: 0.02962515114873035
centerY: 0.7053036783575706
width: 0.017533252720677146
height: 0.026518391787852865
Area: 0.00017377578579238137
CentroidX: 0.0395
CentroidY: 0.7160
