Location: Y_02-1.png_Mean-Closing.png
Component: component_1744890208135_60.png
centerX: 0.3639661426844015
centerY: 0.09067579127459367
width: 0.021160822249093107
height: 0.023952095808383235
Area: 0.00016834529248636946
CentroidX: 0.3755
CentroidY: 0.1003
