Location: Y_01-1.png_Mean-Closing.png
Component: component_1744890207123_188.png
centerX: 0.5392986698911729
centerY: 0.369546621043627
width: 0.017533252720677146
height: 0.02480752780153978
Area: 0.00017144843151837628
CentroidX: 0.5490
CentroidY: 0.3800
