Location: Y_01-1.png_Otsu.png
Component: component_1744890207295_167.png
centerX: 0.939540507859734
centerY: 0.32848588537211293
width: 0.016928657799274487
height: 0.026518391787852865
Area: 0.00014274439547231328
CentroidX: 0.9495
CentroidY: 0.3390
