Location: Y_01-1.png_Mean-Closing.png
Component: component_1744890207131_227.png
centerX: 0.6922611850060459
centerY: 0.44610778443113774
width: 0.018742442563482467
height: 0.026090675791274595
Area: 0.00016705231788969997
CentroidX: 0.7030
CentroidY: 0.4565
