Location: Y_01-1.png_Otsu.png
Component: component_1744890207486_461.png
centerX: 0.19226118500604594
centerY: 0.8973481608212147
width: 0.022370012091898428
height: 0.023952095808383235
Area: 0.0001492092684556608
CentroidX: 0.2040
CentroidY: 0.9072
