Location: Y_01-1.png_Mean-Closing.png
Component: component_1744890207129_216.png
centerX: 0.16928657799274485
centerY: 0.411890504704876
width: 0.016928657799274487
height: 0.021813515825491875
Area: 0.0001546397617616727
CentroidX: 0.1788
CentroidY: 0.4211
