Location: Y_02-1.png_Mean-Closing.png
Component: component_1744890208424_402.png
centerX: 0.1928657799274486
centerY: 0.7844311377245509
width: 0.01995163240628779
height: 0.030795551753635585
Area: 0.0002037727964351139
CentroidX: 0.2047
CentroidY: 0.7967
