Location: Y_01-1.png_Mean-Closing.png
Component: component_1744890207096_55.png
centerX: 0.7503022974607013
centerY: 0.09238665526090675
width: 0.019347037484885126
height: 0.02523524379811805
Area: 0.00016653512805103214
CentroidX: 0.7606
CentroidY: 0.1028
