Location: Y_01-1.png_Otsu.png
Component: component_1744890207488_468.png
centerX: 0.5822249093107618
centerY: 0.9191616766467066
width: 0.015719467956469165
height: 0.02352437981180496
Area: 0.00013033183934428605
CentroidX: 0.5911
CentroidY: 0.9283
