Location: Y_02-1.png_Mean-Closing.png
Component: component_1744890208152_87.png
centerX: 0.660217654171705
centerY: 0.16338751069289992
width: 0.01995163240628779
height: 0.024379811804961505
Area: 0.00016317339409969146
CentroidX: 0.6718
CentroidY: 0.1729
