Location: Y_01-1.png_Otsu.png
Component: component_1744890207452_385.png
centerX: 0.8446191051995163
centerY: 0.7737382378100941
width: 0.022370012091898428
height: 0.022241231822070145
Area: 0.00012774589015094703
CentroidX: 0.8566
CentroidY: 0.7824
