Location: Y_01-1.png_Otsu.png
Component: component_1744890207332_193.png
centerX: 0.9371221281741233
centerY: 0.369546621043627
width: 0.016928657799274487
height: 0.022241231822070145
Area: 0.00013627952248896575
CentroidX: 0.9470
CentroidY: 0.3784
