Location: Y_02-1.png_Mean-Closing.png
Component: component_1744890208436_409.png
centerX: 0.5544135429262395
centerY: 0.8156544054747648
width: 0.018137847642079808
height: 0.0290846877673225
Area: 0.0001812750384530645
CentroidX: 0.5656
CentroidY: 0.8265
