Location: Y_01-1.png_Mean-Closing.png
Component: component_1744890207136_255.png
centerX: 0.5949214026602176
centerY: 0.49358426005132594
width: 0.020556227327690448
height: 0.02480752780153978
Area: 0.00016860388740570336
CentroidX: 0.6068
CentroidY: 0.5042
