Location: 2025-04-19_205627-1.png_Mean-Medain.png
Component: component_1745099319570_60.png
centerX: 0.13015312131919907
centerY: 0.02781343602909713
width: 0.03121319199057715
height: 0.03465982028241335
Area: 0.0004304190335933488
CentroidX: 0.1458
CentroidY: 0.0449
