Location: 2025-04-19_205627-1.png_Gaussian-Median.png
Component: component_1745099319470_97.png
centerX: 0.35630153121319197
centerY: 0.12751390671801455
width: 0.03297997644287397
height: 0.03508771929824561
Area: 0.0003961467920425903
CentroidX: 0.3727
CentroidY: 0.1446
