Location: 2025-04-19_205532-1.png_Gaussian-Closing.png
Component: component_1745099318981_286.png
centerX: 0.5176678445229682
centerY: 0.6619597774925118
width: 0.030624263839811542
height: 0.03380402225074882
Area: 0.0003722066233122811
CentroidX: 0.5316
CentroidY: 0.6789
