Location: 2025-04-19_205627-1.png_Mean-Medain.png
Component: component_1745099319568_54.png
centerX: 0.9104829210836278
centerY: 0.025673940949935817
width: 0.03356890459363958
height: 0.03337612323491656
Area: 0.0004324350478022169
CentroidX: 0.9256
CentroidY: 0.0417
