Location: 2025-04-19_205627-1.png_Gaussian-Median.png
Component: component_1745099319496_216.png
centerX: 0.9605418138987044
centerY: 0.3842533162173727
width: 0.028857479387514724
height: 0.0329482242190843
Area: 0.0003530544883280337
CentroidX: 0.9738
CentroidY: 0.4008
