Location: 2025-04-19_205627-1.png_Otsu.png
Component: component_1745099319108_109.png
centerX: 0.8409893992932862
centerY: 0.07616602481814291
width: 0.034746760895170786
height: 0.029097133076593923
Area: 0.0002477177459146732
CentroidX: 0.8584
CentroidY: 0.0893
