Location: 2025-04-19_205627-1.png_Mean-Medain.png
Component: component_1745099319605_229.png
centerX: 0.08833922261484099
centerY: 0.3910997004706889
width: 0.030624263839811542
height: 0.03380402225074882
Area: 0.0003797666765955366
CentroidX: 0.1010
CentroidY: 0.4075
