Location: 2025-04-19_205627-1.png_Mean-Medain.png
Component: component_1745099319591_163.png
centerX: 0.09010600706713781
centerY: 0.23192126658108686
width: 0.03121319199057715
height: 0.03337612323491656
Area: 0.0003540624954324678
CentroidX: 0.1043
CentroidY: 0.2490
