Location: 2025-04-19_205532-1.png_Gaussian-Closing.png
Component: component_1745099318965_216.png
centerX: 0.7220259128386337
centerY: 0.48609328198545143
width: 0.03356890459363958
height: 0.03123662815575524
Area: 0.000405722859534714
CentroidX: 0.7373
CentroidY: 0.5017
