Location: 2025-04-19_205532-1.png_Gaussian-Closing.png
Component: component_1745099319000_369.png
centerX: 0.9452296819787986
centerY: 0.8609328198545143
width: 0.03651354534746761
height: 0.03551561831407788
Area: 0.00041580293057905473
CentroidX: 0.9588
CentroidY: 0.8777
