Location: 2025-04-19_205627-1.png_Mean-Medain.png
Component: component_1745099319630_318.png
centerX: 0.9134275618374559
centerY: 0.5943517329910141
width: 0.02944640753828033
height: 0.036371416345742404
Area: 0.00039387877605761364
CentroidX: 0.9263
CentroidY: 0.6131
