Location: 2025-04-19_205627-1.png_Gaussian-Median.png
Component: component_1745099319475_122.png
centerX: 0.3504122497055359
centerY: 0.17715019255455713
width: 0.02944640753828033
height: 0.03423192126658109
Area: 0.0003550705025369019
CentroidX: 0.3648
CentroidY: 0.1941
