Location: 2025-04-19_205627-1.png_Gaussian-Median.png
Component: component_1745099319512_278.png
centerX: 0.21142520612485277
centerY: 0.49208386820710315
width: 0.03297997644287397
height: 0.032520325203252036
Area: 0.00039236676540096256
CentroidX: 0.2262
CentroidY: 0.5091
