Location: 2025-04-19_205627-1.png_Mean-Medain.png
Component: component_1745099319607_237.png
centerX: 0.9575971731448764
centerY: 0.43945228925973473
width: 0.03121319199057715
height: 0.04022250748823278
Area: 0.0005264317102906942
CentroidX: 0.9734
CentroidY: 0.4600
