Location: 2025-04-19_205627-1.png_Otsu.png
Component: component_1745099319289_452.png
centerX: 0.4122497055359246
centerY: 0.2807017543859649
width: 0.03651354534746761
height: 0.032520325203252036
Area: 0.0002532617849890606
CentroidX: 0.4279
CentroidY: 0.2974
