Location: 2025-04-19_205627-1.png_Otsu.png
Component: component_1745099319116_179.png
centerX: 0.13427561837455831
centerY: 0.12836970474967907
width: 0.030035335689045935
height: 0.037227214377406934
Area: 0.000294338074494749
CentroidX: 0.1474
CentroidY: 0.1471
