Location: 2025-04-19_205627-1.png_Gaussian-Median.png
Component: component_1745099319531_340.png
centerX: 0.6719670200235571
centerY: 0.5982028241335045
width: 0.032391048292108364
height: 0.03551561831407788
Area: 0.0004644392733679987
CentroidX: 0.6856
CentroidY: 0.6165
