Location: 2025-04-19_205532-1.png_Gaussian-Closing.png
Component: component_1745099318958_175.png
centerX: 0.6307420494699647
centerY: 0.3855370132648695
width: 0.03121319199057715
height: 0.03209242618741977
Area: 0.0004493191668014876
CentroidX: 0.6442
CentroidY: 0.4014
