Location: 2025-04-19_205532-1.png_Gaussian-Closing.png
Component: component_1745099318942_100.png
centerX: 0.3586572438162544
centerY: 0.20539152759948653
width: 0.035924617196702
height: 0.0329482242190843
Area: 0.0004868674314416568
CentroidX: 0.3766
CentroidY: 0.2210
