Location: 2025-04-19_205627-1.png_Otsu.png
Component: component_1745099319294_552.png
centerX: 0.8804475853945819
centerY: 0.32220795892169446
width: 0.032391048292108364
height: 0.03508771929824561
Area: 0.0002487257530191073
CentroidX: 0.8960
CentroidY: 0.3392
