Location: 2025-04-19_205532-1.png_Gaussian-Closing.png
Component: component_1745099318975_254.png
centerX: 0.9269729093050648
centerY: 0.59734702610184
width: 0.03180212014134275
height: 0.03508771929824561
Area: 0.00041303091104186103
CentroidX: 0.9407
CentroidY: 0.6153
