Location: 2025-04-19_205627-1.png_Gaussian-Median.png
Component: component_1745099319527_320.png
centerX: 0.16195524146054183
centerY: 0.5883611467693625
width: 0.034746760895170786
height: 0.037227214377406934
Area: 0.0004604072449502624
CentroidX: 0.1769
CentroidY: 0.6074
