Location: 2025-04-19_205627-1.png_Otsu.png
Component: component_1745099319349_918.png
centerX: 0.12073027090694935
centerY: 0.5387248609328199
width: 0.028857479387514724
height: 0.03080872913992298
Area: 0.0003092061792851516
CentroidX: 0.1346
CentroidY: 0.5538
