Location: 2025-04-19_205627-1.png_Otsu.png
Component: component_1745099319231_357.png
centerX: 0.7067137809187279
centerY: 0.22250748823277705
width: 0.03180212014134275
height: 0.036799315361574665
Area: 0.0002542697920934947
CentroidX: 0.7225
CentroidY: 0.2419
