Location: 2025-04-19_205532-1.png_Gaussian-Closing.png
Component: component_1745099318934_61.png
centerX: 0.12779740871613662
centerY: 0.11724433033804023
width: 0.03356890459363958
height: 0.03209242618741977
Area: 0.00046242325915913057
CentroidX: 0.1444
CentroidY: 0.1328
