Location: 2025-04-19_205532-1.png_Gaussian-Closing.png
Component: component_1745099318975_255.png
centerX: 0.8415783274440518
centerY: 0.5994865211810013
width: 0.03415783274440518
height: 0.03808301240907146
Area: 0.00043722308154827875
CentroidX: 0.8542
CentroidY: 0.6191
