Location: 2025-04-19_205627-1.png_Mean-Medain.png
Component: component_1745099319625_295.png
centerX: 0.3910482921083628
centerY: 0.5430038510911425
width: 0.028857479387514724
height: 0.03080872913992298
Area: 0.00037019060910341295
CentroidX: 0.4058
CentroidY: 0.5587
