Location: 2025-04-19_205532-1.png_Gaussian-Closing.png
Component: component_1745099318926_23.png
centerX: 0.7820965842167256
centerY: 0.05391527599486521
width: 0.030035335689045935
height: 0.03465982028241335
Area: 0.0004097548879524503
CentroidX: 0.7965
CentroidY: 0.0702
