Location: 2025-04-19_205532-1.png_Gaussian-Closing.png
Component: component_1745099318971_236.png
centerX: 0.8468786808009423
centerY: 0.55198973042362
width: 0.02767962308598351
height: 0.0329482242190843
Area: 0.000433947058458868
CentroidX: 0.8596
CentroidY: 0.5687
