Location: 2025-04-19_205532-1.png_Gaussian-Closing.png
Component: component_1745099318974_251.png
centerX: 0.0989399293286219
centerY: 0.5618314077877621
width: 0.035924617196702
height: 0.03551561831407788
Area: 0.0004709913195468202
CentroidX: 0.1149
CentroidY: 0.5799
