Location: 2025-04-19_205627-1.png_Otsu.png
Component: component_1745099319377_999.png
centerX: 0.5035335689045937
centerY: 0.5964912280701754
width: 0.03297997644287397
height: 0.03423192126658109
Area: 0.00024519772815358805
CentroidX: 0.5157
CentroidY: 0.6143
