Location: 2025-04-19_205627-1.png_Gaussian-Median.png
Component: component_1745099319505_255.png
centerX: 0.1707891637220259
centerY: 0.44244758237056053
width: 0.028268551236749116
height: 0.03337612323491656
Area: 0.0003608665433873978
CentroidX: 0.1840
CentroidY: 0.4598
