Location: 2025-04-19_205532-1.png_Gaussian-Closing.png
Component: component_1745099318962_201.png
centerX: 0.4034157832744405
centerY: 0.44801026957637996
width: 0.030624263839811542
height: 0.0329482242190843
Area: 0.00038833473698322624
CentroidX: 0.4171
CentroidY: 0.4650
