Location: 2025-04-19_205627-1.png_Gaussian-Median.png
Component: component_1745099319475_123.png
centerX: 0.17314487632508835
centerY: 0.17843388960205392
width: 0.03356890459363958
height: 0.031664527171587506
Area: 0.0003747266410733663
CentroidX: 0.1901
CentroidY: 0.1943
