Location: 2025-04-19_205532-1.png_Gaussian-Closing.png
Component: component_1745099318931_49.png
centerX: 0.6595995288574794
centerY: 0.10783055198973042
width: 0.037102473498233215
height: 0.029097133076593923
Area: 0.0004659512840246498
CentroidX: 0.6777
CentroidY: 0.1216
