Location: 2025-04-19_205532-1.png_Gaussian-Closing.png
Component: component_1745099318966_217.png
centerX: 0.6336866902237926
centerY: 0.48694908001711595
width: 0.028857479387514724
height: 0.029097133076593923
Area: 0.00037321463041671516
CentroidX: 0.6457
CentroidY: 0.5013
