Location: 2025-04-19_205627-1.png_Gaussian-Median.png
Component: component_1745099319482_158.png
centerX: 0.7055359246171967
centerY: 0.2781343602909713
width: 0.03415783274440518
height: 0.03423192126658109
Area: 0.00044705115081651093
CentroidX: 0.7230
CentroidY: 0.2955
