Location: 2025-04-19_205627-1.png_Otsu.png
Component: component_1745099319181_303.png
centerX: 0.26325088339222613
centerY: 0.17843388960205392
width: 0.02944640753828033
height: 0.02995293110825845
Area: 0.0001721172130821178
CentroidX: 0.2756
CentroidY: 0.1965
