Location: 2025-04-19_205532-1.png_Gaussian-Closing.png
Component: component_1745099318933_58.png
centerX: 0.29740871613663133
centerY: 0.11510483525887891
width: 0.034746760895170786
height: 0.03080872913992298
Area: 0.0004410031081899065
CentroidX: 0.3137
CentroidY: 0.1295
