Location: 2025-04-19_205627-1.png_Mean-Medain.png
Component: component_1745099319573_76.png
centerX: 0.7161366313309776
centerY: 0.07145913564398802
width: 0.03356890459363958
height: 0.03123662815575524
Area: 0.0003402023977464993
CentroidX: 0.7319
CentroidY: 0.0865
