Location: 2025-04-19_205627-1.png_Mean-Medain.png
Component: component_1745099319607_235.png
centerX: 0.9228504122497055
centerY: 0.43859649122807015
width: 0.03121319199057715
height: 0.03423192126658109
Area: 0.0003611185451635063
CentroidX: 0.9391
CentroidY: 0.4577
