Location: 2025-04-19_205627-1.png_Gaussian-Median.png
Component: component_1745099319500_243.png
centerX: 0.7220259128386337
centerY: 0.43988018827556696
width: 0.03121319199057715
height: 0.03423192126658109
Area: 0.0004001788204603266
CentroidX: 0.7361
CentroidY: 0.4576
