Location: 2025-04-19_205532-1.png_Gaussian-Closing.png
Component: component_1745099318955_164.png
centerX: 0.19316843345111898
centerY: 0.3547282841249465
width: 0.04122497055359246
height: 0.029525032092426188
Area: 0.0004221029749817677
CentroidX: 0.2114
CentroidY: 0.3696
