Location: 2025-04-19_205627-1.png_Gaussian-Median.png
Component: component_1745099319448_38.png
centerX: 0.6566548881036514
centerY: 0.025246041934103552
width: 0.030624263839811542
height: 0.03551561831407788
Area: 0.00037699465705834297
CentroidX: 0.6688
CentroidY: 0.0429
