Location: 2025-04-19_205532-1.png_Gaussian-Closing.png
Component: component_1745099318943_103.png
centerX: 0.22143698468786807
centerY: 0.2100984167736414
width: 0.037102473498233215
height: 0.03551561831407788
Area: 0.00048535542078500567
CentroidX: 0.2395
CentroidY: 0.2277
