Location: 2025-04-19_205532-1.png_Gaussian-Closing.png
Component: component_1745099319020_419.png
centerX: 0.05005889281507656
centerY: 0.9649122807017544
width: 0.02944640753828033
height: 0.03508771929824561
Area: 0.00040521885598249696
CentroidX: 0.0651
CentroidY: 0.9820
