Location: 2025-04-19_205627-1.png_Gaussian-Median.png
Component: component_1745099319456_49.png
centerX: 0.35924617196702
centerY: 0.02738553701326487
width: 0.03180212014134275
height: 0.03551561831407788
Area: 0.0004115189003852099
CentroidX: 0.3734
CentroidY: 0.0456
