Location: 2025-04-19_205627-1.png_Gaussian-Median.png
Component: component_1745099319528_322.png
centerX: 0.12014134275618374
centerY: 0.5900727428326915
width: 0.03180212014134275
height: 0.036371416345742404
Area: 0.00042361498563841876
CentroidX: 0.1335
CentroidY: 0.6085
