Location: 2025-04-19_205627-1.png_Otsu.png
Component: component_1745099319055_18.png
centerX: 0.43934040047114253
centerY: 0.02610183996576808
width: 0.03415783274440518
height: 0.03337612323491656
Area: 0.00030391414198687274
CentroidX: 0.4551
CentroidY: 0.0421
