Location: 2025-04-19_205627-1.png_Gaussian-Median.png
Component: component_1745099319474_119.png
centerX: 0.43168433451118965
centerY: 0.17372700042789901
width: 0.03121319199057715
height: 0.03594351732991014
Area: 0.0004011868275647607
CentroidX: 0.4470
CentroidY: 0.1916
