Location: 2025-04-19_205627-1.png_Gaussian-Median.png
Component: component_1745099319484_170.png
centerX: 0.2762073027090695
centerY: 0.2845528455284553
width: 0.0353356890459364
height: 0.03380402225074882
Area: 0.00039110675652041994
CentroidX: 0.2916
CentroidY: 0.3018
