Location: 2025-04-19_205627-1.png_Mean-Medain.png
Component: component_1745099319593_176.png
centerX: 0.6089517078916372
centerY: 0.2807017543859649
width: 0.037102473498233215
height: 0.0329482242190843
Area: 0.00044856316147316207
CentroidX: 0.6267
CentroidY: 0.2978
