Location: 2025-04-19_205627-1.png_Mean-Medain.png
Component: component_1745099319570_61.png
centerX: 0.3586572438162544
centerY: 0.02738553701326487
width: 0.032391048292108364
height: 0.03551561831407788
Area: 0.00042915902471280616
CentroidX: 0.3735
CentroidY: 0.0456
