Location: 2025-04-19_205627-1.png_Otsu.png
Component: component_1745099319337_905.png
centerX: 0.5200235571260307
centerY: 0.4942233632862644
width: 0.034746760895170786
height: 0.03465982028241335
Area: 0.0003903507511920944
CentroidX: 0.5328
CentroidY: 0.5113
