Location: 2025-04-19_205532-1.png_Gaussian-Closing.png
Component: component_1745099318952_147.png
centerX: 0.0989399293286219
centerY: 0.3102267864783911
width: 0.03828032979976443
height: 0.03209242618741977
Area: 0.0004551152076519835
CentroidX: 0.1140
CentroidY: 0.3257
