Location: 2025-04-19_205627-1.png_Mean-Medain.png
Component: component_1745099319628_307.png
centerX: 0.7879858657243817
centerY: 0.5485665382969619
width: 0.028268551236749116
height: 0.032520325203252036
Area: 0.00035733851852187855
CentroidX: 0.8009
CentroidY: 0.5651
