Location: 2025-04-19_205627-1.png_Mean-Medain.png
Component: component_1745099319631_321.png
centerX: 0.4617196702002356
centerY: 0.5960633290543432
width: 0.034746760895170786
height: 0.03465982028241335
Area: 0.00045662721830863466
CentroidX: 0.4749
CentroidY: 0.6141
