Location: 2025-04-19_205532-1.png_Gaussian-Closing.png
Component: component_1745099318934_59.png
centerX: 0.3833922261484099
centerY: 0.11467693624304665
width: 0.04004711425206125
height: 0.030380830124090714
Area: 0.0004578872271891772
CentroidX: 0.4011
CentroidY: 0.1296
