Location: 2025-04-19_205532-1.png_Gaussian-Closing.png
Component: component_1745099318955_161.png
centerX: 0.28916372202591284
centerY: 0.3508771929824561
width: 0.03180212014134275
height: 0.03080872913992298
Area: 0.0004115189003852099
CentroidX: 0.3027
CentroidY: 0.3664
