Location: 2025-04-19_205627-1.png_Mean-Medain.png
Component: component_1745099319602_214.png
centerX: 0.8297997644287397
centerY: 0.3816859221223791
width: 0.03356890459363958
height: 0.03423192126658109
Area: 0.00042613500339950394
CentroidX: 0.8449
CentroidY: 0.3992
