Location: 2025-04-19_205627-1.png_Gaussian-Median.png
Component: component_1745099319488_183.png
centerX: 0.8374558303886925
centerY: 0.3217800599058622
width: 0.02767962308598351
height: 0.03508771929824561
Area: 0.0003858147192221411
CentroidX: 0.8511
CentroidY: 0.3398
