Location: 2025-04-19_205627-1.png_Gaussian-Median.png
Component: component_1745099319449_39.png
centerX: 0.9540636042402827
centerY: 0.024818142918271287
width: 0.030035335689045935
height: 0.032520325203252036
Area: 0.00036842659667065336
CentroidX: 0.9683
CentroidY: 0.0409
