Location: 2025-04-19_205532-1.png_Gaussian-Closing.png
Component: component_1745099318990_318.png
centerX: 0.08716136631330977
centerY: 0.7222935387248609
width: 0.028857479387514724
height: 0.03123662815575524
Area: 0.00036212655226794036
CentroidX: 0.1012
CentroidY: 0.7380
