Location: 2025-04-19_205627-1.png_Gaussian-Median.png
Component: component_1745099319509_273.png
centerX: 0.1707891637220259
centerY: 0.4895164741121095
width: 0.03121319199057715
height: 0.03465982028241335
Area: 0.00041051089328077584
CentroidX: 0.1863
CentroidY: 0.5070
