Location: 2025-04-19_205627-1.png_Otsu.png
Component: component_1745099319321_766.png
centerX: 0.8816254416961131
centerY: 0.4373127941805734
width: 0.03180212014134275
height: 0.03594351732991014
Area: 0.00023461365355703027
CentroidX: 0.8983
CentroidY: 0.4563
