Location: 2025-04-19_205627-1.png_Otsu.png
Component: component_1745099319322_770.png
centerX: 0.6808009422850412
centerY: 0.44030808729139925
width: 0.03121319199057715
height: 0.03380402225074882
Area: 0.00023965368907920062
CentroidX: 0.6956
CentroidY: 0.4564
