Location: 2025-04-19_205627-1.png_Mean-Medain.png
Component: component_1745099319620_270.png
centerX: 0.6060070671378092
centerY: 0.49208386820710315
width: 0.030624263839811542
height: 0.03380402225074882
Area: 0.0004278990158322636
CentroidX: 0.6187
CentroidY: 0.5088
