Location: 2025-04-19_205532-1.png_Gaussian-Closing.png
Component: component_1745099318946_120.png
centerX: 0.44758539458186103
centerY: 0.25331621737270005
width: 0.03415783274440518
height: 0.03337612323491656
Area: 0.0004654472804724328
CentroidX: 0.4645
CentroidY: 0.2697
