Location: 2025-04-19_205627-1.png_Mean-Medain.png
Component: component_1745099319581_123.png
centerX: 0.9517078916372202
centerY: 0.16260162601626016
width: 0.034746760895170786
height: 0.03080872913992298
Area: 0.00036867859844676187
CentroidX: 0.9676
CentroidY: 0.1781
