Location: 2025-04-19_205627-1.png_Otsu.png
Component: component_1745099319294_549.png
centerX: 0.9246171967020024
centerY: 0.3204963628583654
width: 0.03180212014134275
height: 0.036799315361574665
Area: 0.00029610208692750867
CentroidX: 0.9412
CentroidY: 0.3384
