Location: 2025-04-19_205532-1.png_Gaussian-Closing.png
Component: component_1745099318955_163.png
centerX: 0.24440518256772673
centerY: 0.35258878904578517
width: 0.034746760895170786
height: 0.031664527171587506
Area: 0.00042033896254900803
CentroidX: 0.2597
CentroidY: 0.3686
