Location: 2025-04-19_205627-1.png_Otsu.png
Component: component_1745099319178_294.png
centerX: 0.5600706713780919
centerY: 0.17415489944373128
width: 0.02944640753828033
height: 0.03380402225074882
Area: 0.00027493393773439317
CentroidX: 0.5752
CentroidY: 0.1897
