Location: 2025-04-19_205627-1.png_Mean-Medain.png
Component: component_1745099319575_88.png
centerX: 0.9257950530035336
centerY: 0.07531022678647839
width: 0.03415783274440518
height: 0.0329482242190843
Area: 0.00037069461265563
CentroidX: 0.9426
CentroidY: 0.0911
