Location: 2025-04-19_205532-1.png_Gaussian-Closing.png
Component: component_1745099318982_288.png
centerX: 0.43521790341578326
centerY: 0.6662387676508345
width: 0.030035335689045935
height: 0.03337612323491656
Area: 0.00039665079559480734
CentroidX: 0.4492
CentroidY: 0.6825
