Location: 2025-04-19_205627-1.png_Otsu.png
Component: component_1745099319323_771.png
centerX: 0.7220259128386337
centerY: 0.44030808729139925
width: 0.03121319199057715
height: 0.0329482242190843
Area: 0.00022176156297549585
CentroidX: 0.7358
CentroidY: 0.4585
