Location: 2025-04-19_205532-1.png_Gaussian-Closing.png
Component: component_1745099318945_118.png
centerX: 0.5388692579505301
centerY: 0.2503209242618742
width: 0.03356890459363958
height: 0.03123662815575524
Area: 0.0004367190779960617
CentroidX: 0.5553
CentroidY: 0.2654
