Location: 2025-04-19_205532-1.png_Gaussian-Closing.png
Component: component_1745099319013_391.png
centerX: 0.7726737338044759
centerY: 0.9071459135643988
width: 0.030035335689045935
height: 0.03508771929824561
Area: 0.0004029508399975203
CentroidX: 0.7837
CentroidY: 0.9247
