Location: 2025-04-19_205627-1.png_Mean-Medain.png
Component: component_1745099319623_284.png
centerX: 0.12014134275618374
centerY: 0.5387248609328199
width: 0.030035335689045935
height: 0.03123662815575524
Area: 0.00038858673875933475
CentroidX: 0.1345
CentroidY: 0.5543
