Location: 2025-04-19_205627-1.png_Otsu.png
Component: component_1745099319292_465.png
centerX: 0.13074204946996468
centerY: 0.28754813863928114
width: 0.03651354534746761
height: 0.03508771929824561
Area: 0.0002923220602858809
CentroidX: 0.1446
CentroidY: 0.3050
