Location: 2025-04-19_205627-1.png_Mean-Medain.png
Component: component_1745099319592_170.png
centerX: 0.7473498233215548
centerY: 0.2781343602909713
width: 0.035924617196702
height: 0.03594351732991014
Area: 0.0004588952342936113
CentroidX: 0.7651
CentroidY: 0.2955
