Location: 2025-04-19_205627-1.png_Gaussian-Median.png
Component: component_1745099319471_100.png
centerX: 0.13427561837455831
centerY: 0.12836970474967907
width: 0.030624263839811542
height: 0.037655113393239195
Area: 0.00038556271744603253
CentroidX: 0.1479
CentroidY: 0.1471
