Location: 2025-04-19_205532-1.png_Gaussian-Closing.png
Component: component_1745099319021_425.png
centerX: 0.7338044758539458
centerY: 0.9644843816859221
width: 0.03121319199057715
height: 0.03465982028241335
Area: 0.000447555154368728
CentroidX: 0.7482
CentroidY: 0.9816
