Location: 2025-04-19_205627-1.png_Otsu.png
Component: component_1745099319112_165.png
centerX: 0.8186101295641932
centerY: 0.12323491655969192
width: 0.034746760895170786
height: 0.03209242618741977
Area: 0.00025527779919792874
CentroidX: 0.8339
CentroidY: 0.1387
