Location: 2025-04-19_205627-1.png_Otsu.png
Component: component_1745099319325_779.png
centerX: 0.08480565371024736
centerY: 0.4420196833547283
width: 0.02944640753828033
height: 0.032520325203252036
Area: 0.0002547737956457117
CentroidX: 0.0983
CentroidY: 0.4587
