Location: 2025-04-19_205627-1.png_Mean-Medain.png
Component: component_1745099319588_149.png
centerX: 0.3468786808009423
centerY: 0.22593068035943517
width: 0.03180212014134275
height: 0.03551561831407788
Area: 0.00040471485243027993
CentroidX: 0.3631
CentroidY: 0.2442
