Location: 2025-04-19_205532-1.png_Gaussian-Closing.png
Component: component_1745099318987_310.png
centerX: 0.41519434628975266
centerY: 0.7107402652973898
width: 0.0353356890459364
height: 0.036371416345742404
Area: 0.0004256309998472869
CentroidX: 0.4283
CentroidY: 0.7291
