Location: 2025-04-19_205532-1.png_Gaussian-Closing.png
Component: component_1745099318984_299.png
centerX: 0.8739693757361602
centerY: 0.6991869918699187
width: 0.03356890459363958
height: 0.03123662815575524
Area: 0.00039488678316204775
CentroidX: 0.8900
CentroidY: 0.7148
