Location: 2025-04-19_205627-1.png_Otsu.png
Component: component_1745099319319_702.png
centerX: 0.08833922261484099
centerY: 0.3910997004706889
width: 0.030035335689045935
height: 0.03337612323491656
Area: 0.00023587366243757286
CentroidX: 0.1007
CentroidY: 0.4076
