Location: 2025-04-19_205627-1.png_Gaussian-Median.png
Component: component_1745099319472_109.png
centerX: 0.9063604240282686
centerY: 0.1608900299529311
width: 0.03651354534746761
height: 0.03123662815575524
Area: 0.0003666625842378937
CentroidX: 0.9227
CentroidY: 0.1768
