Location: 2025-04-19_205627-1.png_Mean-Medain.png
Component: component_1745099319621_273.png
centerX: 0.3474676089517079
centerY: 0.4942233632862644
width: 0.03121319199057715
height: 0.03551561831407788
Area: 0.00042159897142955065
CentroidX: 0.3622
CentroidY: 0.5117
