Location: 2025-04-19_205532-1.png_Gaussian-Closing.png
Component: component_1745099318938_75.png
centerX: 0.4746760895170789
centerY: 0.15789473684210525
width: 0.034746760895170786
height: 0.026957637997432605
Area: 0.0004349550655633021
CentroidX: 0.4928
CentroidY: 0.1711
