Location: 2025-04-19_205532-1.png_Gaussian-Closing.png
Component: component_1745099318926_21.png
centerX: 0.8062426383981154
centerY: 0.017115960633290545
width: 0.03356890459363958
height: 0.03080872913992298
Area: 0.0004573832236369602
CentroidX: 0.8242
CentroidY: 0.0328
