Location: 2025-04-19_205627-1.png_Mean-Medain.png
Component: component_1745099319569_56.png
centerX: 0.3121319199057715
centerY: 0.026529738981600343
width: 0.030624263839811542
height: 0.03465982028241335
Area: 0.00040068282401254366
CentroidX: 0.3274
CentroidY: 0.0438
