Location: 2025-04-19_205627-1.png_Mean-Medain.png
Component: component_1745099319606_234.png
centerX: 0.806831566548881
centerY: 0.43859649122807015
width: 0.030624263839811542
height: 0.036371416345742404
Area: 0.0004331910531305425
CentroidX: 0.8216
CentroidY: 0.4561
