Location: 2025-04-19_205627-1.png_Otsu.png
Component: component_1745099319289_455.png
centerX: 0.3221436984687868
centerY: 0.2819854514334617
width: 0.03180212014134275
height: 0.03508771929824561
Area: 0.00026636587734670355
CentroidX: 0.3357
CentroidY: 0.2996
