Location: 2025-04-19_205627-1.png_Otsu.png
Component: component_1745099319380_1005.png
centerX: 0.8386336866902238
centerY: 0.5977749251176723
width: 0.021790341578327443
height: 0.03893881044073599
Area: 0.00020361743509568256
CentroidX: 0.8493
CentroidY: 0.6159
