Location: 2025-04-19_205627-1.png_Otsu.png
Component: component_1745099319164_283.png
centerX: 0.8197879858657244
centerY: 0.1643132220795892
width: 0.03297997644287397
height: 0.03209242618741977
Area: 0.00024166970328806878
CentroidX: 0.8349
CentroidY: 0.1808
