Location: 2025-04-19_205532-1.png_Gaussian-Closing.png
Component: component_1745099318935_65.png
centerX: 0.9299175500588928
centerY: 0.14762516046213095
width: 0.0353356890459364
height: 0.03123662815575524
Area: 0.00043293905135443397
CentroidX: 0.9459
CentroidY: 0.1623
