Location: 2025-04-19_205627-1.png_Mean-Medain.png
Component: component_1745099319629_310.png
centerX: 0.043580683156654886
centerY: 0.5896448438168592
width: 0.030035335689045935
height: 0.032520325203252036
Area: 0.0004037068453258459
CentroidX: 0.0577
CentroidY: 0.6071
