Location: 2025-04-19_205627-1.png_Otsu.png
Component: component_1745099319283_387.png
centerX: 0.09010600706713781
centerY: 0.23234916559691912
width: 0.03121319199057715
height: 0.032520325203252036
Area: 0.00024040969440752619
CentroidX: 0.1042
CentroidY: 0.2484
