Location: 2025-04-19_205627-1.png_Otsu.png
Component: component_1745099319350_919.png
centerX: 0.04299175500588928
centerY: 0.5391527599486521
width: 0.030035335689045935
height: 0.029525032092426188
Area: 0.00032483028940387973
CentroidX: 0.0579
CentroidY: 0.5531
