Location: 2025-04-19_205627-1.png_Gaussian-Median.png
Component: component_1745099319517_298.png
centerX: 0.15606595995288575
centerY: 0.5412922550278134
width: 0.03121319199057715
height: 0.02995293110825845
Area: 0.00038959474586376886
CentroidX: 0.1716
CentroidY: 0.5560
