Location: 2025-04-19_205627-1.png_Gaussian-Median.png
Component: component_1745099319484_165.png
centerX: 0.6089517078916372
centerY: 0.2807017543859649
width: 0.037102473498233215
height: 0.03337612323491656
Area: 0.0004394910975332554
CentroidX: 0.6266
CentroidY: 0.2978
