Location: 2025-04-19_205627-1.png_Gaussian-Median.png
Component: component_1745099319465_76.png
centerX: 0.8409893992932862
centerY: 0.07573812580231065
width: 0.0353356890459364
height: 0.02995293110825845
Area: 0.0003396983941942823
CentroidX: 0.8588
CentroidY: 0.0896
