Location: 2025-04-19_205627-1.png_Otsu.png
Component: component_1745099319118_180.png
centerX: 0.4010600706713781
centerY: 0.12879760376551133
width: 0.028268551236749116
height: 0.0329482242190843
Area: 0.0002421737068402858
CentroidX: 0.4141
CentroidY: 0.1446
