Location: 2025-04-19_205532-1.png_Gaussian-Closing.png
Component: component_1745099319021_422.png
centerX: 0.30742049469964666
centerY: 0.9649122807017544
width: 0.03297997644287397
height: 0.03423192126658109
Area: 0.00040219483466919474
CentroidX: 0.3219
CentroidY: 0.9823
