Location: 2025-04-19_205532-1.png_Gaussian-Closing.png
Component: component_1745099318923_8.png
centerX: 0.12779740871613662
centerY: 0.012836970474967908
width: 0.032391048292108364
height: 0.0329482242190843
Area: 0.0005012315326798423
CentroidX: 0.1446
CentroidY: 0.0294
