Location: 2025-04-19_205532-1.png_Gaussian-Closing.png
Component: component_1745099318963_205.png
centerX: 0.2791519434628975
centerY: 0.45186136071887034
width: 0.028268551236749116
height: 0.03337612323491656
Area: 0.0003986668098036755
CentroidX: 0.2913
CentroidY: 0.4678
