Location: 2025-04-19_205627-1.png_Otsu.png
Component: component_1745099319291_457.png
centerX: 0.5600706713780919
centerY: 0.2815575524176294
width: 0.0353356890459364
height: 0.031664527171587506
Area: 0.00028778602831592756
CentroidX: 0.5768
CentroidY: 0.2971
