Location: 2025-04-19_205627-1.png_Gaussian-Median.png
Component: component_1745099319528_325.png
centerX: 0.08362779740871613
centerY: 0.5905006418485238
width: 0.030624263839811542
height: 0.032520325203252036
Area: 0.00037296262864060665
CentroidX: 0.0972
CentroidY: 0.6073
