Location: 2025-04-19_205627-1.png_Otsu.png
Component: component_1745099319297_564.png
centerX: 0.6972909305064782
centerY: 0.3252032520325203
width: 0.032391048292108364
height: 0.03423192126658109
Area: 0.00028047797680878057
CentroidX: 0.7146
CentroidY: 0.3417
