Location: 2025-04-19_205627-1.png_Gaussian-Median.png
Component: component_1745099319530_333.png
centerX: 0.5035335689045937
centerY: 0.5960633290543432
width: 0.03297997644287397
height: 0.03551561831407788
Area: 0.0004359630726677362
CentroidX: 0.5168
CentroidY: 0.6147
