Location: 2025-04-19_205627-1.png_Mean-Medain.png
Component: component_1745099319592_167.png
centerX: 0.7962308598351001
centerY: 0.2768506632434745
width: 0.030624263839811542
height: 0.03209242618741977
Area: 0.00040824287729579917
CentroidX: 0.8108
CentroidY: 0.2926
