Location: 2025-04-19_205532-1.png_Gaussian-Closing.png
Component: component_1745099318973_245.png
centerX: 0.4876325088339223
centerY: 0.5571245186136072
width: 0.039458186101295645
height: 0.03423192126658109
Area: 0.000504003552217036
CentroidX: 0.5034
CentroidY: 0.5745
