Location: 2025-04-19_205627-1.png_Mean-Medain.png
Component: component_1745099319593_173.png
centerX: 0.36454652532391046
centerY: 0.2798459563543004
width: 0.034746760895170786
height: 0.03808301240907146
Area: 0.000467967298233518
CentroidX: 0.3799
CentroidY: 0.2987
