Location: 2025-04-19_205627-1.png_Otsu.png
Component: component_1745099319325_778.png
centerX: 0.04711425206124853
centerY: 0.441591784338896
width: 0.02767962308598351
height: 0.032520325203252036
Area: 0.0002885420336442531
CentroidX: 0.0608
CentroidY: 0.4577
