Location: 2025-04-19_205532-1.png_Gaussian-Closing.png
Component: component_1745099319013_389.png
centerX: 0.3674911660777385
centerY: 0.8707744972186564
width: 0.030035335689045935
height: 0.031664527171587506
Area: 0.00034045439952260783
CentroidX: 0.3802
CentroidY: 0.8862
