Location: 2025-04-19_205627-1.png_Gaussian-Median.png
Component: component_1745099319531_337.png
centerX: 0.8786808009422851
centerY: 0.5964912280701754
width: 0.027090694935217905
height: 0.03508771929824561
Area: 0.00042966302826502324
CentroidX: 0.8917
CentroidY: 0.6136
