Location: 2025-04-19_205532-1.png_Gaussian-Closing.png
Component: component_1745099318989_315.png
centerX: 0.2508833922261484
centerY: 0.7154471544715447
width: 0.030035335689045935
height: 0.03123662815575524
Area: 0.0003795146748194281
CentroidX: 0.2664
CentroidY: 0.7314
