Location: 2025-04-19_205627-1.png_Mean-Medain.png
Component: component_1745099319627_302.png
centerX: 0.6018845700824499
centerY: 0.5447154471544715
width: 0.028857479387514724
height: 0.0329482242190843
Area: 0.0003613705469396148
CentroidX: 0.6154
CentroidY: 0.5615
