Location: 2025-04-19_205532-1.png_Gaussian-Closing.png
Component: component_1745099319016_404.png
centerX: 0.4711425206124853
centerY: 0.9122807017543859
width: 0.02944640753828033
height: 0.030380830124090714
Area: 0.00033365035156767786
CentroidX: 0.4835
CentroidY: 0.9277
