Location: 2025-04-19_205532-1.png_Gaussian-Closing.png
Component: component_1745099318989_313.png
centerX: 0.3751472320376914
centerY: 0.7128797603765511
width: 0.03121319199057715
height: 0.03423192126658109
Area: 0.00042185097320565916
CentroidX: 0.3885
CentroidY: 0.7293
