Location: 2025-04-19_205627-1.png_Mean-Medain.png
Component: component_1745099319575_89.png
centerX: 0.08480565371024736
centerY: 0.07616602481814291
width: 0.030035335689045935
height: 0.0329482242190843
Area: 0.00036590657890956817
CentroidX: 0.1005
CentroidY: 0.0924
