Location: 2025-04-19_205532-1.png_Gaussian-Closing.png
Component: component_1745099319020_417.png
centerX: 0.9210836277974087
centerY: 0.9640564826700898
width: 0.03121319199057715
height: 0.03508771929824561
Area: 0.0004152989270268377
CentroidX: 0.9339
CentroidY: 0.9810
