Location: 2025-04-19_205627-1.png_Gaussian-Median.png
Component: component_1745099319496_217.png
centerX: 0.4416961130742049
centerY: 0.3851091142490372
width: 0.03356890459363958
height: 0.031664527171587506
Area: 0.00039690279737091585
CentroidX: 0.4565
CentroidY: 0.4014
