Location: 2025-04-19_205627-1.png_Gaussian-Median.png
Component: component_1745099319473_113.png
centerX: 0.7767962308598351
centerY: 0.16388532306375694
width: 0.03121319199057715
height: 0.03380402225074882
Area: 0.0003366743728809801
CentroidX: 0.7918
CentroidY: 0.1815
