Location: 2025-04-19_205627-1.png_Otsu.png
Component: component_1745099319315_684.png
centerX: 0.48586572438162545
centerY: 0.3842533162173727
width: 0.030624263839811542
height: 0.030380830124090714
Area: 0.0002882900318681446
CentroidX: 0.4999
CentroidY: 0.3983
