Location: 2025-04-19_205627-1.png_Otsu.png
Component: component_1745099319179_295.png
centerX: 0.5159010600706714
centerY: 0.17458279845956354
width: 0.028857479387514724
height: 0.03337612323491656
Area: 0.00027921796792823795
CentroidX: 0.5310
CentroidY: 0.1909
