Location: 2025-04-19_205627-1.png_Otsu.png
Component: component_1745099319320_705.png
centerX: 0.1772673733804476
centerY: 0.3910997004706889
width: 0.03297997644287397
height: 0.03465982028241335
Area: 0.000293834070942532
CentroidX: 0.1894
CentroidY: 0.4081
