Location: 2025-04-19_205627-1.png_Otsu.png
Component: component_1745099319372_988.png
centerX: 0.336866902237927
centerY: 0.590928540864356
width: 0.03121319199057715
height: 0.036371416345742404
Area: 0.00026787788800335463
CentroidX: 0.3489
CentroidY: 0.6093
