Location: 2025-04-19_205627-1.png_Mean-Medain.png
Component: component_1745099319616_253.png
centerX: 0.25677267373380447
centerY: 0.44373127941805734
width: 0.03180212014134275
height: 0.030380830124090714
Area: 0.0003454944350447782
CentroidX: 0.2708
CentroidY: 0.4596
