Location: 2025-04-19_205627-1.png_Mean-Medain.png
Component: component_1745099319581_124.png
centerX: 0.734982332155477
centerY: 0.16388532306375694
width: 0.030624263839811542
height: 0.03551561831407788
Area: 0.00036993860732730444
CentroidX: 0.7510
CentroidY: 0.1825
