Location: 2025-04-19_205532-1.png_Gaussian-Closing.png
Component: component_1745099318987_309.png
centerX: 0.5459363957597173
centerY: 0.709456568249893
width: 0.03180212014134275
height: 0.03380402225074882
Area: 0.0004069828684152566
CentroidX: 0.5619
CentroidY: 0.7261
