Location: 2025-04-19_205627-1.png_Otsu.png
Component: component_1745099319318_697.png
centerX: 0.22438162544169613
centerY: 0.3893881044073599
width: 0.02944640753828033
height: 0.03465982028241335
Area: 0.0002640978613617269
CentroidX: 0.2374
CentroidY: 0.4053
