Location: 2025-04-19_205627-1.png_Otsu.png
Component: component_1745099319098_102.png
centerX: 0.16784452296819788
centerY: 0.07359863072314933
width: 0.03121319199057715
height: 0.030380830124090714
Area: 0.0002598138311678821
CentroidX: 0.1833
CentroidY: 0.0885
