Location: 2025-04-19_205627-1.png_Mean-Medain.png
Component: component_1745099319580_114.png
centerX: 0.21790341578327443
centerY: 0.12879760376551133
width: 0.034746760895170786
height: 0.03423192126658109
Area: 0.00039438277960983066
CentroidX: 0.2332
CentroidY: 0.1455
