Location: 2025-04-19_205627-1.png_Otsu.png
Component: component_1745099319181_305.png
centerX: 0.4787985865724382
centerY: 0.17843388960205392
width: 0.02944640753828033
height: 0.03123662815575524
Area: 0.0002953460815991831
CentroidX: 0.4932
CentroidY: 0.1943
