Location: 2025-04-19_205627-1.png_Gaussian-Median.png
Component: component_1745099319458_53.png
centerX: 0.8227326266195524
centerY: 0.02738553701326487
width: 0.03297997644287397
height: 0.03551561831407788
Area: 0.0003724586250883896
CentroidX: 0.8365
CentroidY: 0.0444
