Location: 2025-04-19_205532-1.png_Gaussian-Closing.png
Component: component_1745099318978_272.png
centerX: 0.2697290930506478
centerY: 0.6213093709884467
width: 0.0353356890459364
height: 0.03337612323491656
Area: 0.0004410031081899065
CentroidX: 0.2844
CentroidY: 0.6385
