Location: 2025-04-19_205627-1.png_Gaussian-Median.png
Component: component_1745099319463_69.png
centerX: 0.6696113074204947
centerY: 0.07188703465982028
width: 0.034746760895170786
height: 0.032520325203252036
Area: 0.00034196641017925897
CentroidX: 0.6867
CentroidY: 0.0869
