Location: 2025-04-19_205627-1.png_Mean-Medain.png
Component: component_1745099319588_150.png
centerX: 0.38987043580683156
centerY: 0.22593068035943517
width: 0.037102473498233215
height: 0.03465982028241335
Area: 0.0004087468808480162
CentroidX: 0.4066
CentroidY: 0.2442
