Location: 2025-04-19_205627-1.png_Gaussian-Median.png
Component: component_1745099319485_173.png
centerX: 0.044169611307420496
centerY: 0.28712023962344885
width: 0.03121319199057715
height: 0.03380402225074882
Area: 0.0003807746836999707
CentroidX: 0.0602
CentroidY: 0.3039
