Location: 2025-04-19_205627-1.png_Mean-Medain.png
Component: component_1745099319578_104.png
centerX: 0.8610129564193169
centerY: 0.1245186136071887
width: 0.03415783274440518
height: 0.03123662815575524
Area: 0.0003709466144317385
CentroidX: 0.8757
CentroidY: 0.1401
