Location: 2025-04-19_205627-1.png_Otsu.png
Component: component_1745099319123_275.png
centerX: 0.9063604240282686
centerY: 0.1608900299529311
width: 0.03651354534746761
height: 0.030380830124090714
Area: 0.0002560338045262543
CentroidX: 0.9226
CentroidY: 0.1765
