Location: 2025-04-19_205627-1.png_Otsu.png
Component: component_1745099319381_1011.png
centerX: 0.6719670200235571
centerY: 0.5982028241335045
width: 0.03121319199057715
height: 0.03551561831407788
Area: 0.00034095840307482486
CentroidX: 0.6850
CentroidY: 0.6161
