Location: 2025-04-19_205627-1.png_Gaussian-Median.png
Component: component_1745099319489_185.png
centerX: 0.790341578327444
centerY: 0.323063756953359
width: 0.03356890459363958
height: 0.03209242618741977
Area: 0.0004072348701913651
CentroidX: 0.8065
CentroidY: 0.3390
