Location: 2025-04-19_205627-1.png_Gaussian-Median.png
Component: component_1745099319487_174.png
centerX: 0.09305064782096584
centerY: 0.28754813863928114
width: 0.03180212014134275
height: 0.029525032092426188
Area: 0.0003510384741191656
CentroidX: 0.1081
CentroidY: 0.3033
