Location: 2025-04-19_205532-1.png_Gaussian-Closing.png
Component: component_1745099318997_351.png
centerX: 0.5765606595995288
centerY: 0.8121523320496363
width: 0.028857479387514724
height: 0.03594351732991014
Area: 0.00042411898919063584
CentroidX: 0.5901
CentroidY: 0.8291
