Location: 2025-04-19_205627-1.png_Otsu.png
Component: component_1745099319284_390.png
centerX: 0.04770318021201413
centerY: 0.23277706461275138
width: 0.030624263839811542
height: 0.03423192126658109
Area: 0.0002898020425247957
CentroidX: 0.0624
CentroidY: 0.2494
