Location: 2025-04-19_205627-1.png_Mean-Medain.png
Component: component_1745099319580_116.png
centerX: 0.4010600706713781
centerY: 0.12836970474967907
width: 0.030035335689045935
height: 0.03337612323491656
Area: 0.0003472584474775378
CentroidX: 0.4143
CentroidY: 0.1452
