Location: 2025-04-19_205627-1.png_Mean-Medain.png
Component: component_1745099319582_128.png
centerX: 0.6489988221436984
centerY: 0.16859221223791185
width: 0.03121319199057715
height: 0.03508771929824561
Area: 0.0003641425664768085
CentroidX: 0.6636
CentroidY: 0.1865
