Location: 2025-04-19_205627-1.png_Mean-Medain.png
Component: component_1745099319626_298.png
centerX: 0.5353356890459364
centerY: 0.5425759520753102
width: 0.028268551236749116
height: 0.03508771929824561
Area: 0.0004011868275647607
CentroidX: 0.5490
CentroidY: 0.5612
