Location: 2025-04-19_205627-1.png_Gaussian-Median.png
Component: component_1745099319483_161.png
centerX: 0.6595995288574794
centerY: 0.27899015832263585
width: 0.037102473498233215
height: 0.03551561831407788
Area: 0.0005002235255754082
CentroidX: 0.6789
CentroidY: 0.2966
