Location: 2025-04-19_205627-1.png_Gaussian-Median.png
Component: component_1745099319473_116.png
centerX: 0.6489988221436984
centerY: 0.16859221223791185
width: 0.03121319199057715
height: 0.03508771929824561
Area: 0.00035607850964133593
CentroidX: 0.6635
CentroidY: 0.1864
