Location: 2025-04-19_205627-1.png_Otsu.png
Component: component_1745099319181_306.png
centerX: 0.21908127208480566
centerY: 0.17886178861788618
width: 0.03297997644287397
height: 0.029097133076593923
Area: 0.00025376578854127766
CentroidX: 0.2354
CentroidY: 0.1937
