Location: 2025-04-19_205627-1.png_Otsu.png
Component: component_1745099319299_584.png
centerX: 0.2143698468786808
centerY: 0.33590072742832694
width: 0.030624263839811542
height: 0.030380830124090714
Area: 0.00023259763934816214
CentroidX: 0.2298
CentroidY: 0.3505
