Location: 2025-04-19_205532-1.png_Gaussian-Closing.png
Component: component_1745099318977_265.png
centerX: 0.5276796230859835
centerY: 0.6123234916559692
width: 0.03121319199057715
height: 0.03423192126658109
Area: 0.00041101489683299287
CentroidX: 0.5421
CentroidY: 0.6292
