Location: 2025-04-19_205627-1.png_Gaussian-Median.png
Component: component_1745099319464_71.png
centerX: 0.7614840989399293
centerY: 0.07274283269148481
width: 0.030624263839811542
height: 0.03123662815575524
Area: 0.0003480144528058634
CentroidX: 0.7764
CentroidY: 0.0881
