Location: 2025-04-19_205627-1.png_Otsu.png
Component: component_1745099319326_780.png
centerX: 0.3374558303886926
centerY: 0.4420196833547283
width: 0.02767962308598351
height: 0.031664527171587506
Area: 0.0002114294901550466
CentroidX: 0.3511
CentroidY: 0.4585
