Location: 2025-04-19_205627-1.png_Mean-Medain.png
Component: component_1745099319630_316.png
centerX: 0.24911660777385158
centerY: 0.590928540864356
width: 0.032391048292108364
height: 0.037227214377406934
Area: 0.0004755273515167735
CentroidX: 0.2633
CentroidY: 0.6103
