Location: 2025-04-19_205532-1.png_Gaussian-Closing.png
Component: component_1745099319010_376.png
centerX: 0.7114252061248527
centerY: 0.8647839109970047
width: 0.02944640753828033
height: 0.037227214377406934
Area: 0.000391610760072637
CentroidX: 0.7251
CentroidY: 0.8818
