Location: 2025-04-19_205627-1.png_Gaussian-Median.png
Component: component_1745099319469_95.png
centerX: 0.17432273262661954
centerY: 0.1279418057338468
width: 0.03121319199057715
height: 0.037227214377406934
Area: 0.0003777506623866685
CentroidX: 0.1887
CentroidY: 0.1456
