Location: 2025-04-19_205627-1.png_Gaussian-Median.png
Component: component_1745099319492_194.png
centerX: 0.3545347467608952
centerY: 0.329482242190843
width: 0.030035335689045935
height: 0.03123662815575524
Area: 0.00034877045813418893
CentroidX: 0.3685
CentroidY: 0.3447
