Location: 2025-04-19_205532-1.png_Gaussian-Closing.png
Component: component_1745099318963_206.png
centerX: 0.19140164899882214
centerY: 0.45271715875053486
width: 0.03769140164899882
height: 0.03123662815575524
Area: 0.0004112668986091014
CentroidX: 0.2062
CentroidY: 0.4688
