Location: 2025-04-19_205627-1.png_Mean-Medain.png
Component: component_1745099319592_171.png
centerX: 0.5117785630153121
centerY: 0.27941805733846814
width: 0.0353356890459364
height: 0.03337612323491656
Area: 0.00039967481690810955
CentroidX: 0.5283
CentroidY: 0.2965
