Location: 2025-04-19_205627-1.png_Mean-Medain.png
Component: component_1745099319570_63.png
centerX: 0.610718492343934
centerY: 0.02738553701326487
width: 0.03180212014134275
height: 0.03594351732991014
Area: 0.0003777506623866685
CentroidX: 0.6261
CentroidY: 0.0450
