Location: 2025-04-19_205532-1.png_Gaussian-Closing.png
Component: component_1745099318996_346.png
centerX: 0.7797408716136631
centerY: 0.8065896448438169
width: 0.032391048292108364
height: 0.031664527171587506
Area: 0.00036716658779011073
CentroidX: 0.7942
CentroidY: 0.8225
