Location: 2025-04-19_205627-1.png_Mean-Medain.png
Component: component_1745099319632_330.png
centerX: 0.7550058892815077
centerY: 0.5986307231493367
width: 0.03121319199057715
height: 0.038510911424903725
Area: 0.00047653535862120754
CentroidX: 0.7678
CentroidY: 0.6182
