Location: 2025-04-19_205627-1.png_Gaussian-Median.png
Component: component_1745099319530_336.png
centerX: 0.7120141342756183
centerY: 0.5964912280701754
width: 0.03356890459363958
height: 0.03893881044073599
Area: 0.00044553914015985985
CentroidX: 0.7240
CentroidY: 0.6155
