Location: 2025-04-19_205627-1.png_Otsu.png
Component: component_1745099319330_889.png
centerX: 0.044169611307420496
centerY: 0.4895164741121095
width: 0.028268551236749116
height: 0.03465982028241335
Area: 0.0003177742396728412
CentroidX: 0.0576
CentroidY: 0.5074
