Location: 2025-04-19_205532-1.png_Gaussian-Closing.png
Component: component_1745099318962_198.png
centerX: 0.48468786808009423
centerY: 0.4458707744972187
width: 0.03180212014134275
height: 0.03465982028241335
Area: 0.0004011868275647607
CentroidX: 0.4992
CentroidY: 0.4637
