Location: 2025-04-19_205627-1.png_Otsu.png
Component: component_1745099319287_446.png
centerX: 0.7473498233215548
centerY: 0.2781343602909713
width: 0.03356890459363958
height: 0.03551561831407788
Area: 0.00030341013843465566
CentroidX: 0.7645
CentroidY: 0.2956
