Location: 2025-04-19_205532-1.png_Gaussian-Closing.png
Component: component_1745099319004_371.png
centerX: 0.5789163722025913
centerY: 0.8626444159178434
width: 0.03297997644287397
height: 0.0329482242190843
Area: 0.00038858673875933475
CentroidX: 0.5938
CentroidY: 0.8790
