Location: 2025-04-19_205627-1.png_Gaussian-Median.png
Component: component_1745099319480_145.png
centerX: 0.21849234393404005
centerY: 0.2293538724860933
width: 0.030624263839811542
height: 0.03423192126658109
Area: 0.0003613705469396148
CentroidX: 0.2341
CentroidY: 0.2468
