Location: 2025-04-19_205532-1.png_Gaussian-Closing.png
Component: component_1745099318945_115.png
centerX: 0.6843345111896348
centerY: 0.24390243902439024
width: 0.03356890459363958
height: 0.031664527171587506
Area: 0.00039791080447534996
CentroidX: 0.6994
CentroidY: 0.2590
