Location: 2025-04-19_205627-1.png_Mean-Medain.png
Component: component_1745099319624_290.png
centerX: 0.23616018845700826
centerY: 0.5417201540436457
width: 0.030624263839811542
height: 0.03209242618741977
Area: 0.00041101489683299287
CentroidX: 0.2507
CentroidY: 0.5578
