Location: 2025-04-19_205627-1.png_Otsu.png
Component: component_1745099319326_783.png
centerX: 0.4652532391048292
centerY: 0.4420196833547283
width: 0.030035335689045935
height: 0.03209242618741977
Area: 0.000202861429767357
CentroidX: 0.4796
CentroidY: 0.4584
