Location: 2025-04-19_205532-1.png_Gaussian-Closing.png
Component: component_1745099319011_381.png
centerX: 0.408716136631331
centerY: 0.8682071031236628
width: 0.03415783274440518
height: 0.036799315361574665
Area: 0.0004183229483401399
CentroidX: 0.4236
CentroidY: 0.8864
