Location: 2025-04-19_205627-1.png_Gaussian-Median.png
Component: component_1745099319524_308.png
centerX: 0.464075382803298
centerY: 0.5430038510911425
width: 0.02944640753828033
height: 0.03551561831407788
Area: 0.000391610760072637
CentroidX: 0.4779
CentroidY: 0.5610
