Location: 2025-04-19_205627-1.png_Mean-Medain.png
Component: component_1745099319630_315.png
centerX: 0.20906949352179033
centerY: 0.590928540864356
width: 0.03121319199057715
height: 0.03508771929824561
Area: 0.00045133518101035577
CentroidX: 0.2231
CentroidY: 0.6088
