Location: 2025-04-19_205627-1.png_Otsu.png
Component: component_1745099319063_93.png
centerX: 0.2950530035335689
centerY: 0.07103123662815576
width: 0.02944640753828033
height: 0.029525032092426188
Area: 0.0002434337157208284
CentroidX: 0.3086
CentroidY: 0.0840
