Location: 2025-04-19_205627-1.png_Gaussian-Median.png
Component: component_1745099319458_54.png
centerX: 0.13015312131919907
centerY: 0.028241335044929396
width: 0.030624263839811542
height: 0.03423192126658109
Area: 0.00040824287729579917
CentroidX: 0.1457
CentroidY: 0.0451
