Location: 2025-04-19_205532-1.png_Gaussian-Closing.png
Component: component_1745099318947_127.png
centerX: 0.13604240282685512
centerY: 0.26230209670517757
width: 0.0353356890459364
height: 0.03209242618741977
Area: 0.0004735113373079053
CentroidX: 0.1546
CentroidY: 0.2783
