Location: 2025-04-19_205532-1.png_Gaussian-Closing.png
Component: component_1745099318969_227.png
centerX: 0.18492343934040048
centerY: 0.49893025246041933
width: 0.03415783274440518
height: 0.03551561831407788
Area: 0.0004354590691155191
CentroidX: 0.1985
CentroidY: 0.5163
