Location: 2025-04-19_205627-1.png_Gaussian-Median.png
Component: component_1745099319483_162.png
centerX: 0.36454652532391046
centerY: 0.2798459563543004
width: 0.034746760895170786
height: 0.03808301240907146
Area: 0.0004576352254130687
CentroidX: 0.3799
CentroidY: 0.2988
