Location: 2025-04-19_205532-1.png_Gaussian-Closing.png
Component: component_1745099318955_162.png
centerX: 0.392226148409894
centerY: 0.3508771929824561
width: 0.034746760895170786
height: 0.03209242618741977
Area: 0.0004417591135182321
CentroidX: 0.4067
CentroidY: 0.3659
