Location: 2025-04-19_205532-1.png_Gaussian-Closing.png
Component: component_1745099318954_156.png
centerX: 0.5818610129564193
centerY: 0.34403080872913994
width: 0.034746760895170786
height: 0.03123662815575524
Area: 0.0004493191668014876
CentroidX: 0.5973
CentroidY: 0.3590
