Location: 2025-04-19_205627-1.png_Otsu.png
Component: component_1745099319056_22.png
centerX: 0.3121319199057715
centerY: 0.026957637997432605
width: 0.030035335689045935
height: 0.03423192126658109
Area: 0.00033365035156767786
CentroidX: 0.3272
CentroidY: 0.0439
