Location: 2025-04-19_205627-1.png_Mean-Medain.png
Component: component_1745099319573_75.png
centerX: 0.2950530035335689
centerY: 0.07103123662815576
width: 0.030624263839811542
height: 0.02995293110825845
Area: 0.000342470413731476
CentroidX: 0.3090
CentroidY: 0.0845
