Location: 2025-04-19_205627-1.png_Gaussian-Median.png
Component: component_1745099319470_99.png
centerX: 0.5683156654888104
centerY: 0.12751390671801455
width: 0.03121319199057715
height: 0.03337612323491656
Area: 0.00033239034268713524
CentroidX: 0.5809
CentroidY: 0.1437
