Location: 2025-04-19_205532-1.png_Gaussian-Closing.png
Component: component_1745099318951_145.png
centerX: 0.19140164899882214
centerY: 0.30466409927257165
width: 0.03651354534746761
height: 0.030380830124090714
Area: 0.00044579114193596836
CentroidX: 0.2086
CentroidY: 0.3198
