Location: 2025-04-19_205627-1.png_Mean-Medain.png
Component: component_1745099319573_74.png
centerX: 0.21083627797408716
centerY: 0.07145913564398802
width: 0.02944640753828033
height: 0.03465982028241335
Area: 0.0003505344705669486
CentroidX: 0.2255
CentroidY: 0.0882
