Location: 2025-04-19_205627-1.png_Mean-Medain.png
Component: component_1745099319577_102.png
centerX: 0.8186101295641932
centerY: 0.12323491655969192
width: 0.034746760895170786
height: 0.032520325203252036
Area: 0.00035028246879084
CentroidX: 0.8340
CentroidY: 0.1389
