Location: 2025-04-19_205627-1.png_Mean-Medain.png
Component: component_1745099319583_134.png
centerX: 0.3504122497055359
centerY: 0.1775780915703894
width: 0.030035335689045935
height: 0.03380402225074882
Area: 0.00036313455937237447
CentroidX: 0.3650
CentroidY: 0.1941
