Location: 2025-04-19_205532-1.png_Gaussian-Closing.png
Component: component_1745099318933_57.png
centerX: 0.33981154299175503
centerY: 0.11424903722721438
width: 0.032391048292108364
height: 0.0329482242190843
Area: 0.0004467991490404024
CentroidX: 0.3561
CentroidY: 0.1295
