Location: 2025-04-19_205532-1.png_Gaussian-Closing.png
Component: component_1745099319017_408.png
centerX: 0.13074204946996468
centerY: 0.9161317928968763
width: 0.03180212014134275
height: 0.0329482242190843
Area: 0.0003752306446255833
CentroidX: 0.1449
CentroidY: 0.9318
