Location: 2025-04-19_205627-1.png_Otsu.png
Component: component_1745099319101_105.png
centerX: 0.1248527679623086
centerY: 0.07531022678647839
width: 0.028857479387514724
height: 0.03423192126658109
Area: 0.00029055804785312126
CentroidX: 0.1385
CentroidY: 0.0915
