Location: 2025-04-19_205532-1.png_Gaussian-Closing.png
Component: component_1745099318964_207.png
centerX: 0.14428739693757361
centerY: 0.4540008557980317
width: 0.030624263839811542
height: 0.031664527171587506
Area: 0.000384806712117707
CentroidX: 0.1580
CentroidY: 0.4701
