Location: 2025-04-19_205532-1.png_Gaussian-Closing.png
Component: component_1745099318935_63.png
centerX: 0.04240282685512368
centerY: 0.11810012836970475
width: 0.03356890459363958
height: 0.0329482242190843
Area: 0.00045108317923424725
CentroidX: 0.0598
CentroidY: 0.1341
