Location: 2025-04-19_205532-1.png_Gaussian-Closing.png
Component: component_1745099318986_307.png
centerX: 0.6325088339222615
centerY: 0.7068891741548995
width: 0.02944640753828033
height: 0.03123662815575524
Area: 0.0003762386517300174
CentroidX: 0.6465
CentroidY: 0.7221
