Location: 2025-04-19_205627-1.png_Mean-Medain.png
Component: component_1745099319594_179.png
centerX: 0.2762073027090695
centerY: 0.2845528455284553
width: 0.0353356890459364
height: 0.03380402225074882
Area: 0.0004127789092657525
CentroidX: 0.2920
CentroidY: 0.3018
