Location: 2025-04-19_205532-1.png_Gaussian-Closing.png
Component: component_1745099319023_433.png
centerX: 0.5671378091872792
centerY: 0.9666238767650834
width: 0.032391048292108364
height: 0.03080872913992298
Area: 0.00037850666771499405
CentroidX: 0.5811
CentroidY: 0.9815
