Location: 2025-04-19_205532-1.png_Gaussian-Closing.png
Component: component_1745099318970_232.png
centerX: 0.6713780918727915
centerY: 0.5515618314077878
width: 0.02944640753828033
height: 0.03080872913992298
Area: 0.00043747508332438726
CentroidX: 0.6854
CentroidY: 0.5668
