Location: 2025-04-19_205627-1.png_Mean-Medain.png
Component: component_1745099319616_254.png
centerX: 0.12661955241460543
centerY: 0.4454428754813864
width: 0.028268551236749116
height: 0.02995293110825845
Area: 0.0002978660993602683
CentroidX: 0.1391
CentroidY: 0.4606
