Location: 2025-04-19_205532-1.png_Gaussian-Closing.png
Component: component_1745099318960_185.png
centerX: 0.143698468786808
centerY: 0.39880188275566963
width: 0.03651354534746761
height: 0.029525032092426188
Area: 0.00039463478138593923
CentroidX: 0.1590
CentroidY: 0.4133
