Location: 2025-04-19_205532-1.png_Gaussian-Closing.png
Component: component_1745099318966_219.png
centerX: 0.5865724381625441
centerY: 0.488660676080445
width: 0.03121319199057715
height: 0.03080872913992298
Area: 0.00040194283289308623
CentroidX: 0.5996
CentroidY: 0.5038
