Location: 2025-04-19_205532-1.png_Gaussian-Closing.png
Component: component_1745099318926_25.png
centerX: 0.9358068315665489
centerY: 0.05477107402652974
width: 0.03651354534746761
height: 0.032520325203252036
Area: 0.0004601552431741539
CentroidX: 0.9527
CentroidY: 0.0701
