Location: 2025-04-19_205627-1.png_Gaussian-Median.png
Component: component_1745099319465_78.png
centerX: 0.08480565371024736
centerY: 0.07616602481814291
width: 0.030035335689045935
height: 0.03337612323491656
Area: 0.00035985853628296374
CentroidX: 0.1005
CentroidY: 0.0922
