Location: 2025-04-19_205627-1.png_Gaussian-Median.png
Component: component_1745099319513_279.png
centerX: 0.3910482921083628
centerY: 0.4925117672229354
width: 0.028857479387514724
height: 0.03423192126658109
Area: 0.00040269883822141177
CentroidX: 0.4058
CentroidY: 0.5098
