Location: 2025-04-19_205627-1.png_Mean-Medain.png
Component: component_1745099319625_294.png
centerX: 0.35630153121319197
centerY: 0.5430038510911425
width: 0.027090694935217905
height: 0.029097133076593923
Area: 0.00035431449720857634
CentroidX: 0.3696
CentroidY: 0.5579
