Location: 2025-04-19_205532-1.png_Gaussian-Closing.png
Component: component_1745099318924_13.png
centerX: 0.23027090694935218
centerY: 0.014120667522464698
width: 0.03297997644287397
height: 0.03080872913992298
Area: 0.000454863205875875
CentroidX: 0.2474
CentroidY: 0.0296
