Location: 2025-04-19_205627-1.png_Gaussian-Median.png
Component: component_1745099319495_214.png
centerX: 0.48586572438162545
centerY: 0.3842533162173727
width: 0.03180212014134275
height: 0.03123662815575524
Area: 0.00039236676540096256
CentroidX: 0.5002
CentroidY: 0.3991
