Location: 2025-04-19_205627-1.png_Mean-Medain.png
Component: component_1745099319586_142.png
centerX: 0.08892815076560659
centerY: 0.181857081728712
width: 0.030035335689045935
height: 0.031664527171587506
Area: 0.000349778465238623
CentroidX: 0.1046
CentroidY: 0.1974
