Location: 2025-04-19_205532-1.png_Gaussian-Closing.png
Component: component_1745099318957_170.png
centerX: 0.8598351001177856
centerY: 0.3761232349165597
width: 0.034746760895170786
height: 0.03465982028241335
Area: 0.00045839123074139425
CentroidX: 0.8733
CentroidY: 0.3923
