Location: 2025-04-19_205627-1.png_Gaussian-Median.png
Component: component_1745099319514_285.png
centerX: 0.43109540636042404
centerY: 0.4937954642704322
width: 0.03180212014134275
height: 0.03423192126658109
Area: 0.0004147949234746206
CentroidX: 0.4455
CentroidY: 0.5111
