Location: 2025-04-19_205627-1.png_Mean-Medain.png
Component: component_1745099319583_131.png
centerX: 0.43168433451118965
centerY: 0.17372700042789901
width: 0.03121319199057715
height: 0.03551561831407788
Area: 0.0004059748613108225
CentroidX: 0.4470
CentroidY: 0.1915
