Location: 2025-04-19_205532-1.png_Gaussian-Closing.png
Component: component_1745099318948_131.png
centerX: 0.8816254416961131
centerY: 0.27941805733846814
width: 0.03297997644287397
height: 0.03123662815575524
Area: 0.00043470306378719356
CentroidX: 0.8978
CentroidY: 0.2939
