Location: 2025-04-19_205532-1.png_Gaussian-Closing.png
Component: component_1745099318971_239.png
centerX: 0.5836277974087162
centerY: 0.5532734274711169
width: 0.02944640753828033
height: 0.03423192126658109
Area: 0.00045385519877144095
CentroidX: 0.5961
CentroidY: 0.5707
