Location: 2025-04-19_205532-1.png_Gaussian-Closing.png
Component: component_1745099318959_182.png
centerX: 0.284452296819788
centerY: 0.3949507916131793
width: 0.03297997644287397
height: 0.03080872913992298
Area: 0.0004221029749817677
CentroidX: 0.3002
CentroidY: 0.4098
