Location: 2025-04-19_205532-1.png_Gaussian-Closing.png
Component: component_1745099318973_246.png
centerX: 0.39399293286219084
centerY: 0.5588361146769363
width: 0.03415783274440518
height: 0.03423192126658109
Area: 0.00048762343676998234
CentroidX: 0.4096
CentroidY: 0.5764
