Location: 2025-04-19_205627-1.png_Gaussian-Median.png
Component: component_1745099319475_121.png
centerX: 0.5159010600706714
centerY: 0.17458279845956354
width: 0.02944640753828033
height: 0.03380402225074882
Area: 0.00033516236222432894
CentroidX: 0.5308
CentroidY: 0.1911
