Location: 2025-04-19_205627-1.png_Mean-Medain.png
Component: component_1745099319591_164.png
centerX: 0.9617196702002355
centerY: 0.27043217800599056
width: 0.030035335689045935
height: 0.03508771929824561
Area: 0.00038833473698322624
CentroidX: 0.9767
CentroidY: 0.2885
