Location: 2025-04-19_205627-1.png_Mean-Medain.png
Component: component_1745099319622_281.png
centerX: 0.9634864546525324
centerY: 0.4985023534445871
width: 0.02944640753828033
height: 0.03123662815575524
Area: 0.0003805226819238622
CentroidX: 0.9769
CentroidY: 0.5146
