Location: 2025-04-19_205532-1.png_Gaussian-Closing.png
Component: component_1745099318979_275.png
centerX: 0.17785630153121318
centerY: 0.6238767650834403
width: 0.03180212014134275
height: 0.032520325203252036
Area: 0.00043974309930936394
CentroidX: 0.1930
CentroidY: 0.6401
