Location: 2025-04-19_205627-1.png_Mean-Medain.png
Component: component_1745099319573_77.png
centerX: 0.251472320376914
centerY: 0.07231493367565255
width: 0.030624263839811542
height: 0.03209242618741977
Area: 0.00035885052917852963
CentroidX: 0.2661
CentroidY: 0.0881
