Location: 2025-04-19_205532-1.png_Gaussian-Closing.png
Component: component_1745099318953_150.png
centerX: 0.9228504122497055
centerY: 0.32648694908001713
width: 0.03769140164899882
height: 0.031664527171587506
Area: 0.00044982317035370463
CentroidX: 0.9391
CentroidY: 0.3419
