Location: 2025-04-19_205627-1.png_Gaussian-Median.png
Component: component_1745099319472_111.png
centerX: 0.9517078916372202
centerY: 0.16260162601626016
width: 0.03415783274440518
height: 0.03080872913992298
Area: 0.0003510384741191656
CentroidX: 0.9675
CentroidY: 0.1782
