Location: 2025-04-19_205627-1.png_Mean-Medain.png
Component: component_1745099319597_191.png
centerX: 0.43168433451118965
centerY: 0.3252032520325203
width: 0.03356890459363958
height: 0.03551561831407788
Area: 0.00042991503004113175
CentroidX: 0.4475
CentroidY: 0.3430
