Location: 2025-04-19_205627-1.png_Gaussian-Median.png
Component: component_1745099319482_157.png
centerX: 0.8386336866902238
centerY: 0.2764227642276423
width: 0.03121319199057715
height: 0.02995293110825845
Area: 0.00039740680092313293
CentroidX: 0.8546
CentroidY: 0.2915
