Location: 2025-04-19_205532-1.png_Gaussian-Closing.png
Component: component_1745099318957_171.png
centerX: 0.817432273262662
centerY: 0.3795464270432178
width: 0.032391048292108364
height: 0.0329482242190843
Area: 0.000433443054906651
CentroidX: 0.8309
CentroidY: 0.3957
