Location: 2025-04-19_205627-1.png_Mean-Medain.png
Component: component_1745099319584_136.png
centerX: 0.21849234393404005
centerY: 0.17843388960205392
width: 0.034746760895170786
height: 0.02995293110825845
Area: 0.0003807746836999707
CentroidX: 0.2365
CentroidY: 0.1937
