Location: 2025-04-19_205627-1.png_Mean-Medain.png
Component: component_1745099319569_57.png
centerX: 0.3998822143698469
centerY: 0.026529738981600343
width: 0.03121319199057715
height: 0.03508771929824561
Area: 0.0003830426996849474
CentroidX: 0.4141
CentroidY: 0.0437
