Location: 2025-04-19_205532-1.png_Gaussian-Closing.png
Component: component_1745099318990_316.png
centerX: 0.2067137809187279
centerY: 0.7175866495507061
width: 0.030035335689045935
height: 0.03209242618741977
Area: 0.00040219483466919474
CentroidX: 0.2217
CentroidY: 0.7336
