Location: 2025-04-19_205627-1.png_Otsu.png
Component: component_1745099319062_88.png
centerX: 0.464075382803298
centerY: 0.06974753958065896
width: 0.03121319199057715
height: 0.031664527171587506
Area: 0.00027442993418217614
CentroidX: 0.4786
CentroidY: 0.0839
