Location: 2025-04-19_205532-1.png_Gaussian-Closing.png
Component: component_1745099318935_64.png
centerX: 0.08716136631330977
centerY: 0.11810012836970475
width: 0.03415783274440518
height: 0.029097133076593923
Area: 0.00042185097320565916
CentroidX: 0.1027
CentroidY: 0.1324
