Location: 2025-04-19_205627-1.png_Otsu.png
Component: component_1745099319282_381.png
centerX: 0.3080094228504123
centerY: 0.2293538724860933
width: 0.030624263839811542
height: 0.0329482242190843
Area: 0.0002698939022122228
CentroidX: 0.3229
CentroidY: 0.2459
