Location: 2025-04-19_205532-1.png_Gaussian-Closing.png
Component: component_1745099318927_28.png
centerX: 0.6548881036513545
centerY: 0.05648267008985879
width: 0.037102473498233215
height: 0.03380402225074882
Area: 0.0004150469252507292
CentroidX: 0.6746
CentroidY: 0.0727
