Location: 2025-04-19_205627-1.png_Otsu.png
Component: component_1745099319110_161.png
centerX: 0.7314487632508834
centerY: 0.12280701754385964
width: 0.03180212014134275
height: 0.03209242618741977
Area: 0.000287030022987602
CentroidX: 0.7472
CentroidY: 0.1390
