Location: 2025-04-19_205532-1.png_Gaussian-Closing.png
Component: component_1745099318928_32.png
centerX: 0.44758539458186103
centerY: 0.058622165169020114
width: 0.0353356890459364
height: 0.03123662815575524
Area: 0.0004253789980711784
CentroidX: 0.4635
CentroidY: 0.0743
