Location: 2025-04-19_205627-1.png_Gaussian-Median.png
Component: component_1745099319519_303.png
centerX: 0.6372202591283863
centerY: 0.5417201540436457
width: 0.030624263839811542
height: 0.036799315361574665
Area: 0.00039992681868421807
CentroidX: 0.6514
CentroidY: 0.5603
