Location: 2025-04-19_205532-1.png_Gaussian-Closing.png
Component: component_1745099318964_210.png
centerX: 0.8645465253239105
centerY: 0.4830979888746256
width: 0.030624263839811542
height: 0.03123662815575524
Area: 0.00043016703181724027
CentroidX: 0.8792
CentroidY: 0.4983
