Location: 2025-04-19_205627-1.png_Gaussian-Median.png
Component: component_1745099319482_159.png
centerX: 0.7473498233215548
centerY: 0.2781343602909713
width: 0.035924617196702
height: 0.03594351732991014
Area: 0.0004488151632492706
CentroidX: 0.7650
CentroidY: 0.2955
