Location: 2025-04-19_205627-1.png_Otsu.png
Component: component_1745099319100_104.png
centerX: 0.797997644287397
centerY: 0.07445442875481387
width: 0.03356890459363958
height: 0.031664527171587506
Area: 0.000272917923525525
CentroidX: 0.8148
CentroidY: 0.0888
