Location: 2025-04-19_205532-1.png_Gaussian-Closing.png
Component: component_1745099318990_317.png
centerX: 0.16607773851590105
centerY: 0.7210098416773641
width: 0.028268551236749116
height: 0.03209242618741977
Area: 0.0003850587138938155
CentroidX: 0.1790
CentroidY: 0.7368
