Location: 2025-04-19_205627-1.png_Gaussian-Median.png
Component: component_1745099319493_206.png
centerX: 0.9187279151943463
centerY: 0.3795464270432178
width: 0.028857479387514724
height: 0.036371416345742404
Area: 0.0003679225931184363
CentroidX: 0.9310
CentroidY: 0.3978
