Location: 2025-04-19_205627-1.png_Gaussian-Median.png
Component: component_1745099319469_93.png
centerX: 0.6095406360424028
centerY: 0.12623020967051776
width: 0.030035335689045935
height: 0.03508771929824561
Area: 0.0003611185451635063
CentroidX: 0.6209
CentroidY: 0.1432
