Location: 2025-04-19_205532-1.png_Gaussian-Closing.png
Component: component_1745099318995_341.png
centerX: 0.12367491166077739
centerY: 0.7689345314505777
width: 0.030624263839811542
height: 0.032520325203252036
Area: 0.0004092508844002333
CentroidX: 0.1380
CentroidY: 0.7849
