Location: 2025-04-19_205532-1.png_Gaussian-Closing.png
Component: component_1745099319020_418.png
centerX: 0.9593639575971732
centerY: 0.9636285836542576
width: 0.03180212014134275
height: 0.036371416345742404
Area: 0.00042613500339950394
CentroidX: 0.9729
CentroidY: 0.9822
