Location: 2025-04-19_205627-1.png_Otsu.png
Component: component_1745099319277_374.png
centerX: 0.6183745583038869
centerY: 0.22807017543859648
width: 0.03356890459363958
height: 0.03080872913992298
Area: 0.00027115391109276536
CentroidX: 0.6353
CentroidY: 0.2440
