Location: 2025-04-19_205627-1.png_Gaussian-Median.png
Component: component_1745099319468_88.png
centerX: 0.7744405182567726
centerY: 0.12323491655969192
width: 0.03297997644287397
height: 0.03123662815575524
Area: 0.0003593545327307467
CentroidX: 0.7903
CentroidY: 0.1384
