Location: 2025-04-19_205627-1.png_Mean-Medain.png
Component: component_1745099319601_210.png
centerX: 0.7426383981154299
centerY: 0.3804022250748823
width: 0.028857479387514724
height: 0.03380402225074882
Area: 0.0003860667209982496
CentroidX: 0.7568
CentroidY: 0.3963
