Location: 2025-04-19_205627-1.png_Mean-Medain.png
Component: component_1745099319593_174.png
centerX: 0.4122497055359246
centerY: 0.2807017543859649
width: 0.037102473498233215
height: 0.03337612323491656
Area: 0.00043571107089162767
CentroidX: 0.4288
CentroidY: 0.2974
