Location: 2025-04-19_205532-1.png_Gaussian-Closing.png
Component: component_1745099319013_388.png
centerX: 0.3250883392226148
centerY: 0.8707744972186564
width: 0.030624263839811542
height: 0.030380830124090714
Area: 0.0003530544883280337
CentroidX: 0.3409
CentroidY: 0.8856
