Location: 2025-04-19_205627-1.png_Mean-Medain.png
Component: component_1745099319595_181.png
centerX: 0.044169611307420496
centerY: 0.28712023962344885
width: 0.03180212014134275
height: 0.03423192126658109
Area: 0.0004147949234746206
CentroidX: 0.0603
CentroidY: 0.3040
