Location: 2025-04-19_205627-1.png_Mean-Medain.png
Component: component_1745099319614_248.png
centerX: 0.5447585394581861
centerY: 0.441591784338896
width: 0.03651354534746761
height: 0.03209242618741977
Area: 0.00036867859844676187
CentroidX: 0.5609
CentroidY: 0.4573
