Location: 2025-04-19_205627-1.png_Mean-Medain.png
Component: component_1745099319632_327.png
centerX: 0.8380447585394581
centerY: 0.5977749251176723
width: 0.034746760895170786
height: 0.03893881044073599
Area: 0.0005009795309037338
CentroidX: 0.8510
CentroidY: 0.6188
