Location: 2025-04-19_205627-1.png_Mean-Medain.png
Component: component_1745099319575_84.png
centerX: 0.797997644287397
centerY: 0.07445442875481387
width: 0.03356890459363958
height: 0.03209242618741977
Area: 0.00036011053805907225
CentroidX: 0.8143
CentroidY: 0.0899
