Location: 2025-04-19_205627-1.png_Gaussian-Median.png
Component: component_1745099319460_60.png
centerX: 0.5041224970553593
centerY: 0.0693196405648267
width: 0.03297997644287397
height: 0.03080872913992298
Area: 0.00032785431071718195
CentroidX: 0.5196
CentroidY: 0.0834
