Location: 2025-04-19_205627-1.png_Otsu.png
Component: component_1745099319327_793.png
centerX: 0.502944640753828
centerY: 0.44244758237056053
width: 0.03121319199057715
height: 0.03123662815575524
Area: 0.00022201356475160436
CentroidX: 0.5175
CentroidY: 0.4599
