Location: 2025-04-19_205532-1.png_Gaussian-Closing.png
Component: component_1745099318970_234.png
centerX: 0.7131919905771495
centerY: 0.55198973042362
width: 0.03356890459363958
height: 0.0329482242190843
Area: 0.0004490671650253791
CentroidX: 0.7297
CentroidY: 0.5689
