Location: 2025-04-19_205627-1.png_Mean-Medain.png
Component: component_1745099319609_244.png
centerX: 0.3374558303886926
centerY: 0.441591784338896
width: 0.02944640753828033
height: 0.0329482242190843
Area: 0.0003694346037750874
CentroidX: 0.3516
CentroidY: 0.4579
