Location: 2025-04-19_205532-1.png_Gaussian-Closing.png
Component: component_1745099319014_397.png
centerX: 0.6808009422850412
centerY: 0.9109970047068892
width: 0.03297997644287397
height: 0.03465982028241335
Area: 0.0004173149412357058
CentroidX: 0.6946
CentroidY: 0.9276
