Location: 2025-04-19_205532-1.png_Gaussian-Closing.png
Component: component_1745099318954_155.png
centerX: 0.6313309776207303
centerY: 0.33975181857081727
width: 0.034746760895170786
height: 0.03209242618741977
Area: 0.0004478071561448365
CentroidX: 0.6472
CentroidY: 0.3557
