Location: 2025-04-19_205627-1.png_Mean-Medain.png
Component: component_1745099319622_280.png
centerX: 0.8851590106007067
centerY: 0.4980744544287548
width: 0.03180212014134275
height: 0.03209242618741977
Area: 0.00042865502116058913
CentroidX: 0.9009
CentroidY: 0.5140
