Location: 2025-04-19_205627-1.png_Mean-Medain.png
Component: component_1745099319631_320.png
centerX: 0.41872791519434627
centerY: 0.5956354300385109
width: 0.03415783274440518
height: 0.03465982028241335
Area: 0.0004447831348315343
CentroidX: 0.4324
CentroidY: 0.6132
