Location: 2025-04-19_205532-1.png_Gaussian-Closing.png
Component: component_1745099318996_349.png
centerX: 0.8197879858657244
centerY: 0.8070175438596491
width: 0.03121319199057715
height: 0.03337612323491656
Area: 0.00035985853628296374
CentroidX: 0.8331
CentroidY: 0.8238
