Location: 2025-04-19_205627-1.png_Otsu.png
Component: component_1745099319313_677.png
centerX: 0.6996466431095406
centerY: 0.3821138211382114
width: 0.03180212014134275
height: 0.03337612323491656
Area: 0.0002409136979597432
CentroidX: 0.7125
CentroidY: 0.3988
