Location: 2025-04-19_205532-1.png_Gaussian-Closing.png
Component: component_1745099318949_136.png
centerX: 0.6395759717314488
centerY: 0.28968763371844247
width: 0.0353356890459364
height: 0.032520325203252036
Area: 0.00047754336572564164
CentroidX: 0.6578
CentroidY: 0.3059
