Location: 2025-04-19_205532-1.png_Gaussian-Closing.png
Component: component_1745099318943_105.png
centerX: 0.13015312131919907
centerY: 0.21052631578947367
width: 0.032391048292108364
height: 0.03080872913992298
Area: 0.0004309230371455658
CentroidX: 0.1460
CentroidY: 0.2258
