Location: 2025-04-19_205627-1.png_Gaussian-Median.png
Component: component_1745099319481_154.png
centerX: 0.9240282685512368
centerY: 0.2734274711168164
width: 0.02944640753828033
height: 0.03337612323491656
Area: 0.0003482664545819719
CentroidX: 0.9376
CentroidY: 0.2902
