Location: 2025-04-19_205627-1.png_Otsu.png
Component: component_1745099319330_890.png
centerX: 0.08303886925795052
centerY: 0.4895164741121095
width: 0.030035335689045935
height: 0.03380402225074882
Area: 0.00036187455049183185
CentroidX: 0.0981
CentroidY: 0.5061
