Location: 2025-04-19_205532-1.png_Gaussian-Closing.png
Component: component_1745099318937_74.png
centerX: 0.5641931684334511
centerY: 0.15575524176294395
width: 0.03828032979976443
height: 0.029097133076593923
Area: 0.00042865502116058913
CentroidX: 0.5812
CentroidY: 0.1698
