Location: 2025-04-19_205627-1.png_Otsu.png
Component: component_1745099319328_796.png
centerX: 0.21672555948174324
centerY: 0.44373127941805734
width: 0.02591283863368669
height: 0.032520325203252036
Area: 0.00019429336937966737
CentroidX: 0.2288
CentroidY: 0.4615
