Location: 2025-04-19_205627-1.png_Gaussian-Median.png
Component: component_1745099319473_114.png
centerX: 0.8197879858657244
centerY: 0.16388532306375694
width: 0.03297997644287397
height: 0.032520325203252036
Area: 0.00034877045813418893
CentroidX: 0.8355
CentroidY: 0.1804
