Location: 2025-04-19_205627-1.png_Mean-Medain.png
Component: component_1745099319596_186.png
centerX: 0.9240282685512368
centerY: 0.3204963628583654
width: 0.03356890459363958
height: 0.037655113393239195
Area: 0.0004707393177707117
CentroidX: 0.9415
CentroidY: 0.3389
