Location: 2025-04-19_205532-1.png_Gaussian-Closing.png
Component: component_1745099318971_238.png
centerX: 0.931095406360424
centerY: 0.5524176294394523
width: 0.03297997644287397
height: 0.03380402225074882
Area: 0.0004520911863386813
CentroidX: 0.9445
CentroidY: 0.5696
