Location: 2025-04-19_205627-1.png_Mean-Medain.png
Component: component_1745099319566_49.png
centerX: 0.2226148409893993
centerY: 0.025246041934103552
width: 0.03121319199057715
height: 0.03423192126658109
Area: 0.0004404991046376895
CentroidX: 0.2370
CentroidY: 0.0421
