Location: 2025-04-19_205627-1.png_Otsu.png
Component: component_1745099319287_445.png
centerX: 0.7055359246171967
centerY: 0.2785622593068036
width: 0.03415783274440518
height: 0.03337612323491656
Area: 0.0003102141863895857
CentroidX: 0.7230
CentroidY: 0.2959
