Location: 2025-04-19_205532-1.png_Gaussian-Closing.png
Component: component_1745099318995_344.png
centerX: 0.8580683156654888
centerY: 0.8040222507488233
width: 0.026501766784452298
height: 0.03508771929824561
Area: 0.00037397063574504076
CentroidX: 0.8701
CentroidY: 0.8218
