Location: 2025-04-19_205627-1.png_Mean-Medain.png
Component: component_1745099319606_230.png
centerX: 0.17667844522968199
centerY: 0.3910997004706889
width: 0.03415783274440518
height: 0.03551561831407788
Area: 0.0004394910975332554
CentroidX: 0.1902
CentroidY: 0.4088
