Location: 2025-04-19_205627-1.png_Otsu.png
Component: component_1745099319320_703.png
centerX: 0.13074204946996468
centerY: 0.3910997004706889
width: 0.0353356890459364
height: 0.03337612323491656
Area: 0.00027745395549547835
CentroidX: 0.1453
CentroidY: 0.4084
