Location: 2025-04-19_205627-1.png_Mean-Medain.png
Component: component_1745099319621_274.png
centerX: 0.43109540636042404
centerY: 0.4937954642704322
width: 0.03180212014134275
height: 0.03423192126658109
Area: 0.00042941102648891467
CentroidX: 0.4455
CentroidY: 0.5111
