Location: 2025-04-19_205532-1.png_Gaussian-Closing.png
Component: component_1745099318981_285.png
centerX: 0.5636042402826855
centerY: 0.6593923833975182
width: 0.03121319199057715
height: 0.03465982028241335
Area: 0.0003981628062514585
CentroidX: 0.5762
CentroidY: 0.6769
