Location: 2025-04-19_205532-1.png_Gaussian-Closing.png
Component: component_1745099318961_192.png
centerX: 0.7826855123674912
centerY: 0.4420196833547283
width: 0.03828032979976443
height: 0.0329482242190843
Area: 0.0004523431881147898
CentroidX: 0.7997
CentroidY: 0.4576
