Location: 2025-04-19_205627-1.png_Otsu.png
Component: component_1745099319316_692.png
centerX: 0.30624263839811544
centerY: 0.38724860932819855
width: 0.030035335689045935
height: 0.03337612323491656
Area: 0.00029610208692750867
CentroidX: 0.3205
CentroidY: 0.4035
