Location: 2025-04-19_205627-1.png_Gaussian-Median.png
Component: component_1745099319494_210.png
centerX: 0.6996466431095406
centerY: 0.3816859221223791
width: 0.03297997644287397
height: 0.03465982028241335
Area: 0.0003956427884903733
CentroidX: 0.7127
CentroidY: 0.3988
