Location: 2025-04-19_205627-1.png_Mean-Medain.png
Component: component_1745099319604_221.png
centerX: 0.5736160188457008
centerY: 0.3855370132648695
width: 0.03180212014134275
height: 0.03209242618741977
Area: 0.00042588300162339543
CentroidX: 0.5874
CentroidY: 0.4020
