Location: 2025-04-19_205627-1.png_Gaussian-Median.png
Component: component_1745099319464_73.png
centerX: 0.797997644287397
centerY: 0.07445442875481387
width: 0.03356890459363958
height: 0.03209242618741977
Area: 0.00035330649010414223
CentroidX: 0.8143
CentroidY: 0.0899
