Location: 2025-04-19_205627-1.png_Otsu.png
Component: component_1745099319369_978.png
centerX: 0.1625441696113074
centerY: 0.5887890457851946
width: 0.03356890459363958
height: 0.036371416345742404
Area: 0.00035607850964133593
CentroidX: 0.1766
CentroidY: 0.6080
