Location: 2025-04-19_205627-1.png_Gaussian-Median.png
Component: component_1745099319450_43.png
centerX: 0.9104829210836278
centerY: 0.025673940949935817
width: 0.03356890459363958
height: 0.03337612323491656
Area: 0.0003906027529682029
CentroidX: 0.9251
CentroidY: 0.0417
