Location: 2025-04-19_205532-1.png_Gaussian-Closing.png
Component: component_1745099318945_113.png
centerX: 0.7750294464075382
centerY: 0.2409071459135644
width: 0.03121319199057715
height: 0.032520325203252036
Area: 0.0004122749057135355
CentroidX: 0.7900
CentroidY: 0.2567
