Location: 2025-04-19_205532-1.png_Gaussian-Closing.png
Component: component_1745099318980_282.png
centerX: 0.7061248527679623
centerY: 0.6529738981600343
width: 0.03121319199057715
height: 0.03337612323491656
Area: 0.0003888387405354433
CentroidX: 0.7200
CentroidY: 0.6699
