Location: 2025-04-19_205532-1.png_Gaussian-Closing.png
Component: component_1745099318940_90.png
centerX: 0.8050647820965842
centerY: 0.19426615318784768
width: 0.03651354534746761
height: 0.03508771929824561
Area: 0.0004450351366076428
CentroidX: 0.8239
CentroidY: 0.2121
