Location: 2025-04-19_205532-1.png_Gaussian-Closing.png
Component: component_1745099318946_122.png
centerX: 0.3551236749116608
centerY: 0.2563115104835259
width: 0.030035335689045935
height: 0.03123662815575524
Area: 0.0004228589803100932
CentroidX: 0.3698
CentroidY: 0.2716
