Location: 2025-04-19_205627-1.png_Otsu.png
Component: component_1745099319294_551.png
centerX: 0.8374558303886925
centerY: 0.32220795892169446
width: 0.02767962308598351
height: 0.03380402225074882
Area: 0.00029585008515140015
CentroidX: 0.8511
CentroidY: 0.3386
