Location: 2025-04-19_205627-1.png_Mean-Medain.png
Component: component_1745099319630_317.png
centerX: 0.33627797408716137
centerY: 0.5905006418485238
width: 0.032391048292108364
height: 0.037227214377406934
Area: 0.00047451934441233943
CentroidX: 0.3491
CentroidY: 0.6094
