Location: 2025-04-19_205627-1.png_Gaussian-Median.png
Component: component_1745099319506_258.png
centerX: 0.21613663133097763
centerY: 0.44330338040222506
width: 0.028857479387514724
height: 0.03337612323491656
Area: 0.00032961832314994154
CentroidX: 0.2292
CentroidY: 0.4604
