Location: 2025-04-19_205627-1.png_Mean-Medain.png
Component: component_1745099319588_153.png
centerX: 0.5724381625441696
centerY: 0.2267864783910997
width: 0.03180212014134275
height: 0.03209242618741977
Area: 0.000378002664162777
CentroidX: 0.5878
CentroidY: 0.2434
