Location: 2025-04-19_205532-1.png_Gaussian-Closing.png
Component: component_1745099318923_6.png
centerX: 0.6307420494699647
centerY: 0.012409071459135643
width: 0.03121319199057715
height: 0.03551561831407788
Area: 0.0004490671650253791
CentroidX: 0.6475
CentroidY: 0.0299
