Location: 2025-04-19_205532-1.png_Gaussian-Closing.png
Component: component_1745099318990_319.png
centerX: 0.12661955241460543
centerY: 0.7222935387248609
width: 0.02944640753828033
height: 0.03123662815575524
Area: 0.00036741858956621925
CentroidX: 0.1403
CentroidY: 0.7382
