Location: 2025-04-19_205627-1.png_Gaussian-Median.png
Component: component_1745099319532_341.png
centerX: 0.7550058892815077
centerY: 0.5986307231493367
width: 0.02944640753828033
height: 0.038510911424903725
Area: 0.0004349550655633021
CentroidX: 0.7672
CentroidY: 0.6176
