Location: 2025-04-19_205532-1.png_Gaussian-Closing.png
Component: component_1745099318998_356.png
centerX: 0.6183745583038869
centerY: 0.8147197261446298
width: 0.030035335689045935
height: 0.030380830124090714
Area: 0.0003764906535061259
CentroidX: 0.6325
CentroidY: 0.8294
