Location: 2025-04-19_205532-1.png_Gaussian-Closing.png
Component: component_1745099318925_20.png
centerX: 0.8904593639575972
centerY: 0.014976465554129225
width: 0.03415783274440518
height: 0.03209242618741977
Area: 0.0004742673426362309
CentroidX: 0.9062
CentroidY: 0.0310
