Location: 2025-04-19_205627-1.png_Otsu.png
Component: component_1745099319321_768.png
centerX: 0.8074204946996466
centerY: 0.43902439024390244
width: 0.030035335689045935
height: 0.03508771929824561
Area: 0.0002434337157208284
CentroidX: 0.8223
CentroidY: 0.4547
