Location: 2025-04-19_205627-1.png_Gaussian-Median.png
Component: component_1745099319496_219.png
centerX: 0.30565371024734983
centerY: 0.38724860932819855
width: 0.030624263839811542
height: 0.03380402225074882
Area: 0.0004173149412357058
CentroidX: 0.3206
CentroidY: 0.4041
