Location: 2025-04-19_205532-1.png_Gaussian-Closing.png
Component: component_1745099318953_153.png
centerX: 0.7279151943462897
centerY: 0.3329054343175011
width: 0.037102473498233215
height: 0.03080872913992298
Area: 0.00044427913127931723
CentroidX: 0.7441
CentroidY: 0.3477
