Location: 2025-04-19_205627-1.png_Gaussian-Median.png
Component: component_1745099319470_96.png
centerX: 0.30859835100117783
centerY: 0.12751390671801455
width: 0.03297997644287397
height: 0.03508771929824561
Area: 0.00039513878493815626
CentroidX: 0.3244
CentroidY: 0.1446
