Location: 2025-04-19_205627-1.png_Otsu.png
Component: component_1745099319380_1010.png
centerX: 0.6336866902237926
centerY: 0.5986307231493367
width: 0.03180212014134275
height: 0.03508771929824561
Area: 0.0003213022645383605
CentroidX: 0.6462
CentroidY: 0.6165
