Location: 2025-04-19_205532-1.png_Gaussian-Closing.png
Component: component_1745099318997_354.png
centerX: 0.5259128386336867
centerY: 0.8138639281129654
width: 0.03651354534746761
height: 0.03380402225074882
Area: 0.0004011868275647607
CentroidX: 0.5403
CentroidY: 0.8302
