Location: 2025-04-19_205627-1.png_Otsu.png
Component: component_1745099319181_304.png
centerX: 0.30565371024734983
centerY: 0.17800599058622166
width: 0.03297997644287397
height: 0.03209242618741977
Area: 0.00024670973881023913
CentroidX: 0.3212
CentroidY: 0.1939
