Location: 2025-04-19_205627-1.png_Mean-Medain.png
Component: component_1745099319578_103.png
centerX: 0.9517078916372202
centerY: 0.12323491655969192
width: 0.034746760895170786
height: 0.03380402225074882
Area: 0.000441255109966015
CentroidX: 0.9685
CentroidY: 0.1398
