Location: 2025-04-19_205627-1.png_Gaussian-Median.png
Component: component_1745099319495_212.png
centerX: 0.7826855123674912
centerY: 0.38254172015404364
width: 0.032391048292108364
height: 0.03465982028241335
Area: 0.00038153068902829627
CentroidX: 0.7982
CentroidY: 0.3989
