Location: 2025-04-19_205627-1.png_Mean-Medain.png
Component: component_1745099319594_180.png
centerX: 0.22673733804475854
centerY: 0.2862644415917843
width: 0.03769140164899882
height: 0.032520325203252036
Area: 0.0004281510176083721
CentroidX: 0.2427
CentroidY: 0.3028
