Location: 2025-04-19_205627-1.png_Mean-Medain.png
Component: component_1745099319585_139.png
centerX: 0.4787985865724382
centerY: 0.17843388960205392
width: 0.030624263839811542
height: 0.03123662815575524
Area: 0.00034902245991029745
CentroidX: 0.4934
CentroidY: 0.1942
