Location: 2025-04-19_205627-1.png_Gaussian-Median.png
Component: component_1745099319479_142.png
centerX: 0.43580683156654887
centerY: 0.22764227642276422
width: 0.03297997644287397
height: 0.037227214377406934
Area: 0.00039992681868421807
CentroidX: 0.4525
CentroidY: 0.2458
