Location: 2025-04-19_205532-1.png_Gaussian-Closing.png
Component: component_1745099318927_29.png
centerX: 0.6972909305064782
centerY: 0.05648267008985879
width: 0.03356890459363958
height: 0.032520325203252036
Area: 0.0004092508844002333
CentroidX: 0.7135
CentroidY: 0.0713
