Location: 2025-04-19_205627-1.png_Mean-Medain.png
Component: component_1745099319617_261.png
centerX: 0.08303886925795052
centerY: 0.4895164741121095
width: 0.030035335689045935
height: 0.03380402225074882
Area: 0.00040521885598249696
CentroidX: 0.0982
CentroidY: 0.5063
