Location: 2025-04-19_205532-1.png_Gaussian-Closing.png
Component: component_1745099319002_370.png
centerX: 0.5400471142520612
centerY: 0.8622165169020112
width: 0.028857479387514724
height: 0.03337612323491656
Area: 0.00034171440840315045
CentroidX: 0.5531
CentroidY: 0.8788
