Location: 2025-04-19_205627-1.png_Mean-Medain.png
Component: component_1745099319592_168.png
centerX: 0.8386336866902238
centerY: 0.2764227642276423
width: 0.03121319199057715
height: 0.02995293110825845
Area: 0.0004089988826241247
CentroidX: 0.8547
CentroidY: 0.2915
