Location: 2025-04-19_205532-1.png_Gaussian-Closing.png
Component: component_1745099318960_190.png
centerX: 0.9269729093050648
centerY: 0.4407359863072315
width: 0.03651354534746761
height: 0.03209242618741977
Area: 0.00042462299274285286
CentroidX: 0.9452
CentroidY: 0.4559
