Location: 2025-04-19_205532-1.png_Gaussian-Closing.png
Component: component_1745099318998_359.png
centerX: 0.24381625441696114
centerY: 0.8168592212237912
width: 0.028857479387514724
height: 0.0329482242190843
Area: 0.00038127868725218775
CentroidX: 0.2578
CentroidY: 0.8335
