Location: 2025-04-19_205627-1.png_Mean-Medain.png
Component: component_1745099319578_106.png
centerX: 0.6095406360424028
centerY: 0.12623020967051776
width: 0.030035335689045935
height: 0.03508771929824561
Area: 0.0003694346037750874
CentroidX: 0.6210
CentroidY: 0.1431
