Location: 2025-04-19_205627-1.png_Otsu.png
Component: component_1745099319315_680.png
centerX: 0.7832744405182568
centerY: 0.38296961916987593
width: 0.03121319199057715
height: 0.03380402225074882
Area: 0.0002222655665277129
CentroidX: 0.7981
CentroidY: 0.3995
