Location: 2025-04-19_205627-1.png_Mean-Medain.png
Component: component_1745099319588_151.png
centerX: 0.6648998822143698
centerY: 0.22635857937526743
width: 0.032391048292108364
height: 0.031664527171587506
Area: 0.0003878307334310092
CentroidX: 0.6801
CentroidY: 0.2423
