Location: 2025-04-19_205532-1.png_Gaussian-Closing.png
Component: component_1745099318929_36.png
centerX: 0.3580683156654888
centerY: 0.06076166024818143
width: 0.03180212014134275
height: 0.031664527171587506
Area: 0.00040799087551969066
CentroidX: 0.3747
CentroidY: 0.0773
