Location: 2025-04-19_205532-1.png_Gaussian-Closing.png
Component: component_1745099318945_116.png
centerX: 0.6360424028268551
centerY: 0.24518613607188702
width: 0.03180212014134275
height: 0.03080872913992298
Area: 0.0003981628062514585
CentroidX: 0.6508
CentroidY: 0.2594
