Location: 2025-04-19_205627-1.png_Otsu.png
Component: component_1745099319062_89.png
centerX: 0.5041224970553593
centerY: 0.0693196405648267
width: 0.032391048292108364
height: 0.029525032092426188
Area: 0.0002457017317058051
CentroidX: 0.5193
CentroidY: 0.0830
