Location: 2025-04-19_205532-1.png_Gaussian-Closing.png
Component: component_1745099318930_45.png
centerX: 0.8828032979976443
centerY: 0.10355156183140779
width: 0.037102473498233215
height: 0.029525032092426188
Area: 0.00042915902471280616
CentroidX: 0.9003
CentroidY: 0.1177
