Location: 2025-04-19_205532-1.png_Gaussian-Closing.png
Component: component_1745099319009_373.png
centerX: 0.8704358068315665
centerY: 0.8630723149336756
width: 0.030624263839811542
height: 0.03508771929824561
Area: 0.00040068282401254366
CentroidX: 0.8854
CentroidY: 0.8803
