Location: 2025-04-19_205532-1.png_Gaussian-Closing.png
Component: component_1745099318937_71.png
centerX: 0.6566548881036514
centerY: 0.15361574668378264
width: 0.035924617196702
height: 0.03337612323491656
Area: 0.00046645528757686684
CentroidX: 0.6746
CentroidY: 0.1692
