Location: 2025-04-19_205627-1.png_Mean-Medain.png
Component: component_1745099319586_143.png
centerX: 0.9352179034157833
centerY: 0.21480530594779632
width: 0.030624263839811542
height: 0.03337612323491656
Area: 0.00044856316147316207
CentroidX: 0.9493
CentroidY: 0.2316
