Location: 2025-04-19_205532-1.png_Gaussian-Closing.png
Component: component_1745099318956_169.png
centerX: 0.9051825677267373
centerY: 0.37398373983739835
width: 0.03121319199057715
height: 0.031664527171587506
Area: 0.00042613500339950394
CentroidX: 0.9196
CentroidY: 0.3900
