Location: 2025-04-19_205532-1.png_Gaussian-Closing.png
Component: component_1745099318927_27.png
centerX: 0.5818610129564193
centerY: 0.056910569105691054
width: 0.030624263839811542
height: 0.032520325203252036
Area: 0.0004152989270268377
CentroidX: 0.5974
CentroidY: 0.0735
