Location: 2025-04-19_205532-1.png_Gaussian-Closing.png
Component: component_1745099318954_158.png
centerX: 0.4829210836277974
centerY: 0.34873769790329484
width: 0.0353356890459364
height: 0.030380830124090714
Area: 0.00042185097320565916
CentroidX: 0.4984
CentroidY: 0.3635
