Location: 2025-04-19_205627-1.png_Mean-Medain.png
Component: component_1745099319607_236.png
centerX: 0.7626619552414605
centerY: 0.43945228925973473
width: 0.037102473498233215
height: 0.03380402225074882
Area: 0.00045536720942809203
CentroidX: 0.7789
CentroidY: 0.4561
