Location: 2025-04-19_205627-1.png_Gaussian-Median.png
Component: component_1745099319525_313.png
centerX: 0.6024734982332155
centerY: 0.5447154471544715
width: 0.028268551236749116
height: 0.0329482242190843
Area: 0.0003470064457014293
CentroidX: 0.6154
CentroidY: 0.5614
