Location: 2025-04-19_205627-1.png_Gaussian-Median.png
Component: component_1745099319482_155.png
centerX: 0.8792697290930507
centerY: 0.27428326914848095
width: 0.03356890459363958
height: 0.03337612323491656
Area: 0.00040521885598249696
CentroidX: 0.8952
CentroidY: 0.2908
