Location: 2025-04-19_205532-1.png_Gaussian-Closing.png
Component: component_1745099318961_193.png
centerX: 0.8333333333333334
centerY: 0.4420196833547283
width: 0.03651354534746761
height: 0.03423192126658109
Area: 0.0004782993710539672
CentroidX: 0.8504
CentroidY: 0.4583
