Location: 2025-04-19_205532-1.png_Gaussian-Closing.png
Component: component_1745099318947_126.png
centerX: 0.18256772673733804
centerY: 0.2601626016260163
width: 0.03356890459363958
height: 0.03080872913992298
Area: 0.0003817826908044048
CentroidX: 0.1985
CentroidY: 0.2756
