Location: 2025-04-19_205627-1.png_Otsu.png
Component: component_1745099319382_1012.png
centerX: 0.8027090694935218
centerY: 0.5986307231493367
width: 0.020023557126030624
height: 0.037227214377406934
Area: 0.00017136120775379225
CentroidX: 0.8111
CentroidY: 0.6145
