Location: 2025-04-19_205532-1.png_Gaussian-Closing.png
Component: component_1745099318932_53.png
centerX: 0.4829210836277974
centerY: 0.10997004706889174
width: 0.03415783274440518
height: 0.0329482242190843
Area: 0.00044831115969705355
CentroidX: 0.4991
CentroidY: 0.1262
