Location: 2025-04-19_205627-1.png_Otsu.png
Component: component_1745099319115_174.png
centerX: 0.30859835100117783
centerY: 0.12751390671801455
width: 0.032391048292108364
height: 0.03337612323491656
Area: 0.0002807299785848891
CentroidX: 0.3239
CentroidY: 0.1444
