Location: 2025-04-19_205627-1.png_Otsu.png
Component: component_1745099319293_466.png
centerX: 0.18021201413427562
centerY: 0.28797603765511337
width: 0.03415783274440518
height: 0.03380402225074882
Area: 0.0002756899430627187
CentroidX: 0.1949
CentroidY: 0.3057
