Location: 2025-04-19_205532-1.png_Gaussian-Closing.png
Component: component_1745099318942_99.png
centerX: 0.5482921083627798
centerY: 0.20496362858365424
width: 0.030624263839811542
height: 0.03080872913992298
Area: 0.00043142704069778283
CentroidX: 0.5632
CentroidY: 0.2191
