Location: 2025-04-19_205532-1.png_Gaussian-Closing.png
Component: component_1745099319012_384.png
centerX: 0.08716136631330977
centerY: 0.8703465982028241
width: 0.02944640753828033
height: 0.02995293110825845
Area: 0.00034196641017925897
CentroidX: 0.1009
CentroidY: 0.8851
