Location: 2025-04-19_205627-1.png_Otsu.png
Component: component_1745099319297_569.png
centerX: 0.6525323910482921
centerY: 0.32734274711168165
width: 0.03121319199057715
height: 0.03380402225074882
Area: 0.000272413919973308
CentroidX: 0.6677
CentroidY: 0.3439
