Location: 2025-04-19_205532-1.png_Gaussian-Closing.png
Component: component_1745099318965_213.png
centerX: 0.9093050647820966
centerY: 0.4848095849379546
width: 0.0353356890459364
height: 0.03337612323491656
Area: 0.00045309919344311536
CentroidX: 0.9265
CentroidY: 0.5016
