Location: 2025-04-19_205627-1.png_Gaussian-Median.png
Component: component_1745099319478_136.png
centerX: 0.7532391048292109
centerY: 0.22250748823277705
width: 0.03180212014134275
height: 0.03380402225074882
Area: 0.00037422263752114927
CentroidX: 0.7672
CentroidY: 0.2400
