Location: 2025-04-19_205627-1.png_Mean-Medain.png
Component: component_1745099319599_201.png
centerX: 0.12779740871613662
centerY: 0.33504492939666236
width: 0.032391048292108364
height: 0.0329482242190843
Area: 0.0003764906535061259
CentroidX: 0.1411
CentroidY: 0.3514
