Location: 2025-04-19_205627-1.png_Gaussian-Median.png
Component: component_1745099319512_277.png
centerX: 0.726148409893993
centerY: 0.49122807017543857
width: 0.028857479387514724
height: 0.03508771929824561
Area: 0.00039413077783372215
CentroidX: 0.7398
CentroidY: 0.5090
