Location: 2025-04-19_205627-1.png_Gaussian-Median.png
Component: component_1745099319488_182.png
centerX: 0.7444051825677267
centerY: 0.32220795892169446
width: 0.02944640753828033
height: 0.03508771929824561
Area: 0.0004122749057135355
CentroidX: 0.7587
CentroidY: 0.3398
