Location: 2025-04-19_205627-1.png_Otsu.png
Component: component_1745099319316_688.png
centerX: 0.4416961130742049
centerY: 0.3851091142490372
width: 0.03297997644287397
height: 0.03123662815575524
Area: 0.00023461365355703027
CentroidX: 0.4560
CentroidY: 0.4015
