Location: 2025-04-19_205532-1.png_Gaussian-Closing.png
Component: component_1745099318963_202.png
centerX: 0.3651354534746761
centerY: 0.4488660676080445
width: 0.026501766784452298
height: 0.03594351732991014
Area: 0.00038556271744603253
CentroidX: 0.3766
CentroidY: 0.4662
