Location: 2025-04-19_205532-1.png_Gaussian-Closing.png
Component: component_1745099318976_258.png
centerX: 0.7656065959952886
centerY: 0.6041934103551562
width: 0.026501766784452298
height: 0.03808301240907146
Area: 0.000405722859534714
CentroidX: 0.7782
CentroidY: 0.6228
