Location: 2025-04-19_205627-1.png_Mean-Medain.png
Component: component_1745099319582_127.png
centerX: 0.6914016489988222
centerY: 0.16516902011125376
width: 0.032391048292108364
height: 0.036371416345742404
Area: 0.0003845547103415985
CentroidX: 0.7075
CentroidY: 0.1840
