Location: 2025-04-19_205627-1.png_Gaussian-Median.png
Component: component_1745099319465_75.png
centerX: 0.1248527679623086
centerY: 0.07531022678647839
width: 0.02944640753828033
height: 0.03423192126658109
Area: 0.0003873267298787922
CentroidX: 0.1393
CentroidY: 0.0920
