Location: 2025-04-19_205627-1.png_Gaussian-Median.png
Component: component_1745099319498_224.png
centerX: 0.13074204946996468
centerY: 0.39067180145485664
width: 0.0353356890459364
height: 0.03465982028241335
Area: 0.00041328291281796955
CentroidX: 0.1453
CentroidY: 0.4086
