Location: 2025-04-19_205532-1.png_Gaussian-Closing.png
Component: component_1745099318949_137.png
centerX: 0.588339222614841
centerY: 0.29311082584510056
width: 0.037102473498233215
height: 0.0329482242190843
Area: 0.0005128236143808341
CentroidX: 0.6051
CentroidY: 0.3091
