Location: 2025-04-19_205627-1.png_Gaussian-Median.png
Component: component_1745099319494_211.png
centerX: 0.8303886925795053
centerY: 0.3816859221223791
width: 0.03297997644287397
height: 0.03423192126658109
Area: 0.00039438277960983066
CentroidX: 0.8445
CentroidY: 0.3991
