Location: 2025-04-19_205627-1.png_Gaussian-Median.png
Component: component_1745099319516_293.png
centerX: 0.925206124852768
centerY: 0.4993581514762516
width: 0.02944640753828033
height: 0.029097133076593923
Area: 0.0003696866055511959
CentroidX: 0.9401
CentroidY: 0.5139
