Location: 2025-04-19_205532-1.png_Gaussian-Closing.png
Component: component_1745099318932_56.png
centerX: 0.25265017667844525
centerY: 0.11424903722721438
width: 0.03297997644287397
height: 0.03380402225074882
Area: 0.00045965123962193687
CentroidX: 0.2677
CentroidY: 0.1298
