Location: 2025-04-19_205532-1.png_Gaussian-Closing.png
Component: component_1745099319012_385.png
centerX: 0.12603062426383982
centerY: 0.8703465982028241
width: 0.030624263839811542
height: 0.03080872913992298
Area: 0.0003694346037750874
CentroidX: 0.1409
CentroidY: 0.8854
