Location: 2025-04-19_205532-1.png_Gaussian-Closing.png
Component: component_1745099319015_399.png
centerX: 0.3845700824499411
centerY: 0.9114249037227214
width: 0.030035335689045935
height: 0.0329482242190843
Area: 0.00035985853628296374
CentroidX: 0.3981
CentroidY: 0.9280
