Location: 2025-04-19_205532-1.png_Gaussian-Closing.png
Component: component_1745099319012_383.png
centerX: 0.04711425206124853
centerY: 0.8699186991869918
width: 0.02767962308598351
height: 0.030380830124090714
Area: 0.00036187455049183185
CentroidX: 0.0603
CentroidY: 0.8846
