Location: 2025-04-19_205627-1.png_Gaussian-Median.png
Component: component_1745099319513_282.png
centerX: 0.2579505300353357
centerY: 0.4933675652545999
width: 0.028268551236749116
height: 0.0329482242190843
Area: 0.00040269883822141177
CentroidX: 0.2709
CentroidY: 0.5097
