Location: 2025-04-19_205627-1.png_Mean-Medain.png
Component: component_1745099319581_121.png
centerX: 0.9063604240282686
centerY: 0.1608900299529311
width: 0.03651354534746761
height: 0.03123662815575524
Area: 0.0003792626730433196
CentroidX: 0.9229
CentroidY: 0.1768
