Location: 2025-04-19_205532-1.png_Gaussian-Closing.png
Component: component_1745099318960_186.png
centerX: 0.10011778563015312
centerY: 0.3996576807873342
width: 0.03180212014134275
height: 0.03337612323491656
Area: 0.00041882695189235695
CentroidX: 0.1150
CentroidY: 0.4156
