Location: 2025-04-19_205627-1.png_Otsu.png
Component: component_1745099319346_909.png
centerX: 0.8857479387514723
centerY: 0.4980744544287548
width: 0.03121319199057715
height: 0.031664527171587506
Area: 0.00033087833203048416
CentroidX: 0.9007
CentroidY: 0.5135
