Location: 2025-04-19_205627-1.png_Mean-Medain.png
Component: component_1745099319590_161.png
centerX: 0.13250883392226148
centerY: 0.2314933675652546
width: 0.03180212014134275
height: 0.03594351732991014
Area: 0.00037119861620784706
CentroidX: 0.1464
CentroidY: 0.2493
