Location: 2025-04-19_205627-1.png_Gaussian-Median.png
Component: component_1745099319494_208.png
centerX: 0.8739693757361602
centerY: 0.3804022250748823
width: 0.03297997644287397
height: 0.03551561831407788
Area: 0.00039690279737091585
CentroidX: 0.8889
CentroidY: 0.3986
