Location: 2025-04-19_205532-1.png_Gaussian-Closing.png
Component: component_1745099318942_101.png
centerX: 0.49411071849234395
centerY: 0.2058194266153188
width: 0.043580683156654886
height: 0.032520325203252036
Area: 0.0005211396729924153
CentroidX: 0.5135
CentroidY: 0.2223
