Location: 2025-04-19_205627-1.png_Mean-Medain.png
Component: component_1745099319570_62.png
centerX: 0.4876325088339223
centerY: 0.02781343602909713
width: 0.02944640753828033
height: 0.02995293110825845
Area: 0.00035481850076079336
CentroidX: 0.5021
CentroidY: 0.0422
