Location: 2025-04-19_205532-1.png_Gaussian-Closing.png
Component: component_1745099318943_104.png
centerX: 0.2667844522968198
centerY: 0.20967051775780915
width: 0.038869257950530034
height: 0.03380402225074882
Area: 0.0004631792644874561
CentroidX: 0.2844
CentroidY: 0.2258
