Location: 2025-04-19_205627-1.png_Otsu.png
Component: component_1745099319376_994.png
centerX: 0.4617196702002356
centerY: 0.5960633290543432
width: 0.024146054181389872
height: 0.03423192126658109
Area: 0.0002363776659897899
CentroidX: 0.4726
CentroidY: 0.6129
