Location: 2025-04-19_205627-1.png_Gaussian-Median.png
Component: component_1745099319469_92.png
centerX: 0.47703180212014135
centerY: 0.12623020967051776
width: 0.03297997644287397
height: 0.03423192126658109
Area: 0.00039186276184874553
CentroidX: 0.4936
CentroidY: 0.1430
