Location: 2025-04-19_205627-1.png_Mean-Medain.png
Component: component_1745099319625_292.png
centerX: 0.6372202591283863
centerY: 0.5417201540436457
width: 0.030624263839811542
height: 0.036799315361574665
Area: 0.00041781894478792284
CentroidX: 0.6516
CentroidY: 0.5605
