Location: 2025-04-19_205532-1.png_Gaussian-Closing.png
Component: component_1745099318970_231.png
centerX: 0.627208480565371
centerY: 0.5498502353444588
width: 0.028857479387514724
height: 0.03465982028241335
Area: 0.00044856316147316207
CentroidX: 0.6397
CentroidY: 0.5671
