Location: 2025-04-19_205627-1.png_Mean-Medain.png
Component: component_1745099319602_212.png
centerX: 0.6590106007067138
centerY: 0.3808301240907146
width: 0.02767962308598351
height: 0.03594351732991014
Area: 0.0004127789092657525
CentroidX: 0.6694
CentroidY: 0.3993
