Location: 2025-04-19_205532-1.png_Gaussian-Closing.png
Component: component_1745099318982_291.png
centerX: 0.35159010600706714
centerY: 0.6675224646983312
width: 0.032391048292108364
height: 0.03123662815575524
Area: 0.00036565457713345965
CentroidX: 0.3665
CentroidY: 0.6828
