Location: 2025-04-19_205627-1.png_Gaussian-Median.png
Component: component_1745099319529_330.png
centerX: 0.9499411071849234
centerY: 0.5939238339751819
width: 0.037102473498233215
height: 0.03594351732991014
Area: 0.00043218304602610837
CentroidX: 0.9637
CentroidY: 0.6128
