Location: 2025-04-19_205532-1.png_Gaussian-Closing.png
Component: component_1745099318929_39.png
centerX: 0.31448763250883394
centerY: 0.06418485237483953
width: 0.03356890459363958
height: 0.031664527171587506
Area: 0.0004629272627113476
CentroidX: 0.3310
CentroidY: 0.0792
