Location: 2025-04-19_205627-1.png_Otsu.png
Component: component_1745099319059_30.png
centerX: 0.8227326266195524
centerY: 0.02738553701326487
width: 0.03297997644287397
height: 0.03551561831407788
Area: 0.0002890460371964702
CentroidX: 0.8363
CentroidY: 0.0441
