Location: 2025-04-19_205627-1.png_Mean-Medain.png
Component: component_1745099319598_194.png
centerX: 0.6967020023557126
centerY: 0.3252032520325203
width: 0.03356890459363958
height: 0.03423192126658109
Area: 0.0004503271739059217
CentroidX: 0.7142
CentroidY: 0.3425
