Location: 2025-04-19_205532-1.png_Gaussian-Closing.png
Component: component_1745099318940_89.png
centerX: 0.8857479387514723
centerY: 0.19298245614035087
width: 0.035924617196702
height: 0.03080872913992298
Area: 0.00045839123074139425
CentroidX: 0.9046
CentroidY: 0.2091
