Location: 2025-04-19_205627-1.png_Gaussian-Median.png
Component: component_1745099319471_104.png
centerX: 0.0447585394581861
centerY: 0.13008130081300814
width: 0.03297997644287397
height: 0.036371416345742404
Area: 0.00041882695189235695
CentroidX: 0.0609
CentroidY: 0.1490
