Location: 2025-04-19_205627-1.png_Mean-Medain.png
Component: component_1745099319626_296.png
centerX: 0.4275618374558304
centerY: 0.5430038510911425
width: 0.028268551236749116
height: 0.03209242618741977
Area: 0.0003762386517300174
CentroidX: 0.4420
CentroidY: 0.5590
