Location: 2025-04-19_205532-1.png_Gaussian-Closing.png
Component: component_1745099318984_296.png
centerX: 0.09305064782096584
centerY: 0.6765083440308087
width: 0.03121319199057715
height: 0.030380830124090714
Area: 0.00037397063574504076
CentroidX: 0.1070
CentroidY: 0.6916
