Location: 2025-04-19_205627-1.png_Otsu.png
Component: component_1745099319191_312.png
centerX: 0.0895170789163722
centerY: 0.181857081728712
width: 0.028857479387514724
height: 0.03123662815575524
Area: 0.00024469372460137097
CentroidX: 0.1042
CentroidY: 0.1973
