Location: 2025-04-19_205627-1.png_Otsu.png
Component: component_1745099319165_286.png
centerX: 0.6919905771495878
centerY: 0.16559691912708602
width: 0.03121319199057715
height: 0.03594351732991014
Area: 0.00027417793240606757
CentroidX: 0.7075
CentroidY: 0.1836
