Location: 2025-04-19_205627-1.png_Mean-Medain.png
Component: component_1745099319622_279.png
centerX: 0.8515901060070671
centerY: 0.49550706033376124
width: 0.028857479387514724
height: 0.032520325203252036
Area: 0.00038657072455046664
CentroidX: 0.8640
CentroidY: 0.5122
