Location: 2025-04-19_205532-1.png_Gaussian-Closing.png
Component: component_1745099318992_326.png
centerX: 0.6837455830388692
centerY: 0.7616602481814292
width: 0.03297997644287397
height: 0.03423192126658109
Area: 0.0004450351366076428
CentroidX: 0.6973
CentroidY: 0.7788
