Location: 2025-04-19_205532-1.png_Gaussian-Closing.png
Component: component_1745099318986_304.png
centerX: 0.7526501766784452
centerY: 0.7026101839965768
width: 0.030624263839811542
height: 0.02995293110825845
Area: 0.0003873267298787922
CentroidX: 0.7678
CentroidY: 0.7169
