Location: 2025-04-19_205627-1.png_Gaussian-Median.png
Component: component_1745099319498_237.png
centerX: 0.8462897526501767
centerY: 0.4373127941805734
width: 0.026501766784452298
height: 0.036371416345742404
Area: 0.0003339023533437864
CentroidX: 0.8594
CentroidY: 0.4564
