Location: 2025-04-19_205532-1.png_Gaussian-Closing.png
Component: component_1745099318985_303.png
centerX: 0.7137809187279152
centerY: 0.7017543859649122
width: 0.02944640753828033
height: 0.03123662815575524
Area: 0.00038379870501327294
CentroidX: 0.7288
CentroidY: 0.7167
