Location: 2025-04-19_205532-1.png_Gaussian-Closing.png
Component: component_1745099318992_330.png
centerX: 0.5512367491166078
centerY: 0.7637997432605905
width: 0.03356890459363958
height: 0.03423192126658109
Area: 0.00044553914015985985
CentroidX: 0.5658
CentroidY: 0.7813
