Location: 2025-04-19_205532-1.png_Gaussian-Closing.png
Component: component_1745099318939_85.png
centerX: 0.0447585394581861
centerY: 0.16645271715875054
width: 0.03180212014134275
height: 0.03123662815575524
Area: 0.00041101489683299287
CentroidX: 0.0606
CentroidY: 0.1822
