Location: 2025-04-19_205627-1.png_Otsu.png
Component: component_1745099319180_302.png
centerX: 0.17373380447585396
centerY: 0.17843388960205392
width: 0.032391048292108364
height: 0.03123662815575524
Area: 0.0002623338489289672
CentroidX: 0.1897
CentroidY: 0.1942
