Location: 2025-04-19_205532-1.png_Gaussian-Closing.png
Component: component_1745099318958_174.png
centerX: 0.6743227326266196
centerY: 0.38382541720154045
width: 0.0353356890459364
height: 0.03123662815575524
Area: 0.0004606592467263709
CentroidX: 0.6894
CentroidY: 0.3996
