Location: 2025-04-19_205627-1.png_Otsu.png
Component: component_1745099319291_458.png
centerX: 0.2767962308598351
centerY: 0.28498074454428757
width: 0.03356890459363958
height: 0.0329482242190843
Area: 0.00023335364467648768
CentroidX: 0.2911
CentroidY: 0.3024
