Location: 2025-04-19_205627-1.png_Gaussian-Median.png
Component: component_1745099319504_251.png
centerX: 0.42226148409893993
centerY: 0.441591784338896
width: 0.03297997644287397
height: 0.02995293110825845
Area: 0.0003510384741191656
CentroidX: 0.4383
CentroidY: 0.4568
