Location: 2025-04-19_205627-1.png_Gaussian-Median.png
Component: component_1745099319459_56.png
centerX: 0.571849234393404
centerY: 0.028241335044929396
width: 0.028857479387514724
height: 0.03423192126658109
Area: 0.00036187455049183185
CentroidX: 0.5875
CentroidY: 0.0447
