Location: 2025-04-19_205532-1.png_Gaussian-Closing.png
Component: component_1745099318964_208.png
centerX: 0.09952885747938751
centerY: 0.4544287548138639
width: 0.034746760895170786
height: 0.03337612323491656
Area: 0.00043419906023497653
CentroidX: 0.1150
CentroidY: 0.4706
