Location: 2025-04-19_205627-1.png_Gaussian-Median.png
Component: component_1745099319515_289.png
centerX: 0.8127208480565371
centerY: 0.4946512623020967
width: 0.028268551236749116
height: 0.03594351732991014
Area: 0.00037422263752114927
CentroidX: 0.8251
CentroidY: 0.5132
