Location: 2025-04-19_205532-1.png_Gaussian-Closing.png
Component: component_1745099319022_428.png
centerX: 0.3510011778563015
centerY: 0.965768078733419
width: 0.034746760895170786
height: 0.0329482242190843
Area: 0.0004069828684152566
CentroidX: 0.3670
CentroidY: 0.9829
