Location: 2025-04-19_205627-1.png_Mean-Medain.png
Component: component_1745099319587_145.png
centerX: 0.839811542991755
centerY: 0.2173727000427899
width: 0.0353356890459364
height: 0.03594351732991014
Area: 0.00045914723606971984
CentroidX: 0.8567
CentroidY: 0.2359
