Location: 2025-04-19_205627-1.png_Mean-Medain.png
Component: component_1745099319566_50.png
centerX: 0.6566548881036514
centerY: 0.025246041934103552
width: 0.030624263839811542
height: 0.03551561831407788
Area: 0.0003958947902664818
CentroidX: 0.6690
CentroidY: 0.0429
