Location: 2025-04-19_205627-1.png_Mean-Medain.png
Component: component_1745099319603_218.png
centerX: 0.5294464075382803
centerY: 0.3842533162173727
width: 0.030035335689045935
height: 0.03123662815575524
Area: 0.00041378691637018657
CentroidX: 0.5430
CentroidY: 0.4001
