Location: 2025-04-19_205532-1.png_Gaussian-Closing.png
Component: component_1745099319016_403.png
centerX: 0.42579505300353354
centerY: 0.9127086007702182
width: 0.03415783274440518
height: 0.03123662815575524
Area: 0.00038405070678938145
CentroidX: 0.4400
CentroidY: 0.9288
