Location: 2025-04-19_205532-1.png_Gaussian-Closing.png
Component: component_1745099318991_321.png
centerX: 0.9305064782096584
centerY: 0.7595207531022679
width: 0.028268551236749116
height: 0.036799315361574665
Area: 0.0004223549767578762
CentroidX: 0.9441
CentroidY: 0.7780
