Location: 2025-04-19_205532-1.png_Gaussian-Closing.png
Component: component_1745099318951_143.png
centerX: 0.2879858657243816
centerY: 0.3033804022250749
width: 0.034746760895170786
height: 0.031664527171587506
Area: 0.000454863205875875
CentroidX: 0.3053
CentroidY: 0.3186
