Location: 2025-04-19_205627-1.png_Gaussian-Median.png
Component: component_1745099319460_58.png
centerX: 0.5465253239104829
centerY: 0.06889174154899444
width: 0.032391048292108364
height: 0.02995293110825845
Area: 0.000329366321373833
CentroidX: 0.5616
CentroidY: 0.0837
