Location: 2025-04-19_205627-1.png_Gaussian-Median.png
Component: component_1745099319525_311.png
centerX: 0.49823321554770317
centerY: 0.5434317501069748
width: 0.030035335689045935
height: 0.036371416345742404
Area: 0.00040244683644530325
CentroidX: 0.5129
CentroidY: 0.5620
