Location: 2025-04-19_205532-1.png_Gaussian-Closing.png
Component: component_1745099318975_253.png
centerX: 0.9705535924617197
centerY: 0.5969191270860077
width: 0.02591283863368669
height: 0.03508771929824561
Area: 0.0003903507511920944
CentroidX: 0.9829
CentroidY: 0.6137
