Location: 2025-04-19_205532-1.png_Gaussian-Closing.png
Component: component_1745099318946_121.png
centerX: 0.3998822143698469
centerY: 0.25417201540436457
width: 0.034746760895170786
height: 0.03123662815575524
Area: 0.000433947058458868
CentroidX: 0.4161
CentroidY: 0.2691
