Location: 2025-04-19_205532-1.png_Gaussian-Closing.png
Component: component_1745099318922_3.png
centerX: 0.4634864546525324
centerY: 0.012409071459135643
width: 0.03356890459363958
height: 0.03380402225074882
Area: 0.0004626752609352391
CentroidX: 0.4787
CentroidY: 0.0290
