Location: 2025-04-19_205627-1.png_Otsu.png
Component: component_1745099319294_550.png
centerX: 0.7444051825677267
centerY: 0.32220795892169446
width: 0.02944640753828033
height: 0.03465982028241335
Area: 0.0002835019981220828
CentroidX: 0.7586
CentroidY: 0.3390
