Location: 2025-04-19_205627-1.png_Otsu.png
Component: component_1745099319331_894.png
centerX: 0.12308598351001178
centerY: 0.49037227214377405
width: 0.03180212014134275
height: 0.0329482242190843
Area: 0.00036187455049183185
CentroidX: 0.1387
CentroidY: 0.5073
