Location: 2025-04-19_205532-1.png_Gaussian-Closing.png
Component: component_1745099319023_432.png
centerX: 0.8733804475853946
centerY: 0.9653401797175867
width: 0.032391048292108364
height: 0.03465982028241335
Area: 0.00044856316147316207
CentroidX: 0.8873
CentroidY: 0.9822
