Location: 2025-04-19_205627-1.png_Gaussian-Median.png
Component: component_1745099319503_247.png
centerX: 0.6342756183745583
centerY: 0.4407359863072315
width: 0.03415783274440518
height: 0.03423192126658109
Area: 0.00037825466593888554
CentroidX: 0.6490
CentroidY: 0.4578
