Location: 2025-04-19_205627-1.png_Gaussian-Median.png
Component: component_1745099319514_284.png
centerX: 0.3474676089517079
centerY: 0.4942233632862644
width: 0.03121319199057715
height: 0.03551561831407788
Area: 0.00041076289505688436
CentroidX: 0.3621
CentroidY: 0.5116
