Location: 2025-04-19_205532-1.png_Gaussian-Closing.png
Component: component_1745099318964_209.png
centerX: 0.05182567726737338
centerY: 0.4557124518613607
width: 0.03356890459363958
height: 0.03209242618741977
Area: 0.00040269883822141177
CentroidX: 0.0669
CentroidY: 0.4717
