Location: 2025-04-19_205627-1.png_Otsu.png
Component: component_1745099319292_464.png
centerX: 0.09305064782096584
centerY: 0.28754813863928114
width: 0.03121319199057715
height: 0.029525032092426188
Area: 0.00023486565533313878
CentroidX: 0.1073
CentroidY: 0.3026
