Location: 2025-04-19_205627-1.png_Otsu.png
Component: component_1745099319082_99.png
centerX: 0.6696113074204947
centerY: 0.07188703465982028
width: 0.034746760895170786
height: 0.031664527171587506
Area: 0.00024469372460137097
CentroidX: 0.6867
CentroidY: 0.0855
