Location: 2025-04-19_205532-1.png_Gaussian-Closing.png
Component: component_1745099318948_133.png
centerX: 0.7921083627797408
centerY: 0.2815575524176294
width: 0.03828032979976443
height: 0.03551561831407788
Area: 0.00048233139947170345
CentroidX: 0.8080
CentroidY: 0.2987
