Location: 2025-04-19_205532-1.png_Gaussian-Closing.png
Component: component_1745099318980_281.png
centerX: 0.7915194346289752
centerY: 0.6504065040650406
width: 0.03769140164899882
height: 0.03594351732991014
Area: 0.000419834958996791
CentroidX: 0.8062
CentroidY: 0.6680
