Location: 2025-04-19_205627-1.png_Mean-Medain.png
Component: component_1745099319572_73.png
centerX: 0.5842167255594818
centerY: 0.07017543859649122
width: 0.030035335689045935
height: 0.0329482242190843
Area: 0.000328862317821616
CentroidX: 0.5997
CentroidY: 0.0864
