Location: internet_28.png_Mean-Closing.png
Component: component_1755079435418_201.png
centerX: 0.12172511084240226
centerY: 0.5822640433418876
width: 0.03829101168883515
height: 0.033932135728542916
Area: 0.00048052682566001757
CentroidX: 0.1386
CentroidY: 0.5935
