Location: internet_28.png_Gaussian-Closing.png
Component: component_1755079435277_67.png
centerX: 0.860540104796453
centerY: 0.1722269746221842
width: 0.036275695284159616
height: 0.03421727972626176
Area: 0.00033180601427420966
CentroidX: 0.8762
CentroidY: 0.1838
