Location: Dedata_22.png_Otsu.png
Component: component_1755510404098_503.png
centerX: 0.15483870967741936
centerY: 0.43032202906811057
width: 0.024193548387096774
height: 0.021658592191507554
Area: 0.00015605034059882882
CentroidX: 0.1656
CentroidY: 0.4364
