Location: Dedata_22.png_Mean-Medain.png
Component: component_1755510404795_324.png
centerX: 0.5891129032258065
centerY: 0.5768025078369906
width: 0.02903225806451613
height: 0.034482758620689655
Area: 0.00040736263433199425
CentroidX: 0.6008
CentroidY: 0.5889
