Location: internet_28.png_Mean-Medain.png
Component: component_1755079435691_155.png
centerX: 0.07013301088270858
centerY: 0.4265754205873966
width: 0.037484885126964934
height: 0.033361847733105215
Area: 0.0004838598268425434
CentroidX: 0.0861
CentroidY: 0.4377
