Location: internet_28.png_Otsu.png
Component: component_1755079435798_559.png
centerX: 0.32245062474808545
centerY: 0.3609923011120616
width: 0.03788794840790004
height: 0.03364699173082407
Area: 0.00042202690835292623
CentroidX: 0.3378
CentroidY: 0.3720
