Location: Dedata_22.png_Otsu.png
Component: component_1755510404040_27.png
centerX: 0.7681451612903226
centerY: 0.05072670276432032
width: 0.02338709677419355
height: 0.026788258763180393
Area: 0.00016237049430496695
CentroidX: 0.7774
CentroidY: 0.0597
