Location: Dedata_22.png_Gaussian-Closing.png
Component: component_1755510404445_368.png
centerX: 0.4774193548387097
centerY: 0.6714163579367342
width: 0.027822580645161292
height: 0.03619264747791394
Area: 0.00039679074085990863
CentroidX: 0.4872
CentroidY: 0.6848
