Location: Dedata_22.png_Gaussian-Closing.png
Component: component_1755510404407_182.png
centerX: 0.6854838709677419
centerY: 0.3317184383015104
width: 0.024596774193548387
height: 0.03419777714448561
Area: 0.00027372011141856424
CentroidX: 0.6944
CentroidY: 0.3440
