Location: Dedata_22.png_Otsu.png
Component: component_1755510404069_185.png
centerX: 0.3419354838709677
centerY: 0.28612140210886294
width: 0.02379032258064516
height: 0.03419777714448561
Area: 0.00020672648213350002
CentroidX: 0.3518
CentroidY: 0.2974
