Location: Dedata_22.png_Gaussian-Closing.png
Component: component_1755510404403_164.png
centerX: 0.7036290322580645
centerY: 0.28868623539469934
width: 0.020967741935483872
height: 0.031062980906241093
Area: 0.00023533954163947084
CentroidX: 0.7117
CentroidY: 0.2996
