Location: internet_28.png_Otsu.png
Component: component_1755079435777_149.png
centerX: 0.501813784764208
centerY: 0.09837467921300257
width: 0.04514308746473196
height: 0.03364699173082407
Area: 0.00040041986620413804
CentroidX: 0.5238
CentroidY: 0.1092
