Location: internet_28.png_Mean-Closing.png
Component: component_1755079435412_173.png
centerX: 0.7263200322450625
centerY: 0.49729113202167097
width: 0.03426037887948408
height: 0.03136583974907328
Area: 0.00046225278469375525
CentroidX: 0.7413
CentroidY: 0.5081
