Location: Dedata_22.png_Mean-Medain.png
Component: component_1755510404816_399.png
centerX: 0.4012096774193548
centerY: 0.7227130236534626
width: 0.03024193548387097
height: 0.038472499287546306
Area: 0.0004399976098327802
CentroidX: 0.4124
CentroidY: 0.7363
