Location: internet_28.png_Mean-Closing.png
Component: component_1755079435379_29.png
centerX: 0.13583232567513098
centerY: 0.06729398346164814
width: 0.03788794840790004
height: 0.031080695751354435
Area: 0.0003831802049152113
CentroidX: 0.1544
CentroidY: 0.0776
