Location: Dedata_22.png_Mean-Closing.png
Component: component_1755510404912_192.png
centerX: 0.29596774193548386
centerY: 0.33798803077799944
width: 0.022983870967741935
height: 0.03277286976346538
Area: 0.0002980814311585876
CentroidX: 0.3060
CentroidY: 0.3495
