Location: Dedata_22.png_Otsu.png
Component: component_1755510404048_60.png
centerX: 0.4411290322580645
centerY: 0.10230834995725278
width: 0.020967741935483872
height: 0.029923055001424906
Area: 0.00020316421368094944
CentroidX: 0.4491
CentroidY: 0.1126
