Location: internet_28.png_Gaussian-Closing.png
Component: component_1755079435309_211.png
centerX: 0.7347843611446997
centerY: 0.6025092671799258
width: 0.03426037887948408
height: 0.033361847733105215
Area: 0.00044455339910379047
CentroidX: 0.7494
CentroidY: 0.6141
