Location: Dedata_22.png_Mean-Medain.png
Component: component_1755510404734_168.png
centerX: 0.5004032258064516
centerY: 0.2903961242519236
width: 0.022983870967741935
height: 0.03134796238244514
Area: 0.0002729157282196012
CentroidX: 0.5097
CentroidY: 0.3018
