Location: Dedata_22.png_Mean-Closing.png
Component: component_1755510404905_164.png
centerX: 0.26975806451612905
centerY: 0.2918210316329439
width: 0.021774193548387097
height: 0.03220290681105728
Area: 0.00025407017898675295
CentroidX: 0.2781
CentroidY: 0.3030
