Location: internet_28.png_Mean-Medain.png
Component: component_1755079435639_57.png
centerX: 0.5163240628778718
centerY: 0.14656401482748788
width: 0.042724707779121324
height: 0.036783575705731396
Area: 0.0004301870146963515
CentroidX: 0.5370
CentroidY: 0.1592
