Location: Dedata_22.png_Mean-Closing.png
Component: component_1755510404870_15.png
centerX: 0.7
centerY: 0.007409518381305215
width: 0.025806451612903226
height: 0.03163294385864919
Area: 0.0003319804374006012
CentroidX: 0.7104
CentroidY: 0.0183
