Location: internet_28.png_Gaussian-Closing.png
Component: component_1755079435294_144.png
centerX: 0.41031841999193874
centerY: 0.41060735671514115
width: 0.03788794840790004
height: 0.03992015968063872
Area: 0.000489606380605519
CentroidX: 0.4251
CentroidY: 0.4237
