Location: internet_28.png_Gaussian-Closing.png
Component: component_1755079435269_26.png
centerX: 0.3192261185006046
centerY: 0.06330196749358426
width: 0.032648125755743655
height: 0.032506415739948676
Area: 0.00033548380868251405
CentroidX: 0.3328
CentroidY: 0.0754
