Location: Dedata_22.png_Mean-Medain.png
Component: component_1755510404777_254.png
centerX: 0.2403225806451613
centerY: 0.43288686235394697
width: 0.02258064516129032
height: 0.031062980906241093
Area: 0.00028141920775149617
CentroidX: 0.2490
CentroidY: 0.4437
