Location: internet_28.png_Mean-Medain.png
Component: component_1755079435710_229.png
centerX: 0.0177347843611447
centerY: 0.6401482748788138
width: 0.03667875856509472
height: 0.04020530367835757
Area: 0.0005301770501721265
CentroidX: 0.0332
CentroidY: 0.6551
