Location: Dedata_22.png_Otsu.png
Component: component_1755510404062_134.png
centerX: 0.9459677419354838
centerY: 0.23083499572527785
width: 0.02338709677419355
height: 0.02963807352522086
Area: 0.00019764844317377435
CentroidX: 0.9558
CentroidY: 0.2413
