Location: Dedata_22.png_Otsu.png
Component: component_1755510404131_637.png
centerX: 0.008467741935483872
centerY: 0.6226845255058421
width: 0.02620967741935484
height: 0.0347677400968937
Area: 0.0003895512920692413
CentroidX: 0.0192
CentroidY: 0.6353
