Location: Dedata_22.png_Mean-Closing.png
Component: component_1755510404909_178.png
centerX: 0.7266129032258064
centerY: 0.33086349387289826
width: 0.02338709677419355
height: 0.033912795668281565
Area: 0.0002671701339412938
CentroidX: 0.7353
CentroidY: 0.3430
