Location: Dedata_22.png_Mean-Closing.png
Component: component_1755510404923_234.png
centerX: 0.9145161290322581
centerY: 0.4197777144485608
width: 0.02379032258064516
height: 0.03362781419207751
Area: 0.00033129096608720436
CentroidX: 0.9237
CentroidY: 0.4324
