Location: Dedata_22.png_Otsu.png
Component: component_1755510404056_103.png
centerX: 0.8
centerY: 0.1846679965802223
width: 0.017741935483870968
height: 0.030493017953833
Area: 0.00016168102299157007
CentroidX: 0.8067
CentroidY: 0.1952
