Location: internet_28.png_Mean-Medain.png
Component: component_1755079435626_45.png
centerX: 0.29383313180169285
centerY: 0.11177644710578842
width: 0.04554615074566707
height: 0.032506415739948676
Area: 0.0004309915322231681
CentroidX: 0.3166
CentroidY: 0.1225
