Location: internet_28.png_Mean-Closing.png
Component: component_1755079435396_103.png
centerX: 0.6352277307537283
centerY: 0.2954091816367265
width: 0.0354695687222894
height: 0.03592814371257485
Area: 0.0003572057819065617
CentroidX: 0.6490
CentroidY: 0.3076
