Location: internet_28.png_Mean-Medain.png
Component: component_1755079435622_41.png
centerX: 0.5014107214832729
centerY: 0.09808953521528371
width: 0.045949214026602174
height: 0.033932135728542916
Area: 0.00045455240265136797
CentroidX: 0.5238
CentroidY: 0.1093
