Location: Dedata_22.png_Mean-Medain.png
Component: component_1755510404815_393.png
centerX: 0.31088709677419357
centerY: 0.7224280421772585
width: 0.027016129032258064
height: 0.037902536335138216
Area: 0.0003983995072578347
CentroidX: 0.3210
CentroidY: 0.7362
