Location: Dedata_22.png_Mean-Closing.png
Component: component_1755510404880_61.png
centerX: 0.39233870967741935
centerY: 0.10230834995725278
width: 0.02056451612903226
height: 0.03277286976346538
Area: 0.0002918761893380156
CentroidX: 0.4018
CentroidY: 0.1141
