Location: Dedata_22.png_Mean-Medain.png
Component: component_1755510404711_129.png
centerX: 0.8028225806451613
centerY: 0.23510971786833856
width: 0.02379032258064516
height: 0.034482758620689655
Area: 0.00027705255609998254
CentroidX: 0.8136
CentroidY: 0.2470
