Location: Dedata_22.png_Mean-Medain.png
Component: component_1755510404797_336.png
centerX: 0.5810483870967742
centerY: 0.6212596181248219
width: 0.025
height: 0.03733257338273012
Area: 0.0004123038454113386
CentroidX: 0.5914
CentroidY: 0.6347
