Location: Dedata_22.png_Mean-Closing.png
Component: component_1755510404944_327.png
centerX: 0.6967741935483871
centerY: 0.6198347107438017
width: 0.025806451612903226
height: 0.03505272157309775
Area: 0.0003861039355022569
CentroidX: 0.7067
CentroidY: 0.6327
