Location: Dedata_22.png_Mean-Medain.png
Component: component_1755510404611_6.png
centerX: 0.5669354838709677
centerY: 0.005699629524080934
width: 0.025806451612903226
height: 0.03362781419207751
Area: 0.00034036900504693003
CentroidX: 0.5770
CentroidY: 0.0171
