Location: internet_28.png_Gaussian-Closing.png
Component: component_1755079435318_254.png
centerX: 0.34582829504232165
centerY: 0.731679498146564
width: 0.03345425231761386
height: 0.034787567721699456
Area: 0.0004699531667361425
CentroidX: 0.3604
CentroidY: 0.7444
