Location: internet_28.png_Mean-Medain.png
Component: component_1755079435643_66.png
centerX: 0.9149536477226925
centerY: 0.16709438266324494
width: 0.03909713825070536
height: 0.03279155973766752
Area: 0.00037168709738926017
CentroidX: 0.9335
CentroidY: 0.1785
