Location: internet_28.png_Otsu.png
Component: component_1755079435827_695.png
centerX: 0.12374042724707779
centerY: 0.7445109780439122
width: 0.037484885126964934
height: 0.033361847733105215
Area: 0.00048362996469202436
CentroidX: 0.1404
CentroidY: 0.7566
