Location: internet_28.png_Mean-Closing.png
Component: component_1755079435404_135.png
centerX: 0.727932285368803
centerY: 0.40119760479041916
width: 0.035872632003224506
height: 0.029940119760479042
Area: 0.0004268540135138257
CentroidX: 0.7432
CentroidY: 0.4110
