Location: Dedata_22.png_Mean-Closing.png
Component: component_1755510404941_315.png
centerX: 0.4342741935483871
centerY: 0.5756625819321745
width: 0.025
height: 0.03505272157309775
Area: 0.000366798738727144
CentroidX: 0.4433
CentroidY: 0.5886
