Location: internet_28.png_Mean-Closing.png
Component: component_1755079435443_233.png
centerX: 0.34058847239016526
centerY: 0.6800684345594525
width: 0.03506650544135429
height: 0.031080695751354435
Area: 0.00045443747157610843
CentroidX: 0.3557
CentroidY: 0.6908
