Location: internet_28.png_Mean-Closing.png
Component: component_1755079435420_206.png
centerX: 0.8375654977831519
centerY: 0.5970915312232677
width: 0.035872632003224506
height: 0.03222127174222983
Area: 0.0004808716188857961
CentroidX: 0.8530
CentroidY: 0.6088
