Location: internet_28.png_Otsu.png
Component: component_1755079435781_190.png
centerX: 0.14268440145102781
centerY: 0.16538351867693185
width: 0.041112454655380895
height: 0.03165098374679213
Area: 0.00033674805051036867
CentroidX: 0.1630
CentroidY: 0.1762
