Location: Dedata_22.png_Otsu.png
Component: component_1755510404077_247.png
centerX: 0.7620967741935484
centerY: 0.33342832715873466
width: 0.021370967741935483
height: 0.02792818466799658
Area: 0.00014651265409683855
CentroidX: 0.7705
CentroidY: 0.3430
