Location: Dedata_22.png_Mean-Closing.png
Component: component_1755510404886_99.png
centerX: 0.9346774193548387
centerY: 0.17839840410373325
width: 0.02217741935483871
height: 0.03163294385864919
Area: 0.0002591263019516635
CentroidX: 0.9431
CentroidY: 0.1894
