Location: Dedata_22.png_Mean-Medain.png
Component: component_1755510404751_190.png
centerX: 0.7612903225806451
centerY: 0.3331433456825306
width: 0.022983870967741935
height: 0.028498147620404674
Area: 0.000241659695345609
CentroidX: 0.7701
CentroidY: 0.3431
