Location: internet_28.png_Otsu.png
Component: component_1755079435776_136.png
centerX: 0.6364369205965337
centerY: 0.08639863130881095
width: 0.05239822652156389
height: 0.03364699173082407
Area: 0.00045662116200603916
CentroidX: 0.6611
CentroidY: 0.0976
