Location: internet_28.png_Gaussian-Closing.png
Component: component_1755079435277_64.png
centerX: 0.9149536477226925
centerY: 0.16709438266324494
width: 0.03869407496977025
height: 0.03279155973766752
Area: 0.00035145922814358615
CentroidX: 0.9332
CentroidY: 0.1787
