Location: Kurtxevani_1764_page_10.png_Otsu.png
Component: component_1755610055934_1286.png
centerX: 0.7559870550161812
centerY: 0.5084190832553789
width: 0.021359223300970873
height: 0.015434985968194575
Area: 0.0001695320612374024
CentroidX: 0.7655
CentroidY: 0.5144
