Location: Dedata_22.png_Mean-Closing.png
Component: component_1755510404938_300.png
centerX: 0.9762096774193548
centerY: 0.5246508976916501
width: 0.02056451612903226
height: 0.03619264747791394
Area: 0.000339564621847967
CentroidX: 0.9844
CentroidY: 0.5382
