Location: internet_28.png_Gaussian-Closing.png
Component: component_1755079435283_91.png
centerX: 0.52801289802499
centerY: 0.2440832620473339
width: 0.037484885126964934
height: 0.032506415739948676
Area: 0.0003062913155665981
CentroidX: 0.5427
CentroidY: 0.2553
