Location: Dedata_22.png_Otsu.png
Component: component_1755510404110_557.png
centerX: 0.7669354838709678
centerY: 0.47306925049871756
width: 0.025
height: 0.03562268452550584
Area: 0.00034864266080769266
CentroidX: 0.7767
CentroidY: 0.4853
