Location: internet_28.png_Gaussian-Closing.png
Component: component_1755079435298_163.png
centerX: 0.4131398629584845
centerY: 0.46421442828628456
width: 0.03385731559854897
height: 0.033932135728542916
Area: 0.00044570270985638556
CentroidX: 0.4266
CentroidY: 0.4766
