Location: Dedata_22.png_Otsu.png
Component: component_1755510404125_612.png
centerX: 0.1717741935483871
centerY: 0.573382730122542
width: 0.025806451612903226
height: 0.0347677400968937
Area: 0.00037553204203017126
CentroidX: 0.1822
CentroidY: 0.5854
