Location: internet_28.png_Gaussian-Closing.png
Component: component_1755079435276_61.png
centerX: 0.20838371624345023
centerY: 0.16253207869974337
width: 0.03909713825070536
height: 0.032506415739948676
Area: 0.00037237668384081725
CentroidX: 0.2278
CentroidY: 0.1736
