Location: internet_28.png_Mean-Closing.png
Component: component_1755079435389_69.png
centerX: 0.6384522370012092
centerY: 0.18562874251497005
width: 0.03385731559854897
height: 0.034787567721699456
Area: 0.00036053878308908754
CentroidX: 0.6523
CentroidY: 0.1973
