Location: internet_28.png_Otsu.png
Component: component_1755079435778_157.png
centerX: 0.016122531237404272
centerY: 0.11833475905332193
width: 0.03990326481257558
height: 0.03136583974907328
Area: 0.0003739857188944504
CentroidX: 0.0358
CentroidY: 0.1289
