Location: internet_28.png_Otsu.png
Component: component_1755079435788_270.png
centerX: 0.7670294236195082
centerY: 0.2249786142001711
width: 0.02539298669891173
height: 0.011976047904191617
Area: 9.89556557984394e-05
CentroidX: 0.7823
CentroidY: 0.2299
