Location: internet_28.png_Mean-Medain.png
Component: component_1755079435684_134.png
centerX: 0.19669488109633212
centerY: 0.36298830909609353
width: 0.04232164449818621
height: 0.03507271171941831
Area: 0.0004888018630787023
CentroidX: 0.2161
CentroidY: 0.3746
