Location: Dedata_22.png_Mean-Closing.png
Component: component_1755510404882_76.png
centerX: 0.757258064516129
centerY: 0.13707609005414648
width: 0.024193548387096774
height: 0.03220290681105728
Area: 0.00022614659079417903
CentroidX: 0.7660
CentroidY: 0.1476
