Location: Dedata_22.png_Mean-Closing.png
Component: component_1755510404956_386.png
centerX: 0.6092741935483871
centerY: 0.7204331718438302
width: 0.02620967741935484
height: 0.04018238814477059
Area: 0.0004432151426286324
CentroidX: 0.6187
CentroidY: 0.7353
