Location: Dedata_22.png_Mean-Closing.png
Component: component_1755510404929_260.png
centerX: 0.19596774193548386
centerY: 0.4744941578797378
width: 0.02338709677419355
height: 0.0353377030493018
Area: 0.00038047325310951565
CentroidX: 0.2057
CentroidY: 0.4875
