Location: internet_28.png_Gaussian-Closing.png
Component: component_1755079435292_134.png
centerX: 0.8939943571140669
centerY: 0.3900769888793841
width: 0.03667875856509472
height: 0.03507271171941831
Area: 0.00046397675082264793
CentroidX: 0.9090
CentroidY: 0.4022
