Location: internet_28.png_Gaussian-Closing.png
Component: component_1755079435305_192.png
centerX: 0.7891979040709391
centerY: 0.5454804676361562
width: 0.036275695284159616
height: 0.03222127174222983
Area: 0.00044145026007178363
CentroidX: 0.8040
CentroidY: 0.5563
