Location: Dedata_22.png_Gaussian-Closing.png
Component: component_1755510404387_90.png
centerX: 0.41854838709677417
centerY: 0.14990025648332858
width: 0.021370967741935483
height: 0.031917925334853235
Area: 0.00027636308478658564
CentroidX: 0.4283
CentroidY: 0.1610
