Location: internet_28.png_Otsu.png
Component: component_1755079435800_570.png
centerX: 0.727932285368803
centerY: 0.40119760479041916
width: 0.0354695687222894
height: 0.029940119760479042
Area: 0.00038950141405448443
CentroidX: 0.7431
CentroidY: 0.4110
