Location: Dedata_22.png_Gaussian-Closing.png
Component: component_1755510404431_300.png
centerX: 0.7326612903225806
centerY: 0.5246508976916501
width: 0.02661290322580645
height: 0.03562268452550584
Area: 0.00038300131459197086
CentroidX: 0.7427
CentroidY: 0.5373
