Location: Dedata_22.png_Mean-Closing.png
Component: component_1755510404959_400.png
centerX: 0.006048387096774193
centerY: 0.7301225420347678
width: 0.024596774193548387
height: 0.03305785123966942
Area: 0.0004028810707949145
CentroidX: 0.0160
CentroidY: 0.7421
