Location: Dedata_22.png_Gaussian-Closing.png
Component: component_1755510404384_77.png
centerX: 0.9048387096774193
centerY: 0.13337133086349387
width: 0.01935483870967742
height: 0.030777999430037048
Area: 0.00022672115022200976
CentroidX: 0.9127
CentroidY: 0.1444
