Location: internet_28.png_Gaussian-Closing.png
Component: component_1755079435307_203.png
centerX: 0.17976622329705763
centerY: 0.5779868833761049
width: 0.03506650544135429
height: 0.03022526375819789
Area: 0.00040972928330015846
CentroidX: 0.1947
CentroidY: 0.5889
