Location: Dedata_22.png_Otsu.png
Component: component_1755510404141_674.png
centerX: 0.1346774193548387
centerY: 0.6734112282701624
width: 0.025403225806451612
height: 0.03676261043032203
Area: 0.00036898206455290085
CentroidX: 0.1439
CentroidY: 0.6862
