Location: internet_28.png_Mean-Medain.png
Component: component_1755079435694_168.png
centerX: 0.35832325675130994
centerY: 0.4673510122611919
width: 0.032648125755743655
height: 0.03421727972626176
Area: 0.0004188088382456599
CentroidX: 0.3718
CentroidY: 0.4783
