Location: Dedata_22.png_Mean-Medain.png
Component: component_1755510404721_133.png
centerX: 0.525
centerY: 0.2390994585351952
width: 0.028629032258064516
height: 0.03733257338273012
Area: 0.0003071594701183133
CentroidX: 0.5370
CentroidY: 0.2513
