Location: Dedata_22.png_Otsu.png
Component: component_1755510404064_143.png
centerX: 0.6733870967741935
centerY: 0.2402393844400114
width: 0.018951612903225806
height: 0.033912795668281565
Area: 0.00017213800457808952
CentroidX: 0.6822
CentroidY: 0.2521
