Location: internet_28.png_Mean-Medain.png
Component: component_1755079435654_87.png
centerX: 0.0765820233776703
centerY: 0.21870544625035643
width: 0.04514308746473196
height: 0.03051040775591674
Area: 0.00038145623878631864
CentroidX: 0.0990
CentroidY: 0.2288
