Location: Dedata_22.png_Gaussian-Closing.png
Component: component_1755510404447_380.png
centerX: 0.9193548387096774
centerY: 0.713308634938729
width: 0.024596774193548387
height: 0.03562268452550584
Area: 0.0003920793535516966
CentroidX: 0.9289
CentroidY: 0.7263
