Location: internet_28.png_Gaussian-Closing.png
Component: component_1755079435295_146.png
centerX: 0.3022974607013301
centerY: 0.41573994867408043
width: 0.03667875856509472
height: 0.034787567721699456
Area: 0.0004809865499610556
CentroidX: 0.3164
CentroidY: 0.4278
