Location: Dedata_22.png_Mean-Medain.png
Component: component_1755510404751_191.png
centerX: 0.5673387096774194
centerY: 0.33371330863493875
width: 0.022983870967741935
height: 0.031062980906241093
Area: 0.0002739499351896965
CentroidX: 0.5766
CentroidY: 0.3447
