Location: Dedata_22.png_Mean-Closing.png
Component: component_1755510404874_35.png
centerX: 0.5278225806451613
centerY: 0.05443146195497293
width: 0.025806451612903226
height: 0.034482758620689655
Area: 0.00028854374465659734
CentroidX: 0.5379
CentroidY: 0.0665
