Location: Dedata_22.png_Mean-Closing.png
Component: component_1755510404910_182.png
centerX: 0.45
centerY: 0.3331433456825306
width: 0.021774193548387097
height: 0.03419777714448561
Area: 0.000291416541795751
CentroidX: 0.4588
CentroidY: 0.3454
