Location: internet_28.png_Mean-Closing.png
Component: component_1755079435410_164.png
centerX: 0.18903667875856509
centerY: 0.47105788423153694
width: 0.03869407496977025
height: 0.033932135728542916
Area: 0.00048328517146624584
CentroidX: 0.2050
CentroidY: 0.4821
