Location: Dedata_22.png_Mean-Medain.png
Component: component_1755510404784_273.png
centerX: 0.3850806451612903
centerY: 0.47591906526075806
width: 0.02620967741935484
height: 0.0353377030493018
Area: 0.0003915047941238658
CentroidX: 0.3964
CentroidY: 0.4884
