Location: internet_28.png_Gaussian-Closing.png
Component: component_1755079435276_63.png
centerX: 0.013301088270858524
centerY: 0.16737952666096378
width: 0.037081821846029824
height: 0.03307670373538637
Area: 0.00037007806233562703
CentroidX: 0.0295
CentroidY: 0.1787
