Location: Dedata_22.png_Gaussian-Closing.png
Component: component_1755510404368_6.png
centerX: 0.43185483870967745
centerY: 0.006554573952693075
width: 0.028225806451612902
height: 0.03619264747791394
Area: 0.0003772557203136635
CentroidX: 0.4433
CentroidY: 0.0193
