Location: internet_28.png_Mean-Medain.png
Component: component_1755079435696_180.png
centerX: 0.7263200322450625
centerY: 0.49729113202167097
width: 0.03466344216041919
height: 0.03136583974907328
Area: 0.0004635170265216099
CentroidX: 0.7413
CentroidY: 0.5081
