Location: Dedata_22.png_Otsu.png
Component: component_1755510404046_55.png
centerX: 0.6471774193548387
centerY: 0.09290396124251923
width: 0.02379032258064516
height: 0.03220290681105728
Area: 0.00019328179152226072
CentroidX: 0.6567
CentroidY: 0.1037
