Location: internet_28.png_Gaussian-Closing.png
Component: component_1755079435287_110.png
centerX: 0.33615477629987905
centerY: 0.3088109495295124
width: 0.03184199919387344
height: 0.033361847733105215
Area: 0.00029514300126642554
CentroidX: 0.3511
CentroidY: 0.3203
