Location: internet_28.png_Mean-Medain.png
Component: component_1755079435712_244.png
centerX: 0.17613865376864168
centerY: 0.6834901625320787
width: 0.035872632003224506
height: 0.03364699173082407
Area: 0.0004759295826496371
CentroidX: 0.1923
CentroidY: 0.6956
