Location: Dedata_22.png_Mean-Closing.png
Component: component_1755510404957_389.png
centerX: 0.35443548387096774
centerY: 0.7224280421772585
width: 0.029838709677419355
height: 0.03932744371615845
Area: 0.00044838617747910905
CentroidX: 0.3651
CentroidY: 0.7362
