Location: internet_28.png_Mean-Closing.png
Component: component_1755079435382_40.png
centerX: 0.36436920596533656
centerY: 0.1074992871400057
width: 0.04917372027408303
height: 0.035357855717137156
Area: 0.00047328616791866834
CentroidX: 0.3882
CentroidY: 0.1182
