Location: Dedata_22.png_Mean-Closing.png
Component: component_1755510404946_336.png
centerX: 0.007661290322580645
centerY: 0.622399544029638
width: 0.027016129032258064
height: 0.0353377030493018
Area: 0.0004481563537079767
CentroidX: 0.0190
CentroidY: 0.6353
