Location: internet_28.png_Mean-Medain.png
Component: component_1755079435644_70.png
centerX: 0.8089480048367593
centerY: 0.1739378386084973
width: 0.032245062474808545
height: 0.035357855717137156
Area: 0.0003536429185735169
CentroidX: 0.8240
CentroidY: 0.1864
