Location: internet_28.png_Mean-Medain.png
Component: component_1755079435642_65.png
centerX: 0.012898024989923419
centerY: 0.16709438266324494
width: 0.037484885126964934
height: 0.03364699173082407
Area: 0.00039329413953804836
CentroidX: 0.0296
CentroidY: 0.1786
