Location: Dedata_22.png_Otsu.png
Component: component_1755510404035_5.png
centerX: 0.7471774193548387
centerY: 0.006554573952693075
width: 0.025806451612903226
height: 0.032487888287261325
Area: 0.00026395260114544166
CentroidX: 0.7572
CentroidY: 0.0177
