Location: Dedata_22.png_Otsu.png
Component: component_1755510404134_649.png
centerX: 0.8149193548387097
centerY: 0.6235394699344543
width: 0.02661290322580645
height: 0.03305785123966942
Area: 0.0003514005460612802
CentroidX: 0.8253
CentroidY: 0.6349
