Location: internet_28.png_Gaussian-Closing.png
Component: component_1755079435298_160.png
centerX: 0.5787988714228134
centerY: 0.4568006843455945
width: 0.03829101168883515
height: 0.03450242372398061
Area: 0.00045926457673700795
CentroidX: 0.5959
CentroidY: 0.4680
