Location: Dedata_22.png_Mean-Medain.png
Component: component_1755510404707_125.png
centerX: 0.05443548387096774
centerY: 0.20404673696209746
width: 0.022983870967741935
height: 0.02963807352522086
Area: 0.00023602901295286774
CentroidX: 0.0636
CentroidY: 0.2143
