Location: Dedata_22.png_Gaussian-Closing.png
Component: component_1755510404384_76.png
centerX: 0.792741935483871
centerY: 0.1336563123396979
width: 0.02258064516129032
height: 0.03334283271587347
Area: 0.0002454517875692919
CentroidX: 0.8014
CentroidY: 0.1458
