Location: Dedata_22.png_Mean-Medain.png
Component: component_1755510404803_361.png
centerX: 0.7758064516129032
centerY: 0.664576802507837
width: 0.031048387096774193
height: 0.03676261043032203
Area: 0.0004347116630967374
CentroidX: 0.7887
CentroidY: 0.6775
