Location: Dedata_22.png_Otsu.png
Component: component_1755510404098_501.png
centerX: 0.36451612903225805
centerY: 0.4251923624964377
width: 0.02620967741935484
height: 0.0353377030493018
Area: 0.0003418628595592899
CentroidX: 0.3747
CentroidY: 0.4381
