Location: internet_28.png_Otsu.png
Component: component_1755079435823_675.png
centerX: 0.1769447803305119
centerY: 0.6834901625320787
width: 0.03466344216041919
height: 0.033361847733105215
Area: 0.0004281182553416803
CentroidX: 0.1923
CentroidY: 0.6956
