Location: Dedata_22.png_Mean-Closing.png
Component: component_1755510404913_193.png
centerX: 0.17298387096774193
centerY: 0.33884297520661155
width: 0.02217741935483871
height: 0.03163294385864919
Area: 0.0002791209700401732
CentroidX: 0.1817
CentroidY: 0.3500
