Location: internet_28.png_Gaussian-Closing.png
Component: component_1755079435301_178.png
centerX: 0.5787988714228134
centerY: 0.5055603079555175
width: 0.03385731559854897
height: 0.03136583974907328
Area: 0.00042329115018078085
CentroidX: 0.5930
CentroidY: 0.5162
