Location: internet_28.png_Gaussian-Closing.png
Component: component_1755079435266_11.png
centerX: 0.34058847239016526
centerY: 0.011690903906472769
width: 0.041112454655380895
height: 0.03592814371257485
Area: 0.00039237469093597225
CentroidX: 0.3599
CentroidY: 0.0235
