Location: Dedata_22.png_Otsu.png
Component: component_1755510404052_84.png
centerX: 0.5366935483870968
centerY: 0.14591051581647194
width: 0.021774193548387097
height: 0.03277286976346538
Area: 0.00020339403745208174
CentroidX: 0.5459
CentroidY: 0.1571
