Location: Dedata_22.png_Mean-Closing.png
Component: component_1755510404868_3.png
centerX: 0.4842741935483871
centerY: 0.005984611000284981
width: 0.027822580645161292
height: 0.033912795668281565
Area: 0.0003715101260353561
CentroidX: 0.4953
CentroidY: 0.0174
