Location: internet_28.png_Mean-Medain.png
Component: component_1755079435699_186.png
centerX: 0.4026602176541717
centerY: 0.5175363558597091
width: 0.03829101168883515
height: 0.03222127174222983
Area: 0.0004535180229740324
CentroidX: 0.4189
CentroidY: 0.5282
