Location: Dedata_22.png_Otsu.png
Component: component_1755510404059_116.png
centerX: 0.2540322580645161
centerY: 0.1989170703904246
width: 0.022983870967741935
height: 0.031917925334853235
Area: 0.0001711037976079942
CentroidX: 0.2641
CentroidY: 0.2097
