Location: internet_28.png_Mean-Medain.png
Component: component_1755079435676_116.png
centerX: 0.20999596936719064
centerY: 0.3150841174793271
width: 0.032245062474808545
height: 0.03165098374679213
Area: 0.00033134628997317166
CentroidX: 0.2237
CentroidY: 0.3254
