Location: Dedata_22.png_Mean-Closing.png
Component: component_1755510404925_244.png
centerX: 0.28024193548387094
centerY: 0.4306070105443146
width: 0.027016129032258064
height: 0.03305785123966942
Area: 0.00029084198236792026
CentroidX: 0.2913
CentroidY: 0.4412
