Location: Dedata_22.png_Otsu.png
Component: component_1755510404039_23.png
centerX: 0.9358870967741936
centerY: 0.04873183243089199
width: 0.020967741935483872
height: 0.029923055001424906
Area: 0.0002078756009891615
CentroidX: 0.9442
CentroidY: 0.0594
