Location: Dedata_22.png_Gaussian-Closing.png
Component: component_1755510404381_63.png
centerX: 0.39233870967741935
centerY: 0.10230834995725278
width: 0.020161290322580645
height: 0.03305785123966942
Area: 0.000271996433135072
CentroidX: 0.4018
CentroidY: 0.1144
