Location: internet_28.png_Gaussian-Closing.png
Component: component_1755079435314_238.png
centerX: 0.23216444981862153
centerY: 0.6826347305389222
width: 0.03305118903667876
height: 0.029654975762760195
Area: 0.00044156519114704317
CentroidX: 0.2466
CentroidY: 0.6937
