Location: internet_28.png_Gaussian-Closing.png
Component: component_1755079435282_85.png
centerX: 0.8129786376461104
centerY: 0.2209865982321072
width: 0.032245062474808545
height: 0.03421727972626176
Area: 0.0002883620678261143
CentroidX: 0.8260
CentroidY: 0.2337
