Location: internet_28.png_Mean-Medain.png
Component: component_1755079435688_145.png
centerX: 0.56590084643289
centerY: 0.40404904476760767
width: 0.03667875856509472
height: 0.03165098374679213
Area: 0.0004291526350190159
CentroidX: 0.5803
CentroidY: 0.4145
