Location: Dedata_22.png_Mean-Closing.png
Component: component_1755510404877_49.png
centerX: 0.9290322580645162
centerY: 0.08805927614705045
width: 0.021370967741935483
height: 0.034482758620689655
Area: 0.0002696981954237491
CentroidX: 0.9361
CentroidY: 0.1004
