Location: Dedata_22.png_Mean-Medain.png
Component: component_1755510404660_41.png
centerX: 0.20040322580645162
centerY: 0.05842120262182958
width: 0.024596774193548387
height: 0.03334283271587347
Area: 0.00030233317092453506
CentroidX: 0.2098
CentroidY: 0.0698
