Location: internet_28.png_Gaussian-Closing.png
Component: component_1755079435301_177.png
centerX: 0.6283756549778315
centerY: 0.5018534359851725
width: 0.03305118903667876
height: 0.03307670373538637
Area: 0.0004435190194264549
CentroidX: 0.6403
CentroidY: 0.5141
