Location: internet_28.png_Mean-Closing.png
Component: component_1755079435423_216.png
centerX: 0.23498589278516727
centerY: 0.6278870829769033
width: 0.03667875856509472
height: 0.033361847733105215
Area: 0.0004969619694221277
CentroidX: 0.2503
CentroidY: 0.6397
