Location: Dedata_22.png_Mean-Medain.png
Component: component_1755510404637_12.png
centerX: 0.527016129032258
centerY: 0.007124536905101168
width: 0.025806451612903226
height: 0.03220290681105728
Area: 0.00032531554803776465
CentroidX: 0.5373
CentroidY: 0.0177
