Location: internet_28.png_Mean-Closing.png
Component: component_1755079435447_239.png
centerX: 0.016122531237404272
centerY: 0.6931850584545195
width: 0.03909713825070536
height: 0.039064727687482176
Area: 0.0005571858528581117
CentroidX: 0.0334
CentroidY: 0.7064
