Location: internet_28.png_Mean-Medain.png
Component: component_1755079435690_151.png
centerX: 0.301894397420395
centerY: 0.41573994867408043
width: 0.037081821846029824
height: 0.034787567721699456
Area: 0.0005005248327551726
CentroidX: 0.3164
CentroidY: 0.4277
