Location: internet_28.png_Mean-Medain.png
Component: component_1755079435716_259.png
centerX: 0.34542523176138656
centerY: 0.7313943541488451
width: 0.03385731559854897
height: 0.03507271171941831
Area: 0.0004915602088849307
CentroidX: 0.3605
CentroidY: 0.7443
