Location: Dedata_22.png_Gaussian-Closing.png
Component: component_1755510404423_261.png
centerX: 0.11653225806451613
centerY: 0.4744941578797378
width: 0.025403225806451612
height: 0.036477628954117984
Area: 0.0004042600134217082
CentroidX: 0.1273
CentroidY: 0.4879
