Location: internet_28.png_Mean-Medain.png
Component: component_1755079435693_167.png
centerX: 0.4131398629584845
centerY: 0.46421442828628456
width: 0.03385731559854897
height: 0.033932135728542916
Area: 0.0004640916818979074
CentroidX: 0.4267
CentroidY: 0.4765
