Location: Dedata_22.png_Mean-Closing.png
Component: component_1755510404899_135.png
centerX: 0.6072580645161291
centerY: 0.2413793103448276
width: 0.021774193548387097
height: 0.031062980906241093
Area: 0.000257977183096002
CentroidX: 0.6164
CentroidY: 0.2521
