Location: Dedata_22.png_Mean-Medain.png
Component: component_1755510404759_210.png
centerX: 0.5463709677419355
centerY: 0.37817041892277004
width: 0.02258064516129032
height: 0.031917925334853235
Area: 0.0002615394515485526
CentroidX: 0.5560
CentroidY: 0.3892
