Location: internet_28.png_Otsu.png
Component: component_1755079435776_138.png
centerX: 0.7158403869407497
centerY: 0.08668377530652979
width: 0.04353083434099154
height: 0.029369831765041345
Area: 0.0003929493463122698
CentroidX: 0.7359
CentroidY: 0.0961
