Location: Dedata_22.png_Mean-Closing.png
Component: component_1755510404955_380.png
centerX: 0.805241935483871
centerY: 0.7144485608435451
width: 0.02620967741935484
height: 0.039042462239954404
Area: 0.0003970205646310409
CentroidX: 0.8142
CentroidY: 0.7287
