Location: internet_28.png_Mean-Medain.png
Component: component_1755079435617_33.png
centerX: 0.260378879484079
centerY: 0.06729398346164814
width: 0.031035872632003223
height: 0.03279155973766752
Area: 0.0003189337338451444
CentroidX: 0.2738
CentroidY: 0.0786
