Location: Dedata_22.png_Gaussian-Closing.png
Component: component_1755510404397_134.png
centerX: 0.5665322580645161
centerY: 0.2402393844400114
width: 0.022983870967741935
height: 0.033912795668281565
Area: 0.00025579385727024517
CentroidX: 0.5753
CentroidY: 0.2519
