Location: Dedata_22.png_Mean-Medain.png
Component: component_1755510404685_74.png
centerX: 0.8689516129032258
centerY: 0.13137646053006555
width: 0.024193548387096774
height: 0.03220290681105728
Area: 0.00023729304369409537
CentroidX: 0.8791
CentroidY: 0.1430
