Location: Dedata_22.png_Gaussian-Closing.png
Component: component_1755510404414_214.png
centerX: 0.617741935483871
centerY: 0.3804502707324024
width: 0.02217741935483871
height: 0.03163294385864919
Area: 0.000258781566294965
CentroidX: 0.6273
CentroidY: 0.3915
