Location: internet_28.png_Gaussian-Closing.png
Component: component_1755079435290_126.png
centerX: 0.4465941152760983
centerY: 0.3555745651554035
width: 0.03829101168883515
height: 0.03592814371257485
Area: 0.000449840228565728
CentroidX: 0.4634
CentroidY: 0.3677
