Location: internet_28.png_Otsu.png
Component: component_1755079435774_70.png
centerX: 0.42926239419588874
centerY: 0.05588822355289421
width: 0.039500201531640466
height: 0.03222127174222983
Area: 0.0001907855849307891
CentroidX: 0.4490
CentroidY: 0.0642
