Location: internet_28.png_Mean-Medain.png
Component: component_1755079435696_177.png
centerX: 0.7783151954856913
centerY: 0.4924436840604505
width: 0.03305118903667876
height: 0.03450242372398061
Area: 0.00047121740856399715
CentroidX: 0.7912
CentroidY: 0.5046
