Location: internet_28.png_Mean-Closing.png
Component: component_1755079435395_97.png
centerX: 0.9036678758565094
centerY: 0.2731679498146564
width: 0.04070939137444579
height: 0.03421727972626176
Area: 0.00043466932663147246
CentroidX: 0.9228
CentroidY: 0.2848
