Location: internet_28.png_Gaussian-Closing.png
Component: component_1755079435316_244.png
centerX: 0.9153567110036276
centerY: 0.7048759623609923
width: 0.035872632003224506
height: 0.03307670373538637
Area: 0.0004768490312517132
CentroidX: 0.9298
CentroidY: 0.7174
