Location: Dedata_22.png_Mean-Medain.png
Component: component_1755510404804_368.png
centerX: 0.3338709677419355
centerY: 0.6699914505557139
width: 0.024596774193548387
height: 0.037047591906526074
Area: 0.0004072477224464281
CentroidX: 0.3431
CentroidY: 0.6836
