Location: internet_28.png_Mean-Closing.png
Component: component_1755079435415_187.png
centerX: 0.8432083837162434
centerY: 0.5426290276589678
width: 0.0354695687222894
height: 0.032506415739948676
Area: 0.0004721368571660732
CentroidX: 0.8577
CentroidY: 0.5546
