Location: Dedata_22.png_Otsu.png
Component: component_1755510404128_624.png
centerX: 0.9387096774193548
centerY: 0.5773724707893987
width: 0.028629032258064516
height: 0.03733257338273012
Area: 0.00037553204203017126
CentroidX: 0.9498
CentroidY: 0.5906
