Location: internet_28.png_Gaussian-Closing.png
Component: component_1755079435271_35.png
centerX: 0.7799274486094316
centerY: 0.08440262332477902
width: 0.04070939137444579
height: 0.032506415739948676
Area: 0.00038628334394721816
CentroidX: 0.7996
CentroidY: 0.0956
