Location: Dedata_22.png_Mean-Closing.png
Component: component_1755510404909_177.png
centerX: 0.7955645161290322
centerY: 0.3285836420632659
width: 0.025
height: 0.031062980906241093
Area: 0.00025694297612590663
CentroidX: 0.8055
CentroidY: 0.3391
