Location: Dedata_22.png_Mean-Closing.png
Component: component_1755510404877_48.png
centerX: 0.8491935483870968
centerY: 0.08748931319464234
width: 0.025403225806451612
height: 0.034482758620689655
Area: 0.00028601568317414207
CentroidX: 0.8590
CentroidY: 0.0993
