Location: internet_28.png_Mean-Medain.png
Component: component_1755079435655_88.png
centerX: 0.8125755743651754
centerY: 0.2209865982321072
width: 0.032648125755743655
height: 0.03421727972626176
Area: 0.00032111742427507514
CentroidX: 0.8259
CentroidY: 0.2337
