Location: internet_28.png_Mean-Closing.png
Component: component_1755079435399_114.png
centerX: 0.905683192261185
centerY: 0.33447390932420873
width: 0.03869407496977025
height: 0.03364699173082407
Area: 0.0004667350966288762
CentroidX: 0.9215
CentroidY: 0.3458
