Location: Dedata_22.png_Mean-Medain.png
Component: component_1755510404707_127.png
centerX: 0.907258064516129
centerY: 0.23168994015389
width: 0.02379032258064516
height: 0.03334283271587347
Area: 0.0002520017650465623
CentroidX: 0.9163
CentroidY: 0.2431
