Location: Dedata_22.png_Gaussian-Closing.png
Component: component_1755510404393_116.png
centerX: 0.2536290322580645
centerY: 0.19863208891422057
width: 0.02379032258064516
height: 0.03277286976346538
Area: 0.0002546447384145837
CentroidX: 0.2639
CentroidY: 0.2100
