Location: internet_28.png_Mean-Medain.png
Component: component_1755079435611_14.png
centerX: 0.34058847239016526
centerY: 0.011690903906472769
width: 0.041112454655380895
height: 0.03592814371257485
Area: 0.0004117980426548297
CentroidX: 0.3600
CentroidY: 0.0233
