Location: internet_28.png_Mean-Closing.png
Component: component_1755079435391_76.png
centerX: 0.27005239822652155
centerY: 0.20758483033932135
width: 0.045949214026602174
height: 0.033361847733105215
Area: 0.00037547982287282404
CentroidX: 0.2937
CentroidY: 0.2189
