Location: Kurtxevani_1794_page_10.png_Mean-Medain.png
Component: component_1755610054593_445.png
centerX: 0.2232612507305669
centerY: 0.07977082415160863
width: 0.01636469900642899
height: 0.014543851917144116
Area: 0.00014553382450784453
CentroidX: 0.2308
CentroidY: 0.0856
