Location: Dedata_22.png_Mean-Medain.png
Component: component_1755510404693_96.png
centerX: 0.1342741935483871
centerY: 0.15332003419777715
width: 0.02379032258064516
height: 0.03305785123966942
Area: 0.00028601568317414207
CentroidX: 0.1433
CentroidY: 0.1646
