Location: Dedata_22.png_Mean-Medain.png
Component: component_1755510404723_141.png
centerX: 0.37943548387096776
centerY: 0.24194927329723567
width: 0.024193548387096774
height: 0.03305785123966942
Area: 0.00025809209498156815
CentroidX: 0.3898
CentroidY: 0.2536
