Location: internet_28.png_Otsu.png
Component: component_1755079435803_580.png
centerX: 0.19266424828698106
centerY: 0.41944682064442546
width: 0.03426037887948408
height: 0.033932135728542916
Area: 0.0004447832612543095
CentroidX: 0.2054
CentroidY: 0.4320
