Location: internet_28.png_Gaussian-Closing.png
Component: component_1755079435294_141.png
centerX: 0.566303909713825
centerY: 0.40404904476760767
width: 0.036275695284159616
height: 0.031936127744510975
Area: 0.0004155907681383936
CentroidX: 0.5803
CentroidY: 0.4147
