Location: Dedata_22.png_Mean-Medain.png
Component: component_1755510404786_281.png
centerX: 0.2963709677419355
centerY: 0.5172413793103449
width: 0.02620967741935484
height: 0.04103733257338273
Area: 0.00044562829222552145
CentroidX: 0.3057
CentroidY: 0.5329
