Location: Dedata_22.png_Mean-Medain.png
Component: component_1755510404699_111.png
centerX: 0.5294354838709677
centerY: 0.19293245939013964
width: 0.02258064516129032
height: 0.031062980906241093
Area: 0.0002582070068671343
CentroidX: 0.5395
CentroidY: 0.2033
