Location: Dedata_22.png_Otsu.png
Component: component_1755510404079_265.png
centerX: 0.25967741935483873
centerY: 0.3391279566828156
width: 0.018951612903225806
height: 0.031917925334853235
Area: 0.00015329245534524127
CentroidX: 0.2675
CentroidY: 0.3497
