Location: Dedata_22.png_Mean-Closing.png
Component: component_1755510404919_216.png
centerX: 0.4028225806451613
centerY: 0.3833000854944429
width: 0.021774193548387097
height: 0.030208036477628954
Area: 0.0002585517425238327
CentroidX: 0.4117
CentroidY: 0.3938
