Location: Dedata_22.png_Mean-Closing.png
Component: component_1755510404932_271.png
centerX: 0.5721774193548387
centerY: 0.47677400968937017
width: 0.02661290322580645
height: 0.037902536335138216
Area: 0.00040667316301859735
CentroidX: 0.5830
CentroidY: 0.4898
