Location: internet_28.png_Mean-Medain.png
Component: component_1755079435611_15.png
centerX: 0.21523579201934703
centerY: 0.013401767892785858
width: 0.04030632809351068
height: 0.033932135728542916
Area: 0.00040432752276296145
CentroidX: 0.2321
CentroidY: 0.0240
