Location: Dedata_22.png_Otsu.png
Component: component_1755510404072_198.png
centerX: 0.4645161290322581
centerY: 0.292675976061556
width: 0.020161290322580645
height: 0.029068110572812767
Area: 0.00016386434881732689
CentroidX: 0.4720
CentroidY: 0.3019
