Location: internet_28.png_Mean-Medain.png
Component: component_1755079435631_47.png
centerX: 0.07980652962515115
centerY: 0.11719418306244654
width: 0.04675534058847239
height: 0.03222127174222983
Area: 0.0004512194014688421
CentroidX: 0.1028
CentroidY: 0.1272
