Location: Dedata_22.png_Gaussian-Closing.png
Component: component_1755510404436_324.png
centerX: 0.5096774193548387
centerY: 0.5779424337418068
width: 0.02903225806451613
height: 0.03362781419207751
Area: 0.0003848399047610292
CentroidX: 0.5200
CentroidY: 0.5900
