Location: Dedata_22.png_Gaussian-Closing.png
Component: component_1755510404440_345.png
centerX: 0.46169354838709675
centerY: 0.6232544884582503
width: 0.02620967741935484
height: 0.03818751781134226
Area: 0.00041724505649068296
CentroidX: 0.4718
CentroidY: 0.6369
