Location: internet_28.png_Mean-Medain.png
Component: component_1755079435713_245.png
centerX: 0.12333736396614269
centerY: 0.6891930424864556
width: 0.035872632003224506
height: 0.03022526375819789
Area: 0.0004370828792119222
CentroidX: 0.1384
CentroidY: 0.7004
