Location: Dedata_22.png_Mean-Medain.png
Component: component_1755510404752_194.png
centerX: 0.6056451612903225
centerY: 0.33456825306355087
width: 0.024193548387096774
height: 0.030208036477628954
Area: 0.0002591263019516635
CentroidX: 0.6154
CentroidY: 0.3452
