Location: internet_28.png_Mean-Closing.png
Component: component_1755079435409_159.png
centerX: 0.46916565900846435
centerY: 0.4607927003136584
width: 0.032245062474808545
height: 0.03450242372398061
Area: 0.0004447832612543095
CentroidX: 0.4818
CentroidY: 0.4740
