Location: internet_28.png_Gaussian-Closing.png
Component: component_1755079435265_10.png
centerX: 0.015719467956469165
centerY: 0.010835471913316224
width: 0.041515517936316
height: 0.035642999714856
Area: 0.00037570968502334307
CentroidX: 0.0364
CentroidY: 0.0224
