Location: Dedata_22.png_Mean-Closing.png
Component: component_1755510404903_152.png
centerX: 0.817741935483871
centerY: 0.2835565688230265
width: 0.022983870967741935
height: 0.027643203191792535
Area: 0.00022086064405813622
CentroidX: 0.8267
CentroidY: 0.2934
