Location: internet_28.png_Gaussian-Closing.png
Component: component_1755079435271_37.png
centerX: 0.7154373236598146
centerY: 0.08668377530652979
width: 0.04433696090286175
height: 0.029369831765041345
Area: 0.00041674007889098866
CentroidX: 0.7360
CentroidY: 0.0961
