Location: internet_28.png_Gaussian-Closing.png
Component: component_1755079435295_148.png
centerX: 0.19226118500604594
centerY: 0.41944682064442546
width: 0.03466344216041919
height: 0.03421727972626176
Area: 0.00046558578587628107
CentroidX: 0.2054
CentroidY: 0.4321
