Location: internet_28.png_Mean-Closing.png
Component: component_1755079435428_226.png
centerX: 0.7416364369205966
centerY: 0.6575420587396635
width: 0.036275695284159616
height: 0.03279155973766752
Area: 0.0004850091375951385
CentroidX: 0.7569
CentroidY: 0.6691
