Location: internet_28.png_Otsu.png
Component: component_1755079435800_571.png
centerX: 0.6779524385328497
centerY: 0.40176789278585684
width: 0.03426037887948408
height: 0.0290846877673225
Area: 0.0003739857188944504
CentroidX: 0.6922
CentroidY: 0.4116
