Location: Dedata_22.png_Gaussian-Closing.png
Component: component_1755510404380_60.png
centerX: 0.23266129032258065
centerY: 0.10145340552864064
width: 0.02056451612903226
height: 0.03419777714448561
Area: 0.00027211134502063816
CentroidX: 0.2404
CentroidY: 0.1143
