Location: Dedata_22.png_Mean-Medain.png
Component: component_1755510404685_75.png
centerX: 0.8330645161290322
centerY: 0.13251638643488173
width: 0.02379032258064516
height: 0.031917925334853235
Area: 0.0002578622712104358
CentroidX: 0.8419
CentroidY: 0.1436
