Location: internet_28.png_Mean-Closing.png
Component: component_1755079435426_222.png
centerX: 0.9484079000403063
centerY: 0.6478471628172227
width: 0.03345425231761386
height: 0.033932135728542916
Area: 0.0005031682474861413
CentroidX: 0.9608
CentroidY: 0.6611
