Location: internet_28.png_Mean-Closing.png
Component: component_1755079435406_143.png
centerX: 0.301894397420395
centerY: 0.41573994867408043
width: 0.037081821846029824
height: 0.034787567721699456
Area: 0.000499490453077837
CentroidX: 0.3165
CentroidY: 0.4277
