Location: internet_28.png_Otsu.png
Component: component_1755079435792_398.png
centerX: 0.848851269649335
centerY: 0.2780153977758768
width: 0.037484885126964934
height: 0.03421727972626176
Area: 0.00037547982287282404
CentroidX: 0.8668
CentroidY: 0.2891
