Location: Dedata_22.png_Mean-Medain.png
Component: component_1755510404651_32.png
centerX: 0.6870967741935484
centerY: 0.051581647192932456
width: 0.02217741935483871
height: 0.030493017953833
Area: 0.00025544912161354675
CentroidX: 0.6955
CentroidY: 0.0622
