Location: Dedata_22.png_Gaussian-Closing.png
Component: component_1755510404433_306.png
centerX: 0.20846774193548387
centerY: 0.5716728412653177
width: 0.02379032258064516
height: 0.037047591906526074
Area: 0.0003917346178949981
CentroidX: 0.2182
CentroidY: 0.5850
