Location: Dedata_22.png_Mean-Medain.png
Component: component_1755510404773_241.png
centerX: 0.39798387096774196
centerY: 0.42091764035337703
width: 0.025403225806451612
height: 0.037902536335138216
Area: 0.00040115739251142226
CentroidX: 0.4083
CentroidY: 0.4345
