Location: Dedata_22.png_Otsu.png
Component: component_1755510404065_149.png
centerX: 0.48951612903225805
centerY: 0.24223425477343974
width: 0.02379032258064516
height: 0.032487888287261325
Area: 0.0001783432463986615
CentroidX: 0.5004
CentroidY: 0.2531
