Location: Dedata_22.png_Otsu.png
Component: component_1755510404048_59.png
centerX: 0.5209677419354839
centerY: 0.10145340552864064
width: 0.02258064516129032
height: 0.02963807352522086
Area: 0.0001973037075170759
CentroidX: 0.5303
CentroidY: 0.1118
