Location: Dedata_22.png_Mean-Closing.png
Component: component_1755510404929_259.png
centerX: 0.11612903225806452
centerY: 0.4744941578797378
width: 0.02620967741935484
height: 0.036477628954117984
Area: 0.0004195432942020059
CentroidX: 0.1274
CentroidY: 0.4875
