Location: internet_28.png_Mean-Closing.png
Component: component_1755079435425_219.png
centerX: 0.12454655380894801
centerY: 0.6327345309381237
width: 0.036275695284159616
height: 0.035357855717137156
Area: 0.0004954678654437541
CentroidX: 0.1399
CentroidY: 0.6454
