Location: 20250420_132057.jpg_Otsu.png
Component: component_1745148178542_459.png
centerX: 0.774179037336932
centerY: 0.7910532276330691
width: 0.015294646873594242
height: 0.04699886749716874
Area: 0.00011055020889913898
CentroidX: 0.7834
CentroidY: 0.8126
