Location: 20250420_132057.jpg_Mean-Medain.png
Component: component_1745148178705_533.png
centerX: 0.5582546108861899
centerY: 0.7718006795016987
width: 0.01349527665317139
height: 0.053227633069082674
Area: 0.00018136347635066118
CentroidX: 0.5660
CentroidY: 0.7941
