Location: 20250420_132057.jpg_Otsu.png
Component: component_1745148178467_96.png
centerX: 0.677013045434098
centerY: 0.159682899207248
width: 0.023391812865497075
height: 0.053227633069082674
Area: 0.0004939098042751855
CentroidX: 0.6921
CentroidY: 0.1866
