Location: easy16_Gaussian-Median.png
Component: component_1744297381848_847.png
centerX: 0.6717741935483871
centerY: 0.6202107279693486
width: 0.018548387096774192
height: 0.0210727969348659
Area: 0.00014020207638116425
CentroidX: 0.6825
CentroidY: 0.6290
