Location: 20250420_132057.jpg_Otsu.png
Component: component_1745148178482_168.png
centerX: 0.7548358074673864
centerY: 0.2995469988674972
width: 0.024291497975708502
height: 0.07417893544733861
Area: 0.0007659550188011772
CentroidX: 0.7699
CentroidY: 0.3337
