Location: 20250420_132057.jpg_Gaussian-Median.png
Component: component_1745148178763_53.png
centerX: 0.24021592442645073
centerY: 0.033408833522083806
width: 0.0206927575348628
height: 0.052095130237825596
Area: 0.0004740413335513771
CentroidX: 0.2531
CentroidY: 0.0584
