Location: 20250420_132057.jpg_Mean-Medain.png
Component: component_1745148178622_152.png
centerX: 0.26225820962663066
centerY: 0.152321630804077
width: 0.021592442645074223
height: 0.04983012457531144
Area: 0.0005349203656409951
CentroidX: 0.2746
CentroidY: 0.1766
