Location: 20250420_132057.jpg_Gaussian-Median.png
Component: component_1745148178771_102.png
centerX: 0.3594242015294647
centerY: 0.10305775764439411
width: 0.02699055330634278
height: 0.05096262740656852
Area: 0.0005726195152195033
CentroidX: 0.3763
CentroidY: 0.1266
