Location: 20250420_132057.jpg_Gaussian-Median.png
Component: component_1745148178838_465.png
centerX: 0.5290148448043185
centerY: 0.70158550396376
width: 0.015744489428699954
height: 0.05379388448471121
Area: 0.00015487218205225
CentroidX: 0.5375
CentroidY: 0.7254
