Location: 20250420_132057.jpg_Mean-Closing.png
Component: component_1745148178983_487.png
centerX: 0.6846603688708952
centerY: 0.7763306908267271
width: 0.015294646873594242
height: 0.04983012457531144
Area: 0.00015614580197044286
CentroidX: 0.6945
CentroidY: 0.7998
