Location: 20250420_132057.jpg_Otsu.png
Component: component_1745148178495_220.png
centerX: 0.28520017993702207
centerY: 0.434881087202718
width: 0.021592442645074223
height: 0.06002265005662514
Area: 0.0005924879859433116
CentroidX: 0.2978
CentroidY: 0.4636
