Location: 20250420_132057.jpg_Mean-Closing.png
Component: component_1745148178913_106.png
centerX: 0.8335582546108862
centerY: 0.15628539071347677
width: 0.02564102564102564
height: 0.06002265005662514
Area: 0.0006852075159877509
CentroidX: 0.8486
CentroidY: 0.1825
