Location: 20250420_132057.jpg_Otsu.png
Component: component_1745148178488_190.png
centerX: 0.2384165542060279
centerY: 0.36296715741789354
width: 0.024291497975708502
height: 0.06795016987542468
Area: 0.0006979437151696793
CentroidX: 0.2518
CentroidY: 0.3938
