Location: 20250420_132057.jpg_Otsu.png
Component: component_1745148178476_133.png
centerX: 0.8803418803418803
centerY: 0.23442808607021517
width: 0.024741340530814216
height: 0.06625141562853908
Area: 0.0006401213708837241
CentroidX: 0.8957
CentroidY: 0.2666
