Location: 20250420_132057.jpg_Otsu.png
Component: component_1745148178498_237.png
centerX: 0.692757534862798
centerY: 0.464326160815402
width: 0.022941970310391364
height: 0.06455266138165346
Area: 0.0006808772082658952
CentroidX: 0.7079
CentroidY: 0.4942
