Location: 20250420_132057.jpg_Gaussian-Median.png
Component: component_1745148178811_347.png
centerX: 0.8394062078272605
centerY: 0.543035107587769
width: 0.02249212775528565
height: 0.05436013590033975
Area: 0.0005988560855342759
CentroidX: 0.8535
CentroidY: 0.5682
