Location: 20250420_132057.jpg_Gaussian-Median.png
Component: component_1745148178807_324.png
centerX: 0.30229419703103916
centerY: 0.5033975084937712
width: 0.024741340530814216
height: 0.058323895809739526
Area: 0.0006831697241186423
CentroidX: 0.3181
CentroidY: 0.5311
