Location: 20250420_132057.jpg_Mean-Closing.png
Component: component_1745148178907_73.png
centerX: 0.6981556455240666
centerY: 0.09173272933182333
width: 0.024741340530814216
height: 0.059456398640996604
Area: 0.0005524963205120563
CentroidX: 0.7121
CentroidY: 0.1202
