Location: 20250420_132057.jpg_Gaussian-Median.png
Component: component_1745148178840_473.png
centerX: 0.6306792622582096
centerY: 0.7117780294450736
width: 0.013045434098065677
height: 0.053227633069082674
Area: 0.00015385328611769572
CentroidX: 0.6376
CentroidY: 0.7358
