Location: 20250420_132057.jpg_Otsu.png
Component: component_1745148178496_223.png
centerX: 0.2046783625730994
centerY: 0.43997734994337484
width: 0.023391812865497075
height: 0.05719139297848245
Area: 0.0005927427099269503
CentroidX: 0.2194
CentroidY: 0.4664
