Location: 20250420_132057.jpg_Mean-Medain.png
Component: component_1745148178646_277.png
centerX: 0.6126855600539811
centerY: 0.3714609286523216
width: 0.021592442645074223
height: 0.06908267270668177
Area: 0.0006943775793987393
CentroidX: 0.6258
CentroidY: 0.4028
