Location: 20250420_132057.jpg_Mean-Medain.png
Component: component_1745148178656_316.png
centerX: 0.5726495726495726
centerY: 0.4580973952434881
width: 0.02249212775528565
height: 0.05605889014722537
Area: 0.0005629400038412377
CentroidX: 0.5855
CentroidY: 0.4820
