Location: 20250420_132057.jpg_Mean-Closing.png
Component: component_1745148178911_94.png
centerX: 0.1560953666216824
centerY: 0.1477916194790487
width: 0.022042285200179937
height: 0.05379388448471121
Area: 0.00048703225671694407
CentroidX: 0.1689
CentroidY: 0.1740
