Location: 20250420_132057.jpg_Gaussian-Median.png
Component: component_1745148178801_287.png
centerX: 0.1493477282950967
centerY: 0.43827859569648925
width: 0.024291497975708502
height: 0.05096262740656852
Area: 0.0005545341123811649
CentroidX: 0.1636
CentroidY: 0.4608
