Location: 20250420_132057.jpg_Mean-Medain.png
Component: component_1745148178649_292.png
centerX: 0.8308591992802519
centerY: 0.39467723669309174
width: 0.021592442645074223
height: 0.06851642129105323
Area: 0.0007618794350629601
CentroidX: 0.8440
CentroidY: 0.4228
