Location: 20250420_132057.jpg_Mean-Closing.png
Component: component_1745148178991_534.png
centerX: 0.8821412505623032
centerY: 0.8601359003397508
width: 0.0206927575348628
height: 0.06625141562853908
Area: 0.0007147554980898249
CentroidX: 0.8955
CentroidY: 0.8899
