Location: 20250420_132057.jpg_Gaussian-Median.png
Component: component_1745148178832_442.png
centerX: 0.05982905982905983
centerY: 0.6766704416761042
width: 0.015744489428699954
height: 0.04983012457531144
Area: 0.0001755048247269741
CentroidX: 0.0689
CentroidY: 0.6998
