Location: 20250420_132057.jpg_Gaussian-Median.png
Component: component_1745148178772_115.png
centerX: 0.13315339631129106
centerY: 0.14835787089467722
width: 0.0206927575348628
height: 0.04869762174405436
Area: 0.0004727677136331842
CentroidX: 0.1452
CentroidY: 0.1720
