Location: 20250420_132057.jpg_Otsu.png
Component: component_1745148178455_46.png
centerX: 0.6495726495726496
centerY: 0.08493771234428087
width: 0.02114260008996851
height: 0.07021517553793885
Area: 0.0006447064025892184
CentroidX: 0.6627
CentroidY: 0.1172
