Location: 20250420_132057.jpg_Mean-Closing.png
Component: component_1745148178964_388.png
centerX: 0.49572649572649574
centerY: 0.6477916194790487
width: 0.014394961763382817
height: 0.05379388448471121
Area: 0.00016455169343051562
CentroidX: 0.5044
CentroidY: 0.6738
