Location: easy21_Mean-Medain.png
Component: component_1744297381019_998.png
centerX: 0.8153225806451613
centerY: 0.7471264367816092
width: 0.01935483870967742
height: 0.020114942528735632
Area: 0.0001421332344580398
CentroidX: 0.8266
CentroidY: 0.7557
