Location: 20250420_132057.jpg_Mean-Medain.png
Component: component_1745148178693_471.png
centerX: 0.2878992352676563
centerY: 0.6925254813137033
width: 0.014844804318488529
height: 0.05379388448471121
Area: 0.00016022138570865994
CentroidX: 0.2962
CentroidY: 0.7166
