Location: 20250420_132057.jpg_Mean-Closing.png
Component: component_1745148178974_440.png
centerX: 0.6522717049032839
centerY: 0.7185730464326161
width: 0.014844804318488529
height: 0.04983012457531144
Area: 0.00015971193774138283
CentroidX: 0.6606
CentroidY: 0.7420
