Location: 20250420_132057.jpg_Otsu.png
Component: component_1745148178528_383.png
centerX: 0.24426450742240216
centerY: 0.6913929784824462
width: 0.012595591542959963
height: 0.04983012457531144
Area: 0.00011589941255554894
CentroidX: 0.2520
CentroidY: 0.7128
