Location: 20250420_132057.jpg_Otsu.png
Component: component_1745148178545_472.png
centerX: 0.1349527665317139
centerY: 0.8074745186862967
width: 0.024741340530814216
height: 0.06511891279728199
Area: 0.0006482725383601583
CentroidX: 0.1504
CentroidY: 0.8368
