Location: 20250420_132057.jpg_Mean-Medain.png
Component: component_1745148178632_210.png
centerX: 0.7417903733693207
centerY: 0.23442808607021517
width: 0.02384165542060279
height: 0.056625141562853906
Area: 0.0005871387822869018
CentroidX: 0.7562
CentroidY: 0.2619
