Location: 20250420_132057.jpg_Mean-Medain.png
Component: component_1745148178605_29.png
centerX: 0.7809266756635178
centerY: 0.027180067950169876
width: 0.01799370220422852
height: 0.044167610419026046
Area: 0.00032349945922098273
CentroidX: 0.7927
CentroidY: 0.0479
