Location: 20250420_132057.jpg_Otsu.png
Component: component_1745148178499_238.png
centerX: 0.7237966711650922
centerY: 0.464326160815402
width: 0.02564102564102564
height: 0.06342015855039637
Area: 0.0006757827285931238
CentroidX: 0.7406
CentroidY: 0.4933
