Location: 20250420_132057.jpg_Mean-Medain.png
Component: component_1745148178630_198.png
centerX: 0.46108861898335585
centerY: 0.22310305775764439
width: 0.0206927575348628
height: 0.06455266138165346
Area: 0.0006541311899838455
CentroidX: 0.4742
CentroidY: 0.2532
