Location: easy43_Mean-Closing.png
Component: component_1744297380678_1066.png
centerX: 0.594316807738815
centerY: 0.6327490380504489
width: 0.011487303506650543
height: 0.01410859341598974
Area: 7.80622771541699e-05
CentroidX: 0.6008
CentroidY: 0.6382
