Location: 20250420_132057.jpg_Mean-Closing.png
Component: component_1745148178927_181.png
centerX: 0.2321187584345479
centerY: 0.29614949037372595
width: 0.023391812865497075
height: 0.06738391845979615
Area: 0.0006676315611166896
CentroidX: 0.2464
CentroidY: 0.3245
