Location: 20250420_132057.jpg_Otsu.png
Component: component_1745148178450_24.png
centerX: 0.10256410256410256
centerY: 0.026047565118912798
width: 0.026090868196131354
height: 0.05605889014722537
Area: 0.0005300806099518623
CentroidX: 0.1189
CentroidY: 0.0524
