Location: 20250420_132057.jpg_Gaussian-Median.png
Component: component_1745148178838_468.png
centerX: 0.43499775078722447
centerY: 0.7078142695356738
width: 0.014844804318488529
height: 0.052095130237825596
Area: 0.00015487218205225
CentroidX: 0.4433
CentroidY: 0.7317
