Location: 20250420_132057.jpg_Gaussian-Median.png
Component: component_1745148178843_489.png
centerX: 0.9379217273954116
centerY: 0.7412231030577576
width: 0.016194331983805668
height: 0.05379388448471121
Area: 0.00017601427269425124
CentroidX: 0.9481
CentroidY: 0.7681
