Location: easy26_Mean-Closing.png
Component: component_1744297382100_618.png
centerX: 0.5419354838709678
centerY: 0.41379310344827586
width: 0.018548387096774192
height: 0.019636015325670497
Area: 0.00012475281176615993
CentroidX: 0.5523
CentroidY: 0.4222
