Location: 20250420_132057.jpg_Mean-Medain.png
Component: component_1745148178673_393.png
centerX: 0.6734143049932524
centerY: 0.6030577576443941
width: 0.013945119208277103
height: 0.04360135900339751
Area: 0.00012889033572111597
CentroidX: 0.6819
CentroidY: 0.6233
