Location: 20250420_132057.jpg_Otsu.png
Component: component_1745148178480_161.png
centerX: 0.3792172739541161
centerY: 0.29614949037372595
width: 0.02249212775528565
height: 0.06795016987542468
Area: 0.0007409920684045974
CentroidX: 0.3936
CentroidY: 0.3264
