Location: 20250420_132057.jpg_Mean-Closing.png
Component: component_1745148178943_270.png
centerX: 0.8457040035987404
centerY: 0.47791619479048697
width: 0.023391812865497075
height: 0.061155152887882216
Area: 0.0006681410090839667
CentroidX: 0.8599
CentroidY: 0.5052
