Location: 20250420_132057.jpg_Mean-Medain.png
Component: component_1745148178616_123.png
centerX: 0.3108412055780477
centerY: 0.09909399773499433
width: 0.019343229869545658
height: 0.05492638731596829
Area: 0.0004898342205369683
CentroidX: 0.3233
CentroidY: 0.1255
