Location: 20250420_132057.jpg_Otsu.png
Component: component_1745148178477_138.png
centerX: 0.8556005398110661
centerY: 0.23556058890147225
width: 0.01979307242465137
height: 0.061155152887882216
Area: 0.0005634494518085148
CentroidX: 0.8667
CentroidY: 0.2621
