Location: 20250420_132057.jpg_Mean-Closing.png
Component: component_1745148178995_556.png
centerX: 0.537561853351327
centerY: 0.9195922989807475
width: 0.024741340530814216
height: 0.06795016987542468
Area: 0.0007323314529608862
CentroidX: 0.5530
CentroidY: 0.9512
