Location: 20250420_132057.jpg_Gaussian-Median.png
Component: component_1745148178808_329.png
centerX: 0.24111560953666217
centerY: 0.5079275198187996
width: 0.021592442645074223
height: 0.057757644394110984
Area: 0.0005644683477430691
CentroidX: 0.2550
CentroidY: 0.5337
