Location: 20250420_132057.jpg_Otsu.png
Component: component_1745148178520_343.png
centerX: 0.44129554655870445
centerY: 0.6398640996602492
width: 0.014394961763382817
height: 0.05549263873159683
Area: 0.00015385328611769572
CentroidX: 0.4499
CentroidY: 0.6649
