Location: 20250420_132057.jpg_Otsu.png
Component: component_1745148178515_319.png
centerX: 0.12685560053981107
centerY: 0.6149490373725934
width: 0.013045434098065677
height: 0.052095130237825596
Area: 0.00011182382881733183
CentroidX: 0.1356
CentroidY: 0.6387
