Location: 20250420_132057.jpg_Mean-Medain.png
Component: component_1745148178688_458.png
centerX: 0.18128654970760233
centerY: 0.6761041902604756
width: 0.015294646873594242
height: 0.05436013590033975
Area: 0.00016760838123417845
CentroidX: 0.1900
CentroidY: 0.7018
