Location: 20250420_132057.jpg_Gaussian-Median.png
Component: component_1745148178861_575.png
centerX: 0.20962663067926227
centerY: 0.8827859569648924
width: 0.024741340530814216
height: 0.07814269535673839
Area: 0.0007733420143266958
CentroidX: 0.2262
CentroidY: 0.9210
