Location: 20250420_132057.jpg_Gaussian-Median.png
Component: component_1745148178810_342.png
centerX: 0.9019343229869545
centerY: 0.5345413363533409
width: 0.022042285200179937
height: 0.06285390713476784
Area: 0.0006974342672024022
CentroidX: 0.9156
CentroidY: 0.5652
