Location: 20250420_132057.jpg_Mean-Closing.png
Component: component_1745148178991_531.png
centerX: 0.8169140800719749
centerY: 0.8567383918459797
width: 0.02384165542060279
height: 0.07191392978482446
Area: 0.0007600963671774902
CentroidX: 0.8305
CentroidY: 0.8879
