Location: 20250420_132057.jpg_Mean-Closing.png
Component: component_1745148178899_15.png
centerX: 0.7561853351327036
centerY: 0.03001132502831257
width: 0.021592442645074223
height: 0.0464326160815402
Area: 0.00042080402097091613
CentroidX: 0.7705
CentroidY: 0.0503
