Location: 20250420_132057.jpg_Mean-Closing.png
Component: component_1745148178994_549.png
centerX: 0.38011695906432746
centerY: 0.9031710079275198
width: 0.02564102564102564
height: 0.06002265005662514
Area: 0.0006617729094930024
CentroidX: 0.3963
CentroidY: 0.9314
