Location: 20250420_132057.jpg_Mean-Closing.png
Component: component_1745148178945_285.png
centerX: 0.08906882591093117
centerY: 0.5062287655719139
width: 0.020242914979757085
height: 0.045866364665911666
Area: 0.0004949287002097397
CentroidX: 0.1013
CentroidY: 0.5251
