Location: 20250420_132057.jpg_Otsu.png
Component: component_1745148178449_16.png
centerX: 0.6711650922177238
centerY: 0.020385050962627407
width: 0.021592442645074223
height: 0.06002265005662514
Area: 0.0005377223294610194
CentroidX: 0.6852
CentroidY: 0.0481
