Location: 20250420_132057.jpg_Mean-Closing.png
Component: component_1745148178958_354.png
centerX: 0.14664867296446243
centerY: 0.6155152887882219
width: 0.013045434098065677
height: 0.05379388448471121
Area: 0.00016837255318509416
CentroidX: 0.1551
CentroidY: 0.6393
