Location: 20250420_132057.jpg_Otsu.png
Component: component_1745148178502_255.png
centerX: 0.08906882591093117
centerY: 0.5067950169875425
width: 0.01979307242465137
height: 0.045300113250283124
Area: 0.00045340869087665296
CentroidX: 0.1013
CentroidY: 0.5249
