Location: 20250420_132057.jpg_Mean-Medain.png
Component: component_1745148178726_619.png
centerX: 0.7723796671165092
centerY: 0.9297848244620611
width: 0.02249212775528565
height: 0.04473386183465459
Area: 0.0004727677136331842
CentroidX: 0.7867
CentroidY: 0.9512
