Location: 20250420_132057.jpg_Mean-Medain.png
Component: component_1745148178711_570.png
centerX: 0.3067926225820963
centerY: 0.8238958097395244
width: 0.026540710751237068
height: 0.0622876557191393
Area: 0.0007198499777625962
CentroidX: 0.3214
CentroidY: 0.8535
