Location: 20250420_132057.jpg_Otsu.png
Component: component_1745148178509_292.png
centerX: 0.3391812865497076
centerY: 0.5673839184597962
width: 0.017543859649122806
height: 0.051528878822197054
Area: 0.00013220174750841736
CentroidX: 0.3519
CentroidY: 0.5928
