Location: 20250420_132057.jpg_Mean-Medain.png
Component: component_1745148178637_232.png
centerX: 0.12010796221322537
centerY: 0.289920724801812
width: 0.019343229869545658
height: 0.05379388448471121
Area: 0.000488305876635137
CentroidX: 0.1326
CentroidY: 0.3138
