Location: 20250420_132057.jpg_Gaussian-Median.png
Component: component_1745148178764_57.png
centerX: 0.27170490328385066
centerY: 0.039637599093997736
width: 0.02564102564102564
height: 0.050396375990939976
Area: 0.0005323731258046094
CentroidX: 0.2869
CentroidY: 0.0606
