Location: 20250420_132057.jpg_Mean-Closing.png
Component: component_1745148178993_546.png
centerX: 0.31309041835357626
centerY: 0.8912797281993206
width: 0.024741340530814216
height: 0.06908267270668177
Area: 0.0007440487562082603
CentroidX: 0.3291
CentroidY: 0.9246
