Location: 20250420_132057.jpg_Mean-Closing.png
Component: component_1745148178944_278.png
centerX: 0.024741340530814216
centerY: 0.49490373725934317
width: 0.018443544759334234
height: 0.04303510758776897
Area: 0.00034056596612476686
CentroidX: 0.0368
CentroidY: 0.5160
