Location: 20250420_132057.jpg_Mean-Medain.png
Component: component_1745148178632_209.png
centerX: 0.627080521817364
centerY: 0.23272933182332955
width: 0.023391812865497075
height: 0.05889014722536806
Area: 0.00062305486397994
CentroidX: 0.6411
CentroidY: 0.2606
