Location: 20250420_132057.jpg_Otsu.png
Component: component_1745148178504_264.png
centerX: 0.5200179937022043
centerY: 0.5186862967157417
width: 0.022042285200179937
height: 0.057757644394110984
Area: 0.0006449611265728569
CentroidX: 0.5334
CentroidY: 0.5450
