Location: 20250420_132057.jpg_Otsu.png
Component: component_1745148178454_44.png
centerX: 0.926225820962663
centerY: 0.08323895809739525
width: 0.018443544759334234
height: 0.052095130237825596
Area: 0.0004195304010527233
CentroidX: 0.9379
CentroidY: 0.1063
