Location: 20250420_132057.jpg_Otsu.png
Component: component_1745148178509_290.png
centerX: 0.17813765182186234
centerY: 0.5673839184597962
width: 0.016194331983805668
height: 0.04190260475651189
Area: 0.00010978603694822327
CentroidX: 0.1887
CentroidY: 0.5850
