Location: 20250420_132057.jpg_Mean-Closing.png
Component: component_1745148178965_394.png
centerX: 0.711650922177238
centerY: 0.6608154020385051
width: 0.016644174538911382
height: 0.05096262740656852
Area: 0.00018161820033429975
CentroidX: 0.7208
CentroidY: 0.6847
