Location: 20250420_132057.jpg_Mean-Closing.png
Component: component_1745148178984_493.png
centerX: 0.7737291947818263
centerY: 0.7904869762174406
width: 0.016194331983805668
height: 0.04813137032842582
Area: 0.00017346703285786556
CentroidX: 0.7832
CentroidY: 0.8126
