Location: 20250420_132057.jpg_Mean-Medain.png
Component: component_1745148178613_105.png
centerX: 0.2564102564102564
centerY: 0.08946772366930918
width: 0.0206927575348628
height: 0.04983012457531144
Area: 0.00047684329737140134
CentroidX: 0.2696
CentroidY: 0.1149
