Location: easy21_Mean-Medain.png
Component: component_1744297380759_59.png
centerX: 0.557258064516129
centerY: 0.06226053639846743
width: 0.01935483870967742
height: 0.021551724137931036
Area: 0.00014290569768879002
CentroidX: 0.5683
CentroidY: 0.0715
