Location: 20250420_132057.jpg_Mean-Closing.png
Component: component_1745148178927_182.png
centerX: 0.3522267206477733
centerY: 0.29614949037372595
width: 0.020242914979757085
height: 0.07078142695356739
Area: 0.0007127177062207163
CentroidX: 0.3650
CentroidY: 0.3276
