Location: 20250420_132057.jpg_Gaussian-Median.png
Component: component_1745148178863_585.png
centerX: 0.47593342330184435
centerY: 0.9150622876557192
width: 0.024741340530814216
height: 0.06285390713476784
Area: 0.0006658484932312196
CentroidX: 0.4918
CentroidY: 0.9453
