Location: 20250420_132057.jpg_Otsu.png
Component: component_1745148178535_417.png
centerX: 0.9005847953216374
centerY: 0.7344280860702151
width: 0.014394961763382817
height: 0.050396375990939976
Area: 0.0001006159735372348
CentroidX: 0.9099
CentroidY: 0.7557
