Location: 20250420_132057.jpg_Mean-Medain.png
Component: component_1745148178665_351.png
centerX: 0.6468735942420153
centerY: 0.5322763306908267
width: 0.02564102564102564
height: 0.06681766704416761
Area: 0.0007654455708339001
CentroidX: 0.6639
CentroidY: 0.5639
