Location: 20250420_132057.jpg_Mean-Medain.png
Component: component_1745148178630_197.png
centerX: 0.37606837606837606
centerY: 0.22197055492638731
width: 0.0206927575348628
height: 0.06511891279728199
Area: 0.000663810701362111
CentroidX: 0.3890
CentroidY: 0.2523
