Location: 20250420_132057.jpg_Mean-Medain.png
Component: component_1745148178676_405.png
centerX: 0.16509221772379667
centerY: 0.6155152887882219
width: 0.014844804318488529
height: 0.04983012457531144
Area: 0.0001655705893650699
CentroidX: 0.1743
CentroidY: 0.6388
