Location: 20250420_132057.jpg_Otsu.png
Component: component_1745148178518_332.png
centerX: 0.9590643274853801
centerY: 0.6234428086070215
width: 0.012595591542959963
height: 0.045866364665911666
Area: 9.093646215896916e-05
CentroidX: 0.9673
CentroidY: 0.6431
