Location: 20250420_132057.jpg_Mean-Closing.png
Component: component_1745148178946_289.png
centerX: 0.36482231219073324
centerY: 0.5084937712344281
width: 0.01979307242465137
height: 0.05719139297848245
Area: 0.000584591542450516
CentroidX: 0.3771
CentroidY: 0.5352
