Location: 20250420_132057.jpg_Mean-Closing.png
Component: component_1745148178907_72.png
centerX: 0.7521367521367521
centerY: 0.0911664779161948
width: 0.02384165542060279
height: 0.053227633069082674
Area: 0.000558609696119382
CentroidX: 0.7671
CentroidY: 0.1173
