Location: 20250420_132057.jpg_Otsu.png
Component: component_1745148178512_304.png
centerX: 0.5443094916779128
centerY: 0.5889014722536806
width: 0.012595591542959963
height: 0.039637599093997736
Area: 0.0001095313129645847
CentroidX: 0.5503
CentroidY: 0.6047
