Location: 20250420_132057.jpg_Otsu.png
Component: component_1745148178473_116.png
centerX: 0.25820962663067926
centerY: 0.21574178935447338
width: 0.022042285200179937
height: 0.0622876557191393
Area: 0.0005907049180578417
CentroidX: 0.2712
CentroidY: 0.2456
