Location: 20250420_132057.jpg_Mean-Medain.png
Component: component_1745148178679_418.png
centerX: 0.24021592442645073
centerY: 0.6245753114382786
width: 0.01349527665317139
height: 0.050396375990939976
Area: 0.00015512690603588857
CentroidX: 0.2481
CentroidY: 0.6459
