Location: 20250420_132057.jpg_Gaussian-Median.png
Component: component_1745148178817_375.png
centerX: 0.543859649122807
centerY: 0.5889014722536806
width: 0.013045434098065677
height: 0.04020385050962627
Area: 0.00013474898734480305
CentroidX: 0.5502
CentroidY: 0.6047
