Location: 20250420_132057.jpg_Gaussian-Median.png
Component: component_1745148178798_270.png
centerX: 0.7998200629779577
centerY: 0.3856172140430351
width: 0.026540710751237068
height: 0.07701019252548132
Area: 0.000857146204943785
CentroidX: 0.8166
CentroidY: 0.4225
