Location: 20250420_132057.jpg_Mean-Medain.png
Component: component_1745148178645_271.png
centerX: 0.23796671165092217
centerY: 0.36296715741789354
width: 0.024741340530814216
height: 0.06738391845979615
Area: 0.0007178121858934876
CentroidX: 0.2518
CentroidY: 0.3937
