Location: 20250420_132057.jpg_Mean-Closing.png
Component: component_1745148178920_140.png
centerX: 0.5452091767881242
centerY: 0.21913929784824462
width: 0.020242914979757085
height: 0.06738391845979615
Area: 0.0006278946196690728
CentroidX: 0.5567
CentroidY: 0.2508
