Location: 20250420_132057.jpg_Mean-Medain.png
Component: component_1745148178640_246.png
centerX: 0.6099865047233468
centerY: 0.29898074745186864
width: 0.022042285200179937
height: 0.06625141562853908
Area: 0.0006375741310473384
CentroidX: 0.6233
CentroidY: 0.3308
