Location: 20250420_132057.jpg_Mean-Medain.png
Component: component_1745148178612_101.png
centerX: 0.8403058929374719
centerY: 0.08607021517553794
width: 0.02249212775528565
height: 0.05605889014722537
Area: 0.0005800065107450218
CentroidX: 0.8539
CentroidY: 0.1109
