Location: easy26_Mean-Closing.png
Component: component_1744297382087_558.png
centerX: 0.2967741935483871
centerY: 0.3912835249042146
width: 0.018548387096774192
height: 0.020593869731800767
Area: 0.00011895933753553331
CentroidX: 0.3074
CentroidY: 0.4002
