Location: 20250420_132057.jpg_Gaussian-Median.png
Component: component_1745148178862_580.png
centerX: 0.1448493027440396
centerY: 0.8924122310305775
width: 0.024291497975708502
height: 0.05379388448471121
Area: 0.0006014033253706616
CentroidX: 0.1598
CentroidY: 0.9175
