Location: 20250420_132057.jpg_Mean-Closing.png
Component: component_1745148178953_333.png
centerX: 0.5240665766981556
centerY: 0.5804077010192525
width: 0.011695906432748537
height: 0.04699886749716874
Area: 0.0001367867792139116
CentroidX: 0.5311
CentroidY: 0.6026
