Location: 20250420_132057.jpg_Otsu.png
Component: component_1745148178518_331.png
centerX: 0.019343229869545658
centerY: 0.6217440543601359
width: 0.012145748987854251
height: 0.044167610419026046
Area: 0.00010392738532453619
CentroidX: 0.0264
CentroidY: 0.6404
