Location: 20250420_132057.jpg_Gaussian-Median.png
Component: component_1745148178828_420.png
centerX: 0.5618533513270355
centerY: 0.6432616081540203
width: 0.01349527665317139
height: 0.05436013590033975
Area: 0.0001777973405797212
CentroidX: 0.5704
CentroidY: 0.6687
