Location: 20250420_132057.jpg_Mean-Medain.png
Component: component_1745148178707_545.png
centerX: 0.7512370670265407
centerY: 0.7865232163080408
width: 0.01349527665317139
height: 0.05266138165345413
Area: 0.00016174972961049137
CentroidX: 0.7593
CentroidY: 0.8124
