Location: easy26_Mean-Closing.png
Component: component_1744297381987_197.png
centerX: 0.7475806451612903
centerY: 0.1446360153256705
width: 0.018548387096774192
height: 0.0210727969348659
Area: 0.00013633976022741316
CentroidX: 0.7583
CentroidY: 0.1534
