Location: 20250420_132057.jpg_Otsu.png
Component: component_1745148178479_156.png
centerX: 0.46738641475483583
centerY: 0.29218573046432617
width: 0.02249212775528565
height: 0.0753114382785957
Area: 0.00077436091026125
CentroidX: 0.4816
CentroidY: 0.3290
