Location: 20250420_132057.jpg_Gaussian-Median.png
Component: component_1745148178822_397.png
centerX: 0.890238416554206
centerY: 0.6177802944507361
width: 0.014394961763382817
height: 0.04869762174405436
Area: 0.00015512690603588857
CentroidX: 0.8997
CentroidY: 0.6406
