Location: 20250420_132057.jpg_Gaussian-Median.png
Component: component_1745148178830_432.png
centerX: 0.7579847053531265
centerY: 0.6647791619479049
width: 0.018443544759334234
height: 0.057757644394110984
Area: 0.00020097722309083102
CentroidX: 0.7675
CentroidY: 0.6917
