Location: 20250420_132057.jpg_Mean-Closing.png
Component: component_1745148178959_362.png
centerX: 0.890238416554206
centerY: 0.6183465458663646
width: 0.013945119208277103
height: 0.04813137032842582
Area: 0.00015512690603588857
CentroidX: 0.8996
CentroidY: 0.6407
