Location: 20250420_132057.jpg_Mean-Medain.png
Component: component_1745148178706_542.png
centerX: 0.7076023391812866
centerY: 0.7802944507361268
width: 0.012145748987854251
height: 0.04813137032842582
Area: 0.0001614950056268528
CentroidX: 0.7146
CentroidY: 0.8031
