Location: 20250420_132057.jpg_Mean-Medain.png
Component: component_1745148178700_509.png
centerX: 0.14754835807467387
centerY: 0.7434881087202718
width: 0.015294646873594242
height: 0.05266138165345413
Area: 0.00014621156660853867
CentroidX: 0.1567
CentroidY: 0.7689
