Location: 20250420_132057.jpg_Otsu.png
Component: component_1745148178539_439.png
centerX: 0.47143499775078723
centerY: 0.7650056625141562
width: 0.016194331983805668
height: 0.05436013590033975
Area: 0.00012150334019559745
CentroidX: 0.4822
CentroidY: 0.7909
