Location: 20250420_132057.jpg_Gaussian-Median.png
Component: component_1745148178796_261.png
centerX: 0.5267656320287899
centerY: 0.37485843714609285
width: 0.026090868196131354
height: 0.06908267270668177
Area: 0.0008133336797579511
CentroidX: 0.5425
CentroidY: 0.4069
