Location: 20250420_132057.jpg_Mean-Medain.png
Component: component_1745148178643_264.png
centerX: 0.1241565452091768
centerY: 0.3567383918459796
width: 0.022042285200179937
height: 0.0622876557191393
Area: 0.0006620276334766411
CentroidX: 0.1374
CentroidY: 0.3856
