Location: 20250420_132057.jpg_Gaussian-Median.png
Component: component_1745148178854_538.png
centerX: 0.13450292397660818
centerY: 0.8069082672706682
width: 0.026090868196131354
height: 0.06681766704416761
Area: 0.0007870971094431784
CentroidX: 0.1508
CentroidY: 0.8383
