Location: 20250420_132057.jpg_Mean-Closing.png
Component: component_1745148178952_323.png
centerX: 0.36887089518668464
centerY: 0.5679501698754247
width: 0.016194331983805668
height: 0.05889014722536806
Area: 0.00018008985643246835
CentroidX: 0.3796
CentroidY: 0.5962
