Location: 20250420_132057.jpg_Mean-Closing.png
Component: component_1745148178958_356.png
centerX: 0.08591992802519119
centerY: 0.6160815402038505
width: 0.014394961763382817
height: 0.05719139297848245
Area: 0.0001762689966778898
CentroidX: 0.0956
CentroidY: 0.6410
