Location: 20250420_132057.jpg_Gaussian-Median.png
Component: component_1745148178810_339.png
centerX: 0.6131354026090868
centerY: 0.5266138165345413
width: 0.023391812865497075
height: 0.06285390713476784
Area: 0.0007397184484864046
CentroidX: 0.6281
CentroidY: 0.5562
