Location: 20250420_132057.jpg_Gaussian-Median.png
Component: component_1745148178771_97.png
centerX: 0.44804318488529016
centerY: 0.09966024915062288
width: 0.02384165542060279
height: 0.0464326160815402
Area: 0.0004900889445206069
CentroidX: 0.4620
CentroidY: 0.1216
