Location: 20250420_132057.jpg_Otsu.png
Component: component_1745148178517_330.png
centerX: 0.1839856050382366
centerY: 0.6211778029445073
width: 0.013045434098065677
height: 0.04360135900339751
Area: 0.00011513524060463322
CentroidX: 0.1925
CentroidY: 0.6414
