Location: 20250420_132057.jpg_Otsu.png
Component: component_1745148178481_166.png
centerX: 0.6104363472784525
centerY: 0.29898074745186864
width: 0.02114260008996851
height: 0.06568516421291053
Area: 0.000619488728209
CentroidX: 0.6233
CentroidY: 0.3307
