Location: 20250420_132057.jpg_Mean-Medain.png
Component: component_1745148178668_369.png
centerX: 0.20422852001799371
centerY: 0.5639864099660249
width: 0.015744489428699954
height: 0.041336353340883356
Area: 0.00012379585604834457
CentroidX: 0.2155
CentroidY: 0.5843
