Location: 20250420_132057.jpg_Mean-Medain.png
Component: component_1745148178679_419.png
centerX: 0.28654970760233917
centerY: 0.6245753114382786
width: 0.016194331983805668
height: 0.05719139297848245
Area: 0.0001811087523670226
CentroidX: 0.2966
CentroidY: 0.6510
