Location: 20250420_132057.jpg_Gaussian-Median.png
Component: component_1745148178798_273.png
centerX: 0.9433198380566802
centerY: 0.38674971687429216
width: 0.0206927575348628
height: 0.05605889014722537
Area: 0.0005596285920539363
CentroidX: 0.9564
CentroidY: 0.4105
