Location: 20250420_132057.jpg_Mean-Medain.png
Component: component_1745148178669_372.png
centerX: 0.2316689158794422
centerY: 0.5668176670441676
width: 0.015744489428699954
height: 0.045866364665911666
Area: 0.000125324199950176
CentroidX: 0.2423
CentroidY: 0.5881
