Location: 20250420_132057.jpg_Mean-Medain.png
Component: component_1745148178715_586.png
centerX: 0.7813765182186235
centerY: 0.8522083805209513
width: 0.02699055330634278
height: 0.06908267270668177
Area: 0.0007147554980898249
CentroidX: 0.7987
CentroidY: 0.8823
