Location: 20250420_132057.jpg_Mean-Closing.png
Component: component_1745148178923_153.png
centerX: 0.627080521817364
centerY: 0.2332955832389581
width: 0.023391812865497075
height: 0.058323895809739526
Area: 0.0006225454160126629
CentroidX: 0.6411
CentroidY: 0.2606
