Location: 20250420_132057.jpg_Mean-Closing.png
Component: component_1745148178921_143.png
centerX: 0.46108861898335585
centerY: 0.22310305775764439
width: 0.0206927575348628
height: 0.06455266138165346
Area: 0.000654385913967484
CentroidX: 0.4742
CentroidY: 0.2531
