Location: 20250420_132057.jpg_Mean-Medain.png
Component: component_1745148178713_581.png
centerX: 0.569050832208727
centerY: 0.8425821064552661
width: 0.029689608636977057
height: 0.07701019252548132
Area: 0.0010059050113887093
CentroidX: 0.5874
CentroidY: 0.8794
