Location: 20250420_132057.jpg_Gaussian-Median.png
Component: component_1745148178822_394.png
centerX: 0.20287899235267656
centerY: 0.616647791619479
width: 0.012595591542959963
height: 0.05266138165345413
Area: 0.00014901353042856292
CentroidX: 0.2113
CentroidY: 0.6424
