Location: 20250420_132057.jpg_Gaussian-Median.png
Component: component_1745148178805_313.png
centerX: 0.8457040035987404
centerY: 0.47791619479048697
width: 0.023391812865497075
height: 0.061155152887882216
Area: 0.000658461497705701
CentroidX: 0.8599
CentroidY: 0.5054
