Location: 20250420_132057.jpg_Mean-Closing.png
Component: component_1745148178942_266.png
centerX: 0.7840755735492577
centerY: 0.4665911664779162
width: 0.022042285200179937
height: 0.05889014722536806
Area: 0.0006393571989328084
CentroidX: 0.7978
CentroidY: 0.4941
