Location: 20250420_132057.jpg_Gaussian-Median.png
Component: component_1745148178785_188.png
centerX: 0.7705802968960864
centerY: 0.23556058890147225
width: 0.02249212775528565
height: 0.061155152887882216
Area: 0.0006154131444707829
CentroidX: 0.7841
CentroidY: 0.2628
