Location: 20250420_132057.jpg_Mean-Closing.png
Component: component_1745148178977_459.png
centerX: 0.05847953216374269
centerY: 0.746885617214043
width: 0.01349527665317139
height: 0.044167610419026046
Area: 0.00014570211864126152
CentroidX: 0.0668
CentroidY: 0.7661
