Location: 20250420_132057.jpg_Otsu.png
Component: component_1745148178504_262.png
centerX: 0.4597390913180387
centerY: 0.5130237825594564
width: 0.020242914979757085
height: 0.06058890147225368
Area: 0.0005914690900087575
CentroidX: 0.4725
CentroidY: 0.5417
