Location: 20250420_132057.jpg_Otsu.png
Component: component_1745148178499_241.png
centerX: 0.9347728295096717
centerY: 0.4762174405436014
width: 0.018893387314439947
height: 0.0622876557191393
Area: 0.0006131206286180358
CentroidX: 0.9467
CentroidY: 0.5046
