Location: 20250420_132057.jpg_Mean-Closing.png
Component: component_1745148178966_398.png
centerX: 0.7579847053531265
centerY: 0.6647791619479049
width: 0.018443544759334234
height: 0.057757644394110984
Area: 0.00020632642674724095
CentroidX: 0.7674
CentroidY: 0.6917
