Location: 20250420_132057.jpg_Mean-Closing.png
Component: component_1745148178938_244.png
centerX: 0.1210076473234368
centerY: 0.4331823329558324
width: 0.022042285200179937
height: 0.053227633069082674
Area: 0.0005591191440866591
CentroidX: 0.1343
CentroidY: 0.4583
