Location: 20250420_132057.jpg_Gaussian-Median.png
Component: component_1745148178855_542.png
centerX: 0.9167791273054431
centerY: 0.8114382785956965
width: 0.012595591542959963
height: 0.04020385050962627
Area: 0.00013067340360658594
CentroidX: 0.9242
CentroidY: 0.8297
