Location: 20250420_132057.jpg_Otsu.png
Component: component_1745148178480_157.png
centerX: 0.43904633378317587
centerY: 0.29388448471121176
width: 0.022042285200179937
height: 0.06455266138165346
Area: 0.0006918303395623537
CentroidX: 0.4526
CentroidY: 0.3225
