Location: 20250420_132057.jpg_Mean-Closing.png
Component: component_1745148178912_100.png
centerX: 0.8627980206927576
centerY: 0.14949037372593432
width: 0.02249212775528565
height: 0.07587768969422423
Area: 0.000761369987095683
CentroidX: 0.8772
CentroidY: 0.1836
