Location: 20250420_132057.jpg_Gaussian-Median.png
Component: component_1745148178833_446.png
centerX: 0.9568151147098516
centerY: 0.6772366930917327
width: 0.014844804318488529
height: 0.05492638731596829
Area: 0.00020403391089449384
CentroidX: 0.9657
CentroidY: 0.7037
