Location: 20250420_132057.jpg_Mean-Medain.png
Component: component_1745148178690_463.png
centerX: 0.14080071974808817
centerY: 0.6828992072480181
width: 0.013945119208277103
height: 0.051528878822197054
Area: 0.00016276862554504565
CentroidX: 0.1486
CentroidY: 0.7055
