Location: 20250420_132057.jpg_Otsu.png
Component: component_1745148178454_42.png
centerX: 0.04768331084120558
centerY: 0.08267270668176671
width: 0.021592442645074223
height: 0.045866364665911666
Area: 0.00039431272667250495
CentroidX: 0.0613
CentroidY: 0.1046
