Location: 20250420_132057.jpg_Otsu.png
Component: component_1745148178557_492.png
centerX: 0.6860098965362124
centerY: 0.840317100792752
width: 0.02114260008996851
height: 0.0492638731596829
Area: 0.000403737514067132
CentroidX: 0.6992
CentroidY: 0.8621
