Location: 20250420_132057.jpg_Mean-Medain.png
Component: component_1745148178691_465.png
centerX: 0.22312190733243364
centerY: 0.6828992072480181
width: 0.013945119208277103
height: 0.05719139297848245
Area: 0.00015767414587227426
CentroidX: 0.2311
CentroidY: 0.7091
