Location: 20250420_132057.jpg_Gaussian-Median.png
Component: component_1745148178774_124.png
centerX: 0.8340080971659919
centerY: 0.15628539071347677
width: 0.025191183085919926
height: 0.06058890147225368
Area: 0.0006706882489203524
CentroidX: 0.8488
CentroidY: 0.1829
