Location: 20250420_132057.jpg_Mean-Closing.png
Component: component_1745148178953_330.png
centerX: 0.43499775078722447
centerY: 0.5753114382785957
width: 0.01349527665317139
height: 0.05549263873159683
Area: 0.00015538163001952714
CentroidX: 0.4442
CentroidY: 0.6011
