Location: 20250420_132057.jpg_Mean-Closing.png
Component: component_1745148178961_373.png
centerX: 0.4003598740440846
centerY: 0.6325028312570782
width: 0.013945119208277103
height: 0.05266138165345413
Area: 0.00017423120480878124
CentroidX: 0.4087
CentroidY: 0.6553
