Location: 20250420_132057.jpg_Otsu.png
Component: component_1745148178473_118.png
centerX: 0.40260908681961316
centerY: 0.21857304643261607
width: 0.019343229869545658
height: 0.06625141562853908
Area: 0.0005960541217142517
CentroidX: 0.4151
CentroidY: 0.2493
