Location: 20250420_132057.jpg_Gaussian-Median.png
Component: component_1745148178791_230.png
centerX: 0.7246963562753036
centerY: 0.3023782559456399
width: 0.02384165542060279
height: 0.06681766704416761
Area: 0.0006925945115132693
CentroidX: 0.7407
CentroidY: 0.3321
