Location: 20250420_132057.jpg_Otsu.png
Component: component_1745148178510_297.png
centerX: 0.4120557804768331
centerY: 0.5719139297848245
width: 0.015294646873594242
height: 0.050396375990939976
Area: 0.00012557892393381457
CentroidX: 0.4223
CentroidY: 0.5975
