Location: 20250420_132057.jpg_Otsu.png
Component: component_1745148178497_229.png
centerX: 0.39361223571749887
centerY: 0.44733861834654587
width: 0.022941970310391364
height: 0.052095130237825596
Area: 0.0005853557144014318
CentroidX: 0.4071
CentroidY: 0.4708
