Location: 20250420_132057.jpg_Mean-Medain.png
Component: component_1745148178619_128.png
centerX: 0.4768331084120558
centerY: 0.09966024915062288
width: 0.022042285200179937
height: 0.05379388448471121
Area: 0.0005267691981645609
CentroidX: 0.4902
CentroidY: 0.1237
