Location: 20250420_132057.jpg_Mean-Medain.png
Component: component_1745148178705_535.png
centerX: 0.582995951417004
centerY: 0.7723669309173273
width: 0.013045434098065677
height: 0.04813137032842582
Area: 0.00015920248977410568
CentroidX: 0.5912
CentroidY: 0.7964
