Location: easy21_Mean-Medain.png
Component: component_1744297381153_1212.png
centerX: 0.9064516129032258
centerY: 0.8869731800766284
width: 0.01935483870967742
height: 0.022509578544061302
Area: 0.000160672351996045
CentroidX: 0.9180
CentroidY: 0.8964
