Location: 20250420_132057.jpg_Otsu.png
Component: component_1745148178534_412.png
centerX: 0.7431399010346379
centerY: 0.7293318233295584
width: 0.014394961763382817
height: 0.0464326160815402
Area: 0.0001054557292263676
CentroidX: 0.7519
CentroidY: 0.7488
