Location: easy21_Mean-Medain.png
Component: component_1744297380932_807.png
centerX: 0.3556451612903226
centerY: 0.6312260536398467
width: 0.018548387096774192
height: 0.021551724137931036
Area: 0.00012745643307378568
CentroidX: 0.3664
CentroidY: 0.6402
