Location: 20250420_132057.jpg_Otsu.png
Component: component_1745148178506_274.png
centerX: 0.7719298245614035
centerY: 0.5407701019252548
width: 0.02384165542060279
height: 0.06002265005662514
Area: 0.0006207623481271928
CentroidX: 0.7877
CentroidY: 0.5681
