Location: 20250420_132057.jpg_Otsu.png
Component: component_1745148178458_60.png
centerX: 0.22807017543859648
centerY: 0.09343148357870895
width: 0.01979307242465137
height: 0.05096262740656852
Area: 0.0004745507815186542
CentroidX: 0.2398
CentroidY: 0.1155
