Location: 20250420_132057.jpg_Gaussian-Median.png
Component: component_1745148178830_431.png
centerX: 0.8232118758434548
centerY: 0.6625141562853907
width: 0.015294646873594242
height: 0.05492638731596829
Area: 0.00018340126821976975
CentroidX: 0.8316
CentroidY: 0.6877
