Location: 20250420_132057.jpg_Gaussian-Median.png
Component: component_1745148178784_180.png
centerX: 0.7170490328385065
centerY: 0.23159682899207248
width: 0.02114260008996851
height: 0.05549263873159683
Area: 0.0005451093249865378
CentroidX: 0.7296
CentroidY: 0.2569
