Location: 20250420_132057.jpg_Mean-Medain.png
Component: component_1745148178706_541.png
centerX: 0.6621682411156096
centerY: 0.7768969422423556
width: 0.015294646873594242
height: 0.05379388448471121
Area: 0.00017397648082514267
CentroidX: 0.6705
CentroidY: 0.8037
