Location: 20250420_132057.jpg_Mean-Closing.png
Component: component_1745148178948_301.png
centerX: 0.6846603688708952
centerY: 0.5368063420158551
width: 0.024741340530814216
height: 0.06795016987542468
Area: 0.0007537282675865259
CentroidX: 0.7006
CentroidY: 0.5677
