Location: 20250420_132057.jpg_Otsu.png
Component: component_1745148178541_451.png
centerX: 0.6225820962663068
centerY: 0.7734994337485843
width: 0.012595591542959963
height: 0.05266138165345413
Area: 0.00011717303247374178
CentroidX: 0.6313
CentroidY: 0.7981
