Location: 20250420_132057.jpg_Otsu.png
Component: component_1745148178476_134.png
centerX: 0.9100314889788574
centerY: 0.23499433748584372
width: 0.020242914979757085
height: 0.05492638731596829
Area: 0.0005293164380009465
CentroidX: 0.9217
CentroidY: 0.2604
