Location: 20250420_132057.jpg_Mean-Closing.png
Component: component_1745148178923_158.png
centerX: 0.4880791722896986
centerY: 0.23556058890147225
width: 0.022941970310391364
height: 0.061155152887882216
Area: 0.0006337532712927599
CentroidX: 0.5015
CentroidY: 0.2616
