Location: 20250420_132057.jpg_Mean-Closing.png
Component: component_1745148178989_525.png
centerX: 0.569050832208727
centerY: 0.8425821064552661
width: 0.029689608636977057
height: 0.07644394110985278
Area: 0.0010064144593559864
CentroidX: 0.5874
CentroidY: 0.8794
