Location: 20250420_132057.jpg_Otsu.png
Component: component_1745148178448_12.png
centerX: 0.8029689608636977
centerY: 0.014722536806342015
width: 0.026540710751237068
height: 0.053227633069082674
Area: 0.0005756762030231661
CentroidX: 0.8189
CentroidY: 0.0393
