Location: 20250420_132057.jpg_Mean-Closing.png
Component: component_1745148178924_168.png
centerX: 0.06477732793522267
centerY: 0.2785956964892412
width: 0.01979307242465137
height: 0.06398640996602492
Area: 0.0005700722753831176
CentroidX: 0.0772
CentroidY: 0.3087
