Location: 20250420_132057.jpg_Mean-Closing.png
Component: component_1745148178942_263.png
centerX: 0.692757534862798
centerY: 0.4637599093997735
width: 0.023391812865497075
height: 0.06511891279728199
Area: 0.0007231613895498976
CentroidX: 0.7079
CentroidY: 0.4942
