Location: 20250420_132057.jpg_Otsu.png
Component: component_1745148178478_151.png
centerX: 0.29284750337381915
centerY: 0.2876557191392978
width: 0.021592442645074223
height: 0.06511891279728199
Area: 0.0006108281127652886
CentroidX: 0.3063
CentroidY: 0.3175
