Location: 20250420_132057.jpg_Mean-Medain.png
Component: component_1745148178706_538.png
centerX: 0.6392262708052182
centerY: 0.77519818799547
width: 0.014844804318488529
height: 0.05266138165345413
Area: 0.0001744859287924198
CentroidX: 0.6487
CentroidY: 0.7989
