Location: 20250420_132057.jpg_Mean-Closing.png
Component: component_1745148178991_535.png
centerX: 0.9118308591992802
centerY: 0.8618346545866364
width: 0.021592442645074223
height: 0.06738391845979615
Area: 0.000601148601387023
CentroidX: 0.9250
CentroidY: 0.8893
