Location: 20250420_132057.jpg_Gaussian-Median.png
Component: component_1745148178822_393.png
centerX: 0.08591992802519119
centerY: 0.6160815402038505
width: 0.014394961763382817
height: 0.05719139297848245
Area: 0.00017423120480878124
CentroidX: 0.0956
CentroidY: 0.6412
