Location: 20250420_132057.jpg_Gaussian-Median.png
Component: component_1745148178776_133.png
centerX: 0.7566351776878093
centerY: 0.15855039637599094
width: 0.020242914979757085
height: 0.058323895809739526
Area: 0.0004974759400461254
CentroidX: 0.7694
CentroidY: 0.1862
