Location: 20250420_132057.jpg_Mean-Closing.png
Component: component_1745148178974_443.png
centerX: 0.699055330634278
centerY: 0.7265005662514157
width: 0.013045434098065677
height: 0.045300113250283124
Area: 0.00013729622718118873
CentroidX: 0.7069
CentroidY: 0.7469
