Location: 20250420_132057.jpg_Mean-Medain.png
Component: component_1745148178703_521.png
centerX: 0.3391812865497076
centerY: 0.7587768969422424
width: 0.01349527665317139
height: 0.05379388448471121
Area: 0.00016582531334870848
CentroidX: 0.3473
CentroidY: 0.7852
