Location: 20250420_132057.jpg_Mean-Medain.png
Component: component_1745148178710_564.png
centerX: 0.9689608636977058
centerY: 0.812004530011325
width: 0.014394961763382817
height: 0.045866364665911666
Area: 0.00016455169343051562
CentroidX: 0.9771
CentroidY: 0.8318
