Location: 20250420_132057.jpg_Mean-Medain.png
Component: component_1745148178725_617.png
centerX: 0.8002699055330634
centerY: 0.9292185730464326
width: 0.02384165542060279
height: 0.041336353340883356
Area: 0.00048499446484783556
CentroidX: 0.8153
CentroidY: 0.9513
