Location: 20250420_132057.jpg_Otsu.png
Component: component_1745148178451_28.png
centerX: 0.08007197480881692
centerY: 0.027180067950169876
width: 0.018443544759334234
height: 0.04360135900339751
Area: 0.0004027186181325777
CentroidX: 0.0905
CentroidY: 0.0481
