Location: 20250420_132057.jpg_Gaussian-Median.png
Component: component_1745148178839_470.png
centerX: 0.5677013045434098
centerY: 0.710079275198188
width: 0.01349527665317139
height: 0.05549263873159683
Area: 0.00019078826374528825
CentroidX: 0.5755
CentroidY: 0.7368
