Location: 20250420_132057.jpg_Otsu.png
Component: component_1745148178480_159.png
centerX: 0.2321187584345479
centerY: 0.29614949037372595
width: 0.023391812865497075
height: 0.06738391845979615
Area: 0.0006459800225074112
CentroidX: 0.2464
CentroidY: 0.3246
