Location: 20250420_132057.jpg_Gaussian-Median.png
Component: component_1745148178836_453.png
centerX: 0.24381466486729644
centerY: 0.6913929784824462
width: 0.01349527665317139
height: 0.050396375990939976
Area: 0.0001622591775777685
CentroidX: 0.2519
CentroidY: 0.7132
