Location: 20250420_132057.jpg_Mean-Closing.png
Component: component_1745148178973_435.png
centerX: 0.5677013045434098
centerY: 0.710079275198188
width: 0.01349527665317139
height: 0.05549263873159683
Area: 0.0001918071596798425
CentroidX: 0.5754
CentroidY: 0.7365
