Location: 20250420_132057.jpg_Mean-Medain.png
Component: component_1745148178647_286.png
centerX: 0.7435897435897436
centerY: 0.38391845979614947
width: 0.024291497975708502
height: 0.06908267270668177
Area: 0.0007616247110793215
CentroidX: 0.7580
CentroidY: 0.4129
