Location: 20250420_132057.jpg_Mean-Medain.png
Component: component_1745148178632_206.png
centerX: 0.6909581646423751
centerY: 0.23159682899207248
width: 0.02249212775528565
height: 0.06342015855039637
Area: 0.0006276398956854342
CentroidX: 0.7054
CentroidY: 0.2618
