Location: 20250420_132057.jpg_Gaussian-Median.png
Component: component_1745148178795_255.png
centerX: 0.3459289248762933
centerY: 0.3708946772366931
width: 0.026540710751237068
height: 0.059456398640996604
Area: 0.0006666126651821353
CentroidX: 0.3623
CentroidY: 0.3976
