Location: 20250420_132057.jpg_Mean-Medain.png
Component: component_1745148178641_251.png
centerX: 0.6653171390013495
centerY: 0.30067950169875424
width: 0.025191183085919926
height: 0.07304643261608154
Area: 0.0007308031090590547
CentroidX: 0.6811
CentroidY: 0.3338
