Location: 20250420_132057.jpg_Mean-Closing.png
Component: component_1745148178923_157.png
centerX: 0.9095816464237517
centerY: 0.23442808607021517
width: 0.02114260008996851
height: 0.05605889014722537
Area: 0.000601148601387023
CentroidX: 0.9216
CentroidY: 0.2603
