Location: 20250420_132057.jpg_Mean-Closing.png
Component: component_1745148178990_527.png
centerX: 0.6095366621682411
centerY: 0.8459796149490374
width: 0.029689608636977057
height: 0.07474518686296716
Area: 0.0009233744406898129
CentroidX: 0.6283
CentroidY: 0.8802
