Location: 20250420_132057.jpg_Mean-Medain.png
Component: component_1745148178649_296.png
centerX: 0.09131803868645974
centerY: 0.4286523216308041
width: 0.02699055330634278
height: 0.05605889014722537
Area: 0.0006187245562580843
CentroidX: 0.1073
CentroidY: 0.4541
