Location: 20250420_132057.jpg_Mean-Medain.png
Component: component_1745148178611_97.png
centerX: 0.13720197930724246
centerY: 0.08267270668176671
width: 0.020242914979757085
height: 0.05379388448471121
Area: 0.00046767323396041283
CentroidX: 0.1501
CentroidY: 0.1070
