Location: 20250420_132057.jpg_Gaussian-Median.png
Component: component_1745148178783_177.png
centerX: 0.5177687809266757
centerY: 0.2304643261608154
width: 0.022042285200179937
height: 0.06172140430351076
Area: 0.0006780752444458709
CentroidX: 0.5304
CentroidY: 0.2571
