Location: 20250420_132057.jpg_Otsu.png
Component: component_1745148178458_62.png
centerX: 0.5632028789923527
centerY: 0.09682899207248018
width: 0.02249212775528565
height: 0.06058890147225368
Area: 0.0006401213708837241
CentroidX: 0.5761
CentroidY: 0.1219
