Location: 20250420_132057.jpg_Mean-Closing.png
Component: component_1745148178991_536.png
centerX: 0.9685110211426001
centerY: 0.8618346545866364
width: 0.022042285200179937
height: 0.06455266138165346
Area: 0.0006989626111042335
CentroidX: 0.9822
CentroidY: 0.8914
