Location: 20250420_132057.jpg_Gaussian-Median.png
Component: component_1745148178843_487.png
centerX: 0.9617633828160144
centerY: 0.7378255945639864
width: 0.013945119208277103
height: 0.059456398640996604
Area: 0.00018824102390890254
CentroidX: 0.9697
CentroidY: 0.7653
