Location: 20250420_132057.jpg_Otsu.png
Component: component_1745148178452_31.png
centerX: 0.17228969860548807
centerY: 0.028312570781426953
width: 0.024291497975708502
height: 0.05096262740656852
Area: 0.0005058818315061982
CentroidX: 0.1868
CentroidY: 0.0525
