Location: 20250420_132057.jpg_Mean-Medain.png
Component: component_1745148178668_368.png
centerX: 0.07512370670265407
centerY: 0.5594563986409966
width: 0.017543859649122806
height: 0.04699886749716874
Area: 0.0001614950056268528
CentroidX: 0.0854
CentroidY: 0.5796
