Location: 20250420_132057.jpg_Mean-Medain.png
Component: component_1745148178638_234.png
centerX: 0.3220872694556905
centerY: 0.2904869762174405
width: 0.022042285200179937
height: 0.06342015855039637
Area: 0.0006564237058365926
CentroidX: 0.3354
CentroidY: 0.3197
