Location: 20250420_132057.jpg_Mean-Closing.png
Component: component_1745148178954_335.png
centerX: 0.49707602339181284
centerY: 0.5843714609286523
width: 0.011695906432748537
height: 0.04360135900339751
Area: 0.00013169229954114022
CentroidX: 0.5043
CentroidY: 0.6055
