Location: 20250420_132057.jpg_Gaussian-Median.png
Component: component_1745148178795_256.png
centerX: 0.4098065677013045
centerY: 0.37032842582106457
width: 0.025191183085919926
height: 0.06172140430351076
Area: 0.0006849527920041123
CentroidX: 0.4246
CentroidY: 0.3985
