Location: 20250420_132057.jpg_Otsu.png
Component: component_1745148178537_430.png
centerX: 0.24381466486729644
centerY: 0.7514156285390714
width: 0.013945119208277103
height: 0.05605889014722537
Area: 0.00011640886052282607
CentroidX: 0.2519
CentroidY: 0.7784
