Location: 20250420_132057.jpg_Mean-Medain.png
Component: component_1745148178642_258.png
centerX: 0.934322986954566
centerY: 0.3103057757644394
width: 0.020242914979757085
height: 0.050396375990939976
Area: 0.0005303353339355008
CentroidX: 0.9459
CentroidY: 0.3318
