Location: 20250420_132057.jpg_Otsu.png
Component: component_1745148178518_335.png
centerX: 0.25820962663067926
centerY: 0.6285390713476784
width: 0.015294646873594242
height: 0.04869762174405436
Area: 0.00012124861621195889
CentroidX: 0.2692
CentroidY: 0.6505
