Location: 20250420_132057.jpg_Otsu.png
Component: component_1745148178536_426.png
centerX: 0.058929374718848404
centerY: 0.7474518686296716
width: 0.012595591542959963
height: 0.04360135900339751
Area: 9.348370199535486e-05
CentroidX: 0.0668
CentroidY: 0.7664
