Location: 20250420_132057.jpg_Gaussian-Median.png
Component: component_1745148178840_475.png
centerX: 0.6522717049032839
centerY: 0.7180067950169875
width: 0.014844804318488529
height: 0.050396375990939976
Area: 0.00015971193774138283
CentroidX: 0.6607
CentroidY: 0.7419
