Location: 20250420_132057.jpg_Gaussian-Median.png
Component: component_1745148178810_341.png
centerX: 0.7431399010346379
centerY: 0.5339750849377124
width: 0.022042285200179937
height: 0.058323895809739526
Area: 0.0006184698322744457
CentroidX: 0.7570
CentroidY: 0.5611
