Location: 20250420_132057.jpg_Otsu.png
Component: component_1745148178534_411.png
centerX: 0.8268106162843005
centerY: 0.7287655719139298
width: 0.015744489428699954
height: 0.04983012457531144
Area: 0.00011156910483369326
CentroidX: 0.8373
CentroidY: 0.7539
