Location: 20250420_132057.jpg_Otsu.png
Component: component_1745148178501_252.png
centerX: 0.30229419703103916
centerY: 0.5033975084937712
width: 0.024741340530814216
height: 0.057757644394110984
Area: 0.0006582067737220625
CentroidX: 0.3180
CentroidY: 0.5308
