Location: 20250420_132057.jpg_Gaussian-Median.png
Component: component_1745148178768_83.png
centerX: 0.6734143049932524
centerY: 0.09060022650056625
width: 0.02249212775528565
height: 0.059456398640996604
Area: 0.0005677797595303705
CentroidX: 0.6869
CentroidY: 0.1185
