Location: 20250420_132057.jpg_Otsu.png
Component: component_1745148178520_341.png
centerX: 0.3121907332433648
centerY: 0.6359003397508494
width: 0.013045434098065677
height: 0.05096262740656852
Area: 0.0001309281275902245
CentroidX: 0.3202
CentroidY: 0.6586
