Location: 20250420_132057.jpg_Mean-Closing.png
Component: component_1745148178994_551.png
centerX: 0.44399460188933876
centerY: 0.9139297848244621
width: 0.024741340530814216
height: 0.06342015855039637
Area: 0.0006301871355218199
CentroidX: 0.4600
CentroidY: 0.9428
