Location: 20250420_132057.jpg_Mean-Medain.png
Component: component_1745148178611_93.png
centerX: 0.8101664417453891
centerY: 0.08040770101925254
width: 0.022941970310391364
height: 0.050396375990939976
Area: 0.0005257503022300066
CentroidX: 0.8234
CentroidY: 0.1041
