Location: 20250420_132057.jpg_Mean-Closing.png
Component: component_1745148178972_428.png
centerX: 0.413855150697256
centerY: 0.6998867497168743
width: 0.01349527665317139
height: 0.04699886749716874
Area: 0.00013704150319755016
CentroidX: 0.4217
CentroidY: 0.7236
