Location: 20250420_132057.jpg_Otsu.png
Component: component_1745148178557_487.png
centerX: 0.3418803418803419
centerY: 0.8278595696489242
width: 0.024291497975708502
height: 0.05379388448471121
Area: 0.0005076648993916681
CentroidX: 0.3570
CentroidY: 0.8523
