Location: 20250420_132057.jpg_Gaussian-Median.png
Component: component_1745148178760_39.png
centerX: 0.459289248762933
centerY: 0.026613816534541337
width: 0.022042285200179937
height: 0.06455266138165346
Area: 0.0006164320404053372
CentroidX: 0.4725
CentroidY: 0.0572
