Location: 20250420_132057.jpg_Mean-Medain.png
Component: component_1745148178707_549.png
centerX: 0.8385065227170491
centerY: 0.7955832389580973
width: 0.011695906432748537
height: 0.051528878822197054
Area: 0.0001721934129396727
CentroidX: 0.8454
CentroidY: 0.8184
