Location: 20250420_132057.jpg_Otsu.png
Component: component_1745148178465_90.png
centerX: 0.9194781826360774
centerY: 0.15741789354473387
width: 0.01799370220422852
height: 0.05492638731596829
Area: 0.0004248796047091332
CentroidX: 0.9311
CentroidY: 0.1816
