Location: 20250420_132057.jpg_Otsu.png
Component: component_1745148178525_364.png
centerX: 0.7804768331084121
centerY: 0.6693091732729332
width: 0.014844804318488529
height: 0.0492638731596829
Area: 0.00011742775645738035
CentroidX: 0.7889
CentroidY: 0.6921
