Location: 20250420_132057.jpg_Gaussian-Median.png
Component: component_1745148178852_529.png
centerX: 0.8385065227170491
centerY: 0.7955832389580973
width: 0.011695906432748537
height: 0.051528878822197054
Area: 0.00017321230887422698
CentroidX: 0.8455
CentroidY: 0.8187
