Location: 20250420_132057.jpg_Gaussian-Median.png
Component: component_1745148178763_56.png
centerX: 0.3067926225820963
centerY: 0.03567383918459796
width: 0.022042285200179937
height: 0.059456398640996604
Area: 0.0005891765741560102
CentroidX: 0.3198
CentroidY: 0.0646
