Location: 20250420_132057.jpg_Mean-Closing.png
Component: component_1745148178984_492.png
centerX: 0.7282950967161493
centerY: 0.7893544733861835
width: 0.016194331983805668
height: 0.041336353340883356
Area: 0.00014850408246128578
CentroidX: 0.7378
CentroidY: 0.8086
