Location: 20250420_132057.jpg_Otsu.png
Component: component_1745148178490_197.png
centerX: 0.7723796671165092
centerY: 0.3737259343148358
width: 0.023391812865497075
height: 0.09060022650056625
Area: 0.0009320350561335243
CentroidX: 0.7843
CentroidY: 0.4105
