Location: 20250420_132057.jpg_Mean-Medain.png
Component: component_1745148178721_606.png
centerX: 0.4093567251461988
centerY: 0.9060022650056625
width: 0.027890238416554206
height: 0.06568516421291053
Area: 0.0007086421224824992
CentroidX: 0.4267
CentroidY: 0.9374
