Location: 20250420_132057.jpg_Otsu.png
Component: component_1745148178494_215.png
centerX: 0.31309041835357626
centerY: 0.43035107587768967
width: 0.020242914979757085
height: 0.06795016987542468
Area: 0.0006844433440368351
CentroidX: 0.3249
CentroidY: 0.4622
