Location: 20250420_132057.jpg_Gaussian-Median.png
Component: component_1745148178801_285.png
centerX: 0.23301844354475934
centerY: 0.4360135900339751
width: 0.021592442645074223
height: 0.05889014722536806
Area: 0.0005412884652319593
CentroidX: 0.2460
CentroidY: 0.4634
