Location: 20250420_132057.jpg_Otsu.png
Component: component_1745148178494_216.png
centerX: 0.06072874493927125
centerY: 0.43148357870894677
width: 0.018893387314439947
height: 0.05266138165345413
Area: 0.00045188034697482153
CentroidX: 0.0733
CentroidY: 0.4552
