Location: 20250420_132057.jpg_Otsu.png
Component: component_1745148178519_339.png
centerX: 0.358974358974359
centerY: 0.6342015855039638
width: 0.01349527665317139
height: 0.0464326160815402
Area: 0.00011921082434285033
CentroidX: 0.3672
CentroidY: 0.6563
