Location: 20250420_132057.jpg_Mean-Closing.png
Component: component_1745148178937_240.png
centerX: 0.09131803868645974
centerY: 0.4286523216308041
width: 0.02699055330634278
height: 0.05605889014722537
Area: 0.000619488728209
CentroidX: 0.1073
CentroidY: 0.4541
