Location: 20250420_132057.jpg_Otsu.png
Component: component_1745148178465_91.png
centerX: 0.28834907782276203
centerY: 0.15855039637599094
width: 0.018893387314439947
height: 0.05379388448471121
Area: 0.00048397556891328127
CentroidX: 0.2996
CentroidY: 0.1832
