Location: 20250420_132057.jpg_Gaussian-Median.png
Component: component_1745148178819_382.png
centerX: 0.7197480881691408
centerY: 0.6036240090600227
width: 0.013945119208277103
height: 0.04303510758776897
Area: 0.00013907929506665873
CentroidX: 0.7290
CentroidY: 0.6239
