Location: 20250420_132057.jpg_Mean-Medain.png
Component: component_1745148178665_352.png
centerX: 0.7431399010346379
centerY: 0.5339750849377124
width: 0.02249212775528565
height: 0.058323895809739526
Area: 0.0006258568277999643
CentroidX: 0.7570
CentroidY: 0.5611
