Location: 20250420_132057.jpg_Mean-Closing.png
Component: component_1745148178897_5.png
centerX: 0.8929374718848403
centerY: 0.007361268403171008
width: 0.01979307242465137
height: 0.06002265005662514
Area: 0.0005079196233753068
CentroidX: 0.9052
CentroidY: 0.0334
