Location: 20250420_132057.jpg_Mean-Closing.png
Component: component_1745148178950_313.png
centerX: 0.05218173639226271
centerY: 0.5600226500566251
width: 0.014394961763382817
height: 0.044167610419026046
Area: 0.000123541132064706
CentroidX: 0.0626
CentroidY: 0.5801
