Location: 20250420_132057.jpg_Otsu.png
Component: component_1745148178562_558.png
centerX: 0.17858749437696805
centerY: 0.8810872027180068
width: 0.02114260008996851
height: 0.058323895809739526
Area: 0.0005069007274407525
CentroidX: 0.1926
CentroidY: 0.9086
