Location: 20250420_132057.jpg_Mean-Medain.png
Component: component_1745148178645_272.png
centerX: 0.37876743139901037
centerY: 0.3663646659116648
width: 0.024741340530814216
height: 0.06625141562853908
Area: 0.000744812928159176
CentroidX: 0.3940
CentroidY: 0.3978
