Location: 20250420_132057.jpg_Mean-Closing.png
Component: component_1745148178945_282.png
centerX: 0.30184435447593344
centerY: 0.5033975084937712
width: 0.025191183085919926
height: 0.058323895809739526
Area: 0.000693358683464185
CentroidX: 0.3180
CentroidY: 0.5311
