Location: 20250420_132057.jpg_Mean-Closing.png
Component: component_1745148178955_341.png
centerX: 0.650472334682861
centerY: 0.6013590033975085
width: 0.015294646873594242
height: 0.04190260475651189
Area: 0.00014672101457581578
CentroidX: 0.6601
CentroidY: 0.6213
