Location: 20250420_132057.jpg_Gaussian-Median.png
Component: component_1745148178789_217.png
centerX: 0.2321187584345479
centerY: 0.29614949037372595
width: 0.02384165542060279
height: 0.06738391845979615
Area: 0.0006589709456729782
CentroidX: 0.2464
CentroidY: 0.3248
