Location: 20250420_132057.jpg_Mean-Closing.png
Component: component_1745148178980_474.png
centerX: 0.35852451641925326
centerY: 0.7655719139297849
width: 0.014394961763382817
height: 0.052095130237825596
Area: 0.00015716469790499711
CentroidX: 0.3679
CentroidY: 0.7895
