Location: 20250420_132057.jpg_Mean-Medain.png
Component: component_1745148178710_562.png
centerX: 0.9167791273054431
centerY: 0.8114382785956965
width: 0.012145748987854251
height: 0.04020385050962627
Area: 0.00013220174750841736
CentroidX: 0.9241
CentroidY: 0.8293
