Location: 20250420_132057.jpg_Otsu.png
Component: component_1745148178502_254.png
centerX: 0.33423301844354475
centerY: 0.5050962627406569
width: 0.021592442645074223
height: 0.05549263873159683
Area: 0.0005866293343196246
CentroidX: 0.3475
CentroidY: 0.5306
