Location: 20250420_132057.jpg_Mean-Medain.png
Component: component_1745148178673_396.png
centerX: 0.7435897435897436
centerY: 0.6064552661381654
width: 0.015744489428699954
height: 0.04813137032842582
Area: 0.0001589477657904671
CentroidX: 0.7535
CentroidY: 0.6284
