Location: 20250420_132057.jpg_Mean-Closing.png
Component: component_1745148178962_377.png
centerX: 0.3117408906882591
centerY: 0.6359003397508494
width: 0.01349527665317139
height: 0.051528878822197054
Area: 0.00016913672513600987
CentroidX: 0.3203
CentroidY: 0.6579
