Location: 20250420_132057.jpg_Mean-Closing.png
Component: component_1745148178996_561.png
centerX: 0.8002699055330634
centerY: 0.9292185730464326
width: 0.02384165542060279
height: 0.04020385050962627
Area: 0.00048473974086419696
CentroidX: 0.8153
CentroidY: 0.9512
