Location: 20250420_132057.jpg_Mean-Medain.png
Component: component_1745148178717_593.png
centerX: 0.9410706252811516
centerY: 0.869762174405436
width: 0.02249212775528565
height: 0.05889014722536806
Area: 0.0006444516786055798
CentroidX: 0.9552
CentroidY: 0.8951
