Location: 20250420_132057.jpg_Otsu.png
Component: component_1745148178498_236.png
centerX: 0.631578947368421
centerY: 0.46319365798414497
width: 0.02699055330634278
height: 0.07191392978482446
Area: 0.0007980502407396369
CentroidX: 0.6498
CentroidY: 0.4945
