Location: 20250420_132057.jpg_Otsu.png
Component: component_1745148178513_307.png
centerX: 0.650472334682861
centerY: 0.60079275198188
width: 0.014844804318488529
height: 0.04246885617214043
Area: 0.00012073916824468175
CentroidX: 0.6602
CentroidY: 0.6209
