Location: 20250420_132057.jpg_Otsu.png
Component: component_1745148178518_333.png
centerX: 0.24066576698155645
centerY: 0.6245753114382786
width: 0.012595591542959963
height: 0.050396375990939976
Area: 0.00011895610035921176
CentroidX: 0.2481
CentroidY: 0.6459
