Location: 20250420_132057.jpg_Mean-Closing.png
Component: component_1745148178957_349.png
centerX: 0.7714799820062977
centerY: 0.6121177802944507
width: 0.017094017094017096
height: 0.044167610419026046
Area: 0.00014875880644492435
CentroidX: 0.7821
CentroidY: 0.6320
