Location: 20250420_132057.jpg_Otsu.png
Component: component_1745148178483_176.png
centerX: 0.9082321187584346
centerY: 0.30690826727066817
width: 0.0206927575348628
height: 0.059456398640996604
Area: 0.0005588644201030206
CentroidX: 0.9209
CentroidY: 0.3329
