Location: 20250420_132057.jpg_Otsu.png
Component: component_1745148178493_209.png
centerX: 0.7998200629779577
centerY: 0.38618346545866367
width: 0.026540710751237068
height: 0.07644394110985278
Area: 0.0008263246029235181
CentroidX: 0.8166
CentroidY: 0.4222
