Location: 20250420_132057.jpg_Mean-Closing.png
Component: component_1745148178934_223.png
centerX: 0.7719298245614035
centerY: 0.3737259343148358
width: 0.02384165542060279
height: 0.09060022650056625
Area: 0.0009661680699410925
CentroidX: 0.7843
CentroidY: 0.4108
