Location: 20250420_132057.jpg_Mean-Closing.png
Component: component_1745148178993_543.png
centerX: 0.10976158344579397
centerY: 0.8856172140430351
width: 0.025191183085919926
height: 0.06625141562853908
Area: 0.0007820026297704071
CentroidX: 0.1261
CentroidY: 0.9171
