Location: 20250420_132057.jpg_Otsu.png
Component: component_1745148178539_437.png
centerX: 0.28834907782276203
centerY: 0.7610419026047565
width: 0.015744489428699954
height: 0.051528878822197054
Area: 0.000125324199950176
CentroidX: 0.2988
CentroidY: 0.7848
