Location: 20250420_132057.jpg_Otsu.png
Component: component_1745148178509_291.png
centerX: 0.313540260908682
centerY: 0.5673839184597962
width: 0.016644174538911382
height: 0.04756511891279728
Area: 0.00013118285157386308
CentroidX: 0.3246
CentroidY: 0.5886
