Location: 20250420_132057.jpg_Mean-Closing.png
Component: component_1745148178970_420.png
centerX: 0.35177687809266756
centerY: 0.6908267270668177
width: 0.01799370220422852
height: 0.06568516421291053
Area: 0.00022874213730743505
CentroidX: 0.3614
CentroidY: 0.7246
