Location: 20250420_132057.jpg_Otsu.png
Component: component_1745148178510_295.png
centerX: 0.28430049482681063
centerY: 0.5702151755379389
width: 0.017094017094017096
height: 0.04813137032842582
Area: 0.00011921082434285033
CentroidX: 0.2968
CentroidY: 0.5925
