Location: 20250420_132057.jpg_Mean-Medain.png
Component: component_1745148178612_98.png
centerX: 0.9257759784075573
centerY: 0.08323895809739525
width: 0.018893387314439947
height: 0.05266138165345413
Area: 0.00047913581322414845
CentroidX: 0.9374
CentroidY: 0.1066
