Location: 20250420_132057.jpg_Mean-Closing.png
Component: component_1745148178985_498.png
centerX: 0.8758434547908233
centerY: 0.7978482446206115
width: 0.013945119208277103
height: 0.04756511891279728
Area: 0.0001599666617250214
CentroidX: 0.8853
CentroidY: 0.8203
