Location: 20250420_132057.jpg_Mean-Closing.png
Component: component_1745148178947_295.png
centerX: 0.550157444894287
centerY: 0.5232163080407701
width: 0.022941970310391364
height: 0.06342015855039637
Area: 0.0007257086293862834
CentroidX: 0.5650
CentroidY: 0.5518
