Location: 20250420_132057.jpg_Mean-Closing.png
Component: component_1745148178955_339.png
centerX: 0.6086369770580297
centerY: 0.5922989807474519
width: 0.015744489428699954
height: 0.0492638731596829
Area: 0.00017677844464516695
CentroidX: 0.6167
CentroidY: 0.6139
