Location: 20250420_132057.jpg_Mean-Closing.png
Component: component_1745148178949_307.png
centerX: 0.9586144849302745
centerY: 0.543035107587769
width: 0.025191183085919926
height: 0.06058890147225368
Area: 0.0006867358598895822
CentroidX: 0.9752
CentroidY: 0.5707
