Location: 20250420_132057.jpg_Mean-Closing.png
Component: component_1745148178908_80.png
centerX: 0.3108412055780477
centerY: 0.09909399773499433
width: 0.019343229869545658
height: 0.05492638731596829
Area: 0.0004905983924878841
CentroidX: 0.3233
CentroidY: 0.1254
