Location: 20250420_132057.jpg_Mean-Closing.png
Component: component_1745148178960_363.png
centerX: 0.07062528115159694
centerY: 0.6194790486976217
width: 0.012595591542959963
height: 0.04360135900339751
Area: 0.0001604761096922985
CentroidX: 0.0779
CentroidY: 0.6372
