Location: easy26_Mean-Closing.png
Component: component_1744297381973_123.png
centerX: 0.8008064516129032
centerY: 0.09913793103448276
width: 0.01935483870967742
height: 0.022030651340996167
Area: 0.00015796873068841922
CentroidX: 0.8124
CentroidY: 0.1087
