Location: 20250420_132057.jpg_Gaussian-Median.png
Component: component_1745148178802_292.png
centerX: 0.3643724696356275
centerY: 0.4450736126840317
width: 0.021592442645074223
height: 0.058323895809739526
Area: 0.0006003844294361074
CentroidX: 0.3776
CentroidY: 0.4732
