Location: 20250420_132057.jpg_Mean-Closing.png
Component: component_1745148178965_392.png
centerX: 0.6882591093117408
centerY: 0.6545866364665912
width: 0.019343229869545658
height: 0.05096262740656852
Area: 0.00018671268000707114
CentroidX: 0.6974
CentroidY: 0.6809
