Location: 20250420_132057.jpg_Mean-Medain.png
Component: component_1745148178637_230.png
centerX: 0.2636077372919478
centerY: 0.2853907134767837
width: 0.0206927575348628
height: 0.057757644394110984
Area: 0.0005774592709086361
CentroidX: 0.2771
CentroidY: 0.3134
