Location: 20250420_132057.jpg_Otsu.png
Component: component_1745148178471_106.png
centerX: 0.34727845254161044
centerY: 0.16421291053227632
width: 0.0206927575348628
height: 0.04699886749716874
Area: 0.00047251298964954565
CentroidX: 0.3602
CentroidY: 0.1868
