Location: 20250420_132057.jpg_Mean-Medain.png
Component: component_1745148178704_528.png
centerX: 0.4291497975708502
centerY: 0.768969422423556
width: 0.013045434098065677
height: 0.04813137032842582
Area: 0.0001614950056268528
CentroidX: 0.4354
CentroidY: 0.7909
