Location: 20250420_132057.jpg_Mean-Closing.png
Component: component_1745148178914_109.png
centerX: 0.4336482231219073
centerY: 0.1579841449603624
width: 0.022042285200179937
height: 0.057757644394110984
Area: 0.0005738931351376962
CentroidX: 0.4477
CentroidY: 0.1873
