Location: 20250420_132057.jpg_Otsu.png
Component: component_1745148178501_251.png
centerX: 0.1839856050382366
centerY: 0.5028312570781427
width: 0.01979307242465137
height: 0.0622876557191393
Area: 0.0005820443026141304
CentroidX: 0.1968
CentroidY: 0.5316
