Location: 20250420_132057.jpg_Mean-Closing.png
Component: component_1745148178951_317.png
centerX: 0.12640575798470535
centerY: 0.565118912797282
width: 0.016194331983805668
height: 0.04246885617214043
Area: 0.00014977770237947863
CentroidX: 0.1364
CentroidY: 0.5831
