Location: 20250420_132057.jpg_Otsu.png
Component: component_1745148178451_26.png
centerX: 0.459289248762933
centerY: 0.026047565118912798
width: 0.022042285200179937
height: 0.06455266138165346
Area: 0.0006159225924380601
CentroidX: 0.4726
CentroidY: 0.0566
