Location: 20250420_132057.jpg_Mean-Closing.png
Component: component_1745148178974_441.png
centerX: 0.677013045434098
centerY: 0.7180067950169875
width: 0.01349527665317139
height: 0.051528878822197054
Area: 0.00015716469790499711
CentroidX: 0.6852
CentroidY: 0.7428
