Location: 20250420_132057.jpg_Mean-Medain.png
Component: component_1745148178643_263.png
centerX: 0.06297795771479982
centerY: 0.3556058890147225
width: 0.024291497975708502
height: 0.056625141562853906
Area: 0.0006026769452888545
CentroidX: 0.0766
CentroidY: 0.3815
