Location: 20250420_132057.jpg_Otsu.png
Component: component_1745148178480_160.png
centerX: 0.3522267206477733
centerY: 0.29614949037372595
width: 0.020242914979757085
height: 0.07078142695356739
Area: 0.0007017645749242578
CentroidX: 0.3650
CentroidY: 0.3277
