Location: 20250420_132057.jpg_Mean-Medain.png
Component: component_1745148178622_151.png
centerX: 0.23481781376518218
centerY: 0.152321630804077
width: 0.022941970310391364
height: 0.04813137032842582
Area: 0.0005188727546717653
CentroidX: 0.2472
CentroidY: 0.1759
