Location: 20250420_132057.jpg_Gaussian-Median.png
Component: component_1745148178848_513.png
centerX: 0.4511920827710301
centerY: 0.7718006795016987
width: 0.015294646873594242
height: 0.05096262740656852
Area: 0.0001614950056268528
CentroidX: 0.4596
CentroidY: 0.7946
