Location: 20250420_132057.jpg_Otsu.png
Component: component_1745148178533_405.png
centerX: 0.5897435897435898
centerY: 0.7151755379388448
width: 0.013945119208277103
height: 0.052095130237825596
Area: 0.00011156910483369326
CentroidX: 0.5972
CentroidY: 0.7389
