Location: 20250420_132057.jpg_Mean-Closing.png
Component: component_1745148178939_249.png
centerX: 0.2046783625730994
centerY: 0.43941109852774635
width: 0.02384165542060279
height: 0.057757644394110984
Area: 0.000613630076585313
CentroidX: 0.2194
CentroidY: 0.4663
