Location: 20250420_132057.jpg_Gaussian-Median.png
Component: component_1745148178792_234.png
centerX: 0.9082321187584346
centerY: 0.3063420158550396
width: 0.0206927575348628
height: 0.06002265005662514
Area: 0.0005871387822869018
CentroidX: 0.9209
CentroidY: 0.3331
