Location: 20250420_132057.jpg_Otsu.png
Component: component_1745148178531_395.png
centerX: 0.5294646873594242
centerY: 0.7021517553793885
width: 0.015294646873594242
height: 0.05266138165345413
Area: 0.00011360689670280181
CentroidX: 0.5377
CentroidY: 0.7251
