Location: easy26_Mean-Closing.png
Component: component_1744297382072_492.png
centerX: 0.7451612903225806
centerY: 0.3457854406130268
width: 0.017741935483870968
height: 0.01867816091954023
Area: 0.0001089173155357805
CentroidX: 0.7548
CentroidY: 0.3537
