Location: 20250420_132057.jpg_Otsu.png
Component: component_1745148178516_322.png
centerX: 0.08636977058029689
centerY: 0.6160815402038505
width: 0.01349527665317139
height: 0.05719139297848245
Area: 0.00011972027231012746
CentroidX: 0.0955
CentroidY: 0.6403
