Location: 20250420_132057.jpg_Mean-Medain.png
Component: component_1745148178655_314.png
centerX: 0.5411605937921727
centerY: 0.45016987542468856
width: 0.022941970310391364
height: 0.06172140430351076
Area: 0.0007015098509406193
CentroidX: 0.5550
CentroidY: 0.4792
