Location: 20250420_132057.jpg_Mean-Closing.png
Component: component_1745148178995_558.png
centerX: 0.7139001349527665
centerY: 0.921291053227633
width: 0.023391812865497075
height: 0.0492638731596829
Area: 0.0005433262571010679
CentroidX: 0.7286
CentroidY: 0.9466
