Location: 20250420_132057.jpg_Mean-Closing.png
Component: component_1745148178936_232.png
centerX: 0.8893387314439946
centerY: 0.38391845979614947
width: 0.026540710751237068
height: 0.08890147225368063
Area: 0.0009781400971721052
CentroidX: 0.9070
CentroidY: 0.4235
