Location: 20250420_132057.jpg_Mean-Closing.png
Component: component_1745148178981_479.png
centerX: 0.4511920827710301
centerY: 0.7718006795016987
width: 0.015294646873594242
height: 0.05096262740656852
Area: 0.00016302334952868422
CentroidX: 0.4596
CentroidY: 0.7944
