Location: 20250420_132057.jpg_Mean-Closing.png
Component: component_1745148178938_245.png
centerX: 0.17768780926675665
centerY: 0.43544733861834656
width: 0.022941970310391364
height: 0.05889014722536806
Area: 0.0005927427099269503
CentroidX: 0.1908
CentroidY: 0.4622
