Location: 20250420_132057.jpg_Mean-Closing.png
Component: component_1745148178907_76.png
centerX: 0.2276203328834908
centerY: 0.09343148357870895
width: 0.0206927575348628
height: 0.05096262740656852
Area: 0.0005033345916698125
CentroidX: 0.2398
CentroidY: 0.1154
