Location: 20250420_132057.jpg_Mean-Medain.png
Component: component_1745148178642_255.png
centerX: 0.8798920377867746
centerY: 0.3035107587768969
width: 0.02249212775528565
height: 0.06625141562853908
Area: 0.0006941228554151008
CentroidX: 0.8928
CentroidY: 0.3340
