Location: 20250420_132057.jpg_Mean-Closing.png
Component: component_1745148178982_482.png
centerX: 0.5582546108861899
centerY: 0.7718006795016987
width: 0.01349527665317139
height: 0.053227633069082674
Area: 0.00018467488813796257
CentroidX: 0.5661
CentroidY: 0.7940
