Location: 20250420_132057.jpg_Mean-Medain.png
Component: component_1745148178670_375.png
centerX: 0.3391812865497076
centerY: 0.5673839184597962
width: 0.01799370220422852
height: 0.052095130237825596
Area: 0.00015461745806861143
CentroidX: 0.3517
CentroidY: 0.5931
