Location: 20250420_132057.jpg_Gaussian-Median.png
Component: component_1745148178830_430.png
centerX: 0.7341430499325237
centerY: 0.6602491506228766
width: 0.01799370220422852
height: 0.05549263873159683
Area: 0.0001935902275653125
CentroidX: 0.7431
CentroidY: 0.6863
