Location: 20250420_132057.jpg_Otsu.png
Component: component_1745148178496_227.png
centerX: 0.3643724696356275
centerY: 0.4450736126840317
width: 0.021592442645074223
height: 0.057757644394110984
Area: 0.0005884124022050946
CentroidX: 0.3775
CentroidY: 0.4731
