Location: 20250420_132057.jpg_Otsu.png
Component: component_1745148178466_94.png
centerX: 0.4597390913180387
centerY: 0.16024915062287656
width: 0.017094017094017096
height: 0.056625141562853906
Area: 0.0005135235510153553
CentroidX: 0.4703
CentroidY: 0.1871
