Location: 20250420_132057.jpg_Mean-Closing.png
Component: component_1745148178982_481.png
centerX: 0.5348627980206928
centerY: 0.7712344280860702
width: 0.016644174538911382
height: 0.05549263873159683
Area: 0.0001928260556143968
CentroidX: 0.5449
CentroidY: 0.7956
