Location: 20250420_132057.jpg_Mean-Closing.png
Component: component_1745148178932_212.png
centerX: 0.2109761583445794
centerY: 0.36183465458663644
width: 0.02384165542060279
height: 0.06511891279728199
Area: 0.0006829150001350037
CentroidX: 0.2241
CentroidY: 0.3917
