Location: 20250420_132057.jpg_Mean-Medain.png
Component: component_1745148178688_457.png
centerX: 0.1246063877642825
centerY: 0.6766704416761042
width: 0.012595591542959963
height: 0.05096262740656852
Area: 0.0001393340190502973
CentroidX: 0.1320
CentroidY: 0.7000
