Location: easy21_Mean-Medain.png
Component: component_1744297380770_88.png
centerX: 0.4
centerY: 0.08477011494252873
width: 0.014516129032258065
height: 0.014846743295019157
Area: 9.617167222840193e-05
CentroidX: 0.4084
CentroidY: 0.0915
