Location: 20250420_132057.jpg_Gaussian-Median.png
Component: component_1745148178785_187.png
centerX: 0.4885290148448043
centerY: 0.23556058890147225
width: 0.02249212775528565
height: 0.061155152887882216
Area: 0.0006291682395872657
CentroidX: 0.5015
CentroidY: 0.2618
