Location: 20250420_132057.jpg_Mean-Closing.png
Component: component_1745148178990_528.png
centerX: 0.7188484030589294
centerY: 0.8459796149490374
width: 0.022042285200179937
height: 0.06738391845979615
Area: 0.0007287653171899461
CentroidX: 0.7329
CentroidY: 0.8762
