Location: 20250420_132057.jpg_Mean-Medain.png
Component: component_1745148178656_317.png
centerX: 0.6639676113360324
centerY: 0.4609286523216308
width: 0.023391812865497075
height: 0.058323895809739526
Area: 0.0006974342672024022
CentroidX: 0.6783
CentroidY: 0.4876
