Location: 20250420_132057.jpg_Mean-Medain.png
Component: component_1745148178670_378.png
centerX: 0.28430049482681063
centerY: 0.5702151755379389
width: 0.017094017094017096
height: 0.04869762174405436
Area: 0.00014290015482123727
CentroidX: 0.2966
CentroidY: 0.5926
