Location: easy64_Gaussian-Closing.png
Component: component_1744297381355_691.png
centerX: 0.8204353083434099
centerY: 0.4548952543822146
width: 0.012091898428053204
height: 0.01410859341598974
Area: 8.736771416592524e-05
CentroidX: 0.8277
CentroidY: 0.4608
