Location: 20250420_132057.jpg_Otsu.png
Component: component_1745148178496_224.png
centerX: 0.25820962663067926
centerY: 0.43941109852774635
width: 0.021592442645074223
height: 0.06002265005662514
Area: 0.0005843368184668775
CentroidX: 0.2721
CentroidY: 0.4679
