Location: 20250420_132057.jpg_Mean-Medain.png
Component: component_1745148178703_523.png
centerX: 0.3810166441745389
centerY: 0.7633069082672707
width: 0.015744489428699954
height: 0.05379388448471121
Area: 0.00017193868895603413
CentroidX: 0.3916
CentroidY: 0.7878
