Location: 20250420_132057.jpg_Mean-Closing.png
Component: component_1745148178970_419.png
centerX: 0.2636077372919478
centerY: 0.6913929784824462
width: 0.015294646873594242
height: 0.058323895809739526
Area: 0.00017244813692331127
CentroidX: 0.2723
CentroidY: 0.7185
