Location: 20250420_132057.jpg_Mean-Medain.png
Component: component_1745148178685_443.png
centerX: 0.711650922177238
centerY: 0.6602491506228766
width: 0.016644174538911382
height: 0.051528878822197054
Area: 0.00017983513244882978
CentroidX: 0.7208
CentroidY: 0.6846
