Location: 20250420_132057.jpg_Mean-Closing.png
Component: component_1745148178951_319.png
centerX: 0.15204678362573099
centerY: 0.5673839184597962
width: 0.015294646873594242
height: 0.039637599093997736
Area: 0.00012252223613015172
CentroidX: 0.1627
CentroidY: 0.5858
