Location: 20250420_132057.jpg_Gaussian-Median.png
Component: component_1745148178758_22.png
centerX: 0.8331084120557805
centerY: 0.01245753114382786
width: 0.02384165542060279
height: 0.059456398640996604
Area: 0.0006031863932561316
CentroidX: 0.8469
CentroidY: 0.0402
