Location: 20250420_132057.jpg_Mean-Medain.png
Component: component_1745148178607_51.png
centerX: 0.5717498875393612
centerY: 0.03284258210645526
width: 0.016644174538911382
height: 0.04360135900339751
Area: 0.0003122916039408857
CentroidX: 0.5829
CentroidY: 0.0532
