Location: 20250420_132057.jpg_Gaussian-Median.png
Component: component_1745148178772_114.png
centerX: 0.04768331084120558
centerY: 0.14835787089467722
width: 0.017543859649122806
height: 0.045866364665911666
Area: 0.00033903762222293543
CentroidX: 0.0591
CentroidY: 0.1688
