Location: 20250420_132057.jpg_Mean-Closing.png
Component: component_1745148178936_233.png
centerX: 0.5856950067476383
centerY: 0.3856172140430351
width: 0.019343229869545658
height: 0.05549263873159683
Area: 0.0006235643119472171
CentroidX: 0.5960
CentroidY: 0.4091
