Location: 20250420_132057.jpg_Gaussian-Median.png
Component: component_1745148178807_328.png
centerX: 0.11830859199280253
centerY: 0.5062287655719139
width: 0.02114260008996851
height: 0.050396375990939976
Area: 0.0005153066189008252
CentroidX: 0.1313
CentroidY: 0.5283
