Location: 20250420_132057.jpg_Mean-Medain.png
Component: component_1745148178694_478.png
centerX: 0.413855150697256
centerY: 0.6998867497168743
width: 0.01349527665317139
height: 0.04699886749716874
Area: 0.000140098191001213
CentroidX: 0.4216
CentroidY: 0.7238
