Location: 20250420_132057.jpg_Mean-Closing.png
Component: component_1745148178964_386.png
centerX: 0.6036887089518669
centerY: 0.6472253680634201
width: 0.015294646873594242
height: 0.05379388448471121
Area: 0.00018518433610523972
CentroidX: 0.6133
CentroidY: 0.6738
