Location: 20250420_132057.jpg_Mean-Closing.png
Component: component_1745148178922_151.png
centerX: 0.7170490328385065
centerY: 0.23159682899207248
width: 0.02114260008996851
height: 0.05492638731596829
Area: 0.0005517321485611406
CentroidX: 0.7295
CentroidY: 0.2568
