Location: 20250420_132057.jpg_Mean-Medain.png
Component: component_1745148178621_148.png
centerX: 0.18353576248313092
centerY: 0.14949037372593432
width: 0.0206927575348628
height: 0.05492638731596829
Area: 0.0005010420758170653
CentroidX: 0.1951
CentroidY: 0.1759
