Location: 20250420_132057.jpg_Mean-Closing.png
Component: component_1745148178914_110.png
centerX: 0.6221322537112011
centerY: 0.1579841449603624
width: 0.019343229869545658
height: 0.056625141562853906
Area: 0.0005275333701154765
CentroidX: 0.6349
CentroidY: 0.1842
