Location: 20250420_132057.jpg_Gaussian-Median.png
Component: component_1745148178820_384.png
centerX: 0.8191632928475033
centerY: 0.6087202718006794
width: 0.013045434098065677
height: 0.04983012457531144
Area: 0.0001839107161870469
CentroidX: 0.8271
CentroidY: 0.6317
