Location: 20250420_132057.jpg_Otsu.png
Component: component_1745148178505_268.png
centerX: 0.6468735942420153
centerY: 0.5322763306908267
width: 0.025191183085919926
height: 0.06625141562853908
Area: 0.0007060948826461135
CentroidX: 0.6639
CentroidY: 0.5633
