Location: 20250420_132057.jpg_Mean-Closing.png
Component: component_1745148178949_309.png
centerX: 0.9302744039586145
centerY: 0.5453001132502832
width: 0.023391812865497075
height: 0.058323895809739526
Area: 0.0006365552351127842
CentroidX: 0.9456
CentroidY: 0.5717
