Location: easy26_Mean-Closing.png
Component: component_1744297382031_421.png
centerX: 0.07983870967741935
centerY: 0.3022030651340996
width: 0.014516129032258065
height: 0.014367816091954023
Area: 7.647385984427141e-05
CentroidX: 0.0888
CentroidY: 0.3093
