Location: 20250420_132057.jpg_Mean-Closing.png
Component: component_1745148178988_517.png
centerX: 0.3792172739541161
centerY: 0.8306908267270668
width: 0.021592442645074223
height: 0.06342015855039637
Area: 0.0006650843212803038
CentroidX: 0.3918
CentroidY: 0.8583
