Location: 20250420_132057.jpg_Mean-Medain.png
Component: component_1745148178652_304.png
centerX: 0.1493477282950967
centerY: 0.43827859569648925
width: 0.024291497975708502
height: 0.050396375990939976
Area: 0.0005619211079066834
CentroidX: 0.1636
CentroidY: 0.4606
