Location: 20250420_132057.jpg_Mean-Closing.png
Component: component_1745148178901_31.png
centerX: 0.13675213675213677
centerY: 0.03680634201585504
width: 0.026540710751237068
height: 0.039637599093997736
Area: 0.00039405800268886636
CentroidX: 0.1530
CentroidY: 0.0570
