Location: 20250420_132057.jpg_Otsu.png
Component: component_1745148178448_14.png
centerX: 0.6995051731893838
centerY: 0.019818799546998868
width: 0.022042285200179937
height: 0.058323895809739526
Area: 0.0005542793883975263
CentroidX: 0.7130
CentroidY: 0.0472
