Location: 20250420_132057.jpg_Mean-Medain.png
Component: component_1745148178671_384.png
centerX: 0.5236167341430499
centerY: 0.5804077010192525
width: 0.012145748987854251
height: 0.04699886749716874
Area: 0.0001352584353120802
CentroidX: 0.5311
CentroidY: 0.6025
