Location: 20250420_132057.jpg_Otsu.png
Component: component_1745148178500_245.png
centerX: 0.9077822762033289
centerY: 0.47791619479048697
width: 0.01979307242465137
height: 0.056625141562853906
Area: 0.0005229483384099823
CentroidX: 0.9209
CentroidY: 0.5031
