Location: 20250420_132057.jpg_Gaussian-Median.png
Component: component_1745148178816_369.png
centerX: 0.4534412955465587
centerY: 0.5730464326160816
width: 0.015744489428699954
height: 0.04983012457531144
Area: 0.0001464662905921772
CentroidX: 0.4637
CentroidY: 0.5979
