Location: 20250420_132057.jpg_Otsu.png
Component: component_1745148178540_448.png
centerX: 0.45164192532613584
centerY: 0.7723669309173273
width: 0.014394961763382817
height: 0.04983012457531144
Area: 0.00011819192840829605
CentroidX: 0.4597
CentroidY: 0.7949
