Location: 20250420_132057.jpg_Mean-Closing.png
Component: component_1745148178919_132.png
centerX: 0.15114709851551958
centerY: 0.21347678369195924
width: 0.023391812865497075
height: 0.061155152887882216
Area: 0.0005950352257796974
CentroidX: 0.1647
CentroidY: 0.2405
