Location: 20250420_132057.jpg_Mean-Closing.png
Component: component_1745148178953_329.png
centerX: 0.4534412955465587
centerY: 0.5730464326160816
width: 0.015294646873594242
height: 0.04983012457531144
Area: 0.00014621156660853867
CentroidX: 0.4637
CentroidY: 0.5981
