Location: 20250420_132057.jpg_Gaussian-Median.png
Component: component_1745148178860_567.png
centerX: 0.8825910931174089
centerY: 0.8601359003397508
width: 0.020242914979757085
height: 0.06625141562853908
Area: 0.0006971795432187636
CentroidX: 0.8957
CentroidY: 0.8903
