Location: 20250420_132057.jpg_Otsu.png
Component: component_1745148178505_271.png
centerX: 0.6846603688708952
centerY: 0.5368063420158551
width: 0.024291497975708502
height: 0.06738391845979615
Area: 0.0007017645749242578
CentroidX: 0.7006
CentroidY: 0.5674
