Location: 20250420_132057.jpg_Mean-Closing.png
Component: component_1745148178921_145.png
centerX: 0.3486279802069276
centerY: 0.22536806342015855
width: 0.022042285200179937
height: 0.0622876557191393
Area: 0.0006039505652070473
CentroidX: 0.3629
CentroidY: 0.2542
