Location: 20250420_132057.jpg_Mean-Medain.png
Component: component_1745148178673_392.png
centerX: 0.6279802069275754
centerY: 0.6024915062287656
width: 0.015294646873594242
height: 0.03680634201585504
Area: 0.00012150334019559745
CentroidX: 0.6370
CentroidY: 0.6182
