Location: 20250420_132057.jpg_Mean-Medain.png
Component: component_1745148178613_103.png
centerX: 0.1664417453891138
centerY: 0.08776896942242356
width: 0.024741340530814216
height: 0.04983012457531144
Area: 0.0004737866095677385
CentroidX: 0.1814
CentroidY: 0.1105
