Location: 20250420_132057.jpg_Otsu.png
Component: component_1745148178507_278.png
centerX: 0.9307242465137202
centerY: 0.5453001132502832
width: 0.02249212775528565
height: 0.057757644394110984
Area: 0.0005611569359557677
CentroidX: 0.9456
CentroidY: 0.5712
