Location: 20250420_132057.jpg_Gaussian-Median.png
Component: component_1745148178795_254.png
centerX: 0.46873594242015293
centerY: 0.369762174405436
width: 0.02384165542060279
height: 0.06738391845979615
Area: 0.0007206141497135119
CentroidX: 0.4828
CentroidY: 0.4012
