Location: 20250420_132057.jpg_Otsu.png
Component: component_1745148178491_199.png
centerX: 0.5267656320287899
centerY: 0.37485843714609285
width: 0.026090868196131354
height: 0.06908267270668177
Area: 0.000805691960248794
CentroidX: 0.5425
CentroidY: 0.4068
