Location: 20250420_132057.jpg_Otsu.png
Component: component_1745148178532_403.png
centerX: 0.47908232118758437
centerY: 0.7123442808607021
width: 0.013945119208277103
height: 0.04813137032842582
Area: 0.00011921082434285033
CentroidX: 0.4877
CentroidY: 0.7336
