Location: 20250420_132057.jpg_Otsu.png
Component: component_1745148178546_478.png
centerX: 0.9694107062528116
centerY: 0.8125707814269536
width: 0.01349527665317139
height: 0.04473386183465459
Area: 8.940811825713775e-05
CentroidX: 0.9774
CentroidY: 0.8325
