Location: 20250420_132057.jpg_Gaussian-Median.png
Component: component_1745148178775_130.png
centerX: 0.8911381016644174
centerY: 0.1579841449603624
width: 0.021592442645074223
height: 0.06285390713476784
Area: 0.0006121017326834815
CentroidX: 0.9045
CentroidY: 0.1866
