Location: 20250420_132057.jpg_Gaussian-Median.png
Component: component_1745148178823_398.png
centerX: 0.9140800719748088
centerY: 0.6172140430351076
width: 0.012595591542959963
height: 0.05436013590033975
Area: 0.00016862727716873273
CentroidX: 0.9226
CentroidY: 0.6422
