Location: 20250420_132057.jpg_Otsu.png
Component: component_1745148178503_261.png
centerX: 0.42825011246063877
centerY: 0.5096262740656852
width: 0.021592442645074223
height: 0.05379388448471121
Area: 0.0005293164380009465
CentroidX: 0.4415
CentroidY: 0.5338
