Location: 20250420_132057.jpg_Gaussian-Median.png
Component: component_1745148178777_142.png
centerX: 0.48223121907332434
centerY: 0.16194790486976218
width: 0.02249212775528565
height: 0.06002265005662514
Area: 0.0006149036965035058
CentroidX: 0.4955
CentroidY: 0.1889
