Location: 20250420_132057.jpg_Mean-Closing.png
Component: component_1745148178967_402.png
centerX: 0.8888888888888888
centerY: 0.6698754246885618
width: 0.016644174538911382
height: 0.05379388448471121
Area: 0.00018492961212160115
CentroidX: 0.8996
CentroidY: 0.6977
