Location: 20250420_132057.jpg_Mean-Closing.png
Component: component_1745148178898_13.png
centerX: 0.595591542959964
centerY: 0.03001132502831257
width: 0.0206927575348628
height: 0.04190260475651189
Area: 0.0003166219116627414
CentroidX: 0.6095
CentroidY: 0.0493
