Location: 20250420_132057.jpg_Otsu.png
Component: component_1745148178501_248.png
centerX: 0.024291497975708502
centerY: 0.49377123442808607
width: 0.019343229869545658
height: 0.05436013590033975
Area: 0.0005015515237843425
CentroidX: 0.0361
CentroidY: 0.5190
