Location: 20250420_132057.jpg_Otsu.png
Component: component_1745148178518_334.png
centerX: 0.2869995501574449
centerY: 0.6245753114382786
width: 0.015744489428699954
height: 0.056625141562853906
Area: 0.00013882457108302016
CentroidX: 0.2969
CentroidY: 0.6502
