Location: 20250420_132057.jpg_Mean-Medain.png
Component: component_1745148178611_96.png
centerX: 0.07557354925775979
centerY: 0.08323895809739525
width: 0.01979307242465137
height: 0.0492638731596829
Area: 0.00036527419253770807
CentroidX: 0.0887
CentroidY: 0.1065
