Location: 20250420_132057.jpg_Gaussian-Median.png
Component: component_1745148178797_265.png
centerX: 0.6423751686909581
centerY: 0.37995469988674974
width: 0.02564102564102564
height: 0.07701019252548132
Area: 0.0009045248659005588
CentroidX: 0.6566
CentroidY: 0.4140
