Location: 20250420_132057.jpg_Gaussian-Median.png
Component: component_1745148178759_25.png
centerX: 0.7800269905533064
centerY: 0.017553793884484713
width: 0.018893387314439947
height: 0.05436013590033975
Area: 0.0005020609717516196
CentroidX: 0.7909
CentroidY: 0.0418
