Location: 20250420_132057.jpg_Gaussian-Median.png
Component: component_1745148178775_127.png
centerX: 0.4030589293747188
centerY: 0.1579841449603624
width: 0.022042285200179937
height: 0.05549263873159683
Area: 0.000555043560348442
CentroidX: 0.4178
CentroidY: 0.1865
