Location: 20250420_132057.jpg_Otsu.png
Component: component_1745148178517_327.png
centerX: 0.9383715699505173
centerY: 0.6177802944507361
width: 0.01349527665317139
height: 0.05379388448471121
Area: 9.14459101262463e-05
CentroidX: 0.9477
CentroidY: 0.6436
