Location: 20250420_132057.jpg_Mean-Closing.png
Component: component_1745148178921_144.png
centerX: 0.6000899685110211
centerY: 0.22480181200453
width: 0.02249212775528565
height: 0.06511891279728199
Area: 0.0007244350094680904
CentroidX: 0.6140
CentroidY: 0.2564
