Location: 20250420_132057.jpg_Mean-Closing.png
Component: component_1745148178897_4.png
centerX: 0.9136302294197031
centerY: 0.0056625141562853904
width: 0.02249212775528565
height: 0.06002265005662514
Area: 0.0005552982843320806
CentroidX: 0.9280
CentroidY: 0.0348
