Location: easy21_Mean-Medain.png
Component: component_1744297380923_757.png
centerX: 0.40241935483870966
centerY: 0.5862068965517241
width: 0.018548387096774192
height: 0.0210727969348659
Area: 0.00013402237053516253
CentroidX: 0.4135
CentroidY: 0.5950
