Location: 20250501_171602.jpg_Mean-Closing.png
Component: component_1746113171846_79.png
centerX: 0.3046139359698682
centerY: 0.6576271186440678
width: 0.02401129943502825
height: 0.20677966101694914
Area: 0.001236873184589358
CentroidX: 0.3129
CentroidY: 0.7833
