Location: 20250501_171602.jpg_Mean-Medain.png
Component: component_1746113171745_40.png
centerX: 0.4213747645951036
centerY: 0.3525423728813559
width: 0.02071563088512241
height: 0.20847457627118643
Area: 0.0011730345686105526
CentroidX: 0.4285
CentroidY: 0.4734
