Location: easy64_Gaussian-Closing.png
Component: component_1744297381300_598.png
centerX: 0.3875453446191052
centerY: 0.4108593415989739
width: 0.009068923821039904
height: 0.00983326207781103
Area: 4.73026381430897e-05
CentroidX: 0.3913
CentroidY: 0.4164
