Location: easy21_Mean-Medain.png
Component: component_1744297380767_80.png
centerX: 0.20080645161290323
centerY: 0.08333333333333333
width: 0.01532258064516129
height: 0.01532567049808429
Area: 8.921950315164998e-05
CentroidX: 0.2064
CentroidY: 0.0923
