Location: easy21_Mean-Medain.png
Component: component_1744297380884_580.png
centerX: 0.13306451612903225
centerY: 0.4746168582375479
width: 0.01532258064516129
height: 0.014367816091954023
Area: 7.956371276727228e-05
CentroidX: 0.1388
CentroidY: 0.4834
