Location: easy21_Mean-Medain.png
Component: component_1744297380766_77.png
centerX: 0.12983870967741937
centerY: 0.08237547892720307
width: 0.01532258064516129
height: 0.01532567049808429
Area: 7.840501792114695e-05
CentroidX: 0.1356
CentroidY: 0.0916
