Location: easy26_Mean-Closing.png
Component: component_1744297381974_126.png
centerX: 0.8733870967741936
centerY: 0.09865900383141762
width: 0.016935483870967744
height: 0.014846743295019157
Area: 9.230935607465084e-05
CentroidX: 0.8799
CentroidY: 0.1077
