Location: easy43_Mean-Closing.png
Component: component_1744297380623_591.png
centerX: 0.3996372430471584
centerY: 0.4117144078666097
width: 0.009068923821039904
height: 0.010260795211628902
Area: 5.0404450480341486e-05
CentroidX: 0.4029
CentroidY: 0.4175
