Location: 20250501_171602.jpg_Mean-Medain.png
Component: component_1746113171745_37.png
centerX: 0.39030131826742
centerY: 0.34576271186440677
width: 0.021657250470809793
height: 0.22542372881355932
Area: 0.001178620447508698
CentroidX: 0.3978
CentroidY: 0.4796
