Location: 20250501_171602.jpg_Otsu.png
Component: component_1746113171819_74.png
centerX: 0.3050847457627119
centerY: 0.6593220338983051
width: 0.023069679849340868
height: 0.2016949152542373
Area: 0.000938427654888442
CentroidX: 0.3127
CentroidY: 0.7806
