Location: 20250501_171602.jpg_Gaussian-Closing.png
Component: component_1746113171773_25.png
centerX: 0.16337099811676084
centerY: 0.09830508474576272
width: 0.02401129943502825
height: 0.17627118644067796
Area: 0.0010317916307574452
CentroidX: 0.1722
CentroidY: 0.2070
