Location: 20250501_171602.jpg_Otsu.png
Component: component_1746113171805_23.png
centerX: 0.1638418079096045
centerY: 0.09830508474576272
width: 0.023069679849340868
height: 0.17457627118644067
Area: 0.0006543458137827572
CentroidX: 0.1717
CentroidY: 0.2034
