Location: easy64_Gaussian-Closing.png
Component: component_1744297381460_1022.png
centerX: 0.7049576783555018
centerY: 0.6601111586147926
width: 0.009673518742442563
height: 0.010260795211628902
Area: 5.428171590190622e-05
CentroidX: 0.7086
CentroidY: 0.6658
