Location: easy16_Gaussian-Median.png
Component: component_1744297381902_1151.png
centerX: 0.4161290322580645
centerY: 0.8007662835249042
width: 0.016129032258064516
height: 0.014846743295019157
Area: 9.076442961315042e-05
CentroidX: 0.4219
CentroidY: 0.8094
