Location: easy43_Mean-Closing.png
Component: component_1744297380600_417.png
centerX: 0.4117291414752116
centerY: 0.32407011543394615
width: 0.009068923821039904
height: 0.00983326207781103
Area: 5.0404450480341486e-05
CentroidX: 0.4153
CentroidY: 0.3296
