Location: easy43_Mean-Closing.png
Component: component_1744297380592_366.png
centerX: 0.24365175332527206
centerY: 0.30312099187687047
width: 0.009068923821039904
height: 0.010260795211628902
Area: 5.0404450480341486e-05
CentroidX: 0.2472
CentroidY: 0.3086
