Location: 20250501_171602.jpg_Gaussian-Closing.png
Component: component_1746113171787_77.png
centerX: 0.5423728813559322
centerY: 0.6559322033898305
width: 0.023069679849340868
height: 0.19661016949152543
Area: 0.0011530850011171759
CentroidX: 0.5505
CentroidY: 0.7746
