Location: easy21_Mean-Medain.png
Component: component_1744297381015_993.png
centerX: 0.6443548387096775
centerY: 0.7461685823754789
width: 0.016935483870967744
height: 0.01532567049808429
Area: 8.99919663824002e-05
CentroidX: 0.6504
CentroidY: 0.7554
