Location: 20250501_171602.jpg_Mean-Closing.png
Component: component_1746113171839_48.png
centerX: 0.902542372881356
centerY: 0.3610169491525424
width: 0.026836158192090395
height: 0.22033898305084745
Area: 0.0013334290912573015
CentroidX: 0.9140
CentroidY: 0.4928
