Location: easy43_Mean-Closing.png
Component: component_1744297380655_862.png
centerX: 0.6142684401451027
centerY: 0.5433946130825139
width: 0.009068923821039904
height: 0.00983326207781103
Area: 5.117990356465443e-05
CentroidX: 0.6177
CentroidY: 0.5488
