Location: 20250501_171602.jpg_Otsu.png
Component: component_1746113171818_71.png
centerX: 0.1167608286252354
centerY: 0.6559322033898305
width: 0.022598870056497175
height: 0.188135593220339
Area: 0.0007955887516358645
CentroidX: 0.1241
CentroidY: 0.7668
