Location: 20250501_171602.jpg_Mean-Closing.png
Component: component_1746113171848_92.png
centerX: 0.8267419962335216
centerY: 0.7305084745762712
width: 0.018832391713747645
height: 0.1711864406779661
Area: 0.000938427654888442
CentroidX: 0.8336
CentroidY: 0.8323
