Location: 20250501_171602.jpg_Mean-Medain.png
Component: component_1746113171751_73.png
centerX: 0.010357815442561206
centerY: 0.6491525423728813
width: 0.025894538606403013
height: 0.17288135593220338
Area: 0.0007644674263461969
CentroidX: 0.0212
CentroidY: 0.7542
