Location: 20250501_171602.jpg_Mean-Medain.png
Component: component_1746113171738_3.png
centerX: 0.9218455743879472
centerY: 0.03389830508474576
width: 0.02401129943502825
height: 0.2576271186440678
Area: 0.0014666922021130582
CentroidX: 0.9312
CentroidY: 0.1881
