Location: easy64_Gaussian-Closing.png
Component: component_1744297381401_876.png
centerX: 0.5495767835550182
centerY: 0.5942710560068405
width: 0.009068923821039904
height: 0.00983326207781103
Area: 4.807809122740265e-05
CentroidX: 0.5531
CentroidY: 0.5994
