Location: 20250501_171602.jpg_Mean-Medain.png
Component: component_1746113171750_68.png
centerX: 0.6878531073446328
centerY: 0.6254237288135593
width: 0.01647834274952919
height: 0.18305084745762712
Area: 0.000984710651473076
CentroidX: 0.6954
CentroidY: 0.7281
