Location: easy21_Mean-Medain.png
Component: component_1744297380898_663.png
centerX: 0.8516129032258064
centerY: 0.5397509578544061
width: 0.016129032258064516
height: 0.01532567049808429
Area: 8.767457669014955e-05
CentroidX: 0.8582
CentroidY: 0.5488
