Location: easy26_Mean-Closing.png
Component: component_1744297381971_110.png
centerX: 0.1879032258064516
centerY: 0.09770114942528736
width: 0.016129032258064516
height: 0.014846743295019157
Area: 8.265356569027314e-05
CentroidX: 0.1939
CentroidY: 0.1065
