Location: 20250501_171602.jpg_Mean-Medain.png
Component: component_1746113171738_2.png
centerX: 0.9590395480225988
centerY: 0.01694915254237288
width: 0.01977401129943503
height: 0.26949152542372884
Area: 0.0016159149669635162
CentroidX: 0.9671
CentroidY: 0.1765
