Location: 20250501_171602.jpg_Otsu.png
Component: component_1746113171813_51.png
centerX: 0.046139359698681735
centerY: 0.3711864406779661
width: 0.02448210922787194
height: 0.17966101694915254
Area: 0.0007341440837562641
CentroidX: 0.0553
CentroidY: 0.4827
