Location: easy26_Mean-Closing.png
Component: component_1744297381964_74.png
centerX: 0.20967741935483872
centerY: 0.07519157088122605
width: 0.01532258064516129
height: 0.014846743295019157
Area: 8.265356569027314e-05
CentroidX: 0.2152
CentroidY: 0.0842
