Location: 20250501_171602.jpg_Otsu.png
Component: component_1746113171819_77.png
centerX: 0.6106403013182674
centerY: 0.6593220338983051
width: 0.02401129943502825
height: 0.17627118644067796
Area: 0.0008386798174215583
CentroidX: 0.6198
CentroidY: 0.7678
