Location: easy64_Gaussian-Closing.png
Component: component_1744297381226_246.png
centerX: 0.5640870616686819
centerY: 0.2381359555365541
width: 0.009673518742442563
height: 0.00983326207781103
Area: 4.9370513034590894e-05
CentroidX: 0.5679
CentroidY: 0.2437
