Location: easy64_Gaussian-Closing.png
Component: component_1744297381445_1004.png
centerX: 0.3954050785973398
centerY: 0.6566908935442497
width: 0.009068923821039904
height: 0.00983326207781103
Area: 5.428171590190622e-05
CentroidX: 0.3989
CentroidY: 0.6621
