Location: 20250501_171602.jpg_Mean-Closing.png
Component: component_1746113171840_54.png
centerX: 0.013653483992467044
centerY: 0.3711864406779661
width: 0.023540489642184557
height: 0.16101694915254236
Area: 0.0008035685786332152
CentroidX: 0.0221
CentroidY: 0.4684
