Location: 20250501_171602.jpg_Mean-Medain.png
Component: component_1746113171749_58.png
centerX: 0.4510357815442561
centerY: 0.3694915254237288
width: 0.017419962335216574
height: 0.22033898305084745
Area: 0.0011275495547256535
CentroidX: 0.4570
CentroidY: 0.4988
