Location: 20250501_171602.jpg_Mean-Closing.png
Component: component_1746113171838_47.png
centerX: 0.5645009416195856
centerY: 0.3610169491525424
width: 0.0211864406779661
height: 0.19491525423728814
Area: 0.0011690446551118772
CentroidX: 0.5733
CentroidY: 0.4772
