Location: 20250501_171602.jpg_Otsu.png
Component: component_1746113171815_58.png
centerX: 0.9623352165725048
centerY: 0.37966101694915255
width: 0.02448210922787194
height: 0.19322033898305085
Area: 0.0008299020077244725
CentroidX: 0.9720
CentroidY: 0.5039
