Location: 20250501_171602.jpg_Otsu.png
Component: component_1746113171810_39.png
centerX: 0.3568738229755179
centerY: 0.3593220338983051
width: 0.021657250470809793
height: 0.21864406779661016
Area: 0.0008873567621053975
CentroidX: 0.3642
CentroidY: 0.4883
