Location: 20250501_171602.jpg_Mean-Medain.png
Component: component_1746113171756_96.png
centerX: 0.8267419962335216
centerY: 0.7288135593220338
width: 0.018832391713747645
height: 0.17288135593220338
Area: 0.0009503973953844681
CentroidX: 0.8336
CentroidY: 0.8317
