Location: 20250501_171602.jpg_Otsu.png
Component: component_1746113171814_54.png
centerX: 0.3177966101694915
centerY: 0.37457627118644066
width: 0.0211864406779661
height: 0.19152542372881357
Area: 0.0008937406237032781
CentroidX: 0.3258
CentroidY: 0.4889
