Location: 20250501_171602.jpg_Mean-Medain.png
Component: component_1746113171738_6.png
centerX: 0.743879472693032
centerY: 0.06779661016949153
width: 0.025423728813559324
height: 0.2288135593220339
Area: 0.0012392671326885633
CentroidX: 0.7538
CentroidY: 0.2084
