Location: 20250501_171602.jpg_Gaussian-Closing.png
Component: component_1746113171774_28.png
centerX: 0.12617702448210924
centerY: 0.10338983050847457
width: 0.023069679849340868
height: 0.18305084745762712
Area: 0.0010389734750550607
CentroidX: 0.1344
CentroidY: 0.2154
