Location: easy64_Gaussian-Closing.png
Component: component_1744297381271_470.png
centerX: 0.3639661426844015
centerY: 0.34416417272338606
width: 0.009068923821039904
height: 0.00983326207781103
Area: 5.0404450480341486e-05
CentroidX: 0.3675
CentroidY: 0.3496
