Location: easy64_Gaussian-Closing.png
Component: component_1744297381560_1211.png
centerX: 0.39600967351874244
centerY: 0.7622915775972637
width: 0.009068923821039904
height: 0.00983326207781103
Area: 4.704415378165206e-05
CentroidX: 0.3997
CentroidY: 0.7678
