Location: easy26_Mean-Closing.png
Component: component_1744297382210_1192.png
centerX: 0.08629032258064516
centerY: 0.9056513409961686
width: 0.016129032258064516
height: 0.014846743295019157
Area: 8.5743418613274e-05
CentroidX: 0.0921
CentroidY: 0.9143
