Location: easy26_Mean-Closing.png
Component: component_1744297382082_539.png
centerX: 0.5056451612903226
centerY: 0.36877394636015326
width: 0.01532258064516129
height: 0.014846743295019157
Area: 7.338400692127055e-05
CentroidX: 0.5115
CentroidY: 0.3775
