Location: easy21_Mean-Medain.png
Component: component_1744297380829_326.png
centerX: 0.5137096774193548
centerY: 0.3136973180076628
width: 0.016129032258064516
height: 0.014846743295019157
Area: 9.076442961315042e-05
CentroidX: 0.5197
CentroidY: 0.3225
