Location: easy43_Mean-Closing.png
Component: component_1744297380638_721.png
centerX: 0.562273276904474
centerY: 0.47669944420692606
width: 0.009068923821039904
height: 0.00983326207781103
Area: 4.575173197446381e-05
CentroidX: 0.5658
CentroidY: 0.4820
