Location: 20250501_171602.jpg_Otsu.png
Component: component_1746113171807_31.png
centerX: 0.839924670433145
centerY: 0.34067796610169493
width: 0.022598870056497175
height: 0.23559322033898306
Area: 0.000971942928277315
CentroidX: 0.8491
CentroidY: 0.4829
