Location: easy26_Mean-Closing.png
Component: component_1744297382071_489.png
centerX: 0.6854838709677419
centerY: 0.34626436781609193
width: 0.01532258064516129
height: 0.014367816091954023
Area: 7.840501792114695e-05
CentroidX: 0.6910
CentroidY: 0.3549
