Location: 20250501_171602.jpg_Otsu.png
Component: component_1746113171816_64.png
centerX: 0.07627118644067797
centerY: 0.6457627118644068
width: 0.027306967984934087
height: 0.1847457627118644
Area: 0.0008434677136199688
CentroidX: 0.0859
CentroidY: 0.7604
