Location: easy26_Mean-Closing.png
Component: component_1744297382154_912.png
centerX: 0.6258064516129033
centerY: 0.7255747126436781
width: 0.01532258064516129
height: 0.014846743295019157
Area: 8.53571869978989e-05
CentroidX: 0.6317
CentroidY: 0.7342
