Location: easy43_Mean-Closing.png
Component: component_1744297380667_968.png
centerX: 0.5259975816203144
centerY: 0.5887131252672082
width: 0.009068923821039904
height: 0.00983326207781103
Area: 5.2730809733280324e-05
CentroidX: 0.5294
CentroidY: 0.5940
