Location: 20250501_171602.jpg_Gaussian-Closing.png
Component: component_1746113171768_19.png
centerX: 0.3865348399246704
centerY: 0.0847457627118644
width: 0.026836158192090395
height: 0.1711864406779661
Area: 0.0010126400459638035
CentroidX: 0.3962
CentroidY: 0.1878
