Location: 20250501_171602.jpg_Mean-Medain.png
Component: component_1746113171749_61.png
centerX: 0.08945386064030132
centerY: 0.37796610169491524
width: 0.0211864406779661
height: 0.18305084745762712
Area: 0.0012065498419994254
CentroidX: 0.0972
CentroidY: 0.4861
