Location: easy64_Gaussian-Closing.png
Component: component_1744297381216_197.png
centerX: 0.7382103990326482
centerY: 0.2159042325780248
width: 0.009068923821039904
height: 0.010260795211628902
Area: 5.583262207053211e-05
CentroidX: 0.7418
CentroidY: 0.2218
