Location: 20250501_171602.jpg_Mean-Closing.png
Component: component_1746113171842_60.png
centerX: 0.961864406779661
centerY: 0.37796610169491524
width: 0.025894538606403013
height: 0.19830508474576272
Area: 0.0013701362954451147
CentroidX: 0.9724
CentroidY: 0.4989
