Location: 20250501_171602.jpg_Gaussian-Closing.png
Component: component_1746113171778_38.png
centerX: 0.4213747645951036
centerY: 0.3525423728813559
width: 0.02071563088512241
height: 0.20847457627118643
Area: 0.001143509208720355
CentroidX: 0.4284
CentroidY: 0.4719
