Location: easy26_Mean-Closing.png
Component: component_1744297382187_1073.png
centerX: 0.43951612903225806
centerY: 0.8160919540229885
width: 0.016129032258064516
height: 0.014846743295019157
Area: 8.149487084414781e-05
CentroidX: 0.4455
CentroidY: 0.8247
