Location: easy26_Mean-Closing.png
Component: component_1744297382139_832.png
centerX: 0.1814516129032258
centerY: 0.6590038314176245
width: 0.01532258064516129
height: 0.014367816091954023
Area: 7.956371276727228e-05
CentroidX: 0.1871
CentroidY: 0.6676
