Location: 20250501_171602.jpg_Mean-Closing.png
Component: component_1746113171832_11.png
centerX: 0.4952919020715631
centerY: 0.07288135593220339
width: 0.023069679849340868
height: 0.19830508474576272
Area: 0.0010206198729611543
CentroidX: 0.5032
CentroidY: 0.2001
