Location: easy26_Mean-Closing.png
Component: component_1744297381965_79.png
centerX: 0.15241935483870966
centerY: 0.07567049808429119
width: 0.01532258064516129
height: 0.014846743295019157
Area: 8.303979730564825e-05
CentroidX: 0.1582
CentroidY: 0.0846
