Location: easy64_Gaussian-Closing.png
Component: component_1744297381271_468.png
centerX: 0.3391777509068924
centerY: 0.34416417272338606
width: 0.009068923821039904
height: 0.00983326207781103
Area: 5.247232537184268e-05
CentroidX: 0.3425
CentroidY: 0.3495
