Location: easy21_Mean-Medain.png
Component: component_1744297380805_217.png
centerX: 0.16532258064516128
centerY: 0.17576628352490423
width: 0.01532258064516129
height: 0.01532567049808429
Area: 7.840501792114695e-05
CentroidX: 0.1708
CentroidY: 0.1852
