Location: easy43_Mean-Closing.png
Component: component_1744297380589_321.png
centerX: 0.4619105199516324
centerY: 0.2804617357845233
width: 0.017533252720677146
height: 0.00983326207781103
Area: 6.84983557809769e-05
CentroidX: 0.4719
CentroidY: 0.2864
