Location: easy26_Mean-Closing.png
Component: component_1744297382095_596.png
centerX: 0.6733870967741935
centerY: 0.4133141762452107
width: 0.016129032258064516
height: 0.014367816091954023
Area: 8.07224076133976e-05
CentroidX: 0.6795
CentroidY: 0.4217
