Location: 20250501_171602.jpg_Gaussian-Closing.png
Component: component_1746113171779_43.png
centerX: 0.8742937853107344
centerY: 0.3576271186440678
width: 0.022128060263653482
height: 0.2271186440677966
Area: 0.0012440550288869737
CentroidX: 0.8839
CentroidY: 0.4927
