Location: easy21_Mean-Medain.png
Component: component_1744297380953_883.png
centerX: 0.4153225806451613
centerY: 0.6772030651340997
width: 0.016935483870967744
height: 0.014846743295019157
Area: 8.303979730564825e-05
CentroidX: 0.4219
CentroidY: 0.6861
