Location: 20250501_171602.jpg_Mean-Medain.png
Component: component_1746113171740_15.png
centerX: 0.6026365348399246
centerY: 0.07966101694915254
width: 0.02448210922787194
height: 0.22033898305084745
Area: 0.0011850043091065786
CentroidX: 0.6119
CentroidY: 0.2174
