Location: 20250501_171602.jpg_Mean-Medain.png
Component: component_1746113171747_50.png
centerX: 0.1224105461393597
centerY: 0.3644067796610169
width: 0.02401129943502825
height: 0.21864406779661016
Area: 0.0013023077659676339
CentroidX: 0.1310
CentroidY: 0.4917
