Location: easy26_Mean-Closing.png
Component: component_1744297382101_624.png
centerX: 0.9298387096774193
centerY: 0.43438697318007663
width: 0.016935483870967744
height: 0.014846743295019157
Area: 0.00010196514645902856
CentroidX: 0.9364
CentroidY: 0.4431
