Location: easy26_Mean-Closing.png
Component: component_1744297382203_1150.png
centerX: 0.6290322580645161
centerY: 0.8611111111111112
width: 0.01532258064516129
height: 0.014846743295019157
Area: 8.651588184402423e-05
CentroidX: 0.6347
CentroidY: 0.8695
