Location: easy21_Mean-Medain.png
Component: component_1744297381144_1176.png
centerX: 0.9717741935483871
centerY: 0.8635057471264368
width: 0.01532258064516129
height: 0.01532567049808429
Area: 8.806080830552465e-05
CentroidX: 0.9777
CentroidY: 0.8726
