Location: 20250501_171602.jpg_Gaussian-Closing.png
Component: component_1746113171769_20.png
centerX: 0.4623352165725047
centerY: 0.0847457627118644
width: 0.02071563088512241
height: 0.18305084745762712
Area: 0.0009232659835934757
CentroidX: 0.4699
CentroidY: 0.1974
