Location: 20250501_171602.jpg_Mean-Closing.png
Component: component_1746113171831_4.png
centerX: 0.9218455743879472
centerY: 0.03559322033898305
width: 0.02401129943502825
height: 0.2559322033898305
Area: 0.0014619043059146478
CentroidX: 0.9312
CentroidY: 0.1885
