Location: 20250501_171602.jpg_Otsu.png
Component: component_1746113171802_12.png
centerX: 0.2796610169491525
centerY: 0.07966101694915254
width: 0.019303201506591337
height: 0.17627118644067796
Area: 0.0006471639694851416
CentroidX: 0.2865
CentroidY: 0.1846
