Location: easy21_Mean-Medain.png
Component: component_1744297381066_1050.png
centerX: 0.15483870967741936
centerY: 0.789272030651341
width: 0.016129032258064516
height: 0.014846743295019157
Area: 7.840501792114695e-05
CentroidX: 0.1607
CentroidY: 0.7980
