Location: easy26_Mean-Closing.png
Component: component_1744297382069_488.png
centerX: 0.65
centerY: 0.34626436781609193
width: 0.01532258064516129
height: 0.014846743295019157
Area: 7.994994438264739e-05
CentroidX: 0.6554
CentroidY: 0.3551
