Location: 20250501_171602.jpg_Otsu.png
Component: component_1746113171822_88.png
centerX: 0.9566854990583804
centerY: 0.7220338983050848
width: 0.027777777777777776
height: 0.2135593220338983
Area: 0.0009591752050815538
CentroidX: 0.9670
CentroidY: 0.8539
