Location: easy16_Gaussian-Median.png
Component: component_1744297381778_484.png
centerX: 0.8862903225806451
centerY: 0.3328544061302682
width: 0.016129032258064516
height: 0.014846743295019157
Area: 8.303979730564825e-05
CentroidX: 0.8920
CentroidY: 0.3413
