Location: 20250501_171602.jpg_Mean-Medain.png
Component: component_1746113171742_22.png
centerX: 0.4260828625235405
centerY: 0.09152542372881356
width: 0.01977401129943503
height: 0.1694915254237288
Area: 0.0008402757828210284
CentroidX: 0.4334
CentroidY: 0.1952
