Location: easy16_Gaussian-Median.png
Component: component_1744297381667_132.png
centerX: 0.15725806451612903
centerY: 0.09147509578544061
width: 0.01532258064516129
height: 0.014367816091954023
Area: 7.840501792114695e-05
CentroidX: 0.1630
CentroidY: 0.1000
