Location: easy21_Mean-Medain.png
Component: component_1744297380810_228.png
centerX: 0.4459677419354839
centerY: 0.17624521072796934
width: 0.016129032258064516
height: 0.01532567049808429
Area: 9.539920899765172e-05
CentroidX: 0.4518
CentroidY: 0.1852
