Location: 20250501_171602.jpg_Mean-Closing.png
Component: component_1746113171840_56.png
centerX: 0.4510357815442561
centerY: 0.3711864406779661
width: 0.017419962335216574
height: 0.21694915254237288
Area: 0.0011283475374253885
CentroidX: 0.4570
CentroidY: 0.4989
