Location: 20250501_171602.jpg_Mean-Medain.png
Component: component_1746113171744_31.png
centerX: 0.015536723163841809
centerY: 0.12542372881355932
width: 0.023069679849340868
height: 0.13050847457627118
Area: 0.0006567397618819624
CentroidX: 0.0246
CentroidY: 0.2118
