Location: 20250501_171602.jpg_Gaussian-Closing.png
Component: component_1746113171786_72.png
centerX: 0.6483050847457628
centerY: 0.6474576271186441
width: 0.027306967984934087
height: 0.2
Area: 0.0012424590634875037
CentroidX: 0.6584
CentroidY: 0.7658
