Location: 20250501_171602.jpg_Mean-Closing.png
Component: component_1746113171831_3.png
centerX: 0.9590395480225988
centerY: 0.01864406779661017
width: 0.01977401129943503
height: 0.2677966101694915
Area: 0.0016167129496632512
CentroidX: 0.9671
CentroidY: 0.1766
