Location: 20250501_171602.jpg_Mean-Medain.png
Component: component_1746113171745_36.png
centerX: 0.2862523540489642
centerY: 0.3474576271186441
width: 0.01647834274952919
height: 0.2271186440677966
Area: 0.0011937821188036644
CentroidX: 0.2925
CentroidY: 0.4806
