Location: 20250501_171602.jpg_Otsu.png
Component: component_1746113171820_80.png
centerX: 0.4369114877589454
centerY: 0.6745762711864407
width: 0.02024482109227872
height: 0.17288135593220338
Area: 0.0007963867343355997
CentroidX: 0.4438
CentroidY: 0.7772
