Location: 20250501_171602.jpg_Mean-Closing.png
Component: component_1746113171833_16.png
centerX: 0.2791902071563089
centerY: 0.08305084745762711
width: 0.02024482109227872
height: 0.17627118644067796
Area: 0.0008514475406173194
CentroidX: 0.2871
CentroidY: 0.1947
