Location: 20250501_171602.jpg_Otsu.png
Component: component_1746113171817_69.png
centerX: 0.1435969868173258
centerY: 0.6508474576271186
width: 0.023069679849340868
height: 0.19491525423728814
Area: 0.000835487886622618
CentroidX: 0.1513
CentroidY: 0.7690
