Location: 20250501_171602.jpg_Otsu.png
Component: component_1746113171810_37.png
centerX: 0.22693032015065914
centerY: 0.3576271186440678
width: 0.02024482109227872
height: 0.19491525423728814
Area: 0.0007828210284401034
CentroidX: 0.2339
CentroidY: 0.4745
