Location: 20250501_171602.jpg_Mean-Medain.png
Component: component_1746113171749_59.png
centerX: 0.7387005649717514
centerY: 0.3711864406779661
width: 0.026365348399246705
height: 0.2033898305084746
Area: 0.0011794184302084331
CentroidX: 0.7487
CentroidY: 0.4954
