Location: 20250501_171602.jpg_Gaussian-Closing.png
Component: component_1746113171782_52.png
centerX: 0.8074387947269304
centerY: 0.3644067796610169
width: 0.02495291902071563
height: 0.21016949152542372
Area: 0.0011706406205113473
CentroidX: 0.8174
CentroidY: 0.4884
