Location: easy21_Mean-Medain.png
Component: component_1744297380762_69.png
centerX: 0.8572580645161291
centerY: 0.06226053639846743
width: 0.016129032258064516
height: 0.014846743295019157
Area: 9.733036707452725e-05
CentroidX: 0.8633
CentroidY: 0.0709
