Location: easy21_Mean-Medain.png
Component: component_1744297380887_600.png
centerX: 0.6991935483870968
centerY: 0.49473180076628354
width: 0.016935483870967744
height: 0.014846743295019157
Area: 9.50129773822766e-05
CentroidX: 0.7053
CentroidY: 0.5035
