Location: easy26_Mean-Closing.png
Component: component_1744297381983_176.png
centerX: 0.9016129032258065
centerY: 0.14319923371647508
width: 0.016935483870967744
height: 0.014367816091954023
Area: 8.226733407489804e-05
CentroidX: 0.9081
CentroidY: 0.1518
