Location: easy26_Mean-Closing.png
Component: component_1744297382122_746.png
centerX: 0.5096774193548387
centerY: 0.6135057471264368
width: 0.01532258064516129
height: 0.014367816091954023
Area: 8.110863922877271e-05
CentroidX: 0.5154
CentroidY: 0.6220
