Location: easy26_Mean-Closing.png
Component: component_1744297382182_1049.png
centerX: 0.09919354838709678
centerY: 0.8156130268199234
width: 0.01532258064516129
height: 0.014846743295019157
Area: 7.840501792114695e-05
CentroidX: 0.1048
CentroidY: 0.8246
