Location: 20250501_171602.jpg_Mean-Closing.png
Component: component_1746113171832_12.png
centerX: 0.673728813559322
centerY: 0.0711864406779661
width: 0.02495291902071563
height: 0.20847457627118643
Area: 0.0012400651153882984
CentroidX: 0.6833
CentroidY: 0.1989
