Location: 20250501_171602.jpg_Gaussian-Closing.png
Component: component_1746113171778_39.png
centerX: 0.22645951035781545
centerY: 0.3559322033898305
width: 0.0211864406779661
height: 0.19830508474576272
Area: 0.00108605445433943
CentroidX: 0.2340
CentroidY: 0.4731
