Location: easy64_Gaussian-Closing.png
Component: component_1744297381469_1061.png
centerX: 0.6378476420798065
centerY: 0.6819153484395041
width: 0.009068923821039904
height: 0.00983326207781103
Area: 5.066293484177914e-05
CentroidX: 0.6414
CentroidY: 0.6873
