Location: 20250501_171602.jpg_Otsu.png
Component: component_1746113171806_28.png
centerX: 0.015536723163841809
centerY: 0.12542372881355932
width: 0.022128060263653482
height: 0.1271186440677966
Area: 0.0003638801110791918
CentroidX: 0.0234
CentroidY: 0.2048
