Location: 20250501_171602.jpg_Otsu.png
Component: component_1746113171817_66.png
centerX: 0.1765536723163842
centerY: 0.6474576271186441
width: 0.023540489642184557
height: 0.21694915254237288
Area: 0.0009025184334003639
CentroidX: 0.1841
CentroidY: 0.7723
