Location: 20250501_171602.jpg_Otsu.png
Component: component_1746113171801_11.png
centerX: 0.782015065913371
centerY: 0.07627118644067797
width: 0.02401129943502825
height: 0.22372881355932203
Area: 0.000880972900507517
CentroidX: 0.7901
CentroidY: 0.2149
