Location: 20250501_171602.jpg_Mean-Closing.png
Component: component_1746113171838_44.png
centerX: 0.8738229755178908
centerY: 0.3576271186440678
width: 0.022598870056497175
height: 0.2271186440677966
Area: 0.0012823581984742571
CentroidX: 0.8838
CentroidY: 0.4956
