Location: 20250501_171602.jpg_Otsu.png
Component: component_1746113171820_82.png
centerX: 0.8554613935969868
centerY: 0.6932203389830508
width: 0.02024482109227872
height: 0.21694915254237288
Area: 0.0008570334195154649
CentroidX: 0.8633
CentroidY: 0.8276
