Location: 20250501_171602.jpg_Otsu.png
Component: component_1746113171801_10.png
centerX: 0.3427495291902072
centerY: 0.07457627118644068
width: 0.02871939736346516
height: 0.21525423728813559
Area: 0.0009224680008937407
CentroidX: 0.3528
CentroidY: 0.2023
