Location: 20250501_171602.jpg_Mean-Closing.png
Component: component_1746113171846_83.png
centerX: 0.4364406779661017
centerY: 0.6728813559322034
width: 0.0211864406779661
height: 0.17796610169491525
Area: 0.0011371253471224743
CentroidX: 0.4441
CentroidY: 0.7781
