Location: 20250501_171602.jpg_Mean-Closing.png
Component: component_1746113171847_86.png
centerX: 0.8549905838041432
centerY: 0.6915254237288135
width: 0.02071563088512241
height: 0.22033898305084745
Area: 0.0011610648281145265
CentroidX: 0.8633
CentroidY: 0.8261
