Location: 20250501_171602.jpg_Otsu.png
Component: component_1746113171808_35.png
centerX: 0.596045197740113
centerY: 0.34915254237288135
width: 0.023069679849340868
height: 0.21016949152542372
Area: 0.0008945386064030132
CentroidX: 0.6043
CentroidY: 0.4737
