Location: 20250501_171602.jpg_Mean-Closing.png
Component: component_1746113171843_68.png
centerX: 0.1760828625235405
centerY: 0.6457627118644068
width: 0.02448210922787194
height: 0.22033898305084745
Area: 0.0012975198697692235
CentroidX: 0.1843
CentroidY: 0.7764
