Location: easy26_Mean-Closing.png
Component: component_1744297382196_1119.png
centerX: 0.5814516129032258
centerY: 0.860632183908046
width: 0.016129032258064516
height: 0.01532567049808429
Area: 8.458472376714869e-05
CentroidX: 0.5876
CentroidY: 0.8695
