Location: 20250501_171602.jpg_Mean-Medain.png
Component: component_1746113171744_35.png
centerX: 0.18879472693032015
centerY: 0.34576271186440677
width: 0.02071563088512241
height: 0.2033898305084746
Area: 0.0012440550288869737
CentroidX: 0.1956
CentroidY: 0.4671
