Location: easy21_Mean-Medain.png
Component: component_1744297381025_1004.png
centerX: 0.9532258064516129
centerY: 0.7471264367816092
width: 0.016129032258064516
height: 0.015804597701149427
Area: 9.539920899765172e-05
CentroidX: 0.9593
CentroidY: 0.7565
