Location: 20250501_171602.jpg_Otsu.png
Component: component_1746113171812_46.png
centerX: 0.5419020715630886
centerY: 0.3644067796610169
width: 0.019303201506591337
height: 0.17796610169491525
Area: 0.0007125985508634173
CentroidX: 0.5488
CentroidY: 0.4684
