Location: easy21_Mean-Medain.png
Component: component_1744297380776_122.png
centerX: 0.75
centerY: 0.10632183908045977
width: 0.016935483870967744
height: 0.014846743295019157
Area: 8.960573476702509e-05
CentroidX: 0.7563
CentroidY: 0.1149
