Location: 20250501_171602.jpg_Otsu.png
Component: component_1746113171818_73.png
centerX: 0.2749529190207156
centerY: 0.6576271186440678
width: 0.022128060263653482
height: 0.20508474576271185
Area: 0.0008905486929043379
CentroidX: 0.2829
CentroidY: 0.7810
