Location: 20250501_171602.jpg_Mean-Medain.png
Component: component_1746113171751_71.png
centerX: 0.1760828625235405
centerY: 0.6457627118644068
width: 0.02448210922787194
height: 0.22033898305084745
Area: 0.0012999138178684286
CentroidX: 0.1843
CentroidY: 0.7765
