Location: easy43_Mean-Closing.png
Component: component_1744297380683_1124.png
centerX: 0.654776299879081
centerY: 0.6554082941427961
width: 0.009068923821039904
height: 0.00983326207781103
Area: 4.962899739602854e-05
CentroidX: 0.6584
CentroidY: 0.6608
