Location: easy26_Mean-Closing.png
Component: component_1744297381958_48.png
centerX: 0.3056451612903226
centerY: 0.05316091954022988
width: 0.01532258064516129
height: 0.014846743295019157
Area: 8.226733407489804e-05
CentroidX: 0.3115
CentroidY: 0.0619
