Location: easy64_Gaussian-Closing.png
Component: component_1744297381400_872.png
centerX: 0.5096735187424426
centerY: 0.5934159897392048
width: 0.008464328899637243
height: 0.010260795211628902
Area: 5.117990356465443e-05
CentroidX: 0.5128
CentroidY: 0.5991
