Location: 20250501_171602.jpg_Gaussian-Closing.png
Component: component_1746113171786_74.png
centerX: 0.5748587570621468
centerY: 0.6508474576271186
width: 0.018361581920903956
height: 0.19491525423728814
Area: 0.0010724887484439337
CentroidX: 0.5819
CentroidY: 0.7684
