Location: 20250501_171602.jpg_Mean-Medain.png
Component: component_1746113171738_7.png
centerX: 0.8258003766478342
centerY: 0.06949152542372881
width: 0.02495291902071563
height: 0.19661016949152543
Area: 0.0010788726100418142
CentroidX: 0.8345
CentroidY: 0.1860
