Location: 20250501_171602.jpg_Otsu.png
Component: component_1746113171806_27.png
centerX: 0.05367231638418079
centerY: 0.12033898305084746
width: 0.02024482109227872
height: 0.1423728813559322
Area: 0.00042771872705799736
CentroidX: 0.0604
CentroidY: 0.2088
