Location: 20250501_171602.jpg_Otsu.png
Component: component_1746113171806_26.png
centerX: 0.08662900188323917
centerY: 0.10677966101694915
width: 0.026365348399246705
height: 0.17288135593220338
Area: 0.0006782852947748093
CentroidX: 0.0966
CentroidY: 0.2143
