Location: easy26_Mean-Closing.png
Component: component_1744297382191_1096.png
centerX: 0.5088709677419355
centerY: 0.8386015325670498
width: 0.016129032258064516
height: 0.014846743295019157
Area: 9.03781979977753e-05
CentroidX: 0.5152
CentroidY: 0.8472
