Location: easy26_Mean-Closing.png
Component: component_1744297382019_364.png
centerX: 0.6854838709677419
centerY: 0.2567049808429119
width: 0.016935483870967744
height: 0.01532567049808429
Area: 0.00010466876776665431
CentroidX: 0.6918
CentroidY: 0.2655
