Location: 20250501_171602.jpg_Gaussian-Closing.png
Component: component_1746113171770_24.png
centerX: 0.64030131826742
centerY: 0.09491525423728814
width: 0.022128060263653482
height: 0.18983050847457628
Area: 0.0009823167033738709
CentroidX: 0.6479
CentroidY: 0.2105
