Location: easy21_Mean-Medain.png
Component: component_1744297380902_675.png
centerX: 0.04516129032258064
centerY: 0.5416666666666666
width: 0.017741935483870968
height: 0.014846743295019157
Area: 8.612965022864911e-05
CentroidX: 0.0522
CentroidY: 0.5500
