Location: easy21_Mean-Medain.png
Component: component_1744297380849_410.png
centerX: 0.19112903225806452
centerY: 0.36159003831417624
width: 0.01532258064516129
height: 0.014846743295019157
Area: 8.497095538252379e-05
CentroidX: 0.1970
CentroidY: 0.3704
