Location: 20250501_171602.jpg_Gaussian-Closing.png
Component: component_1746113171777_36.png
centerX: 0.39030131826742
centerY: 0.34576271186440677
width: 0.021657250470809793
height: 0.22542372881355932
Area: 0.0011618628108142615
CentroidX: 0.3978
CentroidY: 0.4786
