Location: easy64_Gaussian-Closing.png
Component: component_1744297381304_610.png
centerX: 0.6342200725513906
centerY: 0.4117144078666097
width: 0.009673518742442563
height: 0.00983326207781103
Area: 4.9370513034590894e-05
CentroidX: 0.6380
CentroidY: 0.4173
