Location: easy64_Gaussian-Closing.png
Component: component_1744297381319_641.png
centerX: 0.40507859733978235
centerY: 0.4313809320222317
width: 0.009068923821039904
height: 0.010260795211628902
Area: 4.911202867315325e-05
CentroidX: 0.4086
CentroidY: 0.4371
