Location: easy26_Mean-Closing.png
Component: component_1744297382092_581.png
centerX: 0.21370967741935484
centerY: 0.39176245210727967
width: 0.014516129032258065
height: 0.014367816091954023
Area: 7.029415399826968e-05
CentroidX: 0.2191
CentroidY: 0.4001
