Location: 20250501_171602.jpg_Otsu.png
Component: component_1746113171815_57.png
centerX: 0.6633709981167608
centerY: 0.3813559322033898
width: 0.029661016949152543
height: 0.17627118644067796
Area: 0.0008953365891027483
CentroidX: 0.6749
CentroidY: 0.4878
