Location: easy21_Mean-Medain.png
Component: component_1744297380856_436.png
centerX: 0.14596774193548387
centerY: 0.38362068965517243
width: 0.01532258064516129
height: 0.01532567049808429
Area: 8.960573476702509e-05
CentroidX: 0.1515
CentroidY: 0.3926
