Location: 20250501_171602.jpg_Mean-Medain.png
Component: component_1746113171756_95.png
centerX: 0.9562146892655368
centerY: 0.7203389830508474
width: 0.02871939736346516
height: 0.21694915254237288
Area: 0.0014930256312043154
CentroidX: 0.9672
CentroidY: 0.8515
