Location: 20250501_171602.jpg_Mean-Closing.png
Component: component_1746113171843_62.png
centerX: 0.1591337099811676
centerY: 0.38305084745762713
width: 0.022128060263653482
height: 0.1694915254237288
Area: 0.001076478661942609
CentroidX: 0.1671
CentroidY: 0.4834
