Location: 20250501_171602.jpg_Otsu.png
Component: component_1746113171818_72.png
centerX: 0.5753295668549906
centerY: 0.6542372881355932
width: 0.017419962335216574
height: 0.18983050847457628
Area: 0.0007604775128475215
CentroidX: 0.5819
CentroidY: 0.7715
