Location: easy21_Mean-Medain.png
Component: component_1744297380836_350.png
centerX: 0.8241935483870968
centerY: 0.33477011494252873
width: 0.016129032258064516
height: 0.014846743295019157
Area: 9.076442961315042e-05
CentroidX: 0.8304
CentroidY: 0.3438
