Location: easy16_Gaussian-Median.png
Component: component_1744297381690_255.png
centerX: 0.6338709677419355
centerY: 0.17911877394636017
width: 0.016129032258064516
height: 0.014367816091954023
Area: 8.883327153627488e-05
CentroidX: 0.6396
CentroidY: 0.1874
