Location: 20250501_171602.jpg_Otsu.png
Component: component_1746113171807_32.png
centerX: 0.39030131826742
centerY: 0.3474576271186441
width: 0.0211864406779661
height: 0.22203389830508474
Area: 0.0009168821219955951
CentroidX: 0.3978
CentroidY: 0.4779
