Location: 20250501_171602.jpg_Gaussian-Closing.png
Component: component_1746113171777_35.png
centerX: 0.2862523540489642
centerY: 0.3474576271186441
width: 0.01647834274952919
height: 0.22542372881355932
Area: 0.0011626607935139965
CentroidX: 0.2925
CentroidY: 0.4779
