Location: 20250501_171602.jpg_Gaussian-Closing.png
Component: component_1746113171781_49.png
centerX: 0.2570621468926554
centerY: 0.3644067796610169
width: 0.01977401129943503
height: 0.20508474576271185
Area: 0.0011498930703182355
CentroidX: 0.2633
CentroidY: 0.4835
