Location: 20250501_171602.jpg_Mean-Medain.png
Component: component_1746113171743_29.png
centerX: 0.0856873822975518
centerY: 0.10847457627118644
width: 0.027777777777777776
height: 0.17457627118644067
Area: 0.0010692968176449936
CentroidX: 0.0976
CentroidY: 0.2247
