Location: 20250501_171602.jpg_Mean-Closing.png
Component: component_1746113171846_80.png
centerX: 0.60969868173258
centerY: 0.6576271186440678
width: 0.025423728813559324
height: 0.17966101694915254
Area: 0.0012081458073988957
CentroidX: 0.6197
CentroidY: 0.7678
