Location: easy64_Gaussian-Closing.png
Component: component_1744297381441_984.png
centerX: 0.7847642079806529
centerY: 0.6400171013253527
width: 0.009068923821039904
height: 0.00983326207781103
Area: 5.712504387772035e-05
CentroidX: 0.7882
CentroidY: 0.6456
