Location: 20250501_171602.jpg_Otsu.png
Component: component_1746113171802_13.png
centerX: 0.6031073446327684
centerY: 0.07796610169491526
width: 0.023540489642184557
height: 0.22033898305084745
Area: 0.0009200740527945355
CentroidX: 0.6113
CentroidY: 0.2115
