Location: 20250501_171602.jpg_Mean-Medain.png
Component: component_1746113171754_88.png
centerX: 0.795668549905838
centerY: 0.6932203389830508
width: 0.02024482109227872
height: 0.18983050847457628
Area: 0.0010381754923553257
CentroidX: 0.8044
CentroidY: 0.8120
