Location: 20250501_171602.jpg_Mean-Medain.png
Component: component_1746113171752_78.png
centerX: 0.5748587570621468
centerY: 0.652542372881356
width: 0.018832391713747645
height: 0.19491525423728814
Area: 0.0011299435028248588
CentroidX: 0.5819
CentroidY: 0.7711
