Location: easy26_Mean-Closing.png
Component: component_1744297382006_298.png
centerX: 0.7991935483870968
centerY: 0.21168582375478928
width: 0.016129032258064516
height: 0.014367816091954023
Area: 8.960573476702509e-05
CentroidX: 0.8052
CentroidY: 0.2204
