Location: 20250501_171602.jpg_Mean-Medain.png
Component: component_1746113171738_4.png
centerX: 0.8587570621468926
centerY: 0.04406779661016949
width: 0.01977401129943503
height: 0.23559322033898306
Area: 0.0012488429250853842
CentroidX: 0.8652
CentroidY: 0.1817
