Location: easy26_Mean-Closing.png
Component: component_1744297382148_883.png
centerX: 0.23387096774193547
centerY: 0.703544061302682
width: 0.01532258064516129
height: 0.014367816091954023
Area: 7.917748115189716e-05
CentroidX: 0.2395
CentroidY: 0.7121
