Location: 20250501_171602.jpg_Otsu.png
Component: component_1746113171819_75.png
centerX: 0.3625235404896422
centerY: 0.6576271186440678
width: 0.022598870056497175
height: 0.17966101694915254
Area: 0.000811548405630566
CentroidX: 0.3705
CentroidY: 0.7653
