Location: easy21_Mean-Medain.png
Component: component_1744297381075_1064.png
centerX: 0.575
centerY: 0.7916666666666666
width: 0.016935483870967744
height: 0.01532567049808429
Area: 8.960573476702509e-05
CentroidX: 0.5809
CentroidY: 0.8006
