Location: 20250501_171602.jpg_Gaussian-Closing.png
Component: component_1746113171788_84.png
centerX: 0.795668549905838
centerY: 0.6915254237288135
width: 0.02024482109227872
height: 0.19152542372881357
Area: 0.0009926904784704268
CentroidX: 0.8044
CentroidY: 0.8093
