Location: 20250501_171602.jpg_Mean-Closing.png
Component: component_1746113171835_29.png
centerX: 0.0856873822975518
centerY: 0.11016949152542373
width: 0.027777777777777776
height: 0.17288135593220338
Area: 0.0010645089214465831
CentroidX: 0.0975
CentroidY: 0.2244
