Location: easy26_Mean-Closing.png
Component: component_1744297382193_1102.png
centerX: 0.6758064516129032
centerY: 0.8381226053639846
width: 0.016129032258064516
height: 0.014846743295019157
Area: 9.192312445927574e-05
CentroidX: 0.6822
CentroidY: 0.8470
