Location: easy26_Mean-Closing.png
Component: component_1744297381981_160.png
centerX: 0.5516129032258065
centerY: 0.12260536398467432
width: 0.01532258064516129
height: 0.014846743295019157
Area: 8.458472376714869e-05
CentroidX: 0.5576
CentroidY: 0.1315
