Location: easy21_Mean-Medain.png
Component: component_1744297380889_611.png
centerX: 0.3225806451612903
centerY: 0.4966475095785441
width: 0.016129032258064516
height: 0.014846743295019157
Area: 8.844703992089976e-05
CentroidX: 0.3284
CentroidY: 0.5053
