Location: 20250501_171602.jpg_Mean-Medain.png
Component: component_1746113171755_90.png
centerX: 0.7306967984934086
centerY: 0.6966101694915254
width: 0.02401129943502825
height: 0.16440677966101694
Area: 0.000949599412684733
CentroidX: 0.7400
CentroidY: 0.7975
