Location: easy26_Mean-Closing.png
Component: component_1744297382209_1183.png
centerX: 0.4
centerY: 0.8840996168582376
width: 0.016129032258064516
height: 0.014846743295019157
Area: 8.497095538252379e-05
CentroidX: 0.4064
CentroidY: 0.8928
