Location: easy26_Mean-Closing.png
Component: component_1744297382190_1091.png
centerX: 0.317741935483871
centerY: 0.8386015325670498
width: 0.016129032258064516
height: 0.014846743295019157
Area: 8.381226053639846e-05
CentroidX: 0.3239
CentroidY: 0.8475
