Location: easy26_Mean-Closing.png
Component: component_1744297382021_379.png
centerX: 0.9161290322580645
centerY: 0.2777777777777778
width: 0.016129032258064516
height: 0.014846743295019157
Area: 9.153689284390063e-05
CentroidX: 0.9223
CentroidY: 0.2868
