Location: easy26_Mean-Closing.png
Component: component_1744297382216_1217.png
centerX: 0.5588709677419355
centerY: 0.9066091954022989
width: 0.016129032258064516
height: 0.014846743295019157
Area: 8.728834507477444e-05
CentroidX: 0.5653
CentroidY: 0.9153
