Location: 20250501_171602.jpg_Otsu.png
Component: component_1746113171808_33.png
centerX: 0.18926553672316385
centerY: 0.34915254237288135
width: 0.019303201506591337
height: 0.19830508474576272
Area: 0.0008362858693223531
CentroidX: 0.1955
CentroidY: 0.4669
