Location: easy26_Mean-Closing.png
Component: component_1744297382024_395.png
centerX: 0.7975806451612903
centerY: 0.2792145593869732
width: 0.016129032258064516
height: 0.014846743295019157
Area: 8.53571869978989e-05
CentroidX: 0.8039
CentroidY: 0.2879
