Location: 20250501_171602.jpg_Otsu.png
Component: component_1746113171803_15.png
centerX: 0.3102636534839925
centerY: 0.08135593220338982
width: 0.02024482109227872
height: 0.18305084745762712
Area: 0.0007405279453541447
CentroidX: 0.3172
CentroidY: 0.1908
