Location: easy16_Gaussian-Median.png
Component: component_1744297381802_598.png
centerX: 0.5798387096774194
centerY: 0.4027777777777778
width: 0.016129032258064516
height: 0.014367816091954023
Area: 8.03361759980225e-05
CentroidX: 0.5863
CentroidY: 0.4112
