Location: 20250501_171602.jpg_Mean-Closing.png
Component: component_1746113171841_59.png
centerX: 0.08945386064030132
centerY: 0.37796610169491524
width: 0.0211864406779661
height: 0.18135593220338983
Area: 0.0012057518592996903
CentroidX: 0.0972
CentroidY: 0.4861
