Location: easy21_Mean-Medain.png
Component: component_1744297380757_50.png
centerX: 0.29596774193548386
centerY: 0.0603448275862069
width: 0.01532258064516129
height: 0.015804597701149427
Area: 8.728834507477444e-05
CentroidX: 0.3013
CentroidY: 0.0697
