Location: 20250501_171602.jpg_Gaussian-Closing.png
Component: component_1746113171776_31.png
centerX: 0.015065913370998116
centerY: 0.12372881355932204
width: 0.023540489642184557
height: 0.13220338983050847
Area: 0.0007700533052443423
CentroidX: 0.0239
CentroidY: 0.2066
