Location: easy64_Gaussian-Closing.png
Component: component_1744297381263_425.png
centerX: 0.7212817412333736
centerY: 0.3227875160324925
width: 0.009068923821039904
height: 0.010260795211628902
Area: 5.2730809733280324e-05
CentroidX: 0.7246
CentroidY: 0.3284
