Location: 20250501_171602.jpg_Mean-Closing.png
Component: component_1746113171839_49.png
centerX: 0.1224105461393597
centerY: 0.3644067796610169
width: 0.02401129943502825
height: 0.21864406779661016
Area: 0.0012999138178684286
CentroidX: 0.1310
CentroidY: 0.4919
