Location: easy16_Gaussian-Median.png
Component: component_1744297381921_1251.png
centerX: 0.4846774193548387
centerY: 0.8682950191570882
width: 0.016129032258064516
height: 0.01532567049808429
Area: 8.806080830552465e-05
CentroidX: 0.4910
CentroidY: 0.8772
