Location: 20250501_171602.jpg_Otsu.png
Component: component_1746113171813_50.png
centerX: 0.807909604519774
centerY: 0.36610169491525424
width: 0.02401129943502825
height: 0.20677966101694914
Area: 0.0009057103641993042
CentroidX: 0.8172
CentroidY: 0.4910
