Location: 20250501_171602.jpg_Mean-Medain.png
Component: component_1746113171744_30.png
centerX: 0.0532015065913371
centerY: 0.12203389830508475
width: 0.021657250470809793
height: 0.1440677966101695
Area: 0.0007668613744454021
CentroidX: 0.0614
CentroidY: 0.2179
