Location: 20250501_171602.jpg_Gaussian-Closing.png
Component: component_1746113171782_53.png
centerX: 0.013653483992467044
centerY: 0.3694915254237288
width: 0.023540489642184557
height: 0.16440677966101694
Area: 0.0009120942257971847
CentroidX: 0.0220
CentroidY: 0.4686
