Location: easy16_Gaussian-Median.png
Component: component_1744297381911_1193.png
centerX: 0.3282258064516129
centerY: 0.8237547892720306
width: 0.01532258064516129
height: 0.014846743295019157
Area: 8.07224076133976e-05
CentroidX: 0.3344
CentroidY: 0.8325
