Location: easy21_Mean-Medain.png
Component: component_1744297380770_84.png
centerX: 0.8169354838709677
centerY: 0.08381226053639847
width: 0.016129032258064516
height: 0.01532567049808429
Area: 9.230935607465084e-05
CentroidX: 0.8230
CentroidY: 0.0929
