Location: easy26_Mean-Closing.png
Component: component_1744297382211_1194.png
centerX: 0.7411290322580645
centerY: 0.9056513409961686
width: 0.016129032258064516
height: 0.01532567049808429
Area: 9.192312445927574e-05
CentroidX: 0.7474
CentroidY: 0.9147
