Location: 20250501_171602.jpg_Gaussian-Closing.png
Component: component_1746113171774_27.png
centerX: 0.7151600753295668
centerY: 0.09830508474576272
width: 0.02401129943502825
height: 0.2033898305084746
Area: 0.001018225924861949
CentroidX: 0.7230
CentroidY: 0.2196
