Location: 20250501_171602.jpg_Mean-Closing.png
Component: component_1746113171845_77.png
centerX: 0.3620527306967985
centerY: 0.6542372881355932
width: 0.023540489642184557
height: 0.1864406779661017
Area: 0.0011155798142296275
CentroidX: 0.3710
CentroidY: 0.7683
