Location: easy64_Gaussian-Closing.png
Component: component_1744297381363_708.png
centerX: 0.2720677146311971
centerY: 0.47327917913638307
width: 0.009068923821039904
height: 0.00983326207781103
Area: 5.557413770909446e-05
CentroidX: 0.2758
CentroidY: 0.4788
