Location: 20250501_171602.jpg_Mean-Closing.png
Component: component_1746113171839_50.png
centerX: 0.2565913370998117
centerY: 0.3644067796610169
width: 0.02024482109227872
height: 0.20677966101694914
Area: 0.0012209135305946567
CentroidX: 0.2633
CentroidY: 0.4857
