Location: 20250501_171602.jpg_Mean-Medain.png
Component: component_1746113171745_38.png
centerX: 0.5955743879472694
centerY: 0.34915254237288135
width: 0.02401129943502825
height: 0.211864406779661
Area: 0.0012496409077851192
CentroidX: 0.6045
CentroidY: 0.4752
