Location: easy26_Mean-Closing.png
Component: component_1744297382011_322.png
centerX: 0.5782258064516129
centerY: 0.23419540229885058
width: 0.01532258064516129
height: 0.014846743295019157
Area: 8.342602892102336e-05
CentroidX: 0.5841
CentroidY: 0.2428
