Location: 20250501_171602.jpg_Otsu.png
Component: component_1746113171821_83.png
centerX: 0.7641242937853108
centerY: 0.6966101694915254
width: 0.02071563088512241
height: 0.19661016949152543
Area: 0.0008769829870088416
CentroidX: 0.7717
CentroidY: 0.8151
