Location: 20250501_171602.jpg_Otsu.png
Component: component_1746113171807_30.png
centerX: 0.626647834274953
centerY: 0.3288135593220339
width: 0.025894538606403013
height: 0.23728813559322035
Area: 0.0010206198729611543
CentroidX: 0.6367
CentroidY: 0.4698
