Location: 20250501_171602.jpg_Gaussian-Closing.png
Component: component_1746113171776_33.png
centerX: 0.839924670433145
centerY: 0.3389830508474576
width: 0.022598870056497175
height: 0.23898305084745763
Area: 0.0012847521465734623
CentroidX: 0.8493
CentroidY: 0.4785
