Location: easy26_Mean-Closing.png
Component: component_1744297381951_19.png
centerX: 0.9056451612903226
centerY: 0.03065134099616858
width: 0.016129032258064516
height: 0.014846743295019157
Area: 9.771659868990237e-05
CentroidX: 0.9116
CentroidY: 0.0394
