Location: 20250501_171602.jpg_Otsu.png
Component: component_1746113171813_49.png
centerX: 0.2570621468926554
centerY: 0.36610169491525424
width: 0.019303201506591337
height: 0.2016949152542373
Area: 0.0008953365891027483
CentroidX: 0.2631
CentroidY: 0.4852
