Location: easy64_Gaussian-Closing.png
Component: component_1744297381590_1310.png
centerX: 0.4951632406287787
centerY: 0.8546387345019238
width: 0.009068923821039904
height: 0.010260795211628902
Area: 5.583262207053211e-05
CentroidX: 0.4989
CentroidY: 0.8603
