Location: easy43_Mean-Closing.png
Component: component_1744297380645_783.png
centerX: 0.42623941958887546
centerY: 0.4993587002992732
width: 0.009068923821039904
height: 0.010260795211628902
Area: 5.557413770909446e-05
CentroidX: 0.4296
CentroidY: 0.5052
