Location: easy16_Gaussian-Median.png
Component: component_1744297381922_1255.png
centerX: 0.6475806451612903
centerY: 0.867816091954023
width: 0.01532258064516129
height: 0.014846743295019157
Area: 9.076442961315042e-05
CentroidX: 0.6532
CentroidY: 0.8765
