Location: easy21_Mean-Medain.png
Component: component_1744297380892_633.png
centerX: 0.9620967741935483
centerY: 0.5167624521072797
width: 0.016935483870967744
height: 0.01532567049808429
Area: 9.655790384377703e-05
CentroidX: 0.9688
CentroidY: 0.5258
