Location: easy64_Gaussian-Closing.png
Component: component_1744297381267_440.png
centerX: 0.4419588875453446
centerY: 0.32364258230012827
width: 0.008464328899637243
height: 0.00983326207781103
Area: 4.9370513034590894e-05
CentroidX: 0.4451
CentroidY: 0.3290
