Location: 20250501_171602.jpg_Mean-Medain.png
Component: component_1746113171747_48.png
centerX: 0.5645009416195856
centerY: 0.3593220338983051
width: 0.0211864406779661
height: 0.19661016949152543
Area: 0.0011682466724121422
CentroidX: 0.5733
CentroidY: 0.4770
