Location: 20250501_171602.jpg_Otsu.png
Component: component_1746113171812_44.png
centerX: 0.8742937853107344
centerY: 0.3593220338983051
width: 0.022128060263653482
height: 0.22542372881355932
Area: 0.0009224680008937407
CentroidX: 0.8837
CentroidY: 0.4984
