Location: easy26_Mean-Closing.png
Component: component_1744297382113_690.png
centerX: 0.37983870967741934
centerY: 0.4803639846743295
width: 0.01532258064516129
height: 0.014367816091954023
Area: 8.497095538252379e-05
CentroidX: 0.3856
CentroidY: 0.4889
