Location: 20250501_171602.jpg_Otsu.png
Component: component_1746113171817_65.png
centerX: 0.010357815442561206
centerY: 0.6491525423728813
width: 0.025894538606403013
height: 0.17288135593220338
Area: 0.0007453158415525552
CentroidX: 0.0199
CentroidY: 0.7530
