Location: easy26_Mean-Closing.png
Component: component_1744297382090_571.png
centerX: 0.7040322580645161
centerY: 0.39080459770114945
width: 0.016129032258064516
height: 0.014846743295019157
Area: 8.458472376714869e-05
CentroidX: 0.7100
CentroidY: 0.3996
