Location: easy26_Mean-Closing.png
Component: component_1744297382080_535.png
centerX: 0.3725806451612903
centerY: 0.3692528735632184
width: 0.01532258064516129
height: 0.014367816091954023
Area: 7.57013966135212e-05
CentroidX: 0.3784
CentroidY: 0.3777
