Location: 20250501_171602.jpg_Mean-Closing.png
Component: component_1746113171834_21.png
centerX: 0.5677966101694916
centerY: 0.08813559322033898
width: 0.0211864406779661
height: 0.22203389830508474
Area: 0.0011251556066264484
CentroidX: 0.5749
CentroidY: 0.2231
