Location: easy26_Mean-Closing.png
Component: component_1744297382121_740.png
centerX: 0.35161290322580646
centerY: 0.6135057471264368
width: 0.01532258064516129
height: 0.014367816091954023
Area: 8.07224076133976e-05
CentroidX: 0.3572
CentroidY: 0.6220
