Location: 20250501_171602.jpg_Mean-Closing.png
Component: component_1746113171837_42.png
centerX: 0.4806967984934087
centerY: 0.3559322033898305
width: 0.021657250470809793
height: 0.2016949152542373
Area: 0.0011427112260206198
CentroidX: 0.4898
CentroidY: 0.4774
