Location: easy43_Mean-Closing.png
Component: component_1744297380618_551.png
centerX: 0.5840386940749698
centerY: 0.38905515177426253
width: 0.009068923821039904
height: 0.00983326207781103
Area: 4.626870069733911e-05
CentroidX: 0.5872
CentroidY: 0.3946
