Location: 20250501_171602.jpg_Gaussian-Closing.png
Component: component_1746113171784_64.png
centerX: 0.6878531073446328
centerY: 0.6254237288135593
width: 0.01647834274952919
height: 0.18305084745762712
Area: 0.0009711449455775798
CentroidX: 0.6954
CentroidY: 0.7261
