Location: 20250501_171602.jpg_Mean-Closing.png
Component: component_1746113171837_41.png
centerX: 0.3564030131826742
centerY: 0.3576271186440678
width: 0.022598870056497175
height: 0.22203389830508474
Area: 0.0011714386032110823
CentroidX: 0.3644
CentroidY: 0.4895
