Location: 20250501_171602.jpg_Mean-Closing.png
Component: component_1746113171847_84.png
centerX: 0.2448210922787194
centerY: 0.6779661016949152
width: 0.02071563088512241
height: 0.19661016949152543
Area: 0.0011866002745060486
CentroidX: 0.2532
CentroidY: 0.7974
