Location: 20250501_171602.jpg_Otsu.png
Component: component_1746113171800_4.png
centerX: 0.8592278719397364
centerY: 0.04576271186440678
width: 0.018832391713747645
height: 0.23220338983050848
Area: 0.0008370838520220882
CentroidX: 0.8653
CentroidY: 0.1853
