Location: 20250501_171602.jpg_Mean-Closing.png
Component: component_1746113171844_70.png
centerX: 0.1431261770244821
centerY: 0.6491525423728813
width: 0.02448210922787194
height: 0.19830508474576272
Area: 0.0012536308212837946
CentroidX: 0.1515
CentroidY: 0.7703
