Location: 20250501_171602.jpg_Mean-Closing.png
Component: component_1746113171845_74.png
centerX: 0.11581920903954802
centerY: 0.652542372881356
width: 0.02401129943502825
height: 0.19322033898305085
Area: 0.0012488429250853842
CentroidX: 0.1243
CentroidY: 0.7682
