Location: easy43_Mean-Closing.png
Component: component_1744297380623_598.png
centerX: 0.5036275695284159
centerY: 0.4117144078666097
width: 0.009068923821039904
height: 0.00983326207781103
Area: 4.652718505877676e-05
CentroidX: 0.5073
CentroidY: 0.4173
