Location: 20250501_171602.jpg_Mean-Closing.png
Component: component_1746113171836_32.png
centerX: 0.015536723163841809
centerY: 0.1271186440677966
width: 0.023069679849340868
height: 0.1288135593220339
Area: 0.0006567397618819624
CentroidX: 0.0247
CentroidY: 0.2122
