Location: 20250501_171602.jpg_Otsu.png
Component: component_1746113171804_21.png
centerX: 0.5400188323917138
centerY: 0.09491525423728814
width: 0.018361581920903956
height: 0.17966101694915254
Area: 0.0006774873120750742
CentroidX: 0.5461
CentroidY: 0.2009
