Location: 20250501_171602.jpg_Otsu.png
Component: component_1746113171805_24.png
centerX: 0.7156308851224106
centerY: 0.1
width: 0.023540489642184557
height: 0.2
Area: 0.0007684573398448721
CentroidX: 0.7229
CentroidY: 0.2209
