Location: easy16_Gaussian-Median.png
Component: component_1744297381791_544.png
centerX: 0.3540322580645161
centerY: 0.35919540229885055
width: 0.01532258064516129
height: 0.014846743295019157
Area: 7.840501792114695e-05
CentroidX: 0.3595
CentroidY: 0.3679
