Location: 20250501_171602.jpg_Mean-Closing.png
Component: component_1746113171836_33.png
centerX: 0.6261770244821092
centerY: 0.3288135593220339
width: 0.026836158192090395
height: 0.24067796610169492
Area: 0.0014267930671263047
CentroidX: 0.6368
CentroidY: 0.4713
