Location: 20250501_171602.jpg_Mean-Medain.png
Component: component_1746113171739_14.png
centerX: 0.7815442561205274
centerY: 0.07457627118644068
width: 0.02495291902071563
height: 0.2271186440677966
Area: 0.0012145296689967762
CentroidX: 0.7903
CentroidY: 0.2144
