Location: easy16_Gaussian-Median.png
Component: component_1744297381869_964.png
centerX: 0.9241935483870968
centerY: 0.6872605363984674
width: 0.016129032258064516
height: 0.014367816091954023
Area: 8.07224076133976e-05
CentroidX: 0.9301
CentroidY: 0.6959
