Location: easy26_Mean-Closing.png
Component: component_1744297382017_357.png
centerX: 0.4693548387096774
centerY: 0.2567049808429119
width: 0.01532258064516129
height: 0.014846743295019157
Area: 7.801878630577185e-05
CentroidX: 0.4748
CentroidY: 0.2654
