Location: easy43_Mean-Closing.png
Component: component_1744297380573_201.png
centerX: 0.7303506650544136
centerY: 0.1735784523300556
width: 0.009068923821039904
height: 0.00983326207781103
Area: 5.221384101040503e-05
CentroidX: 0.7338
CentroidY: 0.1791
