Location: easy21_Mean-Medain.png
Component: component_1744297380844_385.png
centerX: 0.7830645161290323
centerY: 0.35727969348659006
width: 0.016129032258064516
height: 0.01532567049808429
Area: 9.50129773822766e-05
CentroidX: 0.7889
CentroidY: 0.3662
