Location: 20250501_171602.jpg_Mean-Medain.png
Component: component_1746113171751_69.png
centerX: 0.5032956685499058
centerY: 0.6389830508474577
width: 0.018361581920903956
height: 0.21016949152542372
Area: 0.0012193175651951866
CentroidX: 0.5101
CentroidY: 0.7674
