Location: easy64_Gaussian-Closing.png
Component: component_1744297381268_447.png
centerX: 0.6408706166868199
centerY: 0.3232150491663104
width: 0.009068923821039904
height: 0.010260795211628902
Area: 5.014596611890384e-05
CentroidX: 0.6445
CentroidY: 0.3288
