Location: 20250501_171602.jpg_Mean-Medain.png
Component: component_1746113171752_75.png
centerX: 0.20998116760828625
centerY: 0.6491525423728813
width: 0.02401129943502825
height: 0.22542372881355932
Area: 0.00131587347186313
CentroidX: 0.2184
CentroidY: 0.7815
