Location: 20250501_171602.jpg_Mean-Medain.png
Component: component_1746113171740_17.png
centerX: 0.3093220338983051
centerY: 0.08305084745762711
width: 0.021657250470809793
height: 0.18305084745762712
Area: 0.0009288518624916212
CentroidX: 0.3175
CentroidY: 0.1993
