Location: 20250501_171602.jpg_Mean-Medain.png
Component: component_1746113171754_85.png
centerX: 0.047080979284369114
centerY: 0.6644067796610169
width: 0.022598870056497175
height: 0.17457627118644067
Area: 0.0010940342813367807
CentroidX: 0.0548
CentroidY: 0.7715
