Location: 20250501_171602.jpg_Gaussian-Closing.png
Component: component_1746113171780_45.png
centerX: 0.5070621468926554
centerY: 0.3593220338983051
width: 0.018832391713747645
height: 0.19661016949152543
Area: 0.0010278017172587698
CentroidX: 0.5139
CentroidY: 0.4727
