Location: easy26_Mean-Closing.png
Component: component_1744297382201_1141.png
centerX: 0.3879032258064516
centerY: 0.8611111111111112
width: 0.01532258064516129
height: 0.01532567049808429
Area: 8.381226053639846e-05
CentroidX: 0.3936
CentroidY: 0.8702
