Location: easy43_Mean-Closing.png
Component: component_1744297380679_1077.png
centerX: 0.7484885126964933
centerY: 0.6327490380504489
width: 0.017533252720677146
height: 0.01881145788798632
Area: 0.00016568847568153278
CentroidX: 0.7565
CentroidY: 0.6444
