Location: easy21_Mean-Medain.png
Component: component_1744297381122_1105.png
centerX: 0.7467741935483871
centerY: 0.8160919540229885
width: 0.016935483870967744
height: 0.01532567049808429
Area: 9.655790384377703e-05
CentroidX: 0.7530
CentroidY: 0.8249
