Location: easy21_Mean-Medain.png
Component: component_1744297380840_364.png
centerX: 0.5758064516129032
centerY: 0.33620689655172414
width: 0.016129032258064516
height: 0.01532567049808429
Area: 9.269558769002595e-05
CentroidX: 0.5820
CentroidY: 0.3452
