Location: easy26_Mean-Closing.png
Component: component_1744297382215_1214.png
centerX: 0.4975806451612903
centerY: 0.9066091954022989
width: 0.016129032258064516
height: 0.01532567049808429
Area: 8.960573476702509e-05
CentroidX: 0.5037
CentroidY: 0.9155
