Location: easy21_Mean-Medain.png
Component: component_1744297380790_169.png
centerX: 0.510483870967742
centerY: 0.1307471264367816
width: 0.016129032258064516
height: 0.014846743295019157
Area: 8.381226053639846e-05
CentroidX: 0.5163
CentroidY: 0.1397
