Location: easy21_Mean-Medain.png
Component: component_1744297380771_90.png
centerX: 0.45483870967741935
centerY: 0.08477011494252873
width: 0.01532258064516129
height: 0.01532567049808429
Area: 8.458472376714869e-05
CentroidX: 0.4603
CentroidY: 0.0936
