Location: 20250501_171602.jpg_Otsu.png
Component: component_1746113171821_84.png
centerX: 0.7961393596986818
centerY: 0.6949152542372882
width: 0.01977401129943503
height: 0.1864406779661017
Area: 0.0007732452360432826
CentroidX: 0.8043
CentroidY: 0.8135
