Location: 20250501_171602.jpg_Mean-Medain.png
Component: component_1746113171753_80.png
centerX: 0.3620527306967985
centerY: 0.6542372881355932
width: 0.023540489642184557
height: 0.1864406779661017
Area: 0.001109195952631747
CentroidX: 0.3709
CentroidY: 0.7681
