Location: 20250501_171602.jpg_Gaussian-Closing.png
Component: component_1746113171787_79.png
centerX: 0.3940677966101695
centerY: 0.6593220338983051
width: 0.025423728813559324
height: 0.18305084745762712
Area: 0.0010509432155510869
CentroidX: 0.4024
CentroidY: 0.7696
