Location: 20250501_171602.jpg_Mean-Closing.png
Component: component_1746113171844_73.png
centerX: 0.010357815442561206
centerY: 0.6508474576271186
width: 0.025894538606403013
height: 0.1711864406779661
Area: 0.0007509017204507006
CentroidX: 0.0212
CentroidY: 0.7547
