Location: 20250501_171602.jpg_Otsu.png
Component: component_1746113171816_63.png
centerX: 0.5042372881355932
centerY: 0.6406779661016949
width: 0.01694915254237288
height: 0.20508474576271185
Area: 0.0008035685786332152
CentroidX: 0.5101
CentroidY: 0.7670
