Location: easy16_Gaussian-Median.png
Component: component_1744297381894_1109.png
centerX: 0.9088709677419354
centerY: 0.7772988505747126
width: 0.016935483870967744
height: 0.014846743295019157
Area: 8.612965022864911e-05
CentroidX: 0.9154
CentroidY: 0.7861
