Location: 20250501_171602.jpg_Gaussian-Closing.png
Component: component_1746113171768_17.png
centerX: 0.3097928436911488
centerY: 0.08305084745762711
width: 0.0211864406779661
height: 0.18305084745762712
Area: 0.0009695489801781098
CentroidX: 0.3174
CentroidY: 0.1945
