Location: easy26_Mean-Closing.png
Component: component_1744297382098_607.png
centerX: 0.1935483870967742
centerY: 0.414272030651341
width: 0.01532258064516129
height: 0.014367816091954023
Area: 7.415647015202076e-05
CentroidX: 0.1991
CentroidY: 0.4226
