Location: easy21_Mean-Medain.png
Component: component_1744297380966_928.png
centerX: 0.7322580645161291
centerY: 0.7001915708812261
width: 0.016935483870967744
height: 0.01532567049808429
Area: 9.462674576690149e-05
CentroidX: 0.7385
CentroidY: 0.7091
