Location: 20250501_171602.jpg_Gaussian-Closing.png
Component: component_1746113171781_48.png
centerX: 0.1228813559322034
centerY: 0.3644067796610169
width: 0.023069679849340868
height: 0.21864406779661016
Area: 0.0012408630980880334
CentroidX: 0.1309
CentroidY: 0.4899
