Location: easy26_Mean-Closing.png
Component: component_1744297382174_1010.png
centerX: 0.04838709677419355
centerY: 0.7926245210727969
width: 0.01532258064516129
height: 0.014846743295019157
Area: 7.879124953652206e-05
CentroidX: 0.0541
CentroidY: 0.8013
