Location: easy26_Mean-Closing.png
Component: component_1744297382114_696.png
centerX: 0.5193548387096775
centerY: 0.47988505747126436
width: 0.01532258064516129
height: 0.014846743295019157
Area: 8.99919663824002e-05
CentroidX: 0.5250
CentroidY: 0.4887
