Location: easy16_Gaussian-Median.png
Component: component_1744297381925_1268.png
centerX: 0.36129032258064514
centerY: 0.8687739463601533
width: 0.016129032258064516
height: 0.01532567049808429
Area: 8.381226053639846e-05
CentroidX: 0.3676
CentroidY: 0.8777
