Location: 20250501_171602.jpg_Gaussian-Closing.png
Component: component_1746113171790_90.png
centerX: 0.9562146892655368
centerY: 0.7203389830508474
width: 0.02871939736346516
height: 0.21525423728813559
Area: 0.0013900858629384914
CentroidX: 0.9668
CentroidY: 0.8502
