Location: easy26_Mean-Closing.png
Component: component_1744297382145_867.png
centerX: 0.4798387096774194
centerY: 0.6810344827586207
width: 0.01532258064516129
height: 0.014367816091954023
Area: 7.60876282288963e-05
CentroidX: 0.4854
CentroidY: 0.6895
