Location: easy16_Gaussian-Median.png
Component: component_1744297381850_853.png
centerX: 0.8032258064516129
centerY: 0.6197318007662835
width: 0.016129032258064516
height: 0.01532567049808429
Area: 9.424051415152639e-05
CentroidX: 0.8092
CentroidY: 0.6288
