Location: easy43_Mean-Closing.png
Component: component_1744297380682_1114.png
centerX: 0.4558645707376058
centerY: 0.6554082941427961
width: 0.009068923821039904
height: 0.010688328345446772
Area: 5.5315653347656814e-05
CentroidX: 0.4593
CentroidY: 0.6613
