Location: easy21_Mean-Medain.png
Component: component_1744297381134_1141.png
centerX: 0.8596774193548387
centerY: 0.8400383141762452
width: 0.016935483870967744
height: 0.01532567049808429
Area: 0.00010003398838215301
CentroidX: 0.8660
CentroidY: 0.8490
