Location: 20250501_171602.jpg_Gaussian-Closing.png
Component: component_1746113171767_12.png
centerX: 0.4952919020715631
centerY: 0.07288135593220339
width: 0.022598870056497175
height: 0.19830508474576272
Area: 0.001042165405854001
CentroidX: 0.5031
CentroidY: 0.1955
