Location: easy43_Mean-Closing.png
Component: component_1744297380583_296.png
centerX: 0.7515114873035067
centerY: 0.2783240701154339
width: 0.009673518742442563
height: 0.010688328345446772
Area: 5.84174656849086e-05
CentroidX: 0.7554
CentroidY: 0.2841
