Location: 20250501_171602.jpg_Mean-Medain.png
Component: component_1746113171742_23.png
centerX: 0.53954802259887
centerY: 0.09491525423728814
width: 0.01977401129943503
height: 0.18135593220338983
Area: 0.000881770883207252
CentroidX: 0.5466
CentroidY: 0.2075
