Location: 20250501_171602.jpg_Mean-Medain.png
Component: component_1746113171739_8.png
centerX: 0.8865348399246704
centerY: 0.06949152542372881
width: 0.021657250470809793
height: 0.22033898305084745
Area: 0.0012895400427718727
CentroidX: 0.8949
CentroidY: 0.2026
