Location: 20250501_171602.jpg_Otsu.png
Component: component_1746113171819_76.png
centerX: 0.5428436911487758
centerY: 0.6576271186440678
width: 0.021657250470809793
height: 0.19322033898305085
Area: 0.0007868109419387788
CentroidX: 0.5505
CentroidY: 0.7773
