Location: 20250501_171602.jpg_Otsu.png
Component: component_1746113171820_78.png
centerX: 0.3940677966101695
centerY: 0.6627118644067796
width: 0.02495291902071563
height: 0.17627118644067796
Area: 0.0007979826997350697
CentroidX: 0.4020
CentroidY: 0.7684
