Location: 20250501_171602.jpg_Mean-Medain.png
Component: component_1746113171755_91.png
centerX: 0.763653483992467
centerY: 0.6949152542372882
width: 0.021657250470809793
height: 0.2
Area: 0.001167448689712407
CentroidX: 0.7717
CentroidY: 0.8147
