Location: 20250501_171602.jpg_Mean-Closing.png
Component: component_1746113171838_45.png
centerX: 0.928436911487759
centerY: 0.3559322033898305
width: 0.025423728813559324
height: 0.24915254237288137
Area: 0.0014890357177056402
CentroidX: 0.9404
CentroidY: 0.5056
