Location: 20250501_171602.jpg_Gaussian-Closing.png
Component: component_1746113171779_42.png
centerX: 0.7763653483992468
centerY: 0.3576271186440678
width: 0.019303201506591337
height: 0.20508474576271185
Area: 0.001121963675827508
CentroidX: 0.7846
CentroidY: 0.4797
