Location: 20250501_171602.jpg_Otsu.png
Component: component_1746113171799_3.png
centerX: 0.922316384180791
centerY: 0.03728813559322034
width: 0.023069679849340868
height: 0.25254237288135595
Area: 0.0008921446583038079
CentroidX: 0.9310
CentroidY: 0.1942
