Location: easy26_Mean-Closing.png
Component: component_1744297382124_754.png
centerX: 0.7782258064516129
centerY: 0.6130268199233716
width: 0.01532258064516129
height: 0.014846743295019157
Area: 8.844703992089976e-05
CentroidX: 0.7839
CentroidY: 0.6217
