Location: easy16_Gaussian-Median.png
Component: component_1744297381880_1027.png
centerX: 0.6419354838709678
centerY: 0.7318007662835249
width: 0.016129032258064516
height: 0.01532567049808429
Area: 9.346805092077617e-05
CentroidX: 0.6480
CentroidY: 0.7406
