Location: easy64_Gaussian-Closing.png
Component: component_1744297381219_205.png
centerX: 0.6614268440145102
centerY: 0.21675929884566053
width: 0.009068923821039904
height: 0.00983326207781103
Area: 5.0404450480341486e-05
CentroidX: 0.6650
CentroidY: 0.2223
