Location: 20250501_171602.jpg_Gaussian-Closing.png
Component: component_1746113171765_3.png
centerX: 0.9590395480225988
centerY: 0.01864406779661017
width: 0.019303201506591337
height: 0.2677966101694915
Area: 0.0015018034409014012
CentroidX: 0.9671
CentroidY: 0.1749
