Location: easy21_Mean-Medain.png
Component: component_1744297380895_647.png
centerX: 0.04435483870967742
centerY: 0.5196360153256705
width: 0.018548387096774192
height: 0.014846743295019157
Area: 8.99919663824002e-05
CentroidX: 0.0526
CentroidY: 0.5276
