Location: 20250501_171602.jpg_Gaussian-Closing.png
Component: component_1746113171782_55.png
centerX: 0.3173258003766478
centerY: 0.3711864406779661
width: 0.022128060263653482
height: 0.19830508474576272
Area: 0.0011514890357177056
CentroidX: 0.3258
CentroidY: 0.4871
