Location: easy21_Mean-Medain.png
Component: component_1744297380854_430.png
centerX: 0.38548387096774195
centerY: 0.38266283524904215
width: 0.01532258064516129
height: 0.01532567049808429
Area: 8.419849215177358e-05
CentroidX: 0.3909
CentroidY: 0.3917
