Location: easy43_Mean-Closing.png
Component: component_1744297380666_961.png
centerX: 0.8524788391777509
centerY: 0.5874305258657546
width: 0.010882708585247884
height: 0.010260795211628902
Area: 5.7383528239158005e-05
CentroidX: 0.8566
CentroidY: 0.5932
