Location: 20250501_171602.jpg_Mean-Medain.png
Component: component_1746113171751_70.png
centerX: 0.07532956685499058
centerY: 0.6423728813559322
width: 0.02919020715630885
height: 0.18983050847457628
Area: 0.0013573685722493537
CentroidX: 0.0861
CentroidY: 0.7611
