Location: easy21_Mean-Medain.png
Component: component_1744297380920_744.png
centerX: 0.9475806451612904
centerY: 0.5852490421455939
width: 0.016129032258064516
height: 0.015804597701149427
Area: 9.617167222840193e-05
CentroidX: 0.9541
CentroidY: 0.5945
