Location: 20250501_171602.jpg_Mean-Closing.png
Component: component_1746113171848_89.png
centerX: 0.9194915254237288
centerY: 0.7
width: 0.025423728813559324
height: 0.1847457627118644
Area: 0.0014810558907082895
CentroidX: 0.9289
CentroidY: 0.8056
