Location: easy43_Mean-Closing.png
Component: component_1744297380706_1311.png
centerX: 0.526602176541717
centerY: 0.741769987174006
width: 0.009068923821039904
height: 0.00983326207781103
Area: 4.9887481757466194e-05
CentroidX: 0.5304
CentroidY: 0.7473
