Location: 20250501_171602.jpg_Mean-Medain.png
Component: component_1746113171748_54.png
centerX: 0.8074387947269304
centerY: 0.3644067796610169
width: 0.02495291902071563
height: 0.21016949152542372
Area: 0.0012121357208975708
CentroidX: 0.8175
CentroidY: 0.4905
