Location: Dedata_30.png_Gaussian-Closing.png
Component: component_1755503806743_242.png
centerX: 0.6241935483870967
centerY: 0.6984895981761186
width: 0.034274193548387094
height: 0.02536335138216016
Area: 0.0003740381875178113
CentroidX: 0.6380
CentroidY: 0.7104
