Location: Kurtxevani_1794_page_10.png_Mean-Medain.png
Component: component_1755610055065_2243.png
centerX: 0.6177673874926943
centerY: 0.7073600705156456
width: 0.022209234365867914
height: 0.015866020273248127
Area: 0.00015892808800237182
CentroidX: 0.6289
CentroidY: 0.7134
