Location: internet_4.png_Mean-Closing.png
Component: component_1755094383902_173.png
centerX: 0.7819427650141072
centerY: 0.3210721414314229
width: 0.04675534058847239
height: 0.025377815796977475
Area: 0.0004791476527569034
CentroidX: 0.8052
CentroidY: 0.3322
