Location: internet_4.png_Gaussian-Closing.png
Component: component_1755094384178_219.png
centerX: 0.42200725513905685
centerY: 0.4151696606786427
width: 0.053204353083434096
height: 0.02879954376960365
Area: 0.0005889068296297369
CentroidX: 0.4478
CentroidY: 0.4286
