Location: internet_4.png_Mean-Medain.png
Component: component_1755094383643_168.png
centerX: 0.6013704151551794
centerY: 0.29911605360707155
width: 0.04393389762192664
height: 0.02623324779013402
Area: 0.00045742567953285573
CentroidX: 0.6222
CentroidY: 0.3115
