Location: Kurtxevani_1794_page_10.png_Mean-Medain.png
Component: component_1755610055051_2131.png
centerX: 0.5388661601402689
centerY: 0.6698986337593653
width: 0.022793687901811806
height: 0.01630674305861613
Area: 0.00018056497518583896
CentroidX: 0.5503
CentroidY: 0.6763
