Location: internet_4.png_Gaussian-Closing.png
Component: component_1755094384194_307.png
centerX: 0.04070939137444579
centerY: 0.908183632734531
width: 0.04836759371221282
height: 0.023666951810664385
Area: 0.0004338648091046559
CentroidX: 0.0647
CentroidY: 0.9192
