Location: Dedata_30.png_Otsu.png
Component: component_1755503806504_16.png
centerX: 0.917741935483871
centerY: 0.013394129381590196
width: 0.046370967741935484
height: 0.023938444001139925
Area: 0.00039782494783000395
CentroidX: 0.9392
CentroidY: 0.0238
