Location: Dedata_30.png_Mean-Medain.png
Component: component_1755503806252_198.png
centerX: 0.7830645161290323
centerY: 0.5665431746936449
width: 0.039112903225806454
height: 0.027358221715588486
Area: 0.0003805881649950818
CentroidX: 0.8010
CentroidY: 0.5786
