Location: internet_4.png_Mean-Medain.png
Component: component_1755094383664_258.png
centerX: 0.22087867795243854
centerY: 0.5098374679213002
width: 0.04836759371221282
height: 0.02480752780153978
Area: 0.0005239707721081129
CentroidX: 0.2455
CentroidY: 0.5212
