Location: Dedata_30.png_Mean-Medain.png
Component: component_1755503806215_12.png
centerX: 0.7939516129032258
centerY: 0.011114277571957822
width: 0.03508064516129032
height: 0.02536335138216016
Area: 0.0003215234558140818
CentroidX: 0.8087
CentroidY: 0.0208
