Location: Dedata_30.png_Mean-Medain.png
Component: component_1755503806262_240.png
centerX: 0.7600806451612904
centerY: 0.6970646907950984
width: 0.034274193548387094
height: 0.027643203191792535
Area: 0.0004018468638248191
CentroidX: 0.7738
CentroidY: 0.7100
