Location: Dedata_30.png_Gaussian-Closing.png
Component: component_1755503806700_48.png
centerX: 0.6306451612903226
centerY: 0.09660872043317184
width: 0.03790322580645161
height: 0.02365346252493588
Area: 0.0003258901074655954
CentroidX: 0.6492
CentroidY: 0.1053
