Location: internet_4.png_Otsu.png
Component: component_1755094384357_348.png
centerX: 0.9488109633212415
centerY: 0.4630738522954092
width: 0.03385731559854897
height: 0.029940119760479042
Area: 0.0004012243837309546
CentroidX: 0.9657
CentroidY: 0.4767
