Location: Kurtxevani_1794_page_10.png_Mean-Medain.png
Component: component_1755610054606_540.png
centerX: 0.29807130333138515
centerY: 0.10577346848832085
width: 0.017533606078316773
height: 0.011899515204936095
Area: 0.00011694222358683437
CentroidX: 0.3064
CentroidY: 0.1102
