Location: Dedata_30.png_Mean-Medain.png
Component: component_1755503806226_69.png
centerX: 0.9528225806451613
centerY: 0.14847534910230836
width: 0.037096774193548385
height: 0.020518666286691366
Area: 0.0003599040255931752
CentroidX: 0.9711
CentroidY: 0.1574
