Location: internet_4.png_Mean-Medain.png
Component: component_1755094383653_208.png
centerX: 0.28174123337363965
centerY: 0.392072996863416
width: 0.05199516324062878
height: 0.022241231822070145
Area: 0.0005104089052274906
CentroidX: 0.3076
CentroidY: 0.4026
