Location: Dedata_30.png_Gaussian-Closing.png
Component: component_1755503806723_159.png
centerX: 0.01935483870967742
centerY: 0.41835280706754063
width: 0.039112903225806454
height: 0.02707324023938444
Area: 0.00033129096608720436
CentroidX: 0.0364
CentroidY: 0.4296
