Location: Dedata_30.png_Gaussian-Median.png
Component: component_1755503806882_265.png
centerX: 0.7620967741935484
centerY: 0.750356226845255
width: 0.039919354838709675
height: 0.02963807352522086
Area: 0.00047791853206960905
CentroidX: 0.7782
CentroidY: 0.7639
