Location: internet_4.png_Gaussian-Closing.png
Component: component_1755094384190_282.png
centerX: 0.5227730753728336
centerY: 0.5742800114057599
width: 0.037081821846029824
height: 0.025377815796977475
Area: 0.00044225477759860025
CentroidX: 0.5417
CentroidY: 0.5854
