Location: internet_4.png_Otsu.png
Component: component_1755094384321_82.png
centerX: 0.031035872632003223
centerY: 0.11035072711719418
width: 0.04312777106005643
height: 0.02765896777872826
Area: 0.0004149011816868365
CentroidX: 0.0531
CentroidY: 0.1228
