Location: Dedata_30.png_Mean-Medain.png
Component: component_1755503806236_122.png
centerX: 0.3209677419354839
centerY: 0.3166144200626959
width: 0.044758064516129036
height: 0.028498147620404674
Area: 0.0003888618207558444
CentroidX: 0.3418
CentroidY: 0.3275
