Location: Kurtxevani_1794_page_10.png_Mean-Medain.png
Component: component_1755610055126_2866.png
centerX: 0.8971361776738749
centerY: 0.8959894226531512
width: 0.02396259497369959
height: 0.01762891141472014
Area: 0.00021585370785411276
CentroidX: 0.9092
CentroidY: 0.9034
