Location: Dedata_30.png_Gaussian-Closing.png
Component: component_1755503806695_23.png
centerX: 0.6383064516129032
centerY: 0.051581647192932456
width: 0.034274193548387094
height: 0.0219435736677116
Area: 0.00031934012998832494
CentroidX: 0.6547
CentroidY: 0.0621
