Location: internet_4.png_Mean-Medain.png
Component: component_1755094383662_249.png
centerX: 0.09270455461507457
centerY: 0.4870259481037924
width: 0.041112454655380895
height: 0.028514399771884802
Area: 0.0004814462742620936
CentroidX: 0.1126
CentroidY: 0.5001
