Location: Kurtxevani_1764_page_10.png_Otsu.png
Component: component_1755610055953_1425.png
centerX: 0.5029126213592233
centerY: 0.5710944808231992
width: 0.018770226537216828
height: 0.012628624883068288
Area: 0.0001401666863444952
CentroidX: 0.5126
CentroidY: 0.5761
