Location: internet_4.png_Gaussian-Closing.png
Component: component_1755094384143_47.png
centerX: 0.14349052801289802
centerY: 0.017393783860849728
width: 0.04433696090286175
height: 0.02737382378100941
Area: 0.00048753762125084777
CentroidX: 0.1669
CentroidY: 0.0289
