Location: Dedata_30.png_Gaussian-Median.png
Component: component_1755503806842_136.png
centerX: 0.024596774193548387
centerY: 0.322884012539185
width: 0.037096774193548385
height: 0.028783129096608722
Area: 0.0003615127919911012
CentroidX: 0.0411
CentroidY: 0.3353
