Location: Dedata_30.png_Gaussian-Median.png
Component: component_1755503806873_232.png
centerX: 0.09435483870967742
centerY: 0.6531775434596752
width: 0.03508064516129032
height: 0.028498147620404674
Area: 0.00035909964239421214
CentroidX: 0.1086
CentroidY: 0.6668
