Location: Dedata_30.png_Mean-Medain.png
Component: component_1755503806243_155.png
centerX: 0.37379032258064515
centerY: 0.41379310344827586
width: 0.04233870967741935
height: 0.02821316614420063
Area: 0.00040242142325264986
CentroidX: 0.3951
CentroidY: 0.4243
