Location: internet_4.png_Mean-Closing.png
Component: component_1755094383788_133.png
centerX: 0.5255945183393793
centerY: 0.23125178214998574
width: 0.04675534058847239
height: 0.03022526375819789
Area: 0.0005110984916790476
CentroidX: 0.5497
CentroidY: 0.2447
