Location: Dedata_30.png_Gaussian-Closing.png
Component: component_1755503806740_224.png
centerX: 0.034274193548387094
centerY: 0.6548874323168994
width: 0.039112903225806454
height: 0.027358221715588486
Area: 0.00037254433300545144
CentroidX: 0.0497
CentroidY: 0.6671
