Location: Dedata_23.png_Otsu.png
Component: component_1755510040513_173.png
centerX: 0.049193548387096775
centerY: 0.2647477913935594
width: 0.020161290322580645
height: 0.027643203191792535
Area: 0.00021902205388907786
CentroidX: 0.0597
CentroidY: 0.2781
