Location: internet_29.png_Gaussian-Closing.png
Component: component_1755079129292_310.png
centerX: 0.8557033454252317
centerY: 0.6375819788993442
width: 0.032648125755743655
height: 0.029369831765041345
Area: 0.00033111642782265264
CentroidX: 0.8723
CentroidY: 0.6522
