Location: Dedata_23.png_Gaussian-Median.png
Component: component_1755510040248_23.png
centerX: 0.19314516129032258
centerY: 0.010829296095753777
width: 0.02217741935483871
height: 0.03419777714448561
Area: 0.00038598902361669074
CentroidX: 0.2045
CentroidY: 0.0280
