Location: Dedata_23.png_Otsu.png
Component: component_1755510040875_471.png
centerX: 0.739516129032258
centerY: 0.5084069535480193
width: 0.021774193548387097
height: 0.029353092049016812
Area: 0.00021327645961077046
CentroidX: 0.7520
CentroidY: 0.5222
