Location: internet_29.png_Mean-Closing.png
Component: component_1755079128784_155.png
centerX: 0.6336154776299879
centerY: 0.3031080695751354
width: 0.03788794840790004
height: 0.03849443969204448
Area: 0.000414556388461058
CentroidX: 0.6532
CentroidY: 0.3223
