Location: Dedata_23.png_Gaussian-Closing.png
Component: component_1755510041077_112.png
centerX: 0.6649193548387097
centerY: 0.18552294100883443
width: 0.021774193548387097
height: 0.026503277286976348
Area: 0.00028624550694527435
CentroidX: 0.6758
CentroidY: 0.1990
