Location: Dedata_23.png_Gaussian-Closing.png
Component: component_1755510041118_220.png
centerX: 0.5512096774193549
centerY: 0.38187517811342264
width: 0.027822580645161292
height: 0.029068110572812767
Area: 0.00028819900899989886
CentroidX: 0.5623
CentroidY: 0.3960
