Location: internet_29.png_Gaussian-Median.png
Component: component_1755079128943_289.png
centerX: 0.05239822652156389
centerY: 0.5574565155403479
width: 0.0354695687222894
height: 0.03421727972626176
Area: 0.00036111343846538513
CentroidX: 0.0706
CentroidY: 0.5735
