Location: internet_29.png_Gaussian-Median.png
Component: component_1755079128900_92.png
centerX: 0.8516727126158807
centerY: 0.1722269746221842
width: 0.03184199919387344
height: 0.03051040775591674
Area: 0.00040363793631140437
CentroidX: 0.8683
CentroidY: 0.1872
