Location: Dedata_23.png_Otsu.png
Component: component_1755510040867_460.png
centerX: 0.9024193548387097
centerY: 0.5007124536905101
width: 0.02379032258064516
height: 0.029068110572812767
Area: 0.00021856240634681327
CentroidX: 0.9150
CentroidY: 0.5147
