Location: internet_29.png_Mean-Closing.png
Component: component_1755079128743_58.png
centerX: 0.2418379685610641
centerY: 0.10236669518106643
width: 0.04070939137444579
height: 0.03649843170801255
Area: 0.0005076505594212623
CentroidX: 0.2623
CentroidY: 0.1209
