Location: Dedata_23.png_Mean-Closing.png
Component: component_1755510039976_297.png
centerX: 0.6439516129032258
centerY: 0.5138216015958963
width: 0.02056451612903226
height: 0.028783129096608722
Area: 0.0003075042057750117
CentroidX: 0.6550
CentroidY: 0.5272
