Location: internet_29.png_Mean-Medain.png
Component: component_1755079128458_227.png
centerX: 0.2708585247883918
centerY: 0.43741089250071286
width: 0.03345425231761386
height: 0.031936127744510975
Area: 0.00035352798749825734
CentroidX: 0.2875
CentroidY: 0.4534
