Location: internet_29.png_Gaussian-Median.png
Component: component_1755079128923_194.png
centerX: 0.3704151551793632
centerY: 0.378956372968349
width: 0.030229746070133012
height: 0.03364699173082407
Area: 0.00036674506115310116
CentroidX: 0.3859
CentroidY: 0.3961
