Location: Dedata_23.png_Otsu.png
Component: component_1755510040933_638.png
centerX: 0.8685483870967742
centerY: 0.713308634938729
width: 0.021774193548387097
height: 0.029353092049016812
Area: 0.000254874562185716
CentroidX: 0.8788
CentroidY: 0.7281
