Location: internet_29.png_Mean-Medain.png
Component: component_1755079128471_287.png
centerX: 0.09794437726723096
centerY: 0.5520387795836897
width: 0.035872632003224506
height: 0.033361847733105215
Area: 0.0003620328870674612
CentroidX: 0.1169
CentroidY: 0.5675
