Location: Dedata_23.png_Otsu.png
Component: component_1755510040480_51.png
centerX: 0.896774193548387
centerY: 0.0877742946708464
width: 0.020161290322580645
height: 0.032487888287261325
Area: 0.0002544149146434514
CentroidX: 0.9069
CentroidY: 0.1023
