Location: internet_29.png_Mean-Medain.png
Component: component_1755079128462_245.png
centerX: 0.5501813784764208
centerY: 0.45993726832050186
width: 0.03506650544135429
height: 0.028229255774165955
Area: 0.000295257932341685
CentroidX: 0.5693
CentroidY: 0.4732
