Location: Dedata_23.png_Gaussian-Closing.png
Component: component_1755510041146_283.png
centerX: 0.2725806451612903
centerY: 0.48674836135651184
width: 0.025
height: 0.032487888287261325
Area: 0.0003340488513407919
CentroidX: 0.2851
CentroidY: 0.5027
