Location: internet_29.png_Gaussian-Median.png
Component: component_1755079128955_338.png
centerX: 0.6694881096332124
centerY: 0.6558311947533504
width: 0.04312777106005643
height: 0.02879954376960365
Area: 0.00039938548652680245
CentroidX: 0.6939
CentroidY: 0.6683
