Location: internet_29.png_Gaussian-Median.png
Component: component_1755079128941_282.png
centerX: 0.8182184602982668
centerY: 0.5420587396635301
width: 0.03788794840790004
height: 0.03421727972626176
Area: 0.000349850193089953
CentroidX: 0.8399
CentroidY: 0.5571
