Location: Dedata_23.png_Gaussian-Closing.png
Component: component_1755510041103_172.png
centerX: 0.3431451612903226
centerY: 0.30578512396694213
width: 0.024596774193548387
height: 0.02821316614420063
Area: 0.0003018735233822705
CentroidX: 0.3557
CentroidY: 0.3194
