Location: internet_29.png_Gaussian-Closing.png
Component: component_1755079129291_309.png
centerX: 0.237807335751713
centerY: 0.6370116909039065
width: 0.03305118903667876
height: 0.03450242372398061
Area: 0.0003692735448088104
CentroidX: 0.2559
CentroidY: 0.6530
