Location: internet_29.png_Gaussian-Closing.png
Component: component_1755079129277_277.png
centerX: 0.5614671503426037
centerY: 0.5694325634445395
width: 0.037484885126964934
height: 0.031936127744510975
Area: 0.0003420348799723062
CentroidX: 0.5828
CentroidY: 0.5839
