Location: internet_29.png_Mean-Medain.png
Component: component_1755079128469_280.png
centerX: 0.8577186618299073
centerY: 0.5372112917023096
width: 0.042724707779121324
height: 0.03222127174222983
Area: 0.00037973227265742596
CentroidX: 0.8822
CentroidY: 0.5512
