Location: internet_29.png_Mean-Closing.png
Component: component_1755079128712_37.png
centerX: 0.19750100765820233
centerY: 0.052751639577986884
width: 0.03667875856509472
height: 0.042486455660108356
Area: 0.0005341996378062094
CentroidX: 0.2149
CentroidY: 0.0751
