Location: Dedata_23.png_Gaussian-Closing.png
Component: component_1755510041103_170.png
centerX: 0.4217741935483871
centerY: 0.30322029068110573
width: 0.025806451612903226
height: 0.025648332858364205
Area: 0.00028187885529376073
CentroidX: 0.4337
CentroidY: 0.3160
