Location: internet_29.png_Mean-Medain.png
Component: component_1755079128430_111.png
centerX: 0.8468359532446594
centerY: 0.21300256629597947
width: 0.03345425231761386
height: 0.03279155973766752
Area: 0.000384904171044104
CentroidX: 0.8656
CentroidY: 0.2284
