Location: internet_29.png_Mean-Closing.png
Component: component_1755079128714_42.png
centerX: 0.09834744054816606
centerY: 0.058454519532363844
width: 0.03869407496977025
height: 0.03849443969204448
Area: 0.0005015592124325082
CentroidX: 0.1179
CentroidY: 0.0776
