Location: internet_29.png_Gaussian-Closing.png
Component: component_1755079129266_253.png
centerX: 0.05280128980249899
centerY: 0.5075563159395494
width: 0.039500201531640466
height: 0.031936127744510975
Area: 0.0003758246160986026
CentroidX: 0.0737
CentroidY: 0.5220
