Location: Dedata_23.png_Mean-Closing.png
Component: component_1755510039934_141.png
centerX: 0.3254032258064516
centerY: 0.256198347107438
width: 0.025403225806451612
height: 0.03277286976346538
Area: 0.0003376111197933425
CentroidX: 0.3381
CentroidY: 0.2720
