Location: Dedata_23.png_Gaussian-Closing.png
Component: component_1755510041164_354.png
centerX: 0.7181451612903226
centerY: 0.6072955257908236
width: 0.022983870967741935
height: 0.03277286976346538
Area: 0.00030106914018330745
CentroidX: 0.7317
CentroidY: 0.6239
