Location: internet_29.png_Mean-Medain.png
Component: component_1755079128405_4.png
centerX: 0.15598548972188633
centerY: 0.0037068719703450244
width: 0.0354695687222894
height: 0.04305674365554605
Area: 0.0006232712211323309
CentroidX: 0.1751
CentroidY: 0.0233
