Location: Dedata_23.png_Gaussian-Median.png
Component: component_1755510040256_37.png
centerX: 0.3786290322580645
centerY: 0.05528640638358507
width: 0.021370967741935483
height: 0.0262182958107723
Area: 0.0002947489864771693
CentroidX: 0.3887
CentroidY: 0.0686
