Location: internet_29.png_Mean-Medain.png
Component: component_1755079128435_133.png
centerX: 0.18984280532043532
centerY: 0.2583404619332763
width: 0.03466344216041919
height: 0.03592814371257485
Area: 0.00043030194577161105
CentroidX: 0.2058
CentroidY: 0.2761
