Location: Dedata_23.png_Otsu.png
Component: component_1755510040512_168.png
centerX: 0.27983870967741936
centerY: 0.2593331433456825
width: 0.022983870967741935
height: 0.03163294385864919
Area: 0.0002606201564640234
CentroidX: 0.2918
CentroidY: 0.2746
