Location: Dedata_23.png_Otsu.png
Component: component_1755510040922_600.png
centerX: 0.8649193548387096
centerY: 0.6540324878882873
width: 0.020161290322580645
height: 0.028783129096608722
Area: 0.0002332711276992802
CentroidX: 0.8742
CentroidY: 0.6683
