Location: Dedata_23.png_Mean-Closing.png
Component: component_1755510039934_140.png
centerX: 0.44475806451612904
centerY: 0.25505842120262184
width: 0.02258064516129032
height: 0.026503277286976348
Area: 0.0002841770930050837
CentroidX: 0.4566
CentroidY: 0.2680
