Location: internet_29.png_Mean-Medain.png
Component: component_1755079128404_2.png
centerX: 0.9302700523982266
centerY: 0.0025662959794696323
width: 0.04353083434099154
height: 0.032506415739948676
Area: 0.0005314412919999812
CentroidX: 0.9530
CentroidY: 0.0180
