Location: internet_29.png_Gaussian-Median.png
Component: component_1755079128897_74.png
centerX: 0.577589681580008
centerY: 0.1365839749073282
width: 0.03829101168883515
height: 0.03450242372398061
Area: 0.0004135220087837224
CentroidX: 0.5977
CentroidY: 0.1531
