Location: Dedata_23.png_Gaussian-Median.png
Component: component_1755510040389_325.png
centerX: 0.23346774193548386
centerY: 0.536905101168424
width: 0.024193548387096774
height: 0.030777999430037048
Area: 0.0003289927283758814
CentroidX: 0.2460
CentroidY: 0.5516
