Location: Dedata_23.png_Mean-Closing.png
Component: component_1755510039903_8.png
centerX: 0.8068548387096774
centerY: 0.008264462809917356
width: 0.017741935483870968
height: 0.03334283271587347
Area: 0.00030371211355132886
CentroidX: 0.8150
CentroidY: 0.0250
