Location: internet_29.png_Gaussian-Median.png
Component: component_1755079128911_141.png
centerX: 0.008061265618702136
centerY: 0.26746506986027946
width: 0.0354695687222894
height: 0.038209295694325636
Area: 0.0004538628161998109
CentroidX: 0.0243
CentroidY: 0.2872
