Location: Dedata_23.png_Gaussian-Closing.png
Component: component_1755510041111_201.png
centerX: 0.21814516129032258
centerY: 0.35537190082644626
width: 0.027016129032258064
height: 0.029068110572812767
Area: 0.0002890033921988619
CentroidX: 0.2310
CentroidY: 0.3701
