Location: internet_29.png_Gaussian-Median.png
Component: component_1755079128891_49.png
centerX: 0.5296251511487303
centerY: 0.09124607927003137
width: 0.03506650544135429
height: 0.03279155973766752
Area: 0.0004247852541591545
CentroidX: 0.5472
CentroidY: 0.1074
