Location: Dedata_23.png_Mean-Closing.png
Component: component_1755510039971_285.png
centerX: 0.9346774193548387
centerY: 0.4990025648332858
width: 0.022983870967741935
height: 0.03163294385864919
Area: 0.0003183059230182296
CentroidX: 0.9460
CentroidY: 0.5142
