Location: internet_29.png_Gaussian-Closing.png
Component: component_1755079129247_230.png
centerX: 0.5904877065699314
centerY: 0.4576561163387511
width: 0.03829101168883515
height: 0.03051040775591674
Area: 0.000324910149758639
CentroidX: 0.6115
CentroidY: 0.4723
