Location: Dedata_23.png_Gaussian-Median.png
Component: component_1755510040390_327.png
centerX: 0.16088709677419355
centerY: 0.542604730692505
width: 0.024596774193548387
height: 0.030208036477628954
Area: 0.0003112962979986946
CentroidX: 0.1735
CentroidY: 0.5566
