Location: internet_29.png_Mean-Medain.png
Component: component_1755079128422_71.png
centerX: 0.6690850463522773
centerY: 0.13401767892785857
width: 0.03788794840790004
height: 0.03222127174222983
Area: 0.00045662116200603916
CentroidX: 0.6878
CentroidY: 0.1506
