Location: Dedata_23.png_Otsu.png
Component: component_1755510040478_43.png
centerX: 0.5004032258064516
centerY: 0.05842120262182958
width: 0.024596774193548387
height: 0.02707324023938444
Area: 0.00029440425082047085
CentroidX: 0.5113
CentroidY: 0.0726
