Location: Dedata_23.png_Otsu.png
Component: component_1755510040909_526.png
centerX: 0.7669354838709678
centerY: 0.5602735822171558
width: 0.024193548387096774
height: 0.02821316614420063
Area: 0.0002861305950597082
CentroidX: 0.7795
CentroidY: 0.5740
