Location: internet_29.png_Gaussian-Median.png
Component: component_1755079128910_136.png
centerX: 0.6195082627972591
centerY: 0.262617621899059
width: 0.03869407496977025
height: 0.03136583974907328
Area: 0.0004149011816868365
CentroidX: 0.6408
CentroidY: 0.2774
