Location: Dedata_23.png_Gaussian-Median.png
Component: component_1755510040408_401.png
centerX: 0.6443548387096775
centerY: 0.6622969506982046
width: 0.022983870967741935
height: 0.030208036477628954
Area: 0.0002846367405473483
CentroidX: 0.6555
CentroidY: 0.6773
