Location: Dedata_23.png_Gaussian-Closing.png
Component: component_1755510041078_117.png
centerX: 0.42782258064516127
centerY: 0.1963522371045882
width: 0.024193548387096774
height: 0.029923055001424906
Area: 0.00031934012998832494
CentroidX: 0.4394
CentroidY: 0.2111
