Location: internet_29.png_Gaussian-Closing.png
Component: component_1755079129264_246.png
centerX: 0.7182587666263603
centerY: 0.49329911605360705
width: 0.03466344216041919
height: 0.031080695751354435
Area: 0.0003462873297569081
CentroidX: 0.7380
CentroidY: 0.5078
