Location: Dedata_23.png_Otsu.png
Component: component_1755510040488_83.png
centerX: 0.6887096774193548
centerY: 0.14078084924479908
width: 0.020967741935483872
height: 0.026503277286976348
Area: 0.0002378676031219261
CentroidX: 0.7000
CentroidY: 0.1538
