Location: Dedata_23.png_Gaussian-Closing.png
Component: component_1755510041143_269.png
centerX: 0.75
centerY: 0.4625249358791679
width: 0.025
height: 0.028498147620404674
Area: 0.00030888314840180547
CentroidX: 0.7628
CentroidY: 0.4765
