Location: internet_29.png_Mean-Medain.png
Component: component_1755079128427_96.png
centerX: 0.6255542120112858
centerY: 0.1787852865697177
width: 0.03869407496977025
height: 0.035357855717137156
Area: 0.000414786250611577
CentroidX: 0.6454
CentroidY: 0.1965
