Location: Dedata_23.png_Mean-Closing.png
Component: component_1755510039979_309.png
centerX: 0.23346774193548386
centerY: 0.536905101168424
width: 0.02379032258064516
height: 0.030493017953833
Area: 0.00033255499682843196
CentroidX: 0.2459
CentroidY: 0.5513
