Location: Dedata_23.png_Gaussian-Median.png
Component: component_1755510040341_223.png
centerX: 0.5209677419354839
centerY: 0.3815901966372186
width: 0.02056451612903226
height: 0.02792818466799658
Area: 0.00023039833056012648
CentroidX: 0.5311
CentroidY: 0.3956
