Location: Dedata_23.png_Gaussian-Closing.png
Component: component_1755510041131_238.png
centerX: 0.9141129032258064
centerY: 0.4080934739241949
width: 0.02620967741935484
height: 0.031917925334853235
Area: 0.00029739195984519073
CentroidX: 0.9271
CentroidY: 0.4233
