Location: Dedata_23.png_Gaussian-Median.png
Component: component_1755510040396_352.png
centerX: 0.36774193548387096
centerY: 0.5748076375035622
width: 0.025806451612903226
height: 0.027643203191792535
Area: 0.0003004945807554767
CentroidX: 0.3810
CentroidY: 0.5878
