Location: Dedata_23.png_Otsu.png
Component: component_1755510040486_76.png
centerX: 0.9366935483870967
centerY: 0.1322314049586777
width: 0.021370967741935483
height: 0.02707324023938444
Area: 0.00024487722814146113
CentroidX: 0.9478
CentroidY: 0.1456
