Location: internet_29.png_Gaussian-Median.png
Component: component_1755079128946_305.png
centerX: 0.23458282950423218
centerY: 0.5950955232392359
width: 0.04030632809351068
height: 0.028229255774165955
Area: 0.00035237867674566226
CentroidX: 0.2566
CentroidY: 0.6079
