Location: Dedata_23.png_Mean-Closing.png
Component: component_1755510039950_203.png
centerX: 0.08911290322580645
centerY: 0.3633513821601596
width: 0.024193548387096774
height: 0.028498147620404674
Area: 0.00026625083885676464
CentroidX: 0.1013
CentroidY: 0.3772
