Location: internet_29.png_Mean-Closing.png
Component: component_1755079128763_78.png
centerX: 0.3377670294236195
centerY: 0.1437125748502994
width: 0.03426037887948408
height: 0.035357855717137156
Area: 0.00043202591190050373
CentroidX: 0.3542
CentroidY: 0.1619
