Location: Dedata_23.png_Mean-Closing.png
Component: component_1755510039956_227.png
centerX: 0.14879032258064517
centerY: 0.40524365916215443
width: 0.024193548387096774
height: 0.029353092049016812
Area: 0.00030635508691935026
CentroidX: 0.1603
CentroidY: 0.4196
