Location: Dedata_23.png_Mean-Closing.png
Component: component_1755510039947_189.png
centerX: 0.5645161290322581
centerY: 0.34055286406383584
width: 0.024193548387096774
height: 0.031062980906241093
Area: 0.0003241664291821032
CentroidX: 0.5760
CentroidY: 0.3564
