Location: internet_29.png_Mean-Closing.png
Component: component_1755079128761_72.png
centerX: 0.5292220878677952
centerY: 0.13572854291417166
width: 0.037081821846029824
height: 0.036783575705731396
Area: 0.00048133134318683414
CentroidX: 0.5480
CentroidY: 0.1539
