Location: internet_29.png_Mean-Medain.png
Component: component_1755079128469_278.png
centerX: 0.2736799677549375
centerY: 0.5326489877388081
width: 0.04030632809351068
height: 0.03649843170801255
Area: 0.00041846404501988133
CentroidX: 0.2963
CentroidY: 0.5488
