Location: Dedata_23.png_Gaussian-Median.png
Component: component_1755510040399_364.png
centerX: 0.957258064516129
centerY: 0.5921915075520091
width: 0.022983870967741935
height: 0.034482758620689655
Area: 0.00030991735537190085
CentroidX: 0.9687
CentroidY: 0.6102
