Location: internet_29.png_Mean-Medain.png
Component: component_1755079128475_304.png
centerX: 0.23458282950423218
centerY: 0.5950955232392359
width: 0.04030632809351068
height: 0.028229255774165955
Area: 0.00035996412771279
CentroidX: 0.2565
CentroidY: 0.6078
