Location: internet_29.png_Gaussian-Median.png
Component: component_1755079128876_2.png
centerX: 0.3542926239419589
centerY: 0.003136583974907328
width: 0.037081821846029824
height: 0.032506415739948676
Area: 0.0004938588303901209
CentroidX: 0.3747
CentroidY: 0.0184
