Location: Dedata_23.png_Otsu.png
Component: component_1755510040470_8.png
centerX: 0.8068548387096774
centerY: 0.008549444286121402
width: 0.017338709677419354
height: 0.03277286976346538
Area: 0.00026625083885676464
CentroidX: 0.8150
CentroidY: 0.0253
