Location: Dedata_23.png_Mean-Closing.png
Component: component_1755510039954_219.png
centerX: 0.46491935483870966
centerY: 0.3878597891137076
width: 0.022983870967741935
height: 0.027643203191792535
Area: 0.0002601605089217588
CentroidX: 0.4764
CentroidY: 0.4026
