Location: internet_29.png_Gaussian-Median.png
Component: component_1755079128913_150.png
centerX: 0.31237404272470776
centerY: 0.29369831765041343
width: 0.03345425231761386
height: 0.03792415169660679
Area: 0.00041938349362195744
CentroidX: 0.3297
CentroidY: 0.3123
