Location: internet_29.png_Gaussian-Median.png
Component: component_1755079128893_55.png
centerX: 0.4397420395002015
centerY: 0.09580838323353294
width: 0.03305118903667876
height: 0.03735386370116909
Area: 0.00046225278469375525
CentroidX: 0.4561
CentroidY: 0.1144
