Location: Dedata_23.png_Gaussian-Median.png
Component: component_1755510040313_168.png
centerX: 0.5338709677419354
centerY: 0.29723567968082076
width: 0.025806451612903226
height: 0.030777999430037048
Area: 0.0003048612324069903
CentroidX: 0.5449
CentroidY: 0.3133
