Location: Dedata_23.png_Mean-Closing.png
Component: component_1755510039950_205.png
centerX: 0.9012096774193549
centerY: 0.3670561413508122
width: 0.024193548387096774
height: 0.02792818466799658
Area: 0.00029291039630811096
CentroidX: 0.9148
CentroidY: 0.3811
