Location: Dedata_23.png_Gaussian-Closing.png
Component: component_1755510041172_385.png
centerX: 0.603225806451613
centerY: 0.6622969506982046
width: 0.028629032258064516
height: 0.03334283271587347
Area: 0.00034002426939023155
CentroidX: 0.6168
CentroidY: 0.6787
