Location: internet_29.png_Mean-Closing.png
Component: component_1755079128779_136.png
centerX: 0.5792019347037485
centerY: 0.26518391787852863
width: 0.036275695284159616
height: 0.032506415739948676
Area: 0.0003992705554515429
CentroidX: 0.5991
CentroidY: 0.2809
