Location: Dedata_23.png_Otsu.png
Component: component_1755510040484_70.png
centerX: 0.23508064516129032
centerY: 0.1043032202906811
width: 0.020161290322580645
height: 0.028498147620404674
Area: 0.0002713069618216751
CentroidX: 0.2462
CentroidY: 0.1187
