Location: internet_29.png_Gaussian-Median.png
Component: component_1755079128886_26.png
centerX: 0.47964530431277713
centerY: 0.04562303963501568
width: 0.041112454655380895
height: 0.03735386370116909
Area: 0.0005281082908174553
CentroidX: 0.5010
CentroidY: 0.0640
