Location: Dedata_23.png_Gaussian-Closing.png
Component: component_1755510041029_15.png
centerX: 0.7709677419354839
centerY: 0.009404388714733543
width: 0.017741935483870968
height: 0.030493017953833
Area: 0.0002827981503782899
CentroidX: 0.7795
CentroidY: 0.0247
