Location: Dedata_23.png_Mean-Closing.png
Component: component_1755510039948_193.png
centerX: 0.3758064516129032
centerY: 0.3488173268737532
width: 0.02217741935483871
height: 0.02963807352522086
Area: 0.0003060103512626518
CentroidX: 0.3863
CentroidY: 0.3636
