Location: internet_29.png_Mean-Medain.png
Component: component_1755079128433_124.png
centerX: 0.3260781942765014
centerY: 0.2435129740518962
width: 0.03506650544135429
height: 0.036213287710293696
Area: 0.0004212223908261096
CentroidX: 0.3439
CentroidY: 0.2613
