Location: internet_29.png_Gaussian-Median.png
Component: component_1755079128951_326.png
centerX: 0.2841596130592503
centerY: 0.6347305389221557
width: 0.03788794840790004
height: 0.031936127744510975
Area: 0.0003780083065285333
CentroidX: 0.3044
CentroidY: 0.6501
