Location: Dedata_23.png_Gaussian-Median.png
Component: component_1755510040358_278.png
centerX: 0.780241935483871
centerY: 0.4625249358791679
width: 0.024596774193548387
height: 0.027643203191792535
Area: 0.00028957795162669266
CentroidX: 0.7938
CentroidY: 0.4766
