Location: Dedata_23.png_Gaussian-Closing.png
Component: component_1755510041071_98.png
centerX: 0.16572580645161292
centerY: 0.15502992305500143
width: 0.01975806451612903
height: 0.028498147620404674
Area: 0.00029612792910396307
CentroidX: 0.1745
CentroidY: 0.1695
