Location: internet_29.png_Gaussian-Median.png
Component: component_1755079128915_162.png
centerX: 0.13744457879887143
centerY: 0.3105218135158255
width: 0.03184199919387344
height: 0.03307670373538637
Area: 0.00040076465942991656
CentroidX: 0.1544
CentroidY: 0.3263
