Location: internet_29.png_Mean-Closing.png
Component: component_1755079128706_22.png
centerX: 0.9306731156791617
centerY: 0.040490447676076416
width: 0.037484885126964934
height: 0.03307670373538637
Area: 0.0004470818827594997
CentroidX: 0.9501
CentroidY: 0.0568
