Location: Dedata_23.png_Gaussian-Median.png
Component: component_1755510040273_89.png
centerX: 0.5173387096774194
centerY: 0.14562553434026787
width: 0.02217741935483871
height: 0.02707324023938444
Area: 0.0002841770930050837
CentroidX: 0.5281
CentroidY: 0.1589
