Location: Dedata_23.png_Gaussian-Closing.png
Component: component_1755510041114_213.png
centerX: 0.7741935483870968
centerY: 0.37446565973211743
width: 0.021370967741935483
height: 0.026788258763180393
Area: 0.0002755587015876226
CentroidX: 0.7841
CentroidY: 0.3879
