Location: internet_29.png_Mean-Closing.png
Component: component_1755079128697_15.png
centerX: 0.7021362353889561
centerY: 0.005988023952095809
width: 0.03788794840790004
height: 0.03592814371257485
Area: 0.000500639763830432
CentroidX: 0.7214
CentroidY: 0.0233
