Location: Dedata_23.png_Otsu.png
Component: component_1755510040921_593.png
centerX: 0.12580645161290321
centerY: 0.6446280991735537
width: 0.025806451612903226
height: 0.0262182958107723
Area: 0.00024223425477343973
CentroidX: 0.1378
CentroidY: 0.6582
