Location: Dedata_23.png_Otsu.png
Component: component_1755510040928_629.png
centerX: 0.12943548387096773
centerY: 0.6873753206041607
width: 0.01975806451612903
height: 0.027643203191792535
Area: 0.00021419575469529964
CentroidX: 0.1393
CentroidY: 0.7002
