Location: Dedata_23.png_Gaussian-Closing.png
Component: component_1755510041071_97.png
centerX: 0.20040322580645162
centerY: 0.1536050156739812
width: 0.02338709677419355
height: 0.026503277286976348
Area: 0.0002847516524329144
CentroidX: 0.2125
CentroidY: 0.1670
