Location: internet_29.png_Gaussian-Closing.png
Component: component_1755079129225_203.png
centerX: 0.6626360338573156
centerY: 0.40005702879954375
width: 0.03385731559854897
height: 0.030795551753635585
Area: 0.0003272087712638292
CentroidX: 0.6803
CentroidY: 0.4154
