Location: internet_29.png_Gaussian-Median.png
Component: component_1755079128877_5.png
centerX: 0.8887545344619106
centerY: 0.0037068719703450244
width: 0.03426037887948408
height: 0.033932135728542916
Area: 0.0005075356283460028
CentroidX: 0.9074
CentroidY: 0.0192
