Location: internet_29.png_Gaussian-Median.png
Component: component_1755079128952_330.png
centerX: 0.8033051189036678
centerY: 0.6418591388651269
width: 0.04191858121725111
height: 0.03022526375819789
Area: 0.00039340907061330784
CentroidX: 0.8271
CentroidY: 0.6553
