Location: internet_29.png_Mean-Medain.png
Component: component_1755079128429_105.png
centerX: 0.18742442563482467
centerY: 0.2024522383803821
width: 0.03506650544135429
height: 0.035642999714856
Area: 0.00043558877523354857
CentroidX: 0.2064
CentroidY: 0.2192
