Location: Dedata_23.png_Mean-Closing.png
Component: component_1755510039955_222.png
centerX: 0.36088709677419356
centerY: 0.39355941863778854
width: 0.025
height: 0.028783129096608722
Area: 0.00030853841274510705
CentroidX: 0.3732
CentroidY: 0.4082
