Location: Dedata_23.png_Gaussian-Closing.png
Component: component_1755510041043_47.png
centerX: 0.01653225806451613
centerY: 0.058706184098033624
width: 0.02217741935483871
height: 0.030777999430037048
Area: 0.00033485323453975494
CentroidX: 0.0275
CentroidY: 0.0736
