Location: Dedata_23.png_Mean-Closing.png
Component: component_1755510039914_50.png
centerX: 0.8963709677419355
centerY: 0.08748931319464234
width: 0.020967741935483872
height: 0.03277286976346538
Area: 0.00029486389836273547
CentroidX: 0.9067
CentroidY: 0.1021
