Location: internet_29.png_Gaussian-Median.png
Component: component_1755079128925_203.png
centerX: 0.6985086658605401
centerY: 0.3960650128314799
width: 0.03788794840790004
height: 0.03222127174222983
Area: 0.0003322657385752477
CentroidX: 0.7193
CentroidY: 0.4121
