Location: Dedata_23.png_Mean-Closing.png
Component: component_1755510039904_13.png
centerX: 0.7201612903225807
centerY: 0.009404388714733543
width: 0.02903225806451613
height: 0.03163294385864919
Area: 0.00038369078590536776
CentroidX: 0.7356
CentroidY: 0.0239
