Location: internet_29.png_Mean-Medain.png
Component: component_1755079128423_78.png
centerX: 0.38291011688835147
centerY: 0.14171656686626746
width: 0.0354695687222894
height: 0.03450242372398061
Area: 0.0004209925286755906
CentroidX: 0.4025
CentroidY: 0.1574
