Location: Dedata_23.png_Gaussian-Closing.png
Component: component_1755510041178_410.png
centerX: 0.7258064516129032
centerY: 0.7170133941293816
width: 0.02338709677419355
height: 0.028783129096608722
Area: 0.00030037966886991055
CentroidX: 0.7373
CentroidY: 0.7313
