Location: Dedata_23.png_Otsu.png
Component: component_1755510040502_127.png
centerX: 0.19919354838709677
centerY: 0.20262182958107722
width: 0.020161290322580645
height: 0.028783129096608722
Area: 0.0002229290579983269
CentroidX: 0.2101
CentroidY: 0.2179
