Location: internet_29.png_Mean-Closing.png
Component: component_1755079128764_85.png
centerX: 0.8133817009270455
centerY: 0.16709438266324494
width: 0.03184199919387344
height: 0.038209295694325636
Area: 0.0004209925286755906
CentroidX: 0.8286
CentroidY: 0.1873
