Location: Dedata_23.png_Otsu.png
Component: component_1755510040767_281.png
centerX: 0.15201612903225806
centerY: 0.3610715303505272
width: 0.025403225806451612
height: 0.028783129096608722
Area: 0.0002167238161777549
CentroidX: 0.1636
CentroidY: 0.3766
