Location: Dedata_23.png_Gaussian-Median.png
Component: component_1755510040410_407.png
centerX: 0.32903225806451614
centerY: 0.6719863208891422
width: 0.02379032258064516
height: 0.028783129096608722
Area: 0.00028888848031329576
CentroidX: 0.3407
CentroidY: 0.6857
