Location: Dedata_23.png_Mean-Closing.png
Component: component_1755510040000_393.png
centerX: 0.19475806451612904
centerY: 0.6853804502707324
width: 0.020967741935483872
height: 0.0262182958107723
Area: 0.0002483245847084456
CentroidX: 0.2051
CentroidY: 0.6989
