Location: Dedata_23.png_Gaussian-Median.png
Component: component_1755510040283_114.png
centerX: 0.6237903225806452
centerY: 0.18723282986605871
width: 0.02217741935483871
height: 0.028498147620404674
Area: 0.0002899226872833911
CentroidX: 0.6349
CentroidY: 0.2017
