Location: internet_29.png_Mean-Closing.png
Component: component_1755079128782_149.png
centerX: 0.26964933494558646
centerY: 0.2968349016253208
width: 0.04030632809351068
height: 0.03507271171941831
Area: 0.0004289227728684969
CentroidX: 0.2894
CentroidY: 0.3141
