Location: Dedata_23.png_Otsu.png
Component: component_1755510040813_319.png
centerX: 0.40241935483870966
centerY: 0.3921345112567683
width: 0.013709677419354839
height: 0.010829296095753777
Area: 5.2744555474861876e-05
CentroidX: 0.4089
CentroidY: 0.3971
