Location: Dedata_23.png_Gaussian-Closing.png
Component: component_1755510041166_363.png
centerX: 0.5
centerY: 0.6229695069820461
width: 0.025
height: 0.03362781419207751
Area: 0.0003600189374787413
CentroidX: 0.5134
CentroidY: 0.6380
