Location: Dedata_23.png_Gaussian-Median.png
Component: component_1755510040367_294.png
centerX: 0.3040322580645161
centerY: 0.4870333428327159
width: 0.02379032258064516
height: 0.030208036477628954
Area: 0.0002817639434081946
CentroidX: 0.3164
CentroidY: 0.5019
