Location: internet_29.png_Gaussian-Closing.png
Component: component_1755079129052_129.png
centerX: 0.7492946392583636
centerY: 0.25349301397205587
width: 0.037081821846029824
height: 0.034787567721699456
Area: 0.0004578854038338938
CentroidX: 0.7687
CentroidY: 0.2690
