Location: internet_29.png_Mean-Closing.png
Component: component_1755079128781_146.png
centerX: 0.8964127367996776
centerY: 0.2919874536641004
width: 0.03385731559854897
height: 0.035357855717137156
Area: 0.000394788243516422
CentroidX: 0.9152
CentroidY: 0.3083
