Location: Dedata_23.png_Gaussian-Median.png
Component: component_1755510040344_232.png
centerX: 0.3233870967741935
centerY: 0.3941293815901966
width: 0.02620967741935484
height: 0.03134796238244514
Area: 0.000324051517296537
CentroidX: 0.3356
CentroidY: 0.4103
