Location: internet_29.png_Mean-Medain.png
Component: component_1755079128472_290.png
centerX: 0.006449012494961709
centerY: 0.5577416595380668
width: 0.032245062474808545
height: 0.04077559167379527
Area: 0.0003951330367422005
CentroidX: 0.0217
CentroidY: 0.5785
