Location: Dedata_23.png_Gaussian-Closing.png
Component: component_1755510041067_89.png
centerX: 0.5173387096774194
centerY: 0.14562553434026787
width: 0.02217741935483871
height: 0.02707324023938444
Area: 0.00028406218111951757
CentroidX: 0.5281
CentroidY: 0.1589
