Location: Dedata_23.png_Gaussian-Closing.png
Component: component_1755510041158_324.png
centerX: 0.8080645161290323
centerY: 0.5554288971216871
width: 0.027822580645161292
height: 0.02821316614420063
Area: 0.0002930253081936771
CentroidX: 0.8231
CentroidY: 0.5691
