Location: internet_29.png_Mean-Medain.png
Component: component_1755079128483_341.png
centerX: 0.392583635630794
centerY: 0.6800684345594525
width: 0.04232164449818621
height: 0.030795551753635585
Area: 0.0004072007996444492
CentroidX: 0.4179
CentroidY: 0.6927
