Location: internet_29.png_Mean-Medain.png
Component: component_1755079128468_272.png
centerX: 0.46634421604191856
centerY: 0.5189620758483033
width: 0.037484885126964934
height: 0.03136583974907328
Area: 0.0003708825798624436
CentroidX: 0.4867
CentroidY: 0.5337
