Location: internet_29.png_Gaussian-Closing.png
Component: component_1755079129275_272.png
centerX: 0.6924627166465135
centerY: 0.5557456515540348
width: 0.037081821846029824
height: 0.03222127174222983
Area: 0.000335253946531995
CentroidX: 0.7138
CentroidY: 0.5699
