Location: internet_29.png_Gaussian-Closing.png
Component: component_1755079129246_227.png
centerX: 0.6711003627569528
centerY: 0.4525235243798118
width: 0.03909713825070536
height: 0.029940119760479042
Area: 0.0003216920796513727
CentroidX: 0.6924
CentroidY: 0.4663
