Location: Dedata_23.png_Gaussian-Median.png
Component: component_1755510040278_101.png
centerX: 0.014516129032258065
centerY: 0.15816471929324594
width: 0.02217741935483871
height: 0.029923055001424906
Area: 0.00030727438200387944
CentroidX: 0.0261
CentroidY: 0.1731
