Location: internet_29.png_Gaussian-Closing.png
Component: component_1755079129263_243.png
centerX: 0.8037081821846029
centerY: 0.48731109210151125
width: 0.03909713825070536
height: 0.032506415739948676
Area: 0.00032847301309168385
CentroidX: 0.8244
CentroidY: 0.5027
