Location: internet_29.png_Mean-Closing.png
Component: component_1755079128822_316.png
centerX: 0.05038291011688835
centerY: 0.6569717707442259
width: 0.03990326481257558
height: 0.03051040775591674
Area: 0.00036076864523960656
CentroidX: 0.0722
CentroidY: 0.6706
