Location: internet_29.png_Mean-Closing.png
Component: component_1755079128821_314.png
centerX: 0.09351068117694478
centerY: 0.6521243227830055
width: 0.03909713825070536
height: 0.03022526375819789
Area: 0.00039168510448441517
CentroidX: 0.1176
CentroidY: 0.6653
