Location: Dedata_23.png_Gaussian-Median.png
Component: component_1755510040288_127.png
centerX: 0.017741935483870968
centerY: 0.20775149615275007
width: 0.021774193548387097
height: 0.030777999430037048
Area: 0.00029509372213386775
CentroidX: 0.0284
CentroidY: 0.2231
