Location: Dedata_23.png_Otsu.png
Component: component_1755510040927_627.png
centerX: 0.19516129032258064
centerY: 0.6853804502707324
width: 0.020161290322580645
height: 0.0262182958107723
Area: 0.00021086331001388136
CentroidX: 0.2050
CentroidY: 0.6987
