Location: Dedata_23.png_Gaussian-Closing.png
Component: component_1755510041103_171.png
centerX: 0.3810483870967742
centerY: 0.30493017953833
width: 0.024596774193548387
height: 0.026503277286976348
Area: 0.00026360786548874324
CentroidX: 0.3930
CentroidY: 0.3181
