Location: Dedata_23.png_Otsu.png
Component: component_1755510040923_601.png
centerX: 0.8959677419354839
centerY: 0.6543174693644913
width: 0.01935483870967742
height: 0.028783129096608722
Area: 0.0002138510190386012
CentroidX: 0.9058
CentroidY: 0.6680
