Location: internet_29.png_Mean-Medain.png
Component: component_1755079128473_297.png
centerX: 0.3720274083031036
centerY: 0.5828343313373253
width: 0.03990326481257558
height: 0.03022526375819789
Area: 0.00040949942114963943
CentroidX: 0.3953
CentroidY: 0.5957
