Location: Dedata_23.png_Mean-Closing.png
Component: component_1755510040008_425.png
centerX: 0.018145161290322582
centerY: 0.7412368196067256
width: 0.02338709677419355
height: 0.02707324023938444
Area: 0.00028291306226385605
CentroidX: 0.0294
CentroidY: 0.7541
