Location: Dedata_23.png_Mean-Closing.png
Component: component_1755510039985_337.png
centerX: 0.21895161290322582
centerY: 0.5816471929324594
width: 0.025806451612903226
height: 0.030208036477628954
Area: 0.00034209268333042225
CentroidX: 0.2326
CentroidY: 0.5953
