Location: internet_29.png_Gaussian-Closing.png
Component: component_1755079129228_209.png
centerX: 0.010882708585247884
centerY: 0.4143142286854862
width: 0.028214429665457477
height: 0.033361847733105215
Area: 0.00035053977954151004
CentroidX: 0.0244
CentroidY: 0.4317
