Location: Dedata_23.png_Otsu.png
Component: component_1755510040866_457.png
centerX: 0.9350806451612903
centerY: 0.4992875463094899
width: 0.02217741935483871
height: 0.030777999430037048
Area: 0.0002443026687136304
CentroidX: 0.9461
CentroidY: 0.5141
