Location: Dedata_23.png_Gaussian-Median.png
Component: component_1755510040390_329.png
centerX: 0.05403225806451613
centerY: 0.5463094898831576
width: 0.02217741935483871
height: 0.031062980906241093
Area: 0.00030589543937708564
CentroidX: 0.0652
CentroidY: 0.5611
