Location: Dedata_23.png_Gaussian-Median.png
Component: component_1755510040394_342.png
centerX: 0.6637096774193548
centerY: 0.5656882302650328
width: 0.02338709677419355
height: 0.026788258763180393
Area: 0.00027211134502063816
CentroidX: 0.6762
CentroidY: 0.5790
