Location: internet_29.png_Gaussian-Closing.png
Component: component_1755079129291_308.png
centerX: 0.890769850866586
centerY: 0.6367265469061876
width: 0.042724707779121324
height: 0.028229255774165955
Area: 0.0003469769162084652
CentroidX: 0.9144
CentroidY: 0.6496
