Location: internet_29.png_Mean-Closing.png
Component: component_1755079128813_279.png
centerX: 0.3720274083031036
centerY: 0.5828343313373253
width: 0.03990326481257558
height: 0.03022526375819789
Area: 0.0004077754550207468
CentroidX: 0.3953
CentroidY: 0.5957
