Location: internet_29.png_Gaussian-Closing.png
Component: component_1755079129042_100.png
centerX: 0.4260378879484079
centerY: 0.18762475049900199
width: 0.03667875856509472
height: 0.033361847733105215
Area: 0.00045328816082351335
CentroidX: 0.4456
CentroidY: 0.2041
