Location: Dedata_23.png_Mean-Closing.png
Component: component_1755510039940_160.png
centerX: 0.6540322580645161
centerY: 0.2932459390139641
width: 0.02338709677419355
height: 0.030493017953833
Area: 0.00032726905009238915
CentroidX: 0.6653
CentroidY: 0.3084
