Location: Dedata_23.png_Mean-Closing.png
Component: component_1755510039988_347.png
centerX: 0.8588709677419355
centerY: 0.6021658592191508
width: 0.018548387096774192
height: 0.02963807352522086
Area: 0.0002831428860349884
CentroidX: 0.8692
CentroidY: 0.6169
