Location: internet_29.png_Mean-Medain.png
Component: component_1755079128483_344.png
centerX: 0.29383313180169285
centerY: 0.6871970345024238
width: 0.03990326481257558
height: 0.029940119760479042
Area: 0.00039202989771019373
CentroidX: 0.3160
CentroidY: 0.6996
