Location: Dedata_23.png_Gaussian-Median.png
Component: component_1755510040413_422.png
centerX: 0.8975806451612903
centerY: 0.7087489313194643
width: 0.025806451612903226
height: 0.031917925334853235
Area: 0.00031474365456567904
CentroidX: 0.9109
CentroidY: 0.7248
