Location: internet_29.png_Mean-Closing.png
Component: component_1755079128807_247.png
centerX: 0.14066908504635228
centerY: 0.49957228400342174
width: 0.041515517936316
height: 0.03165098374679213
Area: 0.0003336449114783619
CentroidX: 0.1637
CentroidY: 0.5142
