Location: internet_29.png_Gaussian-Median.png
Component: component_1755079128936_262.png
centerX: 0.18016928657799275
centerY: 0.49615055603079555
width: 0.04393389762192664
height: 0.03051040775591674
Area: 0.00035996412771279
CentroidX: 0.2049
CentroidY: 0.5094
