Location: Dedata_23.png_Gaussian-Median.png
Component: component_1755510040417_441.png
centerX: 0.19475806451612904
centerY: 0.7312624679395839
width: 0.01935483870967742
height: 0.028783129096608722
Area: 0.0002502780867630701
CentroidX: 0.2037
CentroidY: 0.7452
