Location: internet_29.png_Gaussian-Closing.png
Component: component_1755079129020_20.png
centerX: 0.5558242644095123
centerY: 0.0071285999429712005
width: 0.0354695687222894
height: 0.03364699173082407
Area: 0.00048523899974565755
CentroidX: 0.5743
CentroidY: 0.0239
