Location: Dedata_23.png_Mean-Closing.png
Component: component_1755510039985_336.png
centerX: 0.2600806451612903
centerY: 0.5785123966942148
width: 0.024596774193548387
height: 0.028498147620404674
Area: 0.00033646200093768097
CentroidX: 0.2720
CentroidY: 0.5933
