Location: Dedata_23.png_Gaussian-Closing.png
Component: component_1755510041066_87.png
centerX: 0.6471774193548387
centerY: 0.14306070105443147
width: 0.02258064516129032
height: 0.027358221715588486
Area: 0.000301528787725572
CentroidX: 0.6586
CentroidY: 0.1567
