Location: internet_29.png_Gaussian-Median.png
Component: component_1755079128941_281.png
centerX: 0.23377670294236194
centerY: 0.5389221556886228
width: 0.03667875856509472
height: 0.034787567721699456
Area: 0.00037536489179756455
CentroidX: 0.2531
CentroidY: 0.5556
