Location: Dedata_23.png_Gaussian-Median.png
Component: component_1755510040353_266.png
centerX: 0.925
centerY: 0.4531205471644343
width: 0.024193548387096774
height: 0.03163294385864919
Area: 0.00030302264223793196
CentroidX: 0.9376
CentroidY: 0.4678
