Location: internet_29.png_Mean-Closing.png
Component: component_1755079128711_35.png
centerX: 0.38492543329302703
centerY: 0.04932991160536071
width: 0.04393389762192664
height: 0.04077559167379527
Area: 0.0005405208469454826
CentroidX: 0.4087
CentroidY: 0.0689
