Location: internet_29.png_Mean-Medain.png
Component: component_1755079128460_239.png
centerX: 0.6311970979443773
centerY: 0.4548046763615626
width: 0.0354695687222894
height: 0.030795551753635585
Area: 0.000295028070191166
CentroidX: 0.6508
CentroidY: 0.4696
