Location: Dedata_23.png_Gaussian-Median.png
Component: component_1755510040379_309.png
centerX: 0.739516129032258
centerY: 0.5081219720718153
width: 0.02258064516129032
height: 0.030208036477628954
Area: 0.00028130429586593
CentroidX: 0.7523
CentroidY: 0.5231
