Location: Dedata_23.png_Gaussian-Closing.png
Component: component_1755510041047_56.png
centerX: 0.7540322580645161
centerY: 0.0926189797663152
width: 0.02056451612903226
height: 0.029353092049016812
Area: 0.0002834876216916868
CentroidX: 0.7649
CentroidY: 0.1074
