Location: Dedata_23.png_Otsu.png
Component: component_1755510040486_77.png
centerX: 0.8560483870967742
centerY: 0.13451125676831005
width: 0.020967741935483872
height: 0.029068110572812767
Area: 0.0002529210601310915
CentroidX: 0.8672
CentroidY: 0.1490
