Location: internet_29.png_Mean-Medain.png
Component: component_1755079128481_332.png
centerX: 0.09351068117694478
centerY: 0.6521243227830055
width: 0.03909713825070536
height: 0.03022526375819789
Area: 0.00039340907061330784
CentroidX: 0.1176
CentroidY: 0.6653
