Location: internet_29.png_Mean-Closing.png
Component: component_1755079128765_88.png
centerX: 0.8931882305521966
centerY: 0.1705161106358711
width: 0.03506650544135429
height: 0.03421727972626176
Area: 0.0004207626665250716
CentroidX: 0.9114
CentroidY: 0.1875
