Location: Dedata_23.png_Gaussian-Median.png
Component: component_1755510040334_202.png
centerX: 0.2560483870967742
centerY: 0.3530920490168139
width: 0.02620967741935484
height: 0.031062980906241093
Area: 0.0003106068266852977
CentroidX: 0.2684
CentroidY: 0.3689
