Location: Dedata_23.png_Gaussian-Median.png
Component: component_1755510040305_163.png
centerX: 0.6931451612903226
centerY: 0.2901111427757196
width: 0.02258064516129032
height: 0.03220290681105728
Area: 0.00033255499682843196
CentroidX: 0.7050
CentroidY: 0.3053
