Location: Dedata_23.png_Mean-Closing.png
Component: component_1755510039905_17.png
centerX: 0.8471774193548387
centerY: 0.00968937019093759
width: 0.018548387096774192
height: 0.03163294385864919
Area: 0.0003137094475955837
CentroidX: 0.8557
CentroidY: 0.0255
