Location: Dedata_23.png_Gaussian-Median.png
Component: component_1755510040267_71.png
centerX: 0.2346774193548387
centerY: 0.10401823881447705
width: 0.020967741935483872
height: 0.028783129096608722
Area: 0.00030371211355132886
CentroidX: 0.2461
CentroidY: 0.1186
