Location: Dedata_23.png_Gaussian-Closing.png
Component: component_1755510041180_414.png
centerX: 0.5096774193548387
centerY: 0.7218580792248503
width: 0.024596774193548387
height: 0.027643203191792535
Area: 0.00031865065867492804
CentroidX: 0.5237
CentroidY: 0.7354
