Location: Dedata_23.png_Otsu.png
Component: component_1755510040865_456.png
centerX: 0.13306451612903225
centerY: 0.4987175833570818
width: 0.02056451612903226
height: 0.026503277286976348
Area: 0.0002114378694417121
CentroidX: 0.1436
CentroidY: 0.5114
