Location: Dedata_23.png_Gaussian-Median.png
Component: component_1755510040387_322.png
centerX: 0.33911290322580645
centerY: 0.530920490168139
width: 0.02379032258064516
height: 0.03419777714448561
Area: 0.00034864266080769266
CentroidX: 0.3507
CentroidY: 0.5470
