Location: internet_29.png_Gaussian-Closing.png
Component: component_1755079129052_127.png
centerX: 0.9181781539701733
centerY: 0.2506415739948674
width: 0.031035872632003223
height: 0.03279155973766752
Area: 0.0003719169595397792
CentroidX: 0.9334
CentroidY: 0.2667
