Location: Dedata_23.png_Otsu.png
Component: component_1755510040875_470.png
centerX: 0.7125
centerY: 0.5086919350242234
width: 0.01975806451612903
height: 0.02963807352522086
Area: 0.00021396593092416736
CentroidX: 0.7229
CentroidY: 0.5224
