Location: internet_29.png_Gaussian-Median.png
Component: component_1755079128947_312.png
centerX: 0.619105199516324
centerY: 0.6056458511548332
width: 0.03829101168883515
height: 0.03165098374679213
Area: 0.0003861684128719586
CentroidX: 0.6400
CentroidY: 0.6200
