Location: Dedata_23.png_Gaussian-Median.png
Component: component_1755510040344_234.png
centerX: 0.21733870967741936
centerY: 0.39897406668566543
width: 0.022983870967741935
height: 0.02792818466799658
Area: 0.00027670782044328406
CentroidX: 0.2281
CentroidY: 0.4134
