Location: Dedata_23.png_Gaussian-Median.png
Component: component_1755510040390_326.png
centerX: 0.12137096774193548
centerY: 0.542319749216301
width: 0.025403225806451612
height: 0.03220290681105728
Area: 0.0003061252631482179
CentroidX: 0.1349
CentroidY: 0.5584
