Location: internet_29.png_Gaussian-Median.png
Component: component_1755079128884_20.png
centerX: 0.5554212011285772
centerY: 0.0071285999429712005
width: 0.035872632003224506
height: 0.03364699173082407
Area: 0.00048454941329410047
CentroidX: 0.5743
CentroidY: 0.0239
