Location: Dedata_23.png_Otsu.png
Component: component_1755510040831_383.png
centerX: 0.5588709677419355
centerY: 0.4280421772584782
width: 0.024193548387096774
height: 0.026788258763180393
Area: 0.00020431333253661093
CentroidX: 0.5711
CentroidY: 0.4414
