Location: Dedata_23.png_Mean-Closing.png
Component: component_1755510039902_3.png
centerX: 0.9145161290322581
centerY: 0.007124536905101168
width: 0.02056451612903226
height: 0.032487888287261325
Area: 0.0003291076402614475
CentroidX: 0.9252
CentroidY: 0.0236
