Location: Dedata_23.png_Otsu.png
Component: component_1755510040914_558.png
centerX: 0.14919354838709678
centerY: 0.5876318039327444
width: 0.02217741935483871
height: 0.029068110572812767
Area: 0.0002546447384145837
CentroidX: 0.1601
CentroidY: 0.6018
