Location: Dedata_23.png_Otsu.png
Component: component_1755510040552_259.png
centerX: 0.5266129032258065
centerY: 0.3402678825876318
width: 0.025806451612903226
height: 0.029353092049016812
Area: 0.00019500546980575294
CentroidX: 0.5394
CentroidY: 0.3562
