Location: Dedata_23.png_Otsu.png
Component: component_1755510040494_106.png
centerX: 0.8641129032258065
centerY: 0.17896836705614136
width: 0.020967741935483872
height: 0.025078369905956112
Area: 0.00023844216254975684
CentroidX: 0.8748
CentroidY: 0.1915
