Location: internet_29.png_Mean-Medain.png
Component: component_1755079128460_232.png
centerX: 0.7573559048770657
centerY: 0.4453949244368406
width: 0.03345425231761386
height: 0.03222127174222983
Area: 0.00032445042545760095
CentroidX: 0.7769
CentroidY: 0.4604
