Location: Dedata_23.png_Mean-Closing.png
Component: component_1755510039933_138.png
centerX: 0.4846774193548387
centerY: 0.25049871758335707
width: 0.021370967741935483
height: 0.029068110572812767
Area: 0.00030692964634718097
CentroidX: 0.4955
CentroidY: 0.2641
