Location: internet_29.png_Mean-Closing.png
Component: component_1755079128820_309.png
centerX: 0.8033051189036678
centerY: 0.6418591388651269
width: 0.041515517936316
height: 0.03022526375819789
Area: 0.00040375286738666386
CentroidX: 0.8270
CentroidY: 0.6552
