Location: easy43_Mean-Closing.png
Component: component_1744297380629_650.png
centerX: 0.343409915356711
centerY: 0.4343736639589568
width: 0.022974607013301087
height: 0.010260795211628902
Area: 0.00012820824327307374
CentroidX: 0.3561
CentroidY: 0.4396
