Location: easy21_Mean-Medain.png
Component: component_1744297380817_270.png
centerX: 0.36693548387096775
centerY: 0.27011494252873564
width: 0.02903225806451613
height: 0.014367816091954023
Area: 0.0001521752564577926
CentroidX: 0.3796
CentroidY: 0.2781
