Location: easy16_Gaussian-Median.png
Component: component_1744297381909_1185.png
centerX: 0.08629032258064516
centerY: 0.8237547892720306
width: 0.028225806451612902
height: 0.014367816091954023
Area: 0.00013324990730441232
CentroidX: 0.0984
CentroidY: 0.8316
