Location: easy26_Mean-Closing.png
Component: component_1744297382144_863.png
centerX: 0.3895161290322581
centerY: 0.6810344827586207
width: 0.028225806451612902
height: 0.014846743295019157
Area: 0.0001421332344580398
CentroidX: 0.4019
CentroidY: 0.6891
