Location: easy21_Mean-Medain.png
Component: component_1744297380794_188.png
centerX: 0.7629032258064516
centerY: 0.15134099616858238
width: 0.029838709677419355
height: 0.014846743295019157
Area: 0.0001668520578420467
CentroidX: 0.7753
CentroidY: 0.1593
