Location: easy64_Gaussian-Closing.png
Component: component_1744297381233_284.png
centerX: 0.7484885126964933
centerY: 0.25951261222744765
width: 0.016324062877871828
height: 0.010260795211628902
Area: 7.987166768423343e-05
CentroidX: 0.7564
CentroidY: 0.2653
