Location: easy16_Gaussian-Median.png
Component: component_1744297381691_261.png
centerX: 0.35
centerY: 0.18055555555555555
width: 0.028225806451612902
height: 0.014367816091954023
Area: 0.00013324990730441232
CentroidX: 0.3619
CentroidY: 0.1884
