Location: easy21_Mean-Medain.png
Component: component_1744297380829_323.png
centerX: 0.7314516129032258
centerY: 0.31226053639846746
width: 0.029838709677419355
height: 0.014846743295019157
Area: 0.00015333395130391793
CentroidX: 0.7443
CentroidY: 0.3203
