Location: easy16_Gaussian-Median.png
Component: component_1744297381900_1143.png
centerX: 0.9161290322580645
centerY: 0.7998084291187739
width: 0.029838709677419355
height: 0.014846743295019157
Area: 0.00014406439253491533
CentroidX: 0.9290
CentroidY: 0.8078
