Location: easy21_Mean-Medain.png
Component: component_1744297381067_1053.png
centerX: 0.25483870967741934
centerY: 0.7902298850574713
width: 0.02903225806451613
height: 0.014846743295019157
Area: 0.00014483685576566555
CentroidX: 0.2676
CentroidY: 0.7981
