Location: easy16_Gaussian-Median.png
Component: component_1744297381843_815.png
centerX: 0.7846774193548387
centerY: 0.5977011494252874
width: 0.028225806451612902
height: 0.014846743295019157
Area: 0.0001421332344580398
CentroidX: 0.7972
CentroidY: 0.6058
