Location: easy16_Gaussian-Median.png
Component: component_1744297381663_114.png
centerX: 0.707258064516129
centerY: 0.0886015325670498
width: 0.028225806451612902
height: 0.014846743295019157
Area: 0.0001425194660734149
CentroidX: 0.7194
CentroidY: 0.0964
