Location: easy21_Mean-Medain.png
Component: component_1744297380853_427.png
centerX: 0.6161290322580645
centerY: 0.38122605363984674
width: 0.02903225806451613
height: 0.014846743295019157
Area: 0.0001568100358422939
CentroidX: 0.6286
CentroidY: 0.3894
