Location: easy16_Gaussian-Median.png
Component: component_1744297381658_82.png
centerX: 0.38387096774193546
centerY: 0.06752873563218391
width: 0.028225806451612902
height: 0.014846743295019157
Area: 0.00013904338153503893
CentroidX: 0.3964
CentroidY: 0.0757
