Location: easy16_Gaussian-Median.png
Component: component_1744297381762_407.png
centerX: 0.10403225806451613
centerY: 0.2710727969348659
width: 0.02903225806451613
height: 0.014367816091954023
Area: 0.00013827091830428872
CentroidX: 0.1169
CentroidY: 0.2788
