Location: easy16_Gaussian-Median.png
Component: component_1744297381836_794.png
centerX: 0.5048387096774194
centerY: 0.5766283524904214
width: 0.028225806451612902
height: 0.014367816091954023
Area: 0.00014560931899641578
CentroidX: 0.5170
CentroidY: 0.5844
