Location: easy16_Gaussian-Median.png
Component: component_1744297381922_1252.png
centerX: 0.5669354838709677
centerY: 0.8682950191570882
width: 0.02903225806451613
height: 0.014846743295019157
Area: 0.00015372018291929303
CentroidX: 0.5797
CentroidY: 0.8762
