Location: easy26_Mean-Closing.png
Component: component_1744297381977_142.png
centerX: 0.21935483870967742
centerY: 0.1206896551724138
width: 0.027419354838709678
height: 0.014846743295019157
Area: 0.00014367816091954023
CentroidX: 0.2310
CentroidY: 0.1286
