Location: easy16_Gaussian-Median.png
Component: component_1744297381755_366.png
centerX: 0.542741935483871
centerY: 0.2471264367816092
width: 0.028225806451612902
height: 0.014367816091954023
Area: 0.00013556729699666295
CentroidX: 0.5548
CentroidY: 0.2548
