Location: easy21_Mean-Medain.png
Component: component_1744297380911_716.png
centerX: 0.6943548387096774
centerY: 0.5632183908045977
width: 0.03064516129032258
height: 0.014846743295019157
Area: 0.00016298974168829563
CentroidX: 0.7075
CentroidY: 0.5711
