Location: easy26_Mean-Closing.png
Component: component_1744297382195_1117.png
centerX: 0.07580645161290323
centerY: 0.860632183908046
width: 0.028225806451612902
height: 0.014846743295019157
Area: 0.00014020207638116425
CentroidX: 0.0882
CentroidY: 0.8685
