Location: easy21_Mean-Medain.png
Component: component_1744297381121_1103.png
centerX: 0.7120967741935483
centerY: 0.8156130268199234
width: 0.03064516129032258
height: 0.01532567049808429
Area: 0.00015835496230379433
CentroidX: 0.7256
CentroidY: 0.8238
