Location: easy26_Mean-Closing.png
Component: component_1744297382086_553.png
centerX: 0.8629032258064516
centerY: 0.3903256704980843
width: 0.029838709677419355
height: 0.014846743295019157
Area: 0.0001413607712272896
CentroidX: 0.8753
CentroidY: 0.3984
