Location: easy26_Mean-Closing.png
Component: component_1744297382186_1066.png
centerX: 0.2435483870967742
centerY: 0.8160919540229885
width: 0.028225806451612902
height: 0.014846743295019157
Area: 0.00013479483376591274
CentroidX: 0.2558
CentroidY: 0.8242
