Location: easy16_Gaussian-Median.png
Component: component_1744297381776_469.png
centerX: 0.10483870967741936
centerY: 0.31561302681992337
width: 0.028225806451612902
height: 0.014367816091954023
Area: 0.00013479483376591274
CentroidX: 0.1169
CentroidY: 0.3232
