Location: easy64_Gaussian-Closing.png
Component: component_1744297381555_1191.png
centerX: 0.6922611850060459
centerY: 0.7443351859769132
width: 0.016928657799274487
height: 0.00983326207781103
Area: 8.013015204567109e-05
CentroidX: 0.7003
CentroidY: 0.7498
