Location: easy43_Mean-Closing.png
Component: component_1744297380641_740.png
centerX: 0.4703748488512696
centerY: 0.4771269773407439
width: 0.013905683192261185
height: 0.00983326207781103
Area: 7.134168375679103e-05
CentroidX: 0.4760
CentroidY: 0.4818
