Location: easy21_Mean-Medain.png
Component: component_1744297381021_999.png
centerX: 0.839516129032258
centerY: 0.7471264367816092
width: 0.03064516129032258
height: 0.01532567049808429
Area: 0.0001568100358422939
CentroidX: 0.8529
CentroidY: 0.7553
