Location: easy64_Gaussian-Closing.png
Component: component_1744297381203_139.png
centerX: 0.4147521160822249
centerY: 0.17571611799914494
width: 0.015719467956469165
height: 0.010260795211628902
Area: 8.478287055154877e-05
CentroidX: 0.4218
CentroidY: 0.1812
