Location: easy16_Gaussian-Median.png
Component: component_1744297381724_296.png
centerX: 0.2032258064516129
centerY: 0.20306513409961685
width: 0.028225806451612902
height: 0.014846743295019157
Area: 0.00013827091830428872
CentroidX: 0.2156
CentroidY: 0.2111
