Location: easy16_Gaussian-Median.png
Component: component_1744297381786_525.png
centerX: 0.7798387096774193
centerY: 0.3563218390804598
width: 0.02903225806451613
height: 0.014846743295019157
Area: 0.00014329192930416512
CentroidX: 0.7924
CentroidY: 0.3643
