Location: easy16_Gaussian-Median.png
Component: component_1744297381829_761.png
centerX: 0.23790322580645162
centerY: 0.5550766283524904
width: 0.028225806451612902
height: 0.014846743295019157
Area: 0.00014560931899641578
CentroidX: 0.2504
CentroidY: 0.5630
