Location: easy16_Gaussian-Median.png
Component: component_1744297381848_848.png
centerX: 0.6943548387096774
centerY: 0.6202107279693486
width: 0.02903225806451613
height: 0.014367816091954023
Area: 0.0001459955506117909
CentroidX: 0.7071
CentroidY: 0.6281
