Location: easy26_Mean-Closing.png
Component: component_1744297381969_99.png
centerX: 0.6895161290322581
centerY: 0.07806513409961686
width: 0.028225806451612902
height: 0.01532567049808429
Area: 0.00017380422691879867
CentroidX: 0.7019
CentroidY: 0.0864
