Location: easy16_Gaussian-Median.png
Component: component_1744297381815_654.png
centerX: 0.05161290322580645
centerY: 0.428639846743295
width: 0.027419354838709678
height: 0.013888888888888888
Area: 0.00012591150661228525
CentroidX: 0.0633
CentroidY: 0.4360
