Location: easy16_Gaussian-Median.png
Component: component_1744297381748_332.png
centerX: 0.3879032258064516
centerY: 0.22509578544061304
width: 0.028225806451612902
height: 0.014846743295019157
Area: 0.00013788468668891361
CentroidX: 0.4003
CentroidY: 0.2330
