Location: easy16_Gaussian-Median.png
Component: component_1744297381772_448.png
centerX: 0.839516129032258
centerY: 0.31082375478927204
width: 0.02903225806451613
height: 0.014846743295019157
Area: 0.00015024409838091708
CentroidX: 0.8523
CentroidY: 0.3187
