Location: easy43_Mean-Closing.png
Component: component_1744297380646_791.png
centerX: 0.24365175332527206
centerY: 0.500213766566909
width: 0.015114873035066506
height: 0.010260795211628902
Area: 8.219802693717227e-05
CentroidX: 0.2500
CentroidY: 0.5052
