Location: easy16_Gaussian-Median.png
Component: component_1744297381834_786.png
centerX: 0.24919354838709679
centerY: 0.5771072796934866
width: 0.028225806451612902
height: 0.014367816091954023
Area: 0.000146381782227166
CentroidX: 0.2618
CentroidY: 0.5848
