Location: easy16_Gaussian-Median.png
Component: component_1744297381753_363.png
centerX: 0.442741935483871
centerY: 0.24760536398467434
width: 0.027419354838709678
height: 0.014367816091954023
Area: 0.00013981584476578914
CentroidX: 0.4544
CentroidY: 0.2554
