Location: easy16_Gaussian-Median.png
Component: component_1744297381800_581.png
centerX: 0.2564516129032258
centerY: 0.382183908045977
width: 0.027419354838709678
height: 0.014367816091954023
Area: 0.0001328636756890372
CentroidX: 0.2686
CentroidY: 0.3898
