Location: easy26_Mean-Closing.png
Component: component_1744297382034_433.png
centerX: 0.5806451612903226
centerY: 0.3017241379310345
width: 0.027419354838709678
height: 0.014367816091954023
Area: 0.0001367259918427883
CentroidX: 0.5923
CentroidY: 0.3094
