Location: easy26_Mean-Closing.png
Component: component_1744297382132_799.png
centerX: 0.4620967741935484
centerY: 0.6360153256704981
width: 0.02903225806451613
height: 0.014367816091954023
Area: 0.00014483685576566555
CentroidX: 0.4748
CentroidY: 0.6438
