Location: easy16_Gaussian-Median.png
Component: component_1744297381688_245.png
centerX: 0.7846774193548387
centerY: 0.17672413793103448
width: 0.028225806451612902
height: 0.014846743295019157
Area: 0.0001510165616116673
CentroidX: 0.7967
CentroidY: 0.1848
