Location: easy21_Mean-Medain.png
Component: component_1744297380928_787.png
centerX: 0.9016129032258065
centerY: 0.6082375478927203
width: 0.029838709677419355
height: 0.01532567049808429
Area: 0.00014792670868866642
CentroidX: 0.9143
CentroidY: 0.6162
