Location: easy43_Mean-Closing.png
Component: component_1744297380704_1282.png
centerX: 0.26118500604594924
centerY: 0.7203933304831125
width: 0.022974607013301087
height: 0.010260795211628902
Area: 0.00013053460252601258
CentroidX: 0.2733
CentroidY: 0.7257
