Location: easy16_Gaussian-Median.png
Component: component_1744297381741_305.png
centerX: 0.11209677419354838
centerY: 0.20402298850574713
width: 0.028225806451612902
height: 0.014846743295019157
Area: 0.00012861512791991102
CentroidX: 0.1242
CentroidY: 0.2120
