Location: easy21_Mean-Medain.png
Component: component_1744297381143_1171.png
centerX: 0.8112903225806452
centerY: 0.8630268199233716
width: 0.03064516129032258
height: 0.01532567049808429
Area: 0.00016723828945742182
CentroidX: 0.8246
CentroidY: 0.8714
