Location: easy64_Gaussian-Closing.png
Component: component_1744297381467_1038.png
centerX: 0.2714631197097944
centerY: 0.6767849508336896
width: 0.022370012091898428
height: 0.00983326207781103
Area: 0.0001248479465743843
CentroidX: 0.2833
CentroidY: 0.6815
