Location: easy26_Mean-Closing.png
Component: component_1744297381991_217.png
centerX: 0.3620967741935484
centerY: 0.16618773946360152
width: 0.027419354838709678
height: 0.014846743295019157
Area: 0.00014483685576566555
CentroidX: 0.3738
CentroidY: 0.1742
