Location: easy43_Mean-Closing.png
Component: component_1744297380703_1273.png
centerX: 0.6964933494558646
centerY: 0.7191107310816588
width: 0.016324062877871828
height: 0.010260795211628902
Area: 8.245651129860992e-05
CentroidX: 0.7045
CentroidY: 0.7245
