Location: easy26_Mean-Closing.png
Component: component_1744297382196_1120.png
centerX: 0.6483870967741936
centerY: 0.860632183908046
width: 0.027419354838709678
height: 0.014846743295019157
Area: 0.00014406439253491533
CentroidX: 0.6598
CentroidY: 0.8686
