Location: easy21_Mean-Medain.png
Component: component_1744297380846_396.png
centerX: 0.47016129032258064
centerY: 0.3596743295019157
width: 0.029838709677419355
height: 0.014846743295019157
Area: 0.00015333395130391793
CentroidX: 0.4833
CentroidY: 0.3679
