Location: easy26_Mean-Closing.png
Component: component_1744297382022_384.png
centerX: 0.2903225806451613
centerY: 0.27873563218390807
width: 0.028225806451612902
height: 0.014846743295019157
Area: 0.00013363613891978742
CentroidX: 0.3026
CentroidY: 0.2870
