Location: easy21_Mean-Medain.png
Component: component_1744297381112_1094.png
centerX: 0.4266129032258065
centerY: 0.814176245210728
width: 0.029838709677419355
height: 0.014846743295019157
Area: 0.00014792670868866642
CentroidX: 0.4399
CentroidY: 0.8219
