Location: easy43_Mean-Closing.png
Component: component_1744297380702_1261.png
centerX: 0.4703748488512696
centerY: 0.7191107310816588
width: 0.022974607013301087
height: 0.010688328345446772
Area: 0.00013596277411620318
CentroidX: 0.4825
CentroidY: 0.7244
