Location: easy26_Mean-Closing.png
Component: component_1744297381953_23.png
centerX: 0.075
centerY: 0.032567049808429116
width: 0.028225806451612902
height: 0.014846743295019157
Area: 0.00014560931899641578
CentroidX: 0.0875
CentroidY: 0.0404
