Location: easy26_Mean-Closing.png
Component: component_1744297382009_313.png
centerX: 0.32983870967741935
centerY: 0.23371647509578544
width: 0.027419354838709678
height: 0.014367816091954023
Area: 0.00014097453961191446
CentroidX: 0.3418
CentroidY: 0.2415
