Location: easy43_Mean-Closing.png
Component: component_1744297380621_579.png
centerX: 0.6342200725513906
centerY: 0.4108593415989739
width: 0.022974607013301087
height: 0.00983326207781103
Area: 0.00012614036838157254
CentroidX: 0.6466
CentroidY: 0.4157
