Location: easy21_Mean-Medain.png
Component: component_1744297380966_929.png
centerX: 0.8846774193548387
centerY: 0.7006704980842912
width: 0.029838709677419355
height: 0.01532567049808429
Area: 0.00015449264615004324
CentroidX: 0.8974
CentroidY: 0.7087
