Location: easy26_Mean-Closing.png
Component: component_1744297382160_944.png
centerX: 0.07580645161290323
centerY: 0.7485632183908046
width: 0.028225806451612902
height: 0.014367816091954023
Area: 0.00013209121245828697
CentroidX: 0.0877
CentroidY: 0.7564
