Location: easy16_Gaussian-Median.png
Component: component_1744297381830_762.png
centerX: 0.2870967741935484
centerY: 0.5545977011494253
width: 0.028225806451612902
height: 0.014846743295019157
Area: 0.00014445062415029044
CentroidX: 0.2993
CentroidY: 0.5625
