Location: easy26_Mean-Closing.png
Component: component_1744297382148_882.png
centerX: 0.20161290322580644
centerY: 0.703544061302682
width: 0.027419354838709678
height: 0.014367816091954023
Area: 0.00013595352861203806
CentroidX: 0.2134
CentroidY: 0.7115
