Location: easy64_Gaussian-Closing.png
Component: component_1744297381206_152.png
centerX: 0.1777509068923821
centerY: 0.17699871740059855
width: 0.015719467956469165
height: 0.00983326207781103
Area: 8.297348002148521e-05
CentroidX: 0.1848
CentroidY: 0.1820
