Location: easy26_Mean-Closing.png
Component: component_1744297382111_683.png
centerX: 0.14838709677419354
centerY: 0.4803639846743295
width: 0.028225806451612902
height: 0.014846743295019157
Area: 0.0001417470028426647
CentroidX: 0.1607
CentroidY: 0.4884
