Location: easy21_Mean-Medain.png
Component: component_1744297381134_1138.png
centerX: 0.7782258064516129
centerY: 0.8395593869731801
width: 0.029838709677419355
height: 0.01532567049808429
Area: 0.00015758249907304412
CentroidX: 0.7915
CentroidY: 0.8480
