Location: easy16_Gaussian-Median.png
Component: component_1744297381828_759.png
centerX: 0.17661290322580644
centerY: 0.5550766283524904
width: 0.028225806451612902
height: 0.014367816091954023
Area: 0.00014406439253491533
CentroidX: 0.1892
CentroidY: 0.5629
