Location: easy43_Mean-Closing.png
Component: component_1744297380629_648.png
centerX: 0.3047158403869408
centerY: 0.4348011970927747
width: 0.02357920193470375
height: 0.00983326207781103
Area: 0.00013260247741751375
CentroidX: 0.3170
CentroidY: 0.4397
