Location: easy26_Mean-Closing.png
Component: component_1744297381962_65.png
centerX: 0.5975806451612903
centerY: 0.05555555555555555
width: 0.028225806451612902
height: 0.014367816091954023
Area: 0.00014869917191941663
CentroidX: 0.6103
CentroidY: 0.0635
