Location: easy26_Mean-Closing.png
Component: component_1744297381957_43.png
centerX: 0.14919354838709678
centerY: 0.05316091954022988
width: 0.028225806451612902
height: 0.014846743295019157
Area: 0.000146381782227166
CentroidX: 0.1615
CentroidY: 0.0614
