Location: easy26_Mean-Closing.png
Component: component_1744297382176_1019.png
centerX: 0.8693548387096774
centerY: 0.7926245210727969
width: 0.02903225806451613
height: 0.014367816091954023
Area: 0.00014522308738104065
CentroidX: 0.8820
CentroidY: 0.8003
