Location: easy64_Gaussian-Closing.png
Component: component_1744297381374_753.png
centerX: 0.5598548972188634
centerY: 0.5288584865327063
width: 0.022974607013301087
height: 0.010260795211628902
Area: 0.00012562339965869725
CentroidX: 0.5721
CentroidY: 0.5340
