Location: easy16_Gaussian-Median.png
Component: component_1744297381678_195.png
centerX: 0.4717741935483871
centerY: 0.13505747126436782
width: 0.027419354838709678
height: 0.014846743295019157
Area: 0.00014097453961191446
CentroidX: 0.4835
CentroidY: 0.1431
