Location: easy16_Gaussian-Median.png
Component: component_1744297381647_50.png
centerX: 0.5016129032258064
centerY: 0.04549808429118774
width: 0.027419354838709678
height: 0.014846743295019157
Area: 0.00013595352861203806
CentroidX: 0.5134
CentroidY: 0.0534
