Location: easy16_Gaussian-Median.png
Component: component_1744297381835_788.png
centerX: 0.30483870967741933
centerY: 0.5766283524904214
width: 0.028225806451612902
height: 0.014846743295019157
Area: 0.00014020207638116425
CentroidX: 0.3172
CentroidY: 0.5847
