Location: easy26_Mean-Closing.png
Component: component_1744297381994_232.png
centerX: 0.07903225806451612
centerY: 0.16762452107279693
width: 0.028225806451612902
height: 0.014846743295019157
Area: 0.0001459955506117909
CentroidX: 0.0914
CentroidY: 0.1758
