Location: easy16_Gaussian-Median.png
Component: component_1744297381770_434.png
centerX: 0.31048387096774194
centerY: 0.2921455938697318
width: 0.027419354838709678
height: 0.014846743295019157
Area: 0.0001367259918427883
CentroidX: 0.3222
CentroidY: 0.3000
