Location: easy16_Gaussian-Median.png
Component: component_1744297381669_145.png
centerX: 0.7846774193548387
centerY: 0.1096743295019157
width: 0.02903225806451613
height: 0.014846743295019157
Area: 0.00014908540353479174
CentroidX: 0.7977
CentroidY: 0.1176
