Location: easy26_Mean-Closing.png
Component: component_1744297382143_858.png
centerX: 0.22983870967741934
centerY: 0.6810344827586207
width: 0.028225806451612902
height: 0.014846743295019157
Area: 0.0001367259918427883
CentroidX: 0.2422
CentroidY: 0.6891
