Location: easy16_Gaussian-Median.png
Component: component_1744297381755_369.png
centerX: 0.16451612903225807
centerY: 0.24808429118773948
width: 0.028225806451612902
height: 0.014846743295019157
Area: 0.00013865714991966383
CentroidX: 0.1770
CentroidY: 0.2560
