Location: easy43_Mean-Closing.png
Component: component_1744297380711_1357.png
centerX: 0.5882708585247884
centerY: 0.7640017101325353
width: 0.02357920193470375
height: 0.010260795211628902
Area: 0.000148628507826648
CentroidX: 0.6005
CentroidY: 0.7690
