Location: easy26_Mean-Closing.png
Component: component_1744297382209_1186.png
centerX: 0.5661290322580645
centerY: 0.8840996168582376
width: 0.028225806451612902
height: 0.014846743295019157
Area: 0.00014908540353479174
CentroidX: 0.5784
CentroidY: 0.8920
