Location: easy16_Gaussian-Median.png
Component: component_1744297381694_280.png
centerX: 0.7758064516129032
centerY: 0.1997126436781609
width: 0.02903225806451613
height: 0.014367816091954023
Area: 0.00014058830799653935
CentroidX: 0.7886
CentroidY: 0.2074
