Location: easy21_Mean-Medain.png
Component: component_1744297380770_87.png
centerX: 0.3758064516129032
centerY: 0.0842911877394636
width: 0.028225806451612902
height: 0.01532567049808429
Area: 0.00015835496230379433
CentroidX: 0.3879
CentroidY: 0.0926
