Location: easy21_Mean-Medain.png
Component: component_1744297380830_329.png
centerX: 0.40161290322580645
centerY: 0.3146551724137931
width: 0.02903225806451613
height: 0.014846743295019157
Area: 0.00015487887776541838
CentroidX: 0.4144
CentroidY: 0.3226
