Location: easy26_Mean-Closing.png
Component: component_1744297382102_632.png
centerX: 0.8459677419354839
centerY: 0.4353448275862069
width: 0.028225806451612902
height: 0.014367816091954023
Area: 0.00014329192930416512
CentroidX: 0.8578
CentroidY: 0.4431
