Location: easy21_Mean-Medain.png
Component: component_1744297380752_21.png
centerX: 0.5717741935483871
centerY: 0.03975095785440613
width: 0.02903225806451613
height: 0.014846743295019157
Area: 0.0001618310468421703
CentroidX: 0.5843
CentroidY: 0.0477
