Location: easy21_Mean-Medain.png
Component: component_1744297380759_60.png
centerX: 0.582258064516129
centerY: 0.06226053639846743
width: 0.02903225806451613
height: 0.014846743295019157
Area: 0.00015796873068841922
CentroidX: 0.5945
CentroidY: 0.0701
