Location: easy16_Gaussian-Median.png
Component: component_1744297381692_264.png
centerX: 0.4120967741935484
centerY: 0.18007662835249041
width: 0.028225806451612902
height: 0.014846743295019157
Area: 0.0001374984550735385
CentroidX: 0.4243
CentroidY: 0.1883
