Location: easy26_Mean-Closing.png
Component: component_1744297382211_1197.png
centerX: 0.832258064516129
centerY: 0.9056513409961686
width: 0.028225806451612902
height: 0.014846743295019157
Area: 0.0001568100358422939
CentroidX: 0.8447
CentroidY: 0.9138
