Location: easy21_Mean-Medain.png
Component: component_1744297380933_809.png
centerX: 0.39919354838709675
centerY: 0.6312260536398467
width: 0.02903225806451613
height: 0.014846743295019157
Area: 0.00014290569768879002
CentroidX: 0.4114
CentroidY: 0.6392
