Location: easy21_Mean-Medain.png
Component: component_1744297380782_149.png
centerX: 0.8806451612903226
centerY: 0.12883141762452108
width: 0.02903225806451613
height: 0.014846743295019157
Area: 0.00015294771968854282
CentroidX: 0.8934
CentroidY: 0.1368
