Location: easy21_Mean-Medain.png
Component: component_1744297380899_666.png
centerX: 0.9411290322580645
centerY: 0.5397509578544061
width: 0.028225806451612902
height: 0.01532567049808429
Area: 0.0001564238042269188
CentroidX: 0.9536
CentroidY: 0.5478
