Location: easy26_Mean-Closing.png
Component: component_1744297382206_1167.png
centerX: 0.6306451612903226
centerY: 0.8836206896551724
width: 0.028225806451612902
height: 0.014846743295019157
Area: 0.0001471542454579162
CentroidX: 0.6427
CentroidY: 0.8914
