Location: easy64_Gaussian-Closing.png
Component: component_1744297381444_1000.png
centerX: 0.3041112454655381
centerY: 0.6554082941427961
width: 0.022370012091898428
height: 0.00983326207781103
Area: 0.0001274327901887608
CentroidX: 0.3162
CentroidY: 0.6604
