Location: easy64_Gaussian-Closing.png
Component: component_1744297381411_913.png
centerX: 0.37424425634824665
centerY: 0.6139375801624626
width: 0.016324062877871828
height: 0.010260795211628902
Area: 7.75453084312946e-05
CentroidX: 0.3823
CentroidY: 0.6195
