Location: easy16_Gaussian-Median.png
Component: component_1744297381652_61.png
centerX: 0.43951612903225806
centerY: 0.04597701149425287
width: 0.027419354838709678
height: 0.014846743295019157
Area: 0.00013981584476578914
CentroidX: 0.4511
CentroidY: 0.0537
