Location: easy21_Mean-Medain.png
Component: component_1744297380826_306.png
centerX: 0.317741935483871
centerY: 0.29310344827586204
width: 0.028225806451612902
height: 0.014846743295019157
Area: 0.00014908540353479174
CentroidX: 0.3301
CentroidY: 0.3010
