Location: easy16_Gaussian-Median.png
Component: component_1744297381857_893.png
centerX: 0.5282258064516129
centerY: 0.6431992337164751
width: 0.028225806451612902
height: 0.014846743295019157
Area: 0.0001475404770732913
CentroidX: 0.5402
CentroidY: 0.6511
