Location: easy26_Mean-Closing.png
Component: component_1744297381999_257.png
centerX: 0.5
centerY: 0.18917624521072796
width: 0.028225806451612902
height: 0.014367816091954023
Area: 0.0001425194660734149
CentroidX: 0.5124
CentroidY: 0.1970
