Location: easy43_Mean-Closing.png
Component: component_1744297380592_360.png
centerX: 0.45163240628778717
centerY: 0.3022659256092347
width: 0.022974607013301087
height: 0.00983326207781103
Area: 0.00013906458645345497
CentroidX: 0.4637
CentroidY: 0.3072
