Location: easy43_Mean-Closing.png
Component: component_1744297380616_535.png
centerX: 0.6765417170495768
centerY: 0.38862761864044465
width: 0.022974607013301087
height: 0.00983326207781103
Area: 0.00012562339965869725
CentroidX: 0.6890
CentroidY: 0.3936
