Location: easy43_Mean-Closing.png
Component: component_1744297380627_637.png
centerX: 0.7926239419588875
centerY: 0.43266353142368535
width: 0.016928657799274487
height: 0.010260795211628902
Area: 7.935469896135814e-05
CentroidX: 0.8006
CentroidY: 0.4382
