Location: easy16_Gaussian-Median.png
Component: component_1744297381716_285.png
centerX: 0.5879032258064516
centerY: 0.20162835249042146
width: 0.028225806451612902
height: 0.014846743295019157
Area: 0.00013981584476578914
CentroidX: 0.6005
CentroidY: 0.2096
