Location: easy16_Gaussian-Median.png
Component: component_1744297381685_225.png
centerX: 0.1629032258064516
centerY: 0.1585249042145594
width: 0.028225806451612902
height: 0.014367816091954023
Area: 0.0001374984550735385
CentroidX: 0.1751
CentroidY: 0.1663
