Location: easy16_Gaussian-Median.png
Component: component_1744297381745_321.png
centerX: 0.49032258064516127
centerY: 0.2246168582375479
width: 0.028225806451612902
height: 0.014846743295019157
Area: 0.00014522308738104065
CentroidX: 0.5025
CentroidY: 0.2325
