Location: easy64_Gaussian-Closing.png
Component: component_1744297381252_349.png
centerX: 0.4879081015719468
centerY: 0.2817443351859769
width: 0.022370012091898428
height: 0.010260795211628902
Area: 0.0001238140091286337
CentroidX: 0.4997
CentroidY: 0.2867
