Location: easy26_Mean-Closing.png
Component: component_1744297382214_1207.png
centerX: 0.30483870967741933
centerY: 0.9066091954022989
width: 0.028225806451612902
height: 0.014846743295019157
Area: 0.00015333395130391793
CentroidX: 0.3167
CentroidY: 0.9146
