Location: easy21_Mean-Medain.png
Component: component_1744297380828_319.png
centerX: 0.617741935483871
centerY: 0.31273946360153254
width: 0.029838709677419355
height: 0.01532567049808429
Area: 0.00015526510938079348
CentroidX: 0.6304
CentroidY: 0.3209
