Location: easy21_Mean-Medain.png
Component: component_1744297380817_269.png
centerX: 0.33548387096774196
centerY: 0.27011494252873564
width: 0.02903225806451613
height: 0.014846743295019157
Area: 0.00015372018291929303
CentroidX: 0.3484
CentroidY: 0.2783
