Location: easy43_Mean-Closing.png
Component: component_1744297380711_1361.png
centerX: 0.6837968561064087
centerY: 0.7635741769987174
width: 0.02357920193470375
height: 0.010688328345446772
Area: 0.00015173032016389977
CentroidX: 0.6960
CentroidY: 0.7690
