Location: easy21_Mean-Medain.png
Component: component_1744297380896_651.png
centerX: 0.13306451612903225
centerY: 0.5196360153256705
width: 0.028225806451612902
height: 0.014367816091954023
Area: 0.00013479483376591274
CentroidX: 0.1452
CentroidY: 0.5274
