Location: easy16_Gaussian-Median.png
Component: component_1744297381805_615.png
centerX: 0.267741935483871
centerY: 0.4042145593869732
width: 0.027419354838709678
height: 0.014367816091954023
Area: 0.00013479483376591274
CentroidX: 0.2797
CentroidY: 0.4119
