Location: easy16_Gaussian-Median.png
Component: component_1744297381786_527.png
centerX: 0.6241935483870967
centerY: 0.3577586206896552
width: 0.028225806451612902
height: 0.014846743295019157
Area: 0.00014869917191941663
CentroidX: 0.6362
CentroidY: 0.3657
