Location: easy26_Mean-Closing.png
Component: component_1744297382121_741.png
centerX: 0.37016129032258066
centerY: 0.6135057471264368
width: 0.028225806451612902
height: 0.014367816091954023
Area: 0.00014522308738104065
CentroidX: 0.3825
CentroidY: 0.6213
