Location: easy26_Mean-Closing.png
Component: component_1744297382002_282.png
centerX: 0.34919354838709676
centerY: 0.21120689655172414
width: 0.028225806451612902
height: 0.014367816091954023
Area: 0.00013865714991966383
CentroidX: 0.3617
CentroidY: 0.2193
