Location: easy16_Gaussian-Median.png
Component: component_1744297381836_796.png
centerX: 0.10161290322580645
centerY: 0.5780651340996169
width: 0.02903225806451613
height: 0.014367816091954023
Area: 0.00014020207638116425
CentroidX: 0.1145
CentroidY: 0.5859
