Location: easy21_Mean-Medain.png
Component: component_1744297380937_825.png
centerX: 0.8629032258064516
centerY: 0.6317049808429118
width: 0.029838709677419355
height: 0.014846743295019157
Area: 0.0001514027932270424
CentroidX: 0.8757
CentroidY: 0.6397
