Location: easy21_Mean-Medain.png
Component: component_1744297380819_280.png
centerX: 0.8846774193548387
centerY: 0.28879310344827586
width: 0.02903225806451613
height: 0.014846743295019157
Area: 0.0001514027932270424
CentroidX: 0.8973
CentroidY: 0.2966
