Location: easy16_Gaussian-Median.png
Component: component_1744297381678_192.png
centerX: 0.3709677419354839
centerY: 0.13553639846743296
width: 0.027419354838709678
height: 0.014367816091954023
Area: 0.00013556729699666295
CentroidX: 0.3826
CentroidY: 0.1433
