Location: easy16_Gaussian-Median.png
Component: component_1744297381671_155.png
centerX: 0.5241935483870968
centerY: 0.11254789272030652
width: 0.027419354838709678
height: 0.014846743295019157
Area: 0.00013209121245828697
CentroidX: 0.5359
CentroidY: 0.1205
