Location: easy16_Gaussian-Median.png
Component: component_1744297381929_1291.png
centerX: 0.4475806451612903
centerY: 0.8912835249042146
width: 0.02903225806451613
height: 0.01532567049808429
Area: 0.00015951365714991967
CentroidX: 0.4604
CentroidY: 0.8994
