Location: easy16_Gaussian-Median.png
Component: component_1744297381900_1140.png
centerX: 0.8467741935483871
centerY: 0.7998084291187739
width: 0.02903225806451613
height: 0.014846743295019157
Area: 0.00014985786676554195
CentroidX: 0.8589
CentroidY: 0.8076
