Location: easy26_Mean-Closing.png
Component: component_1744297382020_368.png
centerX: 0.7677419354838709
centerY: 0.2567049808429119
width: 0.02903225806451613
height: 0.014846743295019157
Area: 0.00015796873068841922
CentroidX: 0.7805
CentroidY: 0.2649
