Location: easy64_Gaussian-Closing.png
Component: component_1744297381284_529.png
centerX: 0.6928657799274486
centerY: 0.3668234288157332
width: 0.016324062877871828
height: 0.010260795211628902
Area: 7.80622771541699e-05
CentroidX: 0.7005
CentroidY: 0.3725
