Location: easy43_Mean-Closing.png
Component: component_1744297380621_583.png
centerX: 0.6983071342200725
centerY: 0.41043180846515603
width: 0.016324062877871828
height: 0.00983326207781103
Area: 8.038863640710874e-05
CentroidX: 0.7058
CentroidY: 0.4157
