Location: easy16_Gaussian-Median.png
Component: component_1744297381743_308.png
centerX: 0.04838709677419355
centerY: 0.20593869731800765
width: 0.031451612903225803
height: 0.014846743295019157
Area: 0.0001374984550735385
CentroidX: 0.0611
CentroidY: 0.2138
