Location: easy16_Gaussian-Median.png
Component: component_1744297381911_1200.png
centerX: 0.6225806451612903
centerY: 0.8453065134099617
width: 0.02903225806451613
height: 0.014846743295019157
Area: 0.00014908540353479174
CentroidX: 0.6352
CentroidY: 0.8532
