Location: easy43_Mean-Closing.png
Component: component_1744297380681_1110.png
centerX: 0.17230955259975816
centerY: 0.6536981616075246
width: 0.02357920193470375
height: 0.01410859341598974
Area: 0.00013001763380313726
CentroidX: 0.1853
CentroidY: 0.6605
