Location: easy21_Mean-Medain.png
Component: component_1744297380840_367.png
centerX: 0.4508064516129032
centerY: 0.3371647509578544
width: 0.02903225806451613
height: 0.014846743295019157
Area: 0.00015372018291929303
CentroidX: 0.4636
CentroidY: 0.3451
