Location: easy16_Gaussian-Median.png
Component: component_1744297381685_226.png
centerX: 0.22903225806451613
centerY: 0.15804597701149425
width: 0.028225806451612902
height: 0.014846743295019157
Area: 0.0001417470028426647
CentroidX: 0.2411
CentroidY: 0.1662
