Location: easy21_Mean-Medain.png
Component: component_1744297380935_818.png
centerX: 0.6879032258064516
centerY: 0.6317049808429118
width: 0.03064516129032258
height: 0.014846743295019157
Area: 0.0001517890248424175
CentroidX: 0.7008
CentroidY: 0.6397
