Location: easy16_Gaussian-Median.png
Component: component_1744297381785_521.png
centerX: 0.6870967741935484
centerY: 0.3568007662835249
width: 0.02903225806451613
height: 0.014846743295019157
Area: 0.00015294771968854282
CentroidX: 0.6996
CentroidY: 0.3646
