Location: easy43_Mean-Closing.png
Component: component_1744297380564_125.png
centerX: 0.26481257557436516
centerY: 0.1333903377511757
width: 0.016928657799274487
height: 0.00940572894399316
Area: 7.80622771541699e-05
CentroidX: 0.2729
CentroidY: 0.1380
