Location: easy43_Mean-Closing.png
Component: component_1744297380650_825.png
centerX: 0.7756952841596131
centerY: 0.5207353569901667
width: 0.015719467956469165
height: 0.00940572894399316
Area: 7.056623067247808e-05
CentroidX: 0.7831
CentroidY: 0.5259
