Location: easy16_Gaussian-Median.png
Component: component_1744297381807_624.png
centerX: 0.896774193548387
centerY: 0.4228927203065134
width: 0.02903225806451613
height: 0.014367816091954023
Area: 0.00014020207638116425
CentroidX: 0.9091
CentroidY: 0.4305
