Location: easy21_Mean-Medain.png
Component: component_1744297380753_27.png
centerX: 0.7161290322580646
centerY: 0.03975095785440613
width: 0.02903225806451613
height: 0.014846743295019157
Area: 0.00015874119391916944
CentroidX: 0.7289
CentroidY: 0.0478
