Location: easy16_Gaussian-Median.png
Component: component_1744297381896_1123.png
centerX: 0.1870967741935484
centerY: 0.7787356321839081
width: 0.028225806451612902
height: 0.014846743295019157
Area: 0.00013865714991966383
CentroidX: 0.1991
CentroidY: 0.7867
