Location: easy26_Mean-Closing.png
Component: component_1744297381987_198.png
centerX: 0.7709677419354839
centerY: 0.14511494252873564
width: 0.028225806451612902
height: 0.014846743295019157
Area: 0.0001514027932270424
CentroidX: 0.7831
CentroidY: 0.1531
