Location: easy16_Gaussian-Median.png
Component: component_1744297381651_56.png
centerX: 0.1975806451612903
centerY: 0.04597701149425287
width: 0.027419354838709678
height: 0.014846743295019157
Area: 0.00014367816091954023
CentroidX: 0.2093
CentroidY: 0.0541
