Location: easy26_Mean-Closing.png
Component: component_1744297382000_261.png
centerX: 0.807258064516129
centerY: 0.18917624521072796
width: 0.02903225806451613
height: 0.014367816091954023
Area: 0.00014406439253491533
CentroidX: 0.8200
CentroidY: 0.1971
