Location: easy16_Gaussian-Median.png
Component: component_1744297381691_259.png
centerX: 0.3088709677419355
centerY: 0.18055555555555555
width: 0.028225806451612902
height: 0.014367816091954023
Area: 0.00012938759115066123
CentroidX: 0.3211
CentroidY: 0.1884
