Location: easy16_Gaussian-Median.png
Component: component_1744297381652_64.png
centerX: 0.10161290322580645
centerY: 0.04837164750957854
width: 0.028225806451612902
height: 0.014367816091954023
Area: 0.00013865714991966383
CentroidX: 0.1138
CentroidY: 0.0560
