Location: easy26_Mean-Closing.png
Component: component_1744297381972_118.png
centerX: 0.3588709677419355
centerY: 0.09865900383141762
width: 0.027419354838709678
height: 0.014846743295019157
Area: 0.00014560931899641578
CentroidX: 0.3710
CentroidY: 0.1066
