Location: easy64_Gaussian-Closing.png
Component: component_1744297381371_742.png
centerX: 0.2998790810157195
centerY: 0.5262932877297991
width: 0.022370012091898428
height: 0.010260795211628902
Area: 0.00013854761773057967
CentroidX: 0.3116
CentroidY: 0.5315
