Location: easy43_Mean-Closing.png
Component: component_1744297380599_414.png
centerX: 0.3561064087061669
centerY: 0.32407011543394615
width: 0.015719467956469165
height: 0.00983326207781103
Area: 7.676985534698165e-05
CentroidX: 0.3633
CentroidY: 0.3293
