Location: easy16_Gaussian-Median.png
Component: component_1744297381876_1005.png
centerX: 0.9032258064516129
centerY: 0.7097701149425287
width: 0.02903225806451613
height: 0.014846743295019157
Area: 0.00015372018291929303
CentroidX: 0.9156
CentroidY: 0.7176
