Location: easy26_Mean-Closing.png
Component: component_1744297382094_592.png
centerX: 0.5661290322580645
centerY: 0.4133141762452107
width: 0.028225806451612902
height: 0.014367816091954023
Area: 0.00014522308738104065
CentroidX: 0.5787
CentroidY: 0.4210
