Location: easy21_Mean-Medain.png
Component: component_1744297380792_180.png
centerX: 0.8838709677419355
centerY: 0.15086206896551724
width: 0.02903225806451613
height: 0.014846743295019157
Area: 0.00015951365714991967
CentroidX: 0.8965
CentroidY: 0.1590
