Location: internet_17.png_Otsu.png
Component: component_1755086411090_787.png
centerX: 0.7795243853284965
centerY: 0.3840889649272883
width: 0.04312777106005643
height: 0.03849443969204448
Area: 0.00042501511630967353
CentroidX: 0.8035
CentroidY: 0.4025
