Location: internet_17.png_Otsu.png
Component: component_1755086411080_350.png
centerX: 0.9355098750503829
centerY: 0.2797262617621899
width: 0.031035872632003223
height: 0.0290846877673225
Area: 0.0001777983734264643
CentroidX: 0.9513
CentroidY: 0.2915
