Location: internet_17.png_Otsu.png
Component: component_1755086411096_889.png
centerX: 0.7158403869407497
centerY: 0.43741089250071286
width: 0.03829101168883515
height: 0.03307670373538637
Area: 0.0003355987397577736
CentroidX: 0.7377
CentroidY: 0.4536
