Location: internet_17.png_Otsu.png
Component: component_1755086411078_318.png
centerX: 0.4268440145102781
centerY: 0.2606216139150271
width: 0.03829101168883515
height: 0.03022526375819789
Area: 0.00019929048449999294
CentroidX: 0.4468
CentroidY: 0.2726
