Location: internet_17.png_Gaussian-Closing.png
Component: component_1755086410972_215.png
centerX: 0.7605804111245466
centerY: 0.5828343313373253
width: 0.0471584038694075
height: 0.03307670373538637
Area: 0.0003219219418018917
CentroidX: 0.7849
CentroidY: 0.5972
