Location: internet_17.png_Mean-Closing.png
Component: component_1755086411453_267.png
centerX: 0.6569931479242241
centerY: 0.7590533219275735
width: 0.041515517936316
height: 0.036213287710293696
Area: 0.00045397774727507043
CentroidX: 0.6790
CentroidY: 0.7763
