Location: internet_17.png_Otsu.png
Component: component_1755086411063_35.png
centerX: 0.7625957275292221
centerY: 0.09951525520387795
width: 0.03345425231761386
height: 0.03507271171941831
Area: 0.00032249659717818925
CentroidX: 0.7820
CentroidY: 0.1138
