Location: internet_17.png_Gaussian-Median.png
Component: component_1755086411247_140.png
centerX: 0.4143490528012898
centerY: 0.3093812375249501
width: 0.035872632003224506
height: 0.03592814371257485
Area: 0.0004149011816868365
CentroidX: 0.4344
CentroidY: 0.3245
