Location: internet_17.png_Gaussian-Median.png
Component: component_1755086411272_241.png
centerX: 0.3804917372027408
centerY: 0.5614485315084118
width: 0.036275695284159616
height: 0.028229255774165955
Area: 0.00034433350147749646
CentroidX: 0.4004
CentroidY: 0.5748
