Location: internet_17.png_Otsu.png
Component: component_1755086411110_1015.png
centerX: 0.20435308343409916
centerY: 0.6207584830339321
width: 0.03909713825070536
height: 0.03649843170801255
Area: 0.0002708925443866686
CentroidX: 0.2228
CentroidY: 0.6376
