Location: internet_17.png_Gaussian-Median.png
Component: component_1755086411290_300.png
centerX: 0.5304312777106006
centerY: 0.7162817222697462
width: 0.03506650544135429
height: 0.033932135728542916
Area: 0.00036042385201382805
CentroidX: 0.5501
CentroidY: 0.7313
