Location: internet_17.png_Mean-Closing.png
Component: component_1755086411384_13.png
centerX: 0.354695687222894
centerY: 0.00855431993156544
width: 0.04393389762192664
height: 0.03307670373538637
Area: 0.0005231662545812963
CentroidX: 0.3775
CentroidY: 0.0220
