Location: internet_17.png_Gaussian-Closing.png
Component: component_1755086410955_140.png
centerX: 0.2861749294639258
centerY: 0.37011690903906475
width: 0.03385731559854897
height: 0.031936127744510975
Area: 0.00030238365900777476
CentroidX: 0.3046
CentroidY: 0.3848
