Location: internet_17.png_Gaussian-Median.png
Component: component_1755086411278_262.png
centerX: 0.13462313583232569
centerY: 0.6287425149700598
width: 0.04312777106005643
height: 0.039635015682919876
Area: 0.00044524298555534755
CentroidX: 0.1567
CentroidY: 0.6456
