Location: internet_17.png_Gaussian-Median.png
Component: component_1755086411222_86.png
centerX: 0.7767029423619508
centerY: 0.1990305104077559
width: 0.037081821846029824
height: 0.03364699173082407
Area: 0.0003955927610432386
CentroidX: 0.7961
CentroidY: 0.2133
