Location: internet_17.png_Gaussian-Closing.png
Component: component_1755086410974_228.png
centerX: 0.20435308343409916
centerY: 0.6207584830339321
width: 0.03990326481257558
height: 0.03649843170801255
Area: 0.00035249360782092174
CentroidX: 0.2240
CentroidY: 0.6380
