Location: internet_17.png_Gaussian-Closing.png
Component: component_1755086410932_26.png
centerX: 0.014913341394598953
centerY: 0.06444254348445966
width: 0.037081821846029824
height: 0.033361847733105215
Area: 0.00044627736523268315
CentroidX: 0.0337
CentroidY: 0.0784
