Location: internet_17.png_Mean-Closing.png
Component: component_1755086411414_99.png
centerX: 0.18500604594921402
centerY: 0.2728828058169376
width: 0.03667875856509472
height: 0.03022526375819789
Area: 0.0003412303624454896
CentroidX: 0.2062
CentroidY: 0.2853
