Location: internet_17.png_Otsu.png
Component: component_1755086411054_22.png
centerX: 0.41152760983474407
centerY: 0.058169375534645
width: 0.04191858121725111
height: 0.033932135728542916
Area: 0.0004447832612543095
CentroidX: 0.4324
CentroidY: 0.0725
