Location: internet_17.png_Gaussian-Closing.png
Component: component_1755086410949_105.png
centerX: 0.9355098750503829
centerY: 0.2797262617621899
width: 0.03143893591293833
height: 0.0290846877673225
Area: 0.00028744261922403826
CentroidX: 0.9529
CentroidY: 0.2921
