Location: internet_17.png_Mean-Closing.png
Component: component_1755086411430_169.png
centerX: 0.37968561064087064
centerY: 0.459652124322783
width: 0.03345425231761386
height: 0.033932135728542916
Area: 0.0003450230879290535
CentroidX: 0.3971
CentroidY: 0.4747
