Location: internet_17.png_Otsu.png
Component: component_1755086411067_87.png
centerX: 0.9383313180169287
centerY: 0.142571998859424
width: 0.03829101168883515
height: 0.029654975762760195
Area: 0.000264916128473174
CentroidX: 0.9609
CentroidY: 0.1550
