Location: internet_17.png_Gaussian-Closing.png
Component: component_1755086410986_273.png
centerX: 0.7738814993954051
centerY: 0.7556315939549473
width: 0.03990326481257558
height: 0.03421727972626176
Area: 0.00034146022459600865
CentroidX: 0.7941
CentroidY: 0.7699
