Location: internet_17.png_Mean-Closing.png
Component: component_1755086411454_272.png
centerX: 0.37162434502216846
centerY: 0.7812945537496435
width: 0.03385731559854897
height: 0.03364699173082407
Area: 0.0003881222411513703
CentroidX: 0.3905
CentroidY: 0.7955
