Location: internet_17.png_Otsu.png
Component: component_1755086411064_39.png
centerX: 0.6215235792019347
centerY: 0.10122611919019105
width: 0.03385731559854897
height: 0.027088679783290562
Area: 0.00029353396621279235
CentroidX: 0.6402
CentroidY: 0.1126
