Location: internet_17.png_Mean-Closing.png
Component: component_1755086411456_283.png
centerX: 0.7110036275695284
centerY: 0.8075278015397775
width: 0.04070939137444579
height: 0.03421727972626176
Area: 0.0004424846397491193
CentroidX: 0.7340
CentroidY: 0.8230
