Location: internet_17.png_Mean-Closing.png
Component: component_1755086411436_193.png
centerX: 0.7456670697299476
centerY: 0.5269461077844312
width: 0.04877065699314793
height: 0.039635015682919876
Area: 0.00048558379297143606
CentroidX: 0.7704
CentroidY: 0.5432
