Location: internet_17.png_Gaussian-Closing.png
Component: component_1755086410994_318.png
centerX: 0.7013301088270859
centerY: 0.8833761049329911
width: 0.039500201531640466
height: 0.030795551753635585
Area: 0.0004171998031920267
CentroidX: 0.7239
CentroidY: 0.8967
