Location: internet_17.png_Otsu.png
Component: component_1755086411085_555.png
centerX: 0.9338976219266425
centerY: 0.32677502138579984
width: 0.0237807335751713
height: 0.015112631879098944
Area: 8.619830644463362e-05
CentroidX: 0.9439
CentroidY: 0.3346
