Location: internet_17.png_Gaussian-Closing.png
Component: component_1755086410974_225.png
centerX: 0.3921805723498589
centerY: 0.6084972911320217
width: 0.036275695284159616
height: 0.031936127744510975
Area: 0.00034111543137023013
CentroidX: 0.4109
CentroidY: 0.6236
