Location: internet_17.png_Gaussian-Median.png
Component: component_1755086411246_128.png
centerX: 0.06449012494961709
centerY: 0.2825777017393784
width: 0.027408303103587262
height: 0.022241231822070145
Area: 0.00023262049632525128
CentroidX: 0.0756
CentroidY: 0.2942
