Location: internet_17.png_Gaussian-Median.png
Component: component_1755086411311_380.png
centerX: 0.007658202337767029
centerY: 0.9030510407755917
width: 0.037484885126964934
height: 0.029654975762760195
Area: 0.00043432453340569395
CentroidX: 0.0281
CentroidY: 0.9153
