Location: internet_17.png_Gaussian-Median.png
Component: component_1755086411247_139.png
centerX: 0.475614671503426
centerY: 0.3059595095523239
width: 0.0354695687222894
height: 0.03507271171941831
Area: 0.0003562863333044856
CentroidX: 0.4946
CentroidY: 0.3204
