Location: internet_17.png_Gaussian-Median.png
Component: component_1755086411297_319.png
centerX: 0.9439742039500202
centerY: 0.757912745936698
width: 0.037484885126964934
height: 0.03307670373538637
Area: 0.00039846603792472634
CentroidX: 0.9624
CentroidY: 0.7712
