Location: internet_17.png_Mean-Closing.png
Component: component_1755086411426_151.png
centerX: 0.40024183796856105
centerY: 0.4134587966923296
width: 0.041515517936316
height: 0.03279155973766752
Area: 0.00046926358028458545
CentroidX: 0.4254
CentroidY: 0.4276
