Location: internet_17.png_Otsu.png
Component: component_1755086411094_882.png
centerX: 0.9367190648931882
centerY: 0.4245794126033647
width: 0.03869407496977025
height: 0.03222127174222983
Area: 0.0003162903191141756
CentroidX: 0.9589
CentroidY: 0.4402
