Location: internet_17.png_Gaussian-Closing.png
Component: component_1755086410947_98.png
centerX: 0.37122128174123337
centerY: 0.26290276589677786
width: 0.03426037887948408
height: 0.03364699173082407
Area: 0.00034214981104756573
CentroidX: 0.3889
CentroidY: 0.2766
