Location: internet_17.png_Mean-Closing.png
Component: component_1755086411415_104.png
centerX: 0.826279725916969
centerY: 0.281437125748503
width: 0.03466344216041919
height: 0.033361847733105215
Area: 0.0003559415400787071
CentroidX: 0.8458
CentroidY: 0.2959
