Location: internet_17.png_Gaussian-Median.png
Component: component_1755086411248_144.png
centerX: 0.3067311567916163
centerY: 0.3179355574565155
width: 0.031035872632003223
height: 0.0290846877673225
Area: 0.00034812622696106033
CentroidX: 0.3235
CentroidY: 0.3305
