Location: internet_17.png_Mean-Closing.png
Component: component_1755086411438_201.png
centerX: 0.44135429262394194
centerY: 0.5520387795836897
width: 0.035872632003224506
height: 0.036783575705731396
Area: 0.000404902178139259
CentroidX: 0.4615
CentroidY: 0.5685
