Location: internet_17.png_Gaussian-Closing.png
Component: component_1755086410973_224.png
centerX: 0.4534461910519952
centerY: 0.6047904191616766
width: 0.0354695687222894
height: 0.03849443969204448
Area: 0.00036053878308908754
CentroidX: 0.4712
CentroidY: 0.6214
