Location: internet_17.png_Mean-Closing.png
Component: component_1755086411417_115.png
centerX: 0.35953244659411526
centerY: 0.3150841174793271
width: 0.03667875856509472
height: 0.032506415739948676
Area: 0.0003831802049152113
CentroidX: 0.3794
CentroidY: 0.3287
