Location: internet_17.png_Otsu.png
Component: component_1755086411072_164.png
centerX: 0.7767029423619508
centerY: 0.19931565440547477
width: 0.037081821846029824
height: 0.033361847733105215
Area: 0.000304682280512965
CentroidX: 0.7960
CentroidY: 0.2132
