Location: internet_17.png_Gaussian-Median.png
Component: component_1755086411308_370.png
centerX: 0.5114873035066505
centerY: 0.8867978329056173
width: 0.036275695284159616
height: 0.03649843170801255
Area: 0.0004491506421141709
CentroidX: 0.5323
CentroidY: 0.9027
