Location: internet_17.png_Otsu.png
Component: component_1755086411078_308.png
centerX: 0.4893188230552197
centerY: 0.25805531793555747
width: 0.03426037887948408
height: 0.027944111776447105
Area: 0.00019561269009168856
CentroidX: 0.5066
CentroidY: 0.2703
