Location: internet_17.png_Gaussian-Closing.png
Component: component_1755086410982_255.png
centerX: 0.7565497783151954
centerY: 0.701739378386085
width: 0.041112454655380895
height: 0.03222127174222983
Area: 0.0003531831942724788
CentroidX: 0.7793
CentroidY: 0.7164
