Location: internet_17.png_Mean-Closing.png
Component: component_1755086411455_278.png
centerX: 0.013704151551793631
centerY: 0.8026803535785572
width: 0.03829101168883515
height: 0.036783575705731396
Area: 0.0004438638126522334
CentroidX: 0.0350
CentroidY: 0.8213
