Location: internet_17.png_Otsu.png
Component: component_1755086411103_929.png
centerX: 0.7460701330108828
centerY: 0.5269461077844312
width: 0.04836759371221282
height: 0.03934987168520103
Area: 0.0003759395471738621
CentroidX: 0.7699
CentroidY: 0.5427
