Location: internet_17.png_Gaussian-Median.png
Component: component_1755086411252_166.png
centerX: 0.4417573559048771
centerY: 0.3652694610778443
width: 0.03506650544135429
height: 0.03507271171941831
Area: 0.00031215280040483323
CentroidX: 0.4605
CentroidY: 0.3801
