Location: internet_17.png_Otsu.png
Component: component_1755086411116_1202.png
centerX: 0.014913341394598953
centerY: 0.6971770744225834
width: 0.03909713825070536
height: 0.03507271171941831
Area: 0.00023871184331400536
CentroidX: 0.0350
CentroidY: 0.7131
