Location: internet_17.png_Gaussian-Closing.png
Component: component_1755086410975_231.png
centerX: 0.07013301088270858
centerY: 0.6318790989449672
width: 0.04312777106005643
height: 0.04077559167379527
Area: 0.0004800671013589795
CentroidX: 0.0931
CentroidY: 0.6495
