Location: internet_17.png_Gaussian-Median.png
Component: component_1755086411272_244.png
centerX: 0.9399435711406691
centerY: 0.5737097234103222
width: 0.03990326481257558
height: 0.033932135728542916
Area: 0.00029215479330967824
CentroidX: 0.9603
CentroidY: 0.5878
