Location: internet_17.png_Gaussian-Median.png
Component: component_1755086411260_192.png
centerX: 0.17654171704957677
centerY: 0.42201311662389507
width: 0.031035872632003223
height: 0.031936127744510975
Area: 0.00036513602609946803
CentroidX: 0.1937
CentroidY: 0.4362
