Location: internet_17.png_Gaussian-Median.png
Component: component_1755086411309_374.png
centerX: 0.3861346231358323
centerY: 0.8956372968349017
width: 0.026602176541717048
height: 0.01710863986313088
Area: 0.00020434745181141143
CentroidX: 0.3979
CentroidY: 0.9037
