Location: internet_17.png_Otsu.png
Component: component_1755086411072_170.png
centerX: 0.660217654171705
centerY: 0.20387795836897632
width: 0.03829101168883515
height: 0.033361847733105215
Area: 0.00026859392288147835
CentroidX: 0.6794
CentroidY: 0.2184
