Location: internet_17.png_Otsu.png
Component: component_1755086411109_995.png
centerX: 0.4538492543329303
centerY: 0.6047904191616766
width: 0.03506650544135429
height: 0.038209295694325636
Area: 0.00025388274524826087
CentroidX: 0.4705
CentroidY: 0.6212
