Location: internet_17.png_Gaussian-Median.png
Component: component_1755086411218_60.png
centerX: 0.8758565094719871
centerY: 0.14399771884801824
width: 0.03788794840790004
height: 0.028514399771884802
Area: 0.0003450230879290535
CentroidX: 0.8974
CentroidY: 0.1565
