Location: internet_17.png_Mean-Closing.png
Component: component_1755086411450_255.png
centerX: 0.3542926239419589
centerY: 0.731679498146564
width: 0.04030632809351068
height: 0.03507271171941831
Area: 0.0004558166444792226
CentroidX: 0.3758
CentroidY: 0.7471
