Location: internet_17.png_Gaussian-Closing.png
Component: component_1755086410955_137.png
centerX: 0.44216041918581217
centerY: 0.3652694610778443
width: 0.03426037887948408
height: 0.03507271171941831
Area: 0.0003089347302975669
CentroidX: 0.4605
CentroidY: 0.3800
