Location: internet_17.png_Otsu.png
Component: component_1755086411071_134.png
centerX: 0.011688835147118097
centerY: 0.18334759053321928
width: 0.036275695284159616
height: 0.03364699173082407
Area: 0.0003691586137335509
CentroidX: 0.0315
CentroidY: 0.1983
