Location: internet_17.png_Mean-Closing.png
Component: component_1755086411388_24.png
centerX: 0.705763804917372
centerY: 0.06016538351867693
width: 0.03667875856509472
height: 0.03022526375819789
Area: 0.00043271549835206076
CentroidX: 0.7238
CentroidY: 0.0716
