Location: internet_17.png_Mean-Closing.png
Component: component_1755086411435_187.png
centerX: 0.32083837162434503
centerY: 0.5135443398916453
width: 0.041112454655380895
height: 0.036213287710293696
Area: 0.0004289227728684969
CentroidX: 0.3423
CentroidY: 0.5296
