Location: internet_17.png_Otsu.png
Component: component_1755086411102_921.png
centerX: 0.25836356307940345
centerY: 0.5166809238665526
width: 0.035872632003224506
height: 0.03507271171941831
Area: 0.0003320358764247287
CentroidX: 0.2772
CentroidY: 0.5313
