Location: internet_17.png_Gaussian-Closing.png
Component: component_1755086410975_232.png
centerX: 0.8657799274486094
centerY: 0.6350156829198745
width: 0.03506650544135429
height: 0.03706871970345024
Area: 0.0003940986570648649
CentroidX: 0.8850
CentroidY: 0.6513
