Location: internet_17.png_Gaussian-Closing.png
Component: component_1755086410959_153.png
centerX: 0.52801289802499
centerY: 0.4086113487311092
width: 0.0471584038694075
height: 0.033932135728542916
Area: 0.00046328716437109085
CentroidX: 0.5542
CentroidY: 0.4230
