Location: internet_17.png_Gaussian-Closing.png
Component: component_1755086410985_269.png
centerX: 0.06972994760177348
centerY: 0.7470772740233818
width: 0.03426037887948408
height: 0.04020530367835757
Area: 0.00038272048061417326
CentroidX: 0.0903
CentroidY: 0.7647
