Location: internet_17.png_Otsu.png
Component: component_1755086411107_973.png
centerX: 0.11608222490931076
centerY: 0.5848303393213573
width: 0.03909713825070536
height: 0.03022526375819789
Area: 0.00033617339513407113
CentroidX: 0.1390
CentroidY: 0.6000
