Location: internet_17.png_Mean-Closing.png
Component: component_1755086411406_75.png
centerX: 0.3994357114066909
centerY: 0.22241231822070145
width: 0.03869407496977025
height: 0.03136583974907328
Area: 0.00040903969684860143
CentroidX: 0.4202
CentroidY: 0.2353
