Location: internet_17.png_Gaussian-Median.png
Component: component_1755086411284_275.png
centerX: 0.5042321644498187
centerY: 0.6632449386940404
width: 0.036275695284159616
height: 0.027088679783290562
Area: 0.00029859093352421084
CentroidX: 0.5230
CentroidY: 0.6761
