Location: internet_17.png_Mean-Closing.png
Component: component_1755086411434_183.png
centerX: 0.5554212011285772
centerY: 0.4992871400057029
width: 0.036275695284159616
height: 0.033361847733105215
Area: 0.0003928344152370103
CentroidX: 0.5741
CentroidY: 0.5148
