Location: internet_17.png_Gaussian-Median.png
Component: component_1755086411268_224.png
centerX: 0.4417573559048771
centerY: 0.5089820359281437
width: 0.03829101168883515
height: 0.031080695751354435
Area: 0.0003480112958858008
CentroidX: 0.4626
CentroidY: 0.5227
