Location: internet_17.png_Mean-Closing.png
Component: component_1755086411415_105.png
centerX: 0.06449012494961709
centerY: 0.2825777017393784
width: 0.02781136638452237
height: 0.022241231822070145
Area: 0.00024376881062542388
CentroidX: 0.0757
CentroidY: 0.2943
