Location: internet_17.png_Otsu.png
Component: component_1755086411106_970.png
centerX: 0.8238613462313583
centerY: 0.5808383233532934
width: 0.03788794840790004
height: 0.02765896777872826
Area: 0.00021721973224047672
CentroidX: 0.8419
CentroidY: 0.5929
