Location: internet_17.png_Otsu.png
Component: component_1755086411114_1125.png
centerX: 0.4397420395002015
centerY: 0.6678072426575421
width: 0.03990326481257558
height: 0.035642999714856
Area: 0.00027951237503113195
CentroidX: 0.4601
CentroidY: 0.6841
