Location: internet_17.png_Gaussian-Median.png
Component: component_1755086411298_324.png
centerX: 0.5372833534864974
centerY: 0.7701739378386085
width: 0.03667875856509472
height: 0.029654975762760195
Area: 0.00033674805051036867
CentroidX: 0.5570
CentroidY: 0.7823
