Location: internet_17.png_Mean-Closing.png
Component: component_1755086411457_285.png
centerX: 0.8827085852478839
centerY: 0.8109495295124037
width: 0.026602176541717048
height: 0.01996007984031936
Area: 0.00023664308395933417
CentroidX: 0.8947
CentroidY: 0.8205
