Location: internet_17.png_Gaussian-Closing.png
Component: component_1755086410945_84.png
centerX: 0.13341394598952036
centerY: 0.23781009409751924
width: 0.036275695284159616
height: 0.026803535785571715
Area: 0.00032180701072663217
CentroidX: 0.1540
CentroidY: 0.2494
