Location: internet_17.png_Gaussian-Median.png
Component: component_1755086411302_342.png
centerX: 0.8827085852478839
centerY: 0.8109495295124037
width: 0.026602176541717048
height: 0.01996007984031936
Area: 0.0002250350453581235
CentroidX: 0.8947
CentroidY: 0.8205
