Location: internet_17.png_Gaussian-Median.png
Component: component_1755086411244_121.png
centerX: 0.12575574365175332
centerY: 0.27516395779868835
width: 0.03466344216041919
height: 0.03022526375819789
Area: 0.0003709975109377031
CentroidX: 0.1443
CentroidY: 0.2887
