Location: internet_17.png_Gaussian-Closing.png
Component: component_1755086410960_157.png
centerX: 0.28053204353083433
centerY: 0.41573994867408043
width: 0.03305118903667876
height: 0.03792415169660679
Area: 0.0004778834109290488
CentroidX: 0.2991
CentroidY: 0.4323
