Location: internet_17.png_Otsu.png
Component: component_1755086411097_895.png
centerX: 0.4873035066505441
centerY: 0.4542343883661249
width: 0.035872632003224506
height: 0.030795551753635585
Area: 0.0003092795235233454
CentroidX: 0.5069
CentroidY: 0.4672
