Location: internet_17.png_Otsu.png
Component: component_1755086411091_832.png
centerX: 0.717049576783555
centerY: 0.3929284288565726
width: 0.04353083434099154
height: 0.03279155973766752
Area: 0.00040064972835465707
CentroidX: 0.7408
CentroidY: 0.4082
