Location: internet_17.png_Otsu.png
Component: component_1755086411129_1656.png
centerX: 0.46634421604191856
centerY: 0.827487881380097
width: 0.04030632809351068
height: 0.03364699173082407
Area: 0.0003536429185735169
CentroidX: 0.4870
CentroidY: 0.8421
