Location: internet_17.png_Gaussian-Closing.png
Component: component_1755086410935_40.png
centerX: 0.4860943168077388
centerY: 0.10236669518106643
width: 0.0354695687222894
height: 0.032506415739948676
Area: 0.0003691586137335509
CentroidX: 0.5062
CentroidY: 0.1179
