Location: internet_17.png_Otsu.png
Component: component_1755086411092_878.png
centerX: 0.3381700927045546
centerY: 0.4154548046763616
width: 0.04232164449818621
height: 0.041060735671514116
Area: 0.00046765454523095226
CentroidX: 0.3639
CentroidY: 0.4307
