Location: internet_17.png_Gaussian-Median.png
Component: component_1755086411276_258.png
centerX: 0.3921805723498589
centerY: 0.6084972911320217
width: 0.036275695284159616
height: 0.03222127174222983
Area: 0.0003430692596496418
CentroidX: 0.4109
CentroidY: 0.6236
