Location: internet_17.png_Gaussian-Median.png
Component: component_1755086411267_219.png
centerX: 0.6666666666666666
centerY: 0.4898773880809809
width: 0.04191858121725111
height: 0.03222127174222983
Area: 0.0003958226231937576
CentroidX: 0.6907
CentroidY: 0.5051
