Location: internet_17.png_Mean-Closing.png
Component: component_1755086411408_81.png
centerX: 0.8814993954050786
centerY: 0.2375249500998004
width: 0.03829101168883515
height: 0.02765896777872826
Area: 0.0003330702561020643
CentroidX: 0.9033
CentroidY: 0.2487
