Location: internet_17.png_Gaussian-Median.png
Component: component_1755086411288_289.png
centerX: 0.07779121322047561
centerY: 0.6954662104362703
width: 0.03788794840790004
height: 0.03222127174222983
Area: 0.0003439887082517179
CentroidX: 0.0974
CentroidY: 0.7094
