Location: internet_17.png_Otsu.png
Component: component_1755086411081_431.png
centerX: 0.592503022974607
centerY: 0.3028229255774166
width: 0.03426037887948408
height: 0.028229255774165955
Area: 0.00021043879880016555
CentroidX: 0.6085
CentroidY: 0.3127
