Location: internet_17.png_Gaussian-Median.png
Component: component_1755086411222_85.png
centerX: 0.8891575977428456
centerY: 0.1964642144282863
width: 0.03788794840790004
height: 0.027088679783290562
Area: 0.0003113482828780166
CentroidX: 0.9101
CentroidY: 0.2077
