Location: internet_17.png_Gaussian-Closing.png
Component: component_1755086410963_174.png
centerX: 0.37968561064087064
centerY: 0.459652124322783
width: 0.03345425231761386
height: 0.033932135728542916
Area: 0.00033180601427420966
CentroidX: 0.3972
CentroidY: 0.4746
