Location: internet_17.png_Otsu.png
Component: component_1755086411114_1163.png
centerX: 0.260378879484079
centerY: 0.6820644425434844
width: 0.03788794840790004
height: 0.031936127744510975
Area: 0.00023319515170154882
CentroidX: 0.2791
CentroidY: 0.6968
