Location: internet_17.png_Gaussian-Closing.png
Component: component_1755086410991_302.png
centerX: 0.52801289802499
centerY: 0.8223552894211577
width: 0.03466344216041919
height: 0.03507271171941831
Area: 0.00039432851921538395
CentroidX: 0.5474
CentroidY: 0.8383
