Location: internet_17.png_Gaussian-Closing.png
Component: component_1755086410972_216.png
centerX: 0.11608222490931076
centerY: 0.5848303393213573
width: 0.039500201531640466
height: 0.03051040775591674
Area: 0.00037053778663666503
CentroidX: 0.1391
CentroidY: 0.6000
