Location: internet_17.png_Mean-Closing.png
Component: component_1755086411457_287.png
centerX: 0.6509471987101975
centerY: 0.8120901055032792
width: 0.03869407496977025
height: 0.044767607641859136
Area: 0.0004979963490994633
CentroidX: 0.6732
CentroidY: 0.8306
