Location: internet_17.png_Gaussian-Closing.png
Component: component_1755086410962_170.png
centerX: 0.5981459089076985
centerY: 0.45024237239806103
width: 0.0354695687222894
height: 0.02879954376960365
Area: 0.00034870088233735787
CentroidX: 0.6171
CentroidY: 0.4627
