Location: internet_17.png_Gaussian-Median.png
Component: component_1755086411311_378.png
centerX: 0.25594518339379285
centerY: 0.8984887368120901
width: 0.027408303103587262
height: 0.01853435985172512
Area: 0.0002208975266487811
CentroidX: 0.2681
CentroidY: 0.9072
