Location: internet_17.png_Gaussian-Closing.png
Component: component_1755086410968_196.png
centerX: 0.8778718258766627
centerY: 0.5183917878528657
width: 0.041515517936316
height: 0.04077559167379527
Area: 0.00039639727857005515
CentroidX: 0.8984
CentroidY: 0.5366
