Location: internet_17.png_Mean-Closing.png
Component: component_1755086411444_226.png
centerX: 0.9177750906892382
centerY: 0.6361562589107499
width: 0.035872632003224506
height: 0.03421727972626176
Area: 0.0003662853368520631
CentroidX: 0.9368
CentroidY: 0.6498
