Location: internet_17.png_Otsu.png
Component: component_1755086411083_504.png
centerX: 0.30874647319629184
centerY: 0.3193612774451098
width: 0.028617492946392584
height: 0.02765896777872826
Area: 0.00021239262707957725
CentroidX: 0.3216
CentroidY: 0.3317
