Location: internet_17.png_Mean-Closing.png
Component: component_1755086411419_123.png
centerX: 0.009270455461507456
centerY: 0.3296264613629883
width: 0.0354695687222894
height: 0.03222127174222983
Area: 0.0003769739268511977
CentroidX: 0.0300
CentroidY: 0.3427
