Location: internet_17.png_Mean-Closing.png
Component: component_1755086411454_274.png
centerX: 0.25675130995566303
centerY: 0.7921300256629598
width: 0.03909713825070536
height: 0.031936127744510975
Area: 0.00039134031125863665
CentroidX: 0.2784
CentroidY: 0.8058
