Location: internet_17.png_Gaussian-Median.png
Component: component_1755086411281_265.png
centerX: 0.9177750906892382
centerY: 0.6361562589107499
width: 0.035872632003224506
height: 0.03421727972626176
Area: 0.0003489307444878769
CentroidX: 0.9367
CentroidY: 0.6499
