Location: internet_17.png_Gaussian-Closing.png
Component: component_1755086410973_223.png
centerX: 0.5066505441354293
centerY: 0.5999429712004563
width: 0.041112454655380895
height: 0.03421727972626176
Area: 0.0004058216267413351
CentroidX: 0.5276
CentroidY: 0.6156
