Location: internet_17.png_Mean-Closing.png
Component: component_1755086411440_213.png
centerX: 0.006045949214026602
centerY: 0.5922440832620474
width: 0.037081821846029824
height: 0.031936127744510975
Area: 0.0004015691769567332
CentroidX: 0.0274
CentroidY: 0.6061
