Location: internet_17.png_Gaussian-Closing.png
Component: component_1755086410982_256.png
centerX: 0.7073760580411125
centerY: 0.7060165383518677
width: 0.03426037887948408
height: 0.03051040775591674
Area: 0.00030054476180362255
CentroidX: 0.7269
CentroidY: 0.7196
