Location: internet_17.png_Gaussian-Median.png
Component: component_1755086411266_217.png
centerX: 0.7936316001612254
centerY: 0.48075278015397777
width: 0.03426037887948408
height: 0.03279155973766752
Area: 0.0003532981253477383
CentroidX: 0.8112
CentroidY: 0.4966
