Location: internet_17.png_Mean-Closing.png
Component: component_1755086411439_207.png
centerX: 0.18016928657799275
centerY: 0.5788423153692615
width: 0.042724707779121324
height: 0.029940119760479042
Area: 0.00037237668384081725
CentroidX: 0.2050
CentroidY: 0.5925
