Location: internet_17.png_Gaussian-Median.png
Component: component_1755086411309_375.png
centerX: 0.06166868198307134
centerY: 0.8959224408326205
width: 0.039500201531640466
height: 0.03307670373538637
Area: 0.0004277734621159018
CentroidX: 0.0846
CentroidY: 0.9116
