Location: internet_17.png_Gaussian-Closing.png
Component: component_1755086410968_197.png
centerX: 0.18863361547763
centerY: 0.5203877958368976
width: 0.04030632809351068
height: 0.03165098374679213
Area: 0.00035651619545500464
CentroidX: 0.2106
CentroidY: 0.5344
