Location: internet_17.png_Otsu.png
Component: component_1755086411073_205.png
centerX: 0.33373639661426846
centerY: 0.22611919019104648
width: 0.04030632809351068
height: 0.03051040775591674
Area: 0.0002792825128806129
CentroidX: 0.3552
CentroidY: 0.2389
