Location: internet_17.png_Mean-Closing.png
Component: component_1755086411436_192.png
centerX: 0.12696493349455865
centerY: 0.5266609637867123
width: 0.03829101168883515
height: 0.035357855717137156
Area: 0.0004205328043745526
CentroidX: 0.1482
CentroidY: 0.5431
