Location: internet_17.png_Gaussian-Median.png
Component: component_1755086411305_359.png
centerX: 0.9415558242644095
centerY: 0.8805246649558027
width: 0.037484885126964934
height: 0.03421727972626176
Area: 0.00042800332426642083
CentroidX: 0.9608
CentroidY: 0.8948
