Location: internet_17.png_Mean-Closing.png
Component: component_1755086411416_109.png
centerX: 0.6545747682386135
centerY: 0.29426860564585117
width: 0.035872632003224506
height: 0.033361847733105215
Area: 0.0003852489642698825
CentroidX: 0.6755
CentroidY: 0.3089
