Location: internet_17.png_Gaussian-Median.png
Component: component_1755086411277_260.png
centerX: 0.2660217654171705
centerY: 0.6170516110635871
width: 0.03385731559854897
height: 0.041060735671514116
Area: 0.0003822607563131352
CentroidX: 0.2835
CentroidY: 0.6368
