Location: internet_17.png_Gaussian-Median.png
Component: component_1755086411255_178.png
centerX: 0.8371624345022168
centerY: 0.38323353293413176
width: 0.04554615074566707
height: 0.03649843170801255
Area: 0.0004581152659844128
CentroidX: 0.8629
CentroidY: 0.3995
