Location: internet_17.png_Otsu.png
Component: component_1755086411063_36.png
centerX: 0.5517936316001613
centerY: 0.0998003992015968
width: 0.03385731559854897
height: 0.03222127174222983
Area: 0.00027353595911763735
CentroidX: 0.5704
CentroidY: 0.1145
