Location: internet_17.png_Mean-Closing.png
Component: component_1755086411382_9.png
centerX: 0.9218057234985892
centerY: 0.006843455945252352
width: 0.04393389762192664
height: 0.038209295694325636
Area: 0.0005492556086652054
CentroidX: 0.9406
CentroidY: 0.0220
