Location: internet_17.png_Otsu.png
Component: component_1755086411089_757.png
centerX: 0.22732769044740025
centerY: 0.3729683490162532
width: 0.037081821846029824
height: 0.03421727972626176
Area: 0.00027985716825691047
CentroidX: 0.2474
CentroidY: 0.3875
