Location: internet_17.png_Mean-Closing.png
Component: component_1755086411449_249.png
centerX: 0.6449012494961709
centerY: 0.7088679783290561
width: 0.03869407496977025
height: 0.03307670373538637
Area: 0.0003796173415821665
CentroidX: 0.6656
CentroidY: 0.7252
