Location: internet_17.png_Gaussian-Median.png
Component: component_1755086411235_94.png
centerX: 0.3994357114066909
centerY: 0.22212717422298262
width: 0.03869407496977025
height: 0.03165098374679213
Area: 0.0003875475857750728
CentroidX: 0.4202
CentroidY: 0.2352
