Location: internet_17.png_Mean-Closing.png
Component: component_1755086411455_280.png
centerX: 0.8230552196694881
centerY: 0.8063872255489022
width: 0.03506650544135429
height: 0.03934987168520103
Area: 0.00044834612458735434
CentroidX: 0.8419
CentroidY: 0.8235
