Location: internet_17.png_Mean-Closing.png
Component: component_1755086411417_114.png
centerX: 0.4143490528012898
centerY: 0.30966638152266895
width: 0.035872632003224506
height: 0.035357855717137156
Area: 0.00043627836168510565
CentroidX: 0.4344
CentroidY: 0.3245
