Location: internet_17.png_Otsu.png
Component: component_1755086411123_1418.png
centerX: 0.5973397823458283
centerY: 0.7627601938979185
width: 0.039500201531640466
height: 0.03136583974907328
Area: 0.0003366331194351092
CentroidX: 0.6177
CentroidY: 0.7767
