Location: internet_17.png_Mean-Closing.png
Component: component_1755086411427_155.png
centerX: 0.17654171704957677
centerY: 0.4222982606216139
width: 0.031035872632003223
height: 0.03136583974907328
Area: 0.00038111144556054013
CentroidX: 0.1936
CentroidY: 0.4361
