Location: internet_17.png_Mean-Closing.png
Component: component_1755086411427_156.png
centerX: 0.9363160016122531
centerY: 0.4245794126033647
width: 0.03909713825070536
height: 0.032506415739948676
Area: 0.00036731971652939876
CentroidX: 0.9592
CentroidY: 0.4403
