Location: internet_17.png_Gaussian-Closing.png
Component: component_1755086410984_264.png
centerX: 0.29705763804917373
centerY: 0.733675506130596
width: 0.03667875856509472
height: 0.033361847733105215
Area: 0.0003882371722266298
CentroidX: 0.3175
CentroidY: 0.7486
