Location: internet_17.png_Gaussian-Closing.png
Component: component_1755086410992_308.png
centerX: 0.20314389359129384
centerY: 0.8460222412318221
width: 0.037484885126964934
height: 0.03364699173082407
Area: 0.0004082351793217848
CentroidX: 0.2248
CentroidY: 0.8601
