Location: internet_17.png_Otsu.png
Component: component_1755086411077_249.png
centerX: 0.6614268440145102
centerY: 0.24636441402908468
width: 0.029423619508262798
height: 0.0290846877673225
Area: 0.0001719368885882292
CentroidX: 0.6753
CentroidY: 0.2594
