Location: internet_17.png_Gaussian-Closing.png
Component: component_1755086410928_8.png
centerX: 0.7198710197501008
centerY: 0.006273167949814656
width: 0.045949214026602174
height: 0.035357855717137156
Area: 0.00044823119351209486
CentroidX: 0.7414
CentroidY: 0.0199
