Location: internet_17.png_Otsu.png
Component: component_1755086411052_11.png
centerX: 0.8557033454252317
centerY: 0.007984031936127744
width: 0.04191858121725111
height: 0.03450242372398061
Area: 0.00044938050426468994
CentroidX: 0.8758
CentroidY: 0.0216
