Location: internet_17.png_Otsu.png
Component: component_1755086411104_940.png
centerX: 0.009270455461507456
centerY: 0.5386370116909039
width: 0.03466344216041919
height: 0.03165098374679213
Area: 0.0003210024931998156
CentroidX: 0.0291
CentroidY: 0.5523
