Location: internet_17.png_Otsu.png
Component: component_1755086411102_922.png
centerX: 0.9403466344216042
centerY: 0.5169660678642715
width: 0.041112454655380895
height: 0.037639007698887936
Area: 0.00028123634116002463
CentroidX: 0.9579
CentroidY: 0.5343
