Location: internet_17.png_Gaussian-Median.png
Component: component_1755086411254_176.png
centerX: 0.9020556227327691
centerY: 0.3812375249500998
width: 0.044740024183796856
height: 0.03507271171941831
Area: 0.0004339797401799154
CentroidX: 0.9261
CentroidY: 0.3963
