Location: internet_17.png_Otsu.png
Component: component_1755086411111_1028.png
centerX: 0.9185812172511084
centerY: 0.6364414029084687
width: 0.03466344216041919
height: 0.03364699173082407
Area: 0.00023917156761504342
CentroidX: 0.9351
CentroidY: 0.6493
