Location: internet_17.png_Gaussian-Closing.png
Component: component_1755086410974_226.png
centerX: 0.32406287787182586
centerY: 0.6122041631023667
width: 0.03869407496977025
height: 0.042486455660108356
Area: 0.00039869590007524536
CentroidX: 0.3434
CentroidY: 0.6323
