Location: internet_17.png_Gaussian-Closing.png
Component: component_1755086410929_12.png
centerX: 0.8557033454252317
centerY: 0.007984031936127744
width: 0.04232164449818621
height: 0.034787567721699456
Area: 0.0004731712368434088
CentroidX: 0.8759
CentroidY: 0.0216
