Location: internet_17.png_Mean-Closing.png
Component: component_1755086411387_20.png
centerX: 0.8432083837162434
centerY: 0.05645851154833191
width: 0.036275695284159616
height: 0.03222127174222983
Area: 0.000454782264801887
CentroidX: 0.8618
CentroidY: 0.0709
