Location: internet_17.png_Gaussian-Median.png
Component: component_1755086411302_343.png
centerX: 0.9391374445787989
centerY: 0.8115198175078414
width: 0.03345425231761386
height: 0.031936127744510975
Area: 0.00038007706588320453
CentroidX: 0.9578
CentroidY: 0.8248
