Location: internet_17.png_Otsu.png
Component: component_1755086411131_1677.png
centerX: 0.009270455461507456
centerY: 0.8528656971770744
width: 0.03143893591293833
height: 0.029940119760479042
Area: 0.0002879023435250763
CentroidX: 0.0251
CentroidY: 0.8643
