Location: internet_17.png_Mean-Closing.png
Component: component_1755086411421_133.png
centerX: 0.44216041918581217
centerY: 0.3652694610778443
width: 0.03426037887948408
height: 0.034787567721699456
Area: 0.00032582959836071506
CentroidX: 0.4603
CentroidY: 0.3800
