Location: internet_17.png_Otsu.png
Component: component_1755086411095_887.png
centerX: 0.012494961708988311
centerY: 0.4317080125463359
width: 0.029826682789197905
height: 0.027944111776447105
Area: 0.00031284238685639026
CentroidX: 0.0282
CentroidY: 0.4450
