Location: internet_17.png_Otsu.png
Component: component_1755086411074_215.png
centerX: 0.07053607416364369
centerY: 0.23495865412033076
width: 0.037484885126964934
height: 0.03165098374679213
Area: 0.00024687194965743067
CentroidX: 0.0914
CentroidY: 0.2492
