Location: internet_17.png_Mean-Closing.png
Component: component_1755086411423_140.png
centerX: 0.9020556227327691
centerY: 0.3812375249500998
width: 0.04433696090286175
height: 0.03507271171941831
Area: 0.00044627736523268315
CentroidX: 0.9259
CentroidY: 0.3963
