Location: internet_17.png_Gaussian-Median.png
Component: component_1755086411306_362.png
centerX: 0.8291011688835147
centerY: 0.8819503849443969
width: 0.02902055622732769
height: 0.01996007984031936
Area: 0.0002380222568624483
CentroidX: 0.8421
CentroidY: 0.8918
