Location: internet_17.png_Mean-Closing.png
Component: component_1755086411398_50.png
centerX: 0.8758565094719871
centerY: 0.14399771884801824
width: 0.03788794840790004
height: 0.028514399771884802
Area: 0.0003606537141643471
CentroidX: 0.8974
CentroidY: 0.1566
