Location: internet_17.png_Mean-Closing.png
Component: component_1755086411444_227.png
centerX: 0.8049173720274083
centerY: 0.6381522668947819
width: 0.03990326481257558
height: 0.03450242372398061
Area: 0.00041041886975171554
CentroidX: 0.8266
CentroidY: 0.6540
