Location: internet_17.png_Mean-Closing.png
Component: component_1755086411384_14.png
centerX: 0.648931882305522
centerY: 0.009124607927003137
width: 0.03909713825070536
height: 0.03450242372398061
Area: 0.00047121740856399715
CentroidX: 0.6672
CentroidY: 0.0226
