Location: internet_17.png_Gaussian-Median.png
Component: component_1755086411256_179.png
centerX: 0.7791213220475615
centerY: 0.38380382092956944
width: 0.04393389762192664
height: 0.039064727687482176
Area: 0.0004551270580276655
CentroidX: 0.8035
CentroidY: 0.4024
