Location: internet_17.png_Gaussian-Median.png
Component: component_1755086411305_356.png
centerX: 0.06771463119709795
centerY: 0.848018249215854
width: 0.045949214026602174
height: 0.03421727972626176
Area: 0.00039869590007524536
CentroidX: 0.0942
CentroidY: 0.8642
