Location: internet_17.png_Otsu.png
Component: component_1755086411118_1300.png
centerX: 0.5304312777106006
centerY: 0.7199885942400912
width: 0.03345425231761386
height: 0.029940119760479042
Area: 0.00023434446245414393
CentroidX: 0.5474
CentroidY: 0.7324
