Location: internet_17.png_Gaussian-Median.png
Component: component_1755086411308_371.png
centerX: 0.4465941152760983
centerY: 0.887368120901055
width: 0.041112454655380895
height: 0.036783575705731396
Area: 0.00047523999619808005
CentroidX: 0.4704
CentroidY: 0.9030
