Location: internet_17.png_Gaussian-Closing.png
Component: component_1755086410984_265.png
centerX: 0.2430471584038694
centerY: 0.7370972341032221
width: 0.037081821846029824
height: 0.03934987168520103
Area: 0.00043443946448095343
CentroidX: 0.2634
CentroidY: 0.7542
