Location: internet_17.png_Mean-Closing.png
Component: component_1755086411458_293.png
centerX: 0.27166465135026197
centerY: 0.8403193612774451
width: 0.03788794840790004
height: 0.03022526375819789
Area: 0.0003891566208287059
CentroidX: 0.2935
CentroidY: 0.8532
