Location: internet_17.png_Mean-Closing.png
Component: component_1755086411429_163.png
centerX: 0.7158403869407497
centerY: 0.437125748502994
width: 0.03869407496977025
height: 0.03364699173082407
Area: 0.0003791576172811284
CentroidX: 0.7376
CentroidY: 0.4536
