Location: internet_17.png_Gaussian-Median.png
Component: component_1755086411261_196.png
centerX: 0.8843208383716243
centerY: 0.4291417165668663
width: 0.041515517936316
height: 0.03450242372398061
Area: 0.0003672047854541392
CentroidX: 0.9090
CentroidY: 0.4441
