Location: internet_17.png_Gaussian-Closing.png
Component: component_1755086410945_86.png
centerX: 0.9371221281741233
centerY: 0.23838038209295695
width: 0.029826682789197905
height: 0.019104647847162818
Area: 0.0001829702718131423
CentroidX: 0.9520
CentroidY: 0.2473
