Location: internet_17.png_Otsu.png
Component: component_1755086411063_34.png
centerX: 0.6916565900846433
centerY: 0.09923011120615911
width: 0.036275695284159616
height: 0.030795551753635585
Area: 0.00028583358417040507
CentroidX: 0.7127
CentroidY: 0.1119
