Location: internet_17.png_Gaussian-Median.png
Component: component_1755086411296_318.png
centerX: 0.7158403869407497
centerY: 0.7573424579412603
width: 0.037081821846029824
height: 0.03307670373538637
Area: 0.00039467331244116247
CentroidX: 0.7361
CentroidY: 0.7720
