Location: internet_17.png_Gaussian-Closing.png
Component: component_1755086410965_183.png
centerX: 0.008061265618702136
centerY: 0.48075278015397777
width: 0.03788794840790004
height: 0.03992015968063872
Area: 0.0004570808863070772
CentroidX: 0.0288
CentroidY: 0.4980
