Location: internet_17.png_Mean-Closing.png
Component: component_1755086411447_238.png
centerX: 0.260378879484079
centerY: 0.6820644425434844
width: 0.03869407496977025
height: 0.03222127174222983
Area: 0.00036433150857265146
CentroidX: 0.2803
CentroidY: 0.6973
