Location: internet_17.png_Gaussian-Closing.png
Component: component_1755086410981_250.png
centerX: 0.8194276501410721
centerY: 0.6940404904476761
width: 0.04232164449818621
height: 0.03706871970345024
Area: 0.00038835210330188935
CentroidX: 0.8423
CentroidY: 0.7116
