Location: internet_17.png_Otsu.png
Component: component_1755086411094_884.png
centerX: 0.06408706166868199
centerY: 0.42857142857142855
width: 0.028617492946392584
height: 0.03450242372398061
Area: 0.0002966371052447992
CentroidX: 0.0815
CentroidY: 0.4430
