Location: internet_17.png_Otsu.png
Component: component_1755086411110_1003.png
centerX: 0.324465941152761
centerY: 0.6124893071000855
width: 0.03788794840790004
height: 0.04220131166238951
Area: 0.0002783630642785368
CentroidX: 0.3421
CentroidY: 0.6324
