Location: internet_17.png_Mean-Closing.png
Component: component_1755086411430_167.png
centerX: 0.4873035066505441
centerY: 0.4542343883661249
width: 0.035872632003224506
height: 0.030795551753635585
Area: 0.0003410005002949706
CentroidX: 0.5070
CentroidY: 0.4672
