Location: internet_17.png_Gaussian-Closing.png
Component: component_1755086410962_167.png
centerX: 0.7158403869407497
centerY: 0.437125748502994
width: 0.03869407496977025
height: 0.03364699173082407
Area: 0.00036111343846538513
CentroidX: 0.7377
CentroidY: 0.4536
