Location: internet_17.png_Gaussian-Closing.png
Component: component_1755086410937_51.png
centerX: 0.9379282547359935
centerY: 0.14228685486170517
width: 0.03909713825070536
height: 0.029654975762760195
Area: 0.00034513801900431303
CentroidX: 0.9602
CentroidY: 0.1549
