Location: internet_17.png_Otsu.png
Component: component_1755086411098_900.png
centerX: 0.1950826279725917
centerY: 0.46934702024522384
width: 0.03869407496977025
height: 0.03450242372398061
Area: 0.0003949031745916815
CentroidX: 0.2144
CentroidY: 0.4844
