Location: internet_17.png_Gaussian-Closing.png
Component: component_1755086410934_35.png
centerX: 0.762192664248287
centerY: 0.09923011120615911
width: 0.03385731559854897
height: 0.035642999714856
Area: 0.0003720318906150387
CentroidX: 0.7819
CentroidY: 0.1140
