Location: internet_17.png_Mean-Closing.png
Component: component_1755086411404_69.png
centerX: 0.7767029423619508
centerY: 0.19931565440547477
width: 0.037081821846029824
height: 0.033361847733105215
Area: 0.00040938449007437994
CentroidX: 0.7960
CentroidY: 0.2133
