Location: internet_17.png_Gaussian-Closing.png
Component: component_1755086410972_219.png
centerX: 0.006449012494961709
centerY: 0.5922440832620474
width: 0.03667875856509472
height: 0.031936127744510975
Area: 0.00037835309975431185
CentroidX: 0.0275
CentroidY: 0.6061
