Location: internet_17.png_Mean-Closing.png
Component: component_1755086411402_62.png
centerX: 0.20274083031035872
centerY: 0.1770744225834046
width: 0.03788794840790004
height: 0.035357855717137156
Area: 0.000369618338034589
CentroidX: 0.2241
CentroidY: 0.1945
