Location: internet_17.png_Gaussian-Median.png
Component: component_1755086411251_161.png
centerX: 0.6739218057234986
centerY: 0.3461648132306815
width: 0.036275695284159616
height: 0.029654975762760195
Area: 0.00028755755029929775
CentroidX: 0.6934
CentroidY: 0.3594
