Location: internet_17.png_Gaussian-Closing.png
Component: component_1755086410985_272.png
centerX: 0.8883514711809755
centerY: 0.7547761619617908
width: 0.037484885126964934
height: 0.03307670373538637
Area: 0.0003818010320120972
CentroidX: 0.9080
CentroidY: 0.7693
