Location: internet_17.png_Gaussian-Median.png
Component: component_1755086411241_116.png
centerX: 0.4268440145102781
centerY: 0.2606216139150271
width: 0.03869407496977025
height: 0.03051040775591674
Area: 0.0003173246987915112
CentroidX: 0.4484
CentroidY: 0.2731
