Location: internet_17.png_Otsu.png
Component: component_1755086411091_851.png
centerX: 0.6586054010479645
centerY: 0.40034217279726264
width: 0.036275695284159616
height: 0.03222127174222983
Area: 0.00036869888943251287
CentroidX: 0.6783
CentroidY: 0.4151
