Location: internet_17.png_Gaussian-Median.png
Component: component_1755086411214_41.png
centerX: 0.762192664248287
centerY: 0.09923011120615911
width: 0.03385731559854897
height: 0.035642999714856
Area: 0.0003768589957759382
CentroidX: 0.7819
CentroidY: 0.1141
