Location: internet_17.png_Gaussian-Median.png
Component: component_1755086411271_237.png
centerX: 0.00886739218057235
centerY: 0.5386370116909039
width: 0.0354695687222894
height: 0.03165098374679213
Area: 0.00034755157158476274
CentroidX: 0.0292
CentroidY: 0.5523
