Location: internet_17.png_Otsu.png
Component: component_1755086411130_1669.png
centerX: 0.27166465135026197
centerY: 0.8403193612774451
width: 0.03788794840790004
height: 0.03022526375819789
Area: 0.00030939445459860496
CentroidX: 0.2924
CentroidY: 0.8531
