Location: internet_17.png_Gaussian-Median.png
Component: component_1755086411263_204.png
centerX: 0.5409109230149134
centerY: 0.45052751639577987
width: 0.037484885126964934
height: 0.027944111776447105
Area: 0.00035709085083130223
CentroidX: 0.5623
CentroidY: 0.4636
