Location: internet_17.png_Gaussian-Median.png
Component: component_1755086411296_315.png
centerX: 0.8286981056025796
centerY: 0.754205873966353
width: 0.03788794840790004
height: 0.03421727972626176
Area: 0.0003692735448088104
CentroidX: 0.8493
CentroidY: 0.7692
