Location: internet_17.png_Gaussian-Median.png
Component: component_1755086411212_27.png
centerX: 0.4860943168077388
centerY: 0.0575990875392073
width: 0.037081821846029824
height: 0.035357855717137156
Area: 0.00044225477759860025
CentroidX: 0.5034
CentroidY: 0.0723
