Location: internet_17.png_Mean-Closing.png
Component: component_1755086411464_316.png
centerX: 0.1293833131801693
centerY: 0.8987738808098089
width: 0.03667875856509472
height: 0.03364699173082407
Area: 0.0004501850217915065
CentroidX: 0.1510
CentroidY: 0.9125
