Location: internet_17.png_Otsu.png
Component: component_1755086411053_16.png
centerX: 0.7742845626763402
centerY: 0.05588822355289421
width: 0.04514308746473196
height: 0.037639007698887936
Area: 0.0004798372392084605
CentroidX: 0.7959
CentroidY: 0.0704
