Location: internet_17.png_Mean-Closing.png
Component: component_1755086411462_307.png
centerX: 0.5114873035066505
centerY: 0.8867978329056173
width: 0.036275695284159616
height: 0.036213287710293696
Area: 0.0004697233045856235
CentroidX: 0.5323
CentroidY: 0.9027
