Location: internet_17.png_Otsu.png
Component: component_1755086411099_902.png
centerX: 0.9064893188230552
centerY: 0.4776161961790704
width: 0.03869407496977025
height: 0.035642999714856
Area: 0.00036030892093856856
CentroidX: 0.9277
CentroidY: 0.4928
