Location: internet_17.png_Otsu.png
Component: component_1755086411131_1672.png
centerX: 0.20354695687222893
centerY: 0.846307385229541
width: 0.03667875856509472
height: 0.03307670373538637
Area: 0.0003326105318010263
CentroidX: 0.2241
CentroidY: 0.8598
