Location: internet_17.png_Gaussian-Median.png
Component: component_1755086411224_89.png
centerX: 0.660217654171705
centerY: 0.20387795836897632
width: 0.03869407496977025
height: 0.033361847733105215
Area: 0.0003905357937318201
CentroidX: 0.6798
CentroidY: 0.2178
