Location: internet_17.png_Gaussian-Closing.png
Component: component_1755086410991_305.png
centerX: 0.40386940749697703
centerY: 0.8331907613344739
width: 0.036275695284159616
height: 0.03279155973766752
Area: 0.0004059365578165946
CentroidX: 0.4243
CentroidY: 0.8474
