Location: internet_17.png_Otsu.png
Component: component_1755086411053_17.png
centerX: 0.9044740024183797
centerY: 0.05588822355289421
width: 0.036275695284159616
height: 0.031936127744510975
Area: 0.00038904168975344643
CentroidX: 0.9248
CentroidY: 0.0696
