Location: internet_17.png_Otsu.png
Component: component_1755086411055_26.png
centerX: 0.015316404675534058
centerY: 0.0647276874821785
width: 0.03667875856509472
height: 0.03279155973766752
Area: 0.00042547484061071153
CentroidX: 0.0337
CentroidY: 0.0783
