Location: internet_17.png_Otsu.png
Component: component_1755086411090_785.png
centerX: 0.8375654977831519
centerY: 0.3835186769318506
width: 0.04514308746473196
height: 0.036213287710293696
Area: 0.00042869291071797786
CentroidX: 0.8629
CentroidY: 0.3995
