Location: internet_17.png_Mean-Closing.png
Component: component_1755086411457_288.png
centerX: 0.5888754534461911
centerY: 0.8166524094667807
width: 0.04030632809351068
height: 0.03849443969204448
Area: 0.00044823119351209486
CentroidX: 0.6112
CentroidY: 0.8339
