Location: internet_17.png_Gaussian-Median.png
Component: component_1755086411253_171.png
centerX: 0.2857718661829907
centerY: 0.3698317650413459
width: 0.03426037887948408
height: 0.03222127174222983
Area: 0.0003090496613728264
CentroidX: 0.3047
CentroidY: 0.3849
