Location: internet_17.png_Gaussian-Median.png
Component: component_1755086411261_194.png
centerX: 0.12615880693268844
centerY: 0.4248645566010835
width: 0.032245062474808545
height: 0.03136583974907328
Area: 0.00036835409620673436
CentroidX: 0.1439
CentroidY: 0.4386
