Location: internet_17.png_Mean-Closing.png
Component: component_1755086411448_244.png
centerX: 0.9467956469165659
centerY: 0.6948959224408326
width: 0.03466344216041919
height: 0.03934987168520103
Area: 0.0003978913825484288
CentroidX: 0.9647
CentroidY: 0.7105
