Location: internet_17.png_Mean-Closing.png
Component: component_1755086411416_108.png
centerX: 0.713018943974204
centerY: 0.28885086968919305
width: 0.03869407496977025
height: 0.030795551753635585
Area: 0.000405132040289778
CentroidX: 0.7350
CentroidY: 0.3023
