Location: internet_17.png_Gaussian-Closing.png
Component: component_1755086410949_108.png
centerX: 0.008464328899637243
centerY: 0.2834331337325349
width: 0.039500201531640466
height: 0.029369831765041345
Area: 0.00040271848770932826
CentroidX: 0.0289
CentroidY: 0.2960
