Location: internet_17.png_Gaussian-Closing.png
Component: component_1755086410977_240.png
centerX: 0.5634824667472793
centerY: 0.6569717707442259
width: 0.03788794840790004
height: 0.033361847733105215
Area: 0.0003360584640588116
CentroidX: 0.5844
CentroidY: 0.6725
