Location: internet_17.png_Mean-Closing.png
Component: component_1755086411442_218.png
centerX: 0.4534461910519952
centerY: 0.6047904191616766
width: 0.0354695687222894
height: 0.03849443969204448
Area: 0.00037651420255015964
CentroidX: 0.4711
CentroidY: 0.6213
