Location: internet_18.png_Mean-Closing.png
Component: component_1755084392767_177.png
centerX: 0.2652156388553003
centerY: 0.487881380096949
width: 0.03829101168883515
height: 0.024522383803820928
Area: 0.00035996412771279
CentroidX: 0.2841
CentroidY: 0.5027
