Location: Paraklitoni_1720_page_10.png_Mean-Medain.png
Component: component_1755610055272_644.png
centerX: 0.71875
centerY: 0.23759398496240602
width: 0.013719512195121951
height: 0.011528822055137845
Area: 9.513112048413717e-05
CentroidX: 0.7253
CentroidY: 0.2438
