Location: internet_18.png_Mean-Closing.png
Component: component_1755084392721_30.png
centerX: 0.31237404272470776
centerY: 0.06330196749358426
width: 0.03990326481257558
height: 0.02737382378100941
Area: 0.00028043182363320806
CentroidX: 0.3334
CentroidY: 0.0803
