Location: internet_18.png_Otsu.png
Component: component_1755084392616_529.png
centerX: 0.5417170495767836
centerY: 0.3319076133447391
width: 0.045949214026602174
height: 0.024522383803820928
Area: 0.0002733060969671183
CentroidX: 0.5663
CentroidY: 0.3470
