Location: internet_18.png_Mean-Closing.png
Component: component_1755084392794_242.png
centerX: 0.018540910923014912
centerY: 0.70544625035643
width: 0.04393389762192664
height: 0.03022526375819789
Area: 0.00043237070512628224
CentroidX: 0.0418
CentroidY: 0.7244
