Location: internet_18.png_Otsu.png
Component: component_1755084392645_776.png
centerX: 0.01894397420395002
centerY: 0.70544625035643
width: 0.04312777106005643
height: 0.03022526375819789
Area: 0.00038168610093683767
CentroidX: 0.0418
CentroidY: 0.7243
