Location: internet_18.png_Gaussian-Median.png
Component: component_1755084392181_92.png
centerX: 0.39903264812575573
centerY: 0.20587396635300828
width: 0.042724707779121324
height: 0.0290846877673225
Area: 0.00034272446642386327
CentroidX: 0.4225
CentroidY: 0.2236
