Location: internet_18.png_Gaussian-Median.png
Component: component_1755084392197_177.png
centerX: 0.8569125352680371
centerY: 0.40290846877673225
width: 0.041515517936316
height: 0.02765896777872826
Area: 0.00039869590007524536
CentroidX: 0.8781
CentroidY: 0.4194
