Location: internet_18.png_Gaussian-Median.png
Component: component_1755084392166_21.png
centerX: 0.019347037484885126
centerY: 0.013686911890504704
width: 0.041515517936316
height: 0.029369831765041345
Area: 0.000354562367175593
CentroidX: 0.0404
CentroidY: 0.0318
