Location: internet_18.png_Mean-Medain.png
Component: component_1755084392306_107.png
centerX: 0.8178153970173317
centerY: 0.2648987738808098
width: 0.03426037887948408
height: 0.023666951810664385
Area: 0.0002887068610518929
CentroidX: 0.8360
CentroidY: 0.2793
