Location: internet_18.png_Gaussian-Median.png
Component: component_1755084392186_118.png
centerX: 0.750906892382104
centerY: 0.268320501853436
width: 0.04675534058847239
height: 0.02423723980610208
Area: 0.0003572057819065617
CentroidX: 0.7757
CentroidY: 0.2830
