Location: internet_18.png_Mean-Medain.png
Component: component_1755084392289_33.png
centerX: 0.18823055219669488
centerY: 0.06244653550042772
width: 0.04232164449818621
height: 0.0290846877673225
Area: 0.00029422355266434943
CentroidX: 0.2116
CentroidY: 0.0806
