Location: Kurtxevani_1764_page_10.png_Otsu.png
Component: component_1755610055919_1147.png
centerX: 0.5928802588996763
centerY: 0.4424695977549111
width: 0.020064724919093852
height: 0.01777362020579981
Area: 0.0001792196075938254
CentroidX: 0.6033
CentroidY: 0.4530
