Location: internet_18.png_Mean-Medain.png
Component: component_1755084392448_180.png
centerX: 0.6324062877871826
centerY: 0.4607927003136584
width: 0.04675534058847239
height: 0.02423723980610208
Area: 0.00040536190244029705
CentroidX: 0.6580
CentroidY: 0.4750
