Location: internet_18.png_Mean-Closing.png
Component: component_1755084392725_42.png
centerX: 0.4550584441757356
centerY: 0.10692899914456801
width: 0.04312777106005643
height: 0.032506415739948676
Area: 0.0003301969792205765
CentroidX: 0.4759
CentroidY: 0.1270
