Location: internet_18.png_Gaussian-Median.png
Component: component_1755084392219_277.png
centerX: 0.018540910923014912
centerY: 0.7051611063587111
width: 0.04353083434099154
height: 0.03051040775591674
Area: 0.0004151310438373555
CentroidX: 0.0417
CentroidY: 0.7244
