Location: internet_18.png_Gaussian-Median.png
Component: component_1755084392212_247.png
centerX: 0.8327287384119306
centerY: 0.6062161391502708
width: 0.0471584038694075
height: 0.03279155973766752
Area: 0.00047236671931659224
CentroidX: 0.8565
CentroidY: 0.6256
