Location: internet_18.png_Gaussian-Median.png
Component: component_1755084392189_129.png
centerX: 0.909310761789601
centerY: 0.30710008554319934
width: 0.041515517936316
height: 0.025092671799258625
Area: 0.0003143364908347639
CentroidX: 0.9309
CentroidY: 0.3228
