Location: internet_18.png_Mean-Medain.png
Component: component_1755084392458_193.png
centerX: 0.013704151551793631
centerY: 0.5015682919874537
width: 0.044740024183796856
height: 0.02623324779013402
Area: 0.0004294974282447945
CentroidX: 0.0356
CentroidY: 0.5174
