Location: internet_18.png_Mean-Medain.png
Component: component_1755084392353_158.png
centerX: 0.7984683595324465
centerY: 0.40804106073567153
width: 0.04433696090286175
height: 0.02480752780153978
Area: 0.000394788243516422
CentroidX: 0.8217
CentroidY: 0.4233
