Location: internet_18.png_Otsu.png
Component: component_1755084392617_542.png
centerX: 0.36960902861749295
centerY: 0.34702024522383806
width: 0.04191858121725111
height: 0.022241231822070145
Area: 0.00027388075234341587
CentroidX: 0.3906
CentroidY: 0.3614
