Location: internet_18.png_Mean-Closing.png
Component: component_1755084392803_271.png
centerX: 0.13260781942765015
centerY: 0.8089535215283719
width: 0.04191858121725111
height: 0.029654975762760195
Area: 0.0004338648091046559
CentroidX: 0.1544
CentroidY: 0.8268
