Location: internet_18.png_Mean-Medain.png
Component: component_1755084392308_116.png
centerX: 0.43409915356711004
centerY: 0.2951240376390077
width: 0.044740024183796856
height: 0.025092671799258625
Area: 0.0003655957504005061
CentroidX: 0.4572
CentroidY: 0.3094
