Location: Kurtxevani_1794_page_10.png_Mean-Medain.png
Component: component_1755610055040_2007.png
centerX: 0.5768556399766218
centerY: 0.625385632437197
width: 0.02396259497369959
height: 0.020273248126928163
Area: 0.00023182379125143376
CentroidX: 0.5892
CentroidY: 0.6372
