Location: internet_18.png_Gaussian-Median.png
Component: component_1755084392202_204.png
centerX: 0.6328093510681176
centerY: 0.46050755631593954
width: 0.046352277307537285
height: 0.02423723980610208
Area: 0.00038869689652766787
CentroidX: 0.6579
CentroidY: 0.4749
