Location: internet_18.png_Otsu.png
Component: component_1755084392621_629.png
centerX: 0.3164046755340588
centerY: 0.39577986883376104
width: 0.03869407496977025
height: 0.02594810379241517
Area: 0.0002549171249255965
CentroidX: 0.3369
CentroidY: 0.4123
