Location: internet_18.png_Mean-Closing.png
Component: component_1755084392761_162.png
centerX: 0.8726320032245063
centerY: 0.4459652124322783
width: 0.044740024183796856
height: 0.02737382378100941
Area: 0.00039524796781746
CentroidX: 0.8954
CentroidY: 0.4628
