Location: internet_18.png_Otsu.png
Component: component_1755084392646_800.png
centerX: 0.6033857315598549
centerY: 0.7348160821214713
width: 0.04675534058847239
height: 0.030795551753635585
Area: 0.0004271988067396042
CentroidX: 0.6279
CentroidY: 0.7541
