Location: internet_18.png_Mean-Closing.png
Component: component_1755084392801_264.png
centerX: 0.5316404675534059
centerY: 0.7872825777017394
width: 0.041112454655380895
height: 0.027944111776447105
Area: 0.000434554395556213
CentroidX: 0.5532
CentroidY: 0.8045
