Location: internet_18.png_Mean-Closing.png
Component: component_1755084392721_29.png
centerX: 0.18823055219669488
centerY: 0.06273167949814656
width: 0.04232164449818621
height: 0.02879954376960365
Area: 0.0002887068610518929
CentroidX: 0.2116
CentroidY: 0.0806
