Location: internet_18.png_Otsu.png
Component: component_1755084392641_749.png
centerX: 0.9193873438129786
centerY: 0.6564014827487882
width: 0.04353083434099154
height: 0.028229255774165955
Area: 0.0003718020284645197
CentroidX: 0.9425
CentroidY: 0.6737
