Location: internet_18.png_Gaussian-Median.png
Component: component_1755084392188_126.png
centerX: 0.3732365981459089
centerY: 0.2999714856002281
width: 0.04393389762192664
height: 0.02594810379241517
Area: 0.00035571167792818807
CentroidX: 0.3949
CentroidY: 0.3161
