Location: internet_18.png_Mean-Closing.png
Component: component_1755084392725_40.png
centerX: 0.5820233776702942
centerY: 0.10236669518106643
width: 0.042724707779121324
height: 0.03222127174222983
Area: 0.00033916160309081843
CentroidX: 0.6047
CentroidY: 0.1230
