Location: internet_18.png_Otsu.png
Component: component_1755084392614_506.png
centerX: 0.7912132204756147
centerY: 0.31223267750213857
width: 0.0475614671503426
height: 0.026518391787852865
Area: 0.0002973266916963562
CentroidX: 0.8175
CentroidY: 0.3285
