Location: internet_18.png_Mean-Closing.png
Component: component_1755084392749_130.png
centerX: 0.8496573962112052
centerY: 0.3558597091531223
width: 0.04393389762192664
height: 0.026518391787852865
Area: 0.00031376183545846637
CentroidX: 0.8723
CentroidY: 0.3725
