Location: internet_18.png_Mean-Closing.png
Component: component_1755084392745_117.png
centerX: 0.12253123740427246
centerY: 0.31850584545195326
width: 0.0475614671503426
height: 0.027088679783290562
Area: 0.00039007606943078203
CentroidX: 0.1478
CentroidY: 0.3353
