Location: internet_18.png_Mean-Medain.png
Component: component_1755084392310_123.png
centerX: 0.18540910923014914
centerY: 0.31394354148845166
width: 0.045949214026602174
height: 0.027944111776447105
Area: 0.00041742966534254574
CentroidX: 0.2080
CentroidY: 0.3310
