Location: internet_18.png_Gaussian-Median.png
Component: component_1755084392208_228.png
centerX: 0.07940346634421604
centerY: 0.546050755631594
width: 0.04312777106005643
height: 0.03136583974907328
Area: 0.00042237170157870474
CentroidX: 0.1013
CentroidY: 0.5648
