Location: internet_18.png_Mean-Closing.png
Component: component_1755084392743_109.png
centerX: 0.43409915356711004
centerY: 0.2951240376390077
width: 0.04433696090286175
height: 0.025092671799258625
Area: 0.00036237768029323975
CentroidX: 0.4570
CentroidY: 0.3094
