Location: internet_18.png_Otsu.png
Component: component_1755084392632_702.png
centerX: 0.6493349455864571
centerY: 0.5089820359281437
width: 0.04433696090286175
height: 0.02765896777872826
Area: 0.0003815711698615782
CentroidX: 0.6737
CentroidY: 0.5255
