Location: internet_18.png_Mean-Closing.png
Component: component_1755084392730_67.png
centerX: 0.08988311164852882
centerY: 0.17194183062446536
width: 0.04030632809351068
height: 0.03051040775591674
Area: 0.00036134330061590416
CentroidX: 0.1117
CentroidY: 0.1916
