Location: internet_18.png_Mean-Closing.png
Component: component_1755084392757_151.png
centerX: 0.1293833131801693
centerY: 0.4086113487311092
width: 0.042724707779121324
height: 0.02566295979469632
Area: 0.00032111742427507514
CentroidX: 0.1518
CentroidY: 0.4247
