Location: internet_18.png_Mean-Closing.png
Component: component_1755084392768_182.png
centerX: 0.7783151954856913
centerY: 0.4981465640148275
width: 0.04836759371221282
height: 0.03022526375819789
Area: 0.00047052782211244007
CentroidX: 0.8030
CentroidY: 0.5163
