Location: internet_18.png_Gaussian-Median.png
Component: component_1755084392209_234.png
centerX: 0.656590084643289
centerY: 0.5625891074992871
width: 0.04917372027408303
height: 0.026518391787852865
Area: 0.0004069709374939302
CentroidX: 0.6819
CentroidY: 0.5784
