Location: internet_18.png_Mean-Closing.png
Component: component_1755084392730_64.png
centerX: 0.21120515920999597
centerY: 0.16652409466780724
width: 0.04393389762192664
height: 0.030795551753635585
Area: 0.0003808815834100211
CentroidX: 0.2342
CentroidY: 0.1867
