Location: internet_18.png_Otsu.png
Component: component_1755084392615_510.png
centerX: 0.7263200322450625
centerY: 0.31850584545195326
width: 0.046352277307537285
height: 0.02423723980610208
Area: 0.000275030063096011
CentroidX: 0.7522
CentroidY: 0.3328
