Location: internet_18.png_Mean-Medain.png
Component: component_1755084392487_250.png
centerX: 0.07214832728738411
centerY: 0.7031650983746792
width: 0.049979846835953246
height: 0.033932135728542916
Area: 0.0004678844073814713
CentroidX: 0.0999
CentroidY: 0.7241
