Location: internet_18.png_Mean-Closing.png
Component: component_1755084392745_119.png
centerX: 0.6690850463522773
centerY: 0.32078699743370404
width: 0.04393389762192664
height: 0.02594810379241517
Area: 0.00035709085083130223
CentroidX: 0.6922
CentroidY: 0.3365
