Location: internet_18.png_Mean-Closing.png
Component: component_1755084392746_122.png
centerX: 0.60378879484079
centerY: 0.3256344453949244
width: 0.04554615074566707
height: 0.025092671799258625
Area: 0.000349620330939434
CentroidX: 0.6287
CentroidY: 0.3415
