Location: internet_18.png_Otsu.png
Component: component_1755084392634_708.png
centerX: 0.2720677146311971
centerY: 0.5355004277159966
width: 0.04232164449818621
height: 0.029369831765041345
Area: 0.00037651420255015964
CentroidX: 0.2942
CentroidY: 0.5533
