Location: internet_18.png_Gaussian-Median.png
Component: component_1755084392195_165.png
centerX: 0.49818621523579204
centerY: 0.3823781009409752
width: 0.039500201531640466
height: 0.027944111776447105
Area: 0.0003080152816954908
CentroidX: 0.5189
CentroidY: 0.4000
