Location: internet_18.png_Gaussian-Median.png
Component: component_1755084392216_266.png
centerX: 0.7327690447400241
centerY: 0.6621043627031651
width: 0.04796453043127771
height: 0.031936127744510975
Area: 0.00040340807416088534
CentroidX: 0.7580
CentroidY: 0.6807
