Location: internet_18.png_Mean-Medain.png
Component: component_1755084392482_245.png
centerX: 0.4147521160822249
centerY: 0.6889078984887368
width: 0.046352277307537285
height: 0.026803535785571715
Area: 0.00043857698319029587
CentroidX: 0.4391
CentroidY: 0.7037
