Location: Samociqulo_1709_page_10.png_Gaussian-Median.png
Component: component_1755610056324_3683.png
centerX: 0.5616707616707617
centerY: 0.903125
width: 0.02702702702702703
height: 0.014375
Area: 0.00016722972972972973
CentroidX: 0.5745
CentroidY: 0.9109
