Location: internet_18.png_Mean-Medain.png
Component: component_1755084392495_258.png
centerX: 0.5384925433293027
centerY: 0.7362418021100656
width: 0.05078597339782346
height: 0.03222127174222983
Area: 0.0005216721506029226
CentroidX: 0.5637
CentroidY: 0.7557
