Location: internet_18.png_Mean-Medain.png
Component: component_1755084392464_212.png
centerX: 0.5227730753728336
centerY: 0.5762760193897919
width: 0.04917372027408303
height: 0.02765896777872826
Area: 0.00043869191426555536
CentroidX: 0.5491
CentroidY: 0.5921
