Location: Kurtxevani_1764_page_10.png_Otsu.png
Component: component_1755610055882_977.png
centerX: 0.7055016181229773
centerY: 0.3489242282507016
width: 0.020711974110032363
height: 0.020112254443405052
Area: 0.00016196366564644695
CentroidX: 0.7159
CentroidY: 0.3589
