Location: internet_18.png_Mean-Closing.png
Component: component_1755084392767_180.png
centerX: 0.8387746876259573
centerY: 0.4947248360422013
width: 0.04433696090286175
height: 0.028514399771884802
Area: 0.0004481162624368353
CentroidX: 0.8632
CentroidY: 0.5119
