Location: internet_18.png_Mean-Closing.png
Component: component_1755084392733_77.png
centerX: 0.45787988714228134
centerY: 0.2013116623895067
width: 0.04877065699314793
height: 0.029654975762760195
Area: 0.00038352499814098983
CentroidX: 0.4833
CentroidY: 0.2195
