Location: Samociqulo_1709_page_10.png_Gaussian-Median.png
Component: component_1755610056218_2047.png
centerX: 0.5076167076167076
centerY: 0.4809375
width: 0.036855036855036855
height: 0.020625
Area: 0.00026996314496314497
CentroidX: 0.5262
CentroidY: 0.4926
