Location: internet_18.png_Gaussian-Median.png
Component: component_1755084392169_33.png
centerX: 0.437726723095526
centerY: 0.05902480752780154
width: 0.041112454655380895
height: 0.029654975762760195
Area: 0.00031514100836158054
CentroidX: 0.4595
CentroidY: 0.0771
