Location: internet_18.png_Mean-Closing.png
Component: component_1755084392758_156.png
centerX: 0.5614671503426037
centerY: 0.4222982606216139
width: 0.04070939137444579
height: 0.02594810379241517
Area: 0.000389846207280263
CentroidX: 0.5824
CentroidY: 0.4373
