Location: Samociqulo_1709_page_10.png_Gaussian-Median.png
Component: component_1755610056131_1031.png
centerX: 0.39017199017199017
centerY: 0.2225
width: 0.02407862407862408
height: 0.0134375
Area: 0.0001550982800982801
CentroidX: 0.4025
CentroidY: 0.2305
