Location: Samociqulo_1709_page_10.png_Gaussian-Median.png
Component: component_1755610056225_2155.png
centerX: 0.34987714987714985
centerY: 0.5096875
width: 0.023587223587223587
height: 0.0134375
Area: 0.00015755528255528256
CentroidX: 0.3608
CentroidY: 0.5173
