Location: internet_18.png_Mean-Medain.png
Component: component_1755084392341_148.png
centerX: 0.5558242644095123
centerY: 0.37867122897063016
width: 0.042724707779121324
height: 0.027088679783290562
Area: 0.00035996412771279
CentroidX: 0.5781
CentroidY: 0.3939
