Location: internet_18.png_Gaussian-Median.png
Component: component_1755084392205_216.png
centerX: 0.07335751713018944
centerY: 0.49957228400342174
width: 0.04312777106005643
height: 0.026803535785571715
Area: 0.0003940986570648649
CentroidX: 0.0964
CentroidY: 0.5155
