Location: internet_18.png_Gaussian-Median.png
Component: component_1755084392187_124.png
centerX: 0.49858927851672713
centerY: 0.2894211576846307
width: 0.04433696090286175
height: 0.023096663815226688
Area: 0.0003329553250268048
CentroidX: 0.5215
CentroidY: 0.3034
