Location: internet_18.png_Otsu.png
Component: component_1755084392582_3.png
centerX: 0.5074566706972995
centerY: 0.00855431993156544
width: 0.042724707779121324
height: 0.027944111776447105
Area: 0.00029951038212628695
CentroidX: 0.5295
CentroidY: 0.0254
