Location: internet_18.png_Mean-Medain.png
Component: component_1755084392470_232.png
centerX: 0.34139459895203544
centerY: 0.6458511548331908
width: 0.04232164449818621
height: 0.023952095808383235
Area: 0.00040202890125777123
CentroidX: 0.3639
CentroidY: 0.6593
