Location: internet_18.png_Otsu.png
Component: component_1755084392606_443.png
centerX: 0.014510278113663845
centerY: 0.22383803820929568
width: 0.03909713825070536
height: 0.029940119760479042
Area: 0.0002327354274005108
CentroidX: 0.0369
CentroidY: 0.2454
