Location: internet_18.png_Mean-Medain.png
Component: component_1755084392309_121.png
centerX: 0.25312374042724706
centerY: 0.30966638152266895
width: 0.042724707779121324
height: 0.024522383803820928
Area: 0.00033341504932784285
CentroidX: 0.2755
CentroidY: 0.3243
