Location: internet_18.png_Mean-Closing.png
Component: component_1755084392712_12.png
centerX: 0.33454252317613864
centerY: 0.011690903906472769
width: 0.04030632809351068
height: 0.030795551753635585
Area: 0.0003615731627664232
CentroidX: 0.3538
CentroidY: 0.0301
