Location: internet_18.png_Mean-Closing.png
Component: component_1755084392740_100.png
centerX: 0.8178153970173317
centerY: 0.2648987738808098
width: 0.03426037887948408
height: 0.023666951810664385
Area: 0.0002876724813745573
CentroidX: 0.8360
CentroidY: 0.2792
