Location: internet_18.png_Gaussian-Median.png
Component: component_1755084392216_264.png
centerX: 0.8561064087061668
centerY: 0.6575420587396635
width: 0.04836759371221282
height: 0.029940119760479042
Area: 0.0004260494959870091
CentroidX: 0.8821
CentroidY: 0.6762
