Location: internet_18.png_Gaussian-Median.png
Component: component_1755084392227_310.png
centerX: 0.13260781942765015
centerY: 0.808668377530653
width: 0.04191858121725111
height: 0.029940119760479042
Area: 0.00041547583706313403
CentroidX: 0.1544
CentroidY: 0.8268
