Location: internet_18.png_Otsu.png
Component: component_1755084392639_735.png
centerX: 0.7726723095525998
centerY: 0.6113487311092102
width: 0.04554615074566707
height: 0.02879954376960365
Area: 0.00040306328093510683
CentroidX: 0.7954
CentroidY: 0.6280
