Location: internet_18.png_Mean-Closing.png
Component: component_1755084392740_98.png
centerX: 0.23216444981862153
centerY: 0.26204733390362134
width: 0.04675534058847239
height: 0.031080695751354435
Area: 0.00046753961415569277
CentroidX: 0.2564
CentroidY: 0.2815
