Location: internet_18.png_Otsu.png
Component: component_1755084392640_743.png
centerX: 0.27690447400241835
centerY: 0.6458511548331908
width: 0.042724707779121324
height: 0.026518391787852865
Area: 0.00034513801900431303
CentroidX: 0.2994
CentroidY: 0.6622
