Location: internet_18.png_Mean-Medain.png
Component: component_1755084392298_75.png
centerX: 0.02176541717049577
centerY: 0.1727972626176219
width: 0.04514308746473196
height: 0.031080695751354435
Area: 0.00035973426556227097
CentroidX: 0.0449
CentroidY: 0.1933
