Location: internet_18.png_Gaussian-Median.png
Component: component_1755084392199_189.png
centerX: 0.49858927851672713
centerY: 0.4251497005988024
width: 0.042724707779121324
height: 0.02879954376960365
Area: 0.0003931792084627888
CentroidX: 0.5202
CentroidY: 0.4424
