Location: internet_18.png_Mean-Closing.png
Component: component_1755084392726_45.png
centerX: 0.26320032245062475
centerY: 0.11320216709438266
width: 0.04232164449818621
height: 0.03165098374679213
Area: 0.00035513702255189053
CentroidX: 0.2855
CentroidY: 0.1332
