Location: internet_18.png_Mean-Closing.png
Component: component_1755084392792_239.png
centerX: 0.20918984280532044
centerY: 0.7003136583974907
width: 0.046352277307537285
height: 0.027944111776447105
Area: 0.0004430592951254168
CentroidX: 0.2342
CentroidY: 0.7172
