Location: internet_18.png_Gaussian-Median.png
Component: component_1755084392184_110.png
centerX: 0.34784361144699716
centerY: 0.2549187339606501
width: 0.04232164449818621
height: 0.02879954376960365
Area: 0.0003969719339463527
CentroidX: 0.3687
CentroidY: 0.2720
