Location: Paraklitoni_1720_page_10.png_Mean-Medain.png
Component: component_1755610055282_744.png
centerX: 0.32621951219512196
centerY: 0.2771929824561403
width: 0.013719512195121951
height: 0.012030075187969926
Area: 9.360290971330766e-05
CentroidX: 0.3331
CentroidY: 0.2838
