Location: internet_18.png_Otsu.png
Component: component_1755084392589_38.png
centerX: 0.12736799677549376
centerY: 0.06387225548902195
width: 0.04312777106005643
height: 0.028229255774165955
Area: 0.00023859691223874585
CentroidX: 0.1508
CentroidY: 0.0817
