Location: internet_18.png_Mean-Medain.png
Component: component_1755084392397_167.png
centerX: 0.37726723095526
centerY: 0.43741089250071286
width: 0.04393389762192664
height: 0.02594810379241517
Area: 0.0003949031745916815
CentroidX: 0.4001
CentroidY: 0.4532
