Location: internet_18.png_Gaussian-Median.png
Component: component_1755084392167_27.png
centerX: 0.8762595727529222
centerY: 0.05246649558026804
width: 0.041112454655380895
height: 0.02879954376960365
Area: 0.0003033031076098508
CentroidX: 0.8983
CentroidY: 0.0711
