Location: internet_18.png_Mean-Closing.png
Component: component_1755084392790_231.png
centerX: 0.7327690447400241
centerY: 0.6623895067008839
width: 0.04796453043127771
height: 0.03165098374679213
Area: 0.00041949842469721693
CentroidX: 0.7581
CentroidY: 0.6808
