Location: internet_18.png_Mean-Medain.png
Component: component_1755084392343_151.png
centerX: 0.37646110439338976
centerY: 0.39235814086113485
width: 0.04514308746473196
height: 0.02566295979469632
Area: 0.0003408855692197111
CentroidX: 0.4006
CentroidY: 0.4082
