Location: internet_18.png_Otsu.png
Component: component_1755084392585_28.png
centerX: 0.8093510681176945
centerY: 0.05303678357570573
width: 0.04514308746473196
height: 0.028229255774165955
Area: 0.0002681341985804403
CentroidX: 0.8330
CentroidY: 0.0704
