Location: internet_18.png_Mean-Medain.png
Component: component_1755084392298_79.png
centerX: 0.7726723095525998
centerY: 0.18163672654690619
width: 0.0471584038694075
height: 0.03307670373538637
Area: 0.00038904168975344643
CentroidX: 0.7982
CentroidY: 0.2011
