Location: internet_18.png_Gaussian-Median.png
Component: component_1755084392206_224.png
centerX: 0.3305118903667876
centerY: 0.5306529797547762
width: 0.04675534058847239
height: 0.028229255774165955
Area: 0.0004191536314714384
CentroidX: 0.3557
CentroidY: 0.5476
