Location: internet_18.png_Otsu.png
Component: component_1755084392634_710.png
centerX: 0.13825070536074163
centerY: 0.5429141716566867
width: 0.045949214026602174
height: 0.03051040775591674
Area: 0.0003958226231937576
CentroidX: 0.1631
CentroidY: 0.5616
