Location: internet_18.png_Gaussian-Median.png
Component: component_1755084392213_251.png
centerX: 0.6521563885530028
centerY: 0.6161961790704306
width: 0.04191858121725111
height: 0.03022526375819789
Area: 0.0004039827295371829
CentroidX: 0.6742
CentroidY: 0.6344
