Location: internet_18.png_Otsu.png
Component: component_1755084392646_789.png
centerX: 0.8008867392180572
centerY: 0.7197034502423724
width: 0.04554615074566707
height: 0.02765896777872826
Area: 0.00039007606943078203
CentroidX: 0.8246
CentroidY: 0.7359
