Location: internet_18.png_Otsu.png
Component: component_1755084392640_740.png
centerX: 0.46594115276098347
centerY: 0.6333048189335615
width: 0.04312777106005643
height: 0.025377815796977475
Area: 0.00038329513599047086
CentroidX: 0.4879
CentroidY: 0.6474
