Location: internet_18.png_Mean-Closing.png
Component: component_1755084392736_89.png
centerX: 0.6553808948004837
centerY: 0.23324779013401767
width: 0.037081821846029824
height: 0.027944111776447105
Area: 0.00037042285556140555
CentroidX: 0.6735
CentroidY: 0.2505
