Location: internet_18.png_Gaussian-Median.png
Component: component_1755084392216_267.png
centerX: 0.6763401854091092
centerY: 0.6675220986598233
width: 0.03909713825070536
height: 0.02737382378100941
Area: 0.00039835110684946685
CentroidX: 0.6974
CentroidY: 0.6839
