Location: internet_18.png_Mean-Closing.png
Component: component_1755084392737_91.png
centerX: 0.5235792019347038
centerY: 0.24123182207014543
width: 0.04554615074566707
height: 0.02765896777872826
Area: 0.0004205328043745526
CentroidX: 0.5482
CentroidY: 0.2581
