Location: internet_18.png_Otsu.png
Component: component_1755084392628_681.png
centerX: 0.8174123337363967
centerY: 0.4508126603934987
width: 0.04393389762192664
height: 0.02594810379241517
Area: 0.00036272247351901827
CentroidX: 0.8407
CentroidY: 0.4667
