Location: Samociqulo_1709_page_10.png_Gaussian-Median.png
Component: component_1755610056186_1769.png
centerX: 0.4388206388206388
centerY: 0.37875
width: 0.021621621621621623
height: 0.0128125
Area: 0.00013713144963144964
CentroidX: 0.4499
CentroidY: 0.3860
