Location: internet_18.png_Mean-Medain.png
Component: component_1755084392488_251.png
centerX: 0.018540910923014912
centerY: 0.7051611063587111
width: 0.04393389762192664
height: 0.03051040775591674
Area: 0.00043547384415828903
CentroidX: 0.0418
CentroidY: 0.7244
