Location: internet_18.png_Otsu.png
Component: component_1755084392613_498.png
centerX: 0.43409915356711004
centerY: 0.2951240376390077
width: 0.04433696090286175
height: 0.02480752780153978
Area: 0.00031950838922144195
CentroidX: 0.4571
CentroidY: 0.3093
