Location: internet_18.png_Mean-Medain.png
Component: component_1755084392462_206.png
centerX: 0.9125352680370818
centerY: 0.5480467636156259
width: 0.04877065699314793
height: 0.02566295979469632
Area: 0.00043329015372835835
CentroidX: 0.9380
CentroidY: 0.5625
