Location: internet_18.png_Otsu.png
Component: component_1755084392632_699.png
centerX: 0.07335751713018944
centerY: 0.49957228400342174
width: 0.04312777106005643
height: 0.026518391787852865
Area: 0.0003708825798624436
CentroidX: 0.0964
CentroidY: 0.5155
