Location: internet_18.png_Otsu.png
Component: component_1755084392651_824.png
centerX: 0.260378879484079
centerY: 0.801254633589963
width: 0.04393389762192664
height: 0.0290846877673225
Area: 0.0003878923790008513
CentroidX: 0.2833
CentroidY: 0.8184
