Location: internet_18.png_Otsu.png
Component: component_1755084392634_709.png
centerX: 0.2071745264006449
centerY: 0.5377815796977473
width: 0.03829101168883515
height: 0.0290846877673225
Area: 0.0003751350296470455
CentroidX: 0.2283
CentroidY: 0.5557
