Location: internet_18.png_Otsu.png
Component: component_1755084392647_806.png
centerX: 0.4131398629584845
centerY: 0.7453664100370687
width: 0.04312777106005643
height: 0.027944111776447105
Area: 0.0004112233872785321
CentroidX: 0.4363
CentroidY: 0.7628
