Location: internet_18.png_Mean-Medain.png
Component: component_1755084392292_48.png
centerX: 0.5223700120918985
centerY: 0.10407755916737953
width: 0.039500201531640466
height: 0.03136583974907328
Area: 0.0003142215597595044
CentroidX: 0.5438
CentroidY: 0.1243
