Location: internet_18.png_Mean-Closing.png
Component: component_1755084392747_125.png
centerX: 0.4312777106005643
centerY: 0.34302822925577414
width: 0.04353083434099154
height: 0.02281151981750784
Area: 0.0003036479008356294
CentroidX: 0.4536
CentroidY: 0.3563
