Location: internet_18.png_Gaussian-Median.png
Component: component_1755084392168_29.png
centerX: 0.747279322853688
centerY: 0.055603079555175364
width: 0.03506650544135429
height: 0.02765896777872826
Area: 0.00024917057116262094
CentroidX: 0.7670
CentroidY: 0.0731
