Location: internet_18.png_Gaussian-Median.png
Component: component_1755084392192_142.png
centerX: 0.4312777106005643
centerY: 0.34302822925577414
width: 0.04353083434099154
height: 0.02281151981750784
Area: 0.0002906606893313046
CentroidX: 0.4536
CentroidY: 0.3564
