Location: internet_18.png_Mean-Closing.png
Component: component_1755084392711_9.png
centerX: 0.18057234985892784
centerY: 0.011120615911035072
width: 0.036275695284159616
height: 0.033932135728542916
Area: 0.0003661704057768036
CentroidX: 0.2007
CentroidY: 0.0322
