Location: internet_18.png_Mean-Medain.png
Component: component_1755084392297_71.png
centerX: 0.21120515920999597
centerY: 0.16595380667236956
width: 0.04393389762192664
height: 0.03165098374679213
Area: 0.0003919149666349342
CentroidX: 0.2341
CentroidY: 0.1865
