Location: internet_18.png_Mean-Medain.png
Component: component_1755084392463_210.png
centerX: 0.656590084643289
centerY: 0.5625891074992871
width: 0.049576783555018135
height: 0.026803535785571715
Area: 0.0004311064632984276
CentroidX: 0.6820
CentroidY: 0.5784
