Location: internet_18.png_Gaussian-Median.png
Component: component_1755084392210_237.png
centerX: 0.4635227730753728
centerY: 0.5805531793555746
width: 0.04232164449818621
height: 0.028514399771884802
Area: 0.00041306228448268433
CentroidX: 0.4859
CentroidY: 0.5979
