Location: internet_18.png_Mean-Closing.png
Component: component_1755084392768_184.png
centerX: 0.013704151551793631
centerY: 0.5015682919874537
width: 0.044740024183796856
height: 0.02623324779013402
Area: 0.0004269689445890852
CentroidX: 0.0356
CentroidY: 0.5174
