Location: internet_18.png_Mean-Closing.png
Component: component_1755084392754_144.png
centerX: 0.3164046755340588
centerY: 0.3954947248360422
width: 0.03909713825070536
height: 0.026518391787852865
Area: 0.00032341604578026536
CentroidX: 0.3369
CentroidY: 0.4122
