Location: Kurtxevani_1764_page_10.png_Otsu.png
Component: component_1755610056002_1909.png
centerX: 0.3572815533980582
centerY: 0.8072965388213283
width: 0.020064724919093852
height: 0.01824134705332086
Area: 0.00019435639877573633
CentroidX: 0.3670
CentroidY: 0.8178
