Location: internet_18.png_Gaussian-Median.png
Component: component_1755084392218_276.png
centerX: 0.07214832728738411
centerY: 0.7031650983746792
width: 0.049979846835953246
height: 0.033932135728542916
Area: 0.00045064474609254456
CentroidX: 0.0998
CentroidY: 0.7242
