Location: internet_18.png_Mean-Closing.png
Component: component_1755084392802_270.png
centerX: 0.013301088270858524
centerY: 0.8089535215283719
width: 0.03909713825070536
height: 0.032506415739948676
Area: 0.0004471968138347592
CentroidX: 0.0330
CentroidY: 0.8290
