Location: internet_18.png_Mean-Medain.png
Component: component_1755084392293_51.png
centerX: 0.38855300282144295
centerY: 0.11120615911035073
width: 0.046352277307537285
height: 0.031080695751354435
Area: 0.00035306826319721934
CentroidX: 0.4121
CentroidY: 0.1302
