Location: internet_18.png_Mean-Medain.png
Component: component_1755084392518_280.png
centerX: 0.19790407093913745
centerY: 0.8055317935557457
width: 0.04070939137444579
height: 0.026803535785571715
Area: 0.0004247852541591545
CentroidX: 0.2201
CentroidY: 0.8211
