Location: internet_18.png_Mean-Medain.png
Component: component_1755084392481_244.png
centerX: 0.4840790004030633
centerY: 0.6823495865412033
width: 0.0475614671503426
height: 0.027088679783290562
Area: 0.00042627935813752815
CentroidX: 0.5084
CentroidY: 0.6981
