Location: internet_18.png_Mean-Medain.png
Component: component_1755084392287_25.png
centerX: 0.8762595727529222
centerY: 0.05246649558026804
width: 0.041112454655380895
height: 0.0290846877673225
Area: 0.00032812821986590533
CentroidX: 0.8984
CentroidY: 0.0711
