Location: internet_18.png_Mean-Medain.png
Component: component_1755084392327_134.png
centerX: 0.3059250302297461
centerY: 0.3498716852010265
width: 0.04232164449818621
height: 0.026803535785571715
Area: 0.00036111343846538513
CentroidX: 0.3281
CentroidY: 0.3654
