Location: internet_18.png_Mean-Medain.png
Component: component_1755084392333_140.png
centerX: 0.18218460298266828
centerY: 0.3615625891074993
width: 0.04353083434099154
height: 0.027088679783290562
Area: 0.00034709184728372474
CentroidX: 0.2047
CentroidY: 0.3773
