Location: internet_18.png_Otsu.png
Component: component_1755084392649_815.png
centerX: 0.8617492946392583
centerY: 0.7773025377815796
width: 0.04353083434099154
height: 0.02879954376960365
Area: 0.00035180402136936466
CentroidX: 0.8852
CentroidY: 0.7950
