Location: internet_18.png_Gaussian-Median.png
Component: component_1755084392198_186.png
centerX: 0.01128577186618299
centerY: 0.4163102366695181
width: 0.04514308746473196
height: 0.02594810379241517
Area: 0.00033444942900517845
CentroidX: 0.0346
CentroidY: 0.4323
