Location: internet_18.png_Mean-Closing.png
Component: component_1755084392792_237.png
centerX: 0.34542523176138656
centerY: 0.6903336184773311
width: 0.046352277307537285
height: 0.031080695751354435
Area: 0.0004389217764160744
CentroidX: 0.3681
CentroidY: 0.7088
