Location: internet_18.png_Mean-Closing.png
Component: component_1755084392794_244.png
centerX: 0.860540104796453
centerY: 0.7134302822925578
width: 0.049979846835953246
height: 0.02879954376960365
Area: 0.0004670798898546547
CentroidX: 0.8864
CentroidY: 0.7300
