Location: internet_18.png_Mean-Medain.png
Component: component_1755084392285_21.png
centerX: 0.230149133413946
centerY: 0.014257199885942401
width: 0.03667875856509472
height: 0.031080695751354435
Area: 0.0003538727807240359
CentroidX: 0.2509
CentroidY: 0.0330
