Location: internet_18.png_Mean-Closing.png
Component: component_1755084392747_124.png
centerX: 0.48810963321241435
centerY: 0.3367550613059595
width: 0.04030632809351068
height: 0.02566295979469632
Area: 0.0003156007326626186
CentroidX: 0.5094
CentroidY: 0.3518
