Location: internet_18.png_Otsu.png
Component: component_1755084392637_726.png
centerX: 0.34260378879484077
centerY: 0.5842600513259196
width: 0.04312777106005643
height: 0.03364699173082407
Area: 0.00040731573071970875
CentroidX: 0.3649
CentroidY: 0.6051
