Location: internet_18.png_Gaussian-Median.png
Component: component_1755084392185_114.png
centerX: 0.23216444981862153
centerY: 0.26204733390362134
width: 0.04675534058847239
height: 0.031080695751354435
Area: 0.00045328816082351335
CentroidX: 0.2565
CentroidY: 0.2815
