Location: internet_18.png_Otsu.png
Component: component_1755084392594_117.png
centerX: 0.014510278113663845
centerY: 0.11690903906472769
width: 0.0471584038694075
height: 0.03507271171941831
Area: 0.0002908905514818236
CentroidX: 0.0392
CentroidY: 0.1391
