Location: internet_18.png_Mean-Closing.png
Component: component_1755084392796_247.png
centerX: 0.6698911729141476
centerY: 0.7291132021670944
width: 0.0471584038694075
height: 0.03279155973766752
Area: 0.0005042026271634769
CentroidX: 0.6954
CentroidY: 0.7482
