Location: internet_18.png_Otsu.png
Component: component_1755084392622_639.png
centerX: 0.7420395002015316
centerY: 0.4074707727402338
width: 0.04675534058847239
height: 0.02566295979469632
Area: 0.00038341006706573035
CentroidX: 0.7659
CentroidY: 0.4226
