Location: Paraklitoni_1720_page_10.png_Mean-Medain.png
Component: component_1755610055324_1211.png
centerX: 0.3277439024390244
centerY: 0.4431077694235589
width: 0.014481707317073171
height: 0.012531328320802004
Area: 0.00010391833241640688
CentroidX: 0.3351
CentroidY: 0.4501
