Location: internet_18.png_Mean-Closing.png
Component: component_1755084392744_113.png
centerX: 0.9097138250705361
centerY: 0.30710008554319934
width: 0.04070939137444579
height: 0.025092671799258625
Area: 0.000329852185994798
CentroidX: 0.9309
CentroidY: 0.3228
