Location: internet_18.png_Otsu.png
Component: component_1755084392586_30.png
centerX: 0.6239419588875453
centerY: 0.05588822355289421
width: 0.041112454655380895
height: 0.026803535785571715
Area: 0.00024112539589445512
CentroidX: 0.6440
CentroidY: 0.0723
