Location: internet_18.png_Mean-Closing.png
Component: component_1755084392718_21.png
centerX: 0.8093510681176945
centerY: 0.05303678357570573
width: 0.04554615074566707
height: 0.028514399771884802
Area: 0.0003508845727672886
CentroidX: 0.8334
CentroidY: 0.0706
