Location: internet_18.png_Mean-Medain.png
Component: component_1755084392469_228.png
centerX: 0.4655380894800484
centerY: 0.6330196749358425
width: 0.04393389762192664
height: 0.02594810379241517
Area: 0.0004307616700726491
CentroidX: 0.4878
CentroidY: 0.6474
