Location: internet_18.png_Gaussian-Median.png
Component: component_1755084392200_196.png
centerX: 0.19588875453446192
centerY: 0.44938694040490446
width: 0.04191858121725111
height: 0.026803535785571715
Area: 0.00037042285556140555
CentroidX: 0.2175
CentroidY: 0.4655
