Location: internet_18.png_Gaussian-Median.png
Component: component_1755084392206_221.png
centerX: 0.520757758968158
centerY: 0.5161106358711149
width: 0.045949214026602174
height: 0.028514399771884802
Area: 0.0004360484995345866
CentroidX: 0.5454
CentroidY: 0.5328
