Location: internet_18.png_Mean-Closing.png
Component: component_1755084392741_102.png
centerX: 0.750906892382104
centerY: 0.268320501853436
width: 0.04675534058847239
height: 0.02423723980610208
Area: 0.00037134230416348166
CentroidX: 0.7758
CentroidY: 0.2830
