Location: internet_18.png_Mean-Medain.png
Component: component_1755084392299_82.png
centerX: 0.5904877065699314
centerY: 0.19503849443969204
width: 0.04232164449818621
height: 0.029369831765041345
Area: 0.00034812622696106033
CentroidX: 0.6126
CentroidY: 0.2129
