Location: internet_18.png_Otsu.png
Component: component_1755084392609_467.png
centerX: 0.5912938331318017
centerY: 0.2369546621043627
width: 0.04393389762192664
height: 0.02566295979469632
Area: 0.00034214981104756573
CentroidX: 0.6132
CentroidY: 0.2529
