Location: internet_18.png_Mean-Closing.png
Component: component_1755084392742_105.png
centerX: 0.6888351471180976
centerY: 0.2708867978329056
width: 0.04877065699314793
height: 0.029940119760479042
Area: 0.00041674007889098866
CentroidX: 0.7143
CentroidY: 0.2890
