Location: internet_18.png_Mean-Medain.png
Component: component_1755084392508_263.png
centerX: 0.2132204756146715
centerY: 0.7493584260051326
width: 0.049576783555018135
height: 0.028514399771884802
Area: 0.000490295967057076
CentroidX: 0.2377
CentroidY: 0.7668
