Location: internet_18.png_Otsu.png
Component: component_1755084392622_638.png
centerX: 0.19347037484885127
centerY: 0.40547476475620187
width: 0.04312777106005643
height: 0.026518391787852865
Area: 0.00025825012610812233
CentroidX: 0.2157
CentroidY: 0.4208
