Location: Kurtxevani_1784_page_10.png_Gaussian-Closing.png
Component: component_1755610055720_162.png
centerX: 0.09903121636167922
centerY: 0.20159362549800797
width: 0.02045209903121636
height: 0.01752988047808765
Area: 0.00020413502073514338
CentroidX: 0.1097
CentroidY: 0.2122
