Location: internet_18.png_Otsu.png
Component: component_1755084392621_634.png
centerX: 0.9153567110036276
centerY: 0.4020530367835757
width: 0.04514308746473196
height: 0.023666951810664385
Area: 0.00037410064996970993
CentroidX: 0.9387
CentroidY: 0.4167
