Location: internet_18.png_Otsu.png
Component: component_1755084392645_781.png
centerX: 0.9218057234985892
centerY: 0.7102936983176504
width: 0.0475614671503426
height: 0.029369831765041345
Area: 0.00036743464760465825
CentroidX: 0.9481
CentroidY: 0.7284
