Location: internet_18.png_Otsu.png
Component: component_1755084392588_34.png
centerX: 0.4381297863764611
centerY: 0.05930995152552039
width: 0.04070939137444579
height: 0.029369831765041345
Area: 0.00024986015761417797
CentroidX: 0.4589
CentroidY: 0.0770
