Location: internet_18.png_Mean-Medain.png
Component: component_1755084392295_64.png
centerX: 0.585247883917775
centerY: 0.15112631879098945
width: 0.04554615074566707
height: 0.028514399771884802
Area: 0.00038605348179669913
CentroidX: 0.6089
CentroidY: 0.1677
