Location: internet_18.png_Gaussian-Median.png
Component: component_1755084392181_95.png
centerX: 0.22813381700927046
centerY: 0.21585400627316795
width: 0.02539298669891173
height: 0.02879954376960365
Area: 0.00023514897998096052
CentroidX: 0.2388
CentroidY: 0.2318
