Location: internet_18.png_Mean-Closing.png
Component: component_1755084392776_204.png
centerX: 0.4635227730753728
centerY: 0.5805531793555746
width: 0.042724707779121324
height: 0.028514399771884802
Area: 0.00042972729039531346
CentroidX: 0.4860
CentroidY: 0.5979
