Location: internet_18.png_Mean-Closing.png
Component: component_1755084392775_198.png
centerX: 0.788391777509069
centerY: 0.5531793555745651
width: 0.04675534058847239
height: 0.029654975762760195
Area: 0.0004620229225432362
CentroidX: 0.8136
CentroidY: 0.5708
