Location: internet_18.png_Otsu.png
Component: component_1755084392586_31.png
centerX: 0.7476823861346231
centerY: 0.05588822355289421
width: 0.03426037887948408
height: 0.02737382378100941
Area: 0.00021664507686417918
CentroidX: 0.7671
CentroidY: 0.0731
