Location: internet_18.png_Mean-Closing.png
Component: component_1755084392752_136.png
centerX: 0.014107214832728738
centerY: 0.36840604505275165
width: 0.03788794840790004
height: 0.02594810379241517
Area: 0.0003110034896522381
CentroidX: 0.0345
CentroidY: 0.3844
