Location: internet_18.png_Otsu.png
Component: component_1755084392639_737.png
centerX: 0.6521563885530028
centerY: 0.6161961790704306
width: 0.04191858121725111
height: 0.029940119760479042
Area: 0.0003812263766357996
CentroidX: 0.6743
CentroidY: 0.6344
