Location: internet_18.png_Otsu.png
Component: component_1755084392616_519.png
centerX: 0.013301088270858524
centerY: 0.3236384374108925
width: 0.04393389762192664
height: 0.02623324779013402
Area: 0.0003592745412612329
CentroidX: 0.0347
CentroidY: 0.3398
