Location: internet_18.png_Gaussian-Median.png
Component: component_1755084392190_135.png
centerX: 0.6686819830713422
centerY: 0.32078699743370404
width: 0.04433696090286175
height: 0.02594810379241517
Area: 0.00033835708556400186
CentroidX: 0.6921
CentroidY: 0.3365
