Location: internet_18.png_Mean-Medain.png
Component: component_1755084392458_192.png
centerX: 0.07295445384925434
centerY: 0.49957228400342174
width: 0.04353083434099154
height: 0.026803535785571715
Area: 0.0004121428358806082
CentroidX: 0.0965
CentroidY: 0.5155
