Location: internet_18.png_Otsu.png
Component: component_1755084392619_569.png
centerX: 0.6759371221281741
centerY: 0.36926147704590817
width: 0.026602176541717048
height: 0.02623324779013402
Area: 0.00016423650654584192
CentroidX: 0.6918
CentroidY: 0.3863
