Location: internet_18.png_Otsu.png
Component: component_1755084392609_480.png
centerX: 0.3482466747279323
centerY: 0.2549187339606501
width: 0.04191858121725111
height: 0.028514399771884802
Area: 0.0003719169595397792
CentroidX: 0.3687
CentroidY: 0.2721
