Location: internet_18.png_Otsu.png
Component: component_1755084392642_751.png
centerX: 0.8561064087061668
centerY: 0.6578272027373824
width: 0.04836759371221282
height: 0.029654975762760195
Area: 0.00039076565588233906
CentroidX: 0.8821
CentroidY: 0.6763
