Location: internet_18.png_Otsu.png
Component: component_1755084392616_532.png
centerX: 0.48810963321241435
centerY: 0.3367550613059595
width: 0.03990326481257558
height: 0.025377815796977475
Area: 0.0002623876448174647
CentroidX: 0.5092
CentroidY: 0.3518
