Location: internet_18.png_Otsu.png
Component: component_1755084392644_774.png
centerX: 0.07214832728738411
centerY: 0.7034502423723981
width: 0.049979846835953246
height: 0.03364699173082407
Area: 0.00040835011039704435
CentroidX: 0.0997
CentroidY: 0.7241
