Location: internet_18.png_Mean-Medain.png
Component: component_1755084392298_78.png
centerX: 0.8347440548166062
centerY: 0.18078129455374964
width: 0.037484885126964934
height: 0.028514399771884802
Area: 0.0003955927610432386
CentroidX: 0.8545
CentroidY: 0.1989
