Location: internet_18.png_Otsu.png
Component: component_1755084392636_719.png
centerX: 0.5949214026602176
centerY: 0.5677216994582264
width: 0.04312777106005643
height: 0.027944111776447105
Area: 0.00039938548652680245
CentroidX: 0.6174
CentroidY: 0.5840
