Location: internet_18.png_Otsu.png
Component: component_1755084392590_41.png
centerX: 0.017331721080209594
centerY: 0.06700883946392928
width: 0.04353083434099154
height: 0.02765896777872826
Area: 0.00025939943686071747
CentroidX: 0.0389
CentroidY: 0.0841
