Location: internet_18.png_Otsu.png
Component: component_1755084392601_338.png
centerX: 0.8351471180975413
centerY: 0.18106643855146848
width: 0.03667875856509472
height: 0.028229255774165955
Area: 0.00036249261136849924
CentroidX: 0.8545
CentroidY: 0.1991
