Location: internet_18.png_Otsu.png
Component: component_1755084392647_805.png
centerX: 0.47480854494155583
centerY: 0.7402338180781295
width: 0.04836759371221282
height: 0.030795551753635585
Area: 0.000429842221470573
CentroidX: 0.4993
CentroidY: 0.7596
