Location: internet_18.png_Gaussian-Median.png
Component: component_1755084392185_112.png
centerX: 0.29181781539701734
centerY: 0.25805531793555747
width: 0.04232164449818621
height: 0.03136583974907328
Area: 0.0004519089879203992
CentroidX: 0.3144
CentroidY: 0.2776
