Location: internet_18.png_Gaussian-Median.png
Component: component_1755084392180_88.png
centerX: 0.6541717049576784
centerY: 0.191331622469347
width: 0.04030632809351068
height: 0.02879954376960365
Area: 0.00031456635298528294
CentroidX: 0.6769
CentroidY: 0.2085
