Location: internet_18.png_Mean-Closing.png
Component: component_1755084392758_153.png
centerX: 0.07335751713018944
centerY: 0.4143142286854862
width: 0.04393389762192664
height: 0.02423723980610208
Area: 0.00030537186696452206
CentroidX: 0.0950
CentroidY: 0.4288
