Location: internet_18.png_Mean-Medain.png
Component: component_1755084392467_222.png
centerX: 0.8327287384119306
centerY: 0.6062161391502708
width: 0.0471584038694075
height: 0.03279155973766752
Area: 0.0004914452778096712
CentroidX: 0.8565
CentroidY: 0.6256
