Location: internet_18.png_Otsu.png
Component: component_1755084392637_727.png
centerX: 0.2773075372833535
centerY: 0.5913886512688908
width: 0.045949214026602174
height: 0.02879954376960365
Area: 0.0004099591454506775
CentroidX: 0.3025
CentroidY: 0.6091
