Location: internet_18.png_Mean-Medain.png
Component: component_1755084392293_54.png
centerX: 0.14510278113663846
centerY: 0.11434274308525806
width: 0.04353083434099154
height: 0.03421727972626176
Area: 0.0003582401615838973
CentroidX: 0.1678
CentroidY: 0.1363
