Location: internet_18.png_Gaussian-Median.png
Component: component_1755084392188_127.png
centerX: 0.31116485288190243
centerY: 0.3059595095523239
width: 0.04393389762192664
height: 0.023952095808383235
Area: 0.0003359435329835521
CentroidX: 0.3336
CentroidY: 0.3204
