Location: internet_18.png_Mean-Medain.png
Component: component_1755084392306_108.png
centerX: 0.11930673115679162
centerY: 0.2671799258625606
width: 0.04191858121725111
height: 0.032506415739948676
Area: 0.0004670798898546547
CentroidX: 0.1424
CentroidY: 0.2870
