Location: internet_18.png_Mean-Medain.png
Component: component_1755084392332_139.png
centerX: 0.7960499798468359
centerY: 0.3581408611348731
width: 0.04070939137444579
height: 0.028514399771884802
Area: 0.00033755256803718524
CentroidX: 0.8171
CentroidY: 0.3762
