Location: internet_18.png_Mean-Closing.png
Component: component_1755084392795_245.png
centerX: 0.8008867392180572
centerY: 0.7194183062446535
width: 0.04554615074566707
height: 0.027944111776447105
Area: 0.0004370828792119222
CentroidX: 0.8244
CentroidY: 0.7359
