Location: Paraklitoni_1720_page_10.png_Mean-Medain.png
Component: component_1755610055343_1402.png
centerX: 0.6013719512195121
centerY: 0.5067669172932331
width: 0.014481707317073171
height: 0.012531328320802004
Area: 0.00010659270126535851
CentroidX: 0.6083
CentroidY: 0.5142
