Location: internet_18.png_Mean-Medain.png
Component: component_1755084392453_187.png
centerX: 0.9012494961708988
centerY: 0.49187339606501285
width: 0.041515517936316
height: 0.02737382378100941
Area: 0.0004158206302889126
CentroidX: 0.9225
CentroidY: 0.5085
