Location: internet_18.png_Mean-Closing.png
Component: component_1755084392734_82.png
centerX: 0.1483272873841193
centerY: 0.2167094382663245
width: 0.044740024183796856
height: 0.03165098374679213
Area: 0.0003785829619048309
CentroidX: 0.1723
CentroidY: 0.2365
