Location: internet_18.png_Otsu.png
Component: component_1755084392643_763.png
centerX: 0.4844820636839984
centerY: 0.6823495865412033
width: 0.0471584038694075
height: 0.026803535785571715
Area: 0.0003689287515830319
CentroidX: 0.5082
CentroidY: 0.6981
