Location: internet_18.png_Otsu.png
Component: component_1755084392610_482.png
centerX: 0.29181781539701734
centerY: 0.2583404619332763
width: 0.04232164449818621
height: 0.030795551753635585
Area: 0.000430072083621092
CentroidX: 0.3144
CentroidY: 0.2776
