Location: internet_18.png_Mean-Closing.png
Component: component_1755084392769_186.png
centerX: 0.6493349455864571
centerY: 0.5086968919304249
width: 0.04433696090286175
height: 0.028229255774165955
Area: 0.00042558977168597107
CentroidX: 0.6735
CentroidY: 0.5255
