Location: internet_18.png_Mean-Medain.png
Component: component_1755084392288_28.png
centerX: 0.6235388956066102
centerY: 0.05588822355289421
width: 0.041515517936316
height: 0.026803535785571715
Area: 0.00031548580158735905
CentroidX: 0.6445
CentroidY: 0.0723
