Location: internet_18.png_Otsu.png
Component: component_1755084392649_814.png
centerX: 0.7984683595324465
centerY: 0.7773025377815796
width: 0.049979846835953246
height: 0.02737382378100941
Area: 0.00037639927147490015
CentroidX: 0.8249
CentroidY: 0.7933
