Location: Kurtxevani_1794_page_10.png_Mean-Medain.png
Component: component_1755610054985_1578.png
centerX: 0.5634132086499123
centerY: 0.4583516967827237
width: 0.01694915254237288
height: 0.012780960775672102
Area: 0.00012492726528549487
CentroidX: 0.5717
CentroidY: 0.4654
