Location: Dz_02-1.png_Otsu.png
Component: component_1744889440946_233.png
centerX: 0.5792019347037485
centerY: 0.43798118049615054
width: 0.022974607013301087
height: 0.021813515825491875
Area: 0.00013343497837629283
CentroidX: 0.5900
CentroidY: 0.4506
