Location: Dz_02-1.png_Mean-Medain.png
Component: component_1744889441188_268.png
centerX: 0.8246674727932285
centerY: 0.5153977758768178
width: 0.02781136638452237
height: 0.023952095808383235
Area: 0.0001846367724044052
CentroidX: 0.8383
CentroidY: 0.5296
