Location: Dz_02-1.png_Otsu.png
Component: component_1744889440980_382.png
centerX: 0.015114873035066506
centerY: 0.6860564585115483
width: 0.02539298669891173
height: 0.022668947818648418
Area: 0.000151278027810332
CentroidX: 0.0267
CentroidY: 0.6994
