Location: Dz_02-1.png_Otsu.png
Component: component_1744889440918_125.png
centerX: 0.8585247883917775
centerY: 0.24251497005988024
width: 0.024788391777509067
height: 0.023096663815226688
Area: 0.00015981166014835074
CentroidX: 0.8699
CentroidY: 0.2563
