Location: Dz_02-1.png_Gaussian-Median.png
Component: component_1744889441338_312.png
centerX: 0.6475211608222491
centerY: 0.5799828913601369
width: 0.028415961305925032
height: 0.022241231822070145
Area: 0.00018773991143641202
CentroidX: 0.6604
CentroidY: 0.5932
