Location: Dz_01-1.png_Otsu.png
Component: component_1744889441569_370.png
centerX: 0.6009673518742442
centerY: 0.7262617621899059
width: 0.02781136638452237
height: 0.020958083832335328
Area: 0.0001517952176489998
CentroidX: 0.6129
CentroidY: 0.7388
