Location: Dz_02-1.png_Gaussian-Median.png
Component: component_1744889441331_278.png
centerX: 0.6825876662636033
centerY: 0.5179640718562875
width: 0.028415961305925032
height: 0.021813515825491875
Area: 0.00018567115208174083
CentroidX: 0.6954
CentroidY: 0.5304
