Location: Dz_02-1.png_Mean-Medain.png
Component: component_1744889441232_450.png
centerX: 0.7382103990326482
centerY: 0.8259195893926433
width: 0.02902055622732769
height: 0.023096663815226688
Area: 0.00027540358909060444
CentroidX: 0.7512
CentroidY: 0.8393
