Location: Dz_01-1.png_Otsu.png
Component: component_1744889441414_23.png
centerX: 0.1033857315598549
centerY: 0.05303678357570573
width: 0.02781136638452237
height: 0.026518391787852865
Area: 0.00018567115208174083
CentroidX: 0.1164
CentroidY: 0.0684
