Location: Dz_01-1.png_Otsu.png
Component: component_1744889441415_26.png
centerX: 0.20193470374848851
centerY: 0.057741659538066724
width: 0.03143893591293833
height: 0.024379811804961505
Area: 0.00018955007587174934
CentroidX: 0.2177
CentroidY: 0.0719
