Location: Dz_02-1.png_Gaussian-Median.png
Component: component_1744889441297_110.png
centerX: 0.028415961305925032
centerY: 0.20573139435414883
width: 0.02539298669891173
height: 0.024379811804961505
Area: 0.00019006726571041714
CentroidX: 0.0416
CentroidY: 0.2209
