Location: Dz_02-1.png_Gaussian-Median.png
Component: component_1744889441355_389.png
centerX: 0.6626360338573156
centerY: 0.7065868263473054
width: 0.028415961305925032
height: 0.022668947818648418
Area: 0.0002092032897411258
CentroidX: 0.6759
CentroidY: 0.7202
