Location: Dz_02-1.png_Mean-Medain.png
Component: component_1744889441104_116.png
centerX: 0.31559854897218864
centerY: 0.20829769033361847
width: 0.026602176541717048
height: 0.022668947818648418
Area: 0.00018592974700107473
CentroidX: 0.3283
CentroidY: 0.2216
