Location: Dz_02-1.png_Mean-Medain.png
Component: component_1744889441136_173.png
centerX: 0.4818621523579202
centerY: 0.3229255774165954
width: 0.024788391777509067
height: 0.024379811804961505
Area: 0.00018722272159774422
CentroidX: 0.4932
CentroidY: 0.3375
