Location: Dz_02-1.png_Otsu.png
Component: component_1744889440984_404.png
centerX: 0.8579201934703748
centerY: 0.7416595380667237
width: 0.028415961305925032
height: 0.026090675791274595
Area: 0.00014817488877832518
CentroidX: 0.8714
CentroidY: 0.7573
