Location: Dz_02-1.png_Gaussian-Median.png
Component: component_1744889441314_190.png
centerX: 0.373639661426844
centerY: 0.3592814371257485
width: 0.02599758162031439
height: 0.02352437981180496
Area: 0.00019161883522642053
CentroidX: 0.3866
CentroidY: 0.3735
