Location: Dz_01-1.png_Otsu.png
Component: component_1744889441585_424.png
centerX: 0.1807738814993954
centerY: 0.8314798973481609
width: 0.026602176541717048
height: 0.026090675791274595
Area: 0.00017325859595371357
CentroidX: 0.1938
CentroidY: 0.8467
