Location: Dz_02-1.png_Gaussian-Median.png
Component: component_1744889441381_487.png
centerX: 0.747279322853688
centerY: 0.8896492728828058
width: 0.02720677146311971
height: 0.02737382378100941
Area: 0.0001758445451470526
CentroidX: 0.7597
CentroidY: 0.9059
