Location: Dz_02-1.png_Gaussian-Median.png
Component: component_1744889441304_142.png
centerX: 0.07859733978234583
centerY: 0.28186484174508125
width: 0.02357920193470375
height: 0.026090675791274595
Area: 0.00020066965740310708
CentroidX: 0.0902
CentroidY: 0.2970
