Location: Dz_02-1.png_Gaussian-Median.png
Component: component_1744889441290_81.png
centerX: 0.7563482466747279
centerY: 0.16638152266894782
width: 0.022370012091898428
height: 0.02480752780153978
Area: 0.00017739611466305598
CentroidX: 0.7668
CentroidY: 0.1814
