Location: Dz_01-1.png_Otsu.png
Component: component_1744889441572_382.png
centerX: 0.9625151148730351
centerY: 0.7480752780153977
width: 0.02539298669891173
height: 0.02480752780153978
Area: 0.00017222421627637797
CentroidX: 0.9738
CentroidY: 0.7626
