Location: Dz_02-1.png_Gaussian-Median.png
Component: component_1744889441327_257.png
centerX: 0.3210399032648126
centerY: 0.4803250641573995
width: 0.024788391777509067
height: 0.023096663815226688
Area: 0.00018825710127507982
CentroidX: 0.3325
CentroidY: 0.4937
