Location: Dz_01-1.png_Otsu.png
Component: component_1744889441475_207.png
centerX: 0.839782345828295
centerY: 0.40975192472198463
width: 0.02418379685610641
height: 0.023096663815226688
Area: 0.00015929447030968292
CentroidX: 0.8509
CentroidY: 0.4236
