Location: Dz_01-1.png_Otsu.png
Component: component_1744889441498_247.png
centerX: 0.7496977025392987
centerY: 0.4914456800684346
width: 0.02962515114873035
height: 0.02480752780153978
Area: 0.0001833437978077357
CentroidX: 0.7625
CentroidY: 0.5062
