Location: Dz_01-1.png_Otsu.png
Component: component_1744889441435_108.png
centerX: 0.5804111245465539
centerY: 0.21043627031650983
width: 0.02781136638452237
height: 0.026518391787852865
Area: 0.00017248281119571187
CentroidX: 0.5932
CentroidY: 0.2265
