Location: Dz_02-1.png_Mean-Medain.png
Component: component_1744889441066_22.png
centerX: 0.07496977025392987
centerY: 0.05303678357570573
width: 0.022974607013301087
height: 0.023952095808383235
Area: 0.00018825710127507982
CentroidX: 0.0856
CentroidY: 0.0673
