Location: Dz_01-1.png_Otsu.png
Component: component_1744889441451_157.png
centerX: 0.20012091898428053
centerY: 0.2964071856287425
width: 0.028415961305925032
height: 0.02480752780153978
Area: 0.00016575934329303045
CentroidX: 0.2116
CentroidY: 0.3108
