Location: Dz_02-1.png_Mean-Medain.png
Component: component_1744889441182_246.png
centerX: 0.8621523579201935
centerY: 0.4743370402053037
width: 0.024788391777509067
height: 0.023096663815226688
Area: 0.00020610015070911898
CentroidX: 0.8747
CentroidY: 0.4875
