Location: Dz_02-1.png_Otsu.png
Component: component_1744889440990_442.png
centerX: 0.014510278113663845
centerY: 0.8045337895637297
width: 0.02599758162031439
height: 0.020102651839178785
Area: 0.00016213901442235583
CentroidX: 0.0263
CentroidY: 0.8155
