Location: Dz_02-1.png_Mean-Medain.png
Component: component_1744889441120_147.png
centerX: 0.12575574365175332
centerY: 0.2848588537211292
width: 0.030229746070133012
height: 0.02566295979469632
Area: 0.0002037727964351139
CentroidX: 0.1389
CentroidY: 0.3006
