Location: Dz_02-1.png_Otsu.png
Component: component_1744889440951_255.png
centerX: 0.2720677146311971
centerY: 0.47946963216424293
width: 0.02539298669891173
height: 0.023096663815226688
Area: 0.00016213901442235583
CentroidX: 0.2844
CentroidY: 0.4932
