Location: Dz_01-1.png_Otsu.png
Component: component_1744889441589_439.png
centerX: 0.5979443772672309
centerY: 0.8361847733105218
width: 0.022974607013301087
height: 0.023952095808383235
Area: 0.00013938266152097256
CentroidX: 0.6094
CentroidY: 0.8504
