Location: Dz_01-1.png_Otsu.png
Component: component_1744889441578_403.png
centerX: 0.9250302297460702
centerY: 0.7835757057313943
width: 0.02418379685610641
height: 0.02737382378100941
Area: 0.00016369058393835925
CentroidX: 0.9365
CentroidY: 0.8007
