Location: Dz_01-1.png_Otsu.png
Component: component_1744889441413_19.png
centerX: 0.9087061668681983
centerY: 0.020958083832335328
width: 0.02902055622732769
height: 0.02523524379811805
Area: 0.00021954708651448183
CentroidX: 0.9234
CentroidY: 0.0353
