Location: Dz_02-1.png_Mean-Medain.png
Component: component_1744889441113_136.png
centerX: 0.6686819830713422
centerY: 0.24679213002566297
width: 0.02418379685610641
height: 0.022668947818648418
Area: 0.0001792062790983933
CentroidX: 0.6790
CentroidY: 0.2601
