Location: Dz_02-1.png_Otsu.png
Component: component_1744889440999_471.png
centerX: 0.5405078597339782
centerY: 0.8579982891360137
width: 0.03385731559854897
height: 0.0290846877673225
Area: 0.0002741106144939349
CentroidX: 0.5560
CentroidY: 0.8758
