Location: Dz_02-1.png_Otsu.png
Component: component_1744889440940_205.png
centerX: 0.7841596130592503
centerY: 0.3947818648417451
width: 0.02418379685610641
height: 0.023096663815226688
Area: 0.00015929447030968292
CentroidX: 0.7962
CentroidY: 0.4089
