Location: Dz_02-1.png_Otsu.png
Component: component_1744889441006_481.png
centerX: 0.058645707376058044
centerY: 0.8738237810094097
width: 0.02357920193470375
height: 0.02694610778443114
Area: 0.00023454559183584808
CentroidX: 0.0703
CentroidY: 0.8900
