Location: Dz_01-1.png_Otsu.png
Component: component_1744889441586_429.png
centerX: 0.8282950423216445
centerY: 0.8323353293413174
width: 0.03204353083434099
height: 0.02480752780153978
Area: 0.00016963826708303896
CentroidX: 0.8430
CentroidY: 0.8472
