Location: Dz_02-1.png_Otsu.png
Component: component_1744889440907_76.png
centerX: 0.56590084643289
centerY: 0.1330196749358426
width: 0.02357920193470375
height: 0.024379811804961505
Area: 0.00015644992619701003
CentroidX: 0.5776
CentroidY: 0.1474
