Location: Dz_01-1.png_Otsu.png
Component: component_1744889441449_151.png
centerX: 0.5332527206771464
centerY: 0.2938408896492729
width: 0.024788391777509067
height: 0.022668947818648418
Area: 0.00015774290079367952
CentroidX: 0.5453
CentroidY: 0.3069
