Location: Dz_02-1.png_Otsu.png
Component: component_1744889440972_344.png
centerX: 0.9546553808948005
centerY: 0.6343028229255774
width: 0.02357920193470375
height: 0.022241231822070145
Area: 0.00016705231788969997
CentroidX: 0.9668
CentroidY: 0.6473
