Location: Dz_02-1.png_Otsu.png
Component: component_1744889440958_288.png
centerX: 0.905683192261185
centerY: 0.548759623609923
width: 0.02781136638452237
height: 0.023952095808383235
Area: 0.0001742929756310492
CentroidX: 0.9188
CentroidY: 0.5634
