Location: Dz_01-1.png_Otsu.png
Component: component_1744889441493_235.png
centerX: 0.36094316807738813
centerY: 0.4632164242942686
width: 0.02902055622732769
height: 0.023096663815226688
Area: 0.00016731091280903387
CentroidX: 0.3743
CentroidY: 0.4769
