Location: easy21_Mean-Medain.png
Component: component_1744297380814_255.png
centerX: 0.6661290322580645
centerY: 0.2672413793103448
width: 0.025806451612903226
height: 0.014846743295019157
Area: 0.0001521752564577926
CentroidX: 0.6790
CentroidY: 0.2757
