Location: Dz_02-1.png_Gaussian-Median.png
Component: component_1744889441367_438.png
centerX: 0.06287787182587666
centerY: 0.8006843455945253
width: 0.02720677146311971
height: 0.02352437981180496
Area: 0.00019446337933909345
CentroidX: 0.0751
CentroidY: 0.8147
