Location: Dz_01-1.png_Otsu.png
Component: component_1744889441579_405.png
centerX: 0.839782345828295
centerY: 0.786142001710864
width: 0.030229746070133012
height: 0.026518391787852865
Area: 0.000174810165469717
CentroidX: 0.8545
CentroidY: 0.8022
