Location: Dz_02-1.png_Mean-Medain.png
Component: component_1744889441155_201.png
centerX: 0.9480048367593712
centerY: 0.3917878528656972
width: 0.02357920193470375
height: 0.021813515825491875
Area: 0.0001838609876464035
CentroidX: 0.9588
CentroidY: 0.4044
