Location: Dz_01-1.png_Otsu.png
Component: component_1744889441515_285.png
centerX: 0.8403869407496977
centerY: 0.56928999144568
width: 0.02781136638452237
height: 0.021813515825491875
Area: 0.0001517952176489998
CentroidX: 0.8532
CentroidY: 0.5825
