Location: Dz_01-1.png_Otsu.png
Component: component_1744889441443_137.png
centerX: 0.2968561064087062
centerY: 0.2540633019674936
width: 0.02781136638452237
height: 0.024379811804961505
Area: 0.00016886248232503726
CentroidX: 0.3106
CentroidY: 0.2684
