Location: Dz_02-1.png_Mean-Medain.png
Component: component_1744889441209_352.png
centerX: 0.599758162031439
centerY: 0.6445680068434559
width: 0.02539298669891173
height: 0.02523524379811805
Area: 0.00020351420151578
CentroidX: 0.6117
CentroidY: 0.6597
