Location: Dz_01-1.png_Otsu.png
Component: component_1744889441436_111.png
centerX: 0.7732769044740024
centerY: 0.21129170230966637
width: 0.026602176541717048
height: 0.023096663815226688
Area: 0.00016239760934168973
CentroidX: 0.7853
CentroidY: 0.2245
