Location: Dz_02-1.png_Gaussian-Median.png
Component: component_1744889441383_496.png
centerX: 0.3282950423216445
centerY: 0.9088964927288281
width: 0.02720677146311971
height: 0.020102651839178785
Area: 0.00015800149571301342
CentroidX: 0.3415
CentroidY: 0.9209
