Location: Dz_02-1.png_Gaussian-Median.png
Component: component_1744889441295_99.png
centerX: 0.36275695284159615
centerY: 0.17194183062446536
width: 0.022370012091898428
height: 0.021813515825491875
Area: 0.0001742929756310492
CentroidX: 0.3727
CentroidY: 0.1840
