Location: Dz_02-1.png_Mean-Medain.png
Component: component_1744889441101_110.png
centerX: 0.028415961305925032
centerY: 0.20573139435414883
width: 0.02539298669891173
height: 0.024379811804961505
Area: 0.00019187743014575443
CentroidX: 0.0416
CentroidY: 0.2209
