Location: Dz_02-1.png_Mean-Medain.png
Component: component_1744889441111_131.png
centerX: 0.8198307134220073
centerY: 0.24379811804961504
width: 0.024788391777509067
height: 0.02352437981180496
Area: 0.00018205082321106622
CentroidX: 0.8311
CentroidY: 0.2577
