Location: Dz_01-1.png_Otsu.png
Component: component_1744889441470_193.png
centerX: 0.40931076178960096
centerY: 0.3776732249786142
width: 0.02357920193470375
height: 0.022668947818648418
Area: 0.00015257100240700152
CentroidX: 0.4207
CentroidY: 0.3908
