Location: Dz_01-1.png_Otsu.png
Component: component_1744889441431_96.png
centerX: 0.9087061668681983
centerY: 0.17493584260051326
width: 0.02599758162031439
height: 0.022241231822070145
Area: 0.00017662032990505428
CentroidX: 0.9218
CentroidY: 0.1879
