Location: Dz_02-1.png_Otsu.png
Component: component_1744889441009_495.png
centerX: 0.4365175332527207
centerY: 0.9054747647562019
width: 0.02418379685610641
height: 0.020958083832335328
Area: 0.00012774589015094703
CentroidX: 0.4484
CentroidY: 0.9173
