Location: Dz_02-1.png_Mean-Medain.png
Component: component_1744889441080_60.png
centerX: 0.3137847642079806
centerY: 0.09880239520958084
width: 0.022370012091898428
height: 0.01924721984602224
Area: 0.00015593273635834223
CentroidX: 0.3248
CentroidY: 0.1098
