Location: Dz_01-1.png_Otsu.png
Component: component_1744889441557_337.png
centerX: 0.2926239419588875
centerY: 0.6573994867408041
width: 0.028415961305925032
height: 0.024379811804961505
Area: 0.00016446636869636095
CentroidX: 0.3070
CentroidY: 0.6727
