Location: Dz_02-1.png_Gaussian-Median.png
Component: component_1744889441306_153.png
centerX: 0.2660217654171705
centerY: 0.2874251497005988
width: 0.02781136638452237
height: 0.023952095808383235
Area: 0.00020299701167711217
CentroidX: 0.2791
CentroidY: 0.3015
