Location: Dz_02-1.png_Otsu.png
Component: component_1744889440904_60.png
centerX: 0.4625151148730351
centerY: 0.0979469632164243
width: 0.02539298669891173
height: 0.020958083832335328
Area: 0.00013989985135964036
CentroidX: 0.4734
CentroidY: 0.1100
