Location: Dz_01-1.png_Otsu.png
Component: component_1744889441409_2.png
centerX: 0.04534461910519952
centerY: 0.01240376390076989
width: 0.03083434099153567
height: 0.027801539777587682
Area: 0.0002981599419919877
CentroidX: 0.0593
CentroidY: 0.0280
