Location: Dz_02-1.png_Mean-Medain.png
Component: component_1744889441097_102.png
centerX: 0.8428053204353083
centerY: 0.20059880239520958
width: 0.022974607013301087
height: 0.022668947818648418
Area: 0.00016886248232503726
CentroidX: 0.8540
CentroidY: 0.2142
