Location: Dz_02-1.png_Mean-Medain.png
Component: component_1744889441230_440.png
centerX: 0.11185006045949214
centerY: 0.80196749358426
width: 0.02781136638452237
height: 0.022668947818648418
Area: 0.00015929447030968292
CentroidX: 0.1259
CentroidY: 0.8157
