Location: Dz_02-1.png_Otsu.png
Component: component_1744889440950_250.png
centerX: 0.7363966142684402
centerY: 0.47647562018819506
width: 0.02599758162031439
height: 0.022668947818648418
Area: 0.0001546397617616727
CentroidX: 0.7482
CentroidY: 0.4899
