Location: Dz_02-1.png_Otsu.png
Component: component_1744889440926_162.png
centerX: 0.9431680773881499
centerY: 0.3118049615055603
width: 0.024788391777509067
height: 0.023096663815226688
Area: 0.00015826009063234732
CentroidX: 0.9549
CentroidY: 0.3255
