Location: Dz_02-1.png_Otsu.png
Component: component_1744889440980_384.png
centerX: 0.967956469165659
centerY: 0.7010265183917879
width: 0.022370012091898428
height: 0.022668947818648418
Area: 0.0001753273553083848
CentroidX: 0.9771
CentroidY: 0.7139
