Location: Dz_02-1.png_Otsu.png
Component: component_1744889440899_35.png
centerX: 0.3585247883917775
centerY: 0.05945252352437981
width: 0.02176541717049577
height: 0.020958083832335328
Area: 0.00014196861071431158
CentroidX: 0.3693
CentroidY: 0.0717
