Location: Dz_02-1.png_Gaussian-Median.png
Component: component_1744889441370_454.png
centerX: 0.32466747279322855
centerY: 0.8314798973481609
width: 0.03204353083434099
height: 0.028229255774165955
Area: 0.0002979013470726538
CentroidX: 0.3397
CentroidY: 0.8487
