Location: Dz_02-1.png_Otsu.png
Component: component_1744889440888_2.png
centerX: 0.12091898428053205
centerY: 0.009409751924721984
width: 0.02720677146311971
height: 0.028656971770744225
Area: 0.00020015246756443928
CentroidX: 0.1349
CentroidY: 0.0269
