Location: Dz_01-1.png_Otsu.png
Component: component_1744889441561_347.png
centerX: 0.7998790810157195
centerY: 0.688622754491018
width: 0.02902055622732769
height: 0.0213857998289136
Area: 0.0001551569516003405
CentroidX: 0.8136
CentroidY: 0.7015
