Location: Dz_02-1.png_Mean-Medain.png
Component: component_1744889441207_341.png
centerX: 0.4969770253929867
centerY: 0.6146278870829769
width: 0.024788391777509067
height: 0.02352437981180496
Area: 0.00019006726571041714
CentroidX: 0.5081
CentroidY: 0.6284
