Location: Dz_01-1.png_Otsu.png
Component: component_1744889441416_33.png
centerX: 0.7738814993954051
centerY: 0.05859709153122327
width: 0.02357920193470375
height: 0.023952095808383235
Area: 0.00016446636869636095
CentroidX: 0.7846
CentroidY: 0.0721
