Location: Dz_02-1.png_Gaussian-Median.png
Component: component_1744889441358_403.png
centerX: 0.8573155985489722
centerY: 0.7412318220701454
width: 0.02962515114873035
height: 0.02694610778443114
Area: 0.00018748131651707812
CentroidX: 0.8713
CentroidY: 0.7572
