Location: Dz_01-1.png_Otsu.png
Component: component_1744889441590_445.png
centerX: 0.8700120918984281
centerY: 0.869546621043627
width: 0.026602176541717048
height: 0.02523524379811805
Area: 0.00016446636869636095
CentroidX: 0.8831
CentroidY: 0.8852
