Location: Dz_01-1.png_Otsu.png
Component: component_1744889441587_430.png
centerX: 0.03143893591293833
centerY: 0.8331907613344739
width: 0.032648125755743655
height: 0.02523524379811805
Area: 0.00019136024030708663
CentroidX: 0.0455
CentroidY: 0.8482
