Location: Dz_02-1.png_Otsu.png
Component: component_1744889440896_22.png
centerX: 0.019347037484885126
centerY: 0.05175363558597092
width: 0.03083434099153567
height: 0.02523524379811805
Area: 0.00018567115208174083
CentroidX: 0.0342
CentroidY: 0.0669
