Location: Dz_01-1.png_Otsu.png
Component: component_1744889441410_9.png
centerX: 0.5792019347037485
centerY: 0.014114627887082978
width: 0.030229746070133012
height: 0.0290846877673225
Area: 0.00023557997151318368
CentroidX: 0.5946
CentroidY: 0.0309
