Location: Dz_02-1.png_Mean-Medain.png
Component: component_1744889441076_47.png
centerX: 0.6952841596130592
centerY: 0.0949529512403764
width: 0.021160822249093107
height: 0.022241231822070145
Area: 0.00016188041950302194
CentroidX: 0.7054
CentroidY: 0.1077
