Location: Dz_02-1.png_Mean-Medain.png
Component: component_1744889441220_398.png
centerX: 0.27750906892382105
centerY: 0.7194183062446535
width: 0.03143893591293833
height: 0.022668947818648418
Area: 0.00019058445554908494
CentroidX: 0.2917
CentroidY: 0.7329
