Location: Dz_02-1.png_Gaussian-Median.png
Component: component_1744889441335_296.png
centerX: 0.4268440145102781
centerY: 0.5504704875962361
width: 0.02599758162031439
height: 0.022668947818648418
Area: 0.00018205082321106622
CentroidX: 0.4391
CentroidY: 0.5640
