Location: Dz_02-1.png_Otsu.png
Component: component_1744889440909_89.png
centerX: 0.466142684401451
centerY: 0.16894781864841746
width: 0.022974607013301087
height: 0.02352437981180496
Area: 0.00014739910402032349
CentroidX: 0.4772
CentroidY: 0.1830
