Location: Dz_02-1.png_Otsu.png
Component: component_1744889440958_287.png
centerX: 0.9474002418379686
centerY: 0.5474764756201882
width: 0.02539298669891173
height: 0.02352437981180496
Area: 0.0001745515705503831
CentroidX: 0.9595
CentroidY: 0.5618
