Location: Dz_02-1.png_Gaussian-Median.png
Component: component_1744889441382_491.png
centerX: 0.5991535671100363
centerY: 0.8969204448246364
width: 0.026602176541717048
height: 0.02523524379811805
Area: 0.00017351719087304747
CentroidX: 0.6117
CentroidY: 0.9122
