Location: Dz_02-1.png_Otsu.png
Component: component_1744889440968_323.png
centerX: 0.8796856106408706
centerY: 0.605218135158255
width: 0.02539298669891173
height: 0.022241231822070145
Area: 0.00017015545692170676
CentroidX: 0.8923
CentroidY: 0.6188
