Location: Dz_02-1.png_Mean-Medain.png
Component: component_1744889441188_267.png
centerX: 0.31983071342200725
centerY: 0.5149700598802395
width: 0.02902055622732769
height: 0.022241231822070145
Area: 0.00021075485925712922
CentroidX: 0.3339
CentroidY: 0.5280
