Location: Dz_01-1.png_Otsu.png
Component: component_1744889441565_358.png
centerX: 0.18319226118500603
centerY: 0.6954662104362703
width: 0.02962515114873035
height: 0.026518391787852865
Area: 0.0001755859502277187
CentroidX: 0.1972
CentroidY: 0.7112
