Location: Dz_01-1.png_Otsu.png
Component: component_1744889441575_391.png
centerX: 0.5532043530834341
centerY: 0.7587681779298546
width: 0.02962515114873035
height: 0.0213857998289136
Area: 0.00016110463474502024
CentroidX: 0.5665
CentroidY: 0.7714
