Location: Dz_02-1.png_Otsu.png
Component: component_1744889440978_375.png
centerX: 0.3845223700120919
centerY: 0.6800684345594525
width: 0.02357920193470375
height: 0.022668947818648418
Area: 0.00016084603982568634
CentroidX: 0.3963
CentroidY: 0.6934
