Location: Dz_02-1.png_Mean-Medain.png
Component: component_1744889441162_211.png
centerX: 0.48125755743651755
centerY: 0.39820359281437123
width: 0.02599758162031439
height: 0.024379811804961505
Area: 0.00019368759458109175
CentroidX: 0.4932
CentroidY: 0.4128
