Location: Dz_01-1.png_Otsu.png
Component: component_1744889441585_426.png
centerX: 0.7920193470374849
centerY: 0.8314798973481609
width: 0.026602176541717048
height: 0.02523524379811805
Area: 0.00015722571095501173
CentroidX: 0.8043
CentroidY: 0.8466
