Location: Dz_02-1.png_Otsu.png
Component: component_1744889440979_377.png
centerX: 0.28174123337363965
centerY: 0.6817792985457656
width: 0.02539298669891173
height: 0.022668947818648418
Area: 0.00016058744490635244
CentroidX: 0.2942
CentroidY: 0.6956
