Location: Dz_01-1.png_Otsu.png
Component: component_1744889441591_448.png
centerX: 0.5447400241837969
centerY: 0.8721129170230967
width: 0.02539298669891173
height: 0.028656971770744225
Area: 0.00016343198901902536
CentroidX: 0.5570
CentroidY: 0.8896
