Location: Dz_01-1.png_Otsu.png
Component: component_1744889441452_161.png
centerX: 0.44256348246674726
centerY: 0.29769033361847735
width: 0.02357920193470375
height: 0.02352437981180496
Area: 0.00015774290079367952
CentroidX: 0.4548
CentroidY: 0.3119
