Location: Dz_02-1.png_Mean-Medain.png
Component: component_1744889441104_118.png
centerX: 0.17472793228536881
centerY: 0.20872540633019676
width: 0.02720677146311971
height: 0.02352437981180496
Area: 0.0001846367724044052
CentroidX: 0.1868
CentroidY: 0.2224
