Location: Dz_01-1.png_Otsu.png
Component: component_1744889441445_143.png
centerX: 0.781136638452237
centerY: 0.2904191616766467
width: 0.02418379685610641
height: 0.023096663815226688
Area: 0.0001543811668423388
CentroidX: 0.7919
CentroidY: 0.3041
