Location: Dz_02-1.png_Otsu.png
Component: component_1744889440981_386.png
centerX: 0.8899637243047158
centerY: 0.7023096663815227
width: 0.02176541717049577
height: 0.018819503849443968
Area: 0.0001453303446656523
CentroidX: 0.8995
CentroidY: 0.7131
