Location: Dz_02-1.png_Gaussian-Median.png
Component: component_1744889441377_474.png
centerX: 0.4286577992744861
centerY: 0.8665526090675791
width: 0.028415961305925032
height: 0.02566295979469632
Area: 0.0002927294486859758
CentroidX: 0.4428
CentroidY: 0.8817
