Location: Dz_02-1.png_Otsu.png
Component: component_1744889440989_436.png
centerX: 0.48972188633615477
centerY: 0.795551753635586
width: 0.02357920193470375
height: 0.022241231822070145
Area: 0.00010835127120090446
CentroidX: 0.5010
CentroidY: 0.8086
