Location: Dz_01-1.png_Otsu.png
Component: component_1744889441450_155.png
centerX: 0.48851269649334944
centerY: 0.2951240376390077
width: 0.02357920193470375
height: 0.022241231822070145
Area: 0.0001458475345043201
CentroidX: 0.4990
CentroidY: 0.3081
