Location: Dz_02-1.png_Mean-Medain.png
Component: component_1744889441179_238.png
centerX: 0.022974607013301087
centerY: 0.44011976047904194
width: 0.02720677146311971
height: 0.023096663815226688
Area: 0.00018670553175907642
CentroidX: 0.0364
CentroidY: 0.4545
