Location: Dz_02-1.png_Otsu.png
Component: component_1744889440947_236.png
centerX: 0.31559854897218864
centerY: 0.43926432848588537
width: 0.02599758162031439
height: 0.020530367835757058
Area: 0.00013731390216630135
CentroidX: 0.3276
CentroidY: 0.4519
