Location: Dz_02-1.png_Otsu.png
Component: component_1744889440891_11.png
centerX: 0.9316807738814994
centerY: 0.01283147989734816
width: 0.02720677146311971
height: 0.023952095808383235
Area: 0.00017093124167970848
CentroidX: 0.9450
CentroidY: 0.0273
