Location: Dz_01-1.png_Otsu.png
Component: component_1744889441563_352.png
centerX: 0.6481257557436517
centerY: 0.693327630453379
width: 0.02418379685610641
height: 0.0213857998289136
Area: 0.00013989985135964036
CentroidX: 0.6594
CentroidY: 0.7060
