Location: Dz_02-1.png_Mean-Medain.png
Component: component_1744889441195_286.png
centerX: 0.9467956469165659
centerY: 0.5470487596236099
width: 0.02599758162031439
height: 0.024379811804961505
Area: 0.00020610015070911898
CentroidX: 0.9596
CentroidY: 0.5617
