Location: Dz_01-1.png_Otsu.png
Component: component_1744889441476_210.png
centerX: 0.599758162031439
centerY: 0.4144568006843456
width: 0.02902055622732769
height: 0.023952095808383235
Area: 0.00016963826708303896
CentroidX: 0.6124
CentroidY: 0.4280
