Location: Dz_01-1.png_Otsu.png
Component: component_1744889441494_239.png
centerX: 0.11003627569528417
centerY: 0.4644995722840034
width: 0.02539298669891173
height: 0.02480752780153978
Area: 0.00016239760934168973
CentroidX: 0.1224
CentroidY: 0.4792
