Location: Dz_02-1.png_Mean-Medain.png
Component: component_1744889441096_96.png
centerX: 0.8784764207980653
centerY: 0.16937553464499572
width: 0.02418379685610641
height: 0.023952095808383235
Area: 0.00018799850635574592
CentroidX: 0.8902
CentroidY: 0.1833
