Location: Dz_02-1.png_Otsu.png
Component: component_1744889440943_216.png
centerX: 0.4268440145102781
centerY: 0.3999144568006843
width: 0.02902055622732769
height: 0.024379811804961505
Area: 0.00017093124167970848
CentroidX: 0.4398
CentroidY: 0.4145
