Location: Dz_02-1.png_Otsu.png
Component: component_1744889440957_281.png
centerX: 0.6831922611850061
centerY: 0.5183917878528657
width: 0.02720677146311971
height: 0.020958083832335328
Area: 0.0001546397617616727
CentroidX: 0.6955
CentroidY: 0.5305
