Location: Dz_01-1.png_Otsu.png
Component: component_1744889441477_212.png
centerX: 0.45949214026602175
centerY: 0.41659538066723695
width: 0.028415961305925032
height: 0.02566295979469632
Area: 0.00017041405184104068
CentroidX: 0.4727
CentroidY: 0.4325
