Location: Dz_01-1.png_Otsu.png
Component: component_1744889441465_184.png
centerX: 0.8301088270858524
centerY: 0.37254063301967494
width: 0.024788391777509067
height: 0.022668947818648418
Area: 0.00018644693683974253
CentroidX: 0.8427
CentroidY: 0.3862
