Location: Dz_01-1.png_Otsu.png
Component: component_1744889441439_124.png
centerX: 0.9540507859733979
centerY: 0.2510692899914457
width: 0.02781136638452237
height: 0.024379811804961505
Area: 0.00018205082321106622
CentroidX: 0.9676
CentroidY: 0.2650
