Location: Dz_01-1.png_Otsu.png
Component: component_1744889441522_308.png
centerX: 0.75453446191052
centerY: 0.6124893071000855
width: 0.02781136638452237
height: 0.022668947818648418
Area: 0.00016110463474502024
CentroidX: 0.7672
CentroidY: 0.6263
