Location: Dz_02-1.png_Mean-Medain.png
Component: component_1744889441067_25.png
centerX: 0.26541717049576785
centerY: 0.05731394354148845
width: 0.022370012091898428
height: 0.021813515825491875
Area: 0.0001807578486143967
CentroidX: 0.2761
CentroidY: 0.0702
