Location: Dz_02-1.png_Otsu.png
Component: component_1744889441010_502.png
centerX: 0.16021765417170497
centerY: 0.9131736526946108
width: 0.02599758162031439
height: 0.021813515825491875
Area: 0.00012826307998961483
CentroidX: 0.1724
CentroidY: 0.9259
