Location: Dz_02-1.png_Gaussian-Median.png
Component: component_1744889441322_235.png
centerX: 0.11970979443772672
centerY: 0.4388366124893071
width: 0.02720677146311971
height: 0.023096663815226688
Area: 0.00017144843151837628
CentroidX: 0.1309
CentroidY: 0.4524
