Location: Dz_02-1.png_Mean-Medain.png
Component: component_1744889441202_318.png
centerX: 0.3808948004836759
centerY: 0.5829769033361848
width: 0.02539298669891173
height: 0.023096663815226688
Area: 0.00018825710127507982
CentroidX: 0.3932
CentroidY: 0.5974
