Location: Dz_02-1.png_Mean-Medain.png
Component: component_1744889441240_491.png
centerX: 0.5991535671100363
centerY: 0.8969204448246364
width: 0.026602176541717048
height: 0.02566295979469632
Area: 0.00017636173498572038
CentroidX: 0.6117
CentroidY: 0.9123
