Location: Dz_02-1.png_Gaussian-Median.png
Component: component_1744889441335_298.png
centerX: 0.6324062877871826
centerY: 0.5500427715996579
width: 0.02781136638452237
height: 0.02352437981180496
Area: 0.00019032586062975104
CentroidX: 0.6457
CentroidY: 0.5637
