Location: Dz_01-1.png_Otsu.png
Component: component_1744889441453_165.png
centerX: 0.873639661426844
centerY: 0.33404619332763047
width: 0.02539298669891173
height: 0.022668947818648418
Area: 0.00016213901442235583
CentroidX: 0.8861
CentroidY: 0.3473
