Location: Dz_01-1.png_Otsu.png
Component: component_1744889441600_488.png
centerX: 0.6517533252720678
centerY: 0.9482463644140291
width: 0.032648125755743655
height: 0.02480752780153978
Area: 0.0001740343807117153
CentroidX: 0.6649
CentroidY: 0.9636
