Location: Dz_02-1.png_Otsu.png
Component: component_1744889440967_317.png
centerX: 0.28053204353083433
centerY: 0.58169375534645
width: 0.026602176541717048
height: 0.021813515825491875
Area: 0.00015360538208433711
CentroidX: 0.2929
CentroidY: 0.5951
