Location: Dz_01-1.png_Otsu.png
Component: component_1744889441459_180.png
centerX: 0.15114873035066506
centerY: 0.34046193327630453
width: 0.026602176541717048
height: 0.02352437981180496
Area: 0.00016472496361569485
CentroidX: 0.1645
CentroidY: 0.3541
