Location: Dz_01-1.png_Otsu.png
Component: component_1744889441604_496.png
centerX: 0.1795646916565901
centerY: 0.9550898203592815
width: 0.02781136638452237
height: 0.023096663815226688
Area: 0.00017041405184104068
CentroidX: 0.1930
CentroidY: 0.9689
