Location: Dz_02-1.png_Mean-Medain.png
Component: component_1744889441133_165.png
centerX: 0.7859733978234583
centerY: 0.31822070145423437
width: 0.02539298669891173
height: 0.022241231822070145
Area: 0.0001841195825657374
CentroidX: 0.7976
CentroidY: 0.3316
