Location: Dz_01-1.png_Otsu.png
Component: component_1744889441598_477.png
centerX: 0.2756952841596131
centerY: 0.9178785286569717
width: 0.03083434099153567
height: 0.02352437981180496
Area: 0.00017687892482438818
CentroidX: 0.2895
CentroidY: 0.9320
