Location: Dz_01-1.png_Otsu.png
Component: component_1744889441512_272.png
centerX: 0.405683192261185
centerY: 0.5380667236954663
width: 0.03143893591293833
height: 0.02480752780153978
Area: 0.00018230941813040011
CentroidX: 0.4197
CentroidY: 0.5530
