Location: Dz_02-1.png_Otsu.png
Component: component_1744889440889_6.png
centerX: 0.5078597339782346
centerY: 0.011976047904191617
width: 0.024788391777509067
height: 0.02480752780153978
Area: 0.00015593273635834223
CentroidX: 0.5195
CentroidY: 0.0270
