Location: Dz_02-1.png_Otsu.png
Component: component_1744889440903_56.png
centerX: 0.40991535671100365
centerY: 0.09709153122326775
width: 0.02357920193470375
height: 0.022241231822070145
Area: 0.00014067563611764206
CentroidX: 0.4204
CentroidY: 0.1101
