Location: Dz_02-1.png_Otsu.png
Component: component_1744889440952_259.png
centerX: 0.3210399032648126
centerY: 0.48075278015397777
width: 0.024788391777509067
height: 0.022668947818648418
Area: 0.00016110463474502024
CentroidX: 0.3324
CentroidY: 0.4938
