Location: Dz_01-1.png_Otsu.png
Component: component_1744889441434_107.png
centerX: 0.5405078597339782
centerY: 0.21043627031650983
width: 0.024788391777509067
height: 0.02523524379811805
Area: 0.00015696711603567783
CentroidX: 0.5512
CentroidY: 0.2256
