Location: Dz_02-1.png_Otsu.png
Component: component_1744889440968_322.png
centerX: 0.48972188633615477
centerY: 0.5842600513259196
width: 0.02720677146311971
height: 0.020530367835757058
Area: 0.00015282959732633542
CentroidX: 0.5027
CentroidY: 0.5965
