Location: Dz_02-1.png_Otsu.png
Component: component_1744889440936_184.png
centerX: 0.8204353083434099
centerY: 0.35115483319076135
width: 0.022370012091898428
height: 0.02352437981180496
Area: 0.000148692078616993
CentroidX: 0.8317
CentroidY: 0.3660
