Location: Dz_01-1.png_Otsu.png
Component: component_1744889441427_84.png
centerX: 0.7750906892382105
centerY: 0.17322497861420016
width: 0.03143893591293833
height: 0.02352437981180496
Area: 0.00018567115208174083
CentroidX: 0.7899
CentroidY: 0.1863
