Location: Dz_02-1.png_Gaussian-Median.png
Component: component_1744889441370_455.png
centerX: 0.37122128174123337
centerY: 0.8314798973481609
width: 0.03143893591293833
height: 0.028656971770744225
Area: 0.00029557399279864867
CentroidX: 0.3858
CentroidY: 0.8491
