Location: Dz_02-1.png_Mean-Medain.png
Component: component_1744889441159_206.png
centerX: 0.8252720677146312
centerY: 0.3943541488451668
width: 0.026602176541717048
height: 0.023096663815226688
Area: 0.00019782511329043416
CentroidX: 0.8377
CentroidY: 0.4084
