Location: Dz_02-1.png_Otsu.png
Component: component_1744889440888_3.png
centerX: 0.17049576783555018
centerY: 0.011548331907613344
width: 0.02781136638452237
height: 0.02523524379811805
Area: 0.0001833437978077357
CentroidX: 0.1834
CentroidY: 0.0269
