Location: Dz_02-1.png_Gaussian-Median.png
Component: component_1744889441343_336.png
centerX: 0.6559854897218863
centerY: 0.6107784431137725
width: 0.02720677146311971
height: 0.022241231822070145
Area: 0.00019911808788710365
CentroidX: 0.6695
CentroidY: 0.6243
