Location: Dz_02-1.png_Otsu.png
Component: component_1744889440949_246.png
centerX: 0.8270858524788391
centerY: 0.4743370402053037
width: 0.02599758162031439
height: 0.023952095808383235
Area: 0.00016937967216370506
CentroidX: 0.8394
CentroidY: 0.4890
