Location: Dz_02-1.png_Gaussian-Median.png
Component: component_1744889441271_12.png
centerX: 0.7871825876662636
centerY: 0.014114627887082978
width: 0.02539298669891173
height: 0.02523524379811805
Area: 0.0001841195825657374
CentroidX: 0.7990
CentroidY: 0.0295
