Location: Dz_02-1.png_Mean-Medain.png
Component: component_1744889441098_103.png
centerX: 0.8784764207980653
centerY: 0.20059880239520958
width: 0.022370012091898428
height: 0.020958083832335328
Area: 0.00016912107724437116
CentroidX: 0.8890
CentroidY: 0.2127
