Location: Dz_02-1.png_Otsu.png
Component: component_1744889440976_362.png
centerX: 0.018742442563482467
centerY: 0.6479897348160821
width: 0.024788391777509067
height: 0.022241231822070145
Area: 0.00014455455990765057
CentroidX: 0.0299
CentroidY: 0.6607
