Location: Dz_02-1.png_Mean-Medain.png
Component: component_1744889441179_237.png
centerX: 0.42321644498186217
centerY: 0.43926432848588537
width: 0.02539298669891173
height: 0.022241231822070145
Area: 0.00017739611466305598
CentroidX: 0.4357
CentroidY: 0.4523
