Location: Dz_02-1.png_Mean-Medain.png
Component: component_1744889441220_396.png
centerX: 0.3301088270858525
centerY: 0.7164242942686057
width: 0.02962515114873035
height: 0.023096663815226688
Area: 0.00019187743014575443
CentroidX: 0.3444
CentroidY: 0.7302
