Location: Dz_02-1.png_Otsu.png
Component: component_1744889440921_138.png
centerX: 0.36577992744860943
centerY: 0.24764756201881952
width: 0.02599758162031439
height: 0.020958083832335328
Area: 0.0001497264582943286
CentroidX: 0.3774
CentroidY: 0.2599
