Location: Dz_02-1.png_Otsu.png
Component: component_1744889440960_297.png
centerX: 0.6330108827085853
centerY: 0.5504704875962361
width: 0.02720677146311971
height: 0.022668947818648418
Area: 0.00015644992619701003
CentroidX: 0.6456
CentroidY: 0.5638
