Location: Dz_02-1.png_Gaussian-Median.png
Component: component_1744889441361_415.png
centerX: 0.37605804111245467
centerY: 0.7574850299401198
width: 0.02781136638452237
height: 0.02352437981180496
Area: 0.00021644394748247502
CentroidX: 0.3895
CentroidY: 0.7718
