Location: Dz_02-1.png_Gaussian-Median.png
Component: component_1744889441340_324.png
centerX: 0.9177750906892382
centerY: 0.6056458511548332
width: 0.02781136638452237
height: 0.022668947818648418
Area: 0.00019937668280643755
CentroidX: 0.9302
CentroidY: 0.6190
