Location: Dz_02-1.png_Mean-Medain.png
Component: component_1744889441223_411.png
centerX: 0.5538089480048367
centerY: 0.7493584260051326
width: 0.026602176541717048
height: 0.028656971770744225
Area: 0.00022885650361050225
CentroidX: 0.5662
CentroidY: 0.7667
