Location: Dz_02-1.png_Gaussian-Median.png
Component: component_1744889441321_226.png
centerX: 0.7382103990326482
centerY: 0.4345594525235244
width: 0.026602176541717048
height: 0.021813515825491875
Area: 0.00018722272159774422
CentroidX: 0.7502
CentroidY: 0.4478
