Location: Dz_02-1.png_Otsu.png
Component: component_1744889440888_5.png
centerX: 0.21644498186215236
centerY: 0.011976047904191617
width: 0.02720677146311971
height: 0.02523524379811805
Area: 0.00016937967216370506
CentroidX: 0.2293
CentroidY: 0.0273
