Location: Dz_01-1.png_Otsu.png
Component: component_1744889441433_103.png
centerX: 0.9619105199516325
centerY: 0.20786997433704021
width: 0.02720677146311971
height: 0.024379811804961505
Area: 0.00019032586062975104
CentroidX: 0.9757
CentroidY: 0.2226
