Location: Dz_01-1.png_Otsu.png
Component: component_1744889441413_17.png
centerX: 0.871825876662636
centerY: 0.01710863986313088
width: 0.026602176541717048
height: 0.02737382378100941
Area: 0.00019368759458109175
CentroidX: 0.8848
CentroidY: 0.0333
