Location: Dz_01-1.png_Otsu.png
Component: component_1744889441543_328.png
centerX: 0.7956469165659008
centerY: 0.6552609067579127
width: 0.030229746070133012
height: 0.0213857998289136
Area: 0.00016188041950302194
CentroidX: 0.8104
CentroidY: 0.6679
