Location: Dz_02-1.png_Gaussian-Median.png
Component: component_1744889441319_218.png
centerX: 0.22128174123337363
centerY: 0.40034217279726264
width: 0.02962515114873035
height: 0.023096663815226688
Area: 0.00018955007587174934
CentroidX: 0.2347
CentroidY: 0.4144
