Location: Dz_02-1.png_Otsu.png
Component: component_1744889440941_206.png
centerX: 0.8258766626360339
centerY: 0.3943541488451668
width: 0.02599758162031439
height: 0.023096663815226688
Area: 0.00016446636869636095
CentroidX: 0.8379
CentroidY: 0.4084
