Location: Dz_02-1.png_Mean-Medain.png
Component: component_1744889441242_498.png
centerX: 0.10761789600967352
centerY: 0.911890504704876
width: 0.02962515114873035
height: 0.023096663815226688
Area: 0.0001833437978077357
CentroidX: 0.1225
CentroidY: 0.9256
