Location: Dz_02-1.png_Mean-Medain.png
Component: component_1744889441191_275.png
centerX: 0.4848851269649335
centerY: 0.5179640718562875
width: 0.026602176541717048
height: 0.021813515825491875
Area: 0.00018256801304973401
CentroidX: 0.4975
CentroidY: 0.5308
