Location: Dz_02-1.png_Otsu.png
Component: component_1744889440914_102.png
centerX: 0.9220072551390568
centerY: 0.1971770744225834
width: 0.02357920193470375
height: 0.022668947818648418
Area: 0.00015334678716500322
CentroidX: 0.9333
CentroidY: 0.2103
