Location: Dz_02-1.png_Otsu.png
Component: component_1744889440996_469.png
centerX: 0.7079806529625151
centerY: 0.8545765611633875
width: 0.026602176541717048
height: 0.02523524379811805
Area: 0.00023428699691651418
CentroidX: 0.7197
CentroidY: 0.8698
