Location: Dz_02-1.png_Mean-Medain.png
Component: component_1744889441134_167.png
centerX: 0.6765417170495768
centerY: 0.3195038494439692
width: 0.022370012091898428
height: 0.0213857998289136
Area: 0.00017325859595371357
CentroidX: 0.6874
CentroidY: 0.3318
