Location: Dz_02-1.png_Otsu.png
Component: component_1744889440935_176.png
centerX: 0.21825876662636035
centerY: 0.3246364414029085
width: 0.024788391777509067
height: 0.022241231822070145
Area: 0.000151278027810332
CentroidX: 0.2299
CentroidY: 0.3375
