Location: Dz_01-1.png_Otsu.png
Component: component_1744889441411_11.png
centerX: 0.29443772672309554
centerY: 0.01454234388366125
width: 0.028415961305925032
height: 0.026518391787852865
Area: 0.000213857998289136
CentroidX: 0.3092
CentroidY: 0.0291
