Location: Dz_02-1.png_Otsu.png
Component: component_1744889440971_337.png
centerX: 0.28657799274486095
centerY: 0.6120615911035072
width: 0.024788391777509067
height: 0.022668947818648418
Area: 0.00015800149571301342
CentroidX: 0.2979
CentroidY: 0.6251
