Location: Dz_02-1.png_Gaussian-Median.png
Component: component_1744889441337_304.png
centerX: 0.9582829504232164
centerY: 0.5752780153977759
width: 0.02539298669891173
height: 0.0213857998289136
Area: 0.00018773991143641202
CentroidX: 0.9699
CentroidY: 0.5874
