Location: Dz_01-1.png_Otsu.png
Component: component_1744889441474_206.png
centerX: 0.7962515114873036
centerY: 0.40975192472198463
width: 0.026602176541717048
height: 0.023952095808383235
Area: 0.00017248281119571187
CentroidX: 0.8092
CentroidY: 0.4242
