Location: Dz_01-1.png_Otsu.png
Component: component_1744889441409_5.png
centerX: 0.09673518742442563
centerY: 0.01283147989734816
width: 0.02962515114873035
height: 0.027801539777587682
Area: 0.00031212406763601836
CentroidX: 0.1108
CentroidY: 0.0281
