Location: Dz_02-1.png_Gaussian-Median.png
Component: component_1744889441306_152.png
centerX: 0.7762998790810157
centerY: 0.2865697177074423
width: 0.02357920193470375
height: 0.020958083832335328
Area: 0.0001843781774850713
CentroidX: 0.7870
CentroidY: 0.2984
