Location: Dz_02-1.png_Gaussian-Median.png
Component: component_1744889441357_399.png
centerX: 0.16807738814993953
centerY: 0.7215568862275449
width: 0.03143893591293833
height: 0.02523524379811805
Area: 0.00020610015070911898
CentroidX: 0.1823
CentroidY: 0.7367
