Location: Dz_02-1.png_Gaussian-Median.png
Component: component_1744889441364_429.png
centerX: 0.6045949214026602
centerY: 0.7908468776732249
width: 0.02357920193470375
height: 0.022668947818648418
Area: 0.000146106129423654
CentroidX: 0.6158
CentroidY: 0.8039
