Location: Dz_02-1.png_Mean-Medain.png
Component: component_1744889441121_149.png
centerX: 0.17533252720677148
centerY: 0.286142001710864
width: 0.02357920193470375
height: 0.02566295979469632
Area: 0.00018256801304973401
CentroidX: 0.1865
CentroidY: 0.3012
