Location: Dz_01-1.png_Otsu.png
Component: component_1744889441426_79.png
centerX: 0.19830713422007254
centerY: 0.1394354148845167
width: 0.02720677146311971
height: 0.020102651839178785
Area: 0.00015722571095501173
CentroidX: 0.2109
CentroidY: 0.1506
