Location: Dz_02-1.png_Otsu.png
Component: component_1744889440942_214.png
centerX: 0.02599758162031439
centerY: 0.3999144568006843
width: 0.02599758162031439
height: 0.02523524379811805
Area: 0.0001810164435337306
CentroidX: 0.0386
CentroidY: 0.4150
