Location: Dz_02-1.png_Otsu.png
Component: component_1744889440913_100.png
centerX: 0.36275695284159615
centerY: 0.17194183062446536
width: 0.02176541717049577
height: 0.0213857998289136
Area: 0.0001484334836976591
CentroidX: 0.3727
CentroidY: 0.1840
