Location: Dz_02-1.png_Gaussian-Median.png
Component: component_1744889441304_141.png
centerX: 0.9389359129383313
centerY: 0.2805816937553465
width: 0.026602176541717048
height: 0.023952095808383235
Area: 0.00019834230312910196
CentroidX: 0.9506
CentroidY: 0.2941
