Location: Dz_02-1.png_Gaussian-Median.png
Component: component_1744889441369_445.png
centerX: 0.7817412333736397
centerY: 0.8203592814371258
width: 0.03143893591293833
height: 0.02694610778443114
Area: 0.00030746935908800813
CentroidX: 0.7970
CentroidY: 0.8364
