Location: Dz_02-1.png_Mean-Medain.png
Component: component_1744889441161_208.png
centerX: 0.1185006045949214
centerY: 0.3973481608212147
width: 0.03083434099153567
height: 0.02566295979469632
Area: 0.00021540956780513942
CentroidX: 0.1330
CentroidY: 0.4135
