Location: Dz_02-1.png_Gaussian-Median.png
Component: component_1744889441330_271.png
centerX: 0.7357920193470375
centerY: 0.5158254918733961
width: 0.02781136638452237
height: 0.024379811804961505
Area: 0.00019368759458109175
CentroidX: 0.7486
CentroidY: 0.5304
