Location: Dz_02-1.png_Gaussian-Median.png
Component: component_1744889441348_357.png
centerX: 0.29020556227327693
centerY: 0.646278870829769
width: 0.022974607013301087
height: 0.020958083832335328
Area: 0.0001758445451470526
CentroidX: 0.3018
CentroidY: 0.6586
