Location: Dz_02-1.png_Otsu.png
Component: component_1744889440964_311.png
centerX: 0.33373639661426846
centerY: 0.5804106073567151
width: 0.02539298669891173
height: 0.02352437981180496
Area: 0.0001541225719230049
CentroidX: 0.3451
CentroidY: 0.5951
