Location: Dz_02-1.png_Gaussian-Median.png
Component: component_1744889441351_372.png
centerX: 0.6064087061668681
centerY: 0.6787852865697177
width: 0.02599758162031439
height: 0.0213857998289136
Area: 0.0001846367724044052
CentroidX: 0.6187
CentroidY: 0.6914
