Location: Dz_01-1.png_Otsu.png
Component: component_1744889441595_467.png
centerX: 0.752720677146312
centerY: 0.9093242087254063
width: 0.028415961305925032
height: 0.02523524379811805
Area: 0.00016498355853502875
CentroidX: 0.7662
CentroidY: 0.9253
