Location: Dz_01-1.png_Otsu.png
Component: component_1744889441493_236.png
centerX: 0.4111245465538089
centerY: 0.4632164242942686
width: 0.02902055622732769
height: 0.022668947818648418
Area: 0.00016834529248636946
CentroidX: 0.4252
CentroidY: 0.4766
