Location: Dz_02-1.png_Mean-Medain.png
Component: component_1744889441175_230.png
centerX: 0.6789600967351874
centerY: 0.4375534644995723
width: 0.028415961305925032
height: 0.022668947818648418
Area: 0.00018773991143641202
CentroidX: 0.6931
CentroidY: 0.4516
