Location: Dz_02-1.png_Otsu.png
Component: component_1744889440942_211.png
centerX: 0.5386940749697703
centerY: 0.397775876817793
width: 0.024788391777509067
height: 0.024379811804961505
Area: 0.0001554155465196744
CentroidX: 0.5497
CentroidY: 0.4124
