Location: Dz_02-1.png_Mean-Medain.png
Component: component_1744889441219_393.png
centerX: 0.49939540507859737
centerY: 0.7125748502994012
width: 0.028415961305925032
height: 0.023096663815226688
Area: 0.00019291180982309005
CentroidX: 0.5133
CentroidY: 0.7265
