Location: Dz_02-1.png_Gaussian-Median.png
Component: component_1744889441359_407.png
centerX: 0.8137847642079806
centerY: 0.7446535500427716
width: 0.02720677146311971
height: 0.02566295979469632
Area: 0.00018256801304973401
CentroidX: 0.8275
CentroidY: 0.7600
