Location: Dz_02-1.png_Otsu.png
Component: component_1744889440924_151.png
centerX: 0.7243047158403869
centerY: 0.286142001710864
width: 0.022974607013301087
height: 0.022668947818648418
Area: 0.00014326158531098108
CentroidX: 0.7347
CentroidY: 0.2995
