Location: Dz_02-1.png_Otsu.png
Component: component_1744889440920_132.png
centerX: 0.8204353083434099
centerY: 0.24422583404619333
width: 0.02418379685610641
height: 0.022668947818648418
Area: 0.00015308819224566932
CentroidX: 0.8311
CentroidY: 0.2577
