Location: Dz_02-1.png_Gaussian-Median.png
Component: component_1744889441301_124.png
centerX: 0.8585247883917775
centerY: 0.24251497005988024
width: 0.02539298669891173
height: 0.02352437981180496
Area: 0.00018567115208174083
CentroidX: 0.8700
CentroidY: 0.2562
