Location: Dz_02-1.png_Mean-Medain.png
Component: component_1744889441171_223.png
centerX: 0.9050785973397824
centerY: 0.43028229255774164
width: 0.02720677146311971
height: 0.022668947818648418
Area: 0.00019291180982309005
CentroidX: 0.9173
CentroidY: 0.4436
