Location: Dz_02-1.png_Otsu.png
Component: component_1744889440977_367.png
centerX: 0.847037484885127
centerY: 0.6757912745936698
width: 0.02357920193470375
height: 0.0213857998289136
Area: 0.0001517952176489998
CentroidX: 0.8582
CentroidY: 0.6887
