Location: Dz_02-1.png_Otsu.png
Component: component_1744889440937_186.png
centerX: 0.7787182587666264
centerY: 0.35372112917023096
width: 0.02539298669891173
height: 0.022668947818648418
Area: 0.00015231240748766762
CentroidX: 0.7910
CentroidY: 0.3672
