Location: Dz_01-1.png_Otsu.png
Component: component_1744889441417_40.png
centerX: 0.5792019347037485
centerY: 0.06073567151411463
width: 0.02539298669891173
height: 0.023952095808383235
Area: 0.00016550074837369655
CentroidX: 0.5919
CentroidY: 0.0747
