Location: Dz_02-1.png_Mean-Medain.png
Component: component_1744889441197_292.png
centerX: 0.5864570737605804
centerY: 0.5496150556030795
width: 0.024788391777509067
height: 0.021813515825491875
Area: 0.0001836023927270696
CentroidX: 0.5987
CentroidY: 0.5626
