Location: Dz_02-1.png_Gaussian-Median.png
Component: component_1744889441288_72.png
centerX: 0.1154776299879081
centerY: 0.13259195893926431
width: 0.024788391777509067
height: 0.023952095808383235
Area: 0.00019110164538775273
CentroidX: 0.1282
CentroidY: 0.1473
