Location: Dz_01-1.png_Otsu.png
Component: component_1744889441576_396.png
centerX: 0.1293833131801693
centerY: 0.7651839178785287
width: 0.02902055622732769
height: 0.023096663815226688
Area: 0.00016524215345436265
CentroidX: 0.1420
CentroidY: 0.7791
