Location: Dz_02-1.png_Otsu.png
Component: component_1744889440922_142.png
centerX: 0.9389359129383313
centerY: 0.2805816937553465
width: 0.026602176541717048
height: 0.02352437981180496
Area: 0.00016782810264770167
CentroidX: 0.9506
CentroidY: 0.2942
