Location: Dz_01-1.png_Otsu.png
Component: component_1744889441483_225.png
centerX: 0.8403869407496977
centerY: 0.446535500427716
width: 0.02902055622732769
height: 0.028229255774165955
Area: 0.00020041106248377318
CentroidX: 0.8534
CentroidY: 0.4638
