Location: Dz_02-1.png_Otsu.png
Component: component_1744889440936_181.png
centerX: 0.3174123337363966
centerY: 0.3289136013686912
width: 0.022974607013301087
height: 0.017964071856287425
Area: 0.00013395216821496066
CentroidX: 0.3282
CentroidY: 0.3397
