Location: Dz_02-1.png_Mean-Medain.png
Component: component_1744889441231_442.png
centerX: 0.9111245465538089
centerY: 0.8182207014542344
width: 0.026602176541717048
height: 0.023096663815226688
Area: 0.00026557698215591617
CentroidX: 0.9236
CentroidY: 0.8315
