Location: Dz_01-1.png_Otsu.png
Component: component_1744889441573_385.png
centerX: 0.8143893591293833
centerY: 0.7514970059880239
width: 0.030229746070133012
height: 0.022668947818648418
Area: 0.00018153363337239842
CentroidX: 0.8283
CentroidY: 0.7645
