Location: Dz_02-1.png_Gaussian-Median.png
Component: component_1744889441292_91.png
centerX: 0.466142684401451
centerY: 0.16894781864841746
width: 0.022974607013301087
height: 0.02352437981180496
Area: 0.00017662032990505428
CentroidX: 0.4773
CentroidY: 0.1830
