Location: Dz_02-1.png_Otsu.png
Component: component_1744889440982_394.png
centerX: 0.49939540507859737
centerY: 0.7125748502994012
width: 0.02781136638452237
height: 0.022668947818648418
Area: 0.00016239760934168973
CentroidX: 0.5132
CentroidY: 0.7265
