Location: Dz_02-1.png_Otsu.png
Component: component_1744889440936_183.png
centerX: 0.9431680773881499
centerY: 0.3485885372112917
width: 0.02418379685610641
height: 0.021813515825491875
Area: 0.00014352018023031497
CentroidX: 0.9549
CentroidY: 0.3618
