Location: Dz_02-1.png_Otsu.png
Component: component_1744889440963_307.png
centerX: 0.11003627569528417
centerY: 0.5774165953806673
width: 0.02599758162031439
height: 0.0213857998289136
Area: 0.0001541225719230049
CentroidX: 0.1226
CentroidY: 0.5903
