Location: Dz_02-1.png_Otsu.png
Component: component_1744889440926_161.png
centerX: 0.4207980652962515
centerY: 0.28956372968349015
width: 0.02599758162031439
height: 0.022241231822070145
Area: 0.00014145142087564378
CentroidX: 0.4326
CentroidY: 0.3020
