Location: Dz_01-1.png_Otsu.png
Component: component_1744889441505_264.png
centerX: 0.9153567110036276
centerY: 0.5295124037639007
width: 0.030229746070133012
height: 0.022668947818648418
Area: 0.0001786890892597255
CentroidX: 0.9296
CentroidY: 0.5424
