Location: Dz_02-1.png_Otsu.png
Component: component_1744889440954_269.png
centerX: 0.3730350665054414
centerY: 0.5153977758768178
width: 0.024788391777509067
height: 0.022241231822070145
Area: 0.00015205381256833372
CentroidX: 0.3846
CentroidY: 0.5291
