Location: Dz_02-1.png_Gaussian-Median.png
Component: component_1744889441354_388.png
centerX: 0.8077388149939541
centerY: 0.7061591103507271
width: 0.02539298669891173
height: 0.021813515825491875
Area: 0.0001848953673237391
CentroidX: 0.8196
CentroidY: 0.7195
