Location: Dz_02-1.png_Otsu.png
Component: component_1744889440983_400.png
centerX: 0.1094316807738815
centerY: 0.7219846022241232
width: 0.02962515114873035
height: 0.020530367835757058
Area: 0.0001543811668423388
CentroidX: 0.1232
CentroidY: 0.7341
