Location: Dz_02-1.png_Mean-Medain.png
Component: component_1744889441077_51.png
centerX: 0.5574365175332527
centerY: 0.09580838323353294
width: 0.02176541717049577
height: 0.021813515825491875
Area: 0.00015981166014835074
CentroidX: 0.5678
CentroidY: 0.1084
