Location: Dz_02-1.png_Gaussian-Median.png
Component: component_1744889441271_13.png
centerX: 0.5544135429262395
centerY: 0.01454234388366125
width: 0.02599758162031439
height: 0.02352437981180496
Area: 0.0001804992536950628
CentroidX: 0.5663
CentroidY: 0.0286
