Location: Dz_02-1.png_Otsu.png
Component: component_1744889440960_299.png
centerX: 0.4274486094316808
centerY: 0.5508982035928144
width: 0.02539298669891173
height: 0.022241231822070145
Area: 0.00015231240748766762
CentroidX: 0.4391
CentroidY: 0.5640
