Location: Dz_02-1.png_Otsu.png
Component: component_1744889440897_27.png
centerX: 0.5078597339782346
centerY: 0.057741659538066724
width: 0.022974607013301087
height: 0.020102651839178785
Area: 0.0001494678633749947
CentroidX: 0.5190
CentroidY: 0.0691
