Location: Dz_01-1.png_Otsu.png
Component: component_1744889441496_245.png
centerX: 0.8802902055622733
centerY: 0.4888793840889649
width: 0.02902055622732769
height: 0.023952095808383235
Area: 0.00017274140611504577
CentroidX: 0.8940
CentroidY: 0.5037
