Location: Dz_02-1.png_Otsu.png
Component: component_1744889441012_504.png
centerX: 0.024788391777509067
centerY: 0.9486740804106074
width: 0.02539298669891173
height: 0.027801539777587682
Area: 0.00017377578579238137
CentroidX: 0.0358
CentroidY: 0.9654
