Location: Dz_02-1.png_Mean-Medain.png
Component: component_1744889441079_58.png
centerX: 0.21825876662636035
centerY: 0.09751924721984602
width: 0.021160822249093107
height: 0.022241231822070145
Area: 0.00016188041950302194
CentroidX: 0.2281
CentroidY: 0.1107
