Location: Dz_02-1.png_Gaussian-Median.png
Component: component_1744889441351_370.png
centerX: 0.7085852478839177
centerY: 0.6766467065868264
width: 0.02599758162031439
height: 0.024379811804961505
Area: 0.00018773991143641202
CentroidX: 0.7210
CentroidY: 0.6907
