Location: Dz_01-1.png_Otsu.png
Component: component_1744889441482_224.png
centerX: 0.9159613059250302
centerY: 0.44525235243798117
width: 0.02781136638452237
height: 0.02737382378100941
Area: 0.00019110164538775273
CentroidX: 0.9289
CentroidY: 0.4624
