Location: Dz_02-1.png_Mean-Medain.png
Component: component_1744889441103_113.png
centerX: 0.07799274486094317
centerY: 0.20658682634730538
width: 0.02720677146311971
height: 0.021813515825491875
Area: 0.0001838609876464035
CentroidX: 0.0902
CentroidY: 0.2196
