Location: Dz_02-1.png_Mean-Medain.png
Component: component_1744889441183_248.png
centerX: 0.7805320435308344
centerY: 0.4756201881950385
width: 0.026602176541717048
height: 0.023096663815226688
Area: 0.00019860089804843586
CentroidX: 0.7924
CentroidY: 0.4888
