Location: Dz_02-1.png_Gaussian-Median.png
Component: component_1744889441354_387.png
centerX: 0.7122128174123338
centerY: 0.7061591103507271
width: 0.02902055622732769
height: 0.022241231822070145
Area: 0.00019989387264510538
CentroidX: 0.7255
CentroidY: 0.7196
