Location: Dedata_21.png_Gaussian-Closing.png
Component: component_1755511065683_141.png
centerX: 0.11491935483870967
centerY: 0.322884012539185
width: 0.03346774193548387
height: 0.034482758620689655
Area: 0.00041287840483916934
CentroidX: 0.1318
CentroidY: 0.3449
