Location: Dedata_21.png_Mean-Medain.png
Component: component_1755511065175_18.png
centerX: 0.4717741935483871
centerY: 0.008264462809917356
width: 0.031451612903225803
height: 0.034482758620689655
Area: 0.00037840483916932495
CentroidX: 0.4892
CentroidY: 0.0300
