Location: Dedata_21.png_Mean-Closing.png
Component: component_1755511065544_238.png
centerX: 0.07379032258064516
centerY: 0.5941863778854375
width: 0.031451612903225803
height: 0.0353377030493018
Area: 0.0004327581610421129
CentroidX: 0.0880
CentroidY: 0.6164
