Location: Dedata_21.png_Mean-Medain.png
Component: component_1755511065214_199.png
centerX: 0.10725806451612903
centerY: 0.481618694784839
width: 0.02903225806451613
height: 0.04189227700199487
Area: 0.0004817106242932919
CentroidX: 0.1225
CentroidY: 0.5077
