Location: Dedata_21.png_Otsu.png
Component: component_1755511066245_332.png
centerX: 0.21733870967741936
centerY: 0.6446280991735537
width: 0.025403225806451612
height: 0.029068110572812767
Area: 0.000293714779507074
CentroidX: 0.2291
CentroidY: 0.6624
