Location: Dedata_21.png_Mean-Medain.png
Component: component_1755511065234_291.png
centerX: 0.6096774193548387
centerY: 0.7204331718438302
width: 0.03024193548387097
height: 0.03163294385864919
Area: 0.000375302218259039
CentroidX: 0.6244
CentroidY: 0.7399
