Location: Dedata_21.png_Mean-Closing.png
Component: component_1755511065529_177.png
centerX: 0.8060483870967742
centerY: 0.4280421772584782
width: 0.03346774193548387
height: 0.039897406668566546
Area: 0.00044999494387703507
CentroidX: 0.8237
CentroidY: 0.4538
