Location: Dedata_21.png_Mean-Medain.png
Component: component_1755511065243_330.png
centerX: 0.6883064516129033
centerY: 0.8290111142775719
width: 0.02379032258064516
height: 0.03419777714448561
Area: 0.00034795318949429576
CentroidX: 0.7004
CentroidY: 0.8502
