Location: Dedata_21.png_Gaussian-Closing.png
Component: component_1755511065772_286.png
centerX: 0.8766129032258064
centerY: 0.7090339127956683
width: 0.028629032258064516
height: 0.03163294385864919
Area: 0.0003624320870756304
CentroidX: 0.8900
CentroidY: 0.7288
