Location: Dedata_21.png_Mean-Medain.png
Component: component_1755511065234_293.png
centerX: 0.4064516129032258
centerY: 0.7298375605585637
width: 0.02943548387096774
height: 0.03362781419207751
Area: 0.0003785197510548911
CentroidX: 0.4211
CentroidY: 0.7510
