Location: Dedata_21.png_Mean-Closing.png
Component: component_1755511065476_74.png
centerX: 0.4891129032258065
centerY: 0.15075520091194072
width: 0.037096774193548385
height: 0.027358221715588486
Area: 0.00039230917732282887
CentroidX: 0.5066
CentroidY: 0.1675
