Location: Dedata_21.png_Mean-Closing.png
Component: component_1755511065533_194.png
centerX: 0.29516129032258065
centerY: 0.4676546024508407
width: 0.028225806451612902
height: 0.040467369620974636
Area: 0.0004675764623686557
CentroidX: 0.3112
CentroidY: 0.4923
