Location: Dedata_21.png_Mean-Medain.png
Component: component_1755511065211_188.png
centerX: 0.6201612903225806
centerY: 0.45141065830721006
width: 0.025
height: 0.03562268452550584
Area: 0.00040046792119802536
CentroidX: 0.6342
CentroidY: 0.4731
