Location: Dedata_21.png_Otsu.png
Component: component_1755511066149_265.png
centerX: 0.6209677419354839
centerY: 0.4516956397834141
width: 0.02379032258064516
height: 0.03505272157309775
Area: 0.00034266724275825296
CentroidX: 0.6342
CentroidY: 0.4731
