Location: Dedata_21.png_Mean-Closing.png
Component: component_1755511065563_314.png
centerX: 0.3959677419354839
centerY: 0.7859789113707609
width: 0.02903225806451613
height: 0.02963807352522086
Area: 0.00035438825508600003
CentroidX: 0.4100
CentroidY: 0.8043
