Location: Dedata_21.png_Otsu.png
Component: component_1755511065960_241.png
centerX: 0.8008064516129032
centerY: 0.3815901966372186
width: 0.031451612903225803
height: 0.038472499287546306
Area: 0.00041264858106803705
CentroidX: 0.8179
CentroidY: 0.4063
