Location: Dedata_21.png_Mean-Closing.png
Component: component_1755511065557_290.png
centerX: 0.6096774193548387
centerY: 0.7204331718438302
width: 0.03024193548387097
height: 0.03163294385864919
Area: 0.00037553204203017126
CentroidX: 0.6244
CentroidY: 0.7399
