Location: Dedata_21.png_Gaussian-Closing.png
Component: component_1755511065725_228.png
centerX: 0.6870967741935484
centerY: 0.5565688230265032
width: 0.031048387096774193
height: 0.032487888287261325
Area: 0.00037380836374667904
CentroidX: 0.7014
CentroidY: 0.5767
