Location: Dedata_21.png_Mean-Medain.png
Component: component_1755511065240_318.png
centerX: 0.25766129032258067
centerY: 0.7916785408948418
width: 0.02903225806451613
height: 0.03334283271587347
Area: 0.00037886448671158957
CentroidX: 0.2726
CentroidY: 0.8124
