Location: Dedata_21.png_Gaussian-Closing.png
Component: component_1755511065774_296.png
centerX: 0.3564516129032258
centerY: 0.7326873753206041
width: 0.028225806451612902
height: 0.03362781419207751
Area: 0.0003578356116529845
CentroidX: 0.3698
CentroidY: 0.7529
