Location: Dedata_21.png_Mean-Closing.png
Component: component_1755511065562_313.png
centerX: 0.5012096774193548
centerY: 0.7779994300370476
width: 0.02620967741935484
height: 0.030777999430037048
Area: 0.0003582952591952491
CentroidX: 0.5146
CentroidY: 0.7968
