Location: Dedata_21.png_Gaussian-Closing.png
Component: component_1755511065785_341.png
centerX: 0.2508064516129032
centerY: 0.8543744656597321
width: 0.02620967741935484
height: 0.028783129096608722
Area: 0.0002942893389349047
CentroidX: 0.2647
CentroidY: 0.8722
