Location: Dedata_21.png_Gaussian-Closing.png
Component: component_1755511065725_229.png
centerX: 0.6338709677419355
centerY: 0.5625534340267883
width: 0.02661290322580645
height: 0.03277286976346538
Area: 0.0003595592899364767
CentroidX: 0.6459
CentroidY: 0.5827
