Location: Dedata_21.png_Mean-Closing.png
Component: component_1755511065506_133.png
centerX: 0.3713709677419355
centerY: 0.29980051296665716
width: 0.03467741935483871
height: 0.03590766600170989
Area: 0.00047814835584074133
CentroidX: 0.3892
CentroidY: 0.3222
