Location: Dedata_21.png_Gaussian-Closing.png
Component: component_1755511065691_156.png
centerX: 0.3403225806451613
centerY: 0.36078654887432315
width: 0.028629032258064516
height: 0.036477628954117984
Area: 0.00041080999089897864
CentroidX: 0.3551
CentroidY: 0.3835
