Location: Dedata_21.png_Mean-Closing.png
Component: component_1755511065523_157.png
centerX: 0.1717741935483871
centerY: 0.3724707893986891
width: 0.031451612903225803
height: 0.03590766600170989
Area: 0.00043390727989777437
CentroidX: 0.1875
CentroidY: 0.3953
