Location: Dedata_21.png_Mean-Closing.png
Component: component_1755511065567_332.png
centerX: 0.5879032258064516
centerY: 0.8321459105158164
width: 0.031048387096774193
height: 0.033912795668281565
Area: 0.0003713952141497899
CentroidX: 0.6014
CentroidY: 0.8532
