Location: Dedata_21.png_Mean-Medain.png
Component: component_1755511065205_158.png
centerX: 0.9362903225806452
centerY: 0.3730407523510972
width: 0.03185483870967742
height: 0.03562268452550584
Area: 0.00044218093565853706
CentroidX: 0.9531
CentroidY: 0.3955
