Location: Dedata_21.png_Otsu.png
Component: component_1755511065934_218.png
centerX: 0.014516129032258065
centerY: 0.3265887717298376
width: 0.03024193548387097
height: 0.039612425192362494
Area: 0.0003688671526673347
CentroidX: 0.0304
CentroidY: 0.3524
