Location: Dedata_21.png_Otsu.png
Component: component_1755511065894_145.png
centerX: 0.7048387096774194
centerY: 0.14163579367341123
width: 0.03467741935483871
height: 0.026788258763180393
Area: 0.00030428667297915956
CentroidX: 0.7207
CentroidY: 0.1583
