Location: Dedata_21.png_Mean-Closing.png
Component: component_1755511065526_167.png
centerX: 0.6669354838709678
centerY: 0.39612425192362494
width: 0.027419354838709678
height: 0.03761755485893417
Area: 0.0004645887533439359
CentroidX: 0.6813
CentroidY: 0.4192
