Location: Dedata_21.png_Gaussian-Closing.png
Component: component_1755511065719_220.png
centerX: 0.11088709677419355
centerY: 0.5428897121687091
width: 0.03185483870967742
height: 0.03305785123966942
Area: 0.00038334605024866933
CentroidX: 0.1251
CentroidY: 0.5627
