Location: Dedata_21.png_Gaussian-Closing.png
Component: component_1755511065648_53.png
centerX: 0.46088709677419354
centerY: 0.10116842405243659
width: 0.027016129032258064
height: 0.031062980906241093
Area: 0.00036139788010553506
CentroidX: 0.4748
CentroidY: 0.1202
