Location: Dedata_21.png_Mean-Closing.png
Component: component_1755511065548_253.png
centerX: 0.3189516129032258
centerY: 0.6346537475064121
width: 0.027016129032258064
height: 0.03305785123966942
Area: 0.00037679607277139887
CentroidX: 0.3317
CentroidY: 0.6549
