Location: Dedata_21.png_Gaussian-Closing.png
Component: component_1755511065644_41.png
centerX: 0.27741935483870966
centerY: 0.05927614705044172
width: 0.03185483870967742
height: 0.029068110572812767
Area: 0.0003386453267634378
CentroidX: 0.2938
CentroidY: 0.0771
