Location: Dedata_21.png_Gaussian-Closing.png
Component: component_1755511065775_301.png
centerX: 0.10766129032258065
centerY: 0.7466514676546024
width: 0.03024193548387097
height: 0.036477628954117984
Area: 0.0004094310482721849
CentroidX: 0.1231
CentroidY: 0.7685
