Location: Dedata_21.png_Mean-Closing.png
Component: component_1755511065550_260.png
centerX: 0.9455645161290323
centerY: 0.6497577657452266
width: 0.02903225806451613
height: 0.03676261043032203
Area: 0.0004156362900927569
CentroidX: 0.9603
CentroidY: 0.6723
