Location: Dedata_21.png_Otsu.png
Component: component_1755511065895_150.png
centerX: 0.375
centerY: 0.15275007124536905
width: 0.03387096774193549
height: 0.03362781419207751
Area: 0.00036473032478695337
CentroidX: 0.3906
CentroidY: 0.1743
