Location: Dedata_21.png_Mean-Closing.png
Component: component_1755511065499_113.png
centerX: 0.38991935483870965
centerY: 0.24964377315474495
width: 0.02903225806451613
height: 0.03761755485893417
Area: 0.00039058549903933664
CentroidX: 0.4043
CentroidY: 0.2730
