Location: Dedata_21.png_Mean-Closing.png
Component: component_1755511065450_32.png
centerX: 0.6040322580645161
centerY: 0.056141350812197205
width: 0.03346774193548387
height: 0.030777999430037048
Area: 0.0003907004109249028
CentroidX: 0.6228
CentroidY: 0.0735
