Location: Dedata_21.png_Mean-Closing.png
Component: component_1755511065558_295.png
centerX: 0.30766129032258066
centerY: 0.7338273012254204
width: 0.028225806451612902
height: 0.036477628954117984
Area: 0.00041000560770001565
CentroidX: 0.3207
CentroidY: 0.7566
