Location: Dedata_21.png_Gaussian-Closing.png
Component: component_1755511065696_175.png
centerX: 0.4
centerY: 0.4140780849244799
width: 0.03185483870967742
height: 0.03590766600170989
Area: 0.00043091957087305454
CentroidX: 0.4147
CentroidY: 0.4368
