Location: Dedata_21.png_Gaussian-Closing.png
Component: component_1755511065754_258.png
centerX: 0.17056451612903226
centerY: 0.6451980621259618
width: 0.02620967741935484
height: 0.031917925334853235
Area: 0.00034531021612627436
CentroidX: 0.1829
CentroidY: 0.6643
