Location: Dedata_21.png_Mean-Closing.png
Component: component_1755511065566_330.png
centerX: 0.6883064516129033
centerY: 0.829296095753776
width: 0.02379032258064516
height: 0.033912795668281565
Area: 0.00034737863006646506
CentroidX: 0.7004
CentroidY: 0.8502
