Location: Dedata_21.png_Mean-Closing.png
Component: component_1755511065546_245.png
centerX: 0.719758064516129
centerY: 0.6147050441721288
width: 0.032661290322580645
height: 0.03134796238244514
Area: 0.00039058549903933664
CentroidX: 0.7335
CentroidY: 0.6334
