Location: Dedata_21.png_Otsu.png
Component: component_1755511066234_307.png
centerX: 0.42379032258064514
centerY: 0.573097748646338
width: 0.02943548387096774
height: 0.03277286976346538
Area: 0.0003609382325632705
CentroidX: 0.4380
CentroidY: 0.5932
