Location: Dedata_21.png_Otsu.png
Component: component_1755511066216_273.png
centerX: 0.19798387096774195
centerY: 0.47705899116557426
width: 0.031451612903225803
height: 0.038472499287546306
Area: 0.00041850908723191057
CentroidX: 0.2150
CentroidY: 0.5012
