Location: Dedata_21.png_Mean-Closing.png
Component: component_1755511065546_247.png
centerX: 0.6153225806451613
centerY: 0.6175548589341693
width: 0.03024193548387097
height: 0.03590766600170989
Area: 0.00040690298678972963
CentroidX: 0.6292
CentroidY: 0.6401
