Location: Dedata_21.png_Mean-Medain.png
Component: component_1755511065183_56.png
centerX: 0.31693548387096776
centerY: 0.10287831290966087
width: 0.03185483870967742
height: 0.03163294385864919
Area: 0.0003900109396115059
CentroidX: 0.3324
CentroidY: 0.1234
