Location: Dedata_21.png_Gaussian-Closing.png
Component: component_1755511065772_284.png
centerX: 0.9209677419354839
centerY: 0.7050441721288117
width: 0.02943548387096774
height: 0.03419777714448561
Area: 0.00037553204203017126
CentroidX: 0.9353
CentroidY: 0.7269
