Location: Dedata_21.png_Gaussian-Closing.png
Component: component_1755511065779_315.png
centerX: 0.5012096774193548
centerY: 0.7777144485608436
width: 0.02620967741935484
height: 0.030777999430037048
Area: 0.00033324446814182886
CentroidX: 0.5147
CentroidY: 0.7966
