Location: Dedata_21.png_Mean-Medain.png
Component: component_1755511065224_246.png
centerX: 0.6681451612903225
centerY: 0.615844970076945
width: 0.029838709677419355
height: 0.03590766600170989
Area: 0.0004288511569328639
CentroidX: 0.6826
CentroidY: 0.6378
