Location: Dedata_21.png_Mean-Closing.png
Component: component_1755511065559_300.png
centerX: 0.06330645161290323
centerY: 0.7489313194642349
width: 0.028629032258064516
height: 0.037047591906526074
Area: 0.00041414243558039694
CentroidX: 0.0784
CentroidY: 0.7722
