Location: Dedata_21.png_Otsu.png
Component: component_1755511066254_350.png
centerX: 0.3689516129032258
centerY: 0.6833855799373041
width: 0.024596774193548387
height: 0.029068110572812767
Area: 0.0002879691852287666
CentroidX: 0.3803
CentroidY: 0.7012
