Location: Dedata_21.png_Gaussian-Closing.png
Component: component_1755511065709_202.png
centerX: 0.8923387096774194
centerY: 0.48218865773724706
width: 0.029838709677419355
height: 0.03562268452550584
Area: 0.000398629331028967
CentroidX: 0.9068
CentroidY: 0.5043
