Location: Dedata_21.png_Mean-Medain.png
Component: component_1755511065213_195.png
centerX: 0.24879032258064515
centerY: 0.47335423197492166
width: 0.03024193548387097
height: 0.03818751781134226
Area: 0.0004593028066078931
CentroidX: 0.2644
CentroidY: 0.4973
