Location: Dedata_21.png_Gaussian-Closing.png
Component: component_1755511065693_161.png
centerX: 0.8903225806451613
centerY: 0.37475064120832147
width: 0.031451612903225803
height: 0.03619264747791394
Area: 0.00043091957087305454
CentroidX: 0.9049
CentroidY: 0.3967
