Location: Dedata_21.png_Mean-Medain.png
Component: component_1755511065178_31.png
centerX: 0.6620967741935484
centerY: 0.055571387859789115
width: 0.03185483870967742
height: 0.02536335138216016
Area: 0.0003346234107686226
CentroidX: 0.6780
CentroidY: 0.0703
