Location: Dedata_21.png_Mean-Closing.png
Component: component_1755511065505_130.png
centerX: 0.5258064516129032
centerY: 0.29125106868053574
width: 0.032661290322580645
height: 0.036477628954117984
Area: 0.00044574320411108764
CentroidX: 0.5426
CentroidY: 0.3144
