Location: Dedata_21.png_Mean-Closing.png
Component: component_1755511065475_72.png
centerX: 0.5955645161290323
centerY: 0.1444856084354517
width: 0.034274193548387094
height: 0.03305785123966942
Area: 0.00043126430652975297
CentroidX: 0.6127
CentroidY: 0.1644
