Location: Dedata_21.png_Gaussian-Closing.png
Component: component_1755511065771_280.png
centerX: 0.1125
centerY: 0.6984895981761186
width: 0.03024193548387097
height: 0.03305785123966942
Area: 0.0003576057878818522
CentroidX: 0.1267
CentroidY: 0.7183
