Location: Dedata_21.png_Mean-Closing.png
Component: component_1755511065503_127.png
centerX: 0.6975806451612904
centerY: 0.2818466799658022
width: 0.034274193548387094
height: 0.03305785123966942
Area: 0.00046401419391610513
CentroidX: 0.7150
CentroidY: 0.3022
