Location: Dedata_21.png_Mean-Closing.png
Component: component_1755511065530_179.png
centerX: 0.9548387096774194
centerY: 0.4288971216870903
width: 0.027419354838709678
height: 0.03134796238244514
Area: 0.0003798986936816849
CentroidX: 0.9677
CentroidY: 0.4483
