Location: Dedata_21.png_Gaussian-Closing.png
Component: component_1755511065669_115.png
centerX: 0.38991935483870965
centerY: 0.24964377315474495
width: 0.02903225806451613
height: 0.03733257338273012
Area: 0.00035818034730968296
CentroidX: 0.4043
CentroidY: 0.2728
