Location: Dedata_21.png_Mean-Medain.png
Component: component_1755511065230_275.png
centerX: 0.3189516129032258
centerY: 0.6848104873183243
width: 0.027822580645161292
height: 0.03134796238244514
Area: 0.00034531021612627436
CentroidX: 0.3312
CentroidY: 0.7035
