Location: Dedata_21.png_Gaussian-Closing.png
Component: component_1755511065723_224.png
centerX: 0.882258064516129
centerY: 0.5483043602165859
width: 0.025403225806451612
height: 0.030208036477628954
Area: 0.0003283032570624845
CentroidX: 0.8941
CentroidY: 0.5666
