Location: Dedata_21.png_Otsu.png
Component: component_1755511065882_121.png
centerX: 0.8604838709677419
centerY: 0.09033912795668282
width: 0.029838709677419355
height: 0.027643203191792535
Area: 0.0003183059230182296
CentroidX: 0.8767
CentroidY: 0.1079
