Location: Dedata_21.png_Mean-Medain.png
Component: component_1755511065235_296.png
centerX: 0.30766129032258066
centerY: 0.7338273012254204
width: 0.028225806451612902
height: 0.03676261043032203
Area: 0.00041080999089897864
CentroidX: 0.3207
CentroidY: 0.7566
