Location: Dedata_21.png_Gaussian-Closing.png
Component: component_1755511065744_245.png
centerX: 0.8673387096774193
centerY: 0.6050156739811913
width: 0.027419354838709678
height: 0.033912795668281565
Area: 0.00034358653784278214
CentroidX: 0.8799
CentroidY: 0.6258
