Location: Dedata_21.png_Gaussian-Closing.png
Component: component_1755511065688_149.png
centerX: 0.7209677419354839
centerY: 0.33513821601595895
width: 0.03064516129032258
height: 0.03220290681105728
Area: 0.00036656891495601173
CentroidX: 0.7364
CentroidY: 0.3542
