Location: Dedata_21.png_Gaussian-Closing.png
Component: component_1755511065668_113.png
centerX: 0.4939516129032258
centerY: 0.24337418067825592
width: 0.03346774193548387
height: 0.036477628954117984
Area: 0.000379209222368288
CentroidX: 0.5103
CentroidY: 0.2667
