Location: Dedata_21.png_Gaussian-Closing.png
Component: component_1755511065695_168.png
centerX: 0.7120967741935483
centerY: 0.3878597891137076
width: 0.02943548387096774
height: 0.04018238814477059
Area: 0.0004497651201059028
CentroidX: 0.7271
CentroidY: 0.4118
