Location: Dedata_21.png_Mean-Closing.png
Component: component_1755511065525_163.png
centerX: 0.06653225806451613
centerY: 0.3804502707324024
width: 0.0375
height: 0.03733257338273012
Area: 0.0005100938600281304
CentroidX: 0.0840
CentroidY: 0.4039
