Location: Dedata_21.png_Mean-Medain.png
Component: component_1755511065219_226.png
centerX: 0.6870967741935484
centerY: 0.5565688230265032
width: 0.031048387096774193
height: 0.03277286976346538
Area: 0.0004032258064516129
CentroidX: 0.7013
CentroidY: 0.5768
