Location: Dedata_21.png_Mean-Medain.png
Component: component_1755511065245_342.png
centerX: 0.15564516129032258
centerY: 0.8583642063265887
width: 0.02661290322580645
height: 0.029923055001424906
Area: 0.000323247134097574
CentroidX: 0.1687
CentroidY: 0.8765
