Location: Dedata_21.png_Mean-Medain.png
Component: component_1755511065187_76.png
centerX: 0.432258064516129
centerY: 0.15332003419777715
width: 0.031048387096774193
height: 0.028783129096608722
Area: 0.0003993188023423639
CentroidX: 0.4471
CentroidY: 0.1711
