Location: Dedata_21.png_Mean-Medain.png
Component: component_1755511065244_333.png
centerX: 0.5879032258064516
centerY: 0.8318609290396124
width: 0.031048387096774193
height: 0.03419777714448561
Area: 0.0003712803022642238
CentroidX: 0.6014
CentroidY: 0.8532
