Location: Dedata_21.png_Gaussian-Closing.png
Component: component_1755511065756_259.png
centerX: 0.07137096774193548
centerY: 0.6471929324593901
width: 0.02661290322580645
height: 0.03277286976346538
Area: 0.000356686492797323
CentroidX: 0.0846
CentroidY: 0.6672
