Location: Dedata_21.png_Mean-Closing.png
Component: component_1755511065491_86.png
centerX: 0.7524193548387097
centerY: 0.17497862638928469
width: 0.03346774193548387
height: 0.03590766600170989
Area: 0.0004010424806258561
CentroidX: 0.7695
CentroidY: 0.1981
