Location: Dedata_21.png_Otsu.png
Component: component_1755511065897_155.png
centerX: 0.09879032258064516
centerY: 0.16215445996010258
width: 0.03387096774193549
height: 0.030208036477628954
Area: 0.00036335138216015957
CentroidX: 0.1148
CentroidY: 0.1812
