Location: Dedata_21.png_Gaussian-Closing.png
Component: component_1755511065758_261.png
centerX: 0.9455645161290323
centerY: 0.6494727842690226
width: 0.02903225806451613
height: 0.037047591906526074
Area: 0.0003908153228104689
CentroidX: 0.9602
CentroidY: 0.6721
