Location: Dedata_21.png_Gaussian-Closing.png
Component: component_1755511065772_285.png
centerX: 0.7943548387096774
centerY: 0.7081789683670562
width: 0.027822580645161292
height: 0.036477628954117984
Area: 0.00038242675516414015
CentroidX: 0.8090
CentroidY: 0.7309
