Location: Dedata_21.png_Gaussian-Closing.png
Component: component_1755511065737_239.png
centerX: 0.17137096774193547
centerY: 0.5904816186947849
width: 0.031451612903225803
height: 0.02963807352522086
Area: 0.00038828726132801366
CentroidX: 0.1868
CentroidY: 0.6082
