Location: Dedata_21.png_Mean-Medain.png
Component: component_1755511065184_60.png
centerX: 0.1875
centerY: 0.10686805357651753
width: 0.03024193548387097
height: 0.03277286976346538
Area: 0.00036990135963743003
CentroidX: 0.2029
CentroidY: 0.1279
