Location: Dedata_21.png_Gaussian-Closing.png
Component: component_1755511065659_90.png
centerX: 0.6991935483870968
centerY: 0.18153320034197779
width: 0.03225806451612903
height: 0.032487888287261325
Area: 0.0003408286525891946
CentroidX: 0.7155
CentroidY: 0.2027
