Location: Dedata_21.png_Gaussian-Closing.png
Component: component_1755511065682_138.png
centerX: 0.2717741935483871
centerY: 0.30777999430037045
width: 0.028225806451612902
height: 0.036477628954117984
Area: 0.0004399976098327802
CentroidX: 0.2868
CentroidY: 0.3304
