Location: Dedata_21.png_Mean-Medain.png
Component: component_1755511065242_324.png
centerX: 0.9548387096774194
centerY: 0.8141920775149615
width: 0.031048387096774193
height: 0.03362781419207751
Area: 0.0003463444230963697
CentroidX: 0.9689
CentroidY: 0.8348
