Location: Dedata_21.png_Mean-Medain.png
Component: component_1755511065169_2.png
centerX: 0.7903225806451613
centerY: 0.0037047591906526076
width: 0.031451612903225803
height: 0.03134796238244514
Area: 0.00036036367313543974
CentroidX: 0.8055
CentroidY: 0.0233
