Location: Dedata_21.png_Gaussian-Closing.png
Component: component_1755511065659_91.png
centerX: 0.646774193548387
centerY: 0.18381305215161015
width: 0.027822580645161292
height: 0.033912795668281565
Area: 0.0003484128370365604
CentroidX: 0.6614
CentroidY: 0.2055
