Location: Dedata_21.png_Otsu.png
Component: component_1755511065997_260.png
centerX: 0.06653225806451613
centerY: 0.43944143630664007
width: 0.028629032258064516
height: 0.03134796238244514
Area: 0.00038794252567131524
CentroidX: 0.0808
CentroidY: 0.4586
