Location: Dedata_21.png_Gaussian-Closing.png
Component: component_1755511065669_114.png
centerX: 0.4435483870967742
centerY: 0.2493587916785409
width: 0.03225806451612903
height: 0.03305785123966942
Area: 0.0003585250829663814
CentroidX: 0.4600
CentroidY: 0.2701
