Location: Dedata_21.png_Gaussian-Closing.png
Component: component_1755511065781_322.png
centerX: 0.07016129032258064
centerY: 0.8013679110857794
width: 0.027822580645161292
height: 0.040467369620974636
Area: 0.0003988591548000993
CentroidX: 0.0829
CentroidY: 0.8257
