Location: Dedata_21.png_Mean-Closing.png
Component: component_1755511065550_264.png
centerX: 0.7713709677419355
centerY: 0.6577372470789399
width: 0.027419354838709678
height: 0.03334283271587347
Area: 0.0003733487162044145
CentroidX: 0.7857
CentroidY: 0.6778
