Location: Dedata_21.png_Mean-Closing.png
Component: component_1755511065538_209.png
centerX: 0.5504032258064516
centerY: 0.5095468794528356
width: 0.02661290322580645
height: 0.033912795668281565
Area: 0.00039977844988462846
CentroidX: 0.5644
CentroidY: 0.5302
