Location: Dedata_21.png_Gaussian-Closing.png
Component: component_1755511065658_89.png
centerX: 0.8112903225806452
centerY: 0.17583357081789683
width: 0.027419354838709678
height: 0.032487888287261325
Area: 0.00034036900504693003
CentroidX: 0.8254
CentroidY: 0.1964
