Location: Dedata_21.png_Mean-Closing.png
Component: component_1755511065563_315.png
centerX: 0.35161290322580646
centerY: 0.7882587631803932
width: 0.027016129032258064
height: 0.03163294385864919
Area: 0.00038403552156206623
CentroidX: 0.3655
CentroidY: 0.8072
