Location: Dedata_21.png_Mean-Closing.png
Component: component_1755511065556_284.png
centerX: 0.8766129032258064
centerY: 0.7090339127956683
width: 0.028629032258064516
height: 0.03163294385864919
Area: 0.0003827714908208386
CentroidX: 0.8900
CentroidY: 0.7289
