Location: Dedata_21.png_Gaussian-Closing.png
Component: component_1755511065657_82.png
centerX: 0.01129032258064516
centerY: 0.16243944143630665
width: 0.02903225806451613
height: 0.033912795668281565
Area: 0.00037116539037865764
CentroidX: 0.0270
CentroidY: 0.1842
