Location: Dedata_21.png_Otsu.png
Component: component_1755511065889_133.png
centerX: 0.27580645161290324
centerY: 0.10458820176688516
width: 0.028225806451612902
height: 0.031917925334853235
Area: 0.00032864799271918295
CentroidX: 0.2894
CentroidY: 0.1247
