Location: Dedata_21.png_Gaussian-Closing.png
Component: component_1755511065627_2.png
centerX: 0.790725806451613
centerY: 0.0037047591906526076
width: 0.03064516129032258
height: 0.03134796238244514
Area: 0.0003362321771665487
CentroidX: 0.8056
CentroidY: 0.0232
