Location: Dedata_21.png_Otsu.png
Component: component_1755511065941_221.png
centerX: 0.9629032258064516
centerY: 0.32801367911085777
width: 0.024193548387096774
height: 0.029353092049016812
Area: 0.00032749887386352144
CentroidX: 0.9744
CentroidY: 0.3455
