Location: Dedata_21.png_Mean-Closing.png
Component: component_1755511065492_91.png
centerX: 0.5923387096774193
centerY: 0.1878027928184668
width: 0.03064516129032258
height: 0.031062980906241093
Area: 0.0003547329907426985
CentroidX: 0.6075
CentroidY: 0.2077
