Location: Dedata_21.png_Mean-Medain.png
Component: component_1755511065226_255.png
centerX: 0.21733870967741936
centerY: 0.6443431176973496
width: 0.025806451612903226
height: 0.02963807352522086
Area: 0.00034760845383759734
CentroidX: 0.2291
CentroidY: 0.6623
