Location: Dedata_21.png_Mean-Closing.png
Component: component_1755511065474_68.png
centerX: 0.807258064516129
centerY: 0.13679110857794244
width: 0.03508064516129032
height: 0.026788258763180393
Area: 0.00039035567526820436
CentroidX: 0.8237
CentroidY: 0.1534
