Location: Dedata_21.png_Mean-Medain.png
Component: component_1755511065178_29.png
centerX: 0.5125
centerY: 0.05471644343117697
width: 0.03064516129032258
height: 0.031062980906241093
Area: 0.0003556522858272277
CentroidX: 0.5277
CentroidY: 0.0738
