Location: Dedata_21.png_Gaussian-Closing.png
Component: component_1755511065783_332.png
centerX: 0.6883064516129033
centerY: 0.829296095753776
width: 0.02379032258064516
height: 0.03362781419207751
Area: 0.0003181910111326635
CentroidX: 0.7004
CentroidY: 0.8499
