Location: Dedata_21.png_Otsu.png
Component: component_1755511065910_188.png
centerX: 0.49435483870967745
centerY: 0.24365916215445996
width: 0.032661290322580645
height: 0.03590766600170989
Area: 0.0003304865828882413
CentroidX: 0.5100
CentroidY: 0.2669
