Location: Dedata_21.png_Mean-Closing.png
Component: component_1755511065548_254.png
centerX: 0.2645161290322581
centerY: 0.640353377030493
width: 0.02661290322580645
height: 0.031917925334853235
Area: 0.00037645133711470044
CentroidX: 0.2773
CentroidY: 0.6597
