Location: Dedata_21.png_Mean-Medain.png
Component: component_1755511065177_28.png
centerX: 0.7161290322580646
centerY: 0.053576517526360785
width: 0.032661290322580645
height: 0.025078369905956112
Area: 0.00030129896395443974
CentroidX: 0.7328
CentroidY: 0.0682
