Location: Dedata_21.png_Gaussian-Closing.png
Component: component_1755511065695_170.png
centerX: 0.6217741935483871
centerY: 0.4041037332573383
width: 0.027419354838709678
height: 0.02963807352522086
Area: 0.00035128563417571407
CentroidX: 0.6347
CentroidY: 0.4221
