Location: Dedata_21.png_Otsu.png
Component: component_1755511065957_236.png
centerX: 0.8903225806451613
centerY: 0.3750356226845255
width: 0.031048387096774193
height: 0.03562268452550584
Area: 0.0003989740666856654
CentroidX: 0.9048
CentroidY: 0.3969
