Location: Dedata_21.png_Gaussian-Closing.png
Component: component_1755511065726_231.png
centerX: 0.5306451612903226
centerY: 0.567113137646053
width: 0.028225806451612902
height: 0.034482758620689655
Area: 0.00037380836374667904
CentroidX: 0.5437
CentroidY: 0.5885
