Location: Dedata_21.png_Mean-Closing.png
Component: component_1755511065528_172.png
centerX: 0.455241935483871
centerY: 0.4132231404958678
width: 0.028629032258064516
height: 0.03334283271587347
Area: 0.0004297704520173931
CentroidX: 0.4704
CentroidY: 0.4335
