Location: Dedata_21.png_Otsu.png
Component: component_1755511066236_312.png
centerX: 0.2217741935483871
centerY: 0.5896266742661727
width: 0.02903225806451613
height: 0.027643203191792535
Area: 0.00032864799271918295
CentroidX: 0.2353
CentroidY: 0.6062
