Location: Dedata_21.png_Gaussian-Closing.png
Component: component_1755511065663_102.png
centerX: 0.902016129032258
centerY: 0.2177258478198917
width: 0.03185483870967742
height: 0.03305785123966942
Area: 0.00037645133711470044
CentroidX: 0.9194
CentroidY: 0.2392
