Location: Dedata_21.png_Gaussian-Closing.png
Component: component_1755511065776_305.png
centerX: 0.9088709677419354
centerY: 0.7591906526075805
width: 0.027016129032258064
height: 0.02821316614420063
Area: 0.0002919911012235818
CentroidX: 0.9222
CentroidY: 0.7766
