Location: Dedata_21.png_Mean-Closing.png
Component: component_1755511065492_92.png
centerX: 0.4778225806451613
centerY: 0.18951268167569107
width: 0.03064516129032258
height: 0.03932744371615845
Area: 0.0004150617306649261
CentroidX: 0.4935
CentroidY: 0.2142
