Location: Dedata_21.png_Gaussian-Closing.png
Component: component_1755511065679_132.png
centerX: 0.5258064516129032
centerY: 0.29125106868053574
width: 0.03225806451612903
height: 0.03619264747791394
Area: 0.00041264858106803705
CentroidX: 0.5425
CentroidY: 0.3142
