Location: Dedata_21.png_Mean-Closing.png
Component: component_1755511065458_47.png
centerX: 0.7588709677419355
centerY: 0.09204901681390709
width: 0.031451612903225803
height: 0.028783129096608722
Area: 0.0003897811158403736
CentroidX: 0.7743
CentroidY: 0.1100
