Location: Dedata_21.png_Mean-Closing.png
Component: component_1755511065569_343.png
centerX: 0.02620967741935484
centerY: 0.8612140210886292
width: 0.02620967741935484
height: 0.03163294385864919
Area: 0.0003202594250728541
CentroidX: 0.0389
CentroidY: 0.8805
