Location: Dedata_21.png_Otsu.png
Component: component_1755511065958_237.png
centerX: 0.12217741935483871
centerY: 0.3776004559703619
width: 0.02943548387096774
height: 0.03505272157309775
Area: 0.0003780601035126265
CentroidX: 0.1369
CentroidY: 0.4001
