Location: Dedata_21.png_Mean-Closing.png
Component: component_1755511065453_39.png
centerX: 0.05685483870967742
centerY: 0.05956112852664577
width: 0.027016129032258064
height: 0.03590766600170989
Area: 0.0003326699087139981
CentroidX: 0.0724
CentroidY: 0.0833
