Location: Dedata_21.png_Otsu.png
Component: component_1755511065915_200.png
centerX: 0.01653225806451613
centerY: 0.2738671986320889
width: 0.03185483870967742
height: 0.03619264747791394
Area: 0.00031221559308322377
CentroidX: 0.0327
CentroidY: 0.2975
