Location: Dedata_21.png_Mean-Medain.png
Component: component_1755511065233_289.png
centerX: 0.7532258064516129
centerY: 0.7147335423197492
width: 0.027016129032258064
height: 0.029353092049016812
Area: 0.00035703122845402144
CentroidX: 0.7682
CentroidY: 0.7332
