Location: Dedata_21.png_Mean-Closing.png
Component: component_1755511065476_75.png
centerX: 0.37459677419354837
centerY: 0.152465089769165
width: 0.034274193548387094
height: 0.03419777714448561
Area: 0.0004332178085843775
CentroidX: 0.3907
CentroidY: 0.1743
