Location: Dedata_21.png_Otsu.png
Component: component_1755511066238_313.png
centerX: 0.1717741935483871
centerY: 0.5907666001709889
width: 0.03064516129032258
height: 0.029068110572812767
Area: 0.00035323913623033857
CentroidX: 0.1867
CentroidY: 0.6083
