Location: Dedata_21.png_Gaussian-Closing.png
Component: component_1755511065786_344.png
centerX: 0.11088709677419355
centerY: 0.8566543174693645
width: 0.028225806451612902
height: 0.034482758620689655
Area: 0.00031934012998832494
CentroidX: 0.1255
CentroidY: 0.8778
