Location: Dedata_21.png_Gaussian-Closing.png
Component: component_1755511065633_23.png
centerX: 0.9145161290322581
centerY: 0.047591906526075804
width: 0.03225806451612903
height: 0.028783129096608722
Area: 0.0003293374640325798
CentroidX: 0.9317
CentroidY: 0.0663
