Location: Dedata_21.png_Otsu.png
Component: component_1755511065868_26.png
centerX: 0.8806451612903226
centerY: 0.01310914790538615
width: 0.02943548387096774
height: 0.024508406953548018
Area: 0.00022672115022200976
CentroidX: 0.8948
CentroidY: 0.0285
