Location: Dedata_21.png_Otsu.png
Component: component_1755511066234_306.png
centerX: 0.5310483870967742
centerY: 0.567398119122257
width: 0.027419354838709678
height: 0.03419777714448561
Area: 0.00033393393945522576
CentroidX: 0.5436
CentroidY: 0.5887
