Location: Dedata_21.png_Mean-Medain.png
Component: component_1755511065184_59.png
centerX: 0.37379032258064515
centerY: 0.10515816471929325
width: 0.02661290322580645
height: 0.026788258763180393
Area: 0.00033910497430570237
CentroidX: 0.3868
CentroidY: 0.1219
