Location: Dedata_21.png_Otsu.png
Component: component_1755511066229_299.png
centerX: 0.8826612903225807
centerY: 0.54858934169279
width: 0.024596774193548387
height: 0.029923055001424906
Area: 0.00029509372213386775
CentroidX: 0.8940
CentroidY: 0.5666
