Location: Dedata_21.png_Gaussian-Closing.png
Component: component_1755511065786_347.png
centerX: 0.02620967741935484
centerY: 0.8612140210886292
width: 0.025806451612903226
height: 0.03134796238244514
Area: 0.00029796651927302143
CentroidX: 0.0389
CentroidY: 0.8803
