Location: Dedata_21.png_Otsu.png
Component: component_1755511065951_231.png
centerX: 0.3403225806451613
centerY: 0.3610715303505272
width: 0.028225806451612902
height: 0.03619264747791394
Area: 0.0003747276588312082
CentroidX: 0.3551
CentroidY: 0.3838
