Location: Dedata_21.png_Mean-Closing.png
Component: component_1755511065513_144.png
centerX: 0.9620967741935483
centerY: 0.32772869763465373
width: 0.025403225806451612
height: 0.029923055001424906
Area: 0.0003832311383631032
CentroidX: 0.9745
CentroidY: 0.3454
