Location: Dedata_21.png_Mean-Closing.png
Component: component_1755511065560_305.png
centerX: 0.8298387096774194
centerY: 0.7614705044172129
width: 0.02661290322580645
height: 0.027643203191792535
Area: 0.00028555603563187746
CentroidX: 0.8427
CentroidY: 0.7784
