Location: Dedata_21.png_Gaussian-Closing.png
Component: component_1755511065776_302.png
centerX: 0.06370967741935483
centerY: 0.7489313194642349
width: 0.028225806451612902
height: 0.03676261043032203
Area: 0.00039414776749188723
CentroidX: 0.0784
CentroidY: 0.7720
