Location: Dedata_21.png_Otsu.png
Component: component_1755511065890_136.png
centerX: 0.18830645161290321
centerY: 0.10715303505272157
width: 0.02903225806451613
height: 0.031917925334853235
Area: 0.00031876557056049424
CentroidX: 0.2029
CentroidY: 0.1279
