Location: Dedata_21.png_Mean-Medain.png
Component: component_1755511065234_295.png
centerX: 0.35604838709677417
centerY: 0.7326873753206041
width: 0.028629032258064516
height: 0.03362781419207751
Area: 0.0003871381424723522
CentroidX: 0.3697
CentroidY: 0.7530
