Location: Dedata_21.png_Otsu.png
Component: component_1755511066279_399.png
centerX: 0.11491935483870967
centerY: 0.8036477628954118
width: 0.02903225806451613
height: 0.03334283271587347
Area: 0.0003408286525891946
CentroidX: 0.1278
CentroidY: 0.8242
