Location: Dedata_21.png_Gaussian-Closing.png
Component: component_1755511065698_179.png
centerX: 0.8064516129032258
centerY: 0.4280421772584782
width: 0.032661290322580645
height: 0.039612425192362494
Area: 0.00042701256676380553
CentroidX: 0.8237
CentroidY: 0.4534
