Location: Dedata_21.png_Otsu.png
Component: component_1755511065994_254.png
centerX: 0.8064516129032258
centerY: 0.42832715873468225
width: 0.032661290322580645
height: 0.03932744371615845
Area: 0.0003911600584671674
CentroidX: 0.8236
CentroidY: 0.4537
