Location: Dedata_21.png_Gaussian-Closing.png
Component: component_1755511065721_221.png
centerX: 0.9298387096774193
centerY: 0.5451695639783414
width: 0.027822580645161292
height: 0.030208036477628954
Area: 0.00033565761773871793
CentroidX: 0.9422
CentroidY: 0.5638
