Location: Dedata_21.png_Otsu.png
Component: component_1755511066193_267.png
centerX: 0.4459677419354839
centerY: 0.45939013964092335
width: 0.03064516129032258
height: 0.04160729552579082
Area: 0.00042540380036587945
CentroidX: 0.4627
CentroidY: 0.4852
