Location: Dedata_21.png_Mean-Closing.png
Component: component_1755511065494_97.png
centerX: 0.2608870967741935
centerY: 0.20376175548589343
width: 0.03064516129032258
height: 0.03676261043032203
Area: 0.0003972503884021732
CentroidX: 0.2765
CentroidY: 0.2269
