Location: Dedata_21.png_Otsu.png
Component: component_1755511065909_180.png
centerX: 0.8475806451612903
centerY: 0.2225705329153605
width: 0.037096774193548385
height: 0.03277286976346538
Area: 0.0003593294661653444
CentroidX: 0.8655
CentroidY: 0.2431
