Location: Dedata_21.png_Otsu.png
Component: component_1755511065960_242.png
centerX: 0.014516129032258065
centerY: 0.384155029923055
width: 0.03225806451612903
height: 0.03590766600170989
Area: 0.0003982845953722685
CentroidX: 0.0314
CentroidY: 0.4065
