Location: Dedata_21.png_Mean-Medain.png
Component: component_1755511065221_234.png
centerX: 0.27298387096774196
centerY: 0.5796523225990311
width: 0.031048387096774193
height: 0.03619264747791394
Area: 0.0004437897020564631
CentroidX: 0.2874
CentroidY: 0.6022
