Location: Dedata_21.png_Gaussian-Closing.png
Component: component_1755511065658_88.png
centerX: 0.8588709677419355
centerY: 0.17497862638928469
width: 0.02943548387096774
height: 0.03334283271587347
Area: 0.0003463444230963697
CentroidX: 0.8733
CentroidY: 0.1956
