Location: Dedata_21.png_Otsu.png
Component: component_1755511066252_342.png
centerX: 0.7217741935483871
centerY: 0.6628669136506127
width: 0.02943548387096774
height: 0.029353092049016812
Area: 0.00029796651927302143
CentroidX: 0.7365
CentroidY: 0.6811
