Location: Dedata_21.png_Gaussian-Closing.png
Component: component_1755511065735_238.png
centerX: 0.1217741935483871
centerY: 0.5907666001709889
width: 0.02903225806451613
height: 0.0353377030493018
Area: 0.0004127634929536032
CentroidX: 0.1356
CentroidY: 0.6127
