Location: Dedata_21.png_Mean-Closing.png
Component: component_1755511065561_306.png
centerX: 0.8717741935483871
centerY: 0.7614705044172129
width: 0.02379032258064516
height: 0.025648332858364205
Area: 0.0002841770930050837
CentroidX: 0.8841
CentroidY: 0.7775
