Location: Dedata_21.png_Mean-Medain.png
Component: component_1755511065226_256.png
centerX: 0.17016129032258065
centerY: 0.6451980621259618
width: 0.027016129032258064
height: 0.031917925334853235
Area: 0.0003707057428363931
CentroidX: 0.1829
CentroidY: 0.6644
