Location: Dedata_21.png_Otsu.png
Component: component_1755511066271_377.png
centerX: 0.06370967741935483
centerY: 0.7492163009404389
width: 0.028225806451612902
height: 0.036477628954117984
Area: 0.0003571461403395876
CentroidX: 0.0784
CentroidY: 0.7723
