Location: Dedata_21.png_Gaussian-Closing.png
Component: component_1755511065631_17.png
centerX: 0.3455645161290323
centerY: 0.007979481333713309
width: 0.031048387096774193
height: 0.03590766600170989
Area: 0.0004023065113670837
CentroidX: 0.3624
CentroidY: 0.0300
