Location: Dedata_21.png_Otsu.png
Component: component_1755511065891_137.png
centerX: 0.14919354838709678
centerY: 0.10829296095753776
width: 0.027419354838709678
height: 0.031917925334853235
Area: 0.0002946340745916032
CentroidX: 0.1634
CentroidY: 0.1292
