Location: Dedata_21.png_Mean-Closing.png
Component: component_1755511065452_36.png
centerX: 0.3665322580645161
centerY: 0.057566258193217444
width: 0.031048387096774193
height: 0.02963807352522086
Area: 0.00036760312192610705
CentroidX: 0.3822
CentroidY: 0.0766
