Location: Dedata_21.png_Mean-Medain.png
Component: component_1755511065242_325.png
centerX: 0.9125
centerY: 0.8153320034197777
width: 0.025403225806451612
height: 0.0347677400968937
Area: 0.0003330146443706965
CentroidX: 0.9249
CentroidY: 0.8370
