Location: Dedata_21.png_Mean-Closing.png
Component: component_1755511065555_279.png
centerX: 0.06612903225806452
centerY: 0.7001994870333428
width: 0.027822580645161292
height: 0.031917925334853235
Area: 0.0003635812059312919
CentroidX: 0.0788
CentroidY: 0.7196
