Location: Dedata_21.png_Otsu.png
Component: component_1755511066243_324.png
centerX: 0.6157258064516129
centerY: 0.6178398404103733
width: 0.02943548387096774
height: 0.0353377030493018
Area: 0.0003401391812757977
CentroidX: 0.6291
CentroidY: 0.6402
