Location: Dedata_21.png_Otsu.png
Component: component_1755511065858_8.png
centerX: 0.020967741935483872
centerY: 0.007409518381305215
width: 0.03024193548387097
height: 0.03761755485893417
Area: 0.0003713952141497899
CentroidX: 0.0362
CentroidY: 0.0310
