Location: Dedata_21.png_Otsu.png
Component: component_1755511066228_296.png
centerX: 0.9298387096774193
centerY: 0.5454545454545454
width: 0.027419354838709678
height: 0.029923055001424906
Area: 0.0003047463205214242
CentroidX: 0.9422
CentroidY: 0.5639
