Location: Dedata_21.png_Otsu.png
Component: component_1755511065923_205.png
centerX: 0.5870967741935483
centerY: 0.2838415502992305
width: 0.03346774193548387
height: 0.037047591906526074
Area: 0.0004120740216402063
CentroidX: 0.6036
CentroidY: 0.3077
