Location: Dedata_21.png_Mean-Medain.png
Component: component_1755511065232_283.png
centerX: 0.9209677419354839
centerY: 0.7053291536050157
width: 0.029838709677419355
height: 0.03419777714448561
Area: 0.00039161970600943197
CentroidX: 0.9354
CentroidY: 0.7272
