Location: Dedata_21.png_Mean-Medain.png
Component: component_1755511065179_36.png
centerX: 0.3665322580645161
centerY: 0.057566258193217444
width: 0.031451612903225803
height: 0.02963807352522086
Area: 0.0003674882100405409
CentroidX: 0.3822
CentroidY: 0.0766
