Location: Dedata_21.png_Otsu.png
Component: component_1755511065879_86.png
centerX: 0.14112903225806453
centerY: 0.06269592476489028
width: 0.03185483870967742
height: 0.030493017953833
Area: 0.00023189218507248642
CentroidX: 0.1587
CentroidY: 0.0828
