Location: Dedata_21.png_Mean-Closing.png
Component: component_1755511065542_228.png
centerX: 0.5786290322580645
centerY: 0.5651182673126247
width: 0.027016129032258064
height: 0.03305785123966942
Area: 0.000382311843278574
CentroidX: 0.5908
CentroidY: 0.5858
