Location: Dedata_21.png_Mean-Medain.png
Component: component_1755511065191_95.png
centerX: 0.3149193548387097
centerY: 0.20091194072385296
width: 0.031451612903225803
height: 0.036477628954117984
Area: 0.00039587144577537945
CentroidX: 0.3307
CentroidY: 0.2238
