Location: Dedata_21.png_Otsu.png
Component: component_1755511065926_208.png
centerX: 0.47419354838709676
centerY: 0.29410088344257623
width: 0.035483870967741936
height: 0.03362781419207751
Area: 0.0004054091322773697
CentroidX: 0.4919
CentroidY: 0.3150
