Location: Dedata_21.png_Gaussian-Closing.png
Component: component_1755511065743_243.png
centerX: 0.9596774193548387
centerY: 0.6024508406953548
width: 0.025806451612903226
height: 0.032487888287261325
Area: 0.0003477233657231635
CentroidX: 0.9726
CentroidY: 0.6227
