Location: Dedata_21.png_Mean-Medain.png
Component: component_1755511065191_92.png
centerX: 0.4778225806451613
centerY: 0.18951268167569107
width: 0.03064516129032258
height: 0.03932744371615845
Area: 0.00041586611386388916
CentroidX: 0.4935
CentroidY: 0.2142
