Location: Dedata_21.png_Gaussian-Closing.png
Component: component_1755511065660_92.png
centerX: 0.592741935483871
centerY: 0.1878027928184668
width: 0.03024193548387097
height: 0.031062980906241093
Area: 0.00032497081238106617
CentroidX: 0.6075
CentroidY: 0.2074
