Location: Dedata_21.png_Mean-Medain.png
Component: component_1755511065212_192.png
centerX: 0.3463709677419355
centerY: 0.46423482473639216
width: 0.02903225806451613
height: 0.04018238814477059
Area: 0.0004797571222386674
CentroidX: 0.3622
CentroidY: 0.4886
