Location: Dedata_21.png_Gaussian-Closing.png
Component: component_1755511065644_43.png
centerX: 0.1407258064516129
centerY: 0.05984611000284981
width: 0.032661290322580645
height: 0.03362781419207751
Area: 0.000350481250976751
CentroidX: 0.1588
CentroidY: 0.0811
