Location: Dedata_21.png_Mean-Medain.png
Component: component_1755511065225_250.png
centerX: 0.46733870967741936
centerY: 0.6255343402678826
width: 0.027419354838709678
height: 0.03676261043032203
Area: 0.0004183941753463444
CentroidX: 0.4798
CentroidY: 0.6478
