Location: Dedata_21.png_Gaussian-Closing.png
Component: component_1755511065706_195.png
centerX: 0.3919354838709677
centerY: 0.4645198062125962
width: 0.028629032258064516
height: 0.03562268452550584
Area: 0.0004051793085062374
CentroidX: 0.4078
CentroidY: 0.4865
