Location: Dedata_21.png_Mean-Closing.png
Component: component_1755511065540_217.png
centerX: 0.16169354838709676
centerY: 0.5414648047876888
width: 0.02943548387096774
height: 0.029068110572812767
Area: 0.00038702323058678606
CentroidX: 0.1759
CentroidY: 0.5595
