Location: Dedata_21.png_Mean-Closing.png
Component: component_1755511065434_13.png
centerX: 0.5987903225806451
centerY: 0.007124536905101168
width: 0.031048387096774193
height: 0.03277286976346538
Area: 0.0003766811608858327
CentroidX: 0.6158
CentroidY: 0.0281
