Location: Dedata_21.png_Mean-Closing.png
Component: component_1755511065565_323.png
centerX: 0.9552419354838709
centerY: 0.8141920775149615
width: 0.03064516129032258
height: 0.03362781419207751
Area: 0.00034622951121080354
CentroidX: 0.9689
CentroidY: 0.8348
