Location: Dedata_21.png_Mean-Medain.png
Component: component_1755511065186_73.png
centerX: 0.5479838709677419
centerY: 0.1450555713878598
width: 0.032661290322580645
height: 0.031917925334853235
Area: 0.00041253366918247086
CentroidX: 0.5643
CentroidY: 0.1648
