Location: Dedata_21.png_Otsu.png
Component: component_1755511066273_383.png
centerX: 0.8721774193548387
centerY: 0.7614705044172129
width: 0.02338709677419355
height: 0.02536335138216016
Area: 0.00023614392483843388
CentroidX: 0.8841
CentroidY: 0.7775
