Location: Dedata_21.png_Otsu.png
Component: component_1755511066280_401.png
centerX: 0.9129032258064517
centerY: 0.8156169848959818
width: 0.024193548387096774
height: 0.03419777714448561
Area: 0.0002700429310804475
CentroidX: 0.9247
CentroidY: 0.8370
