Location: Dedata_21.png_Mean-Closing.png
Component: component_1755511065513_142.png
centerX: 0.9129032258064517
centerY: 0.32630379025363354
width: 0.03064516129032258
height: 0.03220290681105728
Area: 0.00040471966096397284
CentroidX: 0.9281
CentroidY: 0.3462
