Location: Dedata_21.png_Gaussian-Closing.png
Component: component_1755511065750_254.png
centerX: 0.37016129032258066
centerY: 0.6315189512681676
width: 0.02903225806451613
height: 0.032487888287261325
Area: 0.00035094089851901564
CentroidX: 0.3838
CentroidY: 0.6517
