Location: Dedata_21.png_Mean-Closing.png
Component: component_1755511065541_222.png
centerX: 0.882258064516129
centerY: 0.5483043602165859
width: 0.025403225806451612
height: 0.030493017953833
Area: 0.00035507772639939693
CentroidX: 0.8940
CentroidY: 0.5666
