Location: Dedata_21.png_Mean-Medain.png
Component: component_1755511065205_160.png
centerX: 0.1217741935483871
centerY: 0.3770304930179538
width: 0.029838709677419355
height: 0.03590766600170989
Area: 0.0004375844602358911
CentroidX: 0.1369
CentroidY: 0.4000
