Location: Dedata_21.png_Mean-Closing.png
Component: component_1755511065465_61.png
centerX: 0.14879032258064517
centerY: 0.10800797948133371
width: 0.028225806451612902
height: 0.032487888287261325
Area: 0.00034335671407164986
CentroidX: 0.1634
CentroidY: 0.1291
