Location: Dedata_21.png_Otsu.png
Component: component_1755511066240_319.png
centerX: 0.8173387096774194
centerY: 0.6050156739811913
width: 0.02661290322580645
height: 0.03619264747791394
Area: 0.0003317506136294689
CentroidX: 0.8286
CentroidY: 0.6279
