Location: Dedata_21.png_Gaussian-Closing.png
Component: component_1755511065643_39.png
centerX: 0.32137096774193546
centerY: 0.058991165574237676
width: 0.03024193548387097
height: 0.02821316614420063
Area: 0.0003261199312367277
CentroidX: 0.3371
CentroidY: 0.0768
