Location: Dedata_21.png_Mean-Closing.png
Component: component_1755511065547_251.png
centerX: 0.42016129032258065
centerY: 0.6309489883157595
width: 0.02661290322580645
height: 0.033912795668281565
Area: 0.0004085117531876557
CentroidX: 0.4336
CentroidY: 0.6513
