Location: Dedata_21.png_Otsu.png
Component: component_1755511066289_413.png
centerX: 0.3411290322580645
centerY: 0.8486748361356512
width: 0.027822580645161292
height: 0.029923055001424906
Area: 0.0002657911913145
CentroidX: 0.3540
CentroidY: 0.8674
