Location: Dedata_21.png_Gaussian-Closing.png
Component: component_1755511065656_79.png
centerX: 0.267741935483871
centerY: 0.15531490453120547
width: 0.035483870967741936
height: 0.03134796238244514
Area: 0.0004101205195855818
CentroidX: 0.2852
CentroidY: 0.1749
