Location: Dedata_21.png_Mean-Medain.png
Component: component_1755511065199_133.png
centerX: 0.3713709677419355
centerY: 0.2995155314904531
width: 0.03467741935483871
height: 0.03619264747791394
Area: 0.00047895273903970437
CentroidX: 0.3892
CentroidY: 0.3222
