Location: Dedata_21.png_Mean-Medain.png
Component: component_1755511065232_282.png
centerX: 0.9604838709677419
centerY: 0.7033342832715873
width: 0.02903225806451613
height: 0.03334283271587347
Area: 0.00038081798876621407
CentroidX: 0.9743
CentroidY: 0.7250
