Location: Dedata_21.png_Mean-Closing.png
Component: component_1755511065562_310.png
centerX: 0.597983870967742
centerY: 0.774009689370191
width: 0.027419354838709678
height: 0.02963807352522086
Area: 0.00034163303578815763
CentroidX: 0.6113
CentroidY: 0.7920
