Location: Dedata_21.png_Mean-Closing.png
Component: component_1755511065544_236.png
centerX: 0.12137096774193548
centerY: 0.5907666001709889
width: 0.02943548387096774
height: 0.0353377030493018
Area: 0.000438273931549288
CentroidX: 0.1356
CentroidY: 0.6129
