Location: Dedata_21.png_Mean-Medain.png
Component: component_1755511065220_229.png
centerX: 0.530241935483871
centerY: 0.567113137646053
width: 0.02903225806451613
height: 0.0347677400968937
Area: 0.00040334071833717904
CentroidX: 0.5437
CentroidY: 0.5886
