Location: Dedata_21.png_Gaussian-Closing.png
Component: component_1755511065749_252.png
centerX: 0.46733870967741936
centerY: 0.6255343402678826
width: 0.027419354838709678
height: 0.036477628954117984
Area: 0.00039127497035273354
CentroidX: 0.4798
CentroidY: 0.6477
