Location: Dedata_21.png_Otsu.png
Component: component_1755511066251_339.png
centerX: 0.9
centerY: 0.6531775434596752
width: 0.028225806451612902
height: 0.0353377030493018
Area: 0.00034737863006646506
CentroidX: 0.9144
CentroidY: 0.6752
