Location: Dedata_21.png_Mean-Closing.png
Component: component_1755511065523_159.png
centerX: 0.8899193548387097
centerY: 0.37475064120832147
width: 0.03185483870967742
height: 0.03619264747791394
Area: 0.0004511440627326966
CentroidX: 0.9049
CentroidY: 0.3969
