Location: Dedata_18.png_Gaussian-Median.png
Component: component_1755511906411_35.png
centerX: 0.46491935483870966
centerY: 0.06583072100313479
width: 0.024193548387096774
height: 0.042462239954402965
Area: 0.0004106950790134125
CentroidX: 0.4791
CentroidY: 0.0880
