Location: Dedata_18.png_Mean-Closing.png
Component: component_1755511906594_93.png
centerX: 0.47338709677419355
centerY: 0.1792533485323454
width: 0.025
height: 0.038472499287546306
Area: 0.0004245994171669164
CentroidX: 0.4874
CentroidY: 0.1984
