Location: Dedata_18.png_Gaussian-Closing.png
Component: component_1755511906063_206.png
centerX: 0.535483870967742
centerY: 0.4408663436876603
width: 0.02379032258064516
height: 0.03562268452550584
Area: 0.0004376993721214573
CentroidX: 0.5468
CentroidY: 0.4596
