Location: Dedata_18.png_Gaussian-Median.png
Component: component_1755511906422_79.png
centerX: 0.6342741935483871
centerY: 0.17355371900826447
width: 0.02620967741935484
height: 0.03875748076375036
Area: 0.00043091957087305454
CentroidX: 0.6484
CentroidY: 0.1940
