Location: Dedata_18.png_Otsu.png
Component: component_1755511906310_398.png
centerX: 0.2879032258064516
centerY: 0.4987175833570818
width: 0.027822580645161292
height: 0.039042462239954404
Area: 0.00038334605024866933
CentroidX: 0.3041
CentroidY: 0.5163
