Location: Dedata_18.png_Otsu.png
Component: component_1755511906330_469.png
centerX: 0.2411290322580645
centerY: 0.6722713023653463
width: 0.021774193548387097
height: 0.03619264747791394
Area: 0.00030692964634718097
CentroidX: 0.2534
CentroidY: 0.6899
