Location: Dedata_18.png_Otsu.png
Component: component_1755511906335_492.png
centerX: 0.47016129032258064
centerY: 0.7326873753206041
width: 0.021370967741935483
height: 0.034482758620689655
Area: 0.0002949788102483016
CentroidX: 0.4818
CentroidY: 0.7492
