Location: Dedata_18.png_Otsu.png
Component: component_1755511906340_510.png
centerX: 0.9641129032258065
centerY: 0.7774294670846394
width: 0.01975806451612903
height: 0.03590766600170989
Area: 0.00032370678163983857
CentroidX: 0.9740
CentroidY: 0.7951
