Location: Dedata_18.png_Gaussian-Closing.png
Component: component_1755511905983_118.png
centerX: 0.27056451612903226
centerY: 0.23254488458250214
width: 0.021370967741935483
height: 0.0347677400968937
Area: 0.0003432418021860837
CentroidX: 0.2820
CentroidY: 0.2497
