Location: Dedata_18.png_Otsu.png
Component: component_1755511906296_337.png
centerX: 0.8959677419354839
centerY: 0.37275577087489314
width: 0.027016129032258064
height: 0.03419777714448561
Area: 0.0003720846854631868
CentroidX: 0.9110
CentroidY: 0.3897
