Location: Dedata_18.png_Otsu.png
Component: component_1755511906240_7.png
centerX: 0.3479838709677419
centerY: 0.008549444286121402
width: 0.03225806451612903
height: 0.04417212881162724
Area: 0.0001514538651761829
CentroidX: 0.3659
CentroidY: 0.0272
