Location: Dedata_18.png_Gaussian-Closing.png
Component: component_1755511905990_148.png
centerX: 0.8314516129032258
centerY: 0.32630379025363354
width: 0.02217741935483871
height: 0.032487888287261325
Area: 0.0003696715358662977
CentroidX: 0.8435
CentroidY: 0.3431
