Location: Dedata_18.png_Otsu.png
Component: component_1755511906294_315.png
centerX: 0.19112903225806452
centerY: 0.33513821601595895
width: 0.02217741935483871
height: 0.03676261043032203
Area: 0.00028038500078140084
CentroidX: 0.2022
CentroidY: 0.3525
