Location: Dedata_18.png_Otsu.png
Component: component_1755511906320_435.png
centerX: 0.7221774193548387
centerY: 0.603875748076375
width: 0.025
height: 0.039042462239954404
Area: 0.00036139788010553506
CentroidX: 0.7348
CentroidY: 0.6229
