Location: Dedata_18.png_Gaussian-Closing.png
Component: component_1755511906024_196.png
centerX: 0.777016129032258
centerY: 0.43744656597321174
width: 0.025806451612903226
height: 0.03562268452550584
Area: 0.0004340221917833405
CentroidX: 0.7897
CentroidY: 0.4561
