Location: Dedata_18.png_Gaussian-Closing.png
Component: component_1755511906072_221.png
centerX: 0.8
centerY: 0.4915930464519806
width: 0.02258064516129032
height: 0.03619264747791394
Area: 0.00038369078590536776
CentroidX: 0.8105
CentroidY: 0.5102
