Location: Dedata_18.png_Gaussian-Closing.png
Component: component_1755511905963_29.png
centerX: 0.7782258064516129
centerY: 0.062125961812482186
width: 0.025806451612903226
height: 0.037902536335138216
Area: 0.00040736263433199425
CentroidX: 0.7915
CentroidY: 0.0820
