Location: Dedata_18.png_Mean-Closing.png
Component: component_1755511906651_265.png
centerX: 0.6471774193548387
centerY: 0.603590766600171
width: 0.02379032258064516
height: 0.039612425192362494
Area: 0.0004277020380772024
CentroidX: 0.6598
CentroidY: 0.6236
