Location: Dedata_18.png_Otsu.png
Component: component_1755511906250_16.png
centerX: 0.06411290322580646
centerY: 0.010829296095753777
width: 0.02903225806451613
height: 0.03562268452550584
Area: 0.000258781566294965
CentroidX: 0.0803
CentroidY: 0.0263
