Location: Dedata_18.png_Gaussian-Median.png
Component: component_1755511906440_163.png
centerX: 0.4217741935483871
centerY: 0.335423197492163
width: 0.021774193548387097
height: 0.028783129096608722
Area: 0.0003126752406254884
CentroidX: 0.4331
CentroidY: 0.3497
