Location: Dedata_18.png_Otsu.png
Component: component_1755511906336_498.png
centerX: 0.31048387096774194
centerY: 0.7349672271302365
width: 0.020967741935483872
height: 0.034482758620689655
Area: 0.0003146287426801129
CentroidX: 0.3215
CentroidY: 0.7521
