Location: Dedata_18.png_Otsu.png
Component: component_1755511906287_267.png
centerX: 0.6133064516129032
centerY: 0.28127671701339413
width: 0.02338709677419355
height: 0.03562268452550584
Area: 0.00031911030621719266
CentroidX: 0.6261
CentroidY: 0.2984
