Location: Dedata_18.png_Gaussian-Median.png
Component: component_1755511906462_261.png
centerX: 0.19233870967741937
centerY: 0.5579937304075235
width: 0.028629032258064516
height: 0.03362781419207751
Area: 0.00041080999089897864
CentroidX: 0.2073
CentroidY: 0.5745
