Location: Dedata_18.png_Gaussian-Median.png
Component: component_1755511906478_330.png
centerX: 0.27056451612903226
centerY: 0.7341122827016244
width: 0.024193548387096774
height: 0.036477628954117984
Area: 0.0003586399948519475
CentroidX: 0.2838
CentroidY: 0.7523
