Location: Dedata_18.png_Mean-Closing.png
Component: component_1755511906659_298.png
centerX: 0.5919354838709677
centerY: 0.670846394984326
width: 0.022983870967741935
height: 0.03362781419207751
Area: 0.0003749574826023405
CentroidX: 0.6047
CentroidY: 0.6878
