Location: Dedata_18.png_Otsu.png
Component: component_1755511906322_443.png
centerX: 0.19516129032258064
centerY: 0.6121402108862924
width: 0.024596774193548387
height: 0.032487888287261325
Area: 0.0003687522407817685
CentroidX: 0.2075
CentroidY: 0.6293
