Location: Dedata_18.png_Mean-Closing.png
Component: component_1755511906560_28.png
centerX: 0.9391129032258064
centerY: 0.06241094328868624
width: 0.02338709677419355
height: 0.033912795668281565
Area: 0.00039253900109396115
CentroidX: 0.9506
CentroidY: 0.0799
