Location: Dedata_18.png_Gaussian-Median.png
Component: component_1755511906436_142.png
centerX: 0.05766129032258065
centerY: 0.28583642063265885
width: 0.025403225806451612
height: 0.036477628954117984
Area: 0.0003910451465816012
CentroidX: 0.0706
CentroidY: 0.3030
