Location: Dedata_18.png_Gaussian-Median.png
Component: component_1755511906426_91.png
centerX: 0.18669354838709679
centerY: 0.1775434596751211
width: 0.02217741935483871
height: 0.034482758620689655
Area: 0.0003867934068156538
CentroidX: 0.1983
CentroidY: 0.1947
