Location: Dedata_18.png_Gaussian-Median.png
Component: component_1755511906433_126.png
centerX: 0.7270161290322581
centerY: 0.27871188372755773
width: 0.02338709677419355
height: 0.037047591906526074
Area: 0.0003811627244229125
CentroidX: 0.7396
CentroidY: 0.2976
