Location: Dedata_18.png_Gaussian-Median.png
Component: component_1755511906412_37.png
centerX: 0.5604838709677419
centerY: 0.06640068395554288
width: 0.027016129032258064
height: 0.03619264747791394
Area: 0.0004501098557626012
CentroidX: 0.5732
CentroidY: 0.0844
