Location: Dedata_18.png_Otsu.png
Component: component_1755511906283_246.png
centerX: 0.4032258064516129
centerY: 0.2299800512966657
width: 0.02338709677419355
height: 0.038472499287546306
Area: 0.00030175861149670435
CentroidX: 0.4145
CentroidY: 0.2485
