Location: Dedata_18.png_Mean-Closing.png
Component: component_1755511906557_19.png
centerX: 0.8040322580645162
centerY: 0.012539184952978056
width: 0.025806451612903226
height: 0.03505272157309775
Area: 0.00039564162200424717
CentroidX: 0.8175
CentroidY: 0.0311
