Location: Dedata_18.png_Otsu.png
Component: component_1755511906335_494.png
centerX: 0.3911290322580645
centerY: 0.7335423197492164
width: 0.02217741935483871
height: 0.0347677400968937
Area: 0.00033611726528098255
CentroidX: 0.4024
CentroidY: 0.7514
