Location: Dedata_18.png_Mean-Closing.png
Component: component_1755511906589_81.png
centerX: 0.1431451612903226
centerY: 0.17640353377030493
width: 0.02379032258064516
height: 0.03676261043032203
Area: 0.00043792919589258957
CentroidX: 0.1557
CentroidY: 0.1952
