Location: Dedata_18.png_Mean-Closing.png
Component: component_1755511906597_100.png
centerX: 0.7245967741935484
centerY: 0.22656027358221714
width: 0.02379032258064516
height: 0.03590766600170989
Area: 0.00039391794372075495
CentroidX: 0.7378
CentroidY: 0.2452
