Location: Dedata_18.png_Otsu.png
Component: component_1755511906324_449.png
centerX: 0.11048387096774194
centerY: 0.6144200626959248
width: 0.02379032258064516
height: 0.04103733257338273
Area: 0.00041942838231643975
CentroidX: 0.1232
CentroidY: 0.6344
