Location: Dedata_18.png_Otsu.png
Component: component_1755511906301_361.png
centerX: 0.7298387096774194
centerY: 0.4371615844970077
width: 0.02661290322580645
height: 0.037047591906526074
Area: 0.00040828192941652343
CentroidX: 0.7439
CentroidY: 0.4550
