Location: Dedata_18.png_Gaussian-Median.png
Component: component_1755511906421_70.png
centerX: 0.10362903225806451
centerY: 0.13137646053006555
width: 0.02620967741935484
height: 0.029923055001424906
Area: 0.00037932413425385413
CentroidX: 0.1169
CentroidY: 0.1467
