Location: Dedata_18.png_Mean-Closing.png
Component: component_1755511906646_240.png
centerX: 0.7358870967741935
centerY: 0.5445996010259333
width: 0.020967741935483872
height: 0.037047591906526074
Area: 0.0003887469088702783
CentroidX: 0.7470
CentroidY: 0.5630
