Location: Dedata_18.png_Otsu.png
Component: component_1755511906285_259.png
centerX: 0.930241935483871
centerY: 0.2764320319179253
width: 0.025
height: 0.03419777714448561
Area: 0.00037679607277139887
CentroidX: 0.9440
CentroidY: 0.2944
