Location: Dedata_18.png_Gaussian-Median.png
Component: component_1755511906488_373.png
centerX: 0.475
centerY: 0.8449700769449986
width: 0.025403225806451612
height: 0.03761755485893417
Area: 0.0003972503884021732
CentroidX: 0.4897
CentroidY: 0.8639
