Location: Dedata_18.png_Gaussian-Median.png
Component: component_1755511906402_3.png
centerX: 0.5919354838709677
centerY: 0.006554573952693075
width: 0.03064516129032258
height: 0.04474209176403534
Area: 0.00040770736998869267
CentroidX: 0.6077
CentroidY: 0.0297
