Location: Dedata_18.png_Mean-Closing.png
Component: component_1755511906618_150.png
centerX: 0.5689516129032258
centerY: 0.33143345682530634
width: 0.02379032258064516
height: 0.03163294385864919
Area: 0.0004214967962566304
CentroidX: 0.5806
CentroidY: 0.3477
