Location: Dedata_18.png_Gaussian-Median.png
Component: component_1755511906483_351.png
centerX: 0.5713709677419355
centerY: 0.786833855799373
width: 0.024193548387096774
height: 0.037902536335138216
Area: 0.0003931135605217919
CentroidX: 0.5848
CentroidY: 0.8051
