Location: Dedata_18.png_Otsu.png
Component: component_1755511906346_528.png
centerX: 0.12016129032258065
centerY: 0.7939583927044742
width: 0.025
height: 0.0353377030493018
Area: 0.00031911030621719266
CentroidX: 0.1344
CentroidY: 0.8108
