Location: Dedata_18.png_Mean-Closing.png
Component: component_1755511906655_284.png
centerX: 0.9189516129032258
centerY: 0.6620119692220006
width: 0.025806451612903226
height: 0.037902536335138216
Area: 0.00043482657498230355
CentroidX: 0.9344
CentroidY: 0.6800
