Location: Dedata_18.png_Otsu.png
Component: component_1755511906255_70.png
centerX: 0.8612903225806452
centerY: 0.06184098033627814
width: 0.020161290322580645
height: 0.03362781419207751
Area: 0.0003523198411458094
CentroidX: 0.8718
CentroidY: 0.0795
