Location: Dedata_18.png_Gaussian-Closing.png
Component: component_1755511905986_133.png
centerX: 0.28830645161290325
centerY: 0.2827016243944144
width: 0.027822580645161292
height: 0.04274722143060701
Area: 0.00038920655641254284
CentroidX: 0.3035
CentroidY: 0.3038
