Location: Dedata_18.png_Otsu.png
Component: component_1755511906247_9.png
centerX: 0.11290322580645161
centerY: 0.009974351667141636
width: 0.02661290322580645
height: 0.037047591906526074
Area: 0.0002133913714963366
CentroidX: 0.1260
CentroidY: 0.0280
