Location: Dedata_18.png_Otsu.png
Component: component_1755511906271_205.png
centerX: 0.23588709677419356
centerY: 0.1305215161014534
width: 0.024596774193548387
height: 0.036477628954117984
Area: 0.00037886448671158957
CentroidX: 0.2477
CentroidY: 0.1491
