Location: Dedata_18.png_Otsu.png
Component: component_1755511906334_487.png
centerX: 0.6919354838709677
centerY: 0.7272727272727273
width: 0.025403225806451612
height: 0.03505272157309775
Area: 0.0003276137857490876
CentroidX: 0.7064
CentroidY: 0.7448
