Location: Dedata_18.png_Mean-Closing.png
Component: component_1755511906579_53.png
centerX: 0.8383064516129032
centerY: 0.12225705329153605
width: 0.03064516129032258
height: 0.04103733257338273
Area: 0.0005021649399240662
CentroidX: 0.8534
CentroidY: 0.1422
