Location: Dedata_18.png_Mean-Closing.png
Component: component_1755511906670_357.png
centerX: 0.7495967741935484
centerY: 0.8372755770874893
width: 0.022983870967741935
height: 0.03676261043032203
Area: 0.00040403018965057594
CentroidX: 0.7613
CentroidY: 0.8559
