Location: Samociqulo_1709_page_10.png_Gaussian-Median.png
Component: component_1755610056285_3011.png
centerX: 0.21719901719901719
centerY: 0.7484375
width: 0.01818181818181818
height: 0.015625
Area: 0.0001550982800982801
CentroidX: 0.2263
CentroidY: 0.7554
