Location: Dedata_18.png_Mean-Closing.png
Component: component_1755511906610_128.png
centerX: 0.45120967741935486
centerY: 0.2818466799658022
width: 0.027419354838709678
height: 0.03220290681105728
Area: 0.0003993188023423639
CentroidX: 0.4669
CentroidY: 0.2996
