Location: Dedata_18.png_Gaussian-Closing.png
Component: component_1755511906161_349.png
centerX: 0.3217741935483871
centerY: 0.7885437446565973
width: 0.02217741935483871
height: 0.0353377030493018
Area: 0.000350481250976751
CentroidX: 0.3335
CentroidY: 0.8062
