Location: Dedata_18.png_Otsu.png
Component: component_1755511906305_378.png
centerX: 0.1870967741935484
centerY: 0.4445711028783129
width: 0.027822580645161292
height: 0.03334283271587347
Area: 0.00040334071833717904
CentroidX: 0.2019
CentroidY: 0.4603
