Location: Dedata_18.png_Mean-Closing.png
Component: component_1755511906644_231.png
centerX: 0.11169354838709677
centerY: 0.500142490738102
width: 0.029838709677419355
height: 0.039042462239954404
Area: 0.0004995219665560448
CentroidX: 0.1262
CentroidY: 0.5202
