Location: Dedata_18.png_Gaussian-Closing.png
Component: component_1755511906078_226.png
centerX: 0.635483870967742
centerY: 0.493587916785409
width: 0.028629032258064516
height: 0.03590766600170989
Area: 0.0004206924130576674
CentroidX: 0.6502
CentroidY: 0.5105
