Location: Dedata_18.png_Gaussian-Closing.png
Component: component_1755511906064_208.png
centerX: 0.6169354838709677
centerY: 0.44115132516386435
width: 0.025806451612903226
height: 0.031917925334853235
Area: 0.0004016170400536868
CentroidX: 0.6295
CentroidY: 0.4580
