Location: Kurtxevani_1794_page_10.png_Mean-Medain.png
Component: component_1755610055117_2709.png
centerX: 0.7592051431911163
centerY: 0.8572058175407669
width: 0.02162478082992402
height: 0.02379903040987219
Area: 0.00025036969455154845
CentroidX: 0.7702
CentroidY: 0.8688
