Location: Dedata_18.png_Gaussian-Median.png
Component: component_1755511906456_234.png
centerX: 0.1592741935483871
centerY: 0.4990025648332858
width: 0.03185483870967742
height: 0.038472499287546306
Area: 0.0004822851837211226
CentroidX: 0.1748
CentroidY: 0.5181
