Location: Dedata_18.png_Otsu.png
Component: component_1755511906345_524.png
centerX: 0.24314516129032257
centerY: 0.7916785408948418
width: 0.025806451612903226
height: 0.03505272157309775
Area: 0.00030003493321321213
CentroidX: 0.2574
CentroidY: 0.8087
