Location: Dedata_18.png_Mean-Closing.png
Component: component_1755511906627_184.png
centerX: 0.18588709677419354
centerY: 0.3895696779709319
width: 0.028629032258064516
height: 0.03562268452550584
Area: 0.00047918256281083665
CentroidX: 0.2014
CentroidY: 0.4076
