Location: Dedata_18.png_Gaussian-Median.png
Component: component_1755511906427_96.png
centerX: 0.47338709677419355
centerY: 0.17896836705614136
width: 0.025
height: 0.03875748076375036
Area: 0.0004156362900927569
CentroidX: 0.4873
CentroidY: 0.1986
