Location: Dedata_18.png_Otsu.png
Component: component_1755511906306_382.png
centerX: 0.05725806451612903
centerY: 0.4479908805927615
width: 0.025
height: 0.03334283271587347
Area: 0.00039230917732282887
CentroidX: 0.0698
CentroidY: 0.4645
