Location: Dedata_18.png_Otsu.png
Component: component_1755511906319_430.png
centerX: 0.7625
centerY: 0.6021658592191508
width: 0.02620967741935484
height: 0.038472499287546306
Area: 0.00038001360556725103
CentroidX: 0.7767
CentroidY: 0.6217
