Location: Dedata_18.png_Mean-Closing.png
Component: component_1755511906666_336.png
centerX: 0.9193548387096774
centerY: 0.7771444856084354
width: 0.02217741935483871
height: 0.03362781419207751
Area: 0.0003604785850210059
CentroidX: 0.9315
CentroidY: 0.7945
