Location: Dedata_18.png_Gaussian-Closing.png
Component: component_1755511905991_153.png
centerX: 0.6838709677419355
centerY: 0.33000854944428615
width: 0.021370967741935483
height: 0.03505272157309775
Area: 0.0003908153228104689
CentroidX: 0.6950
CentroidY: 0.3478
