Location: Dedata_18.png_Gaussian-Closing.png
Component: component_1755511905973_75.png
centerX: 0.6766129032258065
centerY: 0.17269877457965233
width: 0.02258064516129032
height: 0.039897406668566546
Area: 0.0004252888884803133
CentroidX: 0.6891
CentroidY: 0.1934
