Location: Dedata_18.png_Mean-Closing.png
Component: component_1755511906638_219.png
centerX: 0.760483870967742
centerY: 0.49301795383300084
width: 0.02217741935483871
height: 0.03277286976346538
Area: 0.00040506439662067127
CentroidX: 0.7716
CentroidY: 0.5102
