Location: Dedata_18.png_Gaussian-Median.png
Component: component_1755511906415_46.png
centerX: 0.1596774193548387
centerY: 0.07210031347962383
width: 0.025806451612903226
height: 0.039612425192362494
Area: 0.00041218893352577244
CentroidX: 0.1735
CentroidY: 0.0919
