Location: Dedata_18.png_Gaussian-Median.png
Component: component_1755511906416_50.png
centerX: 0.9298387096774193
centerY: 0.1134226275292106
width: 0.027016129032258064
height: 0.039612425192362494
Area: 0.00043551604629570045
CentroidX: 0.9442
CentroidY: 0.1337
