Location: Dedata_18.png_Otsu.png
Component: component_1755511906318_426.png
centerX: 0.19274193548387097
centerY: 0.5585636933599316
width: 0.027419354838709678
height: 0.03277286976346538
Area: 0.00036518997232921793
CentroidX: 0.2073
CentroidY: 0.5746
