Location: Dedata_18.png_Mean-Closing.png
Component: component_1755511906550_3.png
centerX: 0.5919354838709677
centerY: 0.006554573952693075
width: 0.031048387096774193
height: 0.04474209176403534
Area: 0.00041724505649068296
CentroidX: 0.6078
CentroidY: 0.0294
