Location: Dedata_18.png_Otsu.png
Component: component_1755511906302_366.png
centerX: 0.4032258064516129
centerY: 0.4397264177828441
width: 0.02903225806451613
height: 0.03619264747791394
Area: 0.0004081670175309573
CentroidX: 0.4187
CentroidY: 0.4572
