Location: Dedata_18.png_Otsu.png
Component: component_1755511906351_550.png
centerX: 0.14879032258064517
centerY: 0.8503847249928754
width: 0.022983870967741935
height: 0.03505272157309775
Area: 0.00033876023864900395
CentroidX: 0.1615
CentroidY: 0.8676
