Location: Dedata_18.png_Otsu.png
Component: component_1755511906295_320.png
centerX: 0.0967741935483871
centerY: 0.33713308634938727
width: 0.028225806451612902
height: 0.03419777714448561
Area: 0.00029440425082047085
CentroidX: 0.1113
CentroidY: 0.3532
