Location: Samociqulo_1709_page_10.png_Gaussian-Median.png
Component: component_1755610056320_3590.png
centerX: 0.21621621621621623
centerY: 0.8846875
width: 0.018673218673218674
height: 0.01375
Area: 0.00011486486486486487
CentroidX: 0.2266
CentroidY: 0.8904
