Location: Dedata_18.png_Otsu.png
Component: component_1755511906239_5.png
centerX: 0.4350806451612903
centerY: 0.007979481333713309
width: 0.02943548387096774
height: 0.03761755485893417
Area: 0.00031083665045643003
CentroidX: 0.4501
CentroidY: 0.0267
