Location: Dedata_18.png_Mean-Closing.png
Component: component_1755511906660_306.png
centerX: 0.07137096774193548
centerY: 0.6739811912225705
width: 0.02338709677419355
height: 0.03875748076375036
Area: 0.0004252888884803133
CentroidX: 0.0838
CentroidY: 0.6926
