Location: Dedata_18.png_Otsu.png
Component: component_1755511906291_302.png
centerX: 0.9508064516129032
centerY: 0.3237389569677971
width: 0.02217741935483871
height: 0.03134796238244514
Area: 0.00031508839022237746
CentroidX: 0.9629
CentroidY: 0.3403
