Location: Dedata_18.png_Gaussian-Closing.png
Component: component_1755511906121_261.png
centerX: 0.06532258064516129
centerY: 0.5599886007409518
width: 0.021774193548387097
height: 0.036477628954117984
Area: 0.0003809329006517802
CentroidX: 0.0773
CentroidY: 0.5785
