Location: Dedata_18.png_Gaussian-Closing.png
Component: component_1755511906107_234.png
centerX: 0.11169354838709677
centerY: 0.500142490738102
width: 0.02943548387096774
height: 0.03875748076375036
Area: 0.0004766545013283814
CentroidX: 0.1261
CentroidY: 0.5202
