Location: Dedata_18.png_Otsu.png
Component: component_1755511906292_306.png
centerX: 0.7181451612903226
centerY: 0.32801367911085777
width: 0.02379032258064516
height: 0.03220290681105728
Area: 0.0003484128370365604
CentroidX: 0.7315
CentroidY: 0.3446
