Location: Dedata_18.png_Mean-Closing.png
Component: component_1755511906672_369.png
centerX: 0.5556451612903226
centerY: 0.8469649472784269
width: 0.022983870967741935
height: 0.037047591906526074
Area: 0.00040115739251142226
CentroidX: 0.5681
CentroidY: 0.8656
