Location: Dedata_18.png_Otsu.png
Component: component_1755511906268_192.png
centerX: 0.5943548387096774
centerY: 0.12282701624394414
width: 0.024193548387096774
height: 0.03875748076375036
Area: 0.00039161970600943197
CentroidX: 0.6077
CentroidY: 0.1428
