Location: Dedata_18.png_Otsu.png
Component: component_1755511906306_381.png
centerX: 0.018548387096774192
centerY: 0.4479908805927615
width: 0.022983870967741935
height: 0.03334283271587347
Area: 0.00039127497035273354
CentroidX: 0.0301
CentroidY: 0.4651
