Location: Dedata_18.png_Mean-Closing.png
Component: component_1755511906587_77.png
centerX: 0.8282258064516129
centerY: 0.17412368196067254
width: 0.025403225806451612
height: 0.03676261043032203
Area: 0.0004231055626545565
CentroidX: 0.8412
CentroidY: 0.1923
