Location: Dedata_18.png_Otsu.png
Component: component_1755511906326_457.png
centerX: 0.555241935483871
centerY: 0.6668566543174693
width: 0.02258064516129032
height: 0.03619264747791394
Area: 0.00034002426939023155
CentroidX: 0.5682
CentroidY: 0.6849
