Location: Dedata_18.png_Gaussian-Median.png
Component: component_1755511906457_240.png
centerX: 0.06491935483870968
centerY: 0.5024223425477344
width: 0.025
height: 0.040467369620974636
Area: 0.0004957298743323619
CentroidX: 0.0785
CentroidY: 0.5225
