Location: Dedata_18.png_Mean-Closing.png
Component: component_1755511906670_356.png
centerX: 0.07620967741935483
centerY: 0.7945283556568823
width: 0.027016129032258064
height: 0.0353377030493018
Area: 0.0003972503884021732
CentroidX: 0.0915
CentroidY: 0.8112
