Location: Dedata_18.png_Mean-Closing.png
Component: component_1755511906610_127.png
centerX: 0.6129032258064516
centerY: 0.2809917355371901
width: 0.024193548387096774
height: 0.036477628954117984
Area: 0.0004019617757103853
CentroidX: 0.6261
CentroidY: 0.2991
