Location: Dedata_18.png_Mean-Closing.png
Component: component_1755511906662_316.png
centerX: 0.5810483870967742
centerY: 0.7275577087489313
width: 0.025806451612903226
height: 0.03875748076375036
Area: 0.00039127497035273354
CentroidX: 0.5974
CentroidY: 0.7462
