Location: Dedata_18.png_Otsu.png
Component: component_1755511906290_280.png
centerX: 0.05806451612903226
centerY: 0.28612140210886294
width: 0.024193548387096774
height: 0.03562268452550584
Area: 0.00031347962382445143
CentroidX: 0.0701
CentroidY: 0.3026
