Location: Dedata_18.png_Otsu.png
Component: component_1755511906314_412.png
centerX: 0.6963709677419355
centerY: 0.5460245084069536
width: 0.020967741935483872
height: 0.03305785123966942
Area: 0.0003202594250728541
CentroidX: 0.7075
CentroidY: 0.5626
