Location: Dedata_18.png_Gaussian-Median.png
Component: component_1755511906452_217.png
centerX: 0.05685483870967742
centerY: 0.44770589911655745
width: 0.025806451612903226
height: 0.033912795668281565
Area: 0.00043091957087305454
CentroidX: 0.0697
CentroidY: 0.4646
