Location: Dedata_18.png_Mean-Closing.png
Component: component_1755511906580_56.png
centerX: 0.018145161290322582
centerY: 0.12425192362496437
width: 0.02217741935483871
height: 0.03619264747791394
Area: 0.0004437897020564631
CentroidX: 0.0298
CentroidY: 0.1432
