Location: Dedata_18.png_Gaussian-Closing.png
Component: component_1755511906147_309.png
centerX: 0.07137096774193548
centerY: 0.6739811912225705
width: 0.022983870967741935
height: 0.03875748076375036
Area: 0.0003952968863475487
CentroidX: 0.0836
CentroidY: 0.6925
