Location: Dedata_18.png_Gaussian-Closing.png
Component: component_1755511906152_322.png
centerX: 0.5451612903225806
centerY: 0.7298375605585637
width: 0.02217741935483871
height: 0.03590766600170989
Area: 0.0003687522407817685
CentroidX: 0.5574
CentroidY: 0.7478
