Location: Dedata_18.png_Gaussian-Median.png
Component: component_1755511906432_119.png
centerX: 0.27056451612903226
centerY: 0.2322599031062981
width: 0.021370967741935483
height: 0.03505272157309775
Area: 0.00034301197841495143
CentroidX: 0.2820
CentroidY: 0.2497
