Location: Dedata_18.png_Mean-Closing.png
Component: component_1755511906629_189.png
centerX: 0.8995967741935483
centerY: 0.43459675121117125
width: 0.025806451612903226
height: 0.04132231404958678
Area: 0.0004759650300149845
CentroidX: 0.9119
CentroidY: 0.4542
