Location: Dedata_18.png_Otsu.png
Component: component_1755511906276_223.png
centerX: 0.2745967741935484
centerY: 0.17668851524650897
width: 0.022983870967741935
height: 0.03875748076375036
Area: 0.00036036367313543974
CentroidX: 0.2881
CentroidY: 0.1966
