Location: Dedata_18.png_Mean-Closing.png
Component: component_1755511906654_278.png
centerX: 0.06491935483870968
centerY: 0.6141350812197207
width: 0.02661290322580645
height: 0.04103733257338273
Area: 0.0004961895218746265
CentroidX: 0.0798
CentroidY: 0.6344
