Location: Dedata_18.png_Gaussian-Median.png
Component: component_1755511906461_260.png
centerX: 0.10201612903225807
centerY: 0.5582787118837276
width: 0.027016129032258064
height: 0.038472499287546306
Area: 0.00042862133316173156
CentroidX: 0.1173
CentroidY: 0.5769
