Location: Dedata_18.png_Gaussian-Closing.png
Component: component_1755511905980_103.png
centerX: 0.6479838709677419
centerY: 0.22741521801082928
width: 0.02379032258064516
height: 0.03733257338273012
Area: 0.0003857591998455584
CentroidX: 0.6606
CentroidY: 0.2456
