Location: Dedata_18.png_Otsu.png
Component: component_1755511906250_15.png
centerX: 0.20766129032258066
centerY: 0.010259333143345683
width: 0.02620967741935484
height: 0.03619264747791394
Area: 0.00023039833056012648
CentroidX: 0.2219
CentroidY: 0.0289
