Location: Dedata_18.png_Mean-Closing.png
Component: component_1755511906656_287.png
centerX: 0.5548387096774193
centerY: 0.6665716728412653
width: 0.022983870967741935
height: 0.037047591906526074
Area: 0.00040000827365576074
CentroidX: 0.5682
CentroidY: 0.6849
