Location: Dedata_18.png_Gaussian-Median.png
Component: component_1755511906438_153.png
centerX: 0.6483870967741936
centerY: 0.329438586491878
width: 0.02338709677419355
height: 0.030208036477628954
Area: 0.00035461807885713237
CentroidX: 0.6609
CentroidY: 0.3450
