Location: Dedata_18.png_Mean-Closing.png
Component: component_1755511906637_215.png
centerX: 0.677016129032258
centerY: 0.4915930464519806
width: 0.02338709677419355
height: 0.037902536335138216
Area: 0.00042735730242050396
CentroidX: 0.6892
CentroidY: 0.5106
