Location: Dedata_18.png_Gaussian-Median.png
Component: component_1755511906486_363.png
centerX: 0.07620967741935483
centerY: 0.7945283556568823
width: 0.027016129032258064
height: 0.03562268452550584
Area: 0.0003805881649950818
CentroidX: 0.0914
CentroidY: 0.8113
