Location: Dedata_18.png_Otsu.png
Component: component_1755511906323_444.png
centerX: 0.2810483870967742
centerY: 0.6127101738387005
width: 0.021774193548387097
height: 0.03590766600170989
Area: 0.00034163303578815763
CentroidX: 0.2933
CentroidY: 0.6301
