Location: Dedata_18.png_Gaussian-Closing.png
Component: component_1755511906135_287.png
centerX: 0.9189516129032258
centerY: 0.6620119692220006
width: 0.025806451612903226
height: 0.037902536335138216
Area: 0.0004189687347741752
CentroidX: 0.9345
CentroidY: 0.6800
