Location: Dedata_18.png_Gaussian-Median.png
Component: component_1755511906477_324.png
centerX: 0.625
centerY: 0.7281276717013394
width: 0.021774193548387097
height: 0.037047591906526074
Area: 0.0003703610071796946
CentroidX: 0.6360
CentroidY: 0.7475
