Location: Dedata_18.png_Gaussian-Closing.png
Component: component_1755511905982_114.png
centerX: 0.13991935483870968
centerY: 0.23055001424907381
width: 0.02217741935483871
height: 0.03590766600170989
Area: 0.0003638110297024242
CentroidX: 0.1514
CentroidY: 0.2484
