Location: Dedata_18.png_Gaussian-Median.png
Component: component_1755511906432_122.png
centerX: 0.8459677419354839
centerY: 0.2761470504417213
width: 0.024596774193548387
height: 0.03875748076375036
Area: 0.0003818521957363094
CentroidX: 0.8582
CentroidY: 0.2965
