Location: Dedata_18.png_Mean-Closing.png
Component: component_1755511906667_340.png
centerX: 0.6931451612903226
centerY: 0.7822741521801083
width: 0.01975806451612903
height: 0.03733257338273012
Area: 0.00036852241701063623
CentroidX: 0.7034
CentroidY: 0.8001
