Location: Dedata_18.png_Mean-Closing.png
Component: component_1755511906553_13.png
centerX: 0.01532258064516129
centerY: 0.009974351667141636
width: 0.028225806451612902
height: 0.037047591906526074
Area: 0.0004711387308212063
CentroidX: 0.0311
CentroidY: 0.0284
