Location: Dedata_18.png_Gaussian-Median.png
Component: component_1755511906480_338.png
centerX: 0.10887096774193548
centerY: 0.737532060416073
width: 0.02379032258064516
height: 0.039042462239954404
Area: 0.00039299864863622577
CentroidX: 0.1227
CentroidY: 0.7563
