Location: Dedata_18.png_Gaussian-Median.png
Component: component_1755511906484_357.png
centerX: 0.2028225806451613
centerY: 0.7911085779424337
width: 0.02620967741935484
height: 0.03932744371615845
Area: 0.00039184952978056425
CentroidX: 0.2172
CentroidY: 0.8111
