Location: Dedata_18.png_Gaussian-Median.png
Component: component_1755511906435_135.png
centerX: 0.19798387096774195
centerY: 0.2841265317754346
width: 0.022983870967741935
height: 0.03932744371615845
Area: 0.0004166704970628522
CentroidX: 0.2110
CentroidY: 0.3040
