Location: Dedata_18.png_Mean-Closing.png
Component: component_1755511906561_29.png
centerX: 0.7008064516129032
centerY: 0.06269592476489028
width: 0.02379032258064516
height: 0.03419777714448561
Area: 0.0004003530093124592
CentroidX: 0.7118
CentroidY: 0.0801
