Location: Dedata_18.png_Mean-Closing.png
Component: component_1755511906621_165.png
centerX: 0.9403225806451613
centerY: 0.37104588201766886
width: 0.02620967741935484
height: 0.03676261043032203
Area: 0.00044631776353891835
CentroidX: 0.9533
CentroidY: 0.3895
