Location: Paraklitoni_1720_page_10.png_Mean-Medain.png
Component: component_1755610055323_1190.png
centerX: 0.36509146341463417
centerY: 0.42907268170426066
width: 0.012195121951219513
height: 0.010025062656641603
Area: 4.7374533895714894e-05
CentroidX: 0.3717
CentroidY: 0.4349
