Location: Kurtxevani_1794_page_10.png_Mean-Medain.png
Component: component_1755610055035_1932.png
centerX: 0.1776738749269433
centerY: 0.5940943146760688
width: 0.01928696668614845
height: 0.022917584839136182
Area: 0.0002040049363012617
CentroidX: 0.1874
CentroidY: 0.6051
