Location: Dedata_18.png_Gaussian-Median.png
Component: component_1755511906464_277.png
centerX: 0.48104838709677417
centerY: 0.60986035907666
width: 0.02338709677419355
height: 0.036477628954117984
Area: 0.00041322314049586776
CentroidX: 0.4927
CentroidY: 0.6284
