Location: Dedata_18.png_Gaussian-Median.png
Component: component_1755511906430_110.png
centerX: 0.5254032258064516
centerY: 0.22912510686805357
width: 0.02379032258064516
height: 0.037047591906526074
Area: 0.0003782899272837588
CentroidX: 0.5387
CentroidY: 0.2479
