Location: Dedata_18.png_Gaussian-Median.png
Component: component_1755511906457_239.png
centerX: 0.24879032258064515
centerY: 0.5007124536905101
width: 0.02217741935483871
height: 0.03818751781134226
Area: 0.0004034556302227452
CentroidX: 0.2608
CentroidY: 0.5189
