Location: Dedata_18.png_Gaussian-Closing.png
Component: component_1755511906073_223.png
centerX: 0.7600806451612904
centerY: 0.4927329723567968
width: 0.02258064516129032
height: 0.03305785123966942
Area: 0.00039253900109396115
CentroidX: 0.7716
CentroidY: 0.5101
