Location: Dedata_18.png_Gaussian-Median.png
Component: component_1755511906448_194.png
centerX: 0.05524193548387097
centerY: 0.3944143630664007
width: 0.025
height: 0.031917925334853235
Area: 0.0003910451465816012
CentroidX: 0.0679
CentroidY: 0.4113
