Location: Dedata_18.png_Gaussian-Closing.png
Component: component_1755511905973_73.png
centerX: 0.9112903225806451
centerY: 0.17155884867483615
width: 0.025403225806451612
height: 0.03932744371615845
Area: 0.00038989602772593974
CentroidX: 0.9257
CentroidY: 0.1915
