Location: Dedata_18.png_Otsu.png
Component: component_1755511906300_354.png
centerX: 0.2995967741935484
centerY: 0.3887147335423197
width: 0.020967741935483872
height: 0.038472499287546306
Area: 0.0003871381424723522
CentroidX: 0.3102
CentroidY: 0.4074
