Location: Dedata_18.png_Gaussian-Median.png
Component: component_1755511906460_255.png
centerX: 0.31411290322580643
centerY: 0.5559988600740952
width: 0.025403225806451612
height: 0.037047591906526074
Area: 0.00044562829222552145
CentroidX: 0.3270
CentroidY: 0.5750
