Location: Dedata_18.png_Otsu.png
Component: component_1755511906341_514.png
centerX: 0.6528225806451613
centerY: 0.7831290966087204
width: 0.02056451612903226
height: 0.03818751781134226
Area: 0.00032129363204294945
CentroidX: 0.6627
CentroidY: 0.8019
