Location: Dedata_18.png_Mean-Closing.png
Component: component_1755511906608_120.png
centerX: 0.8060483870967742
centerY: 0.27785693929894556
width: 0.02258064516129032
height: 0.03676261043032203
Area: 0.00036691365061271015
CentroidX: 0.8176
CentroidY: 0.2958
