Location: Dedata_18.png_Otsu.png
Component: component_1755511906279_228.png
centerX: 0.31733870967741934
centerY: 0.17782844115132515
width: 0.02379032258064516
height: 0.03761755485893417
Area: 0.0003818521957363094
CentroidX: 0.3300
CentroidY: 0.1969
