Location: Dedata_18.png_Gaussian-Closing.png
Component: component_1755511906149_312.png
centerX: 0.9294354838709677
centerY: 0.7184383015104018
width: 0.02258064516129032
height: 0.0353377030493018
Area: 0.00035197510548911097
CentroidX: 0.9420
CentroidY: 0.7354
