Location: Dedata_18.png_Mean-Closing.png
Component: component_1755511906620_158.png
centerX: 0.38266129032258067
centerY: 0.3359931604445711
width: 0.022983870967741935
height: 0.03334283271587347
Area: 0.000337266384136644
CentroidX: 0.3947
CentroidY: 0.3531
