Location: Dedata_18.png_Otsu.png
Component: component_1755511906323_446.png
centerX: 0.1504032258064516
centerY: 0.6138500997435167
width: 0.02620967741935484
height: 0.03362781419207751
Area: 0.0003765662490002666
CentroidX: 0.1647
CentroidY: 0.6302
