Location: Dedata_18.png_Mean-Closing.png
Component: component_1755511906607_118.png
centerX: 0.8459677419354839
centerY: 0.2761470504417213
width: 0.024596774193548387
height: 0.03875748076375036
Area: 0.00039276882486509343
CentroidX: 0.8583
CentroidY: 0.2962
