Location: Dedata_18.png_Otsu.png
Component: component_1755511906271_203.png
centerX: 0.36935483870967745
centerY: 0.12938159019663723
width: 0.028629032258064516
height: 0.03761755485893417
Area: 0.00043884849097711875
CentroidX: 0.3839
CentroidY: 0.1481
