Location: Dedata_18.png_Gaussian-Median.png
Component: component_1755511906445_185.png
centerX: 0.3790322580645161
centerY: 0.3847249928754631
width: 0.025403225806451612
height: 0.032487888287261325
Area: 0.00042345029831125495
CentroidX: 0.3931
CentroidY: 0.4014
