Location: Dedata_18.png_Gaussian-Closing.png
Component: component_1755511905997_172.png
centerX: 0.8153225806451613
centerY: 0.37646053006554575
width: 0.025403225806451612
height: 0.03733257338273012
Area: 0.00043528622252456817
CentroidX: 0.8287
CentroidY: 0.3942
