Location: Dedata_18.png_Gaussian-Closing.png
Component: component_1755511906150_316.png
centerX: 0.8149193548387097
centerY: 0.7227130236534626
width: 0.021774193548387097
height: 0.03562268452550584
Area: 0.00038541446418886
CentroidX: 0.8270
CentroidY: 0.7402
