Location: Dedata_18.png_Otsu.png
Component: component_1755511906302_365.png
centerX: 0.8524193548387097
centerY: 0.43830151040182386
width: 0.03024193548387097
height: 0.03419777714448561
Area: 0.0004179345278040798
CentroidX: 0.8681
CentroidY: 0.4551
