Location: Dedata_18.png_Gaussian-Closing.png
Component: component_1755511905973_78.png
centerX: 0.6346774193548387
centerY: 0.17355371900826447
width: 0.025806451612903226
height: 0.03875748076375036
Area: 0.00043023009955965764
CentroidX: 0.6484
CentroidY: 0.1939
