Location: Dedata_18.png_Mean-Closing.png
Component: component_1755511906565_34.png
centerX: 0.46491935483870966
centerY: 0.06583072100313479
width: 0.024193548387096774
height: 0.042462239954402965
Area: 0.0004310344827586207
CentroidX: 0.4790
CentroidY: 0.0878
