Location: Dedata_18.png_Otsu.png
Component: component_1755511906281_237.png
centerX: 0.6879032258064516
centerY: 0.2262752921060131
width: 0.024193548387096774
height: 0.03818751781134226
Area: 0.00035128563417571407
CentroidX: 0.6996
CentroidY: 0.2443
