Location: Dedata_18.png_Gaussian-Median.png
Component: component_1755511906475_317.png
centerX: 0.769758064516129
centerY: 0.7215730977486463
width: 0.025806451612903226
height: 0.039042462239954404
Area: 0.0003708206547219592
CentroidX: 0.7851
CentroidY: 0.7401
