Location: Dedata_18.png_Otsu.png
Component: component_1755511906301_358.png
centerX: 0.011693548387096775
centerY: 0.3944143630664007
width: 0.02379032258064516
height: 0.03163294385864919
Area: 0.00033646200093768097
CentroidX: 0.0236
CentroidY: 0.4110
