Location: Dedata_18.png_Otsu.png
Component: component_1755511906280_234.png
centerX: 0.8080645161290323
centerY: 0.2231404958677686
width: 0.02620967741935484
height: 0.03932744371615845
Area: 0.00031026209102859927
CentroidX: 0.8208
CentroidY: 0.2425
