Location: Dedata_18.png_Mean-Closing.png
Component: component_1755511906590_86.png
centerX: 0.4334677419354839
centerY: 0.17668851524650897
width: 0.027822580645161292
height: 0.04160729552579082
Area: 0.00045918789472232694
CentroidX: 0.4468
CentroidY: 0.1964
