Location: Dedata_18.png_Otsu.png
Component: component_1755511906281_240.png
centerX: 0.48346774193548386
centerY: 0.22884012539184953
width: 0.02217741935483871
height: 0.03562268452550584
Area: 0.00031290506439662067
CentroidX: 0.4955
CentroidY: 0.2472
