Location: Dedata_18.png_Gaussian-Closing.png
Component: component_1755511906146_307.png
centerX: 0.3161290322580645
centerY: 0.6731262467939584
width: 0.02258064516129032
height: 0.034482758620689655
Area: 0.00038070307688064793
CentroidX: 0.3287
CentroidY: 0.6906
