Location: Dedata_18.png_Otsu.png
Component: component_1755511906289_276.png
centerX: 0.14637096774193548
centerY: 0.28498147620404674
width: 0.027016129032258064
height: 0.037902536335138216
Area: 0.00035438825508600003
CentroidX: 0.1607
CentroidY: 0.3038
