Location: Dedata_18.png_Gaussian-Closing.png
Component: component_1755511905984_124.png
centerX: 0.7677419354838709
centerY: 0.27842690225135364
width: 0.02661290322580645
height: 0.03676261043032203
Area: 0.0003688671526673347
CentroidX: 0.7803
CentroidY: 0.2964
