Location: Dedata_18.png_Otsu.png
Component: component_1755511906343_519.png
centerX: 0.32217741935483873
centerY: 0.7888287261328014
width: 0.021370967741935483
height: 0.034482758620689655
Area: 0.0002969323123029261
CentroidX: 0.3334
CentroidY: 0.8059
