Location: Dedata_18.png_Mean-Closing.png
Component: component_1755511906657_294.png
centerX: 0.3975806451612903
centerY: 0.6697064690795098
width: 0.024193548387096774
height: 0.039042462239954404
Area: 0.0004533273885584534
CentroidX: 0.4112
CentroidY: 0.6894
