Location: Dedata_18.png_Otsu.png
Component: component_1755511906351_549.png
centerX: 0.26370967741935486
centerY: 0.8492447990880593
width: 0.02217741935483871
height: 0.03733257338273012
Area: 0.00032945237591814594
CentroidX: 0.2767
CentroidY: 0.8676
