Location: Dedata_18.png_Otsu.png
Component: component_1755511906297_342.png
centerX: 0.6983870967741935
centerY: 0.38073525220860643
width: 0.02258064516129032
height: 0.03562268452550584
Area: 0.0003969056527454748
CentroidX: 0.7101
CentroidY: 0.3985
