Location: Dedata_18.png_Mean-Closing.png
Component: component_1755511906675_379.png
centerX: 0.06612903225806452
centerY: 0.8509546879452835
width: 0.02338709677419355
height: 0.03676261043032203
Area: 0.0004041451015361421
CentroidX: 0.0795
CentroidY: 0.8683
