Location: Dedata_18.png_Gaussian-Closing.png
Component: component_1755511906162_351.png
centerX: 0.4504032258064516
centerY: 0.7891137076090055
width: 0.02217741935483871
height: 0.0347677400968937
Area: 0.0003983995072578347
CentroidX: 0.4627
CentroidY: 0.8067
