Location: Dedata_18.png_Otsu.png
Component: component_1755511906252_22.png
centerX: 0.8443548387096774
centerY: 0.013679110857794243
width: 0.025
height: 0.0353377030493018
Area: 0.00021879223011794555
CentroidX: 0.8575
CentroidY: 0.0308
