Location: Dedata_18.png_Otsu.png
Component: component_1755511906341_513.png
centerX: 0.6935483870967742
centerY: 0.7825591336563124
width: 0.018951612903225806
height: 0.03676261043032203
Area: 0.0003027928184667997
CentroidX: 0.7034
CentroidY: 0.7999
