Location: Paraklitoni_1720_page_10.png_Mean-Medain.png
Component: component_1755610055165_125.png
centerX: 0.5647865853658537
centerY: 0.056140350877192984
width: 0.012957317073170731
height: 0.013032581453634085
Area: 9.360290971330766e-05
CentroidX: 0.5706
CentroidY: 0.0622
