Location: Dedata_18.png_Otsu.png
Component: component_1755511906321_439.png
centerX: 0.5233870967741936
centerY: 0.6084354516956397
width: 0.02217741935483871
height: 0.04189227700199487
Area: 0.0003516303698324125
CentroidX: 0.5355
CentroidY: 0.6295
