Location: Dedata_18.png_Gaussian-Median.png
Component: component_1755511906421_71.png
centerX: 0.14475806451612902
centerY: 0.1310914790538615
width: 0.027419354838709678
height: 0.03590766600170989
Area: 0.00039679074085990863
CentroidX: 0.1582
CentroidY: 0.1490
