Location: Dedata_18.png_Mean-Closing.png
Component: component_1755511906634_208.png
centerX: 0.14556451612903226
centerY: 0.44485608435451696
width: 0.02661290322580645
height: 0.03362781419207751
Area: 0.00043976778606164793
CentroidX: 0.1595
CentroidY: 0.4614
