Location: Dedata_18.png_Gaussian-Closing.png
Component: component_1755511905981_107.png
centerX: 0.31129032258064515
centerY: 0.22941008834425763
width: 0.024596774193548387
height: 0.037047591906526074
Area: 0.0003995486261134962
CentroidX: 0.3249
CentroidY: 0.2487
