Location: Dedata_18.png_Otsu.png
Component: component_1755511906248_12.png
centerX: 0.6370967741935484
centerY: 0.009974351667141636
width: 0.02661290322580645
height: 0.04075235109717868
Area: 0.00023246674450031716
CentroidX: 0.6500
CentroidY: 0.0298
