Location: Dedata_18.png_Mean-Closing.png
Component: component_1755511906587_74.png
centerX: 0.7133064516129032
centerY: 0.17298375605585636
width: 0.02338709677419355
height: 0.037902536335138216
Area: 0.0004051793085062374
CentroidX: 0.7261
CentroidY: 0.1918
