Location: Dedata_18.png_Mean-Closing.png
Component: component_1755511906653_275.png
centerX: 0.2806451612903226
centerY: 0.6124251923624965
width: 0.02258064516129032
height: 0.03676261043032203
Area: 0.000402536335138216
CentroidX: 0.2932
CentroidY: 0.6303
