Location: Samociqulo_1709_page_10.png_Gaussian-Median.png
Component: component_1755610056305_3375.png
centerX: 0.8044226044226044
centerY: 0.8303125
width: 0.019656019656019656
height: 0.0175
Area: 0.00011716830466830466
CentroidX: 0.8126
CentroidY: 0.8386
