Location: Dedata_18.png_Otsu.png
Component: component_1755511906303_370.png
centerX: 0.6866935483870967
centerY: 0.44001139925904814
width: 0.027822580645161292
height: 0.03419777714448561
Area: 0.00035967420182204284
CentroidX: 0.7013
CentroidY: 0.4577
