Location: Dedata_18.png_Mean-Closing.png
Component: component_1755511906666_339.png
centerX: 0.7310483870967742
centerY: 0.7794243374180678
width: 0.020161290322580645
height: 0.03676261043032203
Area: 0.0003743829231745098
CentroidX: 0.7419
CentroidY: 0.7975
