Location: Dedata_18.png_Gaussian-Median.png
Component: component_1755511906454_226.png
centerX: 0.5544354838709677
centerY: 0.493587916785409
width: 0.02258064516129032
height: 0.03733257338273012
Area: 0.0004106950790134125
CentroidX: 0.5656
CentroidY: 0.5118
