Location: Dedata_18.png_Gaussian-Median.png
Component: component_1755511906443_175.png
centerX: 0.7713709677419355
centerY: 0.3770304930179538
width: 0.031048387096774193
height: 0.039042462239954404
Area: 0.0004425256713152355
CentroidX: 0.7882
CentroidY: 0.3956
