Location: Kurtxevani_1784_page_10.png_Gaussian-Closing.png
Component: component_1755610055743_355.png
centerX: 0.11302475780409042
centerY: 0.47729083665338645
width: 0.017222820236813777
height: 0.02151394422310757
Area: 0.00015353012063693558
CentroidX: 0.1228
CentroidY: 0.4892
