Location: 2025-04-19_205656-1.png_Gaussian-Closing.png
Component: component_1745101752022_383.png
centerX: 0.8621908127208481
centerY: 0.7184424475823705
width: 0.027090694935217905
height: 0.024818142918271287
Area: 0.00032785431071718195
CentroidX: 0.8757
CentroidY: 0.7319
