Location: 2025-04-19_205656-1.png_Otsu.png
Component: component_1745101751437_189.png
centerX: 0.8786808009422851
centerY: 0.3290543431750107
width: 0.028857479387514724
height: 0.02267864783910997
Area: 0.0003160102272400816
CentroidX: 0.8931
CentroidY: 0.3412
