Location: 2025-04-19_205656-1.png_Gaussian-Closing.png
Component: component_1745101751966_186.png
centerX: 0.5123674911660777
centerY: 0.3025246041934104
width: 0.030624263839811542
height: 0.025673940949935817
Area: 0.0003832947014610559
CentroidX: 0.5273
CentroidY: 0.3163
