Location: 2025-04-19_205656-1.png_Otsu.png
Component: component_1745101751424_123.png
centerX: 0.09305064782096584
centerY: 0.196405648267009
width: 0.034746760895170786
height: 0.025246041934103552
Area: 0.00036263055582015744
CentroidX: 0.1083
CentroidY: 0.2103
