Location: 2025-04-19_205656-1.png_Mean-Closing.png
Component: component_1745101752131_338.png
centerX: 0.5789163722025913
centerY: 0.6302952503209243
width: 0.03121319199057715
height: 0.026957637997432605
Area: 0.00035733851852187855
CentroidX: 0.5946
CentroidY: 0.6452
