Location: 2025-04-19_205656-1.png_Gaussian-Closing.png
Component: component_1745101752020_373.png
centerX: 0.3839811542991755
centerY: 0.6927685066324347
width: 0.03121319199057715
height: 0.025246041934103552
Area: 0.000349778465238623
CentroidX: 0.3999
CentroidY: 0.7065
