Location: 2025-04-19_205656-1.png_Mean-Closing.png
Component: component_1745101752115_255.png
centerX: 0.7114252061248527
centerY: 0.47839109970047067
width: 0.03415783274440518
height: 0.023106546854942234
Area: 0.00035154247767138264
CentroidX: 0.7279
CentroidY: 0.4906
