Location: Document_2025-04-19_205723-1.png_Gaussian-Closing.png
Component: component_1745101751886_330.png
centerX: 0.8209658421672555
centerY: 0.5793752674368849
width: 0.03121319199057715
height: 0.030380830124090714
Area: 0.0004221029749817677
CentroidX: 0.8351
CentroidY: 0.5963
