Location: 2025-04-19_205656-1.png_Mean-Closing.png
Component: component_1745101752125_306.png
centerX: 0.2326266195524146
centerY: 0.5703893881044073
width: 0.03415783274440518
height: 0.026529738981600343
Area: 0.0003613705469396148
CentroidX: 0.2502
CentroidY: 0.5841
