Location: 2025-04-19_205656-1.png_Otsu.png
Component: component_1745101751477_360.png
centerX: 0.3875147232037691
centerY: 0.6439880188275567
width: 0.03356890459363958
height: 0.026529738981600343
Area: 0.00033894238886595675
CentroidX: 0.4054
CentroidY: 0.6587
