Location: 2025-04-19_205656-1.png_Otsu.png
Component: component_1745101751429_146.png
centerX: 0.10011778563015312
centerY: 0.23705605477107403
width: 0.03356890459363958
height: 0.02396234488660676
Area: 0.0003578425220740956
CentroidX: 0.1169
CentroidY: 0.2493
