Location: 2025-04-19_205656-1.png_Otsu.png
Component: component_1745101751500_455.png
centerX: 0.6413427561837456
centerY: 0.811724433033804
width: 0.030624263839811542
height: 0.025246041934103552
Area: 0.0002920700585097724
CentroidX: 0.6572
CentroidY: 0.8251
