Location: 2025-04-19_205656-1.png_Otsu.png
Component: component_1745101751442_211.png
centerX: 0.7408716136631331
centerY: 0.3774069319640565
width: 0.0353356890459364
height: 0.022250748823277707
Area: 0.00034625044037310375
CentroidX: 0.7569
CentroidY: 0.3896
