Location: easy16_Gaussian-Median.png
Component: component_1744297381657_81.png
centerX: 0.36451612903225805
centerY: 0.06752873563218391
width: 0.01532258064516129
height: 0.014846743295019157
Area: 0.00010119268322827833
CentroidX: 0.3707
CentroidY: 0.0750
