Location: 2025-04-19_205656-1.png_Gaussian-Closing.png
Component: component_1745101751951_112.png
centerX: 0.4723203769140165
centerY: 0.15575524176294395
width: 0.030035335689045935
height: 0.02738553701326487
Area: 0.00041025889150466733
CentroidX: 0.4845
CentroidY: 0.1701
