Location: 2025-04-19_205656-1.png_Gaussian-Closing.png
Component: component_1745101752041_497.png
centerX: 0.5323910482921084
centerY: 0.9298245614035088
width: 0.02944640753828033
height: 0.024390243902439025
Area: 0.0002814859839132146
CentroidX: 0.5467
CentroidY: 0.9436
