Location: 2025-04-19_205656-1.png_Mean-Closing.png
Component: component_1745101752134_350.png
centerX: 0.13780918727915195
centerY: 0.658964484381686
width: 0.032391048292108364
height: 0.025673940949935817
Area: 0.0003661585806856767
CentroidX: 0.1544
CentroidY: 0.6726
