Location: easy43_Mean-Closing.png
Component: component_1744297380568_162.png
centerX: 0.3651753325272068
centerY: 0.15433946130825138
width: 0.008464328899637243
height: 0.00983326207781103
Area: 5.557413770909446e-05
CentroidX: 0.3686
CentroidY: 0.1591
