Location: 2025-04-19_205656-1.png_Gaussian-Closing.png
Component: component_1745101752014_340.png
centerX: 0.9034157832744405
centerY: 0.6238767650834403
width: 0.032391048292108364
height: 0.025673940949935817
Area: 0.0003475104492536463
CentroidX: 0.9189
CentroidY: 0.6383
