Location: 2025-04-19_205656-1.png_Otsu.png
Component: component_1745101751486_398.png
centerX: 0.9528857479387515
centerY: 0.7180145485665383
width: 0.02767962308598351
height: 0.022250748823277707
Area: 0.00030139412422578756
CentroidX: 0.9665
CentroidY: 0.7300
