Location: Document_2025-04-19_205723-1.png_Gaussian-Closing.png
Component: component_1745101751807_181.png
centerX: 0.04240282685512368
centerY: 0.26230209670517757
width: 0.028857479387514724
height: 0.02781343602909713
Area: 0.0003530544883280337
CentroidX: 0.0541
CentroidY: 0.2769
