Location: 2025-04-19_205656-1.png_Gaussian-Closing.png
Component: component_1745101752045_515.png
centerX: 0.8351001177856302
centerY: 0.9602053915275995
width: 0.025323910482921083
height: 0.02610183996576808
Area: 0.0003092061792851516
CentroidX: 0.8468
CentroidY: 0.9741
