Location: 2025-04-19_205656-1.png_Mean-Closing.png
Component: component_1745101752096_148.png
centerX: 0.2968197879858657
centerY: 0.23234916559691912
width: 0.0353356890459364
height: 0.02396234488660676
Area: 0.00039539078671426477
CentroidX: 0.3144
CentroidY: 0.2452
