Location: Document_2025-04-19_205723-1.png_Gaussian-Closing.png
Component: component_1745101751885_325.png
centerX: 0.08716136631330977
centerY: 0.5498502353444588
width: 0.030035335689045935
height: 0.029525032092426188
Area: 0.0004092508844002333
CentroidX: 0.1023
CentroidY: 0.5655
