Location: 2025-04-19_205656-1.png_Mean-Closing.png
Component: component_1745101752091_119.png
centerX: 0.6955241460541813
centerY: 0.18741976893453144
width: 0.034746760895170786
height: 0.025673940949935817
Area: 0.00038127868725218775
CentroidX: 0.7112
CentroidY: 0.2017
