Location: 2025-04-19_205656-1.png_Gaussian-Closing.png
Component: component_1745101752028_418.png
centerX: 0.3215547703180212
centerY: 0.7779204107830552
width: 0.03415783274440518
height: 0.024818142918271287
Area: 0.0003510384741191656
CentroidX: 0.3367
CentroidY: 0.7914
