Location: Document_2025-04-19_205723-1.png_Gaussian-Closing.png
Component: component_1745101751826_247.png
centerX: 0.8510011778563016
centerY: 0.4103551561831408
width: 0.03180212014134275
height: 0.026957637997432605
Area: 0.00042059096432511654
CentroidX: 0.8671
CentroidY: 0.4251
