Location: 2025-04-19_205656-1.png_Mean-Closing.png
Component: component_1745101752165_490.png
centerX: 0.48527679623085984
centerY: 0.9328198545143346
width: 0.03297997644287397
height: 0.02267864783910997
Area: 0.0003076941686285005
CentroidX: 0.5008
CentroidY: 0.9454
