Location: 2025-04-19_205656-1.png_Mean-Closing.png
Component: component_1745101752155_444.png
centerX: 0.43521790341578326
centerY: 0.8592212237911853
width: 0.0353356890459364
height: 0.02610183996576808
Area: 0.00034599843859699523
CentroidX: 0.4517
CentroidY: 0.8748
