Location: Document_2025-04-19_205723-1.png_Gaussian-Closing.png
Component: component_1745101751828_253.png
centerX: 0.4016489988221437
centerY: 0.4193410355156183
width: 0.03769140164899882
height: 0.028241335044929396
Area: 0.00043848309042882137
CentroidX: 0.4200
CentroidY: 0.4349
