Location: 2025-04-19_205656-1.png_Otsu.png
Component: component_1745101751489_414.png
centerX: 0.3745583038869258
centerY: 0.7351305091998288
width: 0.032391048292108364
height: 0.02396234488660676
Area: 0.00019404136760355886
CentroidX: 0.3875
CentroidY: 0.7506
