Location: 2025-04-19_205656-1.png_Gaussian-Closing.png
Component: component_1745101752018_363.png
centerX: 0.941696113074205
centerY: 0.6786478391099701
width: 0.02944640753828033
height: 0.022250748823277707
Area: 0.00019404136760355886
CentroidX: 0.9534
CentroidY: 0.6930
