Location: 2025-04-19_205656-1.png_Mean-Closing.png
Component: component_1745101752169_505.png
centerX: 0.6307420494699647
centerY: 0.962772785622593
width: 0.028857479387514724
height: 0.026957637997432605
Area: 0.00031122219349401974
CentroidX: 0.6451
CentroidY: 0.9769
