Location: 2025-04-19_205656-1.png_Gaussian-Closing.png
Component: component_1745101752038_477.png
centerX: 0.5312131919905771
centerY: 0.8955926401369276
width: 0.024734982332155476
height: 0.026529738981600343
Area: 0.0003316343373588097
CentroidX: 0.5431
CentroidY: 0.9106
