Location: 2025-04-19_205656-1.png_Gaussian-Closing.png
Component: component_1745101751956_139.png
centerX: 0.045936395759717315
centerY: 0.1972614462986735
width: 0.030035335689045935
height: 0.025246041934103552
Area: 0.0003669145860140022
CentroidX: 0.0589
CentroidY: 0.2106
