Location: Document_2025-04-19_205723-1.png_Gaussian-Closing.png
Component: component_1745101751806_178.png
centerX: 0.8998822143698468
centerY: 0.25759520753102266
width: 0.02591283863368669
height: 0.026957637997432605
Area: 0.0003558265078652274
CentroidX: 0.9124
CentroidY: 0.2721
