Location: Document_2025-04-19_205723-1.png_Gaussian-Closing.png
Component: component_1745101751818_220.png
centerX: 0.038869257950530034
centerY: 0.3427471116816431
width: 0.03121319199057715
height: 0.02995293110825845
Area: 0.0004387350922049299
CentroidX: 0.0545
CentroidY: 0.3577
