Location: 2025-04-19_205656-1.png_Otsu.png
Component: component_1745101751660_587.png
centerX: 0.13839811542991756
centerY: 0.9786050492083869
width: 0.030035335689045935
height: 0.020967051775780916
Area: 0.00014641303191904897
CentroidX: 0.1488
CentroidY: 0.9930
