Location: 2025-04-19_205656-1.png_Otsu.png
Component: component_1745101751577_528.png
centerX: 0.8616018845700825
centerY: 0.9255455712451861
width: 0.028268551236749116
height: 0.0235344458707745
Area: 0.00016657317400773042
CentroidX: 0.8722
CentroidY: 0.9409
