Location: 2025-04-19_205656-1.png_Otsu.png
Component: component_1745101751424_127.png
centerX: 0.9275618374558304
centerY: 0.21095421480530593
width: 0.03121319199057715
height: 0.022250748823277707
Area: 0.00033087833203048416
CentroidX: 0.9421
CentroidY: 0.2234
