Location: 2025-04-19_205656-1.png_Otsu.png
Component: component_1745101751467_313.png
centerX: 0.18374558303886926
centerY: 0.5716730851519042
width: 0.03121319199057715
height: 0.02866923406076166
Area: 0.00033894238886595675
CentroidX: 0.1991
CentroidY: 0.5870
