Location: 2025-04-19_205656-1.png_Otsu.png
Component: component_1745101751417_87.png
centerX: 0.1336866902237927
centerY: 0.12665810868635002
width: 0.02944640753828033
height: 0.0235344458707745
Area: 0.00036993860732730444
CentroidX: 0.1470
CentroidY: 0.1391
