Location: 2025-04-19_205656-1.png_Mean-Closing.png
Component: component_1745101752102_186.png
centerX: 0.30683156654888105
centerY: 0.3080872913992298
width: 0.03180212014134275
height: 0.02738553701326487
Area: 0.00040471485243027993
CentroidX: 0.3219
CentroidY: 0.3227
