Location: 2025-04-19_205656-1.png_Otsu.png
Component: component_1745101751437_184.png
centerX: 0.10306242638398115
centerY: 0.31750106974753955
width: 0.02767962308598351
height: 0.025246041934103552
Area: 0.00033339834979156935
CentroidX: 0.1169
CentroidY: 0.3309
