Location: 2025-04-19_205656-1.png_Otsu.png
Component: component_1745101751463_292.png
centerX: 0.1348645465253239
centerY: 0.5314505776636713
width: 0.03180212014134275
height: 0.023106546854942234
Area: 0.0003230662769711201
CentroidX: 0.1512
CentroidY: 0.5435
