Location: 2025-04-19_205656-1.png_Otsu.png
Component: component_1745101751420_105.png
centerX: 0.09422850412249706
centerY: 0.1643132220795892
width: 0.032391048292108364
height: 0.021822849807445442
Area: 0.00034171440840315045
CentroidX: 0.1097
CentroidY: 0.1756
