Location: 2025-04-19_205656-1.png_Mean-Closing.png
Component: component_1745101752099_166.png
centerX: 0.35276796230859836
centerY: 0.2687205819426615
width: 0.03769140164899882
height: 0.02610183996576808
Area: 0.0004069828684152566
CentroidX: 0.3700
CentroidY: 0.2827
