Location: Document_2025-04-19_205723-1.png_Gaussian-Closing.png
Component: component_1745101751885_324.png
centerX: 0.18315665488810365
centerY: 0.5481386392811296
width: 0.03121319199057715
height: 0.026957637997432605
Area: 0.0003908547547443114
CentroidX: 0.1994
CentroidY: 0.5626
