Location: easy21_Mean-Medain.png
Component: component_1744297380817_275.png
centerX: 0.7330645161290322
centerY: 0.28879310344827586
width: 0.016129032258064516
height: 0.01532567049808429
Area: 0.00011973180076628352
CentroidX: 0.7398
CentroidY: 0.2967
