Location: 2025-04-19_205656-1.png_Otsu.png
Component: component_1745101751431_156.png
centerX: 0.40577149587750294
centerY: 0.26572528883183566
width: 0.035924617196702
height: 0.024390243902439025
Area: 0.00035431449720857634
CentroidX: 0.4228
CentroidY: 0.2797
