Location: Document_2025-04-19_205723-1.png_Gaussian-Closing.png
Component: component_1745101751897_369.png
centerX: 0.22202591283863368
centerY: 0.6320068463842533
width: 0.03180212014134275
height: 0.02781343602909713
Area: 0.0003906027529682029
CentroidX: 0.2372
CentroidY: 0.6479
