Location: 2025-04-19_205656-1.png_Gaussian-Closing.png
Component: component_1745101751955_133.png
centerX: 0.6460541813898705
centerY: 0.19127086007702182
width: 0.03121319199057715
height: 0.023106546854942234
Area: 0.0003764906535061259
CentroidX: 0.6599
CentroidY: 0.2036
