Location: 2025-04-19_205656-1.png_Mean-Closing.png
Component: component_1745101752079_46.png
centerX: 0.8610129564193169
centerY: 0.05391527599486521
width: 0.026501766784452298
height: 0.021822849807445442
Area: 0.0003477624510297549
CentroidX: 0.8738
CentroidY: 0.0654
