Location: 2025-04-19_205656-1.png_Mean-Closing.png
Component: component_1745101752090_109.png
centerX: 0.04652532391048292
centerY: 0.16260162601626016
width: 0.03180212014134275
height: 0.023106546854942234
Area: 0.00036187455049183185
CentroidX: 0.0608
CentroidY: 0.1751
