Location: 2025-04-19_205656-1.png_Gaussian-Closing.png
Component: component_1745101751997_291.png
centerX: 0.2773851590106007
centerY: 0.5280273855370132
width: 0.03415783274440518
height: 0.024818142918271287
Area: 0.0003580945238502041
CentroidX: 0.2927
CentroidY: 0.5413
