Location: 2025-04-19_205656-1.png_Otsu.png
Component: component_1745101751462_284.png
centerX: 0.4134275618374558
centerY: 0.5241762943945228
width: 0.03651354534746761
height: 0.024818142918271287
Area: 0.00034373042261201856
CentroidX: 0.4305
CentroidY: 0.5380
