Location: 2025-04-19_205656-1.png_Otsu.png
Component: component_1745101751506_457.png
centerX: 0.5942285041224971
centerY: 0.8142918271287976
width: 0.024734982332155476
height: 0.025673940949935817
Area: 0.00019504937470799294
CentroidX: 0.6019
CentroidY: 0.8306
