Location: 2025-04-19_205656-1.png_Otsu.png
Component: component_1745101751447_223.png
centerX: 0.050647820965842166
centerY: 0.40136927685066326
width: 0.030035335689045935
height: 0.02610183996576808
Area: 0.00023738567309422397
CentroidX: 0.0600
CentroidY: 0.4169
