Location: 2025-04-19_205656-1.png_Mean-Closing.png
Component: component_1745101752119_274.png
centerX: 0.7956419316843345
centerY: 0.5091998288403937
width: 0.030624263839811542
height: 0.024390243902439025
Area: 0.0003374303782093056
CentroidX: 0.8110
CentroidY: 0.5224
