Location: 2025-04-19_205656-1.png_Otsu.png
Component: component_1745101751449_229.png
centerX: 0.9004711425206124
centerY: 0.4313222079589217
width: 0.028268551236749116
height: 0.024818142918271287
Area: 0.0003185302450011668
CentroidX: 0.9146
CentroidY: 0.4444
