Location: 2025-04-19_205656-1.png_Mean-Closing.png
Component: component_1745101752111_234.png
centerX: 0.8551236749116607
centerY: 0.433461703038083
width: 0.03121319199057715
height: 0.021822849807445442
Area: 0.0003444864279403441
CentroidX: 0.8706
CentroidY: 0.4454
