Location: 2025-04-19_205656-1.png_Otsu.png
Component: component_1745101751465_301.png
centerX: 0.7491166077738516
centerY: 0.5502781343602909
width: 0.02944640753828033
height: 0.023106546854942234
Area: 0.00017967726636537336
CentroidX: 0.7610
CentroidY: 0.5644
