Location: Document_2025-04-19_205723-1.png_Gaussian-Closing.png
Component: component_1745101751748_96.png
centerX: 0.6625441696113075
centerY: 0.12237911852802738
width: 0.028857479387514724
height: 0.02738553701326487
Area: 0.0002814859839132146
CentroidX: 0.6762
CentroidY: 0.1370
