Location: Document_2025-04-19_205723-1.png_Gaussian-Closing.png
Component: component_1745101751717_60.png
centerX: 0.36042402826855124
centerY: 0.058194266153187846
width: 0.02591283863368669
height: 0.02610183996576808
Area: 0.0002560338045262543
CentroidX: 0.3731
CentroidY: 0.0720
