Location: 2025-04-19_205656-1.png_Otsu.png
Component: component_1745101751408_41.png
centerX: 0.04122497055359246
centerY: 0.05733846812152332
width: 0.02591283863368669
height: 0.02781343602909713
Area: 0.0003666625842378937
CentroidX: 0.0519
CentroidY: 0.0721
