Location: 2025-04-19_205656-1.png_Gaussian-Closing.png
Component: component_1745101752003_304.png
centerX: 0.6065959952885748
centerY: 0.5532734274711169
width: 0.032391048292108364
height: 0.024390243902439025
Area: 0.0003477624510297549
CentroidX: 0.6231
CentroidY: 0.5663
