Location: 2025-04-19_205656-1.png_Otsu.png
Component: component_1745101751444_218.png
centerX: 0.35335689045936397
centerY: 0.3923833975181857
width: 0.0353356890459364
height: 0.025673940949935817
Area: 0.0003553225043130104
CentroidX: 0.3700
CentroidY: 0.4063
