Location: 2025-04-19_205656-1.png_Mean-Closing.png
Component: component_1745101752136_358.png
centerX: 0.6696113074204947
centerY: 0.6833547282841249
width: 0.03121319199057715
height: 0.02610183996576808
Area: 0.00036817459489454484
CentroidX: 0.6856
CentroidY: 0.6976
