Location: 2025-04-19_205656-1.png_Mean-Closing.png
Component: component_1745101752116_260.png
centerX: 0.4175500588928151
centerY: 0.4809584937954643
width: 0.030035335689045935
height: 0.024390243902439025
Area: 0.0003449904314925612
CentroidX: 0.4322
CentroidY: 0.4938
