Location: 2025-04-19_205656-1.png_Gaussian-Closing.png
Component: component_1745101751977_232.png
centerX: 0.3003533568904594
centerY: 0.39623448866067607
width: 0.03651354534746761
height: 0.024390243902439025
Area: 0.0003933747725053966
CentroidX: 0.3171
CentroidY: 0.4094
