Location: 2025-04-19_205656-1.png_Gaussian-Closing.png
Component: component_1745101752016_350.png
centerX: 0.48468786808009423
centerY: 0.637997432605905
width: 0.035924617196702
height: 0.026957637997432605
Area: 0.0003762386517300174
CentroidX: 0.5022
CentroidY: 0.6535
