Location: 2025-04-19_205656-1.png_Otsu.png
Component: component_1745101751422_117.png
centerX: 0.43580683156654887
centerY: 0.19084296106118956
width: 0.03415783274440518
height: 0.025246041934103552
Area: 0.0003477624510297549
CentroidX: 0.4512
CentroidY: 0.2048
