Location: Document_2025-04-19_205723-1.png_Gaussian-Closing.png
Component: component_1745101751881_310.png
centerX: 0.7985865724381626
centerY: 0.5288831835686778
width: 0.025323910482921083
height: 0.02866923406076166
Area: 0.0003762386517300174
CentroidX: 0.8106
CentroidY: 0.5448
