Location: 2025-04-19_205656-1.png_Mean-Closing.png
Component: component_1745101752120_282.png
centerX: 0.36984687868080096
centerY: 0.5258878904578519
width: 0.030624263839811542
height: 0.024818142918271287
Area: 0.00036036253983518077
CentroidX: 0.3838
CentroidY: 0.5392
