Location: 2025-04-19_205656-1.png_Mean-Closing.png
Component: component_1745101752103_191.png
centerX: 0.10247349823321555
centerY: 0.31750106974753955
width: 0.028268551236749116
height: 0.025246041934103552
Area: 0.00036565457713345965
CentroidX: 0.1169
CentroidY: 0.3308
