Location: Document_2025-04-19_205723-1.png_Gaussian-Closing.png
Component: component_1745101751837_263.png
centerX: 0.9163722025912838
centerY: 0.4454428754813864
width: 0.02944640753828033
height: 0.028241335044929396
Area: 0.00041580293057905473
CentroidX: 0.9305
CentroidY: 0.4607
