Location: easy26_Mean-Closing.png
Component: component_1744297382110_677.png
centerX: 0.682258064516129
centerY: 0.4794061302681992
width: 0.016935483870967744
height: 0.014846743295019157
Area: 0.00011741441107403287
CentroidX: 0.6895
CentroidY: 0.4868
