Location: Document_2025-04-19_205723-1.png_Gaussian-Closing.png
Component: component_1745101751813_197.png
centerX: 0.08303886925795052
centerY: 0.29781771501925547
width: 0.02944640753828033
height: 0.030380830124090714
Area: 0.000398414808027567
CentroidX: 0.0976
CentroidY: 0.3137
