Location: 2025-04-19_205656-1.png_Otsu.png
Component: component_1745101751652_564.png
centerX: 0.8763250883392226
centerY: 0.9614890885750963
width: 0.032391048292108364
height: 0.024818142918271287
Area: 0.00027342192707774203
CentroidX: 0.8932
CentroidY: 0.9747
