Location: 2025-04-19_205656-1.png_Mean-Closing.png
Component: component_1745101752078_37.png
centerX: 0.6784452296819788
centerY: 0.051347881899871634
width: 0.02944640753828033
height: 0.023106546854942234
Area: 0.00037548264640169184
CentroidX: 0.6913
CentroidY: 0.0641
