Location: Document_2025-04-19_205723-1.png_Gaussian-Closing.png
Component: component_1745101751713_53.png
centerX: 0.7526501766784452
centerY: 0.05434317501069748
width: 0.030035335689045935
height: 0.026957637997432605
Area: 0.000286526019435385
CentroidX: 0.7674
CentroidY: 0.0688
