Location: 2025-04-19_205656-1.png_Gaussian-Closing.png
Component: component_1745101751943_71.png
centerX: 0.46819787985865724
centerY: 0.08686350021394951
width: 0.03121319199057715
height: 0.0235344458707745
Area: 0.00039438277960983066
CentroidX: 0.4823
CentroidY: 0.0994
