Location: 2025-04-19_205656-1.png_Mean-Closing.png
Component: component_1745101752096_152.png
centerX: 0.1513545347467609
centerY: 0.23662815575524176
width: 0.030624263839811542
height: 0.021822849807445442
Area: 0.0003427224155075845
CentroidX: 0.1661
CentroidY: 0.2482
