Location: Document_2025-04-19_205723-1.png_Gaussian-Closing.png
Component: component_1745101751748_93.png
centerX: 0.751472320376914
centerY: 0.12023962344886607
width: 0.028857479387514724
height: 0.02610183996576808
Area: 0.0002676258862272461
CentroidX: 0.7656
CentroidY: 0.1346
