Location: 2025-04-19_205656-1.png_Gaussian-Closing.png
Component: component_1745101752015_349.png
centerX: 0.5323910482921084
centerY: 0.6345742404792469
width: 0.03180212014134275
height: 0.026957637997432605
Area: 0.00035481850076079336
CentroidX: 0.5489
CentroidY: 0.6493
