Location: 2025-04-19_205656-1.png_Otsu.png
Component: component_1745101751619_543.png
centerX: 0.48586572438162545
centerY: 0.9328198545143346
width: 0.032391048292108364
height: 0.02267864783910997
Area: 0.00026913789688389725
CentroidX: 0.5007
CentroidY: 0.9456
