Location: 2025-04-19_205656-1.png_Gaussian-Closing.png
Component: component_1745101751959_151.png
centerX: 0.3504122497055359
centerY: 0.23020967051775781
width: 0.03769140164899882
height: 0.02396234488660676
Area: 0.00039186276184874553
CentroidX: 0.3678
CentroidY: 0.2439
