Location: 2025-04-19_205656-1.png_Otsu.png
Component: component_1745101751469_322.png
centerX: 0.8303886925795053
centerY: 0.5845100556268721
width: 0.028268551236749116
height: 0.025673940949935817
Area: 0.0003018981277780046
CentroidX: 0.8445
CentroidY: 0.5972
