Location: 2025-04-19_205656-1.png_Gaussian-Closing.png
Component: component_1745101752021_380.png
centerX: 0.04652532391048292
centerY: 0.7038938810440736
width: 0.02767962308598351
height: 0.026529738981600343
Area: 0.00034473842971645267
CentroidX: 0.0595
CentroidY: 0.7174
