Location: 2025-04-19_205656-1.png_Gaussian-Closing.png
Component: component_1745101752038_475.png
centerX: 0.7673733804475854
centerY: 0.8938810440735986
width: 0.028857479387514724
height: 0.02396234488660676
Area: 0.00019404136760355886
CentroidX: 0.7782
CentroidY: 0.9090
