Location: 2025-04-19_205656-1.png_Gaussian-Closing.png
Component: component_1745101751936_42.png
centerX: 0.7891637220259128
centerY: 0.02053915275994865
width: 0.027090694935217905
height: 0.023106546854942234
Area: 0.00037699465705834297
CentroidX: 0.8013
CentroidY: 0.0325
