Location: 2025-04-19_205656-1.png_Mean-Closing.png
Component: component_1745101752090_112.png
centerX: 0.09422850412249706
centerY: 0.1643132220795892
width: 0.03297997644287397
height: 0.021822849807445442
Area: 0.00036817459489454484
CentroidX: 0.1099
CentroidY: 0.1756
