Location: 2025-04-19_205656-1.png_Gaussian-Closing.png
Component: component_1745101752040_488.png
centerX: 0.08244994110718493
centerY: 0.9088575096277278
width: 0.02767962308598351
height: 0.024390243902439025
Area: 0.00030618215797184936
CentroidX: 0.0962
CentroidY: 0.9215
