Location: 2025-04-19_205656-1.png_Gaussian-Closing.png
Component: component_1745101751934_34.png
centerX: 0.649587750294464
centerY: 0.018827556696619598
width: 0.02767962308598351
height: 0.0235344458707745
Area: 0.00036716658779011073
CentroidX: 0.6611
CentroidY: 0.0314
