Location: easy26_Mean-Closing.png
Component: component_1744297382155_917.png
centerX: 0.8088709677419355
centerY: 0.725095785440613
width: 0.016129032258064516
height: 0.014367816091954023
Area: 0.00010853108392040538
CentroidX: 0.8157
CentroidY: 0.7323
