Location: 2025-04-19_205656-1.png_Otsu.png
Component: component_1745101751525_472.png
centerX: 0.038869257950530034
centerY: 0.832691484809585
width: 0.026501766784452298
height: 0.025246041934103552
Area: 0.00030971018283736866
CentroidX: 0.0503
CentroidY: 0.8460
