Location: 2025-04-19_205656-1.png_Mean-Closing.png
Component: component_1745101752161_471.png
centerX: 0.23674911660777384
centerY: 0.9032948224219084
width: 0.028857479387514724
height: 0.024390243902439025
Area: 0.0003054261526435238
CentroidX: 0.2511
CentroidY: 0.9165
