Location: 2025-04-19_205656-1.png_Gaussian-Closing.png
Component: component_1745101751965_181.png
centerX: 0.7791519434628975
centerY: 0.29182712879760375
width: 0.03180212014134275
height: 0.025673940949935817
Area: 0.00036993860732730444
CentroidX: 0.7950
CentroidY: 0.3054
