Location: 2025-04-19_205656-1.png_Mean-Closing.png
Component: component_1745101752100_172.png
centerX: 0.05005889281507656
centerY: 0.27428326914848095
width: 0.02944640753828033
height: 0.02738553701326487
Area: 0.0003981628062514585
CentroidX: 0.0639
CentroidY: 0.2887
