Location: 2025-04-19_205656-1.png_Gaussian-Closing.png
Component: component_1745101751963_170.png
centerX: 0.46054181389870436
centerY: 0.26572528883183566
width: 0.0353356890459364
height: 0.025673940949935817
Area: 0.0004281510176083721
CentroidX: 0.4761
CentroidY: 0.2794
