Location: 2025-04-19_205656-1.png_Gaussian-Closing.png
Component: component_1745101752047_527.png
centerX: 0.2962308598351001
centerY: 0.9717586649550706
width: 0.030035335689045935
height: 0.024390243902439025
Area: 0.00030290613488243864
CentroidX: 0.3112
CentroidY: 0.9848
