Location: 2025-04-19_205656-1.png_Otsu.png
Component: component_1745101751443_217.png
centerX: 0.45229681978798586
centerY: 0.3898160034231921
width: 0.030624263839811542
height: 0.025246041934103552
Area: 0.0003452424332686697
CentroidX: 0.4662
CentroidY: 0.4030
