Location: Document_2025-04-19_205723-1.png_Gaussian-Closing.png
Component: component_1745101751723_70.png
centerX: 0.889281507656066
centerY: 0.0834403080872914
width: 0.027090694935217905
height: 0.024390243902439025
Area: 0.00023763767487033248
CentroidX: 0.9029
CentroidY: 0.0966
