Location: Document_2025-04-19_205723-1.png_Gaussian-Closing.png
Component: component_1745101751830_256.png
centerX: 0.31448763250883394
centerY: 0.42105263157894735
width: 0.032391048292108364
height: 0.029097133076593923
Area: 0.00041025889150466733
CentroidX: 0.3309
CentroidY: 0.4369
