Location: Document_2025-04-19_205723-1.png_Gaussian-Closing.png
Component: component_1745101751871_292.png
centerX: 0.8822143698468787
centerY: 0.49122807017543857
width: 0.028268551236749116
height: 0.02866923406076166
Area: 0.0003797666765955366
CentroidX: 0.8959
CentroidY: 0.5068
