Location: 2025-04-19_205656-1.png_Mean-Closing.png
Component: component_1745101752146_404.png
centerX: 0.4122497055359246
centerY: 0.7732135216089003
width: 0.030035335689045935
height: 0.025246041934103552
Area: 0.0003286103160455075
CentroidX: 0.4284
CentroidY: 0.7870
