Location: easy21_Mean-Medain.png
Component: component_1744297380859_455.png
centerX: 0.8766129032258064
centerY: 0.40229885057471265
width: 0.016935483870967744
height: 0.01532567049808429
Area: 0.00011586948461253245
CentroidX: 0.8841
CentroidY: 0.4098
