Location: Document_2025-04-19_205723-1.png_Gaussian-Closing.png
Component: component_1745101751785_143.png
centerX: 0.6236749116607774
centerY: 0.19768934531450577
width: 0.027090694935217905
height: 0.02738553701326487
Area: 0.00031424621480732195
CentroidX: 0.6367
CentroidY: 0.2121
