Location: 2025-04-19_205656-1.png_Gaussian-Closing.png
Component: component_1745101751988_263.png
centerX: 0.6648998822143698
centerY: 0.4792468977321352
width: 0.03121319199057715
height: 0.024818142918271287
Area: 0.00034070640129871634
CentroidX: 0.6797
CentroidY: 0.4924
