Location: 2025-04-19_205656-1.png_Otsu.png
Component: component_1745101751538_492.png
centerX: 0.3327444051825677
centerY: 0.8639281129653402
width: 0.03180212014134275
height: 0.024390243902439025
Area: 0.00030870217573293455
CentroidX: 0.3490
CentroidY: 0.8778
