Location: Document_2025-04-19_205723-1.png_Gaussian-Closing.png
Component: component_1745101751895_357.png
centerX: 0.7326266195524146
centerY: 0.615318784766795
width: 0.025323910482921083
height: 0.02738553701326487
Area: 0.00036993860732730444
CentroidX: 0.7441
CentroidY: 0.6300
