Location: 2025-04-19_205656-1.png_Gaussian-Closing.png
Component: component_1745101752024_397.png
centerX: 0.22791519434628976
centerY: 0.7406931964056482
width: 0.032391048292108364
height: 0.024390243902439025
Area: 0.00034902245991029745
CentroidX: 0.2439
CentroidY: 0.7536
