Location: Document_2025-04-19_205723-1.png_Gaussian-Closing.png
Component: component_1745101751824_241.png
centerX: 0.09069493521790342
centerY: 0.38296961916987593
width: 0.030624263839811542
height: 0.02781343602909713
Area: 0.0003981628062514585
CentroidX: 0.1061
CentroidY: 0.3970
