Location: 2025-04-19_205656-1.png_Otsu.png
Component: component_1745101751536_486.png
centerX: 0.48527679623085984
centerY: 0.8583654257595208
width: 0.03356890459363958
height: 0.02610183996576808
Area: 0.0003175222378967327
CentroidX: 0.5029
CentroidY: 0.8732
