Location: 2025-04-19_205656-1.png_Otsu.png
Component: component_1745101751435_177.png
centerX: 0.46054181389870436
centerY: 0.30466409927257165
width: 0.030624263839811542
height: 0.025673940949935817
Area: 0.0003510384741191656
CentroidX: 0.4743
CentroidY: 0.3194
