Location: Document_2025-04-19_205723-1.png_Gaussian-Closing.png
Component: component_1745101751811_186.png
centerX: 0.6266195524146054
centerY: 0.2768506632434745
width: 0.02944640753828033
height: 0.02738553701326487
Area: 0.00038707472810268367
CentroidX: 0.6409
CentroidY: 0.2910
