Location: 2025-04-19_205656-1.png_Gaussian-Closing.png
Component: component_1745101752012_331.png
centerX: 0.38162544169611307
centerY: 0.6020539152759948
width: 0.03297997644287397
height: 0.02781343602909713
Area: 0.00036162254871572333
CentroidX: 0.3980
CentroidY: 0.6175
