Location: 2025-04-19_205656-1.png_Mean-Closing.png
Component: component_1745101752122_294.png
centerX: 0.7491166077738516
centerY: 0.5468549422336328
width: 0.030624263839811542
height: 0.026529738981600343
Area: 0.00036187455049183185
CentroidX: 0.7656
CentroidY: 0.5613
