Location: easy26_Mean-Closing.png
Component: component_1744297382172_998.png
centerX: 0.24596774193548387
centerY: 0.7710727969348659
width: 0.01532258064516129
height: 0.014367816091954023
Area: 0.00010930354715115561
CentroidX: 0.2524
CentroidY: 0.7784
