Location: 2025-04-19_205656-1.png_Otsu.png
Component: component_1745101751535_485.png
centerX: 0.5848056537102474
centerY: 0.8575096277278562
width: 0.030624263839811542
height: 0.026957637997432605
Area: 0.00019504937470799294
CentroidX: 0.5957
CentroidY: 0.8749
