Location: 2025-04-19_205656-1.png_Gaussian-Closing.png
Component: component_1745101752039_484.png
centerX: 0.23674911660777384
centerY: 0.9032948224219084
width: 0.028857479387514724
height: 0.024390243902439025
Area: 0.00030693816330017496
CentroidX: 0.2510
CentroidY: 0.9165
