Location: 2025-04-19_205656-1.png_Otsu.png
Component: component_1745101751476_354.png
centerX: 0.7161366313309776
centerY: 0.6311510483525888
width: 0.027090694935217905
height: 0.02396234488660676
Area: 0.00018144127879813298
CentroidX: 0.7265
CentroidY: 0.6461
