Location: 2025-04-19_205656-1.png_Otsu.png
Component: component_1745101751413_65.png
centerX: 0.1772673733804476
centerY: 0.09242618741976893
width: 0.024734982332155476
height: 0.024390243902439025
Area: 0.00035733851852187855
CentroidX: 0.1886
CentroidY: 0.1048
