Location: 2025-04-19_205656-1.png_Mean-Closing.png
Component: component_1745101752098_159.png
centerX: 0.6790341578327445
centerY: 0.25802310654685495
width: 0.030035335689045935
height: 0.025673940949935817
Area: 0.00037749866061056
CentroidX: 0.6926
CentroidY: 0.2713
