Location: 2025-04-19_205656-1.png_Otsu.png
Component: component_1745101751607_535.png
centerX: 0.5323910482921084
centerY: 0.9298245614035088
width: 0.028857479387514724
height: 0.024390243902439025
Area: 0.0002436857174969369
CentroidX: 0.5466
CentroidY: 0.9436
