Location: 2025-04-19_205656-1.png_Mean-Closing.png
Component: component_1745101752144_392.png
centerX: 0.908716136631331
centerY: 0.754813863928113
width: 0.032391048292108364
height: 0.02781343602909713
Area: 0.0003825386961327303
CentroidX: 0.9236
CentroidY: 0.7705
