Location: 2025-04-19_205656-1.png_Gaussian-Closing.png
Component: component_1745101751963_169.png
centerX: 0.40577149587750294
centerY: 0.26572528883183566
width: 0.035924617196702
height: 0.024390243902439025
Area: 0.0003817826908044048
CentroidX: 0.4228
CentroidY: 0.2797
