Location: 2025-04-19_205656-1.png_Mean-Closing.png
Component: component_1745101752114_248.png
centerX: 0.20141342756183744
centerY: 0.449721865639709
width: 0.03121319199057715
height: 0.0235344458707745
Area: 0.0003722066233122811
CentroidX: 0.2164
CentroidY: 0.4622
