Location: 2025-04-19_205656-1.png_Otsu.png
Component: component_1745101751451_239.png
centerX: 0.4717314487632509
centerY: 0.44244758237056053
width: 0.034746760895170786
height: 0.024818142918271287
Area: 0.0003313823355827012
CentroidX: 0.4884
CentroidY: 0.4560
