Location: Document_2025-04-19_205723-1.png_Gaussian-Closing.png
Component: component_1745101751897_368.png
centerX: 0.2667844522968198
centerY: 0.6307231493367566
width: 0.03121319199057715
height: 0.02781343602909713
Area: 0.0003878307334310092
CentroidX: 0.2829
CentroidY: 0.6463
