Location: 2025-04-19_205656-1.png_Otsu.png
Component: component_1745101751488_407.png
centerX: 0.5700824499411072
centerY: 0.7265725288831836
width: 0.03180212014134275
height: 0.025246041934103552
Area: 0.0003064341597479579
CentroidX: 0.5863
CentroidY: 0.7410
