Location: 2025-04-19_205656-1.png_Gaussian-Closing.png
Component: component_1745101751949_100.png
centerX: 0.22202591283863368
centerY: 0.1245186136071887
width: 0.03121319199057715
height: 0.023106546854942234
Area: 0.0003550705025369019
CentroidX: 0.2351
CentroidY: 0.1366
