Location: Document_2025-04-19_205723-1.png_Gaussian-Closing.png
Component: component_1745101751797_167.png
centerX: 0.5388692579505301
centerY: 0.24261874197689345
width: 0.028857479387514724
height: 0.029525032092426188
Area: 0.00039261876717707107
CentroidX: 0.5529
CentroidY: 0.2582
