Location: 2025-04-19_205656-1.png_Otsu.png
Component: component_1745101751473_345.png
centerX: 0.9040047114252061
centerY: 0.6238767650834403
width: 0.03180212014134275
height: 0.025246041934103552
Area: 0.000307946170404609
CentroidX: 0.9188
CentroidY: 0.6382
