Location: 2025-04-19_205656-1.png_Otsu.png
Component: component_1745101751436_182.png
centerX: 0.20082449941107186
centerY: 0.314933675652546
width: 0.04004711425206125
height: 0.02267864783910997
Area: 0.00023536965888535584
CentroidX: 0.2156
CentroidY: 0.3295
