Location: 2025-04-19_205656-1.png_Otsu.png
Component: component_1745101751422_115.png
centerX: 0.5530035335689046
centerY: 0.18998716302952504
width: 0.025323910482921083
height: 0.013692768506632435
Area: 0.00015346908165008748
CentroidX: 0.5678
CentroidY: 0.1988
