Location: 2025-04-19_205656-1.png_Mean-Closing.png
Component: component_1745101752153_434.png
centerX: 0.944640753828033
centerY: 0.842533162173727
width: 0.028857479387514724
height: 0.026529738981600343
Area: 0.0003218062680905775
CentroidX: 0.9592
CentroidY: 0.8572
