Location: 2025-04-19_205656-1.png_Mean-Closing.png
Component: component_1745101752126_312.png
centerX: 0.8751472320376914
centerY: 0.5836542575952075
width: 0.030035335689045935
height: 0.025246041934103552
Area: 0.00034070640129871634
CentroidX: 0.8903
CentroidY: 0.5967
