Location: 2025-04-19_205656-1.png_Otsu.png
Component: component_1745101751536_487.png
centerX: 0.5388692579505301
centerY: 0.858793324775353
width: 0.030035335689045935
height: 0.025673940949935817
Area: 0.00018496930366365222
CentroidX: 0.5497
CentroidY: 0.8751
