Location: Document_2025-04-19_205723-1.png_Gaussian-Closing.png
Component: component_1745101751786_147.png
centerX: 0.44758539458186103
centerY: 0.20753102267864784
width: 0.02767962308598351
height: 0.024818142918271287
Area: 0.00024544972992969656
CentroidX: 0.4606
CentroidY: 0.2201
