Location: 2025-04-19_205656-1.png_Otsu.png
Component: component_1745101751478_367.png
centerX: 0.04770318021201413
centerY: 0.6598202824133504
width: 0.02767962308598351
height: 0.028241335044929396
Area: 0.0003371783764331971
CentroidX: 0.0601
CentroidY: 0.6745
