Location: 2025-04-19_205656-1.png_Otsu.png
Component: component_1745101751435_175.png
centerX: 0.5123674911660777
centerY: 0.3029525032092426
width: 0.030624263839811542
height: 0.025246041934103552
Area: 0.0003482664545819719
CentroidX: 0.5272
CentroidY: 0.3163
