Location: 2025-04-19_205656-1.png_Otsu.png
Component: component_1745101751426_134.png
centerX: 0.6348645465253239
centerY: 0.2246469833119384
width: 0.03356890459363958
height: 0.022250748823277707
Area: 0.000321554266314469
CentroidX: 0.6509
CentroidY: 0.2371
