Location: 2025-04-19_205656-1.png_Otsu.png
Component: component_1745101751439_198.png
centerX: 0.44110718492343937
centerY: 0.34745400085579803
width: 0.035924617196702
height: 0.024390243902439025
Area: 0.0003558265078652274
CentroidX: 0.4590
CentroidY: 0.3611
