Location: 2025-04-19_205656-1.png_Mean-Closing.png
Component: component_1745101752079_43.png
centerX: 0.6289752650176679
centerY: 0.05263157894736842
width: 0.03180212014134275
height: 0.019683354728284124
Area: 0.00035028246879084
CentroidX: 0.6443
CentroidY: 0.0634
