Location: 2025-04-19_205656-1.png_Gaussian-Closing.png
Component: component_1745101752023_393.png
centerX: 0.3739693757361602
centerY: 0.732135216089003
width: 0.03297997644287397
height: 0.02738553701326487
Area: 0.00036011053805907225
CentroidX: 0.3918
CentroidY: 0.7473
