Location: 2025-04-19_205656-1.png_Otsu.png
Component: component_1745101751409_45.png
centerX: 0.914605418138987
centerY: 0.08301240907145914
width: 0.02944640753828033
height: 0.024818142918271287
Area: 0.00034347842083591005
CentroidX: 0.9279
CentroidY: 0.0964
