Location: 2025-04-19_205656-1.png_Mean-Closing.png
Component: component_1745101752165_488.png
centerX: 0.4334511189634865
centerY: 0.9319640564826701
width: 0.030035335689045935
height: 0.0235344458707745
Area: 0.00028753402653981905
CentroidX: 0.4489
CentroidY: 0.9446
