Location: 2025-04-19_205656-1.png_Otsu.png
Component: component_1745101751458_271.png
centerX: 0.04946996466431095
centerY: 0.49080017115960634
width: 0.028857479387514724
height: 0.02610183996576808
Area: 0.0003396983941942823
CentroidX: 0.0629
CentroidY: 0.5040
