Location: 2025-04-19_205656-1.png_Mean-Closing.png
Component: component_1745101752079_44.png
centerX: 0.7661955241460542
centerY: 0.05263157894736842
width: 0.027090694935217905
height: 0.02053915275994865
Area: 0.00034473842971645267
CentroidX: 0.7793
CentroidY: 0.0639
