Location: 2025-04-19_205656-1.png_Otsu.png
Component: component_1745101751569_523.png
centerX: 0.1348645465253239
centerY: 0.9084296106118956
width: 0.028857479387514724
height: 0.02139495079161318
Area: 0.0002613258418245332
CentroidX: 0.1482
CentroidY: 0.9201
