Location: 2025-04-19_205656-1.png_Otsu.png
Component: component_1745101751405_36.png
centerX: 0.7661955241460542
centerY: 0.05263157894736842
width: 0.027090694935217905
height: 0.02053915275994865
Area: 0.0003230662769711201
CentroidX: 0.7792
CentroidY: 0.0639
