Location: 2025-04-19_205656-1.png_Mean-Closing.png
Component: component_1745101752111_231.png
centerX: 0.9487632508833922
centerY: 0.42961061189559263
width: 0.032391048292108364
height: 0.02396234488660676
Area: 0.0003958947902664818
CentroidX: 0.9642
CentroidY: 0.4430
