Location: easy43_Mean-Closing.png
Component: component_1744297380712_1364.png
centerX: 0.22309552599758162
centerY: 0.764856776400171
width: 0.008464328899637243
height: 0.010260795211628902
Area: 6.177776238359803e-05
CentroidX: 0.2268
CentroidY: 0.7696
