Location: 2025-04-19_205656-1.png_Otsu.png
Component: component_1745101751468_316.png
centerX: 0.1354534746760895
centerY: 0.5750962772785623
width: 0.03121319199057715
height: 0.024390243902439025
Area: 0.00030013411534524493
CentroidX: 0.1509
CentroidY: 0.5876
