Location: 2025-04-19_205656-1.png_Gaussian-Closing.png
Component: component_1745101752000_294.png
centerX: 0.0447585394581861
centerY: 0.5318784766795036
width: 0.02591283863368669
height: 0.024390243902439025
Area: 0.0003724586250883896
CentroidX: 0.0567
CentroidY: 0.5452
