Location: 2025-04-19_205656-1.png_Otsu.png
Component: component_1745101751448_228.png
centerX: 0.9487632508833922
centerY: 0.43089430894308944
width: 0.032391048292108364
height: 0.02267864783910997
Area: 0.00020462544220011664
CentroidX: 0.9600
CentroidY: 0.4457
