Location: 2025-04-19_205656-1.png_Gaussian-Closing.png
Component: component_1745101752038_479.png
centerX: 0.4275618374558304
centerY: 0.8968763371844245
width: 0.030035335689045935
height: 0.024818142918271287
Area: 0.0003301223267021586
CentroidX: 0.4422
CentroidY: 0.9105
