Location: 2025-04-19_205656-1.png_Gaussian-Closing.png
Component: component_1745101752023_392.png
centerX: 0.47820965842167257
centerY: 0.7312794180573384
width: 0.02767962308598351
height: 0.024818142918271287
Area: 0.0003207982609861434
CentroidX: 0.4921
CentroidY: 0.7441
