Location: Document_2025-04-19_205723-1.png_Gaussian-Closing.png
Component: component_1745101751817_216.png
centerX: 0.22202591283863368
centerY: 0.33162173727000427
width: 0.030035335689045935
height: 0.02781343602909713
Area: 0.00037825466593888554
CentroidX: 0.2363
CentroidY: 0.3462
