Location: 2025-04-19_205656-1.png_Mean-Closing.png
Component: component_1745101752088_97.png
centerX: 0.8303886925795053
centerY: 0.15190415062045357
width: 0.028268551236749116
height: 0.0235344458707745
Area: 0.00034625044037310375
CentroidX: 0.8439
CentroidY: 0.1646
