Location: Document_2025-04-19_205723-1.png_Gaussian-Closing.png
Component: component_1745101751897_366.png
centerX: 0.408716136631331
centerY: 0.6277278562259306
width: 0.02944640753828033
height: 0.024818142918271287
Area: 0.00035708651674577004
CentroidX: 0.4232
CentroidY: 0.6414
