Location: 2025-04-19_205656-1.png_Gaussian-Closing.png
Component: component_1745101751953_122.png
centerX: 0.8945818610129564
centerY: 0.18356867779204109
width: 0.02944640753828033
height: 0.024390243902439025
Area: 0.0003580945238502041
CentroidX: 0.9086
CentroidY: 0.1967
