Location: 2025-04-19_205656-1.png_Mean-Closing.png
Component: component_1745101752080_51.png
centerX: 0.0812720848056537
centerY: 0.058622165169020114
width: 0.02944640753828033
height: 0.0235344458707745
Area: 0.0003744746392972578
CentroidX: 0.0942
CentroidY: 0.0713
