Location: 2025-04-19_205656-1.png_Mean-Closing.png
Component: component_1745101752095_140.png
centerX: 0.7408716136631331
centerY: 0.2186563970902867
width: 0.030624263839811542
height: 0.025246041934103552
Area: 0.00039261876717707107
CentroidX: 0.7548
CentroidY: 0.2321
