Location: Document_2025-04-19_205723-1.png_Gaussian-Closing.png
Component: component_1745101751785_145.png
centerX: 0.5300353356890459
centerY: 0.20239623448866068
width: 0.025323910482921083
height: 0.026529738981600343
Area: 0.0002436857174969369
CentroidX: 0.5426
CentroidY: 0.2166
