Location: 2025-04-19_205656-1.png_Mean-Closing.png
Component: component_1745101752092_120.png
centerX: 0.4923439340400471
centerY: 0.188275566966196
width: 0.030624263839811542
height: 0.02781343602909713
Area: 0.0004115189003852099
CentroidX: 0.5074
CentroidY: 0.2031
