Location: 2025-04-19_205656-1.png_Otsu.png
Component: component_1745101751476_357.png
centerX: 0.532979976442874
centerY: 0.6345742404792469
width: 0.03121319199057715
height: 0.026529738981600343
Area: 0.0003210502627622519
CentroidX: 0.5488
CentroidY: 0.6492
