Location: Document_2025-04-19_205723-1.png_Gaussian-Closing.png
Component: component_1745101751893_345.png
centerX: 0.31095406360424027
centerY: 0.5943517329910141
width: 0.030035335689045935
height: 0.02738553701326487
Area: 0.00040194283289308623
CentroidX: 0.3258
CentroidY: 0.6088
