Location: 2025-04-19_205656-1.png_Gaussian-Closing.png
Component: component_1745101751966_184.png
centerX: 0.6743227326266196
centerY: 0.2982456140350877
width: 0.037102473498233215
height: 0.024390243902439025
Area: 0.00039387877605761364
CentroidX: 0.6917
CentroidY: 0.3114
