Location: 2025-04-19_205656-1.png_Otsu.png
Component: component_1745101751407_38.png
centerX: 0.8610129564193169
centerY: 0.05391527599486521
width: 0.026501766784452298
height: 0.02139495079161318
Area: 0.000328862317821616
CentroidX: 0.8737
CentroidY: 0.0654
