Location: Document_2025-04-19_205723-1.png_Gaussian-Closing.png
Component: component_1745101751887_332.png
centerX: 0.7338044758539458
centerY: 0.5806589644843817
width: 0.030624263839811542
height: 0.030380830124090714
Area: 0.0004195829572206825
CentroidX: 0.7493
CentroidY: 0.5977
