Location: Document_2025-04-19_205723-1.png_Gaussian-Closing.png
Component: component_1745101751783_132.png
centerX: 0.12190812720848057
centerY: 0.17586649550706032
width: 0.028268551236749116
height: 0.0235344458707745
Area: 0.00023738567309422397
CentroidX: 0.1358
CentroidY: 0.1888
