Location: 2025-04-19_205656-1.png_Otsu.png
Component: component_1745101751438_193.png
centerX: 0.6354534746760895
centerY: 0.33547282841249465
width: 0.03180212014134275
height: 0.024818142918271287
Area: 0.000342974417283693
CentroidX: 0.6508
CentroidY: 0.3486
