Location: 2025-04-19_205656-1.png_Gaussian-Closing.png
Component: component_1745101751938_51.png
centerX: 0.8998822143698468
centerY: 0.051347881899871634
width: 0.037102473498233215
height: 0.020967051775780916
Area: 0.00038959474586376886
CentroidX: 0.9174
CentroidY: 0.0637
