Location: 2025-04-19_205656-1.png_Mean-Closing.png
Component: component_1745101752145_399.png
centerX: 0.6378091872791519
centerY: 0.764655541292255
width: 0.028857479387514724
height: 0.025673940949935817
Area: 0.00032231027164279454
CentroidX: 0.6524
CentroidY: 0.7784
