Location: 2025-04-19_205656-1.png_Mean-Closing.png
Component: component_1745101752147_406.png
centerX: 0.3710247349823322
centerY: 0.7757809157038938
width: 0.030035335689045935
height: 0.026957637997432605
Area: 0.00034196641017925897
CentroidX: 0.3847
CentroidY: 0.7903
