Location: Document_2025-04-19_205723-1.png_Gaussian-Closing.png
Component: component_1745101751710_48.png
centerX: 0.8798586572438163
centerY: 0.051775780915703895
width: 0.027090694935217905
height: 0.025246041934103552
Area: 0.000287030022987602
CentroidX: 0.8926
CentroidY: 0.0661
