Location: 2025-04-19_205656-1.png_Otsu.png
Component: component_1745101751470_327.png
centerX: 0.6925795053003534
centerY: 0.5905006418485238
width: 0.032391048292108364
height: 0.022250748823277707
Area: 0.00018396129655921814
CentroidX: 0.7057
CentroidY: 0.6047
