Location: 2025-04-19_205656-1.png_Gaussian-Closing.png
Component: component_1745101751943_70.png
centerX: 0.7732626619552415
centerY: 0.08600770218228498
width: 0.02767962308598351
height: 0.02267864783910997
Area: 0.0003505344705669486
CentroidX: 0.7864
CentroidY: 0.0980
