Location: 2025-04-19_205656-1.png_Mean-Closing.png
Component: component_1745101752155_445.png
centerX: 0.3833922261484099
centerY: 0.8609328198545143
width: 0.03356890459363958
height: 0.026529738981600343
Area: 0.0003402023977464993
CentroidX: 0.3996
CentroidY: 0.8757
