Location: 2025-04-19_205656-1.png_Otsu.png
Component: component_1745101751441_205.png
centerX: 0.15371024734982333
centerY: 0.36029097133076593
width: 0.030035335689045935
height: 0.024390243902439025
Area: 0.00032835831426939897
CentroidX: 0.1674
CentroidY: 0.3731
