Location: 2025-04-19_205656-1.png_Gaussian-Closing.png
Component: component_1745101751956_138.png
centerX: 0.1413427561837456
centerY: 0.196405648267009
width: 0.03121319199057715
height: 0.02267864783910997
Area: 0.00036565457713345965
CentroidX: 0.1565
CentroidY: 0.2085
