Location: Document_2025-04-19_205723-1.png_Gaussian-Closing.png
Component: component_1745101751897_367.png
centerX: 0.3115429917550059
centerY: 0.6302952503209243
width: 0.032391048292108364
height: 0.02738553701326487
Area: 0.00038984674763987737
CentroidX: 0.3272
CentroidY: 0.6460
