Location: 2025-04-19_205656-1.png_Otsu.png
Component: component_1745101751655_572.png
centerX: 0.49352179034157834
centerY: 0.9653401797175867
width: 0.02944640753828033
height: 0.02610183996576808
Area: 0.0002540177903173862
CentroidX: 0.5077
CentroidY: 0.9793
