Location: Document_2025-04-19_205723-1.png_Gaussian-Closing.png
Component: component_1745101751822_235.png
centerX: 0.27267373380447585
centerY: 0.3718442447582371
width: 0.03121319199057715
height: 0.02738553701326487
Area: 0.0004014388293408692
CentroidX: 0.2891
CentroidY: 0.3868
