Location: 2025-04-19_205656-1.png_Gaussian-Closing.png
Component: component_1745101752015_347.png
centerX: 0.6666666666666666
centerY: 0.6320068463842533
width: 0.030035335689045935
height: 0.023106546854942234
Area: 0.00033491036044822043
CentroidX: 0.6826
CentroidY: 0.6448
