Location: 2025-04-19_205656-1.png_Gaussian-Closing.png
Component: component_1745101751979_239.png
centerX: 0.8998822143698468
centerY: 0.43089430894308944
width: 0.028857479387514724
height: 0.025673940949935817
Area: 0.0003470064457014293
CentroidX: 0.9147
CentroidY: 0.4443
