Location: easy26_Mean-Closing.png
Component: component_1744297382157_930.png
centerX: 0.38467741935483873
centerY: 0.7260536398467433
width: 0.01532258064516129
height: 0.014367816091954023
Area: 0.00010775862068965517
CentroidX: 0.3911
CentroidY: 0.7335
