Location: 2025-04-19_205656-1.png_Otsu.png
Component: component_1745101751654_570.png
centerX: 0.4452296819787986
centerY: 0.9649122807017544
width: 0.027090694935217905
height: 0.02738553701326487
Area: 0.0002595618293917736
CentroidX: 0.4581
CentroidY: 0.9794
