Location: 2025-04-19_205656-1.png_Otsu.png
Component: component_1745101751428_145.png
centerX: 0.05653710247349823
centerY: 0.23705605477107403
width: 0.020023557126030624
height: 0.012836970474967908
Area: 0.0001287729075914527
CentroidX: 0.0687
CentroidY: 0.2450
