Location: Document_2025-04-19_205723-1.png_Gaussian-Closing.png
Component: component_1745101751870_290.png
centerX: 0.7526501766784452
centerY: 0.49122807017543857
width: 0.028268551236749116
height: 0.02781343602909713
Area: 0.00039765880269924145
CentroidX: 0.7665
CentroidY: 0.5060
