Location: 2025-04-19_205656-1.png_Mean-Closing.png
Component: component_1745101752133_346.png
centerX: 0.2868080094228504
centerY: 0.6486949080017116
width: 0.03769140164899882
height: 0.026957637997432605
Area: 0.00040345484354973736
CentroidX: 0.3040
CentroidY: 0.6642
