Location: 2025-04-19_205656-1.png_Otsu.png
Component: component_1745101751490_415.png
centerX: 0.2791519434628975
centerY: 0.7389816003423192
width: 0.02944640753828033
height: 0.0235344458707745
Area: 0.0001806852734698074
CentroidX: 0.2907
CentroidY: 0.7539
