Location: 2025-04-19_205656-1.png_Otsu.png
Component: component_1745101751509_462.png
centerX: 0.43109540636042404
centerY: 0.8177150192554558
width: 0.02767962308598351
height: 0.026529738981600343
Area: 0.0002998821135691364
CentroidX: 0.4455
CentroidY: 0.8324
