Location: 2025-04-19_205656-1.png_Otsu.png
Component: component_1745101751452_246.png
centerX: 0.05182567726737338
centerY: 0.44801026957637996
width: 0.02591283863368669
height: 0.025673940949935817
Area: 0.0002222655665277129
CentroidX: 0.0591
CentroidY: 0.4636
