Location: 2025-04-19_205656-1.png_Otsu.png
Component: component_1745101751488_409.png
centerX: 0.4787985865724382
centerY: 0.7312794180573384
width: 0.027090694935217905
height: 0.024390243902439025
Area: 0.00029307806561420645
CentroidX: 0.4921
CentroidY: 0.7441
