Location: 2025-04-19_205656-1.png_Gaussian-Closing.png
Component: component_1745101751966_183.png
centerX: 0.6254416961130742
centerY: 0.2982456140350877
width: 0.030624263839811542
height: 0.02610183996576808
Area: 0.00037699465705834297
CentroidX: 0.6402
CentroidY: 0.3122
