Location: 2025-04-19_205656-1.png_Gaussian-Closing.png
Component: component_1745101751967_188.png
centerX: 0.45995288574793874
centerY: 0.30466409927257165
width: 0.03180212014134275
height: 0.02610183996576808
Area: 0.00038631872277435813
CentroidX: 0.4744
CentroidY: 0.3194
