Location: 2025-04-19_205656-1.png_Mean-Closing.png
Component: component_1745101752132_339.png
centerX: 0.6666666666666666
centerY: 0.6320068463842533
width: 0.030035335689045935
height: 0.023106546854942234
Area: 0.0003422184119553675
CentroidX: 0.6827
CentroidY: 0.6448
