Location: 2025-04-19_205656-1.png_Otsu.png
Component: component_1745101751419_101.png
centerX: 0.24440518256772673
centerY: 0.1600342319212666
width: 0.032391048292108364
height: 0.02267864783910997
Area: 0.0003273503071649649
CentroidX: 0.2592
CentroidY: 0.1721
