Location: easy16_Gaussian-Median.png
Component: component_1744297381688_247.png
centerX: 0.6548387096774193
centerY: 0.1781609195402299
width: 0.016129032258064516
height: 0.014846743295019157
Area: 0.00010814485230503028
CentroidX: 0.6621
CentroidY: 0.1858
