Location: Document_2025-04-19_205723-1.png_Gaussian-Closing.png
Component: component_1745101751883_317.png
centerX: 0.46878680800942285
centerY: 0.537441163885323
width: 0.030035335689045935
height: 0.028241335044929396
Area: 0.00039539078671426477
CentroidX: 0.4834
CentroidY: 0.5527
