Location: 2025-04-19_205656-1.png_Mean-Closing.png
Component: component_1745101752171_516.png
centerX: 0.09363957597173145
centerY: 0.9768934531450578
width: 0.027090694935217905
height: 0.023106546854942234
Area: 0.0002882900318681446
CentroidX: 0.1063
CentroidY: 0.9891
