Location: 2025-04-19_205656-1.png_Otsu.png
Component: component_1745101751448_226.png
centerX: 0.1501766784452297
centerY: 0.4022250748823278
width: 0.032391048292108364
height: 0.025673940949935817
Area: 0.00035708651674577004
CentroidX: 0.1644
CentroidY: 0.4158
