Location: Document_2025-04-19_205723-1.png_Gaussian-Closing.png
Component: component_1745101751709_43.png
centerX: 0.2667844522968198
centerY: 0.025673940949935817
width: 0.02591283863368669
height: 0.02738553701326487
Area: 0.00032483028940387973
CentroidX: 0.2788
CentroidY: 0.0394
