Location: 2025-04-19_205656-1.png_Otsu.png
Component: component_1745101751470_329.png
centerX: 0.5565371024734982
centerY: 0.5956354300385109
width: 0.030035335689045935
height: 0.025246041934103552
Area: 0.00032508229117998825
CentroidX: 0.5706
CentroidY: 0.6092
