Location: 2025-04-19_205656-1.png_Otsu.png
Component: component_1745101751464_297.png
centerX: 0.7974087161366313
centerY: 0.5459991442019684
width: 0.03297997644287397
height: 0.024818142918271287
Area: 0.00033314634801546084
CentroidX: 0.8141
CentroidY: 0.5591
