Location: 2025-04-19_205656-1.png_Mean-Closing.png
Component: component_1745101752092_123.png
centerX: 0.5977620730270907
centerY: 0.1904150620453573
width: 0.027090694935217905
height: 0.024818142918271287
Area: 0.00036464657002902555
CentroidX: 0.6096
CentroidY: 0.2037
