Location: 2025-04-19_205656-1.png_Otsu.png
Component: component_1745101751414_70.png
centerX: 0.6702002355712603
centerY: 0.1198117244330338
width: 0.030624263839811542
height: 0.02396234488660676
Area: 0.00033843838531373967
CentroidX: 0.6833
CentroidY: 0.1328
