Location: 2025-04-19_205656-1.png_Mean-Closing.png
Component: component_1745101752148_413.png
centerX: 0.04122497055359246
centerY: 0.7886178861788617
width: 0.02591283863368669
height: 0.023106546854942234
Area: 0.00033617036932876305
CentroidX: 0.0526
CentroidY: 0.8015
