Location: Document_2025-04-19_205723-1.png_Gaussian-Closing.png
Component: component_1745101751899_374.png
centerX: 0.9546525323910483
centerY: 0.6474112109542148
width: 0.026501766784452298
height: 0.02396234488660676
Area: 0.0003081981721807175
CentroidX: 0.9683
CentroidY: 0.6606
