Location: 2025-04-19_205656-1.png_Mean-Closing.png
Component: component_1745101752093_127.png
centerX: 0.2850412249705536
centerY: 0.19341035515618313
width: 0.03180212014134275
height: 0.025246041934103552
Area: 0.0003797666765955366
CentroidX: 0.3002
CentroidY: 0.2067
