Location: 2025-04-19_205656-1.png_Mean-Closing.png
Component: component_1745101752106_208.png
centerX: 0.20259128386336867
centerY: 0.35772357723577236
width: 0.028268551236749116
height: 0.024818142918271287
Area: 0.00037573464817780035
CentroidX: 0.2167
CentroidY: 0.3706
