Location: 2025-04-19_205656-1.png_Otsu.png
Component: component_1745101751541_496.png
centerX: 0.038869257950530034
centerY: 0.8737697903294822
width: 0.02767962308598351
height: 0.023106546854942234
Area: 0.000300638118897462
CentroidX: 0.0509
CentroidY: 0.8858
