Location: 2025-04-19_205656-1.png_Gaussian-Closing.png
Component: component_1745101751949_101.png
centerX: 0.27208480565371024
centerY: 0.1245186136071887
width: 0.03121319199057715
height: 0.02396234488660676
Area: 0.00037069461265563
CentroidX: 0.2868
CentroidY: 0.1373
