Location: Document_2025-04-19_205723-1.png_Gaussian-Closing.png
Component: component_1745101751884_322.png
centerX: 0.23380447585394581
centerY: 0.5468549422336328
width: 0.02767962308598351
height: 0.02610183996576808
Area: 0.00038556271744603253
CentroidX: 0.2474
CentroidY: 0.5611
