Location: 2025-04-19_205656-1.png_Gaussian-Closing.png
Component: component_1745101752044_514.png
centerX: 0.7826855123674912
centerY: 0.9602053915275995
width: 0.03121319199057715
height: 0.028241335044929396
Area: 0.00034599843859699523
CentroidX: 0.7985
CentroidY: 0.9755
