Location: easy64_Gaussian-Closing.png
Component: component_1744297381473_1089.png
centerX: 0.3851269649334946
centerY: 0.6998717400598546
width: 0.008464328899637243
height: 0.00983326207781103
Area: 5.2730809733280324e-05
CentroidX: 0.3887
CentroidY: 0.7043
