Location: 2025-04-19_205656-1.png_Gaussian-Closing.png
Component: component_1745101751996_286.png
centerX: 0.5047114252061249
centerY: 0.519469405220368
width: 0.035924617196702
height: 0.025246041934103552
Area: 0.00035708651674577004
CentroidX: 0.5225
CentroidY: 0.5329
