Location: 2025-04-19_205656-1.png_Mean-Closing.png
Component: component_1745101752161_473.png
centerX: 0.18610129564193167
centerY: 0.9062901155327343
width: 0.028268551236749116
height: 0.024818142918271287
Area: 0.0003104661881656942
CentroidX: 0.2001
CentroidY: 0.9197
