Location: 2025-04-19_205656-1.png_Otsu.png
Component: component_1745101751434_171.png
centerX: 0.7290930506478209
centerY: 0.2943945228925973
width: 0.03121319199057715
height: 0.0235344458707745
Area: 0.0003457464368208867
CentroidX: 0.7439
CentroidY: 0.3070
