Location: 2025-04-19_205656-1.png_Gaussian-Closing.png
Component: component_1745101751938_53.png
centerX: 0.3504122497055359
centerY: 0.05220367993153616
width: 0.028857479387514724
height: 0.024818142918271287
Area: 0.0004175669430118143
CentroidX: 0.3635
CentroidY: 0.0651
