Location: 2025-04-19_205656-1.png_Otsu.png
Component: component_1745101751426_135.png
centerX: 0.5753828032979976
centerY: 0.2255027813436029
width: 0.038869257950530034
height: 0.02267864783910997
Area: 0.00023007762158707695
CentroidX: 0.5892
CentroidY: 0.2400
