Location: 2025-04-19_205656-1.png_Gaussian-Closing.png
Component: component_1745101752031_430.png
centerX: 0.6413427561837456
centerY: 0.811724433033804
width: 0.030624263839811542
height: 0.025673940949935817
Area: 0.0003318863391349182
CentroidX: 0.6571
CentroidY: 0.8250
