Location: 2025-04-19_205656-1.png_Gaussian-Closing.png
Component: component_1745101752019_369.png
centerX: 0.6224970553592462
centerY: 0.686777920410783
width: 0.03297997644287397
height: 0.024818142918271287
Area: 0.0002225175683038214
CentroidX: 0.6345
CentroidY: 0.7028
