Location: 2025-04-19_205656-1.png_Gaussian-Closing.png
Component: component_1745101751934_35.png
centerX: 0.8309776207302709
centerY: 0.019255455712451863
width: 0.03180212014134275
height: 0.022250748823277707
Area: 0.0003832947014610559
CentroidX: 0.8462
CentroidY: 0.0312
