Location: 2025-04-19_205656-1.png_Gaussian-Closing.png
Component: component_1745101751970_203.png
centerX: 0.6348645465253239
centerY: 0.33547282841249465
width: 0.032391048292108364
height: 0.024818142918271287
Area: 0.0003744746392972578
CentroidX: 0.6509
CentroidY: 0.3486
