Location: 2025-04-19_205656-1.png_Gaussian-Closing.png
Component: component_1745101752023_389.png
centerX: 0.6195524146054181
centerY: 0.7261446298673513
width: 0.03297997644287397
height: 0.02396234488660676
Area: 0.0003442344261642356
CentroidX: 0.6348
CentroidY: 0.7398
