Location: Document_2025-04-19_205723-1.png_Gaussian-Closing.png
Component: component_1745101751900_379.png
centerX: 0.7355712603062426
centerY: 0.6534017971758665
width: 0.02944640753828033
height: 0.02738553701326487
Area: 0.00035028246879084
CentroidX: 0.7505
CentroidY: 0.6687
