Location: Document_2025-04-19_205723-1.png_Gaussian-Closing.png
Component: component_1745101751714_57.png
centerX: 0.5818610129564193
centerY: 0.05562687205819426
width: 0.027090694935217905
height: 0.02610183996576808
Area: 0.0002908100496292298
CentroidX: 0.5936
CentroidY: 0.0698
