Location: 2025-04-19_205656-1.png_Gaussian-Closing.png
Component: component_1745101751958_145.png
centerX: 0.7408716136631331
centerY: 0.2186563970902867
width: 0.030624263839811542
height: 0.025246041934103552
Area: 0.0003900987494159859
CentroidX: 0.7547
CentroidY: 0.2322
