Location: 2025-04-19_205656-1.png_Otsu.png
Component: component_1745101751409_43.png
centerX: 0.0812720848056537
centerY: 0.059050064184852376
width: 0.02944640753828033
height: 0.023106546854942234
Area: 0.0003558265078652274
CentroidX: 0.0942
CentroidY: 0.0713
