Location: 2025-04-19_205656-1.png_Mean-Closing.png
Component: component_1745101752082_60.png
centerX: 0.5200235571260307
centerY: 0.08686350021394951
width: 0.03121319199057715
height: 0.024390243902439025
Area: 0.00039186276184874553
CentroidX: 0.5331
CentroidY: 0.0993
