Location: 2025-04-19_205656-1.png_Otsu.png
Component: component_1745101751411_57.png
centerX: 0.7190812720848057
centerY: 0.08814719726144629
width: 0.030035335689045935
height: 0.02011125374411639
Area: 0.00021722553100554252
CentroidX: 0.7301
CentroidY: 0.1008
