Location: 2025-04-19_205656-1.png_Gaussian-Closing.png
Component: component_1745101752021_382.png
centerX: 0.9528857479387515
centerY: 0.7175866495507061
width: 0.028268551236749116
height: 0.02267864783910997
Area: 0.00033037432847826713
CentroidX: 0.9665
CentroidY: 0.7299
