Location: Document_2025-04-19_205723-1.png_Gaussian-Closing.png
Component: component_1745101751722_69.png
centerX: 0.9305064782096584
centerY: 0.08130081300813008
width: 0.030624263839811542
height: 0.024390243902439025
Area: 0.00027720195371936984
CentroidX: 0.9447
CentroidY: 0.0942
