Location: 2025-04-19_205656-1.png_Mean-Closing.png
Component: component_1745101752075_21.png
centerX: 0.6042402826855123
centerY: 0.019255455712451863
width: 0.02767962308598351
height: 0.022250748823277707
Area: 0.0003669145860140022
CentroidX: 0.6165
CentroidY: 0.0316
