Location: 2025-04-19_205656-1.png_Otsu.png
Component: component_1745101751419_99.png
centerX: 0.35217903415783275
centerY: 0.15832263585793752
width: 0.034746760895170786
height: 0.0235344458707745
Area: 0.00035910253095463814
CentroidX: 0.3672
CentroidY: 0.1708
