Location: 2025-04-19_205656-1.png_Otsu.png
Component: component_1745101751453_248.png
centerX: 0.1501766784452297
centerY: 0.44843816859221225
width: 0.035924617196702
height: 0.0235344458707745
Area: 0.000342974417283693
CentroidX: 0.1655
CentroidY: 0.4612
