Location: 2025-04-19_205656-1.png_Mean-Closing.png
Component: component_1745101752101_182.png
centerX: 0.565959952885748
centerY: 0.29995721009841675
width: 0.03651354534746761
height: 0.02610183996576808
Area: 0.00040471485243027993
CentroidX: 0.5802
CentroidY: 0.3137
