Location: 2025-04-19_205656-1.png_Mean-Closing.png
Component: component_1745101752129_324.png
centerX: 0.33156654888103654
centerY: 0.6054771074026529
width: 0.037102473498233215
height: 0.02610183996576808
Area: 0.0003719546215361726
CentroidX: 0.3503
CentroidY: 0.6199
