Location: 2025-04-19_205656-1.png_Otsu.png
Component: component_1745101751472_340.png
centerX: 0.23616018845700826
centerY: 0.6114676936243046
width: 0.030035335689045935
height: 0.024390243902439025
Area: 0.00019076534451414813
CentroidX: 0.2477
CentroidY: 0.6269
