Location: 2025-04-19_205656-1.png_Otsu.png
Component: component_1745101751646_550.png
centerX: 0.18374558303886926
centerY: 0.9422336328626444
width: 0.03180212014134275
height: 0.02396234488660676
Area: 0.00017841725748483076
CentroidX: 0.1962
CentroidY: 0.9583
