Location: 2025-04-19_205656-1.png_Mean-Closing.png
Component: component_1745101752110_223.png
centerX: 0.40518256772673733
centerY: 0.39152759948652116
width: 0.03180212014134275
height: 0.025246041934103552
Area: 0.000385310715669924
CentroidX: 0.4203
CentroidY: 0.4050
