Location: 2025-04-19_205656-1.png_Gaussian-Closing.png
Component: component_1745101751983_253.png
centerX: 0.05123674911660778
centerY: 0.4475823705605477
width: 0.03121319199057715
height: 0.02610183996576808
Area: 0.0003963987938186988
CentroidX: 0.0643
CentroidY: 0.4614
