Location: 2025-04-19_205656-1.png_Otsu.png
Component: component_1745101751509_464.png
centerX: 0.284452296819788
centerY: 0.8249893025246042
width: 0.03180212014134275
height: 0.02738553701326487
Area: 0.0003207982609861434
CentroidX: 0.2994
CentroidY: 0.8395
