Location: 2025-04-19_205656-1.png_Gaussian-Closing.png
Component: component_1745101751968_194.png
centerX: 0.1519434628975265
centerY: 0.3157894736842105
width: 0.030624263839811542
height: 0.02738553701326487
Area: 0.0004009348257886522
CentroidX: 0.1662
CentroidY: 0.3301
