Location: 2025-04-19_205656-1.png_Mean-Closing.png
Component: component_1745101752131_335.png
centerX: 0.7608951707891637
centerY: 0.6277278562259306
width: 0.03180212014134275
height: 0.025673940949935817
Area: 0.0003580945238502041
CentroidX: 0.7779
CentroidY: 0.6417
