Location: 2025-04-19_205656-1.png_Otsu.png
Component: component_1745101751434_169.png
centerX: 0.8280329799764429
centerY: 0.2892597347026102
width: 0.03121319199057715
height: 0.02396234488660676
Area: 0.00034322641905980153
CentroidX: 0.8414
CentroidY: 0.3020
