Location: 2025-04-19_205656-1.png_Gaussian-Closing.png
Component: component_1745101751934_32.png
centerX: 0.37338044758539457
centerY: 0.018827556696619598
width: 0.02944640753828033
height: 0.02139495079161318
Area: 0.00033793438176152264
CentroidX: 0.3872
CentroidY: 0.0294
