Location: 2025-04-19_205656-1.png_Otsu.png
Component: component_1745101751425_130.png
centerX: 0.7873969375736161
centerY: 0.2173727000427899
width: 0.03356890459363958
height: 0.02139495079161318
Area: 0.0003402023977464993
CentroidX: 0.8012
CentroidY: 0.2297
