Location: 2025-04-19_205656-1.png_Mean-Closing.png
Component: component_1745101752080_52.png
centerX: 0.9611307420494699
centerY: 0.08087291399229782
width: 0.030624263839811542
height: 0.024818142918271287
Area: 0.00039665079559480734
CentroidX: 0.9755
CentroidY: 0.0948
