Location: Document_2025-04-19_205723-1.png_Gaussian-Closing.png
Component: component_1745101751775_110.png
centerX: 0.12661955241460543
centerY: 0.13778348309798888
width: 0.02944640753828033
height: 0.02396234488660676
Area: 0.0002590578258395565
CentroidX: 0.1392
CentroidY: 0.1503
