Location: 2025-04-19_205656-1.png_Gaussian-Closing.png
Component: component_1745101751971_212.png
centerX: 0.2479387514723204
centerY: 0.3547282841249465
width: 0.03297997644287397
height: 0.025673940949935817
Area: 0.00040345484354973736
CentroidX: 0.2637
CentroidY: 0.3685
