Location: 2025-04-19_205656-1.png_Otsu.png
Component: component_1745101751496_446.png
centerX: 0.17432273262661954
centerY: 0.785622593068036
width: 0.032391048292108364
height: 0.02396234488660676
Area: 0.00030668616152406644
CentroidX: 0.1887
CentroidY: 0.7989
