Location: 2025-04-19_205656-1.png_Mean-Closing.png
Component: component_1745101752077_36.png
centerX: 0.5818610129564193
centerY: 0.051347881899871634
width: 0.0353356890459364
height: 0.022250748823277707
Area: 0.0003795146748194281
CentroidX: 0.5978
CentroidY: 0.0639
