Location: Document_2025-04-19_205723-1.png_Gaussian-Closing.png
Component: component_1745101751804_172.png
centerX: 0.30624263839811544
centerY: 0.2537441163885323
width: 0.028857479387514724
height: 0.02610183996576808
Area: 0.0003724586250883896
CentroidX: 0.3182
CentroidY: 0.2675
