Location: Document_2025-04-19_205723-1.png_Gaussian-Closing.png
Component: component_1745101751868_287.png
centerX: 0.6001177856301532
centerY: 0.49080017115960634
width: 0.03121319199057715
height: 0.02866923406076166
Area: 0.0004304190335933488
CentroidX: 0.6159
CentroidY: 0.5066
