Location: Document_2025-04-19_205723-1.png_Gaussian-Closing.png
Component: component_1745101751786_148.png
centerX: 0.40577149587750294
centerY: 0.2079589216944801
width: 0.02591283863368669
height: 0.026957637997432605
Area: 0.00027417793240606757
CentroidX: 0.4181
CentroidY: 0.2228
