Location: 2025-04-19_205656-1.png_Gaussian-Closing.png
Component: component_1745101751992_275.png
centerX: 0.19022379269729092
centerY: 0.4899443731279418
width: 0.03415783274440518
height: 0.024818142918271287
Area: 0.0003772466588344515
CentroidX: 0.2057
CentroidY: 0.5031
