Location: 2025-04-19_205656-1.png_Otsu.png
Component: component_1745101751489_412.png
centerX: 0.4275618374558304
centerY: 0.7334189131364998
width: 0.03180212014134275
height: 0.02396234488660676
Area: 0.00019656138536464405
CentroidX: 0.4401
CentroidY: 0.7488
