Location: 2025-04-19_205656-1.png_Otsu.png
Component: component_1745101751412_59.png
centerX: 0.21908127208480566
centerY: 0.09028669234060761
width: 0.03180212014134275
height: 0.0235344458707745
Area: 0.00035204648122359966
CentroidX: 0.2346
CentroidY: 0.1032
