Location: 2025-04-19_205656-1.png_Gaussian-Closing.png
Component: component_1745101751978_237.png
centerX: 0.0983510011778563
centerY: 0.40265297389816
width: 0.03651354534746761
height: 0.024818142918271287
Area: 0.0003737186339689322
CentroidX: 0.1145
CentroidY: 0.4158
