Location: 2025-04-19_205656-1.png_Otsu.png
Component: component_1745101751404_33.png
centerX: 0.3510011778563015
centerY: 0.05220367993153616
width: 0.028268551236749116
height: 0.024818142918271287
Area: 0.000391610760072637
CentroidX: 0.3636
CentroidY: 0.0651
