Location: 2025-04-19_205656-1.png_Gaussian-Closing.png
Component: component_1745101751992_274.png
centerX: 0.1425206124852768
centerY: 0.4899443731279418
width: 0.028857479387514724
height: 0.024818142918271287
Area: 0.0003427224155075845
CentroidX: 0.1572
CentroidY: 0.5024
