Location: Document_2025-04-19_205723-1.png_Gaussian-Closing.png
Component: component_1745101751830_255.png
centerX: 0.22379269729093051
centerY: 0.42148053059477963
width: 0.034746760895170786
height: 0.02738553701326487
Area: 0.0004059748613108225
CentroidX: 0.2408
CentroidY: 0.4360
