Location: 2025-04-19_205656-1.png_Gaussian-Closing.png
Component: component_1745101752034_447.png
centerX: 0.7491166077738516
centerY: 0.8485237483953787
width: 0.03121319199057715
height: 0.026957637997432605
Area: 0.0003374303782093056
CentroidX: 0.7655
CentroidY: 0.8641
