Location: 2025-04-19_205656-1.png_Gaussian-Closing.png
Component: component_1745101751933_26.png
centerX: 0.039458186101295645
centerY: 0.01797175866495507
width: 0.02120141342756184
height: 0.030380830124090714
Area: 0.0004029508399975203
CentroidX: 0.0480
CentroidY: 0.0327
