Location: Document_2025-04-19_205723-1.png_Gaussian-Closing.png
Component: component_1745101751804_173.png
centerX: 0.21554770318021202
centerY: 0.25459991442019686
width: 0.030624263839811542
height: 0.02866923406076166
Area: 0.00035759052029798706
CentroidX: 0.2305
CentroidY: 0.2699
