Location: 2025-04-19_205656-1.png_Mean-Closing.png
Component: component_1745101752134_351.png
centerX: 0.08892815076560659
centerY: 0.6611039794608472
width: 0.03415783274440518
height: 0.0235344458707745
Area: 0.00034650244214921226
CentroidX: 0.1061
CentroidY: 0.6738
