Location: 2025-04-19_205656-1.png_Gaussian-Closing.png
Component: component_1745101751946_87.png
centerX: 0.6189634864546525
centerY: 0.1198117244330338
width: 0.030035335689045935
height: 0.025673940949935817
Area: 0.00038153068902829627
CentroidX: 0.6324
CentroidY: 0.1339
