Location: 2025-04-19_205656-1.png_Otsu.png
Component: component_1745101751475_352.png
centerX: 0.5789163722025913
centerY: 0.6302952503209243
width: 0.03121319199057715
height: 0.026957637997432605
Area: 0.0003180262414489497
CentroidX: 0.5945
CentroidY: 0.6453
