Location: easy26_Mean-Closing.png
Component: component_1744297382120_737.png
centerX: 0.18306451612903227
centerY: 0.6135057471264368
width: 0.016129032258064516
height: 0.014367816091954023
Area: 0.00010930354715115561
CentroidX: 0.1896
CentroidY: 0.6208
