Location: 2025-04-19_205656-1.png_Gaussian-Closing.png
Component: component_1745101752017_356.png
centerX: 0.1896348645465253
centerY: 0.6568249893025246
width: 0.027090694935217905
height: 0.0235344458707745
Area: 0.0003452424332686697
CentroidX: 0.2023
CentroidY: 0.6692
