Location: easy43_Mean-Closing.png
Component: component_1744297380559_105.png
centerX: 0.46130592503022977
centerY: 0.12954253954681488
width: 0.012091898428053204
height: 0.012825994014536126
Area: 7.340955864829222e-05
CentroidX: 0.4679
CentroidY: 0.1358
