Location: Document_2025-04-19_205723-1.png_Gaussian-Closing.png
Component: component_1745101751887_331.png
centerX: 0.8627797408716137
centerY: 0.5793752674368849
width: 0.027090694935217905
height: 0.026957637997432605
Area: 0.00036439456825291703
CentroidX: 0.8762
CentroidY: 0.5941
