Location: 2025-04-19_205656-1.png_Mean-Closing.png
Component: component_1745101752129_327.png
centerX: 0.23557126030624265
centerY: 0.6106118955926402
width: 0.03121319199057715
height: 0.025246041934103552
Area: 0.0003585985274024211
CentroidX: 0.2517
CentroidY: 0.6242
