Location: 2025-04-19_205656-1.png_Gaussian-Closing.png
Component: component_1745101751957_144.png
centerX: 0.7873969375736161
centerY: 0.2173727000427899
width: 0.03356890459363958
height: 0.021822849807445442
Area: 0.0003611185451635063
CentroidX: 0.8012
CentroidY: 0.2297
