Location: Document_2025-04-19_205723-1.png_Gaussian-Closing.png
Component: component_1745101751899_376.png
centerX: 0.8722025912838633
centerY: 0.6491228070175439
width: 0.025323910482921083
height: 0.024818142918271287
Area: 0.00030618215797184936
CentroidX: 0.8843
CentroidY: 0.6629
