Location: 2025-04-19_205656-1.png_Otsu.png
Component: component_1745101751422_113.png
centerX: 0.3875147232037691
centerY: 0.18998716302952504
width: 0.030035335689045935
height: 0.026957637997432605
Area: 0.00033365035156767786
CentroidX: 0.4028
CentroidY: 0.2045
