Location: 2025-04-19_205656-1.png_Mean-Closing.png
Component: component_1745101752138_369.png
centerX: 0.13839811542991756
centerY: 0.7017543859649122
width: 0.032391048292108364
height: 0.024390243902439025
Area: 0.0003550705025369019
CentroidX: 0.1554
CentroidY: 0.7150
