Location: 2025-04-19_205656-1.png_Mean-Closing.png
Component: component_1745101752120_281.png
centerX: 0.4134275618374558
centerY: 0.5241762943945228
width: 0.03651354534746761
height: 0.025246041934103552
Area: 0.00037850666771499405
CentroidX: 0.4305
CentroidY: 0.5380
