Location: 2025-04-19_205656-1.png_Otsu.png
Component: component_1745101751457_264.png
centerX: 0.5694935217903416
centerY: 0.48224219084296105
width: 0.03180212014134275
height: 0.024390243902439025
Area: 0.000314750218359539
CentroidX: 0.5850
CentroidY: 0.4952
