Location: Document_2025-04-19_205723-1.png_Gaussian-Closing.png
Component: component_1745101751866_284.png
centerX: 0.04711425206124853
centerY: 0.4668378262729996
width: 0.028268551236749116
height: 0.026529738981600343
Area: 0.00039463478138593923
CentroidX: 0.0600
CentroidY: 0.4810
