Location: 2025-04-19_205656-1.png_Mean-Closing.png
Component: component_1745101752151_424.png
centerX: 0.4799764428739694
centerY: 0.8168592212237912
width: 0.038869257950530034
height: 0.024818142918271287
Area: 0.00023209363579594508
CentroidX: 0.4942
CentroidY: 0.8335
