Location: 2025-04-19_205656-1.png_Mean-Closing.png
Component: component_1745101752110_225.png
centerX: 0.3003533568904594
centerY: 0.39623448866067607
width: 0.03651354534746761
height: 0.024390243902439025
Area: 0.0003986668098036755
CentroidX: 0.3172
CentroidY: 0.4095
