Location: 2025-04-19_205656-1.png_Mean-Closing.png
Component: component_1745101752167_499.png
centerX: 0.9275618374558304
centerY: 0.9576379974326059
width: 0.030624263839811542
height: 0.02866923406076166
Area: 0.0003623785540440489
CentroidX: 0.9418
CentroidY: 0.9728
