Location: 2025-04-19_205656-1.png_Gaussian-Closing.png
Component: component_1745101751968_196.png
centerX: 0.04946996466431095
centerY: 0.31878476679503637
width: 0.03121319199057715
height: 0.028241335044929396
Area: 0.00042336298386231024
CentroidX: 0.0650
CentroidY: 0.3332
