Location: 2025-04-19_205656-1.png_Mean-Closing.png
Component: component_1745101752109_218.png
centerX: 0.6967020023557126
centerY: 0.37911852802738555
width: 0.030624263839811542
height: 0.02396234488660676
Area: 0.0003845547103415985
CentroidX: 0.7115
CentroidY: 0.3919
