Location: 2025-04-19_205656-1.png_Otsu.png
Component: component_1745101751422_114.png
centerX: 0.4923439340400471
centerY: 0.18998716302952504
width: 0.030624263839811542
height: 0.025673940949935817
Area: 0.000223777577184364
CentroidX: 0.5026
CentroidY: 0.2062
