Location: 2025-04-19_205656-1.png_Otsu.png
Component: component_1745101751591_531.png
centerX: 0.947585394581861
centerY: 0.9259734702610184
width: 0.02591283863368669
height: 0.022250748823277707
Area: 0.0001650611633510793
CentroidX: 0.9579
CentroidY: 0.9401
