Location: 2025-04-19_205656-1.png_Mean-Closing.png
Component: component_1745101752150_422.png
centerX: 0.5382803297997645
centerY: 0.8147197261446298
width: 0.03415783274440518
height: 0.028241335044929396
Area: 0.0003825386961327303
CentroidX: 0.5548
CentroidY: 0.8305
