Location: 2025-04-19_205656-1.png_Mean-Closing.png
Component: component_1745101752121_286.png
centerX: 0.18492343934040048
centerY: 0.5297389816003423
width: 0.034746760895170786
height: 0.0235344458707745
Area: 0.0003795146748194281
CentroidX: 0.2013
CentroidY: 0.5426
