Location: 2025-04-19_205656-1.png_Otsu.png
Component: component_1745101751483_381.png
centerX: 0.5753828032979976
centerY: 0.6872058194266153
width: 0.032391048292108364
height: 0.026529738981600343
Area: 0.00033919439064206526
CentroidX: 0.5910
CentroidY: 0.7026
