Location: 2025-04-19_205656-1.png_Gaussian-Closing.png
Component: component_1745101752022_384.png
centerX: 0.9075382803297998
centerY: 0.7180145485665383
width: 0.02944640753828033
height: 0.02396234488660676
Area: 0.00034171440840315045
CentroidX: 0.9218
CentroidY: 0.7313
