Location: easy43_Mean-Closing.png
Component: component_1744297380597_395.png
centerX: 0.8004836759371221
centerY: 0.3227875160324925
width: 0.008464328899637243
height: 0.00983326207781103
Area: 5.324777845615562e-05
CentroidX: 0.8042
CentroidY: 0.3272
