Location: 2025-04-19_205656-1.png_Mean-Closing.png
Component: component_1745101752151_426.png
centerX: 0.38044758539458184
centerY: 0.8228498074454429
width: 0.0353356890459364
height: 0.026529738981600343
Area: 0.0003933747725053966
CentroidX: 0.3958
CentroidY: 0.8384
