Location: 2025-04-19_205656-1.png_Gaussian-Closing.png
Component: component_1745101751994_279.png
centerX: 0.892226148409894
centerY: 0.5079161317928969
width: 0.02767962308598351
height: 0.025673940949935817
Area: 0.00033087833203048416
CentroidX: 0.9058
CentroidY: 0.5213
