Location: 2025-04-19_205656-1.png_Otsu.png
Component: component_1745101751417_90.png
centerX: 0.7744405182567726
centerY: 0.1514762516046213
width: 0.04122497055359246
height: 0.025673940949935817
Area: 0.0003928707689531796
CentroidX: 0.7916
CentroidY: 0.1663
