Location: 2025-04-19_205656-1.png_Mean-Closing.png
Component: component_1745101752108_217.png
centerX: 0.6525323910482921
centerY: 0.37911852802738555
width: 0.028857479387514724
height: 0.026957637997432605
Area: 0.0003744746392972578
CentroidX: 0.6663
CentroidY: 0.3929
