Location: Document_2025-04-19_205723-1.png_Gaussian-Closing.png
Component: component_1745101751749_100.png
centerX: 0.5259128386336867
centerY: 0.1258023106546855
width: 0.026501766784452298
height: 0.025246041934103552
Area: 0.0002570418116306884
CentroidX: 0.5383
CentroidY: 0.1396
