Location: Document_2025-04-19_205723-1.png_Gaussian-Closing.png
Component: component_1745101751776_111.png
centerX: 0.08539458186101295
centerY: 0.1386392811296534
width: 0.024734982332155476
height: 0.02738553701326487
Area: 0.0002620818471528587
CentroidX: 0.0976
CentroidY: 0.1530
