Location: Document_2025-04-19_205723-1.png_Gaussian-Closing.png
Component: component_1745101751824_240.png
centerX: 0.13839811542991756
centerY: 0.38125802310654683
width: 0.028268551236749116
height: 0.024390243902439025
Area: 0.00035885052917852963
CentroidX: 0.1523
CentroidY: 0.3934
