Location: Document_2025-04-19_205723-1.png_Gaussian-Closing.png
Component: component_1745101751861_277.png
centerX: 0.3250883392226148
centerY: 0.4595635430038511
width: 0.030624263839811542
height: 0.02610183996576808
Area: 0.00039186276184874553
CentroidX: 0.3403
CentroidY: 0.4733
