Location: 2025-04-19_205656-1.png_Gaussian-Closing.png
Component: component_1745101751980_242.png
centerX: 0.7667844522968198
centerY: 0.4338896020539153
width: 0.030624263839811542
height: 0.02267864783910997
Area: 0.0003442344261642356
CentroidX: 0.7812
CentroidY: 0.4464
