Location: 2025-04-19_205656-1.png_Gaussian-Closing.png
Component: component_1745101752040_489.png
centerX: 0.04063604240282685
centerY: 0.9101412066752247
width: 0.025323910482921083
height: 0.024818142918271287
Area: 0.00032483028940387973
CentroidX: 0.0516
CentroidY: 0.9232
