Location: 2025-04-19_205656-1.png_Otsu.png
Component: component_1745101751554_513.png
centerX: 0.6236749116607774
centerY: 0.8973042362002568
width: 0.02944640753828033
height: 0.022250748823277707
Area: 0.00017413322729098595
CentroidX: 0.6345
CentroidY: 0.9124
