Location: Document_2025-04-19_205723-1.png_Gaussian-Closing.png
Component: component_1745101751894_349.png
centerX: 0.08775029446407538
centerY: 0.59734702610184
width: 0.02944640753828033
height: 0.02738553701326487
Area: 0.00037548264640169184
CentroidX: 0.1024
CentroidY: 0.6110
