Location: 2025-04-19_205656-1.png_Otsu.png
Component: component_1745101751550_508.png
centerX: 0.47762073027090696
centerY: 0.8955926401369276
width: 0.028857479387514724
height: 0.02396234488660676
Area: 0.0002814859839132146
CentroidX: 0.4926
CentroidY: 0.9087
