Location: 2025-04-19_205656-1.png_Otsu.png
Component: component_1745101751416_82.png
centerX: 0.22202591283863368
centerY: 0.1245186136071887
width: 0.03121319199057715
height: 0.023106546854942234
Area: 0.00033037432847826713
CentroidX: 0.2350
CentroidY: 0.1366
