Location: Document_2025-04-19_205723-1.png_Gaussian-Closing.png
Component: component_1745101751786_146.png
centerX: 0.48881036513545345
centerY: 0.2058194266153188
width: 0.02767962308598351
height: 0.025673940949935817
Area: 0.0002623338489289672
CentroidX: 0.5022
CentroidY: 0.2201
