Location: 2025-04-19_205656-1.png_Gaussian-Closing.png
Component: component_1745101751969_198.png
centerX: 0.9287396937573617
centerY: 0.32648694908001713
width: 0.03297997644287397
height: 0.021822849807445442
Area: 0.00037573464817780035
CentroidX: 0.9456
CentroidY: 0.3386
