Location: Document_2025-04-19_205723-1.png_Gaussian-Closing.png
Component: component_1745101751901_387.png
centerX: 0.32626619552414604
centerY: 0.6670945656824989
width: 0.03297997644287397
height: 0.02781343602909713
Area: 0.0004016908311169777
CentroidX: 0.3423
CentroidY: 0.6824
