Location: Document_2025-04-19_205723-1.png_Gaussian-Closing.png
Component: component_1745101751815_205.png
centerX: 0.7597173144876325
centerY: 0.3110825845100556
width: 0.02944640753828033
height: 0.02781343602909713
Area: 0.00043016703181724027
CentroidX: 0.7741
CentroidY: 0.3259
