Location: 2025-04-19_205656-1.png_Gaussian-Closing.png
Component: component_1745101752046_521.png
centerX: 0.444640753828033
centerY: 0.9649122807017544
width: 0.028268551236749116
height: 0.02738553701326487
Area: 0.00031928625032949233
CentroidX: 0.4582
CentroidY: 0.9799
