Location: 2025-04-19_205656-1.png_Gaussian-Closing.png
Component: component_1745101752047_529.png
centerX: 0.039458186101295645
centerY: 0.975609756097561
width: 0.02944640753828033
height: 0.024390243902439025
Area: 0.0003119781988223453
CentroidX: 0.0523
CentroidY: 0.9895
