Location: 2025-04-19_205656-1.png_Mean-Closing.png
Component: component_1745101752074_15.png
centerX: 0.0712603062426384
centerY: 0.018399657680787333
width: 0.027090694935217905
height: 0.028241335044929396
Area: 0.00042689100872782954
CentroidX: 0.0828
CentroidY: 0.0315
