Location: 2025-04-19_205656-1.png_Gaussian-Closing.png
Component: component_1745101751996_289.png
centerX: 0.36984687868080096
centerY: 0.5258878904578519
width: 0.030624263839811542
height: 0.024818142918271287
Area: 0.0003578425220740956
CentroidX: 0.3838
CentroidY: 0.5392
