Location: Document_2025-04-19_205723-1.png_Gaussian-Closing.png
Component: component_1745101751838_265.png
centerX: 0.8321554770318021
centerY: 0.4467265725288832
width: 0.026501766784452298
height: 0.029097133076593923
Area: 0.0003709466144317385
CentroidX: 0.8432
CentroidY: 0.4621
