Location: 2025-04-19_205656-1.png_Mean-Closing.png
Component: component_1745101752155_446.png
centerX: 0.18610129564193167
centerY: 0.8639281129653402
width: 0.028268551236749116
height: 0.026529738981600343
Area: 0.0003371783764331971
CentroidX: 0.1997
CentroidY: 0.8784
