Location: Document_2025-04-19_205723-1.png_Gaussian-Closing.png
Component: component_1745101751811_188.png
centerX: 0.5300353356890459
centerY: 0.2807017543859649
width: 0.032391048292108364
height: 0.028241335044929396
Area: 0.0004095028861763418
CentroidX: 0.5469
CentroidY: 0.2957
