Location: 2025-04-19_205656-1.png_Mean-Closing.png
Component: component_1745101752159_461.png
centerX: 0.7220259128386337
centerY: 0.8934531450577664
width: 0.030035335689045935
height: 0.025246041934103552
Area: 0.0003160102272400816
CentroidX: 0.7369
CentroidY: 0.9076
