Location: 2025-04-19_205656-1.png_Mean-Closing.png
Component: component_1745101752076_28.png
centerX: 0.6919905771495878
centerY: 0.02053915275994865
width: 0.030035335689045935
height: 0.021822849807445442
Area: 0.0003679225931184363
CentroidX: 0.7055
CentroidY: 0.0325
