Location: Document_2025-04-19_205723-1.png_Gaussian-Closing.png
Component: component_1745101751812_195.png
centerX: 0.2508833922261484
centerY: 0.2939666238767651
width: 0.03415783274440518
height: 0.02781343602909713
Area: 0.0004089988826241247
CentroidX: 0.2675
CentroidY: 0.3085
