Location: 2025-04-19_205656-1.png_Mean-Closing.png
Component: component_1745101752121_287.png
centerX: 0.044169611307420496
centerY: 0.5318784766795036
width: 0.026501766784452298
height: 0.024390243902439025
Area: 0.00038833473698322624
CentroidX: 0.0568
CentroidY: 0.5452
