Location: 2025-04-19_205656-1.png_Gaussian-Closing.png
Component: component_1745101751980_243.png
centerX: 0.7226148409893993
centerY: 0.4368848951647411
width: 0.02944640753828033
height: 0.02267864783910997
Area: 0.00033793438176152264
CentroidX: 0.7357
CentroidY: 0.4490
