Location: 2025-04-19_205656-1.png_Mean-Closing.png
Component: component_1745101752076_26.png
centerX: 0.4199057714958775
centerY: 0.019683354728284124
width: 0.032391048292108364
height: 0.022250748823277707
Area: 0.00037749866061056
CentroidX: 0.4355
CentroidY: 0.0310
