Location: 2025-04-19_205656-1.png_Otsu.png
Component: component_1745101751429_147.png
centerX: 0.8686690223792697
centerY: 0.2490372272143774
width: 0.028857479387514724
height: 0.02781343602909713
Area: 0.0003535584918802508
CentroidX: 0.8834
CentroidY: 0.2641
