Location: 2025-04-19_205656-1.png_Gaussian-Closing.png
Component: component_1745101751947_90.png
centerX: 0.4216725559481743
centerY: 0.12066752246469833
width: 0.028857479387514724
height: 0.024390243902439025
Area: 0.0003553225043130104
CentroidX: 0.4359
CentroidY: 0.1337
