Location: 2025-04-19_205656-1.png_Otsu.png
Component: component_1745101751427_136.png
centerX: 0.5188457008244994
centerY: 0.22721437740693196
width: 0.03828032979976443
height: 0.021822849807445442
Area: 0.000356582513193553
CentroidX: 0.5339
CentroidY: 0.2394
