Location: 2025-04-19_205656-1.png_Mean-Closing.png
Component: component_1745101752077_33.png
centerX: 0.4416961130742049
centerY: 0.049636285836542574
width: 0.03180212014134275
height: 0.023106546854942234
Area: 0.0003880827352071177
CentroidX: 0.4574
CentroidY: 0.0628
