Location: 2025-04-19_205656-1.png_Mean-Closing.png
Component: component_1745101752079_42.png
centerX: 0.4917550058892815
centerY: 0.05263157894736842
width: 0.030035335689045935
height: 0.0235344458707745
Area: 0.0003832947014610559
CentroidX: 0.5055
CentroidY: 0.0647
