Location: 2025-04-19_205656-1.png_Gaussian-Closing.png
Component: component_1745101752043_503.png
centerX: 0.48527679623085984
centerY: 0.9328198545143346
width: 0.03297997644287397
height: 0.02267864783910997
Area: 0.00030945818106126015
CentroidX: 0.5007
CentroidY: 0.9454
