Location: 2025-04-19_205656-1.png_Otsu.png
Component: component_1745101751483_382.png
centerX: 0.6224970553592462
centerY: 0.6872058194266153
width: 0.03297997644287397
height: 0.02396234488660676
Area: 0.00020109741733459737
CentroidX: 0.6344
CentroidY: 0.7029
