Location: Document_2025-04-19_205723-1.png_Gaussian-Closing.png
Component: component_1745101751812_194.png
centerX: 0.2061248527679623
centerY: 0.2939666238767651
width: 0.03121319199057715
height: 0.028241335044929396
Area: 0.00038102668547607924
CentroidX: 0.2220
CentroidY: 0.3094
