Location: 2025-04-19_205656-1.png_Gaussian-Closing.png
Component: component_1745101751995_285.png
centerX: 0.5547703180212014
centerY: 0.5151904150620453
width: 0.03356890459363958
height: 0.024818142918271287
Area: 0.0003578425220740956
CentroidX: 0.5729
CentroidY: 0.5287
