Location: 2025-04-19_205656-1.png_Mean-Closing.png
Component: component_1745101752126_315.png
centerX: 0.7408716136631331
centerY: 0.5853658536585366
width: 0.03180212014134275
height: 0.02738553701326487
Area: 0.00037145061798395557
CentroidX: 0.7565
CentroidY: 0.6000
