Location: 2025-04-19_205656-1.png_Otsu.png
Component: component_1745101751461_282.png
centerX: 0.5047114252061249
centerY: 0.519469405220368
width: 0.035924617196702
height: 0.025246041934103552
Area: 0.00032760230894107343
CentroidX: 0.5224
CentroidY: 0.5329
