Location: 2025-04-19_205656-1.png_Otsu.png
Component: component_1745101751618_541.png
centerX: 0.5800942285041225
centerY: 0.9323919554985024
width: 0.024146054181389872
height: 0.021822849807445442
Area: 0.0002560338045262543
CentroidX: 0.5909
CentroidY: 0.9443
