Location: 2025-04-19_205656-1.png_Mean-Closing.png
Component: component_1745101752100_170.png
centerX: 0.20141342756183744
centerY: 0.27214377406931967
width: 0.02591283863368669
height: 0.023106546854942234
Area: 0.0003623785540440489
CentroidX: 0.2139
CentroidY: 0.2843
