Location: 2025-04-19_205656-1.png_Otsu.png
Component: component_1745101751551_512.png
centerX: 0.574793875147232
centerY: 0.8973042362002568
width: 0.02591283863368669
height: 0.023106546854942234
Area: 0.000272917923525525
CentroidX: 0.5874
CentroidY: 0.9099
