Location: Document_2025-04-19_205723-1.png_Gaussian-Closing.png
Component: component_1745101751707_35.png
centerX: 0.7744405182567726
centerY: 0.022250748823277707
width: 0.023557126030624265
height: 0.025246041934103552
Area: 0.00027367392885385054
CentroidX: 0.7848
CentroidY: 0.0355
