Location: 2025-04-19_205656-1.png_Mean-Closing.png
Component: component_1745101752086_79.png
centerX: 0.4705535924617197
centerY: 0.12066752246469833
width: 0.02944640753828033
height: 0.024818142918271287
Area: 0.00035607850964133593
CentroidX: 0.4836
CentroidY: 0.1340
