Location: 2025-04-19_205656-1.png_Otsu.png
Component: component_1745101751494_438.png
centerX: 0.5058892815076561
centerY: 0.7715019255455713
width: 0.028268551236749116
height: 0.024818142918271287
Area: 0.000293834070942532
CentroidX: 0.5203
CentroidY: 0.7850
