Location: 2025-04-19_205656-1.png_Mean-Closing.png
Component: component_1745101752079_45.png
centerX: 0.2597173144876325
centerY: 0.05348737697903295
width: 0.030624263839811542
height: 0.023106546854942234
Area: 0.0003596065345068552
CentroidX: 0.2743
CentroidY: 0.0657
