Location: 2025-04-19_205656-1.png_Otsu.png
Component: component_1745101751456_260.png
centerX: 0.4658421672555948
centerY: 0.48010269576379977
width: 0.03297997644287397
height: 0.02396234488660676
Area: 0.0003235702805233371
CentroidX: 0.4808
CentroidY: 0.4932
