Location: 2025-04-19_205656-1.png_Mean-Closing.png
Component: component_1745101752112_239.png
centerX: 0.5170789163722026
centerY: 0.44030808729139925
width: 0.03769140164899882
height: 0.025246041934103552
Area: 0.0003991708133558925
CentroidX: 0.5351
CentroidY: 0.4543
