Location: 2025-04-19_205656-1.png_Mean-Closing.png
Component: component_1745101752160_469.png
centerX: 0.37750294464075385
centerY: 0.8985879332477535
width: 0.028857479387514724
height: 0.025673940949935817
Area: 0.00031374221125510493
CentroidX: 0.3920
CentroidY: 0.9130
