Location: 2025-04-19_205656-1.png_Otsu.png
Component: component_1745101751656_576.png
centerX: 0.3474676089517079
centerY: 0.9709028669234061
width: 0.026501766784452298
height: 0.022250748823277707
Area: 0.0002462057352580221
CentroidX: 0.3593
CentroidY: 0.9827
