Location: 2025-04-19_205656-1.png_Mean-Closing.png
Component: component_1745101752109_222.png
centerX: 0.45170789163722025
centerY: 0.3898160034231921
width: 0.03121319199057715
height: 0.025246041934103552
Area: 0.00038405070678938145
CentroidX: 0.4663
CentroidY: 0.4030
