Location: 2025-04-19_205656-1.png_Mean-Closing.png
Component: component_1745101752114_247.png
centerX: 0.1501766784452297
centerY: 0.44843816859221225
width: 0.035924617196702
height: 0.02396234488660676
Area: 0.0003850587138938155
CentroidX: 0.1655
CentroidY: 0.4613
