Location: Document_2025-04-19_205723-1.png_Gaussian-Closing.png
Component: component_1745101751820_226.png
centerX: 0.7226148409893993
centerY: 0.3607188703465982
width: 0.032391048292108364
height: 0.026957637997432605
Area: 0.000419330955444574
CentroidX: 0.7396
CentroidY: 0.3754
