Location: 2025-04-19_205656-1.png_Gaussian-Closing.png
Component: component_1745101751993_277.png
centerX: 0.8457008244994111
centerY: 0.5070603337612324
width: 0.030624263839811542
height: 0.025246041934103552
Area: 0.0003691826019989789
CentroidX: 0.8608
CentroidY: 0.5211
