Location: Document_2025-04-19_205723-1.png_Gaussian-Closing.png
Component: component_1745101751783_135.png
centerX: 0.9210836277974087
centerY: 0.18528027385537013
width: 0.02767962308598351
height: 0.024818142918271287
Area: 0.000342470413731476
CentroidX: 0.9334
CentroidY: 0.1983
