Location: Document_2025-04-19_205723-1.png_Gaussian-Closing.png
Component: component_1745101751902_389.png
centerX: 0.2762073027090695
centerY: 0.6700898587933247
width: 0.03180212014134275
height: 0.02781343602909713
Area: 0.000398414808027567
CentroidX: 0.2919
CentroidY: 0.6846
