Location: 2025-04-19_205656-1.png_Otsu.png
Component: component_1745101751452_244.png
centerX: 0.4163722025912839
centerY: 0.4458707744972187
width: 0.04122497055359246
height: 0.020967051775780916
Area: 0.0002210055576471703
CentroidX: 0.4321
CentroidY: 0.4592
