Location: 2025-04-19_205656-1.png_Gaussian-Closing.png
Component: component_1745101752022_385.png
centerX: 0.7644287396937574
centerY: 0.7210098416773641
width: 0.03651354534746761
height: 0.02396234488660676
Area: 0.0003583465256263126
CentroidX: 0.7822
CentroidY: 0.7352
