Location: Document_2025-04-19_205723-1.png_Gaussian-Closing.png
Component: component_1745101751788_155.png
centerX: 0.127208480565371
centerY: 0.2186563970902867
width: 0.028857479387514724
height: 0.02781343602909713
Area: 0.00027165791464498244
CentroidX: 0.1418
CentroidY: 0.2328
