Location: 2025-04-19_205656-1.png_Mean-Closing.png
Component: component_1745101752151_425.png
centerX: 0.4305064782096584
centerY: 0.8172871202396235
width: 0.028857479387514724
height: 0.02738553701326487
Area: 0.00033617036932876305
CentroidX: 0.4456
CentroidY: 0.8323
