Location: Document_2025-04-19_205723-1.png_Gaussian-Closing.png
Component: component_1745101751822_233.png
centerX: 0.49823321554770317
centerY: 0.3675652545999144
width: 0.03121319199057715
height: 0.028241335044929396
Area: 0.00042159897142955065
CentroidX: 0.5137
CentroidY: 0.3827
