Location: Document_2025-04-19_205723-1.png_Gaussian-Closing.png
Component: component_1745101751780_123.png
centerX: 0.5182567726737338
centerY: 0.16302952503209242
width: 0.025323910482921083
height: 0.025246041934103552
Area: 0.0002464577370341306
CentroidX: 0.5293
CentroidY: 0.1772
