Location: 2025-04-19_205656-1.png_Otsu.png
Component: component_1745101751421_107.png
centerX: 0.947585394581861
centerY: 0.18314077877620882
width: 0.030035335689045935
height: 0.020967051775780916
Area: 0.0003160102272400816
CentroidX: 0.9614
CentroidY: 0.1947
