Location: 2025-04-19_205656-1.png_Otsu.png
Component: component_1745101751620_544.png
centerX: 0.43404004711425204
centerY: 0.9341035515618314
width: 0.025323910482921083
height: 0.020967051775780916
Area: 0.00014112099462077008
CentroidX: 0.4445
CentroidY: 0.9474
