Location: 2025-04-19_205656-1.png_Otsu.png
Component: component_1745101751398_2.png
centerX: 0.19493521790341578
centerY: 0.017543859649122806
width: 0.024734982332155476
height: 0.02610183996576808
Area: 0.0003051741508674153
CentroidX: 0.2056
CentroidY: 0.0310
