Location: 2025-04-19_205656-1.png_Otsu.png
Component: component_1745101751549_507.png
centerX: 0.767962308598351
centerY: 0.8938810440735986
width: 0.02767962308598351
height: 0.0235344458707745
Area: 0.00017186521130600928
CentroidX: 0.7784
CentroidY: 0.9091
