Location: 2025-04-19_205656-1.png_Gaussian-Closing.png
Component: component_1745101751970_202.png
centerX: 0.6808009422850412
centerY: 0.3333333333333333
width: 0.03356890459363958
height: 0.024390243902439025
Area: 0.0003719546215361726
CentroidX: 0.6962
CentroidY: 0.3465
