Location: 2025-04-19_205656-1.png_Gaussian-Closing.png
Component: component_1745101751952_117.png
centerX: 0.24440518256772673
centerY: 0.1600342319212666
width: 0.032391048292108364
height: 0.02267864783910997
Area: 0.0003583465256263126
CentroidX: 0.2594
CentroidY: 0.1720
