Location: 2025-04-19_205656-1.png_Mean-Closing.png
Component: component_1745101752084_70.png
centerX: 0.13133097762073026
centerY: 0.09242618741976893
width: 0.03121319199057715
height: 0.022250748823277707
Area: 0.000349778465238623
CentroidX: 0.1466
CentroidY: 0.1048
