Location: 2025-04-19_205656-1.png_Gaussian-Closing.png
Component: component_1745101751969_201.png
centerX: 0.7290930506478209
centerY: 0.3303380402225075
width: 0.034746760895170786
height: 0.0235344458707745
Area: 0.00037019060910341295
CentroidX: 0.7456
CentroidY: 0.3425
