Location: 2025-04-19_205656-1.png_Gaussian-Closing.png
Component: component_1745101752033_443.png
centerX: 0.07950530035335689
centerY: 0.8318356867779204
width: 0.032391048292108364
height: 0.023106546854942234
Area: 0.00032533429295609676
CentroidX: 0.0964
CentroidY: 0.8448
