Location: 2025-04-19_205656-1.png_Otsu.png
Component: component_1745101751480_372.png
centerX: 0.8515901060070671
centerY: 0.6790757381258024
width: 0.03180212014134275
height: 0.024390243902439025
Area: 0.0003024021313302216
CentroidX: 0.8688
CentroidY: 0.6921
