Location: 2025-04-19_205656-1.png_Mean-Closing.png
Component: component_1745101752170_514.png
centerX: 0.2396937573616019
centerY: 0.9730423620025674
width: 0.034746760895170786
height: 0.024390243902439025
Area: 0.00033642237110487156
CentroidX: 0.2570
CentroidY: 0.9871
