Location: 2025-04-19_205656-1.png_Mean-Closing.png
Component: component_1745101752074_16.png
centerX: 0.23851590106007067
centerY: 0.01797175866495507
width: 0.024734982332155476
height: 0.024390243902439025
Area: 0.00033818638353763116
CentroidX: 0.2499
CentroidY: 0.0308
