Location: 2025-04-19_205656-1.png_Otsu.png
Component: component_1745101751473_344.png
centerX: 0.04946996466431095
centerY: 0.6191698759092854
width: 0.024734982332155476
height: 0.023106546854942234
Area: 0.00029055804785312126
CentroidX: 0.0609
CentroidY: 0.6315
