Location: 2025-04-19_205656-1.png_Mean-Closing.png
Component: component_1745101752130_332.png
centerX: 0.9034157832744405
centerY: 0.6238767650834403
width: 0.032391048292108364
height: 0.025673940949935817
Area: 0.0003558265078652274
CentroidX: 0.9188
CentroidY: 0.6383
