Location: 2025-04-19_205656-1.png_Mean-Closing.png
Component: component_1745101752129_325.png
centerX: 0.2856301531213192
centerY: 0.6067608044501498
width: 0.03297997644287397
height: 0.026957637997432605
Area: 0.00037548264640169184
CentroidX: 0.3022
CentroidY: 0.6215
