Location: 2025-04-19_205656-1.png_Gaussian-Closing.png
Component: component_1745101751952_119.png
centerX: 0.14723203769140164
centerY: 0.16302952503209242
width: 0.028857479387514724
height: 0.023106546854942234
Area: 0.000342974417283693
CentroidX: 0.1599
CentroidY: 0.1756
