Location: 2025-04-19_205656-1.png_Gaussian-Closing.png
Component: component_1745101751973_219.png
centerX: 0.941696113074205
centerY: 0.37098844672657255
width: 0.03121319199057715
height: 0.024818142918271287
Area: 0.0003550705025369019
CentroidX: 0.9567
CentroidY: 0.3843
