Location: Document_2025-04-19_205723-1.png_Gaussian-Closing.png
Component: component_1745101751817_214.png
centerX: 0.3127208480565371
centerY: 0.3286264441591784
width: 0.030624263839811542
height: 0.025673940949935817
Area: 0.0003903507511920944
CentroidX: 0.3267
CentroidY: 0.3420
