Location: 2025-04-19_205656-1.png_Mean-Closing.png
Component: component_1745101752169_506.png
centerX: 0.5429917550058893
centerY: 0.9636285836542576
width: 0.027090694935217905
height: 0.026957637997432605
Area: 0.00033894238886595675
CentroidX: 0.5558
CentroidY: 0.9784
