Location: 2025-04-19_205656-1.png_Gaussian-Closing.png
Component: component_1745101752036_464.png
centerX: 0.0800942285041225
centerY: 0.8712023962344887
width: 0.03297997644287397
height: 0.024390243902439025
Area: 0.0003530544883280337
CentroidX: 0.0951
CentroidY: 0.8848
