Location: 2025-04-19_205656-1.png_Mean-Closing.png
Component: component_1745101752155_447.png
centerX: 0.2856301531213192
centerY: 0.8635002139495079
width: 0.02767962308598351
height: 0.024390243902439025
Area: 0.00031676623256840714
CentroidX: 0.2985
CentroidY: 0.8766
