Location: 2025-04-19_205656-1.png_Mean-Closing.png
Component: component_1745101752117_265.png
centerX: 0.23439340400471143
centerY: 0.48823277706461277
width: 0.03180212014134275
height: 0.0235344458707745
Area: 0.00033541436400043746
CentroidX: 0.2495
CentroidY: 0.5011
