Location: 2025-04-19_205656-1.png_Gaussian-Closing.png
Component: component_1745101751972_215.png
centerX: 0.10188457008244994
centerY: 0.36029097133076593
width: 0.034746760895170786
height: 0.025673940949935817
Area: 0.00038984674763987737
CentroidX: 0.1183
CentroidY: 0.3743
