Location: Document_2025-04-19_205723-1.png_Gaussian-Closing.png
Component: component_1745101751746_87.png
centerX: 0.044169611307420496
centerY: 0.09884467265725289
width: 0.025323910482921083
height: 0.029525032092426188
Area: 0.00030719016507628347
CentroidX: 0.0557
CentroidY: 0.1147
