Location: Document_2025-04-19_205723-1.png_Gaussian-Closing.png
Component: component_1745101751895_358.png
centerX: 0.7750294464075382
centerY: 0.6157466837826273
width: 0.02944640753828033
height: 0.02610183996576808
Area: 0.00023032962336318546
CentroidX: 0.7866
CentroidY: 0.6324
