Location: Document_2025-04-19_205723-1.png_Gaussian-Closing.png
Component: component_1745101751902_390.png
centerX: 0.2308598351001178
centerY: 0.6718014548566539
width: 0.02767962308598351
height: 0.026957637997432605
Area: 0.0003845547103415985
CentroidX: 0.2434
CentroidY: 0.6864
