Location: 2025-04-19_205656-1.png_Gaussian-Closing.png
Component: component_1745101752035_456.png
centerX: 0.48527679623085984
centerY: 0.8583654257595208
width: 0.03415783274440518
height: 0.02610183996576808
Area: 0.0003608665433873978
CentroidX: 0.5030
CentroidY: 0.8731
