Location: 2025-04-19_205656-1.png_Gaussian-Closing.png
Component: component_1745101752032_437.png
centerX: 0.38044758539458184
centerY: 0.8228498074454429
width: 0.0353356890459364
height: 0.026529738981600343
Area: 0.00038833473698322624
CentroidX: 0.3958
CentroidY: 0.8383
