Location: 2025-04-19_205656-1.png_Otsu.png
Component: component_1745101751469_323.png
centerX: 0.7408716136631331
centerY: 0.5853658536585366
width: 0.03180212014134275
height: 0.026957637997432605
Area: 0.0003396983941942823
CentroidX: 0.7565
CentroidY: 0.6000
