Location: 2025-04-19_205656-1.png_Otsu.png
Component: component_1745101751496_447.png
centerX: 0.08244994110718493
centerY: 0.7869062901155327
width: 0.028857479387514724
height: 0.023106546854942234
Area: 0.00029585008515140015
CentroidX: 0.0970
CentroidY: 0.8003
