Location: 2025-04-19_205656-1.png_Gaussian-Closing.png
Component: component_1745101752024_395.png
centerX: 0.32567726737338043
centerY: 0.7351305091998288
width: 0.032391048292108364
height: 0.025673940949935817
Area: 0.0003553225043130104
CentroidX: 0.3432
CentroidY: 0.7497
