Location: 2025-04-19_205656-1.png_Gaussian-Closing.png
Component: component_1745101751945_81.png
centerX: 0.08716136631330977
centerY: 0.09242618741976893
width: 0.030624263839811542
height: 0.024390243902439025
Area: 0.0003717026197600641
CentroidX: 0.1021
CentroidY: 0.1059
