Location: 2025-04-19_205656-1.png_Otsu.png
Component: component_1745101751529_475.png
centerX: 0.944640753828033
centerY: 0.8472400513478819
width: 0.024734982332155476
height: 0.021822849807445442
Area: 0.0001454050248146149
CentroidX: 0.9544
CentroidY: 0.8606
