Location: 2025-04-19_205656-1.png_Mean-Closing.png
Component: component_1745101752110_226.png
centerX: 0.2479387514723204
centerY: 0.3970902866923406
width: 0.03356890459363958
height: 0.02610183996576808
Area: 0.000391610760072637
CentroidX: 0.2644
CentroidY: 0.4114
