Location: Document_2025-04-19_205723-1.png_Gaussian-Closing.png
Component: component_1745101751788_156.png
centerX: 0.9375736160188457
centerY: 0.21908429610611896
width: 0.030035335689045935
height: 0.02866923406076166
Area: 0.000419330955444574
CentroidX: 0.9506
CentroidY: 0.2347
