Location: Document_2025-04-19_205723-1.png_Gaussian-Closing.png
Component: component_1745101751739_84.png
centerX: 0.31095406360424027
centerY: 0.09199828840393667
width: 0.02767962308598351
height: 0.025673940949935817
Area: 0.0002920700585097724
CentroidX: 0.3235
CentroidY: 0.1062
