Location: 2025-04-19_205656-1.png_Mean-Closing.png
Component: component_1745101752098_161.png
centerX: 0.5153121319199058
centerY: 0.2640136927685066
width: 0.030035335689045935
height: 0.025246041934103552
Area: 0.0003873267298787922
CentroidX: 0.5300
CentroidY: 0.2774
