Location: Document_2025-04-19_205723-1.png_Gaussian-Closing.png
Component: component_1745101751800_170.png
centerX: 0.39870435806831567
centerY: 0.24732563115104836
width: 0.030624263839811542
height: 0.02781343602909713
Area: 0.0003825386961327303
CentroidX: 0.4146
CentroidY: 0.2617
