Location: 2025-04-19_205656-1.png_Gaussian-Closing.png
Component: component_1745101752023_391.png
centerX: 0.5259128386336867
centerY: 0.730423620025674
width: 0.02944640753828033
height: 0.025673940949935817
Area: 0.0003608665433873978
CentroidX: 0.5390
CentroidY: 0.7446
