Location: Document_2025-04-19_205723-1.png_Gaussian-Closing.png
Component: component_1745101751893_344.png
centerX: 0.2226148409893993
centerY: 0.5943517329910141
width: 0.028857479387514724
height: 0.029525032092426188
Area: 0.00036540257535735114
CentroidX: 0.2376
CentroidY: 0.6101
