Location: 2025-04-19_205656-1.png_Otsu.png
Component: component_1745101751432_162.png
centerX: 0.15076560659599528
centerY: 0.2725716730851519
width: 0.03121319199057715
height: 0.0235344458707745
Area: 0.00033491036044822043
CentroidX: 0.1661
CentroidY: 0.2850
