Location: Document_2025-04-19_205723-1.png_Gaussian-Closing.png
Component: component_1745101751808_182.png
centerX: 0.8103651354534747
centerY: 0.2644415917843389
width: 0.030035335689045935
height: 0.02610183996576808
Area: 0.0003873267298787922
CentroidX: 0.8237
CentroidY: 0.2795
