Location: 2025-04-19_205656-1.png_Gaussian-Closing.png
Component: component_1745101752018_361.png
centerX: 0.8998822143698468
centerY: 0.676936243046641
width: 0.02767962308598351
height: 0.024818142918271287
Area: 0.0003427224155075845
CentroidX: 0.9140
CentroidY: 0.6908
