Location: Document_2025-04-19_205723-1.png_Gaussian-Closing.png
Component: component_1745101751817_217.png
centerX: 0.17962308598351
centerY: 0.3346170303808301
width: 0.028857479387514724
height: 0.028241335044929396
Area: 0.00037573464817780035
CentroidX: 0.1946
CentroidY: 0.3489
