Location: 2025-04-19_205656-1.png_Mean-Closing.png
Component: component_1745101752130_333.png
centerX: 0.9528857479387515
centerY: 0.6255883611467694
width: 0.030035335689045935
height: 0.0235344458707745
Area: 0.00036313455937237447
CentroidX: 0.9685
CentroidY: 0.6380
