Location: 2025-04-19_205656-1.png_Mean-Closing.png
Component: component_1745101752169_509.png
centerX: 0.4929328621908127
centerY: 0.9653401797175867
width: 0.030035335689045935
height: 0.02610183996576808
Area: 0.000315254221911756
CentroidX: 0.5079
CentroidY: 0.9797
