Location: 2025-04-19_205656-1.png_Mean-Closing.png
Component: component_1745101752168_504.png
centerX: 0.6790341578327445
centerY: 0.9623448866067608
width: 0.030624263839811542
height: 0.02610183996576808
Area: 0.000342470413731476
CentroidX: 0.6945
CentroidY: 0.9770
