Location: 2025-04-19_205656-1.png_Otsu.png
Component: component_1745101751432_160.png
centerX: 0.30565371024734983
centerY: 0.26957637997432604
width: 0.03180212014134275
height: 0.024818142918271287
Area: 0.00036590657890956817
CentroidX: 0.3211
CentroidY: 0.2830
