Location: 2025-04-19_205656-1.png_Mean-Closing.png
Component: component_1745101752145_398.png
centerX: 0.732037691401649
centerY: 0.762943945228926
width: 0.026501766784452298
height: 0.02781343602909713
Area: 0.00034095840307482486
CentroidX: 0.7455
CentroidY: 0.7772
