Location: 2025-04-19_205656-1.png_Otsu.png
Component: component_1745101751475_353.png
centerX: 0.7608951707891637
centerY: 0.6302952503209243
width: 0.03121319199057715
height: 0.023106546854942234
Area: 0.0001804332716936989
CentroidX: 0.7738
CentroidY: 0.6452
