Location: 2025-04-19_205656-1.png_Mean-Closing.png
Component: component_1745101752152_431.png
centerX: 0.12956419316843346
centerY: 0.8288403936670946
width: 0.03180212014134275
height: 0.024818142918271287
Area: 0.00032533429295609676
CentroidX: 0.1459
CentroidY: 0.8426
