Location: easy43_Mean-Closing.png
Component: component_1744297380714_1385.png
centerX: 0.46795646916565903
centerY: 0.7858058999572467
width: 0.008464328899637243
height: 0.010260795211628902
Area: 6.307018419078627e-05
CentroidX: 0.4718
CentroidY: 0.7908
