Location: 2025-04-19_205656-1.png_Mean-Closing.png
Component: component_1745101752125_308.png
centerX: 0.044169611307420496
centerY: 0.5750962772785623
width: 0.030035335689045935
height: 0.02866923406076166
Area: 0.0004097548879524503
CentroidX: 0.0578
CentroidY: 0.5893
