Location: 2025-04-19_205656-1.png_Gaussian-Closing.png
Component: component_1745101751991_272.png
centerX: 0.23439340400471143
centerY: 0.48823277706461277
width: 0.03180212014134275
height: 0.0235344458707745
Area: 0.00033365035156767786
CentroidX: 0.2494
CentroidY: 0.5011
