Location: 2025-04-19_205656-1.png_Mean-Closing.png
Component: component_1745101752141_380.png
centerX: 0.5694935217903416
centerY: 0.7265725288831836
width: 0.03297997644287397
height: 0.025673940949935817
Area: 0.00034171440840315045
CentroidX: 0.5862
CentroidY: 0.7410
