Location: 2025-04-19_205656-1.png_Otsu.png
Component: component_1745101751482_379.png
centerX: 0.6696113074204947
centerY: 0.685066324347454
width: 0.03121319199057715
height: 0.02396234488660676
Area: 0.0001915213498424737
CentroidX: 0.6810
CentroidY: 0.7007
