Location: 2025-04-19_205656-1.png_Otsu.png
Component: component_1745101751472_335.png
centerX: 0.2862190812720848
centerY: 0.6067608044501498
width: 0.03180212014134275
height: 0.026957637997432605
Area: 0.00020815346706563588
CentroidX: 0.2981
CentroidY: 0.6238
