Location: 2025-04-19_205656-1.png_Mean-Closing.png
Component: component_1745101752110_228.png
centerX: 0.050647820965842166
centerY: 0.40136927685066326
width: 0.030035335689045935
height: 0.026529738981600343
Area: 0.0004039588471019544
CentroidX: 0.0631
CentroidY: 0.4147
