Location: 2025-04-19_205656-1.png_Otsu.png
Component: component_1745101751418_92.png
centerX: 0.6266195524146054
centerY: 0.15318784766795038
width: 0.03356890459363958
height: 0.02396234488660676
Area: 0.00034927446168640596
CentroidX: 0.6403
CentroidY: 0.1659
