Location: Document_2025-04-19_205723-1.png_Gaussian-Closing.png
Component: component_1745101751817_213.png
centerX: 0.35630153121319197
centerY: 0.3243474540008558
width: 0.028268551236749116
height: 0.026529738981600343
Area: 0.0003709466144317385
CentroidX: 0.3711
CentroidY: 0.3386
