Location: Document_2025-04-19_205723-1.png_Gaussian-Closing.png
Component: component_1745101751860_274.png
centerX: 0.4575971731448763
centerY: 0.45614035087719296
width: 0.0353356890459364
height: 0.026957637997432605
Area: 0.00043722308154827875
CentroidX: 0.4750
CentroidY: 0.4718
