Location: 2025-04-19_205656-1.png_Gaussian-Closing.png
Component: component_1745101752004_306.png
centerX: 0.508833922261484
centerY: 0.5592640136927685
width: 0.03356890459363958
height: 0.0235344458707745
Area: 0.0003472584474775378
CentroidX: 0.5259
CentroidY: 0.5719
