Location: Document_2025-04-19_205723-1.png_Gaussian-Closing.png
Component: component_1745101751883_316.png
centerX: 0.5141342756183745
centerY: 0.535729567821994
width: 0.030624263839811542
height: 0.025673940949935817
Area: 0.00036515057358124263
CentroidX: 0.5289
CentroidY: 0.5500
