Location: 2025-04-19_205656-1.png_Otsu.png
Component: component_1745101751481_376.png
centerX: 0.7591283863368669
centerY: 0.6820710312366282
width: 0.030624263839811542
height: 0.02396234488660676
Area: 0.00031449821658343047
CentroidX: 0.7744
CentroidY: 0.6953
