Location: easy64_Gaussian-Closing.png
Component: component_1744297381236_297.png
centerX: 0.25574365175332525
centerY: 0.26079521162890124
width: 0.008464328899637243
height: 0.00983326207781103
Area: 5.298929409471798e-05
CentroidX: 0.2596
CentroidY: 0.2654
