Location: 2025-04-19_205656-1.png_Gaussian-Closing.png
Component: component_1745101752021_378.png
centerX: 0.1896348645465253
centerY: 0.7013264869490801
width: 0.03121319199057715
height: 0.023106546854942234
Area: 0.00034121040485093337
CentroidX: 0.2055
CentroidY: 0.7138
