Location: 2025-04-19_205656-1.png_Gaussian-Closing.png
Component: component_1745101751933_30.png
centerX: 0.5547703180212014
centerY: 0.01797175866495507
width: 0.028857479387514724
height: 0.021822849807445442
Area: 0.0003578425220740956
CentroidX: 0.5682
CentroidY: 0.0292
