Location: Document_2025-04-19_205723-1.png_Gaussian-Closing.png
Component: component_1745101751707_37.png
centerX: 0.40636042402826855
centerY: 0.024390243902439025
width: 0.028268551236749116
height: 0.026529738981600343
Area: 0.00031449821658343047
CentroidX: 0.4203
CentroidY: 0.0376
