Location: Document_2025-04-19_205723-1.png_Gaussian-Closing.png
Component: component_1745101751818_221.png
centerX: 0.8916372202591284
centerY: 0.35430038510911427
width: 0.028268551236749116
height: 0.029097133076593923
Area: 0.00038959474586376886
CentroidX: 0.9066
CentroidY: 0.3706
