Location: 2025-04-19_205656-1.png_Mean-Closing.png
Component: component_1745101752112_237.png
centerX: 0.6731448763250883
centerY: 0.43859649122807015
width: 0.034746760895170786
height: 0.02396234488660676
Area: 0.00036036253983518077
CentroidX: 0.6912
CentroidY: 0.4510
