Location: 2025-04-19_205656-1.png_Mean-Closing.png
Component: component_1745101752138_367.png
centerX: 0.287396937573616
centerY: 0.6970474967907574
width: 0.028857479387514724
height: 0.024390243902439025
Area: 0.00034045439952260783
CentroidX: 0.3016
CentroidY: 0.7099
