Location: 2025-04-19_205656-1.png_Mean-Closing.png
Component: component_1745101752105_203.png
centerX: 0.44110718492343937
centerY: 0.34745400085579803
width: 0.035924617196702
height: 0.024818142918271287
Area: 0.0003906027529682029
CentroidX: 0.4590
CentroidY: 0.3611
