Location: 2025-04-19_205656-1.png_Otsu.png
Component: component_1745101751418_95.png
centerX: 0.41048292108362777
centerY: 0.1561831407787762
width: 0.030624263839811542
height: 0.0235344458707745
Area: 0.00033491036044822043
CentroidX: 0.4254
CentroidY: 0.1689
