Location: 2025-04-19_205656-1.png_Otsu.png
Component: component_1745101751465_303.png
centerX: 0.5565371024734982
centerY: 0.5549850235344459
width: 0.03356890459363958
height: 0.026529738981600343
Area: 0.00033591836755265454
CentroidX: 0.5731
CentroidY: 0.5692
