Location: 2025-04-19_205656-1.png_Otsu.png
Component: component_1745101751461_281.png
centerX: 0.5547703180212014
centerY: 0.517757809157039
width: 0.03297997644287397
height: 0.021822849807445442
Area: 0.0001804332716936989
CentroidX: 0.5683
CentroidY: 0.5313
