Location: 2025-04-19_205656-1.png_Gaussian-Closing.png
Component: component_1745101752042_499.png
centerX: 0.7691401648998822
centerY: 0.9293966623876765
width: 0.026501766784452298
height: 0.024818142918271287
Area: 0.00018925333385749703
CentroidX: 0.7790
CentroidY: 0.9455
