Location: Document_2025-04-19_205723-1.png_Gaussian-Closing.png
Component: component_1745101751810_184.png
centerX: 0.7190812720848057
centerY: 0.26743688489516476
width: 0.030624263839811542
height: 0.029525032092426188
Area: 0.000398414808027567
CentroidX: 0.7339
CentroidY: 0.2841
