Location: 2025-04-19_205656-1.png_Gaussian-Closing.png
Component: component_1745101752015_345.png
centerX: 0.8610129564193169
centerY: 0.6285836542575952
width: 0.025323910482921083
height: 0.02267864783910997
Area: 0.000315254221911756
CentroidX: 0.8735
CentroidY: 0.6403
