Location: 2025-04-19_205656-1.png_Otsu.png
Component: component_1745101751442_212.png
centerX: 0.6525323910482921
centerY: 0.37911852802738555
width: 0.028857479387514724
height: 0.026529738981600343
Area: 0.0003344063568960034
CentroidX: 0.6663
CentroidY: 0.3928
