Location: 2025-04-19_205656-1.png_Otsu.png
Component: component_1745101751490_418.png
centerX: 0.22850412249705537
centerY: 0.7406931964056482
width: 0.03180212014134275
height: 0.024390243902439025
Area: 0.0003155062236878646
CentroidX: 0.2438
CentroidY: 0.7537
