Location: 2025-04-19_205656-1.png_Mean-Closing.png
Component: component_1745101752127_316.png
centerX: 0.6925795053003534
centerY: 0.5870774497218656
width: 0.03297997644287397
height: 0.025673940949935817
Area: 0.0003608665433873978
CentroidX: 0.7101
CentroidY: 0.6013
