Location: 2025-04-19_205656-1.png_Gaussian-Closing.png
Component: component_1745101751960_156.png
centerX: 0.10011778563015312
centerY: 0.23662815575524176
width: 0.03356890459363958
height: 0.024390243902439025
Area: 0.00039387877605761364
CentroidX: 0.1169
CentroidY: 0.2492
