Location: 2025-04-19_205656-1.png_Gaussian-Closing.png
Component: component_1745101752028_415.png
centerX: 0.4587750294464075
centerY: 0.7736414206247325
width: 0.028857479387514724
height: 0.024390243902439025
Area: 0.00034045439952260783
CentroidX: 0.4726
CentroidY: 0.7866
