Location: 2025-04-19_205656-1.png_Mean-Closing.png
Component: component_1745101752149_414.png
centerX: 0.9193168433451119
centerY: 0.7984595635430038
width: 0.025323910482921083
height: 0.026957637997432605
Area: 0.0003205462592100349
CentroidX: 0.9324
CentroidY: 0.8130
