Location: 2025-04-19_205656-1.png_Gaussian-Closing.png
Component: component_1745101751990_269.png
centerX: 0.568904593639576
centerY: 0.48224219084296105
width: 0.032391048292108364
height: 0.024390243902439025
Area: 0.0003475104492536463
CentroidX: 0.5850
CentroidY: 0.4951
