Location: easy16_Gaussian-Median.png
Component: component_1744297381906_1170.png
centerX: 0.8475806451612903
centerY: 0.8218390804597702
width: 0.016129032258064516
height: 0.014846743295019157
Area: 0.00011471078976640712
CentroidX: 0.8546
CentroidY: 0.8294
