Location: Document_2025-04-19_205723-1.png_Gaussian-Closing.png
Component: component_1745101751749_98.png
centerX: 0.6189634864546525
centerY: 0.12366281557552418
width: 0.027090694935217905
height: 0.02781343602909713
Area: 0.0002867780212114935
CentroidX: 0.6307
CentroidY: 0.1384
