Location: 2025-04-19_205656-1.png_Otsu.png
Component: component_1745101751412_63.png
centerX: 0.08775029446407538
centerY: 0.0928540864356012
width: 0.030035335689045935
height: 0.02396234488660676
Area: 0.0003457464368208867
CentroidX: 0.1021
CentroidY: 0.1059
