Location: Document_2025-04-19_205723-1.png_Gaussian-Closing.png
Component: component_1745101751901_383.png
centerX: 0.5535924617196702
centerY: 0.6615318784766795
width: 0.028268551236749116
height: 0.02610183996576808
Area: 0.0003339023533437864
CentroidX: 0.5665
CentroidY: 0.6762
