Location: 2025-04-19_205656-1.png_Gaussian-Closing.png
Component: component_1745101752001_295.png
centerX: 0.09010600706713781
centerY: 0.5318784766795036
width: 0.02944640753828033
height: 0.02267864783910997
Area: 0.0003472584474775378
CentroidX: 0.1042
CentroidY: 0.5442
