Location: easy26_Mean-Closing.png
Component: component_1744297382130_792.png
centerX: 0.27419354838709675
centerY: 0.6360153256704981
width: 0.016129032258064516
height: 0.014846743295019157
Area: 0.00010814485230503028
CentroidX: 0.2807
CentroidY: 0.6435
