Location: 2025-04-19_205656-1.png_Otsu.png
Component: component_1745101751402_23.png
centerX: 0.392226148409894
centerY: 0.049636285836542574
width: 0.03356890459363958
height: 0.024818142918271287
Area: 0.0003825386961327303
CentroidX: 0.4082
CentroidY: 0.0633
