Location: 2025-04-19_205656-1.png_Otsu.png
Component: component_1745101751404_35.png
centerX: 0.6289752650176679
centerY: 0.05263157894736842
width: 0.03180212014134275
height: 0.019683354728284124
Area: 0.0003301223267021586
CentroidX: 0.6442
CentroidY: 0.0634
