Location: 2025-04-19_205656-1.png_Mean-Closing.png
Component: component_1745101752152_429.png
centerX: 0.23733804475853945
centerY: 0.826272999572101
width: 0.030624263839811542
height: 0.02738553701326487
Area: 0.00035733851852187855
CentroidX: 0.2527
CentroidY: 0.8406
