Location: Document_2025-04-19_205723-1.png_Gaussian-Closing.png
Component: component_1745101751805_174.png
centerX: 0.25559481743227325
centerY: 0.25417201540436457
width: 0.028857479387514724
height: 0.02738553701326487
Area: 0.0003528024865519252
CentroidX: 0.2710
CentroidY: 0.2690
