Location: 2025-04-19_205656-1.png_Otsu.png
Component: component_1745101751423_120.png
centerX: 0.33510011778563015
centerY: 0.19298245614035087
width: 0.03356890459363958
height: 0.0235344458707745
Area: 0.0003485184563580804
CentroidX: 0.3494
CentroidY: 0.2056
