Location: Document_2025-04-19_205723-1.png_Gaussian-Closing.png
Component: component_1745101751777_114.png
centerX: 0.9240282685512368
centerY: 0.1514762516046213
width: 0.02944640753828033
height: 0.026957637997432605
Area: 0.00027367392885385054
CentroidX: 0.9366
CentroidY: 0.1654
