Location: 2025-04-19_205656-1.png_Otsu.png
Component: component_1745101751467_310.png
centerX: 0.3309776207302709
centerY: 0.5669661959777492
width: 0.026501766784452298
height: 0.025246041934103552
Area: 0.0003021501295541131
CentroidX: 0.3430
CentroidY: 0.5800
