Location: 2025-04-19_205656-1.png_Gaussian-Closing.png
Component: component_1745101752036_463.png
centerX: 0.1336866902237927
centerY: 0.8694908001711597
width: 0.028857479387514724
height: 0.02396234488660676
Area: 0.00033768237998541413
CentroidX: 0.1476
CentroidY: 0.8821
