Location: 2025-04-19_205656-1.png_Mean-Closing.png
Component: component_1745101752087_84.png
centerX: 0.08833922261484099
centerY: 0.12280701754385964
width: 0.02767962308598351
height: 0.025673940949935817
Area: 0.0003878307334310092
CentroidX: 0.1009
CentroidY: 0.1369
