Location: Document_2025-04-19_205723-1.png_Gaussian-Closing.png
Component: component_1745101751860_276.png
centerX: 0.4110718492343934
centerY: 0.4582798459563543
width: 0.03121319199057715
height: 0.025673940949935817
Area: 0.0003772466588344515
CentroidX: 0.4288
CentroidY: 0.4725
