Location: 2025-04-19_205656-1.png_Mean-Closing.png
Component: component_1745101752074_17.png
centerX: 0.5117785630153121
centerY: 0.018399657680787333
width: 0.02591283863368669
height: 0.0235344458707745
Area: 0.00036540257535735114
CentroidX: 0.5232
CentroidY: 0.0309
