Location: Document_2025-04-19_205723-1.png_Gaussian-Closing.png
Component: component_1745101751708_42.png
centerX: 0.037102473498233215
centerY: 0.025673940949935817
width: 0.026501766784452298
height: 0.029097133076593923
Area: 0.00036515057358124263
CentroidX: 0.0477
CentroidY: 0.0409
