Location: 2025-04-19_205656-1.png_Gaussian-Closing.png
Component: component_1745101752012_330.png
centerX: 0.42579505300353354
centerY: 0.5999144201968335
width: 0.032391048292108364
height: 0.028241335044929396
Area: 0.0003717026197600641
CentroidX: 0.4417
CentroidY: 0.6152
