Location: Document_2025-04-19_205723-1.png_Gaussian-Closing.png
Component: component_1745101751811_190.png
centerX: 0.43580683156654887
centerY: 0.28498074454428757
width: 0.028268551236749116
height: 0.02866923406076166
Area: 0.00039135875829652845
CentroidX: 0.4499
CentroidY: 0.2997
