Location: Document_2025-04-19_205723-1.png_Gaussian-Closing.png
Component: component_1745101751736_82.png
centerX: 0.5924617196702002
centerY: 0.09028669234060761
width: 0.03356890459363958
height: 0.024818142918271287
Area: 0.00029862210468859385
CentroidX: 0.6089
CentroidY: 0.1043
