Location: Document_2025-04-19_205723-1.png_Gaussian-Closing.png
Component: component_1745101751825_242.png
centerX: 0.8951707891637221
centerY: 0.40907145913564397
width: 0.028857479387514724
height: 0.026957637997432605
Area: 0.0003880827352071177
CentroidX: 0.9100
CentroidY: 0.4234
