Location: 2025-04-19_205656-1.png_Otsu.png
Component: component_1745101751487_400.png
centerX: 0.8627797408716137
centerY: 0.7197261446298674
width: 0.026501766784452298
height: 0.023106546854942234
Area: 0.0001789212610370478
CentroidX: 0.8723
CentroidY: 0.7345
