Location: 2025-04-19_205656-1.png_Otsu.png
Component: component_1745101751401_16.png
centerX: 0.4199057714958775
centerY: 0.019683354728284124
width: 0.032391048292108364
height: 0.022250748823277707
Area: 0.00033365035156767786
CentroidX: 0.4354
CentroidY: 0.0311
