Location: 2025-04-19_205656-1.png_Otsu.png
Component: component_1745101751413_68.png
centerX: 0.9181389870435807
centerY: 0.11895592640136927
width: 0.02767962308598351
height: 0.024390243902439025
Area: 0.00033037432847826713
CentroidX: 0.9303
CentroidY: 0.1322
