Location: 2025-04-19_205656-1.png_Mean-Closing.png
Component: component_1745101752103_189.png
centerX: 0.20082449941107186
centerY: 0.3115104835258879
width: 0.04004711425206125
height: 0.026529738981600343
Area: 0.0004309230371455658
CentroidX: 0.2195
CentroidY: 0.3263
