Location: 2025-04-19_205656-1.png_Mean-Closing.png
Component: component_1745101752109_219.png
centerX: 0.5983510011778563
centerY: 0.3804022250748823
width: 0.03356890459363958
height: 0.02610183996576808
Area: 0.00040194283289308623
CentroidX: 0.6152
CentroidY: 0.3943
