Location: 2025-04-19_205656-1.png_Otsu.png
Component: component_1745101751555_515.png
centerX: 0.5312131919905771
centerY: 0.8981600342319213
width: 0.024734982332155476
height: 0.02396234488660676
Area: 0.0001862293125441948
CentroidX: 0.5389
CentroidY: 0.9134
