Location: 2025-04-19_205656-1.png_Otsu.png
Component: component_1745101751567_522.png
centerX: 0.18669022379269729
centerY: 0.9071459135643988
width: 0.02767962308598351
height: 0.0235344458707745
Area: 0.00016052513138112596
CentroidX: 0.1965
CentroidY: 0.9225
