Location: Document_2025-04-19_205723-1.png_Gaussian-Closing.png
Component: component_1745101751783_131.png
centerX: 0.16666666666666666
centerY: 0.17372700042789901
width: 0.025323910482921083
height: 0.025673940949935817
Area: 0.00025300978321295207
CentroidX: 0.1779
CentroidY: 0.1878
