Location: 2025-04-19_205656-1.png_Gaussian-Closing.png
Component: component_1745101751991_271.png
centerX: 0.2750294464075383
centerY: 0.4856653829696192
width: 0.03121319199057715
height: 0.024390243902439025
Area: 0.0003538104936563593
CentroidX: 0.2905
CentroidY: 0.4988
