Location: 2025-04-19_205656-1.png_Otsu.png
Component: component_1745101751438_192.png
centerX: 0.6813898704358068
centerY: 0.3333333333333333
width: 0.03297997644287397
height: 0.02396234488660676
Area: 0.0003313823355827012
CentroidX: 0.6966
CentroidY: 0.3466
