Location: easy64_Gaussian-Closing.png
Component: component_1744297381198_131.png
centerX: 0.6426844014510278
centerY: 0.1735784523300556
width: 0.008464328899637243
height: 0.010260795211628902
Area: 6.203624674503567e-05
CentroidX: 0.6462
CentroidY: 0.1786
