Location: 2025-04-19_205656-1.png_Gaussian-Closing.png
Component: component_1745101752014_338.png
centerX: 0.13780918727915195
centerY: 0.6166024818142918
width: 0.028268551236749116
height: 0.02396234488660676
Area: 0.0003318863391349182
CentroidX: 0.1513
CentroidY: 0.6293
