Location: 2025-04-19_205656-1.png_Otsu.png
Component: component_1745101751468_318.png
centerX: 0.8751472320376914
centerY: 0.5840821566110398
width: 0.02944640753828033
height: 0.024818142918271287
Area: 0.0002996301117930279
CentroidX: 0.8902
CentroidY: 0.5967
