Location: Document_2025-04-19_205723-1.png_Gaussian-Closing.png
Component: component_1745101751706_29.png
centerX: 0.9540636042402827
centerY: 0.020967051775780916
width: 0.02767962308598351
height: 0.025246041934103552
Area: 0.00031172619704623677
CentroidX: 0.9655
CentroidY: 0.0350
