Location: 2025-04-19_205656-1.png_Gaussian-Closing.png
Component: component_1745101751951_115.png
centerX: 0.35217903415783275
centerY: 0.15832263585793752
width: 0.034746760895170786
height: 0.0235344458707745
Area: 0.0003906027529682029
CentroidX: 0.3672
CentroidY: 0.1708
