Location: Document_2025-04-19_205723-1.png_Gaussian-Closing.png
Component: component_1745101751706_33.png
centerX: 0.5371024734982333
centerY: 0.022250748823277707
width: 0.027090694935217905
height: 0.02781343602909713
Area: 0.0003207982609861434
CentroidX: 0.5496
CentroidY: 0.0359
