Location: Document_2025-04-19_205723-1.png_Gaussian-Closing.png
Component: component_1745101751902_391.png
centerX: 0.18080094228504123
centerY: 0.6756525459991441
width: 0.03297997644287397
height: 0.02738553701326487
Area: 0.00042437099096674435
CentroidX: 0.1966
CentroidY: 0.6901
