Location: 2025-04-19_205656-1.png_Gaussian-Closing.png
Component: component_1745101752012_328.png
centerX: 0.5159010600706714
centerY: 0.5969191270860077
width: 0.025323910482921083
height: 0.025673940949935817
Area: 0.00032558629473220527
CentroidX: 0.5279
CentroidY: 0.6100
