Location: 2025-04-19_205656-1.png_Gaussian-Closing.png
Component: component_1745101751972_217.png
centerX: 0.053003533568904596
centerY: 0.36157466837826274
width: 0.030035335689045935
height: 0.02738553701326487
Area: 0.00041605493235516325
CentroidX: 0.0671
CentroidY: 0.3759
