Location: Document_2025-04-19_205723-1.png_Gaussian-Closing.png
Component: component_1745101751730_75.png
centerX: 0.408716136631331
centerY: 0.08857509627727857
width: 0.028268551236749116
height: 0.029097133076593923
Area: 0.0002910620514053383
CentroidX: 0.4232
CentroidY: 0.1045
