Location: 2025-04-19_205656-1.png_Mean-Closing.png
Component: component_1745101752116_259.png
centerX: 0.6207302709069493
centerY: 0.48010269576379977
width: 0.03180212014134275
height: 0.02267864783910997
Area: 0.0003507864723430571
CentroidX: 0.6350
CentroidY: 0.4927
