Location: 2025-04-19_205656-1.png_Gaussian-Closing.png
Component: component_1745101751957_140.png
centerX: 0.19257950530035337
centerY: 0.19768934531450577
width: 0.030624263839811542
height: 0.02396234488660676
Area: 0.0003578425220740956
CentroidX: 0.2057
CentroidY: 0.2100
