Location: 2025-04-19_205656-1.png_Otsu.png
Component: component_1745101751484_387.png
centerX: 0.43227326266195526
centerY: 0.6936243046640993
width: 0.034746760895170786
height: 0.023106546854942234
Area: 0.00019227735517079924
CentroidX: 0.4468
CentroidY: 0.7086
