Location: 2025-04-19_205656-1.png_Otsu.png
Component: component_1745101751487_403.png
centerX: 0.6713780918727915
centerY: 0.7235772357723578
width: 0.03356890459363958
height: 0.02610183996576808
Area: 0.0003346583586721119
CentroidX: 0.6865
CentroidY: 0.7382
