Location: 2025-04-19_205656-1.png_Otsu.png
Component: component_1745101751423_119.png
centerX: 0.6460541813898705
centerY: 0.19127086007702182
width: 0.03121319199057715
height: 0.02267864783910997
Area: 0.0003535584918802508
CentroidX: 0.6598
CentroidY: 0.2036
