Location: 2025-04-19_205656-1.png_Gaussian-Closing.png
Component: component_1745101751945_78.png
centerX: 0.17667844522968199
centerY: 0.09199828840393667
width: 0.02591283863368669
height: 0.024818142918271287
Area: 0.00038127868725218775
CentroidX: 0.1888
CentroidY: 0.1048
