Location: 2025-04-19_205656-1.png_Gaussian-Closing.png
Component: component_1745101751990_268.png
centerX: 0.5182567726737338
centerY: 0.4809584937954643
width: 0.032391048292108364
height: 0.022250748823277707
Area: 0.00035456649898468485
CentroidX: 0.5325
CentroidY: 0.4929
