Location: 2025-04-19_205656-1.png_Mean-Closing.png
Component: component_1745101752121_288.png
centerX: 0.09010600706713781
centerY: 0.5318784766795036
width: 0.02944640753828033
height: 0.02267864783910997
Area: 0.0003495264634625145
CentroidX: 0.1042
CentroidY: 0.5442
