Location: 2025-04-19_205656-1.png_Mean-Closing.png
Component: component_1745101752113_243.png
centerX: 0.36454652532391046
centerY: 0.4450149764655541
width: 0.03297997644287397
height: 0.024818142918271287
Area: 0.00036011053805907225
CentroidX: 0.3814
CentroidY: 0.4583
