Location: 2025-04-19_205656-1.png_Mean-Closing.png
Component: component_1745101752094_132.png
centerX: 0.19257950530035337
centerY: 0.19768934531450577
width: 0.030624263839811542
height: 0.02396234488660676
Area: 0.0003583465256263126
CentroidX: 0.2057
CentroidY: 0.2100
