Location: Document_2025-04-19_205723-1.png_Gaussian-Closing.png
Component: component_1745101751706_31.png
centerX: 0.7243816254416962
centerY: 0.02139495079161318
width: 0.030035335689045935
height: 0.028241335044929396
Area: 0.0003150022201356475
CentroidX: 0.7378
CentroidY: 0.0373
