Location: 2025-04-19_205656-1.png_Gaussian-Closing.png
Component: component_1745101752025_401.png
centerX: 0.08657243816254417
centerY: 0.7466837826273
width: 0.028268551236749116
height: 0.023106546854942234
Area: 0.00033566636577654597
CentroidX: 0.1005
CentroidY: 0.7595
