Location: 2025-04-19_205656-1.png_Gaussian-Closing.png
Component: component_1745101752011_326.png
centerX: 0.598939929328622
centerY: 0.5917843388960206
width: 0.03180212014134275
height: 0.02738553701326487
Area: 0.00036288255759626595
CentroidX: 0.6157
CentroidY: 0.6068
