Location: Document_2025-04-19_205723-1.png_Gaussian-Closing.png
Component: component_1745101751884_321.png
centerX: 0.2785630153121319
centerY: 0.5451433461703038
width: 0.03415783274440518
height: 0.028241335044929396
Area: 0.0004168109376834888
CentroidX: 0.2960
CentroidY: 0.5609
