Location: 2025-04-19_205656-1.png_Gaussian-Closing.png
Component: component_1745101751939_58.png
centerX: 0.8610129564193169
centerY: 0.05391527599486521
width: 0.026501766784452298
height: 0.021822849807445442
Area: 0.0003472584474775378
CentroidX: 0.8737
CentroidY: 0.0654
