Location: 2025-04-19_205656-1.png_Otsu.png
Component: component_1745101751428_144.png
centerX: 0.2037691401648999
centerY: 0.2362002567394095
width: 0.030624263839811542
height: 0.02267864783910997
Area: 0.0003240742840755542
CentroidX: 0.2171
CentroidY: 0.2482
