Location: 2025-04-19_205656-1.png_Otsu.png
Component: component_1745101751415_75.png
centerX: 0.8191990577149588
centerY: 0.12066752246469833
width: 0.028268551236749116
height: 0.02396234488660676
Area: 0.0003182782432250583
CentroidX: 0.8325
CentroidY: 0.1339
