Location: 2025-04-19_205656-1.png_Gaussian-Closing.png
Component: component_1745101751946_84.png
centerX: 0.7167255594817432
centerY: 0.11767222935387249
width: 0.030035335689045935
height: 0.02610183996576808
Area: 0.0003873267298787922
CentroidX: 0.7308
CentroidY: 0.1320
