Location: 2025-04-19_205656-1.png_Gaussian-Closing.png
Component: component_1745101751933_25.png
centerX: 0.3280329799764429
centerY: 0.017115960633290545
width: 0.030035335689045935
height: 0.025673940949935817
Area: 0.0003664105824617852
CentroidX: 0.3396
CentroidY: 0.0305
