Location: 2025-04-19_205656-1.png_Mean-Closing.png
Component: component_1745101752080_49.png
centerX: 0.04122497055359246
centerY: 0.05733846812152332
width: 0.026501766784452298
height: 0.02781343602909713
Area: 0.0004014388293408692
CentroidX: 0.0518
CentroidY: 0.0721
