Location: Document_2025-04-19_205723-1.png_Gaussian-Closing.png
Component: component_1745101751863_281.png
centerX: 0.13722025912838634
centerY: 0.4629867351305092
width: 0.02944640753828033
height: 0.029097133076593923
Area: 0.00041076289505688436
CentroidX: 0.1524
CentroidY: 0.4786
