Location: 2025-04-19_205656-1.png_Otsu.png
Component: component_1745101751413_66.png
centerX: 0.0447585394581861
centerY: 0.094137783483098
width: 0.028268551236749116
height: 0.024818142918271287
Area: 0.00036590657890956817
CentroidX: 0.0569
CentroidY: 0.1068
