Location: 2025-04-19_205656-1.png_Mean-Closing.png
Component: component_1745101752124_302.png
centerX: 0.37161366313309774
centerY: 0.5648267008985879
width: 0.03356890459363958
height: 0.02396234488660676
Area: 0.0003495264634625145
CentroidX: 0.3882
CentroidY: 0.5783
