Location: Document_2025-04-19_205723-1.png_Gaussian-Closing.png
Component: component_1745101751785_144.png
centerX: 0.5730270906949352
centerY: 0.20025673940949937
width: 0.02944640753828033
height: 0.02866923406076166
Area: 0.0002862740176592765
CentroidX: 0.5871
CentroidY: 0.2147
