Location: 2025-04-19_205656-1.png_Otsu.png
Component: component_1745101751440_201.png
centerX: 0.29799764428739695
centerY: 0.35430038510911427
width: 0.03297997644287397
height: 0.024818142918271287
Area: 0.0003371783764331971
CentroidX: 0.3140
CentroidY: 0.3678
