Location: 2025-04-19_205656-1.png_Gaussian-Closing.png
Component: component_1745101751937_49.png
centerX: 0.7202591283863369
centerY: 0.051347881899871634
width: 0.028268551236749116
height: 0.022250748823277707
Area: 0.00034045439952260783
CentroidX: 0.7341
CentroidY: 0.0634
