Location: Document_2025-04-19_205723-1.png_Gaussian-Closing.png
Component: component_1745101751871_291.png
centerX: 0.7956419316843345
centerY: 0.49122807017543857
width: 0.028857479387514724
height: 0.02738553701326487
Area: 0.0003817826908044048
CentroidX: 0.8104
CentroidY: 0.5063
