Location: 2025-04-19_205656-1.png_Gaussian-Closing.png
Component: component_1745101752047_525.png
centerX: 0.585394581861013
centerY: 0.9666238767650834
width: 0.032391048292108364
height: 0.022250748823277707
Area: 0.00019051334273803962
CentroidX: 0.5988
CentroidY: 0.9811
