Location: Document_2025-04-19_205723-1.png_Gaussian-Closing.png
Component: component_1745101751861_279.png
centerX: 0.2314487632508834
centerY: 0.4617030380830124
width: 0.03356890459363958
height: 0.026957637997432605
Area: 0.00042890702293669764
CentroidX: 0.2453
CentroidY: 0.4763
