Location: 2025-04-19_205656-1.png_Otsu.png
Component: component_1745101751463_290.png
centerX: 0.232037691401649
centerY: 0.5310226786478391
width: 0.028857479387514724
height: 0.021822849807445442
Area: 0.00017942526458926482
CentroidX: 0.2431
CentroidY: 0.5445
