Location: Document_2025-04-19_205723-1.png_Gaussian-Closing.png
Component: component_1745101751784_139.png
centerX: 0.7526501766784452
centerY: 0.19212665810868634
width: 0.03121319199057715
height: 0.02610183996576808
Area: 0.0003311303338065927
CentroidX: 0.7675
CentroidY: 0.2059
