Location: 2025-04-19_205656-1.png_Otsu.png
Component: component_1745101751483_385.png
centerX: 0.3845700824499411
centerY: 0.693196405648267
width: 0.02944640753828033
height: 0.024818142918271287
Area: 0.00018194528235035
CentroidX: 0.3953
CentroidY: 0.7091
