Location: 2025-04-19_205656-1.png_Gaussian-Closing.png
Component: component_1745101751980_244.png
centerX: 0.673733804475854
centerY: 0.43859649122807015
width: 0.03415783274440518
height: 0.02396234488660676
Area: 0.0003495264634625145
CentroidX: 0.6912
CentroidY: 0.4510
