Location: 2025-04-19_205656-1.png_Gaussian-Closing.png
Component: component_1745101751967_191.png
centerX: 0.3574793875147232
centerY: 0.30937098844672656
width: 0.03651354534746761
height: 0.02396234488660676
Area: 0.0003958947902664818
CentroidX: 0.3748
CentroidY: 0.3221
