Location: Document_2025-04-19_205723-1.png_Gaussian-Closing.png
Component: component_1745101751814_204.png
centerX: 0.6236749116607774
centerY: 0.31065468549422337
width: 0.03180212014134275
height: 0.02781343602909713
Area: 0.00039992681868421807
CentroidX: 0.6392
CentroidY: 0.3253
