Location: 2025-04-19_205656-1.png_Otsu.png
Component: component_1745101751422_116.png
centerX: 0.5983510011778563
centerY: 0.1904150620453573
width: 0.026501766784452298
height: 0.024390243902439025
Area: 0.0003346583586721119
CentroidX: 0.6095
CentroidY: 0.2035
