Location: 2025-04-19_205656-1.png_Gaussian-Closing.png
Component: component_1745101751959_149.png
centerX: 0.5188457008244994
centerY: 0.2267864783910997
width: 0.03828032979976443
height: 0.02267864783910997
Area: 0.00038682272632657516
CentroidX: 0.5340
CentroidY: 0.2394
