Location: 2025-04-19_205656-1.png_Gaussian-Closing.png
Component: component_1745101752022_388.png
centerX: 0.7220259128386337
centerY: 0.72400513478819
width: 0.028857479387514724
height: 0.025246041934103552
Area: 0.00034347842083591005
CentroidX: 0.7355
CentroidY: 0.7379
