Location: 2025-04-19_205656-1.png_Mean-Closing.png
Component: component_1745101752163_483.png
centerX: 0.6731448763250883
centerY: 0.928540864356012
width: 0.02944640753828033
height: 0.025246041934103552
Area: 0.00029030604607701275
CentroidX: 0.6874
CentroidY: 0.9419
