Location: 2025-04-19_205656-1.png_Gaussian-Closing.png
Component: component_1745101752007_311.png
centerX: 0.3309776207302709
centerY: 0.5669661959777492
width: 0.026501766784452298
height: 0.025246041934103552
Area: 0.00033264234446324375
CentroidX: 0.3432
CentroidY: 0.5800
