Location: Document_2025-04-19_205723-1.png_Gaussian-Closing.png
Component: component_1745101751789_157.png
centerX: 0.09010600706713781
centerY: 0.21994009413778348
width: 0.02591283863368669
height: 0.028241335044929396
Area: 0.0002779579590476954
CentroidX: 0.1020
CentroidY: 0.2347
