Location: 2025-04-19_205656-1.png_Gaussian-Closing.png
Component: component_1745101751938_50.png
centerX: 0.8091872791519434
centerY: 0.051775780915703895
width: 0.028268551236749116
height: 0.02139495079161318
Area: 0.0003797666765955366
CentroidX: 0.8227
CentroidY: 0.0636
