Location: 2025-04-19_205656-1.png_Gaussian-Closing.png
Component: component_1745101752044_512.png
centerX: 0.928150765606596
centerY: 0.9576379974326059
width: 0.030035335689045935
height: 0.028241335044929396
Area: 0.0003500304670147315
CentroidX: 0.9418
CentroidY: 0.9729
