Location: 2025-04-19_205656-1.png_Otsu.png
Component: component_1745101751433_165.png
centerX: 0.050647820965842166
centerY: 0.27428326914848095
width: 0.028857479387514724
height: 0.026957637997432605
Area: 0.0002207535558710618
CentroidX: 0.0599
CentroidY: 0.2910
