Location: 2025-04-19_205656-1.png_Gaussian-Closing.png
Component: component_1745101751948_94.png
centerX: 0.3197879858657244
centerY: 0.12152332049636286
width: 0.026501766784452298
height: 0.02610183996576808
Area: 0.00036212655226794036
CentroidX: 0.3325
CentroidY: 0.1357
