Location: 2025-04-19_205656-1.png_Otsu.png
Component: component_1745101751480_371.png
centerX: 0.8998822143698468
centerY: 0.6773641420624733
width: 0.02767962308598351
height: 0.02396234488660676
Area: 0.000314750218359539
CentroidX: 0.9138
CentroidY: 0.6909
