Location: 2025-04-19_205656-1.png_Mean-Closing.png
Component: component_1745101752106_209.png
centerX: 0.10188457008244994
centerY: 0.36029097133076593
width: 0.034746760895170786
height: 0.025673940949935817
Area: 0.00039236676540096256
CentroidX: 0.1184
CentroidY: 0.3743
