Location: 2025-04-19_205656-1.png_Otsu.png
Component: component_1745101751492_426.png
centerX: 0.908716136631331
centerY: 0.756525459991442
width: 0.032391048292108364
height: 0.02610183996576808
Area: 0.00021495751502056588
CentroidX: 0.9204
CentroidY: 0.7738
