Location: 2025-04-19_205656-1.png_Otsu.png
Component: component_1745101751467_311.png
centerX: 0.2838633686690224
centerY: 0.5678219940094138
width: 0.02944640753828033
height: 0.025673940949935817
Area: 0.0003104661881656942
CentroidX: 0.2983
CentroidY: 0.5814
