Location: 2025-04-19_205656-1.png_Otsu.png
Component: component_1745101751413_67.png
centerX: 0.7167255594817432
centerY: 0.11767222935387249
width: 0.030035335689045935
height: 0.02610183996576808
Area: 0.00036212655226794036
CentroidX: 0.7308
CentroidY: 0.1320
