Location: Document_2025-04-19_205723-1.png_Gaussian-Closing.png
Component: component_1745101751880_305.png
centerX: 0.04299175500588928
centerY: 0.5070603337612324
width: 0.028857479387514724
height: 0.02781343602909713
Area: 0.00041076289505688436
CentroidX: 0.0570
CentroidY: 0.5214
