Location: Document_2025-04-19_205723-1.png_Gaussian-Closing.png
Component: component_1745101751781_125.png
centerX: 0.4381625441696113
centerY: 0.16516902011125376
width: 0.024146054181389872
height: 0.02610183996576808
Area: 0.00024116569973585173
CentroidX: 0.4499
CentroidY: 0.1790
