Location: 2025-04-19_205656-1.png_Gaussian-Closing.png
Component: component_1745101751944_75.png
centerX: 0.41519434628975266
centerY: 0.08857509627727857
width: 0.03180212014134275
height: 0.021822849807445442
Area: 0.00037397063574504076
CentroidX: 0.4305
CentroidY: 0.1001
