Location: Document_2025-04-19_205723-1.png_Gaussian-Closing.png
Component: component_1745101751792_161.png
centerX: 0.8545347467608951
centerY: 0.2246469833119384
width: 0.02767962308598351
height: 0.02781343602909713
Area: 0.0003538104936563593
CentroidX: 0.8686
CentroidY: 0.2395
