Location: 2025-04-19_205656-1.png_Otsu.png
Component: component_1745101751440_203.png
centerX: 0.20259128386336867
centerY: 0.35772357723577236
width: 0.028268551236749116
height: 0.024390243902439025
Area: 0.0003427224155075845
CentroidX: 0.2166
CentroidY: 0.3706
