Location: 2025-04-19_205656-1.png_Otsu.png
Component: component_1745101751448_225.png
centerX: 0.0983510011778563
centerY: 0.40265297389816
width: 0.035924617196702
height: 0.024390243902439025
Area: 0.0003399503959703908
CentroidX: 0.1144
CentroidY: 0.4158
