Location: 2025-04-19_205656-1.png_Otsu.png
Component: component_1745101751495_444.png
centerX: 0.21908127208480566
centerY: 0.7817715019255456
width: 0.03769140164899882
height: 0.0235344458707745
Area: 0.0003202942574339264
CentroidX: 0.2363
CentroidY: 0.7953
