Location: 2025-04-19_205656-1.png_Mean-Closing.png
Component: component_1745101752135_354.png
centerX: 0.8515901060070671
centerY: 0.6790757381258024
width: 0.032391048292108364
height: 0.024818142918271287
Area: 0.00034045439952260783
CentroidX: 0.8688
CentroidY: 0.6921
