Location: Document_2025-04-19_205723-1.png_Gaussian-Closing.png
Component: component_1745101751890_338.png
centerX: 0.4840989399293286
centerY: 0.5883611467693625
width: 0.03180212014134275
height: 0.02866923406076166
Area: 0.00041907895366846546
CentroidX: 0.5000
CentroidY: 0.6041
