Location: 2025-04-19_205656-1.png_Gaussian-Closing.png
Component: component_1745101751964_174.png
centerX: 0.15076560659599528
centerY: 0.27214377406931967
width: 0.03180212014134275
height: 0.02396234488660676
Area: 0.0003691826019989789
CentroidX: 0.1660
CentroidY: 0.2849
