Location: 2025-04-19_205656-1.png_Gaussian-Closing.png
Component: component_1745101752044_510.png
centerX: 0.13133097762073026
centerY: 0.944801026957638
width: 0.03121319199057715
height: 0.0235344458707745
Area: 0.0003162622290161901
CentroidX: 0.1462
CentroidY: 0.9582
