Location: Document_2025-04-19_205723-1.png_Gaussian-Closing.png
Component: component_1745101751813_200.png
centerX: 0.04122497055359246
centerY: 0.30166880616174585
width: 0.030624263839811542
height: 0.02866923406076166
Area: 0.00042159897142955065
CentroidX: 0.0533
CentroidY: 0.3172
