Location: 2025-04-19_205656-1.png_Mean-Closing.png
Component: component_1745101752105_201.png
centerX: 0.5341578327444052
centerY: 0.3423192126658109
width: 0.03769140164899882
height: 0.024818142918271287
Area: 0.00041907895366846546
CentroidX: 0.5517
CentroidY: 0.3556
