Location: 2025-04-19_205656-1.png_Mean-Closing.png
Component: component_1745101752141_379.png
centerX: 0.6195524146054181
centerY: 0.7261446298673513
width: 0.03297997644287397
height: 0.02396234488660676
Area: 0.00034322641905980153
CentroidX: 0.6348
CentroidY: 0.7398
