Location: 2025-04-19_205656-1.png_Gaussian-Closing.png
Component: component_1745101751953_124.png
centerX: 0.8486454652532391
centerY: 0.18528027385537013
width: 0.03121319199057715
height: 0.0235344458707745
Area: 0.00036464657002902555
CentroidX: 0.8631
CentroidY: 0.1975
