Location: Document_2025-04-19_205723-1.png_Gaussian-Closing.png
Component: component_1745101751710_46.png
centerX: 0.3127208480565371
centerY: 0.026529738981600343
width: 0.028857479387514724
height: 0.025246041934103552
Area: 0.0003092061792851516
CentroidX: 0.3255
CentroidY: 0.0396
