Location: 2025-04-19_205656-1.png_Gaussian-Closing.png
Component: component_1745101752029_422.png
centerX: 0.08244994110718493
centerY: 0.7869062901155327
width: 0.028857479387514724
height: 0.0235344458707745
Area: 0.0003260902982844223
CentroidX: 0.0970
CentroidY: 0.8003
