Location: 2025-04-19_205656-1.png_Otsu.png
Component: component_1745101751436_183.png
centerX: 0.1525323910482921
centerY: 0.3157894736842105
width: 0.030035335689045935
height: 0.02738553701326487
Area: 0.00036565457713345965
CentroidX: 0.1662
CentroidY: 0.3301
