Location: 2025-04-19_205656-1.png_Mean-Closing.png
Component: component_1745101752140_377.png
centerX: 0.6713780918727915
centerY: 0.7231493367565255
width: 0.03356890459363958
height: 0.026529738981600343
Area: 0.00037019060910341295
CentroidX: 0.6865
CentroidY: 0.7382
