Location: 2025-04-19_205656-1.png_Mean-Closing.png
Component: component_1745101752094_137.png
centerX: 0.8333333333333334
centerY: 0.21437740693196405
width: 0.034746760895170786
height: 0.02267864783910997
Area: 0.00035759052029798706
CentroidX: 0.8501
CentroidY: 0.2271
