Location: 2025-04-19_205656-1.png_Otsu.png
Component: component_1745101751454_253.png
centerX: 0.9022379269729093
centerY: 0.4711168164313222
width: 0.030624263839811542
height: 0.02267864783910997
Area: 0.0003286103160455075
CentroidX: 0.9170
CentroidY: 0.4835
