Location: Document_2025-04-19_205723-1.png_Gaussian-Closing.png
Component: component_1745101751895_356.png
centerX: 0.6861012956419317
centerY: 0.615318784766795
width: 0.028857479387514724
height: 0.029097133076593923
Area: 0.0003933747725053966
CentroidX: 0.7007
CentroidY: 0.6318
