Location: Document_2025-04-19_205723-1.png_Gaussian-Closing.png
Component: component_1745101751888_334.png
centerX: 0.690223792697291
centerY: 0.5832263585793752
width: 0.028857479387514724
height: 0.02781343602909713
Area: 0.0004084948790719077
CentroidX: 0.7038
CentroidY: 0.5991
