Location: Document_2025-04-19_205723-1.png_Gaussian-Closing.png
Component: component_1745101751818_219.png
centerX: 0.09010600706713781
centerY: 0.34017971758664955
width: 0.030035335689045935
height: 0.03080872913992298
Area: 0.0004115189003852099
CentroidX: 0.1058
CentroidY: 0.3562
