Location: Document_2025-04-16_190532-1.png_Otsu.png
Component: component_1744834563032_252.png
centerX: 0.6431095406360424
centerY: 0.3162173727000428
width: 0.024734982332155476
height: 0.02396234488660676
Area: 0.0002756899430627187
CentroidX: 0.6557
CentroidY: 0.3268
