Location: 2025-04-16_190509-1.png_Mean-Closing.png
Component: component_1744834563743_108.png
centerX: 0.08480565371024736
centerY: 0.15832263585793752
width: 0.02120141342756184
height: 0.02011125374411639
Area: 0.0002351176571092473
CentroidX: 0.0949
CentroidY: 0.1678
