Location: Document_2025-04-16_190532-1.png_Gaussian-Median.png
Component: component_1744834562954_282.png
centerX: 0.22791519434628976
centerY: 0.4878048780487805
width: 0.026501766784452298
height: 0.02053915275994865
Area: 0.00027669795016715276
CentroidX: 0.2415
CentroidY: 0.4970
