Location: 2025-04-16_190509-1.png_Mean-Closing.png
Component: component_1744834563730_53.png
centerX: 0.4469964664310954
centerY: 0.07445442875481387
width: 0.021790341578327443
height: 0.025673940949935817
Area: 0.000286526019435385
CentroidX: 0.4568
CentroidY: 0.0868
