Location: 2025-04-16_190509-1.png_Gaussian-Median.png
Component: component_1744834563568_445.png
centerX: 0.08068315665488811
centerY: 0.6367137355584083
width: 0.019434628975265017
height: 0.018827556696619598
Area: 0.00020638945463287626
CentroidX: 0.0901
CentroidY: 0.6456
