Location: 2025-04-16_190509-1.png_Mean-Closing.png
Component: component_1744834563790_310.png
centerX: 0.04004711425206125
centerY: 0.45999144201968334
width: 0.02120141342756184
height: 0.020967051775780916
Area: 0.0002507417672279754
CentroidX: 0.0501
CentroidY: 0.4701
