Location: Document_2025-04-16_190532-1.png_Gaussian-Median.png
Component: component_1744834562923_98.png
centerX: 0.5153121319199058
centerY: 0.1643132220795892
width: 0.023557126030624265
height: 0.022250748823277707
Area: 0.0003018981277780046
CentroidX: 0.5275
CentroidY: 0.1748
