Location: 2025-04-16_190509-1.png_Mean-Closing.png
Component: component_1744834563741_98.png
centerX: 0.45229681978798586
centerY: 0.14634146341463414
width: 0.021790341578327443
height: 0.021822849807445442
Area: 0.00024746574413856467
CentroidX: 0.4630
CentroidY: 0.1563
