Location: 2025-04-16_190509-1.png_Mean-Closing.png
Component: component_1744834563784_284.png
centerX: 0.3339222614840989
centerY: 0.4249037227214377
width: 0.025323910482921083
height: 0.02139495079161318
Area: 0.0002882900318681446
CentroidX: 0.3465
CentroidY: 0.4350
