Location: 2025-04-16_190509-1.png_Mean-Closing.png
Component: component_1744834563901_643.png
centerX: 0.6389870435806831
centerY: 0.928540864356012
width: 0.023557126030624265
height: 0.02267864783910997
Area: 0.000272413919973308
CentroidX: 0.6509
CentroidY: 0.9391
