Location: 2025-04-16_190509-1.png_Gaussian-Median.png
Component: component_1744834563558_405.png
centerX: 0.6796230859835101
centerY: 0.5738125802310655
width: 0.021790341578327443
height: 0.020967051775780916
Area: 0.00024696174058634764
CentroidX: 0.6898
CentroidY: 0.5840
