Location: Document_2025-04-16_190532-1.png_Otsu.png
Component: component_1744834562997_61.png
centerX: 0.3963486454652532
centerY: 0.056910569105691054
width: 0.02237926972909305
height: 0.02053915275994865
Area: 0.0002114294901550466
CentroidX: 0.4076
CentroidY: 0.0665
