Location: Document_2025-04-16_190532-1.png_Gaussian-Median.png
Component: component_1744834562963_334.png
centerX: 0.8080094228504122
centerY: 0.5708172871202396
width: 0.027090694935217905
height: 0.023106546854942234
Area: 0.0003129862059267794
CentroidX: 0.8218
CentroidY: 0.5817
