Location: 2025-04-16_190509-1.png_Gaussian-Median.png
Component: component_1744834563678_646.png
centerX: 0.9128386336866903
centerY: 0.9178433889602053
width: 0.02767962308598351
height: 0.021822849807445442
Area: 0.00026888589510778874
CentroidX: 0.9256
CentroidY: 0.9273
