Location: Document_2025-04-16_190532-1.png_Gaussian-Median.png
Component: component_1744834562913_37.png
centerX: 0.3957597173144876
centerY: 0.05648267008985879
width: 0.022968197879858657
height: 0.020967051775780916
Area: 0.0002567898098545799
CentroidX: 0.4071
CentroidY: 0.0664
