Location: 2025-04-16_190509-1.png_Gaussian-Median.png
Component: component_1744834563091_18.png
centerX: 0.3669022379269729
centerY: 0.01069747539580659
width: 0.022968197879858657
height: 0.024390243902439025
Area: 0.0002880380300920361
CentroidX: 0.3776
CentroidY: 0.0220
