Location: 2025-04-16_190509-1.png_Mean-Closing.png
Component: component_1744834563725_32.png
centerX: 0.5424028268551236
centerY: 0.03936670945656825
width: 0.025323910482921083
height: 0.02267864783910997
Area: 0.00031979025388170936
CentroidX: 0.5549
CentroidY: 0.0503
