Location: 2025-04-16_190509-1.png_Mean-Closing.png
Component: component_1744834563741_100.png
centerX: 0.34393404004711425
centerY: 0.14933675652546
width: 0.021790341578327443
height: 0.022250748823277707
Area: 0.0002701459039883313
CentroidX: 0.3555
CentroidY: 0.1599
