Location: 2025-04-16_190509-1.png_Gaussian-Median.png
Component: component_1744834563615_493.png
centerX: 0.31625441696113077
centerY: 0.7038938810440736
width: 0.02237926972909305
height: 0.018827556696619598
Area: 0.00022428158073658103
CentroidX: 0.3262
CentroidY: 0.7125
