Location: 2025-04-16_190509-1.png_Gaussian-Median.png
Component: component_1744834563684_667.png
centerX: 0.03769140164899882
centerY: 0.9362430466409927
width: 0.022968197879858657
height: 0.02053915275994865
Area: 0.00024242570861639432
CentroidX: 0.0486
CentroidY: 0.9455
