Location: 2025-04-16_190509-1.png_Gaussian-Median.png
Component: component_1744834563559_412.png
centerX: 0.42697290930506476
centerY: 0.5913564398801883
width: 0.022968197879858657
height: 0.02053915275994865
Area: 0.00023486565533313878
CentroidX: 0.4374
CentroidY: 0.6009
