Location: 2025-04-16_190509-1.png_Mean-Closing.png
Component: component_1744834563812_409.png
centerX: 0.38928150765606595
centerY: 0.5943517329910141
width: 0.022968197879858657
height: 0.019683354728284124
Area: 0.00025779781695901393
CentroidX: 0.4007
CentroidY: 0.6035
