Location: 2025-04-16_190509-1.png_Gaussian-Median.png
Component: component_1744834563535_386.png
centerX: 0.4664310954063604
centerY: 0.5481386392811296
width: 0.021790341578327443
height: 0.020967051775780916
Area: 0.00022654959672155768
CentroidX: 0.4769
CentroidY: 0.5580
