Location: 2025-04-16_190509-1.png_Mean-Closing.png
Component: component_1744834563717_4.png
centerX: 0.9257950530035336
centerY: 0.002139495079161318
width: 0.024734982332155476
height: 0.02267864783910997
Area: 0.00028324999634597427
CentroidX: 0.9390
CentroidY: 0.0128
