Location: Document_2025-04-16_190532-1.png_Otsu.png
Component: component_1744834563038_286.png
centerX: 0.05005889281507656
centerY: 0.3804022250748823
width: 0.02120141342756184
height: 0.018399657680787333
Area: 0.00019958540667794626
CentroidX: 0.0610
CentroidY: 0.3888
