Location: 2025-04-16_190509-1.png_Mean-Closing.png
Component: component_1744834563744_113.png
centerX: 0.8433451118963486
centerY: 0.16260162601626016
width: 0.024734982332155476
height: 0.02139495079161318
Area: 0.0002567898098545799
CentroidX: 0.8558
CentroidY: 0.1726
