Location: Document_2025-04-16_190532-1.png_Otsu.png
Component: component_1744834563047_342.png
centerX: 0.6071849234393404
centerY: 0.472400513478819
width: 0.025323910482921083
height: 0.020967051775780916
Area: 0.0002545217938696032
CentroidX: 0.6189
CentroidY: 0.4814
