Location: 2025-04-16_190509-1.png_Gaussian-Median.png
Component: component_1744834563578_472.png
centerX: 0.12131919905771496
centerY: 0.6718014548566539
width: 0.02061248527679623
height: 0.017543859649122806
Area: 0.00018648131432030332
CentroidX: 0.1311
CentroidY: 0.6800
