Location: 2025-04-16_190509-1.png_Gaussian-Median.png
Component: component_1744834563644_546.png
centerX: 0.08186101295641932
centerY: 0.7762088147197261
width: 0.021790341578327443
height: 0.018399657680787333
Area: 0.00022176156297549585
CentroidX: 0.0927
CentroidY: 0.7848
