Location: 2025-04-16_190509-1.png_Gaussian-Median.png
Component: component_1744834563626_510.png
centerX: 0.5771495877502945
centerY: 0.7308515190415062
width: 0.024734982332155476
height: 0.02011125374411639
Area: 0.0002603178347200991
CentroidX: 0.5892
CentroidY: 0.7399
