Location: 2025-04-16_190509-1.png_Mean-Closing.png
Component: component_1744834563744_110.png
centerX: 0.043580683156654886
centerY: 0.16046213093709885
width: 0.02120141342756184
height: 0.02011125374411639
Area: 0.00021495751502056588
CentroidX: 0.0540
CentroidY: 0.1694
