Location: Document_2025-04-16_190532-1.png_Otsu.png
Component: component_1744834563042_305.png
centerX: 0.18315665488810365
centerY: 0.4112109542148053
width: 0.02591283863368669
height: 0.02053915275994865
Area: 0.0002419217050641773
CentroidX: 0.1959
CentroidY: 0.4203
