Location: 2025-04-16_190509-1.png_Mean-Closing.png
Component: component_1744834563797_350.png
centerX: 0.6648998822143698
centerY: 0.5091998288403937
width: 0.025323910482921083
height: 0.02139495079161318
Area: 0.0002668698808989206
CentroidX: 0.6777
CentroidY: 0.5194
