Location: Document_2025-04-16_190532-1.png_Otsu.png
Component: component_1744834563035_269.png
centerX: 0.7732626619552415
centerY: 0.34830979888746255
width: 0.024146054181389872
height: 0.020967051775780916
Area: 0.000237889676646441
CentroidX: 0.7844
CentroidY: 0.3571
