Location: 2025-04-16_190509-1.png_Mean-Closing.png
Component: component_1744834563797_347.png
centerX: 0.809776207302709
centerY: 0.5027813436029097
width: 0.02237926972909305
height: 0.02053915275994865
Area: 0.00022201356475160436
CentroidX: 0.8206
CentroidY: 0.5123
