Location: 2025-04-16_190509-1.png_Mean-Closing.png
Component: component_1744834563767_217.png
centerX: 0.34275618374558303
centerY: 0.31664527171587503
width: 0.023557126030624265
height: 0.024390243902439025
Area: 0.00033843838531373967
CentroidX: 0.3539
CentroidY: 0.3283
