Location: 2025-04-16_190509-1.png_Gaussian-Median.png
Component: component_1744834563098_45.png
centerX: 0.5706713780918727
centerY: 0.07017543859649122
width: 0.024734982332155476
height: 0.024390243902439025
Area: 0.0002968580922558342
CentroidX: 0.5839
CentroidY: 0.0818
