Location: Document_2025-04-16_190532-1.png_Gaussian-Median.png
Component: component_1744834562965_345.png
centerX: 0.35571260306242636
centerY: 0.5930680359435173
width: 0.023557126030624265
height: 0.02139495079161318
Area: 0.00026812988977946314
CentroidX: 0.3677
CentroidY: 0.6028
