Location: 2025-04-16_190509-1.png_Gaussian-Median.png
Component: component_1744834563682_657.png
centerX: 0.71849234393404
centerY: 0.928540864356012
width: 0.023557126030624265
height: 0.019255455712451863
Area: 0.00022478558428879806
CentroidX: 0.7298
CentroidY: 0.9368
