Location: Document_2025-04-16_190532-1.png_Otsu.png
Component: component_1744834563027_217.png
centerX: 0.7720848056537103
centerY: 0.2725716730851519
width: 0.024734982332155476
height: 0.021822849807445442
Area: 0.00024166970328806878
CentroidX: 0.7840
CentroidY: 0.2819
