Location: 2025-04-16_190509-1.png_Gaussian-Median.png
Component: component_1744834563670_624.png
centerX: 0.8786808009422851
centerY: 0.8853230637569534
width: 0.023557126030624265
height: 0.022250748823277707
Area: 0.00027644594839104425
CentroidX: 0.8900
CentroidY: 0.8957
