Location: 2025-04-16_190509-1.png_Mean-Closing.png
Component: component_1744834563844_505.png
centerX: 0.42638398115429915
centerY: 0.7342747111681643
width: 0.022968197879858657
height: 0.02139495079161318
Area: 0.00025502579742182023
CentroidX: 0.4377
CentroidY: 0.7444
