Location: Document_2025-04-16_190532-1.png_Otsu.png
Component: component_1744834562998_65.png
centerX: 0.09540636042402827
centerY: 0.06076166024818143
width: 0.02061248527679623
height: 0.021822849807445442
Area: 0.000209665477722287
CentroidX: 0.1058
CentroidY: 0.0705
