Location: 2025-04-16_190509-1.png_Gaussian-Median.png
Component: component_1744834563688_684.png
centerX: 0.15312131919905772
centerY: 0.9683354728284125
width: 0.02591283863368669
height: 0.02139495079161318
Area: 0.000237889676646441
CentroidX: 0.1658
CentroidY: 0.9779
