Location: Document_2025-04-16_190532-1.png_Gaussian-Median.png
Component: component_1744834562946_231.png
centerX: 0.4034157832744405
centerY: 0.40051347881899874
width: 0.025323910482921083
height: 0.02053915275994865
Area: 0.000272413919973308
CentroidX: 0.4151
CentroidY: 0.4101
