Location: Document_2025-04-16_190532-1.png_Otsu.png
Component: component_1744834563049_352.png
centerX: 0.18256772673733804
centerY: 0.4895164741121095
width: 0.022968197879858657
height: 0.02053915275994865
Area: 0.0002462057352580221
CentroidX: 0.1940
CentroidY: 0.4990
