Location: 2025-04-16_190509-1.png_Mean-Closing.png
Component: component_1744834563728_40.png
centerX: 0.1501766784452297
centerY: 0.05348737697903295
width: 0.022968197879858657
height: 0.021822849807445442
Area: 0.0002484737512429988
CentroidX: 0.1612
CentroidY: 0.0635
