Location: 2025-04-16_190509-1.png_Mean-Closing.png
Component: component_1744834563800_367.png
centerX: 0.12131919905771496
centerY: 0.5297389816003423
width: 0.024146054181389872
height: 0.02053915275994865
Area: 0.00026359385780950985
CentroidX: 0.1330
CentroidY: 0.5396
