Location: 2025-04-16_190509-1.png_Gaussian-Median.png
Component: component_1744834563477_305.png
centerX: 0.6978798586572438
centerY: 0.44373127941805734
width: 0.021790341578327443
height: 0.019683354728284124
Area: 0.0002434337157208284
CentroidX: 0.7085
CentroidY: 0.4535
