Location: Document_2025-04-16_190532-1.png_Otsu.png
Component: component_1744834563057_399.png
centerX: 0.18138987043580684
centerY: 0.5639709028669234
width: 0.024146054181389872
height: 0.02139495079161318
Area: 0.0002545217938696032
CentroidX: 0.1931
CentroidY: 0.5737
