Location: 2025-04-16_190509-1.png_Mean-Closing.png
Component: component_1744834563739_90.png
centerX: 0.8651354534746761
centerY: 0.1317928968763372
width: 0.025323910482921083
height: 0.021822849807445442
Area: 0.0002852660105548424
CentroidX: 0.8781
CentroidY: 0.1417
