Location: 2025-04-16_190509-1.png_Mean-Closing.png
Component: component_1744834563844_508.png
centerX: 0.3586572438162544
centerY: 0.7372700042789901
width: 0.02237926972909305
height: 0.02053915275994865
Area: 0.00024721374236245615
CentroidX: 0.3697
CentroidY: 0.7467
