Location: Document_2025-04-16_190532-1.png_Gaussian-Median.png
Component: component_1744834562944_219.png
centerX: 0.8916372202591284
centerY: 0.3804022250748823
width: 0.024734982332155476
height: 0.021822849807445442
Area: 0.0002799739732565635
CentroidX: 0.9040
CentroidY: 0.3905
