Location: 2025-04-16_190509-1.png_Gaussian-Median.png
Component: component_1744834563471_288.png
centerX: 0.3828032979976443
centerY: 0.4240479246897732
width: 0.02237926972909305
height: 0.02139495079161318
Area: 0.00027921796792823795
CentroidX: 0.3940
CentroidY: 0.4344
