Location: easy16_Gaussian-Median.png
Component: component_1744297381725_302.png
centerX: 0.4443548387096774
centerY: 0.20306513409961685
width: 0.016129032258064516
height: 0.014367816091954023
Area: 0.00010196514645902856
CentroidX: 0.4519
CentroidY: 0.2096
