Location: 2025-04-16_190509-1.png_Gaussian-Median.png
Component: component_1744834563524_369.png
centerX: 0.08186101295641932
centerY: 0.5293110825845101
width: 0.019434628975265017
height: 0.018399657680787333
Area: 0.0002194935469905192
CentroidX: 0.0915
CentroidY: 0.5382
