Location: 2025-04-16_190509-1.png_Mean-Closing.png
Component: component_1744834563862_551.png
centerX: 0.6224970553592462
centerY: 0.7997432605905006
width: 0.02061248527679623
height: 0.018827556696619598
Area: 0.0002111774883789381
CentroidX: 0.6328
CentroidY: 0.8080
