Location: Document_2025-04-16_190532-1.png_Gaussian-Median.png
Component: component_1744834562908_4.png
centerX: 0.8380447585394581
centerY: 0.01540436456996149
width: 0.03121319199057715
height: 0.025246041934103552
Area: 0.00033239034268713524
CentroidX: 0.8544
CentroidY: 0.0265
