Location: Document_2025-04-16_190532-1.png_Gaussian-Median.png
Component: component_1744834562961_321.png
centerX: 0.4752650176678445
centerY: 0.5489944373127942
width: 0.028268551236749116
height: 0.02053915275994865
Area: 0.000300638118897462
CentroidX: 0.4893
CentroidY: 0.5585
