Location: 2025-04-16_190509-1.png_Mean-Closing.png
Component: component_1744834563781_262.png
centerX: 0.37809187279151946
centerY: 0.38767650834403083
width: 0.02120141342756184
height: 0.02139495079161318
Area: 0.0002512457707801925
CentroidX: 0.3880
CentroidY: 0.3969
