Location: 2025-04-16_190509-1.png_Gaussian-Median.png
Component: component_1744834563644_545.png
centerX: 0.20965842167255594
centerY: 0.7753530166880617
width: 0.02120141342756184
height: 0.02011125374411639
Area: 0.00022755760382599176
CentroidX: 0.2202
CentroidY: 0.7845
