Location: 2025-04-16_190509-1.png_Mean-Closing.png
Component: component_1744834563899_634.png
centerX: 0.9128386336866903
centerY: 0.9178433889602053
width: 0.02767962308598351
height: 0.021822849807445442
Area: 0.000272413919973308
CentroidX: 0.9256
CentroidY: 0.9273
