Location: 2025-04-16_190509-1.png_Mean-Closing.png
Component: component_1744834563763_200.png
centerX: 0.08657243816254417
centerY: 0.28754813863928114
width: 0.023557126030624265
height: 0.021822849807445442
Area: 0.00027064990754054833
CentroidX: 0.0984
CentroidY: 0.2978
