Location: 2025-04-16_190509-1.png_Gaussian-Median.png
Component: component_1744834563154_89.png
centerX: 0.08244994110718493
centerY: 0.12623020967051776
width: 0.022968197879858657
height: 0.018827556696619598
Area: 0.00023688166954200694
CentroidX: 0.0932
CentroidY: 0.1352
