Location: Document_2025-04-16_190532-1.png_Otsu.png
Component: component_1744834563054_380.png
centerX: 0.8515901060070671
centerY: 0.5323063756953359
width: 0.024734982332155476
height: 0.023106546854942234
Area: 0.00026082183827231615
CentroidX: 0.8633
CentroidY: 0.5427
