Location: Document_2025-04-16_190532-1.png_Gaussian-Median.png
Component: component_1744834562940_194.png
centerX: 0.18315665488810365
centerY: 0.33504492939666236
width: 0.022968197879858657
height: 0.019683354728284124
Area: 0.00023461365355703027
CentroidX: 0.1944
CentroidY: 0.3441
