Location: 2025-04-16_190509-1.png_Mean-Closing.png
Component: component_1744834563792_319.png
centerX: 0.8863368669022379
centerY: 0.4685494223363286
width: 0.025323910482921083
height: 0.02139495079161318
Area: 0.0002686338933316802
CentroidX: 0.8992
CentroidY: 0.4782
