Location: 2025-04-16_190509-1.png_Mean-Closing.png
Component: component_1744834563795_339.png
centerX: 0.039458186101295645
centerY: 0.4937954642704322
width: 0.021790341578327443
height: 0.019683354728284124
Area: 0.0002381416784225495
CentroidX: 0.0502
CentroidY: 0.5025
