Location: 2025-04-16_190509-1.png_Gaussian-Median.png
Component: component_1744834563654_567.png
centerX: 0.2067137809187279
centerY: 0.8040222507488233
width: 0.023557126030624265
height: 0.020967051775780916
Area: 0.0002507417672279754
CentroidX: 0.2182
CentroidY: 0.8139
