Location: 2025-04-16_190509-1.png_Gaussian-Median.png
Component: component_1744834563560_413.png
centerX: 0.3486454652532391
centerY: 0.5939238339751819
width: 0.025323910482921083
height: 0.021822849807445442
Area: 0.0002623338489289672
CentroidX: 0.3614
CentroidY: 0.6037
