Location: Document_2025-04-16_190532-1.png_Otsu.png
Component: component_1744834563011_149.png
centerX: 0.9093050647820966
centerY: 0.19426615318784768
width: 0.02591283863368669
height: 0.02053915275994865
Area: 0.0002532617849890606
CentroidX: 0.9227
CentroidY: 0.2033
