Location: Document_2025-04-16_190532-1.png_Gaussian-Median.png
Component: component_1744834562941_197.png
centerX: 0.04652532391048292
centerY: 0.3380402225074882
width: 0.021790341578327443
height: 0.022250748823277707
Area: 0.00026082183827231615
CentroidX: 0.0573
CentroidY: 0.3483
