Location: Document_2025-04-16_190532-1.png_Otsu.png
Component: component_1744834563003_105.png
centerX: 0.5606595995288575
centerY: 0.12366281557552418
width: 0.024146054181389872
height: 0.024390243902439025
Area: 0.0003132382077028879
CentroidX: 0.5728
CentroidY: 0.1352
