Location: 2025-04-16_190509-1.png_Mean-Closing.png
Component: component_1744834563899_633.png
centerX: 0.038869257950530034
centerY: 0.9045785194694053
width: 0.020023557126030624
height: 0.01668806161745828
Area: 0.00017992926814148187
CentroidX: 0.0490
CentroidY: 0.9126
