Location: 2025-04-16_190509-1.png_Gaussian-Median.png
Component: component_1744834563482_323.png
centerX: 0.9199057714958775
centerY: 0.4668378262729996
width: 0.024734982332155476
height: 0.021822849807445442
Area: 0.0002421737068402858
CentroidX: 0.9318
CentroidY: 0.4765
