Location: Document_2025-04-16_190532-1.png_Gaussian-Median.png
Component: component_1744834562919_74.png
centerX: 0.5995288574793876
centerY: 0.1245186136071887
width: 0.024146054181389872
height: 0.020967051775780916
Area: 0.00029282606383809794
CentroidX: 0.6114
CentroidY: 0.1344
