Location: 2025-04-16_190509-1.png_Mean-Closing.png
Component: component_1744834563743_105.png
centerX: 0.2762073027090695
centerY: 0.15361574668378264
width: 0.02061248527679623
height: 0.019255455712451863
Area: 0.00020941347594617847
CentroidX: 0.2861
CentroidY: 0.1623
