Location: Document_2025-04-16_190532-1.png_Gaussian-Median.png
Component: component_1744834562949_250.png
centerX: 0.48586572438162545
centerY: 0.4338896020539153
width: 0.02237926972909305
height: 0.024818142918271287
Area: 0.0002852660105548424
CentroidX: 0.4962
CentroidY: 0.4455
