Location: 2025-04-16_190509-1.png_Gaussian-Median.png
Component: component_1744834563571_452.png
centerX: 0.817432273262662
centerY: 0.6491228070175439
width: 0.01884570082449941
height: 0.020967051775780916
Area: 0.0002507417672279754
CentroidX: 0.8264
CentroidY: 0.6593
