Location: 2025-04-16_190509-1.png_Gaussian-Median.png
Component: component_1744834563532_384.png
centerX: 0.5382803297997645
centerY: 0.5442875481386393
width: 0.02120141342756184
height: 0.021822849807445442
Area: 0.00023864568197476657
CentroidX: 0.5494
CentroidY: 0.5541
