Location: 2025-04-16_190509-1.png_Mean-Closing.png
Component: component_1744834563925_672.png
centerX: 0.19846878680800942
centerY: 0.9683354728284125
width: 0.02120141342756184
height: 0.018399657680787333
Area: 0.00020386943687179107
CentroidX: 0.2085
CentroidY: 0.9768
