Location: 2025-04-16_190509-1.png_Mean-Closing.png
Component: component_1744834563914_662.png
centerX: 0.7997644287396938
centerY: 0.9623448866067608
width: 0.02237926972909305
height: 0.021822849807445442
Area: 0.00027770595727158687
CentroidX: 0.8106
CentroidY: 0.9730
