Location: 2025-04-16_190509-1.png_Gaussian-Median.png
Component: component_1744834563534_385.png
centerX: 0.5011778563015312
centerY: 0.5468549422336328
width: 0.021790341578327443
height: 0.02053915275994865
Area: 0.00024418972104915394
CentroidX: 0.5118
CentroidY: 0.5565
