Location: Document_2025-04-16_190532-1.png_Otsu.png
Component: component_1744834563032_255.png
centerX: 0.4823321554770318
centerY: 0.31750106974753955
width: 0.023557126030624265
height: 0.022250748823277707
Area: 0.00024418972104915394
CentroidX: 0.4936
CentroidY: 0.3278
