Location: 2025-04-16_190509-1.png_Gaussian-Median.png
Component: component_1744834563529_375.png
centerX: 0.2414605418138987
centerY: 0.5310226786478391
width: 0.02237926972909305
height: 0.02011125374411639
Area: 0.00025023776367575837
CentroidX: 0.2525
CentroidY: 0.5399
