Location: 2025-04-16_190509-1.png_Mean-Closing.png
Component: component_1744834563862_555.png
centerX: 0.32744405182567726
centerY: 0.8023106546854942
width: 0.020023557126030624
height: 0.02139495079161318
Area: 0.00023612566421368138
CentroidX: 0.3378
CentroidY: 0.8120
