Location: 2025-04-16_190509-1.png_Mean-Closing.png
Component: component_1744834563762_193.png
centerX: 0.38633686690223795
centerY: 0.27899015832263585
width: 0.023557126030624265
height: 0.02139495079161318
Area: 0.0002887940354203616
CentroidX: 0.3979
CentroidY: 0.2889
