Location: 2025-04-16_190509-1.png_Mean-Closing.png
Component: component_1744834563787_303.png
centerX: 0.5535924617196702
centerY: 0.449721865639709
width: 0.022968197879858657
height: 0.02053915275994865
Area: 0.000259309827615665
CentroidX: 0.5640
CentroidY: 0.4592
