Location: Document_2025-04-16_190532-1.png_Gaussian-Median.png
Component: component_1744834562930_136.png
centerX: 0.5117785630153121
centerY: 0.2409071459135644
width: 0.024146054181389872
height: 0.020967051775780916
Area: 0.000294338074494749
CentroidX: 0.5241
CentroidY: 0.2509
