Location: 2025-04-16_190509-1.png_Mean-Closing.png
Component: component_1744834563831_473.png
centerX: 0.7131919905771495
centerY: 0.6880616174582799
width: 0.021790341578327443
height: 0.019683354728284124
Area: 0.00021344550436391477
CentroidX: 0.7238
CentroidY: 0.6973
