Location: 2025-04-16_190509-1.png_Mean-Closing.png
Component: component_1744834563738_87.png
centerX: 0.7791519434628975
centerY: 0.1305091998288404
width: 0.022968197879858657
height: 0.020967051775780916
Area: 0.0002628378524811843
CentroidX: 0.7910
CentroidY: 0.1403
