Location: Document_2025-04-16_190532-1.png_Gaussian-Median.png
Component: component_1744834562952_271.png
centerX: 0.6943462897526502
centerY: 0.47026101839965767
width: 0.026501766784452298
height: 0.019683354728284124
Area: 0.0002646018649139439
CentroidX: 0.7070
CentroidY: 0.4793
