Location: 2025-04-16_190509-1.png_Gaussian-Median.png
Component: component_1744834563558_408.png
centerX: 0.5677267373380448
centerY: 0.5815147625160462
width: 0.022968197879858657
height: 0.020967051775780916
Area: 0.0002431817139447199
CentroidX: 0.5787
CentroidY: 0.5908
