Location: Document_2025-04-16_190532-1.png_Gaussian-Median.png
Component: component_1744834562929_125.png
centerX: 0.2626619552414605
centerY: 0.21523320496362858
width: 0.023557126030624265
height: 0.02011125374411639
Area: 0.0002464577370341306
CentroidX: 0.2748
CentroidY: 0.2242
