Location: 2025-04-16_190509-1.png_Mean-Closing.png
Component: component_1744834563758_175.png
centerX: 0.22025912838633688
centerY: 0.25417201540436457
width: 0.022968197879858657
height: 0.02011125374411639
Area: 0.00023965368907920062
CentroidX: 0.2310
CentroidY: 0.2636
