Location: Document_2025-04-16_190532-1.png_Gaussian-Median.png
Component: component_1744834562948_248.png
centerX: 0.6908127208480566
centerY: 0.43089430894308944
width: 0.027090694935217905
height: 0.025246041934103552
Area: 0.0003311303338065927
CentroidX: 0.7047
CentroidY: 0.4424
