Location: 2025-04-16_190509-1.png_Gaussian-Median.png
Component: component_1744834563128_66.png
centerX: 0.04240282685512368
centerY: 0.09328198545143346
width: 0.023557126030624265
height: 0.02053915275994865
Area: 0.00026384585958561836
CentroidX: 0.0545
CentroidY: 0.1024
