Location: Document_2025-04-16_190532-1.png_Otsu.png
Component: component_1744834563005_110.png
centerX: 0.3928150765606596
centerY: 0.1326486949080017
width: 0.022968197879858657
height: 0.023106546854942234
Area: 0.00022453358251268955
CentroidX: 0.4046
CentroidY: 0.1427
