Location: 2025-04-16_190509-1.png_Gaussian-Median.png
Component: component_1744834563596_486.png
centerX: 0.607773851590106
centerY: 0.6936243046640993
width: 0.02120141342756184
height: 0.02053915275994865
Area: 0.0002086574706178529
CentroidX: 0.6178
CentroidY: 0.7029
