Location: 2025-04-16_190509-1.png_Gaussian-Median.png
Component: component_1744834563474_295.png
centerX: 0.2479387514723204
centerY: 0.43089430894308944
width: 0.023557126030624265
height: 0.02011125374411639
Area: 0.0002814859839132146
CentroidX: 0.2596
CentroidY: 0.4407
