Location: 2025-04-16_190509-1.png_Mean-Closing.png
Component: component_1744834563852_535.png
centerX: 0.5047114252061249
centerY: 0.7749251176722294
width: 0.02061248527679623
height: 0.017115960633290545
Area: 0.0002126894990355892
CentroidX: 0.5145
CentroidY: 0.7830
