Location: 2025-04-16_190509-1.png_Gaussian-Median.png
Component: component_1744834563663_589.png
centerX: 0.44346289752650175
centerY: 0.8309798887462558
width: 0.024734982332155476
height: 0.018399657680787333
Area: 0.0002126894990355892
CentroidX: 0.4561
CentroidY: 0.8391
