Location: 2025-04-16_190509-1.png_Mean-Closing.png
Component: component_1744834563815_423.png
centerX: 0.784452296819788
centerY: 0.6110397946084724
width: 0.02061248527679623
height: 0.019255455712451863
Area: 0.00022705360027377473
CentroidX: 0.7947
CentroidY: 0.6203
