Location: 2025-04-16_190509-1.png_Gaussian-Median.png
Component: component_1744834563521_364.png
centerX: 0.3510011778563015
centerY: 0.5250320924261874
width: 0.024146054181389872
height: 0.023106546854942234
Area: 0.00026787788800335463
CentroidX: 0.3628
CentroidY: 0.5357
