Location: 2025-04-16_190509-1.png_Mean-Closing.png
Component: component_1744834563753_158.png
centerX: 0.8792697290930507
centerY: 0.22849807445442877
width: 0.025323910482921083
height: 0.020967051775780916
Area: 0.0002895500407486872
CentroidX: 0.8924
CentroidY: 0.2384
