Location: 2025-04-16_190509-1.png_Gaussian-Median.png
Component: component_1744834563100_48.png
centerX: 0.5318021201413428
centerY: 0.07317073170731707
width: 0.023557126030624265
height: 0.024818142918271287
Area: 0.00030668616152406644
CentroidX: 0.5434
CentroidY: 0.0843
