Location: 2025-04-16_190509-1.png_Mean-Closing.png
Component: component_1744834563895_622.png
centerX: 0.4799764428739694
centerY: 0.8951647411210955
width: 0.024146054181389872
height: 0.020967051775780916
Area: 0.00024141770151196027
CentroidX: 0.4916
CentroidY: 0.9047
