Location: Document_2025-04-16_190532-1.png_Otsu.png
Component: component_1744834563037_284.png
centerX: 0.09540636042402827
centerY: 0.3769790329482242
width: 0.02120141342756184
height: 0.021822849807445442
Area: 0.00024015769263141767
CentroidX: 0.1055
CentroidY: 0.3874
