Location: 2025-04-16_190509-1.png_Gaussian-Median.png
Component: component_1744834563481_317.png
centerX: 0.16548881036513546
centerY: 0.45999144201968334
width: 0.024734982332155476
height: 0.020967051775780916
Area: 0.0002756899430627187
CentroidX: 0.1775
CentroidY: 0.4699
