Location: Document_2025-04-16_190532-1.png_Otsu.png
Component: component_1744834563039_294.png
centerX: 0.5241460541813898
centerY: 0.3940949935815148
width: 0.024734982332155476
height: 0.020967051775780916
Area: 0.0002489777547952158
CentroidX: 0.5364
CentroidY: 0.4041
