Location: Document_2025-04-16_190532-1.png_Otsu.png
Component: component_1744834563006_117.png
centerX: 0.13957597173144876
centerY: 0.1399229781771502
width: 0.022968197879858657
height: 0.021822849807445442
Area: 0.00020689345818509329
CentroidX: 0.1508
CentroidY: 0.1497
