Location: 2025-04-16_190509-1.png_Gaussian-Median.png
Component: component_1744834563631_521.png
centerX: 0.045936395759717315
centerY: 0.7406931964056482
width: 0.022968197879858657
height: 0.01797175866495507
Area: 0.00021319350258780623
CentroidX: 0.0574
CentroidY: 0.7490
