Location: 2025-04-16_190509-1.png_Mean-Closing.png
Component: component_1744834563823_445.png
centerX: 0.8751472320376914
centerY: 0.6448438168592212
width: 0.025323910482921083
height: 0.020967051775780916
Area: 0.0002809819803609976
CentroidX: 0.8877
CentroidY: 0.6551
