Location: easy64_Gaussian-Closing.png
Component: component_1744297381395_837.png
centerX: 0.6517533252720678
centerY: 0.5741769987174006
width: 0.008464328899637243
height: 0.010260795211628902
Area: 6.565502780516276e-05
CentroidX: 0.6558
CentroidY: 0.5791
