Location: 2025-04-16_190509-1.png_Gaussian-Median.png
Component: component_1744834563653_564.png
centerX: 0.32744405182567726
centerY: 0.8023106546854942
width: 0.020023557126030624
height: 0.02139495079161318
Area: 0.00023410965000481324
CentroidX: 0.3378
CentroidY: 0.8120
