Location: Document_2025-04-16_190532-1.png_Gaussian-Median.png
Component: component_1744834562932_144.png
centerX: 0.35217903415783275
centerY: 0.2468977321352161
width: 0.025323910482921083
height: 0.022250748823277707
Area: 0.0002840060016742998
CentroidX: 0.3639
CentroidY: 0.2574
