Location: 2025-04-16_190509-1.png_Gaussian-Median.png
Component: component_1744834563153_84.png
centerX: 0.26325088339222613
centerY: 0.11810012836970475
width: 0.02120141342756184
height: 0.023106546854942234
Area: 0.0002812339821371061
CentroidX: 0.2738
CentroidY: 0.1289
