Location: 2025-04-16_190509-1.png_Mean-Closing.png
Component: component_1744834563721_21.png
centerX: 0.10188457008244994
centerY: 0.01797175866495507
width: 0.02591283863368669
height: 0.02139495079161318
Area: 0.000272413919973308
CentroidX: 0.1137
CentroidY: 0.0274
