Location: 2025-04-16_190509-1.png_Gaussian-Median.png
Component: component_1744834563483_327.png
centerX: 0.7709069493521791
centerY: 0.47368421052631576
width: 0.025323910482921083
height: 0.02139495079161318
Area: 0.000258805824063448
CentroidX: 0.7836
CentroidY: 0.4834
