Location: Document_2025-04-16_190532-1.png_Gaussian-Median.png
Component: component_1744834562951_262.png
centerX: 0.13427561837455831
centerY: 0.45057766367137353
width: 0.024734982332155476
height: 0.019255455712451863
Area: 0.0002567898098545799
CentroidX: 0.1462
CentroidY: 0.4595
