Location: Document_2025-04-16_190532-1.png_Otsu.png
Component: component_1744834563046_333.png
centerX: 0.8881036513545347
centerY: 0.4535729567821994
width: 0.02591283863368669
height: 0.02011125374411639
Area: 0.0002182335381099766
CentroidX: 0.9004
CentroidY: 0.4620
