Location: 2025-04-16_190509-1.png_Mean-Closing.png
Component: component_1744834563852_534.png
centerX: 0.43462897526501765
centerY: 0.7744972186563971
width: 0.02237926972909305
height: 0.019683354728284124
Area: 0.0002431817139447199
CentroidX: 0.4451
CentroidY: 0.7839
