Location: 2025-04-16_190509-1.png_Gaussian-Median.png
Component: component_1744834563519_356.png
centerX: 0.6295641931684335
centerY: 0.5121951219512195
width: 0.02061248527679623
height: 0.021822849807445442
Area: 0.00026056983649620763
CentroidX: 0.6394
CentroidY: 0.5228
