Location: 2025-04-16_190509-1.png_Gaussian-Median.png
Component: component_1744834563684_668.png
centerX: 0.07597173144876325
centerY: 0.936670945656825
width: 0.02237926972909305
height: 0.017115960633290545
Area: 0.0002073974617373103
CentroidX: 0.0870
CentroidY: 0.9445
