Location: 2025-04-16_190509-1.png_Gaussian-Median.png
Component: component_1744834563671_628.png
centerX: 0.7626619552414605
centerY: 0.8913136499786051
width: 0.024146054181389872
height: 0.02139495079161318
Area: 0.00026334185603340133
CentroidX: 0.7744
CentroidY: 0.9018
