Location: 2025-04-16_190509-1.png_Gaussian-Median.png
Component: component_1744834563530_377.png
centerX: 0.7473498233215548
centerY: 0.5344458707744972
width: 0.024734982332155476
height: 0.02053915275994865
Area: 0.0002484737512429988
CentroidX: 0.7593
CentroidY: 0.5436
