Location: 2025-04-16_190509-1.png_Mean-Closing.png
Component: component_1744834563744_112.png
centerX: 0.8085983510011778
centerY: 0.16302952503209242
width: 0.021790341578327443
height: 0.02267864783910997
Area: 0.0002570418116306884
CentroidX: 0.8191
CentroidY: 0.1736
