Location: 2025-04-16_190509-1.png_Gaussian-Median.png
Component: component_1744834563091_19.png
centerX: 0.21201413427561838
centerY: 0.013264869490800172
width: 0.027090694935217905
height: 0.024818142918271287
Area: 0.000307946170404609
CentroidX: 0.2241
CentroidY: 0.0243
