Location: Document_2025-04-16_190532-1.png_Gaussian-Median.png
Component: component_1744834562921_84.png
centerX: 0.09540636042402827
centerY: 0.1399229781771502
width: 0.023557126030624265
height: 0.020967051775780916
Area: 0.00023738567309422397
CentroidX: 0.1065
CentroidY: 0.1495
