Location: 2025-04-16_190509-1.png_Mean-Closing.png
Component: component_1744834563848_519.png
centerX: 0.7985865724381626
centerY: 0.7590928540864356
width: 0.02061248527679623
height: 0.02139495079161318
Area: 0.00023536965888535584
CentroidX: 0.8087
CentroidY: 0.7689
