Location: Document_2025-04-16_190532-1.png_Otsu.png
Component: component_1744834563061_417.png
centerX: 0.35630153121319197
centerY: 0.5930680359435173
width: 0.02237926972909305
height: 0.020967051775780916
Area: 0.0002421737068402858
CentroidX: 0.3676
CentroidY: 0.6026
