Location: 2025-04-16_190509-1.png_Gaussian-Median.png
Component: component_1744834563572_455.png
centerX: 0.7073027090694936
centerY: 0.6538296961916987
width: 0.024734982332155476
height: 0.020967051775780916
Area: 0.0002696419004361143
CentroidX: 0.7199
CentroidY: 0.6634
