Location: Document_2025-04-16_190532-1.png_Otsu.png
Component: component_1744834562999_78.png
centerX: 0.8804475853945819
centerY: 0.08515190415062045
width: 0.021790341578327443
height: 0.02053915275994865
Area: 0.00023133763046761954
CentroidX: 0.8913
CentroidY: 0.0949
