Location: 2025-04-16_190509-1.png_Gaussian-Median.png
Component: component_1744834563095_34.png
centerX: 0.6307420494699647
centerY: 0.038510911424903725
width: 0.025323910482921083
height: 0.024390243902439025
Area: 0.00031651423079229863
CentroidX: 0.6444
CentroidY: 0.0500
