Location: Document_2025-04-16_190532-1.png_Gaussian-Median.png
Component: component_1744834562931_141.png
centerX: 0.5906949352179034
centerY: 0.24261874197689345
width: 0.024146054181389872
height: 0.023106546854942234
Area: 0.0002908100496292298
CentroidX: 0.6022
CentroidY: 0.2533
