Location: Document_2025-04-16_190532-1.png_Gaussian-Median.png
Component: component_1744834562909_13.png
centerX: 0.7909305064782096
centerY: 0.017115960633290545
width: 0.026501766784452298
height: 0.024818142918271287
Area: 0.00029459007627085753
CentroidX: 0.8048
CentroidY: 0.0285
