Location: 2025-04-16_190509-1.png_Mean-Closing.png
Component: component_1744834563765_207.png
centerX: 0.734982332155477
centerY: 0.2991014120667522
width: 0.02591283863368669
height: 0.0235344458707745
Area: 0.0003316343373588097
CentroidX: 0.7474
CentroidY: 0.3099
