Location: Document_2025-04-16_190532-1.png_Gaussian-Median.png
Component: component_1744834562921_87.png
centerX: 0.052414605418138985
centerY: 0.14120667522464697
width: 0.02237926972909305
height: 0.02139495079161318
Area: 0.0002431817139447199
CentroidX: 0.0633
CentroidY: 0.1508
