Location: 2025-04-16_190509-1.png_Gaussian-Median.png
Component: component_1744834563520_360.png
centerX: 0.48881036513545345
centerY: 0.5181857081728712
width: 0.02061248527679623
height: 0.02011125374411639
Area: 0.00023738567309422397
CentroidX: 0.4989
CentroidY: 0.5275
