Location: 2025-04-16_190509-1.png_Gaussian-Median.png
Component: component_1744834563635_530.png
centerX: 0.8321554770318021
centerY: 0.7599486521181001
width: 0.02061248527679623
height: 0.017543859649122806
Area: 0.00019933340490183775
CentroidX: 0.8425
CentroidY: 0.7680
