Location: 2025-04-16_190509-1.png_Mean-Closing.png
Component: component_1744834563895_621.png
centerX: 0.5223792697290931
centerY: 0.8947368421052632
width: 0.02237926972909305
height: 0.019255455712451863
Area: 0.00023864568197476657
CentroidX: 0.5331
CentroidY: 0.9042
