Location: Document_2025-04-16_190532-1.png_Otsu.png
Component: component_1744834563007_123.png
centerX: 0.7756183745583038
centerY: 0.15703893881044073
width: 0.022968197879858657
height: 0.02139495079161318
Area: 0.00023007762158707695
CentroidX: 0.7863
CentroidY: 0.1661
