Location: 2025-04-16_190509-1.png_Mean-Closing.png
Component: component_1744834563862_554.png
centerX: 0.5477031802120141
centerY: 0.8010269576379975
width: 0.021790341578327443
height: 0.02267864783910997
Area: 0.00023058162513929398
CentroidX: 0.5588
CentroidY: 0.8104
