Location: 2025-04-16_190509-1.png_Mean-Closing.png
Component: component_1744834563812_407.png
centerX: 0.42697290930506476
centerY: 0.5913564398801883
width: 0.02237926972909305
height: 0.02053915275994865
Area: 0.0002366296677658984
CentroidX: 0.4373
CentroidY: 0.6009
