Location: 2025-04-16_190509-1.png_Mean-Closing.png
Component: component_1744834563768_223.png
centerX: 0.9063604240282686
centerY: 0.32391955498502356
width: 0.024146054181389872
height: 0.02267864783910997
Area: 0.0002807299785848891
CentroidX: 0.9188
CentroidY: 0.3345
