Location: Document_2025-04-16_190532-1.png_Otsu.png
Component: component_1744834562998_68.png
centerX: 0.13957597173144876
centerY: 0.06161745827984596
width: 0.02061248527679623
height: 0.02053915275994865
Area: 0.00019454537115577591
CentroidX: 0.1503
CentroidY: 0.0707
