Location: Document_2025-04-16_190532-1.png_Otsu.png
Component: component_1744834563014_153.png
centerX: 0.6366313309776207
centerY: 0.20239623448866068
width: 0.022968197879858657
height: 0.02139495079161318
Area: 0.00027165791464498244
CentroidX: 0.6474
CentroidY: 0.2121
