Location: Document_2025-04-16_190532-1.png_Otsu.png
Component: component_1744834563051_366.png
centerX: 0.6071849234393404
centerY: 0.5040650406504065
width: 0.024146054181389872
height: 0.018399657680787333
Area: 0.00021193349370726366
CentroidX: 0.6194
CentroidY: 0.5127
