Location: 2025-04-16_190509-1.png_Mean-Closing.png
Component: component_1744834563738_89.png
centerX: 0.7379269729093051
centerY: 0.1317928968763372
width: 0.022968197879858657
height: 0.022250748823277707
Area: 0.0002668698808989206
CentroidX: 0.7496
CentroidY: 0.1422
