Location: Document_2025-04-16_190532-1.png_Otsu.png
Component: component_1744834563051_361.png
centerX: 0.734982332155477
centerY: 0.49893025246041933
width: 0.025323910482921083
height: 0.019255455712451863
Area: 0.00021747753278165104
CentroidX: 0.7470
CentroidY: 0.5082
