Location: 2025-04-16_190509-1.png_Mean-Closing.png
Component: component_1744834563740_94.png
centerX: 0.6525323910482921
centerY: 0.13778348309798888
width: 0.021790341578327443
height: 0.02053915275994865
Area: 0.00024116569973585173
CentroidX: 0.6635
CentroidY: 0.1471
