Location: 2025-04-16_190509-1.png_Gaussian-Median.png
Component: component_1744834563526_371.png
centerX: 0.2762073027090695
centerY: 0.5288831835686778
width: 0.024734982332155476
height: 0.02011125374411639
Area: 0.00025804981873512245
CentroidX: 0.2878
CentroidY: 0.5382
