Location: 2025-04-16_190509-1.png_Mean-Closing.png
Component: component_1744834563792_323.png
centerX: 0.7302709069493521
centerY: 0.4749679075738126
width: 0.022968197879858657
height: 0.02139495079161318
Area: 0.0002570418116306884
CentroidX: 0.7421
CentroidY: 0.4846
