Location: 2025-04-16_190509-1.png_Gaussian-Median.png
Component: component_1744834563634_527.png
centerX: 0.8686690223792697
centerY: 0.7569533590072742
width: 0.022968197879858657
height: 0.021822849807445442
Area: 0.00024141770151196027
CentroidX: 0.8796
CentroidY: 0.7665
