Location: Document_2025-04-16_190532-1.png_Gaussian-Median.png
Component: component_1744834562963_336.png
centerX: 0.7273262661955241
centerY: 0.5755241762943946
width: 0.024146054181389872
height: 0.021822849807445442
Area: 0.0002676258862272461
CentroidX: 0.7398
CentroidY: 0.5853
