Location: 2025-04-16_190509-1.png_Mean-Closing.png
Component: component_1744834563777_244.png
centerX: 0.16666666666666666
centerY: 0.35729567821994007
width: 0.023557126030624265
height: 0.023106546854942234
Area: 0.0002948420780469661
CentroidX: 0.1785
CentroidY: 0.3682
