Location: 2025-04-16_190509-1.png_Gaussian-Median.png
Component: component_1744834563577_469.png
centerX: 0.23674911660777384
centerY: 0.6709456568249893
width: 0.021790341578327443
height: 0.018399657680787333
Area: 0.00021621752390110844
CentroidX: 0.2473
CentroidY: 0.6793
