Location: 2025-04-16_190509-1.png_Mean-Closing.png
Component: component_1744834563817_429.png
centerX: 0.5477031802120141
centerY: 0.6268720581942662
width: 0.022968197879858657
height: 0.01797175866495507
Area: 0.00022478558428879806
CentroidX: 0.5586
CentroidY: 0.6351
