Location: Document_2025-04-16_190532-1.png_Gaussian-Median.png
Component: component_1744834562965_349.png
centerX: 0.1855123674911661
centerY: 0.5982028241335045
width: 0.024734982332155476
height: 0.02053915275994865
Area: 0.000265609872018378
CentroidX: 0.1976
CentroidY: 0.6081
