Location: Document_2025-04-16_190532-1.png_Gaussian-Median.png
Component: component_1744834562965_346.png
centerX: 0.31036513545347466
centerY: 0.5956354300385109
width: 0.023557126030624265
height: 0.02053915275994865
Area: 0.000259309827615665
CentroidX: 0.3215
CentroidY: 0.6056
