Location: 2025-04-16_190509-1.png_Gaussian-Median.png
Component: component_1744834563638_534.png
centerX: 0.6183745583038869
centerY: 0.7689345314505777
width: 0.02120141342756184
height: 0.019683354728284124
Area: 0.00023612566421368138
CentroidX: 0.6290
CentroidY: 0.7778
