Location: Document_2025-04-16_190532-1.png_Otsu.png
Component: component_1744834563001_91.png
centerX: 0.08892815076560659
centerY: 0.09713307659392384
width: 0.022968197879858657
height: 0.02139495079161318
Area: 0.0002126894990355892
CentroidX: 0.1002
CentroidY: 0.1067
