Location: Document_2025-04-16_190532-1.png_Otsu.png
Component: component_1744834563005_111.png
centerX: 0.3510011778563015
centerY: 0.13350449293966624
width: 0.024734982332155476
height: 0.023106546854942234
Area: 0.00022881761270653435
CentroidX: 0.3629
CentroidY: 0.1438
