Location: Document_2025-04-16_190532-1.png_Otsu.png
Component: component_1744834563010_137.png
centerX: 0.26501766784452296
centerY: 0.17629439452289258
width: 0.02061248527679623
height: 0.021822849807445442
Area: 0.00013078892180032084
CentroidX: 0.2793
CentroidY: 0.1854
