Location: 2025-04-16_190509-1.png_Gaussian-Median.png
Component: component_1744834563683_660.png
centerX: 0.3138987043580683
centerY: 0.9306803594351734
width: 0.022968197879858657
height: 0.02011125374411639
Area: 0.00023310164290037916
CentroidX: 0.3258
CentroidY: 0.9400
