Location: 2025-04-16_190509-1.png_Mean-Closing.png
Component: component_1744834563800_361.png
centerX: 0.04122497055359246
centerY: 0.527599486521181
width: 0.024146054181389872
height: 0.02011125374411639
Area: 0.0002477177459146732
CentroidX: 0.0533
CentroidY: 0.5369
