Location: 2025-04-16_190509-1.png_Gaussian-Median.png
Component: component_1744834563683_662.png
centerX: 0.35159010600706714
centerY: 0.9311082584510055
width: 0.02237926972909305
height: 0.021822849807445442
Area: 0.00023184163401983657
CentroidX: 0.3619
CentroidY: 0.9410
