Location: 2025-04-16_190509-1.png_Mean-Closing.png
Component: component_1744834563814_416.png
centerX: 0.160188457008245
centerY: 0.6011981172443304
width: 0.02237926972909305
height: 0.019255455712451863
Area: 0.00023133763046761954
CentroidX: 0.1717
CentroidY: 0.6103
