Location: 2025-04-16_190509-1.png_Mean-Closing.png
Component: component_1744834563844_507.png
centerX: 0.3928150765606596
centerY: 0.7359863072314934
width: 0.02061248527679623
height: 0.02011125374411639
Area: 0.00023562166066146435
CentroidX: 0.4023
CentroidY: 0.7452
