Location: 2025-04-16_190509-1.png_Mean-Closing.png
Component: component_1744834563883_591.png
centerX: 0.8356890459363958
centerY: 0.8519469405220368
width: 0.025323910482921083
height: 0.02267864783910997
Area: 0.0002751859395105017
CentroidX: 0.8482
CentroidY: 0.8620
