Location: Document_2025-04-16_190532-1.png_Gaussian-Median.png
Component: component_1744834562940_193.png
centerX: 0.2656065959952886
centerY: 0.3329054343175011
width: 0.023557126030624265
height: 0.018399657680787333
Area: 0.00023284964112427065
CentroidX: 0.2765
CentroidY: 0.3416
