Location: Document_2025-04-16_190532-1.png_Otsu.png
Component: component_1744834563032_254.png
centerX: 0.6060070671378092
centerY: 0.3170731707317073
width: 0.022968197879858657
height: 0.023106546854942234
Area: 0.00025300978321295207
CentroidX: 0.6172
CentroidY: 0.3273
