Location: 2025-04-16_190509-1.png_Gaussian-Median.png
Component: component_1744834563482_321.png
centerX: 0.08303886925795052
centerY: 0.46127513906718015
width: 0.022968197879858657
height: 0.02011125374411639
Area: 0.0002542697920934947
CentroidX: 0.0941
CentroidY: 0.4704
