Location: Document_2025-04-16_190532-1.png_Gaussian-Median.png
Component: component_1744834562954_284.png
centerX: 0.18256772673733804
centerY: 0.4895164741121095
width: 0.022968197879858657
height: 0.020967051775780916
Area: 0.00027342192707774203
CentroidX: 0.1940
CentroidY: 0.4992
