Location: Document_2025-04-16_190532-1.png_Otsu.png
Component: component_1744834563011_141.png
centerX: 0.1790341578327444
centerY: 0.17843388960205392
width: 0.02237926972909305
height: 0.02011125374411639
Area: 0.0001902613409619311
CentroidX: 0.1907
CentroidY: 0.1875
