Location: 2025-04-16_190509-1.png_Mean-Closing.png
Component: component_1744834563887_601.png
centerX: 0.32037691401649
centerY: 0.8647839109970047
width: 0.023557126030624265
height: 0.020967051775780916
Area: 0.0002431817139447199
CentroidX: 0.3321
CentroidY: 0.8743
