Location: 2025-04-16_190509-1.png_Gaussian-Median.png
Component: component_1744834563666_599.png
centerX: 0.8745583038869258
centerY: 0.85066324347454
width: 0.022968197879858657
height: 0.0235344458707745
Area: 0.0002824939910176487
CentroidX: 0.8861
CentroidY: 0.8612
