Location: Document_2025-04-16_190532-1.png_Gaussian-Median.png
Component: component_1744834562941_201.png
centerX: 0.7726737338044759
centerY: 0.34830979888746255
width: 0.024734982332155476
height: 0.020967051775780916
Area: 0.000265609872018378
CentroidX: 0.7844
CentroidY: 0.3573
