Location: 2025-04-16_190509-1.png_Gaussian-Median.png
Component: component_1744834563154_88.png
centerX: 0.04299175500588928
centerY: 0.1258023106546855
width: 0.02120141342756184
height: 0.02139495079161318
Area: 0.00024444172282526245
CentroidX: 0.0541
CentroidY: 0.1361
