Location: 2025-04-16_190509-1.png_Mean-Closing.png
Component: component_1744834563820_439.png
centerX: 0.11778563015312132
centerY: 0.636285836542576
width: 0.021790341578327443
height: 0.02011125374411639
Area: 0.00023587366243757286
CentroidX: 0.1285
CentroidY: 0.6454
