Location: 2025-04-16_190509-1.png_Mean-Closing.png
Component: component_1744834563860_545.png
centerX: 0.8297997644287397
centerY: 0.7903294822421908
width: 0.02237926972909305
height: 0.021822849807445442
Area: 0.0002421737068402858
CentroidX: 0.8405
CentroidY: 0.8000
