Location: 2025-04-16_190509-1.png_Gaussian-Median.png
Component: component_1744834563155_90.png
centerX: 0.7791519434628975
centerY: 0.13008130081300814
width: 0.022968197879858657
height: 0.02139495079161318
Area: 0.0002630898542572928
CentroidX: 0.7911
CentroidY: 0.1403
