Location: 2025-04-16_190509-1.png_Mean-Closing.png
Component: component_1744834563896_626.png
centerX: 0.31743227326266193
centerY: 0.9007274283269149
width: 0.022968197879858657
height: 0.02011125374411639
Area: 0.00023209363579594508
CentroidX: 0.3290
CentroidY: 0.9100
