Location: 2025-04-16_190509-1.png_Gaussian-Median.png
Component: component_1744834563653_565.png
centerX: 0.3627797408716137
centerY: 0.8018827556696619
width: 0.021790341578327443
height: 0.02139495079161318
Area: 0.00022554158961712363
CentroidX: 0.3739
CentroidY: 0.8112
