Location: 2025-04-16_190509-1.png_Mean-Closing.png
Component: component_1744834563748_131.png
centerX: 0.127208480565371
centerY: 0.1925545571245186
width: 0.024734982332155476
height: 0.02139495079161318
Area: 0.00028324999634597427
CentroidX: 0.1396
CentroidY: 0.2024
