Location: 2025-04-16_190509-1.png_Gaussian-Median.png
Component: component_1744834563691_691.png
centerX: 0.1160188457008245
centerY: 0.9709028669234061
width: 0.021790341578327443
height: 0.016260162601626018
Area: 0.00019832539779740367
CentroidX: 0.1264
CentroidY: 0.9780
