Location: 2025-04-16_190509-1.png_Gaussian-Median.png
Component: component_1744834563563_425.png
centerX: 0.8515901060070671
centerY: 0.6059050064184852
width: 0.02237926972909305
height: 0.019683354728284124
Area: 0.0002351176571092473
CentroidX: 0.8624
CentroidY: 0.6154
