Location: 2025-04-16_190509-1.png_Mean-Closing.png
Component: component_1744834563895_623.png
centerX: 0.44228504122497053
centerY: 0.8981600342319213
width: 0.022968197879858657
height: 0.020967051775780916
Area: 0.00023889768375087508
CentroidX: 0.4527
CentroidY: 0.9074
