Location: Document_2025-04-16_190532-1.png_Gaussian-Median.png
Component: component_1744834562931_137.png
centerX: 0.5506478209658422
centerY: 0.24047924689773215
width: 0.02591283863368669
height: 0.02011125374411639
Area: 0.0002600658329439906
CentroidX: 0.5638
CentroidY: 0.2496
