Location: 2025-04-16_190509-1.png_Gaussian-Median.png
Component: component_1744834563097_40.png
centerX: 0.3050647820965842
centerY: 0.050492083868207104
width: 0.020023557126030624
height: 0.02267864783910997
Area: 0.0002646018649139439
CentroidX: 0.3156
CentroidY: 0.0615
