Location: Document_2025-04-16_190532-1.png_Gaussian-Median.png
Component: component_1744834562926_111.png
centerX: 0.8138987043580683
centerY: 0.1985451433461703
width: 0.02767962308598351
height: 0.02396234488660676
Area: 0.000328862317821616
CentroidX: 0.8282
CentroidY: 0.2102
