Location: 2025-04-16_190509-1.png_Gaussian-Median.png
Component: component_1744834563676_638.png
centerX: 0.31743227326266193
centerY: 0.9002995293110826
width: 0.023557126030624265
height: 0.02053915275994865
Area: 0.0002391496855269836
CentroidX: 0.3288
CentroidY: 0.9100
