Location: Document_2025-04-16_190532-1.png_Gaussian-Median.png
Component: component_1744834562910_19.png
centerX: 0.22379269729093051
centerY: 0.020967051775780916
width: 0.025323910482921083
height: 0.02267864783910997
Area: 0.0002671218826750291
CentroidX: 0.2359
CentroidY: 0.0308
