Location: 2025-04-16_190509-1.png_Mean-Closing.png
Component: component_1744834563774_228.png
centerX: 0.8032979976442874
centerY: 0.33162173727000427
width: 0.023557126030624265
height: 0.023106546854942234
Area: 0.00028224198924154016
CentroidX: 0.8142
CentroidY: 0.3427
