Location: 2025-04-16_190509-1.png_Gaussian-Median.png
Component: component_1744834563567_442.png
centerX: 0.30859835100117783
centerY: 0.6345742404792469
width: 0.02120141342756184
height: 0.02053915275994865
Area: 0.00022554158961712363
CentroidX: 0.3187
CentroidY: 0.6438
