Location: Document_2025-04-16_190532-1.png_Gaussian-Median.png
Component: component_1744834562936_175.png
centerX: 0.8468786808009423
centerY: 0.3055198973042362
width: 0.03356890459363958
height: 0.02781343602909713
Area: 0.0003553225043130104
CentroidX: 0.8639
CentroidY: 0.3178
