Location: 2025-04-16_190509-1.png_Gaussian-Median.png
Component: component_1744834563482_322.png
centerX: 0.284452296819788
centerY: 0.46127513906718015
width: 0.021790341578327443
height: 0.018827556696619598
Area: 0.00023612566421368138
CentroidX: 0.2950
CentroidY: 0.4700
