Location: 2025-04-16_190509-1.png_Mean-Closing.png
Component: component_1744834563884_595.png
centerX: 0.6431095406360424
centerY: 0.8570817287120239
width: 0.024734982332155476
height: 0.023106546854942234
Area: 0.00028728202476371054
CentroidX: 0.6554
CentroidY: 0.8673
