Location: Document_2025-04-16_190532-1.png_Gaussian-Median.png
Component: component_1744834562917_62.png
centerX: 0.050647820965842166
centerY: 0.09841677364142062
width: 0.02237926972909305
height: 0.02011125374411639
Area: 0.00021747753278165104
CentroidX: 0.0625
CentroidY: 0.1074
