Location: Document_2025-04-16_190532-1.png_Gaussian-Median.png
Component: component_1744834562952_272.png
centerX: 0.6484098939929329
centerY: 0.4719726144629867
width: 0.024734982332155476
height: 0.018827556696619598
Area: 0.00023688166954200694
CentroidX: 0.6607
CentroidY: 0.4807
