Location: 2025-04-16_190509-1.png_Mean-Closing.png
Component: component_1744834563798_356.png
centerX: 0.4575971731448763
centerY: 0.5207531022678648
width: 0.02237926972909305
height: 0.02053915275994865
Area: 0.00023864568197476657
CentroidX: 0.4680
CentroidY: 0.5302
