Location: Document_2025-04-16_190532-1.png_Otsu.png
Component: component_1744834563002_98.png
centerX: 0.7879858657243817
centerY: 0.11724433033804023
width: 0.023557126030624265
height: 0.022250748823277707
Area: 0.0002625858507050758
CentroidX: 0.7993
CentroidY: 0.1277
