Location: 2025-04-16_190509-1.png_Gaussian-Median.png
Component: component_1744834563687_680.png
centerX: 0.4387514723203769
centerY: 0.9640564826700898
width: 0.022968197879858657
height: 0.02011125374411639
Area: 0.00026913789688389725
CentroidX: 0.4502
CentroidY: 0.9731
