Location: Document_2025-04-16_190532-1.png_Gaussian-Median.png
Component: component_1744834562916_54.png
centerX: 0.4793875147232038
centerY: 0.08814719726144629
width: 0.024734982332155476
height: 0.0235344458707745
Area: 0.00027468193595828465
CentroidX: 0.4918
CentroidY: 0.0985
