Location: 2025-04-16_190509-1.png_Gaussian-Median.png
Component: component_1744834563687_678.png
centerX: 0.6802120141342756
centerY: 0.962772785622593
width: 0.02237926972909305
height: 0.02267864783910997
Area: 0.00028173798568932313
CentroidX: 0.6913
CentroidY: 0.9733
