Location: 2025-04-16_190509-1.png_Gaussian-Median.png
Component: component_1744834563515_345.png
centerX: 0.0800942285041225
centerY: 0.4942233632862644
width: 0.021790341578327443
height: 0.019255455712451863
Area: 0.00023032962336318546
CentroidX: 0.0908
CentroidY: 0.5027
