Location: Document_2025-04-16_190532-1.png_Gaussian-Median.png
Component: component_1744834562950_261.png
centerX: 0.18374558303886926
centerY: 0.449721865639709
width: 0.023557126030624265
height: 0.02011125374411639
Area: 0.0002532617849890606
CentroidX: 0.1963
CentroidY: 0.4587
