Location: 2025-04-16_190509-1.png_Gaussian-Median.png
Component: component_1744834563661_582.png
centerX: 0.64075382803298
centerY: 0.826272999572101
width: 0.022968197879858657
height: 0.019683354728284124
Area: 0.00022957361803485992
CentroidX: 0.6515
CentroidY: 0.8349
