Location: 2025-04-16_190509-1.png_Gaussian-Median.png
Component: component_1744834563496_335.png
centerX: 0.45641931684334514
centerY: 0.48823277706461277
width: 0.021790341578327443
height: 0.022250748823277707
Area: 0.00025527779919792874
CentroidX: 0.4668
CentroidY: 0.4981
