Location: Document_2025-04-16_190532-1.png_Gaussian-Median.png
Component: component_1744834562953_274.png
centerX: 0.6065959952885748
centerY: 0.472400513478819
width: 0.02591283863368669
height: 0.020967051775780916
Area: 0.0002867780212114935
CentroidX: 0.6189
CentroidY: 0.4818
