Location: 2025-04-16_190509-1.png_Gaussian-Median.png
Component: component_1744834563683_663.png
centerX: 0.395170789163722
centerY: 0.9319640564826701
width: 0.024734982332155476
height: 0.019683354728284124
Area: 0.00023688166954200694
CentroidX: 0.4071
CentroidY: 0.9411
