Location: 2025-04-16_190509-1.png_Gaussian-Median.png
Component: component_1744834563124_60.png
centerX: 0.32391048292108365
centerY: 0.0821566110397946
width: 0.024146054181389872
height: 0.0235344458707745
Area: 0.0002829979945698657
CentroidX: 0.3358
CentroidY: 0.0937
