Location: 2025-04-16_190509-1.png_Mean-Closing.png
Component: component_1744834563813_413.png
centerX: 0.9122497055359247
centerY: 0.5999144201968335
width: 0.024146054181389872
height: 0.02139495079161318
Area: 0.0002646018649139439
CentroidX: 0.9246
CentroidY: 0.6101
