Location: Document_2025-04-16_190532-1.png_Otsu.png
Component: component_1744834563038_289.png
centerX: 0.8138987043580683
centerY: 0.38810440735986307
width: 0.02591283863368669
height: 0.02053915275994865
Area: 0.00025855382228733947
CentroidX: 0.8271
CentroidY: 0.3973
