Location: 2025-04-16_190509-1.png_Mean-Closing.png
Component: component_1744834563835_483.png
centerX: 0.38987043580683156
centerY: 0.7000427899015832
width: 0.020023557126030624
height: 0.021822849807445442
Area: 0.00024418972104915394
CentroidX: 0.3996
CentroidY: 0.7101
