Location: 2025-04-16_190509-1.png_Gaussian-Median.png
Component: component_1744834563677_642.png
centerX: 0.07656065959952886
centerY: 0.9024390243902439
width: 0.02237926972909305
height: 0.02139495079161318
Area: 0.00023108562869151103
CentroidX: 0.0871
CentroidY: 0.9120
