Location: 2025-04-16_190509-1.png_Mean-Closing.png
Component: component_1744834563782_272.png
centerX: 0.8380447585394581
centerY: 0.3992297817715019
width: 0.02120141342756184
height: 0.022250748823277707
Area: 0.00027644594839104425
CentroidX: 0.8489
CentroidY: 0.4100
