Location: Document_2025-04-16_190532-1.png_Otsu.png
Component: component_1744834563005_113.png
centerX: 0.31448763250883394
centerY: 0.13521608900299528
width: 0.02120141342756184
height: 0.02011125374411639
Area: 0.00020210542443903145
CentroidX: 0.3253
CentroidY: 0.1442
