Location: Document_2025-04-16_190532-1.png_Gaussian-Median.png
Component: component_1744834562922_92.png
centerX: 0.8227326266195524
centerY: 0.15661103979460847
width: 0.024734982332155476
height: 0.02139495079161318
Area: 0.0002676258862272461
CentroidX: 0.8345
CentroidY: 0.1666
