Location: Document_2025-04-16_190532-1.png_Otsu.png
Component: component_1744834563062_424.png
centerX: 0.13839811542991756
centerY: 0.6007702182284981
width: 0.024146054181389872
height: 0.02053915275994865
Area: 0.00024973376012354134
CentroidX: 0.1502
CentroidY: 0.6100
