Location: Document_2025-04-16_190532-1.png_Gaussian-Median.png
Component: component_1744834562923_94.png
centerX: 0.6837455830388692
centerY: 0.15832263585793752
width: 0.026501766784452298
height: 0.022250748823277707
Area: 0.00029333006739031497
CentroidX: 0.6966
CentroidY: 0.1689
