Location: 2025-04-16_190509-1.png_Mean-Closing.png
Component: component_1744834563793_324.png
centerX: 0.696113074204947
centerY: 0.47753530166880614
width: 0.02237926972909305
height: 0.02139495079161318
Area: 0.0002434337157208284
CentroidX: 0.7071
CentroidY: 0.4879
