Location: 2025-04-16_190509-1.png_Mean-Closing.png
Component: component_1744834563812_410.png
centerX: 0.3138987043580683
centerY: 0.59734702610184
width: 0.023557126030624265
height: 0.018827556696619598
Area: 0.00024746574413856467
CentroidX: 0.3253
CentroidY: 0.6061
