Location: Document_2025-04-16_190532-1.png_Otsu.png
Component: component_1744834563025_198.png
centerX: 0.4334511189634865
centerY: 0.2443303380402225
width: 0.025323910482921083
height: 0.020967051775780916
Area: 0.00027493393773439317
CentroidX: 0.4459
CentroidY: 0.2538
