Location: Document_2025-04-16_190532-1.png_Otsu.png
Component: component_1744834563043_316.png
centerX: 0.6914016489988222
centerY: 0.4313222079589217
width: 0.026501766784452298
height: 0.024390243902439025
Area: 0.00030038611712135345
CentroidX: 0.7048
CentroidY: 0.4422
