Location: Document_2025-04-16_190532-1.png_Gaussian-Median.png
Component: component_1744834562916_53.png
centerX: 0.8368669022379269
centerY: 0.08729139922978177
width: 0.024146054181389872
height: 0.02011125374411639
Area: 0.0002646018649139439
CentroidX: 0.8489
CentroidY: 0.0968
