Location: 2025-04-16_190509-1.png_Mean-Closing.png
Component: component_1744834563894_616.png
centerX: 0.7626619552414605
centerY: 0.8913136499786051
width: 0.024146054181389872
height: 0.02139495079161318
Area: 0.0002615778436006417
CentroidX: 0.7743
CentroidY: 0.9018
