Location: Document_2025-04-16_190532-1.png_Otsu.png
Component: component_1744834563039_293.png
centerX: 0.6466431095406361
centerY: 0.392811296534018
width: 0.023557126030624265
height: 0.020967051775780916
Area: 0.00024166970328806878
CentroidX: 0.6578
CentroidY: 0.4021
