Location: 2025-04-16_190509-1.png_Gaussian-Median.png
Component: component_1744834563093_28.png
centerX: 0.4923439340400471
centerY: 0.03808301240907146
width: 0.025323910482921083
height: 0.024818142918271287
Area: 0.00030593015619574085
CentroidX: 0.5049
CentroidY: 0.0499
