Location: 2025-04-16_190509-1.png_Mean-Closing.png
Component: component_1744834563730_49.png
centerX: 0.917550058892815
centerY: 0.07317073170731707
width: 0.027090694935217905
height: 0.022250748823277707
Area: 0.00028047797680878057
CentroidX: 0.9315
CentroidY: 0.0829
