Location: Document_2025-04-16_190532-1.png_Otsu.png
Component: component_1744834563058_404.png
centerX: 0.850412249705536
centerY: 0.5699614890885751
width: 0.023557126030624265
height: 0.022250748823277707
Area: 0.00026056983649620763
CentroidX: 0.8625
CentroidY: 0.5804
