Location: Document_2025-04-16_190532-1.png_Otsu.png
Component: component_1744834563029_238.png
centerX: 0.21613663133097763
centerY: 0.29225502781343604
width: 0.02591283863368669
height: 0.022250748823277707
Area: 0.00027921796792823795
CentroidX: 0.2294
CentroidY: 0.3026
