Location: Document_2025-04-16_190532-1.png_Gaussian-Median.png
Component: component_1744834562913_33.png
centerX: 0.48586572438162545
centerY: 0.05348737697903295
width: 0.025323910482921083
height: 0.02267864783910997
Area: 0.00026056983649620763
CentroidX: 0.4978
CentroidY: 0.0632
