Location: 2025-04-16_190509-1.png_Gaussian-Median.png
Component: component_1744834563592_479.png
centerX: 0.8680800942285041
centerY: 0.686777920410783
width: 0.022968197879858657
height: 0.02053915275994865
Area: 0.0002366296677658984
CentroidX: 0.8794
CentroidY: 0.6959
