Location: 2025-04-16_190509-1.png_Gaussian-Median.png
Component: component_1744834563475_296.png
centerX: 0.28857479387514723
centerY: 0.43046640992725715
width: 0.024734982332155476
height: 0.019255455712451863
Area: 0.0002620818471528587
CentroidX: 0.3008
CentroidY: 0.4389
