Location: 2025-04-16_190509-1.png_Mean-Closing.png
Component: component_1744834563794_331.png
centerX: 0.48998822143698467
centerY: 0.4878048780487805
width: 0.02061248527679623
height: 0.021822849807445442
Area: 0.0002391496855269836
CentroidX: 0.4996
CentroidY: 0.4981
