Location: Document_2025-04-16_190532-1.png_Gaussian-Median.png
Component: component_1744834562966_350.png
centerX: 0.13780918727915195
centerY: 0.6007702182284981
width: 0.024734982332155476
height: 0.020967051775780916
Area: 0.00027468193595828465
CentroidX: 0.1502
CentroidY: 0.6102
