Location: Document_2025-04-16_190532-1.png_Otsu.png
Component: component_1744834563029_229.png
centerX: 0.5948174322732627
centerY: 0.2819854514334617
width: 0.02120141342756184
height: 0.020967051775780916
Area: 0.00022957361803485992
CentroidX: 0.6053
CentroidY: 0.2914
