Location: Document_2025-04-16_190532-1.png_Gaussian-Median.png
Component: component_1744834562933_150.png
centerX: 0.08833922261484099
centerY: 0.25417201540436457
width: 0.024146054181389872
height: 0.023106546854942234
Area: 0.000265609872018378
CentroidX: 0.1000
CentroidY: 0.2647
