Location: 2025-04-16_190509-1.png_Mean-Closing.png
Component: component_1744834563808_395.png
centerX: 0.7850412249705536
centerY: 0.5682498930252461
width: 0.022968197879858657
height: 0.019683354728284124
Area: 0.0002391496855269836
CentroidX: 0.7961
CentroidY: 0.5776
