Location: Document_2025-04-16_190532-1.png_Gaussian-Median.png
Component: component_1744834562936_170.png
centerX: 0.13133097762073026
centerY: 0.2939666238767651
width: 0.02591283863368669
height: 0.021822849807445442
Area: 0.0002915660549575553
CentroidX: 0.1445
CentroidY: 0.3044
