Location: Document_2025-04-16_190532-1.png_Gaussian-Median.png
Component: component_1744834562936_173.png
centerX: 0.0895170789163722
centerY: 0.29696191698759095
width: 0.024146054181389872
height: 0.02011125374411639
Area: 0.000272917923525525
CentroidX: 0.1017
CentroidY: 0.3064
