Location: Document_2025-04-16_190532-1.png_Otsu.png
Component: component_1744834563002_100.png
centerX: 0.8333333333333334
centerY: 0.11852802738553701
width: 0.024146054181389872
height: 0.02396234488660676
Area: 0.000287030022987602
CentroidX: 0.8455
CentroidY: 0.1296
