Location: Document_2025-04-16_190532-1.png_Otsu.png
Component: component_1744834563034_264.png
centerX: 0.09187279151943463
centerY: 0.33675652545999146
width: 0.02120141342756184
height: 0.02053915275994865
Area: 0.0002225175683038214
CentroidX: 0.1020
CentroidY: 0.3464
