Location: 2025-04-16_190509-1.png_Gaussian-Median.png
Component: component_1744834563671_627.png
centerX: 0.6819787985865724
centerY: 0.8904578519469405
width: 0.023557126030624265
height: 0.024390243902439025
Area: 0.00028778602831592756
CentroidX: 0.6932
CentroidY: 0.9021
