Location: 2025-04-16_190509-1.png_Gaussian-Median.png
Component: component_1744834563089_13.png
centerX: 0.800942285041225
centerY: 0.005134788189987163
width: 0.024146054181389872
height: 0.022250748823277707
Area: 0.00027694995194326127
CentroidX: 0.8130
CentroidY: 0.0153
