Location: 2025-04-16_190509-1.png_Mean-Closing.png
Component: component_1744834563933_679.png
centerX: 0.07656065959952886
centerY: 0.9717586649550706
width: 0.022968197879858657
height: 0.018399657680787333
Area: 0.0002197455487666277
CentroidX: 0.0874
CentroidY: 0.9801
