Location: Document_2025-04-16_190532-1.png_Otsu.png
Component: component_1744834562997_59.png
centerX: 0.2714958775029446
centerY: 0.056910569105691054
width: 0.02120141342756184
height: 0.02053915275994865
Area: 0.0002000894102301633
CentroidX: 0.2819
CentroidY: 0.0666
