Location: Document_2025-04-16_190532-1.png_Otsu.png
Component: component_1744834563036_276.png
centerX: 0.48527679623085984
centerY: 0.3551561831407788
width: 0.022968197879858657
height: 0.023106546854942234
Area: 0.00023839368019865805
CentroidX: 0.4959
CentroidY: 0.3657
