Location: 2025-04-16_190509-1.png_Mean-Closing.png
Component: component_1744834563862_553.png
centerX: 0.5094228504122497
centerY: 0.8010269576379975
width: 0.02120141342756184
height: 0.022250748823277707
Area: 0.00023436165178092176
CentroidX: 0.5200
CentroidY: 0.8107
