Location: 2025-04-16_190509-1.png_Mean-Closing.png
Component: component_1744834563841_496.png
centerX: 0.8692579505300353
centerY: 0.7197261446298674
width: 0.021790341578327443
height: 0.019683354728284124
Area: 0.0002431817139447199
CentroidX: 0.8798
CentroidY: 0.7286
