Location: 2025-04-16_190509-1.png_Gaussian-Median.png
Component: component_1744834563670_622.png
centerX: 0.04063604240282685
centerY: 0.87334189131365
width: 0.02120141342756184
height: 0.018827556696619598
Area: 0.00020815346706563588
CentroidX: 0.0509
CentroidY: 0.8819
