Location: Document_2025-04-16_190532-1.png_Otsu.png
Component: component_1744834563042_309.png
centerX: 0.8839811542991755
centerY: 0.4163457424047925
width: 0.025323910482921083
height: 0.022250748823277707
Area: 0.00025275778143684356
CentroidX: 0.8970
CentroidY: 0.4259
