Location: Document_2025-04-16_190532-1.png_Gaussian-Median.png
Component: component_1744834562923_93.png
centerX: 0.6383981154299175
centerY: 0.15832263585793752
width: 0.024734982332155476
height: 0.022250748823277707
Area: 0.00030038611712135345
CentroidX: 0.6508
CentroidY: 0.1687
