Location: Document_2025-04-16_190532-1.png_Gaussian-Median.png
Component: component_1744834562911_26.png
centerX: 0.6089517078916372
centerY: 0.050919982884039365
width: 0.02591283863368669
height: 0.02139495079161318
Area: 0.0002567898098545799
CentroidX: 0.6215
CentroidY: 0.0608
