Location: 2025-04-16_190509-1.png_Gaussian-Median.png
Component: component_1744834563363_108.png
centerX: 0.21083627797408716
centerY: 0.15361574668378264
width: 0.020023557126030624
height: 0.019683354728284124
Area: 0.00023158963224372806
CentroidX: 0.2207
CentroidY: 0.1630
