Location: 2025-04-16_190509-1.png_Gaussian-Median.png
Component: component_1744834563665_597.png
centerX: 0.07891637220259129
centerY: 0.842533162173727
width: 0.02061248527679623
height: 0.02011125374411639
Area: 0.00020386943687179107
CentroidX: 0.0887
CentroidY: 0.8521
