Location: 2025-04-16_190509-1.png_Mean-Closing.png
Component: component_1744834563753_157.png
centerX: 0.8439340400471143
centerY: 0.22892597347026103
width: 0.02591283863368669
height: 0.02267864783910997
Area: 0.0003207982609861434
CentroidX: 0.8566
CentroidY: 0.2393
