Location: 2025-04-16_190509-1.png_Mean-Closing.png
Component: component_1744834563777_245.png
centerX: 0.9075382803297998
centerY: 0.35729567821994007
width: 0.026501766784452298
height: 0.023106546854942234
Area: 0.00030593015619574085
CentroidX: 0.9207
CentroidY: 0.3684
