Location: 2025-04-16_190509-1.png_Mean-Closing.png
Component: component_1744834563854_537.png
centerX: 0.08186101295641932
centerY: 0.7762088147197261
width: 0.021790341578327443
height: 0.018399657680787333
Area: 0.0002225175683038214
CentroidX: 0.0926
CentroidY: 0.7849
