Location: 2025-04-16_190509-1.png_Gaussian-Median.png
Component: component_1744834563579_473.png
centerX: 0.19199057714958775
centerY: 0.6722293538724861
width: 0.020023557126030624
height: 0.018399657680787333
Area: 0.00021092548660282958
CentroidX: 0.2015
CentroidY: 0.6809
