Location: Document_2025-04-16_190532-1.png_Otsu.png
Component: component_1744834563031_244.png
centerX: 0.8934040047114252
centerY: 0.3080872913992298
width: 0.025323910482921083
height: 0.02267864783910997
Area: 0.00021898954343830214
CentroidX: 0.9054
CentroidY: 0.3182
