Location: Document_2025-04-16_190532-1.png_Otsu.png
Component: component_1744834563008_127.png
centerX: 0.7326266195524146
centerY: 0.15875053487376978
width: 0.02237926972909305
height: 0.02011125374411639
Area: 0.00022982561981096844
CentroidX: 0.7436
CentroidY: 0.1679
