Location: Document_2025-04-16_190532-1.png_Gaussian-Median.png
Component: component_1744834562935_168.png
centerX: 0.26148409893992935
centerY: 0.28797603765511337
width: 0.028268551236749116
height: 0.0235344458707745
Area: 0.0003230662769711201
CentroidX: 0.2758
CentroidY: 0.2990
