Location: 2025-04-16_190509-1.png_Mean-Closing.png
Component: component_1744834563825_453.png
centerX: 0.6366313309776207
centerY: 0.6572528883183568
width: 0.023557126030624265
height: 0.02011125374411639
Area: 0.00026611387557059504
CentroidX: 0.6486
CentroidY: 0.6667
