Location: Document_2025-04-16_190532-1.png_Gaussian-Median.png
Component: component_1744834562924_101.png
centerX: 0.4375736160188457
centerY: 0.17201540436456997
width: 0.021790341578327443
height: 0.02053915275994865
Area: 0.00022453358251268955
CentroidX: 0.4485
CentroidY: 0.1811
