Location: 2025-04-16_190509-1.png_Gaussian-Median.png
Component: component_1744834563664_592.png
centerX: 0.24381625441696114
centerY: 0.834403080872914
width: 0.025323910482921083
height: 0.019683354728284124
Area: 0.00022780960560210027
CentroidX: 0.2563
CentroidY: 0.8429
