Location: 2025-04-16_190509-1.png_Mean-Closing.png
Component: component_1744834563862_552.png
centerX: 0.4734982332155477
centerY: 0.8010269576379975
width: 0.020023557126030624
height: 0.02139495079161318
Area: 0.00022276957007992993
CentroidX: 0.4830
CentroidY: 0.8105
