Location: 2025-04-16_190509-1.png_Mean-Closing.png
Component: component_1744834563811_404.png
centerX: 0.532979976442874
centerY: 0.5836542575952075
width: 0.02237926972909305
height: 0.021822849807445442
Area: 0.0002477177459146732
CentroidX: 0.5433
CentroidY: 0.5933
