Location: 2025-04-16_190509-1.png_Gaussian-Median.png
Component: component_1744834563591_478.png
centerX: 0.833922261484099
centerY: 0.686777920410783
width: 0.02237926972909305
height: 0.021822849807445442
Area: 0.00023587366243757286
CentroidX: 0.8450
CentroidY: 0.6966
