Location: 2025-04-16_190509-1.png_Mean-Closing.png
Component: component_1744834563728_43.png
centerX: 0.5706713780918727
centerY: 0.07017543859649122
width: 0.024734982332155476
height: 0.02396234488660676
Area: 0.00029736209580805123
CentroidX: 0.5839
CentroidY: 0.0818
