Location: Document_2025-04-16_190532-1.png_Gaussian-Median.png
Component: component_1744834562914_43.png
centerX: 0.13957597173144876
centerY: 0.06118955926401369
width: 0.02120141342756184
height: 0.02139495079161318
Area: 0.00022806160737820881
CentroidX: 0.1503
CentroidY: 0.0709
