Location: Document_2025-04-16_190532-1.png_Otsu.png
Component: component_1744834563005_112.png
centerX: 0.2661955241460542
centerY: 0.13436029097133076
width: 0.023557126030624265
height: 0.0235344458707745
Area: 0.0002366296677658984
CentroidX: 0.2789
CentroidY: 0.1447
