Location: Document_2025-04-16_190532-1.png_Otsu.png
Component: component_1744834563052_367.png
centerX: 0.5212014134275619
centerY: 0.5074882327770646
width: 0.02591283863368669
height: 0.02011125374411639
Area: 0.00024494572637747953
CentroidX: 0.5329
CentroidY: 0.5163
