Location: Document_2025-04-16_190532-1.png_Otsu.png
Component: component_1744834563045_327.png
centerX: 0.22968197879858657
centerY: 0.44715447154471544
width: 0.023557126030624265
height: 0.02267864783910997
Area: 0.00024822174946689026
CentroidX: 0.2412
CentroidY: 0.4572
