Location: Document_2025-04-16_190532-1.png_Otsu.png
Component: component_1744834563051_364.png
centerX: 0.6949352179034158
centerY: 0.5002139495079161
width: 0.022968197879858657
height: 0.019683354728284124
Area: 0.00022402957896047252
CentroidX: 0.7056
CentroidY: 0.5090
