Location: 2025-04-16_190509-1.png_Mean-Closing.png
Component: component_1744834563866_566.png
centerX: 0.8739693757361602
centerY: 0.8151476251604621
width: 0.02591283863368669
height: 0.02267864783910997
Area: 0.0002807299785848891
CentroidX: 0.8865
CentroidY: 0.8255
