Location: 2025-04-16_190509-1.png_Mean-Closing.png
Component: component_1744834563746_121.png
centerX: 0.4923439340400471
centerY: 0.17843388960205392
width: 0.024146054181389872
height: 0.024390243902439025
Area: 0.00029761409758415975
CentroidX: 0.5041
CentroidY: 0.1889
