Location: 2025-04-16_190509-1.png_Gaussian-Median.png
Component: component_1744834563475_298.png
centerX: 0.9057714958775029
centerY: 0.4326059050064185
width: 0.024146054181389872
height: 0.02139495079161318
Area: 0.000279721971480455
CentroidX: 0.9175
CentroidY: 0.4431
