Location: 2025-04-16_190509-1.png_Gaussian-Median.png
Component: component_1744834563668_609.png
centerX: 0.5235571260306242
centerY: 0.8630723149336756
width: 0.02120141342756184
height: 0.018827556696619598
Area: 0.00020462544220011664
CentroidX: 0.5345
CentroidY: 0.8714
