Location: Document_2025-04-16_190532-1.png_Gaussian-Median.png
Component: component_1744834562964_341.png
centerX: 0.5153121319199058
centerY: 0.5849379546427044
width: 0.024734982332155476
height: 0.0235344458707745
Area: 0.000294338074494749
CentroidX: 0.5278
CentroidY: 0.5961
