Location: 2025-04-16_190509-1.png_Mean-Closing.png
Component: component_1744834563747_126.png
centerX: 0.2944640753828033
centerY: 0.1878476679503637
width: 0.022968197879858657
height: 0.022250748823277707
Area: 0.00029282606383809794
CentroidX: 0.3053
CentroidY: 0.1981
