Location: Document_2025-04-16_190532-1.png_Otsu.png
Component: component_1744834563010_138.png
centerX: 0.30742049469964666
centerY: 0.17672229353872487
width: 0.022968197879858657
height: 0.02139495079161318
Area: 0.00019404136760355886
CentroidX: 0.3184
CentroidY: 0.1861
