Location: 2025-04-16_190509-1.png_Gaussian-Median.png
Component: component_1744834563626_511.png
centerX: 0.4617196702002356
centerY: 0.7325631151048353
width: 0.024146054181389872
height: 0.022250748823277707
Area: 0.0002829979945698657
CentroidX: 0.4737
CentroidY: 0.7425
