Location: 2025-04-16_190509-1.png_Gaussian-Median.png
Component: component_1744834563645_548.png
centerX: 0.28857479387514723
centerY: 0.7766367137355584
width: 0.02120141342756184
height: 0.01797175866495507
Area: 0.00022125755942327882
CentroidX: 0.2989
CentroidY: 0.7849
