Location: 2025-04-16_190509-1.png_Gaussian-Median.png
Component: component_1744834563577_470.png
centerX: 0.04534746760895171
centerY: 0.6718014548566539
width: 0.019434628975265017
height: 0.018399657680787333
Area: 0.00019479737293188443
CentroidX: 0.0547
CentroidY: 0.6802
