Location: 2025-04-16_190509-1.png_Gaussian-Median.png
Component: component_1744834563515_347.png
centerX: 0.23733804475853945
centerY: 0.4937954642704322
width: 0.024146054181389872
height: 0.02139495079161318
Area: 0.0002714059128688739
CentroidX: 0.2491
CentroidY: 0.5036
