Location: Document_2025-04-16_190532-1.png_Gaussian-Median.png
Component: component_1744834562947_235.png
centerX: 0.267962308598351
centerY: 0.40821566110397944
width: 0.028857479387514724
height: 0.0235344458707745
Area: 0.000321554266314469
CentroidX: 0.2823
CentroidY: 0.4188
