Location: 2025-04-16_190509-1.png_Mean-Closing.png
Component: component_1744834563912_659.png
centerX: 0.5971731448763251
centerY: 0.9614890885750963
width: 0.025323910482921083
height: 0.022250748823277707
Area: 0.00029005404430090424
CentroidX: 0.6100
CentroidY: 0.9722
