Location: 2025-04-16_190509-1.png_Mean-Closing.png
Component: component_1744834563775_232.png
centerX: 0.6584216725559482
centerY: 0.3346170303808301
width: 0.02061248527679623
height: 0.022250748823277707
Area: 0.0002787139643760209
CentroidX: 0.6677
CentroidY: 0.3448
