Location: easy21_Mean-Medain.png
Component: component_1744297381090_1081.png
centerX: 0.07419354838709677
centerY: 0.8117816091954023
width: 0.016129032258064516
height: 0.014367816091954023
Area: 9.96477567667779e-05
CentroidX: 0.0818
CentroidY: 0.8182
