Location: 2025-04-16_190509-1.png_Mean-Closing.png
Component: component_1744834563760_182.png
centerX: 0.8074204946996466
centerY: 0.26486949080017114
width: 0.028268551236749116
height: 0.022250748823277707
Area: 0.00030038611712135345
CentroidX: 0.8217
CentroidY: 0.2751
