Location: 2025-04-16_190509-1.png_Mean-Closing.png
Component: component_1744834563864_562.png
centerX: 0.12308598351001178
centerY: 0.8061617458279846
width: 0.02237926972909305
height: 0.02053915275994865
Area: 0.00024267771039250283
CentroidX: 0.1344
CentroidY: 0.8159
