Location: Document_2025-04-16_190532-1.png_Otsu.png
Component: component_1744834563033_261.png
centerX: 0.2656065959952886
centerY: 0.3333333333333333
width: 0.023557126030624265
height: 0.01797175866495507
Area: 0.000202861429767357
CentroidX: 0.2765
CentroidY: 0.3416
