Location: Document_2025-04-16_190532-1.png_Otsu.png
Component: component_1744834562989_23.png
centerX: 0.7025912838633687
centerY: 0.014976465554129225
width: 0.02767962308598351
height: 0.026529738981600343
Area: 0.00029282606383809794
CentroidX: 0.7163
CentroidY: 0.0266
