Location: Document_2025-04-16_190532-1.png_Gaussian-Median.png
Component: component_1744834562919_69.png
centerX: 0.8716136631330977
centerY: 0.11810012836970475
width: 0.025323910482921083
height: 0.02267864783910997
Area: 0.0002996301117930279
CentroidX: 0.8842
CentroidY: 0.1287
