Location: 2025-04-16_190509-1.png_Mean-Closing.png
Component: component_1744834563866_567.png
centerX: 0.8404004711425206
centerY: 0.8181429182712879
width: 0.022968197879858657
height: 0.02053915275994865
Area: 0.000252001776108518
CentroidX: 0.8516
CentroidY: 0.8276
