Location: Document_2025-04-16_190532-1.png_Otsu.png
Component: component_1744834563059_408.png
centerX: 0.6525323910482921
centerY: 0.5768078733418913
width: 0.021790341578327443
height: 0.019683354728284124
Area: 0.0002056334493045507
CentroidX: 0.6630
CentroidY: 0.5861
