Location: 2025-04-16_190509-1.png_Gaussian-Median.png
Component: component_1744834563542_390.png
centerX: 0.23439340400471143
centerY: 0.5609756097560976
width: 0.025323910482921083
height: 0.02267864783910997
Area: 0.0002613258418245332
CentroidX: 0.2468
CentroidY: 0.5711
