Location: 2025-04-16_190509-1.png_Gaussian-Median.png
Component: component_1744834563691_690.png
centerX: 0.03769140164899882
centerY: 0.9709028669234061
width: 0.02237926972909305
height: 0.017543859649122806
Area: 0.00019479737293188443
CentroidX: 0.0488
CentroidY: 0.9786
