Location: Document_2025-04-16_190532-1.png_Gaussian-Median.png
Component: component_1744834562920_78.png
centerX: 0.392226148409894
centerY: 0.13222079589216945
width: 0.024146054181389872
height: 0.0235344458707745
Area: 0.0002782099608238039
CentroidX: 0.4045
CentroidY: 0.1428
