Location: Document_2025-04-16_190532-1.png_Gaussian-Median.png
Component: component_1744834562928_124.png
centerX: 0.1790341578327444
centerY: 0.21480530594779632
width: 0.024734982332155476
height: 0.021822849807445442
Area: 0.00024141770151196027
CentroidX: 0.1914
CentroidY: 0.2248
