Location: Document_2025-04-16_190532-1.png_Otsu.png
Component: component_1744834562997_60.png
centerX: 0.3539458186101296
centerY: 0.056910569105691054
width: 0.02120141342756184
height: 0.021822849807445442
Area: 0.0002167215274533255
CentroidX: 0.3642
CentroidY: 0.0668
