Location: Document_2025-04-16_190532-1.png_Otsu.png
Component: component_1744834563037_281.png
centerX: 0.30977620730270905
centerY: 0.36927685066324345
width: 0.028268551236749116
height: 0.02139495079161318
Area: 0.00026359385780950985
CentroidX: 0.3229
CentroidY: 0.3791
