Location: Document_2025-04-16_190532-1.png_Otsu.png
Component: component_1744834563013_150.png
centerX: 0.8144876325088339
centerY: 0.1985451433461703
width: 0.027090694935217905
height: 0.02396234488660676
Area: 0.0002915660549575553
CentroidX: 0.8285
CentroidY: 0.2101
