Location: 2025-04-16_190509-1.png_Mean-Closing.png
Component: component_1744834563743_107.png
centerX: 0.12190812720848057
centerY: 0.1561831407787762
width: 0.02120141342756184
height: 0.02011125374411639
Area: 0.00023032962336318546
CentroidX: 0.1321
CentroidY: 0.1655
