Location: Document_2025-04-16_190532-1.png_Otsu.png
Component: component_1744834563042_308.png
centerX: 0.048292108362779744
centerY: 0.4154899443731279
width: 0.02120141342756184
height: 0.02053915275994865
Area: 0.00023461365355703027
CentroidX: 0.0588
CentroidY: 0.4248
