Location: 2025-04-16_190509-1.png_Gaussian-Median.png
Component: component_1744834563676_637.png
centerX: 0.20023557126030625
centerY: 0.9007274283269149
width: 0.022968197879858657
height: 0.017543859649122806
Area: 0.00020311343154346553
CentroidX: 0.2117
CentroidY: 0.9082
