Location: 2025-04-16_190509-1.png_Gaussian-Median.png
Component: component_1744834563115_56.png
centerX: 0.4870435806831567
centerY: 0.07531022678647839
width: 0.024146054181389872
height: 0.0235344458707745
Area: 0.00029761409758415975
CentroidX: 0.4987
CentroidY: 0.0856
