Location: 2025-04-16_190509-1.png_Mean-Closing.png
Component: component_1744834563780_260.png
centerX: 0.49823321554770317
centerY: 0.3842533162173727
width: 0.02120141342756184
height: 0.01668806161745828
Area: 0.00022050155409495325
CentroidX: 0.5089
CentroidY: 0.3919
