Location: Document_2025-04-16_190532-1.png_Gaussian-Median.png
Component: component_1744834562916_56.png
centerX: 0.43521790341578326
centerY: 0.09071459135643987
width: 0.02591283863368669
height: 0.021822849807445442
Area: 0.00026384585958561836
CentroidX: 0.4478
CentroidY: 0.1004
