Location: 2025-04-16_190509-1.png_Mean-Closing.png
Component: component_1744834563786_297.png
centerX: 0.8056537102473498
centerY: 0.4373127941805734
width: 0.02237926972909305
height: 0.020967051775780916
Area: 0.0002565378080784713
CentroidX: 0.8165
CentroidY: 0.4473
