Location: 2025-04-16_190509-1.png_Mean-Closing.png
Component: component_1744834563832_475.png
centerX: 0.6784452296819788
centerY: 0.6897732135216089
width: 0.021790341578327443
height: 0.021822849807445442
Area: 0.00022705360027377473
CentroidX: 0.6893
CentroidY: 0.6996
