Location: 2025-04-16_190509-1.png_Mean-Closing.png
Component: component_1744834563766_212.png
centerX: 0.464075382803298
centerY: 0.3102267864783911
width: 0.02237926972909305
height: 0.02267864783910997
Area: 0.0003205462592100349
CentroidX: 0.4751
CentroidY: 0.3215
