Location: Document_2025-04-16_190532-1.png_Gaussian-Median.png
Component: component_1744834562923_95.png
centerX: 0.7326266195524146
centerY: 0.15875053487376978
width: 0.02237926972909305
height: 0.02053915275994865
Area: 0.00027090190931665684
CentroidX: 0.7435
CentroidY: 0.1683
