Location: 2025-04-16_190509-1.png_Gaussian-Median.png
Component: component_1744834563674_632.png
centerX: 0.5636042402826855
centerY: 0.8934531450577664
width: 0.026501766784452298
height: 0.02011125374411639
Area: 0.0002696419004361143
CentroidX: 0.5765
CentroidY: 0.9026
