Location: easy21_Mean-Medain.png
Component: component_1744297380843_378.png
centerX: 0.2411290322580645
centerY: 0.3390804597701149
width: 0.016129032258064516
height: 0.014846743295019157
Area: 0.00010080645161290323
CentroidX: 0.2487
CentroidY: 0.3456
