Location: 2025-04-16_190509-1.png_Gaussian-Median.png
Component: component_1744834563575_463.png
centerX: 0.5694935217903416
centerY: 0.658964484381686
width: 0.023557126030624265
height: 0.018827556696619598
Area: 0.0002406616961836347
CentroidX: 0.5808
CentroidY: 0.6677
