Location: 2025-04-16_190509-1.png_Mean-Closing.png
Component: component_1744834563843_500.png
centerX: 0.6484098939929329
centerY: 0.7278562259306803
width: 0.022968197879858657
height: 0.02139495079161318
Area: 0.0002640978613617269
CentroidX: 0.6594
CentroidY: 0.7379
