Location: 2025-04-16_190509-1.png_Mean-Closing.png
Component: component_1744834563736_79.png
centerX: 0.336866902237927
centerY: 0.11467693624304665
width: 0.02237926972909305
height: 0.02139495079161318
Area: 0.00027442993418217614
CentroidX: 0.3480
CentroidY: 0.1250
