Location: 2025-04-16_190509-1.png_Mean-Closing.png
Component: component_1744834563851_532.png
centerX: 0.2479387514723204
centerY: 0.7749251176722294
width: 0.022968197879858657
height: 0.019255455712451863
Area: 0.00023763767487033248
CentroidX: 0.2591
CentroidY: 0.7839
