Location: Document_2025-04-16_190532-1.png_Gaussian-Median.png
Component: component_1744834562910_17.png
centerX: 0.48527679623085984
centerY: 0.019255455712451863
width: 0.022968197879858657
height: 0.02267864783910997
Area: 0.000252001776108518
CentroidX: 0.4962
CentroidY: 0.0294
