Location: 2025-04-16_190509-1.png_Mean-Closing.png
Component: component_1744834563767_220.png
centerX: 0.21083627797408716
centerY: 0.32220795892169446
width: 0.02591283863368669
height: 0.022250748823277707
Area: 0.0003286103160455075
CentroidX: 0.2235
CentroidY: 0.3326
