Location: 2025-04-16_190509-1.png_Mean-Closing.png
Component: component_1744834563835_485.png
centerX: 0.20200235571260305
centerY: 0.7038938810440736
width: 0.021790341578327443
height: 0.019255455712451863
Area: 0.00022957361803485992
CentroidX: 0.2123
CentroidY: 0.7131
