Location: Document_2025-04-16_190532-1.png_Gaussian-Median.png
Component: component_1744834562924_99.png
centerX: 0.47644287396937574
centerY: 0.16773641420624733
width: 0.025323910482921083
height: 0.021822849807445442
Area: 0.0002462057352580221
CentroidX: 0.4882
CentroidY: 0.1778
