Location: 2025-04-16_190509-1.png_Mean-Closing.png
Component: component_1744834563739_92.png
centerX: 0.6937573616018846
centerY: 0.13521608900299528
width: 0.022968197879858657
height: 0.019683354728284124
Area: 0.00025023776367575837
CentroidX: 0.7053
CentroidY: 0.1445
