Location: Document_2025-04-16_190532-1.png_Gaussian-Median.png
Component: component_1744834562912_32.png
centerX: 0.931095406360424
centerY: 0.05220367993153616
width: 0.025323910482921083
height: 0.02267864783910997
Area: 0.0002600658329439906
CentroidX: 0.9441
CentroidY: 0.0621
