Location: 2025-04-16_190509-1.png_Mean-Closing.png
Component: component_1744834563798_352.png
centerX: 0.5948174322732627
centerY: 0.5134788189987163
width: 0.022968197879858657
height: 0.018827556696619598
Area: 0.00023410965000481324
CentroidX: 0.6056
CentroidY: 0.5218
