Location: 2025-04-16_190509-1.png_Gaussian-Median.png
Component: component_1744834563641_538.png
centerX: 0.35983510011778563
centerY: 0.7736414206247325
width: 0.02237926972909305
height: 0.019683354728284124
Area: 0.0002338576482287047
CentroidX: 0.3705
CentroidY: 0.7822
