Location: 2025-04-16_190509-1.png_Gaussian-Median.png
Component: component_1744834563126_61.png
centerX: 0.2797408716136631
centerY: 0.0834403080872914
width: 0.024146054181389872
height: 0.02267864783910997
Area: 0.00027745395549547835
CentroidX: 0.2911
CentroidY: 0.0942
