Location: Document_2025-04-16_190532-1.png_Otsu.png
Component: component_1744834563027_214.png
centerX: 0.8521790341578327
centerY: 0.26743688489516476
width: 0.027090694935217905
height: 0.025246041934103552
Area: 0.0002812339821371061
CentroidX: 0.8661
CentroidY: 0.2788
