Location: 2025-04-16_190509-1.png_Gaussian-Median.png
Component: component_1744834563679_649.png
centerX: 0.8356890459363958
centerY: 0.9246897732135216
width: 0.026501766784452298
height: 0.02011125374411639
Area: 0.00029811810113637683
CentroidX: 0.8489
CentroidY: 0.9338
