Location: 2025-04-16_190509-1.png_Mean-Closing.png
Component: component_1744834563755_164.png
centerX: 0.6201413427561837
centerY: 0.2383397518185708
width: 0.024146054181389872
height: 0.023106546854942234
Area: 0.0002892980389725787
CentroidX: 0.6323
CentroidY: 0.2489
