Location: 2025-04-16_190509-1.png_Mean-Closing.png
Component: component_1744834563907_652.png
centerX: 0.196113074204947
centerY: 0.9328198545143346
width: 0.026501766784452298
height: 0.019683354728284124
Area: 0.0002363776659897899
CentroidX: 0.2095
CentroidY: 0.9410
