Location: Document_2025-04-16_190532-1.png_Otsu.png
Component: component_1744834563010_135.png
centerX: 0.3457008244994111
centerY: 0.1728712023962345
width: 0.023557126030624265
height: 0.02139495079161318
Area: 0.00020185342266292294
CentroidX: 0.3581
CentroidY: 0.1829
