Location: Document_2025-04-16_190532-1.png_Otsu.png
Component: component_1744834563024_192.png
centerX: 0.5506478209658422
centerY: 0.24047924689773215
width: 0.025323910482921083
height: 0.019683354728284124
Area: 0.00023839368019865805
CentroidX: 0.5638
CentroidY: 0.2494
