Location: 2025-04-16_190509-1.png_Gaussian-Median.png
Component: component_1744834563669_618.png
centerX: 0.1607773851590106
centerY: 0.8694908001711597
width: 0.024734982332155476
height: 0.020967051775780916
Area: 0.0002409136979597432
CentroidX: 0.1728
CentroidY: 0.8786
