Location: 2025-04-16_190509-1.png_Gaussian-Median.png
Component: component_1744834563679_650.png
centerX: 0.7561837455830389
centerY: 0.9259734702610184
width: 0.026501766784452298
height: 0.02267864783910997
Area: 0.00028198998746543165
CentroidX: 0.7689
CentroidY: 0.9360
