Location: Document_2025-04-16_190532-1.png_Gaussian-Median.png
Component: component_1744834562950_255.png
centerX: 0.5265017667844523
centerY: 0.4373127941805734
width: 0.027090694935217905
height: 0.019683354728284124
Area: 0.0002799739732565635
CentroidX: 0.5400
CentroidY: 0.4461
