Location: Document_2025-04-16_190532-1.png_Otsu.png
Component: component_1744834563056_393.png
centerX: 0.3945818610129564
centerY: 0.553701326486949
width: 0.022968197879858657
height: 0.021822849807445442
Area: 0.0002436857174969369
CentroidX: 0.4062
CentroidY: 0.5633
