Location: 2025-04-16_190509-1.png_Mean-Closing.png
Component: component_1744834563816_427.png
centerX: 0.6142520612485277
centerY: 0.6230209670517758
width: 0.023557126030624265
height: 0.019255455712451863
Area: 0.0002545217938696032
CentroidX: 0.6259
CentroidY: 0.6317
