Location: Document_2025-04-16_190532-1.png_Otsu.png
Component: component_1744834563014_154.png
centerX: 0.7290930506478209
centerY: 0.20239623448866068
width: 0.024146054181389872
height: 0.020967051775780916
Area: 0.00023436165178092176
CentroidX: 0.7404
CentroidY: 0.2118
