Location: Document_2025-04-16_190532-1.png_Otsu.png
Component: component_1744834562995_52.png
centerX: 0.8822143698468787
centerY: 0.051775780915703895
width: 0.025323910482921083
height: 0.022250748823277707
Area: 0.00022302157185603844
CentroidX: 0.8954
CentroidY: 0.0616
