Location: Document_2025-04-16_190532-1.png_Gaussian-Median.png
Component: component_1744834562946_232.png
centerX: 0.3574793875147232
centerY: 0.4017971758664955
width: 0.023557126030624265
height: 0.021822849807445442
Area: 0.00026938989866000576
CentroidX: 0.3689
CentroidY: 0.4116
