Location: 2025-04-16_190509-1.png_Gaussian-Median.png
Component: component_1744834563513_343.png
centerX: 0.3121319199057715
centerY: 0.49293966623876767
width: 0.02061248527679623
height: 0.02139495079161318
Area: 0.00025804981873512245
CentroidX: 0.3223
CentroidY: 0.5027
