Location: Document_2025-04-16_190532-1.png_Gaussian-Median.png
Component: component_1744834562942_204.png
centerX: 0.693168433451119
centerY: 0.3504492939666239
width: 0.025323910482921083
height: 0.021822849807445442
Area: 0.0002504897654518669
CentroidX: 0.7038
CentroidY: 0.3599
