Location: 2025-04-16_190509-1.png_Mean-Closing.png
Component: component_1744834563778_251.png
centerX: 0.8044758539458187
centerY: 0.36628155755241765
width: 0.022968197879858657
height: 0.02011125374411639
Area: 0.0002598138311678821
CentroidX: 0.8161
CentroidY: 0.3759
