Location: Document_2025-04-16_190532-1.png_Otsu.png
Component: component_1744834563057_396.png
centerX: 0.22143698468786807
centerY: 0.5596919127086007
width: 0.024146054181389872
height: 0.024818142918271287
Area: 0.0002714059128688739
CentroidX: 0.2333
CentroidY: 0.5706
