Location: 2025-04-16_190509-1.png_Gaussian-Median.png
Component: component_1744834563477_306.png
centerX: 0.6619552414605419
centerY: 0.4454428754813864
width: 0.021790341578327443
height: 0.021822849807445442
Area: 0.0002646018649139439
CentroidX: 0.6722
CentroidY: 0.4557
