Location: 2025-04-16_190509-1.png_Mean-Closing.png
Component: component_1744834563782_268.png
centerX: 0.1684334511189635
centerY: 0.39323919554985026
width: 0.022968197879858657
height: 0.020967051775780916
Area: 0.00027644594839104425
CentroidX: 0.1799
CentroidY: 0.4032
