Location: 2025-04-16_190509-1.png_Mean-Closing.png
Component: component_1744834563776_241.png
centerX: 0.2956419316843345
centerY: 0.355584082156611
width: 0.024734982332155476
height: 0.02139495079161318
Area: 0.0002966060904797257
CentroidX: 0.3080
CentroidY: 0.3660
