Location: 2025-04-16_190509-1.png_Gaussian-Median.png
Component: component_1744834563682_658.png
centerX: 0.2414605418138987
centerY: 0.9298245614035088
width: 0.021790341578327443
height: 0.02053915275994865
Area: 0.00023032962336318546
CentroidX: 0.2524
CentroidY: 0.9393
