Location: Document_2025-04-16_190532-1.png_Otsu.png
Component: component_1744834563053_376.png
centerX: 0.1413427561837456
centerY: 0.5241762943945228
width: 0.022968197879858657
height: 0.022250748823277707
Area: 0.0002489777547952158
CentroidX: 0.1522
CentroidY: 0.5343
