Location: Document_2025-04-16_190532-1.png_Otsu.png
Component: component_1744834563000_81.png
centerX: 0.7915194346289752
centerY: 0.08643560119811725
width: 0.021790341578327443
height: 0.018827556696619598
Area: 0.00021218549548337217
CentroidX: 0.8021
CentroidY: 0.0949
