Location: Document_2025-04-16_190532-1.png_Gaussian-Median.png
Component: component_1744834562907_3.png
centerX: 0.568904593639576
centerY: 0.015832263585793753
width: 0.02944640753828033
height: 0.025246041934103552
Area: 0.0003160102272400816
CentroidX: 0.5836
CentroidY: 0.0272
