Location: Document_2025-04-16_190532-1.png_Gaussian-Median.png
Component: component_1744834562925_107.png
centerX: 0.1790341578327444
centerY: 0.17800599058622166
width: 0.022968197879858657
height: 0.02053915275994865
Area: 0.0002210055576471703
CentroidX: 0.1907
CentroidY: 0.1875
