Location: 2025-04-16_190509-1.png_Mean-Closing.png
Component: component_1744834563798_354.png
centerX: 0.5212014134275619
centerY: 0.5160462130937099
width: 0.022968197879858657
height: 0.02139495079161318
Area: 0.0002512457707801925
CentroidX: 0.5326
CentroidY: 0.5262
