Location: Document_2025-04-16_190532-1.png_Otsu.png
Component: component_1744834563060_412.png
centerX: 0.5159010600706714
centerY: 0.5853658536585366
width: 0.024146054181389872
height: 0.023106546854942234
Area: 0.0002489777547952158
CentroidX: 0.5273
CentroidY: 0.5956
