Location: Document_2025-04-16_190532-1.png_Otsu.png
Component: component_1744834563030_242.png
centerX: 0.09010600706713781
centerY: 0.29696191698759095
width: 0.023557126030624265
height: 0.02011125374411639
Area: 0.0002464577370341306
CentroidX: 0.1018
CentroidY: 0.3063
