Location: Document_2025-04-16_190532-1.png_Otsu.png
Component: component_1744834563052_370.png
centerX: 0.3945818610129564
centerY: 0.5126230209670518
width: 0.023557126030624265
height: 0.02267864783910997
Area: 0.00027367392885385054
CentroidX: 0.4064
CentroidY: 0.5232
