Location: Document_2025-04-16_190532-1.png_Gaussian-Median.png
Component: component_1744834562960_319.png
centerX: 0.5653710247349824
centerY: 0.5434317501069748
width: 0.02237926972909305
height: 0.022250748823277707
Area: 0.00025376578854127766
CentroidX: 0.5764
CentroidY: 0.5541
