Location: 2025-04-16_190509-1.png_Gaussian-Median.png
Component: component_1744834563688_681.png
centerX: 0.5170789163722026
centerY: 0.9636285836542576
width: 0.024734982332155476
height: 0.02011125374411639
Area: 0.0002751859395105017
CentroidX: 0.5288
CentroidY: 0.9726
