Location: Document_2025-04-16_190532-1.png_Otsu.png
Component: component_1744834563043_317.png
centerX: 0.48586572438162545
centerY: 0.4338896020539153
width: 0.021790341578327443
height: 0.024818142918271287
Area: 0.0002646018649139439
CentroidX: 0.4962
CentroidY: 0.4455
