Location: 2025-04-16_190509-1.png_Mean-Closing.png
Component: component_1744834563801_369.png
centerX: 0.19905771495877503
centerY: 0.5305947796320069
width: 0.022968197879858657
height: 0.02053915275994865
Area: 0.0002545217938696032
CentroidX: 0.2103
CentroidY: 0.5402
