Location: 2025-04-16_190509-1.png_Gaussian-Median.png
Component: component_1744834563574_460.png
centerX: 0.42226148409893993
centerY: 0.6593923833975182
width: 0.021790341578327443
height: 0.020967051775780916
Area: 0.000237889676646441
CentroidX: 0.4329
CentroidY: 0.6691
