Location: 2025-04-16_190509-1.png_Mean-Closing.png
Component: component_1744834563822_444.png
centerX: 0.9104829210836278
centerY: 0.6427043217800599
width: 0.024734982332155476
height: 0.02139495079161318
Area: 0.0002782099608238039
CentroidX: 0.9225
CentroidY: 0.6536
