Location: 2025-04-16_190509-1.png_Mean-Closing.png
Component: component_1744834563754_160.png
centerX: 0.8109540636042403
centerY: 0.22978177150192555
width: 0.027090694935217905
height: 0.02267864783910997
Area: 0.0003150022201356475
CentroidX: 0.8243
CentroidY: 0.2402
