Location: 2025-04-16_190509-1.png_Mean-Closing.png
Component: component_1744834563889_605.png
centerX: 0.20082449941107186
centerY: 0.866923406076166
width: 0.025323910482921083
height: 0.02053915275994865
Area: 0.000251497772556301
CentroidX: 0.2137
CentroidY: 0.8763
