Location: Document_2025-04-16_190532-1.png_Otsu.png
Component: component_1744834562991_29.png
centerX: 0.7479387514723204
centerY: 0.01668806161745828
width: 0.02767962308598351
height: 0.024818142918271287
Area: 0.0002648538666900524
CentroidX: 0.7613
CentroidY: 0.0277
