Location: 2025-04-16_190509-1.png_Mean-Closing.png
Component: component_1744834563759_180.png
centerX: 0.8810365135453475
centerY: 0.2610183996576808
width: 0.02591283863368669
height: 0.024390243902439025
Area: 0.0003341543551198949
CentroidX: 0.8947
CentroidY: 0.2729
