Location: Document_2025-04-16_190532-1.png_Gaussian-Median.png
Component: component_1744834562919_73.png
centerX: 0.5606595995288575
centerY: 0.12366281557552418
width: 0.024734982332155476
height: 0.024390243902439025
Area: 0.00033591836755265454
CentroidX: 0.5730
CentroidY: 0.1352
