Location: 2025-04-16_190509-1.png_Gaussian-Median.png
Component: component_1744834563092_24.png
centerX: 0.05123674911660778
centerY: 0.019255455712451863
width: 0.024734982332155476
height: 0.019255455712451863
Area: 0.00024141770151196027
CentroidX: 0.0629
CentroidY: 0.0276
