Location: 2025-04-16_190509-1.png_Mean-Closing.png
Component: component_1744834563899_637.png
centerX: 0.8356890459363958
centerY: 0.9246897732135216
width: 0.02591283863368669
height: 0.02011125374411639
Area: 0.00030013411534524493
CentroidX: 0.8488
CentroidY: 0.9338
