Location: 2025-04-16_190509-1.png_Gaussian-Median.png
Component: component_1744834563530_378.png
centerX: 0.7809187279151943
centerY: 0.5348737697903295
width: 0.022968197879858657
height: 0.018399657680787333
Area: 0.00022881761270653435
CentroidX: 0.7922
CentroidY: 0.5433
