Location: 2025-04-16_190509-1.png_Gaussian-Median.png
Component: component_1744834563660_580.png
centerX: 0.7591283863368669
centerY: 0.8211382113821138
width: 0.021790341578327443
height: 0.018399657680787333
Area: 0.00021092548660282958
CentroidX: 0.7692
CentroidY: 0.8292
