Location: 2025-04-16_190509-1.png_Mean-Closing.png
Component: component_1744834563828_464.png
centerX: 0.04534746760895171
centerY: 0.6718014548566539
width: 0.019434628975265017
height: 0.018399657680787333
Area: 0.00019782139424518664
CentroidX: 0.0548
CentroidY: 0.6803
