Location: 2025-04-16_190509-1.png_Gaussian-Median.png
Component: component_1744834563520_363.png
centerX: 0.3875147232037691
centerY: 0.5237483953786907
width: 0.021790341578327443
height: 0.02053915275994865
Area: 0.00024418972104915394
CentroidX: 0.3985
CentroidY: 0.5335
