Location: Document_2025-04-16_190532-1.png_Gaussian-Median.png
Component: component_1744834562950_258.png
centerX: 0.3168433451118963
centerY: 0.4420196833547283
width: 0.02591283863368669
height: 0.02267864783910997
Area: 0.00030164612600189607
CentroidX: 0.3300
CentroidY: 0.4525
