Location: 2025-04-16_190509-1.png_Mean-Closing.png
Component: component_1744834563875_584.png
centerX: 0.12131919905771496
centerY: 0.8386820710312366
width: 0.023557126030624265
height: 0.02053915275994865
Area: 0.00023965368907920062
CentroidX: 0.1330
CentroidY: 0.8480
