Location: 2025-04-16_190509-1.png_Mean-Closing.png
Component: component_1744834563838_489.png
centerX: 0.2785630153121319
centerY: 0.7060333761232349
width: 0.020023557126030624
height: 0.01668806161745828
Area: 0.00019378936582745035
CentroidX: 0.2884
CentroidY: 0.7140
