Location: 2025-04-16_190509-1.png_Mean-Closing.png
Component: component_1744834563822_443.png
centerX: 0.15901060070671377
centerY: 0.6384253316217373
width: 0.02237926972909305
height: 0.02011125374411639
Area: 0.00022604559316934065
CentroidX: 0.1704
CentroidY: 0.6474
