Location: 2025-04-16_190509-1.png_Gaussian-Median.png
Component: component_1744834563620_502.png
centerX: 0.7561837455830389
centerY: 0.7188703465982028
width: 0.022968197879858657
height: 0.02053915275994865
Area: 0.00025779781695901393
CentroidX: 0.7675
CentroidY: 0.7283
