Location: Document_2025-04-16_190532-1.png_Otsu.png
Component: component_1744834562994_42.png
centerX: 0.0983510011778563
centerY: 0.0235344458707745
width: 0.024734982332155476
height: 0.021822849807445442
Area: 0.00022755760382599176
CentroidX: 0.1108
CentroidY: 0.0332
