Location: Document_2025-04-16_190532-1.png_Gaussian-Median.png
Component: component_1744834562916_58.png
centerX: 0.35335689045936397
centerY: 0.0928540864356012
width: 0.024146054181389872
height: 0.02396234488660676
Area: 0.0002852660105548424
CentroidX: 0.3650
CentroidY: 0.1036
