Location: Document_2025-04-16_190532-1.png_Otsu.png
Component: component_1744834563053_374.png
centerX: 0.23027090694935218
centerY: 0.5216089002995293
width: 0.02237926972909305
height: 0.02267864783910997
Area: 0.0002676258862272461
CentroidX: 0.2411
CentroidY: 0.5320
