Location: 2025-04-16_190509-1.png_Mean-Closing.png
Component: component_1744834563793_325.png
centerX: 0.6590106007067138
centerY: 0.4813863928112965
width: 0.02120141342756184
height: 0.019683354728284124
Area: 0.00021445351146834882
CentroidX: 0.6690
CentroidY: 0.4901
