Location: Document_2025-04-16_190532-1.png_Gaussian-Median.png
Component: component_1744834562941_202.png
centerX: 0.7338044758539458
centerY: 0.34959349593495936
width: 0.024734982332155476
height: 0.02053915275994865
Area: 0.0002714059128688739
CentroidX: 0.7465
CentroidY: 0.3592
