Location: Document_2025-04-16_190532-1.png_Gaussian-Median.png
Component: component_1744834562908_6.png
centerX: 0.9369846878680801
centerY: 0.01540436456996149
width: 0.027090694935217905
height: 0.026957637997432605
Area: 0.00030441814553908977
CentroidX: 0.9514
CentroidY: 0.0274
