Location: Document_2025-04-16_190532-1.png_Otsu.png
Component: component_1744834563055_389.png
centerX: 0.5212014134275619
centerY: 0.5455712451861361
width: 0.028857479387514724
height: 0.02267864783910997
Area: 0.0002487257530191073
CentroidX: 0.5359
CentroidY: 0.5554
