Location: Document_2025-04-16_190532-1.png_Gaussian-Median.png
Component: component_1744834562955_287.png
centerX: 0.04888103651354535
centerY: 0.4937954642704322
width: 0.021790341578327443
height: 0.016260162601626018
Area: 0.00019807339602129516
CentroidX: 0.0597
CentroidY: 0.5013
