Location: 2025-04-16_190509-1.png_Mean-Closing.png
Component: component_1744834563900_639.png
centerX: 0.48056537102473496
centerY: 0.9289687633718442
width: 0.023557126030624265
height: 0.02139495079161318
Area: 0.0002562858063023628
CentroidX: 0.4925
CentroidY: 0.9387
