Location: 2025-04-16_190509-1.png_Mean-Closing.png
Component: component_1744834563749_135.png
centerX: 0.8409893992932862
centerY: 0.19597774925117672
width: 0.024146054181389872
height: 0.02139495079161318
Area: 0.0002683818915555717
CentroidX: 0.8530
CentroidY: 0.2058
