Location: 2025-04-16_190509-1.png_Mean-Closing.png
Component: component_1744834563817_428.png
centerX: 0.5789163722025913
centerY: 0.6247325631151048
width: 0.023557126030624265
height: 0.019255455712451863
Area: 0.00024141770151196027
CentroidX: 0.5903
CentroidY: 0.6341
