Location: 2025-04-16_190509-1.png_Gaussian-Median.png
Component: component_1744834563636_532.png
centerX: 0.6525323910482921
centerY: 0.7637997432605905
width: 0.024146054181389872
height: 0.021822849807445442
Area: 0.0002381416784225495
CentroidX: 0.6639
CentroidY: 0.7732
