Location: 2025-04-16_190509-1.png_Mean-Closing.png
Component: component_1744834563780_256.png
centerX: 0.6213191990577149
centerY: 0.37441163885323064
width: 0.024734982332155476
height: 0.021822849807445442
Area: 0.0002890460371964702
CentroidX: 0.6338
CentroidY: 0.3850
