Location: 2025-04-16_190509-1.png_Mean-Closing.png
Component: component_1744834563792_320.png
centerX: 0.8539458186101295
centerY: 0.47068891741548996
width: 0.02120141342756184
height: 0.020967051775780916
Area: 0.00023612566421368138
CentroidX: 0.8642
CentroidY: 0.4804
