Location: Document_2025-04-16_190532-1.png_Gaussian-Median.png
Component: component_1744834562909_10.png
centerX: 0.7479387514723204
centerY: 0.01668806161745828
width: 0.02767962308598351
height: 0.025246041934103552
Area: 0.000307946170404609
CentroidX: 0.7617
CentroidY: 0.0280
