Location: Document_2025-04-16_190532-1.png_Gaussian-Median.png
Component: component_1744834562934_159.png
centerX: 0.43521790341578326
centerY: 0.27941805733846814
width: 0.022968197879858657
height: 0.02396234488660676
Area: 0.000286526019435385
CentroidX: 0.4466
CentroidY: 0.2902
