Location: Document_2025-04-16_190532-1.png_Otsu.png
Component: component_1744834563037_282.png
centerX: 0.22143698468786807
centerY: 0.3727000427899016
width: 0.025323910482921083
height: 0.022250748823277707
Area: 0.00025275778143684356
CentroidX: 0.2331
CentroidY: 0.3822
