Location: 2025-04-16_190509-1.png_Mean-Closing.png
Component: component_1744834563752_153.png
centerX: 0.9163722025912838
centerY: 0.22507488232777065
width: 0.025323910482921083
height: 0.02396234488660676
Area: 0.00030593015619574085
CentroidX: 0.9290
CentroidY: 0.2355
