Location: 2025-04-16_190509-1.png_Mean-Closing.png
Component: component_1744834563829_466.png
centerX: 0.12190812720848057
centerY: 0.6718014548566539
width: 0.020023557126030624
height: 0.017543859649122806
Area: 0.00018547330721586924
CentroidX: 0.1312
CentroidY: 0.6799
