Location: 2025-04-16_190509-1.png_Mean-Closing.png
Component: component_1744834563825_450.png
centerX: 0.7073027090694936
centerY: 0.6538296961916987
width: 0.024734982332155476
height: 0.020967051775780916
Area: 0.00027216191819719946
CentroidX: 0.7198
CentroidY: 0.6635
