Location: 2025-04-16_190509-1.png_Mean-Closing.png
Component: component_1744834563766_215.png
centerX: 0.41872791519434627
centerY: 0.3123662815575524
width: 0.024146054181389872
height: 0.02396234488660676
Area: 0.00033516236222432894
CentroidX: 0.4309
CentroidY: 0.3232
