Location: 2025-04-16_190509-1.png_Mean-Closing.png
Component: component_1744834563734_70.png
centerX: 0.5341578327444052
centerY: 0.10483525887890457
width: 0.025323910482921083
height: 0.02139495079161318
Area: 0.0002754379412866102
CentroidX: 0.5464
CentroidY: 0.1146
