Location: Document_2025-04-16_190532-1.png_Gaussian-Median.png
Component: component_1744834562930_134.png
centerX: 0.6760895170789164
centerY: 0.23791185280273855
width: 0.026501766784452298
height: 0.023106546854942234
Area: 0.0003127342041506709
CentroidX: 0.6892
CentroidY: 0.2489
