Location: Document_2025-04-16_190532-1.png_Otsu.png
Component: component_1744834563036_273.png
centerX: 0.5223792697290931
centerY: 0.35301668806161746
width: 0.025323910482921083
height: 0.023106546854942234
Area: 0.0002658618737944865
CentroidX: 0.5355
CentroidY: 0.3638
