Location: 2025-04-16_190509-1.png_Mean-Closing.png
Component: component_1744834563801_371.png
centerX: 0.817432273262662
centerY: 0.5331621737270005
width: 0.02237926972909305
height: 0.02011125374411639
Area: 0.00026334185603340133
CentroidX: 0.8276
CentroidY: 0.5428
