Location: Document_2025-04-16_190532-1.png_Gaussian-Median.png
Component: component_1744834562954_280.png
centerX: 0.31861012956419316
centerY: 0.4809584937954643
width: 0.02591283863368669
height: 0.020967051775780916
Area: 0.0002807299785848891
CentroidX: 0.3320
CentroidY: 0.4904
