Location: Document_2025-04-16_190532-1.png_Otsu.png
Component: component_1744834562990_27.png
centerX: 0.5694935217903416
centerY: 0.016260162601626018
width: 0.028857479387514724
height: 0.024818142918271287
Area: 0.0002812339821371061
CentroidX: 0.5838
CentroidY: 0.0271
