Location: Document_2025-04-16_190532-1.png_Gaussian-Median.png
Component: component_1744834562965_344.png
centerX: 0.4758539458186101
centerY: 0.5892169448010269
width: 0.02237926972909305
height: 0.017543859649122806
Area: 0.00021067348482672107
CentroidX: 0.4867
CentroidY: 0.5973
