Location: Document_2025-04-16_190532-1.png_Otsu.png
Component: component_1744834563057_400.png
centerX: 0.05005889281507656
centerY: 0.5648267008985879
width: 0.02237926972909305
height: 0.022250748823277707
Area: 0.0002406616961836347
CentroidX: 0.0612
CentroidY: 0.5746
