Location: Document_2025-04-16_190532-1.png_Otsu.png
Component: component_1744834563040_297.png
centerX: 0.444640753828033
centerY: 0.39623448866067607
width: 0.024734982332155476
height: 0.021822849807445442
Area: 0.00024822174946689026
CentroidX: 0.4574
CentroidY: 0.4066
