Location: 2025-04-16_190509-1.png_Gaussian-Median.png
Component: component_1744834563531_380.png
centerX: 0.6448763250883393
centerY: 0.540436456996149
width: 0.020023557126030624
height: 0.02053915275994865
Area: 0.00023486565533313878
CentroidX: 0.6543
CentroidY: 0.5505
