Location: 2025-04-16_190509-1.png_Mean-Closing.png
Component: component_1744834563765_211.png
centerX: 0.5777385159010601
centerY: 0.30509199828840394
width: 0.02767962308598351
height: 0.02396234488660676
Area: 0.00035985853628296374
CentroidX: 0.5915
CentroidY: 0.3163
