Location: 2025-04-16_190509-1.png_Gaussian-Median.png
Component: component_1744834563636_531.png
centerX: 0.7255594817432274
centerY: 0.7616602481814292
width: 0.02237926972909305
height: 0.02053915275994865
Area: 0.00023587366243757286
CentroidX: 0.7369
CentroidY: 0.7713
