Location: Document_2025-04-16_190532-1.png_Gaussian-Median.png
Component: component_1744834562921_81.png
centerX: 0.3138987043580683
centerY: 0.13521608900299528
width: 0.021790341578327443
height: 0.02053915275994865
Area: 0.00024444172282526245
CentroidX: 0.3247
CentroidY: 0.1443
