Location: Document_2025-04-16_190532-1.png_Otsu.png
Component: component_1744834563040_296.png
centerX: 0.6060070671378092
centerY: 0.3949507916131793
width: 0.02120141342756184
height: 0.02139495079161318
Area: 0.00023158963224372806
CentroidX: 0.6165
CentroidY: 0.4043
