Location: 2025-04-16_190509-1.png_Gaussian-Median.png
Component: component_1744834563485_328.png
centerX: 0.7302709069493521
centerY: 0.4749679075738126
width: 0.022968197879858657
height: 0.02139495079161318
Area: 0.0002572938134067969
CentroidX: 0.7421
CentroidY: 0.4846
