Location: Document_2025-04-16_190532-1.png_Gaussian-Median.png
Component: component_1744834562949_252.png
centerX: 0.36160188457008247
centerY: 0.4368848951647411
width: 0.024734982332155476
height: 0.02396234488660676
Area: 0.0003160102272400816
CentroidX: 0.3741
CentroidY: 0.4484
