Location: Document_2025-04-16_190532-1.png_Otsu.png
Component: component_1744834563045_328.png
centerX: 0.18433451118963487
centerY: 0.449721865639709
width: 0.022968197879858657
height: 0.02011125374411639
Area: 0.0002182335381099766
CentroidX: 0.1962
CentroidY: 0.4583
