Location: 2025-04-16_190509-1.png_Gaussian-Median.png
Component: component_1744834563648_552.png
centerX: 0.7603062426383981
centerY: 0.789045785194694
width: 0.021790341578327443
height: 0.02139495079161318
Area: 0.00022982561981096844
CentroidX: 0.7713
CentroidY: 0.7988
