Location: 2025-04-16_190509-1.png_Mean-Closing.png
Component: component_1744834563832_474.png
centerX: 0.7909305064782096
centerY: 0.6880616174582799
width: 0.02237926972909305
height: 0.019255455712451863
Area: 0.00021646952567721698
CentroidX: 0.8027
CentroidY: 0.6961
