Location: Document_2025-04-16_190532-1.png_Otsu.png
Component: component_1744834563053_377.png
centerX: 0.048292108362779744
centerY: 0.5271715875053488
width: 0.023557126030624265
height: 0.022250748823277707
Area: 0.0002782099608238039
CentroidX: 0.0600
CentroidY: 0.5373
