Location: 2025-04-16_190509-1.png_Gaussian-Median.png
Component: component_1744834563685_673.png
centerX: 0.6389870435806831
centerY: 0.9614890885750963
width: 0.022968197879858657
height: 0.02267864783910997
Area: 0.0002940860727186405
CentroidX: 0.6507
CentroidY: 0.9725
