Location: Document_2025-04-16_190532-1.png_Gaussian-Median.png
Component: component_1744834562954_283.png
centerX: 0.13722025912838634
centerY: 0.4899443731279418
width: 0.022968197879858657
height: 0.018827556696619598
Area: 0.00022856561093042584
CentroidX: 0.1478
CentroidY: 0.4984
