Location: Document_2025-04-16_190532-1.png_Gaussian-Median.png
Component: component_1744834562927_115.png
centerX: 0.7290930506478209
centerY: 0.20196833547282841
width: 0.024146054181389872
height: 0.021822849807445442
Area: 0.000279721971480455
CentroidX: 0.7407
CentroidY: 0.2122
