Location: 2025-04-16_190509-1.png_Gaussian-Median.png
Component: component_1744834563670_619.png
centerX: 0.07773851590106007
centerY: 0.8703465982028241
width: 0.023557126030624265
height: 0.02053915275994865
Area: 0.00022881761270653435
CentroidX: 0.0886
CentroidY: 0.8796
