Location: 2025-04-16_190509-1.png_Gaussian-Median.png
Component: component_1744834563637_533.png
centerX: 0.6855123674911661
centerY: 0.7633718442447582
width: 0.022968197879858657
height: 0.02053915275994865
Area: 0.00022579359139323214
CentroidX: 0.6969
CentroidY: 0.7729
