Location: Document_2025-04-16_190532-1.png_Gaussian-Median.png
Component: component_1744834562913_38.png
centerX: 0.4369846878680801
centerY: 0.056910569105691054
width: 0.024734982332155476
height: 0.02011125374411639
Area: 0.00023284964112427065
CentroidX: 0.4496
CentroidY: 0.0659
