Location: Document_2025-04-16_190532-1.png_Otsu.png
Component: component_1744834563022_171.png
centerX: 0.3050647820965842
centerY: 0.21651690201112536
width: 0.02120141342756184
height: 0.021822849807445442
Area: 0.00018370929478310962
CentroidX: 0.3152
CentroidY: 0.2259
