Location: Document_2025-04-16_190532-1.png_Gaussian-Median.png
Component: component_1744834562942_207.png
centerX: 0.607773851590106
centerY: 0.353872486093282
width: 0.027090694935217905
height: 0.02139495079161318
Area: 0.0002698939022122228
CentroidX: 0.6197
CentroidY: 0.3632
