Location: Document_2025-04-16_190532-1.png_Otsu.png
Component: component_1744834563003_106.png
centerX: 0.6001177856301532
centerY: 0.1245186136071887
width: 0.023557126030624265
height: 0.020967051775780916
Area: 0.0002676258862272461
CentroidX: 0.6114
CentroidY: 0.1342
