Location: Document_2025-04-16_190532-1.png_Otsu.png
Component: component_1744834563026_213.png
centerX: 0.9305064782096584
centerY: 0.2631578947368421
width: 0.024146054181389872
height: 0.022250748823277707
Area: 0.0002477177459146732
CentroidX: 0.9426
CentroidY: 0.2735
