Location: 2025-04-16_190509-1.png_Mean-Closing.png
Component: component_1744834563861_550.png
centerX: 0.5877502944640753
centerY: 0.7993153615746684
width: 0.019434628975265017
height: 0.021822849807445442
Area: 0.000216973529229434
CentroidX: 0.5974
CentroidY: 0.8094
