Location: 2025-04-16_190509-1.png_Gaussian-Median.png
Component: component_1744834563668_611.png
centerX: 0.28032979976442873
centerY: 0.8647839109970047
width: 0.022968197879858657
height: 0.020967051775780916
Area: 0.00023461365355703027
CentroidX: 0.2919
CentroidY: 0.8744
