Location: Document_2025-04-16_190532-1.png_Otsu.png
Component: component_1744834563008_128.png
centerX: 0.5959952885747939
centerY: 0.1621737270004279
width: 0.024146054181389872
height: 0.02053915275994865
Area: 0.000259309827615665
CentroidX: 0.6079
CentroidY: 0.1718
