Location: 2025-04-16_190509-1.png_Gaussian-Median.png
Component: component_1744834563554_396.png
centerX: 0.1967020023557126
centerY: 0.5648267008985879
width: 0.020023557126030624
height: 0.019683354728284124
Area: 0.00021999755054273622
CentroidX: 0.2069
CentroidY: 0.5741
