Location: 2025-04-16_190509-1.png_Gaussian-Median.png
Component: component_1744834563528_373.png
centerX: 0.8498233215547704
centerY: 0.5301668806161746
width: 0.023557126030624265
height: 0.02053915275994865
Area: 0.0002827459927937572
CentroidX: 0.8610
CentroidY: 0.5398
