Location: Document_2025-04-16_190532-1.png_Gaussian-Median.png
Component: component_1744834562927_119.png
centerX: 0.5135453474676089
centerY: 0.20539152759948653
width: 0.024734982332155476
height: 0.02396234488660676
Area: 0.00033037432847826713
CentroidX: 0.5252
CentroidY: 0.2168
