Location: Document_2025-04-16_190532-1.png_Gaussian-Median.png
Component: component_1744834562935_164.png
centerX: 0.35335689045936397
centerY: 0.2819854514334617
width: 0.024734982332155476
height: 0.022250748823277707
Area: 0.0002898020425247957
CentroidX: 0.3652
CentroidY: 0.2921
