Location: Document_2025-04-16_190532-1.png_Otsu.png
Component: component_1744834563048_346.png
centerX: 0.43521790341578326
centerY: 0.47796320068463843
width: 0.025323910482921083
height: 0.02267864783910997
Area: 0.0002615778436006417
CentroidX: 0.4476
CentroidY: 0.4880
