Location: 2025-04-16_190509-1.png_Mean-Closing.png
Component: component_1744834563843_502.png
centerX: 0.5771495877502945
centerY: 0.730423620025674
width: 0.024734982332155476
height: 0.02053915275994865
Area: 0.0002618298453767502
CentroidX: 0.5892
CentroidY: 0.7399
