Location: Document_2025-04-16_190532-1.png_Otsu.png
Component: component_1744834563045_325.png
centerX: 0.3168433451118963
centerY: 0.4420196833547283
width: 0.02591283863368669
height: 0.02267864783910997
Area: 0.0002547737956457117
CentroidX: 0.3305
CentroidY: 0.4523
