Location: Document_2025-04-16_190532-1.png_Otsu.png
Component: component_1744834563049_350.png
centerX: 0.2750294464075383
centerY: 0.4839537869062901
width: 0.023557126030624265
height: 0.02139495079161318
Area: 0.00023536965888535584
CentroidX: 0.2861
CentroidY: 0.4930
