Location: easy16_Gaussian-Median.png
Component: component_1744297381868_961.png
centerX: 0.8556451612903225
centerY: 0.6872605363984674
width: 0.016935483870967744
height: 0.014846743295019157
Area: 0.00010814485230503028
CentroidX: 0.8634
CentroidY: 0.6940
