Location: 2025-04-16_190509-1.png_Mean-Closing.png
Component: component_1744834563744_109.png
centerX: 0.9181389870435807
centerY: 0.15875053487376978
width: 0.023557126030624265
height: 0.0235344458707745
Area: 0.00028501400877873386
CentroidX: 0.9298
CentroidY: 0.1702
