Location: Document_2025-04-16_190532-1.png_Otsu.png
Component: component_1744834563026_206.png
centerX: 0.04946996466431095
centerY: 0.25459991442019686
width: 0.023557126030624265
height: 0.0235344458707745
Area: 0.0002517497743324095
CentroidX: 0.0608
CentroidY: 0.2654
