Location: 2025-04-16_190509-1.png_Mean-Closing.png
Component: component_1744834563926_673.png
centerX: 0.3451118963486455
centerY: 0.9679075738125802
width: 0.02120141342756184
height: 0.01668806161745828
Area: 0.00021873754166219363
CentroidX: 0.3555
CentroidY: 0.9757
