Location: Document_2025-04-16_190532-1.png_Gaussian-Median.png
Component: component_1744834562907_2.png
centerX: 0.702002355712603
centerY: 0.014976465554129225
width: 0.028268551236749116
height: 0.026529738981600343
Area: 0.00033491036044822043
CentroidX: 0.7159
CentroidY: 0.0267
