Location: 2025-04-16_190509-1.png_Gaussian-Median.png
Component: component_1744834563128_65.png
centerX: 0.09010600706713781
centerY: 0.09114249037227215
width: 0.024734982332155476
height: 0.02139495079161318
Area: 0.0002703979057644398
CentroidX: 0.1032
CentroidY: 0.1011
