Location: Document_2025-04-16_190532-1.png_Gaussian-Median.png
Component: component_1744834562917_63.png
centerX: 0.13898704358068315
centerY: 0.09884467265725289
width: 0.02120141342756184
height: 0.02139495079161318
Area: 0.00022831360915431733
CentroidX: 0.1494
CentroidY: 0.1087
