Location: 2025-04-16_190509-1.png_Mean-Closing.png
Component: component_1744834563834_482.png
centerX: 0.467020023557126
centerY: 0.6974753958065897
width: 0.02120141342756184
height: 0.02011125374411639
Area: 0.00023839368019865805
CentroidX: 0.4776
CentroidY: 0.7064
