Location: Document_2025-04-16_190532-1.png_Otsu.png
Component: component_1744834562990_26.png
centerX: 0.9369846878680801
centerY: 0.01540436456996149
width: 0.027090694935217905
height: 0.026529738981600343
Area: 0.00023763767487033248
CentroidX: 0.9516
CentroidY: 0.0273
