Location: 2025-04-16_190509-1.png_Mean-Closing.png
Component: component_1744834563901_645.png
centerX: 0.71849234393404
centerY: 0.928540864356012
width: 0.023557126030624265
height: 0.018827556696619598
Area: 0.00022428158073658103
CentroidX: 0.7298
CentroidY: 0.9368
