Location: 2025-04-16_190509-1.png_Mean-Closing.png
Component: component_1744834563910_655.png
centerX: 0.03769140164899882
centerY: 0.9362430466409927
width: 0.022968197879858657
height: 0.02053915275994865
Area: 0.00024796974769078175
CentroidX: 0.0487
CentroidY: 0.9454
