Location: 2025-04-16_190509-1.png_Gaussian-Median.png
Component: component_1744834563652_563.png
centerX: 0.5477031802120141
centerY: 0.8010269576379975
width: 0.021790341578327443
height: 0.023106546854942234
Area: 0.00023007762158707695
CentroidX: 0.5589
CentroidY: 0.8104
