Location: 2025-04-16_190509-1.png_Mean-Closing.png
Component: component_1744834563751_148.png
centerX: 0.34334511189634864
centerY: 0.22122379118528027
width: 0.025323910482921083
height: 0.02267864783910997
Area: 0.0002966060904797257
CentroidX: 0.3564
CentroidY: 0.2317
