Location: Document_2025-04-16_190532-1.png_Gaussian-Median.png
Component: component_1744834562949_251.png
centerX: 0.6065959952885748
centerY: 0.4347454000855798
width: 0.02591283863368669
height: 0.0235344458707745
Area: 0.00029761409758415975
CentroidX: 0.6197
CentroidY: 0.4458
