Location: 2025-04-16_190509-1.png_Gaussian-Median.png
Component: component_1744834563126_63.png
centerX: 0.18492343934040048
centerY: 0.08557980316645272
width: 0.02591283863368669
height: 0.024390243902439025
Area: 0.0002996301117930279
CentroidX: 0.1982
CentroidY: 0.0964
