Location: Document_2025-04-16_190532-1.png_Otsu.png
Component: component_1744834562993_36.png
centerX: 0.4452296819787986
centerY: 0.018399657680787333
width: 0.023557126030624265
height: 0.02396234488660676
Area: 0.0002182335381099766
CentroidX: 0.4570
CentroidY: 0.0291
