Location: 2025-04-16_190509-1.png_Gaussian-Median.png
Component: component_1744834563529_376.png
centerX: 0.817432273262662
centerY: 0.5331621737270005
width: 0.02237926972909305
height: 0.02053915275994865
Area: 0.0002628378524811843
CentroidX: 0.8276
CentroidY: 0.5428
