Location: Document_2025-04-16_190532-1.png_Gaussian-Median.png
Component: component_1744834562939_191.png
centerX: 0.31036513545347466
centerY: 0.3256311510483526
width: 0.024146054181389872
height: 0.024818142918271287
Area: 0.00029736209580805123
CentroidX: 0.3224
CentroidY: 0.3369
