Location: 2025-04-16_190509-1.png_Mean-Closing.png
Component: component_1744834563793_328.png
centerX: 0.5223792697290931
centerY: 0.48609328198545143
width: 0.02237926972909305
height: 0.021822849807445442
Area: 0.00024973376012354134
CentroidX: 0.5331
CentroidY: 0.4957
