Location: Document_2025-04-16_190532-1.png_Otsu.png
Component: component_1744834562991_31.png
centerX: 0.5247349823321554
centerY: 0.017115960633290545
width: 0.027090694935217905
height: 0.02267864783910997
Area: 0.00023864568197476657
CentroidX: 0.5382
CentroidY: 0.0268
