Location: Document_2025-04-16_190532-1.png_Otsu.png
Component: component_1744834563055_388.png
centerX: 0.5653710247349824
centerY: 0.543859649122807
width: 0.02237926972909305
height: 0.021822849807445442
Area: 0.0002126894990355892
CentroidX: 0.5765
CentroidY: 0.5539
