Location: 2025-04-16_190509-1.png_Mean-Closing.png
Component: component_1744834563797_345.png
centerX: 0.8480565371024735
centerY: 0.4993581514762516
width: 0.021790341578327443
height: 0.021822849807445442
Area: 0.00024948175834743283
CentroidX: 0.8578
CentroidY: 0.5092
