Location: 2025-04-16_190509-1.png_Mean-Closing.png
Component: component_1744834563721_22.png
centerX: 0.05123674911660778
centerY: 0.019255455712451863
width: 0.024734982332155476
height: 0.019683354728284124
Area: 0.00024796974769078175
CentroidX: 0.0629
CentroidY: 0.0276
