Location: 2025-04-16_190509-1.png_Mean-Closing.png
Component: component_1744834563815_421.png
centerX: 0.8191990577149588
centerY: 0.6097560975609756
width: 0.02120141342756184
height: 0.019255455712451863
Area: 0.00022906961448264287
CentroidX: 0.8299
CentroidY: 0.6187
