Location: Document_2025-04-16_190532-1.png_Otsu.png
Component: component_1744834563055_384.png
centerX: 0.6919905771495878
centerY: 0.535729567821994
width: 0.024734982332155476
height: 0.020967051775780916
Area: 0.0002489777547952158
CentroidX: 0.7043
CentroidY: 0.5454
