Location: 2025-04-16_190509-1.png_Mean-Closing.png
Component: component_1744834563842_499.png
centerX: 0.6843345111896348
centerY: 0.7261446298673513
width: 0.022968197879858657
height: 0.02053915275994865
Area: 0.000252001776108518
CentroidX: 0.6948
CentroidY: 0.7354
