Location: 2025-04-16_190509-1.png_Mean-Closing.png
Component: component_1744834563781_265.png
centerX: 0.04534746760895171
centerY: 0.39323919554985026
width: 0.02237926972909305
height: 0.02139495079161318
Area: 0.0002625858507050758
CentroidX: 0.0561
CentroidY: 0.4031
