Location: Document_2025-04-16_190532-1.png_Otsu.png
Component: component_1744834563055_386.png
centerX: 0.6507656065959952
centerY: 0.5382969619169876
width: 0.024146054181389872
height: 0.019255455712451863
Area: 0.00021747753278165104
CentroidX: 0.6625
CentroidY: 0.5469
