Location: Document_2025-04-16_190532-1.png_Otsu.png
Component: component_1744834563009_133.png
centerX: 0.3928150765606596
centerY: 0.17244330338040223
width: 0.02120141342756184
height: 0.021822849807445442
Area: 0.0002126894990355892
CentroidX: 0.4035
CentroidY: 0.1825
