Location: 2025-04-16_190509-1.png_Mean-Closing.png
Component: component_1744834563751_147.png
centerX: 0.38103651354534745
centerY: 0.2160890029952931
width: 0.02591283863368669
height: 0.02396234488660676
Area: 0.00029610208692750867
CentroidX: 0.3933
CentroidY: 0.2267
