Location: Document_2025-04-16_190532-1.png_Otsu.png
Component: component_1744834563053_373.png
centerX: 0.27208480565371024
centerY: 0.5181857081728712
width: 0.025323910482921083
height: 0.02267864783910997
Area: 0.00027720195371936984
CentroidX: 0.2847
CentroidY: 0.5285
