Location: Document_2025-04-16_190532-1.png_Otsu.png
Component: component_1744834563002_99.png
centerX: 0.6919905771495878
centerY: 0.11810012836970475
width: 0.025323910482921083
height: 0.020967051775780916
Area: 0.0002867780212114935
CentroidX: 0.7047
CentroidY: 0.1275
