Location: Document_2025-04-16_190532-1.png_Gaussian-Median.png
Component: component_1744834562923_97.png
centerX: 0.5571260306242638
centerY: 0.16388532306375694
width: 0.024146054181389872
height: 0.0235344458707745
Area: 0.0003127342041506709
CentroidX: 0.5693
CentroidY: 0.1748
