Location: 2025-04-16_190509-1.png_Mean-Closing.png
Component: component_1744834563867_571.png
centerX: 0.6813898704358068
centerY: 0.8237056054771074
width: 0.024734982332155476
height: 0.019683354728284124
Area: 0.00024141770151196027
CentroidX: 0.6939
CentroidY: 0.8326
