Location: 2025-04-16_190509-1.png_Mean-Closing.png
Component: component_1744834563859_543.png
centerX: 0.7603062426383981
centerY: 0.7894736842105263
width: 0.021790341578327443
height: 0.020967051775780916
Area: 0.00022806160737820881
CentroidX: 0.7712
CentroidY: 0.7988
