Location: Document_2025-04-16_190532-1.png_Otsu.png
Component: component_1744834563050_356.png
centerX: 0.04888103651354535
centerY: 0.4937954642704322
width: 0.02120141342756184
height: 0.015832263585793753
Area: 0.00017715724860428817
CentroidX: 0.0597
CentroidY: 0.5012
