Location: Document_2025-04-16_190532-1.png_Gaussian-Median.png
Component: component_1744834562929_128.png
centerX: 0.050647820965842166
centerY: 0.21651690201112536
width: 0.02237926972909305
height: 0.021822849807445442
Area: 0.00022806160737820881
CentroidX: 0.0622
CentroidY: 0.2265
