Location: 2025-04-16_190509-1.png_Gaussian-Median.png
Component: component_1744834563648_553.png
centerX: 0.7962308598351001
centerY: 0.7899015832263586
width: 0.02120141342756184
height: 0.019255455712451863
Area: 0.0002154615185727829
CentroidX: 0.8064
CentroidY: 0.7986
