Location: Document_2025-04-16_190532-1.png_Gaussian-Median.png
Component: component_1744834562939_189.png
centerX: 0.4016489988221437
centerY: 0.32263585793752675
width: 0.023557126030624265
height: 0.021822849807445442
Area: 0.00027216191819719946
CentroidX: 0.4135
CentroidY: 0.3325
