Location: 2025-04-16_190509-1.png_Mean-Closing.png
Component: component_1744834563735_75.png
centerX: 0.49352179034157834
centerY: 0.10954214805305948
width: 0.021790341578327443
height: 0.02011125374411639
Area: 0.0002701459039883313
CentroidX: 0.5047
CentroidY: 0.1191
