Location: 2025-04-16_190509-1.png_Mean-Closing.png
Component: component_1744834563884_594.png
centerX: 0.7190812720848057
centerY: 0.8562259306803595
width: 0.023557126030624265
height: 0.021822849807445442
Area: 0.0002625858507050758
CentroidX: 0.7307
CentroidY: 0.8663
