Location: Document_2025-04-16_190532-1.png_Otsu.png
Component: component_1744834563042_310.png
centerX: 0.8498233215547704
centerY: 0.42148053059477963
width: 0.022968197879858657
height: 0.02053915275994865
Area: 0.0002336056464525962
CentroidX: 0.8611
CentroidY: 0.4308
