Location: 2025-04-16_190509-1.png_Mean-Closing.png
Component: component_1744834563775_233.png
centerX: 0.6213191990577149
centerY: 0.3363286264441592
width: 0.02237926972909305
height: 0.021822849807445442
Area: 0.0002807299785848891
CentroidX: 0.6327
CentroidY: 0.3465
