Location: Document_2025-04-16_190532-1.png_Gaussian-Median.png
Component: component_1744834562945_224.png
centerX: 0.7361601884570083
centerY: 0.3910997004706889
width: 0.023557126030624265
height: 0.02139495079161318
Area: 0.00028476200700262535
CentroidX: 0.7478
CentroidY: 0.4017
