Location: Document_2025-04-16_190532-1.png_Gaussian-Median.png
Component: component_1744834562929_126.png
centerX: 0.2249705535924617
centerY: 0.21566110397946084
width: 0.021790341578327443
height: 0.020967051775780916
Area: 0.00023486565533313878
CentroidX: 0.2363
CentroidY: 0.2252
