Location: 2025-04-16_190509-1.png_Gaussian-Median.png
Component: component_1744834563655_572.png
centerX: 0.08480565371024736
centerY: 0.8070175438596491
width: 0.021790341578327443
height: 0.021822849807445442
Area: 0.00025225377788462653
CentroidX: 0.0952
CentroidY: 0.8171
