Location: Document_2025-04-16_190532-1.png_Otsu.png
Component: component_1744834563028_226.png
centerX: 0.4752650176678445
centerY: 0.2807017543859649
width: 0.025323910482921083
height: 0.02267864783910997
Area: 0.00025099376900408396
CentroidX: 0.4876
CentroidY: 0.2910
