Location: Document_2025-04-16_190532-1.png_Otsu.png
Component: component_1744834563049_347.png
centerX: 0.35924617196702
centerY: 0.4796747967479675
width: 0.024734982332155476
height: 0.023106546854942234
Area: 0.00025502579742182023
CentroidX: 0.3716
CentroidY: 0.4904
