Location: 2025-04-16_190509-1.png_Gaussian-Median.png
Component: component_1744834563613_491.png
centerX: 0.35335689045936397
centerY: 0.7026101839965768
width: 0.022968197879858657
height: 0.02053915275994865
Area: 0.0002547737956457117
CentroidX: 0.3645
CentroidY: 0.7121
