Location: Document_2025-04-16_190532-1.png_Gaussian-Median.png
Component: component_1744834562937_179.png
centerX: 0.8015312131919906
centerY: 0.31065468549422337
width: 0.02944640753828033
height: 0.024818142918271287
Area: 0.0003341543551198949
CentroidX: 0.8165
CentroidY: 0.3216
