Location: 2025-04-16_190509-1.png_Gaussian-Median.png
Component: component_1744834563646_549.png
centerX: 0.043580683156654886
centerY: 0.7770646127513907
width: 0.02120141342756184
height: 0.01668806161745828
Area: 0.00020235742621513996
CentroidX: 0.0542
CentroidY: 0.7849
