Location: Document_2025-04-16_190532-1.png_Otsu.png
Component: component_1744834563024_194.png
centerX: 0.4705535924617197
centerY: 0.24176294394522893
width: 0.02767962308598351
height: 0.02267864783910997
Area: 0.0002953460815991831
CentroidX: 0.4848
CentroidY: 0.2526
