Location: Document_2025-04-16_190532-1.png_Gaussian-Median.png
Component: component_1744834562931_140.png
centerX: 0.726148409893993
centerY: 0.24133504492939667
width: 0.024734982332155476
height: 0.022250748823277707
Area: 0.0003102141863895857
CentroidX: 0.7385
CentroidY: 0.2512
