Location: 2025-04-16_190509-1.png_Gaussian-Median.png
Component: component_1744834563566_437.png
centerX: 0.47762073027090696
centerY: 0.6290115532734275
width: 0.02120141342756184
height: 0.019255455712451863
Area: 0.0002194935469905192
CentroidX: 0.4880
CentroidY: 0.6375
