Location: 2025-04-16_190509-1.png_Mean-Closing.png
Component: component_1744834563889_604.png
centerX: 0.44110718492343937
centerY: 0.8664955070603337
width: 0.021790341578327443
height: 0.01668806161745828
Area: 0.00016758118111216447
CentroidX: 0.4515
CentroidY: 0.8744
