Location: 2025-04-16_190509-1.png_Gaussian-Median.png
Component: component_1744834563099_46.png
centerX: 0.6166077738515902
centerY: 0.07231493367565255
width: 0.022968197879858657
height: 0.02396234488660676
Area: 0.00026611387557059504
CentroidX: 0.6284
CentroidY: 0.0834
