Location: 2025-04-16_190509-1.png_Mean-Closing.png
Component: component_1744834563779_255.png
centerX: 0.6578327444051826
centerY: 0.37312794180573383
width: 0.023557126030624265
height: 0.022250748823277707
Area: 0.0002814859839132146
CentroidX: 0.6698
CentroidY: 0.3840
