Location: 2025-04-16_190509-1.png_Gaussian-Median.png
Component: component_1744834563565_435.png
centerX: 0.5129564193168433
centerY: 0.6281557552417629
width: 0.021790341578327443
height: 0.01797175866495507
Area: 0.00021218549548337217
CentroidX: 0.5236
CentroidY: 0.6370
