Location: 2025-04-16_190509-1.png_Gaussian-Median.png
Component: component_1744834563479_313.png
centerX: 0.4081272084805654
centerY: 0.45614035087719296
width: 0.024734982332155476
height: 0.020967051775780916
Area: 0.00027669795016715276
CentroidX: 0.4201
CentroidY: 0.4659
