Location: 2025-04-16_190509-1.png_Gaussian-Median.png
Component: component_1744834563158_94.png
centerX: 0.9075382803297998
centerY: 0.1326486949080017
width: 0.024734982332155476
height: 0.019683354728284124
Area: 0.000259309827615665
CentroidX: 0.9200
CentroidY: 0.1419
