Location: 2025-04-16_190509-1.png_Mean-Closing.png
Component: component_1744834563778_250.png
centerX: 0.8374558303886925
centerY: 0.363714163457424
width: 0.024146054181389872
height: 0.02267864783910997
Area: 0.0002953460815991831
CentroidX: 0.8490
CentroidY: 0.3747
