Location: 2025-04-16_190509-1.png_Gaussian-Median.png
Component: component_1744834563589_477.png
centerX: 0.7502944640753828
centerY: 0.6854942233632862
width: 0.023557126030624265
height: 0.020967051775780916
Area: 0.00022957361803485992
CentroidX: 0.7621
CentroidY: 0.6949
