Location: Document_2025-04-16_190532-1.png_Otsu.png
Component: component_1744834563034_266.png
centerX: 0.8881036513545347
centerY: 0.3418913136499786
width: 0.024734982332155476
height: 0.021822849807445442
Area: 0.00025855382228733947
CentroidX: 0.8998
CentroidY: 0.3517
