Location: Document_2025-04-16_190532-1.png_Gaussian-Median.png
Component: component_1744834562959_309.png
centerX: 0.09305064782096584
centerY: 0.5271715875053488
width: 0.023557126030624265
height: 0.02053915275994865
Area: 0.0002658618737944865
CentroidX: 0.1046
CentroidY: 0.5366
