Location: 2025-04-16_190509-1.png_Gaussian-Median.png
Component: component_1744834563153_86.png
centerX: 0.17667844522968199
centerY: 0.12066752246469833
width: 0.022968197879858657
height: 0.022250748823277707
Area: 0.0002867780212114935
CentroidX: 0.1884
CentroidY: 0.1314
