Location: 2025-04-16_190509-1.png_Mean-Closing.png
Component: component_1744834563814_417.png
centerX: 0.19905771495877503
centerY: 0.6011981172443304
width: 0.020023557126030624
height: 0.01797175866495507
Area: 0.00020386943687179107
CentroidX: 0.2085
CentroidY: 0.6092
