Location: 2025-04-16_190509-1.png_Gaussian-Median.png
Component: component_1744834563683_661.png
centerX: 0.44110718492343937
centerY: 0.9302524604193411
width: 0.023557126030624265
height: 0.02053915275994865
Area: 0.00024796974769078175
CentroidX: 0.4516
CentroidY: 0.9390
