Location: Document_2025-04-16_190532-1.png_Otsu.png
Component: component_1744834562995_48.png
centerX: 0.6996466431095406
centerY: 0.05006418485237484
width: 0.027090694935217905
height: 0.02396234488660676
Area: 0.00023133763046761954
CentroidX: 0.7137
CentroidY: 0.0603
