Location: easy26_Mean-Closing.png
Component: component_1744297381955_31.png
centerX: 0.510483870967742
centerY: 0.033524904214559385
width: 0.016129032258064516
height: 0.014367816091954023
Area: 0.00011239340007415647
CentroidX: 0.5184
CentroidY: 0.0401
