Location: Document_2025-04-16_190532-1.png_Gaussian-Median.png
Component: component_1744834562960_312.png
centerX: 0.8138987043580683
centerY: 0.5340179717586649
width: 0.024734982332155476
height: 0.02267864783910997
Area: 0.00028198998746543165
CentroidX: 0.8258
CentroidY: 0.5447
