Location: 2025-04-16_190509-1.png_Mean-Closing.png
Component: component_1744834563896_624.png
centerX: 0.2750294464075383
centerY: 0.8998716302952503
width: 0.023557126030624265
height: 0.02139495079161318
Area: 0.00024040969440752619
CentroidX: 0.2875
CentroidY: 0.9095
