Location: Document_2025-04-16_190532-1.png_Gaussian-Median.png
Component: component_1744834562960_318.png
centerX: 0.607773851590106
centerY: 0.5417201540436457
width: 0.024146054181389872
height: 0.02053915275994865
Area: 0.00025023776367575837
CentroidX: 0.6200
CentroidY: 0.5515
