Location: Document_2025-04-16_190532-1.png_Gaussian-Median.png
Component: component_1744834562943_209.png
centerX: 0.44110718492343937
centerY: 0.3585793752674369
width: 0.025323910482921083
height: 0.024818142918271287
Area: 0.0002953460815991831
CentroidX: 0.4530
CentroidY: 0.3696
