Location: 2025-04-16_190509-1.png_Mean-Closing.png
Component: component_1744834563816_426.png
centerX: 0.6478209658421673
centerY: 0.6208814719726145
width: 0.022968197879858657
height: 0.020967051775780916
Area: 0.0002630898542572928
CentroidX: 0.6594
CentroidY: 0.6301
