Location: 2025-04-16_190509-1.png_Gaussian-Median.png
Component: component_1744834563625_508.png
centerX: 0.6484098939929329
centerY: 0.7278562259306803
width: 0.022968197879858657
height: 0.021822849807445442
Area: 0.00026107384004842466
CentroidX: 0.6595
CentroidY: 0.7379
