Location: 2025-04-16_190509-1.png_Mean-Closing.png
Component: component_1744834563826_456.png
centerX: 0.5312131919905771
centerY: 0.6593923833975182
width: 0.022968197879858657
height: 0.019255455712451863
Area: 0.0002567898098545799
CentroidX: 0.5431
CentroidY: 0.6685
