Location: 2025-04-16_190509-1.png_Mean-Closing.png
Component: component_1744834563735_77.png
centerX: 0.3739693757361602
centerY: 0.11424903722721438
width: 0.024146054181389872
height: 0.02267864783910997
Area: 0.00027921796792823795
CentroidX: 0.3857
CentroidY: 0.1247
