Location: 2025-04-16_190509-1.png_Gaussian-Median.png
Component: component_1744834563639_536.png
centerX: 0.5412249705535924
centerY: 0.7715019255455713
width: 0.02237926972909305
height: 0.02011125374411639
Area: 0.0002421737068402858
CentroidX: 0.5525
CentroidY: 0.7812
