Location: Document_2025-04-16_190532-1.png_Gaussian-Median.png
Component: component_1744834562951_263.png
centerX: 0.09128386336866902
centerY: 0.4510055626872058
width: 0.026501766784452298
height: 0.021822849807445442
Area: 0.00028501400877873386
CentroidX: 0.1038
CentroidY: 0.4613
