Location: Document_2025-04-16_190532-1.png_Otsu.png
Component: component_1744834563062_427.png
centerX: 0.05123674911660778
centerY: 0.6037655113393239
width: 0.022968197879858657
height: 0.019683354728284124
Area: 0.00022705360027377473
CentroidX: 0.0628
CentroidY: 0.6130
