Location: 2025-04-16_190509-1.png_Gaussian-Median.png
Component: component_1744834563567_441.png
centerX: 0.27385159010600707
centerY: 0.6345742404792469
width: 0.022968197879858657
height: 0.021822849807445442
Area: 0.00025023776367575837
CentroidX: 0.2850
CentroidY: 0.6447
