Location: Document_2025-04-16_190532-1.png_Otsu.png
Component: component_1744834563029_234.png
centerX: 0.30742049469964666
centerY: 0.28498074454428757
width: 0.024734982332155476
height: 0.022250748823277707
Area: 0.00026611387557059504
CentroidX: 0.3198
CentroidY: 0.2953
