Location: Document_2025-04-16_190532-1.png_Otsu.png
Component: component_1744834563030_241.png
centerX: 0.050647820965842166
centerY: 0.29653401797175866
width: 0.024146054181389872
height: 0.019683354728284124
Area: 0.00025250577966073504
CentroidX: 0.0624
CentroidY: 0.3061
