Location: Document_2025-04-16_190532-1.png_Gaussian-Median.png
Component: component_1744834562947_239.png
centerX: 0.1431095406360424
centerY: 0.4146341463414634
width: 0.023557126030624265
height: 0.020967051775780916
Area: 0.0002613258418245332
CentroidX: 0.1546
CentroidY: 0.4244
