Location: 2025-04-16_190509-1.png_Mean-Closing.png
Component: component_1744834563747_128.png
centerX: 0.21201413427561838
centerY: 0.18998716302952504
width: 0.024734982332155476
height: 0.0235344458707745
Area: 0.0002940860727186405
CentroidX: 0.2240
CentroidY: 0.2010
