Location: Document_2025-04-16_190532-1.png_Gaussian-Median.png
Component: component_1744834562945_223.png
centerX: 0.693168433451119
centerY: 0.39067180145485664
width: 0.024146054181389872
height: 0.021822849807445442
Area: 0.00028476200700262535
CentroidX: 0.7052
CentroidY: 0.4011
