Location: Document_2025-04-16_190532-1.png_Gaussian-Median.png
Component: component_1744834562949_253.png
centerX: 0.40694935217903416
centerY: 0.4368848951647411
width: 0.024734982332155476
height: 0.018827556696619598
Area: 0.0002575458151829054
CentroidX: 0.4190
CentroidY: 0.4456
