Location: 2025-04-16_190509-1.png_Mean-Closing.png
Component: component_1744834563738_88.png
centerX: 0.823321554770318
centerY: 0.1305091998288404
width: 0.024734982332155476
height: 0.019255455712451863
Area: 0.00024822174946689026
CentroidX: 0.8363
CentroidY: 0.1398
