Location: Document_2025-04-16_190532-1.png_Gaussian-Median.png
Component: component_1744834562920_79.png
centerX: 0.3504122497055359
centerY: 0.13307659392383397
width: 0.026501766784452298
height: 0.02396234488660676
Area: 0.00029030604607701275
CentroidX: 0.3636
CentroidY: 0.1441
