Location: 2025-04-16_190509-1.png_Mean-Closing.png
Component: component_1744834563802_377.png
centerX: 0.574793875147232
centerY: 0.542148053059478
width: 0.02061248527679623
height: 0.02267864783910997
Area: 0.00024721374236245615
CentroidX: 0.5845
CentroidY: 0.5531
