Location: 2025-04-16_190509-1.png_Mean-Closing.png
Component: component_1744834563868_573.png
centerX: 0.6060070671378092
centerY: 0.8275566966195977
width: 0.022968197879858657
height: 0.02011125374411639
Area: 0.000209665477722287
CentroidX: 0.6172
CentroidY: 0.8370
