Location: Document_2025-04-16_190532-1.png_Otsu.png
Component: component_1744834563021_169.png
centerX: 0.05123674911660778
centerY: 0.21694480102695765
width: 0.021790341578327443
height: 0.020967051775780916
Area: 0.0001930333604991248
CentroidX: 0.0622
CentroidY: 0.2264
