Location: Document_2025-04-16_190532-1.png_Gaussian-Median.png
Component: component_1744834562947_240.png
centerX: 0.04770318021201413
centerY: 0.4150620453572957
width: 0.021790341578327443
height: 0.020967051775780916
Area: 0.0002547737956457117
CentroidX: 0.0587
CentroidY: 0.4247
