Location: Document_2025-04-16_190532-1.png_Otsu.png
Component: component_1744834563009_134.png
centerX: 0.4375736160188457
centerY: 0.17244330338040223
width: 0.021790341578327443
height: 0.019683354728284124
Area: 0.00018244928590256703
CentroidX: 0.4488
CentroidY: 0.1809
