Location: Document_2025-04-16_190532-1.png_Gaussian-Median.png
Component: component_1744834562958_303.png
centerX: 0.27208480565371024
centerY: 0.5181857081728712
width: 0.025323910482921083
height: 0.02267864783910997
Area: 0.00030114212244967904
CentroidX: 0.2845
CentroidY: 0.5286
