Location: Document_2025-04-16_190532-1.png_Gaussian-Median.png
Component: component_1744834562964_343.png
centerX: 0.39693757361601884
centerY: 0.5892169448010269
width: 0.025323910482921083
height: 0.022250748823277707
Area: 0.00031424621480732195
CentroidX: 0.4090
CentroidY: 0.5997
