Location: Document_2025-04-16_190532-1.png_Otsu.png
Component: component_1744834562996_53.png
centerX: 0.7467608951707891
centerY: 0.05220367993153616
width: 0.027090694935217905
height: 0.02139495079161318
Area: 0.00022150956119938733
CentroidX: 0.7604
CentroidY: 0.0613
