Location: Document_2025-04-16_190532-1.png_Otsu.png
Component: component_1744834563052_368.png
centerX: 0.43404004711425204
centerY: 0.5100556268720582
width: 0.02591283863368669
height: 0.023106546854942234
Area: 0.00026636587734670355
CentroidX: 0.4467
CentroidY: 0.5205
