Location: Document_2025-04-16_190532-1.png_Otsu.png
Component: component_1744834563033_260.png
centerX: 0.2232037691401649
centerY: 0.3324775353016688
width: 0.023557126030624265
height: 0.021822849807445442
Area: 0.00024166970328806878
CentroidX: 0.2347
CentroidY: 0.3426
