Location: Document_2025-04-16_190532-1.png_Gaussian-Median.png
Component: component_1744834562949_254.png
centerX: 0.444640753828033
centerY: 0.43645699614890887
width: 0.024146054181389872
height: 0.02267864783910997
Area: 0.0002890460371964702
CentroidX: 0.4564
CentroidY: 0.4470
