Location: 2025-04-16_190509-1.png_Gaussian-Median.png
Component: component_1744834563625_507.png
centerX: 0.6843345111896348
centerY: 0.725716730851519
width: 0.022968197879858657
height: 0.020967051775780916
Area: 0.0002504897654518669
CentroidX: 0.6949
CentroidY: 0.7353
