Location: 2025-04-16_190509-1.png_Mean-Closing.png
Component: component_1744834563901_644.png
centerX: 0.6802120141342756
centerY: 0.9289687633718442
width: 0.02237926972909305
height: 0.02053915275994865
Area: 0.0002542697920934947
CentroidX: 0.6914
CentroidY: 0.9381
