Location: 2025-04-16_190509-1.png_Gaussian-Median.png
Component: component_1744834563626_509.png
centerX: 0.6136631330977621
centerY: 0.7291399229781772
width: 0.024734982332155476
height: 0.021822849807445442
Area: 0.00028451000522651684
CentroidX: 0.6259
CentroidY: 0.7395
