Location: 2025-04-16_190509-1.png_Mean-Closing.png
Component: component_1744834563845_512.png
centerX: 0.20848056537102475
centerY: 0.7398373983739838
width: 0.021790341578327443
height: 0.018399657680787333
Area: 0.0002308336269154025
CentroidX: 0.2188
CentroidY: 0.7485
