Location: 2025-04-16_190509-1.png_Mean-Closing.png
Component: component_1744834563766_213.png
centerX: 0.5023557126030624
centerY: 0.30979888746255885
width: 0.02591283863368669
height: 0.02267864783910997
Area: 0.0003265943018366393
CentroidX: 0.5160
CentroidY: 0.3205
