Location: 2025-04-16_190509-1.png_Mean-Closing.png
Component: component_1744834563849_522.png
centerX: 0.7255594817432274
centerY: 0.7616602481814292
width: 0.02237926972909305
height: 0.02053915275994865
Area: 0.00023612566421368138
CentroidX: 0.7369
CentroidY: 0.7714
