Location: 2025-04-16_190509-1.png_Gaussian-Median.png
Component: component_1744834563649_554.png
centerX: 0.8297997644287397
centerY: 0.7903294822421908
width: 0.02237926972909305
height: 0.021822849807445442
Area: 0.0002409136979597432
CentroidX: 0.8406
CentroidY: 0.7999
