Location: 2025-04-16_190509-1.png_Gaussian-Median.png
Component: component_1744834563623_505.png
centerX: 0.7196702002355713
centerY: 0.7222935387248609
width: 0.02237926972909305
height: 0.02053915275994865
Area: 0.0002492297565713243
CentroidX: 0.7306
CentroidY: 0.7316
