Location: 2025-04-16_190509-1.png_Mean-Closing.png
Component: component_1744834563760_183.png
centerX: 0.7773851590106007
centerY: 0.26572528883183566
width: 0.023557126030624265
height: 0.02267864783910997
Area: 0.00029610208692750867
CentroidX: 0.7889
CentroidY: 0.2765
