Location: 2025-04-16_190509-1.png_Mean-Closing.png
Component: component_1744834563762_196.png
centerX: 0.30212014134275617
centerY: 0.2819854514334617
width: 0.023557126030624265
height: 0.02053915275994865
Area: 0.00027694995194326127
CentroidX: 0.3137
CentroidY: 0.2917
