Location: 2025-04-16_190509-1.png_Gaussian-Median.png
Component: component_1744834563481_318.png
centerX: 0.24911660777385158
centerY: 0.45999144201968334
width: 0.023557126030624265
height: 0.020967051775780916
Area: 0.0002630898542572928
CentroidX: 0.2607
CentroidY: 0.4696
