Location: Document_2025-04-16_190532-1.png_Gaussian-Median.png
Component: component_1744834562911_21.png
centerX: 0.0983510011778563
centerY: 0.023106546854942234
width: 0.025323910482921083
height: 0.02267864783910997
Area: 0.0002615778436006417
CentroidX: 0.1108
CentroidY: 0.0333
