Location: Document_2025-04-16_190532-1.png_Gaussian-Median.png
Component: component_1744834562960_314.png
centerX: 0.6919905771495878
centerY: 0.5353016688061617
width: 0.024734982332155476
height: 0.021822849807445442
Area: 0.0002824939910176487
CentroidX: 0.7043
CentroidY: 0.5456
