Location: 2025-04-16_190509-1.png_Gaussian-Median.png
Component: component_1744834563594_480.png
centerX: 0.7131919905771495
centerY: 0.6880616174582799
width: 0.021790341578327443
height: 0.02011125374411639
Area: 0.0002179815363338681
CentroidX: 0.7238
CentroidY: 0.6973
