Location: Document_2025-04-16_190532-1.png_Otsu.png
Component: component_1744834563049_348.png
centerX: 0.3963486454652532
centerY: 0.48010269576379977
width: 0.02591283863368669
height: 0.022250748823277707
Area: 0.0002590578258395565
CentroidX: 0.4091
CentroidY: 0.4900
