Location: Document_2025-04-16_190532-1.png_Gaussian-Median.png
Component: component_1744834562935_167.png
centerX: 0.30742049469964666
centerY: 0.28498074454428757
width: 0.025323910482921083
height: 0.02267864783910997
Area: 0.0002887940354203616
CentroidX: 0.3198
CentroidY: 0.2954
