Location: Document_2025-04-16_190532-1.png_Otsu.png
Component: component_1744834562999_77.png
centerX: 0.7479387514723204
centerY: 0.08429610611895592
width: 0.026501766784452298
height: 0.02139495079161318
Area: 0.00027745395549547835
CentroidX: 0.7607
CentroidY: 0.0942
