Location: 2025-04-16_190509-1.png_Mean-Closing.png
Component: component_1744834563830_469.png
centerX: 0.9057714958775029
centerY: 0.6820710312366282
width: 0.024734982332155476
height: 0.022250748823277707
Area: 0.0002628378524811843
CentroidX: 0.9176
CentroidY: 0.6926
