Location: 2025-04-16_190509-1.png_Mean-Closing.png
Component: component_1744834563794_332.png
centerX: 0.3457008244994111
centerY: 0.4899443731279418
width: 0.023557126030624265
height: 0.02267864783910997
Area: 0.0002784619625999124
CentroidX: 0.3567
CentroidY: 0.5007
