Location: 2025-04-16_190509-1.png_Gaussian-Median.png
Component: component_1744834563519_358.png
centerX: 0.5571260306242638
centerY: 0.5151904150620453
width: 0.024146054181389872
height: 0.02053915275994865
Area: 0.00024015769263141767
CentroidX: 0.5682
CentroidY: 0.5239
