Location: 2025-04-16_190509-1.png_Gaussian-Median.png
Component: component_1744834563661_583.png
centerX: 0.6060070671378092
centerY: 0.8275566966195977
width: 0.022968197879858657
height: 0.02011125374411639
Area: 0.0002114294901550466
CentroidX: 0.6170
CentroidY: 0.8370
