Location: 2025-04-16_190509-1.png_Mean-Closing.png
Component: component_1744834563761_188.png
centerX: 0.5795053003533569
centerY: 0.2725716730851519
width: 0.024146054181389872
height: 0.021822849807445442
Area: 0.00027417793240606757
CentroidX: 0.5915
CentroidY: 0.2823
