Location: 2025-04-16_190509-1.png_Mean-Closing.png
Component: component_1744834563891_608.png
centerX: 0.07773851590106007
centerY: 0.8707744972186564
width: 0.023557126030624265
height: 0.02011125374411639
Area: 0.00022856561093042584
CentroidX: 0.0886
CentroidY: 0.8796
