Location: 2025-04-16_190509-1.png_Mean-Closing.png
Component: component_1744834563785_287.png
centerX: 0.12367491166077739
centerY: 0.4274711168164313
width: 0.02237926972909305
height: 0.018827556696619598
Area: 0.0002615778436006417
CentroidX: 0.1348
CentroidY: 0.4362
