Location: 2025-04-16_190509-1.png_Mean-Closing.png
Component: component_1744834563827_460.png
centerX: 0.35571260306242636
centerY: 0.6670945656824989
width: 0.02061248527679623
height: 0.02053915275994865
Area: 0.00022302157185603844
CentroidX: 0.3651
CentroidY: 0.6762
