Location: Document_2025-04-16_190532-1.png_Gaussian-Median.png
Component: component_1744834562955_292.png
centerX: 0.6501766784452296
centerY: 0.4993581514762516
width: 0.024734982332155476
height: 0.02139495079161318
Area: 0.0002698939022122228
CentroidX: 0.6620
CentroidY: 0.5095
