Location: Document_2025-04-16_190532-1.png_Otsu.png
Component: component_1744834563028_223.png
centerX: 0.43521790341578326
centerY: 0.2798459563543004
width: 0.02237926972909305
height: 0.023106546854942234
Area: 0.00024822174946689026
CentroidX: 0.4463
CentroidY: 0.2902
