Location: Document_2025-04-16_190532-1.png_Gaussian-Median.png
Component: component_1744834562961_320.png
centerX: 0.5206124852767963
centerY: 0.5451433461703038
width: 0.02944640753828033
height: 0.0235344458707745
Area: 0.00030315813665854715
CentroidX: 0.5355
CentroidY: 0.5554
