Location: 2025-04-16_190509-1.png_Gaussian-Median.png
Component: component_1744834563551_394.png
centerX: 0.11719670200235571
centerY: 0.5648267008985879
width: 0.021790341578327443
height: 0.021822849807445442
Area: 0.00023839368019865805
CentroidX: 0.1281
CentroidY: 0.5751
