Location: Document_2025-04-16_190532-1.png_Otsu.png
Component: component_1744834563022_173.png
centerX: 0.09305064782096584
centerY: 0.21908429610611896
width: 0.01884570082449941
height: 0.018399657680787333
Area: 0.00011062877971163941
CentroidX: 0.1055
CentroidY: 0.2265
