Location: Document_2025-04-16_190532-1.png_Gaussian-Median.png
Component: component_1744834562962_329.png
centerX: 0.18138987043580684
centerY: 0.5639709028669234
width: 0.024146054181389872
height: 0.02139495079161318
Area: 0.00027770595727158687
CentroidX: 0.1932
CentroidY: 0.5738
