Location: 2025-04-16_190509-1.png_Gaussian-Median.png
Component: component_1744834563530_379.png
centerX: 0.7084805653710248
centerY: 0.5387248609328199
width: 0.024734982332155476
height: 0.02011125374411639
Area: 0.0002598138311678821
CentroidX: 0.7210
CentroidY: 0.5479
