Location: 2025-04-16_190509-1.png_Mean-Closing.png
Component: component_1744834563791_318.png
centerX: 0.9199057714958775
centerY: 0.4668378262729996
width: 0.024734982332155476
height: 0.021822849807445442
Area: 0.0002484737512429988
CentroidX: 0.9318
CentroidY: 0.4765
