Location: 2025-04-16_190509-1.png_Gaussian-Median.png
Component: component_1744834563365_113.png
centerX: 0.917550058892815
centerY: 0.15875053487376978
width: 0.024146054181389872
height: 0.023106546854942234
Area: 0.00027720195371936984
CentroidX: 0.9297
CentroidY: 0.1701
