Location: 2025-04-16_190509-1.png_Mean-Closing.png
Component: component_1744834563744_111.png
centerX: 0.8786808009422851
centerY: 0.1608900299529311
width: 0.023557126030624265
height: 0.02139495079161318
Area: 0.00025275778143684356
CentroidX: 0.8908
CentroidY: 0.1707
