Location: 2025-04-16_190509-1.png_Gaussian-Median.png
Component: component_1744834563520_362.png
centerX: 0.42402826855123676
centerY: 0.5233204963628584
width: 0.02061248527679623
height: 0.02011125374411639
Area: 0.0002363776659897899
CentroidX: 0.4336
CentroidY: 0.5326
