Location: Document_2025-04-16_190532-1.png_Gaussian-Median.png
Component: component_1744834562951_266.png
centerX: 0.8498233215547704
centerY: 0.45614035087719296
width: 0.025323910482921083
height: 0.02139495079161318
Area: 0.00026888589510778874
CentroidX: 0.8616
CentroidY: 0.4661
