Location: Document_2025-04-16_190532-1.png_Gaussian-Median.png
Component: component_1744834562949_249.png
centerX: 0.6525323910482921
centerY: 0.433461703038083
width: 0.023557126030624265
height: 0.021822849807445442
Area: 0.00028224198924154016
CentroidX: 0.6643
CentroidY: 0.4435
