Location: 2025-04-16_190509-1.png_Mean-Closing.png
Component: component_1744834563751_149.png
centerX: 0.30683156654888105
centerY: 0.22165169020111253
width: 0.024734982332155476
height: 0.022250748823277707
Area: 0.00028753402653981905
CentroidX: 0.3188
CentroidY: 0.2320
