Location: 2025-04-16_190509-1.png_Mean-Closing.png
Component: component_1744834563771_225.png
centerX: 0.08480565371024736
centerY: 0.32648694908001713
width: 0.022968197879858657
height: 0.020967051775780916
Area: 0.0002913140531814468
CentroidX: 0.0965
CentroidY: 0.3364
