Location: 2025-04-16_190509-1.png_Gaussian-Median.png
Component: component_1744834563671_625.png
centerX: 0.8404004711425206
centerY: 0.8866067608044501
width: 0.024734982332155476
height: 0.02267864783910997
Area: 0.0002827459927937572
CentroidX: 0.8523
CentroidY: 0.8976
