Location: 2025-04-16_190509-1.png_Mean-Closing.png
Component: component_1744834563733_67.png
centerX: 0.5730270906949352
centerY: 0.10397946084724005
width: 0.023557126030624265
height: 0.021822849807445442
Area: 0.00026812988977946314
CentroidX: 0.5847
CentroidY: 0.1139
