Location: 2025-04-16_190509-1.png_Mean-Closing.png
Component: component_1744834563722_25.png
centerX: 0.8421672555948174
centerY: 0.037227214377406934
width: 0.024146054181389872
height: 0.0235344458707745
Area: 0.000314750218359539
CentroidX: 0.8546
CentroidY: 0.0488
