Location: Document_2025-04-16_190532-1.png_Gaussian-Median.png
Component: component_1744834562930_131.png
centerX: 0.9081272084805654
centerY: 0.2293538724860933
width: 0.024146054181389872
height: 0.020967051775780916
Area: 0.0002784619625999124
CentroidX: 0.9196
CentroidY: 0.2392
