Location: 2025-04-16_190509-1.png_Mean-Closing.png
Component: component_1744834563746_123.png
centerX: 0.45170789163722025
centerY: 0.18142918271287975
width: 0.025323910482921083
height: 0.02011125374411639
Area: 0.0002686338933316802
CentroidX: 0.4643
CentroidY: 0.1904
