Location: 2025-04-16_190509-1.png_Gaussian-Median.png
Component: component_1744834563555_397.png
centerX: 0.04181389870435807
centerY: 0.5656824989302525
width: 0.01884570082449941
height: 0.018399657680787333
Area: 0.00021294150081169772
CentroidX: 0.0508
CentroidY: 0.5747
