Location: 2025-04-16_190509-1.png_Mean-Closing.png
Component: component_1744834563782_271.png
centerX: 0.9040047114252061
centerY: 0.39623448866067607
width: 0.02591283863368669
height: 0.02139495079161318
Area: 0.00030290613488243864
CentroidX: 0.9175
CentroidY: 0.4063
