Location: 2025-04-16_190509-1.png_Mean-Closing.png
Component: component_1744834563850_525.png
centerX: 0.6183745583038869
centerY: 0.7689345314505777
width: 0.02120141342756184
height: 0.019683354728284124
Area: 0.00023587366243757286
CentroidX: 0.6289
CentroidY: 0.7779
