Location: 2025-04-16_190509-1.png_Mean-Closing.png
Component: component_1744834563778_252.png
centerX: 0.7714958775029447
centerY: 0.3688489516474112
width: 0.023557126030624265
height: 0.020967051775780916
Area: 0.0002640978613617269
CentroidX: 0.7830
CentroidY: 0.3789
