Location: Document_2025-04-16_190532-1.png_Gaussian-Median.png
Component: component_1744834562924_102.png
centerX: 0.3457008244994111
centerY: 0.1728712023962345
width: 0.023557126030624265
height: 0.02139495079161318
Area: 0.0002535137867651691
CentroidX: 0.3577
CentroidY: 0.1830
