Location: 2025-04-16_190509-1.png_Gaussian-Median.png
Component: component_1744834563620_503.png
centerX: 0.8692579505300353
centerY: 0.7192982456140351
width: 0.021790341578327443
height: 0.02011125374411639
Area: 0.0002431817139447199
CentroidX: 0.8798
CentroidY: 0.7287
