Location: 2025-04-16_190509-1.png_Gaussian-Median.png
Component: component_1744834563670_623.png
centerX: 0.9134275618374559
centerY: 0.8840393667094566
width: 0.025323910482921083
height: 0.020967051775780916
Area: 0.0002686338933316802
CentroidX: 0.9259
CentroidY: 0.8934
