Location: 2025-04-16_190509-1.png_Mean-Closing.png
Component: component_1744834563871_578.png
centerX: 0.48468786808009423
centerY: 0.8305519897304237
width: 0.02237926972909305
height: 0.018399657680787333
Area: 0.00020109741733459737
CentroidX: 0.4959
CentroidY: 0.8390
