Location: Document_2025-04-16_190532-1.png_Otsu.png
Component: component_1744834563060_414.png
centerX: 0.4369846878680801
centerY: 0.5883611467693625
width: 0.02591283863368669
height: 0.021822849807445442
Area: 0.00025527779919792874
CentroidX: 0.4486
CentroidY: 0.5980
