Location: 2025-04-16_190509-1.png_Mean-Closing.png
Component: component_1744834563812_411.png
centerX: 0.2785630153121319
centerY: 0.599058622165169
width: 0.024734982332155476
height: 0.018399657680787333
Area: 0.0002363776659897899
CentroidX: 0.2903
CentroidY: 0.6077
