Location: 2025-04-16_190509-1.png_Gaussian-Median.png
Component: component_1744834563140_76.png
centerX: 0.6542991755005889
centerY: 0.1069747539580659
width: 0.022968197879858657
height: 0.020967051775780916
Area: 0.000252001776108518
CentroidX: 0.6658
CentroidY: 0.1167
