Location: 2025-04-16_190509-1.png_Mean-Closing.png
Component: component_1744834563813_415.png
centerX: 0.07714958775029446
centerY: 0.6011981172443304
width: 0.02120141342756184
height: 0.018399657680787333
Area: 0.00022730560204988325
CentroidX: 0.0873
CentroidY: 0.6102
