Location: 2025-04-16_190509-1.png_Mean-Closing.png
Component: component_1744834563854_536.png
centerX: 0.20965842167255594
centerY: 0.7753530166880617
width: 0.02120141342756184
height: 0.019683354728284124
Area: 0.00022730560204988325
CentroidX: 0.2202
CentroidY: 0.7845
