Location: 2025-04-16_190509-1.png_Mean-Closing.png
Component: component_1744834563800_365.png
centerX: 0.15665488810365136
centerY: 0.5293110825845101
width: 0.025323910482921083
height: 0.020967051775780916
Area: 0.00027165791464498244
CentroidX: 0.1696
CentroidY: 0.5389
