Location: 2025-04-16_190509-1.png_Mean-Closing.png
Component: component_1744834563863_558.png
centerX: 0.2915194346289753
centerY: 0.803594351732991
width: 0.021790341578327443
height: 0.019683354728284124
Area: 0.00023461365355703027
CentroidX: 0.3020
CentroidY: 0.8128
