Location: 2025-04-16_190509-1.png_Gaussian-Median.png
Component: component_1744834563666_602.png
centerX: 0.6831566548881036
centerY: 0.8545143346170304
width: 0.024734982332155476
height: 0.021822849807445442
Area: 0.00025099376900408396
CentroidX: 0.6952
CentroidY: 0.8645
