Location: 2025-04-16_190509-1.png_Mean-Closing.png
Component: component_1744834563742_103.png
centerX: 0.30977620730270905
centerY: 0.15190415062045357
width: 0.02237926972909305
height: 0.02139495079161318
Area: 0.00024393771927304543
CentroidX: 0.3207
CentroidY: 0.1620
