Location: 2025-04-16_190509-1.png_Gaussian-Median.png
Component: component_1744834563575_462.png
centerX: 0.5312131919905771
centerY: 0.6593923833975182
width: 0.022968197879858657
height: 0.019683354728284124
Area: 0.0002572938134067969
CentroidX: 0.5431
CentroidY: 0.6685
