Location: 2025-04-16_190509-1.png_Mean-Closing.png
Component: component_1744834563764_202.png
centerX: 0.8786808009422851
centerY: 0.2913992297817715
width: 0.024734982332155476
height: 0.02396234488660676
Area: 0.0003311303338065927
CentroidX: 0.8910
CentroidY: 0.3028
