Location: Document_2025-04-16_190532-1.png_Otsu.png
Component: component_1744834563026_212.png
centerX: 0.8945818610129564
centerY: 0.2631578947368421
width: 0.026501766784452298
height: 0.024818142918271287
Area: 0.0002600658329439906
CentroidX: 0.9079
CentroidY: 0.2731
