Location: Document_2025-04-16_190532-1.png_Gaussian-Median.png
Component: component_1744834562924_100.png
centerX: 0.3928150765606596
centerY: 0.17244330338040223
width: 0.021790341578327443
height: 0.022250748823277707
Area: 0.0002620818471528587
CentroidX: 0.4033
CentroidY: 0.1826
