Location: Document_2025-04-16_190532-1.png_Otsu.png
Component: component_1744834563001_88.png
centerX: 0.35335689045936397
centerY: 0.0928540864356012
width: 0.024146054181389872
height: 0.0235344458707745
Area: 0.0002477177459146732
CentroidX: 0.3651
CentroidY: 0.1034
