Location: Document_2025-04-16_190532-1.png_Gaussian-Median.png
Component: component_1744834562921_83.png
centerX: 0.1790341578327444
centerY: 0.13778348309798888
width: 0.023557126030624265
height: 0.023106546854942234
Area: 0.00026510586846616093
CentroidX: 0.1910
CentroidY: 0.1484
