Location: 2025-04-16_190509-1.png_Gaussian-Median.png
Component: component_1744834563576_464.png
centerX: 0.48998822143698467
centerY: 0.660676080445015
width: 0.023557126030624265
height: 0.018399657680787333
Area: 0.0002517497743324095
CentroidX: 0.5017
CentroidY: 0.6693
