Location: Document_2025-04-16_190532-1.png_Gaussian-Median.png
Component: component_1744834562914_44.png
centerX: 0.052414605418138985
centerY: 0.06161745827984596
width: 0.02061248527679623
height: 0.02053915275994865
Area: 0.00024469372460137097
CentroidX: 0.0625
CentroidY: 0.0709
