Location: 2025-04-16_190509-1.png_Gaussian-Median.png
Component: component_1744834563152_83.png
centerX: 0.2956419316843345
centerY: 0.11553273427471117
width: 0.025323910482921083
height: 0.0235344458707745
Area: 0.0002991261082408109
CentroidX: 0.3089
CentroidY: 0.1264
