Location: 2025-04-16_190509-1.png_Mean-Closing.png
Component: component_1744834563791_314.png
centerX: 0.21083627797408716
centerY: 0.46041934103551563
width: 0.02237926972909305
height: 0.02011125374411639
Area: 0.00024796974769078175
CentroidX: 0.2219
CentroidY: 0.4699
