Location: Document_2025-04-16_190532-1.png_Gaussian-Median.png
Component: component_1744834562959_307.png
centerX: 0.14075382803297998
centerY: 0.5241762943945228
width: 0.023557126030624265
height: 0.022250748823277707
Area: 0.00027770595727158687
CentroidX: 0.1521
CentroidY: 0.5344
