Location: Document_2025-04-16_190532-1.png_Gaussian-Median.png
Component: component_1744834562945_226.png
centerX: 0.5241460541813898
centerY: 0.3940949935815148
width: 0.024734982332155476
height: 0.020967051775780916
Area: 0.0002787139643760209
CentroidX: 0.5365
CentroidY: 0.4042
