Location: 2025-04-16_190509-1.png_Gaussian-Median.png
Component: component_1744834563091_20.png
centerX: 0.2620730270906949
centerY: 0.012836970474967908
width: 0.026501766784452298
height: 0.024818142918271287
Area: 0.0002948420780469661
CentroidX: 0.2736
CentroidY: 0.0244
