Location: 2025-04-16_190509-1.png_Mean-Closing.png
Component: component_1744834563799_359.png
centerX: 0.35159010600706714
centerY: 0.5250320924261874
width: 0.022968197879858657
height: 0.023106546854942234
Area: 0.00026787788800335463
CentroidX: 0.3628
CentroidY: 0.5358
