Location: 2025-04-16_190509-1.png_Gaussian-Median.png
Component: component_1744834563687_676.png
centerX: 0.8333333333333334
centerY: 0.9623448866067608
width: 0.022968197879858657
height: 0.018827556696619598
Area: 0.00023990569085530916
CentroidX: 0.8442
CentroidY: 0.9708
