Location: 2025-04-16_190509-1.png_Gaussian-Median.png
Component: component_1744834563618_499.png
centerX: 0.12603062426383982
centerY: 0.7073170731707317
width: 0.019434628975265017
height: 0.017543859649122806
Area: 0.0002073974617373103
CentroidX: 0.1352
CentroidY: 0.7156
