Location: Document_2025-04-16_190532-1.png_Gaussian-Median.png
Component: component_1744834562942_205.png
centerX: 0.5223792697290931
centerY: 0.35258878904578517
width: 0.025323910482921083
height: 0.0235344458707745
Area: 0.00031248220237456236
CentroidX: 0.5351
CentroidY: 0.3640
