Location: Document_2025-04-16_190532-1.png_Gaussian-Median.png
Component: component_1744834562948_243.png
centerX: 0.8062426383981154
centerY: 0.4244758237056055
width: 0.02237926972909305
height: 0.021822849807445442
Area: 0.0002542697920934947
CentroidX: 0.8175
CentroidY: 0.4342
