Location: Document_2025-04-16_190532-1.png_Gaussian-Median.png
Component: component_1744834562959_310.png
centerX: 0.8975265017667845
centerY: 0.5293110825845101
width: 0.02591283863368669
height: 0.02053915275994865
Area: 0.00028451000522651684
CentroidX: 0.9107
CentroidY: 0.5390
