Location: Document_2025-04-16_190532-1.png_Otsu.png
Component: component_1744834562995_50.png
centerX: 0.6501766784452296
centerY: 0.050492083868207104
width: 0.027090694935217905
height: 0.023106546854942234
Area: 0.00024040969440752619
CentroidX: 0.6638
CentroidY: 0.0601
