Location: internet_24.png_Gaussian-Median.png
Component: component_1755081215832_132.png
centerX: 0.9209995969367191
centerY: 0.3324779013401768
width: 0.05602579604997985
height: 0.03165098374679213
Area: 0.0006838398977940934
CentroidX: 0.9490
CentroidY: 0.3464
