Location: internet_24.png_Gaussian-Closing.png
Component: component_1755081215302_105.png
centerX: 0.7771060056428859
centerY: 0.3473053892215569
width: 0.051189036678758564
height: 0.029369831765041345
Area: 0.0006210875307024001
CentroidX: 0.8022
CentroidY: 0.3597
