Location: Dedata_14.png_Otsu.png
Component: component_1755519997993_3.png
centerX: 0.6048387096774194
centerY: 0.00883442576232545
width: 0.03870967741935484
height: 0.030777999430037048
Area: 0.0003653048842147841
CentroidX: 0.6241
CentroidY: 0.0216
