Location: Dedata_14.png_Mean-Medain.png
Component: component_1755519998509_42.png
centerX: 0.4112903225806452
centerY: 0.09090909090909091
width: 0.038306451612903226
height: 0.024793388429752067
Area: 0.00039587144577537945
CentroidX: 0.4303
CentroidY: 0.1026
