Location: internet_24.png_Otsu.png
Component: component_1755081216041_1203.png
centerX: 0.08786779524385328
centerY: 0.7450812660393499
width: 0.0475614671503426
height: 0.03222127174222983
Area: 0.0004870778969498097
CentroidX: 0.1094
CentroidY: 0.7579
