Location: internet_24.png_Mean-Medain.png
Component: component_1755081215746_227.png
centerX: 0.08665860540104796
centerY: 0.8009694895922441
width: 0.049576783555018135
height: 0.030795551753635585
Area: 0.0005864932770492872
CentroidX: 0.1114
CentroidY: 0.8130
