Location: Dedata_14.png_Otsu.png
Component: component_1755519998018_182.png
centerX: 0.6866935483870967
centerY: 0.28241664291821034
width: 0.03951612903225806
height: 0.025648332858364205
Area: 0.0004829746550345195
CentroidX: 0.7076
CentroidY: 0.2949
