Location: Dedata_14.png_Gaussian-Closing.png
Component: component_1755519998389_31.png
centerX: 0.022983870967741935
centerY: 0.06469079509831861
width: 0.039919354838709675
height: 0.027358221715588486
Area: 0.000404834572849539
CentroidX: 0.0435
CentroidY: 0.0753
