Location: Dedata_14.png_Mean-Closing.png
Component: component_1755519998288_66.png
centerX: 0.9060483870967742
centerY: 0.15816471929324594
width: 0.03508064516129032
height: 0.021373610715303505
Area: 0.0003720846854631868
CentroidX: 0.9243
CentroidY: 0.1676
