Location: internet_24.png_Gaussian-Median.png
Component: component_1755081215842_182.png
centerX: 0.6106408706166868
centerY: 0.4992871400057029
width: 0.04554615074566707
height: 0.03421727972626176
Area: 0.0005207527020008465
CentroidX: 0.6328
CentroidY: 0.5122
