Location: Dedata_14.png_Mean-Medain.png
Component: component_1755519998498_4.png
centerX: 0.6040322580645161
centerY: 0.008549444286121402
width: 0.039919354838709675
height: 0.03134796238244514
Area: 0.00045160371027496115
CentroidX: 0.6240
CentroidY: 0.0215
