Location: Dedata_14.png_Otsu.png
Component: component_1755519998003_48.png
centerX: 0.022983870967741935
centerY: 0.10686805357651753
width: 0.039112903225806454
height: 0.02336848104873183
Area: 0.0003569163165684553
CentroidX: 0.0424
CentroidY: 0.1171
