Location: internet_24.png_Gaussian-Median.png
Component: component_1755081215868_298.png
centerX: 0.5610640870616687
centerY: 0.8933561448531508
width: 0.05239822652156389
height: 0.03735386370116909
Area: 0.0008030234228382068
CentroidX: 0.5863
CentroidY: 0.9093
