Location: Dedata_14.png_Otsu.png
Component: component_1755519998193_330.png
centerX: 0.6741935483870968
centerY: 0.7227130236534626
width: 0.049193548387096775
height: 0.029068110572812767
Area: 0.0006289127497035274
CentroidX: 0.6984
CentroidY: 0.7348
