Location: internet_24.png_Gaussian-Median.png
Component: component_1755081215833_136.png
centerX: 0.7771060056428859
centerY: 0.3473053892215569
width: 0.051592099959693674
height: 0.029369831765041345
Area: 0.0006215472550034381
CentroidX: 0.8022
CentroidY: 0.3597
