Location: internet_24.png_Otsu.png
Component: component_1755081216051_1270.png
centerX: 0.841193067311568
centerY: 0.8106643855146849
width: 0.04675534058847239
height: 0.03706871970345024
Area: 0.0007357887438113926
CentroidX: 0.8631
CentroidY: 0.8258
