Location: internet_24.png_Otsu.png
Component: component_1755081216004_892.png
centerX: 0.9222087867795243
centerY: 0.3818078129455375
width: 0.0592503022974607
height: 0.02879954376960365
Area: 0.0004967321072716086
CentroidX: 0.9513
CentroidY: 0.3935
