Location: internet_24.png_Mean-Medain.png
Component: component_1755081215750_236.png
centerX: 0.46110439338976217
centerY: 0.8309096093527232
width: 0.05280128980249899
height: 0.03592814371257485
Area: 0.0008892217292828404
CentroidX: 0.4862
CentroidY: 0.8460
