Location: Dedata_14.png_Otsu.png
Component: component_1755519998002_43.png
centerX: 0.3443548387096774
centerY: 0.09546879452835566
width: 0.038306451612903226
height: 0.021373610715303505
Area: 0.00031600768530690664
CentroidX: 0.3637
CentroidY: 0.1060
