Location: internet_24.png_Otsu.png
Component: component_1755081216002_881.png
centerX: 0.17896009673518742
centerY: 0.33219275734245796
width: 0.058847239016525596
height: 0.03507271171941831
Area: 0.0006278684641427113
CentroidX: 0.2091
CentroidY: 0.3464
