Location: Dedata_14.png_Mean-Medain.png
Component: component_1755519998511_48.png
centerX: 0.0810483870967742
centerY: 0.10515816471929325
width: 0.034274193548387094
height: 0.02821316614420063
Area: 0.00040989069581444946
CentroidX: 0.0992
CentroidY: 0.1173
