Location: Dedata_14.png_Mean-Closing.png
Component: component_1755519998314_167.png
centerX: 0.55
centerY: 0.4200626959247649
width: 0.0375
height: 0.025648332858364205
Area: 0.0005427288355289165
CentroidX: 0.5699
CentroidY: 0.4320
