Location: Dedata_14.png_Otsu.png
Component: component_1755519998001_39.png
centerX: 0.5907258064516129
centerY: 0.08891422057566258
width: 0.035483870967741936
height: 0.025078369905956112
Area: 0.00029291039630811096
CentroidX: 0.6085
CentroidY: 0.0998
