Location: Dedata_14.png_Mean-Medain.png
Component: component_1755519998514_68.png
centerX: 0.9060483870967742
centerY: 0.15816471929324594
width: 0.03508064516129032
height: 0.021373610715303505
Area: 0.0003715101260353561
CentroidX: 0.9243
CentroidY: 0.1676
