Location: internet_24.png_Mean-Medain.png
Component: component_1755081215687_99.png
centerX: 0.9209995969367191
centerY: 0.3324779013401768
width: 0.05602579604997985
height: 0.03165098374679213
Area: 0.0007069410439212552
CentroidX: 0.9491
CentroidY: 0.3465
