Location: internet_24.png_Gaussian-Median.png
Component: component_1755081215824_99.png
centerX: 0.44619105199516323
centerY: 0.21243227830054176
width: 0.054816606207174524
height: 0.03421727972626176
Area: 0.0006294774991963444
CentroidX: 0.4727
CentroidY: 0.2254
