Location: internet_24.png_Gaussian-Median.png
Component: component_1755081215821_78.png
centerX: 0.5981459089076985
centerY: 0.1568291987453664
width: 0.053204353083434096
height: 0.040490447676076416
Area: 0.0007357887438113926
CentroidX: 0.6251
CentroidY: 0.1721
