Location: internet_24.png_Gaussian-Closing.png
Component: component_1755081215336_246.png
centerX: 0.7222893994357114
centerY: 0.887368120901055
width: 0.0471584038694075
height: 0.039064727687482176
Area: 0.0007362484681124307
CentroidX: 0.7457
CentroidY: 0.9036
