Location: Dedata_14.png_Gaussian-Closing.png
Component: component_1755519998421_157.png
centerX: 0.39233870967741935
centerY: 0.38928469649472786
width: 0.039919354838709675
height: 0.02365346252493588
Area: 0.0005257218764651265
CentroidX: 0.4116
CentroidY: 0.4015
