Location: Dedata_14.png_Otsu.png
Component: component_1755519998194_333.png
centerX: 0.4637096774193548
centerY: 0.7312624679395839
width: 0.04879032258064516
height: 0.029353092049016812
Area: 0.0006422425284292005
CentroidX: 0.4875
CentroidY: 0.7445
