Location: Dedata_14.png_Otsu.png
Component: component_1755519998223_350.png
centerX: 0.03024193548387097
centerY: 0.7933884297520661
width: 0.04596774193548387
height: 0.032487888287261325
Area: 0.000678439772382537
CentroidX: 0.0534
CentroidY: 0.8077
