Location: Dedata_14.png_Otsu.png
Component: component_1755519998012_116.png
centerX: 0.9423387096774194
centerY: 0.23140495867768596
width: 0.032661290322580645
height: 0.025648332858364205
Area: 0.00039426267937745337
CentroidX: 0.9599
CentroidY: 0.2430
