Location: internet_24.png_Mean-Medain.png
Component: component_1755081215569_9.png
centerX: 0.0773881499395405
centerY: 0.010835471913316224
width: 0.03869407496977025
height: 0.03364699173082407
Area: 0.0006120079757568987
CentroidX: 0.0969
CentroidY: 0.0241
