Location: Dedata_14.png_Mean-Closing.png
Component: component_1755519998310_145.png
centerX: 0.7479838709677419
centerY: 0.36363636363636365
width: 0.03951612903225806
height: 0.024793388429752067
Area: 0.0005857058807306558
CentroidX: 0.7682
CentroidY: 0.3760
