Location: internet_24.png_Gaussian-Median.png
Component: component_1755081215866_291.png
centerX: 0.020556227327690448
centerY: 0.8545765611633875
width: 0.041515517936316
height: 0.036783575705731396
Area: 0.0008286530526210779
CentroidX: 0.0412
CentroidY: 0.8708
