Location: Dedata_14.png_Gaussian-Closing.png
Component: component_1755519998441_240.png
centerX: 0.9330645161290323
centerY: 0.6563123396979197
width: 0.0467741935483871
height: 0.0262182958107723
Area: 0.0006622371965177102
CentroidX: 0.9565
CentroidY: 0.6690
