Location: Dedata_14.png_Otsu.png
Component: component_1755519998002_40.png
centerX: 0.5318548387096774
centerY: 0.08976916500427472
width: 0.03346774193548387
height: 0.025078369905956112
Area: 0.00027682273232885026
CentroidX: 0.5488
CentroidY: 0.1008
