Location: Dedata_14.png_Gaussian-Closing.png
Component: component_1755519998398_69.png
centerX: 0.7290322580645161
centerY: 0.16186947848389854
width: 0.03790322580645161
height: 0.0219435736677116
Area: 0.00035749087599628606
CentroidX: 0.7465
CentroidY: 0.1723
