Location: internet_24.png_Otsu.png
Component: component_1755081215994_791.png
centerX: 0.6070133010882709
centerY: 0.20786997433704021
width: 0.04514308746473196
height: 0.031936127744510975
Area: 0.00047834313523008684
CentroidX: 0.6322
CentroidY: 0.2203
