Location: internet_24.png_Mean-Medain.png
Component: component_1755081215699_122.png
centerX: 0.939540507859734
centerY: 0.42115768463073855
width: 0.05239822652156389
height: 0.03051040775591674
Area: 0.0005253499450112271
CentroidX: 0.9656
CentroidY: 0.4324
