Location: Dedata_14.png_Otsu.png
Component: component_1755519998029_238.png
centerX: 0.6629032258064517
centerY: 0.4123681960672556
width: 0.0407258064516129
height: 0.023083499572527786
Area: 0.0005072210628889768
CentroidX: 0.6831
CentroidY: 0.4247
