Location: internet_24.png_Gaussian-Closing.png
Component: component_1755081215326_201.png
centerX: 0.8004836759371221
centerY: 0.6966067864271457
width: 0.04917372027408303
height: 0.039635015682919876
Area: 0.0005989058331773144
CentroidX: 0.8236
CentroidY: 0.7116
