Location: internet_24.png_Otsu.png
Component: component_1755081216005_894.png
centerX: 0.8548972188633616
centerY: 0.3869404049044768
width: 0.04877065699314793
height: 0.030795551753635585
Area: 0.00044558777878112607
CentroidX: 0.8796
CentroidY: 0.3988
