Location: Dedata_14.png_Mean-Closing.png
Component: component_1755519998331_243.png
centerX: 0.5189516129032258
centerY: 0.6791108577942434
width: 0.05120967741935484
height: 0.030208036477628954
Area: 0.0007703692808354554
CentroidX: 0.5447
CentroidY: 0.6921
