Location: Dedata_14.png_Gaussian-Closing.png
Component: component_1755519998395_53.png
centerX: 0.6733870967741935
centerY: 0.12453690510116842
width: 0.03346774193548387
height: 0.025933314334568254
Area: 0.00033450849888305646
CentroidX: 0.6912
CentroidY: 0.1357
