Location: Dedata_14.png_Gaussian-Closing.png
Component: component_1755519998402_83.png
centerX: 0.01975806451612903
centerY: 0.20262182958107722
width: 0.03588709677419355
height: 0.02536335138216016
Area: 0.00033485323453975494
CentroidX: 0.0377
CentroidY: 0.2126
