Location: Dedata_14.png_Otsu.png
Component: component_1755519997999_26.png
centerX: 0.42379032258064514
centerY: 0.05129666571672841
width: 0.032661290322580645
height: 0.023938444001139925
Area: 0.00031669715662030354
CentroidX: 0.4411
CentroidY: 0.0614
