Location: internet_24.png_Mean-Medain.png
Component: component_1755081215725_178.png
centerX: 0.501813784764208
centerY: 0.6065012831479898
width: 0.04433696090286175
height: 0.03051040775591674
Area: 0.0006097093542517084
CentroidX: 0.5235
CentroidY: 0.6198
