Location: internet_24.png_Mean-Medain.png
Component: component_1755081215568_7.png
centerX: 0.19830713422007254
centerY: 0.009694895922440832
width: 0.037081821846029824
height: 0.03592814371257485
Area: 0.0006618880624195267
CentroidX: 0.2158
CentroidY: 0.0252
