Location: internet_24.png_Gaussian-Closing.png
Component: component_1755081215307_129.png
centerX: 0.713422007255139
centerY: 0.43627031650983744
width: 0.05763804917372027
height: 0.034787567721699456
Area: 0.0005679893739325058
CentroidX: 0.7422
CentroidY: 0.4505
