Location: internet_24.png_Gaussian-Closing.png
Component: component_1755081215289_46.png
centerX: 0.8323256751309955
centerY: 0.1562589107499287
width: 0.04917372027408303
height: 0.032506415739948676
Area: 0.0006326955693036108
CentroidX: 0.8576
CentroidY: 0.1694
