Location: Dedata_14.png_Mean-Medain.png
Component: component_1755519998544_190.png
centerX: 0.2854838709677419
centerY: 0.4861783984041037
width: 0.04032258064516129
height: 0.025078369905956112
Area: 0.0005999549545408581
CentroidX: 0.3060
CentroidY: 0.4992
