Location: internet_24.png_Gaussian-Median.png
Component: component_1755081215835_148.png
centerX: 0.08786779524385328
centerY: 0.392072996863416
width: 0.060056428859330914
height: 0.031936127744510975
Area: 0.0006662554432793882
CentroidX: 0.1160
CentroidY: 0.4042
