Location: Dedata_14.png_Mean-Closing.png
Component: component_1755519998327_228.png
centerX: 0.5818548387096775
centerY: 0.6149900256483328
width: 0.05120967741935484
height: 0.028783129096608722
Area: 0.0008273655760762648
CentroidX: 0.6076
CentroidY: 0.6287
