Location: Dedata_14.png_Mean-Closing.png
Component: component_1755519998288_70.png
centerX: 0.6100806451612903
centerY: 0.16842405243659161
width: 0.03225806451612903
height: 0.02365346252493588
Area: 0.00037909431048272185
CentroidX: 0.6263
CentroidY: 0.1794
