Location: internet_24.png_Gaussian-Closing.png
Component: component_1755081215330_220.png
centerX: 0.5368802902055623
centerY: 0.7670373538637012
width: 0.051189036678758564
height: 0.036783575705731396
Area: 0.000589826278231813
CentroidX: 0.5609
CentroidY: 0.7813
