Location: internet_24.png_Gaussian-Median.png
Component: component_1755081215849_206.png
centerX: 0.24062877871825877
centerY: 0.5725691474194469
width: 0.0471584038694075
height: 0.03735386370116909
Area: 0.0006280983262932303
CentroidX: 0.2642
CentroidY: 0.5878
