Location: Dedata_14.png_Mean-Closing.png
Component: component_1755519998322_207.png
centerX: 0.22056451612903225
centerY: 0.5414648047876888
width: 0.04233870967741935
height: 0.02707324023938444
Area: 0.0006692468215372452
CentroidX: 0.2429
CentroidY: 0.5542
