Location: Dedata_14.png_Otsu.png
Component: component_1755519997991_1.png
centerX: 0.25161290322580643
centerY: 0.00883442576232545
width: 0.04032258064516129
height: 0.02707324023938444
Area: 0.0003710504784930915
CentroidX: 0.2714
CentroidY: 0.0198
