Location: internet_24.png_Otsu.png
Component: component_1755081216040_1157.png
centerX: 0.5856509471987102
centerY: 0.7097234103222128
width: 0.03990326481257558
height: 0.033932135728542916
Area: 0.00048454941329410047
CentroidX: 0.6055
CentroidY: 0.7231
