Location: Dedata_14.png_Otsu.png
Component: component_1755519998141_264.png
centerX: 0.9237903225806452
centerY: 0.4870333428327159
width: 0.045564516129032256
height: 0.024508406953548018
Area: 0.000623971538624183
CentroidX: 0.9464
CentroidY: 0.4994
