Location: Dedata_14.png_Otsu.png
Component: component_1755519998026_228.png
centerX: 0.45241935483870965
centerY: 0.3847249928754631
width: 0.045564516129032256
height: 0.02365346252493588
Area: 0.0005184824276744592
CentroidX: 0.4742
CentroidY: 0.3974
