Location: Dedata_14.png_Gaussian-Closing.png
Component: component_1755519998385_12.png
centerX: 0.48629032258064514
centerY: 0.011399259048161869
width: 0.03951612903225806
height: 0.02792818466799658
Area: 0.00042299065076899033
CentroidX: 0.5066
CentroidY: 0.0225
