Location: internet_24.png_Mean-Medain.png
Component: component_1755081215714_150.png
centerX: 0.31519548569125355
centerY: 0.5186769318505845
width: 0.051592099959693674
height: 0.03364699173082407
Area: 0.0005914353132854462
CentroidX: 0.3398
CentroidY: 0.5322
