Location: internet_24.png_Mean-Medain.png
Component: component_1755081215657_63.png
centerX: 0.8460298266827891
centerY: 0.19931565440547477
width: 0.046352277307537285
height: 0.03706871970345024
Area: 0.0006290177748953064
CentroidX: 0.8687
CentroidY: 0.2133
