Location: Dedata_14.png_Mean-Medain.png
Component: component_1755519998533_143.png
centerX: 0.9129032258064517
centerY: 0.3539469934454261
width: 0.046370967741935484
height: 0.025933314334568254
Area: 0.0006178812086891772
CentroidX: 0.9344
CentroidY: 0.3681
