Location: Dedata_14.png_Mean-Medain.png
Component: component_1755519998514_65.png
centerX: 0.07943548387096774
centerY: 0.15388999715018523
width: 0.036290322580645164
height: 0.022513536620119692
Area: 0.00037622151334356816
CentroidX: 0.0981
CentroidY: 0.1637
