Location: internet_24.png_Gaussian-Closing.png
Component: component_1755081215335_239.png
centerX: 0.23337363966142685
centerY: 0.8411747932706016
width: 0.04836759371221282
height: 0.036213287710293696
Area: 0.0008335950888572369
CentroidX: 0.2569
CentroidY: 0.8565
