Location: Dedata_14.png_Mean-Closing.png
Component: component_1755519998330_240.png
centerX: 0.7322580645161291
centerY: 0.664861783984041
width: 0.04435483870967742
height: 0.025933314334568254
Area: 0.0006969405859586869
CentroidX: 0.7550
CentroidY: 0.6775
