Location: internet_24.png_Otsu.png
Component: component_1755081215977_10.png
centerX: 0.7110036275695284
centerY: 0.009409751924721984
width: 0.044740024183796856
height: 0.03706871970345024
Area: 0.00039306427738752933
CentroidX: 0.7328
CentroidY: 0.0249
