Location: Dedata_14.png_Mean-Closing.png
Component: component_1755519998333_253.png
centerX: 0.8076612903225806
centerY: 0.7184383015104018
width: 0.04758064516129032
height: 0.026503277286976348
Area: 0.0007145221044503075
CentroidX: 0.8311
CentroidY: 0.7309
