Location: internet_24.png_Gaussian-Closing.png
Component: component_1755081215301_104.png
centerX: 0.014913341394598953
centerY: 0.34302822925577414
width: 0.04917372027408303
height: 0.033361847733105215
Area: 0.0005968370738226432
CentroidX: 0.0402
CentroidY: 0.3562
