Location: internet_24.png_Gaussian-Median.png
Component: component_1755081215810_7.png
centerX: 0.19830713422007254
centerY: 0.009694895922440832
width: 0.037081821846029824
height: 0.03592814371257485
Area: 0.0005823557583399448
CentroidX: 0.2157
CentroidY: 0.0250
