Location: internet_24.png_Gaussian-Closing.png
Component: component_1755081215284_16.png
centerX: 0.686819830713422
centerY: 0.057028799543769604
width: 0.05965336557839581
height: 0.039635015682919876
Area: 0.0008080803901496254
CentroidX: 0.7181
CentroidY: 0.0725
