Location: Dedata_14.png_Mean-Closing.png
Component: component_1755519998300_103.png
centerX: 0.5637096774193548
centerY: 0.2527785693929895
width: 0.034274193548387094
height: 0.0219435736677116
Area: 0.0003828864027064047
CentroidX: 0.5812
CentroidY: 0.2626
