Location: internet_24.png_Mean-Medain.png
Component: component_1755081215678_86.png
centerX: 0.18057234985892784
centerY: 0.28286284573709725
width: 0.06166868198307134
height: 0.036213287710293696
Area: 0.0007265942577906316
CentroidX: 0.2106
CentroidY: 0.2966
