Location: Dedata_14.png_Gaussian-Closing.png
Component: component_1755519998390_36.png
centerX: 0.8875
centerY: 0.08150470219435736
width: 0.03951612903225806
height: 0.028783129096608722
Area: 0.0003252006361521985
CentroidX: 0.9060
CentroidY: 0.0933
