Location: Dedata_14.png_Gaussian-Closing.png
Component: component_1755519998402_82.png
centerX: 0.0810483870967742
centerY: 0.201196922200057
width: 0.035483870967741936
height: 0.022798518096323737
Area: 0.0003196848656450234
CentroidX: 0.0992
CentroidY: 0.2107
