Location: Dedata_14.png_Gaussian-Closing.png
Component: component_1755519998402_81.png
centerX: 0.8298387096774194
centerY: 0.1989170703904246
width: 0.03669354838709677
height: 0.02336848104873183
Area: 0.00035450316697156623
CentroidX: 0.8494
CentroidY: 0.2094
