Location: internet_24.png_Gaussian-Closing.png
Component: component_1755081215316_166.png
centerX: 0.39500201531640466
centerY: 0.5614485315084118
width: 0.04877065699314793
height: 0.03592814371257485
Area: 0.00046029895641434355
CentroidX: 0.4182
CentroidY: 0.5752
