Location: internet_24.png_Mean-Medain.png
Component: component_1755081215695_115.png
centerX: 0.08746473196291818
centerY: 0.392072996863416
width: 0.060459492140266025
height: 0.031936127744510975
Area: 0.0006917701419869997
CentroidX: 0.1160
CentroidY: 0.4042
