Location: internet_24.png_Gaussian-Median.png
Component: component_1755081215848_204.png
centerX: 0.39500201531640466
centerY: 0.5614485315084118
width: 0.04917372027408303
height: 0.03592814371257485
Area: 0.0004699531667361425
CentroidX: 0.4183
CentroidY: 0.5752
