Location: Dedata_14.png_Otsu.png
Component: component_1755519998070_251.png
centerX: 0.769758064516129
centerY: 0.4462809917355372
width: 0.039919354838709675
height: 0.02792818466799658
Area: 0.0005606550896772355
CentroidX: 0.7902
CentroidY: 0.4592
