Location: Dedata_14.png_Mean-Closing.png
Component: component_1755519998302_112.png
centerX: 0.8608870967741935
centerY: 0.2767170133941294
width: 0.03790322580645161
height: 0.022228555143915644
Area: 0.0005075657985456752
CentroidX: 0.8807
CentroidY: 0.2872
