Location: Dedata_14.png_Mean-Medain.png
Component: component_1755519998537_158.png
centerX: 0.8955645161290322
centerY: 0.3958392704474209
width: 0.04032258064516129
height: 0.022798518096323737
Area: 0.0006008742496253872
CentroidX: 0.9165
CentroidY: 0.4083
