Location: Dedata_14.png_Gaussian-Closing.png
Component: component_1755519998442_249.png
centerX: 0.307258064516129
centerY: 0.6902251353662012
width: 0.04959677419354839
height: 0.031062980906241093
Area: 0.0007238299671811655
CentroidX: 0.3328
CentroidY: 0.7034
