Location: internet_24.png_Otsu.png
Component: component_1755081216042_1204.png
centerX: 0.9286577992744861
centerY: 0.7450812660393499
width: 0.046352277307537285
height: 0.03706871970345024
Area: 0.0007429144704774823
CentroidX: 0.9503
CentroidY: 0.7601
