Location: Dedata_14.png_Mean-Closing.png
Component: component_1755519998300_101.png
centerX: 0.6766129032258065
centerY: 0.24650897691650042
width: 0.042741935483870966
height: 0.023938444001139925
Area: 0.0003809329006517802
CentroidX: 0.6954
CentroidY: 0.2577
