Location: Dedata_14.png_Mean-Medain.png
Component: component_1755519998534_146.png
centerX: 0.8032258064516129
centerY: 0.3605015673981191
width: 0.0407258064516129
height: 0.026788258763180393
Area: 0.0005784664319399885
CentroidX: 0.8223
CentroidY: 0.3742
