Location: Dedata_14.png_Otsu.png
Component: component_1755519998017_169.png
centerX: 0.9233870967741935
centerY: 0.2750071245369051
width: 0.044758064516129036
height: 0.0219435736677116
Area: 0.0004795272984675351
CentroidX: 0.9439
CentroidY: 0.2868
