Location: Dedata_14.png_Otsu.png
Component: component_1755519998013_127.png
centerX: 0.13951612903225807
centerY: 0.24052436591621545
width: 0.0407258064516129
height: 0.022513536620119692
Area: 0.00025177194127543
CentroidX: 0.1585
CentroidY: 0.2511
