Location: Dedata_14.png_Gaussian-Closing.png
Component: component_1755519998400_76.png
centerX: 0.2770161290322581
centerY: 0.18865773724707893
width: 0.04758064516129032
height: 0.022513536620119692
Area: 0.000404834572849539
CentroidX: 0.2988
CentroidY: 0.2002
