Location: internet_24.png_Gaussian-Closing.png
Component: component_1755081215295_77.png
centerX: 0.10721483272873841
centerY: 0.2249786142001711
width: 0.06086255542120113
height: 0.04448246364414029
Area: 0.0008477316111141568
CentroidX: 0.1363
CentroidY: 0.2421
