Location: internet_24.png_Mean-Medain.png
Component: component_1755081215656_61.png
centerX: 0.012898024989923419
centerY: 0.16909039064727688
width: 0.04675534058847239
height: 0.042486455660108356
Area: 0.0007907257977854391
CentroidX: 0.0367
CentroidY: 0.1850
