Location: Dedata_14.png_Mean-Medain.png
Component: component_1755519998500_10.png
centerX: 0.43588709677419357
centerY: 0.011114277571957822
width: 0.031048387096774193
height: 0.02821316614420063
Area: 0.00043861866720598647
CentroidX: 0.4519
CentroidY: 0.0226
