Location: Dedata_14.png_Mean-Closing.png
Component: component_1755519998314_165.png
centerX: 0.017741935483870968
centerY: 0.4135081219720718
width: 0.03870967741935484
height: 0.026788258763180393
Area: 0.0006229373316540876
CentroidX: 0.0376
CentroidY: 0.4267
