Location: internet_24.png_Gaussian-Closing.png
Component: component_1755081215311_145.png
centerX: 0.6783555018137848
centerY: 0.4921585400627317
width: 0.046352277307537285
height: 0.03307670373538637
Area: 0.0005459226074826796
CentroidX: 0.7011
CentroidY: 0.5058
