Location: Dedata_14.png_Gaussian-Closing.png
Component: component_1755519998412_116.png
centerX: 0.8060483870967742
centerY: 0.27842690225135364
width: 0.039919354838709675
height: 0.02365346252493588
Area: 0.00047366679230366156
CentroidX: 0.8261
CentroidY: 0.2897
