Location: internet_24.png_Gaussian-Median.png
Component: component_1755081215816_36.png
centerX: 0.860540104796453
centerY: 0.06330196749358426
width: 0.05280128980249899
height: 0.039635015682919876
Area: 0.0006977465579004943
CentroidX: 0.8869
CentroidY: 0.0794
