Location: Dedata_14.png_Mean-Closing.png
Component: component_1755519998293_74.png
centerX: 0.34516129032258064
centerY: 0.18381305215161015
width: 0.04112903225806452
height: 0.026503277286976348
Area: 0.0004097757839288833
CentroidX: 0.3653
CentroidY: 0.1944
