Location: Dedata_14.png_Mean-Medain.png
Component: component_1755519998543_186.png
centerX: 0.02217741935483871
centerY: 0.46480478768880024
width: 0.043548387096774194
height: 0.024508406953548018
Area: 0.0006147785877788912
CentroidX: 0.0436
CentroidY: 0.4767
