Location: Dedata_14.png_Mean-Closing.png
Component: component_1755519998319_190.png
centerX: 0.21733870967741936
centerY: 0.49045312054716445
width: 0.04233870967741935
height: 0.02821316614420063
Area: 0.000638795171862216
CentroidX: 0.2401
CentroidY: 0.5038
