Location: Dedata_14.png_Gaussian-Closing.png
Component: component_1755519998429_193.png
centerX: 0.21733870967741936
centerY: 0.49045312054716445
width: 0.04233870967741935
height: 0.02821316614420063
Area: 0.0005907620036955662
CentroidX: 0.2400
CentroidY: 0.5038
