Location: Dedata_14.png_Otsu.png
Component: component_1755519998189_327.png
centerX: 0.8729838709677419
centerY: 0.7147335423197492
width: 0.04596774193548387
height: 0.029923055001424906
Area: 0.0006886669301979242
CentroidX: 0.8964
CentroidY: 0.7288
