Location: internet_24.png_Gaussian-Median.png
Component: component_1755081215843_184.png
centerX: 0.46432889963724305
centerY: 0.5104077559167379
width: 0.049576783555018135
height: 0.033932135728542916
Area: 0.0005327055338278357
CentroidX: 0.4883
CentroidY: 0.5227
