Location: Dedata_14.png_Mean-Closing.png
Component: component_1755519998307_129.png
centerX: 0.12580645161290321
centerY: 0.3220290681105728
width: 0.041935483870967745
height: 0.0262182958107723
Area: 0.0005638726224730876
CentroidX: 0.1462
CentroidY: 0.3351
