Location: Dedata_14.png_Mean-Closing.png
Component: component_1755519998301_107.png
centerX: 0.3254032258064516
centerY: 0.2647477913935594
width: 0.0375
height: 0.022228555143915644
Area: 0.00044367479017089694
CentroidX: 0.3449
CentroidY: 0.2753
