Location: Dedata_14.png_Gaussian-Closing.png
Component: component_1755519998429_194.png
centerX: 0.8629032258064516
centerY: 0.49045312054716445
width: 0.038306451612903226
height: 0.02536335138216016
Area: 0.000559505970821574
CentroidX: 0.8831
CentroidY: 0.5031
