Location: internet_24.png_Otsu.png
Component: component_1755081215998_864.png
centerX: 0.6110439338976219
centerY: 0.25805531793555747
width: 0.04836759371221282
height: 0.030795551753635585
Area: 0.000500180039529394
CentroidX: 0.6346
CentroidY: 0.2703
