Location: Dedata_14.png_Otsu.png
Component: component_1755519998186_322.png
centerX: 0.23790322580645162
centerY: 0.6919350242234255
width: 0.043548387096774194
height: 0.029923055001424906
Area: 0.0005976567168295351
CentroidX: 0.2606
CentroidY: 0.7038
