Location: internet_24.png_Gaussian-Median.png
Component: component_1755081215844_189.png
centerX: 0.7855703345425232
centerY: 0.5243798118049615
width: 0.04514308746473196
height: 0.03706871970345024
Area: 0.0006790127926331939
CentroidX: 0.8088
CentroidY: 0.5401
