Location: Dedata_14.png_Mean-Medain.png
Component: component_1755519998547_202.png
centerX: 0.4899193548387097
centerY: 0.5223710458820177
width: 0.035483870967741936
height: 0.025933314334568254
Area: 0.0005863953520440526
CentroidX: 0.5075
CentroidY: 0.5354
