Location: internet_24.png_Gaussian-Median.png
Component: component_1755081215863_276.png
centerX: 0.9081015719467956
centerY: 0.8098089535215284
width: 0.049979846835953246
height: 0.03592814371257485
Area: 0.0007459026784342296
CentroidX: 0.9319
CentroidY: 0.8245
