Location: Dedata_14.png_Mean-Closing.png
Component: component_1755519998338_277.png
centerX: 0.10080645161290322
centerY: 0.7965232259903107
width: 0.05
height: 0.030777999430037048
Area: 0.0007416413094439184
CentroidX: 0.1262
CentroidY: 0.8098
