Location: Dedata_14.png_Gaussian-Closing.png
Component: component_1755519998422_165.png
centerX: 0.717741935483871
centerY: 0.4069535480193787
width: 0.039112903225806454
height: 0.025933314334568254
Area: 0.0005308929113156032
CentroidX: 0.7376
CentroidY: 0.4197
