Location: internet_24.png_Otsu.png
Component: component_1755081215992_726.png
centerX: 0.18097541313986296
centerY: 0.1639577986883376
width: 0.06972994760177348
height: 0.03877958368976333
Area: 0.0008409506776738456
CentroidX: 0.2143
CentroidY: 0.1794
