Location: Dedata_14.png_Mean-Medain.png
Component: component_1755519998538_162.png
centerX: 0.7786290322580646
centerY: 0.40267882587631804
width: 0.04032258064516129
height: 0.023083499572527786
Area: 0.000575823458571967
CentroidX: 0.7987
CentroidY: 0.4146
