Location: Dedata_14.png_Mean-Closing.png
Component: component_1755519998336_267.png
centerX: 0.7758064516129032
centerY: 0.7700199487033342
width: 0.04395161290322581
height: 0.0353377030493018
Area: 0.0007629000082736558
CentroidX: 0.7984
CentroidY: 0.7860
