Location: Dedata_14.png_Mean-Medain.png
Component: component_1755519998567_268.png
centerX: 0.8375
centerY: 0.7688800227985181
width: 0.04435483870967742
height: 0.030493017953833
Area: 0.0007362404508223095
CentroidX: 0.8601
CentroidY: 0.7827
