Location: internet_24.png_Mean-Medain.png
Component: component_1755081215722_169.png
centerX: 0.841596130592503
centerY: 0.579697747362418
width: 0.04836759371221282
height: 0.03222127174222983
Area: 0.0006387869162923649
CentroidX: 0.8657
CentroidY: 0.5933
