Location: Dedata_14.png_Otsu.png
Component: component_1755519998179_304.png
centerX: 0.5084677419354838
centerY: 0.6215445996010259
width: 0.04879032258064516
height: 0.02792818466799658
Area: 0.0006663740243980916
CentroidX: 0.5324
CentroidY: 0.6341
