Location: internet_24.png_Gaussian-Closing.png
Component: component_1755081215290_49.png
centerX: 0.4429665457476824
centerY: 0.15882520672939834
width: 0.053204353083434096
height: 0.03792415169660679
Area: 0.0006830353802672768
CentroidX: 0.4698
CentroidY: 0.1734
