Location: internet_24.png_Mean-Medain.png
Component: component_1755081215667_69.png
centerX: 0.44578798871422814
centerY: 0.21243227830054176
width: 0.055219669488109635
height: 0.03421727972626176
Area: 0.000679702379084751
CentroidX: 0.4726
CentroidY: 0.2254
