Location: Dedata_14.png_Mean-Closing.png
Component: component_1755519998280_34.png
centerX: 0.8290322580645161
centerY: 0.08121972071815332
width: 0.03508064516129032
height: 0.02336848104873183
Area: 0.00033152078985833664
CentroidX: 0.8460
CentroidY: 0.0912
