Location: Dedata_14.png_Mean-Closing.png
Component: component_1755519998296_83.png
centerX: 0.7649193548387097
centerY: 0.20319179253348532
width: 0.035483870967741936
height: 0.021373610715303505
Area: 0.0004248292409380487
CentroidX: 0.7838
CentroidY: 0.2128
