Location: internet_24.png_Gaussian-Closing.png
Component: component_1755081215287_30.png
centerX: 0.6735187424425635
centerY: 0.10407755916737953
width: 0.05078597339782346
height: 0.03792415169660679
Area: 0.0007685441002603533
CentroidX: 0.6987
CentroidY: 0.1193
