Location: Dedata_14.png_Otsu.png
Component: component_1755519998030_240.png
centerX: 0.018145161290322582
centerY: 0.41379310344827586
width: 0.03790322580645161
height: 0.0262182958107723
Area: 0.0005435332187278795
CentroidX: 0.0377
CentroidY: 0.4267
