Location: Dedata_14.png_Gaussian-Closing.png
Component: component_1755519998427_185.png
centerX: 0.0846774193548387
centerY: 0.46138500997435167
width: 0.03790322580645161
height: 0.029068110572812767
Area: 0.0005390516551907996
CentroidX: 0.1045
CentroidY: 0.4744
