Location: internet_24.png_Mean-Medain.png
Component: component_1755081215746_225.png
centerX: 0.23498589278516727
centerY: 0.7881380096948959
width: 0.04514308746473196
height: 0.03450242372398061
Area: 0.0006009745925319856
CentroidX: 0.2571
CentroidY: 0.8017
