Location: internet_24.png_Gaussian-Median.png
Component: component_1755081215827_112.png
centerX: 0.6110439338976219
centerY: 0.25777017393783863
width: 0.04836759371221282
height: 0.03136583974907328
Area: 0.0005330503270536143
CentroidX: 0.6346
CentroidY: 0.2703
