Location: internet_24.png_Gaussian-Closing.png
Component: component_1755081215291_51.png
centerX: 0.3571140669085046
centerY: 0.15996578272027373
width: 0.053607416364369206
height: 0.037639007698887936
Area: 0.0007233761876833653
CentroidX: 0.3852
CentroidY: 0.1743
