Location: Dedata_14.png_Mean-Closing.png
Component: component_1755519998314_164.png
centerX: 0.07540322580645162
centerY: 0.41293815901966374
width: 0.04153225806451613
height: 0.029068110572812767
Area: 0.0006201794464005001
CentroidX: 0.0967
CentroidY: 0.4265
