Location: Dedata_14.png_Mean-Closing.png
Component: component_1755519998321_202.png
centerX: 0.3556451612903226
centerY: 0.530350527215731
width: 0.04032258064516129
height: 0.02707324023938444
Area: 0.0006814274814072569
CentroidX: 0.3762
CentroidY: 0.5439
