Location: internet_24.png_Otsu.png
Component: component_1755081216055_1299.png
centerX: 0.6449012494961709
centerY: 0.8905047048759623
width: 0.051592099959693674
height: 0.042486455660108356
Area: 0.00079049593563492
CentroidX: 0.6692
CentroidY: 0.9076
