Location: Dedata_14.png_Mean-Closing.png
Component: component_1755519998304_120.png
centerX: 0.5064516129032258
centerY: 0.29353092049016816
width: 0.0407258064516129
height: 0.02821316614420063
Area: 0.0005450270732402394
CentroidX: 0.5277
CentroidY: 0.3062
