Location: Dedata_14.png_Otsu.png
Component: component_1755519998020_201.png
centerX: 0.9197580645161291
centerY: 0.31518951268167567
width: 0.04032258064516129
height: 0.0262182958107723
Area: 0.000536178858051646
CentroidX: 0.9402
CentroidY: 0.3270
