Location: Dedata_14.png_Gaussian-Closing.png
Component: component_1755519998425_176.png
centerX: 0.9443548387096774
centerY: 0.44200626959247646
width: 0.0407258064516129
height: 0.024508406953548018
Area: 0.0005697331286369612
CentroidX: 0.9663
CentroidY: 0.4541
