Location: Dedata_14.png_Gaussian-Closing.png
Component: component_1755519998410_102.png
centerX: 0.025
centerY: 0.24650897691650042
width: 0.035483870967741936
height: 0.024223425477343973
Area: 0.0003428970665293853
CentroidX: 0.0426
CentroidY: 0.2562
