Location: internet_24.png_Gaussian-Closing.png
Component: component_1755081215278_2.png
centerX: 0.6320032245062475
centerY: 0.007413743940690049
width: 0.04353083434099154
height: 0.036783575705731396
Area: 0.00063051187887368
CentroidX: 0.6528
CentroidY: 0.0232
