Location: Dedata_14.png_Mean-Medain.png
Component: component_1755519998545_194.png
centerX: 0.7967741935483871
centerY: 0.49501282416642917
width: 0.04959677419354839
height: 0.024223425477343973
Area: 0.0006671784075970546
CentroidX: 0.8206
CentroidY: 0.5074
