Location: internet_24.png_Gaussian-Closing.png
Component: component_1755081215331_222.png
centerX: 0.45747682386134625
centerY: 0.7727402338180781
width: 0.04796453043127771
height: 0.03507271171941831
Area: 0.0005729314101686648
CentroidX: 0.4817
CentroidY: 0.7864
