Location: Dedata_14.png_Mean-Medain.png
Component: component_1755519998530_134.png
centerX: 0.6806451612903226
centerY: 0.3268737532060416
width: 0.037096774193548385
height: 0.02707324023938444
Area: 0.000523768374410502
CentroidX: 0.6995
CentroidY: 0.3387
