Location: Dedata_14.png_Gaussian-Closing.png
Component: component_1755519998403_88.png
centerX: 0.5241935483870968
centerY: 0.21601595896266743
width: 0.035483870967741936
height: 0.023938444001139925
Area: 0.00033221026117173354
CentroidX: 0.5416
CentroidY: 0.2271
