Location: internet_24.png_Mean-Medain.png
Component: component_1755081215616_38.png
centerX: 0.8347440548166062
centerY: 0.10892500712859994
width: 0.051189036678758564
height: 0.03364699173082407
Area: 0.0007207327729523966
CentroidX: 0.8606
CentroidY: 0.1224
