Location: Dedata_14.png_Mean-Closing.png
Component: component_1755519998335_262.png
centerX: 0.17379032258064517
centerY: 0.7455115417497863
width: 0.05
height: 0.029923055001424906
Area: 0.0007671517480396032
CentroidX: 0.2000
CentroidY: 0.7582
