Location: internet_24.png_Mean-Medain.png
Component: component_1755081215742_214.png
centerX: 0.8661829907295445
centerY: 0.7487881380096949
width: 0.04675534058847239
height: 0.033932135728542916
Area: 0.0007195834621998014
CentroidX: 0.8880
CentroidY: 0.7629
