Location: internet_24.png_Gaussian-Closing.png
Component: component_1755081215281_4.png
centerX: 0.407496977025393
centerY: 0.009124607927003137
width: 0.04232164449818621
height: 0.035357855717137156
Area: 0.0006220069793044762
CentroidX: 0.4276
CentroidY: 0.0233
