Location: Dedata_14.png_Mean-Medain.png
Component: component_1755519998532_141.png
centerX: 0.3161290322580645
centerY: 0.3485323453975492
width: 0.03870967741935484
height: 0.02792818466799658
Area: 0.000579730462681216
CentroidX: 0.3363
CentroidY: 0.3616
