Location: Dedata_14.png_Otsu.png
Component: component_1755519998115_253.png
centerX: 0.7108870967741936
centerY: 0.45027073240239385
width: 0.03790322580645161
height: 0.0262182958107723
Area: 0.0005481296941505254
CentroidX: 0.7301
CentroidY: 0.4626
