Location: Dedata_14.png_Mean-Medain.png
Component: component_1755519998529_130.png
centerX: 0.7975806451612903
centerY: 0.31803932744371616
width: 0.04395161290322581
height: 0.0262182958107723
Area: 0.0006320153706138133
CentroidX: 0.8205
CentroidY: 0.3308
