Location: internet_24.png_Gaussian-Median.png
Component: component_1755081215808_2.png
centerX: 0.6320032245062475
centerY: 0.007413743940690049
width: 0.04393389762192664
height: 0.036783575705731396
Area: 0.0006443036079048215
CentroidX: 0.6529
CentroidY: 0.0233
