Location: internet_24.png_Otsu.png
Component: component_1755081216040_1156.png
centerX: 0.652962515114873
centerY: 0.7045908183632734
width: 0.04877065699314793
height: 0.036213287710293696
Area: 0.0005304069123226456
CentroidX: 0.6756
CentroidY: 0.7190
