Location: Dedata_14.png_Mean-Closing.png
Component: component_1755519998275_19.png
centerX: 0.657258064516129
centerY: 0.04588201766885153
width: 0.034274193548387094
height: 0.0219435736677116
Area: 0.0003851846404177277
CentroidX: 0.6741
CentroidY: 0.0559
