Location: Dedata_14.png_Gaussian-Closing.png
Component: component_1755519998439_236.png
centerX: 0.15685483870967742
centerY: 0.6429182103163295
width: 0.04153225806451613
height: 0.03220290681105728
Area: 0.0006630415797166733
CentroidX: 0.1784
CentroidY: 0.6572
