Location: Dedata_14.png_Mean-Medain.png
Component: component_1755519998552_224.png
centerX: 0.9387096774193548
centerY: 0.5978911370760901
width: 0.045564516129032256
height: 0.031917925334853235
Area: 0.0007832394120188639
CentroidX: 0.9622
CentroidY: 0.6128
