Location: internet_24.png_Gaussian-Closing.png
Component: component_1755081215288_35.png
centerX: 0.8351471180975413
centerY: 0.10892500712859994
width: 0.05078597339782346
height: 0.03364699173082407
Area: 0.0006975166957499752
CentroidX: 0.8605
CentroidY: 0.1224
