Location: internet_24.png_Gaussian-Median.png
Component: component_1755081215817_53.png
centerX: 0.6735187424425635
centerY: 0.10379241516966067
width: 0.05078597339782346
height: 0.038209295694325636
Area: 0.000770268066389246
CentroidX: 0.6987
CentroidY: 0.1193
