Location: Dedata_14.png_Gaussian-Closing.png
Component: component_1755519998398_67.png
centerX: 0.9060483870967742
centerY: 0.15816471929324594
width: 0.03508064516129032
height: 0.021373610715303505
Area: 0.00033611726528098255
CentroidX: 0.9242
CentroidY: 0.1677
