Location: Dedata_14.png_Gaussian-Closing.png
Component: component_1755519998395_56.png
centerX: 0.4798387096774194
centerY: 0.13394129381590197
width: 0.0407258064516129
height: 0.019663721858079224
Area: 0.0003593294661653444
CentroidX: 0.4999
CentroidY: 0.1438
