Location: internet_24.png_Gaussian-Closing.png
Component: component_1755081215296_82.png
centerX: 0.6852075775896815
centerY: 0.2546335899629313
width: 0.053607416364369206
height: 0.03222127174222983
Area: 0.0005930443483390793
CentroidX: 0.7114
CentroidY: 0.2665
