Location: Dedata_14.png_Mean-Closing.png
Component: component_1755519998285_50.png
centerX: 0.7334677419354839
centerY: 0.1225420347677401
width: 0.03508064516129032
height: 0.027643203191792535
Area: 0.000396331093317644
CentroidX: 0.7511
CentroidY: 0.1346
