Location: Dedata_14.png_Mean-Closing.png
Component: component_1755519998302_110.png
centerX: 0.9233870967741935
centerY: 0.27472214306070103
width: 0.044758064516129036
height: 0.022798518096323737
Area: 0.0005443376019268425
CentroidX: 0.9441
CentroidY: 0.2868
