Location: internet_24.png_Gaussian-Closing.png
Component: component_1755081215290_48.png
centerX: 0.7577589681580008
centerY: 0.15739948674080412
width: 0.05078597339782346
height: 0.034787567721699456
Area: 0.0006570609572586272
CentroidX: 0.7833
CentroidY: 0.1705
