Location: Dedata_14.png_Otsu.png
Component: component_1755519998148_281.png
centerX: 0.7895161290322581
centerY: 0.5397549159304645
width: 0.039112903225806454
height: 0.026788258763180393
Area: 0.000557092821224685
CentroidX: 0.8092
CentroidY: 0.5528
