Location: Dedata_14.png_Mean-Medain.png
Component: component_1755519998499_7.png
centerX: 0.5475806451612903
centerY: 0.009404388714733543
width: 0.0375
height: 0.025078369905956112
Area: 0.0004347116630967374
CentroidX: 0.5675
CentroidY: 0.0203
