Location: Dedata_14.png_Gaussian-Closing.png
Component: component_1755519998419_151.png
centerX: 0.06895161290322581
centerY: 0.36791108577942433
width: 0.0407258064516129
height: 0.025933314334568254
Area: 0.0004737817041892277
CentroidX: 0.0891
CentroidY: 0.3796
