Location: Dedata_14.png_Mean-Closing.png
Component: component_1755519998299_99.png
centerX: 0.7362903225806452
centerY: 0.24593901396409235
width: 0.0407258064516129
height: 0.020518666286691366
Area: 0.0003664540030704456
CentroidX: 0.7548
CentroidY: 0.2561
