Location: Dedata_14.png_Mean-Closing.png
Component: component_1755519998331_245.png
centerX: 0.37983870967741934
centerY: 0.6873753206041607
width: 0.04435483870967742
height: 0.031062980906241093
Area: 0.0007155563114204028
CentroidX: 0.4016
CentroidY: 0.7007
