Location: Dedata_14.png_Otsu.png
Component: component_1755519998010_95.png
centerX: 0.0814516129032258
centerY: 0.20148190367626104
width: 0.03346774193548387
height: 0.021658592191507554
Area: 0.00022832991661993584
CentroidX: 0.0983
CentroidY: 0.2106
