Location: internet_24.png_Mean-Medain.png
Component: component_1755081215697_119.png
centerX: 0.48770656993147926
centerY: 0.4083262047333904
width: 0.05441354292623942
height: 0.03022526375819789
Area: 0.0005789078260821594
CentroidX: 0.5146
CentroidY: 0.4208
