Location: Dedata_14.png_Otsu.png
Component: component_1755519998166_298.png
centerX: 0.02258064516129032
centerY: 0.6001709888857224
width: 0.038306451612903226
height: 0.02821316614420063
Area: 0.0006244311861664475
CentroidX: 0.0425
CentroidY: 0.6142
