Location: Dedata_14.png_Mean-Closing.png
Component: component_1755519998298_92.png
centerX: 0.26733870967741935
centerY: 0.23168994015389
width: 0.03588709677419355
height: 0.023083499572527786
Area: 0.0004228757388834242
CentroidX: 0.2861
CentroidY: 0.2418
