Location: Dedata_14.png_Gaussian-Closing.png
Component: component_1755519998419_149.png
centerX: 0.12620967741935485
centerY: 0.3650612710173839
width: 0.03951612903225806
height: 0.023938444001139925
Area: 0.0004897544562829223
CentroidX: 0.1472
CentroidY: 0.3766
