Location: internet_24.png_Gaussian-Closing.png
Component: component_1755081215322_191.png
centerX: 0.5840386940749698
centerY: 0.6569717707442259
width: 0.046352277307537285
height: 0.035642999714856
Area: 0.0006033881451124354
CentroidX: 0.6072
CentroidY: 0.6713
