Location: internet_24.png_Mean-Medain.png
Component: component_1755081215717_157.png
centerX: 0.7243047158403869
centerY: 0.5346449957228401
width: 0.03829101168883515
height: 0.028229255774165955
Area: 0.0005405208469454826
CentroidX: 0.7431
CentroidY: 0.5469
