Location: Dedata_14.png_Mean-Medain.png
Component: component_1755519998513_60.png
centerX: 0.34274193548387094
centerY: 0.140210886292391
width: 0.04395161290322581
height: 0.02365346252493588
Area: 0.0004071328105608619
CentroidX: 0.3644
CentroidY: 0.1496
