Location: internet_24.png_Gaussian-Median.png
Component: component_1755081215843_183.png
centerX: 0.5364772269246272
centerY: 0.5038494439692045
width: 0.04796453043127771
height: 0.033932135728542916
Area: 0.0005494854708157245
CentroidX: 0.5600
CentroidY: 0.5172
