Location: Dedata_14.png_Otsu.png
Component: component_1755519998144_272.png
centerX: 0.6137096774193549
centerY: 0.5095468794528356
width: 0.0375
height: 0.025933314334568254
Area: 0.0005611147372195001
CentroidX: 0.6326
CentroidY: 0.5230
