Location: Dedata_14.png_Mean-Closing.png
Component: component_1755519998334_261.png
centerX: 0.2508064516129032
centerY: 0.7406668566543174
width: 0.045564516129032256
height: 0.0262182958107723
Area: 0.0007086615982864339
CentroidX: 0.2744
CentroidY: 0.7533
