Location: internet_24.png_Mean-Medain.png
Component: component_1755081215754_245.png
centerX: 0.8008867392180572
centerY: 0.8867978329056173
width: 0.05199516324062878
height: 0.03849443969204448
Area: 0.0008360086414376866
CentroidX: 0.8274
CentroidY: 0.9020
