Location: Dedata_14.png_Mean-Medain.png
Component: component_1755519998535_152.png
centerX: 0.6318548387096774
centerY: 0.37275577087489314
width: 0.039112903225806454
height: 0.024508406953548018
Area: 0.0006313258993004164
CentroidX: 0.6504
CentroidY: 0.3851
