Location: Dedata_14.png_Gaussian-Closing.png
Component: component_1755519998448_278.png
centerX: 0.029838709677419355
centerY: 0.7933884297520661
width: 0.0467741935483871
height: 0.03277286976346538
Area: 0.0007171650778183289
CentroidX: 0.0534
CentroidY: 0.8078
