Location: Dedata_14.png_Gaussian-Closing.png
Component: component_1755519998446_267.png
centerX: 0.09879032258064516
centerY: 0.7477913935594186
width: 0.049193548387096775
height: 0.032487888287261325
Area: 0.0007130282499379476
CentroidX: 0.1233
CentroidY: 0.7613
