Location: Dedata_14.png_Mean-Medain.png
Component: component_1755519998550_213.png
centerX: 0.0875
centerY: 0.5525790823596466
width: 0.04395161290322581
height: 0.02821316614420063
Area: 0.0006767160940990448
CentroidX: 0.1101
CentroidY: 0.5648
