Location: Dedata_14.png_Otsu.png
Component: component_1755519998002_42.png
centerX: 0.4754032258064516
centerY: 0.09347392419492732
width: 0.03185483870967742
height: 0.02108862923909946
Area: 0.00025671315235477435
CentroidX: 0.4927
CentroidY: 0.1029
