Location: internet_24.png_Gaussian-Median.png
Component: component_1755081215855_237.png
centerX: 0.294236195082628
centerY: 0.6786427145708582
width: 0.046352277307537285
height: 0.03307670373538637
Area: 0.0005740807209212599
CentroidX: 0.3174
CentroidY: 0.6918
