Location: internet_24.png_Mean-Medain.png
Component: component_1755081215690_106.png
centerX: 0.5223700120918985
centerY: 0.36555460507556314
width: 0.05401047964530431
height: 0.03307670373538637
Area: 0.0006913104176859617
CentroidX: 0.5492
CentroidY: 0.3796
