Location: Dedata_14.png_Otsu.png
Component: component_1755519998029_237.png
centerX: 0.7181451612903226
centerY: 0.4069535480193787
width: 0.038306451612903226
height: 0.025648332858364205
Area: 0.0005052675608343523
CentroidX: 0.7375
CentroidY: 0.4197
