Location: Dedata_14.png_Mean-Medain.png
Component: component_1755519998565_265.png
centerX: 0.027822580645161292
centerY: 0.7466514676546024
width: 0.04838709677419355
height: 0.030777999430037048
Area: 0.0007387685123047647
CentroidX: 0.0528
CentroidY: 0.7598
