Location: Dedata_14.png_Gaussian-Closing.png
Component: component_1755519998431_200.png
centerX: 0.6137096774193549
centerY: 0.5092618979766316
width: 0.03790322580645161
height: 0.026503277286976348
Area: 0.0005862804401584865
CentroidX: 0.6326
CentroidY: 0.5230
