Location: Dedata_14.png_Gaussian-Closing.png
Component: component_1755519998435_217.png
centerX: 0.55
centerY: 0.5654032487888287
width: 0.03951612903225806
height: 0.026503277286976348
Area: 0.0005557138785978912
CentroidX: 0.5705
CentroidY: 0.5780
