Location: Dedata_14.png_Mean-Closing.png
Component: component_1755519998284_47.png
centerX: 0.0814516129032258
centerY: 0.10515816471929325
width: 0.03387096774193549
height: 0.02821316614420063
Area: 0.0004094310482721849
CentroidX: 0.0992
CentroidY: 0.1173
