Location: internet_24.png_Gaussian-Median.png
Component: component_1755081215850_213.png
centerX: 0.010479645304312777
centerY: 0.5899629312802965
width: 0.04191858121725111
height: 0.036783575705731396
Area: 0.0005871828635008442
CentroidX: 0.0314
CentroidY: 0.6044
