Location: internet_24.png_Otsu.png
Component: component_1755081215995_805.png
centerX: 0.20556227327690446
centerY: 0.21927573424579413
width: 0.03990326481257558
height: 0.03165098374679213
Area: 0.00042800332426642083
CentroidX: 0.2259
CentroidY: 0.2315
