Location: internet_24.png_Gaussian-Closing.png
Component: component_1755081215302_108.png
centerX: 0.5223700120918985
centerY: 0.36555460507556314
width: 0.05401047964530431
height: 0.03307670373538637
Area: 0.0006708526862897686
CentroidX: 0.5491
CentroidY: 0.3796
