Location: internet_24.png_Gaussian-Median.png
Component: component_1755081215861_265.png
centerX: 0.45747682386134625
centerY: 0.7727402338180781
width: 0.04796453043127771
height: 0.035357855717137156
Area: 0.0005831602758667613
CentroidX: 0.4818
CentroidY: 0.7864
