Location: Dedata_14.png_Mean-Medain.png
Component: component_1755519998550_217.png
centerX: 0.49233870967741933
centerY: 0.5705329153605015
width: 0.039919354838709675
height: 0.02963807352522086
Area: 0.0006412083214591052
CentroidX: 0.5130
CentroidY: 0.5838
