Location: internet_24.png_Otsu.png
Component: component_1755081216003_887.png
centerX: 0.6952841596130592
centerY: 0.35243798118049613
width: 0.06287787182587666
height: 0.03450242372398061
Area: 0.0006772888265043013
CentroidX: 0.7261
CentroidY: 0.3662
