Location: Dedata_14.png_Mean-Medain.png
Component: component_1755519998523_104.png
centerX: 0.6221774193548387
centerY: 0.249928754630949
width: 0.037096774193548385
height: 0.02365346252493588
Area: 0.00039610126954651173
CentroidX: 0.6399
CentroidY: 0.2600
