Location: internet_24.png_Gaussian-Median.png
Component: component_1755081215815_33.png
centerX: 0.5054413542926239
centerY: 0.05930995152552039
width: 0.049979846835953246
height: 0.03649843170801255
Area: 0.0006706228241392495
CentroidX: 0.5307
CentroidY: 0.0731
