Location: Dedata_14.png_Otsu.png
Component: component_1755519997999_28.png
centerX: 0.2213709677419355
centerY: 0.058991165574237676
width: 0.04717741935483871
height: 0.02365346252493588
Area: 0.00039357320806405647
CentroidX: 0.2466
CentroidY: 0.0687
