Location: Dedata_14.png_Otsu.png
Component: component_1755519998223_351.png
centerX: 0.17258064516129032
centerY: 0.7945283556568823
width: 0.05967741935483871
height: 0.030493017953833
Area: 0.0007540517930850624
CentroidX: 0.2018
CentroidY: 0.8079
