Location: Dedata_14.png_Otsu.png
Component: component_1755519998145_274.png
centerX: 0.5463709677419355
centerY: 0.5149615275007124
width: 0.04233870967741935
height: 0.028498147620404674
Area: 0.0006414381452302375
CentroidX: 0.5677
CentroidY: 0.5306
