Location: Dedata_14.png_Otsu.png
Component: component_1755519998014_135.png
centerX: 0.7366935483870968
centerY: 0.2476489028213166
width: 0.03870967741935484
height: 0.01738387004844685
Area: 9.503212936320429e-05
CentroidX: 0.7494
CentroidY: 0.2586
