Location: Dedata_14.png_Mean-Closing.png
Component: component_1755519998297_87.png
centerX: 0.5241935483870968
centerY: 0.21601595896266743
width: 0.035483870967741936
height: 0.023938444001139925
Area: 0.00038311622647753705
CentroidX: 0.5417
CentroidY: 0.2268
