Location: internet_24.png_Gaussian-Median.png
Component: component_1755081215855_241.png
centerX: 0.14953647722692462
centerY: 0.6894781864841745
width: 0.045949214026602174
height: 0.03136583974907328
Area: 0.0006344195354325035
CentroidX: 0.1725
CentroidY: 0.7023
