Location: Dedata_14.png_Mean-Medain.png
Component: component_1755519998499_5.png
centerX: 0.1870967741935484
centerY: 0.009404388714733543
width: 0.03951612903225806
height: 0.031062980906241093
Area: 0.000536983241250609
CentroidX: 0.2071
CentroidY: 0.0210
