Location: Dedata_14.png_Mean-Closing.png
Component: component_1755519998335_264.png
centerX: 0.09879032258064516
centerY: 0.7477913935594186
width: 0.049193548387096775
height: 0.03220290681105728
Area: 0.0007533623217716655
CentroidX: 0.1233
CentroidY: 0.7613
