Location: internet_24.png_Gaussian-Closing.png
Component: component_1755081215309_137.png
centerX: 0.932285368802902
centerY: 0.4707727402338181
width: 0.05401047964530431
height: 0.03307670373538637
Area: 0.0005667251321046511
CentroidX: 0.9585
CentroidY: 0.4836
