Location: internet_24.png_Otsu.png
Component: component_1755081216041_1182.png
centerX: 0.36799677549375254
centerY: 0.7245508982035929
width: 0.04191858121725111
height: 0.030795551753635585
Area: 0.00046570071695154055
CentroidX: 0.3879
CentroidY: 0.7374
