Location: internet_24.png_Otsu.png
Component: component_1755081215997_858.png
centerX: 0.8424022571543732
centerY: 0.24636441402908468
width: 0.046352277307537285
height: 0.03165098374679213
Area: 0.0005512094369446171
CentroidX: 0.8653
CentroidY: 0.2590
