Location: Dedata_14.png_Mean-Closing.png
Component: component_1755519998321_201.png
centerX: 0.41774193548387095
centerY: 0.5280706754060986
width: 0.0467741935483871
height: 0.025648332858364205
Area: 0.0006564916022394028
CentroidX: 0.4408
CentroidY: 0.5394
