Location: internet_24.png_Mean-Medain.png
Component: component_1755081215683_91.png
centerX: 0.7678355501813785
centerY: 0.2917023096663815
width: 0.05763804917372027
height: 0.03279155973766752
Area: 0.000665565856827831
CentroidX: 0.7965
CentroidY: 0.3053
