Location: internet_24.png_Mean-Medain.png
Component: component_1755081215692_109.png
centerX: 0.9218057234985892
centerY: 0.38152266894781867
width: 0.060056428859330914
height: 0.0290846877673225
Area: 0.0005754598938243741
CentroidX: 0.9515
CentroidY: 0.3933
