Location: internet_24.png_Mean-Medain.png
Component: component_1755081215712_146.png
centerX: 0.46432889963724305
centerY: 0.5104077559167379
width: 0.049576783555018135
height: 0.03364699173082407
Area: 0.0005563813353312952
CentroidX: 0.4884
CentroidY: 0.5227
