Location: Dedata_14.png_Gaussian-Closing.png
Component: component_1755519998433_209.png
centerX: 0.7895161290322581
centerY: 0.5397549159304645
width: 0.03951612903225806
height: 0.02707324023938444
Area: 0.0005801901102234806
CentroidX: 0.8094
CentroidY: 0.5528
