Location: internet_24.png_Gaussian-Median.png
Component: component_1755081215848_205.png
centerX: 0.31600161225312373
centerY: 0.5668662674650699
width: 0.053607416364369206
height: 0.033932135728542916
Area: 0.0006470619537110497
CentroidX: 0.3414
CentroidY: 0.5804
