Location: internet_24.png_Gaussian-Closing.png
Component: component_1755081215289_45.png
centerX: 0.6807738814993954
centerY: 0.15654405474764757
width: 0.04917372027408303
height: 0.038209295694325636
Area: 0.0006801621033857891
CentroidX: 0.7052
CentroidY: 0.1714
