Location: Dedata_14.png_Mean-Closing.png
Component: component_1755519998336_269.png
centerX: 0.6189516129032258
centerY: 0.7745796523225991
width: 0.06008064516129032
height: 0.032487888287261325
Area: 0.0008139208854650254
CentroidX: 0.6485
CentroidY: 0.7893
