Location: Dedata_14.png_Mean-Closing.png
Component: component_1755519998280_33.png
centerX: 0.9451612903225807
centerY: 0.08064975776574522
width: 0.039919354838709675
height: 0.02536335138216016
Area: 0.00039483723880528413
CentroidX: 0.9660
CentroidY: 0.0914
