Location: Dedata_14.png_Mean-Closing.png
Component: component_1755519998288_69.png
centerX: 0.6689516129032258
centerY: 0.16443431176973497
width: 0.038306451612903226
height: 0.02365346252493588
Area: 0.0004067880749041635
CentroidX: 0.6868
CentroidY: 0.1755
