Location: Dedata_14.png_Gaussian-Closing.png
Component: component_1755519998441_244.png
centerX: 0.6633064516129032
centerY: 0.6685665431746937
width: 0.04717741935483871
height: 0.02821316614420063
Area: 0.0006800485387804631
CentroidX: 0.6871
CentroidY: 0.6813
