Location: Dedata_14.png_Gaussian-Closing.png
Component: component_1755519998427_184.png
centerX: 0.5963709677419354
centerY: 0.45825021373610714
width: 0.037096774193548385
height: 0.026788258763180393
Area: 0.0005421542761010857
CentroidX: 0.6157
CentroidY: 0.4711
