Location: Dedata_14.png_Mean-Medain.png
Component: component_1755519998524_109.png
centerX: 0.3254032258064516
centerY: 0.2647477913935594
width: 0.0375
height: 0.022513536620119692
Area: 0.00044149146434514016
CentroidX: 0.3449
CentroidY: 0.2753
