Location: internet_24.png_Mean-Medain.png
Component: component_1755081215706_138.png
centerX: 0.16283756549778317
centerY: 0.47961220416310235
width: 0.056831922611850064
height: 0.033361847733105215
Area: 0.0006208576685518811
CentroidX: 0.1912
CentroidY: 0.4929
