Location: internet_24.png_Otsu.png
Component: component_1755081216016_1037.png
centerX: 0.08464328899637243
centerY: 0.5349301397205589
width: 0.04393389762192664
height: 0.03022526375819789
Area: 0.00039363893276382687
CentroidX: 0.1085
CentroidY: 0.5468
