Location: Dedata_14.png_Otsu.png
Component: component_1755519998009_82.png
centerX: 0.4129032258064516
centerY: 0.1792533485323454
width: 0.036290322580645164
height: 0.02707324023938444
Area: 0.000297621783616323
CentroidX: 0.4315
CentroidY: 0.1901
