Location: Dedata_14.png_Mean-Medain.png
Component: component_1755519998510_43.png
centerX: 0.475
centerY: 0.09318894271872329
width: 0.03306451612903226
height: 0.0219435736677116
Area: 0.0003480681013798619
CentroidX: 0.4923
CentroidY: 0.1027
