Location: Dedata_14.png_Mean-Closing.png
Component: component_1755519998318_187.png
centerX: 0.34596774193548385
centerY: 0.4799088059276147
width: 0.03870967741935484
height: 0.028783129096608722
Area: 0.0005822585241636713
CentroidX: 0.3659
CentroidY: 0.4926
