Location: internet_24.png_Mean-Medain.png
Component: component_1755081215606_27.png
centerX: 0.24062877871825877
centerY: 0.06387225548902195
width: 0.04836759371221282
height: 0.036213287710293696
Area: 0.0007478565067136413
CentroidX: 0.2655
CentroidY: 0.0789
