Location: Dedata_14.png_Mean-Closing.png
Component: component_1755519998299_97.png
centerX: 0.13911290322580644
centerY: 0.2402393844400114
width: 0.04153225806451613
height: 0.02336848104873183
Area: 0.0004356309581812666
CentroidX: 0.1590
CentroidY: 0.2508
