Location: Dedata_14.png_Otsu.png
Component: component_1755519997995_9.png
centerX: 0.07661290322580645
centerY: 0.011684240524365916
width: 0.035483870967741936
height: 0.025648332858364205
Area: 0.0003733487162044145
CentroidX: 0.0944
CentroidY: 0.0213
