Location: internet_24.png_Gaussian-Closing.png
Component: component_1755081215296_85.png
centerX: 0.44216041918581217
centerY: 0.2686056458511548
width: 0.055219669488109635
height: 0.037639007698887936
Area: 0.0006325806382283512
CentroidX: 0.4696
CentroidY: 0.2821
