Location: internet_24.png_Gaussian-Closing.png
Component: component_1755081215285_21.png
centerX: 0.7771060056428859
centerY: 0.058169375534645
width: 0.05965336557839581
height: 0.044767607641859136
Area: 0.0008855439348745361
CentroidX: 0.8060
CentroidY: 0.0754
