Location: Dedata_14.png_Mean-Medain.png
Component: component_1755519998500_11.png
centerX: 0.48629032258064514
centerY: 0.011114277571957822
width: 0.039919354838709675
height: 0.02792818466799658
Area: 0.0004543615955285487
CentroidX: 0.5066
CentroidY: 0.0223
