Location: internet_24.png_Mean-Medain.png
Component: component_1755081215602_16.png
centerX: 0.9403466344216042
centerY: 0.015112631879098944
width: 0.053607416364369206
height: 0.04077559167379527
Area: 0.0007413054354238491
CentroidX: 0.9651
CentroidY: 0.0311
