Location: internet_24.png_Otsu.png
Component: component_1755081215982_192.png
centerX: 0.777509068923821
centerY: 0.058169375534645
width: 0.0592503022974607
height: 0.044767607641859136
Area: 0.0006308566720994586
CentroidX: 0.8063
CentroidY: 0.0757
