Location: internet_24.png_Gaussian-Closing.png
Component: component_1755081215306_124.png
centerX: 0.939540507859734
centerY: 0.4214428286284574
width: 0.05199516324062878
height: 0.03022526375819789
Area: 0.00048765255232610725
CentroidX: 0.9653
CentroidY: 0.4324
