Location: Dedata_14.png_Otsu.png
Component: component_1755519998026_226.png
centerX: 0.572983870967742
centerY: 0.37361071530350526
width: 0.039919354838709675
height: 0.027643203191792535
Area: 0.0005824883479348036
CentroidX: 0.5926
CentroidY: 0.3867
