Location: Dedata_14.png_Gaussian-Closing.png
Component: component_1755519998440_237.png
centerX: 0.21733870967741936
centerY: 0.6440581362211456
width: 0.04838709677419355
height: 0.028783129096608722
Area: 0.0007160159589626674
CentroidX: 0.2423
CentroidY: 0.6567
