Location: Dedata_14.png_Otsu.png
Component: component_1755519998024_215.png
centerX: 0.9133064516129032
centerY: 0.3542319749216301
width: 0.045564516129032256
height: 0.02536335138216016
Area: 0.0005421542761010857
CentroidX: 0.9342
CentroidY: 0.3681
