Location: Dedata_14.png_Otsu.png
Component: component_1755519998194_332.png
centerX: 0.5326612903225807
centerY: 0.7281276717013394
width: 0.04798387096774193
height: 0.027358221715588486
Area: 0.0006521249505878892
CentroidX: 0.5580
CentroidY: 0.7413
