Location: internet_24.png_Gaussian-Closing.png
Component: component_1755081215326_202.png
centerX: 0.017331721080209594
centerY: 0.6988879384088965
width: 0.04836759371221282
height: 0.035357855717137156
Area: 0.0006611984759679697
CentroidX: 0.0408
CentroidY: 0.7126
