Location: Dedata_14.png_Mean-Medain.png
Component: component_1755519998522_102.png
centerX: 0.024596774193548387
centerY: 0.24650897691650042
width: 0.03588709677419355
height: 0.024223425477343973
Area: 0.000382311843278574
CentroidX: 0.0423
CentroidY: 0.2560
