Location: Dedata_14.png_Otsu.png
Component: component_1755519998015_139.png
centerX: 0.6225806451612903
centerY: 0.25021373610715303
width: 0.03467741935483871
height: 0.021373610715303505
Area: 0.00019075373003980548
CentroidX: 0.6408
CentroidY: 0.2607
