Location: Dedata_14.png_Mean-Closing.png
Component: component_1755519998272_3.png
centerX: 0.25120967741935485
centerY: 0.008549444286121402
width: 0.0407258064516129
height: 0.027643203191792535
Area: 0.00045137388650382887
CentroidX: 0.2712
CentroidY: 0.0198
