Location: internet_24.png_Mean-Medain.png
Component: component_1755081215685_96.png
centerX: 0.3542926239419589
centerY: 0.32164242942686055
width: 0.051592099959693674
height: 0.036213287710293696
Area: 0.0006421199174748907
CentroidX: 0.3799
CentroidY: 0.3359
