Location: internet_24.png_Gaussian-Closing.png
Component: component_1755081215330_217.png
centerX: 0.7376058041112454
centerY: 0.7527801539777588
width: 0.0475614671503426
height: 0.03364699173082407
Area: 0.0007239508430596629
CentroidX: 0.7609
CentroidY: 0.7672
