Location: internet_24.png_Mean-Medain.png
Component: component_1755081215702_131.png
centerX: 0.5542120112857719
centerY: 0.4491017964071856
width: 0.05239822652156389
height: 0.02879954376960365
Area: 0.0005523587476972123
CentroidX: 0.5795
CentroidY: 0.4619
