Location: Dedata_14.png_Mean-Closing.png
Component: component_1755519998325_220.png
centerX: 0.1528225806451613
centerY: 0.591621544599601
width: 0.0375
height: 0.029068110572812767
Area: 0.0006322451943849457
CentroidX: 0.1719
CentroidY: 0.6052
