Location: internet_24.png_Mean-Medain.png
Component: component_1755081215685_95.png
centerX: 0.437726723095526
centerY: 0.31451382948388934
width: 0.05562273276904474
height: 0.03421727972626176
Area: 0.0006890117961807714
CentroidX: 0.4640
CentroidY: 0.3288
