Location: internet_24.png_Gaussian-Closing.png
Component: component_1755081215333_233.png
centerX: 0.7617896009673518
centerY: 0.8143712574850299
width: 0.05078597339782346
height: 0.039064727687482176
Area: 0.0008379624697170983
CentroidX: 0.7869
CentroidY: 0.8299
