Location: Dedata_14.png_Mean-Closing.png
Component: component_1755519998318_185.png
centerX: 0.4681451612903226
centerY: 0.4653747506412083
width: 0.041935483870967745
height: 0.02707324023938444
Area: 0.0006391399075189144
CentroidX: 0.4910
CentroidY: 0.4789
