Location: Dedata_14.png_Otsu.png
Component: component_1755519998022_209.png
centerX: 0.625
centerY: 0.33000854944428615
width: 0.041935483870967745
height: 0.023938444001139925
Area: 0.00048136588863659344
CentroidX: 0.6438
CentroidY: 0.3427
