Location: Dedata_14.png_Gaussian-Closing.png
Component: component_1755519998436_223.png
centerX: 0.1528225806451613
centerY: 0.591621544599601
width: 0.0375
height: 0.029068110572812767
Area: 0.0005832927311337666
CentroidX: 0.1718
CentroidY: 0.6051
