Location: Dedata_14.png_Otsu.png
Component: component_1755519998146_277.png
centerX: 0.35604838709677417
centerY: 0.530635508691935
width: 0.03951612903225806
height: 0.026503277286976348
Area: 0.0006013338971676518
CentroidX: 0.3762
CentroidY: 0.5439
