Location: internet_24.png_Mean-Medain.png
Component: component_1755081215742_215.png
centerX: 0.017331721080209594
centerY: 0.7502138579982891
width: 0.04232164449818621
height: 0.033932135728542916
Area: 0.0005884471053286989
CentroidX: 0.0379
CentroidY: 0.7643
