Location: internet_24.png_Otsu.png
Component: component_1755081215993_789.png
centerX: 0.7605804111245466
centerY: 0.2024522383803821
width: 0.05965336557839581
height: 0.03592814371257485
Area: 0.0007018840766098367
CentroidX: 0.7901
CentroidY: 0.2172
