Location: Dedata_14.png_Otsu.png
Component: component_1755519998028_233.png
centerX: 0.8391129032258065
centerY: 0.3995440296380735
width: 0.0375
height: 0.024508406953548018
Area: 0.0005172183969332316
CentroidX: 0.8574
CentroidY: 0.4117
