Location: Dedata_14.png_Otsu.png
Component: component_1755519998215_338.png
centerX: 0.028225806451612902
centerY: 0.7466514676546024
width: 0.04758064516129032
height: 0.030493017953833
Area: 0.0006617775489754456
CentroidX: 0.0529
CentroidY: 0.7598
