Location: internet_24.png_Mean-Medain.png
Component: component_1755081215700_127.png
centerX: 0.713422007255139
centerY: 0.43627031650983744
width: 0.05763804917372027
height: 0.03507271171941831
Area: 0.0006024686965103593
CentroidX: 0.7423
CentroidY: 0.4505
