Location: internet_24.png_Gaussian-Closing.png
Component: component_1755081215338_255.png
centerX: 0.02176541717049577
centerY: 0.9110350727117195
width: 0.05280128980249899
height: 0.037639007698887936
Area: 0.000904622493367615
CentroidX: 0.0484
CentroidY: 0.9266
