Location: Dedata_14.png_Mean-Medain.png
Component: component_1755519998525_112.png
centerX: 0.9233870967741935
centerY: 0.27472214306070103
width: 0.044758064516129036
height: 0.022798518096323737
Area: 0.0005453718088969378
CentroidX: 0.9441
CentroidY: 0.2868
