Location: Dedata_14.png_Mean-Medain.png
Component: component_1755519998516_78.png
centerX: 0.21169354838709678
centerY: 0.19122257053291536
width: 0.038306451612903226
height: 0.025078369905956112
Area: 0.00040690298678972963
CentroidX: 0.2322
CentroidY: 0.2015
