Location: Dedata_14.png_Otsu.png
Component: component_1755519998011_98.png
centerX: 0.7653225806451613
centerY: 0.20347677400968936
width: 0.03467741935483871
height: 0.020518666286691366
Area: 0.00029532354590500003
CentroidX: 0.7842
CentroidY: 0.2123
