Location: internet_24.png_Mean-Medain.png
Component: component_1755081215669_73.png
centerX: 0.20515920999596937
centerY: 0.21927573424579413
width: 0.04070939137444579
height: 0.03165098374679213
Area: 0.0005351190864082855
CentroidX: 0.2246
CentroidY: 0.2313
