Location: Dedata_14.png_Mean-Medain.png
Component: component_1755519998526_119.png
centerX: 0.02056451612903226
centerY: 0.2841265317754346
width: 0.03588709677419355
height: 0.029068110572812767
Area: 0.0004228757388834242
CentroidX: 0.0392
CentroidY: 0.2948
