Location: internet_24.png_Otsu.png
Component: component_1755081215998_862.png
centerX: 0.6856106408706167
centerY: 0.2546335899629313
width: 0.053204353083434096
height: 0.03222127174222983
Area: 0.000554542438127143
CentroidX: 0.7115
CentroidY: 0.2664
