Location: internet_24.png_Gaussian-Closing.png
Component: component_1755081215300_99.png
centerX: 0.2773075372833535
centerY: 0.3256344453949244
width: 0.05562273276904474
height: 0.03849443969204448
Area: 0.0006728065145691803
CentroidX: 0.3041
CentroidY: 0.3398
