Location: Dedata_14.png_Otsu.png
Component: component_1755519998219_341.png
centerX: 0.8379032258064516
centerY: 0.7691650042747221
width: 0.043548387096774194
height: 0.029923055001424906
Area: 0.0006575258092094982
CentroidX: 0.8600
CentroidY: 0.7827
