Location: Dedata_14.png_Mean-Closing.png
Component: component_1755519998303_114.png
centerX: 0.7508064516129033
centerY: 0.2792818466799658
width: 0.03951612903225806
height: 0.0262182958107723
Area: 0.0005087149174013366
CentroidX: 0.7705
CentroidY: 0.2919
