Location: Dedata_14.png_Gaussian-Closing.png
Component: component_1755519998447_271.png
centerX: 0.7024193548387097
centerY: 0.7728697634653747
width: 0.05
height: 0.03220290681105728
Area: 0.0006788994199248017
CentroidX: 0.7275
CentroidY: 0.7872
