Location: Dedata_14.png_Otsu.png
Component: component_1755519998020_199.png
centerX: 0.2532258064516129
centerY: 0.3129096608720433
width: 0.036290322580645164
height: 0.025933314334568254
Area: 0.00045711948078213624
CentroidX: 0.2720
CentroidY: 0.3251
