Location: Dedata_14.png_Mean-Closing.png
Component: component_1755519998332_249.png
centerX: 0.02338709677419355
centerY: 0.6979196352237105
width: 0.04314516129032258
height: 0.03220290681105728
Area: 0.0006924590224216071
CentroidX: 0.0462
CentroidY: 0.7113
