Location: Dedata_14.png_Mean-Medain.png
Component: component_1755519998555_234.png
centerX: 0.29274193548387095
centerY: 0.6363636363636364
width: 0.05161290322580645
height: 0.02821316614420063
Area: 0.0007602570349056343
CentroidX: 0.3190
CentroidY: 0.6485
