Location: Dedata_14.png_Otsu.png
Component: component_1755519998008_75.png
centerX: 0.6104838709677419
centerY: 0.16870903391279568
width: 0.031048387096774193
height: 0.023083499572527786
Area: 0.00023821233877862455
CentroidX: 0.6257
CentroidY: 0.1793
