Location: Dedata_14.png_Mean-Closing.png
Component: component_1755519998278_25.png
centerX: 0.4782258064516129
centerY: 0.049016813907096037
width: 0.03669354838709677
height: 0.022513536620119692
Area: 0.0004140275236948308
CentroidX: 0.4966
CentroidY: 0.0598
