Location: internet_24.png_Gaussian-Closing.png
Component: component_1755081215293_68.png
centerX: 0.9218057234985892
centerY: 0.19931565440547477
width: 0.05199516324062878
height: 0.037639007698887936
Area: 0.0006507397481193541
CentroidX: 0.9465
CentroidY: 0.2131
