Location: Dedata_14.png_Mean-Closing.png
Component: component_1755519998328_231.png
centerX: 0.36935483870967745
centerY: 0.6309489883157595
width: 0.0467741935483871
height: 0.03305785123966942
Area: 0.0007730122542034767
CentroidX: 0.3927
CentroidY: 0.6458
