Location: internet_24.png_Gaussian-Closing.png
Component: component_1755081215313_154.png
centerX: 0.23982265215638857
centerY: 0.5258055317935557
width: 0.04232164449818621
height: 0.030795551753635585
Area: 0.000489836242756038
CentroidX: 0.2610
CentroidY: 0.5378
