Location: Dedata_14.png_Gaussian-Closing.png
Component: component_1755519998433_210.png
centerX: 0.22056451612903225
centerY: 0.5414648047876888
width: 0.04233870967741935
height: 0.027358221715588486
Area: 0.000619375063201537
CentroidX: 0.2429
CentroidY: 0.5543
