Location: Dedata_14.png_Otsu.png
Component: component_1755519997998_21.png
centerX: 0.5967741935483871
centerY: 0.04730692504987176
width: 0.03467741935483871
height: 0.025078369905956112
Area: 0.00032531554803776465
CentroidX: 0.6144
CentroidY: 0.0577
