Location: internet_24.png_Otsu.png
Component: component_1755081216067_1303.png
centerX: 0.32889963724304716
centerY: 0.9021956087824351
width: 0.05038291011688835
height: 0.03592814371257485
Area: 0.0008400312290717696
CentroidX: 0.3551
CentroidY: 0.9181
