Location: Dedata_14.png_Otsu.png
Component: component_1755519997995_12.png
centerX: 0.6641129032258064
centerY: 0.012539184952978056
width: 0.034274193548387094
height: 0.025933314334568254
Area: 0.00036105314444883664
CentroidX: 0.6819
CentroidY: 0.0226
