Location: Dedata_14.png_Otsu.png
Component: component_1755519998009_79.png
centerX: 0.4790322580645161
centerY: 0.17355371900826447
width: 0.03467741935483871
height: 0.025933314334568254
Area: 0.0002700429310804475
CentroidX: 0.4967
CentroidY: 0.1859
