Location: internet_24.png_Gaussian-Closing.png
Component: component_1755081215328_212.png
centerX: 0.08746473196291818
centerY: 0.744796122041631
width: 0.04796453043127771
height: 0.032506415739948676
Area: 0.0005628174755458278
CentroidX: 0.1098
CentroidY: 0.7579
