Location: Dedata_14.png_Otsu.png
Component: component_1755519998011_97.png
centerX: 0.01975806451612903
centerY: 0.20290681105728128
width: 0.03508064516129032
height: 0.024793388429752067
Area: 0.0002398211051765506
CentroidX: 0.0368
CentroidY: 0.2126
