Location: Dedata_14.png_Otsu.png
Component: component_1755519998000_30.png
centerX: 0.02338709677419355
centerY: 0.06497577657452265
width: 0.03951612903225806
height: 0.026788258763180393
Area: 0.0003516303698324125
CentroidX: 0.0434
CentroidY: 0.0752
