Location: Dedata_14.png_Gaussian-Closing.png
Component: component_1755519998396_57.png
centerX: 0.4137096774193548
centerY: 0.13764605300655458
width: 0.04032258064516129
height: 0.023083499572527786
Area: 0.00035461807885713237
CentroidX: 0.4332
CentroidY: 0.1480
