Location: Dedata_14.png_Mean-Closing.png
Component: component_1755519998304_118.png
centerX: 0.632258064516129
centerY: 0.2884012539184953
width: 0.035483870967741936
height: 0.024793388429752067
Area: 0.0005145754235652102
CentroidX: 0.6508
CentroidY: 0.2998
