Location: internet_24.png_Otsu.png
Component: component_1755081216028_1128.png
centerX: 0.8734381297863765
centerY: 0.6353008269175934
width: 0.04514308746473196
height: 0.03450242372398061
Area: 0.0005133971131842379
CentroidX: 0.8966
CentroidY: 0.6487
