Location: Dedata_14.png_Mean-Medain.png
Component: component_1755519998531_139.png
centerX: 0.43709677419354837
centerY: 0.341407808492448
width: 0.04314516129032258
height: 0.023938444001139925
Area: 0.0005644471819009184
CentroidX: 0.4564
CentroidY: 0.3542
