Location: internet_24.png_Mean-Medain.png
Component: component_1755081215729_187.png
centerX: 0.8037081821846029
centerY: 0.6395779868833761
width: 0.0475614671503426
height: 0.03592814371257485
Area: 0.0006291327059705659
CentroidX: 0.8273
CentroidY: 0.6539
