Location: Dedata_14.png_Otsu.png
Component: component_1755519998019_185.png
centerX: 0.6326612903225807
centerY: 0.28868623539469934
width: 0.03467741935483871
height: 0.024508406953548018
Area: 0.0004426405832008016
CentroidX: 0.6509
CentroidY: 0.2998
