Location: Dedata_14.png_Mean-Medain.png
Component: component_1755519998557_239.png
centerX: 0.9330645161290323
centerY: 0.6563123396979197
width: 0.04717741935483871
height: 0.026503277286976348
Area: 0.0007124536905101168
CentroidX: 0.9565
CentroidY: 0.6691
