Location: Dedata_14.png_Otsu.png
Component: component_1755519998224_352.png
centerX: 0.10120967741935484
centerY: 0.7968082074665147
width: 0.049193548387096775
height: 0.029923055001424906
Area: 0.0006590196637218581
CentroidX: 0.1261
CentroidY: 0.8097
