Location: internet_24.png_Otsu.png
Component: component_1755081216055_1298.png
centerX: 0.7222893994357114
centerY: 0.8876532648987738
width: 0.0471584038694075
height: 0.03877958368976333
Area: 0.0007042976291902865
CentroidX: 0.7458
CentroidY: 0.9035
