Location: internet_24.png_Mean-Medain.png
Component: component_1755081215660_67.png
centerX: 0.6066102378073358
centerY: 0.20758483033932135
width: 0.045949214026602174
height: 0.032506415739948676
Area: 0.0005664952699541322
CentroidX: 0.6312
CentroidY: 0.2205
