Location: internet_24.png_Gaussian-Closing.png
Component: component_1755081215296_84.png
centerX: 0.5272067714631197
centerY: 0.26204733390362134
width: 0.06086255542120113
height: 0.036783575705731396
Area: 0.0006607387516669316
CentroidX: 0.5570
CentroidY: 0.2761
