Location: internet_24.png_Gaussian-Median.png
Component: component_1755081215860_263.png
centerX: 0.6082224909310762
centerY: 0.7644710578842315
width: 0.04232164449818621
height: 0.027088679783290562
Area: 0.0004724816503918518
CentroidX: 0.6294
CentroidY: 0.7750
