Location: Dedata_14.png_Gaussian-Closing.png
Component: component_1755519998394_52.png
centerX: 0.8512096774193548
centerY: 0.12339697919635224
width: 0.03870967741935484
height: 0.023083499572527786
Area: 0.0003776004559703619
CentroidX: 0.8693
CentroidY: 0.1343
