Location: Dedata_14.png_Mean-Medain.png
Component: component_1755519998501_17.png
centerX: 0.8995967741935483
centerY: 0.013679110857794243
width: 0.037096774193548385
height: 0.027358221715588486
Area: 0.0003933433842929242
CentroidX: 0.9174
CentroidY: 0.0247
