Location: Dedata_14.png_Mean-Closing.png
Component: component_1755519998311_149.png
centerX: 0.6879032258064516
centerY: 0.3687660302080365
width: 0.0407258064516129
height: 0.02365346252493588
Area: 0.0006145487640077589
CentroidX: 0.7080
CentroidY: 0.3807
