Location: Dedata_14.png_Gaussian-Closing.png
Component: component_1755519998386_16.png
centerX: 0.7766129032258065
centerY: 0.01396409233399829
width: 0.0407258064516129
height: 0.029353092049016812
Area: 0.0004552808906130779
CentroidX: 0.7993
CentroidY: 0.0253
