Location: internet_24.png_Otsu.png
Component: component_1755081216001_877.png
centerX: 0.5227730753728336
centerY: 0.3093812375249501
width: 0.051189036678758564
height: 0.035357855717137156
Area: 0.0006146513904878674
CentroidX: 0.5480
CentroidY: 0.3238
