Location: Dedata_14.png_Mean-Medain.png
Component: component_1755519998530_133.png
centerX: 0.07016129032258064
centerY: 0.32430891992020516
width: 0.03467741935483871
height: 0.028783129096608722
Area: 0.0005041184419786907
CentroidX: 0.0881
CentroidY: 0.3377
