Location: Dedata_14.png_Gaussian-Closing.png
Component: component_1755519998411_108.png
centerX: 0.4520161290322581
centerY: 0.2579082359646623
width: 0.031048387096774193
height: 0.02336848104873183
Area: 0.0003366918247088133
CentroidX: 0.4679
CentroidY: 0.2683
