Location: Dedata_14.png_Gaussian-Closing.png
Component: component_1755519998417_138.png
centerX: 0.5649193548387097
centerY: 0.33342832715873466
width: 0.04032258064516129
height: 0.02821316614420063
Area: 0.0005267560834352219
CentroidX: 0.5848
CentroidY: 0.3462
