Location: internet_24.png_Gaussian-Median.png
Component: component_1755081215841_174.png
centerX: 0.16283756549778317
centerY: 0.47961220416310235
width: 0.056831922611850064
height: 0.033361847733105215
Area: 0.0005929294172638198
CentroidX: 0.1911
CentroidY: 0.4930
