Location: internet_24.png_Otsu.png
Component: component_1755081216013_1025.png
centerX: 0.5364772269246272
centerY: 0.5041345879669233
width: 0.0475614671503426
height: 0.03364699173082407
Area: 0.0004967321072716086
CentroidX: 0.5601
CentroidY: 0.5170
