Location: internet_24.png_Mean-Medain.png
Component: component_1755081215626_53.png
centerX: 0.5981459089076985
centerY: 0.1568291987453664
width: 0.053607416364369206
height: 0.040490447676076416
Area: 0.0007911855220864772
CentroidX: 0.6253
CentroidY: 0.1721
