Location: Dedata_14.png_Mean-Closing.png
Component: component_1755519998287_64.png
centerX: 0.07943548387096774
centerY: 0.15388999715018523
width: 0.036290322580645164
height: 0.022513536620119692
Area: 0.00037553204203017126
CentroidX: 0.0980
CentroidY: 0.1637
