Location: Dedata_14.png_Gaussian-Closing.png
Component: component_1755519998408_92.png
centerX: 0.33145161290322583
centerY: 0.2285551439156455
width: 0.03870967741935484
height: 0.022798518096323737
Area: 0.00034933213212108956
CentroidX: 0.3507
CentroidY: 0.2396
