Location: Dedata_14.png_Mean-Medain.png
Component: component_1755519998552_225.png
centerX: 0.02217741935483871
centerY: 0.5998860074095184
width: 0.039112903225806454
height: 0.028783129096608722
Area: 0.0007008475900679359
CentroidX: 0.0425
CentroidY: 0.6142
