Location: Dedata_14.png_Mean-Medain.png
Component: component_1755519998506_29.png
centerX: 0.29274193548387095
centerY: 0.053576517526360785
width: 0.04153225806451613
height: 0.025648332858364205
Area: 0.00045953263037902536
CentroidX: 0.3149
CentroidY: 0.0644
