Location: internet_24.png_Gaussian-Median.png
Component: component_1755081215822_81.png
centerX: 0.5211608222490931
centerY: 0.15939549472483605
width: 0.05078597339782346
height: 0.03450242372398061
Area: 0.0006617731313442672
CentroidX: 0.5471
CentroidY: 0.1726
