Location: Dedata_14.png_Mean-Closing.png
Component: component_1755519998302_111.png
centerX: 0.13588709677419356
centerY: 0.2764320319179253
width: 0.04153225806451613
height: 0.023938444001139925
Area: 0.00046642734351299425
CentroidX: 0.1561
CentroidY: 0.2873
