Location: internet_24.png_Gaussian-Closing.png
Component: component_1755081215288_39.png
centerX: 0.012898024989923419
centerY: 0.11491303108069575
width: 0.05280128980249899
height: 0.040490447676076416
Area: 0.0007570509927344022
CentroidX: 0.0406
CentroidY: 0.1318
