Location: Dedata_14.png_Mean-Medain.png
Component: component_1755519998540_172.png
centerX: 0.3842741935483871
centerY: 0.43203191792533485
width: 0.0375
height: 0.027358221715588486
Area: 0.0005480147822649592
CentroidX: 0.4023
CentroidY: 0.4447
