Location: Dedata_14.png_Gaussian-Closing.png
Component: component_1755519998401_78.png
centerX: 0.1435483870967742
centerY: 0.19350242234254775
width: 0.05
height: 0.02536335138216016
Area: 0.0004437897020564631
CentroidX: 0.1664
CentroidY: 0.2040
