Location: internet_24.png_Otsu.png
Component: component_1755081216041_1195.png
centerX: 0.22289399435711407
centerY: 0.733675506130596
width: 0.0471584038694075
height: 0.035642999714856
Area: 0.0005083401458728194
CentroidX: 0.2443
CentroidY: 0.7478
