Location: Dedata_14.png_Mean-Medain.png
Component: component_1755519998522_101.png
centerX: 0.7362903225806452
centerY: 0.24593901396409235
width: 0.04112903225806452
height: 0.020518666286691366
Area: 0.0003674882100405409
CentroidX: 0.7548
CentroidY: 0.2561
