Location: Dedata_14.png_Gaussian-Closing.png
Component: component_1755519998445_262.png
centerX: 0.3987903225806452
centerY: 0.7358221715588487
width: 0.04314516129032258
height: 0.029923055001424906
Area: 0.0006275338070767336
CentroidX: 0.4210
CentroidY: 0.7485
