Location: Dedata_14.png_Otsu.png
Component: component_1755519998172_301.png
centerX: 0.7322580645161291
centerY: 0.6064405813622115
width: 0.0467741935483871
height: 0.027643203191792535
Area: 0.0006615477252043133
CentroidX: 0.7567
CentroidY: 0.6188
