Location: Dedata_14.png_Mean-Medain.png
Component: component_1755519998563_259.png
centerX: 0.532258064516129
centerY: 0.7278426902251354
width: 0.04879032258064516
height: 0.02792818466799658
Area: 0.0007360106270511772
CentroidX: 0.5580
CentroidY: 0.7414
