Location: internet_24.png_Mean-Medain.png
Component: component_1755081215711_144.png
centerX: 0.6106408706166868
centerY: 0.4992871400057029
width: 0.045949214026602174
height: 0.03421727972626176
Area: 0.0005421298819991157
CentroidX: 0.6328
CentroidY: 0.5122
