Location: internet_24.png_Mean-Medain.png
Component: component_1755081215566_5.png
centerX: 0.5558242644095123
centerY: 0.009124607927003137
width: 0.046352277307537285
height: 0.03222127174222983
Area: 0.0005928144861885603
CentroidX: 0.5786
CentroidY: 0.0224
