Location: Dedata_14.png_Otsu.png
Component: component_1755519998009_84.png
centerX: 0.3455645161290323
centerY: 0.18409803362781418
width: 0.04032258064516129
height: 0.025933314334568254
Area: 0.0002515421175042977
CentroidX: 0.3645
CentroidY: 0.1945
