Location: internet_24.png_Otsu.png
Component: component_1755081216036_1139.png
centerX: 0.43933897621926643
centerY: 0.6643855146849159
width: 0.04514308746473196
height: 0.036783575705731396
Area: 0.0005562664042560357
CentroidX: 0.4613
CentroidY: 0.6782
