Location: Dedata_14.png_Otsu.png
Component: component_1755519998172_300.png
centerX: 0.7975806451612903
centerY: 0.6018808777429467
width: 0.04717741935483871
height: 0.03134796238244514
Area: 0.0006906204322525487
CentroidX: 0.8221
CentroidY: 0.6159
