Location: Dedata_14.png_Otsu.png
Component: component_1755519998002_41.png
centerX: 0.4120967741935484
centerY: 0.09119407238529495
width: 0.03669354838709677
height: 0.024223425477343973
Area: 0.00030164369961113816
CentroidX: 0.4300
CentroidY: 0.1025
