Location: Dedata_14.png_Mean-Medain.png
Component: component_1755519998502_22.png
centerX: 0.8963709677419355
centerY: 0.04616699914505557
width: 0.03790322580645161
height: 0.023083499572527786
Area: 0.0003962161814320779
CentroidX: 0.9137
CentroidY: 0.0573
