Location: internet_24.png_Gaussian-Closing.png
Component: component_1755081215320_182.png
centerX: 0.939540507859734
centerY: 0.6290276589677787
width: 0.044740024183796856
height: 0.03877958368976333
Area: 0.0005504049194178006
CentroidX: 0.9594
CentroidY: 0.6448
