Location: internet_24.png_Gaussian-Closing.png
Component: component_1755081215318_172.png
centerX: 0.07980652962515115
centerY: 0.5862560593099515
width: 0.05038291011688835
height: 0.033361847733105215
Area: 0.0006372928123139913
CentroidX: 0.1050
CentroidY: 0.5997
