Location: Dedata_14.png_Otsu.png
Component: component_1755519998152_289.png
centerX: 0.55
centerY: 0.5654032487888287
width: 0.039112903225806454
height: 0.0262182958107723
Area: 0.0005308929113156032
CentroidX: 0.5704
CentroidY: 0.5780
