Location: internet_24.png_Mean-Medain.png
Component: component_1755081215749_235.png
centerX: 0.5437323659814591
centerY: 0.827487881380097
width: 0.04796453043127771
height: 0.03450242372398061
Area: 0.0008380774007923579
CentroidX: 0.5673
CentroidY: 0.8419
