Location: Dedata_14.png_Otsu.png
Component: component_1755519998178_303.png
centerX: 0.582258064516129
centerY: 0.6152750071245369
width: 0.05040322580645161
height: 0.02821316614420063
Area: 0.0007312992397429651
CentroidX: 0.6075
CentroidY: 0.6287
