Location: Dedata_14.png_Mean-Medain.png
Component: component_1755519998546_198.png
centerX: 0.08709677419354839
centerY: 0.5066970646907951
width: 0.043548387096774194
height: 0.028783129096608722
Area: 0.0006179961205747433
CentroidX: 0.1097
CentroidY: 0.5192
