Location: Dedata_14.png_Gaussian-Closing.png
Component: component_1755519998418_143.png
centerX: 0.25766129032258067
centerY: 0.3542319749216301
width: 0.041935483870967745
height: 0.024223425477343973
Area: 0.0005358341223949476
CentroidX: 0.2781
CentroidY: 0.3662
