Location: internet_24.png_Otsu.png
Component: component_1755081215976_4.png
centerX: 0.4079000403063281
centerY: 0.009409751924721984
width: 0.04191858121725111
height: 0.03507271171941831
Area: 0.0005154658725389091
CentroidX: 0.4269
CentroidY: 0.0236
