Location: Dedata_14.png_Gaussian-Closing.png
Component: component_1755519998387_23.png
centerX: 0.5399193548387097
centerY: 0.04787688800227985
width: 0.03306451612903226
height: 0.022228555143915644
Area: 0.0003553075501705292
CentroidX: 0.5575
CentroidY: 0.0583
