Location: internet_24.png_Gaussian-Median.png
Component: component_1755081215857_250.png
centerX: 0.5135026199113261
centerY: 0.7108639863130881
width: 0.05078597339782346
height: 0.03364699173082407
Area: 0.0005825856204904637
CentroidX: 0.5381
CentroidY: 0.7242
