Location: internet_24.png_Gaussian-Median.png
Component: component_1755081215824_98.png
centerX: 0.5251914550584442
centerY: 0.21129170230966637
width: 0.0592503022974607
height: 0.03421727972626176
Area: 0.0006164902876920196
CentroidX: 0.5535
CentroidY: 0.2234
