Location: Dedata_14.png_Mean-Medain.png
Component: component_1755519998508_36.png
centerX: 0.7713709677419355
centerY: 0.08150470219435736
width: 0.036290322580645164
height: 0.023938444001139925
Area: 0.00034990669154892027
CentroidX: 0.7881
CentroidY: 0.0918
