Location: internet_24.png_Gaussian-Median.png
Component: component_1755081215857_247.png
centerX: 0.7271261588069327
centerY: 0.7034502423723981
width: 0.049979846835953246
height: 0.03507271171941831
Area: 0.0005882172431781798
CentroidX: 0.7508
CentroidY: 0.7168
