Location: internet_24.png_Otsu.png
Component: component_1755081215991_719.png
centerX: 0.6807738814993954
centerY: 0.1568291987453664
width: 0.04877065699314793
height: 0.037639007698887936
Area: 0.0005775286531790453
CentroidX: 0.7050
CentroidY: 0.1718
