Location: internet_24.png_Mean-Medain.png
Component: component_1755081215712_148.png
centerX: 0.9081015719467956
centerY: 0.5155403478756773
width: 0.0471584038694075
height: 0.036213287710293696
Area: 0.0007070559749965147
CentroidX: 0.9312
CentroidY: 0.5305
