Location: Dedata_14.png_Otsu.png
Component: component_1755519998016_159.png
centerX: 0.3258064516129032
centerY: 0.26503277286976346
width: 0.036290322580645164
height: 0.021658592191507554
Area: 0.00027038766673714593
CentroidX: 0.3452
CentroidY: 0.2760
