Location: Dedata_14.png_Otsu.png
Component: component_1755519998148_280.png
centerX: 0.2879032258064516
centerY: 0.536905101168424
width: 0.041935483870967745
height: 0.025648332858364205
Area: 0.0005763980179997977
CentroidX: 0.3086
CentroidY: 0.5488
