Location: Dedata_14.png_Gaussian-Closing.png
Component: component_1755519998387_25.png
centerX: 0.4782258064516129
centerY: 0.04930179538330009
width: 0.03669354838709677
height: 0.022228555143915644
Area: 0.0003773706321992296
CentroidX: 0.4966
CentroidY: 0.0598
