Location: internet_24.png_Gaussian-Closing.png
Component: component_1755081215333_234.png
centerX: 0.615074566706973
centerY: 0.8195038494439693
width: 0.051189036678758564
height: 0.036783575705731396
Area: 0.0008503750258451255
CentroidX: 0.6402
CentroidY: 0.8351
