Location: Dedata_14.png_Otsu.png
Component: component_1755519998007_72.png
centerX: 0.7290322580645161
centerY: 0.16215445996010258
width: 0.037096774193548385
height: 0.021373610715303505
Area: 0.00025211667693212844
CentroidX: 0.7459
CentroidY: 0.1723
