Location: Dedata_14.png_Otsu.png
Component: component_1755519998180_306.png
centerX: 0.369758064516129
centerY: 0.6312339697919636
width: 0.046370967741935484
height: 0.032487888287261325
Area: 0.0006801634506660292
CentroidX: 0.3927
CentroidY: 0.6458
