Location: internet_24.png_Otsu.png
Component: component_1755081216009_958.png
centerX: 0.6279725916968965
centerY: 0.44425434844596523
width: 0.05280128980249899
height: 0.03222127174222983
Area: 0.00047064275318769956
CentroidX: 0.6530
CentroidY: 0.4570
