Location: Dedata_14.png_Mean-Closing.png
Component: component_1755519998301_109.png
centerX: 0.19516129032258064
centerY: 0.2727272727272727
width: 0.041935483870967745
height: 0.023083499572527786
Area: 0.0004795272984675351
CentroidX: 0.2161
CentroidY: 0.2841
