Location: Dedata_14.png_Mean-Closing.png
Component: component_1755519998305_126.png
centerX: 0.9193548387096774
centerY: 0.31518951268167567
width: 0.0407258064516129
height: 0.026503277286976348
Area: 0.0006027128397944456
CentroidX: 0.9404
CentroidY: 0.3270
