Location: internet_24.png_Otsu.png
Component: component_1755081216018_1057.png
centerX: 0.3954050785973398
centerY: 0.5617336755061306
width: 0.04836759371221282
height: 0.035357855717137156
Area: 0.00035778043728285926
CentroidX: 0.4173
CentroidY: 0.5746
