Location: Dedata_14.png_Mean-Closing.png
Component: component_1755519998297_88.png
centerX: 0.4592741935483871
centerY: 0.21915075520091193
width: 0.0467741935483871
height: 0.021373610715303505
Area: 0.000455395802498644
CentroidX: 0.4795
CentroidY: 0.2298
