Location: internet_24.png_Otsu.png
Component: component_1755081216000_872.png
centerX: 0.0951229343006852
centerY: 0.2868548617051611
width: 0.05401047964530431
height: 0.036213287710293696
Area: 0.0006112034582300821
CentroidX: 0.1208
CentroidY: 0.2992
