Location: Dedata_14.png_Otsu.png
Component: component_1755519998186_325.png
centerX: 0.02379032258064516
centerY: 0.6982046166999145
width: 0.04233870967741935
height: 0.03163294385864919
Area: 0.0006163873541768172
CentroidX: 0.0463
CentroidY: 0.7113
