Location: internet_24.png_Gaussian-Median.png
Component: component_1755081215870_304.png
centerX: 0.10157194679564692
centerY: 0.9093242087254063
width: 0.05280128980249899
height: 0.03877958368976333
Area: 0.0008660056520804192
CentroidX: 0.1284
CentroidY: 0.9247
