Location: Dedata_14.png_Mean-Closing.png
Component: component_1755519998312_154.png
centerX: 0.39233870967741935
centerY: 0.38928469649472786
width: 0.039919354838709675
height: 0.02365346252493588
Area: 0.0005701927761792258
CentroidX: 0.4116
CentroidY: 0.4014
