Location: internet_24.png_Otsu.png
Component: component_1755081215978_20.png
centerX: 0.264006449012495
centerY: 0.011690903906472769
width: 0.03990326481257558
height: 0.03735386370116909
Area: 0.0005510945058693576
CentroidX: 0.2839
CentroidY: 0.0260
