Location: Dedata_14.png_Otsu.png
Component: component_1755519998011_100.png
centerX: 0.7088709677419355
centerY: 0.20689655172413793
width: 0.03185483870967742
height: 0.02336848104873183
Area: 0.0002484394965940117
CentroidX: 0.7255
CentroidY: 0.2167
