Location: internet_24.png_Gaussian-Closing.png
Component: component_1755081215320_184.png
centerX: 0.147118097541314
centerY: 0.634160250926718
width: 0.04433696090286175
height: 0.03022526375819789
Area: 0.000594308590166934
CentroidX: 0.1690
CentroidY: 0.6465
