Location: internet_24.png_Otsu.png
Component: component_1755081216036_1142.png
centerX: 0.21765417170495768
centerY: 0.6857713145138294
width: 0.04836759371221282
height: 0.03279155973766752
Area: 0.0005821258961894257
CentroidX: 0.2407
CentroidY: 0.6986
