Location: Dedata_14.png_Mean-Closing.png
Component: component_1755519998288_68.png
centerX: 0.7286290322580645
centerY: 0.16186947848389854
width: 0.03790322580645161
height: 0.021658592191507554
Area: 0.0003962161814320779
CentroidX: 0.7464
CentroidY: 0.1722
