Location: internet_24.png_Mean-Medain.png
Component: component_1755081215695_116.png
centerX: 0.016122531237404272
centerY: 0.39264328485885375
width: 0.05038291011688835
height: 0.035357855717137156
Area: 0.000675449929300149
CentroidX: 0.0406
CentroidY: 0.4072
