Location: Dedata_14.png_Mean-Closing.png
Component: component_1755519998327_225.png
centerX: 0.7971774193548387
centerY: 0.6015958962667427
width: 0.04798387096774193
height: 0.031917925334853235
Area: 0.000772437694775646
CentroidX: 0.8222
CentroidY: 0.6159
