Location: internet_24.png_Gaussian-Closing.png
Component: component_1755081215316_163.png
centerX: 0.5219669488109633
centerY: 0.5526090675791274
width: 0.04433696090286175
height: 0.034787567721699456
Area: 0.0005469569871600152
CentroidX: 0.5436
CentroidY: 0.5661
