Location: internet_24.png_Gaussian-Closing.png
Component: component_1755081215285_19.png
centerX: 0.4091092301491334
centerY: 0.058454519532363844
width: 0.06126561870213623
height: 0.04505275163957799
Area: 0.0008807168297136366
CentroidX: 0.4389
CentroidY: 0.0769
