Location: Dedata_14.png_Mean-Medain.png
Component: component_1755519998541_177.png
centerX: 0.8302419354838709
centerY: 0.4442861214021089
width: 0.039919354838709675
height: 0.02365346252493588
Area: 0.0006142040283510604
CentroidX: 0.8505
CentroidY: 0.4557
