Location: Dedata_14.png_Mean-Medain.png
Component: component_1755519998501_19.png
centerX: 0.771774193548387
centerY: 0.0438871473354232
width: 0.031451612903225803
height: 0.025933314334568254
Area: 0.00039127497035273354
CentroidX: 0.7881
CentroidY: 0.0551
