Location: Dedata_14.png_Mean-Closing.png
Component: component_1755519998310_147.png
centerX: 0.016129032258064516
centerY: 0.36734112282701625
width: 0.03870967741935484
height: 0.02821316614420063
Area: 0.000531582382629
CentroidX: 0.0352
CentroidY: 0.3801
