Location: Dedata_14.png_Mean-Medain.png
Component: component_1755519998529_128.png
centerX: 0.9193548387096774
centerY: 0.3149045312054716
width: 0.0407258064516129
height: 0.026788258763180393
Area: 0.000603747046764541
CentroidX: 0.9404
CentroidY: 0.3270
