Location: internet_24.png_Gaussian-Median.png
Component: component_1755081215823_93.png
centerX: 0.8460298266827891
centerY: 0.19931565440547477
width: 0.046352277307537285
height: 0.03706871970345024
Area: 0.0006064912841444422
CentroidX: 0.8688
CentroidY: 0.2133
