Location: internet_24.png_Otsu.png
Component: component_1755081216009_954.png
centerX: 0.01128577186618299
centerY: 0.4411177644710579
width: 0.045949214026602174
height: 0.030795551753635585
Area: 0.0004909855535086331
CentroidX: 0.0344
CentroidY: 0.4525
