Location: internet_24.png_Gaussian-Median.png
Component: component_1755081215841_173.png
centerX: 0.871825876662636
centerY: 0.47790134017678926
width: 0.04070939137444579
height: 0.029369831765041345
Area: 0.00047064275318769956
CentroidX: 0.8918
CentroidY: 0.4896
