Location: internet_24.png_Otsu.png
Component: component_1755081215993_733.png
centerX: 0.013301088270858524
centerY: 0.16937553464499572
width: 0.046352277307537285
height: 0.04220131166238951
Area: 0.0007114233558563761
CentroidX: 0.0362
CentroidY: 0.1848
