Location: internet_24.png_Gaussian-Closing.png
Component: component_1755081215299_94.png
centerX: 0.6908504635227731
centerY: 0.2971200456230396
width: 0.05199516324062878
height: 0.036783575705731396
Area: 0.0006577505437101843
CentroidX: 0.7166
CentroidY: 0.3123
