Location: Dedata_14.png_Mean-Closing.png
Component: component_1755519998276_20.png
centerX: 0.7165322580645161
centerY: 0.04588201766885153
width: 0.03225806451612903
height: 0.0219435736677116
Area: 0.00038035834122394945
CentroidX: 0.7329
CentroidY: 0.0562
