Location: internet_24.png_Mean-Medain.png
Component: component_1755081215607_28.png
centerX: 0.9334945586457074
centerY: 0.06529797547761619
width: 0.053607416364369206
height: 0.03165098374679213
Area: 0.0006987809375778299
CentroidX: 0.9596
CentroidY: 0.0780
