Location: Dedata_14.png_Mean-Medain.png
Component: component_1755519998511_50.png
centerX: 0.9120967741935484
centerY: 0.12168709033912796
width: 0.0407258064516129
height: 0.025933314334568254
Area: 0.00042368012208238723
CentroidX: 0.9311
CentroidY: 0.1336
