Location: internet_24.png_Mean-Medain.png
Component: component_1755081215650_57.png
centerX: 0.3571140669085046
centerY: 0.1596806387225549
width: 0.05401047964530431
height: 0.03792415169660679
Area: 0.0007619930289705612
CentroidX: 0.3851
CentroidY: 0.1745
