Location: internet_24.png_Gaussian-Median.png
Component: component_1755081215830_124.png
centerX: 0.6908504635227731
centerY: 0.2971200456230396
width: 0.05239822652156389
height: 0.036783575705731396
Area: 0.0006607387516669316
CentroidX: 0.7166
CentroidY: 0.3122
