Location: Dedata_14.png_Gaussian-Closing.png
Component: component_1755519998417_137.png
centerX: 0.625
centerY: 0.32972356796808205
width: 0.04233870967741935
height: 0.024793388429752067
Area: 0.0005090596530580351
CentroidX: 0.6440
CentroidY: 0.3427
