Location: Dedata_14.png_Gaussian-Closing.png
Component: component_1755519998445_264.png
centerX: 0.2508064516129032
centerY: 0.7406668566543174
width: 0.04516129032258064
height: 0.0262182958107723
Area: 0.000658215280522895
CentroidX: 0.2742
CentroidY: 0.7533
