Location: internet_24.png_Gaussian-Closing.png
Component: component_1755081215287_31.png
centerX: 0.5163240628778718
centerY: 0.10635871114913031
width: 0.053204353083434096
height: 0.03792415169660679
Area: 0.0006633821663979004
CentroidX: 0.5430
CentroidY: 0.1211
