Location: Dedata_14.png_Gaussian-Closing.png
Component: component_1755519998418_142.png
centerX: 0.3165322580645161
centerY: 0.3485323453975492
width: 0.038306451612903226
height: 0.02792818466799658
Area: 0.0005374428887928737
CentroidX: 0.3363
CentroidY: 0.3616
