Location: Dedata_14.png_Mean-Closing.png
Component: component_1755519998280_36.png
centerX: 0.8875
centerY: 0.08150470219435736
width: 0.03951612903225806
height: 0.028783129096608722
Area: 0.00035025142720561874
CentroidX: 0.9058
CentroidY: 0.0932
