Location: Dedata_14.png_Mean-Medain.png
Component: component_1755519998534_145.png
centerX: 0.19153225806451613
centerY: 0.3602165859219151
width: 0.04153225806451613
height: 0.02365346252493588
Area: 0.0005692734810946965
CentroidX: 0.2126
CentroidY: 0.3724
