Location: internet_24.png_Mean-Medain.png
Component: component_1755081215619_41.png
centerX: 0.09351068117694478
centerY: 0.11405759908753921
width: 0.06690850463522773
height: 0.04220131166238951
Area: 0.0009081853567006598
CentroidX: 0.1259
CentroidY: 0.1309
