Location: internet_24.png_Gaussian-Closing.png
Component: component_1755081215287_34.png
centerX: 0.4365175332527207
centerY: 0.10778443113772455
width: 0.05078597339782346
height: 0.03792415169660679
Area: 0.000640166089195479
CentroidX: 0.4605
CentroidY: 0.1229
