Location: internet_24.png_Gaussian-Median.png
Component: component_1755081215860_259.png
centerX: 0.0177347843611447
centerY: 0.7502138579982891
width: 0.04191858121725111
height: 0.033932135728542916
Area: 0.0005481062979126103
CentroidX: 0.0379
CentroidY: 0.7643
