Location: internet_24.png_Otsu.png
Component: component_1755081215998_866.png
centerX: 0.44256348246674726
centerY: 0.26889078984887366
width: 0.05441354292623942
height: 0.03735386370116909
Area: 0.0005849991730709135
CentroidX: 0.4697
CentroidY: 0.2821
