Location: internet_24.png_Gaussian-Median.png
Component: component_1755081215842_177.png
centerX: 0.7452640064490125
centerY: 0.48674080410607357
width: 0.044740024183796856
height: 0.03307670373538637
Area: 0.0005179943561946183
CentroidX: 0.7665
CentroidY: 0.4999
