Location: Dedata_14.png_Gaussian-Closing.png
Component: component_1755519998386_18.png
centerX: 0.771774193548387
centerY: 0.04417212881162724
width: 0.031451612903225803
height: 0.025648332858364205
Area: 0.0003701311834085623
CentroidX: 0.7880
CentroidY: 0.0551
