Location: internet_24.png_Gaussian-Closing.png
Component: component_1755081215308_135.png
centerX: 0.4042724707779121
centerY: 0.4613629883090961
width: 0.04796453043127771
height: 0.03051040775591674
Area: 0.0005198332533987705
CentroidX: 0.4276
CentroidY: 0.4746
