Location: Dedata_14.png_Otsu.png
Component: component_1755519998011_106.png
centerX: 0.5245967741935483
centerY: 0.21630094043887146
width: 0.034274193548387094
height: 0.02336848104873183
Area: 0.00021500013789426268
CentroidX: 0.5408
CentroidY: 0.2267
