Location: Dedata_14.png_Otsu.png
Component: component_1755519998009_88.png
centerX: 0.2120967741935484
centerY: 0.1915075520091194
width: 0.037096774193548385
height: 0.024508406953548018
Area: 0.00025832191875270043
CentroidX: 0.2310
CentroidY: 0.2020
