Location: Dedata_14.png_Gaussian-Closing.png
Component: component_1755519998395_55.png
centerX: 0.6036290322580645
centerY: 0.12909660872043316
width: 0.04314516129032258
height: 0.021373610715303505
Area: 0.00036633909118487945
CentroidX: 0.6241
CentroidY: 0.1398
