Location: Dedata_14.png_Mean-Closing.png
Component: component_1755519998287_65.png
centerX: 0.8467741935483871
centerY: 0.1578797378170419
width: 0.03588709677419355
height: 0.026788258763180393
Area: 0.00039564162200424717
CentroidX: 0.8647
CentroidY: 0.1693
