Location: internet_24.png_Gaussian-Closing.png
Component: component_1755081215312_149.png
centerX: 0.39298669891172916
centerY: 0.5126889078984888
width: 0.04917372027408303
height: 0.036213287710293696
Area: 0.0005544275070518835
CentroidX: 0.4169
CentroidY: 0.5263
