Location: internet_24.png_Otsu.png
Component: component_1755081216029_1133.png
centerX: 0.007255139056831923
centerY: 0.6427145708582834
width: 0.037484885126964934
height: 0.031936127744510975
Area: 0.0005618980269437517
CentroidX: 0.0254
CentroidY: 0.6556
