Location: Dedata_14.png_Otsu.png
Component: component_1755519998003_45.png
centerX: 0.14153225806451614
centerY: 0.10287831290966087
width: 0.04153225806451613
height: 0.026503277286976348
Area: 0.00039495215069085027
CentroidX: 0.1629
CentroidY: 0.1145
