Location: Dedata_14.png_Mean-Closing.png
Component: component_1755519998310_148.png
centerX: 0.06895161290322581
centerY: 0.36791108577942433
width: 0.0407258064516129
height: 0.025933314334568254
Area: 0.0005083701817446382
CentroidX: 0.0892
CentroidY: 0.3796
