Location: internet_24.png_Otsu.png
Component: component_1755081215991_722.png
centerX: 0.5211608222490931
centerY: 0.15939549472483605
width: 0.05038291011688835
height: 0.03450242372398061
Area: 0.0005858036905977301
CentroidX: 0.5468
CentroidY: 0.1726
