Location: internet_24.png_Otsu.png
Component: component_1755081216024_1123.png
centerX: 0.35268037081821846
centerY: 0.6184773310521814
width: 0.04796453043127771
height: 0.03136583974907328
Area: 0.0006117781136063797
CentroidX: 0.3772
CentroidY: 0.6317
