Location: Dedata_14.png_Otsu.png
Component: component_1755519998148_282.png
centerX: 0.22096774193548388
centerY: 0.5417497862638928
width: 0.04153225806451613
height: 0.026788258763180393
Area: 0.0005919111225512277
CentroidX: 0.2429
CentroidY: 0.5542
