Location: Dedata_14.png_Mean-Closing.png
Component: component_1755519998304_121.png
centerX: 0.4459677419354839
centerY: 0.2980906241094329
width: 0.039919354838709675
height: 0.024793388429752067
Area: 0.000543992866270144
CentroidX: 0.4662
CentroidY: 0.3103
