Location: internet_24.png_Gaussian-Closing.png
Component: component_1755081215293_70.png
centerX: 0.6815800080612656
centerY: 0.2030225263758198
width: 0.05038291011688835
height: 0.039635015682919876
Area: 0.000655451922204994
CentroidX: 0.7064
CentroidY: 0.2188
