Location: Dedata_14.png_Mean-Medain.png
Component: component_1755519998557_241.png
centerX: 0.7967741935483871
centerY: 0.6611570247933884
width: 0.04838709677419355
height: 0.029353092049016812
Area: 0.0007418711332150507
CentroidX: 0.8211
CentroidY: 0.6741
