Location: internet_24.png_Gaussian-Closing.png
Component: component_1755081215319_178.png
centerX: 0.501813784764208
centerY: 0.6065012831479898
width: 0.04433696090286175
height: 0.03051040775591674
Area: 0.0005863783459740277
CentroidX: 0.5236
CentroidY: 0.6198
