Location: Dedata_14.png_Otsu.png
Component: component_1755519997996_17.png
centerX: 0.7721774193548387
centerY: 0.04417212881162724
width: 0.03064516129032258
height: 0.02536335138216016
Area: 0.0003252006361521985
CentroidX: 0.7879
CentroidY: 0.0550
