Location: internet_24.png_Gaussian-Median.png
Component: component_1755081215824_95.png
centerX: 0.7601773478436115
centerY: 0.20216709438266325
width: 0.060459492140266025
height: 0.036213287710293696
Area: 0.0007509596457456481
CentroidX: 0.7899
CentroidY: 0.2172
