Location: Dedata_14.png_Mean-Closing.png
Component: component_1755519998337_272.png
centerX: 0.4032258064516129
centerY: 0.786548874323169
width: 0.04435483870967742
height: 0.030208036477628954
Area: 0.0007010774138390682
CentroidX: 0.4256
CentroidY: 0.7993
