Location: internet_24.png_Mean-Medain.png
Component: component_1755081215569_10.png
centerX: 0.7863764611043934
centerY: 0.011120615911035072
width: 0.05280128980249899
height: 0.03792415169660679
Area: 0.0007671649273572393
CentroidX: 0.8123
CentroidY: 0.0260
