Location: Dedata_14.png_Gaussian-Closing.png
Component: component_1755519998412_114.png
centerX: 0.13588709677419356
centerY: 0.2764320319179253
width: 0.041935483870967745
height: 0.024223425477343973
Area: 0.0004265529192215409
CentroidX: 0.1562
CentroidY: 0.2873
