Location: Dedata_14.png_Mean-Medain.png
Component: component_1755519998516_76.png
centerX: 0.34516129032258064
centerY: 0.18381305215161015
width: 0.04112903225806452
height: 0.026503277286976348
Area: 0.0004106950790134125
CentroidX: 0.3652
CentroidY: 0.1944
