Location: internet_24.png_Otsu.png
Component: component_1755081216046_1252.png
centerX: 0.08665860540104796
centerY: 0.8009694895922441
width: 0.04917372027408303
height: 0.030795551753635585
Area: 0.000479492445982682
CentroidX: 0.1107
CentroidY: 0.8128
