Location: Dedata_14.png_Mean-Closing.png
Component: component_1755519998315_170.png
centerX: 0.3842741935483871
centerY: 0.4323168994015389
width: 0.0375
height: 0.02707324023938444
Area: 0.0005474402228371285
CentroidX: 0.4023
CentroidY: 0.4447
