Location: internet_24.png_Gaussian-Median.png
Component: component_1755081215812_16.png
centerX: 0.9403466344216042
centerY: 0.015112631879098944
width: 0.053607416364369206
height: 0.04077559167379527
Area: 0.0006913104176859617
CentroidX: 0.9653
CentroidY: 0.0311
