Location: internet_24.png_Mean-Medain.png
Component: component_1755081215738_207.png
centerX: 0.44095122934300685
centerY: 0.7151411462788708
width: 0.04836759371221282
height: 0.03507271171941831
Area: 0.0006375226744645102
CentroidX: 0.4639
CentroidY: 0.7298
