Location: Dedata_14.png_Gaussian-Closing.png
Component: component_1755519998442_246.png
centerX: 0.5189516129032258
centerY: 0.6791108577942434
width: 0.050806451612903224
height: 0.030208036477628954
Area: 0.0007196931393007841
CentroidX: 0.5446
CentroidY: 0.6921
