Location: Dedata_14.png_Mean-Medain.png
Component: component_1755519998568_276.png
centerX: 0.2568548387096774
centerY: 0.792533485323454
width: 0.04395161290322581
height: 0.028498147620404674
Area: 0.0006751073277011188
CentroidX: 0.2793
CentroidY: 0.8045
