Location: Dedata_14.png_Mean-Medain.png
Component: component_1755519998559_248.png
centerX: 0.307258064516129
centerY: 0.6902251353662012
width: 0.04959677419354839
height: 0.030777999430037048
Area: 0.0007689903382086616
CentroidX: 0.3328
CentroidY: 0.7034
