Location: Dedata_14.png_Gaussian-Closing.png
Component: component_1755519998399_73.png
centerX: 0.4786290322580645
centerY: 0.17298375605585636
width: 0.035483870967741936
height: 0.026788258763180393
Area: 0.0003867934068156538
CentroidX: 0.4975
CentroidY: 0.1855
