Location: Dedata_14.png_Otsu.png
Component: component_1755519998143_267.png
centerX: 0.7967741935483871
centerY: 0.4952978056426332
width: 0.049193548387096775
height: 0.023938444001139925
Area: 0.0006032873992222763
CentroidX: 0.8205
CentroidY: 0.5075
