Location: internet_24.png_Mean-Medain.png
Component: component_1755081215679_87.png
centerX: 0.9278516727126159
centerY: 0.2840034217279726
width: 0.058847239016525596
height: 0.035642999714856
Area: 0.0007095844586522239
CentroidX: 0.9557
CentroidY: 0.2984
