Location: internet_24.png_Gaussian-Closing.png
Component: component_1755081215333_230.png
centerX: 0.9081015719467956
centerY: 0.8100940975192472
width: 0.049979846835953246
height: 0.035642999714856
Area: 0.0007440637812300774
CentroidX: 0.9319
CentroidY: 0.8245
