Location: Dedata_14.png_Mean-Medain.png
Component: component_1755519998518_86.png
centerX: 0.7080645161290322
centerY: 0.2066115702479339
width: 0.03346774193548387
height: 0.024223425477343973
Area: 0.0004137976999236985
CentroidX: 0.7258
CentroidY: 0.2168
