Location: Dedata_14.png_Mean-Medain.png
Component: component_1755519998550_212.png
centerX: 0.6685483870967742
centerY: 0.5520091194072385
width: 0.04153225806451613
height: 0.030777999430037048
Area: 0.0007013072376102005
CentroidX: 0.6914
CentroidY: 0.5665
