Location: internet_24.png_Mean-Medain.png
Component: component_1755081215696_117.png
centerX: 0.6392583635630794
centerY: 0.3980610208155118
width: 0.051189036678758564
height: 0.03307670373538637
Area: 0.0005658056835025751
CentroidX: 0.6642
CentroidY: 0.4118
