Location: Dedata_14.png_Mean-Closing.png
Component: component_1755519998289_72.png
centerX: 0.4782258064516129
centerY: 0.17298375605585636
width: 0.036290322580645164
height: 0.026788258763180393
Area: 0.000434366927440039
CentroidX: 0.4974
CentroidY: 0.1854
