Location: Dedata_14.png_Otsu.png
Component: component_1755519998029_239.png
centerX: 0.07540322580645162
centerY: 0.4132231404958678
width: 0.04112903225806452
height: 0.028498147620404674
Area: 0.0005389367433052335
CentroidX: 0.0966
CentroidY: 0.4264
