Location: internet_24.png_Gaussian-Median.png
Component: component_1755081215870_303.png
centerX: 0.25755743651753327
centerY: 0.9076133447390933
width: 0.04877065699314793
height: 0.03849443969204448
Area: 0.0008663504453061976
CentroidX: 0.2815
CentroidY: 0.9233
