Location: Dedata_14.png_Gaussian-Closing.png
Component: component_1755519998391_42.png
centerX: 0.475
centerY: 0.09318894271872329
width: 0.032661290322580645
height: 0.021658592191507554
Area: 0.00031014717914303313
CentroidX: 0.4923
CentroidY: 0.1027
