Location: Dedata_14.png_Otsu.png
Component: component_1755519998000_31.png
centerX: 0.08387096774193549
centerY: 0.06497577657452265
width: 0.041935483870967745
height: 0.023938444001139925
Area: 0.0003542733432004339
CentroidX: 0.1052
CentroidY: 0.0751
