Location: Dedata_14.png_Mean-Closing.png
Component: component_1755519998287_62.png
centerX: 0.13830645161290323
centerY: 0.14933029353092048
width: 0.04112903225806452
height: 0.025648332858364205
Area: 0.0004232204745401226
CentroidX: 0.1596
CentroidY: 0.1600
