Location: Dedata_14.png_Otsu.png
Component: component_1755519998012_113.png
centerX: 0.3318548387096774
centerY: 0.22884012539184953
width: 0.03669354838709677
height: 0.021373610715303505
Area: 0.00022212467479936385
CentroidX: 0.3504
CentroidY: 0.2399
