Location: internet_24.png_Gaussian-Median.png
Component: component_1755081215858_252.png
centerX: 0.3675937122128174
centerY: 0.7245508982035929
width: 0.042724707779121324
height: 0.031080695751354435
Area: 0.0005162703900657256
CentroidX: 0.3882
CentroidY: 0.7377
