Location: Dedata_14.png_Otsu.png
Component: component_1755519998031_245.png
centerX: 0.38467741935483873
centerY: 0.4323168994015389
width: 0.03669354838709677
height: 0.02707324023938444
Area: 0.0004848132452035779
CentroidX: 0.4022
CentroidY: 0.4447
