Location: Dedata_14.png_Mean-Medain.png
Component: component_1755519998528_126.png
centerX: 0.2528225806451613
centerY: 0.31262467939583927
width: 0.037096774193548385
height: 0.026503277286976348
Area: 0.0005341104441114554
CentroidX: 0.2722
CentroidY: 0.3250
