Location: Dedata_14.png_Mean-Closing.png
Component: component_1755519998312_157.png
centerX: 0.2661290322580645
centerY: 0.3975491593046452
width: 0.04153225806451613
height: 0.02821316614420063
Area: 0.0005980014524862335
CentroidX: 0.2857
CentroidY: 0.4115
