Location: Dedata_14.png_Mean-Medain.png
Component: component_1755519998506_30.png
centerX: 0.22096774193548388
centerY: 0.05842120262182958
width: 0.04838709677419355
height: 0.024223425477343973
Area: 0.0004944658435911344
CentroidX: 0.2464
CentroidY: 0.0686
