Location: Dedata_14.png_Gaussian-Closing.png
Component: component_1755519998408_94.png
centerX: 0.26733870967741935
centerY: 0.23168994015389
width: 0.036290322580645164
height: 0.023083499572527786
Area: 0.00038035834122394945
CentroidX: 0.2859
CentroidY: 0.2420
