Location: Dedata_14.png_Mean-Closing.png
Component: component_1755519998310_143.png
centerX: 0.19153225806451613
centerY: 0.3602165859219151
width: 0.04153225806451613
height: 0.02365346252493588
Area: 0.0005707673356070565
CentroidX: 0.2127
CentroidY: 0.3724
