Location: Dedata_14.png_Mean-Closing.png
Component: component_1755519998284_46.png
centerX: 0.2157258064516129
centerY: 0.10401823881447705
width: 0.03346774193548387
height: 0.021658592191507554
Area: 0.0003715101260353561
CentroidX: 0.2332
CentroidY: 0.1131
