Location: Dedata_14.png_Mean-Medain.png
Component: component_1755519998520_91.png
centerX: 0.39556451612903226
centerY: 0.22342547734397264
width: 0.03951612903225806
height: 0.023938444001139925
Area: 0.0004097757839288833
CentroidX: 0.4155
CentroidY: 0.2341
