Location: Dedata_14.png_Gaussian-Closing.png
Component: component_1755519998402_85.png
centerX: 0.7084677419354839
centerY: 0.2066115702479339
width: 0.03306451612903226
height: 0.024223425477343973
Area: 0.00036013384936430746
CentroidX: 0.7259
CentroidY: 0.2166
