Location: Dedata_14.png_Mean-Closing.png
Component: component_1755519998282_42.png
centerX: 0.475
centerY: 0.09318894271872329
width: 0.03306451612903226
height: 0.021658592191507554
Area: 0.0003474935419520312
CentroidX: 0.4923
CentroidY: 0.1027
