Location: internet_24.png_Mean-Medain.png
Component: component_1755081215733_196.png
centerX: 0.21725110842402257
centerY: 0.6854861705161106
width: 0.04877065699314793
height: 0.033361847733105215
Area: 0.0006457977118831951
CentroidX: 0.2407
CentroidY: 0.6987
