Location: internet_24.png_Mean-Medain.png
Component: component_1755081215717_156.png
centerX: 0.07980652962515115
centerY: 0.5346449957228401
width: 0.04877065699314793
height: 0.03051040775591674
Area: 0.0005289128083442719
CentroidX: 0.1044
CentroidY: 0.5470
