Location: internet_24.png_Mean-Medain.png
Component: component_1755081215726_180.png
centerX: 0.35268037081821846
centerY: 0.6181921870544625
width: 0.04836759371221282
height: 0.03165098374679213
Area: 0.0006654509257525715
CentroidX: 0.3772
CentroidY: 0.6317
