Location: Dedata_14.png_Gaussian-Closing.png
Component: component_1755519998431_204.png
centerX: 0.4181451612903226
centerY: 0.5280706754060986
width: 0.046370967741935484
height: 0.025648332858364205
Area: 0.0006063900201325623
CentroidX: 0.4407
CentroidY: 0.5394
