Location: internet_24.png_Otsu.png
Component: component_1755081216028_1131.png
centerX: 0.07416364369205965
centerY: 0.6381522668947819
width: 0.04070939137444579
height: 0.02879954376960365
Area: 0.000499490453077837
CentroidX: 0.0940
CentroidY: 0.6497
