Location: Dedata_14.png_Otsu.png
Component: component_1755519998026_224.png
centerX: 0.6879032258064516
centerY: 0.36905101168424054
width: 0.0407258064516129
height: 0.023083499572527786
Area: 0.0005508875794041129
CentroidX: 0.7080
CentroidY: 0.3808
