Location: internet_24.png_Gaussian-Closing.png
Component: component_1755081215292_52.png
centerX: 0.2773075372833535
centerY: 0.16139150270886798
width: 0.04675534058847239
height: 0.04220131166238951
Area: 0.0008087699766011824
CentroidX: 0.3009
CentroidY: 0.1786
