Location: Dedata_14.png_Otsu.png
Component: component_1755519998025_219.png
centerX: 0.8040322580645162
centerY: 0.36078654887432315
width: 0.039919354838709675
height: 0.0262182958107723
Area: 0.0005218148723558775
CentroidX: 0.8223
CentroidY: 0.3743
