Location: internet_24.png_Mean-Medain.png
Component: component_1755081215659_65.png
centerX: 0.7601773478436115
centerY: 0.2024522383803821
width: 0.060459492140266025
height: 0.03592814371257485
Area: 0.0007764743444532596
CentroidX: 0.7900
CentroidY: 0.2172
