Location: internet_24.png_Gaussian-Median.png
Component: component_1755081215857_246.png
centerX: 0.017331721080209594
centerY: 0.6988879384088965
width: 0.04836759371221282
height: 0.035357855717137156
Area: 0.0006607387516669316
CentroidX: 0.0408
CentroidY: 0.7126
