Location: internet_24.png_Otsu.png
Component: component_1755081215982_193.png
centerX: 0.4091092301491334
centerY: 0.05873966353008269
width: 0.06086255542120113
height: 0.04448246364414029
Area: 0.0006000551439299095
CentroidX: 0.4385
CentroidY: 0.0771
