Location: Dedata_14.png_Mean-Closing.png
Component: component_1755519998328_229.png
centerX: 0.5080645161290323
centerY: 0.6212596181248219
width: 0.04959677419354839
height: 0.028498147620404674
Area: 0.0007475018156077919
CentroidX: 0.5326
CentroidY: 0.6342
