Location: internet_24.png_Otsu.png
Component: component_1755081216000_876.png
centerX: 0.6078194276501411
centerY: 0.3033932135728543
width: 0.05401047964530431
height: 0.03706871970345024
Area: 0.0006058016976928851
CentroidX: 0.6337
CentroidY: 0.3182
