Location: Dedata_14.png_Otsu.png
Component: component_1755519997994_4.png
centerX: 0.1875
centerY: 0.00968937019093759
width: 0.03870967741935484
height: 0.030208036477628954
Area: 0.00044608793976778606
CentroidX: 0.2068
CentroidY: 0.0208
