Location: internet_24.png_Mean-Medain.png
Component: component_1755081215699_123.png
centerX: 0.8738411930673116
centerY: 0.42429426860564584
width: 0.049979846835953246
height: 0.03051040775591674
Area: 0.000514546423936833
CentroidX: 0.8993
CentroidY: 0.4363
