Location: Dedata_14.png_Mean-Closing.png
Component: component_1755519998321_200.png
centerX: 0.4899193548387097
centerY: 0.5223710458820177
width: 0.035483870967741936
height: 0.025933314334568254
Area: 0.000586740087700751
CentroidX: 0.5075
CentroidY: 0.5354
