Location: Dedata_14.png_Gaussian-Closing.png
Component: component_1755519998416_136.png
centerX: 0.018145161290322582
centerY: 0.329153605015674
width: 0.03588709677419355
height: 0.025648332858364205
Area: 0.00045194844593165963
CentroidX: 0.0361
CentroidY: 0.3399
