Location: Dedata_14.png_Gaussian-Closing.png
Component: component_1755519998427_183.png
centerX: 0.14919354838709678
centerY: 0.45483043602165857
width: 0.03669354838709677
height: 0.028498147620404674
Area: 0.0005205508416146499
CentroidX: 0.1684
CentroidY: 0.4682
