Location: Dedata_14.png_Mean-Medain.png
Component: component_1755519998519_88.png
centerX: 0.5838709677419355
centerY: 0.21231119977201482
width: 0.035483870967741936
height: 0.025078369905956112
Area: 0.00039035567526820436
CentroidX: 0.6021
CentroidY: 0.2230
