Location: Dedata_14.png_Mean-Medain.png
Component: component_1755519998564_263.png
centerX: 0.2508064516129032
centerY: 0.7403818751781134
width: 0.045564516129032256
height: 0.026788258763180393
Area: 0.0007085466864008678
CentroidX: 0.2744
CentroidY: 0.7533
