Location: Dedata_14.png_Mean-Medain.png
Component: component_1755519998536_153.png
centerX: 0.5725806451612904
centerY: 0.3733257338273012
width: 0.0407258064516129
height: 0.02821316614420063
Area: 0.0006495968891054339
CentroidX: 0.5925
CentroidY: 0.3867
