Location: Dedata_14.png_Mean-Closing.png
Component: component_1755519998273_8.png
centerX: 0.13185483870967743
centerY: 0.01054431461954973
width: 0.035483870967741936
height: 0.025933314334568254
Area: 0.0004354011344101343
CentroidX: 0.1487
CentroidY: 0.0212
