Location: Dedata_14.png_Otsu.png
Component: component_1755519998012_107.png
centerX: 0.4596774193548387
centerY: 0.219435736677116
width: 0.03508064516129032
height: 0.018808777429467086
Area: 0.00022844482850550198
CentroidX: 0.4771
CentroidY: 0.2291
