Location: internet_24.png_Otsu.png
Component: component_1755081215986_484.png
centerX: 0.5953244659411527
centerY: 0.10664385514684915
width: 0.04877065699314793
height: 0.03507271171941831
Area: 0.000710044182953262
CentroidX: 0.6198
CentroidY: 0.1200
