Location: Dedata_14.png_Mean-Medain.png
Component: component_1755519998569_278.png
centerX: 0.1721774193548387
centerY: 0.7942433741806783
width: 0.06048387096774194
height: 0.031062980906241093
Area: 0.0008494286581049651
CentroidX: 0.2019
CentroidY: 0.8080
