Location: internet_24.png_Mean-Medain.png
Component: component_1755081215685_94.png
centerX: 0.5223700120918985
centerY: 0.3090960935272313
width: 0.05199516324062878
height: 0.035642999714856
Area: 0.0006795874480094914
CentroidX: 0.5479
CentroidY: 0.3239
