Location: internet_24.png_Gaussian-Closing.png
Component: component_1755081215315_162.png
centerX: 0.5912938331318017
centerY: 0.5480467636156259
width: 0.04353083434099154
height: 0.029654975762760195
Area: 0.0004924796574870068
CentroidX: 0.6123
CentroidY: 0.5607
