Location: internet_24.png_Gaussian-Median.png
Component: component_1755081215827_113.png
centerX: 0.5272067714631197
centerY: 0.26204733390362134
width: 0.06126561870213623
height: 0.036783575705731396
Area: 0.0006640717528494574
CentroidX: 0.5570
CentroidY: 0.2761
