Location: internet_24.png_Gaussian-Median.png
Component: component_1755081215851_217.png
centerX: 0.6376461104393389
centerY: 0.5962360992301112
width: 0.041515517936316
height: 0.03421727972626176
Area: 0.0005914353132854462
CentroidX: 0.6588
CentroidY: 0.6100
