Location: internet_24.png_Gaussian-Closing.png
Component: component_1755081215306_125.png
centerX: 0.8738411930673116
centerY: 0.42429426860564584
width: 0.049979846835953246
height: 0.029940119760479042
Area: 0.00047443547867126343
CentroidX: 0.8992
CentroidY: 0.4364
