Location: Dedata_14.png_Otsu.png
Component: component_1755519998024_217.png
centerX: 0.8572580645161291
centerY: 0.3579367341122827
width: 0.03669354838709677
height: 0.02536335138216016
Area: 0.0005011307329539709
CentroidX: 0.8761
CentroidY: 0.3698
