Location: internet_24.png_Gaussian-Closing.png
Component: component_1755081215292_55.png
centerX: 0.013301088270858524
centerY: 0.16937553464499572
width: 0.046352277307537285
height: 0.04220131166238951
Area: 0.0007471669202620843
CentroidX: 0.0364
CentroidY: 0.1850
