Location: Dedata_14.png_Mean-Medain.png
Component: component_1755519998502_23.png
centerX: 0.5959677419354839
centerY: 0.047021943573667714
width: 0.03588709677419355
height: 0.025648332858364205
Area: 0.00040311089456604676
CentroidX: 0.6144
CentroidY: 0.0578
