Location: internet_24.png_Gaussian-Median.png
Component: component_1755081215861_268.png
centerX: 0.3776702942361951
centerY: 0.7792985457656116
width: 0.051592099959693674
height: 0.034787567721699456
Area: 0.0006030433518866568
CentroidX: 0.4030
CentroidY: 0.7931
