Location: Dedata_14.png_Gaussian-Closing.png
Component: component_1755519998422_164.png
centerX: 0.13669354838709677
centerY: 0.4066685665431747
width: 0.039112903225806454
height: 0.02963807352522086
Area: 0.0005835225549048989
CentroidX: 0.1572
CentroidY: 0.4207
