Location: internet_24.png_Otsu.png
Component: component_1755081216007_928.png
centerX: 0.3297057638049174
centerY: 0.42087254063301965
width: 0.05401047964530431
height: 0.03222127174222983
Area: 0.0005301770501721265
CentroidX: 0.3574
CentroidY: 0.4332
