Location: Dedata_14.png_Mean-Medain.png
Component: component_1755519998526_117.png
centerX: 0.07620967741935483
centerY: 0.28213166144200624
width: 0.04153225806451613
height: 0.022513536620119692
Area: 0.00042873624504729776
CentroidX: 0.0953
CentroidY: 0.2920
