Location: internet_24.png_Gaussian-Closing.png
Component: component_1755081215294_75.png
centerX: 0.28174123337363965
centerY: 0.21813515825491872
width: 0.04554615074566707
height: 0.036783575705731396
Area: 0.0006030433518866568
CentroidX: 0.3054
CentroidY: 0.2329
