Location: Dedata_14.png_Gaussian-Closing.png
Component: component_1755519998390_38.png
centerX: 0.6516129032258065
centerY: 0.08805927614705045
width: 0.034274193548387094
height: 0.022798518096323737
Area: 0.00032267257466974325
CentroidX: 0.6689
CentroidY: 0.0982
