Location: internet_24.png_Mean-Medain.png
Component: component_1755081215732_192.png
centerX: 0.5098750503829101
centerY: 0.6601083547191332
width: 0.05078597339782346
height: 0.034787567721699456
Area: 0.0006056867666176255
CentroidX: 0.5349
CentroidY: 0.6740
