Location: Dedata_14.png_Otsu.png
Component: component_1755519998022_208.png
centerX: 0.018548387096774192
centerY: 0.329438586491878
width: 0.03508064516129032
height: 0.025078369905956112
Area: 0.00041655558517728606
CentroidX: 0.0362
CentroidY: 0.3399
