Location: Dedata_14.png_Gaussian-Closing.png
Component: component_1755519998386_20.png
centerX: 0.7165322580645161
centerY: 0.04616699914505557
width: 0.03225806451612903
height: 0.021658592191507554
Area: 0.00035312422434477243
CentroidX: 0.7328
CentroidY: 0.0561
