Location: Dedata_14.png_Otsu.png
Component: component_1755519998016_156.png
centerX: 0.3919354838709677
centerY: 0.2618979766315189
width: 0.03588709677419355
height: 0.023938444001139925
Area: 0.00022350361742615762
CentroidX: 0.4118
CentroidY: 0.2741
