Location: Dedata_14.png_Otsu.png
Component: component_1755519997993_2.png
centerX: 0.37661290322580643
centerY: 0.008549444286121402
width: 0.03790322580645161
height: 0.028498147620404674
Area: 0.0003765662490002666
CentroidX: 0.3944
CentroidY: 0.0193
