Location: internet_24.png_Otsu.png
Component: component_1755081216042_1207.png
centerX: 0.8665860540104796
centerY: 0.7487881380096949
width: 0.046352277307537285
height: 0.03364699173082407
Area: 0.0006724617213434017
CentroidX: 0.8881
CentroidY: 0.7628
