Location: internet_24.png_Otsu.png
Component: component_1755081216000_873.png
centerX: 0.02015316404675534
centerY: 0.28771029369831763
width: 0.04675534058847239
height: 0.03592814371257485
Area: 0.0005744255141470385
CentroidX: 0.0435
CentroidY: 0.3016
