Location: Dedata_14.png_Mean-Medain.png
Component: component_1755519998527_124.png
centerX: 0.37701612903225806
centerY: 0.3029353092049017
width: 0.0407258064516129
height: 0.02707324023938444
Area: 0.0005650217413287491
CentroidX: 0.3984
CentroidY: 0.3157
