Location: internet_24.png_Gaussian-Median.png
Component: component_1755081215853_228.png
centerX: 0.07416364369205965
centerY: 0.637867122897063
width: 0.041112454655380895
height: 0.029369831765041345
Area: 0.0005240857031833724
CentroidX: 0.0940
CentroidY: 0.6497
