Location: Dedata_14.png_Otsu.png
Component: component_1755519998170_299.png
centerX: 0.8633064516129032
centerY: 0.6001709888857224
width: 0.04838709677419355
height: 0.02963807352522086
Area: 0.0006677529670248853
CentroidX: 0.8883
CentroidY: 0.6130
