Location: Dedata_14.png_Mean-Medain.png
Component: component_1755519998569_277.png
centerX: 0.029838709677419355
centerY: 0.7933884297520661
width: 0.0467741935483871
height: 0.03277286976346538
Area: 0.0007637043914726188
CentroidX: 0.0532
CentroidY: 0.8078
