Location: Dedata_14.png_Gaussian-Closing.png
Component: component_1755519998391_43.png
centerX: 0.3439516129032258
centerY: 0.09518381305215161
width: 0.039112903225806454
height: 0.021658592191507554
Area: 0.0003734636280899806
CentroidX: 0.3637
CentroidY: 0.1060
