Location: internet_24.png_Gaussian-Median.png
Component: component_1755081215832_134.png
centerX: 0.8504635227730754
centerY: 0.34074707727402337
width: 0.049979846835953246
height: 0.03507271171941831
Area: 0.0006426945728511883
CentroidX: 0.8753
CentroidY: 0.3544
