Location: Dedata_14.png_Mean-Medain.png
Component: component_1755519998516_74.png
centerX: 0.4782258064516129
centerY: 0.17298375605585636
width: 0.036290322580645164
height: 0.026788258763180393
Area: 0.00043425201555447285
CentroidX: 0.4974
CentroidY: 0.1854
