Location: Dedata_14.png_Gaussian-Closing.png
Component: component_1755519998425_175.png
centerX: 0.8883064516129032
centerY: 0.4408663436876603
width: 0.03870967741935484
height: 0.026503277286976348
Area: 0.0005499682843195838
CentroidX: 0.9084
CentroidY: 0.4529
