Location: Dedata_14.png_Mean-Closing.png
Component: component_1755519998313_160.png
centerX: 0.7786290322580646
centerY: 0.40267882587631804
width: 0.04032258064516129
height: 0.022798518096323737
Area: 0.0005751339872585702
CentroidX: 0.7987
CentroidY: 0.4146
