Location: internet_24.png_Otsu.png
Component: component_1755081216005_898.png
centerX: 0.7122128174123338
centerY: 0.3912175648702595
width: 0.0592503022974607
height: 0.03592814371257485
Area: 0.0005256947382370055
CentroidX: 0.7401
CentroidY: 0.4053
