Location: Dedata_14.png_Gaussian-Closing.png
Component: component_1755519998409_95.png
centerX: 0.8951612903225806
centerY: 0.23254488458250214
width: 0.032661290322580645
height: 0.025933314334568254
Area: 0.00042632309545040864
CentroidX: 0.9114
CentroidY: 0.2450
