Location: internet_24.png_Otsu.png
Component: component_1755081216000_875.png
centerX: 0.6908504635227731
centerY: 0.29740518962075846
width: 0.05199516324062878
height: 0.036213287710293696
Area: 0.000619478495648767
CentroidX: 0.7167
CentroidY: 0.3122
