Location: internet_24.png_Otsu.png
Component: component_1755081216044_1231.png
centerX: 0.38291011688835147
centerY: 0.7792985457656116
width: 0.046352277307537285
height: 0.03450242372398061
Area: 0.00042972729039531346
CentroidX: 0.4070
CentroidY: 0.7925
