Location: Dedata_14.png_Gaussian-Closing.png
Component: component_1755519998402_84.png
centerX: 0.7649193548387097
centerY: 0.20319179253348532
width: 0.035483870967741936
height: 0.021373610715303505
Area: 0.0003779451916270604
CentroidX: 0.7837
CentroidY: 0.2127
