Location: Dedata_14.png_Mean-Medain.png
Component: component_1755519998531_137.png
centerX: 0.5649193548387097
centerY: 0.3331433456825306
width: 0.039919354838709675
height: 0.02821316614420063
Area: 0.0005660559482988445
CentroidX: 0.5847
CentroidY: 0.3460
