Location: internet_24.png_Mean-Medain.png
Component: component_1755081215698_121.png
centerX: 0.3297057638049174
centerY: 0.4205873966353008
width: 0.05441354292623942
height: 0.032506415739948676
Area: 0.0005963773495216052
CentroidX: 0.3571
CentroidY: 0.4334
