Location: internet_24.png_Gaussian-Median.png
Component: component_1755081215841_172.png
centerX: 0.24828698105602579
centerY: 0.47305389221556887
width: 0.0592503022974607
height: 0.03279155973766752
Area: 0.0005852290352214325
CentroidX: 0.2780
CentroidY: 0.4863
