Location: internet_24.png_Gaussian-Closing.png
Component: component_1755081215337_248.png
centerX: 0.5610640870616687
centerY: 0.8936412888508697
width: 0.05239822652156389
height: 0.03706871970345024
Area: 0.0008009546634835356
CentroidX: 0.5863
CentroidY: 0.9093
