Location: internet_24.png_Gaussian-Median.png
Component: component_1755081215835_146.png
centerX: 0.79242241031842
centerY: 0.3877958368976333
width: 0.045949214026602174
height: 0.03136583974907328
Area: 0.0005043175582387365
CentroidX: 0.8151
CentroidY: 0.4002
