Location: Dedata_14.png_Otsu.png
Component: component_1755519998185_318.png
centerX: 0.5193548387096775
centerY: 0.6793958392704474
width: 0.05
height: 0.029923055001424906
Area: 0.0006772906535268756
CentroidX: 0.5448
CentroidY: 0.6921
