Location: internet_24.png_Gaussian-Median.png
Component: component_1755081215854_230.png
centerX: 0.007255139056831923
centerY: 0.6424294268605646
width: 0.03788794840790004
height: 0.032506415739948676
Area: 0.0005871828635008442
CentroidX: 0.0255
CentroidY: 0.6556
