Location: Dedata_14.png_Otsu.png
Component: component_1755519998022_210.png
centerX: 0.5653225806451613
centerY: 0.33342832715873466
width: 0.03951612903225806
height: 0.02792818466799658
Area: 0.0004974535526158541
CentroidX: 0.5848
CentroidY: 0.3461
