Location: Dedata_14.png_Mean-Closing.png
Component: component_1755519998293_75.png
centerX: 0.2770161290322581
centerY: 0.1883727557708749
width: 0.04717741935483871
height: 0.022798518096323737
Area: 0.0004530975647873211
CentroidX: 0.2986
CentroidY: 0.1999
