Location: Dedata_14.png_Otsu.png
Component: component_1755519998021_203.png
centerX: 0.7975806451612903
centerY: 0.31803932744371616
width: 0.043548387096774194
height: 0.0262182958107723
Area: 0.0005645620937864846
CentroidX: 0.8205
CentroidY: 0.3307
