Location: Dedata_14.png_Mean-Closing.png
Component: component_1755519998319_194.png
centerX: 0.739516129032258
centerY: 0.500142490738102
width: 0.0407258064516129
height: 0.0219435736677116
Area: 0.0005957032147749106
CentroidX: 0.7606
CentroidY: 0.5112
