Location: Dedata_14.png_Mean-Closing.png
Component: component_1755519998311_150.png
centerX: 0.6318548387096774
centerY: 0.37275577087489314
width: 0.03870967741935484
height: 0.024508406953548018
Area: 0.0006315557230715487
CentroidX: 0.6504
CentroidY: 0.3851
