Location: internet_24.png_Otsu.png
Component: component_1755081216002_884.png
centerX: 0.8508665860540104
centerY: 0.3410322212717422
width: 0.049576783555018135
height: 0.03450242372398061
Area: 0.0006139618040363104
CentroidX: 0.8753
CentroidY: 0.3543
