Location: internet_24.png_Otsu.png
Component: component_1755081216004_889.png
centerX: 0.5223700120918985
centerY: 0.365839749073282
width: 0.053607416364369206
height: 0.032506415739948676
Area: 0.0006361435015613961
CentroidX: 0.5492
CentroidY: 0.3797
