Location: Dedata_14.png_Gaussian-Closing.png
Component: component_1755519998388_27.png
centerX: 0.42338709677419356
centerY: 0.051011684240524366
width: 0.03346774193548387
height: 0.024223425477343973
Area: 0.0003631215583890273
CentroidX: 0.4412
CentroidY: 0.0614
