Location: internet_24.png_Otsu.png
Component: component_1755081215995_822.png
centerX: 0.10761789600967352
centerY: 0.2249786142001711
width: 0.060056428859330914
height: 0.04448246364414029
Area: 0.0007252150848875176
CentroidX: 0.1361
CentroidY: 0.2422
