Location: Dedata_14.png_Gaussian-Closing.png
Component: component_1755519998413_118.png
centerX: 0.07620967741935483
centerY: 0.28213166144200624
width: 0.041935483870967745
height: 0.022513536620119692
Area: 0.00039426267937745337
CentroidX: 0.0955
CentroidY: 0.2922
