Location: internet_24.png_Gaussian-Closing.png
Component: component_1755081215321_186.png
centerX: 0.07416364369205965
centerY: 0.637867122897063
width: 0.041112454655380895
height: 0.0290846877673225
Area: 0.0005230513235060368
CentroidX: 0.0940
CentroidY: 0.6497
