Location: Dedata_14.png_Gaussian-Closing.png
Component: component_1755519998391_40.png
centerX: 0.5314516129032258
centerY: 0.08948418352807068
width: 0.034274193548387094
height: 0.025648332858364205
Area: 0.00034094356447476073
CentroidX: 0.5489
CentroidY: 0.1008
