Location: Dedata_14.png_Mean-Medain.png
Component: component_1755519998515_70.png
centerX: 0.7286290322580645
centerY: 0.1615844970076945
width: 0.03790322580645161
height: 0.0219435736677116
Area: 0.00039541179823311483
CentroidX: 0.7464
CentroidY: 0.1722
