Location: Dedata_14.png_Gaussian-Closing.png
Component: component_1755519998410_103.png
centerX: 0.6766129032258065
centerY: 0.24650897691650042
width: 0.04314516129032258
height: 0.023938444001139925
Area: 0.0003477233657231635
CentroidX: 0.6955
CentroidY: 0.2580
