Location: Dedata_14.png_Gaussian-Closing.png
Component: component_1755519998415_128.png
centerX: 0.8620967741935484
centerY: 0.3149045312054716
width: 0.04717741935483871
height: 0.025933314334568254
Area: 0.0005683541860101674
CentroidX: 0.8835
CentroidY: 0.3291
