Location: internet_24.png_Otsu.png
Component: component_1755081216041_1190.png
centerX: 0.29302700523982267
centerY: 0.7291132021670944
width: 0.05078597339782346
height: 0.03421727972626176
Area: 0.000540635778020742
CentroidX: 0.3175
CentroidY: 0.7432
