Location: Dedata_14.png_Gaussian-Closing.png
Component: component_1755519998398_68.png
centerX: 0.7883064516129032
centerY: 0.15958962667426618
width: 0.035483870967741936
height: 0.02108862923909946
Area: 0.000346574246867502
CentroidX: 0.8050
CentroidY: 0.1702
