Location: Dedata_14.png_Mean-Medain.png
Component: component_1755519998566_267.png
centerX: 0.8995967741935483
centerY: 0.7671701339412939
width: 0.04314516129032258
height: 0.030208036477628954
Area: 0.0006672933194826207
CentroidX: 0.9209
CentroidY: 0.7809
