Location: internet_24.png_Mean-Medain.png
Component: component_1755081215678_83.png
centerX: 0.44216041918581217
centerY: 0.2686056458511548
width: 0.055219669488109635
height: 0.037639007698887936
Area: 0.0006572908194091463
CentroidX: 0.4697
CentroidY: 0.2821
