Location: internet_24.png_Gaussian-Median.png
Component: component_1755081215851_216.png
centerX: 0.7045546150745667
centerY: 0.5899629312802965
width: 0.05280128980249899
height: 0.03421727972626176
Area: 0.0006706228241392495
CentroidX: 0.7308
CentroidY: 0.6040
