Location: internet_24.png_Otsu.png
Component: component_1755081216043_1218.png
centerX: 0.6082224909310762
centerY: 0.7644710578842315
width: 0.04191858121725111
height: 0.027088679783290562
Area: 0.00043834712103977684
CentroidX: 0.6298
CentroidY: 0.7750
