Location: Dedata_14.png_Mean-Closing.png
Component: component_1755519998279_29.png
centerX: 0.22096774193548388
centerY: 0.058706184098033624
width: 0.04838709677419355
height: 0.023938444001139925
Area: 0.0004946956673622667
CentroidX: 0.2464
CentroidY: 0.0686
