Location: internet_24.png_Gaussian-Closing.png
Component: component_1755081215331_225.png
centerX: 0.301894397420395
centerY: 0.7844311377245509
width: 0.051189036678758564
height: 0.034787567721699456
Area: 0.0006230413589818118
CentroidX: 0.3268
CentroidY: 0.7978
