Location: Dedata_14.png_Mean-Closing.png
Component: component_1755519998287_63.png
centerX: 0.018951612903225806
centerY: 0.1530350527215731
width: 0.03588709677419355
height: 0.030777999430037048
Area: 0.00045056950330486583
CentroidX: 0.0373
CentroidY: 0.1648
