Location: internet_24.png_Otsu.png
Component: component_1755081216020_1092.png
centerX: 0.7783151954856913
centerY: 0.5865412033076703
width: 0.04433696090286175
height: 0.03165098374679213
Area: 0.0005629324066210873
CentroidX: 0.8006
CentroidY: 0.6001
