Location: internet_24.png_Mean-Medain.png
Component: component_1755081215710_143.png
centerX: 0.6783555018137848
centerY: 0.4921585400627317
width: 0.046352277307537285
height: 0.03279155973766752
Area: 0.0005671848564056892
CentroidX: 0.7011
CentroidY: 0.5057
