Location: Dedata_14.png_Mean-Closing.png
Component: component_1755519998281_41.png
centerX: 0.41169354838709676
centerY: 0.09090909090909091
width: 0.0375
height: 0.024793388429752067
Area: 0.0003950670625764164
CentroidX: 0.4303
CentroidY: 0.1026
