Location: internet_24.png_Mean-Medain.png
Component: component_1755081215681_89.png
centerX: 0.0947198710197501
centerY: 0.2865697177074423
width: 0.05441354292623942
height: 0.03649843170801255
Area: 0.0006801621033857891
CentroidX: 0.1207
CentroidY: 0.2992
