Location: Dedata_14.png_Mean-Closing.png
Component: component_1755519998295_81.png
centerX: 0.0810483870967742
centerY: 0.201196922200057
width: 0.03508064516129032
height: 0.022798518096323737
Area: 0.00036473032478695337
CentroidX: 0.0992
CentroidY: 0.2106
