Location: internet_24.png_Gaussian-Median.png
Component: component_1755081215857_249.png
centerX: 0.5856509471987102
centerY: 0.7094382663244939
width: 0.03990326481257558
height: 0.03421727972626176
Area: 0.0005370729146876972
CentroidX: 0.6057
CentroidY: 0.7232
