Location: internet_24.png_Mean-Medain.png
Component: component_1755081215716_152.png
centerX: 0.23982265215638857
centerY: 0.5255203877958369
width: 0.042724707779121324
height: 0.031080695751354435
Area: 0.0005192585980224729
CentroidX: 0.2611
CentroidY: 0.5378
