Location: internet_24.png_Otsu.png
Component: component_1755081215988_511.png
centerX: 0.09552599758162031
centerY: 0.1146278870829769
width: 0.06449012494961709
height: 0.04134587966923296
Area: 0.0004269689445890852
CentroidX: 0.1290
CentroidY: 0.1313
