Location: Dedata_14.png_Mean-Closing.png
Component: component_1755519998315_172.png
centerX: 0.8883064516129032
centerY: 0.4408663436876603
width: 0.03870967741935484
height: 0.0262182958107723
Area: 0.0005897277967254709
CentroidX: 0.9085
CentroidY: 0.4529
