Location: Dedata_14.png_Mean-Closing.png
Component: component_1755519998303_117.png
centerX: 0.02056451612903226
centerY: 0.2841265317754346
width: 0.035483870967741936
height: 0.029068110572812767
Area: 0.0004226459151122919
CentroidX: 0.0392
CentroidY: 0.2948
