Location: Dedata_14.png_Gaussian-Closing.png
Component: component_1755519998423_167.png
centerX: 0.07540322580645162
centerY: 0.41293815901966374
width: 0.04153225806451613
height: 0.029068110572812767
Area: 0.0005788111675966869
CentroidX: 0.0966
CentroidY: 0.4264
