Location: Dedata_14.png_Gaussian-Closing.png
Component: component_1755519998420_154.png
centerX: 0.5725806451612904
centerY: 0.3733257338273012
width: 0.04032258064516129
height: 0.02821316614420063
Area: 0.0006079987865304884
CentroidX: 0.5925
CentroidY: 0.3867
