Location: internet_24.png_Gaussian-Closing.png
Component: component_1755081215327_207.png
centerX: 0.44095122934300685
centerY: 0.7151411462788708
width: 0.04796453043127771
height: 0.03507271171941831
Area: 0.0005910905200596676
CentroidX: 0.4636
CentroidY: 0.7297
