Location: Dedata_14.png_Gaussian-Closing.png
Component: component_1755519998439_234.png
centerX: 0.36935483870967745
centerY: 0.6309489883157595
width: 0.0467741935483871
height: 0.03305785123966942
Area: 0.0007214168175842763
CentroidX: 0.3927
CentroidY: 0.6458
