Location: internet_24.png_Mean-Medain.png
Component: component_1755081215722_168.png
centerX: 0.9137444578798871
centerY: 0.5728542914171657
width: 0.04796453043127771
height: 0.03421727972626176
Area: 0.0006491307130657209
CentroidX: 0.9376
CentroidY: 0.5878
