Location: Dedata_14.png_Otsu.png
Component: component_1755519998005_57.png
centerX: 0.48024193548387095
centerY: 0.13451125676831005
width: 0.039919354838709675
height: 0.018808777429467086
Area: 0.00026728504582685997
CentroidX: 0.4994
CentroidY: 0.1439
