Location: Dedata_14.png_Mean-Medain.png
Component: component_1755519998552_226.png
centerX: 0.8629032258064516
centerY: 0.5996010259333143
width: 0.04879032258064516
height: 0.030493017953833
Area: 0.0007538219693139301
CentroidX: 0.8883
CentroidY: 0.6130
