Location: internet_24.png_Otsu.png
Component: component_1755081216067_1302.png
centerX: 0.4030632809351068
centerY: 0.8990590248075278
width: 0.05562273276904474
height: 0.035642999714856
Area: 0.0008069310793970302
CentroidX: 0.4305
CentroidY: 0.9134
