Location: internet_24.png_Mean-Medain.png
Component: component_1755081215750_237.png
centerX: 0.3841193067311568
centerY: 0.8357570573139436
width: 0.049979846835953246
height: 0.03934987168520103
Area: 0.0009257698112153651
CentroidX: 0.4084
CentroidY: 0.8516
