Location: Dedata_14.png_Otsu.png
Component: component_1755519997996_13.png
centerX: 0.722983870967742
centerY: 0.012824166429182103
width: 0.038306451612903226
height: 0.0262182958107723
Area: 0.0003881723494424475
CentroidX: 0.7430
CentroidY: 0.0237
