Location: Dedata_14.png_Gaussian-Closing.png
Component: component_1755519998411_106.png
centerX: 0.5092741935483871
centerY: 0.2544884582502137
width: 0.03387096774193549
height: 0.02536335138216016
Area: 0.0003507110747478833
CentroidX: 0.5265
CentroidY: 0.2648
