Location: Dedata_14.png_Mean-Closing.png
Component: component_1755519998334_260.png
centerX: 0.32379032258064516
centerY: 0.7386719863208892
width: 0.045564516129032256
height: 0.02821316614420063
Area: 0.0007173949015894612
CentroidX: 0.3473
CentroidY: 0.7507
