Location: internet_24.png_Gaussian-Median.png
Component: component_1755081215839_161.png
centerX: 0.08786779524385328
centerY: 0.43798118049615054
width: 0.045949214026602174
height: 0.02879954376960365
Area: 0.0005259246003875246
CentroidX: 0.1112
CentroidY: 0.4486
