Location: internet_24.png_Otsu.png
Component: component_1755081216005_896.png
centerX: 0.17291414752116083
centerY: 0.388366124893071
width: 0.05280128980249899
height: 0.031080695751354435
Area: 0.0005564962664065547
CentroidX: 0.1988
CentroidY: 0.4006
