Location: Dedata_14.png_Mean-Medain.png
Component: component_1755519998525_111.png
centerX: 0.19475806451612904
centerY: 0.2727272727272727
width: 0.04233870967741935
height: 0.023083499572527786
Area: 0.0004803316816664981
CentroidX: 0.2161
CentroidY: 0.2841
