Location: Dedata_14.png_Mean-Medain.png
Component: component_1755519998528_127.png
centerX: 0.8620967741935484
centerY: 0.3149045312054716
width: 0.04717741935483871
height: 0.025648332858364205
Area: 0.0006047812537346363
CentroidX: 0.8833
CentroidY: 0.3291
