Location: Dedata_14.png_Gaussian-Closing.png
Component: component_1755519998426_179.png
centerX: 0.7693548387096775
centerY: 0.44599601025933316
width: 0.04032258064516129
height: 0.02821316614420063
Area: 0.0005917962106656616
CentroidX: 0.7902
CentroidY: 0.4592
