Location: internet_24.png_Mean-Medain.png
Component: component_1755081215755_249.png
centerX: 0.48327287384119305
centerY: 0.8970630168234959
width: 0.05078597339782346
height: 0.03507271171941831
Area: 0.0008383072629428768
CentroidX: 0.5076
CentroidY: 0.9117
