Location: Dedata_14.png_Mean-Medain.png
Component: component_1755519998501_15.png
centerX: 0.7225806451612903
centerY: 0.012539184952978056
width: 0.039112903225806454
height: 0.026788258763180393
Area: 0.0004651633127717666
CentroidX: 0.7429
CentroidY: 0.0235
