Location: Dedata_14.png_Mean-Closing.png
Component: component_1755519998300_104.png
centerX: 0.5092741935483871
centerY: 0.2542034767740097
width: 0.03346774193548387
height: 0.02536335138216016
Area: 0.00038081798876621407
CentroidX: 0.5263
CentroidY: 0.2647
