Location: internet_24.png_Mean-Medain.png
Component: component_1755081215709_142.png
centerX: 0.014107214832728738
centerY: 0.48902195608782434
width: 0.049576783555018135
height: 0.03165098374679213
Area: 0.0005800571368347545
CentroidX: 0.0385
CentroidY: 0.5010
