Location: internet_24.png_Otsu.png
Component: component_1755081216007_924.png
centerX: 0.41233373639661425
centerY: 0.4134587966923296
width: 0.0475614671503426
height: 0.029940119760479042
Area: 0.00048259558501468876
CentroidX: 0.4360
CentroidY: 0.4263
