Location: Dedata_14.png_Mean-Medain.png
Component: component_1755519998563_258.png
centerX: 0.6064516129032258
centerY: 0.7235679680820747
width: 0.05
height: 0.031062980906241093
Area: 0.0007563500307963853
CentroidX: 0.6315
CentroidY: 0.7381
