Location: internet_24.png_Gaussian-Closing.png
Component: component_1755081215333_232.png
centerX: 0.6896412736799677
centerY: 0.8143712574850299
width: 0.0471584038694075
height: 0.03364699173082407
Area: 0.0007707277906902841
CentroidX: 0.7129
CentroidY: 0.8287
