Location: internet_24.png_Mean-Medain.png
Component: component_1755081215678_85.png
centerX: 0.28012898024989924
centerY: 0.27573424579412603
width: 0.05642885933091495
height: 0.037639007698887936
Area: 0.0006791277237084534
CentroidX: 0.3082
CentroidY: 0.2898
