Location: internet_24.png_Gaussian-Closing.png
Component: component_1755081215311_147.png
centerX: 0.5364772269246272
centerY: 0.5038494439692045
width: 0.04796453043127771
height: 0.033932135728542916
Area: 0.0005487958843641674
CentroidX: 0.5600
CentroidY: 0.5172
