Location: internet_24.png_Gaussian-Median.png
Component: component_1755081215854_233.png
centerX: 0.5840386940749698
centerY: 0.6569717707442259
width: 0.046352277307537285
height: 0.03592814371257485
Area: 0.0006053419733918471
CentroidX: 0.6072
CentroidY: 0.6714
