Location: Dedata_14.png_Mean-Closing.png
Component: component_1755519998295_77.png
centerX: 0.1435483870967742
centerY: 0.19350242234254775
width: 0.05
height: 0.02536335138216016
Area: 0.00048079132920876273
CentroidX: 0.1663
CentroidY: 0.2040
