Location: Dedata_14.png_Mean-Medain.png
Component: component_1755519998523_105.png
centerX: 0.5633064516129033
centerY: 0.2524935879167854
width: 0.03467741935483871
height: 0.022228555143915644
Area: 0.00038403552156206623
CentroidX: 0.5812
CentroidY: 0.2626
