Location: Dedata_14.png_Otsu.png
Component: component_1755519997998_22.png
centerX: 0.5403225806451613
centerY: 0.0481618694784839
width: 0.03225806451612903
height: 0.0219435736677116
Area: 0.0003107217385708639
CentroidX: 0.5576
CentroidY: 0.0583
