Location: internet_24.png_Gaussian-Median.png
Component: component_1755081215867_297.png
centerX: 0.6444981862152358
centerY: 0.8902195608782435
width: 0.05239822652156389
height: 0.04305674365554605
Area: 0.00083049194982523
CentroidX: 0.6692
CentroidY: 0.9077
