Location: Dedata_14.png_Gaussian-Closing.png
Component: component_1755519998422_162.png
centerX: 0.20483870967741935
centerY: 0.4003989740666857
width: 0.04596774193548387
height: 0.029923055001424906
Area: 0.0006131698213809651
CentroidX: 0.2269
CentroidY: 0.4155
