Location: Dedata_14.png_Mean-Closing.png
Component: component_1755519998280_32.png
centerX: 0.08346774193548387
centerY: 0.06469079509831861
width: 0.04233870967741935
height: 0.024508406953548018
Area: 0.00043792919589258957
CentroidX: 0.1052
CentroidY: 0.0751
