Location: internet_24.png_Otsu.png
Component: component_1755081216054_1295.png
centerX: 0.020959290608625555
centerY: 0.8548617051611064
width: 0.04070939137444579
height: 0.036213287710293696
Area: 0.0008106088738053346
CentroidX: 0.0412
CentroidY: 0.8709
