Location: Dedata_14.png_Mean-Closing.png
Component: component_1755519998295_79.png
centerX: 0.8887096774193548
centerY: 0.1974921630094044
width: 0.03387096774193549
height: 0.023083499572527786
Area: 0.00035461807885713237
CentroidX: 0.9051
CentroidY: 0.2084
