Location: Dedata_14.png_Mean-Closing.png
Component: component_1755519998281_39.png
centerX: 0.5903225806451613
centerY: 0.08862923909945854
width: 0.03669354838709677
height: 0.025648332858364205
Area: 0.000390125851497072
CentroidX: 0.6087
CentroidY: 0.0998
