Location: Dedata_14.png_Mean-Medain.png
Component: component_1755519998525_115.png
centerX: 0.8056451612903226
centerY: 0.27842690225135364
width: 0.04032258064516129
height: 0.02336848104873183
Area: 0.0005065315915755798
CentroidX: 0.8260
CentroidY: 0.2896
