Location: Dedata_14.png_Otsu.png
Component: component_1755519998149_284.png
centerX: 0.7379032258064516
centerY: 0.5465944713593617
width: 0.03508064516129032
height: 0.026788258763180393
Area: 0.0005254920526939943
CentroidX: 0.7557
CentroidY: 0.5579
