Location: internet_24.png_Mean-Medain.png
Component: component_1755081215741_212.png
centerX: 0.08746473196291818
centerY: 0.744796122041631
width: 0.04836759371221282
height: 0.032506415739948676
Area: 0.0006103989407032656
CentroidX: 0.1098
CentroidY: 0.7581
