Location: internet_24.png_Mean-Medain.png
Component: component_1755081215621_51.png
centerX: 0.6807738814993954
centerY: 0.15654405474764757
width: 0.04917372027408303
height: 0.038209295694325636
Area: 0.0007415352975743681
CentroidX: 0.7053
CentroidY: 0.1715
