Location: Dedata_14.png_Mean-Medain.png
Component: component_1755519998540_171.png
centerX: 0.4350806451612903
centerY: 0.4288971216870903
width: 0.0375
height: 0.025078369905956112
Area: 0.0005285946736042803
CentroidX: 0.4535
CentroidY: 0.4404
