Location: Dedata_14.png_Gaussian-Closing.png
Component: component_1755519998384_5.png
centerX: 0.1875
centerY: 0.009404388714733543
width: 0.039112903225806454
height: 0.031062980906241093
Area: 0.000496534257531325
CentroidX: 0.2071
CentroidY: 0.0211
