Location: internet_24.png_Otsu.png
Component: component_1755081216020_1086.png
centerX: 0.16848045143087464
centerY: 0.5805531793555746
width: 0.046352277307537285
height: 0.03735386370116909
Area: 0.0004398412250181505
CentroidX: 0.1947
CentroidY: 0.5942
