Location: Dedata_14.png_Mean-Closing.png
Component: component_1755519998280_37.png
centerX: 0.7104838709677419
centerY: 0.08577942433741807
width: 0.04032258064516129
height: 0.02536335138216016
Area: 0.0003857591998455584
CentroidX: 0.7288
CentroidY: 0.0970
