Location: Dedata_14.png_Mean-Medain.png
Component: component_1755519998558_244.png
centerX: 0.5991935483870968
centerY: 0.6717013394129382
width: 0.04516129032258064
height: 0.033912795668281565
Area: 0.0007503746127469457
CentroidX: 0.6221
CentroidY: 0.6859
