Location: Dedata_14.png_Otsu.png
Component: component_1755519998024_218.png
centerX: 0.19193548387096773
centerY: 0.3605015673981191
width: 0.0407258064516129
height: 0.023083499572527786
Area: 0.0004929719890787744
CentroidX: 0.2127
CentroidY: 0.3725
