Location: Dedata_14.png_Otsu.png
Component: component_1755519998218_340.png
centerX: 0.9
centerY: 0.7671701339412939
width: 0.04233870967741935
height: 0.029923055001424906
Area: 0.0005885786778698094
CentroidX: 0.9207
CentroidY: 0.7808
