Location: Dedata_14.png_Otsu.png
Component: component_1755519997996_16.png
centerX: 0.9
centerY: 0.014249073810202337
width: 0.036290322580645164
height: 0.026788258763180393
Area: 0.00032221292712747863
CentroidX: 0.9174
CentroidY: 0.0247
