Location: internet_24.png_Gaussian-Closing.png
Component: component_1755081215295_78.png
centerX: 0.02257154373236598
centerY: 0.22640433418876532
width: 0.056831922611850064
height: 0.044767607641859136
Area: 0.000809574494127999
CentroidX: 0.0517
CentroidY: 0.2444
