Location: Dedata_14.png_Mean-Closing.png
Component: component_1755519998301_108.png
centerX: 0.2568548387096774
centerY: 0.26959247648902823
width: 0.04112903225806452
height: 0.02365346252493588
Area: 0.0004766545013283814
CentroidX: 0.2770
CentroidY: 0.2810
