Location: Dedata_14.png_Mean-Medain.png
Component: component_1755519998568_273.png
centerX: 0.4705645161290323
centerY: 0.781134226275292
width: 0.05
height: 0.029923055001424906
Area: 0.0007418711332150507
CentroidX: 0.4957
CentroidY: 0.7954
