Location: internet_24.png_Mean-Medain.png
Component: component_1755081215730_189.png
centerX: 0.7295445384925433
centerY: 0.6467065868263473
width: 0.04917372027408303
height: 0.03507271171941831
Area: 0.0006171798741435767
CentroidX: 0.7537
CentroidY: 0.6604
