Location: Dedata_14.png_Gaussian-Closing.png
Component: component_1755519998435_219.png
centerX: 0.4205645161290323
centerY: 0.5739526930749501
width: 0.04758064516129032
height: 0.025933314334568254
Area: 0.0006508609198466616
CentroidX: 0.4435
CentroidY: 0.5878
