Location: Dedata_14.png_Otsu.png
Component: component_1755519997999_27.png
centerX: 0.2931451612903226
centerY: 0.05386149900256483
width: 0.04032258064516129
height: 0.025078369905956112
Area: 0.00037024609529412846
CentroidX: 0.3149
CentroidY: 0.0643
