Location: internet_24.png_Gaussian-Closing.png
Component: component_1755081215288_36.png
centerX: 0.9145505844417574
centerY: 0.10949529512403763
width: 0.05078597339782346
height: 0.03649843170801255
Area: 0.0007190088068235039
CentroidX: 0.9396
CentroidY: 0.1236
