Location: Dedata_14.png_Mean-Medain.png
Component: component_1755519998506_28.png
centerX: 0.4229838709677419
centerY: 0.051011684240524366
width: 0.034274193548387094
height: 0.024223425477343973
Area: 0.0003933433842929242
CentroidX: 0.4411
CentroidY: 0.0614
