Location: Dedata_14.png_Gaussian-Closing.png
Component: component_1755519998426_178.png
centerX: 0.8306451612903226
centerY: 0.4442861214021089
width: 0.039112903225806454
height: 0.02365346252493588
Area: 0.0005658261245277121
CentroidX: 0.8504
CentroidY: 0.4557
