Location: Dedata_14.png_Mean-Medain.png
Component: component_1755519998507_34.png
centerX: 0.9451612903225807
centerY: 0.08064975776574522
width: 0.039919354838709675
height: 0.02536335138216016
Area: 0.00039587144577537945
CentroidX: 0.9660
CentroidY: 0.0914
