Location: Dedata_14.png_Mean-Closing.png
Component: component_1755519998321_203.png
centerX: 0.9120967741935484
centerY: 0.5323453975491593
width: 0.039112903225806454
height: 0.030208036477628954
Area: 0.0006816573051783892
CentroidX: 0.9328
CentroidY: 0.5462
