Location: internet_24.png_Gaussian-Median.png
Component: component_1755081215818_56.png
centerX: 0.7525191455058444
centerY: 0.10692899914456801
width: 0.05078597339782346
height: 0.03450242372398061
Area: 0.0007144115638131234
CentroidX: 0.7777
CentroidY: 0.1206
