Location: internet_24.png_Gaussian-Closing.png
Component: component_1755081215332_229.png
centerX: 0.017331721080209594
centerY: 0.8046763615625891
width: 0.046352277307537285
height: 0.03051040775591674
Area: 0.0005419000198485967
CentroidX: 0.0399
CentroidY: 0.8170
