Location: internet_24.png_Gaussian-Median.png
Component: component_1755081215867_293.png
centerX: 0.8806932688432084
centerY: 0.88366124893071
width: 0.04796453043127771
height: 0.037639007698887936
Area: 0.0008134821506868223
CentroidX: 0.9041
CentroidY: 0.8994
