Location: Dedata_14.png_Mean-Closing.png
Component: component_1755519998327_227.png
centerX: 0.6629032258064517
centerY: 0.6101453405528641
width: 0.04435483870967742
height: 0.025648332858364205
Area: 0.000683840631004146
CentroidX: 0.6861
CentroidY: 0.6223
