Location: internet_24.png_Otsu.png
Component: component_1755081215983_225.png
centerX: 0.8609431680773881
centerY: 0.06358711149130311
width: 0.05199516324062878
height: 0.03934987168520103
Area: 0.0005577605082344093
CentroidX: 0.8874
CentroidY: 0.0792
