Location: Dedata_14.png_Mean-Medain.png
Component: component_1755519998503_24.png
centerX: 0.5399193548387097
centerY: 0.047591906526075804
width: 0.03306451612903226
height: 0.022513536620119692
Area: 0.00039035567526820436
CentroidX: 0.5575
CentroidY: 0.0584
