Location: Dedata_14.png_Gaussian-Closing.png
Component: component_1755519998448_276.png
centerX: 0.3278225806451613
centerY: 0.7896836705614135
width: 0.04879032258064516
height: 0.030208036477628954
Area: 0.0006854493974020721
CentroidX: 0.3525
CentroidY: 0.8028
