Location: internet_24.png_Mean-Medain.png
Component: component_1755081215695_114.png
centerX: 0.7118097541313986
centerY: 0.3912175648702595
width: 0.060056428859330914
height: 0.036213287710293696
Area: 0.0006482112644636449
CentroidX: 0.7403
CentroidY: 0.4056
