Location: internet_24.png_Gaussian-Median.png
Component: component_1755081215825_104.png
centerX: 0.20515920999596937
centerY: 0.21927573424579413
width: 0.04070939137444579
height: 0.03165098374679213
Area: 0.0004824806539394293
CentroidX: 0.2250
CentroidY: 0.2314
