Location: internet_24.png_Mean-Medain.png
Component: component_1755081215725_179.png
centerX: 0.42241031841999194
centerY: 0.6122041631023667
width: 0.053204353083434096
height: 0.03307670373538637
Area: 0.0006974017646747157
CentroidX: 0.4477
CentroidY: 0.6265
