Location: Dedata_14.png_Mean-Closing.png
Component: component_1755519998329_236.png
centerX: 0.024596774193548387
centerY: 0.6500427472214306
width: 0.04153225806451613
height: 0.03163294385864919
Area: 0.0006919993748793425
CentroidX: 0.0458
CentroidY: 0.6629
