Location: Dedata_14.png_Mean-Closing.png
Component: component_1755519998313_163.png
centerX: 0.6625
centerY: 0.41208321459105157
width: 0.04112903225806452
height: 0.02365346252493588
Area: 0.0005638726224730876
CentroidX: 0.6832
CentroidY: 0.4246
