Location: Dedata_14.png_Gaussian-Closing.png
Component: component_1755519998417_141.png
centerX: 0.3782258064516129
centerY: 0.34425762325448844
width: 0.036290322580645164
height: 0.02707324023938444
Area: 0.0005092894768291674
CentroidX: 0.3976
CentroidY: 0.3565
