Location: internet_24.png_Gaussian-Median.png
Component: component_1755081215820_74.png
centerX: 0.9145505844417574
centerY: 0.15397775876817793
width: 0.0592503022974607
height: 0.039635015682919876
Area: 0.0007840597954203875
CentroidX: 0.9447
CentroidY: 0.1684
