Location: Dedata_14.png_Mean-Medain.png
Component: component_1755519998500_12.png
centerX: 0.07620967741935483
centerY: 0.011399259048161869
width: 0.036290322580645164
height: 0.0262182958107723
Area: 0.00045160371027496115
CentroidX: 0.0945
CentroidY: 0.0214
