Location: internet_24.png_Mean-Medain.png
Component: component_1755081215688_102.png
centerX: 0.014913341394598953
centerY: 0.34302822925577414
width: 0.04917372027408303
height: 0.033361847733105215
Area: 0.0006207427374766216
CentroidX: 0.0402
CentroidY: 0.3562
