Location: Dedata_14.png_Mean-Medain.png
Component: component_1755519998535_148.png
centerX: 0.12620967741935485
centerY: 0.3647762895411798
width: 0.03951612903225806
height: 0.024223425477343973
Area: 0.0005256069645795604
CentroidX: 0.1473
CentroidY: 0.3767
