Location: Dedata_14.png_Gaussian-Closing.png
Component: component_1755519998396_60.png
centerX: 0.26975806451612905
centerY: 0.14591051581647194
width: 0.039919354838709675
height: 0.025078369905956112
Area: 0.0003431268903005176
CentroidX: 0.2901
CentroidY: 0.1558
