Location: Dedata_14.png_Gaussian-Closing.png
Component: component_1755519998393_49.png
centerX: 0.9125
centerY: 0.12168709033912796
width: 0.04032258064516129
height: 0.025933314334568254
Area: 0.00039564162200424717
CentroidX: 0.9312
CentroidY: 0.1336
