Location: Dedata_14.png_Otsu.png
Component: component_1755519998006_65.png
centerX: 0.13830645161290323
centerY: 0.14990025648332858
width: 0.04032258064516129
height: 0.024793388429752067
Area: 0.0002683192527969553
CentroidX: 0.1590
CentroidY: 0.1601
