Location: Dedata_14.png_Mean-Closing.png
Component: component_1755519998326_223.png
centerX: 0.02217741935483871
centerY: 0.5998860074095184
width: 0.039112903225806454
height: 0.028783129096608722
Area: 0.0007013072376102005
CentroidX: 0.0425
CentroidY: 0.6142
