Location: Dedata_14.png_Otsu.png
Component: component_1755519998027_231.png
centerX: 0.8959677419354839
centerY: 0.39612425192362494
width: 0.039919354838709675
height: 0.022228555143915644
Area: 0.0005368683293650429
CentroidX: 0.9164
CentroidY: 0.4083
