Location: internet_24.png_Otsu.png
Component: component_1755081216009_951.png
centerX: 0.08827085852478839
centerY: 0.43798118049615054
width: 0.04554615074566707
height: 0.02879954376960365
Area: 0.0004938588303901209
CentroidX: 0.1111
CentroidY: 0.4485
