Location: internet_24.png_Gaussian-Median.png
Component: component_1755081215869_301.png
centerX: 0.32889963724304716
centerY: 0.9019104647847163
width: 0.05038291011688835
height: 0.03649843170801255
Area: 0.000874970275950661
CentroidX: 0.3550
CentroidY: 0.9181
