Location: internet_24.png_Gaussian-Closing.png
Component: component_1755081215301_100.png
centerX: 0.17896009673518742
centerY: 0.33219275734245796
width: 0.0592503022974607
height: 0.035357855717137156
Area: 0.0006695884444619139
CentroidX: 0.2090
CentroidY: 0.3464
