Location: internet_24.png_Mean-Medain.png
Component: component_1755081215669_75.png
centerX: 0.10721483272873841
centerY: 0.22469347020245223
width: 0.06086255542120113
height: 0.044767607641859136
Area: 0.0008910606264869927
CentroidX: 0.1363
CentroidY: 0.2422
