Location: internet_24.png_Mean-Medain.png
Component: component_1755081215756_252.png
centerX: 0.18057234985892784
centerY: 0.9076133447390933
width: 0.0475614671503426
height: 0.037639007698887936
Area: 0.000865316065628862
CentroidX: 0.2042
CentroidY: 0.9234
