Location: Dedata_14.png_Gaussian-Closing.png
Component: component_1755519998437_226.png
centerX: 0.02217741935483871
centerY: 0.5998860074095184
width: 0.039112903225806454
height: 0.028498147620404674
Area: 0.0006483328583642064
CentroidX: 0.0426
CentroidY: 0.6142
