Location: internet_24.png_Otsu.png
Component: component_1755081215992_725.png
centerX: 0.2773075372833535
centerY: 0.16167664670658682
width: 0.04675534058847239
height: 0.041916167664670656
Area: 0.0007395814692949564
CentroidX: 0.3006
CentroidY: 0.1785
