Location: internet_24.png_Gaussian-Median.png
Component: component_1755081215822_84.png
centerX: 0.18097541313986296
centerY: 0.16367265469061876
width: 0.06972994760177348
height: 0.039064727687482176
Area: 0.0009350792283113855
CentroidX: 0.2147
CentroidY: 0.1794
