Location: Dedata_14.png_Gaussian-Closing.png
Component: component_1755519998447_272.png
centerX: 0.6189516129032258
centerY: 0.7745796523225991
width: 0.06008064516129032
height: 0.032487888287261325
Area: 0.0007639342152437511
CentroidX: 0.6484
CentroidY: 0.7893
