Location: Dedata_14.png_Mean-Closing.png
Component: component_1755519998334_259.png
centerX: 0.3987903225806452
centerY: 0.7355371900826446
width: 0.04314516129032258
height: 0.029923055001424906
Area: 0.0006759117109000818
CentroidX: 0.4209
CentroidY: 0.7485
