Location: internet_24.png_Otsu.png
Component: component_1755081216054_1294.png
centerX: 0.08020959290608626
centerY: 0.8505845451953237
width: 0.049979846835953246
height: 0.03735386370116909
Area: 0.00085405282025343
CentroidX: 0.1059
CentroidY: 0.8663
