Location: Dedata_14.png_Otsu.png
Component: component_1755519997994_6.png
centerX: 0.5483870967741935
centerY: 0.009974351667141636
width: 0.036290322580645164
height: 0.024223425477343973
Area: 0.00035381369565816933
CentroidX: 0.5675
CentroidY: 0.0205
