Location: internet_24.png_Gaussian-Closing.png
Component: component_1755081215286_27.png
centerX: 0.9334945586457074
centerY: 0.06558311947533504
width: 0.053204353083434096
height: 0.031080695751354435
Area: 0.0006221219103797357
CentroidX: 0.9592
CentroidY: 0.0782
