Location: Dedata_8.png_Gaussian-Closing.png
Component: component_1755522187103_229.png
centerX: 0.7693548387096775
centerY: 0.5018523795953264
width: 0.027016129032258064
height: 0.030208036477628954
Area: 0.0003057805274915195
CentroidX: 0.7802
CentroidY: 0.5177
