Location: internet_13.png_Gaussian-Median.png
Component: component_1755088480797_213.png
centerX: 0.36275695284159615
centerY: 0.4268605645851155
width: 0.028214429665457477
height: 0.03592814371257485
Area: 0.0004758146515743776
CentroidX: 0.3755
CentroidY: 0.4439
