Location: Dedata_8.png_Mean-Medain.png
Component: component_1755522186773_319.png
centerX: 0.6560483870967742
centerY: 0.7298375605585637
width: 0.02379032258064516
height: 0.033912795668281565
Area: 0.0003431268903005176
CentroidX: 0.6663
CentroidY: 0.7487
