Location: internet_13.png_Mean-Medain.png
Component: component_1755088480969_209.png
centerX: 0.21563885530028215
centerY: 0.43199315654405473
width: 0.028214429665457477
height: 0.03450242372398061
Area: 0.0004542076094255894
CentroidX: 0.2286
CentroidY: 0.4486
