Location: internet_13.png_Gaussian-Median.png
Component: component_1755088480669_137.png
centerX: 0.1656590084643289
centerY: 0.24208725406330198
width: 0.023377670294236194
height: 0.032506415739948676
Area: 0.0004239807366323379
CentroidX: 0.1768
CentroidY: 0.2571
