Location: internet_13.png_Gaussian-Median.png
Component: component_1755088480775_172.png
centerX: 0.4719871019750101
centerY: 0.31907613344739094
width: 0.029423619508262798
height: 0.03507271171941831
Area: 0.00045662116200603916
CentroidX: 0.4855
CentroidY: 0.3358
