Location: Kurtxevani_1794_page_10.png_Mean-Medain.png
Component: component_1755610054603_521.png
centerX: 0.7831677381648159
centerY: 0.1004847950639048
width: 0.013442431326709527
height: 0.014103129131776113
Area: 0.00012776066717856794
CentroidX: 0.7899
CentroidY: 0.1076
