Location: Dedata_8.png_Mean-Medain.png
Component: component_1755522186584_74.png
centerX: 0.5479838709677419
centerY: 0.14049586776859505
width: 0.03306451612903226
height: 0.03305785123966942
Area: 0.0004632098107171421
CentroidX: 0.5636
CentroidY: 0.1571
