Location: Dedata_8.png_Otsu.png
Component: component_1755522187534_364.png
centerX: 0.5637096774193548
centerY: 0.6736962097463665
width: 0.029838709677419355
height: 0.02821316614420063
Area: 0.000294519162706037
CentroidX: 0.5754
CentroidY: 0.6875
