Location: internet_13.png_Mean-Closing.png
Component: component_1755088481133_312.png
centerX: 0.5098750503829101
centerY: 0.7259766181921871
width: 0.032648125755743655
height: 0.03364699173082407
Area: 0.0005400611226444445
CentroidX: 0.5245
CentroidY: 0.7409
