Location: internet_13.png_Gaussian-Closing.png
Component: component_1755088480520_216.png
centerX: 0.5239822652156388
centerY: 0.46335899629312804
width: 0.026602176541717048
height: 0.03649843170801255
Area: 0.0004721368571660732
CentroidX: 0.5362
CentroidY: 0.4804
