Location: Dedata_8.png_Mean-Medain.png
Component: component_1755522186612_184.png
centerX: 0.2967741935483871
centerY: 0.4109432886862354
width: 0.03225806451612903
height: 0.033912795668281565
Area: 0.0004689554049954495
CentroidX: 0.3111
CentroidY: 0.4276
