Location: internet_13.png_Gaussian-Median.png
Component: component_1755088480608_60.png
centerX: 0.6553808948004837
centerY: 0.08326204733390362
width: 0.0354695687222894
height: 0.030795551753635585
Area: 0.0004578854038338938
CentroidX: 0.6709
CentroidY: 0.0970
