Location: Paraklitoni_1720_page_10.png_Mean-Medain.png
Component: component_1755610055242_392.png
centerX: 0.2934451219512195
centerY: 0.1523809523809524
width: 0.010670731707317074
height: 0.012030075187969926
Area: 7.870285469771991e-05
CentroidX: 0.2984
CentroidY: 0.1579
