Location: internet_13.png_Mean-Medain.png
Component: component_1755088480942_76.png
centerX: 0.16767432486900444
centerY: 0.1092101511263188
width: 0.027005239822652155
height: 0.02879954376960365
Area: 0.00024181498234601218
CentroidX: 0.1797
CentroidY: 0.1247
