Location: Dedata_8.png_Mean-Closing.png
Component: component_1755522186957_214.png
centerX: 0.6379032258064516
centerY: 0.4744941578797378
width: 0.03064516129032258
height: 0.027643203191792535
Area: 0.00029153145368131716
CentroidX: 0.6511
CentroidY: 0.4888
