Location: Dedata_8.png_Gaussian-Closing.png
Component: component_1755522187079_149.png
centerX: 0.7568548387096774
centerY: 0.32801367911085777
width: 0.035483870967741936
height: 0.03619264747791394
Area: 0.0004636694582594067
CentroidX: 0.7731
CentroidY: 0.3460
