Location: internet_13.png_Mean-Closing.png
Component: component_1755088481067_75.png
centerX: 0.7738814993954051
centerY: 0.12460792700313658
width: 0.027408303103587262
height: 0.031936127744510975
Area: 0.0004759295826496371
CentroidX: 0.7872
CentroidY: 0.1401
