Location: internet_13.png_Mean-Closing.png
Component: component_1755088481093_163.png
centerX: 0.16807738814993953
centerY: 0.3333333333333333
width: 0.024586860137041516
height: 0.03507271171941831
Area: 0.0004417950532975622
CentroidX: 0.1798
CentroidY: 0.3506
