Location: internet_13.png_Gaussian-Median.png
Component: component_1755088480862_308.png
centerX: 0.6711003627569528
centerY: 0.6692329626461363
width: 0.030229746070133012
height: 0.04077559167379527
Area: 0.0005535080584498074
CentroidX: 0.6842
CentroidY: 0.6884
