Location: internet_13.png_Gaussian-Closing.png
Component: component_1755088480494_104.png
centerX: 0.48286981056025796
centerY: 0.18135158254918735
width: 0.02781136638452237
height: 0.03165098374679213
Area: 0.00043800232781399833
CentroidX: 0.4965
CentroidY: 0.1967
