Location: internet_13.png_Mean-Closing.png
Component: component_1755088481083_130.png
centerX: 0.9153567110036276
centerY: 0.25805531793555747
width: 0.031035872632003223
height: 0.035357855717137156
Area: 0.0005508646437188386
CentroidX: 0.9314
CentroidY: 0.2751
