Location: Dedata_8.png_Gaussian-Closing.png
Component: component_1755522187118_288.png
centerX: 0.9471774193548387
centerY: 0.6471929324593901
width: 0.020967741935483872
height: 0.0353377030493018
Area: 0.00032485590049550003
CentroidX: 0.9567
CentroidY: 0.6667
