Location: Dedata_8.png_Gaussian-Closing.png
Component: component_1755522187068_102.png
centerX: 0.10524193548387097
centerY: 0.2157309774864634
width: 0.032661290322580645
height: 0.03220290681105728
Area: 0.0004432151426286324
CentroidX: 0.1205
CentroidY: 0.2318
