Location: internet_13.png_Gaussian-Closing.png
Component: component_1755088480503_139.png
centerX: 0.8170092704554615
centerY: 0.2623324779013402
width: 0.029423619508262798
height: 0.03279155973766752
Area: 0.0004940886925406399
CentroidX: 0.8314
CentroidY: 0.2779
