Location: Dedata_8.png_Gaussian-Closing.png
Component: component_1755522187050_27.png
centerX: 0.9149193548387097
centerY: 0.04445711028783129
width: 0.03064516129032258
height: 0.030777999430037048
Area: 0.0003969056527454748
CentroidX: 0.9297
CentroidY: 0.0600
