Location: Dedata_8.png_Mean-Closing.png
Component: component_1755522186973_270.png
centerX: 0.26814516129032256
centerY: 0.6027358221715589
width: 0.02620967741935484
height: 0.028783129096608722
Area: 0.0003273839619779553
CentroidX: 0.2797
CentroidY: 0.6179
