Location: Dedata_8.png_Otsu.png
Component: component_1755522187201_50.png
centerX: 0.8661290322580645
centerY: 0.045027073240239385
width: 0.028225806451612902
height: 0.02792818466799658
Area: 0.00022269923422719458
CentroidX: 0.8770
CentroidY: 0.0560
