Location: internet_13.png_Mean-Medain.png
Component: component_1755088480945_96.png
centerX: 0.11406690850463523
centerY: 0.14941545480467636
width: 0.030229746070133012
height: 0.033932135728542916
Area: 0.0004428294329748978
CentroidX: 0.1284
CentroidY: 0.1654
