Location: internet_13.png_Mean-Closing.png
Component: component_1755088481109_225.png
centerX: 0.7762998790810157
centerY: 0.49615055603079555
width: 0.029423619508262798
height: 0.03849443969204448
Area: 0.0005162703900657256
CentroidX: 0.7896
CentroidY: 0.5148
