Location: internet_13.png_Gaussian-Median.png
Component: component_1755088480826_255.png
centerX: 0.20999596936719064
centerY: 0.5295124037639007
width: 0.02781136638452237
height: 0.03735386370116909
Area: 0.0004860435172724741
CentroidX: 0.2224
CentroidY: 0.5466
