Location: Dedata_8.png_Gaussian-Closing.png
Component: component_1755522187091_185.png
centerX: 0.25201612903225806
centerY: 0.4132231404958678
width: 0.027419354838709678
height: 0.0347677400968937
Area: 0.0004403423454894787
CentroidX: 0.2643
CentroidY: 0.4310
