Location: internet_13.png_Mean-Closing.png
Component: component_1755088481089_151.png
centerX: 0.9137444578798871
centerY: 0.30367835757057315
width: 0.02781136638452237
height: 0.03849443969204448
Area: 0.0005354638796340641
CentroidX: 0.9271
CentroidY: 0.3225
