Location: Dedata_8.png_Mean-Medain.png
Component: component_1755522186598_131.png
centerX: 0.6846774193548387
centerY: 0.2846964947278427
width: 0.031451612903225803
height: 0.03505272157309775
Area: 0.000504348265749823
CentroidX: 0.6999
CentroidY: 0.3015
