Location: Dedata_8.png_Otsu.png
Component: component_1755522187492_254.png
centerX: 0.41854838709677417
centerY: 0.4516956397834141
width: 0.020967741935483872
height: 0.029923055001424906
Area: 0.0002850963880896129
CentroidX: 0.4269
CentroidY: 0.4662
