Location: internet_13.png_Mean-Medain.png
Component: component_1755088480936_47.png
centerX: 0.26360338573155984
centerY: 0.06814941545480467
width: 0.02902055622732769
height: 0.026803535785571715
Area: 0.00029043082718078556
CentroidX: 0.2761
CentroidY: 0.0815
