Location: Dedata_8.png_Gaussian-Closing.png
Component: component_1755522187099_213.png
centerX: 0.6798387096774193
centerY: 0.46793958392704477
width: 0.031048387096774193
height: 0.031062980906241093
Area: 0.0003047463205214242
CentroidX: 0.6927
CentroidY: 0.4837
