Location: Dedata_8.png_Mean-Closing.png
Component: component_1755522186912_42.png
centerX: 0.015725806451612902
centerY: 0.060701054431461954
width: 0.02903225806451613
height: 0.026503277286976348
Area: 0.0003258901074655954
CentroidX: 0.0273
CentroidY: 0.0737
