Location: internet_13.png_Mean-Closing.png
Component: component_1755088481063_68.png
centerX: 0.16807738814993953
centerY: 0.10949529512403763
width: 0.026602176541717048
height: 0.028514399771884802
Area: 0.00022871283976642787
CentroidX: 0.1802
CentroidY: 0.1250
