Location: internet_13.png_Mean-Medain.png
Component: component_1755088480947_105.png
centerX: 0.6352277307537283
centerY: 0.17593384659252922
width: 0.03184199919387344
height: 0.031936127744510975
Area: 0.00046225278469375525
CentroidX: 0.6489
CentroidY: 0.1905
