Location: internet_13.png_Gaussian-Closing.png
Component: component_1755088480487_73.png
centerX: 0.2728738411930673
centerY: 0.11263187909894497
width: 0.024586860137041516
height: 0.021956087824351298
Area: 0.00018837203235033933
CentroidX: 0.2829
CentroidY: 0.1242
