Location: internet_13.png_Gaussian-Median.png
Component: component_1755088480670_139.png
centerX: 0.12253123740427246
centerY: 0.24493869404049046
width: 0.029423619508262798
height: 0.030795551753635585
Area: 0.0004108785940527536
CentroidX: 0.1347
CentroidY: 0.2586
