Location: internet_13.png_Mean-Medain.png
Component: component_1755088480980_267.png
centerX: 0.3083434099153567
centerY: 0.5808383233532934
width: 0.03143893591293833
height: 0.03934987168520103
Area: 0.0005316711541505001
CentroidX: 0.3214
CentroidY: 0.5987
