Location: internet_13.png_Gaussian-Median.png
Component: component_1755088480823_247.png
centerX: 0.5711406690850463
centerY: 0.5095523239235814
width: 0.028214429665457477
height: 0.03934987168520103
Area: 0.0004650111304999835
CentroidX: 0.5832
CentroidY: 0.5281
