Location: internet_13.png_Gaussian-Closing.png
Component: component_1755088480532_268.png
centerX: 0.7686416767432487
centerY: 0.6039349871685201
width: 0.028214429665457477
height: 0.035357855717137156
Area: 0.0005002949706046535
CentroidX: 0.7817
CentroidY: 0.6203
