Location: internet_13.png_Gaussian-Median.png
Component: component_1755088480600_32.png
centerX: 0.6618299072954453
centerY: 0.04647847162817223
width: 0.03184199919387344
height: 0.029940119760479042
Area: 0.00037352599459341233
CentroidX: 0.6769
CentroidY: 0.0603
