Location: internet_13.png_Gaussian-Closing.png
Component: component_1755088480499_122.png
centerX: 0.5175332527206772
centerY: 0.22583404619332764
width: 0.028214429665457477
height: 0.03279155973766752
Area: 0.0004754698583485991
CentroidX: 0.5316
CentroidY: 0.2413
