Location: Dedata_8.png_Mean-Medain.png
Component: component_1755522186643_223.png
centerX: 0.8987903225806452
centerY: 0.4890282131661442
width: 0.02661290322580645
height: 0.03163294385864919
Area: 0.00032657957877899225
CentroidX: 0.9107
CentroidY: 0.5059
