Location: internet_13.png_Gaussian-Closing.png
Component: component_1755088480474_5.png
centerX: 0.758565094719871
centerY: 0.00570287995437696
width: 0.030632809351068116
height: 0.03279155973766752
Area: 0.00040662614426815167
CentroidX: 0.7721
CentroidY: 0.0212
