Location: Dedata_8.png_Otsu.png
Component: component_1755522187548_417.png
centerX: 0.28669354838709676
centerY: 0.8059276147050441
width: 0.03064516129032258
height: 0.029923055001424906
Area: 0.00026992801919488137
CentroidX: 0.2989
CentroidY: 0.8210
