Location: internet_13.png_Mean-Medain.png
Component: component_1755088480984_288.png
centerX: 0.456670697299476
centerY: 0.6276019389791845
width: 0.026199113260781944
height: 0.02594810379241517
Area: 0.0002836498937404744
CentroidX: 0.4679
CentroidY: 0.6413
