Location: Dedata_8.png_Gaussian-Closing.png
Component: component_1755522187077_139.png
centerX: 0.3096774193548387
centerY: 0.31176973496722715
width: 0.032661290322580645
height: 0.032487888287261325
Area: 0.000455395802498644
CentroidX: 0.3257
CentroidY: 0.3276
