Location: Dedata_8.png_Mean-Medain.png
Component: component_1755522186575_40.png
centerX: 0.24274193548387096
centerY: 0.05500142490738102
width: 0.03346774193548387
height: 0.03163294385864919
Area: 0.00035461807885713237
CentroidX: 0.2574
CentroidY: 0.0697
