Location: Dedata_8.png_Gaussian-Closing.png
Component: component_1755522187063_77.png
centerX: 0.34919354838709676
centerY: 0.15018523795953262
width: 0.03467741935483871
height: 0.032487888287261325
Area: 0.00047297732099026466
CentroidX: 0.3660
CentroidY: 0.1658
