Location: internet_13.png_Gaussian-Median.png
Component: component_1755088480616_101.png
centerX: 0.016928657799274487
centerY: 0.15397775876817793
width: 0.026602176541717048
height: 0.03450242372398061
Area: 0.00041903870039617893
CentroidX: 0.0289
CentroidY: 0.1699
