Location: Dedata_8.png_Mean-Medain.png
Component: component_1755522186611_182.png
centerX: 0.8975806451612903
centerY: 0.4066685665431747
width: 0.028629032258064516
height: 0.034482758620689655
Area: 0.00040908631261548647
CentroidX: 0.9102
CentroidY: 0.4242
