Location: internet_13.png_Gaussian-Closing.png
Component: component_1755088480483_52.png
centerX: 0.7053607416364369
centerY: 0.08155118334759054
width: 0.029423619508262798
height: 0.03421727972626176
Area: 0.0004600690942638245
CentroidX: 0.7192
CentroidY: 0.0969
