Location: internet_13.png_Mean-Medain.png
Component: component_1755088480981_269.png
centerX: 0.20999596936719064
centerY: 0.5879669232962647
width: 0.028214429665457477
height: 0.038209295694325636
Area: 0.0005490257465146864
CentroidX: 0.2224
CentroidY: 0.6053
