Location: internet_13.png_Gaussian-Median.png
Component: component_1755088480803_220.png
centerX: 0.9355098750503829
centerY: 0.43855146849158827
width: 0.030632809351068116
height: 0.035642999714856
Area: 0.0005170749075925422
CentroidX: 0.9489
CentroidY: 0.4559
