Location: internet_13.png_Mean-Medain.png
Component: component_1755088480952_129.png
centerX: 0.3655783958081419
centerY: 0.23438836612489308
width: 0.031035872632003223
height: 0.035642999714856
Area: 0.000524430496409151
CentroidX: 0.3801
CentroidY: 0.2504
