Location: Dedata_8.png_Mean-Medain.png
Component: component_1755522186604_153.png
centerX: 0.6709677419354839
centerY: 0.335423197492163
width: 0.03225806451612903
height: 0.03419777714448561
Area: 0.00045355721232958566
CentroidX: 0.6849
CentroidY: 0.3518
