Location: internet_13.png_Mean-Medain.png
Component: component_1755088480974_233.png
centerX: 0.018540910923014912
centerY: 0.48902195608782434
width: 0.02902055622732769
height: 0.03649843170801255
Area: 0.0005078804215717813
CentroidX: 0.0309
CentroidY: 0.5063
