Location: Dedata_8.png_Mean-Medain.png
Component: component_1755522186747_285.png
centerX: 0.45161290322580644
centerY: 0.6337988030777999
width: 0.03064516129032258
height: 0.03163294385864919
Area: 0.0003540435194293016
CentroidX: 0.4642
CentroidY: 0.6497
