Location: Dedata_8.png_Gaussian-Closing.png
Component: component_1755522187053_41.png
centerX: 0.06411290322580646
centerY: 0.05956112852664577
width: 0.02903225806451613
height: 0.028498147620404674
Area: 0.0003376111197933425
CentroidX: 0.0770
CentroidY: 0.0738
