Location: Dedata_8.png_Mean-Closing.png
Component: component_1755522186963_237.png
centerX: 0.5923387096774193
centerY: 0.5198062125961812
width: 0.02943548387096774
height: 0.029923055001424906
Area: 0.0003353128820820195
CentroidX: 0.6056
CentroidY: 0.5350
