Location: Dedata_8.png_Otsu.png
Component: component_1755522187447_123.png
centerX: 0.5971774193548387
centerY: 0.1390709603875748
width: 0.03508064516129032
height: 0.03362781419207751
Area: 0.000418049439689646
CentroidX: 0.6136
CentroidY: 0.1550
