Location: internet_13.png_Mean-Medain.png
Component: component_1755088480993_333.png
centerX: 0.32285368802902054
centerY: 0.7345309381237525
width: 0.031035872632003223
height: 0.035642999714856
Area: 0.0005109835606037881
CentroidX: 0.3366
CentroidY: 0.7509
