Location: Dedata_8.png_Mean-Closing.png
Component: component_1755522186903_23.png
centerX: 0.7193548387096774
centerY: 0.04474209176403534
width: 0.027419354838709678
height: 0.03163294385864919
Area: 0.00036702856249827635
CentroidX: 0.7320
CentroidY: 0.0600
