Location: internet_13.png_Mean-Medain.png
Component: component_1755088480976_240.png
centerX: 0.6203143893591294
centerY: 0.5052751639577987
width: 0.029826682789197905
height: 0.035357855717137156
Area: 0.0005094894566254145
CentroidX: 0.6352
CentroidY: 0.5219
