Location: internet_13.png_Gaussian-Closing.png
Component: component_1755088480498_118.png
centerX: 0.6715034260378879
centerY: 0.21870544625035643
width: 0.030632809351068116
height: 0.03279155973766752
Area: 0.0004619079914679767
CentroidX: 0.6853
CentroidY: 0.2340
