Location: Dedata_8.png_Gaussian-Closing.png
Component: component_1755522187102_223.png
centerX: 0.8991935483870968
centerY: 0.4890282131661442
width: 0.02620967741935484
height: 0.03163294385864919
Area: 0.00031405418325228214
CentroidX: 0.9109
CentroidY: 0.5057
