Location: Kurtxevani_1764_page_10.png_Otsu.png
Component: component_1755610055818_470.png
centerX: 0.4155339805825243
centerY: 0.1342376052385407
width: 0.012944983818770227
height: 0.017305893358278764
Area: 0.00012321348022075495
CentroidX: 0.4216
CentroidY: 0.1424
