Location: Dedata_8.png_Gaussian-Closing.png
Component: component_1755522187044_4.png
centerX: 0.6455645161290322
centerY: 0.007124536905101168
width: 0.02661290322580645
height: 0.027643203191792535
Area: 0.00030198843526783664
CentroidX: 0.6565
CentroidY: 0.0209
