Location: Dedata_8.png_Otsu.png
Component: component_1755522187539_379.png
centerX: 0.03185483870967742
centerY: 0.7221430607010544
width: 0.027822580645161292
height: 0.030493017953833
Area: 0.0002757885253587549
CentroidX: 0.0440
CentroidY: 0.7377
