Location: Dedata_8.png_Otsu.png
Component: component_1755522187469_194.png
centerX: 0.20443548387096774
centerY: 0.3166144200626959
width: 0.034274193548387094
height: 0.03163294385864919
Area: 0.00041747488026181524
CentroidX: 0.2193
CentroidY: 0.3320
