Location: Dedata_8.png_Gaussian-Closing.png
Component: component_1755522187081_157.png
centerX: 0.4383064516129032
centerY: 0.3525220860644058
width: 0.034274193548387094
height: 0.031062980906241093
Area: 0.00042138188437106425
CentroidX: 0.4543
CentroidY: 0.3679
