Location: internet_13.png_Mean-Closing.png
Component: component_1755088481128_293.png
centerX: 0.44054816606207176
centerY: 0.6775021385799829
width: 0.03345425231761386
height: 0.04020530367835757
Area: 0.0005570709217828522
CentroidX: 0.4575
CentroidY: 0.6945
