Location: internet_13.png_Gaussian-Median.png
Component: component_1755088480868_322.png
centerX: 0.12091898428053205
centerY: 0.6994582264043342
width: 0.031035872632003223
height: 0.03649843170801255
Area: 0.0005470719182352747
CentroidX: 0.1339
CentroidY: 0.7159
