Location: internet_13.png_Mean-Medain.png
Component: component_1755088480966_195.png
centerX: 0.947198710197501
centerY: 0.3900769888793841
width: 0.029826682789197905
height: 0.03279155973766752
Area: 0.0004391516385665934
CentroidX: 0.9604
CentroidY: 0.4051
