Location: Dedata_8.png_Mean-Closing.png
Component: component_1755522186989_337.png
centerX: 0.5495967741935484
centerY: 0.7916785408948418
width: 0.029838709677419355
height: 0.031917925334853235
Area: 0.0003750723944879067
CentroidX: 0.5619
CentroidY: 0.8087
