Location: Dedata_8.png_Mean-Medain.png
Component: component_1755522186750_291.png
centerX: 0.23790322580645162
centerY: 0.6508976916500427
width: 0.02903225806451613
height: 0.0347677400968937
Area: 0.00037288906866214986
CentroidX: 0.2499
CentroidY: 0.6686
