Location: internet_13.png_Mean-Medain.png
Component: component_1755088480946_97.png
centerX: 0.06650544135429262
centerY: 0.1514114627887083
width: 0.029423619508262798
height: 0.03307670373538637
Area: 0.00041938349362195744
CentroidX: 0.0793
CentroidY: 0.1664
