Location: internet_13.png_Mean-Closing.png
Component: component_1755088481054_40.png
centerX: 0.16767432486900444
centerY: 0.06387225548902195
width: 0.029423619508262798
height: 0.028514399771884802
Area: 0.00033617339513407113
CentroidX: 0.1822
CentroidY: 0.0777
