Location: Dedata_8.png_Mean-Closing.png
Component: component_1755522186907_29.png
centerX: 0.5810483870967742
centerY: 0.047021943573667714
width: 0.03064516129032258
height: 0.03305785123966942
Area: 0.0003747276588312082
CentroidX: 0.5935
CentroidY: 0.0633
