Location: internet_13.png_Gaussian-Median.png
Component: component_1755088480871_333.png
centerX: 0.558645707376058
centerY: 0.7191331622469347
width: 0.032245062474808545
height: 0.03279155973766752
Area: 0.00045133433254410164
CentroidX: 0.5730
CentroidY: 0.7344
