Location: internet_13.png_Mean-Medain.png
Component: component_1755088480989_312.png
centerX: 0.2656187021362354
centerY: 0.6909039064727688
width: 0.02902055622732769
height: 0.039064727687482176
Area: 0.0005250051517854485
CentroidX: 0.2785
CentroidY: 0.7083
