Location: Dedata_8.png_Otsu.png
Component: component_1755522187449_133.png
centerX: 0.1060483870967742
centerY: 0.16215445996010258
width: 0.031048387096774193
height: 0.031917925334853235
Area: 0.00041023543147114793
CentroidX: 0.1210
CentroidY: 0.1778
