Location: Samociqulo_1709_page_10.png_Gaussian-Median.png
Component: component_1755610056316_3555.png
centerX: 0.1773955773955774
centerY: 0.8784375
width: 0.01769041769041769
height: 0.0140625
Area: 0.00011977886977886978
CentroidX: 0.1864
CentroidY: 0.8848
