Location: internet_13.png_Mean-Closing.png
Component: component_1755088481131_307.png
centerX: 0.8968158000806127
centerY: 0.7162817222697462
width: 0.0354695687222894
height: 0.033361847733105215
Area: 0.0005124776645821618
CentroidX: 0.9134
CentroidY: 0.7320
