Location: Dedata_8.png_Otsu.png
Component: component_1755522187503_278.png
centerX: 0.37701612903225806
centerY: 0.4972926759760616
width: 0.024596774193548387
height: 0.03334283271587347
Area: 0.0003172717160481343
CentroidX: 0.3879
CentroidY: 0.5142
