Location: Dedata_8.png_Mean-Medain.png
Component: component_1755522186615_199.png
centerX: 0.4959677419354839
centerY: 0.44400113992590484
width: 0.02620967741935484
height: 0.03220290681105728
Area: 0.0003750723944879067
CentroidX: 0.5073
CentroidY: 0.4604
