Location: Dedata_8.png_Otsu.png
Component: component_1755522187546_408.png
centerX: 0.707258064516129
centerY: 0.7848389854659447
width: 0.02379032258064516
height: 0.03220290681105728
Area: 0.00028498147620404675
CentroidX: 0.7177
CentroidY: 0.8019
