Location: Paraklitoni_1720_page_10.png_Mean-Medain.png
Component: component_1755610055225_333.png
centerX: 0.24390243902439024
centerY: 0.13132832080200502
width: 0.010670731707317074
height: 0.012030075187969926
Area: 6.418485237483954e-05
CentroidX: 0.2488
CentroidY: 0.1371
