Location: Dedata_8.png_Mean-Medain.png
Component: component_1755522186744_276.png
centerX: 0.7133064516129032
centerY: 0.6090054146480479
width: 0.029838709677419355
height: 0.030208036477628954
Area: 0.0003664540030704456
CentroidX: 0.7256
CentroidY: 0.6236
