Location: internet_13.png_Gaussian-Median.png
Component: component_1755088480646_130.png
centerX: 0.5675130995566304
centerY: 0.2244083262047334
width: 0.029826682789197905
height: 0.03421727972626176
Area: 0.0004699531667361425
CentroidX: 0.5802
CentroidY: 0.2397
