Location: Kurtxevani_1764_page_10.png_Otsu.png
Component: component_1755610055909_1082.png
centerX: 0.9003236245954692
centerY: 0.41019644527595883
width: 0.018122977346278317
height: 0.019176800748362956
Area: 0.00019526460624665098
CentroidX: 0.9075
CentroidY: 0.4198
