Location: Dedata_8.png_Otsu.png
Component: component_1755522187485_242.png
centerX: 0.7205645161290323
centerY: 0.42405243659162156
width: 0.03024193548387097
height: 0.0353377030493018
Area: 0.00035645666902619073
CentroidX: 0.7319
CentroidY: 0.4403
