Location: Dedata_8.png_Gaussian-Closing.png
Component: component_1755522187063_78.png
centerX: 0.29516129032258065
centerY: 0.1536050156739812
width: 0.031451612903225803
height: 0.030208036477628954
Area: 0.000438273931549288
CentroidX: 0.3104
CentroidY: 0.1689
