Location: Dedata_8.png_Otsu.png
Component: component_1755522187502_275.png
centerX: 0.4645161290322581
centerY: 0.49045312054716445
width: 0.027419354838709678
height: 0.027643203191792535
Area: 0.0002894630397411265
CentroidX: 0.4769
CentroidY: 0.5044
