Location: Dedata_8.png_Mean-Closing.png
Component: component_1755522186971_266.png
centerX: 0.9048387096774193
centerY: 0.5953263037902536
width: 0.02943548387096774
height: 0.025648332858364205
Area: 0.00030532087994925494
CentroidX: 0.9178
CentroidY: 0.6082
