Location: internet_13.png_Mean-Closing.png
Component: component_1755088481132_308.png
centerX: 0.6561870213623539
centerY: 0.716852010265184
width: 0.025796049979846837
height: 0.03450242372398061
Area: 0.0004691486492093259
CentroidX: 0.6689
CentroidY: 0.7329
