Location: Dedata_8.png_Mean-Medain.png
Component: component_1755522186645_229.png
centerX: 0.7693548387096775
centerY: 0.5018523795953264
width: 0.027016129032258064
height: 0.030493017953833
Area: 0.0003123305049687899
CentroidX: 0.7801
CentroidY: 0.5178
