Location: Kurtxevani_1764_page_10.png_Otsu.png
Component: component_1755610055830_572.png
centerX: 0.6414239482200648
centerY: 0.16557530402245088
width: 0.012297734627831715
height: 0.01683816651075772
Area: 0.00012563536680986072
CentroidX: 0.6470
CentroidY: 0.1741
