Location: Dedata_8.png_Mean-Medain.png
Component: component_1755522186777_333.png
centerX: 0.02620967741935484
centerY: 0.7674551154174979
width: 0.025403225806451612
height: 0.03590766600170989
Area: 0.0003349681464253211
CentroidX: 0.0380
CentroidY: 0.7871
