Location: Dedata_8.png_Otsu.png
Component: component_1755522187195_11.png
centerX: 0.5951612903225807
centerY: 0.00883442576232545
width: 0.02661290322580645
height: 0.02821316614420063
Area: 0.00023913163386315374
CentroidX: 0.6055
CentroidY: 0.0228
