Location: Kurtxevani_1794_page_10.png_Mean-Medain.png
Component: component_1755610055119_2784.png
centerX: 0.31560490940970193
centerY: 0.8792419568091671
width: 0.017533606078316773
height: 0.02247686205376818
Area: 0.00019498956664148372
CentroidX: 0.3239
CentroidY: 0.8912
