Location: internet_13.png_Gaussian-Median.png
Component: component_1755088480850_292.png
centerX: 0.36275695284159615
centerY: 0.6270316509837468
width: 0.026199113260781944
height: 0.03307670373538637
Area: 0.00041949842469721693
CentroidX: 0.3747
CentroidY: 0.6431
