Location: internet_13.png_Gaussian-Median.png
Component: component_1755088480802_218.png
centerX: 0.11406690850463523
centerY: 0.4368406045052752
width: 0.028617492946392584
height: 0.032506415739948676
Area: 0.0004697233045856235
CentroidX: 0.1273
CentroidY: 0.4522
