Location: Dedata_8.png_Gaussian-Closing.png
Component: component_1755522187070_109.png
centerX: 0.7274193548387097
centerY: 0.23453975491593046
width: 0.02903225806451613
height: 0.0347677400968937
Area: 0.0004474668823945798
CentroidX: 0.7401
CentroidY: 0.2512
