Location: Dedata_8.png_Otsu.png
Component: component_1755522187294_102.png
centerX: 0.6379032258064516
centerY: 0.09404388714733543
width: 0.036290322580645164
height: 0.029353092049016812
Area: 0.00038196710762187553
CentroidX: 0.6543
CentroidY: 0.1088
