Location: Dedata_8.png_Otsu.png
Component: component_1755522187494_256.png
centerX: 0.8520161290322581
centerY: 0.45483043602165857
width: 0.027016129032258064
height: 0.027643203191792535
Area: 0.0002383272506641907
CentroidX: 0.8634
CentroidY: 0.4684
