Location: internet_13.png_Mean-Closing.png
Component: component_1755088481086_138.png
centerX: 0.4558645707376058
centerY: 0.272027373823781
width: 0.030229746070133012
height: 0.03222127174222983
Area: 0.00044225477759860025
CentroidX: 0.4690
CentroidY: 0.2865
