Location: Dedata_8.png_Otsu.png
Component: component_1755522187545_403.png
centerX: 0.9084677419354839
centerY: 0.7700199487033342
width: 0.018951612903225806
height: 0.031062980906241093
Area: 0.00016283014184723154
CentroidX: 0.9149
CentroidY: 0.7847
