Location: Dedata_8.png_Gaussian-Closing.png
Component: component_1755522187049_23.png
centerX: 0.8149193548387097
centerY: 0.042462239954402965
width: 0.03467741935483871
height: 0.030493017953833
Area: 0.000405638956048502
CentroidX: 0.8310
CentroidY: 0.0581
