Location: Dedata_8.png_Mean-Medain.png
Component: component_1755522186766_303.png
centerX: 0.5092741935483871
centerY: 0.6754060986035908
width: 0.034274193548387094
height: 0.02963807352522086
Area: 0.00036599435552818097
CentroidX: 0.5234
CentroidY: 0.6903
