Location: internet_13.png_Mean-Medain.png
Component: component_1755088480968_204.png
centerX: 0.5163240628778718
centerY: 0.41659538066723695
width: 0.026199113260781944
height: 0.031936127744510975
Area: 0.0004277734621159018
CentroidX: 0.5279
CentroidY: 0.4318
