Location: internet_13.png_Gaussian-Closing.png
Component: component_1755088480487_71.png
centerX: 0.16767432486900444
centerY: 0.10949529512403763
width: 0.027005239822652155
height: 0.028514399771884802
Area: 0.00022560970073442105
CentroidX: 0.1801
CentroidY: 0.1251
