Location: internet_13.png_Gaussian-Median.png
Component: component_1755088480615_98.png
centerX: 0.1652559451833938
centerY: 0.14713430282292558
width: 0.027408303103587262
height: 0.03421727972626176
Area: 0.00040651121319289213
CentroidX: 0.1772
CentroidY: 0.1633
