Location: internet_13.png_Gaussian-Closing.png
Component: component_1755088480526_242.png
centerX: 0.1600161225312374
centerY: 0.5337895637296834
width: 0.02781136638452237
height: 0.03649843170801255
Area: 0.0004470818827594997
CentroidX: 0.1732
CentroidY: 0.5499
