Location: internet_13.png_Gaussian-Closing.png
Component: component_1755088480511_172.png
centerX: 0.8532849657396211
centerY: 0.34759053321927574
width: 0.027408303103587262
height: 0.03165098374679213
Area: 0.00041432652631053895
CentroidX: 0.8651
CentroidY: 0.3633
