Location: internet_13.png_Mean-Closing.png
Component: component_1755088481124_276.png
centerX: 0.2724707779121322
centerY: 0.6335899629312803
width: 0.025796049979846837
height: 0.033932135728542916
Area: 0.00046455140619894547
CentroidX: 0.2841
CentroidY: 0.6491
