Location: Dedata_8.png_Mean-Medain.png
Component: component_1755522186733_260.png
centerX: 0.6237903225806452
centerY: 0.5645483043602166
width: 0.028629032258064516
height: 0.037047591906526074
Area: 0.0004003530093124592
CentroidX: 0.6367
CentroidY: 0.5847
