Location: internet_13.png_Mean-Medain.png
Component: component_1755088480967_202.png
centerX: 0.6203143893591294
centerY: 0.40804106073567153
width: 0.029423619508262798
height: 0.034787567721699456
Area: 0.0004707576842629591
CentroidX: 0.6328
CentroidY: 0.4248
