Location: internet_13.png_Mean-Medain.png
Component: component_1755088480949_113.png
centerX: 0.2728738411930673
centerY: 0.1930424864556601
width: 0.02781136638452237
height: 0.03421727972626176
Area: 0.0004936289682396019
CentroidX: 0.2859
CentroidY: 0.2094
