Location: Dedata_8.png_Mean-Medain.png
Component: component_1755522186567_7.png
centerX: 0.6895161290322581
centerY: 0.007124536905101168
width: 0.028629032258064516
height: 0.028783129096608722
Area: 0.0003533540481159047
CentroidX: 0.7010
CentroidY: 0.0209
