Location: Kurtxevani_1764_page_10.png_Otsu.png
Component: component_1755610055989_1779.png
centerX: 0.4576051779935275
centerY: 0.7464920486435921
width: 0.013592233009708738
height: 0.01777362020579981
Area: 0.00015378979840821504
CentroidX: 0.4640
CentroidY: 0.7555
