Location: Dedata_8.png_Gaussian-Closing.png
Component: component_1755522187104_232.png
centerX: 0.7294354838709678
centerY: 0.5064120832145911
width: 0.027016129032258064
height: 0.029923055001424906
Area: 0.0003130199762821868
CentroidX: 0.7414
CentroidY: 0.5224
