Location: internet_13.png_Mean-Medain.png
Component: component_1755088480943_81.png
centerX: 0.7182587666263603
centerY: 0.12403763900769889
width: 0.031035872632003223
height: 0.036213287710293696
Area: 0.000504432489313996
CentroidX: 0.7328
CentroidY: 0.1419
