Location: Dedata_8.png_Otsu.png
Component: component_1755522187502_276.png
centerX: 0.8576612903225806
centerY: 0.49244799088059277
width: 0.027016129032258064
height: 0.029353092049016812
Area: 0.0002664806626278969
CentroidX: 0.8690
CentroidY: 0.5075
