Location: Dedata_8.png_Gaussian-Closing.png
Component: component_1755522187045_6.png
centerX: 0.8721774193548387
centerY: 0.006839555428897122
width: 0.02903225806451613
height: 0.032487888287261325
Area: 0.0003477233657231635
CentroidX: 0.8857
CentroidY: 0.0233
