Location: Dedata_8.png_Mean-Closing.png
Component: component_1755522186977_285.png
centerX: 0.9467741935483871
centerY: 0.6471929324593901
width: 0.021370967741935483
height: 0.0353377030493018
Area: 0.0003477233657231635
CentroidX: 0.9567
CentroidY: 0.6668
