Location: internet_13.png_Mean-Medain.png
Component: component_1755088480939_63.png
centerX: 0.4977831519548569
centerY: 0.09466780724265754
width: 0.027408303103587262
height: 0.029369831765041345
Area: 0.00038409965351728743
CentroidX: 0.5104
CentroidY: 0.1082
