Location: Dedata_8.png_Gaussian-Closing.png
Component: component_1755522187051_33.png
centerX: 0.4915322580645161
centerY: 0.050441721288116276
width: 0.027419354838709678
height: 0.03277286976346538
Area: 0.00037932413425385413
CentroidX: 0.5028
CentroidY: 0.0674
