Location: Dedata_8.png_Otsu.png
Component: component_1755522187529_345.png
centerX: 0.3963709677419355
centerY: 0.6375035622684525
width: 0.03346774193548387
height: 0.03505272157309775
Area: 0.0002136211952674689
CentroidX: 0.4079
CentroidY: 0.6494
