Location: internet_13.png_Mean-Medain.png
Component: component_1755088480978_254.png
centerX: 0.7593712212817413
centerY: 0.546050755631594
width: 0.032648125755743655
height: 0.03992015968063872
Area: 0.0005667251321046511
CentroidX: 0.7748
CentroidY: 0.5650
