Location: Paraklitoni_1720_page_10.png_Mean-Medain.png
Component: component_1755610055325_1223.png
centerX: 0.7682926829268293
centerY: 0.4446115288220551
width: 0.011432926829268292
height: 0.012531328320802004
Area: 8.023106546854942e-05
CentroidX: 0.7739
CentroidY: 0.4505
