Location: internet_13.png_Mean-Closing.png
Component: component_1755088481091_158.png
centerX: 0.41555824264409513
centerY: 0.3219275734245794
width: 0.02902055622732769
height: 0.03279155973766752
Area: 0.0004391516385665934
CentroidX: 0.4293
CentroidY: 0.3374
