Location: Dedata_8.png_Otsu.png
Component: component_1755522187547_414.png
centerX: 0.4459677419354839
centerY: 0.7985180963237389
width: 0.021370967741935483
height: 0.033912795668281565
Area: 0.0002657911913145
CentroidX: 0.4548
CentroidY: 0.8167
