Location: internet_13.png_Gaussian-Median.png
Component: component_1755088480774_171.png
centerX: 0.5211608222490931
centerY: 0.31736526946107785
width: 0.035872632003224506
height: 0.03507271171941831
Area: 0.000514546423936833
CentroidX: 0.5375
CentroidY: 0.3325
