Location: Dedata_8.png_Gaussian-Closing.png
Component: component_1755522187062_71.png
centerX: 0.5967741935483871
centerY: 0.13878597891137076
width: 0.03588709677419355
height: 0.03419777714448561
Area: 0.000461601044319216
CentroidX: 0.6137
CentroidY: 0.1551
