Location: internet_13.png_Mean-Medain.png
Component: component_1755088480973_225.png
centerX: 0.4199919387343813
centerY: 0.4699173082406615
width: 0.032245062474808545
height: 0.03649843170801255
Area: 0.0005063863175934077
CentroidX: 0.4344
CentroidY: 0.4863
