Location: internet_13.png_Mean-Closing.png
Component: component_1755088481088_148.png
centerX: 0.8162031438935913
centerY: 0.3011120615911035
width: 0.02902055622732769
height: 0.03279155973766752
Area: 0.0004635170265216099
CentroidX: 0.8293
CentroidY: 0.3162
