Location: internet_13.png_Gaussian-Closing.png
Component: component_1755088480490_86.png
centerX: 0.3671906489318823
centerY: 0.14000570287995437
width: 0.02902055622732769
height: 0.03649843170801255
Area: 0.0004569659552318177
CentroidX: 0.3800
CentroidY: 0.1569
