Location: Kurtxevani_1764_page_10.png_Otsu.png
Component: component_1755610055921_1150.png
centerX: 0.2543689320388349
centerY: 0.44340505144995324
width: 0.011650485436893204
height: 0.01683816651075772
Area: 0.00010171923674244144
CentroidX: 0.2594
CentroidY: 0.4515
