Location: internet_13.png_Mean-Closing.png
Component: component_1755088481115_235.png
centerX: 0.30995566303909716
centerY: 0.5218135158254918
width: 0.030229746070133012
height: 0.03649843170801255
Area: 0.000479492445982682
CentroidX: 0.3242
CentroidY: 0.5391
