Location: internet_13.png_Gaussian-Median.png
Component: component_1755088480596_5.png
centerX: 0.758565094719871
centerY: 0.00570287995437696
width: 0.030632809351068116
height: 0.03307670373538637
Area: 0.0004082351793217848
CentroidX: 0.7721
CentroidY: 0.0212
