Location: Dedata_8.png_Gaussian-Closing.png
Component: component_1755522187091_184.png
centerX: 0.8544354838709678
centerY: 0.4109432886862354
width: 0.02903225806451613
height: 0.03134796238244514
Area: 0.00039782494783000395
CentroidX: 0.8677
CentroidY: 0.4267
