Location: internet_13.png_Mean-Medain.png
Component: component_1755088480930_12.png
centerX: 0.7150342603788795
centerY: 0.009694895922440832
width: 0.02902055622732769
height: 0.03136583974907328
Area: 0.00042926756609427545
CentroidX: 0.7288
CentroidY: 0.0240
