Location: Dedata_8.png_Mean-Closing.png
Component: component_1755522186965_245.png
centerX: 0.3883064516129032
centerY: 0.5417497862638928
width: 0.02258064516129032
height: 0.02963807352522086
Area: 0.000271192049936109
CentroidX: 0.3981
CentroidY: 0.5565
