Location: Dedata_8.png_Otsu.png
Component: component_1755522187465_179.png
centerX: 0.782258064516129
centerY: 0.27871188372755773
width: 0.03346774193548387
height: 0.03419777714448561
Area: 0.0004458581159966538
CentroidX: 0.7974
CentroidY: 0.2956
