Location: internet_13.png_Mean-Medain.png
Component: component_1755088480977_250.png
centerX: 0.1600161225312374
centerY: 0.5337895637296834
width: 0.028214429665457477
height: 0.03649843170801255
Area: 0.00046236771576901474
CentroidX: 0.1732
CentroidY: 0.5499
