Location: internet_13.png_Gaussian-Closing.png
Component: component_1755088480538_296.png
centerX: 0.5364772269246272
centerY: 0.6749358426005133
width: 0.027005239822652155
height: 0.03849443969204448
Area: 0.0004879973455518858
CentroidX: 0.5490
CentroidY: 0.6930
