Location: Dedata_8.png_Mean-Medain.png
Component: component_1755522186734_262.png
centerX: 0.5701612903225807
centerY: 0.5711028783129096
width: 0.03185483870967742
height: 0.0347677400968937
Area: 0.0003897811158403736
CentroidX: 0.5838
CentroidY: 0.5890
