Location: internet_13.png_Gaussian-Median.png
Component: component_1755088480641_125.png
centerX: 0.826682789197904
centerY: 0.21642429426860565
width: 0.03426037887948408
height: 0.03222127174222983
Area: 0.00047765354877852976
CentroidX: 0.8413
CentroidY: 0.2307
