Location: Dedata_8.png_Mean-Closing.png
Component: component_1755522186943_164.png
centerX: 0.8201612903225807
centerY: 0.3713308634938729
width: 0.03185483870967742
height: 0.0347677400968937
Area: 0.0004536721242151518
CentroidX: 0.8335
CentroidY: 0.3883
