Location: internet_13.png_Mean-Medain.png
Component: component_1755088480972_222.png
centerX: 0.5751713018943975
centerY: 0.45822640433418876
width: 0.02781136638452237
height: 0.037639007698887936
Area: 0.0004985710044757609
CentroidX: 0.5874
CentroidY: 0.4758
