Location: Dedata_8.png_Gaussian-Closing.png
Component: component_1755522187064_85.png
centerX: 0.9346774193548387
centerY: 0.17355371900826447
width: 0.03467741935483871
height: 0.03220290681105728
Area: 0.00044103181680287554
CentroidX: 0.9497
CentroidY: 0.1896
