Location: Dedata_8.png_Gaussian-Closing.png
Component: component_1755522187044_5.png
centerX: 0.7354838709677419
centerY: 0.007124536905101168
width: 0.025806451612903226
height: 0.029353092049016812
Area: 0.0003103770029141654
CentroidX: 0.7466
CentroidY: 0.0222
