Location: Dedata_8.png_Otsu.png
Component: component_1755522187515_308.png
centerX: 0.16451612903225807
centerY: 0.5585636933599316
width: 0.02903225806451613
height: 0.02821316614420063
Area: 0.00016627749841421598
CentroidX: 0.1739
CentroidY: 0.5687
