Location: Dedata_8.png_Gaussian-Closing.png
Component: component_1755522187078_144.png
centerX: 0.16008064516129034
centerY: 0.3211741236819607
width: 0.03185483870967742
height: 0.03220290681105728
Area: 0.00043229851349984834
CentroidX: 0.1737
CentroidY: 0.3363
