Location: internet_13.png_Gaussian-Closing.png
Component: component_1755088480521_219.png
centerX: 0.313180169286578
centerY: 0.4707727402338181
width: 0.03426037887948408
height: 0.03592814371257485
Area: 0.0004996053841530965
CentroidX: 0.3286
CentroidY: 0.4876
