Location: Dedata_8.png_Otsu.png
Component: component_1755522187524_333.png
centerX: 0.7137096774193549
centerY: 0.609290396124252
width: 0.02903225806451613
height: 0.02963807352522086
Area: 0.0002872797139153697
CentroidX: 0.7255
CentroidY: 0.6236
