Location: Dedata_8.png_Otsu.png
Component: component_1755522187507_285.png
centerX: 0.6858870967741936
centerY: 0.5115417497862639
width: 0.03669354838709677
height: 0.028783129096608722
Area: 0.00032623484312229383
CentroidX: 0.7009
CentroidY: 0.5248
