Location: Dedata_8.png_Otsu.png
Component: component_1755522187511_299.png
centerX: 0.8592741935483871
centerY: 0.5414648047876888
width: 0.025403225806451612
height: 0.037047591906526074
Area: 0.00031715680416256816
CentroidX: 0.8705
CentroidY: 0.5617
