Location: internet_13.png_Gaussian-Median.png
Component: component_1755088480672_141.png
centerX: 0.019347037484885126
centerY: 0.2469347020245224
width: 0.03143893591293833
height: 0.03364699173082407
Area: 0.00048133134318683414
CentroidX: 0.0338
CentroidY: 0.2627
