Location: internet_13.png_Gaussian-Median.png
Component: component_1755088480677_142.png
centerX: 0.7706569931479242
centerY: 0.25748502994011974
width: 0.027005239822652155
height: 0.031080695751354435
Area: 0.00045960936996278646
CentroidX: 0.7843
CentroidY: 0.2718
