Location: Dedata_8.png_Mean-Closing.png
Component: component_1755522186966_247.png
centerX: 0.3463709677419355
centerY: 0.5457395269307495
width: 0.027016129032258064
height: 0.029923055001424906
Area: 0.00031187085742652535
CentroidX: 0.3582
CentroidY: 0.5605
