Location: internet_13.png_Mean-Closing.png
Component: component_1755088481093_164.png
centerX: 0.0709391374445788
centerY: 0.3373253493013972
width: 0.030632809351068116
height: 0.037639007698887936
Area: 0.0005114432849048262
CentroidX: 0.0861
CentroidY: 0.3553
