Location: Dedata_8.png_Gaussian-Closing.png
Component: component_1755522187113_270.png
centerX: 0.3193548387096774
centerY: 0.5978911370760901
width: 0.025806451612903226
height: 0.0347677400968937
Area: 0.0003523198411458094
CentroidX: 0.3300
CentroidY: 0.6160
