Location: internet_13.png_Mean-Closing.png
Component: component_1755088481072_95.png
centerX: 0.6900443369609028
centerY: 0.16966067864271456
width: 0.029826682789197905
height: 0.036783575705731396
Area: 0.0004878824144766263
CentroidX: 0.7047
CentroidY: 0.1874
