Location: internet_13.png_Mean-Closing.png
Component: component_1755088481125_279.png
centerX: 0.12253123740427246
centerY: 0.64357000285144
width: 0.03184199919387344
height: 0.03507271171941831
Area: 0.0005163853211409852
CentroidX: 0.1368
CentroidY: 0.6602
