Location: Dedata_8.png_Gaussian-Closing.png
Component: component_1755522187105_235.png
centerX: 0.19233870967741937
centerY: 0.5118267312624679
width: 0.027419354838709678
height: 0.031062980906241093
Area: 0.00035909964239421214
CentroidX: 0.2049
CentroidY: 0.5274
