Location: Dedata_8.png_Otsu.png
Component: component_1755522187448_127.png
centerX: 0.4032258064516129
centerY: 0.14990025648332858
width: 0.03346774193548387
height: 0.029923055001424906
Area: 0.0002601605089217588
CentroidX: 0.4154
CentroidY: 0.1610
