Location: Dedata_8.png_Otsu.png
Component: component_1755522187464_176.png
centerX: 0.8310483870967742
centerY: 0.2727272727272727
width: 0.027822580645161292
height: 0.03875748076375036
Area: 0.0003073892938894456
CentroidX: 0.8419
CentroidY: 0.2882
