Location: Dedata_8.png_Gaussian-Closing.png
Component: component_1755522187068_100.png
centerX: 0.20080645161290323
centerY: 0.20832145910515817
width: 0.028225806451612902
height: 0.0353377030493018
Area: 0.0004267827429926732
CentroidX: 0.2144
CentroidY: 0.2263
