Location: Dedata_8.png_Mean-Medain.png
Component: component_1755522186782_351.png
centerX: 0.12943548387096773
centerY: 0.8147620404673697
width: 0.027419354838709678
height: 0.0347677400968937
Area: 0.00037415309940337746
CentroidX: 0.1410
CentroidY: 0.8336
