Location: internet_13.png_Gaussian-Closing.png
Component: component_1755088480489_81.png
centerX: 0.6199113260781943
centerY: 0.1300256629597947
width: 0.027408303103587262
height: 0.037639007698887936
Area: 0.00048466434436935995
CentroidX: 0.6336
CentroidY: 0.1480
