Location: Dedata_8.png_Mean-Medain.png
Component: component_1755522186597_125.png
centerX: 0.8810483870967742
centerY: 0.27215730977486463
width: 0.02661290322580645
height: 0.03220290681105728
Area: 0.0003900109396115059
CentroidX: 0.8925
CentroidY: 0.2879
