Location: internet_13.png_Mean-Medain.png
Component: component_1755088480981_272.png
centerX: 0.11487303506650544
centerY: 0.592814371257485
width: 0.028214429665457477
height: 0.036213287710293696
Area: 0.0004928244507127853
CentroidX: 0.1282
CentroidY: 0.6093
