Location: internet_13.png_Gaussian-Median.png
Component: component_1755088480870_330.png
centerX: 0.6102378073357517
centerY: 0.714856002281152
width: 0.027408303103587262
height: 0.033932135728542916
Area: 0.00042535990953545204
CentroidX: 0.6224
CentroidY: 0.7299
