Location: internet_13.png_Mean-Medain.png
Component: component_1755088480959_162.png
centerX: 0.7251108424022572
centerY: 0.30424864556601083
width: 0.027408303103587262
height: 0.03450242372398061
Area: 0.0004578854038338938
CentroidX: 0.7374
CentroidY: 0.3201
