Location: Dedata_8.png_Mean-Closing.png
Component: component_1755522186950_194.png
centerX: 0.5846774193548387
centerY: 0.43459675121117125
width: 0.025
height: 0.030493017953833
Area: 0.0003514005460612802
CentroidX: 0.5954
CentroidY: 0.4498
