Location: Dedata_8.png_Gaussian-Closing.png
Component: component_1755522187097_201.png
centerX: 0.8935483870967742
centerY: 0.4488458250213736
width: 0.025403225806451612
height: 0.029923055001424906
Area: 0.00027303064010516734
CentroidX: 0.9047
CentroidY: 0.4641
