Location: internet_13.png_Mean-Closing.png
Component: component_1755088481094_168.png
centerX: 0.8532849657396211
centerY: 0.34759053321927574
width: 0.027005239822652155
height: 0.03165098374679213
Area: 0.00042857797964271837
CentroidX: 0.8649
CentroidY: 0.3633
