Location: internet_13.png_Mean-Medain.png
Component: component_1755088480979_258.png
centerX: 0.8609431680773881
centerY: 0.5523239235814086
width: 0.031035872632003223
height: 0.039064727687482176
Area: 0.0005135120442594974
CentroidX: 0.8747
CentroidY: 0.5709
