Location: Dedata_8.png_Otsu.png
Component: component_1755522187497_265.png
centerX: 0.1439516129032258
centerY: 0.4687945283556569
width: 0.02620967741935484
height: 0.031062980906241093
Area: 0.0003266944906645584
CentroidX: 0.1547
CentroidY: 0.4846
