Location: Dedata_8.png_Mean-Medain.png
Component: component_1755522186749_290.png
centerX: 0.2838709677419355
centerY: 0.6497577657452266
width: 0.032661290322580645
height: 0.029923055001424906
Area: 0.00037426801128894366
CentroidX: 0.2978
CentroidY: 0.6643
