Location: internet_13.png_Gaussian-Closing.png
Component: component_1755088480539_300.png
centerX: 0.3147924224103184
centerY: 0.6877673224978614
width: 0.02781136638452237
height: 0.03735386370116909
Area: 0.00048661817264877166
CentroidX: 0.3268
CentroidY: 0.7045
