Location: Dedata_8.png_Gaussian-Closing.png
Component: component_1755522187083_162.png
centerX: 0.23911290322580644
centerY: 0.36534625249358793
width: 0.035483870967741936
height: 0.0347677400968937
Area: 0.0004689554049954495
CentroidX: 0.2541
CentroidY: 0.3817
