Location: internet_13.png_Mean-Closing.png
Component: component_1755088481048_23.png
centerX: 0.07376058041112454
centerY: 0.021956087824351298
width: 0.030632809351068116
height: 0.03307670373538637
Area: 0.00046524099265050255
CentroidX: 0.0863
CentroidY: 0.0363
