Location: internet_13.png_Gaussian-Median.png
Component: component_1755088480604_47.png
centerX: 0.019347037484885126
centerY: 0.06558311947533504
width: 0.02781136638452237
height: 0.03051040775591674
Area: 0.0003269789091133102
CentroidX: 0.0315
CentroidY: 0.0795
