Location: internet_13.png_Mean-Medain.png
Component: component_1755088480980_266.png
centerX: 0.3639661426844015
centerY: 0.5754205873966353
width: 0.02902055622732769
height: 0.04020530367835757
Area: 0.0005310964987742026
CentroidX: 0.3770
CentroidY: 0.5946
