Location: Dedata_8.png_Mean-Closing.png
Component: component_1755522186915_52.png
centerX: 0.4935483870967742
centerY: 0.09888857224280422
width: 0.03467741935483871
height: 0.02821316614420063
Area: 0.0004262081835648425
CentroidX: 0.5109
CentroidY: 0.1132
