Location: Dedata_8.png_Mean-Closing.png
Component: component_1755522186986_325.png
centerX: 0.22701612903225807
centerY: 0.7583357081789683
width: 0.02661290322580645
height: 0.03419777714448561
Area: 0.0003816223719651771
CentroidX: 0.2384
CentroidY: 0.7759
