Location: Dedata_8.png_Gaussian-Closing.png
Component: component_1755522187074_127.png
centerX: 0.0064516129032258064
centerY: 0.2772869763465375
width: 0.036290322580645164
height: 0.03277286976346538
Area: 0.0004845834214324456
CentroidX: 0.0254
CentroidY: 0.2937
