Location: internet_13.png_Gaussian-Median.png
Component: component_1755088480813_234.png
centerX: 0.26320032245062475
centerY: 0.4756201881950385
width: 0.03143893591293833
height: 0.03222127174222983
Area: 0.0004315661875994657
CentroidX: 0.2774
CentroidY: 0.4911
