Location: Dedata_8.png_Gaussian-Closing.png
Component: component_1755522187069_107.png
centerX: 0.819758064516129
centerY: 0.2268452550584212
width: 0.03387096774193549
height: 0.033912795668281565
Area: 0.0004517186221605273
CentroidX: 0.8354
CentroidY: 0.2437
