Location: internet_13.png_Gaussian-Closing.png
Component: component_1755088480497_114.png
centerX: 0.9238210399032648
centerY: 0.2067293983461648
width: 0.029826682789197905
height: 0.03706871970345024
Area: 0.0005013293502819892
CentroidX: 0.9379
CentroidY: 0.2240
