Location: internet_13.png_Gaussian-Median.png
Component: component_1755088480804_221.png
centerX: 0.8879484079000403
centerY: 0.4394069004847448
width: 0.029423619508262798
height: 0.035642999714856
Area: 0.00047822820415482735
CentroidX: 0.9008
CentroidY: 0.4563
