Location: internet_13.png_Mean-Closing.png
Component: component_1755088481116_239.png
centerX: 0.11688835147118097
centerY: 0.5360707157114343
width: 0.026602176541717048
height: 0.039064727687482176
Area: 0.0004720219260908137
CentroidX: 0.1287
CentroidY: 0.5546
