Location: Dedata_8.png_Mean-Medain.png
Component: component_1755522186607_164.png
centerX: 0.9116935483870968
centerY: 0.36563123396979197
width: 0.031451612903225803
height: 0.031917925334853235
Area: 0.0003897811158403736
CentroidX: 0.9258
CentroidY: 0.3813
