Location: Dedata_12.png_Otsu.png
Component: component_1755520652096_193.png
centerX: 0.3967741935483871
centerY: 0.44656597321174124
width: 0.03185483870967742
height: 0.037047591906526074
Area: 0.0004169003208339845
CentroidX: 0.4141
CentroidY: 0.4629
