Location: Dedata_12.png_Gaussian-Median.png
Component: component_1755520652409_169.png
centerX: 0.755241935483871
centerY: 0.3821601595896267
width: 0.031451612903225803
height: 0.03334283271587347
Area: 0.00036955662398073156
CentroidX: 0.7728
CentroidY: 0.3959
