Location: Dedata_12.png_Mean-Medain.png
Component: component_1755520652924_287.png
centerX: 0.3258064516129032
centerY: 0.7104588201766885
width: 0.03185483870967742
height: 0.039612425192362494
Area: 0.0004019617757103853
CentroidX: 0.3440
CentroidY: 0.7275
