Location: Dedata_12.png_Gaussian-Closing.png
Component: component_1755520652513_113.png
centerX: 0.7161290322580646
centerY: 0.2516386434881733
width: 0.03387096774193549
height: 0.03362781419207751
Area: 0.00032703922632125687
CentroidX: 0.7346
CentroidY: 0.2674
