Location: Dedata_12.png_Gaussian-Closing.png
Component: component_1755520652530_169.png
centerX: 0.6423387096774194
centerY: 0.3852949558278712
width: 0.03185483870967742
height: 0.03305785123966942
Area: 0.0003844951691043308
CentroidX: 0.6596
CentroidY: 0.3994
