Location: Dedata_12.png_Mean-Medain.png
Component: component_1755520652915_254.png
centerX: 0.9354838709677419
centerY: 0.6138500997435167
width: 0.02903225806451613
height: 0.0353377030493018
Area: 0.00035254966491694167
CentroidX: 0.9521
CentroidY: 0.6294
