Location: Dedata_12.png_Gaussian-Closing.png
Component: component_1755520652559_264.png
centerX: 0.6399193548387097
centerY: 0.6249643773154745
width: 0.028225806451612902
height: 0.03305785123966942
Area: 0.0003103770029141654
CentroidX: 0.6560
CentroidY: 0.6393
