Location: Dedata_12.png_Mean-Medain.png
Component: component_1755520652848_24.png
centerX: 0.6943548387096774
centerY: 0.042462239954402965
width: 0.03024193548387097
height: 0.0347677400968937
Area: 0.00036404085347355647
CentroidX: 0.7101
CentroidY: 0.0577
