Location: Dedata_12.png_Otsu.png
Component: component_1755520652086_144.png
centerX: 0.8709677419354839
centerY: 0.3274437161584497
width: 0.038306451612903226
height: 0.0347677400968937
Area: 0.00035312422434477243
CentroidX: 0.8917
CentroidY: 0.3426
