Location: Dedata_12.png_Mean-Medain.png
Component: component_1755520652848_27.png
centerX: 0.7443548387096774
centerY: 0.04360216585921915
width: 0.04153225806451613
height: 0.033912795668281565
Area: 0.00036346629404572576
CentroidX: 0.7670
CentroidY: 0.0565
