Location: Dedata_12.png_Gaussian-Closing.png
Component: component_1755520652530_165.png
centerX: 0.8137096774193548
centerY: 0.3795953263037902
width: 0.03024193548387097
height: 0.02963807352522086
Area: 0.00035346896000147085
CentroidX: 0.8301
CentroidY: 0.3922
