Location: Dedata_12.png_Mean-Medain.png
Component: component_1755520652854_48.png
centerX: 0.34233870967741936
centerY: 0.09033912795668282
width: 0.03790322580645161
height: 0.03676261043032203
Area: 0.0004142573474659631
CentroidX: 0.3614
CentroidY: 0.1061
