Location: Dedata_12.png_Mean-Medain.png
Component: component_1755520652859_67.png
centerX: 0.2963709677419355
centerY: 0.13935594186377886
width: 0.038306451612903226
height: 0.03505272157309775
Area: 0.0004092012245010526
CentroidX: 0.3162
CentroidY: 0.1543
