Location: Dedata_12.png_Otsu.png
Component: component_1755520652065_40.png
centerX: 0.7544354838709677
centerY: 0.08064975776574522
width: 0.03225806451612903
height: 0.03676261043032203
Area: 0.0003648452366725195
CentroidX: 0.7709
CentroidY: 0.0965
