Location: Dedata_12.png_Otsu.png
Component: component_1755520652076_96.png
centerX: 0.6
centerY: 0.21259618124821886
width: 0.03024193548387097
height: 0.033912795668281565
Area: 0.00031382435948114985
CentroidX: 0.6160
CentroidY: 0.2273
