Location: Dedata_12.png_Gaussian-Median.png
Component: component_1755520652382_59.png
centerX: 0.9370967741935484
centerY: 0.12282701624394414
width: 0.02620967741935484
height: 0.01738387004844685
Area: 0.000212931723954072
CentroidX: 0.9492
CentroidY: 0.1321
