Location: Dedata_12.png_Gaussian-Closing.png
Component: component_1755520652547_217.png
centerX: 0.8701612903225806
centerY: 0.5112567683100598
width: 0.02903225806451613
height: 0.034482758620689655
Area: 0.0003445058329273113
CentroidX: 0.8870
CentroidY: 0.5260
