Location: Dedata_12.png_Gaussian-Median.png
Component: component_1755520652427_254.png
centerX: 0.41693548387096774
centerY: 0.5901966372185808
width: 0.03024193548387097
height: 0.036477628954117984
Area: 0.0003686373288962024
CentroidX: 0.4346
CentroidY: 0.6060
