Location: Dedata_12.png_Gaussian-Median.png
Component: component_1755520652423_231.png
centerX: 0.5060483870967742
centerY: 0.5320604160729553
width: 0.03790322580645161
height: 0.03562268452550584
Area: 0.0003717399498064884
CentroidX: 0.5271
CentroidY: 0.5481
