Location: Dedata_12.png_Otsu.png
Component: component_1755520652106_236.png
centerX: 0.8870967741935484
centerY: 0.5591336563123397
width: 0.03306451612903226
height: 0.03419777714448561
Area: 0.00026464207245883856
CentroidX: 0.9054
CentroidY: 0.5741
