Location: Dedata_12.png_Gaussian-Closing.png
Component: component_1755520652516_133.png
centerX: 0.675
centerY: 0.2938159019663722
width: 0.03387096774193549
height: 0.039612425192362494
Area: 0.0003811627244229125
CentroidX: 0.6938
CentroidY: 0.3109
