Location: Dedata_12.png_Otsu.png
Component: component_1755520652068_57.png
centerX: 0.8270161290322581
centerY: 0.12225705329153605
width: 0.03588709677419355
height: 0.027358221715588486
Area: 0.00030899806028737166
CentroidX: 0.8455
CentroidY: 0.1343
