Location: Dedata_12.png_Gaussian-Closing.png
Component: component_1755520652555_244.png
centerX: 0.6306451612903226
centerY: 0.5716728412653177
width: 0.031451612903225803
height: 0.03334283271587347
Area: 0.00033680673659437945
CentroidX: 0.6495
CentroidY: 0.5870
