Location: Dedata_12.png_Otsu.png
Component: component_1755520652062_27.png
centerX: 0.8588709677419355
centerY: 0.0438871473354232
width: 0.03225806451612903
height: 0.029068110572812767
Area: 0.00026820434091138915
CentroidX: 0.8749
CentroidY: 0.0562
