Location: Dedata_12.png_Mean-Medain.png
Component: component_1755520652891_162.png
centerX: 0.9169354838709678
centerY: 0.3756055856369336
width: 0.03346774193548387
height: 0.03733257338273012
Area: 0.00043195377784314987
CentroidX: 0.9355
CentroidY: 0.3916
