Location: Dedata_12.png_Gaussian-Median.png
Component: component_1755520652434_284.png
centerX: 0.7556451612903226
centerY: 0.6788258763180394
width: 0.035483870967741936
height: 0.03505272157309775
Area: 0.00034209268333042225
CentroidX: 0.7759
CentroidY: 0.6947
