Location: Dedata_12.png_Mean-Medain.png
Component: component_1755520652923_283.png
centerX: 0.4846774193548387
centerY: 0.701339412938159
width: 0.031048387096774193
height: 0.037047591906526074
Area: 0.00037783027974149424
CentroidX: 0.5020
CentroidY: 0.7173
