Location: Dedata_12.png_Mean-Medain.png
Component: component_1755520652909_225.png
centerX: 0.008467741935483872
centerY: 0.524365916215446
width: 0.03064516129032258
height: 0.039612425192362494
Area: 0.000453787036100718
CentroidX: 0.0260
CentroidY: 0.5413
