Location: Dedata_12.png_Mean-Medain.png
Component: component_1755520652926_299.png
centerX: 0.6129032258064516
centerY: 0.7432316899401539
width: 0.031048387096774193
height: 0.033912795668281565
Area: 0.00035450316697156623
CentroidX: 0.6303
CentroidY: 0.7589
