Location: Dedata_12.png_Otsu.png
Component: component_1755520652076_97.png
centerX: 0.5685483870967742
centerY: 0.21544599601025932
width: 0.008870967741935484
height: 0.032487888287261325
Area: 0.0001322635802866362
CentroidX: 0.5719
CentroidY: 0.2316
