Location: Dedata_12.png_Mean-Medain.png
Component: component_1755520652894_180.png
centerX: 0.8161290322580645
centerY: 0.4231974921630094
width: 0.028225806451612902
height: 0.03334283271587347
Area: 0.00034496548046957594
CentroidX: 0.8317
CentroidY: 0.4388
