Location: Dedata_12.png_Mean-Medain.png
Component: component_1755520652915_255.png
centerX: 0.13024193548387097
centerY: 0.6161299515531491
width: 0.03024193548387097
height: 0.033912795668281565
Area: 0.00038656358304452144
CentroidX: 0.1486
CentroidY: 0.6318
