Location: Dedata_12.png_Otsu.png
Component: component_1755520652089_157.png
centerX: 0.3245967741935484
centerY: 0.3576517526360787
width: 0.029838709677419355
height: 0.03305785123966942
Area: 0.00033255499682843196
CentroidX: 0.3409
CentroidY: 0.3721
