Location: Dedata_12.png_Otsu.png
Component: component_1755520652126_302.png
centerX: 0.6133064516129032
centerY: 0.743801652892562
width: 0.029838709677419355
height: 0.03305785123966942
Area: 0.00027280081633403506
CentroidX: 0.6298
CentroidY: 0.7589
