Location: Dedata_12.png_Mean-Medain.png
Component: component_1755520652911_236.png
centerX: 0.8370967741935483
centerY: 0.5611285266457681
width: 0.031048387096774193
height: 0.03305785123966942
Area: 0.00033485323453975494
CentroidX: 0.8549
CentroidY: 0.5751
