Location: Dedata_12.png_Mean-Medain.png
Component: component_1755520652862_80.png
centerX: 0.6100806451612903
centerY: 0.1669991450555714
width: 0.036290322580645164
height: 0.033912795668281565
Area: 0.00040644333924746507
CentroidX: 0.6294
CentroidY: 0.1824
