Location: Dedata_12.png_Gaussian-Median.png
Component: component_1755520652394_107.png
centerX: 0.07620967741935483
centerY: 0.23938444001139925
width: 0.03669354838709677
height: 0.03818751781134226
Area: 0.00040046792119802536
CentroidX: 0.0950
CentroidY: 0.2565
