Location: Dedata_12.png_Gaussian-Median.png
Component: component_1755520652408_164.png
centerX: 0.8669354838709677
centerY: 0.3750356226845255
width: 0.03346774193548387
height: 0.03761755485893417
Area: 0.0004142573474659631
CentroidX: 0.8853
CentroidY: 0.3909
