Location: Dedata_12.png_Mean-Medain.png
Component: component_1755520652892_167.png
centerX: 0.6959677419354838
centerY: 0.3833000854944429
width: 0.03508064516129032
height: 0.03277286976346538
Area: 0.0004113845503268094
CentroidX: 0.7151
CentroidY: 0.3977
