Location: Dedata_12.png_Gaussian-Median.png
Component: component_1755520652405_151.png
centerX: 0.7580645161290323
centerY: 0.3331433456825306
width: 0.03508064516129032
height: 0.039897406668566546
Area: 0.00041058016712784635
CentroidX: 0.7761
CentroidY: 0.3498
