Location: Dedata_12.png_Gaussian-Median.png
Component: component_1755520652366_24.png
centerX: 0.4366935483870968
centerY: 0.04217725847819892
width: 0.03387096774193549
height: 0.0353377030493018
Area: 0.0003494470440066557
CentroidX: 0.4534
CentroidY: 0.0585
