Location: Dedata_12.png_Gaussian-Median.png
Component: component_1755520652355_15.png
centerX: 0.23669354838709677
centerY: 0.005129666571672842
width: 0.027419354838709678
height: 0.03362781419207751
Area: 0.0003242813410676693
CentroidX: 0.2510
CentroidY: 0.0208
