Location: Dedata_12.png_Otsu.png
Component: component_1755520652100_209.png
centerX: 0.017741935483870968
centerY: 0.4810487318324309
width: 0.03064516129032258
height: 0.03277286976346538
Area: 0.00035749087599628606
CentroidX: 0.0358
CentroidY: 0.4953
