Location: Dedata_12.png_Gaussian-Closing.png
Component: component_1755520652497_45.png
centerX: 0.6395161290322581
centerY: 0.0872043317184383
width: 0.036290322580645164
height: 0.03334283271587347
Area: 0.00044539846845438916
CentroidX: 0.6596
CentroidY: 0.1011
