Location: Dedata_12.png_Mean-Medain.png
Component: component_1755520652890_159.png
centerX: 0.16733870967741934
centerY: 0.3696209746366486
width: 0.031048387096774193
height: 0.03505272157309775
Area: 0.00040770736998869267
CentroidX: 0.1843
CentroidY: 0.3854
