Location: Dedata_12.png_Otsu.png
Component: component_1755520652062_28.png
centerX: 0.6
centerY: 0.04474209176403534
width: 0.031451612903225803
height: 0.03419777714448561
Area: 0.0003227874865553094
CentroidX: 0.6153
CentroidY: 0.0590
