Location: Dedata_12.png_Gaussian-Median.png
Component: component_1755520652391_92.png
centerX: 0.9423387096774194
centerY: 0.19863208891422057
width: 0.03669354838709677
height: 0.03676261043032203
Area: 0.00037024609529412846
CentroidX: 0.9622
CentroidY: 0.2133
