Location: Dedata_12.png_Otsu.png
Component: component_1755520652091_165.png
centerX: 0.8137096774193548
centerY: 0.3798803077799943
width: 0.029838709677419355
height: 0.029068110572812767
Area: 0.0003216383676996479
CentroidX: 0.8300
CentroidY: 0.3922
