Location: Dedata_12.png_Gaussian-Closing.png
Component: component_1755520652522_137.png
centerX: 0.4625
centerY: 0.3020803647762895
width: 0.03306451612903226
height: 0.03590766600170989
Area: 0.00035772069976741834
CentroidX: 0.4810
CentroidY: 0.3175
