Location: Dedata_12.png_Otsu.png
Component: component_1755520652058_7.png
centerX: 0.7354838709677419
centerY: 0.0017098888572242804
width: 0.027822580645161292
height: 0.032487888287261325
Area: 0.0002752139659309242
CentroidX: 0.7501
CentroidY: 0.0162
