Location: Dedata_12.png_Gaussian-Closing.png
Component: component_1755520652530_168.png
centerX: 0.6959677419354838
centerY: 0.3833000854944429
width: 0.035483870967741936
height: 0.03277286976346538
Area: 0.00039024076338263817
CentroidX: 0.7151
CentroidY: 0.3977
