Location: Dedata_12.png_Mean-Medain.png
Component: component_1755520652927_303.png
centerX: 0.4068548387096774
centerY: 0.755770874893132
width: 0.028225806451612902
height: 0.03220290681105728
Area: 0.00031543312587907593
CentroidX: 0.4231
CentroidY: 0.7694
