Location: Dedata_12.png_Gaussian-Median.png
Component: component_1755520652410_174.png
centerX: 0.49516129032258066
centerY: 0.3952693074950128
width: 0.02943548387096774
height: 0.0353377030493018
Area: 0.0003740381875178113
CentroidX: 0.5121
CentroidY: 0.4104
