Location: Dedata_12.png_Gaussian-Median.png
Component: component_1755520652433_279.png
centerX: 0.9185483870967742
centerY: 0.6702764320319179
width: 0.03064516129032258
height: 0.03562268452550584
Area: 0.0003392198861912685
CentroidX: 0.9354
CentroidY: 0.6856
