Location: Dedata_12.png_Otsu.png
Component: component_1755520652116_282.png
centerX: 0.7004032258064516
centerY: 0.6848104873183243
width: 0.032661290322580645
height: 0.030777999430037048
Area: 0.00027682273232885026
CentroidX: 0.7190
CentroidY: 0.6980
