Location: Dedata_12.png_Mean-Medain.png
Component: component_1755520652850_35.png
centerX: 0.18024193548387096
centerY: 0.053576517526360785
width: 0.03024193548387097
height: 0.03419777714448561
Area: 0.0003875977900146168
CentroidX: 0.1963
CentroidY: 0.0686
