Location: Dedata_12.png_Otsu.png
Component: component_1755520652064_38.png
centerX: 0.9161290322580645
centerY: 0.07808492447990881
width: 0.03669354838709677
height: 0.037902536335138216
Area: 0.00038104781253734635
CentroidX: 0.9335
CentroidY: 0.0953
