Location: Dedata_12.png_Gaussian-Closing.png
Component: component_1755520652532_176.png
centerX: 0.2842741935483871
centerY: 0.41008834425762325
width: 0.028629032258064516
height: 0.0353377030493018
Area: 0.0003726592448910176
CentroidX: 0.3005
CentroidY: 0.4254
