Location: Dedata_12.png_Mean-Medain.png
Component: component_1755520652855_51.png
centerX: 0.1778225806451613
centerY: 0.09660872043317184
width: 0.03669354838709677
height: 0.037047591906526074
Area: 0.00041655558517728606
CentroidX: 0.1976
CentroidY: 0.1132
