Location: Dedata_12.png_Mean-Medain.png
Component: component_1755520652898_197.png
centerX: 0.2407258064516129
centerY: 0.4622399544029638
width: 0.03064516129032258
height: 0.03619264747791394
Area: 0.00044298531885750004
CentroidX: 0.2576
CentroidY: 0.4784
