Location: Dedata_12.png_Mean-Medain.png
Component: component_1755520652892_165.png
centerX: 0.010887096774193548
centerY: 0.38016528925619836
width: 0.03306451612903226
height: 0.04189227700199487
Area: 0.00043310289669881133
CentroidX: 0.0292
CentroidY: 0.3980
