Location: Dedata_12.png_Gaussian-Closing.png
Component: component_1755520652500_60.png
centerX: 0.707258064516129
centerY: 0.12396694214876033
width: 0.039919354838709675
height: 0.031917925334853235
Area: 0.0003681776813539378
CentroidX: 0.7290
CentroidY: 0.1381
