Location: Dedata_12.png_Mean-Medain.png
Component: component_1755520652866_96.png
centerX: 0.7133064516129032
centerY: 0.2054716443431177
width: 0.03467741935483871
height: 0.029068110572812767
Area: 0.00036404085347355647
CentroidX: 0.7313
CentroidY: 0.2198
