Location: Dedata_12.png_Gaussian-Median.png
Component: component_1755520652378_45.png
centerX: 0.6395161290322581
centerY: 0.0872043317184383
width: 0.036290322580645164
height: 0.03334283271587347
Area: 0.0004455133803399553
CentroidX: 0.6596
CentroidY: 0.1011
