Location: Dedata_12.png_Mean-Medain.png
Component: component_1755520652920_269.png
centerX: 0.2592741935483871
centerY: 0.658307210031348
width: 0.031451612903225803
height: 0.031062980906241093
Area: 0.00035174528171797863
CentroidX: 0.2776
CentroidY: 0.6717
