Location: Dedata_12.png_Mean-Medain.png
Component: component_1755520652880_124.png
centerX: 0.13669354838709677
centerY: 0.280421772584782
width: 0.03346774193548387
height: 0.02963807352522086
Area: 0.0003576057878818522
CentroidX: 0.1551
CentroidY: 0.2945
