Location: Dedata_12.png_Gaussian-Median.png
Component: component_1755520652390_89.png
centerX: 0.13588709677419356
centerY: 0.19464234824736393
width: 0.03185483870967742
height: 0.0347677400968937
Area: 0.00039035567526820436
CentroidX: 0.1534
CentroidY: 0.2098
