Location: Dedata_12.png_Gaussian-Closing.png
Component: component_1755520652523_139.png
centerX: 0.4088709677419355
centerY: 0.30493017953833
width: 0.03024193548387097
height: 0.03733257338273012
Area: 0.00035094089851901564
CentroidX: 0.4257
CentroidY: 0.3199
