Location: Dedata_12.png_Gaussian-Closing.png
Component: component_1755520652495_37.png
centerX: 0.06814516129032258
centerY: 0.05842120262182958
width: 0.03185483870967742
height: 0.03163294385864919
Area: 0.00034531021612627436
CentroidX: 0.0845
CentroidY: 0.0713
