Location: Dedata_12.png_Mean-Medain.png
Component: component_1755520652855_53.png
centerX: 0.06451612903225806
centerY: 0.10515816471929325
width: 0.03064516129032258
height: 0.03619264747791394
Area: 0.00037357853997554676
CentroidX: 0.0812
CentroidY: 0.1206
