Location: Dedata_12.png_Otsu.png
Component: component_1755520652124_297.png
centerX: 0.9366935483870967
centerY: 0.7332573382730122
width: 0.029838709677419355
height: 0.029353092049016812
Area: 0.00026165436343411874
CentroidX: 0.9532
CentroidY: 0.7459
