Location: Dedata_12.png_Gaussian-Closing.png
Component: component_1755520652558_262.png
centerX: 0.07258064516129033
centerY: 0.6238244514106583
width: 0.03508064516129032
height: 0.03619264747791394
Area: 0.0003710504784930915
CentroidX: 0.0929
CentroidY: 0.6396
