Location: Dedata_12.png_Mean-Medain.png
Component: component_1755520652861_72.png
centerX: 0.07379032258064516
centerY: 0.1530350527215731
width: 0.03346774193548387
height: 0.038472499287546306
Area: 0.00041965820608757203
CentroidX: 0.0928
CentroidY: 0.1689
