Location: Dedata_12.png_Mean-Medain.png
Component: component_1755520652913_243.png
centerX: 0.06653225806451613
centerY: 0.5753776004559704
width: 0.031451612903225803
height: 0.03562268452550584
Area: 0.00036335138216015957
CentroidX: 0.0858
CentroidY: 0.5905
