Location: Dedata_12.png_Mean-Medain.png
Component: component_1755520652854_46.png
centerX: 0.4544354838709677
centerY: 0.0877742946708464
width: 0.03346774193548387
height: 0.039042462239954404
Area: 0.00043459675121117127
CentroidX: 0.4704
CentroidY: 0.1049
