Location: Dedata_12.png_Mean-Medain.png
Component: component_1755520652873_107.png
centerX: 0.07620967741935483
centerY: 0.23938444001139925
width: 0.03669354838709677
height: 0.03818751781134226
Area: 0.00042345029831125495
CentroidX: 0.0950
CentroidY: 0.2565
