Location: Dedata_12.png_Otsu.png
Component: component_1755520652098_200.png
centerX: 0.9169354838709678
centerY: 0.4650897691650043
width: 0.02379032258064516
height: 0.0176688515246509
Area: 0.0001653582033296868
CentroidX: 0.9267
CentroidY: 0.4754
