Location: Dedata_12.png_Mean-Medain.png
Component: component_1755520652899_200.png
centerX: 0.8137096774193548
centerY: 0.4650897691650043
width: 0.027822580645161292
height: 0.033912795668281565
Area: 0.00034887248457882495
CentroidX: 0.8303
CentroidY: 0.4804
