Location: Dedata_12.png_Otsu.png
Component: component_1755520652105_234.png
centerX: 0.30282258064516127
centerY: 0.554858934169279
width: 0.027822580645161292
height: 0.031917925334853235
Area: 0.00029635775287509535
CentroidX: 0.3182
CentroidY: 0.5673
