Location: Dedata_12.png_Mean-Medain.png
Component: component_1755520652926_296.png
centerX: 0.7806451612903226
centerY: 0.7352522086064406
width: 0.03346774193548387
height: 0.033912795668281565
Area: 0.0003622022633044981
CentroidX: 0.7996
CentroidY: 0.7500
