Location: Dedata_12.png_Otsu.png
Component: component_1755520652063_35.png
centerX: 0.014516129032258065
centerY: 0.057566258193217444
width: 0.027822580645161292
height: 0.037047591906526074
Area: 0.0003143989189089806
CentroidX: 0.0293
CentroidY: 0.0728
