Location: Dedata_12.png_Gaussian-Median.png
Component: component_1755520652375_36.png
centerX: 0.014112903225806451
centerY: 0.05728127671701339
width: 0.028629032258064516
height: 0.037902536335138216
Area: 0.0003602487612498736
CentroidX: 0.0294
CentroidY: 0.0730
