Location: Dedata_12.png_Gaussian-Closing.png
Component: component_1755520652513_114.png
centerX: 0.6620967741935484
centerY: 0.25505842120262184
width: 0.03024193548387097
height: 0.034482758620689655
Area: 0.000333359380027395
CentroidX: 0.6791
CentroidY: 0.2716
