Location: Dedata_12.png_Otsu.png
Component: component_1755520652110_257.png
centerX: 0.13064516129032258
centerY: 0.6166999145055572
width: 0.02903225806451613
height: 0.03277286976346538
Area: 0.00031279015251105453
CentroidX: 0.1484
CentroidY: 0.6317
