Location: Dedata_12.png_Gaussian-Closing.png
Component: component_1755520652753_297.png
centerX: 0.7810483870967742
centerY: 0.7355371900826446
width: 0.03306451612903226
height: 0.03362781419207751
Area: 0.00033876023864900395
CentroidX: 0.7996
CentroidY: 0.7500
