Location: Dedata_12.png_Gaussian-Median.png
Component: component_1755520652426_247.png
centerX: 0.6306451612903226
centerY: 0.5716728412653177
width: 0.031451612903225803
height: 0.03334283271587347
Area: 0.00033738129602221015
CentroidX: 0.6495
CentroidY: 0.5870
