Location: Dedata_12.png_Mean-Medain.png
Component: component_1755520652891_161.png
centerX: 0.8669354838709677
centerY: 0.3750356226845255
width: 0.03346774193548387
height: 0.03761755485893417
Area: 0.0004389634028626849
CentroidX: 0.8851
CentroidY: 0.3908
