Location: Dedata_12.png_Mean-Medain.png
Component: component_1755520652896_188.png
centerX: 0.6129032258064516
centerY: 0.43260188087774293
width: 0.031048387096774193
height: 0.0347677400968937
Area: 0.0004071328105608619
CentroidX: 0.6305
CentroidY: 0.4474
