Location: Dedata_12.png_Mean-Medain.png
Component: component_1755520652861_76.png
centerX: 0.7911290322580645
centerY: 0.15844970076944997
width: 0.0375
height: 0.0347677400968937
Area: 0.0004101205195855818
CentroidX: 0.8099
CentroidY: 0.1746
