Location: Dedata_12.png_Mean-Medain.png
Component: component_1755520652926_298.png
centerX: 0.6681451612903225
centerY: 0.7426617269877458
width: 0.031451612903225803
height: 0.03163294385864919
Area: 0.0003484128370365604
CentroidX: 0.6865
CentroidY: 0.7569
