Location: Dedata_12.png_Gaussian-Median.png
Component: component_1755520652428_257.png
centerX: 0.24758064516129033
centerY: 0.6050156739811913
width: 0.029838709677419355
height: 0.0347677400968937
Area: 0.0003563417571406246
CentroidX: 0.2646
CentroidY: 0.6201
