Location: Dedata_12.png_Mean-Medain.png
Component: component_1755520652882_132.png
centerX: 0.675
centerY: 0.2938159019663722
width: 0.03387096774193549
height: 0.039612425192362494
Area: 0.00040207668759595144
CentroidX: 0.6935
CentroidY: 0.3108
