Location: Dedata_12.png_Otsu.png
Component: component_1755520652096_189.png
centerX: 0.018145161290322582
centerY: 0.4343117697349672
width: 0.02943548387096774
height: 0.03590766600170989
Area: 0.00034209268333042225
CentroidX: 0.0350
CentroidY: 0.4494
