Location: Dedata_12.png_Gaussian-Closing.png
Component: component_1755520652555_246.png
centerX: 0.5790322580645161
centerY: 0.5773724707893987
width: 0.027419354838709678
height: 0.03163294385864919
Area: 0.00030853841274510705
CentroidX: 0.5956
CentroidY: 0.5909
