Location: Dedata_12.png_Gaussian-Median.png
Component: component_1755520652422_228.png
centerX: 0.008870967741935484
centerY: 0.524365916215446
width: 0.03024193548387097
height: 0.039897406668566546
Area: 0.00042689765487823934
CentroidX: 0.0261
CentroidY: 0.5414
