Location: Dedata_12.png_Gaussian-Median.png
Component: component_1755520652383_65.png
centerX: 0.41330645161290325
centerY: 0.134226275292106
width: 0.038306451612903226
height: 0.03305785123966942
Area: 0.0003641557653591226
CentroidX: 0.4324
CentroidY: 0.1490
