Location: Dedata_12.png_Gaussian-Median.png
Component: component_1755520652383_63.png
centerX: 0.5346774193548387
centerY: 0.13023653462524937
width: 0.03669354838709677
height: 0.03619264747791394
Area: 0.0003866784949300876
CentroidX: 0.5545
CentroidY: 0.1459
