Location: Dedata_12.png_Otsu.png
Component: component_1755520652113_266.png
centerX: 0.01532258064516129
centerY: 0.6269592476489029
width: 0.03064516129032258
height: 0.037047591906526074
Area: 0.00035461807885713237
CentroidX: 0.0337
CentroidY: 0.6436
