Location: Dedata_12.png_Gaussian-Closing.png
Component: component_1755520652497_48.png
centerX: 0.34233870967741936
centerY: 0.09033912795668282
width: 0.03790322580645161
height: 0.03676261043032203
Area: 0.00039093023469603507
CentroidX: 0.3615
CentroidY: 0.1061
