Location: Dedata_12.png_Gaussian-Closing.png
Component: component_1755520652525_149.png
centerX: 0.7580645161290323
centerY: 0.3331433456825306
width: 0.03467741935483871
height: 0.039612425192362494
Area: 0.00041000560770001565
CentroidX: 0.7761
CentroidY: 0.3498
