Location: Dedata_12.png_Mean-Medain.png
Component: component_1755520652880_123.png
centerX: 0.2540322580645161
centerY: 0.2772869763465375
width: 0.024596774193548387
height: 0.02108862923909946
Area: 0.00021235716452624128
CentroidX: 0.2637
CentroidY: 0.2892
