Location: Dedata_12.png_Otsu.png
Component: component_1755520652070_64.png
centerX: 0.4137096774193548
centerY: 0.13451125676831005
width: 0.0375
height: 0.032487888287261325
Area: 0.0003158927734213405
CentroidX: 0.4322
CentroidY: 0.1491
