Location: Dedata_12.png_Mean-Medain.png
Component: component_1755520652895_182.png
centerX: 0.8612903225806452
centerY: 0.4237674551154175
width: 0.02943548387096774
height: 0.03134796238244514
Area: 0.0003536987837726032
CentroidX: 0.8769
CentroidY: 0.4375
