Location: Dedata_12.png_Otsu.png
Component: component_1755520652078_103.png
centerX: 0.25161290322580643
centerY: 0.2279851809632374
width: 0.03346774193548387
height: 0.037047591906526074
Area: 0.0003283032570624845
CentroidX: 0.2697
CentroidY: 0.2438
