Location: Dedata_12.png_Mean-Medain.png
Component: component_1755520652915_256.png
centerX: 0.8375
centerY: 0.6161299515531491
width: 0.028225806451612902
height: 0.03676261043032203
Area: 0.0003593294661653444
CentroidX: 0.8540
CentroidY: 0.6311
