Location: Dedata_12.png_Gaussian-Closing.png
Component: component_1755520652496_42.png
centerX: 0.6963709677419355
centerY: 0.0823596466229695
width: 0.03467741935483871
height: 0.038472499287546306
Area: 0.0004385037553204203
CentroidX: 0.7147
CentroidY: 0.0987
