Location: Dedata_12.png_Otsu.png
Component: component_1755520652114_270.png
centerX: 0.37016129032258066
centerY: 0.6446280991735537
width: 0.03225806451612903
height: 0.036477628954117984
Area: 0.00031474365456567904
CentroidX: 0.3878
CentroidY: 0.6608
