Location: Dedata_12.png_Otsu.png
Component: component_1755520652085_138.png
centerX: 0.4088709677419355
centerY: 0.30521516101453405
width: 0.029838709677419355
height: 0.03676261043032203
Area: 0.00030371211355132886
CentroidX: 0.4255
CentroidY: 0.3197
