Location: Dedata_12.png_Gaussian-Closing.png
Component: component_1755520652763_304.png
centerX: 0.40725806451612906
centerY: 0.756055856369336
width: 0.027822580645161292
height: 0.031917925334853235
Area: 0.00029153145368131716
CentroidX: 0.4231
CentroidY: 0.7695
