Location: Dedata_12.png_Otsu.png
Component: component_1755520652101_214.png
centerX: 0.3350806451612903
centerY: 0.500142490738102
width: 0.028629032258064516
height: 0.03305785123966942
Area: 0.0003033673778946304
CentroidX: 0.3515
CentroidY: 0.5150
