Location: Dedata_12.png_Gaussian-Closing.png
Component: component_1755520652511_107.png
centerX: 0.07620967741935483
centerY: 0.23938444001139925
width: 0.03669354838709677
height: 0.03818751781134226
Area: 0.00040000827365576074
CentroidX: 0.0950
CentroidY: 0.2564
