Location: Dedata_12.png_Gaussian-Median.png
Component: component_1755520652414_187.png
centerX: 0.0717741935483871
centerY: 0.4306070105443146
width: 0.03306451612903226
height: 0.0353377030493018
Area: 0.00038725305435791834
CentroidX: 0.0906
CentroidY: 0.4460
