Location: Dedata_12.png_Gaussian-Closing.png
Component: component_1755520652527_153.png
centerX: 0.592741935483871
centerY: 0.3482473639213451
width: 0.031048387096774193
height: 0.03134796238244514
Area: 0.00034565495178297284
CentroidX: 0.6098
CentroidY: 0.3617
