Location: Dedata_12.png_Otsu.png
Component: component_1755520652070_62.png
centerX: 0.5350806451612903
centerY: 0.13080649757765744
width: 0.03588709677419355
height: 0.0353377030493018
Area: 0.00033830059110673933
CentroidX: 0.5543
CentroidY: 0.1459
