Location: Dedata_12.png_Otsu.png
Component: component_1755520652129_312.png
centerX: 0.2995967741935484
centerY: 0.7634653747506412
width: 0.02943548387096774
height: 0.03619264747791394
Area: 0.0002603903326928911
CentroidX: 0.3155
CentroidY: 0.7784
