Location: Dedata_12.png_Otsu.png
Component: component_1755520652087_145.png
centerX: 0.9290322580645162
centerY: 0.32715873468224566
width: 0.03225806451612903
height: 0.03362781419207751
Area: 0.00034737863006646506
CentroidX: 0.9460
CentroidY: 0.3420
