Location: Dedata_12.png_Otsu.png
Component: component_1755520652108_244.png
centerX: 0.6310483870967742
centerY: 0.5722428042177259
width: 0.03064516129032258
height: 0.032487888287261325
Area: 0.00029118671802461874
CentroidX: 0.6494
CentroidY: 0.5870
