Location: Dedata_12.png_Gaussian-Median.png
Component: component_1755520652426_246.png
centerX: 0.6826612903225806
centerY: 0.5705329153605015
width: 0.03225806451612903
height: 0.029923055001424906
Area: 0.0003071594701183133
CentroidX: 0.6999
CentroidY: 0.5840
