Location: Dedata_12.png_Otsu.png
Component: component_1755520652120_287.png
centerX: 0.4854838709677419
centerY: 0.7016243944143631
width: 0.02943548387096774
height: 0.03619264747791394
Area: 0.0002886586565421635
CentroidX: 0.5015
CentroidY: 0.7172
