Location: Dedata_12.png_Gaussian-Median.png
Component: component_1755520652405_154.png
centerX: 0.5411290322580645
centerY: 0.34710743801652894
width: 0.031048387096774193
height: 0.03163294385864919
Area: 0.0003645005010158211
CentroidX: 0.5588
CentroidY: 0.3614
