Location: Dedata_12.png_Otsu.png
Component: component_1755520652082_123.png
centerX: 0.1967741935483871
centerY: 0.27700199487033345
width: 0.036290322580645164
height: 0.0353377030493018
Area: 0.00031979977753058956
CentroidX: 0.2166
CentroidY: 0.2928
