Location: Dedata_12.png_Gaussian-Median.png
Component: component_1755520652401_137.png
centerX: 0.5189516129032258
centerY: 0.29980051296665716
width: 0.03387096774193549
height: 0.03277286976346538
Area: 0.00034427600915617904
CentroidX: 0.5363
CentroidY: 0.3135
