Location: Dedata_12.png_Mean-Medain.png
Component: component_1755520652914_248.png
centerX: 0.41693548387096774
centerY: 0.5901966372185808
width: 0.03024193548387097
height: 0.036477628954117984
Area: 0.000398629331028967
CentroidX: 0.4346
CentroidY: 0.6060
