Location: Dedata_12.png_Mean-Medain.png
Component: component_1755520652856_59.png
centerX: 0.9370967741935484
centerY: 0.12282701624394414
width: 0.02661290322580645
height: 0.0176688515246509
Area: 0.0002275255334209728
CentroidX: 0.9495
CentroidY: 0.1322
