Location: Dedata_12.png_Otsu.png
Component: component_1755520652084_135.png
centerX: 0.6233870967741936
centerY: 0.29980051296665716
width: 0.025403225806451612
height: 0.040467369620974636
Area: 0.0003291076402614475
CentroidX: 0.6381
CentroidY: 0.3166
