Location: Dedata_12.png_Gaussian-Median.png
Component: component_1755520652418_205.png
centerX: 0.18911290322580646
centerY: 0.4690795098318609
width: 0.03185483870967742
height: 0.030208036477628954
Area: 0.0003946074150341518
CentroidX: 0.2054
CentroidY: 0.4830
