Location: Dedata_12.png_Mean-Medain.png
Component: component_1755520652880_125.png
centerX: 0.9383064516129033
centerY: 0.28241664291821034
width: 0.036290322580645164
height: 0.03818751781134226
Area: 0.0004267827429926732
CentroidX: 0.9580
CentroidY: 0.2997
