Location: Dedata_12.png_Mean-Medain.png
Component: component_1755520652856_57.png
centerX: 0.7725806451612903
centerY: 0.12168709033912796
width: 0.034274193548387094
height: 0.031917925334853235
Area: 0.0003851846404177277
CentroidX: 0.7895
CentroidY: 0.1361
