Location: Dedata_12.png_Otsu.png
Component: component_1755520652096_190.png
centerX: 0.5649193548387097
centerY: 0.4343117697349672
width: 0.028629032258064516
height: 0.037902536335138216
Area: 0.00037840483916932495
CentroidX: 0.5816
CentroidY: 0.4509
