Location: Dedata_12.png_Gaussian-Median.png
Component: component_1755520652386_74.png
centerX: 0.9508064516129032
centerY: 0.15474494157879737
width: 0.03346774193548387
height: 0.039612425192362494
Area: 0.00040839684130208957
CentroidX: 0.9682
CentroidY: 0.1721
