Location: Dedata_12.png_Gaussian-Median.png
Component: component_1755520652439_309.png
centerX: 0.40725806451612906
centerY: 0.755770874893132
width: 0.027822580645161292
height: 0.03220290681105728
Area: 0.00029176127745244944
CentroidX: 0.4231
CentroidY: 0.7695
