Location: Dedata_12.png_Gaussian-Median.png
Component: component_1755520652428_258.png
centerX: 0.19112903225806452
centerY: 0.6087204331718439
width: 0.03064516129032258
height: 0.03562268452550584
Area: 0.00036036367313543974
CentroidX: 0.2099
CentroidY: 0.6250
