Location: Dedata_12.png_Otsu.png
Component: component_1755520652110_254.png
centerX: 0.19153225806451613
centerY: 0.6090054146480479
width: 0.029838709677419355
height: 0.03505272157309775
Area: 0.000317041892277002
CentroidX: 0.2097
CentroidY: 0.6249
