Location: Dedata_12.png_Otsu.png
Component: component_1755520652125_299.png
centerX: 0.7814516129032258
centerY: 0.7358221715588487
width: 0.03225806451612903
height: 0.03305785123966942
Area: 0.0002749841421597919
CentroidX: 0.7989
CentroidY: 0.7497
