Location: Dedata_12.png_Gaussian-Median.png
Component: component_1755520652388_81.png
centerX: 0.5491935483870968
centerY: 0.17184383015104018
width: 0.0407258064516129
height: 0.032487888287261325
Area: 0.00038897673264141056
CentroidX: 0.5711
CentroidY: 0.1864
