Location: Dedata_12.png_Gaussian-Median.png
Component: component_1755520652402_140.png
centerX: 0.35604838709677417
centerY: 0.30521516101453405
width: 0.03225806451612903
height: 0.03818751781134226
Area: 0.00035254966491694167
CentroidX: 0.3737
CentroidY: 0.3219
