Location: Dedata_12.png_Gaussian-Closing.png
Component: component_1755520652568_277.png
centerX: 0.8104838709677419
centerY: 0.677115987460815
width: 0.027822580645161292
height: 0.033912795668281565
Area: 0.000320948896386251
CentroidX: 0.8271
CentroidY: 0.6925
