Location: Dedata_12.png_Gaussian-Closing.png
Component: component_1755520652501_69.png
centerX: 0.2346774193548387
centerY: 0.1433456825306355
width: 0.03790322580645161
height: 0.0347677400968937
Area: 0.0004428704069719339
CentroidX: 0.2538
CentroidY: 0.1601
