Location: Dedata_12.png_Gaussian-Closing.png
Component: component_1755520652515_127.png
centerX: 0.8911290322580645
centerY: 0.2841265317754346
width: 0.02943548387096774
height: 0.0347677400968937
Area: 0.0003719697735776207
CentroidX: 0.9072
CentroidY: 0.2997
