Location: Dedata_12.png_Gaussian-Closing.png
Component: component_1755520652560_269.png
centerX: 0.369758064516129
centerY: 0.6443431176973496
width: 0.03306451612903226
height: 0.037047591906526074
Area: 0.0003696715358662977
CentroidX: 0.3882
CentroidY: 0.6609
