Location: Dedata_12.png_Otsu.png
Component: component_1755520652098_202.png
centerX: 0.18911290322580646
centerY: 0.469649472784269
width: 0.031451612903225803
height: 0.029068110572812767
Area: 0.00036139788010553506
CentroidX: 0.2053
CentroidY: 0.4830
