Location: Dedata_12.png_Mean-Medain.png
Component: component_1755520652874_108.png
centerX: 0.8911290322580645
centerY: 0.2413793103448276
width: 0.039112903225806454
height: 0.0353377030493018
Area: 0.00037932413425385413
CentroidX: 0.9118
CentroidY: 0.2568
