Location: Dedata_12.png_Otsu.png
Component: component_1755520652104_228.png
centerX: 0.6153225806451613
centerY: 0.5266457680250783
width: 0.031048387096774193
height: 0.03362781419207751
Area: 0.0003068147344616148
CentroidX: 0.6322
CentroidY: 0.5416
