Location: Dedata_12.png_Mean-Medain.png
Component: component_1755520652883_134.png
centerX: 0.5185483870967742
centerY: 0.29980051296665716
width: 0.03387096774193549
height: 0.032487888287261325
Area: 0.00036518997232921793
CentroidX: 0.5362
CentroidY: 0.3135
