Location: Dedata_12.png_Gaussian-Median.png
Component: component_1755520652424_236.png
centerX: 0.3024193548387097
centerY: 0.554573952693075
width: 0.028629032258064516
height: 0.032487888287261325
Area: 0.0003424374189871207
CentroidX: 0.3184
CentroidY: 0.5675
