Location: Dedata_12.png_Gaussian-Median.png
Component: component_1755520652384_67.png
centerX: 0.2963709677419355
centerY: 0.13935594186377886
width: 0.03870967741935484
height: 0.03505272157309775
Area: 0.00038702323058678606
CentroidX: 0.3164
CentroidY: 0.1544
