Location: Dedata_12.png_Otsu.png
Component: component_1755520652093_176.png
centerX: 0.2842741935483871
centerY: 0.4103733257338273
width: 0.028225806451612902
height: 0.0347677400968937
Area: 0.0003293374640325798
CentroidX: 0.3004
CentroidY: 0.4254
