Location: Dedata_12.png_Gaussian-Closing.png
Component: component_1755520652507_86.png
centerX: 0.30282258064516127
centerY: 0.18153320034197779
width: 0.035483870967741936
height: 0.03590766600170989
Area: 0.0003858741117311246
CentroidX: 0.3208
CentroidY: 0.1969
