Location: Dedata_12.png_Mean-Medain.png
Component: component_1755520652847_21.png
centerX: 0.494758064516129
centerY: 0.04103733257338273
width: 0.03508064516129032
height: 0.03562268452550584
Area: 0.0003917346178949981
CentroidX: 0.5125
CentroidY: 0.0564
