Location: Dedata_12.png_Gaussian-Closing.png
Component: component_1755520652549_230.png
centerX: 0.45564516129032256
centerY: 0.5408948418352807
width: 0.029838709677419355
height: 0.031917925334853235
Area: 0.00035438825508600003
CentroidX: 0.4724
CentroidY: 0.5539
