Location: Dedata_12.png_Gaussian-Closing.png
Component: component_1755520652765_307.png
centerX: 0.23830645161290323
centerY: 0.7643203191792534
width: 0.03024193548387097
height: 0.037047591906526074
Area: 0.00033910497430570237
CentroidX: 0.2563
CentroidY: 0.7797
