Location: Dedata_12.png_Mean-Medain.png
Component: component_1755520652872_102.png
centerX: 0.3681451612903226
centerY: 0.22371045882017668
width: 0.031451612903225803
height: 0.04075235109717868
Area: 0.00039851441914340085
CentroidX: 0.3858
CentroidY: 0.2411
