Location: Dedata_12.png_Otsu.png
Component: component_1755520652107_243.png
centerX: 0.6830645161290323
centerY: 0.5711028783129096
width: 0.031451612903225803
height: 0.029068110572812767
Area: 0.00026326312983204476
CentroidX: 0.6996
CentroidY: 0.5840
