Location: Dedata_12.png_Gaussian-Median.png
Component: component_1755520652396_114.png
centerX: 0.7161290322580646
centerY: 0.25135366201196924
width: 0.03387096774193549
height: 0.033912795668281565
Area: 0.00032818834517691833
CentroidX: 0.7346
CentroidY: 0.2674
