Location: Dedata_12.png_Otsu.png
Component: component_1755520652104_226.png
centerX: 0.06169354838709677
centerY: 0.5235109717868338
width: 0.032661290322580645
height: 0.03305785123966942
Area: 0.00031979977753058956
CentroidX: 0.0806
CentroidY: 0.5374
