Location: Dedata_12.png_Mean-Medain.png
Component: component_1755520652879_122.png
centerX: 0.1963709677419355
centerY: 0.2767170133941294
width: 0.037096774193548385
height: 0.03590766600170989
Area: 0.0003888618207558444
CentroidX: 0.2166
CentroidY: 0.2926
