Location: Dedata_12.png_Otsu.png
Component: component_1755520652069_59.png
centerX: 0.7080645161290322
centerY: 0.12453690510116842
width: 0.039112903225806454
height: 0.031062980906241093
Area: 0.000320144513187288
CentroidX: 0.7288
CentroidY: 0.1380
