Location: Dedata_12.png_Otsu.png
Component: component_1755520652074_84.png
centerX: 0.3032258064516129
centerY: 0.18210316329438586
width: 0.03467741935483871
height: 0.03505272157309775
Area: 0.0003381856792211732
CentroidX: 0.3205
CentroidY: 0.1969
