Location: Dedata_12.png_Gaussian-Closing.png
Component: component_1755520652508_91.png
centerX: 0.8330645161290322
centerY: 0.19863208891422057
width: 0.034274193548387094
height: 0.029923055001424906
Area: 0.00033680673659437945
CentroidX: 0.8521
CentroidY: 0.2127
