Location: Dedata_12.png_Gaussian-Closing.png
Component: component_1755520652490_6.png
centerX: 0.9419354838709677
centerY: 0.0005699629524080935
width: 0.037096774193548385
height: 0.03505272157309775
Area: 0.0003657645317570487
CentroidX: 0.9600
CentroidY: 0.0158
