Location: Dedata_12.png_Otsu.png
Component: component_1755520652103_223.png
centerX: 0.12459677419354839
centerY: 0.518666286691365
width: 0.028629032258064516
height: 0.03505272157309775
Area: 0.0003070445582327471
CentroidX: 0.1409
CentroidY: 0.5328
