Location: Dedata_12.png_Gaussian-Closing.png
Component: component_1755520652515_128.png
centerX: 0.8387096774193549
centerY: 0.28583642063265885
width: 0.031048387096774193
height: 0.03305785123966942
Area: 0.00035243475303137553
CentroidX: 0.8562
CentroidY: 0.3008
