Location: Dedata_12.png_Gaussian-Closing.png
Component: component_1755520652722_292.png
centerX: 0.07459677419354839
centerY: 0.7252778569392989
width: 0.03387096774193549
height: 0.043032202906811055
Area: 0.00038104781253734635
CentroidX: 0.0943
CentroidY: 0.7443
