Location: Dedata_12.png_Gaussian-Median.png
Component: component_1755520652422_226.png
centerX: 0.6669354838709678
centerY: 0.5223710458820177
width: 0.02943548387096774
height: 0.03590766600170989
Area: 0.00032772869763465377
CentroidX: 0.6844
CentroidY: 0.5374
