Location: Dedata_12.png_Gaussian-Median.png
Component: component_1755520652399_132.png
centerX: 0.7858870967741935
centerY: 0.28754630948988313
width: 0.029838709677419355
height: 0.03590766600170989
Area: 0.00036105314444883664
CentroidX: 0.8029
CentroidY: 0.3034
