Location: Dedata_12.png_Otsu.png
Component: component_1755520652066_48.png
centerX: 0.29193548387096774
centerY: 0.09461385009974352
width: 0.03185483870967742
height: 0.03818751781134226
Area: 0.0003388751505345701
CentroidX: 0.3091
CentroidY: 0.1106
