Location: Dedata_12.png_Otsu.png
Component: component_1755520652080_114.png
centerX: 0.6629032258064517
centerY: 0.2553434026788259
width: 0.02903225806451613
height: 0.033912795668281565
Area: 0.00028819900899989886
CentroidX: 0.6790
CentroidY: 0.2717
