Location: Dedata_12.png_Gaussian-Closing.png
Component: component_1755520652511_108.png
centerX: 0.8915322580645161
centerY: 0.24109432886862353
width: 0.03870967741935484
height: 0.03590766600170989
Area: 0.00036473032478695337
CentroidX: 0.9120
CentroidY: 0.2568
