Location: Dedata_12.png_Mean-Medain.png
Component: component_1755520652862_78.png
centerX: 0.7290322580645161
centerY: 0.16272442291251069
width: 0.038306451612903226
height: 0.03562268452550584
Area: 0.00040115739251142226
CentroidX: 0.7495
CentroidY: 0.1777
