Location: Dedata_12.png_Mean-Medain.png
Component: component_1755520652873_105.png
centerX: 0.19556451612903225
centerY: 0.23282986605870618
width: 0.03387096774193549
height: 0.03562268452550584
Area: 0.0004016170400536868
CentroidX: 0.2139
CentroidY: 0.2489
