Location: Dedata_12.png_Gaussian-Median.png
Component: component_1755520652397_120.png
centerX: 0.48185483870967744
centerY: 0.2638928469649473
width: 0.034274193548387094
height: 0.03305785123966942
Area: 0.0003595592899364767
CentroidX: 0.5008
CentroidY: 0.2793
