Location: Dedata_12.png_Otsu.png
Component: component_1755520652060_19.png
centerX: 0.9161290322580645
centerY: 0.039042462239954404
width: 0.0375
height: 0.03590766600170989
Area: 0.0003029077303523658
CentroidX: 0.9340
CentroidY: 0.0550
