Location: Dedata_12.png_Otsu.png
Component: component_1755520652092_170.png
centerX: 0.5959677419354839
centerY: 0.38814477058991165
width: 0.028629032258064516
height: 0.030208036477628954
Area: 0.0003215234558140818
CentroidX: 0.6121
CentroidY: 0.4012
