Location: Dedata_12.png_Gaussian-Median.png
Component: component_1755520652430_268.png
centerX: 0.5899193548387097
centerY: 0.6238244514106583
width: 0.028629032258064516
height: 0.045027073240239385
Area: 0.0003661092674137471
CentroidX: 0.6058
CentroidY: 0.6440
