Location: Dedata_12.png_Gaussian-Median.png
Component: component_1755520652406_157.png
centerX: 0.43548387096774194
centerY: 0.3513821601595896
width: 0.03306451612903226
height: 0.03505272157309775
Area: 0.0003746127469456421
CentroidX: 0.4544
CentroidY: 0.3664
