Location: Dedata_12.png_Gaussian-Median.png
Component: component_1755520652410_173.png
centerX: 0.5431451612903225
centerY: 0.3912795668281562
width: 0.03306451612903226
height: 0.03362781419207751
Area: 0.0003981696834867024
CentroidX: 0.5611
CentroidY: 0.4066
