Location: Dedata_12.png_Mean-Medain.png
Component: component_1755520652842_16.png
centerX: 0.3379032258064516
centerY: 0.005129666571672842
width: 0.028629032258064516
height: 0.029068110572812767
Area: 0.0003349681464253211
CentroidX: 0.3530
CentroidY: 0.0188
