Location: Dedata_12.png_Otsu.png
Component: component_1755520652061_22.png
centerX: 0.3883064516129032
centerY: 0.04274722143060701
width: 0.03024193548387097
height: 0.04075235109717868
Area: 0.000320948896386251
CentroidX: 0.4021
CentroidY: 0.0602
