Location: Dedata_12.png_Otsu.png
Component: component_1755520652121_292.png
centerX: 0.20362903225806453
centerY: 0.7181533200341977
width: 0.03306451612903226
height: 0.039042462239954404
Area: 0.0003326699087139981
CentroidX: 0.2226
CentroidY: 0.7347
