Location: Dedata_12.png_Otsu.png
Component: component_1755520652111_258.png
centerX: 0.8379032258064516
centerY: 0.6166999145055572
width: 0.027419354838709678
height: 0.03590766600170989
Area: 0.0002919911012235818
CentroidX: 0.8539
CentroidY: 0.6310
