Location: Dedata_12.png_Otsu.png
Component: component_1755520652096_192.png
centerX: 0.45564516129032256
centerY: 0.44286121402108863
width: 0.03185483870967742
height: 0.03220290681105728
Area: 0.0003720846854631868
CentroidX: 0.4734
CentroidY: 0.4565
