Location: Dedata_12.png_Otsu.png
Component: component_1755520652078_107.png
centerX: 0.9197580645161291
centerY: 0.2413793103448276
width: 0.010483870967741936
height: 0.03505272157309775
Area: 0.00013984776473400197
CentroidX: 0.9231
CentroidY: 0.2579
