Location: internet_1.png_Mean-Medain.png
Component: component_1755096855219_101.png
centerX: 0.42200725513905685
centerY: 0.2315369261477046
width: 0.04191858121725111
height: 0.028514399771884802
Area: 0.0005068460418944457
CentroidX: 0.4451
CentroidY: 0.2414
