Location: internet_1.png_Mean-Medain.png
Component: component_1755096855240_205.png
centerX: 0.5050382910116888
centerY: 0.5677216994582264
width: 0.04433696090286175
height: 0.02480752780153978
Area: 0.0004931692439385638
CentroidX: 0.5303
CentroidY: 0.5776
