Location: Dedata_29.png_Mean-Medain.png
Component: component_1755504602680_343.png
centerX: 0.06733870967741935
centerY: 0.7044742091764036
width: 0.03225806451612903
height: 0.021658592191507554
Area: 0.00033186552551503506
CentroidX: 0.0851
CentroidY: 0.7125
