Location: Dedata_29.png_Gaussian-Closing.png
Component: component_1755504604679_374.png
centerX: 0.7116935483870968
centerY: 0.7594756340837846
width: 0.039112903225806454
height: 0.022798518096323737
Area: 0.0003369216484799456
CentroidX: 0.7321
CentroidY: 0.7685
