Location: Dedata_29.png_Gaussian-Closing.png
Component: component_1755504603952_224.png
centerX: 0.7
centerY: 0.45141065830721006
width: 0.03870967741935484
height: 0.02707324023938444
Area: 0.0003933433842929242
CentroidX: 0.7217
CentroidY: 0.4606
