Location: Dedata_29.png_Mean-Closing.png
Component: component_1755504603092_236.png
centerX: 0.1971774193548387
centerY: 0.49786263892846966
width: 0.0407258064516129
height: 0.027643203191792535
Area: 0.0004403423454894787
CentroidX: 0.2194
CentroidY: 0.5073
