Location: internet_1.png_Mean-Closing.png
Component: component_1755096855106_136.png
centerX: 0.8012898024989923
centerY: 0.37781579697747364
width: 0.0471584038694075
height: 0.028514399771884802
Area: 0.0005235110478070749
CentroidX: 0.8278
CentroidY: 0.3886
