Location: internet_1.png_Otsu.png
Component: component_1755096854622_650.png
centerX: 0.4385328496573962
centerY: 0.6224693470202453
width: 0.03466344216041919
height: 0.027088679783290562
Area: 0.00047041289103718053
CentroidX: 0.4576
CentroidY: 0.6335
