Location: Dedata_29.png_Gaussian-Closing.png
Component: component_1755504603813_75.png
centerX: 0.7975806451612903
centerY: 0.14420062695924765
width: 0.03669354838709677
height: 0.02963807352522086
Area: 0.00043310289669881133
CentroidX: 0.8176
CentroidY: 0.1547
