Location: Dedata_29.png_Mean-Medain.png
Component: component_1755504602660_321.png
centerX: 0.5556451612903226
centerY: 0.6611570247933884
width: 0.03669354838709677
height: 0.023938444001139925
Area: 0.00034818301326542805
CentroidX: 0.5755
CentroidY: 0.6699
