Location: Dedata_29.png_Mean-Medain.png
Component: component_1755504602455_235.png
centerX: 0.8762096774193548
centerY: 0.4824736392134511
width: 0.037096774193548385
height: 0.03277286976346538
Area: 0.00040471966096397284
CentroidX: 0.8948
CentroidY: 0.4940
