Location: internet_1.png_Gaussian-Median.png
Component: component_1755096854842_295.png
centerX: 0.8242644095122934
centerY: 0.7430852580553179
width: 0.03829101168883515
height: 0.02480752780153978
Area: 0.0004751250651228205
CentroidX: 0.8443
CentroidY: 0.7527
