Location: Dedata_29.png_Gaussian-Closing.png
Component: component_1755504603819_87.png
centerX: 0.32016129032258067
centerY: 0.1701339412938159
width: 0.0375
height: 0.03277286976346538
Area: 0.00043551604629570045
CentroidX: 0.3408
CentroidY: 0.1816
