Location: internet_1.png_Otsu.png
Component: component_1755096854657_674.png
centerX: 0.7529222087867795
centerY: 0.6977473624180212
width: 0.03909713825070536
height: 0.03307670373538637
Area: 0.0005133971131842379
CentroidX: 0.7746
CentroidY: 0.7100
