Location: Dedata_29.png_Mean-Medain.png
Component: component_1755504602597_259.png
centerX: 0.2713709677419355
centerY: 0.5340552864063836
width: 0.035483870967741936
height: 0.030493017953833
Area: 0.0004567747451254378
CentroidX: 0.2893
CentroidY: 0.5451
