Location: internet_1.png_Mean-Medain.png
Component: component_1755096855252_256.png
centerX: 0.9165659008464329
centerY: 0.7331052181351583
width: 0.03909713825070536
height: 0.023096663815226688
Area: 0.0005114432849048262
CentroidX: 0.9378
CentroidY: 0.7429
