Location: Paraklitoni_1720_page_10.png_Mean-Medain.png
Component: component_1755610055164_118.png
centerX: 0.21570121951219512
centerY: 0.053132832080200504
width: 0.019054878048780487
height: 0.011528822055137845
Area: 0.00013066202090592334
CentroidX: 0.2254
CentroidY: 0.0573
