Location: Dedata_29.png_Gaussian-Closing.png
Component: component_1755504603818_84.png
centerX: 0.4790322580645161
centerY: 0.16557423767455115
width: 0.037096774193548385
height: 0.029353092049016812
Area: 0.00047757379641291057
CentroidX: 0.4982
CentroidY: 0.1767
