Location: Dedata_29.png_Gaussian-Closing.png
Component: component_1755504603862_149.png
centerX: 0.20927419354838708
centerY: 0.29068110572812766
width: 0.04516129032258064
height: 0.027358221715588486
Area: 0.0004239099458535195
CentroidX: 0.2333
CentroidY: 0.3007
