Location: Dedata_29.png_Otsu.png
Component: component_1755504603314_72.png
centerX: 0.013306451612903225
centerY: 0.09746366486178398
width: 0.04435483870967742
height: 0.028498147620404674
Area: 0.00029245074876584634
CentroidX: 0.0372
CentroidY: 0.1060
