Location: Kurtxevani_1794_page_10.png_Mean-Medain.png
Component: component_1755610054902_1252.png
centerX: 0.3267095265926359
centerY: 0.35874834728955485
width: 0.022793687901811806
height: 0.014543851917144116
Area: 0.00016665554771075293
CentroidX: 0.3385
CentroidY: 0.3643
