Location: Dedata_29.png_Mean-Medain.png
Component: component_1755504602386_175.png
centerX: 0.40766129032258064
centerY: 0.3542319749216301
width: 0.038306451612903226
height: 0.024223425477343973
Area: 0.00041195910975464015
CentroidX: 0.4269
CentroidY: 0.3639
