Location: Dedata_29.png_Otsu.png
Component: component_1755504603658_410.png
centerX: 0.38991935483870965
centerY: 0.7184383015104018
width: 0.03467741935483871
height: 0.02108862923909946
Area: 0.00027015784296601365
CentroidX: 0.4098
CentroidY: 0.7258
