Location: Dedata_29.png_Gaussian-Closing.png
Component: component_1755504603796_31.png
centerX: 0.12903225806451613
centerY: 0.05329153605015674
width: 0.04032258064516129
height: 0.028498147620404674
Area: 0.0003747276588312082
CentroidX: 0.1507
CentroidY: 0.0627
