Location: internet_1.png_Mean-Medain.png
Component: component_1755096855227_145.png
centerX: 0.5106811769447803
centerY: 0.36127744510978044
width: 0.04030632809351068
height: 0.02765896777872826
Area: 0.0004908706224333736
CentroidX: 0.5326
CentroidY: 0.3710
