Location: Dedata_29.png_Mean-Closing.png
Component: component_1755504603161_372.png
centerX: 0.11411290322580646
centerY: 0.7779994300370476
width: 0.032661290322580645
height: 0.024223425477343973
Area: 0.00032600501935116155
CentroidX: 0.1324
CentroidY: 0.7870
