Location: Dedata_29.png_Mean-Medain.png
Component: component_1755504602611_268.png
centerX: 0.0657258064516129
centerY: 0.5520091194072385
width: 0.04314516129032258
height: 0.02963807352522086
Area: 0.0004632098107171421
CentroidX: 0.0879
CentroidY: 0.5627
