Location: internet_1.png_Mean-Medain.png
Component: component_1755096855203_21.png
centerX: 0.6819830713422007
centerY: 0.00855431993156544
width: 0.04836759371221282
height: 0.028229255774165955
Area: 0.0005602889918901186
CentroidX: 0.7060
CentroidY: 0.0197
