Location: Dedata_29.png_Mean-Closing.png
Component: component_1755504603059_173.png
centerX: 0.864516129032258
centerY: 0.3542319749216301
width: 0.03951612903225806
height: 0.026788258763180393
Area: 0.000418049439689646
CentroidX: 0.8839
CentroidY: 0.3643
