Location: Dedata_29.png_Gaussian-Closing.png
Component: component_1755504604688_377.png
centerX: 0.660483870967742
centerY: 0.7643203191792534
width: 0.041935483870967745
height: 0.024223425477343973
Area: 0.0003441610972706129
CentroidX: 0.6799
CentroidY: 0.7743
