Location: internet_1.png_Mean-Medain.png
Component: component_1755096855254_267.png
centerX: 0.07013301088270858
centerY: 0.757912745936698
width: 0.042724707779121324
height: 0.02765896777872826
Area: 0.0005485660222136484
CentroidX: 0.0941
CentroidY: 0.7684
