Location: Dedata_29.png_Mean-Closing.png
Component: component_1755504603069_193.png
centerX: 0.8580645161290322
centerY: 0.39355941863778854
width: 0.03387096774193549
height: 0.03305785123966942
Area: 0.0004627501631748775
CentroidX: 0.8763
CentroidY: 0.4042
