Location: Dedata_29.png_Mean-Medain.png
Component: component_1755504602593_254.png
centerX: 0.8350806451612903
centerY: 0.5220860644058136
width: 0.03387096774193549
height: 0.02365346252493588
Area: 0.000349676867777788
CentroidX: 0.8512
CentroidY: 0.5319
