Location: Dedata_29.png_Otsu.png
Component: component_1755504603495_208.png
centerX: 0.2633064516129032
centerY: 0.286406383585067
width: 0.035483870967741936
height: 0.027643203191792535
Area: 0.0003470338944097666
CentroidX: 0.2824
CentroidY: 0.2960
