Location: Dedata_29.png_Otsu.png
Component: component_1755504603500_214.png
centerX: 0.6100806451612903
centerY: 0.30037047591906524
width: 0.039112903225806454
height: 0.022513536620119692
Area: 0.0003746127469456421
CentroidX: 0.6318
CentroidY: 0.3085
