Location: internet_1.png_Otsu.png
Component: component_1755096854543_452.png
centerX: 0.24506247480854493
centerY: 0.20216709438266325
width: 0.03990326481257558
height: 0.03051040775591674
Area: 0.00023940142976556245
CentroidX: 0.2652
CentroidY: 0.2150
