Location: internet_1.png_Mean-Closing.png
Component: component_1755096855138_251.png
centerX: 0.5820233776702942
centerY: 0.7613344739093242
width: 0.0475614671503426
height: 0.02566295979469632
Area: 0.0005598292675890805
CentroidX: 0.6065
CentroidY: 0.7707
