Location: Dedata_29.png_Mean-Medain.png
Component: component_1755504602769_400.png
centerX: 0.4254032258064516
centerY: 0.8224565403248789
width: 0.04153225806451613
height: 0.02707324023938444
Area: 0.00037047591906526074
CentroidX: 0.4474
CentroidY: 0.8331
