Location: internet_1.png_Otsu.png
Component: component_1755096854546_505.png
centerX: 0.3542926239419589
centerY: 0.23552894211576847
width: 0.044740024183796856
height: 0.02737382378100941
Area: 0.00045765554168337476
CentroidX: 0.3794
CentroidY: 0.2446
