Location: internet_1.png_Mean-Closing.png
Component: component_1755096855094_105.png
centerX: 0.9161628375654978
centerY: 0.27516395779868835
width: 0.04514308746473196
height: 0.02737382378100941
Area: 0.0005564962664065547
CentroidX: 0.9409
CentroidY: 0.2849
