Location: internet_1.png_Mean-Closing.png
Component: component_1755096855087_73.png
centerX: 0.9600967351874244
centerY: 0.19674935842600513
width: 0.03143893591293833
height: 0.027088679783290562
Area: 0.0004490357110389114
CentroidX: 0.9765
CentroidY: 0.2076
