Location: Dedata_29.png_Otsu.png
Component: component_1755504603409_147.png
centerX: 0.47943548387096774
centerY: 0.1658592191507552
width: 0.036290322580645164
height: 0.029068110572812767
Area: 0.0004502247676481674
CentroidX: 0.4980
CentroidY: 0.1765
