Location: Dedata_29.png_Mean-Closing.png
Component: component_1755504603056_170.png
centerX: 0.4584677419354839
centerY: 0.3488173268737532
width: 0.03951612903225806
height: 0.027643203191792535
Area: 0.000470104523851111
CentroidX: 0.4800
CentroidY: 0.3599
