Location: Dedata_29.png_Mean-Closing.png
Component: component_1755504603129_303.png
centerX: 0.4403225806451613
centerY: 0.6329438586491878
width: 0.029838709677419355
height: 0.022798518096323737
Area: 0.0003004945807554767
CentroidX: 0.4573
CentroidY: 0.6419
