Location: Dedata_29.png_Otsu.png
Component: component_1755504603463_175.png
centerX: 0.12701612903225806
centerY: 0.219435736677116
width: 0.03870967741935484
height: 0.027643203191792535
Area: 0.0004385037553204203
CentroidX: 0.1478
CentroidY: 0.2294
