Location: Dedata_29.png_Mean-Closing.png
Component: component_1755504603025_113.png
centerX: 0.011693548387096775
centerY: 0.22656027358221714
width: 0.044758064516129036
height: 0.03163294385864919
Area: 0.0005616892966473308
CentroidX: 0.0353
CentroidY: 0.2371
