Location: Dedata_29.png_Mean-Medain.png
Component: component_1755504602631_290.png
centerX: 0.8629032258064516
centerY: 0.5930464519806212
width: 0.03306451612903226
height: 0.022798518096323737
Area: 0.0003369216484799456
CentroidX: 0.8805
CentroidY: 0.6012
