Location: internet_1.png_Mean-Medain.png
Component: component_1755096855230_160.png
centerX: 0.012898024989923419
centerY: 0.4126033646991731
width: 0.04675534058847239
height: 0.03136583974907328
Area: 0.0006177545295198743
CentroidX: 0.0377
CentroidY: 0.4235
