Location: internet_1.png_Mean-Closing.png
Component: component_1755096855119_191.png
centerX: 0.916968964127368
centerY: 0.5711434274308526
width: 0.04070939137444579
height: 0.03279155973766752
Area: 0.000619248633498248
CentroidX: 0.9393
CentroidY: 0.5839
