Location: internet_1.png_Otsu.png
Component: component_1755096854549_525.png
centerX: 0.5026199113260782
centerY: 0.26803535785571714
width: 0.04030632809351068
height: 0.028514399771884802
Area: 0.0005267291179143411
CentroidX: 0.5246
CentroidY: 0.2789
