Location: Dedata_29.png_Gaussian-Closing.png
Component: component_1755504603878_159.png
centerX: 0.8717741935483871
centerY: 0.31148475349102306
width: 0.03790322580645161
height: 0.027358221715588486
Area: 0.00041873891100304285
CentroidX: 0.8909
CentroidY: 0.3225
