Location: internet_1.png_Mean-Closing.png
Component: component_1755096855129_222.png
centerX: 0.4095122934300685
centerY: 0.6797832905617337
width: 0.04554615074566707
height: 0.027088679783290562
Area: 0.0005367281214619186
CentroidX: 0.4334
CentroidY: 0.6897
