Location: Dedata_29.png_Gaussian-Closing.png
Component: component_1755504604769_408.png
centerX: 0.23346774193548386
centerY: 0.8392704474209176
width: 0.025806451612903226
height: 0.021658592191507554
Area: 0.0002638376892598755
CentroidX: 0.2480
CentroidY: 0.8474
