Location: internet_1.png_Mean-Closing.png
Component: component_1755096855103_126.png
centerX: 0.6449012494961709
centerY: 0.34416880524664956
width: 0.04353083434099154
height: 0.028229255774165955
Area: 0.000445128054480088
CentroidX: 0.6694
CentroidY: 0.3545
