Location: Dedata_29.png_Gaussian-Closing.png
Component: component_1755504603986_255.png
centerX: 0.8354838709677419
centerY: 0.5220860644058136
width: 0.03346774193548387
height: 0.02365346252493588
Area: 0.0003330146443706965
CentroidX: 0.8513
CentroidY: 0.5320
