Location: Dedata_29.png_Mean-Medain.png
Component: component_1755504602379_157.png
centerX: 0.4528225806451613
centerY: 0.31233969791963523
width: 0.0375
height: 0.02536335138216016
Area: 0.00039564162200424717
CentroidX: 0.4722
CentroidY: 0.3220
