Location: internet_1.png_Mean-Closing.png
Component: component_1755096855129_223.png
centerX: 0.34945586457073763
centerY: 0.6809238665526091
width: 0.041515517936316
height: 0.03364699173082407
Area: 0.0006079853881228158
CentroidX: 0.3733
CentroidY: 0.6930
