Location: internet_1.png_Mean-Closing.png
Component: component_1755096855077_34.png
centerX: 0.8976219266424829
centerY: 0.07727402338180782
width: 0.03385731559854897
height: 0.026518391787852865
Area: 0.00032548480513493655
CentroidX: 0.9140
CentroidY: 0.0863
