Location: internet_1.png_Otsu.png
Component: component_1755096854542_377.png
centerX: 0.52801289802499
centerY: 0.18106643855146848
width: 0.039500201531640466
height: 0.031936127744510975
Area: 0.00029640724309428016
CentroidX: 0.5487
CentroidY: 0.1928
