Location: Dedata_29.png_Mean-Medain.png
Component: component_1755504602392_191.png
centerX: 0.010887096774193548
centerY: 0.38557993730407525
width: 0.04395161290322581
height: 0.029068110572812767
Area: 0.0005321569420568309
CentroidX: 0.0354
CentroidY: 0.3956
