Location: internet_1.png_Mean-Closing.png
Component: component_1755096855093_100.png
centerX: 0.5610640870616687
centerY: 0.2634730538922156
width: 0.042724707779121324
height: 0.02879954376960365
Area: 0.0005530483341487693
CentroidX: 0.5836
CentroidY: 0.2737
