Location: Dedata_29.png_Gaussian-Closing.png
Component: component_1755504603824_99.png
centerX: 0.6149193548387096
centerY: 0.19179253348532346
width: 0.0407258064516129
height: 0.02536335138216016
Area: 0.0004232204745401226
CentroidX: 0.6379
CentroidY: 0.2011
