Location: Dedata_29.png_Mean-Medain.png
Component: component_1755504602710_381.png
centerX: 0.06491935483870968
centerY: 0.7817041892277002
width: 0.03064516129032258
height: 0.02365346252493588
Area: 0.0003340488513407919
CentroidX: 0.0814
CentroidY: 0.7905
