Location: internet_1.png_Mean-Closing.png
Component: component_1755096855141_260.png
centerX: 0.0773881499395405
centerY: 0.8015397775876818
width: 0.04232164449818621
height: 0.02594810379241517
Area: 0.0005438538481280084
CentroidX: 0.1006
CentroidY: 0.8111
