Location: Dedata_29.png_Gaussian-Closing.png
Component: component_1755504603990_263.png
centerX: 0.22419354838709676
centerY: 0.5397549159304645
width: 0.042741935483870966
height: 0.030493017953833
Area: 0.00044436426148429384
CentroidX: 0.2462
CentroidY: 0.5507
