Location: internet_1.png_Gaussian-Median.png
Component: component_1755096854783_82.png
centerX: 0.422813381700927
centerY: 0.14114627887082976
width: 0.037484885126964934
height: 0.027944111776447105
Area: 0.0003558266090034476
CentroidX: 0.4431
CentroidY: 0.1511
