Location: Kurtxevani_1794_page_10.png_Mean-Medain.png
Component: component_1755610054637_615.png
centerX: 0.7352425482174167
centerY: 0.13133539003966505
width: 0.022793687901811806
height: 0.014543851917144116
Area: 0.0001617614898954449
CentroidX: 0.7471
CentroidY: 0.1367
