Location: Dedata_29.png_Otsu.png
Component: component_1755504603675_448.png
centerX: 0.38266129032258067
centerY: 0.7928184667996581
width: 0.03669354838709677
height: 0.022513536620119692
Area: 0.00029796651927302143
CentroidX: 0.4021
CentroidY: 0.8015
