Location: Dedata_29.png_Mean-Closing.png
Component: component_1755504603012_89.png
centerX: 0.12701612903225806
centerY: 0.18210316329438586
width: 0.04879032258064516
height: 0.031062980906241093
Area: 0.000497338640730288
CentroidX: 0.1537
CentroidY: 0.1923
