Location: Dedata_29.png_Gaussian-Closing.png
Component: component_1755504603811_67.png
centerX: 0.19435483870967743
centerY: 0.13764605300655458
width: 0.0375
height: 0.025078369905956112
Area: 0.00035381369565816933
CentroidX: 0.2158
CentroidY: 0.1461
