Location: Dedata_29.png_Mean-Closing.png
Component: component_1755504602978_46.png
centerX: 0.13185483870967743
centerY: 0.09546879452835566
width: 0.04233870967741935
height: 0.028783129096608722
Area: 0.0003696715358662977
CentroidX: 0.1549
CentroidY: 0.1051
