Location: Dedata_29.png_Mean-Closing.png
Component: component_1755504603091_233.png
centerX: 0.7842741935483871
centerY: 0.4915930464519806
width: 0.029838709677419355
height: 0.028498147620404674
Area: 0.00037771536785592805
CentroidX: 0.8008
CentroidY: 0.5021
