Location: Dedata_29.png_Otsu.png
Component: component_1755504603606_348.png
centerX: 0.9088709677419354
centerY: 0.5901966372185808
width: 0.025403225806451612
height: 0.0219435736677116
Area: 0.0002696981954237491
CentroidX: 0.9225
CentroidY: 0.5984
