Location: internet_1.png_Otsu.png
Component: component_1755096854537_219.png
centerX: 0.0951229343006852
centerY: 0.1157684630738523
width: 0.05723498589278517
height: 0.0290846877673225
Area: 0.0004765042380259347
CentroidX: 0.1259
CentroidY: 0.1253
