Location: Dedata_29.png_Mean-Medain.png
Component: component_1755504602678_338.png
centerX: 0.5991935483870968
centerY: 0.6927899686520376
width: 0.039112903225806454
height: 0.026503277286976348
Area: 0.000386218847387823
CentroidX: 0.6190
CentroidY: 0.7028
