Location: Dedata_29.png_Gaussian-Closing.png
Component: component_1755504603955_226.png
centerX: 0.17459677419354838
centerY: 0.457110287831291
width: 0.0407258064516129
height: 0.025648332858364205
Area: 0.0003747276588312082
CentroidX: 0.1950
CentroidY: 0.4668
