Location: Dedata_29.png_Otsu.png
Component: component_1755504603295_28.png
centerX: 0.41451612903225804
centerY: 0.050156739811912224
width: 0.0407258064516129
height: 0.026788258763180393
Area: 0.0002969323123029261
CentroidX: 0.4379
CentroidY: 0.0581
