Location: Dedata_29.png_Gaussian-Closing.png
Component: component_1755504603942_216.png
centerX: 0.4060483870967742
centerY: 0.43317184383015106
width: 0.035483870967741936
height: 0.02336848104873183
Area: 0.000376106601458002
CentroidX: 0.4252
CentroidY: 0.4423
