Location: internet_1.png_Mean-Medain.png
Component: component_1755096855230_157.png
centerX: 0.5977428456267634
centerY: 0.4023381807812946
width: 0.045949214026602174
height: 0.025092671799258625
Area: 0.0004925945885622663
CentroidX: 0.6217
CentroidY: 0.4116
