Location: internet_1.png_Otsu.png
Component: component_1755096854590_624.png
centerX: 0.762192664248287
centerY: 0.5409181636726547
width: 0.037081821846029824
height: 0.031080695751354435
Area: 0.0004985710044757609
CentroidX: 0.7816
CentroidY: 0.5521
