Location: Dedata_29.png_Gaussian-Closing.png
Component: component_1755504604014_292.png
centerX: 0.0625
centerY: 0.5927614705044172
width: 0.043548387096774194
height: 0.025648332858364205
Area: 0.00038863199698471214
CentroidX: 0.0863
CentroidY: 0.6016
