Location: Dedata_29.png_Otsu.png
Component: component_1755504603670_435.png
centerX: 0.6608870967741935
centerY: 0.7643203191792534
width: 0.04112903225806452
height: 0.023938444001139925
Area: 0.0002962428409895292
CentroidX: 0.6796
CentroidY: 0.7741
