Location: internet_1.png_Mean-Medain.png
Component: component_1755096855256_281.png
centerX: 0.14429665457476823
centerY: 0.7949814656401483
width: 0.04232164449818621
height: 0.02623324779013402
Area: 0.00051523601038839
CentroidX: 0.1667
CentroidY: 0.8048
