Location: internet_1.png_Mean-Closing.png
Component: component_1755096855070_11.png
centerX: 0.33091495364772266
centerY: 0.005988023952095809
width: 0.042724707779121324
height: 0.0290846877673225
Area: 0.0004965022451210897
CentroidX: 0.3520
CentroidY: 0.0162
