Location: Dedata_29.png_Mean-Closing.png
Component: component_1755504603114_279.png
centerX: 0.95
centerY: 0.5867768595041323
width: 0.02903225806451613
height: 0.025078369905956112
Area: 0.0003365769128232471
CentroidX: 0.9659
CentroidY: 0.5961
