Location: Dedata_29.png_Otsu.png
Component: component_1755504603307_45.png
centerX: 0.7959677419354839
centerY: 0.07836990595611286
width: 0.04153225806451613
height: 0.026788258763180393
Area: 0.0003050910561781226
CentroidX: 0.8214
CentroidY: 0.0880
