Location: Dedata_29.png_Otsu.png
Component: component_1755504603542_282.png
centerX: 0.23266129032258065
centerY: 0.45112567683100596
width: 0.04395161290322581
height: 0.024223425477343973
Area: 0.0003520900173746771
CentroidX: 0.2528
CentroidY: 0.4602
