Location: internet_1.png_Gaussian-Median.png
Component: component_1755096854810_147.png
centerX: 0.5026199113260782
centerY: 0.26803535785571714
width: 0.04070939137444579
height: 0.02879954376960365
Area: 0.0005524736787724718
CentroidX: 0.5246
CentroidY: 0.2789
