Location: Dedata_29.png_Mean-Closing.png
Component: component_1755504603120_286.png
centerX: 0.43951612903225806
centerY: 0.5950413223140496
width: 0.03669354838709677
height: 0.023083499572527786
Area: 0.0003443909210417452
CentroidX: 0.4598
CentroidY: 0.6038
