Location: Dedata_29.png_Gaussian-Closing.png
Component: component_1755504604751_397.png
centerX: 0.5919354838709677
centerY: 0.8099173553719008
width: 0.034274193548387094
height: 0.023938444001139925
Area: 0.000307734029546144
CentroidX: 0.6108
CentroidY: 0.8191
