Location: Dedata_29.png_Mean-Closing.png
Component: component_1755504603146_336.png
centerX: 0.9395161290322581
centerY: 0.7036192647477914
width: 0.03588709677419355
height: 0.022798518096323737
Area: 0.0003551926382849631
CentroidX: 0.9585
CentroidY: 0.7124
