Location: internet_1.png_Mean-Closing.png
Component: component_1755096855076_31.png
centerX: 0.10278113663845223
centerY: 0.06814941545480467
width: 0.04675534058847239
height: 0.02623324779013402
Area: 0.00043972629394289095
CentroidX: 0.1248
CentroidY: 0.0774
