Location: Dedata_29.png_Mean-Closing.png
Component: component_1755504603035_130.png
centerX: 0.07419354838709677
centerY: 0.26417782844115134
width: 0.031451612903225803
height: 0.023083499572527786
Area: 0.0003828864027064047
CentroidX: 0.0919
CentroidY: 0.2730
