Location: internet_1.png_Mean-Closing.png
Component: component_1755096855084_60.png
centerX: 0.9572752922208787
centerY: 0.15483319076133448
width: 0.030229746070133012
height: 0.030795551753635585
Area: 0.0003403109138434135
CentroidX: 0.9721
CentroidY: 0.1670
