Location: internet_1.png_Mean-Medain.png
Component: component_1755096855240_207.png
centerX: 0.916968964127368
centerY: 0.5711434274308526
width: 0.04070939137444579
height: 0.03307670373538637
Area: 0.0006212024617776597
CentroidX: 0.9393
CentroidY: 0.5839
