Location: internet_1.png_Gaussian-Median.png
Component: component_1755096854782_75.png
centerX: 0.6102378073357517
centerY: 0.12745936698032506
width: 0.03990326481257558
height: 0.0290846877673225
Area: 0.0003442185704022369
CentroidX: 0.6321
CentroidY: 0.1379
