Location: Dedata_29.png_Otsu.png
Component: component_1755504603650_389.png
centerX: 0.4491935483870968
centerY: 0.6725562838415503
width: 0.03306451612903226
height: 0.023083499572527786
Area: 0.00027475431838865956
CentroidX: 0.4661
CentroidY: 0.6805
