Location: Dedata_29.png_Gaussian-Closing.png
Component: component_1755504604042_318.png
centerX: 0.3338709677419355
centerY: 0.646053006554574
width: 0.03346774193548387
height: 0.021658592191507554
Area: 0.0003044015848647257
CentroidX: 0.3526
CentroidY: 0.6544
