Location: internet_1.png_Otsu.png
Component: component_1755096854555_573.png
centerX: 0.018540910923014912
centerY: 0.36213287710293696
width: 0.04393389762192664
height: 0.033361847733105215
Area: 0.0005767241356522286
CentroidX: 0.0414
CentroidY: 0.3740
