Location: Dedata_29.png_Gaussian-Closing.png
Component: component_1755504604672_371.png
centerX: 0.825
centerY: 0.7506412083214591
width: 0.03508064516129032
height: 0.023083499572527786
Area: 0.0003300269353459767
CentroidX: 0.8432
CentroidY: 0.7592
