Location: internet_1.png_Mean-Medain.png
Component: component_1755096855241_211.png
centerX: 0.7984683595324465
centerY: 0.5848303393213573
width: 0.04353083434099154
height: 0.027944111776447105
Area: 0.000575230031673855
CentroidX: 0.8227
CentroidY: 0.5961
