Location: Dedata_29.png_Gaussian-Closing.png
Component: component_1755504604032_310.png
centerX: 0.8709677419354839
centerY: 0.627529210601311
width: 0.03508064516129032
height: 0.025078369905956112
Area: 0.00032267257466974325
CentroidX: 0.8904
CentroidY: 0.6361
