Location: internet_1.png_Otsu.png
Component: component_1755096854537_200.png
centerX: 0.898024989923418
centerY: 0.11234673510122611
width: 0.036275695284159616
height: 0.026803535785571715
Area: 0.00024756153610898775
CentroidX: 0.9193
CentroidY: 0.1226
