Location: Samociqulo_1709_page_10.png_Gaussian-Median.png
Component: component_1755610056146_1252.png
centerX: 0.8520884520884521
centerY: 0.2825
width: 0.03144963144963145
height: 0.014375
Area: 0.00022020884520884522
CentroidX: 0.8681
CentroidY: 0.2876
