Location: Dedata_29.png_Mean-Medain.png
Component: component_1755504602350_60.png
centerX: 0.42620967741935484
centerY: 0.12852664576802508
width: 0.04112903225806452
height: 0.03220290681105728
Area: 0.0004704492595078094
CentroidX: 0.4483
CentroidY: 0.1395
