Location: Dedata_29.png_Otsu.png
Component: component_1755504603643_379.png
centerX: 0.6072580645161291
centerY: 0.6548874323168994
width: 0.03870967741935484
height: 0.0262182958107723
Area: 0.0003031375541234981
CentroidX: 0.6277
CentroidY: 0.6648
