Location: internet_1.png_Mean-Closing.png
Component: component_1755096855123_207.png
centerX: 0.9415558242644095
centerY: 0.6287425149700598
width: 0.044740024183796856
height: 0.033361847733105215
Area: 0.0006476366090873472
CentroidX: 0.9654
CentroidY: 0.6408
