Location: Dedata_29.png_Gaussian-Closing.png
Component: component_1755504603802_44.png
centerX: 0.48266129032258065
centerY: 0.08634938728982616
width: 0.041935483870967745
height: 0.025933314334568254
Area: 0.00036208735141893196
CentroidX: 0.5056
CentroidY: 0.0955
