Location: Dedata_29.png_Mean-Closing.png
Component: component_1755504602979_47.png
centerX: 0.0125
centerY: 0.09717868338557993
width: 0.045564516129032256
height: 0.028783129096608722
Area: 0.0004294257163606946
CentroidX: 0.0375
CentroidY: 0.1060
