Location: internet_1.png_Gaussian-Median.png
Component: component_1755096854770_22.png
centerX: 0.33091495364772266
centerY: 0.005988023952095809
width: 0.042724707779121324
height: 0.0290846877673225
Area: 0.00047259658146711126
CentroidX: 0.3521
CentroidY: 0.0163
