Location: Dedata_29.png_Mean-Closing.png
Component: component_1755504603159_369.png
centerX: 0.6104838709677419
centerY: 0.7700199487033342
width: 0.03346774193548387
height: 0.022798518096323737
Area: 0.00033221026117173354
CentroidX: 0.6278
CentroidY: 0.7793
