Location: internet_1.png_Gaussian-Median.png
Component: component_1755096854843_298.png
centerX: 0.7714631197097944
centerY: 0.7490732820074137
width: 0.044740024183796856
height: 0.02594810379241517
Area: 0.0005012144192067296
CentroidX: 0.7952
CentroidY: 0.7580
