Location: internet_1.png_Otsu.png
Component: component_1755096854551_552.png
centerX: 0.22168480451430875
centerY: 0.29056173367550614
width: 0.044740024183796856
height: 0.027944111776447105
Area: 0.0005540827138261049
CentroidX: 0.2463
CentroidY: 0.3007
