Location: Dedata_29.png_Mean-Medain.png
Component: component_1755504602359_97.png
centerX: 0.6745967741935484
centerY: 0.19236249643773154
width: 0.036290322580645164
height: 0.022798518096323737
Area: 0.000379209222368288
CentroidX: 0.6949
CentroidY: 0.2007
