Location: internet_1.png_Mean-Medain.png
Component: component_1755096855252_257.png
centerX: 0.3784764207980653
centerY: 0.733675506130596
width: 0.04675534058847239
height: 0.023952095808383235
Area: 0.0005139717685605354
CentroidX: 0.4036
CentroidY: 0.7427
