Location: Dedata_29.png_Mean-Medain.png
Component: component_1755504602391_188.png
centerX: 0.07822580645161291
centerY: 0.38387004844685096
width: 0.041935483870967745
height: 0.026503277286976348
Area: 0.0004373546364647588
CentroidX: 0.0996
CentroidY: 0.3932
