Location: Dedata_29.png_Gaussian-Closing.png
Component: component_1755504603821_92.png
centerX: 0.20201612903225807
centerY: 0.17725847819891707
width: 0.037096774193548385
height: 0.030493017953833
Area: 0.0004391932266338172
CentroidX: 0.2234
CentroidY: 0.1878
