Location: internet_1.png_Otsu.png
Component: component_1755096854547_514.png
centerX: 0.15517936316001613
centerY: 0.24836042201311662
width: 0.041515517936316
height: 0.02566295979469632
Area: 0.00041570569921365306
CentroidX: 0.1776
CentroidY: 0.2574
