Location: Dedata_29.png_Mean-Medain.png
Component: component_1755504602651_308.png
centerX: 0.06169354838709677
centerY: 0.6283841550299231
width: 0.03588709677419355
height: 0.026788258763180393
Area: 0.0004010424806258561
CentroidX: 0.0808
CentroidY: 0.6384
