Location: Dedata_29.png_Mean-Medain.png
Component: component_1755504602335_26.png
centerX: 0.4762096774193548
centerY: 0.049586776859504134
width: 0.04798387096774193
height: 0.029068110572812767
Area: 0.0004183941753463444
CentroidX: 0.5032
CentroidY: 0.0588
