Location: Dedata_29.png_Otsu.png
Component: component_1755504603296_29.png
centerX: 0.47701612903225804
centerY: 0.050156739811912224
width: 0.046370967741935484
height: 0.02821316614420063
Area: 0.0003014138758400059
CentroidX: 0.5030
CentroidY: 0.0590
