Location: internet_1.png_Otsu.png
Component: component_1755096854569_607.png
centerX: 0.8424022571543732
centerY: 0.48474479612204163
width: 0.041112454655380895
height: 0.02423723980610208
Area: 0.00042547484061071153
CentroidX: 0.8640
CentroidY: 0.4935
