Location: Dedata_29.png_Gaussian-Closing.png
Component: component_1755504604660_365.png
centerX: 0.5395161290322581
centerY: 0.7412368196067256
width: 0.03508064516129032
height: 0.021658592191507554
Area: 0.00032554537180889693
CentroidX: 0.5588
CentroidY: 0.7493
