Location: Dedata_29.png_Gaussian-Closing.png
Component: component_1755504604675_372.png
centerX: 0.7693548387096775
centerY: 0.7534910230834996
width: 0.038306451612903226
height: 0.024223425477343973
Area: 0.00035243475303137553
CentroidX: 0.7895
CentroidY: 0.7634
