Location: Dedata_29.png_Gaussian-Closing.png
Component: component_1755504603910_179.png
centerX: 0.864516129032258
centerY: 0.3542319749216301
width: 0.039919354838709675
height: 0.02707324023938444
Area: 0.0003979398597155701
CentroidX: 0.8841
CentroidY: 0.3645
