Location: internet_1.png_Mean-Medain.png
Component: component_1755096855246_234.png
centerX: 0.016928657799274487
centerY: 0.6586826347305389
width: 0.041515517936316
height: 0.03222127174222983
Area: 0.0006226965657560332
CentroidX: 0.0386
CentroidY: 0.6709
