Location: Dedata_29.png_Otsu.png
Component: component_1755504603304_43.png
centerX: 0.9298387096774193
centerY: 0.07722998005129666
width: 0.03790322580645161
height: 0.024223425477343973
Area: 0.0002536105314444884
CentroidX: 0.9511
CentroidY: 0.0868
