Location: Dedata_29.png_Mean-Closing.png
Component: component_1755504603044_149.png
centerX: 0.01129032258064516
centerY: 0.30407523510971785
width: 0.03306451612903226
height: 0.02821316614420063
Area: 0.000461601044319216
CentroidX: 0.0287
CentroidY: 0.3146
