Location: Dedata_29.png_Mean-Medain.png
Component: component_1755504602600_261.png
centerX: 0.22379032258064516
centerY: 0.5394699344542605
width: 0.04314516129032258
height: 0.030777999430037048
Area: 0.00045884315906562846
CentroidX: 0.2460
CentroidY: 0.5504
