Location: Dedata_29.png_Mean-Closing.png
Component: component_1755504603056_169.png
centerX: 0.5141129032258065
centerY: 0.3451125676831006
width: 0.03064516129032258
height: 0.02336848104873183
Area: 0.00035806543542411676
CentroidX: 0.5304
CentroidY: 0.3537
