Location: Dedata_29.png_Gaussian-Closing.png
Component: component_1755504603794_28.png
centerX: 0.4762096774193548
centerY: 0.04987175833570818
width: 0.04758064516129032
height: 0.028783129096608722
Area: 0.0003983995072578347
CentroidX: 0.5033
CentroidY: 0.0589
