Location: internet_1.png_Mean-Medain.png
Component: component_1755096855219_99.png
centerX: 0.5324465941152761
centerY: 0.22127174222982607
width: 0.03909713825070536
height: 0.02765896777872826
Area: 0.0004963873140458302
CentroidX: 0.5545
CentroidY: 0.2316
