Location: Dedata_29.png_Otsu.png
Component: component_1755504603396_138.png
centerX: 0.660483870967742
centerY: 0.15588486748361358
width: 0.036290322580645164
height: 0.027358221715588486
Area: 0.0004131082286103016
CentroidX: 0.6766
CentroidY: 0.1685
