Location: internet_1.png_Otsu.png
Component: component_1755096854620_648.png
centerX: 0.4925433293027005
centerY: 0.6161961790704306
width: 0.044740024183796856
height: 0.02737382378100941
Area: 0.000550060126192022
CentroidX: 0.5168
CentroidY: 0.6267
