Location: internet_1.png_Otsu.png
Component: component_1755096854538_276.png
centerX: 0.5465538089480049
centerY: 0.13487311092101512
width: 0.03506650544135429
height: 0.025092671799258625
Area: 0.00024170005127075266
CentroidX: 0.5664
CentroidY: 0.1433
