Location: Dedata_29.png_Otsu.png
Component: component_1755504603659_411.png
centerX: 0.3387096774193548
centerY: 0.719293245939014
width: 0.03225806451612903
height: 0.027643203191792535
Area: 0.0003064699988049164
CentroidX: 0.3567
CentroidY: 0.7298
