Location: Dedata_29.png_Otsu.png
Component: component_1755504603516_243.png
centerX: 0.75
centerY: 0.359646622969507
width: 0.04153225806451613
height: 0.028498147620404674
Area: 0.00039276882486509343
CentroidX: 0.7714
CentroidY: 0.3705
