Location: internet_1.png_Mean-Closing.png
Component: component_1755096855138_250.png
centerX: 0.07013301088270858
centerY: 0.757912745936698
width: 0.042724707779121324
height: 0.02737382378100941
Area: 0.0005475316425363128
CentroidX: 0.0941
CentroidY: 0.7684
