Location: Dedata_29.png_Gaussian-Closing.png
Component: component_1755504603951_223.png
centerX: 0.23266129032258065
centerY: 0.4508406953548019
width: 0.04435483870967742
height: 0.025078369905956112
Area: 0.00039587144577537945
CentroidX: 0.2532
CentroidY: 0.4606
