Location: internet_1.png_Otsu.png
Component: component_1755096854549_534.png
centerX: 0.9161628375654978
centerY: 0.27516395779868835
width: 0.044740024183796856
height: 0.02737382378100941
Area: 0.0005055818000665911
CentroidX: 0.9408
CentroidY: 0.2849
