Location: internet_1.png_Gaussian-Median.png
Component: component_1755096854842_294.png
centerX: 0.32043530834340994
centerY: 0.7393783860849729
width: 0.04232164449818621
height: 0.027088679783290562
Area: 0.0005202929776998086
CentroidX: 0.3438
CentroidY: 0.7501
