Location: Samociqulo_1709_page_10.png_Gaussian-Median.png
Component: component_1755610056281_2945.png
centerX: 0.7798525798525798
centerY: 0.7275
width: 0.028992628992628992
height: 0.015
Area: 0.0001894963144963145
CentroidX: 0.7943
CentroidY: 0.7327
