Location: Dedata_29.png_Otsu.png
Component: component_1755504603643_378.png
centerX: 0.275
centerY: 0.6520376175548589
width: 0.04112903225806452
height: 0.020518666286691366
Area: 0.00027682273232885026
CentroidX: 0.2955
CentroidY: 0.6600
