Location: Dedata_29.png_Gaussian-Closing.png
Component: component_1755504604652_359.png
centerX: 0.22620967741935483
centerY: 0.7298375605585637
width: 0.041935483870967745
height: 0.02108862923909946
Area: 0.0003408286525891946
CentroidX: 0.2486
CentroidY: 0.7377
