Location: internet_1.png_Otsu.png
Component: component_1755096854535_99.png
centerX: 0.8291011688835147
centerY: 0.08126603934987169
width: 0.032245062474808545
height: 0.02281151981750784
Area: 0.00027514499417127054
CentroidX: 0.8451
CentroidY: 0.0892
