Location: Dedata_29.png_Gaussian-Closing.png
Component: component_1755504603903_167.png
centerX: 0.24193548387096775
centerY: 0.32772869763465373
width: 0.044758064516129036
height: 0.02792818466799658
Area: 0.00042873624504729776
CentroidX: 0.2640
CentroidY: 0.3382
