Location: internet_1.png_Gaussian-Median.png
Component: component_1755096854829_229.png
centerX: 0.8202337767029424
centerY: 0.5329341317365269
width: 0.044740024183796856
height: 0.025092671799258625
Area: 0.0005220169438287012
CentroidX: 0.8454
CentroidY: 0.5423
