Location: Dedata_29.png_Otsu.png
Component: component_1755504603656_406.png
centerX: 0.014112903225806451
centerY: 0.7098888572242804
width: 0.031451612903225803
height: 0.024793388429752067
Area: 0.0002776271155278133
CentroidX: 0.0306
CentroidY: 0.7181
