Location: internet_1.png_Mean-Closing.png
Component: component_1755096855091_90.png
centerX: 0.9121322047561468
centerY: 0.2358140861134873
width: 0.03869407496977025
height: 0.025377815796977475
Area: 0.0004922497953364877
CentroidX: 0.9325
CentroidY: 0.2452
