Location: Dedata_29.png_Otsu.png
Component: component_1755504603310_56.png
centerX: 0.4830645161290323
centerY: 0.08663436876603021
width: 0.04112903225806452
height: 0.024793388429752067
Area: 0.00025579385727024517
CentroidX: 0.5050
CentroidY: 0.0952
