Location: Dedata_29.png_Mean-Medain.png
Component: component_1755504602362_107.png
centerX: 0.8330645161290322
centerY: 0.2140210886292391
width: 0.034274193548387094
height: 0.026503277286976348
Area: 0.00038656358304452144
CentroidX: 0.8508
CentroidY: 0.2237
