Location: internet_1.png_Gaussian-Median.png
Component: component_1755096854803_111.png
centerX: 0.3978234582829504
centerY: 0.19047619047619047
width: 0.04312777106005643
height: 0.03279155973766752
Area: 0.0004635170265216099
CentroidX: 0.4200
CentroidY: 0.2019
