Location: Dedata_29.png_Mean-Medain.png
Component: component_1755504602617_272.png
centerX: 0.842741935483871
centerY: 0.5574237674551155
width: 0.03185483870967742
height: 0.024793388429752067
Area: 0.0003326699087139981
CentroidX: 0.8598
CentroidY: 0.5665
