Location: Dedata_29.png_Gaussian-Closing.png
Component: component_1755504604062_327.png
centerX: 0.5020161290322581
centerY: 0.6660017098888572
width: 0.03306451612903226
height: 0.02336848104873183
Area: 0.0003084235008595409
CentroidX: 0.5194
CentroidY: 0.6745
