Location: internet_1.png_Mean-Closing.png
Component: component_1755096855075_28.png
centerX: 0.3373639661426844
centerY: 0.05332192757342458
width: 0.04675534058847239
height: 0.029940119760479042
Area: 0.00051523601038839
CentroidX: 0.3607
CentroidY: 0.0636
