Location: Dedata_29.png_Mean-Closing.png
Component: component_1755504603053_164.png
centerX: 0.6108870967741935
centerY: 0.33371330863493875
width: 0.034274193548387094
height: 0.024223425477343973
Area: 0.000390125851497072
CentroidX: 0.6293
CentroidY: 0.3433
