Location: internet_1.png_Mean-Closing.png
Component: component_1755096855075_27.png
centerX: 0.4244256348246675
centerY: 0.05075563159395495
width: 0.04554615074566707
height: 0.02623324779013402
Area: 0.0004619079914679767
CentroidX: 0.4465
CentroidY: 0.0609
