Location: Dedata_29.png_Otsu.png
Component: component_1755504603659_412.png
centerX: 0.7532258064516129
centerY: 0.719578227415218
width: 0.03387096774193549
height: 0.021373610715303505
Area: 0.00028141920775149617
CentroidX: 0.7708
CentroidY: 0.7282
