Location: internet_1.png_Mean-Closing.png
Component: component_1755096855083_54.png
centerX: 0.4844820636839984
centerY: 0.13743940690048476
width: 0.03667875856509472
height: 0.027944111776447105
Area: 0.00035950440341175194
CentroidX: 0.5041
CentroidY: 0.1478
