Location: Dedata_29.png_Mean-Closing.png
Component: component_1755504603074_205.png
centerX: 0.0657258064516129
centerY: 0.4280421772584782
width: 0.039919354838709675
height: 0.0262182958107723
Area: 0.00044804144182241057
CentroidX: 0.0860
CentroidY: 0.4391
