Location: Dedata_29.png_Gaussian-Closing.png
Component: component_1755504603937_209.png
centerX: 0.5713709677419355
centerY: 0.41664291821031635
width: 0.037096774193548385
height: 0.026503277286976348
Area: 0.0004131082286103016
CentroidX: 0.5906
CentroidY: 0.4274
