Location: Paraklitoni_1720_page_10.png_Mean-Medain.png
Component: component_1755610055308_1014.png
centerX: 0.3330792682926829
centerY: 0.3649122807017544
width: 0.026676829268292682
height: 0.012531328320802004
Area: 0.00014747233938504798
CentroidX: 0.3456
CentroidY: 0.3692
