Location: Dedata_29.png_Gaussian-Closing.png
Component: component_1755504603811_69.png
centerX: 0.010483870967741936
centerY: 0.13878597891137076
width: 0.03790322580645161
height: 0.03220290681105728
Area: 0.0003919644416661304
CentroidX: 0.0320
CentroidY: 0.1497
