Location: Dedata_29.png_Gaussian-Closing.png
Component: component_1755504603795_30.png
centerX: 0.3032258064516129
centerY: 0.05272157309774864
width: 0.04435483870967742
height: 0.028783129096608722
Area: 0.00037955395802498647
CentroidX: 0.3283
CentroidY: 0.0614
