Location: Dedata_29.png_Otsu.png
Component: component_1755504603523_258.png
centerX: 0.3943548387096774
centerY: 0.3927044742091764
width: 0.03870967741935484
height: 0.025078369905956112
Area: 0.00033542779396758565
CentroidX: 0.4144
CentroidY: 0.4018
