Location: Dedata_29.png_Otsu.png
Component: component_1755504603612_358.png
centerX: 0.2701612903225806
centerY: 0.6104303220290681
width: 0.039919354838709675
height: 0.024223425477343973
Area: 0.00030957261971520237
CentroidX: 0.2920
CentroidY: 0.6189
