Location: Dedata_29.png_Mean-Closing.png
Component: component_1755504603032_126.png
centerX: 0.1786290322580645
centerY: 0.2567683100598461
width: 0.041935483870967745
height: 0.02821316614420063
Area: 0.00044103181680287554
CentroidX: 0.2018
CentroidY: 0.2662
