Location: Dedata_29.png_Mean-Medain.png
Component: component_1755504602361_105.png
centerX: 0.8806451612903226
centerY: 0.20889142205756625
width: 0.0375
height: 0.028498147620404674
Area: 0.0004039152777650098
CentroidX: 0.9011
CentroidY: 0.2187
