Location: Dedata_29.png_Gaussian-Closing.png
Component: component_1755504603812_72.png
centerX: 0.9145161290322581
centerY: 0.14049586776859505
width: 0.03588709677419355
height: 0.02821316614420063
Area: 0.0004360906057235312
CentroidX: 0.9338
CentroidY: 0.1502
