Location: Dedata_29.png_Gaussian-Closing.png
Component: component_1755504603871_154.png
centerX: 0.05887096774193548
centerY: 0.30094043887147337
width: 0.03467741935483871
height: 0.028498147620404674
Area: 0.00041414243558039694
CentroidX: 0.0787
CentroidY: 0.3112
