Location: Dedata_29.png_Otsu.png
Component: component_1755504603534_272.png
centerX: 0.4620967741935484
centerY: 0.4286121402108863
width: 0.04112903225806452
height: 0.024793388429752067
Area: 0.0003619724395333658
CentroidX: 0.4820
CentroidY: 0.4380
