Location: internet_1.png_Otsu.png
Component: component_1755096854554_567.png
centerX: 0.22692462716646514
centerY: 0.34302822925577414
width: 0.04433696090286175
height: 0.02423723980610208
Area: 0.0004460475030821641
CentroidX: 0.2488
CentroidY: 0.3517
