Location: internet_1.png_Gaussian-Median.png
Component: component_1755096854778_56.png
centerX: 0.5243853284965739
centerY: 0.09238665526090675
width: 0.04554615074566707
height: 0.02765896777872826
Area: 0.00040467231598873997
CentroidX: 0.5470
CentroidY: 0.1021
