Location: internet_1.png_Gaussian-Median.png
Component: component_1755096854820_183.png
centerX: 0.8694074969770254
centerY: 0.37154262902765894
width: 0.04393389762192664
height: 0.02879954376960365
Area: 0.0004777684798537893
CentroidX: 0.8936
CentroidY: 0.3826
