Location: internet_1.png_Otsu.png
Component: component_1755096854619_644.png
centerX: 0.6138653768641676
centerY: 0.6045052751639578
width: 0.037081821846029824
height: 0.02737382378100941
Area: 0.00046960837351036396
CentroidX: 0.6330
CentroidY: 0.6152
