Location: Dedata_29.png_Gaussian-Closing.png
Component: component_1755504604752_398.png
centerX: 0.1717741935483871
centerY: 0.8121972071815332
width: 0.03225806451612903
height: 0.01909375890567113
Area: 0.00028291306226385605
CentroidX: 0.1889
CentroidY: 0.8190
