Location: internet_1.png_Gaussian-Median.png
Component: component_1755096854804_114.png
centerX: 0.909310761789601
centerY: 0.19788993441688052
width: 0.0354695687222894
height: 0.02480752780153978
Area: 0.0004519089879203992
CentroidX: 0.9272
CentroidY: 0.2072
