Location: Dedata_29.png_Otsu.png
Component: component_1755504603434_158.png
centerX: 0.06693548387096775
centerY: 0.1835280706754061
width: 0.039919354838709675
height: 0.032487888287261325
Area: 0.00035875490673751366
CentroidX: 0.0871
CentroidY: 0.1945
