Location: Dedata_29.png_Otsu.png
Component: component_1755504603512_235.png
centerX: 0.010483870967741936
centerY: 0.3451125676831006
width: 0.039112903225806454
height: 0.02707324023938444
Area: 0.0003875977900146168
CentroidX: 0.0317
CentroidY: 0.3550
