Location: Dedata_29.png_Gaussian-Closing.png
Component: component_1755504603946_220.png
centerX: 0.8008064516129032
centerY: 0.44371615844970075
width: 0.037096774193548385
height: 0.02792818466799658
Area: 0.00038863199698471214
CentroidX: 0.8214
CentroidY: 0.4526
