Location: Dedata_29.png_Mean-Closing.png
Component: component_1755504603104_257.png
centerX: 0.5637096774193548
centerY: 0.5420347677400968
width: 0.03346774193548387
height: 0.024793388429752067
Area: 0.00039276882486509343
CentroidX: 0.5819
CentroidY: 0.5518
