Location: Dedata_29.png_Otsu.png
Component: component_1755504603522_253.png
centerX: 0.07862903225806452
centerY: 0.384155029923055
width: 0.04153225806451613
height: 0.0262182958107723
Area: 0.0003750723944879067
CentroidX: 0.0995
CentroidY: 0.3932
