Location: internet_1.png_Otsu.png
Component: component_1755096854672_687.png
centerX: 0.8242644095122934
centerY: 0.7433704020530368
width: 0.03788794840790004
height: 0.024522383803820928
Area: 0.00045926457673700795
CentroidX: 0.8443
CentroidY: 0.7526
