Location: Dedata_29.png_Mean-Medain.png
Component: component_1755504602643_304.png
centerX: 0.9209677419354839
centerY: 0.6215445996010259
width: 0.038306451612903226
height: 0.03163294385864919
Area: 0.0006109864955552083
CentroidX: 0.9406
CentroidY: 0.6366
