Location: Dedata_29.png_Mean-Medain.png
Component: component_1755504602641_301.png
centerX: 0.603225806451613
centerY: 0.6161299515531491
width: 0.037096774193548385
height: 0.024508406953548018
Area: 0.0003625469989611966
CentroidX: 0.6243
CentroidY: 0.6253
