Location: internet_1.png_Gaussian-Median.png
Component: component_1755096854779_58.png
centerX: 0.44095122934300685
centerY: 0.0949529512403764
width: 0.04796453043127771
height: 0.029654975762760195
Area: 0.00041145324942905114
CentroidX: 0.4654
CentroidY: 0.1048
