Location: Dedata_29.png_Gaussian-Closing.png
Component: component_1755504604392_350.png
centerX: 0.014112903225806451
centerY: 0.7096038757480764
width: 0.03185483870967742
height: 0.02536335138216016
Area: 0.0003132498000533191
CentroidX: 0.0307
CentroidY: 0.7183
