Location: Dedata_29.png_Mean-Closing.png
Component: component_1755504603073_201.png
centerX: 0.17540322580645162
centerY: 0.4157879737817042
width: 0.0407258064516129
height: 0.022798518096323737
Area: 0.00041253366918247086
CentroidX: 0.1981
CentroidY: 0.4244
