Location: Dedata_29.png_Otsu.png
Component: component_1755504603610_352.png
centerX: 0.4399193548387097
centerY: 0.5950413223140496
width: 0.036290322580645164
height: 0.022798518096323737
Area: 0.0002868200663731051
CentroidX: 0.4599
CentroidY: 0.6037
