Location: internet_1.png_Mean-Closing.png
Component: component_1755096855128_219.png
centerX: 0.5844417573559049
centerY: 0.6621043627031651
width: 0.04393389762192664
height: 0.029654975762760195
Area: 0.000545118089955863
CentroidX: 0.6084
CentroidY: 0.6726
