Location: Dedata_29.png_Mean-Closing.png
Component: component_1755504603108_264.png
centerX: 0.4629032258064516
centerY: 0.554858934169279
width: 0.03467741935483871
height: 0.026788258763180393
Area: 0.00045884315906562846
CentroidX: 0.4796
CentroidY: 0.5665
