Location: Dedata_29.png_Otsu.png
Component: component_1755504603677_454.png
centerX: 0.21895161290322582
centerY: 0.8082074665146766
width: 0.03467741935483871
height: 0.02108862923909946
Area: 0.000271192049936109
CentroidX: 0.2356
CentroidY: 0.8161
