Location: internet_1.png_Mean-Medain.png
Component: component_1755096855229_153.png
centerX: 0.731962918178154
centerY: 0.3852295409181637
width: 0.04554615074566707
height: 0.029369831765041345
Area: 0.0005405208469454826
CentroidX: 0.7578
CentroidY: 0.3962
