Location: Dedata_29.png_Otsu.png
Component: component_1755504603473_188.png
centerX: 0.8181451612903226
centerY: 0.24907381020233685
width: 0.03870967741935484
height: 0.029068110572812767
Area: 0.0003809329006517802
CentroidX: 0.8381
CentroidY: 0.2599
