Location: Dedata_29.png_Gaussian-Closing.png
Component: component_1755504603916_185.png
centerX: 0.2439516129032258
centerY: 0.3664861783984041
width: 0.04153225806451613
height: 0.027358221715588486
Area: 0.00042609327167927635
CentroidX: 0.2648
CentroidY: 0.3771
