Location: Dedata_13.png_Otsu.png
Component: component_1755520268618_523.png
centerX: 0.23709677419354838
centerY: 0.585351952123112
width: 0.043548387096774194
height: 0.029353092049016812
Area: 0.000492627253422076
CentroidX: 0.2610
CentroidY: 0.5957
