Location: internet_22.png_Gaussian-Closing.png
Component: component_1755082124115_36.png
centerX: 0.7738814993954051
centerY: 0.1442828628457371
width: 0.06569931479242241
height: 0.05075563159395495
Area: 0.0008519840608987587
CentroidX: 0.8112
CentroidY: 0.1726
