Location: Dedata_13.png_Mean-Medain.png
Component: component_1755520268931_95.png
centerX: 0.2794354838709677
centerY: 0.27158734682245655
width: 0.041935483870967745
height: 0.02108862923909946
Area: 0.00032037433695842027
CentroidX: 0.3021
CentroidY: 0.2800
