Location: internet_22.png_Gaussian-Closing.png
Component: component_1755082124131_94.png
centerX: 0.30995566303909716
centerY: 0.46849158825206727
width: 0.06166868198307134
height: 0.05731394354148845
Area: 0.0007804969320873425
CentroidX: 0.3481
CentroidY: 0.5023
