Location: Dedata_13.png_Gaussian-Median.png
Component: component_1755520268710_59.png
centerX: 0.4495967741935484
centerY: 0.15075520091194072
width: 0.03306451612903226
height: 0.030493017953833
Area: 0.0003022182590389689
CentroidX: 0.4689
CentroidY: 0.1629
