Location: internet_22.png_Gaussian-Median.png
Component: component_1755082124045_199.png
centerX: 0.025796049979846837
centerY: 0.9039064727687482
width: 0.049979846835953246
height: 0.05588822355289421
Area: 0.0007533731983260978
CentroidX: 0.0549
CentroidY: 0.9307
