Location: Dedata_13.png_Mean-Medain.png
Component: component_1755520268911_2.png
centerX: 0.02056451612903226
centerY: 0.00883442576232545
width: 0.046370967741935484
height: 0.04132231404958678
Area: 0.0004984877595859495
CentroidX: 0.0457
CentroidY: 0.0252
