Location: Dedata_13.png_Mean-Medain.png
Component: component_1755520268925_66.png
centerX: 0.01532258064516129
centerY: 0.17269877457965233
width: 0.03467741935483871
height: 0.026503277286976348
Area: 0.0002775122036422471
CentroidX: 0.0353
CentroidY: 0.1823
