Location: internet_22.png_Mean-Medain.png
Component: component_1755082123761_42.png
centerX: 0.3732365981459089
centerY: 0.15226689478186484
width: 0.06368399838774688
height: 0.05218135158254919
Area: 0.0009612835134705541
CentroidX: 0.4079
CentroidY: 0.1821
