Location: Paraklitoni_1720_page_10.png_Mean-Medain.png
Component: component_1755610055345_1423.png
centerX: 0.5594512195121951
centerY: 0.5117794486215539
width: 0.019054878048780487
height: 0.012531328320802004
Area: 0.00013792102206736353
CentroidX: 0.5695
CentroidY: 0.5161
