Location: Dedata_13.png_Otsu.png
Component: component_1755520268435_107.png
centerX: 0.40524193548387094
centerY: 0.20775149615275007
width: 0.032661290322580645
height: 0.02365346252493588
Area: 0.00020822033664585996
CentroidX: 0.4231
CentroidY: 0.2185
