Location: Dedata_13.png_Gaussian-Median.png
Component: component_1755520268750_235.png
centerX: 0.5423387096774194
centerY: 0.7956682815616984
width: 0.04395161290322581
height: 0.026503277286976348
Area: 0.00046309489883157595
CentroidX: 0.5662
CentroidY: 0.8058
