Location: Kurtxevani_1794_page_10.png_Mean-Medain.png
Component: component_1755610054907_1269.png
centerX: 0.7814143775569842
centerY: 0.3609519612163949
width: 0.02162478082992402
height: 0.013662406346408109
Area: 0.00018082255717611834
CentroidX: 0.7927
CentroidY: 0.3663
