Location: Dedata_13.png_Mean-Medain.png
Component: component_1755520268933_103.png
centerX: 0.5919354838709677
centerY: 0.29780564263322884
width: 0.044758064516129036
height: 0.02536335138216016
Area: 0.0003756469539157374
CentroidX: 0.6159
CentroidY: 0.3096
