Location: Dedata_13.png_Otsu.png
Component: component_1755520268416_11.png
centerX: 0.5725806451612904
centerY: 0.013394129381590196
width: 0.035483870967741936
height: 0.024223425477343973
Area: 0.00023005359490342806
CentroidX: 0.5929
CentroidY: 0.0224
