Location: internet_23.png_Mean-Medain.png
Component: component_1755081841386_23.png
centerX: 0.5461507456670698
centerY: 0.06159110350727117
width: 0.060459492140266025
height: 0.04562303963501568
Area: 0.0007332602601556834
CentroidX: 0.5807
CentroidY: 0.0847
