Location: internet_22.png_Gaussian-Median.png
Component: component_1755082124031_145.png
centerX: 0.02418379685610641
centerY: 0.6290276589677787
width: 0.05038291011688835
height: 0.058454519532363844
Area: 0.000814976254665196
CentroidX: 0.0538
CentroidY: 0.6612
