Location: Dedata_13.png_Mean-Medain.png
Component: component_1755520268925_67.png
centerX: 0.9370967741935484
centerY: 0.17697349672271304
width: 0.0407258064516129
height: 0.03163294385864919
Area: 0.00030233317092453506
CentroidX: 0.9609
CentroidY: 0.1924
