Location: Dedata_13.png_Mean-Closing.png
Component: component_1755520268816_39.png
centerX: 0.6495967741935483
centerY: 0.10401823881447705
width: 0.035483870967741936
height: 0.030493017953833
Area: 0.0003148585664512452
CentroidX: 0.6697
CentroidY: 0.1146
