Location: internet_22.png_Gaussian-Closing.png
Component: component_1755082124113_29.png
centerX: 0.3059250302297461
centerY: 0.09894496720844026
width: 0.0709391374445788
height: 0.05075563159395495
Area: 0.0009454230250847416
CentroidX: 0.3464
CentroidY: 0.1273
