Location: Dedata_13.png_Mean-Medain.png
Component: component_1755520268919_39.png
centerX: 0.5229838709677419
centerY: 0.10401823881447705
width: 0.03870967741935484
height: 0.027643203191792535
Area: 0.000317041892277002
CentroidX: 0.5447
CentroidY: 0.1153
