Location: Dedata_13.png_Otsu.png
Component: component_1755520268430_84.png
centerX: 0.5846774193548387
centerY: 0.14990025648332858
width: 0.03064516129032258
height: 0.023938444001139925
Area: 0.00021270190018293973
CentroidX: 0.6017
CentroidY: 0.1592
