Location: internet_22.png_Mean-Medain.png
Component: component_1755082123819_144.png
centerX: 0.5493752519145506
centerY: 0.7462218420302252
width: 0.04836759371221282
height: 0.04733390362132877
Area: 0.0006924597284385567
CentroidX: 0.5764
CentroidY: 0.7727
