Location: internet_22.png_Gaussian-Median.png
Component: component_1755082124014_74.png
centerX: 0.015316404675534058
centerY: 0.2951240376390077
width: 0.058444175735590485
height: 0.04847447961220416
Area: 0.000840146160147029
CentroidX: 0.0496
CentroidY: 0.3238
