Location: Dedata_13.png_Mean-Medain.png
Component: component_1755520268959_214.png
centerX: 0.6830645161290323
centerY: 0.7429467084639498
width: 0.04314516129032258
height: 0.02821316614420063
Area: 0.0005793857270245176
CentroidX: 0.7062
CentroidY: 0.7544
