Location: internet_22.png_Gaussian-Median.png
Component: component_1755082124001_23.png
centerX: 0.18984280532043532
centerY: 0.05189620758483034
width: 0.062071745264006446
height: 0.04704875962360992
Area: 0.0008007248013330166
CentroidX: 0.2249
CentroidY: 0.0765
