Location: internet_22.png_Gaussian-Closing.png
Component: component_1755082124132_101.png
centerX: 0.7565497783151954
centerY: 0.5135443398916453
width: 0.053204353083434096
height: 0.05788423153692615
Area: 0.0008081953212248848
CentroidX: 0.7892
CentroidY: 0.5460
