Location: internet_23.png_Mean-Medain.png
Component: component_1755081841384_14.png
centerX: 0.3615477629987908
centerY: 0.012261191901910464
width: 0.05078597339782346
height: 0.047619047619047616
Area: 0.0007929094882153698
CentroidX: 0.3901
CentroidY: 0.0361
