Location: Dedata_13.png_Mean-Closing.png
Component: component_1755520268813_22.png
centerX: 0.6334677419354838
centerY: 0.05528640638358507
width: 0.037096774193548385
height: 0.0262182958107723
Area: 0.000337266384136644
CentroidX: 0.6524
CentroidY: 0.0651
