Location: internet_22.png_Gaussian-Closing.png
Component: component_1755082124128_84.png
centerX: 0.4030632809351068
centerY: 0.39577986883376104
width: 0.07013301088270858
height: 0.055603079555175364
Area: 0.0009193336710008324
CentroidX: 0.4396
CentroidY: 0.4305
