Location: internet_23.png_Mean-Closing.png
Component: component_1755081841455_22.png
centerX: 0.7239016525594518
centerY: 0.06700883946392928
width: 0.06166868198307134
height: 0.04020530367835757
Area: 0.0006306268099489395
CentroidX: 0.7576
CentroidY: 0.0888
