Location: internet_22.png_Mean-Closing.png
Component: component_1755082123897_27.png
centerX: 0.494155582426441
centerY: 0.0926717992586256
width: 0.06771463119709795
height: 0.04961505560307956
Area: 0.0009074957702491028
CentroidX: 0.5292
CentroidY: 0.1211
