Location: Dedata_13.png_Otsu.png
Component: component_1755520268439_132.png
centerX: 0.21370967741935484
centerY: 0.27158734682245655
width: 0.035483870967741936
height: 0.025648332858364205
Area: 0.00019167302512433467
CentroidX: 0.2330
CentroidY: 0.2830
