Location: internet_22.png_Gaussian-Median.png
Component: component_1755082124018_97.png
centerX: 0.7239016525594518
centerY: 0.3912175648702595
width: 0.06529625151148731
height: 0.05474764756201882
Area: 0.0009208277749792061
CentroidX: 0.7625
CentroidY: 0.4234
