Location: internet_23.png_Gaussian-Closing.png
Component: component_1755081841686_71.png
centerX: 0.39298669891172916
centerY: 0.33704020530367834
width: 0.06449012494961709
height: 0.06159110350727117
Area: 0.0005728164790934053
CentroidX: 0.4295
CentroidY: 0.3675
