Location: Dedata_13.png_Gaussian-Median.png
Component: component_1755520268751_241.png
centerX: 0.028225806451612902
centerY: 0.8139070960387574
width: 0.03870967741935484
height: 0.029353092049016812
Area: 0.000484928157089144
CentroidX: 0.0505
CentroidY: 0.8248
