Location: internet_22.png_Mean-Closing.png
Component: component_1755082123927_107.png
centerX: 0.09875050382910117
centerY: 0.5528942115768463
width: 0.05602579604997985
height: 0.05873966353008269
Area: 0.0008038279403650234
CentroidX: 0.1325
CentroidY: 0.5841
