Location: Dedata_13.png_Otsu.png
Component: component_1755520268415_7.png
centerX: 0.6983870967741935
centerY: 0.011684240524365916
width: 0.038306451612903226
height: 0.02536335138216016
Area: 0.00022166502725709926
CentroidX: 0.7191
CentroidY: 0.0216
