Location: Dedata_13.png_Otsu.png
Component: component_1755520268643_585.png
centerX: 0.5125
centerY: 0.8458250213736107
width: 0.037096774193548385
height: 0.03733257338273012
Area: 0.00040931613638661875
CentroidX: 0.5330
CentroidY: 0.8603
