Location: Dedata_13.png_Mean-Closing.png
Component: component_1755520268860_225.png
centerX: 0.6112903225806452
centerY: 0.7911085779424337
width: 0.039919354838709675
height: 0.028498147620404674
Area: 0.0004288511569328639
CentroidX: 0.6338
CentroidY: 0.8027
