Location: Dedata_13.png_Mean-Closing.png
Component: component_1755520268842_140.png
centerX: 0.8205645161290323
centerY: 0.4508406953548019
width: 0.04596774193548387
height: 0.03362781419207751
Area: 0.00036369611781685804
CentroidX: 0.8462
CentroidY: 0.4653
