Location: internet_23.png_Mean-Medain.png
Component: component_1755081841396_60.png
centerX: 0.6376461104393389
centerY: 0.21899059024807527
width: 0.06972994760177348
height: 0.05674365554605076
Area: 0.0006755648603754085
CentroidX: 0.6743
CentroidY: 0.2489
