Location: Dedata_13.png_Mean-Closing.png
Component: component_1755520268816_38.png
centerX: 0.5229838709677419
centerY: 0.10401823881447705
width: 0.03870967741935484
height: 0.027643203191792535
Area: 0.0003179611873615312
CentroidX: 0.5448
CentroidY: 0.1153
