Location: Dedata_13.png_Gaussian-Median.png
Component: component_1755520268731_143.png
centerX: 0.8927419354838709
centerY: 0.44742091764035335
width: 0.046370967741935484
height: 0.03277286976346538
Area: 0.00036737329815497477
CentroidX: 0.9176
CentroidY: 0.4614
