Location: internet_22.png_Mean-Closing.png
Component: component_1755082123939_159.png
centerX: 0.5638855300282144
centerY: 0.8756772169945822
width: 0.054816606207174524
height: 0.05132591958939264
Area: 0.0006948732810190065
CentroidX: 0.5953
CentroidY: 0.9020
