Location: internet_23.png_Mean-Medain.png
Component: component_1755081841391_36.png
centerX: 0.8274889157597742
centerY: 0.11206159110350727
width: 0.06852075775896815
height: 0.04733390362132877
Area: 0.0006863683814498027
CentroidX: 0.8640
CentroidY: 0.1359
