Location: Dedata_13.png_Gaussian-Median.png
Component: component_1755520268739_187.png
centerX: 0.7645161290322581
centerY: 0.6184098033627814
width: 0.04717741935483871
height: 0.03334283271587347
Area: 0.000575823458571967
CentroidX: 0.7896
CentroidY: 0.6333
