Location: Dedata_13.png_Otsu.png
Component: component_1755520268623_532.png
centerX: 0.6104838709677419
centerY: 0.627814192077515
width: 0.046370967741935484
height: 0.03334283271587347
Area: 0.0005811094053080098
CentroidX: 0.6354
CentroidY: 0.6412
