Location: Dedata_13.png_Mean-Closing.png
Component: component_1755520268852_187.png
centerX: 0.4592741935483871
centerY: 0.6340837845540039
width: 0.04798387096774193
height: 0.031917925334853235
Area: 0.0006325899300416441
CentroidX: 0.4854
CentroidY: 0.6474
