Location: internet_22.png_Mean-Medain.png
Component: component_1755082123780_76.png
centerX: 0.19588875453446192
centerY: 0.3438836612489307
width: 0.060459492140266025
height: 0.05075563159395495
Area: 0.0009171499805709017
CentroidX: 0.2312
CentroidY: 0.3746
