Location: Dedata_13.png_Otsu.png
Component: component_1755520268430_83.png
centerX: 0.6463709677419355
centerY: 0.14733542319749215
width: 0.03508064516129032
height: 0.024793388429752067
Area: 0.00023085797810239107
CentroidX: 0.6661
CentroidY: 0.1575
