Location: Dedata_13.png_Mean-Medain.png
Component: component_1755520268963_231.png
centerX: 0.5419354838709678
centerY: 0.7953833000854944
width: 0.044758064516129036
height: 0.026788258763180393
Area: 0.0005099789481425643
CentroidX: 0.5663
CentroidY: 0.8057
