Location: internet_22.png_Gaussian-Closing.png
Component: component_1755082124147_155.png
centerX: 0.022974607013301087
centerY: 0.8346164813230682
width: 0.049979846835953246
height: 0.05360707157114343
Area: 0.0007223418080060297
CentroidX: 0.0545
CentroidY: 0.8625
