Location: internet_22.png_Gaussian-Closing.png
Component: component_1755082124110_18.png
centerX: 0.2724707779121322
centerY: 0.04875962360992301
width: 0.058847239016525596
height: 0.045337895637296836
Area: 0.0007864733480008371
CentroidX: 0.3050
CentroidY: 0.0741
