Location: Dedata_13.png_Mean-Medain.png
Component: component_1755520268922_55.png
centerX: 0.6455645161290322
centerY: 0.14676546024508408
width: 0.03669354838709677
height: 0.025933314334568254
Area: 0.0003185357467893619
CentroidX: 0.6661
CentroidY: 0.1575
