Location: internet_23.png_Mean-Closing.png
Component: component_1755081841452_11.png
centerX: 0.3619508262797259
centerY: 0.012261191901910464
width: 0.05038291011688835
height: 0.047619047619047616
Area: 0.0007963574204731551
CentroidX: 0.3902
CentroidY: 0.0361
