Location: internet_22.png_Gaussian-Closing.png
Component: component_1755082124118_50.png
centerX: 0.40991535671100365
centerY: 0.21186199030510408
width: 0.06449012494961709
height: 0.05873966353008269
Area: 0.0009781783815337023
CentroidX: 0.4464
CentroidY: 0.2485
