Location: Dedata_13.png_Mean-Closing.png
Component: component_1755520268847_163.png
centerX: 0.22661290322580646
centerY: 0.530635508691935
width: 0.03790322580645161
height: 0.02792818466799658
Area: 0.0003655347079859164
CentroidX: 0.2480
CentroidY: 0.5422
