Location: Dedata_13.png_Mean-Closing.png
Component: component_1755520268849_174.png
centerX: 0.46411290322580645
centerY: 0.5793673411228271
width: 0.04879032258064516
height: 0.029068110572812767
Area: 0.0005428437474144826
CentroidX: 0.4903
CentroidY: 0.5901
