Location: Dedata_13.png_Mean-Medain.png
Component: component_1755520268929_88.png
centerX: 0.6258064516129033
centerY: 0.2467939583927045
width: 0.03790322580645161
height: 0.026503277286976348
Area: 0.0003091129721729378
CentroidX: 0.6471
CentroidY: 0.2592
