Location: internet_23.png_Gaussian-Closing.png
Component: component_1755081841658_10.png
centerX: 0.819024586860137
centerY: 0.01140575990875392
width: 0.06610237807335752
height: 0.04505275163957799
Area: 0.0006780933440311178
CentroidX: 0.8557
CentroidY: 0.0370
