Location: Dedata_13.png_Otsu.png
Component: component_1755520268425_63.png
centerX: 0.5875
centerY: 0.10658307210031348
width: 0.0375
height: 0.024508406953548018
Area: 0.00020890980795925683
CentroidX: 0.6075
CentroidY: 0.1155
