Location: internet_23.png_Mean-Medain.png
Component: component_1755081841397_65.png
centerX: 0.3498589278516727
centerY: 0.2352437981180496
width: 0.056831922611850064
height: 0.047619047619047616
Area: 0.0006398212959697005
CentroidX: 0.3800
CentroidY: 0.2631
