Location: internet_22.png_Gaussian-Closing.png
Component: component_1755082124119_51.png
centerX: 0.5118903667875857
centerY: 0.21214713430282292
width: 0.06328093510681176
height: 0.05503279155973767
Area: 0.00091519615229149
CentroidX: 0.5500
CentroidY: 0.2458
