Location: internet_22.png_Gaussian-Closing.png
Component: component_1755082124124_69.png
centerX: 0.6964933494558646
centerY: 0.32620473339036216
width: 0.06408706166868199
height: 0.05389221556886228
Area: 0.0007872778655276537
CentroidX: 0.7343
CentroidY: 0.3561
