Location: internet_22.png_Mean-Closing.png
Component: component_1755082123934_135.png
centerX: 0.6332124143490528
centerY: 0.7368120901055033
width: 0.051189036678758564
height: 0.05503279155973767
Area: 0.0007800372077863045
CentroidX: 0.6631
CentroidY: 0.7668
