Location: Dedata_13.png_Mean-Medain.png
Component: component_1755520268951_178.png
centerX: 0.3100806451612903
centerY: 0.5799373040752351
width: 0.04798387096774193
height: 0.03305785123966942
Area: 0.0005682392741246013
CentroidX: 0.3352
CentroidY: 0.5942
