Location: internet_22.png_Mean-Medain.png
Component: component_1755082123808_116.png
centerX: 0.8387746876259573
centerY: 0.5768463073852296
width: 0.05804111245465538
height: 0.06187624750499002
Area: 0.0007721069635933983
CentroidX: 0.8723
CentroidY: 0.6122
