Location: Dedata_13.png_Mean-Medain.png
Component: component_1755520268924_61.png
centerX: 0.3326612903225806
centerY: 0.1615844970076945
width: 0.032661290322580645
height: 0.02821316614420063
Area: 0.0002806148245525331
CentroidX: 0.3513
CentroidY: 0.1716
