Location: internet_22.png_Mean-Medain.png
Component: component_1755082123816_133.png
centerX: 0.4635227730753728
centerY: 0.6803535785571714
width: 0.0475614671503426
height: 0.0499001996007984
Area: 0.0006470619537110497
CentroidX: 0.4933
CentroidY: 0.7050
