Location: internet_22.png_Mean-Medain.png
Component: component_1755082123786_88.png
centerX: 0.20878677952438532
centerY: 0.39863130881094955
width: 0.06408706166868199
height: 0.06615340747077274
Area: 0.0008543976134792084
CentroidX: 0.2457
CentroidY: 0.4386
