Location: Dedata_13.png_Mean-Closing.png
Component: component_1755520268849_172.png
centerX: 0.6088709677419355
centerY: 0.5702479338842975
width: 0.04959677419354839
height: 0.030777999430037048
Area: 0.0005822585241636713
CentroidX: 0.6358
CentroidY: 0.5846
