Location: Dedata_13.png_Mean-Closing.png
Component: component_1755520268825_80.png
centerX: 0.02217741935483871
centerY: 0.22428042177258478
width: 0.03306451612903226
height: 0.02821316614420063
Area: 0.00032795852140578605
CentroidX: 0.0403
CentroidY: 0.2365
