Location: internet_22.png_Gaussian-Closing.png
Component: component_1755082124136_114.png
centerX: 0.5747682386134623
centerY: 0.5988023952095808
width: 0.053204353083434096
height: 0.057028799543769604
Area: 0.0006974017646747157
CentroidX: 0.6069
CentroidY: 0.6345
