Location: Dedata_13.png_Gaussian-Median.png
Component: component_1755520268748_224.png
centerX: 0.16693548387096774
centerY: 0.750356226845255
width: 0.04435483870967742
height: 0.0347677400968937
Area: 0.0005859357045017881
CentroidX: 0.1934
CentroidY: 0.7654
