Location: internet_23.png_Otsu.png
Component: component_1755081841783_229.png
centerX: 0.10439338976219266
centerY: 0.191331622469347
width: 0.05199516324062878
height: 0.04704875962360992
Area: 0.00041375187093424136
CentroidX: 0.1321
CentroidY: 0.2172
