Location: Samociqulo_1709_page_10.png_Gaussian-Median.png
Component: component_1755610056117_789.png
centerX: 0.6201474201474202
centerY: 0.1525
width: 0.028992628992628992
height: 0.0115625
Area: 0.00014066339066339065
CentroidX: 0.6337
CentroidY: 0.1573
