Location: Dedata_13.png_Otsu.png
Component: component_1755520268437_119.png
centerX: 0.6266129032258064
centerY: 0.24736392134511256
width: 0.036290322580645164
height: 0.025648332858364205
Area: 0.00018351428124913817
CentroidX: 0.6462
CentroidY: 0.2589
