Location: internet_22.png_Mean-Medain.png
Component: component_1755082123822_156.png
centerX: 0.5477629987908101
centerY: 0.8112346735101226
width: 0.051592099959693674
height: 0.054177359566581124
Area: 0.0007001601104809441
CentroidX: 0.5778
CentroidY: 0.8396
