Location: internet_22.png_Gaussian-Median.png
Component: component_1755082124038_171.png
centerX: 0.11043933897621927
centerY: 0.7610493299116053
width: 0.04836759371221282
height: 0.06073567151411463
Area: 0.0007472818513373438
CentroidX: 0.1399
CentroidY: 0.7943
