Location: Dedata_13.png_Otsu.png
Component: component_1755520268631_545.png
centerX: 0.5387096774193548
centerY: 0.6910800797948133
width: 0.043548387096774194
height: 0.03362781419207751
Area: 0.0004937763722777374
CentroidX: 0.5617
CentroidY: 0.7045
