Location: Dedata_13.png_Mean-Medain.png
Component: component_1755520268960_218.png
centerX: 0.46491935483870966
centerY: 0.7455115417497863
width: 0.044758064516129036
height: 0.029923055001424906
Area: 0.0005736401327462102
CentroidX: 0.4892
CentroidY: 0.7564
