Location: Dedata_13.png_Mean-Medain.png
Component: component_1755520268958_209.png
centerX: 0.09758064516129032
centerY: 0.7019093758905671
width: 0.046370967741935484
height: 0.027643203191792535
Area: 0.0005954733910037783
CentroidX: 0.1227
CentroidY: 0.7133
