Location: internet_23.png_Otsu.png
Component: component_1755081841780_160.png
centerX: 0.5453446191051995
centerY: 0.1727972626176219
width: 0.06569931479242241
height: 0.039064727687482176
Area: 0.0003515741592188457
CentroidX: 0.5791
CentroidY: 0.1981
