Location: internet_22.png_Gaussian-Closing.png
Component: component_1755082124131_95.png
centerX: 0.2071745264006449
centerY: 0.47533504419731964
width: 0.056831922611850064
height: 0.052751639577986884
Area: 0.000794748385419522
CentroidX: 0.2400
CentroidY: 0.5093
