Location: internet_22.png_Gaussian-Median.png
Component: component_1755082124006_52.png
centerX: 0.18621523579201935
centerY: 0.1596806387225549
width: 0.06650544135429262
height: 0.05075563159395495
Area: 0.0008800272432620796
CentroidX: 0.2209
CentroidY: 0.1892
