Location: Dedata_13.png_Otsu.png
Component: component_1755520268426_65.png
centerX: 0.3870967741935484
centerY: 0.10914790538614991
width: 0.039919354838709675
height: 0.028783129096608722
Area: 0.00021235716452624128
CentroidX: 0.4088
CentroidY: 0.1204
