Location: internet_22.png_Gaussian-Closing.png
Component: component_1755082124105_7.png
centerX: 0.26964933494558646
centerY: 0.00998003992015968
width: 0.06610237807335752
height: 0.026518391787852865
Area: 0.0005985610399515358
CentroidX: 0.3070
CentroidY: 0.0210
