Location: internet_22.png_Mean-Medain.png
Component: component_1755082123746_17.png
centerX: 0.6110439338976219
centerY: 0.047619047619047616
width: 0.06287787182587666
height: 0.04134587966923296
Area: 0.0008622129265968552
CentroidX: 0.6455
CentroidY: 0.0705
