Location: Dedata_13.png_Gaussian-Median.png
Component: component_1755520268704_29.png
centerX: 0.26733870967741935
centerY: 0.06184098033627814
width: 0.0407258064516129
height: 0.02707324023938444
Area: 0.00032922255214701366
CentroidX: 0.2885
CentroidY: 0.0720
