Location: Dedata_13.png_Otsu.png
Component: component_1755520268438_130.png
centerX: 0.3532258064516129
centerY: 0.26560273582217153
width: 0.039112903225806454
height: 0.023938444001139925
Area: 0.00017753886319969847
CentroidX: 0.3741
CentroidY: 0.2761
