Location: Dedata_13.png_Mean-Closing.png
Component: component_1755520268840_131.png
centerX: 0.45645161290322583
centerY: 0.41635793673411226
width: 0.038306451612903226
height: 0.026788258763180393
Area: 0.0003374962079077763
CentroidX: 0.4783
CentroidY: 0.4270
