Location: internet_22.png_Mean-Medain.png
Component: component_1755082123765_50.png
centerX: 0.8045143087464732
centerY: 0.1996007984031936
width: 0.06650544135429262
height: 0.0510407755916738
Area: 0.0008960026627231517
CentroidX: 0.8411
CentroidY: 0.2297
