Location: Dedata_13.png_Otsu.png
Component: component_1755520268614_516.png
centerX: 0.8338709677419355
centerY: 0.560843545169564
width: 0.04435483870967742
height: 0.030493017953833
Area: 0.000447581794280146
CentroidX: 0.8583
CentroidY: 0.5730
