Location: internet_22.png_Mean-Closing.png
Component: component_1755082123904_39.png
centerX: 0.8750503829101169
centerY: 0.14884516680923868
width: 0.060459492140266025
height: 0.04590818363273453
Area: 0.0008416402641254027
CentroidX: 0.9117
CentroidY: 0.1743
