Location: internet_23.png_Mean-Medain.png
Component: component_1755081841392_43.png
centerX: 0.018540910923014912
centerY: 0.12917023096663816
width: 0.04554615074566707
height: 0.05303678357570573
Area: 0.00060936456102593
CentroidX: 0.0454
CentroidY: 0.1568
