Location: Dedata_13.png_Mean-Closing.png
Component: component_1755520268851_183.png
centerX: 0.8362903225806452
centerY: 0.6201196922200057
width: 0.05120967741935484
height: 0.030493017953833
Area: 0.0006395995550611791
CentroidX: 0.8641
CentroidY: 0.6315
