Location: internet_22.png_Gaussian-Closing.png
Component: component_1755082124139_125.png
centerX: 0.6311970979443773
centerY: 0.6658112346735101
width: 0.049979846835953246
height: 0.05332192757342458
Area: 0.0006652210636020526
CentroidX: 0.6597
CentroidY: 0.6965
