Location: internet_22.png_Mean-Closing.png
Component: component_1755082123926_105.png
centerX: 0.2893994357114067
centerY: 0.5457656116338752
width: 0.04836759371221282
height: 0.05161106358711149
Area: 0.0007233761876833653
CentroidX: 0.3184
CentroidY: 0.5743
