Location: Dedata_13.png_Gaussian-Median.png
Component: component_1755520268701_13.png
centerX: 0.7612903225806451
centerY: 0.013394129381590196
width: 0.043548387096774194
height: 0.024508406953548018
Area: 0.0002980814311585876
CentroidX: 0.7845
CentroidY: 0.0226
