Location: internet_22.png_Gaussian-Median.png
Component: component_1755082124027_126.png
centerX: 0.1946795646916566
centerY: 0.5463358996293128
width: 0.05401047964530431
height: 0.05189620758483034
Area: 0.0007078604925233313
CentroidX: 0.2265
CentroidY: 0.5773
