Location: Dedata_13.png_Gaussian-Median.png
Component: component_1755520268750_233.png
centerX: 0.6116935483870968
centerY: 0.7911085779424337
width: 0.03951612903225806
height: 0.028498147620404674
Area: 0.00039058549903933664
CentroidX: 0.6339
CentroidY: 0.8028
