Location: Dedata_13.png_Gaussian-Median.png
Component: component_1755520268715_76.png
centerX: 0.4689516129032258
centerY: 0.20376175548589343
width: 0.03467741935483871
height: 0.029353092049016812
Area: 0.0002651017200011032
CentroidX: 0.4885
CentroidY: 0.2163
