Location: Dedata_13.png_Mean-Medain.png
Component: component_1755520268944_147.png
centerX: 0.37701612903225806
centerY: 0.46793958392704477
width: 0.04395161290322581
height: 0.02707324023938444
Area: 0.00039564162200424717
CentroidX: 0.4008
CentroidY: 0.4815
