Location: Dedata_13.png_Mean-Medain.png
Component: component_1755520268927_78.png
centerX: 0.2770161290322581
centerY: 0.21658592191507553
width: 0.03669354838709677
height: 0.029353092049016812
Area: 0.0003314058779727705
CentroidX: 0.2976
CentroidY: 0.2293
