Location: internet_22.png_Gaussian-Closing.png
Component: component_1755082124114_31.png
centerX: 0.20233776702942363
centerY: 0.10436270316509838
width: 0.07295445384925434
height: 0.0504704875962361
Area: 0.0009358837458382021
CentroidX: 0.2424
CentroidY: 0.1341
