Location: Dedata_13.png_Mean-Medain.png
Component: component_1755520268962_227.png
centerX: 0.8084677419354839
centerY: 0.7871188372755771
width: 0.036290322580645164
height: 0.03619264747791394
Area: 0.000502739499351897
CentroidX: 0.8304
CentroidY: 0.7997
