Location: internet_22.png_Gaussian-Median.png
Component: component_1755082124043_191.png
centerX: 0.7460701330108828
centerY: 0.8614200171086399
width: 0.062071745264006446
height: 0.05474764756201882
Area: 0.0007972768690752312
CentroidX: 0.7800
CentroidY: 0.8925
