Location: internet_22.png_Gaussian-Median.png
Component: component_1755082124004_43.png
centerX: 0.6711003627569528
centerY: 0.14314228685486172
width: 0.06247480854494156
height: 0.04961505560307956
Area: 0.0008516392676729802
CentroidX: 0.7060
CentroidY: 0.1718
