Location: Dedata_13.png_Otsu.png
Component: component_1755520268427_71.png
centerX: 0.07459677419354839
centerY: 0.11456255343402678
width: 0.03588709677419355
height: 0.0262182958107723
Area: 0.00021258698829737359
CentroidX: 0.0930
CentroidY: 0.1257
