Location: Dedata_13.png_Gaussian-Median.png
Component: component_1755520268716_77.png
centerX: 0.40483870967741936
centerY: 0.20746651467654603
width: 0.03346774193548387
height: 0.024223425477343973
Area: 0.00026682539828459535
CentroidX: 0.4234
CentroidY: 0.2186
