Location: Dedata_13.png_Gaussian-Median.png
Component: component_1755520268743_206.png
centerX: 0.680241935483871
centerY: 0.6916500427472214
width: 0.04112903225806452
height: 0.03305785123966942
Area: 0.0005023947636951985
CentroidX: 0.7035
CentroidY: 0.7041
