Location: internet_22.png_Mean-Closing.png
Component: component_1755082123878_1.png
centerX: 0.7009270455461507
centerY: 0.0
width: 0.06529625151148731
height: 0.042486455660108356
Area: 0.0008641667548762669
CentroidX: 0.7391
CentroidY: 0.0216
