Location: internet_22.png_Gaussian-Closing.png
Component: component_1755082124112_25.png
centerX: 0.6900443369609028
centerY: 0.09067579127459367
width: 0.06731156791616284
height: 0.04590818363273453
Area: 0.0008126776331600058
CentroidX: 0.7261
CentroidY: 0.1157
