Location: internet_22.png_Mean-Closing.png
Component: component_1755082123900_32.png
centerX: 0.10923014913341395
centerY: 0.11320216709438266
width: 0.06690850463522773
height: 0.04733390362132877
Area: 0.0009264593976669222
CentroidX: 0.1483
CentroidY: 0.1399
