Location: Dedata_13.png_Mean-Medain.png
Component: component_1755520268936_119.png
centerX: 0.46169354838709675
centerY: 0.3622114562553434
width: 0.04112903225806452
height: 0.02963807352522086
Area: 0.0003688671526673347
CentroidX: 0.4847
CentroidY: 0.3745
