Location: Dedata_13.png_Gaussian-Median.png
Component: component_1755520268743_205.png
centerX: 0.5383064516129032
centerY: 0.6907950983186093
width: 0.04435483870967742
height: 0.034482758620689655
Area: 0.0005305481756589048
CentroidX: 0.5617
CentroidY: 0.7046
