Location: Dedata_13.png_Mean-Closing.png
Component: component_1755520268818_45.png
centerX: 0.25766129032258067
centerY: 0.11114277571957823
width: 0.037096774193548385
height: 0.030208036477628954
Area: 0.00035772069976741834
CentroidX: 0.2777
CentroidY: 0.1221
