Location: internet_22.png_Mean-Closing.png
Component: component_1755082123935_140.png
centerX: 0.36920596533655786
centerY: 0.7593384659252923
width: 0.05199516324062878
height: 0.043341887653264896
Area: 0.0006703929619887306
CentroidX: 0.3989
CentroidY: 0.7843
