Location: internet_22.png_Gaussian-Closing.png
Component: component_1755082124119_54.png
centerX: 0.11366384522370013
centerY: 0.23011120615911035
width: 0.06690850463522773
height: 0.05075563159395495
Area: 0.0008144015992888984
CentroidX: 0.1515
CentroidY: 0.2594
