Location: Dedata_13.png_Mean-Medain.png
Component: component_1755520268932_102.png
centerX: 0.6673387096774194
centerY: 0.29666571672841263
width: 0.0407258064516129
height: 0.02792818466799658
Area: 0.0003289927283758814
CentroidX: 0.6895
CentroidY: 0.3082
