Location: Paraklitoni_1720_page_10.png_Mean-Medain.png
Component: component_1755610055419_1828.png
centerX: 0.40625
centerY: 0.6571428571428571
width: 0.018292682926829267
height: 0.011528822055137845
Area: 0.00011194143896326181
CentroidX: 0.4160
CentroidY: 0.6614
