Location: internet_22.png_Mean-Medain.png
Component: component_1755082123750_19.png
centerX: 0.7029423619508263
centerY: 0.04875962360992301
width: 0.05642885933091495
height: 0.04305674365554605
Area: 0.0008970370424004873
CentroidX: 0.7345
CentroidY: 0.0707
