Location: Dedata_13.png_Gaussian-Median.png
Component: component_1755520268715_75.png
centerX: 0.5326612903225807
centerY: 0.20091194072385296
width: 0.03669354838709677
height: 0.02963807352522086
Area: 0.0002910718061390526
CentroidX: 0.5545
CentroidY: 0.2134
