Location: Dedata_13.png_Mean-Medain.png
Component: component_1755520268937_122.png
centerX: 0.23225806451612904
centerY: 0.36990595611285265
width: 0.036290322580645164
height: 0.0262182958107723
Area: 0.0003297971115748444
CentroidX: 0.2525
CentroidY: 0.3810
