Location: internet_23.png_Mean-Medain.png
Component: component_1755081841394_52.png
centerX: 0.44417573559048773
centerY: 0.174508126603935
width: 0.06408706166868199
height: 0.0575990875392073
Area: 0.0007744055850985884
CentroidX: 0.4798
CentroidY: 0.2043
