Location: Dedata_13.png_Mean-Medain.png
Component: component_1755520268928_85.png
centerX: 0.822983870967742
centerY: 0.23852949558278713
width: 0.03951612903225806
height: 0.025078369905956112
Area: 0.00028394726923395143
CentroidX: 0.8452
CentroidY: 0.2499
