Location: Dedata_13.png_Gaussian-Median.png
Component: component_1755520268701_15.png
centerX: 0.6298387096774194
centerY: 0.01396409233399829
width: 0.037096774193548385
height: 0.023083499572527786
Area: 0.0002673999577124261
CentroidX: 0.6500
CentroidY: 0.0226
