Location: internet_22.png_Mean-Medain.png
Component: component_1755082123814_122.png
centerX: 0.2926239419588875
centerY: 0.6159110350727117
width: 0.055219669488109635
height: 0.05788423153692615
Area: 0.0009122079443347427
CentroidX: 0.3271
CentroidY: 0.6505
