Location: Dedata_13.png_Otsu.png
Component: component_1755520268638_564.png
centerX: 0.16733870967741934
centerY: 0.7506412083214591
width: 0.043548387096774194
height: 0.03419777714448561
Area: 0.0005530709052298697
CentroidX: 0.1934
CentroidY: 0.7653
