Location: internet_22.png_Gaussian-Closing.png
Component: component_1755082124121_60.png
centerX: 0.4135429262394196
centerY: 0.2802965497576276
width: 0.062071745264006446
height: 0.0575990875392073
Area: 0.0009608237891695161
CentroidX: 0.4493
CentroidY: 0.3131
