Location: internet_23.png_Mean-Medain.png
Component: component_1755081841394_51.png
centerX: 0.5449415558242644
centerY: 0.17251211861990304
width: 0.06731156791616284
height: 0.05303678357570573
Area: 0.0006683242026340594
CentroidX: 0.5845
CentroidY: 0.1998
