Location: Dedata_13.png_Mean-Closing.png
Component: component_1755520268837_121.png
centerX: 0.1592741935483871
centerY: 0.3707609005414648
width: 0.0407258064516129
height: 0.029353092049016812
Area: 0.00036335138216015957
CentroidX: 0.1821
CentroidY: 0.3838
