Location: internet_22.png_Mean-Closing.png
Component: component_1755082123907_44.png
centerX: 0.016122531237404272
centerY: 0.1739378386084973
width: 0.05763804917372027
height: 0.043912175648702596
Area: 0.0008209526705786906
CentroidX: 0.0473
CentroidY: 0.1985
