Location: Dedata_13.png_Mean-Medain.png
Component: component_1755520268942_139.png
centerX: 0.028629032258064516
centerY: 0.4317469364491308
width: 0.037096774193548385
height: 0.02963807352522086
Area: 0.0003579505235385506
CentroidX: 0.0499
CentroidY: 0.4426
