Location: Dedata_13.png_Otsu.png
Component: component_1755520268435_110.png
centerX: 0.2153225806451613
centerY: 0.219435736677116
width: 0.03225806451612903
height: 0.026788258763180393
Area: 0.00023407551089824324
CentroidX: 0.2334
CentroidY: 0.2302
