Location: Paraklitoni_1720_page_10.png_Mean-Medain.png
Component: component_1755610055687_2425.png
centerX: 0.7035060975609756
centerY: 0.8862155388471178
width: 0.019054878048780487
height: 0.012030075187969926
Area: 0.00013410049514028975
CentroidX: 0.7135
CentroidY: 0.8905
