Location: internet_22.png_Gaussian-Closing.png
Component: component_1755082124146_148.png
centerX: 0.37686416767432485
centerY: 0.808668377530653
width: 0.06126561870213623
height: 0.06045052751639578
Area: 0.0007107337694048191
CentroidX: 0.4108
CentroidY: 0.8422
