Location: Dedata_13.png_Mean-Medain.png
Component: component_1755520268952_183.png
centerX: 0.08951612903225807
centerY: 0.5867768595041323
width: 0.04032258064516129
height: 0.028498147620404674
Area: 0.000539281478961932
CentroidX: 0.1107
CentroidY: 0.5989
