Location: Dedata_13.png_Otsu.png
Component: component_1755520268424_58.png
centerX: 0.771774193548387
centerY: 0.1005984611000285
width: 0.03387096774193549
height: 0.02536335138216016
Area: 0.0001545564860864689
CentroidX: 0.7898
CentroidY: 0.1107
