Location: Dedata_13.png_Gaussian-Median.png
Component: component_1755520268741_196.png
centerX: 0.2407258064516129
centerY: 0.640068395554289
width: 0.0467741935483871
height: 0.030493017953833
Area: 0.0005662857720699768
CentroidX: 0.2668
CentroidY: 0.6528
