Location: Dedata_13.png_Mean-Medain.png
Component: component_1755520268965_238.png
centerX: 0.9112903225806451
centerY: 0.8347107438016529
width: 0.03951612903225806
height: 0.031917925334853235
Area: 0.000455395802498644
CentroidX: 0.9333
CentroidY: 0.8468
