Location: internet_23.png_Mean-Medain.png
Component: component_1755081841392_44.png
centerX: 0.09915356711003627
centerY: 0.12917023096663816
width: 0.04877065699314793
height: 0.04562303963501568
Area: 0.0005772987910285263
CentroidX: 0.1262
CentroidY: 0.1548
