Location: Dedata_13.png_Mean-Medain.png
Component: component_1755520268949_169.png
centerX: 0.0875
centerY: 0.5374750641208321
width: 0.03467741935483871
height: 0.030208036477628954
Area: 0.0003569163165684553
CentroidX: 0.1071
CentroidY: 0.5490
