Location: internet_22.png_Mean-Closing.png
Component: component_1755082123899_31.png
centerX: 0.20233776702942363
centerY: 0.10436270316509838
width: 0.07295445384925434
height: 0.0504704875962361
Area: 0.0009657658254056751
CentroidX: 0.2423
CentroidY: 0.1342
