Location: Dedata_13.png_Mean-Closing.png
Component: component_1755520268839_130.png
centerX: 0.5258064516129032
centerY: 0.414648047876888
width: 0.04153225806451613
height: 0.026503277286976348
Area: 0.00036082332067770436
CentroidX: 0.5487
CentroidY: 0.4254
