Location: Dedata_13.png_Mean-Medain.png
Component: component_1755520268958_211.png
centerX: 0.8983870967741936
centerY: 0.7324023938444001
width: 0.04314516129032258
height: 0.03220290681105728
Area: 0.0005437630424990117
CentroidX: 0.9232
CentroidY: 0.7442
