Location: internet_22.png_Gaussian-Closing.png
Component: component_1755082124145_144.png
centerX: 0.890769850866586
centerY: 0.780439121756487
width: 0.06328093510681176
height: 0.06444254348445966
Area: 0.0008924397993901067
CentroidX: 0.9250
CentroidY: 0.8156
