Location: Paraklitoni_1720_page_10.png_Mean-Medain.png
Component: component_1755610055295_880.png
centerX: 0.34222560975609756
centerY: 0.3238095238095238
width: 0.019054878048780487
height: 0.011528822055137845
Area: 0.00010659270126535851
CentroidX: 0.3523
CentroidY: 0.3279
