Location: Dedata_13.png_Gaussian-Median.png
Component: component_1755520268744_209.png
centerX: 0.3064516129032258
centerY: 0.6956397834140781
width: 0.04838709677419355
height: 0.026788258763180393
Area: 0.0005449121613546733
CentroidX: 0.3329
CentroidY: 0.7075
