Location: Dedata_13.png_Mean-Closing.png
Component: component_1755520268819_52.png
centerX: 0.7112903225806452
centerY: 0.1433456825306355
width: 0.039919354838709675
height: 0.028783129096608722
Area: 0.00035841017108081524
CentroidX: 0.7341
CentroidY: 0.1557
