Location: internet_23.png_Gaussian-Closing.png
Component: component_1755081841686_66.png
centerX: 0.539701733172108
centerY: 0.24607927003136584
width: 0.030229746070133012
height: 0.02480752780153978
Area: 0.0002530782277214443
CentroidX: 0.5538
CentroidY: 0.2597
