Location: Paraklitoni_1720_page_10.png_Mean-Medain.png
Component: component_1755610055220_304.png
centerX: 0.3948170731707317
centerY: 0.11729323308270677
width: 0.019054878048780487
height: 0.011528822055137845
Area: 0.00011423375511950608
CentroidX: 0.4052
CentroidY: 0.1214
