Location: internet_22.png_Mean-Medain.png
Component: component_1755082123752_21.png
centerX: 0.18984280532043532
centerY: 0.05189620758483034
width: 0.062071745264006446
height: 0.04704875962360992
Area: 0.000829802363373673
CentroidX: 0.2248
CentroidY: 0.0764
