Location: Dedata_13.png_Gaussian-Median.png
Component: component_1755520268749_230.png
centerX: 0.7475806451612903
centerY: 0.7871188372755771
width: 0.039919354838709675
height: 0.03733257338273012
Area: 0.00045976245415015765
CentroidX: 0.7701
CentroidY: 0.8008
