Location: Dedata_13.png_Mean-Medain.png
Component: component_1755520268948_166.png
centerX: 0.29838709677419356
centerY: 0.530350527215731
width: 0.03467741935483871
height: 0.026788258763180393
Area: 0.00032071907261511874
CentroidX: 0.3192
CentroidY: 0.5402
