Location: internet_22.png_Mean-Closing.png
Component: component_1755082123920_80.png
centerX: 0.509471987101975
centerY: 0.39150270886797833
width: 0.06569931479242241
height: 0.054177359566581124
Area: 0.0008576156835864748
CentroidX: 0.5488
CentroidY: 0.4251
