Location: internet_23.png_Mean-Closing.png
Component: component_1755081841450_2.png
centerX: 0.18621523579201935
centerY: 0.005417735956658112
width: 0.04917372027408303
height: 0.0499001996007984
Area: 0.0007095844586522239
CentroidX: 0.2151
CentroidY: 0.0299
