Location: Dedata_13.png_Otsu.png
Component: component_1755520268419_21.png
centerX: 0.6338709677419355
centerY: 0.055571387859789115
width: 0.03588709677419355
height: 0.02536335138216016
Area: 0.00021833258257568096
CentroidX: 0.6521
CentroidY: 0.0647
