Location: internet_23.png_Otsu.png
Component: component_1755081841782_190.png
centerX: 0.3490528012898025
centerY: 0.18106643855146848
width: 0.05804111245465538
height: 0.04562303963501568
Area: 0.0003980063136236883
CentroidX: 0.3798
CentroidY: 0.2052
