Location: Dedata_13.png_Otsu.png
Component: component_1755520268427_72.png
centerX: 0.018145161290322582
centerY: 0.11570247933884298
width: 0.03346774193548387
height: 0.03277286976346538
Area: 0.000250967558076467
CentroidX: 0.0357
CentroidY: 0.1265
