Location: internet_23.png_Gaussian-Closing.png
Component: component_1755081841680_49.png
centerX: 0.0177347843611447
centerY: 0.18962075848303392
width: 0.05401047964530431
height: 0.05132591958939264
Area: 0.00063993622704496
CentroidX: 0.0481
CentroidY: 0.2166
