Location: Dedata_13.png_Mean-Closing.png
Component: component_1755520268818_46.png
centerX: 0.1342741935483871
centerY: 0.11199772014819037
width: 0.038306451612903226
height: 0.028498147620404674
Area: 0.0003703610071796946
CentroidX: 0.1546
CentroidY: 0.1237
