Location: Dedata_13.png_Otsu.png
Component: component_1755520268633_549.png
centerX: 0.30685483870967745
centerY: 0.6959247648902821
width: 0.04798387096774193
height: 0.0262182958107723
Area: 0.0005113578907693581
CentroidX: 0.3329
CentroidY: 0.7074
