Location: internet_22.png_Mean-Closing.png
Component: component_1755082123912_57.png
centerX: 0.7138250705360741
centerY: 0.27003136583974907
width: 0.06328093510681176
height: 0.05389221556886228
Area: 0.0009274937773442578
CentroidX: 0.7497
CentroidY: 0.3022
