Location: Kurtxevani_1794_page_10.png_Mean-Medain.png
Component: component_1755610054599_459.png
centerX: 0.19871420222092342
centerY: 0.08065226972234464
width: 0.023378141437755698
height: 0.013662406346408109
Area: 0.00020889899411656975
CentroidX: 0.2103
CentroidY: 0.0861
