Location: internet_22.png_Mean-Medain.png
Component: component_1755082123814_123.png
centerX: 0.19871019750100766
centerY: 0.6207584830339321
width: 0.05965336557839581
height: 0.05788423153692615
Area: 0.000854742406704987
CentroidX: 0.2342
CentroidY: 0.6551
