Location: internet_23.png_Otsu.png
Component: component_1755081841806_495.png
centerX: 0.1003627569528416
centerY: 0.24550898203592814
width: 0.05199516324062878
height: 0.04961505560307956
Area: 0.00039340907061330784
CentroidX: 0.1277
CentroidY: 0.2734
