Location: internet_22.png_Gaussian-Median.png
Component: component_1755082124033_152.png
centerX: 0.5477629987908101
centerY: 0.6706586826347305
width: 0.051189036678758564
height: 0.05617336755061306
Area: 0.0006657957189783501
CentroidX: 0.5780
CentroidY: 0.7005
