Location: Dedata_13.png_Mean-Closing.png
Component: component_1755520268840_132.png
centerX: 0.3818548387096774
centerY: 0.42034767740096896
width: 0.04032258064516129
height: 0.021658592191507554
Area: 0.0003027928184667997
CentroidX: 0.4033
CentroidY: 0.4295
