Location: Samociqulo_1709_page_10.png_Gaussian-Median.png
Component: component_1755610056269_2775.png
centerX: 0.682063882063882
centerY: 0.6790625
width: 0.027518427518427518
height: 0.0140625
Area: 0.00015648034398034398
CentroidX: 0.6958
CentroidY: 0.6842
