Location: Dedata_13.png_Gaussian-Median.png
Component: component_1755520268725_122.png
centerX: 0.38225806451612904
centerY: 0.3633513821601596
width: 0.041935483870967745
height: 0.028498147620404674
Area: 0.00031428400702341447
CentroidX: 0.4060
CentroidY: 0.3758
