Location: internet_22.png_Gaussian-Closing.png
Component: component_1755082124108_16.png
centerX: 0.5215638855300282
centerY: 0.04704875962360992
width: 0.05965336557839581
height: 0.04704875962360992
Area: 0.0008156658411167531
CentroidX: 0.5581
CentroidY: 0.0710
