Location: Dedata_13.png_Gaussian-Median.png
Component: component_1755520268698_2.png
centerX: 0.02056451612903226
centerY: 0.00883442576232545
width: 0.04596774193548387
height: 0.04132231404958678
Area: 0.00047056417139337554
CentroidX: 0.0459
CentroidY: 0.0255
