Location: Paraklitoni_1720_page_10.png_Mean-Medain.png
Component: component_1755610055450_1879.png
centerX: 0.2888719512195122
centerY: 0.6761904761904762
width: 0.018292682926829267
height: 0.011528822055137845
Area: 0.00010506449049452901
CentroidX: 0.2985
CentroidY: 0.6805
