Location: Dedata_13.png_Mean-Closing.png
Component: component_1755520268835_116.png
centerX: 0.5983870967741935
centerY: 0.3579367341122827
width: 0.041935483870967745
height: 0.028498147620404674
Area: 0.0003708206547219592
CentroidX: 0.6218
CentroidY: 0.3702
