Location: Dedata_13.png_Gaussian-Median.png
Component: component_1755520268752_243.png
centerX: 0.8475806451612903
centerY: 0.835565688230265
width: 0.03669354838709677
height: 0.032487888287261325
Area: 0.0004425256713152355
CentroidX: 0.8683
CentroidY: 0.8511
