Location: internet_22.png_Mean-Closing.png
Component: component_1755082123935_142.png
centerX: 0.027005239822652155
centerY: 0.7724550898203593
width: 0.05280128980249899
height: 0.05246649558026804
Area: 0.0007971619379999718
CentroidX: 0.0610
CentroidY: 0.7993
