Location: Dedata_13.png_Mean-Closing.png
Component: component_1755520268852_186.png
centerX: 0.5379032258064517
centerY: 0.6306640068395555
width: 0.045564516129032256
height: 0.0353377030493018
Area: 0.0006710854117063036
CentroidX: 0.5624
CentroidY: 0.6447
