Location: Dedata_13.png_Gaussian-Median.png
Component: component_1755520268724_120.png
centerX: 0.5987903225806451
centerY: 0.3576517526360787
width: 0.04153225806451613
height: 0.029068110572812767
Area: 0.00033083131854493974
CentroidX: 0.6219
CentroidY: 0.3703
