Location: internet_22.png_Mean-Medain.png
Component: component_1755082123791_97.png
centerX: 0.5074566706972995
centerY: 0.4585115483319076
width: 0.06126561870213623
height: 0.05531793555745652
Area: 0.0007553270266055095
CentroidX: 0.5457
CentroidY: 0.4924
