Location: internet_23.png_Mean-Medain.png
Component: component_1755081841382_6.png
centerX: 0.10318419991938735
centerY: 0.007698887938408896
width: 0.049979846835953246
height: 0.045337895637296836
Area: 0.0006701630998382116
CentroidX: 0.1325
CentroidY: 0.0315
