Location: internet_23.png_Mean-Medain.png
Component: component_1755081841386_25.png
centerX: 0.2668278919790407
centerY: 0.06387225548902195
width: 0.05723498589278517
height: 0.04448246364414029
Area: 0.0007039528359645079
CentroidX: 0.2991
CentroidY: 0.0876
