Location: internet_22.png_Gaussian-Closing.png
Component: component_1755082124108_14.png
centerX: 0.8847239016525594
centerY: 0.04590818363273453
width: 0.06569931479242241
height: 0.03649843170801255
Area: 0.000790266073484401
CentroidX: 0.9206
CentroidY: 0.0686
