Location: Dedata_13.png_Mean-Closing.png
Component: component_1755520268854_198.png
centerX: 0.5379032258064517
centerY: 0.6907950983186093
width: 0.044758064516129036
height: 0.03419777714448561
Area: 0.0005786962557111208
CentroidX: 0.5616
CentroidY: 0.7044
