Location: Dedata_13.png_Mean-Medain.png
Component: component_1755520268930_89.png
centerX: 0.5548387096774193
centerY: 0.2516386434881733
width: 0.039112903225806454
height: 0.0262182958107723
Area: 0.0002971621360740584
CentroidX: 0.5773
CentroidY: 0.2636
