Location: internet_22.png_Mean-Medain.png
Component: component_1755082123786_87.png
centerX: 0.4030632809351068
centerY: 0.3954947248360422
width: 0.07053607416364369
height: 0.05588822355289421
Area: 0.0009563414772343951
CentroidX: 0.4395
CentroidY: 0.4306
