Location: Dedata_13.png_Mean-Medain.png
Component: component_1755520268965_240.png
centerX: 0.7814516129032258
centerY: 0.8418352807067541
width: 0.039112903225806454
height: 0.029353092049016812
Area: 0.0004308046589874884
CentroidX: 0.8045
CentroidY: 0.8536
