Location: Dedata_13.png_Gaussian-Median.png
Component: component_1755520268727_132.png
centerX: 0.6689516129032258
centerY: 0.4098033627814192
width: 0.03790322580645161
height: 0.024223425477343973
Area: 0.0002846367405473483
CentroidX: 0.6886
CentroidY: 0.4188
