Location: internet_23.png_Gaussian-Closing.png
Component: component_1755081841657_9.png
centerX: 0.7359935509875051
centerY: 0.011690903906472769
width: 0.058444175735590485
height: 0.05389221556886228
Area: 0.0006961375228468612
CentroidX: 0.7681
CentroidY: 0.0385
