Location: internet_23.png_Mean-Closing.png
Component: component_1755081841456_26.png
centerX: 0.6461104393389763
centerY: 0.10949529512403763
width: 0.06650544135429262
height: 0.041916167664670656
Area: 0.0006629224420968623
CentroidX: 0.6812
CentroidY: 0.1328
