Location: internet_22.png_Gaussian-Closing.png
Component: component_1755082124146_149.png
centerX: 0.4635227730753728
centerY: 0.8100940975192472
width: 0.053607416364369206
height: 0.05674365554605076
Area: 0.0007470519891868247
CentroidX: 0.4953
CentroidY: 0.8411
