Location: Dedata_13.png_Mean-Medain.png
Component: component_1755520268925_65.png
centerX: 0.07540322580645162
centerY: 0.170703904246224
width: 0.034274193548387094
height: 0.02707324023938444
Area: 0.00028819900899989886
CentroidX: 0.0947
CentroidY: 0.1817
