Location: Dedata_13.png_Otsu.png
Component: component_1755520268425_60.png
centerX: 0.7125
centerY: 0.10202336848104873
width: 0.03306451612903226
height: 0.027643203191792535
Area: 0.00017029941440903116
CentroidX: 0.7295
CentroidY: 0.1126
