Location: internet_22.png_Gaussian-Closing.png
Component: component_1755082124137_117.png
centerX: 0.2926239419588875
centerY: 0.6161961790704306
width: 0.055219669488109635
height: 0.0575990875392073
Area: 0.0008686490668113879
CentroidX: 0.3270
CentroidY: 0.6505
