Location: Dedata_13.png_Gaussian-Median.png
Component: component_1755520268737_177.png
centerX: 0.6810483870967742
centerY: 0.5665431746936449
width: 0.05403225806451613
height: 0.031062980906241093
Area: 0.000563412974930823
CentroidX: 0.7119
CentroidY: 0.5804
