Location: Kurtxevani_1794_page_10.png_Mean-Medain.png
Component: component_1755610054990_1592.png
centerX: 0.22092343658679134
centerY: 0.4614367562802997
width: 0.02162478082992402
height: 0.013662406346408109
Area: 0.00017464058940941344
CentroidX: 0.2323
CentroidY: 0.4670
