Location: Dedata_13.png_Otsu.png
Component: component_1755520268626_539.png
centerX: 0.16330645161290322
centerY: 0.6440581362211456
width: 0.04233870967741935
height: 0.02821316614420063
Area: 0.0005060719440333153
CentroidX: 0.1867
CentroidY: 0.6551
