Location: Dedata_13.png_Gaussian-Median.png
Component: component_1755520268706_40.png
centerX: 0.5229838709677419
centerY: 0.10401823881447705
width: 0.03870967741935484
height: 0.027643203191792535
Area: 0.00028302797414942225
CentroidX: 0.5449
CentroidY: 0.1154
