Location: Dedata_13.png_Gaussian-Median.png
Component: component_1755520268719_96.png
centerX: 0.21330645161290324
centerY: 0.2713023653462525
width: 0.036290322580645164
height: 0.026503277286976348
Area: 0.0002792358819257393
CentroidX: 0.2336
CentroidY: 0.2832
