Location: Dedata_13.png_Gaussian-Median.png
Component: component_1755520268716_80.png
centerX: 0.2770161290322581
centerY: 0.21658592191507553
width: 0.03669354838709677
height: 0.029353092049016812
Area: 0.0002983112549297199
CentroidX: 0.2977
CentroidY: 0.2295
