Location: internet_22.png_Mean-Medain.png
Component: component_1755082123814_126.png
centerX: 0.02418379685610641
centerY: 0.6290276589677787
width: 0.05038291011688835
height: 0.058454519532363844
Area: 0.0008584202011132913
CentroidX: 0.0538
CentroidY: 0.6612
