Location: Dedata_13.png_Otsu.png
Component: component_1755520268432_91.png
centerX: 0.13709677419354838
centerY: 0.1664291821031633
width: 0.03588709677419355
height: 0.015958962667426618
Area: 0.000140652147932965
CentroidX: 0.1536
CentroidY: 0.1751
