Location: Dedata_13.png_Otsu.png
Component: component_1755520268637_560.png
centerX: 0.4653225806451613
centerY: 0.7457965232259903
width: 0.043548387096774194
height: 0.029353092049016812
Area: 0.0004952702267900974
CentroidX: 0.4892
CentroidY: 0.7564
