Location: Dedata_13.png_Mean-Closing.png
Component: component_1755520268825_82.png
centerX: 0.8935483870967742
centerY: 0.23653462524935878
width: 0.038306451612903226
height: 0.025933314334568254
Area: 0.0003021033471534028
CentroidX: 0.9151
CentroidY: 0.2469
