Location: Dedata_13.png_Mean-Closing.png
Component: component_1755520268831_100.png
centerX: 0.6673387096774194
centerY: 0.29666571672841263
width: 0.04032258064516129
height: 0.02792818466799658
Area: 0.00032864799271918295
CentroidX: 0.6895
CentroidY: 0.3083
