Location: Dedata_13.png_Mean-Medain.png
Component: component_1755520268938_124.png
centerX: 0.08911290322580645
centerY: 0.37446565973211743
width: 0.03467741935483871
height: 0.029353092049016812
Area: 0.0003484128370365604
CentroidX: 0.1089
CentroidY: 0.3866
