Location: Dedata_13.png_Mean-Closing.png
Component: component_1755520268837_123.png
centerX: 0.022983870967741935
centerY: 0.3758905671131376
width: 0.0375
height: 0.028498147620404674
Area: 0.00037909431048272185
CentroidX: 0.0437
CentroidY: 0.3867
