Location: internet_23.png_Otsu.png
Component: component_1755081841778_110.png
centerX: 0.3559048770656993
centerY: 0.12004562303963502
width: 0.058444175735590485
height: 0.04818933561448532
Area: 0.0005509795747940981
CentroidX: 0.3864
CentroidY: 0.1455
