Location: internet_22.png_Mean-Closing.png
Component: component_1755082123909_50.png
centerX: 0.5114873035066505
centerY: 0.21214713430282292
width: 0.06408706166868199
height: 0.05503279155973767
Area: 0.0009478365776651913
CentroidX: 0.5499
CentroidY: 0.2459
