Location: internet_22.png_Gaussian-Closing.png
Component: component_1755082124120_55.png
centerX: 0.014107214832728738
centerY: 0.23495865412033076
width: 0.06368399838774688
height: 0.05132591958939264
Area: 0.0009400212645475445
CentroidX: 0.0479
CentroidY: 0.2650
