Location: internet_22.png_Mean-Medain.png
Component: component_1755082123772_61.png
centerX: 0.6360338573155986
centerY: 0.2754491017964072
width: 0.0471584038694075
height: 0.0499001996007984
Area: 0.0007316512251020502
CentroidX: 0.6633
CentroidY: 0.3034
