Location: internet_23.png_Gaussian-Closing.png
Component: component_1755081841676_42.png
centerX: 0.9036678758565094
centerY: 0.16224693470202453
width: 0.0773881499395405
height: 0.05075563159395495
Area: 0.0006166052187672791
CentroidX: 0.9455
CentroidY: 0.1894
