Location: Dedata_13.png_Mean-Medain.png
Component: component_1755520268913_10.png
centerX: 0.8298387096774194
centerY: 0.012254203476774009
width: 0.04233870967741935
height: 0.028498147620404674
Area: 0.00035381369565816933
CentroidX: 0.8539
CentroidY: 0.0219
