Location: Dedata_13.png_Gaussian-Median.png
Component: component_1755520268713_67.png
centerX: 0.07540322580645162
centerY: 0.170703904246224
width: 0.034274193548387094
height: 0.02707324023938444
Area: 0.00025809209498156815
CentroidX: 0.0947
CentroidY: 0.1818
