Location: Dedata_13.png_Mean-Medain.png
Component: component_1755520268964_236.png
centerX: 0.09717741935483871
centerY: 0.8090624109432887
width: 0.04395161290322581
height: 0.02821316614420063
Area: 0.000529973616231074
CentroidX: 0.1221
CentroidY: 0.8193
