Location: Dedata_13.png_Mean-Medain.png
Component: component_1755520268955_195.png
centerX: 0.1625
centerY: 0.6437731547449416
width: 0.04395161290322581
height: 0.028783129096608722
Area: 0.0005821436122781052
CentroidX: 0.1868
CentroidY: 0.6551
