Location: Dedata_13.png_Gaussian-Median.png
Component: component_1755520268735_162.png
centerX: 0.6387096774193548
centerY: 0.5135366201196923
width: 0.03669354838709677
height: 0.02707324023938444
Area: 0.0004214967962566304
CentroidX: 0.6597
CentroidY: 0.5245
