Location: internet_22.png_Mean-Medain.png
Component: component_1755082123774_65.png
centerX: 0.30874647319629184
centerY: 0.28457370972341034
width: 0.062071745264006446
height: 0.05246649558026804
Area: 0.0009071509770233242
CentroidX: 0.3447
CentroidY: 0.3138
