Location: internet_23.png_Mean-Closing.png
Component: component_1755081841458_35.png
centerX: 0.018540910923014912
centerY: 0.129455374964357
width: 0.04554615074566707
height: 0.05246649558026804
Area: 0.0006066062152197016
CentroidX: 0.0454
CentroidY: 0.1568
