Location: Dedata_13.png_Gaussian-Median.png
Component: component_1755520268746_217.png
centerX: 0.6834677419354839
centerY: 0.7429467084639498
width: 0.04233870967741935
height: 0.02821316614420063
Area: 0.0005353744748526829
CentroidX: 0.7063
CentroidY: 0.7545
