Location: internet_22.png_Gaussian-Median.png
Component: component_1755082124037_170.png
centerX: 0.36960902861749295
centerY: 0.7593384659252923
width: 0.051592099959693674
height: 0.043341887653264896
Area: 0.000640625813496517
CentroidX: 0.3991
CentroidY: 0.7843
