Location: Dedata_13.png_Otsu.png
Component: component_1755520268426_66.png
centerX: 0.32137096774193546
centerY: 0.11028783129096609
width: 0.036290322580645164
height: 0.02707324023938444
Area: 0.00022338870554059148
CentroidX: 0.3392
CentroidY: 0.1208
