Location: Dedata_13.png_Mean-Medain.png
Component: component_1755520268922_52.png
centerX: 0.8407258064516129
centerY: 0.14163579367341123
width: 0.03870967741935484
height: 0.026788258763180393
Area: 0.0003273839619779553
CentroidX: 0.8623
CentroidY: 0.1532
