Location: Dedata_13.png_Mean-Medain.png
Component: component_1755520268946_159.png
centerX: 0.6995967741935484
centerY: 0.5069820461669992
width: 0.041935483870967745
height: 0.02963807352522086
Area: 0.0005006710854117063
CentroidX: 0.7232
CentroidY: 0.5200
