Location: Dedata_13.png_Gaussian-Median.png
Component: component_1755520268704_32.png
centerX: 0.0810483870967742
centerY: 0.06469079509831861
width: 0.03387096774193549
height: 0.029923055001424906
Area: 0.0003106068266852977
CentroidX: 0.1001
CentroidY: 0.0757
