Location: Dedata_13.png_Otsu.png
Component: component_1755520268639_569.png
centerX: 0.7475806451612903
centerY: 0.7874038187517811
width: 0.03951612903225806
height: 0.036477628954117984
Area: 0.0004239099458535195
CentroidX: 0.7700
CentroidY: 0.8006
