Location: Dedata_13.png_Gaussian-Median.png
Component: component_1755520268751_237.png
centerX: 0.31693548387096776
centerY: 0.7999430037047592
width: 0.046370967741935484
height: 0.03277286976346538
Area: 0.0005303183518877725
CentroidX: 0.3433
CentroidY: 0.8129
