Location: Dedata_13.png_Otsu.png
Component: component_1755520268600_464.png
centerX: 0.7
centerY: 0.5072670276432032
width: 0.04112903225806452
height: 0.029068110572812767
Area: 0.00042873624504729776
CentroidX: 0.7231
CentroidY: 0.5201
