Location: internet_22.png_Gaussian-Median.png
Component: component_1755082124011_62.png
centerX: 0.21281741233373638
centerY: 0.22184203022526375
width: 0.05763804917372027
height: 0.05617336755061306
Area: 0.0008449732653079285
CentroidX: 0.2472
CentroidY: 0.2535
