Location: Dedata_13.png_Mean-Medain.png
Component: component_1755520268922_54.png
centerX: 0.7786290322580646
centerY: 0.1439156454830436
width: 0.037096774193548385
height: 0.03163294385864919
Area: 0.00035082598663344945
CentroidX: 0.7992
CentroidY: 0.1563
