Location: internet_22.png_Gaussian-Closing.png
Component: component_1755082124141_130.png
centerX: 0.19185812172511085
centerY: 0.6928999144568007
width: 0.04232164449818621
height: 0.06358711149130311
Area: 0.0007200431865008395
CentroidX: 0.2178
CentroidY: 0.7253
