Location: internet_22.png_Mean-Medain.png
Component: component_1755082123826_173.png
centerX: 0.10439338976219266
centerY: 0.8970630168234959
width: 0.05441354292623942
height: 0.058454519532363844
Area: 0.0008045175268165804
CentroidX: 0.1360
CentroidY: 0.9276
