Location: Dedata_13.png_Otsu.png
Component: component_1755520268643_586.png
centerX: 0.6532258064516129
centerY: 0.8463949843260188
width: 0.039112903225806454
height: 0.029923055001424906
Area: 0.0003884021732135798
CentroidX: 0.6752
CentroidY: 0.8564
