Location: Dedata_13.png_Mean-Closing.png
Component: component_1755520268816_40.png
centerX: 0.5866935483870968
centerY: 0.10629809062410943
width: 0.03870967741935484
height: 0.025078369905956112
Area: 0.00032037433695842027
CentroidX: 0.6075
CentroidY: 0.1157
