Location: internet_22.png_Gaussian-Closing.png
Component: component_1755082124113_27.png
centerX: 0.494155582426441
centerY: 0.09238665526090675
width: 0.06771463119709795
height: 0.04961505560307956
Area: 0.000879682450036301
CentroidX: 0.5294
CentroidY: 0.1210
