Location: internet_23.png_Otsu.png
Component: component_1755081841777_104.png
centerX: 0.8274889157597742
centerY: 0.11234673510122611
width: 0.06811769447803305
height: 0.04647847162817223
Area: 0.0005564962664065547
CentroidX: 0.8626
CentroidY: 0.1361
