Location: Dedata_13.png_Gaussian-Median.png
Component: component_1755520268719_98.png
centerX: 0.1439516129032258
centerY: 0.274437161584497
width: 0.041935483870967745
height: 0.02336848104873183
Area: 0.00028498147620404675
CentroidX: 0.1666
CentroidY: 0.2850
