Location: Dedata_13.png_Otsu.png
Component: component_1755520268600_465.png
centerX: 0.6391129032258065
centerY: 0.5138216015958963
width: 0.03588709677419355
height: 0.026503277286976348
Area: 0.0003957565338898133
CentroidX: 0.6597
CentroidY: 0.5245
