Location: internet_23.png_Gaussian-Closing.png
Component: component_1755081841681_54.png
centerX: 0.6698911729141476
centerY: 0.21927573424579413
width: 0.037484885126964934
height: 0.05617336755061306
Area: 0.00039662714072057417
CentroidX: 0.6868
CentroidY: 0.2466
