Location: internet_23.png_Mean-Medain.png
Component: component_1755081841385_20.png
centerX: 0.36275695284159615
centerY: 0.05645851154833191
width: 0.058847239016525596
height: 0.0504704875962361
Area: 0.0007045274913408054
CentroidX: 0.3959
CentroidY: 0.0837
