Location: internet_22.png_Mean-Closing.png
Component: component_1755082123912_56.png
centerX: 0.8081418782748891
centerY: 0.2634730538922156
width: 0.06086255542120113
height: 0.054177359566581124
Area: 0.0009232413275596558
CentroidX: 0.8471
CentroidY: 0.2931
