Location: Dedata_13.png_Mean-Medain.png
Component: component_1755520268962_230.png
centerX: 0.46733870967741936
centerY: 0.7939583927044742
width: 0.043548387096774194
height: 0.029923055001424906
Area: 0.0005389367433052335
CentroidX: 0.4907
CentroidY: 0.8065
