Location: Dedata_13.png_Mean-Closing.png
Component: component_1755520268865_246.png
centerX: 0.23669354838709677
centerY: 0.8577942433741806
width: 0.03870967741935484
height: 0.028783129096608722
Area: 0.00048079132920876273
CentroidX: 0.2589
CentroidY: 0.8687
