Location: Dedata_13.png_Otsu.png
Component: component_1755520268641_578.png
centerX: 0.17137096774193547
centerY: 0.8070675406098604
width: 0.041935483870967745
height: 0.027643203191792535
Area: 0.00047918256281083665
CentroidX: 0.1953
CentroidY: 0.8181
