Location: internet_22.png_Mean-Medain.png
Component: component_1755082123746_16.png
centerX: 0.5215638855300282
centerY: 0.046763615625891077
width: 0.05965336557839581
height: 0.04733390362132877
Area: 0.0008416402641254027
CentroidX: 0.5580
CentroidY: 0.0709
