Location: internet_22.png_Gaussian-Closing.png
Component: component_1755082124130_93.png
centerX: 0.40870616686819833
centerY: 0.459652124322783
width: 0.06287787182587666
height: 0.061305959509552324
Area: 0.0008288829147715969
CentroidX: 0.4473
CentroidY: 0.4961
