Location: Dedata_13.png_Mean-Medain.png
Component: component_1755520268920_44.png
centerX: 0.19798387096774195
centerY: 0.11028783129096609
width: 0.038306451612903226
height: 0.028498147620404674
Area: 0.0003732338043188483
CentroidX: 0.2189
CentroidY: 0.1225
