Location: internet_22.png_Mean-Medain.png
Component: component_1755082123761_41.png
centerX: 0.8750503829101169
centerY: 0.1485600228115198
width: 0.060459492140266025
height: 0.046193327630453376
Area: 0.0008387669872439149
CentroidX: 0.9116
CentroidY: 0.1743
