Location: Dedata_13.png_Gaussian-Median.png
Component: component_1755520268729_137.png
centerX: 0.3084677419354839
centerY: 0.4214876033057851
width: 0.038306451612903226
height: 0.024223425477343973
Area: 0.00028199376717932687
CentroidX: 0.3282
CentroidY: 0.4315
