Location: internet_22.png_Gaussian-Closing.png
Component: component_1755082124138_119.png
centerX: 0.11527609834744054
centerY: 0.6224693470202453
width: 0.04917372027408303
height: 0.061305959509552324
Area: 0.0008520989919740183
CentroidX: 0.1460
CentroidY: 0.6571
