Location: Dedata_13.png_Mean-Closing.png
Component: component_1755520268826_87.png
centerX: 0.555241935483871
centerY: 0.2516386434881733
width: 0.03870967741935484
height: 0.025933314334568254
Area: 0.0002965875766462277
CentroidX: 0.5773
CentroidY: 0.2636
