Location: Dedata_13.png_Gaussian-Median.png
Component: component_1755520268740_188.png
centerX: 0.9088709677419354
centerY: 0.6189797663151895
width: 0.04798387096774193
height: 0.03277286976346538
Area: 0.0005529559933443036
CentroidX: 0.9348
CentroidY: 0.6313
