Location: internet_23.png_Mean-Medain.png
Component: component_1755081841392_42.png
centerX: 0.17372027408303103
centerY: 0.12688907898488735
width: 0.05239822652156389
height: 0.046763615625891077
Area: 0.0005941936590916744
CentroidX: 0.2039
CentroidY: 0.1519
