Location: Dedata_13.png_Gaussian-Median.png
Component: component_1755520268725_125.png
centerX: 0.1592741935483871
centerY: 0.3704759190652608
width: 0.0407258064516129
height: 0.029923055001424906
Area: 0.0003188804824460604
CentroidX: 0.1823
CentroidY: 0.3838
