Location: internet_23.png_Gaussian-Closing.png
Component: component_1755081841683_60.png
centerX: 0.7335751713018944
centerY: 0.2352437981180496
width: 0.029826682789197905
height: 0.019674935842600515
Area: 0.00019733665622058123
CentroidX: 0.7466
CentroidY: 0.2463
