Location: internet_22.png_Mean-Closing.png
Component: component_1755082123920_82.png
centerX: 0.4030632809351068
centerY: 0.3954947248360422
width: 0.07013301088270858
height: 0.05588822355289421
Area: 0.0009580654433632878
CentroidX: 0.4395
CentroidY: 0.4305
