Location: internet_22.png_Mean-Closing.png
Component: component_1755082123936_146.png
centerX: 0.7138250705360741
centerY: 0.8043912175648703
width: 0.05280128980249899
height: 0.05617336755061306
Area: 0.000734754364134057
CentroidX: 0.7444
CentroidY: 0.8328
