Location: Dedata_13.png_Otsu.png
Component: component_1755520268431_90.png
centerX: 0.21491935483870966
centerY: 0.16614420062695925
width: 0.028225806451612902
height: 0.026503277286976348
Area: 0.0001221513343568152
CentroidX: 0.2289
CentroidY: 0.1765
