Location: internet_22.png_Mean-Closing.png
Component: component_1755082123937_150.png
centerX: 0.282950423216445
centerY: 0.8206444254348446
width: 0.062071745264006446
height: 0.05503279155973767
Area: 0.0008017591810103522
CentroidX: 0.3182
CentroidY: 0.8503
