Location: Dedata_13.png_Gaussian-Median.png
Component: component_1755520268745_213.png
centerX: 0.024596774193548387
centerY: 0.7036192647477914
width: 0.04395161290322581
height: 0.030493017953833
Area: 0.0005738699565173425
CentroidX: 0.0492
CentroidY: 0.7150
