Location: internet_22.png_Mean-Closing.png
Component: component_1755082123910_52.png
centerX: 0.21281741233373638
centerY: 0.22212717422298262
width: 0.05763804917372027
height: 0.055603079555175364
Area: 0.0008792227257352629
CentroidX: 0.2470
CentroidY: 0.2535
