Location: internet_22.png_Mean-Medain.png
Component: component_1755082123820_146.png
centerX: 0.2861749294639258
centerY: 0.7573424579412603
width: 0.04232164449818621
height: 0.05360707157114343
Area: 0.0006786679994074154
CentroidX: 0.3132
CentroidY: 0.7847
