Location: Kurtxevani_1794_page_10.png_Mean-Medain.png
Component: component_1755610054861_1036.png
centerX: 0.8217416715371128
centerY: 0.2838254737769943
width: 0.02162478082992402
height: 0.012780960775672102
Area: 0.0001653676377593561
CentroidX: 0.8330
CentroidY: 0.2891
