Location: internet_22.png_Gaussian-Closing.png
Component: component_1755082124144_140.png
centerX: 0.2861749294639258
centerY: 0.7576276019389792
width: 0.04232164449818621
height: 0.05332192757342458
Area: 0.0006521189210224682
CentroidX: 0.3132
CentroidY: 0.7848
