Location: internet_23.png_Otsu.png
Component: component_1755081841781_173.png
centerX: 0.6396614268440145
centerY: 0.17621899059024806
width: 0.06328093510681176
height: 0.040490447676076416
Area: 0.00032353097685552484
CentroidX: 0.6698
CentroidY: 0.1981
