Location: Dedata_13.png_Mean-Closing.png
Component: component_1755520268862_234.png
centerX: 0.9112903225806451
centerY: 0.8347107438016529
width: 0.03951612903225806
height: 0.031917925334853235
Area: 0.0004570045688965701
CentroidX: 0.9334
CentroidY: 0.8468
