Location: Dedata_13.png_Gaussian-Median.png
Component: component_1755520268730_140.png
centerX: 0.08991935483870968
centerY: 0.42775719578227417
width: 0.039112903225806454
height: 0.029068110572812767
Area: 0.0003326699087139981
CentroidX: 0.1114
CentroidY: 0.4417
