Location: Dedata_13.png_Mean-Medain.png
Component: component_1755520268961_226.png
centerX: 0.7475806451612903
centerY: 0.7871188372755771
width: 0.039919354838709675
height: 0.037047591906526074
Area: 0.0004913632226808483
CentroidX: 0.7701
CentroidY: 0.8006
