Location: Dedata_13.png_Mean-Closing.png
Component: component_1755520268858_215.png
centerX: 0.24274193548387096
centerY: 0.7477913935594186
width: 0.04516129032258064
height: 0.03277286976346538
Area: 0.0006016786328243502
CentroidX: 0.2682
CentroidY: 0.7613
