Location: internet_22.png_Gaussian-Closing.png
Component: component_1755082124140_128.png
centerX: 0.37646110439338976
centerY: 0.6817792985457656
width: 0.05401047964530431
height: 0.06330196749358426
Area: 0.0007188938757482444
CentroidX: 0.4085
CentroidY: 0.7142
