Location: internet_22.png_Gaussian-Median.png
Component: component_1755082124034_155.png
centerX: 0.28133817009270456
centerY: 0.6849158825206729
width: 0.05038291011688835
height: 0.05902480752780154
Area: 0.0006993555929541275
CentroidX: 0.3124
CentroidY: 0.7170
