Location: internet_22.png_Gaussian-Median.png
Component: component_1755082124029_136.png
centerX: 0.664248286981056
centerY: 0.590818363273453
width: 0.055219669488109635
height: 0.058454519532363844
Area: 0.0006638418906989384
CentroidX: 0.6980
CentroidY: 0.6256
