Location: Dedata_13.png_Mean-Closing.png
Component: component_1755520268844_151.png
centerX: 0.025806451612903226
centerY: 0.4836135651182673
width: 0.03790322580645161
height: 0.025078369905956112
Area: 0.000366798738727144
CentroidX: 0.0481
CentroidY: 0.4940
