Location: Dedata_13.png_Gaussian-Median.png
Component: component_1755520268703_26.png
centerX: 0.4483870967741935
centerY: 0.05842120262182958
width: 0.0375
height: 0.030208036477628954
Area: 0.0003319804374006012
CentroidX: 0.4694
CentroidY: 0.0707
