Location: internet_22.png_Gaussian-Closing.png
Component: component_1755082124123_68.png
centerX: 0.7968561064087062
centerY: 0.3193612774451098
width: 0.06287787182587666
height: 0.06073567151411463
Area: 0.0009509397166971982
CentroidX: 0.8348
CentroidY: 0.3531
