Location: Dedata_13.png_Mean-Closing.png
Component: component_1755520268847_165.png
centerX: 0.02379032258064516
centerY: 0.536905101168424
width: 0.038306451612903226
height: 0.026788258763180393
Area: 0.0003625469989611966
CentroidX: 0.0454
CentroidY: 0.5465
