Location: Dedata_13.png_Mean-Medain.png
Component: component_1755520268957_206.png
centerX: 0.3064516129032258
centerY: 0.695354801937874
width: 0.04879032258064516
height: 0.02707324023938444
Area: 0.0005954733910037783
CentroidX: 0.3329
CentroidY: 0.7074
