Location: internet_23.png_Mean-Closing.png
Component: component_1755081841454_20.png
centerX: 0.2668278919790407
centerY: 0.06387225548902195
width: 0.056831922611850064
height: 0.04448246364414029
Area: 0.0006956777985458231
CentroidX: 0.2988
CentroidY: 0.0878
