Location: Dedata_13.png_Mean-Medain.png
Component: component_1755520268961_224.png
centerX: 0.925
centerY: 0.7788543744656597
width: 0.038306451612903226
height: 0.034482758620689655
Area: 0.0004707939951645079
CentroidX: 0.9461
CentroidY: 0.7918
