Location: internet_23.png_Otsu.png
Component: component_1755081841784_306.png
centerX: 0.26803708182184605
centerY: 0.20017108639863132
width: 0.04877065699314793
height: 0.029940119760479042
Area: 0.00032318618362974633
CentroidX: 0.2920
CentroidY: 0.2124
