Location: internet_22.png_Gaussian-Closing.png
Component: component_1755082124127_82.png
centerX: 0.509471987101975
centerY: 0.39150270886797833
width: 0.06569931479242241
height: 0.054177359566581124
Area: 0.000799690421655681
CentroidX: 0.5485
CentroidY: 0.4250
