Location: internet_22.png_Gaussian-Closing.png
Component: component_1755082124125_73.png
centerX: 0.29222087867795243
centerY: 0.3413173652694611
width: 0.05642885933091495
height: 0.05446250356429997
Area: 0.0008827855890683078
CentroidX: 0.3248
CentroidY: 0.3723
