Location: Dedata_13.png_Gaussian-Median.png
Component: component_1755520268719_97.png
centerX: 0.2794354838709677
centerY: 0.2718723282986606
width: 0.041935483870967745
height: 0.02080364776289541
Area: 0.0002824534147215915
CentroidX: 0.3020
CentroidY: 0.2801
