Location: Dedata_13.png_Mean-Closing.png
Component: component_1755520268836_120.png
centerX: 0.23225806451612904
centerY: 0.3701909375890567
width: 0.036290322580645164
height: 0.025933314334568254
Area: 0.0003287629046047491
CentroidX: 0.2525
CentroidY: 0.3811
