Location: Dedata_13.png_Otsu.png
Component: component_1755520268425_62.png
centerX: 0.65
centerY: 0.1043032202906811
width: 0.03467741935483871
height: 0.029923055001424906
Area: 0.00020741595344689692
CentroidX: 0.6691
CentroidY: 0.1142
