Location: Dedata_13.png_Mean-Medain.png
Component: component_1755520268929_87.png
centerX: 0.7536290322580645
centerY: 0.2445141065830721
width: 0.045564516129032256
height: 0.02365346252493588
Area: 0.0003107217385708639
CentroidX: 0.7787
CentroidY: 0.2555
