Location: Dedata_13.png_Gaussian-Median.png
Component: component_1755520268707_44.png
centerX: 0.3866935483870968
centerY: 0.1085779424337418
width: 0.0407258064516129
height: 0.02963807352522086
Area: 0.0003316357017439028
CentroidX: 0.4092
CentroidY: 0.1210
