Location: internet_22.png_Gaussian-Closing.png
Component: component_1755082124150_167.png
centerX: 0.10439338976219266
centerY: 0.8973481608212147
width: 0.05401047964530431
height: 0.058169375534645
Area: 0.0007696934110129485
CentroidX: 0.1360
CentroidY: 0.9276
