Location: internet_22.png_Gaussian-Closing.png
Component: component_1755082124137_116.png
centerX: 0.38774687625957277
centerY: 0.6110635871114913
width: 0.058444175735590485
height: 0.06843455945252352
Area: 0.0008417551952006622
CentroidX: 0.4221
CentroidY: 0.6487
