Location: internet_22.png_Mean-Medain.png
Component: component_1755082123824_167.png
centerX: 0.6473196291817815
centerY: 0.864841745081266
width: 0.053607416364369206
height: 0.05788423153692615
Area: 0.0008483062664904543
CentroidX: 0.6765
CentroidY: 0.8948
