Location: Dedata_13.png_Gaussian-Median.png
Component: component_1755520268710_60.png
centerX: 0.5173387096774194
centerY: 0.1518951268167569
width: 0.0407258064516129
height: 0.02536335138216016
Area: 0.00029486389836273547
CentroidX: 0.5387
CentroidY: 0.1623
