Location: internet_23.png_Mean-Medain.png
Component: component_1755081841393_46.png
centerX: 0.8182184602982668
centerY: 0.1579697747362418
width: 0.07456670697299476
height: 0.05588822355289421
Area: 0.0007140667705873449
CentroidX: 0.8585
CentroidY: 0.1892
