Location: Dedata_13.png_Gaussian-Median.png
Component: component_1755520268708_48.png
centerX: 0.1342741935483871
centerY: 0.11199772014819037
width: 0.038306451612903226
height: 0.028498147620404674
Area: 0.00033646200093768097
CentroidX: 0.1548
CentroidY: 0.1239
