Location: Dedata_13.png_Otsu.png
Component: component_1755520268639_567.png
centerX: 0.9254032258064516
centerY: 0.7791393559418638
width: 0.0375
height: 0.03362781419207751
Area: 0.00040380036587944366
CentroidX: 0.9459
CentroidY: 0.7918
