Location: Dedata_13.png_Mean-Closing.png
Component: component_1755520268809_6.png
centerX: 0.697983870967742
centerY: 0.011114277571957822
width: 0.039112903225806454
height: 0.026503277286976348
Area: 0.0003172717160481343
CentroidX: 0.7193
CentroidY: 0.0214
