Location: Kurtxevani_1794_page_10.png_Mean-Medain.png
Component: component_1755610055093_2463.png
centerX: 0.5838690824079485
centerY: 0.7814014984574702
width: 0.03389830508474576
height: 0.020713970912296167
Area: 0.00032197748784921354
CentroidX: 0.6017
CentroidY: 0.7895
