Location: internet_23.png_Gaussian-Closing.png
Component: component_1755081841677_45.png
centerX: 0.4445787988714228
centerY: 0.17479327060165384
width: 0.06368399838774688
height: 0.05674365554605076
Area: 0.0007023438009108748
CentroidX: 0.4802
CentroidY: 0.2041
