Location: Dedata_13.png_Mean-Medain.png
Component: component_1755520268941_138.png
centerX: 0.08991935483870968
centerY: 0.42775719578227417
width: 0.039112903225806454
height: 0.029068110572812767
Area: 0.0003686373288962024
CentroidX: 0.1113
CentroidY: 0.4418
