Location: Dedata_13.png_Otsu.png
Component: component_1755520268439_135.png
centerX: 0.022983870967741935
centerY: 0.2772869763465375
width: 0.03064516129032258
height: 0.024223425477343973
Area: 0.00021994134897360704
CentroidX: 0.0405
CentroidY: 0.2874
