Location: internet_22.png_Gaussian-Median.png
Component: component_1755082124014_73.png
centerX: 0.10923014913341395
centerY: 0.28999144568006846
width: 0.060459492140266025
height: 0.05332192757342458
Area: 0.0008669251006824952
CentroidX: 0.1440
CentroidY: 0.3210
