Location: Dedata_13.png_Gaussian-Median.png
Component: component_1755520268717_83.png
centerX: 0.08024193548387097
centerY: 0.2231404958677686
width: 0.03387096774193549
height: 0.03220290681105728
Area: 0.0003096875316007685
CentroidX: 0.0998
CentroidY: 0.2359
