Location: Dedata_13.png_Otsu.png
Component: component_1755520268643_583.png
centerX: 0.7818548387096774
centerY: 0.8421202621829581
width: 0.038306451612903226
height: 0.028783129096608722
Area: 0.000359789113707609
CentroidX: 0.8045
CentroidY: 0.8535
