Location: Dedata_13.png_Mean-Closing.png
Component: component_1755520268830_96.png
centerX: 0.0810483870967742
centerY: 0.27842690225135364
width: 0.032661290322580645
height: 0.02336848104873183
Area: 0.0003126752406254884
CentroidX: 0.0996
CentroidY: 0.2871
