Location: Dedata_13.png_Mean-Medain.png
Component: component_1755520268920_42.png
centerX: 0.4544354838709677
centerY: 0.10658307210031348
width: 0.039919354838709675
height: 0.02707324023938444
Area: 0.00033944970996240085
CentroidX: 0.4760
CentroidY: 0.1191
