Location: internet_22.png_Mean-Closing.png
Component: component_1755082123914_67.png
centerX: 0.7968561064087062
centerY: 0.3193612774451098
width: 0.06328093510681176
height: 0.06073567151411463
Area: 0.0009928895591669199
CentroidX: 0.8347
CentroidY: 0.3532
