Location: internet_22.png_Gaussian-Median.png
Component: component_1755082124001_24.png
centerX: 0.10721483272873841
centerY: 0.055603079555175364
width: 0.058847239016525596
height: 0.045337895637296836
Area: 0.0008348593306850915
CentroidX: 0.1396
CentroidY: 0.0794
