Location: Dedata_13.png_Otsu.png
Component: component_1755520268424_57.png
centerX: 0.8282258064516129
centerY: 0.0994585351952123
width: 0.035483870967741936
height: 0.026503277286976348
Area: 0.00016455382013072376
CentroidX: 0.8477
CentroidY: 0.1104
