Location: internet_23.png_Gaussian-Closing.png
Component: component_1755081841684_61.png
centerX: 0.3498589278516727
centerY: 0.23552894211576847
width: 0.056831922611850064
height: 0.046763615625891077
Area: 0.0005522438166219527
CentroidX: 0.3803
CentroidY: 0.2624
