Location: Dedata_13.png_Gaussian-Median.png
Component: component_1755520268707_43.png
centerX: 0.4544354838709677
centerY: 0.10658307210031348
width: 0.039919354838709675
height: 0.027358221715588486
Area: 0.0003011840520688736
CentroidX: 0.4760
CentroidY: 0.1191
