Location: Dedata_13.png_Mean-Medain.png
Component: component_1755520268957_204.png
centerX: 0.4629032258064516
centerY: 0.6933599316044458
width: 0.045564516129032256
height: 0.03134796238244514
Area: 0.000600644425854255
CentroidX: 0.4872
CentroidY: 0.7060
