Location: Dedata_13.png_Mean-Medain.png
Component: component_1755520268940_132.png
centerX: 0.5258064516129032
centerY: 0.414648047876888
width: 0.04153225806451613
height: 0.026503277286976348
Area: 0.00036174261576223354
CentroidX: 0.5486
CentroidY: 0.4254
