Location: Paraklitoni_1720_page_10.png_Mean-Medain.png
Component: component_1755610055160_68.png
centerX: 0.7019817073170732
centerY: 0.03558897243107769
width: 0.019054878048780487
height: 0.012531328320802004
Area: 0.00013333638975487498
CentroidX: 0.7118
CentroidY: 0.0399
