Location: internet_22.png_Gaussian-Median.png
Component: component_1755082124015_81.png
centerX: 0.49455864570737607
centerY: 0.3378956372968349
width: 0.05642885933091495
height: 0.05389221556886228
Area: 0.0008001501459567191
CentroidX: 0.5266
CentroidY: 0.3672
