Location: internet_22.png_Mean-Closing.png
Component: component_1755082123903_38.png
centerX: 0.4719871019750101
centerY: 0.1454234388366125
width: 0.06852075775896815
height: 0.05503279155973767
Area: 0.0008981863531530823
CentroidX: 0.5096
CentroidY: 0.1771
