Location: internet_22.png_Gaussian-Closing.png
Component: component_1755082124148_157.png
centerX: 0.8399838774687626
centerY: 0.8557171371542629
width: 0.05965336557839581
height: 0.06102081551183348
Area: 0.0008364683657387246
CentroidX: 0.8719
CentroidY: 0.8872
