Location: Dedata_13.png_Mean-Closing.png
Component: component_1755520268842_142.png
centerX: 0.6790322580645162
centerY: 0.46195497292675974
width: 0.04395161290322581
height: 0.033912795668281565
Area: 0.0003848399047610292
CentroidX: 0.7050
CentroidY: 0.4756
