Location: Dedata_13.png_Gaussian-Median.png
Component: component_1755520268743_207.png
centerX: 0.46330645161290324
centerY: 0.6933599316044458
width: 0.044758064516129036
height: 0.03163294385864919
Area: 0.000547899870379393
CentroidX: 0.4872
CentroidY: 0.7062
