Location: internet_22.png_Mean-Closing.png
Component: component_1755082123917_71.png
centerX: 0.49455864570737607
centerY: 0.3378956372968349
width: 0.05642885933091495
height: 0.05360707157114343
Area: 0.0008279634661695208
CentroidX: 0.5264
CentroidY: 0.3672
