Location: Dedata_13.png_Mean-Closing.png
Component: component_1755520268864_242.png
centerX: 0.44314516129032255
centerY: 0.8509546879452835
width: 0.043548387096774194
height: 0.030493017953833
Area: 0.0004986026714715157
CentroidX: 0.4669
CentroidY: 0.8618
