Location: Kurtxevani_1764_page_10.png_Otsu.png
Component: component_1755610055958_1475.png
centerX: 0.2407766990291262
centerY: 0.6010289990645463
width: 0.027184466019417475
height: 0.018709073900841908
Area: 0.0002860853533381166
CentroidX: 0.2549
CentroidY: 0.6085
