Location: Dedata_13.png_Mean-Medain.png
Component: component_1755520268938_125.png
centerX: 0.022983870967741935
centerY: 0.3758905671131376
width: 0.0375
height: 0.028783129096608722
Area: 0.00038127763630847863
CentroidX: 0.0437
CentroidY: 0.3867
