Location: Dedata_13.png_Otsu.png
Component: component_1755520268414_2.png
centerX: 0.08870967741935484
centerY: 0.010829296095753777
width: 0.0375
height: 0.032487888287261325
Area: 0.0003763364252291343
CentroidX: 0.1107
CentroidY: 0.0251
