Location: Dedata_13.png_Otsu.png
Component: component_1755520268427_69.png
centerX: 0.1346774193548387
centerY: 0.11256768310059846
width: 0.0375
height: 0.027643203191792535
Area: 0.0002522315888176946
CentroidX: 0.1535
CentroidY: 0.1234
