Location: internet_22.png_Mean-Closing.png
Component: component_1755082123921_83.png
centerX: 0.20878677952438532
centerY: 0.39863130881094955
width: 0.06408706166868199
height: 0.06615340747077274
Area: 0.0008494555772430494
CentroidX: 0.2457
CentroidY: 0.4387
