Location: internet_22.png_Gaussian-Closing.png
Component: component_1755082124149_162.png
centerX: 0.5638855300282144
centerY: 0.8756772169945822
width: 0.054816606207174524
height: 0.05132591958939264
Area: 0.0006675196851072427
CentroidX: 0.5955
CentroidY: 0.9019
