Location: internet_22.png_Mean-Closing.png
Component: component_1755082123883_9.png
centerX: 0.1902458686013704
centerY: 0.011690903906472769
width: 0.05804111245465538
height: 0.02737382378100941
Area: 0.0006575206815596652
CentroidX: 0.2218
CentroidY: 0.0245
