Location: internet_23.png_Otsu.png
Component: component_1755081841773_54.png
centerX: 0.45828295042321643
centerY: 0.05531793555745652
width: 0.06086255542120113
height: 0.05189620758483034
Area: 0.0006033881451124354
CentroidX: 0.4909
CentroidY: 0.0838
