Location: Dedata_13.png_Gaussian-Median.png
Component: component_1755520268736_166.png
centerX: 0.29879032258064514
centerY: 0.530350527215731
width: 0.034274193548387094
height: 0.026788258763180393
Area: 0.0002831428860349884
CentroidX: 0.3193
CentroidY: 0.5404
