Location: internet_22.png_Gaussian-Closing.png
Component: component_1755082124146_151.png
centerX: 0.282950423216445
centerY: 0.8206444254348446
width: 0.06166868198307134
height: 0.05503279155973767
Area: 0.0007667052030562012
CentroidX: 0.3184
CentroidY: 0.8502
