Location: internet_22.png_Mean-Medain.png
Component: component_1755082123825_171.png
centerX: 0.2946392583635631
centerY: 0.8825206729398346
width: 0.0592503022974607
height: 0.05617336755061306
Area: 0.000815435978966234
CentroidX: 0.3285
CentroidY: 0.9145
