Location: Dedata_13.png_Otsu.png
Component: component_1755520268439_133.png
centerX: 0.27983870967741936
centerY: 0.27215730977486463
width: 0.0407258064516129
height: 0.019948703334283273
Area: 0.00020190018293972183
CentroidX: 0.3019
CentroidY: 0.2799
