Location: Dedata_13.png_Mean-Medain.png
Component: component_1755520268928_84.png
centerX: 0.8935483870967742
centerY: 0.23624964377315474
width: 0.038306451612903226
height: 0.0262182958107723
Area: 0.00030106914018330745
CentroidX: 0.9150
CentroidY: 0.2469
