Location: Dedata_13.png_Otsu.png
Component: component_1755520268583_356.png
centerX: 0.02903225806451613
centerY: 0.4323168994015389
width: 0.036290322580645164
height: 0.028783129096608722
Area: 0.00022051590840143777
CentroidX: 0.0488
CentroidY: 0.4419
