Location: Dedata_13.png_Gaussian-Median.png
Component: component_1755520268714_70.png
centerX: 0.8653225806451613
centerY: 0.18552294100883443
width: 0.04717741935483871
height: 0.024223425477343973
Area: 0.00027245608067733663
CentroidX: 0.8915
CentroidY: 0.1974
