Location: Dedata_13.png_Otsu.png
Component: component_1755520268648_593.png
centerX: 0.23709677419354838
centerY: 0.8580792248503847
width: 0.0375
height: 0.02792818466799658
Area: 0.00040403018965057594
CentroidX: 0.2589
CentroidY: 0.8688
