Location: Dedata_13.png_Mean-Medain.png
Component: component_1755520268926_70.png
centerX: 0.7366935483870968
centerY: 0.188942718723283
width: 0.037096774193548385
height: 0.029923055001424906
Area: 0.0003234769578687063
CentroidX: 0.7576
CentroidY: 0.2025
