Location: Dedata_13.png_Mean-Closing.png
Component: component_1755520268809_4.png
centerX: 0.3758064516129032
centerY: 0.011114277571957822
width: 0.03951612903225806
height: 0.03419777714448561
Area: 0.0003696715358662977
CentroidX: 0.3976
CentroidY: 0.0228
