Location: internet_22.png_Gaussian-Median.png
Component: component_1755082124041_185.png
centerX: 0.10237807335751713
centerY: 0.8277730253778158
width: 0.053607416364369206
height: 0.05959509552323924
Area: 0.0007941737300432245
CentroidX: 0.1346
CentroidY: 0.8598
