Location: Dedata_13.png_Otsu.png
Component: component_1755520268415_4.png
centerX: 0.4383064516129032
centerY: 0.011114277571957822
width: 0.036290322580645164
height: 0.03305785123966942
Area: 0.00025142720561873154
CentroidX: 0.4588
CentroidY: 0.0226
