Location: internet_22.png_Gaussian-Median.png
Component: component_1755082124017_87.png
centerX: 0.014913341394598953
centerY: 0.3581408611348731
width: 0.05239822652156389
height: 0.04961505560307956
Area: 0.0008191137733745385
CentroidX: 0.0433
CentroidY: 0.3861
