Location: Dedata_13.png_Otsu.png
Component: component_1755520268436_111.png
centerX: 0.14717741935483872
centerY: 0.2208606440581362
width: 0.034274193548387094
height: 0.030208036477628954
Area: 0.0002363737486095662
CentroidX: 0.1665
CentroidY: 0.2333
