Location: internet_22.png_Mean-Closing.png
Component: component_1755082123936_145.png
centerX: 0.6311970979443773
centerY: 0.7981180496150556
width: 0.054816606207174524
height: 0.06387225548902195
Area: 0.0008055519064939161
CentroidX: 0.6639
CentroidY: 0.8317
