Location: Dedata_13.png_Otsu.png
Component: component_1755520268640_573.png
centerX: 0.46774193548387094
centerY: 0.7939583927044742
width: 0.042741935483870966
height: 0.02963807352522086
Area: 0.0004533273885584534
CentroidX: 0.4907
CentroidY: 0.8066
