Location: Dedata_13.png_Otsu.png
Component: component_1755520268625_537.png
centerX: 0.2411290322580645
centerY: 0.640353377030493
width: 0.04596774193548387
height: 0.029923055001424906
Area: 0.0005396262146186305
CentroidX: 0.2668
CentroidY: 0.6527
