Location: internet_22.png_Mean-Closing.png
Component: component_1755082123919_76.png
centerX: 0.014913341394598953
centerY: 0.3581408611348731
width: 0.05239822652156389
height: 0.04961505560307956
Area: 0.000859684442941146
CentroidX: 0.0434
CentroidY: 0.3860
