Location: Dedata_13.png_Gaussian-Median.png
Component: component_1755520268740_189.png
centerX: 0.8362903225806452
centerY: 0.6204046736962098
width: 0.05120967741935484
height: 0.030208036477628954
Area: 0.0005908769155811323
CentroidX: 0.8641
CentroidY: 0.6316
