Location: Dedata_13.png_Mean-Medain.png
Component: component_1755520268953_185.png
centerX: 0.9088709677419354
centerY: 0.6186947848389854
width: 0.04798387096774193
height: 0.03305785123966942
Area: 0.0005942093602625506
CentroidX: 0.9348
CentroidY: 0.6311
