Location: Dedata_13.png_Otsu.png
Component: component_1755520268471_183.png
centerX: 0.16330645161290322
centerY: 0.3240239384440011
width: 0.042741935483870966
height: 0.0219435736677116
Area: 0.0001840888406769689
CentroidX: 0.1865
CentroidY: 0.3340
