Location: Dedata_13.png_Mean-Medain.png
Component: component_1755520268939_129.png
centerX: 0.7366935483870968
centerY: 0.4032487888287261
width: 0.04112903225806452
height: 0.026503277286976348
Area: 0.00037449783506007594
CentroidX: 0.7585
CentroidY: 0.4146
