Location: internet_23.png_Gaussian-Closing.png
Component: component_1755081841686_67.png
centerX: 0.012494961708988311
centerY: 0.24836042201311662
width: 0.05280128980249899
height: 0.05189620758483034
Area: 0.0005918950375864842
CentroidX: 0.0438
CentroidY: 0.2752
