Location: Dedata_13.png_Otsu.png
Component: component_1755520268416_12.png
centerX: 0.8927419354838709
centerY: 0.013394129381590196
width: 0.03387096774193549
height: 0.025648332858364205
Area: 0.00023292639204258175
CentroidX: 0.9118
CentroidY: 0.0227
