Location: Dedata_13.png_Mean-Closing.png
Component: component_1755520268836_119.png
centerX: 0.30201612903225805
centerY: 0.36620119692220005
width: 0.041935483870967745
height: 0.030208036477628954
Area: 0.00036082332067770436
CentroidX: 0.3254
CentroidY: 0.3782
