Location: internet_22.png_Mean-Medain.png
Component: component_1755082123819_143.png
centerX: 0.4615074566706973
centerY: 0.744796122041631
width: 0.05239822652156389
height: 0.05446250356429997
Area: 0.0006860235882240241
CentroidX: 0.4919
CentroidY: 0.7771
