Location: internet_22.png_Gaussian-Median.png
Component: component_1755082123997_8.png
centerX: 0.26924627166465137
centerY: 0.00998003992015968
width: 0.06650544135429262
height: 0.026518391787852865
Area: 0.0006002850060804286
CentroidX: 0.3070
CentroidY: 0.0210
