Location: internet_23.png_Mean-Closing.png
Component: component_1755081841460_43.png
centerX: 0.44417573559048773
centerY: 0.17479327060165384
width: 0.06408706166868199
height: 0.05674365554605076
Area: 0.0007623378221963397
CentroidX: 0.4798
CentroidY: 0.2042
