Location: internet_22.png_Mean-Closing.png
Component: component_1755082123934_136.png
centerX: 0.4615074566706973
centerY: 0.744796122041631
width: 0.05239822652156389
height: 0.054177359566581124
Area: 0.0006863683814498027
CentroidX: 0.4918
CentroidY: 0.7771
