Location: internet_22.png_Mean-Closing.png
Component: component_1755082123917_70.png
centerX: 0.3958081418782749
centerY: 0.33561448531508414
width: 0.06166868198307134
height: 0.054177359566581124
Area: 0.0009209427060544657
CentroidX: 0.4301
CentroidY: 0.3704
