Location: internet_23.png_Otsu.png
Component: component_1755081841781_167.png
centerX: 0.4445787988714228
centerY: 0.17479327060165384
width: 0.06328093510681176
height: 0.05645851154833191
Area: 0.0004508746082430636
CentroidX: 0.4760
CentroidY: 0.2053
