Location: internet_22.png_Gaussian-Median.png
Component: component_1755082124005_49.png
centerX: 0.3732365981459089
centerY: 0.15226689478186484
width: 0.06368399838774688
height: 0.05218135158254919
Area: 0.0009273788462689982
CentroidX: 0.4080
CentroidY: 0.1821
