Location: Dedata_13.png_Gaussian-Median.png
Component: component_1755520268707_42.png
centerX: 0.5870967741935483
centerY: 0.10629809062410943
width: 0.038306451612903226
height: 0.02536335138216016
Area: 0.00028394726923395143
CentroidX: 0.6076
CentroidY: 0.1157
