Location: Dedata_13.png_Gaussian-Median.png
Component: component_1755520268707_45.png
centerX: 0.19798387096774195
centerY: 0.11028783129096609
width: 0.038306451612903226
height: 0.028783129096608722
Area: 0.0003376111197933425
CentroidX: 0.2190
CentroidY: 0.1225
