Location: Dedata_13.png_Mean-Medain.png
Component: component_1755520268934_108.png
centerX: 0.23870967741935484
centerY: 0.3211741236819607
width: 0.03951612903225806
height: 0.030777999430037048
Area: 0.0003586399948519475
CentroidX: 0.2639
CentroidY: 0.3328
