Location: internet_22.png_Gaussian-Closing.png
Component: component_1755082124136_113.png
centerX: 0.664248286981056
centerY: 0.590818363273453
width: 0.055219669488109635
height: 0.058169375534645
Area: 0.0006622328556453053
CentroidX: 0.6980
CentroidY: 0.6255
