Location: Dedata_13.png_Mean-Medain.png
Component: component_1755520268952_182.png
centerX: 0.024596774193548387
centerY: 0.5864918780279282
width: 0.039919354838709675
height: 0.031917925334853235
Area: 0.0005608849134483678
CentroidX: 0.0466
CentroidY: 0.5993
