Location: internet_22.png_Gaussian-Median.png
Component: component_1755082124040_180.png
centerX: 0.4635227730753728
centerY: 0.8100940975192472
width: 0.053607416364369206
height: 0.057028799543769604
Area: 0.0007495804728425339
CentroidX: 0.4953
CentroidY: 0.8411
