Location: Dedata_13.png_Mean-Medain.png
Component: component_1755520268967_249.png
centerX: 0.16451612903225807
centerY: 0.8577942433741806
width: 0.04596774193548387
height: 0.037047591906526074
Area: 0.0005726059257761149
CentroidX: 0.1916
CentroidY: 0.8728
