Location: internet_22.png_Mean-Closing.png
Component: component_1755082123929_115.png
centerX: 0.3873438129786376
centerY: 0.6110635871114913
width: 0.058847239016525596
height: 0.06843455945252352
Area: 0.0008838199687456434
CentroidX: 0.4221
CentroidY: 0.6485
