Location: internet_22.png_Gaussian-Closing.png
Component: component_1755082124122_63.png
centerX: 0.30874647319629184
centerY: 0.28457370972341034
width: 0.062071745264006446
height: 0.05246649558026804
Area: 0.0008730164476712494
CentroidX: 0.3448
CentroidY: 0.3138
