Location: Dedata_13.png_Gaussian-Median.png
Component: component_1755520268717_84.png
centerX: 0.02217741935483871
centerY: 0.22428042177258478
width: 0.03306451612903226
height: 0.02821316614420063
Area: 0.00029440425082047085
CentroidX: 0.0405
CentroidY: 0.2366
