Location: Dedata_13.png_Mean-Medain.png
Component: component_1755520268913_9.png
centerX: 0.25766129032258067
centerY: 0.011684240524365916
width: 0.037096774193548385
height: 0.030493017953833
Area: 0.0004092012245010526
CentroidX: 0.2796
CentroidY: 0.0229
