Location: Dedata_13.png_Gaussian-Median.png
Component: component_1755520268748_225.png
centerX: 0.027016129032258064
centerY: 0.7552009119407238
width: 0.04112903225806452
height: 0.034482758620689655
Area: 0.0005133113928239826
CentroidX: 0.0513
CentroidY: 0.7681
