Location: Dedata_13.png_Mean-Medain.png
Component: component_1755520268950_174.png
centerX: 0.6806451612903226
centerY: 0.5665431746936449
width: 0.05443548387096774
height: 0.031062980906241093
Area: 0.0006121356144108697
CentroidX: 0.7118
CentroidY: 0.5804
