Location: Dedata_13.png_Mean-Closing.png
Component: component_1755520268860_227.png
centerX: 0.5419354838709678
centerY: 0.7956682815616984
width: 0.044758064516129036
height: 0.026503277286976348
Area: 0.0005104385956848288
CentroidX: 0.5662
CentroidY: 0.8057
