Location: Samociqulo_1709_page_10.png_Gaussian-Median.png
Component: component_1755610056151_1351.png
centerX: 0.16904176904176904
centerY: 0.3053125
width: 0.03194103194103194
height: 0.0134375
Area: 0.00020254914004914004
CentroidX: 0.1850
CentroidY: 0.3104
