Location: Dedata_13.png_Otsu.png
Component: component_1755520268640_570.png
centerX: 0.8088709677419355
centerY: 0.7874038187517811
width: 0.03588709677419355
height: 0.0353377030493018
Area: 0.00042862133316173156
CentroidX: 0.8303
CentroidY: 0.7997
