Location: Dedata_13.png_Mean-Medain.png
Component: component_1755520268939_131.png
centerX: 0.597983870967742
centerY: 0.4106583072100313
width: 0.04112903225806452
height: 0.024223425477343973
Area: 0.0003412883001314592
CentroidX: 0.6207
CentroidY: 0.4215
