Location: internet_22.png_Mean-Closing.png
Component: component_1755082123931_127.png
centerX: 0.37646110439338976
centerY: 0.6814941545480467
width: 0.05401047964530431
height: 0.06358711149130311
Area: 0.0007513044389714266
CentroidX: 0.4083
CentroidY: 0.7142
