Location: internet_23.png_Mean-Medain.png
Component: component_1755081841396_62.png
centerX: 0.8323256751309955
centerY: 0.22070145423438836
width: 0.06166868198307134
height: 0.047619047619047616
Area: 0.0005785630328563808
CentroidX: 0.8635
CentroidY: 0.2418
