Location: internet_22.png_Gaussian-Median.png
Component: component_1755082124024_118.png
centerX: 0.6654574768238614
centerY: 0.5183917878528657
width: 0.058444175735590485
height: 0.05446250356429997
Area: 0.000805322044343397
CentroidX: 0.7016
CentroidY: 0.5513
