Location: internet_23.png_Mean-Closing.png
Component: component_1755081841455_24.png
centerX: 0.017331721080209594
centerY: 0.06843455945252352
width: 0.053607416364369206
height: 0.0510407755916738
Area: 0.0007271689131669293
CentroidX: 0.0485
CentroidY: 0.0950
