Location: internet_22.png_Mean-Closing.png
Component: component_1755082123921_84.png
centerX: 0.3047158403869408
centerY: 0.4037639007698888
width: 0.05562273276904474
height: 0.05389221556886228
Area: 0.000869798377563983
CentroidX: 0.3386
CentroidY: 0.4352
