Location: Dedata_13.png_Otsu.png
Component: component_1755520268424_56.png
centerX: 0.9459677419354838
centerY: 0.0963237389569678
width: 0.03467741935483871
height: 0.026503277286976348
Area: 0.000160072256593644
CentroidX: 0.9639
CentroidY: 0.1072
