Location: internet_22.png_Gaussian-Closing.png
Component: component_1755082124118_49.png
centerX: 0.6166868198307134
centerY: 0.2018819503849444
width: 0.06368399838774688
height: 0.05674365554605076
Area: 0.0009066912527222862
CentroidX: 0.6557
CentroidY: 0.2365
