Location: Dedata_13.png_Gaussian-Median.png
Component: component_1755520268748_222.png
centerX: 0.24274193548387096
centerY: 0.7477913935594186
width: 0.04516129032258064
height: 0.03277286976346538
Area: 0.0005547945835133619
CentroidX: 0.2683
CentroidY: 0.7614
