Location: internet_22.png_Gaussian-Closing.png
Component: component_1755082124114_35.png
centerX: 0.6711003627569528
centerY: 0.14314228685486172
width: 0.06247480854494156
height: 0.04961505560307956
Area: 0.0008520989919740183
CentroidX: 0.7060
CentroidY: 0.1718
