Location: Dedata_13.png_Otsu.png
Component: component_1755520268621_528.png
centerX: 0.7645161290322581
centerY: 0.6186947848389854
width: 0.0467741935483871
height: 0.032487888287261325
Area: 0.000545486720782504
CentroidX: 0.7895
CentroidY: 0.6333
