Location: Dedata_13.png_Gaussian-Median.png
Component: component_1755520268747_220.png
centerX: 0.31975806451612904
centerY: 0.7455115417497863
width: 0.04314516129032258
height: 0.033912795668281565
Area: 0.0005708822474926226
CentroidX: 0.3446
CentroidY: 0.7597
