Location: internet_22.png_Mean-Closing.png
Component: component_1755082123940_163.png
centerX: 0.19830713422007254
centerY: 0.889364128885087
width: 0.06086255542120113
height: 0.05474764756201882
Area: 0.0008523288541245372
CentroidX: 0.2339
CentroidY: 0.9206
