Location: internet_23.png_Gaussian-Closing.png
Component: component_1755081841664_20.png
centerX: 0.8162031438935913
centerY: 0.06273167949814656
width: 0.06529625151148731
height: 0.04419731964642144
Area: 0.0005832752069420209
CentroidX: 0.8515
CentroidY: 0.0849
