Location: Dedata_13.png_Mean-Closing.png
Component: component_1755520268841_136.png
centerX: 0.08991935483870968
centerY: 0.4280421772584782
width: 0.039112903225806454
height: 0.028783129096608722
Area: 0.00036898206455290085
CentroidX: 0.1113
CentroidY: 0.4418
