Location: Dedata_13.png_Mean-Closing.png
Component: component_1755520268850_177.png
centerX: 0.3842741935483871
centerY: 0.5847819891707039
width: 0.04879032258064516
height: 0.031917925334853235
Area: 0.0005545647597422296
CentroidX: 0.4117
CentroidY: 0.5964
