Location: internet_22.png_Gaussian-Median.png
Component: component_1755082124040_181.png
centerX: 0.5477629987908101
centerY: 0.8112346735101226
width: 0.051592099959693674
height: 0.054177359566581124
Area: 0.0006664853054299071
CentroidX: 0.5779
CentroidY: 0.8396
