Location: internet_22.png_Gaussian-Median.png
Component: component_1755082124035_160.png
centerX: 0.10640870616686819
centerY: 0.6971770744225834
width: 0.04554615074566707
height: 0.05674365554605076
Area: 0.000709124734351186
CentroidX: 0.1348
CentroidY: 0.7275
