Location: internet_23.png_Mean-Medain.png
Component: component_1755081841385_21.png
centerX: 0.634018540910923
centerY: 0.06045052751639578
width: 0.06408706166868199
height: 0.04505275163957799
Area: 0.0006952180742447851
CentroidX: 0.6691
CentroidY: 0.0847
