Location: internet_22.png_Mean-Closing.png
Component: component_1755082123928_112.png
centerX: 0.664248286981056
centerY: 0.590818363273453
width: 0.05562273276904474
height: 0.058169375534645
Area: 0.000695447936395304
CentroidX: 0.6979
CentroidY: 0.6256
