Location: internet_22.png_Gaussian-Closing.png
Component: component_1755082124135_109.png
centerX: 0.018540910923014912
centerY: 0.5588822355289421
width: 0.0475614671503426
height: 0.054177359566581124
Area: 0.0006064912841444422
CentroidX: 0.0501
CentroidY: 0.5873
