Location: internet_23.png_Mean-Medain.png
Component: component_1755081841397_67.png
centerX: 0.2599758162031439
centerY: 0.24208725406330198
width: 0.05642885933091495
height: 0.04818933561448532
Area: 0.0006716572038165852
CentroidX: 0.2908
CentroidY: 0.2687
