Location: internet_23.png_Otsu.png
Component: component_1755081841779_118.png
centerX: 0.09955663039097139
centerY: 0.12917023096663816
width: 0.04796453043127771
height: 0.045337895637296836
Area: 0.0005005248327551726
CentroidX: 0.1262
CentroidY: 0.1547
