Location: Dedata_13.png_Mean-Closing.png
Component: component_1755520268865_248.png
centerX: 0.028629032258064516
centerY: 0.8620689655172413
width: 0.04233870967741935
height: 0.03134796238244514
Area: 0.0005380174482207044
CentroidX: 0.0526
CentroidY: 0.8745
