Location: internet_23.png_Mean-Medain.png
Component: component_1755081841383_11.png
centerX: 0.5425231761386538
centerY: 0.011690903906472769
width: 0.06287787182587666
height: 0.04647847162817223
Area: 0.0007626826154221183
CentroidX: 0.5777
CentroidY: 0.0360
