Location: internet_22.png_Mean-Closing.png
Component: component_1755082123928_111.png
centerX: 0.7501007658202338
centerY: 0.585400627316795
width: 0.05642885933091495
height: 0.05873966353008269
Area: 0.0007202730486513586
CentroidX: 0.7840
CentroidY: 0.6195
