Location: internet_22.png_Mean-Closing.png
Component: component_1755082123919_79.png
centerX: 0.9048770656993148
centerY: 0.38979184488166524
width: 0.06610237807335752
height: 0.11120615911035073
Area: 0.0015874280114843728
CentroidX: 0.9462
CentroidY: 0.4480
