Location: Dedata_13.png_Mean-Medain.png
Component: component_1755520268922_53.png
centerX: 0.7112903225806452
centerY: 0.1433456825306355
width: 0.039919354838709675
height: 0.028783129096608722
Area: 0.0003572610522251538
CentroidX: 0.7341
CentroidY: 0.1557
