Location: Dedata_13.png_Gaussian-Median.png
Component: component_1755520268725_124.png
centerX: 0.23266129032258065
centerY: 0.3701909375890567
width: 0.035483870967741936
height: 0.025933314334568254
Area: 0.00029314022007924324
CentroidX: 0.2526
CentroidY: 0.3811
