Location: internet_22.png_Gaussian-Closing.png
Component: component_1755082124106_9.png
centerX: 0.1902458686013704
centerY: 0.011690903906472769
width: 0.05804111245465538
height: 0.02737382378100941
Area: 0.0006310865342499776
CentroidX: 0.2219
CentroidY: 0.0246
