Location: Dedata_13.png_Otsu.png
Component: component_1755520268624_533.png
centerX: 0.5379032258064517
centerY: 0.6309489883157595
width: 0.04516129032258064
height: 0.0347677400968937
Area: 0.0005861655282729203
CentroidX: 0.5624
CentroidY: 0.6447
