Location: internet_22.png_Mean-Medain.png
Component: component_1755082123812_118.png
centerX: 0.664248286981056
centerY: 0.590818363273453
width: 0.05562273276904474
height: 0.058454519532363844
Area: 0.0006983212132767919
CentroidX: 0.6979
CentroidY: 0.6256
