Location: Dedata_13.png_Mean-Medain.png
Component: component_1755520268945_152.png
centerX: 0.16491935483870968
centerY: 0.47962382445141066
width: 0.03951612903225806
height: 0.029068110572812767
Area: 0.0003662241792993133
CentroidX: 0.1873
CentroidY: 0.4910
