Location: internet_22.png_Gaussian-Median.png
Component: component_1755082124034_159.png
centerX: 0.19185812172511085
centerY: 0.6928999144568007
width: 0.04232164449818621
height: 0.06358711149130311
Area: 0.0007170549785440922
CentroidX: 0.2178
CentroidY: 0.7253
