Location: internet_23.png_Mean-Medain.png
Component: component_1755081841389_35.png
centerX: 0.5477629987908101
centerY: 0.11092101511263187
width: 0.06529625151148731
height: 0.05189620758483034
Area: 0.0006463723672594927
CentroidX: 0.5840
CentroidY: 0.1379
