Location: Dedata_13.png_Gaussian-Median.png
Component: component_1755520268749_229.png
centerX: 0.8725806451612903
centerY: 0.7819891707039043
width: 0.032661290322580645
height: 0.03277286976346538
Area: 0.0004071328105608619
CentroidX: 0.8912
CentroidY: 0.7950
