Location: internet_22.png_Mean-Closing.png
Component: component_1755082123912_59.png
centerX: 0.4135429262394196
centerY: 0.2802965497576276
width: 0.062071745264006446
height: 0.0575990875392073
Area: 0.0009982913197041168
CentroidX: 0.4492
CentroidY: 0.3131
