Location: internet_22.png_Mean-Closing.png
Component: component_1755082123891_21.png
centerX: 0.18984280532043532
centerY: 0.05218135158254919
width: 0.062071745264006446
height: 0.046763615625891077
Area: 0.000829112776922116
CentroidX: 0.2248
CentroidY: 0.0764
