Location: internet_22.png_Gaussian-Median.png
Component: component_1755082124005_46.png
centerX: 0.4719871019750101
centerY: 0.1454234388366125
width: 0.06852075775896815
height: 0.05503279155973767
Area: 0.0008610636158442602
CentroidX: 0.5096
CentroidY: 0.1771
