Location: Dedata_13.png_Gaussian-Median.png
Component: component_1755520268710_61.png
centerX: 0.38991935483870965
centerY: 0.15388999715018523
width: 0.031048387096774193
height: 0.028783129096608722
Area: 0.00027935079381130547
CentroidX: 0.4085
CentroidY: 0.1664
