Location: internet_22.png_Mean-Closing.png
Component: component_1755082123915_69.png
centerX: 0.5872632003224506
centerY: 0.32877102936983177
width: 0.06650544135429262
height: 0.06187624750499002
Area: 0.0010020840451876807
CentroidX: 0.6268
CentroidY: 0.3639
