Location: Dedata_13.png_Gaussian-Median.png
Component: component_1755520268705_33.png
centerX: 0.01975806451612903
centerY: 0.06640068395554288
width: 0.035483870967741936
height: 0.03134796238244514
Area: 0.0003146287426801129
CentroidX: 0.0407
CentroidY: 0.0769
