Location: Dedata_13.png_Mean-Closing.png
Component: component_1755520268838_126.png
centerX: 0.8705645161290323
centerY: 0.3986890852094614
width: 0.038306451612903226
height: 0.02365346252493588
Area: 0.00031842083490379576
CentroidX: 0.8911
CentroidY: 0.4092
