Location: Dedata_13.png_Mean-Medain.png
Component: component_1755520268943_145.png
centerX: 0.6068548387096774
centerY: 0.46337988030778
width: 0.041935483870967745
height: 0.025078369905956112
Area: 0.00033450849888305646
CentroidX: 0.6296
CentroidY: 0.4757
