Location: internet_22.png_Mean-Medain.png
Component: component_1755082123812_119.png
centerX: 0.5747682386134623
centerY: 0.598517251211862
width: 0.053607416364369206
height: 0.05731394354148845
Area: 0.0007316512251020502
CentroidX: 0.6069
CentroidY: 0.6345
