Location: Dedata_13.png_Mean-Closing.png
Component: component_1755520268836_117.png
centerX: 0.46169354838709675
centerY: 0.36249643773154744
width: 0.04112903225806452
height: 0.029353092049016812
Area: 0.00036725838626940863
CentroidX: 0.4847
CentroidY: 0.3745
