Location: Dedata_13.png_Gaussian-Median.png
Component: component_1755520268721_105.png
centerX: 0.5923387096774193
centerY: 0.29780564263322884
width: 0.04435483870967742
height: 0.02536335138216016
Area: 0.0003328997324851304
CentroidX: 0.6161
CentroidY: 0.3096
