Location: internet_23.png_Otsu.png
Component: component_1755081841772_10.png
centerX: 0.5429262394195888
centerY: 0.011976047904191617
width: 0.062071745264006446
height: 0.04590818363273453
Area: 0.0006663703743546477
CentroidX: 0.5771
CentroidY: 0.0364
