Location: internet_22.png_Gaussian-Median.png
Component: component_1755082124021_107.png
centerX: 0.5078597339782346
centerY: 0.4585115483319076
width: 0.060459492140266025
height: 0.05531793555745652
Area: 0.0007177445649956493
CentroidX: 0.5459
CentroidY: 0.4922
