Location: Dedata_13.png_Mean-Medain.png
Component: component_1755520268936_117.png
centerX: 0.5334677419354839
centerY: 0.35708178968367055
width: 0.03790322580645161
height: 0.03761755485893417
Area: 0.0003969056527454748
CentroidX: 0.5546
CentroidY: 0.3737
