Location: internet_22.png_Mean-Medain.png
Component: component_1755082123736_3.png
centerX: 0.44135429262394194
centerY: 0.001996007984031936
width: 0.05602579604997985
height: 0.039064727687482176
Area: 0.0007475117134878627
CentroidX: 0.4748
CentroidY: 0.0216
