Location: Dedata_13.png_Mean-Closing.png
Component: component_1755520268829_94.png
centerX: 0.1439516129032258
centerY: 0.274437161584497
width: 0.041935483870967745
height: 0.02336848104873183
Area: 0.00032290239844087553
CentroidX: 0.1666
CentroidY: 0.2849
