Location: Dedata_13.png_Mean-Closing.png
Component: component_1755520268835_115.png
centerX: 0.5334677419354839
centerY: 0.3573667711598746
width: 0.03790322580645161
height: 0.037047591906526074
Area: 0.00039736530028773934
CentroidX: 0.5545
CentroidY: 0.3737
