Location: Dedata_13.png_Mean-Closing.png
Component: component_1755520268815_30.png
centerX: 0.0810483870967742
centerY: 0.06469079509831861
width: 0.03387096774193549
height: 0.029923055001424906
Area: 0.00033979444561909927
CentroidX: 0.1001
CentroidY: 0.0756
