Location: internet_23.png_Gaussian-Closing.png
Component: component_1755081841684_62.png
centerX: 0.6376461104393389
centerY: 0.2392358140861135
width: 0.02902055622732769
height: 0.023381807812945538
Area: 0.00020135924385466413
CentroidX: 0.6515
CentroidY: 0.2515
