Location: Dedata_13.png_Gaussian-Median.png
Component: component_1755520268739_185.png
centerX: 0.024596774193548387
centerY: 0.5864918780279282
width: 0.039919354838709675
height: 0.031917925334853235
Area: 0.0005190569871022899
CentroidX: 0.0467
CentroidY: 0.5994
