Location: Dedata_13.png_Gaussian-Median.png
Component: component_1755520268746_219.png
centerX: 0.6108870967741935
centerY: 0.7452265602735823
width: 0.044758064516129036
height: 0.0347677400968937
Area: 0.0005518068744886422
CentroidX: 0.6366
CentroidY: 0.7578
