Location: internet_22.png_Gaussian-Closing.png
Component: component_1755082124135_110.png
centerX: 0.9165659008464329
centerY: 0.5697177074422584
width: 0.06247480854494156
height: 0.05902480752780154
Area: 0.0008164703586435696
CentroidX: 0.9529
CentroidY: 0.6041
