Location: internet_22.png_Gaussian-Median.png
Component: component_1755082124036_164.png
centerX: 0.7166465135026199
centerY: 0.7285429141716567
width: 0.056831922611850064
height: 0.05959509552323924
Area: 0.0007427995394022228
CentroidX: 0.7490
CentroidY: 0.7615
