Location: internet_22.png_Gaussian-Median.png
Component: component_1755082124035_161.png
centerX: 0.018137847642079808
centerY: 0.701739378386085
width: 0.0471584038694075
height: 0.05303678357570573
Area: 0.0007569360616591427
CentroidX: 0.0469
CentroidY: 0.7288
