Location: Dedata_13.png_Mean-Medain.png
Component: component_1755520268932_99.png
centerX: 0.8846774193548387
centerY: 0.286691365061271
width: 0.04798387096774193
height: 0.028498147620404674
Area: 0.00041103981467011097
CentroidX: 0.9095
CentroidY: 0.2997
