Location: Dedata_13.png_Mean-Medain.png
Component: component_1755520268959_213.png
centerX: 0.7524193548387097
centerY: 0.7412368196067256
width: 0.0467741935483871
height: 0.030493017953833
Area: 0.0005855909688450895
CentroidX: 0.7795
CentroidY: 0.7537
