Location: Dedata_13.png_Mean-Closing.png
Component: component_1755520268860_226.png
centerX: 0.46733870967741936
centerY: 0.7939583927044742
width: 0.043548387096774194
height: 0.029923055001424906
Area: 0.000539281478961932
CentroidX: 0.4907
CentroidY: 0.8065
