Location: Dedata_13.png_Mean-Medain.png
Component: component_1755520268935_112.png
centerX: 0.08830645161290322
centerY: 0.3265887717298376
width: 0.04233870967741935
height: 0.026503277286976348
Area: 0.0003225576627841771
CentroidX: 0.1128
CentroidY: 0.3376
