Location: internet_23.png_Otsu.png
Component: component_1755081841770_5.png
centerX: 0.45747682386134625
centerY: 0.009124607927003137
width: 0.05239822652156389
height: 0.04790419161676647
Area: 0.0005884471053286989
CentroidX: 0.4864
CentroidY: 0.0340
