Location: Samociqulo_1709_page_10.png_Gaussian-Median.png
Component: component_1755610056268_2768.png
centerX: 0.8157248157248157
centerY: 0.6759375
width: 0.0285012285012285
height: 0.0125
Area: 0.00016446560196560196
CentroidX: 0.8306
CentroidY: 0.6809
