Location: Dedata_13.png_Mean-Closing.png
Component: component_1755520268856_208.png
centerX: 0.8282258064516129
centerY: 0.7352522086064406
width: 0.046370967741935484
height: 0.030208036477628954
Area: 0.0005745594278307394
CentroidX: 0.8537
CentroidY: 0.7473
