Location: internet_22.png_Mean-Closing.png
Component: component_1755082123906_41.png
centerX: 0.28657799274486095
centerY: 0.15882520672939834
width: 0.0592503022974607
height: 0.04932991160536071
Area: 0.000830262087674711
CentroidX: 0.3197
CentroidY: 0.1862
