Location: internet_23.png_Mean-Closing.png
Component: component_1755081841461_47.png
centerX: 0.0177347843611447
centerY: 0.18962075848303392
width: 0.05401047964530431
height: 0.0510407755916738
Area: 0.0006864833125250621
CentroidX: 0.0482
CentroidY: 0.2166
