Location: Dedata_13.png_Mean-Medain.png
Component: component_1755520268912_3.png
centerX: 0.08830645161290322
centerY: 0.01054431461954973
width: 0.038306451612903226
height: 0.03277286976346538
Area: 0.000438273931549288
CentroidX: 0.1107
CentroidY: 0.0251
