Location: Dedata_13.png_Gaussian-Median.png
Component: component_1755520268702_20.png
centerX: 0.8858870967741935
centerY: 0.05272157309774864
width: 0.037096774193548385
height: 0.027643203191792535
Area: 0.00029681740041735997
CentroidX: 0.9061
CentroidY: 0.0637
