Location: Dedata_13.png_Mean-Medain.png
Component: component_1755520268942_141.png
centerX: 0.8927419354838709
centerY: 0.44742091764035335
width: 0.046370967741935484
height: 0.03277286976346538
Area: 0.00041172928598350787
CentroidX: 0.9174
CentroidY: 0.4614
