Location: Paraklitoni_1720_page_10.png_Mean-Medain.png
Component: component_1755610055285_769.png
centerX: 0.7019817073170732
centerY: 0.2832080200501253
width: 0.018292682926829267
height: 0.012030075187969926
Area: 0.00011003117549972492
CentroidX: 0.7118
CentroidY: 0.2877
