Location: internet_22.png_Mean-Medain.png
Component: component_1755082123769_55.png
centerX: 0.21281741233373638
centerY: 0.22212717422298262
width: 0.05763804917372027
height: 0.05588822355289421
Area: 0.0008806018986383771
CentroidX: 0.2470
CentroidY: 0.2535
