Location: Dedata_13.png_Gaussian-Median.png
Component: component_1755520268736_167.png
centerX: 0.22620967741935483
centerY: 0.530635508691935
width: 0.038306451612903226
height: 0.02821316614420063
Area: 0.0003231322222120078
CentroidX: 0.2479
CentroidY: 0.5422
