Location: Dedata_13.png_Gaussian-Median.png
Component: component_1755520268753_247.png
centerX: 0.6528225806451613
centerY: 0.8461100028498147
width: 0.03951612903225806
height: 0.030493017953833
Area: 0.0004279318618483347
CentroidX: 0.6753
CentroidY: 0.8566
