Location: internet_22.png_Gaussian-Median.png
Component: component_1755082124020_104.png
centerX: 0.728335348649738
centerY: 0.44682064442543484
width: 0.06731156791616284
height: 0.05246649558026804
Area: 0.0007078604925233313
CentroidX: 0.7681
CentroidY: 0.4783
