Location: internet_22.png_Mean-Medain.png
Component: component_1755082123825_170.png
centerX: 0.38492543329302703
centerY: 0.8771029369831765
width: 0.06126561870213623
height: 0.06073567151411463
Area: 0.0008229064988581023
CentroidX: 0.4192
CentroidY: 0.9091
