Location: Paraklitoni_1720_page_10.png_Mean-Medain.png
Component: component_1755610055526_2092.png
centerX: 0.7408536585365854
centerY: 0.7609022556390977
width: 0.019054878048780487
height: 0.012030075187969926
Area: 0.00011881838743199462
CentroidX: 0.7505
CentroidY: 0.7654
