Location: internet_22.png_Gaussian-Median.png
Component: component_1755082124018_96.png
centerX: 0.509471987101975
centerY: 0.3912175648702595
width: 0.06569931479242241
height: 0.05446250356429997
Area: 0.0008086550455259229
CentroidX: 0.5486
CentroidY: 0.4250
