Location: Dedata_13.png_Otsu.png
Component: component_1755520268415_6.png
centerX: 0.37620967741935485
centerY: 0.011684240524365916
width: 0.03870967741935484
height: 0.03334283271587347
Area: 0.0002854411237463113
CentroidX: 0.3977
CentroidY: 0.0228
