Location: internet_22.png_Gaussian-Closing.png
Component: component_1755082124149_163.png
centerX: 0.475614671503426
centerY: 0.8768177929854577
width: 0.05280128980249899
height: 0.0504704875962361
Area: 0.0006780933440311178
CentroidX: 0.5069
CentroidY: 0.9060
