Location: internet_22.png_Gaussian-Median.png
Component: component_1755082124033_151.png
centerX: 0.6307940346634422
centerY: 0.6658112346735101
width: 0.05038291011688835
height: 0.05360707157114343
Area: 0.0006662554432793882
CentroidX: 0.6597
CentroidY: 0.6965
