Location: internet_23.png_Gaussian-Closing.png
Component: component_1755081841682_58.png
centerX: 0.5731559854897219
centerY: 0.22868548617051612
width: 0.037081821846029824
height: 0.043912175648702596
Area: 0.00033881680986503986
CentroidX: 0.5917
CentroidY: 0.2517
