Location: internet_22.png_Gaussian-Median.png
Component: component_1755082124004_39.png
centerX: 0.10923014913341395
centerY: 0.11320216709438266
width: 0.06731156791616284
height: 0.04733390362132877
Area: 0.0008948533519705565
CentroidX: 0.1485
CentroidY: 0.1398
