Location: Dedata_13.png_Gaussian-Median.png
Component: component_1755520268716_82.png
centerX: 0.14637096774193548
centerY: 0.22057566258193217
width: 0.035483870967741936
height: 0.030777999430037048
Area: 0.00031911030621719266
CentroidX: 0.1671
CentroidY: 0.2334
