Location: internet_23.png_Gaussian-Closing.png
Component: component_1755081841671_30.png
centerX: 0.8274889157597742
centerY: 0.11234673510122611
width: 0.06852075775896815
height: 0.046763615625891077
Area: 0.0006525786453235062
CentroidX: 0.8640
CentroidY: 0.1358
