Location: Dedata_13.png_Mean-Medain.png
Component: component_1755520268950_176.png
centerX: 0.5358870967741935
centerY: 0.5753776004559704
width: 0.049193548387096775
height: 0.027643203191792535
Area: 0.0005631831511596908
CentroidX: 0.5621
CentroidY: 0.5873
