Location: Dedata_13.png_Mean-Closing.png
Component: component_1755520268832_105.png
centerX: 0.3064516129032258
centerY: 0.31889427187232827
width: 0.04233870967741935
height: 0.02080364776289541
Area: 0.0003163524209636051
CentroidX: 0.3297
CentroidY: 0.3288
