Location: internet_22.png_Mean-Closing.png
Component: component_1755082123940_165.png
centerX: 0.025796049979846837
centerY: 0.9039064727687482
width: 0.049979846835953246
height: 0.055603079555175364
Area: 0.0007834851400440898
CentroidX: 0.0548
CentroidY: 0.9306
