Location: internet_22.png_Mean-Medain.png
Component: component_1755082123760_39.png
centerX: 0.5743651753325272
centerY: 0.14513829483889365
width: 0.06449012494961709
height: 0.05246649558026804
Area: 0.000859684442941146
CentroidX: 0.6121
CentroidY: 0.1749
