Location: internet_22.png_Gaussian-Closing.png
Component: component_1755082124112_24.png
centerX: 0.5929060862555421
centerY: 0.08696891930424865
width: 0.06932688432083838
height: 0.04847447961220416
Area: 0.0008683042735856093
CentroidX: 0.6307
CentroidY: 0.1163
