Location: Dedata_13.png_Mean-Closing.png
Component: component_1755520268824_73.png
centerX: 0.4689516129032258
centerY: 0.20347677400968936
width: 0.03467741935483871
height: 0.029353092049016812
Area: 0.00030371211355132886
CentroidX: 0.4884
CentroidY: 0.2162
