Location: Dedata_13.png_Gaussian-Median.png
Component: component_1755520268744_208.png
centerX: 0.3842741935483871
centerY: 0.6936449130806498
width: 0.049193548387096775
height: 0.03134796238244514
Area: 0.0005262964358929572
CentroidX: 0.4101
CentroidY: 0.7076
