Location: Dedata_13.png_Mean-Medain.png
Component: component_1755520268944_149.png
centerX: 0.23790322580645162
centerY: 0.4762040467369621
width: 0.04032258064516129
height: 0.027643203191792535
Area: 0.00035415843131486775
CentroidX: 0.2600
CentroidY: 0.4876
