Location: internet_23.png_Otsu.png
Component: component_1755081841774_61.png
centerX: 0.2672309552599758
centerY: 0.06387225548902195
width: 0.05602579604997985
height: 0.04448246364414029
Area: 0.0006203979442508431
CentroidX: 0.2981
CentroidY: 0.0880
