Location: internet_22.png_Gaussian-Median.png
Component: component_1755082124014_77.png
centerX: 0.7968561064087062
centerY: 0.3193612774451098
width: 0.06328093510681176
height: 0.06073567151411463
Area: 0.0009511695788477171
CentroidX: 0.8348
CentroidY: 0.3531
