Location: Dedata_13.png_Mean-Closing.png
Component: component_1755520268850_179.png
centerX: 0.024596774193548387
centerY: 0.5864918780279282
width: 0.039919354838709675
height: 0.03163294385864919
Area: 0.0005630682392741246
CentroidX: 0.0466
CentroidY: 0.5993
