Location: Dedata_13.png_Otsu.png
Component: component_1755520268642_579.png
centerX: 0.09798387096774193
centerY: 0.8093473924194927
width: 0.04233870967741935
height: 0.027643203191792535
Area: 0.00046114139677695145
CentroidX: 0.1222
CentroidY: 0.8193
