Location: Dedata_13.png_Gaussian-Median.png
Component: component_1755520268753_251.png
centerX: 0.4435483870967742
centerY: 0.8509546879452835
width: 0.04314516129032258
height: 0.030493017953833
Area: 0.0004589580709511946
CentroidX: 0.4670
CentroidY: 0.8619
