Location: internet_22.png_Mean-Closing.png
Component: component_1755082123939_160.png
centerX: 0.475614671503426
centerY: 0.8768177929854577
width: 0.053204353083434096
height: 0.05075563159395495
Area: 0.0007179744271461683
CentroidX: 0.5067
CentroidY: 0.9062
