Location: internet_22.png_Gaussian-Median.png
Component: component_1755082124016_83.png
centerX: 0.196291817815397
centerY: 0.3438836612489307
width: 0.05965336557839581
height: 0.05075563159395495
Area: 0.0008856588659497956
CentroidX: 0.2312
CentroidY: 0.3746
