Location: internet_22.png_Mean-Closing.png
Component: component_1755082123931_125.png
centerX: 0.5477629987908101
centerY: 0.6706586826347305
width: 0.051189036678758564
height: 0.05617336755061306
Area: 0.0006939538324169304
CentroidX: 0.5778
CentroidY: 0.7006
