Location: internet_22.png_Gaussian-Median.png
Component: component_1755082124022_108.png
centerX: 0.40870616686819833
centerY: 0.459652124322783
width: 0.06287787182587666
height: 0.061305959509552324
Area: 0.0008270440175674448
CentroidX: 0.4473
CentroidY: 0.4962
