Location: Dedata_13.png_Otsu.png
Component: component_1755520268598_439.png
centerX: 0.16572580645161292
centerY: 0.4799088059276147
width: 0.03790322580645161
height: 0.01652892561983471
Area: 0.00018811075667178408
CentroidX: 0.1841
CentroidY: 0.4886
