Location: internet_23.png_Gaussian-Closing.png
Component: component_1755081841672_33.png
centerX: 0.3559048770656993
centerY: 0.11976047904191617
width: 0.058444175735590485
height: 0.04847447961220416
Area: 0.0006417751242491122
CentroidX: 0.3878
CentroidY: 0.1451
