Location: internet_22.png_Mean-Medain.png
Component: component_1755082123822_154.png
centerX: 0.37686416767432485
centerY: 0.808668377530653
width: 0.06126561870213623
height: 0.06045052751639578
Area: 0.0007484311620899388
CentroidX: 0.4105
CentroidY: 0.8424
