Location: Dedata_13.png_Mean-Medain.png
Component: component_1755520268963_232.png
centerX: 0.3911290322580645
centerY: 0.7985180963237389
width: 0.04516129032258064
height: 0.031062980906241093
Area: 0.0005691585692091304
CentroidX: 0.4171
CentroidY: 0.8110
