Location: Dedata_13.png_Mean-Closing.png
Component: component_1755520268859_220.png
centerX: 0.925
centerY: 0.7788543744656597
width: 0.038306451612903226
height: 0.034482758620689655
Area: 0.0004720580259057355
CentroidX: 0.9460
CentroidY: 0.7918
