Location: internet_22.png_Mean-Closing.png
Component: component_1755082123918_75.png
centerX: 0.10278113663845223
centerY: 0.3558597091531223
width: 0.05602579604997985
height: 0.04847447961220416
Area: 0.0009245055693875105
CentroidX: 0.1375
CentroidY: 0.3822
