Location: internet_22.png_Mean-Medain.png
Component: component_1755082123785_86.png
centerX: 0.7239016525594518
centerY: 0.3912175648702595
width: 0.06529625151148731
height: 0.05474764756201882
Area: 0.0009579505122880284
CentroidX: 0.7625
CentroidY: 0.4234
