Location: Paraklitoni_1720_page_10.png_Mean-Medain.png
Component: component_1755610055630_2241.png
centerX: 0.36509146341463417
centerY: 0.8240601503759398
width: 0.019054878048780487
height: 0.011528822055137845
Area: 0.00011155938627055444
CentroidX: 0.3753
CentroidY: 0.8282
