Location: Dedata_13.png_Mean-Medain.png
Component: component_1755520268936_116.png
centerX: 0.6709677419354839
centerY: 0.35537190082644626
width: 0.043548387096774194
height: 0.02707324023938444
Area: 0.00039288373675065957
CentroidX: 0.6940
CentroidY: 0.3669
