Location: internet_22.png_Gaussian-Closing.png
Component: component_1755082124129_88.png
centerX: 0.013301088270858524
centerY: 0.4163102366695181
width: 0.06408706166868199
height: 0.05645851154833191
Area: 0.0009656508943304156
CentroidX: 0.0482
CentroidY: 0.4490
