Location: Dedata_13.png_Otsu.png
Component: component_1755520268627_540.png
centerX: 0.08911290322580645
centerY: 0.6451980621259618
width: 0.043548387096774194
height: 0.03419777714448561
Area: 0.0005065315915755798
CentroidX: 0.1142
CentroidY: 0.6568
