Location: Dedata_13.png_Gaussian-Median.png
Component: component_1755520268739_183.png
centerX: 0.3842741935483871
centerY: 0.5850669706469079
width: 0.04838709677419355
height: 0.031917925334853235
Area: 0.0005129666571672841
CentroidX: 0.4118
CentroidY: 0.5966
