Location: internet_22.png_Gaussian-Closing.png
Component: component_1755082124129_87.png
centerX: 0.1120515920999597
centerY: 0.41003706871970347
width: 0.058847239016525596
height: 0.05674365554605076
Area: 0.0008027935606876878
CentroidX: 0.1483
CentroidY: 0.4430
