Location: Dedata_13.png_Gaussian-Median.png
Component: component_1755520268736_169.png
centerX: 0.024193548387096774
centerY: 0.536905101168424
width: 0.03790322580645161
height: 0.02707324023938444
Area: 0.00032887781649031523
CentroidX: 0.0456
CentroidY: 0.5467
