Location: internet_22.png_Mean-Closing.png
Component: component_1755082123932_130.png
centerX: 0.10640870616686819
centerY: 0.6971770744225834
width: 0.04554615074566707
height: 0.05674365554605076
Area: 0.0007421099529506658
CentroidX: 0.1347
CentroidY: 0.7275
