Location: internet_22.png_Gaussian-Median.png
Component: component_1755082124038_174.png
centerX: 0.890769850866586
centerY: 0.7801539777587682
width: 0.06328093510681176
height: 0.0647276874821785
Area: 0.0008970370424004873
CentroidX: 0.9251
CentroidY: 0.8156
