Location: Dedata_13.png_Mean-Closing.png
Component: component_1755520268831_104.png
centerX: 0.37943548387096776
centerY: 0.31176973496722715
width: 0.04112903225806452
height: 0.030208036477628954
Area: 0.0003047463205214242
CentroidX: 0.4016
CentroidY: 0.3252
