Location: internet_22.png_Mean-Medain.png
Component: component_1755082123754_29.png
centerX: 0.494155582426441
centerY: 0.09238665526090675
width: 0.06771463119709795
height: 0.0499001996007984
Area: 0.0009081853567006598
CentroidX: 0.5292
CentroidY: 0.1211
