Location: internet_22.png_Mean-Closing.png
Component: component_1755082123924_98.png
centerX: 0.9113260781942765
centerY: 0.5021385799828914
width: 0.056831922611850064
height: 0.05503279155973767
Area: 0.0007765892755285192
CentroidX: 0.9447
CentroidY: 0.5360
