Location: Dedata_13.png_Otsu.png
Component: component_1755520268435_106.png
centerX: 0.4693548387096774
centerY: 0.20404673696209746
width: 0.03346774193548387
height: 0.028498147620404674
Area: 0.0001910984656965039
CentroidX: 0.4878
CentroidY: 0.2159
