Location: Dedata_13.png_Mean-Medain.png
Component: component_1755520268967_247.png
centerX: 0.3064516129032258
centerY: 0.8552294100883443
width: 0.04153225806451613
height: 0.028783129096608722
Area: 0.00047895273903970437
CentroidX: 0.3296
CentroidY: 0.8665
