Location: Dedata_13.png_Mean-Medain.png
Component: component_1755520268962_228.png
centerX: 0.682258064516129
centerY: 0.7902536335138216
width: 0.04395161290322581
height: 0.0347677400968937
Area: 0.0005233087268682375
CentroidX: 0.7072
CentroidY: 0.8031
