Location: Dedata_13.png_Gaussian-Median.png
Component: component_1755520268718_92.png
centerX: 0.48870967741935484
centerY: 0.2544884582502137
width: 0.039919354838709675
height: 0.024793388429752067
Area: 0.0002671701339412938
CentroidX: 0.5116
CentroidY: 0.2678
