Location: internet_23.png_Mean-Closing.png
Component: component_1755081841457_29.png
centerX: 0.4546553808948005
centerY: 0.11320216709438266
width: 0.06247480854494156
height: 0.046763615625891077
Area: 0.0006933791770406328
CentroidX: 0.4884
CentroidY: 0.1402
