Location: internet_23.png_Gaussian-Closing.png
Component: component_1755081841663_19.png
centerX: 0.5465538089480049
centerY: 0.06159110350727117
width: 0.060056428859330914
height: 0.04562303963501568
Area: 0.0006811964830631247
CentroidX: 0.5804
CentroidY: 0.0846
