Location: Dedata_13.png_Mean-Medain.png
Component: component_1755520268937_123.png
centerX: 0.1592741935483871
centerY: 0.3704759190652608
width: 0.0407258064516129
height: 0.02963807352522086
Area: 0.00036335138216015957
CentroidX: 0.1821
CentroidY: 0.3838
