Location: internet_22.png_Mean-Medain.png
Component: component_1755082123769_54.png
centerX: 0.3143893591293833
centerY: 0.22041631023666952
width: 0.06086255542120113
height: 0.055603079555175364
Area: 0.0009342747107845689
CentroidX: 0.3509
CentroidY: 0.2518
