Location: Dedata_13.png_Mean-Medain.png
Component: component_1755520268928_80.png
centerX: 0.14637096774193548
centerY: 0.22029068110572814
width: 0.035483870967741936
height: 0.031062980906241093
Area: 0.0003547329907426985
CentroidX: 0.1671
CentroidY: 0.2333
