Location: internet_22.png_Gaussian-Median.png
Component: component_1755082124012_67.png
centerX: 0.7138250705360741
centerY: 0.27003136583974907
width: 0.06328093510681176
height: 0.05389221556886228
Area: 0.0008916352818632902
CentroidX: 0.7499
CentroidY: 0.3022
