Location: Dedata_13.png_Otsu.png
Component: component_1755520268437_117.png
centerX: 0.6899193548387097
centerY: 0.24479908805927614
width: 0.03387096774193549
height: 0.02963807352522086
Area: 0.00016087663979260703
CentroidX: 0.7085
CentroidY: 0.2578
