Location: internet_23.png_Mean-Medain.png
Component: component_1755081841398_68.png
centerX: 0.18137847642079807
centerY: 0.2446535500427716
width: 0.053607416364369206
height: 0.04847447961220416
Area: 0.0006221219103797357
CentroidX: 0.2113
CentroidY: 0.2707
