Location: internet_23.png_Gaussian-Closing.png
Component: component_1755081841677_46.png
centerX: 0.26803708182184605
centerY: 0.17792985457656116
width: 0.05441354292623942
height: 0.05218135158254919
Area: 0.0005779883774800833
CentroidX: 0.2996
CentroidY: 0.2071
