Location: internet_22.png_Gaussian-Closing.png
Component: component_1755082124128_83.png
centerX: 0.7239016525594518
centerY: 0.3912175648702595
width: 0.06529625151148731
height: 0.05474764756201882
Area: 0.0009249652936885486
CentroidX: 0.7626
CentroidY: 0.4233
