Location: internet_22.png_Gaussian-Closing.png
Component: component_1755082124134_107.png
centerX: 0.1950826279725917
centerY: 0.5466210436270317
width: 0.053607416364369206
height: 0.05161106358711149
Area: 0.0007072858371470338
CentroidX: 0.2265
CentroidY: 0.5773
