Location: Dedata_13.png_Gaussian-Median.png
Component: component_1755520268738_179.png
centerX: 0.5362903225806451
centerY: 0.5753776004559704
width: 0.04879032258064516
height: 0.027643203191792535
Area: 0.0005162991018487024
CentroidX: 0.5622
CentroidY: 0.5874
