Location: internet_22.png_Gaussian-Median.png
Component: component_1755082124008_57.png
centerX: 0.8045143087464732
centerY: 0.1996007984031936
width: 0.06650544135429262
height: 0.0510407755916738
Area: 0.0008674997560587928
CentroidX: 0.8412
CentroidY: 0.2296
