Location: Dedata_13.png_Gaussian-Median.png
Component: component_1755520268713_66.png
centerX: 0.13669354838709677
centerY: 0.16614420062695925
width: 0.037096774193548385
height: 0.029923055001424906
Area: 0.0002748692302742257
CentroidX: 0.1573
CentroidY: 0.1782
