Location: internet_22.png_Gaussian-Median.png
Component: component_1755082124017_93.png
centerX: 0.6211205159209996
centerY: 0.38751069289991447
width: 0.07779121322047561
height: 0.05588822355289421
Area: 0.0008571559592854367
CentroidX: 0.6671
CentroidY: 0.4210
