Location: internet_23.png_Otsu.png
Component: component_1755081841769_2.png
centerX: 0.18500604594921402
centerY: 0.00570287995437696
width: 0.05038291011688835
height: 0.04961505560307956
Area: 0.0006326955693036108
CentroidX: 0.2147
CentroidY: 0.0300
