Location: Dedata_13.png_Mean-Closing.png
Component: component_1755520268818_47.png
centerX: 0.07419354838709677
centerY: 0.11427757195782275
width: 0.037096774193548385
height: 0.026788258763180393
Area: 0.0003593294661653444
CentroidX: 0.0943
CentroidY: 0.1261
