Location: internet_23.png_Gaussian-Closing.png
Component: component_1755081841675_39.png
centerX: 0.8186215235792019
centerY: 0.15825491873396064
width: 0.07416364369205965
height: 0.05531793555745652
Area: 0.0006264892912395971
CentroidX: 0.8590
CentroidY: 0.1886
