Location: Dedata_13.png_Mean-Closing.png
Component: component_1755520268854_196.png
centerX: 0.744758064516129
centerY: 0.6853804502707324
width: 0.04435483870967742
height: 0.030777999430037048
Area: 0.0005314674707434339
CentroidX: 0.7701
CentroidY: 0.6978
