Location: Dedata_13.png_Otsu.png
Component: component_1755520268635_552.png
centerX: 0.09798387096774193
centerY: 0.7021943573667712
width: 0.045564516129032256
height: 0.02707324023938444
Area: 0.0005254920526939943
CentroidX: 0.1226
CentroidY: 0.7133
