Location: Dedata_13.png_Mean-Medain.png
Component: component_1755520268930_93.png
centerX: 0.3528225806451613
centerY: 0.2653177543459675
width: 0.04032258064516129
height: 0.024508406953548018
Area: 0.00031118138611312845
CentroidX: 0.3754
CentroidY: 0.2763
