Location: internet_22.png_Mean-Medain.png
Component: component_1755082123790_96.png
centerX: 0.8182184602982668
centerY: 0.45451953236384374
width: 0.06126561870213623
height: 0.04847447961220416
Area: 0.0007778535173563738
CentroidX: 0.8528
CentroidY: 0.4828
