Location: internet_22.png_Gaussian-Closing.png
Component: component_1755082124121_59.png
centerX: 0.6364369205965337
centerY: 0.2754491017964072
width: 0.04675534058847239
height: 0.0499001996007984
Area: 0.0007009646280077606
CentroidX: 0.6634
CentroidY: 0.3033
