Location: internet_23.png_Otsu.png
Component: component_1755081841772_11.png
centerX: 0.3619508262797259
centerY: 0.012546335899629312
width: 0.049979846835953246
height: 0.04733390362132877
Area: 0.0006868281057508407
CentroidX: 0.3896
CentroidY: 0.0363
