Location: internet_23.png_Mean-Medain.png
Component: component_1755081841395_56.png
centerX: 0.0177347843611447
centerY: 0.18933561448531508
width: 0.05401047964530431
height: 0.05161106358711149
Area: 0.0006906208312344045
CentroidX: 0.0483
CentroidY: 0.2166
