Location: Dedata_13.png_Otsu.png
Component: component_1755520268431_88.png
centerX: 0.3334677419354839
centerY: 0.16215445996010258
width: 0.031048387096774193
height: 0.02707324023938444
Area: 0.00019960194522839888
CentroidX: 0.3514
CentroidY: 0.1714
