Location: internet_22.png_Gaussian-Closing.png
Component: component_1755082124148_158.png
centerX: 0.9218057234985892
centerY: 0.8557171371542629
width: 0.06126561870213623
height: 0.05360707157114343
Area: 0.0007757847580017026
CentroidX: 0.9551
CentroidY: 0.8835
