Location: internet_22.png_Gaussian-Closing.png
Component: component_1755082124117_44.png
centerX: 0.10318419991938735
centerY: 0.16909039064727688
width: 0.05078597339782346
height: 0.05161106358711149
Area: 0.0007948633164947815
CentroidX: 0.1333
CentroidY: 0.1960
