Location: internet_22.png_Mean-Closing.png
Component: component_1755082123914_68.png
centerX: 0.6964933494558646
centerY: 0.32620473339036216
width: 0.06408706166868199
height: 0.05389221556886228
Area: 0.0008272738797179637
CentroidX: 0.7342
CentroidY: 0.3562
