Location: Paraklitoni_1720_page_10.png_Mean-Medain.png
Component: component_1755610055287_781.png
centerX: 0.8597560975609756
centerY: 0.2837092731829574
width: 0.019817073170731708
height: 0.011027568922305764
Area: 0.0001069747539580659
CentroidX: 0.8704
CentroidY: 0.2876
