Location: internet_22.png_Mean-Medain.png
Component: component_1755082123800_110.png
centerX: 0.38008867392180573
centerY: 0.5377815796977473
width: 0.05763804917372027
height: 0.05218135158254919
Area: 0.0007531433361755789
CentroidX: 0.4134
CentroidY: 0.5675
