Location: Dedata_13.png_Gaussian-Median.png
Component: component_1755520268754_253.png
centerX: 0.30685483870967745
centerY: 0.8555143915645483
width: 0.0407258064516129
height: 0.028498147620404674
Area: 0.00043907831474825104
CentroidX: 0.3296
CentroidY: 0.8667
