Location: Dedata_13.png_Mean-Medain.png
Component: component_1755520268946_157.png
centerX: 0.7645161290322581
centerY: 0.5035622684525506
width: 0.04395161290322581
height: 0.028783129096608722
Area: 0.0005228490793259728
CentroidX: 0.7892
CentroidY: 0.5170
