Location: internet_23.png_Otsu.png
Component: component_1755081841770_7.png
centerX: 0.27448609431680776
centerY: 0.011120615911035072
width: 0.053607416364369206
height: 0.05018534359851725
Area: 0.0007076306303728123
CentroidX: 0.3046
CentroidY: 0.0356
