Location: Dedata_13.png_Otsu.png
Component: component_1755520268433_100.png
centerX: 0.8657258064516129
centerY: 0.18580792248503847
width: 0.046370967741935484
height: 0.023938444001139925
Area: 0.0001984528263727374
CentroidX: 0.8912
CentroidY: 0.1974
