Location: Dedata_13.png_Mean-Medain.png
Component: component_1755520268949_168.png
centerX: 0.02379032258064516
centerY: 0.53662011969222
width: 0.038306451612903226
height: 0.027358221715588486
Area: 0.0003635812059312919
CentroidX: 0.0454
CentroidY: 0.5465
