Location: internet_23.png_Gaussian-Closing.png
Component: component_1755081841673_35.png
centerX: 0.17372027408303103
centerY: 0.12688907898488735
width: 0.05239822652156389
height: 0.046763615625891077
Area: 0.0005670699253304297
CentroidX: 0.2041
CentroidY: 0.1519
