Location: Dedata_13.png_Otsu.png
Component: component_1755520268639_566.png
centerX: 0.09516129032258064
centerY: 0.7589056711313764
width: 0.041935483870967745
height: 0.02536335138216016
Area: 0.0004271274786493717
CentroidX: 0.1187
CentroidY: 0.7674
