Location: internet_23.png_Mean-Closing.png
Component: component_1755081841451_5.png
centerX: 0.45747682386134625
centerY: 0.009124607927003137
width: 0.05239822652156389
height: 0.04790419161676647
Area: 0.0006767141711280037
CentroidX: 0.4869
CentroidY: 0.0336
