Location: Dedata_13.png_Gaussian-Median.png
Component: component_1755520268708_50.png
centerX: 0.017741935483870968
centerY: 0.11541749786263893
width: 0.034274193548387094
height: 0.03362781419207751
Area: 0.0003450803923551421
CentroidX: 0.0369
CentroidY: 0.1278
