Location: internet_22.png_Gaussian-Closing.png
Component: component_1755082124141_132.png
centerX: 0.018137847642079808
centerY: 0.701739378386085
width: 0.0471584038694075
height: 0.052751639577986884
Area: 0.000754982233379731
CentroidX: 0.0469
CentroidY: 0.7287
