Location: Dedata_13.png_Mean-Closing.png
Component: component_1755520268809_2.png
centerX: 0.08830645161290322
centerY: 0.01054431461954973
width: 0.038306451612903226
height: 0.03277286976346538
Area: 0.00043907831474825104
CentroidX: 0.1106
CentroidY: 0.0251
