Location: internet_22.png_Gaussian-Median.png
Component: component_1755082124020_102.png
centerX: 0.013301088270858524
centerY: 0.4163102366695181
width: 0.06408706166868199
height: 0.05645851154833191
Area: 0.0009676047226098273
CentroidX: 0.0482
CentroidY: 0.4490
