Location: internet_22.png_Gaussian-Median.png
Component: component_1755082124005_45.png
centerX: 0.5743651753325272
centerY: 0.14513829483889365
width: 0.06449012494961709
height: 0.05246649558026804
Area: 0.0008244006028364759
CentroidX: 0.6122
CentroidY: 0.1749
