Location: Dedata_13.png_Mean-Medain.png
Component: component_1755520268916_27.png
centerX: 0.2032258064516129
centerY: 0.06127101738387005
width: 0.03870967741935484
height: 0.026503277286976348
Area: 0.00035909964239421214
CentroidX: 0.2243
CentroidY: 0.0710
