Location: Dedata_13.png_Mean-Closing.png
Component: component_1755520268819_53.png
centerX: 0.7786290322580646
centerY: 0.1439156454830436
width: 0.037096774193548385
height: 0.03163294385864919
Area: 0.0003516303698324125
CentroidX: 0.7992
CentroidY: 0.1563
