Location: Dedata_13.png_Mean-Closing.png
Component: component_1755520268865_249.png
centerX: 0.0939516129032258
centerY: 0.8617839840410373
width: 0.044758064516129036
height: 0.03619264747791394
Area: 0.0005162991018487024
CentroidX: 0.1219
CentroidY: 0.8750
