Location: Dedata_13.png_Gaussian-Median.png
Component: component_1755520268754_255.png
centerX: 0.16451612903225807
centerY: 0.8577942433741806
width: 0.04596774193548387
height: 0.037047591906526074
Area: 0.000532271853942397
CentroidX: 0.1917
CentroidY: 0.8730
