Location: Dedata_13.png_Otsu.png
Component: component_1755520268639_568.png
centerX: 0.8733870967741936
centerY: 0.7825591336563124
width: 0.031451612903225803
height: 0.03163294385864919
Area: 0.00037783027974149424
CentroidX: 0.8912
CentroidY: 0.7949
