Location: Dedata_13.png_Gaussian-Median.png
Component: component_1755520268734_159.png
centerX: 0.8358870967741936
centerY: 0.5035622684525506
width: 0.041935483870967745
height: 0.02536335138216016
Area: 0.0004363204294946635
CentroidX: 0.8582
CentroidY: 0.5142
