Location: Dedata_13.png_Mean-Closing.png
Component: component_1755520268815_33.png
centerX: 0.9451612903225807
centerY: 0.09603875748076375
width: 0.03588709677419355
height: 0.02707324023938444
Area: 0.00028452182866178213
CentroidX: 0.9653
CentroidY: 0.1077
