Location: Dedata_13.png_Otsu.png
Component: component_1755520268616_520.png
centerX: 0.5362903225806451
centerY: 0.5756625819321745
width: 0.04838709677419355
height: 0.02707324023938444
Area: 0.000487226394800467
CentroidX: 0.5622
CentroidY: 0.5874
