Location: internet_23.png_Otsu.png
Component: component_1755081841770_6.png
centerX: 0.02257154373236598
centerY: 0.009694895922440832
width: 0.04917372027408303
height: 0.04448246364414029
Area: 0.0006638418906989384
CentroidX: 0.0505
CentroidY: 0.0328
