Location: internet_23.png_Otsu.png
Component: component_1755081841772_12.png
centerX: 0.9036678758565094
centerY: 0.013686911890504704
width: 0.06489318823055219
height: 0.05075563159395495
Area: 0.0006671748918814643
CentroidX: 0.9397
CentroidY: 0.0376
