Location: internet_23.png_Otsu.png
Component: component_1755081841814_522.png
centerX: 0.012898024989923419
centerY: 0.24864556601083548
width: 0.05199516324062878
height: 0.05161106358711149
Area: 0.00045731074845759624
CentroidX: 0.0408
CentroidY: 0.2754
