Location: Samociqulo_1709_page_10.png_Gaussian-Median.png
Component: component_1755610056263_2682.png
centerX: 0.7312039312039312
centerY: 0.6521875
width: 0.029975429975429974
height: 0.0125
Area: 0.00021084152334152335
CentroidX: 0.7464
CentroidY: 0.6575
