Location: internet_22.png_Mean-Closing.png
Component: component_1755082123895_25.png
centerX: 0.6900443369609028
centerY: 0.09067579127459367
width: 0.06731156791616284
height: 0.04590818363273453
Area: 0.0008419850573511812
CentroidX: 0.7259
CentroidY: 0.1158
