Location: internet_22.png_Mean-Medain.png
Component: component_1755082123788_94.png
centerX: 0.727932285368803
centerY: 0.44682064442543484
width: 0.06771463119709795
height: 0.05246649558026804
Area: 0.0007437189880042989
CentroidX: 0.7679
CentroidY: 0.4785
