Location: Dedata_13.png_Gaussian-Median.png
Component: component_1755520268723_113.png
centerX: 0.024193548387096774
centerY: 0.3268737532060416
width: 0.03467741935483871
height: 0.025648332858364205
Area: 0.0003034822897801965
CentroidX: 0.0433
CentroidY: 0.3376
