Location: internet_22.png_Mean-Closing.png
Component: component_1755082123924_99.png
centerX: 0.841193067311568
centerY: 0.5112631879098944
width: 0.049576783555018135
height: 0.05474764756201882
Area: 0.0007907257977854391
CentroidX: 0.8702
CentroidY: 0.5414
