Location: Dedata_13.png_Mean-Medain.png
Component: component_1755520268913_11.png
centerX: 0.5036290322580645
centerY: 0.012824166429182103
width: 0.041935483870967745
height: 0.02365346252493588
Area: 0.00035967420182204284
CentroidX: 0.5267
CentroidY: 0.0217
