Location: Dedata_13.png_Gaussian-Median.png
Component: component_1755520268714_68.png
centerX: 0.015725806451612902
centerY: 0.17298375605585636
width: 0.034274193548387094
height: 0.0262182958107723
Area: 0.0002474052896239164
CentroidX: 0.0355
CentroidY: 0.1825
