Location: Dedata_13.png_Gaussian-Median.png
Component: component_1755520268728_135.png
centerX: 0.45645161290322583
centerY: 0.41635793673411226
width: 0.03790322580645161
height: 0.026788258763180393
Area: 0.00029382969139264014
CentroidX: 0.4783
CentroidY: 0.4271
