Location: 2025-04-16_190255-1.png_Mean-Closing.png
Component: component_1744834130703_369.png
centerX: 0.22202591283863368
centerY: 0.928540864356012
width: 0.038869257950530034
height: 0.02267864783910997
Area: 0.0002829979945698657
CentroidX: 0.2383
CentroidY: 0.9390
