Location: Document_2025-04-18_221659-1.png_Mean-Medain.png
Component: component_1745010558926_63.png
centerX: 0.17432273262661954
centerY: 0.06332905434317501
width: 0.037102473498233215
height: 0.03123662815575524
Area: 0.000538527795543903
CentroidX: 0.1915
CentroidY: 0.0798
