Location: Document_2025-04-18_221659-1.png_Mean-Medain.png
Component: component_1745010558926_61.png
centerX: 0.33451118963486454
centerY: 0.06247325631151048
width: 0.04004711425206125
height: 0.032520325203252036
Area: 0.0005357557760067093
CentroidX: 0.3532
CentroidY: 0.0805
