Location: 2025-04-18_221637-1.png_Otsu.png
Component: component_1745010558809_604.png
centerX: 0.22025912838633688
centerY: 0.6786478391099701
width: 0.03651354534746761
height: 0.029097133076593923
Area: 0.0002058854510806592
CentroidX: 0.2369
CentroidY: 0.6945
