Location: 2025-04-16_190323-1.png_Gaussian-Median.png
Component: component_1744834130980_530.png
centerX: 0.336866902237927
centerY: 0.7608044501497646
width: 0.02944640753828033
height: 0.026529738981600343
Area: 0.00025023776367575837
CentroidX: 0.3505
CentroidY: 0.7725
