Location: easy43_Mean-Closing.png
Component: component_1744297380695_1212.png
centerX: 0.40326481257557434
centerY: 0.698589140658401
width: 0.012696493349455865
height: 0.011970927746900385
Area: 5.919291876922154e-05
CentroidX: 0.4093
CentroidY: 0.7037
