Location: 2025-04-18_221637-1.png_Otsu.png
Component: component_1745010558796_528.png
centerX: 0.5577149587750294
centerY: 0.5738125802310655
width: 0.0353356890459364
height: 0.029097133076593923
Area: 0.0003316343373588097
CentroidX: 0.5736
CentroidY: 0.5902
