Location: 2025-04-16_190323-1.png_Gaussian-Median.png
Component: component_1744834130984_549.png
centerX: 0.5512367491166078
centerY: 0.7984595635430038
width: 0.028857479387514724
height: 0.022250748823277707
Area: 0.00024721374236245615
CentroidX: 0.5647
CentroidY: 0.8082
