Location: easy64_Gaussian-Closing.png
Component: component_1744297381287_552.png
centerX: 0.375453446191052
centerY: 0.38820008550662677
width: 0.012091898428053204
height: 0.011970927746900385
Area: 6.358715291366156e-05
CentroidX: 0.3808
CentroidY: 0.3931
