Location: 2025-04-16_190323-1.png_Mean-Medain.png
Component: component_1744834131054_171.png
centerX: 0.37809187279151946
centerY: 0.24005134788189988
width: 0.02591283863368669
height: 0.024390243902439025
Area: 0.0002567898098545799
CentroidX: 0.3914
CentroidY: 0.2497
