Location: 2025-04-16_190255-1.png_Otsu.png
Component: component_1744834130772_126.png
centerX: 0.18256772673733804
centerY: 0.3333333333333333
width: 0.028857479387514724
height: 0.02995293110825845
Area: 0.00026384585958561836
CentroidX: 0.1950
CentroidY: 0.3467
