Location: 2025-04-16_190323-1.png_Gaussian-Median.png
Component: component_1744834130922_254.png
centerX: 0.4628975265017668
centerY: 0.3551561831407788
width: 0.02767962308598351
height: 0.026529738981600343
Area: 0.00027946996970434646
CentroidX: 0.4759
CentroidY: 0.3670
