Location: 2025-04-16_190255-1.png_Mean-Closing.png
Component: component_1744834130676_277.png
centerX: 0.817432273262662
centerY: 0.7248609328198545
width: 0.037102473498233215
height: 0.02781343602909713
Area: 0.000307442166852392
CentroidX: 0.8337
CentroidY: 0.7373
