Location: 2025-04-16_190255-1.png_Otsu.png
Component: component_1744834130774_134.png
centerX: 0.5671378091872792
centerY: 0.3756953359007274
width: 0.034746760895170786
height: 0.0329482242190843
Area: 0.0002920700585097724
CentroidX: 0.5832
CentroidY: 0.3910
