Location: 2025-04-16_190255-1.png_Mean-Closing.png
Component: component_1744834130676_280.png
centerX: 0.676678445229682
centerY: 0.7342747111681643
width: 0.028857479387514724
height: 0.02610183996576808
Area: 0.00026888589510778874
CentroidX: 0.6893
CentroidY: 0.7464
