Location: 2025-04-18_221637-1.png_Otsu.png
Component: component_1745010558820_707.png
centerX: 0.31743227326266193
centerY: 0.7774925117672229
width: 0.038869257950530034
height: 0.03209242618741977
Area: 0.0004999715237992997
CentroidX: 0.3333
CentroidY: 0.7945
