Location: 2025-04-18_221637-1.png_Otsu.png
Component: component_1745010558743_205.png
centerX: 0.7985865724381626
centerY: 0.16345742404792468
width: 0.034746760895170786
height: 0.029097133076593923
Area: 0.00045813922896528574
CentroidX: 0.8138
CentroidY: 0.1795
