Location: 2025-04-16_190323-1.png_Mean-Medain.png
Component: component_1744834131017_9.png
centerX: 0.06831566548881036
centerY: 0.009841677364142062
width: 0.030035335689045935
height: 0.025246041934103552
Area: 0.0002842580034504083
CentroidX: 0.0817
CentroidY: 0.0209
