Location: 2025-04-16_190323-1.png_Gaussian-Median.png
Component: component_1744834130920_240.png
centerX: 0.8221436984687868
centerY: 0.34445870774497217
width: 0.028857479387514724
height: 0.02610183996576808
Area: 0.0002837539998981913
CentroidX: 0.8358
CentroidY: 0.3556
