Location: 2025-04-18_221637-1.png_Otsu.png
Component: component_1745010558762_312.png
centerX: 0.20082449941107186
centerY: 0.33590072742832694
width: 0.034746760895170786
height: 0.03209242618741977
Area: 0.0003538104936563593
CentroidX: 0.2163
CentroidY: 0.3522
