Location: 2025-04-16_190323-1.png_Mean-Medain.png
Component: component_1744834131033_74.png
centerX: 0.2326266195524146
centerY: 0.08130081300813008
width: 0.028268551236749116
height: 0.025246041934103552
Area: 0.000251497772556301
CentroidX: 0.2451
CentroidY: 0.0926
