Location: 2025-04-16_190323-1.png_Gaussian-Median.png
Component: component_1744834130895_128.png
centerX: 0.36454652532391046
centerY: 0.15575524176294395
width: 0.02591283863368669
height: 0.026529738981600343
Area: 0.0002560338045262543
CentroidX: 0.3756
CentroidY: 0.1681
