Location: Document_2025-04-18_221659-1.png_Mean-Medain.png
Component: component_1745010558942_149.png
centerX: 0.6307420494699647
centerY: 0.20196833547282841
width: 0.037102473498233215
height: 0.03123662815575524
Area: 0.00039942281513200104
CentroidX: 0.6469
CentroidY: 0.2184
