Location: 2025-04-16_190323-1.png_Mean-Medain.png
Component: component_1744834131035_87.png
centerX: 0.607773851590106
centerY: 0.11596063329054343
width: 0.025323910482921083
height: 0.026529738981600343
Area: 0.00024544972992969656
CentroidX: 0.6197
CentroidY: 0.1283
