Location: 2025-04-16_190255-1.png_Otsu.png
Component: component_1744834130814_275.png
centerX: 0.8627797408716137
centerY: 0.7214377406931964
width: 0.04004711425206125
height: 0.02738553701326487
Area: 0.00028047797680878057
CentroidX: 0.8790
CentroidY: 0.7344
