Location: 2025-04-16_190255-1.png_Mean-Closing.png
Component: component_1744834130670_249.png
centerX: 0.29093050647820967
centerY: 0.658964484381686
width: 0.028857479387514724
height: 0.02610183996576808
Area: 0.0002890460371964702
CentroidX: 0.3038
CentroidY: 0.6710
