Location: Document_2025-04-18_221659-1.png_Gaussian-Closing.png
Component: component_1745010558695_135.png
centerX: 0.1166077738515901
centerY: 0.23277706461275138
width: 0.039458186101295645
height: 0.03337612323491656
Area: 0.00048283540302392053
CentroidX: 0.1347
CentroidY: 0.2517
