Location: Document_2025-04-18_221659-1.png_Gaussian-Closing.png
Component: component_1745010558694_133.png
centerX: 0.061837455830388695
centerY: 0.2314933675652546
width: 0.03356890459363958
height: 0.03423192126658109
Area: 0.0004251269962950699
CentroidX: 0.0769
CentroidY: 0.2501
