Location: 2025-04-16_190323-1.png_Gaussian-Median.png
Component: component_1744834130988_570.png
centerX: 0.552414605418139
centerY: 0.8451005562687206
width: 0.025323910482921083
height: 0.02738553701326487
Area: 0.0002547737956457117
CentroidX: 0.5649
CentroidY: 0.8571
