Location: 2025-04-16_190323-1.png_Gaussian-Median.png
Component: component_1744834130991_584.png
centerX: 0.10541813898704358
centerY: 0.8600770218228498
width: 0.030035335689045935
height: 0.02610183996576808
Area: 0.00024267771039250283
CentroidX: 0.1195
CentroidY: 0.8717
