Location: 2025-04-16_190255-1.png_Mean-Closing.png
Component: component_1744834130675_274.png
centerX: 0.9104829210836278
centerY: 0.7210098416773641
width: 0.03180212014134275
height: 0.02738553701326487
Area: 0.00029307806561420645
CentroidX: 0.9267
CentroidY: 0.7327
