Location: 2025-04-16_190255-1.png_Otsu.png
Component: component_1744834130832_341.png
centerX: 0.4717314487632509
centerY: 0.8789045785194695
width: 0.038869257950530034
height: 0.025246041934103552
Area: 0.000272413919973308
CentroidX: 0.4885
CentroidY: 0.8909
