Location: 2025-04-16_190323-1.png_Gaussian-Median.png
Component: component_1744834130969_462.png
centerX: 0.7461719670200235
centerY: 0.6619597774925118
width: 0.03415783274440518
height: 0.029097133076593923
Area: 0.00026812988977946314
CentroidX: 0.7629
CentroidY: 0.6739
