Location: 2025-04-16_190255-1.png_Otsu.png
Component: component_1744834130759_77.png
centerX: 0.8869257950530035
centerY: 0.19469405220367994
width: 0.04122497055359246
height: 0.02610183996576808
Area: 0.0002918180567336639
CentroidX: 0.9044
CentroidY: 0.2076
