Location: 2025-04-16_190323-1.png_Mean-Medain.png
Component: component_1744834131044_127.png
centerX: 0.32744405182567726
centerY: 0.15703893881044073
width: 0.026501766784452298
height: 0.02610183996576808
Area: 0.00024166970328806878
CentroidX: 0.3394
CentroidY: 0.1688
