Location: 2025-04-16_190255-1.png_Mean-Closing.png
Component: component_1744834130656_195.png
centerX: 0.2332155477031802
centerY: 0.5220367993153616
width: 0.034746760895170786
height: 0.03080872913992298
Area: 0.0003613705469396148
CentroidX: 0.2494
CentroidY: 0.5354
