Location: 2025-04-16_190323-1.png_Gaussian-Median.png
Component: component_1744834130879_67.png
centerX: 0.30742049469964666
centerY: 0.07958921694480103
width: 0.025323910482921083
height: 0.024818142918271287
Area: 0.00023410965000481324
CentroidX: 0.3192
CentroidY: 0.0905
