Location: 2025-04-18_221637-1.png_Otsu.png
Component: component_1745010558788_439.png
centerX: 0.555359246171967
centerY: 0.5062045357295678
width: 0.027090694935217905
height: 0.02781343602909713
Area: 0.00016304514914221115
CentroidX: 0.5689
CentroidY: 0.5206
