Location: 2025-04-18_221637-1.png_Otsu.png
Component: component_1745010558842_805.png
centerX: 0.2779740871613663
centerY: 0.9465126230209671
width: 0.04122497055359246
height: 0.03337612323491656
Area: 0.0005654919855875144
CentroidX: 0.2968
CentroidY: 0.9650
