Location: 2025-04-16_190323-1.png_Mean-Medain.png
Component: component_1744834131028_56.png
centerX: 0.032391048292108364
centerY: 0.07916131792896876
width: 0.02591283863368669
height: 0.028241335044929396
Area: 0.00025225377788462653
CentroidX: 0.0449
CentroidY: 0.0914
