Location: 2025-04-16_190323-1.png_Mean-Medain.png
Component: component_1744834131320_469.png
centerX: 0.019434628975265017
centerY: 0.6884895164741122
width: 0.023557126030624265
height: 0.029525032092426188
Area: 0.00026056983649620763
CentroidX: 0.0311
CentroidY: 0.7009
