Location: 2025-04-16_190323-1.png_Mean-Medain.png
Component: component_1744834131053_167.png
centerX: 0.41578327444051827
centerY: 0.2383397518185708
width: 0.026501766784452298
height: 0.024818142918271287
Area: 0.0002686338933316802
CentroidX: 0.4280
CentroidY: 0.2496
