Location: 2025-04-16_190323-1.png_Mean-Medain.png
Component: component_1744834131348_496.png
centerX: 0.9405182567726738
centerY: 0.7406931964056482
width: 0.025323910482921083
height: 0.024818142918271287
Area: 0.00022327357363214695
CentroidX: 0.9518
CentroidY: 0.7521
