Location: Document_2025-04-18_221659-1.png_Mean-Medain.png
Component: component_1745010558932_99.png
centerX: 0.11248527679623085
centerY: 0.1292255027813436
width: 0.04063604240282685
height: 0.03594351732991014
Area: 0.0005584359358564759
CentroidX: 0.1305
CentroidY: 0.1489
