Location: easy16_Gaussian-Median.png
Component: component_1744297381822_697.png
centerX: 0.05241935483870968
centerY: 0.47174329501915707
width: 0.02258064516129032
height: 0.017720306513409962
Area: 0.00010312384130515387
CentroidX: 0.0628
CentroidY: 0.4789
