Location: 2025-04-16_190323-1.png_Gaussian-Median.png
Component: component_1744834130944_354.png
centerX: 0.5924617196702002
centerY: 0.5044929396662388
width: 0.024146054181389872
height: 0.025673940949935817
Area: 0.00022327357363214695
CentroidX: 0.6039
CentroidY: 0.5161
