Location: 2025-04-16_190255-1.png_Otsu.png
Component: component_1744834130751_44.png
centerX: 0.5188457008244994
centerY: 0.110397946084724
width: 0.032391048292108364
height: 0.026957637997432605
Area: 0.000252001776108518
CentroidX: 0.5320
CentroidY: 0.1229
