Location: 2025-04-16_190255-1.png_Mean-Closing.png
Component: component_1744834130657_201.png
centerX: 0.790341578327444
centerY: 0.5614035087719298
width: 0.034746760895170786
height: 0.02610183996576808
Area: 0.0003286103160455075
CentroidX: 0.8055
CentroidY: 0.5734
