Location: 2025-04-16_190323-1.png_Gaussian-Median.png
Component: component_1744834130924_263.png
centerX: 0.9458186101295641
centerY: 0.3714163457424048
width: 0.022968197879858657
height: 0.024818142918271287
Area: 0.00024267771039250283
CentroidX: 0.9562
CentroidY: 0.3831
