Location: 2025-04-16_190323-1.png_Mean-Medain.png
Component: component_1744834131048_149.png
centerX: 0.29917550058892817
centerY: 0.20068463842533163
width: 0.023557126030624265
height: 0.024818142918271287
Area: 0.00023184163401983657
CentroidX: 0.3100
CentroidY: 0.2118
