Location: 2025-04-16_190255-1.png_Mean-Closing.png
Component: component_1744834130652_173.png
centerX: 0.2826855123674912
centerY: 0.47325631151048353
width: 0.04122497055359246
height: 0.03123662815575524
Area: 0.0003762386517300174
CentroidX: 0.3006
CentroidY: 0.4881
