Location: 2025-04-16_190323-1.png_Gaussian-Median.png
Component: component_1744834130937_317.png
centerX: 0.9305064782096584
centerY: 0.45699614890885754
width: 0.028857479387514724
height: 0.02139495079161318
Area: 0.00024796974769078175
CentroidX: 0.9445
CentroidY: 0.4659
