Location: 2025-04-16_190323-1.png_Gaussian-Median.png
Component: component_1744834130910_199.png
centerX: 0.41519434628975266
centerY: 0.2768506632434745
width: 0.028857479387514724
height: 0.02610183996576808
Area: 0.00028173798568932313
CentroidX: 0.4296
CentroidY: 0.2877
