Location: 2025-04-16_190255-1.png_Otsu.png
Component: component_1744834130807_245.png
centerX: 0.37161366313309774
centerY: 0.6555412922550278
width: 0.034746760895170786
height: 0.02610183996576808
Area: 0.0002756899430627187
CentroidX: 0.3880
CentroidY: 0.6670
