Location: 2025-04-16_190255-1.png_Mean-Closing.png
Component: component_1744834130682_303.png
centerX: 0.4823321554770318
centerY: 0.785622593068036
width: 0.03828032979976443
height: 0.029097133076593923
Area: 0.00033062633025437565
CentroidX: 0.4976
CentroidY: 0.7993
