Location: 2025-04-16_190323-1.png_Mean-Medain.png
Component: component_1744834131081_292.png
centerX: 0.6383981154299175
centerY: 0.42575952075310225
width: 0.02944640753828033
height: 0.02396234488660676
Area: 0.0002603178347200991
CentroidX: 0.6534
CentroidY: 0.4358
