Location: 2025-04-16_190323-1.png_Gaussian-Median.png
Component: component_1744834130881_72.png
centerX: 0.6702002355712603
centerY: 0.0800171159606333
width: 0.02591283863368669
height: 0.024390243902439025
Area: 0.00024746574413856467
CentroidX: 0.6818
CentroidY: 0.0909
