Location: 2025-04-16_190255-1.png_Otsu.png
Component: component_1744834130829_330.png
centerX: 0.14782096584216725
centerY: 0.8421052631578947
width: 0.03180212014134275
height: 0.02011125374411639
Area: 0.000209665477722287
CentroidX: 0.1618
CentroidY: 0.8514
