Location: 2025-04-18_221637-1.png_Otsu.png
Component: component_1745010558836_775.png
centerX: 0.22791519434628976
centerY: 0.9084296106118956
width: 0.04240282685512368
height: 0.03423192126658109
Area: 0.0005004755273515167
CentroidX: 0.2469
CentroidY: 0.9281
