Location: 2025-04-16_190323-1.png_Mean-Medain.png
Component: component_1744834131320_466.png
centerX: 0.2049469964664311
centerY: 0.6859221223791185
width: 0.02591283863368669
height: 0.024818142918271287
Area: 0.0002542697920934947
CentroidX: 0.2163
CentroidY: 0.6973
