Location: 2025-04-16_190323-1.png_Mean-Medain.png
Component: component_1744834131114_337.png
centerX: 0.9428739693757362
centerY: 0.4895164741121095
width: 0.026501766784452298
height: 0.025673940949935817
Area: 0.0002686338933316802
CentroidX: 0.9545
CentroidY: 0.5010
