Location: 2025-04-16_190323-1.png_Gaussian-Median.png
Component: component_1744834130975_495.png
centerX: 0.47290930506478207
centerY: 0.7115960633290543
width: 0.03297997644287397
height: 0.028241335044929396
Area: 0.0002799739732565635
CentroidX: 0.4879
CentroidY: 0.7242
