Location: 2025-04-16_190255-1.png_Mean-Closing.png
Component: component_1744834130622_51.png
centerX: 0.7791519434628975
centerY: 0.14933675652546
width: 0.02944640753828033
height: 0.029525032092426188
Area: 0.00029585008515140015
CentroidX: 0.7928
CentroidY: 0.1635
