Location: 2025-04-16_190323-1.png_Mean-Medain.png
Component: component_1744834131068_235.png
centerX: 0.8221436984687868
centerY: 0.34445870774497217
width: 0.028857479387514724
height: 0.02610183996576808
Area: 0.0002840060016742998
CentroidX: 0.8358
CentroidY: 0.3557
