Location: 2025-04-16_190323-1.png_Mean-Medain.png
Component: component_1744834131196_391.png
centerX: 0.015312131919905771
centerY: 0.5661103979460848
width: 0.02591283863368669
height: 0.02610183996576808
Area: 0.0002484737512429988
CentroidX: 0.0268
CentroidY: 0.5773
