Location: Document_2025-04-18_221659-1.png_Gaussian-Closing.png
Component: component_1745010558688_98.png
centerX: 0.6319199057714959
centerY: 0.1364997860504921
width: 0.038869257950530034
height: 0.03080872913992298
Area: 0.0004838434101283546
CentroidX: 0.6502
CentroidY: 0.1529
