Location: 2025-04-16_190255-1.png_Otsu.png
Component: component_1744834130819_286.png
centerX: 0.32567726737338043
centerY: 0.7475395806589645
width: 0.038869257950530034
height: 0.02738553701326487
Area: 0.00029005404430090424
CentroidX: 0.3424
CentroidY: 0.7600
