Location: 2025-04-18_221637-1.png_Otsu.png
Component: component_1745010558756_277.png
centerX: 0.2502944640753828
centerY: 0.2687205819426615
width: 0.03297997644287397
height: 0.029525032092426188
Area: 0.00039539078671426477
CentroidX: 0.2652
CentroidY: 0.2848
