Location: 2025-04-16_190323-1.png_Mean-Medain.png
Component: component_1744834131050_156.png
centerX: 0.806831566548881
centerY: 0.23234916559691912
width: 0.026501766784452298
height: 0.02267864783910997
Area: 0.0002477177459146732
CentroidX: 0.8199
CentroidY: 0.2416
