Location: 2025-04-16_190255-1.png_Otsu.png
Component: component_1744834130801_215.png
centerX: 0.9387514723203769
centerY: 0.5913564398801883
width: 0.04240282685512368
height: 0.02738553701326487
Area: 0.00033264234446324375
CentroidX: 0.9571
CentroidY: 0.6048
