Location: 2025-04-18_221637-1.png_Otsu.png
Component: component_1745010558771_369.png
centerX: 0.8209658421672555
centerY: 0.4330338040222507
width: 0.037102473498233215
height: 0.03080872913992298
Area: 0.00035204648122359966
CentroidX: 0.8366
CentroidY: 0.4494
