Location: 2025-04-16_190255-1.png_Otsu.png
Component: component_1744834130801_217.png
centerX: 0.8486454652532391
centerY: 0.5982028241335045
width: 0.026501766784452298
height: 0.02866923406076166
Area: 0.0002698939022122228
CentroidX: 0.8621
CentroidY: 0.6102
