Location: 2025-04-16_190323-1.png_Gaussian-Median.png
Component: component_1744834130916_224.png
centerX: 0.47644287396937574
centerY: 0.31664527171587503
width: 0.024734982332155476
height: 0.025673940949935817
Area: 0.0002484737512429988
CentroidX: 0.4883
CentroidY: 0.3275
