Location: 2025-04-18_221637-1.png_Otsu.png
Component: component_1745010558761_307.png
centerX: 0.48586572438162545
centerY: 0.33418913136499784
width: 0.03297997644287397
height: 0.03123662815575524
Area: 0.00034625044037310375
CentroidX: 0.5014
CentroidY: 0.3509
