Location: 2025-04-16_190323-1.png_Gaussian-Median.png
Component: component_1744834130971_469.png
centerX: 0.37043580683156657
centerY: 0.6765083440308087
width: 0.02237926972909305
height: 0.02866923406076166
Area: 0.00027619394661493573
CentroidX: 0.3828
CentroidY: 0.6880
