Location: 2025-04-16_190323-1.png_Gaussian-Median.png
Component: component_1744834130886_87.png
centerX: 0.7173144876325088
centerY: 0.11467693624304665
width: 0.02591283863368669
height: 0.026957637997432605
Area: 0.0002560338045262543
CentroidX: 0.7278
CentroidY: 0.1278
