Location: Document_2025-04-18_221659-1.png_Gaussian-Closing.png
Component: component_1745010558676_47.png
centerX: 0.45170789163722025
centerY: 0.02866923406076166
width: 0.039458186101295645
height: 0.03465982028241335
Area: 0.0005836361134673278
CentroidX: 0.4694
CentroidY: 0.0476
