Location: Document_2025-04-18_221659-1.png_Mean-Medain.png
Component: component_1745010558930_84.png
centerX: 0.2149587750294464
centerY: 0.09798887462558836
width: 0.03651354534746761
height: 0.03080872913992298
Area: 0.00046091124850247944
CentroidX: 0.2317
CentroidY: 0.1144
