Location: 2025-04-16_190323-1.png_Mean-Medain.png
Component: component_1744834131072_252.png
centerX: 0.24617196702002356
centerY: 0.3560119811724433
width: 0.02591283863368669
height: 0.02781343602909713
Area: 0.00028173798568932313
CentroidX: 0.2586
CentroidY: 0.3680
