Location: 2025-04-16_190323-1.png_Mean-Medain.png
Component: component_1744834131342_490.png
centerX: 0.16372202591283863
centerY: 0.7222935387248609
width: 0.02591283863368669
height: 0.026957637997432605
Area: 0.00026384585958561836
CentroidX: 0.1748
CentroidY: 0.7352
