Location: 2025-04-16_190255-1.png_Mean-Closing.png
Component: component_1744834130681_297.png
centerX: 0.7314487632508834
centerY: 0.7774925117672229
width: 0.04299175500588928
height: 0.029525032092426188
Area: 0.0003301223267021586
CentroidX: 0.7490
CentroidY: 0.7919
