Location: Document_2025-04-18_221659-1.png_Gaussian-Median.png
Component: component_1745010558894_129.png
centerX: 0.5830388692579506
centerY: 0.23491655969191272
width: 0.03828032979976443
height: 0.032520325203252036
Area: 0.0005145876268135938
CentroidX: 0.6012
CentroidY: 0.2529
