Location: 2025-04-18_221637-1.png_Otsu.png
Component: component_1745010558799_536.png
centerX: 0.5924617196702002
centerY: 0.6054771074026529
width: 0.035924617196702
height: 0.029097133076593923
Area: 0.00031122219349401974
CentroidX: 0.6085
CentroidY: 0.6217
