Location: 2025-04-16_190323-1.png_Mean-Medain.png
Component: component_1744834131308_427.png
centerX: 0.6731448763250883
centerY: 0.6195977749251177
width: 0.027090694935217905
height: 0.02610183996576808
Area: 0.0002487257530191073
CentroidX: 0.6845
CentroidY: 0.6308
