Location: 2025-04-16_190323-1.png_Gaussian-Median.png
Component: component_1744834130957_413.png
centerX: 0.5895170789163722
centerY: 0.5819426615318785
width: 0.028268551236749116
height: 0.025246041934103552
Area: 0.00025552980097403726
CentroidX: 0.6032
CentroidY: 0.5926
