Location: 2025-04-18_221637-1.png_Otsu.png
Component: component_1745010558832_757.png
centerX: 0.5371024734982333
centerY: 0.8754813863928113
width: 0.03297997644287397
height: 0.03080872913992298
Area: 0.0002950940798230746
CentroidX: 0.5523
CentroidY: 0.8923
