Location: 2025-04-16_190255-1.png_Otsu.png
Component: component_1744834130786_169.png
centerX: 0.6731448763250883
centerY: 0.47068891741548996
width: 0.04122497055359246
height: 0.03123662815575524
Area: 0.00032004225565781787
CentroidX: 0.6897
CentroidY: 0.4850
