Location: 2025-04-16_190255-1.png_Mean-Closing.png
Component: component_1744834130611_4.png
centerX: 0.2149587750294464
centerY: 0.0235344458707745
width: 0.037102473498233215
height: 0.02995293110825845
Area: 0.0002898020425247957
CentroidX: 0.2330
CentroidY: 0.0365
