Location: 2025-04-16_190323-1.png_Mean-Medain.png
Component: component_1744834131068_234.png
centerX: 0.8574793875147232
centerY: 0.3423192126658109
width: 0.024146054181389872
height: 0.022250748823277707
Area: 0.0002114294901550466
CentroidX: 0.8693
CentroidY: 0.3519
