Location: 2025-04-16_190323-1.png_Gaussian-Median.png
Component: component_1744834130967_449.png
centerX: 0.27326266195524146
centerY: 0.6367137355584083
width: 0.028268551236749116
height: 0.028241335044929396
Area: 0.00027417793240606757
CentroidX: 0.2867
CentroidY: 0.6485
