Location: 2025-04-16_190323-1.png_Mean-Medain.png
Component: component_1744834131066_228.png
centerX: 0.0353356890459364
centerY: 0.3209242618741977
width: 0.024734982332155476
height: 0.02610183996576808
Area: 0.00023284964112427065
CentroidX: 0.0476
CentroidY: 0.3323
