Location: 2025-04-16_190255-1.png_Otsu.png
Component: component_1744834130809_254.png
centerX: 0.9458186101295641
centerY: 0.6799315361574668
width: 0.0353356890459364
height: 0.02781343602909713
Area: 0.00028602201588316797
CentroidX: 0.9620
CentroidY: 0.6924
