Location: 2025-04-16_190255-1.png_Otsu.png
Component: component_1744834130749_37.png
centerX: 0.9440518256772674
centerY: 0.10783055198973042
width: 0.030624263839811542
height: 0.03123662815575524
Area: 0.00028173798568932313
CentroidX: 0.9580
CentroidY: 0.1226
