Location: 2025-04-16_190255-1.png_Mean-Closing.png
Component: component_1744834130690_317.png
centerX: 0.6749116607773852
centerY: 0.8202824133504493
width: 0.038869257950530034
height: 0.0235344458707745
Area: 0.00030719016507628347
CentroidX: 0.6916
CentroidY: 0.8324
