Location: 2025-04-16_190255-1.png_Otsu.png
Component: component_1744834130775_141.png
centerX: 0.3998822143698469
centerY: 0.3774069319640565
width: 0.03415783274440518
height: 0.02995293110825845
Area: 0.0002782099608238039
CentroidX: 0.4140
CentroidY: 0.3918
