Location: 2025-04-16_190255-1.png_Otsu.png
Component: component_1744834130794_202.png
centerX: 0.7385159010600707
centerY: 0.5631151048352588
width: 0.0353356890459364
height: 0.02610183996576808
Area: 0.00032785431071718195
CentroidX: 0.7531
CentroidY: 0.5757
