Location: 2025-04-16_190255-1.png_Mean-Closing.png
Component: component_1744834130668_242.png
centerX: 0.5506478209658422
centerY: 0.6512623020967052
width: 0.03769140164899882
height: 0.024390243902439025
Area: 0.00032558629473220527
CentroidX: 0.5684
CentroidY: 0.6616
