Location: 2025-04-16_190255-1.png_Otsu.png
Component: component_1744834130807_244.png
centerX: 0.5058892815076561
centerY: 0.654257595207531
width: 0.03828032979976443
height: 0.02396234488660676
Area: 0.00028324999634597427
CentroidX: 0.5238
CentroidY: 0.6646
