Location: 2025-04-18_221637-1.png_Otsu.png
Component: component_1745010558821_711.png
centerX: 0.9151943462897526
centerY: 0.80530594779632
width: 0.034746760895170786
height: 0.031664527171587506
Area: 0.00048056738703894386
CentroidX: 0.9310
CentroidY: 0.8224
