Location: 2025-04-16_190255-1.png_Mean-Closing.png
Component: component_1744834130663_231.png
centerX: 0.21731448763250882
centerY: 0.615318784766795
width: 0.04181389870435807
height: 0.028241335044929396
Area: 0.00039791080447534996
CentroidX: 0.2346
CentroidY: 0.6288
