Location: Document_2025-04-18_221659-1.png_Gaussian-Closing.png
Component: component_1745010558683_87.png
centerX: 0.748527679623086
centerY: 0.10312366281557553
width: 0.04004711425206125
height: 0.03209242618741977
Area: 0.0004782993710539672
CentroidX: 0.7679
CentroidY: 0.1203
