Location: 2025-04-16_190323-1.png_Mean-Medain.png
Component: component_1744834131323_475.png
centerX: 0.784452296819788
centerY: 0.7008985879332478
width: 0.03180212014134275
height: 0.024390243902439025
Area: 0.00025376578854127766
CentroidX: 0.7982
CentroidY: 0.7128
