Location: Document_2025-04-18_221659-1.png_Gaussian-Median.png
Component: component_1745010558880_71.png
centerX: 0.16725559481743227
centerY: 0.13008130081300814
width: 0.03651354534746761
height: 0.03380402225074882
Area: 0.0005045075557692531
CentroidX: 0.1844
CentroidY: 0.1473
