Location: 2025-04-18_221637-1.png_Otsu.png
Component: component_1745010558816_685.png
centerX: 0.2137809187279152
centerY: 0.748395378690629
width: 0.0088339222614841
height: 0.01069747539580659
Area: 1.2852090581534418e-05
CentroidX: 0.2177
CentroidY: 0.7524
