Location: 2025-04-16_190255-1.png_Mean-Closing.png
Component: component_1744834130677_281.png
centerX: 0.6313309776207303
centerY: 0.7359863072314934
width: 0.02944640753828033
height: 0.028241335044929396
Area: 0.0002827459927937572
CentroidX: 0.6438
CentroidY: 0.7494
