Location: 2025-04-16_190323-1.png_Gaussian-Median.png
Component: component_1744834130870_21.png
centerX: 0.6048292108362779
centerY: 0.011553273427471117
width: 0.023557126030624265
height: 0.025673940949935817
Area: 0.0002560338045262543
CentroidX: 0.6171
CentroidY: 0.0221
