Location: 2025-04-16_190323-1.png_Gaussian-Median.png
Component: component_1744834130938_321.png
centerX: 0.7620730270906949
centerY: 0.46255883611467696
width: 0.027090694935217905
height: 0.0235344458707745
Area: 0.00022680159849766622
CentroidX: 0.7741
CentroidY: 0.4730
