Location: easy26_Mean-Closing.png
Component: component_1744297382157_926.png
centerX: 0.2870967741935484
centerY: 0.7260536398467433
width: 0.021774193548387097
height: 0.017720306513409962
Area: 0.00010157891484365344
CentroidX: 0.2975
CentroidY: 0.7330
