Location: 2025-04-16_190323-1.png_Mean-Medain.png
Component: component_1744834131321_471.png
centerX: 0.931095406360424
centerY: 0.6949080017115961
width: 0.028857479387514724
height: 0.026529738981600343
Area: 0.00026812988977946314
CentroidX: 0.9447
CentroidY: 0.7060
