Location: Document_2025-04-18_221659-1.png_Gaussian-Median.png
Component: component_1745010558883_92.png
centerX: 0.16372202591283863
centerY: 0.1668806161745828
width: 0.04004711425206125
height: 0.030380830124090714
Area: 0.00045007517212981315
CentroidX: 0.1815
CentroidY: 0.1834
