Location: 2025-04-16_190323-1.png_Gaussian-Median.png
Component: component_1744834130953_391.png
centerX: 0.35571260306242636
centerY: 0.5541292255027813
width: 0.027090694935217905
height: 0.026529738981600343
Area: 0.0002575458151829054
CentroidX: 0.3679
CentroidY: 0.5665
