Location: 2025-04-16_190323-1.png_Gaussian-Median.png
Component: component_1744834130912_209.png
centerX: 0.1425206124852768
centerY: 0.2845528455284553
width: 0.02767962308598351
height: 0.023106546854942234
Area: 0.0002532617849890606
CentroidX: 0.1558
CentroidY: 0.2942
