Location: 2025-04-18_221637-1.png_Otsu.png
Component: component_1745010558840_796.png
centerX: 0.7915194346289752
centerY: 0.943089430894309
width: 0.032391048292108364
height: 0.030380830124090714
Area: 0.0004949314882771293
CentroidX: 0.8068
CentroidY: 0.9590
