Location: 2025-04-16_190323-1.png_Gaussian-Median.png
Component: component_1744834130921_247.png
centerX: 0.5376914016489989
centerY: 0.3513050919982884
width: 0.02591283863368669
height: 0.02610183996576808
Area: 0.0002787139643760209
CentroidX: 0.5490
CentroidY: 0.3633
