Location: 2025-04-16_190323-1.png_Mean-Medain.png
Component: component_1744834131042_118.png
centerX: 0.39811542991755006
centerY: 0.15532734274711169
width: 0.026501766784452298
height: 0.02610183996576808
Area: 0.00024670973881023913
CentroidX: 0.4106
CentroidY: 0.1666
