Location: 2025-04-16_190323-1.png_Mean-Medain.png
Component: component_1744834131020_21.png
centerX: 0.7638398115429917
centerY: 0.011553273427471117
width: 0.02944640753828033
height: 0.026957637997432605
Area: 0.0002920700585097724
CentroidX: 0.7772
CentroidY: 0.0231
