Location: 2025-04-16_190255-1.png_Mean-Closing.png
Component: component_1744834130655_192.png
centerX: 0.46054181389870436
centerY: 0.5198973042362003
width: 0.03121319199057715
height: 0.02738553701326487
Area: 0.00033793438176152264
CentroidX: 0.4740
CentroidY: 0.5329
