Location: 2025-04-18_221637-1.png_Otsu.png
Component: component_1745010558733_49.png
centerX: 0.3168433451118963
centerY: 0.0658964484381686
width: 0.0353356890459364
height: 0.03080872913992298
Area: 0.00023763767487033248
CentroidX: 0.3310
CentroidY: 0.0838
