Location: 2025-04-16_190323-1.png_Mean-Medain.png
Component: component_1744834131109_334.png
centerX: 0.08775029446407538
centerY: 0.4796747967479675
width: 0.02767962308598351
height: 0.02610183996576808
Area: 0.00025578180275014577
CentroidX: 0.1012
CentroidY: 0.4915
