Location: 2025-04-16_190255-1.png_Otsu.png
Component: component_1744834130765_89.png
centerX: 0.7285041224970553
centerY: 0.23876765083440307
width: 0.04004711425206125
height: 0.029525032092426188
Area: 0.000307946170404609
CentroidX: 0.7452
CentroidY: 0.2530
