Location: 2025-04-16_190323-1.png_Gaussian-Median.png
Component: component_1744834130941_339.png
centerX: 0.08775029446407538
centerY: 0.4796747967479675
width: 0.02767962308598351
height: 0.02610183996576808
Area: 0.00025552980097403726
CentroidX: 0.1012
CentroidY: 0.4914
