Location: 2025-04-16_190323-1.png_Mean-Medain.png
Component: component_1744834131023_32.png
centerX: 0.525323910482921
centerY: 0.044929396662387676
width: 0.028268551236749116
height: 0.024818142918271287
Area: 0.0002696419004361143
CentroidX: 0.5388
CentroidY: 0.0557
