Location: 2025-04-16_190255-1.png_Otsu.png
Component: component_1744834130779_155.png
centerX: 0.07479387514723204
centerY: 0.4266153187847668
width: 0.028857479387514724
height: 0.03508771929824561
Area: 0.0002840060016742998
CentroidX: 0.0874
CentroidY: 0.4426
