Location: 2025-04-16_190323-1.png_Gaussian-Median.png
Component: component_1744834130874_44.png
centerX: 0.11837455830388692
centerY: 0.04621309370988447
width: 0.028857479387514724
height: 0.026529738981600343
Area: 0.0002784619625999124
CentroidX: 0.1315
CentroidY: 0.0586
