Location: 2025-04-18_221637-1.png_Otsu.png
Component: component_1745010558730_20.png
centerX: 0.17962308598351
centerY: 0.02995293110825845
width: 0.03651354534746761
height: 0.03380402225074882
Area: 0.0003273503071649649
CentroidX: 0.1954
CentroidY: 0.0488
