Location: 2025-04-16_190323-1.png_Gaussian-Median.png
Component: component_1744834130969_457.png
centerX: 0.9381625441696113
centerY: 0.6563970902866924
width: 0.02944640753828033
height: 0.02396234488660676
Area: 0.000251497772556301
CentroidX: 0.9515
CentroidY: 0.6674
