Location: 2025-04-18_221637-1.png_Otsu.png
Component: component_1745010558832_754.png
centerX: 0.24617196702002356
centerY: 0.8759092854086435
width: 0.037102473498233215
height: 0.03380402225074882
Area: 0.00034650244214921226
CentroidX: 0.2610
CentroidY: 0.8948
