Location: 2025-04-16_190255-1.png_Mean-Closing.png
Component: component_1744834130616_28.png
centerX: 0.8186101295641932
centerY: 0.06889174154899444
width: 0.03415783274440518
height: 0.029525032092426188
Area: 0.0003162622290161901
CentroidX: 0.8331
CentroidY: 0.0825
