Location: Document_2025-04-18_221659-1.png_Gaussian-Closing.png
Component: component_1745010558690_109.png
centerX: 0.42285041224970554
centerY: 0.1690201112537441
width: 0.03828032979976443
height: 0.02781343602909713
Area: 0.0004155509288029462
CentroidX: 0.4395
CentroidY: 0.1842
