Location: 2025-04-18_221637-1.png_Otsu.png
Component: component_1745010558734_50.png
centerX: 0.36454652532391046
centerY: 0.06632434745400086
width: 0.035924617196702
height: 0.029525032092426188
Area: 0.0002154615185727829
CentroidX: 0.3794
CentroidY: 0.0833
