Location: 2025-04-16_190255-1.png_Otsu.png
Component: component_1744834130741_9.png
centerX: 0.558303886925795
centerY: 0.030380830124090714
width: 0.030624263839811542
height: 0.028241335044929396
Area: 0.00022755760382599176
CentroidX: 0.5726
CentroidY: 0.0434
