Location: 2025-04-16_190323-1.png_Gaussian-Median.png
Component: component_1744834130975_494.png
centerX: 0.43521790341578326
centerY: 0.7115960633290543
width: 0.028857479387514724
height: 0.02866923406076166
Area: 0.0002701459039883313
CentroidX: 0.4485
CentroidY: 0.7239
