Location: 2025-04-16_190323-1.png_Gaussian-Median.png
Component: component_1744834130983_544.png
centerX: 0.833922261484099
centerY: 0.795464270432178
width: 0.030624263839811542
height: 0.025246041934103552
Area: 0.00024746574413856467
CentroidX: 0.8474
CentroidY: 0.8075
