Location: 2025-04-18_221637-1.png_Otsu.png
Component: component_1745010558731_31.png
centerX: 0.8221436984687868
centerY: 0.059050064184852376
width: 0.0353356890459364
height: 0.03080872913992298
Area: 0.00031651423079229863
CentroidX: 0.8373
CentroidY: 0.0770
