Location: 2025-04-16_190255-1.png_Mean-Closing.png
Component: component_1744834130699_350.png
centerX: 0.20082449941107186
centerY: 0.889602053915276
width: 0.030624263839811542
height: 0.024390243902439025
Area: 0.0002507417672279754
CentroidX: 0.2148
CentroidY: 0.9009
