Location: 2025-04-18_221637-1.png_Otsu.png
Component: component_1745010558764_330.png
centerX: 0.8268551236749117
centerY: 0.36585365853658536
width: 0.03651354534746761
height: 0.03080872913992298
Area: 0.0003807746836999707
CentroidX: 0.8431
CentroidY: 0.3826
