Location: Document_2025-04-18_221659-1.png_Gaussian-Median.png
Component: component_1745010558877_59.png
centerX: 0.3244994110718492
centerY: 0.09798887462558836
width: 0.037102473498233215
height: 0.032520325203252036
Area: 0.0004755273515167735
CentroidX: 0.3418
CentroidY: 0.1156
