Location: 2025-04-16_190323-1.png_Mean-Medain.png
Component: component_1744834131230_394.png
centerX: 0.8692579505300353
centerY: 0.5712451861360719
width: 0.02591283863368669
height: 0.024390243902439025
Area: 0.00023310164290037916
CentroidX: 0.8820
CentroidY: 0.5816
