Location: 2025-04-16_190323-1.png_Gaussian-Median.png
Component: component_1744834130937_318.png
centerX: 0.8633686690223793
centerY: 0.4582798459563543
width: 0.025323910482921083
height: 0.023106546854942234
Area: 0.00024696174058634764
CentroidX: 0.8753
CentroidY: 0.4682
