Location: 2025-04-16_190255-1.png_Otsu.png
Component: component_1744834130789_180.png
centerX: 0.18021201413427562
centerY: 0.4766795036371416
width: 0.037102473498233215
height: 0.02866923406076166
Area: 0.0003119781988223453
CentroidX: 0.1950
CentroidY: 0.4902
