Location: 2025-04-16_190255-1.png_Mean-Closing.png
Component: component_1744834130640_131.png
centerX: 0.9534746760895171
centerY: 0.3727000427899016
width: 0.03121319199057715
height: 0.02995293110825845
Area: 0.00033566636577654597
CentroidX: 0.9684
CentroidY: 0.3867
