Location: 2025-04-16_190323-1.png_Mean-Medain.png
Component: component_1744834131298_417.png
centerX: 0.04946996466431095
centerY: 0.6041934103551562
width: 0.023557126030624265
height: 0.025246041934103552
Area: 0.00022881761270653435
CentroidX: 0.0610
CentroidY: 0.6149
