Location: 2025-04-16_190323-1.png_Gaussian-Median.png
Component: component_1744834130988_569.png
centerX: 0.6360424028268551
centerY: 0.8438168592212237
width: 0.030624263839811542
height: 0.023106546854942234
Area: 0.0002590578258395565
CentroidX: 0.6500
CentroidY: 0.8544
