Location: 2025-04-16_190323-1.png_Mean-Medain.png
Component: component_1744834131313_449.png
centerX: 0.8244994110718492
centerY: 0.6593923833975182
width: 0.03180212014134275
height: 0.025246041934103552
Area: 0.00024519772815358805
CentroidX: 0.8397
CentroidY: 0.6701
