Location: Document_2025-04-18_221659-1.png_Gaussian-Closing.png
Component: component_1745010558688_97.png
centerX: 0.47703180212014135
centerY: 0.1364997860504921
width: 0.034746760895170786
height: 0.02995293110825845
Area: 0.0004740153408601224
CentroidX: 0.4938
CentroidY: 0.1524
