Location: Document_2025-04-18_221659-1.png_Gaussian-Median.png
Component: component_1745010558873_35.png
centerX: 0.22614840989399293
centerY: 0.06418485237483953
width: 0.039458186101295645
height: 0.030380830124090714
Area: 0.0005664999926919485
CentroidX: 0.2441
CentroidY: 0.0799
