Location: Document_2025-04-18_221659-1.png_Gaussian-Median.png
Component: component_1745010558894_130.png
centerX: 0.6919905771495878
centerY: 0.23491655969191272
width: 0.039458186101295645
height: 0.03465982028241335
Area: 0.0005481038630360266
CentroidX: 0.7108
CentroidY: 0.2537
