Location: 2025-04-18_221637-1.png_Otsu.png
Component: component_1745010558822_714.png
centerX: 0.7343934040047114
centerY: 0.8074454428754814
width: 0.03769140164899882
height: 0.031664527171587506
Area: 0.0004992155184709742
CentroidX: 0.7512
CentroidY: 0.8244
