Location: 2025-04-16_190323-1.png_Gaussian-Median.png
Component: component_1744834130987_565.png
centerX: 0.8480565371024735
centerY: 0.8382541720154044
width: 0.03180212014134275
height: 0.030380830124090714
Area: 0.00029862210468859385
CentroidX: 0.8637
CentroidY: 0.8515
