Location: 2025-04-18_221637-1.png_Otsu.png
Component: component_1745010558800_539.png
centerX: 0.8916372202591284
centerY: 0.6054771074026529
width: 0.034746760895170786
height: 0.028241335044929396
Area: 0.0002925740620619894
CentroidX: 0.9074
CentroidY: 0.6215
