Location: 2025-04-16_190323-1.png_Gaussian-Median.png
Component: component_1744834130871_24.png
centerX: 0.7638398115429917
centerY: 0.011553273427471117
width: 0.02944640753828033
height: 0.026957637997432605
Area: 0.00028476200700262535
CentroidX: 0.7773
CentroidY: 0.0231
