Location: Document_2025-04-18_221659-1.png_Mean-Medain.png
Component: component_1745010558926_60.png
centerX: 0.2791519434628975
centerY: 0.06204535729567822
width: 0.038869257950530034
height: 0.03337612323491656
Area: 0.0005874161401089555
CentroidX: 0.2971
CentroidY: 0.0798
