Location: 2025-04-16_190255-1.png_Otsu.png
Component: component_1744834130787_172.png
centerX: 0.6248527679623086
centerY: 0.47282841249465124
width: 0.04004711425206125
height: 0.02866923406076166
Area: 0.000307442166852392
CentroidX: 0.6415
CentroidY: 0.4865
