Location: 2025-04-18_221637-1.png_Otsu.png
Component: component_1745010558772_377.png
centerX: 0.3745583038869258
centerY: 0.43774069319640563
width: 0.0353356890459364
height: 0.03080872913992298
Area: 0.00036565457713345965
CentroidX: 0.3908
CentroidY: 0.4547
