Location: 2025-04-16_190255-1.png_Mean-Closing.png
Component: component_1744834130629_84.png
centerX: 0.25382803297997647
centerY: 0.23705605477107403
width: 0.037102473498233215
height: 0.03080872913992298
Area: 0.00035154247767138264
CentroidX: 0.2690
CentroidY: 0.2520
