Location: easy21_Mean-Medain.png
Component: component_1744297380951_871.png
centerX: 0.1814516129032258
centerY: 0.6767241379310345
width: 0.02258064516129032
height: 0.017241379310344827
Area: 9.926152515140279e-05
CentroidX: 0.1917
CentroidY: 0.6835
