Location: 2025-04-16_190255-1.png_Otsu.png
Component: component_1744834130774_137.png
centerX: 0.8568904593639576
centerY: 0.376551133932392
width: 0.037102473498233215
height: 0.02610183996576808
Area: 0.00029837010291248534
CentroidX: 0.8731
CentroidY: 0.3890
