Location: Document_2025-04-18_221659-1.png_Gaussian-Closing.png
Component: component_1745010558691_113.png
centerX: 0.5765606595995288
centerY: 0.16944801026957637
width: 0.03651354534746761
height: 0.031664527171587506
Area: 0.0004379790868766043
CentroidX: 0.5934
CentroidY: 0.1868
