Location: 2025-04-16_190323-1.png_Gaussian-Median.png
Component: component_1744834130954_397.png
centerX: 0.12308598351001178
centerY: 0.5605477107402653
width: 0.02061248527679623
height: 0.026957637997432605
Area: 0.0002459537334819136
CentroidX: 0.1326
CentroidY: 0.5723
