Location: 2025-04-18_221637-1.png_Otsu.png
Component: component_1745010558750_248.png
centerX: 0.48881036513545345
centerY: 0.23063756953359008
width: 0.0353356890459364
height: 0.031664527171587506
Area: 0.00045259518989089833
CentroidX: 0.5041
CentroidY: 0.2478
