Location: 2025-04-16_190323-1.png_Mean-Medain.png
Component: component_1744834131026_48.png
centerX: 0.842756183745583
centerY: 0.04835258878904578
width: 0.023557126030624265
height: 0.02610183996576808
Area: 0.00026359385780950985
CentroidX: 0.8531
CentroidY: 0.0602
