Location: Document_2025-04-18_221659-1.png_Gaussian-Median.png
Component: component_1745010558870_13.png
centerX: 0.11425206124852769
centerY: 0.029525032092426188
width: 0.04946996466431095
height: 0.06546854942233633
Area: 0.0012131365501864056
CentroidX: 0.1369
CentroidY: 0.0628
