Location: 2025-04-16_190323-1.png_Mean-Medain.png
Component: component_1744834131089_318.png
centerX: 0.6607773851590106
centerY: 0.46555412922550277
width: 0.03121319199057715
height: 0.024818142918271287
Area: 0.0002545217938696032
CentroidX: 0.6752
CentroidY: 0.4764
