Location: 2025-04-16_190323-1.png_Gaussian-Median.png
Component: component_1744834130909_192.png
centerX: 0.7361601884570083
centerY: 0.2712879760376551
width: 0.03121319199057715
height: 0.023106546854942234
Area: 0.0002562858063023628
CentroidX: 0.7504
CentroidY: 0.2816
