Location: 2025-04-18_221637-1.png_Otsu.png
Component: component_1745010558728_6.png
centerX: 0.4299175500588928
centerY: 0.025673940949935817
width: 0.035924617196702
height: 0.03380402225074882
Area: 0.00037875866949110257
CentroidX: 0.4472
CentroidY: 0.0440
