Location: 2025-04-16_190255-1.png_Mean-Closing.png
Component: component_1744834130648_157.png
centerX: 0.07420494699646643
centerY: 0.4266153187847668
width: 0.030035335689045935
height: 0.03551561831407788
Area: 0.00033516236222432894
CentroidX: 0.0874
CentroidY: 0.4426
