Location: 2025-04-16_190255-1.png_Mean-Closing.png
Component: component_1744834130681_300.png
centerX: 0.582449941107185
centerY: 0.7817715019255456
width: 0.03828032979976443
height: 0.028241335044929396
Area: 0.0003273503071649649
CentroidX: 0.5987
CentroidY: 0.7945
