Location: 2025-04-16_190255-1.png_Otsu.png
Component: component_1744834130741_13.png
centerX: 0.8686690223792697
centerY: 0.03209242618741977
width: 0.03828032979976443
height: 0.02610183996576808
Area: 0.0002714059128688739
CentroidX: 0.8879
CentroidY: 0.0441
