Location: Document_2025-04-18_221659-1.png_Gaussian-Median.png
Component: component_1745010558871_19.png
centerX: 0.5512367491166078
centerY: 0.03380402225074882
width: 0.04004711425206125
height: 0.031664527171587506
Area: 0.0005627199660503207
CentroidX: 0.5705
CentroidY: 0.0508
