Location: 2025-04-18_221637-1.png_Otsu.png
Component: component_1745010558809_602.png
centerX: 0.3710247349823322
centerY: 0.6777920410783055
width: 0.035924617196702
height: 0.02738553701326487
Area: 0.00022201356475160436
CentroidX: 0.3855
CentroidY: 0.6931
