Location: 2025-04-16_190323-1.png_Gaussian-Median.png
Component: component_1744834130919_234.png
centerX: 0.0712603062426384
centerY: 0.3209242618741977
width: 0.024146054181389872
height: 0.025246041934103552
Area: 0.00023965368907920062
CentroidX: 0.0831
CentroidY: 0.3318
