Location: 2025-04-16_190255-1.png_Otsu.png
Component: component_1744834130823_304.png
centerX: 0.31625441696113077
centerY: 0.789045785194694
width: 0.04299175500588928
height: 0.028241335044929396
Area: 0.0003122302005984538
CentroidX: 0.3348
CentroidY: 0.8015
