Location: 2025-04-16_190323-1.png_Gaussian-Median.png
Component: component_1744834130912_205.png
centerX: 0.028857479387514724
centerY: 0.28241335044929394
width: 0.026501766784452298
height: 0.026957637997432605
Area: 0.0002683818915555717
CentroidX: 0.0419
CentroidY: 0.2938
