Location: Document_2025-04-18_221659-1.png_Gaussian-Closing.png
Component: component_1745010558693_122.png
centerX: 0.2673733804475854
centerY: 0.1998288403936671
width: 0.03651354534746761
height: 0.029097133076593923
Area: 0.0003931227707292881
CentroidX: 0.2842
CentroidY: 0.2155
