Location: 2025-04-18_221637-1.png_Otsu.png
Component: component_1745010558810_611.png
centerX: 0.7061248527679623
centerY: 0.7060333761232349
width: 0.032391048292108364
height: 0.029525032092426188
Area: 0.00022276957007992993
CentroidX: 0.7230
CentroidY: 0.7214
