Location: 2025-04-16_190255-1.png_Mean-Closing.png
Component: component_1744834130653_180.png
centerX: 0.17962308598351
centerY: 0.4762516046213094
width: 0.03769140164899882
height: 0.029097133076593923
Area: 0.00035204648122359966
CentroidX: 0.1950
CentroidY: 0.4904
