Location: Document_2025-04-18_221659-1.png_Gaussian-Median.png
Component: component_1745010558887_101.png
centerX: 0.6295641931684335
centerY: 0.17115960633290545
width: 0.03769140164899882
height: 0.029097133076593923
Area: 0.0004122749057135355
CentroidX: 0.6465
CentroidY: 0.1867
