Location: 2025-04-16_190323-1.png_Mean-Medain.png
Component: component_1744834131039_104.png
centerX: 0.8680800942285041
centerY: 0.1514762516046213
width: 0.03297997644287397
height: 0.025246041934103552
Area: 0.00027367392885385054
CentroidX: 0.8826
CentroidY: 0.1629
