Location: 2025-04-18_221637-1.png_Otsu.png
Component: component_1745010558748_235.png
centerX: 0.44287396937573614
centerY: 0.20068463842533163
width: 0.03297997644287397
height: 0.02995293110825845
Area: 0.0003958947902664818
CentroidX: 0.4583
CentroidY: 0.2172
