Location: Document_2025-04-18_221659-1.png_Gaussian-Median.png
Component: component_1745010558888_106.png
centerX: 0.21731448763250882
centerY: 0.19811724433033803
width: 0.03415783274440518
height: 0.03123662815575524
Area: 0.0004069828684152566
CentroidX: 0.2330
CentroidY: 0.2152
