Location: 2025-04-18_221637-1.png_Otsu.png
Component: component_1745010558774_390.png
centerX: 0.9110718492343934
centerY: 0.4689773213521609
width: 0.03651354534746761
height: 0.03080872913992298
Area: 0.00036162254871572333
CentroidX: 0.9278
CentroidY: 0.4852
