Location: 2025-04-18_221637-1.png_Otsu.png
Component: component_1745010558788_441.png
centerX: 0.4134275618374558
centerY: 0.5066324347454001
width: 0.02944640753828033
height: 0.028241335044929396
Area: 0.00019252935694690775
CentroidX: 0.4271
CentroidY: 0.5230
