Location: Document_2025-04-18_221659-1.png_Gaussian-Closing.png
Component: component_1745010558681_73.png
centerX: 0.7656065959952886
centerY: 0.06974753958065896
width: 0.03769140164899882
height: 0.03209242618741977
Area: 0.0004939234811726953
CentroidX: 0.7831
CentroidY: 0.0876
