Location: 2025-04-16_190255-1.png_Mean-Closing.png
Component: component_1744834130703_370.png
centerX: 0.05889281507656066
centerY: 0.9302524604193411
width: 0.02944640753828033
height: 0.03123662815575524
Area: 0.00032256227341890306
CentroidX: 0.0730
CentroidY: 0.9440
