Location: 2025-04-16_190255-1.png_Mean-Closing.png
Component: component_1744834130636_110.png
centerX: 0.3133097762073027
centerY: 0.2845528455284553
width: 0.032391048292108364
height: 0.02995293110825845
Area: 0.0003240742840755542
CentroidX: 0.3277
CentroidY: 0.2984
