Location: 2025-04-18_221637-1.png_Otsu.png
Component: component_1745010558748_238.png
centerX: 0.3050647820965842
centerY: 0.20239623448866068
width: 0.03356890459363958
height: 0.03209242618741977
Area: 0.000405722859534714
CentroidX: 0.3201
CentroidY: 0.2198
