Location: Document_2025-04-18_221659-1.png_Gaussian-Closing.png
Component: component_1745010558683_86.png
centerX: 0.582449941107185
centerY: 0.10226786478391099
width: 0.035924617196702
height: 0.03209242618741977
Area: 0.0004788033746061842
CentroidX: 0.5992
CentroidY: 0.1190
