Location: 2025-04-16_190255-1.png_Otsu.png
Component: component_1744834130781_158.png
centerX: 0.23380447585394581
centerY: 0.42704321780059906
width: 0.05182567726737338
height: 0.03508771929824561
Area: 0.0003875787316549007
CentroidX: 0.2545
CentroidY: 0.4448
