Location: 2025-04-16_190323-1.png_Mean-Medain.png
Component: component_1744834131097_327.png
centerX: 0.35983510011778563
centerY: 0.4749679075738126
width: 0.03121319199057715
height: 0.02995293110825845
Area: 0.0002991261082408109
CentroidX: 0.3756
CentroidY: 0.4880
