Location: 2025-04-16_190323-1.png_Mean-Medain.png
Component: component_1744834131312_443.png
centerX: 0.016489988221436984
centerY: 0.6427043217800599
width: 0.024734982332155476
height: 0.03080872913992298
Area: 0.00027392593062995906
CentroidX: 0.0284
CentroidY: 0.6558
