Location: 2025-04-16_190323-1.png_Mean-Medain.png
Component: component_1744834131078_278.png
centerX: 0.28091872791519434
centerY: 0.39580658964484383
width: 0.03121319199057715
height: 0.024818142918271287
Area: 0.00025275778143684356
CentroidX: 0.2953
CentroidY: 0.4065
