Location: 2025-04-16_190323-1.png_Mean-Medain.png
Component: component_1744834131080_288.png
centerX: 0.8203769140164899
centerY: 0.4184852374839538
width: 0.030624263839811542
height: 0.023106546854942234
Area: 0.000279721971480455
CentroidX: 0.8354
CentroidY: 0.4286
