Location: 2025-04-18_221637-1.png_Otsu.png
Component: component_1745010558768_354.png
centerX: 0.7273262661955241
centerY: 0.40136927685066326
width: 0.0353356890459364
height: 0.02781343602909713
Area: 0.00029862210468859385
CentroidX: 0.7437
CentroidY: 0.4169
