Location: 2025-04-18_221637-1.png_Otsu.png
Component: component_1745010558835_770.png
centerX: 0.690223792697291
centerY: 0.905862216516902
width: 0.0353356890459364
height: 0.037227214377406934
Area: 0.0005609559536175611
CentroidX: 0.7063
CentroidY: 0.9261
