Location: 2025-04-16_190255-1.png_Mean-Closing.png
Component: component_1744834130642_136.png
centerX: 0.17373380447585396
centerY: 0.3769790329482242
width: 0.028857479387514724
height: 0.03123662815575524
Area: 0.0003109701917179112
CentroidX: 0.1855
CentroidY: 0.3919
