Location: 2025-04-16_190255-1.png_Otsu.png
Component: component_1744834130826_316.png
centerX: 0.6755005889281508
centerY: 0.8207103123662816
width: 0.03828032979976443
height: 0.023106546854942234
Area: 0.00027090190931665684
CentroidX: 0.6916
CentroidY: 0.8324
