Location: easy21_Mean-Medain.png
Component: component_1744297380935_817.png
centerX: 0.6620967741935484
centerY: 0.6317049808429118
width: 0.02338709677419355
height: 0.017720306513409962
Area: 0.00010698615745890496
CentroidX: 0.6732
CentroidY: 0.6386
