Location: 2025-04-16_190255-1.png_Otsu.png
Component: component_1744834130792_193.png
centerX: 0.2862190812720848
centerY: 0.5207531022678648
width: 0.037102473498233215
height: 0.02866923406076166
Area: 0.0003238222822994456
CentroidX: 0.3006
CentroidY: 0.5350
