Location: 2025-04-16_190323-1.png_Gaussian-Median.png
Component: component_1744834130903_160.png
centerX: 0.8833922261484098
centerY: 0.2314933675652546
width: 0.022968197879858657
height: 0.025246041934103552
Area: 0.00024141770151196027
CentroidX: 0.8936
CentroidY: 0.2432
