Location: 2025-04-18_221637-1.png_Otsu.png
Component: component_1745010558790_496.png
centerX: 0.8580683156654888
centerY: 0.5323063756953359
width: 0.0447585394581861
height: 0.0329482242190843
Area: 0.0004140389181462951
CentroidX: 0.8799
CentroidY: 0.5508
