Location: 2025-04-16_190323-1.png_Gaussian-Median.png
Component: component_1744834130967_446.png
centerX: 0.4122497055359246
centerY: 0.6332905434317501
width: 0.03415783274440518
height: 0.025246041934103552
Area: 0.0002779579590476954
CentroidX: 0.4282
CentroidY: 0.6438
