Location: 2025-04-18_221637-1.png_Otsu.png
Component: component_1745010558754_267.png
centerX: 0.682567726737338
centerY: 0.2644415917843389
width: 0.03651354534746761
height: 0.032520325203252036
Area: 0.00042361498563841876
CentroidX: 0.6993
CentroidY: 0.2819
