Location: 2025-04-16_190323-1.png_Gaussian-Median.png
Component: component_1744834130990_577.png
centerX: 0.24263839811542992
centerY: 0.8553701326486949
width: 0.03121319199057715
height: 0.026957637997432605
Area: 0.00027392593062995906
CentroidX: 0.2560
CentroidY: 0.8677
