Location: 2025-04-16_190255-1.png_Mean-Closing.png
Component: component_1744834130612_8.png
centerX: 0.5064782096584217
centerY: 0.028241335044929396
width: 0.02591283863368669
height: 0.03465982028241335
Area: 0.00028047797680878057
CentroidX: 0.5204
CentroidY: 0.0435
