Location: 2025-04-16_190323-1.png_Gaussian-Median.png
Component: component_1744834130981_533.png
centerX: 0.21201413427561838
centerY: 0.7633718442447582
width: 0.030624263839811542
height: 0.026529738981600343
Area: 0.00023133763046761954
CentroidX: 0.2270
CentroidY: 0.7747
