Location: 2025-04-16_190255-1.png_Mean-Closing.png
Component: component_1744834130641_134.png
centerX: 0.5671378091872792
centerY: 0.37526743688489517
width: 0.0353356890459364
height: 0.03337612323491656
Area: 0.0003472584474775378
CentroidX: 0.5832
CentroidY: 0.3910
