Location: 2025-04-16_190323-1.png_Gaussian-Median.png
Component: component_1744834130900_146.png
centerX: 0.07008244994110718
centerY: 0.19811724433033803
width: 0.024146054181389872
height: 0.02866923406076166
Area: 0.0002658618737944865
CentroidX: 0.0825
CentroidY: 0.2105
