Location: 2025-04-16_190323-1.png_Gaussian-Median.png
Component: component_1744834130949_367.png
centerX: 0.17962308598351
centerY: 0.5207531022678648
width: 0.027090694935217905
height: 0.02738553701326487
Area: 0.0002517497743324095
CentroidX: 0.1940
CentroidY: 0.5318
