Location: 2025-04-16_190323-1.png_Gaussian-Median.png
Component: component_1744834130957_411.png
centerX: 0.6230859835100118
centerY: 0.5798031664527171
width: 0.02944640753828033
height: 0.02738553701326487
Area: 0.00027090190931665684
CentroidX: 0.6381
CentroidY: 0.5909
