Location: Document_2025-04-18_221659-1.png_Gaussian-Closing.png
Component: component_1745010558697_146.png
centerX: 0.8074204946996466
centerY: 0.2362002567394095
width: 0.04534746760895171
height: 0.0329482242190843
Area: 0.0005596959447370185
CentroidX: 0.8281
CentroidY: 0.2537
