Location: 2025-04-18_221637-1.png_Otsu.png
Component: component_1745010558810_609.png
centerX: 0.856301531213192
centerY: 0.7056054771074026
width: 0.03828032979976443
height: 0.02866923406076166
Area: 0.0002640978613617269
CentroidX: 0.8729
CentroidY: 0.7218
