Location: Document_2025-04-18_221659-1.png_Gaussian-Closing.png
Component: component_1745010558671_43.png
centerX: 0.06713780918727916
centerY: 0.026957637997432605
width: 0.04004711425206125
height: 0.03380402225074882
Area: 0.0005642319767069718
CentroidX: 0.0855
CentroidY: 0.0451
