Location: 2025-04-16_190323-1.png_Gaussian-Median.png
Component: component_1744834130986_555.png
centerX: 0.26089517078916374
centerY: 0.808301240907146
width: 0.024734982332155476
height: 0.02396234488660676
Area: 0.00021873754166219363
CentroidX: 0.2736
CentroidY: 0.8189
