Location: 2025-04-16_190255-1.png_Mean-Closing.png
Component: component_1744834130692_328.png
centerX: 0.1967020023557126
centerY: 0.8382541720154044
width: 0.03180212014134275
height: 0.0235344458707745
Area: 0.0002703979057644398
CentroidX: 0.2111
CentroidY: 0.8491
