Location: 2025-04-16_190323-1.png_Mean-Medain.png
Component: component_1744834131338_480.png
centerX: 0.5571260306242638
centerY: 0.7073170731707317
width: 0.030624263839811542
height: 0.03080872913992298
Area: 0.0002880380300920361
CentroidX: 0.5710
CentroidY: 0.7214
