Location: 2025-04-16_190255-1.png_Mean-Closing.png
Component: component_1744834130673_267.png
centerX: 0.4169611307420495
centerY: 0.7047496790757382
width: 0.03297997644287397
height: 0.02781343602909713
Area: 0.00033919439064206526
CentroidX: 0.4321
CentroidY: 0.7163
