Location: 2025-04-18_221637-1.png_Otsu.png
Component: component_1745010558741_148.png
centerX: 0.0706713780918728
centerY: 0.13564398801882754
width: 0.03356890459363958
height: 0.031664527171587506
Area: 0.00021168149193115512
CentroidX: 0.0845
CentroidY: 0.1537
