Location: 2025-04-16_190255-1.png_Otsu.png
Component: component_1744834130771_119.png
centerX: 0.9628975265017667
centerY: 0.3299101412066752
width: 0.02944640753828033
height: 0.02781343602909713
Area: 0.000237889676646441
CentroidX: 0.9785
CentroidY: 0.3423
