Location: 2025-04-16_190323-1.png_Gaussian-Median.png
Component: component_1744834130974_488.png
centerX: 0.709658421672556
centerY: 0.7038938810440736
width: 0.030035335689045935
height: 0.02610183996576808
Area: 0.0002590578258395565
CentroidX: 0.7233
CentroidY: 0.7157
