Location: 2025-04-18_221637-1.png_Otsu.png
Component: component_1745010558799_535.png
centerX: 0.541813898704358
centerY: 0.6054771074026529
width: 0.03651354534746761
height: 0.029525032092426188
Area: 0.00031449821658343047
CentroidX: 0.5578
CentroidY: 0.6220
