Location: 2025-04-18_221637-1.png_Otsu.png
Component: component_1745010558769_359.png
centerX: 0.24381625441696114
centerY: 0.40607616602481816
width: 0.030624263839811542
height: 0.029525032092426188
Area: 0.0002837539998981913
CentroidX: 0.2577
CentroidY: 0.4221
