Location: 2025-04-16_190323-1.png_Gaussian-Median.png
Component: component_1744834130917_227.png
centerX: 0.37043580683156657
centerY: 0.31878476679503637
width: 0.021790341578327443
height: 0.024818142918271287
Area: 0.00021193349370726366
CentroidX: 0.3821
CentroidY: 0.3292
