Location: 2025-04-16_190323-1.png_Mean-Medain.png
Component: component_1744834131108_332.png
centerX: 0.28091872791519434
centerY: 0.47839109970047067
width: 0.026501766784452298
height: 0.024818142918271287
Area: 0.00024696174058634764
CentroidX: 0.2941
CentroidY: 0.4890
