Location: 2025-04-16_190323-1.png_Gaussian-Median.png
Component: component_1744834130869_15.png
centerX: 0.45111896348645464
centerY: 0.009413778348309799
width: 0.024146054181389872
height: 0.0235344458707745
Area: 0.0002477177459146732
CentroidX: 0.4622
CentroidY: 0.0200
