Location: 2025-04-16_190323-1.png_Mean-Medain.png
Component: component_1744834131189_386.png
centerX: 0.12308598351001178
centerY: 0.560119811724433
width: 0.02061248527679623
height: 0.02738553701326487
Area: 0.0002504897654518669
CentroidX: 0.1326
CentroidY: 0.5721
