Location: 2025-04-16_190323-1.png_Mean-Medain.png
Component: component_1744834131026_49.png
centerX: 0.8792697290930507
centerY: 0.04878048780487805
width: 0.024146054181389872
height: 0.02396234488660676
Area: 0.0002570418116306884
CentroidX: 0.8908
CentroidY: 0.0589
