Location: easy26_Mean-Closing.png
Component: component_1744297382013_339.png
centerX: 0.8983870967741936
centerY: 0.25526819923371646
width: 0.02338709677419355
height: 0.017241379310344827
Area: 0.00013324990730441232
CentroidX: 0.9098
CentroidY: 0.2622
