Location: Document_2025-04-18_221659-1.png_Gaussian-Median.png
Component: component_1745010558893_123.png
centerX: 0.1166077738515901
centerY: 0.23277706461275138
width: 0.04004711425206125
height: 0.03380402225074882
Area: 0.0004838434101283546
CentroidX: 0.1347
CentroidY: 0.2517
