Location: 2025-04-16_190255-1.png_Mean-Closing.png
Component: component_1744834130678_285.png
centerX: 0.4305064782096584
centerY: 0.7445442875481386
width: 0.03180212014134275
height: 0.02866923406076166
Area: 0.0002918180567336639
CentroidX: 0.4438
CentroidY: 0.7576
