Location: 2025-04-18_221637-1.png_Otsu.png
Component: component_1745010558752_254.png
centerX: 0.39045936395759717
centerY: 0.23406076166024817
width: 0.03121319199057715
height: 0.03123662815575524
Area: 0.00038909074231155183
CentroidX: 0.4051
CentroidY: 0.2503
