Location: 2025-04-16_190323-1.png_Gaussian-Median.png
Component: component_1744834130956_405.png
centerX: 0.8345111896348646
centerY: 0.5716730851519042
width: 0.027090694935217905
height: 0.025246041934103552
Area: 0.00026359385780950985
CentroidX: 0.8478
CentroidY: 0.5826
