Location: Document_2025-04-18_221659-1.png_Gaussian-Closing.png
Component: component_1745010558682_78.png
centerX: 0.2149587750294464
centerY: 0.09798887462558836
width: 0.035924617196702
height: 0.03080872913992298
Area: 0.00046368326803967314
CentroidX: 0.2317
CentroidY: 0.1144
