Location: 2025-04-16_190255-1.png_Mean-Closing.png
Component: component_1744834130613_16.png
centerX: 0.8156654888103652
centerY: 0.03337612323491656
width: 0.03121319199057715
height: 0.024818142918271287
Area: 0.00028047797680878057
CentroidX: 0.8299
CentroidY: 0.0444
