Location: 2025-04-16_190323-1.png_Mean-Medain.png
Component: component_1744834131069_240.png
centerX: 0.6448763250883393
centerY: 0.3491655969191271
width: 0.024146054181389872
height: 0.025246041934103552
Area: 0.00024544972992969656
CentroidX: 0.6563
CentroidY: 0.3599
