Location: 2025-04-16_190323-1.png_Gaussian-Median.png
Component: component_1744834130939_327.png
centerX: 0.5506478209658422
centerY: 0.4689773213521609
width: 0.026501766784452298
height: 0.024818142918271287
Area: 0.00022428158073658103
CentroidX: 0.5643
CentroidY: 0.4792
