Location: 2025-04-16_190323-1.png_Gaussian-Median.png
Component: component_1744834130898_138.png
centerX: 0.7868080094228505
centerY: 0.19469405220367994
width: 0.03121319199057715
height: 0.02738553701326487
Area: 0.00030290613488243864
CentroidX: 0.8011
CentroidY: 0.2066
