Location: 2025-04-16_190255-1.png_Otsu.png
Component: component_1744834130829_332.png
centerX: 0.9469964664310954
centerY: 0.8553701326486949
width: 0.03356890459363958
height: 0.0235344458707745
Area: 0.00023864568197476657
CentroidX: 0.9606
CentroidY: 0.8660
