Location: 2025-04-16_190323-1.png_Mean-Medain.png
Component: component_1744834131174_369.png
centerX: 0.7620730270906949
centerY: 0.5370132648694907
width: 0.027090694935217905
height: 0.02396234488660676
Area: 0.0002381416784225495
CentroidX: 0.7737
CentroidY: 0.5483
