Location: 2025-04-18_221637-1.png_Otsu.png
Component: component_1745010558796_524.png
centerX: 0.20730270906949352
centerY: 0.5733846812152332
width: 0.030624263839811542
height: 0.028241335044929396
Area: 0.00030719016507628347
CentroidX: 0.2209
CentroidY: 0.5893
