Location: 2025-04-16_190323-1.png_Gaussian-Median.png
Component: component_1744834130975_496.png
centerX: 0.5153121319199058
centerY: 0.711168164313222
width: 0.03356890459363958
height: 0.026529738981600343
Area: 0.00027064990754054833
CentroidX: 0.5301
CentroidY: 0.7239
