Location: 2025-04-16_190323-1.png_Mean-Medain.png
Component: component_1744834131183_377.png
centerX: 0.4705535924617197
centerY: 0.5515618314077878
width: 0.028857479387514724
height: 0.024390243902439025
Area: 0.00024670973881023913
CentroidX: 0.4831
CentroidY: 0.5626
