Location: Document_2025-04-18_221659-1.png_Gaussian-Median.png
Component: component_1745010558874_38.png
centerX: 0.5482921083627798
centerY: 0.06760804450149764
width: 0.037102473498233215
height: 0.02995293110825845
Area: 0.0004704873159946031
CentroidX: 0.5658
CentroidY: 0.0837
