Location: 2025-04-16_190255-1.png_Mean-Closing.png
Component: component_1744834130613_12.png
centerX: 0.6590106007067138
centerY: 0.031664527171587506
width: 0.034746760895170786
height: 0.02866923406076166
Area: 0.00029459007627085753
CentroidX: 0.6754
CentroidY: 0.0451
