Location: 2025-04-16_190323-1.png_Gaussian-Median.png
Component: component_1744834130958_416.png
centerX: 0.4493521790341578
centerY: 0.5870774497218656
width: 0.028268551236749116
height: 0.026957637997432605
Area: 0.000251497772556301
CentroidX: 0.4628
CentroidY: 0.5990
