Location: 2025-04-16_190255-1.png_Mean-Closing.png
Component: component_1744834130617_32.png
centerX: 0.7667844522968198
centerY: 0.07060333761232349
width: 0.032391048292108364
height: 0.03123662815575524
Area: 0.0003134902094789964
CentroidX: 0.7795
CentroidY: 0.0858
