Location: 2025-04-16_190255-1.png_Mean-Closing.png
Component: component_1744834130691_321.png
centerX: 0.5429917550058893
centerY: 0.8322635857937527
width: 0.030035335689045935
height: 0.02011125374411639
Area: 0.00025376578854127766
CentroidX: 0.5547
CentroidY: 0.8420
