Location: 2025-04-16_190323-1.png_Gaussian-Median.png
Component: component_1744834130877_60.png
centerX: 0.9263839811542992
centerY: 0.07830551989730423
width: 0.028857479387514724
height: 0.02396234488660676
Area: 0.00025376578854127766
CentroidX: 0.9393
CentroidY: 0.0893
