Location: 2025-04-16_190255-1.png_Otsu.png
Component: component_1744834130836_355.png
centerX: 0.7703180212014135
centerY: 0.9080017115960634
width: 0.034746760895170786
height: 0.021822849807445442
Area: 0.00023284964112427065
CentroidX: 0.7843
CentroidY: 0.9189
