Location: 2025-04-16_190255-1.png_Mean-Closing.png
Component: component_1744834130655_190.png
centerX: 0.5600706713780919
centerY: 0.5181857081728712
width: 0.03828032979976443
height: 0.02781343602909713
Area: 0.0003888387405354433
CentroidX: 0.5755
CentroidY: 0.5335
