Location: 2025-04-16_190255-1.png_Mean-Closing.png
Component: component_1744834130674_271.png
centerX: 0.31566548881036516
centerY: 0.707744972186564
width: 0.043580683156654886
height: 0.028241335044929396
Area: 0.0003790106712672111
CentroidX: 0.3337
CentroidY: 0.7214
