Location: Document_2025-04-18_221659-1.png_Gaussian-Closing.png
Component: component_1745010558694_131.png
centerX: 0.7408716136631331
centerY: 0.20282413350449294
width: 0.04063604240282685
height: 0.032520325203252036
Area: 0.00042159897142955065
CentroidX: 0.7591
CentroidY: 0.2201
