Location: 2025-04-18_221637-1.png_Otsu.png
Component: component_1745010558729_11.png
centerX: 0.6236749116607774
centerY: 0.026957637997432605
width: 0.030624263839811542
height: 0.030380830124090714
Area: 0.00027342192707774203
CentroidX: 0.6380
CentroidY: 0.0438
