Location: 2025-04-16_190255-1.png_Mean-Closing.png
Component: component_1744834130620_39.png
centerX: 0.4110718492343934
centerY: 0.10868635002139496
width: 0.03415783274440518
height: 0.032520325203252036
Area: 0.0003444864279403441
CentroidX: 0.4250
CentroidY: 0.1242
