Location: 2025-04-16_190323-1.png_Mean-Medain.png
Component: component_1744834131085_312.png
centerX: 0.9305064782096584
centerY: 0.45699614890885754
width: 0.028857479387514724
height: 0.021822849807445442
Area: 0.000252001776108518
CentroidX: 0.9446
CentroidY: 0.4659
