Location: 2025-04-18_221637-1.png_Otsu.png
Component: component_1745010558794_514.png
centerX: 0.06713780918727916
centerY: 0.543859649122807
width: 0.0353356890459364
height: 0.03123662815575524
Area: 0.00042159897142955065
CentroidX: 0.0827
CentroidY: 0.5605
