Location: easy64_Gaussian-Closing.png
Component: component_1744297381566_1229.png
centerX: 0.7974607013301088
centerY: 0.7665669089354425
width: 0.012696493349455865
height: 0.011543394613082514
Area: 7.030774631104044e-05
CentroidX: 0.8033
CentroidY: 0.7714
