Location: 2025-04-16_190323-1.png_Mean-Medain.png
Component: component_1744834131043_121.png
centerX: 0.5153121319199058
centerY: 0.15489944373127942
width: 0.027090694935217905
height: 0.026529738981600343
Area: 0.0002640978613617269
CentroidX: 0.5264
CentroidY: 0.1675
