Location: 2025-04-16_190255-1.png_Otsu.png
Component: component_1744834130824_310.png
centerX: 0.9393404004711425
centerY: 0.8112965340179717
width: 0.030624263839811542
height: 0.022250748823277707
Area: 0.00023562166066146435
CentroidX: 0.9539
CentroidY: 0.8216
