Location: 2025-04-18_221637-1.png_Otsu.png
Component: component_1745010558804_560.png
centerX: 0.5518256772673734
centerY: 0.6401369276850664
width: 0.0353356890459364
height: 0.028241335044929396
Area: 0.0002696419004361143
CentroidX: 0.5676
CentroidY: 0.6556
