Location: 2025-04-16_190323-1.png_Mean-Medain.png
Component: component_1744834131311_438.png
centerX: 0.27267373380447585
centerY: 0.6367137355584083
width: 0.028857479387514724
height: 0.02781343602909713
Area: 0.00027644594839104425
CentroidX: 0.2866
CentroidY: 0.6484
