Location: 2025-04-16_190255-1.png_Otsu.png
Component: component_1744834130770_115.png
centerX: 0.6401648998822144
centerY: 0.3290543431750107
width: 0.03651354534746761
height: 0.028241335044929396
Area: 0.0002668698808989206
CentroidX: 0.6563
CentroidY: 0.3427
