Location: 2025-04-18_221637-1.png_Otsu.png
Component: component_1745010558771_368.png
centerX: 0.9140164899882215
centerY: 0.4313222079589217
width: 0.03356890459363958
height: 0.03080872913992298
Area: 0.00039992681868421807
CentroidX: 0.9283
CentroidY: 0.4483
