Location: 2025-04-16_190255-1.png_Otsu.png
Component: component_1744834130838_367.png
centerX: 0.2226148409893993
centerY: 0.928540864356012
width: 0.03828032979976443
height: 0.022250748823277707
Area: 0.0002419217050641773
CentroidX: 0.2385
CentroidY: 0.9391
