Location: 2025-04-16_190255-1.png_Mean-Closing.png
Component: component_1744834130635_107.png
centerX: 0.07714958775029446
centerY: 0.28369704749679076
width: 0.028857479387514724
height: 0.03594351732991014
Area: 0.0003444864279403441
CentroidX: 0.0910
CentroidY: 0.2998
