Location: 2025-04-16_190323-1.png_Gaussian-Median.png
Component: component_1744834130930_294.png
centerX: 0.7856301531213192
centerY: 0.4206247325631151
width: 0.024146054181389872
height: 0.02267864783910997
Area: 0.00025225377788462653
CentroidX: 0.7968
CentroidY: 0.4304
