Location: 2025-04-16_190255-1.png_Otsu.png
Component: component_1744834130752_48.png
centerX: 0.0800942285041225
centerY: 0.11253744116388532
width: 0.028268551236749116
height: 0.02995293110825845
Area: 0.0002363776659897899
CentroidX: 0.0949
CentroidY: 0.1258
