Location: 2025-04-16_190255-1.png_Otsu.png
Component: component_1744834130742_16.png
centerX: 0.928150765606596
centerY: 0.03423192126658109
width: 0.0353356890459364
height: 0.024390243902439025
Area: 0.0002703979057644398
CentroidX: 0.9447
CentroidY: 0.0456
