Location: 2025-04-18_221637-1.png_Otsu.png
Component: component_1745010558759_292.png
centerX: 0.20259128386336867
centerY: 0.3025246041934104
width: 0.035924617196702
height: 0.031664527171587506
Area: 0.00046418727159189016
CentroidX: 0.2189
CentroidY: 0.3199
