Location: 2025-04-16_190255-1.png_Otsu.png
Component: component_1744834130740_7.png
centerX: 0.5070671378091873
centerY: 0.02866923406076166
width: 0.025323910482921083
height: 0.03380402225074882
Area: 0.00023310164290037916
CentroidX: 0.5204
CentroidY: 0.0437
