Location: 2025-04-18_221637-1.png_Otsu.png
Component: component_1745010558757_285.png
centerX: 0.582449941107185
centerY: 0.30038510911424904
width: 0.034746760895170786
height: 0.02995293110825845
Area: 0.00039942281513200104
CentroidX: 0.5988
CentroidY: 0.3172
