Location: 2025-04-16_190255-1.png_Mean-Closing.png
Component: component_1744834130702_363.png
centerX: 0.5353356890459364
centerY: 0.9225502781343603
width: 0.04122497055359246
height: 0.021822849807445442
Area: 0.0002910620514053383
CentroidX: 0.5552
CentroidY: 0.9321
