Location: 2025-04-16_190255-1.png_Otsu.png
Component: component_1744834130843_394.png
centerX: 0.8875147232037691
centerY: 0.9816003423192127
width: 0.02120141342756184
height: 0.01797175866495507
Area: 0.00015624110118728118
CentroidX: 0.8996
CentroidY: 0.9880
