Location: Document_2025-04-18_221659-1.png_Mean-Medain.png
Component: component_1745010558943_154.png
centerX: 0.5777385159010601
centerY: 0.20367993153615746
width: 0.038869257950530034
height: 0.029097133076593923
Area: 0.00039539078671426477
CentroidX: 0.5950
CentroidY: 0.2190
