Location: 2025-04-16_190255-1.png_Mean-Closing.png
Component: component_1744834130627_76.png
centerX: 0.6254416961130742
centerY: 0.19426615318784768
width: 0.035924617196702
height: 0.032520325203252036
Area: 0.00034347842083591005
CentroidX: 0.6405
CentroidY: 0.2098
