Location: Document_2025-04-18_221659-1.png_Gaussian-Median.png
Component: component_1745010558886_97.png
centerX: 0.47703180212014135
centerY: 0.16987590928540863
width: 0.03415783274440518
height: 0.02781343602909713
Area: 0.0004039588471019544
CentroidX: 0.4930
CentroidY: 0.1845
