Location: 2025-04-16_190323-1.png_Gaussian-Median.png
Component: component_1744834130966_441.png
centerX: 0.5176678445229682
centerY: 0.6277278562259306
width: 0.03180212014134275
height: 0.028241335044929396
Area: 0.0002882900318681446
CentroidX: 0.5325
CentroidY: 0.6398
