Location: 2025-04-16_190323-1.png_Mean-Medain.png
Component: component_1744834131383_549.png
centerX: 0.8910482921083628
centerY: 0.8373983739837398
width: 0.028857479387514724
height: 0.024818142918271287
Area: 0.0002698939022122228
CentroidX: 0.9047
CentroidY: 0.8490
