Location: Document_2025-04-18_221659-1.png_Mean-Medain.png
Component: component_1745010558944_156.png
centerX: 0.1707891637220259
centerY: 0.23192126658108686
width: 0.03769140164899882
height: 0.03337612323491656
Area: 0.0005012315326798423
CentroidX: 0.1881
CentroidY: 0.2502
