Location: 2025-04-16_190323-1.png_Mean-Medain.png
Component: component_1744834131368_514.png
centerX: 0.25206124852767964
centerY: 0.7608044501497646
width: 0.03180212014134275
height: 0.029525032092426188
Area: 0.00025779781695901393
CentroidX: 0.2671
CentroidY: 0.7738
