Location: 2025-04-16_190323-1.png_Mean-Medain.png
Component: component_1744834131017_8.png
centerX: 0.3333333333333333
centerY: 0.008985879332477536
width: 0.024146054181389872
height: 0.025246041934103552
Area: 0.00024998576189964986
CentroidX: 0.3444
CentroidY: 0.0201
