Location: 2025-04-16_190323-1.png_Gaussian-Median.png
Component: component_1744834130984_550.png
centerX: 0.4652532391048292
centerY: 0.7993153615746684
width: 0.024146054181389872
height: 0.022250748823277707
Area: 0.0002152095167966744
CentroidX: 0.4767
CentroidY: 0.8093
