Location: 2025-04-18_221637-1.png_Otsu.png
Component: component_1745010558833_758.png
centerX: 0.6831566548881036
centerY: 0.8754813863928113
width: 0.03180212014134275
height: 0.029097133076593923
Area: 0.000286526019435385
CentroidX: 0.6972
CentroidY: 0.8914
