Location: easy16_Gaussian-Median.png
Component: component_1744297381920_1244.png
centerX: 0.8927419354838709
centerY: 0.8673371647509579
width: 0.02338709677419355
height: 0.017720306513409962
Area: 0.00011123470522803115
CentroidX: 0.9040
CentroidY: 0.8744
