Location: 2025-04-16_190323-1.png_Mean-Medain.png
Component: component_1744834131089_317.png
centerX: 0.7296819787985865
centerY: 0.4634146341463415
width: 0.028268551236749116
height: 0.025246041934103552
Area: 0.0002464577370341306
CentroidX: 0.7421
CentroidY: 0.4745
