Location: Document_2025-04-18_221659-1.png_Gaussian-Closing.png
Component: component_1745010558689_103.png
centerX: 0.21731448763250882
centerY: 0.16559691912708602
width: 0.035924617196702
height: 0.02995293110825845
Area: 0.00043167904247389135
CentroidX: 0.2344
CentroidY: 0.1815
