Location: 2025-04-16_190323-1.png_Mean-Medain.png
Component: component_1744834131385_557.png
centerX: 0.5942285041224971
centerY: 0.8455284552845529
width: 0.028857479387514724
height: 0.025246041934103552
Area: 0.0002625858507050758
CentroidX: 0.6090
CentroidY: 0.8564
