Location: 2025-04-16_190323-1.png_Mean-Medain.png
Component: component_1744834131260_407.png
centerX: 0.4169611307420495
centerY: 0.5887890457851946
width: 0.027090694935217905
height: 0.025673940949935817
Area: 0.00024040969440752619
CentroidX: 0.4292
CentroidY: 0.6001
