Location: 2025-04-16_190255-1.png_Otsu.png
Component: component_1744834130808_249.png
centerX: 0.29093050647820967
centerY: 0.6593923833975182
width: 0.028268551236749116
height: 0.025246041934103552
Area: 0.000251497772556301
CentroidX: 0.3038
CentroidY: 0.6710
