Location: easy43_Mean-Closing.png
Component: component_1744297380563_122.png
centerX: 0.5235792019347038
centerY: 0.13253527148353997
width: 0.012091898428053204
height: 0.011543394613082514
Area: 5.84174656849086e-05
CentroidX: 0.5293
CentroidY: 0.1373
