Location: 2025-04-16_190255-1.png_Otsu.png
Component: component_1744834130808_250.png
centerX: 0.2043580683156655
centerY: 0.660676080445015
width: 0.03415783274440518
height: 0.0235344458707745
Area: 0.000202861429767357
CentroidX: 0.2184
CentroidY: 0.6719
