Location: easy64_Gaussian-Closing.png
Component: component_1744297381399_868.png
centerX: 0.41293833131801694
centerY: 0.5921333903377511
width: 0.011487303506650543
height: 0.011970927746900385
Area: 5.712504387772035e-05
CentroidX: 0.4182
CentroidY: 0.5971
