Location: 2025-04-16_190255-1.png_Otsu.png
Component: component_1744834130790_184.png
centerX: 0.8044758539458187
centerY: 0.5139067180145486
width: 0.0447585394581861
height: 0.026957637997432605
Area: 0.00036515057358124263
CentroidX: 0.8234
CentroidY: 0.5273
