Location: 2025-04-18_221637-1.png_Otsu.png
Component: component_1745010558759_296.png
centerX: 0.38987043580683156
centerY: 0.3029525032092426
width: 0.03356890459363958
height: 0.02995293110825845
Area: 0.00038430270856548997
CentroidX: 0.4048
CentroidY: 0.3190
