Location: 2025-04-16_190323-1.png_Mean-Medain.png
Component: component_1744834131173_366.png
centerX: 0.8698468786808009
centerY: 0.5310226786478391
width: 0.024734982332155476
height: 0.024390243902439025
Area: 0.0002436857174969369
CentroidX: 0.8814
CentroidY: 0.5412
