Location: Document_2025-04-18_221659-1.png_Gaussian-Median.png
Component: component_1745010558894_128.png
centerX: 0.4293286219081272
centerY: 0.23491655969191272
width: 0.03651354534746761
height: 0.031664527171587506
Area: 0.00048510341900889715
CentroidX: 0.4460
CentroidY: 0.2524
