Location: 2025-04-16_190255-1.png_Otsu.png
Component: component_1744834130815_281.png
centerX: 0.5800942285041225
centerY: 0.7381258023106547
width: 0.030624263839811542
height: 0.02781343602909713
Area: 0.0002565378080784713
CentroidX: 0.5939
CentroidY: 0.7502
