Location: 2025-04-16_190255-1.png_Mean-Closing.png
Component: component_1744834130615_24.png
centerX: 0.5135453474676089
centerY: 0.06632434745400086
width: 0.02944640753828033
height: 0.03209242618741977
Area: 0.00029333006739031497
CentroidX: 0.5270
CentroidY: 0.0804
