Location: 2025-04-16_190323-1.png_Gaussian-Median.png
Component: component_1744834130960_421.png
centerX: 0.2703180212014134
centerY: 0.5964912280701754
width: 0.02767962308598351
height: 0.028241335044929396
Area: 0.00027165791464498244
CentroidX: 0.2843
CentroidY: 0.6081
