Location: 2025-04-16_190323-1.png_Gaussian-Median.png
Component: component_1744834130951_377.png
centerX: 0.7997644287396938
centerY: 0.5348737697903295
width: 0.028857479387514724
height: 0.025246041934103552
Area: 0.00027468193595828465
CentroidX: 0.8135
CentroidY: 0.5453
