Location: 2025-04-18_221637-1.png_Otsu.png
Component: component_1745010558824_725.png
centerX: 0.071849234393404
centerY: 0.8121523320496363
width: 0.035924617196702
height: 0.03380402225074882
Area: 0.0004891354474266334
CentroidX: 0.0867
CentroidY: 0.8307
