Location: 2025-04-16_190255-1.png_Otsu.png
Component: component_1744834130792_194.png
centerX: 0.46054181389870436
centerY: 0.5203252032520326
width: 0.030624263839811542
height: 0.026957637997432605
Area: 0.000300638118897462
CentroidX: 0.4739
CentroidY: 0.5328
