Location: 2025-04-16_190323-1.png_Mean-Medain.png
Component: component_1744834131067_233.png
centerX: 0.9222614840989399
centerY: 0.33975181857081727
width: 0.02767962308598351
height: 0.02396234488660676
Area: 0.00025578180275014577
CentroidX: 0.9355
CentroidY: 0.3500
