Location: easy43_Mean-Closing.png
Component: component_1744297380713_1369.png
centerX: 0.7962515114873036
centerY: 0.7644292432663532
width: 0.012696493349455865
height: 0.011543394613082514
Area: 6.100230929928509e-05
CentroidX: 0.8019
CentroidY: 0.7692
