Location: 2025-04-16_190255-1.png_Mean-Closing.png
Component: component_1744834130628_82.png
centerX: 0.49352179034157834
centerY: 0.23662815575524176
width: 0.03297997644287397
height: 0.030380830124090714
Area: 0.0003273503071649649
CentroidX: 0.5077
CentroidY: 0.2520
