Location: 2025-04-18_221637-1.png_Otsu.png
Component: component_1745010558731_34.png
centerX: 0.6166077738515902
centerY: 0.06076166024818143
width: 0.0353356890459364
height: 0.03123662815575524
Area: 0.00031122219349401974
CentroidX: 0.6326
CentroidY: 0.0785
