Location: 2025-04-16_190255-1.png_Otsu.png
Component: component_1744834130773_130.png
centerX: 0.2944640753828033
centerY: 0.33675652545999146
width: 0.043580683156654886
height: 0.029525032092426188
Area: 0.0002993781100169194
CentroidX: 0.3129
CentroidY: 0.3510
