Location: 2025-04-18_221637-1.png_Otsu.png
Component: component_1745010558760_303.png
centerX: 0.7832744405182568
centerY: 0.33204963628583656
width: 0.03415783274440518
height: 0.03123662815575524
Area: 0.0003210502627622519
CentroidX: 0.7983
CentroidY: 0.3493
