Location: 2025-04-16_190323-1.png_Mean-Medain.png
Component: component_1744834131084_307.png
centerX: 0.014723203769140165
centerY: 0.44030808729139925
width: 0.022968197879858657
height: 0.02610183996576808
Area: 0.00025250577966073504
CentroidX: 0.0257
CentroidY: 0.4513
