Location: 2025-04-18_221637-1.png_Otsu.png
Component: component_1745010558792_505.png
centerX: 0.28975265017667845
centerY: 0.540436456996149
width: 0.03180212014134275
height: 0.0329482242190843
Area: 0.00040471485243027993
CentroidX: 0.3038
CentroidY: 0.5584
