Location: 2025-04-16_190323-1.png_Mean-Medain.png
Component: component_1744834131043_125.png
centerX: 0.21908127208480566
centerY: 0.15661103979460847
width: 0.025323910482921083
height: 0.025673940949935817
Area: 0.00023133763046761954
CentroidX: 0.2304
CentroidY: 0.1679
