Location: 2025-04-16_190323-1.png_Mean-Medain.png
Component: component_1744834131059_198.png
centerX: 0.22673733804475854
centerY: 0.2815575524176294
width: 0.025323910482921083
height: 0.029097133076593923
Area: 0.0002913140531814468
CentroidX: 0.2395
CentroidY: 0.2932
