Location: 2025-04-16_190255-1.png_Mean-Closing.png
Component: component_1744834130634_105.png
centerX: 0.734982332155477
centerY: 0.28284124946512623
width: 0.03356890459363958
height: 0.032520325203252036
Area: 0.0003480144528058634
CentroidX: 0.7494
CentroidY: 0.2992
