Location: 2025-04-16_190255-1.png_Otsu.png
Component: component_1744834130777_148.png
centerX: 0.9263839811542992
centerY: 0.41762943945228925
width: 0.04122497055359246
height: 0.02995293110825845
Area: 0.00033591836755265454
CentroidX: 0.9452
CentroidY: 0.4312
