Location: 2025-04-18_221637-1.png_Otsu.png
Component: component_1745010558802_548.png
centerX: 0.22850412249705537
centerY: 0.6114676936243046
width: 0.030624263839811542
height: 0.02866923406076166
Area: 0.0002908100496292298
CentroidX: 0.2419
CentroidY: 0.6267
