Location: 2025-04-16_190323-1.png_Gaussian-Median.png
Component: component_1744834130981_532.png
centerX: 0.17255594817432274
centerY: 0.7637997432605905
width: 0.028268551236749116
height: 0.028241335044929396
Area: 0.00022831360915431733
CentroidX: 0.1857
CentroidY: 0.7765
