Location: 2025-04-16_190323-1.png_Mean-Medain.png
Component: component_1744834131116_340.png
centerX: 0.842756183745583
centerY: 0.4933675652545999
width: 0.02767962308598351
height: 0.024390243902439025
Area: 0.0002532617849890606
CentroidX: 0.8546
CentroidY: 0.5050
