Location: 2025-04-16_190255-1.png_Mean-Closing.png
Component: component_1744834130676_279.png
centerX: 0.7226148409893993
centerY: 0.7291399229781772
width: 0.03769140164899882
height: 0.02995293110825845
Area: 0.0003202942574339264
CentroidX: 0.7377
CentroidY: 0.7433
