Location: 2025-04-16_190255-1.png_Otsu.png
Component: component_1744834130773_133.png
centerX: 0.23027090694935218
centerY: 0.37526743688489517
width: 0.03180212014134275
height: 0.032520325203252036
Area: 0.00029055804785312126
CentroidX: 0.2440
CentroidY: 0.3909
