Location: 2025-04-16_190323-1.png_Gaussian-Median.png
Component: component_1744834130907_184.png
centerX: 0.9104829210836278
centerY: 0.26658108686350024
width: 0.024146054181389872
height: 0.0235344458707745
Area: 0.00024242570861639432
CentroidX: 0.9215
CentroidY: 0.2776
