Location: easy21_Mean-Medain.png
Component: component_1744297380954_885.png
centerX: 0.47580645161290325
centerY: 0.6772030651340997
width: 0.02258064516129032
height: 0.018199233716475097
Area: 0.00011007601038190582
CentroidX: 0.4869
CentroidY: 0.6844
