Location: 2025-04-16_190255-1.png_Mean-Closing.png
Component: component_1744834130645_152.png
centerX: 0.7025912838633687
centerY: 0.42362002567394097
width: 0.04711425206124853
height: 0.02781343602909713
Area: 0.0003744746392972578
CentroidX: 0.7219
CentroidY: 0.4375
