Location: 2025-04-18_221637-1.png_Otsu.png
Component: component_1745010558761_305.png
centerX: 0.6307420494699647
centerY: 0.3333333333333333
width: 0.035924617196702
height: 0.03123662815575524
Area: 0.00033365035156767786
CentroidX: 0.6468
CentroidY: 0.3500
