Location: 2025-04-16_190323-1.png_Gaussian-Median.png
Component: component_1744834130868_6.png
centerX: 0.24499411071849234
centerY: 0.007274283269148481
width: 0.025323910482921083
height: 0.02781343602909713
Area: 0.00028476200700262535
CentroidX: 0.2571
CentroidY: 0.0193
