Location: 2025-04-16_190323-1.png_Mean-Medain.png
Component: component_1744834131036_90.png
centerX: 0.2838633686690224
centerY: 0.11638853230637569
width: 0.030035335689045935
height: 0.02610183996576808
Area: 0.00027921796792823795
CentroidX: 0.2967
CentroidY: 0.1284
