Location: 2025-04-16_190323-1.png_Gaussian-Median.png
Component: component_1744834130914_215.png
centerX: 0.7585394581861012
centerY: 0.3080872913992298
width: 0.03180212014134275
height: 0.025673940949935817
Area: 0.00028224198924154016
CentroidX: 0.7729
CentroidY: 0.3195
