Location: 2025-04-16_190255-1.png_Otsu.png
Component: component_1744834130814_274.png
centerX: 0.9534746760895171
centerY: 0.7210098416773641
width: 0.030624263839811542
height: 0.026957637997432605
Area: 0.0002603178347200991
CentroidX: 0.9677
CentroidY: 0.7331
