Location: 2025-04-18_221637-1.png_Otsu.png
Component: component_1745010558804_558.png
centerX: 0.7997644287396938
centerY: 0.6397090286692341
width: 0.035924617196702
height: 0.02866923406076166
Area: 0.00029005404430090424
CentroidX: 0.8173
CentroidY: 0.6553
