Location: 2025-04-18_221637-1.png_Otsu.png
Component: component_1745010558727_3.png
centerX: 0.9257950530035336
centerY: 0.02396234488660676
width: 0.032391048292108364
height: 0.03380402225074882
Area: 0.0003832947014610559
CentroidX: 0.9408
CentroidY: 0.0419
