Location: 2025-04-18_221637-1.png_Otsu.png
Component: component_1745010558745_214.png
centerX: 0.16313309776207302
centerY: 0.17115960633290545
width: 0.03180212014134275
height: 0.028241335044929396
Area: 0.00017715724860428817
CentroidX: 0.1771
CentroidY: 0.1868
