Location: 2025-04-16_190255-1.png_Mean-Closing.png
Component: component_1744834130656_198.png
centerX: 0.9257950530035336
centerY: 0.5481386392811296
width: 0.04004711425206125
height: 0.025673940949935817
Area: 0.00036011053805907225
CentroidX: 0.9440
CentroidY: 0.5599
