Location: 2025-04-18_221637-1.png_Otsu.png
Component: component_1745010558762_310.png
centerX: 0.3421672555948174
centerY: 0.33504492939666236
width: 0.0353356890459364
height: 0.03080872913992298
Area: 0.00033793438176152264
CentroidX: 0.3583
CentroidY: 0.3513
