Location: 2025-04-16_190323-1.png_Gaussian-Median.png
Component: component_1744834130968_455.png
centerX: 0.08833922261484099
centerY: 0.6431322207958922
width: 0.025323910482921083
height: 0.028241335044929396
Area: 0.00026510586846616093
CentroidX: 0.1001
CentroidY: 0.6557
