Location: 2025-04-16_190323-1.png_Gaussian-Median.png
Component: component_1744834130973_483.png
centerX: 0.8963486454652533
centerY: 0.6970474967907574
width: 0.027090694935217905
height: 0.0235344458707745
Area: 0.00023839368019865805
CentroidX: 0.9080
CentroidY: 0.7078
