Location: easy16_Gaussian-Median.png
Component: component_1744297381826_749.png
centerX: 0.41854838709677417
centerY: 0.5541187739463601
width: 0.02258064516129032
height: 0.017720306513409962
Area: 0.00011277963168953157
CentroidX: 0.4293
CentroidY: 0.5612
