Location: 2025-04-16_190323-1.png_Gaussian-Median.png
Component: component_1744834130924_266.png
centerX: 0.8492343934040048
centerY: 0.37783483097988874
width: 0.02767962308598351
height: 0.023106546854942234
Area: 0.00024242570861639432
CentroidX: 0.8621
CentroidY: 0.3883
