Location: 2025-04-16_190255-1.png_Mean-Closing.png
Component: component_1744834130660_213.png
centerX: 0.45936395759717313
centerY: 0.5682498930252461
width: 0.04888103651354535
height: 0.02781343602909713
Area: 0.00041025889150466733
CentroidX: 0.4805
CentroidY: 0.5811
