Location: 2025-04-16_190323-1.png_Mean-Medain.png
Component: component_1744834131381_544.png
centerX: 0.1425206124852768
centerY: 0.8121523320496363
width: 0.02591283863368669
height: 0.023106546854942234
Area: 0.00022806160737820881
CentroidX: 0.1544
CentroidY: 0.8223
