Location: Document_2025-04-18_221659-1.png_Gaussian-Median.png
Component: component_1745010558875_42.png
centerX: 0.6507656065959952
centerY: 0.06974753958065896
width: 0.034746760895170786
height: 0.029097133076593923
Area: 0.00045335119521922393
CentroidX: 0.6668
CentroidY: 0.0853
