Location: 2025-04-18_221637-1.png_Otsu.png
Component: component_1745010558822_716.png
centerX: 0.8274440518256773
centerY: 0.8070175438596491
width: 0.03769140164899882
height: 0.031664527171587506
Area: 0.000495687493605455
CentroidX: 0.8441
CentroidY: 0.8237
