Location: 2025-04-16_190255-1.png_Mean-Closing.png
Component: component_1744834130636_111.png
centerX: 0.6725559481743227
centerY: 0.2845528455284553
width: 0.03828032979976443
height: 0.02866923406076166
Area: 0.0003613705469396148
CentroidX: 0.6888
CentroidY: 0.2978
