Location: 2025-04-16_190255-1.png_Otsu.png
Component: component_1744834130740_8.png
centerX: 0.3992932862190813
centerY: 0.029525032092426188
width: 0.03297997644287397
height: 0.029525032092426188
Area: 0.00022150956119938733
CentroidX: 0.4170
CentroidY: 0.0414
