Location: 2025-04-18_221637-1.png_Otsu.png
Component: component_1745010558759_294.png
centerX: 0.4882214369846879
centerY: 0.3020967051775781
width: 0.032391048292108364
height: 0.029525032092426188
Area: 0.00037119861620784706
CentroidX: 0.5025
CentroidY: 0.3177
