Location: easy26_Mean-Closing.png
Component: component_1744297382007_304.png
centerX: 0.22258064516129034
centerY: 0.2332375478927203
width: 0.021774193548387097
height: 0.017720306513409962
Area: 0.00010737238907428007
CentroidX: 0.2332
CentroidY: 0.2406
