Location: 2025-04-16_190255-1.png_Mean-Closing.png
Component: component_1744834130611_5.png
centerX: 0.28209658421672557
centerY: 0.025673940949935817
width: 0.032391048292108364
height: 0.02995293110825845
Area: 0.00023889768375087508
CentroidX: 0.2984
CentroidY: 0.0386
