Location: 2025-04-16_190255-1.png_Otsu.png
Component: component_1744834130776_144.png
centerX: 0.676678445229682
centerY: 0.37783483097988874
width: 0.034746760895170786
height: 0.02866923406076166
Area: 0.00027342192707774203
CentroidX: 0.6911
CentroidY: 0.3921
