Location: 2025-04-16_190255-1.png_Otsu.png
Component: component_1744834130823_307.png
centerX: 0.16666666666666666
centerY: 0.7946084724005135
width: 0.030035335689045935
height: 0.02781343602909713
Area: 0.00025502579742182023
CentroidX: 0.1801
CentroidY: 0.8074
