Location: 2025-04-16_190323-1.png_Gaussian-Median.png
Component: component_1744834130887_93.png
centerX: 0.7550058892815077
centerY: 0.11553273427471117
width: 0.023557126030624265
height: 0.025246041934103552
Area: 0.00024948175834743283
CentroidX: 0.7650
CentroidY: 0.1274
