Location: 2025-04-16_190255-1.png_Otsu.png
Component: component_1744834130772_125.png
centerX: 0.35983510011778563
centerY: 0.3324775353016688
width: 0.04240282685512368
height: 0.03080872913992298
Area: 0.00030870217573293455
CentroidX: 0.3779
CentroidY: 0.3471
