Location: 2025-04-16_190255-1.png_Otsu.png
Component: component_1744834130756_65.png
centerX: 0.0800942285041225
centerY: 0.15532734274711169
width: 0.02767962308598351
height: 0.030380830124090714
Area: 0.0002542697920934947
CentroidX: 0.0929
CentroidY: 0.1693
