Location: 2025-04-16_190323-1.png_Mean-Medain.png
Component: component_1744834131052_162.png
centerX: 0.7102473498233216
centerY: 0.23491655969191272
width: 0.021790341578327443
height: 0.023106546854942234
Area: 0.0002419217050641773
CentroidX: 0.7214
CentroidY: 0.2443
