Location: 2025-04-18_221637-1.png_Otsu.png
Component: component_1745010558753_259.png
centerX: 0.061248527679623084
centerY: 0.2374839537869063
width: 0.03180212014134275
height: 0.029525032092426188
Area: 0.0003669145860140022
CentroidX: 0.0741
CentroidY: 0.2534
