Location: 2025-04-16_190323-1.png_Gaussian-Median.png
Component: component_1744834130899_143.png
centerX: 0.6354534746760895
centerY: 0.19554985023534446
width: 0.02591283863368669
height: 0.025246041934103552
Area: 0.000272413919973308
CentroidX: 0.6481
CentroidY: 0.2061
