Location: 2025-04-16_190255-1.png_Otsu.png
Component: component_1744834130778_150.png
centerX: 0.809776207302709
centerY: 0.4206247325631151
width: 0.04770318021201413
height: 0.02866923406076166
Area: 0.0003525504847758167
CentroidX: 0.8301
CentroidY: 0.4339
