Location: 2025-04-16_190323-1.png_Gaussian-Median.png
Component: component_1744834130982_538.png
centerX: 0.02120141342756184
centerY: 0.7702182284980744
width: 0.026501766784452298
height: 0.02781343602909713
Area: 0.00022302157185603844
CentroidX: 0.0337
CentroidY: 0.7823
