Location: 2025-04-16_190323-1.png_Mean-Medain.png
Component: component_1744834131076_272.png
centerX: 0.38869257950530034
centerY: 0.3923833975181857
width: 0.030035335689045935
height: 0.02738553701326487
Area: 0.0002698939022122228
CentroidX: 0.4013
CentroidY: 0.4053
