Location: 2025-04-16_190255-1.png_Otsu.png
Component: component_1744834130756_66.png
centerX: 0.9405182567726738
centerY: 0.18998716302952504
width: 0.027090694935217905
height: 0.032520325203252036
Area: 0.0002892980389725787
CentroidX: 0.9538
CentroidY: 0.2046
