Location: 2025-04-16_190323-1.png_Mean-Medain.png
Component: component_1744834131062_210.png
centerX: 0.7585394581861012
centerY: 0.3080872913992298
width: 0.03180212014134275
height: 0.025673940949935817
Area: 0.00028173798568932313
CentroidX: 0.7728
CentroidY: 0.3194
