Location: 2025-04-16_190255-1.png_Mean-Closing.png
Component: component_1744834130648_156.png
centerX: 0.6448763250883393
centerY: 0.42533162173727
width: 0.044169611307420496
height: 0.02995293110825845
Area: 0.0003744746392972578
CentroidX: 0.6640
CentroidY: 0.4393
