Location: 2025-04-16_190255-1.png_Mean-Closing.png
Component: component_1744834130707_389.png
centerX: 0.2673733804475854
centerY: 0.9661959777492511
width: 0.04122497055359246
height: 0.023106546854942234
Area: 0.0003119781988223453
CentroidX: 0.2851
CentroidY: 0.9770
