Location: 2025-04-16_190323-1.png_Mean-Medain.png
Component: component_1744834131312_444.png
centerX: 0.08833922261484099
centerY: 0.6431322207958922
width: 0.025323910482921083
height: 0.028241335044929396
Area: 0.0002668698808989206
CentroidX: 0.1001
CentroidY: 0.6556
