Location: 2025-04-16_190255-1.png_Otsu.png
Component: component_1744834130758_73.png
centerX: 0.5759717314487632
centerY: 0.19469405220367994
width: 0.03180212014134275
height: 0.03123662815575524
Area: 0.00029333006739031497
CentroidX: 0.5897
CentroidY: 0.2095
