Location: 2025-04-18_221637-1.png_Otsu.png
Component: component_1745010558747_231.png
centerX: 0.5924617196702002
centerY: 0.19811724433033803
width: 0.03297997644287397
height: 0.029097133076593923
Area: 0.00039539078671426477
CentroidX: 0.6070
CentroidY: 0.2143
