Location: 2025-04-16_190255-1.png_Otsu.png
Component: component_1744834130840_376.png
centerX: 0.806831566548881
centerY: 0.9507916131792897
width: 0.02944640753828033
height: 0.02866923406076166
Area: 0.00029862210468859385
CentroidX: 0.8212
CentroidY: 0.9638
