Location: 2025-04-16_190255-1.png_Otsu.png
Component: component_1744834130815_277.png
centerX: 0.7703180212014135
centerY: 0.727428326914848
width: 0.03651354534746761
height: 0.029097133076593923
Area: 0.00027417793240606757
CentroidX: 0.7868
CentroidY: 0.7403
