Location: Document_2025-04-18_221659-1.png_Gaussian-Closing.png
Component: component_1745010558693_128.png
centerX: 0.6831566548881036
centerY: 0.20239623448866068
width: 0.03769140164899882
height: 0.03123662815575524
Area: 0.0004009348257886522
CentroidX: 0.6997
CentroidY: 0.2195
