Location: easy21_Mean-Medain.png
Component: component_1744297380969_941.png
centerX: 0.12580645161290321
centerY: 0.7212643678160919
width: 0.02258064516129032
height: 0.017720306513409962
Area: 0.00010582746261277963
CentroidX: 0.1367
CentroidY: 0.7286
