Location: 2025-04-16_190323-1.png_Gaussian-Median.png
Component: component_1744834130977_510.png
centerX: 0.8197879858657244
centerY: 0.7415489944373128
width: 0.03297997644287397
height: 0.025673940949935817
Area: 0.00024696174058634764
CentroidX: 0.8352
CentroidY: 0.7530
