Location: easy26_Mean-Closing.png
Component: component_1744297382159_941.png
centerX: 0.9088709677419354
centerY: 0.7476053639846744
width: 0.02258064516129032
height: 0.017241379310344827
Area: 0.00011316586330490669
CentroidX: 0.9200
CentroidY: 0.7547
