Location: 2025-04-16_190323-1.png_Gaussian-Median.png
Component: component_1744834130940_331.png
centerX: 0.4028268551236749
centerY: 0.47368421052631576
width: 0.027090694935217905
height: 0.025673940949935817
Area: 0.0002696419004361143
CentroidX: 0.4166
CentroidY: 0.4844
