Location: 2025-04-16_190323-1.png_Mean-Medain.png
Component: component_1744834131084_306.png
centerX: 0.24028268551236748
centerY: 0.4381685922122379
width: 0.026501766784452298
height: 0.025673940949935817
Area: 0.0002542697920934947
CentroidX: 0.2529
CentroidY: 0.4496
