Location: 2025-04-16_190323-1.png_Gaussian-Median.png
Component: component_1744834130955_401.png
centerX: 0.015312131919905771
centerY: 0.5661103979460848
width: 0.025323910482921083
height: 0.02610183996576808
Area: 0.00024166970328806878
CentroidX: 0.0268
CentroidY: 0.5773
