Location: 2025-04-18_221637-1.png_Otsu.png
Component: component_1745010558812_625.png
centerX: 0.5600706713780919
centerY: 0.7098844672657253
width: 0.030624263839811542
height: 0.029097133076593923
Area: 0.00023486565533313878
CentroidX: 0.5727
CentroidY: 0.7249
