Location: 2025-04-18_221637-1.png_Otsu.png
Component: component_1745010558727_4.png
centerX: 0.6702002355712603
centerY: 0.024818142918271287
width: 0.03415783274440518
height: 0.03080872913992298
Area: 0.00027392593062995906
CentroidX: 0.6851
CentroidY: 0.0422
