Location: 2025-04-16_190255-1.png_Otsu.png
Component: component_1744834130807_247.png
centerX: 0.3292108362779741
centerY: 0.6572528883183568
width: 0.03415783274440518
height: 0.02396234488660676
Area: 0.000272917923525525
CentroidX: 0.3437
CentroidY: 0.6683
