Location: 2025-04-16_190255-1.png_Otsu.png
Component: component_1744834130758_72.png
centerX: 0.4040047114252061
centerY: 0.19469405220367994
width: 0.0353356890459364
height: 0.031664527171587506
Area: 0.0002890460371964702
CentroidX: 0.4194
CentroidY: 0.2099
