Location: 2025-04-16_190323-1.png_Gaussian-Median.png
Component: component_1744834130900_148.png
centerX: 0.11778563015312132
centerY: 0.1985451433461703
width: 0.024734982332155476
height: 0.029525032092426188
Area: 0.0002648538666900524
CentroidX: 0.1298
CentroidY: 0.2115
