Location: 2025-04-16_190323-1.png_Mean-Medain.png
Component: component_1744834131060_202.png
centerX: 0.1855123674911661
centerY: 0.28241335044929394
width: 0.027090694935217905
height: 0.026529738981600343
Area: 0.00027115391109276536
CentroidX: 0.1979
CentroidY: 0.2940
