Location: 2025-04-16_190323-1.png_Gaussian-Median.png
Component: component_1744834130983_546.png
centerX: 0.6413427561837456
centerY: 0.7958921694480102
width: 0.021790341578327443
height: 0.02396234488660676
Area: 0.00023436165178092176
CentroidX: 0.6526
CentroidY: 0.8061
