Location: 2025-04-16_190255-1.png_Otsu.png
Component: component_1744834130839_374.png
centerX: 0.8521790341578327
centerY: 0.9495079161317929
width: 0.030035335689045935
height: 0.03123662815575524
Area: 0.00031424621480732195
CentroidX: 0.8662
CentroidY: 0.9643
