Location: 2025-04-16_190255-1.png_Otsu.png
Component: component_1744834130833_347.png
centerX: 0.15076560659599528
centerY: 0.8891741548994437
width: 0.028268551236749116
height: 0.024818142918271287
Area: 0.00022755760382599176
CentroidX: 0.1633
CentroidY: 0.9005
