Location: Document_2025-04-18_221659-1.png_Gaussian-Median.png
Component: component_1745010558875_41.png
centerX: 0.598939929328622
centerY: 0.06889174154899444
width: 0.034746760895170786
height: 0.02866923406076166
Area: 0.0004576352254130687
CentroidX: 0.6156
CentroidY: 0.0842
