Location: 2025-04-16_190323-1.png_Gaussian-Median.png
Component: component_1744834130871_23.png
centerX: 0.7208480565371025
centerY: 0.011125374411638854
width: 0.02767962308598351
height: 0.026529738981600343
Area: 0.00028324999634597427
CentroidX: 0.7342
CentroidY: 0.0225
