Location: 2025-04-16_190255-1.png_Mean-Closing.png
Component: component_1744834130659_207.png
centerX: 0.5153121319199058
centerY: 0.566538296961917
width: 0.05123674911660778
height: 0.02781343602909713
Area: 0.0004284030193844806
CentroidX: 0.5365
CentroidY: 0.5800
