Location: 2025-04-16_190255-1.png_Otsu.png
Component: component_1744834130777_147.png
centerX: 0.1254416961130742
centerY: 0.3795464270432178
width: 0.022968197879858657
height: 0.028241335044929396
Area: 0.0002099174794983955
CentroidX: 0.1351
CentroidY: 0.3938
