Location: 2025-04-16_190323-1.png_Mean-Medain.png
Component: component_1744834131256_404.png
centerX: 0.5182567726737338
centerY: 0.5840821566110398
width: 0.03297997644287397
height: 0.026957637997432605
Area: 0.0002756899430627187
CentroidX: 0.5336
CentroidY: 0.5963
