Location: 2025-04-16_190323-1.png_Gaussian-Median.png
Component: component_1744834130969_459.png
centerX: 0.8998822143698468
centerY: 0.6572528883183568
width: 0.032391048292108364
height: 0.0235344458707745
Area: 0.0002507417672279754
CentroidX: 0.9138
CentroidY: 0.6682
