Location: 2025-04-16_190323-1.png_Mean-Medain.png
Component: component_1744834131378_540.png
centerX: 0.30094228504122494
centerY: 0.8070175438596491
width: 0.02591283863368669
height: 0.024390243902439025
Area: 0.00024292971216861137
CentroidX: 0.3125
CentroidY: 0.8183
