Location: 2025-04-16_190323-1.png_Gaussian-Median.png
Component: component_1744834130942_343.png
centerX: 0.8798586572438163
centerY: 0.49165596919127086
width: 0.023557126030624265
height: 0.025673940949935817
Area: 0.0002484737512429988
CentroidX: 0.8897
CentroidY: 0.5040
