Location: 2025-04-16_190255-1.png_Otsu.png
Component: component_1744834130763_84.png
centerX: 0.254416961130742
centerY: 0.23705605477107403
width: 0.03651354534746761
height: 0.03080872913992298
Area: 0.0003018981277780046
CentroidX: 0.2691
CentroidY: 0.2520
