Location: 2025-04-16_190323-1.png_Mean-Medain.png
Component: component_1744834131037_92.png
centerX: 0.2061248527679623
centerY: 0.11767222935387249
width: 0.024734982332155476
height: 0.025673940949935817
Area: 0.0002504897654518669
CentroidX: 0.2178
CentroidY: 0.1288
