Location: 2025-04-16_190323-1.png_Mean-Medain.png
Component: component_1744834131076_273.png
centerX: 0.42402826855123676
centerY: 0.39195549850235345
width: 0.02591283863368669
height: 0.025246041934103552
Area: 0.0002462057352580221
CentroidX: 0.4366
CentroidY: 0.4025
