Location: 2025-04-16_190255-1.png_Mean-Closing.png
Component: component_1744834130664_235.png
centerX: 0.8945818610129564
centerY: 0.6392811296534018
width: 0.03415783274440518
height: 0.030380830124090714
Area: 0.0003540624954324678
CentroidX: 0.9093
CentroidY: 0.6530
