Location: 2025-04-16_190323-1.png_Mean-Medain.png
Component: component_1744834131085_309.png
centerX: 0.08480565371024736
centerY: 0.43988018827556696
width: 0.02944640753828033
height: 0.025246041934103552
Area: 0.00027115391109276536
CentroidX: 0.0986
CentroidY: 0.4509
