Location: 2025-04-18_221637-1.png_Otsu.png
Component: component_1745010558807_587.png
centerX: 0.9034157832744405
centerY: 0.6713735558408216
width: 0.038869257950530034
height: 0.02866923406076166
Area: 0.00022125755942327882
CentroidX: 0.9213
CentroidY: 0.6878
