Location: Document_2025-04-18_221659-1.png_Mean-Medain.png
Component: component_1745010558943_152.png
centerX: 0.525323910482921
centerY: 0.20282413350449294
width: 0.034746760895170786
height: 0.030380830124090714
Area: 0.00038102668547607924
CentroidX: 0.5408
CentroidY: 0.2186
