Location: 2025-04-16_190255-1.png_Mean-Closing.png
Component: component_1744834130649_160.png
centerX: 0.41872791519434627
centerY: 0.4274711168164313
width: 0.04888103651354535
height: 0.03209242618741977
Area: 0.0004122749057135355
CentroidX: 0.4385
CentroidY: 0.4429
