Location: 2025-04-16_190323-1.png_Mean-Medain.png
Component: component_1744834131036_89.png
centerX: 0.8244994110718492
centerY: 0.11553273427471117
width: 0.02237926972909305
height: 0.026529738981600343
Area: 0.0002484737512429988
CentroidX: 0.8360
CentroidY: 0.1267
