Location: 2025-04-16_190323-1.png_Mean-Medain.png
Component: component_1744834131058_195.png
centerX: 0.3339222614840989
centerY: 0.2777064612751391
width: 0.030035335689045935
height: 0.024390243902439025
Area: 0.0002726659217494165
CentroidX: 0.3483
CentroidY: 0.2880
