Location: 2025-04-18_221637-1.png_Otsu.png
Component: component_1745010558736_81.png
centerX: 0.5588928150765606
centerY: 0.0975609756097561
width: 0.03297997644287397
height: 0.02781343602909713
Area: 0.00023284964112427065
CentroidX: 0.5730
CentroidY: 0.1129
