Location: 2025-04-16_190323-1.png_Mean-Medain.png
Component: component_1744834131365_510.png
centerX: 0.502944640753828
centerY: 0.7539580658964484
width: 0.030624263839811542
height: 0.026957637997432605
Area: 0.00023889768375087508
CentroidX: 0.5173
CentroidY: 0.7656
