Location: 2025-04-16_190255-1.png_Otsu.png
Component: component_1744834130795_206.png
centerX: 0.5159010600706714
centerY: 0.566538296961917
width: 0.050647820965842166
height: 0.02738553701326487
Area: 0.0003832947014610559
CentroidX: 0.5363
CentroidY: 0.5799
