Location: 2025-04-16_190323-1.png_Mean-Medain.png
Component: component_1744834131062_211.png
centerX: 0.7237926972909305
centerY: 0.30937098844672656
width: 0.03121319199057715
height: 0.02267864783910997
Area: 0.0002615778436006417
CentroidX: 0.7377
CentroidY: 0.3198
