Location: 2025-04-16_190255-1.png_Mean-Closing.png
Component: component_1744834130641_135.png
centerX: 0.6207302709069493
centerY: 0.3761232349165597
width: 0.0353356890459364
height: 0.029097133076593923
Area: 0.00033213834091102673
CentroidX: 0.6359
CentroidY: 0.3900
