Location: 2025-04-16_190255-1.png_Otsu.png
Component: component_1744834130793_196.png
centerX: 0.12308598351001178
centerY: 0.5228925973470261
width: 0.03769140164899882
height: 0.026957637997432605
Area: 0.00032281427519501157
CentroidX: 0.1383
CentroidY: 0.5362
