Location: 2025-04-16_190323-1.png_Mean-Medain.png
Component: component_1744834131344_491.png
centerX: 0.20200235571260305
centerY: 0.7231493367565255
width: 0.02767962308598351
height: 0.026529738981600343
Area: 0.00024998576189964986
CentroidX: 0.2141
CentroidY: 0.7356
