Location: 2025-04-16_190323-1.png_Mean-Medain.png
Component: component_1744834131021_25.png
centerX: 0.9369846878680801
centerY: 0.014548566538296961
width: 0.021790341578327443
height: 0.025246041934103552
Area: 0.000259309827615665
CentroidX: 0.9479
CentroidY: 0.0256
