Location: 2025-04-18_221637-1.png_Otsu.png
Component: component_1745010558790_497.png
centerX: 0.7985865724381626
centerY: 0.5353016688061617
width: 0.03769140164899882
height: 0.029525032092426188
Area: 0.0003747266410733663
CentroidX: 0.8154
CentroidY: 0.5515
