Location: 2025-04-16_190255-1.png_Otsu.png
Component: component_1744834130775_143.png
centerX: 0.5153121319199058
centerY: 0.3774069319640565
width: 0.038869257950530034
height: 0.02995293110825845
Area: 0.00029459007627085753
CentroidX: 0.5311
CentroidY: 0.3917
