Location: 2025-04-16_190323-1.png_Gaussian-Median.png
Component: component_1744834130966_440.png
centerX: 0.5965842167255595
centerY: 0.6251604621309371
width: 0.032391048292108364
height: 0.024390243902439025
Area: 0.00028224198924154016
CentroidX: 0.6112
CentroidY: 0.6362
