Location: 2025-04-16_190323-1.png_Mean-Medain.png
Component: component_1744834131027_53.png
centerX: 0.7073027090694936
centerY: 0.07830551989730423
width: 0.025323910482921083
height: 0.02610183996576808
Area: 0.00026107384004842466
CentroidX: 0.7192
CentroidY: 0.0897
