Location: 2025-04-16_190255-1.png_Otsu.png
Component: component_1744834130827_325.png
centerX: 0.28150765606595995
centerY: 0.8373983739837398
width: 0.030624263839811542
height: 0.02267864783910997
Area: 0.00022125755942327882
CentroidX: 0.2953
CentroidY: 0.8478
