Location: 2025-04-16_190323-1.png_Gaussian-Median.png
Component: component_1744834130939_329.png
centerX: 0.5188457008244994
centerY: 0.46983311938382544
width: 0.019434628975265017
height: 0.025673940949935817
Area: 0.0002058854510806592
CentroidX: 0.5295
CentroidY: 0.4806
