Location: 2025-04-16_190323-1.png_Gaussian-Median.png
Component: component_1744834130924_262.png
centerX: 0.035924617196702
centerY: 0.35772357723577236
width: 0.02237926972909305
height: 0.026957637997432605
Area: 0.00022579359139323214
CentroidX: 0.0471
CentroidY: 0.3696
