Location: 2025-04-16_190255-1.png_Mean-Closing.png
Component: component_1744834130652_175.png
centerX: 0.4534746760895171
centerY: 0.47454000855798034
width: 0.052414605418138985
height: 0.03209242618741977
Area: 0.00043445106201108505
CentroidX: 0.4746
CentroidY: 0.4899
