Location: 2025-04-16_190323-1.png_Gaussian-Median.png
Component: component_1744834130908_188.png
centerX: 0.8775029446407538
centerY: 0.2682926829268293
width: 0.024146054181389872
height: 0.02267864783910997
Area: 0.00023284964112427065
CentroidX: 0.8887
CentroidY: 0.2787
