Location: 2025-04-16_190323-1.png_Gaussian-Median.png
Component: component_1744834130970_467.png
centerX: 0.5600706713780919
centerY: 0.6735130509199829
width: 0.02767962308598351
height: 0.024390243902439025
Area: 0.00023536965888535584
CentroidX: 0.5730
CentroidY: 0.6841
