Location: 2025-04-16_190323-1.png_Mean-Medain.png
Component: component_1744834131265_409.png
centerX: 0.30683156654888105
centerY: 0.5943517329910141
width: 0.026501766784452298
height: 0.02781343602909713
Area: 0.00025502579742182023
CentroidX: 0.3192
CentroidY: 0.6063
