Location: Document_2025-04-18_221659-1.png_Gaussian-Closing.png
Component: component_1745010558692_119.png
centerX: 0.21731448763250882
centerY: 0.19811724433033803
width: 0.03356890459363958
height: 0.03123662815575524
Area: 0.0004059748613108225
CentroidX: 0.2330
CentroidY: 0.2152
