Location: 2025-04-16_190255-1.png_Mean-Closing.png
Component: component_1744834130615_23.png
centerX: 0.4623085983510012
centerY: 0.06504065040650407
width: 0.034746760895170786
height: 0.030380830124090714
Area: 0.0003092061792851516
CentroidX: 0.4763
CentroidY: 0.0801
