Location: 2025-04-16_190323-1.png_Gaussian-Median.png
Component: component_1744834130950_368.png
centerX: 0.1348645465253239
centerY: 0.5224646983311938
width: 0.030035335689045935
height: 0.026957637997432605
Area: 0.0002572938134067969
CentroidX: 0.1491
CentroidY: 0.5342
