Location: 2025-04-16_190323-1.png_Mean-Medain.png
Component: component_1744834131083_298.png
centerX: 0.4175500588928151
centerY: 0.43175010697475397
width: 0.027090694935217905
height: 0.024818142918271287
Area: 0.0002547737956457117
CentroidX: 0.4301
CentroidY: 0.4431
