Location: Dz_02-1.png_Otsu.png
Component: component_1744889440944_221.png
centerX: 0.31983071342200725
centerY: 0.4016253207869974
width: 0.02720677146311971
height: 0.024379811804961505
Area: 0.00016963826708303896
CentroidX: 0.3330
CentroidY: 0.4165
