Location: Dz_02-1.png_Otsu.png
Component: component_1744889440975_358.png
centerX: 0.49455864570737607
centerY: 0.646278870829769
width: 0.022974607013301087
height: 0.021813515825491875
Area: 0.0001471405091009896
CentroidX: 0.5057
CentroidY: 0.6599
