Location: easy26_Mean-Closing.png
Component: component_1744297382209_1184.png
centerX: 0.43629032258064515
centerY: 0.8840996168582376
width: 0.024193548387096774
height: 0.014846743295019157
Area: 0.0001324774440736621
CentroidX: 0.4482
CentroidY: 0.8925
