Location: Dz_02-1.png_Gaussian-Median.png
Component: component_1744889441302_130.png
centerX: 0.772067714631197
centerY: 0.24379811804961504
width: 0.02962515114873035
height: 0.023952095808383235
Area: 0.00019860089804843586
CentroidX: 0.7843
CentroidY: 0.2580
