Location: Dz_01-1.png_Otsu.png
Component: component_1744889441418_44.png
centerX: 0.6777509068923822
centerY: 0.09709153122326775
width: 0.02357920193470375
height: 0.02480752780153978
Area: 0.00016110463474502024
CentroidX: 0.6891
CentroidY: 0.1114
