Location: Dz_02-1.png_Mean-Medain.png
Component: component_1744889441221_401.png
centerX: 0.014510278113663845
centerY: 0.7228400342172797
width: 0.03083434099153567
height: 0.02523524379811805
Area: 0.00020506577103178338
CentroidX: 0.0287
CentroidY: 0.7383
