Location: Dz_02-1.png_Gaussian-Median.png
Component: component_1744889441293_95.png
centerX: 0.07013301088270858
centerY: 0.16937553464499572
width: 0.02902055622732769
height: 0.023952095808383235
Area: 0.00019704932853243246
CentroidX: 0.0839
CentroidY: 0.1837
