Location: Dz_02-1.png_Gaussian-Median.png
Component: component_1744889441353_380.png
centerX: 0.16626360338573157
centerY: 0.6834901625320787
width: 0.02962515114873035
height: 0.02566295979469632
Area: 0.0002117892389344648
CentroidX: 0.1809
CentroidY: 0.6991
