Location: Dz_02-1.png_Otsu.png
Component: component_1744889440905_65.png
centerX: 0.8403869407496977
centerY: 0.1313088109495295
width: 0.02176541717049577
height: 0.02352437981180496
Area: 0.00015205381256833372
CentroidX: 0.8517
CentroidY: 0.1448
