Location: Dz_02-1.png_Mean-Medain.png
Component: component_1744889441194_284.png
centerX: 0.11124546553808948
centerY: 0.5470487596236099
width: 0.02962515114873035
height: 0.020530367835757058
Area: 0.0001812750384530645
CentroidX: 0.1243
CentroidY: 0.5592
