Location: Dz_02-1.png_Mean-Medain.png
Component: component_1744889441194_282.png
centerX: 0.014510278113663845
centerY: 0.5410607356715141
width: 0.02599758162031439
height: 0.0213857998289136
Area: 0.00017196562135704408
CentroidX: 0.0270
CentroidY: 0.5538
