Location: Dz_02-1.png_Mean-Medain.png
Component: component_1744889441235_464.png
centerX: 0.7908101571946796
centerY: 0.8498716852010265
width: 0.02902055622732769
height: 0.02523524379811805
Area: 0.000268680121187923
CentroidX: 0.8050
CentroidY: 0.8648
