Location: Dz_01-1.png_Otsu.png
Component: component_1744889441592_454.png
centerX: 0.27750906892382105
centerY: 0.874251497005988
width: 0.02357920193470375
height: 0.027801539777587682
Area: 0.00017196562135704408
CentroidX: 0.2901
CentroidY: 0.8917
