Location: Dz_02-1.png_Otsu.png
Component: component_1744889441005_477.png
centerX: 0.32769044740024184
centerY: 0.8686911890504705
width: 0.030229746070133012
height: 0.0320786997433704
Area: 0.0002904020944119707
CentroidX: 0.3423
CentroidY: 0.8875
