Location: Dz_02-1.png_Mean-Medain.png
Component: component_1744889441084_66.png
centerX: 0.06892382103990327
centerY: 0.1317365269461078
width: 0.02418379685610641
height: 0.022241231822070145
Area: 0.00017041405184104068
CentroidX: 0.0801
CentroidY: 0.1451
