Location: Dz_01-1.png_Otsu.png
Component: component_1744889441451_158.png
centerX: 0.29564691656590086
centerY: 0.2964071856287425
width: 0.026602176541717048
height: 0.024379811804961505
Area: 0.00016679372297036607
CentroidX: 0.3093
CentroidY: 0.3107
