Location: Dz_02-1.png_Mean-Medain.png
Component: component_1744889441166_217.png
centerX: 0.17291414752116083
centerY: 0.40034217279726264
width: 0.02781136638452237
height: 0.022668947818648418
Area: 0.00019989387264510538
CentroidX: 0.1858
CentroidY: 0.4139
