Location: Dz_01-1.png_Otsu.png
Component: component_1744889441589_440.png
centerX: 0.5054413542926239
centerY: 0.8378956372968349
width: 0.022370012091898428
height: 0.022241231822070145
Area: 0.00012981464950561822
CentroidX: 0.5164
CentroidY: 0.8511
