Location: Dz_02-1.png_Mean-Medain.png
Component: component_1744889441115_140.png
centerX: 0.6154776299879081
centerY: 0.24978614200171087
width: 0.024788391777509067
height: 0.020102651839178785
Area: 0.00016782810264770167
CentroidX: 0.6272
CentroidY: 0.2611
