Location: Dz_02-1.png_Gaussian-Median.png
Component: component_1744889441287_68.png
centerX: 0.3174123337363966
centerY: 0.13216424294268606
width: 0.02599758162031439
height: 0.02523524379811805
Area: 0.00019601494885509687
CentroidX: 0.3297
CentroidY: 0.1473
