Location: Dz_01-1.png_Otsu.png
Component: component_1744889441431_97.png
centerX: 0.18923821039903266
centerY: 0.17536355859709152
width: 0.02781136638452237
height: 0.022668947818648418
Area: 0.00016213901442235583
CentroidX: 0.2031
CentroidY: 0.1888
