Location: Dz_02-1.png_Otsu.png
Component: component_1744889440914_103.png
centerX: 0.8428053204353083
centerY: 0.20059880239520958
width: 0.022370012091898428
height: 0.022668947818648418
Area: 0.00014326158531098108
CentroidX: 0.8540
CentroidY: 0.2143
