Location: Dz_02-1.png_Mean-Medain.png
Component: component_1744889441218_389.png
centerX: 0.6626360338573156
centerY: 0.7065868263473054
width: 0.028415961305925032
height: 0.022668947818648418
Area: 0.0002128236186118004
CentroidX: 0.6760
CentroidY: 0.7202
