Location: Dz_02-1.png_Otsu.png
Component: component_1744889440925_160.png
centerX: 0.31136638452237003
centerY: 0.28956372968349015
width: 0.02599758162031439
height: 0.023096663815226688
Area: 0.00016343198901902536
CentroidX: 0.3241
CentroidY: 0.3029
