Location: Dz_02-1.png_Gaussian-Median.png
Component: component_1744889441320_224.png
centerX: 0.8282950423216445
centerY: 0.432420872540633
width: 0.026602176541717048
height: 0.023952095808383235
Area: 0.00019937668280643755
CentroidX: 0.8421
CentroidY: 0.4469
