Location: Dz_01-1.png_Otsu.png
Component: component_1744889441507_266.png
centerX: 0.8778718258766627
centerY: 0.5312232677502139
width: 0.02720677146311971
height: 0.023952095808383235
Area: 0.000179982063856395
CentroidX: 0.8906
CentroidY: 0.5451
