Location: Dz_01-1.png_Otsu.png
Component: component_1744889441584_421.png
centerX: 0.2877871825876663
centerY: 0.8028229255774166
width: 0.02720677146311971
height: 0.020102651839178785
Area: 0.00013808968692430307
CentroidX: 0.2994
CentroidY: 0.8147
