Location: Dz_01-1.png_Otsu.png
Component: component_1744889441425_74.png
centerX: 0.24727932285368803
centerY: 0.1377245508982036
width: 0.03143893591293833
height: 0.022668947818648418
Area: 0.00017248281119571187
CentroidX: 0.2634
CentroidY: 0.1512
