Location: Dz_01-1.png_Otsu.png
Component: component_1744889441512_273.png
centerX: 0.4534461910519952
centerY: 0.5384944396920445
width: 0.03083434099153567
height: 0.024379811804961505
Area: 0.000179982063856395
CentroidX: 0.4675
CentroidY: 0.5529
