Location: Dz_02-1.png_Gaussian-Median.png
Component: component_1744889441364_428.png
centerX: 0.6499395405078597
centerY: 0.7899914456800684
width: 0.02357920193470375
height: 0.024379811804961505
Area: 0.0001548983566810066
CentroidX: 0.6611
CentroidY: 0.8041
