Location: Dz_01-1.png_Otsu.png
Component: component_1744889441449_152.png
centerX: 0.09492140266021766
centerY: 0.2946963216424294
width: 0.024788391777509067
height: 0.02566295979469632
Area: 0.00016834529248636946
CentroidX: 0.1069
CentroidY: 0.3096
