Location: Dz_02-1.png_Gaussian-Median.png
Component: component_1744889441311_177.png
centerX: 0.5308343409915357
centerY: 0.3242087254063302
width: 0.024788391777509067
height: 0.021813515825491875
Area: 0.0001828266079690679
CentroidX: 0.5429
CentroidY: 0.3376
