Location: Dz_01-1.png_Otsu.png
Component: component_1744889441599_484.png
centerX: 0.7503022974607013
centerY: 0.9461077844311377
width: 0.03083434099153567
height: 0.028656971770744225
Area: 0.00019601494885509687
CentroidX: 0.7665
CentroidY: 0.9640
