Location: Dz_02-1.png_Otsu.png
Component: component_1744889440919_129.png
centerX: 0.13240628778718258
centerY: 0.24422583404619333
width: 0.026602176541717048
height: 0.021813515825491875
Area: 0.00015800149571301342
CentroidX: 0.1441
CentroidY: 0.2572
