Location: Dz_02-1.png_Otsu.png
Component: component_1744889441009_498.png
centerX: 0.2623941958887545
centerY: 0.9110350727117195
width: 0.024788391777509067
height: 0.020102651839178785
Area: 0.00013731390216630135
CentroidX: 0.2760
CentroidY: 0.9232
