Location: Dz_02-1.png_Mean-Medain.png
Component: component_1744889441166_218.png
centerX: 0.22128174123337363
centerY: 0.40034217279726264
width: 0.02962515114873035
height: 0.023096663815226688
Area: 0.00018825710127507982
CentroidX: 0.2348
CentroidY: 0.4144
