Location: Dz_01-1.png_Otsu.png
Component: component_1744889441411_10.png
centerX: 0.6747279322853688
centerY: 0.014114627887082978
width: 0.02781136638452237
height: 0.026090675791274595
Area: 0.000208686099902458
CentroidX: 0.6887
CentroidY: 0.0295
