Location: Dz_02-1.png_Mean-Medain.png
Component: component_1744889441068_27.png
centerX: 0.5580411124546554
centerY: 0.05731394354148845
width: 0.021160822249093107
height: 0.0213857998289136
Area: 0.00016369058393835925
CentroidX: 0.5683
CentroidY: 0.0698
