Location: Dz_02-1.png_Mean-Medain.png
Component: component_1744889441073_40.png
centerX: 0.7889963724304716
centerY: 0.06073567151411463
width: 0.02357920193470375
height: 0.021813515825491875
Area: 0.0001750687603890509
CentroidX: 0.8004
CentroidY: 0.0736
