Location: Dz_02-1.png_Gaussian-Median.png
Component: component_1744889441339_319.png
centerX: 0.4371221281741233
centerY: 0.5829769033361848
width: 0.02720677146311971
height: 0.022668947818648418
Area: 0.00018670553175907642
CentroidX: 0.4505
CentroidY: 0.5968
