Location: Dz_02-1.png_Mean-Medain.png
Component: component_1744889441140_186.png
centerX: 0.7327690447400241
centerY: 0.35457656116338754
width: 0.022974607013301087
height: 0.022241231822070145
Area: 0.00017377578579238137
CentroidX: 0.7429
CentroidY: 0.3678
