Location: Dz_01-1.png_Otsu.png
Component: component_1744889441573_386.png
centerX: 0.8929866989117291
centerY: 0.7523524379811805
width: 0.02418379685610641
height: 0.019674935842600515
Area: 0.0001468819141816557
CentroidX: 0.9046
CentroidY: 0.7635
