Location: Dz_01-1.png_Otsu.png
Component: component_1744889441573_384.png
centerX: 0.8542926239419589
centerY: 0.7506415739948674
width: 0.02539298669891173
height: 0.02523524379811805
Area: 0.00015722571095501173
CentroidX: 0.8667
CentroidY: 0.7660
