Location: Dz_02-1.png_Otsu.png
Component: component_1744889440921_140.png
centerX: 0.5689238210399032
centerY: 0.24893071000855432
width: 0.02599758162031439
height: 0.023952095808383235
Area: 0.00016007025506768464
CentroidX: 0.5807
CentroidY: 0.2633
