Location: Dz_02-1.png_Mean-Medain.png
Component: component_1744889441196_287.png
centerX: 0.533857315598549
centerY: 0.548759623609923
width: 0.02902055622732769
height: 0.026518391787852865
Area: 0.00020325560659644607
CentroidX: 0.5475
CentroidY: 0.5652
