Location: Dz_01-1.png_Otsu.png
Component: component_1744889441503_256.png
centerX: 0.156590084643289
centerY: 0.5008554319931565
width: 0.03385731559854897
height: 0.02480752780153978
Area: 0.00019187743014575443
CentroidX: 0.1726
CentroidY: 0.5162
