Location: Dz_02-1.png_Otsu.png
Component: component_1744889440901_44.png
centerX: 0.07013301088270858
centerY: 0.09452523524379812
width: 0.02418379685610641
height: 0.020958083832335328
Area: 0.00015360538208433711
CentroidX: 0.0819
CentroidY: 0.1069
