Location: Dz_01-1.png_Otsu.png
Component: component_1744889441515_287.png
centerX: 0.6523579201934704
centerY: 0.5718562874251497
width: 0.02781136638452237
height: 0.02523524379811805
Area: 0.00017093124167970848
CentroidX: 0.6649
CentroidY: 0.5874
