Location: Dz_02-1.png_Otsu.png
Component: component_1744889441009_496.png
centerX: 0.3814993954050786
centerY: 0.907185628742515
width: 0.02539298669891173
height: 0.0213857998289136
Area: 0.0001205052324095978
CentroidX: 0.3944
CentroidY: 0.9198
