Location: Dz_01-1.png_Otsu.png
Component: component_1744889441456_173.png
centerX: 0.29866989117291415
centerY: 0.3383233532934132
width: 0.02781136638452237
height: 0.02352437981180496
Area: 0.00015877728047101512
CentroidX: 0.3109
CentroidY: 0.3520
