Location: Dz_02-1.png_Otsu.png
Component: component_1744889440970_331.png
centerX: 0.06408706166868199
centerY: 0.6086398631308811
width: 0.02902055622732769
height: 0.02352437981180496
Area: 0.00016317339409969146
CentroidX: 0.0780
CentroidY: 0.6228
