Location: Dz_02-1.png_Otsu.png
Component: component_1744889440995_465.png
centerX: 0.9522370012091899
centerY: 0.8494439692044482
width: 0.03143893591293833
height: 0.024379811804961505
Area: 0.00025833632441456695
CentroidX: 0.9660
CentroidY: 0.8627
