Location: Dz_02-1.png_Mean-Medain.png
Component: component_1744889441189_273.png
centerX: 0.42019347037484883
centerY: 0.5166809238665526
width: 0.02902055622732769
height: 0.02480752780153978
Area: 0.00020118684724177487
CentroidX: 0.4341
CentroidY: 0.5316
