Location: Dz_02-1.png_Otsu.png
Component: component_1744889440949_243.png
centerX: 0.9032648125755743
centerY: 0.47305389221556887
width: 0.02599758162031439
height: 0.023952095808383235
Area: 0.00017015545692170676
CentroidX: 0.9154
CentroidY: 0.4873
