Location: easy64_Gaussian-Closing.png
Component: component_1744297381443_998.png
centerX: 0.2781136638452237
centerY: 0.6549807610089782
width: 0.013301088270858524
height: 0.00983326207781103
Area: 6.84983557809769e-05
CentroidX: 0.2845
CentroidY: 0.6605
