Location: Dz_01-1.png_Otsu.png
Component: component_1744889441450_154.png
centerX: 0.3984280532043531
centerY: 0.2946963216424294
width: 0.02357920193470375
height: 0.022241231822070145
Area: 0.00015360538208433711
CentroidX: 0.4089
CentroidY: 0.3072
