Location: Dz_02-1.png_Otsu.png
Component: component_1744889441006_480.png
centerX: 0.014510278113663845
centerY: 0.8733960650128315
width: 0.026602176541717048
height: 0.02951240376390077
Area: 0.00018696412667841032
CentroidX: 0.0261
CentroidY: 0.8920
