Location: Dz_02-1.png_Otsu.png
Component: component_1744889440938_191.png
centerX: 0.373639661426844
centerY: 0.3592814371257485
width: 0.02599758162031439
height: 0.023096663815226688
Area: 0.00016084603982568634
CentroidX: 0.3867
CentroidY: 0.3735
