Location: Dz_01-1.png_Otsu.png
Component: component_1744889441498_248.png
centerX: 0.599758162031439
centerY: 0.49187339606501285
width: 0.02902055622732769
height: 0.027801539777587682
Area: 0.00018696412667841032
CentroidX: 0.6142
CentroidY: 0.5092
