Location: Dz_02-1.png_Mean-Medain.png
Component: component_1744889441236_466.png
centerX: 0.9081015719467956
centerY: 0.8502994011976048
width: 0.03083434099153567
height: 0.022668947818648418
Area: 0.00025833632441456695
CentroidX: 0.9232
CentroidY: 0.8631
