Location: Dz_02-1.png_Mean-Medain.png
Component: component_1744889441193_280.png
centerX: 0.218863361547763
centerY: 0.5183917878528657
width: 0.028415961305925032
height: 0.020958083832335328
Area: 0.00019704932853243246
CentroidX: 0.2322
CentroidY: 0.5303
