Location: Dz_02-1.png_Mean-Medain.png
Component: component_1744889441087_76.png
centerX: 0.9274486094316807
centerY: 0.13259195893926431
width: 0.022974607013301087
height: 0.022241231822070145
Area: 0.00019213602506508833
CentroidX: 0.9386
CentroidY: 0.1455
