Location: Dz_01-1.png_Otsu.png
Component: component_1744889441423_62.png
centerX: 0.39600967351874244
centerY: 0.13387510692899915
width: 0.02357920193470375
height: 0.02523524379811805
Area: 0.00015981166014835074
CentroidX: 0.4083
CentroidY: 0.1496
