Location: Dz_01-1.png_Otsu.png
Component: component_1744889441445_142.png
centerX: 0.8258766626360339
centerY: 0.28956372968349015
width: 0.02418379685610641
height: 0.024379811804961505
Area: 0.00016679372297036607
CentroidX: 0.8373
CentroidY: 0.3038
