Location: Dz_01-1.png_Otsu.png
Component: component_1744889441422_54.png
centerX: 0.34522370012091896
centerY: 0.09923011120615911
width: 0.022974607013301087
height: 0.02523524379811805
Area: 0.0001740343807117153
CentroidX: 0.3565
CentroidY: 0.1135
