Location: Dz_02-1.png_Mean-Medain.png
Component: component_1744889441074_41.png
centerX: 0.02418379685610641
centerY: 0.09238665526090675
width: 0.026602176541717048
height: 0.02352437981180496
Area: 0.00020092825232244097
CentroidX: 0.0365
CentroidY: 0.1066
