Location: Dz_02-1.png_Gaussian-Median.png
Component: component_1744889441371_456.png
centerX: 0.26964933494558646
centerY: 0.8331907613344739
width: 0.03083434099153567
height: 0.027801539777587682
Area: 0.0003004872962659928
CentroidX: 0.2844
CentroidY: 0.8503
