Location: Dz_02-1.png_Otsu.png
Component: component_1744889440981_387.png
centerX: 0.8512696493349455
centerY: 0.7040205303678357
width: 0.02599758162031439
height: 0.020958083832335328
Area: 0.00016162182458368804
CentroidX: 0.8631
CentroidY: 0.7165
