Location: Dz_02-1.png_Otsu.png
Component: component_1744889440992_451.png
centerX: 0.7382103990326482
centerY: 0.8259195893926433
width: 0.02902055622732769
height: 0.023096663815226688
Area: 0.0002523886412698872
CentroidX: 0.7512
CentroidY: 0.8394
