Location: Dz_02-1.png_Gaussian-Median.png
Component: component_1744889441299_119.png
centerX: 0.22430471584038694
centerY: 0.21000855431993157
width: 0.024788391777509067
height: 0.0213857998289136
Area: 0.00016912107724437116
CentroidX: 0.2363
CentroidY: 0.2226
