Location: Dz_02-1.png_Mean-Medain.png
Component: component_1744889441072_37.png
centerX: 0.7382103990326482
centerY: 0.059880239520958084
width: 0.022974607013301087
height: 0.021813515825491875
Area: 0.00016808669756703556
CentroidX: 0.7487
CentroidY: 0.0722
