Location: Dz_02-1.png_Otsu.png
Component: component_1744889440921_141.png
centerX: 0.6160822249093107
centerY: 0.25021385799828916
width: 0.02418379685610641
height: 0.01924721984602224
Area: 0.00014248580055297938
CentroidX: 0.6271
CentroidY: 0.2611
