Location: Dz_01-1.png_Otsu.png
Component: component_1744889441426_78.png
centerX: 0.8186215235792019
centerY: 0.13815226689478186
width: 0.026602176541717048
height: 0.021813515825491875
Area: 0.00015903587539034902
CentroidX: 0.8309
CentroidY: 0.1513
