Location: Dz_02-1.png_Mean-Medain.png
Component: component_1744889441207_337.png
centerX: 0.28597339782345826
centerY: 0.611633875106929
width: 0.02599758162031439
height: 0.023096663815226688
Area: 0.0001843781774850713
CentroidX: 0.2979
CentroidY: 0.6252
