Location: Dz_02-1.png_Gaussian-Median.png
Component: component_1744889441320_221.png
centerX: 0.941354292623942
centerY: 0.4281437125748503
width: 0.03083434099153567
height: 0.02566295979469632
Area: 0.00021540956780513942
CentroidX: 0.9559
CentroidY: 0.4436
