Location: Dz_02-1.png_Mean-Medain.png
Component: component_1744889441040_5.png
centerX: 0.5078597339782346
centerY: 0.011548331907613344
width: 0.024788391777509067
height: 0.02523524379811805
Area: 0.00019317040474242395
CentroidX: 0.5194
CentroidY: 0.0269
