Location: Dz_01-1.png_Otsu.png
Component: component_1744889441424_65.png
centerX: 0.7267230955259976
centerY: 0.13515825491873396
width: 0.02539298669891173
height: 0.02480752780153978
Area: 0.00016213901442235583
CentroidX: 0.7379
CentroidY: 0.1501
