Location: Dz_02-1.png_Otsu.png
Component: component_1744889440986_415.png
centerX: 0.4407496977025393
centerY: 0.7536355859709153
width: 0.02599758162031439
height: 0.026090675791274595
Area: 0.00019032586062975104
CentroidX: 0.4523
CentroidY: 0.7695
