Location: Dz_02-1.png_Mean-Medain.png
Component: component_1744889441129_155.png
centerX: 0.22067714631197097
centerY: 0.28828058169375537
width: 0.02599758162031439
height: 0.023952095808383235
Area: 0.00018592974700107473
CentroidX: 0.2324
CentroidY: 0.3023
