Location: Dz_02-1.png_Gaussian-Median.png
Component: component_1744889441338_310.png
centerX: 0.33373639661426846
centerY: 0.5804106073567151
width: 0.02599758162031439
height: 0.02352437981180496
Area: 0.0001810164435337306
CentroidX: 0.3451
CentroidY: 0.5950
