Location: Dz_01-1.png_Otsu.png
Component: component_1744889441415_28.png
centerX: 0.44256348246674726
centerY: 0.057741659538066724
width: 0.02539298669891173
height: 0.02566295979469632
Area: 0.00016756950772836777
CentroidX: 0.4542
CentroidY: 0.0728
