Location: Dz_01-1.png_Otsu.png
Component: component_1744889441415_29.png
centerX: 0.6318016928657799
centerY: 0.05731394354148845
width: 0.02599758162031439
height: 0.026518391787852865
Area: 0.00016756950772836777
CentroidX: 0.6442
CentroidY: 0.0728
