Location: Dz_02-1.png_Gaussian-Median.png
Component: component_1744889441302_129.png
centerX: 0.7200725513905684
centerY: 0.24422583404619333
width: 0.02539298669891173
height: 0.022668947818648418
Area: 0.0001841195825657374
CentroidX: 0.7317
CentroidY: 0.2574
