Location: Dz_02-1.png_Otsu.png
Component: component_1744889441008_490.png
centerX: 0.6989117291414753
centerY: 0.894781864841745
width: 0.02418379685610641
height: 0.0213857998289136
Area: 0.00012722870031227923
CentroidX: 0.7101
CentroidY: 0.9073
