Location: Dz_02-1.png_Gaussian-Median.png
Component: component_1744889441321_230.png
centerX: 0.6789600967351874
centerY: 0.437125748502994
width: 0.028415961305925032
height: 0.023096663815226688
Area: 0.00018773991143641202
CentroidX: 0.6931
CentroidY: 0.4515
