Location: easy26_Mean-Closing.png
Component: component_1744297382186_1064.png
centerX: 0.19516129032258064
centerY: 0.8165708812260536
width: 0.024193548387096774
height: 0.014367816091954023
Area: 0.00012668396984303546
CentroidX: 0.2066
CentroidY: 0.8246
