Location: Dz_01-1.png_Otsu.png
Component: component_1744889441447_146.png
centerX: 0.7339782345828295
centerY: 0.29127459366980324
width: 0.02599758162031439
height: 0.02352437981180496
Area: 0.00015619133127767613
CentroidX: 0.7468
CentroidY: 0.3050
