Location: Dz_02-1.png_Otsu.png
Component: component_1744889440978_373.png
centerX: 0.4969770253929867
centerY: 0.6796407185628742
width: 0.02599758162031439
height: 0.020530367835757058
Area: 0.0001543811668423388
CentroidX: 0.5092
CentroidY: 0.6921
