Location: Dz_02-1.png_Mean-Medain.png
Component: component_1744889441242_501.png
centerX: 0.058645707376058044
centerY: 0.9131736526946108
width: 0.02962515114873035
height: 0.02352437981180496
Area: 0.00018748131651707812
CentroidX: 0.0732
CentroidY: 0.9275
