Location: Dz_02-1.png_Otsu.png
Component: component_1744889440925_157.png
centerX: 0.36638452237001207
centerY: 0.28828058169375537
width: 0.02357920193470375
height: 0.02352437981180496
Area: 0.00016136322966435414
CentroidX: 0.3777
CentroidY: 0.3022
