Location: Dz_02-1.png_Otsu.png
Component: component_1744889440952_257.png
centerX: 0.48972188633615477
centerY: 0.4803250641573995
width: 0.02720677146311971
height: 0.02566295979469632
Area: 0.0001740343807117153
CentroidX: 0.5027
CentroidY: 0.4956
