Location: Dz_02-1.png_Otsu.png
Component: component_1744889440988_425.png
centerX: 0.9637243047158404
centerY: 0.7848588537211292
width: 0.022974607013301087
height: 0.022241231822070145
Area: 0.00013731390216630135
CentroidX: 0.9740
CentroidY: 0.7984
