Location: Dz_02-1.png_Gaussian-Median.png
Component: component_1744889441349_363.png
centerX: 0.9262394195888755
centerY: 0.6702309666381523
width: 0.026602176541717048
height: 0.020958083832335328
Area: 0.000174810165469717
CentroidX: 0.9387
CentroidY: 0.6825
