Location: Dz_01-1.png_Otsu.png
Component: component_1744889441563_353.png
centerX: 0.23458282950423218
centerY: 0.6937553464499572
width: 0.03083434099153567
height: 0.028229255774165955
Area: 0.00018903288603308154
CentroidX: 0.2493
CentroidY: 0.7110
