Location: Dz_01-1.png_Otsu.png
Component: component_1744889441569_369.png
centerX: 0.7551390568319226
centerY: 0.7219846022241232
width: 0.02902055622732769
height: 0.020958083832335328
Area: 0.00015851868555168122
CentroidX: 0.7681
CentroidY: 0.7344
