Location: Dz_02-1.png_Mean-Medain.png
Component: component_1744889441102_111.png
centerX: 0.46856106408706166
centerY: 0.20573139435414883
width: 0.02357920193470375
height: 0.02352437981180496
Area: 0.0001745515705503831
CentroidX: 0.4797
CentroidY: 0.2195
