Location: Dz_02-1.png_Otsu.png
Component: component_1744889440956_277.png
centerX: 0.5326481257557436
centerY: 0.5179640718562875
width: 0.02781136638452237
height: 0.02352437981180496
Area: 0.00016369058393835925
CentroidX: 0.5460
CentroidY: 0.5318
