Location: Dz_02-1.png_Gaussian-Median.png
Component: component_1744889441310_176.png
centerX: 0.21825876662636035
centerY: 0.3246364414029085
width: 0.02539298669891173
height: 0.022668947818648418
Area: 0.0001804992536950628
CentroidX: 0.2300
CentroidY: 0.3375
