Location: Dz_01-1.png_Otsu.png
Component: component_1744889441515_286.png
centerX: 0.74546553808948
centerY: 0.5710008554319932
width: 0.02902055622732769
height: 0.02480752780153978
Area: 0.00017067264676037458
CentroidX: 0.7585
CentroidY: 0.5855
