Location: Dz_02-1.png_Mean-Medain.png
Component: component_1744889441233_452.png
centerX: 0.4280532043530834
centerY: 0.8293413173652695
width: 0.030229746070133012
height: 0.026518391787852865
Area: 0.00030591778957200473
CentroidX: 0.4430
CentroidY: 0.8454
