Location: Dz_01-1.png_Otsu.png
Component: component_1744889441465_185.png
centerX: 0.8742442563482467
centerY: 0.37254063301967494
width: 0.02720677146311971
height: 0.026090675791274595
Area: 0.00020015246756443928
CentroidX: 0.8868
CentroidY: 0.3877
