Location: Dz_01-1.png_Otsu.png
Component: component_1744889441458_177.png
centerX: 0.34522370012091896
centerY: 0.33875106928999144
width: 0.02418379685610641
height: 0.023952095808383235
Area: 0.00015903587539034902
CentroidX: 0.3573
CentroidY: 0.3526
