Location: Dz_01-1.png_Otsu.png
Component: component_1744889441486_226.png
centerX: 0.7986698911729141
centerY: 0.4495295124037639
width: 0.028415961305925032
height: 0.026518391787852865
Area: 0.0001781718994210577
CentroidX: 0.8121
CentroidY: 0.4651
