Location: Dz_01-1.png_Otsu.png
Component: component_1744889441463_182.png
centerX: 0.9189842805320435
centerY: 0.3704020530367836
width: 0.028415961305925032
height: 0.02523524379811805
Area: 0.00019446337933909345
CentroidX: 0.9323
CentroidY: 0.3853
