Location: Dz_02-1.png_Otsu.png
Component: component_1744889440900_40.png
centerX: 0.7896009673518742
centerY: 0.0611633875106929
width: 0.022370012091898428
height: 0.0213857998289136
Area: 0.0001450717497463184
CentroidX: 0.8004
CentroidY: 0.0736
