Location: Dz_02-1.png_Gaussian-Median.png
Component: component_1744889441371_458.png
centerX: 0.21221281741233375
centerY: 0.834901625320787
width: 0.03083434099153567
height: 0.026090675791274595
Area: 0.00028290284175128757
CentroidX: 0.2272
CentroidY: 0.8502
