Location: Dz_02-1.png_Otsu.png
Component: component_1744889440887_1.png
centerX: 0.0773881499395405
centerY: 0.009409751924721984
width: 0.028415961305925032
height: 0.02523524379811805
Area: 0.00018955007587174934
CentroidX: 0.0911
CentroidY: 0.0248
