Location: Dz_02-1.png_Otsu.png
Component: component_1744889440913_99.png
centerX: 0.11970979443772672
centerY: 0.1710863986313088
width: 0.02599758162031439
height: 0.020530367835757058
Area: 0.0001541225719230049
CentroidX: 0.1322
CentroidY: 0.1837
