Location: Dz_02-1.png_Gaussian-Median.png
Component: component_1744889441301_127.png
centerX: 0.02902055622732769
centerY: 0.24422583404619333
width: 0.02599758162031439
height: 0.0213857998289136
Area: 0.00018567115208174083
CentroidX: 0.0414
CentroidY: 0.2572
