Location: Dz_02-1.png_Otsu.png
Component: component_1744889440941_207.png
centerX: 0.7370012091898428
centerY: 0.39520958083832336
width: 0.02599758162031439
height: 0.02352437981180496
Area: 0.00016808669756703556
CentroidX: 0.7498
CentroidY: 0.4096
