Location: Dz_02-1.png_Otsu.png
Component: component_1744889440918_123.png
centerX: 0.9365175332527207
centerY: 0.24123182207014543
width: 0.022974607013301087
height: 0.022241231822070145
Area: 0.0001554155465196744
CentroidX: 0.9471
CentroidY: 0.2541
