Location: Dz_02-1.png_Mean-Medain.png
Component: component_1744889441207_340.png
centerX: 0.43833131801692865
centerY: 0.6142001710863987
width: 0.022370012091898428
height: 0.020958083832335328
Area: 0.00016369058393835925
CentroidX: 0.4482
CentroidY: 0.6263
