Location: Dz_02-1.png_Gaussian-Median.png
Component: component_1744889441336_303.png
centerX: 0.05562273276904474
centerY: 0.5735671514114628
width: 0.02539298669891173
height: 0.0213857998289136
Area: 0.00017739611466305598
CentroidX: 0.0682
CentroidY: 0.5865
