Location: Dz_02-1.png_Gaussian-Median.png
Component: component_1744889441380_483.png
centerX: 0.9081015719467956
centerY: 0.8862275449101796
width: 0.026602176541717048
height: 0.02480752780153978
Area: 0.00017636173498572038
CentroidX: 0.9224
CentroidY: 0.9015
