Location: Dz_02-1.png_Otsu.png
Component: component_1744889440916_112.png
centerX: 0.028415961305925032
centerY: 0.20615911035072712
width: 0.02539298669891173
height: 0.023952095808383235
Area: 0.00015774290079367952
CentroidX: 0.0416
CentroidY: 0.2208
