Location: Dz_02-1.png_Mean-Medain.png
Component: component_1744889441216_381.png
centerX: 0.10882708585247884
centerY: 0.6847733105218136
width: 0.02781136638452237
height: 0.023952095808383235
Area: 0.00019420478441975955
CentroidX: 0.1222
CentroidY: 0.6996
