Location: Dz_02-1.png_Otsu.png
Component: component_1744889440901_46.png
centerX: 0.7896009673518742
centerY: 0.09452523524379812
width: 0.02539298669891173
height: 0.021813515825491875
Area: 0.00013834828184363697
CentroidX: 0.8010
CentroidY: 0.1076
