Location: Dz_01-1.png_Otsu.png
Component: component_1744889441490_233.png
centerX: 0.3059250302297461
centerY: 0.46150556030795553
width: 0.032648125755743655
height: 0.026090675791274595
Area: 0.0001794648740177272
CentroidX: 0.3209
CentroidY: 0.4774
