Location: Dz_02-1.png_Gaussian-Median.png
Component: component_1744889441348_358.png
centerX: 0.4419588875453446
centerY: 0.6458511548331908
width: 0.02539298669891173
height: 0.024379811804961505
Area: 0.00019730792345176636
CentroidX: 0.4534
CentroidY: 0.6607
