Location: Dz_02-1.png_Otsu.png
Component: component_1744889440991_444.png
centerX: 0.8694074969770254
centerY: 0.8190761334473909
width: 0.028415961305925032
height: 0.023952095808383235
Area: 0.00025290583110855507
CentroidX: 0.8828
CentroidY: 0.8330
