Location: Dz_02-1.png_Gaussian-Median.png
Component: component_1744889441382_492.png
centerX: 0.5399032648125756
centerY: 0.8994867408041061
width: 0.02539298669891173
height: 0.023952095808383235
Area: 0.00016860388740570336
CentroidX: 0.5517
CentroidY: 0.9135
