Location: Dz_02-1.png_Mean-Medain.png
Component: component_1744889441230_435.png
centerX: 0.48972188633615477
centerY: 0.795551753635586
width: 0.02357920193470375
height: 0.022668947818648418
Area: 0.00013679671232763355
CentroidX: 0.5010
CentroidY: 0.8086
