Location: Dz_01-1.png_Otsu.png
Component: component_1744889441455_169.png
centerX: 0.7799274486094316
centerY: 0.33575705731394356
width: 0.02357920193470375
height: 0.021813515825491875
Area: 0.00015955306522901684
CentroidX: 0.7918
CentroidY: 0.3481
