Location: Dz_02-1.png_Otsu.png
Component: component_1744889440962_304.png
centerX: 0.0562273276904474
centerY: 0.5735671514114628
width: 0.024788391777509067
height: 0.020958083832335328
Area: 0.0001543811668423388
CentroidX: 0.0683
CentroidY: 0.5866
