Location: Dz_01-1.png_Otsu.png
Component: component_1744889441534_326.png
centerX: 0.651148730350665
centerY: 0.6552609067579127
width: 0.02902055622732769
height: 0.02352437981180496
Area: 0.00016653512805103214
CentroidX: 0.6646
CentroidY: 0.6694
