Location: Dz_02-1.png_Mean-Medain.png
Component: component_1744889441218_390.png
centerX: 0.7636033857315598
centerY: 0.7065868263473054
width: 0.024788391777509067
height: 0.020958083832335328
Area: 0.0001846367724044052
CentroidX: 0.7743
CentroidY: 0.7184
