Location: Dz_01-1.png_Otsu.png
Component: component_1744889441561_345.png
centerX: 0.843409915356711
centerY: 0.6869118905047049
width: 0.02599758162031439
height: 0.024379811804961505
Area: 0.00016446636869636095
CentroidX: 0.8568
CentroidY: 0.7023
