Location: Dz_02-1.png_Gaussian-Median.png
Component: component_1744889441284_58.png
centerX: 0.21825876662636035
centerY: 0.09751924721984602
width: 0.021160822249093107
height: 0.022241231822070145
Area: 0.00016265620426102363
CentroidX: 0.2281
CentroidY: 0.1107
