Location: Dz_02-1.png_Otsu.png
Component: component_1744889440954_268.png
centerX: 0.32043530834340994
centerY: 0.5153977758768178
width: 0.028415961305925032
height: 0.021813515825491875
Area: 0.0001758445451470526
CentroidX: 0.3340
CentroidY: 0.5281
