Location: Dz_02-1.png_Gaussian-Median.png
Component: component_1744889441332_279.png
centerX: 0.16384522370012092
centerY: 0.518819503849444
width: 0.03083434099153567
height: 0.0213857998289136
Area: 0.00019472197425842735
CentroidX: 0.1784
CentroidY: 0.5309
