Location: Dz_02-1.png_Otsu.png
Component: component_1744889440924_152.png
centerX: 0.17533252720677148
centerY: 0.2865697177074423
width: 0.02357920193470375
height: 0.02480752780153978
Area: 0.00016007025506768464
CentroidX: 0.1866
CentroidY: 0.3012
