Location: Dz_02-1.png_Otsu.png
Component: component_1744889440975_356.png
centerX: 0.6003627569528416
centerY: 0.6449957228400343
width: 0.024788391777509067
height: 0.024379811804961505
Area: 0.00017093124167970848
CentroidX: 0.6119
CentroidY: 0.6597
