Location: Dz_02-1.png_Gaussian-Median.png
Component: component_1744889441350_368.png
centerX: 0.7587666263603385
centerY: 0.676218990590248
width: 0.02720677146311971
height: 0.02480752780153978
Area: 0.00019860089804843586
CentroidX: 0.7707
CentroidY: 0.6908
