Location: Dz_02-1.png_Otsu.png
Component: component_1744889440975_359.png
centerX: 0.16928657799274485
centerY: 0.6471343028229256
width: 0.026602176541717048
height: 0.021813515825491875
Area: 0.00015282959732633542
CentroidX: 0.1810
CentroidY: 0.6601
