Location: Dz_02-1.png_Otsu.png
Component: component_1744889440949_244.png
centerX: 0.024788391777509067
centerY: 0.4743370402053037
width: 0.02720677146311971
height: 0.02523524379811805
Area: 0.00016420777377702705
CentroidX: 0.0369
CentroidY: 0.4895
