Location: Dz_01-1.png_Otsu.png
Component: component_1744889441456_174.png
centerX: 0.3935912938331318
centerY: 0.3378956372968349
width: 0.02357920193470375
height: 0.023096663815226688
Area: 0.00016032884998701854
CentroidX: 0.4058
CentroidY: 0.3509
