Location: Dz_01-1.png_Otsu.png
Component: component_1744889441469_189.png
centerX: 0.6880290205562273
centerY: 0.37510692899914455
width: 0.02781136638452237
height: 0.02480752780153978
Area: 0.00019342899966175785
CentroidX: 0.7010
CentroidY: 0.3896
