Location: Dz_02-1.png_Otsu.png
Component: component_1744889440979_378.png
centerX: 0.22732769044740025
centerY: 0.6830624465355004
width: 0.026602176541717048
height: 0.02480752780153978
Area: 0.00016653512805103214
CentroidX: 0.2391
CentroidY: 0.6981
