Location: Dz_02-1.png_Gaussian-Median.png
Component: component_1744889441381_488.png
centerX: 0.8760580411124547
centerY: 0.8905047048759623
width: 0.02176541717049577
height: 0.022241231822070145
Area: 0.00014377877514964887
CentroidX: 0.8859
CentroidY: 0.9032
