Location: Dz_02-1.png_Otsu.png
Component: component_1744889440950_251.png
centerX: 0.5840386940749698
centerY: 0.47818648417450815
width: 0.02539298669891173
height: 0.022668947818648418
Area: 0.00016343198901902536
CentroidX: 0.5962
CentroidY: 0.4917
