Location: Dz_02-1.png_Mean-Medain.png
Component: component_1744889441068_28.png
centerX: 0.16626360338573157
centerY: 0.058169375534645
width: 0.026602176541717048
height: 0.023096663815226688
Area: 0.00019989387264510538
CentroidX: 0.1789
CentroidY: 0.0717
