Location: Dz_02-1.png_Gaussian-Median.png
Component: component_1744889441335_297.png
centerX: 0.4848851269649335
centerY: 0.5504704875962361
width: 0.02781136638452237
height: 0.024379811804961505
Area: 0.00019756651837110026
CentroidX: 0.4981
CentroidY: 0.5651
