Location: Dz_02-1.png_Mean-Medain.png
Component: component_1744889441235_463.png
centerX: 0.9522370012091899
centerY: 0.84901625320787
width: 0.03143893591293833
height: 0.02480752780153978
Area: 0.00028704036046062995
CentroidX: 0.9661
CentroidY: 0.8627
