Location: Dz_02-1.png_Otsu.png
Component: component_1744889440907_80.png
centerX: 0.41414752116082226
centerY: 0.1343028229255774
width: 0.02418379685610641
height: 0.023096663815226688
Area: 0.0001541225719230049
CentroidX: 0.4256
CentroidY: 0.1479
