Location: Dz_02-1.png_Gaussian-Median.png
Component: component_1744889441328_263.png
centerX: 0.9008464328899637
centerY: 0.5132591958939264
width: 0.02902055622732769
height: 0.024379811804961505
Area: 0.00019989387264510538
CentroidX: 0.9143
CentroidY: 0.5282
