Location: Dz_02-1.png_Gaussian-Median.png
Component: component_1744889441297_114.png
centerX: 0.12454655380894801
centerY: 0.20658682634730538
width: 0.02539298669891173
height: 0.024379811804961505
Area: 0.00019136024030708663
CentroidX: 0.1371
CentroidY: 0.2219
