Location: Dz_02-1.png_Mean-Medain.png
Component: component_1744889441217_385.png
centerX: 0.8899637243047158
centerY: 0.7018819503849444
width: 0.02176541717049577
height: 0.01924721984602224
Area: 0.00016886248232503726
CentroidX: 0.8995
CentroidY: 0.7131
