Location: Dz_02-1.png_Gaussian-Median.png
Component: component_1744889441346_349.png
centerX: 0.7025392986698912
centerY: 0.6437125748502994
width: 0.024788391777509067
height: 0.023952095808383235
Area: 0.00019627354377443077
CentroidX: 0.7142
CentroidY: 0.6578
