Location: Dz_02-1.png_Otsu.png
Component: component_1744889440917_118.png
centerX: 0.3645707376058041
centerY: 0.20829769033361847
width: 0.022370012091898428
height: 0.020958083832335328
Area: 0.00014352018023031497
CentroidX: 0.3755
CentroidY: 0.2203
