Location: Dz_02-1.png_Mean-Medain.png
Component: component_1744889441086_75.png
centerX: 0.5652962515114873
centerY: 0.13259195893926431
width: 0.02418379685610641
height: 0.02480752780153978
Area: 0.00018670553175907642
CentroidX: 0.5775
CentroidY: 0.1473
