Location: Dz_02-1.png_Otsu.png
Component: component_1744889440934_171.png
centerX: 0.0743651753325272
centerY: 0.3212147134302823
width: 0.02418379685610641
height: 0.022668947818648418
Area: 0.00013808968692430307
CentroidX: 0.0847
CentroidY: 0.3349
