Location: Dz_02-1.png_Gaussian-Median.png
Component: component_1744889441274_26.png
centerX: 0.5078597339782346
centerY: 0.05731394354148845
width: 0.022974607013301087
height: 0.020958083832335328
Area: 0.0001784304943403916
CentroidX: 0.5191
CentroidY: 0.0691
