Location: Dz_01-1.png_Otsu.png
Component: component_1744889441520_301.png
centerX: 0.19830713422007254
centerY: 0.5791274593669803
width: 0.03325272067714631
height: 0.02352437981180496
Area: 0.0001810164435337306
CentroidX: 0.2153
CentroidY: 0.5930
