Location: Dz_02-1.png_Mean-Medain.png
Component: component_1744889441040_4.png
centerX: 0.17049576783555018
centerY: 0.011548331907613344
width: 0.028415961305925032
height: 0.02566295979469632
Area: 0.00022058146619181743
CentroidX: 0.1835
CentroidY: 0.0269
