Location: Dz_02-1.png_Gaussian-Median.png
Component: component_1744889441319_219.png
centerX: 0.26964933494558646
centerY: 0.40034217279726264
width: 0.026602176541717048
height: 0.023952095808383235
Area: 0.00019368759458109175
CentroidX: 0.2820
CentroidY: 0.4152
