Location: Dz_02-1.png_Mean-Medain.png
Component: component_1744889441143_190.png
centerX: 0.373639661426844
centerY: 0.3592814371257485
width: 0.026602176541717048
height: 0.02352437981180496
Area: 0.00019265321490375615
CentroidX: 0.3867
CentroidY: 0.3735
