Location: Dz_02-1.png_Mean-Medain.png
Component: component_1744889441186_262.png
centerX: 0.06892382103990327
centerY: 0.5119760479041916
width: 0.02539298669891173
height: 0.021813515825491875
Area: 0.00018179222829173232
CentroidX: 0.0811
CentroidY: 0.5247
