Location: Dz_02-1.png_Mean-Medain.png
Component: component_1744889441114_139.png
centerX: 0.5683192261185006
centerY: 0.24893071000855432
width: 0.02720677146311971
height: 0.024379811804961505
Area: 0.00019058445554908494
CentroidX: 0.5808
CentroidY: 0.2633
