Location: Dz_02-1.png_Gaussian-Median.png
Component: component_1744889441308_162.png
centerX: 0.9050785973397824
centerY: 0.3143712574850299
width: 0.021160822249093107
height: 0.020958083832335328
Area: 0.00016007025506768464
CentroidX: 0.9142
CentroidY: 0.3263
