Location: Dz_02-1.png_Otsu.png
Component: component_1744889440894_18.png
centerX: 0.8845223700120919
centerY: 0.014970059880239521
width: 0.024788391777509067
height: 0.023096663815226688
Area: 0.00015748430587434563
CentroidX: 0.8961
CentroidY: 0.0286
