Location: Dz_02-1.png_Mean-Medain.png
Component: component_1744889441092_90.png
centerX: 0.26058041112454655
centerY: 0.16894781864841746
width: 0.02418379685610641
height: 0.02480752780153978
Area: 0.0001789476841790594
CentroidX: 0.2721
CentroidY: 0.1839
