Location: Dz_02-1.png_Otsu.png
Component: component_1744889440955_274.png
centerX: 0.6305925030229746
centerY: 0.5171086398631308
width: 0.02599758162031439
height: 0.02352437981180496
Area: 0.00015955306522901684
CentroidX: 0.6424
CentroidY: 0.5308
