Location: Dz_02-1.png_Gaussian-Median.png
Component: component_1744889441347_356.png
centerX: 0.38694074969770254
centerY: 0.6449957228400343
width: 0.02418379685610641
height: 0.02480752780153978
Area: 0.0001802406587757289
CentroidX: 0.3988
CentroidY: 0.6601
