Location: Dz_01-1.png_Otsu.png
Component: component_1744889441577_399.png
centerX: 0.34522370012091896
centerY: 0.7656116338751069
width: 0.02599758162031439
height: 0.021813515825491875
Area: 0.00014300299039164718
CentroidX: 0.3576
CentroidY: 0.7789
