Location: Dz_02-1.png_Mean-Medain.png
Component: component_1744889441099_106.png
centerX: 0.7599758162031439
centerY: 0.2018819503849444
width: 0.02539298669891173
height: 0.023096663815226688
Area: 0.0001830852028884018
CentroidX: 0.7714
CentroidY: 0.2152
