Location: Dz_02-1.png_Gaussian-Median.png
Component: component_1744889441369_448.png
centerX: 0.6027811366384522
centerY: 0.8250641573994867
width: 0.02902055622732769
height: 0.02566295979469632
Area: 0.00027798953828394343
CentroidX: 0.6168
CentroidY: 0.8401
