Location: Dz_02-1.png_Mean-Medain.png
Component: component_1744889441098_104.png
centerX: 0.6596130592503023
centerY: 0.20145423438836613
width: 0.02720677146311971
height: 0.02523524379811805
Area: 0.00018877429111374764
CentroidX: 0.6717
CentroidY: 0.2164
