Location: Dz_01-1.png_Otsu.png
Component: component_1744889441439_123.png
centerX: 0.7315598548972189
centerY: 0.2510692899914457
width: 0.02781136638452237
height: 0.026518391787852865
Area: 0.00016963826708303896
CentroidX: 0.7451
CentroidY: 0.2664
