Location: Dz_02-1.png_Gaussian-Median.png
Component: component_1744889441339_318.png
centerX: 0.3808948004836759
centerY: 0.5829769033361848
width: 0.02539298669891173
height: 0.023096663815226688
Area: 0.00018851569619441372
CentroidX: 0.3933
CentroidY: 0.5974
