Location: Dz_01-1.png_Otsu.png
Component: component_1744889441437_115.png
centerX: 0.6789600967351874
centerY: 0.2125748502994012
width: 0.02720677146311971
height: 0.022241231822070145
Area: 0.00016007025506768464
CentroidX: 0.6921
CentroidY: 0.2257
