Location: Dz_02-1.png_Gaussian-Median.png
Component: component_1744889441346_348.png
centerX: 0.7478839177750907
centerY: 0.6411462788708298
width: 0.02781136638452237
height: 0.026090675791274595
Area: 0.00021489237796647163
CentroidX: 0.7609
CentroidY: 0.6561
