Location: Dz_02-1.png_Otsu.png
Component: component_1744889440995_463.png
centerX: 0.8301088270858524
centerY: 0.84901625320787
width: 0.02539298669891173
height: 0.023952095808383235
Area: 0.00023092526296517347
CentroidX: 0.8435
CentroidY: 0.8637
