Location: Dz_02-1.png_Otsu.png
Component: component_1744889440961_302.png
centerX: 0.7327690447400241
centerY: 0.5517536355859709
width: 0.02418379685610641
height: 0.022241231822070145
Area: 0.000151278027810332
CentroidX: 0.7450
CentroidY: 0.5653
