Location: easy21_Mean-Medain.png
Component: component_1744297381151_1204.png
centerX: 0.6887096774193548
centerY: 0.8850574712643678
width: 0.02661290322580645
height: 0.01532567049808429
Area: 0.00016260351007292052
CentroidX: 0.7020
CentroidY: 0.8937
