Location: Dz_02-1.png_Gaussian-Median.png
Component: component_1744889441381_490.png
centerX: 0.6463119709794438
centerY: 0.8956372968349017
width: 0.026602176541717048
height: 0.0213857998289136
Area: 0.00016239760934168973
CentroidX: 0.6595
CentroidY: 0.9086
