Location: Dz_02-1.png_Otsu.png
Component: component_1744889440934_173.png
centerX: 0.12031438935912939
centerY: 0.3229255774165954
width: 0.02720677146311971
height: 0.022668947818648418
Area: 0.00015360538208433711
CentroidX: 0.1322
CentroidY: 0.3364
