Location: Dz_02-1.png_Otsu.png
Component: component_1744889440984_401.png
centerX: 0.16807738814993953
centerY: 0.7219846022241232
width: 0.03143893591293833
height: 0.02480752780153978
Area: 0.00017377578579238137
CentroidX: 0.1822
CentroidY: 0.7367
