Location: Dz_02-1.png_Otsu.png
Component: component_1744889440995_462.png
centerX: 0.16142684401451027
centerY: 0.8366124893071001
width: 0.03204353083434099
height: 0.023952095808383235
Area: 0.00024618236320587364
CentroidX: 0.1761
CentroidY: 0.8508
