Location: Dz_02-1.png_Mean-Medain.png
Component: component_1744889441214_370.png
centerX: 0.7085852478839177
centerY: 0.6766467065868264
width: 0.02599758162031439
height: 0.024379811804961505
Area: 0.00018722272159774422
CentroidX: 0.7210
CentroidY: 0.6907
