Location: Dz_02-1.png_Gaussian-Median.png
Component: component_1744889441307_160.png
centerX: 0.4207980652962515
centerY: 0.28956372968349015
width: 0.02599758162031439
height: 0.022241231822070145
Area: 0.0001758445451470526
CentroidX: 0.4327
CentroidY: 0.3020
