Location: Dz_02-1.png_Mean-Medain.png
Component: component_1744889441220_397.png
centerX: 0.22974607013301088
centerY: 0.7189905902480753
width: 0.02902055622732769
height: 0.024379811804961505
Area: 0.00019472197425842735
CentroidX: 0.2431
CentroidY: 0.7338
