Location: Dz_02-1.png_Otsu.png
Component: component_1744889440906_71.png
centerX: 0.1154776299879081
centerY: 0.13259195893926431
width: 0.024788391777509067
height: 0.023952095808383235
Area: 0.00016136322966435414
CentroidX: 0.1284
CentroidY: 0.1473
