Location: Dz_01-1.png_Otsu.png
Component: component_1744889441439_125.png
centerX: 0.7732769044740024
centerY: 0.25149700598802394
width: 0.02720677146311971
height: 0.026090675791274595
Area: 0.00016834529248636946
CentroidX: 0.7861
CentroidY: 0.2673
