Location: Dz_01-1.png_Otsu.png
Component: component_1744889441513_276.png
centerX: 0.3512696493349456
centerY: 0.5410607356715141
width: 0.032648125755743655
height: 0.022668947818648418
Area: 0.00017687892482438818
CentroidX: 0.3659
CentroidY: 0.5545
