Location: Dz_01-1.png_Otsu.png
Component: component_1744889441580_406.png
centerX: 0.8016928657799275
centerY: 0.787852865697177
width: 0.02781136638452237
height: 0.02480752780153978
Area: 0.00017636173498572038
CentroidX: 0.8139
CentroidY: 0.8027
