Location: Dz_01-1.png_Otsu.png
Component: component_1744889441511_270.png
centerX: 0.5991535671100363
centerY: 0.5355004277159966
width: 0.03143893591293833
height: 0.024379811804961505
Area: 0.0001802406587757289
CentroidX: 0.6138
CentroidY: 0.5497
