Location: Dz_02-1.png_Otsu.png
Component: component_1744889440902_51.png
centerX: 0.1626360338573156
centerY: 0.0962360992301112
width: 0.022974607013301087
height: 0.0213857998289136
Area: 0.0001489506735363269
CentroidX: 0.1742
CentroidY: 0.1090
