Location: Dz_02-1.png_Gaussian-Median.png
Component: component_1744889441296_105.png
centerX: 0.711608222490931
centerY: 0.20145423438836613
width: 0.024788391777509067
height: 0.024379811804961505
Area: 0.00018748131651707812
CentroidX: 0.7241
CentroidY: 0.2157
