Location: Dz_02-1.png_Otsu.png
Component: component_1744889440993_456.png
centerX: 0.37122128174123337
centerY: 0.8319076133447391
width: 0.03143893591293833
height: 0.027801539777587682
Area: 0.00026661136183325177
CentroidX: 0.3857
CentroidY: 0.8492
