Location: Dz_02-1.png_Otsu.png
Component: component_1744889440911_94.png
centerX: 0.8446191051995163
centerY: 0.16852010265183917
width: 0.02176541717049577
height: 0.023096663815226688
Area: 0.00014791629385899128
CentroidX: 0.8543
CentroidY: 0.1821
