Location: Dz_02-1.png_Gaussian-Median.png
Component: component_1744889441332_280.png
centerX: 0.218863361547763
centerY: 0.5183917878528657
width: 0.028415961305925032
height: 0.020958083832335328
Area: 0.00019782511329043416
CentroidX: 0.2322
CentroidY: 0.5303
