Location: Dz_01-1.png_Otsu.png
Component: component_1744889441470_192.png
centerX: 0.5894800483675937
centerY: 0.37681779298545764
width: 0.02902055622732769
height: 0.023952095808383235
Area: 0.00018567115208174083
CentroidX: 0.6039
CentroidY: 0.3912
