Location: Dz_02-1.png_Gaussian-Median.png
Component: component_1744889441312_180.png
centerX: 0.31680773881499397
centerY: 0.3289136013686912
width: 0.02418379685610641
height: 0.018391787852865698
Area: 0.00015929447030968292
CentroidX: 0.3282
CentroidY: 0.3398
