Location: Dz_02-1.png_Mean-Medain.png
Component: component_1744889441191_276.png
centerX: 0.5326481257557436
centerY: 0.5179640718562875
width: 0.028415961305925032
height: 0.02352437981180496
Area: 0.00019885949296776976
CentroidX: 0.5462
CentroidY: 0.5317
