Location: Dz_02-1.png_Otsu.png
Component: component_1744889440902_53.png
centerX: 0.7370012091898428
centerY: 0.09580838323353294
width: 0.022370012091898428
height: 0.020102651839178785
Area: 0.00013240059869895724
CentroidX: 0.7472
CentroidY: 0.1075
