Location: Dz_01-1.png_Otsu.png
Component: component_1744889441473_201.png
centerX: 0.3053204353083434
centerY: 0.38109495295124035
width: 0.022974607013301087
height: 0.023096663815226688
Area: 0.0001497264582943286
CentroidX: 0.3162
CentroidY: 0.3951
