Location: Dz_02-1.png_Gaussian-Median.png
Component: component_1744889441353_381.png
centerX: 0.10882708585247884
centerY: 0.6847733105218136
width: 0.02781136638452237
height: 0.023952095808383235
Area: 0.00019394618950042565
CentroidX: 0.1222
CentroidY: 0.6995
