Location: Dz_02-1.png_Gaussian-Median.png
Component: component_1744889441337_308.png
centerX: 0.8760580411124547
centerY: 0.5795551753635586
width: 0.02539298669891173
height: 0.020958083832335328
Area: 0.00017713751974372208
CentroidX: 0.8872
CentroidY: 0.5916
