Location: Dz_02-1.png_Otsu.png
Component: component_1744889440988_427.png
centerX: 0.7436517533252721
centerY: 0.7891360136869119
width: 0.02357920193470375
height: 0.023952095808383235
Area: 0.00014248580055297938
CentroidX: 0.7547
CentroidY: 0.8035
