Location: Dz_02-1.png_Gaussian-Median.png
Component: component_1744889441353_378.png
centerX: 0.22732769044740025
centerY: 0.6830624465355004
width: 0.026602176541717048
height: 0.02523524379811805
Area: 0.00019601494885509687
CentroidX: 0.2390
CentroidY: 0.6981
