Location: Dz_02-1.png_Mean-Medain.png
Component: component_1744889441207_339.png
centerX: 0.3827085852478839
centerY: 0.6142001710863987
width: 0.02599758162031439
height: 0.021813515825491875
Area: 0.00017739611466305598
CentroidX: 0.3945
CentroidY: 0.6270
