Location: Dz_02-1.png_Otsu.png
Component: component_1744889440951_256.png
centerX: 0.628174123337364
centerY: 0.47946963216424293
width: 0.02902055622732769
height: 0.02523524379811805
Area: 0.0001740343807117153
CentroidX: 0.6410
CentroidY: 0.4944
