Location: Dz_02-1.png_Gaussian-Median.png
Component: component_1744889441342_332.png
centerX: 0.23035066505441354
centerY: 0.6099230111206159
width: 0.026602176541717048
height: 0.023952095808383235
Area: 0.0001846367724044052
CentroidX: 0.2424
CentroidY: 0.6244
