Location: Dz_02-1.png_Mean-Medain.png
Component: component_1744889441234_459.png
centerX: 0.009673518742442563
centerY: 0.8357570573139436
width: 0.028415961305925032
height: 0.02694610778443114
Area: 0.0002089446948217919
CentroidX: 0.0226
CentroidY: 0.8521
