Location: Dz_01-1.png_Otsu.png
Component: component_1744889441525_316.png
centerX: 0.2980652962515115
centerY: 0.6189050470487596
width: 0.03143893591293833
height: 0.021813515825491875
Area: 0.00015308819224566932
CentroidX: 0.3121
CentroidY: 0.6321
