Location: Dz_02-1.png_Otsu.png
Component: component_1744889440959_290.png
centerX: 0.3258766626360339
centerY: 0.5496150556030795
width: 0.02599758162031439
height: 0.023096663815226688
Area: 0.00015877728047101512
CentroidX: 0.3383
CentroidY: 0.5633
