Location: Dz_02-1.png_Otsu.png
Component: component_1744889440977_370.png
centerX: 0.8010882708585247
centerY: 0.6766467065868264
width: 0.02902055622732769
height: 0.021813515825491875
Area: 0.00016369058393835925
CentroidX: 0.8143
CentroidY: 0.6894
