Location: Dz_02-1.png_Otsu.png
Component: component_1744889440955_275.png
centerX: 0.2708585247883918
centerY: 0.5175363558597091
width: 0.02962515114873035
height: 0.021813515825491875
Area: 0.00016705231788969997
CentroidX: 0.2847
CentroidY: 0.5303
