Location: Dz_01-1.png_Otsu.png
Component: component_1744889441437_116.png
centerX: 0.24909310761789602
centerY: 0.21343028229255775
width: 0.02781136638452237
height: 0.02566295979469632
Area: 0.00016575934329303045
CentroidX: 0.2629
CentroidY: 0.2288
