Location: Dz_02-1.png_Gaussian-Median.png
Component: component_1744889441365_432.png
centerX: 0.3778718258766626
centerY: 0.7951240376390077
width: 0.024788391777509067
height: 0.024379811804961505
Area: 0.00014248580055297938
CentroidX: 0.3892
CentroidY: 0.8099
