Location: Dz_01-1.png_Otsu.png
Component: component_1744889441441_129.png
centerX: 0.24969770253929868
centerY: 0.25320786997433703
width: 0.02962515114873035
height: 0.02566295979469632
Area: 0.00016679372297036607
CentroidX: 0.2631
CentroidY: 0.2687
