Location: Dz_02-1.png_Gaussian-Median.png
Component: component_1744889441290_84.png
centerX: 0.7091898428053204
centerY: 0.16723695466210436
width: 0.02357920193470375
height: 0.023952095808383235
Area: 0.00018256801304973401
CentroidX: 0.7197
CentroidY: 0.1811
