Location: Dz_02-1.png_Gaussian-Median.png
Component: component_1744889441336_301.png
centerX: 0.7769044740024184
centerY: 0.5513259195893926
width: 0.02599758162031439
height: 0.022241231822070145
Area: 0.0001812750384530645
CentroidX: 0.7896
CentroidY: 0.5644
