Location: Dz_02-1.png_Gaussian-Median.png
Component: component_1744889441341_325.png
centerX: 0.7521160822249093
centerY: 0.606928999144568
width: 0.02781136638452237
height: 0.02352437981180496
Area: 0.00019601494885509687
CentroidX: 0.7652
CentroidY: 0.6211
