Location: Dz_02-1.png_Otsu.png
Component: component_1744889440920_134.png
centerX: 0.2672309552599758
centerY: 0.24550898203592814
width: 0.026602176541717048
height: 0.023952095808383235
Area: 0.00016084603982568634
CentroidX: 0.2797
CentroidY: 0.2599
