Location: Dz_01-1.png_Otsu.png
Component: component_1744889441517_293.png
centerX: 0.6003627569528416
centerY: 0.5744225834046194
width: 0.02781136638452237
height: 0.024379811804961505
Area: 0.00016446636869636095
CentroidX: 0.6129
CentroidY: 0.5888
