Location: Dz_02-1.png_Mean-Medain.png
Component: component_1744889441187_266.png
centerX: 0.9449818621523579
centerY: 0.514114627887083
width: 0.02599758162031439
height: 0.023096663815226688
Area: 0.00019368759458109175
CentroidX: 0.9572
CentroidY: 0.5278
