Location: Dz_02-1.png_Gaussian-Median.png
Component: component_1744889441345_346.png
centerX: 0.8355501813784765
centerY: 0.6381522668947819
width: 0.02720677146311971
height: 0.02352437981180496
Area: 0.00020015246756443928
CentroidX: 0.8490
CentroidY: 0.6525
