Location: Dz_02-1.png_Otsu.png
Component: component_1744889440958_289.png
centerX: 0.2218863361547763
centerY: 0.5496150556030795
width: 0.02720677146311971
height: 0.0213857998289136
Area: 0.00015619133127767613
CentroidX: 0.2353
CentroidY: 0.5620
