Location: Dz_02-1.png_Mean-Medain.png
Component: component_1744889441130_156.png
centerX: 0.36638452237001207
centerY: 0.28828058169375537
width: 0.02418379685610641
height: 0.02352437981180496
Area: 0.00019187743014575443
CentroidX: 0.3776
CentroidY: 0.3022
