Location: Dz_01-1.png_Otsu.png
Component: component_1744889441596_470.png
centerX: 0.7007255139056832
centerY: 0.913601368691189
width: 0.03143893591293833
height: 0.02694610778443114
Area: 0.00019368759458109175
CentroidX: 0.7153
CentroidY: 0.9296
