Location: Dz_01-1.png_Otsu.png
Component: component_1744889441417_39.png
centerX: 0.533857315598549
centerY: 0.0611633875106929
width: 0.02176541717049577
height: 0.024379811804961505
Area: 0.00015619133127767613
CentroidX: 0.5436
CentroidY: 0.0752
