Location: Dz_01-1.png_Otsu.png
Component: component_1744889441570_377.png
centerX: 0.2914147521160822
centerY: 0.7318220701454234
width: 0.02599758162031439
height: 0.024379811804961505
Area: 0.00016110463474502024
CentroidX: 0.3034
CentroidY: 0.7472
