Location: Dz_02-1.png_Mean-Medain.png
Component: component_1744889441108_124.png
centerX: 0.8585247883917775
centerY: 0.24251497005988024
width: 0.02539298669891173
height: 0.02352437981180496
Area: 0.00018980867079108324
CentroidX: 0.8699
CentroidY: 0.2562
