Location: Dz_01-1.png_Otsu.png
Component: component_1744889441452_160.png
centerX: 0.2539298669891173
centerY: 0.2968349016253208
width: 0.024788391777509067
height: 0.023096663815226688
Area: 0.0001554155465196744
CentroidX: 0.2655
CentroidY: 0.3101
