Location: Dz_02-1.png_Otsu.png
Component: component_1744889440987_420.png
centerX: 0.06469165659008465
centerY: 0.7617621899059025
width: 0.02781136638452237
height: 0.02480752780153978
Area: 0.00017222421627637797
CentroidX: 0.0777
CentroidY: 0.7765
