Location: Dz_02-1.png_Otsu.png
Component: component_1744889440938_192.png
centerX: 0.4848851269649335
centerY: 0.36056458511548334
width: 0.022974607013301087
height: 0.022668947818648418
Area: 0.00015360538208433711
CentroidX: 0.4962
CentroidY: 0.3742
