Location: Dz_02-1.png_Mean-Medain.png
Component: component_1744889441209_350.png
centerX: 0.060459492140266025
centerY: 0.6445680068434559
width: 0.028415961305925032
height: 0.02523524379811805
Area: 0.000208686099902458
CentroidX: 0.0747
CentroidY: 0.6603
