Location: Dz_02-1.png_Mean-Medain.png
Component: component_1744889441236_470.png
centerX: 0.5405078597339782
centerY: 0.8579982891360137
width: 0.03385731559854897
height: 0.0290846877673225
Area: 0.0003087623336846776
CentroidX: 0.5561
CentroidY: 0.8757
