Location: Dz_02-1.png_Mean-Medain.png
Component: component_1744889441046_12.png
centerX: 0.786577992744861
centerY: 0.014114627887082978
width: 0.02599758162031439
height: 0.02523524379811805
Area: 0.00018696412667841032
CentroidX: 0.7989
CentroidY: 0.0295
