Location: Dz_02-1.png_Mean-Medain.png
Component: component_1744889441208_348.png
centerX: 0.7478839177750907
centerY: 0.6411462788708298
width: 0.02781136638452237
height: 0.026090675791274595
Area: 0.00021463378304713773
CentroidX: 0.7608
CentroidY: 0.6561
