Location: Dz_01-1.png_Otsu.png
Component: component_1744889441415_30.png
centerX: 0.7218863361547763
centerY: 0.057741659538066724
width: 0.026602176541717048
height: 0.023952095808383235
Area: 0.0001742929756310492
CentroidX: 0.7346
CentroidY: 0.0712
