Location: Dz_01-1.png_Otsu.png
Component: component_1744889441581_410.png
centerX: 0.7007255139056832
centerY: 0.7946963216424294
width: 0.02781136638452237
height: 0.020530367835757058
Area: 0.0001463647243429879
CentroidX: 0.7137
CentroidY: 0.8065
