Location: Dz_02-1.png_Otsu.png
Component: component_1744889440984_402.png
centerX: 0.015114873035066506
centerY: 0.723267750213858
width: 0.02962515114873035
height: 0.024379811804961505
Area: 0.00016782810264770167
CentroidX: 0.0288
CentroidY: 0.7382
