Location: Dz_02-1.png_Gaussian-Median.png
Component: component_1744889441366_436.png
centerX: 0.27690447400241835
centerY: 0.7985457656116339
width: 0.030229746070133012
height: 0.02480752780153978
Area: 0.00018644693683974253
CentroidX: 0.2909
CentroidY: 0.8129
