Location: Dz_02-1.png_Gaussian-Median.png
Component: component_1744889441351_371.png
centerX: 0.5513905683192262
centerY: 0.6787852865697177
width: 0.02781136638452237
height: 0.023952095808383235
Area: 0.00019911808788710365
CentroidX: 0.5646
CentroidY: 0.6933
