Location: Dz_02-1.png_Mean-Medain.png
Component: component_1744889441230_437.png
centerX: 0.2267230955259976
centerY: 0.800256629597947
width: 0.02720677146311971
height: 0.024379811804961505
Area: 0.0001781718994210577
CentroidX: 0.2395
CentroidY: 0.8145
