Location: Dz_02-1.png_Otsu.png
Component: component_1744889440946_230.png
centerX: 0.5332527206771464
centerY: 0.437125748502994
width: 0.022974607013301087
height: 0.022668947818648418
Area: 0.00014119282595630988
CentroidX: 0.5436
CentroidY: 0.4505
