Location: Dz_01-1.png_Otsu.png
Component: component_1744889441413_18.png
centerX: 0.8234582829504232
centerY: 0.018819503849443968
width: 0.024788391777509067
height: 0.024379811804961505
Area: 0.00019782511329043416
CentroidX: 0.8356
CentroidY: 0.0328
