Location: Dz_02-1.png_Mean-Medain.png
Component: component_1744889441120_146.png
centerX: 0.8228536880290206
centerY: 0.2840034217279726
width: 0.02599758162031439
height: 0.022668947818648418
Area: 0.00018256801304973401
CentroidX: 0.8348
CentroidY: 0.2973
