Location: Dz_02-1.png_Otsu.png
Component: component_1744889440984_403.png
centerX: 0.0592503022974607
centerY: 0.723267750213858
width: 0.02720677146311971
height: 0.022241231822070145
Area: 0.00016394917885769315
CentroidX: 0.0721
CentroidY: 0.7366
