Location: Dz_02-1.png_Mean-Medain.png
Component: component_1744889441100_108.png
centerX: 0.5652962515114873
centerY: 0.20487596236099231
width: 0.02418379685610641
height: 0.022241231822070145
Area: 0.000174810165469717
CentroidX: 0.5763
CentroidY: 0.2174
