Location: Dz_02-1.png_Gaussian-Median.png
Component: component_1744889441362_417.png
centerX: 0.2720677146311971
centerY: 0.7583404619332763
width: 0.02720677146311971
height: 0.023952095808383235
Area: 0.0002123064287731326
CentroidX: 0.2856
CentroidY: 0.7725
