Location: Dz_01-1.png_Otsu.png
Component: component_1744889441588_438.png
centerX: 0.5501813784764208
centerY: 0.8357570573139436
width: 0.02720677146311971
height: 0.022668947818648418
Area: 0.00014377877514964887
CentroidX: 0.5634
CentroidY: 0.8494
