Location: Dz_01-1.png_Otsu.png
Component: component_1744889441514_281.png
centerX: 0.2067714631197098
centerY: 0.542343883661249
width: 0.03083434099153567
height: 0.023952095808383235
Area: 0.0001836023927270696
CentroidX: 0.2214
CentroidY: 0.5572
