Location: Dz_02-1.png_Gaussian-Median.png
Component: component_1744889441342_333.png
centerX: 0.6045949214026602
centerY: 0.6103507271171942
width: 0.02539298669891173
height: 0.023952095808383235
Area: 0.00020196263199977657
CentroidX: 0.6159
CentroidY: 0.6245
