Location: Dz_02-1.png_Gaussian-Median.png
Component: component_1744889441325_249.png
centerX: 0.1185006045949214
centerY: 0.4769033361847733
width: 0.02599758162031439
height: 0.023096663815226688
Area: 0.00018696412667841032
CentroidX: 0.1313
CentroidY: 0.4904
