Location: Dz_02-1.png_Otsu.png
Component: component_1744889440956_278.png
centerX: 0.16444981862152358
centerY: 0.518819503849444
width: 0.02962515114873035
height: 0.020958083832335328
Area: 0.00016472496361569485
CentroidX: 0.1783
CentroidY: 0.5309
