Location: Dz_02-1.png_Otsu.png
Component: component_1744889440935_178.png
centerX: 0.16989117291414751
centerY: 0.32506415739948674
width: 0.02599758162031439
height: 0.020958083832335328
Area: 0.0001463647243429879
CentroidX: 0.1820
CentroidY: 0.3375
