Location: Dz_02-1.png_Otsu.png
Component: component_1744889440996_467.png
centerX: 0.9087061668681983
centerY: 0.8502994011976048
width: 0.02962515114873035
height: 0.022668947818648418
Area: 0.00023454559183584808
CentroidX: 0.9231
CentroidY: 0.8631
