Location: Dz_02-1.png_Gaussian-Median.png
Component: component_1744889441275_30.png
centerX: 0.4117291414752116
centerY: 0.058169375534645
width: 0.02418379685610641
height: 0.0213857998289136
Area: 0.00017377578579238137
CentroidX: 0.4224
CentroidY: 0.0703
