Location: Dz_02-1.png_Mean-Medain.png
Component: component_1744889441238_479.png
centerX: 0.20918984280532044
centerY: 0.8725406330196749
width: 0.02902055622732769
height: 0.02737382378100941
Area: 0.000271266070381262
CentroidX: 0.2234
CentroidY: 0.8886
