Location: Dz_02-1.png_Gaussian-Median.png
Component: component_1744889441312_182.png
centerX: 0.9431680773881499
centerY: 0.3481608212147134
width: 0.02418379685610641
height: 0.022668947818648418
Area: 0.00016756950772836777
CentroidX: 0.9550
CentroidY: 0.3619
