Location: Dz_02-1.png_Otsu.png
Component: component_1744889440987_424.png
centerX: 0.879081015719468
centerY: 0.7848588537211292
width: 0.022974607013301087
height: 0.022668947818648418
Area: 0.0001256771307962758
CentroidX: 0.8889
CentroidY: 0.7978
