Location: Dz_02-1.png_Otsu.png
Component: component_1744889440988_429.png
centerX: 0.7896009673518742
centerY: 0.7895637296834902
width: 0.02357920193470375
height: 0.020958083832335328
Area: 0.00014015844627897426
CentroidX: 0.7997
CentroidY: 0.8009
