Location: Dz_02-1.png_Mean-Medain.png
Component: component_1744889441223_410.png
centerX: 0.6656590084643289
centerY: 0.7476475620188195
width: 0.02902055622732769
height: 0.02523524379811805
Area: 0.0002037727964351139
CentroidX: 0.6796
CentroidY: 0.7625
