Location: Dz_01-1.png_Otsu.png
Component: component_1744889441559_343.png
centerX: 0.880894800483676
centerY: 0.6852010265183918
width: 0.02720677146311971
height: 0.024379811804961505
Area: 0.00016756950772836777
CentroidX: 0.8953
CentroidY: 0.7008
