Location: Dz_02-1.png_Mean-Medain.png
Component: component_1744889441131_159.png
centerX: 0.31136638452237003
centerY: 0.2891360136869119
width: 0.026602176541717048
height: 0.02352437981180496
Area: 0.00019963527772577145
CentroidX: 0.3240
CentroidY: 0.3027
