Location: Dz_01-1.png_Otsu.png
Component: component_1744889441455_170.png
centerX: 0.5876662636033857
centerY: 0.3361847733105218
width: 0.02720677146311971
height: 0.023952095808383235
Area: 0.00016653512805103214
CentroidX: 0.6014
CentroidY: 0.3503
