Location: Dz_02-1.png_Mean-Medain.png
Component: component_1744889441215_373.png
centerX: 0.43893591293833134
centerY: 0.679213002566296
width: 0.026602176541717048
height: 0.020958083832335328
Area: 0.0001812750384530645
CentroidX: 0.4517
CentroidY: 0.6917
