Location: Dz_02-1.png_Gaussian-Median.png
Component: component_1744889441356_395.png
centerX: 0.43833131801692865
centerY: 0.7134302822925578
width: 0.030229746070133012
height: 0.023096663815226688
Area: 0.00019187743014575443
CentroidX: 0.4530
CentroidY: 0.7276
