Location: Dz_02-1.png_Otsu.png
Component: component_1744889441007_487.png
centerX: 0.8343409915356711
centerY: 0.8887938408896493
width: 0.02539298669891173
height: 0.02480752780153978
Area: 0.00012334977652227072
CentroidX: 0.8462
CentroidY: 0.9040
