Location: Dz_02-1.png_Otsu.png
Component: component_1744889441009_494.png
centerX: 0.4939540507859734
centerY: 0.9029084687767323
width: 0.02357920193470375
height: 0.021813515825491875
Area: 0.00012774589015094703
CentroidX: 0.5046
CentroidY: 0.9160
