Location: Dz_02-1.png_Gaussian-Median.png
Component: component_1744889441364_426.png
centerX: 0.7430471584038694
centerY: 0.7891360136869119
width: 0.024788391777509067
height: 0.024379811804961505
Area: 0.0001740343807117153
CentroidX: 0.7549
CentroidY: 0.8035
