Location: Dz_02-1.png_Otsu.png
Component: component_1744889440919_131.png
centerX: 0.772067714631197
centerY: 0.24379811804961504
width: 0.02902055622732769
height: 0.02352437981180496
Area: 0.00017118983659904238
CentroidX: 0.7842
CentroidY: 0.2578
