Location: Dz_02-1.png_Otsu.png
Component: component_1744889441005_476.png
centerX: 0.3766626360338573
centerY: 0.867835757057314
width: 0.02902055622732769
height: 0.02694610778443114
Area: 0.0002689387161072569
CentroidX: 0.3917
CentroidY: 0.8840
