Location: Dz_02-1.png_Gaussian-Median.png
Component: component_1744889441286_62.png
centerX: 0.7496977025392987
centerY: 0.1300256629597947
width: 0.02599758162031439
height: 0.02523524379811805
Area: 0.00019420478441975955
CentroidX: 0.7622
CentroidY: 0.1452
