Location: Dz_01-1.png_Otsu.png
Component: component_1744889441521_304.png
centerX: 0.8827085852478839
centerY: 0.6077844311377245
width: 0.02781136638452237
height: 0.023096663815226688
Area: 0.00016472496361569485
CentroidX: 0.8958
CentroidY: 0.6218
