Location: Dz_02-1.png_Gaussian-Median.png
Component: component_1744889441282_54.png
centerX: 0.2672309552599758
centerY: 0.09709153122326775
width: 0.02418379685610641
height: 0.023096663815226688
Area: 0.00017248281119571187
CentroidX: 0.2782
CentroidY: 0.1103
