Location: Dz_02-1.png_Mean-Medain.png
Component: component_1744889441181_242.png
centerX: 0.9032648125755743
centerY: 0.47305389221556887
width: 0.026602176541717048
height: 0.024379811804961505
Area: 0.00020222122691911047
CentroidX: 0.9156
CentroidY: 0.4874
