Location: Dz_02-1.png_Mean-Medain.png
Component: component_1744889441130_157.png
centerX: 0.47762998790810157
centerY: 0.2887082976903336
width: 0.026602176541717048
height: 0.020958083832335328
Area: 0.00017170702643771018
CentroidX: 0.4905
CentroidY: 0.3011
