Location: Dz_02-1.png_Otsu.png
Component: component_1744889440917_121.png
centerX: 0.26904474002418377
centerY: 0.21129170230966637
width: 0.020556227327690448
height: 0.018391787852865698
Area: 0.00013033183934428605
CentroidX: 0.2793
CentroidY: 0.2220
