Location: Dz_02-1.png_Mean-Medain.png
Component: component_1744889441154_197.png
centerX: 0.17291414752116083
centerY: 0.36227544910179643
width: 0.03083434099153567
height: 0.024379811804961505
Area: 0.00020351420151578
CentroidX: 0.1869
CentroidY: 0.3769
