Location: Dz_02-1.png_Gaussian-Median.png
Component: component_1744889441343_335.png
centerX: 0.5471584038694075
centerY: 0.6112061591103507
width: 0.028415961305925032
height: 0.022668947818648418
Area: 0.00019627354377443077
CentroidX: 0.5607
CentroidY: 0.6249
