Location: Dz_02-1.png_Mean-Medain.png
Component: component_1744889441232_447.png
centerX: 0.6989117291414753
centerY: 0.8242087254063302
width: 0.02781136638452237
height: 0.02523524379811805
Area: 0.0002728176398972654
CentroidX: 0.7117
CentroidY: 0.8388
