Location: Dz_02-1.png_Otsu.png
Component: component_1744889440983_396.png
centerX: 0.38391777509068925
centerY: 0.7142857142857143
width: 0.02720677146311971
height: 0.023952095808383235
Area: 0.00016912107724437116
CentroidX: 0.3959
CentroidY: 0.7287
