Location: Dz_02-1.png_Otsu.png
Component: component_1744889440952_261.png
centerX: 0.37182587666263606
centerY: 0.48246364414029086
width: 0.02781136638452237
height: 0.022241231822070145
Area: 0.000174810165469717
CentroidX: 0.3844
CentroidY: 0.4952
