Location: Dz_01-1.png_Otsu.png
Component: component_1744889441516_288.png
centerX: 0.7896009673518742
centerY: 0.5718562874251497
width: 0.02902055622732769
height: 0.022668947818648418
Area: 0.00016782810264770167
CentroidX: 0.8023
CentroidY: 0.5847
