Location: easy21_Mean-Medain.png
Component: component_1744297380836_351.png
centerX: 0.8733870967741936
centerY: 0.33477011494252873
width: 0.025
height: 0.014846743295019157
Area: 0.00014560931899641578
CentroidX: 0.8857
CentroidY: 0.3430
