Location: Dz_02-1.png_Otsu.png
Component: component_1744889440915_107.png
centerX: 0.7599758162031439
centerY: 0.2018819503849444
width: 0.024788391777509067
height: 0.023096663815226688
Area: 0.00015593273635834223
CentroidX: 0.7714
CentroidY: 0.2151
