Location: Dz_02-1.png_Otsu.png
Component: component_1744889440924_154.png
centerX: 0.2660217654171705
centerY: 0.28785286569717705
width: 0.02781136638452237
height: 0.02352437981180496
Area: 0.0001802406587757289
CentroidX: 0.2791
CentroidY: 0.3016
