Location: Dz_02-1.png_Gaussian-Median.png
Component: component_1744889441282_53.png
centerX: 0.8839177750906893
centerY: 0.09580838323353294
width: 0.02176541717049577
height: 0.020102651839178785
Area: 0.00016472496361569485
CentroidX: 0.8946
CentroidY: 0.1074
