Location: Dz_02-1.png_Otsu.png
Component: component_1744889440939_198.png
centerX: 0.1735187424425635
centerY: 0.36227544910179643
width: 0.02962515114873035
height: 0.024379811804961505
Area: 0.00017222421627637797
CentroidX: 0.1869
CentroidY: 0.3769
