Location: Dz_02-1.png_Otsu.png
Component: component_1744889440985_407.png
centerX: 0.898428053204353
centerY: 0.7433704020530368
width: 0.02720677146311971
height: 0.023096663815226688
Area: 0.00013110762410228774
CentroidX: 0.9105
CentroidY: 0.7570
