Location: Dz_02-1.png_Otsu.png
Component: component_1744889440974_352.png
centerX: 0.11487303506650544
centerY: 0.6454234388366125
width: 0.026602176541717048
height: 0.023952095808383235
Area: 0.00016550074837369655
CentroidX: 0.1275
CentroidY: 0.6599
