Location: Dz_02-1.png_Otsu.png
Component: component_1744889440942_215.png
centerX: 0.3730350665054414
centerY: 0.3999144568006843
width: 0.02902055622732769
height: 0.023096663815226688
Area: 0.00016446636869636095
CentroidX: 0.3869
CentroidY: 0.4139
