Location: Dz_02-1.png_Otsu.png
Component: component_1744889440923_147.png
centerX: 0.8228536880290206
centerY: 0.2844311377245509
width: 0.02539298669891173
height: 0.022241231822070145
Area: 0.00015722571095501173
CentroidX: 0.8348
CentroidY: 0.2973
