Location: Dz_02-1.png_Gaussian-Median.png
Component: component_1744889441333_286.png
centerX: 0.9467956469165659
centerY: 0.5470487596236099
width: 0.02599758162031439
height: 0.023952095808383235
Area: 0.00020222122691911047
CentroidX: 0.9597
CentroidY: 0.5617
