Location: Dz_01-1.png_Otsu.png
Component: component_1744889441503_254.png
centerX: 0.4111245465538089
centerY: 0.4982891360136869
width: 0.02781136638452237
height: 0.023096663815226688
Area: 0.00016834529248636946
CentroidX: 0.4241
CentroidY: 0.5124
