Location: Dz_01-1.png_Otsu.png
Component: component_1744889441465_183.png
centerX: 0.964328899637243
centerY: 0.37082976903336184
width: 0.02599758162031439
height: 0.023952095808383235
Area: 0.0001846367724044052
CentroidX: 0.9768
CentroidY: 0.3847
