Location: Dz_02-1.png_Gaussian-Median.png
Component: component_1744889441339_317.png
centerX: 0.5937122128174124
centerY: 0.58169375534645
width: 0.026602176541717048
height: 0.020530367835757058
Area: 0.00017274140611504577
CentroidX: 0.6054
CentroidY: 0.5942
