Location: Dz_02-1.png_Otsu.png
Component: component_1744889440938_190.png
centerX: 0.5864570737605804
centerY: 0.358426005132592
width: 0.02357920193470375
height: 0.023096663815226688
Area: 0.0001499850532136625
CentroidX: 0.5975
CentroidY: 0.3723
