Location: Dz_01-1.png_Otsu.png
Component: component_1744889441563_351.png
centerX: 0.49032648125755746
centerY: 0.693327630453379
width: 0.02902055622732769
height: 0.023096663815226688
Area: 0.00015748430587434563
CentroidX: 0.5032
CentroidY: 0.7069
