Location: Dz_02-1.png_Gaussian-Median.png
Component: component_1744889441299_120.png
centerX: 0.26904474002418377
centerY: 0.21086398631308811
width: 0.021160822249093107
height: 0.018819503849443968
Area: 0.00015851868555168122
CentroidX: 0.2794
CentroidY: 0.2218
