Location: Dz_01-1.png_Otsu.png
Component: component_1744889441594_463.png
centerX: 0.7998790810157195
centerY: 0.9041916167664671
width: 0.02539298669891173
height: 0.02566295979469632
Area: 0.0001843781774850713
CentroidX: 0.8101
CentroidY: 0.9192
