Location: Dz_01-1.png_Otsu.png
Component: component_1744889441472_199.png
centerX: 0.2587666263603386
centerY: 0.38023952095808383
width: 0.022974607013301087
height: 0.023952095808383235
Area: 0.00016032884998701854
CentroidX: 0.2693
CentroidY: 0.3947
