Location: Dz_02-1.png_Otsu.png
Component: component_1744889440945_223.png
centerX: 0.8675937122128174
centerY: 0.43071000855431996
width: 0.026602176541717048
height: 0.022241231822070145
Area: 0.00016912107724437116
CentroidX: 0.8806
CentroidY: 0.4443
