Location: Dz_02-1.png_Gaussian-Median.png
Component: component_1744889441302_133.png
centerX: 0.2672309552599758
centerY: 0.24550898203592814
width: 0.026602176541717048
height: 0.023952095808383235
Area: 0.00018618834192040863
CentroidX: 0.2799
CentroidY: 0.2600
