Location: Dz_02-1.png_Otsu.png
Component: component_1744889440897_29.png
centerX: 0.16686819830713423
centerY: 0.05859709153122327
width: 0.02539298669891173
height: 0.022241231822070145
Area: 0.00016601793821236435
CentroidX: 0.1789
CentroidY: 0.0716
