Location: Dz_02-1.png_Mean-Medain.png
Component: component_1744889441052_16.png
centerX: 0.7388149939540508
centerY: 0.01454234388366125
width: 0.026602176541717048
height: 0.02480752780153978
Area: 0.00018541255716240693
CentroidX: 0.7500
CentroidY: 0.0293
