Location: Dz_01-1.png_Otsu.png
Component: component_1744889441567_362.png
centerX: 0.8875453446191052
centerY: 0.7159965782720273
width: 0.02539298669891173
height: 0.024379811804961505
Area: 0.00016058744490635244
CentroidX: 0.8996
CentroidY: 0.7310
