Location: Dz_01-1.png_Otsu.png
Component: component_1744889441585_425.png
centerX: 0.22914147521160821
centerY: 0.8319076133447391
width: 0.03083434099153567
height: 0.023952095808383235
Area: 0.00016937967216370506
CentroidX: 0.2420
CentroidY: 0.8459
