Location: Dz_02-1.png_Mean-Medain.png
Component: component_1744889441070_35.png
centerX: 0.694074969770254
centerY: 0.05902480752780154
width: 0.021160822249093107
height: 0.022241231822070145
Area: 0.00016731091280903387
CentroidX: 0.7041
CentroidY: 0.0723
