Location: Dz_02-1.png_Mean-Medain.png
Component: component_1744889441087_79.png
centerX: 0.41414752116082226
centerY: 0.1343028229255774
width: 0.024788391777509067
height: 0.02352437981180496
Area: 0.0001812750384530645
CentroidX: 0.4257
CentroidY: 0.1478
