Location: Dz_01-1.png_Otsu.png
Component: component_1744889441442_136.png
centerX: 0.09794437726723096
centerY: 0.25449101796407186
width: 0.028415961305925032
height: 0.02523524379811805
Area: 0.0001740343807117153
CentroidX: 0.1114
CentroidY: 0.2691
