Location: Dz_02-1.png_Otsu.png
Component: component_1744889440976_361.png
centerX: 0.5459492140266021
centerY: 0.6467065868263473
width: 0.02781136638452237
height: 0.02352437981180496
Area: 0.000174810165469717
CentroidX: 0.5597
CentroidY: 0.6611
