Location: Dz_02-1.png_Mean-Medain.png
Component: component_1744889441201_314.png
centerX: 0.8367593712212817
centerY: 0.5804106073567151
width: 0.02418379685610641
height: 0.020958083832335328
Area: 0.000174810165469717
CentroidX: 0.8477
CentroidY: 0.5930
