Location: Dz_02-1.png_Mean-Medain.png
Component: component_1744889441133_164.png
centerX: 0.8688029020556227
centerY: 0.3152266894781865
width: 0.02176541717049577
height: 0.022241231822070145
Area: 0.00017041405184104068
CentroidX: 0.8801
CentroidY: 0.3285
