Location: Dz_02-1.png_Otsu.png
Component: component_1744889440898_30.png
centerX: 0.31499395405078595
centerY: 0.05859709153122327
width: 0.022974607013301087
height: 0.0213857998289136
Area: 0.0001517952176489998
CentroidX: 0.3264
CentroidY: 0.0713
