Location: Dz_02-1.png_Otsu.png
Component: component_1744889440953_263.png
centerX: 0.06892382103990327
centerY: 0.5124037639007699
width: 0.024788391777509067
height: 0.020958083832335328
Area: 0.0001554155465196744
CentroidX: 0.0809
CentroidY: 0.5248
