Location: Dz_02-1.png_Otsu.png
Component: component_1744889440939_199.png
centerX: 0.22370012091898428
centerY: 0.36227544910179643
width: 0.02176541717049577
height: 0.023096663815226688
Area: 0.00014377877514964887
CentroidX: 0.2341
CentroidY: 0.3760
