Location: Dz_02-1.png_Otsu.png
Component: component_1744889440969_327.png
centerX: 0.8035066505441354
centerY: 0.606928999144568
width: 0.022974607013301087
height: 0.024379811804961505
Area: 0.00016782810264770167
CentroidX: 0.8135
CentroidY: 0.6220
