Location: Dz_02-1.png_Otsu.png
Component: component_1744889440908_84.png
centerX: 0.7563482466747279
centerY: 0.16680923866552608
width: 0.022370012091898428
height: 0.023952095808383235
Area: 0.0001499850532136625
CentroidX: 0.7668
CentroidY: 0.1814
