Location: Dz_02-1.png_Otsu.png
Component: component_1744889440977_368.png
centerX: 0.7091898428053204
centerY: 0.6770744225834047
width: 0.02539298669891173
height: 0.023952095808383235
Area: 0.00016446636869636095
CentroidX: 0.7212
CentroidY: 0.6908
