Location: Dz_02-1.png_Mean-Medain.png
Component: component_1744889441154_198.png
centerX: 0.22370012091898428
centerY: 0.3618477331052181
width: 0.02176541717049577
height: 0.023952095808383235
Area: 0.00016937967216370506
CentroidX: 0.2341
CentroidY: 0.3760
