Location: Dz_02-1.png_Gaussian-Median.png
Component: component_1744889441311_178.png
centerX: 0.26541717049576785
centerY: 0.32506415739948674
width: 0.02418379685610641
height: 0.021813515825491875
Area: 0.0001781718994210577
CentroidX: 0.2769
CentroidY: 0.3379
