Location: Dz_02-1.png_Otsu.png
Component: component_1744889440940_203.png
centerX: 0.8645707376058042
centerY: 0.39264328485885375
width: 0.024788391777509067
height: 0.022668947818648418
Area: 0.00015619133127767613
CentroidX: 0.8768
CentroidY: 0.4065
