Location: Dz_02-1.png_Otsu.png
Component: component_1744889440968_324.png
centerX: 0.8422007255139057
centerY: 0.6060735671514115
width: 0.024788391777509067
height: 0.024379811804961505
Area: 0.00016731091280903387
CentroidX: 0.8538
CentroidY: 0.6205
