Location: Dz_01-1.png_Otsu.png
Component: component_1744889441588_436.png
centerX: 0.33675937122128174
centerY: 0.8361847733105218
width: 0.024788391777509067
height: 0.022668947818648418
Area: 0.0001510194328909981
CentroidX: 0.3493
CentroidY: 0.8501
