Location: Dz_01-1.png_Otsu.png
Component: component_1744889441523_312.png
centerX: 0.45102781136638453
centerY: 0.6176218990590248
width: 0.02720677146311971
height: 0.02480752780153978
Area: 0.00015593273635834223
CentroidX: 0.4644
CentroidY: 0.6328
