Location: Dz_02-1.png_Gaussian-Median.png
Component: component_1744889441310_175.png
centerX: 0.16928657799274485
centerY: 0.3246364414029085
width: 0.026602176541717048
height: 0.0213857998289136
Area: 0.00017274140611504577
CentroidX: 0.1819
CentroidY: 0.3376
