Location: Dz_01-1.png_Otsu.png
Component: component_1744889441412_15.png
centerX: 0.4788391777509069
centerY: 0.015397775876817793
width: 0.02599758162031439
height: 0.026518391787852865
Area: 0.00019653213869376467
CentroidX: 0.4916
CentroidY: 0.0312
