Location: Dz_02-1.png_Gaussian-Median.png
Component: component_1744889441349_362.png
centerX: 0.018742442563482467
centerY: 0.6475620188195038
width: 0.024788391777509067
height: 0.022668947818648418
Area: 0.00017144843151837628
CentroidX: 0.0298
CentroidY: 0.6608
