Location: Dz_01-1.png_Otsu.png
Component: component_1744889441561_346.png
centerX: 0.7539298669891172
centerY: 0.688622754491018
width: 0.024788391777509067
height: 0.02566295979469632
Area: 0.00016575934329303045
CentroidX: 0.7656
CentroidY: 0.7045
