Location: Dz_01-1.png_Otsu.png
Component: component_1744889441517_291.png
centerX: 0.49758162031438935
centerY: 0.5744225834046194
width: 0.02902055622732769
height: 0.023096663815226688
Area: 0.00016731091280903387
CentroidX: 0.5123
CentroidY: 0.5887
