Location: Dz_01-1.png_Otsu.png
Component: component_1744889441562_348.png
centerX: 0.7001209189842805
centerY: 0.6911890504704876
width: 0.028415961305925032
height: 0.022668947818648418
Area: 0.00016291479918035753
CentroidX: 0.7139
CentroidY: 0.7046
