Location: Dz_02-1.png_Otsu.png
Component: component_1744889440911_95.png
centerX: 0.07013301088270858
centerY: 0.169803250641574
width: 0.028415961305925032
height: 0.02352437981180496
Area: 0.00017274140611504577
CentroidX: 0.0838
CentroidY: 0.1838
