Location: Dz_02-1.png_Mean-Medain.png
Component: component_1744889441200_308.png
centerX: 0.8760580411124547
centerY: 0.5791274593669803
width: 0.02539298669891173
height: 0.0213857998289136
Area: 0.0001779133045017238
CentroidX: 0.8872
CentroidY: 0.5915
