Location: Dz_02-1.png_Gaussian-Median.png
Component: component_1744889441338_313.png
centerX: 0.7025392986698912
centerY: 0.5804106073567151
width: 0.02418379685610641
height: 0.020958083832335328
Area: 0.0001779133045017238
CentroidX: 0.7128
CentroidY: 0.5927
