Location: Dz_01-1.png_Otsu.png
Component: component_1744889441477_213.png
centerX: 0.5042321644498187
centerY: 0.4170230966638152
width: 0.030229746070133012
height: 0.02523524379811805
Area: 0.00017377578579238137
CentroidX: 0.5183
CentroidY: 0.4322
