Location: Dz_02-1.png_Mean-Medain.png
Component: component_1744889441078_55.png
centerX: 0.3603385731559855
centerY: 0.09666381522668947
width: 0.024788391777509067
height: 0.020530367835757058
Area: 0.00015851868555168122
CentroidX: 0.3709
CentroidY: 0.1085
