Location: Dz_02-1.png_Mean-Medain.png
Component: component_1744889441066_24.png
centerX: 0.21765417170495768
centerY: 0.05645851154833191
width: 0.02539298669891173
height: 0.023096663815226688
Area: 0.00019963527772577145
CentroidX: 0.2292
CentroidY: 0.0702
