Location: Dz_02-1.png_Gaussian-Median.png
Component: component_1744889441372_461.png
centerX: 0.16142684401451027
centerY: 0.8361847733105218
width: 0.03204353083434099
height: 0.02480752780153978
Area: 0.0002735934246552671
CentroidX: 0.1761
CentroidY: 0.8507
