Location: Dz_02-1.png_Gaussian-Median.png
Component: component_1744889441351_369.png
centerX: 0.8010882708585247
centerY: 0.676218990590248
width: 0.02962515114873035
height: 0.022668947818648418
Area: 0.00019575635393576294
CentroidX: 0.8143
CentroidY: 0.6894
