Location: Dz_01-1.png_Otsu.png
Component: component_1744889441433_102.png
centerX: 0.0592503022974607
centerY: 0.20829769033361847
width: 0.024788391777509067
height: 0.02694610778443114
Area: 0.00015851868555168122
CentroidX: 0.0704
CentroidY: 0.2245
