Location: Dz_02-1.png_Otsu.png
Component: component_1744889440953_265.png
centerX: 0.782950423216445
centerY: 0.5145423438836613
width: 0.02599758162031439
height: 0.023096663815226688
Area: 0.00016162182458368804
CentroidX: 0.7944
CentroidY: 0.5283
