Location: Dz_02-1.png_Mean-Medain.png
Component: component_1744889441216_377.png
centerX: 0.33615477629987905
centerY: 0.6813515825491874
width: 0.022974607013301087
height: 0.019674935842600515
Area: 0.00016731091280903387
CentroidX: 0.3475
CentroidY: 0.6930
