Location: Dz_02-1.png_Gaussian-Median.png
Component: component_1744889441303_137.png
centerX: 0.3651753325272068
centerY: 0.24764756201881952
width: 0.026602176541717048
height: 0.020958083832335328
Area: 0.00017765470958238988
CentroidX: 0.3773
CentroidY: 0.2599
