Location: Dz_02-1.png_Otsu.png
Component: component_1744889441005_474.png
centerX: 0.4848851269649335
centerY: 0.8635585970915313
width: 0.026602176541717048
height: 0.023952095808383235
Area: 0.00023583856643251758
CentroidX: 0.4988
CentroidY: 0.8783
