Location: Dz_02-1.png_Otsu.png
Component: component_1744889440916_114.png
centerX: 0.12454655380894801
centerY: 0.20658682634730538
width: 0.024788391777509067
height: 0.024379811804961505
Area: 0.00016110463474502024
CentroidX: 0.1371
CentroidY: 0.2217
