Location: Dz_01-1.png_Otsu.png
Component: component_1744889441516_290.png
centerX: 0.4026602176541717
centerY: 0.5744225834046194
width: 0.02902055622732769
height: 0.023096663815226688
Area: 0.00016808669756703556
CentroidX: 0.4174
CentroidY: 0.5886
