Location: Dz_01-1.png_Otsu.png
Component: component_1744889441429_88.png
centerX: 0.5259975816203144
centerY: 0.17365269461077845
width: 0.02902055622732769
height: 0.024379811804961505
Area: 0.00017636173498572038
CentroidX: 0.5395
CentroidY: 0.1876
