Location: Dz_01-1.png_Otsu.png
Component: component_1744889441605_499.png
centerX: 0.37726723095526
centerY: 0.9568006843455945
width: 0.02720677146311971
height: 0.02523524379811805
Area: 0.00016731091280903387
CentroidX: 0.3899
CentroidY: 0.9719
