Location: Dz_02-1.png_Otsu.png
Component: component_1744889440942_213.png
centerX: 0.6807738814993954
centerY: 0.39863130881094955
width: 0.03083434099153567
height: 0.02352437981180496
Area: 0.00016705231788969997
CentroidX: 0.6953
CentroidY: 0.4128
