Location: Dz_02-1.png_Gaussian-Median.png
Component: component_1744889441349_361.png
centerX: 0.1686819830713422
centerY: 0.6467065868263473
width: 0.02781136638452237
height: 0.022241231822070145
Area: 0.00018179222829173232
CentroidX: 0.1811
CentroidY: 0.6601
