Location: Dz_02-1.png_Gaussian-Median.png
Component: component_1744889441274_23.png
centerX: 0.11608222490931076
centerY: 0.05431993156544055
width: 0.02902055622732769
height: 0.023952095808383235
Area: 0.00020558296087045118
CentroidX: 0.1297
CentroidY: 0.0683
