Location: Dz_02-1.png_Gaussian-Median.png
Component: component_1744889441319_215.png
centerX: 0.42623941958887546
centerY: 0.3999144568006843
width: 0.02962515114873035
height: 0.024379811804961505
Area: 0.00020247982183844437
CentroidX: 0.4397
CentroidY: 0.4144
