Location: Dz_02-1.png_Gaussian-Median.png
Component: component_1744889441343_338.png
centerX: 0.33615477629987905
centerY: 0.6124893071000855
width: 0.02357920193470375
height: 0.023952095808383235
Area: 0.000179982063856395
CentroidX: 0.3473
CentroidY: 0.6267
