Location: Dz_01-1.png_Otsu.png
Component: component_1744889441469_190.png
centerX: 0.6396614268440145
centerY: 0.3759623609923011
width: 0.024788391777509067
height: 0.022668947818648418
Area: 0.0001786890892597255
CentroidX: 0.6518
CentroidY: 0.3892
