Location: Dz_02-1.png_Mean-Medain.png
Component: component_1744889441115_141.png
centerX: 0.9389359129383313
centerY: 0.2805816937553465
width: 0.026602176541717048
height: 0.023952095808383235
Area: 0.00020118684724177487
CentroidX: 0.9505
CentroidY: 0.2942
