Location: Dz_02-1.png_Otsu.png
Component: component_1744889440890_9.png
centerX: 0.3639661426844015
centerY: 0.01283147989734816
width: 0.024788391777509067
height: 0.02352437981180496
Area: 0.0001502436481329964
CentroidX: 0.3761
CentroidY: 0.0273
