Location: Dz_02-1.png_Otsu.png
Component: component_1744889441008_493.png
centerX: 0.5399032648125756
centerY: 0.8999144568006844
width: 0.02539298669891173
height: 0.023096663815226688
Area: 0.00013938266152097256
CentroidX: 0.5516
CentroidY: 0.9135
