Location: Dz_01-1.png_Otsu.png
Component: component_1744889441545_329.png
centerX: 0.8385731559854898
centerY: 0.6552609067579127
width: 0.02781136638452237
height: 0.0213857998289136
Area: 0.00015334678716500322
CentroidX: 0.8517
CentroidY: 0.6679
