Location: Dz_01-1.png_Otsu.png
Component: component_1744889441432_101.png
centerX: 0.5798065296251511
centerY: 0.17621899059024806
width: 0.02962515114873035
height: 0.022241231822070145
Area: 0.00017739611466305598
CentroidX: 0.5933
CentroidY: 0.1891
