Location: Dz_02-1.png_Otsu.png
Component: component_1744889440902_49.png
centerX: 0.8367593712212817
centerY: 0.09538066723695467
width: 0.024788391777509067
height: 0.0213857998289136
Area: 0.0001453303446656523
CentroidX: 0.8478
CentroidY: 0.1076
