Location: Dz_02-1.png_Mean-Medain.png
Component: component_1744889441119_143.png
centerX: 0.8615477629987908
centerY: 0.28186484174508125
width: 0.02599758162031439
height: 0.023096663815226688
Area: 0.0001843781774850713
CentroidX: 0.8742
CentroidY: 0.2956
