Location: Dz_02-1.png_Gaussian-Median.png
Component: component_1744889441323_241.png
centerX: 0.9443772672309553
centerY: 0.4726261762189906
width: 0.02418379685610641
height: 0.024379811804961505
Area: 0.00019368759458109175
CentroidX: 0.9575
CentroidY: 0.4873
