Location: Dz_01-1.png_Otsu.png
Component: component_1744889441415_27.png
centerX: 0.24969770253929868
centerY: 0.057741659538066724
width: 0.02539298669891173
height: 0.026090675791274595
Area: 0.0001786890892597255
CentroidX: 0.2626
CentroidY: 0.0731
