Location: Dz_02-1.png_Otsu.png
Component: component_1744889440910_93.png
centerX: 0.7968561064087062
centerY: 0.16894781864841746
width: 0.022370012091898428
height: 0.022241231822070145
Area: 0.0001510194328909981
CentroidX: 0.8078
CentroidY: 0.1818
