Location: Dz_01-1.png_Otsu.png
Component: component_1744889441480_218.png
centerX: 0.26058041112454655
centerY: 0.4187339606501283
width: 0.026602176541717048
height: 0.02566295979469632
Area: 0.0001807578486143967
CentroidX: 0.2736
CentroidY: 0.4338
