Location: Dz_02-1.png_Otsu.png
Component: component_1744889440914_106.png
centerX: 0.660217654171705
centerY: 0.2018819503849444
width: 0.02599758162031439
height: 0.024379811804961505
Area: 0.0001548983566810066
CentroidX: 0.6717
CentroidY: 0.2164
