Location: Dz_01-1.png_Otsu.png
Component: component_1744889441458_179.png
centerX: 0.10157194679564692
centerY: 0.34046193327630453
width: 0.02720677146311971
height: 0.02566295979469632
Area: 0.0001742929756310492
CentroidX: 0.1148
CentroidY: 0.3560
