Location: Dz_01-1.png_Otsu.png
Component: component_1744889441556_335.png
centerX: 0.49758162031438935
centerY: 0.6565440547476475
width: 0.02720677146311971
height: 0.023096663815226688
Area: 0.00016084603982568634
CentroidX: 0.5105
CentroidY: 0.6707
