Location: Dz_01-1.png_Otsu.png
Component: component_1744889441495_242.png
centerX: 0.9582829504232164
centerY: 0.48374679213002564
width: 0.02720677146311971
height: 0.02480752780153978
Area: 0.00018230941813040011
CentroidX: 0.9713
CentroidY: 0.4986
