Location: Dz_02-1.png_Mean-Medain.png
Component: component_1744889441185_257.png
centerX: 0.3210399032648126
centerY: 0.4803250641573995
width: 0.024788391777509067
height: 0.023096663815226688
Area: 0.00018670553175907642
CentroidX: 0.3324
CentroidY: 0.4937
