Location: Dz_02-1.png_Mean-Medain.png
Component: component_1744889441138_181.png
centerX: 0.9008464328899637
centerY: 0.3485885372112917
width: 0.02418379685610641
height: 0.024379811804961505
Area: 0.0001841195825657374
CentroidX: 0.9141
CentroidY: 0.3636
