Location: Dz_01-1.png_Otsu.png
Component: component_1744889441441_131.png
centerX: 0.4951632406287787
centerY: 0.2536355859709153
width: 0.02357920193470375
height: 0.023952095808383235
Area: 0.00015696711603567783
CentroidX: 0.5063
CentroidY: 0.2677
