Location: Dz_02-1.png_Mean-Medain.png
Component: component_1744889441203_320.png
centerX: 0.750906892382104
centerY: 0.5825491873396065
width: 0.02418379685610641
height: 0.020958083832335328
Area: 0.00017377578579238137
CentroidX: 0.7623
CentroidY: 0.5950
