Location: Dz_02-1.png_Mean-Medain.png
Component: component_1744889441205_332.png
centerX: 0.17412333736396615
centerY: 0.6103507271171942
width: 0.02720677146311971
height: 0.022668947818648418
Area: 0.00019342899966175785
CentroidX: 0.1875
CentroidY: 0.6235
