Location: Dz_02-1.png_Gaussian-Median.png
Component: component_1744889441355_392.png
centerX: 0.5525997581620314
centerY: 0.7112917023096664
width: 0.030229746070133012
height: 0.021813515825491875
Area: 0.00019136024030708663
CentroidX: 0.5657
CentroidY: 0.7244
