Location: Dz_02-1.png_Mean-Medain.png
Component: component_1744889441233_451.png
centerX: 0.5405078597339782
centerY: 0.8263473053892215
width: 0.03083434099153567
height: 0.026090675791274595
Area: 0.00028859192997663334
CentroidX: 0.5550
CentroidY: 0.8414
