Location: Dz_01-1.png_Otsu.png
Component: component_1744889441430_90.png
centerX: 0.7327690447400241
centerY: 0.1740804106073567
width: 0.022974607013301087
height: 0.022241231822070145
Area: 0.00016032884998701854
CentroidX: 0.7432
CentroidY: 0.1867
