Location: Dz_02-1.png_Gaussian-Median.png
Component: component_1744889441328_261.png
centerX: 0.021160822249093107
centerY: 0.5081266039349872
width: 0.030229746070133012
height: 0.022668947818648418
Area: 0.00017765470958238988
CentroidX: 0.0350
CentroidY: 0.5221
