Location: Dz_01-1.png_Otsu.png
Component: component_1744889441519_296.png
centerX: 0.047762998790810154
centerY: 0.5782720273738238
width: 0.02781136638452237
height: 0.022241231822070145
Area: 0.00015851868555168122
CentroidX: 0.0604
CentroidY: 0.5923
