Location: Dz_01-1.png_Otsu.png
Component: component_1744889441421_53.png
centerX: 0.9087061668681983
centerY: 0.09880239520958084
width: 0.03204353083434099
height: 0.022241231822070145
Area: 0.00019239461998442226
CentroidX: 0.9229
CentroidY: 0.1109
