Location: Dz_01-1.png_Otsu.png
Component: component_1744889441423_61.png
centerX: 0.24425634824667472
centerY: 0.10136869118905047
width: 0.02902055622732769
height: 0.02352437981180496
Area: 0.00019575635393576294
CentroidX: 0.2585
CentroidY: 0.1146
