Location: Dz_02-1.png_Gaussian-Median.png
Component: component_1744889441325_250.png
centerX: 0.5840386940749698
centerY: 0.47775876817792984
width: 0.02599758162031439
height: 0.02352437981180496
Area: 0.00019084305046841883
CentroidX: 0.5961
CentroidY: 0.4917
