Location: Dz_02-1.png_Mean-Medain.png
Component: component_1744889441225_422.png
centerX: 0.9232164449818622
centerY: 0.783147989734816
width: 0.024788391777509067
height: 0.021813515825491875
Area: 0.00014248580055297938
CentroidX: 0.9345
CentroidY: 0.7951
