Location: Dz_02-1.png_Mean-Medain.png
Component: component_1744889441130_158.png
centerX: 0.5278113663845224
centerY: 0.28828058169375537
width: 0.022974607013301087
height: 0.022241231822070145
Area: 0.00017325859595371357
CentroidX: 0.5383
CentroidY: 0.3017
