Location: Dz_02-1.png_Otsu.png
Component: component_1744889440943_218.png
centerX: 0.1735187424425635
centerY: 0.40034217279726264
width: 0.02720677146311971
height: 0.022668947818648418
Area: 0.00016912107724437116
CentroidX: 0.1859
CentroidY: 0.4140
