Location: Dz_02-1.png_Gaussian-Median.png
Component: component_1744889441366_434.png
centerX: 0.42986698911729143
centerY: 0.7959794696321643
width: 0.02599758162031439
height: 0.023096663815226688
Area: 0.00015282959732633542
CentroidX: 0.4428
CentroidY: 0.8095
