Location: Dz_01-1.png_Otsu.png
Component: component_1744889441522_306.png
centerX: 0.7950423216444982
centerY: 0.6107784431137725
width: 0.03143893591293833
height: 0.021813515825491875
Area: 0.00017015545692170676
CentroidX: 0.8096
CentroidY: 0.6236
