Location: Dz_02-1.png_Otsu.png
Component: component_1744889440959_291.png
centerX: 0.533857315598549
centerY: 0.5491873396065012
width: 0.02902055622732769
height: 0.026090675791274595
Area: 0.00017144843151837628
CentroidX: 0.5476
CentroidY: 0.5653
