Location: Dz_02-1.png_Gaussian-Median.png
Component: component_1744889441296_107.png
centerX: 0.8016928657799275
centerY: 0.20273738237810093
width: 0.02720677146311971
height: 0.022241231822070145
Area: 0.00018515396224307303
CentroidX: 0.8137
CentroidY: 0.2157
