Location: Dz_02-1.png_Mean-Medain.png
Component: component_1744889441083_63.png
centerX: 0.7956469165659008
centerY: 0.13045337895637296
width: 0.02539298669891173
height: 0.023952095808383235
Area: 0.00018773991143641202
CentroidX: 0.8080
CentroidY: 0.1450
