Location: Dz_02-1.png_Gaussian-Median.png
Component: component_1744889441316_202.png
centerX: 0.8639661426844014
centerY: 0.39264328485885375
width: 0.02599758162031439
height: 0.023096663815226688
Area: 0.00018748131651707812
CentroidX: 0.8769
CentroidY: 0.4064
