Location: Dz_02-1.png_Otsu.png
Component: component_1744889440960_298.png
centerX: 0.37182587666263606
centerY: 0.5508982035928144
width: 0.02902055622732769
height: 0.023952095808383235
Area: 0.00016343198901902536
CentroidX: 0.3864
CentroidY: 0.5653
