Location: Dz_02-1.png_Mean-Medain.png
Component: component_1744889441223_409.png
centerX: 0.7702539298669892
centerY: 0.7463644140290847
width: 0.030229746070133012
height: 0.02352437981180496
Area: 0.00019136024030708663
CentroidX: 0.7841
CentroidY: 0.7604
