Location: Dz_02-1.png_Otsu.png
Component: component_1744889440951_254.png
centerX: 0.2218863361547763
centerY: 0.47946963216424293
width: 0.02599758162031439
height: 0.02480752780153978
Area: 0.00015774290079367952
CentroidX: 0.2344
CentroidY: 0.4945
