Location: Dz_02-1.png_Otsu.png
Component: component_1744889440907_78.png
centerX: 0.46432889963724305
centerY: 0.13387510692899915
width: 0.022974607013301087
height: 0.024379811804961505
Area: 0.00015696711603567783
CentroidX: 0.4756
CentroidY: 0.1477
