Location: Dz_01-1.png_Otsu.png
Component: component_1744889441560_344.png
centerX: 0.9576783555018138
centerY: 0.6852010265183918
width: 0.02781136638452237
height: 0.023096663815226688
Area: 0.0001755859502277187
CentroidX: 0.9727
CentroidY: 0.6987
