Location: Dz_02-1.png_Mean-Medain.png
Component: component_1744889441174_228.png
centerX: 0.218863361547763
centerY: 0.43627031650983744
width: 0.02720677146311971
height: 0.024379811804961505
Area: 0.00017351719087304747
CentroidX: 0.2316
CentroidY: 0.4515
