Location: Dz_02-1.png_Otsu.png
Component: component_1744889440972_342.png
centerX: 0.49758162031438935
centerY: 0.6146278870829769
width: 0.02357920193470375
height: 0.02352437981180496
Area: 0.00016317339409969146
CentroidX: 0.5080
CentroidY: 0.6284
