Location: Dz_02-1.png_Gaussian-Median.png
Component: component_1744889441317_207.png
centerX: 0.6311970979443773
centerY: 0.3964927288280582
width: 0.03143893591293833
height: 0.026090675791274595
Area: 0.00021618535256314112
CentroidX: 0.6454
CentroidY: 0.4121
