Location: Dz_02-1.png_Otsu.png
Component: component_1744889440972_341.png
centerX: 0.43833131801692865
centerY: 0.6146278870829769
width: 0.02176541717049577
height: 0.020530367835757058
Area: 0.00014093423103697596
CentroidX: 0.4482
CentroidY: 0.6265
