Location: Dz_01-1.png_Otsu.png
Component: component_1744889441489_230.png
centerX: 0.5538089480048367
centerY: 0.4576561163387511
width: 0.02720677146311971
height: 0.02352437981180496
Area: 0.00016575934329303045
CentroidX: 0.5663
CentroidY: 0.4713
