Location: Dz_02-1.png_Mean-Medain.png
Component: component_1744889441041_7.png
centerX: 0.26118500604594924
centerY: 0.01283147989734816
width: 0.02902055622732769
height: 0.02480752780153978
Area: 0.00020351420151578
CentroidX: 0.2745
CentroidY: 0.0275
