Location: Dz_01-1.png_Otsu.png
Component: component_1744889441424_67.png
centerX: 0.48851269649334944
centerY: 0.1364414029084688
width: 0.026602176541717048
height: 0.02352437981180496
Area: 0.00016886248232503726
CentroidX: 0.5010
CentroidY: 0.1505
