Location: Dz_02-1.png_Gaussian-Median.png
Component: component_1744889441315_196.png
centerX: 0.07073760580411124
centerY: 0.36227544910179643
width: 0.02599758162031439
height: 0.02480752780153978
Area: 0.00018205082321106622
CentroidX: 0.0837
CentroidY: 0.3774
