Location: Dz_02-1.png_Gaussian-Median.png
Component: component_1744889441336_300.png
centerX: 0.7327690447400241
centerY: 0.5513259195893926
width: 0.02418379685610641
height: 0.022668947818648418
Area: 0.0001812750384530645
CentroidX: 0.7450
CentroidY: 0.5652
