Location: Dz_01-1.png_Otsu.png
Component: component_1744889441473_203.png
centerX: 0.8802902055622733
centerY: 0.4059024807527802
width: 0.028415961305925032
height: 0.02694610778443114
Area: 0.0001807578486143967
CentroidX: 0.8940
CentroidY: 0.4228
