Location: Dz_01-1.png_Otsu.png
Component: component_1744889441457_176.png
centerX: 0.250906892382104
centerY: 0.33875106928999144
width: 0.02902055622732769
height: 0.023952095808383235
Area: 0.000174810165469717
CentroidX: 0.2646
CentroidY: 0.3525
