Location: Dz_02-1.png_Gaussian-Median.png
Component: component_1744889441292_92.png
centerX: 0.5652962515114873
centerY: 0.16894781864841746
width: 0.02418379685610641
height: 0.024379811804961505
Area: 0.00018618834192040863
CentroidX: 0.5770
CentroidY: 0.1836
