Location: Dz_01-1.png_Otsu.png
Component: component_1744889441481_219.png
centerX: 0.11064087061668681
centerY: 0.4195893926432849
width: 0.02539298669891173
height: 0.02737382378100941
Area: 0.0001755859502277187
CentroidX: 0.1230
CentroidY: 0.4363
