Location: Dz_01-1.png_Otsu.png
Component: component_1744889441478_216.png
centerX: 0.1608222490931076
centerY: 0.4187339606501283
width: 0.026602176541717048
height: 0.02480752780153978
Area: 0.00017325859595371357
CentroidX: 0.1745
CentroidY: 0.4342
