Location: Dz_02-1.png_Gaussian-Median.png
Component: component_1744889441373_465.png
centerX: 0.8694074969770254
centerY: 0.8498716852010265
width: 0.02962515114873035
height: 0.02523524379811805
Area: 0.00026635276691391787
CentroidX: 0.8831
CentroidY: 0.8651
