Location: Dz_02-1.png_Gaussian-Median.png
Component: component_1744889441363_420.png
centerX: 0.06408706166868199
centerY: 0.7617621899059025
width: 0.028415961305925032
height: 0.02480752780153978
Area: 0.00020273841675777827
CentroidX: 0.0776
CentroidY: 0.7766
