Location: Dz_02-1.png_Otsu.png
Component: component_1744889440955_271.png
centerX: 0.11487303506650544
centerY: 0.5158254918733961
width: 0.028415961305925032
height: 0.021813515825491875
Area: 0.00016188041950302194
CentroidX: 0.1285
CentroidY: 0.5285
