Location: Dz_01-1.png_Otsu.png
Component: component_1744889441499_252.png
centerX: 0.4655380894800484
centerY: 0.4974337040205304
width: 0.026602176541717048
height: 0.024379811804961505
Area: 0.00016989686200237286
CentroidX: 0.4790
CentroidY: 0.5122
