Location: Dz_02-1.png_Otsu.png
Component: component_1744889440940_202.png
centerX: 0.9480048367593712
centerY: 0.39221556886227543
width: 0.022974607013301087
height: 0.0213857998289136
Area: 0.0001515366227296659
CentroidX: 0.9587
CentroidY: 0.4044
