Location: Dz_02-1.png_Otsu.png
Component: component_1744889441010_500.png
centerX: 0.20012091898428053
centerY: 0.9123182207014542
width: 0.02720677146311971
height: 0.01924721984602224
Area: 0.00013576233265029795
CentroidX: 0.2141
CentroidY: 0.9243
