Location: Dz_01-1.png_Otsu.png
Component: component_1744889441440_128.png
centerX: 0.9141475211608222
centerY: 0.25278015397775877
width: 0.026602176541717048
height: 0.023096663815226688
Area: 0.00017687892482438818
CentroidX: 0.9269
CentroidY: 0.2661
