Location: Dz_02-1.png_Mean-Medain.png
Component: component_1744889441080_59.png
centerX: 0.4619105199516324
centerY: 0.0979469632164243
width: 0.02599758162031439
height: 0.0213857998289136
Area: 0.00016860388740570336
CentroidX: 0.4734
CentroidY: 0.1101
