Location: Dz_02-1.png_Gaussian-Median.png
Component: component_1744889441380_486.png
centerX: 0.8343409915356711
centerY: 0.8887938408896493
width: 0.02539298669891173
height: 0.02523524379811805
Area: 0.0001556741414390083
CentroidX: 0.8461
CentroidY: 0.9041
