Location: Dz_02-1.png_Gaussian-Median.png
Component: component_1744889441336_299.png
centerX: 0.6807738814993954
centerY: 0.5504704875962361
width: 0.02720677146311971
height: 0.02480752780153978
Area: 0.00020144544216110877
CentroidX: 0.6942
CentroidY: 0.5652
