Location: Dz_02-1.png_Mean-Medain.png
Component: component_1744889441209_351.png
centerX: 0.2309552599758162
centerY: 0.6445680068434559
width: 0.02418379685610641
height: 0.02352437981180496
Area: 0.0001830852028884018
CentroidX: 0.2429
CentroidY: 0.6590
