Location: Dz_02-1.png_Otsu.png
Component: component_1744889441010_499.png
centerX: 0.10822249093107618
centerY: 0.911890504704876
width: 0.028415961305925032
height: 0.022668947818648418
Area: 0.0001455889395849862
CentroidX: 0.1224
CentroidY: 0.9256
