Location: Dz_02-1.png_Mean-Medain.png
Component: component_1744889441182_245.png
centerX: 0.8270858524788391
centerY: 0.4743370402053037
width: 0.02599758162031439
height: 0.023952095808383235
Area: 0.00019730792345176636
CentroidX: 0.8395
CentroidY: 0.4890
