Location: Dz_02-1.png_Otsu.png
Component: component_1744889440934_170.png
centerX: 0.02418379685610641
centerY: 0.32078699743370404
width: 0.02599758162031439
height: 0.02523524379811805
Area: 0.00016498355853502875
CentroidX: 0.0367
CentroidY: 0.3360
