Location: Dz_02-1.png_Mean-Medain.png
Component: component_1744889441156_204.png
centerX: 0.7363966142684402
centerY: 0.3947818648417451
width: 0.02720677146311971
height: 0.024379811804961505
Area: 0.00020222122691911047
CentroidX: 0.7499
CentroidY: 0.4096
