Location: Dz_02-1.png_Otsu.png
Component: component_1744889440914_101.png
centerX: 0.1656590084643289
centerY: 0.17322497861420016
width: 0.02539298669891173
height: 0.020102651839178785
Area: 0.00015308819224566932
CentroidX: 0.1782
CentroidY: 0.1848
