Location: Dz_01-1.png_Otsu.png
Component: component_1744889441471_196.png
centerX: 0.060459492140266025
centerY: 0.378956372968349
width: 0.026602176541717048
height: 0.026090675791274595
Area: 0.00017325859595371357
CentroidX: 0.0727
CentroidY: 0.3952
