Location: Dz_02-1.png_Otsu.png
Component: component_1744889440941_209.png
centerX: 0.585247883917775
centerY: 0.3973481608212147
width: 0.02962515114873035
height: 0.023952095808383235
Area: 0.00017041405184104068
CentroidX: 0.5983
CentroidY: 0.4120
