Location: Dz_02-1.png_Gaussian-Median.png
Component: component_1744889441329_264.png
centerX: 0.7823458282950423
centerY: 0.5145423438836613
width: 0.026602176541717048
height: 0.023096663815226688
Area: 0.00018748131651707812
CentroidX: 0.7943
CentroidY: 0.5283
