Location: Dz_02-1.png_Mean-Medain.png
Component: component_1744889441091_87.png
centerX: 0.6148730350665055
centerY: 0.16766467065868262
width: 0.02418379685610641
height: 0.02523524379811805
Area: 0.00018903288603308154
CentroidX: 0.6261
CentroidY: 0.1825
