Location: Dz_02-1.png_Otsu.png
Component: component_1744889440936_185.png
centerX: 0.8597339782345829
centerY: 0.35201026518391787
width: 0.02599758162031439
height: 0.022241231822070145
Area: 0.0001556741414390083
CentroidX: 0.8720
CentroidY: 0.3650
