Location: Dz_02-1.png_Gaussian-Median.png
Component: component_1744889441269_4.png
centerX: 0.17049576783555018
centerY: 0.011548331907613344
width: 0.028415961305925032
height: 0.02566295979469632
Area: 0.00021747832715981062
CentroidX: 0.1834
CentroidY: 0.0269
