Location: Dz_01-1.png_Otsu.png
Component: component_1744889441476_209.png
centerX: 0.6983071342200725
centerY: 0.41231822070145424
width: 0.02539298669891173
height: 0.023096663815226688
Area: 0.00015903587539034902
CentroidX: 0.7092
CentroidY: 0.4258
