Location: Dz_02-1.png_Mean-Medain.png
Component: component_1744889441113_135.png
centerX: 0.4183796856106409
centerY: 0.24636441402908468
width: 0.026602176541717048
height: 0.023096663815226688
Area: 0.00018644693683974253
CentroidX: 0.4310
CentroidY: 0.2597
