Location: Dz_02-1.png_Gaussian-Median.png
Component: component_1744889441272_16.png
centerX: 0.7388149939540508
centerY: 0.01454234388366125
width: 0.02599758162031439
height: 0.02480752780153978
Area: 0.0001807578486143967
CentroidX: 0.7500
CentroidY: 0.0293
