Location: Dz_02-1.png_Mean-Medain.png
Component: component_1744889441097_98.png
centerX: 0.309552599758162
centerY: 0.17065868263473055
width: 0.022974607013301087
height: 0.023096663815226688
Area: 0.0001750687603890509
CentroidX: 0.3211
CentroidY: 0.1843
