Location: Dz_02-1.png_Otsu.png
Component: component_1744889440977_366.png
centerX: 0.6559854897218863
centerY: 0.676218990590248
width: 0.02720677146311971
height: 0.022241231822070145
Area: 0.00016032884998701854
CentroidX: 0.6681
CentroidY: 0.6893
