Location: Dz_01-1.png_Otsu.png
Component: component_1744889441424_68.png
centerX: 0.7666263603385731
centerY: 0.1360136869118905
width: 0.02902055622732769
height: 0.02480752780153978
Area: 0.00017351719087304747
CentroidX: 0.7805
CentroidY: 0.1506
