Location: Dz_02-1.png_Gaussian-Median.png
Component: component_1744889441370_452.png
centerX: 0.4286577992744861
centerY: 0.8293413173652695
width: 0.02962515114873035
height: 0.026518391787852865
Area: 0.0003015216759433284
CentroidX: 0.4430
CentroidY: 0.8454
