Location: Dz_01-1.png_Otsu.png
Component: component_1744889441596_471.png
centerX: 0.07859733978234583
centerY: 0.9157399486740804
width: 0.028415961305925032
height: 0.02523524379811805
Area: 0.00017248281119571187
CentroidX: 0.0923
CentroidY: 0.9309
