Location: Dz_01-1.png_Otsu.png
Component: component_1744889441423_64.png
centerX: 0.6408706166868199
centerY: 0.1347305389221557
width: 0.02418379685610641
height: 0.024379811804961505
Area: 0.00016239760934168973
CentroidX: 0.6521
CentroidY: 0.1498
