Location: Dz_02-1.png_Gaussian-Median.png
Component: component_1744889441272_15.png
centerX: 0.6420798065296252
centerY: 0.01454234388366125
width: 0.02418379685610641
height: 0.02480752780153978
Area: 0.0001830852028884018
CentroidX: 0.6536
CentroidY: 0.0295
