Location: Dz_02-1.png_Mean-Medain.png
Component: component_1744889441240_492.png
centerX: 0.5399032648125756
centerY: 0.8994867408041061
width: 0.02539298669891173
height: 0.023952095808383235
Area: 0.00017041405184104068
CentroidX: 0.5516
CentroidY: 0.9135
