Location: Dz_02-1.png_Mean-Medain.png
Component: component_1744889441155_199.png
centerX: 0.31983071342200725
centerY: 0.36227544910179643
width: 0.024788391777509067
height: 0.02523524379811805
Area: 0.0001784304943403916
CentroidX: 0.3311
CentroidY: 0.3774
