Location: Dz_02-1.png_Gaussian-Median.png
Component: component_1744889441341_328.png
centerX: 0.016928657799274487
centerY: 0.6073567151411463
width: 0.026602176541717048
height: 0.026090675791274595
Area: 0.00019161883522642053
CentroidX: 0.0285
CentroidY: 0.6227
