Location: Dz_01-1.png_Otsu.png
Component: component_1744889441523_313.png
centerX: 0.501813784764208
centerY: 0.6176218990590248
width: 0.02539298669891173
height: 0.0213857998289136
Area: 0.00014817488877832518
CentroidX: 0.5134
CentroidY: 0.6303
