Location: Dz_02-1.png_Gaussian-Median.png
Component: component_1744889441334_290.png
centerX: 0.27690447400241835
centerY: 0.5496150556030795
width: 0.02357920193470375
height: 0.021813515825491875
Area: 0.0001745515705503831
CentroidX: 0.2883
CentroidY: 0.5624
