Location: Dz_02-1.png_Mean-Medain.png
Component: component_1744889441091_89.png
centerX: 0.8446191051995163
centerY: 0.1680923866552609
width: 0.02176541717049577
height: 0.023952095808383235
Area: 0.00017636173498572038
CentroidX: 0.8544
CentroidY: 0.1820
