Location: Dz_02-1.png_Otsu.png
Component: component_1744889440896_25.png
centerX: 0.21825876662636035
centerY: 0.05645851154833191
width: 0.02418379685610641
height: 0.023096663815226688
Area: 0.00016524215345436265
CentroidX: 0.2290
CentroidY: 0.0703
