Location: Dz_02-1.png_Mean-Medain.png
Component: component_1744889441184_253.png
centerX: 0.2218863361547763
centerY: 0.47946963216424293
width: 0.02599758162031439
height: 0.02480752780153978
Area: 0.00019265321490375615
CentroidX: 0.2345
CentroidY: 0.4942
