Location: Dz_02-1.png_Gaussian-Median.png
Component: component_1744889441359_406.png
centerX: 0.33373639661426846
centerY: 0.7433704020530368
width: 0.026602176541717048
height: 0.027801539777587682
Area: 0.0002676457415105874
CentroidX: 0.3450
CentroidY: 0.7593
