Location: Dz_02-1.png_Otsu.png
Component: component_1744889440974_355.png
centerX: 0.38694074969770254
centerY: 0.6454234388366125
width: 0.02357920193470375
height: 0.023952095808383235
Area: 0.0001494678633749947
CentroidX: 0.3986
CentroidY: 0.6601
