Location: Dz_02-1.png_Otsu.png
Component: component_1744889440967_318.png
centerX: 0.5937122128174124
centerY: 0.58169375534645
width: 0.026602176541717048
height: 0.020530367835757058
Area: 0.0001502436481329964
CentroidX: 0.6054
CentroidY: 0.5943
