Location: Dz_02-1.png_Gaussian-Median.png
Component: component_1744889441362_416.png
centerX: 0.22853688029020555
centerY: 0.7583404619332763
width: 0.02539298669891173
height: 0.02480752780153978
Area: 0.00020015246756443928
CentroidX: 0.2409
CentroidY: 0.7732
