Location: Dz_02-1.png_Mean-Medain.png
Component: component_1744889441113_134.png
centerX: 0.31680773881499397
centerY: 0.24679213002566297
width: 0.02599758162031439
height: 0.022241231822070145
Area: 0.0001755859502277187
CentroidX: 0.3291
CentroidY: 0.2600
