Location: Dz_02-1.png_Mean-Medain.png
Component: component_1744889441078_56.png
centerX: 0.40931076178960096
centerY: 0.09709153122326775
width: 0.02418379685610641
height: 0.022668947818648418
Area: 0.00017222421627637797
CentroidX: 0.4205
CentroidY: 0.1102
