Location: Dz_02-1.png_Otsu.png
Component: component_1744889440924_155.png
centerX: 0.5689238210399032
centerY: 0.28785286569717705
width: 0.026602176541717048
height: 0.021813515825491875
Area: 0.0001548983566810066
CentroidX: 0.5812
CentroidY: 0.3005
