Location: Dz_02-1.png_Gaussian-Median.png
Component: component_1744889441352_377.png
centerX: 0.33615477629987905
centerY: 0.6813515825491874
width: 0.022974607013301087
height: 0.019674935842600515
Area: 0.00016937967216370506
CentroidX: 0.3474
CentroidY: 0.6930
