Location: Dz_01-1.png_Otsu.png
Component: component_1744889441431_95.png
centerX: 0.6807738814993954
centerY: 0.17493584260051326
width: 0.02720677146311971
height: 0.022241231822070145
Area: 0.0001753273553083848
CentroidX: 0.6930
CentroidY: 0.1881
