Location: Dz_02-1.png_Gaussian-Median.png
Component: component_1744889441288_73.png
centerX: 0.22067714631197097
centerY: 0.1330196749358426
width: 0.02599758162031439
height: 0.021813515825491875
Area: 0.000179982063856395
CentroidX: 0.2331
CentroidY: 0.1466
