Location: Dz_02-1.png_Mean-Medain.png
Component: component_1744889441042_10.png
centerX: 0.6964933494558646
centerY: 0.01283147989734816
width: 0.024788391777509067
height: 0.02480752780153978
Area: 0.00019239461998442226
CentroidX: 0.7084
CentroidY: 0.0279
