Location: Dz_01-1.png_Otsu.png
Component: component_1744889441410_7.png
centerX: 0.7243047158403869
centerY: 0.013259195893926433
width: 0.026602176541717048
height: 0.026090675791274595
Area: 0.0002117892389344648
CentroidX: 0.7381
CentroidY: 0.0287
