Location: Dz_01-1.png_Otsu.png
Component: component_1744889441597_475.png
centerX: 0.23035066505441354
centerY: 0.9174508126603935
width: 0.02599758162031439
height: 0.023096663815226688
Area: 0.00016213901442235583
CentroidX: 0.2426
CentroidY: 0.9318
