Location: Dz_01-1.png_Otsu.png
Component: component_1744889441476_211.png
centerX: 0.5525997581620314
centerY: 0.4153122326775021
width: 0.028415961305925032
height: 0.022668947818648418
Area: 0.00016265620426102363
CentroidX: 0.5655
CentroidY: 0.4286
