Location: Dz_02-1.png_Otsu.png
Component: component_1744889440986_417.png
centerX: 0.3766626360338573
centerY: 0.757912745936698
width: 0.026602176541717048
height: 0.022668947818648418
Area: 0.00018567115208174083
CentroidX: 0.3895
CentroidY: 0.7718
