Location: Dz_01-1.png_Otsu.png
Component: component_1744889441582_413.png
centerX: 0.1293833131801693
centerY: 0.7976903336184773
width: 0.02781136638452237
height: 0.02523524379811805
Area: 0.00016679372297036607
CentroidX: 0.1428
CentroidY: 0.8128
