Location: Dz_02-1.png_Otsu.png
Component: component_1744889440939_196.png
centerX: 0.07073760580411124
centerY: 0.36227544910179643
width: 0.02599758162031439
height: 0.02480752780153978
Area: 0.00015670852111634393
CentroidX: 0.0836
CentroidY: 0.3774
