Location: Dz_01-1.png_Otsu.png
Component: component_1744889441425_71.png
centerX: 0.2920193470374849
centerY: 0.1372968349016253
width: 0.03143893591293833
height: 0.021813515825491875
Area: 0.00016705231788969997
CentroidX: 0.3081
CentroidY: 0.1502
