Location: Dz_02-1.png_Mean-Medain.png
Component: component_1744889441077_50.png
centerX: 0.1626360338573156
centerY: 0.09580838323353294
width: 0.02357920193470375
height: 0.022241231822070145
Area: 0.0001753273553083848
CentroidX: 0.1741
CentroidY: 0.1090
