Location: Dz_01-1.png_Otsu.png
Component: component_1744889441443_139.png
centerX: 0.3948004836759371
centerY: 0.25449101796407186
width: 0.02781136638452237
height: 0.026518391787852865
Area: 0.0001750687603890509
CentroidX: 0.4066
CentroidY: 0.2697
