Location: Dz_01-1.png_Otsu.png
Component: component_1744889441456_172.png
centerX: 0.05804111245465538
centerY: 0.3383233532934132
width: 0.02902055622732769
height: 0.026518391787852865
Area: 0.0001804992536950628
CentroidX: 0.0723
CentroidY: 0.3543
