Location: Dz_02-1.png_Otsu.png
Component: component_1744889440902_52.png
centerX: 0.5574365175332527
centerY: 0.0962360992301112
width: 0.021160822249093107
height: 0.020958083832335328
Area: 0.00013317638345695893
CentroidX: 0.5678
CentroidY: 0.1083
