Location: Dz_02-1.png_Mean-Medain.png
Component: component_1744889441230_439.png
centerX: 0.17049576783555018
centerY: 0.8006843455945253
width: 0.030229746070133012
height: 0.0213857998289136
Area: 0.00016213901442235583
CentroidX: 0.1843
CentroidY: 0.8130
