Location: Dz_02-1.png_Mean-Medain.png
Component: component_1744889441076_49.png
centerX: 0.9286577992744861
centerY: 0.09538066723695467
width: 0.024788391777509067
height: 0.023096663815226688
Area: 0.00019679073361309856
CentroidX: 0.9411
CentroidY: 0.1086
