Location: Dz_01-1.png_Otsu.png
Component: component_1744889441520_299.png
centerX: 0.09492140266021766
centerY: 0.5791274593669803
width: 0.030229746070133012
height: 0.023952095808383235
Area: 0.00016317339409969146
CentroidX: 0.1102
CentroidY: 0.5936
