Location: Dz_02-1.png_Gaussian-Median.png
Component: component_1744889441384_504.png
centerX: 0.02418379685610641
centerY: 0.9482463644140291
width: 0.026602176541717048
height: 0.028229255774165955
Area: 0.0002076517202251224
CentroidX: 0.0358
CentroidY: 0.9653
