Location: Dz_01-1.png_Otsu.png
Component: component_1744889441455_171.png
centerX: 0.6378476420798065
centerY: 0.3361847733105218
width: 0.026602176541717048
height: 0.02480752780153978
Area: 0.00016472496361569485
CentroidX: 0.6515
CentroidY: 0.3509
