Location: Dz_02-1.png_Otsu.png
Component: component_1744889440952_260.png
centerX: 0.42503022974607013
centerY: 0.481180496150556
width: 0.02902055622732769
height: 0.023952095808383235
Area: 0.00016472496361569485
CentroidX: 0.4379
CentroidY: 0.4956
