Location: Dz_02-1.png_Otsu.png
Component: component_1744889440922_143.png
centerX: 0.02720677146311971
centerY: 0.2822925577416595
width: 0.02599758162031439
height: 0.02480752780153978
Area: 0.00015929447030968292
CentroidX: 0.0392
CentroidY: 0.2983
