Location: Dz_02-1.png_Otsu.png
Component: component_1744889440982_395.png
centerX: 0.43833131801692865
centerY: 0.713857998289136
width: 0.030229746070133012
height: 0.022668947818648418
Area: 0.00015774290079367952
CentroidX: 0.4530
CentroidY: 0.7276
