Location: Dz_02-1.png_Gaussian-Median.png
Component: component_1744889441367_437.png
centerX: 0.2267230955259976
centerY: 0.7998289136013687
width: 0.02720677146311971
height: 0.02480752780153978
Area: 0.00018153363337239842
CentroidX: 0.2395
CentroidY: 0.8144
