Location: Dz_02-1.png_Gaussian-Median.png
Component: component_1744889441287_69.png
centerX: 0.6118500604594922
centerY: 0.13216424294268606
width: 0.022974607013301087
height: 0.02352437981180496
Area: 0.00017687892482438818
CentroidX: 0.6228
CentroidY: 0.1456
