Location: Dz_02-1.png_Otsu.png
Component: component_1744889441007_483.png
centerX: 0.10701330108827085
centerY: 0.874251497005988
width: 0.02902055622732769
height: 0.026090675791274595
Area: 0.0002443721987705363
CentroidX: 0.1214
CentroidY: 0.8900
