Location: Dz_02-1.png_Mean-Medain.png
Component: component_1744889441239_484.png
centerX: 0.9522370012091899
centerY: 0.8862275449101796
width: 0.028415961305925032
height: 0.026090675791274595
Area: 0.0001792062790983933
CentroidX: 0.9656
CentroidY: 0.9018
