Location: Dz_01-1.png_Otsu.png
Component: component_1744889441505_262.png
centerX: 0.9600967351874244
centerY: 0.5260906757912746
width: 0.02902055622732769
height: 0.02523524379811805
Area: 0.00018955007587174934
CentroidX: 0.9730
CentroidY: 0.5403
