Location: Dz_01-1.png_Otsu.png
Component: component_1744889441436_113.png
centerX: 0.44316807738814995
centerY: 0.21214713430282292
width: 0.026602176541717048
height: 0.024379811804961505
Area: 0.00016110463474502024
CentroidX: 0.4553
CentroidY: 0.2266
