Location: Dz_02-1.png_Gaussian-Median.png
Component: component_1744889441313_185.png
centerX: 0.7787182587666264
centerY: 0.3532934131736527
width: 0.02599758162031439
height: 0.023096663815226688
Area: 0.0001841195825657374
CentroidX: 0.7911
CentroidY: 0.3672
