Location: Dz_02-1.png_Otsu.png
Component: component_1744889440939_200.png
centerX: 0.2672309552599758
centerY: 0.3627031650983747
width: 0.02599758162031439
height: 0.024379811804961505
Area: 0.00015722571095501173
CentroidX: 0.2797
CentroidY: 0.3778
