Location: Dz_02-1.png_Otsu.png
Component: component_1744889440947_237.png
centerX: 0.3730350665054414
centerY: 0.4388366124893071
width: 0.02902055622732769
height: 0.024379811804961505
Area: 0.00016007025506768464
CentroidX: 0.3864
CentroidY: 0.4533
