Location: Dz_02-1.png_Mean-Medain.png
Component: component_1744889441219_394.png
centerX: 0.38331318016928656
centerY: 0.713857998289136
width: 0.028415961305925032
height: 0.02480752780153978
Area: 0.00019937668280643755
CentroidX: 0.3959
CentroidY: 0.7285
