Location: Dz_02-1.png_Otsu.png
Component: component_1744889440904_62.png
centerX: 0.7043530834340992
centerY: 0.12959794696321641
width: 0.02357920193470375
height: 0.02523524379811805
Area: 0.00016446636869636095
CentroidX: 0.7154
CentroidY: 0.1451
