Location: Dz_01-1.png_Otsu.png
Component: component_1744889441574_390.png
centerX: 0.6045949214026602
centerY: 0.7566295979469632
width: 0.02720677146311971
height: 0.024379811804961505
Area: 0.0001499850532136625
CentroidX: 0.6157
CentroidY: 0.7714
