Location: Dz_01-1.png_Otsu.png
Component: component_1744889441597_476.png
centerX: 0.5918984280532044
centerY: 0.9170230966638152
width: 0.02902055622732769
height: 0.026518391787852865
Area: 0.000179982063856395
CentroidX: 0.6060
CentroidY: 0.9330
