Location: Dz_02-1.png_Otsu.png
Component: component_1744889440943_219.png
centerX: 0.22128174123337363
centerY: 0.4007698887938409
width: 0.02902055622732769
height: 0.022241231822070145
Area: 0.00016032884998701854
CentroidX: 0.2345
CentroidY: 0.4144
