Location: Dz_02-1.png_Mean-Medain.png
Component: component_1744889441121_150.png
centerX: 0.6154776299879081
centerY: 0.286142001710864
width: 0.02418379685610641
height: 0.022241231822070145
Area: 0.0001833437978077357
CentroidX: 0.6268
CentroidY: 0.2989
