Location: Dz_02-1.png_Gaussian-Median.png
Component: component_1744889441350_367.png
centerX: 0.6553808948004837
centerY: 0.676218990590248
width: 0.02781136638452237
height: 0.022241231822070145
Area: 0.0001836023927270696
CentroidX: 0.6681
CentroidY: 0.6893
