Location: Dz_02-1.png_Otsu.png
Component: component_1744889441008_488.png
centerX: 0.747279322853688
centerY: 0.8896492728828058
width: 0.02720677146311971
height: 0.02694610778443114
Area: 0.00013886547168230477
CentroidX: 0.7598
CentroidY: 0.9057
