Location: Dz_02-1.png_Mean-Medain.png
Component: component_1744889441200_306.png
centerX: 0.1094316807738815
centerY: 0.5774165953806673
width: 0.026602176541717048
height: 0.0213857998289136
Area: 0.0001812750384530645
CentroidX: 0.1225
CentroidY: 0.5906
