Location: Dz_02-1.png_Gaussian-Median.png
Component: component_1744889441278_36.png
centerX: 0.9274486094316807
centerY: 0.05945252352437981
width: 0.024788391777509067
height: 0.02352437981180496
Area: 0.00019239461998442226
CentroidX: 0.9400
CentroidY: 0.0729
