Location: Dz_02-1.png_Otsu.png
Component: component_1744889441008_489.png
centerX: 0.8766626360338573
centerY: 0.8905047048759623
width: 0.021160822249093107
height: 0.022241231822070145
Area: 0.00011171300515224517
CentroidX: 0.8860
CentroidY: 0.9032
