Location: Dz_01-1.png_Otsu.png
Component: component_1744889441437_114.png
centerX: 0.4873035066505441
centerY: 0.21214713430282292
width: 0.028415961305925032
height: 0.02480752780153978
Area: 0.00016912107724437116
CentroidX: 0.5016
CentroidY: 0.2274
