Location: Dz_01-1.png_Otsu.png
Component: component_1744889441410_8.png
centerX: 0.14510278113663846
centerY: 0.014114627887082978
width: 0.02781136638452237
height: 0.026090675791274595
Area: 0.0002094618846604597
CentroidX: 0.1587
CentroidY: 0.0291
