Location: Dz_01-1.png_Otsu.png
Component: component_1744889441577_400.png
centerX: 0.1795646916565901
centerY: 0.7664670658682635
width: 0.02962515114873035
height: 0.022668947818648418
Area: 0.00016058744490635244
CentroidX: 0.1925
CentroidY: 0.7797
