Location: Dz_02-1.png_Otsu.png
Component: component_1744889440926_165.png
centerX: 0.8282950423216445
centerY: 0.31565440547476475
width: 0.022974607013301087
height: 0.022668947818648418
Area: 0.00015722571095501173
CentroidX: 0.8384
CentroidY: 0.3291
