Location: Dz_02-1.png_Otsu.png
Component: component_1744889440894_17.png
centerX: 0.8337363966142685
centerY: 0.01454234388366125
width: 0.02599758162031439
height: 0.02352437981180496
Area: 0.0001551569516003405
CentroidX: 0.8461
CentroidY: 0.0286
