Location: Dz_02-1.png_Otsu.png
Component: component_1744889440926_164.png
centerX: 0.9050785973397824
centerY: 0.31479897348160824
width: 0.020556227327690448
height: 0.020102651839178785
Area: 0.00013757249708563527
CentroidX: 0.9143
CentroidY: 0.3263
