Location: Dz_02-1.png_Mean-Medain.png
Component: component_1744889441232_446.png
centerX: 0.8282950423216445
centerY: 0.820786997433704
width: 0.02902055622732769
height: 0.023096663815226688
Area: 0.0002653183872365823
CentroidX: 0.8422
CentroidY: 0.8336
