Location: Dz_02-1.png_Otsu.png
Component: component_1744889440987_421.png
centerX: 0.1735187424425635
centerY: 0.7617621899059025
width: 0.02902055622732769
height: 0.023952095808383235
Area: 0.00017093124167970848
CentroidX: 0.1869
CentroidY: 0.7765
