Location: Dz_02-1.png_Mean-Medain.png
Component: component_1744889441189_270.png
centerX: 0.3724304715840387
centerY: 0.5158254918733961
width: 0.02539298669891173
height: 0.022241231822070145
Area: 0.00017636173498572038
CentroidX: 0.3845
CentroidY: 0.5291
