Location: Dz_02-1.png_Mean-Medain.png
Component: component_1744889441082_62.png
centerX: 0.7496977025392987
centerY: 0.13045337895637296
width: 0.02599758162031439
height: 0.02480752780153978
Area: 0.00019368759458109175
CentroidX: 0.7622
CentroidY: 0.1453
