Location: Dz_01-1.png_Otsu.png
Component: component_1744889441593_457.png
centerX: 0.12636033857315598
centerY: 0.8751069289991446
width: 0.02781136638452237
height: 0.023952095808383235
Area: 0.00017351719087304747
CentroidX: 0.1402
CentroidY: 0.8897
