Location: Dz_02-1.png_Mean-Medain.png
Component: component_1744889441219_391.png
centerX: 0.6088270858524788
centerY: 0.7087254063301968
width: 0.02902055622732769
height: 0.021813515825491875
Area: 0.00019084305046841883
CentroidX: 0.6225
CentroidY: 0.7216
