Location: Dz_01-1.png_Otsu.png
Component: component_1744889441562_350.png
centerX: 0.4407496977025393
centerY: 0.693327630453379
width: 0.030229746070133012
height: 0.023952095808383235
Area: 0.00016136322966435414
CentroidX: 0.4543
CentroidY: 0.7075
