Location: Dz_02-1.png_Otsu.png
Component: component_1744889441011_503.png
centerX: 0.058645707376058044
centerY: 0.913601368691189
width: 0.02902055622732769
height: 0.023096663815226688
Area: 0.00015748430587434563
CentroidX: 0.0731
CentroidY: 0.9275
