Location: Dz_02-1.png_Gaussian-Median.png
Component: component_1744889441353_383.png
centerX: 0.9298669891172914
centerY: 0.6988879384088965
width: 0.02418379685610641
height: 0.022668947818648418
Area: 0.0001848953673237391
CentroidX: 0.9400
CentroidY: 0.7116
