Location: Dz_02-1.png_Gaussian-Median.png
Component: component_1744889441286_64.png
centerX: 0.6535671100362757
centerY: 0.1313088109495295
width: 0.02599758162031439
height: 0.021813515825491875
Area: 0.0001812750384530645
CentroidX: 0.6662
CentroidY: 0.1443
