Location: Dz_02-1.png_Otsu.png
Component: component_1744889440905_67.png
centerX: 0.6124546553808948
centerY: 0.13216424294268606
width: 0.02176541717049577
height: 0.023096663815226688
Area: 0.0001505022430523303
CentroidX: 0.6229
CentroidY: 0.1456
