Location: Dz_02-1.png_Otsu.png
Component: component_1744889440991_445.png
centerX: 0.9111245465538089
centerY: 0.8186484174508126
width: 0.026602176541717048
height: 0.022668947818648418
Area: 0.00024385500893186853
CentroidX: 0.9236
CentroidY: 0.8315
