Location: Dz_01-1.png_Otsu.png
Component: component_1744889441524_315.png
centerX: 0.09794437726723096
centerY: 0.6189050470487596
width: 0.030229746070133012
height: 0.02480752780153978
Area: 0.0001810164435337306
CentroidX: 0.1109
CentroidY: 0.6338
