Location: Dz_02-1.png_Otsu.png
Component: component_1744889440975_357.png
centerX: 0.4419588875453446
centerY: 0.646278870829769
width: 0.024788391777509067
height: 0.023952095808383235
Area: 0.00016808669756703556
CentroidX: 0.4533
CentroidY: 0.6608
