Location: Dz_02-1.png_Otsu.png
Component: component_1744889440976_364.png
centerX: 0.9673518742442564
centerY: 0.6719418306244653
width: 0.018137847642079808
height: 0.020958083832335328
Area: 0.00013421076313429456
CentroidX: 0.9772
CentroidY: 0.6849
