Location: Dz_02-1.png_Gaussian-Median.png
Component: component_1744889441272_14.png
centerX: 0.6051995163240629
centerY: 0.014970059880239521
width: 0.024788391777509067
height: 0.023952095808383235
Area: 0.0001836023927270696
CentroidX: 0.6162
CentroidY: 0.0295
