Location: Dz_01-1.png_Otsu.png
Component: component_1744889441432_100.png
centerX: 0.24244256348246676
centerY: 0.17664670658682635
width: 0.02599758162031439
height: 0.0213857998289136
Area: 0.00015722571095501173
CentroidX: 0.2548
CentroidY: 0.1892
