Location: Dz_01-1.png_Otsu.png
Component: component_1744889441594_462.png
centerX: 0.9631197097944377
centerY: 0.9020530367835757
width: 0.02720677146311971
height: 0.024379811804961505
Area: 0.00016756950772836777
CentroidX: 0.9748
CentroidY: 0.9165
