Location: Dz_02-1.png_Otsu.png
Component: component_1744889440954_266.png
centerX: 0.8639661426844014
centerY: 0.5145423438836613
width: 0.02599758162031439
height: 0.022668947818648418
Area: 0.00016524215345436265
CentroidX: 0.8767
CentroidY: 0.5282
