Location: Dz_01-1.png_Otsu.png
Component: component_1744889441423_60.png
centerX: 0.19588875453446192
centerY: 0.1009409751924722
width: 0.02781136638452237
height: 0.02352437981180496
Area: 0.00017713751974372208
CentroidX: 0.2096
CentroidY: 0.1145
