Location: Dz_02-1.png_Gaussian-Median.png
Component: component_1744889441317_205.png
centerX: 0.7841596130592503
centerY: 0.3943541488451668
width: 0.024788391777509067
height: 0.023952095808383235
Area: 0.00018748131651707812
CentroidX: 0.7962
CentroidY: 0.4087
