Location: Dz_02-1.png_Mean-Medain.png
Component: component_1744889441189_272.png
centerX: 0.2708585247883918
centerY: 0.5171086398631308
width: 0.02962515114873035
height: 0.022241231822070145
Area: 0.00019808370820976806
CentroidX: 0.2848
CentroidY: 0.5301
