Location: Dz_02-1.png_Gaussian-Median.png
Component: component_1744889441312_184.png
centerX: 0.8597339782345829
centerY: 0.35201026518391787
width: 0.02599758162031439
height: 0.022241231822070145
Area: 0.0001794648740177272
CentroidX: 0.8719
CentroidY: 0.3650
