Location: Dz_02-1.png_Gaussian-Median.png
Component: component_1744889441377_473.png
centerX: 0.4848851269649335
centerY: 0.863130881094953
width: 0.026602176541717048
height: 0.024379811804961505
Area: 0.00025988789393057034
CentroidX: 0.4988
CentroidY: 0.8783
