Location: Dz_02-1.png_Gaussian-Median.png
Component: component_1744889441320_222.png
centerX: 0.8669891172914147
centerY: 0.43028229255774164
width: 0.02781136638452237
height: 0.022668947818648418
Area: 0.00019704932853243246
CentroidX: 0.8807
CentroidY: 0.4442
