Location: Dz_02-1.png_Mean-Medain.png
Component: component_1744889441197_293.png
centerX: 0.8204353083434099
centerY: 0.5491873396065012
width: 0.026602176541717048
height: 0.02352437981180496
Area: 0.00018955007587174934
CentroidX: 0.8336
CentroidY: 0.5635
