Location: Dz_02-1.png_Gaussian-Median.png
Component: component_1744889441291_87.png
centerX: 0.6148730350665055
centerY: 0.16766467065868262
width: 0.02418379685610641
height: 0.02523524379811805
Area: 0.00018980867079108324
CentroidX: 0.6260
CentroidY: 0.1825
