Location: Dz_01-1.png_Otsu.png
Component: component_1744889441532_324.png
centerX: 0.8833131801692866
centerY: 0.6544054747647562
width: 0.022974607013301087
height: 0.021813515825491875
Area: 0.000146106129423654
CentroidX: 0.8946
CentroidY: 0.6672
