Location: Dz_01-1.png_Otsu.png
Component: component_1744889441591_450.png
centerX: 0.6964933494558646
centerY: 0.8725406330196749
width: 0.02902055622732769
height: 0.02566295979469632
Area: 0.00016989686200237286
CentroidX: 0.7100
CentroidY: 0.8882
