Location: Dz_02-1.png_Gaussian-Median.png
Component: component_1744889441280_44.png
centerX: 0.6469165659008465
centerY: 0.09452523524379812
width: 0.02418379685610641
height: 0.023952095808383235
Area: 0.0001753273553083848
CentroidX: 0.6595
CentroidY: 0.1088
