Location: Dz_02-1.png_Gaussian-Median.png
Component: component_1744889441333_285.png
centerX: 0.1626360338573156
centerY: 0.5470487596236099
width: 0.02962515114873035
height: 0.023096663815226688
Area: 0.00019782511329043416
CentroidX: 0.1776
CentroidY: 0.5607
