Location: Dz_02-1.png_Mean-Medain.png
Component: component_1744889441184_252.png
centerX: 0.1717049576783555
centerY: 0.47904191616766467
width: 0.02720677146311971
height: 0.024379811804961505
Area: 0.00019498056917776124
CentroidX: 0.1850
CentroidY: 0.4938
