Location: Dz_02-1.png_Gaussian-Median.png
Component: component_1744889441318_210.png
centerX: 0.5846432889963724
centerY: 0.3973481608212147
width: 0.03083434099153567
height: 0.024379811804961505
Area: 0.00019653213869376467
CentroidX: 0.5983
CentroidY: 0.4119
