Location: Dz_01-1.png_Otsu.png
Component: component_1744889441490_231.png
centerX: 0.5979443772672309
centerY: 0.4576561163387511
width: 0.030229746070133012
height: 0.02352437981180496
Area: 0.00017351719087304747
CentroidX: 0.6123
CentroidY: 0.4718
