Location: Dz_02-1.png_Otsu.png
Component: component_1744889440925_156.png
centerX: 0.22067714631197097
centerY: 0.28828058169375537
width: 0.02599758162031439
height: 0.02352437981180496
Area: 0.00015696711603567783
CentroidX: 0.2324
CentroidY: 0.3024
