Location: Dz_02-1.png_Mean-Medain.png
Component: component_1744889441214_371.png
centerX: 0.5513905683192262
centerY: 0.6787852865697177
width: 0.02781136638452237
height: 0.024379811804961505
Area: 0.00019989387264510538
CentroidX: 0.5646
CentroidY: 0.6933
