Location: Dz_02-1.png_Otsu.png
Component: component_1744889440907_77.png
centerX: 0.9274486094316807
centerY: 0.13259195893926431
width: 0.022370012091898428
height: 0.022241231822070145
Area: 0.00015877728047101512
CentroidX: 0.9385
CentroidY: 0.1456
