Location: Dz_01-1.png_Otsu.png
Component: component_1744889441494_240.png
centerX: 0.1608222490931076
centerY: 0.4649272882805817
width: 0.02781136638452237
height: 0.023952095808383235
Area: 0.00016317339409969146
CentroidX: 0.1738
CentroidY: 0.4790
