Location: Dz_01-1.png_Otsu.png
Component: component_1744889441588_433.png
centerX: 0.2799274486094317
centerY: 0.834901625320787
width: 0.024788391777509067
height: 0.020958083832335328
Area: 0.00013421076313429456
CentroidX: 0.2915
CentroidY: 0.8484
