Location: Dz_01-1.png_Otsu.png
Component: component_1744889441493_238.png
centerX: 0.06469165659008465
centerY: 0.4644995722840034
width: 0.02539298669891173
height: 0.024379811804961505
Area: 0.0001546397617616727
CentroidX: 0.0769
CentroidY: 0.4795
