Location: Dz_02-1.png_Gaussian-Median.png
Component: component_1744889441336_302.png
centerX: 0.014510278113663845
centerY: 0.5714285714285714
width: 0.02720677146311971
height: 0.022241231822070145
Area: 0.00018256801304973401
CentroidX: 0.0263
CentroidY: 0.5846
