Location: Dz_02-1.png_Mean-Medain.png
Component: component_1744889441106_122.png
centerX: 0.9359129383313181
centerY: 0.24123182207014543
width: 0.02357920193470375
height: 0.022241231822070145
Area: 0.00018773991143641202
CentroidX: 0.9473
CentroidY: 0.2540
