Location: Dz_02-1.png_Gaussian-Median.png
Component: component_1744889441318_212.png
centerX: 0.6807738814993954
centerY: 0.39820359281437123
width: 0.03083434099153567
height: 0.023952095808383235
Area: 0.00020532436595111728
CentroidX: 0.6953
CentroidY: 0.4126
