Location: Dz_01-1.png_Otsu.png
Component: component_1744889441571_379.png
centerX: 0.035671100362756954
centerY: 0.7322497861420018
width: 0.02902055622732769
height: 0.02352437981180496
Area: 0.00017067264676037458
CentroidX: 0.0492
CentroidY: 0.7465
