Location: Dz_02-1.png_Gaussian-Median.png
Component: component_1744889441309_168.png
centerX: 0.7291414752116082
centerY: 0.3195038494439692
width: 0.024788391777509067
height: 0.024379811804961505
Area: 0.00019679073361309856
CentroidX: 0.7414
CentroidY: 0.3345
