Location: Dz_02-1.png_Mean-Medain.png
Component: component_1744889441237_476.png
centerX: 0.3270858524788392
centerY: 0.8686911890504705
width: 0.03083434099153567
height: 0.0320786997433704
Area: 0.00032427802884471167
CentroidX: 0.3422
CentroidY: 0.8875
