Location: Dz_02-1.png_Gaussian-Median.png
Component: component_1744889441380_485.png
centerX: 0.7938331318016929
centerY: 0.8887938408896493
width: 0.02781136638452237
height: 0.026518391787852865
Area: 0.0001779133045017238
CentroidX: 0.8066
CentroidY: 0.9050
