Location: Dz_02-1.png_Mean-Medain.png
Component: component_1744889441206_333.png
centerX: 0.23035066505441354
centerY: 0.6099230111206159
width: 0.026602176541717048
height: 0.023952095808383235
Area: 0.00018515396224307303
CentroidX: 0.2424
CentroidY: 0.6244
