Location: Dz_02-1.png_Mean-Medain.png
Component: component_1744889441142_189.png
centerX: 0.5858524788391778
centerY: 0.358426005132592
width: 0.02418379685610641
height: 0.023096663815226688
Area: 0.0001784304943403916
CentroidX: 0.5974
CentroidY: 0.3723
