Location: Dz_02-1.png_Otsu.png
Component: component_1744889440900_41.png
centerX: 0.8887545344619106
centerY: 0.06073567151411463
width: 0.02418379685610641
height: 0.022241231822070145
Area: 0.00016188041950302194
CentroidX: 0.9009
CentroidY: 0.0738
