Location: Dz_02-1.png_Mean-Medain.png
Component: component_1744889441198_299.png
centerX: 0.6807738814993954
centerY: 0.5504704875962361
width: 0.02720677146311971
height: 0.02480752780153978
Area: 0.00020247982183844437
CentroidX: 0.6941
CentroidY: 0.5652
