Location: Dz_02-1.png_Gaussian-Median.png
Component: component_1744889441350_364.png
centerX: 0.9673518742442564
centerY: 0.6715141146278871
width: 0.018137847642079808
height: 0.021813515825491875
Area: 0.00015593273635834223
CentroidX: 0.9773
CentroidY: 0.6849
