Location: Dz_02-1.png_Otsu.png
Component: component_1744889440948_241.png
centerX: 0.02357920193470375
centerY: 0.4405474764756202
width: 0.02599758162031439
height: 0.022668947818648418
Area: 0.0001507608379716642
CentroidX: 0.0365
CentroidY: 0.4545
