Location: Dz_01-1.png_Otsu.png
Component: component_1744889441422_56.png
centerX: 0.5368802902055623
centerY: 0.09965782720273739
width: 0.026602176541717048
height: 0.021813515825491875
Area: 0.00016162182458368804
CentroidX: 0.5492
CentroidY: 0.1116
