Location: Dz_02-1.png_Mean-Medain.png
Component: component_1744889441208_347.png
centerX: 0.8778718258766627
centerY: 0.6381522668947819
width: 0.022974607013301087
height: 0.023952095808383235
Area: 0.00018670553175907642
CentroidX: 0.8890
CentroidY: 0.6525
