Location: Dz_02-1.png_Mean-Medain.png
Component: component_1744889441091_86.png
centerX: 0.5169286577992744
centerY: 0.1680923866552609
width: 0.02357920193470375
height: 0.023952095808383235
Area: 0.00018567115208174083
CentroidX: 0.5282
CentroidY: 0.1823
