Location: Dz_02-1.png_Otsu.png
Component: component_1744889440937_189.png
centerX: 0.6348246674727932
centerY: 0.3575705731394354
width: 0.02418379685610641
height: 0.024379811804961505
Area: 0.00015929447030968292
CentroidX: 0.6460
CentroidY: 0.3720
