Location: Dz_02-1.png_Mean-Medain.png
Component: component_1744889441062_17.png
centerX: 0.8331318016928658
centerY: 0.01454234388366125
width: 0.026602176541717048
height: 0.023952095808383235
Area: 0.00019213602506508833
CentroidX: 0.8461
CentroidY: 0.0285
