Location: Dz_02-1.png_Mean-Medain.png
Component: component_1744889441197_291.png
centerX: 0.3252720677146312
centerY: 0.5496150556030795
width: 0.026602176541717048
height: 0.02352437981180496
Area: 0.00018980867079108324
CentroidX: 0.3384
CentroidY: 0.5634
