Location: Dz_02-1.png_Mean-Medain.png
Component: component_1744889441163_212.png
centerX: 0.6807738814993954
centerY: 0.39820359281437123
width: 0.03143893591293833
height: 0.023952095808383235
Area: 0.00020635874562845288
CentroidX: 0.6954
CentroidY: 0.4126
