Location: Dz_02-1.png_Otsu.png
Component: component_1744889440917_120.png
centerX: 0.22430471584038694
centerY: 0.21000855431993157
width: 0.02418379685610641
height: 0.0213857998289136
Area: 0.00014352018023031497
CentroidX: 0.2363
CentroidY: 0.2227
