Location: Dz_01-1.png_Otsu.png
Component: component_1744889441516_289.png
centerX: 0.6995163240628779
centerY: 0.572284003421728
width: 0.02720677146311971
height: 0.023952095808383235
Area: 0.00016032884998701854
CentroidX: 0.7128
CentroidY: 0.5862
