Location: Dz_02-1.png_Otsu.png
Component: component_1744889440907_81.png
centerX: 0.5139056831922612
centerY: 0.13558597091531224
width: 0.02357920193470375
height: 0.023096663815226688
Area: 0.000151278027810332
CentroidX: 0.5248
CentroidY: 0.1490
