Location: Dz_02-1.png_Gaussian-Median.png
Component: component_1744889441358_401.png
centerX: 0.014510278113663845
centerY: 0.7228400342172797
width: 0.030229746070133012
height: 0.02523524379811805
Area: 0.00019885949296776976
CentroidX: 0.0287
CentroidY: 0.7383
