Location: Dz_02-1.png_Otsu.png
Component: component_1744889440908_83.png
centerX: 0.4105199516324063
centerY: 0.16680923866552608
width: 0.02720677146311971
height: 0.024379811804961505
Area: 0.00016705231788969997
CentroidX: 0.4242
CentroidY: 0.1819
