Location: Dz_02-1.png_Otsu.png
Component: component_1744889440923_149.png
centerX: 0.6154776299879081
centerY: 0.286142001710864
width: 0.02357920193470375
height: 0.022241231822070145
Area: 0.000153863977003671
CentroidX: 0.6267
CentroidY: 0.2989
