Location: Dz_01-1.png_Otsu.png
Component: component_1744889441475_208.png
centerX: 0.6487303506650545
centerY: 0.41231822070145424
width: 0.03204353083434099
height: 0.024379811804961505
Area: 0.00017093124167970848
CentroidX: 0.6630
CentroidY: 0.4273
