Location: Dz_02-1.png_Otsu.png
Component: component_1744889440988_430.png
centerX: 0.6051995163240629
centerY: 0.7912745936698032
width: 0.022370012091898428
height: 0.021813515825491875
Area: 0.00011352316958758248
CentroidX: 0.6159
CentroidY: 0.8039
