Location: Dz_02-1.png_Otsu.png
Component: component_1744889440893_16.png
centerX: 0.7871825876662636
centerY: 0.01454234388366125
width: 0.02539298669891173
height: 0.02480752780153978
Area: 0.0001548983566810066
CentroidX: 0.7990
CentroidY: 0.0296
