Location: Dz_02-1.png_Gaussian-Median.png
Component: component_1744889441340_322.png
centerX: 0.8796856106408706
centerY: 0.605218135158255
width: 0.02539298669891173
height: 0.022241231822070145
Area: 0.00019291180982309005
CentroidX: 0.8924
CentroidY: 0.6189
