Location: Dz_01-1.png_Otsu.png
Component: component_1744889441421_51.png
centerX: 0.7176541717049577
centerY: 0.09880239520958084
width: 0.02720677146311971
height: 0.023952095808383235
Area: 0.00016963826708303896
CentroidX: 0.7307
CentroidY: 0.1122
