Location: Dz_01-1.png_Otsu.png
Component: component_1744889441416_35.png
centerX: 0.39238210399032647
centerY: 0.06030795551753636
width: 0.026602176541717048
height: 0.02352437981180496
Area: 0.0001753273553083848
CentroidX: 0.4052
CentroidY: 0.0736
