Location: Dz_01-1.png_Otsu.png
Component: component_1744889441438_119.png
centerX: 0.347037484885127
centerY: 0.21428571428571427
width: 0.028415961305925032
height: 0.023952095808383235
Area: 0.00016653512805103214
CentroidX: 0.3606
CentroidY: 0.2287
