Location: Dz_01-1.png_Otsu.png
Component: component_1744889441414_25.png
centerX: 0.34280532043530837
centerY: 0.05645851154833191
width: 0.024788391777509067
height: 0.02566295979469632
Area: 0.00018205082321106622
CentroidX: 0.3555
CentroidY: 0.0711
