Location: Dz_01-1.png_Otsu.png
Component: component_1744889441588_437.png
centerX: 0.45102781136638453
centerY: 0.8361847733105218
width: 0.021160822249093107
height: 0.023096663815226688
Area: 0.00013446935805362846
CentroidX: 0.4621
CentroidY: 0.8505
