Location: Dz_02-1.png_Mean-Medain.png
Component: component_1744889441232_448.png
centerX: 0.6027811366384522
centerY: 0.8250641573994867
width: 0.02902055622732769
height: 0.02566295979469632
Area: 0.0002805754874772824
CentroidX: 0.6168
CentroidY: 0.8401
