Location: Dz_02-1.png_Gaussian-Median.png
Component: component_1744889441359_409.png
centerX: 0.7702539298669892
centerY: 0.7463644140290847
width: 0.030229746070133012
height: 0.02352437981180496
Area: 0.00018903288603308154
CentroidX: 0.7842
CentroidY: 0.7603
