Location: Dz_02-1.png_Otsu.png
Component: component_1744889440909_87.png
centerX: 0.7091898428053204
centerY: 0.16766467065868262
width: 0.02357920193470375
height: 0.02352437981180496
Area: 0.00015205381256833372
CentroidX: 0.7197
CentroidY: 0.1813
