Location: Dz_01-1.png_Otsu.png
Component: component_1744889441448_149.png
centerX: 0.6330108827085853
centerY: 0.2925577416595381
width: 0.024788391777509067
height: 0.02523524379811805
Area: 0.00016860388740570336
CentroidX: 0.6443
CentroidY: 0.3076
