Location: Dz_02-1.png_Gaussian-Median.png
Component: component_1744889441327_259.png
centerX: 0.42503022974607013
centerY: 0.481180496150556
width: 0.02962515114873035
height: 0.023952095808383235
Area: 0.00019679073361309856
CentroidX: 0.4381
CentroidY: 0.4956
