Location: Dz_02-1.png_Gaussian-Median.png
Component: component_1744889441281_48.png
centerX: 0.8367593712212817
centerY: 0.09538066723695467
width: 0.024788391777509067
height: 0.0213857998289136
Area: 0.00017610314006638649
CentroidX: 0.8479
CentroidY: 0.1076
