Location: Dz_01-1.png_Otsu.png
Component: component_1744889441564_354.png
centerX: 0.5429262394195888
centerY: 0.6941830624465355
width: 0.02357920193470375
height: 0.0213857998289136
Area: 0.00014739910402032349
CentroidX: 0.5544
CentroidY: 0.7061
