Location: Dz_02-1.png_Gaussian-Median.png
Component: component_1744889441279_40.png
centerX: 0.7896009673518742
centerY: 0.06073567151411463
width: 0.022974607013301087
height: 0.021813515825491875
Area: 0.0001742929756310492
CentroidX: 0.8004
CentroidY: 0.0735
