Location: Dz_02-1.png_Otsu.png
Component: component_1744889440904_61.png
centerX: 0.3143893591293833
centerY: 0.09880239520958084
width: 0.02176541717049577
height: 0.01924721984602224
Area: 0.00012852167490894873
CentroidX: 0.3249
CentroidY: 0.1099
