Location: Dz_02-1.png_Otsu.png
Component: component_1744889440920_135.png
centerX: 0.4183796856106409
centerY: 0.24636441402908468
width: 0.026602176541717048
height: 0.022668947818648418
Area: 0.00015360538208433711
CentroidX: 0.4310
CentroidY: 0.2597
