Location: Dz_02-1.png_Otsu.png
Component: component_1744889440996_468.png
centerX: 0.7478839177750907
centerY: 0.8532934131736527
width: 0.02720677146311971
height: 0.02480752780153978
Area: 0.0002381659207065227
CentroidX: 0.7611
CentroidY: 0.8681
