Location: Dz_01-1.png_Otsu.png
Component: component_1744889441443_138.png
centerX: 0.34522370012091896
centerY: 0.2540633019674936
width: 0.028415961305925032
height: 0.023952095808383235
Area: 0.00016317339409969146
CentroidX: 0.3585
CentroidY: 0.2685
