Location: Dz_02-1.png_Mean-Medain.png
Component: component_1744889441213_366.png
centerX: 0.847037484885127
centerY: 0.6753635585970915
width: 0.02357920193470375
height: 0.022241231822070145
Area: 0.00017118983659904238
CentroidX: 0.8581
CentroidY: 0.6886
