Location: Dz_02-1.png_Mean-Medain.png
Component: component_1744889441190_274.png
centerX: 0.6305925030229746
centerY: 0.5171086398631308
width: 0.026602176541717048
height: 0.02352437981180496
Area: 0.00018851569619441372
CentroidX: 0.6424
CentroidY: 0.5309
