Location: Dz_02-1.png_Otsu.png
Component: component_1744889440908_85.png
centerX: 0.21825876662636035
centerY: 0.1680923866552609
width: 0.022974607013301087
height: 0.023952095808383235
Area: 0.00015334678716500322
CentroidX: 0.2294
CentroidY: 0.1825
