Location: Dz_02-1.png_Otsu.png
Component: component_1744889440951_253.png
centerX: 0.17230955259975816
centerY: 0.47904191616766467
width: 0.02599758162031439
height: 0.024379811804961505
Area: 0.00016343198901902536
CentroidX: 0.1850
CentroidY: 0.4937
