Location: Dz_02-1.png_Otsu.png
Component: component_1744889440895_20.png
centerX: 0.45828295042321643
centerY: 0.016253207869974338
width: 0.022974607013301087
height: 0.022668947818648418
Area: 0.00013653811740829965
CentroidX: 0.4695
CentroidY: 0.0296
