Location: Dz_01-1.png_Otsu.png
Component: component_1744889441584_422.png
centerX: 0.8712212817412334
centerY: 0.8297690333618477
width: 0.030229746070133012
height: 0.027801539777587682
Area: 0.00016989686200237286
CentroidX: 0.8859
CentroidY: 0.8469
