Location: Dz_02-1.png_Mean-Medain.png
Component: component_1744889441106_121.png
centerX: 0.898428053204353
centerY: 0.24123182207014543
width: 0.02418379685610641
height: 0.022241231822070145
Area: 0.00018644693683974253
CentroidX: 0.9087
CentroidY: 0.2539
