Location: Dz_01-1.png_Otsu.png
Component: component_1744889441431_94.png
centerX: 0.33675937122128174
centerY: 0.174508126603935
width: 0.03204353083434099
height: 0.024379811804961505
Area: 0.00019885949296776976
CentroidX: 0.3520
CentroidY: 0.1888
