Location: Dz_02-1.png_Otsu.png
Component: component_1744889440953_262.png
centerX: 0.021160822249093107
centerY: 0.5085543199315654
width: 0.02962515114873035
height: 0.022241231822070145
Area: 0.0001497264582943286
CentroidX: 0.0348
CentroidY: 0.5221
