Location: Dz_02-1.png_Gaussian-Median.png
Component: component_1744889441325_251.png
centerX: 0.1717049576783555
centerY: 0.4786142001710864
width: 0.02720677146311971
height: 0.02480752780153978
Area: 0.00019523916409709514
CentroidX: 0.1850
CentroidY: 0.4938
