Location: Dz_02-1.png_Otsu.png
Component: component_1744889440901_43.png
centerX: 0.11970979443772672
centerY: 0.09366980325064157
width: 0.022974607013301087
height: 0.021813515825491875
Area: 0.000146106129423654
CentroidX: 0.1305
CentroidY: 0.1063
