Location: Dz_01-1.png_Otsu.png
Component: component_1744889441564_356.png
centerX: 0.08343409915356712
centerY: 0.695038494439692
width: 0.030229746070133012
height: 0.02694610778443114
Area: 0.00018955007587174934
CentroidX: 0.0973
CentroidY: 0.7113
