Location: Dz_02-1.png_Gaussian-Median.png
Component: component_1744889441270_6.png
centerX: 0.21644498186215236
centerY: 0.011976047904191617
width: 0.02720677146311971
height: 0.02523524379811805
Area: 0.00019730792345176636
CentroidX: 0.2292
CentroidY: 0.0272
