Location: Dz_02-1.png_Gaussian-Median.png
Component: component_1744889441301_125.png
centerX: 0.08222490931076179
centerY: 0.24337040205303678
width: 0.028415961305925032
height: 0.022241231822070145
Area: 0.00019730792345176636
CentroidX: 0.0955
CentroidY: 0.2568
