Location: Dz_01-1.png_Otsu.png
Component: component_1744889441458_178.png
centerX: 0.4407496977025393
centerY: 0.33875106928999144
width: 0.02599758162031439
height: 0.022241231822070145
Area: 0.00015774290079367952
CentroidX: 0.4528
CentroidY: 0.3516
