Location: Dz_01-1.png_Otsu.png
Component: component_1744889441434_106.png
centerX: 0.8222490931076178
centerY: 0.20958083832335328
width: 0.02781136638452237
height: 0.02480752780153978
Area: 0.00017144843151837628
CentroidX: 0.8347
CentroidY: 0.2237
