Location: Dz_02-1.png_Mean-Medain.png
Component: component_1744889441243_502.png
centerX: 0.16021765417170497
centerY: 0.9131736526946108
width: 0.02599758162031439
height: 0.021813515825491875
Area: 0.00015696711603567783
CentroidX: 0.1725
CentroidY: 0.9259
