Location: Dz_01-1.png_Otsu.png
Component: component_1744889441448_150.png
centerX: 0.05199516324062878
centerY: 0.2934131736526946
width: 0.02962515114873035
height: 0.028656971770744225
Area: 0.00018722272159774422
CentroidX: 0.0658
CentroidY: 0.3110
