Location: Dz_01-1.png_Otsu.png
Component: component_1744889441438_121.png
centerX: 0.19951632406287786
centerY: 0.2155688622754491
width: 0.02599758162031439
height: 0.023096663815226688
Area: 0.00015308819224566932
CentroidX: 0.2122
CentroidY: 0.2289
