Location: Dz_02-1.png_Otsu.png
Component: component_1744889440943_217.png
centerX: 0.06771463119709795
centerY: 0.40034217279726264
width: 0.028415961305925032
height: 0.02480752780153978
Area: 0.00016601793821236435
CentroidX: 0.0806
CentroidY: 0.4154
