Location: Dz_02-1.png_Gaussian-Median.png
Component: component_1744889441339_316.png
centerX: 0.28053204353083433
centerY: 0.58169375534645
width: 0.02720677146311971
height: 0.022241231822070145
Area: 0.00017739611466305598
CentroidX: 0.2929
CentroidY: 0.5951
