Location: Dz_02-1.png_Gaussian-Median.png
Component: component_1744889441279_41.png
centerX: 0.02418379685610641
centerY: 0.09238665526090675
width: 0.026602176541717048
height: 0.02352437981180496
Area: 0.00019782511329043416
CentroidX: 0.0365
CentroidY: 0.1066
