Location: Dz_02-1.png_Mean-Medain.png
Component: component_1744889441064_19.png
centerX: 0.41293833131801694
centerY: 0.015825491873396064
width: 0.022974607013301087
height: 0.02352437981180496
Area: 0.0001794648740177272
CentroidX: 0.4242
CentroidY: 0.0294
