Location: Dz_02-1.png_Mean-Medain.png
Component: component_1744889441224_413.png
centerX: 0.4969770253929867
centerY: 0.7532078699743371
width: 0.02962515114873035
height: 0.026518391787852865
Area: 0.00023454559183584808
CentroidX: 0.5108
CentroidY: 0.7695
