Location: Dz_01-1.png_Otsu.png
Component: component_1744889441409_4.png
centerX: 0.43530834340991537
centerY: 0.011976047904191617
width: 0.030229746070133012
height: 0.026090675791274595
Area: 0.00021101345417646311
CentroidX: 0.4502
CentroidY: 0.0267
