Location: Dz_02-1.png_Mean-Medain.png
Component: component_1744889441205_331.png
centerX: 0.11668681983071343
centerY: 0.6094952951240377
width: 0.024788391777509067
height: 0.02352437981180496
Area: 0.00018179222829173232
CentroidX: 0.1285
CentroidY: 0.6237
