Location: Dz_02-1.png_Gaussian-Median.png
Component: component_1744889441364_425.png
centerX: 0.8343409915356711
centerY: 0.786142001710864
width: 0.02720677146311971
height: 0.022668947818648418
Area: 0.00017687892482438818
CentroidX: 0.8475
CentroidY: 0.7994
