Location: easy64_Gaussian-Closing.png
Component: component_1744297381293_567.png
centerX: 0.7031438935912938
centerY: 0.38948268490808036
width: 0.013905683192261185
height: 0.010260795211628902
Area: 7.728682406985695e-05
CentroidX: 0.7098
CentroidY: 0.3954
