Location: Dz_02-1.png_Mean-Medain.png
Component: component_1744889441182_247.png
centerX: 0.7363966142684402
centerY: 0.47604790419161674
width: 0.02599758162031439
height: 0.023096663815226688
Area: 0.00018230941813040011
CentroidX: 0.7483
CentroidY: 0.4899
