Location: Dz_02-1.png_Otsu.png
Component: component_1744889440918_124.png
centerX: 0.1759371221281741
centerY: 0.24208725406330198
width: 0.022370012091898428
height: 0.02480752780153978
Area: 0.0001548983566810066
CentroidX: 0.1861
CentroidY: 0.2568
