Location: Dz_01-1.png_Otsu.png
Component: component_1744889441574_387.png
centerX: 0.6571946795646917
centerY: 0.7532078699743371
width: 0.02357920193470375
height: 0.02480752780153978
Area: 0.00016291479918035753
CentroidX: 0.6679
CentroidY: 0.7680
