Location: Dz_02-1.png_Otsu.png
Component: component_1744889440915_108.png
centerX: 0.8016928657799275
centerY: 0.20316509837467922
width: 0.026602176541717048
height: 0.0213857998289136
Area: 0.000153863977003671
CentroidX: 0.8136
CentroidY: 0.2156
