Location: Dz_01-1.png_Otsu.png
Component: component_1744889441588_435.png
centerX: 0.694074969770254
centerY: 0.834901625320787
width: 0.02902055622732769
height: 0.02480752780153978
Area: 0.00016782810264770167
CentroidX: 0.7084
CentroidY: 0.8500
