Location: Dz_02-1.png_Otsu.png
Component: component_1744889440968_320.png
centerX: 0.437726723095526
centerY: 0.5829769033361848
width: 0.026602176541717048
height: 0.022668947818648418
Area: 0.00015903587539034902
CentroidX: 0.4506
CentroidY: 0.5969
