Location: Dz_02-1.png_Mean-Medain.png
Component: component_1744889441217_384.png
centerX: 0.9673518742442564
centerY: 0.7005988023952096
width: 0.02357920193470375
height: 0.02352437981180496
Area: 0.0002076517202251224
CentroidX: 0.9772
CentroidY: 0.7139
