Location: Dedata_26.png_Gaussian-Closing.png
Component: component_1755507055028_243.png
centerX: 0.22701612903225807
centerY: 0.5300655457395269
width: 0.03387096774193549
height: 0.034482758620689655
Area: 0.00045125897461826273
CentroidX: 0.2431
CentroidY: 0.5454
