Location: Dedata_26.png_Gaussian-Closing.png
Component: component_1755507055046_320.png
centerX: 0.8584677419354839
centerY: 0.7261328013679111
width: 0.02903225806451613
height: 0.029353092049016812
Area: 0.0003723145092343191
CentroidX: 0.8727
CentroidY: 0.7393
