Location: Dedata_26.png_Mean-Closing.png
Component: component_1755507054656_215.png
centerX: 0.3342741935483871
centerY: 0.47677400968937017
width: 0.036290322580645164
height: 0.03220290681105728
Area: 0.0005073359747745429
CentroidX: 0.3522
CentroidY: 0.4912
