Location: Dedata_26.png_Mean-Medain.png
Component: component_1755507055110_25.png
centerX: 0.7685483870967742
centerY: 0.037047591906526074
width: 0.03790322580645161
height: 0.024793388429752067
Area: 0.0003773706321992296
CentroidX: 0.7879
CentroidY: 0.0488
