Location: Dedata_26.png_Gaussian-Closing.png
Component: component_1755507055023_236.png
centerX: 0.5479838709677419
centerY: 0.5066970646907951
width: 0.03346774193548387
height: 0.0347677400968937
Area: 0.0004468923229667491
CentroidX: 0.5638
CentroidY: 0.5227
