Location: Dedata_26.png_Mean-Closing.png
Component: component_1755507054630_102.png
centerX: 0.572983870967742
centerY: 0.20148190367626104
width: 0.03870967741935484
height: 0.029353092049016812
Area: 0.00039713547651660706
CentroidX: 0.5917
CentroidY: 0.2157
