Location: Dedata_26.png_Mean-Medain.png
Component: component_1755507055156_222.png
centerX: 0.9088709677419354
centerY: 0.4870333428327159
width: 0.03185483870967742
height: 0.03277286976346538
Area: 0.0004459730278822199
CentroidX: 0.9249
CentroidY: 0.5015
