Location: Dedata_26.png_Mean-Medain.png
Component: component_1755507055124_92.png
centerX: 0.11451612903225807
centerY: 0.17355371900826447
width: 0.039112903225806454
height: 0.03220290681105728
Area: 0.0004442493495987277
CentroidX: 0.1322
CentroidY: 0.1890
