Location: Dedata_26.png_Gaussian-Closing.png
Component: component_1755507055022_234.png
centerX: 0.65
centerY: 0.5021373610715304
width: 0.03508064516129032
height: 0.038472499287546306
Area: 0.0005142306879085118
CentroidX: 0.6681
CentroidY: 0.5209
