Location: Dedata_26.png_Gaussian-Closing.png
Component: component_1755507055004_193.png
centerX: 0.08266129032258064
centerY: 0.3981191222570533
width: 0.03225806451612903
height: 0.033912795668281565
Area: 0.0004278169499627686
CentroidX: 0.0992
CentroidY: 0.4134
