Location: Dedata_26.png_Gaussian-Median.png
Component: component_1755507055307_254.png
centerX: 0.6012096774193548
centerY: 0.5534340267882588
width: 0.03508064516129032
height: 0.040467369620974636
Area: 0.0004869965710293347
CentroidX: 0.6195
CentroidY: 0.5710
