Location: Dedata_26.png_Mean-Closing.png
Component: component_1755507054680_314.png
centerX: 0.8580645161290322
centerY: 0.7261328013679111
width: 0.02943548387096774
height: 0.029353092049016812
Area: 0.0003913898822382997
CentroidX: 0.8727
CentroidY: 0.7392
