Location: Dedata_26.png_Gaussian-Median.png
Component: component_1755507055289_163.png
centerX: 0.6387096774193548
centerY: 0.3177543459675121
width: 0.034274193548387094
height: 0.02963807352522086
Area: 0.0003880574375568814
CentroidX: 0.6558
CentroidY: 0.3313
