Location: Dedata_26.png_Gaussian-Median.png
Component: component_1755507055330_355.png
centerX: 0.20766129032258066
centerY: 0.8150470219435737
width: 0.03588709677419355
height: 0.029923055001424906
Area: 0.000415751201978323
CentroidX: 0.2244
CentroidY: 0.8299
