Location: Dedata_26.png_Gaussian-Median.png
Component: component_1755507055323_324.png
centerX: 0.09032258064516129
centerY: 0.7301225420347678
width: 0.036290322580645164
height: 0.03818751781134226
Area: 0.0004815957124077258
CentroidX: 0.1070
CentroidY: 0.7465
