Location: Dedata_26.png_Mean-Medain.png
Component: component_1755507055132_124.png
centerX: 0.3681451612903226
centerY: 0.25049871758335707
width: 0.037096774193548385
height: 0.03163294385864919
Area: 0.000421956443798895
CentroidX: 0.3858
CentroidY: 0.2648
