Location: Dedata_26.png_Gaussian-Median.png
Component: component_1755507055273_77.png
centerX: 0.11491935483870967
centerY: 0.12966657167284126
width: 0.039112903225806454
height: 0.032487888287261325
Area: 0.000445283556568823
CentroidX: 0.1311
CentroidY: 0.1457
