Location: Dedata_26.png_Gaussian-Median.png
Component: component_1755507055274_86.png
centerX: 0.7060483870967742
centerY: 0.152465089769165
width: 0.036290322580645164
height: 0.02963807352522086
Area: 0.0003618575276477997
CentroidX: 0.7228
CentroidY: 0.1663
