Location: Dedata_26.png_Gaussian-Closing.png
Component: component_1755507054981_169.png
centerX: 0.23669354838709677
centerY: 0.33741806782559136
width: 0.032661290322580645
height: 0.03334283271587347
Area: 0.0003977100359444378
CentroidX: 0.2529
CentroidY: 0.3531
