Location: Dedata_26.png_Gaussian-Closing.png
Component: component_1755507055047_322.png
centerX: 0.7625
centerY: 0.7295525790823596
width: 0.036290322580645164
height: 0.03305785123966942
Area: 0.00043356254424107595
CentroidX: 0.7790
CentroidY: 0.7448
