Location: Dedata_26.png_Gaussian-Closing.png
Component: component_1755507054897_40.png
centerX: 0.06693548387096775
centerY: 0.05443146195497293
width: 0.034274193548387094
height: 0.027643203191792535
Area: 0.0002615394515485526
CentroidX: 0.0832
CentroidY: 0.0671
