Location: Dedata_26.png_Gaussian-Closing.png
Component: component_1755507054943_88.png
centerX: 0.42943548387096775
centerY: 0.1573097748646338
width: 0.037096774193548385
height: 0.03134796238244514
Area: 0.0003913898822382997
CentroidX: 0.4471
CentroidY: 0.1728
