Location: Dedata_26.png_Gaussian-Median.png
Component: component_1755507055326_338.png
centerX: 0.885483870967742
centerY: 0.7660302080364776
width: 0.03024193548387097
height: 0.03277286976346538
Area: 0.00035220492926024325
CentroidX: 0.8985
CentroidY: 0.7806
