Location: Dedata_26.png_Mean-Medain.png
Component: component_1755507055160_240.png
centerX: 0.17701612903225805
centerY: 0.5337703049301795
width: 0.03185483870967742
height: 0.030493017953833
Area: 0.00044677741108118296
CentroidX: 0.1921
CentroidY: 0.5491
