Location: Dedata_26.png_Gaussian-Closing.png
Component: component_1755507054984_174.png
centerX: 0.07620967741935483
centerY: 0.34796238244514105
width: 0.03064516129032258
height: 0.03334283271587347
Area: 0.00039713547651660706
CentroidX: 0.0918
CentroidY: 0.3644
