Location: Dedata_26.png_Mean-Closing.png
Component: component_1755507054676_298.png
centerX: 0.7754032258064516
centerY: 0.6822456540324879
width: 0.035483870967741936
height: 0.03733257338273012
Area: 0.0004981430239292511
CentroidX: 0.7925
CentroidY: 0.6987
