Location: Dedata_26.png_Mean-Medain.png
Component: component_1755507055150_197.png
centerX: 0.4032258064516129
centerY: 0.41749786263892846
width: 0.0375
height: 0.03590766600170989
Area: 0.0005344551797681538
CentroidX: 0.4215
CentroidY: 0.4333
