Location: Dedata_26.png_Gaussian-Median.png
Component: component_1755507055324_327.png
centerX: 0.6608870967741935
centerY: 0.7392419492732972
width: 0.03669354838709677
height: 0.031917925334853235
Area: 0.0003844951691043308
CentroidX: 0.6761
CentroidY: 0.7538
