Location: Dedata_26.png_Mean-Closing.png
Component: component_1755507054655_208.png
centerX: 0.7120967741935483
centerY: 0.44913080649757764
width: 0.03669354838709677
height: 0.03676261043032203
Area: 0.0005222745198981421
CentroidX: 0.7279
CentroidY: 0.4651
