Location: Dedata_26.png_Gaussian-Median.png
Component: component_1755507055286_142.png
centerX: 0.022983870967741935
centerY: 0.2690225135366201
width: 0.03870967741935484
height: 0.030208036477628954
Area: 0.00038794252567131524
CentroidX: 0.0413
CentroidY: 0.2825
