Location: Dedata_26.png_Gaussian-Median.png
Component: component_1755507055273_78.png
centerX: 0.06411290322580646
centerY: 0.1353662011969222
width: 0.038306451612903226
height: 0.029353092049016812
Area: 0.0004034556302227452
CentroidX: 0.0823
CentroidY: 0.1486
