Location: Dedata_26.png_Mean-Medain.png
Component: component_1755507055173_296.png
centerX: 0.08669354838709678
centerY: 0.676546024508407
width: 0.03346774193548387
height: 0.03733257338273012
Area: 0.0005034289706652939
CentroidX: 0.1029
CentroidY: 0.6952
