Location: Dedata_26.png_Mean-Closing.png
Component: component_1755507054683_325.png
centerX: 0.46975806451612906
centerY: 0.7514961527500712
width: 0.03346774193548387
height: 0.03619264747791394
Area: 0.000505842120262183
CentroidX: 0.4845
CentroidY: 0.7671
