Location: Dedata_26.png_Gaussian-Closing.png
Component: component_1755507054954_124.png
centerX: 0.567741935483871
centerY: 0.24194927329723567
width: 0.037096774193548385
height: 0.033912795668281565
Area: 0.000424254681510218
CentroidX: 0.5866
CentroidY: 0.2574
