Location: Dedata_26.png_Gaussian-Closing.png
Component: component_1755507054942_87.png
centerX: 0.6459677419354839
centerY: 0.15702479338842976
width: 0.041935483870967745
height: 0.031062980906241093
Area: 0.00041781961591851367
CentroidX: 0.6640
CentroidY: 0.1725
