Location: Dedata_26.png_Mean-Closing.png
Component: component_1755507054675_296.png
centerX: 0.8798387096774194
centerY: 0.676546024508407
width: 0.03185483870967742
height: 0.0353377030493018
Area: 0.00048136588863659344
CentroidX: 0.8952
CentroidY: 0.6919
