Location: Dedata_26.png_Gaussian-Closing.png
Component: component_1755507055023_235.png
centerX: 0.6016129032258064
centerY: 0.5049871758335708
width: 0.03225806451612903
height: 0.03277286976346538
Area: 0.0004586133352944962
CentroidX: 0.6166
CentroidY: 0.5198
