Location: Dedata_26.png_Gaussian-Closing.png
Component: component_1755507055044_309.png
centerX: 0.6088709677419355
centerY: 0.6925049871758335
width: 0.03467741935483871
height: 0.034482758620689655
Area: 0.00046998961196554484
CentroidX: 0.6256
CentroidY: 0.7085
