Location: Dedata_26.png_Gaussian-Closing.png
Component: component_1755507054790_2.png
centerX: 0.9540322580645161
centerY: 0.002564833285836421
width: 0.03064516129032258
height: 0.025933314334568254
Area: 0.00034818301326542805
CentroidX: 0.9702
CentroidY: 0.0157
