Location: Dedata_26.png_Gaussian-Closing.png
Component: component_1755507054905_48.png
centerX: 0.6068548387096774
centerY: 0.07409518381305215
width: 0.03024193548387097
height: 0.037047591906526074
Area: 0.000438273931549288
CentroidX: 0.6221
CentroidY: 0.0911
