Location: Dedata_26.png_Mean-Closing.png
Component: component_1755507054609_8.png
centerX: 0.5778225806451613
centerY: 0.007409518381305215
width: 0.04435483870967742
height: 0.02821316614420063
Area: 0.00041988802985870436
CentroidX: 0.5974
CentroidY: 0.0213
