Location: Dedata_26.png_Mean-Closing.png
Component: component_1755507054661_234.png
centerX: 0.33991935483870966
centerY: 0.5229410088344257
width: 0.03024193548387097
height: 0.03362781419207751
Area: 0.00044218093565853706
CentroidX: 0.3548
CentroidY: 0.5375
