Location: Dedata_26.png_Mean-Closing.png
Component: component_1755507054653_200.png
centerX: 0.18024193548387096
centerY: 0.43117697349672274
width: 0.03346774193548387
height: 0.032487888287261325
Area: 0.0005023947636951985
CentroidX: 0.1964
CentroidY: 0.4464
