Location: Dedata_26.png_Mean-Medain.png
Component: component_1755507055158_231.png
centerX: 0.5479838709677419
centerY: 0.5066970646907951
width: 0.03346774193548387
height: 0.0347677400968937
Area: 0.0004780334439551752
CentroidX: 0.5639
CentroidY: 0.5226
