Location: Dedata_26.png_Gaussian-Closing.png
Component: component_1755507054913_64.png
centerX: 0.8245967741935484
centerY: 0.11000284981476204
width: 0.039919354838709675
height: 0.028498147620404674
Area: 0.0003712803022642238
CentroidX: 0.8423
CentroidY: 0.1242
