Location: Dedata_26.png_Gaussian-Median.png
Component: component_1755507055320_312.png
centerX: 0.45806451612903226
centerY: 0.701054431461955
width: 0.036290322580645164
height: 0.032487888287261325
Area: 0.00044218093565853706
CentroidX: 0.4764
CentroidY: 0.7160
