Location: Dedata_26.png_Mean-Closing.png
Component: component_1755507054681_320.png
centerX: 0.6608870967741935
centerY: 0.7392419492732972
width: 0.03669354838709677
height: 0.03163294385864919
Area: 0.00040989069581444946
CentroidX: 0.6761
CentroidY: 0.7536
