Location: Dedata_26.png_Gaussian-Median.png
Component: component_1755507055311_272.png
centerX: 0.6024193548387097
centerY: 0.6007409518381305
width: 0.03508064516129032
height: 0.03590766600170989
Area: 0.000520665753500216
CentroidX: 0.6194
CentroidY: 0.6170
