Location: Dedata_26.png_Mean-Medain.png
Component: component_1755507055114_39.png
centerX: 0.9334677419354839
centerY: 0.06469079509831861
width: 0.03467741935483871
height: 0.030777999430037048
Area: 0.0004632098107171421
CentroidX: 0.9509
CentroidY: 0.0792
