Location: Dedata_26.png_Gaussian-Median.png
Component: component_1755507055321_316.png
centerX: 0.25040322580645163
centerY: 0.7158734682245654
width: 0.035483870967741936
height: 0.03761755485893417
Area: 0.0004887202493128269
CentroidX: 0.2652
CentroidY: 0.7338
