Location: Dedata_26.png_Gaussian-Median.png
Component: component_1755507055300_220.png
centerX: 0.44475806451612904
centerY: 0.4670846394984326
width: 0.03588709677419355
height: 0.03419777714448561
Area: 0.00043528622252456817
CentroidX: 0.4624
CentroidY: 0.4829
