Location: Dedata_26.png_Gaussian-Median.png
Component: component_1755507055305_246.png
centerX: 0.17701612903225805
centerY: 0.5337703049301795
width: 0.03185483870967742
height: 0.030777999430037048
Area: 0.0004221862675700273
CentroidX: 0.1921
CentroidY: 0.5491
