Location: Dedata_26.png_Mean-Closing.png
Component: component_1755507054665_252.png
centerX: 0.33991935483870966
centerY: 0.567683100598461
width: 0.03588709677419355
height: 0.03505272157309775
Area: 0.0004930869009643406
CentroidX: 0.3554
CentroidY: 0.5839
