Location: Dedata_26.png_Mean-Medain.png
Component: component_1755507055170_283.png
centerX: 0.7173387096774193
centerY: 0.640638358506697
width: 0.03467741935483871
height: 0.03505272157309775
Area: 0.0005045780895209553
CentroidX: 0.7342
CentroidY: 0.6577
