Location: Dedata_26.png_Gaussian-Closing.png
Component: component_1755507054974_146.png
centerX: 0.4213709677419355
centerY: 0.2841265317754346
width: 0.0407258064516129
height: 0.032487888287261325
Area: 0.0004245994171669164
CentroidX: 0.4418
CentroidY: 0.2998
