Location: Dedata_26.png_Mean-Closing.png
Component: component_1755507054624_77.png
centerX: 0.8604838709677419
centerY: 0.1450555713878598
width: 0.034274193548387094
height: 0.030493017953833
Area: 0.0004301151876740915
CentroidX: 0.8781
CentroidY: 0.1591
