Location: Dedata_26.png_Gaussian-Closing.png
Component: component_1755507054950_113.png
centerX: 0.11895161290322581
centerY: 0.21630094043887146
width: 0.04112903225806452
height: 0.03163294385864919
Area: 0.0004019617757103853
CentroidX: 0.1410
CentroidY: 0.2318
