Location: Dedata_26.png_Gaussian-Median.png
Component: component_1755507055317_298.png
centerX: 0.23830645161290323
centerY: 0.664291821031633
width: 0.03508064516129032
height: 0.04274722143060701
Area: 0.0005497384605484514
CentroidX: 0.2569
CentroidY: 0.6840
