Location: Dedata_26.png_Gaussian-Median.png
Component: component_1755507055289_161.png
centerX: 0.02056451612903226
centerY: 0.31233969791963523
width: 0.038306451612903226
height: 0.029068110572812767
Area: 0.00040759245810312653
CentroidX: 0.0394
CentroidY: 0.3265
