Location: Dedata_26.png_Mean-Medain.png
Component: component_1755507055150_194.png
centerX: 0.5100806451612904
centerY: 0.4106583072100313
width: 0.03387096774193549
height: 0.03761755485893417
Area: 0.0005236534625249359
CentroidX: 0.5265
CentroidY: 0.4282
