Location: Dedata_26.png_Mean-Closing.png
Component: component_1755507054677_301.png
centerX: 0.6669354838709678
centerY: 0.6865203761755486
width: 0.03951612903225806
height: 0.03362781419207751
Area: 0.00048136588863659344
CentroidX: 0.6857
CentroidY: 0.7030
