Location: Dedata_26.png_Gaussian-Median.png
Component: component_1755507055294_185.png
centerX: 0.3987903225806452
centerY: 0.3741806782559134
width: 0.031451612903225803
height: 0.03419777714448561
Area: 0.00040931613638661875
CentroidX: 0.4144
CentroidY: 0.3892
