Location: Dedata_26.png_Gaussian-Closing.png
Component: component_1755507055036_274.png
centerX: 0.4495967741935484
centerY: 0.6053006554573953
width: 0.03588709677419355
height: 0.039897406668566546
Area: 0.0004990623190137802
CentroidX: 0.4649
CentroidY: 0.6224
