Location: Dedata_26.png_Gaussian-Median.png
Component: component_1755507055268_49.png
centerX: 0.26653225806451614
centerY: 0.07751496152750072
width: 0.0407258064516129
height: 0.03163294385864919
Area: 0.0004081670175309573
CentroidX: 0.2859
CentroidY: 0.0926
