Location: Dedata_26.png_Mean-Medain.png
Component: component_1755507055132_127.png
centerX: 0.2685483870967742
centerY: 0.25705329153605017
width: 0.03790322580645161
height: 0.03305785123966942
Area: 0.0004163257614061538
CentroidX: 0.2860
CentroidY: 0.2720
