Location: Dedata_26.png_Mean-Medain.png
Component: component_1755507055138_153.png
centerX: 0.06693548387096775
centerY: 0.30692504987175834
width: 0.036290322580645164
height: 0.03362781419207751
Area: 0.0004205775011721012
CentroidX: 0.0850
CentroidY: 0.3228
