Location: Dedata_26.png_Gaussian-Closing.png
Component: component_1755507054814_16.png
centerX: 0.3487903225806452
centerY: 0.014534055286406384
width: 0.0407258064516129
height: 0.031062980906241093
Area: 0.000421956443798895
CentroidX: 0.3708
CentroidY: 0.0291
