Location: Dedata_26.png_Mean-Medain.png
Component: component_1755507055172_291.png
centerX: 0.2899193548387097
centerY: 0.6625819321744086
width: 0.04153225806451613
height: 0.03932744371615845
Area: 0.0005442226900412763
CentroidX: 0.3098
CentroidY: 0.6803
