Location: Dedata_26.png_Mean-Closing.png
Component: component_1755507054614_30.png
centerX: 0.44879032258064516
centerY: 0.04645198062125962
width: 0.03185483870967742
height: 0.023938444001139925
Area: 0.00030830858897397476
CentroidX: 0.4665
CentroidY: 0.0587
