Location: Dedata_26.png_Mean-Closing.png
Component: component_1755507054681_319.png
centerX: 0.04153225806451613
centerY: 0.7341122827016244
width: 0.034274193548387094
height: 0.03505272157309775
Area: 0.0005319271182856985
CentroidX: 0.0582
CentroidY: 0.7496
