Location: Dedata_26.png_Mean-Closing.png
Component: component_1755507054664_247.png
centerX: 0.6016129032258064
centerY: 0.5534340267882588
width: 0.03508064516129032
height: 0.04018238814477059
Area: 0.0005233087268682375
CentroidX: 0.6198
CentroidY: 0.5707
