Location: Dedata_26.png_Gaussian-Closing.png
Component: component_1755507054997_182.png
centerX: 0.4532258064516129
centerY: 0.3730407523510972
width: 0.036290322580645164
height: 0.032487888287261325
Area: 0.0004197731179731382
CentroidX: 0.4705
CentroidY: 0.3869
