Location: Dedata_26.png_Mean-Medain.png
Component: component_1755507055163_252.png
centerX: 0.38911290322580644
centerY: 0.5659732117412368
width: 0.03508064516129032
height: 0.031062980906241093
Area: 0.00046263525128931133
CentroidX: 0.4061
CentroidY: 0.5808
