Location: Dedata_26.png_Mean-Medain.png
Component: component_1755507055127_105.png
centerX: 0.3439516129032258
centerY: 0.20319179253348532
width: 0.04758064516129032
height: 0.03676261043032203
Area: 0.0005079105342023736
CentroidX: 0.3652
CentroidY: 0.2205
