Location: Dedata_26.png_Mean-Closing.png
Component: component_1755507054632_109.png
centerX: 0.1782258064516129
centerY: 0.21601595896266743
width: 0.03870967741935484
height: 0.030208036477628954
Area: 0.00041873891100304285
CentroidX: 0.1960
CentroidY: 0.2311
