Location: Dedata_26.png_Gaussian-Median.png
Component: component_1755507055291_173.png
centerX: 0.8818548387096774
centerY: 0.3451125676831006
width: 0.039919354838709675
height: 0.029353092049016812
Area: 0.00044769670616571215
CentroidX: 0.9021
CentroidY: 0.3596
