Location: Dedata_26.png_Gaussian-Closing.png
Component: component_1755507054919_66.png
centerX: 0.4786290322580645
centerY: 0.11484753491023084
width: 0.03951612903225806
height: 0.03163294385864919
Area: 0.0004034556302227452
CentroidX: 0.4962
CentroidY: 0.1297
