Location: Dedata_26.png_Mean-Medain.png
Component: component_1755507055113_35.png
centerX: 0.18266129032258063
centerY: 0.05129666571672841
width: 0.038306451612903226
height: 0.0262182958107723
Area: 0.00034531021612627436
CentroidX: 0.2005
CentroidY: 0.0634
