Location: Dedata_26.png_Gaussian-Closing.png
Component: component_1755507055045_316.png
centerX: 0.19516129032258064
centerY: 0.7175833570817897
width: 0.03387096774193549
height: 0.039612425192362494
Area: 0.0005134263047095487
CentroidX: 0.2128
CentroidY: 0.7362
