Location: Dedata_26.png_Gaussian-Closing.png
Component: component_1755507054953_121.png
centerX: 0.7217741935483871
centerY: 0.23339982901111428
width: 0.03951612903225806
height: 0.029068110572812767
Area: 0.0003920793535516966
CentroidX: 0.7409
CentroidY: 0.2474
