Location: Dedata_26.png_Gaussian-Closing.png
Component: component_1755507055031_256.png
centerX: 0.44556451612903225
centerY: 0.5616984895981761
width: 0.03669354838709677
height: 0.034482758620689655
Area: 0.00047722906075621215
CentroidX: 0.4625
CentroidY: 0.5784
