Location: Dedata_26.png_Mean-Closing.png
Component: component_1755507054657_219.png
centerX: 0.1814516129032258
centerY: 0.4847534910230835
width: 0.036290322580645164
height: 0.03334283271587347
Area: 0.0004915930464519806
CentroidX: 0.1977
CentroidY: 0.5000
