Location: Dedata_26.png_Mean-Medain.png
Component: component_1755507055175_303.png
centerX: 0.5560483870967742
centerY: 0.6927899686520376
width: 0.03669354838709677
height: 0.03875748076375036
Area: 0.0005304332637733386
CentroidX: 0.5726
CentroidY: 0.7109
