Location: Dedata_26.png_Gaussian-Closing.png
Component: component_1755507054797_9.png
centerX: 0.7415322580645162
centerY: 0.008264462809917356
width: 0.03508064516129032
height: 0.02365346252493588
Area: 0.00033646200093768097
CentroidX: 0.7593
CentroidY: 0.0199
