Location: Dedata_26.png_Gaussian-Median.png
Component: component_1755507055294_188.png
centerX: 0.2375
centerY: 0.3867198632088914
width: 0.03669354838709677
height: 0.02821316614420063
Area: 0.00038966620395480746
CentroidX: 0.2566
CentroidY: 0.4005
