Location: Dedata_26.png_Mean-Medain.png
Component: component_1755507055132_125.png
centerX: 0.3189516129032258
centerY: 0.25391849529780564
width: 0.03387096774193549
height: 0.031917925334853235
Area: 0.0004197731179731382
CentroidX: 0.3360
CentroidY: 0.2692
