Location: Dedata_26.png_Mean-Medain.png
Component: component_1755507055164_257.png
centerX: 0.8733870967741936
centerY: 0.579082359646623
width: 0.03225806451612903
height: 0.03875748076375036
Area: 0.0004875711304571654
CentroidX: 0.8894
CentroidY: 0.5965
