Location: Dedata_26.png_Gaussian-Median.png
Component: component_1755507055306_247.png
centerX: 0.8286290322580645
centerY: 0.5349102308349957
width: 0.03387096774193549
height: 0.03134796238244514
Area: 0.0004283915093905993
CentroidX: 0.8434
CentroidY: 0.5492
