Location: Dedata_26.png_Mean-Medain.png
Component: component_1755507055153_208.png
centerX: 0.7681451612903226
centerY: 0.44599601025933316
width: 0.03467741935483871
height: 0.03733257338273012
Area: 0.0005318122064001323
CentroidX: 0.7847
CentroidY: 0.4632
