Location: Dedata_26.png_Mean-Medain.png
Component: component_1755507055166_264.png
centerX: 0.7201612903225807
centerY: 0.5953263037902536
width: 0.03508064516129032
height: 0.03562268452550584
Area: 0.000520665753500216
CentroidX: 0.7365
CentroidY: 0.6128
