Location: Dedata_26.png_Gaussian-Median.png
Component: component_1755507055250_10.png
centerX: 0.7415322580645162
centerY: 0.008264462809917356
width: 0.035483870967741936
height: 0.023938444001139925
Area: 0.00033680673659437945
CentroidX: 0.7593
CentroidY: 0.0199
