Location: Dedata_26.png_Mean-Closing.png
Component: component_1755507054678_307.png
centerX: 0.35443548387096774
centerY: 0.707609005414648
width: 0.031451612903225803
height: 0.03761755485893417
Area: 0.0005643322700153523
CentroidX: 0.3693
CentroidY: 0.7258
