Location: Dedata_26.png_Mean-Closing.png
Component: component_1755507054620_59.png
centerX: 0.8245967741935484
centerY: 0.11000284981476204
width: 0.03951612903225806
height: 0.028498147620404674
Area: 0.00039736530028773934
CentroidX: 0.8422
CentroidY: 0.1242
