Location: Dedata_26.png_Gaussian-Closing.png
Component: component_1755507054833_19.png
centerX: 0.014112903225806451
centerY: 0.016813907096038756
width: 0.03508064516129032
height: 0.02707324023938444
Area: 0.0004002380974268931
CentroidX: 0.0311
CentroidY: 0.0299
