Location: Dedata_26.png_Mean-Medain.png
Component: component_1755507055159_235.png
centerX: 0.33991935483870966
centerY: 0.5229410088344257
width: 0.03024193548387097
height: 0.033912795668281565
Area: 0.00044241075942966934
CentroidX: 0.3548
CentroidY: 0.5375
