Location: Dedata_26.png_Mean-Closing.png
Component: component_1755507054617_45.png
centerX: 0.26653225806451614
centerY: 0.07751496152750072
width: 0.04032258064516129
height: 0.03134796238244514
Area: 0.00042368012208238723
CentroidX: 0.2859
CentroidY: 0.0925
