Location: Dedata_26.png_Mean-Closing.png
Component: component_1755507054684_330.png
centerX: 0.885483870967742
centerY: 0.7660302080364776
width: 0.03024193548387097
height: 0.03277286976346538
Area: 0.00037576186580130354
CentroidX: 0.8986
CentroidY: 0.7806
