Location: Dedata_26.png_Mean-Closing.png
Component: component_1755507054669_269.png
centerX: 0.3911290322580645
centerY: 0.6081504702194357
width: 0.03588709677419355
height: 0.03590766600170989
Area: 0.0005123920977394534
CentroidX: 0.4062
CentroidY: 0.6242
