Location: Dedata_26.png_Gaussian-Closing.png
Component: component_1755507055021_228.png
centerX: 0.08346774193548387
centerY: 0.4890282131661442
width: 0.0375
height: 0.03619264747791394
Area: 0.00048113606486546116
CentroidX: 0.1006
CentroidY: 0.5052
