Location: Dedata_26.png_Gaussian-Median.png
Component: component_1755507055282_121.png
centerX: 0.7737903225806452
centerY: 0.22941008834425763
width: 0.03467741935483871
height: 0.031062980906241093
Area: 0.00040012318554132694
CentroidX: 0.7912
CentroidY: 0.2447
