Location: Dedata_26.png_Gaussian-Closing.png
Component: component_1755507055045_313.png
centerX: 0.35443548387096774
centerY: 0.707609005414648
width: 0.031451612903225803
height: 0.03761755485893417
Area: 0.0005304332637733386
CentroidX: 0.3691
CentroidY: 0.7259
