Location: Dedata_26.png_Gaussian-Closing.png
Component: component_1755507054995_181.png
centerX: 0.5661290322580645
centerY: 0.36791108577942433
width: 0.0375
height: 0.03277286976346538
Area: 0.00044149146434514016
CentroidX: 0.5839
CentroidY: 0.3826
