Location: Dedata_26.png_Gaussian-Closing.png
Component: component_1755507054950_112.png
centerX: 0.22862903225806452
centerY: 0.21060131091479053
width: 0.04153225806451613
height: 0.033912795668281565
Area: 0.00041080999089897864
CentroidX: 0.2475
CentroidY: 0.2265
