Location: Dedata_26.png_Gaussian-Median.png
Component: component_1755507055292_176.png
centerX: 0.022983870967741935
centerY: 0.3510971786833856
width: 0.041935483870967745
height: 0.031917925334853235
Area: 0.0004380441077781557
CentroidX: 0.0445
CentroidY: 0.3660
