Location: Dedata_26.png_Mean-Medain.png
Component: component_1755507055114_41.png
centerX: 0.7588709677419355
centerY: 0.06982046166999145
width: 0.04314516129032258
height: 0.03277286976346538
Area: 0.00048768604234273157
CentroidX: 0.7801
CentroidY: 0.0856
