Location: Dedata_26.png_Gaussian-Closing.png
Component: component_1755507054949_108.png
centerX: 0.572983870967742
centerY: 0.2017668851524651
width: 0.03870967741935484
height: 0.029068110572812767
Area: 0.00037622151334356816
CentroidX: 0.5917
CentroidY: 0.2157
