Location: Dedata_26.png_Mean-Closing.png
Component: component_1755507054610_12.png
centerX: 0.06733870967741935
centerY: 0.013394129381590196
width: 0.043548387096774194
height: 0.031062980906241093
Area: 0.00046114139677695145
CentroidX: 0.0868
CentroidY: 0.0288
