Location: Dedata_26.png_Mean-Closing.png
Component: component_1755507054646_171.png
centerX: 0.7741935483870968
centerY: 0.3559418637788544
width: 0.039112903225806454
height: 0.029923055001424906
Area: 0.0004200029417442705
CentroidX: 0.7923
CentroidY: 0.3695
