Location: Dedata_26.png_Mean-Closing.png
Component: component_1755507054627_92.png
centerX: 0.06330645161290323
centerY: 0.17412368196067254
width: 0.04153225806451613
height: 0.030493017953833
Area: 0.0004113845503268094
CentroidX: 0.0834
CentroidY: 0.1900
