Location: Dedata_26.png_Mean-Medain.png
Component: component_1755507055130_118.png
centerX: 0.6733870967741935
centerY: 0.23567968082074664
width: 0.03346774193548387
height: 0.03220290681105728
Area: 0.00041345296426700004
CentroidX: 0.6905
CentroidY: 0.2500
