Location: Dedata_26.png_Gaussian-Median.png
Component: component_1755507055296_195.png
centerX: 0.7842741935483871
centerY: 0.3986890852094614
width: 0.038306451612903226
height: 0.036477628954117984
Area: 0.0004948105792478328
CentroidX: 0.8015
CentroidY: 0.4151
