Location: Dedata_26.png_Gaussian-Median.png
Component: component_1755507055265_37.png
centerX: 0.33991935483870966
centerY: 0.04730692504987176
width: 0.034274193548387094
height: 0.02821316614420063
Area: 0.000346574246867502
CentroidX: 0.3568
CentroidY: 0.0602
