Location: Dedata_26.png_Gaussian-Closing.png
Component: component_1755507055040_294.png
centerX: 0.3479838709677419
centerY: 0.658877172983756
width: 0.03185483870967742
height: 0.039042462239954404
Area: 0.00048274483126338724
CentroidX: 0.3642
CentroidY: 0.6770
