Location: Dedata_26.png_Mean-Medain.png
Component: component_1755507055134_135.png
centerX: 0.022983870967741935
centerY: 0.26873753206041606
width: 0.038306451612903226
height: 0.030493017953833
Area: 0.0004209222368287997
CentroidX: 0.0412
CentroidY: 0.2824
