Location: Dedata_26.png_Gaussian-Closing.png
Component: component_1755507054895_35.png
centerX: 0.3967741935483871
centerY: 0.047021943573667714
width: 0.038306451612903226
height: 0.02821316614420063
Area: 0.00036496014855808565
CentroidX: 0.4134
CentroidY: 0.0605
