Location: Dedata_26.png_Mean-Medain.png
Component: component_1755507055183_339.png
centerX: 0.6838709677419355
centerY: 0.7797093188942719
width: 0.034274193548387094
height: 0.03334283271587347
Area: 0.00041000560770001565
CentroidX: 0.6989
CentroidY: 0.7946
