Location: Dedata_26.png_Gaussian-Closing.png
Component: component_1755507055011_211.png
centerX: 0.8830645161290323
centerY: 0.44029638073525224
width: 0.03346774193548387
height: 0.03220290681105728
Area: 0.00047171329024903706
CentroidX: 0.9007
CentroidY: 0.4555
