Location: Dedata_26.png_Gaussian-Closing.png
Component: component_1755507054907_54.png
centerX: 0.3858870967741935
centerY: 0.0829296095753776
width: 0.03790322580645161
height: 0.029923055001424906
Area: 0.0004089714007299203
CentroidX: 0.4054
CentroidY: 0.0968
