Location: Dedata_26.png_Mean-Closing.png
Component: component_1755507054642_154.png
centerX: 0.02056451612903226
centerY: 0.31233969791963523
width: 0.038306451612903226
height: 0.029068110572812767
Area: 0.00043264324915654676
CentroidX: 0.0392
CentroidY: 0.3264
