Location: Dedata_26.png_Gaussian-Closing.png
Component: component_1755507055030_251.png
centerX: 0.022983870967741935
centerY: 0.5437446565973212
width: 0.03508064516129032
height: 0.030493017953833
Area: 0.00044103181680287554
CentroidX: 0.0399
CentroidY: 0.5575
