Location: Dedata_26.png_Mean-Closing.png
Component: component_1755507054654_205.png
centerX: 0.8830645161290323
centerY: 0.44029638073525224
width: 0.03346774193548387
height: 0.03220290681105728
Area: 0.0004971088169591557
CentroidX: 0.9007
CentroidY: 0.4554
