Location: Dedata_26.png_Gaussian-Median.png
Component: component_1755507055298_209.png
centerX: 0.12661290322580646
centerY: 0.43630664006839553
width: 0.03467741935483871
height: 0.03419777714448561
Area: 0.000453787036100718
CentroidX: 0.1430
CentroidY: 0.4525
