Location: Dedata_26.png_Gaussian-Closing.png
Component: component_1755507055043_307.png
centerX: 0.6669354838709678
centerY: 0.6865203761755486
width: 0.03951612903225806
height: 0.03362781419207751
Area: 0.000451488798389395
CentroidX: 0.6857
CentroidY: 0.7029
