Location: Dedata_26.png_Gaussian-Median.png
Component: component_1755507055322_321.png
centerX: 0.8584677419354839
centerY: 0.7261328013679111
width: 0.02943548387096774
height: 0.02963807352522086
Area: 0.000373003980547716
CentroidX: 0.8727
CentroidY: 0.7394
