Location: Dedata_26.png_Mean-Closing.png
Component: component_1755507054669_268.png
centerX: 0.4495967741935484
centerY: 0.6053006554573953
width: 0.03588709677419355
height: 0.039612425192362494
Area: 0.0005354893867382491
CentroidX: 0.4649
CentroidY: 0.6222
