Location: Dedata_26.png_Mean-Closing.png
Component: component_1755507054641_149.png
centerX: 0.8540322580645161
centerY: 0.30322029068110573
width: 0.035483870967741936
height: 0.030777999430037048
Area: 0.000461601044319216
CentroidX: 0.8722
CentroidY: 0.3178
