Location: Dedata_26.png_Mean-Closing.png
Component: component_1755507054672_283.png
centerX: 0.6608870967741935
centerY: 0.6429182103163295
width: 0.0375
height: 0.036477628954117984
Area: 0.0005298587043455078
CentroidX: 0.6782
CentroidY: 0.6602
