Location: Dedata_26.png_Mean-Medain.png
Component: component_1755507055154_213.png
centerX: 0.49879032258064515
centerY: 0.46110002849814763
width: 0.03508064516129032
height: 0.03932744371615845
Area: 0.00051756313258993
CentroidX: 0.5171
CentroidY: 0.4780
