Location: Dedata_26.png_Mean-Medain.png
Component: component_1755507055129_112.png
centerX: 0.07056451612903226
centerY: 0.21972071815332003
width: 0.03870967741935484
height: 0.03562268452550584
Area: 0.0004485010893646752
CentroidX: 0.0868
CentroidY: 0.2363
