Location: Dedata_26.png_Gaussian-Closing.png
Component: component_1755507055018_224.png
centerX: 0.9548387096774194
centerY: 0.48304360216585923
width: 0.03024193548387097
height: 0.03305785123966942
Area: 0.00042540380036587945
CentroidX: 0.9700
CentroidY: 0.4982
