Location: Dedata_26.png_Gaussian-Closing.png
Component: component_1755507054941_85.png
centerX: 0.7060483870967742
centerY: 0.152465089769165
width: 0.036290322580645164
height: 0.029353092049016812
Area: 0.0003622022633044981
CentroidX: 0.7228
CentroidY: 0.1663
