Location: Dedata_26.png_Mean-Closing.png
Component: component_1755507054668_265.png
centerX: 0.6024193548387097
centerY: 0.6004559703619264
width: 0.03508064516129032
height: 0.03590766600170989
Area: 0.000560999825333934
CentroidX: 0.6195
CentroidY: 0.6168
