Location: Dedata_26.png_Gaussian-Closing.png
Component: component_1755507055005_197.png
centerX: 0.6774193548387096
centerY: 0.40581362211456257
width: 0.031048387096774193
height: 0.0353377030493018
Area: 0.0004635545463738405
CentroidX: 0.6926
CentroidY: 0.4218
