Location: Dedata_26.png_Mean-Medain.png
Component: component_1755507055181_328.png
centerX: 0.30766129032258066
centerY: 0.7600455970361927
width: 0.03669354838709677
height: 0.037047591906526074
Area: 0.0004925123415365098
CentroidX: 0.3230
CentroidY: 0.7772
