Location: Dedata_26.png_Gaussian-Closing.png
Component: component_1755507055050_339.png
centerX: 0.790725806451613
centerY: 0.7720148190367626
width: 0.02903225806451613
height: 0.0347677400968937
Area: 0.00038541446418886
CentroidX: 0.8036
CentroidY: 0.7875
