Location: Dedata_26.png_Gaussian-Median.png
Component: component_1755507055318_300.png
centerX: 0.9274193548387096
centerY: 0.6739811912225705
width: 0.034274193548387094
height: 0.03619264747791394
Area: 0.00046263525128931133
CentroidX: 0.9445
CentroidY: 0.6903
