Location: Dedata_26.png_Gaussian-Closing.png
Component: component_1755507054814_17.png
centerX: 0.24233870967741936
centerY: 0.015104018238814477
width: 0.03508064516129032
height: 0.025648332858364205
Area: 0.0003609382325632705
CentroidX: 0.2599
CentroidY: 0.0279
