Location: Dedata_26.png_Gaussian-Median.png
Component: component_1755507055317_295.png
centerX: 0.3479838709677419
centerY: 0.658877172983756
width: 0.03185483870967742
height: 0.039042462239954404
Area: 0.0004829746550345195
CentroidX: 0.3642
CentroidY: 0.6770
