Location: Dedata_26.png_Mean-Medain.png
Component: component_1755507055110_22.png
centerX: 0.8733870967741936
centerY: 0.034482758620689655
width: 0.036290322580645164
height: 0.024508406953548018
Area: 0.00037679607277139887
CentroidX: 0.8921
CentroidY: 0.0462
