Location: Dedata_26.png_Gaussian-Closing.png
Component: component_1755507054906_51.png
centerX: 0.43911290322580643
centerY: 0.07950983186092904
width: 0.042741935483870966
height: 0.031917925334853235
Area: 0.000455395802498644
CentroidX: 0.4585
CentroidY: 0.0947
