Location: Dedata_26.png_Mean-Medain.png
Component: component_1755507055165_262.png
centerX: 0.7721774193548387
centerY: 0.5873468224565404
width: 0.03185483870967742
height: 0.03875748076375036
Area: 0.0005559437023690234
CentroidX: 0.7884
CentroidY: 0.6055
