Location: Dedata_26.png_Mean-Medain.png
Component: component_1755507055107_11.png
centerX: 0.5157258064516129
centerY: 0.009404388714733543
width: 0.044758064516129036
height: 0.02821316614420063
Area: 0.0004304599233307899
CentroidX: 0.5351
CentroidY: 0.0236
