Location: Dedata_26.png_Gaussian-Median.png
Component: component_1755507055272_72.png
centerX: 0.3245967741935484
centerY: 0.11997720148190368
width: 0.03306451612903226
height: 0.034482758620689655
Area: 0.0004078222818742588
CentroidX: 0.3402
CentroidY: 0.1359
