Location: Dedata_26.png_Gaussian-Median.png
Component: component_1755507055276_95.png
centerX: 0.21733870967741936
centerY: 0.164719293245939
width: 0.037096774193548385
height: 0.03619264747791394
Area: 0.0004416063762307063
CentroidX: 0.2342
CentroidY: 0.1821
