Location: Dedata_26.png_Mean-Medain.png
Component: component_1755507055119_63.png
centerX: 0.432258064516129
centerY: 0.11541749786263893
width: 0.0375
height: 0.029068110572812767
Area: 0.00040908631261548647
CentroidX: 0.4504
CentroidY: 0.1297
