Location: Dedata_26.png_Gaussian-Closing.png
Component: component_1755507055007_201.png
centerX: 0.4576612903225806
centerY: 0.4157879737817042
width: 0.03588709677419355
height: 0.03305785123966942
Area: 0.0004550510668419456
CentroidX: 0.4745
CentroidY: 0.4308
