Location: Dedata_26.png_Mean-Closing.png
Component: component_1755507054650_185.png
centerX: 0.12459677419354839
centerY: 0.39469934454260475
width: 0.03185483870967742
height: 0.03733257338273012
Area: 0.00044562829222552145
CentroidX: 0.1395
CentroidY: 0.4119
