Location: Dedata_26.png_Mean-Medain.png
Component: component_1755507055116_49.png
centerX: 0.5020161290322581
centerY: 0.07950983186092904
width: 0.038306451612903226
height: 0.02792818466799658
Area: 0.0004283915093905993
CentroidX: 0.5207
CentroidY: 0.0930
