Location: Dedata_26.png_Gaussian-Median.png
Component: component_1755507055291_169.png
centerX: 0.2854838709677419
centerY: 0.33200341977771447
width: 0.044758064516129036
height: 0.03305785123966942
Area: 0.00042471432905248255
CentroidX: 0.3050
CentroidY: 0.3477
