Location: Dedata_26.png_Gaussian-Median.png
Component: component_1755507055285_139.png
centerX: 0.07701612903225806
centerY: 0.2658877172983756
width: 0.03306451612903226
height: 0.029923055001424906
Area: 0.00038001360556725103
CentroidX: 0.0948
CentroidY: 0.2800
