Location: Dedata_26.png_Mean-Closing.png
Component: component_1755507054612_25.png
centerX: 0.6612903225806451
centerY: 0.03761755485893417
width: 0.03508064516129032
height: 0.025648332858364205
Area: 0.00039357320806405647
CentroidX: 0.6788
CentroidY: 0.0496
