Location: Dedata_26.png_Mean-Closing.png
Component: component_1755507054655_209.png
centerX: 0.655241935483871
centerY: 0.4536905101168424
width: 0.029838709677419355
height: 0.03305785123966942
Area: 0.0004541317717574164
CentroidX: 0.6685
CentroidY: 0.4691
