Location: Dedata_26.png_Mean-Medain.png
Component: component_1755507055181_327.png
centerX: 0.36088709677419356
centerY: 0.7563408378455401
width: 0.036290322580645164
height: 0.03305785123966942
Area: 0.0004563150975831732
CentroidX: 0.3767
CentroidY: 0.7711
