Location: Dedata_26.png_Mean-Closing.png
Component: component_1755507054679_309.png
centerX: 0.25040322580645163
centerY: 0.7158734682245654
width: 0.035483870967741936
height: 0.03761755485893417
Area: 0.0005176780444754962
CentroidX: 0.2651
CentroidY: 0.7337
