Location: Dedata_26.png_Mean-Medain.png
Component: component_1755507055124_90.png
centerX: 0.21733870967741936
centerY: 0.164719293245939
width: 0.037096774193548385
height: 0.03590766600170989
Area: 0.000461601044319216
CentroidX: 0.2343
CentroidY: 0.1821
