Location: Dedata_26.png_Mean-Medain.png
Component: component_1755507055137_148.png
centerX: 0.9048387096774193
centerY: 0.3000854944428612
width: 0.03508064516129032
height: 0.03277286976346538
Area: 0.00042758712619163624
CentroidX: 0.9236
CentroidY: 0.3151
