Location: Dedata_26.png_Mean-Closing.png
Component: component_1755507054673_285.png
centerX: 0.5580645161290323
centerY: 0.6480478768880022
width: 0.034274193548387094
height: 0.033912795668281565
Area: 0.0004817106242932919
CentroidX: 0.5745
CentroidY: 0.6644
