Location: Dedata_26.png_Gaussian-Median.png
Component: component_1755507055248_3.png
centerX: 0.9540322580645161
centerY: 0.002564833285836421
width: 0.03064516129032258
height: 0.025933314334568254
Area: 0.0003485277489221265
CentroidX: 0.9702
CentroidY: 0.0156
