Location: Dedata_26.png_Gaussian-Closing.png
Component: component_1755507055033_263.png
centerX: 0.9233870967741935
centerY: 0.5802222855514392
width: 0.03185483870967742
height: 0.027358221715588486
Area: 0.0003881723494424475
CentroidX: 0.9373
CentroidY: 0.5940
