Location: Dedata_26.png_Mean-Medain.png
Component: component_1755507055149_190.png
centerX: 0.032661290322580645
centerY: 0.40011399259048164
width: 0.036290322580645164
height: 0.029923055001424906
Area: 0.0004367800770369281
CentroidX: 0.0505
CentroidY: 0.4135
