Location: Dedata_26.png_Mean-Medain.png
Component: component_1755507055152_202.png
centerX: 0.9362903225806452
centerY: 0.43459675121117125
width: 0.031048387096774193
height: 0.036477628954117984
Area: 0.0005033140587797277
CentroidX: 0.9517
CentroidY: 0.4518
