Location: Dedata_26.png_Gaussian-Median.png
Component: component_1755507055281_116.png
centerX: 0.9245967741935484
centerY: 0.2188657737247079
width: 0.03467741935483871
height: 0.029068110572812767
Area: 0.0003635812059312919
CentroidX: 0.9427
CentroidY: 0.2322
