Location: Dedata_26.png_Gaussian-Median.png
Component: component_1755507055282_125.png
centerX: 0.567741935483871
centerY: 0.24194927329723567
width: 0.037096774193548385
height: 0.03419777714448561
Area: 0.00042471432905248255
CentroidX: 0.5866
CentroidY: 0.2574
