Location: Dedata_26.png_Mean-Medain.png
Component: component_1755507055140_160.png
centerX: 0.5278225806451613
centerY: 0.3240239384440011
width: 0.035483870967741936
height: 0.03305785123966942
Area: 0.00045206335781722577
CentroidX: 0.5441
CentroidY: 0.3392
