Location: Dedata_26.png_Gaussian-Median.png
Component: component_1755507055308_257.png
centerX: 0.44556451612903225
centerY: 0.5616984895981761
width: 0.037096774193548385
height: 0.034482758620689655
Area: 0.0004766545013283814
CentroidX: 0.4625
CentroidY: 0.5784
