Location: Dedata_26.png_Mean-Closing.png
Component: component_1755507054686_340.png
centerX: 0.5758064516129032
centerY: 0.7896836705614135
width: 0.034274193548387094
height: 0.028783129096608722
Area: 0.0004094310482721849
CentroidX: 0.5912
CentroidY: 0.8037
