Location: Dedata_26.png_Gaussian-Closing.png
Component: component_1755507054952_119.png
centerX: 0.8254032258064516
centerY: 0.22599031062980907
width: 0.037096774193548385
height: 0.02707324023938444
Area: 0.00035312422434477243
CentroidX: 0.8437
CentroidY: 0.2390
