Location: Dedata_26.png_Mean-Medain.png
Component: component_1755507055151_199.png
centerX: 0.2911290322580645
centerY: 0.4243374180678256
width: 0.03588709677419355
height: 0.033912795668281565
Area: 0.0004797571222386674
CentroidX: 0.3078
CentroidY: 0.4400
