Location: Dedata_26.png_Mean-Closing.png
Component: component_1755507054658_224.png
centerX: 0.025403225806451612
centerY: 0.4918780279281847
width: 0.038306451612903226
height: 0.036477628954117984
Area: 0.0005229639912115389
CentroidX: 0.0449
CentroidY: 0.5083
