Location: Dedata_26.png_Mean-Closing.png
Component: component_1755507054620_55.png
centerX: 0.016129032258064516
centerY: 0.09204901681390709
width: 0.036290322580645164
height: 0.029353092049016812
Area: 0.00045137388650382887
CentroidX: 0.0351
CentroidY: 0.1066
