Location: Dedata_26.png_Mean-Closing.png
Component: component_1755507054646_167.png
centerX: 0.12580645161290321
centerY: 0.34625249358791677
width: 0.042741935483870966
height: 0.03220290681105728
Area: 0.0004799869460097997
CentroidX: 0.1457
CentroidY: 0.3611
