Location: Dedata_26.png_Mean-Medain.png
Component: component_1755507055150_195.png
centerX: 0.5596774193548387
centerY: 0.4109432886862354
width: 0.038306451612903226
height: 0.033912795668281565
Area: 0.0005102087719136965
CentroidX: 0.5781
CentroidY: 0.4269
