Location: Dedata_26.png_Gaussian-Median.png
Component: component_1755507055261_27.png
centerX: 0.7685483870967742
centerY: 0.037047591906526074
width: 0.03790322580645161
height: 0.024793388429752067
Area: 0.00035967420182204284
CentroidX: 0.7879
CentroidY: 0.0488
