Location: Dedata_26.png_Gaussian-Median.png
Component: component_1755507055329_351.png
centerX: 0.41411290322580646
centerY: 0.7962382445141066
width: 0.03185483870967742
height: 0.034482758620689655
Area: 0.00041655558517728606
CentroidX: 0.4286
CentroidY: 0.8124
