Location: Dedata_26.png_Gaussian-Closing.png
Component: component_1755507054948_104.png
centerX: 0.6842741935483871
centerY: 0.1969222000569963
width: 0.04233870967741935
height: 0.029923055001424906
Area: 0.00040334071833717904
CentroidX: 0.7029
CentroidY: 0.2117
