Location: Dedata_26.png_Mean-Closing.png
Component: component_1755507054660_229.png
centerX: 0.6012096774193548
centerY: 0.5047021943573667
width: 0.032661290322580645
height: 0.03305785123966942
Area: 0.0004912483107952822
CentroidX: 0.6167
CentroidY: 0.5198
