Location: Dedata_26.png_Mean-Medain.png
Component: component_1755507055107_12.png
centerX: 0.46330645161290324
centerY: 0.012539184952978056
width: 0.035483870967741936
height: 0.028498147620404674
Area: 0.000402536335138216
CentroidX: 0.4797
CentroidY: 0.0263
