Location: Dedata_26.png_Gaussian-Closing.png
Component: component_1755507054974_147.png
centerX: 0.48185483870967744
centerY: 0.2838415502992305
width: 0.03790322580645161
height: 0.03220290681105728
Area: 0.00040000827365576074
CentroidX: 0.4993
CentroidY: 0.2984
