Location: Dedata_26.png_Mean-Medain.png
Component: component_1755507055112_33.png
centerX: 0.3403225806451613
centerY: 0.047021943573667714
width: 0.03346774193548387
height: 0.028498147620404674
Area: 0.000362891734617895
CentroidX: 0.3568
CentroidY: 0.0600
