Location: Dedata_26.png_Gaussian-Closing.png
Component: component_1755507055022_232.png
centerX: 0.8129032258064516
centerY: 0.4955827871188373
width: 0.03508064516129032
height: 0.028783129096608722
Area: 0.000434366927440039
CentroidX: 0.8306
CentroidY: 0.5087
