Location: Dedata_26.png_Gaussian-Median.png
Component: component_1755507055304_237.png
centerX: 0.5479838709677419
centerY: 0.5066970646907951
width: 0.03346774193548387
height: 0.0347677400968937
Area: 0.00044631776353891835
CentroidX: 0.5638
CentroidY: 0.5227
