Location: Dedata_26.png_Mean-Medain.png
Component: component_1755507055122_80.png
centerX: 0.7520161290322581
centerY: 0.15104018238814476
width: 0.03870967741935484
height: 0.03362781419207751
Area: 0.00042540380036587945
CentroidX: 0.7721
CentroidY: 0.1663
