Location: Dedata_26.png_Gaussian-Median.png
Component: component_1755507055279_107.png
centerX: 0.4637096774193548
centerY: 0.20091194072385296
width: 0.0407258064516129
height: 0.031062980906241093
Area: 0.0004005828330835915
CentroidX: 0.4840
CentroidY: 0.2150
