Location: Dedata_26.png_Mean-Medain.png
Component: component_1755507055145_174.png
centerX: 0.677016129032258
centerY: 0.3633513821601596
width: 0.034274193548387094
height: 0.031917925334853235
Area: 0.00044804144182241057
CentroidX: 0.6928
CentroidY: 0.3774
