Location: Dedata_26.png_Gaussian-Closing.png
Component: component_1755507055011_212.png
centerX: 0.8290322580645161
centerY: 0.44314619549729267
width: 0.0375
height: 0.03932744371615845
Area: 0.0005424990117577841
CentroidX: 0.8472
CentroidY: 0.4601
