Location: Dedata_26.png_Mean-Closing.png
Component: component_1755507054684_331.png
centerX: 0.8403225806451613
centerY: 0.7668851524650898
width: 0.03064516129032258
height: 0.03362781419207751
Area: 0.00042827659750503314
CentroidX: 0.8542
CentroidY: 0.7826
