Location: Dedata_26.png_Mean-Medain.png
Component: component_1755507055126_98.png
centerX: 0.8
centerY: 0.18922770019948704
width: 0.04596774193548387
height: 0.032487888287261325
Area: 0.0004164406732917199
CentroidX: 0.8202
CentroidY: 0.2054
