Location: Dedata_26.png_Mean-Closing.png
Component: component_1755507054639_141.png
centerX: 0.48185483870967744
centerY: 0.2838415502992305
width: 0.03790322580645161
height: 0.03220290681105728
Area: 0.00041919855854530747
CentroidX: 0.4992
CentroidY: 0.2983
