Location: Dedata_26.png_Mean-Medain.png
Component: component_1755507055147_182.png
centerX: 0.2375
centerY: 0.3867198632088914
width: 0.03669354838709677
height: 0.028498147620404674
Area: 0.000415751201978323
CentroidX: 0.2565
CentroidY: 0.4005
