Location: Dedata_26.png_Gaussian-Closing.png
Component: component_1755507054823_18.png
centerX: 0.294758064516129
centerY: 0.01481903676261043
width: 0.04233870967741935
height: 0.02792818466799658
Area: 0.0004002380974268931
CentroidX: 0.3164
CentroidY: 0.0279
