Location: Dedata_26.png_Mean-Closing.png
Component: component_1755507054653_199.png
centerX: 0.23266129032258065
centerY: 0.4263322884012539
width: 0.04435483870967742
height: 0.03220290681105728
Area: 0.0005222745198981421
CentroidX: 0.2547
CentroidY: 0.4419
