Location: Dedata_26.png_Mean-Medain.png
Component: component_1755507055180_324.png
centerX: 0.41330645161290325
centerY: 0.7477913935594186
width: 0.039919354838709675
height: 0.03619264747791394
Area: 0.00047401152796036
CentroidX: 0.4301
CentroidY: 0.7652
