Location: Dedata_26.png_Gaussian-Median.png
Component: component_1755507055320_311.png
centerX: 0.5092741935483871
centerY: 0.6982046166999145
width: 0.03306451612903226
height: 0.033912795668281565
Area: 0.0004373546364647588
CentroidX: 0.5237
CentroidY: 0.7147
