Location: Dedata_26.png_Mean-Closing.png
Component: component_1755507054652_198.png
centerX: 0.2911290322580645
centerY: 0.4243374180678256
width: 0.03588709677419355
height: 0.03362781419207751
Area: 0.000480216769780932
CentroidX: 0.3078
CentroidY: 0.4400
