Location: Dedata_26.png_Gaussian-Closing.png
Component: component_1755507055028_245.png
centerX: 0.17701612903225805
centerY: 0.5337703049301795
width: 0.03185483870967742
height: 0.030493017953833
Area: 0.00042184153191332887
CentroidX: 0.1921
CentroidY: 0.5491
