Location: Dedata_26.png_Mean-Medain.png
Component: component_1755507055179_317.png
centerX: 0.7625
centerY: 0.7295525790823596
width: 0.036290322580645164
height: 0.03277286976346538
Area: 0.0004688404931098833
CentroidX: 0.7792
CentroidY: 0.7447
