Location: Dedata_26.png_Mean-Medain.png
Component: component_1755507055121_74.png
centerX: 0.9548387096774194
centerY: 0.1353662011969222
width: 0.03346774193548387
height: 0.033912795668281565
Area: 0.0004140275236948308
CentroidX: 0.9701
CentroidY: 0.1512
