Location: Dedata_26.png_Mean-Closing.png
Component: component_1755507054678_306.png
centerX: 0.3995967741935484
centerY: 0.7061840980336278
width: 0.039112903225806454
height: 0.033912795668281565
Area: 0.0004989474071282141
CentroidX: 0.4176
CentroidY: 0.7226
