Location: Dedata_26.png_Gaussian-Median.png
Component: component_1755507055309_261.png
centerX: 0.2245967741935484
centerY: 0.5770874893131946
width: 0.035483870967741936
height: 0.031062980906241093
Area: 0.00042735730242050396
CentroidX: 0.2405
CentroidY: 0.5908
