Location: Dedata_26.png_Mean-Closing.png
Component: component_1755507054609_9.png
centerX: 0.7411290322580645
centerY: 0.008264462809917356
width: 0.035483870967741936
height: 0.02365346252493588
Area: 0.00035392860754373547
CentroidX: 0.7592
CentroidY: 0.0197
