Location: Dedata_26.png_Mean-Medain.png
Component: component_1755507055180_323.png
centerX: 0.5681451612903226
centerY: 0.7460815047021944
width: 0.03064516129032258
height: 0.03590766600170989
Area: 0.00043953796229051565
CentroidX: 0.5832
CentroidY: 0.7625
