Location: Dedata_26.png_Gaussian-Median.png
Component: component_1755507055325_334.png
centerX: 0.36129032258064514
centerY: 0.7563408378455401
width: 0.036290322580645164
height: 0.03305785123966942
Area: 0.0004197731179731382
CentroidX: 0.3767
CentroidY: 0.7712
