Location: Dedata_26.png_Mean-Closing.png
Component: component_1755507054611_19.png
centerX: 0.18830645161290321
centerY: 0.01738387004844685
width: 0.03225806451612903
height: 0.025648332858364205
Area: 0.00036162770387666735
CentroidX: 0.2047
CentroidY: 0.0292
