Location: Dedata_26.png_Gaussian-Median.png
Component: component_1755507055257_21.png
centerX: 0.18830645161290321
centerY: 0.01738387004844685
width: 0.032661290322580645
height: 0.025648332858364205
Area: 0.00033393393945522576
CentroidX: 0.2047
CentroidY: 0.0293
