Location: Dedata_26.png_Gaussian-Median.png
Component: component_1755507055289_160.png
centerX: 0.7479838709677419
centerY: 0.3103448275862069
width: 0.03790322580645161
height: 0.03362781419207751
Area: 0.00042368012208238723
CentroidX: 0.7659
CentroidY: 0.3255
