Location: Dedata_26.png_Gaussian-Median.png
Component: component_1755507055265_36.png
centerX: 0.3967741935483871
centerY: 0.047021943573667714
width: 0.03870967741935484
height: 0.02821316614420063
Area: 0.00036082332067770436
CentroidX: 0.4134
CentroidY: 0.0606
