Location: Dedata_26.png_Mean-Medain.png
Component: component_1755507055162_247.png
centerX: 0.6641129032258064
centerY: 0.5520091194072385
width: 0.032661290322580645
height: 0.032487888287261325
Area: 0.0004943509317055681
CentroidX: 0.6795
CentroidY: 0.5664
