Location: Dedata_26.png_Mean-Medain.png
Component: component_1755507055161_242.png
centerX: 0.12217741935483871
centerY: 0.5357651752636079
width: 0.036290322580645164
height: 0.034482758620689655
Area: 0.0004759650300149845
CentroidX: 0.1394
CentroidY: 0.5520
