Location: Dedata_26.png_Mean-Closing.png
Component: component_1755507054663_245.png
centerX: 0.022983870967741935
centerY: 0.5437446565973212
width: 0.03508064516129032
height: 0.030493017953833
Area: 0.0004730922328758308
CentroidX: 0.0398
CentroidY: 0.5574
