Location: Dedata_26.png_Mean-Medain.png
Component: component_1755507055169_278.png
centerX: 0.1254032258064516
centerY: 0.627529210601311
width: 0.02943548387096774
height: 0.03619264747791394
Area: 0.00042632309545040864
CentroidX: 0.1384
CentroidY: 0.6436
