Location: Dedata_26.png_Gaussian-Closing.png
Component: component_1755507054905_49.png
centerX: 0.26653225806451614
centerY: 0.07751496152750072
width: 0.04032258064516129
height: 0.03163294385864919
Area: 0.00040793719375982495
CentroidX: 0.2859
CentroidY: 0.0925
