Location: Dedata_26.png_Gaussian-Median.png
Component: component_1755507055314_284.png
centerX: 0.1254032258064516
centerY: 0.627529210601311
width: 0.02943548387096774
height: 0.036477628954117984
Area: 0.00040885648884435413
CentroidX: 0.1383
CentroidY: 0.6437
