Location: Dedata_26.png_Gaussian-Closing.png
Component: component_1755507055035_272.png
centerX: 0.5512096774193549
centerY: 0.6015958962667427
width: 0.03588709677419355
height: 0.03619264747791394
Area: 0.0004675764623686557
CentroidX: 0.5672
CentroidY: 0.6180
