Location: Dedata_26.png_Mean-Closing.png
Component: component_1755507054673_289.png
centerX: 0.4036290322580645
centerY: 0.6591621544599601
width: 0.03346774193548387
height: 0.03562268452550584
Area: 0.00046183086809034834
CentroidX: 0.4187
CentroidY: 0.6755
