Location: Dedata_26.png_Mean-Closing.png
Component: component_1755507054650_186.png
centerX: 0.8375
centerY: 0.39555428897121686
width: 0.03306451612903226
height: 0.031062980906241093
Area: 0.0004510291508471304
CentroidX: 0.8547
CentroidY: 0.4097
