Location: Dedata_26.png_Mean-Closing.png
Component: component_1755507054678_305.png
centerX: 0.45806451612903226
centerY: 0.701054431461955
width: 0.036290322580645164
height: 0.032487888287261325
Area: 0.0004733220566469631
CentroidX: 0.4764
CentroidY: 0.7160
