Location: Dedata_26.png_Gaussian-Median.png
Component: component_1755507055296_196.png
centerX: 0.03306451612903226
centerY: 0.40011399259048164
width: 0.036290322580645164
height: 0.029923055001424906
Area: 0.00040759245810312653
CentroidX: 0.0506
CentroidY: 0.4136
