Location: Dedata_26.png_Gaussian-Median.png
Component: component_1755507055285_138.png
centerX: 0.12217741935483871
centerY: 0.26417782844115134
width: 0.03669354838709677
height: 0.031062980906241093
Area: 0.00040115739251142226
CentroidX: 0.1394
CentroidY: 0.2784
