Location: Dedata_26.png_Gaussian-Closing.png
Component: component_1755507054971_141.png
centerX: 0.022983870967741935
centerY: 0.2690225135366201
width: 0.038306451612903226
height: 0.030208036477628954
Area: 0.00038794252567131524
CentroidX: 0.0413
CentroidY: 0.2825
