Location: Dedata_26.png_Mean-Closing.png
Component: component_1755507054686_337.png
centerX: 0.053629032258064514
centerY: 0.7785693929894557
width: 0.039112903225806454
height: 0.03676261043032203
Area: 0.0005523814339164729
CentroidX: 0.0712
CentroidY: 0.7956
