Location: Dedata_26.png_Mean-Closing.png
Component: component_1755507054629_96.png
centerX: 0.8600806451612903
centerY: 0.1846679965802223
width: 0.036290322580645164
height: 0.031062980906241093
Area: 0.0003838056977909339
CentroidX: 0.8772
CentroidY: 0.1994
