Location: Dedata_26.png_Gaussian-Closing.png
Component: component_1755507055053_354.png
centerX: 0.15483870967741936
centerY: 0.8167569108007979
width: 0.034274193548387094
height: 0.03362781419207751
Area: 0.000425863447908144
CentroidX: 0.1705
CentroidY: 0.8323
