Location: Dedata_26.png_Gaussian-Median.png
Component: component_1755507055287_150.png
centerX: 0.3096774193548387
centerY: 0.2895411798233115
width: 0.04314516129032258
height: 0.030777999430037048
Area: 0.0004136827880381324
CentroidX: 0.3306
CentroidY: 0.3048
