Location: Dedata_26.png_Mean-Closing.png
Component: component_1755507054650_188.png
centerX: 0.7842741935483871
centerY: 0.3986890852094614
width: 0.038306451612903226
height: 0.03619264747791394
Area: 0.0005241131100672005
CentroidX: 0.8015
CentroidY: 0.4150
