Location: Dedata_26.png_Mean-Closing.png
Component: component_1755507054659_227.png
centerX: 0.7032258064516129
centerY: 0.49843260188087773
width: 0.03588709677419355
height: 0.0353377030493018
Area: 0.0004981430239292511
CentroidX: 0.7203
CentroidY: 0.5148
