Location: Dedata_26.png_Gaussian-Median.png
Component: component_1755507055307_255.png
centerX: 0.5532258064516129
centerY: 0.5568538045027073
width: 0.03346774193548387
height: 0.03676261043032203
Area: 0.0004797571222386674
CentroidX: 0.5704
CentroidY: 0.5732
