Location: Dedata_26.png_Gaussian-Closing.png
Component: component_1755507054945_97.png
centerX: 0.06290322580645161
centerY: 0.17412368196067254
width: 0.041935483870967745
height: 0.030777999430037048
Area: 0.0003959863576609456
CentroidX: 0.0834
CentroidY: 0.1901
