Location: Dedata_26.png_Mean-Medain.png
Component: component_1755507055184_343.png
centerX: 0.4681451612903226
centerY: 0.7916785408948418
width: 0.031451612903225803
height: 0.03419777714448561
Area: 0.0004540168598718503
CentroidX: 0.4833
CentroidY: 0.8077
