Location: Dedata_26.png_Gaussian-Closing.png
Component: component_1755507055036_276.png
centerX: 0.3350806451612903
centerY: 0.6112852664576802
width: 0.034274193548387094
height: 0.03619264747791394
Area: 0.00044218093565853706
CentroidX: 0.3493
CentroidY: 0.6277
