Location: Dedata_26.png_Mean-Closing.png
Component: component_1755507054670_275.png
centerX: 0.9241935483870968
centerY: 0.6252493587916785
width: 0.03346774193548387
height: 0.03590766600170989
Area: 0.0004905588394818853
CentroidX: 0.9407
CentroidY: 0.6414
