Location: Dedata_26.png_Gaussian-Closing.png
Component: component_1755507054906_52.png
centerX: 0.5020161290322581
centerY: 0.07950983186092904
width: 0.038306451612903226
height: 0.027643203191792535
Area: 0.000404834572849539
CentroidX: 0.5207
CentroidY: 0.0931
