Location: Dedata_26.png_Mean-Medain.png
Component: component_1755507055174_300.png
centerX: 0.7266129032258064
centerY: 0.6856654317469365
width: 0.028629032258064516
height: 0.03334283271587347
Area: 0.000501935116152934
CentroidX: 0.7412
CentroidY: 0.7008
