Location: Dedata_26.png_Gaussian-Median.png
Component: component_1755507055280_113.png
centerX: 0.22862903225806452
centerY: 0.21060131091479053
width: 0.04153225806451613
height: 0.033912795668281565
Area: 0.00041092490278454483
CentroidX: 0.2475
CentroidY: 0.2266
