Location: Dedata_26.png_Mean-Closing.png
Component: component_1755507054622_66.png
centerX: 0.3245967741935484
centerY: 0.11997720148190368
width: 0.032661290322580645
height: 0.034482758620689655
Area: 0.0004305748352163561
CentroidX: 0.3403
CentroidY: 0.1357
