Location: Dedata_26.png_Gaussian-Closing.png
Component: component_1755507055010_208.png
centerX: 0.12661290322580646
centerY: 0.43630664006839553
width: 0.03467741935483871
height: 0.03419777714448561
Area: 0.0004547063311852472
CentroidX: 0.1430
CentroidY: 0.4525
