Location: Dedata_26.png_Gaussian-Closing.png
Component: component_1755507054955_125.png
centerX: 0.525
centerY: 0.2450840695354802
width: 0.03508064516129032
height: 0.03163294385864919
Area: 0.0004081670175309573
CentroidX: 0.5425
CentroidY: 0.2604
