Location: Dedata_26.png_Mean-Closing.png
Component: component_1755507054626_84.png
centerX: 0.42943548387096775
centerY: 0.1573097748646338
width: 0.037096774193548385
height: 0.03134796238244514
Area: 0.00041552137820719074
CentroidX: 0.4470
CentroidY: 0.1728
