Location: Dedata_26.png_Gaussian-Median.png
Component: component_1755507055313_277.png
centerX: 0.3350806451612903
centerY: 0.6112852664576802
width: 0.034274193548387094
height: 0.03619264747791394
Area: 0.0004416063762307063
CentroidX: 0.3493
CentroidY: 0.6277
