Location: Dedata_26.png_Gaussian-Closing.png
Component: component_1755507054951_114.png
centerX: 0.1782258064516129
centerY: 0.21601595896266743
width: 0.03870967741935484
height: 0.030208036477628954
Area: 0.00039276882486509343
CentroidX: 0.1961
CentroidY: 0.2311
