Location: Dedata_26.png_Gaussian-Median.png
Component: component_1755507055265_39.png
centerX: 0.11975806451612903
centerY: 0.053006554573952695
width: 0.04717741935483871
height: 0.027358221715588486
Area: 0.0003366918247088133
CentroidX: 0.1404
CentroidY: 0.0673
