Location: Dedata_26.png_Mean-Medain.png
Component: component_1755507055119_65.png
centerX: 0.37540322580645163
centerY: 0.1188372755770875
width: 0.03588709677419355
height: 0.030493017953833
Area: 0.00040471966096397284
CentroidX: 0.3927
CentroidY: 0.1331
