Location: Dedata_26.png_Mean-Closing.png
Component: component_1755507054612_24.png
centerX: 0.7689516129032258
centerY: 0.037047591906526074
width: 0.037096774193548385
height: 0.024793388429752067
Area: 0.00037691098465696506
CentroidX: 0.7879
CentroidY: 0.0487
