Location: Dedata_26.png_Gaussian-Closing.png
Component: component_1755507055048_327.png
centerX: 0.6129032258064516
centerY: 0.744086634368766
width: 0.03346774193548387
height: 0.0353377030493018
Area: 0.0004332178085843775
CentroidX: 0.6275
CentroidY: 0.7606
