Location: Dedata_26.png_Mean-Medain.png
Component: component_1755507055185_348.png
centerX: 0.20725806451612902
centerY: 0.8150470219435737
width: 0.036290322580645164
height: 0.029923055001424906
Area: 0.00044436426148429384
CentroidX: 0.2243
CentroidY: 0.8300
