Location: Dedata_26.png_Mean-Medain.png
Component: component_1755507055125_94.png
centerX: 0.9564516129032258
centerY: 0.17526360786548875
width: 0.03064516129032258
height: 0.03590766600170989
Area: 0.0004552808906130779
CentroidX: 0.9716
CentroidY: 0.1929
