Location: Dedata_26.png_Gaussian-Closing.png
Component: component_1755507055048_329.png
centerX: 0.41330645161290325
centerY: 0.7477913935594186
width: 0.039919354838709675
height: 0.03619264747791394
Area: 0.0004308046589874884
CentroidX: 0.4301
CentroidY: 0.7651
