Location: Dedata_26.png_Gaussian-Closing.png
Component: component_1755507055017_221.png
centerX: 0.3342741935483871
centerY: 0.47705899116557426
width: 0.036290322580645164
height: 0.031917925334853235
Area: 0.0004682659336820526
CentroidX: 0.3522
CentroidY: 0.4913
