Location: Dedata_26.png_Gaussian-Closing.png
Component: component_1755507055039_289.png
centerX: 0.6608870967741935
centerY: 0.6429182103163295
width: 0.0375
height: 0.036477628954117984
Area: 0.000497338640730288
CentroidX: 0.6780
CentroidY: 0.6603
