Location: Dedata_26.png_Mean-Closing.png
Component: component_1755507054612_23.png
centerX: 0.7185483870967742
centerY: 0.03733257338273012
width: 0.038306451612903226
height: 0.024793388429752067
Area: 0.0003750723944879067
CentroidX: 0.7377
CentroidY: 0.0491
