Location: Dedata_26.png_Gaussian-Median.png
Component: component_1755507055330_356.png
centerX: 0.15483870967741936
centerY: 0.8167569108007979
width: 0.034274193548387094
height: 0.03362781419207751
Area: 0.00042597835979371016
CentroidX: 0.1705
CentroidY: 0.8323
