Location: Dedata_26.png_Gaussian-Median.png
Component: component_1755507055318_301.png
centerX: 0.13024193548387097
centerY: 0.6742661726987745
width: 0.031048387096774193
height: 0.03733257338273012
Area: 0.0004956149624467958
CentroidX: 0.1451
CentroidY: 0.6920
