Location: Dedata_26.png_Gaussian-Median.png
Component: component_1755507055298_205.png
centerX: 0.2911290322580645
centerY: 0.4243374180678256
width: 0.03588709677419355
height: 0.033912795668281565
Area: 0.000451488798389395
CentroidX: 0.3077
CentroidY: 0.4401
