Location: Dedata_26.png_Gaussian-Closing.png
Component: component_1755507054951_117.png
centerX: 0.016935483870967744
centerY: 0.22114562553434028
width: 0.03870967741935484
height: 0.02963807352522086
Area: 0.00039426267937745337
CentroidX: 0.0360
CentroidY: 0.2348
