Location: Dedata_26.png_Mean-Closing.png
Component: component_1755507054625_80.png
centerX: 0.7064516129032258
centerY: 0.152465089769165
width: 0.03588709677419355
height: 0.029353092049016812
Area: 0.0003842653453331985
CentroidX: 0.7228
CentroidY: 0.1663
