Location: Dedata_26.png_Gaussian-Closing.png
Component: component_1755507054911_61.png
centerX: 0.9314516129032258
centerY: 0.10373325733827302
width: 0.03346774193548387
height: 0.03220290681105728
Area: 0.00037978378179611875
CentroidX: 0.9481
CentroidY: 0.1179
