Location: Dedata_26.png_Mean-Closing.png
Component: component_1755507054631_105.png
centerX: 0.5209677419354839
centerY: 0.20319179253348532
width: 0.032661290322580645
height: 0.03362781419207751
Area: 0.00041655558517728606
CentroidX: 0.5377
CentroidY: 0.2193
