Location: Dedata_26.png_Mean-Closing.png
Component: component_1755507054649_181.png
centerX: 0.2375
centerY: 0.3867198632088914
width: 0.03669354838709677
height: 0.02821316614420063
Area: 0.00041655558517728606
CentroidX: 0.2565
CentroidY: 0.4005
