Location: Dedata_26.png_Gaussian-Median.png
Component: component_1755507055271_68.png
centerX: 0.646774193548387
centerY: 0.11541749786263893
width: 0.037096774193548385
height: 0.031062980906241093
Area: 0.00039299864863622577
CentroidX: 0.6648
CentroidY: 0.1297
