Location: Dedata_26.png_Gaussian-Median.png
Component: component_1755507055298_206.png
centerX: 0.23266129032258065
centerY: 0.42661726987745796
width: 0.04435483870967742
height: 0.031917925334853235
Area: 0.000492627253422076
CentroidX: 0.2547
CentroidY: 0.4419
