Location: Dedata_26.png_Gaussian-Closing.png
Component: component_1755507054795_7.png
centerX: 0.6338709677419355
centerY: 0.007124536905101168
width: 0.042741935483870966
height: 0.02821316614420063
Area: 0.00037886448671158957
CentroidX: 0.6545
CentroidY: 0.0216
