Location: Dedata_26.png_Mean-Closing.png
Component: component_1755507054667_262.png
centerX: 0.02258064516129032
centerY: 0.5882017668851525
width: 0.04112903225806452
height: 0.031062980906241093
Area: 0.0005049228251776537
CentroidX: 0.0417
CentroidY: 0.6033
