Location: Dedata_26.png_Gaussian-Closing.png
Component: component_1755507055031_258.png
centerX: 0.33991935483870966
centerY: 0.567683100598461
width: 0.03588709677419355
height: 0.03505272157309775
Area: 0.0004625203394037452
CentroidX: 0.3555
CentroidY: 0.5841
