Location: Dedata_26.png_Mean-Medain.png
Component: component_1755507055120_68.png
centerX: 0.3245967741935484
centerY: 0.11997720148190368
width: 0.032661290322580645
height: 0.034482758620689655
Area: 0.00043000027578852536
CentroidX: 0.3403
CentroidY: 0.1357
