Location: Dedata_26.png_Gaussian-Closing.png
Component: component_1755507055038_285.png
centerX: 0.8233870967741935
centerY: 0.6315189512681676
width: 0.032661290322580645
height: 0.03134796238244514
Area: 0.00039024076338263817
CentroidX: 0.8394
CentroidY: 0.6460
