Location: Dedata_26.png_Gaussian-Closing.png
Component: component_1755507054970_138.png
centerX: 0.07701612903225806
centerY: 0.2658877172983756
width: 0.03306451612903226
height: 0.029923055001424906
Area: 0.00038012851745281717
CentroidX: 0.0948
CentroidY: 0.2800
