Location: Dedata_26.png_Gaussian-Closing.png
Component: component_1755507055017_220.png
centerX: 0.3895161290322581
centerY: 0.47221430607010545
width: 0.03508064516129032
height: 0.03362781419207751
Area: 0.0004471221467378814
CentroidX: 0.4051
CentroidY: 0.4875
