Location: Dedata_26.png_Mean-Closing.png
Component: component_1755507054660_232.png
centerX: 0.4459677419354839
centerY: 0.5149615275007124
width: 0.03467741935483871
height: 0.03134796238244514
Area: 0.00048079132920876273
CentroidX: 0.4637
CentroidY: 0.5302
