Location: Dedata_26.png_Gaussian-Median.png
Component: component_1755507055292_175.png
centerX: 0.07620967741935483
centerY: 0.34796238244514105
width: 0.031048387096774193
height: 0.03334283271587347
Area: 0.0003969056527454748
CentroidX: 0.0918
CentroidY: 0.3644
