Location: Dedata_26.png_Mean-Medain.png
Component: component_1755507055149_192.png
centerX: 0.6774193548387096
centerY: 0.40552864063835853
width: 0.031048387096774193
height: 0.03562268452550584
Area: 0.0004922825177653775
CentroidX: 0.6926
CentroidY: 0.4217
