Location: Dedata_26.png_Mean-Medain.png
Component: component_1755507055128_106.png
centerX: 0.5209677419354839
centerY: 0.20319179253348532
width: 0.03306451612903226
height: 0.033912795668281565
Area: 0.0004166704970628522
CentroidX: 0.5377
CentroidY: 0.2193
