Location: Dedata_26.png_Mean-Medain.png
Component: component_1755507055124_91.png
centerX: 0.16572580645161292
centerY: 0.16785408948418354
width: 0.04153225806451613
height: 0.0347677400968937
Area: 0.0004656229603140312
CentroidX: 0.1834
CentroidY: 0.1854
