Location: Dedata_26.png_Mean-Medain.png
Component: component_1755507055152_203.png
centerX: 0.12661290322580646
centerY: 0.43630664006839553
width: 0.03467741935483871
height: 0.03419777714448561
Area: 0.0004753904705871538
CentroidX: 0.1431
CentroidY: 0.4525
