Location: Dedata_26.png_Gaussian-Closing.png
Component: component_1755507054990_179.png
centerX: 0.6774193548387096
centerY: 0.3633513821601596
width: 0.03387096774193549
height: 0.031917925334853235
Area: 0.00041965820608757203
CentroidX: 0.6928
CentroidY: 0.3775
