Location: Dedata_26.png_Gaussian-Median.png
Component: component_1755507055290_167.png
centerX: 0.40524193548387094
centerY: 0.32516386434881733
width: 0.03870967741935484
height: 0.03305785123966942
Area: 0.00042540380036587945
CentroidX: 0.4219
CentroidY: 0.3404
