Location: Dedata_26.png_Gaussian-Median.png
Component: component_1755507055326_340.png
centerX: 0.20766129032258066
centerY: 0.7700199487033342
width: 0.03588709677419355
height: 0.036477628954117984
Area: 0.0004468923229667491
CentroidX: 0.2243
CentroidY: 0.7865
