Location: Dedata_26.png_Mean-Closing.png
Component: component_1755507054645_165.png
centerX: 0.18669354838709679
centerY: 0.34368766030208037
width: 0.03508064516129032
height: 0.029353092049016812
Area: 0.0003940328556063211
CentroidX: 0.2045
CentroidY: 0.3568
