Location: Dedata_26.png_Gaussian-Median.png
Component: component_1755507055316_293.png
centerX: 0.5056451612903226
centerY: 0.6534625249358792
width: 0.03508064516129032
height: 0.03334283271587347
Area: 0.00044367479017089694
CentroidX: 0.5218
CentroidY: 0.6692
