Location: Dedata_26.png_Gaussian-Median.png
Component: component_1755507055283_130.png
centerX: 0.3189516129032258
centerY: 0.25391849529780564
width: 0.034274193548387094
height: 0.031917925334853235
Area: 0.00039644600520321016
CentroidX: 0.3360
CentroidY: 0.2693
