Location: Dedata_26.png_Mean-Closing.png
Component: component_1755507054613_26.png
centerX: 0.6104838709677419
centerY: 0.03875748076375036
width: 0.037096774193548385
height: 0.023938444001139925
Area: 0.00039679074085990863
CentroidX: 0.6289
CentroidY: 0.0508
