Location: Dedata_26.png_Gaussian-Median.png
Component: component_1755507055301_224.png
centerX: 0.23225806451612904
centerY: 0.48019378740381874
width: 0.03306451612903226
height: 0.03505272157309775
Area: 0.00043551604629570045
CentroidX: 0.2486
CentroidY: 0.4957
