Location: Dedata_26.png_Mean-Medain.png
Component: component_1755507055140_161.png
centerX: 0.40483870967741936
centerY: 0.32516386434881733
width: 0.039112903225806454
height: 0.03305785123966942
Area: 0.0004593028066078931
CentroidX: 0.4219
CentroidY: 0.3404
