Location: Dedata_26.png_Gaussian-Median.png
Component: component_1755507055276_96.png
centerX: 0.16532258064516128
centerY: 0.16785408948418354
width: 0.041935483870967745
height: 0.0347677400968937
Area: 0.00044045725737504483
CentroidX: 0.1834
CentroidY: 0.1855
