Location: Dedata_26.png_Gaussian-Closing.png
Component: component_1755507055047_323.png
centerX: 0.09032258064516129
centerY: 0.7301225420347678
width: 0.036290322580645164
height: 0.03818751781134226
Area: 0.0004817106242932919
CentroidX: 0.1071
CentroidY: 0.7465
