Location: Dedata_26.png_Gaussian-Median.png
Component: component_1755507055271_67.png
centerX: 0.432258064516129
centerY: 0.11541749786263893
width: 0.0375
height: 0.029068110572812767
Area: 0.00038403552156206623
CentroidX: 0.4503
CentroidY: 0.1297
