Location: Dedata_26.png_Gaussian-Closing.png
Component: component_1755507055048_328.png
centerX: 0.567741935483871
centerY: 0.7460815047021944
width: 0.031048387096774193
height: 0.03590766600170989
Area: 0.0004212669724854981
CentroidX: 0.5831
CentroidY: 0.7627
