Location: Dedata_26.png_Mean-Medain.png
Component: component_1755507055178_312.png
centerX: 0.947983870967742
centerY: 0.7198632088914221
width: 0.03225806451612903
height: 0.033912795668281565
Area: 0.00044769670616571215
CentroidX: 0.9647
CentroidY: 0.7357
