Location: Dedata_26.png_Gaussian-Closing.png
Component: component_1755507055006_198.png
centerX: 0.6209677419354839
centerY: 0.40894841835280704
width: 0.038306451612903226
height: 0.03134796238244514
Area: 0.0004373546364647588
CentroidX: 0.6390
CentroidY: 0.4243
