Location: Dedata_26.png_Mean-Closing.png
Component: component_1755507054633_114.png
centerX: 0.8254032258064516
centerY: 0.2262752921060131
width: 0.037096774193548385
height: 0.026788258763180393
Area: 0.0003693268002095993
CentroidX: 0.8436
CentroidY: 0.2390
