Location: Dedata_26.png_Gaussian-Closing.png
Component: component_1755507055002_190.png
centerX: 0.8830645161290323
centerY: 0.3927044742091764
width: 0.037096774193548385
height: 0.033912795668281565
Area: 0.0004412616405740079
CentroidX: 0.9011
CentroidY: 0.4082
