Location: Dedata_26.png_Gaussian-Median.png
Component: component_1755507055248_4.png
centerX: 0.847983870967742
centerY: 0.004844685095468795
width: 0.03387096774193549
height: 0.02707324023938444
Area: 0.0003357725296242841
CentroidX: 0.8640
CentroidY: 0.0174
