Location: Dedata_26.png_Gaussian-Median.png
Component: component_1755507055278_103.png
centerX: 0.8
centerY: 0.18922770019948704
width: 0.046370967741935484
height: 0.032487888287261325
Area: 0.0003979398597155701
CentroidX: 0.8202
CentroidY: 0.2055
