Location: Dedata_26.png_Gaussian-Median.png
Component: component_1755507055317_299.png
centerX: 0.18266129032258063
centerY: 0.6702764320319179
width: 0.041935483870967745
height: 0.03875748076375036
Area: 0.0005331911490269261
CentroidX: 0.2000
CentroidY: 0.6892
