Location: Dedata_26.png_Mean-Medain.png
Component: component_1755507055186_350.png
centerX: 0.09758064516129032
centerY: 0.8196067255628384
width: 0.037096774193548385
height: 0.029923055001424906
Area: 0.00043000027578852536
CentroidX: 0.1146
CentroidY: 0.8343
