Location: Dedata_26.png_Gaussian-Median.png
Component: component_1755507055275_89.png
centerX: 0.4290322580645161
centerY: 0.1573097748646338
width: 0.0375
height: 0.03134796238244514
Area: 0.0003917346178949981
CentroidX: 0.4471
CentroidY: 0.1728
