Location: Dedata_26.png_Gaussian-Closing.png
Component: component_1755507054908_56.png
centerX: 0.16653225806451613
centerY: 0.08378455400398974
width: 0.0407258064516129
height: 0.031917925334853235
Area: 0.00043861866720598647
CentroidX: 0.1840
CentroidY: 0.1007
