Location: Dedata_26.png_Gaussian-Median.png
Component: component_1755507055283_126.png
centerX: 0.525
centerY: 0.2450840695354802
width: 0.03508064516129032
height: 0.03163294385864919
Area: 0.0004072477224464281
CentroidX: 0.5425
CentroidY: 0.2603
