Location: Dedata_26.png_Gaussian-Median.png
Component: component_1755507055308_260.png
centerX: 0.2838709677419355
centerY: 0.5742376745511542
width: 0.03346774193548387
height: 0.031062980906241093
Area: 0.00043689498892249425
CentroidX: 0.2989
CentroidY: 0.5875
