Location: Dedata_26.png_Mean-Closing.png
Component: component_1755507054655_212.png
centerX: 0.49879032258064515
centerY: 0.46110002849814763
width: 0.03508064516129032
height: 0.03932744371615845
Area: 0.0005195166346445546
CentroidX: 0.5171
CentroidY: 0.4780
