Location: Dedata_26.png_Mean-Medain.png
Component: component_1755507055163_251.png
centerX: 0.44556451612903225
centerY: 0.5616984895981761
width: 0.03669354838709677
height: 0.034482758620689655
Area: 0.0005098640362569981
CentroidX: 0.4625
CentroidY: 0.5783
