Location: Dedata_26.png_Gaussian-Closing.png
Component: component_1755507054971_139.png
centerX: 0.7979838709677419
centerY: 0.2670276432031918
width: 0.038306451612903226
height: 0.031062980906241093
Area: 0.0003612829682199689
CentroidX: 0.8175
CentroidY: 0.2811
