Location: Dedata_26.png_Gaussian-Closing.png
Component: component_1755507054860_26.png
centerX: 0.7685483870967742
centerY: 0.03733257338273012
width: 0.03790322580645161
height: 0.024223425477343973
Area: 0.00035909964239421214
CentroidX: 0.7878
CentroidY: 0.0488
