Location: Dedata_26.png_Gaussian-Closing.png
Component: component_1755507055014_215.png
centerX: 0.655241935483871
centerY: 0.4536905101168424
width: 0.029838709677419355
height: 0.03334283271587347
Area: 0.00041781961591851367
CentroidX: 0.6684
CentroidY: 0.4691
