Location: Dedata_26.png_Gaussian-Median.png
Component: component_1755507055249_9.png
centerX: 0.5778225806451613
centerY: 0.007409518381305215
width: 0.044758064516129036
height: 0.02821316614420063
Area: 0.0003874828781290506
CentroidX: 0.5976
CentroidY: 0.0215
