Location: Dedata_26.png_Gaussian-Closing.png
Component: component_1755507055038_281.png
centerX: 0.9237903225806452
centerY: 0.6252493587916785
width: 0.03387096774193549
height: 0.03590766600170989
Area: 0.0004635545463738405
CentroidX: 0.9406
CentroidY: 0.6415
