Location: Dedata_26.png_Gaussian-Median.png
Component: component_1755507055270_60.png
centerX: 0.016129032258064516
centerY: 0.09204901681390709
width: 0.036290322580645164
height: 0.029353092049016812
Area: 0.0004252888884803133
CentroidX: 0.0352
CentroidY: 0.1067
