Location: Dedata_26.png_Gaussian-Median.png
Component: component_1755507055312_273.png
centerX: 0.5512096774193549
centerY: 0.6015958962667427
width: 0.03588709677419355
height: 0.036477628954117984
Area: 0.00046734663859752343
CentroidX: 0.5672
CentroidY: 0.6180
