Location: Dedata_26.png_Gaussian-Closing.png
Component: component_1755507055035_273.png
centerX: 0.5024193548387097
centerY: 0.6024508406953548
width: 0.031048387096774193
height: 0.037902536335138216
Area: 0.0005100938600281304
CentroidX: 0.5173
CentroidY: 0.6192
