Location: Dedata_26.png_Gaussian-Closing.png
Component: component_1755507055032_261.png
centerX: 0.1717741935483871
centerY: 0.5793673411228271
width: 0.03064516129032258
height: 0.032487888287261325
Area: 0.0004120740216402063
CentroidX: 0.1875
CentroidY: 0.5942
