Location: Dedata_26.png_Gaussian-Closing.png
Component: component_1755507054939_79.png
centerX: 0.9548387096774194
centerY: 0.1353662011969222
width: 0.03346774193548387
height: 0.033912795668281565
Area: 0.00039541179823311483
CentroidX: 0.9701
CentroidY: 0.1513
