Location: Dedata_26.png_Mean-Closing.png
Component: component_1755507054688_346.png
centerX: 0.2584677419354839
centerY: 0.8076375035622685
width: 0.031048387096774193
height: 0.034482758620689655
Area: 0.000455395802498644
CentroidX: 0.2739
CentroidY: 0.8245
