Location: Dedata_26.png_Gaussian-Median.png
Component: component_1755507055269_55.png
centerX: 0.32379032258064516
centerY: 0.08321459105158165
width: 0.03669354838709677
height: 0.029068110572812767
Area: 0.0004706790832789417
CentroidX: 0.3433
CentroidY: 0.0970
