Location: Dedata_26.png_Gaussian-Median.png
Component: component_1755507055283_129.png
centerX: 0.3681451612903226
centerY: 0.25049871758335707
width: 0.037096774193548385
height: 0.03163294385864919
Area: 0.0003988591548000993
CentroidX: 0.3858
CentroidY: 0.2649
