Location: Dedata_26.png_Gaussian-Median.png
Component: component_1755507055271_71.png
centerX: 0.27056451612903226
centerY: 0.11940723852949559
width: 0.0375
height: 0.034482758620689655
Area: 0.0004150617306649261
CentroidX: 0.2889
CentroidY: 0.1351
