Location: Dedata_26.png_Gaussian-Median.png
Component: component_1755507055297_201.png
centerX: 0.5596774193548387
centerY: 0.41122827016243946
width: 0.038306451612903226
height: 0.03362781419207751
Area: 0.0004819404480644242
CentroidX: 0.5780
CentroidY: 0.4269
