Location: Dedata_26.png_Mean-Medain.png
Component: component_1755507055138_150.png
centerX: 0.8540322580645161
centerY: 0.30322029068110573
width: 0.035483870967741936
height: 0.031062980906241093
Area: 0.00046183086809034834
CentroidX: 0.8722
CentroidY: 0.3178
