Location: Dedata_26.png_Mean-Medain.png
Component: component_1755507055153_207.png
centerX: 0.8290322580645161
centerY: 0.44314619549729267
width: 0.0375
height: 0.03932744371615845
Area: 0.000575019075373004
CentroidX: 0.8473
CentroidY: 0.4599
