Location: Dedata_26.png_Mean-Closing.png
Component: component_1755507054664_250.png
centerX: 0.44556451612903225
centerY: 0.5616984895981761
width: 0.03669354838709677
height: 0.034482758620689655
Area: 0.0005115877145404903
CentroidX: 0.4625
CentroidY: 0.5783
