Location: Dedata_26.png_Gaussian-Median.png
Component: component_1755507055250_11.png
centerX: 0.8991935483870968
centerY: 0.008264462809917356
width: 0.0375
height: 0.022798518096323737
Area: 0.0002762481729010195
CentroidX: 0.9144
CentroidY: 0.0215
