Location: Dedata_26.png_Gaussian-Closing.png
Component: component_1755507055049_335.png
centerX: 0.2540322580645161
centerY: 0.7657452265602736
width: 0.035483870967741936
height: 0.0347677400968937
Area: 0.00044298531885750004
CentroidX: 0.2703
CentroidY: 0.7815
