Location: Dedata_26.png_Gaussian-Closing.png
Component: component_1755507055039_286.png
centerX: 0.03185483870967742
centerY: 0.6346537475064121
width: 0.034274193548387094
height: 0.03733257338273012
Area: 0.0004897544562829223
CentroidX: 0.0496
CentroidY: 0.6527
