Location: Dedata_26.png_Mean-Closing.png
Component: component_1755507054639_139.png
centerX: 0.5342741935483871
centerY: 0.28241664291821034
width: 0.037096774193548385
height: 0.03334283271587347
Area: 0.0004255187122514456
CentroidX: 0.5520
CentroidY: 0.2981
