Location: Dedata_26.png_Gaussian-Closing.png
Component: component_1755507055052_348.png
centerX: 0.4685483870967742
centerY: 0.7916785408948418
width: 0.031048387096774193
height: 0.033912795668281565
Area: 0.0004078222818742588
CentroidX: 0.4833
CentroidY: 0.8075
