Location: Dedata_26.png_Gaussian-Closing.png
Component: component_1755507055015_217.png
centerX: 0.6036290322580645
centerY: 0.45882017668851527
width: 0.03669354838709677
height: 0.03305785123966942
Area: 0.0004668869910552588
CentroidX: 0.6206
CentroidY: 0.4737
