Location: Dedata_26.png_Gaussian-Median.png
Component: component_1755507055302_226.png
centerX: 0.1814516129032258
centerY: 0.4847534910230835
width: 0.036290322580645164
height: 0.03362781419207751
Area: 0.00046217560374704677
CentroidX: 0.1977
CentroidY: 0.5001
