Location: Dedata_26.png_Gaussian-Closing.png
Component: component_1755507055008_206.png
centerX: 0.18064516129032257
centerY: 0.43117697349672274
width: 0.032661290322580645
height: 0.032487888287261325
Area: 0.0004671168148263911
CentroidX: 0.1964
CentroidY: 0.4465
