Location: Dedata_26.png_Gaussian-Closing.png
Component: component_1755507055046_321.png
centerX: 0.8133064516129033
centerY: 0.7272727272727273
width: 0.034274193548387094
height: 0.03334283271587347
Area: 0.0004341371036689067
CentroidX: 0.8284
CentroidY: 0.7421
