Location: Dedata_26.png_Mean-Medain.png
Component: component_1755507055166_266.png
centerX: 0.6024193548387097
centerY: 0.6004559703619264
width: 0.03508064516129032
height: 0.03590766600170989
Area: 0.0005596208827071402
CentroidX: 0.6195
CentroidY: 0.6168
