Location: Dedata_26.png_Mean-Closing.png
Component: component_1755507054665_251.png
centerX: 0.38911290322580644
centerY: 0.5659732117412368
width: 0.03508064516129032
height: 0.031062980906241093
Area: 0.0004629799869460098
CentroidX: 0.4061
CentroidY: 0.5808
