Location: Dedata_26.png_Mean-Medain.png
Component: component_1755507055131_121.png
centerX: 0.525
centerY: 0.2450840695354802
width: 0.03508064516129032
height: 0.03163294385864919
Area: 0.00042689765487823934
CentroidX: 0.5426
CentroidY: 0.2603
