Location: Dedata_26.png_Gaussian-Closing.png
Component: component_1755507055018_222.png
centerX: 0.2846774193548387
centerY: 0.4793388429752066
width: 0.035483870967741936
height: 0.03334283271587347
Area: 0.0004245994171669164
CentroidX: 0.3007
CentroidY: 0.4946
