Location: Dedata_26.png_Gaussian-Median.png
Component: component_1755507055266_42.png
centerX: 0.9334677419354839
centerY: 0.06469079509831861
width: 0.034274193548387094
height: 0.030777999430037048
Area: 0.0004341371036689067
CentroidX: 0.9507
CentroidY: 0.0793
