Location: Dedata_26.png_Gaussian-Closing.png
Component: component_1755507055029_248.png
centerX: 0.7713709677419355
centerY: 0.5383300085494442
width: 0.03951612903225806
height: 0.03875748076375036
Area: 0.0004904439275963191
CentroidX: 0.7902
CentroidY: 0.5558
