Location: Dedata_26.png_Mean-Closing.png
Component: component_1755507054617_42.png
centerX: 0.8185483870967742
centerY: 0.0701054431461955
width: 0.032661290322580645
height: 0.03362781419207751
Area: 0.0004812509767510273
CentroidX: 0.8362
CentroidY: 0.0856
