Location: Dedata_26.png_Gaussian-Closing.png
Component: component_1755507054971_140.png
centerX: 0.7463709677419355
centerY: 0.26873753206041606
width: 0.04112903225806452
height: 0.034482758620689655
Area: 0.00044470899714099227
CentroidX: 0.7649
CentroidY: 0.2854
