Location: Dedata_26.png_Gaussian-Median.png
Component: component_1755507055284_131.png
centerX: 0.9548387096774194
centerY: 0.2542034767740097
width: 0.031048387096774193
height: 0.028498147620404674
Area: 0.00032864799271918295
CentroidX: 0.9688
CentroidY: 0.2682
