Location: Dedata_26.png_Gaussian-Median.png
Component: component_1755507055306_249.png
centerX: 0.7709677419354839
centerY: 0.5383300085494442
width: 0.039919354838709675
height: 0.03875748076375036
Area: 0.0004909035751385838
CentroidX: 0.7902
CentroidY: 0.5558
