Location: Dedata_26.png_Mean-Closing.png
Component: component_1755507054687_344.png
centerX: 0.3620967741935484
centerY: 0.8005129666571673
width: 0.03225806451612903
height: 0.03305785123966942
Area: 0.00041322314049586776
CentroidX: 0.3761
CentroidY: 0.8159
