Location: Dedata_26.png_Mean-Medain.png
Component: component_1755507055167_268.png
centerX: 0.5024193548387097
centerY: 0.6021658592191508
width: 0.031048387096774193
height: 0.03818751781134226
Area: 0.0005390516551907996
CentroidX: 0.5174
CentroidY: 0.6191
