Location: Dedata_26.png_Mean-Medain.png
Component: component_1755507055125_96.png
centerX: 0.9084677419354839
centerY: 0.18324308919920204
width: 0.03387096774193549
height: 0.02707324023938444
Area: 0.0003618575276477997
CentroidX: 0.9255
CentroidY: 0.1962
