Location: Dedata_26.png_Gaussian-Median.png
Component: component_1755507055273_79.png
centerX: 0.9548387096774194
centerY: 0.1353662011969222
width: 0.03346774193548387
height: 0.033912795668281565
Area: 0.00039495215069085027
CentroidX: 0.9701
CentroidY: 0.1513
