Location: Dedata_26.png_Mean-Closing.png
Component: component_1755507054625_83.png
centerX: 0.6459677419354839
centerY: 0.15702479338842976
width: 0.041935483870967745
height: 0.031062980906241093
Area: 0.0004485010893646752
CentroidX: 0.6639
CentroidY: 0.1723
