Location: Dedata_26.png_Gaussian-Closing.png
Component: component_1755507055051_342.png
centerX: 0.10483870967741936
centerY: 0.7754345967512112
width: 0.04516129032258064
height: 0.03761755485893417
Area: 0.00048607727594480554
CentroidX: 0.1246
CentroidY: 0.7932
