Location: Dedata_26.png_Gaussian-Median.png
Component: component_1755507055252_18.png
centerX: 0.294758064516129
centerY: 0.01481903676261043
width: 0.04233870967741935
height: 0.02821316614420063
Area: 0.0003979398597155701
CentroidX: 0.3164
CentroidY: 0.0279
