Location: Dedata_26.png_Mean-Closing.png
Component: component_1755507054687_342.png
centerX: 0.4681451612903226
centerY: 0.7916785408948418
width: 0.031451612903225803
height: 0.033912795668281565
Area: 0.0004548212430708133
CentroidX: 0.4833
CentroidY: 0.8077
