Location: Dedata_26.png_Mean-Closing.png
Component: component_1755507054636_129.png
centerX: 0.9080645161290323
centerY: 0.2616129951553149
width: 0.03669354838709677
height: 0.031917925334853235
Area: 0.0004044898371928405
CentroidX: 0.9265
CentroidY: 0.2763
