Location: Dedata_26.png_Mean-Medain.png
Component: component_1755507055165_258.png
centerX: 0.9233870967741935
centerY: 0.5802222855514392
width: 0.03225806451612903
height: 0.027358221715588486
Area: 0.00041850908723191057
CentroidX: 0.9374
CentroidY: 0.5940
