Location: Dedata_26.png_Mean-Closing.png
Component: component_1755507054646_169.png
centerX: 0.022983870967741935
centerY: 0.3510971786833856
width: 0.041935483870967745
height: 0.031917925334853235
Area: 0.0004658527840851635
CentroidX: 0.0445
CentroidY: 0.3660
