Location: Dedata_26.png_Mean-Closing.png
Component: component_1755507054616_38.png
centerX: 0.9338709677419355
centerY: 0.06469079509831861
width: 0.03387096774193549
height: 0.030777999430037048
Area: 0.00046378437014497285
CentroidX: 0.9509
CentroidY: 0.0792
