Location: Dedata_26.png_Mean-Medain.png
Component: component_1755507055109_20.png
centerX: 0.18830645161290321
centerY: 0.01738387004844685
width: 0.03225806451612903
height: 0.025933314334568254
Area: 0.00036277682273232886
CentroidX: 0.2047
CentroidY: 0.0292
