Location: Dedata_26.png_Mean-Medain.png
Component: component_1755507055165_261.png
centerX: 0.07620967741935483
centerY: 0.585351952123112
width: 0.03024193548387097
height: 0.036477628954117984
Area: 0.0004761948537861168
CentroidX: 0.0920
CentroidY: 0.6020
