Location: Dedata_26.png_Gaussian-Closing.png
Component: component_1755507054895_34.png
centerX: 0.23387096774193547
centerY: 0.047021943573667714
width: 0.03387096774193549
height: 0.028783129096608722
Area: 0.00032887781649031523
CentroidX: 0.2501
CentroidY: 0.0611
