Location: Dedata_26.png_Gaussian-Median.png
Component: component_1755507055325_336.png
centerX: 0.9354838709677419
centerY: 0.7648902821316614
width: 0.032661290322580645
height: 0.038472499287546306
Area: 0.0004620606918614806
CentroidX: 0.9511
CentroidY: 0.7818
