Location: Dedata_26.png_Mean-Closing.png
Component: component_1755507054626_86.png
centerX: 0.3713709677419355
centerY: 0.15901966372185808
width: 0.043548387096774194
height: 0.03305785123966942
Area: 0.000480216769780932
CentroidX: 0.3900
CentroidY: 0.1750
