Location: Dedata_26.png_Mean-Medain.png
Component: component_1755507055159_234.png
centerX: 0.392741935483871
centerY: 0.5195212311199772
width: 0.034274193548387094
height: 0.032487888287261325
Area: 0.0004660826078562958
CentroidX: 0.4094
CentroidY: 0.5344
