Location: Dedata_26.png_Gaussian-Median.png
Component: component_1755507055329_349.png
centerX: 0.5209677419354839
centerY: 0.7911085779424337
width: 0.03185483870967742
height: 0.032487888287261325
Area: 0.00039920389045679775
CentroidX: 0.5364
CentroidY: 0.8059
