Location: Dedata_26.png_Mean-Closing.png
Component: component_1755507054660_230.png
centerX: 0.5479838709677419
centerY: 0.5066970646907951
width: 0.03346774193548387
height: 0.0347677400968937
Area: 0.00047791853206960905
CentroidX: 0.5639
CentroidY: 0.5226
