Location: Dedata_26.png_Gaussian-Median.png
Component: component_1755507055281_117.png
centerX: 0.07056451612903226
centerY: 0.21972071815332003
width: 0.039112903225806454
height: 0.03562268452550584
Area: 0.0004221862675700273
CentroidX: 0.0868
CentroidY: 0.2364
