Location: Dedata_26.png_Mean-Medain.png
Component: component_1755507055157_226.png
centerX: 0.7536290322580645
centerY: 0.493872898261613
width: 0.03588709677419355
height: 0.032487888287261325
Area: 0.0004432151426286324
CentroidX: 0.7698
CentroidY: 0.5094
