Location: Dedata_26.png_Gaussian-Closing.png
Component: component_1755507055027_242.png
centerX: 0.9262096774193549
centerY: 0.5289256198347108
width: 0.032661290322580645
height: 0.031917925334853235
Area: 0.0004310344827586207
CentroidX: 0.9421
CentroidY: 0.5433
