Location: Dedata_26.png_Gaussian-Closing.png
Component: component_1755507054909_59.png
centerX: 0.06330645161290323
centerY: 0.091479053861499
width: 0.04153225806451613
height: 0.03134796238244514
Area: 0.0004437897020564631
CentroidX: 0.0812
CentroidY: 0.1072
