Location: Dedata_26.png_Mean-Medain.png
Component: component_1755507055184_342.png
centerX: 0.5209677419354839
centerY: 0.7911085779424337
width: 0.03185483870967742
height: 0.032487888287261325
Area: 0.0004425256713152355
CentroidX: 0.5366
CentroidY: 0.8060
