Location: Dedata_26.png_Mean-Closing.png
Component: component_1755507054632_108.png
centerX: 0.11895161290322581
centerY: 0.21630094043887146
width: 0.0407258064516129
height: 0.03163294385864919
Area: 0.00042172662002776273
CentroidX: 0.1411
CentroidY: 0.2318
