Location: Dedata_26.png_Mean-Medain.png
Component: component_1755507055169_280.png
centerX: 0.8233870967741935
centerY: 0.6315189512681676
width: 0.032661290322580645
height: 0.03134796238244514
Area: 0.00041529155443605846
CentroidX: 0.8394
CentroidY: 0.6460
