Location: Dedata_26.png_Mean-Medain.png
Component: component_1755507055154_215.png
centerX: 0.3895161290322581
centerY: 0.47221430607010545
width: 0.03508064516129032
height: 0.03362781419207751
Area: 0.00047676941321394753
CentroidX: 0.4051
CentroidY: 0.4873
