Location: Dedata_26.png_Gaussian-Median.png
Component: component_1755507055290_166.png
centerX: 0.5278225806451613
centerY: 0.3240239384440011
width: 0.03588709677419355
height: 0.03305785123966942
Area: 0.00041678540894841834
CentroidX: 0.5440
CentroidY: 0.3393
