Location: Dedata_26.png_Gaussian-Median.png
Component: component_1755507055265_35.png
centerX: 0.23387096774193547
centerY: 0.047021943573667714
width: 0.034274193548387094
height: 0.028783129096608722
Area: 0.0003300269353459767
CentroidX: 0.2502
CentroidY: 0.0612
