Location: Dedata_26.png_Mean-Medain.png
Component: component_1755507055117_55.png
centerX: 0.06330645161290323
centerY: 0.091479053861499
width: 0.04112903225806452
height: 0.03134796238244514
Area: 0.0004580387758666654
CentroidX: 0.0811
CentroidY: 0.1071
