Location: Dedata_26.png_Mean-Medain.png
Component: component_1755507055173_295.png
centerX: 0.13024193548387097
centerY: 0.6742661726987745
width: 0.031048387096774193
height: 0.03733257338273012
Area: 0.0005272157309774865
CentroidX: 0.1452
CentroidY: 0.6919
