Location: Dedata_26.png_Mean-Medain.png
Component: component_1755507055136_146.png
centerX: 0.9540322580645161
centerY: 0.29609575377600456
width: 0.032661290322580645
height: 0.02821316614420063
Area: 0.00038656358304452144
CentroidX: 0.9692
CentroidY: 0.3108
