Location: Dedata_26.png_Gaussian-Median.png
Component: component_1755507055274_87.png
centerX: 0.5919354838709677
centerY: 0.15702479338842976
width: 0.0407258064516129
height: 0.034482758620689655
Area: 0.0004163257614061538
CentroidX: 0.6101
CentroidY: 0.1730
