Location: Dedata_26.png_Gaussian-Median.png
Component: component_1755507055328_345.png
centerX: 0.053629032258064514
centerY: 0.7785693929894557
width: 0.039112903225806454
height: 0.036477628954117984
Area: 0.0005096342124858658
CentroidX: 0.0712
CentroidY: 0.7957
