Location: Dedata_26.png_Mean-Closing.png
Component: component_1755507054675_295.png
centerX: 0.08669354838709678
centerY: 0.676831005984611
width: 0.03306451612903226
height: 0.037047591906526074
Area: 0.00050354388255086
CentroidX: 0.1029
CentroidY: 0.6952
