Location: Dedata_26.png_Mean-Medain.png
Component: component_1755507055172_293.png
centerX: 0.18266129032258063
centerY: 0.6702764320319179
width: 0.041935483870967745
height: 0.038472499287546306
Area: 0.0005577822925380818
CentroidX: 0.1999
CentroidY: 0.6889
