Location: Dedata_26.png_Mean-Medain.png
Component: component_1755507055111_29.png
centerX: 0.4971774193548387
centerY: 0.04474209176403534
width: 0.03790322580645161
height: 0.02536335138216016
Area: 0.00031934012998832494
CentroidX: 0.5133
CentroidY: 0.0585
