Location: Dedata_26.png_Gaussian-Closing.png
Component: component_1755507054948_105.png
centerX: 0.6266129032258064
centerY: 0.19863208891422057
width: 0.039919354838709675
height: 0.02963807352522086
Area: 0.0003966758289743425
CentroidX: 0.6442
CentroidY: 0.2133
