Location: Dedata_26.png_Mean-Medain.png
Component: component_1755507055119_62.png
centerX: 0.4786290322580645
centerY: 0.11456255343402678
width: 0.039112903225806454
height: 0.031917925334853235
Area: 0.0004166704970628522
CentroidX: 0.4962
CentroidY: 0.1296
