Location: Dedata_32.png_Otsu.png
Component: component_1755502451822_364.png
centerX: 0.6852075775896815
centerY: 0.22355289421157684
width: 0.05280128980249899
height: 0.02765896777872826
Area: 0.000384904171044104
CentroidX: 0.7127
CentroidY: 0.2368
