Location: internet_32.png_Mean-Medain.png
Component: component_1755077241694_177.png
centerX: 0.7243047158403869
centerY: 0.4388366124893071
width: 0.03788794840790004
height: 0.03279155973766752
Area: 0.0005821258961894257
CentroidX: 0.7439
CentroidY: 0.4553
