Location: Dedata_32.png_Mean-Medain.png
Component: component_1755502451056_256.png
centerX: 0.2688432083837162
centerY: 0.6164813230681494
width: 0.04514308746473196
height: 0.028514399771884802
Area: 0.0004630573022205718
CentroidX: 0.2941
CentroidY: 0.6280
