Location: Dedata_32.png_Mean-Closing.png
Component: component_1755502451686_61.png
centerX: 0.6646513502619912
centerY: 0.13145138294838893
width: 0.032245062474808545
height: 0.02737382378100941
Area: 0.0004088098346980824
CentroidX: 0.6803
CentroidY: 0.1444
