Location: Dedata_32.png_Mean-Closing.png
Component: component_1755502451679_38.png
centerX: 0.018540910923014912
centerY: 0.08839463929284289
width: 0.04191858121725111
height: 0.02737382378100941
Area: 0.00033456436008043794
CentroidX: 0.0403
CentroidY: 0.0998
