Location: internet_32.png_Otsu.png
Component: component_1755077240392_739.png
centerX: 0.07295445384925434
centerY: 0.3313373253493014
width: 0.03788794840790004
height: 0.03735386370116909
Area: 0.00046926358028458545
CentroidX: 0.0895
CentroidY: 0.3489
