Location: internet_32.png_Gaussian-Closing.png
Component: component_1755077241566_168.png
centerX: 0.5401047964530431
centerY: 0.4513829483889364
width: 0.03909713825070536
height: 0.035642999714856
Area: 0.0005679893739325058
CentroidX: 0.5594
CentroidY: 0.4693
