Location: internet_32.png_Mean-Medain.png
Component: component_1755077241669_81.png
centerX: 0.7904070939137444
centerY: 0.17251211861990304
width: 0.03426037887948408
height: 0.036213287710293696
Area: 0.0006329254314541298
CentroidX: 0.8071
CentroidY: 0.1906
