Location: Dedata_32.png_Otsu.png
Component: component_1755502451818_300.png
centerX: 0.505844417573559
centerY: 0.17678927858568577
width: 0.03426037887948408
height: 0.026803535785571715
Area: 0.00038938648297922495
CentroidX: 0.5238
CentroidY: 0.1890
