Location: internet_32.png_Gaussian-Median.png
Component: component_1755077241336_293.png
centerX: 0.3599355098750504
centerY: 0.6062161391502708
width: 0.032648125755743655
height: 0.03279155973766752
Area: 0.000494548416841678
CentroidX: 0.3771
CentroidY: 0.6216
