Location: internet_32.png_Gaussian-Median.png
Component: component_1755077241116_95.png
centerX: 0.42845626763401856
centerY: 0.19275734245794127
width: 0.035872632003224506
height: 0.04077559167379527
Area: 0.0005832752069420209
CentroidX: 0.4470
CentroidY: 0.2137
