Location: internet_32.png_Gaussian-Median.png
Component: component_1755077241110_88.png
centerX: 0.7359935509875051
centerY: 0.17422298260621613
width: 0.03184199919387344
height: 0.03849443969204448
Area: 0.0005660355456530941
CentroidX: 0.7516
CentroidY: 0.1938
