Location: internet_32.png_Mean-Medain.png
Component: component_1755077241718_268.png
centerX: 0.9338976219266425
centerY: 0.6481323068149415
width: 0.03345425231761386
height: 0.03706871970345024
Area: 0.0005216721506029226
CentroidX: 0.9501
CentroidY: 0.6667
