Location: Dedata_32.png_Mean-Medain.png
Component: component_1755502451026_116.png
centerX: 0.5538089480048367
centerY: 0.2606216139150271
width: 0.037081821846029824
height: 0.03022526375819789
Area: 0.0004959275897447921
CentroidX: 0.5742
CentroidY: 0.2742
