Location: Dedata_32.png_Otsu.png
Component: component_1755502451845_662.png
centerX: 0.013301088270858524
centerY: 0.478471628172227
width: 0.04191858121725111
height: 0.029369831765041345
Area: 0.0003792725483563879
CentroidX: 0.0369
CentroidY: 0.4911
