Location: internet_32.png_Mean-Medain.png
Component: component_1755077241715_254.png
centerX: 0.7988714228133817
centerY: 0.6187624750499002
width: 0.03345425231761386
height: 0.03165098374679213
Area: 0.0004840896889930624
CentroidX: 0.8152
CentroidY: 0.6338
