Location: internet_32.png_Gaussian-Median.png
Component: component_1755077241177_159.png
centerX: 0.60378879484079
centerY: 0.35357855717137154
width: 0.037484885126964934
height: 0.03307670373538637
Area: 0.0005754598938243741
CentroidX: 0.6219
CentroidY: 0.3691
