Location: Dedata_32.png_Otsu.png
Component: component_1755502451843_632.png
centerX: 0.6029826682789198
centerY: 0.45052751639577987
width: 0.04312777106005643
height: 0.029369831765041345
Area: 0.0003480112958858008
CentroidX: 0.6234
CentroidY: 0.4638
