Location: Dedata_32.png_Mean-Medain.png
Component: component_1755502451059_267.png
centerX: 0.9234179766223297
centerY: 0.6301682349586541
width: 0.04393389762192664
height: 0.02879954376960365
Area: 0.00044271450189963825
CentroidX: 0.9453
CentroidY: 0.6429
