Location: Dedata_32.png_Mean-Medain.png
Component: component_1755502451008_31.png
centerX: 0.6908504635227731
centerY: 0.05218135158254919
width: 0.03667875856509472
height: 0.028514399771884802
Area: 0.0003828354116894328
CentroidX: 0.7115
CentroidY: 0.0643
