Location: Paraklitoni_1720_page_10.png_Mean-Medain.png
Component: component_1755610055449_1866.png
centerX: 0.3086890243902439
centerY: 0.6731829573934837
width: 0.013719512195121951
height: 0.010025062656641603
Area: 6.991564276545021e-05
CentroidX: 0.3144
CentroidY: 0.6775
