Location: Kurtxevani_1794_page_10.png_Mean-Medain.png
Component: component_1755610054937_1417.png
centerX: 0.7884278199883109
centerY: 0.4067871308946673
width: 0.015780245470485097
height: 0.015425297487880123
Area: 0.00015506435814818126
CentroidX: 0.7959
CentroidY: 0.4139
