Location: Dedata_32.png_Gaussian-Closing.png
Component: component_1755502451149_88.png
centerX: 0.6775493752519145
centerY: 0.18163672654690619
width: 0.03990326481257558
height: 0.028229255774165955
Area: 0.0004438638126522334
CentroidX: 0.7009
CentroidY: 0.1935
