Location: internet_32.png_Mean-Medain.png
Component: component_1755077241660_45.png
centerX: 0.7214832728738412
centerY: 0.08668377530652979
width: 0.032245062474808545
height: 0.03022526375819789
Area: 0.00044145026007178363
CentroidX: 0.7387
CentroidY: 0.1001
