Location: Dedata_32.png_Gaussian-Closing.png
Component: component_1755502451167_157.png
centerX: 0.3329302700523982
centerY: 0.3741089250071286
width: 0.041515517936316
height: 0.03136583974907328
Area: 0.00038375486029150886
CentroidX: 0.3530
CentroidY: 0.3884
