Location: Dedata_32.png_Mean-Medain.png
Component: component_1755502451040_178.png
centerX: 0.5082627972591697
centerY: 0.4151696606786427
width: 0.041112454655380895
height: 0.021956087824351298
Area: 0.00035249360782092174
CentroidX: 0.5287
CentroidY: 0.4245
