Location: internet_32.png_Gaussian-Median.png
Component: component_1755077241351_311.png
centerX: 0.44216041918581217
centerY: 0.6469917308240661
width: 0.030229746070133012
height: 0.031936127744510975
Area: 0.00043765753458821976
CentroidX: 0.4565
CentroidY: 0.6633
