Location: Dedata_32.png_Mean-Closing.png
Component: component_1755502451713_179.png
centerX: 0.8887545344619106
centerY: 0.4251497005988024
width: 0.03829101168883515
height: 0.026518391787852865
Area: 0.0003419199488970467
CentroidX: 0.9087
CentroidY: 0.4369
