Location: Paraklitoni_1720_page_10.png_Mean-Medain.png
Component: component_1755610055266_571.png
centerX: 0.4580792682926829
centerY: 0.21604010025062656
width: 0.012195121951219513
height: 0.012030075187969926
Area: 9.704138394767406e-05
CentroidX: 0.4638
CentroidY: 0.2217
