Location: Dedata_32.png_Otsu.png
Component: component_1755502451820_339.png
centerX: 0.01652559451833938
centerY: 0.21100655831194753
width: 0.0471584038694075
height: 0.025092671799258625
Area: 0.00037030792448614606
CentroidX: 0.0387
CentroidY: 0.2213
