Location: Dedata_32.png_Mean-Medain.png
Component: component_1755502451049_216.png
centerX: 0.8524788391777509
centerY: 0.502708867978329
width: 0.04030632809351068
height: 0.03051040775591674
Area: 0.00044145026007178363
CentroidX: 0.8707
CentroidY: 0.5165
