Location: Dedata_32.png_Otsu.png
Component: component_1755502451842_628.png
centerX: 0.237807335751713
centerY: 0.44568006843455943
width: 0.042724707779121324
height: 0.0290846877673225
Area: 0.00035812523050863783
CentroidX: 0.2608
CentroidY: 0.4576
