Location: internet_32.png_Otsu.png
Component: component_1755077240710_1844.png
centerX: 0.48810963321241435
centerY: 0.6917593384659253
width: 0.03385731559854897
height: 0.036213287710293696
Area: 0.00043202591190050373
CentroidX: 0.5032
CentroidY: 0.7081
