Location: internet_32.png_Gaussian-Closing.png
Component: component_1755077241558_146.png
centerX: 0.010479645304312777
centerY: 0.3835186769318506
width: 0.03143893591293833
height: 0.03421727972626176
Area: 0.0004979963490994633
CentroidX: 0.0251
CentroidY: 0.4002
