Location: internet_32.png_Gaussian-Median.png
Component: component_1755077241366_330.png
centerX: 0.6009673518742442
centerY: 0.6823495865412033
width: 0.03184199919387344
height: 0.03450242372398061
Area: 0.00047351603006918737
CentroidX: 0.6163
CentroidY: 0.6998
