Location: internet_32.png_Gaussian-Closing.png
Component: component_1755077241577_206.png
centerX: 0.4727932285368803
centerY: 0.546050755631594
width: 0.03143893591293833
height: 0.03307670373538637
Area: 0.00043225577405102276
CentroidX: 0.4884
CentroidY: 0.5628
