Location: Dedata_32.png_Mean-Medain.png
Component: component_1755502451033_146.png
centerX: 0.4852881902458686
centerY: 0.34673510122611917
width: 0.041515517936316
height: 0.023952095808383235
Area: 0.00040202890125777123
CentroidX: 0.5061
CentroidY: 0.3572
