Location: Dedata_32.png_Mean-Closing.png
Component: component_1755502451698_114.png
centerX: 0.7440548166062072
centerY: 0.26889078984887366
width: 0.03909713825070536
height: 0.02879954376960365
Area: 0.0004438638126522334
CentroidX: 0.7658
CentroidY: 0.2807
