Location: Samociqulo_1709_page_10.png_Gaussian-Median.png
Component: component_1755610056260_2649.png
centerX: 0.5759213759213759
centerY: 0.6440625
width: 0.025552825552825554
height: 0.0165625
Area: 0.00018765356265356266
CentroidX: 0.5861
CentroidY: 0.6513
