Location: Paraklitoni_1720_page_10.png_Mean-Medain.png
Component: component_1755610055307_1007.png
centerX: 0.8025914634146342
centerY: 0.3619047619047619
width: 0.013719512195121951
height: 0.012030075187969926
Area: 9.016443547894125e-05
CentroidX: 0.8083
CentroidY: 0.3670
