Location: Dedata_32.png_Mean-Medain.png
Component: component_1755502451054_241.png
centerX: 0.3252720677146312
centerY: 0.5788423153692615
width: 0.04554615074566707
height: 0.028514399771884802
Area: 0.0004728264436176303
CentroidX: 0.3488
CentroidY: 0.5907
