Location: internet_32.png_Mean-Medain.png
Component: component_1755077241687_143.png
centerX: 0.3063280935106812
centerY: 0.369546621043627
width: 0.03909713825070536
height: 0.037639007698887936
Area: 0.0006468320915605307
CentroidX: 0.3240
CentroidY: 0.3880
