Location: Dedata_32.png_Gaussian-Closing.png
Component: component_1755502451307_251.png
centerX: 0.2688432083837162
centerY: 0.6164813230681494
width: 0.044740024183796856
height: 0.028514399771884802
Area: 0.00044765653813579726
CentroidX: 0.2940
CentroidY: 0.6279
