Location: Dedata_32.png_Mean-Medain.png
Component: component_1755502451022_98.png
centerX: 0.34744054816606207
centerY: 0.21642429426860565
width: 0.0471584038694075
height: 0.02566295979469632
Area: 0.0004678844073814713
CentroidX: 0.3704
CentroidY: 0.2272
