Location: Dedata_32.png_Mean-Medain.png
Component: component_1755502451032_141.png
centerX: 0.20838371624345023
centerY: 0.335899629312803
width: 0.049979846835953246
height: 0.02281151981750784
Area: 0.00042857797964271837
CentroidX: 0.2310
CentroidY: 0.3451
