Location: Samociqulo_1709_page_10.png_Gaussian-Median.png
Component: component_1755610056132_1035.png
centerX: 0.4147420147420147
centerY: 0.223125
width: 0.022113022113022112
height: 0.0146875
Area: 0.00015801597051597052
CentroidX: 0.4242
CentroidY: 0.2293
