Location: Dedata_32.png_Mean-Medain.png
Component: component_1755502451071_314.png
centerX: 0.8424022571543732
centerY: 0.7613344739093242
width: 0.03788794840790004
height: 0.03222127174222983
Area: 0.0004135220087837224
CentroidX: 0.8610
CentroidY: 0.7765
