Location: Kurtxevani_1764_page_10.png_Otsu.png
Component: component_1755610055918_1137.png
centerX: 0.8750809061488674
centerY: 0.4401309635173059
width: 0.018770226537216828
height: 0.01824134705332086
Area: 0.00019163177636299236
CentroidX: 0.8837
CentroidY: 0.4486
