Location: Dedata_32.png_Otsu.png
Component: component_1755502451813_263.png
centerX: 0.2067714631197098
centerY: 0.13031080695751354
width: 0.04191858121725111
height: 0.027088679783290562
Area: 0.0004200730800735145
CentroidX: 0.2301
CentroidY: 0.1421
