Location: Dedata_32.png_Mean-Closing.png
Component: component_1755502451743_317.png
centerX: 0.731962918178154
centerY: 0.8069575135443399
width: 0.04232164449818621
height: 0.03022526375819789
Area: 0.0004259345649117496
CentroidX: 0.7487
CentroidY: 0.8209
