Location: Dedata_32.png_Gaussian-Closing.png
Component: component_1755502451182_217.png
centerX: 0.13381700927045545
centerY: 0.5292272597661819
width: 0.03909713825070536
height: 0.029369831765041345
Area: 0.0004082351793217848
CentroidX: 0.1550
CentroidY: 0.5414
