Location: Dedata_32.png_Mean-Closing.png
Component: component_1755502451687_62.png
centerX: 0.332124143490528
centerY: 0.13259195893926431
width: 0.032648125755743655
height: 0.031080695751354435
Area: 0.0004788028595311249
CentroidX: 0.3505
CentroidY: 0.1471
