Location: internet_32.png_Gaussian-Median.png
Component: component_1755077241026_19.png
centerX: 0.6795646916565901
centerY: 0.042486455660108356
width: 0.030229746070133012
height: 0.030795551753635585
Area: 0.00038973127620500346
CentroidX: 0.6938
CentroidY: 0.0566
