Location: internet_32.png_Otsu.png
Component: component_1755077240394_791.png
centerX: 0.7214832728738412
centerY: 0.34702024522383806
width: 0.03184199919387344
height: 0.03507271171941831
Area: 0.00041375187093424136
CentroidX: 0.7377
CentroidY: 0.3636
