Location: Dedata_32.png_Mean-Closing.png
Component: component_1755502451708_162.png
centerX: 0.871825876662636
centerY: 0.3932135728542914
width: 0.04675534058847239
height: 0.02281151981750784
Area: 0.00034134529352074916
CentroidX: 0.8939
CentroidY: 0.4024
