Location: Dedata_32.png_Gaussian-Closing.png
Component: component_1755502451352_288.png
centerX: 0.46311970979443773
centerY: 0.7068719703450242
width: 0.049576783555018135
height: 0.030795551753635585
Area: 0.00041501611276209603
CentroidX: 0.4893
CentroidY: 0.7190
