Location: Dedata_32.png_Otsu.png
Component: component_1755502451833_547.png
centerX: 0.5530028214429665
centerY: 0.3487311092101511
width: 0.0471584038694075
height: 0.025377815796977475
Area: 0.0003719169595397792
CentroidX: 0.5767
CentroidY: 0.3593
