Location: Dedata_32.png_Mean-Closing.png
Component: component_1755502451731_259.png
centerX: 0.1293833131801693
centerY: 0.6558311947533504
width: 0.039500201531640466
height: 0.02765896777872826
Area: 0.00044271450189963825
CentroidX: 0.1520
CentroidY: 0.6682
