Location: Dedata_32.png_Gaussian-Closing.png
Component: component_1755502451173_187.png
centerX: 0.177347843611447
centerY: 0.44254348445965214
width: 0.04917372027408303
height: 0.02765896777872826
Area: 0.00041202790480534873
CentroidX: 0.2012
CentroidY: 0.4541
