Location: Dedata_32.png_Otsu.png
Component: component_1755502451848_686.png
centerX: 0.7347843611446997
centerY: 0.5007128599942972
width: 0.04070939137444579
height: 0.02623324779013402
Area: 0.00032548480513493655
CentroidX: 0.7535
CentroidY: 0.5120
