Location: Kurtxevani_1764_page_10.png_Otsu.png
Component: component_1755610056002_1910.png
centerX: 0.3948220064724919
centerY: 0.8072965388213283
width: 0.018122977346278317
height: 0.01777362020579981
Area: 0.0001743758344156139
CentroidX: 0.4032
CentroidY: 0.8158
