Location: internet_32.png_Otsu.png
Component: component_1755077240647_1289.png
centerX: 0.6888351471180976
centerY: 0.4816082121471343
width: 0.031035872632003223
height: 0.03279155973766752
Area: 0.0003067510398676362
CentroidX: 0.7039
CentroidY: 0.4971
