Location: Dedata_32.png_Otsu.png
Component: component_1755502451862_862.png
centerX: 0.6505441354292624
centerY: 0.6658112346735101
width: 0.037081821846029824
height: 0.025092671799258625
Area: 0.0003515741592188457
CentroidX: 0.6710
CentroidY: 0.6760
