Location: Dedata_32.png_Mean-Closing.png
Component: component_1755502451723_224.png
centerX: 0.9338976219266425
centerY: 0.5443398916452808
width: 0.03990326481257558
height: 0.03507271171941831
Area: 0.0004885720009281834
CentroidX: 0.9506
CentroidY: 0.5617
