Location: Kurtxevani_1784_page_10.png_Gaussian-Closing.png
Component: component_1755610055762_519.png
centerX: 0.17761033369214208
centerY: 0.7051792828685259
width: 0.02798708288482239
height: 0.020717131474103586
Area: 0.0002444473987794784
CentroidX: 0.1923
CentroidY: 0.7142
