Location: internet_32.png_Gaussian-Median.png
Component: component_1755077241038_31.png
centerX: 0.2539298669891173
centerY: 0.05389221556886228
width: 0.03184199919387344
height: 0.033932135728542916
Area: 0.0004181192517941028
CentroidX: 0.2704
CentroidY: 0.0707
