Location: Dedata_32.png_Mean-Medain.png
Component: component_1755502451028_124.png
centerX: 0.1539701733172108
centerY: 0.2939834616481323
width: 0.03990326481257558
height: 0.02594810379241517
Area: 0.000430072083621092
CentroidX: 0.1729
CentroidY: 0.3053
