Location: Dedata_32.png_Mean-Closing.png
Component: component_1755502451691_84.png
centerX: 0.7351874244256348
centerY: 0.18021100655831196
width: 0.037081821846029824
height: 0.03051040775591674
Area: 0.00043041687684687054
CentroidX: 0.7564
CentroidY: 0.1931
