Location: Dedata_32.png_Otsu.png
Component: component_1755502451846_670.png
centerX: 0.1785570334542523
centerY: 0.4836042201311662
width: 0.039500201531640466
height: 0.030795551753635585
Area: 0.00038639827502247765
CentroidX: 0.1976
CentroidY: 0.4975
