Location: Dedata_32.png_Mean-Closing.png
Component: component_1755502451683_47.png
centerX: 0.6537686416767432
centerY: 0.09153122326775022
width: 0.04191858121725111
height: 0.02737382378100941
Area: 0.00045742567953285573
CentroidX: 0.6771
CentroidY: 0.1046
