Location: Dedata_32.png_Mean-Medain.png
Component: component_1755502451021_94.png
centerX: 0.016122531237404272
centerY: 0.2107214143142287
width: 0.04796453043127771
height: 0.025377815796977475
Area: 0.000414786250611577
CentroidX: 0.0386
CentroidY: 0.2214
