Location: Dedata_32.png_Otsu.png
Component: component_1755502451861_859.png
centerX: 0.3873438129786376
centerY: 0.6615340747077274
width: 0.045949214026602174
height: 0.0290846877673225
Area: 0.0004061664199671136
CentroidX: 0.4146
CentroidY: 0.6739
