Location: internet_32.png_Mean-Medain.png
Component: component_1755077241719_273.png
centerX: 0.8440145102781137
centerY: 0.6598232107214144
width: 0.0354695687222894
height: 0.03421727972626176
Area: 0.000515695734689428
CentroidX: 0.8610
CentroidY: 0.6769
