Location: internet_32.png_Mean-Medain.png
Component: component_1755077241694_175.png
centerX: 0.785167271261588
centerY: 0.43142286854861706
width: 0.0354695687222894
height: 0.035642999714856
Area: 0.0006318910517767942
CentroidX: 0.8027
CentroidY: 0.4494
