Location: Dedata_32.png_Mean-Medain.png
Component: component_1755502451015_63.png
centerX: 0.5570334542523177
centerY: 0.1311662389506701
width: 0.0354695687222894
height: 0.02623324779013402
Area: 0.0004081202482465253
CentroidX: 0.5776
CentroidY: 0.1429
