Location: internet_32.png_Otsu.png
Component: component_1755077240311_283.png
centerX: 0.18500604594921402
centerY: 0.1086398631308811
width: 0.03506650544135429
height: 0.02879954376960365
Area: 0.00033755256803718524
CentroidX: 0.2028
CentroidY: 0.1246
