Location: internet_32.png_Gaussian-Closing.png
Component: component_1755077241588_251.png
centerX: 0.9338976219266425
centerY: 0.6481323068149415
width: 0.03345425231761386
height: 0.036783575705731396
Area: 0.00046328716437109085
CentroidX: 0.9497
CentroidY: 0.6665
