Location: Dedata_32.png_Mean-Medain.png
Component: component_1755502451058_264.png
centerX: 0.7505038291011689
centerY: 0.628457370972341
width: 0.041112454655380895
height: 0.028514399771884802
Area: 0.00044432353695327145
CentroidX: 0.7723
CentroidY: 0.6401
