Location: Dedata_32.png_Gaussian-Closing.png
Component: component_1755502451261_244.png
centerX: 0.7041515517936316
centerY: 0.5879669232962647
width: 0.041112454655380895
height: 0.02765896777872826
Area: 0.00042432552985811645
CentroidX: 0.7255
CentroidY: 0.5994
