Location: Dedata_32.png_Otsu.png
Component: component_1755502451836_581.png
centerX: 0.3970173317210802
centerY: 0.37439406900484745
width: 0.04514308746473196
height: 0.029654975762760195
Area: 0.00037341106351815285
CentroidX: 0.4175
CentroidY: 0.3880
