Location: Dedata_32.png_Otsu.png
Component: component_1755502451841_625.png
centerX: 0.015719467956469165
centerY: 0.44083262047333904
width: 0.03345425231761386
height: 0.024522383803820928
Area: 0.00028456934234255045
CentroidX: 0.0315
CentroidY: 0.4526
