Location: Dedata_32.png_Mean-Medain.png
Component: component_1755502451057_257.png
centerX: 0.33373639661426846
centerY: 0.6196179070430567
width: 0.045949214026602174
height: 0.029369831765041345
Area: 0.0004993755220025775
CentroidX: 0.3587
CentroidY: 0.6317
