Location: Dedata_32.png_Mean-Medain.png
Component: component_1755502451053_239.png
centerX: 0.07335751713018944
centerY: 0.5714285714285714
width: 0.039500201531640466
height: 0.02765896777872826
Area: 0.00042846304856745883
CentroidX: 0.0945
CentroidY: 0.5828
