Location: Dedata_32.png_Mean-Medain.png
Component: component_1755502451044_193.png
centerX: 0.6029826682789198
centerY: 0.45024237239806103
width: 0.04312777106005643
height: 0.029654975762760195
Area: 0.0004129473534074248
CentroidX: 0.6235
CentroidY: 0.4641
