Location: internet_32.png_Mean-Medain.png
Component: component_1755077241675_109.png
centerX: 0.3135832325675131
centerY: 0.2600513259195894
width: 0.037484885126964934
height: 0.037639007698887936
Area: 0.0006443036079048215
CentroidX: 0.3320
CentroidY: 0.2789
