Location: Dedata_32.png_Mean-Closing.png
Component: component_1755502451674_21.png
centerX: 0.13825070536074163
centerY: 0.045337895637296836
width: 0.029826682789197905
height: 0.027944111776447105
Area: 0.0003236459079307844
CentroidX: 0.1551
CentroidY: 0.0585
