Location: Dedata_32.png_Gaussian-Closing.png
Component: component_1755502451354_294.png
centerX: 0.9383313180169287
centerY: 0.7122897063016823
width: 0.03667875856509472
height: 0.02566295979469632
Area: 0.00037237668384081725
CentroidX: 0.9536
CentroidY: 0.7240
