Location: internet_32.png_Mean-Medain.png
Component: component_1755077241705_212.png
centerX: 0.16203143893591293
centerY: 0.5243798118049615
width: 0.03305118903667876
height: 0.03450242372398061
Area: 0.00048052682566001757
CentroidX: 0.1786
CentroidY: 0.5410
