Location: internet_32.png_Otsu.png
Component: component_1755077240701_1747.png
centerX: 0.06408706166868199
centerY: 0.6301682349586541
width: 0.029423619508262798
height: 0.03279155973766752
Area: 0.00024744660503372827
CentroidX: 0.0784
CentroidY: 0.6462
