Location: Dedata_32.png_Gaussian-Closing.png
Component: component_1755502451164_147.png
centerX: 0.7412333736396615
centerY: 0.35015682919874536
width: 0.044740024183796856
height: 0.03222127174222983
Area: 0.00046834413168250934
CentroidX: 0.7640
CentroidY: 0.3644
