Location: Dedata_32.png_Otsu.png
Component: component_1755502451841_624.png
centerX: 0.06126561870213623
centerY: 0.44026233247790136
width: 0.041515517936316
height: 0.028229255774165955
Area: 0.00032536987405967706
CentroidX: 0.0830
CentroidY: 0.4521
