Location: Dedata_32.png_Gaussian-Closing.png
Component: component_1755502451141_53.png
centerX: 0.8786779524385329
centerY: 0.09609352723125178
width: 0.036275695284159616
height: 0.027088679783290562
Area: 0.00047455040974652297
CentroidX: 0.9006
CentroidY: 0.1082
