Location: internet_32.png_Mean-Medain.png
Component: component_1755077241714_251.png
centerX: 0.31237404272470776
centerY: 0.609637867122897
width: 0.03305118903667876
height: 0.03421727972626176
Area: 0.0005400611226444445
CentroidX: 0.3287
CentroidY: 0.6263
