Location: Dedata_32.png_Gaussian-Closing.png
Component: component_1755502451350_282.png
centerX: 0.21725110842402257
centerY: 0.7048759623609923
width: 0.03869407496977025
height: 0.03051040775591674
Area: 0.0004435190194264549
CentroidX: 0.2356
CentroidY: 0.7186
