Location: internet_32.png_Mean-Medain.png
Component: component_1755077241669_84.png
centerX: 0.6102378073357517
centerY: 0.1787852865697177
width: 0.0354695687222894
height: 0.04020530367835757
Area: 0.0006476366090873472
CentroidX: 0.6269
CentroidY: 0.1995
