Location: internet_32.png_Gaussian-Closing.png
Component: component_1755077241475_24.png
centerX: 0.8041112454655381
centerY: 0.04647847162817223
width: 0.03305118903667876
height: 0.030795551753635585
Area: 0.0004031782120103663
CentroidX: 0.8196
CentroidY: 0.0610
