Location: internet_32.png_Otsu.png
Component: component_1755077240474_883.png
centerX: 0.18540910923014914
centerY: 0.3723980610208155
width: 0.03466344216041919
height: 0.036213287710293696
Area: 0.00047753861770327027
CentroidX: 0.2022
CentroidY: 0.3908
