Location: internet_32.png_Mean-Medain.png
Component: component_1755077241693_173.png
centerX: 0.8428053204353083
centerY: 0.42857142857142855
width: 0.03990326481257558
height: 0.03706871970345024
Area: 0.0006574057504844058
CentroidX: 0.8608
CentroidY: 0.4453
