Location: internet_32.png_Mean-Medain.png
Component: component_1755077241717_261.png
centerX: 0.06368399838774688
centerY: 0.6295979469632165
width: 0.029826682789197905
height: 0.03364699173082407
Area: 0.000420188011148774
CentroidX: 0.0782
CentroidY: 0.6465
