Location: Dedata_32.png_Mean-Medain.png
Component: component_1755502451029_126.png
centerX: 0.35227730753728337
centerY: 0.29740518962075846
width: 0.04514308746473196
height: 0.03051040775591674
Area: 0.00046432154404842644
CentroidX: 0.3753
CentroidY: 0.3110
