Location: Dedata_32.png_Mean-Closing.png
Component: component_1755502451732_260.png
centerX: 0.012494961708988311
centerY: 0.6564014827487882
width: 0.036275695284159616
height: 0.025092671799258625
Area: 0.00038570868857092057
CentroidX: 0.0334
CentroidY: 0.6677
