Location: Dedata_32.png_Gaussian-Closing.png
Component: component_1755502451154_109.png
centerX: 0.14671503426037888
centerY: 0.2546335899629313
width: 0.05038291011688835
height: 0.02594810379241517
Area: 0.0004361634306098461
CentroidX: 0.1725
CentroidY: 0.2654
