Location: Dedata_32.png_Gaussian-Closing.png
Component: component_1755502451346_269.png
centerX: 0.46392583635630796
centerY: 0.6589677787282577
width: 0.036275695284159616
height: 0.02623324779013402
Area: 0.0003820308941626162
CentroidX: 0.4832
CentroidY: 0.6704
