Location: Dedata_32.png_Mean-Closing.png
Component: component_1755502451708_161.png
centerX: 0.8061265618702136
centerY: 0.3900769888793841
width: 0.053204353083434096
height: 0.02594810379241517
Area: 0.0003958226231937576
CentroidX: 0.8324
CentroidY: 0.4011
