Location: Dedata_32.png_Otsu.png
Component: component_1755502451856_829.png
centerX: 0.33373639661426846
centerY: 0.6196179070430567
width: 0.045949214026602174
height: 0.029369831765041345
Area: 0.0004560465066297416
CentroidX: 0.3587
CentroidY: 0.6316
