Location: Dedata_32.png_Mean-Medain.png
Component: component_1755502451050_223.png
centerX: 0.2494961708988311
centerY: 0.5315084117479327
width: 0.042724707779121324
height: 0.03364699173082407
Area: 0.0004858136551219551
CentroidX: 0.2715
CentroidY: 0.5466
