Location: internet_32.png_Gaussian-Median.png
Component: component_1755077241250_235.png
centerX: 0.4191858121725111
centerY: 0.500998003992016
width: 0.032648125755743655
height: 0.03507271171941831
Area: 0.0004459325720069046
CentroidX: 0.4363
CentroidY: 0.5176
