Location: Dedata_32.png_Otsu.png
Component: component_1755502451854_814.png
centerX: 0.8270858524788391
centerY: 0.5885372112917023
width: 0.03869407496977025
height: 0.029369831765041345
Area: 0.0003989257622257644
CentroidX: 0.8462
CentroidY: 0.6015
