Location: Dedata_32.png_Gaussian-Closing.png
Component: component_1755502451140_48.png
centerX: 0.6533655783958081
centerY: 0.09153122326775022
width: 0.04232164449818621
height: 0.02737382378100941
Area: 0.00044099053577074563
CentroidX: 0.6770
CentroidY: 0.1045
