Location: Dedata_32.png_Gaussian-Closing.png
Component: component_1755502451181_213.png
centerX: 0.7343812978637646
centerY: 0.5007128599942972
width: 0.041112454655380895
height: 0.027088679783290562
Area: 0.00037651420255015964
CentroidX: 0.7538
CentroidY: 0.5122
