Location: Dedata_32.png_Otsu.png
Component: component_1755502451873_982.png
centerX: 0.6573962112051592
centerY: 0.8041060735671514
width: 0.04675534058847239
height: 0.029940119760479042
Area: 0.00031939345814618246
CentroidX: 0.6760
CentroidY: 0.8163
