Location: Dedata_32.png_Otsu.png
Component: component_1755502451864_882.png
centerX: 0.15034260378879485
centerY: 0.7057313943541489
width: 0.042724707779121324
height: 0.026518391787852865
Area: 0.00038409965351728743
CentroidX: 0.1708
CentroidY: 0.7167
