Location: Dedata_32.png_Otsu.png
Component: component_1755502451849_734.png
centerX: 0.2494961708988311
centerY: 0.5315084117479327
width: 0.042724707779121324
height: 0.03307670373538637
Area: 0.0004178893896435838
CentroidX: 0.2714
CentroidY: 0.5460
