Location: internet_32.png_Gaussian-Closing.png
Component: component_1755077241548_141.png
centerX: 0.8887545344619106
centerY: 0.3800969489592244
width: 0.04353083434099154
height: 0.03706871970345024
Area: 0.0006368330880129532
CentroidX: 0.9087
CentroidY: 0.3972
