Location: Dedata_32.png_Mean-Closing.png
Component: component_1755502451724_228.png
centerX: 0.018137847642079808
centerY: 0.566581123467351
width: 0.036275695284159616
height: 0.029654975762760195
Area: 0.0004047872470639995
CentroidX: 0.0372
CentroidY: 0.5793
