Location: internet_32.png_Otsu.png
Component: component_1755077240690_1720.png
centerX: 0.9411527609834744
centerY: 0.604220131166239
width: 0.028617492946392584
height: 0.03051040775591674
Area: 0.000350309917390991
CentroidX: 0.9560
CentroidY: 0.6194
