Location: Dedata_32.png_Gaussian-Closing.png
Component: component_1755502451180_210.png
centerX: 0.4381297863764611
centerY: 0.49615055603079555
width: 0.041515517936316
height: 0.027088679783290562
Area: 0.000400190004053619
CentroidX: 0.4593
CentroidY: 0.5090
