Location: Dedata_32.png_Mean-Closing.png
Component: component_1755502451692_88.png
centerX: 0.0886739218057235
centerY: 0.20929569432563444
width: 0.04393389762192664
height: 0.02765896777872826
Area: 0.0004779983420043083
CentroidX: 0.1071
CentroidY: 0.2220
