Location: internet_32.png_Otsu.png
Component: component_1755077240682_1630.png
centerX: 0.8367593712212817
centerY: 0.5674365554605075
width: 0.03305118903667876
height: 0.03165098374679213
Area: 0.0005000651084541345
CentroidX: 0.8532
CentroidY: 0.5820
