Location: Dedata_32.png_Gaussian-Closing.png
Component: component_1755502451381_306.png
centerX: 0.7787182587666264
centerY: 0.7596236099230111
width: 0.044740024183796856
height: 0.032506415739948676
Area: 0.0004107636629774941
CentroidX: 0.7982
CentroidY: 0.7736
