Location: Dedata_32.png_Otsu.png
Component: component_1755502451832_526.png
centerX: 0.019750100765820233
centerY: 0.32934131736526945
width: 0.03143893591293833
height: 0.018819503849443968
Area: 0.0002576754707318248
CentroidX: 0.0356
CentroidY: 0.3380
