Location: Dedata_32.png_Mean-Medain.png
Component: component_1755502451013_51.png
centerX: 0.48851269649334944
centerY: 0.09210151126318791
width: 0.03345425231761386
height: 0.027088679783290562
Area: 0.00046753961415569277
CentroidX: 0.5069
CentroidY: 0.1053
