Location: Dedata_32.png_Mean-Closing.png
Component: component_1755502451732_261.png
centerX: 0.19266424828698106
centerY: 0.656686626746507
width: 0.04312777106005643
height: 0.027944111776447105
Area: 0.0004437488815769739
CentroidX: 0.2163
CentroidY: 0.6701
