Location: Dedata_32.png_Otsu.png
Component: component_1755502451872_978.png
centerX: 0.40991535671100365
centerY: 0.8006843455945253
width: 0.039500201531640466
height: 0.029654975762760195
Area: 0.00033548380868251405
CentroidX: 0.4287
CentroidY: 0.8134
