Location: Dedata_32.png_Gaussian-Closing.png
Component: component_1755502451145_65.png
centerX: 0.3909713825070536
centerY: 0.1343028229255774
width: 0.03184199919387344
height: 0.03022526375819789
Area: 0.00044328915727593585
CentroidX: 0.4087
CentroidY: 0.1483
