Location: Paraklitoni_1720_page_10.png_Mean-Medain.png
Component: component_1755610055306_1003.png
centerX: 0.8521341463414634
centerY: 0.36140350877192984
width: 0.012195121951219513
height: 0.012030075187969926
Area: 9.398496240601504e-05
CentroidX: 0.8571
CentroidY: 0.3669
