Location: Kurtxevani_1784_page_10.png_Gaussian-Closing.png
Component: component_1755610055730_241.png
centerX: 0.7276641550053822
centerY: 0.3314741035856574
width: 0.021528525296017224
height: 0.022310756972111555
Area: 0.0002761826751122528
CentroidX: 0.7373
CentroidY: 0.3417
