Location: Paraklitoni_1720_page_10.png_Mean-Medain.png
Component: component_1755610055299_922.png
centerX: 0.3155487804878049
centerY: 0.3398496240601504
width: 0.013719512195121951
height: 0.011528822055137845
Area: 8.214132893208632e-05
CentroidX: 0.3211
CentroidY: 0.3452
