Location: Dedata_32.png_Otsu.png
Component: component_1755502451806_113.png
centerX: 0.9165659008464329
centerY: 0.05474764756201882
width: 0.032648125755743655
height: 0.03051040775591674
Area: 0.0002683640607309593
CentroidX: 0.9348
CentroidY: 0.0684
