Location: internet_32.png_Gaussian-Closing.png
Component: component_1755077241475_23.png
centerX: 0.5610640870616687
centerY: 0.04647847162817223
width: 0.029423619508262798
height: 0.03222127174222983
Area: 0.0004035230052361449
CentroidX: 0.5757
CentroidY: 0.0622
