Location: Kurtxevani_1794_page_10.png_Mean-Medain.png
Component: component_1755610054586_416.png
centerX: 0.48217416715371125
centerY: 0.0740414279418246
width: 0.01694915254237288
height: 0.015425297487880123
Area: 0.00015583710411901937
CentroidX: 0.4902
CentroidY: 0.0809
