Location: internet_32.png_Gaussian-Closing.png
Component: component_1755077241559_149.png
centerX: 0.6005642885933091
centerY: 0.3989164528086684
width: 0.032648125755743655
height: 0.039064727687482176
Area: 0.000614766321563127
CentroidX: 0.6160
CentroidY: 0.4178
