Location: Dedata_32.png_Mean-Medain.png
Component: component_1755502451013_54.png
centerX: 0.8198307134220073
centerY: 0.09466780724265754
width: 0.041112454655380895
height: 0.02879954376960365
Area: 0.0005027085231851032
CentroidX: 0.8429
CentroidY: 0.1076
