Location: internet_32.png_Gaussian-Closing.png
Component: component_1755077241503_86.png
centerX: 0.19951632406287786
centerY: 0.20958083832335328
width: 0.03466344216041919
height: 0.03934987168520103
Area: 0.0005825856204904637
CentroidX: 0.2161
CentroidY: 0.2300
