Location: Kurtxevani_1764_page_10.png_Otsu.png
Component: component_1755610055969_1568.png
centerX: 0.5294498381877023
centerY: 0.6529466791393826
width: 0.017475728155339806
height: 0.019644527595884004
Area: 0.0001955673420702892
CentroidX: 0.5378
CentroidY: 0.6625
