Location: internet_32.png_Gaussian-Median.png
Component: component_1755077241220_204.png
centerX: 0.7243047158403869
centerY: 0.4388366124893071
width: 0.03788794840790004
height: 0.032506415739948676
Area: 0.0005447732967300845
CentroidX: 0.7440
CentroidY: 0.4555
