Location: internet_32.png_Mean-Medain.png
Component: component_1755077241722_287.png
centerX: 0.48770656993147926
centerY: 0.6917593384659253
width: 0.03466344216041919
height: 0.036213287710293696
Area: 0.0005409805712465206
CentroidX: 0.5039
CentroidY: 0.7088
