Location: internet_32.png_Mean-Medain.png
Component: component_1755077241721_281.png
centerX: 0.06932688432083838
centerY: 0.6777872825777017
width: 0.031035872632003223
height: 0.03364699173082407
Area: 0.0004671948209299142
CentroidX: 0.0836
CentroidY: 0.6949
