Location: Dedata_32.png_Gaussian-Closing.png
Component: component_1755502451178_200.png
centerX: 0.012898024989923419
centerY: 0.47818648417450815
width: 0.04232164449818621
height: 0.029654975762760195
Area: 0.0004077754550207468
CentroidX: 0.0369
CentroidY: 0.4912
