Location: Dedata_32.png_Gaussian-Closing.png
Component: component_1755502451343_262.png
centerX: 0.9234179766223297
centerY: 0.630453378956373
width: 0.04393389762192664
height: 0.028229255774165955
Area: 0.0004215671840518882
CentroidX: 0.9451
CentroidY: 0.6428
