Location: Dedata_32.png_Mean-Medain.png
Component: component_1755502451030_134.png
centerX: 0.7549375251914551
centerY: 0.3099515255203878
width: 0.04353083434099154
height: 0.031936127744510975
Area: 0.000514546423936833
CentroidX: 0.7798
CentroidY: 0.3243
