Location: internet_32.png_Mean-Medain.png
Component: component_1755077241668_80.png
centerX: 0.8504635227730754
centerY: 0.16709438266324494
width: 0.03385731559854897
height: 0.036783575705731396
Area: 0.0006106288028537845
CentroidX: 0.8668
CentroidY: 0.1857
