Location: Dedata_32.png_Gaussian-Closing.png
Component: component_1755502451178_201.png
centerX: 0.12777106005642885
centerY: 0.4827487881380097
width: 0.029826682789197905
height: 0.028229255774165955
Area: 0.0003690436826582914
CentroidX: 0.1431
CentroidY: 0.4967
