Location: internet_32.png_Mean-Medain.png
Component: component_1755077241683_129.png
centerX: 0.13220475614671504
centerY: 0.32848588537211293
width: 0.035872632003224506
height: 0.03792415169660679
Area: 0.0005906307957586295
CentroidX: 0.1487
CentroidY: 0.3484
