Location: Dedata_32.png_Mean-Closing.png
Component: component_1755502451707_156.png
centerX: 0.5175332527206772
centerY: 0.3781009409751925
width: 0.04353083434099154
height: 0.03022526375819789
Area: 0.0004308766011479086
CentroidX: 0.5386
CentroidY: 0.3914
