Location: Dedata_32.png_Mean-Medain.png
Component: component_1755502451066_295.png
centerX: 0.7674324869004434
centerY: 0.7097234103222128
width: 0.04232164449818621
height: 0.03022526375819789
Area: 0.0004242105987828569
CentroidX: 0.7865
CentroidY: 0.7228
