Location: Dedata_32.png_Mean-Closing.png
Component: component_1755502451704_144.png
centerX: 0.615074566706973
centerY: 0.35072711719418304
width: 0.04877065699314793
height: 0.024522383803820928
Area: 0.00043041687684687054
CentroidX: 0.6387
CentroidY: 0.3608
