Location: Dedata_32.png_Mean-Closing.png
Component: component_1755502451672_15.png
centerX: 0.8258766626360339
centerY: 0.009409751924721984
width: 0.03829101168883515
height: 0.03022526375819789
Area: 0.0003875475857750728
CentroidX: 0.8465
CentroidY: 0.0227
