Location: Dedata_32.png_Mean-Closing.png
Component: component_1755502451740_300.png
centerX: 0.6517533252720678
centerY: 0.757912745936698
width: 0.04836759371221282
height: 0.03136583974907328
Area: 0.00044846105566261383
CentroidX: 0.6748
CentroidY: 0.7703
