Location: Dedata_32.png_Gaussian-Closing.png
Component: component_1755502451158_126.png
centerX: 0.08544941555824265
centerY: 0.2979754776161962
width: 0.037081821846029824
height: 0.017393783860849728
Area: 0.0002992805199757679
CentroidX: 0.1013
CentroidY: 0.3056
