Location: Dedata_32.png_Otsu.png
Component: component_1755502451844_640.png
centerX: 0.7190648931882305
centerY: 0.455945252352438
width: 0.041515517936316
height: 0.026803535785571715
Area: 0.0003555967468529286
CentroidX: 0.7388
CentroidY: 0.4676
