Location: Dedata_32.png_Mean-Closing.png
Component: component_1755502451681_43.png
centerX: 0.7118097541313986
centerY: 0.08982035928143713
width: 0.036275695284159616
height: 0.03364699173082407
Area: 0.000505122075765553
CentroidX: 0.7330
CentroidY: 0.1058
