Location: internet_32.png_Gaussian-Median.png
Component: component_1755077241121_105.png
centerX: 0.13381700927045545
centerY: 0.21300256629597947
width: 0.03909713825070536
height: 0.041060735671514116
Area: 0.0006422348485501503
CentroidX: 0.1527
CentroidY: 0.2338
