Location: internet_32.png_Mean-Medain.png
Component: component_1755077241683_132.png
centerX: 0.014913341394598953
centerY: 0.33447390932420873
width: 0.037484885126964934
height: 0.03507271171941831
Area: 0.0005970669359731622
CentroidX: 0.0314
CentroidY: 0.3519
