Location: Dedata_32.png_Mean-Closing.png
Component: component_1755502451711_173.png
centerX: 0.6182990729544539
centerY: 0.4151696606786427
width: 0.04232164449818621
height: 0.02566295979469632
Area: 0.0003772037890017167
CentroidX: 0.6412
CentroidY: 0.4260
