Location: internet_32.png_Mean-Medain.png
Component: component_1755077241707_219.png
centerX: 0.011688835147118097
centerY: 0.5380667236954663
width: 0.03426037887948408
height: 0.03279155973766752
Area: 0.0005562664042560357
CentroidX: 0.0277
CentroidY: 0.5537
