Location: Dedata_32.png_Gaussian-Closing.png
Component: component_1755502451182_216.png
centerX: 0.020556227327690448
centerY: 0.523524379811805
width: 0.03788794840790004
height: 0.02879954376960365
Area: 0.0003908805869575986
CentroidX: 0.0385
CentroidY: 0.5364
