Location: Dedata_32.png_Otsu.png
Component: component_1755502451860_858.png
centerX: 0.5195485691253526
centerY: 0.6592529227259766
width: 0.04232164449818621
height: 0.027088679783290562
Area: 0.00033973625846711597
CentroidX: 0.5415
CentroidY: 0.6713
