Location: internet_32.png_Gaussian-Median.png
Component: component_1755077241222_207.png
centerX: 0.664248286981056
centerY: 0.44083262047333904
width: 0.036275695284159616
height: 0.035357855717137156
Area: 0.0006153409769394246
CentroidX: 0.6821
CentroidY: 0.4583
