Location: Dedata_32.png_Mean-Medain.png
Component: component_1755502451038_168.png
centerX: 0.871825876662636
centerY: 0.3932135728542914
width: 0.04675534058847239
height: 0.02281151981750784
Area: 0.00034146022459600865
CentroidX: 0.8939
CentroidY: 0.4024
