Location: Dedata_32.png_Mean-Medain.png
Component: component_1755502451031_135.png
centerX: 0.8182184602982668
centerY: 0.3099515255203878
width: 0.039500201531640466
height: 0.03051040775591674
Area: 0.0005413253644722992
CentroidX: 0.8414
CentroidY: 0.3231
