Location: Dedata_32.png_Gaussian-Closing.png
Component: component_1755502451134_22.png
centerX: 0.13825070536074163
centerY: 0.04562303963501568
width: 0.029826682789197905
height: 0.02737382378100941
Area: 0.00030249859008303425
CentroidX: 0.1551
CentroidY: 0.0583
