Location: Dedata_32.png_Mean-Closing.png
Component: component_1755502451688_68.png
centerX: 0.867795243853285
centerY: 0.1377245508982036
width: 0.035872632003224506
height: 0.029940119760479042
Area: 0.00041972828684773596
CentroidX: 0.8864
CentroidY: 0.1513
