Location: Dedata_32.png_Mean-Medain.png
Component: component_1755502451052_234.png
centerX: 0.8621523579201935
centerY: 0.5463358996293128
width: 0.049576783555018135
height: 0.03051040775591674
Area: 0.000490295967057076
CentroidX: 0.8870
CentroidY: 0.5600
