Location: Dedata_32.png_Otsu.png
Component: component_1755502451852_794.png
centerX: 0.19790407093913745
centerY: 0.5711434274308526
width: 0.04191858121725111
height: 0.031080695751354435
Area: 0.00045363295404929186
CentroidX: 0.2202
CentroidY: 0.5832
