Location: internet_32.png_Otsu.png
Component: component_1755077240386_689.png
centerX: 0.4276501410721483
centerY: 0.30681494154548045
width: 0.037484885126964934
height: 0.039635015682919876
Area: 0.000490066104906557
CentroidX: 0.4466
CentroidY: 0.3249
