Location: Dedata_32.png_Otsu.png
Component: component_1755502451807_201.png
centerX: 0.01894397420395002
centerY: 0.08867978329056174
width: 0.041112454655380895
height: 0.027088679783290562
Area: 0.00022825311546538984
CentroidX: 0.0397
CentroidY: 0.1000
