Location: Kurtxevani_1794_page_10.png_Mean-Medain.png
Component: component_1755610055100_2531.png
centerX: 0.2244301578024547
centerY: 0.8052005288673424
width: 0.024547048509643482
height: 0.024239753195240195
Area: 0.00029905269071434955
CentroidX: 0.2349
CentroidY: 0.8164
