Location: Dedata_32.png_Gaussian-Closing.png
Component: component_1755502451147_77.png
centerX: 0.26118500604594924
centerY: 0.17080125463358997
width: 0.03506650544135429
height: 0.028514399771884802
Area: 0.00043329015372835835
CentroidX: 0.2784
CentroidY: 0.1845
