Location: Dedata_32.png_Mean-Medain.png
Component: component_1755502451052_230.png
centerX: 0.7456670697299476
centerY: 0.5437696036498432
width: 0.04433696090286175
height: 0.028229255774165955
Area: 0.0004701830288866615
CentroidX: 0.7687
CentroidY: 0.5572
