Location: Dedata_32.png_Mean-Medain.png
Component: component_1755502451072_318.png
centerX: 0.13462313583232569
centerY: 0.7961220416310236
width: 0.041112454655380895
height: 0.025092671799258625
Area: 0.0004209925286755906
CentroidX: 0.1562
CentroidY: 0.8069
