Location: Dedata_32.png_Otsu.png
Component: component_1755502451811_226.png
centerX: 0.9334945586457074
centerY: 0.0943826632449387
width: 0.04393389762192664
height: 0.02765896777872826
Area: 0.0004239807366323379
CentroidX: 0.9551
CentroidY: 0.1067
