Location: Dedata_32.png_Gaussian-Closing.png
Component: component_1755502451142_55.png
centerX: 0.02176541717049577
centerY: 0.12974051896207583
width: 0.031035872632003223
height: 0.026803535785571715
Area: 0.00040271848770932826
CentroidX: 0.0382
CentroidY: 0.1418
