Location: Dedata_32.png_Gaussian-Closing.png
Component: component_1755502451167_161.png
centerX: 0.6336154776299879
centerY: 0.38038209295694325
width: 0.04191858121725111
height: 0.023666951810664385
Area: 0.0003026135211582938
CentroidX: 0.6545
CentroidY: 0.3900
