Location: internet_32.png_Otsu.png
Component: component_1755077240394_779.png
centerX: 0.7738814993954051
centerY: 0.3435985172512119
width: 0.04070939137444579
height: 0.036213287710293696
Area: 0.0004912154156591521
CentroidX: 0.7949
CentroidY: 0.3598
