Location: Dedata_32.png_Mean-Medain.png
Component: component_1755502451061_272.png
centerX: 0.32285368802902054
centerY: 0.6578272027373824
width: 0.04433696090286175
height: 0.03222127174222983
Area: 0.00047466534082178245
CentroidX: 0.3458
CentroidY: 0.6728
