Location: internet_32.png_Otsu.png
Component: component_1755077240371_647.png
centerX: 0.015316404675534058
centerY: 0.27858568577131454
width: 0.03184199919387344
height: 0.036783575705731396
Area: 0.0005162703900657256
CentroidX: 0.0313
CentroidY: 0.2956
