Location: Dedata_32.png_Otsu.png
Component: component_1755502451830_460.png
centerX: 0.4159613059250302
centerY: 0.3013972055888224
width: 0.0475614671503426
height: 0.027088679783290562
Area: 0.0004105338008269751
CentroidX: 0.4398
CentroidY: 0.3117
