Location: Dedata_32.png_Otsu.png
Component: component_1755502451837_597.png
centerX: 0.7496977025392987
centerY: 0.3872255489021956
width: 0.03869407496977025
height: 0.025092671799258625
Area: 0.00031215280040483323
CentroidX: 0.7728
CentroidY: 0.3979
