Location: internet_32.png_Otsu.png
Component: component_1755077240393_765.png
centerX: 0.833937928254736
centerY: 0.3410322212717422
width: 0.03345425231761386
height: 0.03364699173082407
Area: 0.00043030194577161105
CentroidX: 0.8494
CentroidY: 0.3569
