Location: Dedata_32.png_Otsu.png
Component: component_1755502451861_860.png
centerX: 0.5868601370415155
centerY: 0.6618192187054462
width: 0.03869407496977025
height: 0.028514399771884802
Area: 0.000344908156853794
CentroidX: 0.6070
CentroidY: 0.6738
