Location: internet_32.png_Otsu.png
Component: component_1755077240647_1283.png
centerX: 0.060056428859330914
centerY: 0.47961220416310235
width: 0.030632809351068116
height: 0.03649843170801255
Area: 0.0004658156480268001
CentroidX: 0.0753
CentroidY: 0.4966
