Location: Dedata_32.png_Gaussian-Closing.png
Component: component_1755502451153_105.png
centerX: 0.8726320032245063
centerY: 0.23011120615911035
width: 0.041515517936316
height: 0.0213857998289136
Area: 0.00033375984255362137
CentroidX: 0.8926
CentroidY: 0.2383
