Location: Dedata_32.png_Mean-Medain.png
Component: component_1755502451020_87.png
centerX: 0.6239419588875453
centerY: 0.17850014257199887
width: 0.035872632003224506
height: 0.03165098374679213
Area: 0.000450070090716247
CentroidX: 0.6446
CentroidY: 0.1930
