Location: Paraklitoni_1720_page_10.png_Mean-Medain.png
Component: component_1755610055264_556.png
centerX: 0.12271341463414634
centerY: 0.21152882205513784
width: 0.01676829268292683
height: 0.012531328320802004
Area: 0.00010277217433828473
CentroidX: 0.1305
CentroidY: 0.2168
