Location: Dedata_32.png_Mean-Closing.png
Component: component_1755502451715_189.png
centerX: 0.5497783151954857
centerY: 0.4513829483889364
width: 0.04554615074566707
height: 0.02623324779013402
Area: 0.0004035230052361449
CentroidX: 0.5718
CentroidY: 0.4628
