Location: internet_32.png_Gaussian-Median.png
Component: component_1755077241163_147.png
centerX: 0.13220475614671504
centerY: 0.32848588537211293
width: 0.035872632003224506
height: 0.037639007698887936
Area: 0.0005584500946859664
CentroidX: 0.1488
CentroidY: 0.3485
