Location: Dedata_32.png_Otsu.png
Component: component_1755502451814_268.png
centerX: 0.6650544135429263
centerY: 0.13145138294838893
width: 0.03184199919387344
height: 0.02737382378100941
Area: 0.00036375685319635386
CentroidX: 0.6804
CentroidY: 0.1443
