Location: internet_32.png_Mean-Medain.png
Component: component_1755077241710_234.png
centerX: 0.73559048770657
centerY: 0.5739948674080411
width: 0.03143893591293833
height: 0.03222127174222983
Area: 0.00048156120533735317
CentroidX: 0.7512
CentroidY: 0.5902
