Location: Dedata_32.png_Mean-Medain.png
Component: component_1755502451036_161.png
centerX: 0.4546553808948005
centerY: 0.37610493299116055
width: 0.0475614671503426
height: 0.03051040775591674
Area: 0.000450070090716247
CentroidX: 0.4778
CentroidY: 0.3892
