Location: Dedata_32.png_Mean-Medain.png
Component: component_1755502451004_14.png
centerX: 0.7230955259975816
centerY: 0.00855431993156544
width: 0.03788794840790004
height: 0.031080695751354435
Area: 0.0003588148169601949
CentroidX: 0.7441
CentroidY: 0.0228
