Location: Dedata_32.png_Mean-Closing.png
Component: component_1755502451740_301.png
centerX: 0.7243047158403869
centerY: 0.7590533219275735
width: 0.03869407496977025
height: 0.03421727972626176
Area: 0.0004528284365224753
CentroidX: 0.7423
CentroidY: 0.7735
