Location: internet_32.png_Gaussian-Median.png
Component: component_1755077241382_344.png
centerX: 0.013301088270858524
centerY: 0.7333903621328771
width: 0.036275695284159616
height: 0.03222127174222983
Area: 0.000490295967057076
CentroidX: 0.0302
CentroidY: 0.7495
