Location: internet_32.png_Otsu.png
Component: component_1755077240388_711.png
centerX: 0.24506247480854493
centerY: 0.3230681494154548
width: 0.039500201531640466
height: 0.033932135728542916
Area: 0.0004861584483477336
CentroidX: 0.2646
CentroidY: 0.3388
