Location: Dedata_32.png_Otsu.png
Component: component_1755502451839_612.png
centerX: 0.32769044740024184
centerY: 0.41089250071286
width: 0.04675534058847239
height: 0.02480752780153978
Area: 0.000360193989863309
CentroidX: 0.3485
CentroidY: 0.4219
