Location: internet_32.png_Gaussian-Median.png
Component: component_1755077241218_199.png
centerX: 0.8428053204353083
centerY: 0.42857142857142855
width: 0.03990326481257558
height: 0.03706871970345024
Area: 0.0006254549115622616
CentroidX: 0.8610
CentroidY: 0.4452
