Location: internet_32.png_Otsu.png
Component: component_1755077240654_1363.png
centerX: 0.5272067714631197
centerY: 0.49529512403763903
width: 0.02781136638452237
height: 0.03136583974907328
Area: 0.00029112041363234264
CentroidX: 0.5419
CentroidY: 0.5111
