Location: Dedata_32.png_Otsu.png
Component: component_1755502451808_208.png
centerX: 0.7122128174123338
centerY: 0.09010550327915598
width: 0.0354695687222894
height: 0.033361847733105215
Area: 0.0004667350966288762
CentroidX: 0.7331
CentroidY: 0.1058
