Location: Dedata_32.png_Mean-Medain.png
Component: component_1755502451057_258.png
centerX: 0.4030632809351068
centerY: 0.6216139150270886
width: 0.04070939137444579
height: 0.028229255774165955
Area: 0.0004608736117906411
CentroidX: 0.4264
CentroidY: 0.6341
