Location: Samociqulo_1709_page_10.png_Gaussian-Median.png
Component: component_1755610056112_754.png
centerX: 0.4452088452088452
centerY: 0.1440625
width: 0.023095823095823097
height: 0.015
Area: 0.00016108722358722358
CentroidX: 0.4550
CentroidY: 0.1507
