Location: Dedata_32.png_Mean-Closing.png
Component: component_1755502451694_97.png
centerX: 0.7549375251914551
centerY: 0.2215568862275449
width: 0.03829101168883515
height: 0.028229255774165955
Area: 0.00043639329276036514
CentroidX: 0.7746
CentroidY: 0.2345
