Location: Dedata_32.png_Mean-Medain.png
Component: component_1755502451035_157.png
centerX: 0.2015316404675534
centerY: 0.3646991730824066
width: 0.04030632809351068
height: 0.03165098374679213
Area: 0.0004182341828693623
CentroidX: 0.2243
CentroidY: 0.3791
