Location: Dedata_32.png_Otsu.png
Component: component_1755502451851_743.png
centerX: 0.7456670697299476
centerY: 0.544054747647562
width: 0.04393389762192664
height: 0.02765896777872826
Area: 0.0004080053171712658
CentroidX: 0.7687
CentroidY: 0.5568
