Location: Dedata_32.png_Mean-Closing.png
Component: component_1755502451733_267.png
centerX: 0.38694074969770254
centerY: 0.6615340747077274
width: 0.046352277307537285
height: 0.029369831765041345
Area: 0.00046524099265050255
CentroidX: 0.4149
CentroidY: 0.6741
