Location: Dedata_32.png_Mean-Medain.png
Component: component_1755502451034_151.png
centerX: 0.0769850866586054
centerY: 0.3541488451668092
width: 0.03869407496977025
height: 0.035357855717137156
Area: 0.0004181192517941028
CentroidX: 0.0960
CentroidY: 0.3719
