Location: Dedata_32.png_Gaussian-Closing.png
Component: component_1755502451182_215.png
centerX: 0.909310761789601
centerY: 0.5061305959509552
width: 0.04312777106005643
height: 0.029369831765041345
Area: 0.00041765952749306477
CentroidX: 0.9284
CentroidY: 0.5194
