Location: internet_32.png_Mean-Medain.png
Component: component_1755077241687_144.png
centerX: 0.23982265215638857
centerY: 0.3712574850299401
width: 0.039500201531640466
height: 0.037639007698887936
Area: 0.0006530383696245443
CentroidX: 0.2596
CentroidY: 0.3901
