Location: Dedata_32.png_Otsu.png
Component: component_1755502451822_363.png
centerX: 0.814993954050786
centerY: 0.22212717422298262
width: 0.04353083434099154
height: 0.03051040775591674
Area: 0.0004015691769567332
CentroidX: 0.8363
CentroidY: 0.2347
