Location: Dedata_32.png_Mean-Closing.png
Component: component_1755502451740_299.png
centerX: 0.5292220878677952
centerY: 0.7567721699458226
width: 0.04030632809351068
height: 0.02879954376960365
Area: 0.0004340946712551749
CentroidX: 0.5472
CentroidY: 0.7693
