Location: Dedata_32.png_Otsu.png
Component: component_1755502451823_386.png
centerX: 0.0177347843611447
centerY: 0.25263758197889935
width: 0.04393389762192664
height: 0.02423723980610208
Area: 0.0003596193344870115
CentroidX: 0.0397
CentroidY: 0.2630
