Location: Dedata_32.png_Gaussian-Closing.png
Component: component_1755502451349_280.png
centerX: 0.022974607013301087
centerY: 0.7040205303678357
width: 0.03909713825070536
height: 0.02480752780153978
Area: 0.00037007806233562703
CentroidX: 0.0421
CentroidY: 0.7150
