Location: Dedata_32.png_Otsu.png
Component: component_1755502451851_742.png
centerX: 0.6839983877468763
centerY: 0.5420587396635301
width: 0.04312777106005643
height: 0.03051040775591674
Area: 0.0004085799725475634
CentroidX: 0.7058
CentroidY: 0.5551
