Location: Dedata_32.png_Otsu.png
Component: component_1755502451835_560.png
centerX: 0.8782748891575978
centerY: 0.358426005132592
width: 0.046352277307537285
height: 0.0290846877673225
Area: 0.00039030593158130106
CentroidX: 0.9009
CentroidY: 0.3705
