Location: Dedata_32.png_Gaussian-Closing.png
Component: component_1755502451163_139.png
centerX: 0.14389359129383314
centerY: 0.3296264613629883
width: 0.03506650544135429
height: 0.022526375819788995
Area: 0.00030640624664185766
CentroidX: 0.1605
CentroidY: 0.3396
