Location: Dedata_32.png_Otsu.png
Component: component_1755502451833_549.png
centerX: 0.7412333736396615
centerY: 0.35015682919874536
width: 0.04433696090286175
height: 0.031936127744510975
Area: 0.0004205328043745526
CentroidX: 0.7638
CentroidY: 0.3641
