Location: internet_32.png_Gaussian-Closing.png
Component: component_1755077241568_174.png
centerX: 0.8911729141475212
centerY: 0.46506986027944114
width: 0.031035872632003223
height: 0.034787567721699456
Area: 0.0004209925286755906
CentroidX: 0.9056
CentroidY: 0.4826
