Location: Dedata_32.png_Gaussian-Closing.png
Component: component_1755502451198_235.png
centerX: 0.07335751713018944
centerY: 0.5714285714285714
width: 0.039500201531640466
height: 0.02737382378100941
Area: 0.0004099591454506775
CentroidX: 0.0944
CentroidY: 0.5827
