Location: Dedata_32.png_Otsu.png
Component: component_1755502451847_681.png
centerX: 0.5634824667472793
centerY: 0.49615055603079555
width: 0.039500201531640466
height: 0.0290846877673225
Area: 0.0003812263766357996
CentroidX: 0.5830
CentroidY: 0.5094
