Location: Dedata_32.png_Mean-Medain.png
Component: component_1755502451019_85.png
centerX: 0.8008867392180572
centerY: 0.17792985457656116
width: 0.035872632003224506
height: 0.023666951810664385
Area: 0.0004607586807153816
CentroidX: 0.8208
CentroidY: 0.1894
