Location: Dedata_32.png_Otsu.png
Component: component_1755502451838_610.png
centerX: 0.016928657799274487
centerY: 0.40718562874251496
width: 0.041515517936316
height: 0.021956087824351298
Area: 0.0003585849548096759
CentroidX: 0.0327
CentroidY: 0.4182
