Location: Dedata_32.png_Mean-Closing.png
Component: component_1755502451727_242.png
centerX: 0.8810963321241435
centerY: 0.5888223552894212
width: 0.046352277307537285
height: 0.02765896777872826
Area: 0.00046363195759686936
CentroidX: 0.9047
CentroidY: 0.6002
