Location: Dedata_32.png_Mean-Closing.png
Component: component_1755502451670_10.png
centerX: 0.45908907698508666
centerY: 0.008269175933846592
width: 0.03506650544135429
height: 0.031080695751354435
Area: 0.00038835210330188935
CentroidX: 0.4772
CentroidY: 0.0232
