Location: Dedata_32.png_Mean-Closing.png
Component: component_1755502451676_26.png
centerX: 0.5344619105199516
centerY: 0.0510407755916738
width: 0.028214429665457477
height: 0.027088679783290562
Area: 0.00030847500599652885
CentroidX: 0.5487
CentroidY: 0.0635
