Location: internet_32.png_Gaussian-Closing.png
Component: component_1755077241593_272.png
centerX: 0.2253123740427247
centerY: 0.7157114342743085
width: 0.03990326481257558
height: 0.03364699173082407
Area: 0.0005277634975916767
CentroidX: 0.2439
CentroidY: 0.7318
