Location: Dedata_32.png_Mean-Closing.png
Component: component_1755502451667_1.png
centerX: 0.08101571946795647
centerY: 0.004847447961220416
width: 0.03184199919387344
height: 0.03022526375819789
Area: 0.00028951137857870945
CentroidX: 0.0969
CentroidY: 0.0187
