Location: Dedata_32.png_Otsu.png
Component: component_1755502451847_680.png
centerX: 0.4385328496573962
centerY: 0.4964357000285144
width: 0.041112454655380895
height: 0.026518391787852865
Area: 0.0003608835763148661
CentroidX: 0.4592
CentroidY: 0.5088
