Location: Dedata_32.png_Gaussian-Closing.png
Component: component_1755502451156_120.png
centerX: 0.8681983071342201
centerY: 0.26974622184203023
width: 0.04232164449818621
height: 0.028514399771884802
Area: 0.0004499551596409875
CentroidX: 0.8908
CentroidY: 0.2821
