Location: internet_32.png_Gaussian-Closing.png
Component: component_1755077241572_188.png
centerX: 0.4191858121725111
centerY: 0.500998003992016
width: 0.032648125755743655
height: 0.034787567721699456
Area: 0.00044225477759860025
CentroidX: 0.4362
CentroidY: 0.5175
