Location: internet_32.png_Mean-Medain.png
Component: component_1755077241711_239.png
centerX: 0.058444175735590485
centerY: 0.5825491873396065
width: 0.03184199919387344
height: 0.03136583974907328
Area: 0.00045868992136071035
CentroidX: 0.0735
CentroidY: 0.5972
