Location: Dedata_32.png_Mean-Medain.png
Component: component_1755502451024_106.png
centerX: 0.8726320032245063
centerY: 0.23011120615911035
width: 0.041515517936316
height: 0.021670943826632448
Area: 0.00034778143373528176
CentroidX: 0.8926
CentroidY: 0.2384
