Location: Dedata_32.png_Mean-Medain.png
Component: component_1755502451046_203.png
centerX: 0.12736799677549376
centerY: 0.4827487881380097
width: 0.030229746070133012
height: 0.028229255774165955
Area: 0.0003875475857750728
CentroidX: 0.1432
CentroidY: 0.4968
