Location: internet_32.png_Gaussian-Closing.png
Component: component_1755077241590_258.png
centerX: 0.22611850060459493
centerY: 0.6683775306529798
width: 0.032648125755743655
height: 0.03222127174222983
Area: 0.0004659305791020596
CentroidX: 0.2417
CentroidY: 0.6843
