Location: Dedata_32.png_Mean-Closing.png
Component: component_1755502451690_82.png
centerX: 0.562273276904474
centerY: 0.17850014257199887
width: 0.037081821846029824
height: 0.027088679783290562
Area: 0.00043030194577161105
CentroidX: 0.5837
CentroidY: 0.1898
