Location: Dedata_32.png_Gaussian-Closing.png
Component: component_1755502451176_197.png
centerX: 0.7186618299072954
centerY: 0.45566010835471915
width: 0.04191858121725111
height: 0.027944111776447105
Area: 0.00039030593158130106
CentroidX: 0.7390
CentroidY: 0.4679
