Location: Dedata_32.png_Mean-Closing.png
Component: component_1755502451690_81.png
centerX: 0.8008867392180572
centerY: 0.17792985457656116
width: 0.035872632003224506
height: 0.023666951810664385
Area: 0.00045765554168337476
CentroidX: 0.8209
CentroidY: 0.1894
