Location: Dedata_32.png_Otsu.png
Component: component_1755502451838_603.png
centerX: 0.1475211608222491
centerY: 0.40290846877673225
width: 0.049576783555018135
height: 0.027944111776447105
Area: 0.0003918000355596747
CentroidX: 0.1695
CentroidY: 0.4139
