Location: internet_32.png_Mean-Medain.png
Component: component_1755077241651_11.png
centerX: 0.5675130995566304
centerY: 0.006273167949814656
width: 0.03426037887948408
height: 0.03364699173082407
Area: 0.000510293974152231
CentroidX: 0.5847
CentroidY: 0.0225
