Location: Dedata_32.png_Otsu.png
Component: component_1755502451864_880.png
centerX: 0.40024183796856105
centerY: 0.7048759623609923
width: 0.04312777106005643
height: 0.031080695751354435
Area: 0.00037904268620586894
CentroidX: 0.4206
CentroidY: 0.7185
