Location: Dedata_32.png_Otsu.png
Component: component_1755502451862_861.png
centerX: 0.7065699314792422
centerY: 0.6641003706871971
width: 0.036275695284159616
height: 0.0290846877673225
Area: 0.00034939046878891495
CentroidX: 0.7258
CentroidY: 0.6757
