Location: Kurtxevani_1794_page_10.png_Mean-Medain.png
Component: component_1755610054887_1152.png
centerX: 0.8194038573933372
centerY: 0.32789775231379464
width: 0.01694915254237288
height: 0.01498457470251212
Area: 0.00015223095625510816
CentroidX: 0.8278
CentroidY: 0.3348
