Location: Dedata_32.png_Gaussian-Closing.png
Component: component_1755502451386_310.png
centerX: 0.015719467956469165
centerY: 0.7887082976903336
width: 0.03426037887948408
height: 0.02623324779013402
Area: 0.0003531831942724788
CentroidX: 0.0323
CentroidY: 0.8003
