Location: Dedata_32.png_Mean-Closing.png
Component: component_1755502451729_252.png
centerX: 0.580814187827489
centerY: 0.6256059309951526
width: 0.03667875856509472
height: 0.027088679783290562
Area: 0.0004435190194264549
CentroidX: 0.6008
CentroidY: 0.6373
