Location: Dedata_32.png_Otsu.png
Component: component_1755502451820_338.png
centerX: 0.0886739218057235
centerY: 0.20929569432563444
width: 0.04393389762192664
height: 0.02765896777872826
Area: 0.0004288078417932374
CentroidX: 0.1071
CentroidY: 0.2221
