Location: internet_32.png_Gaussian-Closing.png
Component: component_1755077241577_207.png
centerX: 0.5292220878677952
centerY: 0.546050755631594
width: 0.03305118903667876
height: 0.03022526375819789
Area: 0.00041961335577247647
CentroidX: 0.5448
CentroidY: 0.5614
