Location: internet_32.png_Gaussian-Median.png
Component: component_1755077241261_243.png
centerX: 0.800080612656187
centerY: 0.5206729398346165
width: 0.028214429665457477
height: 0.03307670373538637
Area: 0.00039444345029064344
CentroidX: 0.8136
CentroidY: 0.5382
