Location: Dedata_32.png_Gaussian-Closing.png
Component: component_1755502451340_257.png
centerX: 0.634018540910923
centerY: 0.6258910749928714
width: 0.03667875856509472
height: 0.02623324779013402
Area: 0.00041742966534254574
CentroidX: 0.6560
CentroidY: 0.6378
