Location: Paraklitoni_1720_page_10.png_Mean-Medain.png
Component: component_1755610055232_348.png
centerX: 0.8277439024390244
centerY: 0.1343358395989975
width: 0.012957317073170731
height: 0.012030075187969926
Area: 7.106180084357234e-05
CentroidX: 0.8329
CentroidY: 0.1397
