Location: internet_32.png_Gaussian-Median.png
Component: component_1755077241367_331.png
centerX: 0.5421201128577187
centerY: 0.6843455945252352
width: 0.032648125755743655
height: 0.03649843170801255
Area: 0.0005140866996357949
CentroidX: 0.5585
CentroidY: 0.7022
