Location: Dedata_32.png_Otsu.png
Component: component_1755502451802_86.png
centerX: 0.13825070536074163
centerY: 0.04562303963501568
width: 0.029826682789197905
height: 0.027088679783290562
Area: 0.0002219319063261167
CentroidX: 0.1552
CentroidY: 0.0576
