Location: internet_32.png_Gaussian-Closing.png
Component: component_1755077241590_257.png
centerX: 0.7569528415961306
centerY: 0.6675220986598233
width: 0.02902055622732769
height: 0.034787567721699456
Area: 0.0004688038559835474
CentroidX: 0.7709
CentroidY: 0.6850
