Location: internet_32.png_Otsu.png
Component: component_1755077240656_1410.png
centerX: 0.8923821039903265
centerY: 0.5115483319076134
width: 0.03143893591293833
height: 0.03421727972626176
Area: 0.0002889367232024119
CentroidX: 0.9090
CentroidY: 0.5259
