Location: internet_32.png_Otsu.png
Component: component_1755077240708_1818.png
centerX: 0.00886739218057235
centerY: 0.6814941545480467
width: 0.03426037887948408
height: 0.03507271171941831
Area: 0.0004831702403909863
CentroidX: 0.0256
CentroidY: 0.6997
