Location: Dedata_32.png_Gaussian-Closing.png
Component: component_1755502451150_93.png
centerX: 0.016122531237404272
centerY: 0.2107214143142287
width: 0.04796453043127771
height: 0.025377815796977475
Area: 0.00039536289889271955
CentroidX: 0.0387
CentroidY: 0.2213
