Location: Dedata_32.png_Gaussian-Closing.png
Component: component_1755502451146_71.png
centerX: 0.924627166465135
centerY: 0.14029084687767324
width: 0.039500201531640466
height: 0.02879954376960365
Area: 0.00042731373781486375
CentroidX: 0.9449
CentroidY: 0.1523
