Location: internet_32.png_Gaussian-Closing.png
Component: component_1755077241578_211.png
centerX: 0.31197097944377267
centerY: 0.5597376675220986
width: 0.031035872632003223
height: 0.03364699173082407
Area: 0.00043731274136244125
CentroidX: 0.3270
CentroidY: 0.5770
