Location: internet_32.png_Gaussian-Closing.png
Component: component_1755077241514_126.png
centerX: 0.833937928254736
centerY: 0.3410322212717422
width: 0.03345425231761386
height: 0.034787567721699456
Area: 0.000549600401890984
CentroidX: 0.8502
CentroidY: 0.3573
