Location: Dedata_32.png_Mean-Closing.png
Component: component_1755502451712_175.png
centerX: 0.6694881096332124
centerY: 0.4163102366695181
width: 0.05562273276904474
height: 0.027088679783290562
Area: 0.000405132040289778
CentroidX: 0.6970
CentroidY: 0.4273
