Location: internet_32.png_Mean-Medain.png
Component: component_1755077241686_140.png
centerX: 0.4893188230552197
centerY: 0.35956658112346734
width: 0.037081821846029824
height: 0.035642999714856
Area: 0.0006576356126349247
CentroidX: 0.5072
CentroidY: 0.3769
