Location: Kurtxevani_1784_page_10.png_Gaussian-Closing.png
Component: component_1755610055712_103.png
centerX: 0.7298170075349839
centerY: 0.13147410358565736
width: 0.0193756727664155
height: 0.020717131474103586
Area: 0.00019727333936589488
CentroidX: 0.7380
CentroidY: 0.1412
