Location: Dedata_32.png_Otsu.png
Component: component_1755502451805_110.png
centerX: 0.8024989923417977
centerY: 0.05389221556886228
width: 0.032245062474808545
height: 0.03136583974907328
Area: 0.00028813220567559534
CentroidX: 0.8217
CentroidY: 0.0673
