Location: Dedata_32.png_Mean-Medain.png
Component: component_1755502451034_150.png
centerX: 0.7412333736396615
centerY: 0.35015682919874536
width: 0.044740024183796856
height: 0.03222127174222983
Area: 0.0005027085231851032
CentroidX: 0.7641
CentroidY: 0.3645
