Location: Dedata_32.png_Mean-Closing.png
Component: component_1755502451689_74.png
centerX: 0.07980652962515115
centerY: 0.17080125463358997
width: 0.03385731559854897
height: 0.02623324779013402
Area: 0.0003922597598607127
CentroidX: 0.0996
CentroidY: 0.1828
