Location: Dedata_32.png_Mean-Medain.png
Component: component_1755502451039_173.png
centerX: 0.016928657799274487
centerY: 0.4069004847447961
width: 0.041515517936316
height: 0.022241231822070145
Area: 0.0003942135881401244
CentroidX: 0.0327
CentroidY: 0.4181
