Location: Dedata_32.png_Mean-Closing.png
Component: component_1755502451721_215.png
centerX: 0.1894397420395002
centerY: 0.5317935557456516
width: 0.045949214026602174
height: 0.031080695751354435
Area: 0.0005015592124325082
CentroidX: 0.2129
CentroidY: 0.5440
