Location: internet_32.png_Gaussian-Median.png
Component: component_1755077241349_308.png
centerX: 0.010882708585247884
centerY: 0.6330196749358425
width: 0.030632809351068116
height: 0.033361847733105215
Area: 0.00036513602609946803
CentroidX: 0.0266
CentroidY: 0.6504
