Location: internet_32.png_Gaussian-Closing.png
Component: component_1755077241559_148.png
centerX: 0.6577992744860943
centerY: 0.3972055888223553
width: 0.03667875856509472
height: 0.035357855717137156
Area: 0.0005671848564056892
CentroidX: 0.6744
CentroidY: 0.4151
