Location: Dedata_32.png_Mean-Closing.png
Component: component_1755502451740_303.png
centerX: 0.5888754534461911
centerY: 0.7601938979184488
width: 0.03909713825070536
height: 0.028514399771884802
Area: 0.0004019139701825117
CentroidX: 0.6094
CentroidY: 0.7723
