Location: internet_32.png_Gaussian-Median.png
Component: component_1755077241219_201.png
centerX: 0.785167271261588
centerY: 0.43142286854861706
width: 0.0354695687222894
height: 0.035642999714856
Area: 0.0005961474873710861
CentroidX: 0.8028
CentroidY: 0.4496
