Location: Dedata_32.png_Mean-Closing.png
Component: component_1755502451738_292.png
centerX: 0.0709391374445788
centerY: 0.7485029940119761
width: 0.03506650544135429
height: 0.028229255774165955
Area: 0.00040731573071970875
CentroidX: 0.0891
CentroidY: 0.7626
