Location: internet_32.png_Mean-Medain.png
Component: component_1755077241668_79.png
centerX: 0.9036678758565094
centerY: 0.16595380667236956
width: 0.032648125755743655
height: 0.03649843170801255
Area: 0.0005518990233961742
CentroidX: 0.9194
CentroidY: 0.1842
