Location: internet_32.png_Otsu.png
Component: component_1755077240518_1119.png
centerX: 0.7243047158403869
centerY: 0.43912175648702595
width: 0.037484885126964934
height: 0.03222127174222983
Area: 0.00043938150071711244
CentroidX: 0.7443
CentroidY: 0.4551
