Location: Dedata_32.png_Mean-Medain.png
Component: component_1755502451063_279.png
centerX: 0.6505441354292624
centerY: 0.6655260906757913
width: 0.037081821846029824
height: 0.02566295979469632
Area: 0.0004052469713650375
CentroidX: 0.6711
CentroidY: 0.6763
