Location: Dedata_32.png_Mean-Closing.png
Component: component_1755502451734_273.png
centerX: 0.8206368399838775
centerY: 0.6706586826347305
width: 0.041112454655380895
height: 0.029369831765041345
Area: 0.0004358186373840676
CentroidX: 0.8423
CentroidY: 0.6831
