Location: Dedata_32.png_Mean-Medain.png
Component: component_1755502451014_58.png
centerX: 0.02176541717049577
centerY: 0.129455374964357
width: 0.03143893591293833
height: 0.027088679783290562
Area: 0.00042627935813752815
CentroidX: 0.0382
CentroidY: 0.1418
