Location: Dedata_32.png_Gaussian-Closing.png
Component: component_1755502451372_302.png
centerX: 0.4619105199516324
centerY: 0.7567721699458226
width: 0.041515517936316
height: 0.028229255774165955
Area: 0.00039547782996797904
CentroidX: 0.4830
CentroidY: 0.7680
