Location: Dedata_32.png_Mean-Medain.png
Component: component_1755502451004_13.png
centerX: 0.6739218057234986
centerY: 0.007984031936127744
width: 0.03788794840790004
height: 0.03051040775591674
Area: 0.0003422647421228252
CentroidX: 0.6889
CentroidY: 0.0221
