Location: Dedata_32.png_Otsu.png
Component: component_1755502451823_388.png
centerX: 0.14671503426037888
centerY: 0.2546335899629313
width: 0.049979846835953246
height: 0.02566295979469632
Area: 0.0003819159630873567
CentroidX: 0.1718
CentroidY: 0.2653
