Location: internet_32.png_Mean-Medain.png
Component: component_1755077241686_139.png
centerX: 0.5465538089480049
centerY: 0.35614485315084116
width: 0.03667875856509472
height: 0.037639007698887936
Area: 0.0006541876803771395
CentroidX: 0.5639
CentroidY: 0.3745
