Location: Dedata_32.png_Gaussian-Closing.png
Component: component_1755502451147_76.png
centerX: 0.07980652962515115
centerY: 0.1705161106358711
width: 0.03385731559854897
height: 0.026518391787852865
Area: 0.00037547982287282404
CentroidX: 0.0995
CentroidY: 0.1828
