Location: Dedata_32.png_Gaussian-Closing.png
Component: component_1755502451136_29.png
centerX: 0.6336154776299879
centerY: 0.05218135158254919
width: 0.037484885126964934
height: 0.02765896777872826
Area: 0.00033444942900517845
CentroidX: 0.6534
CentroidY: 0.0650
