Location: internet_32.png_Mean-Medain.png
Component: component_1755077241708_227.png
centerX: 0.9310761789600968
centerY: 0.5557456515540348
width: 0.03345425231761386
height: 0.032506415739948676
Area: 0.0005115582159800857
CentroidX: 0.9468
CentroidY: 0.5717
