Location: Paraklitoni_1720_page_10.png_Mean-Medain.png
Component: component_1755610055288_802.png
centerX: 0.42073170731707316
centerY: 0.29774436090225564
width: 0.013719512195121951
height: 0.013032581453634085
Area: 0.00010009780548933308
CentroidX: 0.4266
CentroidY: 0.3039
