Location: Dedata_32.png_Gaussian-Closing.png
Component: component_1755502451392_322.png
centerX: 0.9177750906892382
centerY: 0.8106643855146849
width: 0.04554615074566707
height: 0.028229255774165955
Area: 0.0004078903860960063
CentroidX: 0.9413
CentroidY: 0.8229
