Location: internet_32.png_Mean-Medain.png
Component: component_1755077241689_154.png
centerX: 0.7174526400644902
centerY: 0.3889364128885087
width: 0.03869407496977025
height: 0.037639007698887936
Area: 0.0006628075110216028
CentroidX: 0.7372
CentroidY: 0.4063
