Location: Dedata_32.png_Mean-Medain.png
Component: component_1755502451023_101.png
centerX: 0.558645707376058
centerY: 0.21899059024807527
width: 0.037484885126964934
height: 0.022526375819788995
Area: 0.00038766251685033227
CentroidX: 0.5779
CentroidY: 0.2294
