Location: Dedata_32.png_Otsu.png
Component: component_1755502451842_629.png
centerX: 0.3075372833534865
centerY: 0.44568006843455943
width: 0.04030632809351068
height: 0.03022526375819789
Area: 0.0003792725483563879
CentroidX: 0.3281
CentroidY: 0.4600
