Location: Dedata_32.png_Otsu.png
Component: component_1755502451804_102.png
centerX: 0.6912535268037082
centerY: 0.05218135158254919
width: 0.035872632003224506
height: 0.028229255774165955
Area: 0.0002727314415908208
CentroidX: 0.7116
CentroidY: 0.0653
