Location: Dedata_32.png_Mean-Closing.png
Component: component_1755502451711_171.png
centerX: 0.561870213623539
centerY: 0.414599372683205
width: 0.04554615074566707
height: 0.02480752780153978
Area: 0.0003615731627664232
CentroidX: 0.5845
CentroidY: 0.4250
