Location: Dedata_32.png_Mean-Medain.png
Component: component_1755502451052_232.png
centerX: 0.6231358323256752
centerY: 0.5449101796407185
width: 0.035872632003224506
height: 0.029369831765041345
Area: 0.0004714472707145161
CentroidX: 0.6444
CentroidY: 0.5583
