Location: Dedata_32.png_Gaussian-Closing.png
Component: component_1755502451345_266.png
centerX: 0.06529625151148731
centerY: 0.6572569147419447
width: 0.03506650544135429
height: 0.02623324779013402
Area: 0.0003706527177119246
CentroidX: 0.0860
CentroidY: 0.6692
