Location: Kurtxevani_1784_page_10.png_Gaussian-Closing.png
Component: component_1755610055760_496.png
centerX: 0.3638320775026911
centerY: 0.6709163346613546
width: 0.0193756727664155
height: 0.020717131474103586
Area: 0.00023158174621213745
CentroidX: 0.3722
CentroidY: 0.6809
