Location: internet_32.png_Gaussian-Median.png
Component: component_1755077241091_62.png
centerX: 0.7904070939137444
centerY: 0.12204163102366695
width: 0.03426037887948408
height: 0.03735386370116909
Area: 0.0005482212289878698
CentroidX: 0.8067
CentroidY: 0.1403
