Location: internet_32.png_Gaussian-Closing.png
Component: component_1755077241553_144.png
centerX: 0.7746876259572752
centerY: 0.38294838893641286
width: 0.04030632809351068
height: 0.03934987168520103
Area: 0.0006308566720994586
CentroidX: 0.7954
CentroidY: 0.4022
