Location: Dedata_32.png_Gaussian-Closing.png
Component: component_1755502451152_100.png
centerX: 0.558645707376058
centerY: 0.21927573424579413
width: 0.037484885126964934
height: 0.022241231822070145
Area: 0.0003569759197560427
CentroidX: 0.5778
CentroidY: 0.2295
