Location: internet_32.png_Gaussian-Median.png
Component: component_1755077241173_157.png
centerX: 0.7210802095929061
centerY: 0.34702024522383806
width: 0.032648125755743655
height: 0.03507271171941831
Area: 0.0005574157150086308
CentroidX: 0.7379
CentroidY: 0.3640
