Location: Dedata_32.png_Gaussian-Closing.png
Component: component_1755502451166_156.png
centerX: 0.2676340185409109
centerY: 0.37182777302537784
width: 0.04433696090286175
height: 0.028229255774165955
Area: 0.00038432951566780646
CentroidX: 0.2890
CentroidY: 0.3839
