Location: internet_32.png_Gaussian-Closing.png
Component: component_1755077241559_147.png
centerX: 0.7174526400644902
centerY: 0.3889364128885087
width: 0.03869407496977025
height: 0.03706871970345024
Area: 0.0006155708390899435
CentroidX: 0.7373
CentroidY: 0.4064
