Location: internet_32.png_Gaussian-Median.png
Component: component_1755077241023_16.png
centerX: 0.08101571946795647
centerY: 0.010550327915597377
width: 0.030632809351068116
height: 0.03307670373538637
Area: 0.00042961235932005397
CentroidX: 0.0969
CentroidY: 0.0268
