Location: internet_32.png_Mean-Medain.png
Component: component_1755077241669_82.png
centerX: 0.7359935509875051
centerY: 0.17422298260621613
width: 0.03184199919387344
height: 0.03877958368976333
Area: 0.0006030433518866568
CentroidX: 0.7515
CentroidY: 0.1938
