Location: Dedata_32.png_Mean-Closing.png
Component: component_1755502451730_254.png
centerX: 0.6880290205562273
centerY: 0.6261762189905903
width: 0.04030632809351068
height: 0.02737382378100941
Area: 0.00043834712103977684
CentroidX: 0.7097
CentroidY: 0.6379
