Location: Dedata_32.png_Gaussian-Closing.png
Component: component_1755502451264_245.png
centerX: 0.826682789197904
centerY: 0.5885372112917023
width: 0.03909713825070536
height: 0.029369831765041345
Area: 0.0004265092202880472
CentroidX: 0.8461
CentroidY: 0.6017
