Location: Dedata_32.png_Mean-Closing.png
Component: component_1755502451729_251.png
centerX: 0.5276098347440548
centerY: 0.6250356429997148
width: 0.03909713825070536
height: 0.02765896777872826
Area: 0.0003912253801833771
CentroidX: 0.5474
CentroidY: 0.6366
