Location: Dedata_32.png_Mean-Closing.png
Component: component_1755502451678_35.png
centerX: 0.8581217251108424
centerY: 0.05588822355289421
width: 0.03506650544135429
height: 0.028514399771884802
Area: 0.0004111084562032726
CentroidX: 0.8785
CentroidY: 0.0679
