Location: internet_32.png_Mean-Medain.png
Component: component_1755077241715_255.png
centerX: 0.20757758968158002
centerY: 0.6196179070430567
width: 0.032245062474808545
height: 0.03022526375819789
Area: 0.00047363096114444686
CentroidX: 0.2238
CentroidY: 0.6341
