Location: internet_32.png_Otsu.png
Component: component_1755077240513_1078.png
centerX: 0.8428053204353083
centerY: 0.42857142857142855
width: 0.03990326481257558
height: 0.03706871970345024
Area: 0.0005706327886634745
CentroidX: 0.8613
CentroidY: 0.4451
