Location: Dedata_32.png_Mean-Closing.png
Component: component_1755502451701_130.png
centerX: 0.8182184602982668
centerY: 0.3099515255203878
width: 0.039500201531640466
height: 0.03022526375819789
Area: 0.0005384520875908114
CentroidX: 0.8414
CentroidY: 0.3230
