Location: internet_32.png_Gaussian-Closing.png
Component: component_1755077241479_39.png
centerX: 0.8500604594921403
centerY: 0.08326204733390362
width: 0.03426037887948408
height: 0.032506415739948676
Area: 0.00047730875555275124
CentroidX: 0.8663
CentroidY: 0.0985
