Location: Kurtxevani_1794_page_10.png_Mean-Medain.png
Component: component_1755610054887_1154.png
centerX: 0.18468731735827001
centerY: 0.32921992066989864
width: 0.022209234365867914
height: 0.013662406346408109
Area: 0.00016227665387600362
CentroidX: 0.1956
CentroidY: 0.3353
