Location: internet_32.png_Gaussian-Median.png
Component: component_1755077241039_33.png
centerX: 0.18702136235388955
centerY: 0.05959509552323924
width: 0.03184199919387344
height: 0.031936127744510975
Area: 0.0004417950532975622
CentroidX: 0.2029
CentroidY: 0.0748
