Location: Dedata_32.png_Gaussian-Closing.png
Component: component_1755502451268_248.png
centerX: 0.015316404675534058
centerY: 0.613344739093242
width: 0.03869407496977025
height: 0.02423723980610208
Area: 0.00033881680986503986
CentroidX: 0.0348
CentroidY: 0.6239
