Location: Dedata_32.png_Otsu.png
Component: component_1755502451865_884.png
centerX: 0.588472390165256
centerY: 0.7060165383518677
width: 0.03829101168883515
height: 0.031080695751354435
Area: 0.0003228413904039678
CentroidX: 0.6059
CentroidY: 0.7197
