Location: Kurtxevani_1764_page_10.png_Otsu.png
Component: component_1755610055982_1700.png
centerX: 0.34368932038834954
centerY: 0.715622076707203
width: 0.020064724919093852
height: 0.018709073900841908
Area: 0.00019375092712845988
CentroidX: 0.3524
CentroidY: 0.7243
