Location: Dedata_32.png_Gaussian-Closing.png
Component: component_1755502451163_140.png
centerX: 0.20838371624345023
centerY: 0.335899629312803
width: 0.049979846835953246
height: 0.02281151981750784
Area: 0.0004069709374939302
CentroidX: 0.2311
CentroidY: 0.3450
