Location: Kurtxevani_1784_page_10.png_Gaussian-Closing.png
Component: component_1755610055712_101.png
centerX: 0.5855758880516685
centerY: 0.13147410358565736
width: 0.0193756727664155
height: 0.020717131474103586
Area: 0.00022900861569866927
CentroidX: 0.5941
CentroidY: 0.1410
