Location: Dedata_32.png_Otsu.png
Component: component_1755502451826_446.png
centerX: 0.1539701733172108
centerY: 0.2939834616481323
width: 0.03990326481257558
height: 0.02566295979469632
Area: 0.0003592745412612329
CentroidX: 0.1724
CentroidY: 0.3055
