Location: Dedata_32.png_Otsu.png
Component: component_1755502451850_740.png
centerX: 0.49536477226924625
centerY: 0.5383518676931851
width: 0.049979846835953246
height: 0.0290846877673225
Area: 0.00044570270985638556
CentroidX: 0.5224
CentroidY: 0.5506
