Location: Paraklitoni_1720_page_10.png_Mean-Medain.png
Component: component_1755610055300_924.png
centerX: 0.3833841463414634
centerY: 0.3398496240601504
width: 0.013719512195121951
height: 0.012030075187969926
Area: 8.94003300935265e-05
CentroidX: 0.3887
CentroidY: 0.3454
