Location: internet_32.png_Mean-Medain.png
Component: component_1755077241701_200.png
centerX: 0.4740024183796856
centerY: 0.49700598802395207
width: 0.03143893591293833
height: 0.035357855717137156
Area: 0.000474780271897042
CentroidX: 0.4900
CentroidY: 0.5134
