Location: Dedata_32.png_Otsu.png
Component: component_1755502451824_390.png
centerX: 0.29907295445384924
centerY: 0.2563444539492444
width: 0.039500201531640466
height: 0.023952095808383235
Area: 0.0003059465223408196
CentroidX: 0.3185
CentroidY: 0.2662
