Location: Dedata_32.png_Gaussian-Closing.png
Component: component_1755502451348_276.png
centerX: 0.7609834744054816
centerY: 0.6689478186484175
width: 0.0471584038694075
height: 0.026518391787852865
Area: 0.00041248762910638673
CentroidX: 0.7847
CentroidY: 0.6795
