Location: Paraklitoni_1720_page_10.png_Mean-Medain.png
Component: component_1755610055678_2356.png
centerX: 0.8117378048780488
centerY: 0.8606516290726817
width: 0.013719512195121951
height: 0.012030075187969926
Area: 7.984901277584204e-05
CentroidX: 0.8173
CentroidY: 0.8660
