Location: Dedata_32.png_Mean-Closing.png
Component: component_1755502451743_315.png
centerX: 0.47440548166062074
centerY: 0.8032506415739948
width: 0.04312777106005643
height: 0.032506415739948676
Area: 0.0004729413746928898
CentroidX: 0.4959
CentroidY: 0.8179
