Location: Dedata_32.png_Otsu.png
Component: component_1755502451822_372.png
centerX: 0.8726320032245063
centerY: 0.23011120615911035
width: 0.041515517936316
height: 0.0213857998289136
Area: 0.00030778541954497177
CentroidX: 0.8924
CentroidY: 0.2383
