Location: Dedata_32.png_Mean-Medain.png
Component: component_1755502451062_278.png
centerX: 0.7065699314792422
centerY: 0.6641003706871971
width: 0.036275695284159616
height: 0.0290846877673225
Area: 0.000410074076525937
CentroidX: 0.7259
CentroidY: 0.6761
