Location: Dedata_32.png_Otsu.png
Component: component_1755502451815_270.png
centerX: 0.7126158806932689
centerY: 0.13287710293698318
width: 0.037081821846029824
height: 0.02737382378100941
Area: 0.0003749051674965265
CentroidX: 0.7316
CentroidY: 0.1448
