Location: Dedata_32.png_Gaussian-Closing.png
Component: component_1755502451180_209.png
centerX: 0.4973800886739218
centerY: 0.4955802680353579
width: 0.049576783555018135
height: 0.029940119760479042
Area: 0.00044535791663060704
CentroidX: 0.5212
CentroidY: 0.5092
