Location: Dedata_32.png_Mean-Medain.png
Component: component_1755502451049_218.png
centerX: 0.020556227327690448
centerY: 0.523524379811805
width: 0.03788794840790004
height: 0.02879954376960365
Area: 0.0004158206302889126
CentroidX: 0.0385
CentroidY: 0.5365
