Location: internet_32.png_Gaussian-Closing.png
Component: component_1755077241516_132.png
centerX: 0.4893188230552197
centerY: 0.35956658112346734
width: 0.037081821846029824
height: 0.035642999714856
Area: 0.0006169500119930577
CentroidX: 0.5074
CentroidY: 0.3770
