Location: Dedata_32.png_Gaussian-Closing.png
Component: component_1755502451195_230.png
centerX: 0.8049173720274083
centerY: 0.5454804676361562
width: 0.04675534058847239
height: 0.029654975762760195
Area: 0.0004508746082430636
CentroidX: 0.8286
CentroidY: 0.5579
