Location: internet_32.png_Mean-Medain.png
Component: component_1755077241675_110.png
centerX: 0.2535268037081822
centerY: 0.2631879098944967
width: 0.03909713825070536
height: 0.03706871970345024
Area: 0.0006570609572586272
CentroidX: 0.2712
CentroidY: 0.2810
