Location: Paraklitoni_1720_page_10.png_Mean-Medain.png
Component: component_1755610055394_1808.png
centerX: 0.854420731707317
centerY: 0.6511278195488722
width: 0.013719512195121951
height: 0.012531328320802004
Area: 8.74900666299896e-05
CentroidX: 0.8605
CentroidY: 0.6568
