Location: internet_32.png_Mean-Medain.png
Component: component_1755077241724_295.png
centerX: 0.1185006045949214
centerY: 0.7259766181921871
width: 0.037484885126964934
height: 0.030795551753635585
Area: 0.0005373027768382163
CentroidX: 0.1366
CentroidY: 0.7408
