Location: internet_32.png_Gaussian-Closing.png
Component: component_1755077241481_44.png
centerX: 0.5525997581620314
centerY: 0.08839463929284289
width: 0.029423619508262798
height: 0.03364699173082407
Area: 0.0004477714692110568
CentroidX: 0.5671
CentroidY: 0.1043
