Location: Dedata_32.png_Otsu.png
Component: component_1755502451833_540.png
centerX: 0.35308343409915355
centerY: 0.34160250926717994
width: 0.04070939137444579
height: 0.023381807812945538
Area: 0.0003349091533062165
CentroidX: 0.3700
CentroidY: 0.3524
