Location: internet_32.png_Gaussian-Median.png
Component: component_1755077241256_239.png
centerX: 0.3200322450624748
centerY: 0.5124037639007699
width: 0.028214429665457477
height: 0.03222127174222983
Area: 0.0004252449784601925
CentroidX: 0.3340
CentroidY: 0.5279
