Location: internet_32.png_Otsu.png
Component: component_1755077240478_920.png
centerX: 0.12615880693268844
centerY: 0.37867122897063016
width: 0.03829101168883515
height: 0.03450242372398061
Area: 0.0004916751399601902
CentroidX: 0.1435
CentroidY: 0.3946
