Location: internet_32.png_Gaussian-Median.png
Component: component_1755077241338_296.png
centerX: 0.31237404272470776
centerY: 0.609637867122897
width: 0.03305118903667876
height: 0.03421727972626176
Area: 0.0005230513235060368
CentroidX: 0.3287
CentroidY: 0.6264
