Location: Dedata_32.png_Otsu.png
Component: component_1755502451871_971.png
centerX: 0.07134220072551391
centerY: 0.7915597376675221
width: 0.04312777106005643
height: 0.027088679783290562
Area: 0.00034410363932697743
CentroidX: 0.0920
CentroidY: 0.8021
