Location: Dedata_32.png_Otsu.png
Component: component_1755502451835_562.png
centerX: 0.9306731156791617
centerY: 0.35956658112346734
width: 0.04353083434099154
height: 0.035357855717137156
Area: 0.0004694934424351045
CentroidX: 0.9553
CentroidY: 0.3745
