Location: Dedata_32.png_Otsu.png
Component: component_1755502451871_969.png
centerX: 0.016122531237404272
centerY: 0.7887082976903336
width: 0.03385731559854897
height: 0.02623324779013402
Area: 0.00032445042545760095
CentroidX: 0.0322
CentroidY: 0.8003
