Location: Dedata_32.png_Mean-Closing.png
Component: component_1755502451678_33.png
centerX: 0.8020959290608626
centerY: 0.05389221556886228
width: 0.032648125755743655
height: 0.03136583974907328
Area: 0.00039306427738752933
CentroidX: 0.8218
CentroidY: 0.0679
