Location: internet_32.png_Mean-Medain.png
Component: component_1755077241721_283.png
centerX: 0.008464328899637243
centerY: 0.6809238665526091
width: 0.03506650544135429
height: 0.03592814371257485
Area: 0.0005362683971608806
CentroidX: 0.0255
CentroidY: 0.6996
