Location: internet_32.png_Otsu.png
Component: component_1755077240626_1228.png
centerX: 0.29343006852075776
centerY: 0.46421442828628456
width: 0.031035872632003223
height: 0.03421727972626176
Area: 0.00046753961415569277
CentroidX: 0.3087
CentroidY: 0.4806
