Location: internet_32.png_Otsu.png
Component: component_1755077240707_1802.png
centerX: 0.16968964127367997
centerY: 0.671799258625606
width: 0.03305118903667876
height: 0.032506415739948676
Area: 0.00043030194577161105
CentroidX: 0.1857
CentroidY: 0.6879
