Location: internet_32.png_Gaussian-Median.png
Component: component_1755077241358_318.png
centerX: 0.7984683595324465
centerY: 0.6623895067008839
width: 0.03385731559854897
height: 0.036213287710293696
Area: 0.0005278784286669363
CentroidX: 0.8146
CentroidY: 0.6799
