Location: Kurtxevani_1794_page_10.png_Mean-Medain.png
Component: component_1755610055084_2410.png
centerX: 0.26008182349503217
centerY: 0.7672983693256942
width: 0.02396259497369959
height: 0.022917584839136182
Area: 0.00026994592581278066
CentroidX: 0.2708
CentroidY: 0.7775
