Location: internet_32.png_Mean-Medain.png
Component: component_1755077241722_289.png
centerX: 0.3841193067311568
centerY: 0.7048759623609923
width: 0.03184199919387344
height: 0.031936127744510975
Area: 0.0005045474203892555
CentroidX: 0.3997
CentroidY: 0.7203
