Location: internet_32.png_Mean-Medain.png
Component: component_1755077241694_179.png
centerX: 0.6005642885933091
centerY: 0.44767607641859136
width: 0.037081821846029824
height: 0.03421727972626176
Area: 0.00063051187887368
CentroidX: 0.6192
CentroidY: 0.4641
