Location: Dedata_32.png_Gaussian-Closing.png
Component: component_1755502451185_222.png
centerX: 0.36799677549375254
centerY: 0.5372112917023096
width: 0.0475614671503426
height: 0.0290846877673225
Area: 0.00047937751490742243
CentroidX: 0.3918
CentroidY: 0.5497
