Location: Dedata_32.png_Otsu.png
Component: component_1755502451800_11.png
centerX: 0.5155179363160016
centerY: 0.008269175933846592
width: 0.03385731559854897
height: 0.029369831765041345
Area: 0.00021859890514359085
CentroidX: 0.5327
CentroidY: 0.0211
