Location: internet_32.png_Mean-Medain.png
Component: component_1755077241648_1.png
centerX: 0.6275695284159613
centerY: 0.0037068719703450244
width: 0.03506650544135429
height: 0.034787567721699456
Area: 0.0005239707721081129
CentroidX: 0.6442
CentroidY: 0.0203
