Location: Dedata_32.png_Mean-Closing.png
Component: component_1755502451679_37.png
centerX: 0.26360338573155984
centerY: 0.08497291132021671
width: 0.0354695687222894
height: 0.030795551753635585
Area: 0.0004709875464134781
CentroidX: 0.2833
CentroidY: 0.0991
