Location: Dedata_32.png_Gaussian-Closing.png
Component: component_1755502451392_323.png
centerX: 0.7871825876662636
centerY: 0.8112346735101226
width: 0.0471584038694075
height: 0.027944111776447105
Area: 0.0003921448287854532
CentroidX: 0.8075
CentroidY: 0.8227
