Location: internet_32.png_Gaussian-Closing.png
Component: component_1755077241513_124.png
centerX: 0.014913341394598953
centerY: 0.33447390932420873
width: 0.037484885126964934
height: 0.03507271171941831
Area: 0.0005593695432880425
CentroidX: 0.0316
CentroidY: 0.3519
