Location: internet_32.png_Mean-Medain.png
Component: component_1755077241649_7.png
centerX: 0.9484079000403063
centerY: 0.004562303963501569
width: 0.03184199919387344
height: 0.03222127174222983
Area: 0.00043673808598614365
CentroidX: 0.9622
CentroidY: 0.0198
