Location: Dedata_32.png_Mean-Medain.png
Component: component_1755502451048_212.png
centerX: 0.4381297863764611
centerY: 0.49615055603079555
width: 0.041515517936316
height: 0.02737382378100941
Area: 0.0004291526350190159
CentroidX: 0.4594
CentroidY: 0.5091
