Location: internet_32.png_Gaussian-Closing.png
Component: component_1755077241590_260.png
centerX: 0.16968964127367997
centerY: 0.6715141146278871
width: 0.03305118903667876
height: 0.03307670373538637
Area: 0.00046098854286590063
CentroidX: 0.1857
CentroidY: 0.6880
