Location: internet_32.png_Otsu.png
Component: component_1755077240694_1731.png
centerX: 0.8480451430874647
centerY: 0.6119190191046479
width: 0.03143893591293833
height: 0.031936127744510975
Area: 0.00041570569921365306
CentroidX: 0.8645
CentroidY: 0.6272
