Location: internet_32.png_Otsu.png
Component: component_1755077240688_1698.png
centerX: 0.5235792019347038
centerY: 0.592814371257485
width: 0.031035872632003223
height: 0.03364699173082407
Area: 0.00044547284770586653
CentroidX: 0.5384
CentroidY: 0.6091
