Location: Dedata_32.png_Mean-Closing.png
Component: component_1755502451717_197.png
centerX: 0.12777106005642885
centerY: 0.4827487881380097
width: 0.029826682789197905
height: 0.028229255774165955
Area: 0.0003861684128719586
CentroidX: 0.1432
CentroidY: 0.4967
