Location: internet_32.png_Mean-Medain.png
Component: component_1755077241699_195.png
centerX: 0.6888351471180976
centerY: 0.48132306814941545
width: 0.03143893591293833
height: 0.03364699173082407
Area: 0.00044742667598527823
CentroidX: 0.7040
CentroidY: 0.4972
