Location: Dedata_32.png_Gaussian-Closing.png
Component: component_1755502451157_123.png
centerX: 0.1539701733172108
centerY: 0.2939834616481323
width: 0.03990326481257558
height: 0.02566295979469632
Area: 0.00040237369448354975
CentroidX: 0.1729
CentroidY: 0.3052
