Location: Dedata_32.png_Mean-Closing.png
Component: component_1755502451717_198.png
centerX: 0.0765820233776703
centerY: 0.4833190761334474
width: 0.030632809351068116
height: 0.029369831765041345
Area: 0.0003891566208287059
CentroidX: 0.0921
CentroidY: 0.4965
