Location: Dedata_32.png_Mean-Closing.png
Component: component_1755502451728_248.png
centerX: 0.33373639661426846
centerY: 0.6196179070430567
width: 0.045949214026602174
height: 0.029369831765041345
Area: 0.0004958126586695326
CentroidX: 0.3588
CentroidY: 0.6316
