Location: internet_32.png_Mean-Medain.png
Component: component_1755077241657_37.png
centerX: 0.07376058041112454
centerY: 0.06444254348445966
width: 0.031035872632003223
height: 0.029940119760479042
Area: 0.0004600690942638245
CentroidX: 0.0888
CentroidY: 0.0787
