Location: Dedata_32.png_Otsu.png
Component: component_1755502451824_400.png
centerX: 0.486900443369609
centerY: 0.2600513259195894
width: 0.037484885126964934
height: 0.029369831765041345
Area: 0.00036007905878804953
CentroidX: 0.5045
CentroidY: 0.2731
