Location: Dedata_32.png_Mean-Medain.png
Component: component_1755502451017_70.png
centerX: 0.8182184602982668
centerY: 0.1354433989164528
width: 0.036275695284159616
height: 0.029369831765041345
Area: 0.0004231762191055213
CentroidX: 0.8386
CentroidY: 0.1487
