Location: Dedata_32.png_Gaussian-Closing.png
Component: component_1755502451151_98.png
centerX: 0.47803305118903666
centerY: 0.21756487025948104
width: 0.04917372027408303
height: 0.025377815796977475
Area: 0.0003838697913667684
CentroidX: 0.5021
CentroidY: 0.2272
