Location: internet_32.png_Gaussian-Closing.png
Component: component_1755077241584_236.png
centerX: 0.260378879484079
centerY: 0.6130595950955232
width: 0.029423619508262798
height: 0.03421727972626176
Area: 0.0004870778969498097
CentroidX: 0.2748
CentroidY: 0.6298
