Location: internet_32.png_Gaussian-Closing.png
Component: component_1755077241469_14.png
centerX: 0.13422007255139057
centerY: 0.00998003992015968
width: 0.03143893591293833
height: 0.03507271171941831
Area: 0.00045098953931832313
CentroidX: 0.1501
CentroidY: 0.0262
