Location: Dedata_32.png_Otsu.png
Component: component_1755502451814_267.png
centerX: 0.5574365175332527
centerY: 0.13145138294838893
width: 0.03466344216041919
height: 0.02566295979469632
Area: 0.00037410064996970993
CentroidX: 0.5775
CentroidY: 0.1428
