Location: Dedata_32.png_Mean-Medain.png
Component: component_1755502451006_25.png
centerX: 0.06811769447803305
centerY: 0.046193327630453376
width: 0.04191858121725111
height: 0.029940119760479042
Area: 0.000344678294703275
CentroidX: 0.0886
CentroidY: 0.0588
