Location: Dedata_32.png_Otsu.png
Component: component_1755502451824_395.png
centerX: 0.4260378879484079
centerY: 0.258910749928714
width: 0.037081821846029824
height: 0.02594810379241517
Area: 0.00032674904696279117
CentroidX: 0.4473
CentroidY: 0.2711
