Location: Kurtxevani_1794_page_10.png_Mean-Medain.png
Component: component_1755610055111_2650.png
centerX: 0.4979544126241964
centerY: 0.8435434111943587
width: 0.02396259497369959
height: 0.021595416483032173
Area: 0.0002758703115892062
CentroidX: 0.5082
CentroidY: 0.8533
