Location: internet_32.png_Mean-Medain.png
Component: component_1755077241676_115.png
centerX: 0.014913341394598953
centerY: 0.27830054177359564
width: 0.032245062474808545
height: 0.03706871970345024
Area: 0.0006084451124238539
CentroidX: 0.0314
CentroidY: 0.2956
