Location: Dedata_32.png_Gaussian-Closing.png
Component: component_1755502451162_136.png
centerX: 0.8762595727529222
centerY: 0.3125178214998574
width: 0.0471584038694075
height: 0.031936127744510975
Area: 0.00047340109899392783
CentroidX: 0.9012
CentroidY: 0.3261
