Location: internet_32.png_Otsu.png
Component: component_1755077240707_1810.png
centerX: 0.6501410721483273
centerY: 0.6769318505845452
width: 0.0354695687222894
height: 0.03421727972626176
Area: 0.00041662514781572917
CentroidX: 0.6666
CentroidY: 0.6924
