Location: internet_32.png_Gaussian-Closing.png
Component: component_1755077241544_135.png
centerX: 0.3063280935106812
centerY: 0.3698317650413459
width: 0.03869407496977025
height: 0.03735386370116909
Area: 0.0005981013156504978
CentroidX: 0.3242
CentroidY: 0.3882
