Location: Kurtxevani_1794_page_10.png_Mean-Medain.png
Component: component_1755610054602_513.png
centerX: 0.11104617182933957
centerY: 0.09828118113706479
width: 0.01928696668614845
height: 0.01762891141472014
Area: 0.00018803485290394073
CentroidX: 0.1205
CentroidY: 0.1067
