Location: Dedata_32.png_Gaussian-Closing.png
Component: component_1755502451146_69.png
centerX: 0.867795243853285
centerY: 0.1377245508982036
width: 0.035872632003224506
height: 0.029940119760479042
Area: 0.00040628135104237316
CentroidX: 0.8864
CentroidY: 0.1513
