Location: internet_32.png_Mean-Medain.png
Component: component_1755077241689_153.png
centerX: 0.010479645304312777
centerY: 0.3835186769318506
width: 0.03143893591293833
height: 0.03421727972626176
Area: 0.0005504049194178006
CentroidX: 0.0249
CentroidY: 0.4005
