Location: Dedata_32.png_Otsu.png
Component: component_1755502451838_606.png
centerX: 0.08343409915356712
centerY: 0.4031936127744511
width: 0.045949214026602174
height: 0.026803535785571715
Area: 0.0003768589957759382
CentroidX: 0.1060
CentroidY: 0.4143
