Location: Kurtxevani_1764_page_10.png_Otsu.png
Component: component_1755610055962_1507.png
centerX: 0.5605177993527508
centerY: 0.6225444340505145
width: 0.019417475728155338
height: 0.018709073900841908
Area: 0.00017316489112106104
CentroidX: 0.5693
CentroidY: 0.6312
