Location: Dedata_32.png_Otsu.png
Component: component_1755502451856_832.png
centerX: 0.52801289802499
centerY: 0.6253207869974337
width: 0.03829101168883515
height: 0.02737382378100941
Area: 0.00035755057513234023
CentroidX: 0.5474
CentroidY: 0.6366
