Location: internet_32.png_Mean-Medain.png
Component: component_1755077241694_180.png
centerX: 0.5401047964530431
centerY: 0.4513829483889364
width: 0.03909713825070536
height: 0.03592814371257485
Area: 0.0006210875307024001
CentroidX: 0.5592
CentroidY: 0.4691
