Location: Kurtxevani_1784_page_10.png_Gaussian-Closing.png
Component: component_1755610055739_316.png
centerX: 0.7341227125941873
centerY: 0.4334661354581673
width: 0.0193756727664155
height: 0.020717131474103586
Area: 0.00024702052929294663
CentroidX: 0.7421
CentroidY: 0.4435
