Location: Dedata_32.png_Mean-Medain.png
Component: component_1755502451073_321.png
centerX: 0.40991535671100365
centerY: 0.8006843455945253
width: 0.03990326481257558
height: 0.029940119760479042
Area: 0.00041742966534254574
CentroidX: 0.4289
CentroidY: 0.8137
