Location: Dedata_32.png_Otsu.png
Component: component_1755502451816_276.png
centerX: 0.9250302297460702
centerY: 0.14029084687767324
width: 0.03909713825070536
height: 0.028514399771884802
Area: 0.0004038677984619234
CentroidX: 0.9449
CentroidY: 0.1522
