Location: Dedata_32.png_Gaussian-Closing.png
Component: component_1755502451192_229.png
centerX: 0.6231358323256752
centerY: 0.5449101796407185
width: 0.0354695687222894
height: 0.029369831765041345
Area: 0.00043846205211503633
CentroidX: 0.6443
CentroidY: 0.5579
