Location: Dedata_32.png_Gaussian-Closing.png
Component: component_1755502451181_211.png
centerX: 0.5630794034663442
centerY: 0.49615055603079555
width: 0.03990326481257558
height: 0.029369831765041345
Area: 0.00042225677050344526
CentroidX: 0.5831
CentroidY: 0.5095
