Location: internet_32.png_Otsu.png
Component: component_1755077240631_1235.png
centerX: 0.23297057638049173
centerY: 0.46535500427716
width: 0.037484885126964934
height: 0.03735386370116909
Area: 0.0004558166444792226
CentroidX: 0.2507
CentroidY: 0.4836
