Location: Dedata_32.png_Mean-Medain.png
Component: component_1755502451042_186.png
centerX: 0.015316404675534058
centerY: 0.4405474764756202
width: 0.03385731559854897
height: 0.025092671799258625
Area: 0.0003156007326626186
CentroidX: 0.0315
CentroidY: 0.4527
