Location: Dedata_32.png_Otsu.png
Component: component_1755502451845_667.png
centerX: 0.0765820233776703
centerY: 0.4833190761334474
width: 0.030229746070133012
height: 0.029369831765041345
Area: 0.0003468619851332057
CentroidX: 0.0921
CentroidY: 0.4963
