Location: Dedata_32.png_Mean-Medain.png
Component: component_1755502451048_210.png
centerX: 0.6166868198307134
centerY: 0.4941545480467636
width: 0.04070939137444579
height: 0.036783575705731396
Area: 0.0004899511738312975
CentroidX: 0.6372
CentroidY: 0.5115
