Location: internet_32.png_Otsu.png
Component: component_1755077240511_1067.png
centerX: 0.12494961708988311
centerY: 0.42543484459652126
width: 0.03143893591293833
height: 0.036213287710293696
Area: 0.000409844214375418
CentroidX: 0.1397
CentroidY: 0.4419
