Location: internet_32.png_Mean-Medain.png
Component: component_1755077241723_292.png
centerX: 0.279322853688029
centerY: 0.7134302822925578
width: 0.0354695687222894
height: 0.033361847733105215
Area: 0.000510064112001712
CentroidX: 0.2960
CentroidY: 0.7301
