Location: Kurtxevani_1784_page_10.png_Gaussian-Closing.png
Component: component_1755610055711_99.png
centerX: 0.38751345532831
centerY: 0.1306772908366534
width: 0.021528525296017224
height: 0.02151394422310757
Area: 0.00021957380381595255
CentroidX: 0.3969
CentroidY: 0.1406
