Location: Dedata_32.png_Mean-Medain.png
Component: component_1755502451019_83.png
centerX: 0.44619105199516323
centerY: 0.1770744225834046
width: 0.03869407496977025
height: 0.02737382378100941
Area: 0.0004811014810363151
CentroidX: 0.4643
CentroidY: 0.1893
