Location: internet_32.png_Otsu.png
Component: component_1755077240387_700.png
centerX: 0.37162434502216846
centerY: 0.3159395494724836
width: 0.03506650544135429
height: 0.03507271171941831
Area: 0.0004231762191055213
CentroidX: 0.3888
CentroidY: 0.3309
