Location: internet_32.png_Mean-Medain.png
Component: component_1755077241691_162.png
centerX: 0.3010882708585248
centerY: 0.4171656686626746
width: 0.037484885126964934
height: 0.03592814371257485
Area: 0.0006114333203806012
CentroidX: 0.3178
CentroidY: 0.4349
