Location: Dedata_32.png_Mean-Medain.png
Component: component_1755502451024_107.png
centerX: 0.9286577992744861
centerY: 0.23239235814086112
width: 0.04070939137444579
height: 0.02480752780153978
Area: 0.00043432453340569395
CentroidX: 0.9491
CentroidY: 0.2422
