Location: internet_32.png_Mean-Medain.png
Component: component_1755077241695_182.png
centerX: 0.4723901652559452
centerY: 0.4550898203592814
width: 0.041515517936316
height: 0.033932135728542916
Area: 0.0006367181569376937
CentroidX: 0.4913
CentroidY: 0.4710
