Location: internet_32.png_Mean-Medain.png
Component: component_1755077241672_97.png
centerX: 0.07295445384925434
centerY: 0.21699458226404333
width: 0.036275695284159616
height: 0.04020530367835757
Area: 0.0006202830131755836
CentroidX: 0.0895
CentroidY: 0.2372
