Location: Dedata_32.png_Mean-Closing.png
Component: component_1755502451728_247.png
centerX: 0.2688432083837162
centerY: 0.6164813230681494
width: 0.044740024183796856
height: 0.028514399771884802
Area: 0.0004608736117906411
CentroidX: 0.2941
CentroidY: 0.6280
