Location: internet_32.png_Otsu.png
Component: component_1755077240256_109.png
centerX: 0.954453849254333
centerY: 0.04419731964642144
width: 0.028617492946392584
height: 0.030795551753635585
Area: 0.0003692735448088104
CentroidX: 0.9696
CentroidY: 0.0591
