Location: internet_32.png_Mean-Medain.png
Component: component_1755077241655_26.png
centerX: 0.954453849254333
centerY: 0.04419731964642144
width: 0.028617492946392584
height: 0.030795551753635585
Area: 0.00044938050426468994
CentroidX: 0.9697
CentroidY: 0.0596
