Location: Dedata_32.png_Mean-Closing.png
Component: component_1755502451720_213.png
centerX: 0.13381700927045545
centerY: 0.5295124037639007
width: 0.03909713825070536
height: 0.0290846877673225
Area: 0.0004271988067396042
CentroidX: 0.1551
CentroidY: 0.5415
