Location: Dedata_32.png_Mean-Medain.png
Component: component_1755502451036_159.png
centerX: 0.3329302700523982
centerY: 0.37439406900484745
width: 0.041515517936316
height: 0.031080695751354435
Area: 0.00040363793631140437
CentroidX: 0.3530
CentroidY: 0.3885
