Location: Kurtxevani_1794_page_10.png_Mean-Medain.png
Component: component_1755610054849_988.png
centerX: 0.293395675043834
centerY: 0.2750110180696342
width: 0.015780245470485097
height: 0.015425297487880123
Area: 0.0001432155865953302
CentroidX: 0.3010
CentroidY: 0.2819
