Location: Paraklitoni_1720_page_10.png_Mean-Medain.png
Component: component_1755610055516_2075.png
centerX: 0.760670731707317
centerY: 0.755889724310777
width: 0.013719512195121951
height: 0.012531328320802004
Area: 9.322085702060028e-05
CentroidX: 0.7668
CentroidY: 0.7616
