Location: Dedata_32.png_Mean-Closing.png
Component: component_1755502451710_170.png
centerX: 0.3941958887545345
centerY: 0.4128885086968919
width: 0.0471584038694075
height: 0.026803535785571715
Area: 0.00041639528566521014
CentroidX: 0.4167
CentroidY: 0.4243
