Location: Dedata_32.png_Mean-Medain.png
Component: component_1755502451043_190.png
centerX: 0.237807335751713
centerY: 0.44568006843455943
width: 0.042724707779121324
height: 0.029369831765041345
Area: 0.0004119129737300892
CentroidX: 0.2611
CentroidY: 0.4578
