Location: Dedata_32.png_Mean-Closing.png
Component: component_1755502451736_283.png
centerX: 0.5880693268843208
centerY: 0.7060165383518677
width: 0.03869407496977025
height: 0.03136583974907328
Area: 0.00040248862555880923
CentroidX: 0.6059
CentroidY: 0.7201
