Location: internet_32.png_Gaussian-Median.png
Component: component_1755077241055_49.png
centerX: 0.4312777106005643
centerY: 0.09381237524950099
width: 0.03385731559854897
height: 0.03307670373538637
Area: 0.0004897213116807784
CentroidX: 0.4490
CentroidY: 0.1092
