Location: Dedata_32.png_Gaussian-Closing.png
Component: component_1755502451156_116.png
centerX: 0.6884320838371625
centerY: 0.2654690618762475
width: 0.03305118903667876
height: 0.027088679783290562
Area: 0.0003901910005060415
CentroidX: 0.7061
CentroidY: 0.2778
