Location: Dedata_32.png_Mean-Closing.png
Component: component_1755502451704_141.png
centerX: 0.5525997581620314
centerY: 0.3487311092101511
width: 0.04796453043127771
height: 0.025377815796977475
Area: 0.00044570270985638556
CentroidX: 0.5774
CentroidY: 0.3591
