Location: Dedata_32.png_Mean-Medain.png
Component: component_1755502451005_17.png
centerX: 0.875453446191052
centerY: 0.009124607927003137
width: 0.031035872632003223
height: 0.029369831765041345
Area: 0.00031858894061936584
CentroidX: 0.8912
CentroidY: 0.0231
