Location: internet_32.png_Mean-Medain.png
Component: component_1755077241687_146.png
centerX: 0.12615880693268844
centerY: 0.37867122897063016
width: 0.03829101168883515
height: 0.03450242372398061
Area: 0.0006064912841444422
CentroidX: 0.1439
CentroidY: 0.3954
