Location: Paraklitoni_1720_page_10.png_Mean-Medain.png
Component: component_1755610055360_1578.png
centerX: 0.4413109756097561
centerY: 0.5684210526315789
width: 0.014481707317073171
height: 0.013032581453634085
Area: 0.00010468243780182162
CentroidX: 0.4477
CentroidY: 0.5741
