Location: internet_32.png_Gaussian-Median.png
Component: component_1755077241235_219.png
centerX: 0.17492946392583636
centerY: 0.46877673224978617
width: 0.042724707779121324
height: 0.03934987168520103
Area: 0.0006699332376876925
CentroidX: 0.1943
CentroidY: 0.4882
