Location: internet_32.png_Mean-Medain.png
Component: component_1755077241724_297.png
centerX: 0.012898024989923419
centerY: 0.7333903621328771
width: 0.03667875856509472
height: 0.03222127174222983
Area: 0.0005108686295285286
CentroidX: 0.0301
CentroidY: 0.7495
