Location: internet_32.png_Mean-Medain.png
Component: component_1755077241661_51.png
centerX: 0.25070536074163646
centerY: 0.10008554319931566
width: 0.03466344216041919
height: 0.03450242372398061
Area: 0.0005597143365138209
CentroidX: 0.2677
CentroidY: 0.1161
