Location: Dedata_32.png_Mean-Closing.png
Component: component_1755502451681_42.png
centerX: 0.43611446997178555
centerY: 0.08982035928143713
width: 0.030229746070133012
height: 0.029369831765041345
Area: 0.0004131772155579438
CentroidX: 0.4528
CentroidY: 0.1036
