Location: internet_32.png_Mean-Medain.png
Component: component_1755077241662_56.png
centerX: 0.017331721080209594
centerY: 0.11690903906472769
width: 0.035872632003224506
height: 0.029654975762760195
Area: 0.0004308766011479086
CentroidX: 0.0359
CentroidY: 0.1309
