Location: Dedata_32.png_Mean-Closing.png
Component: component_1755502451678_34.png
centerX: 0.9165659008464329
centerY: 0.05474764756201882
width: 0.03305118903667876
height: 0.03051040775591674
Area: 0.0004142115952352794
CentroidX: 0.9350
CentroidY: 0.0686
