Location: Dedata_32.png_Otsu.png
Component: component_1755502451799_7.png
centerX: 0.6267634018540911
centerY: 0.006843455945252352
width: 0.03426037887948408
height: 0.028229255774165955
Area: 0.00019503803471539101
CentroidX: 0.6404
CentroidY: 0.0180
