Location: internet_32.png_Gaussian-Closing.png
Component: component_1755077241594_276.png
centerX: 0.013301088270858524
centerY: 0.733675506130596
width: 0.035872632003224506
height: 0.031936127744510975
Area: 0.0004886869320034428
CentroidX: 0.0302
CentroidY: 0.7495
