Location: Dedata_32.png_Gaussian-Closing.png
Component: component_1755502451181_214.png
centerX: 0.8524788391777509
centerY: 0.502708867978329
width: 0.03990326481257558
height: 0.03051040775591674
Area: 0.00041202790480534873
CentroidX: 0.8707
CentroidY: 0.5164
