Location: internet_32.png_Mean-Medain.png
Component: component_1755077241670_85.png
centerX: 0.5542120112857719
centerY: 0.1864841745081266
width: 0.03345425231761386
height: 0.03849443969204448
Area: 0.0005723567547923673
CentroidX: 0.5715
CentroidY: 0.2046
