Location: Dedata_32.png_Mean-Medain.png
Component: component_1755502451075_328.png
centerX: 0.7871825876662636
centerY: 0.8112346735101226
width: 0.0471584038694075
height: 0.027944111776447105
Area: 0.0004270838756643447
CentroidX: 0.8073
CentroidY: 0.8229
