Location: internet_32.png_Gaussian-Closing.png
Component: component_1755077241576_204.png
centerX: 0.5828295042321644
centerY: 0.5389221556886228
width: 0.030632809351068116
height: 0.03222127174222983
Area: 0.00042041787329929304
CentroidX: 0.5982
CentroidY: 0.5549
