Location: internet_32.png_Otsu.png
Component: component_1755077240370_636.png
centerX: 0.07255139056831923
centerY: 0.2737382378100941
width: 0.035872632003224506
height: 0.03792415169660679
Area: 0.0005263843246885627
CentroidX: 0.0893
CentroidY: 0.2923
