Location: internet_32.png_Mean-Medain.png
Component: component_1755077241665_67.png
centerX: 0.4961708988311165
centerY: 0.13686911890504705
width: 0.03385731559854897
height: 0.03649843170801255
Area: 0.0005645414416747205
CentroidX: 0.5132
CentroidY: 0.1540
