Location: Dedata_32.png_Gaussian-Closing.png
Component: component_1755502451350_283.png
centerX: 0.40024183796856105
centerY: 0.7048759623609923
width: 0.04353083434099154
height: 0.03136583974907328
Area: 0.0004180043207188433
CentroidX: 0.4206
CentroidY: 0.7187
