Location: Dedata_32.png_Mean-Closing.png
Component: component_1755502451698_116.png
centerX: 0.8681983071342201
centerY: 0.26974622184203023
width: 0.04232164449818621
height: 0.028514399771884802
Area: 0.00048362996469202436
CentroidX: 0.8910
CentroidY: 0.2821
