Location: internet_32.png_Gaussian-Median.png
Component: component_1755077241338_297.png
centerX: 0.8480451430874647
centerY: 0.611633875106929
width: 0.03143893591293833
height: 0.032506415739948676
Area: 0.0004535180229740324
CentroidX: 0.8646
CentroidY: 0.6274
