Location: internet_32.png_Mean-Medain.png
Component: component_1755077241658_39.png
centerX: 0.9568722289399436
centerY: 0.07984031936127745
width: 0.03184199919387344
height: 0.03222127174222983
Area: 0.0004388068453408149
CentroidX: 0.9723
CentroidY: 0.0952
