Location: Dedata_32.png_Mean-Closing.png
Component: component_1755502451672_13.png
centerX: 0.7234985892785167
centerY: 0.00855431993156544
width: 0.037484885126964934
height: 0.031080695751354435
Area: 0.00035272346997144077
CentroidX: 0.7442
CentroidY: 0.0227
