Location: internet_32.png_Mean-Medain.png
Component: component_1755077241708_225.png
centerX: 0.4195888754534462
centerY: 0.5486170516110636
width: 0.03385731559854897
height: 0.03421727972626176
Area: 0.00048351503361676487
CentroidX: 0.4371
CentroidY: 0.5646
