Location: Dedata_32.png_Otsu.png
Component: component_1755502451823_376.png
centerX: 0.9290608625554212
centerY: 0.23267750213858
width: 0.03990326481257558
height: 0.024522383803820928
Area: 0.00036846902728199384
CentroidX: 0.9490
CentroidY: 0.2418
