Location: Dedata_32.png_Gaussian-Closing.png
Component: component_1755502451173_184.png
centerX: 0.06126561870213623
centerY: 0.44026233247790136
width: 0.04191858121725111
height: 0.028229255774165955
Area: 0.0003582401615838973
CentroidX: 0.0831
CentroidY: 0.4521
