Location: Dedata_32.png_Mean-Medain.png
Component: component_1755502451050_221.png
centerX: 0.08101571946795647
centerY: 0.5303678357570573
width: 0.03869407496977025
height: 0.02594810379241517
Area: 0.00041869390717040036
CentroidX: 0.1013
CentroidY: 0.5416
