Location: internet_32.png_Otsu.png
Component: component_1755077240677_1582.png
centerX: 0.9310761789600968
centerY: 0.5557456515540348
width: 0.03305118903667876
height: 0.03222127174222983
Area: 0.000470068097811402
CentroidX: 0.9467
CentroidY: 0.5718
