Location: Dedata_32.png_Mean-Closing.png
Component: component_1755502451715_187.png
centerX: 0.4365175332527207
centerY: 0.4508126603934987
width: 0.03869407496977025
height: 0.02423723980610208
Area: 0.0003520338835198837
CentroidX: 0.4561
CentroidY: 0.4612
