Location: Dedata_32.png_Mean-Closing.png
Component: component_1755502451684_49.png
centerX: 0.7694478033051189
centerY: 0.09352723125178215
width: 0.03305118903667876
height: 0.029654975762760195
Area: 0.00047558478942385856
CentroidX: 0.7881
CentroidY: 0.1077
