Location: internet_32.png_Gaussian-Closing.png
Component: component_1755077241584_233.png
centerX: 0.8988311164852882
centerY: 0.6062161391502708
width: 0.030632809351068116
height: 0.03364699173082407
Area: 0.0004469669516842402
CentroidX: 0.9141
CentroidY: 0.6224
