Location: Dedata_32.png_Mean-Medain.png
Component: component_1755502451021_95.png
centerX: 0.15276098347440548
centerY: 0.21129170230966637
width: 0.03909713825070536
height: 0.02765896777872826
Area: 0.0004359335684593271
CentroidX: 0.1732
CentroidY: 0.2238
