Location: Kurtxevani_1794_page_10.png_Mean-Medain.png
Component: component_1755610054939_1422.png
centerX: 0.48684979544126245
centerY: 0.4081092992507713
width: 0.020455873758036237
height: 0.013662406346408109
Area: 0.00016897378562326728
CentroidX: 0.4965
CentroidY: 0.4143
