Location: internet_32.png_Mean-Medain.png
Component: component_1755077241701_204.png
centerX: 0.37162434502216846
centerY: 0.5072711719418306
width: 0.03184199919387344
height: 0.032506415739948676
Area: 0.00045926457673700795
CentroidX: 0.3874
CentroidY: 0.5229
