Location: internet_32.png_Otsu.png
Component: component_1755077240697_1741.png
centerX: 0.7021362353889561
centerY: 0.6236099230111206
width: 0.03385731559854897
height: 0.035642999714856
Area: 0.0004281182553416803
CentroidX: 0.7194
CentroidY: 0.6413
