Location: internet_32.png_Gaussian-Median.png
Component: component_1755077241135_126.png
centerX: 0.07214832728738411
centerY: 0.2737382378100941
width: 0.036275695284159616
height: 0.03792415169660679
Area: 0.0005908606579091486
CentroidX: 0.0895
CentroidY: 0.2926
