Location: Dedata_32.png_Mean-Medain.png
Component: component_1755502451064_283.png
centerX: 0.9367190648931882
centerY: 0.671799258625606
width: 0.03506650544135429
height: 0.027944111776447105
Area: 0.00035973426556227097
CentroidX: 0.9532
CentroidY: 0.6855
