Location: Dedata_32.png_Gaussian-Closing.png
Component: component_1755502451385_309.png
centerX: 0.8424022571543732
centerY: 0.7613344739093242
width: 0.037484885126964934
height: 0.031936127744510975
Area: 0.0003828354116894328
CentroidX: 0.8610
CentroidY: 0.7764
