Location: internet_32.png_Otsu.png
Component: component_1755077240396_819.png
centerX: 0.60378879484079
centerY: 0.35357855717137154
width: 0.036275695284159616
height: 0.03307670373538637
Area: 0.0004559315755544821
CentroidX: 0.6216
CentroidY: 0.3686
