Location: internet_32.png_Otsu.png
Component: component_1755077240388_707.png
centerX: 0.309552599758162
centerY: 0.3202167094382663
width: 0.036275695284159616
height: 0.033932135728542916
Area: 0.0004026035566340688
CentroidX: 0.3263
CentroidY: 0.3344
