Location: internet_32.png_Mean-Medain.png
Component: component_1755077241661_48.png
centerX: 0.4312777106005643
centerY: 0.09381237524950099
width: 0.03385731559854897
height: 0.03307670373538637
Area: 0.0005279933597421958
CentroidX: 0.4488
CentroidY: 0.1091
