Location: Dedata_32.png_Mean-Closing.png
Component: component_1755502451715_186.png
centerX: 0.365981459089077
centerY: 0.44568006843455943
width: 0.044740024183796856
height: 0.028229255774165955
Area: 0.0004768490312517132
CentroidX: 0.3901
CentroidY: 0.4576
