Location: internet_32.png_Otsu.png
Component: component_1755077240704_1780.png
centerX: 0.8440145102781137
centerY: 0.6598232107214144
width: 0.03385731559854897
height: 0.033932135728542916
Area: 0.00038570868857092057
CentroidX: 0.8604
CentroidY: 0.6762
