Location: Dedata_32.png_Otsu.png
Component: component_1755502451869_908.png
centerX: 0.3353486497380089
centerY: 0.7547761619617908
width: 0.042724707779121324
height: 0.027944111776447105
Area: 0.00036007905878804953
CentroidX: 0.3600
CentroidY: 0.7668
