Location: Dedata_32.png_Gaussian-Closing.png
Component: component_1755502451347_272.png
centerX: 0.5864570737605804
centerY: 0.6618192187054462
width: 0.03909713825070536
height: 0.028514399771884802
Area: 0.0003798472037326855
CentroidX: 0.6070
CentroidY: 0.6740
