Location: Dedata_32.png_Otsu.png
Component: component_1755502451839_614.png
centerX: 0.562273276904474
centerY: 0.414599372683205
width: 0.04514308746473196
height: 0.02480752780153978
Area: 0.0003260594605112341
CentroidX: 0.5845
CentroidY: 0.4250
