Location: Dedata_32.png_Gaussian-Closing.png
Component: component_1755502451369_301.png
centerX: 0.40467553405884726
centerY: 0.7564870259481038
width: 0.04232164449818621
height: 0.027088679783290562
Area: 0.00042432552985811645
CentroidX: 0.4257
CentroidY: 0.7677
