Location: internet_32.png_Otsu.png
Component: component_1755077240702_1757.png
centerX: 0.49455864570737607
centerY: 0.6412888508696892
width: 0.036275695284159616
height: 0.03507271171941831
Area: 0.0004688038559835474
CentroidX: 0.5117
CentroidY: 0.6585
