Location: internet_32.png_Mean-Medain.png
Component: component_1755077241714_252.png
centerX: 0.8480451430874647
centerY: 0.611633875106929
width: 0.03143893591293833
height: 0.032506415739948676
Area: 0.00046926358028458545
CentroidX: 0.8647
CentroidY: 0.6274
