Location: Dedata_32.png_Mean-Closing.png
Component: component_1755502451729_249.png
centerX: 0.4030632809351068
centerY: 0.6216139150270886
width: 0.04070939137444579
height: 0.028229255774165955
Area: 0.00046029895641434355
CentroidX: 0.4264
CentroidY: 0.6341
