Location: Dedata_32.png_Otsu.png
Component: component_1755502451823_387.png
centerX: 0.08504635227730754
centerY: 0.25263758197889935
width: 0.04554615074566707
height: 0.028229255774165955
Area: 0.00037053778663666503
CentroidX: 0.1082
CentroidY: 0.2638
