Location: Dedata_32.png_Gaussian-Closing.png
Component: component_1755502451156_117.png
centerX: 0.6219266424828698
centerY: 0.2666096378671229
width: 0.03466344216041919
height: 0.026803535785571715
Area: 0.00043731274136244125
CentroidX: 0.6426
CentroidY: 0.2783
