Location: internet_32.png_Gaussian-Closing.png
Component: component_1755077241504_87.png
centerX: 0.13381700927045545
centerY: 0.21300256629597947
width: 0.03909713825070536
height: 0.041060735671514116
Area: 0.0006389018473676244
CentroidX: 0.1528
CentroidY: 0.2338
