Location: Dedata_32.png_Otsu.png
Component: component_1755502451847_679.png
centerX: 0.4973800886739218
centerY: 0.4958654120330767
width: 0.049576783555018135
height: 0.029369831765041345
Area: 0.00039869590007524536
CentroidX: 0.5210
CentroidY: 0.5091
