Location: Dedata_32.png_Mean-Closing.png
Component: component_1755502451723_225.png
centerX: 0.6231358323256752
centerY: 0.5449101796407185
width: 0.035872632003224506
height: 0.029369831765041345
Area: 0.0004624826468442743
CentroidX: 0.6444
CentroidY: 0.5580
