Location: Dedata_32.png_Gaussian-Closing.png
Component: component_1755502451165_152.png
centerX: 0.8778718258766627
centerY: 0.358426005132592
width: 0.04675534058847239
height: 0.0290846877673225
Area: 0.0004471968138347592
CentroidX: 0.9011
CentroidY: 0.3706
