Location: Dedata_32.png_Otsu.png
Component: component_1755502451856_831.png
centerX: 0.46594115276098347
centerY: 0.6221842030225264
width: 0.03788794840790004
height: 0.022526375819788995
Area: 0.00032341604578026536
CentroidX: 0.4865
CentroidY: 0.6311
