Location: Dedata_32.png_Otsu.png
Component: component_1755502451814_266.png
centerX: 0.2672309552599758
centerY: 0.1311662389506701
width: 0.03990326481257558
height: 0.02623324779013402
Area: 0.0004309915322231681
CentroidX: 0.2889
CentroidY: 0.1422
