Location: Dedata_32.png_Mean-Closing.png
Component: component_1755502451689_72.png
centerX: 0.023377670294236194
centerY: 0.16966067864271456
width: 0.0354695687222894
height: 0.02737382378100941
Area: 0.00036674506115310116
CentroidX: 0.0411
CentroidY: 0.1811
