Location: internet_32.png_Mean-Medain.png
Component: component_1755077241681_122.png
centerX: 0.5513905683192262
centerY: 0.2988309096093527
width: 0.03184199919387344
height: 0.038209295694325636
Area: 0.0006106288028537845
CentroidX: 0.5666
CentroidY: 0.3187
