Location: internet_32.png_Gaussian-Closing.png
Component: component_1755077241578_210.png
centerX: 0.9310761789600968
centerY: 0.5557456515540348
width: 0.03345425231761386
height: 0.032506415739948676
Area: 0.00048822720770240485
CentroidX: 0.9466
CentroidY: 0.5718
