Location: Dedata_32.png_Mean-Medain.png
Component: component_1755502451014_57.png
centerX: 0.1414752116082225
centerY: 0.12917023096663816
width: 0.035872632003224506
height: 0.0290846877673225
Area: 0.00047466534082178245
CentroidX: 0.1600
CentroidY: 0.1420
