Location: Dedata_32.png_Gaussian-Closing.png
Component: component_1755502451252_241.png
centerX: 0.5796049979846836
centerY: 0.5845451953236385
width: 0.04514308746473196
height: 0.02737382378100941
Area: 0.00046098854286590063
CentroidX: 0.6035
CentroidY: 0.5961
