Location: Dedata_32.png_Otsu.png
Component: component_1755502451872_976.png
centerX: 0.34784361144699716
centerY: 0.7989734816082121
width: 0.03869407496977025
height: 0.029369831765041345
Area: 0.00033835708556400186
CentroidX: 0.3641
CentroidY: 0.8118
