Location: Dedata_32.png_Mean-Closing.png
Component: component_1755502451721_216.png
centerX: 0.2494961708988311
centerY: 0.5315084117479327
width: 0.042724707779121324
height: 0.03307670373538637
Area: 0.00047753861770327027
CentroidX: 0.2715
CentroidY: 0.5464
