Location: Dedata_32.png_Mean-Medain.png
Component: component_1755502451051_226.png
centerX: 0.4349052801289803
centerY: 0.5374964357000285
width: 0.046352277307537285
height: 0.030795551753635585
Area: 0.0004925945885622663
CentroidX: 0.4590
CentroidY: 0.5510
