Location: Dedata_32.png_Otsu.png
Component: component_1755502451800_10.png
centerX: 0.407496977025393
centerY: 0.008269175933846592
width: 0.03426037887948408
height: 0.032506415739948676
Area: 0.0002729613037413398
CentroidX: 0.4244
CentroidY: 0.0222
