Location: internet_32.png_Mean-Medain.png
Component: component_1755077241716_258.png
centerX: 0.15880693268843207
centerY: 0.6253207869974337
width: 0.032648125755743655
height: 0.029654975762760195
Area: 0.00043731274136244125
CentroidX: 0.1750
CentroidY: 0.6396
