Location: Dedata_32.png_Mean-Closing.png
Component: component_1755502451714_181.png
centerX: 0.06126561870213623
centerY: 0.44026233247790136
width: 0.04191858121725111
height: 0.028229255774165955
Area: 0.00037007806233562703
CentroidX: 0.0832
CentroidY: 0.4521
