Location: Samociqulo_1709_page_10.png_Gaussian-Median.png
Component: component_1755610056092_552.png
centerX: 0.05405405405405406
centerY: 0.0825
width: 0.018673218673218674
height: 0.0125
Area: 0.00011977886977886978
CentroidX: 0.0612
CentroidY: 0.0880
