Location: internet_32.png_Mean-Medain.png
Component: component_1755077241684_133.png
centerX: 0.8863361547762999
centerY: 0.335899629312803
width: 0.041112454655380895
height: 0.03877958368976333
Area: 0.0007119980112326737
CentroidX: 0.9064
CentroidY: 0.3537
