Location: Dedata_32.png_Mean-Medain.png
Component: component_1755502451051_225.png
centerX: 0.36799677549375254
centerY: 0.5372112917023096
width: 0.0475614671503426
height: 0.0290846877673225
Area: 0.0005094894566254145
CentroidX: 0.3919
CentroidY: 0.5500
