Location: Dedata_32.png_Otsu.png
Component: component_1755502451831_484.png
centerX: 0.8762595727529222
centerY: 0.3125178214998574
width: 0.04675534058847239
height: 0.031936127744510975
Area: 0.0004180043207188433
CentroidX: 0.9010
CentroidY: 0.3260
