Location: Dedata_32.png_Gaussian-Closing.png
Component: component_1755502451151_99.png
centerX: 0.4111245465538089
centerY: 0.21899059024807527
width: 0.044740024183796856
height: 0.02281151981750784
Area: 0.0003516890902941052
CentroidX: 0.4318
CentroidY: 0.2288
