Location: Dedata_32.png_Otsu.png
Component: component_1755502451857_835.png
centerX: 0.6880290205562273
centerY: 0.6258910749928714
width: 0.04030632809351068
height: 0.02765896777872826
Area: 0.00040536190244029705
CentroidX: 0.7096
CentroidY: 0.6378
