Location: Dedata_32.png_Gaussian-Closing.png
Component: component_1755502451155_112.png
centerX: 0.3639661426844015
centerY: 0.25805531793555747
width: 0.04232164449818621
height: 0.026803535785571715
Area: 0.00039168510448441517
CentroidX: 0.3850
CentroidY: 0.2688
