Location: internet_32.png_Mean-Medain.png
Component: component_1755077241688_151.png
centerX: 0.8319226118500604
centerY: 0.3823781009409752
width: 0.037081821846029824
height: 0.03649843170801255
Area: 0.0006572908194091463
CentroidX: 0.8503
CentroidY: 0.4000
