Location: Dedata_32.png_Mean-Medain.png
Component: component_1755502451074_325.png
centerX: 0.6569931479242241
centerY: 0.8038209295694325
width: 0.0475614671503426
height: 0.03051040775591674
Area: 0.00044145026007178363
CentroidX: 0.6766
CentroidY: 0.8164
