Location: internet_32.png_Gaussian-Closing.png
Component: component_1755077241574_193.png
centerX: 0.26440951229343007
centerY: 0.5146849158825206
width: 0.031035872632003223
height: 0.033932135728542916
Area: 0.0004081202482465253
CentroidX: 0.2802
CentroidY: 0.5307
