Location: Dedata_32.png_Gaussian-Closing.png
Component: component_1755502451187_226.png
centerX: 0.6839983877468763
centerY: 0.5420587396635301
width: 0.04353083434099154
height: 0.030795551753635585
Area: 0.00044765653813579726
CentroidX: 0.7055
CentroidY: 0.5555
