Location: Dedata_32.png_Mean-Medain.png
Component: component_1755502451069_302.png
centerX: 0.13422007255139057
centerY: 0.7513544339891646
width: 0.03909713825070536
height: 0.026518391787852865
Area: 0.0004520239189956587
CentroidX: 0.1556
CentroidY: 0.7633
