Location: internet_32.png_Gaussian-Closing.png
Component: component_1755077241586_243.png
centerX: 0.1124546553808948
centerY: 0.6287425149700598
width: 0.03143893591293833
height: 0.0290846877673225
Area: 0.0004061664199671136
CentroidX: 0.1276
CentroidY: 0.6433
