Location: Dedata_32.png_Mean-Medain.png
Component: component_1755502451065_289.png
centerX: 0.07940346634421604
centerY: 0.7057313943541489
width: 0.042724707779121324
height: 0.027944111776447105
Area: 0.00045627636878026065
CentroidX: 0.1019
CentroidY: 0.7173
