Location: internet_32.png_Gaussian-Median.png
Component: component_1755077241046_39.png
centerX: 0.9568722289399436
centerY: 0.0801254633589963
width: 0.03184199919387344
height: 0.031936127744510975
Area: 0.00041938349362195744
CentroidX: 0.9722
CentroidY: 0.0953
