Location: Dedata_32.png_Otsu.png
Component: component_1755502451803_89.png
centerX: 0.29866989117291415
centerY: 0.04818933561448532
width: 0.037081821846029824
height: 0.030795551753635585
Area: 0.00024066567159341707
CentroidX: 0.3193
CentroidY: 0.0611
