Location: Dedata_32.png_Mean-Medain.png
Component: component_1755502451066_293.png
centerX: 0.46311970979443773
centerY: 0.7065868263473054
width: 0.049576783555018135
height: 0.031080695751354435
Area: 0.00043834712103977684
CentroidX: 0.4893
CentroidY: 0.7191
