Location: internet_32.png_Otsu.png
Component: component_1755077240395_813.png
centerX: 0.6650544135429263
centerY: 0.35186769318505845
width: 0.0354695687222894
height: 0.033932135728542916
Area: 0.0004271988067396042
CentroidX: 0.6821
CentroidY: 0.3668
