Location: Dedata_32.png_Mean-Medain.png
Component: component_1755502451055_249.png
centerX: 0.826682789197904
centerY: 0.5885372112917023
width: 0.03909713825070536
height: 0.029369831765041345
Area: 0.0004447832612543095
CentroidX: 0.8461
CentroidY: 0.6017
