Location: Dedata_32.png_Gaussian-Closing.png
Component: component_1755502451181_212.png
centerX: 0.7944377267230955
centerY: 0.49957228400342174
width: 0.03829101168883515
height: 0.030795551753635585
Area: 0.0004068560064186707
CentroidX: 0.8123
CentroidY: 0.5139
