Location: Dedata_32.png_Otsu.png
Component: component_1755502451802_84.png
centerX: 0.0177347843611447
centerY: 0.043912175648702596
width: 0.03829101168883515
height: 0.026803535785571715
Area: 0.0002607786097638316
CentroidX: 0.0370
CentroidY: 0.0552
