Location: Dedata_32.png_Otsu.png
Component: component_1755502451857_834.png
centerX: 0.6344216041918581
centerY: 0.6258910749928714
width: 0.036275695284159616
height: 0.02623324779013402
Area: 0.0004005347972793976
CentroidX: 0.6561
CentroidY: 0.6378
