Location: Dedata_32.png_Gaussian-Closing.png
Component: component_1755502451130_2.png
centerX: 0.2430471584038694
centerY: 0.0051325919589392645
width: 0.028617492946392584
height: 0.026803535785571715
Area: 0.00030916459244808593
CentroidX: 0.2571
CentroidY: 0.0174
