Location: Kurtxevani_1794_page_10.png_Mean-Medain.png
Component: component_1755610054983_1568.png
centerX: 0.12273524254821741
centerY: 0.45702952842661965
width: 0.022209234365867914
height: 0.01630674305861613
Area: 0.0002305358813000369
CentroidX: 0.1336
CentroidY: 0.4651
