Location: Kurtxevani_1794_page_10.png_Mean-Medain.png
Component: component_1755610055045_2087.png
centerX: 0.2735242548217417
centerY: 0.6575583957690613
width: 0.020455873758036237
height: 0.021595416483032173
Area: 0.00022744489741668446
CentroidX: 0.2825
CentroidY: 0.6686
