Location: Dedata_32.png_Otsu.png
Component: component_1755502451855_815.png
centerX: 0.8810963321241435
centerY: 0.5888223552894212
width: 0.046352277307537285
height: 0.02765896777872826
Area: 0.0004159355613641721
CentroidX: 0.9045
CentroidY: 0.6000
