Location: Dedata_32.png_Mean-Closing.png
Component: component_1755502451726_238.png
centerX: 0.6481257557436517
centerY: 0.5868263473053892
width: 0.039500201531640466
height: 0.02594810379241517
Area: 0.0004245553920086355
CentroidX: 0.6680
CentroidY: 0.5985
