Location: Dedata_32.png_Gaussian-Closing.png
Component: component_1755502451384_307.png
centerX: 0.5888754534461911
centerY: 0.7601938979184488
width: 0.03909713825070536
height: 0.028514399771884802
Area: 0.0003789277551306094
CentroidX: 0.6093
CentroidY: 0.7724
