Location: Dedata_32.png_Mean-Medain.png
Component: component_1755502451045_200.png
centerX: 0.8347440548166062
centerY: 0.45879669232962644
width: 0.0471584038694075
height: 0.029369831765041345
Area: 0.0004407606736202266
CentroidX: 0.8585
CentroidY: 0.4702
