Location: internet_32.png_Otsu.png
Component: component_1755077240302_228.png
centerX: 0.7855703345425232
centerY: 0.08468776732249786
width: 0.031035872632003223
height: 0.031080695751354435
Area: 0.00038145623878631864
CentroidX: 0.8002
CentroidY: 0.0990
