Location: Dedata_32.png_Mean-Medain.png
Component: component_1755502451033_148.png
centerX: 0.6146715034260379
centerY: 0.3504419731964642
width: 0.04917372027408303
height: 0.02480752780153978
Area: 0.00043064673899738956
CentroidX: 0.6387
CentroidY: 0.3607
