Location: internet_32.png_Gaussian-Closing.png
Component: component_1755077241497_74.png
centerX: 0.9036678758565094
centerY: 0.16595380667236956
width: 0.032648125755743655
height: 0.03649843170801255
Area: 0.0005176495629688397
CentroidX: 0.9194
CentroidY: 0.1841
