Location: Dedata_32.png_Mean-Medain.png
Component: component_1755502451023_103.png
centerX: 0.814993954050786
centerY: 0.22212717422298262
width: 0.04393389762192664
height: 0.030795551753635585
Area: 0.00047822820415482735
CentroidX: 0.8364
CentroidY: 0.2350
