Location: Dedata_32.png_Mean-Closing.png
Component: component_1755502451741_307.png
centerX: 0.07134220072551391
centerY: 0.7915597376675221
width: 0.04312777106005643
height: 0.027088679783290562
Area: 0.0004189237693209194
CentroidX: 0.0921
CentroidY: 0.8026
