Location: internet_32.png_Gaussian-Closing.png
Component: component_1755077241586_244.png
centerX: 0.06368399838774688
centerY: 0.6298830909609353
width: 0.029826682789197905
height: 0.03307670373538637
Area: 0.0003520338835198837
CentroidX: 0.0786
CentroidY: 0.6468
