Location: Dedata_32.png_Mean-Closing.png
Component: component_1755502451716_194.png
centerX: 0.8347440548166062
centerY: 0.45879669232962644
width: 0.04675534058847239
height: 0.029369831765041345
Area: 0.0004390367074913339
CentroidX: 0.8585
CentroidY: 0.4702
