Location: Dedata_32.png_Otsu.png
Component: component_1755502451868_891.png
centerX: 0.9383313180169287
centerY: 0.7125748502994012
width: 0.036275695284159616
height: 0.025092671799258625
Area: 0.00033215080749998823
CentroidX: 0.9536
CentroidY: 0.7239
