Location: Dedata_32.png_Otsu.png
Component: component_1755502451868_890.png
centerX: 0.7065699314792422
centerY: 0.7108639863130881
width: 0.03990326481257558
height: 0.029369831765041345
Area: 0.0003338747736288809
CentroidX: 0.7257
CentroidY: 0.7229
