Location: Dedata_32.png_Mean-Medain.png
Component: component_1755502451069_305.png
centerX: 0.26964933494558646
centerY: 0.7550613059595096
width: 0.04393389762192664
height: 0.0290846877673225
Area: 0.00046167812931745766
CentroidX: 0.2919
CentroidY: 0.7674
