Location: Paraklitoni_1720_page_10.png_Mean-Medain.png
Component: component_1755610055343_1406.png
centerX: 0.5800304878048781
centerY: 0.5072681704260652
width: 0.019817073170731708
height: 0.013032581453634085
Area: 0.00014441591784338897
CentroidX: 0.5887
CentroidY: 0.5137
