Location: internet_32.png_Otsu.png
Component: component_1755077240314_318.png
centerX: 0.018137847642079808
centerY: 0.11690903906472769
width: 0.03385731559854897
height: 0.029369831765041345
Area: 0.00035709085083130223
CentroidX: 0.0357
CentroidY: 0.1309
