Location: internet_32.png_Mean-Medain.png
Component: component_1755077241681_125.png
centerX: 0.37122128174123337
centerY: 0.31565440547476475
width: 0.035872632003224506
height: 0.035642999714856
Area: 0.0005932742104895984
CentroidX: 0.3889
CentroidY: 0.3323
