Location: Samociqulo_1709_page_10.png_Gaussian-Median.png
Component: component_1755610056224_2151.png
centerX: 0.2004914004914005
centerY: 0.5084375
width: 0.02113022113022113
height: 0.0171875
Area: 0.00015156633906633906
CentroidX: 0.2096
CentroidY: 0.5156
