Location: internet_32.png_Otsu.png
Component: component_1755077240706_1795.png
centerX: 0.7569528415961306
centerY: 0.6678072426575421
width: 0.028617492946392584
height: 0.03421727972626176
Area: 0.0004169699410415077
CentroidX: 0.7706
CentroidY: 0.6845
