Location: internet_32.png_Mean-Medain.png
Component: component_1755077241715_253.png
centerX: 0.260378879484079
centerY: 0.6127744510978044
width: 0.029826682789197905
height: 0.03450242372398061
Area: 0.0005074206972707433
CentroidX: 0.2748
CentroidY: 0.6297
