Location: Dedata_32.png_Otsu.png
Component: component_1755502451858_839.png
centerX: 0.9234179766223297
centerY: 0.630453378956373
width: 0.04353083434099154
height: 0.028229255774165955
Area: 0.00039363893276382687
CentroidX: 0.9450
CentroidY: 0.6427
