Location: Dedata_32.png_Gaussian-Closing.png
Component: component_1755502451140_49.png
centerX: 0.48851269649334944
centerY: 0.09238665526090675
width: 0.03305118903667876
height: 0.026803535785571715
Area: 0.00044535791663060704
CentroidX: 0.5068
CentroidY: 0.1053
