Location: Dedata_32.png_Otsu.png
Component: component_1755502451850_737.png
centerX: 0.3115679161628376
centerY: 0.5352152837182778
width: 0.041515517936316
height: 0.03222127174222983
Area: 0.0003961674164195361
CentroidX: 0.3331
CentroidY: 0.5497
