Location: Dedata_32.png_Gaussian-Closing.png
Component: component_1755502451169_168.png
centerX: 0.083031035872632
centerY: 0.40290846877673225
width: 0.04675534058847239
height: 0.02737382378100941
Area: 0.0004017990391072522
CentroidX: 0.1060
CentroidY: 0.4144
