Location: internet_32.png_Otsu.png
Component: component_1755077240711_1864.png
centerX: 0.43571140669085046
centerY: 0.6991730824066154
width: 0.03345425231761386
height: 0.031936127744510975
Area: 0.0004168550099662482
CentroidX: 0.4512
CentroidY: 0.7144
