Location: internet_32.png_Otsu.png
Component: component_1755077240300_224.png
centerX: 0.6622329705763805
centerY: 0.08354719133162247
width: 0.03184199919387344
height: 0.033361847733105215
Area: 0.00045167912576988016
CentroidX: 0.6776
CentroidY: 0.0994
