Location: internet_32.png_Otsu.png
Component: component_1755077240645_1252.png
centerX: 0.7988714228133817
centerY: 0.4724836042201312
width: 0.024586860137041516
height: 0.03307670373538637
Area: 0.00029284437976123527
CentroidX: 0.8108
CentroidY: 0.4878
