Location: Dedata_32.png_Gaussian-Closing.png
Component: component_1755502451344_264.png
centerX: 0.012494961708988311
centerY: 0.6564014827487882
width: 0.036275695284159616
height: 0.025092671799258625
Area: 0.00036571068147576557
CentroidX: 0.0335
CentroidY: 0.6677
