Location: internet_32.png_Gaussian-Median.png
Component: component_1755077241013_8.png
centerX: 0.25836356307940345
centerY: 0.006273167949814656
width: 0.03829101168883515
height: 0.034787567721699456
Area: 0.0004930543128633043
CentroidX: 0.2767
CentroidY: 0.0240
