Location: internet_32.png_Otsu.png
Component: component_1755077240635_1237.png
centerX: 0.8915759774284563
centerY: 0.46535500427716
width: 0.029826682789197905
height: 0.03450242372398061
Area: 0.00033134628997317166
CentroidX: 0.9056
CentroidY: 0.4815
