Location: internet_32.png_Mean-Medain.png
Component: component_1755077241650_9.png
centerX: 0.25836356307940345
centerY: 0.006273167949814656
width: 0.03829101168883515
height: 0.034787567721699456
Area: 0.0005140866996357949
CentroidX: 0.2766
CentroidY: 0.0238
