Location: Dedata_32.png_Gaussian-Closing.png
Component: component_1755502451390_316.png
centerX: 0.40991535671100365
centerY: 0.8006843455945253
width: 0.03990326481257558
height: 0.029654975762760195
Area: 0.0003838697913667684
CentroidX: 0.4288
CentroidY: 0.8135
