Location: internet_32.png_Gaussian-Closing.png
Component: component_1755077241573_190.png
centerX: 0.9391374445787989
centerY: 0.5075563159395494
width: 0.029826682789197905
height: 0.03421727972626176
Area: 0.00042041787329929304
CentroidX: 0.9541
CentroidY: 0.5250
