Location: Dedata_32.png_Gaussian-Closing.png
Component: component_1755502451163_143.png
centerX: 0.35308343409915355
centerY: 0.34160250926717994
width: 0.041112454655380895
height: 0.023381807812945538
Area: 0.00038547882642040154
CentroidX: 0.3711
CentroidY: 0.3523
