Location: internet_32.png_Gaussian-Median.png
Component: component_1755077241012_7.png
centerX: 0.1950826279725917
centerY: 0.005988023952095809
width: 0.035872632003224506
height: 0.03792415169660679
Area: 0.0005110984916790476
CentroidX: 0.2134
CentroidY: 0.0250
