Location: Dedata_32.png_Otsu.png
Component: component_1755502451808_215.png
centerX: 0.5465538089480049
centerY: 0.09153122326775022
width: 0.032245062474808545
height: 0.028514399771884802
Area: 0.0003891566208287059
CentroidX: 0.5634
CentroidY: 0.1046
