Location: Dedata_32.png_Mean-Medain.png
Component: component_1755502451003_7.png
centerX: 0.5699314792422411
centerY: 0.0071285999429712005
width: 0.0354695687222894
height: 0.03364699173082407
Area: 0.0003368629815856282
CentroidX: 0.5871
CentroidY: 0.0218
