Location: internet_32.png_Otsu.png
Component: component_1755077240713_1891.png
centerX: 0.2253123740427247
centerY: 0.7157114342743085
width: 0.039500201531640466
height: 0.03307670373538637
Area: 0.00046742468308043323
CentroidX: 0.2433
CentroidY: 0.7313
