Location: internet_32.png_Mean-Medain.png
Component: component_1755077241688_148.png
centerX: 0.8887545344619106
centerY: 0.3798118049615056
width: 0.04353083434099154
height: 0.03735386370116909
Area: 0.0006770589643537822
CentroidX: 0.9086
CentroidY: 0.3969
