Location: Kurtxevani_1784_page_10.png_Gaussian-Closing.png
Component: component_1755610055710_94.png
centerX: 0.5242195909580194
centerY: 0.12669322709163347
width: 0.02691065662002153
height: 0.02390438247011952
Area: 0.00034479948880473797
CentroidX: 0.5359
CentroidY: 0.1397
