Location: internet_32.png_Mean-Medain.png
Component: component_1755077241707_218.png
centerX: 0.6364369205965337
centerY: 0.5337895637296834
width: 0.03184199919387344
height: 0.033932135728542916
Area: 0.0005166151832915042
CentroidX: 0.6525
CentroidY: 0.5507
