Location: Dedata_32.png_Otsu.png
Component: component_1755502451824_392.png
centerX: 0.3639661426844015
centerY: 0.25805531793555747
width: 0.04191858121725111
height: 0.026803535785571715
Area: 0.00034272446642386327
CentroidX: 0.3848
CentroidY: 0.2686
