Location: Dedata_32.png_Gaussian-Closing.png
Component: component_1755502451158_128.png
centerX: 0.48327287384119305
centerY: 0.2996863416025093
width: 0.04917372027408303
height: 0.03051040775591674
Area: 0.0004598392321133055
CentroidX: 0.5082
CentroidY: 0.3121
