Location: internet_32.png_Gaussian-Closing.png
Component: component_1755077241579_214.png
centerX: 0.8843208383716243
centerY: 0.561163387510693
width: 0.03385731559854897
height: 0.03222127174222983
Area: 0.0004870778969498097
CentroidX: 0.9000
CentroidY: 0.5773
