Location: Dedata_32.png_Gaussian-Closing.png
Component: component_1755502451148_84.png
centerX: 0.562273276904474
centerY: 0.17850014257199887
width: 0.037081821846029824
height: 0.027088679783290562
Area: 0.00039731672717213125
CentroidX: 0.5836
CentroidY: 0.1898
