Location: Dedata_32.png_Gaussian-Closing.png
Component: component_1755502451353_289.png
centerX: 0.6469165659008465
centerY: 0.7094382663244939
width: 0.04232164449818621
height: 0.030795551753635585
Area: 0.0004101890076011965
CentroidX: 0.6653
CentroidY: 0.7219
