Location: Dedata_32.png_Otsu.png
Component: component_1755502451799_9.png
centerX: 0.13986295848448208
centerY: 0.007984031936127744
width: 0.026602176541717048
height: 0.026518391787852865
Area: 0.0002576754707318248
CentroidX: 0.1545
CentroidY: 0.0205
