Location: internet_32.png_Gaussian-Closing.png
Component: component_1755077241563_160.png
centerX: 0.06690850463522773
centerY: 0.42771599657827203
width: 0.03345425231761386
height: 0.03507271171941831
Area: 0.0005510945058693576
CentroidX: 0.0834
CentroidY: 0.4454
