Location: Dedata_32.png_Mean-Medain.png
Component: component_1755502451038_169.png
centerX: 0.9234179766223297
centerY: 0.3972055888223553
width: 0.04393389762192664
height: 0.023952095808383235
Area: 0.0003645613707231705
CentroidX: 0.9451
CentroidY: 0.4076
