Location: Dedata_32.png_Gaussian-Closing.png
Component: component_1755502451141_50.png
centerX: 0.7690447400241838
centerY: 0.09352723125178215
width: 0.03345425231761386
height: 0.029654975762760195
Area: 0.0004621378536184957
CentroidX: 0.7881
CentroidY: 0.1077
