Location: Dedata_32.png_Gaussian-Closing.png
Component: component_1755502451155_114.png
centerX: 0.486900443369609
centerY: 0.2600513259195894
width: 0.037484885126964934
height: 0.029654975762760195
Area: 0.0003968570028710932
CentroidX: 0.5046
CentroidY: 0.2731
