Location: Dedata_32.png_Mean-Closing.png
Component: component_1755502451729_250.png
centerX: 0.4655380894800484
centerY: 0.6218990590248076
width: 0.03869407496977025
height: 0.023096663815226688
Area: 0.00035042484846625055
CentroidX: 0.4865
CentroidY: 0.6311
