Location: internet_32.png_Mean-Medain.png
Component: component_1755077241666_70.png
centerX: 0.36960902861749295
centerY: 0.14285714285714285
width: 0.035872632003224506
height: 0.035642999714856
Area: 0.0005481062979126103
CentroidX: 0.3875
CentroidY: 0.1604
