Location: Dedata_32.png_Mean-Closing.png
Component: component_1755502451689_77.png
centerX: 0.31680773881499397
centerY: 0.17251211861990304
width: 0.04030632809351068
height: 0.027088679783290562
Area: 0.00048765255232610725
CentroidX: 0.3362
CentroidY: 0.1840
