Location: Dedata_32.png_Gaussian-Closing.png
Component: component_1755502451391_320.png
centerX: 0.6569931479242241
centerY: 0.8038209295694325
width: 0.0475614671503426
height: 0.03051040775591674
Area: 0.0004089247657733419
CentroidX: 0.6768
CentroidY: 0.8160
