Location: Paraklitoni_1720_page_10.png_Mean-Medain.png
Component: component_1755610055484_1949.png
centerX: 0.3239329268292683
centerY: 0.7132832080200501
width: 0.013719512195121951
height: 0.012030075187969926
Area: 9.016443547894125e-05
CentroidX: 0.3298
CentroidY: 0.7189
