Location: internet_32.png_Otsu.png
Component: component_1755077240251_105.png
centerX: 0.6799677549375251
centerY: 0.0427715996578272
width: 0.029423619508262798
height: 0.029940119760479042
Area: 0.00022583956288494008
CentroidX: 0.6932
CentroidY: 0.0550
