Location: internet_32.png_Gaussian-Median.png
Component: component_1755077241037_30.png
centerX: 0.31197097944377267
centerY: 0.05018534359851725
width: 0.029826682789197905
height: 0.03421727972626176
Area: 0.00041972828684773596
CentroidX: 0.3274
CentroidY: 0.0672
