Location: internet_32.png_Otsu.png
Component: component_1755077240655_1391.png
centerX: 0.37162434502216846
centerY: 0.5072711719418306
width: 0.03184199919387344
height: 0.03222127174222983
Area: 0.0003719169595397792
CentroidX: 0.3873
CentroidY: 0.5226
