Location: Dedata_32.png_Mean-Closing.png
Component: component_1755502451742_313.png
centerX: 0.596130592503023
centerY: 0.8015397775876818
width: 0.04675534058847239
height: 0.03222127174222983
Area: 0.00045029995286676605
CentroidX: 0.6165
CentroidY: 0.8149
