Location: Dedata_32.png_Gaussian-Closing.png
Component: component_1755502451137_32.png
centerX: 0.7464731962918179
centerY: 0.05303678357570573
width: 0.03466344216041919
height: 0.029654975762760195
Area: 0.00034077063814445157
CentroidX: 0.7664
CentroidY: 0.0665
