Location: Dedata_32.png_Otsu.png
Component: component_1755502451807_203.png
centerX: 0.3260781942765014
centerY: 0.08867978329056174
width: 0.03385731559854897
height: 0.030795551753635585
Area: 0.00037433051212022896
CentroidX: 0.3435
CentroidY: 0.1023
