Location: Dedata_32.png_Otsu.png
Component: component_1755502451833_545.png
centerX: 0.4856912535268037
centerY: 0.34673510122611917
width: 0.03990326481257558
height: 0.023952095808383235
Area: 0.0003310014967473931
CentroidX: 0.5058
CentroidY: 0.3571
