Location: Dedata_32.png_Mean-Closing.png
Component: component_1755502451700_123.png
centerX: 0.28859330914953646
centerY: 0.2979754776161962
width: 0.04191858121725111
height: 0.028514399771884802
Area: 0.00043443946448095343
CentroidX: 0.3092
CentroidY: 0.3092
