Location: Dedata_32.png_Otsu.png
Component: component_1755502451868_905.png
centerX: 0.0709391374445788
centerY: 0.7485029940119761
width: 0.03466344216041919
height: 0.028229255774165955
Area: 0.0003468619851332057
CentroidX: 0.0891
CentroidY: 0.7622
