Location: internet_32.png_Otsu.png
Component: component_1755077240688_1695.png
centerX: 0.5771866182990729
centerY: 0.5922440832620474
width: 0.031035872632003223
height: 0.02879954376960365
Area: 0.00040835011039704435
CentroidX: 0.5917
CentroidY: 0.6056
