Location: Dedata_32.png_Mean-Medain.png
Component: component_1755502451029_128.png
centerX: 0.28859330914953646
centerY: 0.2979754776161962
width: 0.04232164449818621
height: 0.028514399771884802
Area: 0.00043765753458821976
CentroidX: 0.3092
CentroidY: 0.3093
