Location: Dedata_32.png_Mean-Closing.png
Component: component_1755502451735_275.png
centerX: 0.5276098347440548
centerY: 0.7025948103792415
width: 0.04191858121725111
height: 0.03222127174222983
Area: 0.0004360484995345866
CentroidX: 0.5490
CentroidY: 0.7159
