Location: internet_32.png_Mean-Medain.png
Component: component_1755077241687_145.png
centerX: 0.18500604594921402
centerY: 0.3723980610208155
width: 0.0354695687222894
height: 0.03649843170801255
Area: 0.0006170649430683172
CentroidX: 0.2020
CentroidY: 0.3911
