Location: Dedata_32.png_Otsu.png
Component: component_1755502451851_747.png
centerX: 0.8049173720274083
centerY: 0.5454804676361562
width: 0.046352277307537285
height: 0.029369831765041345
Area: 0.0004229463569550023
CentroidX: 0.8287
CentroidY: 0.5578
