Location: Dedata_32.png_Gaussian-Closing.png
Component: component_1755502451132_9.png
centerX: 0.407496977025393
centerY: 0.008269175933846592
width: 0.03426037887948408
height: 0.03279155973766752
Area: 0.0003626075424437588
CentroidX: 0.4245
CentroidY: 0.0239
