Location: Dedata_32.png_Mean-Closing.png
Component: component_1755502451697_111.png
centerX: 0.5538089480048367
centerY: 0.2609067579127459
width: 0.037081821846029824
height: 0.029940119760479042
Area: 0.0004946633479169375
CentroidX: 0.5743
CentroidY: 0.2742
