Location: Dedata_32.png_Mean-Closing.png
Component: component_1755502451696_104.png
centerX: 0.0177347843611447
centerY: 0.25263758197889935
width: 0.04393389762192664
height: 0.02423723980610208
Area: 0.00041938349362195744
CentroidX: 0.0398
CentroidY: 0.2632
