Location: Dedata_32.png_Mean-Medain.png
Component: component_1755502451006_24.png
centerX: 0.24828698105602579
centerY: 0.04590818363273453
width: 0.032648125755743655
height: 0.029369831765041345
Area: 0.0003478963648105413
CentroidX: 0.2648
CentroidY: 0.0593
