Location: Dedata_32.png_Otsu.png
Component: component_1755502451859_856.png
centerX: 0.2551390568319226
centerY: 0.6586826347305389
width: 0.04232164449818621
height: 0.02879954376960365
Area: 0.00040547683351555653
CentroidX: 0.2815
CentroidY: 0.6699
