Location: Dedata_32.png_Mean-Closing.png
Component: component_1755502451686_59.png
centerX: 0.2672309552599758
centerY: 0.1311662389506701
width: 0.04030632809351068
height: 0.02623324779013402
Area: 0.0004708726153382186
CentroidX: 0.2890
CentroidY: 0.1424
