Location: Dedata_32.png_Mean-Closing.png
Component: component_1755502451711_174.png
centerX: 0.4514308746473196
centerY: 0.41602509267179927
width: 0.041515517936316
height: 0.02423723980610208
Area: 0.0003612283695406446
CentroidX: 0.4719
CentroidY: 0.4259
