Location: Dedata_32.png_Mean-Closing.png
Component: component_1755502451669_7.png
centerX: 0.13945989520354696
centerY: 0.007698887938408896
width: 0.027005239822652155
height: 0.02737382378100941
Area: 0.00031479621513580197
CentroidX: 0.1547
CentroidY: 0.0208
