Location: Dedata_32.png_Mean-Medain.png
Component: component_1755502451003_8.png
centerX: 0.13945989520354696
centerY: 0.007698887938408896
width: 0.027408303103587262
height: 0.02737382378100941
Area: 0.00031778442309254927
CentroidX: 0.1547
CentroidY: 0.0209
