Location: Dedata_32.png_Otsu.png
Component: component_1755502451817_294.png
centerX: 0.07980652962515115
centerY: 0.17080125463358997
width: 0.03385731559854897
height: 0.02623324779013402
Area: 0.00034939046878891495
CentroidX: 0.0996
CentroidY: 0.1827
