Location: internet_32.png_Otsu.png
Component: component_1755077240714_1913.png
centerX: 0.06489318823055219
centerY: 0.7299686341602509
width: 0.036275695284159616
height: 0.03165098374679213
Area: 0.0004781132730795678
CentroidX: 0.0820
CentroidY: 0.7455
