Location: Dedata_32.png_Mean-Medain.png
Component: component_1755502451006_22.png
centerX: 0.18903667875856509
centerY: 0.044767607641859136
width: 0.035872632003224506
height: 0.027088679783290562
Area: 0.0003432991218001608
CentroidX: 0.2074
CentroidY: 0.0571
