Location: Dedata_32.png_Otsu.png
Component: component_1755502451845_668.png
centerX: 0.12777106005642885
centerY: 0.48303393213572854
width: 0.029826682789197905
height: 0.027944111776447105
Area: 0.0003406557070691921
CentroidX: 0.1431
CentroidY: 0.4964
