Location: Paraklitoni_1720_page_10.png_Mean-Medain.png
Component: component_1755610055485_1960.png
centerX: 0.7995426829268293
centerY: 0.7147869674185464
width: 0.012957317073170731
height: 0.012531328320802004
Area: 8.978238278623388e-05
CentroidX: 0.8047
CentroidY: 0.7205
