Location: Paraklitoni_1720_page_10.png_Mean-Medain.png
Component: component_1755610055343_1404.png
centerX: 0.7530487804878049
centerY: 0.5067669172932331
width: 0.012957317073170731
height: 0.012531328320802004
Area: 8.672596124457486e-05
CentroidX: 0.7583
CentroidY: 0.5127
