Location: internet_32.png_Gaussian-Closing.png
Component: component_1755077241478_34.png
centerX: 0.07376058041112454
centerY: 0.06444254348445966
width: 0.031035872632003223
height: 0.029940119760479042
Area: 0.00042444046093337594
CentroidX: 0.0888
CentroidY: 0.0788
