Location: internet_32.png_Gaussian-Median.png
Component: component_1755077241374_339.png
centerX: 0.279322853688029
centerY: 0.7131451382948389
width: 0.0354695687222894
height: 0.03364699173082407
Area: 0.0004859285861972146
CentroidX: 0.2960
CentroidY: 0.7301
