Location: Dedata_32.png_Mean-Medain.png
Component: component_1755502451051_229.png
centerX: 0.6839983877468763
centerY: 0.5420587396635301
width: 0.04353083434099154
height: 0.030795551753635585
Area: 0.0004730563057681493
CentroidX: 0.7056
CentroidY: 0.5557
