Location: internet_32.png_Mean-Medain.png
Component: component_1755077241652_15.png
centerX: 0.13422007255139057
centerY: 0.00998003992015968
width: 0.03184199919387344
height: 0.03507271171941831
Area: 0.00047926258383216295
CentroidX: 0.1502
CentroidY: 0.0261
