Location: Dedata_32.png_Mean-Medain.png
Component: component_1755502451057_260.png
centerX: 0.5276098347440548
centerY: 0.6250356429997148
width: 0.03909713825070536
height: 0.02765896777872826
Area: 0.00039237469093597225
CentroidX: 0.5473
CentroidY: 0.6366
