Location: Dedata_32.png_Gaussian-Closing.png
Component: component_1755502451138_37.png
centerX: 0.21362353889560662
centerY: 0.08468776732249786
width: 0.03426037887948408
height: 0.029940119760479042
Area: 0.0004471968138347592
CentroidX: 0.2299
CentroidY: 0.0986
