Location: Paraklitoni_1720_page_10.png_Mean-Medain.png
Component: component_1755610055382_1742.png
centerX: 0.31935975609756095
centerY: 0.631077694235589
width: 0.013719512195121951
height: 0.012030075187969926
Area: 8.978238278623388e-05
CentroidX: 0.3248
CentroidY: 0.6364
