Location: Dedata_32.png_Otsu.png
Component: component_1755502451854_811.png
centerX: 0.7646110439338977
centerY: 0.5876817792985458
width: 0.039500201531640466
height: 0.027944111776447105
Area: 0.00039145524233389614
CentroidX: 0.7853
CentroidY: 0.5999
