Location: Dedata_32.png_Mean-Medain.png
Component: component_1755502451018_81.png
centerX: 0.31680773881499397
centerY: 0.17251211861990304
width: 0.04030632809351068
height: 0.02737382378100941
Area: 0.0004879973455518858
CentroidX: 0.3362
CentroidY: 0.1840
