Location: Kurtxevani_1794_page_10.png_Mean-Medain.png
Component: component_1755610054885_1146.png
centerX: 0.23787258912916423
centerY: 0.3265755839576906
width: 0.015780245470485097
height: 0.015425297487880123
Area: 0.00013986702072169837
CentroidX: 0.2450
CentroidY: 0.3336
