Location: Kurtxevani_1794_page_10.png_Mean-Medain.png
Component: component_1755610054992_1597.png
centerX: 0.7586206896551724
centerY: 0.4614367562802997
width: 0.022209234365867914
height: 0.01498457470251212
Area: 0.0002557789163474153
CentroidX: 0.7694
CentroidY: 0.4683
