Location: internet_32.png_Gaussian-Closing.png
Component: component_1755077241483_47.png
centerX: 0.31237404272470776
centerY: 0.09694895922440833
width: 0.030632809351068116
height: 0.03051040775591674
Area: 0.00042501511630967353
CentroidX: 0.3279
CentroidY: 0.1116
