Location: internet_32.png_Mean-Medain.png
Component: component_1755077241656_32.png
centerX: 0.36920596533655786
centerY: 0.04961505560307956
width: 0.03305118903667876
height: 0.034787567721699456
Area: 0.0004838598268425434
CentroidX: 0.3856
CentroidY: 0.0668
