Location: Dedata_32.png_Mean-Closing.png
Component: component_1755502451688_67.png
centerX: 0.8182184602982668
centerY: 0.13572854291417166
width: 0.036275695284159616
height: 0.0290846877673225
Area: 0.00042248663265396423
CentroidX: 0.8386
CentroidY: 0.1488
