Location: Dedata_32.png_Mean-Closing.png
Component: component_1755502451716_193.png
centerX: 0.7190648931882305
centerY: 0.45566010835471915
width: 0.041515517936316
height: 0.027944111776447105
Area: 0.0004022587634082902
CentroidX: 0.7391
CentroidY: 0.4680
