Location: Dedata_32.png_Otsu.png
Component: component_1755502451798_5.png
centerX: 0.2914147521160822
centerY: 0.006843455945252352
width: 0.031035872632003223
height: 0.026518391787852865
Area: 0.0002941086215890899
CentroidX: 0.3078
CentroidY: 0.0191
