Location: Dedata_32.png_Mean-Closing.png
Component: component_1755502451710_169.png
centerX: 0.32728738411930675
centerY: 0.41060735671514115
width: 0.0475614671503426
height: 0.025092671799258625
Area: 0.00039536289889271955
CentroidX: 0.3485
CentroidY: 0.4219
