Location: internet_32.png_Mean-Medain.png
Component: component_1755077241702_207.png
centerX: 0.3200322450624748
centerY: 0.5124037639007699
width: 0.028617492946392584
height: 0.03222127174222983
Area: 0.000444898192329569
CentroidX: 0.3340
CentroidY: 0.5278
