Location: Dedata_32.png_Gaussian-Closing.png
Component: component_1755502451351_287.png
centerX: 0.5880693268843208
centerY: 0.7060165383518677
width: 0.03869407496977025
height: 0.03136583974907328
Area: 0.0003792725483563879
CentroidX: 0.6059
CentroidY: 0.7199
