Location: Dedata_32.png_Mean-Medain.png
Component: component_1755502451033_147.png
centerX: 0.5525997581620314
centerY: 0.34844596521243226
width: 0.04796453043127771
height: 0.02566295979469632
Area: 0.00044455339910379047
CentroidX: 0.5774
CentroidY: 0.3590
