Location: Dedata_32.png_Mean-Medain.png
Component: component_1755502451068_301.png
centerX: 0.0709391374445788
centerY: 0.7485029940119761
width: 0.03506650544135429
height: 0.028514399771884802
Area: 0.0004077754550207468
CentroidX: 0.0891
CentroidY: 0.7626
