Location: Dedata_32.png_Mean-Closing.png
Component: component_1755502451689_73.png
centerX: 0.14107214832728737
centerY: 0.16994582264043342
width: 0.03305118903667876
height: 0.027944111776447105
Area: 0.00042570470276123056
CentroidX: 0.1590
CentroidY: 0.1823
