Location: Dedata_32.png_Mean-Closing.png
Component: component_1755502451737_288.png
centerX: 0.8879484079000403
centerY: 0.7097234103222128
width: 0.03869407496977025
height: 0.025092671799258625
Area: 0.0003911104491081176
CentroidX: 0.9039
CentroidY: 0.7216
