Location: Dedata_32.png_Gaussian-Closing.png
Component: component_1755502451390_317.png
centerX: 0.596130592503023
centerY: 0.8015397775876818
width: 0.04675534058847239
height: 0.03222127174222983
Area: 0.0004245553920086355
CentroidX: 0.6167
CentroidY: 0.8147
