Location: Dedata_32.png_Otsu.png
Component: component_1755502451798_3.png
centerX: 0.2430471584038694
centerY: 0.0051325919589392645
width: 0.028214429665457477
height: 0.026803535785571715
Area: 0.00028525892879410753
CentroidX: 0.2571
CentroidY: 0.0174
