Location: internet_32.png_Gaussian-Closing.png
Component: component_1755077241579_218.png
centerX: 0.8367593712212817
centerY: 0.5674365554605075
width: 0.03305118903667876
height: 0.03165098374679213
Area: 0.0005207527020008465
CentroidX: 0.8531
CentroidY: 0.5821
