Location: Dedata_32.png_Gaussian-Closing.png
Component: component_1755502451351_286.png
centerX: 0.2777106005642886
centerY: 0.7057313943541489
width: 0.04070939137444579
height: 0.031080695751354435
Area: 0.00043938150071711244
CentroidX: 0.2969
CentroidY: 0.7204
