Location: Dedata_32.png_Otsu.png
Component: component_1755502451848_707.png
centerX: 0.909310761789601
centerY: 0.5064157399486741
width: 0.04312777106005643
height: 0.0290846877673225
Area: 0.00038375486029150886
CentroidX: 0.9285
CentroidY: 0.5191
