Location: internet_32.png_Gaussian-Closing.png
Component: component_1755077241468_11.png
centerX: 0.6815800080612656
centerY: 0.006558311947533505
width: 0.03143893591293833
height: 0.03136583974907328
Area: 0.0004209925286755906
CentroidX: 0.6973
CentroidY: 0.0223
