Location: internet_32.png_Otsu.png
Component: component_1755077240329_409.png
centerX: 0.02015316404675534
centerY: 0.1628172226974622
width: 0.031035872632003223
height: 0.034787567721699456
Area: 0.00040432752276296145
CentroidX: 0.0346
CentroidY: 0.1812
