Location: Dedata_32.png_Otsu.png
Component: component_1755502451801_17.png
centerX: 0.8758565094719871
centerY: 0.009409751924721984
width: 0.030632809351068116
height: 0.02879954376960365
Area: 0.0002520438480441087
CentroidX: 0.8910
CentroidY: 0.0236
