Location: internet_32.png_Gaussian-Median.png
Component: component_1755077241063_52.png
centerX: 0.25070536074163646
centerY: 0.10008554319931566
width: 0.03466344216041919
height: 0.03450242372398061
Area: 0.0005285680151184934
CentroidX: 0.2678
CentroidY: 0.1162
