Location: Paraklitoni_1720_page_10.png_Mean-Medain.png
Component: component_1755610055246_418.png
centerX: 0.6821646341463414
centerY: 0.15639097744360902
width: 0.012957317073170731
height: 0.010025062656641603
Area: 6.380279968213216e-05
CentroidX: 0.6878
CentroidY: 0.1607
