Location: internet_32.png_Mean-Medain.png
Component: component_1755077241691_161.png
centerX: 0.3615477629987908
centerY: 0.41317365269461076
width: 0.03385731559854897
height: 0.03849443969204448
Area: 0.0006053419733918471
CentroidX: 0.3781
CentroidY: 0.4327
