Location: Dedata_32.png_Mean-Medain.png
Component: component_1755502451041_182.png
centerX: 0.7339782345828295
centerY: 0.42172797262617623
width: 0.039500201531640466
height: 0.02737382378100941
Area: 0.00036249261136849924
CentroidX: 0.7543
CentroidY: 0.4340
