Location: Dedata_32.png_Gaussian-Closing.png
Component: component_1755502451138_39.png
centerX: 0.018540910923014912
centerY: 0.08839463929284289
width: 0.04191858121725111
height: 0.02737382378100941
Area: 0.0003139916976089854
CentroidX: 0.0404
CentroidY: 0.0999
