Location: Dedata_32.png_Otsu.png
Component: component_1755502451822_361.png
centerX: 0.7553405884723902
centerY: 0.2215568862275449
width: 0.037484885126964934
height: 0.02765896777872826
Area: 0.00038030692803372356
CentroidX: 0.7745
CentroidY: 0.2343
