Location: Dedata_32.png_Mean-Medain.png
Component: component_1755502451016_67.png
centerX: 0.3905683192261185
centerY: 0.1343028229255774
width: 0.032245062474808545
height: 0.03022526375819789
Area: 0.000460184025339084
CentroidX: 0.4088
CentroidY: 0.1484
