Location: Dedata_32.png_Otsu.png
Component: component_1755502451874_1002.png
centerX: 0.7871825876662636
centerY: 0.8115198175078414
width: 0.04675534058847239
height: 0.02737382378100941
Area: 0.00032410563223182244
CentroidX: 0.8070
CentroidY: 0.8229
