Location: Dedata_32.png_Mean-Medain.png
Component: component_1755502451022_100.png
centerX: 0.41072148327287383
centerY: 0.21899059024807527
width: 0.04514308746473196
height: 0.02281151981750784
Area: 0.0003728364081418553
CentroidX: 0.4318
CentroidY: 0.2287
