Location: internet_32.png_Mean-Medain.png
Component: component_1755077241663_60.png
centerX: 0.9081015719467956
centerY: 0.11976047904191617
width: 0.029826682789197905
height: 0.03507271171941831
Area: 0.000494548416841678
CentroidX: 0.9233
CentroidY: 0.1370
