Location: Dedata_32.png_Mean-Medain.png
Component: component_1755502451007_26.png
centerX: 0.29826682789197906
centerY: 0.04790419161676647
width: 0.03788794840790004
height: 0.03136583974907328
Area: 0.00038168610093683767
CentroidX: 0.3194
CentroidY: 0.0621
