Location: Dedata_32.png_Mean-Closing.png
Component: component_1755502451719_208.png
centerX: 0.7944377267230955
centerY: 0.49957228400342174
width: 0.03829101168883515
height: 0.030795551753635585
Area: 0.0004252449784601925
CentroidX: 0.8123
CentroidY: 0.5139
