Location: Dedata_32.png_Mean-Medain.png
Component: component_1755502451015_61.png
centerX: 0.5002015316404675
centerY: 0.13088109495295125
width: 0.036275695284159616
height: 0.028514399771884802
Area: 0.0004177744585683243
CentroidX: 0.5196
CentroidY: 0.1426
