Location: Dedata_32.png_Mean-Closing.png
Component: component_1755502451714_182.png
centerX: 0.12132204756146715
centerY: 0.4414029084687767
width: 0.04433696090286175
height: 0.027944111776447105
Area: 0.0004091546279238609
CentroidX: 0.1438
CentroidY: 0.4536
