Location: Dedata_32.png_Gaussian-Closing.png
Component: component_1755502451136_31.png
centerX: 0.46916565900846435
centerY: 0.05332192757342458
width: 0.03869407496977025
height: 0.02765896777872826
Area: 0.0003568609886807832
CentroidX: 0.4899
CentroidY: 0.0651
