Location: internet_32.png_Gaussian-Median.png
Component: component_1755077241360_321.png
centerX: 0.7045546150745667
centerY: 0.6700883946392928
width: 0.035872632003224506
height: 0.03792415169660679
Area: 0.0005544275070518835
CentroidX: 0.7218
CentroidY: 0.6876
