Location: Dedata_32.png_Mean-Closing.png
Component: component_1755502451705_148.png
centerX: 0.8778718258766627
centerY: 0.358426005132592
width: 0.04675534058847239
height: 0.0290846877673225
Area: 0.0004731712368434088
CentroidX: 0.9013
CentroidY: 0.3707
