Location: internet_32.png_Mean-Medain.png
Component: component_1755077241683_131.png
centerX: 0.07295445384925434
centerY: 0.3313373253493014
width: 0.03788794840790004
height: 0.037639007698887936
Area: 0.000594308590166934
CentroidX: 0.0901
CentroidY: 0.3498
