Location: Dedata_32.png_Mean-Closing.png
Component: component_1755502451671_12.png
centerX: 0.6739218057234986
centerY: 0.007984031936127744
width: 0.03788794840790004
height: 0.03022526375819789
Area: 0.000339966120617635
CentroidX: 0.6889
CentroidY: 0.0221
