Location: internet_32.png_Mean-Medain.png
Component: component_1755077241685_136.png
centerX: 0.7210802095929061
centerY: 0.34702024522383806
width: 0.032648125755743655
height: 0.035357855717137156
Area: 0.0006095944231764489
CentroidX: 0.7377
CentroidY: 0.3638
