Location: Dedata_32.png_Gaussian-Closing.png
Component: component_1755502451168_164.png
centerX: 0.7492946392583636
centerY: 0.3869404049044768
width: 0.03909713825070536
height: 0.025377815796977475
Area: 0.0003312313588979121
CentroidX: 0.7727
CentroidY: 0.3978
