Location: Dedata_32.png_Gaussian-Closing.png
Component: component_1755502451179_205.png
centerX: 0.3047158403869408
centerY: 0.48845166809238666
width: 0.044740024183796856
height: 0.03279155973766752
Area: 0.00046926358028458545
CentroidX: 0.3285
CentroidY: 0.5024
