Location: internet_32.png_Otsu.png
Component: component_1755077240412_857.png
centerX: 0.36960902861749295
centerY: 0.3646991730824066
width: 0.037484885126964934
height: 0.03877958368976333
Area: 0.0005261544625380436
CentroidX: 0.3872
CentroidY: 0.3834
