Location: Dedata_32.png_Gaussian-Closing.png
Component: component_1755502451175_194.png
centerX: 0.6634421604191858
centerY: 0.4533789563729683
width: 0.04070939137444579
height: 0.0290846877673225
Area: 0.0003866281371729967
CentroidX: 0.6831
CentroidY: 0.4657
