Location: Kurtxevani_1794_page_10.png_Mean-Medain.png
Component: component_1755610055072_2322.png
centerX: 0.7036820572764465
centerY: 0.7360070515645659
width: 0.02396259497369959
height: 0.022917584839136182
Area: 0.00029544654285043836
CentroidX: 0.7142
CentroidY: 0.7464
