Location: Dedata_32.png_Gaussian-Closing.png
Component: component_1755502451169_169.png
centerX: 0.1475211608222491
centerY: 0.40290846877673225
width: 0.049979846835953246
height: 0.027944111776447105
Area: 0.0004231762191055213
CentroidX: 0.1697
CentroidY: 0.4139
