Location: Dedata_32.png_Mean-Closing.png
Component: component_1755502451691_83.png
centerX: 0.6239419588875453
centerY: 0.1787852865697177
width: 0.035872632003224506
height: 0.03136583974907328
Area: 0.00044662215845846166
CentroidX: 0.6446
CentroidY: 0.1929
