Location: Dedata_32.png_Mean-Closing.png
Component: component_1755502451739_294.png
centerX: 0.19951632406287786
centerY: 0.7530652979754776
width: 0.04393389762192664
height: 0.028229255774165955
Area: 0.00045144926361936113
CentroidX: 0.2221
CentroidY: 0.7650
