Location: internet_32.png_Otsu.png
Component: component_1755077240703_1767.png
centerX: 0.8891575977428456
centerY: 0.6532648987738808
width: 0.03143893591293833
height: 0.034787567721699456
Area: 0.0003780083065285333
CentroidX: 0.9043
CentroidY: 0.6689
