Location: Dedata_32.png_Gaussian-Closing.png
Component: component_1755502451162_138.png
centerX: 0.019347037484885126
centerY: 0.3290561733675506
width: 0.032648125755743655
height: 0.019104647847162818
Area: 0.00028261551406313874
CentroidX: 0.0359
CentroidY: 0.3380
