Location: Dedata_32.png_Otsu.png
Component: component_1755502451870_914.png
centerX: 0.7243047158403869
centerY: 0.7590533219275735
width: 0.03829101168883515
height: 0.033932135728542916
Area: 0.0003450230879290535
CentroidX: 0.7419
CentroidY: 0.7730
