Location: Samociqulo_1709_page_10.png_Gaussian-Median.png
Component: component_1755610056201_1909.png
centerX: 0.6604422604422604
centerY: 0.4315625
width: 0.02506142506142506
height: 0.015625
Area: 0.00017966830466830468
CentroidX: 0.6719
CentroidY: 0.4381
