Location: Dedata_32.png_Gaussian-Closing.png
Component: component_1755502451169_171.png
centerX: 0.016928657799274487
centerY: 0.40718562874251496
width: 0.041515517936316
height: 0.021956087824351298
Area: 0.0003768589957759382
CentroidX: 0.0329
CentroidY: 0.4181
