Location: Dedata_32.png_Mean-Medain.png
Component: component_1755502451070_308.png
centerX: 0.5292220878677952
centerY: 0.7567721699458226
width: 0.04070939137444579
height: 0.02879954376960365
Area: 0.00043662315491088417
CentroidX: 0.5472
CentroidY: 0.7693
