Location: Dedata_32.png_Gaussian-Closing.png
Component: component_1755502451160_129.png
centerX: 0.6316001612253124
centerY: 0.30082691759338465
width: 0.03667875856509472
height: 0.031936127744510975
Area: 0.00045524198910292505
CentroidX: 0.6525
CentroidY: 0.3168
