Location: internet_32.png_Otsu.png
Component: component_1755077240690_1709.png
centerX: 0.41031841999193874
centerY: 0.6005132591958939
width: 0.03506650544135429
height: 0.033361847733105215
Area: 0.0004784580663053464
CentroidX: 0.4291
CentroidY: 0.6159
