Location: Kurtxevani_1764_page_10.png_Otsu.png
Component: component_1755610055836_645.png
centerX: 0.8576051779935275
centerY: 0.19597754911131898
width: 0.017475728155339806
height: 0.018709073900841908
Area: 0.00018254970165384581
CentroidX: 0.8663
CentroidY: 0.2044
