Location: Dedata_32.png_Mean-Medain.png
Component: component_1755502451074_324.png
centerX: 0.4740024183796856
centerY: 0.802965497576276
width: 0.04353083434099154
height: 0.03307670373538637
Area: 0.00047569972049911805
CentroidX: 0.4959
CentroidY: 0.8179
