Location: internet_32.png_Mean-Medain.png
Component: component_1755077241696_185.png
centerX: 0.29302700523982267
centerY: 0.46421442828628456
width: 0.03184199919387344
height: 0.03421727972626176
Area: 0.0005909755889844081
CentroidX: 0.3085
CentroidY: 0.4805
