Location: internet_32.png_Gaussian-Closing.png
Component: component_1755077241478_35.png
centerX: 0.02257154373236598
centerY: 0.06672369546621043
width: 0.028214429665457477
height: 0.027944111776447105
Area: 0.0003749051674965265
CentroidX: 0.0361
CentroidY: 0.0809
