Location: Dedata_32.png_Otsu.png
Component: component_1755502451819_305.png
centerX: 0.6239419588875453
centerY: 0.1787852865697177
width: 0.0354695687222894
height: 0.031080695751354435
Area: 0.0003847892399688445
CentroidX: 0.6446
CentroidY: 0.1925
