Location: Dedata_32.png_Otsu.png
Component: component_1755502451872_974.png
centerX: 0.13502619911326078
centerY: 0.7961220416310236
width: 0.04030632809351068
height: 0.025092671799258625
Area: 0.0003362883262093306
CentroidX: 0.1559
CentroidY: 0.8064
