Location: internet_32.png_Mean-Medain.png
Component: component_1755077241697_188.png
centerX: 0.23297057638049173
centerY: 0.46535500427716
width: 0.03788794840790004
height: 0.03877958368976333
Area: 0.0006395914338191814
CentroidX: 0.2508
CentroidY: 0.4850
