Location: internet_32.png_Mean-Medain.png
Component: component_1755077241666_71.png
centerX: 0.31116485288190243
centerY: 0.14456800684345594
width: 0.03385731559854897
height: 0.035642999714856
Area: 0.0005059265932923696
CentroidX: 0.3272
CentroidY: 0.1624
