Location: Dedata_32.png_Mean-Medain.png
Component: component_1755502451068_300.png
centerX: 0.020959290608625555
centerY: 0.7485029940119761
width: 0.030229746070133012
height: 0.027944111776447105
Area: 0.0003820308941626162
CentroidX: 0.0351
CentroidY: 0.7616
