Location: internet_32.png_Otsu.png
Component: component_1755077240375_661.png
centerX: 0.7295445384925433
centerY: 0.28885086968919305
width: 0.03385731559854897
height: 0.036213287710293696
Area: 0.0005220169438287012
CentroidX: 0.7473
CentroidY: 0.3078
