Location: internet_32.png_Gaussian-Median.png
Component: component_1755077241237_222.png
centerX: 0.1185006045949214
centerY: 0.4750499001996008
width: 0.039500201531640466
height: 0.03877958368976333
Area: 0.0006018940411340617
CentroidX: 0.1360
CentroidY: 0.4936
