Location: Dedata_32.png_Otsu.png
Component: component_1755502451846_675.png
centerX: 0.6783555018137848
centerY: 0.4921585400627317
width: 0.04191858121725111
height: 0.031080695751354435
Area: 0.0003532981253477383
CentroidX: 0.6991
CentroidY: 0.5061
