Location: Dedata_32.png_Mean-Medain.png
Component: component_1755502451004_12.png
centerX: 0.5151148730350665
centerY: 0.007984031936127744
width: 0.0354695687222894
height: 0.03136583974907328
Area: 0.00035755057513234023
CentroidX: 0.5337
CentroidY: 0.0227
