Location: Dedata_32.png_Gaussian-Closing.png
Component: component_1755502451162_137.png
centerX: 0.07496977025392987
centerY: 0.32677502138579984
width: 0.03829101168883515
height: 0.021670943826632448
Area: 0.0003187038716946254
CentroidX: 0.0930
CentroidY: 0.3368
