Location: Kurtxevani_1794_page_10.png_Mean-Medain.png
Component: component_1755610054778_724.png
centerX: 0.4722384570426651
centerY: 0.17628911414720141
width: 0.01636469900642899
height: 0.015866020273248127
Area: 0.00016820103965242917
CentroidX: 0.4796
CentroidY: 0.1839
