Location: internet_32.png_Mean-Medain.png
Component: component_1755077241723_294.png
centerX: 0.1717049576783555
centerY: 0.720558882235529
width: 0.03667875856509472
height: 0.033361847733105215
Area: 0.0005243155653338915
CentroidX: 0.1890
CentroidY: 0.7369
