Location: Dedata_32.png_Mean-Closing.png
Component: component_1755502451700_126.png
centerX: 0.4159613059250302
centerY: 0.3013972055888224
width: 0.04836759371221282
height: 0.027088679783290562
Area: 0.0005153509414636496
CentroidX: 0.4405
CentroidY: 0.3121
