Location: internet_32.png_Mean-Medain.png
Component: component_1755077241716_257.png
centerX: 0.7021362353889561
centerY: 0.6233247790134018
width: 0.03466344216041919
height: 0.036213287710293696
Area: 0.00048328517146624584
CentroidX: 0.7196
CentroidY: 0.6414
