Location: Dedata_32.png_Otsu.png
Component: component_1755502451825_404.png
centerX: 0.6884320838371625
centerY: 0.26575420587396636
width: 0.03305118903667876
height: 0.026803535785571715
Area: 0.0003357136708330331
CentroidX: 0.7061
CentroidY: 0.2775
