Location: internet_32.png_Mean-Medain.png
Component: component_1755077241676_112.png
centerX: 0.13260781942765015
centerY: 0.2686056458511548
width: 0.030229746070133012
height: 0.03735386370116909
Area: 0.0005835050690925399
CentroidX: 0.1473
CentroidY: 0.2875
