Location: internet_32.png_Mean-Medain.png
Component: component_1755077241650_10.png
centerX: 0.3200322450624748
centerY: 0.006558311947533505
width: 0.032245062474808545
height: 0.032506415739948676
Area: 0.00042846304856745883
CentroidX: 0.3359
CentroidY: 0.0224
