Location: Dedata_32.png_Otsu.png
Component: component_1755502451807_204.png
centerX: 0.38331318016928656
centerY: 0.08982035928143713
width: 0.030229746070133012
height: 0.03022526375819789
Area: 0.00032835808201642436
CentroidX: 0.3985
CentroidY: 0.1034
