Location: Dedata_32.png_Mean-Closing.png
Component: component_1755502451696_107.png
centerX: 0.29866989117291415
centerY: 0.2563444539492444
width: 0.04030632809351068
height: 0.02423723980610208
Area: 0.0003721468216902982
CentroidX: 0.3188
CentroidY: 0.2663
