Location: internet_32.png_Gaussian-Closing.png
Component: component_1755077241502_83.png
centerX: 0.37162434502216846
centerY: 0.19760479041916168
width: 0.03426037887948408
height: 0.04077559167379527
Area: 0.0005529334030735098
CentroidX: 0.3885
CentroidY: 0.2188
