Location: internet_32.png_Mean-Medain.png
Component: component_1755077241659_43.png
centerX: 0.785167271261588
centerY: 0.08468776732249786
width: 0.03184199919387344
height: 0.031080695751354435
Area: 0.0004904108981323356
CentroidX: 0.8005
CentroidY: 0.0990
