Location: Dedata_32.png_Otsu.png
Component: component_1755502451813_262.png
centerX: 0.1414752116082225
centerY: 0.129455374964357
width: 0.0354695687222894
height: 0.02879954376960365
Area: 0.000425130047384933
CentroidX: 0.1598
CentroidY: 0.1419
