Location: internet_32.png_Gaussian-Median.png
Component: component_1755077241009_5.png
centerX: 0.9032648125755743
centerY: 0.004847447961220416
width: 0.03143893591293833
height: 0.031080695751354435
Area: 0.00043869191426555536
CentroidX: 0.9188
CentroidY: 0.0196
