Location: Dedata_32.png_Otsu.png
Component: component_1755502451836_583.png
centerX: 0.4546553808948005
centerY: 0.37610493299116055
width: 0.0475614671503426
height: 0.03022526375819789
Area: 0.00040329314308562586
CentroidX: 0.4779
CentroidY: 0.3891
