Location: Dedata_32.png_Gaussian-Closing.png
Component: component_1755502451387_312.png
centerX: 0.21039903264812576
centerY: 0.7949814656401483
width: 0.03869407496977025
height: 0.029940119760479042
Area: 0.00041260256018164627
CentroidX: 0.2277
CentroidY: 0.8085
