Location: Samociqulo_1709_page_10.png_Gaussian-Median.png
Component: component_1755610056233_2243.png
centerX: 0.04963144963144963
centerY: 0.5346875
width: 0.019164619164619166
height: 0.014375
Area: 0.00012853194103194104
CentroidX: 0.0583
CentroidY: 0.5409
