Location: Dedata_32.png_Otsu.png
Component: component_1755502451840_616.png
centerX: 0.6182990729544539
centerY: 0.4154548046763616
width: 0.04232164449818621
height: 0.025377815796977475
Area: 0.0003426095353486038
CentroidX: 0.6411
CentroidY: 0.4259
