Location: internet_32.png_Otsu.png
Component: component_1755077240519_1174.png
centerX: 0.5401047964530431
centerY: 0.4516680923866553
width: 0.03909713825070536
height: 0.035357855717137156
Area: 0.0004568510241565582
CentroidX: 0.5594
CentroidY: 0.4687
