Location: Dedata_32.png_Mean-Closing.png
Component: component_1755502451695_103.png
centerX: 0.08504635227730754
centerY: 0.2523524379811805
width: 0.045949214026602174
height: 0.02879954376960365
Area: 0.0004338648091046559
CentroidX: 0.1084
CentroidY: 0.2640
