Location: internet_32.png_Gaussian-Closing.png
Component: component_1755077241496_71.png
centerX: 0.07134220072551391
centerY: 0.15939549472483605
width: 0.0354695687222894
height: 0.03706871970345024
Area: 0.0004912154156591521
CentroidX: 0.0876
CentroidY: 0.1781
