Location: internet_32.png_Mean-Medain.png
Component: component_1755077241694_178.png
centerX: 0.664248286981056
centerY: 0.44083262047333904
width: 0.036275695284159616
height: 0.035357855717137156
Area: 0.0006421199174748907
CentroidX: 0.6820
CentroidY: 0.4582
