Location: Dedata_32.png_Mean-Closing.png
Component: component_1755502451696_106.png
centerX: 0.2192664248286981
centerY: 0.2546335899629313
width: 0.05642885933091495
height: 0.027088679783290562
Area: 0.000514316561786314
CentroidX: 0.2497
CentroidY: 0.2663
