Location: internet_32.png_Otsu.png
Component: component_1755077240237_6.png
centerX: 0.3776702942361951
centerY: 0.0051325919589392645
width: 0.03426037887948408
height: 0.03592814371257485
Area: 0.0004631722332958313
CentroidX: 0.3947
CentroidY: 0.0228
