Location: Samociqulo_1709_page_10.png_Gaussian-Median.png
Component: component_1755610056201_1908.png
centerX: 0.2167076167076167
centerY: 0.4309375
width: 0.021621621621621623
height: 0.0140625
Area: 0.00014342751842751842
CentroidX: 0.2257
CentroidY: 0.4365
