Location: Dedata_32.png_Otsu.png
Component: component_1755502451874_999.png
centerX: 0.9181781539701733
centerY: 0.8106643855146849
width: 0.044740024183796856
height: 0.027944111776447105
Area: 0.00033134628997317166
CentroidX: 0.9410
CentroidY: 0.8225
