Location: Dedata_32.png_Otsu.png
Component: component_1755502451871_919.png
centerX: 0.8428053204353083
centerY: 0.761619617907043
width: 0.037081821846029824
height: 0.03165098374679213
Area: 0.0003312313588979121
CentroidX: 0.8611
CentroidY: 0.7764
