Location: Dedata_32.png_Mean-Closing.png
Component: component_1755502451740_304.png
centerX: 0.9020556227327691
centerY: 0.7610493299116053
width: 0.04030632809351068
height: 0.03165098374679213
Area: 0.0004108785940527536
CentroidX: 0.9193
CentroidY: 0.7753
