Location: internet_32.png_Otsu.png
Component: component_1755077240667_1491.png
centerX: 0.6376461104393389
centerY: 0.5355004277159966
width: 0.030229746070133012
height: 0.031936127744510975
Area: 0.0002567560221297487
CentroidX: 0.6512
CentroidY: 0.5494
