Location: internet_32.png_Otsu.png
Component: component_1755077240695_1739.png
centerX: 0.20757758968158002
centerY: 0.6199030510407756
width: 0.032245062474808545
height: 0.029654975762760195
Area: 0.0004329453605025798
CentroidX: 0.2237
CentroidY: 0.6341
