Location: Dedata_32.png_Mean-Medain.png
Component: component_1755502451008_33.png
centerX: 0.7464731962918179
centerY: 0.05303678357570573
width: 0.03506650544135429
height: 0.029940119760479042
Area: 0.0003701929934108865
CentroidX: 0.7665
CentroidY: 0.0663
