Location: Dedata_32.png_Mean-Closing.png
Component: component_1755502451705_149.png
centerX: 0.1370415155179363
centerY: 0.3592814371257485
width: 0.0475614671503426
height: 0.029940119760479042
Area: 0.0004342096023304344
CentroidX: 0.1612
CentroidY: 0.3719
