Location: Dedata_32.png_Mean-Closing.png
Component: component_1755502451735_277.png
centerX: 0.3401854091092302
centerY: 0.7037353863701169
width: 0.04393389762192664
height: 0.03222127174222983
Area: 0.00045662116200603916
CentroidX: 0.3599
CentroidY: 0.7187
