Location: Kurtxevani_1794_page_10.png_Mean-Medain.png
Component: component_1755610054610_575.png
centerX: 0.8164815897136177
centerY: 0.12428382547377699
width: 0.01694915254237288
height: 0.015866020273248127
Area: 0.0001553219401384606
CentroidX: 0.8244
CentroidY: 0.1314
