Location: internet_32.png_Mean-Medain.png
Component: component_1755077241699_196.png
centerX: 0.012091898428053204
centerY: 0.4818933561448531
width: 0.03184199919387344
height: 0.03222127174222983
Area: 0.0005139717685605354
CentroidX: 0.0281
CentroidY: 0.4976
