Location: Dedata_32.png_Mean-Medain.png
Component: component_1755502451041_183.png
centerX: 0.7896009673518742
centerY: 0.4231536926147705
width: 0.037484885126964934
height: 0.026518391787852865
Area: 0.0003598491966375305
CentroidX: 0.8086
CentroidY: 0.4345
