Location: Dedata_32.png_Mean-Medain.png
Component: component_1755502451072_315.png
centerX: 0.015719467956469165
centerY: 0.7887082976903336
width: 0.03466344216041919
height: 0.026518391787852865
Area: 0.00037904268620586894
CentroidX: 0.0323
CentroidY: 0.8004
