Location: Dedata_32.png_Mean-Closing.png
Component: component_1755502451741_309.png
centerX: 0.13462313583232569
centerY: 0.7961220416310236
width: 0.04070939137444579
height: 0.025092671799258625
Area: 0.00041501611276209603
CentroidX: 0.1562
CentroidY: 0.8068
