Location: Dedata_32.png_Mean-Medain.png
Component: component_1755502451032_145.png
centerX: 0.35308343409915355
centerY: 0.34160250926717994
width: 0.041112454655380895
height: 0.023381807812945538
Area: 0.00040007507297835953
CentroidX: 0.3710
CentroidY: 0.3524
