Location: Dedata_32.png_Mean-Medain.png
Component: component_1755502451061_273.png
centerX: 0.2551390568319226
centerY: 0.6583974907328201
width: 0.042724707779121324
height: 0.0290846877673225
Area: 0.00045639129985552014
CentroidX: 0.2818
CentroidY: 0.6700
