Location: internet_32.png_Gaussian-Median.png
Component: component_1755077241347_304.png
centerX: 0.6553808948004837
centerY: 0.6278870829769033
width: 0.03305118903667876
height: 0.03364699173082407
Area: 0.0004765042380259347
CentroidX: 0.6717
CentroidY: 0.6442
