Location: Dedata_32.png_Mean-Medain.png
Component: component_1755502451027_120.png
centerX: 0.8125755743651754
centerY: 0.27003136583974907
width: 0.039500201531640466
height: 0.02765896777872826
Area: 0.0004920199331859687
CentroidX: 0.8328
CentroidY: 0.2818
