Location: internet_32.png_Otsu.png
Component: component_1755077240356_547.png
centerX: 0.01652559451833938
centerY: 0.21956087824351297
width: 0.03466344216041919
height: 0.035357855717137156
Area: 0.000529832256946348
CentroidX: 0.0337
CentroidY: 0.2368
