Location: Dedata_32.png_Gaussian-Closing.png
Component: component_1755502451357_298.png
centerX: 0.19951632406287786
centerY: 0.7530652979754776
width: 0.04393389762192664
height: 0.028229255774165955
Area: 0.0004231762191055213
CentroidX: 0.2220
CentroidY: 0.7649
