Location: Dedata_32.png_Otsu.png
Component: component_1755502451853_806.png
centerX: 0.38653768641676745
centerY: 0.58169375534645
width: 0.04877065699314793
height: 0.0290846877673225
Area: 0.00046730975200517374
CentroidX: 0.4114
CentroidY: 0.5931
