Location: internet_32.png_Otsu.png
Component: component_1755077240675_1578.png
centerX: 0.36275695284159615
centerY: 0.5554605075563159
width: 0.03506650544135429
height: 0.03279155973766752
Area: 0.00033375984255362137
CentroidX: 0.3819
CentroidY: 0.5705
