Location: internet_32.png_Gaussian-Median.png
Component: component_1755077241006_3.png
centerX: 0.44417573559048773
centerY: 0.003992015968063872
width: 0.037081821846029824
height: 0.03706871970345024
Area: 0.0005454628831816416
CentroidX: 0.4621
CentroidY: 0.0229
