Location: Dedata_32.png_Otsu.png
Component: component_1755502451847_677.png
centerX: 0.6166868198307134
centerY: 0.4941545480467636
width: 0.04030632809351068
height: 0.036213287710293696
Area: 0.00039662714072057417
CentroidX: 0.6373
CentroidY: 0.5112
