Location: Dedata_32.png_Mean-Closing.png
Component: component_1755502451668_4.png
centerX: 0.6267634018540911
centerY: 0.006558311947533505
width: 0.03466344216041919
height: 0.029940119760479042
Area: 0.0003459425365311296
CentroidX: 0.6414
CentroidY: 0.0197
