Location: Dedata_32.png_Gaussian-Closing.png
Component: component_1755502451197_233.png
centerX: 0.1354292623941959
centerY: 0.5711434274308526
width: 0.041112454655380895
height: 0.02737382378100941
Area: 0.00043432453340569395
CentroidX: 0.1577
CentroidY: 0.5826
