Location: internet_32.png_Mean-Medain.png
Component: component_1755077241713_245.png
centerX: 0.41031841999193874
centerY: 0.6002281151981751
width: 0.0354695687222894
height: 0.03364699173082407
Area: 0.0005228214613555178
CentroidX: 0.4289
CentroidY: 0.6158
