Location: Dedata_32.png_Mean-Closing.png
Component: component_1755502451744_318.png
centerX: 0.9177750906892382
centerY: 0.8106643855146849
width: 0.04554615074566707
height: 0.028229255774165955
Area: 0.00046041388748960303
CentroidX: 0.9414
CentroidY: 0.8232
