Location: internet_32.png_Otsu.png
Component: component_1755077240652_1345.png
centerX: 0.580814187827489
centerY: 0.49187339606501285
width: 0.028617492946392584
height: 0.03165098374679213
Area: 0.00031456635298528294
CentroidX: 0.5955
CentroidY: 0.5071
