Location: Dedata_32.png_Otsu.png
Component: component_1755502451853_805.png
centerX: 0.32567513099556633
centerY: 0.5788423153692615
width: 0.04514308746473196
height: 0.027944111776447105
Area: 0.00041765952749306477
CentroidX: 0.3488
CentroidY: 0.5904
