Location: Dedata_32.png_Gaussian-Closing.png
Component: component_1755502451156_119.png
centerX: 0.8125755743651754
centerY: 0.27003136583974907
width: 0.039500201531640466
height: 0.02765896777872826
Area: 0.00045662116200603916
CentroidX: 0.8328
CentroidY: 0.2818
