Location: Dedata_32.png_Mean-Closing.png
Component: component_1755502451726_237.png
centerX: 0.5796049979846836
centerY: 0.5845451953236385
width: 0.04514308746473196
height: 0.02737382378100941
Area: 0.0004781132730795678
CentroidX: 0.6035
CentroidY: 0.5962
