Location: Kurtxevani_1794_page_10.png_Mean-Medain.png
Component: component_1755610054912_1323.png
centerX: 0.4605493863237873
centerY: 0.378140149845747
width: 0.01636469900642899
height: 0.015866020273248127
Area: 0.0001450186605272858
CentroidX: 0.4680
CentroidY: 0.3853
