Location: Dedata_32.png_Otsu.png
Component: component_1755502451807_202.png
centerX: 0.08141878274889158
centerY: 0.08867978329056174
width: 0.0354695687222894
height: 0.029369831765041345
Area: 0.0001960724143927266
CentroidX: 0.0997
CentroidY: 0.1011
