Location: internet_32.png_Otsu.png
Component: component_1755077240484_928.png
centerX: 0.9439742039500202
centerY: 0.37952666096378673
width: 0.031035872632003223
height: 0.033361847733105215
Area: 0.00047455040974652297
CentroidX: 0.9598
CentroidY: 0.3963
