Location: Dedata_32.png_Otsu.png
Component: component_1755502451863_867.png
centerX: 0.9371221281741233
centerY: 0.671799258625606
width: 0.03426037887948408
height: 0.027944111776447105
Area: 0.0003033031076098508
CentroidX: 0.9531
CentroidY: 0.6853
