Location: Kurtxevani_1764_page_10.png_Otsu.png
Component: component_1755610055976_1644.png
centerX: 0.2737864077669903
centerY: 0.686155285313377
width: 0.019417475728155338
height: 0.018709073900841908
Area: 0.00018981536142116304
CentroidX: 0.2824
CentroidY: 0.6944
