Location: Dedata_32.png_Mean-Closing.png
Component: component_1755502451708_160.png
centerX: 0.7492946392583636
centerY: 0.3869404049044768
width: 0.039500201531640466
height: 0.025377815796977475
Area: 0.0003469769162084652
CentroidX: 0.7727
CentroidY: 0.3978
