Location: internet_32.png_Mean-Medain.png
Component: component_1755077241673_103.png
centerX: 0.6811769447803305
centerY: 0.23467351012261192
width: 0.03829101168883515
height: 0.039635015682919876
Area: 0.000644418538980081
CentroidX: 0.6992
CentroidY: 0.2549
