Location: Dedata_32.png_Mean-Medain.png
Component: component_1755502451015_60.png
centerX: 0.6134623135832326
centerY: 0.1300256629597947
width: 0.029423619508262798
height: 0.026803535785571715
Area: 0.0004330602915778393
CentroidX: 0.6284
CentroidY: 0.1428
