Location: internet_32.png_Gaussian-Median.png
Component: component_1755077241343_300.png
centerX: 0.20757758968158002
centerY: 0.6196179070430567
width: 0.032245062474808545
height: 0.03022526375819789
Area: 0.0004548971958771465
CentroidX: 0.2237
CentroidY: 0.6341
