Location: Dedata_32.png_Gaussian-Closing.png
Component: component_1755502451189_228.png
centerX: 0.9338976219266425
centerY: 0.5443398916452808
width: 0.03990326481257558
height: 0.03507271171941831
Area: 0.00045627636878026065
CentroidX: 0.9505
CentroidY: 0.5614
