Location: Dedata_32.png_Mean-Closing.png
Component: component_1755502451701_129.png
centerX: 0.7553405884723902
centerY: 0.3099515255203878
width: 0.04312777106005643
height: 0.031936127744510975
Area: 0.0005135120442594974
CentroidX: 0.7798
CentroidY: 0.3243
