Location: Dedata_32.png_Gaussian-Closing.png
Component: component_1755502451171_177.png
centerX: 0.6182990729544539
centerY: 0.4151696606786427
width: 0.04232164449818621
height: 0.02566295979469632
Area: 0.0003682391651314748
CentroidX: 0.6411
CentroidY: 0.4259
