Location: internet_32.png_Gaussian-Closing.png
Component: component_1755077241583_230.png
centerX: 0.41031841999193874
centerY: 0.6002281151981751
width: 0.0354695687222894
height: 0.03364699173082407
Area: 0.0005085700080233384
CentroidX: 0.4290
CentroidY: 0.6159
