Location: Dedata_32.png_Mean-Closing.png
Component: component_1755502451722_220.png
centerX: 0.49496170898831116
centerY: 0.5380667236954663
width: 0.05078597339782346
height: 0.029369831765041345
Area: 0.0005039727650129579
CentroidX: 0.5225
CentroidY: 0.5510
