Location: internet_32.png_Gaussian-Closing.png
Component: component_1755077241574_194.png
centerX: 0.21362353889560662
centerY: 0.51981750784146
width: 0.03305118903667876
height: 0.033932135728542916
Area: 0.0004277734621159018
CentroidX: 0.2316
CentroidY: 0.5353
