Location: Dedata_32.png_Mean-Closing.png
Component: component_1755502451704_145.png
centerX: 0.0769850866586054
centerY: 0.3541488451668092
width: 0.03829101168883515
height: 0.035357855717137156
Area: 0.0004177744585683243
CentroidX: 0.0960
CentroidY: 0.3719
