Location: Samociqulo_1709_page_10.png_Gaussian-Median.png
Component: component_1755610056260_2652.png
centerX: 0.5356265356265356
centerY: 0.644375
width: 0.025552825552825554
height: 0.0175
Area: 0.0002347972972972973
CentroidX: 0.5476
CentroidY: 0.6525
