Location: Dedata_32.png_Gaussian-Closing.png
Component: component_1755502451198_234.png
centerX: 0.19750100765820233
centerY: 0.5711434274308526
width: 0.04232164449818621
height: 0.031080695751354435
Area: 0.0004840896889930624
CentroidX: 0.2201
CentroidY: 0.5836
