Location: Dedata_32.png_Otsu.png
Component: component_1755502451849_725.png
centerX: 0.020959290608625555
centerY: 0.523524379811805
width: 0.037484885126964934
height: 0.02879954376960365
Area: 0.0003608835763148661
CentroidX: 0.0385
CentroidY: 0.5361
