Location: Dedata_32.png_Mean-Closing.png
Component: component_1755502451697_110.png
centerX: 0.486900443369609
centerY: 0.26033646991730824
width: 0.037484885126964934
height: 0.029369831765041345
Area: 0.0004228314258797428
CentroidX: 0.5046
CentroidY: 0.2732
