Location: Dedata_32.png_Gaussian-Closing.png
Component: component_1755502451131_5.png
centerX: 0.2910116888351471
centerY: 0.006843455945252352
width: 0.03184199919387344
height: 0.026518391787852865
Area: 0.00033077163459687407
CentroidX: 0.3077
CentroidY: 0.0191
