Location: Dedata_32.png_Gaussian-Closing.png
Component: component_1755502451180_207.png
centerX: 0.6783555018137848
centerY: 0.4921585400627317
width: 0.04232164449818621
height: 0.031080695751354435
Area: 0.00039766152039790977
CentroidX: 0.6990
CentroidY: 0.5064
