Location: internet_32.png_Gaussian-Median.png
Component: component_1755077241355_315.png
centerX: 0.3373639661426844
centerY: 0.6549757627601939
width: 0.030632809351068116
height: 0.03222127174222983
Area: 0.00046363195759686936
CentroidX: 0.3523
CentroidY: 0.6705
