Location: Dedata_32.png_Mean-Medain.png
Component: component_1755502451057_259.png
centerX: 0.4655380894800484
centerY: 0.6218990590248076
width: 0.03869407496977025
height: 0.023096663815226688
Area: 0.00035053977954151004
CentroidX: 0.4865
CentroidY: 0.6311
