Location: Dedata_32.png_Mean-Medain.png
Component: component_1755502451045_199.png
centerX: 0.7186618299072954
centerY: 0.45566010835471915
width: 0.04191858121725111
height: 0.027944111776447105
Area: 0.00040444245383822094
CentroidX: 0.7391
CentroidY: 0.4680
