Location: Dedata_32.png_Gaussian-Closing.png
Component: component_1755502451179_206.png
centerX: 0.36316001612253124
centerY: 0.49016253207869975
width: 0.05239822652156389
height: 0.03051040775591674
Area: 0.000475010134047561
CentroidX: 0.3910
CentroidY: 0.5038
