Location: Dedata_32.png_Gaussian-Closing.png
Component: component_1755502451186_225.png
centerX: 0.5626763401854091
centerY: 0.5394924436840605
width: 0.04353083434099154
height: 0.03022526375819789
Area: 0.0004569659552318177
CentroidX: 0.5863
CentroidY: 0.5525
