Location: Dedata_32.png_Mean-Closing.png
Component: component_1755502451738_290.png
centerX: 0.9379282547359935
centerY: 0.7122897063016823
width: 0.037081821846029824
height: 0.02566295979469632
Area: 0.0003988108311505049
CentroidX: 0.9536
CentroidY: 0.7240
