Location: Dedata_32.png_Otsu.png
Component: component_1755502451799_8.png
centerX: 0.3502619911326078
centerY: 0.007698887938408896
width: 0.032245062474808545
height: 0.03165098374679213
Area: 0.0002889367232024119
CentroidX: 0.3664
CentroidY: 0.0231
