Location: Dedata_32.png_Gaussian-Closing.png
Component: component_1755502451141_52.png
centerX: 0.8198307134220073
centerY: 0.09466780724265754
width: 0.04070939137444579
height: 0.02879954376960365
Area: 0.0004847792754446195
CentroidX: 0.8427
CentroidY: 0.1076
