Location: Dedata_32.png_Gaussian-Closing.png
Component: component_1755502451168_166.png
centerX: 0.871825876662636
centerY: 0.3932135728542914
width: 0.04675534058847239
height: 0.02281151981750784
Area: 0.00033375984255362137
CentroidX: 0.8940
CentroidY: 0.4025
