Location: internet_32.png_Otsu.png
Component: component_1755077240705_1789.png
centerX: 0.7984683595324465
centerY: 0.6626746506986028
width: 0.03345425231761386
height: 0.03450242372398061
Area: 0.0004200730800735145
CentroidX: 0.8140
CentroidY: 0.6786
