Location: internet_32.png_Gaussian-Median.png
Component: component_1755077241035_28.png
centerX: 0.49657396211205157
centerY: 0.047619047619047616
width: 0.029826682789197905
height: 0.03279155973766752
Area: 0.0004245553920086355
CentroidX: 0.5110
CentroidY: 0.0629
