Location: Dedata_32.png_Mean-Medain.png
Component: component_1755502451002_4.png
centerX: 0.19185812172511085
centerY: 0.006273167949814656
width: 0.0354695687222894
height: 0.02623324779013402
Area: 0.0003472067783589842
CentroidX: 0.2108
CentroidY: 0.0184
