Location: Dedata_32.png_Mean-Medain.png
Component: component_1755502451017_73.png
centerX: 0.924627166465135
centerY: 0.14029084687767324
width: 0.039500201531640466
height: 0.02879954376960365
Area: 0.00045558678232870357
CentroidX: 0.9450
CentroidY: 0.1524
