Location: Kurtxevani_1794_page_10.png_Mean-Medain.png
Component: component_1755610054886_1147.png
centerX: 0.29281122150789013
centerY: 0.3265755839576906
width: 0.015780245470485097
height: 0.015866020273248127
Area: 0.00014785206242035886
CentroidX: 0.3001
CentroidY: 0.3339
