Location: internet_32.png_Gaussian-Closing.png
Component: component_1755077241560_151.png
centerX: 0.4836759371221282
centerY: 0.405189620758483
width: 0.035872632003224506
height: 0.036213287710293696
Area: 0.0005868380702750657
CentroidX: 0.5011
CentroidY: 0.4232
