Location: 2025-04-18_221722-1.png_Gaussian-Median.png
Component: component_1745014102505_134.png
centerX: 0.2667844522968198
centerY: 0.1775780915703894
width: 0.025323910482921083
height: 0.024390243902439025
Area: 0.00025023776367575837
CentroidX: 0.2787
CentroidY: 0.1885
