Location: 2025-04-18_221722-1.png_Otsu.png
Component: component_1745014102239_550.png
centerX: 0.3674911660777385
centerY: 0.7869062901155327
width: 0.02767962308598351
height: 0.03423192126658109
Area: 0.000378002664162777
CentroidX: 0.3804
CentroidY: 0.8029
