Location: 2025-04-18_221722-1.png_Gaussian-Closing.png
Component: component_1745014102444_568.png
centerX: 0.1413427561837456
centerY: 0.8498074454428755
width: 0.02767962308598351
height: 0.03209242618741977
Area: 0.0003157582254639731
CentroidX: 0.1544
CentroidY: 0.8639
