Location: 2025-04-18_221722-1.png_Otsu.png
Component: component_1745014102255_586.png
centerX: 0.582449941107185
centerY: 0.8292682926829268
width: 0.024146054181389872
height: 0.02866923406076166
Area: 0.00030164612600189607
CentroidX: 0.5943
CentroidY: 0.8421
