Location: 2025-04-18_221722-1.png_Gaussian-Median.png
Component: component_1745014102537_256.png
centerX: 0.3580683156654888
centerY: 0.3461703038083012
width: 0.024734982332155476
height: 0.02995293110825845
Area: 0.00035456649898468485
CentroidX: 0.3701
CentroidY: 0.3605
