Location: 2025-04-18_221722-1.png_Otsu.png
Component: component_1745014102072_173.png
centerX: 0.18256772673733804
centerY: 0.2768506632434745
width: 0.028268551236749116
height: 0.028241335044929396
Area: 0.00024166970328806878
CentroidX: 0.1951
CentroidY: 0.2895
