Location: 2025-04-18_221722-1.png_Otsu.png
Component: component_1745014102003_9.png
centerX: 0.32391048292108365
centerY: 0.03979460847240052
width: 0.03180212014134275
height: 0.03337612323491656
Area: 0.00037019060910341295
CentroidX: 0.3373
CentroidY: 0.0547
