Location: 2025-04-18_221722-1.png_Otsu.png
Component: component_1745014102288_671.png
centerX: 0.8227326266195524
centerY: 0.961061189559264
width: 0.030035335689045935
height: 0.029097133076593923
Area: 0.00028173798568932313
CentroidX: 0.8369
CentroidY: 0.9760
