Location: 2025-04-18_221722-1.png_Gaussian-Median.png
Component: component_1745014102614_598.png
centerX: 0.43580683156654887
centerY: 0.8228498074454429
width: 0.026501766784452298
height: 0.03123662815575524
Area: 0.00035330649010414223
CentroidX: 0.4478
CentroidY: 0.8371
