Location: 2025-04-18_221722-1.png_Gaussian-Median.png
Component: component_1745014102628_660.png
centerX: 0.1772673733804476
centerY: 0.9246897732135216
width: 0.032391048292108364
height: 0.032520325203252036
Area: 0.0003606145416112893
CentroidX: 0.1921
CentroidY: 0.9402
