Location: 2025-04-18_221722-1.png_Otsu.png
Component: component_1745014102178_457.png
centerX: 0.06654888103651355
centerY: 0.6482670089858793
width: 0.03121319199057715
height: 0.02610183996576808
Area: 0.0002751859395105017
CentroidX: 0.0806
CentroidY: 0.6618
