Location: 2025-04-18_221722-1.png_Gaussian-Closing.png
Component: component_1745014102394_335.png
centerX: 0.7591283863368669
centerY: 0.48694908001711595
width: 0.02767962308598351
height: 0.02738553701326487
Area: 0.0003606145416112893
CentroidX: 0.7730
CentroidY: 0.5001
