Location: 2025-04-18_221722-1.png_Gaussian-Median.png
Component: component_1745014102492_71.png
centerX: 0.12603062426383982
centerY: 0.10954214805305948
width: 0.030624263839811542
height: 0.029525032092426188
Area: 0.000385310715669924
CentroidX: 0.1402
CentroidY: 0.1231
