Location: 2025-04-18_221722-1.png_Otsu.png
Component: component_1745014102027_58.png
centerX: 0.541813898704358
centerY: 0.11296534017971759
width: 0.030035335689045935
height: 0.029525032092426188
Area: 0.00032483028940387973
CentroidX: 0.5544
CentroidY: 0.1261
