Location: 2025-04-18_221722-1.png_Gaussian-Closing.png
Component: component_1745014102366_206.png
centerX: 0.3621908127208481
centerY: 0.3119383825417201
width: 0.025323910482921083
height: 0.030380830124090714
Area: 0.00028224198924154016
CentroidX: 0.3737
CentroidY: 0.3265
