Location: 2025-04-18_221722-1.png_Gaussian-Closing.png
Component: component_1745014102370_220.png
centerX: 0.582449941107185
centerY: 0.31322207958921694
width: 0.02591283863368669
height: 0.028241335044929396
Area: 0.0002535137867651691
CentroidX: 0.5940
CentroidY: 0.3262
