Location: 2025-04-18_221722-1.png_Gaussian-Closing.png
Component: component_1745014102349_118.png
centerX: 0.19434628975265017
centerY: 0.17629439452289258
width: 0.02237926972909305
height: 0.028241335044929396
Area: 0.0002615778436006417
CentroidX: 0.2053
CentroidY: 0.1891
