Location: 2025-04-18_221722-1.png_Otsu.png
Component: component_1745014102032_75.png
centerX: 0.2767962308598351
centerY: 0.14591356439880188
width: 0.02767962308598351
height: 0.025246041934103552
Area: 0.00030870217573293455
CentroidX: 0.2903
CentroidY: 0.1578
