Location: 2025-04-18_221722-1.png_Gaussian-Closing.png
Component: component_1745014102349_115.png
centerX: 0.11837455830388692
centerY: 0.17586649550706032
width: 0.027090694935217905
height: 0.025246041934103552
Area: 0.0002648538666900524
CentroidX: 0.1310
CentroidY: 0.1873
