Location: 2025-04-18_221722-1.png_Mean-Closing.png
Component: component_1745014101712_140.png
centerX: 0.38103651354534745
centerY: 0.2079589216944801
width: 0.026501766784452298
height: 0.02866923406076166
Area: 0.0002560338045262543
CentroidX: 0.3926
CentroidY: 0.2205
