Location: 2025-04-18_221722-1.png_Mean-Closing.png
Component: component_1745014101698_76.png
centerX: 0.5005889281507656
centerY: 0.11382113821138211
width: 0.02944640753828033
height: 0.02995293110825845
Area: 0.00034121040485093337
CentroidX: 0.5133
CentroidY: 0.1278
