Location: 2025-04-18_221722-1.png_Gaussian-Closing.png
Component: component_1745014102440_548.png
centerX: 0.10247349823321555
centerY: 0.8181429182712879
width: 0.03121319199057715
height: 0.029525032092426188
Area: 0.0003875787316549007
CentroidX: 0.1172
CentroidY: 0.8324
