Location: 2025-04-18_221722-1.png_Gaussian-Closing.png
Component: component_1745014102377_258.png
centerX: 0.6489988221436984
centerY: 0.3808301240907146
width: 0.030624263839811542
height: 0.03380402225074882
Area: 0.00044805915792094504
CentroidX: 0.6632
CentroidY: 0.3968
