Location: 2025-04-18_221722-1.png_Otsu.png
Component: component_1745014102044_107.png
centerX: 0.3828032979976443
centerY: 0.17928968763371844
width: 0.02591283863368669
height: 0.024818142918271287
Area: 0.0002431817139447199
CentroidX: 0.3944
CentroidY: 0.1911
