Location: 2025-04-18_221722-1.png_Gaussian-Closing.png
Component: component_1745014102406_398.png
centerX: 0.4793875147232038
centerY: 0.582798459563543
width: 0.02767962308598351
height: 0.030380830124090714
Area: 0.00038909074231155183
CentroidX: 0.4929
CentroidY: 0.5980
