Location: 2025-04-18_221722-1.png_Mean-Closing.png
Component: component_1745014101695_57.png
centerX: 0.8998822143698468
centerY: 0.08258451005562688
width: 0.03297997644287397
height: 0.02866923406076166
Area: 0.00036741858956621925
CentroidX: 0.9146
CentroidY: 0.0956
