Location: 2025-04-18_221722-1.png_Otsu.png
Component: component_1745014102109_287.png
centerX: 0.866902237926973
centerY: 0.3851091142490372
width: 0.034746760895170786
height: 0.03123662815575524
Area: 0.00042865502116058913
CentroidX: 0.8823
CentroidY: 0.3996
