Location: 2025-04-18_221722-1.png_Gaussian-Median.png
Component: component_1745014102571_401.png
centerX: 0.5223792697290931
centerY: 0.5502781343602909
width: 0.03121319199057715
height: 0.029525032092426188
Area: 0.00042059096432511654
CentroidX: 0.5367
CentroidY: 0.5643
