Location: 2025-04-18_221722-1.png_Gaussian-Closing.png
Component: component_1745014102405_393.png
centerX: 0.14016489988221437
centerY: 0.5785194694052204
width: 0.028857479387514724
height: 0.029097133076593923
Area: 0.0003585985274024211
CentroidX: 0.1530
CentroidY: 0.5919
