Location: 2025-04-18_221722-1.png_Mean-Closing.png
Component: component_1745014101841_568.png
centerX: 0.1413427561837456
centerY: 0.8498074454428755
width: 0.02767962308598351
height: 0.03209242618741977
Area: 0.0003122302005984538
CentroidX: 0.1544
CentroidY: 0.8638
