Location: 2025-04-18_221722-1.png_Gaussian-Closing.png
Component: component_1745014102384_286.png
centerX: 0.4617196702002356
centerY: 0.417201540436457
width: 0.02944640753828033
height: 0.02866923406076166
Area: 0.0003772466588344515
CentroidX: 0.4741
CentroidY: 0.4307
