Location: 2025-04-18_221722-1.png_Mean-Closing.png
Component: component_1745014101810_531.png
centerX: 0.27326266195524146
centerY: 0.7860504920838682
width: 0.02591283863368669
height: 0.03123662815575524
Area: 0.0003722066233122811
CentroidX: 0.2862
CentroidY: 0.8015
