Location: 2025-04-18_221722-1.png_Mean-Closing.png
Component: component_1745014101731_221.png
centerX: 0.1772673733804476
centerY: 0.31450577663671375
width: 0.02767962308598351
height: 0.026529738981600343
Area: 0.00017589723972374557
CentroidX: 0.1897
CentroidY: 0.3270
