Location: 2025-04-18_221722-1.png_Gaussian-Closing.png
Component: component_1745014102449_594.png
centerX: 0.21201413427561838
centerY: 0.8870346598202824
width: 0.028268551236749116
height: 0.031664527171587506
Area: 0.0003374303782093056
CentroidX: 0.2252
CentroidY: 0.9024
