Location: 2025-04-18_221722-1.png_Gaussian-Median.png
Component: component_1745014102541_269.png
centerX: 0.39045936395759717
centerY: 0.3804022250748823
width: 0.02944640753828033
height: 0.03551561831407788
Area: 0.00045133518101035577
CentroidX: 0.4038
CentroidY: 0.3976
