Location: 2025-04-18_221722-1.png_Mean-Closing.png
Component: component_1745014101744_281.png
centerX: 0.568904593639576
centerY: 0.4154899443731279
width: 0.026501766784452298
height: 0.028241335044929396
Area: 0.00034473842971645267
CentroidX: 0.5808
CentroidY: 0.4286
