Location: 2025-04-18_221722-1.png_Gaussian-Median.png
Component: component_1745014102495_80.png
centerX: 0.5412249705535924
centerY: 0.11296534017971759
width: 0.030624263839811542
height: 0.029525032092426188
Area: 0.00034877045813418893
CentroidX: 0.5545
CentroidY: 0.1261
