Location: 2025-04-18_221722-1.png_Otsu.png
Component: component_1745014102288_668.png
centerX: 0.37809187279151946
centerY: 0.961061189559264
width: 0.021790341578327443
height: 0.026529738981600343
Area: 0.00019378936582745035
CentroidX: 0.3881
CentroidY: 0.9736
