Location: 2025-04-18_221722-1.png_Gaussian-Median.png
Component: component_1745014102486_32.png
centerX: 0.5901060070671378
centerY: 0.04749679075738126
width: 0.02767962308598351
height: 0.02866923406076166
Area: 0.0003371783764331971
CentroidX: 0.6022
CentroidY: 0.0607
