Location: 2025-04-18_221722-1.png_Gaussian-Closing.png
Component: component_1745014102353_137.png
centerX: 0.1166077738515901
centerY: 0.20838682071031236
width: 0.02767962308598351
height: 0.02738553701326487
Area: 0.0002625858507050758
CentroidX: 0.1295
CentroidY: 0.2211
