Location: 2025-04-18_221722-1.png_Gaussian-Closing.png
Component: component_1745014102337_59.png
centerX: 0.6890459363957597
centerY: 0.0834403080872914
width: 0.028857479387514724
height: 0.026957637997432605
Area: 0.0003107181899418027
CentroidX: 0.7017
CentroidY: 0.0958
