Location: 2025-04-18_221722-1.png_Mean-Closing.png
Component: component_1745014101798_478.png
centerX: 0.10247349823321555
centerY: 0.7086007702182285
width: 0.030624263839811542
height: 0.0329482242190843
Area: 0.00039236676540096256
CentroidX: 0.1164
CentroidY: 0.7248
