Location: 2025-04-18_221722-1.png_Otsu.png
Component: component_1745014102100_251.png
centerX: 0.6171967020023557
centerY: 0.3491655969191271
width: 0.028857479387514724
height: 0.02738553701326487
Area: 0.0003291143195977245
CentroidX: 0.6297
CentroidY: 0.3620
