Location: 2025-04-18_221722-1.png_Gaussian-Closing.png
Component: component_1745014102398_351.png
centerX: 0.48645465253239106
centerY: 0.5156183140778776
width: 0.02944640753828033
height: 0.02781343602909713
Area: 0.00036767059134232776
CentroidX: 0.5003
CentroidY: 0.5290
