Location: 2025-04-18_221722-1.png_Otsu.png
Component: component_1745014102217_511.png
centerX: 0.6230859835100118
centerY: 0.7210098416773641
width: 0.030035335689045935
height: 0.028241335044929396
Area: 0.0003696866055511959
CentroidX: 0.6378
CentroidY: 0.7351
