Location: 2025-04-18_221722-1.png_Otsu.png
Component: component_1745014102144_363.png
centerX: 0.30683156654888105
centerY: 0.5151904150620453
width: 0.027090694935217905
height: 0.02866923406076166
Area: 0.0003596065345068552
CentroidX: 0.3199
CentroidY: 0.5287
