Location: 2025-04-18_221722-1.png_Mean-Closing.png
Component: component_1745014101797_474.png
centerX: 0.7067137809187279
centerY: 0.6854942233632862
width: 0.030035335689045935
height: 0.0329482242190843
Area: 0.0004064788648630396
CentroidX: 0.7210
CentroidY: 0.7017
