Location: 2025-04-18_221722-1.png_Otsu.png
Component: component_1745014102027_57.png
centerX: 0.3568904593639576
centerY: 0.11296534017971759
width: 0.02591283863368669
height: 0.03080872913992298
Area: 0.0003525504847758167
CentroidX: 0.3684
CentroidY: 0.1267
