Location: 2025-04-18_221722-1.png_Otsu.png
Component: component_1745014102072_164.png
centerX: 0.8457008244994111
centerY: 0.24989302524604193
width: 0.024146054181389872
height: 0.02781343602909713
Area: 0.00021168149193115512
CentroidX: 0.8571
CentroidY: 0.2624
