Location: 2025-04-18_221722-1.png_Gaussian-Median.png
Component: component_1745014102495_83.png
centerX: 0.582449941107185
centerY: 0.11382113821138211
width: 0.02944640753828033
height: 0.02866923406076166
Area: 0.0003449904314925612
CentroidX: 0.5963
CentroidY: 0.1272
