Location: 2025-04-18_221722-1.png_Gaussian-Median.png
Component: component_1745014102542_275.png
centerX: 0.4634864546525324
centerY: 0.38125802310654683
width: 0.02944640753828033
height: 0.03080872913992298
Area: 0.0004067308666391481
CentroidX: 0.4770
CentroidY: 0.3958
