Location: 2025-04-18_221722-1.png_Mean-Closing.png
Component: component_1745014101751_311.png
centerX: 0.1425206124852768
centerY: 0.4514334617030381
width: 0.025323910482921083
height: 0.026957637997432605
Area: 0.0003190342485533838
CentroidX: 0.1539
CentroidY: 0.4643
