Location: 2025-04-18_221722-1.png_Gaussian-Closing.png
Component: component_1745014102385_290.png
centerX: 0.38928150765606595
centerY: 0.4184852374839538
width: 0.02591283863368669
height: 0.026957637997432605
Area: 0.0003457464368208867
CentroidX: 0.4012
CentroidY: 0.4306
