Location: 2025-04-18_221722-1.png_Mean-Closing.png
Component: component_1745014101743_279.png
centerX: 0.2714958775029446
centerY: 0.4146341463414634
width: 0.030035335689045935
height: 0.032520325203252036
Area: 0.00041605493235516325
CentroidX: 0.2852
CentroidY: 0.4292
