Location: 2025-04-18_221722-1.png_Gaussian-Median.png
Component: component_1745014102600_527.png
centerX: 0.508833922261484
centerY: 0.7184424475823705
width: 0.02944640753828033
height: 0.028241335044929396
Area: 0.00036162254871572333
CentroidX: 0.5234
CentroidY: 0.7320
