Location: 2025-04-18_221722-1.png_Gaussian-Median.png
Component: component_1745014102534_238.png
centerX: 0.582449941107185
centerY: 0.31322207958921694
width: 0.02591283863368669
height: 0.028241335044929396
Area: 0.0002547737956457117
CentroidX: 0.5941
CentroidY: 0.3263
