Location: 2025-04-18_221722-1.png_Gaussian-Closing.png
Component: component_1745014102382_278.png
centerX: 0.07302709069493522
centerY: 0.41420624732563116
width: 0.02944640753828033
height: 0.02781343602909713
Area: 0.0003797666765955366
CentroidX: 0.0862
CentroidY: 0.4277
