Location: 2025-04-18_221722-1.png_Gaussian-Median.png
Component: component_1745014102501_110.png
centerX: 0.45995288574793874
centerY: 0.14548566538296961
width: 0.02591283863368669
height: 0.024818142918271287
Area: 0.0002882900318681446
CentroidX: 0.4720
CentroidY: 0.1575
