Location: 2025-04-18_221722-1.png_Otsu.png
Component: component_1745014101997_4.png
centerX: 0.20789163722025913
centerY: 0.03808301240907146
width: 0.028268551236749116
height: 0.03508771929824561
Area: 0.00032231027164279454
CentroidX: 0.2206
CentroidY: 0.0534
