Location: 2025-04-18_221722-1.png_Mean-Closing.png
Component: component_1745014101741_272.png
centerX: 0.8663133097762074
centerY: 0.3851091142490372
width: 0.0353356890459364
height: 0.03123662815575524
Area: 0.00046191925560691354
CentroidX: 0.8823
CentroidY: 0.3997
