Location: 2025-04-18_221722-1.png_Gaussian-Median.png
Component: component_1745014102598_519.png
centerX: 0.3044758539458186
centerY: 0.7120239623448866
width: 0.030624263839811542
height: 0.03123662815575524
Area: 0.00038682272632657516
CentroidX: 0.3183
CentroidY: 0.7271
