Location: 2025-04-18_221722-1.png_Gaussian-Median.png
Component: component_1745014102627_656.png
centerX: 0.7803297997644287
centerY: 0.8960205391527599
width: 0.030035335689045935
height: 0.02866923406076166
Area: 0.00030290613488243864
CentroidX: 0.7935
CentroidY: 0.9100
