Location: 2025-04-18_221722-1.png_Otsu.png
Component: component_1745014102070_154.png
centerX: 0.4829210836277974
centerY: 0.24604193410355157
width: 0.025323910482921083
height: 0.025673940949935817
Area: 0.0002111774883789381
CentroidX: 0.4938
CentroidY: 0.2576
