Location: 2025-04-18_221722-1.png_Gaussian-Closing.png
Component: component_1745014102357_158.png
centerX: 0.8474676089517079
centerY: 0.2173727000427899
width: 0.028857479387514724
height: 0.024390243902439025
Area: 0.00023335364467648768
CentroidX: 0.8605
CentroidY: 0.2278
