Location: 2025-04-18_221722-1.png_Otsu.png
Component: component_1745014102031_69.png
centerX: 0.8910482921083628
centerY: 0.11724433033804023
width: 0.032391048292108364
height: 0.031664527171587506
Area: 0.00032810631249329046
CentroidX: 0.9064
CentroidY: 0.1317
