Location: 2025-04-18_221722-1.png_Mean-Closing.png
Component: component_1745014101702_92.png
centerX: 0.31625441696113077
centerY: 0.14548566538296961
width: 0.028857479387514724
height: 0.024818142918271287
Area: 0.00031953825210560084
CentroidX: 0.3291
CentroidY: 0.1568
