Location: 2025-04-18_221722-1.png_Otsu.png
Component: component_1745014102108_284.png
centerX: 0.24381625441696114
centerY: 0.3842533162173727
width: 0.02767962308598351
height: 0.026957637997432605
Area: 0.0003444864279403441
CentroidX: 0.2553
CentroidY: 0.3967
