Location: 2025-04-18_221722-1.png_Gaussian-Median.png
Component: component_1745014102541_270.png
centerX: 0.607773851590106
centerY: 0.3804022250748823
width: 0.028268551236749116
height: 0.03380402225074882
Area: 0.00042915902471280616
CentroidX: 0.6223
CentroidY: 0.3969
