Location: 2025-04-18_221722-1.png_Otsu.png
Component: component_1745014102265_614.png
centerX: 0.21201413427561838
centerY: 0.8874625588361147
width: 0.028268551236749116
height: 0.03123662815575524
Area: 0.0003240742840755542
CentroidX: 0.2251
CentroidY: 0.9024
