Location: 2025-04-18_221722-1.png_Gaussian-Closing.png
Component: component_1745014102368_214.png
centerX: 0.4740871613663133
centerY: 0.3123662815575524
width: 0.02237926972909305
height: 0.03123662815575524
Area: 0.00027190991642109095
CentroidX: 0.4854
CentroidY: 0.3270
