Location: 2025-04-18_221722-1.png_Gaussian-Median.png
Component: component_1745014102574_415.png
centerX: 0.23910482921083628
centerY: 0.5776636713735558
width: 0.027090694935217905
height: 0.030380830124090714
Area: 0.0003719546215361726
CentroidX: 0.2512
CentroidY: 0.5920
