Location: 2025-04-18_221722-1.png_Mean-Closing.png
Component: component_1745014101781_429.png
centerX: 0.7520612485276796
centerY: 0.6208814719726145
width: 0.02944640753828033
height: 0.02738553701326487
Area: 0.00036867859844676187
CentroidX: 0.7646
CentroidY: 0.6341
