Location: 2025-04-18_221722-1.png_Gaussian-Closing.png
Component: component_1745014102427_483.png
centerX: 0.27385159010600707
centerY: 0.7120239623448866
width: 0.027090694935217905
height: 0.031664527171587506
Area: 0.0003661585806856767
CentroidX: 0.2865
CentroidY: 0.7273
