Location: 2025-04-18_221722-1.png_Mean-Closing.png
Component: component_1745014101876_598.png
centerX: 0.3404004711425206
centerY: 0.8900299529311082
width: 0.028268551236749116
height: 0.03123662815575524
Area: 0.0003374303782093056
CentroidX: 0.3533
CentroidY: 0.9050
