Location: 2025-04-18_221722-1.png_Otsu.png
Component: component_1745014102181_466.png
centerX: 0.7497055359246172
centerY: 0.6499786050492083
width: 0.025323910482921083
height: 0.029525032092426188
Area: 0.00034373042261201856
CentroidX: 0.7618
CentroidY: 0.6644
