Location: 2025-04-18_221722-1.png_Mean-Closing.png
Component: component_1745014101722_176.png
centerX: 0.6336866902237926
centerY: 0.24946512623020967
width: 0.03121319199057715
height: 0.025673940949935817
Area: 0.0002565378080784713
CentroidX: 0.6478
CentroidY: 0.2616
