Location: 2025-04-18_221722-1.png_Otsu.png
Component: component_1745014102096_241.png
centerX: 0.32037691401649
centerY: 0.3461703038083012
width: 0.026501766784452298
height: 0.03209242618741977
Area: 0.00036515057358124263
CentroidX: 0.3326
CentroidY: 0.3616
