Location: 2025-04-18_221722-1.png_Otsu.png
Component: component_1745014102183_473.png
centerX: 0.10365135453474676
centerY: 0.676936243046641
width: 0.02944640753828033
height: 0.030380830124090714
Area: 0.0003805226819238622
CentroidX: 0.1169
CentroidY: 0.6920
