Location: 2025-04-18_221722-1.png_Otsu.png
Component: component_1745014102226_526.png
centerX: 0.3374558303886926
centerY: 0.7479674796747967
width: 0.028268551236749116
height: 0.03465982028241335
Area: 0.0004100068897285588
CentroidX: 0.3506
CentroidY: 0.7649
