Location: 2025-04-18_221722-1.png_Mean-Closing.png
Component: component_1745014101763_360.png
centerX: 0.7173144876325088
centerY: 0.5203252032520326
width: 0.024734982332155476
height: 0.02781343602909713
Area: 0.0003495264634625145
CentroidX: 0.7294
CentroidY: 0.5335
