Location: 2025-04-18_221722-1.png_Gaussian-Closing.png
Component: component_1745014102450_601.png
centerX: 0.4369846878680801
centerY: 0.8904578519469405
width: 0.028857479387514724
height: 0.0329482242190843
Area: 0.0003528024865519252
CentroidX: 0.4506
CentroidY: 0.9062
