Location: 2025-04-18_221722-1.png_Otsu.png
Component: component_1745014102102_266.png
centerX: 0.39045936395759717
centerY: 0.3804022250748823
width: 0.02944640753828033
height: 0.03551561831407788
Area: 0.00043268704957832545
CentroidX: 0.4038
CentroidY: 0.3976
