Location: 2025-04-18_221722-1.png_Mean-Closing.png
Component: component_1745014101724_185.png
centerX: 0.21790341578327443
centerY: 0.2777064612751391
width: 0.02591283863368669
height: 0.025246041934103552
Area: 0.00024948175834743283
CentroidX: 0.2303
CentroidY: 0.2899
