Location: 2025-04-18_221722-1.png_Gaussian-Closing.png
Component: component_1745014102429_493.png
centerX: 0.582449941107185
centerY: 0.7210098416773641
width: 0.028268551236749116
height: 0.029097133076593923
Area: 0.00038127868725218775
CentroidX: 0.5956
CentroidY: 0.7352
