Location: 2025-04-18_221722-1.png_Gaussian-Median.png
Component: component_1745014102614_594.png
centerX: 0.3080094228504123
centerY: 0.8194266153187848
width: 0.025323910482921083
height: 0.031664527171587506
Area: 0.0003709466144317385
CentroidX: 0.3201
CentroidY: 0.8343
