Location: 2025-04-18_221722-1.png_Mean-Closing.png
Component: component_1745014101955_647.png
centerX: 0.7803297997644287
centerY: 0.962772785622593
width: 0.027090694935217905
height: 0.025246041934103552
Area: 0.00026384585958561836
CentroidX: 0.7933
CentroidY: 0.9758
