Location: 2025-04-18_221722-1.png_Otsu.png
Component: component_1745014102287_665.png
centerX: 0.2838633686690224
centerY: 0.9602053915275995
width: 0.024146054181389872
height: 0.02738553701326487
Area: 0.0002194935469905192
CentroidX: 0.2941
CentroidY: 0.9735
