Location: easy26_Mean-Closing.png
Component: component_1744297382122_743.png
centerX: 0.43790322580645163
centerY: 0.6135057471264368
width: 0.020161290322580645
height: 0.021551724137931036
Area: 0.00010930354715115561
CentroidX: 0.4478
CentroidY: 0.6238
