Location: 2025-04-18_221722-1.png_Gaussian-Closing.png
Component: component_1745014102435_519.png
centerX: 0.7061248527679623
centerY: 0.756525459991442
width: 0.028268551236749116
height: 0.030380830124090714
Area: 0.00035204648122359966
CentroidX: 0.7185
CentroidY: 0.7721
