Location: 2025-04-18_221722-1.png_Gaussian-Closing.png
Component: component_1745014102367_212.png
centerX: 0.287396937573616
centerY: 0.3127941805733847
width: 0.02591283863368669
height: 0.02995293110825845
Area: 0.0002852660105548424
CentroidX: 0.2997
CentroidY: 0.3270
