Location: 2025-04-18_221722-1.png_Mean-Closing.png
Component: component_1745014101697_70.png
centerX: 0.31919905771495877
centerY: 0.11125374411638853
width: 0.02944640753828033
height: 0.030380830124090714
Area: 0.00035179447944749115
CentroidX: 0.3325
CentroidY: 0.1253
