Location: 2025-04-18_221722-1.png_Gaussian-Median.png
Component: component_1745014102583_465.png
centerX: 0.17432273262661954
centerY: 0.6465554129225503
width: 0.026501766784452298
height: 0.02738553701326487
Area: 0.0003328943462393523
CentroidX: 0.1873
CentroidY: 0.6601
