Location: 2025-04-18_221722-1.png_Otsu.png
Component: component_1745014102081_205.png
centerX: 0.11130742049469965
centerY: 0.31364997860504923
width: 0.024734982332155476
height: 0.02781343602909713
Area: 0.00013910498041190195
CentroidX: 0.1223
CentroidY: 0.3269
