Location: 2025-04-18_221722-1.png_Gaussian-Median.png
Component: component_1745014102619_622.png
centerX: 0.43462897526501765
centerY: 0.8562259306803595
width: 0.026501766784452298
height: 0.030380830124090714
Area: 0.00032785431071718195
CentroidX: 0.4473
CentroidY: 0.8700
