Location: 2025-04-18_221722-1.png_Mean-Closing.png
Component: component_1745014101859_583.png
centerX: 0.657243816254417
centerY: 0.858793324775353
width: 0.03121319199057715
height: 0.03337612323491656
Area: 0.00036590657890956817
CentroidX: 0.6718
CentroidY: 0.8748
