Location: 2025-04-18_221722-1.png_Otsu.png
Component: component_1745014102049_116.png
centerX: 0.6042402826855123
centerY: 0.18142918271287975
width: 0.030035335689045935
height: 0.026529738981600343
Area: 0.0002829979945698657
CentroidX: 0.6179
CentroidY: 0.1939
