Location: 2025-04-18_221722-1.png_Gaussian-Median.png
Component: component_1745014102506_138.png
centerX: 0.3828032979976443
centerY: 0.17886178861788618
width: 0.02591283863368669
height: 0.025673940949935817
Area: 0.00026913789688389725
CentroidX: 0.3945
CentroidY: 0.1911
