Location: 2025-04-18_221722-1.png_Gaussian-Closing.png
Component: component_1745014102423_464.png
centerX: 0.36866902237926974
centerY: 0.6799315361574668
width: 0.030035335689045935
height: 0.029525032092426188
Area: 0.00038631872277435813
CentroidX: 0.3828
CentroidY: 0.6942
