Location: 2025-04-18_221722-1.png_Otsu.png
Component: component_1745014102075_183.png
centerX: 0.5848056537102474
centerY: 0.2807017543859649
width: 0.03180212014134275
height: 0.02738553701326487
Area: 0.00025779781695901393
CentroidX: 0.5998
CentroidY: 0.2950
