Location: 2025-04-18_221722-1.png_Gaussian-Median.png
Component: component_1745014102603_545.png
centerX: 0.303886925795053
centerY: 0.7466837826273
width: 0.028857479387514724
height: 0.03209242618741977
Area: 0.00036741858956621925
CentroidX: 0.3175
CentroidY: 0.7623
