Location: 2025-04-18_221722-1.png_Otsu.png
Component: component_1745014102026_54.png
centerX: 0.31919905771495877
centerY: 0.11125374411638853
width: 0.02944640753828033
height: 0.030380830124090714
Area: 0.000329366321373833
CentroidX: 0.3324
CentroidY: 0.1253
