Location: 2025-04-18_221722-1.png_Gaussian-Closing.png
Component: component_1745014102390_314.png
centerX: 0.7968197879858657
centerY: 0.4540008557980317
width: 0.028268551236749116
height: 0.03080872913992298
Area: 0.0003878307334310092
CentroidX: 0.8099
CentroidY: 0.4685
