Location: 2025-04-18_221722-1.png_Gaussian-Closing.png
Component: component_1745014102358_165.png
centerX: 0.2585394581861013
centerY: 0.24304664099272572
width: 0.026501766784452298
height: 0.025673940949935817
Area: 0.00024444172282526245
CentroidX: 0.2698
CentroidY: 0.2543
