Location: 2025-04-18_221722-1.png_Otsu.png
Component: component_1745014102035_85.png
centerX: 0.7143698468786808
centerY: 0.1467693624304664
width: 0.02944640753828033
height: 0.02866923406076166
Area: 0.0002895500407486872
CentroidX: 0.7272
CentroidY: 0.1596
