Location: 2025-04-18_221722-1.png_Mean-Closing.png
Component: component_1745014101898_606.png
centerX: 0.8227326266195524
centerY: 0.8947368421052632
width: 0.028268551236749116
height: 0.031664527171587506
Area: 0.0003134902094789964
CentroidX: 0.8359
CentroidY: 0.9104
