Location: 2025-04-18_221722-1.png_Otsu.png
Component: component_1745014102222_518.png
centerX: 0.17550058892815076
centerY: 0.7441163885323063
width: 0.030035335689045935
height: 0.03337612323491656
Area: 0.0004147949234746206
CentroidX: 0.1895
CentroidY: 0.7608
