Location: 2025-04-18_221722-1.png_Mean-Closing.png
Component: component_1745014101803_507.png
centerX: 0.303886925795053
centerY: 0.7466837826273
width: 0.028857479387514724
height: 0.03209242618741977
Area: 0.0003669145860140022
CentroidX: 0.3175
CentroidY: 0.7622
