Location: 2025-04-18_221722-1.png_Otsu.png
Component: component_1745014102287_663.png
centerX: 0.21613663133097763
centerY: 0.9602053915275995
width: 0.025323910482921083
height: 0.030380830124090714
Area: 0.00024015769263141767
CentroidX: 0.2269
CentroidY: 0.9738
