Location: 2025-04-18_221722-1.png_Otsu.png
Component: component_1745014102241_555.png
centerX: 0.5047114252061249
centerY: 0.7911852802738554
width: 0.026501766784452298
height: 0.03209242618741977
Area: 0.00037296262864060665
CentroidX: 0.5169
CentroidY: 0.8056
