Location: 2025-04-18_221722-1.png_Gaussian-Median.png
Component: component_1745014102611_583.png
centerX: 0.6637220259128387
centerY: 0.7916131792896877
width: 0.028268551236749116
height: 0.032520325203252036
Area: 0.00038556271744603253
CentroidX: 0.6766
CentroidY: 0.8065
