Location: 2025-04-18_221722-1.png_Otsu.png
Component: component_1745014102279_647.png
centerX: 0.44051825677267376
centerY: 0.9281129653401797
width: 0.026501766784452298
height: 0.030380830124090714
Area: 0.0002842580034504083
CentroidX: 0.4521
CentroidY: 0.9433
