Location: 2025-04-18_221722-1.png_Gaussian-Closing.png
Component: component_1745014102371_225.png
centerX: 0.7709069493521791
centerY: 0.3162173727000428
width: 0.020023557126030624
height: 0.026957637997432605
Area: 0.0002086574706178529
CentroidX: 0.7807
CentroidY: 0.3292
