Location: easy26_Mean-Closing.png
Component: component_1744297382084_547.png
centerX: 0.792741935483871
centerY: 0.36877394636015326
width: 0.020161290322580645
height: 0.0210727969348659
Area: 0.00010621369422815473
CentroidX: 0.8021
CentroidY: 0.3784
