Location: 2025-04-18_221722-1.png_Gaussian-Median.png
Component: component_1745014102584_469.png
centerX: 0.06595995288574794
centerY: 0.6482670089858793
width: 0.03180212014134275
height: 0.02610183996576808
Area: 0.0003021501295541131
CentroidX: 0.0805
CentroidY: 0.6616
