Location: 2025-04-18_221722-1.png_Gaussian-Median.png
Component: component_1745014102570_396.png
centerX: 0.33981154299175503
centerY: 0.5477107402652974
width: 0.02767962308598351
height: 0.032520325203252036
Area: 0.00033566636577654597
CentroidX: 0.3525
CentroidY: 0.5625
