Location: 2025-04-18_221722-1.png_Gaussian-Median.png
Component: component_1745014102533_234.png
centerX: 0.657243816254417
centerY: 0.3127941805733847
width: 0.02767962308598351
height: 0.030380830124090714
Area: 0.00025855382228733947
CentroidX: 0.6710
CentroidY: 0.3280
