Location: 2025-04-18_221722-1.png_Otsu.png
Component: component_1745014102150_387.png
centerX: 0.27326266195524146
centerY: 0.5468549422336328
width: 0.030624263839811542
height: 0.02738553701326487
Area: 0.0003530544883280337
CentroidX: 0.2866
CentroidY: 0.5599
