Location: 2025-04-18_221722-1.png_Mean-Closing.png
Component: component_1745014101760_353.png
centerX: 0.5223792697290931
centerY: 0.5173299101412067
width: 0.030035335689045935
height: 0.028241335044929396
Area: 0.00039438277960983066
CentroidX: 0.5361
CentroidY: 0.5310
