Location: 2025-04-18_221722-1.png_Gaussian-Median.png
Component: component_1745014102593_506.png
centerX: 0.6666666666666666
centerY: 0.6859221223791185
width: 0.030035335689045935
height: 0.02995293110825845
Area: 0.00038430270856548997
CentroidX: 0.6810
CentroidY: 0.7010
