Location: 2025-04-18_221722-1.png_Gaussian-Median.png
Component: component_1745014102526_203.png
centerX: 0.14605418138987045
centerY: 0.2777064612751391
width: 0.028268551236749116
height: 0.02781343602909713
Area: 0.00027115391109276536
CentroidX: 0.1589
CentroidY: 0.2905
