Location: 2025-04-18_221722-1.png_Mean-Closing.png
Component: component_1745014101741_270.png
centerX: 0.31743227326266193
centerY: 0.3842533162173727
width: 0.030624263839811542
height: 0.030380830124090714
Area: 0.00042084296610122505
CentroidX: 0.3318
CentroidY: 0.3984
