Location: 2025-04-18_221722-1.png_Mean-Closing.png
Component: component_1745014101754_321.png
centerX: 0.17255594817432274
centerY: 0.4818142918271288
width: 0.02767962308598351
height: 0.02738553701326487
Area: 0.00035633051141744444
CentroidX: 0.1859
CentroidY: 0.4952
