Location: 2025-04-18_221722-1.png_Otsu.png
Component: component_1745014102020_33.png
centerX: 0.3568904593639576
centerY: 0.0787334189131365
width: 0.027090694935217905
height: 0.02610183996576808
Area: 0.0002855180123309509
CentroidX: 0.3694
CentroidY: 0.0905
