Location: 2025-04-18_221722-1.png_Mean-Closing.png
Component: component_1745014101707_116.png
centerX: 0.2308598351001178
centerY: 0.17586649550706032
width: 0.024146054181389872
height: 0.02866923406076166
Area: 0.00027442993418217614
CentroidX: 0.2418
CentroidY: 0.1893
