Location: 2025-04-18_221722-1.png_Otsu.png
Component: component_1745014102115_307.png
centerX: 0.7614840989399293
centerY: 0.41891313649978607
width: 0.02591283863368669
height: 0.028241335044929396
Area: 0.00033843838531373967
CentroidX: 0.7735
CentroidY: 0.4320
