Location: 2025-04-18_221722-1.png_Otsu.png
Component: component_1745014102076_188.png
centerX: 0.702002355712603
centerY: 0.28284124946512623
width: 0.02767962308598351
height: 0.028241335044929396
Area: 0.00018496930366365222
CentroidX: 0.7135
CentroidY: 0.2954
