Location: 2025-04-18_221722-1.png_Mean-Closing.png
Component: component_1745014101707_117.png
centerX: 0.303886925795053
centerY: 0.17586649550706032
width: 0.02591283863368669
height: 0.026957637997432605
Area: 0.0002671218826750291
CentroidX: 0.3162
CentroidY: 0.1889
