Location: 2025-04-18_221722-1.png_Gaussian-Median.png
Component: component_1745014102518_172.png
centerX: 0.7479387514723204
centerY: 0.2160890029952931
width: 0.028268551236749116
height: 0.026529738981600343
Area: 0.0002338576482287047
CentroidX: 0.7601
CentroidY: 0.2281
