Location: 2025-04-18_221722-1.png_Mean-Closing.png
Component: component_1745014101816_544.png
centerX: 0.7820965842167256
centerY: 0.7928968763371844
width: 0.02944640753828033
height: 0.02995293110825845
Area: 0.0003452424332686697
CentroidX: 0.7957
CentroidY: 0.8068
