Location: 2025-04-18_221722-1.png_Mean-Closing.png
Component: component_1745014101958_648.png
centerX: 0.5076560659599529
centerY: 0.9640564826700898
width: 0.02061248527679623
height: 0.024818142918271287
Area: 0.0002182335381099766
CentroidX: 0.5172
CentroidY: 0.9760
