Location: 2025-04-18_221722-1.png_Gaussian-Median.png
Component: component_1745014102627_658.png
centerX: 0.06419316843345112
centerY: 0.9225502781343603
width: 0.030624263839811542
height: 0.03209242618741977
Area: 0.00036489857180513406
CentroidX: 0.0784
CentroidY: 0.9390
