Location: 2025-04-18_221722-1.png_Otsu.png
Component: component_1745014101994_2.png
centerX: 0.08833922261484099
centerY: 0.037655113393239195
width: 0.030624263839811542
height: 0.032520325203252036
Area: 0.00025527779919792874
CentroidX: 0.1034
CentroidY: 0.0525
