Location: 2025-04-18_221722-1.png_Otsu.png
Component: component_1745014102192_502.png
centerX: 0.3392226148409894
centerY: 0.7124518613607189
width: 0.027090694935217905
height: 0.030380830124090714
Area: 0.0003538104936563593
CentroidX: 0.3518
CentroidY: 0.7272
