Location: 2025-04-18_221722-1.png_Otsu.png
Component: component_1745014102224_524.png
centerX: 0.0636042402826855
centerY: 0.7471116816431322
width: 0.03415783274440518
height: 0.030380830124090714
Area: 0.00037145061798395557
CentroidX: 0.0795
CentroidY: 0.7619
