Location: 2025-04-18_221722-1.png_Otsu.png
Component: component_1745014102143_358.png
centerX: 0.07008244994110718
centerY: 0.5134788189987163
width: 0.032391048292108364
height: 0.02995293110825845
Area: 0.00040622686308693106
CentroidX: 0.0847
CentroidY: 0.5287
