Location: 2025-04-18_221722-1.png_Mean-Closing.png
Component: component_1745014101727_204.png
centerX: 0.8445229681978799
centerY: 0.28412494651262304
width: 0.022968197879858657
height: 0.028241335044929396
Area: 0.000202861429767357
CentroidX: 0.8554
CentroidY: 0.2974
