Location: 2025-04-18_221722-1.png_Gaussian-Median.png
Component: component_1745014102493_74.png
centerX: 0.16666666666666666
centerY: 0.110397946084724
width: 0.028857479387514724
height: 0.029097133076593923
Area: 0.0003596065345068552
CentroidX: 0.1807
CentroidY: 0.1243
