Location: 2025-04-18_221722-1.png_Otsu.png
Component: component_1745014102018_28.png
centerX: 0.2061248527679623
centerY: 0.07744972186563971
width: 0.030035335689045935
height: 0.02610183996576808
Area: 0.0003104661881656942
CentroidX: 0.2199
CentroidY: 0.0893
