Location: 2025-04-18_221722-1.png_Gaussian-Median.png
Component: component_1745014102605_554.png
centerX: 0.5453474676089517
centerY: 0.753102267864784
width: 0.027090694935217905
height: 0.02995293110825845
Area: 0.00035456649898468485
CentroidX: 0.5591
CentroidY: 0.7680
