Location: 2025-04-18_221722-1.png_Otsu.png
Component: component_1745014102183_474.png
centerX: 0.23910482921083628
centerY: 0.676936243046641
width: 0.02767962308598351
height: 0.029525032092426188
Area: 0.0003558265078652274
CentroidX: 0.2519
CentroidY: 0.6918
