Location: 2025-04-18_221722-1.png_Gaussian-Closing.png
Component: component_1745014102402_374.png
centerX: 0.4081272084805654
centerY: 0.5489944373127942
width: 0.02944640753828033
height: 0.028241335044929396
Area: 0.00038354670323716443
CentroidX: 0.4221
CentroidY: 0.5627
