Location: 2025-04-18_221722-1.png_Gaussian-Median.png
Component: component_1745014102583_464.png
centerX: 0.27326266195524146
centerY: 0.6452717158750535
width: 0.027090694935217905
height: 0.03123662815575524
Area: 0.00039488678316204775
CentroidX: 0.2867
CentroidY: 0.6602
