Location: 2025-04-18_221722-1.png_Mean-Closing.png
Component: component_1745014101784_447.png
centerX: 0.5871613663133097
centerY: 0.6495507060333762
width: 0.028268551236749116
height: 0.03080872913992298
Area: 0.000385310715669924
CentroidX: 0.6010
CentroidY: 0.6649
