Location: 2025-04-18_221722-1.png_Gaussian-Median.png
Component: component_1745014102502_116.png
centerX: 0.7143698468786808
centerY: 0.1467693624304664
width: 0.030035335689045935
height: 0.02866923406076166
Area: 0.0003104661881656942
CentroidX: 0.7273
CentroidY: 0.1597
