Location: 2025-04-18_221722-1.png_Gaussian-Median.png
Component: component_1745014102576_425.png
centerX: 0.5182567726737338
centerY: 0.5845100556268721
width: 0.02591283863368669
height: 0.029525032092426188
Area: 0.0003734666321928237
CentroidX: 0.5308
CentroidY: 0.5985
