Location: 2025-04-18_221722-1.png_Mean-Closing.png
Component: component_1745014101786_454.png
centerX: 0.8598351001177856
centerY: 0.6529738981600343
width: 0.028857479387514724
height: 0.028241335044929396
Area: 0.0003933747725053966
CentroidX: 0.8741
CentroidY: 0.6667
