Location: 2025-04-18_221722-1.png_Mean-Closing.png
Component: component_1745014101743_277.png
centerX: 0.14016489988221437
centerY: 0.41335044929396664
width: 0.030624263839811542
height: 0.037227214377406934
Area: 0.0004364670762199532
CentroidX: 0.1542
CentroidY: 0.4295
