Location: 2025-04-18_221722-1.png_Gaussian-Median.png
Component: component_1745014102610_578.png
centerX: 0.5453474676089517
centerY: 0.7903294822421908
width: 0.028857479387514724
height: 0.032520325203252036
Area: 0.0004029508399975203
CentroidX: 0.5589
CentroidY: 0.8051
