Location: 2025-04-18_221722-1.png_Gaussian-Median.png
Component: component_1745014102543_277.png
centerX: 0.10836277974087162
centerY: 0.3816859221223791
width: 0.027090694935217905
height: 0.02995293110825845
Area: 0.0003790106712672111
CentroidX: 0.1208
CentroidY: 0.3958
