Location: 2025-04-18_221722-1.png_Otsu.png
Component: component_1745014102022_43.png
centerX: 0.6590106007067138
centerY: 0.08301240907145914
width: 0.02591283863368669
height: 0.02738553701326487
Area: 0.00028602201588316797
CentroidX: 0.6705
CentroidY: 0.0955
