Location: 2025-04-18_221722-1.png_Otsu.png
Component: component_1745014102143_360.png
centerX: 0.2049469964664311
centerY: 0.5143346170303809
width: 0.02767962308598351
height: 0.025246041934103552
Area: 0.00033591836755265454
CentroidX: 0.2184
CentroidY: 0.5265
