Location: 2025-04-18_221722-1.png_Gaussian-Median.png
Component: component_1745014102534_241.png
centerX: 0.734982332155477
centerY: 0.31407787762088146
width: 0.021790341578327443
height: 0.03209242618741977
Area: 0.0002434337157208284
CentroidX: 0.7450
CentroidY: 0.3295
