Location: 2025-04-18_221722-1.png_Gaussian-Median.png
Component: component_1745014102524_197.png
centerX: 0.7797408716136631
centerY: 0.2503209242618742
width: 0.027090694935217905
height: 0.02866923406076166
Area: 0.000237889676646441
CentroidX: 0.7913
CentroidY: 0.2631
