Location: 2025-04-18_221722-1.png_Mean-Closing.png
Component: component_1745014101785_450.png
centerX: 0.5500588928150766
centerY: 0.6504065040650406
width: 0.025323910482921083
height: 0.029525032092426188
Area: 0.0003636385629245915
CentroidX: 0.5628
CentroidY: 0.6656
