Location: 2025-04-18_221722-1.png_Gaussian-Median.png
Component: component_1745014102615_600.png
centerX: 0.7838633686690224
centerY: 0.8245614035087719
width: 0.02591283863368669
height: 0.03337612323491656
Area: 0.000363386561148483
CentroidX: 0.7968
CentroidY: 0.8397
