Location: 2025-04-18_221722-1.png_Otsu.png
Component: component_1745014102141_349.png
centerX: 0.6012956419316844
centerY: 0.4852374839537869
width: 0.030624263839811542
height: 0.026957637997432605
Area: 0.00037119861620784706
CentroidX: 0.6153
CentroidY: 0.4979
