Location: 2025-04-18_221722-1.png_Gaussian-Median.png
Component: component_1745014102556_335.png
centerX: 0.8663133097762074
centerY: 0.4557124518613607
width: 0.035924617196702
height: 0.02995293110825845
Area: 0.00042336298386231024
CentroidX: 0.8824
CentroidY: 0.4695
