Location: 2025-04-18_221722-1.png_Gaussian-Median.png
Component: component_1745014102528_216.png
centerX: 0.5477031802120141
centerY: 0.28241335044929394
width: 0.02767962308598351
height: 0.026529738981600343
Area: 0.00022604559316934065
CentroidX: 0.5607
CentroidY: 0.2947
