Location: 2025-04-18_221722-1.png_Otsu.png
Component: component_1745014102027_59.png
centerX: 0.45995288574793874
centerY: 0.11424903722721438
width: 0.028857479387514724
height: 0.02866923406076166
Area: 0.0003386903870898482
CentroidX: 0.4736
CentroidY: 0.1271
