Location: 2025-04-18_221722-1.png_Mean-Closing.png
Component: component_1745014101782_434.png
centerX: 0.2067137809187279
centerY: 0.6456996148908858
width: 0.027090694935217905
height: 0.02738553701326487
Area: 0.0003318863391349182
CentroidX: 0.2190
CentroidY: 0.6586
