Location: 2025-04-18_221722-1.png_Gaussian-Median.png
Component: component_1745014102530_221.png
centerX: 0.8091872791519434
centerY: 0.28412494651262304
width: 0.02767962308598351
height: 0.029525032092426188
Area: 0.00021445351146834882
CentroidX: 0.8224
CentroidY: 0.2974
