Location: 2025-04-18_221722-1.png_Otsu.png
Component: component_1745014102240_554.png
centerX: 0.5830388692579506
centerY: 0.7894736842105263
width: 0.026501766784452298
height: 0.03337612323491656
Area: 0.00035759052029798706
CentroidX: 0.5953
CentroidY: 0.8046
