Location: 2025-04-18_221722-1.png_Mean-Closing.png
Component: component_1745014101713_147.png
centerX: 0.5217903415783275
centerY: 0.2100984167736414
width: 0.022968197879858657
height: 0.026529738981600343
Area: 0.00023410965000481324
CentroidX: 0.5323
CentroidY: 0.2227
