Location: 2025-04-18_221722-1.png_Gaussian-Median.png
Component: component_1745014102494_76.png
centerX: 0.31861012956419316
centerY: 0.11125374411638853
width: 0.030035335689045935
height: 0.030380830124090714
Area: 0.0003525504847758167
CentroidX: 0.3324
CentroidY: 0.1253
