Location: 2025-04-18_221722-1.png_Otsu.png
Component: component_1745014102249_573.png
centerX: 0.36984687868080096
centerY: 0.8215661103979461
width: 0.026501766784452298
height: 0.03080872913992298
Area: 0.00036464657002902555
CentroidX: 0.3821
CentroidY: 0.8366
