Location: 2025-04-18_221722-1.png_Mean-Closing.png
Component: component_1745014101801_495.png
centerX: 0.6648998822143698
centerY: 0.7210098416773641
width: 0.030624263839811542
height: 0.029525032092426188
Area: 0.00038556271744603253
CentroidX: 0.6794
CentroidY: 0.7353
