Location: 2025-04-18_221722-1.png_Gaussian-Median.png
Component: component_1745014102504_129.png
centerX: 0.08186101295641932
centerY: 0.17586649550706032
width: 0.024734982332155476
height: 0.026529738981600343
Area: 0.0002880380300920361
CentroidX: 0.0928
CentroidY: 0.1880
