Location: 2025-04-18_221722-1.png_Otsu.png
Component: component_1745014102153_399.png
centerX: 0.8633686690223793
centerY: 0.5507060333761232
width: 0.03356890459363958
height: 0.03465982028241335
Area: 0.0004354590691155191
CentroidX: 0.8789
CentroidY: 0.5663
