Location: 2025-04-18_221722-1.png_Otsu.png
Component: component_1745014102148_380.png
centerX: 0.13839811542991756
centerY: 0.5447154471544715
width: 0.028857479387514724
height: 0.02995293110825845
Area: 0.0003485184563580804
CentroidX: 0.1515
CentroidY: 0.5589
