Location: 2025-04-18_221722-1.png_Otsu.png
Component: component_1745014102152_393.png
centerX: 0.7897526501766784
centerY: 0.5498502353444588
width: 0.030035335689045935
height: 0.032520325203252036
Area: 0.00041907895366846546
CentroidX: 0.8029
CentroidY: 0.5651
