Location: 2025-04-18_221722-1.png_Gaussian-Median.png
Component: component_1745014102576_424.png
centerX: 0.4793875147232038
centerY: 0.582798459563543
width: 0.02767962308598351
height: 0.030380830124090714
Area: 0.00038858673875933475
CentroidX: 0.4929
CentroidY: 0.5981
