Location: 2025-04-18_221722-1.png_Gaussian-Median.png
Component: component_1745014102548_299.png
centerX: 0.5335689045936396
centerY: 0.4150620453572957
width: 0.026501766784452298
height: 0.030380830124090714
Area: 0.00034347842083591005
CentroidX: 0.5459
CentroidY: 0.4291
