Location: easy16_Gaussian-Median.png
Component: component_1744297381916_1218.png
centerX: 0.34838709677419355
centerY: 0.8462643678160919
width: 0.020967741935483872
height: 0.021551724137931036
Area: 0.00010544123099740452
CentroidX: 0.3581
CentroidY: 0.8561
