Location: 2025-04-18_221722-1.png_Gaussian-Closing.png
Component: component_1745014102449_596.png
centerX: 0.06595995288574794
centerY: 0.8891741548994437
width: 0.027090694935217905
height: 0.030380830124090714
Area: 0.000293834070942532
CentroidX: 0.0783
CentroidY: 0.9045
