Location: 2025-04-18_221722-1.png_Otsu.png
Component: component_1745014102027_60.png
centerX: 0.5005889281507656
centerY: 0.11424903722721438
width: 0.02944640753828033
height: 0.029525032092426188
Area: 0.0003207982609861434
CentroidX: 0.5133
CentroidY: 0.1278
