Location: 2025-04-18_221722-1.png_Otsu.png
Component: component_1745014102234_541.png
centerX: 0.10541813898704358
centerY: 0.7800599058622165
width: 0.025323910482921083
height: 0.03551561831407788
Area: 0.0003467544439253208
CentroidX: 0.1175
CentroidY: 0.7962
