Location: 2025-04-18_221722-1.png_Gaussian-Median.png
Component: component_1745014102527_210.png
centerX: 0.5848056537102474
centerY: 0.28027385537013266
width: 0.032391048292108364
height: 0.02781343602909713
Area: 0.000293834070942532
CentroidX: 0.5998
CentroidY: 0.2949
