Location: 2025-04-18_221722-1.png_Mean-Closing.png
Component: component_1745014101757_336.png
centerX: 0.7196702002355713
centerY: 0.48823277706461277
width: 0.028268551236749116
height: 0.02781343602909713
Area: 0.00036011053805907225
CentroidX: 0.7328
CentroidY: 0.5017
