Location: 2025-04-18_221722-1.png_Gaussian-Median.png
Component: component_1745014102535_244.png
centerX: 0.8074204946996466
centerY: 0.3170731707317073
width: 0.01884570082449941
height: 0.030380830124090714
Area: 0.00021722553100554252
CentroidX: 0.8163
CentroidY: 0.3313
