Location: 2025-04-18_221722-1.png_Gaussian-Median.png
Component: component_1745014102516_162.png
centerX: 0.22614840989399293
centerY: 0.20967051775780915
width: 0.024734982332155476
height: 0.026529738981600343
Area: 0.00025502579742182023
CentroidX: 0.2368
CentroidY: 0.2217
