Location: 2025-04-18_221722-1.png_Otsu.png
Component: component_1745014102259_602.png
centerX: 0.5424028268551236
centerY: 0.8583654257595208
width: 0.026501766784452298
height: 0.0329482242190843
Area: 0.00031424621480732195
CentroidX: 0.5544
CentroidY: 0.8735
