Location: 2025-04-18_221722-1.png_Gaussian-Median.png
Component: component_1745014102535_245.png
centerX: 0.8415783274440518
centerY: 0.3170731707317073
width: 0.02061248527679623
height: 0.03123662815575524
Area: 0.00022302157185603844
CentroidX: 0.8517
CentroidY: 0.3314
