Location: 2025-04-18_221722-1.png_Mean-Closing.png
Component: component_1745014101774_408.png
centerX: 0.8627797408716137
centerY: 0.5892169448010269
width: 0.03356890459363958
height: 0.028241335044929396
Area: 0.00042033896254900803
CentroidX: 0.8780
CentroidY: 0.6024
