Location: 2025-04-18_221722-1.png_Gaussian-Median.png
Component: component_1745014102632_676.png
centerX: 0.7373380447585395
centerY: 0.9293966623876765
width: 0.034746760895170786
height: 0.031664527171587506
Area: 0.0003467544439253208
CentroidX: 0.7529
CentroidY: 0.9447
