Location: 2025-04-18_221722-1.png_Otsu.png
Component: component_1745014102248_571.png
centerX: 0.3080094228504123
centerY: 0.8194266153187848
width: 0.025323910482921083
height: 0.031664527171587506
Area: 0.0003606145416112893
CentroidX: 0.3201
CentroidY: 0.8343
