Location: 2025-04-18_221722-1.png_Mean-Closing.png
Component: component_1745014101772_396.png
centerX: 0.40694935217903416
centerY: 0.5819426615318785
width: 0.028857479387514724
height: 0.031664527171587506
Area: 0.0004150469252507292
CentroidX: 0.4203
CentroidY: 0.5969
