Location: easy43_Mean-Closing.png
Component: component_1744297380610_471.png
centerX: 0.20858524788391777
centerY: 0.3471569046601112
width: 0.013301088270858524
height: 0.01410859341598974
Area: 6.720593397378865e-05
CentroidX: 0.2149
CentroidY: 0.3540
