Location: 2025-04-18_221722-1.png_Mean-Closing.png
Component: component_1745014101715_153.png
centerX: 0.8133097762073027
centerY: 0.21480530594779632
width: 0.024734982332155476
height: 0.026529738981600343
Area: 0.00024494572637747953
CentroidX: 0.8247
CentroidY: 0.2273
