Location: 2025-04-18_221722-1.png_Gaussian-Closing.png
Component: component_1745014102388_307.png
centerX: 0.4193168433451119
centerY: 0.4492939666238768
width: 0.02944640753828033
height: 0.02995293110825845
Area: 0.0003744746392972578
CentroidX: 0.4328
CentroidY: 0.4633
