Location: 2025-04-18_221722-1.png_Mean-Closing.png
Component: component_1745014101721_171.png
centerX: 0.5159010600706714
centerY: 0.24646983311938384
width: 0.030035335689045935
height: 0.025673940949935817
Area: 0.0002620818471528587
CentroidX: 0.5294
CentroidY: 0.2581
