Location: 2025-04-18_221722-1.png_Otsu.png
Component: component_1745014102254_582.png
centerX: 0.5441696113074205
centerY: 0.826272999572101
width: 0.02591283863368669
height: 0.030380830124090714
Area: 0.0003270983053888564
CentroidX: 0.5565
CentroidY: 0.8406
