Location: 2025-04-18_221722-1.png_Mean-Closing.png
Component: component_1745014101703_99.png
centerX: 0.5347467608951708
centerY: 0.14634146341463414
width: 0.025323910482921083
height: 0.02610183996576808
Area: 0.00030089012067357053
CentroidX: 0.5461
CentroidY: 0.1586
