Location: 2025-04-18_221722-1.png_Mean-Closing.png
Component: component_1745014101799_488.png
centerX: 0.4028268551236749
centerY: 0.7150192554557124
width: 0.028268551236749116
height: 0.02995293110825845
Area: 0.0003540624954324678
CentroidX: 0.4169
CentroidY: 0.7299
