Location: 2025-04-18_221722-1.png_Otsu.png
Component: component_1745014102274_637.png
centerX: 0.1772673733804476
centerY: 0.9246897732135216
width: 0.03180212014134275
height: 0.032520325203252036
Area: 0.0003313823355827012
CentroidX: 0.1919
CentroidY: 0.9403
