Location: 2025-04-18_221722-1.png_Gaussian-Median.png
Component: component_1745014102567_387.png
centerX: 0.13839811542991756
centerY: 0.5447154471544715
width: 0.028857479387514724
height: 0.030380830124090714
Area: 0.0003578425220740956
CentroidX: 0.1515
CentroidY: 0.5589
