Location: 2025-04-18_221722-1.png_Gaussian-Closing.png
Component: component_1745014102334_46.png
centerX: 0.3215547703180212
centerY: 0.07787762088147197
width: 0.028857479387514724
height: 0.02866923406076166
Area: 0.00034045439952260783
CentroidX: 0.3350
CentroidY: 0.0909
