Location: 2025-04-18_221722-1.png_Gaussian-Closing.png
Component: component_1745014102421_450.png
centerX: 0.5500588928150766
centerY: 0.6508344030808729
width: 0.025323910482921083
height: 0.029097133076593923
Area: 0.0003638905647007
CentroidX: 0.5628
CentroidY: 0.6657
