Location: 2025-04-18_221722-1.png_Gaussian-Median.png
Component: component_1745014102572_403.png
centerX: 0.6001177856301532
centerY: 0.5507060333761232
width: 0.02767962308598351
height: 0.030380830124090714
Area: 0.00039463478138593923
CentroidX: 0.6126
CentroidY: 0.5649
