Location: 2025-04-18_221722-1.png_Gaussian-Median.png
Component: component_1745014102553_322.png
centerX: 0.4911660777385159
centerY: 0.4488660676080445
width: 0.028857479387514724
height: 0.02995293110825845
Area: 0.00039211476362485404
CentroidX: 0.5045
CentroidY: 0.4632
