Location: 2025-04-18_221722-1.png_Gaussian-Closing.png
Component: component_1745014102430_500.png
centerX: 0.8197879858657244
centerY: 0.7261446298673513
width: 0.03356890459363958
height: 0.026957637997432605
Area: 0.0003724586250883896
CentroidX: 0.8355
CentroidY: 0.7391
