Location: 2025-04-18_221722-1.png_Otsu.png
Component: component_1745014102059_122.png
centerX: 0.1525323910482921
centerY: 0.2079589216944801
width: 0.02591283863368669
height: 0.02781343602909713
Area: 0.00024418972104915394
CentroidX: 0.1649
CentroidY: 0.2211
