Location: 2025-04-18_221722-1.png_Otsu.png
Component: component_1745014102175_444.png
centerX: 0.633097762073027
centerY: 0.6187419768934531
width: 0.030035335689045935
height: 0.02866923406076166
Area: 0.0003797666765955366
CentroidX: 0.6469
CentroidY: 0.6324
