Location: 2025-04-18_221722-1.png_Mean-Closing.png
Component: component_1745014101757_334.png
centerX: 0.6808009422850412
centerY: 0.4865211810012837
width: 0.02944640753828033
height: 0.02866923406076166
Area: 0.0003825386961327303
CentroidX: 0.6942
CentroidY: 0.5004
