Location: easy21_Mean-Medain.png
Component: component_1744297380936_824.png
centerX: 0.8370967741935483
centerY: 0.6317049808429118
width: 0.02258064516129032
height: 0.019636015325670497
Area: 0.00010775862068965517
CentroidX: 0.8480
CentroidY: 0.6408
