Location: 2025-04-18_221722-1.png_Mean-Closing.png
Component: component_1745014101799_487.png
centerX: 0.3710247349823322
centerY: 0.714163457424048
width: 0.028857479387514724
height: 0.032520325203252036
Area: 0.0003931227707292881
CentroidX: 0.3848
CentroidY: 0.7301
