Location: 2025-04-18_221722-1.png_Otsu.png
Component: component_1745014102119_320.png
centerX: 0.30859835100117783
centerY: 0.4492939666238768
width: 0.030035335689045935
height: 0.03080872913992298
Area: 0.0003767426552822344
CentroidX: 0.3222
CentroidY: 0.4638
