Location: 2025-04-18_221722-1.png_Otsu.png
Component: component_1745014102153_400.png
centerX: 0.6001177856301532
centerY: 0.5511339323919555
width: 0.02767962308598351
height: 0.029525032092426188
Area: 0.0003777506623866685
CentroidX: 0.6126
CentroidY: 0.5650
