Location: 2025-04-18_221722-1.png_Gaussian-Median.png
Component: component_1745014102559_350.png
centerX: 0.48998822143698467
centerY: 0.4839537869062901
width: 0.030624263839811542
height: 0.026957637997432605
Area: 0.00035733851852187855
CentroidX: 0.5035
CentroidY: 0.4964
