Location: 2025-04-18_221722-1.png_Otsu.png
Component: component_1745014102102_265.png
centerX: 0.5724381625441696
centerY: 0.3795464270432178
width: 0.027090694935217905
height: 0.032520325203252036
Area: 0.00041076289505688436
CentroidX: 0.5853
CentroidY: 0.3954
