Location: 2025-04-18_221722-1.png_Gaussian-Median.png
Component: component_1745014102586_477.png
centerX: 0.6690223792697291
centerY: 0.6495507060333762
width: 0.02944640753828033
height: 0.030380830124090714
Area: 0.00039261876717707107
CentroidX: 0.6826
CentroidY: 0.6647
