Location: 2025-04-18_221722-1.png_Otsu.png
Component: component_1745014102227_529.png
centerX: 0.43521790341578326
centerY: 0.750106974753958
width: 0.028268551236749116
height: 0.03380402225074882
Area: 0.0003386903870898482
CentroidX: 0.4487
CentroidY: 0.7670
