Location: 2025-04-18_221722-1.png_Gaussian-Closing.png
Component: component_1745014102411_417.png
centerX: 0.27267373380447585
centerY: 0.613607188703466
width: 0.028268551236749116
height: 0.029097133076593923
Area: 0.0003802706801477537
CentroidX: 0.2855
CentroidY: 0.6273
