Location: 2025-04-18_221722-1.png_Gaussian-Closing.png
Component: component_1745014102425_475.png
centerX: 0.8221436984687868
centerY: 0.6863500213949508
width: 0.030624263839811542
height: 0.03465982028241335
Area: 0.000433443054906651
CentroidX: 0.8366
CentroidY: 0.7034
