Location: 2025-04-18_221722-1.png_Otsu.png
Component: component_1745014102070_156.png
centerX: 0.555359246171967
centerY: 0.24646983311938384
width: 0.025323910482921083
height: 0.026957637997432605
Area: 0.00023410965000481324
CentroidX: 0.5672
CentroidY: 0.2590
