Location: 2025-04-18_221722-1.png_Gaussian-Closing.png
Component: component_1745014102358_164.png
centerX: 0.3710247349823322
centerY: 0.2421908429610612
width: 0.028857479387514724
height: 0.02995293110825845
Area: 0.0002703979057644398
CentroidX: 0.3846
CentroidY: 0.2556
