Location: 2025-04-18_221722-1.png_Mean-Closing.png
Component: component_1745014101873_595.png
centerX: 0.06595995288574794
centerY: 0.8891741548994437
width: 0.027090694935217905
height: 0.03080872913992298
Area: 0.00030089012067357053
CentroidX: 0.0784
CentroidY: 0.9046
