Location: 2025-04-18_221722-1.png_Otsu.png
Component: component_1745014102245_567.png
centerX: 0.21083627797408716
centerY: 0.8181429182712879
width: 0.026501766784452298
height: 0.02995293110825845
Area: 0.0003510384741191656
CentroidX: 0.2236
CentroidY: 0.8329
