Location: 2025-04-18_221722-1.png_Gaussian-Median.png
Component: component_1745014102629_663.png
centerX: 0.31095406360424027
centerY: 0.9264013692768507
width: 0.030035335689045935
height: 0.03123662815575524
Area: 0.00033793438176152264
CentroidX: 0.3242
CentroidY: 0.9423
