Location: 2025-04-18_221722-1.png_Mean-Closing.png
Component: component_1745014101786_453.png
centerX: 0.823321554770318
centerY: 0.6521181001283697
width: 0.027090694935217905
height: 0.03080872913992298
Area: 0.00038354670323716443
CentroidX: 0.8364
CentroidY: 0.6673
