Location: 2025-04-18_221722-1.png_Otsu.png
Component: component_1745014102151_389.png
centerX: 0.3404004711425206
centerY: 0.5477107402652974
width: 0.027090694935217905
height: 0.032520325203252036
Area: 0.0003210502627622519
CentroidX: 0.3525
CentroidY: 0.5625
