Location: 2025-04-18_221722-1.png_Otsu.png
Component: component_1745014102043_104.png
centerX: 0.34393404004711425
centerY: 0.17843388960205392
width: 0.028268551236749116
height: 0.02610183996576808
Area: 0.0002431817139447199
CentroidX: 0.3574
CentroidY: 0.1914
