Location: 2025-04-18_221722-1.png_Otsu.png
Component: component_1745014102191_497.png
centerX: 0.0636042402826855
centerY: 0.7098844672657253
width: 0.030035335689045935
height: 0.031664527171587506
Area: 0.00034373042261201856
CentroidX: 0.0780
CentroidY: 0.7262
