Location: 2025-04-18_221722-1.png_Gaussian-Median.png
Component: component_1745014102622_634.png
centerX: 0.17608951707891637
centerY: 0.8853230637569534
width: 0.028857479387514724
height: 0.036371416345742404
Area: 0.0003689306002228704
CentroidX: 0.1899
CentroidY: 0.9022
