Location: 2025-04-18_221722-1.png_Gaussian-Median.png
Component: component_1745014102633_683.png
centerX: 0.1790341578327444
centerY: 0.9589216944801027
width: 0.02767962308598351
height: 0.029525032092426188
Area: 0.0002787139643760209
CentroidX: 0.1917
CentroidY: 0.9735
