Location: 2025-04-18_221722-1.png_Mean-Closing.png
Component: component_1745014101752_312.png
centerX: 0.7190812720848057
centerY: 0.4514334617030381
width: 0.032391048292108364
height: 0.032520325203252036
Area: 0.00042663900695172097
CentroidX: 0.7339
CentroidY: 0.4667
