Location: 2025-04-18_221722-1.png_Gaussian-Closing.png
Component: component_1745014102372_232.png
centerX: 0.5070671378091873
centerY: 0.3453145057766367
width: 0.02591283863368669
height: 0.03123662815575524
Area: 0.00039135875829652845
CentroidX: 0.5190
CentroidY: 0.3602
