Location: 2025-04-18_221722-1.png_Otsu.png
Component: component_1745014102119_321.png
centerX: 0.3480565371024735
centerY: 0.4492939666238768
width: 0.02591283863368669
height: 0.029097133076593923
Area: 0.0003666625842378937
CentroidX: 0.3595
CentroidY: 0.4626
