Location: 2025-04-18_221722-1.png_Gaussian-Median.png
Component: component_1745014102587_490.png
centerX: 0.23851590106007067
centerY: 0.676936243046641
width: 0.028268551236749116
height: 0.029525032092426188
Area: 0.00037145061798395557
CentroidX: 0.2519
CentroidY: 0.6918
