Location: 2025-04-18_221722-1.png_Mean-Closing.png
Component: component_1745014101784_444.png
centerX: 0.43934040047114253
centerY: 0.6491228070175439
width: 0.027090694935217905
height: 0.02866923406076166
Area: 0.0003694346037750874
CentroidX: 0.4521
CentroidY: 0.6631
