Location: 2025-04-18_221722-1.png_Mean-Closing.png
Component: component_1745014101848_573.png
centerX: 0.06537102473498234
centerY: 0.8523748395378691
width: 0.026501766784452298
height: 0.031664527171587506
Area: 0.0002880380300920361
CentroidX: 0.0784
CentroidY: 0.8672
