Location: 2025-04-18_221722-1.png_Gaussian-Closing.png
Component: component_1745014102456_632.png
centerX: 0.7379269729093051
centerY: 0.9298245614035088
width: 0.03415783274440518
height: 0.03080872913992298
Area: 0.00034373042261201856
CentroidX: 0.7530
CentroidY: 0.9447
