Location: 2025-04-18_221722-1.png_Mean-Closing.png
Component: component_1745014101796_470.png
centerX: 0.6248527679623086
centerY: 0.6842105263157895
width: 0.03356890459363958
height: 0.03380402225074882
Area: 0.0004420111152943406
CentroidX: 0.6406
CentroidY: 0.7006
