Location: 2025-04-18_221722-1.png_Gaussian-Median.png
Component: component_1745014102525_198.png
centerX: 0.8127208480565371
centerY: 0.24989302524604193
width: 0.024734982332155476
height: 0.026957637997432605
Area: 0.0002459537334819136
CentroidX: 0.8243
CentroidY: 0.2622
