Location: 2025-04-18_221722-1.png_Mean-Closing.png
Component: component_1745014101699_81.png
centerX: 0.7555948174322733
centerY: 0.11424903722721438
width: 0.026501766784452298
height: 0.026957637997432605
Area: 0.00030139412422578756
CentroidX: 0.7683
CentroidY: 0.1267
