Location: 2025-04-18_221722-1.png_Mean-Closing.png
Component: component_1745014101736_244.png
centerX: 0.21024734982332155
centerY: 0.34830979888746255
width: 0.024734982332155476
height: 0.03123662815575524
Area: 0.00020689345818509329
CentroidX: 0.2211
CentroidY: 0.3628
