Location: 2025-04-18_221722-1.png_Otsu.png
Component: component_1745014102006_12.png
centerX: 0.4664310954063604
centerY: 0.0410783055198973
width: 0.034746760895170786
height: 0.03080872913992298
Area: 0.00033213834091102673
CentroidX: 0.4813
CentroidY: 0.0545
