Location: 2025-04-18_221722-1.png_Gaussian-Median.png
Component: component_1745014102549_301.png
centerX: 0.6036513545347467
centerY: 0.4154899443731279
width: 0.030035335689045935
height: 0.02781343602909713
Area: 0.0003538104936563593
CentroidX: 0.6177
CentroidY: 0.4289
