Location: 2025-04-18_221722-1.png_Gaussian-Median.png
Component: component_1745014102542_272.png
centerX: 0.14016489988221437
centerY: 0.38125802310654683
width: 0.02767962308598351
height: 0.028241335044929396
Area: 0.00036993860732730444
CentroidX: 0.1531
CentroidY: 0.3946
