Location: 2025-04-18_221722-1.png_Gaussian-Median.png
Component: component_1745014102532_231.png
centerX: 0.4016489988221437
centerY: 0.3127941805733847
width: 0.022968197879858657
height: 0.028241335044929396
Area: 0.00025527779919792874
CentroidX: 0.4123
CentroidY: 0.3260
