Location: 2025-04-18_221722-1.png_Gaussian-Median.png
Component: component_1745014102603_547.png
centerX: 0.336866902237927
centerY: 0.7479674796747967
width: 0.02944640753828033
height: 0.03508771929824561
Area: 0.00042462299274285286
CentroidX: 0.3506
CentroidY: 0.7650
