Location: 2025-04-18_221722-1.png_Gaussian-Closing.png
Component: component_1745014102374_240.png
centerX: 0.3580683156654888
centerY: 0.3465982028241335
width: 0.024734982332155476
height: 0.029525032092426188
Area: 0.00035708651674577004
CentroidX: 0.3701
CentroidY: 0.3605
