Location: 2025-04-18_221722-1.png_Otsu.png
Component: component_1745014102040_91.png
centerX: 0.6501766784452296
centerY: 0.14890885750962773
width: 0.028268551236749116
height: 0.024818142918271287
Area: 0.0002338576482287047
CentroidX: 0.6629
CentroidY: 0.1604
