Location: 2025-04-18_221722-1.png_Gaussian-Median.png
Component: component_1745014102604_548.png
centerX: 0.37043580683156657
centerY: 0.7492511767222936
width: 0.030035335689045935
height: 0.03508771929824561
Area: 0.00042361498563841876
CentroidX: 0.3842
CentroidY: 0.7664
