Location: 2025-04-18_221722-1.png_Otsu.png
Component: component_1745014102079_200.png
centerX: 0.251472320376914
centerY: 0.3127941805733847
width: 0.02767962308598351
height: 0.029097133076593923
Area: 0.0003102141863895857
CentroidX: 0.2638
CentroidY: 0.3264
