Location: 2025-04-18_221722-1.png_Gaussian-Median.png
Component: component_1745014102523_190.png
centerX: 0.555359246171967
centerY: 0.24646983311938384
width: 0.02591283863368669
height: 0.026957637997432605
Area: 0.0002683818915555717
CentroidX: 0.5674
CentroidY: 0.2591
