Location: 2025-04-18_221722-1.png_Otsu.png
Component: component_1745014102031_67.png
centerX: 0.7879858657243817
centerY: 0.11510483525887891
width: 0.028857479387514724
height: 0.028241335044929396
Area: 0.00027770595727158687
CentroidX: 0.8011
CentroidY: 0.1282
