Location: 2025-04-18_221722-1.png_Otsu.png
Component: component_1745014102166_434.png
centerX: 0.3409893992932862
centerY: 0.6144629867351306
width: 0.02591283863368669
height: 0.028241335044929396
Area: 0.0003691826019989789
CentroidX: 0.3528
CentroidY: 0.6282
