Location: 2025-04-18_221722-1.png_Gaussian-Median.png
Component: component_1745014102506_137.png
centerX: 0.48998822143698467
centerY: 0.17843388960205392
width: 0.026501766784452298
height: 0.02995293110825845
Area: 0.0003107181899418027
CentroidX: 0.5016
CentroidY: 0.1921
