Location: 2025-04-18_221722-1.png_Mean-Closing.png
Component: component_1745014101804_512.png
centerX: 0.43521790341578326
centerY: 0.750106974753958
width: 0.028268551236749116
height: 0.03380402225074882
Area: 0.00035330649010414223
CentroidX: 0.4487
CentroidY: 0.7670
