Location: 2025-04-18_221722-1.png_Gaussian-Median.png
Component: component_1745014102544_282.png
centerX: 0.6884570082449941
centerY: 0.38296961916987593
width: 0.028857479387514724
height: 0.03209242618741977
Area: 0.00042890702293669764
CentroidX: 0.7017
CentroidY: 0.3982
