Location: easy21_Mean-Medain.png
Component: component_1744297380828_318.png
centerX: 0.592741935483871
centerY: 0.31273946360153254
width: 0.021774193548387097
height: 0.022509578544061302
Area: 0.00012398034853540972
CentroidX: 0.6035
CentroidY: 0.3234
