Location: 2025-04-18_221722-1.png_Gaussian-Median.png
Component: component_1745014102485_24.png
centerX: 0.7932862190812721
centerY: 0.04535729567821994
width: 0.028857479387514724
height: 0.03209242618741977
Area: 0.0003734666321928237
CentroidX: 0.8057
CentroidY: 0.0606
