Location: easy26_Mean-Closing.png
Component: component_1744297382149_886.png
centerX: 0.325
centerY: 0.703544061302682
width: 0.020967741935483872
height: 0.021551724137931036
Area: 9.810283030527747e-05
CentroidX: 0.3349
CentroidY: 0.7134
