Location: 2025-04-18_221722-1.png_Gaussian-Median.png
Component: component_1745014102576_428.png
centerX: 0.7508833922261484
centerY: 0.5849379546427044
width: 0.02767962308598351
height: 0.029525032092426188
Area: 0.0003807746836999707
CentroidX: 0.7635
CentroidY: 0.5991
