Location: 2025-04-18_221722-1.png_Gaussian-Closing.png
Component: component_1745014102440_547.png
centerX: 0.24440518256772673
centerY: 0.8177150192554558
width: 0.02767962308598351
height: 0.02995293110825845
Area: 0.00035456649898468485
CentroidX: 0.2571
CentroidY: 0.8324
