Location: 2025-04-18_221722-1.png_Gaussian-Median.png
Component: component_1745014102525_201.png
centerX: 0.11189634864546526
centerY: 0.2764227642276423
width: 0.027090694935217905
height: 0.029525032092426188
Area: 0.0002686338933316802
CentroidX: 0.1244
CentroidY: 0.2901
