Location: 2025-04-18_221722-1.png_Gaussian-Median.png
Component: component_1745014102512_148.png
centerX: 0.6813898704358068
centerY: 0.18142918271287975
width: 0.03356890459363958
height: 0.026957637997432605
Area: 0.000328862317821616
CentroidX: 0.6958
CentroidY: 0.1936
