Location: 2025-04-18_221722-1.png_Gaussian-Closing.png
Component: component_1745014102443_566.png
centerX: 0.582449941107185
centerY: 0.8288403936670946
width: 0.024734982332155476
height: 0.029525032092426188
Area: 0.0003230662769711201
CentroidX: 0.5944
CentroidY: 0.8421
