Location: 2025-04-18_221722-1.png_Gaussian-Median.png
Component: component_1745014102549_302.png
centerX: 0.31036513545347466
centerY: 0.4163457424047925
width: 0.034746760895170786
height: 0.03080872913992298
Area: 0.00040773887374358214
CentroidX: 0.3262
CentroidY: 0.4306
