Location: 2025-04-18_221722-1.png_Gaussian-Closing.png
Component: component_1745014102348_106.png
centerX: 0.8168433451118964
centerY: 0.1480530594779632
width: 0.027090694935217905
height: 0.02781343602909713
Area: 0.0002895500407486872
CentroidX: 0.8289
CentroidY: 0.1606
