Location: 2025-04-18_221722-1.png_Mean-Closing.png
Component: component_1745014101908_607.png
centerX: 0.6584216725559482
centerY: 0.8951647411210955
width: 0.02767962308598351
height: 0.028241335044929396
Area: 0.0002963540887036172
CentroidX: 0.6708
CentroidY: 0.9088
