Location: 2025-04-18_221722-1.png_Otsu.png
Component: component_1745014102192_499.png
centerX: 0.24028268551236748
centerY: 0.7107402652973898
width: 0.02944640753828033
height: 0.03123662815575524
Area: 0.0003664105824617852
CentroidX: 0.2537
CentroidY: 0.7267
