Location: 2025-04-18_221722-1.png_Gaussian-Median.png
Component: component_1745014102533_237.png
centerX: 0.4381625441696113
centerY: 0.31322207958921694
width: 0.023557126030624265
height: 0.02866923406076166
Area: 0.0002698939022122228
CentroidX: 0.4488
CentroidY: 0.3266
