Location: 2025-04-18_221722-1.png_Gaussian-Median.png
Component: component_1745014102604_553.png
centerX: 0.508833922261484
centerY: 0.7505348737697903
width: 0.030624263839811542
height: 0.032520325203252036
Area: 0.0004044628506541714
CentroidX: 0.5221
CentroidY: 0.7671
