Location: 2025-04-18_221722-1.png_Otsu.png
Component: component_1745014102278_644.png
centerX: 0.5736160188457008
centerY: 0.9272571673085152
width: 0.030035335689045935
height: 0.03423192126658109
Area: 0.0002754379412866102
CentroidX: 0.5888
CentroidY: 0.9430
