Location: 2025-04-18_221722-1.png_Mean-Closing.png
Component: component_1745014101799_483.png
centerX: 0.3044758539458186
centerY: 0.7115960633290543
width: 0.030035335689045935
height: 0.031664527171587506
Area: 0.00038707472810268367
CentroidX: 0.3183
CentroidY: 0.7271
