Location: 2025-04-18_221722-1.png_Gaussian-Median.png
Component: component_1745014102520_180.png
centerX: 0.3710247349823322
centerY: 0.24176294394522893
width: 0.028857479387514724
height: 0.030380830124090714
Area: 0.00027216191819719946
CentroidX: 0.3846
CentroidY: 0.2556
