Location: 2025-04-18_221722-1.png_Gaussian-Median.png
Component: component_1745014102490_60.png
centerX: 0.790341578327444
centerY: 0.0821566110397946
width: 0.026501766784452298
height: 0.029525032092426188
Area: 0.0003585985274024211
CentroidX: 0.8028
CentroidY: 0.0965
