Location: 2025-04-18_221722-1.png_Mean-Closing.png
Component: component_1745014101712_142.png
centerX: 0.3392226148409894
centerY: 0.2092426187419769
width: 0.028268551236749116
height: 0.025673940949935817
Area: 0.000259309827615665
CentroidX: 0.3518
CentroidY: 0.2208
