Location: 2025-04-18_221722-1.png_Gaussian-Median.png
Component: component_1745014102514_155.png
centerX: 0.38103651354534745
centerY: 0.2079589216944801
width: 0.026501766784452298
height: 0.02866923406076166
Area: 0.0002572938134067969
CentroidX: 0.3927
CentroidY: 0.2206
