Location: 2025-04-18_221722-1.png_Gaussian-Closing.png
Component: component_1745014102359_170.png
centerX: 0.4823321554770318
centerY: 0.24604193410355157
width: 0.026501766784452298
height: 0.02610183996576808
Area: 0.00023763767487033248
CentroidX: 0.4937
CentroidY: 0.2577
