Location: 2025-04-18_221722-1.png_Otsu.png
Component: component_1745014102143_361.png
centerX: 0.23910482921083628
centerY: 0.5147625160462131
width: 0.026501766784452298
height: 0.02866923406076166
Area: 0.00039513878493815626
CentroidX: 0.2517
CentroidY: 0.5281
