Location: 2025-04-18_221722-1.png_Mean-Closing.png
Component: component_1745014101688_27.png
centerX: 0.35571260306242636
centerY: 0.04022250748823278
width: 0.030624263839811542
height: 0.03337612323491656
Area: 0.0003900987494159859
CentroidX: 0.3691
CentroidY: 0.0550
