Location: 2025-04-18_221722-1.png_Otsu.png
Component: component_1745014102033_80.png
centerX: 0.45995288574793874
centerY: 0.14548566538296961
width: 0.025323910482921083
height: 0.024818142918271287
Area: 0.000272413919973308
CentroidX: 0.4719
CentroidY: 0.1575
