Location: 2025-04-18_221722-1.png_Otsu.png
Component: component_1745014102045_111.png
centerX: 0.6448763250883393
centerY: 0.1810012836970475
width: 0.02944640753828033
height: 0.029097133076593923
Area: 0.0003119781988223453
CentroidX: 0.6579
CentroidY: 0.1945
