Location: 2025-04-18_221722-1.png_Otsu.png
Component: component_1745014102188_491.png
centerX: 0.7067137809187279
centerY: 0.6854942233632862
width: 0.02944640753828033
height: 0.0329482242190843
Area: 0.00038631872277435813
CentroidX: 0.7210
CentroidY: 0.7017
