Location: 2025-04-18_221722-1.png_Otsu.png
Component: component_1745014102000_6.png
centerX: 0.392226148409894
centerY: 0.038510911424903725
width: 0.030035335689045935
height: 0.03465982028241335
Area: 0.00037548264640169184
CentroidX: 0.4061
CentroidY: 0.0535
