Location: 2025-04-18_221722-1.png_Gaussian-Closing.png
Component: component_1745014102337_61.png
centerX: 0.7544169611307421
centerY: 0.08386820710312366
width: 0.028857479387514724
height: 0.026529738981600343
Area: 0.0003104661881656942
CentroidX: 0.7687
CentroidY: 0.0967
