Location: 2025-04-18_221722-1.png_Otsu.png
Component: component_1745014102018_27.png
centerX: 0.1696113074204947
centerY: 0.07659392383397519
width: 0.02944640753828033
height: 0.02781343602909713
Area: 0.0003399503959703908
CentroidX: 0.1833
CentroidY: 0.0893
