Location: 2025-04-18_221722-1.png_Otsu.png
Component: component_1745014102082_210.png
centerX: 0.582449941107185
centerY: 0.31322207958921694
width: 0.025323910482921083
height: 0.028241335044929396
Area: 0.00020941347594617847
CentroidX: 0.5937
CentroidY: 0.3262
