Location: 2025-04-18_221722-1.png_Gaussian-Median.png
Component: component_1745014102536_252.png
centerX: 0.1431095406360424
centerY: 0.345742404792469
width: 0.021790341578327443
height: 0.03123662815575524
Area: 0.0002698939022122228
CentroidX: 0.1538
CentroidY: 0.3606
