Location: 2025-04-18_221722-1.png_Gaussian-Median.png
Component: component_1745014102560_357.png
centerX: 0.7196702002355713
centerY: 0.48823277706461277
width: 0.028268551236749116
height: 0.02781343602909713
Area: 0.00036162254871572333
CentroidX: 0.7329
CentroidY: 0.5017
