Location: 2025-04-18_221722-1.png_Mean-Closing.png
Component: component_1745014101786_456.png
centerX: 0.20730270906949352
centerY: 0.6765083440308087
width: 0.022968197879858657
height: 0.03551561831407788
Area: 0.0004009348257886522
CentroidX: 0.2182
CentroidY: 0.6931
