Location: 2025-04-18_221722-1.png_Otsu.png
Component: component_1745014102066_138.png
centerX: 0.7479387514723204
centerY: 0.2160890029952931
width: 0.028268551236749116
height: 0.02610183996576808
Area: 0.00020386943687179107
CentroidX: 0.7602
CentroidY: 0.2280
