Location: 2025-04-18_221722-1.png_Otsu.png
Component: component_1745014102114_303.png
centerX: 0.6454652532391049
centerY: 0.417201540436457
width: 0.030624263839811542
height: 0.02781343602909713
Area: 0.00032760230894107343
CentroidX: 0.6594
CentroidY: 0.4302
