Location: 2025-04-18_221722-1.png_Mean-Closing.png
Component: component_1745014101734_237.png
centerX: 0.32037691401649
centerY: 0.3461703038083012
width: 0.026501766784452298
height: 0.032520325203252036
Area: 0.00038833473698322624
CentroidX: 0.3326
CentroidY: 0.3615
