Location: 2025-04-18_221722-1.png_Otsu.png
Component: component_1745014102231_533.png
centerX: 0.5800942285041225
centerY: 0.7543859649122807
width: 0.030624263839811542
height: 0.03209242618741977
Area: 0.0003580945238502041
CentroidX: 0.5947
CentroidY: 0.7701
