Location: 2025-04-18_221722-1.png_Mean-Closing.png
Component: component_1745014101740_264.png
centerX: 0.726148409893993
centerY: 0.38296961916987593
width: 0.03121319199057715
height: 0.030380830124090714
Area: 0.00043974309930936394
CentroidX: 0.7402
CentroidY: 0.3974
