Location: 2025-04-18_221722-1.png_Gaussian-Closing.png
Component: component_1745014102354_141.png
centerX: 0.2997644287396938
centerY: 0.20881471972614463
width: 0.025323910482921083
height: 0.026957637997432605
Area: 0.0002487257530191073
CentroidX: 0.3114
CentroidY: 0.2214
