Location: 2025-04-18_221722-1.png_Mean-Closing.png
Component: component_1745014101803_505.png
centerX: 0.20848056537102475
centerY: 0.7462558836114677
width: 0.030035335689045935
height: 0.03209242618741977
Area: 0.00042689100872782954
CentroidX: 0.2222
CentroidY: 0.7614
