Location: 2025-04-18_221722-1.png_Gaussian-Closing.png
Component: component_1745014102329_23.png
centerX: 0.2826855123674912
centerY: 0.03936670945656825
width: 0.03651354534746761
height: 0.03380402225074882
Area: 0.0004011868275647607
CentroidX: 0.2986
CentroidY: 0.0547
