Location: 2025-04-18_221722-1.png_Gaussian-Median.png
Component: component_1745014102636_699.png
centerX: 0.6171967020023557
centerY: 0.9640564826700898
width: 0.02944640753828033
height: 0.026957637997432605
Area: 0.00030441814553908977
CentroidX: 0.6307
CentroidY: 0.9772
