Location: 2025-04-18_221722-1.png_Gaussian-Median.png
Component: component_1745014102626_649.png
centerX: 0.702002355712603
centerY: 0.8943089430894309
width: 0.027090694935217905
height: 0.031664527171587506
Area: 0.00032483028940387973
CentroidX: 0.7150
CentroidY: 0.9098
