Location: 2025-04-18_221722-1.png_Gaussian-Closing.png
Component: component_1745014102393_327.png
centerX: 0.5270906949352179
centerY: 0.48267008985879334
width: 0.030035335689045935
height: 0.02866923406076166
Area: 0.0003717026197600641
CentroidX: 0.5402
CentroidY: 0.4964
