Location: 2025-04-18_221722-1.png_Gaussian-Closing.png
Component: component_1745014102408_407.png
centerX: 0.823321554770318
centerY: 0.5883611467693625
width: 0.027090694935217905
height: 0.026957637997432605
Area: 0.0003724586250883896
CentroidX: 0.8369
CentroidY: 0.6010
