Location: 2025-04-18_221722-1.png_Mean-Closing.png
Component: component_1745014101801_498.png
centerX: 0.7838633686690224
centerY: 0.7248609328198545
width: 0.02767962308598351
height: 0.029525032092426188
Area: 0.00036540257535735114
CentroidX: 0.7974
CentroidY: 0.7392
