Location: 2025-04-18_221722-1.png_Mean-Closing.png
Component: component_1745014101814_539.png
centerX: 0.6213191990577149
centerY: 0.7903294822421908
width: 0.030035335689045935
height: 0.032520325203252036
Area: 0.0004248749945189614
CentroidX: 0.6347
CentroidY: 0.8057
