Location: 2025-04-18_221722-1.png_Otsu.png
Component: component_1745014102061_125.png
centerX: 0.2997644287396938
centerY: 0.20881471972614463
width: 0.025323910482921083
height: 0.026529738981600343
Area: 0.0002222655665277129
CentroidX: 0.3113
CentroidY: 0.2213
