Location: 2025-04-18_221722-1.png_Gaussian-Median.png
Component: component_1745014102565_377.png
centerX: 0.6001177856301532
centerY: 0.517757809157039
width: 0.028857479387514724
height: 0.029097133076593923
Area: 0.00035759052029798706
CentroidX: 0.6131
CentroidY: 0.5316
