Location: 2025-04-18_221722-1.png_Gaussian-Median.png
Component: component_1745014102555_332.png
centerX: 0.7579505300353356
centerY: 0.45314505776636715
width: 0.02944640753828033
height: 0.030380830124090714
Area: 0.00039110675652041994
CentroidX: 0.7729
CentroidY: 0.4673
