Location: 2025-04-18_221722-1.png_Otsu.png
Component: component_1745014102187_485.png
centerX: 0.508833922261484
centerY: 0.6829268292682927
width: 0.02944640753828033
height: 0.02995293110825845
Area: 0.0003832947014610559
CentroidX: 0.5227
CentroidY: 0.6977
