Location: 2025-04-18_221722-1.png_Mean-Closing.png
Component: component_1745014101724_187.png
centerX: 0.28916372202591284
centerY: 0.2781343602909713
width: 0.02944640753828033
height: 0.02781343602909713
Area: 0.0002419217050641773
CentroidX: 0.3029
CentroidY: 0.2908
