Location: 2025-04-18_221722-1.png_Otsu.png
Component: component_1745014102072_165.png
centerX: 0.8804475853945819
centerY: 0.2503209242618742
width: 0.02767962308598351
height: 0.026529738981600343
Area: 0.00022780960560210027
CentroidX: 0.8940
CentroidY: 0.2627
