Location: 2025-04-18_221722-1.png_Otsu.png
Component: component_1745014102072_171.png
centerX: 0.07538280329799764
centerY: 0.27556696619597776
width: 0.032391048292108364
height: 0.03123662815575524
Area: 0.0002628378524811843
CentroidX: 0.0900
CentroidY: 0.2907
