Location: 2025-04-18_221722-1.png_Otsu.png
Component: component_1745014102038_88.png
centerX: 0.7520612485276796
centerY: 0.14719726144629866
width: 0.02767962308598351
height: 0.02866923406076166
Area: 0.00028728202476371054
CentroidX: 0.7638
CentroidY: 0.1604
