Location: 2025-04-18_221722-1.png_Mean-Closing.png
Component: component_1745014101815_540.png
centerX: 0.5047114252061249
centerY: 0.7911852802738554
width: 0.026501766784452298
height: 0.03209242618741977
Area: 0.0003906027529682029
CentroidX: 0.5169
CentroidY: 0.8057
