Location: 2025-04-18_221722-1.png_Otsu.png
Component: component_1745014102112_299.png
centerX: 0.3504122497055359
centerY: 0.41677364142062473
width: 0.030035335689045935
height: 0.028241335044929396
Area: 0.00036439456825291703
CentroidX: 0.3648
CentroidY: 0.4300
