Location: 2025-04-18_221722-1.png_Gaussian-Median.png
Component: component_1745014102554_327.png
centerX: 0.4552414605418139
centerY: 0.449721865639709
width: 0.02944640753828033
height: 0.02781343602909713
Area: 0.00037699465705834297
CentroidX: 0.4687
CentroidY: 0.4626
