Location: 2025-04-18_221722-1.png_Mean-Closing.png
Component: component_1745014101809_529.png
centerX: 0.3032979976442874
centerY: 0.7843388960205392
width: 0.02767962308598351
height: 0.03380402225074882
Area: 0.00040471485243027993
CentroidX: 0.3174
CentroidY: 0.8008
