Location: 2025-04-18_221722-1.png_Gaussian-Median.png
Component: component_1745014102502_115.png
centerX: 0.6831566548881036
centerY: 0.1467693624304664
width: 0.026501766784452298
height: 0.026529738981600343
Area: 0.0002600658329439906
CentroidX: 0.6960
CentroidY: 0.1593
