Location: 2025-04-18_221722-1.png_Gaussian-Closing.png
Component: component_1745014102364_193.png
centerX: 0.44110718492343937
centerY: 0.2807017543859649
width: 0.030035335689045935
height: 0.029097133076593923
Area: 0.0002714059128688739
CentroidX: 0.4544
CentroidY: 0.2939
