Location: 2025-04-18_221722-1.png_Otsu.png
Component: component_1745014102075_185.png
centerX: 0.5135453474676089
centerY: 0.2819854514334617
width: 0.022968197879858657
height: 0.026957637997432605
Area: 0.00018270128767867557
CentroidX: 0.5240
CentroidY: 0.2947
