Location: easy64_Gaussian-Closing.png
Component: component_1744297381279_511.png
centerX: 0.4455864570737606
centerY: 0.36639589568191533
width: 0.012696493349455865
height: 0.01453612654980761
Area: 6.513805908228747e-05
CentroidX: 0.4514
CentroidY: 0.3734
