Location: 2025-04-18_221722-1.png_Mean-Closing.png
Component: component_1745014101802_501.png
centerX: 0.17550058892815076
centerY: 0.7436884895164741
width: 0.030035335689045935
height: 0.03380402225074882
Area: 0.0004389870939810384
CentroidX: 0.1895
CentroidY: 0.7606
