Location: 2025-04-18_221722-1.png_Gaussian-Median.png
Component: component_1745014102598_522.png
centerX: 0.20730270906949352
centerY: 0.7133076593923834
width: 0.02591283863368669
height: 0.03123662815575524
Area: 0.0003578425220740956
CentroidX: 0.2192
CentroidY: 0.7283
