Location: 2025-04-18_221722-1.png_Mean-Closing.png
Component: component_1745014101872_593.png
centerX: 0.21201413427561838
centerY: 0.8870346598202824
width: 0.028268551236749116
height: 0.031664527171587506
Area: 0.00034171440840315045
CentroidX: 0.2251
CentroidY: 0.9024
