Location: 2025-04-18_221722-1.png_Mean-Closing.png
Component: component_1745014101772_397.png
centerX: 0.44346289752650175
centerY: 0.5832263585793752
width: 0.028268551236749116
height: 0.02866923406076166
Area: 0.0003767426552822344
CentroidX: 0.4562
CentroidY: 0.5968
