Location: 2025-04-18_221722-1.png_Otsu.png
Component: component_1745014102068_146.png
centerX: 0.22084805653710246
centerY: 0.2421908429610612
width: 0.028268551236749116
height: 0.026957637997432605
Area: 0.0002197455487666277
CentroidX: 0.2327
CentroidY: 0.2541
