Location: 2025-04-18_221722-1.png_Otsu.png
Component: component_1745014102021_37.png
centerX: 0.5459363957597173
centerY: 0.07958921694480103
width: 0.02767962308598351
height: 0.028241335044929396
Area: 0.00031449821658343047
CentroidX: 0.5588
CentroidY: 0.0926
