Location: 2025-04-18_221722-1.png_Mean-Closing.png
Component: component_1745014101719_162.png
centerX: 0.18669022379269729
centerY: 0.2421908429610612
width: 0.02120141342756184
height: 0.029097133076593923
Area: 0.0002464577370341306
CentroidX: 0.1965
CentroidY: 0.2553
