Location: 2025-04-18_221722-1.png_Gaussian-Median.png
Component: component_1745014102489_57.png
centerX: 0.5047114252061249
centerY: 0.07958921694480103
width: 0.03121319199057715
height: 0.02781343602909713
Area: 0.0003366743728809801
CentroidX: 0.5194
CentroidY: 0.0927
