Location: 2025-04-18_221722-1.png_Gaussian-Median.png
Component: component_1745014102543_278.png
centerX: 0.5353356890459364
centerY: 0.3816859221223791
width: 0.03180212014134275
height: 0.03123662815575524
Area: 0.0004256309998472869
CentroidX: 0.5492
CentroidY: 0.3970
