Location: 2025-04-18_221722-1.png_Mean-Closing.png
Component: component_1745014101713_149.png
centerX: 0.4840989399293286
centerY: 0.21138211382113822
width: 0.024734982332155476
height: 0.02866923406076166
Area: 0.00026334185603340133
CentroidX: 0.4952
CentroidY: 0.2238
