Location: 2025-04-18_221722-1.png_Mean-Closing.png
Component: component_1745014101749_299.png
centerX: 0.20730270906949352
centerY: 0.4488660676080445
width: 0.02767962308598351
height: 0.02995293110825845
Area: 0.00036162254871572333
CentroidX: 0.2196
CentroidY: 0.4629
