Location: 2025-04-18_221722-1.png_Mean-Closing.png
Component: component_1745014101690_36.png
centerX: 0.6908127208480566
centerY: 0.04664099272571673
width: 0.02767962308598351
height: 0.029525032092426188
Area: 0.00036993860732730444
CentroidX: 0.7032
CentroidY: 0.0597
