Location: 2025-04-18_221722-1.png_Gaussian-Closing.png
Component: component_1745014102388_305.png
centerX: 0.3480565371024735
centerY: 0.4492939666238768
width: 0.02591283863368669
height: 0.029097133076593923
Area: 0.0003807746836999707
CentroidX: 0.3594
CentroidY: 0.4625
