Location: 2025-04-18_221722-1.png_Otsu.png
Component: component_1745014102074_181.png
centerX: 0.32626619552414604
centerY: 0.2811296534017972
width: 0.03121319199057715
height: 0.02610183996576808
Area: 0.00020512944575233367
CentroidX: 0.3407
CentroidY: 0.2925
