Location: 2025-04-18_221722-1.png_Mean-Closing.png
Component: component_1745014101758_342.png
centerX: 0.07008244994110718
centerY: 0.5134788189987163
width: 0.032391048292108364
height: 0.030380830124090714
Area: 0.00043419906023497653
CentroidX: 0.0847
CentroidY: 0.5288
