Location: 2025-04-18_221722-1.png_Mean-Closing.png
Component: component_1745014101710_135.png
centerX: 0.8881036513545347
centerY: 0.1822849807445443
width: 0.03121319199057715
height: 0.02995293110825845
Area: 0.0003311303338065927
CentroidX: 0.9019
CentroidY: 0.1961
