Location: 2025-04-18_221722-1.png_Otsu.png
Component: component_1745014101998_5.png
centerX: 0.24381625441696114
centerY: 0.038510911424903725
width: 0.028268551236749116
height: 0.03508771929824561
Area: 0.00032785431071718195
CentroidX: 0.2573
CentroidY: 0.0545
