Location: 2025-04-18_221722-1.png_Gaussian-Median.png
Component: component_1745014102547_294.png
centerX: 0.10482921083627797
centerY: 0.41292255027813435
width: 0.032391048292108364
height: 0.06418485237483953
Area: 0.0007779294828469951
CentroidX: 0.1201
CentroidY: 0.4441
