Location: 2025-04-18_221722-1.png_Mean-Closing.png
Component: component_1745014101847_572.png
centerX: 0.2773851590106007
centerY: 0.85066324347454
width: 0.027090694935217905
height: 0.036371416345742404
Area: 0.0003273503071649649
CentroidX: 0.2888
CentroidY: 0.8659
