Location: 2025-04-18_221722-1.png_Gaussian-Closing.png
Component: component_1745014102418_435.png
centerX: 0.27385159010600707
centerY: 0.6452717158750535
width: 0.026501766784452298
height: 0.03123662815575524
Area: 0.0003936267742815051
CentroidX: 0.2867
CentroidY: 0.6602
