Location: 2025-04-18_221722-1.png_Otsu.png
Component: component_1745014102100_249.png
centerX: 0.21024734982332155
centerY: 0.34830979888746255
width: 0.022968197879858657
height: 0.03123662815575524
Area: 0.0001527130763217619
CentroidX: 0.2206
CentroidY: 0.3629
