Location: 2025-04-18_221722-1.png_Otsu.png
Component: component_1745014102276_640.png
centerX: 0.34334511189634864
centerY: 0.9264013692768507
width: 0.02767962308598351
height: 0.0329482242190843
Area: 0.00028602201588316797
CentroidX: 0.3561
CentroidY: 0.9424
