Location: 2025-04-18_221722-1.png_Gaussian-Median.png
Component: component_1745014102626_652.png
centerX: 0.7391048292108363
centerY: 0.8955926401369276
width: 0.030035335689045935
height: 0.029097133076593923
Area: 0.00030391414198687274
CentroidX: 0.7530
CentroidY: 0.9097
