Location: 2025-04-18_221722-1.png_Gaussian-Closing.png
Component: component_1745014102432_510.png
centerX: 0.37043580683156657
centerY: 0.7492511767222936
width: 0.030035335689045935
height: 0.03508771929824561
Area: 0.0004223549767578762
CentroidX: 0.3842
CentroidY: 0.7664
