Location: 2025-04-18_221722-1.png_Gaussian-Median.png
Component: component_1745014102508_141.png
centerX: 0.7173144876325088
centerY: 0.18014548566538297
width: 0.02767962308598351
height: 0.02866923406076166
Area: 0.0002887940354203616
CentroidX: 0.7293
CentroidY: 0.1929
