Location: 2025-04-18_221722-1.png_Gaussian-Closing.png
Component: component_1745014102423_465.png
centerX: 0.44051825677267376
centerY: 0.6799315361574668
width: 0.02591283863368669
height: 0.02995293110825845
Area: 0.0003689306002228704
CentroidX: 0.4523
CentroidY: 0.6945
