Location: easy43_Mean-Closing.png
Component: component_1744297380697_1217.png
centerX: 0.5199516324062878
centerY: 0.698589140658401
width: 0.012696493349455865
height: 0.01410859341598974
Area: 6.539654344372512e-05
CentroidX: 0.5259
CentroidY: 0.7052
