Location: 2025-04-18_221722-1.png_Gaussian-Median.png
Component: component_1745014102569_392.png
centerX: 0.10482921083627797
centerY: 0.5459991442019684
width: 0.028857479387514724
height: 0.02995293110825845
Area: 0.0003593545327307467
CentroidX: 0.1182
CentroidY: 0.5606
