Location: 2025-04-18_221722-1.png_Otsu.png
Component: component_1745014102273_634.png
centerX: 0.06419316843345112
centerY: 0.9225502781343603
width: 0.030624263839811542
height: 0.03209242618741977
Area: 0.0003374303782093056
CentroidX: 0.0784
CentroidY: 0.9391
