Location: 2025-04-18_221722-1.png_Otsu.png
Component: component_1745014102111_297.png
centerX: 0.31036513545347466
centerY: 0.4163457424047925
width: 0.03415783274440518
height: 0.03080872913992298
Area: 0.00038682272632657516
CentroidX: 0.3261
CentroidY: 0.4306
