Location: 2025-04-18_221722-1.png_Gaussian-Median.png
Component: component_1745014102620_626.png
centerX: 0.657243816254417
centerY: 0.858793324775353
width: 0.03121319199057715
height: 0.03337612323491656
Area: 0.00036767059134232776
CentroidX: 0.6718
CentroidY: 0.8748
