Location: 2025-04-18_221722-1.png_Mean-Closing.png
Component: component_1745014101799_484.png
centerX: 0.27385159010600707
centerY: 0.7120239623448866
width: 0.027090694935217905
height: 0.031664527171587506
Area: 0.00036842659667065336
CentroidX: 0.2865
CentroidY: 0.7272
