Location: 2025-04-18_221722-1.png_Gaussian-Closing.png
Component: component_1745014102443_564.png
centerX: 0.8221436984687868
centerY: 0.8258451005562687
width: 0.02944640753828033
height: 0.06632434745400086
Area: 0.0006935088878506415
CentroidX: 0.8363
CentroidY: 0.8569
