Location: 2025-04-18_221722-1.png_Gaussian-Median.png
Component: component_1745014102504_123.png
centerX: 0.8869257950530035
centerY: 0.15019255455712452
width: 0.03180212014134275
height: 0.026529738981600343
Area: 0.0003190342485533838
CentroidX: 0.9012
CentroidY: 0.1616
