Location: 2025-04-18_221722-1.png_Otsu.png
Component: component_1745014102022_42.png
centerX: 0.6230859835100118
centerY: 0.08301240907145914
width: 0.02767962308598351
height: 0.02610183996576808
Area: 0.0002925740620619894
CentroidX: 0.6359
CentroidY: 0.0951
