Location: 2025-04-18_221722-1.png_Mean-Closing.png
Component: component_1745014101759_349.png
centerX: 0.3763250883392226
centerY: 0.5151904150620453
width: 0.02767962308598351
height: 0.02781343602909713
Area: 0.00036263055582015744
CentroidX: 0.3897
CentroidY: 0.5288
