Location: 2025-04-18_221722-1.png_Gaussian-Closing.png
Component: component_1745014102392_326.png
centerX: 0.3792697290930506
centerY: 0.48267008985879334
width: 0.028268551236749116
height: 0.026957637997432605
Area: 0.0003510384741191656
CentroidX: 0.3924
CentroidY: 0.4956
