Location: 2025-04-18_221722-1.png_Otsu.png
Component: component_1745014102176_446.png
centerX: 0.7850412249705536
centerY: 0.6208814719726145
width: 0.03180212014134275
height: 0.026529738981600343
Area: 0.000287030022987602
CentroidX: 0.8005
CentroidY: 0.6337
