Location: 2025-04-18_221722-1.png_Gaussian-Median.png
Component: component_1745014102580_445.png
centerX: 0.3404004711425206
centerY: 0.6144629867351306
width: 0.026501766784452298
height: 0.02866923406076166
Area: 0.0003825386961327303
CentroidX: 0.3527
CentroidY: 0.6282
