Location: 2025-04-18_221722-1.png_Gaussian-Closing.png
Component: component_1745014102399_361.png
centerX: 0.8286219081272085
centerY: 0.5203252032520326
width: 0.028857479387514724
height: 0.029097133076593923
Area: 0.00038909074231155183
CentroidX: 0.8421
CentroidY: 0.5344
