Location: 2025-04-18_221722-1.png_Gaussian-Median.png
Component: component_1745014102573_409.png
centerX: 0.8244994110718492
centerY: 0.5528455284552846
width: 0.032391048292108364
height: 0.02995293110825845
Area: 0.00038102668547607924
CentroidX: 0.8389
CentroidY: 0.5665
