Location: 2025-04-18_221722-1.png_Otsu.png
Component: component_1745014102131_327.png
centerX: 0.1425206124852768
centerY: 0.4514334617030381
width: 0.025323910482921083
height: 0.026529738981600343
Area: 0.0003026541331063301
CentroidX: 0.1540
CentroidY: 0.4643
