Location: 2025-04-18_221722-1.png_Otsu.png
Component: component_1745014102030_66.png
centerX: 0.7226148409893993
centerY: 0.11467693624304665
width: 0.023557126030624265
height: 0.02738553701326487
Area: 0.00027896596615212943
CentroidX: 0.7342
CentroidY: 0.1274
