Location: 2025-04-18_221722-1.png_Otsu.png
Component: component_1745014102046_112.png
centerX: 0.7508833922261484
centerY: 0.1810012836970475
width: 0.027090694935217905
height: 0.02866923406076166
Area: 0.0002913140531814468
CentroidX: 0.7628
CentroidY: 0.1938
