Location: 2025-04-18_221722-1.png_Mean-Closing.png
Component: component_1745014101724_186.png
centerX: 0.14605418138987045
centerY: 0.2781343602909713
width: 0.028268551236749116
height: 0.026957637997432605
Area: 0.0002696419004361143
CentroidX: 0.1588
CentroidY: 0.2905
