Location: 2025-04-18_221722-1.png_Mean-Closing.png
Component: component_1745014101746_286.png
centerX: 0.4617196702002356
centerY: 0.417201540436457
width: 0.02944640753828033
height: 0.02866923406076166
Area: 0.0003767426552822344
CentroidX: 0.4741
CentroidY: 0.4307
