Location: 2025-04-18_221722-1.png_Mean-Closing.png
Component: component_1745014101834_562.png
centerX: 0.6607773851590106
centerY: 0.826272999572101
width: 0.028268551236749116
height: 0.02866923406076166
Area: 0.0003273503071649649
CentroidX: 0.6739
CentroidY: 0.8398
