Location: 2025-04-18_221722-1.png_Gaussian-Closing.png
Component: component_1745014102342_84.png
centerX: 0.8910482921083628
centerY: 0.11724433033804023
width: 0.03297997644287397
height: 0.031664527171587506
Area: 0.0003593545327307467
CentroidX: 0.9065
CentroidY: 0.1317
