Location: 2025-04-18_221722-1.png_Mean-Closing.png
Component: component_1745014101703_97.png
centerX: 0.19964664310954064
centerY: 0.14634146341463414
width: 0.02944640753828033
height: 0.02738553701326487
Area: 0.00034473842971645267
CentroidX: 0.2142
CentroidY: 0.1590
