Location: 2025-04-18_221722-1.png_Mean-Closing.png
Component: component_1745014101756_331.png
centerX: 0.4546525323910483
centerY: 0.4852374839537869
width: 0.03180212014134275
height: 0.02610183996576808
Area: 0.0003558265078652274
CentroidX: 0.4684
CentroidY: 0.4979
