Location: 2025-04-18_221722-1.png_Gaussian-Closing.png
Component: component_1745014102348_109.png
centerX: 0.8875147232037691
centerY: 0.15019255455712452
width: 0.03121319199057715
height: 0.026529738981600343
Area: 0.0003175222378967327
CentroidX: 0.9012
CentroidY: 0.1617
