Location: 2025-04-18_221722-1.png_Gaussian-Median.png
Component: component_1745014102581_453.png
centerX: 0.633097762073027
centerY: 0.6183140778776208
width: 0.030035335689045935
height: 0.029525032092426188
Area: 0.00039665079559480734
CentroidX: 0.6468
CentroidY: 0.6324
