Location: 2025-04-18_221722-1.png_Otsu.png
Component: component_1745014102277_643.png
centerX: 0.4093050647820966
centerY: 0.9272571673085152
width: 0.024734982332155476
height: 0.02995293110825845
Area: 0.0002673738844511376
CentroidX: 0.4205
CentroidY: 0.9418
