Location: 2025-04-18_221722-1.png_Otsu.png
Component: component_1745014102092_235.png
centerX: 0.5070671378091873
centerY: 0.3453145057766367
width: 0.02591283863368669
height: 0.03080872913992298
Area: 0.0003762386517300174
CentroidX: 0.5190
CentroidY: 0.3602
