Location: 2025-04-18_221722-1.png_Gaussian-Closing.png
Component: component_1745014102392_323.png
centerX: 0.2744405182567727
centerY: 0.48224219084296105
width: 0.02591283863368669
height: 0.029525032092426188
Area: 0.00039211476362485404
CentroidX: 0.2865
CentroidY: 0.4955
