Location: 2025-04-18_221722-1.png_Gaussian-Median.png
Component: component_1745014102506_135.png
centerX: 0.34334511189634864
centerY: 0.17843388960205392
width: 0.02944640753828033
height: 0.026529738981600343
Area: 0.00027417793240606757
CentroidX: 0.3574
CentroidY: 0.1913
