Location: 2025-04-18_221722-1.png_Gaussian-Closing.png
Component: component_1745014102409_410.png
centerX: 0.17373380447585396
centerY: 0.6123234916559692
width: 0.027090694935217905
height: 0.03080872913992298
Area: 0.00039539078671426477
CentroidX: 0.1861
CentroidY: 0.6270
