Location: 2025-04-18_221722-1.png_Mean-Closing.png
Component: component_1745014101769_385.png
centerX: 0.8244994110718492
centerY: 0.5528455284552846
width: 0.032391048292108364
height: 0.02995293110825845
Area: 0.0003797666765955366
CentroidX: 0.8388
CentroidY: 0.5664
