Location: 2025-04-18_221722-1.png_Otsu.png
Component: component_1745014102021_36.png
centerX: 0.5047114252061249
centerY: 0.0800171159606333
width: 0.030624263839811542
height: 0.026957637997432605
Area: 0.00030719016507628347
CentroidX: 0.5194
CentroidY: 0.0927
