Location: 2025-04-18_221722-1.png_Mean-Closing.png
Component: component_1745014101697_68.png
centerX: 0.16666666666666666
centerY: 0.110397946084724
width: 0.028857479387514724
height: 0.029097133076593923
Area: 0.0003608665433873978
CentroidX: 0.1807
CentroidY: 0.1244
