Location: 2025-04-18_221722-1.png_Otsu.png
Component: component_1745014102287_667.png
centerX: 0.3480565371024735
centerY: 0.9602053915275995
width: 0.02120141342756184
height: 0.026529738981600343
Area: 0.00019479737293188443
CentroidX: 0.3576
CentroidY: 0.9728
