Location: 2025-04-18_221722-1.png_Mean-Closing.png
Component: component_1745014101732_229.png
centerX: 0.541813898704358
centerY: 0.34445870774497217
width: 0.027090694935217905
height: 0.03209242618741977
Area: 0.00040345484354973736
CentroidX: 0.5542
CentroidY: 0.3595
