Location: 2025-04-18_221722-1.png_Otsu.png
Component: component_1745014102189_492.png
centerX: 0.8221436984687868
centerY: 0.686777920410783
width: 0.030624263839811542
height: 0.03423192126658109
Area: 0.00041630693413127176
CentroidX: 0.8366
CentroidY: 0.7035
