Location: 2025-04-18_221722-1.png_Mean-Closing.png
Component: component_1745014101870_590.png
centerX: 0.17608951707891637
centerY: 0.8853230637569534
width: 0.028857479387514724
height: 0.036371416345742404
Area: 0.00037397063574504076
CentroidX: 0.1898
CentroidY: 0.9023
