Location: 2025-04-18_221722-1.png_Otsu.png
Component: component_1745014102110_291.png
centerX: 0.23851590106007067
centerY: 0.4124946512623021
width: 0.028268551236749116
height: 0.03209242618741977
Area: 0.0004039588471019544
CentroidX: 0.2513
CentroidY: 0.4272
