Location: 2025-04-18_221722-1.png_Otsu.png
Component: component_1745014102158_420.png
centerX: 0.7508833922261484
centerY: 0.5853658536585366
width: 0.02767962308598351
height: 0.029097133076593923
Area: 0.00036212655226794036
CentroidX: 0.7635
CentroidY: 0.5991
