Location: 2025-04-18_221722-1.png_Gaussian-Median.png
Component: component_1745014102516_165.png
centerX: 0.5612485276796231
centerY: 0.20967051775780915
width: 0.024146054181389872
height: 0.029097133076593923
Area: 0.00026384585958561836
CentroidX: 0.5720
CentroidY: 0.2227
