Location: 2025-04-18_221722-1.png_Gaussian-Closing.png
Component: component_1745014102446_581.png
centerX: 0.4705535924617197
centerY: 0.8575096277278562
width: 0.025323910482921083
height: 0.03209242618741977
Area: 0.00033894238886595675
CentroidX: 0.4823
CentroidY: 0.8719
