Location: 2025-04-18_221722-1.png_Mean-Closing.png
Component: component_1745014101704_103.png
centerX: 0.6136631330977621
centerY: 0.14719726144629866
width: 0.02767962308598351
height: 0.025246041934103552
Area: 0.0003054261526435238
CentroidX: 0.6269
CentroidY: 0.1587
