Location: 2025-04-18_221722-1.png_Otsu.png
Component: component_1745014102257_596.png
centerX: 0.336866902237927
centerY: 0.8532306375695335
width: 0.030035335689045935
height: 0.03508771929824561
Area: 0.0003550705025369019
CentroidX: 0.3504
CentroidY: 0.8688
