Location: 2025-04-18_221722-1.png_Otsu.png
Component: component_1745014102115_309.png
centerX: 0.7962308598351001
centerY: 0.4197689345314506
width: 0.030624263839811542
height: 0.02781343602909713
Area: 0.0003583465256263126
CentroidX: 0.8102
CentroidY: 0.4327
