Location: 2025-04-18_221722-1.png_Gaussian-Median.png
Component: component_1745014102494_75.png
centerX: 0.2779740871613663
centerY: 0.11082584510055626
width: 0.02944640753828033
height: 0.028241335044929396
Area: 0.0003477624510297549
CentroidX: 0.2925
CentroidY: 0.1239
