Location: 2025-04-18_221722-1.png_Gaussian-Median.png
Component: component_1745014102633_684.png
centerX: 0.2832744405182568
centerY: 0.9597774925117672
width: 0.024734982332155476
height: 0.02781343602909713
Area: 0.0002507417672279754
CentroidX: 0.2943
CentroidY: 0.9737
