Location: 2025-04-18_221722-1.png_Gaussian-Median.png
Component: component_1745014102564_371.png
centerX: 0.3763250883392226
centerY: 0.5151904150620453
width: 0.02767962308598351
height: 0.028241335044929396
Area: 0.00036288255759626595
CentroidX: 0.3897
CentroidY: 0.5288
