Location: easy21_Mean-Medain.png
Component: component_1744297380969_943.png
centerX: 0.17580645161290323
centerY: 0.7217432950191571
width: 0.020967741935483872
height: 0.017720306513409962
Area: 8.612965022864911e-05
CentroidX: 0.1861
CentroidY: 0.7302
