Location: 2025-04-18_221722-1.png_Mean-Closing.png
Component: component_1745014101727_203.png
centerX: 0.8091872791519434
centerY: 0.28412494651262304
width: 0.02767962308598351
height: 0.029525032092426188
Area: 0.00021218549548337217
CentroidX: 0.8225
CentroidY: 0.2975
