Location: 2025-04-18_221722-1.png_Otsu.png
Component: component_1745014102078_199.png
centerX: 0.21201413427561838
centerY: 0.3127941805733847
width: 0.035924617196702
height: 0.028241335044929396
Area: 0.0003522984829997082
CentroidX: 0.2279
CentroidY: 0.3259
