Location: 2025-04-18_221722-1.png_Otsu.png
Component: component_1745014102036_86.png
centerX: 0.6136631330977621
centerY: 0.14719726144629866
width: 0.027090694935217905
height: 0.024818142918271287
Area: 0.00028501400877873386
CentroidX: 0.6269
CentroidY: 0.1587
