Location: 2025-04-18_221722-1.png_Gaussian-Median.png
Component: component_1745014102570_395.png
centerX: 0.444640753828033
centerY: 0.5472828412494651
width: 0.030035335689045935
height: 0.03209242618741977
Area: 0.0004175669430118143
CentroidX: 0.4587
CentroidY: 0.5626
