Location: 2025-04-18_221722-1.png_Otsu.png
Component: component_1745014102132_329.png
centerX: 0.7585394581861012
centerY: 0.45314505776636715
width: 0.028857479387514724
height: 0.030380830124090714
Area: 0.0003724586250883896
CentroidX: 0.7729
CentroidY: 0.4673
