Location: 2025-04-18_221722-1.png_Otsu.png
Component: component_1745014102032_74.png
centerX: 0.08303886925795052
centerY: 0.14591356439880188
width: 0.030035335689045935
height: 0.02610183996576808
Area: 0.0002991261082408109
CentroidX: 0.0977
CentroidY: 0.1573
