Location: 2025-04-18_221722-1.png_Otsu.png
Component: component_1745014102166_433.png
centerX: 0.27326266195524146
centerY: 0.613607188703466
width: 0.02767962308598351
height: 0.029097133076593923
Area: 0.0003669145860140022
CentroidX: 0.2856
CentroidY: 0.6274
