Location: 2025-04-18_221722-1.png_Gaussian-Closing.png
Component: component_1745014102439_541.png
centerX: 0.702002355712603
centerY: 0.7911852802738554
width: 0.028268551236749116
height: 0.0329482242190843
Area: 0.00036212655226794036
CentroidX: 0.7150
CentroidY: 0.8065
