Location: 2025-04-18_221722-1.png_Mean-Closing.png
Component: component_1745014101737_252.png
centerX: 0.607773851590106
centerY: 0.3804022250748823
width: 0.028268551236749116
height: 0.03337612323491656
Area: 0.0004306710353694573
CentroidX: 0.6223
CentroidY: 0.3969
