Location: 2025-04-18_221722-1.png_Gaussian-Median.png
Component: component_1745014102484_15.png
centerX: 0.24381625441696114
centerY: 0.038510911424903725
width: 0.028857479387514724
height: 0.03551561831407788
Area: 0.00035910253095463814
CentroidX: 0.2573
CentroidY: 0.0544
