Location: 2025-04-18_221722-1.png_Otsu.png
Component: component_1745014102030_65.png
centerX: 0.6884570082449941
centerY: 0.11510483525887891
width: 0.026501766784452298
height: 0.026957637997432605
Area: 0.0003081981721807175
CentroidX: 0.7010
CentroidY: 0.1275
