Location: 2025-04-18_221722-1.png_Otsu.png
Component: component_1745014102261_606.png
centerX: 0.8221436984687868
centerY: 0.860504920838682
width: 0.02944640753828033
height: 0.031664527171587506
Area: 0.00030013411534524493
CentroidX: 0.8366
CentroidY: 0.8749
