Location: 2025-04-18_221722-1.png_Gaussian-Closing.png
Component: component_1745014102367_210.png
centerX: 0.21201413427561838
centerY: 0.3123662815575524
width: 0.035924617196702
height: 0.02866923406076166
Area: 0.0003734666321928237
CentroidX: 0.2279
CentroidY: 0.3259
