Location: 2025-04-18_221722-1.png_Gaussian-Median.png
Component: component_1745014102497_89.png
centerX: 0.7879858657243817
centerY: 0.11510483525887891
width: 0.028857479387514724
height: 0.02866923406076166
Area: 0.00030013411534524493
CentroidX: 0.8011
CentroidY: 0.1282
