Location: 2025-04-18_221722-1.png_Gaussian-Median.png
Component: component_1745014102604_549.png
centerX: 0.4040047114252061
centerY: 0.7488232777064613
width: 0.028268551236749116
height: 0.03508771929824561
Area: 0.0004122749057135355
CentroidX: 0.4170
CentroidY: 0.7655
