Location: 2025-04-18_221722-1.png_Mean-Closing.png
Component: component_1745014101711_139.png
centerX: 0.18904593639575973
centerY: 0.2079589216944801
width: 0.02591283863368669
height: 0.02781343602909713
Area: 0.0002671218826750291
CentroidX: 0.2011
CentroidY: 0.2209
