Location: 2025-04-18_221722-1.png_Mean-Closing.png
Component: component_1745014101872_592.png
centerX: 0.24617196702002356
centerY: 0.8857509627727856
width: 0.026501766784452298
height: 0.036371416345742404
Area: 0.00035179447944749115
CentroidX: 0.2588
CentroidY: 0.9032
