Location: 2025-04-18_221722-1.png_Otsu.png
Component: component_1745014102057_118.png
centerX: 0.8138987043580683
centerY: 0.1822849807445443
width: 0.02944640753828033
height: 0.02610183996576808
Area: 0.0002840060016742998
CentroidX: 0.8269
CentroidY: 0.1939
