Location: 2025-04-18_221722-1.png_Gaussian-Median.png
Component: component_1745014102582_454.png
centerX: 0.7120141342756183
centerY: 0.6178861788617886
width: 0.030035335689045935
height: 0.029097133076593923
Area: 0.00038707472810268367
CentroidX: 0.7256
CentroidY: 0.6320
