Location: 2025-04-18_221722-1.png_Gaussian-Closing.png
Component: component_1745014102367_211.png
centerX: 0.251472320376914
centerY: 0.3127941805733847
width: 0.02767962308598351
height: 0.02866923406076166
Area: 0.000329366321373833
CentroidX: 0.2639
CentroidY: 0.3264
