Location: 2025-04-18_221722-1.png_Gaussian-Closing.png
Component: component_1745014102328_21.png
centerX: 0.17196702002355713
centerY: 0.03893881044073599
width: 0.030035335689045935
height: 0.03380402225074882
Area: 0.0003177742396728412
CentroidX: 0.1856
CentroidY: 0.0537
