Location: 2025-04-18_221722-1.png_Gaussian-Median.png
Component: component_1745014102572_404.png
centerX: 0.6772673733804476
centerY: 0.5507060333761232
width: 0.028857479387514724
height: 0.029097133076593923
Area: 0.00039992681868421807
CentroidX: 0.6904
CentroidY: 0.5648
