Location: 2025-04-18_221722-1.png_Otsu.png
Component: component_1745014102135_337.png
centerX: 0.17255594817432274
centerY: 0.4818142918271288
width: 0.02767962308598351
height: 0.026957637997432605
Area: 0.00034902245991029745
CentroidX: 0.1859
CentroidY: 0.4951
