Location: easy16_Gaussian-Median.png
Component: component_1744297381917_1222.png
centerX: 0.4508064516129032
centerY: 0.8457854406130269
width: 0.020967741935483872
height: 0.020593869731800767
Area: 0.00010235137807440366
CentroidX: 0.4608
CentroidY: 0.8553
