Location: 2025-04-18_221722-1.png_Gaussian-Closing.png
Component: component_1745014102449_597.png
centerX: 0.2791519434628975
centerY: 0.8891741548994437
width: 0.02591283863368669
height: 0.0329482242190843
Area: 0.0003482664545819719
CentroidX: 0.2905
CentroidY: 0.9044
