Location: 2025-04-18_221722-1.png_Mean-Closing.png
Component: component_1745014101787_459.png
centerX: 0.3392226148409894
centerY: 0.6782199400941378
width: 0.027090694935217905
height: 0.03080872913992298
Area: 0.0003906027529682029
CentroidX: 0.3518
CentroidY: 0.6932
