Location: 2025-04-18_221722-1.png_Gaussian-Median.png
Component: component_1745014102609_575.png
centerX: 0.4363957597173145
centerY: 0.7864783910997005
width: 0.02591283863368669
height: 0.03380402225074882
Area: 0.00038354670323716443
CentroidX: 0.4485
CentroidY: 0.8022
