Location: 2025-04-18_221722-1.png_Gaussian-Median.png
Component: component_1745014102624_641.png
centerX: 0.30977620730270905
centerY: 0.8904578519469405
width: 0.02591283863368669
height: 0.03209242618741977
Area: 0.00033239034268713524
CentroidX: 0.3217
CentroidY: 0.9050
