Location: 2025-04-18_221722-1.png_Mean-Closing.png
Component: component_1745014101764_366.png
centerX: 0.2396937573616019
centerY: 0.5451433461703038
width: 0.026501766784452298
height: 0.028241335044929396
Area: 0.0003638905647007
CentroidX: 0.2516
CentroidY: 0.5585
