Location: 2025-04-18_221722-1.png_Otsu.png
Component: component_1745014102026_53.png
centerX: 0.2785630153121319
centerY: 0.11125374411638853
width: 0.028857479387514724
height: 0.02781343602909713
Area: 0.00032508229117998825
CentroidX: 0.2925
CentroidY: 0.1240
