Location: 2025-04-18_221722-1.png_Mean-Closing.png
Component: component_1745014101739_260.png
centerX: 0.10836277974087162
centerY: 0.3821138211382114
width: 0.027090694935217905
height: 0.029525032092426188
Area: 0.00038657072455046664
CentroidX: 0.1208
CentroidY: 0.3958
