Location: 2025-04-18_221722-1.png_Mean-Closing.png
Component: component_1745014101804_511.png
centerX: 0.4040047114252061
centerY: 0.7492511767222936
width: 0.028268551236749116
height: 0.03465982028241335
Area: 0.0004168109376834888
CentroidX: 0.4170
CentroidY: 0.7655
