Location: 2025-04-18_221722-1.png_Otsu.png
Component: component_1745014102239_551.png
centerX: 0.4016489988221437
centerY: 0.7869062901155327
width: 0.027090694935217905
height: 0.03380402225074882
Area: 0.0003767426552822344
CentroidX: 0.4148
CentroidY: 0.8023
