Location: 2025-04-18_221722-1.png_Mean-Closing.png
Component: component_1745014101708_121.png
centerX: 0.4175500588928151
centerY: 0.17843388960205392
width: 0.02767962308598351
height: 0.025246041934103552
Area: 0.0002686338933316802
CentroidX: 0.4294
CentroidY: 0.1901
