Location: 2025-04-18_221722-1.png_Gaussian-Median.png
Component: component_1745014102575_423.png
centerX: 0.44346289752650175
centerY: 0.5832263585793752
width: 0.028857479387514724
height: 0.02866923406076166
Area: 0.0003724586250883896
CentroidX: 0.4562
CentroidY: 0.5969
