Location: 2025-04-18_221722-1.png_Gaussian-Closing.png
Component: component_1745014102453_621.png
centerX: 0.31095406360424027
centerY: 0.926829268292683
width: 0.030035335689045935
height: 0.03080872913992298
Area: 0.00033843838531373967
CentroidX: 0.3242
CentroidY: 0.9423
