Location: 2025-04-18_221722-1.png_Gaussian-Closing.png
Component: component_1745014102391_318.png
centerX: 0.07243816254416961
centerY: 0.4809584937954643
width: 0.028857479387514724
height: 0.029525032092426188
Area: 0.00040748687196747363
CentroidX: 0.0855
CentroidY: 0.4956
