Location: 2025-04-18_221722-1.png_Gaussian-Median.png
Component: component_1745014102620_625.png
centerX: 0.5388692579505301
centerY: 0.8583654257595208
width: 0.030624263839811542
height: 0.06418485237483953
Area: 0.0006675527049114642
CentroidX: 0.5537
CentroidY: 0.8903
