Location: 2025-04-18_221722-1.png_Gaussian-Closing.png
Component: component_1745014102371_228.png
centerX: 0.3928150765606596
centerY: 0.34403080872913994
width: 0.02944640753828033
height: 0.032520325203252036
Area: 0.00043445106201108505
CentroidX: 0.4068
CentroidY: 0.3592
