Location: 2025-04-18_221722-1.png_Gaussian-Median.png
Component: component_1745014102510_145.png
centerX: 0.7502944640753828
centerY: 0.18057338468121523
width: 0.028268551236749116
height: 0.029097133076593923
Area: 0.00031248220237456236
CentroidX: 0.7628
CentroidY: 0.1937
