Location: 2025-04-18_221722-1.png_Gaussian-Closing.png
Component: component_1745014102423_460.png
centerX: 0.1419316843345112
centerY: 0.6790757381258024
width: 0.026501766784452298
height: 0.02781343602909713
Area: 0.00035481850076079336
CentroidX: 0.1536
CentroidY: 0.6923
