Location: 2025-04-18_221722-1.png_Gaussian-Median.png
Component: component_1745014102556_339.png
centerX: 0.1413427561837456
centerY: 0.4813863928112965
width: 0.02591283863368669
height: 0.02781343602909713
Area: 0.00036590657890956817
CentroidX: 0.1538
CentroidY: 0.4952
