Location: 2025-04-18_221722-1.png_Gaussian-Median.png
Component: component_1745014102580_446.png
centerX: 0.37220259128386335
centerY: 0.6148908857509627
width: 0.02767962308598351
height: 0.031664527171587506
Area: 0.00041076289505688436
CentroidX: 0.3847
CentroidY: 0.6302
