Location: 2025-04-18_221722-1.png_Otsu.png
Component: component_1745014102118_317.png
centerX: 0.6024734982332155
centerY: 0.4488660676080445
width: 0.03180212014134275
height: 0.0329482242190843
Area: 0.00041781894478792284
CentroidX: 0.6166
CentroidY: 0.4638
