Location: 2025-04-18_221722-1.png_Mean-Closing.png
Component: component_1745014101779_418.png
centerX: 0.3409893992932862
centerY: 0.6144629867351306
width: 0.02591283863368669
height: 0.02866923406076166
Area: 0.00038379870501327294
CentroidX: 0.3527
CentroidY: 0.6282
