Location: 2025-04-18_221722-1.png_Gaussian-Closing.png
Component: component_1745014102457_640.png
centerX: 0.2832744405182568
centerY: 0.9602053915275995
width: 0.024734982332155476
height: 0.02738553701326487
Area: 0.00025023776367575837
CentroidX: 0.2943
CentroidY: 0.9737
