Location: 2025-04-18_221722-1.png_Otsu.png
Component: component_1745014102076_190.png
centerX: 0.7750294464075382
centerY: 0.28412494651262304
width: 0.02767962308598351
height: 0.02866923406076166
Area: 0.00017715724860428817
CentroidX: 0.7875
CentroidY: 0.2972
