Location: 2025-04-18_221722-1.png_Mean-Closing.png
Component: component_1745014101916_613.png
centerX: 0.10306242638398115
centerY: 0.9225502781343603
width: 0.028857479387514724
height: 0.030380830124090714
Area: 0.00033516236222432894
CentroidX: 0.1168
CentroidY: 0.9378
