Location: 2025-04-18_221722-1.png_Otsu.png
Component: component_1745014102099_248.png
centerX: 0.7673733804475854
centerY: 0.3478818998716303
width: 0.02767962308598351
height: 0.03080872913992298
Area: 0.0003777506623866685
CentroidX: 0.7800
CentroidY: 0.3623
