Location: 2025-04-18_221722-1.png_Otsu.png
Component: component_1745014102081_206.png
centerX: 0.14487632508833923
centerY: 0.31322207958921694
width: 0.023557126030624265
height: 0.026957637997432605
Area: 0.0001471690372473745
CentroidX: 0.1558
CentroidY: 0.3261
