Location: 2025-04-18_221722-1.png_Mean-Closing.png
Component: component_1745014101731_222.png
centerX: 0.6978798586572438
centerY: 0.31450577663671375
width: 0.025323910482921083
height: 0.030380830124090714
Area: 0.00024998576189964986
CentroidX: 0.7088
CentroidY: 0.3292
