Location: 2025-04-18_221722-1.png_Gaussian-Closing.png
Component: component_1745014102399_358.png
centerX: 0.7550058892815077
centerY: 0.5186136071887034
width: 0.028857479387514724
height: 0.028241335044929396
Area: 0.0003961467920425903
CentroidX: 0.7684
CentroidY: 0.5320
