Location: 2025-04-18_221722-1.png_Otsu.png
Component: component_1745014102256_589.png
centerX: 0.1790341578327444
centerY: 0.8498074454428755
width: 0.02591283863368669
height: 0.03080872913992298
Area: 0.00028224198924154016
CentroidX: 0.1915
CentroidY: 0.8630
