Location: 2025-04-18_221722-1.png_Mean-Closing.png
Component: component_1745014101809_528.png
centerX: 0.20965842167255594
centerY: 0.7839109970047069
width: 0.024734982332155476
height: 0.03080872913992298
Area: 0.00033642237110487156
CentroidX: 0.2219
CentroidY: 0.7994
