Location: 2025-04-18_221722-1.png_Gaussian-Closing.png
Component: component_1745014102451_610.png
centerX: 0.6207302709069493
centerY: 0.8960205391527599
width: 0.02591283863368669
height: 0.026957637997432605
Area: 0.00028476200700262535
CentroidX: 0.6333
CentroidY: 0.9091
