Location: 2025-04-18_221722-1.png_Gaussian-Closing.png
Component: component_1745014102364_195.png
centerX: 0.6266195524146054
centerY: 0.2811296534017972
width: 0.027090694935217905
height: 0.026529738981600343
Area: 0.00020890947239396142
CentroidX: 0.6389
CentroidY: 0.2935
