Location: 2025-04-18_221722-1.png_Gaussian-Closing.png
Component: component_1745014102336_53.png
centerX: 0.8621908127208481
centerY: 0.08172871202396234
width: 0.02767962308598351
height: 0.030380830124090714
Area: 0.0003593545327307467
CentroidX: 0.8754
CentroidY: 0.0961
