Location: 2025-04-18_221722-1.png_Otsu.png
Component: component_1745014102032_73.png
centerX: 0.23851590106007067
centerY: 0.14505776636713735
width: 0.028857479387514724
height: 0.02396234488660676
Area: 0.00029005404430090424
CentroidX: 0.2524
CentroidY: 0.1564
