Location: easy21_Mean-Medain.png
Component: component_1744297380818_279.png
centerX: 0.8604838709677419
centerY: 0.28879310344827586
width: 0.020967741935483872
height: 0.021551724137931036
Area: 0.00011046224199728093
CentroidX: 0.8706
CentroidY: 0.2986
