Location: 2025-04-18_221722-1.png_Mean-Closing.png
Component: component_1745014101708_124.png
centerX: 0.4540636042402827
centerY: 0.17886178861788618
width: 0.025323910482921083
height: 0.024818142918271287
Area: 0.00026056983649620763
CentroidX: 0.4656
CentroidY: 0.1903
