Location: 2025-04-18_221722-1.png_Otsu.png
Component: component_1745014102025_49.png
centerX: 0.12603062426383982
centerY: 0.10997004706889174
width: 0.030624263839811542
height: 0.029097133076593923
Area: 0.00036288255759626595
CentroidX: 0.1401
CentroidY: 0.1231
