Location: 2025-04-18_221722-1.png_Gaussian-Median.png
Component: component_1745014102571_398.png
centerX: 0.4829210836277974
centerY: 0.5489944373127942
width: 0.028268551236749116
height: 0.030380830124090714
Area: 0.00040244683644530325
CentroidX: 0.4969
CentroidY: 0.5633
