Location: 2025-04-18_221722-1.png_Mean-Closing.png
Component: component_1745014101697_67.png
centerX: 0.2408716136631331
centerY: 0.10997004706889174
width: 0.028268551236749116
height: 0.02995293110825845
Area: 0.0003666625842378937
CentroidX: 0.2545
CentroidY: 0.1241
