Location: 2025-04-18_221722-1.png_Mean-Closing.png
Component: component_1745014101777_413.png
centerX: 0.2049469964664311
centerY: 0.6127513906718015
width: 0.028268551236749116
height: 0.029097133076593923
Area: 0.00037825466593888554
CentroidX: 0.2181
CentroidY: 0.6267
