Location: 2025-04-18_221722-1.png_Gaussian-Median.png
Component: component_1745014102503_120.png
centerX: 0.8168433451118964
centerY: 0.1480530594779632
width: 0.027090694935217905
height: 0.02781343602909713
Area: 0.0002882900318681446
CentroidX: 0.8290
CentroidY: 0.1606
