Location: 2025-04-18_221722-1.png_Otsu.png
Component: component_1745014102182_468.png
centerX: 0.6283863368669023
centerY: 0.6508344030808729
width: 0.03180212014134275
height: 0.02866923406076166
Area: 0.0003593545327307467
CentroidX: 0.6432
CentroidY: 0.6651
