Location: 2025-04-18_221722-1.png_Gaussian-Median.png
Component: component_1745014102636_698.png
centerX: 0.5406360424028268
centerY: 0.9640564826700898
width: 0.024146054181389872
height: 0.024390243902439025
Area: 0.00022881761270653435
CentroidX: 0.5512
CentroidY: 0.9761
