Location: 2025-04-18_221722-1.png_Gaussian-Closing.png
Component: component_1745014102347_104.png
centerX: 0.751472320376914
centerY: 0.14719726144629866
width: 0.028268551236749116
height: 0.02866923406076166
Area: 0.0003076941686285005
CentroidX: 0.7637
CentroidY: 0.1604
