Location: 2025-04-18_221722-1.png_Gaussian-Closing.png
Component: component_1745014102337_60.png
centerX: 0.7214369846878681
centerY: 0.08386820710312366
width: 0.027090694935217905
height: 0.026529738981600343
Area: 0.00030114212244967904
CentroidX: 0.7344
CentroidY: 0.0966
