Location: 2025-04-18_221722-1.png_Gaussian-Median.png
Component: component_1745014102529_217.png
centerX: 0.7014134275618374
centerY: 0.28284124946512623
width: 0.028857479387514724
height: 0.02866923406076166
Area: 0.000223777577184364
CentroidX: 0.7136
CentroidY: 0.2956
