Location: 2025-04-18_221722-1.png_Mean-Closing.png
Component: component_1745014101802_502.png
centerX: 0.10247349823321555
centerY: 0.7449721865639709
width: 0.03180212014134275
height: 0.03209242618741977
Area: 0.0004256309998472869
CentroidX: 0.1173
CentroidY: 0.7610
