Location: 2025-04-18_221722-1.png_Mean-Closing.png
Component: component_1745014101698_74.png
centerX: 0.541813898704358
centerY: 0.11296534017971759
width: 0.030035335689045935
height: 0.029525032092426188
Area: 0.0003472584474775378
CentroidX: 0.5545
CentroidY: 0.1261
