Location: 2025-04-18_221722-1.png_Gaussian-Median.png
Component: component_1745014102602_542.png
centerX: 0.0636042402826855
centerY: 0.7466837826273
width: 0.03415783274440518
height: 0.03080872913992298
Area: 0.00039488678316204775
CentroidX: 0.0794
CentroidY: 0.7619
