Location: 2025-04-18_221722-1.png_Gaussian-Closing.png
Component: component_1745014102357_160.png
centerX: 0.3333333333333333
centerY: 0.24176294394522893
width: 0.028268551236749116
height: 0.03123662815575524
Area: 0.00027644594839104425
CentroidX: 0.3462
CentroidY: 0.2565
