Location: 2025-04-18_221722-1.png_Mean-Closing.png
Component: component_1745014101702_95.png
centerX: 0.425206124852768
centerY: 0.14591356439880188
width: 0.028268551236749116
height: 0.025246041934103552
Area: 0.00033919439064206526
CentroidX: 0.4372
CentroidY: 0.1582
