Location: 2025-04-18_221722-1.png_Mean-Closing.png
Component: component_1745014101688_26.png
centerX: 0.428150765606596
centerY: 0.03979460847240052
width: 0.03121319199057715
height: 0.03508771929824561
Area: 0.00043445106201108505
CentroidX: 0.4421
CentroidY: 0.0548
