Location: 2025-04-18_221722-1.png_Otsu.png
Component: component_1745014102129_326.png
centerX: 0.6401648998822144
centerY: 0.45057766367137353
width: 0.032391048292108364
height: 0.03123662815575524
Area: 0.0004009348257886522
CentroidX: 0.6551
CentroidY: 0.4649
