Location: 2025-04-18_221722-1.png_Otsu.png
Component: component_1745014102084_216.png
centerX: 0.7709069493521791
centerY: 0.3162173727000428
width: 0.019434628975265017
height: 0.026957637997432605
Area: 0.00017262121663433485
CentroidX: 0.7805
CentroidY: 0.3291
