Location: 2025-04-18_221722-1.png_Gaussian-Closing.png
Component: component_1745014102333_42.png
centerX: 0.1696113074204947
centerY: 0.07659392383397519
width: 0.02944640753828033
height: 0.02781343602909713
Area: 0.00035607850964133593
CentroidX: 0.1833
CentroidY: 0.0893
