Location: 2025-04-18_221722-1.png_Mean-Closing.png
Component: component_1745014101718_157.png
centerX: 0.7149587750294464
centerY: 0.21651690201112536
width: 0.023557126030624265
height: 0.025673940949935817
Area: 0.0002071454599612018
CentroidX: 0.7251
CentroidY: 0.2280
