Location: 2025-04-18_221722-1.png_Gaussian-Closing.png
Component: component_1745014102381_274.png
centerX: 0.17432273262661954
centerY: 0.4120667522464698
width: 0.027090694935217905
height: 0.036371416345742404
Area: 0.0004155509288029462
CentroidX: 0.1871
CentroidY: 0.4281
