Location: Dedata_3.png_Otsu.png
Component: component_1755523486909_254.png
centerX: 0.32983870967741935
centerY: 0.7115987460815048
width: 0.04596774193548387
height: 0.021373610715303505
Area: 0.00048538780463140864
CentroidX: 0.3522
CentroidY: 0.7202
