Location: Dedata_3.png_Mean-Closing.png
Component: component_1755523486713_210.png
centerX: 0.3157258064516129
centerY: 0.6679965802222856
width: 0.05604838709677419
height: 0.024508406953548018
Area: 0.0006040917824212394
CentroidX: 0.3438
CentroidY: 0.6783
