Location: Dedata_3.png_Otsu.png
Component: component_1755523486839_64.png
centerX: 0.6040322580645161
centerY: 0.12482188657737248
width: 0.050806451612903224
height: 0.01738387004844685
Area: 0.0003474935419520312
CentroidX: 0.6284
CentroidY: 0.1308
