Location: Dedata_3.png_Otsu.png
Component: component_1755523486837_42.png
centerX: 0.33306451612903226
centerY: 0.09746366486178398
width: 0.049193548387096775
height: 0.018523795953263037
Area: 0.0003798986936816849
CentroidX: 0.3566
CentroidY: 0.1044
