Location: Dedata_3.png_Mean-Medain.png
Component: component_1755523486089_121.png
centerX: 0.5778225806451613
centerY: 0.3493872898261613
width: 0.04838709677419355
height: 0.021373610715303505
Area: 0.000543992866270144
CentroidX: 0.6015
CentroidY: 0.3575
