Location: Dedata_3.png_Mean-Medain.png
Component: component_1755523486077_64.png
centerX: 0.17298387096774193
centerY: 0.17127386719863208
width: 0.04717741935483871
height: 0.018808777429467086
Area: 0.00042138188437106425
CentroidX: 0.1957
CentroidY: 0.1782
