Location: Dedata_3.png_Mean-Medain.png
Component: component_1755523486085_102.png
centerX: 0.17419354838709677
centerY: 0.2878312909660872
width: 0.045564516129032256
height: 0.022798518096323737
Area: 0.000543188483071181
CentroidX: 0.1964
CentroidY: 0.2976
