Location: Dedata_3.png_Gaussian-Closing.png
Component: component_1755523486974_5.png
centerX: 0.7064516129032258
centerY: 0.011114277571957822
width: 0.06169354838709677
height: 0.02821316614420063
Area: 0.0007049844179483172
CentroidX: 0.7380
CentroidY: 0.0229
