Location: Dedata_3.png_Gaussian-Closing.png
Component: component_1755523487021_198.png
centerX: 0.8016129032258065
centerY: 0.6289541179823311
width: 0.05403225806451613
height: 0.022513536620119692
Area: 0.000553300729001002
CentroidX: 0.8290
CentroidY: 0.6382
