Location: Dedata_3.png_Mean-Medain.png
Component: component_1755523486085_103.png
centerX: 0.09758064516129032
centerY: 0.2921060131091479
width: 0.0467741935483871
height: 0.024508406953548018
Area: 0.000540890245359858
CentroidX: 0.1208
CentroidY: 0.3023
