Location: Dedata_3.png_Gaussian-Closing.png
Component: component_1755523487004_127.png
centerX: 0.8895161290322581
centerY: 0.37361071530350526
width: 0.04798387096774193
height: 0.022513536620119692
Area: 0.00053307623714136
CentroidX: 0.9125
CentroidY: 0.3825
