Location: Dedata_3.png_Gaussian-Closing.png
Component: component_1755523487015_175.png
centerX: 0.25120967741935485
centerY: 0.5440296380735252
width: 0.04314516129032258
height: 0.02080364776289541
Area: 0.0005349148273104184
CentroidX: 0.2715
CentroidY: 0.5534
