Location: Dedata_3.png_Gaussian-Closing.png
Component: component_1755523487029_232.png
centerX: 0.3362903225806452
centerY: 0.7495012824166429
width: 0.05604838709677419
height: 0.02336848104873183
Area: 0.0005746743397163055
CentroidX: 0.3648
CentroidY: 0.7599
