Location: Dedata_3.png_Mean-Closing.png
Component: component_1755523486593_141.png
centerX: 0.739516129032258
centerY: 0.42348247363921343
width: 0.039919354838709675
height: 0.020233684810487318
Area: 0.0005077956223168075
CentroidX: 0.7594
CentroidY: 0.4323
