Location: Dedata_3.png_Gaussian-Closing.png
Component: component_1755523486982_39.png
centerX: 0.17338709677419356
centerY: 0.09917355371900827
width: 0.04838709677419355
height: 0.019948703334283273
Area: 0.0004759650300149845
CentroidX: 0.1971
CentroidY: 0.1070
