Location: Dedata_3.png_Mean-Medain.png
Component: component_1755523486110_226.png
centerX: 0.40241935483870966
centerY: 0.7036192647477914
width: 0.04798387096774193
height: 0.02536335138216016
Area: 0.0005900725323821694
CentroidX: 0.4259
CentroidY: 0.7139
