Location: Dedata_3.png_Mean-Medain.png
Component: component_1755523486074_48.png
centerX: 0.3350806451612903
centerY: 0.1268167569108008
width: 0.049193548387096775
height: 0.01909375890567113
Area: 0.00043597569383796507
CentroidX: 0.3582
CentroidY: 0.1344
