Location: Dedata_3.png_Mean-Medain.png
Component: component_1755523486099_166.png
centerX: 0.730241935483871
centerY: 0.5038472499287546
width: 0.04959677419354839
height: 0.025648332858364205
Area: 0.0005936348008347199
CentroidX: 0.7538
CentroidY: 0.5144
