Location: Dedata_3.png_Otsu.png
Component: component_1755523486897_235.png
centerX: 0.39838709677419354
centerY: 0.6625819321744086
width: 0.05
height: 0.021658592191507554
Area: 0.0005006710854117063
CentroidX: 0.4236
CentroidY: 0.6714
