Location: Dedata_3.png_Gaussian-Closing.png
Component: component_1755523486974_6.png
centerX: 0.02258064516129032
centerY: 0.012254203476774009
width: 0.04032258064516129
height: 0.026503277286976348
Area: 0.0006575258092094982
CentroidX: 0.0417
CentroidY: 0.0242
