Location: Dedata_3.png_Mean-Medain.png
Component: component_1755523486066_9.png
centerX: 0.24233870967741936
centerY: 0.013394129381590196
width: 0.05040322580645161
height: 0.026503277286976348
Area: 0.0006677529670248853
CentroidX: 0.2668
CentroidY: 0.0241
