Location: Dedata_3.png_Otsu.png
Component: component_1755523486884_196.png
centerX: 0.48870967741935484
centerY: 0.5255058421202622
width: 0.044758064516129036
height: 0.022228555143915644
Area: 0.0005219297842414437
CentroidX: 0.5097
CentroidY: 0.5355
