Location: Dedata_3.png_Otsu.png
Component: component_1755523486905_244.png
centerX: 0.08629032258064516
centerY: 0.6833855799373041
width: 0.046370967741935484
height: 0.023083499572527786
Area: 0.0005230789030971052
CentroidX: 0.1084
CentroidY: 0.6928
