Location: Dedata_3.png_Otsu.png
Component: component_1755523486837_51.png
centerX: 0.09516129032258064
centerY: 0.10031347962382445
width: 0.04596774193548387
height: 0.02080364776289541
Area: 0.00040954596015775103
CentroidX: 0.1174
CentroidY: 0.1085
