Location: Dedata_3.png_Mean-Closing.png
Component: component_1755523486602_168.png
centerX: 0.6524193548387097
centerY: 0.5112567683100598
width: 0.044758064516129036
height: 0.022798518096323737
Area: 0.0005629533273885585
CentroidX: 0.6734
CentroidY: 0.5210
