Location: Dedata_3.png_Gaussian-Closing.png
Component: component_1755523487017_180.png
centerX: 0.018145161290322582
centerY: 0.5559988600740952
width: 0.042741935483870966
height: 0.021373610715303505
Area: 0.0005692734810946965
CentroidX: 0.0380
CentroidY: 0.5659
