Location: Dedata_3.png_Mean-Medain.png
Component: component_1755523486096_152.png
centerX: 0.1778225806451613
centerY: 0.46053006554573955
width: 0.04758064516129032
height: 0.022228555143915644
Area: 0.000568813833552432
CentroidX: 0.2001
CentroidY: 0.4694
