Location: Dedata_3.png_Gaussian-Closing.png
Component: component_1755523487033_243.png
centerX: 0.4915322580645161
centerY: 0.7874038187517811
width: 0.046370967741935484
height: 0.022798518096323737
Area: 0.0005052675608343523
CentroidX: 0.5144
CentroidY: 0.7966
