Location: Dedata_3.png_Otsu.png
Component: component_1755523486860_151.png
centerX: 0.2495967741935484
centerY: 0.3664861783984041
width: 0.04959677419354839
height: 0.01937874038187518
Area: 0.00045620018569760706
CentroidX: 0.2748
CentroidY: 0.3743
