Location: Dedata_3.png_Mean-Closing.png
Component: component_1755523486634_175.png
centerX: 0.2508064516129032
centerY: 0.5440296380735252
width: 0.043548387096774194
height: 0.02080364776289541
Area: 0.0005738699565173425
CentroidX: 0.2713
CentroidY: 0.5534
