Location: Dedata_3.png_Otsu.png
Component: component_1755523486825_8.png
centerX: 0.3165322580645161
centerY: 0.01396409233399829
width: 0.03588709677419355
height: 0.024793388429752067
Area: 0.0005106684194559612
CentroidX: 0.3344
CentroidY: 0.0242
