Location: Dedata_3.png_Otsu.png
Component: component_1755523486906_245.png
centerX: 0.6423387096774194
centerY: 0.6842405243659162
width: 0.04596774193548387
height: 0.021658592191507554
Area: 0.00045907298283676075
CentroidX: 0.6645
CentroidY: 0.6937
