Location: Dedata_3.png_Otsu.png
Component: component_1755523486882_189.png
centerX: 0.2528225806451613
centerY: 0.5015673981191222
width: 0.04838709677419355
height: 0.021658592191507554
Area: 0.0005368683293650429
CentroidX: 0.2757
CentroidY: 0.5107
