Location: Dedata_3.png_Gaussian-Closing.png
Component: component_1755523487009_144.png
centerX: 0.6612903225806451
centerY: 0.42775719578227417
width: 0.05120967741935484
height: 0.020518666286691366
Area: 0.0005391665670763659
CentroidX: 0.6863
CentroidY: 0.4361
