Location: Dedata_3.png_Otsu.png
Component: component_1755523486825_7.png
centerX: 0.24274193548387096
centerY: 0.013679110857794243
width: 0.04959677419354839
height: 0.025933314334568254
Area: 0.0005982312762573659
CentroidX: 0.2669
CentroidY: 0.0241
