Location: Dedata_3.png_Otsu.png
Component: component_1755523486840_68.png
centerX: 0.25
centerY: 0.13023653462524937
width: 0.05403225806451613
height: 0.018808777429467086
Area: 0.00037978378179611875
CentroidX: 0.2756
CentroidY: 0.1370
