Location: Dedata_3.png_Gaussian-Closing.png
Component: component_1755523486997_101.png
centerX: 0.25443548387096776
centerY: 0.2852664576802508
width: 0.04959677419354839
height: 0.021373610715303505
Area: 0.0005183675157888931
CentroidX: 0.2794
CentroidY: 0.2938
