Location: Dedata_3.png_Gaussian-Closing.png
Component: component_1755523486983_43.png
centerX: 0.7701612903225806
centerY: 0.12111712738671987
width: 0.05524193548387097
height: 0.019663721858079224
Area: 0.00048538780463140864
CentroidX: 0.7970
CentroidY: 0.1283
