Location: Dedata_3.png_Gaussian-Closing.png
Component: component_1755523487018_186.png
centerX: 0.23911290322580644
centerY: 0.585636933599316
width: 0.0532258064516129
height: 0.026788258763180393
Area: 0.0005940944483769845
CentroidX: 0.2638
CentroidY: 0.5962
