Location: Dedata_3.png_Mean-Medain.png
Component: component_1755523486095_148.png
centerX: 0.8923387096774194
centerY: 0.45112567683100596
width: 0.05241935483870968
height: 0.024793388429752067
Area: 0.0005955883028893444
CentroidX: 0.9176
CentroidY: 0.4615
