Location: Dedata_3.png_Gaussian-Closing.png
Component: component_1755523487014_168.png
centerX: 0.6524193548387097
centerY: 0.5112567683100598
width: 0.04435483870967742
height: 0.022798518096323737
Area: 0.0005241131100672005
CentroidX: 0.6733
CentroidY: 0.5211
