Location: Dedata_3.png_Mean-Closing.png
Component: component_1755523486717_217.png
centerX: 0.5604838709677419
centerY: 0.6925049871758335
width: 0.049193548387096775
height: 0.022228555143915644
Area: 0.0005623787679607278
CentroidX: 0.5848
CentroidY: 0.7018
