Location: Dedata_3.png_Mean-Medain.png
Component: component_1755523486109_221.png
centerX: 0.08588709677419355
centerY: 0.6831005984611
width: 0.04717741935483871
height: 0.02365346252493588
Area: 0.0006094926410428484
CentroidX: 0.1087
CentroidY: 0.6930
