Location: Dedata_3.png_Mean-Medain.png
Component: component_1755523486088_117.png
centerX: 0.8185483870967742
centerY: 0.33627814192077515
width: 0.05120967741935484
height: 0.024223425477343973
Area: 0.0006166171779479495
CentroidX: 0.8431
CentroidY: 0.3455
