Location: Dedata_3.png_Otsu.png
Component: component_1755523486893_217.png
centerX: 0.08830645161290322
centerY: 0.5970361926474779
width: 0.045564516129032256
height: 0.021658592191507554
Area: 0.0005234236387538036
CentroidX: 0.1101
CentroidY: 0.6063
