Location: Dedata_3.png_Gaussian-Closing.png
Component: component_1755523486989_71.png
centerX: 0.675
centerY: 0.1878027928184668
width: 0.045564516129032256
height: 0.019948703334283273
Area: 0.0004795272984675351
CentroidX: 0.6979
CentroidY: 0.1960
