Location: Dedata_3.png_Mean-Closing.png
Component: component_1755523486746_247.png
centerX: 0.17137096774193547
centerY: 0.8067825591336563
width: 0.049193548387096775
height: 0.025078369905956112
Area: 0.0006221329484551246
CentroidX: 0.1956
CentroidY: 0.8171
