Location: Dedata_3.png_Gaussian-Closing.png
Component: component_1755523487014_170.png
centerX: 0.48870967741935484
centerY: 0.5252208606440582
width: 0.04516129032258064
height: 0.022513536620119692
Area: 0.000543992866270144
CentroidX: 0.5099
CentroidY: 0.5355
