Location: Dedata_3.png_Otsu.png
Component: component_1755523486875_174.png
centerX: 0.8927419354838709
centerY: 0.45141065830721006
width: 0.05120967741935484
height: 0.024223425477343973
Area: 0.0005184824276744592
CentroidX: 0.9171
CentroidY: 0.4614
