Location: Dedata_3.png_Gaussian-Closing.png
Component: component_1755523486996_95.png
centerX: 0.7443548387096774
centerY: 0.26303790253633513
width: 0.04959677419354839
height: 0.021373610715303505
Area: 0.0005094043887147336
CentroidX: 0.7686
CentroidY: 0.2709
