Location: Dedata_3.png_Mean-Medain.png
Component: component_1755523486092_136.png
centerX: 0.33911290322580645
centerY: 0.40381875178113424
width: 0.04879032258064516
height: 0.022513536620119692
Area: 0.0005615743847617647
CentroidX: 0.3620
CentroidY: 0.4135
