Location: Dedata_3.png_Mean-Closing.png
Component: component_1755523486553_87.png
centerX: 0.25483870967741934
centerY: 0.24565403248788828
width: 0.05604838709677419
height: 0.021658592191507554
Area: 0.0006252355693654106
CentroidX: 0.2819
CentroidY: 0.2545
