Location: Dedata_3.png_Mean-Medain.png
Component: component_1755523486102_183.png
centerX: 0.018145161290322582
centerY: 0.5557138785978911
width: 0.04314516129032258
height: 0.0219435736677116
Area: 0.0006143189402366266
CentroidX: 0.0380
CentroidY: 0.5658
