Location: Dedata_3.png_Otsu.png
Component: component_1755523486894_225.png
centerX: 0.802016129032258
centerY: 0.6292390994585352
width: 0.053629032258064514
height: 0.0219435736677116
Area: 0.00048952463251179
CentroidX: 0.8287
CentroidY: 0.6378
