Location: Dedata_3.png_Mean-Closing.png
Component: component_1755523486206_17.png
centerX: 0.7536290322580645
centerY: 0.055571387859789115
width: 0.05161290322580645
height: 0.021373610715303505
Area: 0.0005014754686106693
CentroidX: 0.7786
CentroidY: 0.0633
