Location: Dedata_3.png_Mean-Closing.png
Component: component_1755523486541_67.png
centerX: 0.7560483870967742
centerY: 0.1866628669136506
width: 0.04596774193548387
height: 0.021658592191507554
Area: 0.0005258367883506927
CentroidX: 0.7778
CentroidY: 0.1959
