Location: Dedata_3.png_Otsu.png
Component: component_1755523486834_22.png
centerX: 0.42701612903225805
centerY: 0.058136221145625534
width: 0.04838709677419355
height: 0.02336848104873183
Area: 0.00047941238658196893
CentroidX: 0.4505
CentroidY: 0.0671
