Location: Dedata_3.png_Otsu.png
Component: component_1755523486859_147.png
centerX: 0.5024193548387097
centerY: 0.35337703049301794
width: 0.046370967741935484
height: 0.021658592191507554
Area: 0.00037748554408479577
CentroidX: 0.5288
CentroidY: 0.3611
