Location: Dedata_3.png_Gaussian-Closing.png
Component: component_1755523487022_204.png
centerX: 0.015725806451612902
centerY: 0.6469079509831861
width: 0.049193548387096775
height: 0.02108862923909946
Area: 0.000515954366192004
CentroidX: 0.0401
CentroidY: 0.6558
