Location: Dedata_3.png_Otsu.png
Component: component_1755523486889_207.png
centerX: 0.5633064516129033
centerY: 0.5597036192647478
width: 0.049193548387096775
height: 0.023938444001139925
Area: 0.000524572757609465
CentroidX: 0.5872
CentroidY: 0.5693
