Location: Dedata_3.png_Otsu.png
Component: component_1755523486831_16.png
centerX: 0.7540322580645161
centerY: 0.05585636933599316
width: 0.05040322580645161
height: 0.02080364776289541
Area: 0.00038403552156206623
CentroidX: 0.7783
CentroidY: 0.0632
