Location: Dedata_3.png_Mean-Medain.png
Component: component_1755523486112_233.png
centerX: 0.1064516129032258
centerY: 0.7244229125106868
width: 0.04798387096774193
height: 0.02536335138216016
Area: 0.0005855909688450895
CentroidX: 0.1301
CentroidY: 0.7354
