Location: Dedata_3.png_Mean-Closing.png
Component: component_1755523486590_137.png
centerX: 0.17459677419354838
centerY: 0.4140780849244799
width: 0.050806451612903224
height: 0.023083499572527786
Area: 0.0005958181266604767
CentroidX: 0.1976
CentroidY: 0.4239
