Location: Dedata_3.png_Gaussian-Closing.png
Component: component_1755523486976_19.png
centerX: 0.7536290322580645
centerY: 0.055571387859789115
width: 0.05161290322580645
height: 0.021373610715303505
Area: 0.0004809062410943289
CentroidX: 0.7787
CentroidY: 0.0633
