Location: Dedata_3.png_Otsu.png
Component: component_1755523486854_132.png
centerX: 0.7419354838709677
centerY: 0.3020803647762895
width: 0.049193548387096775
height: 0.021373610715303505
Area: 0.0004773439726417783
CentroidX: 0.7667
CentroidY: 0.3104
