Location: Dedata_3.png_Otsu.png
Component: component_1755523486919_278.png
centerX: 0.3350806451612903
centerY: 0.7985180963237389
width: 0.04838709677419355
height: 0.021373610715303505
Area: 0.00046838084556761876
CentroidX: 0.3597
CentroidY: 0.8070
