Location: Dedata_3.png_Mean-Medain.png
Component: component_1755523486091_135.png
centerX: 0.419758064516129
centerY: 0.40096893701909375
width: 0.05241935483870968
height: 0.021373610715303505
Area: 0.0005847865856461265
CentroidX: 0.4446
CentroidY: 0.4098
