Location: Dedata_3.png_Otsu.png
Component: component_1755523486867_162.png
centerX: 0.3395161290322581
centerY: 0.4041037332573383
width: 0.04798387096774193
height: 0.0219435736677116
Area: 0.0004783781796118736
CentroidX: 0.3620
CentroidY: 0.4133
