Location: Dedata_3.png_Mean-Medain.png
Component: component_1755523486069_27.png
centerX: 0.33588709677419354
centerY: 0.05956112852664577
width: 0.056451612903225805
height: 0.02108862923909946
Area: 0.0006025979279088795
CentroidX: 0.3639
CentroidY: 0.0676
