Location: Dedata_3.png_Gaussian-Closing.png
Component: component_1755523487033_244.png
centerX: 0.4104838709677419
centerY: 0.7945283556568823
width: 0.052016129032258066
height: 0.023083499572527786
Area: 0.0005334209727980584
CentroidX: 0.4357
CentroidY: 0.8031
