Location: Dedata_3.png_Mean-Medain.png
Component: component_1755523486116_251.png
centerX: 0.41008064516129034
centerY: 0.7942433741806783
width: 0.05241935483870968
height: 0.02336848104873183
Area: 0.000581224317193576
CentroidX: 0.4357
CentroidY: 0.8031
