Location: Dedata_3.png_Mean-Medain.png
Component: component_1755523486078_70.png
centerX: 0.675
centerY: 0.1878027928184668
width: 0.045564516129032256
height: 0.019948703334283273
Area: 0.0005143455997940779
CentroidX: 0.6979
CentroidY: 0.1959
