Location: Dedata_3.png_Mean-Closing.png
Component: component_1755523486744_240.png
centerX: 0.02056451612903226
centerY: 0.7745796523225991
width: 0.045564516129032256
height: 0.024793388429752067
Area: 0.0006098373766995468
CentroidX: 0.0432
CentroidY: 0.7851
