Location: Dedata_3.png_Gaussian-Closing.png
Component: component_1755523487025_215.png
centerX: 0.6419354838709678
centerY: 0.6839555428897122
width: 0.0467741935483871
height: 0.022228555143915644
Area: 0.0005021649399240662
CentroidX: 0.6648
CentroidY: 0.6939
