Location: Dedata_3.png_Otsu.png
Component: component_1755523486834_26.png
centerX: 0.3362903225806452
centerY: 0.05984611000284981
width: 0.055645161290322584
height: 0.020233684810487318
Area: 0.0005111280669982258
CentroidX: 0.3637
CentroidY: 0.0674
