Location: Dedata_3.png_Otsu.png
Component: component_1755523486852_123.png
centerX: 0.49556451612903224
centerY: 0.27700199487033345
width: 0.04717741935483871
height: 0.019948703334283273
Area: 0.00046998961196554484
CentroidX: 0.5187
CentroidY: 0.2850
