Location: Dedata_3.png_Mean-Medain.png
Component: component_1755523486112_234.png
centerX: 0.6528225806451613
centerY: 0.7247078939868908
width: 0.049193548387096775
height: 0.024508406953548018
Area: 0.0005742146921740409
CentroidX: 0.6777
CentroidY: 0.7350
