Location: Dedata_3.png_Otsu.png
Component: component_1755523486843_78.png
centerX: 0.5967741935483871
centerY: 0.15588486748361358
width: 0.041935483870967745
height: 0.015388999715018524
Area: 0.000271192049936109
CentroidX: 0.6192
CentroidY: 0.1616
