Location: Dedata_3.png_Otsu.png
Component: component_1755523486866_159.png
centerX: 0.5774193548387097
centerY: 0.39184952978056425
width: 0.04879032258064516
height: 0.022513536620119692
Area: 0.0005225043436692744
CentroidX: 0.6016
CentroidY: 0.4012
