Location: Dedata_3.png_Mean-Closing.png
Component: component_1755523486568_101.png
centerX: 0.17459677419354838
centerY: 0.2878312909660872
width: 0.04516129032258064
height: 0.022798518096323737
Area: 0.0005426139236433502
CentroidX: 0.1964
CentroidY: 0.2976
