Location: Dedata_3.png_Gaussian-Closing.png
Component: component_1755523487002_118.png
centerX: 0.010080645161290322
centerY: 0.33684810487318323
width: 0.053629032258064514
height: 0.02080364776289541
Area: 0.0005115877145404903
CentroidX: 0.0367
CentroidY: 0.3450
