Location: Dedata_3.png_Otsu.png
Component: component_1755523486896_230.png
centerX: 0.6387096774193548
centerY: 0.6440581362211456
width: 0.04838709677419355
height: 0.022798518096323737
Area: 0.0005002114378694417
CentroidX: 0.6626
CentroidY: 0.6530
