Location: Dedata_3.png_Mean-Medain.png
Component: component_1755523486085_104.png
centerX: 0.9
centerY: 0.2932459390139641
width: 0.056451612903225805
height: 0.022513536620119692
Area: 0.0005889234135265078
CentroidX: 0.9276
CentroidY: 0.3016
