Location: Dedata_3.png_Otsu.png
Component: component_1755523486889_209.png
centerX: 0.4056451612903226
centerY: 0.5713878597891137
width: 0.0467741935483871
height: 0.022513536620119692
Area: 0.0004845834214324456
CentroidX: 0.4288
CentroidY: 0.5811
