Location: Dedata_3.png_Mean-Medain.png
Component: component_1755523486081_83.png
centerX: 0.6701612903225806
centerY: 0.22770019948703335
width: 0.043548387096774194
height: 0.022513536620119692
Area: 0.0005249174932661636
CentroidX: 0.6912
CentroidY: 0.2372
