Location: Dedata_3.png_Gaussian-Closing.png
Component: component_1755523487032_238.png
centerX: 0.09233870967741936
centerY: 0.768025078369906
width: 0.04516129032258064
height: 0.025078369905956112
Area: 0.0005708822474926226
CentroidX: 0.1144
CentroidY: 0.7782
