Location: Dedata_3.png_Otsu.png
Component: component_1755523486838_61.png
centerX: 0.4205645161290323
centerY: 0.12282701624394414
width: 0.04879032258064516
height: 0.017953833000854943
Area: 0.0002863604188308405
CentroidX: 0.4496
CentroidY: 0.1297
