Location: Dedata_3.png_Gaussian-Closing.png
Component: component_1755523487013_166.png
centerX: 0.09959677419354838
centerY: 0.5064120832145911
width: 0.04959677419354839
height: 0.022513536620119692
Area: 0.0005788111675966869
CentroidX: 0.1234
CentroidY: 0.5160
