Location: Dedata_3.png_Mean-Closing.png
Component: component_1755523486593_144.png
centerX: 0.5810483870967742
centerY: 0.43203191792533485
width: 0.05040322580645161
height: 0.022228555143915644
Area: 0.0006422425284292005
CentroidX: 0.6049
CentroidY: 0.4416
