Location: Dedata_3.png_Otsu.png
Component: component_1755523486909_256.png
centerX: 0.7294354838709678
centerY: 0.7164434311769735
width: 0.049193548387096775
height: 0.025078369905956112
Area: 0.0004883755136561285
CentroidX: 0.7541
CentroidY: 0.7263
