Location: Dedata_3.png_Mean-Closing.png
Component: component_1755523486188_9.png
centerX: 0.3161290322580645
centerY: 0.013394129381590196
width: 0.036290322580645164
height: 0.02536335138216016
Area: 0.0005732953970895118
CentroidX: 0.3344
CentroidY: 0.0243
