Location: Dedata_3.png_Gaussian-Closing.png
Component: component_1755523487010_150.png
centerX: 0.8145161290322581
centerY: 0.4591051581647193
width: 0.05604838709677419
height: 0.023938444001139925
Area: 0.0005689287454379981
CentroidX: 0.8416
CentroidY: 0.4692
