Location: Dedata_3.png_Otsu.png
Component: component_1755523486888_204.png
centerX: 0.0967741935483871
centerY: 0.5540039897406669
width: 0.03951612903225806
height: 0.021658592191507554
Area: 0.0005519217863742083
CentroidX: 0.1153
CentroidY: 0.5637
