Location: Dedata_3.png_Mean-Closing.png
Component: component_1755523486571_103.png
centerX: 0.9
centerY: 0.2932459390139641
width: 0.056451612903225805
height: 0.022513536620119692
Area: 0.0005886935897553756
CentroidX: 0.9275
CentroidY: 0.3016
