Location: Dedata_3.png_Mean-Closing.png
Component: component_1755523486662_186.png
centerX: 0.23911290322580644
centerY: 0.585636933599316
width: 0.0532258064516129
height: 0.026788258763180393
Area: 0.0006287978378179612
CentroidX: 0.2638
CentroidY: 0.5961
