Location: Dedata_3.png_Mean-Medain.png
Component: component_1755523486093_143.png
centerX: 0.009274193548387096
centerY: 0.42547734397264175
width: 0.04596774193548387
height: 0.0219435736677116
Area: 0.0005796155507956499
CentroidX: 0.0312
CentroidY: 0.4357
