Location: Dedata_3.png_Mean-Closing.png
Component: component_1755523486574_107.png
centerX: 0.6564516129032258
centerY: 0.3055001424907381
width: 0.052016129032258066
height: 0.02080364776289541
Area: 0.0005765129298853639
CentroidX: 0.6822
CentroidY: 0.3137
