Location: Dedata_3.png_Mean-Medain.png
Component: component_1755523486070_31.png
centerX: 0.5987903225806451
centerY: 0.091479053861499
width: 0.049193548387096775
height: 0.022228555143915644
Area: 0.0005115877145404903
CentroidX: 0.6227
CentroidY: 0.0999
