Location: Dedata_3.png_Mean-Closing.png
Component: component_1755523486745_244.png
centerX: 0.4104838709677419
centerY: 0.7942433741806783
width: 0.052016129032258066
height: 0.02336848104873183
Area: 0.0005793857270245176
CentroidX: 0.4358
CentroidY: 0.8031
