Location: Dedata_3.png_Otsu.png
Component: component_1755523486850_113.png
centerX: 0.17419354838709677
centerY: 0.249928754630949
width: 0.046370967741935484
height: 0.02080364776289541
Area: 0.0004605668373491207
CentroidX: 0.1964
CentroidY: 0.2581
