Location: Dedata_3.png_Mean-Medain.png
Component: component_1755523486071_35.png
centerX: 0.510483870967742
centerY: 0.09518381305215161
width: 0.050806451612903224
height: 0.019948703334283273
Area: 0.0004858474521736732
CentroidX: 0.5347
CentroidY: 0.1031
