Location: Dedata_3.png_Otsu.png
Component: component_1755523486887_200.png
centerX: 0.8036290322580645
centerY: 0.542604730692505
width: 0.04838709677419355
height: 0.022513536620119692
Area: 0.0005030842350085954
CentroidX: 0.8280
CentroidY: 0.5522
