Location: Dedata_3.png_Otsu.png
Component: component_1755523486916_270.png
centerX: 0.8
centerY: 0.7620404673696209
width: 0.04798387096774193
height: 0.023938444001139925
Area: 0.0005190569871022899
CentroidX: 0.8252
CentroidY: 0.7725
