Location: Dedata_3.png_Mean-Medain.png
Component: component_1755523486115_247.png
centerX: 0.02056451612903226
centerY: 0.7745796523225991
width: 0.045564516129032256
height: 0.025078369905956112
Area: 0.0006105268480129436
CentroidX: 0.0432
CentroidY: 0.7851
