Location: Dedata_3.png_Mean-Closing.png
Component: component_1755523486710_197.png
centerX: 0.32903225806451614
centerY: 0.622399544029638
width: 0.05
height: 0.025078369905956112
Area: 0.0006599389588063873
CentroidX: 0.3529
CentroidY: 0.6334
