Location: Dedata_3.png_Otsu.png
Component: component_1755523486856_139.png
centerX: 0.17943548387096775
centerY: 0.329438586491878
width: 0.04596774193548387
height: 0.021658592191507554
Area: 0.0004412616405740079
CentroidX: 0.2024
CentroidY: 0.3376
