Location: Dedata_3.png_Otsu.png
Component: component_1755523486910_259.png
centerX: 0.6532258064516129
centerY: 0.7249928754630949
width: 0.04798387096774193
height: 0.023938444001139925
Area: 0.0004898693681684884
CentroidX: 0.6774
CentroidY: 0.7347
