Location: Dedata_3.png_Mean-Medain.png
Component: component_1755523486084_99.png
centerX: 0.4205645161290323
centerY: 0.27871188372755773
width: 0.050806451612903224
height: 0.020518666286691366
Area: 0.0005353744748526829
CentroidX: 0.4452
CentroidY: 0.2866
