Location: Dedata_3.png_Mean-Medain.png
Component: component_1755523486083_93.png
centerX: 0.014112903225806451
centerY: 0.2579082359646623
width: 0.041935483870967745
height: 0.019663721858079224
Area: 0.00044999494387703507
CentroidX: 0.0346
CentroidY: 0.2654
