Location: Dedata_3.png_Gaussian-Closing.png
Component: component_1755523486997_100.png
centerX: 0.34274193548387094
centerY: 0.2829866058706184
width: 0.04758064516129032
height: 0.021658592191507554
Area: 0.0004836641263479164
CentroidX: 0.3657
CentroidY: 0.2911
