Location: Dedata_3.png_Mean-Closing.png
Component: component_1755523486595_149.png
centerX: 0.8145161290322581
centerY: 0.4591051581647193
width: 0.05604838709677419
height: 0.023938444001139925
Area: 0.0005962777742027413
CentroidX: 0.8415
CentroidY: 0.4691
