Location: Dedata_3.png_Gaussian-Closing.png
Component: component_1755523486992_83.png
centerX: 0.8262096774193548
centerY: 0.22542034767740096
width: 0.04798387096774193
height: 0.023083499572527786
Area: 0.000523768374410502
CentroidX: 0.8492
CentroidY: 0.2346
