Location: Dedata_3.png_Mean-Medain.png
Component: component_1755523486103_192.png
centerX: 0.8024193548387096
centerY: 0.5879167854089484
width: 0.05
height: 0.0219435736677116
Area: 0.0005961628623171751
CentroidX: 0.8278
CentroidY: 0.5973
