Location: Dedata_3.png_Gaussian-Closing.png
Component: component_1755523486978_24.png
centerX: 0.4266129032258065
centerY: 0.05785123966942149
width: 0.049193548387096775
height: 0.024223425477343973
Area: 0.0005442226900412763
CentroidX: 0.4507
CentroidY: 0.0675
