Location: Dedata_3.png_Mean-Closing.png
Component: component_1755523486369_39.png
centerX: 0.09475806451612903
centerY: 0.10002849814762041
width: 0.0467741935483871
height: 0.021658592191507554
Area: 0.0005045780895209553
CentroidX: 0.1172
CentroidY: 0.1087
