Location: Dedata_3.png_Gaussian-Closing.png
Component: component_1755523486983_44.png
centerX: 0.6899193548387097
centerY: 0.12225705329153605
width: 0.04879032258064516
height: 0.01909375890567113
Area: 0.0004179345278040798
CentroidX: 0.7134
CentroidY: 0.1300
