Location: Dedata_3.png_Gaussian-Closing.png
Component: component_1755523487027_223.png
centerX: 0.26048387096774195
centerY: 0.7158734682245654
width: 0.04758064516129032
height: 0.024508406953548018
Area: 0.0005539902003143989
CentroidX: 0.2841
CentroidY: 0.7258
