Location: Dedata_3.png_Mean-Medain.png
Component: component_1755523486067_17.png
centerX: 0.9096774193548387
centerY: 0.05443146195497293
width: 0.05604838709677419
height: 0.02365346252493588
Area: 0.0006082286103016207
CentroidX: 0.9371
CentroidY: 0.0638
