Location: Dedata_3.png_Mean-Closing.png
Component: component_1755523486718_218.png
centerX: 0.4778225806451613
centerY: 0.6984895981761186
width: 0.0467741935483871
height: 0.02080364776289541
Area: 0.0005506577556329806
CentroidX: 0.5010
CentroidY: 0.7075
