Location: Dedata_3.png_Mean-Closing.png
Component: component_1755523486564_98.png
centerX: 0.4205645161290323
centerY: 0.27871188372755773
width: 0.050806451612903224
height: 0.020518666286691366
Area: 0.0005360639461660799
CentroidX: 0.4452
CentroidY: 0.2866
