Location: Dedata_3.png_Gaussian-Closing.png
Component: component_1755523486991_76.png
centerX: 0.3338709677419355
centerY: 0.20034197777144486
width: 0.05161290322580645
height: 0.020233684810487318
Area: 0.000524572757609465
CentroidX: 0.3590
CentroidY: 0.2087
