Location: Dedata_3.png_Mean-Closing.png
Component: component_1755523486736_229.png
centerX: 0.03024193548387097
centerY: 0.731547449415788
width: 0.05040322580645161
height: 0.0219435736677116
Area: 0.000571226983149321
CentroidX: 0.0549
CentroidY: 0.7407
