Location: Dedata_3.png_Mean-Medain.png
Component: component_1755523486106_204.png
centerX: 0.2564516129032258
centerY: 0.6295240809347392
width: 0.04596774193548387
height: 0.023083499572527786
Area: 0.0005829479954770682
CentroidX: 0.2785
CentroidY: 0.6389
