Location: Dedata_3.png_Gaussian-Closing.png
Component: component_1755523487014_169.png
centerX: 0.5685483870967742
centerY: 0.5175263607865489
width: 0.04758064516129032
height: 0.021373610715303505
Area: 0.0005111280669982258
CentroidX: 0.5922
CentroidY: 0.5270
