Location: Dedata_3.png_Otsu.png
Component: component_1755523486848_106.png
centerX: 0.6705645161290322
centerY: 0.2279851809632374
width: 0.04233870967741935
height: 0.0219435736677116
Area: 0.0004573493045532686
CentroidX: 0.6911
CentroidY: 0.2370
