Location: Dedata_3.png_Gaussian-Closing.png
Component: component_1755523487006_136.png
centerX: 0.33911290322580645
centerY: 0.40381875178113424
width: 0.04879032258064516
height: 0.022513536620119692
Area: 0.0005223894317837082
CentroidX: 0.3622
CentroidY: 0.4135
