Location: Dedata_3.png_Gaussian-Closing.png
Component: component_1755523487009_148.png
centerX: 0.8923387096774194
centerY: 0.45112567683100596
width: 0.052016129032258066
height: 0.024793388429752067
Area: 0.0005646770056720507
CentroidX: 0.9173
CentroidY: 0.4616
