Location: Dedata_3.png_Gaussian-Closing.png
Component: component_1755523487005_132.png
centerX: 0.6576612903225807
centerY: 0.3847249928754631
width: 0.04838709677419355
height: 0.026503277286976348
Area: 0.0005536454646577005
CentroidX: 0.6803
CentroidY: 0.3957
