Location: Dedata_3.png_Mean-Medain.png
Component: component_1755523486099_170.png
centerX: 0.5685483870967742
centerY: 0.5175263607865489
width: 0.04798387096774193
height: 0.021373610715303505
Area: 0.0005500831962051499
CentroidX: 0.5921
CentroidY: 0.5270
