Location: Dedata_3.png_Otsu.png
Component: component_1755523486830_15.png
centerX: 0.9100806451612903
centerY: 0.05471644343117697
width: 0.05524193548387097
height: 0.023083499572527786
Area: 0.0005216999604703114
CentroidX: 0.9370
CentroidY: 0.0636
