Location: Dedata_3.png_Otsu.png
Component: component_1755523486895_227.png
centerX: 0.17459677419354838
centerY: 0.6340837845540039
width: 0.049193548387096775
height: 0.023083499572527786
Area: 0.000480216769780932
CentroidX: 0.1986
CentroidY: 0.6433
