Location: Dedata_3.png_Otsu.png
Component: component_1755523486878_180.png
centerX: 0.09838709677419355
centerY: 0.4650897691650043
width: 0.046370967741935484
height: 0.02365346252493588
Area: 0.0004988324952426479
CentroidX: 0.1193
CentroidY: 0.4756
