Location: Dedata_3.png_Mean-Medain.png
Component: component_1755523486073_46.png
centerX: 0.5120967741935484
centerY: 0.12282701624394414
width: 0.04798387096774193
height: 0.018808777429467086
Area: 0.00045355721232958566
CentroidX: 0.5350
CentroidY: 0.1299
