Location: Dedata_3.png_Gaussian-Closing.png
Component: component_1755523487017_183.png
centerX: 0.40524193548387094
centerY: 0.5711028783129096
width: 0.04758064516129032
height: 0.02336848104873183
Area: 0.0005327315014846616
CentroidX: 0.4290
CentroidY: 0.5814
