Location: Dedata_3.png_Otsu.png
Component: component_1755523486914_266.png
centerX: 0.2540322580645161
centerY: 0.7537760045597036
width: 0.05161290322580645
height: 0.022513536620119692
Area: 0.00048251500749225496
CentroidX: 0.2797
CentroidY: 0.7626
