Location: Dedata_3.png_Gaussian-Closing.png
Component: component_1755523487001_117.png
centerX: 0.8185483870967742
centerY: 0.33627814192077515
width: 0.05120967741935484
height: 0.024223425477343973
Area: 0.0005884637659842433
CentroidX: 0.8433
CentroidY: 0.3456
