Location: Dedata_3.png_Otsu.png
Component: component_1755523486872_168.png
centerX: 0.739516129032258
centerY: 0.42405243659162156
width: 0.03951612903225806
height: 0.01937874038187518
Area: 0.0004449388209121246
CentroidX: 0.7592
CentroidY: 0.4322
