Location: Dedata_3.png_Otsu.png
Component: component_1755523486905_243.png
centerX: 0.16048387096774194
centerY: 0.6796808207466515
width: 0.04879032258064516
height: 0.022513536620119692
Area: 0.0004867667472582024
CentroidX: 0.1851
CentroidY: 0.6892
