Location: Dedata_3.png_Mean-Closing.png
Component: component_1755523486662_185.png
centerX: 0.8818548387096774
centerY: 0.5793673411228271
width: 0.05
height: 0.025078369905956112
Area: 0.0005482446060360916
CentroidX: 0.9066
CentroidY: 0.5896
