Location: Dedata_3.png_Mean-Medain.png
Component: component_1755523486114_245.png
centerX: 0.09233870967741936
centerY: 0.7677400968937019
width: 0.045564516129032256
height: 0.025078369905956112
Area: 0.0006133996451520974
CentroidX: 0.1145
CentroidY: 0.7781
