Location: Dedata_3.png_Otsu.png
Component: component_1755523486848_103.png
centerX: 0.9032258064516129
centerY: 0.2231404958677686
width: 0.05
height: 0.02108862923909946
Area: 0.0004838939501190487
CentroidX: 0.9278
CentroidY: 0.2314
