Location: Dedata_3.png_Gaussian-Closing.png
Component: component_1755523487004_126.png
centerX: 0.17943548387096775
centerY: 0.3724707893986891
width: 0.04516129032258064
height: 0.018523795953263037
Area: 0.000461601044319216
CentroidX: 0.2016
CentroidY: 0.3803
