Location: Dedata_3.png_Otsu.png
Component: component_1755523486905_240.png
centerX: 0.7205645161290323
centerY: 0.6779709318894271
width: 0.04879032258064516
height: 0.022228555143915644
Area: 0.00047412643984592613
CentroidX: 0.7450
CentroidY: 0.6865
