Location: Dedata_3.png_Mean-Closing.png
Component: component_1755523486586_127.png
centerX: 0.8141129032258064
centerY: 0.37646053006554575
width: 0.04798387096774193
height: 0.024223425477343973
Area: 0.0005729506614328133
CentroidX: 0.8375
CentroidY: 0.3864
