Location: Dedata_3.png_Mean-Medain.png
Component: component_1755523486066_10.png
centerX: 0.3161290322580645
centerY: 0.013394129381590196
width: 0.03669354838709677
height: 0.025648332858364205
Area: 0.0005737550446317764
CentroidX: 0.3344
CentroidY: 0.0243
