Location: Dedata_3.png_Mean-Closing.png
Component: component_1755523486746_248.png
centerX: 0.09233870967741936
centerY: 0.8130521516101453
width: 0.04717741935483871
height: 0.02336848104873183
Area: 0.0005614594728761985
CentroidX: 0.1156
CentroidY: 0.8226
