Location: Dedata_3.png_Otsu.png
Component: component_1755523486872_169.png
centerX: 0.00967741935483871
centerY: 0.42576232544884585
width: 0.04516129032258064
height: 0.021658592191507554
Area: 0.0005098640362569981
CentroidX: 0.0312
CentroidY: 0.4356
