Location: Dedata_3.png_Mean-Closing.png
Component: component_1755523486532_60.png
centerX: 0.41693548387096774
centerY: 0.16072955257908236
width: 0.04717741935483871
height: 0.0176688515246509
Area: 0.00042333538642568875
CentroidX: 0.4392
CentroidY: 0.1677
