Location: Dedata_3.png_Mean-Medain.png
Component: component_1755523486115_248.png
centerX: 0.65
centerY: 0.7751496152750071
width: 0.052016129032258066
height: 0.02336848104873183
Area: 0.0005615743847617647
CentroidX: 0.6758
CentroidY: 0.7847
