Location: Dedata_3.png_Mean-Closing.png
Component: component_1755523486581_116.png
centerX: 0.8185483870967742
centerY: 0.33627814192077515
width: 0.05120967741935484
height: 0.023938444001139925
Area: 0.0006168470017190818
CentroidX: 0.8431
CentroidY: 0.3455
