Location: Dedata_3.png_Otsu.png
Component: component_1755523486826_11.png
centerX: 0.3717741935483871
centerY: 0.014249073810202337
width: 0.06048387096774194
height: 0.025933314334568254
Area: 0.0005893830610687725
CentroidX: 0.4010
CentroidY: 0.0239
