Location: Dedata_3.png_Mean-Closing.png
Component: component_1755523486557_94.png
centerX: 0.7443548387096774
centerY: 0.26303790253633513
width: 0.04959677419354839
height: 0.021373610715303505
Area: 0.0005351446510815506
CentroidX: 0.7685
CentroidY: 0.2709
