Location: Dedata_3.png_Mean-Medain.png
Component: component_1755523486112_231.png
centerX: 0.7290322580645161
centerY: 0.7164434311769735
width: 0.05
height: 0.02536335138216016
Area: 0.0005731804852039457
CentroidX: 0.7541
CentroidY: 0.7266
