Location: Dedata_3.png_Mean-Closing.png
Component: component_1755523486533_62.png
centerX: 0.25201612903225806
centerY: 0.16671416357936733
width: 0.049193548387096775
height: 0.018808777429467086
Area: 0.00046412910580167127
CentroidX: 0.2770
CentroidY: 0.1738
