Location: Dedata_3.png_Mean-Medain.png
Component: component_1755523486087_112.png
centerX: 0.33830645161290324
centerY: 0.32088914220575665
width: 0.05
height: 0.021658592191507554
Area: 0.0005522665220309067
CentroidX: 0.3621
CentroidY: 0.3297
