Location: Dedata_3.png_Mean-Closing.png
Component: component_1755523486227_25.png
centerX: 0.10161290322580645
centerY: 0.058991165574237676
width: 0.04395161290322581
height: 0.024508406953548018
Area: 0.0005826032598203698
CentroidX: 0.1230
CentroidY: 0.0703
