Location: Dedata_3.png_Mean-Medain.png
Component: component_1755523486086_107.png
centerX: 0.7415322580645162
centerY: 0.3017953833000855
width: 0.05040322580645161
height: 0.0219435736677116
Area: 0.0005596208827071402
CentroidX: 0.7667
CentroidY: 0.3106
