Location: Dedata_3.png_Gaussian-Closing.png
Component: component_1755523487006_134.png
centerX: 0.49556451612903224
centerY: 0.3952693074950128
width: 0.05040322580645161
height: 0.02336848104873183
Area: 0.0005308929113156032
CentroidX: 0.5204
CentroidY: 0.4051
