Location: Dedata_3.png_Otsu.png
Component: component_1755523486851_119.png
centerX: 0.667741935483871
centerY: 0.2690225135366201
width: 0.04717741935483871
height: 0.020518666286691366
Area: 0.00045999227792128993
CentroidX: 0.6904
CentroidY: 0.2767
