Location: Dedata_3.png_Otsu.png
Component: component_1755523486850_116.png
centerX: 0.014516129032258065
centerY: 0.2581932174408663
width: 0.0407258064516129
height: 0.018808777429467086
Area: 0.00038541446418886
CentroidX: 0.0344
CentroidY: 0.2652
