Location: Dedata_3.png_Mean-Medain.png
Component: component_1755523486089_122.png
centerX: 0.4971774193548387
centerY: 0.3530920490168139
width: 0.05241935483870968
height: 0.02336848104873183
Area: 0.0005632980630452569
CentroidX: 0.5233
CentroidY: 0.3625
