Location: Dedata_3.png_Mean-Closing.png
Component: component_1755523486207_19.png
centerX: 0.8354838709677419
centerY: 0.056141350812197205
width: 0.04879032258064516
height: 0.02080364776289541
Area: 0.000504348265749823
CentroidX: 0.8592
CentroidY: 0.0642
