Location: Dedata_3.png_Gaussian-Closing.png
Component: component_1755523487005_133.png
centerX: 0.5770161290322581
centerY: 0.3915645483043602
width: 0.049193548387096775
height: 0.023083499572527786
Area: 0.0005643322700153523
CentroidX: 0.6016
CentroidY: 0.4014
