Location: Dedata_3.png_Mean-Medain.png
Component: component_1755523486078_68.png
centerX: 0.7560483870967742
centerY: 0.1866628669136506
width: 0.04596774193548387
height: 0.0219435736677116
Area: 0.0005266411715496558
CentroidX: 0.7778
CentroidY: 0.1959
