Location: Dedata_3.png_Gaussian-Closing.png
Component: component_1755523487003_122.png
centerX: 0.4971774193548387
centerY: 0.3530920490168139
width: 0.052016129032258066
height: 0.023083499572527786
Area: 0.0005268709953207881
CentroidX: 0.5233
CentroidY: 0.3626
