Location: Dedata_3.png_Mean-Closing.png
Component: component_1755523486588_130.png
centerX: 0.7362903225806452
centerY: 0.38273012254203476
width: 0.04153225806451613
height: 0.02108862923909946
Area: 0.0005065315915755798
CentroidX: 0.7559
CentroidY: 0.3919
