Location: Dedata_3.png_Gaussian-Closing.png
Component: component_1755523487005_131.png
centerX: 0.7366935483870968
centerY: 0.38273012254203476
width: 0.0407258064516129
height: 0.02108862923909946
Area: 0.00047493082304488917
CentroidX: 0.7559
CentroidY: 0.3919
