Location: Dedata_3.png_Mean-Medain.png
Component: component_1755523486100_173.png
centerX: 0.8782258064516129
centerY: 0.5354801937874039
width: 0.056451612903225805
height: 0.0262182958107723
Area: 0.0006371864054642899
CentroidX: 0.9061
CentroidY: 0.5461
