Location: Dedata_3.png_Mean-Closing.png
Component: component_1755523486744_241.png
centerX: 0.65
centerY: 0.7751496152750071
width: 0.05161290322580645
height: 0.023083499572527786
Area: 0.0005606550896772355
CentroidX: 0.6758
CentroidY: 0.7847
