Location: Dedata_3.png_Mean-Closing.png
Component: component_1755523486554_91.png
centerX: 0.8991935483870968
centerY: 0.25591336563123396
width: 0.052016129032258066
height: 0.021658592191507554
Area: 0.0005289394092609787
CentroidX: 0.9246
CentroidY: 0.2646
