Location: Dedata_3.png_Gaussian-Closing.png
Component: component_1755523487006_137.png
centerX: 0.2532258064516129
centerY: 0.41179823311484753
width: 0.04596774193548387
height: 0.02080364776289541
Area: 0.0005060719440333153
CentroidX: 0.2756
CentroidY: 0.4204
