Location: Dedata_3.png_Mean-Medain.png
Component: component_1755523486113_238.png
centerX: 0.4161290322580645
centerY: 0.7426617269877458
width: 0.05241935483870968
height: 0.02365346252493588
Area: 0.0006040917824212394
CentroidX: 0.4425
CentroidY: 0.7522
