Location: Dedata_3.png_Otsu.png
Component: component_1755523486842_77.png
centerX: 0.9217741935483871
centerY: 0.15275007124536905
width: 0.05241935483870968
height: 0.02080364776289541
Area: 0.0004449388209121246
CentroidX: 0.9469
CentroidY: 0.1612
