Location: Dedata_3.png_Otsu.png
Component: component_1755523486876_176.png
centerX: 0.8149193548387097
centerY: 0.4591051581647193
width: 0.05524193548387097
height: 0.02336848104873183
Area: 0.0005191718989878561
CentroidX: 0.8414
CentroidY: 0.4689
