Location: Dedata_3.png_Mean-Medain.png
Component: component_1755523486072_40.png
centerX: 0.09475806451612903
centerY: 0.10002849814762041
width: 0.0467741935483871
height: 0.0219435736677116
Area: 0.0005052675608343523
CentroidX: 0.1172
CentroidY: 0.1087
