Location: Dedata_3.png_Gaussian-Closing.png
Component: component_1755523487004_128.png
centerX: 0.8141129032258064
centerY: 0.37646053006554575
width: 0.04758064516129032
height: 0.024223425477343973
Area: 0.0005403156859320273
CentroidX: 0.8376
CentroidY: 0.3864
