Location: Dedata_3.png_Otsu.png
Component: component_1755523486884_195.png
centerX: 0.5689516129032258
centerY: 0.5178113422627529
width: 0.04717741935483871
height: 0.02080364776289541
Area: 0.00048343430257678414
CentroidX: 0.5920
CentroidY: 0.5269
