Location: Dedata_3.png_Gaussian-Closing.png
Component: component_1755523486990_74.png
centerX: 0.505241935483871
centerY: 0.1920775149615275
width: 0.04959677419354839
height: 0.02080364776289541
Area: 0.0005539902003143989
CentroidX: 0.5276
CentroidY: 0.2017
