Location: Dedata_3.png_Gaussian-Closing.png
Component: component_1755523487013_164.png
centerX: 0.1786290322580645
centerY: 0.5027073240239385
width: 0.04959677419354839
height: 0.02080364776289541
Area: 0.0005589314113937433
CentroidX: 0.2026
CentroidY: 0.5114
