Location: Dedata_3.png_Mean-Closing.png
Component: component_1755523486596_152.png
centerX: 0.7419354838709677
centerY: 0.4625249358791679
width: 0.05241935483870968
height: 0.025648332858364205
Area: 0.0006346583439818347
CentroidX: 0.7678
CentroidY: 0.4738
