Location: Dedata_3.png_Mean-Medain.png
Component: component_1755523486094_147.png
centerX: 0.4189516129032258
centerY: 0.4471359361641493
width: 0.05120967741935484
height: 0.0219435736677116
Area: 0.0005708822474926226
CentroidX: 0.4429
CentroidY: 0.4554
