Location: Dedata_3.png_Otsu.png
Component: component_1755523486855_137.png
centerX: 0.3387096774193548
centerY: 0.3211741236819607
width: 0.049193548387096775
height: 0.021373610715303505
Area: 0.00047676941321394753
CentroidX: 0.3620
CentroidY: 0.3296
