Location: Dedata_3.png_Otsu.png
Component: component_1755523486895_229.png
centerX: 0.09596774193548387
centerY: 0.6417782844115133
width: 0.0467741935483871
height: 0.02080364776289541
Area: 0.0004842386857757472
CentroidX: 0.1189
CentroidY: 0.6502
