Location: Dedata_3.png_Mean-Medain.png
Component: component_1755523486117_255.png
centerX: 0.09233870967741936
centerY: 0.8127671701339413
width: 0.04717741935483871
height: 0.02365346252493588
Area: 0.0005624936798462939
CentroidX: 0.1156
CentroidY: 0.8227
