Location: Dedata_3.png_Gaussian-Closing.png
Component: component_1755523487016_177.png
centerX: 0.7241935483870968
centerY: 0.5494442861214021
width: 0.04879032258064516
height: 0.022513536620119692
Area: 0.0005444525138124086
CentroidX: 0.7490
CentroidY: 0.5597
