Location: Dedata_3.png_Otsu.png
Component: component_1755523486897_234.png
centerX: 0.8754032258064516
centerY: 0.6577372470789399
width: 0.06088709677419355
height: 0.025933314334568254
Area: 0.0005601954421349709
CentroidX: 0.9064
CentroidY: 0.6687
