Location: Dedata_3.png_Mean-Medain.png
Component: component_1755523486088_116.png
centerX: 0.8979838709677419
centerY: 0.33342832715873466
width: 0.049193548387096775
height: 0.022513536620119692
Area: 0.0005992654832274612
CentroidX: 0.9218
CentroidY: 0.3426
