Location: Dedata_3.png_Mean-Closing.png
Component: component_1755523486699_192.png
centerX: 0.013306451612903225
centerY: 0.6001709888857224
width: 0.04758064516129032
height: 0.023938444001139925
Area: 0.0006071944033315254
CentroidX: 0.0357
CentroidY: 0.6110
