Location: Dedata_3.png_Mean-Medain.png
Component: component_1755523486066_8.png
centerX: 0.5403225806451613
centerY: 0.012539184952978056
width: 0.049193548387096775
height: 0.025078369905956112
Area: 0.0006461495325384495
CentroidX: 0.5641
CentroidY: 0.0229
