Location: Dedata_3.png_Mean-Medain.png
Component: component_1755523486109_218.png
centerX: 0.7201612903225807
centerY: 0.6776859504132231
width: 0.04959677419354839
height: 0.02336848104873183
Area: 0.0005611147372195001
CentroidX: 0.7449
CentroidY: 0.6869
