Location: Dedata_3.png_Otsu.png
Component: component_1755523486845_93.png
centerX: 0.6754032258064516
centerY: 0.18808777429467086
width: 0.044758064516129036
height: 0.01937874038187518
Area: 0.0004406870811461771
CentroidX: 0.6977
CentroidY: 0.1958
