Location: Dedata_3.png_Otsu.png
Component: component_1755523486885_197.png
centerX: 0.4004032258064516
centerY: 0.5323453975491593
width: 0.05241935483870968
height: 0.01937874038187518
Area: 0.00048803077799943004
CentroidX: 0.4266
CentroidY: 0.5409
