Location: Dedata_3.png_Mean-Closing.png
Component: component_1755523486745_243.png
centerX: 0.4915322580645161
centerY: 0.7871188372755771
width: 0.046370967741935484
height: 0.023083499572527786
Area: 0.0005541051121999651
CentroidX: 0.5145
CentroidY: 0.7965
