Location: Dedata_3.png_Mean-Closing.png
Component: component_1755523486560_95.png
centerX: 0.6669354838709678
centerY: 0.26873753206041606
width: 0.04879032258064516
height: 0.02080364776289541
Area: 0.0005366385055939106
CentroidX: 0.6905
CentroidY: 0.2769
