Location: Dedata_3.png_Mean-Medain.png
Component: component_1755523486074_50.png
centerX: 0.2495967741935484
centerY: 0.1299515531490453
width: 0.054838709677419356
height: 0.019948703334283273
Area: 0.0004958447862179281
CentroidX: 0.2759
CentroidY: 0.1371
