Location: Dedata_3.png_Gaussian-Closing.png
Component: component_1755523487005_130.png
centerX: 0.0125
centerY: 0.38073525220860643
width: 0.04233870967741935
height: 0.023938444001139925
Area: 0.0005321569420568309
CentroidX: 0.0329
CentroidY: 0.3916
