Location: Dedata_3.png_Gaussian-Closing.png
Component: component_1755523487032_242.png
centerX: 0.5705645161290323
centerY: 0.780849244799088
width: 0.05040322580645161
height: 0.024793388429752067
Area: 0.0005504279318618484
CentroidX: 0.5962
CentroidY: 0.7917
