Location: Dedata_3.png_Mean-Closing.png
Component: component_1755523486631_174.png
centerX: 0.8032258064516129
centerY: 0.542319749216301
width: 0.049193548387096775
height: 0.023083499572527786
Area: 0.000582833083591502
CentroidX: 0.8279
CentroidY: 0.5524
