Location: Dedata_3.png_Gaussian-Closing.png
Component: component_1755523487027_224.png
centerX: 0.7290322580645161
centerY: 0.7164434311769735
width: 0.04959677419354839
height: 0.02536335138216016
Area: 0.0005379025363351382
CentroidX: 0.7541
CentroidY: 0.7266
