Location: Dedata_3.png_Mean-Medain.png
Component: component_1755523486106_203.png
centerX: 0.8016129032258065
centerY: 0.6289541179823311
width: 0.05443548387096774
height: 0.022513536620119692
Area: 0.0005892681491832064
CentroidX: 0.8291
CentroidY: 0.6381
