Location: Dedata_3.png_Otsu.png
Component: component_1755523486894_222.png
centerX: 0.4060483870967742
centerY: 0.6166999145055572
width: 0.046370967741935484
height: 0.020518666286691366
Area: 0.00044206602377297086
CentroidX: 0.4294
CentroidY: 0.6250
