Location: Dedata_3.png_Mean-Closing.png
Component: component_1755523486573_105.png
centerX: 0.8254032258064516
centerY: 0.2975206611570248
width: 0.04516129032258064
height: 0.019948703334283273
Area: 0.0005087149174013366
CentroidX: 0.8475
CentroidY: 0.3058
