Location: Dedata_3.png_Otsu.png
Component: component_1755523486874_172.png
centerX: 0.5
centerY: 0.43830151040182386
width: 0.04596774193548387
height: 0.021373610715303505
Area: 0.0004856176284025409
CentroidX: 0.5221
CentroidY: 0.4475
