Location: Dedata_3.png_Gaussian-Closing.png
Component: component_1755523487019_190.png
centerX: 0.6395161290322581
centerY: 0.5944713593616415
width: 0.05040322580645161
height: 0.025648332858364205
Area: 0.0005697331286369612
CentroidX: 0.6644
CentroidY: 0.6051
