Location: Dedata_3.png_Mean-Medain.png
Component: component_1755523486069_25.png
centerX: 0.6717741935483871
centerY: 0.05785123966942149
width: 0.05282258064516129
height: 0.022798518096323737
Area: 0.0005480147822649592
CentroidX: 0.6977
CentroidY: 0.0663
