Location: Dedata_3.png_Otsu.png
Component: component_1755523486854_129.png
centerX: 0.9004032258064516
centerY: 0.29353092049016816
width: 0.05524193548387097
height: 0.0219435736677116
Area: 0.0005099789481425643
CentroidX: 0.9275
CentroidY: 0.3014
