Location: Dedata_3.png_Gaussian-Closing.png
Component: component_1755523486988_64.png
centerX: 0.25201612903225806
centerY: 0.16671416357936733
width: 0.049193548387096775
height: 0.01909375890567113
Area: 0.000434366927440039
CentroidX: 0.2772
CentroidY: 0.1740
