Location: Dedata_3.png_Otsu.png
Component: component_1755523486838_58.png
centerX: 0.9245967741935484
centerY: 0.12026218295810773
width: 0.04758064516129032
height: 0.01937874038187518
Area: 0.0003697864477518639
CentroidX: 0.9476
CentroidY: 0.1286
