Location: Dedata_3.png_Gaussian-Closing.png
Component: component_1755523487026_216.png
centerX: 0.01532258064516129
centerY: 0.6879452835565688
width: 0.04032258064516129
height: 0.022513536620119692
Area: 0.0004859623640592394
CentroidX: 0.0348
CentroidY: 0.6979
