Location: Dedata_3.png_Mean-Closing.png
Component: component_1755523486577_109.png
centerX: 0.49556451612903224
centerY: 0.31518951268167567
width: 0.046370967741935484
height: 0.019948703334283273
Area: 0.0004911333989097161
CentroidX: 0.5178
CentroidY: 0.3230
