Location: Dedata_3.png_Mean-Closing.png
Component: component_1755523486637_176.png
centerX: 0.17298387096774193
centerY: 0.54858934169279
width: 0.04233870967741935
height: 0.022798518096323737
Area: 0.0005803050221090468
CentroidX: 0.1936
CentroidY: 0.5587
