Location: Dedata_3.png_Mean-Closing.png
Component: component_1755523486342_33.png
centerX: 0.4157258064516129
centerY: 0.09432886862353947
width: 0.05443548387096774
height: 0.01937874038187518
Area: 0.0005030842350085954
CentroidX: 0.4429
CentroidY: 0.1016
