Location: Dedata_3.png_Mean-Medain.png
Component: component_1755523486067_14.png
centerX: 0.16169354838709676
centerY: 0.014249073810202337
width: 0.049193548387096775
height: 0.02963807352522086
Area: 0.0007843885308745254
CentroidX: 0.1863
CentroidY: 0.0268
