Location: Dedata_3.png_Otsu.png
Component: component_1755523486865_156.png
centerX: 0.012903225806451613
centerY: 0.38102023368481047
width: 0.04153225806451613
height: 0.02336848104873183
Area: 0.0004982579358148172
CentroidX: 0.0328
CentroidY: 0.3914
