Location: Dedata_3.png_Otsu.png
Component: component_1755523486836_37.png
centerX: 0.5112903225806451
centerY: 0.09546879452835566
width: 0.049193548387096775
height: 0.018808777429467086
Area: 0.00036783294569723933
CentroidX: 0.5344
CentroidY: 0.1028
