Location: Dedata_3.png_Otsu.png
Component: component_1755523486866_160.png
centerX: 0.49556451612903224
centerY: 0.39555428897121686
width: 0.05
height: 0.022798518096323737
Area: 0.0004922825177653775
CentroidX: 0.5202
CentroidY: 0.4049
