Location: Dedata_3.png_Otsu.png
Component: component_1755523486882_190.png
centerX: 0.17903225806451614
centerY: 0.5027073240239385
width: 0.049193548387096775
height: 0.020518666286691366
Area: 0.0005173333088187977
CentroidX: 0.2023
CentroidY: 0.5112
