Location: Dedata_3.png_Mean-Medain.png
Component: component_1755523486089_124.png
centerX: 0.33911290322580645
centerY: 0.36078654887432315
width: 0.05120967741935484
height: 0.022228555143915644
Area: 0.0005641024462442199
CentroidX: 0.3638
CentroidY: 0.3695
