Location: Dedata_3.png_Mean-Medain.png
Component: component_1755523486072_43.png
centerX: 0.6899193548387097
centerY: 0.12225705329153605
width: 0.04879032258064516
height: 0.01937874038187518
Area: 0.0004318388659575837
CentroidX: 0.7133
CentroidY: 0.1299
