Location: Dedata_3.png_Mean-Medain.png
Component: component_1755523486111_227.png
centerX: 0.8745967741935484
centerY: 0.7036192647477914
width: 0.05806451612903226
height: 0.02536335138216016
Area: 0.0006128250857242667
CentroidX: 0.9038
CentroidY: 0.7137
