Location: Dedata_3.png_Gaussian-Closing.png
Component: component_1755523487017_181.png
centerX: 0.5629032258064516
centerY: 0.5594186377885437
width: 0.04959677419354839
height: 0.024508406953548018
Area: 0.0005658261245277121
CentroidX: 0.5872
CentroidY: 0.5696
