Location: Dedata_3.png_Gaussian-Closing.png
Component: component_1755523486993_85.png
centerX: 0.5879032258064516
centerY: 0.23055001424907381
width: 0.04879032258064516
height: 0.023083499572527786
Area: 0.000529169233032111
CentroidX: 0.6111
CentroidY: 0.2393
