Location: Dedata_3.png_Mean-Medain.png
Component: component_1755523486077_66.png
centerX: 0.0939516129032258
centerY: 0.17298375605585636
width: 0.04717741935483871
height: 0.018523795953263037
Area: 0.00044574320411108764
CentroidX: 0.1166
CentroidY: 0.1802
