Location: Dedata_3.png_Otsu.png
Component: component_1755523486832_19.png
centerX: 0.8358870967741936
centerY: 0.05642633228840126
width: 0.04798387096774193
height: 0.020233684810487318
Area: 0.0004257485360225779
CentroidX: 0.8593
CentroidY: 0.0640
