Location: Dedata_3.png_Otsu.png
Component: component_1755523486837_49.png
centerX: 0.17379032258064517
centerY: 0.0994585351952123
width: 0.04758064516129032
height: 0.01937874038187518
Area: 0.00041058016712784635
CentroidX: 0.1967
CentroidY: 0.1068
