Location: Dedata_3.png_Gaussian-Closing.png
Component: component_1755523487010_149.png
centerX: 0.3350806451612903
centerY: 0.4525505842120262
width: 0.052016129032258066
height: 0.025078369905956112
Area: 0.0005819137885069728
CentroidX: 0.3601
CentroidY: 0.4626
