Location: Dedata_3.png_Gaussian-Closing.png
Component: component_1755523486998_105.png
centerX: 0.010483870967741936
centerY: 0.2955257908235965
width: 0.04798387096774193
height: 0.020233684810487318
Area: 0.000451488798389395
CentroidX: 0.0347
CentroidY: 0.3034
