Location: Dedata_3.png_Otsu.png
Component: component_1755523486846_97.png
centerX: 0.4161290322580645
centerY: 0.19663721858079225
width: 0.050806451612903224
height: 0.019663721858079224
Area: 0.0004886053374272607
CentroidX: 0.4411
CentroidY: 0.2043
