Location: Dedata_3.png_Mean-Medain.png
Component: component_1755523486087_111.png
centerX: 0.41935483870967744
centerY: 0.3163294385864919
width: 0.050806451612903224
height: 0.02108862923909946
Area: 0.0005695033048658288
CentroidX: 0.4449
CentroidY: 0.3249
