Location: Dedata_3.png_Mean-Medain.png
Component: component_1755523486078_67.png
centerX: 0.015725806451612902
centerY: 0.1755485893416928
width: 0.046370967741935484
height: 0.01937874038187518
Area: 0.0004311493946441868
CentroidX: 0.0378
CentroidY: 0.1840
