Location: Dedata_3.png_Gaussian-Closing.png
Component: component_1755523487021_199.png
centerX: 0.2564516129032258
centerY: 0.6295240809347392
width: 0.04596774193548387
height: 0.023083499572527786
Area: 0.0005467507515237316
CentroidX: 0.2786
CentroidY: 0.6390
