Location: Dedata_3.png_Gaussian-Closing.png
Component: component_1755523487001_114.png
centerX: 0.17943548387096775
centerY: 0.329153605015674
width: 0.046370967741935484
height: 0.0219435736677116
Area: 0.000484123773890181
CentroidX: 0.2026
CentroidY: 0.3379
