Location: Dedata_3.png_Mean-Medain.png
Component: component_1755523486108_212.png
centerX: 0.875
centerY: 0.6571672841265318
width: 0.06169354838709677
height: 0.02707324023938444
Area: 0.0006615477252043133
CentroidX: 0.9069
CentroidY: 0.6690
