Location: Dedata_3.png_Gaussian-Closing.png
Component: component_1755523486992_80.png
centerX: 0.013709677419354839
centerY: 0.21630094043887146
width: 0.045564516129032256
height: 0.019663721858079224
Area: 0.0004325283372709806
CentroidX: 0.0365
CentroidY: 0.2237
