Location: Dedata_3.png_Otsu.png
Component: component_1755523486836_40.png
centerX: 0.25161290322580643
centerY: 0.09660872043317184
width: 0.05241935483870968
height: 0.020233684810487318
Area: 0.000402536335138216
CentroidX: 0.2760
CentroidY: 0.1049
