Location: Dedata_3.png_Otsu.png
Component: component_1755523486846_98.png
centerX: 0.3342741935483871
centerY: 0.2006269592476489
width: 0.050806451612903224
height: 0.019663721858079224
Area: 0.00046642734351299425
CentroidX: 0.3585
CentroidY: 0.2084
