Location: Dedata_3.png_Otsu.png
Component: component_1755523486834_25.png
centerX: 0.10201612903225807
centerY: 0.05927614705044172
width: 0.04314516129032258
height: 0.023938444001139925
Area: 0.0004904439275963191
CentroidX: 0.1230
CentroidY: 0.0701
