Location: Dedata_3.png_Mean-Medain.png
Component: component_1755523486068_23.png
centerX: 0.4266129032258065
centerY: 0.05785123966942149
width: 0.04959677419354839
height: 0.024223425477343973
Area: 0.0005769725774276285
CentroidX: 0.4507
CentroidY: 0.0674
