Location: Dedata_3.png_Mean-Closing.png
Component: component_1755523486594_146.png
centerX: 0.4189516129032258
centerY: 0.4471359361641493
width: 0.05120967741935484
height: 0.021658592191507554
Area: 0.0005703076880647919
CentroidX: 0.4429
CentroidY: 0.4554
