Location: Dedata_3.png_Mean-Closing.png
Component: component_1755523486522_57.png
centerX: 0.5963709677419354
centerY: 0.1555998860074095
width: 0.042741935483870966
height: 0.015958962667426618
Area: 0.0003419777714448561
CentroidX: 0.6186
CentroidY: 0.1618
