Location: Dedata_3.png_Mean-Medain.png
Component: component_1755523486084_98.png
centerX: 0.49516129032258066
centerY: 0.2767170133941294
width: 0.04798387096774193
height: 0.020233684810487318
Area: 0.000542384099872218
CentroidX: 0.5190
CentroidY: 0.2852
