Location: Dedata_3.png_Gaussian-Closing.png
Component: component_1755523486992_81.png
centerX: 0.9032258064516129
centerY: 0.2231404958677686
width: 0.05040322580645161
height: 0.021373610715303505
Area: 0.0005307779994300371
CentroidX: 0.9279
CentroidY: 0.2317
