Location: Dedata_3.png_Mean-Closing.png
Component: component_1755523486707_195.png
centerX: 0.40524193548387094
centerY: 0.6164149330293531
width: 0.04758064516129032
height: 0.02108862923909946
Area: 0.0005329613252557939
CentroidX: 0.4295
CentroidY: 0.6252
