Location: Dedata_3.png_Otsu.png
Component: component_1755523486839_66.png
centerX: 0.33548387096774196
centerY: 0.12710173838700484
width: 0.04838709677419355
height: 0.018523795953263037
Area: 0.0003280734332913522
CentroidX: 0.3584
CentroidY: 0.1341
