Location: Dedata_3.png_Gaussian-Closing.png
Component: component_1755523487028_226.png
centerX: 0.1064516129032258
centerY: 0.7247078939868908
width: 0.04758064516129032
height: 0.02536335138216016
Area: 0.0005575524687669495
CentroidX: 0.1301
CentroidY: 0.7356
