Location: Dedata_3.png_Mean-Medain.png
Component: component_1755523486102_182.png
centerX: 0.6419354838709678
centerY: 0.5542889712168709
width: 0.050806451612903224
height: 0.024223425477343973
Area: 0.0006039768705356733
CentroidX: 0.6672
CentroidY: 0.5643
