Location: Dedata_3.png_Mean-Medain.png
Component: component_1755523486107_207.png
centerX: 0.09556451612903226
centerY: 0.6414933029353092
width: 0.04798387096774193
height: 0.021373610715303505
Area: 0.0005587015876226109
CentroidX: 0.1189
CentroidY: 0.6503
