Location: Dedata_3.png_Otsu.png
Component: component_1755523486856_141.png
centerX: 0.10443548387096774
centerY: 0.3339982901111428
width: 0.04758064516129032
height: 0.019948703334283273
Area: 0.0004567747451254378
CentroidX: 0.1269
CentroidY: 0.3414
