Location: Dedata_3.png_Mean-Closing.png
Component: component_1755523486543_70.png
centerX: 0.9129032258064517
centerY: 0.1878027928184668
width: 0.054838709677419356
height: 0.020233684810487318
Area: 0.0005397411265041966
CentroidX: 0.9394
CentroidY: 0.1955
