Location: Dedata_3.png_Gaussian-Closing.png
Component: component_1755523486973_4.png
centerX: 0.6201612903225806
centerY: 0.009974351667141636
width: 0.05604838709677419
height: 0.029353092049016812
Area: 0.0006942976125906654
CentroidX: 0.6490
CentroidY: 0.0224
