Location: Dedata_3.png_Gaussian-Closing.png
Component: component_1755523487002_121.png
centerX: 0.5778225806451613
centerY: 0.34967227130236533
width: 0.04838709677419355
height: 0.02080364776289541
Area: 0.0005087149174013366
CentroidX: 0.6015
CentroidY: 0.3575
