Location: Dedata_3.png_Mean-Closing.png
Component: component_1755523486719_220.png
centerX: 0.40241935483870966
centerY: 0.7039042462239954
width: 0.04798387096774193
height: 0.024793388429752067
Area: 0.0005889234135265078
CentroidX: 0.4258
CentroidY: 0.7139
