Location: Dedata_3.png_Mean-Medain.png
Component: component_1755523486067_15.png
centerX: 0.8806451612903226
centerY: 0.0176688515246509
width: 0.05766129032258065
height: 0.021658592191507554
Area: 0.0005937497127202861
CentroidX: 0.9101
CentroidY: 0.0262
