Location: Dedata_3.png_Otsu.png
Component: component_1755523486844_87.png
centerX: 0.17379032258064517
centerY: 0.17184383015104018
width: 0.04596774193548387
height: 0.017953833000854943
Area: 0.00031508839022237746
CentroidX: 0.1952
CentroidY: 0.1781
