Location: Dedata_3.png_Mean-Medain.png
Component: component_1755523486077_61.png
centerX: 0.41693548387096774
centerY: 0.16072955257908236
width: 0.04717741935483871
height: 0.017953833000854943
Area: 0.0004232204745401226
CentroidX: 0.4392
CentroidY: 0.1677
