Location: Dedata_3.png_Mean-Closing.png
Component: component_1755523486746_249.png
centerX: 0.01653225806451613
centerY: 0.8204616699914505
width: 0.04596774193548387
height: 0.026788258763180393
Area: 0.0006175364730324787
CentroidX: 0.0380
CentroidY: 0.8333
