Location: Dedata_3.png_Mean-Closing.png
Component: component_1755523486737_231.png
centerX: 0.4165322580645161
centerY: 0.7426617269877458
width: 0.052016129032258066
height: 0.02365346252493588
Area: 0.0006029426635655779
CentroidX: 0.4425
CentroidY: 0.7522
