Location: Dedata_3.png_Mean-Closing.png
Component: component_1755523486539_66.png
centerX: 0.015725806451612902
centerY: 0.1755485893416928
width: 0.046370967741935484
height: 0.01937874038187518
Area: 0.00043091957087305454
CentroidX: 0.0378
CentroidY: 0.1840
