Location: Dedata_3.png_Gaussian-Closing.png
Component: component_1755523486989_69.png
centerX: 0.7564516129032258
centerY: 0.18694784838985465
width: 0.045564516129032256
height: 0.021658592191507554
Area: 0.000500441261640574
CentroidX: 0.7779
CentroidY: 0.1960
