Location: Dedata_3.png_Mean-Medain.png
Component: component_1755523486086_108.png
centerX: 0.6560483870967742
centerY: 0.3055001424907381
width: 0.05241935483870968
height: 0.02080364776289541
Area: 0.0005768576655420624
CentroidX: 0.6821
CentroidY: 0.3137
