Location: Dedata_3.png_Mean-Closing.png
Component: component_1755523486212_20.png
centerX: 0.5967741935483871
centerY: 0.0567113137646053
width: 0.04879032258064516
height: 0.022513536620119692
Area: 0.000519861370301253
CentroidX: 0.6200
CentroidY: 0.0657
