Location: Dedata_3.png_Mean-Closing.png
Component: component_1755523486533_61.png
centerX: 0.33588709677419354
centerY: 0.16443431176973497
width: 0.04314516129032258
height: 0.018523795953263037
Area: 0.00043712481269362653
CentroidX: 0.3573
CentroidY: 0.1720
