Location: Dedata_3.png_Mean-Closing.png
Component: component_1755523486668_188.png
centerX: 0.7225806451612903
centerY: 0.5924764890282131
width: 0.05161290322580645
height: 0.0219435736677116
Area: 0.0005880041184419787
CentroidX: 0.7475
CentroidY: 0.6013
