Location: Dedata_3.png_Mean-Closing.png
Component: component_1755523486595_151.png
centerX: 0.1778225806451613
centerY: 0.46053006554573955
width: 0.04758064516129032
height: 0.022228555143915644
Area: 0.0005697331286369612
CentroidX: 0.2001
CentroidY: 0.4694
