Location: Dedata_3.png_Mean-Medain.png
Component: component_1755523486081_84.png
centerX: 0.5879032258064516
centerY: 0.23055001424907381
width: 0.049193548387096775
height: 0.023083499572527786
Area: 0.0005651366532143153
CentroidX: 0.6111
CentroidY: 0.2393
