Location: Dedata_3.png_Mean-Medain.png
Component: component_1755523486097_156.png
centerX: 0.014919354838709677
centerY: 0.47050441721288117
width: 0.05040322580645161
height: 0.020233684810487318
Area: 0.0005341104441114554
CentroidX: 0.0402
CentroidY: 0.4787
