Location: Dedata_3.png_Mean-Medain.png
Component: component_1755523486100_172.png
centerX: 0.4
centerY: 0.5320604160729553
width: 0.0532258064516129
height: 0.019948703334283273
Area: 0.0005558287904834573
CentroidX: 0.4265
CentroidY: 0.5410
