Location: Dedata_3.png_Otsu.png
Component: component_1755523486889_208.png
centerX: 0.48346774193548386
centerY: 0.5693929894556854
width: 0.041935483870967745
height: 0.021658592191507554
Area: 0.0004822851837211226
CentroidX: 0.5042
CentroidY: 0.5788
