Location: Dedata_3.png_Mean-Closing.png
Component: component_1755523486570_102.png
centerX: 0.09758064516129032
centerY: 0.2921060131091479
width: 0.0467741935483871
height: 0.024223425477343973
Area: 0.000540085862160895
CentroidX: 0.1208
CentroidY: 0.3023
