Location: Dedata_3.png_Otsu.png
Component: component_1755523486824_3.png
centerX: 0.7068548387096775
centerY: 0.011114277571957822
width: 0.06088709677419355
height: 0.027643203191792535
Area: 0.0006347732558674009
CentroidX: 0.7383
CentroidY: 0.0225
