Location: Dedata_3.png_Gaussian-Closing.png
Component: component_1755523487000_112.png
centerX: 0.3387096774193548
centerY: 0.3211741236819607
width: 0.049193548387096775
height: 0.021373610715303505
Area: 0.000516758749390967
CentroidX: 0.3622
CentroidY: 0.3298
