Location: Dedata_3.png_Mean-Medain.png
Component: component_1755523486106_206.png
centerX: 0.7205645161290323
centerY: 0.6352237104588202
width: 0.05161290322580645
height: 0.024223425477343973
Area: 0.0006296022210169242
CentroidX: 0.7459
CentroidY: 0.6457
