Location: Dedata_3.png_Mean-Closing.png
Component: component_1755523486736_228.png
centerX: 0.5770161290322581
centerY: 0.7298375605585637
width: 0.05241935483870968
height: 0.0219435736677116
Area: 0.0005297437924599417
CentroidX: 0.6029
CentroidY: 0.7386
