Location: Dedata_3.png_Mean-Medain.png
Component: component_1755523486111_230.png
centerX: 0.26048387096774195
centerY: 0.7158734682245654
width: 0.04798387096774193
height: 0.024508406953548018
Area: 0.0005838672905615974
CentroidX: 0.2841
CentroidY: 0.7257
