Location: Dedata_3.png_Otsu.png
Component: component_1755523486865_155.png
centerX: 0.0967741935483871
centerY: 0.37731547449415787
width: 0.04596774193548387
height: 0.021658592191507554
Area: 0.0004684957574531849
CentroidX: 0.1189
CentroidY: 0.3859
