Location: Dedata_3.png_Mean-Closing.png
Component: component_1755523486612_172.png
centerX: 0.8782258064516129
centerY: 0.5354801937874039
width: 0.056451612903225805
height: 0.0262182958107723
Area: 0.0006376460530065546
CentroidX: 0.9061
CentroidY: 0.5461
