Location: Dedata_3.png_Gaussian-Closing.png
Component: component_1755523486980_31.png
centerX: 0.8326612903225806
centerY: 0.08976916500427472
width: 0.0532258064516129
height: 0.018523795953263037
Area: 0.0004432151426286324
CentroidX: 0.8580
CentroidY: 0.0967
