Location: Dedata_3.png_Gaussian-Closing.png
Component: component_1755523487032_240.png
centerX: 0.02056451612903226
centerY: 0.7745796523225991
width: 0.045564516129032256
height: 0.025078369905956112
Area: 0.0005753638110297024
CentroidX: 0.0431
CentroidY: 0.7851
