Location: Dedata_3.png_Mean-Closing.png
Component: component_1755523486582_117.png
centerX: 0.010080645161290322
centerY: 0.33684810487318323
width: 0.053629032258064514
height: 0.02080364776289541
Area: 0.0005465209277525993
CentroidX: 0.0366
CentroidY: 0.3449
