Location: Dedata_3.png_Otsu.png
Component: component_1755523486847_102.png
centerX: 0.014112903225806451
centerY: 0.21658592191507553
width: 0.044758064516129036
height: 0.01937874038187518
Area: 0.00038920655641254284
CentroidX: 0.0362
CentroidY: 0.2234
