Location: Dedata_3.png_Otsu.png
Component: component_1755523486914_267.png
centerX: 0.8689516129032258
centerY: 0.7574807637503562
width: 0.043548387096774194
height: 0.023938444001139925
Area: 0.00047228784967686776
CentroidX: 0.8923
CentroidY: 0.7679
