Location: Dedata_3.png_Mean-Closing.png
Component: component_1755523486555_93.png
centerX: 0.822983870967742
centerY: 0.2593331433456825
width: 0.050806451612903224
height: 0.022228555143915644
Area: 0.0005307779994300371
CentroidX: 0.8475
CentroidY: 0.2677
