Location: Dedata_3.png_Otsu.png
Component: component_1755523486848_105.png
centerX: 0.8266129032258065
centerY: 0.22570532915360503
width: 0.04717741935483871
height: 0.022798518096323737
Area: 0.0004824000956066888
CentroidX: 0.8490
CentroidY: 0.2344
