Location: Dedata_3.png_Otsu.png
Component: component_1755523486836_34.png
centerX: 0.6741935483870968
centerY: 0.09290396124251923
width: 0.05282258064516129
height: 0.02080364776289541
Area: 0.00040759245810312653
CentroidX: 0.6990
CentroidY: 0.1004
