Location: Dedata_3.png_Mean-Closing.png
Component: component_1755523486585_121.png
centerX: 0.4971774193548387
centerY: 0.3530920490168139
width: 0.05241935483870968
height: 0.023083499572527786
Area: 0.0005628384155029923
CentroidX: 0.5233
CentroidY: 0.3625
