Location: Dedata_3.png_Otsu.png
Component: component_1755523486851_118.png
centerX: 0.744758064516129
centerY: 0.26332288401253917
width: 0.04879032258064516
height: 0.02080364776289541
Area: 0.0004594177184934592
CentroidX: 0.7683
CentroidY: 0.2707
