Location: Dedata_3.png_Mean-Medain.png
Component: component_1755523486078_71.png
centerX: 0.9129032258064517
centerY: 0.1878027928184668
width: 0.054838709677419356
height: 0.020518666286691366
Area: 0.0005395113027330643
CentroidX: 0.9394
CentroidY: 0.1955
