Location: Dedata_3.png_Gaussian-Closing.png
Component: component_1755523487033_246.png
centerX: 0.2495967741935484
centerY: 0.8019378740381875
width: 0.05443548387096774
height: 0.02365346252493588
Area: 0.0005512323150608113
CentroidX: 0.2772
CentroidY: 0.8113
