Location: Dedata_3.png_Mean-Closing.png
Component: component_1755523486712_206.png
centerX: 0.47580645161290325
centerY: 0.6548874323168994
width: 0.050806451612903224
height: 0.0262182958107723
Area: 0.0006132847332665312
CentroidX: 0.5012
CentroidY: 0.6657
