Location: Dedata_3.png_Mean-Closing.png
Component: component_1755523486500_55.png
centerX: 0.9213709677419355
centerY: 0.152465089769165
width: 0.053629032258064514
height: 0.02108862923909946
Area: 0.000508255269859072
CentroidX: 0.9470
CentroidY: 0.1613
