Location: Dedata_3.png_Otsu.png
Component: component_1755523486830_13.png
centerX: 0.8810483870967742
centerY: 0.017953833000854943
width: 0.05685483870967742
height: 0.02108862923909946
Area: 0.0005234236387538036
CentroidX: 0.9102
CentroidY: 0.0262
