Location: Dedata_3.png_Gaussian-Closing.png
Component: component_1755523486985_52.png
centerX: 0.1693548387096774
centerY: 0.13479623824451412
width: 0.04758064516129032
height: 0.020518666286691366
Area: 0.000421956443798895
CentroidX: 0.1919
CentroidY: 0.1422
