Location: Dedata_3.png_Mean-Medain.png
Component: component_1755523486083_94.png
centerX: 0.822983870967742
centerY: 0.2593331433456825
width: 0.050806451612903224
height: 0.022228555143915644
Area: 0.0005312376469723016
CentroidX: 0.8476
CentroidY: 0.2677
