Location: internet_17.png_Mean-Closing.png
Component: component_1755086411404_71.png
centerX: 0.660217654171705
centerY: 0.20387795836897632
width: 0.03829101168883515
height: 0.033361847733105215
Area: 0.000414556388461058
CentroidX: 0.6796
CentroidY: 0.2178
