Location: internet_17.png_Gaussian-Closing.png
Component: component_1755086410988_286.png
centerX: 0.2571543732365981
centerY: 0.7921300256629598
width: 0.03869407496977025
height: 0.031936127744510975
Area: 0.00035847002373441634
CentroidX: 0.2788
CentroidY: 0.8059
