Location: internet_17.png_Mean-Closing.png
Component: component_1755086411431_171.png
centerX: 0.25634824667472794
centerY: 0.4644995722840034
width: 0.03385731559854897
height: 0.036213287710293696
Area: 0.0004239807366323379
CentroidX: 0.2761
CentroidY: 0.4815
