Location: internet_17.png_Gaussian-Median.png
Component: component_1755086411225_92.png
centerX: 0.5324465941152761
centerY: 0.21385799828913601
width: 0.04030632809351068
height: 0.03222127174222983
Area: 0.0003996153486773215
CentroidX: 0.5528
CentroidY: 0.2274
