Location: internet_17.png_Mean-Closing.png
Component: component_1755086411458_291.png
centerX: 0.40386940749697703
centerY: 0.8331907613344739
width: 0.036275695284159616
height: 0.03279155973766752
Area: 0.00042800332426642083
CentroidX: 0.4241
CentroidY: 0.8474
