Location: internet_17.png_Gaussian-Closing.png
Component: component_1755086410973_222.png
centerX: 0.5707376058041113
centerY: 0.5930995152552039
width: 0.041112454655380895
height: 0.03507271171941831
Area: 0.0003490456755631364
CentroidX: 0.5939
CentroidY: 0.6083
