Location: internet_17.png_Mean-Closing.png
Component: component_1755086411464_315.png
centerX: 0.25594518339379285
centerY: 0.8984887368120901
width: 0.027408303103587262
height: 0.01853435985172512
Area: 0.00023342501385206784
CentroidX: 0.2682
CentroidY: 0.9073
