Location: internet_17.png_Gaussian-Median.png
Component: component_1755086411271_239.png
centerX: 0.5014107214832729
centerY: 0.5469061876247505
width: 0.041112454655380895
height: 0.036783575705731396
Area: 0.0004209925286755906
CentroidX: 0.5243
CentroidY: 0.5623
