Location: internet_17.png_Mean-Closing.png
Component: component_1755086411434_185.png
centerX: 0.4417573559048771
centerY: 0.5089820359281437
width: 0.03788794840790004
height: 0.031080695751354435
Area: 0.000364906163948949
CentroidX: 0.4624
CentroidY: 0.5227
