Location: internet_17.png_Mean-Closing.png
Component: component_1755086411448_243.png
centerX: 0.8194276501410721
centerY: 0.6940404904476761
width: 0.04232164449818621
height: 0.03706871970345024
Area: 0.00041662514781572917
CentroidX: 0.8424
CentroidY: 0.7117
