Location: internet_17.png_Mean-Closing.png
Component: component_1755086411407_77.png
centerX: 0.26803708182184605
centerY: 0.2275449101796407
width: 0.041112454655380895
height: 0.029940119760479042
Area: 0.00040133931480621415
CentroidX: 0.2901
CentroidY: 0.2419
