Location: internet_17.png_Gaussian-Closing.png
Component: component_1755086410966_188.png
centerX: 0.5554212011285772
centerY: 0.4992871400057029
width: 0.036275695284159616
height: 0.033361847733105215
Area: 0.0003728364081418553
CentroidX: 0.5742
CentroidY: 0.5148
