Location: internet_17.png_Mean-Closing.png
Component: component_1755086411437_198.png
centerX: 0.00886739218057235
centerY: 0.5386370116909039
width: 0.03506650544135429
height: 0.03165098374679213
Area: 0.0003680093029809558
CentroidX: 0.0291
CentroidY: 0.5523
