Location: internet_17.png_Mean-Closing.png
Component: component_1755086411462_309.png
centerX: 0.32043530834340994
centerY: 0.8936412888508697
width: 0.03990326481257558
height: 0.031080695751354435
Area: 0.0004294974282447945
CentroidX: 0.3427
CentroidY: 0.9074
