Location: internet_17.png_Gaussian-Median.png
Component: component_1755086411298_327.png
centerX: 0.37162434502216846
centerY: 0.7810094097519247
width: 0.03426037887948408
height: 0.03421727972626176
Area: 0.00036754957867991773
CentroidX: 0.3906
CentroidY: 0.7955
