Location: internet_17.png_Otsu.png
Component: component_1755086411074_212.png
centerX: 0.1950826279725917
centerY: 0.23239235814086112
width: 0.04070939137444579
height: 0.029654975762760195
Area: 0.00029479820804064697
CentroidX: 0.2171
CentroidY: 0.2447
