Location: internet_17.png_Gaussian-Closing.png
Component: component_1755086410995_321.png
centerX: 0.5118903667875857
centerY: 0.8867978329056173
width: 0.035872632003224506
height: 0.036213287710293696
Area: 0.00044926557318943045
CentroidX: 0.5323
CentroidY: 0.9027
