Location: internet_17.png_Gaussian-Closing.png
Component: component_1755086410993_314.png
centerX: 0.7613865376864167
centerY: 0.8816652409466781
width: 0.03909713825070536
height: 0.03307670373538637
Area: 0.00042260156372922377
CentroidX: 0.7838
CentroidY: 0.8961
