Location: internet_17.png_Otsu.png
Component: component_1755086411126_1582.png
centerX: 0.014107214832728738
centerY: 0.802965497576276
width: 0.03788794840790004
height: 0.036783575705731396
Area: 0.0003029583143840723
CentroidX: 0.0332
CentroidY: 0.8212
