Location: internet_17.png_Gaussian-Median.png
Component: component_1755086411304_351.png
centerX: 0.40386940749697703
centerY: 0.8331907613344739
width: 0.036275695284159616
height: 0.03279155973766752
Area: 0.0004088098346980824
CentroidX: 0.4243
CentroidY: 0.8474
