Location: internet_17.png_Gaussian-Median.png
Component: component_1755086411247_138.png
centerX: 0.5340588472390165
centerY: 0.3028229255774166
width: 0.036275695284159616
height: 0.03450242372398061
Area: 0.0003428393974991228
CentroidX: 0.5535
CentroidY: 0.3185
