Location: internet_17.png_Mean-Closing.png
Component: component_1755086411383_12.png
centerX: 0.8557033454252317
centerY: 0.007984031936127744
width: 0.04232164449818621
height: 0.034787567721699456
Area: 0.0004927095196375257
CentroidX: 0.8758
CentroidY: 0.0215
