Location: internet_17.png_Otsu.png
Component: component_1755086411111_1031.png
centerX: 0.8049173720274083
centerY: 0.6381522668947819
width: 0.039500201531640466
height: 0.034787567721699456
Area: 0.00027146719976296616
CentroidX: 0.8258
CentroidY: 0.6534
