Location: internet_17.png_Gaussian-Closing.png
Component: component_1755086410992_309.png
centerX: 0.13825070536074163
centerY: 0.846307385229541
width: 0.0354695687222894
height: 0.029940119760479042
Area: 0.0003751350296470455
CentroidX: 0.1583
CentroidY: 0.8601
