Location: internet_17.png_Mean-Closing.png
Component: component_1755086411453_268.png
centerX: 0.5969367190648932
centerY: 0.7627601938979185
width: 0.03990326481257558
height: 0.03136583974907328
Area: 0.00040432752276296145
CentroidX: 0.6183
CentroidY: 0.7769
