Location: internet_17.png_Gaussian-Median.png
Component: component_1755086411207_5.png
centerX: 0.1487303506650544
centerY: 0.005988023952095809
width: 0.04232164449818621
height: 0.03849443969204448
Area: 0.0004974216937231658
CentroidX: 0.1710
CentroidY: 0.0212
