Location: internet_17.png_Otsu.png
Component: component_1755086411128_1628.png
centerX: 0.939540507859734
centerY: 0.8115198175078414
width: 0.03305118903667876
height: 0.031936127744510975
Area: 0.00035433250502507396
CentroidX: 0.9577
CentroidY: 0.8248
