Location: internet_17.png_Mean-Closing.png
Component: component_1755086411435_186.png
centerX: 0.3825070536074164
centerY: 0.5126889078984888
width: 0.037484885126964934
height: 0.030795551753635585
Area: 0.00036375685319635386
CentroidX: 0.4034
CentroidY: 0.5269
