Location: internet_17.png_Gaussian-Closing.png
Component: component_1755086410929_10.png
centerX: 0.28738411930673113
centerY: 0.007698887938408896
width: 0.04312777106005643
height: 0.03507271171941831
Area: 0.0004937438993148613
CentroidX: 0.3100
CentroidY: 0.0221
