Location: internet_17.png_Gaussian-Closing.png
Component: component_1755086410948_102.png
centerX: 0.12575574365175332
centerY: 0.2754491017964072
width: 0.03466344216041919
height: 0.029940119760479042
Area: 0.00037007806233562703
CentroidX: 0.1443
CentroidY: 0.2888
