Location: internet_17.png_Mean-Closing.png
Component: component_1755086411385_16.png
centerX: 0.6303909713825071
centerY: 0.055603079555175364
width: 0.03990326481257558
height: 0.041060735671514116
Area: 0.0005027085231851032
CentroidX: 0.6498
CentroidY: 0.0724
