Location: internet_17.png_Gaussian-Closing.png
Component: component_1755086410959_154.png
centerX: 0.45908907698508666
centerY: 0.41089250071286
width: 0.0475614671503426
height: 0.03649843170801255
Area: 0.00047443547867126343
CentroidX: 0.4862
CentroidY: 0.4264
