Location: internet_17.png_Mean-Closing.png
Component: component_1755086411455_279.png
centerX: 0.7698508665860541
centerY: 0.806672369546621
width: 0.037484885126964934
height: 0.042486455660108356
Area: 0.00047156220178977567
CentroidX: 0.7912
CentroidY: 0.8236
