Location: internet_17.png_Otsu.png
Component: component_1755086411091_863.png
centerX: 0.5929060862555421
centerY: 0.40547476475620187
width: 0.04191858121725111
height: 0.03934987168520103
Area: 0.00040064972835465707
CentroidX: 0.6182
CentroidY: 0.4213
