Location: internet_17.png_Gaussian-Median.png
Component: component_1755086411213_35.png
centerX: 0.07859733978234583
centerY: 0.06672369546621043
width: 0.03184199919387344
height: 0.032506415739948676
Area: 0.0003977764514731693
CentroidX: 0.0967
CentroidY: 0.0800
