Location: internet_17.png_Gaussian-Median.png
Component: component_1755086411307_368.png
centerX: 0.6416767432486901
centerY: 0.885657256914742
width: 0.03869407496977025
height: 0.03136583974907328
Area: 0.00041501611276209603
CentroidX: 0.6623
CentroidY: 0.8992
