Location: internet_17.png_Gaussian-Median.png
Component: component_1755086411267_220.png
centerX: 0.6082224909310762
centerY: 0.49529512403763903
width: 0.041112454655380895
height: 0.03222127174222983
Area: 0.0003729513392171148
CentroidX: 0.6313
CentroidY: 0.5105
