Location: internet_17.png_Mean-Closing.png
Component: component_1755086411419_121.png
centerX: 0.8831116485288191
centerY: 0.3256344453949244
width: 0.03143893591293833
height: 0.031080695751354435
Area: 0.00031445142191002345
CentroidX: 0.9006
CentroidY: 0.3402
