Location: internet_17.png_Otsu.png
Component: component_1755086411054_19.png
centerX: 0.8432083837162434
centerY: 0.05674365554605076
width: 0.036275695284159616
height: 0.031936127744510975
Area: 0.0004015691769567332
CentroidX: 0.8619
CentroidY: 0.0709
