Location: internet_17.png_Mean-Closing.png
Component: component_1755086411448_242.png
centerX: 0.1362353889560661
centerY: 0.6903336184773311
width: 0.03909713825070536
height: 0.032506415739948676
Area: 0.00035709085083130223
CentroidX: 0.1557
CentroidY: 0.7060
