Location: internet_17.png_Gaussian-Median.png
Component: component_1755086411285_282.png
centerX: 0.2599758162031439
centerY: 0.6820644425434844
width: 0.03909713825070536
height: 0.03222127174222983
Area: 0.00034180501782178716
CentroidX: 0.2804
CentroidY: 0.6972
