Location: internet_17.png_Mean-Closing.png
Component: component_1755086411443_222.png
centerX: 0.20395002015316405
centerY: 0.6207584830339321
width: 0.04030632809351068
height: 0.03649843170801255
Area: 0.00039674207179583366
CentroidX: 0.2239
CentroidY: 0.6383
