Location: internet_17.png_Otsu.png
Component: component_1755086411108_977.png
centerX: 0.06328093510681176
centerY: 0.5885372112917023
width: 0.03426037887948408
height: 0.03051040775591674
Area: 0.0003316910831989502
CentroidX: 0.0826
CentroidY: 0.6032
