Location: internet_17.png_Mean-Closing.png
Component: component_1755086411451_261.png
centerX: 0.011688835147118097
centerY: 0.7507841459937268
width: 0.03788794840790004
height: 0.031080695751354435
Area: 0.0003915701734091557
CentroidX: 0.0328
CentroidY: 0.7654
