Location: internet_17.png_Mean-Closing.png
Component: component_1755086411451_259.png
centerX: 0.11930673115679162
centerY: 0.7442258340461934
width: 0.037081821846029824
height: 0.034787567721699456
Area: 0.00040766052394548727
CentroidX: 0.1408
CentroidY: 0.7603
