Location: internet_17.png_Gaussian-Closing.png
Component: component_1755086410956_145.png
centerX: 0.9588875453446191
centerY: 0.38152266894781867
width: 0.03184199919387344
height: 0.031936127744510975
Area: 0.0003919149666349342
CentroidX: 0.9763
CentroidY: 0.3956
