Location: internet_17.png_Gaussian-Median.png
Component: component_1755086411304_352.png
centerX: 0.33454252317613864
centerY: 0.834901625320787
width: 0.04070939137444579
height: 0.04020530367835757
Area: 0.0004790327216816439
CentroidX: 0.3583
CentroidY: 0.8517
