Location: internet_17.png_Gaussian-Median.png
Component: component_1755086411270_234.png
centerX: 0.6811769447803305
centerY: 0.5329341317365269
width: 0.04433696090286175
height: 0.03877958368976333
Area: 0.0004319109808252442
CentroidX: 0.7052
CentroidY: 0.5487
