Location: internet_17.png_Gaussian-Median.png
Component: component_1755086411265_210.png
centerX: 0.1946795646916566
centerY: 0.46934702024522384
width: 0.039500201531640466
height: 0.034787567721699456
Area: 0.00042260156372922377
CentroidX: 0.2146
CentroidY: 0.4845
