Location: internet_17.png_Mean-Closing.png
Component: component_1755086411450_257.png
centerX: 0.2430471584038694
centerY: 0.7370972341032221
width: 0.037081821846029824
height: 0.03934987168520103
Area: 0.0004519089879203992
CentroidX: 0.2633
CentroidY: 0.7542
