Location: internet_17.png_Gaussian-Median.png
Component: component_1755086411297_320.png
centerX: 0.6573962112051592
centerY: 0.7587681779298546
width: 0.041112454655380895
height: 0.036783575705731396
Area: 0.0004330602915778393
CentroidX: 0.6791
CentroidY: 0.7762
