Location: internet_17.png_Mean-Closing.png
Component: component_1755086411386_19.png
centerX: 0.554615074566707
centerY: 0.05645851154833191
width: 0.03869407496977025
height: 0.036783575705731396
Area: 0.0004537478851245514
CentroidX: 0.5733
CentroidY: 0.0722
