Location: internet_17.png_Mean-Closing.png
Component: component_1755086411424_144.png
centerX: 0.060459492140266025
centerY: 0.3849443969204448
width: 0.03345425231761386
height: 0.0290846877673225
Area: 0.0004081202482465253
CentroidX: 0.0787
CentroidY: 0.3972
