Location: internet_17.png_Mean-Closing.png
Component: component_1755086411438_199.png
centerX: 0.562273276904474
centerY: 0.542343883661249
width: 0.035872632003224506
height: 0.03592814371257485
Area: 0.0004191536314714384
CentroidX: 0.5806
CentroidY: 0.5597
