Location: internet_17.png_Otsu.png
Component: component_1755086411124_1525.png
centerX: 0.3720274083031036
centerY: 0.7810094097519247
width: 0.03345425231761386
height: 0.033932135728542916
Area: 0.0002669848878278452
CentroidX: 0.3891
CentroidY: 0.7946
