Location: internet_17.png_Otsu.png
Component: component_1755086411053_15.png
centerX: 0.6307940346634422
centerY: 0.055603079555175364
width: 0.03909713825070536
height: 0.04077559167379527
Area: 0.00044627736523268315
CentroidX: 0.6498
CentroidY: 0.0723
