Location: internet_17.png_Otsu.png
Component: component_1755086411051_7.png
centerX: 0.011688835147118097
centerY: 0.006843455945252352
width: 0.04191858121725111
height: 0.03934987168520103
Area: 0.0004868480347992907
CentroidX: 0.0350
CentroidY: 0.0221
