Location: internet_17.png_Gaussian-Median.png
Component: component_1755086411253_167.png
centerX: 0.3941958887545345
centerY: 0.3664100370687197
width: 0.031035872632003223
height: 0.03364699173082407
Area: 0.00028158113438580314
CentroidX: 0.4106
CentroidY: 0.3816
