Location: internet_17.png_Gaussian-Median.png
Component: component_1755086411208_8.png
centerX: 0.7194679564691656
centerY: 0.006273167949814656
width: 0.046352277307537285
height: 0.035357855717137156
Area: 0.0004490357110389114
CentroidX: 0.7413
CentroidY: 0.0199
