Location: internet_17.png_Gaussian-Median.png
Component: component_1755086411242_119.png
centerX: 0.24828698105602579
centerY: 0.268320501853436
width: 0.036275695284159616
height: 0.032506415739948676
Area: 0.00036237768029323975
CentroidX: 0.2697
CentroidY: 0.2824
