Location: internet_17.png_Gaussian-Closing.png
Component: component_1755086410959_156.png
centerX: 0.3381700927045546
centerY: 0.4154548046763616
width: 0.042724707779121324
height: 0.041060735671514116
Area: 0.0005039727650129579
CentroidX: 0.3639
CentroidY: 0.4307
