Location: internet_17.png_Mean-Closing.png
Component: component_1755086411461_305.png
centerX: 0.5755743651753326
centerY: 0.8853721129170231
width: 0.039500201531640466
height: 0.03364699173082407
Area: 0.0004619079914679767
CentroidX: 0.5977
CentroidY: 0.9003
