Location: internet_17.png_Otsu.png
Component: component_1755086411067_91.png
centerX: 0.7533252720677146
centerY: 0.14656401482748788
width: 0.03426037887948408
height: 0.029369831765041345
Area: 0.0003000850375025845
CentroidX: 0.7730
CentroidY: 0.1615
