Location: internet_17.png_Gaussian-Median.png
Component: component_1755086411267_218.png
centerX: 0.7315598548972189
centerY: 0.48474479612204163
width: 0.03909713825070536
height: 0.03222127174222983
Area: 0.0003576655062075998
CentroidX: 0.7537
CentroidY: 0.4994
