Location: internet_17.png_Gaussian-Median.png
Component: component_1755086411219_64.png
centerX: 0.6223297057638049
centerY: 0.151981750784146
width: 0.04070939137444579
height: 0.030795551753635585
Area: 0.00039248962201123174
CentroidX: 0.6455
CentroidY: 0.1646
