Location: internet_17.png_Otsu.png
Component: component_1755086411080_354.png
centerX: 0.826279725916969
centerY: 0.28172226974622183
width: 0.03345425231761386
height: 0.03307670373538637
Area: 0.0001959574833174671
CentroidX: 0.8436
CentroidY: 0.2949
