Location: internet_17.png_Gaussian-Closing.png
Component: component_1755086410989_292.png
centerX: 0.7698508665860541
centerY: 0.806672369546621
width: 0.037484885126964934
height: 0.042486455660108356
Area: 0.0004569659552318177
CentroidX: 0.7913
CentroidY: 0.8237
