Location: internet_17.png_Otsu.png
Component: component_1755086411125_1539.png
centerX: 0.3232567513099557
centerY: 0.7835757057313943
width: 0.03143893591293833
height: 0.03222127174222983
Area: 0.00024411360385120242
CentroidX: 0.3423
CentroidY: 0.8002
