Location: internet_17.png_Mean-Closing.png
Component: component_1755086411423_141.png
centerX: 0.9588875453446191
centerY: 0.3812375249500998
width: 0.032245062474808545
height: 0.03222127174222983
Area: 0.00041375187093424136
CentroidX: 0.9764
CentroidY: 0.3956
