Location: internet_17.png_Gaussian-Closing.png
Component: component_1755086410950_114.png
centerX: 0.592503022974607
centerY: 0.2996863416025093
width: 0.03829101168883515
height: 0.03222127174222983
Area: 0.00037341106351815285
CentroidX: 0.6136
CentroidY: 0.3127
