Location: internet_17.png_Otsu.png
Component: component_1755086411096_888.png
centerX: 0.7746876259572752
centerY: 0.4328485885372113
width: 0.04030632809351068
height: 0.031080695751354435
Area: 0.0003233011147050058
CentroidX: 0.7956
CentroidY: 0.4485
