Location: internet_17.png_Gaussian-Median.png
Component: component_1755086411214_40.png
centerX: 0.6916565900846433
centerY: 0.09894496720844026
width: 0.03667875856509472
height: 0.03136583974907328
Area: 0.0003378973612629638
CentroidX: 0.7130
CentroidY: 0.1123
