Location: internet_17.png_Gaussian-Median.png
Component: component_1755086411298_326.png
centerX: 0.426440951229343
centerY: 0.7770173937838608
width: 0.035872632003224506
height: 0.034787567721699456
Area: 0.000389846207280263
CentroidX: 0.4456
CentroidY: 0.7928
