Location: internet_17.png_Mean-Closing.png
Component: component_1755086411443_221.png
centerX: 0.2660217654171705
centerY: 0.6170516110635871
width: 0.03345425231761386
height: 0.04077559167379527
Area: 0.00040835011039704435
CentroidX: 0.2832
CentroidY: 0.6369
