Location: internet_17.png_Gaussian-Closing.png
Component: component_1755086410934_39.png
centerX: 0.6215235792019347
centerY: 0.1009409751924722
width: 0.03385731559854897
height: 0.02765896777872826
Area: 0.0003198531824472205
CentroidX: 0.6403
CentroidY: 0.1127
