Location: internet_17.png_Gaussian-Closing.png
Component: component_1755086410997_331.png
centerX: 0.007658202337767029
centerY: 0.9030510407755917
width: 0.037484885126964934
height: 0.029369831765041345
Area: 0.0004338648091046559
CentroidX: 0.0281
CentroidY: 0.9153
