Location: internet_17.png_Otsu.png
Component: component_1755086411063_33.png
centerX: 0.8863361547762999
centerY: 0.09694895922440833
width: 0.0354695687222894
height: 0.03421727972626176
Area: 0.0003358286019082926
CentroidX: 0.9056
CentroidY: 0.1108
