Location: internet_17.png_Mean-Closing.png
Component: component_1755086411428_162.png
centerX: 0.7742845626763402
centerY: 0.43256344453949247
width: 0.04070939137444579
height: 0.03165098374679213
Area: 0.00036835409620673436
CentroidX: 0.7956
CentroidY: 0.4484
