Location: internet_17.png_Otsu.png
Component: component_1755086411116_1195.png
centerX: 0.07779121322047561
centerY: 0.6954662104362703
width: 0.03788794840790004
height: 0.03222127174222983
Area: 0.00026549078384947156
CentroidX: 0.0967
CentroidY: 0.7090
