Location: internet_17.png_Otsu.png
Component: component_1755086411098_899.png
centerX: 0.32043530834340994
centerY: 0.46421442828628456
width: 0.03667875856509472
height: 0.034787567721699456
Area: 0.0003729513392171148
CentroidX: 0.3398
CentroidY: 0.4799
