Location: internet_17.png_Otsu.png
Component: component_1755086411077_277.png
centerX: 0.6098347440548166
centerY: 0.25149700598802394
width: 0.03184199919387344
height: 0.03022526375819789
Area: 0.00016538581729843703
CentroidX: 0.6246
CentroidY: 0.2654
