Location: internet_17.png_Gaussian-Closing.png
Component: component_1755086410930_15.png
centerX: 0.22168480451430875
centerY: 0.009694895922440832
width: 0.03506650544135429
height: 0.03307670373538637
Area: 0.0004070858685691897
CentroidX: 0.2385
CentroidY: 0.0223
