Location: internet_17.png_Mean-Closing.png
Component: component_1755086411381_7.png
centerX: 0.4316807738814994
centerY: 0.006558311947533505
width: 0.039500201531640466
height: 0.036783575705731396
Area: 0.0004791476527569034
CentroidX: 0.4511
CentroidY: 0.0214
