Location: internet_17.png_Gaussian-Median.png
Component: component_1755086411257_182.png
centerX: 0.7166465135026199
centerY: 0.39264328485885375
width: 0.04433696090286175
height: 0.033361847733105215
Area: 0.00042662415136330667
CentroidX: 0.7409
CentroidY: 0.4081
