Location: internet_17.png_Gaussian-Median.png
Component: component_1755086411236_96.png
centerX: 0.26803708182184605
centerY: 0.2275449101796407
width: 0.041112454655380895
height: 0.029940119760479042
Area: 0.00038777744792559176
CentroidX: 0.2902
CentroidY: 0.2420
