Location: internet_17.png_Mean-Closing.png
Component: component_1755086411447_241.png
centerX: 0.8847239016525594
centerY: 0.6889078984887368
width: 0.046352277307537285
height: 0.04163102366695181
Area: 0.0004424846397491193
CentroidX: 0.9076
CentroidY: 0.7077
