Location: internet_17.png_Mean-Closing.png
Component: component_1755086411397_43.png
centerX: 0.35106811769447804
centerY: 0.1146278870829769
width: 0.024586860137041516
height: 0.01710863986313088
Area: 0.00021882876729410988
CentroidX: 0.3619
CentroidY: 0.1234
