Location: internet_17.png_Mean-Closing.png
Component: component_1755086411432_176.png
centerX: 0.06852075775896815
centerY: 0.47961220416310235
width: 0.037484885126964934
height: 0.03450242372398061
Area: 0.00044558777878112607
CentroidX: 0.0902
CentroidY: 0.4954
