Location: internet_17.png_Mean-Closing.png
Component: component_1755086411402_61.png
centerX: 0.3502619911326078
centerY: 0.17365269461077845
width: 0.04353083434099154
height: 0.03222127174222983
Area: 0.00038007706588320453
CentroidX: 0.3733
CentroidY: 0.1862
