Location: internet_17.png_Otsu.png
Component: component_1755086411114_1153.png
centerX: 0.38129786376461106
centerY: 0.6769318505845452
width: 0.03990326481257558
height: 0.032506415739948676
Area: 0.0002459525010553546
CentroidX: 0.3998
CentroidY: 0.6910
