Location: internet_17.png_Gaussian-Median.png
Component: component_1755086411287_287.png
centerX: 0.819024586860137
centerY: 0.6940404904476761
width: 0.042724707779121324
height: 0.03706871970345024
Area: 0.00039639727857005515
CentroidX: 0.8424
CentroidY: 0.7116
