Location: internet_17.png_Mean-Closing.png
Component: component_1755086411391_34.png
centerX: 0.6916565900846433
centerY: 0.09923011120615911
width: 0.03667875856509472
height: 0.031080695751354435
Area: 0.0003632971288953158
CentroidX: 0.7129
CentroidY: 0.1123
