Location: internet_17.png_Otsu.png
Component: component_1755086411133_1703.png
centerX: 0.6416767432486901
centerY: 0.885657256914742
width: 0.03869407496977025
height: 0.031080695751354435
Area: 0.00038444444674306594
CentroidX: 0.6621
CentroidY: 0.8991
