Location: internet_17.png_Gaussian-Closing.png
Component: component_1755086410944_83.png
centerX: 0.8814993954050786
centerY: 0.2375249500998004
width: 0.03829101168883515
height: 0.02765896777872826
Area: 0.0003142215597595044
CentroidX: 0.9032
CentroidY: 0.2487
