Location: internet_17.png_Gaussian-Closing.png
Component: component_1755086410937_52.png
centerX: 0.8758565094719871
centerY: 0.14399771884801824
width: 0.03788794840790004
height: 0.028514399771884802
Area: 0.00034272446642386327
CentroidX: 0.8974
CentroidY: 0.1565
