Location: internet_17.png_Mean-Closing.png
Component: component_1755086411449_247.png
centerX: 0.7565497783151954
centerY: 0.701739378386085
width: 0.041112454655380895
height: 0.03222127174222983
Area: 0.00038467430889358497
CentroidX: 0.7794
CentroidY: 0.7166
