Location: internet_17.png_Gaussian-Median.png
Component: component_1755086411303_350.png
centerX: 0.46594115276098347
centerY: 0.8272027373823782
width: 0.041112454655380895
height: 0.033932135728542916
Area: 0.00042834811749219935
CentroidX: 0.4878
CentroidY: 0.8423
