Location: internet_17.png_Gaussian-Median.png
Component: component_1755086411304_353.png
centerX: 0.27166465135026197
centerY: 0.8403193612774451
width: 0.03788794840790004
height: 0.03022526375819789
Area: 0.00037375585674393136
CentroidX: 0.2936
CentroidY: 0.8532
