Location: internet_17.png_Gaussian-Median.png
Component: component_1755086411219_63.png
centerX: 0.6888351471180976
centerY: 0.14941545480467636
width: 0.037484885126964934
height: 0.029940119760479042
Area: 0.00036513602609946803
CentroidX: 0.7102
CentroidY: 0.1611
