Location: internet_17.png_Otsu.png
Component: component_1755086411098_898.png
centerX: 0.25675130995566303
centerY: 0.4644995722840034
width: 0.03305118903667876
height: 0.03592814371257485
Area: 0.000375020098571786
CentroidX: 0.2761
CentroidY: 0.4814
