Location: internet_17.png_Gaussian-Median.png
Component: component_1755086411283_267.png
centerX: 0.7505038291011689
centerY: 0.6429997148560023
width: 0.036275695284159616
height: 0.03421727972626176
Area: 0.00035869988588493537
CentroidX: 0.7703
CentroidY: 0.6578
