Location: internet_17.png_Gaussian-Median.png
Component: component_1755086411254_172.png
centerX: 0.22692462716646514
centerY: 0.3729683490162532
width: 0.037484885126964934
height: 0.03450242372398061
Area: 0.0003260594605112341
CentroidX: 0.2479
CentroidY: 0.3877
