Location: internet_17.png_Gaussian-Median.png
Component: component_1755086411288_291.png
centerX: 0.014913341394598953
centerY: 0.6971770744225834
width: 0.039500201531640466
height: 0.035642999714856
Area: 0.00035444743610033345
CentroidX: 0.0351
CentroidY: 0.7125
