Location: internet_17.png_Gaussian-Closing.png
Component: component_1755086410964_180.png
centerX: 0.9564691656590084
centerY: 0.4773310521813516
width: 0.037081821846029824
height: 0.03421727972626176
Area: 0.0003442185704022369
CentroidX: 0.9773
CentroidY: 0.4921
