Location: internet_17.png_Gaussian-Median.png
Component: component_1755086411262_199.png
centerX: 0.7742845626763402
centerY: 0.43256344453949247
width: 0.04070939137444579
height: 0.03165098374679213
Area: 0.00034881581341261736
CentroidX: 0.7957
CentroidY: 0.4483
