Location: internet_17.png_Mean-Closing.png
Component: component_1755086411421_131.png
centerX: 0.5538089480048367
centerY: 0.35528942115768464
width: 0.039500201531640466
height: 0.031080695751354435
Area: 0.0003612283695406446
CentroidX: 0.5744
CentroidY: 0.3693
