Location: internet_17.png_Otsu.png
Component: component_1755086411085_576.png
centerX: 0.010882708585247884
centerY: 0.3296264613629883
width: 0.03345425231761386
height: 0.03222127174222983
Area: 0.00025985916116175547
CentroidX: 0.0308
CentroidY: 0.3431
