Location: internet_17.png_Gaussian-Median.png
Component: component_1755086411237_102.png
centerX: 0.010882708585247884
centerY: 0.2386655260906758
width: 0.030632809351068116
height: 0.017393783860849728
Area: 0.000219748215896186
CentroidX: 0.0261
CentroidY: 0.2466
