Location: internet_17.png_Mean-Closing.png
Component: component_1755086411390_32.png
centerX: 0.8198307134220073
centerY: 0.09723410322212718
width: 0.036275695284159616
height: 0.03307670373538637
Area: 0.0003636419221210944
CentroidX: 0.8399
CentroidY: 0.1110
