Location: internet_17.png_Gaussian-Median.png
Component: component_1755086411284_273.png
centerX: 0.5634824667472793
centerY: 0.6569717707442259
width: 0.03788794840790004
height: 0.03364699173082407
Area: 0.0003439887082517179
CentroidX: 0.5843
CentroidY: 0.6725
