Location: internet_17.png_Gaussian-Median.png
Component: component_1755086411220_74.png
centerX: 0.27448609431680776
centerY: 0.17194183062446536
width: 0.03869407496977025
height: 0.035357855717137156
Area: 0.00041168311157957016
CentroidX: 0.2954
CentroidY: 0.1884
