Location: internet_17.png_Gaussian-Median.png
Component: component_1755086411241_117.png
centerX: 0.37122128174123337
centerY: 0.26290276589677786
width: 0.03426037887948408
height: 0.03364699173082407
Area: 0.0003452529500795725
CentroidX: 0.3888
CentroidY: 0.2765
