Location: internet_17.png_Mean-Closing.png
Component: component_1755086411449_250.png
centerX: 0.5856509471987102
centerY: 0.7140005702879955
width: 0.037484885126964934
height: 0.035357855717137156
Area: 0.0004368530170614032
CentroidX: 0.6046
CentroidY: 0.7294
