Location: internet_17.png_Gaussian-Median.png
Component: component_1755086411217_52.png
centerX: 0.21483272873841194
centerY: 0.11804961505560307
width: 0.037484885126964934
height: 0.03136583974907328
Area: 0.00034835608911157936
CentroidX: 0.2355
CentroidY: 0.1316
