Location: internet_17.png_Otsu.png
Component: component_1755086411078_294.png
centerX: 0.5481660620717452
centerY: 0.2549187339606501
width: 0.03426037887948408
height: 0.031936127744510975
Area: 0.00019124530923182712
CentroidX: 0.5659
CentroidY: 0.2689
