Location: internet_17.png_Mean-Closing.png
Component: component_1755086411427_158.png
centerX: 0.06368399838774688
centerY: 0.4282862845737097
width: 0.029423619508262798
height: 0.03507271171941831
Area: 0.0003466321229826867
CentroidX: 0.0816
CentroidY: 0.4430
