Location: internet_17.png_Gaussian-Median.png
Component: component_1755086411295_314.png
centerX: 0.012091898428053204
centerY: 0.7504990019960079
width: 0.037484885126964934
height: 0.03165098374679213
Area: 0.00036375685319635386
CentroidX: 0.0328
CentroidY: 0.7654
