Location: internet_17.png_Otsu.png
Component: component_1755086411106_967.png
centerX: 0.8823055219669488
centerY: 0.5765611633875107
width: 0.04232164449818621
height: 0.021100655831194755
Area: 0.00018457930686677546
CentroidX: 0.9015
CentroidY: 0.5868
