Location: internet_17.png_Gaussian-Median.png
Component: component_1755086411248_143.png
centerX: 0.35953244659411526
centerY: 0.3150841174793271
width: 0.037484885126964934
height: 0.03279155973766752
Area: 0.0003631821978200563
CentroidX: 0.3797
CentroidY: 0.3284
