Location: internet_17.png_Otsu.png
Component: component_1755086411051_4.png
centerX: 0.14913341394598953
centerY: 0.006273167949814656
width: 0.041515517936316
height: 0.03792415169660679
Area: 0.0004708726153382186
CentroidX: 0.1709
CentroidY: 0.0213
