Location: internet_17.png_Mean-Closing.png
Component: component_1755086411423_143.png
centerX: 0.7791213220475615
centerY: 0.3840889649272883
width: 0.04353083434099154
height: 0.03877958368976333
Area: 0.0004727115125423708
CentroidX: 0.8034
CentroidY: 0.4024
