Location: internet_17.png_Gaussian-Median.png
Component: component_1755086411235_95.png
centerX: 0.33373639661426846
centerY: 0.22611919019104648
width: 0.04070939137444579
height: 0.03051040775591674
Area: 0.0003639867153468729
CentroidX: 0.3562
CentroidY: 0.2392
