Location: internet_17.png_Gaussian-Median.png
Component: component_1755086411269_227.png
centerX: 0.25836356307940345
centerY: 0.5163957798688338
width: 0.036275695284159616
height: 0.035642999714856
Area: 0.0003699631312603675
CentroidX: 0.2775
CentroidY: 0.5314
