Location: internet_17.png_Gaussian-Closing.png
Component: component_1755086410957_146.png
centerX: 0.8371624345022168
centerY: 0.38323353293413176
width: 0.04554615074566707
height: 0.03649843170801255
Area: 0.00045742567953285573
CentroidX: 0.8629
CentroidY: 0.3995
