Location: internet_17.png_Gaussian-Closing.png
Component: component_1755086410989_291.png
centerX: 0.013704151551793631
centerY: 0.8026803535785572
width: 0.03829101168883515
height: 0.03706871970345024
Area: 0.0004151310438373555
CentroidX: 0.0351
CentroidY: 0.8213
