Location: internet_17.png_Otsu.png
Component: component_1755086411073_201.png
centerX: 0.3994357114066909
centerY: 0.22241231822070145
width: 0.03829101168883515
height: 0.03136583974907328
Area: 0.00027847799535379636
CentroidX: 0.4188
CentroidY: 0.2350
