Location: internet_17.png_Gaussian-Closing.png
Component: component_1755086410992_306.png
centerX: 0.33454252317613864
centerY: 0.834901625320787
width: 0.04070939137444579
height: 0.03992015968063872
Area: 0.0004767341001764537
CentroidX: 0.3582
CentroidY: 0.8517
