Location: internet_17.png_Mean-Closing.png
Component: component_1755086411420_127.png
centerX: 0.7351874244256348
centerY: 0.3418876532648988
width: 0.02902055622732769
height: 0.026803535785571715
Area: 0.0002736508901928969
CentroidX: 0.7512
CentroidY: 0.3535
