Location: internet_17.png_Gaussian-Median.png
Component: component_1755086411266_216.png
centerX: 0.008061265618702136
centerY: 0.4804676361562589
width: 0.03788794840790004
height: 0.040490447676076416
Area: 0.0004578854038338938
CentroidX: 0.0289
CentroidY: 0.4980
