Location: internet_17.png_Gaussian-Closing.png
Component: component_1755086410965_182.png
centerX: 0.8496573962112052
centerY: 0.47961220416310235
width: 0.03426037887948408
height: 0.03136583974907328
Area: 0.0003668599922283607
CentroidX: 0.8697
CentroidY: 0.4937
