Location: internet_17.png_Gaussian-Closing.png
Component: component_1755086410943_77.png
centerX: 0.3994357114066909
centerY: 0.22241231822070145
width: 0.03869407496977025
height: 0.03136583974907328
Area: 0.00038708786147403473
CentroidX: 0.4202
CentroidY: 0.2353
