Location: internet_17.png_Mean-Closing.png
Component: component_1755086411436_191.png
centerX: 0.18823055219669488
centerY: 0.5203877958368976
width: 0.04070939137444579
height: 0.03165098374679213
Area: 0.0003808815834100211
CentroidX: 0.2106
CentroidY: 0.5344
