Location: internet_17.png_Gaussian-Closing.png
Component: component_1755086410967_192.png
centerX: 0.3825070536074164
centerY: 0.5126889078984888
width: 0.037484885126964934
height: 0.030795551753635585
Area: 0.00034513801900431303
CentroidX: 0.4035
CentroidY: 0.5268
