Location: internet_17.png_Otsu.png
Component: component_1755086411108_979.png
centerX: 0.6307940346634422
centerY: 0.5922440832620474
width: 0.037081821846029824
height: 0.029369831765041345
Area: 0.00020687593546712068
CentroidX: 0.6510
CentroidY: 0.6056
