Location: internet_17.png_Otsu.png
Component: component_1755086411118_1288.png
centerX: 0.5860540104796453
centerY: 0.716566866267465
width: 0.030632809351068116
height: 0.023381807812945538
Area: 0.00020262348568251875
CentroidX: 0.5976
CentroidY: 0.7274
