Location: internet_17.png_Otsu.png
Component: component_1755086411109_986.png
centerX: 0.5066505441354293
centerY: 0.5999429712004563
width: 0.04070939137444579
height: 0.033932135728542916
Area: 0.00028939644750344996
CentroidX: 0.5269
CentroidY: 0.6154
