Location: internet_17.png_Otsu.png
Component: component_1755086411115_1165.png
centerX: 0.19830713422007254
centerY: 0.6837753065297976
width: 0.04312777106005643
height: 0.03507271171941831
Area: 0.00021641521471366015
CentroidX: 0.2175
CentroidY: 0.7004
