Location: internet_17.png_Gaussian-Median.png
Component: component_1755086411239_107.png
centerX: 0.77347843611447
centerY: 0.24208725406330198
width: 0.032648125755743655
height: 0.026803535785571715
Area: 0.00026043381653805307
CentroidX: 0.7918
CentroidY: 0.2541
