Location: internet_17.png_Mean-Closing.png
Component: component_1755086411420_130.png
centerX: 0.6170898831116485
centerY: 0.3532934131736527
width: 0.02257154373236598
height: 0.016823495865412035
Area: 0.00017641920052335016
CentroidX: 0.6277
CentroidY: 0.3615
