Location: internet_17.png_Mean-Closing.png
Component: component_1755086411401_58.png
centerX: 0.4159613059250302
centerY: 0.16652409466780724
width: 0.03909713825070536
height: 0.03136583974907328
Area: 0.00040743066179496824
CentroidX: 0.4366
CentroidY: 0.1804
