Location: internet_17.png_Otsu.png
Component: component_1755086411104_935.png
centerX: 0.6182990729544539
centerY: 0.5355004277159966
width: 0.042724707779121324
height: 0.035642999714856
Area: 0.0003588148169601949
CentroidX: 0.6394
CentroidY: 0.5510
