Location: internet_17.png_Gaussian-Closing.png
Component: component_1755086410984_263.png
centerX: 0.3542926239419589
centerY: 0.731679498146564
width: 0.04030632809351068
height: 0.03507271171941831
Area: 0.0004340946712551749
CentroidX: 0.3758
CentroidY: 0.7471
