Location: internet_17.png_Mean-Closing.png
Component: component_1755086411389_28.png
centerX: 0.26924627166465137
centerY: 0.0647276874821785
width: 0.03466344216041919
height: 0.029654975762760195
Area: 0.000420188011148774
CentroidX: 0.2872
CentroidY: 0.0780
