Location: internet_17.png_Gaussian-Median.png
Component: component_1755086411257_183.png
centerX: 0.6582023377670294
centerY: 0.40005702879954375
width: 0.03667875856509472
height: 0.032506415739948676
Area: 0.00039340907061330784
CentroidX: 0.6784
CentroidY: 0.4152
