Location: internet_17.png_Mean-Closing.png
Component: component_1755086411424_147.png
centerX: 0.6582023377670294
centerY: 0.40005702879954375
width: 0.03667875856509472
height: 0.032506415739948676
Area: 0.00041260256018164627
CentroidX: 0.6783
CentroidY: 0.4151
