Location: internet_17.png_Otsu.png
Component: component_1755086411134_1709.png
centerX: 0.06166868198307134
centerY: 0.8959224408326205
width: 0.03909713825070536
height: 0.03279155973766752
Area: 0.00039065072480707957
CentroidX: 0.0842
CentroidY: 0.9115
