Location: internet_17.png_Gaussian-Closing.png
Component: component_1755086410938_55.png
centerX: 0.6888351471180976
centerY: 0.1497005988023952
width: 0.037484885126964934
height: 0.029654975762760195
Area: 0.0003588148169601949
CentroidX: 0.7101
CentroidY: 0.1610
