Location: internet_17.png_Otsu.png
Component: component_1755086411110_997.png
centerX: 0.3921805723498589
centerY: 0.6087824351297405
width: 0.035872632003224506
height: 0.03165098374679213
Area: 0.0002959475187932421
CentroidX: 0.4103
CentroidY: 0.6236
