Location: internet_17.png_Gaussian-Closing.png
Component: component_1755086410955_138.png
centerX: 0.3941958887545345
centerY: 0.3664100370687197
width: 0.031035872632003223
height: 0.033361847733105215
Area: 0.00026847899180621886
CentroidX: 0.4105
CentroidY: 0.3816
