Location: internet_17.png_Mean-Closing.png
Component: component_1755086411458_290.png
centerX: 0.46594115276098347
centerY: 0.8272027373823782
width: 0.04070939137444579
height: 0.033932135728542916
Area: 0.0004489207799636519
CentroidX: 0.4876
CentroidY: 0.8424
