Location: internet_17.png_Gaussian-Median.png
Component: component_1755086411291_304.png
centerX: 0.3542926239419589
centerY: 0.7313943541488451
width: 0.04030632809351068
height: 0.035642999714856
Area: 0.0004417950532975622
CentroidX: 0.3758
CentroidY: 0.7471
