Location: internet_17.png_Mean-Closing.png
Component: component_1755086411441_215.png
centerX: 0.6924627166465135
centerY: 0.5922440832620474
width: 0.02539298669891173
height: 0.017678927858568578
Area: 0.00018572861761937057
CentroidX: 0.7046
CentroidY: 0.6011
