Location: internet_17.png_Mean-Closing.png
Component: component_1755086411434_182.png
centerX: 0.6082224909310762
centerY: 0.49529512403763903
width: 0.041112454655380895
height: 0.031936127744510975
Area: 0.0003918000355596747
CentroidX: 0.6312
CentroidY: 0.5106
