Location: internet_17.png_Gaussian-Median.png
Component: component_1755086411269_229.png
centerX: 0.8778718258766627
centerY: 0.5183917878528657
width: 0.041515517936316
height: 0.04077559167379527
Area: 0.00040237369448354975
CentroidX: 0.8983
CentroidY: 0.5365
