Location: internet_17.png_Gaussian-Closing.png
Component: component_1755086410960_160.png
centerX: 0.9367190648931882
centerY: 0.4245794126033647
width: 0.03909713825070536
height: 0.032506415739948676
Area: 0.0003492755377136554
CentroidX: 0.9591
CentroidY: 0.4402
