Location: internet_17.png_Gaussian-Median.png
Component: component_1755086411247_136.png
centerX: 0.592503022974607
centerY: 0.2996863416025093
width: 0.03869407496977025
height: 0.03222127174222983
Area: 0.0003798472037326855
CentroidX: 0.6137
CentroidY: 0.3127
