Location: internet_17.png_Gaussian-Median.png
Component: component_1755086411295_313.png
centerX: 0.06972994760177348
centerY: 0.7467921300256629
width: 0.03426037887948408
height: 0.040490447676076416
Area: 0.0003918000355596747
CentroidX: 0.0903
CentroidY: 0.7647
