Location: internet_17.png_Mean-Closing.png
Component: component_1755086411392_36.png
centerX: 0.5513905683192262
centerY: 0.0998003992015968
width: 0.03426037887948408
height: 0.03222127174222983
Area: 0.0003559415400787071
CentroidX: 0.5713
CentroidY: 0.1148
