Location: internet_17.png_Gaussian-Closing.png
Component: component_1755086410949_109.png
centerX: 0.7718661829907295
centerY: 0.2834331337325349
width: 0.03909713825070536
height: 0.02765896777872826
Area: 0.00034111543137023013
CentroidX: 0.7946
CentroidY: 0.2962
