Location: internet_17.png_Otsu.png
Component: component_1755086411105_945.png
centerX: 0.5626763401854091
centerY: 0.542343883661249
width: 0.035872632003224506
height: 0.03592814371257485
Area: 0.0003226115282534488
CentroidX: 0.5801
CentroidY: 0.5595
