Location: internet_17.png_Gaussian-Median.png
Component: component_1755086411264_209.png
centerX: 0.25634824667472794
centerY: 0.46421442828628456
width: 0.03385731559854897
height: 0.03649843170801255
Area: 0.00040547683351555653
CentroidX: 0.2761
CentroidY: 0.4814
