Location: internet_17.png_Gaussian-Median.png
Component: component_1755086411271_240.png
centerX: 0.44135429262394194
centerY: 0.5520387795836897
width: 0.035872632003224506
height: 0.036783575705731396
Area: 0.00037674406470067866
CentroidX: 0.4615
CentroidY: 0.5686
