Location: internet_17.png_Gaussian-Closing.png
Component: component_1755086410930_16.png
centerX: 0.6307940346634422
centerY: 0.055603079555175364
width: 0.039500201531640466
height: 0.041060735671514116
Area: 0.0004768490312517132
CentroidX: 0.6500
CentroidY: 0.0725
