Location: internet_17.png_Mean-Closing.png
Component: component_1755086411377_3.png
centerX: 0.07819427650141073
centerY: 0.0051325919589392645
width: 0.044740024183796856
height: 0.043912175648702596
Area: 0.0005627025444705682
CentroidX: 0.1026
CentroidY: 0.0220
