Location: internet_17.png_Otsu.png
Component: component_1755086411081_373.png
centerX: 0.713018943974204
centerY: 0.28885086968919305
width: 0.03829101168883515
height: 0.030795551753635585
Area: 0.0003110034896522381
CentroidX: 0.7337
CentroidY: 0.3023
