Location: internet_17.png_Mean-Closing.png
Component: component_1755086411375_2.png
centerX: 0.7980652962515115
centerY: 0.004847447961220416
width: 0.03466344216041919
height: 0.03450242372398061
Area: 0.0004361634306098461
CentroidX: 0.8160
CentroidY: 0.0197
