Location: internet_17.png_Otsu.png
Component: component_1755086411054_21.png
centerX: 0.4860943168077388
centerY: 0.0575990875392073
width: 0.037081821846029824
height: 0.03507271171941831
Area: 0.00041570569921365306
CentroidX: 0.5034
CentroidY: 0.0722
