Location: internet_17.png_Mean-Closing.png
Component: component_1755086411397_44.png
centerX: 0.21483272873841194
centerY: 0.11804961505560307
width: 0.037484885126964934
height: 0.03136583974907328
Area: 0.00037076764878718406
CentroidX: 0.2355
CentroidY: 0.1316
