Location: internet_17.png_Gaussian-Median.png
Component: component_1755086411269_228.png
centerX: 0.9399435711406691
centerY: 0.5169660678642715
width: 0.042724707779121324
height: 0.03792415169660679
Area: 0.00038053679018424253
CentroidX: 0.9601
CentroidY: 0.5341
