Location: internet_17.png_Mean-Closing.png
Component: component_1755086411398_47.png
centerX: 0.014510278113663845
centerY: 0.12546335899629313
width: 0.036275695284159616
height: 0.031080695751354435
Area: 0.00046535592372576204
CentroidX: 0.0331
CentroidY: 0.1389
