Location: internet_17.png_Gaussian-Median.png
Component: component_1755086411209_15.png
centerX: 0.648931882305522
centerY: 0.009124607927003137
width: 0.03909713825070536
height: 0.034787567721699456
Area: 0.0004475416070605378
CentroidX: 0.6674
CentroidY: 0.0227
