Location: internet_17.png_Mean-Closing.png
Component: component_1755086411424_146.png
centerX: 0.717049576783555
centerY: 0.3929284288565726
width: 0.04353083434099154
height: 0.03307670373538637
Area: 0.00044800133136157583
CentroidX: 0.7407
CentroidY: 0.4081
