Location: internet_17.png_Mean-Closing.png
Component: component_1755086411423_139.png
centerX: 0.11366384522370013
centerY: 0.3800969489592244
width: 0.031035872632003223
height: 0.03051040775591674
Area: 0.00035214881459514323
CentroidX: 0.1308
CentroidY: 0.3920
