Location: internet_17.png_Mean-Closing.png
Component: component_1755086411454_275.png
centerX: 0.12898024989923418
centerY: 0.7929854576561164
width: 0.037484885126964934
height: 0.034787567721699456
Area: 0.00038237568738839475
CentroidX: 0.1489
CentroidY: 0.8109
