Location: internet_17.png_Otsu.png
Component: component_1755086411054_20.png
centerX: 0.33413945989520355
centerY: 0.05731394354148845
width: 0.035872632003224506
height: 0.033932135728542916
Area: 0.00037329613244289336
CentroidX: 0.3531
CentroidY: 0.0718
