Location: internet_17.png_Gaussian-Closing.png
Component: component_1755086410969_203.png
centerX: 0.06569931479242241
centerY: 0.5360707157114343
width: 0.039500201531640466
height: 0.03165098374679213
Area: 0.00036479123287368946
CentroidX: 0.0881
CentroidY: 0.5504
