Location: internet_17.png_Mean-Closing.png
Component: component_1755086411412_90.png
centerX: 0.6614268440145102
centerY: 0.24636441402908468
width: 0.030229746070133012
height: 0.0290846877673225
Area: 0.0002639966798710979
CentroidX: 0.6768
CentroidY: 0.2597
