Location: internet_17.png_Otsu.png
Component: component_1755086411072_163.png
centerX: 0.8311164852881903
centerY: 0.19674935842600513
width: 0.037484885126964934
height: 0.031080695751354435
Area: 0.0002943384837396089
CentroidX: 0.8506
CentroidY: 0.2093
