Location: internet_17.png_Gaussian-Median.png
Component: component_1755086411285_280.png
centerX: 0.38129786376461106
centerY: 0.6766467065868264
width: 0.04030632809351068
height: 0.03279155973766752
Area: 0.00036754957867991773
CentroidX: 0.4017
CentroidY: 0.6914
