Location: internet_17.png_Gaussian-Median.png
Component: component_1755086411257_186.png
centerX: 0.52801289802499
centerY: 0.4086113487311092
width: 0.0471584038694075
height: 0.033932135728542916
Area: 0.0004640916818979074
CentroidX: 0.5541
CentroidY: 0.4230
