Location: internet_17.png_Otsu.png
Component: component_1755086411088_748.png
centerX: 0.34139459895203544
centerY: 0.36926147704590817
width: 0.032648125755743655
height: 0.0290846877673225
Area: 0.00021319714460639382
CentroidX: 0.3579
CentroidY: 0.3832
