Location: internet_17.png_Mean-Closing.png
Component: component_1755086411446_235.png
centerX: 0.4397420395002015
centerY: 0.6678072426575421
width: 0.04030632809351068
height: 0.035642999714856
Area: 0.00041467131953631746
CentroidX: 0.4608
CentroidY: 0.6840
