Location: internet_17.png_Gaussian-Median.png
Component: component_1755086411284_271.png
centerX: 0.6239419588875453
centerY: 0.6521243227830055
width: 0.04312777106005643
height: 0.031936127744510975
Area: 0.0003585849548096759
CentroidX: 0.6473
CentroidY: 0.6664
