Location: internet_17.png_Gaussian-Closing.png
Component: component_1755086410958_150.png
centerX: 0.717049576783555
centerY: 0.3929284288565726
width: 0.04353083434099154
height: 0.03307670373538637
Area: 0.00042467032308389496
CentroidX: 0.7409
CentroidY: 0.4081
