Location: internet_17.png_Otsu.png
Component: component_1755086411112_1054.png
centerX: 0.6243450221684804
centerY: 0.6521243227830055
width: 0.042724707779121324
height: 0.03165098374679213
Area: 0.00024928550223788043
CentroidX: 0.6466
CentroidY: 0.6664
