Location: internet_17.png_Gaussian-Median.png
Component: component_1755086411301_338.png
centerX: 0.8230552196694881
centerY: 0.8063872255489022
width: 0.03506650544135429
height: 0.03934987168520103
Area: 0.00043271549835206076
CentroidX: 0.8419
CentroidY: 0.8235
