Location: internet_17.png_Gaussian-Closing.png
Component: component_1755086410929_11.png
centerX: 0.5711406690850463
centerY: 0.007698887938408896
width: 0.045949214026602174
height: 0.03592814371257485
Area: 0.00051994818447403
CentroidX: 0.5923
CentroidY: 0.0227
