Location: internet_17.png_Mean-Closing.png
Component: component_1755086411439_206.png
centerX: 0.8823055219669488
centerY: 0.5765611633875107
width: 0.04232164449818621
height: 0.032506415739948676
Area: 0.000330311910295836
CentroidX: 0.9042
CentroidY: 0.5899
