Location: internet_17.png_Gaussian-Closing.png
Component: component_1755086410964_178.png
centerX: 0.13462313583232569
centerY: 0.4713430282292558
width: 0.03829101168883515
height: 0.036783575705731396
Area: 0.0004408756046954861
CentroidX: 0.1550
CentroidY: 0.4883
