Location: internet_17.png_Gaussian-Median.png
Component: component_1755086411303_347.png
centerX: 0.5888754534461911
centerY: 0.8214998574280011
width: 0.028617492946392584
height: 0.019389791844881665
Area: 0.00022032287127248353
CentroidX: 0.6010
CentroidY: 0.8318
