Location: internet_17.png_Mean-Closing.png
Component: component_1755086411463_312.png
centerX: 0.06166868198307134
centerY: 0.8959224408326205
width: 0.039500201531640466
height: 0.03307670373538637
Area: 0.00044259957082437877
CentroidX: 0.0846
CentroidY: 0.9117
