Location: internet_17.png_Mean-Closing.png
Component: component_1755086411425_149.png
centerX: 0.52801289802499
centerY: 0.4086113487311092
width: 0.0471584038694075
height: 0.033932135728542916
Area: 0.000485124068670398
CentroidX: 0.5541
CentroidY: 0.4230
