Location: internet_17.png_Mean-Closing.png
Component: component_1755086411426_153.png
centerX: 0.28053204353083433
centerY: 0.41573994867408043
width: 0.03305118903667876
height: 0.03792415169660679
Area: 0.0005075356283460028
CentroidX: 0.2990
CentroidY: 0.4323
