Location: internet_17.png_Gaussian-Closing.png
Component: component_1755086410960_158.png
centerX: 0.22611850060459493
centerY: 0.420302252637582
width: 0.02781136638452237
height: 0.035642999714856
Area: 0.0003778933754532738
CentroidX: 0.2414
CentroidY: 0.4366
