Location: internet_17.png_Otsu.png
Component: component_1755086411068_95.png
centerX: 0.6888351471180976
centerY: 0.1497005988023952
width: 0.037484885126964934
height: 0.029654975762760195
Area: 0.0002713522686877066
CentroidX: 0.7095
CentroidY: 0.1606
