Location: internet_17.png_Otsu.png
Component: component_1755086411117_1235.png
centerX: 0.7073760580411125
centerY: 0.7063016823495866
width: 0.03385731559854897
height: 0.029940119760479042
Area: 0.00024618236320587364
CentroidX: 0.7265
CentroidY: 0.7195
