Location: internet_17.png_Mean-Closing.png
Component: component_1755086411405_73.png
centerX: 0.5324465941152761
centerY: 0.21385799828913601
width: 0.04030632809351068
height: 0.031936127744510975
Area: 0.0004188088382456599
CentroidX: 0.5527
CentroidY: 0.2274
