Location: internet_17.png_Gaussian-Median.png
Component: component_1755086411269_231.png
centerX: 0.12696493349455865
centerY: 0.5266609637867123
width: 0.03829101168883515
height: 0.035642999714856
Area: 0.00039938548652680245
CentroidX: 0.1482
CentroidY: 0.5431
