Location: internet_17.png_Gaussian-Closing.png
Component: component_1755086410938_57.png
centerX: 0.5521966948810964
centerY: 0.15312232677502138
width: 0.03788794840790004
height: 0.03136583974907328
Area: 0.0003699631312603675
CentroidX: 0.5745
CentroidY: 0.1679
