Location: internet_17.png_Otsu.png
Component: component_1755086411065_60.png
centerX: 0.21523579201934703
centerY: 0.11804961505560307
width: 0.037081821846029824
height: 0.031080695751354435
Area: 0.0003037628319108889
CentroidX: 0.2350
CentroidY: 0.1315
