Location: internet_17.png_Otsu.png
Component: component_1755086411129_1648.png
centerX: 0.52801289802499
centerY: 0.8223552894211577
width: 0.03466344216041919
height: 0.034787567721699456
Area: 0.0003398511895423755
CentroidX: 0.5468
CentroidY: 0.8382
