Location: internet_17.png_Gaussian-Closing.png
Component: component_1755086410964_181.png
centerX: 0.06852075775896815
centerY: 0.47961220416310235
width: 0.037484885126964934
height: 0.03450242372398061
Area: 0.0004247852541591545
CentroidX: 0.0902
CentroidY: 0.4954
