Location: internet_17.png_Otsu.png
Component: component_1755086411105_949.png
centerX: 0.5014107214832729
centerY: 0.5471913316224694
width: 0.04070939137444579
height: 0.036213287710293696
Area: 0.0003609985073901256
CentroidX: 0.5236
CentroidY: 0.5620
