Location: internet_17.png_Mean-Closing.png
Component: component_1755086411429_166.png
centerX: 0.5409109230149134
centerY: 0.4508126603934987
width: 0.037484885126964934
height: 0.02737382378100941
Area: 0.00037237668384081725
CentroidX: 0.5622
CentroidY: 0.4636
