Location: internet_17.png_Mean-Closing.png
Component: component_1755086411413_95.png
centerX: 0.4268440145102781
centerY: 0.2606216139150271
width: 0.03869407496977025
height: 0.03022526375819789
Area: 0.000339966120617635
CentroidX: 0.4481
CentroidY: 0.2730
