Location: internet_17.png_Gaussian-Median.png
Component: component_1755086411301_337.png
centerX: 0.7694478033051189
centerY: 0.8063872255489022
width: 0.03788794840790004
height: 0.04305674365554605
Area: 0.0004591496456617484
CentroidX: 0.7913
CentroidY: 0.8237
