Location: internet_17.png_Gaussian-Median.png
Component: component_1755086411258_188.png
centerX: 0.40024183796856105
centerY: 0.41317365269461076
width: 0.041515517936316
height: 0.033361847733105215
Area: 0.00045328816082351335
CentroidX: 0.4254
CentroidY: 0.4276
