Location: internet_17.png_Otsu.png
Component: component_1755086411127_1604.png
centerX: 0.7698508665860541
centerY: 0.806672369546621
width: 0.037484885126964934
height: 0.04220131166238951
Area: 0.00040972928330015846
CentroidX: 0.7908
CentroidY: 0.8232
