Location: internet_17.png_Mean-Closing.png
Component: component_1755086411419_122.png
centerX: 0.06690850463522773
centerY: 0.3282007413743941
width: 0.03829101168883515
height: 0.0290846877673225
Area: 0.00036007905878804953
CentroidX: 0.0876
CentroidY: 0.3413
