Location: internet_17.png_Mean-Closing.png
Component: component_1755086411381_8.png
centerX: 0.7194679564691656
centerY: 0.006273167949814656
width: 0.046352277307537285
height: 0.03507271171941831
Area: 0.0004739757543702254
CentroidX: 0.7411
CentroidY: 0.0198
