Location: internet_17.png_Mean-Closing.png
Component: component_1755086411437_195.png
centerX: 0.6811769447803305
centerY: 0.5332192757342458
width: 0.04393389762192664
height: 0.03849443969204448
Area: 0.0004591496456617484
CentroidX: 0.7050
CentroidY: 0.5488
