Location: internet_17.png_Gaussian-Closing.png
Component: component_1755086410958_152.png
centerX: 0.592503022974607
centerY: 0.405189620758483
width: 0.04232164449818621
height: 0.039635015682919876
Area: 0.0004308766011479086
CentroidX: 0.6182
CentroidY: 0.4212
