Location: internet_17.png_Otsu.png
Component: component_1755086411068_96.png
centerX: 0.6227327690447401
centerY: 0.151981750784146
width: 0.03990326481257558
height: 0.03051040775591674
Area: 0.00033651818835984964
CentroidX: 0.6455
CentroidY: 0.1646
