Location: internet_17.png_Gaussian-Median.png
Component: component_1755086411214_38.png
centerX: 0.8863361547762999
centerY: 0.09666381522668947
width: 0.0354695687222894
height: 0.034787567721699456
Area: 0.00038306527383995183
CentroidX: 0.9057
CentroidY: 0.1111
