Location: internet_17.png_Gaussian-Median.png
Component: component_1755086411219_65.png
centerX: 0.5521966948810964
centerY: 0.15312232677502138
width: 0.03788794840790004
height: 0.03165098374679213
Area: 0.00037375585674393136
CentroidX: 0.5744
CentroidY: 0.1679
