Location: internet_17.png_Mean-Closing.png
Component: component_1755086411450_256.png
centerX: 0.29705763804917373
centerY: 0.733675506130596
width: 0.03667875856509472
height: 0.033361847733105215
Area: 0.0004085799725475634
CentroidX: 0.3175
CentroidY: 0.7486
