Location: internet_17.png_Gaussian-Median.png
Component: component_1755086411289_296.png
centerX: 0.7073760580411125
centerY: 0.7060165383518677
width: 0.03426037887948408
height: 0.03051040775591674
Area: 0.0003010044861046606
CentroidX: 0.7269
CentroidY: 0.7196
