Location: internet_17.png_Mean-Closing.png
Component: component_1755086411418_118.png
centerX: 0.24828698105602579
centerY: 0.32221271742229823
width: 0.036275695284159616
height: 0.03136583974907328
Area: 0.00034548281223009154
CentroidX: 0.2700
CentroidY: 0.3350
