Location: internet_17.png_Mean-Closing.png
Component: component_1755086411450_254.png
centerX: 0.4179766223297058
centerY: 0.7296834901625321
width: 0.0237807335751713
height: 0.0213857998289136
Area: 0.0001959574833174671
CentroidX: 0.4276
CentroidY: 0.7408
