Location: internet_17.png_Mean-Closing.png
Component: component_1755086411379_4.png
centerX: 0.49294639258363565
centerY: 0.0051325919589392645
width: 0.04353083434099154
height: 0.03421727972626176
Area: 0.00048133134318683414
CentroidX: 0.5127
CentroidY: 0.0194
