Location: internet_17.png_Mean-Closing.png
Component: component_1755086411463_314.png
centerX: 0.1902458686013704
centerY: 0.8979184488166524
width: 0.03788794840790004
height: 0.029654975762760195
Area: 0.00040846504147230384
CentroidX: 0.2113
CentroidY: 0.9110
