Location: internet_17.png_Otsu.png
Component: component_1755086411111_1021.png
centerX: 0.13502619911326078
centerY: 0.6287425149700598
width: 0.042724707779121324
height: 0.039635015682919876
Area: 0.00033479422223095696
CentroidX: 0.1546
CentroidY: 0.6452
