Location: internet_17.png_Gaussian-Median.png
Component: component_1755086411307_367.png
centerX: 0.5755743651753326
centerY: 0.8853721129170231
width: 0.039500201531640466
height: 0.03364699173082407
Area: 0.00044340408835119534
CentroidX: 0.5978
CentroidY: 0.9003
