Location: internet_17.png_Otsu.png
Component: component_1755086411084_553.png
centerX: 0.3671906489318823
centerY: 0.32677502138579984
width: 0.015316404675534058
height: 0.00855431993156544
Area: 3.654808193252466e-05
CentroidX: 0.3717
CentroidY: 0.3319
