Location: internet_17.png_Mean-Closing.png
Component: component_1755086411451_260.png
centerX: 0.06972994760177348
centerY: 0.7470772740233818
width: 0.03426037887948408
height: 0.04020530367835757
Area: 0.0004359335684593271
CentroidX: 0.0902
CentroidY: 0.7647
