Location: internet_17.png_Otsu.png
Component: component_1755086411092_873.png
centerX: 0.45908907698508666
centerY: 0.41146278870829767
width: 0.0475614671503426
height: 0.035642999714856
Area: 0.00044156519114704317
CentroidX: 0.4861
CentroidY: 0.4265
