Location: internet_17.png_Otsu.png
Component: component_1755086411067_88.png
centerX: 0.8762595727529222
centerY: 0.14399771884801824
width: 0.037081821846029824
height: 0.028229255774165955
Area: 0.00030755555739445274
CentroidX: 0.8973
CentroidY: 0.1565
