Location: internet_17.png_Gaussian-Closing.png
Component: component_1755086410967_194.png
centerX: 0.25836356307940345
centerY: 0.5163957798688338
width: 0.036275695284159616
height: 0.035642999714856
Area: 0.0003685839583572534
CentroidX: 0.2775
CentroidY: 0.5314
