Location: internet_17.png_Gaussian-Closing.png
Component: component_1755086410928_5.png
centerX: 0.1487303506650544
centerY: 0.005988023952095809
width: 0.04191858121725111
height: 0.03849443969204448
Area: 0.0004971918315726467
CentroidX: 0.1710
CentroidY: 0.0212
