Location: internet_17.png_Gaussian-Closing.png
Component: component_1755086410956_144.png
centerX: 0.9020556227327691
centerY: 0.3812375249500998
width: 0.04433696090286175
height: 0.03507271171941831
Area: 0.00043363494695413687
CentroidX: 0.9260
CentroidY: 0.3963
