Location: internet_17.png_Gaussian-Closing.png
Component: component_1755086410925_2.png
centerX: 0.7980652962515115
centerY: 0.004847447961220416
width: 0.03426037887948408
height: 0.03450242372398061
Area: 0.0004121428358806082
CentroidX: 0.8161
CentroidY: 0.0198
