Location: internet_17.png_Gaussian-Closing.png
Component: component_1755086410956_142.png
centerX: 0.16928657799274485
centerY: 0.37439406900484745
width: 0.0354695687222894
height: 0.03165098374679213
Area: 0.00032514001190915803
CentroidX: 0.1888
CentroidY: 0.3886
