Location: internet_17.png_Gaussian-Closing.png
Component: component_1755086410936_47.png
centerX: 0.15074566706972994
centerY: 0.11947533504419731
width: 0.03466344216041919
height: 0.033361847733105215
Area: 0.0003385869477145209
CentroidX: 0.1692
CentroidY: 0.1347
