Location: internet_17.png_Otsu.png
Component: component_1755086411089_779.png
centerX: 0.9024586860137042
centerY: 0.38152266894781867
width: 0.04393389762192664
height: 0.034787567721699456
Area: 0.0004040976606124424
CentroidX: 0.9260
CentroidY: 0.3963
