Location: internet_17.png_Otsu.png
Component: component_1755086411101_919.png
centerX: 0.38291011688835147
centerY: 0.5126889078984888
width: 0.03667875856509472
height: 0.030795551753635585
Area: 0.0003169799055657327
CentroidX: 0.4034
CentroidY: 0.5269
