Location: internet_17.png_Gaussian-Closing.png
Component: component_1755086410993_312.png
centerX: 0.9415558242644095
centerY: 0.8805246649558027
width: 0.037484885126964934
height: 0.03421727972626176
Area: 0.0004269689445890852
CentroidX: 0.9608
CentroidY: 0.8949
