Location: internet_17.png_Mean-Closing.png
Component: component_1755086411447_240.png
centerX: 0.32245062474808545
centerY: 0.6849158825206729
width: 0.024989923417976623
height: 0.018819503849443968
Area: 0.00019561269009168856
CentroidX: 0.3322
CentroidY: 0.6947
