Location: internet_17.png_Gaussian-Median.png
Component: component_1755086411217_53.png
centerX: 0.15074566706972994
centerY: 0.11947533504419731
width: 0.03506650544135429
height: 0.033361847733105215
Area: 0.0003455977433053511
CentroidX: 0.1693
CentroidY: 0.1348
