Location: internet_17.png_Gaussian-Closing.png
Component: component_1755086410988_288.png
centerX: 0.19387343812978639
centerY: 0.7941260336469917
width: 0.03788794840790004
height: 0.03279155973766752
Area: 0.0002969818984705777
CentroidX: 0.2146
CentroidY: 0.8082
