Location: internet_17.png_Otsu.png
Component: component_1755086411120_1334.png
centerX: 0.2434502216848045
centerY: 0.737382378100941
width: 0.03667875856509472
height: 0.03877958368976333
Area: 0.00032215180395241073
CentroidX: 0.2629
CentroidY: 0.7544
