Location: internet_17.png_Gaussian-Closing.png
Component: component_1755086410962_168.png
centerX: 0.6517533252720678
centerY: 0.44254348445965214
width: 0.044740024183796856
height: 0.0290846877673225
Area: 0.00039202989771019373
CentroidX: 0.6750
CentroidY: 0.4572
