Location: internet_17.png_Gaussian-Closing.png
Component: component_1755086410969_201.png
centerX: 0.6811769447803305
centerY: 0.5329341317365269
width: 0.04393389762192664
height: 0.03877958368976333
Area: 0.00042329115018078085
CentroidX: 0.7051
CentroidY: 0.5487
