Location: internet_17.png_Mean-Closing.png
Component: component_1755086411433_180.png
centerX: 0.7315598548972189
centerY: 0.48474479612204163
width: 0.03909713825070536
height: 0.03222127174222983
Area: 0.00037846803082957134
CentroidX: 0.7535
CentroidY: 0.4993
