Location: internet_17.png_Gaussian-Closing.png
Component: component_1755086410931_24.png
centerX: 0.705763804917372
centerY: 0.06016538351867693
width: 0.03667875856509472
height: 0.03022526375819789
Area: 0.00041041886975171554
CentroidX: 0.7238
CentroidY: 0.0717
