Location: internet_17.png_Mean-Closing.png
Component: component_1755086411453_271.png
centerX: 0.4260378879484079
centerY: 0.7773025377815796
width: 0.036275695284159616
height: 0.03421727972626176
Area: 0.000414556388461058
CentroidX: 0.4455
CentroidY: 0.7929
