Location: internet_17.png_Otsu.png
Component: component_1755086411068_93.png
centerX: 0.8153970173317211
centerY: 0.14741944682064442
width: 0.03506650544135429
height: 0.028229255774165955
Area: 0.0002783630642785368
CentroidX: 0.8347
CentroidY: 0.1583
