Location: internet_17.png_Otsu.png
Component: component_1755086411107_972.png
centerX: 0.7605804111245466
centerY: 0.5831194753350442
width: 0.0471584038694075
height: 0.032506415739948676
Area: 0.00022583956288494008
CentroidX: 0.7843
CentroidY: 0.5968
