Location: internet_17.png_Otsu.png
Component: component_1755086411068_99.png
centerX: 0.5521966948810964
centerY: 0.15312232677502138
width: 0.03788794840790004
height: 0.03136583974907328
Area: 0.0003210024931998156
CentroidX: 0.5742
CentroidY: 0.1677
