Location: internet_17.png_Gaussian-Median.png
Component: component_1755086411246_135.png
centerX: 0.6541717049576784
centerY: 0.29426860564585117
width: 0.03667875856509472
height: 0.033361847733105215
Area: 0.00034916060663839593
CentroidX: 0.6754
CentroidY: 0.3090
