Location: internet_17.png_Gaussian-Closing.png
Component: component_1755086410942_75.png
centerX: 0.5324465941152761
centerY: 0.21385799828913601
width: 0.04030632809351068
height: 0.031936127744510975
Area: 0.00039743165824739074
CentroidX: 0.5529
CentroidY: 0.2274
