Location: internet_17.png_Gaussian-Closing.png
Component: component_1755086410952_123.png
centerX: 0.9338976219266425
centerY: 0.32335329341317365
width: 0.02902055622732769
height: 0.03051040775591674
Area: 0.0002659505081505096
CentroidX: 0.9505
CentroidY: 0.3366
