Location: internet_17.png_Otsu.png
Component: component_1755086411078_322.png
centerX: 0.37122128174123337
centerY: 0.2631879098944967
width: 0.03385731559854897
height: 0.03307670373538637
Area: 0.0002488257779368424
CentroidX: 0.3883
CentroidY: 0.2764
