Location: internet_17.png_Otsu.png
Component: component_1755086411089_751.png
centerX: 0.2861749294639258
centerY: 0.37011690903906475
width: 0.03345425231761386
height: 0.03165098374679213
Area: 0.0002120478338537987
CentroidX: 0.3024
CentroidY: 0.3845
