Location: internet_17.png_Gaussian-Median.png
Component: component_1755086411310_377.png
centerX: 0.1902458686013704
centerY: 0.8979184488166524
width: 0.03788794840790004
height: 0.029654975762760195
Area: 0.0003889267586781869
CentroidX: 0.2113
CentroidY: 0.9110
