Location: internet_17.png_Otsu.png
Component: component_1755086411080_355.png
centerX: 0.8798871422813381
centerY: 0.28172226974622183
width: 0.0354695687222894
height: 0.02765896777872826
Area: 0.0002510094683667731
CentroidX: 0.8958
CentroidY: 0.2925
