Location: internet_17.png_Gaussian-Closing.png
Component: component_1755086410927_4.png
centerX: 0.49334945586457074
centerY: 0.0051325919589392645
width: 0.04312777106005643
height: 0.03421727972626176
Area: 0.0004607586807153816
CentroidX: 0.5128
CentroidY: 0.0194
