Location: internet_17.png_Otsu.png
Component: component_1755086411085_564.png
centerX: 0.06731156791616284
centerY: 0.32848588537211293
width: 0.03788794840790004
height: 0.02879954376960365
Area: 0.0002670998189031047
CentroidX: 0.0870
CentroidY: 0.3412
