Location: internet_17.png_Mean-Closing.png
Component: component_1755086411459_296.png
centerX: 0.06771463119709795
centerY: 0.848018249215854
width: 0.045949214026602174
height: 0.03421727972626176
Area: 0.000414556388461058
CentroidX: 0.0941
CentroidY: 0.8642
