Location: internet_17.png_Otsu.png
Component: component_1755086411070_133.png
centerX: 0.07456670697299476
centerY: 0.18135158254918735
width: 0.03466344216041919
height: 0.03421727972626176
Area: 0.00029445341481486846
CentroidX: 0.0930
CentroidY: 0.1976
