Location: internet_17.png_Mean-Closing.png
Component: component_1755086411417_111.png
centerX: 0.5336557839580814
centerY: 0.3031080695751354
width: 0.03667875856509472
height: 0.033932135728542916
Area: 0.00038111144556054013
CentroidX: 0.5534
CentroidY: 0.3182
