Location: internet_17.png_Gaussian-Median.png
Component: component_1755086411219_62.png
centerX: 0.8153970173317211
centerY: 0.14741944682064442
width: 0.0354695687222894
height: 0.028229255774165955
Area: 0.00033548380868251405
CentroidX: 0.8346
CentroidY: 0.1587
