Location: internet_17.png_Gaussian-Median.png
Component: component_1755086411209_14.png
centerX: 0.354695687222894
centerY: 0.00855431993156544
width: 0.04393389762192664
height: 0.03307670373538637
Area: 0.000500180039529394
CentroidX: 0.3774
CentroidY: 0.0221
