Location: internet_17.png_Mean-Closing.png
Component: component_1755086411382_10.png
centerX: 0.28738411930673113
centerY: 0.007698887938408896
width: 0.04312777106005643
height: 0.03507271171941831
Area: 0.0005151210793131305
CentroidX: 0.3099
CentroidY: 0.0221
