Location: internet_17.png_Gaussian-Closing.png
Component: component_1755086410954_135.png
centerX: 0.5538089480048367
centerY: 0.35528942115768464
width: 0.039500201531640466
height: 0.03136583974907328
Area: 0.0003358286019082926
CentroidX: 0.5745
CentroidY: 0.3692
