Location: internet_17.png_Gaussian-Median.png
Component: component_1755086411287_288.png
centerX: 0.9463925836356308
centerY: 0.6948959224408326
width: 0.03506650544135429
height: 0.03934987168520103
Area: 0.00037375585674393136
CentroidX: 0.9647
CentroidY: 0.7106
