Location: internet_17.png_Otsu.png
Component: component_1755086411051_5.png
centerX: 0.4320838371624345
centerY: 0.006558311947533505
width: 0.03909713825070536
height: 0.036783575705731396
Area: 0.0004281182553416803
CentroidX: 0.4512
CentroidY: 0.0214
