Location: internet_17.png_Gaussian-Closing.png
Component: component_1755086410937_49.png
centerX: 0.014510278113663845
centerY: 0.12574850299401197
width: 0.036275695284159616
height: 0.030795551753635585
Area: 0.0004329453605025798
CentroidX: 0.0333
CentroidY: 0.1389
