Location: internet_17.png_Mean-Closing.png
Component: component_1755086411413_94.png
centerX: 0.4893188230552197
centerY: 0.25805531793555747
width: 0.03426037887948408
height: 0.027944111776447105
Area: 0.00026583557707525007
CentroidX: 0.5073
CentroidY: 0.2704
