Location: internet_17.png_Gaussian-Closing.png
Component: component_1755086410986_276.png
centerX: 0.6573962112051592
centerY: 0.7587681779298546
width: 0.041112454655380895
height: 0.036783575705731396
Area: 0.00043558877523354857
CentroidX: 0.6791
CentroidY: 0.7763
