Location: internet_17.png_Mean-Closing.png
Component: component_1755086411397_46.png
centerX: 0.08020959290608626
centerY: 0.1234673510122612
width: 0.036275695284159616
height: 0.03165098374679213
Area: 0.00037007806233562703
CentroidX: 0.0981
CentroidY: 0.1380
