Location: internet_17.png_Otsu.png
Component: component_1755086411051_6.png
centerX: 0.7198710197501008
centerY: 0.006273167949814656
width: 0.04554615074566707
height: 0.03507271171941831
Area: 0.00042202690835292623
CentroidX: 0.7411
CentroidY: 0.0198
