Location: internet_17.png_Gaussian-Closing.png
Component: component_1755086410952_127.png
centerX: 0.009270455461507456
centerY: 0.3296264613629883
width: 0.0354695687222894
height: 0.03222127174222983
Area: 0.0003436439150259394
CentroidX: 0.0305
CentroidY: 0.3427
