Location: internet_17.png_Otsu.png
Component: component_1755086411097_893.png
centerX: 0.5413139862958485
centerY: 0.4508126603934987
width: 0.037081821846029824
height: 0.02737382378100941
Area: 0.0003373227058866662
CentroidX: 0.5622
CentroidY: 0.4636
