Location: internet_17.png_Gaussian-Closing.png
Component: component_1755086410931_20.png
centerX: 0.8432083837162434
centerY: 0.05645851154833191
width: 0.036275695284159616
height: 0.03222127174222983
Area: 0.0004258196338364901
CentroidX: 0.8620
CentroidY: 0.0709
