Location: internet_17.png_Gaussian-Median.png
Component: component_1755086411291_305.png
centerX: 0.2966545747682386
centerY: 0.733675506130596
width: 0.037081821846029824
height: 0.033361847733105215
Area: 0.0003918000355596747
CentroidX: 0.3176
CentroidY: 0.7487
