Location: internet_17.png_Gaussian-Median.png
Component: component_1755086411236_98.png
centerX: 0.07013301088270858
centerY: 0.23467351012261192
width: 0.03788794840790004
height: 0.03222127174222983
Area: 0.00035938947233649245
CentroidX: 0.0930
CentroidY: 0.2499
