Location: internet_17.png_Gaussian-Closing.png
Component: component_1755086410932_27.png
centerX: 0.13744457879887143
centerY: 0.0647276874821785
width: 0.03305118903667876
height: 0.031080695751354435
Area: 0.0003992705554515429
CentroidX: 0.1561
CentroidY: 0.0781
