Location: internet_17.png_Gaussian-Closing.png
Component: component_1755086410946_93.png
centerX: 0.6098347440548166
centerY: 0.2517821499857428
width: 0.032648125755743655
height: 0.029940119760479042
Area: 0.00026457133524739545
CentroidX: 0.6263
CentroidY: 0.2657
