Location: internet_17.png_Gaussian-Median.png
Component: component_1755086411211_26.png
centerX: 0.41152760983474407
centerY: 0.05788423153692615
width: 0.04232164449818621
height: 0.03450242372398061
Area: 0.00047455040974652297
CentroidX: 0.4326
CentroidY: 0.0725
