Location: internet_17.png_Mean-Closing.png
Component: component_1755086411435_188.png
centerX: 0.25836356307940345
centerY: 0.5163957798688338
width: 0.036275695284159616
height: 0.035642999714856
Area: 0.00039076565588233906
CentroidX: 0.2774
CentroidY: 0.5314
