Location: internet_17.png_Otsu.png
Component: component_1755086411113_1109.png
centerX: 0.5042321644498187
centerY: 0.6635300826917594
width: 0.0354695687222894
height: 0.026518391787852865
Area: 0.00021641521471366015
CentroidX: 0.5217
CentroidY: 0.6765
