Location: internet_17.png_Otsu.png
Component: component_1755086411127_1605.png
centerX: 0.8234582829504232
centerY: 0.8063872255489022
width: 0.03426037887948408
height: 0.039064727687482176
Area: 0.00039363893276382687
CentroidX: 0.8415
CentroidY: 0.8233
