Location: internet_17.png_Gaussian-Median.png
Component: component_1755086411222_84.png
centerX: 0.8307134220072552
centerY: 0.1964642144282863
width: 0.03829101168883515
height: 0.03136583974907328
Area: 0.00038938648297922495
CentroidX: 0.8513
CentroidY: 0.2097
