Location: internet_17.png_Otsu.png
Component: component_1755086411100_906.png
centerX: 0.008061265618702136
centerY: 0.48075278015397777
width: 0.037484885126964934
height: 0.03992015968063872
Area: 0.00042846304856745883
CentroidX: 0.0286
CentroidY: 0.4979
