Location: internet_17.png_Mean-Closing.png
Component: component_1755086411443_223.png
centerX: 0.13462313583232569
centerY: 0.6287425149700598
width: 0.042724707779121324
height: 0.039635015682919876
Area: 0.00047351603006918737
CentroidX: 0.1567
CentroidY: 0.6458
