Location: internet_17.png_Gaussian-Closing.png
Component: component_1755086410970_209.png
centerX: 0.31519548569125355
centerY: 0.564870259481038
width: 0.04393389762192664
height: 0.03279155973766752
Area: 0.00038432951566780646
CentroidX: 0.3407
CentroidY: 0.5813
