Location: 2025-04-16_190055-1.png_Mean-Medain.png
Component: component_1744832837378_251.png
centerX: 0.1790341578327444
centerY: 0.3910997004706889
width: 0.024146054181389872
height: 0.036371416345742404
Area: 0.0003522984829997082
CentroidX: 0.1883
CentroidY: 0.4063
