Location: 2025-04-16_190055-1.png_Mean-Medain.png
Component: component_1744832837332_49.png
centerX: 0.6984687868080094
centerY: 0.050492083868207104
width: 0.02237926972909305
height: 0.029525032092426188
Area: 0.0002953460815991831
CentroidX: 0.7079
CentroidY: 0.0635
