Location: 2025-04-16_190055-1.png_Gaussian-Median.png
Component: component_1744832837761_205.png
centerX: 0.6725559481743227
centerY: 0.3418913136499786
width: 0.021790341578327443
height: 0.0329482242190843
Area: 0.00031979025388170936
CentroidX: 0.6821
CentroidY: 0.3565
