Location: 2025-04-16_190055-1.png_Gaussian-Median.png
Component: component_1744832837779_285.png
centerX: 0.7938751472320377
centerY: 0.45271715875053486
width: 0.022968197879858657
height: 0.032520325203252036
Area: 0.0003213022645383605
CentroidX: 0.8040
CentroidY: 0.4679
