Location: 2025-04-16_190055-1.png_Gaussian-Median.png
Component: component_1744832837755_176.png
centerX: 0.8268551236749117
centerY: 0.2982456140350877
width: 0.023557126030624265
height: 0.028241335044929396
Area: 0.000272917923525525
CentroidX: 0.8363
CentroidY: 0.3102
