Location: 2025-04-16_190055-1.png_Gaussian-Median.png
Component: component_1744832837783_295.png
centerX: 0.4381625441696113
centerY: 0.4672657252888318
width: 0.023557126030624265
height: 0.03337612323491656
Area: 0.0003301223267021586
CentroidX: 0.4482
CentroidY: 0.4822
