Location: 2025-04-16_190055-1.png_Mean-Medain.png
Component: component_1744832837336_65.png
centerX: 0.3138987043580683
centerY: 0.08686350021394951
width: 0.021790341578327443
height: 0.029525032092426188
Area: 0.00030567815441963234
CentroidX: 0.3237
CentroidY: 0.1006
