Location: 2025-04-16_190055-1.png_Mean-Medain.png
Component: component_1744832837399_335.png
centerX: 0.8822143698468787
centerY: 0.537441163885323
width: 0.02237926972909305
height: 0.03209242618741977
Area: 0.0003127342041506709
CentroidX: 0.8921
CentroidY: 0.5505
