Location: 2025-04-16_190055-1.png_Mean-Medain.png
Component: component_1744832837428_449.png
centerX: 0.6507656065959952
centerY: 0.7150192554557124
width: 0.020023557126030624
height: 0.0329482242190843
Area: 0.00027720195371936984
CentroidX: 0.6591
CentroidY: 0.7296
