Location: 2025-04-16_190055-1.png_Mean-Medain.png
Component: component_1744832837383_272.png
centerX: 0.36395759717314485
centerY: 0.4266153187847668
width: 0.026501766784452298
height: 0.03123662815575524
Area: 0.00035028246879084
CentroidX: 0.3760
CentroidY: 0.4395
