Location: 2025-04-16_190055-1.png_Mean-Medain.png
Component: component_1744832837413_392.png
centerX: 0.6643109540636042
centerY: 0.6307231493367566
width: 0.023557126030624265
height: 0.03551561831407788
Area: 0.0003583465256263126
CentroidX: 0.6737
CentroidY: 0.6460
