Location: 2025-04-16_190055-1.png_Mean-Medain.png
Component: component_1744832837344_97.png
centerX: 0.09305064782096584
centerY: 0.16645271715875054
width: 0.02120141342756184
height: 0.03123662815575524
Area: 0.00030164612600189607
CentroidX: 0.1023
CentroidY: 0.1810
