Location: 2025-04-16_190055-1.png_Gaussian-Median.png
Component: component_1744832837765_221.png
centerX: 0.5488810365135454
centerY: 0.3461703038083012
width: 0.019434628975265017
height: 0.030380830124090714
Area: 0.0002701459039883313
CentroidX: 0.5564
CentroidY: 0.3595
