Location: 2025-04-16_190055-1.png_Gaussian-Median.png
Component: component_1744832837776_271.png
centerX: 0.4040047114252061
centerY: 0.4266153187847668
width: 0.022968197879858657
height: 0.032520325203252036
Area: 0.0003185302450011668
CentroidX: 0.4141
CentroidY: 0.4404
