Location: 2025-04-16_190055-1.png_Gaussian-Median.png
Component: component_1744832837828_424.png
centerX: 0.5895170789163722
centerY: 0.6777920410783055
width: 0.02237926972909305
height: 0.02995293110825845
Area: 0.000294338074494749
CentroidX: 0.5983
CentroidY: 0.6906
