Location: 2025-04-16_190055-1.png_Mean-Medain.png
Component: component_1744832837393_306.png
centerX: 0.07420494699646643
centerY: 0.4839537869062901
width: 0.02237926972909305
height: 0.030380830124090714
Area: 0.00033642237110487156
CentroidX: 0.0842
CentroidY: 0.4972
