Location: 2025-04-16_190055-1.png_Mean-Medain.png
Component: component_1744832837417_411.png
centerX: 0.11778563015312132
centerY: 0.6598202824133504
width: 0.024734982332155476
height: 0.028241335044929396
Area: 0.00030996218461347717
CentroidX: 0.1287
CentroidY: 0.6719
