Location: 2025-04-16_190055-1.png_Gaussian-Median.png
Component: component_1744832837753_166.png
centerX: 0.5948174322732627
centerY: 0.26144629867351304
width: 0.021790341578327443
height: 0.02781343602909713
Area: 0.0002673738844511376
CentroidX: 0.6040
CentroidY: 0.2732
