Location: 2025-04-16_190055-1.png_Mean-Medain.png
Component: component_1744832837333_54.png
centerX: 0.5306242638398115
centerY: 0.08301240907145914
width: 0.021790341578327443
height: 0.03209242618741977
Area: 0.0002968580922558342
CentroidX: 0.5399
CentroidY: 0.0984
