Location: 2025-04-16_190055-1.png_Gaussian-Median.png
Component: component_1744832837834_456.png
centerX: 0.48527679623085984
centerY: 0.72400513478819
width: 0.02237926972909305
height: 0.031664527171587506
Area: 0.0002908100496292298
CentroidX: 0.4950
CentroidY: 0.7367
