Location: 2025-04-16_190055-1.png_Gaussian-Median.png
Component: component_1744832837791_324.png
centerX: 0.24028268551236748
centerY: 0.5156183140778776
width: 0.030624263839811542
height: 0.03508771929824561
Area: 0.000405722859534714
CentroidX: 0.2543
CentroidY: 0.5307
