Location: 2025-04-16_190055-1.png_Gaussian-Median.png
Component: component_1744832837800_359.png
centerX: 0.8545347467608951
centerY: 0.5793752674368849
width: 0.027090694935217905
height: 0.02995293110825845
Area: 0.00034599843859699523
CentroidX: 0.8654
CentroidY: 0.5906
