Location: 2025-04-16_190055-1.png_Mean-Medain.png
Component: component_1744832837395_319.png
centerX: 0.607773851590106
centerY: 0.5070603337612324
width: 0.01884570082449941
height: 0.03123662815575524
Area: 0.00029282606383809794
CentroidX: 0.6154
CentroidY: 0.5202
