Location: 2025-04-16_190055-1.png_Mean-Medain.png
Component: component_1744832837452_563.png
centerX: 0.5842167255594818
centerY: 0.8797603765511339
width: 0.01707891637220259
height: 0.030380830124090714
Area: 0.00022327357363214695
CentroidX: 0.5911
CentroidY: 0.8920
