Location: 2025-04-16_190055-1.png_Gaussian-Median.png
Component: component_1744832837731_86.png
centerX: 0.5229681978798587
centerY: 0.1279418057338468
width: 0.019434628975265017
height: 0.029097133076593923
Area: 0.00023562166066146435
CentroidX: 0.5308
CentroidY: 0.1410
