Location: 2025-04-16_190055-1.png_Gaussian-Median.png
Component: component_1744832837755_175.png
centerX: 0.7985865724381626
centerY: 0.2982456140350877
width: 0.021790341578327443
height: 0.02738553701326487
Area: 0.00025300978321295207
CentroidX: 0.8077
CentroidY: 0.3104
