Location: 2025-04-16_190055-1.png_Gaussian-Median.png
Component: component_1744832838031_538.png
centerX: 0.5924617196702002
centerY: 0.8369704749679076
width: 0.021790341578327443
height: 0.0329482242190843
Area: 0.0003238222822994456
CentroidX: 0.6023
CentroidY: 0.8515
