Location: 2025-04-16_190055-1.png_Gaussian-Median.png
Component: component_1744832837823_406.png
centerX: 0.22143698468786807
centerY: 0.6546854942233633
width: 0.021790341578327443
height: 0.0329482242190843
Area: 0.000329366321373833
CentroidX: 0.2310
CentroidY: 0.6686
