Location: 2025-04-16_190055-1.png_Mean-Medain.png
Component: component_1744832837327_26.png
centerX: 0.7449941107184923
centerY: 0.013692768506632435
width: 0.019434628975265017
height: 0.024390243902439025
Area: 0.00024444172282526245
CentroidX: 0.7534
CentroidY: 0.0244
