Location: 2025-04-16_190055-1.png_Gaussian-Median.png
Component: component_1744832838033_547.png
centerX: 0.28150765606595995
centerY: 0.8532306375695335
width: 0.023557126030624265
height: 0.0329482242190843
Area: 0.00036036253983518077
CentroidX: 0.2920
CentroidY: 0.8675
