Location: 2025-04-16_190055-1.png_Gaussian-Median.png
Component: component_1744832837801_365.png
centerX: 0.6466431095406361
centerY: 0.5905006418485238
width: 0.027090694935217905
height: 0.0329482242190843
Area: 0.00036036253983518077
CentroidX: 0.6582
CentroidY: 0.6039
