Location: 2025-04-16_190055-1.png_Mean-Medain.png
Component: component_1744832837382_266.png
centerX: 0.6666666666666666
centerY: 0.4197689345314506
width: 0.022968197879858657
height: 0.03380402225074882
Area: 0.00033062633025437565
CentroidX: 0.6771
CentroidY: 0.4339
