Location: 2025-04-16_190055-1.png_Mean-Medain.png
Component: component_1744832837454_571.png
centerX: 0.2697290930506478
centerY: 0.8955926401369276
width: 0.02120141342756184
height: 0.03423192126658109
Area: 0.0003475104492536463
CentroidX: 0.2789
CentroidY: 0.9109
