Location: 2025-04-16_190055-1.png_Mean-Medain.png
Component: component_1744832837332_48.png
centerX: 0.6554770318021201
centerY: 0.050919982884039365
width: 0.02237926972909305
height: 0.032520325203252036
Area: 0.0003122302005984538
CentroidX: 0.6657
CentroidY: 0.0642
