Location: 2025-04-16_190055-1.png_Gaussian-Median.png
Component: component_1744832837767_233.png
centerX: 0.7603062426383981
centerY: 0.3769790329482242
width: 0.021790341578327443
height: 0.02995293110825845
Area: 0.0002787139643760209
CentroidX: 0.7699
CentroidY: 0.3899
