Location: 2025-04-16_190055-1.png_Mean-Medain.png
Component: component_1744832837369_210.png
centerX: 0.7343934040047114
centerY: 0.3418913136499786
width: 0.02061248527679623
height: 0.031664527171587506
Area: 0.00029282606383809794
CentroidX: 0.7431
CentroidY: 0.3562
