Location: 2025-04-16_190055-1.png_Mean-Medain.png
Component: component_1744832837327_28.png
centerX: 0.85924617196702
centerY: 0.013692768506632435
width: 0.02120141342756184
height: 0.030380830124090714
Area: 0.0002673738844511376
CentroidX: 0.8682
CentroidY: 0.0267
