Location: 2025-04-16_190055-1.png_Gaussian-Median.png
Component: component_1744832837731_84.png
centerX: 0.14428739693757361
centerY: 0.12751390671801455
width: 0.021790341578327443
height: 0.03123662815575524
Area: 0.00030164612600189607
CentroidX: 0.1536
CentroidY: 0.1418
