Location: 2025-04-16_190055-1.png_Gaussian-Median.png
Component: component_1744832837839_478.png
centerX: 0.6802120141342756
centerY: 0.7513906718014548
width: 0.02061248527679623
height: 0.03337612323491656
Area: 0.0003122302005984538
CentroidX: 0.6902
CentroidY: 0.7653
