Location: 2025-04-16_190055-1.png_Gaussian-Median.png
Component: component_1744832837718_41.png
centerX: 0.9169611307420494
centerY: 0.04920838682071031
width: 0.021790341578327443
height: 0.03209242618741977
Area: 0.00030996218461347717
CentroidX: 0.9265
CentroidY: 0.0632
