Location: 2025-04-16_190055-1.png_Gaussian-Median.png
Component: component_1744832837979_528.png
centerX: 0.07773851590106007
centerY: 0.8211382113821138
width: 0.024734982332155476
height: 0.029097133076593923
Area: 0.00034373042261201856
CentroidX: 0.0879
CentroidY: 0.8340
