Location: 2025-04-16_190055-1.png_Mean-Medain.png
Component: component_1744832837349_120.png
centerX: 0.9228504122497055
centerY: 0.20753102267864784
width: 0.02120141342756184
height: 0.032520325203252036
Area: 0.00027165791464498244
CentroidX: 0.9324
CentroidY: 0.2217
