Location: 2025-04-16_190055-1.png_Gaussian-Median.png
Component: component_1744832837776_273.png
centerX: 0.2703180212014134
centerY: 0.43089430894308944
width: 0.02237926972909305
height: 0.03080872913992298
Area: 0.0003018981277780046
CentroidX: 0.2805
CentroidY: 0.4436
