Location: 2025-04-16_190055-1.png_Mean-Medain.png
Component: component_1744832837377_247.png
centerX: 0.1419316843345112
centerY: 0.3893881044073599
width: 0.022968197879858657
height: 0.03423192126658109
Area: 0.00034121040485093337
CentroidX: 0.1513
CentroidY: 0.4043
