Location: 2025-04-16_190055-1.png_Mean-Medain.png
Component: component_1744832837334_55.png
centerX: 0.4034157832744405
centerY: 0.08386820710312366
width: 0.02591283863368669
height: 0.03209242618741977
Area: 0.0003157582254639731
CentroidX: 0.4159
CentroidY: 0.0992
