Location: easy16_Gaussian-Median.png
Component: component_1744297381659_89.png
centerX: 0.6266129032258064
centerY: 0.06752873563218391
width: 0.016129032258064516
height: 0.020593869731800767
Area: 0.0001278426646891608
CentroidX: 0.6324
CentroidY: 0.0750
