Location: 2025-04-16_190055-1.png_Mean-Medain.png
Component: component_1744832837370_213.png
centerX: 0.18021201413427562
centerY: 0.34360290971330765
width: 0.02061248527679623
height: 0.03508771929824561
Area: 0.0003102141863895857
CentroidX: 0.1882
CentroidY: 0.3587
