Location: 2025-04-16_190055-1.png_Gaussian-Median.png
Component: component_1744832837775_268.png
centerX: 0.43934040047114253
centerY: 0.4240479246897732
width: 0.024734982332155476
height: 0.029097133076593923
Area: 0.00031676623256840714
CentroidX: 0.4506
CentroidY: 0.4363
