Location: 2025-04-16_190055-1.png_Mean-Medain.png
Component: component_1744832837383_270.png
centerX: 0.43934040047114253
centerY: 0.4240479246897732
width: 0.024146054181389872
height: 0.029097133076593923
Area: 0.0003180262414489497
CentroidX: 0.4505
CentroidY: 0.4362
