Location: 2025-04-16_190055-1.png_Mean-Medain.png
Component: component_1744832837398_329.png
centerX: 0.16489988221436985
centerY: 0.5216089002995293
width: 0.02767962308598351
height: 0.02995293110825845
Area: 0.0003160102272400816
CentroidX: 0.1776
CentroidY: 0.5339
