Location: 2025-04-16_190055-1.png_Mean-Medain.png
Component: component_1744832837462_604.png
centerX: 0.8780918727915195
centerY: 0.9469405220367993
width: 0.02237926972909305
height: 0.03508771929824561
Area: 0.00036767059134232776
CentroidX: 0.8873
CentroidY: 0.9626
