Location: 2025-04-16_190055-1.png_Gaussian-Median.png
Component: component_1744832837778_283.png
centerX: 0.9051825677267373
centerY: 0.44801026957637996
width: 0.02120141342756184
height: 0.03423192126658109
Area: 0.00033037432847826713
CentroidX: 0.9140
CentroidY: 0.4632
