Location: 2025-04-16_190055-1.png_Gaussian-Median.png
Component: component_1744832837803_376.png
centerX: 0.32273262661955243
centerY: 0.6063329054343175
width: 0.025323910482921083
height: 0.029525032092426188
Area: 0.00031701823434451566
CentroidX: 0.3331
CentroidY: 0.6189
