Location: 2025-04-16_190055-1.png_Gaussian-Median.png
Component: component_1744832837822_400.png
centerX: 0.3957597173144876
centerY: 0.6422764227642277
width: 0.02237926972909305
height: 0.037227214377406934
Area: 0.0003558265078652274
CentroidX: 0.4052
CentroidY: 0.6579
