Location: 2025-04-16_190055-1.png_Gaussian-Median.png
Component: component_1744832837744_135.png
centerX: 0.7962308598351001
centerY: 0.21309370988446727
width: 0.02237926972909305
height: 0.031664527171587506
Area: 0.00028451000522651684
CentroidX: 0.8055
CentroidY: 0.2269
