Location: 2025-04-16_190055-1.png_Mean-Medain.png
Component: component_1744832837360_172.png
centerX: 0.9540636042402827
centerY: 0.2888318356867779
width: 0.02237926972909305
height: 0.03209242618741977
Area: 0.000294338074494749
CentroidX: 0.9640
CentroidY: 0.3023
