Location: 2025-04-16_190055-1.png_Gaussian-Median.png
Component: component_1744832837838_475.png
centerX: 0.7921083627797408
centerY: 0.7492511767222936
width: 0.019434628975265017
height: 0.0329482242190843
Area: 0.0003046701473151983
CentroidX: 0.7995
CentroidY: 0.7625
