Location: 2025-04-16_190055-1.png_Mean-Medain.png
Component: component_1744832837378_249.png
centerX: 0.36866902237926974
centerY: 0.39067180145485664
width: 0.023557126030624265
height: 0.03209242618741977
Area: 0.000315254221911756
CentroidX: 0.3788
CentroidY: 0.4038
