Location: 2025-04-16_190055-1.png_Gaussian-Median.png
Component: component_1744832837830_434.png
centerX: 0.043580683156654886
centerY: 0.6966195977749251
width: 0.028268551236749116
height: 0.03209242618741977
Area: 0.00035885052917852963
CentroidX: 0.0549
CentroidY: 0.7095
