Location: 2025-04-16_190055-1.png_Mean-Medain.png
Component: component_1744832837328_29.png
centerX: 0.8987043580683156
centerY: 0.014976465554129225
width: 0.02237926972909305
height: 0.02866923406076166
Area: 0.00027694995194326127
CentroidX: 0.9090
CentroidY: 0.0271
