Location: 2025-04-16_190055-1.png_Mean-Medain.png
Component: component_1744832837460_594.png
centerX: 0.14782096584216725
centerY: 0.9358151476251605
width: 0.024146054181389872
height: 0.03080872913992298
Area: 0.00033213834091102673
CentroidX: 0.1574
CentroidY: 0.9490
