Location: 2025-04-16_190055-1.png_Gaussian-Median.png
Component: component_1744832837834_458.png
centerX: 0.3869257950530035
centerY: 0.7252888318356868
width: 0.022968197879858657
height: 0.03209242618741977
Area: 0.00030567815441963234
CentroidX: 0.3970
CentroidY: 0.7385
