Location: 2025-04-16_190055-1.png_Gaussian-Median.png
Component: component_1744832838034_551.png
centerX: 0.16313309776207302
centerY: 0.8566538296961917
width: 0.027090694935217905
height: 0.031664527171587506
Area: 0.00037875866949110257
CentroidX: 0.1764
CentroidY: 0.8702
