Location: 2025-04-16_190055-1.png_Gaussian-Median.png
Component: component_1744832837788_318.png
centerX: 0.5341578327444052
centerY: 0.5083440308087291
width: 0.02061248527679623
height: 0.031664527171587506
Area: 0.0003119781988223453
CentroidX: 0.5437
CentroidY: 0.5226
