Location: 2025-04-16_190055-1.png_Gaussian-Median.png
Component: component_1744832837805_388.png
centerX: 0.8492343934040048
centerY: 0.6195977749251177
width: 0.02591283863368669
height: 0.03337612323491656
Area: 0.0003550705025369019
CentroidX: 0.8598
CentroidY: 0.6327
