Location: 2025-04-16_190055-1.png_Gaussian-Median.png
Component: component_1744832837708_5.png
centerX: 0.13898704358068315
centerY: 0.004278990158322636
width: 0.025323910482921083
height: 0.02738553701326487
Area: 0.0002971100940319427
CentroidX: 0.1500
CentroidY: 0.0166
