Location: 2025-04-16_190055-1.png_Mean-Medain.png
Component: component_1744832837454_570.png
centerX: 0.303886925795053
centerY: 0.8947368421052632
width: 0.022968197879858657
height: 0.032520325203252036
Area: 0.0003344063568960034
CentroidX: 0.3146
CentroidY: 0.9082
