Location: 2025-04-16_190055-1.png_Gaussian-Median.png
Component: component_1744832838037_561.png
centerX: 0.7479387514723204
centerY: 0.8707744972186564
width: 0.02061248527679623
height: 0.03123662815575524
Area: 0.00029837010291248534
CentroidX: 0.7559
CentroidY: 0.8840
