Location: 2025-04-16_190055-1.png_Gaussian-Median.png
Component: component_1744832838064_598.png
centerX: 0.5
centerY: 0.9281129653401797
width: 0.023557126030624265
height: 0.03209242618741977
Area: 0.00034650244214921226
CentroidX: 0.5109
CentroidY: 0.9423
