Location: 2025-04-16_190055-1.png_Gaussian-Median.png
Component: component_1744832837752_163.png
centerX: 0.5235571260306242
centerY: 0.25759520753102266
width: 0.020023557126030624
height: 0.028241335044929396
Area: 0.0002394016873030921
CentroidX: 0.5318
CentroidY: 0.2700
