Location: 2025-04-16_190055-1.png_Mean-Medain.png
Component: component_1744832837440_506.png
centerX: 0.6707891637220259
centerY: 0.7928968763371844
width: 0.020023557126030624
height: 0.031664527171587506
Area: 0.00030139412422578756
CentroidX: 0.6781
CentroidY: 0.8066
