Location: 2025-04-16_190055-1.png_Gaussian-Median.png
Component: component_1744832837708_4.png
centerX: 0.10247349823321555
centerY: 0.004278990158322636
width: 0.02061248527679623
height: 0.02781343602909713
Area: 0.00024242570861639432
CentroidX: 0.1106
CentroidY: 0.0163
