Location: easy26_Mean-Closing.png
Component: component_1744297382113_691.png
centerX: 0.4
centerY: 0.4803639846743295
width: 0.016129032258064516
height: 0.021551724137931036
Area: 0.00014831294030404152
CentroidX: 0.4060
CentroidY: 0.4885
