Location: 2025-04-16_190055-1.png_Mean-Medain.png
Component: component_1744832837433_474.png
centerX: 0.7921083627797408
centerY: 0.7492511767222936
width: 0.019434628975265017
height: 0.032520325203252036
Area: 0.00030315813665854715
CentroidX: 0.7994
CentroidY: 0.7624
