Location: 2025-04-16_190055-1.png_Gaussian-Median.png
Component: component_1744832837795_335.png
centerX: 0.7750294464075382
centerY: 0.540436456996149
width: 0.021790341578327443
height: 0.03123662815575524
Area: 0.0003064341597479579
CentroidX: 0.7844
CentroidY: 0.5533
