Location: 2025-04-16_190055-1.png_Gaussian-Median.png
Component: component_1744832838026_536.png
centerX: 0.6590106007067138
centerY: 0.8335472828412495
width: 0.02120141342756184
height: 0.03380402225074882
Area: 0.00033239034268713524
CentroidX: 0.6683
CentroidY: 0.8483
