Location: 2025-04-16_190055-1.png_Mean-Medain.png
Component: component_1744832837362_179.png
centerX: 0.826266195524146
centerY: 0.2982456140350877
width: 0.024146054181389872
height: 0.028241335044929396
Area: 0.0002751859395105017
CentroidX: 0.8363
CentroidY: 0.3102
