Location: 2025-04-16_190055-1.png_Gaussian-Median.png
Component: component_1744832837805_389.png
centerX: 0.8133097762073027
centerY: 0.6238767650834403
width: 0.026501766784452298
height: 0.03465982028241335
Area: 0.0003933747725053966
CentroidX: 0.8239
CentroidY: 0.6380
