Location: 2025-04-16_190055-1.png_Gaussian-Median.png
Component: component_1744832837797_346.png
centerX: 0.3297997644287397
centerY: 0.5605477107402653
width: 0.023557126030624265
height: 0.03423192126658109
Area: 0.0003369263746570886
CentroidX: 0.3403
CentroidY: 0.5752
