Location: 2025-04-16_190055-1.png_Mean-Medain.png
Component: component_1744832837386_284.png
centerX: 0.9369846878680801
centerY: 0.4462986735130509
width: 0.02061248527679623
height: 0.03465982028241335
Area: 0.00032684630361274784
CentroidX: 0.9450
CentroidY: 0.4615
