Location: 2025-04-16_190055-1.png_Mean-Medain.png
Component: component_1744832837449_549.png
centerX: 0.11955241460541814
centerY: 0.8579375267436885
width: 0.030035335689045935
height: 0.03209242618741977
Area: 0.0003860667209982496
CentroidX: 0.1334
CentroidY: 0.8712
