Location: 2025-04-16_190055-1.png_Mean-Medain.png
Component: component_1744832837458_587.png
centerX: 0.6542991755005889
centerY: 0.9195549850235345
width: 0.022968197879858657
height: 0.03080872913992298
Area: 0.0003507864723430571
CentroidX: 0.6642
CentroidY: 0.9334
