Location: 2025-04-16_190055-1.png_Mean-Medain.png
Component: component_1744832837432_469.png
centerX: 0.8886925795053003
centerY: 0.7424047924689773
width: 0.01884570082449941
height: 0.03380402225074882
Area: 0.0002829979945698657
CentroidX: 0.8956
CentroidY: 0.7567
