Location: 2025-04-16_190055-1.png_Gaussian-Median.png
Component: component_1744832837805_387.png
centerX: 0.8804475853945819
centerY: 0.6187419768934531
width: 0.023557126030624265
height: 0.03423192126658109
Area: 0.0003457464368208867
CentroidX: 0.8897
CentroidY: 0.6325
