Location: 2025-04-16_190055-1.png_Gaussian-Median.png
Component: component_1744832837835_463.png
centerX: 0.127208480565371
centerY: 0.7342747111681643
width: 0.026501766784452298
height: 0.02995293110825845
Area: 0.00036036253983518077
CentroidX: 0.1394
CentroidY: 0.7475
