Location: 2025-04-16_190055-1.png_Mean-Medain.png
Component: component_1744832837368_207.png
centerX: 0.6048292108362779
centerY: 0.34146341463414637
width: 0.023557126030624265
height: 0.032520325203252036
Area: 0.00030089012067357053
CentroidX: 0.6145
CentroidY: 0.3556
