Location: 2025-04-16_190055-1.png_Gaussian-Median.png
Component: component_1744832837743_134.png
centerX: 0.7638398115429917
centerY: 0.21309370988446727
width: 0.025323910482921083
height: 0.03337612323491656
Area: 0.00033213834091102673
CentroidX: 0.7743
CentroidY: 0.2281
