Location: 2025-04-16_190055-1.png_Gaussian-Median.png
Component: component_1744832837834_457.png
centerX: 0.5176678445229682
centerY: 0.72400513478819
width: 0.02061248527679623
height: 0.03080872913992298
Area: 0.00026913789688389725
CentroidX: 0.5262
CentroidY: 0.7367
