Location: 2025-04-16_190055-1.png_Gaussian-Median.png
Component: component_1744832837722_54.png
centerX: 0.10424028268551237
centerY: 0.08515190415062045
width: 0.024146054181389872
height: 0.030380830124090714
Area: 0.0003104661881656942
CentroidX: 0.1141
CentroidY: 0.0991
