Location: 2025-04-16_190055-1.png_Gaussian-Median.png
Component: component_1744832837758_192.png
centerX: 0.6065959952885748
centerY: 0.30124090714591356
width: 0.024146054181389872
height: 0.031664527171587506
Area: 0.0003160102272400816
CentroidX: 0.6169
CentroidY: 0.3151
