Location: easy21_Mean-Medain.png
Component: component_1744297380923_756.png
centerX: 0.3814516129032258
centerY: 0.5862068965517241
width: 0.016129032258064516
height: 0.021551724137931036
Area: 0.0001371122234581634
CentroidX: 0.3867
CentroidY: 0.5944
