Location: 2025-04-16_190055-1.png_Gaussian-Median.png
Component: component_1744832837754_172.png
centerX: 0.8916372202591284
centerY: 0.2939666238767651
width: 0.023557126030624265
height: 0.028241335044929396
Area: 0.0002547737956457117
CentroidX: 0.9018
CentroidY: 0.3067
