Location: 2025-04-16_190055-1.png_Mean-Medain.png
Component: component_1744832837458_585.png
centerX: 0.6949352179034158
centerY: 0.9157038938810441
width: 0.02061248527679623
height: 0.03380402225074882
Area: 0.00033037432847826713
CentroidX: 0.7031
CentroidY: 0.9307
