Location: 2025-04-16_190055-1.png_Mean-Medain.png
Component: component_1744832837349_119.png
centerX: 0.30153121319199055
centerY: 0.20710312366281558
width: 0.021790341578327443
height: 0.03080872913992298
Area: 0.00027342192707774203
CentroidX: 0.3106
CentroidY: 0.2201
