Location: 2025-04-16_190055-1.png_Mean-Medain.png
Component: component_1744832837358_160.png
centerX: 0.2055359246171967
centerY: 0.2558836114676936
width: 0.02120141342756184
height: 0.029525032092426188
Area: 0.0002643498631378354
CentroidX: 0.2147
CentroidY: 0.2689
