Location: 2025-04-16_190055-1.png_Gaussian-Median.png
Component: component_1744832837762_207.png
centerX: 0.734982332155477
centerY: 0.3418913136499786
width: 0.020023557126030624
height: 0.031664527171587506
Area: 0.0002887940354203616
CentroidX: 0.7432
CentroidY: 0.3561
