Location: 2025-04-16_190055-1.png_Mean-Medain.png
Component: component_1744832837452_561.png
centerX: 0.6542991755005889
centerY: 0.8754813863928113
width: 0.020023557126030624
height: 0.030380830124090714
Area: 0.0002855180123309509
CentroidX: 0.6625
CentroidY: 0.8881
