Location: 2025-04-16_190055-1.png_Gaussian-Median.png
Component: component_1744832838037_565.png
centerX: 0.6831566548881036
centerY: 0.8746255883611468
width: 0.019434628975265017
height: 0.029525032092426188
Area: 0.00027216191819719946
CentroidX: 0.6906
CentroidY: 0.8871
