Location: 2025-04-16_190055-1.png_Mean-Medain.png
Component: component_1744832837393_308.png
centerX: 0.04181389870435807
centerY: 0.4856653829696192
width: 0.02061248527679623
height: 0.036371416345742404
Area: 0.0003522984829997082
CentroidX: 0.0506
CentroidY: 0.5016
