Location: 2025-04-16_190055-1.png_Gaussian-Median.png
Component: component_1744832837717_36.png
centerX: 0.4829210836277974
centerY: 0.04792468977321352
width: 0.02061248527679623
height: 0.03080872913992298
Area: 0.0002837539998981913
CentroidX: 0.4927
CentroidY: 0.0617
