Location: 2025-04-16_190055-1.png_Mean-Medain.png
Component: component_1744832837362_176.png
centerX: 0.4740871613663133
centerY: 0.2961061189559264
width: 0.02061248527679623
height: 0.03423192126658109
Area: 0.00032987032492605005
CentroidX: 0.4823
CentroidY: 0.3108
