Location: 2025-04-16_190055-1.png_Gaussian-Median.png
Component: component_1744832837832_448.png
centerX: 0.6861012956419317
centerY: 0.7133076593923834
width: 0.019434628975265017
height: 0.031664527171587506
Area: 0.0002701459039883313
CentroidX: 0.6938
CentroidY: 0.7269
