Location: 2025-04-16_190055-1.png_Mean-Medain.png
Component: component_1744832837405_360.png
centerX: 0.8875147232037691
centerY: 0.5789473684210527
width: 0.028857479387514724
height: 0.02738553701326487
Area: 0.00031953825210560084
CentroidX: 0.8992
CentroidY: 0.5891
