Location: 2025-04-16_190055-1.png_Mean-Medain.png
Component: component_1744832837461_599.png
centerX: 0.04063604240282685
centerY: 0.9370988446726572
width: 0.022968197879858657
height: 0.02995293110825845
Area: 0.00032810631249329046
CentroidX: 0.0507
CentroidY: 0.9507
