Location: 2025-04-16_190055-1.png_Mean-Medain.png
Component: component_1744832837335_60.png
centerX: 0.6590106007067138
centerY: 0.08557980316645272
width: 0.02237926972909305
height: 0.029525032092426188
Area: 0.00030668616152406644
CentroidX: 0.6676
CentroidY: 0.0996
