Location: 2025-04-16_190055-1.png_Mean-Medain.png
Component: component_1744832837412_391.png
centerX: 0.7361601884570083
centerY: 0.6290115532734275
width: 0.02591283863368669
height: 0.03380402225074882
Area: 0.0003777506623866685
CentroidX: 0.7465
CentroidY: 0.6436
