Location: 2025-04-16_190055-1.png_Mean-Medain.png
Component: component_1744832837418_416.png
centerX: 0.8786808009422851
centerY: 0.6645271715875053
width: 0.024146054181389872
height: 0.030380830124090714
Area: 0.0003051741508674153
CentroidX: 0.8881
CentroidY: 0.6766
