Location: 2025-04-16_190055-1.png_Gaussian-Median.png
Component: component_1744832837826_417.png
centerX: 0.8462897526501767
centerY: 0.6666666666666666
width: 0.021790341578327443
height: 0.029525032092426188
Area: 0.00029333006739031497
CentroidX: 0.8554
CentroidY: 0.6794
