Location: 2025-04-16_190055-1.png_Gaussian-Median.png
Component: component_1744832838030_537.png
centerX: 0.627208480565371
centerY: 0.8348309798887462
width: 0.02237926972909305
height: 0.03080872913992298
Area: 0.0003366743728809801
CentroidX: 0.6376
CentroidY: 0.8482
