Location: 2025-04-16_190055-1.png_Gaussian-Median.png
Component: component_1744832837780_288.png
centerX: 0.7049469964664311
centerY: 0.45785194694052206
width: 0.021790341578327443
height: 0.03209242618741977
Area: 0.000293834070942532
CentroidX: 0.7140
CentroidY: 0.4722
