Location: 2025-04-16_190055-1.png_Mean-Medain.png
Component: component_1744832837326_23.png
centerX: 0.7037691401648999
centerY: 0.013264869490800172
width: 0.024146054181389872
height: 0.02866923406076166
Area: 0.00030013411534524493
CentroidX: 0.7139
CentroidY: 0.0259
