Location: 2025-04-16_190055-1.png_Gaussian-Median.png
Component: component_1744832837771_253.png
centerX: 0.2856301531213192
centerY: 0.3940949935815148
width: 0.02237926972909305
height: 0.02866923406076166
Area: 0.00031676623256840714
CentroidX: 0.2957
CentroidY: 0.4056
