Location: 2025-04-16_190055-1.png_Mean-Medain.png
Component: component_1744832837462_601.png
centerX: 0.2591283863368669
centerY: 0.9370988446726572
width: 0.023557126030624265
height: 0.029097133076593923
Area: 0.00033491036044822043
CentroidX: 0.2689
CentroidY: 0.9494
