Location: 2025-04-16_190055-1.png_Gaussian-Median.png
Component: component_1744832837898_514.png
centerX: 0.5011778563015312
centerY: 0.8010269576379975
width: 0.02120141342756184
height: 0.02995293110825845
Area: 0.0003054261526435238
CentroidX: 0.5103
CentroidY: 0.8144
