Location: 2025-04-16_190055-1.png_Gaussian-Median.png
Component: component_1744832837736_105.png
centerX: 0.12779740871613662
centerY: 0.1681643132220796
width: 0.021790341578327443
height: 0.02781343602909713
Area: 0.0002625858507050758
CentroidX: 0.1379
CentroidY: 0.1808
