Location: 2025-04-16_190055-1.png_Mean-Medain.png
Component: component_1744832837324_10.png
centerX: 0.22143698468786807
centerY: 0.005562687205819427
width: 0.02120141342756184
height: 0.028241335044929396
Area: 0.0002756899430627187
CentroidX: 0.2308
CentroidY: 0.0189
