Location: 2025-04-16_190055-1.png_Mean-Medain.png
Component: component_1744832837431_466.png
centerX: 0.9157832744405182
centerY: 0.7389816003423192
width: 0.019434628975265017
height: 0.030380830124090714
Area: 0.0002640978613617269
CentroidX: 0.9230
CentroidY: 0.7517
