Location: 2025-04-16_190055-1.png_Mean-Medain.png
Component: component_1744832837393_310.png
centerX: 0.8939929328621908
centerY: 0.4959349593495935
width: 0.023557126030624265
height: 0.03551561831407788
Area: 0.0003132382077028879
CentroidX: 0.9034
CentroidY: 0.5105
