Location: 2025-04-16_190055-1.png_Mean-Medain.png
Component: component_1744832837349_121.png
centerX: 0.2697290930506478
centerY: 0.2079589216944801
width: 0.021790341578327443
height: 0.02995293110825845
Area: 0.000287030022987602
CentroidX: 0.2788
CentroidY: 0.2208
