Location: 2025-04-16_190055-1.png_Gaussian-Median.png
Component: component_1744832837766_227.png
centerX: 0.9546525323910483
centerY: 0.36585365853658536
width: 0.024146054181389872
height: 0.031664527171587506
Area: 0.00031374221125510493
CentroidX: 0.9636
CentroidY: 0.3788
