Location: 2025-04-16_190055-1.png_Mean-Medain.png
Component: component_1744832837413_396.png
centerX: 0.5959952885747939
centerY: 0.6375695335900727
width: 0.021790341578327443
height: 0.03123662815575524
Area: 0.00031424621480732195
CentroidX: 0.6044
CentroidY: 0.6507
