Location: 2025-04-16_190055-1.png_Mean-Medain.png
Component: component_1744832837401_344.png
centerX: 0.46113074204946997
centerY: 0.5558408215661104
width: 0.021790341578327443
height: 0.03551561831407788
Area: 0.00035431449720857634
CentroidX: 0.4701
CentroidY: 0.5714
