Location: 2025-04-16_190055-1.png_Gaussian-Median.png
Component: component_1744832837796_340.png
centerX: 0.6118963486454653
centerY: 0.5502781343602909
width: 0.024146054181389872
height: 0.03209242618741977
Area: 0.0003265943018366393
CentroidX: 0.6230
CentroidY: 0.5628
