Location: 2025-04-16_190055-1.png_Gaussian-Median.png
Component: component_1744832837726_60.png
centerX: 0.9481743227326266
centerY: 0.08557980316645272
width: 0.021790341578327443
height: 0.030380830124090714
Area: 0.0002935820691664235
CentroidX: 0.9577
CentroidY: 0.0999
