Location: 2025-04-16_190055-1.png_Gaussian-Median.png
Component: component_1744832837785_304.png
centerX: 0.07420494699646643
centerY: 0.4839537869062901
width: 0.02237926972909305
height: 0.030380830124090714
Area: 0.00033339834979156935
CentroidX: 0.0842
CentroidY: 0.4972
