Location: 2025-04-16_190055-1.png_Gaussian-Median.png
Component: component_1744832838059_590.png
centerX: 0.7279151943462897
centerY: 0.9135643988018828
width: 0.021790341578327443
height: 0.0329482242190843
Area: 0.00033566636577654597
CentroidX: 0.7363
CentroidY: 0.9281
