Location: 2025-04-16_190055-1.png_Mean-Medain.png
Component: component_1744832837330_42.png
centerX: 0.6113074204946997
centerY: 0.04878048780487805
width: 0.021790341578327443
height: 0.02995293110825845
Area: 0.00028728202476371054
CentroidX: 0.6210
CentroidY: 0.0627
