Location: easy21_Mean-Medain.png
Component: component_1744297380787_163.png
centerX: 0.34516129032258064
centerY: 0.1307471264367816
width: 0.016935483870967744
height: 0.021551724137931036
Area: 0.00013981584476578914
CentroidX: 0.3516
CentroidY: 0.1389
