Location: 2025-04-16_190055-1.png_Gaussian-Median.png
Component: component_1744832838054_582.png
centerX: 0.07361601884570082
centerY: 0.8981600342319213
width: 0.025323910482921083
height: 0.02781343602909713
Area: 0.0003449904314925612
CentroidX: 0.0858
CentroidY: 0.9097
