Location: 2025-04-16_190055-1.png_Gaussian-Median.png
Component: component_1744832837742_128.png
centerX: 0.7208480565371025
centerY: 0.21181001283697048
width: 0.026501766784452298
height: 0.036799315361574665
Area: 0.00036011053805907225
CentroidX: 0.7317
CentroidY: 0.2277
