Location: 2025-04-16_190055-1.png_Mean-Medain.png
Component: component_1744832837438_498.png
centerX: 0.9134275618374559
centerY: 0.7809157038938811
width: 0.019434628975265017
height: 0.0329482242190843
Area: 0.0003119781988223453
CentroidX: 0.9217
CentroidY: 0.7952
