Location: 2025-04-16_190055-1.png_Gaussian-Median.png
Component: component_1744832837728_72.png
centerX: 0.9428739693757362
centerY: 0.12195121951219512
width: 0.024146054181389872
height: 0.031664527171587506
Area: 0.0003177742396728412
CentroidX: 0.9533
CentroidY: 0.1351
