Location: 2025-04-16_190055-1.png_Gaussian-Median.png
Component: component_1744832837737_111.png
centerX: 0.734982332155477
centerY: 0.16859221223791185
width: 0.022968197879858657
height: 0.03123662815575524
Area: 0.0002908100496292298
CentroidX: 0.7448
CentroidY: 0.1817
