Location: 2025-04-16_190055-1.png_Mean-Medain.png
Component: component_1744832837383_271.png
centerX: 0.3309776207302709
centerY: 0.4266153187847668
width: 0.024734982332155476
height: 0.03080872913992298
Area: 0.00033239034268713524
CentroidX: 0.3424
CentroidY: 0.4397
