Location: 2025-04-16_190055-1.png_Mean-Medain.png
Component: component_1744832837409_377.png
centerX: 0.35924617196702
centerY: 0.6063329054343175
width: 0.022968197879858657
height: 0.029097133076593923
Area: 0.0002840060016742998
CentroidX: 0.3690
CentroidY: 0.6182
