Location: 2025-04-16_190055-1.png_Gaussian-Median.png
Component: component_1744832837799_356.png
centerX: 0.9575971731448764
centerY: 0.5725288831835686
width: 0.022968197879858657
height: 0.029525032092426188
Area: 0.0003180262414489497
CentroidX: 0.9677
CentroidY: 0.5851
