Location: 2025-04-16_190055-1.png_Mean-Medain.png
Component: component_1744832837343_95.png
centerX: 0.30977620730270905
centerY: 0.1317928968763372
width: 0.019434628975265017
height: 0.026957637997432605
Area: 0.0002419217050641773
CentroidX: 0.3185
CentroidY: 0.1439
