Location: 2025-04-16_190055-1.png_Gaussian-Median.png
Component: component_1744832837828_426.png
centerX: 0.48468786808009423
centerY: 0.6820710312366282
width: 0.027090694935217905
height: 0.029097133076593923
Area: 0.00033314634801546084
CentroidX: 0.4948
CentroidY: 0.6939
