Location: 2025-04-16_190055-1.png_Gaussian-Median.png
Component: component_1744832838070_614.png
centerX: 0.9093050647820966
centerY: 0.9477963200684638
width: 0.021790341578327443
height: 0.03551561831407788
Area: 0.00035456649898468485
CentroidX: 0.9185
CentroidY: 0.9633
