Location: 2025-04-16_190055-1.png_Mean-Medain.png
Component: component_1744832837435_488.png
centerX: 0.37220259128386335
centerY: 0.766367137355584
width: 0.02061248527679623
height: 0.03380402225074882
Area: 0.0003260902982844223
CentroidX: 0.3813
CentroidY: 0.7807
