Location: 2025-04-16_190055-1.png_Mean-Medain.png
Component: component_1744832837435_485.png
centerX: 0.40636042402826855
centerY: 0.7642276422764228
width: 0.021790341578327443
height: 0.030380830124090714
Area: 0.0003026541331063301
CentroidX: 0.4159
CentroidY: 0.7774
