Location: 2025-04-16_190055-1.png_Mean-Medain.png
Component: component_1744832837364_188.png
centerX: 0.11778563015312132
centerY: 0.3008130081300813
width: 0.02061248527679623
height: 0.03123662815575524
Area: 0.0002683818915555717
CentroidX: 0.1276
CentroidY: 0.3151
