Location: 2025-04-16_190055-1.png_Gaussian-Median.png
Component: component_1744832837797_344.png
centerX: 0.49469964664310956
centerY: 0.5575524176294394
width: 0.024734982332155476
height: 0.03423192126658109
Area: 0.00035759052029798706
CentroidX: 0.5060
CentroidY: 0.5723
