Location: 2025-04-16_190055-1.png_Gaussian-Median.png
Component: component_1744832837760_198.png
centerX: 0.9204946996466431
centerY: 0.3290543431750107
width: 0.024146054181389872
height: 0.032520325203252036
Area: 0.00031449821658343047
CentroidX: 0.9304
CentroidY: 0.3430
