Location: 2025-04-16_190055-1.png_Mean-Medain.png
Component: component_1744832837364_185.png
centerX: 0.6725559481743227
centerY: 0.29995721009841675
width: 0.024146054181389872
height: 0.02995293110825845
Area: 0.0003102141863895857
CentroidX: 0.6827
CentroidY: 0.3132
