Location: 2025-04-16_190055-1.png_Mean-Medain.png
Component: component_1744832837430_457.png
centerX: 0.3869257950530035
centerY: 0.7252888318356868
width: 0.022968197879858657
height: 0.03209242618741977
Area: 0.0003064341597479579
CentroidX: 0.3970
CentroidY: 0.7385
