Location: 2025-04-16_190055-1.png_Mean-Medain.png
Component: component_1744832837434_479.png
centerX: 0.6454652532391049
centerY: 0.7539580658964484
width: 0.021790341578327443
height: 0.0329482242190843
Area: 0.000314750218359539
CentroidX: 0.6564
CentroidY: 0.7681
