Location: 2025-04-16_190055-1.png_Gaussian-Median.png
Component: component_1744832837746_145.png
centerX: 0.8739693757361602
centerY: 0.25203252032520324
width: 0.02120141342756184
height: 0.0329482242190843
Area: 0.00028728202476371054
CentroidX: 0.8835
CentroidY: 0.2668
