Location: 2025-04-16_190055-1.png_Mean-Medain.png
Component: component_1744832837397_327.png
centerX: 0.2862190812720848
centerY: 0.5164741121095422
width: 0.027090694935217905
height: 0.032520325203252036
Area: 0.0003709466144317385
CentroidX: 0.2980
CentroidY: 0.5308
