Location: 2025-04-16_190055-1.png_Mean-Medain.png
Component: component_1744832837391_299.png
centerX: 0.3651354534746761
centerY: 0.47325631151048353
width: 0.02120141342756184
height: 0.03380402225074882
Area: 0.00029761409758415975
CentroidX: 0.3736
CentroidY: 0.4873
