Location: 2025-04-16_190055-1.png_Mean-Medain.png
Component: component_1744832837408_370.png
centerX: 0.5459363957597173
centerY: 0.5956354300385109
width: 0.025323910482921083
height: 0.03123662815575524
Area: 0.0003538104936563593
CentroidX: 0.5565
CentroidY: 0.6091
