Location: 2025-04-16_190055-1.png_Mean-Medain.png
Component: component_1744832837368_205.png
centerX: 0.8303886925795053
centerY: 0.337612323491656
width: 0.024146054181389872
height: 0.029525032092426188
Area: 0.0002852660105548424
CentroidX: 0.8401
CentroidY: 0.3506
