Location: 2025-04-16_190055-1.png_Mean-Medain.png
Component: component_1744832837384_277.png
centerX: 0.17432273262661954
centerY: 0.433461703038083
width: 0.021790341578327443
height: 0.029525032092426188
Area: 0.00031399421303121344
CentroidX: 0.1844
CentroidY: 0.4462
