Location: 2025-04-16_190055-1.png_Gaussian-Median.png
Component: component_1744832837734_96.png
centerX: 0.33510011778563015
centerY: 0.16645271715875054
width: 0.021790341578327443
height: 0.0329482242190843
Area: 0.00031676623256840714
CentroidX: 0.3430
CentroidY: 0.1806
