Location: 2025-04-16_190055-1.png_Mean-Medain.png
Component: component_1744832837382_269.png
centerX: 0.47820965842167257
centerY: 0.4231921266581087
width: 0.023557126030624265
height: 0.03123662815575524
Area: 0.0003162622290161901
CentroidX: 0.4894
CentroidY: 0.4366
