Location: 2025-04-16_190055-1.png_Gaussian-Median.png
Component: component_1744832838041_573.png
centerX: 0.3833922261484099
centerY: 0.8883183568677792
width: 0.021790341578327443
height: 0.03380402225074882
Area: 0.00032684630361274784
CentroidX: 0.3939
CentroidY: 0.9039
