Location: 2025-04-16_190055-1.png_Gaussian-Median.png
Component: component_1744832837789_321.png
centerX: 0.37279151943462896
centerY: 0.5126230209670518
width: 0.026501766784452298
height: 0.0329482242190843
Area: 0.00035733851852187855
CentroidX: 0.3843
CentroidY: 0.5267
