Location: 2025-04-16_190055-1.png_Gaussian-Median.png
Component: component_1744832837749_151.png
centerX: 0.31861012956419316
centerY: 0.25417201540436457
width: 0.02237926972909305
height: 0.030380830124090714
Area: 0.00026082183827231615
CentroidX: 0.3278
CentroidY: 0.2675
