Location: 2025-04-16_190055-1.png_Mean-Medain.png
Component: component_1744832837390_296.png
centerX: 0.4799764428739694
centerY: 0.46512623020967053
width: 0.02237926972909305
height: 0.03423192126658109
Area: 0.000315254221911756
CentroidX: 0.4901
CentroidY: 0.4799
