Location: 2025-04-16_190055-1.png_Mean-Medain.png
Component: component_1744832837348_114.png
centerX: 0.734982332155477
centerY: 0.16859221223791185
width: 0.023557126030624265
height: 0.03080872913992298
Area: 0.00029282606383809794
CentroidX: 0.7448
CentroidY: 0.1816
