Location: 2025-04-16_190055-1.png_Mean-Medain.png
Component: component_1744832837437_495.png
centerX: 0.11837455830388692
centerY: 0.7779204107830552
width: 0.02237926972909305
height: 0.03123662815575524
Area: 0.0003202942574339264
CentroidX: 0.1281
CentroidY: 0.7911
