Location: 2025-04-16_190055-1.png_Mean-Medain.png
Component: component_1744832837435_486.png
centerX: 0.44051825677267376
centerY: 0.7642276422764228
width: 0.02120141342756184
height: 0.03123662815575524
Area: 0.00029282606383809794
CentroidX: 0.4501
CentroidY: 0.7777
