Location: 2025-04-16_190055-1.png_Gaussian-Median.png
Component: component_1744832837798_351.png
centerX: 0.21201413427561838
centerY: 0.5643988018827557
width: 0.025323910482921083
height: 0.03594351732991014
Area: 0.00034473842971645267
CentroidX: 0.2232
CentroidY: 0.5796
