Location: 2025-04-16_190055-1.png_Mean-Medain.png
Component: component_1744832837380_258.png
centerX: 0.8839811542991755
centerY: 0.40949935815147626
width: 0.02591283863368669
height: 0.031664527171587506
Area: 0.0003482664545819719
CentroidX: 0.8957
CentroidY: 0.4227
