Location: 2025-04-16_190055-1.png_Gaussian-Median.png
Component: component_1744832838061_592.png
centerX: 0.6248527679623086
centerY: 0.9186991869918699
width: 0.023557126030624265
height: 0.03123662815575524
Area: 0.0003233182787472286
CentroidX: 0.6346
CentroidY: 0.9327
