Location: 2025-04-16_190055-1.png_Mean-Medain.png
Component: component_1744832837348_115.png
centerX: 0.8775029446407538
centerY: 0.16859221223791185
width: 0.021790341578327443
height: 0.029097133076593923
Area: 0.00028022597503267205
CentroidX: 0.8868
CentroidY: 0.1813
