Location: 2025-04-16_190055-1.png_Mean-Medain.png
Component: component_1744832837364_187.png
centerX: 0.07832744405182568
centerY: 0.30038510911424904
width: 0.02120141342756184
height: 0.03123662815575524
Area: 0.0002673738844511376
CentroidX: 0.0873
CentroidY: 0.3146
