Location: 2025-04-16_190055-1.png_Mean-Medain.png
Component: component_1744832837367_200.png
centerX: 0.9528857479387515
centerY: 0.32691484809584936
width: 0.025323910482921083
height: 0.03380402225074882
Area: 0.00031928625032949233
CentroidX: 0.9637
CentroidY: 0.3415
