Location: 2025-04-16_190055-1.png_Gaussian-Median.png
Component: component_1744832837822_401.png
centerX: 0.46819787985865724
centerY: 0.6427043217800599
width: 0.02120141342756184
height: 0.032520325203252036
Area: 0.000321554266314469
CentroidX: 0.4764
CentroidY: 0.6564
