Location: 2025-04-16_190055-1.png_Mean-Medain.png
Component: component_1744832837352_135.png
centerX: 0.8286219081272085
centerY: 0.21223791185280275
width: 0.020023557126030624
height: 0.0329482242190843
Area: 0.0002824939910176487
CentroidX: 0.8371
CentroidY: 0.2267
