Location: 2025-04-16_190055-1.png_Gaussian-Median.png
Component: component_1744832837713_25.png
centerX: 0.8598351001177856
centerY: 0.013692768506632435
width: 0.02061248527679623
height: 0.030380830124090714
Area: 0.00026661787912281206
CentroidX: 0.8682
CentroidY: 0.0268
