Location: 2025-04-16_190055-1.png_Mean-Medain.png
Component: component_1744832837444_523.png
centerX: 0.11896348645465253
centerY: 0.8172871202396235
width: 0.023557126030624265
height: 0.031664527171587506
Area: 0.00035028246879084
CentroidX: 0.1294
CentroidY: 0.8316
