Location: 2025-04-16_190055-1.png_Gaussian-Median.png
Component: component_1744832838057_588.png
centerX: 0.7944640753828033
centerY: 0.9088575096277278
width: 0.019434628975265017
height: 0.03380402225074882
Area: 0.000307946170404609
CentroidX: 0.8026
CentroidY: 0.9236
