Location: 2025-04-16_190055-1.png_Mean-Medain.png
Component: component_1744832837336_67.png
centerX: 0.800942285041225
centerY: 0.08686350021394951
width: 0.023557126030624265
height: 0.029097133076593923
Area: 0.0002940860727186405
CentroidX: 0.8117
CentroidY: 0.0996
