Location: 2025-04-16_190055-1.png_Mean-Medain.png
Component: component_1744832837347_111.png
centerX: 0.9057714958775029
centerY: 0.16773641420624733
width: 0.023557126030624265
height: 0.03080872913992298
Area: 0.00029862210468859385
CentroidX: 0.9157
CentroidY: 0.1812
