Location: 2025-04-16_190055-1.png_Mean-Medain.png
Component: component_1744832837329_34.png
centerX: 0.18021201413427562
centerY: 0.04749679075738126
width: 0.026501766784452298
height: 0.03893881044073599
Area: 0.00038556271744603253
CentroidX: 0.1912
CentroidY: 0.0633
