Location: 2025-04-16_190055-1.png_Mean-Medain.png
Component: component_1744832837379_254.png
centerX: 0.32332155477031804
centerY: 0.39323919554985026
width: 0.023557126030624265
height: 0.03080872913992298
Area: 0.000307442166852392
CentroidX: 0.3338
CentroidY: 0.4058
