Location: 2025-04-16_190055-1.png_Mean-Medain.png
Component: component_1744832837324_12.png
centerX: 0.336866902237927
centerY: 0.007274283269148481
width: 0.023557126030624265
height: 0.025673940949935817
Area: 0.00026661787912281206
CentroidX: 0.3470
CentroidY: 0.0191
