Location: 2025-04-16_190055-1.png_Mean-Medain.png
Component: component_1744832837422_433.png
centerX: 0.15488810365135453
centerY: 0.6953359007274283
width: 0.024146054181389872
height: 0.03080872913992298
Area: 0.0003155062236878646
CentroidX: 0.1647
CentroidY: 0.7084
