Location: 2025-04-16_190055-1.png_Mean-Medain.png
Component: component_1744832837426_440.png
centerX: 0.9387514723203769
centerY: 0.6987590928540864
width: 0.02061248527679623
height: 0.031664527171587506
Area: 0.0002923220602858809
CentroidX: 0.9468
CentroidY: 0.7131
