Location: 2025-04-16_190055-1.png_Mean-Medain.png
Component: component_1744832837415_403.png
centerX: 0.3627797408716137
centerY: 0.6474112109542148
width: 0.021790341578327443
height: 0.03337612323491656
Area: 0.00030895417750904307
CentroidX: 0.3720
CentroidY: 0.6610
