Location: 2025-04-16_190055-1.png_Mean-Medain.png
Component: component_1744832837443_518.png
centerX: 0.28150765606595995
centerY: 0.8125802310654685
width: 0.020023557126030624
height: 0.032520325203252036
Area: 0.000314750218359539
CentroidX: 0.2902
CentroidY: 0.8268
