Location: 2025-04-16_190055-1.png_Mean-Medain.png
Component: component_1744832837357_157.png
centerX: 0.35276796230859836
centerY: 0.2550278134360291
width: 0.02591283863368669
height: 0.02866923406076166
Area: 0.00027619394661493573
CentroidX: 0.3633
CentroidY: 0.2683
