Location: 2025-04-16_190055-1.png_Mean-Medain.png
Component: component_1744832837406_361.png
centerX: 0.8545347467608951
centerY: 0.5793752674368849
width: 0.027090694935217905
height: 0.02995293110825845
Area: 0.00034877045813418893
CentroidX: 0.8654
CentroidY: 0.5906
