Location: 2025-04-16_190055-1.png_Mean-Medain.png
Component: component_1744832837376_244.png
centerX: 0.04299175500588928
centerY: 0.38810440735986307
width: 0.021790341578327443
height: 0.032520325203252036
Area: 0.0003245782876277712
CentroidX: 0.0520
CentroidY: 0.4024
