Location: 2025-04-16_190055-1.png_Mean-Medain.png
Component: component_1744832837338_77.png
centerX: 0.9098939929328622
centerY: 0.12409071459135644
width: 0.019434628975265017
height: 0.029525032092426188
Area: 0.0002714059128688739
CentroidX: 0.9180
CentroidY: 0.1386
