Location: 2025-04-16_190055-1.png_Mean-Medain.png
Component: component_1744832837345_100.png
centerX: 0.4169611307420495
centerY: 0.16645271715875054
width: 0.028268551236749116
height: 0.028241335044929396
Area: 0.0003155062236878646
CentroidX: 0.4281
CentroidY: 0.1790
