Location: 2025-04-16_190055-1.png_Gaussian-Median.png
Component: component_1744832837709_9.png
centerX: 0.2626619552414605
centerY: 0.007274283269148481
width: 0.01884570082449941
height: 0.026529738981600343
Area: 0.0002431817139447199
CentroidX: 0.2710
CentroidY: 0.0194
