Location: 2025-04-16_190055-1.png_Gaussian-Median.png
Component: component_1744832837749_150.png
centerX: 0.2791519434628975
centerY: 0.25459991442019686
width: 0.02237926972909305
height: 0.03080872913992298
Area: 0.0002600658329439906
CentroidX: 0.2886
CentroidY: 0.2678
