Location: 2025-04-16_190055-1.png_Mean-Medain.png
Component: component_1744832837463_605.png
centerX: 0.947585394581861
centerY: 0.9469405220367993
width: 0.021790341578327443
height: 0.03936670945656825
Area: 0.00039463478138593923
CentroidX: 0.9563
CentroidY: 0.9641
