Location: 2025-04-16_190055-1.png_Gaussian-Median.png
Component: component_1744832838060_591.png
centerX: 0.6949352179034158
centerY: 0.9157038938810441
width: 0.02061248527679623
height: 0.03380402225074882
Area: 0.00032533429295609676
CentroidX: 0.7031
CentroidY: 0.9306
