Location: 2025-04-16_190055-1.png_Mean-Medain.png
Component: component_1744832837340_83.png
centerX: 0.6519434628975265
centerY: 0.1258023106546855
width: 0.024146054181389872
height: 0.02866923406076166
Area: 0.00028022597503267205
CentroidX: 0.6610
CentroidY: 0.1390
