Location: 2025-04-16_190055-1.png_Mean-Medain.png
Component: component_1744832837334_56.png
centerX: 0.054770318021201414
centerY: 0.08472400513478819
width: 0.02120141342756184
height: 0.029097133076593923
Area: 0.0002603178347200991
CentroidX: 0.0641
CentroidY: 0.0973
