Location: 2025-04-16_190055-1.png_Mean-Medain.png
Component: component_1744832837453_566.png
centerX: 0.42402826855123676
centerY: 0.8844672657252889
width: 0.024146054181389872
height: 0.03423192126658109
Area: 0.00036464657002902555
CentroidX: 0.4355
CentroidY: 0.9000
