Location: 2025-04-16_190055-1.png_Mean-Medain.png
Component: component_1744832837382_268.png
centerX: 0.6289752650176679
centerY: 0.42233632862644416
width: 0.024146054181389872
height: 0.03337612323491656
Area: 0.0003505344705669486
CentroidX: 0.6390
CentroidY: 0.4365
