Location: 2025-04-16_190055-1.png_Mean-Medain.png
Component: component_1744832837434_480.png
centerX: 0.6095406360424028
centerY: 0.7578091570389388
width: 0.020023557126030624
height: 0.03080872913992298
Area: 0.0002898020425247957
CentroidX: 0.6187
CentroidY: 0.7704
