Location: 2025-04-16_190055-1.png_Gaussian-Median.png
Component: component_1744832837794_333.png
centerX: 0.8822143698468787
centerY: 0.537441163885323
width: 0.02237926972909305
height: 0.03209242618741977
Area: 0.0003129862059267794
CentroidX: 0.8921
CentroidY: 0.5506
