Location: 2025-04-16_190055-1.png_Gaussian-Median.png
Component: component_1744832837831_446.png
centerX: 0.7785630153121319
centerY: 0.707744972186564
width: 0.023557126030624265
height: 0.03209242618741977
Area: 0.0002991261082408109
CentroidX: 0.7890
CentroidY: 0.7214
