Location: 2025-04-16_190055-1.png_Mean-Medain.png
Component: component_1744832837436_490.png
centerX: 0.30153121319199055
centerY: 0.7715019255455713
width: 0.02120141342756184
height: 0.032520325203252036
Area: 0.00034877045813418893
CentroidX: 0.3111
CentroidY: 0.7862
