Location: 2025-04-16_190055-1.png_Gaussian-Median.png
Component: component_1744832837735_101.png
centerX: 0.3792697290930506
centerY: 0.1668806161745828
width: 0.021790341578327443
height: 0.029525032092426188
Area: 0.0002910620514053383
CentroidX: 0.3871
CentroidY: 0.1802
