Location: 2025-04-16_190055-1.png_Mean-Medain.png
Component: component_1744832837334_59.png
centerX: 0.6189634864546525
centerY: 0.08600770218228498
width: 0.022968197879858657
height: 0.03123662815575524
Area: 0.0003190342485533838
CentroidX: 0.6294
CentroidY: 0.1007
