Location: 2025-04-16_190055-1.png_Gaussian-Median.png
Component: component_1744832837763_213.png
centerX: 0.07714958775029446
centerY: 0.34403080872913994
width: 0.020023557126030624
height: 0.03080872913992298
Area: 0.00028728202476371054
CentroidX: 0.0852
CentroidY: 0.3576
