Location: 2025-04-16_190055-1.png_Mean-Medain.png
Component: component_1744832837349_123.png
centerX: 0.8916372202591284
centerY: 0.20881471972614463
width: 0.02237926972909305
height: 0.0329482242190843
Area: 0.0002855180123309509
CentroidX: 0.9014
CentroidY: 0.2232
