Location: 2025-04-16_190055-1.png_Mean-Medain.png
Component: component_1744832837455_574.png
centerX: 0.11307420494699646
centerY: 0.8973042362002568
width: 0.024146054181389872
height: 0.029097133076593923
Area: 0.00033843838531373967
CentroidX: 0.1248
CentroidY: 0.9098
