Location: 2025-04-16_190055-1.png_Gaussian-Median.png
Component: component_1744832837753_165.png
centerX: 0.6978798586572438
centerY: 0.25802310654685495
width: 0.02120141342756184
height: 0.03337612323491656
Area: 0.00030996218461347717
CentroidX: 0.7064
CentroidY: 0.2727
