Location: easy16_Gaussian-Median.png
Component: component_1744297381657_76.png
centerX: 0.7290322580645161
centerY: 0.06561302681992337
width: 0.016129032258064516
height: 0.021551724137931036
Area: 0.0001324774440736621
CentroidX: 0.7343
CentroidY: 0.0736
