Location: 2025-04-16_190055-1.png_Mean-Medain.png
Component: component_1744832837332_50.png
centerX: 0.9564193168433451
centerY: 0.050919982884039365
width: 0.022968197879858657
height: 0.02781343602909713
Area: 0.0002925740620619894
CentroidX: 0.9662
CentroidY: 0.0631
