Location: 2025-04-16_190055-1.png_Gaussian-Median.png
Component: component_1744832837785_303.png
centerX: 0.13898704358068315
centerY: 0.4818142918271288
width: 0.024146054181389872
height: 0.02995293110825845
Area: 0.00033339834979156935
CentroidX: 0.1499
CentroidY: 0.4950
