Location: 2025-04-16_190055-1.png_Gaussian-Median.png
Component: component_1744832837765_223.png
centerX: 0.2832744405182568
centerY: 0.3470261018399658
width: 0.022968197879858657
height: 0.03551561831407788
Area: 0.0003175222378967327
CentroidX: 0.2927
CentroidY: 0.3626
