Location: 2025-04-16_190055-1.png_Gaussian-Median.png
Component: component_1744832838057_587.png
centerX: 0.8292108362779741
centerY: 0.9067180145485665
width: 0.02061248527679623
height: 0.0329482242190843
Area: 0.00032281427519501157
CentroidX: 0.8373
CentroidY: 0.9214
