Location: 2025-04-16_190055-1.png_Mean-Medain.png
Component: component_1744832837371_222.png
centerX: 0.14487632508833923
centerY: 0.345742404792469
width: 0.02120141342756184
height: 0.03337612323491656
Area: 0.0003238222822994456
CentroidX: 0.1532
CentroidY: 0.3605
