Location: 2025-04-16_190055-1.png_Gaussian-Median.png
Component: component_1744832837756_181.png
centerX: 0.6401648998822144
centerY: 0.29995721009841675
width: 0.022968197879858657
height: 0.031664527171587506
Area: 0.00031727023612062417
CentroidX: 0.6498
CentroidY: 0.3136
