Location: 2025-04-16_190055-1.png_Gaussian-Median.png
Component: component_1744832838052_580.png
centerX: 0.11307420494699646
centerY: 0.8973042362002568
width: 0.024146054181389872
height: 0.029097133076593923
Area: 0.0003374303782093056
CentroidX: 0.1248
CentroidY: 0.9098
