Location: 2025-04-16_190055-1.png_Gaussian-Median.png
Component: component_1744832837823_404.png
centerX: 0.2921083627797409
centerY: 0.6516902011125374
width: 0.022968197879858657
height: 0.03465982028241335
Area: 0.00033793438176152264
CentroidX: 0.3012
CentroidY: 0.6664
