Location: 2025-04-16_190055-1.png_Gaussian-Median.png
Component: component_1744832837830_435.png
centerX: 0.07832744405182568
centerY: 0.6974753958065897
width: 0.024146054181389872
height: 0.03080872913992298
Area: 0.0003265943018366393
CentroidX: 0.0883
CentroidY: 0.7103
