Location: 2025-04-16_190055-1.png_Mean-Medain.png
Component: component_1744832837345_101.png
centerX: 0.5235571260306242
centerY: 0.16645271715875054
width: 0.024146054181389872
height: 0.03123662815575524
Area: 0.0002978660993602683
CentroidX: 0.5332
CentroidY: 0.1800
