Location: 2025-04-16_190055-1.png_Gaussian-Median.png
Component: component_1744832837767_236.png
centerX: 0.6813898704358068
centerY: 0.3804022250748823
width: 0.023557126030624265
height: 0.03080872913992298
Area: 0.00029459007627085753
CentroidX: 0.6925
CentroidY: 0.3932
