Location: 2025-04-16_190055-1.png_Gaussian-Median.png
Component: component_1744832838043_578.png
centerX: 0.1896348645465253
centerY: 0.8960205391527599
width: 0.024734982332155476
height: 0.02866923406076166
Area: 0.0003510384741191656
CentroidX: 0.2006
CentroidY: 0.9081
