Location: 2025-04-16_190055-1.png_Gaussian-Median.png
Component: component_1744832837833_455.png
centerX: 0.45641931684334514
centerY: 0.7244330338040222
width: 0.021790341578327443
height: 0.03123662815575524
Area: 0.00028198998746543165
CentroidX: 0.4655
CentroidY: 0.7376
