Location: 2025-04-16_190055-1.png_Mean-Medain.png
Component: component_1744832837398_332.png
centerX: 0.045936395759717315
centerY: 0.5284552845528455
width: 0.023557126030624265
height: 0.028241335044929396
Area: 0.000307442166852392
CentroidX: 0.0557
CentroidY: 0.5411
