Location: easy26_Mean-Closing.png
Component: component_1744297382092_582.png
centerX: 0.27661290322580645
centerY: 0.39176245210727967
width: 0.01532258064516129
height: 0.0210727969348659
Area: 0.00012204919045853417
CentroidX: 0.2822
CentroidY: 0.3995
