Location: 2025-04-16_190055-1.png_Mean-Medain.png
Component: component_1744832837342_89.png
centerX: 0.5229681978798587
centerY: 0.1279418057338468
width: 0.019434628975265017
height: 0.029097133076593923
Area: 0.0002323456375720536
CentroidX: 0.5309
CentroidY: 0.1410
