Location: 2025-04-16_190055-1.png_Gaussian-Median.png
Component: component_1744832837845_507.png
centerX: 0.7950530035335689
centerY: 0.79204107830552
width: 0.021790341578327443
height: 0.02995293110825845
Area: 0.00029811810113637683
CentroidX: 0.8049
CentroidY: 0.8048
