Location: 2025-04-16_190055-1.png_Mean-Medain.png
Component: component_1744832837366_195.png
centerX: 0.6065959952885748
centerY: 0.30124090714591356
width: 0.024146054181389872
height: 0.031664527171587506
Area: 0.0003180262414489497
CentroidX: 0.6169
CentroidY: 0.3151
