Location: internet_30.png_Gaussian-Median.png
Component: component_1755078353961_403.png
centerX: 0.4437726723095526
centerY: 0.7476475620188195
width: 0.04030632809351068
height: 0.029654975762760195
Area: 0.0003398511895423755
CentroidX: 0.4645
CentroidY: 0.7620
