Location: internet_30.png_Gaussian-Closing.png
Component: component_1755078354288_280.png
centerX: 0.7634018540910923
centerY: 0.564585115483319
width: 0.04554615074566707
height: 0.02737382378100941
Area: 0.0003578953683581188
CentroidX: 0.7820
CentroidY: 0.5789
