Location: Dedata_24.png_Gaussian-Median.png
Component: component_1755507995746_9.png
centerX: 0.2903225806451613
centerY: 0.00883442576232545
width: 0.03306451612903226
height: 0.03590766600170989
Area: 0.0003234769578687063
CentroidX: 0.3051
CentroidY: 0.0235
