Location: internet_30.png_Mean-Closing.png
Component: component_1755078353319_63.png
centerX: 0.012494961708988311
centerY: 0.11177644710578842
width: 0.021362353889560662
height: 0.03450242372398061
Area: 0.0002271038047127947
CentroidX: 0.0190
CentroidY: 0.1300
