Location: Dedata_24.png_Gaussian-Median.png
Component: component_1755507995831_209.png
centerX: 0.5205645161290322
centerY: 0.4861783984041037
width: 0.032661290322580645
height: 0.037902536335138216
Area: 0.0004786080033830059
CentroidX: 0.5372
CentroidY: 0.5044
