Location: internet_30.png_Gaussian-Closing.png
Component: component_1755078354243_183.png
centerX: 0.06569931479242241
centerY: 0.34587966923296265
width: 0.03305118903667876
height: 0.03307670373538637
Area: 0.00024135525804497415
CentroidX: 0.0802
CentroidY: 0.3623
