Location: Dedata_24.png_Gaussian-Median.png
Component: component_1755507995831_210.png
centerX: 0.1907258064516129
centerY: 0.49216300940438873
width: 0.039112903225806454
height: 0.03818751781134226
Area: 0.0005243429338383327
CentroidX: 0.2098
CentroidY: 0.5103
