Location: Dedata_24.png_Otsu.png
Component: component_1755507995295_504.png
centerX: 0.12983870967741937
centerY: 0.4975776574522656
width: 0.03870967741935484
height: 0.039897406668566546
Area: 0.0004882606017705623
CentroidX: 0.1480
CentroidY: 0.5165
