Location: Dedata_24.png_Otsu.png
Component: component_1755507995313_566.png
centerX: 0.2435483870967742
centerY: 0.6893701909375891
width: 0.04596774193548387
height: 0.04075235109717868
Area: 0.0005303183518877725
CentroidX: 0.2646
CentroidY: 0.7074
