Location: internet_30.png_Gaussian-Closing.png
Component: component_1755078354069_137.png
centerX: 0.8250705360741637
centerY: 0.26889078984887366
width: 0.04070939137444579
height: 0.029654975762760195
Area: 0.0003875475857750728
CentroidX: 0.8463
CentroidY: 0.2835
