Location: Samociqulo_1709_page_10.png_Gaussian-Median.png
Component: component_1755610056127_957.png
centerX: 0.21277641277641277
centerY: 0.196875
width: 0.019656019656019656
height: 0.01375
Area: 0.00015202702702702702
CentroidX: 0.2208
CentroidY: 0.2034
