Location: Dedata_24.png_Otsu.png
Component: component_1755507995207_64.png
centerX: 0.45
centerY: 0.09489883157594756
width: 0.03467741935483871
height: 0.03305785123966942
Area: 0.00017363185909044943
CentroidX: 0.4654
CentroidY: 0.1088
