Location: internet_30.png_Gaussian-Median.png
Component: component_1755078353899_177.png
centerX: 0.6815800080612656
centerY: 0.3193612774451098
width: 0.032245062474808545
height: 0.031936127744510975
Area: 0.0003515741592188457
CentroidX: 0.6986
CentroidY: 0.3351
