Location: Dedata_24.png_Mean-Closing.png
Component: component_1755507996160_200.png
centerX: 0.3512096774193548
centerY: 0.4653747506412083
width: 0.032661290322580645
height: 0.033912795668281565
Area: 0.0004601071898068561
CentroidX: 0.3680
CentroidY: 0.4815
