Location: internet_30.png_Gaussian-Median.png
Component: component_1755078353873_83.png
centerX: 0.9338976219266425
centerY: 0.14399771884801824
width: 0.02902055622732769
height: 0.02879954376960365
Area: 0.00019503803471539101
CentroidX: 0.9468
CentroidY: 0.1585
