Location: internet_30.png_Gaussian-Closing.png
Component: component_1755078354256_203.png
centerX: 0.40991535671100365
centerY: 0.382663244938694
width: 0.02781136638452237
height: 0.030795551753635585
Area: 0.0002308965301963586
CentroidX: 0.4202
CentroidY: 0.3995
