Location: Dedata_24.png_Mean-Medain.png
Component: component_1755507995607_277.png
centerX: 0.6258064516129033
centerY: 0.701054431461955
width: 0.04233870967741935
height: 0.037902536335138216
Area: 0.0005528410814587374
CentroidX: 0.6464
CentroidY: 0.7183
