Location: internet_30.png_Gaussian-Closing.png
Component: component_1755078354036_28.png
centerX: 0.5614671503426037
centerY: 0.05645851154833191
width: 0.03667875856509472
height: 0.032506415739948676
Area: 0.0003928344152370103
CentroidX: 0.5802
CentroidY: 0.0708
