Location: Dedata_24.png_Gaussian-Median.png
Component: component_1755507995896_298.png
centerX: 0.13185483870967743
centerY: 0.7549159304645198
width: 0.038306451612903226
height: 0.04075235109717868
Area: 0.0005227341674404067
CentroidX: 0.1497
CentroidY: 0.7733
