Location: internet_30.png_Gaussian-Closing.png
Component: component_1755078354293_295.png
centerX: 0.12172511084240226
centerY: 0.6050755631593955
width: 0.041515517936316
height: 0.03136583974907328
Area: 0.00039076565588233906
CentroidX: 0.1403
CentroidY: 0.6204
