Location: internet_30.png_Mean-Medain.png
Component: component_1755078353442_15.png
centerX: 0.014510278113663845
centerY: 0.011120615911035072
width: 0.030229746070133012
height: 0.031936127744510975
Area: 0.0003672047854541392
CentroidX: 0.0306
CentroidY: 0.0263
