Location: internet_30.png_Mean-Medain.png
Component: component_1755078353454_54.png
centerX: 0.6662636033857315
centerY: 0.10265183917878529
width: 0.027005239822652155
height: 0.034787567721699456
Area: 0.00024618236320587364
CentroidX: 0.6782
CentroidY: 0.1202
