Location: internet_30.png_Gaussian-Median.png
Component: component_1755078353927_262.png
centerX: 0.7307537283353487
centerY: 0.46221842030225263
width: 0.037484885126964934
height: 0.032506415739948676
Area: 0.00034916060663839593
CentroidX: 0.7513
CentroidY: 0.4772
