Location: Dedata_24.png_Gaussian-Median.png
Component: component_1755507995763_78.png
centerX: 0.8483870967741935
centerY: 0.16272442291251069
width: 0.03185483870967742
height: 0.03562268452550584
Area: 0.00028164903152262845
CentroidX: 0.8641
CentroidY: 0.1773
