Location: internet_30.png_Gaussian-Closing.png
Component: component_1755078354281_259.png
centerX: 0.7807335751713019
centerY: 0.5132591958939264
width: 0.03788794840790004
height: 0.029940119760479042
Area: 0.00037444544319548844
CentroidX: 0.8015
CentroidY: 0.5278
