Location: Dedata_24.png_Mean-Medain.png
Component: component_1755507995411_159.png
centerX: 0.46048387096774196
centerY: 0.35907666001709887
width: 0.03790322580645161
height: 0.0347677400968937
Area: 0.0005033140587797277
CentroidX: 0.4799
CentroidY: 0.3756
