Location: Dedata_24.png_Mean-Medain.png
Component: component_1755507995590_256.png
centerX: 0.2971774193548387
centerY: 0.6323738956967797
width: 0.037096774193548385
height: 0.03733257338273012
Area: 0.0005148052473363425
CentroidX: 0.3155
CentroidY: 0.6495
