Location: internet_30.png_Mean-Medain.png
Component: component_1755078353696_281.png
centerX: 0.607416364369206
centerY: 0.5765611633875107
width: 0.037081821846029824
height: 0.031936127744510975
Area: 0.00037030792448614606
CentroidX: 0.6265
CentroidY: 0.5918
