Location: internet_30.png_Mean-Closing.png
Component: component_1755078353371_277.png
centerX: 0.24506247480854493
centerY: 0.5996578272027374
width: 0.04030632809351068
height: 0.029654975762760195
Area: 0.0002616980583659077
CentroidX: 0.2605
CentroidY: 0.6174
