Location: internet_30.png_Gaussian-Closing.png
Component: component_1755078354275_237.png
centerX: 0.9367190648931882
centerY: 0.45052751639577987
width: 0.035872632003224506
height: 0.029940119760479042
Area: 0.00032111742427507514
CentroidX: 0.9544
CentroidY: 0.4650
