Location: Dedata_24.png_Otsu.png
Component: component_1755507995208_70.png
centerX: 0.23225806451612904
centerY: 0.1043032202906811
width: 0.036290322580645164
height: 0.03220290681105728
Area: 0.00016237049430496695
CentroidX: 0.2498
CentroidY: 0.1187
