Location: Dedata_24.png_Otsu.png
Component: component_1755507995242_425.png
centerX: 0.23306451612903226
centerY: 0.2909660872043317
width: 0.0375
height: 0.033912795668281565
Area: 0.00040207668759595144
CentroidX: 0.2512
CentroidY: 0.3050
