Location: internet_30.png_Gaussian-Closing.png
Component: component_1755078354299_321.png
centerX: 0.012898024989923419
centerY: 0.6601083547191332
width: 0.032245062474808545
height: 0.033361847733105215
Area: 0.0002488257779368424
CentroidX: 0.0249
CentroidY: 0.6793
