Location: Dedata_24.png_Gaussian-Median.png
Component: component_1755507995779_148.png
centerX: 0.8991935483870968
centerY: 0.3237389569677971
width: 0.03185483870967742
height: 0.03334283271587347
Area: 0.00043597569383796507
CentroidX: 0.9157
CentroidY: 0.3397
