Location: internet_30.png_Gaussian-Closing.png
Component: component_1755078354241_180.png
centerX: 0.12656187021362353
centerY: 0.3438836612489307
width: 0.032245062474808545
height: 0.03222127174222983
Area: 0.00023468925567992247
CentroidX: 0.1419
CentroidY: 0.3592
