Location: Dedata_24.png_Gaussian-Median.png
Component: component_1755507995842_244.png
centerX: 0.1875
centerY: 0.5921915075520091
width: 0.03669354838709677
height: 0.037047591906526074
Area: 0.0004874562185715993
CentroidX: 0.2053
CentroidY: 0.6092
