Location: internet_30.png_Mean-Medain.png
Component: component_1755078353448_42.png
centerX: 0.12333736396614269
centerY: 0.06045052751639578
width: 0.03305118903667876
height: 0.03592814371257485
Area: 0.0004245553920086355
CentroidX: 0.1399
CentroidY: 0.0764
