Location: Dedata_24.png_Mean-Medain.png
Component: component_1755507995561_238.png
centerX: 0.30120967741935484
centerY: 0.572812767170134
width: 0.036290322580645164
height: 0.03676261043032203
Area: 0.0004997517903271771
CentroidX: 0.3187
CentroidY: 0.5904
