Location: internet_30.png_Gaussian-Median.png
Component: component_1755078353954_373.png
centerX: 0.22974607013301088
centerY: 0.7025948103792415
width: 0.041112454655380895
height: 0.03165098374679213
Area: 0.00038536389534514205
CentroidX: 0.2524
CentroidY: 0.7183
