Location: internet_30.png_Gaussian-Closing.png
Component: component_1755078354298_316.png
centerX: 0.1841999193873438
centerY: 0.6538351867693185
width: 0.04232164449818621
height: 0.03022526375819789
Area: 0.00023963129191608147
CentroidX: 0.2000
CentroidY: 0.6718
