Location: Dedata_24.png_Mean-Medain.png
Component: component_1755507995589_255.png
centerX: 0.7463709677419355
centerY: 0.6289541179823311
width: 0.0407258064516129
height: 0.039897406668566546
Area: 0.0005675498028112043
CentroidX: 0.7654
CentroidY: 0.6476
