Location: internet_30.png_Gaussian-Closing.png
Component: component_1755078354303_333.png
centerX: 0.4022571543732366
centerY: 0.6931850584545195
width: 0.051592099959693674
height: 0.029940119760479042
Area: 0.00032180701072663217
CentroidX: 0.4285
CentroidY: 0.7073
