Location: internet_30.png_Gaussian-Closing.png
Component: component_1755078354060_119.png
centerX: 0.7158403869407497
centerY: 0.22526375819788994
width: 0.03143893591293833
height: 0.02480752780153978
Area: 0.0003038777629861484
CentroidX: 0.7301
CentroidY: 0.2380
