Location: Dedata_24.png_Gaussian-Median.png
Component: component_1755507995804_196.png
centerX: 0.12016129032258065
centerY: 0.45027073240239385
width: 0.031451612903225803
height: 0.039042462239954404
Area: 0.0004882606017705623
CentroidX: 0.1366
CentroidY: 0.4681
