Location: Dedata_24.png_Mean-Medain.png
Component: component_1755507995635_298.png
centerX: 0.5483870967741935
centerY: 0.7634653747506412
width: 0.0407258064516129
height: 0.03875748076375036
Area: 0.0005651366532143153
CentroidX: 0.5685
CentroidY: 0.7813
