Location: internet_30.png_Mean-Medain.png
Component: component_1755078353749_337.png
centerX: 0.17654171704957677
centerY: 0.7057313943541489
width: 0.03909713825070536
height: 0.03136583974907328
Area: 0.0004082351793217848
CentroidX: 0.1974
CentroidY: 0.7213
