Location: Dedata_24.png_Gaussian-Median.png
Component: component_1755507995746_8.png
centerX: 0.2375
centerY: 0.00883442576232545
width: 0.03467741935483871
height: 0.03505272157309775
Area: 0.00032634975500785997
CentroidX: 0.2523
CentroidY: 0.0220
