Location: Dedata_24.png_Otsu.png
Component: component_1755507995270_470.png
centerX: 0.45241935483870965
centerY: 0.4072385294955828
width: 0.037096774193548385
height: 0.03505272157309775
Area: 0.0004586133352944962
CentroidX: 0.4716
CentroidY: 0.4241
