Location: Dedata_24.png_Mean-Medain.png
Component: component_1755507995588_253.png
centerX: 0.017741935483870968
centerY: 0.6215445996010259
width: 0.036290322580645164
height: 0.037902536335138216
Area: 0.000523768374410502
CentroidX: 0.0348
CentroidY: 0.6380
