Location: internet_30.png_Mean-Closing.png
Component: component_1755078353378_307.png
centerX: 0.8581217251108424
centerY: 0.6618192187054462
width: 0.035872632003224506
height: 0.02480752780153978
Area: 0.0003266341158875317
CentroidX: 0.8721
CentroidY: 0.6754
