Location: internet_30.png_Mean-Closing.png
Component: component_1755078353347_171.png
centerX: 0.010882708585247884
centerY: 0.34587966923296265
width: 0.03990326481257558
height: 0.03279155973766752
Area: 0.00044834612458735434
CentroidX: 0.0323
CentroidY: 0.3609
