Location: Dedata_24.png_Otsu.png
Component: component_1755507995221_245.png
centerX: 0.9217741935483871
centerY: 0.1957822741521801
width: 0.03467741935483871
height: 0.034482758620689655
Area: 0.00035450316697156623
CentroidX: 0.9387
CentroidY: 0.2100
