Location: Dedata_24.png_Otsu.png
Component: component_1755507995288_499.png
centerX: 0.5725806451612904
centerY: 0.47962382445141066
width: 0.03306451612903226
height: 0.0353377030493018
Area: 0.00048343430257678414
CentroidX: 0.5890
CentroidY: 0.4979
