Location: Dedata_24.png_Mean-Medain.png
Component: component_1755507995561_239.png
centerX: 0.6870967741935484
centerY: 0.5759475634083785
width: 0.04395161290322581
height: 0.04217725847819892
Area: 0.0005488191654639223
CentroidX: 0.7074
CentroidY: 0.5953
