Location: Dedata_24.png_Otsu.png
Component: component_1755507995206_58.png
centerX: 0.7169354838709677
centerY: 0.08435451695639784
width: 0.03064516129032258
height: 0.03334283271587347
Area: 0.00016558802710081908
CentroidX: 0.7315
CentroidY: 0.0984
