Location: Dedata_24.png_Otsu.png
Component: component_1755507995203_39.png
centerX: 0.5524193548387096
centerY: 0.05072670276432032
width: 0.028225806451612902
height: 0.02792818466799658
Area: 0.0001715634451502588
CentroidX: 0.5665
CentroidY: 0.0638
