Location: Dedata_24.png_Gaussian-Median.png
Component: component_1755507995855_274.png
centerX: 0.3092741935483871
centerY: 0.6845255058421202
width: 0.039919354838709675
height: 0.039897406668566546
Area: 0.0004892948087406577
CentroidX: 0.3275
CentroidY: 0.7022
