Location: Dedata_24.png_Mean-Medain.png
Component: component_1755507995612_285.png
centerX: 0.01975806451612903
centerY: 0.7284126531775434
width: 0.04395161290322581
height: 0.032487888287261325
Area: 0.000508255269859072
CentroidX: 0.0405
CentroidY: 0.7429
