Location: internet_30.png_Gaussian-Closing.png
Component: component_1755078354304_336.png
centerX: 0.22974607013301088
centerY: 0.7028799543769604
width: 0.041112454655380895
height: 0.03136583974907328
Area: 0.00037731872007697626
CentroidX: 0.2523
CentroidY: 0.7182
