Location: internet_30.png_Gaussian-Closing.png
Component: component_1755078354032_8.png
centerX: 0.6400644901249496
centerY: 0.009409751924721984
width: 0.032245062474808545
height: 0.03735386370116909
Area: 0.00041340707770846284
CentroidX: 0.6543
CentroidY: 0.0256
