Location: Samociqulo_1709_page_10.png_Gaussian-Median.png
Component: component_1755610056204_1931.png
centerX: 0.8722358722358723
centerY: 0.436875
width: 0.021621621621621623
height: 0.0146875
Area: 0.00018258599508599508
CentroidX: 0.8816
CentroidY: 0.4440
