Location: Dedata_24.png_Gaussian-Median.png
Component: component_1755507995747_14.png
centerX: 0.847983870967742
centerY: 0.009404388714733543
width: 0.04032258064516129
height: 0.031062980906241093
Area: 0.0002880840971143327
CentroidX: 0.8664
CentroidY: 0.0223
