Location: Dedata_24.png_Gaussian-Median.png
Component: component_1755507995834_216.png
centerX: 0.0657258064516129
centerY: 0.5092618979766316
width: 0.04153225806451613
height: 0.03875748076375036
Area: 0.0005445674256979748
CentroidX: 0.0866
CentroidY: 0.5265
