Location: internet_30.png_Gaussian-Closing.png
Component: component_1755078354041_44.png
centerX: 0.17815397017331722
centerY: 0.06045052751639578
width: 0.03385731559854897
height: 0.035357855717137156
Area: 0.0004047872470639995
CentroidX: 0.1945
CentroidY: 0.0758
