Location: Dedata_24.png_Otsu.png
Component: component_1755507995279_489.png
centerX: 0.4056451612903226
centerY: 0.45568538045027074
width: 0.032661290322580645
height: 0.04018238814477059
Area: 0.0004375844602358911
CentroidX: 0.4213
CentroidY: 0.4742
