Location: internet_30.png_Gaussian-Median.png
Component: component_1755078353934_293.png
centerX: 0.2898024989923418
centerY: 0.5397775876817793
width: 0.037081821846029824
height: 0.031936127744510975
Area: 0.0003519189524446242
CentroidX: 0.3091
CentroidY: 0.5544
