Location: Dedata_24.png_Gaussian-Median.png
Component: component_1755507995805_198.png
centerX: 0.8536290322580645
centerY: 0.4559703619264748
width: 0.037096774193548385
height: 0.037047591906526074
Area: 0.0004892948087406577
CentroidX: 0.8722
CentroidY: 0.4726
