Location: Dedata_24.png_Otsu.png
Component: component_1755507995201_33.png
centerX: 0.494758064516129
centerY: 0.04930179538330009
width: 0.03225806451612903
height: 0.02821316614420063
Area: 0.000176389744344037
CentroidX: 0.5110
CentroidY: 0.0622
