Location: Dedata_24.png_Gaussian-Median.png
Component: component_1755507995839_231.png
centerX: 0.9064516129032258
centerY: 0.5542889712168709
width: 0.03669354838709677
height: 0.03619264747791394
Area: 0.00047607994190055063
CentroidX: 0.9245
CentroidY: 0.5709
