Location: Dedata_24.png_Gaussian-Median.png
Component: component_1755507995779_146.png
centerX: 0.3963709677419355
centerY: 0.32174408663436876
width: 0.03508064516129032
height: 0.03277286976346538
Area: 0.00044919056067807203
CentroidX: 0.4140
CentroidY: 0.3371
