Location: internet_30.png_Gaussian-Closing.png
Component: component_1755078354270_229.png
centerX: 0.2914147521160822
centerY: 0.43997718848018247
width: 0.037081821846029824
height: 0.028514399771884802
Area: 0.00034778143373528176
CentroidX: 0.3077
CentroidY: 0.4532
