Location: Dedata_24.png_Mean-Closing.png
Component: component_1755507996173_250.png
centerX: 0.8524193548387097
centerY: 0.6178398404103733
width: 0.0407258064516129
height: 0.037902536335138216
Area: 0.0005352595629671168
CentroidX: 0.8718
CentroidY: 0.6348
