Location: Dedata_24.png_Otsu.png
Component: component_1755507995227_306.png
centerX: 0.5774193548387097
centerY: 0.21516101453405528
width: 0.036290322580645164
height: 0.03619264747791394
Area: 0.000360593496906572
CentroidX: 0.5955
CentroidY: 0.2307
