Location: internet_30.png_Mean-Closing.png
Component: component_1755078353353_202.png
centerX: 0.8230552196694881
centerY: 0.40633019674935844
width: 0.042724707779121324
height: 0.030795551753635585
Area: 0.0004119129737300892
CentroidX: 0.8458
CentroidY: 0.4205
