Location: Dedata_24.png_Gaussian-Median.png
Component: component_1755507995784_165.png
centerX: 0.4056451612903226
centerY: 0.36449130806497576
width: 0.038306451612903226
height: 0.03305785123966942
Area: 0.00046148613243364987
CentroidX: 0.4250
CentroidY: 0.3812
