Location: Dedata_24.png_Gaussian-Median.png
Component: component_1755507995899_304.png
centerX: 0.4342741935483871
centerY: 0.7797093188942719
width: 0.04032258064516129
height: 0.03562268452550584
Area: 0.0004997517903271771
CentroidX: 0.4539
CentroidY: 0.7955
