Location: internet_30.png_Mean-Closing.png
Component: component_1755078353355_208.png
centerX: 0.5110842402257154
centerY: 0.42857142857142855
width: 0.04030632809351068
height: 0.0290846877673225
Area: 0.0003940986570648649
CentroidX: 0.5319
CentroidY: 0.4415
