Location: internet_30.png_Gaussian-Median.png
Component: component_1755078353969_409.png
centerX: 0.12817412333736397
centerY: 0.7590533219275735
width: 0.0354695687222894
height: 0.030795551753635585
Area: 0.00032835808201642436
CentroidX: 0.1471
CentroidY: 0.7749
