Location: internet_30.png_Mean-Closing.png
Component: component_1755078353318_61.png
centerX: 0.17654171704957677
centerY: 0.11006558311947534
width: 0.029423619508262798
height: 0.03364699173082407
Area: 0.00038846703437714884
CentroidX: 0.1910
CentroidY: 0.1256
