Location: Dedata_24.png_Otsu.png
Component: component_1755507995319_590.png
centerX: 0.07661290322580645
centerY: 0.7620404673696209
width: 0.03870967741935484
height: 0.03875748076375036
Area: 0.0004815957124077258
CentroidX: 0.0951
CentroidY: 0.7798
