Location: internet_30.png_Mean-Medain.png
Component: component_1755078353521_181.png
centerX: 0.06569931479242241
centerY: 0.3455945252352438
width: 0.03305118903667876
height: 0.033361847733105215
Area: 0.00025020495083995654
CentroidX: 0.0803
CentroidY: 0.3623
