Location: Dedata_24.png_Otsu.png
Component: component_1755507995320_594.png
centerX: 0.4346774193548387
centerY: 0.7799943003704759
width: 0.03951612903225806
height: 0.03505272157309775
Area: 0.00046550804842846507
CentroidX: 0.4537
CentroidY: 0.7954
