Location: Dedata_24.png_Mean-Closing.png
Component: component_1755507996182_286.png
centerX: 0.8959677419354839
centerY: 0.7292675976061556
width: 0.03870967741935484
height: 0.03875748076375036
Area: 0.000518252603903327
CentroidX: 0.9138
CentroidY: 0.7468
