Location: internet_30.png_Mean-Closing.png
Component: component_1755078353355_206.png
centerX: 0.6174929463925837
centerY: 0.4185913886512689
width: 0.03990326481257558
height: 0.032506415739948676
Area: 0.0003999601419031
CentroidX: 0.6378
CentroidY: 0.4342
