Location: internet_30.png_Mean-Closing.png
Component: component_1755078353358_223.png
centerX: 0.8883514711809755
centerY: 0.4536641003706872
width: 0.036275695284159616
height: 0.0290846877673225
Area: 0.0003472067783589842
CentroidX: 0.9073
CentroidY: 0.4681
