Location: Dedata_24.png_Gaussian-Median.png
Component: component_1755507995834_217.png
centerX: 0.8084677419354839
centerY: 0.5089769165004274
width: 0.039112903225806454
height: 0.039042462239954404
Area: 0.0004855027165169748
CentroidX: 0.8265
CentroidY: 0.5266
