Location: internet_30.png_Gaussian-Median.png
Component: component_1755078353899_178.png
centerX: 0.6219266424828698
centerY: 0.3219275734245794
width: 0.037484885126964934
height: 0.032506415739948676
Area: 0.0003919149666349342
CentroidX: 0.6421
CentroidY: 0.3376
