Location: Dedata_24.png_Otsu.png
Component: component_1755507995204_45.png
centerX: 0.1721774193548387
centerY: 0.06241094328868624
width: 0.03346774193548387
height: 0.02707324023938444
Area: 0.00018213533862234437
CentroidX: 0.1873
CentroidY: 0.0739
