Location: Dedata_24.png_Otsu.png
Component: component_1755507995226_300.png
centerX: 0.6286290322580645
centerY: 0.21231119977201482
width: 0.034274193548387094
height: 0.038472499287546306
Area: 0.0003626619108467627
CentroidX: 0.6450
CentroidY: 0.2293
