Location: internet_30.png_Gaussian-Closing.png
Component: component_1755078354291_291.png
centerX: 0.2994760177347844
centerY: 0.5953806672369547
width: 0.039500201531640466
height: 0.03279155973766752
Area: 0.00038432951566780646
CentroidX: 0.3204
CentroidY: 0.6103
