Location: Dedata_24.png_Mean-Medain.png
Component: component_1755507995397_110.png
centerX: 0.8790322580645161
centerY: 0.2413793103448276
width: 0.034274193548387094
height: 0.034482758620689655
Area: 0.0004656229603140312
CentroidX: 0.8969
CentroidY: 0.2565
