Location: internet_30.png_Gaussian-Closing.png
Component: component_1755078354074_151.png
centerX: 0.28335348649738007
centerY: 0.28799543769603647
width: 0.03466344216041919
height: 0.03022526375819789
Area: 0.00036835409620673436
CentroidX: 0.3000
CentroidY: 0.3021
