Location: internet_30.png_Mean-Closing.png
Component: component_1755078353384_336.png
centerX: 0.44417573559048773
centerY: 0.7476475620188195
width: 0.03990326481257558
height: 0.029654975762760195
Area: 0.0003576655062075998
CentroidX: 0.4645
CentroidY: 0.7621
