Location: Dedata_24.png_Mean-Closing.png
Component: component_1755507996125_67.png
centerX: 0.4044354838709677
centerY: 0.140210886292391
width: 0.03467741935483871
height: 0.03277286976346538
Area: 0.0002863604188308405
CentroidX: 0.4206
CentroidY: 0.1533
