Location: Dedata_24.png_Mean-Medain.png
Component: component_1755507995397_109.png
centerX: 0.2903225806451613
centerY: 0.2396694214876033
width: 0.031451612903225803
height: 0.0353377030493018
Area: 0.00030520596806368874
CentroidX: 0.3056
CentroidY: 0.2544
