Location: internet_30.png_Mean-Closing.png
Component: component_1755078353379_312.png
centerX: 0.6332124143490528
centerY: 0.679213002566296
width: 0.036275695284159616
height: 0.029940119760479042
Area: 0.00032651918481227214
CentroidX: 0.6513
CentroidY: 0.6943
