Location: internet_30.png_Mean-Closing.png
Component: component_1755078353357_218.png
centerX: 0.1185006045949214
centerY: 0.44510978043912175
width: 0.03788794840790004
height: 0.03222127174222983
Area: 0.0004069709374939302
CentroidX: 0.1377
CentroidY: 0.4605
