Location: Dedata_24.png_Otsu.png
Component: component_1755507995316_577.png
centerX: 0.02056451612903226
centerY: 0.7286976346537475
width: 0.04233870967741935
height: 0.031917925334853235
Area: 0.0004389634028626849
CentroidX: 0.0405
CentroidY: 0.7429
