Location: internet_30.png_Mean-Closing.png
Component: component_1755078353306_7.png
centerX: 0.6400644901249496
centerY: 0.009409751924721984
width: 0.032245062474808545
height: 0.03735386370116909
Area: 0.000430072083621092
CentroidX: 0.6542
CentroidY: 0.0255
