Location: internet_30.png_Mean-Closing.png
Component: component_1755078353311_26.png
centerX: 0.7347843611446997
centerY: 0.05645851154833191
width: 0.029826682789197905
height: 0.03649843170801255
Area: 0.0004072007996444492
CentroidX: 0.7485
CentroidY: 0.0726
