Location: Dedata_24.png_Gaussian-Median.png
Component: component_1755507995881_289.png
centerX: 0.8959677419354839
centerY: 0.7292675976061556
width: 0.03870967741935484
height: 0.03875748076375036
Area: 0.0004989474071282141
CentroidX: 0.9139
CentroidY: 0.7468
