Location: internet_30.png_Mean-Closing.png
Component: component_1755078353365_253.png
centerX: 0.34421604191858124
centerY: 0.5377815796977473
width: 0.042724707779121324
height: 0.0290846877673225
Area: 0.0003688138205077724
CentroidX: 0.3659
CentroidY: 0.5522
