Location: Dedata_24.png_Mean-Medain.png
Component: component_1755507995528_198.png
centerX: 0.8016129032258065
centerY: 0.4596751211171274
width: 0.03669354838709677
height: 0.03761755485893417
Area: 0.0005014754686106693
CentroidX: 0.8197
CentroidY: 0.4766
