Location: internet_30.png_Gaussian-Median.png
Component: component_1755078353957_388.png
centerX: 0.9089076985086658
centerY: 0.716852010265184
width: 0.03466344216041919
height: 0.031080695751354435
Area: 0.0003482411580363198
CentroidX: 0.9271
CentroidY: 0.7321
