Location: internet_30.png_Mean-Medain.png
Component: component_1755078353760_345.png
centerX: 0.8669891172914147
centerY: 0.7179925862560593
width: 0.03506650544135429
height: 0.02879954376960365
Area: 0.0003422647421228252
CentroidX: 0.8852
CentroidY: 0.7326
