Location: internet_30.png_Mean-Medain.png
Component: component_1755078353728_316.png
centerX: 0.9048770656993148
centerY: 0.6575420587396635
width: 0.04312777106005643
height: 0.028514399771884802
Area: 0.00038375486029150886
CentroidX: 0.9283
CentroidY: 0.6716
