Location: Dedata_24.png_Gaussian-Median.png
Component: component_1755507995782_159.png
centerX: 0.5177419354838709
centerY: 0.353662011969222
width: 0.03508064516129032
height: 0.03305785123966942
Area: 0.0004728624091046985
CentroidX: 0.5352
CentroidY: 0.3696
