Location: Dedata_24.png_Gaussian-Median.png
Component: component_1755507995899_306.png
centerX: 0.3096774193548387
centerY: 0.7876888002279852
width: 0.04435483870967742
height: 0.04588201766885153
Area: 0.0005495086367773191
CentroidX: 0.3305
CentroidY: 0.8078
