Location: Dedata_24.png_Mean-Closing.png
Component: component_1755507996131_91.png
centerX: 0.24475806451612903
centerY: 0.19863208891422057
width: 0.03064516129032258
height: 0.03761755485893417
Area: 0.0003289927283758814
CentroidX: 0.2597
CentroidY: 0.2143
