Location: Samociqulo_1709_page_10.png_Gaussian-Median.png
Component: component_1755610056287_3042.png
centerX: 0.6294840294840295
centerY: 0.7578125
width: 0.01769041769041769
height: 0.0146875
Area: 0.0001464987714987715
CentroidX: 0.6376
CentroidY: 0.7653
