Location: Dedata_24.png_Otsu.png
Component: component_1755507995236_377.png
centerX: 0.6733870967741935
centerY: 0.2542034767740097
width: 0.03024193548387097
height: 0.0353377030493018
Area: 0.0003888618207558444
CentroidX: 0.6891
CentroidY: 0.2695
