Location: Dedata_24.png_Otsu.png
Component: component_1755507995204_47.png
centerX: 0.06693548387096775
centerY: 0.06583072100313479
width: 0.02943548387096774
height: 0.030777999430037048
Area: 0.000209024719844823
CentroidX: 0.0818
CentroidY: 0.0789
