Location: Dedata_24.png_Gaussian-Median.png
Component: component_1755507995823_205.png
centerX: 0.2979838709677419
centerY: 0.4744941578797378
width: 0.039919354838709675
height: 0.030208036477628954
Area: 0.0004863070997159378
CentroidX: 0.3155
CentroidY: 0.4909
