Location: Dedata_24.png_Otsu.png
Component: component_1755507995218_189.png
centerX: 0.020161290322580645
centerY: 0.16927899686520376
width: 0.029838709677419355
height: 0.039612425192362494
Area: 0.00019615458866141443
CentroidX: 0.0347
CentroidY: 0.1880
