Location: Dedata_24.png_Otsu.png
Component: component_1755507995275_480.png
centerX: 0.6895161290322581
centerY: 0.42918210316329436
width: 0.039112903225806454
height: 0.04018238814477059
Area: 0.0004821702718355565
CentroidX: 0.7079
CentroidY: 0.4463
