Location: Dedata_24.png_Mean-Closing.png
Component: component_1755507996155_179.png
centerX: 0.855241935483871
centerY: 0.4132231404958678
width: 0.0375
height: 0.033912795668281565
Area: 0.0004961895218746265
CentroidX: 0.8734
CentroidY: 0.4293
