Location: Dedata_24.png_Mean-Closing.png
Component: component_1755507996125_68.png
centerX: 0.3512096774193548
centerY: 0.1433456825306355
width: 0.03225806451612903
height: 0.03505272157309775
Area: 0.00028383235734838523
CentroidX: 0.3655
CentroidY: 0.1573
