Location: Dedata_24.png_Otsu.png
Component: component_1755507995234_357.png
centerX: 0.8290322580645161
centerY: 0.2450840695354802
width: 0.03185483870967742
height: 0.030208036477628954
Area: 0.0003966758289743425
CentroidX: 0.8460
CentroidY: 0.2582
