Location: internet_30.png_Mean-Medain.png
Component: component_1755078353762_348.png
centerX: 0.7678355501813785
centerY: 0.7245508982035929
width: 0.04070939137444579
height: 0.029369831765041345
Area: 0.00034640226083216765
CentroidX: 0.7894
CentroidY: 0.7399
