Location: internet_30.png_Mean-Medain.png
Component: component_1755078353743_328.png
centerX: 0.5804111245465539
centerY: 0.6837753065297976
width: 0.03385731559854897
height: 0.029940119760479042
Area: 0.0003536429185735169
CentroidX: 0.5983
CentroidY: 0.6994
