Location: Dedata_24.png_Gaussian-Median.png
Component: component_1755507995895_295.png
centerX: 0.7375
centerY: 0.7486463379880308
width: 0.04395161290322581
height: 0.03875748076375036
Area: 0.0005383621838774028
CentroidX: 0.7593
CentroidY: 0.7666
