Location: Dedata_24.png_Otsu.png
Component: component_1755507995319_588.png
centerX: 0.13185483870967743
centerY: 0.7552009119407238
width: 0.038306451612903226
height: 0.04018238814477059
Area: 0.0004843535976613133
CentroidX: 0.1496
CentroidY: 0.7732
