Location: Dedata_24.png_Mean-Closing.png
Component: component_1755507996150_154.png
centerX: 0.1842741935483871
centerY: 0.3448275862068966
width: 0.0375
height: 0.029353092049016812
Area: 0.0004563150975831732
CentroidX: 0.1997
CentroidY: 0.3594
