Location: internet_30.png_Mean-Closing.png
Component: component_1755078353384_334.png
centerX: 0.5538089480048367
centerY: 0.7408041060735672
width: 0.0354695687222894
height: 0.033361847733105215
Area: 0.00033054177244635504
CentroidX: 0.5736
CentroidY: 0.7576
