Location: Dedata_24.png_Mean-Closing.png
Component: component_1755507996126_71.png
centerX: 0.24233870967741936
centerY: 0.14933029353092048
width: 0.037096774193548385
height: 0.03334283271587347
Area: 0.00029440425082047085
CentroidX: 0.2585
CentroidY: 0.1637
