Location: internet_30.png_Gaussian-Closing.png
Component: component_1755078354262_213.png
centerX: 0.879081015719468
centerY: 0.405189620758483
width: 0.03506650544135429
height: 0.027944111776447105
Area: 0.0003858236196461801
CentroidX: 0.8970
CentroidY: 0.4193
