Location: internet_30.png_Gaussian-Median.png
Component: component_1755078353875_93.png
centerX: 0.2857718661829907
centerY: 0.15483319076133448
width: 0.035872632003224506
height: 0.03022526375819789
Area: 0.00037743365115223574
CentroidX: 0.3013
CentroidY: 0.1692
