Location: Dedata_24.png_Gaussian-Median.png
Component: component_1755507995755_42.png
centerX: 0.7677419354838709
centerY: 0.0834995725277857
width: 0.0375
height: 0.03277286976346538
Area: 0.00026659557451346307
CentroidX: 0.7871
CentroidY: 0.0986
