Location: Dedata_24.png_Mean-Medain.png
Component: component_1755507995381_38.png
centerX: 0.014919354838709677
centerY: 0.06697064690795099
width: 0.031048387096774193
height: 0.03362781419207751
Area: 0.00034427600915617904
CentroidX: 0.0294
CentroidY: 0.0824
