Location: Dedata_24.png_Otsu.png
Component: component_1755507995207_66.png
centerX: 0.3951612903225806
centerY: 0.09774864633798803
width: 0.035483870967741936
height: 0.03134796238244514
Area: 0.00016616258652864984
CentroidX: 0.4117
CentroidY: 0.1111
