Location: internet_30.png_Gaussian-Closing.png
Component: component_1755078354305_339.png
centerX: 0.12011285771866183
centerY: 0.7074422583404619
width: 0.04030632809351068
height: 0.031936127744510975
Area: 0.0003791576172811284
CentroidX: 0.1418
CentroidY: 0.7231
