Location: Dedata_24.png_Gaussian-Median.png
Component: component_1755507995907_311.png
centerX: 0.017741935483870968
centerY: 0.8190367626104303
width: 0.04516129032258064
height: 0.04018238814477059
Area: 0.0005681243622390351
CentroidX: 0.0392
CentroidY: 0.8370
