Location: internet_30.png_Gaussian-Median.png
Component: component_1755078353919_230.png
centerX: 0.928254735993551
centerY: 0.4049044767607642
width: 0.030229746070133012
height: 0.026518391787852865
Area: 0.0002069908665423802
CentroidX: 0.9396
CentroidY: 0.4199
