Location: internet_30.png_Mean-Medain.png
Component: component_1755078353474_133.png
centerX: 0.06892382103990327
centerY: 0.24265754205873966
width: 0.037081821846029824
height: 0.029369831765041345
Area: 0.0003568609886807832
CentroidX: 0.0872
CentroidY: 0.2561
