Location: Dedata_24.png_Gaussian-Median.png
Component: component_1755507995854_271.png
centerX: 0.9193548387096774
centerY: 0.6734112282701624
width: 0.04959677419354839
height: 0.036477628954117984
Area: 0.0005241131100672005
CentroidX: 0.9425
CentroidY: 0.6901
