Location: internet_30.png_Gaussian-Median.png
Component: component_1755078353950_350.png
centerX: 0.9048770656993148
centerY: 0.6575420587396635
width: 0.042724707779121324
height: 0.028514399771884802
Area: 0.0003531831942724788
CentroidX: 0.9281
CentroidY: 0.6713
