Location: Dedata_24.png_Mean-Medain.png
Component: component_1755507995536_202.png
centerX: 0.6887096774193548
centerY: 0.4716443431176974
width: 0.039919354838709675
height: 0.03875748076375036
Area: 0.0005007859972972724
CentroidX: 0.7071
CentroidY: 0.4890
