Location: Dedata_24.png_Gaussian-Median.png
Component: component_1755507995839_233.png
centerX: 0.8520161290322581
centerY: 0.5594186377885437
width: 0.03790322580645161
height: 0.039612425192362494
Area: 0.0005146903354507764
CentroidX: 0.8707
CentroidY: 0.5766
