Location: Dedata_24.png_Otsu.png
Component: component_1755507995311_556.png
centerX: 0.06290322580645161
centerY: 0.6640068395554289
width: 0.03588709677419355
height: 0.03676261043032203
Area: 0.00046148613243364987
CentroidX: 0.0801
CentroidY: 0.6805
