Location: Dedata_24.png_Mean-Closing.png
Component: component_1755507996165_217.png
centerX: 0.011693548387096775
centerY: 0.5158164719293246
width: 0.0375
height: 0.04103733257338273
Area: 0.0005647919175576168
CentroidX: 0.0302
CentroidY: 0.5338
