Location: internet_30.png_Mean-Medain.png
Component: component_1755078353725_307.png
centerX: 0.3490528012898025
centerY: 0.6421442828628457
width: 0.039500201531640466
height: 0.032506415739948676
Area: 0.00043168111867472516
CentroidX: 0.3707
CentroidY: 0.6577
