Location: internet_30.png_Mean-Medain.png
Component: component_1755078353464_95.png
centerX: 0.9266424828698105
centerY: 0.18106643855146848
width: 0.03305118903667876
height: 0.029369831765041345
Area: 0.00032215180395241073
CentroidX: 0.9420
CentroidY: 0.1953
