Location: Dedata_24.png_Otsu.png
Component: component_1755507995269_469.png
centerX: 0.12419354838709677
centerY: 0.40096893701909375
width: 0.03225806451612903
height: 0.031917925334853235
Area: 0.0003996635379990623
CentroidX: 0.1409
CentroidY: 0.4157
