Location: internet_30.png_Mean-Closing.png
Component: component_1755078353358_221.png
centerX: 0.0592503022974607
centerY: 0.44938694040490446
width: 0.04030632809351068
height: 0.031936127744510975
Area: 0.000410074076525937
CentroidX: 0.0792
CentroidY: 0.4633
