Location: Dedata_24.png_Gaussian-Median.png
Component: component_1755507995801_189.png
centerX: 0.23588709677419356
centerY: 0.4334568253063551
width: 0.03790322580645161
height: 0.03505272157309775
Area: 0.000470908907050074
CentroidX: 0.2545
CentroidY: 0.4498
