Location: Dedata_24.png_Mean-Medain.png
Component: component_1755507995435_171.png
centerX: 0.23911290322580644
centerY: 0.38643488173268736
width: 0.03669354838709677
height: 0.03590766600170989
Area: 0.000508944741172469
CentroidX: 0.2578
CentroidY: 0.4025
