Location: Dedata_24.png_Mean-Closing.png
Component: component_1755507996123_58.png
centerX: 0.8463709677419354
centerY: 0.12539184952978055
width: 0.03387096774193549
height: 0.032487888287261325
Area: 0.0002799253532391362
CentroidX: 0.8628
CentroidY: 0.1382
