Location: Dedata_24.png_Gaussian-Median.png
Component: component_1755507995884_293.png
centerX: 0.2899193548387097
centerY: 0.7403818751781134
width: 0.0407258064516129
height: 0.037902536335138216
Area: 0.000513656128480681
CentroidX: 0.3090
CentroidY: 0.7568
