Location: internet_30.png_Mean-Medain.png
Component: component_1755078353698_287.png
centerX: 0.34744054816606207
centerY: 0.5919589392643285
width: 0.037484885126964934
height: 0.033361847733105215
Area: 0.0004329453605025798
CentroidX: 0.3664
CentroidY: 0.6078
