Location: Dedata_24.png_Gaussian-Median.png
Component: component_1755507995754_36.png
centerX: 0.11733870967741936
centerY: 0.06355086919350242
width: 0.03024193548387097
height: 0.030493017953833
Area: 0.00027808676307007786
CentroidX: 0.1328
CentroidY: 0.0762
