Location: Dedata_24.png_Otsu.png
Component: component_1755507995313_565.png
centerX: 0.8048387096774193
centerY: 0.6848104873183243
width: 0.04153225806451613
height: 0.0347677400968937
Area: 0.0005397411265041966
CentroidX: 0.8262
CentroidY: 0.7007
