Location: Dedata_24.png_Otsu.png
Component: component_1755507995209_74.png
centerX: 0.06814516129032258
centerY: 0.11114277571957823
width: 0.03669354838709677
height: 0.0353377030493018
Area: 0.00018707654970168873
CentroidX: 0.0865
CentroidY: 0.1269
