Location: Dedata_24.png_Mean-Closing.png
Component: component_1755507996170_236.png
centerX: 0.018145161290322582
centerY: 0.5691080079794814
width: 0.039112903225806454
height: 0.03932744371615845
Area: 0.0005835225549048989
CentroidX: 0.0363
CentroidY: 0.5868
