Location: Dedata_24.png_Mean-Closing.png
Component: component_1755507996161_203.png
centerX: 0.29758064516129035
centerY: 0.4744941578797378
width: 0.04032258064516129
height: 0.029923055001424906
Area: 0.0005126219215105857
CentroidX: 0.3153
CentroidY: 0.4909
