Location: Dedata_24.png_Mean-Medain.png
Component: component_1755507995375_10.png
centerX: 0.4435483870967742
centerY: 0.00883442576232545
width: 0.0375
height: 0.034482758620689655
Area: 0.0003346234107686226
CentroidX: 0.4595
CentroidY: 0.0221
