Location: internet_30.png_Mean-Closing.png
Component: component_1755078353373_286.png
centerX: 0.7339782345828295
centerY: 0.6164813230681494
width: 0.041515517936316
height: 0.02594810379241517
Area: 0.00038973127620500346
CentroidX: 0.7520
CentroidY: 0.6308
