Location: Dedata_24.png_Otsu.png
Component: component_1755507995244_437.png
centerX: 0.4528225806451613
centerY: 0.3183243089199202
width: 0.032661290322580645
height: 0.03676261043032203
Area: 0.0004116143740979417
CentroidX: 0.4689
CentroidY: 0.3350
