Location: internet_30.png_Mean-Medain.png
Component: component_1755078353466_102.png
centerX: 0.6775493752519145
centerY: 0.18591388651268892
width: 0.0354695687222894
height: 0.02765896777872826
Area: 0.00032651918481227214
CentroidX: 0.6928
CentroidY: 0.1989
