Location: Dedata_24.png_Otsu.png
Component: component_1755507995247_449.png
centerX: 0.5725806451612904
centerY: 0.3459675121117127
width: 0.037096774193548385
height: 0.031062980906241093
Area: 0.0004205775011721012
CentroidX: 0.5920
CentroidY: 0.3624
