Location: Dedata_24.png_Mean-Medain.png
Component: component_1755507995406_143.png
centerX: 0.45241935483870965
centerY: 0.31803932744371616
width: 0.03346774193548387
height: 0.03733257338273012
Area: 0.0004714834664779047
CentroidX: 0.4690
CentroidY: 0.3349
