Location: Dedata_24.png_Mean-Closing.png
Component: component_1755507996179_273.png
centerX: 0.7471774193548387
centerY: 0.6888002279851809
width: 0.04395161290322581
height: 0.038472499287546306
Area: 0.0006046663418490701
CentroidX: 0.7676
CentroidY: 0.7072
