Location: Dedata_24.png_Mean-Medain.png
Component: component_1755507995383_44.png
centerX: 0.7165322580645161
centerY: 0.08406953548019379
width: 0.031451612903225803
height: 0.033912795668281565
Area: 0.00026464207245883856
CentroidX: 0.7317
CentroidY: 0.0988
