Location: internet_30.png_Gaussian-Median.png
Component: component_1755078353881_126.png
centerX: 0.7670294236195082
centerY: 0.2226974622184203
width: 0.03466344216041919
height: 0.025092671799258625
Area: 0.00032778342664012677
CentroidX: 0.7823
CentroidY: 0.2364
