Location: Dedata_24.png_Otsu.png
Component: component_1755507995308_543.png
centerX: 0.4044354838709677
centerY: 0.6195497292675977
width: 0.03951612903225806
height: 0.03761755485893417
Area: 0.00044275549508636776
CentroidX: 0.4224
CentroidY: 0.6357
