Location: internet_30.png_Gaussian-Median.png
Component: component_1755078353875_92.png
centerX: 0.39903264812575573
centerY: 0.1536926147704591
width: 0.03385731559854897
height: 0.026803535785571715
Area: 0.00031479621513580197
CentroidX: 0.4159
CentroidY: 0.1661
