Location: Dedata_24.png_Mean-Medain.png
Component: component_1755507995393_91.png
centerX: 0.24475806451612903
centerY: 0.19834710743801653
width: 0.03064516129032258
height: 0.037902536335138216
Area: 0.0003283032570624845
CentroidX: 0.2597
CentroidY: 0.2143
