Location: Dedata_24.png_Mean-Medain.png
Component: component_1755507995407_146.png
centerX: 0.8991935483870968
centerY: 0.3237389569677971
width: 0.03185483870967742
height: 0.03305785123966942
Area: 0.00044861600125024133
CentroidX: 0.9156
CentroidY: 0.3396
