Location: Dedata_24.png_Otsu.png
Component: component_1755507995302_520.png
centerX: 0.4786290322580645
centerY: 0.5505842120262183
width: 0.038306451612903226
height: 0.037902536335138216
Area: 0.00044896073690693975
CentroidX: 0.4967
CentroidY: 0.5675
