Location: Dedata_24.png_Gaussian-Median.png
Component: component_1755507995770_106.png
centerX: 0.4842741935483871
centerY: 0.22713023653462525
width: 0.027016129032258064
height: 0.03419777714448561
Area: 0.00021614925674992417
CentroidX: 0.4968
CentroidY: 0.2421
