Location: internet_30.png_Mean-Closing.png
Component: component_1755078353358_220.png
centerX: 0.009673518742442563
centerY: 0.4491017964071856
width: 0.036275695284159616
height: 0.033361847733105215
Area: 0.00043363494695413687
CentroidX: 0.0252
CentroidY: 0.4646
