Location: internet_30.png_Mean-Closing.png
Component: component_1755078353321_69.png
centerX: 0.8299072954453849
centerY: 0.14342743085258056
width: 0.03385731559854897
height: 0.031936127744510975
Area: 0.0004070858685691897
CentroidX: 0.8486
CentroidY: 0.1584
