Location: internet_30.png_Mean-Medain.png
Component: component_1755078353697_282.png
centerX: 0.5562273276904474
centerY: 0.5782720273738238
width: 0.039500201531640466
height: 0.031080695751354435
Area: 0.00038444444674306594
CentroidX: 0.5762
CentroidY: 0.5930
