Location: Dedata_24.png_Gaussian-Median.png
Component: component_1755507995747_13.png
centerX: 0.5528225806451613
centerY: 0.009404388714733543
width: 0.03669354838709677
height: 0.03163294385864919
Area: 0.00031428400702341447
CentroidX: 0.5695
CentroidY: 0.0218
