Location: Dedata_24.png_Mean-Closing.png
Component: component_1755507996152_164.png
centerX: 0.8475806451612903
centerY: 0.3696209746366486
width: 0.039112903225806454
height: 0.03733257338273012
Area: 0.0005302034400022064
CentroidX: 0.8669
CentroidY: 0.3865
