Location: Dedata_24.png_Mean-Medain.png
Component: component_1755507995500_192.png
centerX: 0.4588709677419355
centerY: 0.44770589911655745
width: 0.03951612903225806
height: 0.03619264747791394
Area: 0.0004829746550345195
CentroidX: 0.4769
CentroidY: 0.4637
