Location: Dedata_24.png_Gaussian-Median.png
Component: component_1755507995785_169.png
centerX: 0.7391129032258065
centerY: 0.3776004559703619
width: 0.03467741935483871
height: 0.037047591906526074
Area: 0.0004780334439551752
CentroidX: 0.7566
CentroidY: 0.3947
