Location: internet_30.png_Gaussian-Closing.png
Component: component_1755078354278_247.png
centerX: 0.5078597339782346
centerY: 0.47476475620188197
width: 0.044740024183796856
height: 0.03136583974907328
Area: 0.00035375784964877637
CentroidX: 0.5298
CentroidY: 0.4890
