Location: Dedata_24.png_Mean-Closing.png
Component: component_1755507996174_252.png
centerX: 0.7963709677419355
centerY: 0.6195497292675977
width: 0.043548387096774194
height: 0.04075235109717868
Area: 0.000601448809053218
CentroidX: 0.8174
CentroidY: 0.6385
