Location: internet_30.png_Mean-Closing.png
Component: component_1755078353378_306.png
centerX: 0.06449012494961709
centerY: 0.6615340747077274
width: 0.039500201531640466
height: 0.029654975762760195
Area: 0.0002636518866453194
CentroidX: 0.0803
CentroidY: 0.6781
