Location: internet_30.png_Gaussian-Median.png
Component: component_1755078353948_339.png
centerX: 0.4546553808948005
centerY: 0.6372968349016254
width: 0.03829101168883515
height: 0.03364699173082407
Area: 0.00025445740062455846
CentroidX: 0.4697
CentroidY: 0.6561
