Location: internet_30.png_Gaussian-Closing.png
Component: component_1755078354049_78.png
centerX: 0.9343006852075776
centerY: 0.14399771884801824
width: 0.028617492946392584
height: 0.02879954376960365
Area: 0.000194808172564872
CentroidX: 0.9468
CentroidY: 0.1586
