Location: internet_30.png_Mean-Closing.png
Component: component_1755078353356_213.png
centerX: 0.34582829504232165
centerY: 0.43855146849158827
width: 0.032245062474808545
height: 0.02623324779013402
Area: 0.00023342501385206784
CentroidX: 0.3589
CentroidY: 0.4523
