Location: Dedata_24.png_Gaussian-Median.png
Component: component_1755507995768_97.png
centerX: 0.18508064516129033
centerY: 0.2049016813907096
width: 0.029838709677419355
height: 0.03505272157309775
Area: 0.0002771674679855487
CentroidX: 0.2007
CentroidY: 0.2200
