Location: internet_30.png_Gaussian-Median.png
Component: component_1755078353942_311.png
centerX: 0.5054413542926239
centerY: 0.5825491873396065
width: 0.035872632003224506
height: 0.027088679783290562
Area: 0.0003509995038425481
CentroidX: 0.5244
CentroidY: 0.5962
