Location: internet_30.png_Mean-Closing.png
Component: component_1755078353340_141.png
centerX: 0.23135832325675132
centerY: 0.28771029369831763
width: 0.037484885126964934
height: 0.03051040775591674
Area: 0.0003998452108278405
CentroidX: 0.2498
CentroidY: 0.3024
