Location: Dedata_24.png_Gaussian-Median.png
Component: component_1755507995750_21.png
centerX: 0.9379032258064516
centerY: 0.04331718438301511
width: 0.03508064516129032
height: 0.029068110572812767
Area: 0.0002497035273352393
CentroidX: 0.9557
CentroidY: 0.0566
