Location: internet_30.png_Gaussian-Median.png
Component: component_1755078353951_354.png
centerX: 0.06449012494961709
centerY: 0.6615340747077274
width: 0.039500201531640466
height: 0.029654975762760195
Area: 0.00025928450578545793
CentroidX: 0.0806
CentroidY: 0.6781
