Location: internet_30.png_Mean-Closing.png
Component: component_1755078353349_180.png
centerX: 0.6989117291414753
centerY: 0.365839749073282
width: 0.035872632003224506
height: 0.031080695751354435
Area: 0.00036272247351901827
CentroidX: 0.7161
CentroidY: 0.3802
