Location: internet_30.png_Gaussian-Closing.png
Component: component_1755078354285_269.png
centerX: 0.2898024989923418
centerY: 0.5397775876817793
width: 0.03667875856509472
height: 0.03165098374679213
Area: 0.00034835608911157936
CentroidX: 0.3091
CentroidY: 0.5543
