Location: Dedata_24.png_Mean-Medain.png
Component: component_1755507995376_13.png
centerX: 0.5528225806451613
centerY: 0.009404388714733543
width: 0.03669354838709677
height: 0.03163294385864919
Area: 0.00033542779396758565
CentroidX: 0.5694
CentroidY: 0.0217
