Location: Dedata_24.png_Otsu.png
Component: component_1755507995258_465.png
centerX: 0.23951612903225805
centerY: 0.3867198632088914
width: 0.035483870967741936
height: 0.0353377030493018
Area: 0.0004418362000018386
CentroidX: 0.2577
CentroidY: 0.4025
