Location: internet_30.png_Gaussian-Median.png
Component: component_1755078353948_341.png
centerX: 0.3490528012898025
centerY: 0.6421442828628457
width: 0.03990326481257558
height: 0.032506415739948676
Area: 0.00041961335577247647
CentroidX: 0.3707
CentroidY: 0.6577
