Location: internet_30.png_Gaussian-Median.png
Component: component_1755078353944_324.png
centerX: 0.12172511084240226
centerY: 0.6047904191616766
width: 0.041515517936316
height: 0.03165098374679213
Area: 0.00039202989771019373
CentroidX: 0.1404
CentroidY: 0.6205
