Location: internet_30.png_Mean-Closing.png
Component: component_1755078353358_222.png
centerX: 0.9367190648931882
centerY: 0.45052751639577987
width: 0.035872632003224506
height: 0.03051040775591674
Area: 0.000340195982768154
CentroidX: 0.9546
CentroidY: 0.4651
