Location: internet_30.png_Mean-Closing.png
Component: component_1755078353350_185.png
centerX: 0.5231761386537687
centerY: 0.37610493299116055
width: 0.03184199919387344
height: 0.028514399771884802
Area: 0.00035352798749825734
CentroidX: 0.5400
CentroidY: 0.3906
