Location: internet_30.png_Mean-Medain.png
Component: component_1755078353705_300.png
centerX: 0.6739218057234986
centerY: 0.6176218990590248
width: 0.04232164449818621
height: 0.03051040775591674
Area: 0.00042467032308389496
CentroidX: 0.6944
CentroidY: 0.6335
