Location: internet_30.png_Mean-Medain.png
Component: component_1755078353468_111.png
centerX: 0.12011285771866183
centerY: 0.20045623039635016
width: 0.035872632003224506
height: 0.03136583974907328
Area: 0.000354562367175593
CentroidX: 0.1374
CentroidY: 0.2138
