Location: Dedata_24.png_Mean-Closing.png
Component: component_1755507996180_275.png
centerX: 0.6887096774193548
centerY: 0.69506982046167
width: 0.046370967741935484
height: 0.040467369620974636
Area: 0.000571226983149321
CentroidX: 0.7102
CentroidY: 0.7138
