Location: internet_30.png_Gaussian-Median.png
Component: component_1755078353868_61.png
centerX: 0.6662636033857315
centerY: 0.10265183917878529
width: 0.027005239822652155
height: 0.034787567721699456
Area: 0.00023756253256141025
CentroidX: 0.6781
CentroidY: 0.1203
