Location: internet_30.png_Mean-Medain.png
Component: component_1755078353462_82.png
centerX: 0.5078597339782346
centerY: 0.15283718277730254
width: 0.03345425231761386
height: 0.02480752780153978
Area: 0.00033835708556400186
CentroidX: 0.5243
CentroidY: 0.1645
