Location: Dedata_24.png_Mean-Medain.png
Component: component_1755507995636_304.png
centerX: 0.25120967741935485
centerY: 0.7950983186092904
width: 0.046370967741935484
height: 0.03875748076375036
Area: 0.0005542200240855312
CentroidX: 0.2727
CentroidY: 0.8120
