Location: internet_30.png_Gaussian-Closing.png
Component: component_1755078354288_281.png
centerX: 0.7101975010076582
centerY: 0.5660108354719133
width: 0.03829101168883515
height: 0.026803535785571715
Area: 0.00034375884610119887
CentroidX: 0.7252
CentroidY: 0.5813
