Location: internet_30.png_Mean-Closing.png
Component: component_1755078353369_269.png
centerX: 0.5562273276904474
centerY: 0.5782720273738238
width: 0.03869407496977025
height: 0.03051040775591674
Area: 0.00037329613244289336
CentroidX: 0.5761
CentroidY: 0.5928
