Location: internet_30.png_Mean-Medain.png
Component: component_1755078353731_321.png
centerX: 0.8577186618299073
centerY: 0.6618192187054462
width: 0.036275695284159616
height: 0.02480752780153978
Area: 0.00033111642782265264
CentroidX: 0.8723
CentroidY: 0.6755
