Location: internet_30.png_Gaussian-Median.png
Component: component_1755078353886_143.png
centerX: 0.12615880693268844
centerY: 0.24066153407470772
width: 0.03990326481257558
height: 0.028229255774165955
Area: 0.00032973725491953847
CentroidX: 0.1434
CentroidY: 0.2544
