Location: Dedata_24.png_Mean-Closing.png
Component: component_1755507996176_259.png
centerX: 0.6330645161290323
centerY: 0.640068395554289
width: 0.0407258064516129
height: 0.042462239954402965
Area: 0.0005519217863742083
CentroidX: 0.6523
CentroidY: 0.6587
