Location: Dedata_24.png_Gaussian-Median.png
Component: component_1755507995783_161.png
centerX: 0.46088709677419354
centerY: 0.35907666001709887
width: 0.0375
height: 0.03505272157309775
Area: 0.0004790676509252705
CentroidX: 0.4800
CentroidY: 0.3757
