Location: Paraklitoni_1720_page_10.png_Mean-Medain.png
Component: component_1755610055168_133.png
centerX: 0.7317073170731707
centerY: 0.05714285714285714
width: 0.010670731707317074
height: 0.012030075187969926
Area: 6.456690506754691e-05
CentroidX: 0.7365
CentroidY: 0.0630
