Location: internet_30.png_Mean-Medain.png
Component: component_1755078353449_47.png
centerX: 0.8307134220072552
centerY: 0.09723410322212718
width: 0.03184199919387344
height: 0.03507271171941831
Area: 0.00040444245383822094
CentroidX: 0.8465
CentroidY: 0.1138
