Location: internet_30.png_Mean-Medain.png
Component: component_1755078353770_360.png
centerX: 0.18016928657799275
centerY: 0.7550613059595096
width: 0.042724707779121324
height: 0.03364699173082407
Area: 0.0003818010320120972
CentroidX: 0.2028
CentroidY: 0.7713
