Location: Dedata_24.png_Mean-Closing.png
Component: component_1755507996106_2.png
centerX: 0.6088709677419355
centerY: 0.007124536905101168
width: 0.037096774193548385
height: 0.03277286976346538
Area: 0.0003324400849428658
CentroidX: 0.6247
CentroidY: 0.0199
