Location: internet_30.png_Gaussian-Closing.png
Component: component_1755078354301_328.png
centerX: 0.6783555018137848
centerY: 0.675506130595951
width: 0.035872632003224506
height: 0.028229255774165955
Area: 0.00030180900363147717
CentroidX: 0.6941
CentroidY: 0.6906
