Location: Dedata_24.png_Mean-Medain.png
Component: component_1755507995595_267.png
centerX: 0.419758064516129
centerY: 0.6719863208891422
width: 0.0375
height: 0.034482758620689655
Area: 0.000497338640730288
CentroidX: 0.4377
CentroidY: 0.6876
