Location: internet_30.png_Mean-Medain.png
Component: component_1755078353476_137.png
centerX: 0.8948004836759371
centerY: 0.2686056458511548
width: 0.023377670294236194
height: 0.018819503849443968
Area: 0.0001578003663313093
CentroidX: 0.9089
CentroidY: 0.2799
