Location: internet_30.png_Gaussian-Closing.png
Component: component_1755078354250_194.png
centerX: 0.6400644901249496
centerY: 0.3698317650413459
width: 0.03305118903667876
height: 0.026803535785571715
Area: 0.0002159554904126221
CentroidX: 0.6508
CentroidY: 0.3854
