Location: internet_30.png_Mean-Closing.png
Component: component_1755078353307_12.png
centerX: 0.6896412736799677
centerY: 0.010550327915597377
width: 0.032648125755743655
height: 0.03649843170801255
Area: 0.0004319109808252442
CentroidX: 0.7042
CentroidY: 0.0264
