Location: Dedata_24.png_Mean-Medain.png
Component: component_1755507995437_175.png
centerX: 0.12379032258064517
centerY: 0.4003989740666857
width: 0.03346774193548387
height: 0.03277286976346538
Area: 0.00046470366522950203
CentroidX: 0.1410
CentroidY: 0.4157
