Location: Dedata_24.png_Mean-Medain.png
Component: component_1755507995610_281.png
centerX: 0.08588709677419355
centerY: 0.7170133941293816
width: 0.03346774193548387
height: 0.03362781419207751
Area: 0.0005006710854117063
CentroidX: 0.1019
CentroidY: 0.7326
