Location: internet_30.png_Mean-Closing.png
Component: component_1755078353367_258.png
centerX: 0.10802095929060862
centerY: 0.5489021956087824
width: 0.04554615074566707
height: 0.033932135728542916
Area: 0.0004308766011479086
CentroidX: 0.1342
CentroidY: 0.5642
