Location: Dedata_24.png_Otsu.png
Component: component_1755507995215_153.png
centerX: 0.18629032258064515
centerY: 0.15218010829296097
width: 0.031451612903225803
height: 0.03134796238244514
Area: 0.000186501990273858
CentroidX: 0.2012
CentroidY: 0.1648
