Location: Dedata_24.png_Otsu.png
Component: component_1755507995243_427.png
centerX: 0.6830645161290323
centerY: 0.29524080934739244
width: 0.031451612903225803
height: 0.031917925334853235
Area: 0.00038265657893527243
CentroidX: 0.6980
CentroidY: 0.3093
