Location: Dedata_24.png_Mean-Medain.png
Component: component_1755507995382_43.png
centerX: 0.6592741935483871
centerY: 0.08406953548019379
width: 0.03508064516129032
height: 0.036477628954117984
Area: 0.0002631482179464786
CentroidX: 0.6757
CentroidY: 0.1002
