Location: Dedata_24.png_Gaussian-Median.png
Component: component_1755507995782_158.png
centerX: 0.13024193548387097
centerY: 0.35024223425477347
width: 0.03185483870967742
height: 0.031062980906241093
Area: 0.0004019617757103853
CentroidX: 0.1472
CentroidY: 0.3646
