Location: Dedata_24.png_Otsu.png
Component: component_1755507995280_490.png
centerX: 0.8540322580645161
centerY: 0.4562553434026788
width: 0.036290322580645164
height: 0.036477628954117984
Area: 0.0004543615955285487
CentroidX: 0.8721
CentroidY: 0.4725
