Location: internet_30.png_Gaussian-Median.png
Component: component_1755078353970_410.png
centerX: 0.019750100765820233
centerY: 0.7641859138865127
width: 0.03466344216041919
height: 0.03165098374679213
Area: 0.00021744959439099574
CentroidX: 0.0344
CentroidY: 0.7822
