Location: internet_30.png_Mean-Medain.png
Component: component_1755078353698_286.png
centerX: 0.40064490124949614
centerY: 0.5893926432848589
width: 0.03788794840790004
height: 0.03421727972626176
Area: 0.0002583650571833818
CentroidX: 0.4129
CentroidY: 0.6087
