Location: internet_30.png_Gaussian-Median.png
Component: component_1755078353952_365.png
centerX: 0.524788391777509
centerY: 0.6883376104932991
width: 0.03990326481257558
height: 0.0290846877673225
Area: 0.0003216920796513727
CentroidX: 0.5450
CentroidY: 0.7030
