Location: internet_30.png_Gaussian-Median.png
Component: component_1755078353948_343.png
centerX: 0.3014913341394599
centerY: 0.6481323068149415
width: 0.03788794840790004
height: 0.02623324779013402
Area: 0.00022526490750864254
CentroidX: 0.3158
CentroidY: 0.6640
