Location: Dedata_24.png_Mean-Closing.png
Component: component_1755507996161_205.png
centerX: 0.5717741935483871
centerY: 0.4793388429752066
width: 0.03387096774193549
height: 0.03590766600170989
Area: 0.0005466358396381655
CentroidX: 0.5890
CentroidY: 0.4980
