Location: Dedata_24.png_Gaussian-Median.png
Component: component_1755507995763_76.png
centerX: 0.9024193548387097
centerY: 0.15531490453120547
width: 0.031048387096774193
height: 0.03334283271587347
Area: 0.0002725709925629028
CentroidX: 0.9180
CentroidY: 0.1705
