Location: Dedata_24.png_Otsu.png
Component: component_1755507995198_9.png
centerX: 0.23790322580645162
centerY: 0.009119407238529496
width: 0.03387096774193549
height: 0.03419777714448561
Area: 0.00028291306226385605
CentroidX: 0.2522
CentroidY: 0.0217
