Location: Dedata_24.png_Otsu.png
Component: component_1755507995284_494.png
centerX: 0.35161290322580646
centerY: 0.46565973211741235
width: 0.03185483870967742
height: 0.03305785123966942
Area: 0.0004009275687402899
CentroidX: 0.3680
CentroidY: 0.4814
