Location: Dedata_24.png_Otsu.png
Component: component_1755507995237_386.png
centerX: 0.07903225806451612
centerY: 0.2607580507267028
width: 0.02943548387096774
height: 0.0347677400968937
Area: 0.00014628283032570624
CentroidX: 0.0945
CentroidY: 0.2753
