Location: Samociqulo_1709_page_10.png_Gaussian-Median.png
Component: component_1755610056227_2173.png
centerX: 0.5253071253071253
centerY: 0.5134375
width: 0.02113022113022113
height: 0.0146875
Area: 0.00013989557739557738
CentroidX: 0.5340
CentroidY: 0.5206
