Location: Dedata_24.png_Otsu.png
Component: component_1755507995245_438.png
centerX: 0.3967741935483871
centerY: 0.3220290681105728
width: 0.034274193548387094
height: 0.031917925334853235
Area: 0.00041172928598350787
CentroidX: 0.4138
CentroidY: 0.3370
