Location: Dedata_24.png_Mean-Medain.png
Component: component_1755507995493_188.png
centerX: 0.5693548387096774
centerY: 0.4334568253063551
width: 0.0467741935483871
height: 0.040467369620974636
Area: 0.0005823734360492375
CentroidX: 0.5916
CentroidY: 0.4512
