Location: internet_30.png_Mean-Medain.png
Component: component_1755078353510_172.png
centerX: 0.34784361144699716
centerY: 0.33704020530367834
width: 0.03143893591293833
height: 0.029940119760479042
Area: 0.00023859691223874585
CentroidX: 0.3595
CentroidY: 0.3536
