Location: internet_30.png_Mean-Closing.png
Component: component_1755078353328_91.png
centerX: 0.8806932688432084
centerY: 0.18192187054462503
width: 0.03385731559854897
height: 0.029654975762760195
Area: 0.00031284238685639026
CentroidX: 0.8976
CentroidY: 0.1949
