Location: internet_30.png_Mean-Closing.png
Component: component_1755078353368_263.png
centerX: 0.9218057234985892
centerY: 0.561163387510693
width: 0.03426037887948408
height: 0.028229255774165955
Area: 0.00023020694374480152
CentroidX: 0.9346
CentroidY: 0.5769
