Location: Dedata_24.png_Gaussian-Median.png
Component: component_1755507995766_91.png
centerX: 0.2955645161290323
centerY: 0.1957822741521801
width: 0.0407258064516129
height: 0.03134796238244514
Area: 0.0003123305049687899
CentroidX: 0.3157
CentroidY: 0.2101
