Location: Dedata_24.png_Mean-Closing.png
Component: component_1755507996130_89.png
centerX: 0.9209677419354839
centerY: 0.195212311199772
width: 0.036290322580645164
height: 0.03505272157309775
Area: 0.00042184153191332887
CentroidX: 0.9389
CentroidY: 0.2099
