Location: Dedata_24.png_Otsu.png
Component: component_1755507995300_513.png
centerX: 0.7024193548387097
centerY: 0.5223710458820177
width: 0.03790322580645161
height: 0.037902536335138216
Area: 0.0004706790832789417
CentroidX: 0.7200
CentroidY: 0.5392
