Location: Dedata_24.png_Mean-Closing.png
Component: component_1755507996111_25.png
centerX: 0.605241935483871
centerY: 0.04873183243089199
width: 0.03306451612903226
height: 0.030493017953833
Area: 0.0002956682815616985
CentroidX: 0.6218
CentroidY: 0.0623
