Location: Dedata_24.png_Gaussian-Median.png
Component: component_1755507995762_69.png
centerX: 0.3512096774193548
centerY: 0.1433456825306355
width: 0.03225806451612903
height: 0.03505272157309775
Area: 0.0002615394515485526
CentroidX: 0.3657
CentroidY: 0.1573
