Location: internet_30.png_Gaussian-Closing.png
Component: component_1755078354284_268.png
centerX: 0.34421604191858124
centerY: 0.5377815796977473
width: 0.042724707779121324
height: 0.02879954376960365
Area: 0.0003438737771764584
CentroidX: 0.3660
CentroidY: 0.5521
