Location: internet_30.png_Mean-Medain.png
Component: component_1755078353660_229.png
centerX: 0.23135832325675132
centerY: 0.44168805246649556
width: 0.026602176541717048
height: 0.02737382378100941
Area: 0.0002238857346055284
CentroidX: 0.2442
CentroidY: 0.4545
