Location: internet_30.png_Gaussian-Closing.png
Component: component_1755078354306_345.png
centerX: 0.909310761789601
centerY: 0.7171371542629028
width: 0.03385731559854897
height: 0.030795551753635585
Area: 0.0003466321229826867
CentroidX: 0.9271
CentroidY: 0.7321
