Location: Dedata_24.png_Otsu.png
Component: component_1755507995240_406.png
centerX: 0.4508064516129032
centerY: 0.2750071245369051
width: 0.037096774193548385
height: 0.033912795668281565
Area: 0.0003838056977909339
CentroidX: 0.4691
CentroidY: 0.2895
