Location: internet_30.png_Gaussian-Median.png
Component: component_1755078353922_244.png
centerX: 0.4635227730753728
centerY: 0.4311377245508982
width: 0.03305118903667876
height: 0.026803535785571715
Area: 0.00020561169363926605
CentroidX: 0.4774
CentroidY: 0.4459
