Location: Samociqulo_1709_page_10.png_Gaussian-Median.png
Component: component_1755610056143_1233.png
centerX: 0.5144963144963145
centerY: 0.2790625
width: 0.019656019656019656
height: 0.014375
Area: 0.00014926289926289927
CentroidX: 0.5224
CentroidY: 0.2865
