Location: internet_30.png_Mean-Closing.png
Component: component_1755078353365_250.png
centerX: 0.4615074566706973
centerY: 0.5297975477616196
width: 0.03305118903667876
height: 0.03364699173082407
Area: 0.0003929493463122698
CentroidX: 0.4786
CentroidY: 0.5464
