Location: Dedata_24.png_Otsu.png
Component: component_1755507995294_503.png
centerX: 0.4689516129032258
centerY: 0.4961527500712454
width: 0.034274193548387094
height: 0.03733257338273012
Area: 0.00043160904218645144
CentroidX: 0.4854
CentroidY: 0.5132
