Location: Dedata_24.png_Mean-Closing.png
Component: component_1755507996117_39.png
centerX: 0.9334677419354839
centerY: 0.07808492447990881
width: 0.028225806451612902
height: 0.0347677400968937
Area: 0.000257977183096002
CentroidX: 0.9484
CentroidY: 0.0931
