Location: internet_30.png_Mean-Closing.png
Component: component_1755078353342_149.png
centerX: 0.9673518742442564
centerY: 0.31308810949529514
width: 0.019750100765820233
height: 0.016538351867693184
Area: 0.00011849393859255636
CentroidX: 0.9795
CentroidY: 0.3225
