Location: internet_30.png_Gaussian-Closing.png
Component: component_1755078354295_306.png
centerX: 0.5118903667875857
centerY: 0.6327345309381237
width: 0.032648125755743655
height: 0.029940119760479042
Area: 0.00036812423405621533
CentroidX: 0.5282
CentroidY: 0.6477
