Location: internet_30.png_Mean-Closing.png
Component: component_1755078353377_302.png
centerX: 0.9048770656993148
centerY: 0.6578272027373824
width: 0.042724707779121324
height: 0.028229255774165955
Area: 0.00038076665233476156
CentroidX: 0.9283
CentroidY: 0.6716
