Location: internet_30.png_Mean-Medain.png
Component: component_1755078353744_329.png
centerX: 0.524788391777509
centerY: 0.6883376104932991
width: 0.03990326481257558
height: 0.029369831765041345
Area: 0.00035306826319721934
CentroidX: 0.5450
CentroidY: 0.7032
