Location: internet_30.png_Mean-Medain.png
Component: component_1755078353718_306.png
centerX: 0.40024183796856105
centerY: 0.6404334188765326
width: 0.037081821846029824
height: 0.03165098374679213
Area: 0.00040731573071970875
CentroidX: 0.4205
CentroidY: 0.6550
