Location: Dedata_24.png_Otsu.png
Component: component_1755507995200_15.png
centerX: 0.5028225806451613
centerY: 0.009974351667141636
width: 0.03346774193548387
height: 0.030777999430037048
Area: 0.0002536105314444884
CentroidX: 0.5165
CentroidY: 0.0223
