Location: Dedata_24.png_Otsu.png
Component: component_1755507995205_52.png
centerX: 0.9338709677419355
centerY: 0.07836990595611286
width: 0.027419354838709678
height: 0.033912795668281565
Area: 0.00015271789591741054
CentroidX: 0.9481
CentroidY: 0.0922
