Location: Dedata_24.png_Mean-Medain.png
Component: component_1755507995406_142.png
centerX: 0.9443548387096774
centerY: 0.31718438301510404
width: 0.03588709677419355
height: 0.038472499287546306
Area: 0.00046148613243364987
CentroidX: 0.9615
CentroidY: 0.3333
