Location: Dedata_24.png_Gaussian-Median.png
Component: component_1755507995802_191.png
centerX: 0.6326612903225807
centerY: 0.43488173268737534
width: 0.03951612903225806
height: 0.039042462239954404
Area: 0.0005280201141764495
CentroidX: 0.6517
CentroidY: 0.4516
