Location: Dedata_24.png_Gaussian-Median.png
Component: component_1755507995802_192.png
centerX: 0.175
centerY: 0.439156454830436
width: 0.03346774193548387
height: 0.04103733257338273
Area: 0.0005172183969332316
CentroidX: 0.1921
CentroidY: 0.4572
