Location: internet_30.png_Gaussian-Closing.png
Component: component_1755078354049_75.png
centerX: 0.8295042321644498
centerY: 0.14342743085258056
width: 0.03426037887948408
height: 0.031936127744510975
Area: 0.0003958226231937576
CentroidX: 0.8486
CentroidY: 0.1584
