Location: internet_30.png_Gaussian-Median.png
Component: component_1755078353905_189.png
centerX: 0.23538895606610238
centerY: 0.3418876532648988
width: 0.037484885126964934
height: 0.031936127744510975
Area: 0.0003992705554515429
CentroidX: 0.2554
CentroidY: 0.3565
