Location: internet_30.png_Mean-Medain.png
Component: component_1755078353747_335.png
centerX: 0.22974607013301088
centerY: 0.7025948103792415
width: 0.041112454655380895
height: 0.03165098374679213
Area: 0.00041329214663320335
CentroidX: 0.2525
CentroidY: 0.7185
