Location: Dedata_24.png_Otsu.png
Component: component_1755507995296_507.png
centerX: 0.8649193548387096
centerY: 0.505842120262183
width: 0.038306451612903226
height: 0.036477628954117984
Area: 0.0004635545463738405
CentroidX: 0.8830
CentroidY: 0.5221
