Location: internet_30.png_Gaussian-Closing.png
Component: component_1755078354311_362.png
centerX: 0.019750100765820233
centerY: 0.7641859138865127
width: 0.03466344216041919
height: 0.03136583974907328
Area: 0.0002167600079394387
CentroidX: 0.0344
CentroidY: 0.7821
