Location: internet_30.png_Mean-Closing.png
Component: component_1755078353375_292.png
centerX: 0.4550584441757356
centerY: 0.6375819788993442
width: 0.037484885126964934
height: 0.033361847733105215
Area: 0.0002581351950328628
CentroidX: 0.4696
CentroidY: 0.6560
