Location: Dedata_24.png_Mean-Medain.png
Component: component_1755507995402_128.png
centerX: 0.842741935483871
centerY: 0.2846964947278427
width: 0.032661290322580645
height: 0.03362781419207751
Area: 0.0004398826979472141
CentroidX: 0.8580
CentroidY: 0.3001
