Location: Dedata_24.png_Mean-Closing.png
Component: component_1755507996139_112.png
centerX: 0.23629032258064517
centerY: 0.24622399544029638
width: 0.03225806451612903
height: 0.03334283271587347
Area: 0.00029555336967613236
CentroidX: 0.2515
CentroidY: 0.2604
