Location: Dedata_24.png_Gaussian-Median.png
Component: component_1755507995778_141.png
centerX: 0.06975806451612904
centerY: 0.3072100313479624
width: 0.03508064516129032
height: 0.03419777714448561
Area: 0.00041942838231643975
CentroidX: 0.0871
CentroidY: 0.3211
