Location: Dedata_24.png_Gaussian-Median.png
Component: component_1755507995785_168.png
centerX: 0.7939516129032258
centerY: 0.37275577087489314
width: 0.03951612903225806
height: 0.039042462239954404
Area: 0.000508944741172469
CentroidX: 0.8133
CentroidY: 0.3906
