Location: Dedata_24.png_Gaussian-Median.png
Component: component_1755507995787_174.png
centerX: 0.1778225806451613
centerY: 0.39184952978056425
width: 0.04395161290322581
height: 0.030493017953833
Area: 0.0004894097206262238
CentroidX: 0.1964
CentroidY: 0.4076
