Location: Kurtxevani_1764_page_10.png_Otsu.png
Component: component_1755610055857_761.png
centerX: 0.4375404530744337
centerY: 0.23666978484565013
width: 0.013592233009708738
height: 0.01637043966323667
Area: 0.0001447077236990685
CentroidX: 0.4443
CentroidY: 0.2444
