Location: Dedata_24.png_Mean-Medain.png
Component: component_1755507995594_265.png
centerX: 0.47338709677419355
centerY: 0.6662866913650612
width: 0.039112903225806454
height: 0.039612425192362494
Area: 0.0005290543211465448
CentroidX: 0.4910
CentroidY: 0.6831
