Location: internet_30.png_Mean-Medain.png
Component: component_1755078353512_174.png
centerX: 0.23538895606610238
centerY: 0.3418876532648988
width: 0.03788794840790004
height: 0.031936127744510975
Area: 0.0004112233872785321
CentroidX: 0.2554
CentroidY: 0.3564
