Location: internet_30.png_Gaussian-Median.png
Component: component_1755078353876_99.png
centerX: 0.22813381700927046
centerY: 0.15654405474764757
width: 0.029423619508262798
height: 0.030795551753635585
Area: 0.00038134130771105915
CentroidX: 0.2422
CentroidY: 0.1724
