Location: internet_30.png_Mean-Medain.png
Component: component_1755078353625_201.png
centerX: 0.24103184199919386
centerY: 0.3869404049044768
width: 0.03506650544135429
height: 0.032506415739948676
Area: 0.00038168610093683767
CentroidX: 0.2605
CentroidY: 0.4009
