Location: Dedata_24.png_Otsu.png
Component: component_1755507995309_549.png
centerX: 0.6963709677419355
centerY: 0.6349387289826162
width: 0.04032258064516129
height: 0.04132231404958678
Area: 0.000481021152979895
CentroidX: 0.7149
CentroidY: 0.6532
