Location: Dedata_24.png_Mean-Medain.png
Component: component_1755507995619_287.png
centerX: 0.8459677419354839
centerY: 0.7349672271302365
width: 0.039112903225806454
height: 0.03932744371615845
Area: 0.0005285946736042803
CentroidX: 0.8655
CentroidY: 0.7531
