Location: internet_30.png_Mean-Medain.png
Component: component_1755078353625_200.png
centerX: 0.3534864973800887
centerY: 0.382663244938694
width: 0.03305118903667876
height: 0.03136583974907328
Area: 0.00032881780631746236
CentroidX: 0.3720
CentroidY: 0.3966
