Location: Dedata_24.png_Mean-Medain.png
Component: component_1755507995553_225.png
centerX: 0.5314516129032258
centerY: 0.5420347677400968
width: 0.03870967741935484
height: 0.037902536335138216
Area: 0.0005281350260620156
CentroidX: 0.5497
CentroidY: 0.5590
