Location: Dedata_24.png_Gaussian-Median.png
Component: component_1755507995839_232.png
centerX: 0.41774193548387095
centerY: 0.554858934169279
width: 0.044758064516129036
height: 0.03875748076375036
Area: 0.0005416946285588211
CentroidX: 0.4401
CentroidY: 0.5731
