Location: Dedata_24.png_Mean-Closing.png
Component: component_1755507996127_77.png
centerX: 0.7943548387096774
centerY: 0.1632943858649188
width: 0.03225806451612903
height: 0.03277286976346538
Area: 0.00029245074876584634
CentroidX: 0.8096
CentroidY: 0.1769
