Location: Dedata_24.png_Gaussian-Median.png
Component: component_1755507995757_47.png
centerX: 0.5040322580645161
centerY: 0.09176403533770305
width: 0.02943548387096774
height: 0.030777999430037048
Area: 0.0002290193879333327
CentroidX: 0.5170
CentroidY: 0.1052
