Location: internet_30.png_Mean-Closing.png
Component: component_1755078353376_300.png
centerX: 0.18460298266827893
centerY: 0.6538351867693185
width: 0.04191858121725111
height: 0.03022526375819789
Area: 0.00024549277675431656
CentroidX: 0.1999
CentroidY: 0.6718
