Location: internet_30.png_Mean-Medain.png
Component: component_1755078353463_90.png
centerX: 0.22813381700927046
centerY: 0.15654405474764757
width: 0.029423619508262798
height: 0.030795551753635585
Area: 0.0003919149666349342
CentroidX: 0.2422
CentroidY: 0.1725
