Location: internet_30.png_Mean-Medain.png
Component: component_1755078353760_346.png
centerX: 0.819024586860137
centerY: 0.7194183062446535
width: 0.030632809351068116
height: 0.03051040775591674
Area: 0.00031950838922144195
CentroidX: 0.8351
CentroidY: 0.7353
