Location: internet_30.png_Gaussian-Closing.png
Component: component_1755078354296_308.png
centerX: 0.4550584441757356
centerY: 0.6375819788993442
width: 0.037484885126964934
height: 0.033361847733105215
Area: 0.00025342302094722287
CentroidX: 0.4697
CentroidY: 0.6560
