Location: Dedata_24.png_Otsu.png
Component: component_1755507995300_512.png
centerX: 0.7532258064516129
centerY: 0.5158164719293246
width: 0.037096774193548385
height: 0.036477628954117984
Area: 0.0004724027615624339
CentroidX: 0.7718
CentroidY: 0.5326
