Location: Dedata_24.png_Gaussian-Median.png
Component: component_1755507995845_251.png
centerX: 0.9556451612903226
centerY: 0.6104303220290681
width: 0.04153225806451613
height: 0.04160729552579082
Area: 0.0005569779093391187
CentroidX: 0.9742
CentroidY: 0.6275
