Location: Dedata_24.png_Mean-Medain.png
Component: component_1755507995636_303.png
centerX: 0.3096774193548387
centerY: 0.7876888002279852
width: 0.04435483870967742
height: 0.04588201766885153
Area: 0.0005757085466864009
CentroidX: 0.3305
CentroidY: 0.8078
