Location: Dedata_24.png_Mean-Closing.png
Component: component_1755507996186_302.png
centerX: 0.3713709677419355
centerY: 0.781134226275292
width: 0.043548387096774194
height: 0.04103733257338273
Area: 0.0006130549094953989
CentroidX: 0.3944
CentroidY: 0.8002
