Location: Samociqulo_1709_page_10.png_Gaussian-Median.png
Component: component_1755610056127_961.png
centerX: 0.5434889434889435
centerY: 0.1984375
width: 0.019164619164619166
height: 0.015625
Area: 0.00014834152334152335
CentroidX: 0.5509
CentroidY: 0.2058
