Location: Dedata_24.png_Mean-Closing.png
Component: component_1755507996107_7.png
centerX: 0.7870967741935484
centerY: 0.007979481333713309
width: 0.038306451612903226
height: 0.031062980906241093
Area: 0.0003362321771665487
CentroidX: 0.8045
CentroidY: 0.0207
