Location: internet_30.png_Gaussian-Median.png
Component: component_1755078353882_130.png
centerX: 0.6634421604191858
centerY: 0.22697462218420303
width: 0.03143893591293833
height: 0.025377815796977475
Area: 0.000309624316749124
CentroidX: 0.6781
CentroidY: 0.2395
