Location: Dedata_24.png_Otsu.png
Component: component_1755507995321_600.png
centerX: 0.07298387096774193
centerY: 0.8156169848959818
width: 0.045564516129032256
height: 0.039612425192362494
Area: 0.000484928157089144
CentroidX: 0.0926
CentroidY: 0.8319
