Location: internet_30.png_Mean-Closing.png
Component: component_1755078353349_182.png
centerX: 0.6400644901249496
centerY: 0.3698317650413459
width: 0.03305118903667876
height: 0.026803535785571715
Area: 0.00022181697525085718
CentroidX: 0.6507
CentroidY: 0.3854
