Location: internet_30.png_Gaussian-Closing.png
Component: component_1755078354074_152.png
centerX: 0.17291414752116083
centerY: 0.2885657256914742
width: 0.0354695687222894
height: 0.03022526375819789
Area: 0.00038777744792559176
CentroidX: 0.1902
CentroidY: 0.3033
