Location: internet_30.png_Gaussian-Closing.png
Component: component_1755078354056_103.png
centerX: 0.6779524385328497
centerY: 0.18591388651268892
width: 0.03466344216041919
height: 0.027944111776447105
Area: 0.00031847400954410635
CentroidX: 0.6928
CentroidY: 0.1990
