Location: Dedata_24.png_Otsu.png
Component: component_1755507995245_440.png
centerX: 0.8439516129032258
centerY: 0.32430891992020516
width: 0.039112903225806454
height: 0.037047591906526074
Area: 0.00048515798086027636
CentroidX: 0.8630
CentroidY: 0.3414
