Location: Dedata_24.png_Gaussian-Median.png
Component: component_1755507995772_111.png
centerX: 0.2903225806451613
centerY: 0.2396694214876033
width: 0.031451612903225803
height: 0.03562268452550584
Area: 0.00029026742294008956
CentroidX: 0.3060
CentroidY: 0.2549
