Location: internet_30.png_Gaussian-Median.png
Component: component_1755078353930_275.png
centerX: 0.12535268037081823
centerY: 0.49672084402623323
width: 0.037081821846029824
height: 0.029940119760479042
Area: 0.0003519189524446242
CentroidX: 0.1447
CentroidY: 0.5103
