Location: Dedata_24.png_Mean-Closing.png
Component: component_1755507996185_296.png
centerX: 0.6112903225806452
centerY: 0.7580507267027643
width: 0.046370967741935484
height: 0.039612425192362494
Area: 0.0005838672905615974
CentroidX: 0.6334
CentroidY: 0.7756
