Location: Dedata_24.png_Gaussian-Median.png
Component: component_1755507995777_135.png
centerX: 0.7322580645161291
centerY: 0.29239099458535195
width: 0.03387096774193549
height: 0.03220290681105728
Area: 0.0004318388659575837
CentroidX: 0.7499
CentroidY: 0.3074
