Location: Dedata_24.png_Otsu.png
Component: component_1755507995316_579.png
centerX: 0.8963709677419355
centerY: 0.7295525790823596
width: 0.03790322580645161
height: 0.03818751781134226
Area: 0.00046642734351299425
CentroidX: 0.9138
CentroidY: 0.7468
