Location: Dedata_24.png_Mean-Closing.png
Component: component_1755507996148_149.png
centerX: 0.7915322580645161
centerY: 0.32886862353946994
width: 0.039112903225806454
height: 0.04103733257338273
Area: 0.000551691962603076
CentroidX: 0.8106
CentroidY: 0.3461
