Location: internet_30.png_Gaussian-Median.png
Component: component_1755078353893_158.png
centerX: 0.437726723095526
centerY: 0.28115198175078415
width: 0.03143893591293833
height: 0.031080695751354435
Area: 0.0003520338835198837
CentroidX: 0.4545
CentroidY: 0.2954
