Location: internet_30.png_Mean-Closing.png
Component: component_1755078353381_323.png
centerX: 0.08464328899637243
centerY: 0.7108639863130881
width: 0.020959290608625555
height: 0.020530367835757058
Area: 0.00016343198901902536
CentroidX: 0.0969
CentroidY: 0.7226
