Location: Dedata_24.png_Gaussian-Median.png
Component: component_1755507995897_299.png
centerX: 0.6116935483870968
centerY: 0.7580507267027643
width: 0.04596774193548387
height: 0.039612425192362494
Area: 0.0005498533724340176
CentroidX: 0.6335
CentroidY: 0.7756
