Location: Dedata_24.png_Mean-Closing.png
Component: component_1755507996166_219.png
centerX: 0.7016129032258065
centerY: 0.5220860644058136
width: 0.039112903225806454
height: 0.038472499287546306
Area: 0.0005367534174794767
CentroidX: 0.7199
CentroidY: 0.5392
