Location: Kurtxevani_1784_page_10.png_Gaussian-Closing.png
Component: component_1755610055734_263.png
centerX: 0.5306781485468245
centerY: 0.3434262948207171
width: 0.016146393972012917
height: 0.0199203187250996
Area: 0.0002161429631313283
CentroidX: 0.5384
CentroidY: 0.3531
