Location: Dedata_24.png_Mean-Closing.png
Component: component_1755507996184_293.png
centerX: 0.6782258064516129
centerY: 0.7523510971786834
width: 0.04153225806451613
height: 0.040467369620974636
Area: 0.000596737421745006
CentroidX: 0.6989
CentroidY: 0.7707
