Location: internet_30.png_Mean-Closing.png
Component: component_1755078353381_322.png
centerX: 0.12011285771866183
centerY: 0.7074422583404619
width: 0.04030632809351068
height: 0.031936127744510975
Area: 0.00041432652631053895
CentroidX: 0.1422
CentroidY: 0.7233
