Location: Dedata_24.png_Mean-Medain.png
Component: component_1755507995542_208.png
centerX: 0.1907258064516129
centerY: 0.49216300940438873
width: 0.039112903225806454
height: 0.03818751781134226
Area: 0.0005472103990659962
CentroidX: 0.2096
CentroidY: 0.5103
