Location: Dedata_24.png_Otsu.png
Component: component_1755507995206_62.png
centerX: 0.5044354838709677
centerY: 0.09204901681390709
width: 0.028629032258064516
height: 0.030208036477628954
Area: 0.00016133628733487162
CentroidX: 0.5166
CentroidY: 0.1052
