Location: internet_30.png_Mean-Closing.png
Component: component_1755078353369_268.png
centerX: 0.607416364369206
centerY: 0.5768463073852296
width: 0.03667875856509472
height: 0.03136583974907328
Area: 0.00036375685319635386
CentroidX: 0.6263
CentroidY: 0.5917
