Location: internet_30.png_Mean-Closing.png
Component: component_1755078353336_130.png
centerX: 0.8802902055622733
centerY: 0.26889078984887366
width: 0.03788794840790004
height: 0.02623324779013402
Area: 0.0003469769162084652
CentroidX: 0.8993
CentroidY: 0.2811
