Location: Dedata_24.png_Gaussian-Median.png
Component: component_1755507995763_74.png
centerX: 0.18588709677419354
centerY: 0.1518951268167569
width: 0.03225806451612903
height: 0.03220290681105728
Area: 0.0002676297814835584
CentroidX: 0.2020
CentroidY: 0.1654
