Location: Dedata_24.png_Gaussian-Median.png
Component: component_1755507995793_182.png
centerX: 0.3975806451612903
centerY: 0.41493302935309206
width: 0.036290322580645164
height: 0.034482758620689655
Area: 0.0004884904255416946
CentroidX: 0.4156
CentroidY: 0.4312
