Location: Dedata_24.png_Mean-Medain.png
Component: component_1755507995375_8.png
centerX: 0.2375
centerY: 0.00883442576232545
width: 0.03467741935483871
height: 0.03505272157309775
Area: 0.00034622951121080354
CentroidX: 0.2522
CentroidY: 0.0219
