Location: Dedata_24.png_Gaussian-Median.png
Component: component_1755507995786_170.png
centerX: 0.2963709677419355
centerY: 0.3798803077799943
width: 0.036290322580645164
height: 0.03220290681105728
Area: 0.00043517131063900203
CentroidX: 0.3154
CentroidY: 0.3948
