Location: Dedata_24.png_Gaussian-Median.png
Component: component_1755507995839_230.png
centerX: 0.12620967741935485
centerY: 0.5511541749786264
width: 0.0375
height: 0.039042462239954404
Area: 0.0004932018128499067
CentroidX: 0.1436
CentroidY: 0.5686
