Location: Dedata_24.png_Otsu.png
Component: component_1755507995312_560.png
centerX: 0.014919354838709677
centerY: 0.6728412653177543
width: 0.03225806451612903
height: 0.03875748076375036
Area: 0.0005034289706652939
CentroidX: 0.0304
CentroidY: 0.6899
