Location: internet_30.png_Gaussian-Closing.png
Component: component_1755078354035_22.png
centerX: 0.581217251108424
centerY: 0.01140575990875392
width: 0.02176541717049577
height: 0.036783575705731396
Area: 0.00023928649869030293
CentroidX: 0.5901
CentroidY: 0.0301
