Location: Dedata_24.png_Mean-Closing.png
Component: component_1755507996147_145.png
centerX: 0.8435483870967742
centerY: 0.3240239384440011
width: 0.039919354838709675
height: 0.03761755485893417
Area: 0.0005397411265041966
CentroidX: 0.8631
CentroidY: 0.3414
