Location: Dedata_24.png_Mean-Medain.png
Component: component_1755507995380_34.png
centerX: 0.2254032258064516
centerY: 0.05728127671701339
width: 0.03225806451612903
height: 0.0353377030493018
Area: 0.0002971621360740584
CentroidX: 0.2402
CentroidY: 0.0721
