Location: Dedata_24.png_Otsu.png
Component: component_1755507995309_550.png
centerX: 0.23629032258064517
centerY: 0.6392134511256768
width: 0.04112903225806452
height: 0.04360216585921915
Area: 0.0004975684645014203
CentroidX: 0.2554
CentroidY: 0.6579
