Location: internet_30.png_Gaussian-Median.png
Component: component_1755078353937_298.png
centerX: 0.10802095929060862
centerY: 0.5489021956087824
width: 0.04554615074566707
height: 0.03421727972626176
Area: 0.0004158206302889126
CentroidX: 0.1341
CentroidY: 0.5643
