Location: Dedata_24.png_Mean-Medain.png
Component: component_1755507995386_54.png
centerX: 0.12298387096774194
centerY: 0.10800797948133371
width: 0.03225806451612903
height: 0.030208036477628954
Area: 0.0002412000478033444
CentroidX: 0.1386
CentroidY: 0.1212
