Location: internet_30.png_Gaussian-Closing.png
Component: component_1755078354072_144.png
centerX: 0.5957275292220878
centerY: 0.2771599657827203
width: 0.041515517936316
height: 0.028229255774165955
Area: 0.00035237867674566226
CentroidX: 0.6197
CentroidY: 0.2908
