Location: internet_30.png_Mean-Closing.png
Component: component_1755078353325_76.png
centerX: 0.45304312777106004
centerY: 0.15312232677502138
width: 0.028617492946392584
height: 0.029369831765041345
Area: 0.00033755256803718524
CentroidX: 0.4689
CentroidY: 0.1664
