Location: Dedata_24.png_Mean-Medain.png
Component: component_1755507995558_231.png
centerX: 0.8516129032258064
centerY: 0.5594186377885437
width: 0.038306451612903226
height: 0.039612425192362494
Area: 0.0005443376019268425
CentroidX: 0.8706
CentroidY: 0.5765
