Location: internet_30.png_Mean-Closing.png
Component: component_1755078353360_227.png
centerX: 0.7307537283353487
centerY: 0.46221842030225263
width: 0.037081821846029824
height: 0.031936127744510975
Area: 0.0003631821978200563
CentroidX: 0.7512
CentroidY: 0.4771
