Location: Dedata_24.png_Gaussian-Median.png
Component: component_1755507995765_86.png
centerX: 0.5858870967741936
centerY: 0.1786833855799373
width: 0.028629032258064516
height: 0.03277286976346538
Area: 0.00028590077128857593
CentroidX: 0.6002
CentroidY: 0.1930
