Location: Dedata_24.png_Mean-Medain.png
Component: component_1755507995547_215.png
centerX: 0.8080645161290323
centerY: 0.5089769165004274
width: 0.03951612903225806
height: 0.039042462239954404
Area: 0.0005117026264260565
CentroidX: 0.8264
CentroidY: 0.5266
