Location: Dedata_24.png_Mean-Closing.png
Component: component_1755507996140_113.png
centerX: 0.775
centerY: 0.24736392134511256
width: 0.03346774193548387
height: 0.03362781419207751
Area: 0.0004598773660357238
CentroidX: 0.7918
CentroidY: 0.2623
