Location: Dedata_24.png_Mean-Closing.png
Component: component_1755507996147_144.png
centerX: 0.3959677419354839
centerY: 0.32174408663436876
width: 0.035483870967741936
height: 0.032487888287261325
Area: 0.00047676941321394753
CentroidX: 0.4139
CentroidY: 0.3370
