Location: Dedata_24.png_Gaussian-Median.png
Component: component_1755507995789_176.png
centerX: 0.5120967741935484
centerY: 0.39726417782844115
width: 0.0375
height: 0.04075235109717868
Area: 0.000527675378519751
CentroidX: 0.5303
CentroidY: 0.4166
