Location: internet_30.png_Mean-Medain.png
Component: component_1755078353511_173.png
centerX: 0.290608625554212
centerY: 0.3378956372968349
width: 0.037081821846029824
height: 0.031936127744510975
Area: 0.00039352400168856733
CentroidX: 0.3093
CentroidY: 0.3536
