Location: internet_30.png_Gaussian-Closing.png
Component: component_1755078354293_299.png
centerX: 0.012091898428053204
centerY: 0.6107784431137725
width: 0.04070939137444579
height: 0.03222127174222983
Area: 0.0002581351950328628
CentroidX: 0.0278
CentroidY: 0.6288
