Location: internet_30.png_Gaussian-Median.png
Component: component_1755078353916_221.png
centerX: 0.19064893188230553
centerY: 0.38922155688622756
width: 0.03506650544135429
height: 0.03136583974907328
Area: 0.00023652815288407466
CentroidX: 0.2046
CentroidY: 0.4067
