Location: internet_30.png_Gaussian-Median.png
Component: component_1755078353945_330.png
centerX: 0.7904070939137444
centerY: 0.6110635871114913
width: 0.03829101168883515
height: 0.025092671799258625
Area: 0.0003722617527655577
CentroidX: 0.8059
CentroidY: 0.6253
