Location: internet_30.png_Mean-Medain.png
Component: component_1755078353686_270.png
centerX: 0.23337363966142685
centerY: 0.5446250356429997
width: 0.04353083434099154
height: 0.03450242372398061
Area: 0.0002680192675051808
CentroidX: 0.2488
CentroidY: 0.5640
