Location: internet_30.png_Gaussian-Closing.png
Component: component_1755078354286_275.png
centerX: 0.014107214832728738
centerY: 0.5577416595380668
width: 0.03143893591293833
height: 0.028514399771884802
Area: 0.0003569759197560427
CentroidX: 0.0269
CentroidY: 0.5721
