Location: Dedata_24.png_Gaussian-Median.png
Component: component_1755507995759_56.png
centerX: 0.06774193548387097
centerY: 0.11057281276717014
width: 0.03790322580645161
height: 0.036477628954117984
Area: 0.00027245608067733663
CentroidX: 0.0868
CentroidY: 0.1269
