Location: Dedata_24.png_Mean-Closing.png
Component: component_1755507996142_122.png
centerX: 0.5108870967741935
centerY: 0.26674266172698774
width: 0.036290322580645164
height: 0.03334283271587347
Area: 0.0004698747000799787
CentroidX: 0.5299
CentroidY: 0.2823
