Location: internet_30.png_Gaussian-Median.png
Component: component_1755078353955_375.png
centerX: 0.2889963724304716
centerY: 0.7034502423723981
width: 0.04433696090286175
height: 0.028229255774165955
Area: 0.0002488257779368424
CentroidX: 0.3069
CentroidY: 0.7186
