Location: Dedata_24.png_Mean-Medain.png
Component: component_1755507995389_70.png
centerX: 0.29516129032258065
centerY: 0.1450555713878598
width: 0.032661290322580645
height: 0.03334283271587347
Area: 0.00029681740041735997
CentroidX: 0.3106
CentroidY: 0.1604
