Location: internet_30.png_Gaussian-Median.png
Component: component_1755078353869_67.png
centerX: 0.5590487706569931
centerY: 0.10550327915597377
width: 0.023377670294236194
height: 0.03364699173082407
Area: 0.00021158810955276066
CentroidX: 0.5686
CentroidY: 0.1216
