Location: Dedata_24.png_Gaussian-Median.png
Component: component_1755507995856_275.png
centerX: 0.8044354838709677
centerY: 0.6845255058421202
width: 0.041935483870967745
height: 0.0353377030493018
Area: 0.0005711120712637549
CentroidX: 0.8263
CentroidY: 0.7008
