Location: Dedata_24.png_Mean-Medain.png
Component: component_1755507995381_37.png
centerX: 0.06653225806451613
centerY: 0.0652607580507267
width: 0.03024193548387097
height: 0.032487888287261325
Area: 0.0003061252631482179
CentroidX: 0.0822
CentroidY: 0.0791
