Location: Dedata_24.png_Gaussian-Median.png
Component: component_1755507995780_149.png
centerX: 0.34475806451612906
centerY: 0.3265887717298376
width: 0.03467741935483871
height: 0.03590766600170989
Area: 0.0004350563987534359
CentroidX: 0.3616
CentroidY: 0.3432
