Location: internet_30.png_Gaussian-Median.png
Component: component_1755078353882_128.png
centerX: 0.7158403869407497
centerY: 0.22526375819788994
width: 0.03143893591293833
height: 0.025092671799258625
Area: 0.0003050270737387435
CentroidX: 0.7302
CentroidY: 0.2380
