Location: Dedata_24.png_Mean-Medain.png
Component: component_1755507995380_35.png
centerX: 0.1717741935483871
centerY: 0.06184098033627814
width: 0.034274193548387094
height: 0.02821316614420063
Area: 0.0002637227773743094
CentroidX: 0.1874
CentroidY: 0.0738
