Location: Dedata_24.png_Gaussian-Median.png
Component: component_1755507995763_77.png
centerX: 0.12782258064516128
centerY: 0.15816471929324594
width: 0.031048387096774193
height: 0.033912795668281565
Area: 0.0002884288327710312
CentroidX: 0.1436
CentroidY: 0.1728
