Location: Dedata_24.png_Mean-Medain.png
Component: component_1755507995531_200.png
centerX: 0.3512096774193548
centerY: 0.4650897691650043
width: 0.032661290322580645
height: 0.03419777714448561
Area: 0.0004601071898068561
CentroidX: 0.3680
CentroidY: 0.4815
