Location: Dedata_24.png_Otsu.png
Component: component_1755507995270_471.png
centerX: 0.06653225806451613
centerY: 0.40837845540039897
width: 0.038306451612903226
height: 0.030208036477628954
Area: 0.00041988802985870436
CentroidX: 0.0849
CentroidY: 0.4235
