Location: Dedata_24.png_Mean-Closing.png
Component: component_1755507996185_298.png
centerX: 0.5483870967741935
centerY: 0.7634653747506412
width: 0.04032258064516129
height: 0.03875748076375036
Area: 0.0005643322700153523
CentroidX: 0.5685
CentroidY: 0.7813
