Location: internet_30.png_Mean-Closing.png
Component: component_1755078353361_232.png
centerX: 0.5078597339782346
centerY: 0.47476475620188197
width: 0.04433696090286175
height: 0.03136583974907328
Area: 0.0003728364081418553
CentroidX: 0.5297
CentroidY: 0.4889
