Location: Dedata_24.png_Gaussian-Median.png
Component: component_1755507995773_116.png
centerX: 0.1842741935483871
centerY: 0.24964377315474495
width: 0.03346774193548387
height: 0.0353377030493018
Area: 0.0003106068266852977
CentroidX: 0.2012
CentroidY: 0.2650
