Location: Dedata_24.png_Mean-Medain.png
Component: component_1755507995576_248.png
centerX: 0.9064516129032258
centerY: 0.609575377600456
width: 0.043548387096774194
height: 0.038472499287546306
Area: 0.0005461761920959008
CentroidX: 0.9276
CentroidY: 0.6277
