Location: internet_30.png_Gaussian-Median.png
Component: component_1755078353867_54.png
centerX: 0.8307134220072552
centerY: 0.09723410322212718
width: 0.03143893591293833
height: 0.03507271171941831
Area: 0.00039076565588233906
CentroidX: 0.8465
CentroidY: 0.1137
