Location: Samociqulo_1709_page_10.png_Gaussian-Median.png
Component: component_1755610056242_2375.png
centerX: 0.36805896805896804
centerY: 0.5678125
width: 0.018673218673218674
height: 0.016875
Area: 0.00016108722358722358
CentroidX: 0.3768
CentroidY: 0.5764
