Location: Dedata_24.png_Gaussian-Median.png
Component: component_1755507995842_241.png
centerX: 0.6870967741935484
centerY: 0.5759475634083785
width: 0.04395161290322581
height: 0.04217725847819892
Area: 0.0005212403129280468
CentroidX: 0.7076
CentroidY: 0.5953
