Location: Dedata_24.png_Gaussian-Median.png
Component: component_1755507995858_279.png
centerX: 0.19314516129032258
centerY: 0.6996295240809347
width: 0.04153225806451613
height: 0.04160729552579082
Area: 0.0005349148273104184
CentroidX: 0.2116
CentroidY: 0.7180
