Location: Dedata_24.png_Mean-Closing.png
Component: component_1755507996161_202.png
centerX: 0.6887096774193548
centerY: 0.4716443431176974
width: 0.039919354838709675
height: 0.03875748076375036
Area: 0.0005006710854117063
CentroidX: 0.7071
CentroidY: 0.4890
