Location: internet_30.png_Gaussian-Median.png
Component: component_1755078353959_397.png
centerX: 0.717049576783555
centerY: 0.7296834901625321
width: 0.04353083434099154
height: 0.028229255774165955
Area: 0.0003282431509411648
CentroidX: 0.7379
CentroidY: 0.7446
