Location: Dedata_24.png_Otsu.png
Component: component_1755507995251_455.png
centerX: 0.9524193548387097
centerY: 0.3627814192077515
width: 0.03185483870967742
height: 0.03505272157309775
Area: 0.0004279318618483347
CentroidX: 0.9677
CentroidY: 0.3771
