Location: Dedata_24.png_Mean-Medain.png
Component: component_1755507995530_199.png
centerX: 0.742741935483871
centerY: 0.46423482473639216
width: 0.0375
height: 0.038472499287546306
Area: 0.0005234236387538036
CentroidX: 0.7613
CentroidY: 0.4816
