Location: Dedata_24.png_Mean-Closing.png
Component: component_1755507996121_50.png
centerX: 0.3403225806451613
centerY: 0.09917355371900827
width: 0.039112903225806454
height: 0.03220290681105728
Area: 0.00026590610320006617
CentroidX: 0.3576
CentroidY: 0.1125
