Location: Dedata_24.png_Otsu.png
Component: component_1755507995201_29.png
centerX: 0.9383064516129033
centerY: 0.04360216585921915
width: 0.034274193548387094
height: 0.02792818466799658
Area: 0.00016650732218534826
CentroidX: 0.9559
CentroidY: 0.0562
