Location: Samociqulo_1709_page_10.png_Gaussian-Median.png
Component: component_1755610056128_970.png
centerX: 0.7036855036855036
centerY: 0.2
width: 0.01769041769041769
height: 0.01375
Area: 0.00013774570024570025
CentroidX: 0.7115
CentroidY: 0.2063
