Location: Dedata_24.png_Otsu.png
Component: component_1755507995307_541.png
centerX: 0.9560483870967742
centerY: 0.6107153035052721
width: 0.0407258064516129
height: 0.04103733257338273
Area: 0.0005203210178435176
CentroidX: 0.9740
CentroidY: 0.6274
