Location: internet_30.png_Mean-Medain.png
Component: component_1755078353636_213.png
centerX: 0.7758968158000806
centerY: 0.41003706871970347
width: 0.03829101168883515
height: 0.03051040775591674
Area: 0.0003982361757742073
CentroidX: 0.7952
CentroidY: 0.4247
