Location: internet_30.png_Mean-Medain.png
Component: component_1755078353461_79.png
centerX: 0.5751713018943975
centerY: 0.1497005988023952
width: 0.01894397420395002
height: 0.016538351867693184
Area: 0.00013067663257006456
CentroidX: 0.5866
CentroidY: 0.1593
