Location: internet_30.png_Gaussian-Median.png
Component: component_1755078353887_146.png
centerX: 0.012091898428053204
centerY: 0.24436840604505275
width: 0.029826682789197905
height: 0.027944111776447105
Area: 0.00032514001190915803
CentroidX: 0.0263
CentroidY: 0.2578
