Location: internet_30.png_Gaussian-Closing.png
Component: component_1755078354274_234.png
centerX: 0.17210802095929062
centerY: 0.4448246364414029
width: 0.03426037887948408
height: 0.028229255774165955
Area: 0.00021457631750950796
CentroidX: 0.1853
CentroidY: 0.4599
