Location: internet_30.png_Gaussian-Median.png
Component: component_1755078353868_62.png
centerX: 0.6142684401451027
centerY: 0.10379241516966067
width: 0.031035872632003223
height: 0.035642999714856
Area: 0.00039432851921538395
CentroidX: 0.6295
CentroidY: 0.1203
