Location: internet_30.png_Gaussian-Closing.png
Component: component_1755078354241_178.png
centerX: 0.19105199516324062
centerY: 0.34331337325349304
width: 0.026602176541717048
height: 0.029369831765041345
Area: 0.000224920114282864
CentroidX: 0.2001
CentroidY: 0.3598
