Location: Dedata_24.png_Mean-Closing.png
Component: component_1755507996155_176.png
centerX: 0.4520161290322581
centerY: 0.4069535480193787
width: 0.03790322580645161
height: 0.03562268452550584
Area: 0.0005202061059579515
CentroidX: 0.4717
CentroidY: 0.4240
