Location: Dedata_24.png_Mean-Closing.png
Component: component_1755507996158_191.png
centerX: 0.5145161290322581
centerY: 0.4414363066400684
width: 0.039919354838709675
height: 0.039612425192362494
Area: 0.0005162991018487024
CentroidX: 0.5328
CentroidY: 0.4586
