Location: internet_30.png_Mean-Medain.png
Component: component_1755078353445_26.png
centerX: 0.5614671503426037
centerY: 0.05617336755061306
width: 0.037081821846029824
height: 0.03279155973766752
Area: 0.00040501710921451853
CentroidX: 0.5802
CentroidY: 0.0709
