Location: Dedata_24.png_Gaussian-Median.png
Component: component_1755507995775_126.png
centerX: 0.4504032258064516
centerY: 0.27472214306070103
width: 0.03790322580645161
height: 0.034482758620689655
Area: 0.0004279318618483347
CentroidX: 0.4693
CentroidY: 0.2896
