Location: internet_30.png_Mean-Closing.png
Component: component_1755078353379_314.png
centerX: 0.524788391777509
centerY: 0.6883376104932991
width: 0.039500201531640466
height: 0.0290846877673225
Area: 0.0003462873297569081
CentroidX: 0.5449
CentroidY: 0.7031
