Location: internet_30.png_Mean-Closing.png
Component: component_1755078353374_290.png
centerX: 0.5118903667875857
centerY: 0.6327345309381237
width: 0.032648125755743655
height: 0.029940119760479042
Area: 0.000385134033194623
CentroidX: 0.5283
CentroidY: 0.6478
