Location: Dedata_24.png_Mean-Medain.png
Component: component_1755507995608_279.png
centerX: 0.567741935483871
centerY: 0.7078939868908521
width: 0.04032258064516129
height: 0.037902536335138216
Area: 0.0005429586593000488
CentroidX: 0.5868
CentroidY: 0.7255
