Location: Dedata_24.png_Mean-Medain.png
Component: component_1755507995400_122.png
centerX: 0.5108870967741935
centerY: 0.2664576802507837
width: 0.036290322580645164
height: 0.03362781419207751
Area: 0.0004702194357366771
CentroidX: 0.5299
CentroidY: 0.2823
