Location: Dedata_24.png_Mean-Medain.png
Component: component_1755507995400_123.png
centerX: 0.4504032258064516
centerY: 0.27472214306070103
width: 0.03790322580645161
height: 0.03419777714448561
Area: 0.00045355721232958566
CentroidX: 0.4692
CentroidY: 0.2894
