Location: Dedata_24.png_Otsu.png
Component: component_1755507995209_75.png
centerX: 0.01532258064516129
centerY: 0.11484753491023084
width: 0.03225806451612903
height: 0.039897406668566546
Area: 0.0001757002730306401
CentroidX: 0.0296
CentroidY: 0.1335
