Location: Dedata_24.png_Otsu.png
Component: component_1755507995316_576.png
centerX: 0.9419354838709677
centerY: 0.7247078939868908
width: 0.04435483870967742
height: 0.039612425192362494
Area: 0.0004975684645014203
CentroidX: 0.9625
CentroidY: 0.7427
