Location: Dedata_24.png_Mean-Closing.png
Component: component_1755507996152_165.png
centerX: 0.3455645161290323
centerY: 0.3730407523510972
width: 0.038306451612903226
height: 0.04018238814477059
Area: 0.0005492788130061868
CentroidX: 0.3641
CentroidY: 0.3912
