Location: Dedata_24.png_Otsu.png
Component: component_1755507995217_185.png
centerX: 0.06895161290322581
centerY: 0.16557423767455115
width: 0.027419354838709678
height: 0.025648332858364205
Area: 0.00011387767859605254
CentroidX: 0.0815
CentroidY: 0.1770
