Location: Dedata_24.png_Otsu.png
Component: component_1755507995271_474.png
centerX: 0.3975806451612903
centerY: 0.4152180108292961
width: 0.036290322580645164
height: 0.033912795668281565
Area: 0.00045390194798628413
CentroidX: 0.4154
CentroidY: 0.4311
