Location: internet_30.png_Mean-Closing.png
Component: component_1755078353380_317.png
centerX: 0.35308343409915355
centerY: 0.6968919304248645
width: 0.032245062474808545
height: 0.033932135728542916
Area: 0.0004019139701825117
CentroidX: 0.3673
CentroidY: 0.7142
