Location: internet_30.png_Mean-Medain.png
Component: component_1755078353463_89.png
centerX: 0.1717049576783555
centerY: 0.15654405474764757
width: 0.028214429665457477
height: 0.033361847733105215
Area: 0.00039042086265656054
CentroidX: 0.1854
CentroidY: 0.1725
