Location: Dedata_24.png_Mean-Closing.png
Component: component_1755507996123_57.png
centerX: 0.9028225806451613
centerY: 0.12111712738671987
width: 0.035483870967741936
height: 0.026788258763180393
Area: 0.0003132498000533191
CentroidX: 0.9210
CentroidY: 0.1342
