Location: Dedata_24.png_Gaussian-Median.png
Component: component_1755507995822_203.png
centerX: 0.01129032258064516
centerY: 0.4662296950698205
width: 0.03387096774193549
height: 0.039612425192362494
Area: 0.0005009009091828386
CentroidX: 0.0271
CentroidY: 0.4836
