Location: internet_30.png_Mean-Closing.png
Component: component_1755078353364_247.png
centerX: 0.6122531237404273
centerY: 0.5220986598232107
width: 0.03829101168883515
height: 0.030795551753635585
Area: 0.00034410363932697743
CentroidX: 0.6325
CentroidY: 0.5377
