Location: Dedata_24.png_Otsu.png
Component: component_1755507995250_454.png
centerX: 0.9040322580645161
centerY: 0.3622114562553434
width: 0.039919354838709675
height: 0.03932744371615845
Area: 0.0004882606017705623
CentroidX: 0.9238
CentroidY: 0.3795
