Location: Dedata_24.png_Otsu.png
Component: component_1755507995311_555.png
centerX: 0.5278225806451613
centerY: 0.6580222285551439
width: 0.03588709677419355
height: 0.03619264747791394
Area: 0.00042931080447512846
CentroidX: 0.5445
CentroidY: 0.6744
