Location: Dedata_24.png_Mean-Medain.png
Component: component_1755507995394_96.png
centerX: 0.7278225806451613
centerY: 0.20832145910515817
width: 0.031451612903225803
height: 0.038472499287546306
Area: 0.0004137976999236985
CentroidX: 0.7426
CentroidY: 0.2242
