Location: Dedata_24.png_Mean-Medain.png
Component: component_1755507995395_99.png
centerX: 0.6282258064516129
centerY: 0.21202621829581078
width: 0.03508064516129032
height: 0.039042462239954404
Area: 0.00042299065076899033
CentroidX: 0.6450
CentroidY: 0.2292
