Location: internet_30.png_Mean-Closing.png
Component: component_1755078353384_335.png
centerX: 0.49979846835953246
centerY: 0.7470772740233818
width: 0.039500201531640466
height: 0.02879954376960365
Area: 0.0003522637456704027
CentroidX: 0.5198
CentroidY: 0.7618
