Location: Dedata_24.png_Mean-Medain.png
Component: component_1755507995403_131.png
centerX: 0.7883064516129032
centerY: 0.2901111427757196
width: 0.037096774193548385
height: 0.03305785123966942
Area: 0.00047826326772630747
CentroidX: 0.8065
CentroidY: 0.3056
