Location: internet_30.png_Mean-Medain.png
Component: component_1755078353470_117.png
centerX: 0.8186215235792019
centerY: 0.22241231822070145
width: 0.03305118903667876
height: 0.02480752780153978
Area: 0.0003050270737387435
CentroidX: 0.8330
CentroidY: 0.2355
