Location: Dedata_24.png_Mean-Medain.png
Component: component_1755507995447_181.png
centerX: 0.013306451612903225
centerY: 0.4157879737817042
width: 0.036290322580645164
height: 0.03818751781134226
Area: 0.0005174482207043639
CentroidX: 0.0312
CentroidY: 0.4320
