Location: Dedata_24.png_Mean-Medain.png
Component: component_1755507995574_247.png
centerX: 0.0721774193548387
centerY: 0.609575377600456
width: 0.03870967741935484
height: 0.039042462239954404
Area: 0.0005297437924599417
CentroidX: 0.0906
CentroidY: 0.6274
