Location: internet_30.png_Mean-Medain.png
Component: component_1755078353473_127.png
centerX: 0.34542523176138656
centerY: 0.2369546621043627
width: 0.03466344216041919
height: 0.028514399771884802
Area: 0.00023216077202421322
CentroidX: 0.3566
CentroidY: 0.2542
