Location: internet_30.png_Gaussian-Median.png
Component: component_1755078353870_70.png
centerX: 0.22813381700927046
centerY: 0.10949529512403763
width: 0.03466344216041919
height: 0.038209295694325636
Area: 0.00039904069330102393
CentroidX: 0.2447
CentroidY: 0.1256
