Location: Dedata_24.png_Mean-Medain.png
Component: component_1755507995378_25.png
centerX: 0.605241935483871
centerY: 0.04873183243089199
width: 0.03306451612903226
height: 0.030777999430037048
Area: 0.0002962428409895292
CentroidX: 0.6218
CentroidY: 0.0623
