Location: Dedata_24.png_Gaussian-Median.png
Component: component_1755507995776_130.png
centerX: 0.3479838709677419
centerY: 0.2829866058706184
width: 0.03024193548387097
height: 0.032487888287261325
Area: 0.00038725305435791834
CentroidX: 0.3627
CentroidY: 0.2966
