Location: Dedata_24.png_Mean-Closing.png
Component: component_1755507996132_94.png
centerX: 0.7754032258064516
centerY: 0.20376175548589343
width: 0.03225806451612903
height: 0.03334283271587347
Area: 0.0003915047941238658
CentroidX: 0.7919
CentroidY: 0.2177
