Location: Dedata_24.png_Mean-Closing.png
Component: component_1755507996111_27.png
centerX: 0.4939516129032258
centerY: 0.049016813907096037
width: 0.03346774193548387
height: 0.029068110572812767
Area: 0.0002729157282196012
CentroidX: 0.5111
CentroidY: 0.0626
