Location: internet_30.png_Mean-Medain.png
Component: component_1755078353458_65.png
centerX: 0.17654171704957677
centerY: 0.11006558311947534
width: 0.029423619508262798
height: 0.03364699173082407
Area: 0.00038950141405448443
CentroidX: 0.1910
CentroidY: 0.1256
