Location: internet_30.png_Mean-Medain.png
Component: component_1755078353678_262.png
centerX: 0.5098750503829101
centerY: 0.5292272597661819
width: 0.037484885126964934
height: 0.03279155973766752
Area: 0.0003975465893226503
CentroidX: 0.5290
CentroidY: 0.5446
