Location: Dedata_24.png_Otsu.png
Component: component_1755507995223_265.png
centerX: 0.8689516129032258
centerY: 0.201196922200057
width: 0.03346774193548387
height: 0.031917925334853235
Area: 0.00033853041487787167
CentroidX: 0.8848
CentroidY: 0.2142
