Location: Dedata_24.png_Otsu.png
Component: component_1755507995310_554.png
centerX: 0.11854838709677419
centerY: 0.6551724137931034
width: 0.03790322580645161
height: 0.036477628954117984
Area: 0.00045884315906562846
CentroidX: 0.1367
CentroidY: 0.6709
