Location: Dedata_24.png_Otsu.png
Component: component_1755507995317_581.png
centerX: 0.3435483870967742
centerY: 0.7363921345112567
width: 0.03870967741935484
height: 0.03676261043032203
Area: 0.000470908907050074
CentroidX: 0.3617
CentroidY: 0.7523
