Location: internet_30.png_Gaussian-Closing.png
Component: component_1755078354252_201.png
centerX: 0.29222087867795243
centerY: 0.382663244938694
width: 0.04070939137444579
height: 0.03279155973766752
Area: 0.00036754957867991773
CentroidX: 0.3120
CentroidY: 0.3969
