Location: internet_30.png_Gaussian-Closing.png
Component: component_1755078354265_222.png
centerX: 0.5654977831519549
centerY: 0.424009124607927
width: 0.037081821846029824
height: 0.031080695751354435
Area: 0.00038743265469981324
CentroidX: 0.5851
CentroidY: 0.4385
