Location: internet_30.png_Mean-Medain.png
Component: component_1755078353459_73.png
centerX: 0.8295042321644498
centerY: 0.14342743085258056
width: 0.03426037887948408
height: 0.031936127744510975
Area: 0.0004069709374939302
CentroidX: 0.8486
CentroidY: 0.1584
