Location: internet_30.png_Gaussian-Median.png
Component: component_1755078353923_246.png
centerX: 0.34582829504232165
centerY: 0.43855146849158827
width: 0.032648125755743655
height: 0.026518391787852865
Area: 0.00022469025213234497
CentroidX: 0.3590
CentroidY: 0.4524
