Location: Dedata_24.png_Mean-Closing.png
Component: component_1755507996178_268.png
centerX: 0.9189516129032258
centerY: 0.6734112282701624
width: 0.05040322580645161
height: 0.036477628954117984
Area: 0.000556403349911288
CentroidX: 0.9425
CentroidY: 0.6900
