Location: internet_30.png_Mean-Medain.png
Component: component_1755078353462_80.png
centerX: 0.56590084643289
centerY: 0.15112631879098945
width: 0.03506650544135429
height: 0.026518391787852865
Area: 0.00022319614815397132
CentroidX: 0.5792
CentroidY: 0.1659
