Location: Dedata_24.png_Otsu.png
Component: component_1755507995237_385.png
centerX: 0.6225806451612903
centerY: 0.2584781989170704
width: 0.038306451612903226
height: 0.03305785123966942
Area: 0.0004036854539938775
CentroidX: 0.6390
CentroidY: 0.2746
