Location: internet_30.png_Mean-Closing.png
Component: component_1755078353378_308.png
centerX: 0.8133817009270455
centerY: 0.6626746506986028
width: 0.03426037887948408
height: 0.03051040775591674
Area: 0.0003320358764247287
CentroidX: 0.8317
CentroidY: 0.6785
