Location: Dedata_24.png_Mean-Closing.png
Component: component_1755507996150_155.png
centerX: 0.5721774193548387
centerY: 0.3456825306355087
width: 0.03790322580645161
height: 0.03163294385864919
Area: 0.00048136588863659344
CentroidX: 0.5921
CentroidY: 0.3624
