Location: internet_30.png_Gaussian-Median.png
Component: component_1755078353958_391.png
centerX: 0.8669891172914147
centerY: 0.7191331622469347
width: 0.03506650544135429
height: 0.02765896777872826
Area: 0.00019952034665051197
CentroidX: 0.8809
CentroidY: 0.7353
