Location: internet_30.png_Mean-Medain.png
Component: component_1755078353730_319.png
centerX: 0.012898024989923419
centerY: 0.6598232107214144
width: 0.032245062474808545
height: 0.03364699173082407
Area: 0.0002618129894411672
CentroidX: 0.0248
CentroidY: 0.6792
