Location: internet_30.png_Mean-Medain.png
Component: component_1755078353459_71.png
centerX: 0.7787182587666264
centerY: 0.14228685486170517
width: 0.032648125755743655
height: 0.03022526375819789
Area: 0.0003831802049152113
CentroidX: 0.7939
CentroidY: 0.1572
