Location: Dedata_24.png_Otsu.png
Component: component_1755507995315_575.png
centerX: 0.4600806451612903
centerY: 0.7207181533200342
width: 0.039919354838709675
height: 0.03932744371615845
Area: 0.0004821702718355565
CentroidX: 0.4778
CentroidY: 0.7384
