Location: internet_30.png_Gaussian-Median.png
Component: component_1755078353951_355.png
centerX: 0.8581217251108424
centerY: 0.6618192187054462
width: 0.036275695284159616
height: 0.02480752780153978
Area: 0.00030445241836244596
CentroidX: 0.8723
CentroidY: 0.6754
