Location: internet_30.png_Gaussian-Closing.png
Component: component_1755078354308_351.png
centerX: 0.6662636033857315
centerY: 0.7368120901055033
width: 0.037081821846029824
height: 0.028229255774165955
Area: 0.0003127274557811308
CentroidX: 0.6849
CentroidY: 0.7511
