Location: internet_30.png_Mean-Medain.png
Component: component_1755078353481_145.png
centerX: 0.48327287384119305
centerY: 0.2805816937553465
width: 0.04514308746473196
height: 0.031936127744510975
Area: 0.00036869888943251287
CentroidX: 0.5076
CentroidY: 0.2949
