Location: Dedata_24.png_Otsu.png
Component: component_1755507995241_408.png
centerX: 0.4020161290322581
centerY: 0.2792818466799658
width: 0.03346774193548387
height: 0.03134796238244514
Area: 0.0003632364702745934
CentroidX: 0.4181
CentroidY: 0.2922
