Location: internet_30.png_Gaussian-Median.png
Component: component_1755078353930_277.png
centerX: 0.010479645304312777
centerY: 0.4984317080125463
width: 0.041515517936316
height: 0.040490447676076416
Area: 0.0004391516385665934
CentroidX: 0.0319
CentroidY: 0.5168
