Location: Dedata_24.png_Otsu.png
Component: component_1755507995317_580.png
centerX: 0.8467741935483871
centerY: 0.7352522086064406
width: 0.038306451612903226
height: 0.03875748076375036
Area: 0.0004730922328758308
CentroidX: 0.8655
CentroidY: 0.7530
