Location: internet_30.png_Gaussian-Closing.png
Component: component_1755078354072_143.png
centerX: 0.6545747682386135
centerY: 0.27658967778728255
width: 0.041112454655380895
height: 0.028514399771884802
Area: 0.0003468619851332057
CentroidX: 0.6750
CentroidY: 0.2898
