Location: internet_30.png_Mean-Closing.png
Component: component_1755078353328_90.png
centerX: 0.8315195485691254
centerY: 0.18192187054462503
width: 0.028617492946392584
height: 0.026803535785571715
Area: 0.0002938787594385709
CentroidX: 0.8449
CentroidY: 0.1943
