Location: Dedata_24.png_Otsu.png
Component: component_1755507995254_461.png
centerX: 0.739516129032258
centerY: 0.377885437446566
width: 0.03387096774193549
height: 0.03619264747791394
Area: 0.00043712481269362653
CentroidX: 0.7564
CentroidY: 0.3946
