Location: internet_30.png_Mean-Medain.png
Component: component_1755078353471_121.png
centerX: 0.558645707376058
centerY: 0.2303963501568292
width: 0.030229746070133012
height: 0.025092671799258625
Area: 0.0003162903191141756
CentroidX: 0.5725
CentroidY: 0.2431
