Location: Dedata_24.png_Mean-Closing.png
Component: component_1755507996154_174.png
centerX: 0.5120967741935484
centerY: 0.39726417782844115
width: 0.037096774193548385
height: 0.04075235109717868
Area: 0.0005537603765432667
CentroidX: 0.5303
CentroidY: 0.4165
