Location: internet_30.png_Mean-Closing.png
Component: component_1755078353328_92.png
centerX: 0.727932285368803
centerY: 0.18391787852865696
width: 0.029826682789197905
height: 0.02566295979469632
Area: 0.0003236459079307844
CentroidX: 0.7417
CentroidY: 0.1962
