Location: internet_30.png_Mean-Closing.png
Component: component_1755078353355_210.png
centerX: 0.4026602176541717
centerY: 0.4305674365554605
width: 0.039500201531640466
height: 0.029940119760479042
Area: 0.00039237469093597225
CentroidX: 0.4227
CentroidY: 0.4457
