Location: internet_30.png_Gaussian-Median.png
Component: component_1755078353920_233.png
centerX: 0.7251108424022572
centerY: 0.41231822070145424
width: 0.03829101168883515
height: 0.0290846877673225
Area: 0.000379962134807945
CentroidX: 0.7447
CentroidY: 0.4267
