Location: Dedata_24.png_Otsu.png
Component: component_1755507995281_491.png
centerX: 0.06008064516129032
centerY: 0.45882017668851527
width: 0.0375
height: 0.03277286976346538
Area: 0.00043597569383796507
CentroidX: 0.0788
CentroidY: 0.4740
