Location: Dedata_24.png_Mean-Closing.png
Component: component_1755507996150_156.png
centerX: 0.13024193548387097
centerY: 0.35024223425477347
width: 0.03185483870967742
height: 0.031062980906241093
Area: 0.0004318388659575837
CentroidX: 0.1471
CentroidY: 0.3645
