Location: Dedata_24.png_Mean-Closing.png
Component: component_1755507996110_21.png
centerX: 0.9379032258064516
centerY: 0.04331718438301511
width: 0.03508064516129032
height: 0.029068110572812767
Area: 0.0002746394065030934
CentroidX: 0.9557
CentroidY: 0.0565
