Location: Dedata_24.png_Otsu.png
Component: component_1755507995199_12.png
centerX: 0.6629032258064517
centerY: 0.009119407238529496
width: 0.03870967741935484
height: 0.029923055001424906
Area: 0.00022281414611276072
CentroidX: 0.6810
CentroidY: 0.0210
