Location: internet_30.png_Gaussian-Median.png
Component: component_1755078353868_59.png
centerX: 0.7275292220878677
centerY: 0.1015112631879099
width: 0.028617492946392584
height: 0.03421727972626176
Area: 0.0003788128240553499
CentroidX: 0.7414
CentroidY: 0.1171
