Location: internet_30.png_Mean-Closing.png
Component: component_1755078353360_229.png
centerX: 0.6227327690447401
centerY: 0.46820644425434843
width: 0.03667875856509472
height: 0.030795551753635585
Area: 0.00035352798749825734
CentroidX: 0.6415
CentroidY: 0.4835
