Location: internet_30.png_Mean-Closing.png
Component: component_1755078353363_244.png
centerX: 0.7807335751713019
centerY: 0.5132591958939264
width: 0.03788794840790004
height: 0.029940119760479042
Area: 0.0003881222411513703
CentroidX: 0.8014
CentroidY: 0.5279
