Location: internet_30.png_Mean-Closing.png
Component: component_1755078353362_239.png
centerX: 0.06368399838774688
centerY: 0.4975762760193898
width: 0.046352277307537285
height: 0.034787567721699456
Area: 0.00040133931480621415
CentroidX: 0.0873
CentroidY: 0.5127
