Location: internet_30.png_Gaussian-Median.png
Component: component_1755078353866_51.png
centerX: 0.06529625151148731
centerY: 0.06102081551183348
width: 0.036275695284159616
height: 0.034787567721699456
Area: 0.00040536190244029705
CentroidX: 0.0832
CentroidY: 0.0766
