Location: Dedata_24.png_Gaussian-Median.png
Component: component_1755507995845_252.png
centerX: 0.8528225806451613
centerY: 0.6175548589341693
width: 0.04032258064516129
height: 0.03818751781134226
Area: 0.0005073359747745429
CentroidX: 0.8719
CentroidY: 0.6348
