Location: internet_30.png_Mean-Closing.png
Component: component_1755078353381_319.png
centerX: 0.22974607013301088
centerY: 0.7025948103792415
width: 0.041112454655380895
height: 0.03165098374679213
Area: 0.00040375286738666386
CentroidX: 0.2523
CentroidY: 0.7184
