Location: internet_30.png_Mean-Closing.png
Component: component_1755078353345_163.png
centerX: 0.4014510278113664
centerY: 0.33447390932420873
width: 0.042724707779121324
height: 0.031080695751354435
Area: 0.0002460674321306141
CentroidX: 0.4200
CentroidY: 0.3501
