Location: Dedata_24.png_Mean-Closing.png
Component: component_1755507996162_208.png
centerX: 0.1907258064516129
centerY: 0.49216300940438873
width: 0.039112903225806454
height: 0.037902536335138216
Area: 0.00054709548718043
CentroidX: 0.2096
CentroidY: 0.5103
