Location: internet_30.png_Mean-Closing.png
Component: component_1755078353334_122.png
centerX: 0.24022571543732366
centerY: 0.23809523809523808
width: 0.0354695687222894
height: 0.026803535785571715
Area: 0.000350309917390991
CentroidX: 0.2549
CentroidY: 0.2517
