Location: Dedata_24.png_Gaussian-Median.png
Component: component_1755507995767_93.png
centerX: 0.24475806451612903
centerY: 0.19863208891422057
width: 0.03064516129032258
height: 0.037902536335138216
Area: 0.000300724404526609
CentroidX: 0.2600
CentroidY: 0.2148
