Location: internet_30.png_Mean-Medain.png
Component: component_1755078353742_327.png
centerX: 0.6328093510681176
centerY: 0.679213002566296
width: 0.03667875856509472
height: 0.03022526375819789
Area: 0.0003382421544887423
CentroidX: 0.6514
CentroidY: 0.6945
