Location: Dedata_24.png_Mean-Medain.png
Component: component_1755507995385_50.png
centerX: 0.3403225806451613
centerY: 0.09917355371900827
width: 0.039112903225806454
height: 0.03220290681105728
Area: 0.00026751486959799225
CentroidX: 0.3575
CentroidY: 0.1125
