Location: Dedata_24.png_Mean-Closing.png
Component: component_1755507996172_243.png
centerX: 0.5766129032258065
centerY: 0.5933314334568253
width: 0.0407258064516129
height: 0.04160729552579082
Area: 0.0005567480855679864
CentroidX: 0.5955
CentroidY: 0.6117
