Location: Dedata_24.png_Mean-Closing.png
Component: component_1755507996180_278.png
centerX: 0.13709677419354838
centerY: 0.7067540609860359
width: 0.043548387096774194
height: 0.037902536335138216
Area: 0.0005600805302494047
CentroidX: 0.1579
CentroidY: 0.7230
