Location: Dedata_24.png_Mean-Closing.png
Component: component_1755507996179_271.png
centerX: 0.3092741935483871
centerY: 0.6845255058421202
width: 0.039919354838709675
height: 0.039897406668566546
Area: 0.0005140008641373794
CentroidX: 0.3274
CentroidY: 0.7022
