Location: internet_30.png_Mean-Closing.png
Component: component_1755078353378_309.png
centerX: 0.7702539298669892
centerY: 0.6678072426575421
width: 0.03305118903667876
height: 0.027944111776447105
Area: 0.0003312313588979121
CentroidX: 0.7876
CentroidY: 0.6828
