Location: Dedata_24.png_Mean-Closing.png
Component: component_1755507996173_248.png
centerX: 0.9064516129032258
centerY: 0.609575377600456
width: 0.043548387096774194
height: 0.03818751781134226
Area: 0.0005452568970113717
CentroidX: 0.9276
CentroidY: 0.6277
