Location: Dedata_24.png_Otsu.png
Component: component_1755507995299_511.png
centerX: 0.012096774193548387
centerY: 0.5158164719293246
width: 0.03669354838709677
height: 0.04075235109717868
Area: 0.0004950404030189651
CentroidX: 0.0302
CentroidY: 0.5337
