Location: Dedata_24.png_Mean-Closing.png
Component: component_1755507996114_36.png
centerX: 0.11733870967741936
centerY: 0.06355086919350242
width: 0.03024193548387097
height: 0.030493017953833
Area: 0.00029934546189981523
CentroidX: 0.1327
CentroidY: 0.0761
