Location: Dedata_24.png_Mean-Closing.png
Component: component_1755507996144_134.png
centerX: 0.6830645161290323
centerY: 0.29524080934739244
width: 0.03185483870967742
height: 0.031917925334853235
Area: 0.00043195377784314987
CentroidX: 0.6981
CentroidY: 0.3092
