Location: internet_30.png_Gaussian-Closing.png
Component: component_1755078354301_326.png
centerX: 0.7702539298669892
centerY: 0.6680923866552609
width: 0.03305118903667876
height: 0.02765896777872826
Area: 0.0003059465223408196
CentroidX: 0.7875
CentroidY: 0.6827
