Location: Dedata_24.png_Mean-Closing.png
Component: component_1755507996126_70.png
centerX: 0.29516129032258065
centerY: 0.1450555713878598
width: 0.032661290322580645
height: 0.03334283271587347
Area: 0.00029704722418849225
CentroidX: 0.3106
CentroidY: 0.1604
