Location: internet_30.png_Mean-Medain.png
Component: component_1755078353704_299.png
centerX: 0.7339782345828295
centerY: 0.6164813230681494
width: 0.04191858121725111
height: 0.02623324779013402
Area: 0.00039306427738752933
CentroidX: 0.7521
CentroidY: 0.6309
