Location: Dedata_24.png_Gaussian-Median.png
Component: component_1755507995781_153.png
centerX: 0.6786290322580645
centerY: 0.3339982901111428
width: 0.037096774193548385
height: 0.04189227700199487
Area: 0.0005587015876226109
CentroidX: 0.6974
CentroidY: 0.3524
