Location: Dedata_24.png_Mean-Medain.png
Component: component_1755507995582_250.png
centerX: 0.8524193548387097
centerY: 0.6175548589341693
width: 0.0407258064516129
height: 0.03818751781134226
Area: 0.0005352595629671168
CentroidX: 0.8718
CentroidY: 0.6348
