Location: Dedata_24.png_Gaussian-Median.png
Component: component_1755507995832_212.png
centerX: 0.12943548387096773
centerY: 0.4970076944998575
width: 0.03951612903225806
height: 0.04075235109717868
Area: 0.0005311227350867355
CentroidX: 0.1482
CentroidY: 0.5166
