Location: internet_30.png_Mean-Closing.png
Component: component_1755078353309_19.png
centerX: 0.06811769447803305
centerY: 0.011976047904191617
width: 0.03426037887948408
height: 0.029654975762760195
Area: 0.0003991556243762834
CentroidX: 0.0849
CentroidY: 0.0255
