Location: Dedata_24.png_Gaussian-Median.png
Component: component_1755507995840_237.png
centerX: 0.3620967741935484
centerY: 0.567113137646053
width: 0.035483870967741936
height: 0.04018238814477059
Area: 0.0005441077781557102
CentroidX: 0.3796
CentroidY: 0.5858
