Location: internet_30.png_Mean-Medain.png
Component: component_1755078353456_58.png
centerX: 0.34099153567110035
centerY: 0.10578842315369262
width: 0.032245062474808545
height: 0.035642999714856
Area: 0.00037651420255015964
CentroidX: 0.3561
CentroidY: 0.1213
