Location: internet_30.png_Gaussian-Median.png
Component: component_1755078353892_155.png
centerX: 0.5957275292220878
centerY: 0.2771599657827203
width: 0.041515517936316
height: 0.028229255774165955
Area: 0.00035444743610033345
CentroidX: 0.6197
CentroidY: 0.2908
