Location: internet_30.png_Mean-Closing.png
Component: component_1755078353347_173.png
centerX: 0.9052801289802499
centerY: 0.3558597091531223
width: 0.035872632003224506
height: 0.02879954376960365
Area: 0.00035709085083130223
CentroidX: 0.9245
CentroidY: 0.3698
