Location: internet_30.png_Mean-Closing.png
Component: component_1755078353353_201.png
centerX: 0.928254735993551
centerY: 0.4049044767607642
width: 0.030229746070133012
height: 0.026518391787852865
Area: 0.00021262248923009625
CentroidX: 0.9395
CentroidY: 0.4198
