Location: internet_30.png_Mean-Medain.png
Component: component_1755078353768_358.png
centerX: 0.3381700927045546
centerY: 0.7510692899914457
width: 0.03385731559854897
height: 0.034787567721699456
Area: 0.0003828354116894328
CentroidX: 0.3547
CentroidY: 0.7681
