Location: internet_30.png_Mean-Medain.png
Component: component_1755078353718_305.png
centerX: 0.4550584441757356
centerY: 0.6375819788993442
width: 0.037484885126964934
height: 0.03364699173082407
Area: 0.00025985916116175547
CentroidX: 0.4697
CentroidY: 0.6560
