Location: Dedata_24.png_Gaussian-Median.png
Component: component_1755507995752_26.png
centerX: 0.44233870967741934
centerY: 0.04930179538330009
width: 0.031451612903225803
height: 0.031062980906241093
Area: 0.00025567894538467903
CentroidX: 0.4585
CentroidY: 0.0637
