Location: Dedata_24.png_Gaussian-Median.png
Component: component_1755507995882_290.png
centerX: 0.8463709677419354
centerY: 0.7349672271302365
width: 0.03870967741935484
height: 0.03932744371615845
Area: 0.0005079105342023736
CentroidX: 0.8656
CentroidY: 0.7532
