Location: internet_30.png_Mean-Closing.png
Component: component_1755078353361_234.png
centerX: 0.34784361144699716
centerY: 0.482178500142572
width: 0.04836759371221282
height: 0.029940119760479042
Area: 0.0003826055495389138
CentroidX: 0.3686
CentroidY: 0.4972
