Location: internet_30.png_Gaussian-Median.png
Component: component_1755078353958_390.png
centerX: 0.819024586860137
centerY: 0.7194183062446535
width: 0.030229746070133012
height: 0.03051040775591674
Area: 0.0003022687279325152
CentroidX: 0.8350
CentroidY: 0.7352
