Location: Dedata_24.png_Mean-Closing.png
Component: component_1755507996178_270.png
centerX: 0.8689516129032258
centerY: 0.6799658022228555
width: 0.03870967741935484
height: 0.03676261043032203
Area: 0.0004960746099890603
CentroidX: 0.8873
CentroidY: 0.6962
