Location: Dedata_24.png_Otsu.png
Component: component_1755507995229_326.png
centerX: 0.021370967741935483
centerY: 0.22342547734397264
width: 0.020967741935483872
height: 0.024793388429752067
Area: 6.630415797166733e-05
CentroidX: 0.0295
CentroidY: 0.2390
