Location: internet_30.png_Gaussian-Median.png
Component: component_1755078353939_304.png
centerX: 0.8210399032648126
centerY: 0.5625891074992871
width: 0.03143893591293833
height: 0.02737382378100941
Area: 0.00033755256803718524
CentroidX: 0.8359
CentroidY: 0.5771
