Location: Dedata_24.png_Mean-Closing.png
Component: component_1755507996185_295.png
centerX: 0.1314516129032258
centerY: 0.7552009119407238
width: 0.03870967741935484
height: 0.040467369620974636
Area: 0.000543992866270144
CentroidX: 0.1496
CentroidY: 0.7733
