Location: internet_30.png_Mean-Closing.png
Component: component_1755078353312_31.png
centerX: 0.6195082627972591
centerY: 0.057028799543769604
width: 0.032648125755743655
height: 0.03507271171941831
Area: 0.00041202790480534873
CentroidX: 0.6358
CentroidY: 0.0729
