Location: internet_30.png_Gaussian-Median.png
Component: component_1755078353864_40.png
centerX: 0.9334945586457074
centerY: 0.05731394354148845
width: 0.01894397420395002
height: 0.033932135728542916
Area: 0.0002007845884783666
CentroidX: 0.9418
CentroidY: 0.0738
