Location: internet_30.png_Gaussian-Median.png
Component: component_1755078353937_300.png
centerX: 0.014107214832728738
centerY: 0.5577416595380668
width: 0.03143893591293833
height: 0.02879954376960365
Area: 0.00035709085083130223
CentroidX: 0.0269
CentroidY: 0.5721
