Location: internet_30.png_Mean-Closing.png
Component: component_1755078353367_261.png
centerX: 0.864167674324869
centerY: 0.5594525235243798
width: 0.04191858121725111
height: 0.02765896777872826
Area: 0.0003978913825484288
CentroidX: 0.8817
CentroidY: 0.5732
