Location: Dedata_24.png_Otsu.png
Component: component_1755507995205_54.png
centerX: 0.8266129032258065
centerY: 0.08264462809917356
width: 0.03346774193548387
height: 0.02821316614420063
Area: 0.00016328978938949613
CentroidX: 0.8431
CentroidY: 0.0942
