Location: Dedata_24.png_Otsu.png
Component: component_1755507995305_534.png
centerX: 0.1879032258064516
centerY: 0.5927614705044172
width: 0.03588709677419355
height: 0.03590766600170989
Area: 0.0004459730278822199
CentroidX: 0.2052
CentroidY: 0.6093
