Location: Kurtxevani_1794_page_10.png_Mean-Medain.png
Component: component_1755610055050_2119.png
centerX: 0.4213909994155465
centerY: 0.6676950198325253
width: 0.018702513150204558
height: 0.021595416483032173
Area: 0.00022718731542640508
CentroidX: 0.4307
CentroidY: 0.6781
