Location: internet_30.png_Mean-Closing.png
Component: component_1755078353308_16.png
centerX: 0.18823055219669488
centerY: 0.01140575990875392
width: 0.03466344216041919
height: 0.03364699173082407
Area: 0.0004142115952352794
CentroidX: 0.2048
CentroidY: 0.0260
