Location: Dedata_24.png_Mean-Medain.png
Component: component_1755507995590_258.png
centerX: 0.23588709677419356
centerY: 0.6389284696494728
width: 0.04233870967741935
height: 0.04417212881162724
Area: 0.0005660559482988445
CentroidX: 0.2555
CentroidY: 0.6579
