Location: internet_30.png_Mean-Medain.png
Component: component_1755078353676_260.png
centerX: 0.6122531237404273
centerY: 0.5218135158254918
width: 0.03829101168883515
height: 0.031080695751354435
Area: 0.0003461723986816486
CentroidX: 0.6325
CentroidY: 0.5378
