Location: Dedata_24.png_Gaussian-Median.png
Component: component_1755507995773_120.png
centerX: 0.1310483870967742
centerY: 0.25591336563123396
width: 0.032661290322580645
height: 0.030208036477628954
Area: 0.00026958328353818295
CentroidX: 0.1477
CentroidY: 0.2698
