Location: Dedata_24.png_Mean-Medain.png
Component: component_1755507995409_153.png
centerX: 0.22822580645161292
centerY: 0.3394129381590197
width: 0.035483870967741936
height: 0.03590766600170989
Area: 0.00047159837836347086
CentroidX: 0.2458
CentroidY: 0.3555
