Location: internet_30.png_Gaussian-Closing.png
Component: component_1755078354311_363.png
centerX: 0.07456670697299476
centerY: 0.7650413458796692
width: 0.0354695687222894
height: 0.02765896777872826
Area: 0.000299970106427325
CentroidX: 0.0941
CentroidY: 0.7779
