Location: internet_30.png_Gaussian-Closing.png
Component: component_1755078354235_172.png
centerX: 0.4014510278113664
centerY: 0.33447390932420873
width: 0.042724707779121324
height: 0.031080695751354435
Area: 0.00023951636084082196
CentroidX: 0.4202
CentroidY: 0.3503
