Location: internet_30.png_Gaussian-Closing.png
Component: component_1755078354057_108.png
centerX: 0.343409915356711
centerY: 0.19560878243512975
width: 0.03184199919387344
height: 0.02566295979469632
Area: 0.0002966371052447992
CentroidX: 0.3577
CentroidY: 0.2079
