Location: Dedata_24.png_Otsu.png
Component: component_1755507995246_444.png
centerX: 0.28588709677419355
centerY: 0.3328583642063266
width: 0.0375
height: 0.03419777714448561
Area: 0.0003959863576609456
CentroidX: 0.3037
CentroidY: 0.3474
