Location: Dedata_24.png_Gaussian-Median.png
Component: component_1755507995775_127.png
centerX: 0.9431451612903226
centerY: 0.2761470504417213
width: 0.03346774193548387
height: 0.03562268452550584
Area: 0.00045137388650382887
CentroidX: 0.9603
CentroidY: 0.2930
