Location: internet_30.png_Mean-Closing.png
Component: component_1755078353330_101.png
centerX: 0.28496573962112054
centerY: 0.19731964642144284
width: 0.03506650544135429
height: 0.027088679783290562
Area: 0.0003360584640588116
CentroidX: 0.3015
CentroidY: 0.2097
