Location: internet_30.png_Gaussian-Median.png
Component: component_1755078353865_44.png
centerX: 0.3913744457879887
centerY: 0.05930995152552039
width: 0.03426037887948408
height: 0.035642999714856
Area: 0.000395018105666941
CentroidX: 0.4073
CentroidY: 0.0749
