Location: internet_30.png_Mean-Closing.png
Component: component_1755078353384_333.png
centerX: 0.6078194276501411
centerY: 0.7399486740804107
width: 0.037484885126964934
height: 0.032506415739948676
Area: 0.00034548281223009154
CentroidX: 0.6282
CentroidY: 0.7548
