Location: Dedata_24.png_Gaussian-Median.png
Component: component_1755507995761_64.png
centerX: 0.5681451612903226
centerY: 0.13479623824451412
width: 0.03064516129032258
height: 0.028783129096608722
Area: 0.0002544149146434514
CentroidX: 0.5841
CentroidY: 0.1474
