Location: internet_30.png_Mean-Medain.png
Component: component_1755078353440_7.png
centerX: 0.41555824264409513
centerY: 0.009124607927003137
width: 0.03788794840790004
height: 0.034787567721699456
Area: 0.0004235210123312999
CentroidX: 0.4338
CentroidY: 0.0247
