Location: internet_30.png_Gaussian-Median.png
Component: component_1755078353885_139.png
centerX: 0.34542523176138656
centerY: 0.23666951810664386
width: 0.03466344216041919
height: 0.02879954376960365
Area: 0.00022526490750864254
CentroidX: 0.3567
CentroidY: 0.2542
