Location: Dedata_24.png_Mean-Medain.png
Component: component_1755507995600_269.png
centerX: 0.36612903225806454
centerY: 0.677115987460815
width: 0.035483870967741936
height: 0.038472499287546306
Area: 0.0005010158210684047
CentroidX: 0.3828
CentroidY: 0.6943
