Location: Dedata_24.png_Mean-Medain.png
Component: component_1755507995392_90.png
centerX: 0.2955645161290323
centerY: 0.1957822741521801
width: 0.039919354838709675
height: 0.031062980906241093
Area: 0.0003386453267634378
CentroidX: 0.3150
CentroidY: 0.2097
