Location: Dedata_24.png_Otsu.png
Component: component_1755507995284_493.png
centerX: 0.7431451612903226
centerY: 0.4645198062125962
width: 0.03669354838709677
height: 0.03761755485893417
Area: 0.0004596475422645915
CentroidX: 0.7613
CentroidY: 0.4815
