Location: internet_30.png_Mean-Medain.png
Component: component_1755078353709_301.png
centerX: 0.6199113260781943
centerY: 0.6218990590248076
width: 0.041515517936316
height: 0.030795551753635585
Area: 0.0004182341828693623
CentroidX: 0.6369
CentroidY: 0.6392
