Location: internet_30.png_Mean-Medain.png
Component: component_1755078353469_113.png
centerX: 0.06449012494961709
centerY: 0.2030225263758198
width: 0.03506650544135429
height: 0.02737382378100941
Area: 0.0003196233202967015
CentroidX: 0.0825
CentroidY: 0.2150
