Location: internet_30.png_Gaussian-Closing.png
Component: component_1755078354055_99.png
centerX: 0.8806932688432084
centerY: 0.18192187054462503
width: 0.03385731559854897
height: 0.029940119760479042
Area: 0.00030560172911504104
CentroidX: 0.8977
CentroidY: 0.1950
