Location: internet_30.png_Gaussian-Median.png
Component: component_1755078353928_265.png
centerX: 0.5654977831519549
centerY: 0.4724836042201312
width: 0.039500201531640466
height: 0.029654975762760195
Area: 0.0003568609886807832
CentroidX: 0.5847
CentroidY: 0.4869
