Location: internet_30.png_Mean-Closing.png
Component: component_1755078353367_260.png
centerX: 0.013704151551793631
centerY: 0.5577416595380668
width: 0.03184199919387344
height: 0.028514399771884802
Area: 0.0003719169595397792
CentroidX: 0.0269
CentroidY: 0.5721
