Location: internet_30.png_Mean-Closing.png
Component: component_1755078353307_11.png
centerX: 0.4719871019750101
centerY: 0.010550327915597377
width: 0.03506650544135429
height: 0.03706871970345024
Area: 0.00043501411985725103
CentroidX: 0.4878
CentroidY: 0.0271
