Location: Dedata_24.png_Mean-Medain.png
Component: component_1755507995390_74.png
centerX: 0.9024193548387097
centerY: 0.15531490453120547
width: 0.031048387096774193
height: 0.03305785123966942
Area: 0.00028268323849272377
CentroidX: 0.9179
CentroidY: 0.1702
