Location: Dedata_24.png_Mean-Medain.png
Component: component_1755507995385_49.png
centerX: 0.39475806451612905
centerY: 0.09717868338557993
width: 0.03669354838709677
height: 0.032487888287261325
Area: 0.0002759034372443211
CentroidX: 0.4116
CentroidY: 0.1108
