Location: internet_30.png_Gaussian-Median.png
Component: component_1755078353942_314.png
centerX: 0.4494155582426441
centerY: 0.5873966353008269
width: 0.044740024183796856
height: 0.028514399771884802
Area: 0.00024445839707698097
CentroidX: 0.4646
CentroidY: 0.6040
