Location: Dedata_24.png_Otsu.png
Component: component_1755507995277_483.png
centerX: 0.6330645161290323
centerY: 0.4351667141635794
width: 0.03870967741935484
height: 0.038472499287546306
Area: 0.0004918228702231129
CentroidX: 0.6516
CentroidY: 0.4515
