Location: internet_30.png_Mean-Closing.png
Component: component_1755078353375_293.png
centerX: 0.40064490124949614
centerY: 0.6404334188765326
width: 0.03667875856509472
height: 0.03165098374679213
Area: 0.000404902178139259
CentroidX: 0.4205
CentroidY: 0.6550
