Location: Dedata_24.png_Gaussian-Median.png
Component: component_1755507995777_137.png
centerX: 0.17943548387096775
centerY: 0.29666571672841263
width: 0.03588709677419355
height: 0.03334283271587347
Area: 0.00042965554013182694
CentroidX: 0.1971
CentroidY: 0.3125
