Location: Dedata_24.png_Gaussian-Median.png
Component: component_1755507995765_88.png
centerX: 0.4713709677419355
centerY: 0.1846679965802223
width: 0.031451612903225803
height: 0.03562268452550584
Area: 0.00029842616681528605
CentroidX: 0.4865
CentroidY: 0.1998
