Location: Dedata_24.png_Mean-Closing.png
Component: component_1755507996181_280.png
centerX: 0.5157258064516129
centerY: 0.7150185237959532
width: 0.042741935483870966
height: 0.03761755485893417
Area: 0.0005541051121999651
CentroidX: 0.5356
CentroidY: 0.7322
