Location: Dedata_24.png_Gaussian-Median.png
Component: component_1755507995784_164.png
centerX: 0.013709677419354839
centerY: 0.36363636363636365
width: 0.032661290322580645
height: 0.030493017953833
Area: 0.0003933433842929242
CentroidX: 0.0294
CentroidY: 0.3769
