Location: Dedata_24.png_Gaussian-Median.png
Component: component_1755507995764_80.png
centerX: 0.06814516129032258
centerY: 0.1652892561983471
width: 0.034274193548387094
height: 0.03562268452550584
Area: 0.0002523465007032607
CentroidX: 0.0851
CentroidY: 0.1819
