Location: internet_30.png_Gaussian-Median.png
Component: component_1755078353872_78.png
centerX: 0.7787182587666264
centerY: 0.14228685486170517
width: 0.032648125755743655
height: 0.03022526375819789
Area: 0.00037030792448614606
CentroidX: 0.7941
CentroidY: 0.1572
