Location: Dedata_24.png_Otsu.png
Component: component_1755507995201_30.png
centerX: 0.8786290322580645
centerY: 0.04645198062125962
width: 0.03387096774193549
height: 0.030777999430037048
Area: 0.00017799851074196306
CentroidX: 0.8970
CentroidY: 0.0599
