Location: internet_30.png_Mean-Medain.png
Component: component_1755078353686_269.png
centerX: 0.17654171704957677
centerY: 0.5449101796407185
width: 0.04877065699314793
height: 0.038209295694325636
Area: 0.00040145424588147364
CentroidX: 0.1978
CentroidY: 0.5638
