Location: internet_30.png_Mean-Closing.png
Component: component_1755078353308_14.png
centerX: 0.5264006449012495
centerY: 0.011120615911035072
width: 0.03385731559854897
height: 0.03706871970345024
Area: 0.0004438638126522334
CentroidX: 0.5426
CentroidY: 0.0277
