Location: internet_30.png_Mean-Closing.png
Component: component_1755078353341_144.png
centerX: 0.00886739218057235
centerY: 0.28970630168234957
width: 0.037081821846029824
height: 0.031936127744510975
Area: 0.0004021438323330307
CentroidX: 0.0290
CentroidY: 0.3041
