Location: internet_30.png_Gaussian-Closing.png
Component: component_1755078354285_272.png
centerX: 0.17654171704957677
centerY: 0.5451953236384374
width: 0.04877065699314793
height: 0.03792415169660679
Area: 0.00038639827502247765
CentroidX: 0.1979
CentroidY: 0.5640
