Location: Dedata_24.png_Mean-Closing.png
Component: component_1755507996125_64.png
centerX: 0.5096774193548387
centerY: 0.13707609005414648
width: 0.03185483870967742
height: 0.028498147620404674
Area: 0.00028130429586593
CentroidX: 0.5260
CentroidY: 0.1492
