Location: Dedata_24.png_Mean-Closing.png
Component: component_1755507996180_277.png
centerX: 0.6258064516129033
centerY: 0.701054431461955
width: 0.04233870967741935
height: 0.037902536335138216
Area: 0.0005527261695731713
CentroidX: 0.6464
CentroidY: 0.7183
