Location: internet_30.png_Mean-Medain.png
Component: component_1755078353730_320.png
centerX: 0.06449012494961709
centerY: 0.6615340747077274
width: 0.039500201531640466
height: 0.029654975762760195
Area: 0.0002657206459999906
CentroidX: 0.0804
CentroidY: 0.6782
