Location: internet_30.png_Mean-Medain.png
Component: component_1755078353765_355.png
centerX: 0.49979846835953246
centerY: 0.7467921300256629
width: 0.039500201531640466
height: 0.029369831765041345
Area: 0.00035571167792818807
CentroidX: 0.5198
CentroidY: 0.7618
