Location: Dedata_24.png_Mean-Medain.png
Component: component_1755507995377_21.png
centerX: 0.9379032258064516
centerY: 0.043032202906811055
width: 0.03508064516129032
height: 0.029353092049016812
Area: 0.00027636308478658564
CentroidX: 0.9557
CentroidY: 0.0565
