Location: internet_30.png_Mean-Medain.png
Component: component_1755078353700_293.png
centerX: 0.8976219266424829
centerY: 0.6062161391502708
width: 0.037081821846029824
height: 0.025377815796977475
Area: 0.00037973227265742596
CentroidX: 0.9178
CentroidY: 0.6191
