Location: internet_30.png_Gaussian-Median.png
Component: component_1755078353940_305.png
centerX: 0.7634018540910923
centerY: 0.564585115483319
width: 0.04554615074566707
height: 0.02765896777872826
Area: 0.0003655957504005061
CentroidX: 0.7820
CentroidY: 0.5790
