Location: internet_30.png_Gaussian-Median.png
Component: component_1755078353900_181.png
centerX: 0.4615074566706973
centerY: 0.32848588537211293
width: 0.03184199919387344
height: 0.031936127744510975
Area: 0.00034548281223009154
CentroidX: 0.4771
CentroidY: 0.3437
