Location: Dedata_24.png_Gaussian-Median.png
Component: component_1755507995760_58.png
centerX: 0.9028225806451613
centerY: 0.12111712738671987
width: 0.035483870967741936
height: 0.026503277286976348
Area: 0.00028888848031329576
CentroidX: 0.9211
CentroidY: 0.1342
