Location: internet_30.png_Gaussian-Median.png
Component: component_1755078353948_340.png
centerX: 0.40024183796856105
centerY: 0.6404334188765326
width: 0.037081821846029824
height: 0.03136583974907328
Area: 0.00038766251685033227
CentroidX: 0.4205
CentroidY: 0.6549
