Location: Dedata_24.png_Mean-Closing.png
Component: component_1755507996157_186.png
centerX: 0.6891129032258064
centerY: 0.4288971216870903
width: 0.039919354838709675
height: 0.04075235109717868
Area: 0.0005443376019268425
CentroidX: 0.7080
CentroidY: 0.4463
