Location: Dedata_24.png_Gaussian-Median.png
Component: component_1755507995843_246.png
centerX: 0.12943548387096773
centerY: 0.6018808777429467
width: 0.03790322580645161
height: 0.037047591906526074
Area: 0.0004843535976613133
CentroidX: 0.1483
CentroidY: 0.6185
