Location: Kurtxevani_1794_page_10.png_Mean-Medain.png
Component: component_1755610055012_1746.png
centerX: 0.17592051431911163
centerY: 0.5165271044513001
width: 0.01928696668614845
height: 0.024239753195240195
Area: 0.00025036969455154845
CentroidX: 0.1852
CentroidY: 0.5281
