Location: internet_30.png_Mean-Medain.png
Component: component_1755078353459_74.png
centerX: 0.8810963321241435
centerY: 0.14314228685486172
width: 0.02902055622732769
height: 0.03136583974907328
Area: 0.00022767846008909227
CentroidX: 0.8939
CentroidY: 0.1585
