Location: internet_30.png_Mean-Closing.png
Component: component_1755078353383_331.png
centerX: 0.717049576783555
centerY: 0.7296834901625321
width: 0.04312777106005643
height: 0.028229255774165955
Area: 0.0003450230879290535
CentroidX: 0.7379
CentroidY: 0.7446
