Location: internet_30.png_Mean-Medain.png
Component: component_1755078353662_234.png
centerX: 0.0592503022974607
centerY: 0.44938694040490446
width: 0.04030632809351068
height: 0.03222127174222983
Area: 0.0004101890076011965
CentroidX: 0.0792
CentroidY: 0.4633
