Location: Dedata_24.png_Otsu.png
Component: component_1755507995267_467.png
centerX: 0.1782258064516129
centerY: 0.3921345112567683
width: 0.04314516129032258
height: 0.029923055001424906
Area: 0.0004510291508471304
CentroidX: 0.1962
CentroidY: 0.4075
