Location: internet_30.png_Mean-Medain.png
Component: component_1755078353702_295.png
centerX: 0.8444175735590488
centerY: 0.6093527231251782
width: 0.039500201531640466
height: 0.02566295979469632
Area: 0.00034755157158476274
CentroidX: 0.8660
CentroidY: 0.6218
