Location: Dedata_24.png_Mean-Closing.png
Component: component_1755507996149_151.png
centerX: 0.6782258064516129
centerY: 0.33428327158734683
width: 0.0375
height: 0.04160729552579082
Area: 0.0005809944934224437
CentroidX: 0.6973
CentroidY: 0.3522
