Location: Samociqulo_1709_page_10.png_Gaussian-Median.png
Component: component_1755610056134_1069.png
centerX: 0.5523341523341523
centerY: 0.231875
width: 0.02113022113022113
height: 0.015
Area: 0.00015724815724815725
CentroidX: 0.5612
CentroidY: 0.2393
