Location: Dedata_24.png_Mean-Closing.png
Component: component_1755507996171_239.png
centerX: 0.6870967741935484
centerY: 0.5759475634083785
width: 0.04395161290322581
height: 0.04217725847819892
Area: 0.0005483595179216577
CentroidX: 0.7075
CentroidY: 0.5953
