Location: Dedata_24.png_Mean-Medain.png
Component: component_1755507995392_86.png
centerX: 0.4713709677419355
centerY: 0.1846679965802223
width: 0.031451612903225803
height: 0.03562268452550584
Area: 0.0003204892488439864
CentroidX: 0.4863
CentroidY: 0.1995
