Location: internet_30.png_Mean-Closing.png
Component: component_1755078353345_165.png
centerX: 0.2910116888351471
centerY: 0.3378956372968349
width: 0.03667875856509472
height: 0.031936127744510975
Area: 0.0003929493463122698
CentroidX: 0.3093
CentroidY: 0.3536
