Location: Dedata_24.png_Mean-Closing.png
Component: component_1755507996112_30.png
centerX: 0.552016129032258
centerY: 0.050441721288116276
width: 0.02903225806451613
height: 0.028783129096608722
Area: 0.0002553342097279806
CentroidX: 0.5667
CentroidY: 0.0634
