Location: Dedata_24.png_Otsu.png
Component: component_1755507995204_48.png
centerX: 0.015725806451612902
centerY: 0.06725562838415503
width: 0.029838709677419355
height: 0.03305785123966942
Area: 0.0002673999577124261
CentroidX: 0.0291
CentroidY: 0.0824
