Location: Dedata_24.png_Gaussian-Median.png
Component: component_1755507995820_202.png
centerX: 0.35161290322580646
centerY: 0.4650897691650043
width: 0.03225806451612903
height: 0.03419777714448561
Area: 0.00043792919589258957
CentroidX: 0.3682
CentroidY: 0.4815
