Location: internet_30.png_Mean-Closing.png
Component: component_1755078353313_36.png
centerX: 0.33937928254735994
centerY: 0.06016538351867693
width: 0.026199113260781944
height: 0.036213287710293696
Area: 0.00025261850342040625
CentroidX: 0.3498
CentroidY: 0.0779
