Location: Dedata_24.png_Gaussian-Median.png
Component: component_1755507995752_27.png
centerX: 0.4939516129032258
centerY: 0.049016813907096037
width: 0.03387096774193549
height: 0.029068110572812767
Area: 0.0002559087691558113
CentroidX: 0.5114
CentroidY: 0.0628
