Location: internet_30.png_Gaussian-Closing.png
Component: component_1755078354073_148.png
centerX: 0.3333333333333333
centerY: 0.2865697177074423
width: 0.03909713825070536
height: 0.033361847733105215
Area: 0.000404902178139259
CentroidX: 0.3518
CentroidY: 0.3015
