Location: Dedata_24.png_Mean-Closing.png
Component: component_1755507996142_123.png
centerX: 0.4504032258064516
centerY: 0.27472214306070103
width: 0.03790322580645161
height: 0.03419777714448561
Area: 0.00045321247667288723
CentroidX: 0.4692
CentroidY: 0.2894
