Location: internet_30.png_Gaussian-Closing.png
Component: component_1755078354075_154.png
centerX: 0.1189036678758565
centerY: 0.28970630168234957
width: 0.0354695687222894
height: 0.03051040775591674
Area: 0.0003542175739498144
CentroidX: 0.1381
CentroidY: 0.3033
