Location: internet_30.png_Mean-Medain.png
Component: component_1755078353445_28.png
centerX: 0.7831519548569126
centerY: 0.05588822355289421
width: 0.03466344216041919
height: 0.036783575705731396
Area: 0.00041742966534254574
CentroidX: 0.8005
CentroidY: 0.0721
