Location: Dedata_24.png_Mean-Medain.png
Component: component_1755507995632_296.png
centerX: 0.6112903225806452
centerY: 0.7580507267027643
width: 0.046370967741935484
height: 0.039612425192362494
Area: 0.0005837523786760312
CentroidX: 0.6334
CentroidY: 0.7755
