Location: Dedata_24.png_Gaussian-Median.png
Component: component_1755507995778_142.png
centerX: 0.5044354838709677
centerY: 0.30891992020518666
width: 0.037096774193548385
height: 0.03676261043032203
Area: 0.0005162991018487024
CentroidX: 0.5240
CentroidY: 0.3264
