Location: Dedata_24.png_Gaussian-Median.png
Component: component_1755507995767_95.png
centerX: 0.8685483870967742
centerY: 0.20091194072385296
width: 0.034274193548387094
height: 0.032487888287261325
Area: 0.00037576186580130354
CentroidX: 0.8850
CentroidY: 0.2143
