Location: internet_30.png_Mean-Closing.png
Component: component_1755078353319_62.png
centerX: 0.06328093510681176
centerY: 0.11120615911035073
width: 0.030632809351068116
height: 0.03279155973766752
Area: 0.0004021438323330307
CentroidX: 0.0769
CentroidY: 0.1272
