Location: internet_30.png_Mean-Medain.png
Component: component_1755078353448_44.png
centerX: 0.2837565497783152
centerY: 0.06073567151411463
width: 0.02257154373236598
height: 0.035357855717137156
Area: 0.00025951436793597696
CentroidX: 0.2934
CentroidY: 0.0781
