Location: internet_30.png_Mean-Medain.png
Component: component_1755078353746_333.png
centerX: 0.35308343409915355
centerY: 0.6968919304248645
width: 0.032245062474808545
height: 0.033932135728542916
Area: 0.0004142115952352794
CentroidX: 0.3674
CentroidY: 0.7144
