Location: Dedata_24.png_Mean-Closing.png
Component: component_1755507996131_92.png
centerX: 0.8217741935483871
centerY: 0.20034197777144486
width: 0.03346774193548387
height: 0.03761755485893417
Area: 0.0004308046589874884
CentroidX: 0.8389
CentroidY: 0.2159
