Location: Paraklitoni_1720_page_10.png_Mean-Medain.png
Component: component_1755610055314_1082.png
centerX: 0.8079268292682927
centerY: 0.3879699248120301
width: 0.011432926829268292
height: 0.012030075187969926
Area: 9.398496240601504e-05
CentroidX: 0.8131
CentroidY: 0.3936
