Location: internet_30.png_Gaussian-Median.png
Component: component_1755078353953_367.png
centerX: 0.46997178557033453
centerY: 0.6897633304818933
width: 0.03829101168883515
height: 0.033932135728542916
Area: 0.0003992705554515429
CentroidX: 0.4900
CentroidY: 0.7071
