Location: internet_30.png_Gaussian-Median.png
Component: component_1755078353952_361.png
centerX: 0.6328093510681176
centerY: 0.679213002566296
width: 0.03667875856509472
height: 0.03022526375819789
Area: 0.00031238266255535226
CentroidX: 0.6513
CentroidY: 0.6945
