Location: Samociqulo_1709_page_10.png_Gaussian-Median.png
Component: component_1755610056283_2999.png
centerX: 0.13316953316953317
centerY: 0.7465625
width: 0.01769041769041769
height: 0.014375
Area: 0.00013513513513513514
CentroidX: 0.1408
CentroidY: 0.7539
