Location: internet_30.png_Gaussian-Closing.png
Component: component_1755078354201_168.png
centerX: 0.5171301894397421
centerY: 0.32848588537211293
width: 0.03143893591293833
height: 0.0290846877673225
Area: 0.00021434645535898893
CentroidX: 0.5277
CentroidY: 0.3465
