Location: internet_30.png_Mean-Medain.png
Component: component_1755078353665_246.png
centerX: 0.4139459895203547
centerY: 0.47619047619047616
width: 0.039500201531640466
height: 0.0290846877673225
Area: 0.00036168809384168267
CentroidX: 0.4346
CentroidY: 0.4891
