Location: Dedata_24.png_Gaussian-Median.png
Component: component_1755507995833_213.png
centerX: 0.9153225806451613
centerY: 0.5009974351667141
width: 0.039112903225806454
height: 0.03818751781134226
Area: 0.0005208955772713483
CentroidX: 0.9343
CentroidY: 0.5183
