Location: internet_30.png_Mean-Closing.png
Component: component_1755078353363_243.png
centerX: 0.8347440548166062
centerY: 0.5109780439121756
width: 0.037081821846029824
height: 0.03165098374679213
Area: 0.0003721468216902982
CentroidX: 0.8545
CentroidY: 0.5254
