Location: internet_30.png_Mean-Closing.png
Component: component_1755078353314_42.png
centerX: 0.06529625151148731
centerY: 0.06102081551183348
width: 0.036275695284159616
height: 0.03450242372398061
Area: 0.0004171998031920267
CentroidX: 0.0831
CentroidY: 0.0766
