Location: Dedata_24.png_Mean-Closing.png
Component: component_1755507996175_257.png
centerX: 0.6959677419354838
centerY: 0.6346537475064121
width: 0.04112903225806452
height: 0.04189227700199487
Area: 0.0005488191654639223
CentroidX: 0.7148
CentroidY: 0.6534
