Location: internet_30.png_Mean-Medain.png
Component: component_1755078353748_336.png
centerX: 0.2889963724304716
centerY: 0.7034502423723981
width: 0.04393389762192664
height: 0.028229255774165955
Area: 0.00025284836557092527
CentroidX: 0.3065
CentroidY: 0.7184
