Location: Dedata_24.png_Gaussian-Median.png
Component: component_1755507995765_85.png
centerX: 0.6366935483870968
centerY: 0.17697349672271304
width: 0.035483870967741936
height: 0.03163294385864919
Area: 0.00030658491069048254
CentroidX: 0.6549
CentroidY: 0.1898
