Location: internet_30.png_Mean-Medain.png
Component: component_1755078353464_94.png
centerX: 0.777509068923821
centerY: 0.18078129455374964
width: 0.037081821846029824
height: 0.026803535785571715
Area: 0.00035042484846625055
CentroidX: 0.7946
CentroidY: 0.1936
