Location: internet_30.png_Mean-Medain.png
Component: component_1755078353762_351.png
centerX: 0.717049576783555
centerY: 0.7296834901625321
width: 0.04353083434099154
height: 0.028229255774165955
Area: 0.00034870088233735787
CentroidX: 0.7380
CentroidY: 0.7446
