Location: Dedata_24.png_Mean-Closing.png
Component: component_1755507996131_93.png
centerX: 0.8685483870967742
centerY: 0.20091194072385296
width: 0.034274193548387094
height: 0.032487888287261325
Area: 0.0003950670625764164
CentroidX: 0.8849
CentroidY: 0.2141
