Location: internet_30.png_Gaussian-Closing.png
Component: component_1755078354264_219.png
centerX: 0.6727126158806933
centerY: 0.4180211006558312
width: 0.03184199919387344
height: 0.0290846877673225
Area: 0.00020928948804757044
CentroidX: 0.6845
CentroidY: 0.4340
