Location: internet_30.png_Gaussian-Median.png
Component: component_1755078353914_214.png
centerX: 0.4667472793228537
centerY: 0.3823781009409752
width: 0.03990326481257558
height: 0.027088679783290562
Area: 0.00024261949987282877
CentroidX: 0.4812
CentroidY: 0.3984
