Location: Dedata_24.png_Mean-Medain.png
Component: component_1755507995399_120.png
centerX: 0.5701612903225807
centerY: 0.2644628099173554
width: 0.03306451612903226
height: 0.037047591906526074
Area: 0.0004911333989097161
CentroidX: 0.5865
CentroidY: 0.2804
