Location: Dedata_24.png_Otsu.png
Component: component_1755507995320_595.png
centerX: 0.3717741935483871
centerY: 0.7814192077514962
width: 0.042741935483870966
height: 0.04018238814477059
Area: 0.0005373279769073074
CentroidX: 0.3942
CentroidY: 0.8001
