Location: Dedata_24.png_Otsu.png
Component: component_1755507995314_571.png
centerX: 0.1375
centerY: 0.7067540609860359
width: 0.042741935483870966
height: 0.03761755485893417
Area: 0.0004968789931880234
CentroidX: 0.1579
CentroidY: 0.7229
