Location: internet_30.png_Mean-Closing.png
Component: component_1755078353335_126.png
centerX: 0.06932688432083838
centerY: 0.24294268605645852
width: 0.03667875856509472
height: 0.0290846877673225
Area: 0.0003566311265302642
CentroidX: 0.0872
CentroidY: 0.2561
