Location: internet_30.png_Mean-Closing.png
Component: component_1755078353370_273.png
centerX: 0.40064490124949614
centerY: 0.5896777872825777
width: 0.037484885126964934
height: 0.033932135728542916
Area: 0.0002549171249255965
CentroidX: 0.4129
CentroidY: 0.6087
