Location: internet_30.png_Mean-Medain.png
Component: component_1755078353462_83.png
centerX: 0.39862958484482064
centerY: 0.1536926147704591
width: 0.03426037887948408
height: 0.026803535785571715
Area: 0.0003285879441669434
CentroidX: 0.4158
CentroidY: 0.1660
