Location: Dedata_24.png_Mean-Closing.png
Component: component_1755507996158_192.png
centerX: 0.4588709677419355
centerY: 0.44770589911655745
width: 0.03951612903225806
height: 0.03619264747791394
Area: 0.00048308956692008566
CentroidX: 0.4769
CentroidY: 0.4637
