Location: internet_30.png_Mean-Closing.png
Component: component_1755078353338_135.png
centerX: 0.5957275292220878
centerY: 0.2771599657827203
width: 0.041515517936316
height: 0.028229255774165955
Area: 0.0003688138205077724
CentroidX: 0.6197
CentroidY: 0.2909
