Location: internet_30.png_Mean-Closing.png
Component: component_1755078353343_153.png
centerX: 0.7339782345828295
centerY: 0.31822070145423437
width: 0.04554615074566707
height: 0.030795551753635585
Area: 0.0002677894053546618
CentroidX: 0.7514
CentroidY: 0.3368
