Location: internet_30.png_Mean-Closing.png
Component: component_1755078353380_315.png
centerX: 0.4703748488512696
centerY: 0.6900484744796122
width: 0.03788794840790004
height: 0.03364699173082407
Area: 0.000419958148998255
CentroidX: 0.4901
CentroidY: 0.7073
