Location: internet_30.png_Gaussian-Median.png
Component: component_1755078353878_108.png
centerX: 0.728335348649738
centerY: 0.18391787852865696
width: 0.029826682789197905
height: 0.02566295979469632
Area: 0.0003089347302975669
CentroidX: 0.7418
CentroidY: 0.1962
