Location: Dedata_24.png_Mean-Medain.png
Component: component_1755507995553_223.png
centerX: 0.24637096774193548
centerY: 0.5317754345967513
width: 0.035483870967741936
height: 0.03505272157309775
Area: 0.0005188271633311577
CentroidX: 0.2638
CentroidY: 0.5482
