Location: internet_30.png_Mean-Medain.png
Component: component_1755078353463_85.png
centerX: 0.3422007255139057
centerY: 0.15483319076133448
width: 0.03466344216041919
height: 0.028229255774165955
Area: 0.0003330702561020643
CentroidX: 0.3592
CentroidY: 0.1671
