Location: internet_30.png_Gaussian-Median.png
Component: component_1755078353953_368.png
centerX: 0.4022571543732366
centerY: 0.6931850584545195
width: 0.05199516324062878
height: 0.029940119760479042
Area: 0.00032582959836071506
CentroidX: 0.4287
CentroidY: 0.7074
