Location: Dedata_24.png_Gaussian-Median.png
Component: component_1755507995769_102.png
centerX: 0.5774193548387097
centerY: 0.21487603305785125
width: 0.037096774193548385
height: 0.03676261043032203
Area: 0.00040437492530727437
CentroidX: 0.5956
CentroidY: 0.2309
