Location: internet_30.png_Gaussian-Closing.png
Component: component_1755078354291_289.png
centerX: 0.40064490124949614
centerY: 0.5896777872825777
width: 0.03788794840790004
height: 0.033932135728542916
Area: 0.00025342302094722287
CentroidX: 0.4132
CentroidY: 0.6089
