Location: Dedata_24.png_Mean-Medain.png
Component: component_1755507995587_252.png
centerX: 0.7963709677419355
centerY: 0.6192647477913935
width: 0.043548387096774194
height: 0.04103733257338273
Area: 0.0006019084565954826
CentroidX: 0.8174
CentroidY: 0.6385
