Location: Dedata_24.png_Otsu.png
Component: component_1755507995304_528.png
centerX: 0.018548387096774192
centerY: 0.5693929894556854
width: 0.038306451612903226
height: 0.03875748076375036
Area: 0.0005131964809384164
CentroidX: 0.0363
CentroidY: 0.5867
