Location: Dedata_24.png_Otsu.png
Component: component_1755507995274_479.png
centerX: 0.2903225806451613
centerY: 0.4249073810202337
width: 0.034274193548387094
height: 0.033912795668281565
Area: 0.0004304599233307899
CentroidX: 0.3079
CentroidY: 0.4404
