Location: internet_30.png_Gaussian-Median.png
Component: component_1755078353877_103.png
centerX: 0.777509068923821
centerY: 0.18078129455374964
width: 0.037081821846029824
height: 0.026803535785571715
Area: 0.0003406557070691921
CentroidX: 0.7945
CentroidY: 0.1935
