Location: Dedata_24.png_Otsu.png
Component: component_1755507995289_500.png
centerX: 0.24798387096774194
centerY: 0.4827586206896552
width: 0.034274193548387094
height: 0.03419777714448561
Area: 0.0004278169499627686
CentroidX: 0.2655
CentroidY: 0.4991
