Location: Dedata_24.png_Gaussian-Median.png
Component: component_1755507995789_177.png
centerX: 0.12379032258064517
centerY: 0.4003989740666857
width: 0.03346774193548387
height: 0.03277286976346538
Area: 0.00043723972457919267
CentroidX: 0.1411
CentroidY: 0.4157
