Location: internet_30.png_Gaussian-Closing.png
Component: component_1755078354277_244.png
centerX: 0.6227327690447401
centerY: 0.46820644425434843
width: 0.03667875856509472
height: 0.03051040775591674
Area: 0.0003326105318010263
CentroidX: 0.6415
CentroidY: 0.4834
