Location: Dedata_24.png_Mean-Medain.png
Component: component_1755507995394_97.png
centerX: 0.12903225806451613
centerY: 0.21117127386719864
width: 0.02943548387096774
height: 0.03134796238244514
Area: 0.00028911830408442804
CentroidX: 0.1444
CentroidY: 0.2255
