Location: Dedata_24.png_Mean-Medain.png
Component: component_1755507995556_228.png
centerX: 0.12580645161290321
centerY: 0.5514391564548304
width: 0.0375
height: 0.03875748076375036
Area: 0.0005173333088187977
CentroidX: 0.1436
CentroidY: 0.5685
