Location: Dedata_24.png_Mean-Medain.png
Component: component_1755507995407_148.png
centerX: 0.7306451612903225
centerY: 0.32829866058706186
width: 0.039112903225806454
height: 0.03220290681105728
Area: 0.000520665753500216
CentroidX: 0.7507
CentroidY: 0.3445
