Location: Dedata_24.png_Otsu.png
Component: component_1755507995313_563.png
centerX: 0.8693548387096774
centerY: 0.6799658022228555
width: 0.03790322580645161
height: 0.036477628954117984
Area: 0.00043712481269362653
CentroidX: 0.8873
CentroidY: 0.6961
