Location: internet_30.png_Mean-Medain.png
Component: component_1755078353472_122.png
centerX: 0.5014107214832729
centerY: 0.2309666381522669
width: 0.03345425231761386
height: 0.025092671799258625
Area: 0.00020101445062888562
CentroidX: 0.5125
CentroidY: 0.2467
