Location: Dedata_24.png_Mean-Closing.png
Component: component_1755507996170_237.png
centerX: 0.7495967741935484
centerY: 0.5716728412653177
width: 0.03588709677419355
height: 0.039612425192362494
Area: 0.0005069912391178445
CentroidX: 0.7666
CentroidY: 0.5894
