Location: internet_30.png_Gaussian-Median.png
Component: component_1755078353892_154.png
centerX: 0.6541717049576784
centerY: 0.2763045337895637
width: 0.041515517936316
height: 0.02879954376960365
Area: 0.0003458276054558701
CentroidX: 0.6750
CentroidY: 0.2898
