Location: internet_30.png_Mean-Medain.png
Component: component_1755078353580_186.png
centerX: 0.8544941555824265
centerY: 0.36070715711434276
width: 0.03184199919387344
height: 0.0290846877673225
Area: 0.00021664507686417918
CentroidX: 0.8665
CentroidY: 0.3759
