Location: internet_30.png_Gaussian-Median.png
Component: component_1755078353873_81.png
centerX: 0.8806932688432084
centerY: 0.14314228685486172
width: 0.029423619508262798
height: 0.03136583974907328
Area: 0.0002208975266487811
CentroidX: 0.8939
CentroidY: 0.1585
