Location: internet_30.png_Mean-Medain.png
Component: component_1755078353446_32.png
centerX: 0.9334945586457074
centerY: 0.05645851154833191
width: 0.029826682789197905
height: 0.034787567721699456
Area: 0.0003709975109377031
CentroidX: 0.9482
CentroidY: 0.0712
