Location: Dedata_24.png_Gaussian-Median.png
Component: component_1755507995755_39.png
centerX: 0.9338709677419355
centerY: 0.07808492447990881
width: 0.027822580645161292
height: 0.0347677400968937
Area: 0.00023959128140541833
CentroidX: 0.9485
CentroidY: 0.0933
