Location: Dedata_24.png_Gaussian-Median.png
Component: component_1755507995771_108.png
centerX: 0.39395161290322583
centerY: 0.23510971786833856
width: 0.025
height: 0.02963807352522086
Area: 0.00024108513591777824
CentroidX: 0.4056
CentroidY: 0.2483
