Location: internet_30.png_Gaussian-Closing.png
Component: component_1755078354054_96.png
centerX: 0.9266424828698105
centerY: 0.18135158254918735
width: 0.03305118903667876
height: 0.0290846877673225
Area: 0.0003097392478243835
CentroidX: 0.9419
CentroidY: 0.1954
