Location: internet_30.png_Gaussian-Median.png
Component: component_1755078353855_26.png
centerX: 0.06811769447803305
centerY: 0.011976047904191617
width: 0.03426037887948408
height: 0.029940119760479042
Area: 0.000380191996958464
CentroidX: 0.0849
CentroidY: 0.0255
