Location: Dedata_24.png_Gaussian-Median.png
Component: component_1755507995804_195.png
centerX: 0.9088709677419354
centerY: 0.4494157879737817
width: 0.043548387096774194
height: 0.036477628954117984
Area: 0.0004911333989097161
CentroidX: 0.9293
CentroidY: 0.4664
