Location: internet_30.png_Mean-Medain.png
Component: component_1755078353617_197.png
centerX: 0.40991535671100365
centerY: 0.3800969489592244
width: 0.0354695687222894
height: 0.033361847733105215
Area: 0.00040766052394548727
CentroidX: 0.4268
CentroidY: 0.3962
