Location: Dedata_24.png_Mean-Medain.png
Component: component_1755507995409_154.png
centerX: 0.1842741935483871
centerY: 0.3445426047306925
width: 0.0375
height: 0.02963807352522086
Area: 0.0004567747451254378
CentroidX: 0.1997
CentroidY: 0.3594
