Location: internet_30.png_Mean-Closing.png
Component: component_1755078353360_230.png
centerX: 0.56590084643289
centerY: 0.4724836042201312
width: 0.03909713825070536
height: 0.029369831765041345
Area: 0.00037777844437801426
CentroidX: 0.5847
CentroidY: 0.4870
