Location: Dedata_24.png_Otsu.png
Component: component_1755507995202_34.png
centerX: 0.6056451612903225
centerY: 0.049016813907096037
width: 0.03225806451612903
height: 0.029923055001424906
Area: 0.00018489322387593195
CentroidX: 0.6217
CentroidY: 0.0623
