Location: Dedata_24.png_Mean-Medain.png
Component: component_1755507995400_121.png
centerX: 0.024193548387096774
centerY: 0.2664576802507837
width: 0.02943548387096774
height: 0.03134796238244514
Area: 0.00028555603563187746
CentroidX: 0.0386
CentroidY: 0.2802
