Location: internet_30.png_Mean-Closing.png
Component: component_1755078353362_237.png
centerX: 0.1829907295445385
centerY: 0.4921585400627317
width: 0.03667875856509472
height: 0.03136583974907328
Area: 0.0003539877117992954
CentroidX: 0.1999
CentroidY: 0.5058
