Location: internet_30.png_Gaussian-Closing.png
Component: component_1755078354057_110.png
centerX: 0.2293430068520758
centerY: 0.19817507841459936
width: 0.037484885126964934
height: 0.02879954376960365
Area: 0.0003312313588979121
CentroidX: 0.2473
CentroidY: 0.2114
