Location: internet_30.png_Mean-Medain.png
Component: component_1755078353658_223.png
centerX: 0.4635227730753728
centerY: 0.4311377245508982
width: 0.03305118903667876
height: 0.026803535785571715
Area: 0.00021066866095068457
CentroidX: 0.4773
CentroidY: 0.4459
