Location: Dedata_24.png_Mean-Medain.png
Component: component_1755507995401_126.png
centerX: 0.8883064516129032
centerY: 0.28070675406098605
width: 0.043548387096774194
height: 0.03562268452550584
Area: 0.0004998667022127433
CentroidX: 0.9089
CentroidY: 0.2966
