Location: Dedata_24.png_Mean-Medain.png
Component: component_1755507995407_147.png
centerX: 0.3443548387096774
centerY: 0.3265887717298376
width: 0.03508064516129032
height: 0.03590766600170989
Area: 0.0004594177184934592
CentroidX: 0.3614
CentroidY: 0.3431
