Location: Dedata_24.png_Gaussian-Median.png
Component: component_1755507995780_151.png
centerX: 0.7915322580645161
centerY: 0.32886862353946994
width: 0.03951612903225806
height: 0.04103733257338273
Area: 0.0005292841449176771
CentroidX: 0.8107
CentroidY: 0.3462
