Location: internet_30.png_Gaussian-Closing.png
Component: component_1755078354047_67.png
centerX: 0.17654171704957677
centerY: 0.11006558311947534
width: 0.029423619508262798
height: 0.03364699173082407
Area: 0.0003766291336254192
CentroidX: 0.1911
CentroidY: 0.1256
