Location: internet_30.png_Mean-Closing.png
Component: component_1755078353348_177.png
centerX: 0.8548972188633616
centerY: 0.3609923011120616
width: 0.03143893591293833
height: 0.028514399771884802
Area: 0.0002149211107352865
CentroidX: 0.8665
CentroidY: 0.3759
