Location: Dedata_24.png_Mean-Medain.png
Component: component_1755507995412_163.png
centerX: 0.4056451612903226
centerY: 0.36449130806497576
width: 0.038306451612903226
height: 0.03277286976346538
Area: 0.0004855027165169748
CentroidX: 0.4248
CentroidY: 0.3813
