Location: internet_30.png_Gaussian-Closing.png
Component: component_1755078354261_211.png
centerX: 0.010479645304312777
centerY: 0.39577986883376104
width: 0.035872632003224506
height: 0.02879954376960365
Area: 0.00037249161491607674
CentroidX: 0.0290
CentroidY: 0.4100
