Location: Dedata_24.png_Mean-Closing.png
Component: component_1755507996129_84.png
centerX: 0.5858870967741936
centerY: 0.1786833855799373
width: 0.028225806451612902
height: 0.03277286976346538
Area: 0.00030463140863585804
CentroidX: 0.6000
CentroidY: 0.1926
