Location: Dedata_24.png_Gaussian-Median.png
Component: component_1755507995881_288.png
centerX: 0.020161290322580645
centerY: 0.7284126531775434
width: 0.043548387096774194
height: 0.032487888287261325
Area: 0.000477114148870646
CentroidX: 0.0407
CentroidY: 0.7429
