Location: internet_30.png_Gaussian-Closing.png
Component: component_1755078354302_331.png
centerX: 0.524788391777509
centerY: 0.6883376104932991
width: 0.039500201531640466
height: 0.0290846877673225
Area: 0.0003176694920172898
CentroidX: 0.5448
CentroidY: 0.7029
