Location: internet_30.png_Gaussian-Median.png
Component: component_1755078353885_141.png
centerX: 0.24062877871825877
centerY: 0.23809523809523808
width: 0.0354695687222894
height: 0.026803535785571715
Area: 0.0003357136708330331
CentroidX: 0.2550
CentroidY: 0.2518
