Location: internet_30.png_Mean-Medain.png
Component: component_1755078353728_315.png
centerX: 0.12011285771866183
centerY: 0.6552609067579127
width: 0.046352277307537285
height: 0.03279155973766752
Area: 0.0004185789760951409
CentroidX: 0.1443
CentroidY: 0.6711
