Location: internet_30.png_Mean-Medain.png
Component: component_1755078353496_162.png
centerX: 0.7339782345828295
centerY: 0.31822070145423437
width: 0.04554615074566707
height: 0.030795551753635585
Area: 0.00026859392288147835
CentroidX: 0.7514
CentroidY: 0.3368
