Location: Dedata_24.png_Gaussian-Median.png
Component: component_1755507995880_285.png
centerX: 0.4596774193548387
centerY: 0.7204331718438302
width: 0.0407258064516129
height: 0.039897406668566546
Area: 0.0005200911940723853
CentroidX: 0.4779
CentroidY: 0.7384
