Location: internet_30.png_Gaussian-Median.png
Component: component_1755078353866_52.png
centerX: 0.22773075372833534
centerY: 0.06102081551183348
width: 0.032648125755743655
height: 0.03421727972626176
Area: 0.000395018105666941
CentroidX: 0.2434
CentroidY: 0.0760
