Location: Dedata_24.png_Otsu.png
Component: component_1755507995276_482.png
centerX: 0.569758064516129
centerY: 0.43374180678255914
width: 0.04596774193548387
height: 0.039897406668566546
Area: 0.0005137710403662471
CentroidX: 0.5916
CentroidY: 0.4512
