Location: Dedata_24.png_Mean-Closing.png
Component: component_1755507996107_6.png
centerX: 0.7225806451612903
centerY: 0.008264462809917356
width: 0.0407258064516129
height: 0.034482758620689655
Area: 0.0003547329907426985
CentroidX: 0.7403
CentroidY: 0.0217
