Location: internet_30.png_Mean-Closing.png
Component: component_1755078353334_119.png
centerX: 0.29343006852075776
centerY: 0.23609923011120615
width: 0.036275695284159616
height: 0.02765896777872826
Area: 0.00035950440341175194
CentroidX: 0.3087
CentroidY: 0.2498
