Location: Dedata_24.png_Otsu.png
Component: component_1755507995317_583.png
centerX: 0.2903225806451613
centerY: 0.7403818751781134
width: 0.039919354838709675
height: 0.03733257338273012
Area: 0.0004780334439551752
CentroidX: 0.3089
CentroidY: 0.7567
