Location: Dedata_24.png_Otsu.png
Component: component_1755507995315_573.png
centerX: 0.5161290322580645
centerY: 0.7153035052721574
width: 0.041935483870967745
height: 0.037047591906526074
Area: 0.0004923974296509436
CentroidX: 0.5356
CentroidY: 0.7322
