Location: internet_30.png_Gaussian-Median.png
Component: component_1755078353851_6.png
centerX: 0.8895606610237807
centerY: 0.008269175933846592
width: 0.03466344216041919
height: 0.03735386370116909
Area: 0.00042329115018078085
CentroidX: 0.9037
CentroidY: 0.0253
