Location: Dedata_24.png_Mean-Medain.png
Component: component_1755507995637_305.png
centerX: 0.19233870967741937
centerY: 0.8019378740381875
width: 0.04233870967741935
height: 0.036477628954117984
Area: 0.0005303183518877725
CentroidX: 0.2118
CentroidY: 0.8182
