Location: internet_30.png_Mean-Medain.png
Component: component_1755078353441_10.png
centerX: 0.24506247480854493
centerY: 0.009694895922440832
width: 0.02176541717049577
height: 0.03279155973766752
Area: 0.00026985816470933297
CentroidX: 0.2541
CentroidY: 0.0266
