Location: internet_30.png_Gaussian-Median.png
Component: component_1755078353864_41.png
centerX: 0.013704151551793631
centerY: 0.058454519532363844
width: 0.02781136638452237
height: 0.034787567721699456
Area: 0.00024135525804497415
CentroidX: 0.0248
CentroidY: 0.0765
