Location: internet_30.png_Mean-Closing.png
Component: component_1755078353331_107.png
centerX: 0.9185812172511084
centerY: 0.22127174222982607
width: 0.03829101168883515
height: 0.021670943826632448
Area: 0.00029123534470760213
CentroidX: 0.9369
CentroidY: 0.2333
