Location: Dedata_24.png_Mean-Closing.png
Component: component_1755507996164_215.png
centerX: 0.8080645161290323
centerY: 0.5089769165004274
width: 0.039112903225806454
height: 0.03875748076375036
Area: 0.0005106684194559612
CentroidX: 0.8264
CentroidY: 0.5266
