Location: Dedata_24.png_Gaussian-Median.png
Component: component_1755507995760_59.png
centerX: 0.8467741935483871
centerY: 0.12510686805357651
width: 0.03346774193548387
height: 0.03277286976346538
Area: 0.00025636841669807593
CentroidX: 0.8632
CentroidY: 0.1383
