Location: internet_30.png_Mean-Closing.png
Component: component_1755078353315_45.png
centerX: 0.8778718258766627
centerY: 0.09780439121756487
width: 0.030632809351068116
height: 0.03507271171941831
Area: 0.0003578953683581188
CentroidX: 0.8917
CentroidY: 0.1132
