Location: internet_30.png_Gaussian-Median.png
Component: component_1755078353929_271.png
centerX: 0.29383313180169285
centerY: 0.4853150841174793
width: 0.037081821846029824
height: 0.03307670373538637
Area: 0.00038777744792559176
CentroidX: 0.3135
CentroidY: 0.4992
