Location: Dedata_24.png_Mean-Medain.png
Component: component_1755507995391_85.png
centerX: 0.5245967741935483
centerY: 0.18153320034197779
width: 0.042741935483870966
height: 0.027643203191792535
Area: 0.0003374962079077763
CentroidX: 0.5429
CentroidY: 0.1946
