Location: Dedata_24.png_Otsu.png
Component: component_1755507995198_5.png
centerX: 0.7875
centerY: 0.008264462809917356
width: 0.037096774193548385
height: 0.030493017953833
Area: 0.000238557074435323
CentroidX: 0.8047
CentroidY: 0.0210
