Location: Dedata_24.png_Gaussian-Median.png
Component: component_1755507995778_140.png
centerX: 0.5629032258064516
centerY: 0.30436021658592194
width: 0.04153225806451613
height: 0.029923055001424906
Area: 0.0004792974746964028
CentroidX: 0.5830
CentroidY: 0.3203
