Location: internet_30.png_Mean-Closing.png
Component: component_1755078353326_80.png
centerX: 0.34260378879484077
centerY: 0.15483319076133448
width: 0.03426037887948408
height: 0.027944111776447105
Area: 0.00033215080749998823
CentroidX: 0.3592
CentroidY: 0.1671
