Location: Dedata_24.png_Mean-Medain.png
Component: component_1755507995398_114.png
centerX: 0.18387096774193548
centerY: 0.24964377315474495
width: 0.03387096774193549
height: 0.03505272157309775
Area: 0.0003225576627841771
CentroidX: 0.2008
CentroidY: 0.2647
