Location: internet_30.png_Gaussian-Closing.png
Component: component_1755078354276_242.png
centerX: 0.7307537283353487
centerY: 0.46221842030225263
width: 0.037484885126964934
height: 0.031936127744510975
Area: 0.00034433350147749646
CentroidX: 0.7512
CentroidY: 0.4771
