Location: Dedata_24.png_Mean-Medain.png
Component: component_1755507995392_87.png
centerX: 0.4092741935483871
centerY: 0.18922770019948704
width: 0.038306451612903226
height: 0.03220290681105728
Area: 0.00034531021612627436
CentroidX: 0.4271
CentroidY: 0.2037
