Location: internet_30.png_Mean-Closing.png
Component: component_1755078353333_114.png
centerX: 0.558645707376058
centerY: 0.2303963501568292
width: 0.029826682789197905
height: 0.025092671799258625
Area: 0.0003156007326626186
CentroidX: 0.5724
CentroidY: 0.2431
