Location: internet_30.png_Gaussian-Closing.png
Component: component_1755078354049_77.png
centerX: 0.7222893994357114
centerY: 0.14399771884801824
width: 0.032648125755743655
height: 0.02765896777872826
Area: 0.0003626075424437588
CentroidX: 0.7371
CentroidY: 0.1582
