Location: Dedata_24.png_Gaussian-Median.png
Component: component_1755507995767_94.png
centerX: 0.8217741935483871
centerY: 0.20034197777144486
width: 0.03346774193548387
height: 0.037902536335138216
Area: 0.00041483190689379384
CentroidX: 0.8389
CentroidY: 0.2161
