Location: internet_30.png_Mean-Closing.png
Component: component_1755078353356_211.png
centerX: 0.4635227730753728
centerY: 0.4311377245508982
width: 0.032648125755743655
height: 0.026803535785571715
Area: 0.00021043879880016555
CentroidX: 0.4772
CentroidY: 0.4458
