Location: internet_30.png_Gaussian-Closing.png
Component: component_1755078354310_356.png
centerX: 0.39379282547359934
centerY: 0.7499287140005703
width: 0.03667875856509472
height: 0.03165098374679213
Area: 0.00035214881459514323
CentroidX: 0.4110
CentroidY: 0.7657
