Location: Dedata_24.png_Otsu.png
Component: component_1755507995206_57.png
centerX: 0.6596774193548387
centerY: 0.08435451695639784
width: 0.034274193548387094
height: 0.03590766600170989
Area: 0.00016788626481214206
CentroidX: 0.6757
CentroidY: 0.1001
