Location: Dedata_24.png_Mean-Closing.png
Component: component_1755507996186_301.png
centerX: 0.4342741935483871
centerY: 0.7797093188942719
width: 0.04032258064516129
height: 0.03562268452550584
Area: 0.0005312376469723016
CentroidX: 0.4538
CentroidY: 0.7955
