Location: Dedata_24.png_Mean-Medain.png
Component: component_1755507995391_82.png
centerX: 0.6907258064516129
centerY: 0.1744086634368766
width: 0.03064516129032258
height: 0.02963807352522086
Area: 0.00027061749050827827
CentroidX: 0.7052
CentroidY: 0.1868
