Location: Dedata_24.png_Gaussian-Median.png
Component: component_1755507995847_257.png
centerX: 0.7467741935483871
centerY: 0.6289541179823311
width: 0.04032258064516129
height: 0.039897406668566546
Area: 0.0005442226900412763
CentroidX: 0.7656
CentroidY: 0.6476
