Location: Dedata_24.png_Gaussian-Median.png
Component: component_1755507995748_17.png
centerX: 0.9080645161290323
centerY: 0.009974351667141636
width: 0.0407258064516129
height: 0.03220290681105728
Area: 0.0003374962079077763
CentroidX: 0.9272
CentroidY: 0.0235
