Location: Dedata_24.png_Gaussian-Median.png
Component: component_1755507995766_90.png
centerX: 0.35443548387096774
centerY: 0.19293245939013964
width: 0.031048387096774193
height: 0.033912795668281565
Area: 0.0002872797139153697
CentroidX: 0.3705
CentroidY: 0.2083
