Location: Dedata_24.png_Mean-Closing.png
Component: component_1755507996160_201.png
centerX: 0.010887096774193548
centerY: 0.4662296950698205
width: 0.034274193548387094
height: 0.039612425192362494
Area: 0.0005314674707434339
CentroidX: 0.0269
CentroidY: 0.4835
