Location: Dedata_24.png_Otsu.png
Component: component_1755507995219_202.png
centerX: 0.5862903225806452
centerY: 0.1792533485323454
width: 0.027016129032258064
height: 0.022513536620119692
Area: 0.00014582318278344165
CentroidX: 0.5993
CentroidY: 0.1891
