Location: Dedata_24.png_Otsu.png
Component: component_1755507995235_372.png
centerX: 0.722983870967742
centerY: 0.2507836990595611
width: 0.02943548387096774
height: 0.03761755485893417
Area: 0.00039874424291453314
CentroidX: 0.7385
CentroidY: 0.2669
