Location: internet_30.png_Mean-Closing.png
Component: component_1755078353372_282.png
centerX: 0.8444175735590488
centerY: 0.6093527231251782
width: 0.039500201531640466
height: 0.025377815796977475
Area: 0.00034571267438061057
CentroidX: 0.8660
CentroidY: 0.6218
