Location: internet_30.png_Mean-Closing.png
Component: component_1755078353301_1.png
centerX: 0.7384119306731157
centerY: 0.007698887938408896
width: 0.03345425231761386
height: 0.039064727687482176
Area: 0.0004475416070605378
CentroidX: 0.7540
CentroidY: 0.0245
