Location: internet_30.png_Gaussian-Median.png
Component: component_1755078353874_85.png
centerX: 0.6203143893591294
centerY: 0.14770459081836326
width: 0.031035872632003223
height: 0.030795551753635585
Area: 0.00032835808201642436
CentroidX: 0.6355
CentroidY: 0.1617
