Location: internet_30.png_Mean-Closing.png
Component: component_1755078353329_98.png
centerX: 0.39621120515921
centerY: 0.1930424864556601
width: 0.042724707779121324
height: 0.03165098374679213
Area: 0.0002558365735276726
CentroidX: 0.4117
CentroidY: 0.2109
