Location: Dedata_24.png_Gaussian-Median.png
Component: component_1755507995761_63.png
centerX: 0.617741935483871
centerY: 0.1336563123396979
width: 0.032661290322580645
height: 0.032487888287261325
Area: 0.00025567894538467903
CentroidX: 0.6337
CentroidY: 0.1478
