Location: internet_30.png_Gaussian-Closing.png
Component: component_1755078354047_66.png
centerX: 0.11769447803305119
centerY: 0.11035072711719418
width: 0.030229746070133012
height: 0.03450242372398061
Area: 0.00040145424588147364
CentroidX: 0.1314
CentroidY: 0.1265
