Location: internet_30.png_Gaussian-Closing.png
Component: component_1755078354289_284.png
centerX: 0.607416364369206
centerY: 0.5768463073852296
width: 0.037081821846029824
height: 0.03136583974907328
Area: 0.0003489307444878769
CentroidX: 0.6264
CentroidY: 0.5918
