Location: internet_30.png_Gaussian-Closing.png
Component: component_1755078354059_115.png
centerX: 0.9185812172511084
centerY: 0.22127174222982607
width: 0.03829101168883515
height: 0.0213857998289136
Area: 0.00027640923599912517
CentroidX: 0.9367
CentroidY: 0.2331
