Location: internet_30.png_Gaussian-Median.png
Component: component_1755078353913_211.png
centerX: 0.5231761386537687
centerY: 0.37610493299116055
width: 0.032245062474808545
height: 0.028514399771884802
Area: 0.0003372077748114067
CentroidX: 0.5400
CentroidY: 0.3906
