Location: internet_30.png_Mean-Medain.png
Component: component_1755078353634_208.png
centerX: 0.01007658202337767
centerY: 0.39577986883376104
width: 0.036275695284159616
height: 0.02879954376960365
Area: 0.0003908805869575986
CentroidX: 0.0290
CentroidY: 0.4100
