Location: Dedata_24.png_Gaussian-Median.png
Component: component_1755507995836_221.png
centerX: 0.7020161290322581
centerY: 0.5220860644058136
width: 0.03870967741935484
height: 0.038472499287546306
Area: 0.0005060719440333153
CentroidX: 0.7201
CentroidY: 0.5392
