Location: internet_30.png_Mean-Closing.png
Component: component_1755078353369_267.png
centerX: 0.6557839580814188
centerY: 0.5717137154262902
width: 0.04554615074566707
height: 0.032506415739948676
Area: 0.000410074076525937
CentroidX: 0.6756
CentroidY: 0.5893
