Location: Dedata_24.png_Mean-Closing.png
Component: component_1755507996140_114.png
centerX: 0.1842741935483871
centerY: 0.24964377315474495
width: 0.03346774193548387
height: 0.03505272157309775
Area: 0.0003220980152419125
CentroidX: 0.2009
CentroidY: 0.2647
