Location: internet_30.png_Gaussian-Median.png
Component: component_1755078353859_36.png
centerX: 0.8819024586860137
centerY: 0.05645851154833191
width: 0.0237807335751713
height: 0.035642999714856
Area: 0.00021917356051988842
CentroidX: 0.8913
CentroidY: 0.0749
