Location: Dedata_24.png_Otsu.png
Component: component_1755507995208_72.png
centerX: 0.12338709677419354
centerY: 0.1085779424337418
width: 0.031451612903225803
height: 0.029068110572812767
Area: 0.00012778201674955644
CentroidX: 0.1387
CentroidY: 0.1211
