Location: internet_30.png_Mean-Medain.png
Component: component_1755078353635_211.png
centerX: 0.928254735993551
centerY: 0.4049044767607642
width: 0.030229746070133012
height: 0.026518391787852865
Area: 0.00021469124858476747
CentroidX: 0.9396
CentroidY: 0.4199
