Location: internet_30.png_Gaussian-Closing.png
Component: component_1755078354067_134.png
centerX: 0.06892382103990327
centerY: 0.24294268605645852
width: 0.037081821846029824
height: 0.0290846877673225
Area: 0.0003436439150259394
CentroidX: 0.0872
CentroidY: 0.2560
