Location: Dedata_24.png_Otsu.png
Component: component_1755507995208_71.png
centerX: 0.17903225806451614
centerY: 0.1048731832430892
width: 0.03467741935483871
height: 0.02963807352522086
Area: 0.00014708721352466928
CentroidX: 0.1945
CentroidY: 0.1170
