Location: internet_30.png_Gaussian-Median.png
Component: component_1755078353959_392.png
centerX: 0.7674324869004434
centerY: 0.7245508982035929
width: 0.041112454655380895
height: 0.0290846877673225
Area: 0.00033054177244635504
CentroidX: 0.7894
CentroidY: 0.7398
