Location: Dedata_24.png_Mean-Medain.png
Component: component_1755507995386_52.png
centerX: 0.2318548387096774
centerY: 0.10401823881447705
width: 0.0375
height: 0.03305785123966942
Area: 0.0002806148245525331
CentroidX: 0.2498
CentroidY: 0.1186
