Location: Dedata_24.png_Mean-Medain.png
Component: component_1755507995438_177.png
centerX: 0.06612903225806452
centerY: 0.4078084924479909
width: 0.039112903225806454
height: 0.031062980906241093
Area: 0.00048573254028810706
CentroidX: 0.0851
CentroidY: 0.4235
