Location: Dedata_24.png_Gaussian-Median.png
Component: component_1755507995802_190.png
centerX: 0.5693548387096774
centerY: 0.43317184383015106
width: 0.0467741935483871
height: 0.04075235109717868
Area: 0.0005551393191700603
CentroidX: 0.5917
CentroidY: 0.4512
