Location: Dedata_24.png_Gaussian-Median.png
Component: component_1755507995802_193.png
centerX: 0.5145161290322581
centerY: 0.4414363066400684
width: 0.039919354838709675
height: 0.039612425192362494
Area: 0.0004941211079344358
CentroidX: 0.5329
CentroidY: 0.4587
