Location: Dedata_24.png_Mean-Medain.png
Component: component_1755507995584_251.png
centerX: 0.4036290322580645
centerY: 0.6192647477913935
width: 0.04112903225806452
height: 0.03818751781134226
Area: 0.0005065315915755798
CentroidX: 0.4224
CentroidY: 0.6358
