Location: Dedata_24.png_Otsu.png
Component: component_1755507995249_452.png
centerX: 0.06693548387096775
centerY: 0.3556568823026503
width: 0.038306451612903226
height: 0.039042462239954404
Area: 0.0004478116180512783
CentroidX: 0.0857
CentroidY: 0.3719
