Location: internet_30.png_Gaussian-Closing.png
Component: component_1755078354293_298.png
centerX: 0.8444175735590488
centerY: 0.609637867122897
width: 0.039500201531640466
height: 0.025092671799258625
Area: 0.000330082048145317
CentroidX: 0.8659
CentroidY: 0.6217
