Location: internet_30.png_Gaussian-Median.png
Component: component_1755078353927_261.png
centerX: 0.8387746876259573
centerY: 0.4590818363273453
width: 0.035872632003224506
height: 0.02765896777872826
Area: 0.00020963428127334898
CentroidX: 0.8521
CentroidY: 0.4749
