Location: internet_30.png_Mean-Closing.png
Component: component_1755078353373_283.png
centerX: 0.012091898428053204
centerY: 0.6104932991160537
width: 0.04030632809351068
height: 0.032506415739948676
Area: 0.00026388174879583837
CentroidX: 0.0275
CentroidY: 0.6286
