Location: Dedata_24.png_Gaussian-Median.png
Component: component_1755507995823_206.png
centerX: 0.6266129032258064
centerY: 0.4762040467369621
width: 0.04314516129032258
height: 0.038472499287546306
Area: 0.0004835492144623503
CentroidX: 0.6470
CentroidY: 0.4938
