Location: Dedata_24.png_Mean-Medain.png
Component: component_1755507995387_58.png
centerX: 0.8463709677419354
centerY: 0.12510686805357651
width: 0.03387096774193549
height: 0.03277286976346538
Area: 0.00028038500078140084
CentroidX: 0.8628
CentroidY: 0.1382
