Location: internet_30.png_Gaussian-Closing.png
Component: component_1755078354043_50.png
centerX: 0.8778718258766627
centerY: 0.09780439121756487
width: 0.030632809351068116
height: 0.035357855717137156
Area: 0.0003489307444878769
CentroidX: 0.8917
CentroidY: 0.1132
