Location: internet_30.png_Gaussian-Closing.png
Component: component_1755078354201_166.png
centerX: 0.5642885933091495
centerY: 0.32449386940404906
width: 0.03909713825070536
height: 0.03022526375819789
Area: 0.000374560374270748
CentroidX: 0.5852
CentroidY: 0.3394
