Location: internet_30.png_Gaussian-Median.png
Component: component_1755078353886_144.png
centerX: 0.1841999193873438
centerY: 0.24066153407470772
width: 0.032648125755743655
height: 0.026518391787852865
Area: 0.00018526889331833252
CentroidX: 0.1957
CentroidY: 0.2552
