Location: Dedata_24.png_Gaussian-Median.png
Component: component_1755507995758_52.png
centerX: 0.2899193548387097
centerY: 0.1005984611000285
width: 0.03346774193548387
height: 0.038472499287546306
Area: 0.00025648332858364207
CentroidX: 0.3053
CentroidY: 0.1170
