Location: internet_30.png_Mean-Medain.png
Component: component_1755078353469_115.png
centerX: 0.8694074969770254
centerY: 0.22184203022526375
width: 0.028617492946392584
height: 0.023952095808383235
Area: 0.00028859192997663334
CentroidX: 0.8827
CentroidY: 0.2341
