Location: internet_30.png_Mean-Closing.png
Component: component_1755078353305_5.png
centerX: 0.8419991938734381
centerY: 0.008839463929284289
width: 0.032245062474808545
height: 0.03649843170801255
Area: 0.0003989257622257644
CentroidX: 0.8572
CentroidY: 0.0246
