Location: internet_30.png_Mean-Medain.png
Component: component_1755078353495_160.png
centerX: 0.8508665860540104
centerY: 0.31451382948388934
width: 0.037081821846029824
height: 0.0290846877673225
Area: 0.0003766291336254192
CentroidX: 0.8711
CentroidY: 0.3291
