Location: Dedata_24.png_Otsu.png
Component: component_1755507995302_518.png
centerX: 0.5318548387096774
centerY: 0.542319749216301
width: 0.03790322580645161
height: 0.03733257338273012
Area: 0.0004587282471800623
CentroidX: 0.5496
CentroidY: 0.5589
