Location: Dedata_24.png_Gaussian-Median.png
Component: component_1755507995834_214.png
centerX: 0.40483870967741936
centerY: 0.505557138785979
width: 0.03669354838709677
height: 0.03505272157309775
Area: 0.0004998667022127433
CentroidX: 0.4237
CentroidY: 0.5229
