Location: Dedata_24.png_Gaussian-Median.png
Component: component_1755507995770_104.png
centerX: 0.5306451612903226
centerY: 0.22029068110572814
width: 0.03225806451612903
height: 0.03590766600170989
Area: 0.00037909431048272185
CentroidX: 0.5460
CentroidY: 0.2356
