Location: Dedata_24.png_Mean-Medain.png
Component: component_1755507995380_33.png
centerX: 0.33064516129032256
centerY: 0.0567113137646053
width: 0.03185483870967742
height: 0.030493017953833
Area: 0.00027417975896082885
CentroidX: 0.3463
CentroidY: 0.0692
