Location: internet_30.png_Mean-Closing.png
Component: component_1755078353359_225.png
centerX: 0.7835550181378477
centerY: 0.45879669232962644
width: 0.03788794840790004
height: 0.03222127174222983
Area: 0.0003689287515830319
CentroidX: 0.8027
CentroidY: 0.4752
