Location: Dedata_24.png_Mean-Closing.png
Component: component_1755507996161_204.png
centerX: 0.6266129032258064
centerY: 0.4762040467369621
width: 0.042741935483870966
height: 0.03818751781134226
Area: 0.0005072210628889768
CentroidX: 0.6469
CentroidY: 0.4938
