Location: internet_30.png_Gaussian-Median.png
Component: component_1755078353881_125.png
centerX: 0.8694074969770254
centerY: 0.22184203022526375
width: 0.028617492946392584
height: 0.023666951810664385
Area: 0.0002749151320207515
CentroidX: 0.8826
CentroidY: 0.2340
