Location: internet_30.png_Mean-Closing.png
Component: component_1755078353344_157.png
centerX: 0.5642885933091495
centerY: 0.32449386940404906
width: 0.03909713825070536
height: 0.03022526375819789
Area: 0.00039030593158130106
CentroidX: 0.5851
CentroidY: 0.3394
