Location: internet_30.png_Gaussian-Closing.png
Component: component_1755078354292_294.png
centerX: 0.18057234985892784
centerY: 0.5999429712004563
width: 0.041515517936316
height: 0.033361847733105215
Area: 0.00035996412771279
CentroidX: 0.2004
CentroidY: 0.6162
