Location: internet_30.png_Gaussian-Median.png
Component: component_1755078353880_118.png
centerX: 0.2293430068520758
centerY: 0.19817507841459936
width: 0.037484885126964934
height: 0.02879954376960365
Area: 0.00033146122104843115
CentroidX: 0.2473
CentroidY: 0.2114
