Location: Dedata_24.png_Mean-Closing.png
Component: component_1755507996130_88.png
centerX: 0.35443548387096774
centerY: 0.19293245939013964
width: 0.031048387096774193
height: 0.033912795668281565
Area: 0.0003061252631482179
CentroidX: 0.3702
CentroidY: 0.2080
