Location: internet_30.png_Mean-Closing.png
Component: component_1755078353351_193.png
centerX: 0.19105199516324062
centerY: 0.38922155688622756
width: 0.03466344216041919
height: 0.03136583974907328
Area: 0.0002430792241738668
CentroidX: 0.2046
CentroidY: 0.4068
