Location: internet_30.png_Mean-Closing.png
Component: component_1755078353310_25.png
centerX: 0.6723095525997581
centerY: 0.05645851154833191
width: 0.03667875856509472
height: 0.036213287710293696
Area: 0.0004369679481366627
CentroidX: 0.6925
CentroidY: 0.0728
