Location: Dedata_24.png_Mean-Closing.png
Component: component_1755507996134_97.png
centerX: 0.675
centerY: 0.21117127386719864
width: 0.03225806451612903
height: 0.03334283271587347
Area: 0.00038920655641254284
CentroidX: 0.6912
CentroidY: 0.2242
