Location: Dedata_24.png_Gaussian-Median.png
Component: component_1755507995823_204.png
centerX: 0.6887096774193548
centerY: 0.4716443431176974
width: 0.039919354838709675
height: 0.03875748076375036
Area: 0.00047826326772630747
CentroidX: 0.7073
CentroidY: 0.4891
