Location: Dedata_24.png_Otsu.png
Component: component_1755507995248_450.png
centerX: 0.13064516129032258
centerY: 0.35081219720718154
width: 0.031451612903225803
height: 0.030208036477628954
Area: 0.00036737329815497477
CentroidX: 0.1471
CentroidY: 0.3645
