Location: internet_30.png_Gaussian-Closing.png
Component: component_1755078354032_9.png
centerX: 0.9423619508262797
centerY: 0.009124607927003137
width: 0.02257154373236598
height: 0.03222127174222983
Area: 0.00019825610482265732
CentroidX: 0.9511
CentroidY: 0.0257
