Location: Dedata_24.png_Otsu.png
Component: component_1755507995271_472.png
centerX: 0.9048387096774193
centerY: 0.40894841835280704
width: 0.03508064516129032
height: 0.03733257338273012
Area: 0.0004471221467378814
CentroidX: 0.9221
CentroidY: 0.4256
