Location: Dedata_24.png_Mean-Closing.png
Component: component_1755507996139_111.png
centerX: 0.8286290322580645
centerY: 0.24479908805927614
width: 0.032661290322580645
height: 0.030777999430037048
Area: 0.0004540168598718503
CentroidX: 0.8461
CentroidY: 0.2581
