Location: Dedata_24.png_Gaussian-Median.png
Component: component_1755507995876_284.png
centerX: 0.08629032258064516
centerY: 0.7170133941293816
width: 0.03306451612903226
height: 0.03362781419207751
Area: 0.0004733220566469631
CentroidX: 0.1020
CentroidY: 0.7326
