Location: Dedata_12.png_Gaussian-Median.png
Component: component_1755520652435_290.png
centerX: 0.48508064516129035
centerY: 0.701339412938159
width: 0.03064516129032258
height: 0.037047591906526074
Area: 0.0003503663390911849
CentroidX: 0.5021
CentroidY: 0.7175
