Location: Dedata_12.png_Otsu.png
Component: component_1755520652079_109.png
centerX: 0.01532258064516129
centerY: 0.24365916215445996
width: 0.03508064516129032
height: 0.037047591906526074
Area: 0.0003501365153200526
CentroidX: 0.0341
CentroidY: 0.2591
