Location: Dedata_12.png_Otsu.png
Component: component_1755520652102_219.png
centerX: 0.18024193548387096
centerY: 0.5129666571672842
width: 0.031451612903225803
height: 0.034482758620689655
Area: 0.00033221026117173354
CentroidX: 0.1969
CentroidY: 0.5284
