Location: Dedata_12.png_Otsu.png
Component: component_1755520652109_250.png
centerX: 0.4173387096774194
centerY: 0.5904816186947849
width: 0.02943548387096774
height: 0.03562268452550584
Area: 0.0003215234558140818
CentroidX: 0.4344
CentroidY: 0.6058
