Location: Dedata_12.png_Otsu.png
Component: component_1755520652088_154.png
centerX: 0.48870967741935484
centerY: 0.3510971786833856
width: 0.037096774193548385
height: 0.03419777714448561
Area: 0.0003401391812757977
CentroidX: 0.5090
CentroidY: 0.3655
