Location: Dedata_12.png_Gaussian-Median.png
Component: component_1755520652396_117.png
centerX: 0.6072580645161291
centerY: 0.2584781989170704
width: 0.03346774193548387
height: 0.0353377030493018
Area: 0.00035875490673751366
CentroidX: 0.6264
CentroidY: 0.2735
