Location: Dedata_12.png_Gaussian-Closing.png
Component: component_1755520652512_111.png
centerX: 0.014919354838709677
centerY: 0.24337418067825592
width: 0.03588709677419355
height: 0.03761755485893417
Area: 0.0004002380974268931
CentroidX: 0.0343
CentroidY: 0.2592
