Location: Dedata_12.png_Mean-Medain.png
Component: component_1755520652849_29.png
centerX: 0.6
centerY: 0.04474209176403534
width: 0.03185483870967742
height: 0.034482758620689655
Area: 0.000382311843278574
CentroidX: 0.6154
CentroidY: 0.0590
