Location: Dedata_12.png_Otsu.png
Component: component_1755520652103_224.png
centerX: 0.717741935483871
centerY: 0.5195212311199772
width: 0.03508064516129032
height: 0.03277286976346538
Area: 0.00028429200489064985
CentroidX: 0.7366
CentroidY: 0.5342
