Location: Dedata_12.png_Mean-Medain.png
Component: component_1755520652842_13.png
centerX: 0.7842741935483871
centerY: 0.0037047591906526076
width: 0.03064516129032258
height: 0.029923055001424906
Area: 0.00033209534928616734
CentroidX: 0.8008
CentroidY: 0.0169
