Location: Dedata_12.png_Otsu.png
Component: component_1755520652085_137.png
centerX: 0.4629032258064516
centerY: 0.30265032772869765
width: 0.03225806451612903
height: 0.03505272157309775
Area: 0.0003106068266852977
CentroidX: 0.4807
CentroidY: 0.3174
