Location: Dedata_12.png_Mean-Medain.png
Component: component_1755520652883_136.png
centerX: 0.4620967741935484
centerY: 0.30236534625249356
width: 0.03346774193548387
height: 0.03562268452550584
Area: 0.0003773706321992296
CentroidX: 0.4808
CentroidY: 0.3176
