Location: Dedata_12.png_Otsu.png
Component: component_1755520652104_229.png
centerX: 0.5637096774193548
centerY: 0.5297805642633229
width: 0.03467741935483871
height: 0.031062980906241093
Area: 0.00029704722418849225
CentroidX: 0.5828
CentroidY: 0.5433
