Location: Dedata_12.png_Mean-Medain.png
Component: component_1755520652900_202.png
centerX: 0.18870967741935485
centerY: 0.4690795098318609
width: 0.03225806451612903
height: 0.029923055001424906
Area: 0.0004214967962566304
CentroidX: 0.2053
CentroidY: 0.4829
