Location: Dedata_12.png_Gaussian-Closing.png
Component: component_1755520652509_97.png
centerX: 0.6532258064516129
centerY: 0.20832145910515817
width: 0.035483870967741936
height: 0.03362781419207751
Area: 0.00036139788010553506
CentroidX: 0.6721
CentroidY: 0.2241
