Location: Dedata_12.png_Gaussian-Closing.png
Component: component_1755520652555_247.png
centerX: 0.013709677419354839
centerY: 0.5810772299800513
width: 0.029838709677419355
height: 0.032487888287261325
Area: 0.0003707057428363931
CentroidX: 0.0304
CentroidY: 0.5956
