Location: Dedata_12.png_Gaussian-Median.png
Component: component_1755520652436_294.png
centerX: 0.2657258064516129
centerY: 0.7124536905101169
width: 0.036290322580645164
height: 0.03619264747791394
Area: 0.00037449783506007594
CentroidX: 0.2861
CentroidY: 0.7292
