Location: Dedata_12.png_Otsu.png
Component: component_1755520652062_30.png
centerX: 0.3334677419354839
centerY: 0.047021943573667714
width: 0.03024193548387097
height: 0.03362781419207751
Area: 0.00031600768530690664
CentroidX: 0.3479
CentroidY: 0.0622
