Location: Dedata_12.png_Mean-Medain.png
Component: component_1755520652841_8.png
centerX: 0.7346774193548387
centerY: 0.0014249073810202336
width: 0.02943548387096774
height: 0.03305785123966942
Area: 0.0003405988288180623
CentroidX: 0.7501
CentroidY: 0.0161
