Location: Dedata_12.png_Mean-Medain.png
Component: component_1755520652904_212.png
centerX: 0.3895161290322581
centerY: 0.493872898261613
width: 0.031048387096774193
height: 0.033912795668281565
Area: 0.00039874424291453314
CentroidX: 0.4073
CentroidY: 0.5095
