Location: Dedata_12.png_Gaussian-Closing.png
Component: component_1755520652527_156.png
centerX: 0.37943548387096776
centerY: 0.3548019378740382
width: 0.03387096774193549
height: 0.03505272157309775
Area: 0.00039644600520321016
CentroidX: 0.3985
CentroidY: 0.3703
