Location: Dedata_12.png_Gaussian-Median.png
Component: component_1755520652423_234.png
centerX: 0.4056451612903226
centerY: 0.5445996010259333
width: 0.03225806451612903
height: 0.036477628954117984
Area: 0.0003684075051250701
CentroidX: 0.4241
CentroidY: 0.5604
