Location: Dedata_12.png_Otsu.png
Component: component_1755520652064_37.png
centerX: 0.8068548387096774
centerY: 0.07836990595611286
width: 0.037096774193548385
height: 0.04075235109717868
Area: 0.0003959863576609456
CentroidX: 0.8261
CentroidY: 0.0951
