Location: Dedata_12.png_Gaussian-Closing.png
Component: component_1755520652514_122.png
centerX: 0.2778225806451613
centerY: 0.27415218010829295
width: 0.008870967741935484
height: 0.03134796238244514
Area: 0.00016018716847921013
CentroidX: 0.2825
CentroidY: 0.2899
