Location: Dedata_12.png_Otsu.png
Component: component_1755520652065_41.png
centerX: 0.6967741935483871
centerY: 0.08264462809917356
width: 0.03387096774193549
height: 0.037902536335138216
Area: 0.0003983995072578347
CentroidX: 0.7145
CentroidY: 0.0986
