Location: Dedata_12.png_Mean-Medain.png
Component: component_1755520652858_61.png
centerX: 0.6491935483870968
centerY: 0.1262467939583927
width: 0.03508064516129032
height: 0.029923055001424906
Area: 0.0003494470440066557
CentroidX: 0.6671
CentroidY: 0.1402
