Location: Dedata_12.png_Gaussian-Closing.png
Component: component_1755520652548_225.png
centerX: 0.008870967741935484
centerY: 0.5246508976916501
width: 0.03024193548387097
height: 0.03932744371615845
Area: 0.00042563362413701174
CentroidX: 0.0261
CentroidY: 0.5414
