Location: Dedata_12.png_Gaussian-Closing.png
Component: component_1755520652498_51.png
centerX: 0.1778225806451613
centerY: 0.09660872043317184
width: 0.03669354838709677
height: 0.03733257338273012
Area: 0.0003919644416661304
CentroidX: 0.1978
CentroidY: 0.1132
