Location: Dedata_12.png_Mean-Medain.png
Component: component_1755520652905_218.png
centerX: 0.17943548387096775
centerY: 0.512396694214876
width: 0.032661290322580645
height: 0.03562268452550584
Area: 0.0004015021281681207
CentroidX: 0.1969
CentroidY: 0.5284
