Location: Dedata_12.png_Gaussian-Closing.png
Component: component_1755520652528_160.png
centerX: 0.16733870967741934
centerY: 0.3696209746366486
width: 0.031048387096774193
height: 0.03505272157309775
Area: 0.00038047325310951565
CentroidX: 0.1845
CentroidY: 0.3855
