Location: Dedata_12.png_Mean-Medain.png
Component: component_1755520652893_170.png
centerX: 0.5431451612903225
centerY: 0.3912795668281562
width: 0.032661290322580645
height: 0.03362781419207751
Area: 0.00041942838231643975
CentroidX: 0.5610
CentroidY: 0.4066
