Location: Dedata_12.png_Mean-Medain.png
Component: component_1755520652850_34.png
centerX: 0.12298387096774194
centerY: 0.05386149900256483
width: 0.02903225806451613
height: 0.033912795668281565
Area: 0.0003609382325632705
CentroidX: 0.1379
CentroidY: 0.0684
