Location: Dedata_12.png_Mean-Medain.png
Component: component_1755520652914_249.png
centerX: 0.36088709677419356
centerY: 0.5924764890282131
width: 0.032661290322580645
height: 0.0347677400968937
Area: 0.0003821969313930078
CentroidX: 0.3796
CentroidY: 0.6076
