Location: Dedata_12.png_Otsu.png
Component: component_1755520652061_26.png
centerX: 0.744758064516129
centerY: 0.0438871473354232
width: 0.0407258064516129
height: 0.03362781419207751
Area: 0.0002935998676215078
CentroidX: 0.7669
CentroidY: 0.0565
