Location: Dedata_12.png_Mean-Medain.png
Component: component_1755520652932_310.png
centerX: 0.011693548387096775
centerY: 0.7802792818466799
width: 0.03024193548387097
height: 0.04075235109717868
Area: 0.0004272423905349378
CentroidX: 0.0296
CentroidY: 0.7978
