Location: Dedata_12.png_Mean-Medain.png
Component: component_1755520652887_145.png
centerX: 0.07298387096774193
centerY: 0.32772869763465373
width: 0.03185483870967742
height: 0.04160729552579082
Area: 0.0004136827880381324
CentroidX: 0.0912
CentroidY: 0.3451
