Location: Dedata_12.png_Gaussian-Median.png
Component: component_1755520652395_110.png
centerX: 0.8362903225806452
centerY: 0.24308919920205185
width: 0.034274193548387094
height: 0.03419777714448561
Area: 0.00035818034730968296
CentroidX: 0.8545
CentroidY: 0.2583
