Location: Dedata_12.png_Otsu.png
Component: component_1755520652059_16.png
centerX: 0.1875
centerY: 0.006269592476489028
width: 0.027822580645161292
height: 0.033912795668281565
Area: 0.0002608499802351557
CentroidX: 0.2015
CentroidY: 0.0210
