Location: Dedata_12.png_Otsu.png
Component: component_1755520652057_5.png
centerX: 0.5129032258064516
centerY: 0.0014249073810202336
width: 0.03185483870967742
height: 0.030777999430037048
Area: 0.00030394193732246114
CentroidX: 0.5290
CentroidY: 0.0155
