Location: Dedata_12.png_Otsu.png
Component: component_1755520652067_49.png
centerX: 0.23790322580645162
centerY: 0.0957537760045597
width: 0.028629032258064516
height: 0.03362781419207751
Area: 0.0003004945807554767
CentroidX: 0.2533
CentroidY: 0.1108
