Location: Dedata_12.png_Gaussian-Median.png
Component: component_1755520652377_44.png
centerX: 0.5084677419354838
centerY: 0.08577942433741807
width: 0.0375
height: 0.03505272157309775
Area: 0.00038702323058678606
CentroidX: 0.5281
CentroidY: 0.1012
