Location: Dedata_12.png_Otsu.png
Component: component_1755520652100_208.png
centerX: 0.6008064516129032
centerY: 0.4790538614990026
width: 0.02943548387096774
height: 0.032487888287261325
Area: 0.0003376111197933425
CentroidX: 0.6175
CentroidY: 0.4930
