Location: Dedata_12.png_Mean-Medain.png
Component: component_1755520652855_54.png
centerX: 0.010887096774193548
centerY: 0.10743801652892562
width: 0.031048387096774193
height: 0.03334283271587347
Area: 0.00037748554408479577
CentroidX: 0.0277
CentroidY: 0.1219
