Location: Dedata_12.png_Otsu.png
Component: component_1755520652090_162.png
centerX: 0.8673387096774193
centerY: 0.37532060416072954
width: 0.03225806451612903
height: 0.037047591906526074
Area: 0.0003724294211198853
CentroidX: 0.8853
CentroidY: 0.3908
