Location: Dedata_12.png_Mean-Medain.png
Component: component_1755520652849_28.png
centerX: 0.8588709677419355
centerY: 0.04360216585921915
width: 0.032661290322580645
height: 0.02963807352522086
Area: 0.0003278436095202199
CentroidX: 0.8750
CentroidY: 0.0561
