Location: Dedata_12.png_Gaussian-Closing.png
Component: component_1755520652729_296.png
centerX: 0.016129032258064516
centerY: 0.7341122827016244
width: 0.03064516129032258
height: 0.03220290681105728
Area: 0.00035254966491694167
CentroidX: 0.0336
CentroidY: 0.7481
