Location: Dedata_12.png_Gaussian-Closing.png
Component: component_1755520652492_22.png
centerX: 0.8040322580645162
centerY: 0.04189227700199487
width: 0.034274193548387094
height: 0.03163294385864919
Area: 0.0003112962979986946
CentroidX: 0.8217
CentroidY: 0.0553
