Location: Dedata_12.png_Mean-Medain.png
Component: component_1755520652866_94.png
centerX: 0.016129032258064516
centerY: 0.20148190367626104
width: 0.036290322580645164
height: 0.033912795668281565
Area: 0.00042207135568446115
CentroidX: 0.0357
CentroidY: 0.2164
