Location: Dedata_12.png_Gaussian-Closing.png
Component: component_1755520652531_170.png
centerX: 0.5959677419354839
centerY: 0.3878597891137076
width: 0.02903225806451613
height: 0.030777999430037048
Area: 0.0003542733432004339
CentroidX: 0.6122
CentroidY: 0.4012
