Location: Dedata_12.png_Otsu.png
Component: component_1755520652102_217.png
centerX: 0.8705645161290323
centerY: 0.5115417497862639
width: 0.028225806451612902
height: 0.03362781419207751
Area: 0.00029934546189981523
CentroidX: 0.8869
CentroidY: 0.5259
