Location: Dedata_12.png_Otsu.png
Component: component_1755520652111_261.png
centerX: 0.7911290322580645
centerY: 0.6181248218865774
width: 0.02661290322580645
height: 0.03163294385864919
Area: 0.000278201674955644
CentroidX: 0.8063
CentroidY: 0.6316
