Location: Dedata_12.png_Mean-Medain.png
Component: component_1755520652845_19.png
centerX: 0.015725806451612902
centerY: 0.008264462809917356
width: 0.035483870967741936
height: 0.034482758620689655
Area: 0.0004019617757103853
CentroidX: 0.0346
CentroidY: 0.0226
