Location: Dedata_12.png_Gaussian-Median.png
Component: component_1755520652438_304.png
centerX: 0.6681451612903225
centerY: 0.7426617269877458
width: 0.031451612903225803
height: 0.03163294385864919
Area: 0.0003231322222120078
CentroidX: 0.6865
CentroidY: 0.7569
