Location: Dedata_12.png_Otsu.png
Component: component_1755520652072_74.png
centerX: 0.7911290322580645
centerY: 0.15873468224565404
width: 0.037096774193548385
height: 0.034482758620689655
Area: 0.0003437014497283483
CentroidX: 0.8099
CentroidY: 0.1746
