Location: Dedata_12.png_Mean-Medain.png
Component: component_1755520652894_179.png
centerX: 0.9044354838709677
centerY: 0.42120262182958107
width: 0.037096774193548385
height: 0.038472499287546306
Area: 0.0003975951240588717
CentroidX: 0.9254
CentroidY: 0.4373
