Location: Dedata_12.png_Mean-Medain.png
Component: component_1755520652875_109.png
centerX: 0.9435483870967742
centerY: 0.24109432886862353
width: 0.034274193548387094
height: 0.03818751781134226
Area: 0.00035588210959836
CentroidX: 0.9608
CentroidY: 0.2571
