Location: Dedata_12.png_Otsu.png
Component: component_1755520652080_117.png
centerX: 0.482258064516129
centerY: 0.26417782844115134
width: 0.03346774193548387
height: 0.032487888287261325
Area: 0.00031428400702341447
CentroidX: 0.5007
CentroidY: 0.2793
