Location: Dedata_12.png_Otsu.png
Component: component_1755520652109_249.png
centerX: 0.4705645161290323
centerY: 0.5867768595041323
width: 0.032661290322580645
height: 0.03220290681105728
Area: 0.00031669715662030354
CentroidX: 0.4894
CentroidY: 0.6015
