Location: Dedata_12.png_Gaussian-Closing.png
Component: component_1755520652489_3.png
centerX: 0.5125
centerY: 0.0008549444286121402
width: 0.032661290322580645
height: 0.03163294385864919
Area: 0.0003474935419520312
CentroidX: 0.5291
CentroidY: 0.0153
