Location: Dedata_12.png_Gaussian-Closing.png
Component: component_1755520652495_33.png
centerX: 0.23346774193548386
centerY: 0.051011684240524366
width: 0.03024193548387097
height: 0.03163294385864919
Area: 0.00034531021612627436
CentroidX: 0.2485
CentroidY: 0.0655
