Location: Dedata_12.png_Otsu.png
Component: component_1755520652111_262.png
centerX: 0.6907258064516129
centerY: 0.6206896551724138
width: 0.027822580645161292
height: 0.03761755485893417
Area: 0.00028693497825867125
CentroidX: 0.7062
CentroidY: 0.6368
