Location: Dedata_12.png_Otsu.png
Component: component_1755520652120_288.png
centerX: 0.432258064516129
centerY: 0.7056141350812197
width: 0.028629032258064516
height: 0.031917925334853235
Area: 0.00027303064010516734
CentroidX: 0.4479
CentroidY: 0.7186
