Location: Dedata_12.png_Mean-Medain.png
Component: component_1755520652863_83.png
centerX: 0.4891129032258065
centerY: 0.17412368196067254
width: 0.036290322580645164
height: 0.03163294385864919
Area: 0.0004248292409380487
CentroidX: 0.5084
CentroidY: 0.1885
