Location: Dedata_12.png_Mean-Medain.png
Component: component_1755520652899_198.png
centerX: 0.8641129032258065
centerY: 0.46366486178398403
width: 0.028225806451612902
height: 0.03419777714448561
Area: 0.0003417479476737238
CentroidX: 0.8808
CentroidY: 0.4788
