Location: Dedata_12.png_Mean-Medain.png
Component: component_1755520652862_79.png
centerX: 0.6689516129032258
centerY: 0.1632943858649188
width: 0.037096774193548385
height: 0.033912795668281565
Area: 0.00039564162200424717
CentroidX: 0.6887
CentroidY: 0.1784
