Location: Dedata_12.png_Gaussian-Closing.png
Component: component_1755520652514_119.png
centerX: 0.42701612903225805
centerY: 0.2675976061555999
width: 0.035483870967741936
height: 0.031062980906241093
Area: 0.00035909964239421214
CentroidX: 0.4461
CentroidY: 0.2816
