Location: Dedata_12.png_Mean-Medain.png
Component: component_1755520652894_177.png
centerX: 0.2314516129032258
centerY: 0.41493302935309206
width: 0.03064516129032258
height: 0.03505272157309775
Area: 0.0004209222368287997
CentroidX: 0.2488
CentroidY: 0.4308
