Location: Dedata_12.png_Gaussian-Median.png
Component: component_1755520652435_289.png
centerX: 0.5403225806451613
centerY: 0.6976346537475064
width: 0.031048387096774193
height: 0.03505272157309775
Area: 0.00034036900504693003
CentroidX: 0.5580
CentroidY: 0.7126
