Location: Dedata_12.png_Gaussian-Closing.png
Component: component_1755520652545_209.png
centerX: 0.5463709677419355
centerY: 0.48133371330863495
width: 0.03064516129032258
height: 0.03305785123966942
Area: 0.00037357853997554676
CentroidX: 0.5647
CentroidY: 0.4964
