Location: Dedata_12.png_Gaussian-Median.png
Component: component_1755520652416_198.png
centerX: 0.2923387096774194
centerY: 0.45939013964092335
width: 0.02903225806451613
height: 0.03277286976346538
Area: 0.0003789793985971557
CentroidX: 0.3087
CentroidY: 0.4736
