Location: Dedata_12.png_Otsu.png
Component: component_1755520652128_310.png
centerX: 0.40766129032258064
centerY: 0.7563408378455401
width: 0.02661290322580645
height: 0.031062980906241093
Area: 0.00023775269123635996
CentroidX: 0.4226
CentroidY: 0.7691
