Location: Dedata_12.png_Otsu.png
Component: component_1755520652064_36.png
centerX: 0.06814516129032258
centerY: 0.058706184098033624
width: 0.031048387096774193
height: 0.031062980906241093
Area: 0.0003029077303523658
CentroidX: 0.0843
CentroidY: 0.0712
