Location: Dedata_12.png_Mean-Medain.png
Component: component_1755520652842_15.png
centerX: 0.23669354838709677
centerY: 0.005129666571672842
width: 0.027419354838709678
height: 0.03362781419207751
Area: 0.0003458847755541051
CentroidX: 0.2509
CentroidY: 0.0207
