Location: Dedata_12.png_Mean-Medain.png
Component: component_1755520652839_2.png
centerX: 0.4495967741935484
centerY: 0.0005699629524080935
width: 0.03185483870967742
height: 0.0347677400968937
Area: 0.00037311889243328214
CentroidX: 0.4659
CentroidY: 0.0147
