Location: Dedata_12.png_Gaussian-Median.png
Component: component_1755520652419_211.png
centerX: 0.017338709677419354
centerY: 0.48076375035622687
width: 0.03185483870967742
height: 0.03334283271587347
Area: 0.00039299864863622577
CentroidX: 0.0359
CentroidY: 0.4953
