Location: Dedata_12.png_Gaussian-Closing.png
Component: component_1755520652490_8.png
centerX: 0.7350806451612903
centerY: 0.0014249073810202336
width: 0.028629032258064516
height: 0.03305785123966942
Area: 0.000317041892277002
CentroidX: 0.7502
CentroidY: 0.0162
