Location: Dedata_12.png_Otsu.png
Component: component_1755520652069_60.png
centerX: 0.65
centerY: 0.12653177543459676
width: 0.03387096774193549
height: 0.029353092049016812
Area: 0.00028716480202980354
CentroidX: 0.6671
CentroidY: 0.1402
