Location: Dedata_12.png_Mean-Medain.png
Component: component_1755520652867_100.png
centerX: 0.4879032258064516
centerY: 0.219435736677116
width: 0.034274193548387094
height: 0.037047591906526074
Area: 0.00039391794372075495
CentroidX: 0.5062
CentroidY: 0.2356
