Location: Dedata_12.png_Mean-Medain.png
Component: component_1755520652917_262.png
centerX: 0.6399193548387097
centerY: 0.6249643773154745
width: 0.028225806451612902
height: 0.03305785123966942
Area: 0.00033611726528098255
CentroidX: 0.6560
CentroidY: 0.6392
