Location: Dedata_12.png_Mean-Medain.png
Component: component_1755520652894_178.png
centerX: 0.17943548387096775
centerY: 0.4197777144485608
width: 0.03064516129032258
height: 0.03761755485893417
Area: 0.0004195432942020059
CentroidX: 0.1970
CentroidY: 0.4357
