Location: Dedata_12.png_Otsu.png
Component: component_1755520652095_186.png
centerX: 0.6669354838709678
centerY: 0.43089199202051864
width: 0.028629032258064516
height: 0.039042462239954404
Area: 0.0003611680563344028
CentroidX: 0.6823
CentroidY: 0.4470
