Location: Dedata_12.png_Mean-Medain.png
Component: component_1755520652864_85.png
centerX: 0.3580645161290323
centerY: 0.18010829296095754
width: 0.04233870967741935
height: 0.037047591906526074
Area: 0.0004806764173231966
CentroidX: 0.3789
CentroidY: 0.1976
