Location: Dedata_12.png_Gaussian-Closing.png
Component: component_1755520652723_293.png
centerX: 0.8866935483870968
centerY: 0.7298375605585637
width: 0.031451612903225803
height: 0.036477628954117984
Area: 0.00033830059110673933
CentroidX: 0.9042
CentroidY: 0.7461
