Location: Dedata_12.png_Gaussian-Closing.png
Component: component_1755520652774_309.png
centerX: 0.12862903225806452
centerY: 0.7737247078939868
width: 0.028225806451612902
height: 0.03505272157309775
Area: 0.0003355427058531518
CentroidX: 0.1456
CentroidY: 0.7892
