Location: Dedata_12.png_Otsu.png
Component: component_1755520652100_210.png
centerX: 0.5463709677419355
centerY: 0.481618694784839
width: 0.03024193548387097
height: 0.032487888287261325
Area: 0.00033565761773871793
CentroidX: 0.5646
CentroidY: 0.4964
