Location: Dedata_12.png_Gaussian-Closing.png
Component: component_1755520652496_41.png
centerX: 0.7540322580645161
centerY: 0.08036477628954118
width: 0.03306451612903226
height: 0.03733257338273012
Area: 0.0004019617757103853
CentroidX: 0.7709
CentroidY: 0.0965
