Location: Dedata_12.png_Otsu.png
Component: component_1755520652060_17.png
centerX: 0.07701612903225806
centerY: 0.007124536905101168
width: 0.027822580645161292
height: 0.03505272157309775
Area: 0.00031083665045643003
CentroidX: 0.0921
CentroidY: 0.0219
