Location: Dedata_12.png_Mean-Medain.png
Component: component_1755520652931_309.png
centerX: 0.06733870967741935
centerY: 0.7765745226560273
width: 0.03024193548387097
height: 0.03676261043032203
Area: 0.00037219959734875296
CentroidX: 0.0856
CentroidY: 0.7938
