Location: Dedata_12.png_Mean-Medain.png
Component: component_1755520652891_164.png
centerX: 0.8133064516129033
centerY: 0.3793103448275862
width: 0.03064516129032258
height: 0.029923055001424906
Area: 0.0003809329006517802
CentroidX: 0.8300
CentroidY: 0.3922
