Location: Dedata_12.png_Mean-Medain.png
Component: component_1755520652905_216.png
centerX: 0.9173387096774194
centerY: 0.5109717868338558
width: 0.03064516129032258
height: 0.03334283271587347
Area: 0.000352779488688074
CentroidX: 0.9355
CentroidY: 0.5251
