Location: Dedata_12.png_Mean-Medain.png
Component: component_1755520652921_274.png
centerX: 0.8629032258064516
centerY: 0.6719863208891422
width: 0.03387096774193549
height: 0.033912795668281565
Area: 0.00036829259323950395
CentroidX: 0.8824
CentroidY: 0.6889
