Location: Dedata_12.png_Gaussian-Closing.png
Component: component_1755520652511_106.png
centerX: 0.1375
centerY: 0.23681960672556285
width: 0.03467741935483871
height: 0.03619264747791394
Area: 0.00036921188832403313
CentroidX: 0.1562
CentroidY: 0.2515
