Location: Dedata_12.png_Otsu.png
Component: component_1755520652108_245.png
centerX: 0.06653225806451613
centerY: 0.5756625819321745
width: 0.031048387096774193
height: 0.03505272157309775
Area: 0.00029647266476066155
CentroidX: 0.0858
CentroidY: 0.5904
