Location: Dedata_12.png_Otsu.png
Component: component_1755520652099_207.png
centerX: 0.07379032258064516
centerY: 0.4787688800227985
width: 0.03024193548387097
height: 0.031917925334853235
Area: 0.0003518601936035448
CentroidX: 0.0910
CentroidY: 0.4926
