Location: Dedata_12.png_Gaussian-Closing.png
Component: component_1755520652498_53.png
centerX: 0.06451612903225806
centerY: 0.10515816471929325
width: 0.03064516129032258
height: 0.03619264747791394
Area: 0.0003549628145138308
CentroidX: 0.0812
CentroidY: 0.1207
