Location: Dedata_12.png_Gaussian-Median.png
Component: component_1755520652390_90.png
centerX: 0.07943548387096774
centerY: 0.1974921630094044
width: 0.03588709677419355
height: 0.037047591906526074
Area: 0.00038794252567131524
CentroidX: 0.0990
CentroidY: 0.2145
