Location: Dedata_12.png_Otsu.png
Component: component_1755520652077_102.png
centerX: 0.3092741935483871
centerY: 0.22570532915360503
width: 0.03346774193548387
height: 0.03419777714448561
Area: 0.0003079638533172763
CentroidX: 0.3279
CentroidY: 0.2420
