Location: Dedata_12.png_Otsu.png
Component: component_1755520652060_21.png
centerX: 0.8048387096774193
centerY: 0.042462239954402965
width: 0.03306451612903226
height: 0.030493017953833
Area: 0.0002638376892598755
CentroidX: 0.8215
CentroidY: 0.0552
