Location: Dedata_12.png_Mean-Medain.png
Component: component_1755520652927_300.png
centerX: 0.5596774193548387
centerY: 0.7466514676546024
width: 0.031451612903225803
height: 0.03277286976346538
Area: 0.00033565761773871793
CentroidX: 0.5777
CentroidY: 0.7605
