Location: Dedata_12.png_Gaussian-Median.png
Component: component_1755520652405_153.png
centerX: 0.644758064516129
centerY: 0.3419777714448561
width: 0.03306451612903226
height: 0.03619264747791394
Area: 0.0004212669724854981
CentroidX: 0.6617
CentroidY: 0.3585
