Location: Dedata_12.png_Mean-Medain.png
Component: component_1755520652883_133.png
centerX: 0.6229838709677419
centerY: 0.2995155314904531
width: 0.02620967741935484
height: 0.04132231404958678
Area: 0.0003950670625764164
CentroidX: 0.6381
CentroidY: 0.3166
