Location: Dedata_12.png_Mean-Medain.png
Component: component_1755520652911_234.png
centerX: 0.8862903225806451
centerY: 0.5588486748361357
width: 0.034274193548387094
height: 0.0347677400968937
Area: 0.0003386453267634378
CentroidX: 0.9056
CentroidY: 0.5742
