Location: Dedata_12.png_Gaussian-Closing.png
Component: component_1755520652722_291.png
centerX: 0.13911290322580644
centerY: 0.7207181533200342
width: 0.02943548387096774
height: 0.040467369620974636
Area: 0.000366798738727144
CentroidX: 0.1566
CentroidY: 0.7392
