Location: Dedata_12.png_Mean-Medain.png
Component: component_1755520652848_23.png
centerX: 0.4366935483870968
centerY: 0.042462239954402965
width: 0.03387096774193549
height: 0.03505272157309775
Area: 0.0003746127469456421
CentroidX: 0.4533
CentroidY: 0.0584
