Location: Dedata_12.png_Otsu.png
Component: component_1755520652115_274.png
centerX: 0.9580645161290322
centerY: 0.6702764320319179
width: 0.029838709677419355
height: 0.0347677400968937
Area: 0.0002873946258009358
CentroidX: 0.9749
CentroidY: 0.6859
