Location: Dedata_12.png_Gaussian-Closing.png
Component: component_1755520652528_158.png
centerX: 0.27741935483870966
centerY: 0.3616414933029353
width: 0.03064516129032258
height: 0.0353377030493018
Area: 0.0003763364252291343
CentroidX: 0.2941
CentroidY: 0.3770
