Location: Dedata_12.png_Mean-Medain.png
Component: component_1755520652865_89.png
centerX: 0.13548387096774195
centerY: 0.19464234824736393
width: 0.03225806451612903
height: 0.034482758620689655
Area: 0.0004111547265556771
CentroidX: 0.1533
CentroidY: 0.2097
