Location: Dedata_12.png_Otsu.png
Component: component_1755520652094_181.png
centerX: 0.8165322580645161
centerY: 0.42348247363921343
width: 0.027419354838709678
height: 0.03277286976346538
Area: 0.00028406218111951757
CentroidX: 0.8316
CentroidY: 0.4388
