Location: Dedata_12.png_Gaussian-Closing.png
Component: component_1755520652527_154.png
centerX: 0.4883064516129032
centerY: 0.35081219720718154
width: 0.03790322580645161
height: 0.0347677400968937
Area: 0.00038300131459197086
CentroidX: 0.5092
CentroidY: 0.3656
