Location: Dedata_12.png_Gaussian-Median.png
Component: component_1755520652435_293.png
centerX: 0.32620967741935486
centerY: 0.7107438016528925
width: 0.031451612903225803
height: 0.03932744371615845
Area: 0.0003713952141497899
CentroidX: 0.3441
CentroidY: 0.7277
