Location: Dedata_12.png_Gaussian-Median.png
Component: component_1755520652395_108.png
centerX: 0.8911290322580645
centerY: 0.24109432886862353
width: 0.039112903225806454
height: 0.03590766600170989
Area: 0.0003638110297024242
CentroidX: 0.9120
CentroidY: 0.2568
