Location: Dedata_12.png_Gaussian-Median.png
Component: component_1755520652415_192.png
centerX: 0.5645161290322581
centerY: 0.43374180678255914
width: 0.02943548387096774
height: 0.039042462239954404
Area: 0.0004163257614061538
CentroidX: 0.5817
CentroidY: 0.4510
