Location: Dedata_12.png_Otsu.png
Component: component_1755520652059_14.png
centerX: 0.23709677419354838
centerY: 0.005414648047876888
width: 0.02661290322580645
height: 0.03305785123966942
Area: 0.00028337270980612067
CentroidX: 0.2509
CentroidY: 0.0208
