Location: Dedata_12.png_Otsu.png
Component: component_1755520652105_231.png
centerX: 0.45564516129032256
centerY: 0.5411798233114847
width: 0.02943548387096774
height: 0.031062980906241093
Area: 0.0003169269803914358
CentroidX: 0.4723
CentroidY: 0.5538
