Location: Dedata_12.png_Otsu.png
Component: component_1755520652066_44.png
centerX: 0.6399193548387097
centerY: 0.08748931319464234
width: 0.035483870967741936
height: 0.03277286976346538
Area: 0.00040839684130208957
CentroidX: 0.6595
CentroidY: 0.1011
