Location: Dedata_12.png_Otsu.png
Component: component_1755520652114_273.png
centerX: 0.2028225806451613
centerY: 0.6617269877457965
width: 0.028225806451612902
height: 0.028783129096608722
Area: 0.0002801551770102685
CentroidX: 0.2191
CentroidY: 0.6752
