Location: Dedata_12.png_Mean-Medain.png
Component: component_1755520652912_242.png
centerX: 0.6306451612903226
centerY: 0.5716728412653177
width: 0.031451612903225803
height: 0.03334283271587347
Area: 0.0003609382325632705
CentroidX: 0.6494
CentroidY: 0.5870
