Location: Dedata_12.png_Gaussian-Closing.png
Component: component_1755520652507_85.png
centerX: 0.3580645161290323
centerY: 0.18010829296095754
width: 0.04233870967741935
height: 0.037047591906526074
Area: 0.00045252300535949033
CentroidX: 0.3790
CentroidY: 0.1976
