Location: Dedata_12.png_Mean-Medain.png
Component: component_1755520652925_290.png
centerX: 0.13911290322580644
centerY: 0.7207181533200342
width: 0.02943548387096774
height: 0.040467369620974636
Area: 0.0003946074150341518
CentroidX: 0.1566
CentroidY: 0.7391
