Location: Dedata_12.png_Otsu.png
Component: component_1755520652092_172.png
centerX: 0.49556451612903224
centerY: 0.39555428897121686
width: 0.028629032258064516
height: 0.0347677400968937
Area: 0.0003369216484799456
CentroidX: 0.5120
CentroidY: 0.4103
