Location: Dedata_12.png_Otsu.png
Component: component_1755520652126_301.png
centerX: 0.6685483870967742
centerY: 0.7432316899401539
width: 0.03024193548387097
height: 0.030493017953833
Area: 0.00024005092894768292
CentroidX: 0.6850
CentroidY: 0.7567
