Location: Dedata_12.png_Gaussian-Closing.png
Component: component_1755520652774_310.png
centerX: 0.06774193548387097
centerY: 0.7765745226560273
width: 0.029838709677419355
height: 0.03676261043032203
Area: 0.0003458847755541051
CentroidX: 0.0855
CentroidY: 0.7937
