Location: Dedata_12.png_Gaussian-Median.png
Component: component_1755520652433_281.png
centerX: 0.8633064516129032
centerY: 0.6719863208891422
width: 0.03346774193548387
height: 0.033912795668281565
Area: 0.0003417479476737238
CentroidX: 0.8825
CentroidY: 0.6889
