Location: Dedata_12.png_Gaussian-Closing.png
Component: component_1755520652557_255.png
centerX: 0.8870967741935484
centerY: 0.6118552294100883
width: 0.032661290322580645
height: 0.03875748076375036
Area: 0.00036174261576223354
CentroidX: 0.9052
CentroidY: 0.6287
