Location: Dedata_12.png_Gaussian-Closing.png
Component: component_1755520652559_266.png
centerX: 0.5366935483870968
centerY: 0.6318039327443716
width: 0.02943548387096774
height: 0.03761755485893417
Area: 0.0003366918247088133
CentroidX: 0.5539
CentroidY: 0.6482
