Location: Dedata_12.png_Gaussian-Median.png
Component: component_1755520652427_251.png
centerX: 0.5290322580645161
centerY: 0.5822171558848674
width: 0.028225806451612902
height: 0.029923055001424906
Area: 0.00032106380827181716
CentroidX: 0.5455
CentroidY: 0.5960
