Location: Dedata_12.png_Gaussian-Closing.png
Component: component_1755520652529_164.png
centerX: 0.0625
centerY: 0.37817041892277004
width: 0.027822580645161292
height: 0.04360216585921915
Area: 0.0004049494847351051
CentroidX: 0.0782
CentroidY: 0.3964
