Location: Dedata_12.png_Otsu.png
Component: component_1755520652061_23.png
centerX: 0.43709677419354837
centerY: 0.04274722143060701
width: 0.03306451612903226
height: 0.034482758620689655
Area: 0.00030003493321321213
CentroidX: 0.4531
CentroidY: 0.0584
