Location: Dedata_12.png_Mean-Medain.png
Component: component_1755520652902_205.png
centerX: 0.6524193548387097
centerY: 0.47306925049871756
width: 0.031451612903225803
height: 0.04189227700199487
Area: 0.0004680361099109203
CentroidX: 0.6712
CentroidY: 0.4911
