Location: Dedata_12.png_Gaussian-Closing.png
Component: component_1755520652507_87.png
centerX: 0.24556451612903227
centerY: 0.1878027928184668
width: 0.03508064516129032
height: 0.030493017953833
Area: 0.0003653048842147841
CentroidX: 0.2646
CentroidY: 0.2025
