Location: Dedata_12.png_Otsu.png
Component: component_1755520652113_268.png
centerX: 0.4814516129032258
centerY: 0.6375035622684525
width: 0.029838709677419355
height: 0.040467369620974636
Area: 0.00031451383079454675
CentroidX: 0.4990
CentroidY: 0.6542
