Location: Dedata_12.png_Gaussian-Closing.png
Component: component_1755520652548_221.png
centerX: 0.12419354838709677
centerY: 0.518381305215161
width: 0.02903225806451613
height: 0.03562268452550584
Area: 0.00034691898252420044
CentroidX: 0.1411
CentroidY: 0.5330
