Location: Dedata_12.png_Gaussian-Closing.png
Component: component_1755520652548_223.png
centerX: 0.6669354838709678
centerY: 0.5223710458820177
width: 0.02943548387096774
height: 0.03562268452550584
Area: 0.00032749887386352144
CentroidX: 0.6844
CentroidY: 0.5374
