Location: Dedata_12.png_Mean-Medain.png
Component: component_1755520652905_214.png
centerX: 0.28669354838709676
centerY: 0.505842120262183
width: 0.02903225806451613
height: 0.032487888287261325
Area: 0.0003787495748260234
CentroidX: 0.3028
CentroidY: 0.5194
