Location: Dedata_12.png_Gaussian-Closing.png
Component: component_1755520652516_132.png
centerX: 0.7294354838709678
centerY: 0.29296095753776
width: 0.03064516129032258
height: 0.03590766600170989
Area: 0.0003710504784930915
CentroidX: 0.7463
CentroidY: 0.3087
