Location: Dedata_12.png_Otsu.png
Component: component_1755520652083_127.png
centerX: 0.8911290322580645
centerY: 0.28441151325163866
width: 0.02943548387096774
height: 0.03419777714448561
Area: 0.000333359380027395
CentroidX: 0.9071
CentroidY: 0.2997
