Location: Dedata_12.png_Mean-Medain.png
Component: component_1755520652910_229.png
centerX: 0.455241935483871
centerY: 0.5406098603590767
width: 0.03024193548387097
height: 0.031917925334853235
Area: 0.00038104781253734635
CentroidX: 0.4724
CentroidY: 0.5538
