Location: Dedata_12.png_Gaussian-Median.png
Component: component_1755520652388_79.png
centerX: 0.6689516129032258
centerY: 0.1632943858649188
width: 0.037096774193548385
height: 0.033912795668281565
Area: 0.00037288906866214986
CentroidX: 0.6889
CentroidY: 0.1783
