Location: Dedata_12.png_Mean-Medain.png
Component: component_1755520652924_288.png
centerX: 0.2657258064516129
centerY: 0.7124536905101169
width: 0.036290322580645164
height: 0.03619264747791394
Area: 0.00040207668759595144
CentroidX: 0.2859
CentroidY: 0.7291
