Location: Dedata_12.png_Otsu.png
Component: component_1755520652092_173.png
centerX: 0.4467741935483871
centerY: 0.39726417782844115
width: 0.029838709677419355
height: 0.03220290681105728
Area: 0.0003208339845006849
CentroidX: 0.4636
CentroidY: 0.4111
