Location: Dedata_12.png_Mean-Medain.png
Component: component_1755520652916_258.png
centerX: 0.7903225806451613
centerY: 0.6178398404103733
width: 0.028225806451612902
height: 0.03220290681105728
Area: 0.00034599968743967126
CentroidX: 0.8065
CentroidY: 0.6316
