Location: Dedata_12.png_Gaussian-Closing.png
Component: component_1755520652501_70.png
centerX: 0.17943548387096775
centerY: 0.14534055286406383
width: 0.031048387096774193
height: 0.040467369620974636
Area: 0.000388517085099146
CentroidX: 0.1965
CentroidY: 0.1627
