Location: Dedata_12.png_Gaussian-Closing.png
Component: component_1755520652546_214.png
centerX: 0.28669354838709676
centerY: 0.505842120262183
width: 0.028629032258064516
height: 0.032487888287261325
Area: 0.00035484790262826465
CentroidX: 0.3028
CentroidY: 0.5194
