Location: Dedata_12.png_Otsu.png
Component: component_1755520652079_110.png
centerX: 0.8366935483870968
centerY: 0.24337418067825592
width: 0.03346774193548387
height: 0.03362781419207751
Area: 0.00030635508691935026
CentroidX: 0.8545
CentroidY: 0.2584
