Location: Dedata_12.png_Otsu.png
Component: component_1755520652059_13.png
centerX: 0.7846774193548387
centerY: 0.003989740666856654
width: 0.029838709677419355
height: 0.029353092049016812
Area: 0.0002733753757618658
CentroidX: 0.8007
CentroidY: 0.0171
