Location: Dedata_12.png_Gaussian-Closing.png
Component: component_1755520652512_112.png
centerX: 0.7758064516129032
centerY: 0.249928754630949
width: 0.037096774193548385
height: 0.029353092049016812
Area: 0.0003252006361521985
CentroidX: 0.7957
CentroidY: 0.2645
