Location: Dedata_12.png_Otsu.png
Component: component_1755520652073_79.png
centerX: 0.5495967741935484
centerY: 0.17212881162724422
width: 0.039919354838709675
height: 0.031917925334853235
Area: 0.00034071374070362845
CentroidX: 0.5710
CentroidY: 0.1865
