Location: Dedata_12.png_Gaussian-Closing.png
Component: component_1755520652509_93.png
centerX: 0.8850806451612904
centerY: 0.19977201481903675
width: 0.03790322580645161
height: 0.02963807352522086
Area: 0.00034140321201702535
CentroidX: 0.9054
CentroidY: 0.2122
