Location: Dedata_12.png_Otsu.png
Component: component_1755520652068_54.png
centerX: 0.9657258064516129
centerY: 0.11655742376745512
width: 0.01129032258064516
height: 0.03277286976346538
Area: 0.00015777401888232104
CentroidX: 0.9699
CentroidY: 0.1328
