Location: Dedata_12.png_Otsu.png
Component: component_1755520652078_104.png
centerX: 0.19596774193548386
centerY: 0.23311484753491024
width: 0.03306451612903226
height: 0.0347677400968937
Area: 0.0003287629046047491
CentroidX: 0.2139
CentroidY: 0.2489
