Location: Dedata_12.png_Otsu.png
Component: component_1755520652076_93.png
centerX: 0.7721774193548387
centerY: 0.20233684810487318
width: 0.037096774193548385
height: 0.03419777714448561
Area: 0.00028452182866178213
CentroidX: 0.7917
CentroidY: 0.2167
