Location: Dedata_12.png_Mean-Medain.png
Component: component_1755520652876_113.png
centerX: 0.7161290322580646
centerY: 0.2516386434881733
width: 0.03387096774193549
height: 0.03334283271587347
Area: 0.000353583871887037
CentroidX: 0.7345
CentroidY: 0.2674
