Location: Dedata_12.png_Otsu.png
Component: component_1755520652092_171.png
centerX: 0.5435483870967742
centerY: 0.3915645483043602
width: 0.03225806451612903
height: 0.03305785123966942
Area: 0.00035875490673751366
CentroidX: 0.5609
CentroidY: 0.4066
