Location: Dedata_12.png_Otsu.png
Component: component_1755520652109_252.png
centerX: 0.3032258064516129
centerY: 0.5998860074095184
width: 0.03024193548387097
height: 0.03277286976346538
Area: 0.0002952086340194339
CentroidX: 0.3208
CentroidY: 0.6140
