Location: Dedata_12.png_Mean-Medain.png
Component: component_1755520652907_222.png
centerX: 0.7169354838709677
centerY: 0.5192362496437731
width: 0.036290322580645164
height: 0.03334283271587347
Area: 0.0003554224620560954
CentroidX: 0.7367
CentroidY: 0.5343
