Location: Dedata_12.png_Gaussian-Median.png
Component: component_1755520652406_156.png
centerX: 0.4883064516129032
centerY: 0.35081219720718154
width: 0.038306451612903226
height: 0.0347677400968937
Area: 0.0003832311383631032
CentroidX: 0.5092
CentroidY: 0.3656
