Location: Dedata_12.png_Mean-Medain.png
Component: component_1755520652861_73.png
centerX: 0.8991935483870968
centerY: 0.15474494157879737
width: 0.03508064516129032
height: 0.0353377030493018
Area: 0.00041195910975464015
CentroidX: 0.9175
CentroidY: 0.1701
