Location: Dedata_12.png_Gaussian-Median.png
Component: component_1755520652397_122.png
centerX: 0.31209677419354837
centerY: 0.26959247648902823
width: 0.03306451612903226
height: 0.03590766600170989
Area: 0.0003562268452550584
CentroidX: 0.3304
CentroidY: 0.2856
