Location: Dedata_12.png_Otsu.png
Component: component_1755520652103_222.png
centerX: 0.8225806451612904
centerY: 0.518096323738957
width: 0.028629032258064516
height: 0.027358221715588486
Area: 0.000291416541795751
CentroidX: 0.8386
CentroidY: 0.5299
