Location: Dedata_12.png_Gaussian-Median.png
Component: component_1755520652420_216.png
centerX: 0.3346774193548387
centerY: 0.499857509261898
width: 0.029838709677419355
height: 0.033912795668281565
Area: 0.00034496548046957594
CentroidX: 0.3517
CentroidY: 0.5151
