Location: Dedata_12.png_Mean-Medain.png
Component: component_1755520652914_247.png
centerX: 0.46975806451612906
centerY: 0.5864918780279282
width: 0.034274193548387094
height: 0.03277286976346538
Area: 0.0003920793535516966
CentroidX: 0.4895
CentroidY: 0.6016
