Location: Dedata_12.png_Otsu.png
Component: component_1755520652082_124.png
centerX: 0.25443548387096776
centerY: 0.2775719578227415
width: 0.02379032258064516
height: 0.020518666286691366
Area: 0.00017397659474714788
CentroidX: 0.2636
CentroidY: 0.2892
