Location: Dedata_12.png_Mean-Medain.png
Component: component_1755520652862_77.png
centerX: 0.8483870967741935
centerY: 0.15844970076944997
width: 0.03225806451612903
height: 0.030493017953833
Area: 0.00034795318949429576
CentroidX: 0.8655
CentroidY: 0.1722
