Location: Dedata_12.png_Otsu.png
Component: component_1755520652073_77.png
centerX: 0.6693548387096774
centerY: 0.16386434881732687
width: 0.036290322580645164
height: 0.03277286976346538
Area: 0.0003247409886099339
CentroidX: 0.6887
CentroidY: 0.1783
