Location: Dedata_12.png_Otsu.png
Component: component_1755520652101_216.png
centerX: 0.23669354838709677
centerY: 0.5095468794528356
width: 0.027016129032258064
height: 0.03220290681105728
Area: 0.0003141690951378483
CentroidX: 0.2526
CentroidY: 0.5228
