Location: Dedata_12.png_Gaussian-Median.png
Component: component_1755520652388_84.png
centerX: 0.4205645161290323
centerY: 0.1775434596751211
width: 0.03790322580645161
height: 0.0353377030493018
Area: 0.0004035705421083113
CentroidX: 0.4411
CentroidY: 0.1938
