Location: Dedata_12.png_Otsu.png
Component: component_1755520652100_212.png
centerX: 0.4415322580645161
centerY: 0.48560843545169563
width: 0.031451612903225803
height: 0.03875748076375036
Area: 0.0003688671526673347
CentroidX: 0.4589
CentroidY: 0.5038
