Location: Dedata_12.png_Mean-Medain.png
Component: component_1755520652841_10.png
centerX: 0.625
centerY: 0.003134796238244514
width: 0.03467741935483871
height: 0.031917925334853235
Area: 0.00037679607277139887
CentroidX: 0.6433
CentroidY: 0.0168
