Location: Dedata_12.png_Mean-Medain.png
Component: component_1755520652916_260.png
centerX: 0.07258064516129033
centerY: 0.6238244514106583
width: 0.03508064516129032
height: 0.03619264747791394
Area: 0.00039587144577537945
CentroidX: 0.0928
CentroidY: 0.6395
