Location: Dedata_12.png_Otsu.png
Component: component_1755520652114_269.png
centerX: 0.4274193548387097
centerY: 0.6412083214591051
width: 0.032661290322580645
height: 0.034482758620689655
Area: 0.00029911563812868295
CentroidX: 0.4453
CentroidY: 0.6565
