Location: Dedata_12.png_Otsu.png
Component: component_1755520652075_90.png
centerX: 0.942741935483871
centerY: 0.1989170703904246
width: 0.03588709677419355
height: 0.03619264747791394
Area: 0.0003231322222120078
CentroidX: 0.9621
CentroidY: 0.2132
