Location: Dedata_12.png_Gaussian-Median.png
Component: component_1755520652343_4.png
centerX: 0.5713709677419355
centerY: 0.0008549444286121402
width: 0.031451612903225803
height: 0.04160729552579082
Area: 0.0003827714908208386
CentroidX: 0.5872
CentroidY: 0.0184
