Location: Dedata_12.png_Mean-Medain.png
Component: component_1755520652860_71.png
centerX: 0.1254032258064516
centerY: 0.1518951268167569
width: 0.032661290322580645
height: 0.03220290681105728
Area: 0.0004096608720433172
CentroidX: 0.1423
CentroidY: 0.1661
