Location: Dedata_12.png_Gaussian-Median.png
Component: component_1755520652440_311.png
centerX: 0.2991935483870968
centerY: 0.7628954117982332
width: 0.03024193548387097
height: 0.03733257338273012
Area: 0.00033680673659437945
CentroidX: 0.3164
CentroidY: 0.7790
