Location: Dedata_12.png_Gaussian-Median.png
Component: component_1755520652378_48.png
centerX: 0.34233870967741936
centerY: 0.09033912795668282
width: 0.038306451612903226
height: 0.03676261043032203
Area: 0.00039093023469603507
CentroidX: 0.3615
CentroidY: 0.1061
