Location: Dedata_12.png_Otsu.png
Component: component_1755520652110_255.png
centerX: 0.9100806451612903
centerY: 0.6124251923624965
width: 0.00967741935483871
height: 0.037902536335138216
Area: 0.00014869597992259536
CentroidX: 0.9136
CentroidY: 0.6306
