Location: Dedata_12.png_Gaussian-Median.png
Component: component_1755520652410_176.png
centerX: 0.3866935483870968
centerY: 0.40011399259048164
width: 0.03508064516129032
height: 0.03505272157309775
Area: 0.00039472232691971793
CentroidX: 0.4068
CentroidY: 0.4172
