Location: Dedata_12.png_Mean-Medain.png
Component: component_1755520652897_192.png
centerX: 0.455241935483871
centerY: 0.4425762325448846
width: 0.032661290322580645
height: 0.03277286976346538
Area: 0.000440572169260611
CentroidX: 0.4733
CentroidY: 0.4564
