Location: Dedata_12.png_Gaussian-Closing.png
Component: component_1755520652723_294.png
centerX: 0.8366935483870968
centerY: 0.7326873753206041
width: 0.03064516129032258
height: 0.03562268452550584
Area: 0.0003362321771665487
CentroidX: 0.8543
CentroidY: 0.7482
