Location: Dedata_12.png_Otsu.png
Component: component_1755520652068_53.png
centerX: 0.011693548387096775
centerY: 0.10800797948133371
width: 0.02943548387096774
height: 0.032487888287261325
Area: 0.00030784894143171015
CentroidX: 0.0278
CentroidY: 0.1219
