Location: Dedata_12.png_Mean-Medain.png
Component: component_1755520652883_135.png
centerX: 0.5737903225806451
centerY: 0.3000854944428612
width: 0.02903225806451613
height: 0.04075235109717868
Area: 0.00041023543147114793
CentroidX: 0.5895
CentroidY: 0.3173
