Location: Dedata_12.png_Mean-Medain.png
Component: component_1755520652891_163.png
centerX: 0.0625
centerY: 0.37817041892277004
width: 0.027822580645161292
height: 0.04360216585921915
Area: 0.0004235652101968211
CentroidX: 0.0781
CentroidY: 0.3962
