Location: Dedata_12.png_Mean-Medain.png
Component: component_1755520652908_224.png
centerX: 0.06129032258064516
centerY: 0.5232259903106298
width: 0.03346774193548387
height: 0.03362781419207751
Area: 0.0003838056977909339
CentroidX: 0.0807
CentroidY: 0.5374
