Location: Dedata_12.png_Otsu.png
Component: component_1755520652091_168.png
centerX: 0.6963709677419355
centerY: 0.3835850669706469
width: 0.034274193548387094
height: 0.031917925334853235
Area: 0.0003478382776087296
CentroidX: 0.7150
CentroidY: 0.3977
