Location: Dedata_12.png_Otsu.png
Component: component_1755520652083_129.png
centerX: 0.07379032258064516
centerY: 0.28697634653747506
width: 0.0375
height: 0.034482758620689655
Area: 0.00033611726528098255
CentroidX: 0.0954
CentroidY: 0.3021
