Location: Dedata_12.png_Mean-Medain.png
Component: component_1755520652854_49.png
centerX: 0.2915322580645161
centerY: 0.09432886862353947
width: 0.032661290322580645
height: 0.039042462239954404
Area: 0.00040931613638661875
CentroidX: 0.3091
CentroidY: 0.1106
