Location: Dedata_12.png_Mean-Medain.png
Component: component_1755520652896_190.png
centerX: 0.5645161290322581
centerY: 0.43374180678255914
width: 0.02943548387096774
height: 0.03875748076375036
Area: 0.00044045725737504483
CentroidX: 0.5816
CentroidY: 0.4508
