Location: Dedata_12.png_Gaussian-Closing.png
Component: component_1755520652547_220.png
centerX: 0.8225806451612904
centerY: 0.5178113422627529
width: 0.02903225806451613
height: 0.02792818466799658
Area: 0.0003252006361521985
CentroidX: 0.8386
CentroidY: 0.5299
