Location: Dedata_12.png_Gaussian-Median.png
Component: component_1755520652422_227.png
centerX: 0.06129032258064516
centerY: 0.5232259903106298
width: 0.03346774193548387
height: 0.033912795668281565
Area: 0.0003632364702745934
CentroidX: 0.0807
CentroidY: 0.5375
