Location: Dedata_12.png_Mean-Medain.png
Component: component_1755520652926_295.png
centerX: 0.015725806451612902
centerY: 0.7341122827016244
width: 0.031048387096774193
height: 0.03220290681105728
Area: 0.0003818521957363094
CentroidX: 0.0335
CentroidY: 0.7480
