Location: Dedata_12.png_Otsu.png
Component: component_1755520652079_108.png
centerX: 0.9435483870967742
centerY: 0.2413793103448276
width: 0.03387096774193549
height: 0.03733257338273012
Area: 0.0002896928635122588
CentroidX: 0.9607
CentroidY: 0.2571
