Location: Dedata_12.png_Mean-Medain.png
Component: component_1755520652889_154.png
centerX: 0.43548387096774194
centerY: 0.3513821601595896
width: 0.03306451612903226
height: 0.0347677400968937
Area: 0.000396331093317644
CentroidX: 0.4543
CentroidY: 0.3663
