Location: Dedata_12.png_Otsu.png
Component: component_1755520652075_88.png
centerX: 0.07983870967741935
centerY: 0.19806212596181247
width: 0.03508064516129032
height: 0.03619264747791394
Area: 0.00033899006242013623
CentroidX: 0.0989
CentroidY: 0.2145
