Location: Dedata_12.png_Otsu.png
Component: component_1755520652057_6.png
centerX: 0.5717741935483871
centerY: 0.0014249073810202336
width: 0.03064516129032258
height: 0.04075235109717868
Area: 0.00033117605420163816
CentroidX: 0.5870
CentroidY: 0.0185
