Location: Dedata_12.png_Otsu.png
Component: component_1755520652073_82.png
centerX: 0.42096774193548386
centerY: 0.17782844115132515
width: 0.037096774193548385
height: 0.0347677400968937
Area: 0.0003500216034344864
CentroidX: 0.4409
CentroidY: 0.1939
