Location: Dedata_12.png_Gaussian-Median.png
Component: component_1755520652432_276.png
centerX: 0.25967741935483873
centerY: 0.658307210031348
width: 0.031048387096774193
height: 0.031062980906241093
Area: 0.00032336204598314015
CentroidX: 0.2776
CentroidY: 0.6717
