Location: Dedata_12.png_Otsu.png
Component: component_1755520652110_256.png
centerX: 0.9362903225806452
centerY: 0.6144200626959248
width: 0.027822580645161292
height: 0.03419777714448561
Area: 0.0002778569392989456
CentroidX: 0.9518
CentroidY: 0.6292
