Location: Dedata_12.png_Gaussian-Median.png
Component: component_1755520652398_126.png
centerX: 0.2540322580645161
centerY: 0.2772869763465375
width: 0.024193548387096774
height: 0.02080364776289541
Area: 0.00019661423620367902
CentroidX: 0.2635
CentroidY: 0.2891
