Location: Dedata_12.png_Otsu.png
Component: component_1755520652111_260.png
centerX: 0.7411290322580645
centerY: 0.6178398404103733
width: 0.031048387096774193
height: 0.03875748076375036
Area: 0.00031313488816775295
CentroidX: 0.7588
CentroidY: 0.6351
