Location: Dedata_12.png_Otsu.png
Component: component_1755520652057_3.png
centerX: 0.8370967741935483
centerY: 0.0005699629524080935
width: 0.03387096774193549
height: 0.03875748076375036
Area: 0.0003297971115748444
CentroidX: 0.8548
CentroidY: 0.0170
