Location: Dedata_12.png_Otsu.png
Component: component_1755520652114_272.png
centerX: 0.2600806451612903
centerY: 0.658592191507552
width: 0.03024193548387097
height: 0.030208036477628954
Area: 0.0002786613224979086
CentroidX: 0.2774
CentroidY: 0.6716
