Location: Dedata_12.png_Gaussian-Median.png
Component: component_1755520652349_11.png
centerX: 0.6790322580645162
centerY: 0.003134796238244514
width: 0.027419354838709678
height: 0.032487888287261325
Area: 0.00031083665045643003
CentroidX: 0.6937
CentroidY: 0.0171
