Location: Dedata_12.png_Gaussian-Median.png
Component: component_1755520652418_209.png
centerX: 0.07298387096774193
centerY: 0.47848389854659445
width: 0.03185483870967742
height: 0.032487888287261325
Area: 0.0003890916445269767
CentroidX: 0.0911
CentroidY: 0.4926
