Location: Dedata_12.png_Gaussian-Closing.png
Component: component_1755520652623_283.png
centerX: 0.5935483870967742
centerY: 0.6964947278426902
width: 0.032661290322580645
height: 0.03220290681105728
Area: 0.0003291076402614475
CentroidX: 0.6114
CentroidY: 0.7100
