Location: Dedata_12.png_Otsu.png
Component: component_1755520652096_191.png
centerX: 0.5120967741935484
centerY: 0.44001139925904814
width: 0.029838709677419355
height: 0.03134796238244514
Area: 0.00034002426939023155
CentroidX: 0.5298
CentroidY: 0.4542
