Location: Dedata_12.png_Gaussian-Closing.png
Component: component_1755520652503_76.png
centerX: 0.7911290322580645
centerY: 0.15844970076944997
width: 0.03790322580645161
height: 0.03505272157309775
Area: 0.0003871381424723522
CentroidX: 0.8102
CentroidY: 0.1746
