Location: Dedata_12.png_Gaussian-Closing.png
Component: component_1755520652502_75.png
centerX: 0.015725806451612902
centerY: 0.15645483043602165
width: 0.03508064516129032
height: 0.03562268452550584
Area: 0.0004101205195855818
CentroidX: 0.0345
CentroidY: 0.1713
