Location: Dedata_12.png_Gaussian-Closing.png
Component: component_1755520652502_74.png
centerX: 0.9508064516129032
centerY: 0.15474494157879737
width: 0.03346774193548387
height: 0.039612425192362494
Area: 0.00040828192941652343
CentroidX: 0.9682
CentroidY: 0.1721
