Location: Dedata_12.png_Otsu.png
Component: component_1755520652079_112.png
centerX: 0.7762096774193549
centerY: 0.25049871758335707
width: 0.036290322580645164
height: 0.02821316614420063
Area: 0.0002772823798711148
CentroidX: 0.7955
CentroidY: 0.2646
