Location: Dedata_12.png_Gaussian-Median.png
Component: component_1755520652393_101.png
centerX: 0.425
centerY: 0.22228555143915646
width: 0.038306451612903226
height: 0.039897406668566546
Area: 0.0004169003208339845
CentroidX: 0.4452
CentroidY: 0.2396
