Location: Dedata_12.png_Mean-Medain.png
Component: component_1755520652906_220.png
centerX: 0.8221774193548387
centerY: 0.5178113422627529
width: 0.029838709677419355
height: 0.02792818466799658
Area: 0.000350481250976751
CentroidX: 0.8386
CentroidY: 0.5299
