Location: Dedata_12.png_Mean-Medain.png
Component: component_1755520652889_153.png
centerX: 0.4883064516129032
centerY: 0.35081219720718154
width: 0.03790322580645161
height: 0.034482758620689655
Area: 0.00040311089456604676
CentroidX: 0.5091
CentroidY: 0.3654
