Location: Dedata_12.png_Gaussian-Median.png
Component: component_1755520652438_302.png
centerX: 0.7810483870967742
centerY: 0.7352522086064406
width: 0.03306451612903226
height: 0.033912795668281565
Area: 0.0003399093575046654
CentroidX: 0.7996
CentroidY: 0.7500
