Location: Dedata_12.png_Gaussian-Median.png
Component: component_1755520652411_181.png
centerX: 0.9044354838709677
centerY: 0.42120262182958107
width: 0.037096774193548385
height: 0.038472499287546306
Area: 0.00038150746007961097
CentroidX: 0.9254
CentroidY: 0.4374
