Location: Dedata_12.png_Otsu.png
Component: component_1755520652104_227.png
centerX: 0.009274193548387096
centerY: 0.5249358791678541
width: 0.02943548387096774
height: 0.03875748076375036
Area: 0.0003805881649950818
CentroidX: 0.0261
CentroidY: 0.5413
