Location: Dedata_12.png_Gaussian-Closing.png
Component: component_1755520652499_56.png
centerX: 0.8782258064516129
centerY: 0.11741236819606725
width: 0.043548387096774194
height: 0.03334283271587347
Area: 0.0003931135605217919
CentroidX: 0.9008
CentroidY: 0.1327
