Location: Dedata_12.png_Gaussian-Closing.png
Component: component_1755520652754_298.png
centerX: 0.7209677419354839
centerY: 0.737247078939869
width: 0.03508064516129032
height: 0.03334283271587347
Area: 0.00032818834517691833
CentroidX: 0.7412
CentroidY: 0.7527
