Location: Dedata_12.png_Gaussian-Median.png
Component: component_1755520652362_19.png
centerX: 0.016129032258064516
centerY: 0.008264462809917356
width: 0.03508064516129032
height: 0.0347677400968937
Area: 0.00036852241701063623
CentroidX: 0.0348
CentroidY: 0.0228
