Location: Dedata_12.png_Mean-Medain.png
Component: component_1755520652881_127.png
centerX: 0.8387096774193549
centerY: 0.28583642063265885
width: 0.031048387096774193
height: 0.03305785123966942
Area: 0.000373003980547716
CentroidX: 0.8561
CentroidY: 0.3008
