Location: Dedata_12.png_Otsu.png
Component: component_1755520652077_101.png
centerX: 0.3685483870967742
centerY: 0.22399544029638074
width: 0.03064516129032258
height: 0.04018238814477059
Area: 0.0003220980152419125
CentroidX: 0.3857
CentroidY: 0.2411
