Location: Dedata_12.png_Gaussian-Median.png
Component: component_1755520652404_147.png
centerX: 0.8705645161290323
centerY: 0.32715873468224566
width: 0.03951612903225806
height: 0.03562268452550584
Area: 0.00039713547651660706
CentroidX: 0.8920
CentroidY: 0.3428
