Location: Dedata_12.png_Mean-Medain.png
Component: component_1755520652919_265.png
centerX: 0.48104838709677417
centerY: 0.6369335993160444
width: 0.031048387096774193
height: 0.04160729552579082
Area: 0.00039977844988462846
CentroidX: 0.4993
CentroidY: 0.6545
