Location: Dedata_12.png_Gaussian-Median.png
Component: component_1755520652381_56.png
centerX: 0.8782258064516129
centerY: 0.11741236819606725
width: 0.04395161290322581
height: 0.03334283271587347
Area: 0.00039299864863622577
CentroidX: 0.9008
CentroidY: 0.1327
