Location: Dedata_12.png_Otsu.png
Component: component_1755520652075_89.png
centerX: 0.8334677419354839
centerY: 0.1989170703904246
width: 0.03387096774193549
height: 0.029068110572812767
Area: 0.0002930253081936771
CentroidX: 0.8522
CentroidY: 0.2127
