Location: Dedata_12.png_Gaussian-Closing.png
Component: component_1755520652501_66.png
centerX: 0.3536290322580645
centerY: 0.1365061271017384
width: 0.038306451612903226
height: 0.033912795668281565
Area: 0.0003631215583890273
CentroidX: 0.3742
CentroidY: 0.1514
