Location: Dedata_12.png_Mean-Medain.png
Component: component_1755520652909_227.png
centerX: 0.5633064516129033
centerY: 0.5294955827871188
width: 0.035483870967741936
height: 0.03163294385864919
Area: 0.00036587944364261483
CentroidX: 0.5828
CentroidY: 0.5433
