Location: Dedata_12.png_Mean-Medain.png
Component: component_1755520652911_233.png
centerX: 0.9387096774193548
centerY: 0.5571387859789114
width: 0.028629032258064516
height: 0.03305785123966942
Area: 0.00035082598663344945
CentroidX: 0.9556
CentroidY: 0.5722
