Location: Dedata_12.png_Otsu.png
Component: component_1755520652068_55.png
centerX: 0.8782258064516129
centerY: 0.1176973496722713
width: 0.04314516129032258
height: 0.03277286976346538
Area: 0.000353583871887037
CentroidX: 0.9006
CentroidY: 0.1327
