Location: Dedata_12.png_Otsu.png
Component: component_1755520652115_278.png
centerX: 0.8104838709677419
centerY: 0.6774009689370191
width: 0.027419354838709678
height: 0.03334283271587347
Area: 0.0002647569843444047
CentroidX: 0.8267
CentroidY: 0.6923
