Location: Dedata_12.png_Otsu.png
Component: component_1755520652087_146.png
centerX: 0.07379032258064516
centerY: 0.32801367911085777
width: 0.03064516129032258
height: 0.04103733257338273
Area: 0.00034933213212108956
CentroidX: 0.0912
CentroidY: 0.3451
