Location: Dedata_12.png_Gaussian-Closing.png
Component: component_1755520652721_287.png
centerX: 0.38266129032258067
centerY: 0.7081789683670562
width: 0.03064516129032258
height: 0.03590766600170989
Area: 0.0003443909210417452
CentroidX: 0.3998
CentroidY: 0.7234
