Location: Dedata_12.png_Mean-Medain.png
Component: component_1755520652888_149.png
centerX: 0.6991935483870968
centerY: 0.3348532345397549
width: 0.032661290322580645
height: 0.04103733257338273
Area: 0.00043976778606164793
CentroidX: 0.7176
CentroidY: 0.3528
