Location: Dedata_12.png_Otsu.png
Component: component_1755520652057_4.png
centerX: 0.9419354838709677
centerY: 0.0008549444286121402
width: 0.03669354838709677
height: 0.03419777714448561
Area: 0.0003175015398192666
CentroidX: 0.9598
CentroidY: 0.0158
