Location: Dedata_12.png_Gaussian-Closing.png
Component: component_1755520652549_227.png
centerX: 0.5637096774193548
centerY: 0.5294955827871188
width: 0.03508064516129032
height: 0.03163294385864919
Area: 0.00034071374070362845
CentroidX: 0.5830
CentroidY: 0.5434
