Location: Dedata_12.png_Gaussian-Closing.png
Component: component_1755520652558_260.png
centerX: 0.790725806451613
centerY: 0.6178398404103733
width: 0.027419354838709678
height: 0.03220290681105728
Area: 0.0003225576627841771
CentroidX: 0.8066
CentroidY: 0.6317
