Location: Dedata_12.png_Otsu.png
Component: component_1755520652090_160.png
centerX: 0.16774193548387098
centerY: 0.3701909375890567
width: 0.029838709677419355
height: 0.033912795668281565
Area: 0.00033646200093768097
CentroidX: 0.1843
CentroidY: 0.3854
