Location: Dedata_12.png_Gaussian-Median.png
Component: component_1755520652429_261.png
centerX: 0.13024193548387097
centerY: 0.6164149330293531
width: 0.029838709677419355
height: 0.03362781419207751
Area: 0.0003542733432004339
CentroidX: 0.1486
CentroidY: 0.6318
