Location: Dedata_12.png_Otsu.png
Component: component_1755520652064_39.png
centerX: 0.8620967741935484
centerY: 0.08007979481333713
width: 0.03467741935483871
height: 0.0353377030493018
Area: 0.0003805881649950818
CentroidX: 0.8795
CentroidY: 0.0950
