Location: Dedata_12.png_Gaussian-Closing.png
Component: component_1755520652524_143.png
centerX: 0.12903225806451613
centerY: 0.3200341977771445
width: 0.036290322580645164
height: 0.037047591906526074
Area: 0.00037955395802498647
CentroidX: 0.1498
CentroidY: 0.3369
