Location: Dedata_12.png_Gaussian-Median.png
Component: component_1755520652423_230.png
centerX: 0.5637096774193548
centerY: 0.5292106013109148
width: 0.03508064516129032
height: 0.031917925334853235
Area: 0.0003408286525891946
CentroidX: 0.5830
CentroidY: 0.5434
