Location: Dedata_12.png_Gaussian-Closing.png
Component: component_1755520652502_73.png
centerX: 0.8995967741935483
centerY: 0.15474494157879737
width: 0.03467741935483871
height: 0.03562268452550584
Area: 0.00039276882486509343
CentroidX: 0.9177
CentroidY: 0.1701
