Location: Dedata_12.png_Mean-Medain.png
Component: component_1755520652886_143.png
centerX: 0.9282258064516129
centerY: 0.3268737532060416
width: 0.03346774193548387
height: 0.03419777714448561
Area: 0.00041172928598350787
CentroidX: 0.9461
CentroidY: 0.3420
