Location: Dedata_12.png_Mean-Medain.png
Component: component_1755520652852_40.png
centerX: 0.8616935483870968
centerY: 0.07979481333713309
width: 0.03508064516129032
height: 0.03590766600170989
Area: 0.0004396528741760818
CentroidX: 0.8795
CentroidY: 0.0949
