Location: Dedata_12.png_Gaussian-Closing.png
Component: component_1755520652511_105.png
centerX: 0.19556451612903225
centerY: 0.23282986605870618
width: 0.03387096774193549
height: 0.03562268452550584
Area: 0.00037817501539819267
CentroidX: 0.2140
CentroidY: 0.2489
