Location: Dedata_12.png_Mean-Medain.png
Component: component_1755520652896_187.png
centerX: 0.7137096774193549
centerY: 0.4306070105443146
width: 0.029838709677419355
height: 0.03220290681105728
Area: 0.0003523198411458094
CentroidX: 0.7301
CentroidY: 0.4447
