Location: Dedata_12.png_Mean-Medain.png
Component: component_1755520652910_230.png
centerX: 0.4056451612903226
centerY: 0.5445996010259333
width: 0.03225806451612903
height: 0.036477628954117984
Area: 0.00039093023469603507
CentroidX: 0.4240
CentroidY: 0.5604
