Location: Dedata_12.png_Otsu.png
Component: component_1755520652099_203.png
centerX: 0.7689516129032258
centerY: 0.47050441721288117
width: 0.025
height: 0.03163294385864919
Area: 0.00027613326101545336
CentroidX: 0.7834
CentroidY: 0.4838
