Location: Dedata_12.png_Mean-Medain.png
Component: component_1755520652930_305.png
centerX: 0.2991935483870968
centerY: 0.7628954117982332
width: 0.03024193548387097
height: 0.03733257338273012
Area: 0.00036438558913025494
CentroidX: 0.3163
CentroidY: 0.7789
