Location: Dedata_12.png_Otsu.png
Component: component_1755520652090_164.png
centerX: 0.06290322580645161
centerY: 0.3784554003989741
width: 0.027016129032258064
height: 0.04274722143060701
Area: 0.00035841017108081524
CentroidX: 0.0779
CentroidY: 0.3961
