Location: Dedata_12.png_Otsu.png
Component: component_1755520652117_285.png
centerX: 0.5935483870967742
centerY: 0.6967797093188943
width: 0.03225806451612903
height: 0.03163294385864919
Area: 0.00028038500078140084
CentroidX: 0.6111
CentroidY: 0.7099
