Location: Dedata_12.png_Otsu.png
Component: component_1755520652087_148.png
centerX: 0.013306451612903225
centerY: 0.33200341977771447
width: 0.0375
height: 0.04189227700199487
Area: 0.00037093556660752536
CentroidX: 0.0352
CentroidY: 0.3496
