Location: Dedata_12.png_Otsu.png
Component: component_1755520652063_33.png
centerX: 0.1810483870967742
centerY: 0.05386149900256483
width: 0.028629032258064516
height: 0.033912795668281565
Area: 0.0003158927734213405
CentroidX: 0.1963
CentroidY: 0.0686
