Location: Dedata_12.png_Otsu.png
Component: component_1755520652071_70.png
centerX: 0.07459677419354839
centerY: 0.1530350527215731
width: 0.03225806451612903
height: 0.03818751781134226
Area: 0.0003542733432004339
CentroidX: 0.0929
CentroidY: 0.1689
