Location: Dedata_12.png_Gaussian-Median.png
Component: component_1755520652376_38.png
centerX: 0.8064516129032258
centerY: 0.07779994300370476
width: 0.038306451612903226
height: 0.04160729552579082
Area: 0.00043620551760909735
CentroidX: 0.8262
CentroidY: 0.0951
