Location: Dedata_12.png_Gaussian-Median.png
Component: component_1755520652383_62.png
centerX: 0.5919354838709677
centerY: 0.12824166429182104
width: 0.03588709677419355
height: 0.03305785123966942
Area: 0.0003622022633044981
CentroidX: 0.6102
CentroidY: 0.1424
