Location: Dedata_12.png_Otsu.png
Component: component_1755520652101_215.png
centerX: 0.2870967741935484
centerY: 0.506127101738387
width: 0.027822580645161292
height: 0.031917925334853235
Area: 0.00031577786153577436
CentroidX: 0.3027
CentroidY: 0.5193
