Location: Dedata_12.png_Otsu.png
Component: component_1755520652079_111.png
centerX: 0.8919354838709678
centerY: 0.243944143630664
width: 0.027822580645161292
height: 0.01937874038187518
Area: 0.00017018450252346502
CentroidX: 0.9025
CentroidY: 0.2557
