Location: Dedata_12.png_Mean-Medain.png
Component: component_1755520652905_217.png
centerX: 0.8701612903225806
centerY: 0.5112567683100598
width: 0.028629032258064516
height: 0.034482758620689655
Area: 0.0003645005010158211
CentroidX: 0.8870
CentroidY: 0.5259
