Location: Dedata_12.png_Gaussian-Median.png
Component: component_1755520652349_12.png
centerX: 0.13024193548387097
centerY: 0.0037047591906526076
width: 0.03306451612903226
height: 0.03733257338273012
Area: 0.0003516303698324125
CentroidX: 0.1483
CentroidY: 0.0206
