Location: Dedata_12.png_Otsu.png
Component: component_1755520652075_91.png
centerX: 0.885483870967742
centerY: 0.19977201481903675
width: 0.037096774193548385
height: 0.029353092049016812
Area: 0.00029877090247198447
CentroidX: 0.9052
CentroidY: 0.2122
