Location: Dedata_12.png_Mean-Medain.png
Component: component_1755520652859_66.png
centerX: 0.3532258064516129
centerY: 0.1365061271017384
width: 0.03870967741935484
height: 0.033912795668281565
Area: 0.00038725305435791834
CentroidX: 0.3741
CentroidY: 0.1514
