Location: Dedata_12.png_Otsu.png
Component: component_1755520652085_140.png
centerX: 0.3040322580645161
centerY: 0.31005984611000287
width: 0.027419354838709678
height: 0.03562268452550584
Area: 0.0003225576627841771
CentroidX: 0.3188
CentroidY: 0.3257
