Location: Dedata_12.png_Gaussian-Closing.png
Component: component_1755520652552_233.png
centerX: 0.3024193548387097
centerY: 0.554573952693075
width: 0.028629032258064516
height: 0.032487888287261325
Area: 0.00034232250710155453
CentroidX: 0.3184
CentroidY: 0.5675
