Location: Dedata_12.png_Mean-Medain.png
Component: component_1755520652839_3.png
centerX: 0.5125
centerY: 0.0008549444286121402
width: 0.032661290322580645
height: 0.03163294385864919
Area: 0.00038127763630847863
CentroidX: 0.5289
CentroidY: 0.0152
