Location: Dedata_12.png_Mean-Medain.png
Component: component_1755520652861_75.png
centerX: 0.014919354838709677
centerY: 0.15645483043602165
width: 0.03588709677419355
height: 0.03562268452550584
Area: 0.0004376993721214573
CentroidX: 0.0343
CentroidY: 0.1712
