Location: Dedata_12.png_Gaussian-Median.png
Component: component_1755520652398_127.png
centerX: 0.13669354838709677
centerY: 0.280421772584782
width: 0.03306451612903226
height: 0.02963807352522086
Area: 0.0003340488513407919
CentroidX: 0.1551
CentroidY: 0.2946
