Location: Dedata_12.png_Gaussian-Median.png
Component: component_1755520652424_238.png
centerX: 0.8866935483870968
centerY: 0.5588486748361357
width: 0.03387096774193549
height: 0.0347677400968937
Area: 0.00031646733284917126
CentroidX: 0.9057
CentroidY: 0.5742
