Location: Dedata_12.png_Gaussian-Median.png
Component: component_1755520652419_214.png
centerX: 0.4411290322580645
centerY: 0.48503847249928755
width: 0.03225806451612903
height: 0.039612425192362494
Area: 0.00041747488026181524
CentroidX: 0.4590
CentroidY: 0.5038
