Location: Dedata_12.png_Gaussian-Median.png
Component: component_1755520652426_249.png
centerX: 0.5790322580645161
centerY: 0.5773724707893987
width: 0.027822580645161292
height: 0.03163294385864919
Area: 0.00030853841274510705
CentroidX: 0.5957
CentroidY: 0.5909
