Location: Dedata_12.png_Mean-Medain.png
Component: component_1755520652879_120.png
centerX: 0.3681451612903226
centerY: 0.2710173838700484
width: 0.03185483870967742
height: 0.030208036477628954
Area: 0.00036346629404572576
CentroidX: 0.3860
CentroidY: 0.2836
