Location: Dedata_12.png_Gaussian-Median.png
Component: component_1755520652440_315.png
centerX: 0.06733870967741935
centerY: 0.7765745226560273
width: 0.03024193548387097
height: 0.03676261043032203
Area: 0.000346574246867502
CentroidX: 0.0855
CentroidY: 0.7937
