Location: Dedata_12.png_Mean-Medain.png
Component: component_1755520652881_126.png
centerX: 0.8907258064516129
centerY: 0.2841265317754346
width: 0.029838709677419355
height: 0.0347677400968937
Area: 0.00039230917732282887
CentroidX: 0.9071
CentroidY: 0.2997
