Location: Dedata_12.png_Mean-Medain.png
Component: component_1755520652922_276.png
centerX: 0.07661290322580645
centerY: 0.6779709318894271
width: 0.03225806451612903
height: 0.0353377030493018
Area: 0.00038104781253734635
CentroidX: 0.0961
CentroidY: 0.6926
