Location: Dedata_12.png_Gaussian-Median.png
Component: component_1755520652348_10.png
centerX: 0.625
centerY: 0.003134796238244514
width: 0.03467741935483871
height: 0.03220290681105728
Area: 0.00035128563417571407
CentroidX: 0.6434
CentroidY: 0.0170
