Location: Dedata_12.png_Gaussian-Closing.png
Component: component_1755520652492_19.png
centerX: 0.016129032258064516
centerY: 0.008549444286121402
width: 0.03508064516129032
height: 0.034482758620689655
Area: 0.00036806276946837167
CentroidX: 0.0348
CentroidY: 0.0228
