Location: Dedata_12.png_Mean-Medain.png
Component: component_1755520652866_95.png
centerX: 0.771774193548387
centerY: 0.20205186662866914
width: 0.03790322580645161
height: 0.0347677400968937
Area: 0.00035645666902619073
CentroidX: 0.7917
CentroidY: 0.2167
