Location: Dedata_12.png_Otsu.png
Component: component_1755520652128_307.png
centerX: 0.45483870967741935
centerY: 0.7523510971786834
width: 0.03064516129032258
height: 0.03334283271587347
Area: 0.0002667104863990292
CentroidX: 0.4717
CentroidY: 0.7666
