Location: Dedata_12.png_Mean-Medain.png
Component: component_1755520652860_69.png
centerX: 0.2346774193548387
centerY: 0.14363066400683955
width: 0.03790322580645161
height: 0.034482758620689655
Area: 0.00047033434762224326
CentroidX: 0.2537
CentroidY: 0.1602
