Location: Dedata_12.png_Gaussian-Closing.png
Component: component_1755520652542_194.png
centerX: 0.34153225806451615
centerY: 0.4525505842120262
width: 0.028225806451612902
height: 0.03590766600170989
Area: 0.0003671434743838425
CentroidX: 0.3567
CentroidY: 0.4684
