Location: Dedata_12.png_Gaussian-Closing.png
Component: component_1755520652755_299.png
centerX: 0.6681451612903225
centerY: 0.7426617269877458
width: 0.031451612903225803
height: 0.03163294385864919
Area: 0.00032336204598314015
CentroidX: 0.6865
CentroidY: 0.7569
