Location: Dedata_12.png_Gaussian-Median.png
Component: component_1755520652391_93.png
centerX: 0.8850806451612904
centerY: 0.19977201481903675
width: 0.03790322580645161
height: 0.02963807352522086
Area: 0.00034117338824589307
CentroidX: 0.9053
CentroidY: 0.2122
