Location: Dedata_12.png_Gaussian-Closing.png
Component: component_1755520652493_26.png
centerX: 0.5487903225806452
centerY: 0.04331718438301511
width: 0.032661290322580645
height: 0.03590766600170989
Area: 0.00035082598663344945
CentroidX: 0.5652
CentroidY: 0.0586
