Location: Dedata_12.png_Mean-Medain.png
Component: component_1755520652855_52.png
centerX: 0.11975806451612903
centerY: 0.10145340552864064
width: 0.03064516129032258
height: 0.039042462239954404
Area: 0.00039127497035273354
CentroidX: 0.1355
CentroidY: 0.1185
