Location: Dedata_12.png_Otsu.png
Component: component_1755520652070_65.png
centerX: 0.3540322580645161
centerY: 0.13679110857794244
width: 0.0375
height: 0.03334283271587347
Area: 0.000316237509078039
CentroidX: 0.3741
CentroidY: 0.1515
