Location: Dedata_12.png_Gaussian-Median.png
Component: component_1755520652366_25.png
centerX: 0.6943548387096774
centerY: 0.042462239954402965
width: 0.03024193548387097
height: 0.0347677400968937
Area: 0.0003428970665293853
CentroidX: 0.7102
CentroidY: 0.0578
