Location: Dedata_12.png_Gaussian-Closing.png
Component: component_1755520652758_302.png
centerX: 0.5088709677419355
centerY: 0.750071245369051
width: 0.03306451612903226
height: 0.029923055001424906
Area: 0.0003062401750337841
CentroidX: 0.5274
CentroidY: 0.7630
