Location: Dedata_12.png_Mean-Medain.png
Component: component_1755520652885_138.png
centerX: 0.40846774193548385
centerY: 0.30493017953833
width: 0.03064516129032258
height: 0.03733257338273012
Area: 0.0003688671526673347
CentroidX: 0.4256
CentroidY: 0.3198
