Location: Dedata_12.png_Mean-Medain.png
Component: component_1755520652916_259.png
centerX: 0.6903225806451613
centerY: 0.6201196922200057
width: 0.028629032258064516
height: 0.038472499287546306
Area: 0.00036921188832403313
CentroidX: 0.7066
CentroidY: 0.6369
