Location: Dedata_12.png_Gaussian-Median.png
Component: component_1755520652383_66.png
centerX: 0.3536290322580645
centerY: 0.1365061271017384
width: 0.038306451612903226
height: 0.033912795668281565
Area: 0.00036300664650346114
CentroidX: 0.3741
CentroidY: 0.1514
