Location: Dedata_12.png_Otsu.png
Component: component_1755520652116_280.png
centerX: 0.7564516129032258
centerY: 0.6791108577942434
width: 0.034274193548387094
height: 0.034482758620689655
Area: 0.00028325779792055453
CentroidX: 0.7755
CentroidY: 0.6946
