Location: Dedata_12.png_Gaussian-Closing.png
Component: component_1755520652543_199.png
centerX: 0.9165322580645161
centerY: 0.46480478768880024
width: 0.024193548387096774
height: 0.018238814477058992
Area: 0.00018558269518932882
CentroidX: 0.9266
CentroidY: 0.4754
