Location: Dedata_12.png_Gaussian-Closing.png
Component: component_1755520652515_129.png
centerX: 0.07338709677419354
centerY: 0.286691365061271
width: 0.03870967741935484
height: 0.03505272157309775
Area: 0.0003861039355022569
CentroidX: 0.0956
CentroidY: 0.3022
