Location: Dedata_12.png_Mean-Medain.png
Component: component_1755520652922_279.png
centerX: 0.7
centerY: 0.6845255058421202
width: 0.03346774193548387
height: 0.03163294385864919
Area: 0.0003549628145138308
CentroidX: 0.7192
CentroidY: 0.6980
