Location: Dedata_12.png_Mean-Medain.png
Component: component_1755520652894_176.png
centerX: 0.2838709677419355
centerY: 0.41008834425762325
width: 0.02943548387096774
height: 0.03505272157309775
Area: 0.0003966758289743425
CentroidX: 0.3004
CentroidY: 0.4253
