Location: Dedata_12.png_Gaussian-Median.png
Component: component_1755520652408_166.png
centerX: 0.0625
centerY: 0.37817041892277004
width: 0.027822580645161292
height: 0.04360216585921915
Area: 0.0004054091322773697
CentroidX: 0.0781
CentroidY: 0.3964
