Location: Dedata_12.png_Mean-Medain.png
Component: component_1755520652923_281.png
centerX: 0.5931451612903226
centerY: 0.6964947278426902
width: 0.03306451612903226
height: 0.03220290681105728
Area: 0.0003553075501705292
CentroidX: 0.6114
CentroidY: 0.7100
