Location: Dedata_12.png_Mean-Medain.png
Component: component_1755520652930_304.png
centerX: 0.35604838709677417
centerY: 0.7586206896551724
width: 0.02903225806451613
height: 0.03419777714448561
Area: 0.00035484790262826465
CentroidX: 0.3730
CentroidY: 0.7741
