Location: Dedata_12.png_Mean-Medain.png
Component: component_1755520652925_292.png
centerX: 0.8862903225806451
centerY: 0.7301225420347678
width: 0.03185483870967742
height: 0.03619264747791394
Area: 0.00036277682273232886
CentroidX: 0.9043
CentroidY: 0.7462
