Location: Dedata_12.png_Gaussian-Median.png
Component: component_1755520652404_149.png
centerX: 0.8169354838709677
centerY: 0.33086349387289826
width: 0.03669354838709677
height: 0.03220290681105728
Area: 0.0003740381875178113
CentroidX: 0.8362
CentroidY: 0.3449
