Location: Dedata_12.png_Mean-Medain.png
Component: component_1755520652915_257.png
centerX: 0.7407258064516129
centerY: 0.6175548589341693
width: 0.03185483870967742
height: 0.03932744371615845
Area: 0.0003950670625764164
CentroidX: 0.7589
CentroidY: 0.6352
