Location: Dedata_12.png_Gaussian-Closing.png
Component: component_1755520652622_282.png
centerX: 0.6487903225806452
centerY: 0.6873753206041607
width: 0.03064516129032258
height: 0.03619264747791394
Area: 0.000337266384136644
CentroidX: 0.6649
CentroidY: 0.7042
