Location: Dedata_12.png_Mean-Medain.png
Component: component_1755520652922_278.png
centerX: 0.01653225806451613
centerY: 0.6822456540324879
width: 0.03185483870967742
height: 0.03818751781134226
Area: 0.000424254681510218
CentroidX: 0.0346
CentroidY: 0.6979
