Location: Dedata_12.png_Mean-Medain.png
Component: component_1755520652907_221.png
centerX: 0.12419354838709677
centerY: 0.518381305215161
width: 0.02943548387096774
height: 0.03562268452550584
Area: 0.0003687522407817685
CentroidX: 0.1410
CentroidY: 0.5329
