Location: easy26_Mean-Closing.png
Component: component_1744297381962_64.png
centerX: 0.5741935483870968
centerY: 0.05555555555555555
width: 0.018548387096774192
height: 0.014367816091954023
Area: 0.00013981584476578914
CentroidX: 0.5831
CentroidY: 0.0621
