Location: easy21_Mean-Medain.png
Component: component_1744297380956_896.png
centerX: 0.8129032258064516
centerY: 0.6776819923371648
width: 0.020967741935483872
height: 0.01532567049808429
Area: 0.0001610585836114201
CentroidX: 0.8230
CentroidY: 0.6848
