Location: easy21_Mean-Medain.png
Component: component_1744297380943_848.png
centerX: 0.4991935483870968
centerY: 0.6542145593869731
width: 0.020967741935483872
height: 0.01532567049808429
Area: 0.00015333395130391793
CentroidX: 0.5093
CentroidY: 0.6613
