Location: 20250501_171350.jpg_Gaussian-Closing.png
Component: component_1746113474370_40.png
centerX: 0.5961630695443645
centerY: 0.564453125
width: 0.04124700239808154
height: 0.15234375
Area: 0.0018444619304556354
CentroidX: 0.6138
CentroidY: 0.6362
