Location: 20250501_171350.jpg_Mean-Medain.png
Component: component_1746113474351_43.png
centerX: 0.6292565947242206
centerY: 0.572265625
width: 0.04028776978417266
height: 0.146484375
Area: 0.001760154376498801
CentroidX: 0.6473
CentroidY: 0.6507
