Location: easy21_Mean-Medain.png
Component: component_1744297380896_653.png
centerX: 0.20483870967741935
centerY: 0.5196360153256705
width: 0.020161290322580645
height: 0.014367816091954023
Area: 0.00013981584476578914
CentroidX: 0.2143
CentroidY: 0.5261
