Location: easy16_Gaussian-Median.png
Component: component_1744297381859_906.png
centerX: 0.055645161290322584
centerY: 0.6451149425287356
width: 0.020161290322580645
height: 0.014367816091954023
Area: 0.00013440860215053763
CentroidX: 0.0653
CentroidY: 0.6515
