Location: easy21_Mean-Medain.png
Component: component_1744297380801_206.png
centerX: 0.40161290322580645
centerY: 0.15373563218390804
width: 0.020967741935483872
height: 0.01532567049808429
Area: 0.000146381782227166
CentroidX: 0.4117
CentroidY: 0.1606
