Location: easy26_Mean-Closing.png
Component: component_1744297382089_566.png
centerX: 0.5943548387096774
centerY: 0.39080459770114945
width: 0.018548387096774192
height: 0.014846743295019157
Area: 0.00013981584476578914
CentroidX: 0.6033
CentroidY: 0.3973
