Location: easy26_Mean-Closing.png
Component: component_1744297382134_811.png
centerX: 0.3604838709677419
centerY: 0.6585249042145593
width: 0.020161290322580645
height: 0.014846743295019157
Area: 0.0001367259918427883
CentroidX: 0.3700
CentroidY: 0.6652
