Location: easy16_Gaussian-Median.png
Component: component_1744297381687_235.png
centerX: 0.13790322580645162
centerY: 0.15900383141762453
width: 0.020161290322580645
height: 0.014367816091954023
Area: 0.00013170498084291187
CentroidX: 0.1479
CentroidY: 0.1654
