Location: easy21_Mean-Medain.png
Component: component_1744297380968_934.png
centerX: 0.9290322580645162
centerY: 0.7011494252873564
width: 0.020967741935483872
height: 0.01532567049808429
Area: 0.00015912742553454457
CentroidX: 0.9391
CentroidY: 0.7077
