Location: easy21_Mean-Medain.png
Component: component_1744297381040_1013.png
centerX: 0.14274193548387096
centerY: 0.7667624521072797
width: 0.020161290322580645
height: 0.014846743295019157
Area: 0.0001417470028426647
CentroidX: 0.1525
CentroidY: 0.7731
