Location: 20250501_171350.jpg_Gaussian-Closing.png
Component: component_1746113474372_49.png
centerX: 0.32422062350119907
centerY: 0.609375
width: 0.035491606714628296
height: 0.171875
Area: 0.002062724820143885
CentroidX: 0.3415
CentroidY: 0.6919
