Location: easy16_Gaussian-Median.png
Component: component_1744297381887_1070.png
centerX: 0.7120967741935483
centerY: 0.7552681992337165
width: 0.020967741935483872
height: 0.014846743295019157
Area: 0.00014290569768879002
CentroidX: 0.7219
CentroidY: 0.7618
