Location: easy21_Mean-Medain.png
Component: component_1744297380866_491.png
centerX: 0.925
centerY: 0.42528735632183906
width: 0.020967741935483872
height: 0.01532567049808429
Area: 0.0001510165616116673
CentroidX: 0.9354
CentroidY: 0.4322
