Location: easy26_Mean-Closing.png
Component: component_1744297382001_270.png
centerX: 0.6943548387096774
centerY: 0.1896551724137931
width: 0.01935483870967742
height: 0.014846743295019157
Area: 0.00014560931899641578
CentroidX: 0.7037
CentroidY: 0.1966
