Location: easy26_Mean-Closing.png
Component: component_1744297382143_856.png
centerX: 0.1814516129032258
centerY: 0.6815134099616859
width: 0.01935483870967742
height: 0.014367816091954023
Area: 0.00013054628599678655
CentroidX: 0.1908
CentroidY: 0.6881
