Location: easy16_Gaussian-Median.png
Component: component_1744297381801_589.png
centerX: 0.9056451612903226
centerY: 0.3994252873563218
width: 0.020161290322580645
height: 0.01532567049808429
Area: 0.0001467680138425411
CentroidX: 0.9153
CentroidY: 0.4062
