Location: easy26_Mean-Closing.png
Component: component_1744297382002_276.png
centerX: 0.9016129032258065
centerY: 0.20977011494252873
width: 0.020967741935483872
height: 0.01532567049808429
Area: 0.0001514027932270424
CentroidX: 0.9115
CentroidY: 0.2168
