Location: easy21_Mean-Medain.png
Component: component_1744297381140_1155.png
centerX: 0.27661290322580645
centerY: 0.8587164750957854
width: 0.020161290322580645
height: 0.014846743295019157
Area: 0.00014985786676554195
CentroidX: 0.2863
CentroidY: 0.8652
