Location: 20250501_171350.jpg_Gaussian-Closing.png
Component: component_1746113474369_34.png
centerX: 0.09256594724220624
centerY: 0.412109375
width: 0.04844124700239808
height: 0.169921875
Area: 0.002925472122302158
CentroidX: 0.1166
CentroidY: 0.4912
