Location: 20250501_171350.jpg_Mean-Medain.png
Component: component_1746113474340_1.png
centerX: 0.7913669064748201
centerY: 0.068359375
width: 0.047961630695443645
height: 0.181640625
Area: 0.0022088579136690647
CentroidX: 0.8143
CentroidY: 0.1504
