Location: 20250501_171350.jpg_Gaussian-Median.png
Component: component_1746113474327_29.png
centerX: 0.47434052757793765
centerY: 0.36328125
width: 0.041726618705035974
height: 0.193359375
Area: 0.0021254871103117507
CentroidX: 0.4953
CentroidY: 0.4594
