Location: easy26_Mean-Closing.png
Component: component_1744297382090_569.png
centerX: 0.660483870967742
centerY: 0.39080459770114945
width: 0.01935483870967742
height: 0.014846743295019157
Area: 0.00014329192930416512
CentroidX: 0.6698
CentroidY: 0.3974
