Location: easy26_Mean-Closing.png
Component: component_1744297382002_279.png
centerX: 0.2411290322580645
centerY: 0.21120689655172414
width: 0.020161290322580645
height: 0.014846743295019157
Area: 0.0001413607712272896
CentroidX: 0.2510
CentroidY: 0.2178
