Location: easy26_Mean-Closing.png
Component: component_1744297382085_549.png
centerX: 0.049193548387096775
centerY: 0.3706896551724138
width: 0.01935483870967742
height: 0.014846743295019157
Area: 0.00013170498084291187
CentroidX: 0.0585
CentroidY: 0.3774
