Location: easy26_Mean-Closing.png
Component: component_1744297381986_190.png
centerX: 0.09435483870967742
centerY: 0.1446360153256705
width: 0.020161290322580645
height: 0.01532567049808429
Area: 0.00014560931899641578
CentroidX: 0.1040
CentroidY: 0.1518
