Location: 20250501_171350.jpg_Gaussian-Median.png
Component: component_1746113474330_44.png
centerX: 0.6292565947242206
centerY: 0.5703125
width: 0.04028776978417266
height: 0.1484375
Area: 0.001687087829736211
CentroidX: 0.6476
CentroidY: 0.6498
