Location: easy26_Mean-Closing.png
Component: component_1744297381963_69.png
centerX: 0.7346774193548387
centerY: 0.05555555555555555
width: 0.020967741935483872
height: 0.01532567049808429
Area: 0.00017380422691879867
CentroidX: 0.7446
CentroidY: 0.0625
