Location: 20250501_171350.jpg_Mean-Medain.png
Component: component_1746113474350_40.png
centerX: 0.8311750599520383
centerY: 0.560546875
width: 0.03261390887290168
height: 0.181640625
Area: 0.002004646282973621
CentroidX: 0.8480
CentroidY: 0.6547
