Location: easy26_Mean-Closing.png
Component: component_1744297382161_947.png
centerX: 0.17338709677419356
centerY: 0.7485632183908046
width: 0.01935483870967742
height: 0.014846743295019157
Area: 0.0001367259918427883
CentroidX: 0.1826
CentroidY: 0.7551
