Location: easy16_Gaussian-Median.png
Component: component_1744297381773_450.png
centerX: 0.7467741935483871
centerY: 0.3117816091954023
width: 0.020161290322580645
height: 0.014846743295019157
Area: 0.00014522308738104065
CentroidX: 0.7567
CentroidY: 0.3183
