Location: easy16_Gaussian-Median.png
Component: component_1744297381654_72.png
centerX: 0.8185483870967742
centerY: 0.06321839080459771
width: 0.020967741935483872
height: 0.014846743295019157
Area: 0.0001475404770732913
CentroidX: 0.8283
CentroidY: 0.0700
