Location: easy26_Mean-Closing.png
Component: component_1744297382034_434.png
centerX: 0.6112903225806452
centerY: 0.3017241379310345
width: 0.01935483870967742
height: 0.014846743295019157
Area: 0.00014290569768879002
CentroidX: 0.6205
CentroidY: 0.3084
