Location: easy21_Mean-Medain.png
Component: component_1744297380786_161.png
centerX: 0.2782258064516129
centerY: 0.1307471264367816
width: 0.020161290322580645
height: 0.014846743295019157
Area: 0.00013479483376591274
CentroidX: 0.2876
CentroidY: 0.1374
