Location: easy26_Mean-Closing.png
Component: component_1744297382146_876.png
centerX: 0.9024193548387097
centerY: 0.7025862068965517
width: 0.020161290322580645
height: 0.014846743295019157
Area: 0.00015410641453466814
CentroidX: 0.9122
CentroidY: 0.7093
