Location: 20250501_171350.jpg_Mean-Medain.png
Component: component_1746113474347_31.png
centerX: 0.27050359712230215
centerY: 0.3984375
width: 0.04652278177458034
height: 0.1484375
Area: 0.002131107613908873
CentroidX: 0.2911
CentroidY: 0.4648
