Location: easy16_Gaussian-Median.png
Component: component_1744297381747_328.png
centerX: 0.2661290322580645
centerY: 0.22509578544061304
width: 0.020161290322580645
height: 0.014846743295019157
Area: 0.00013865714991966383
CentroidX: 0.2758
CentroidY: 0.2320
