Location: easy64_Gaussian-Closing.png
Component: component_1744297381328_657.png
centerX: 0.7980652962515115
centerY: 0.43351859769132106
width: 0.013905683192261185
height: 0.00983326207781103
Area: 8.581680799729935e-05
CentroidX: 0.8048
CentroidY: 0.4377
