Location: easy26_Mean-Closing.png
Component: component_1744297381984_182.png
centerX: 0.32903225806451614
centerY: 0.14367816091954022
width: 0.020161290322580645
height: 0.014846743295019157
Area: 0.0001471542454579162
CentroidX: 0.3386
CentroidY: 0.1503
