Location: easy16_Gaussian-Median.png
Component: component_1744297381815_657.png
centerX: 0.8193548387096774
centerY: 0.44492337164750956
width: 0.020161290322580645
height: 0.01532567049808429
Area: 0.00014406439253491533
CentroidX: 0.8293
CentroidY: 0.4517
