Location: easy21_Mean-Medain.png
Component: component_1744297380884_579.png
centerX: 0.08951612903225807
centerY: 0.4746168582375479
width: 0.020161290322580645
height: 0.014846743295019157
Area: 0.0001324774440736621
CentroidX: 0.0993
CentroidY: 0.4811
