Location: 20250501_171350.jpg_Mean-Medain.png
Component: component_1746113474348_36.png
centerX: 0.013908872901678656
centerY: 0.4140625
width: 0.06139088729016787
height: 0.17578125
Area: 0.004217251199040767
CentroidX: 0.0446
CentroidY: 0.5078
