Location: easy26_Mean-Closing.png
Component: component_1744297382203_1155.png
centerX: 0.04596774193548387
centerY: 0.882183908045977
width: 0.020161290322580645
height: 0.014846743295019157
Area: 0.00014985786676554195
CentroidX: 0.0556
CentroidY: 0.8890
