Location: 20250501_171350.jpg_Gaussian-Median.png
Component: component_1746113474324_16.png
centerX: 0.09688249400479616
centerY: 0.130859375
width: 0.04988009592326139
height: 0.185546875
Area: 0.0029357763788968824
CentroidX: 0.1228
CentroidY: 0.2180
