Location: easy26_Mean-Closing.png
Component: component_1744297382104_637.png
centerX: 0.275
centerY: 0.4363026819923372
width: 0.020161290322580645
height: 0.014846743295019157
Area: 0.0001374984550735385
CentroidX: 0.2847
CentroidY: 0.4430
