Location: easy16_Gaussian-Median.png
Component: component_1744297381789_537.png
centerX: 0.175
centerY: 0.3596743295019157
width: 0.01935483870967742
height: 0.014367816091954023
Area: 0.00013324990730441232
CentroidX: 0.1842
CentroidY: 0.3660
