Location: easy26_Mean-Closing.png
Component: component_1744297381982_166.png
centerX: 0.7322580645161291
centerY: 0.12308429118773946
width: 0.01935483870967742
height: 0.014846743295019157
Area: 0.00014367816091954023
CentroidX: 0.7415
CentroidY: 0.1297
