Location: easy21_Mean-Medain.png
Component: component_1744297380822_288.png
centerX: 0.5766129032258065
centerY: 0.2907088122605364
width: 0.020967741935483872
height: 0.014846743295019157
Area: 0.00015487887776541838
CentroidX: 0.5865
CentroidY: 0.2973
