Location: easy26_Mean-Closing.png
Component: component_1744297382126_771.png
centerX: 0.5298387096774193
centerY: 0.6355363984674329
width: 0.020161290322580645
height: 0.014367816091954023
Area: 0.00013865714991966383
CentroidX: 0.5393
CentroidY: 0.6420
