Location: easy26_Mean-Closing.png
Component: component_1744297381970_108.png
centerX: 0.1435483870967742
centerY: 0.09818007662835249
width: 0.01935483870967742
height: 0.014846743295019157
Area: 0.0001417470028426647
CentroidX: 0.1529
CentroidY: 0.1050
