Location: easy16_Gaussian-Median.png
Component: component_1744297381894_1112.png
centerX: 0.40161290322580645
centerY: 0.7782567049808429
width: 0.020161290322580645
height: 0.014846743295019157
Area: 0.00014020207638116425
CentroidX: 0.4113
CentroidY: 0.7847
