Location: 20250501_171350.jpg_Mean-Medain.png
Component: component_1746113474343_14.png
centerX: 0.28249400479616305
centerY: 0.125
width: 0.04316546762589928
height: 0.1953125
Area: 0.002561076139088729
CentroidX: 0.3034
CentroidY: 0.2120
