Location: easy26_Mean-Closing.png
Component: component_1744297381993_224.png
centerX: 0.4435483870967742
centerY: 0.16666666666666666
width: 0.01935483870967742
height: 0.014846743295019157
Area: 0.00014522308738104065
CentroidX: 0.4528
CentroidY: 0.1734
