Location: 20250501_171350.jpg_Mean-Medain.png
Component: component_1746113474343_13.png
centerX: 0.39136690647482014
centerY: 0.123046875
width: 0.0407673860911271
height: 0.1796875
Area: 0.002375599520383693
CentroidX: 0.4124
CentroidY: 0.2033
