Location: 20250501_171350.jpg_Mean-Medain.png
Component: component_1746113474347_30.png
centerX: 0.4196642685851319
centerY: 0.373046875
width: 0.04844124700239808
height: 0.154296875
Area: 0.0026013564148681056
CentroidX: 0.4425
CentroidY: 0.4497
