Location: easy26_Mean-Closing.png
Component: component_1744297382089_564.png
centerX: 0.5524193548387096
centerY: 0.39080459770114945
width: 0.01935483870967742
height: 0.014846743295019157
Area: 0.00013865714991966383
CentroidX: 0.5615
CentroidY: 0.3976
