Location: 20250501_171350.jpg_Mean-Medain.png
Component: component_1746113474341_4.png
centerX: 0.8959232613908873
centerY: 0.08203125
width: 0.03980815347721822
height: 0.12890625
Area: 0.0020692820743405276
CentroidX: 0.9162
CentroidY: 0.1360
