Location: easy21_Mean-Medain.png
Component: component_1744297380883_574.png
centerX: 0.4596774193548387
centerY: 0.4731800766283525
width: 0.020967741935483872
height: 0.014846743295019157
Area: 0.0001556513409961686
CentroidX: 0.4697
CentroidY: 0.4798
