Location: easy21_Mean-Medain.png
Component: component_1744297380841_371.png
centerX: 0.2153225806451613
centerY: 0.33860153256704983
width: 0.020967741935483872
height: 0.01532567049808429
Area: 0.00015294771968854282
CentroidX: 0.2251
CentroidY: 0.3455
