Location: easy21_Mean-Medain.png
Component: component_1744297380838_355.png
centerX: 0.6241935483870967
centerY: 0.335727969348659
width: 0.020967741935483872
height: 0.01532567049808429
Area: 0.00014985786676554195
CentroidX: 0.6346
CentroidY: 0.3427
