Location: 20250501_171350.jpg_Gaussian-Closing.png
Component: component_1746113474368_33.png
centerX: 0.014388489208633094
centerY: 0.412109375
width: 0.06091127098321343
height: 0.177734375
Area: 0.0037919664268585133
CentroidX: 0.0452
CentroidY: 0.5067
