Location: easy16_Gaussian-Median.png
Component: component_1744297381843_819.png
centerX: 0.33145161290322583
centerY: 0.5991379310344828
width: 0.018548387096774192
height: 0.014846743295019157
Area: 0.00013170498084291187
CentroidX: 0.3402
CentroidY: 0.6060
