Location: easy16_Gaussian-Median.png
Component: component_1744297381889_1085.png
centerX: 0.3911290322580645
centerY: 0.7557471264367817
width: 0.01935483870967742
height: 0.014846743295019157
Area: 0.00014367816091954023
CentroidX: 0.4002
CentroidY: 0.7622
