Location: easy21_Mean-Medain.png
Component: component_1744297380868_501.png
centerX: 0.6185483870967742
centerY: 0.4272030651340996
width: 0.020967741935483872
height: 0.014846743295019157
Area: 0.0001417470028426647
CentroidX: 0.6287
CentroidY: 0.4337
