Location: 20250501_171350.jpg_Mean-Medain.png
Component: component_1746113474341_6.png
centerX: 0.6402877697841727
centerY: 0.087890625
width: 0.0460431654676259
height: 0.205078125
Area: 0.002722197242206235
CentroidX: 0.6626
CentroidY: 0.1797
