Location: easy16_Gaussian-Median.png
Component: component_1744297381719_289.png
centerX: 0.40161290322580645
centerY: 0.2025862068965517
width: 0.01935483870967742
height: 0.014367816091954023
Area: 0.00013981584476578914
CentroidX: 0.4108
CentroidY: 0.2089
