Location: 20250501_171350.jpg_Mean-Medain.png
Component: component_1746113474342_8.png
centerX: 0.53621103117506
centerY: 0.1015625
width: 0.03980815347721822
height: 0.169921875
Area: 0.002162957134292566
CentroidX: 0.5535
CentroidY: 0.1783
