Location: easy16_Gaussian-Median.png
Component: component_1744297381825_745.png
centerX: 0.8153225806451613
centerY: 0.5526819923371648
width: 0.020161290322580645
height: 0.014846743295019157
Area: 0.00016337597330367073
CentroidX: 0.8250
CentroidY: 0.5592
