Location: 20250501_171350.jpg_Mean-Medain.png
Component: component_1746113474345_22.png
centerX: 0.7366906474820144
centerY: 0.33984375
width: 0.04460431654676259
height: 0.171875
Area: 0.0020814598321342924
CentroidX: 0.7568
CentroidY: 0.4197
