Location: 20250501_171350.jpg_Gaussian-Median.png
Component: component_1746113474332_50.png
centerX: 0.4541966426858513
centerY: 0.59765625
width: 0.04124700239808154
height: 0.189453125
Area: 0.0022697467026378897
CentroidX: 0.4750
CentroidY: 0.6858
