Location: easy21_Mean-Medain.png
Component: component_1744297380992_980.png
centerX: 0.22822580645161292
centerY: 0.7447318007662835
width: 0.020967741935483872
height: 0.014846743295019157
Area: 0.0001413607712272896
CentroidX: 0.2383
CentroidY: 0.7513
