Location: easy26_Mean-Closing.png
Component: component_1744297382190_1087.png
centerX: 0.09516129032258064
centerY: 0.8381226053639846
width: 0.020161290322580645
height: 0.014846743295019157
Area: 0.0001413607712272896
CentroidX: 0.1051
CentroidY: 0.8448
