Location: 20250501_171350.jpg_Mean-Medain.png
Component: component_1746113474349_38.png
centerX: 0.5453237410071943
centerY: 0.556640625
width: 0.04652278177458034
height: 0.146484375
Area: 0.002321267985611511
CentroidX: 0.5660
CentroidY: 0.6230
