Location: 20250501_171350.jpg_Mean-Medain.png
Component: component_1746113474353_52.png
centerX: 0.2119904076738609
centerY: 0.62890625
width: 0.04700239808153477
height: 0.1875
Area: 0.003073478717026379
CentroidX: 0.2352
CentroidY: 0.7199
