Location: 20250501_171350.jpg_Mean-Medain.png
Component: component_1746113474352_51.png
centerX: 0.2709832134292566
centerY: 0.6171875
width: 0.03980815347721822
height: 0.1953125
Area: 0.002556392386091127
CentroidX: 0.2917
CentroidY: 0.7148
