Location: easy16_Gaussian-Median.png
Component: component_1744297381833_782.png
centerX: 0.625
centerY: 0.5761494252873564
width: 0.020161290322580645
height: 0.014846743295019157
Area: 0.00014445062415029044
CentroidX: 0.6344
CentroidY: 0.5826
