Location: easy26_Mean-Closing.png
Component: component_1744297382077_525.png
centerX: 0.11612903225806452
centerY: 0.3692528735632184
width: 0.01935483870967742
height: 0.014846743295019157
Area: 0.00012243542207390927
CentroidX: 0.1258
CentroidY: 0.3760
