Location: easy16_Gaussian-Median.png
Component: component_1744297381931_1300.png
centerX: 0.23790322580645162
centerY: 0.8917624521072797
width: 0.020161290322580645
height: 0.014846743295019157
Area: 0.00014831294030404152
CentroidX: 0.2475
CentroidY: 0.8982
