Location: easy21_Mean-Medain.png
Component: component_1744297380904_681.png
centerX: 0.27338709677419354
centerY: 0.5416666666666666
width: 0.020967741935483872
height: 0.014846743295019157
Area: 0.00014445062415029044
CentroidX: 0.2835
CentroidY: 0.5480
