Location: 20250501_171350.jpg_Gaussian-Median.png
Component: component_1746113474329_41.png
centerX: 0.8311750599520383
centerY: 0.560546875
width: 0.03213429256594724
height: 0.181640625
Area: 0.0019184652278177458
CentroidX: 0.8480
CentroidY: 0.6542
