Location: easy26_Mean-Closing.png
Component: component_1744297382027_410.png
centerX: 0.22822580645161292
centerY: 0.30124521072796934
width: 0.01935483870967742
height: 0.014846743295019157
Area: 0.00014831294030404152
CentroidX: 0.2375
CentroidY: 0.3077
