Location: easy21_Mean-Medain.png
Component: component_1744297381150_1197.png
centerX: 0.5008064516129033
centerY: 0.8831417624521073
width: 0.020967741935483872
height: 0.015804597701149427
Area: 0.00016955567914967248
CentroidX: 0.5108
CentroidY: 0.8903
