Location: 20250501_171350.jpg_Mean-Medain.png
Component: component_1746113474344_18.png
centerX: 0.2278177458033573
centerY: 0.134765625
width: 0.03980815347721822
height: 0.1875
Area: 0.002722197242206235
CentroidX: 0.2469
CentroidY: 0.2146
