Location: 20250501_171350.jpg_Mean-Medain.png
Component: component_1746113474349_37.png
centerX: 0.1606714628297362
centerY: 0.4140625
width: 0.03884892086330935
height: 0.150390625
Area: 0.0024130695443645082
CentroidX: 0.1790
CentroidY: 0.4834
