Location: 20250501_171350.jpg_Mean-Medain.png
Component: component_1746113474343_15.png
centerX: 0.32805755395683456
centerY: 0.126953125
width: 0.04988009592326139
height: 0.201171875
Area: 0.0027090827338129495
CentroidX: 0.3543
CentroidY: 0.2114
