Location: easy26_Mean-Closing.png
Component: component_1744297382012_327.png
centerX: 0.8209677419354838
centerY: 0.23371647509578544
width: 0.020967741935483872
height: 0.014846743295019157
Area: 0.00015294771968854282
CentroidX: 0.8310
CentroidY: 0.2402
