Location: easy16_Gaussian-Median.png
Component: component_1744297381866_945.png
centerX: 0.17903225806451614
centerY: 0.6666666666666666
width: 0.020161290322580645
height: 0.014846743295019157
Area: 0.0001371122234581634
CentroidX: 0.1887
CentroidY: 0.6733
