Location: 20250501_171350.jpg_Gaussian-Median.png
Component: component_1746113474324_17.png
centerX: 0.019184652278177457
centerY: 0.134765625
width: 0.06330935251798561
height: 0.197265625
Area: 0.0037001648681055156
CentroidX: 0.0491
CentroidY: 0.2200
