Location: 20250501_171350.jpg_Mean-Medain.png
Component: component_1746113474348_32.png
centerX: 0.3247002398081535
centerY: 0.3984375
width: 0.04220623501199041
height: 0.154296875
Area: 0.0021048785971223023
CentroidX: 0.3442
CentroidY: 0.4617
