Location: easy16_Gaussian-Median.png
Component: component_1744297381875_999.png
centerX: 0.582258064516129
centerY: 0.7102490421455939
width: 0.01935483870967742
height: 0.014846743295019157
Area: 0.00014406439253491533
CentroidX: 0.5914
CentroidY: 0.7168
