Location: 20250501_171350.jpg_Mean-Medain.png
Component: component_1746113474350_42.png
centerX: 0.7755395683453238
centerY: 0.568359375
width: 0.0460431654676259
height: 0.16015625
Area: 0.0022837979616306954
CentroidX: 0.7966
CentroidY: 0.6444
