Location: 20250501_171350.jpg_Mean-Medain.png
Component: component_1746113474347_27.png
centerX: 0.6287769784172662
centerY: 0.357421875
width: 0.04652278177458034
height: 0.169921875
Area: 0.0020055830335731417
CentroidX: 0.6485
CentroidY: 0.4322
