Location: easy16_Gaussian-Median.png
Component: component_1744297381781_496.png
centerX: 0.3008064516129032
centerY: 0.3366858237547893
width: 0.01935483870967742
height: 0.014846743295019157
Area: 0.00013556729699666295
CentroidX: 0.3100
CentroidY: 0.3435
