Location: 20250501_171350.jpg_Mean-Medain.png
Component: component_1746113474353_57.png
centerX: 0.02973621103117506
centerY: 0.73046875
width: 0.04316546762589928
height: 0.140625
Area: 0.002053357314148681
CentroidX: 0.0528
CentroidY: 0.7996
