Location: easy26_Mean-Closing.png
Component: component_1744297382134_809.png
centerX: 0.2467741935483871
centerY: 0.6585249042145593
width: 0.020161290322580645
height: 0.014846743295019157
Area: 0.00013440860215053763
CentroidX: 0.2565
CentroidY: 0.6654
