Location: easy26_Mean-Closing.png
Component: component_1744297381964_70.png
centerX: 0.04838709677419355
centerY: 0.05651340996168582
width: 0.020161290322580645
height: 0.014846743295019157
Area: 0.0001471542454579162
CentroidX: 0.0582
CentroidY: 0.0633
