Location: easy16_Gaussian-Median.png
Component: component_1744297381809_634.png
centerX: 0.4088709677419355
centerY: 0.4257662835249042
width: 0.01935483870967742
height: 0.014846743295019157
Area: 0.0001374984550735385
CentroidX: 0.4181
CentroidY: 0.4320
