Location: easy21_Mean-Medain.png
Component: component_1744297380748_17.png
centerX: 0.4653225806451613
centerY: 0.03879310344827586
width: 0.020967741935483872
height: 0.01532567049808429
Area: 0.00016337597330367073
CentroidX: 0.4753
CentroidY: 0.0458
