Location: easy26_Mean-Closing.png
Component: component_1744297382209_1185.png
centerX: 0.5024193548387097
centerY: 0.8840996168582376
width: 0.020161290322580645
height: 0.014846743295019157
Area: 0.0001471542454579162
CentroidX: 0.5120
CentroidY: 0.8907
