Location: 20250501_171350.jpg_Mean-Medain.png
Component: component_1746113474352_47.png
centerX: 0.5069544364508394
centerY: 0.583984375
width: 0.03645083932853717
height: 0.15625
Area: 0.0020720923261390886
CentroidX: 0.5258
CentroidY: 0.6635
