Location: 20250501_171350.jpg_Mean-Medain.png
Component: component_1746113474352_49.png
centerX: 0.4541966426858513
centerY: 0.59765625
width: 0.04124700239808154
height: 0.189453125
Area: 0.0023203312350119905
CentroidX: 0.4750
CentroidY: 0.6863
