Location: easy21_Mean-Medain.png
Component: component_1744297381118_1097.png
centerX: 0.5693548387096774
centerY: 0.8146551724137931
width: 0.020967741935483872
height: 0.01532567049808429
Area: 0.00015372018291929303
CentroidX: 0.5795
CentroidY: 0.8216
