Location: 20250501_171350.jpg_Gaussian-Closing.png
Component: component_1746113474369_36.png
centerX: 0.1606714628297362
centerY: 0.4140625
width: 0.03884892086330935
height: 0.150390625
Area: 0.0022032374100719424
CentroidX: 0.1792
CentroidY: 0.4832
