Location: 20250501_171350.jpg_Mean-Medain.png
Component: component_1746113474350_41.png
centerX: 0.5961630695443645
centerY: 0.564453125
width: 0.04124700239808154
height: 0.15234375
Area: 0.0018875524580335731
CentroidX: 0.6139
CentroidY: 0.6368
