Location: easy26_Mean-Closing.png
Component: component_1744297382165_966.png
centerX: 0.6693548387096774
centerY: 0.7480842911877394
width: 0.020161290322580645
height: 0.014846743295019157
Area: 0.0001471542454579162
CentroidX: 0.6792
CentroidY: 0.7548
