Location: easy26_Mean-Closing.png
Component: component_1744297381968_96.png
centerX: 0.5790322580645161
centerY: 0.07806513409961686
width: 0.020161290322580645
height: 0.014846743295019157
Area: 0.0001506303299962922
CentroidX: 0.5889
CentroidY: 0.0847
