Location: easy21_Mean-Medain.png
Component: component_1744297380923_758.png
centerX: 0.4467741935483871
centerY: 0.5862068965517241
width: 0.020161290322580645
height: 0.014846743295019157
Area: 0.0001467680138425411
CentroidX: 0.4565
CentroidY: 0.5928
