Location: easy26_Mean-Closing.png
Component: component_1744297382076_520.png
centerX: 0.6564516129032258
centerY: 0.3682950191570881
width: 0.020161290322580645
height: 0.014846743295019157
Area: 0.00014445062415029044
CentroidX: 0.6660
CentroidY: 0.3751
