Location: easy16_Gaussian-Median.png
Component: component_1744297381862_925.png
centerX: 0.8040322580645162
centerY: 0.6647509578544061
width: 0.020161290322580645
height: 0.014846743295019157
Area: 0.0001467680138425411
CentroidX: 0.8140
CentroidY: 0.6713
