Location: 20250501_171350.jpg_Mean-Medain.png
Component: component_1746113474348_34.png
centerX: 0.09256594724220624
centerY: 0.412109375
width: 0.04844124700239808
height: 0.169921875
Area: 0.003214928057553957
CentroidX: 0.1163
CentroidY: 0.4907
