Location: easy16_Gaussian-Median.png
Component: component_1744297381817_672.png
centerX: 0.41935483870967744
centerY: 0.4477969348659004
width: 0.01935483870967742
height: 0.014846743295019157
Area: 0.00013942961315041404
CentroidX: 0.4285
CentroidY: 0.4542
