Location: easy26_Mean-Closing.png
Component: component_1744297381985_184.png
centerX: 0.3790322580645161
centerY: 0.14367816091954022
width: 0.01935483870967742
height: 0.014846743295019157
Area: 0.00014290569768879002
CentroidX: 0.3881
CentroidY: 0.1502
