Location: easy16_Gaussian-Median.png
Component: component_1744297381904_1155.png
centerX: 0.5201612903225806
centerY: 0.8007662835249042
width: 0.020161290322580645
height: 0.014846743295019157
Area: 0.00014367816091954023
CentroidX: 0.5300
CentroidY: 0.8073
