Location: 20250501_171350.jpg_Mean-Medain.png
Component: component_1746113474353_55.png
centerX: 0.09160671462829736
centerY: 0.681640625
width: 0.04028776978417266
height: 0.181640625
Area: 0.0027184502398081537
CentroidX: 0.1119
CentroidY: 0.7754
