Location: easy21_Mean-Medain.png
Component: component_1744297380867_497.png
centerX: 0.6693548387096774
centerY: 0.4267241379310345
width: 0.021774193548387097
height: 0.014846743295019157
Area: 0.00015256148807316772
CentroidX: 0.6799
CentroidY: 0.4333
