Location: easy26_Mean-Closing.png
Component: component_1744297381950_10.png
centerX: 0.1064516129032258
centerY: 0.031130268199233715
width: 0.020161290322580645
height: 0.01532567049808429
Area: 0.00015294771968854282
CentroidX: 0.1161
CentroidY: 0.0380
