Location: easy21_Mean-Medain.png
Component: component_1744297380869_510.png
centerX: 0.08870967741935484
centerY: 0.42911877394636017
width: 0.01935483870967742
height: 0.014846743295019157
Area: 0.0001421332344580398
CentroidX: 0.0981
CentroidY: 0.4356
