Location: easy21_Mean-Medain.png
Component: component_1744297380800_204.png
centerX: 0.3258064516129032
centerY: 0.15373563218390804
width: 0.01935483870967742
height: 0.01532567049808429
Area: 0.0001471542454579162
CentroidX: 0.3349
CentroidY: 0.1605
