Location: easy26_Mean-Closing.png
Component: component_1744297382167_976.png
centerX: 0.4080645161290323
centerY: 0.7705938697318008
width: 0.01935483870967742
height: 0.014846743295019157
Area: 0.00014522308738104065
CentroidX: 0.4173
CentroidY: 0.7773
