Location: 2025-04-18_221131-1.png_Gaussian-Closing.png
Component: component_1745011847309_460.png
centerX: 0.8810365135453475
centerY: 0.5772357723577236
width: 0.02944640753828033
height: 0.025246041934103552
Area: 0.00027090190931665684
CentroidX: 0.8980
CentroidY: 0.5892
