Location: 2025-04-18_221155-1.png_Gaussian-Closing.png
Component: component_1745011848140_337.png
centerX: 0.30624263839811544
centerY: 0.5494223363286265
width: 0.0353356890459364
height: 0.022250748823277707
Area: 0.00034473842971645267
CentroidX: 0.3244
CentroidY: 0.5612
