Location: 2025-04-18_221131-1.png_Mean-Closing.png
Component: component_1745011847548_523.png
centerX: 0.3415783274440518
centerY: 0.6337184424475824
width: 0.030624263839811542
height: 0.026957637997432605
Area: 0.00027064990754054833
CentroidX: 0.3568
CentroidY: 0.6486
