Location: 2025-04-18_221155-1.png_Gaussian-Median.png
Component: component_1745011848490_635.png
centerX: 0.2673733804475854
centerY: 0.904150620453573
width: 0.027090694935217905
height: 0.026957637997432605
Area: 0.0003291143195977245
CentroidX: 0.2802
CentroidY: 0.9188
