Location: 2025-04-18_221131-1.png_Gaussian-Closing.png
Component: component_1745011847328_553.png
centerX: 0.3474676089517079
centerY: 0.6709456568249893
width: 0.026501766784452298
height: 0.02610183996576808
Area: 0.0002419217050641773
CentroidX: 0.3617
CentroidY: 0.6848
