Location: 2025-04-18_221131-1.png_Mean-Closing.png
Component: component_1745011847435_57.png
centerX: 0.2656065959952886
centerY: 0.058622165169020114
width: 0.030035335689045935
height: 0.02267864783910997
Area: 0.0003026541331063301
CentroidX: 0.2815
CentroidY: 0.0706
