Location: 2025-04-18_221131-1.png_Mean-Closing.png
Component: component_1745011847518_399.png
centerX: 0.7285041224970553
centerY: 0.4980744544287548
width: 0.02944640753828033
height: 0.02267864783910997
Area: 0.00028324999634597427
CentroidX: 0.7433
CentroidY: 0.5101
