Location: 2025-04-18_221131-1.png_Mean-Closing.png
Component: component_1745011847430_39.png
centerX: 0.8886925795053003
centerY: 0.051775780915703895
width: 0.030035335689045935
height: 0.024818142918271287
Area: 0.00028476200700262535
CentroidX: 0.9043
CentroidY: 0.0648
