Location: 2025-04-18_221155-1.png_Gaussian-Closing.png
Component: component_1745011848185_487.png
centerX: 0.4287396937573616
centerY: 0.7411210954214805
width: 0.03180212014134275
height: 0.026957637997432605
Area: 0.0003316343373588097
CentroidX: 0.4460
CentroidY: 0.7552
