Location: 2025-04-18_221131-1.png_Gaussian-Closing.png
Component: component_1745011847389_824.png
centerX: 0.7632508833922261
centerY: 0.9777492511767223
width: 0.03297997644287397
height: 0.022250748823277707
Area: 0.00030441814553908977
CentroidX: 0.7785
CentroidY: 0.9902
