Location: 2025-04-18_221131-1.png_Mean-Closing.png
Component: component_1745011847426_20.png
centerX: 0.7897526501766784
centerY: 0.013264869490800172
width: 0.02944640753828033
height: 0.02610183996576808
Area: 0.0003157582254639731
CentroidX: 0.8057
CentroidY: 0.0261
