Location: 2025-04-18_221155-1.png_Gaussian-Median.png
Component: component_1745011848537_706.png
centerX: 0.8351001177856302
centerY: 0.9781771501925546
width: 0.03415783274440518
height: 0.021822849807445442
Area: 0.00028198998746543165
CentroidX: 0.8529
CentroidY: 0.9882
