Location: 2025-04-18_221155-1.png_Gaussian-Median.png
Component: component_1745011848355_313.png
centerX: 0.5630153121319199
centerY: 0.5113393239195549
width: 0.038869257950530034
height: 0.023106546854942234
Area: 0.0003762386517300174
CentroidX: 0.5834
CentroidY: 0.5235
