Location: 2025-04-18_221155-1.png_Gaussian-Closing.png
Component: component_1745011848206_568.png
centerX: 0.9546525323910483
centerY: 0.8510911424903723
width: 0.02591283863368669
height: 0.026957637997432605
Area: 0.0003245782876277712
CentroidX: 0.9675
CentroidY: 0.8655
