Location: 2025-04-18_221155-1.png_Gaussian-Closing.png
Component: component_1745011847994_115.png
centerX: 0.43992932862190814
centerY: 0.1527599486521181
width: 0.04004711425206125
height: 0.02610183996576808
Area: 0.00042185097320565916
CentroidX: 0.4618
CentroidY: 0.1665
