Location: 2025-04-18_221131-1.png_Mean-Closing.png
Component: component_1745011847588_638.png
centerX: 0.9305064782096584
centerY: 0.7719298245614035
width: 0.027090694935217905
height: 0.023106546854942234
Area: 0.00022554158961712363
CentroidX: 0.9450
CentroidY: 0.7835
