Location: 2025-04-18_221131-1.png_Gaussian-Closing.png
Component: component_1745011847366_712.png
centerX: 0.05889281507656066
centerY: 0.8301240907145914
width: 0.03180212014134275
height: 0.025246041934103552
Area: 0.0002623338489289672
CentroidX: 0.0758
CentroidY: 0.8436
