Location: 2025-04-18_221155-1.png_Gaussian-Closing.png
Component: component_1745011848208_578.png
centerX: 0.7149587750294464
centerY: 0.858793324775353
width: 0.030035335689045935
height: 0.026529738981600343
Area: 0.0003177742396728412
CentroidX: 0.7301
CentroidY: 0.8737
