Location: 2025-04-18_221131-1.png_Mean-Closing.png
Component: component_1745011847794_718.png
centerX: 0.7868080094228505
centerY: 0.8575096277278562
width: 0.024734982332155476
height: 0.023106546854942234
Area: 0.00021495751502056588
CentroidX: 0.7990
CentroidY: 0.8701
