Location: 2025-04-18_221131-1.png_Mean-Closing.png
Component: component_1745011847424_10.png
centerX: 0.555359246171967
centerY: 0.009413778348309799
width: 0.028268551236749116
height: 0.025673940949935817
Area: 0.0003311303338065927
CentroidX: 0.5696
CentroidY: 0.0231
