Location: 2025-04-18_221155-1.png_Gaussian-Closing.png
Component: component_1745011848190_508.png
centerX: 0.4917550058892815
centerY: 0.7792041078305519
width: 0.032391048292108364
height: 0.026529738981600343
Area: 0.0003371783764331971
CentroidX: 0.5080
CentroidY: 0.7934
