Location: 2025-04-18_221131-1.png_Gaussian-Closing.png
Component: component_1745011847384_800.png
centerX: 0.3333333333333333
centerY: 0.9422336328626444
width: 0.02591283863368669
height: 0.026957637997432605
Area: 0.0002590578258395565
CentroidX: 0.3470
CentroidY: 0.9560
