Location: 2025-04-18_221131-1.png_Mean-Closing.png
Component: component_1745011847507_352.png
centerX: 0.3327444051825677
centerY: 0.4278990158322636
width: 0.02120141342756184
height: 0.024818142918271287
Area: 0.00021495751502056588
CentroidX: 0.3448
CentroidY: 0.4395
