Location: 2025-04-18_221155-1.png_Gaussian-Closing.png
Component: component_1745011848239_685.png
centerX: 0.6489988221436984
centerY: 0.9777492511767223
width: 0.030624263839811542
height: 0.022250748823277707
Area: 0.0002600658329439906
CentroidX: 0.6635
CentroidY: 0.9891
