Location: 2025-04-18_221131-1.png_Mean-Closing.png
Component: component_1745011847476_219.png
centerX: 0.1513545347467609
centerY: 0.26615318784766795
width: 0.026501766784452298
height: 0.026529738981600343
Area: 0.0002731699253016335
CentroidX: 0.1658
CentroidY: 0.2797
