Location: 2025-04-18_221131-1.png_Mean-Closing.png
Component: component_1745011847577_612.png
centerX: 0.6637220259128387
centerY: 0.7471116816431322
width: 0.026501766784452298
height: 0.024390243902439025
Area: 0.00022503758606490657
CentroidX: 0.6781
CentroidY: 0.7594
