Location: 2025-04-18_221131-1.png_Gaussian-Closing.png
Component: component_1745011847350_657.png
centerX: 0.5653710247349824
centerY: 0.7834830979888746
width: 0.028857479387514724
height: 0.0235344458707745
Area: 0.00020260942799124848
CentroidX: 0.5822
CentroidY: 0.7946
