Location: 2025-04-18_221131-1.png_Gaussian-Closing.png
Component: component_1745011847382_790.png
centerX: 0.7078916372202592
centerY: 0.9396662387676509
width: 0.026501766784452298
height: 0.023106546854942234
Area: 0.0002197455487666277
CentroidX: 0.7220
CentroidY: 0.9512
