Location: 2025-04-18_221155-1.png_Gaussian-Median.png
Component: component_1745011848416_598.png
centerX: 0.20848056537102475
centerY: 0.8660676080445014
width: 0.03121319199057715
height: 0.026957637997432605
Area: 0.00033365035156767786
CentroidX: 0.2248
CentroidY: 0.8802
