Location: 2025-04-18_221131-1.png_Mean-Closing.png
Component: component_1745011847591_644.png
centerX: 0.7932862190812721
centerY: 0.7749251176722294
width: 0.03180212014134275
height: 0.023106546854942234
Area: 0.0002336056464525962
CentroidX: 0.8098
CentroidY: 0.7867
