Location: 2025-04-18_221131-1.png_Gaussian-Closing.png
Component: component_1745011847184_57.png
centerX: 0.32744405182567726
centerY: 0.057766367137355584
width: 0.02944640753828033
height: 0.028241335044929396
Area: 0.00033768237998541413
CentroidX: 0.3425
CentroidY: 0.0728
