Location: 2025-04-18_221155-1.png_Gaussian-Median.png
Component: component_1745011848361_342.png
centerX: 0.6548881036513545
centerY: 0.5554129225502782
width: 0.03651354534746761
height: 0.024390243902439025
Area: 0.00035204648122359966
CentroidX: 0.6746
CentroidY: 0.5679
