Location: 2025-04-18_221131-1.png_Gaussian-Closing.png
Component: component_1745011847221_225.png
centerX: 0.03415783274440518
centerY: 0.2691484809584938
width: 0.028857479387514724
height: 0.02995293110825845
Area: 0.0003286103160455075
CentroidX: 0.0496
CentroidY: 0.2849
