Location: 2025-04-18_221155-1.png_Gaussian-Closing.png
Component: component_1745011847962_60.png
centerX: 0.6136631330977621
centerY: 0.06290115532734275
width: 0.04534746760895171
height: 0.022250748823277707
Area: 0.00044427913127931723
CentroidX: 0.6361
CentroidY: 0.0748
