Location: 2025-04-18_221131-1.png_Gaussian-Closing.png
Component: component_1745011847322_514.png
centerX: 0.04240282685512368
centerY: 0.6302952503209243
width: 0.02767962308598351
height: 0.03337612323491656
Area: 0.0003109701917179112
CentroidX: 0.0559
CentroidY: 0.6491
