Location: 2025-04-18_221131-1.png_Gaussian-Closing.png
Component: component_1745011847347_639.png
centerX: 0.08480565371024736
centerY: 0.7578091570389388
width: 0.027090694935217905
height: 0.028241335044929396
Area: 0.00025300978321295207
CentroidX: 0.0996
CentroidY: 0.7718
