Location: 2025-04-18_221155-1.png_Gaussian-Median.png
Component: component_1745011848412_583.png
centerX: 0.4199057714958775
centerY: 0.8630723149336756
width: 0.032391048292108364
height: 0.025246041934103552
Area: 0.0003444864279403441
CentroidX: 0.4367
CentroidY: 0.8770
