Location: 2025-04-18_221155-1.png_Gaussian-Closing.png
Component: component_1745011848010_164.png
centerX: 0.08598351001177856
centerY: 0.24775353016688062
width: 0.03651354534746761
height: 0.025246041934103552
Area: 0.00037749866061056
CentroidX: 0.1049
CentroidY: 0.2609
