Location: 2025-04-18_221131-1.png_Mean-Closing.png
Component: component_1745011847437_66.png
centerX: 0.11071849234393404
centerY: 0.0646127513906718
width: 0.03356890459363958
height: 0.026957637997432605
Area: 0.00034070640129871634
CentroidX: 0.1283
CentroidY: 0.0785
