Location: 2025-04-18_221131-1.png_Gaussian-Closing.png
Component: component_1745011847208_148.png
centerX: 0.3280329799764429
centerY: 0.181857081728712
width: 0.03180212014134275
height: 0.025246041934103552
Area: 0.0003064341597479579
CentroidX: 0.3447
CentroidY: 0.1955
