Location: 2025-04-18_221131-1.png_Mean-Closing.png
Component: component_1745011847892_818.png
centerX: 0.552414605418139
centerY: 0.9777492511767223
width: 0.030624263839811542
height: 0.022250748823277707
Area: 0.00020361743509568256
CentroidX: 0.5659
CentroidY: 0.9892
