Location: 2025-04-18_221131-1.png_Mean-Closing.png
Component: component_1745011847454_135.png
centerX: 0.6925795053003534
centerY: 0.17329910141206675
width: 0.03297997644287397
height: 0.02396234488660676
Area: 0.0003235702805233371
CentroidX: 0.7102
CentroidY: 0.1857
