Location: 2025-04-18_221155-1.png_Gaussian-Closing.png
Component: component_1745011848118_278.png
centerX: 0.1607773851590106
centerY: 0.46255883611467696
width: 0.03180212014134275
height: 0.02396234488660676
Area: 0.0003414624066270419
CentroidX: 0.1762
CentroidY: 0.4762
