Location: 2025-04-18_221131-1.png_Gaussian-Closing.png
Component: component_1745011847244_317.png
centerX: 0.3003533568904594
centerY: 0.386392811296534
width: 0.02591283863368669
height: 0.024818142918271287
Area: 0.00024822174946689026
CentroidX: 0.3148
CentroidY: 0.3989
