Location: 2025-04-18_221131-1.png_Mean-Closing.png
Component: component_1745011847858_746.png
centerX: 0.15842167255594816
centerY: 0.8690629011553274
width: 0.026501766784452298
height: 0.0235344458707745
Area: 0.0002210055576471703
CentroidX: 0.1729
CentroidY: 0.8809
