Location: 2025-04-18_221131-1.png_Mean-Closing.png
Component: component_1745011847516_391.png
centerX: 0.9040047114252061
centerY: 0.4942233632862644
width: 0.026501766784452298
height: 0.024818142918271287
Area: 0.0002394016873030921
CentroidX: 0.9186
CentroidY: 0.5064
