Location: 2025-04-18_221131-1.png_Gaussian-Closing.png
Component: component_1745011847178_36.png
centerX: 0.09658421672555949
centerY: 0.017543859649122806
width: 0.035924617196702
height: 0.03123662815575524
Area: 0.00036993860732730444
CentroidX: 0.1160
CentroidY: 0.0339
