Location: 2025-04-18_221155-1.png_Gaussian-Closing.png
Component: component_1745011848118_279.png
centerX: 0.19375736160188456
centerY: 0.4621309370988447
width: 0.02944640753828033
height: 0.02396234488660676
Area: 0.0003160102272400816
CentroidX: 0.2082
CentroidY: 0.4754
