Location: 2025-04-18_221131-1.png_Mean-Closing.png
Component: component_1745011847659_676.png
centerX: 0.947585394581861
centerY: 0.8164313222079589
width: 0.02591283863368669
height: 0.024390243902439025
Area: 0.0002457017317058051
CentroidX: 0.9613
CentroidY: 0.8289
