Location: 2025-04-18_221131-1.png_Mean-Closing.png
Component: component_1745011847845_730.png
centerX: 0.5971731448763251
centerY: 0.860504920838682
width: 0.022968197879858657
height: 0.024390243902439025
Area: 0.00021621752390110844
CentroidX: 0.6098
CentroidY: 0.8725
