Location: 2025-04-18_221155-1.png_Gaussian-Closing.png
Component: component_1745011848145_351.png
centerX: 0.7962308598351001
centerY: 0.5571245186136072
width: 0.030035335689045935
height: 0.026529738981600343
Area: 0.0003394463924181738
CentroidX: 0.8123
CentroidY: 0.5704
