Location: 2025-04-18_221155-1.png_Gaussian-Closing.png
Component: component_1745011848081_213.png
centerX: 0.21967020023557127
centerY: 0.3380402225074882
width: 0.03356890459363958
height: 0.021822849807445442
Area: 0.00033566636577654597
CentroidX: 0.2373
CentroidY: 0.3492
