Location: 2025-04-18_221131-1.png_Mean-Closing.png
Component: component_1745011847502_331.png
centerX: 0.7426383981154299
centerY: 0.4146341463414634
width: 0.024146054181389872
height: 0.02396234488660676
Area: 0.0002628378524811843
CentroidX: 0.7547
CentroidY: 0.4273
