Location: 2025-04-18_221155-1.png_Gaussian-Closing.png
Component: component_1745011848208_580.png
centerX: 0.6607773851590106
centerY: 0.8592212237911853
width: 0.030035335689045935
height: 0.026529738981600343
Area: 0.0003213022645383605
CentroidX: 0.6758
CentroidY: 0.8735
