Location: 2025-04-18_221155-1.png_Gaussian-Closing.png
Component: component_1745011848160_394.png
centerX: 0.5830388692579506
centerY: 0.6320068463842533
width: 0.035924617196702
height: 0.026529738981600343
Area: 0.0003689306002228704
CentroidX: 0.6023
CentroidY: 0.6453
