Location: 2025-04-18_221155-1.png_Gaussian-Closing.png
Component: component_1745011848232_667.png
centerX: 0.6201413427561837
centerY: 0.9751818570817287
width: 0.02944640753828033
height: 0.024818142918271287
Area: 0.0002434337157208284
CentroidX: 0.6346
CentroidY: 0.9878
