Location: 2025-04-18_221155-1.png_Gaussian-Median.png
Component: component_1745011848384_451.png
centerX: 0.6136631330977621
centerY: 0.7000427899015832
width: 0.03356890459363958
height: 0.02396234488660676
Area: 0.0003205462592100349
CentroidX: 0.6320
CentroidY: 0.7122
