Location: 2025-04-18_221131-1.png_Gaussian-Closing.png
Component: component_1745011847209_155.png
centerX: 0.26914016489988224
centerY: 0.18485237483953787
width: 0.03180212014134275
height: 0.02610183996576808
Area: 0.00031701823434451566
CentroidX: 0.2851
CentroidY: 0.1991
