Location: 2025-04-18_221131-1.png_Gaussian-Closing.png
Component: component_1745011847216_194.png
centerX: 0.9263839811542992
centerY: 0.24518613607188702
width: 0.028857479387514724
height: 0.02396234488660676
Area: 0.0002492297565713243
CentroidX: 0.9433
CentroidY: 0.2563
