Location: 2025-04-18_221155-1.png_Gaussian-Closing.png
Component: component_1745011848156_379.png
centerX: 0.8816254416961131
centerY: 0.5994865211810013
width: 0.03121319199057715
height: 0.024390243902439025
Area: 0.0003449904314925612
CentroidX: 0.8974
CentroidY: 0.6125
