Location: 2025-04-18_221155-1.png_Gaussian-Closing.png
Component: component_1745011848180_470.png
centerX: 0.1872791519434629
centerY: 0.7068891741548995
width: 0.034746760895170786
height: 0.025673940949935817
Area: 0.0003185302450011668
CentroidX: 0.2046
CentroidY: 0.7217
