Location: 2025-04-18_221131-1.png_Mean-Closing.png
Component: component_1745011847502_334.png
centerX: 0.8515901060070671
centerY: 0.4146341463414634
width: 0.024146054181389872
height: 0.023106546854942234
Area: 0.00022755760382599176
CentroidX: 0.8642
CentroidY: 0.4268
