Location: 2025-04-18_221131-1.png_Gaussian-Closing.png
Component: component_1745011847356_672.png
centerX: 0.20965842167255594
centerY: 0.7911852802738554
width: 0.027090694935217905
height: 0.02267864783910997
Area: 0.00020235742621513996
CentroidX: 0.2231
CentroidY: 0.8037
