Location: 2025-04-18_221131-1.png_Mean-Closing.png
Component: component_1745011847425_12.png
centerX: 0.34275618374558303
centerY: 0.011553273427471117
width: 0.04063604240282685
height: 0.02995293110825845
Area: 0.0003906027529682029
CentroidX: 0.3640
CentroidY: 0.0274
