Location: 2025-04-18_221131-1.png_Mean-Closing.png
Component: component_1745011847514_385.png
centerX: 0.1519434628975265
centerY: 0.47368421052631576
width: 0.023557126030624265
height: 0.02610183996576808
Area: 0.00023965368907920062
CentroidX: 0.1651
CentroidY: 0.4871
