Location: 2025-04-18_221131-1.png_Gaussian-Closing.png
Component: component_1745011847360_697.png
centerX: 0.42402826855123676
centerY: 0.8254172015404364
width: 0.02944640753828033
height: 0.025673940949935817
Area: 0.00025552980097403726
CentroidX: 0.4401
CentroidY: 0.8377
