Location: 2025-04-18_221155-1.png_Gaussian-Closing.png
Component: component_1745011847990_98.png
centerX: 0.19257950530035337
centerY: 0.11210954214805306
width: 0.04063604240282685
height: 0.024390243902439025
Area: 0.0004165589359073803
CentroidX: 0.2139
CentroidY: 0.1248
