Location: 2025-04-18_221131-1.png_Gaussian-Closing.png
Component: component_1745011847229_268.png
centerX: 0.715547703180212
centerY: 0.3277706461275139
width: 0.03121319199057715
height: 0.025246041934103552
Area: 0.00025527779919792874
CentroidX: 0.7331
CentroidY: 0.3407
