Location: 2025-04-18_221155-1.png_Gaussian-Median.png
Component: component_1745011848390_483.png
centerX: 0.7620730270906949
centerY: 0.7402652973898161
width: 0.02944640753828033
height: 0.02610183996576808
Area: 0.00034196641017925897
CentroidX: 0.7767
CentroidY: 0.7543
