Location: 2025-04-18_221131-1.png_Gaussian-Closing.png
Component: component_1745011847257_357.png
centerX: 0.1513545347467609
centerY: 0.4287548138639281
width: 0.022968197879858657
height: 0.026957637997432605
Area: 0.00024166970328806878
CentroidX: 0.1639
CentroidY: 0.4421
