Location: 2025-04-18_221155-1.png_Gaussian-Closing.png
Component: component_1745011848130_319.png
centerX: 0.6731448763250883
centerY: 0.5109114249037228
width: 0.03651354534746761
height: 0.024390243902439025
Area: 0.00036741858956621925
CentroidX: 0.6923
CentroidY: 0.5236
