Location: 2025-04-18_221155-1.png_Gaussian-Median.png
Component: component_1745011848327_194.png
centerX: 0.1519434628975265
centerY: 0.33547282841249465
width: 0.032391048292108364
height: 0.025246041934103552
Area: 0.00035607850964133593
CentroidX: 0.1685
CentroidY: 0.3494
