Location: 2025-04-18_221155-1.png_Gaussian-Median.png
Component: component_1745011848281_72.png
centerX: 0.7709069493521791
centerY: 0.10654685494223363
width: 0.037102473498233215
height: 0.0235344458707745
Area: 0.0004117709021613184
CentroidX: 0.7902
CentroidY: 0.1190
