Location: 2025-04-18_221155-1.png_Gaussian-Median.png
Component: component_1745011848459_617.png
centerX: 0.7255594817432274
centerY: 0.899443731279418
width: 0.03356890459363958
height: 0.02396234488660676
Area: 0.0003374303782093056
CentroidX: 0.7435
CentroidY: 0.9114
