Location: 2025-04-18_221131-1.png_Mean-Closing.png
Component: component_1745011847567_583.png
centerX: 0.44346289752650175
centerY: 0.7128797603765511
width: 0.030624263839811542
height: 0.023106546854942234
Area: 0.00024544972992969656
CentroidX: 0.4598
CentroidY: 0.7242
