Location: 2025-04-18_221155-1.png_Gaussian-Median.png
Component: component_1745011848286_97.png
centerX: 0.8492343934040048
centerY: 0.14890885750962773
width: 0.03415783274440518
height: 0.026957637997432605
Area: 0.0004175669430118143
CentroidX: 0.8667
CentroidY: 0.1636
