Location: 2025-04-18_221131-1.png_Gaussian-Closing.png
Component: component_1745011847210_161.png
centerX: 0.09481743227326266
centerY: 0.18998716302952504
width: 0.028857479387514724
height: 0.02738553701326487
Area: 0.00031676623256840714
CentroidX: 0.1087
CentroidY: 0.2053
