Location: 2025-04-18_221155-1.png_Gaussian-Median.png
Component: component_1745011848314_151.png
centerX: 0.7656065959952886
centerY: 0.2443303380402225
width: 0.038869257950530034
height: 0.025673940949935817
Area: 0.00042159897142955065
CentroidX: 0.7852
CentroidY: 0.2572
