Location: 2025-04-18_221131-1.png_Mean-Closing.png
Component: component_1745011847474_210.png
centerX: 0.3710247349823322
centerY: 0.259734702610184
width: 0.02767962308598351
height: 0.025673940949935817
Area: 0.00027392593062995906
CentroidX: 0.3862
CentroidY: 0.2727
