Location: 2025-04-18_221155-1.png_Gaussian-Median.png
Component: component_1745011848361_346.png
centerX: 0.7962308598351001
centerY: 0.5571245186136072
width: 0.030035335689045935
height: 0.026529738981600343
Area: 0.0003396983941942823
CentroidX: 0.8123
CentroidY: 0.5704
