Location: 2025-04-18_221131-1.png_Gaussian-Closing.png
Component: component_1745011847395_851.png
centerX: 0.13074204946996468
centerY: 0.9824561403508771
width: 0.030624263839811542
height: 0.017543859649122806
Area: 0.0001791732628131563
CentroidX: 0.1466
CentroidY: 0.9893
