Location: 2025-04-18_221131-1.png_Gaussian-Closing.png
Component: component_1745011847201_134.png
centerX: 0.9234393404004712
centerY: 0.17115960633290545
width: 0.03356890459363958
height: 0.0235344458707745
Area: 0.00030341013843465566
CentroidX: 0.9409
CentroidY: 0.1838
