Location: 2025-04-18_221131-1.png_Mean-Closing.png
Component: component_1745011847858_743.png
centerX: 0.2314487632508834
centerY: 0.8677792041078306
width: 0.02944640753828033
height: 0.02267864783910997
Area: 0.00022654959672155768
CentroidX: 0.2480
CentroidY: 0.8789
