Location: 2025-04-18_221131-1.png_Mean-Closing.png
Component: component_1745011847488_261.png
centerX: 0.8044758539458187
centerY: 0.32605905006418484
width: 0.030035335689045935
height: 0.02139495079161318
Area: 0.0002366296677658984
CentroidX: 0.8201
CentroidY: 0.3372
