Location: 2025-04-18_221155-1.png_Gaussian-Closing.png
Component: component_1745011848044_169.png
centerX: 0.27267373380447585
centerY: 0.2490372272143774
width: 0.03415783274440518
height: 0.02610183996576808
Area: 0.0003820346925805133
CentroidX: 0.2896
CentroidY: 0.2638
