Location: 2025-04-18_221155-1.png_Gaussian-Closing.png
Component: component_1745011848148_364.png
centerX: 0.3138987043580683
centerY: 0.5939238339751819
width: 0.03180212014134275
height: 0.024390243902439025
Area: 0.0003316343373588097
CentroidX: 0.3307
CentroidY: 0.6066
