Location: 2025-04-18_221131-1.png_Gaussian-Closing.png
Component: component_1745011847317_505.png
centerX: 0.6142520612485277
centerY: 0.6251604621309371
width: 0.02591283863368669
height: 0.024390243902439025
Area: 0.00024544972992969656
CentroidX: 0.6286
CentroidY: 0.6373
