Location: 2025-04-18_221155-1.png_Gaussian-Closing.png
Component: component_1745011848238_679.png
centerX: 0.07891637220259129
centerY: 0.97732135216089
width: 0.03356890459363958
height: 0.02267864783910997
Area: 0.0002484737512429988
CentroidX: 0.0939
CentroidY: 0.9898
