Location: 2025-04-18_221155-1.png_Gaussian-Closing.png
Component: component_1745011848176_444.png
centerX: 0.07479387514723204
centerY: 0.6709456568249893
width: 0.03297997644287397
height: 0.024390243902439025
Area: 0.00029005404430090424
CentroidX: 0.0908
CentroidY: 0.6845
