Location: 2025-04-18_221155-1.png_Gaussian-Median.png
Component: component_1745011848354_303.png
centerX: 0.2656065959952886
centerY: 0.5057766367137355
width: 0.03415783274440518
height: 0.023106546854942234
Area: 0.00034196641017925897
CentroidX: 0.2834
CentroidY: 0.5180
