Location: 2025-04-18_221155-1.png_Gaussian-Closing.png
Component: component_1745011848216_612.png
centerX: 0.6336866902237926
centerY: 0.9007274283269149
width: 0.028857479387514724
height: 0.026529738981600343
Area: 0.00033491036044822043
CentroidX: 0.6486
CentroidY: 0.9143
