Location: 2025-04-18_221155-1.png_Gaussian-Median.png
Component: component_1745011848402_546.png
centerX: 0.34334511189634864
centerY: 0.8224219084296106
width: 0.034746760895170786
height: 0.026957637997432605
Area: 0.00034927446168640596
CentroidX: 0.3615
CentroidY: 0.8365
