Location: 2025-04-18_221131-1.png_Gaussian-Closing.png
Component: component_1745011847220_217.png
centerX: 0.32332155477031804
centerY: 0.2610183996576808
width: 0.026501766784452298
height: 0.02610183996576808
Area: 0.0002575458151829054
CentroidX: 0.3380
CentroidY: 0.2741
