Location: 2025-04-18_221155-1.png_Gaussian-Median.png
Component: component_1745011848378_417.png
centerX: 0.5188457008244994
centerY: 0.6670945656824989
width: 0.03121319199057715
height: 0.0235344458707745
Area: 0.00029610208692750867
CentroidX: 0.5354
CentroidY: 0.6789
