Location: 2025-04-18_221131-1.png_Mean-Closing.png
Component: component_1745011847566_578.png
centerX: 0.519434628975265
centerY: 0.7086007702182285
width: 0.03121319199057715
height: 0.025246041934103552
Area: 0.00025023776367575837
CentroidX: 0.5369
CentroidY: 0.7211
