Location: 2025-04-18_221155-1.png_Gaussian-Median.png
Component: component_1745011848335_228.png
centerX: 0.8080094228504122
centerY: 0.376551133932392
width: 0.034746760895170786
height: 0.023106546854942234
Area: 0.00032961832314994154
CentroidX: 0.8267
CentroidY: 0.3880
