Location: 2025-04-18_221155-1.png_Gaussian-Closing.png
Component: component_1745011848159_392.png
centerX: 0.4911660777385159
centerY: 0.6320068463842533
width: 0.03415783274440518
height: 0.024818142918271287
Area: 0.00036212655226794036
CentroidX: 0.5077
CentroidY: 0.6462
