Location: 2025-04-18_221131-1.png_Gaussian-Closing.png
Component: component_1745011847247_336.png
centerX: 0.7614840989399293
centerY: 0.41420624732563116
width: 0.032391048292108364
height: 0.024390243902439025
Area: 0.0002966060904797257
CentroidX: 0.7787
CentroidY: 0.4263
