Location: 2025-04-18_221131-1.png_Gaussian-Closing.png
Component: component_1745011847310_466.png
centerX: 0.7137809187279152
centerY: 0.5836542575952075
width: 0.02767962308598351
height: 0.02267864783910997
Area: 0.00024796974769078175
CentroidX: 0.7299
CentroidY: 0.5938
