Location: 2025-04-18_221155-1.png_Gaussian-Median.png
Component: component_1745011848393_503.png
centerX: 0.42343934040047115
centerY: 0.7783483097988875
width: 0.035924617196702
height: 0.02781343602909713
Area: 0.0003427224155075845
CentroidX: 0.4427
CentroidY: 0.7929
