Location: 2025-04-18_221155-1.png_Gaussian-Closing.png
Component: component_1745011848091_236.png
centerX: 0.08186101295641932
centerY: 0.37783483097988874
width: 0.04181389870435807
height: 0.02396234488660676
Area: 0.0003820346925805133
CentroidX: 0.1032
CentroidY: 0.3912
