Location: 2025-04-18_221131-1.png_Gaussian-Closing.png
Component: component_1745011847224_240.png
centerX: 0.6054181389870436
centerY: 0.29567821994009413
width: 0.03121319199057715
height: 0.024390243902439025
Area: 0.00027946996970434646
CentroidX: 0.6217
CentroidY: 0.3087
