Location: 2025-04-18_221131-1.png_Gaussian-Closing.png
Component: component_1745011847223_234.png
centerX: 0.8115429917550059
centerY: 0.290543431750107
width: 0.03415783274440518
height: 0.023106546854942234
Area: 0.00029887410646470237
CentroidX: 0.8304
CentroidY: 0.3020
