Location: 2025-04-18_221131-1.png_Mean-Closing.png
Component: component_1745011847566_579.png
centerX: 0.49411071849234395
centerY: 0.7103123662815576
width: 0.03121319199057715
height: 0.02396234488660676
Area: 0.0002572938134067969
CentroidX: 0.5112
CentroidY: 0.7224
