Location: 2025-04-18_221155-1.png_Gaussian-Closing.png
Component: component_1745011847999_136.png
centerX: 0.8686690223792697
centerY: 0.1985451433461703
width: 0.03769140164899882
height: 0.02396234488660676
Area: 0.000440751106413798
CentroidX: 0.8865
CentroidY: 0.2117
