Location: 2025-04-18_221155-1.png_Gaussian-Closing.png
Component: component_1745011848007_156.png
centerX: 0.6802120141342756
centerY: 0.2443303380402225
width: 0.03769140164899882
height: 0.024390243902439025
Area: 0.0004175669430118143
CentroidX: 0.6990
CentroidY: 0.2569
