Location: 2025-04-18_221155-1.png_Gaussian-Median.png
Component: component_1745011848410_576.png
centerX: 0.7667844522968198
centerY: 0.8575096277278562
width: 0.03651354534746761
height: 0.026957637997432605
Area: 0.00035910253095463814
CentroidX: 0.7864
CentroidY: 0.8710
