Location: 2025-04-18_221155-1.png_Gaussian-Median.png
Component: component_1745011848387_466.png
centerX: 0.24617196702002356
centerY: 0.7064612751390672
width: 0.03415783274440518
height: 0.02610183996576808
Area: 0.00033793438176152264
CentroidX: 0.2638
CentroidY: 0.7200
