Location: 2025-04-18_221155-1.png_Gaussian-Closing.png
Component: component_1745011848227_647.png
centerX: 0.43286219081272087
centerY: 0.9375267436884895
width: 0.028857479387514724
height: 0.028241335044929396
Area: 0.00031953825210560084
CentroidX: 0.4476
CentroidY: 0.9525
