Location: easy64_Gaussian-Closing.png
Component: component_1744297381571_1273.png
centerX: 0.2932285368802902
centerY: 0.8336896109448483
width: 0.014510278113663845
height: 0.010260795211628902
Area: 7.418501173260517e-05
CentroidX: 0.3003
CentroidY: 0.8385
