Location: 2025-04-18_221155-1.png_Gaussian-Closing.png
Component: component_1745011848129_316.png
centerX: 0.49528857479387517
centerY: 0.5100556268720582
width: 0.03297997644287397
height: 0.024390243902439025
Area: 0.00034902245991029745
CentroidX: 0.5122
CentroidY: 0.5231
