Location: 2025-04-18_221155-1.png_Gaussian-Closing.png
Component: component_1745011848005_147.png
centerX: 0.39045936395759717
centerY: 0.2011125374411639
width: 0.043580683156654886
height: 0.024818142918271287
Area: 0.000440751106413798
CentroidX: 0.4116
CentroidY: 0.2161
