Location: 2025-04-18_221131-1.png_Mean-Closing.png
Component: component_1745011847470_204.png
centerX: 0.541813898704358
centerY: 0.25288831835686776
width: 0.03297997644287397
height: 0.025246041934103552
Area: 0.00030693816330017496
CentroidX: 0.5591
CentroidY: 0.2667
