Location: 2025-04-18_221131-1.png_Mean-Closing.png
Component: component_1745011847578_616.png
centerX: 0.5111896348645465
centerY: 0.7509627727856226
width: 0.025323910482921083
height: 0.026529738981600343
Area: 0.00023133763046761954
CentroidX: 0.5244
CentroidY: 0.7650
