Location: 2025-04-18_221131-1.png_Gaussian-Closing.png
Component: component_1745011847332_576.png
centerX: 0.6743227326266196
centerY: 0.7047496790757382
width: 0.027090694935217905
height: 0.024818142918271287
Area: 0.00023713367131811546
CentroidX: 0.6894
CentroidY: 0.7167
