Location: 2025-04-18_221155-1.png_Gaussian-Closing.png
Component: component_1745011848165_422.png
centerX: 0.5188457008244994
centerY: 0.6670945656824989
width: 0.03121319199057715
height: 0.023106546854942234
Area: 0.0002948420780469661
CentroidX: 0.5353
CentroidY: 0.6789
