Location: 2025-04-18_221131-1.png_Mean-Closing.png
Component: component_1745011847533_459.png
centerX: 0.826266195524146
centerY: 0.5793752674368849
width: 0.026501766784452298
height: 0.024818142918271287
Area: 0.000259309827615665
CentroidX: 0.8403
CentroidY: 0.5917
