Location: 2025-04-18_221155-1.png_Gaussian-Closing.png
Component: component_1745011848226_641.png
centerX: 0.7120141342756183
centerY: 0.9336756525459992
width: 0.028857479387514724
height: 0.024390243902439025
Area: 0.0003024021313302216
CentroidX: 0.7272
CentroidY: 0.9461
