Location: 2025-04-18_221155-1.png_Gaussian-Median.png
Component: component_1745011848279_62.png
centerX: 0.45641931684334514
centerY: 0.06546854942233633
width: 0.0353356890459364
height: 0.0235344458707745
Area: 0.00035154247767138264
CentroidX: 0.4751
CentroidY: 0.0774
