Location: 2025-04-18_221131-1.png_Gaussian-Closing.png
Component: component_1745011847198_122.png
centerX: 0.287396937573616
centerY: 0.1433461703038083
width: 0.02944640753828033
height: 0.024818142918271287
Area: 0.00029559808337529164
CentroidX: 0.3030
CentroidY: 0.1563
