Location: 2025-04-18_221155-1.png_Gaussian-Median.png
Component: component_1745011848348_290.png
centerX: 0.7703180212014135
centerY: 0.47068891741548996
width: 0.034746760895170786
height: 0.023106546854942234
Area: 0.00036212655226794036
CentroidX: 0.7872
CentroidY: 0.4835
