Location: 2025-04-18_221131-1.png_Mean-Closing.png
Component: component_1745011847783_714.png
centerX: 0.8934040047114252
centerY: 0.8553701326486949
width: 0.025323910482921083
height: 0.025673940949935817
Area: 0.00022932161625875138
CentroidX: 0.9069
CentroidY: 0.8686
