Location: 2025-04-18_221131-1.png_Gaussian-Closing.png
Component: component_1745011847329_559.png
centerX: 0.19081272084805653
centerY: 0.6747967479674797
width: 0.02591283863368669
height: 0.023106546854942234
Area: 0.00023536965888535584
CentroidX: 0.2043
CentroidY: 0.6869
