Location: 2025-04-18_221131-1.png_Mean-Closing.png
Component: component_1745011847592_647.png
centerX: 0.7232037691401649
centerY: 0.7774925117672229
width: 0.027090694935217905
height: 0.025673940949935817
Area: 0.00022327357363214695
CentroidX: 0.7375
CentroidY: 0.7902
