Location: 2025-04-18_221155-1.png_Gaussian-Closing.png
Component: component_1745011848223_626.png
centerX: 0.49823321554770317
centerY: 0.9032948224219084
width: 0.034746760895170786
height: 0.02738553701326487
Area: 0.00035733851852187855
CentroidX: 0.5162
CentroidY: 0.9177
