Location: 2025-04-18_221155-1.png_Gaussian-Median.png
Component: component_1745011848516_667.png
centerX: 0.21201413427561838
centerY: 0.9409499358151476
width: 0.027090694935217905
height: 0.028241335044929396
Area: 0.0003051741508674153
CentroidX: 0.2255
CentroidY: 0.9566
