Location: 2025-04-18_221155-1.png_Gaussian-Closing.png
Component: component_1745011848228_653.png
centerX: 0.5429917550058893
centerY: 0.9392383397518186
width: 0.0353356890459364
height: 0.02738553701326487
Area: 0.00033491036044822043
CentroidX: 0.5618
CentroidY: 0.9540
