Location: 2025-04-18_221155-1.png_Gaussian-Closing.png
Component: component_1745011848146_356.png
centerX: 0.044169611307420496
centerY: 0.5879332477535302
width: 0.030624263839811542
height: 0.024818142918271287
Area: 0.00033818638353763116
CentroidX: 0.0591
CentroidY: 0.6016
