Location: 2025-04-18_221155-1.png_Gaussian-Closing.png
Component: component_1745011848241_696.png
centerX: 0.9246171967020024
centerY: 0.9794608472400513
width: 0.02591283863368669
height: 0.02053915275994865
Area: 0.00022680159849766622
CentroidX: 0.9376
CentroidY: 0.9894
