Location: 2025-04-18_221155-1.png_Gaussian-Median.png
Component: component_1745011848507_655.png
centerX: 0.40518256772673733
centerY: 0.9375267436884895
width: 0.03121319199057715
height: 0.028241335044929396
Area: 0.00030971018283736866
CentroidX: 0.4218
CentroidY: 0.9521
