Location: 2025-04-18_221155-1.png_Gaussian-Median.png
Component: component_1745011848538_709.png
centerX: 0.13957597173144876
centerY: 0.9794608472400513
width: 0.024146054181389872
height: 0.02053915275994865
Area: 0.00020386943687179107
CentroidX: 0.1500
CentroidY: 0.9904
