Location: 2025-04-18_221155-1.png_Gaussian-Closing.png
Component: component_1745011848003_144.png
centerX: 0.2697290930506478
centerY: 0.20025673940949937
width: 0.037102473498233215
height: 0.02738553701326487
Area: 0.0004084948790719077
CentroidX: 0.2896
CentroidY: 0.2145
