Location: 2025-04-18_221131-1.png_Gaussian-Closing.png
Component: component_1745011847346_635.png
centerX: 0.13250883392226148
centerY: 0.756525459991442
width: 0.028268551236749116
height: 0.025673940949935817
Area: 0.00025300978321295207
CentroidX: 0.1469
CentroidY: 0.7699
