Location: 2025-04-18_221155-1.png_Gaussian-Median.png
Component: component_1745011848515_665.png
centerX: 0.26442873969375735
centerY: 0.9396662387676509
width: 0.03121319199057715
height: 0.02866923406076166
Area: 0.00031248220237456236
CentroidX: 0.2813
CentroidY: 0.9546
