Location: 2025-04-18_221131-1.png_Mean-Closing.png
Component: component_1745011847425_14.png
centerX: 0.46819787985865724
centerY: 0.011125374411638854
width: 0.03297997644287397
height: 0.02866923406076166
Area: 0.0003593545327307467
CentroidX: 0.4848
CentroidY: 0.0265
