Location: 2025-04-18_221131-1.png_Gaussian-Closing.png
Component: component_1745011847383_794.png
centerX: 0.5047114252061249
centerY: 0.9418057338468121
width: 0.03297997644287397
height: 0.025246041934103552
Area: 0.00026611387557059504
CentroidX: 0.5228
CentroidY: 0.9546
