Location: 2025-04-18_221131-1.png_Gaussian-Closing.png
Component: component_1745011847348_647.png
centerX: 0.8404004711425206
centerY: 0.7736414206247325
width: 0.026501766784452298
height: 0.02396234488660676
Area: 0.00021646952567721698
CentroidX: 0.8545
CentroidY: 0.7861
