Location: 2025-04-18_221155-1.png_Gaussian-Median.png
Component: component_1745011848412_587.png
centerX: 0.450530035335689
centerY: 0.8635002139495079
width: 0.03121319199057715
height: 0.024818142918271287
Area: 0.00033591836755265454
CentroidX: 0.4662
CentroidY: 0.8774
