Location: 2025-04-18_221155-1.png_Gaussian-Closing.png
Component: component_1745011847997_127.png
centerX: 0.5571260306242638
centerY: 0.19768934531450577
width: 0.039458186101295645
height: 0.02738553701326487
Area: 0.00042437099096674435
CentroidX: 0.5787
CentroidY: 0.2114
