Location: 2025-04-18_221131-1.png_Mean-Closing.png
Component: component_1745011847470_202.png
centerX: 0.5942285041224971
centerY: 0.251604621309371
width: 0.035924617196702
height: 0.024390243902439025
Area: 0.0003119781988223453
CentroidX: 0.6143
CentroidY: 0.2639
