Location: 2025-04-18_221155-1.png_Gaussian-Median.png
Component: component_1745011848414_596.png
centerX: 0.14840989399293286
centerY: 0.8656397090286693
width: 0.03297997644287397
height: 0.026957637997432605
Area: 0.00034373042261201856
CentroidX: 0.1655
CentroidY: 0.8798
