Location: 2025-04-18_221131-1.png_Mean-Closing.png
Component: component_1745011847425_15.png
centerX: 0.49646643109540634
centerY: 0.011125374411638854
width: 0.032391048292108364
height: 0.02738553701326487
Area: 0.00035028246879084
CentroidX: 0.5125
CentroidY: 0.0257
