Location: 2025-04-18_221131-1.png_Gaussian-Closing.png
Component: component_1745011847239_293.png
centerX: 0.061837455830388695
centerY: 0.34873769790329484
width: 0.030035335689045935
height: 0.026529738981600343
Area: 0.00027896596615212943
CentroidX: 0.0780
CentroidY: 0.3625
