Location: 2025-04-18_221155-1.png_Gaussian-Closing.png
Component: component_1745011848060_172.png
centerX: 0.05830388692579505
centerY: 0.29311082584510056
width: 0.035924617196702
height: 0.024818142918271287
Area: 0.000419330955444574
CentroidX: 0.0747
CentroidY: 0.3073
