Location: 2025-04-18_221155-1.png_Gaussian-Median.png
Component: component_1745011848330_211.png
centerX: 0.7561837455830389
centerY: 0.33932391955498503
width: 0.03415783274440518
height: 0.024390243902439025
Area: 0.00037019060910341295
CentroidX: 0.7740
CentroidY: 0.3516
