Location: 2025-04-18_221131-1.png_Mean-Closing.png
Component: component_1745011847425_13.png
centerX: 0.4369846878680801
centerY: 0.011553273427471117
width: 0.03415783274440518
height: 0.02781343602909713
Area: 0.0003449904314925612
CentroidX: 0.4546
CentroidY: 0.0262
