Location: 2025-04-18_221155-1.png_Gaussian-Closing.png
Component: component_1745011847955_33.png
centerX: 0.42638398115429915
centerY: 0.025246041934103552
width: 0.038869257950530034
height: 0.023106546854942234
Area: 0.0003722066233122811
CentroidX: 0.4473
CentroidY: 0.0370
