Location: 2025-04-18_221131-1.png_Mean-Closing.png
Component: component_1745011847482_250.png
centerX: 0.20965842167255594
centerY: 0.30851519041506204
width: 0.03651354534746761
height: 0.024390243902439025
Area: 0.00033213834091102673
CentroidX: 0.2291
CentroidY: 0.3213
