Location: easy64_Gaussian-Closing.png
Component: component_1744297381520_1163.png
centerX: 0.19226118500604594
centerY: 0.7370671227020094
width: 0.012696493349455865
height: 0.00983326207781103
Area: 6.255321546791098e-05
CentroidX: 0.1981
CentroidY: 0.7416
