Location: 2025-04-18_221131-1.png_Gaussian-Closing.png
Component: component_1745011847341_606.png
centerX: 0.8557126030624264
centerY: 0.7402652973898161
width: 0.030624263839811542
height: 0.025246041934103552
Area: 0.0002673738844511376
CentroidX: 0.8714
CentroidY: 0.7533
