Location: 2025-04-18_221155-1.png_Gaussian-Closing.png
Component: component_1745011848212_600.png
centerX: 0.2408716136631331
centerY: 0.8660676080445014
width: 0.028268551236749116
height: 0.024818142918271287
Area: 0.0002908100496292298
CentroidX: 0.2546
CentroidY: 0.8797
