Location: 2025-04-18_221131-1.png_Gaussian-Closing.png
Component: component_1745011847325_531.png
centerX: 0.914605418138987
centerY: 0.6512623020967052
width: 0.023557126030624265
height: 0.024390243902439025
Area: 0.0002381416784225495
CentroidX: 0.9283
CentroidY: 0.6624
