Location: 2025-04-18_221131-1.png_Gaussian-Closing.png
Component: component_1745011847355_670.png
centerX: 0.30624263839811544
centerY: 0.789045785194694
width: 0.02767962308598351
height: 0.02396234488660676
Area: 0.00020764946351341885
CentroidX: 0.3205
CentroidY: 0.8020
