Location: 2025-04-18_221131-1.png_Gaussian-Closing.png
Component: component_1745011847237_284.png
centerX: 0.26442873969375735
centerY: 0.34360290971330765
width: 0.025323910482921083
height: 0.025673940949935817
Area: 0.00024166970328806878
CentroidX: 0.2786
CentroidY: 0.3563
