Location: 2025-04-18_221131-1.png_Mean-Closing.png
Component: component_1745011847477_226.png
centerX: 0.9028268551236749
centerY: 0.2892597347026102
width: 0.03297997644287397
height: 0.023106546854942234
Area: 0.0002696419004361143
CentroidX: 0.9220
CentroidY: 0.3000
