Location: 2025-04-18_221155-1.png_Gaussian-Closing.png
Component: component_1745011848077_202.png
centerX: 0.2573616018845701
centerY: 0.33675652545999146
width: 0.034746760895170786
height: 0.02267864783910997
Area: 0.0003606145416112893
CentroidX: 0.2758
CentroidY: 0.3483
