Location: 2025-04-18_221131-1.png_Gaussian-Closing.png
Component: component_1745011847311_472.png
centerX: 0.5335689045936396
centerY: 0.5905006418485238
width: 0.030035335689045935
height: 0.024390243902439025
Area: 0.0002714059128688739
CentroidX: 0.5497
CentroidY: 0.6022
