Location: 2025-04-18_221131-1.png_Gaussian-Closing.png
Component: component_1745011847238_286.png
centerX: 0.24028268551236748
centerY: 0.3453145057766367
width: 0.02591283863368669
height: 0.0235344458707745
Area: 0.000237889676646441
CentroidX: 0.2545
CentroidY: 0.3570
