Location: 2025-04-18_221131-1.png_Gaussian-Closing.png
Component: component_1745011847243_314.png
centerX: 0.37691401648998824
centerY: 0.38339751818570816
width: 0.028268551236749116
height: 0.024390243902439025
Area: 0.00025023776367575837
CentroidX: 0.3927
CentroidY: 0.3953
