Location: 2025-04-18_221131-1.png_Mean-Closing.png
Component: component_1745011847447_113.png
centerX: 0.44051825677267376
centerY: 0.14035087719298245
width: 0.02944640753828033
height: 0.026529738981600343
Area: 0.00029837010291248534
CentroidX: 0.4562
CentroidY: 0.1541
