Location: 2025-04-18_221131-1.png_Gaussian-Closing.png
Component: component_1745011847341_607.png
centerX: 0.8810365135453475
centerY: 0.7406931964056482
width: 0.030624263839811542
height: 0.024390243902439025
Area: 0.00025099376900408396
CentroidX: 0.8981
CentroidY: 0.7525
