Location: 2025-04-18_221131-1.png_Mean-Closing.png
Component: component_1745011847448_120.png
centerX: 0.1702002355712603
centerY: 0.14634146341463414
width: 0.02767962308598351
height: 0.02866923406076166
Area: 0.00030971018283736866
CentroidX: 0.1847
CentroidY: 0.1616
