Location: 2025-04-18_221155-1.png_Gaussian-Median.png
Component: component_1745011848330_210.png
centerX: 0.790341578327444
centerY: 0.3384681215233205
width: 0.0353356890459364
height: 0.024818142918271287
Area: 0.00038430270856548997
CentroidX: 0.8084
CentroidY: 0.3515
