Location: 2025-04-18_221131-1.png_Gaussian-Closing.png
Component: component_1745011847371_735.png
centerX: 0.4169611307420495
centerY: 0.8609328198545143
width: 0.024734982332155476
height: 0.028241335044929396
Area: 0.00023436165178092176
CentroidX: 0.4306
CentroidY: 0.8751
