Location: 2025-04-18_221155-1.png_Gaussian-Closing.png
Component: component_1745011848206_566.png
centerX: 0.07008244994110718
centerY: 0.8275566966195977
width: 0.03297997644287397
height: 0.02781343602909713
Area: 0.00034070640129871634
CentroidX: 0.0857
CentroidY: 0.8429
