Location: 2025-04-18_221155-1.png_Gaussian-Median.png
Component: component_1745011848391_490.png
centerX: 0.8610129564193169
centerY: 0.7419768934531451
width: 0.032391048292108364
height: 0.025673940949935817
Area: 0.000342470413731476
CentroidX: 0.8779
CentroidY: 0.7547
