Location: 2025-04-18_221131-1.png_Gaussian-Closing.png
Component: component_1745011847224_242.png
centerX: 0.541813898704358
centerY: 0.29781771501925547
width: 0.03180212014134275
height: 0.0235344458707745
Area: 0.000272413919973308
CentroidX: 0.5594
CentroidY: 0.3091
