Location: 2025-04-18_221131-1.png_Mean-Closing.png
Component: component_1745011847874_792.png
centerX: 0.8333333333333334
centerY: 0.9413778348309799
width: 0.028857479387514724
height: 0.02396234488660676
Area: 0.00024040969440752619
CentroidX: 0.8490
CentroidY: 0.9535
