Location: 2025-04-18_221155-1.png_Gaussian-Median.png
Component: component_1745011848275_47.png
centerX: 0.889281507656066
centerY: 0.06118955926401369
width: 0.038869257950530034
height: 0.0235344458707745
Area: 0.00039513878493815626
CentroidX: 0.9102
CentroidY: 0.0735
