Location: 2025-04-18_221131-1.png_Mean-Closing.png
Component: component_1745011847433_54.png
centerX: 0.35217903415783275
centerY: 0.057766367137355584
width: 0.03769140164899882
height: 0.025673940949935817
Area: 0.00037069461265563
CentroidX: 0.3722
CentroidY: 0.0715
