Location: 2025-04-18_221155-1.png_Gaussian-Median.png
Component: component_1745011848328_201.png
centerX: 0.29328621908127206
centerY: 0.3371844244758237
width: 0.030624263839811542
height: 0.023106546854942234
Area: 0.00032810631249329046
CentroidX: 0.3089
CentroidY: 0.3491
