Location: 2025-04-18_221131-1.png_Mean-Closing.png
Component: component_1745011847732_688.png
centerX: 0.5795053003533569
centerY: 0.8232777064612752
width: 0.032391048292108364
height: 0.02267864783910997
Area: 0.00023486565533313878
CentroidX: 0.5979
CentroidY: 0.8346
