Location: 2025-04-18_221155-1.png_Gaussian-Closing.png
Component: component_1745011847988_93.png
centerX: 0.2314487632508834
centerY: 0.110397946084724
width: 0.04063604240282685
height: 0.024390243902439025
Area: 0.00041025889150466733
CentroidX: 0.2531
CentroidY: 0.1229
