Location: 2025-04-18_221131-1.png_Mean-Closing.png
Component: component_1745011847511_373.png
centerX: 0.5106007067137809
centerY: 0.4676936243046641
width: 0.028268551236749116
height: 0.024390243902439025
Area: 0.0002646018649139439
CentroidX: 0.5262
CentroidY: 0.4801
