Location: 2025-04-18_221131-1.png_Gaussian-Closing.png
Component: component_1745011847360_695.png
centerX: 0.558303886925795
centerY: 0.8241335044929397
width: 0.026501766784452298
height: 0.0235344458707745
Area: 0.0002152095167966744
CentroidX: 0.5728
CentroidY: 0.8366
