Location: 2025-04-18_221155-1.png_Gaussian-Median.png
Component: component_1745011848509_657.png
centerX: 0.3468786808009423
centerY: 0.938382541720154
width: 0.030624263839811542
height: 0.028241335044929396
Area: 0.0003155062236878646
CentroidX: 0.3631
CentroidY: 0.9530
