Location: 2025-04-18_221131-1.png_Gaussian-Closing.png
Component: component_1745011847217_202.png
centerX: 0.7820965842167256
centerY: 0.2490372272143774
width: 0.03651354534746761
height: 0.0235344458707745
Area: 0.000307946170404609
CentroidX: 0.8021
CentroidY: 0.2610
