Location: 2025-04-18_221155-1.png_Gaussian-Median.png
Component: component_1745011848389_478.png
centerX: 0.29740871613663133
centerY: 0.7402652973898161
width: 0.032391048292108364
height: 0.02738553701326487
Area: 0.000321554266314469
CentroidX: 0.3143
CentroidY: 0.7552
