Location: 2025-04-18_221131-1.png_Mean-Closing.png
Component: component_1745011847491_276.png
centerX: 0.3963486454652532
centerY: 0.33932391955498503
width: 0.02944640753828033
height: 0.02610183996576808
Area: 0.0002827459927937572
CentroidX: 0.4116
CentroidY: 0.3531
