Location: 2025-04-18_221131-1.png_Gaussian-Closing.png
Component: component_1745011847192_90.png
centerX: 0.36101295641931685
centerY: 0.10055626872058195
width: 0.0353356890459364
height: 0.026529738981600343
Area: 0.0003528024865519252
CentroidX: 0.3796
CentroidY: 0.1148
