Location: 2025-04-18_221131-1.png_Gaussian-Closing.png
Component: component_1745011847248_338.png
centerX: 0.8515901060070671
centerY: 0.41420624732563116
width: 0.024146054181389872
height: 0.0235344458707745
Area: 0.00022831360915431733
CentroidX: 0.8641
CentroidY: 0.4267
