Location: 2025-04-18_221155-1.png_Gaussian-Median.png
Component: component_1745011848433_609.png
centerX: 0.9228504122497055
centerY: 0.8934531450577664
width: 0.03121319199057715
height: 0.024818142918271287
Area: 0.00033213834091102673
CentroidX: 0.9388
CentroidY: 0.9063
