Location: 2025-04-18_221131-1.png_Mean-Closing.png
Component: component_1745011847479_236.png
centerX: 0.6060070671378092
centerY: 0.29567821994009413
width: 0.030624263839811542
height: 0.024390243902439025
Area: 0.0002787139643760209
CentroidX: 0.6218
CentroidY: 0.3088
