Location: 2025-04-18_221131-1.png_Mean-Closing.png
Component: component_1745011847479_232.png
centerX: 0.6919905771495878
centerY: 0.29225502781343604
width: 0.0353356890459364
height: 0.024818142918271287
Area: 0.00030719016507628347
CentroidX: 0.7110
CentroidY: 0.3052
