Location: 2025-04-18_221131-1.png_Mean-Closing.png
Component: component_1745011847656_673.png
centerX: 0.13722025912838634
centerY: 0.7946084724005135
width: 0.027090694935217905
height: 0.02267864783910997
Area: 0.00021193349370726366
CentroidX: 0.1519
CentroidY: 0.8068
