Location: 2025-04-18_221131-1.png_Mean-Closing.png
Component: component_1745011847566_581.png
centerX: 0.3992932862190813
centerY: 0.7124518613607189
width: 0.02767962308598351
height: 0.02610183996576808
Area: 0.0002598138311678821
CentroidX: 0.4121
CentroidY: 0.7267
