Location: 2025-04-18_221155-1.png_Gaussian-Closing.png
Component: component_1745011848214_607.png
centerX: 0.823321554770318
centerY: 0.8968763371844245
width: 0.034746760895170786
height: 0.0235344458707745
Area: 0.0003472584474775378
CentroidX: 0.8420
CentroidY: 0.9088
