Location: 2025-04-18_221155-1.png_Gaussian-Closing.png
Component: component_1745011848119_281.png
centerX: 0.26383981154299174
centerY: 0.4638425331621737
width: 0.030624263839811542
height: 0.02396234488660676
Area: 0.00033591836755265454
CentroidX: 0.2793
CentroidY: 0.4770
