Location: 2025-04-18_221131-1.png_Gaussian-Closing.png
Component: component_1745011847174_15.png
centerX: 0.6525323910482921
centerY: 0.009413778348309799
width: 0.03769140164899882
height: 0.028241335044929396
Area: 0.0004087468808480162
CentroidX: 0.6725
CentroidY: 0.0245
