Location: 2025-04-18_221131-1.png_Mean-Closing.png
Component: component_1745011847510_364.png
centerX: 0.8197879858657244
centerY: 0.45785194694052206
width: 0.028268551236749116
height: 0.0235344458707745
Area: 0.0002363776659897899
CentroidX: 0.8358
CentroidY: 0.4690
