Location: 2025-04-18_221131-1.png_Gaussian-Closing.png
Component: component_1745011847217_201.png
centerX: 0.7508833922261484
centerY: 0.2490372272143774
width: 0.03356890459363958
height: 0.025246041934103552
Area: 0.00029055804785312126
CentroidX: 0.7695
CentroidY: 0.2617
