Location: 2025-04-18_221131-1.png_Gaussian-Closing.png
Component: component_1745011847247_337.png
centerX: 0.7944640753828033
centerY: 0.4146341463414634
width: 0.02591283863368669
height: 0.02396234488660676
Area: 0.000265609872018378
CentroidX: 0.8077
CentroidY: 0.4272
