Location: 2025-04-18_221131-1.png_Mean-Closing.png
Component: component_1745011847469_199.png
centerX: 0.6896348645465253
centerY: 0.24989302524604193
width: 0.030624263839811542
height: 0.023106546854942234
Area: 0.0002756899430627187
CentroidX: 0.7067
CentroidY: 0.2616
