Location: 2025-04-18_221131-1.png_Gaussian-Closing.png
Component: component_1745011847331_565.png
centerX: 0.9469964664310954
centerY: 0.6927685066324347
width: 0.024146054181389872
height: 0.024818142918271287
Area: 0.00024141770151196027
CentroidX: 0.9600
CentroidY: 0.7050
