Location: 2025-04-18_221131-1.png_Mean-Closing.png
Component: component_1745011847583_634.png
centerX: 0.0636042402826855
centerY: 0.7578091570389388
width: 0.024734982332155476
height: 0.028241335044929396
Area: 0.00025300978321295207
CentroidX: 0.0769
CentroidY: 0.7728
