Location: 2025-04-18_221131-1.png_Mean-Closing.png
Component: component_1745011847845_729.png
centerX: 0.574793875147232
centerY: 0.8600770218228498
width: 0.023557126030624265
height: 0.024818142918271287
Area: 0.00022730560204988325
CentroidX: 0.5875
CentroidY: 0.8730
