Location: 2025-04-18_221155-1.png_Gaussian-Median.png
Component: component_1745011848326_187.png
centerX: 0.7885747938751473
centerY: 0.29781771501925547
width: 0.03180212014134275
height: 0.02267864783910997
Area: 0.00030668616152406644
CentroidX: 0.8050
CentroidY: 0.3097
