Location: 2025-04-18_221131-1.png_Gaussian-Closing.png
Component: component_1745011847349_652.png
centerX: 0.6967020023557126
centerY: 0.7796320068463842
width: 0.028268551236749116
height: 0.02267864783910997
Area: 0.00021168149193115512
CentroidX: 0.7128
CentroidY: 0.7910
