Location: 2025-04-18_221131-1.png_Mean-Closing.png
Component: component_1745011847751_705.png
centerX: 0.24499411071849234
centerY: 0.8284124946512623
width: 0.028857479387514724
height: 0.023106546854942234
Area: 0.00024267771039250283
CentroidX: 0.2605
CentroidY: 0.8404
