Location: 2025-04-18_221131-1.png_Gaussian-Closing.png
Component: component_1745011847341_603.png
centerX: 0.9075382803297998
centerY: 0.7398373983739838
width: 0.025323910482921083
height: 0.024818142918271287
Area: 0.00022755760382599176
CentroidX: 0.9214
CentroidY: 0.7519
