Location: 2025-04-18_221155-1.png_Gaussian-Closing.png
Component: component_1745011848163_411.png
centerX: 0.19964664310954064
centerY: 0.636285836542576
width: 0.03180212014134275
height: 0.025246041934103552
Area: 0.00033894238886595675
CentroidX: 0.2167
CentroidY: 0.6483
