Location: 2025-04-18_221131-1.png_Mean-Closing.png
Component: component_1745011847426_19.png
centerX: 0.40577149587750294
centerY: 0.012836970474967908
width: 0.039458186101295645
height: 0.02738553701326487
Area: 0.00039690279737091585
CentroidX: 0.4264
CentroidY: 0.0274
