Location: 2025-04-18_221155-1.png_Gaussian-Median.png
Component: component_1745011848343_265.png
centerX: 0.25382803297997647
centerY: 0.4184852374839538
width: 0.037102473498233215
height: 0.02139495079161318
Area: 0.0003507864723430571
CentroidX: 0.2736
CentroidY: 0.4296
