Location: 2025-04-18_221155-1.png_Gaussian-Median.png
Component: component_1745011848387_467.png
centerX: 0.1872791519434629
centerY: 0.7068891741548995
width: 0.034746760895170786
height: 0.02610183996576808
Area: 0.00031928625032949233
CentroidX: 0.2046
CentroidY: 0.7217
