Location: 2025-04-18_221155-1.png_Gaussian-Closing.png
Component: component_1745011847958_45.png
centerX: 0.6914016489988222
centerY: 0.02738553701326487
width: 0.038869257950530034
height: 0.023106546854942234
Area: 0.00038909074231155183
CentroidX: 0.7121
CentroidY: 0.0392
