Location: 2025-04-18_221155-1.png_Gaussian-Closing.png
Component: component_1745011847982_87.png
centerX: 0.49469964664310956
centerY: 0.10868635002139496
width: 0.037102473498233215
height: 0.02610183996576808
Area: 0.00040219483466919474
CentroidX: 0.5147
CentroidY: 0.1223
