Location: 2025-04-18_221131-1.png_Gaussian-Closing.png
Component: component_1745011847176_27.png
centerX: 0.2838633686690224
centerY: 0.014120667522464698
width: 0.037102473498233215
height: 0.02738553701326487
Area: 0.00033818638353763116
CentroidX: 0.3038
CentroidY: 0.0289
