Location: 2025-04-18_221131-1.png_Mean-Closing.png
Component: component_1745011847773_708.png
centerX: 0.16431095406360424
centerY: 0.8292682926829268
width: 0.030035335689045935
height: 0.024818142918271287
Area: 0.00026611387557059504
CentroidX: 0.1810
CentroidY: 0.8422
