Location: 2025-04-18_221155-1.png_Gaussian-Closing.png
Component: component_1745011848175_437.png
centerX: 0.7762073027090695
centerY: 0.6696619597774925
width: 0.02944640753828033
height: 0.022250748823277707
Area: 0.0002842580034504083
CentroidX: 0.7923
CentroidY: 0.6808
