Location: 2025-04-18_221155-1.png_Gaussian-Closing.png
Component: component_1745011848175_440.png
centerX: 0.15547703180212014
centerY: 0.670517757809157
width: 0.03415783274440518
height: 0.02610183996576808
Area: 0.0003162622290161901
CentroidX: 0.1732
CentroidY: 0.6847
