Location: 2025-04-18_221155-1.png_Gaussian-Median.png
Component: component_1745011848324_176.png
centerX: 0.5312131919905771
centerY: 0.2948224219084296
width: 0.032391048292108364
height: 0.026529738981600343
Area: 0.00037422263752114927
CentroidX: 0.5483
CentroidY: 0.3081
