Location: 2025-04-18_221155-1.png_Gaussian-Closing.png
Component: component_1745011848006_150.png
centerX: 0.8510011778563016
centerY: 0.24304664099272572
width: 0.037102473498233215
height: 0.024818142918271287
Area: 0.00043697107977217023
CentroidX: 0.8694
CentroidY: 0.2565
