Location: 2025-04-18_221155-1.png_Gaussian-Median.png
Component: component_1745011848340_250.png
centerX: 0.7985865724381626
centerY: 0.4159178433889602
width: 0.037102473498233215
height: 0.02267864783910997
Area: 0.00034927446168640596
CentroidX: 0.8182
CentroidY: 0.4281
