Location: 2025-04-18_221155-1.png_Gaussian-Median.png
Component: component_1745011848336_232.png
centerX: 0.12190812720848057
centerY: 0.3774069319640565
width: 0.02944640753828033
height: 0.024390243902439025
Area: 0.00031449821658343047
CentroidX: 0.1372
CentroidY: 0.3898
