Location: 2025-04-18_221155-1.png_Gaussian-Median.png
Component: component_1745011848407_562.png
centerX: 0.1248527679623086
centerY: 0.8258451005562687
width: 0.030624263839811542
height: 0.02781343602909713
Area: 0.000328862317821616
CentroidX: 0.1416
CentroidY: 0.8399
