Location: 2025-04-18_221155-1.png_Gaussian-Median.png
Component: component_1745011848389_479.png
centerX: 0.3250883392226148
centerY: 0.7406931964056482
width: 0.037102473498233215
height: 0.028241335044929396
Area: 0.00034902245991029745
CentroidX: 0.3447
CentroidY: 0.7553
