Location: 2025-04-18_221131-1.png_Gaussian-Closing.png
Component: component_1745011847214_184.png
centerX: 0.30859835100117783
centerY: 0.22293538724860934
width: 0.02591283863368669
height: 0.02610183996576808
Area: 0.000272413919973308
CentroidX: 0.3224
CentroidY: 0.2366
