Location: 2025-04-18_221131-1.png_Mean-Closing.png
Component: component_1745011847838_722.png
centerX: 0.7296819787985865
centerY: 0.8583654257595208
width: 0.026501766784452298
height: 0.02738553701326487
Area: 0.00023562166066146435
CentroidX: 0.7443
CentroidY: 0.8719
