Location: 2025-04-18_221131-1.png_Mean-Closing.png
Component: component_1745011847525_428.png
centerX: 0.7526501766784452
centerY: 0.537441163885323
width: 0.03121319199057715
height: 0.023106546854942234
Area: 0.0002477177459146732
CentroidX: 0.7711
CentroidY: 0.5483
