Location: 2025-04-18_221131-1.png_Mean-Closing.png
Component: component_1745011847430_38.png
centerX: 0.6925795053003534
centerY: 0.051775780915703895
width: 0.03180212014134275
height: 0.02610183996576808
Area: 0.00032508229117998825
CentroidX: 0.7092
CentroidY: 0.0655
