Location: 2025-04-18_221131-1.png_Mean-Closing.png
Component: component_1745011847564_571.png
centerX: 0.6984687868080094
centerY: 0.7038938810440736
width: 0.026501766784452298
height: 0.024390243902439025
Area: 0.0002421737068402858
CentroidX: 0.7121
CentroidY: 0.7170
