Location: 2025-04-18_221131-1.png_Gaussian-Closing.png
Component: component_1745011847385_804.png
centerX: 0.892226148409894
centerY: 0.9422336328626444
width: 0.03121319199057715
height: 0.024818142918271287
Area: 0.0002646018649139439
CentroidX: 0.9082
CentroidY: 0.9558
