Location: 2025-04-18_221155-1.png_Gaussian-Closing.png
Component: component_1745011848074_189.png
centerX: 0.6719670200235571
centerY: 0.2952503209242619
width: 0.03356890459363958
height: 0.025246041934103552
Area: 0.0003611185451635063
CentroidX: 0.6897
CentroidY: 0.3079
