Location: 2025-04-18_221131-1.png_Mean-Closing.png
Component: component_1745011847496_303.png
centerX: 0.5506478209658422
centerY: 0.37783483097988874
width: 0.032391048292108364
height: 0.024390243902439025
Area: 0.00027669795016715276
CentroidX: 0.5683
CentroidY: 0.3901
