Location: 2025-04-18_221131-1.png_Mean-Closing.png
Component: component_1745011847859_749.png
centerX: 0.9222614840989399
centerY: 0.8964484381685922
width: 0.028268551236749116
height: 0.024390243902439025
Area: 0.00023965368907920062
CentroidX: 0.9371
CentroidY: 0.9093
