Location: 2025-04-18_221155-1.png_Gaussian-Closing.png
Component: component_1745011848059_171.png
centerX: 0.19199057714958775
centerY: 0.2524604193410355
width: 0.035924617196702
height: 0.023106546854942234
Area: 0.0003472584474775378
CentroidX: 0.2109
CentroidY: 0.2643
