Location: 2025-04-18_221131-1.png_Mean-Closing.png
Component: component_1745011847899_833.png
centerX: 0.9570082449941107
centerY: 0.9803166452717159
width: 0.023557126030624265
height: 0.019683354728284124
Area: 0.00022024955231884474
CentroidX: 0.9685
CentroidY: 0.9904
