Location: 2025-04-18_221131-1.png_Mean-Closing.png
Component: component_1745011847564_569.png
centerX: 0.7473498233215548
centerY: 0.7026101839965768
width: 0.028268551236749116
height: 0.0235344458707745
Area: 0.0002381416784225495
CentroidX: 0.7629
CentroidY: 0.7140
