Location: 2025-04-18_221155-1.png_Gaussian-Median.png
Component: component_1745011848348_293.png
centerX: 0.8769140164899882
centerY: 0.47282841249465124
width: 0.034746760895170786
height: 0.0235344458707745
Area: 0.0003475104492536463
CentroidX: 0.8951
CentroidY: 0.4851
