Location: 2025-04-18_221131-1.png_Mean-Closing.png
Component: component_1745011847589_640.png
centerX: 0.8822143698468787
centerY: 0.7732135216089003
width: 0.02767962308598351
height: 0.02396234488660676
Area: 0.000223777577184364
CentroidX: 0.8974
CentroidY: 0.7850
