Location: 2025-04-18_221131-1.png_Gaussian-Closing.png
Component: component_1745011847361_701.png
centerX: 0.2962308598351001
centerY: 0.8258451005562687
width: 0.030624263839811542
height: 0.025673940949935817
Area: 0.00025275778143684356
CentroidX: 0.3132
CentroidY: 0.8389
