Location: 2025-04-18_221131-1.png_Mean-Closing.png
Component: component_1745011847458_156.png
centerX: 0.0624263839811543
centerY: 0.1904150620453573
width: 0.03356890459363958
height: 0.02995293110825845
Area: 0.00034650244214921226
CentroidX: 0.0798
CentroidY: 0.2068
