Location: 2025-04-18_221131-1.png_Gaussian-Closing.png
Component: component_1745011847201_136.png
centerX: 0.797997644287397
centerY: 0.17201540436456997
width: 0.030035335689045935
height: 0.02396234488660676
Area: 0.0002948420780469661
CentroidX: 0.8136
CentroidY: 0.1846
