Location: 2025-04-18_221155-1.png_Gaussian-Closing.png
Component: component_1745011848091_235.png
centerX: 0.8833922261484098
centerY: 0.376551133932392
width: 0.03121319199057715
height: 0.022250748823277707
Area: 0.0003155062236878646
CentroidX: 0.8995
CentroidY: 0.3886
