Location: 2025-04-18_221155-1.png_Gaussian-Median.png
Component: component_1745011848271_28.png
centerX: 0.3168433451118963
centerY: 0.025673940949935817
width: 0.028857479387514724
height: 0.02267864783910997
Area: 0.00016556516690329634
CentroidX: 0.3301
CentroidY: 0.0396
