Location: 2025-04-18_221155-1.png_Gaussian-Closing.png
Component: component_1745011848076_198.png
centerX: 0.04711425206124853
centerY: 0.33504492939666236
width: 0.03415783274440518
height: 0.024390243902439025
Area: 0.0003661585806856767
CentroidX: 0.0639
CentroidY: 0.3482
