Location: 2025-04-18_221131-1.png_Mean-Closing.png
Component: component_1745011847579_619.png
centerX: 0.4870435806831567
centerY: 0.7518185708172871
width: 0.028268551236749116
height: 0.025673940949935817
Area: 0.00024015769263141767
CentroidX: 0.5024
CentroidY: 0.7646
