Location: 2025-04-18_221155-1.png_Gaussian-Closing.png
Component: component_1745011848224_635.png
centerX: 0.8138987043580683
centerY: 0.9302524604193411
width: 0.030035335689045935
height: 0.026529738981600343
Area: 0.00030593015619574085
CentroidX: 0.8303
CentroidY: 0.9435
