Location: 2025-04-18_221155-1.png_Gaussian-Closing.png
Component: component_1745011848161_401.png
centerX: 0.07950530035335689
centerY: 0.6332905434317501
width: 0.02944640753828033
height: 0.024818142918271287
Area: 0.00033894238886595675
CentroidX: 0.0943
CentroidY: 0.6464
