Location: 2025-04-18_221155-1.png_Gaussian-Median.png
Component: component_1745011848341_254.png
centerX: 0.6118963486454653
centerY: 0.417201540436457
width: 0.03651354534746761
height: 0.021822849807445442
Area: 0.00034625044037310375
CentroidX: 0.6310
CentroidY: 0.4285
