Location: 2025-04-18_221131-1.png_Gaussian-Closing.png
Component: component_1745011847367_718.png
centerX: 0.8639575971731449
centerY: 0.8549422336328626
width: 0.02767962308598351
height: 0.02738553701326487
Area: 0.00024292971216861137
CentroidX: 0.8789
CentroidY: 0.8692
