Location: 2025-04-18_221155-1.png_Gaussian-Median.png
Component: component_1745011848278_59.png
centerX: 0.3409893992932862
centerY: 0.06418485237483953
width: 0.032391048292108364
height: 0.025673940949935817
Area: 0.00037573464817780035
CentroidX: 0.3575
CentroidY: 0.0776
