Location: 2025-04-18_221155-1.png_Gaussian-Closing.png
Component: component_1745011847989_97.png
centerX: 0.15429917550058891
centerY: 0.11253744116388532
width: 0.03828032979976443
height: 0.026529738981600343
Area: 0.000405722859534714
CentroidX: 0.1745
CentroidY: 0.1259
