Location: 2025-04-18_221155-1.png_Gaussian-Closing.png
Component: component_1745011848193_520.png
centerX: 0.31095406360424027
centerY: 0.7809157038938811
width: 0.02944640753828033
height: 0.026529738981600343
Area: 0.0003119781988223453
CentroidX: 0.3259
CentroidY: 0.7947
