Location: 2025-04-18_221131-1.png_Gaussian-Closing.png
Component: component_1745011847337_584.png
centerX: 0.46996466431095407
centerY: 0.711168164313222
width: 0.03297997644287397
height: 0.025246041934103552
Area: 0.00027115391109276536
CentroidX: 0.4870
CentroidY: 0.7242
