Location: 2025-04-18_221131-1.png_Gaussian-Closing.png
Component: component_1745011847218_209.png
centerX: 0.508833922261484
centerY: 0.25417201540436457
width: 0.0353356890459364
height: 0.024390243902439025
Area: 0.00033239034268713524
CentroidX: 0.5272
CentroidY: 0.2678
