Location: 2025-04-18_221131-1.png_Gaussian-Closing.png
Component: component_1745011847260_366.png
centerX: 0.7921083627797408
centerY: 0.45742404792468977
width: 0.028268551236749116
height: 0.023106546854942234
Area: 0.00023335364467648768
CentroidX: 0.8079
CentroidY: 0.4691
