Location: 2025-04-18_221131-1.png_Mean-Closing.png
Component: component_1745011847487_256.png
centerX: 0.8574793875147232
centerY: 0.3247753530166881
width: 0.03415783274440518
height: 0.02396234488660676
Area: 0.000258805824063448
CentroidX: 0.8758
CentroidY: 0.3371
