Location: 2025-04-18_221155-1.png_Gaussian-Closing.png
Component: component_1745011848223_625.png
centerX: 0.4734982332155477
centerY: 0.9032948224219084
width: 0.027090694935217905
height: 0.02781343602909713
Area: 0.00032508229117998825
CentroidX: 0.4873
CentroidY: 0.9179
