Location: 2025-04-18_221131-1.png_Mean-Closing.png
Component: component_1745011847746_694.png
centerX: 0.4499411071849234
centerY: 0.8249893025246042
width: 0.03297997644287397
height: 0.025246041934103552
Area: 0.00028728202476371054
CentroidX: 0.4670
CentroidY: 0.8377
