Location: 2025-04-18_221155-1.png_Gaussian-Median.png
Component: component_1745011848330_212.png
centerX: 0.8303886925795053
centerY: 0.33889602053915274
width: 0.03356890459363958
height: 0.02396234488660676
Area: 0.0003749786428494748
CentroidX: 0.8463
CentroidY: 0.3522
