Location: 2025-04-18_221155-1.png_Gaussian-Median.png
Component: component_1745011848297_125.png
centerX: 0.9411071849234394
centerY: 0.19811724433033803
width: 0.037102473498233215
height: 0.024818142918271287
Area: 0.00038909074231155183
CentroidX: 0.9608
CentroidY: 0.2108
