Location: 2025-04-18_221131-1.png_Mean-Closing.png
Component: component_1745011847428_28.png
centerX: 0.2232037691401649
centerY: 0.014548566538296961
width: 0.03180212014134275
height: 0.031664527171587506
Area: 0.00033843838531373967
CentroidX: 0.2412
CentroidY: 0.0306
