Location: 2025-04-18_221131-1.png_Gaussian-Closing.png
Component: component_1745011847191_86.png
centerX: 0.555359246171967
centerY: 0.09713307659392384
width: 0.02944640753828033
height: 0.025246041934103552
Area: 0.0002998821135691364
CentroidX: 0.5709
CentroidY: 0.1102
