Location: 2025-04-18_221131-1.png_Mean-Closing.png
Component: component_1745011847500_323.png
centerX: 0.20965842167255594
centerY: 0.3898160034231921
width: 0.03180212014134275
height: 0.0235344458707745
Area: 0.00027165791464498244
CentroidX: 0.2264
CentroidY: 0.4019
