Location: 2025-04-18_221155-1.png_Gaussian-Median.png
Component: component_1745011848532_699.png
centerX: 0.6489988221436984
centerY: 0.9777492511767223
width: 0.03121319199057715
height: 0.022250748823277707
Area: 0.0002603178347200991
CentroidX: 0.6635
CentroidY: 0.9891
