Location: 2025-04-18_221155-1.png_Gaussian-Closing.png
Component: component_1745011848191_509.png
centerX: 0.5530035335689046
centerY: 0.7792041078305519
width: 0.03415783274440518
height: 0.026529738981600343
Area: 0.00034927446168640596
CentroidX: 0.5710
CentroidY: 0.7928
