Location: 2025-04-18_221131-1.png_Gaussian-Closing.png
Component: component_1745011847195_105.png
centerX: 0.8951707891637221
centerY: 0.13436029097133076
width: 0.032391048292108364
height: 0.025246041934103552
Area: 0.00031147419527012825
CentroidX: 0.9126
CentroidY: 0.1474
