Location: 2025-04-18_221131-1.png_Gaussian-Closing.png
Component: component_1745011847394_850.png
centerX: 0.10011778563015312
centerY: 0.9824561403508771
width: 0.030035335689045935
height: 0.017543859649122806
Area: 0.0001859773107680863
CentroidX: 0.1150
CentroidY: 0.9909
