Location: 2025-04-18_221155-1.png_Gaussian-Median.png
Component: component_1745011848528_691.png
centerX: 0.33568904593639576
centerY: 0.9764655541292255
width: 0.028268551236749116
height: 0.0235344458707745
Area: 0.00023738567309422397
CentroidX: 0.3485
CentroidY: 0.9885
