Location: 2025-04-18_221155-1.png_Gaussian-Median.png
Component: component_1745011848358_328.png
centerX: 0.14428739693757361
centerY: 0.5464270432178006
width: 0.032391048292108364
height: 0.0235344458707745
Area: 0.00033843838531373967
CentroidX: 0.1597
CentroidY: 0.5599
