Location: 2025-04-18_221131-1.png_Gaussian-Closing.png
Component: component_1745011847196_110.png
centerX: 0.7279151943462897
centerY: 0.13607188703465983
width: 0.030035335689045935
height: 0.025246041934103552
Area: 0.00030668616152406644
CentroidX: 0.7433
CentroidY: 0.1492
