Location: 2025-04-18_221131-1.png_Gaussian-Closing.png
Component: component_1745011847340_596.png
centerX: 0.11837455830388692
centerY: 0.7171587505348738
width: 0.030035335689045935
height: 0.025673940949935817
Area: 0.0002542697920934947
CentroidX: 0.1340
CentroidY: 0.7304
