Location: 2025-04-18_221131-1.png_Mean-Closing.png
Component: component_1745011847557_533.png
centerX: 0.7526501766784452
centerY: 0.6576807873341891
width: 0.02944640753828033
height: 0.023106546854942234
Area: 0.00024116569973585173
CentroidX: 0.7692
CentroidY: 0.6688
