Location: 2025-04-18_221131-1.png_Gaussian-Closing.png
Component: component_1745011847244_316.png
centerX: 0.05653710247349823
centerY: 0.386392811296534
width: 0.028268551236749116
height: 0.024818142918271287
Area: 0.0002630898542572928
CentroidX: 0.0720
CentroidY: 0.3989
