Location: 2025-04-18_221131-1.png_Mean-Closing.png
Component: component_1745011847512_376.png
centerX: 0.04240282685512368
centerY: 0.47026101839965767
width: 0.026501766784452298
height: 0.03080872913992298
Area: 0.0003187822467772753
CentroidX: 0.0564
CentroidY: 0.4863
