Location: 2025-04-18_221131-1.png_Gaussian-Closing.png
Component: component_1745011847394_847.png
centerX: 0.1696113074204947
centerY: 0.9816003423192127
width: 0.022968197879858657
height: 0.018399657680787333
Area: 0.00015901312072447485
CentroidX: 0.1800
CentroidY: 0.9915
