Location: 2025-04-18_221131-1.png_Mean-Closing.png
Component: component_1745011847430_37.png
centerX: 0.6613663133097762
centerY: 0.051347881899871634
width: 0.03121319199057715
height: 0.025673940949935817
Area: 0.00032684630361274784
CentroidX: 0.6771
CentroidY: 0.0652
