Location: 2025-04-18_221155-1.png_Gaussian-Closing.png
Component: component_1745011848130_317.png
centerX: 0.958186101295642
centerY: 0.5104835258878905
width: 0.030624263839811542
height: 0.0235344458707745
Area: 0.00035179447944749115
CentroidX: 0.9741
CentroidY: 0.5225
