Location: 2025-04-18_221131-1.png_Gaussian-Closing.png
Component: component_1745011847255_352.png
centerX: 0.2779740871613663
centerY: 0.4274711168164313
width: 0.022968197879858657
height: 0.02610183996576808
Area: 0.00023436165178092176
CentroidX: 0.2904
CentroidY: 0.4402
