Location: 2025-04-18_221131-1.png_Gaussian-Closing.png
Component: component_1745011847383_791.png
centerX: 0.6531213191990577
centerY: 0.9405220367993153
width: 0.02591283863368669
height: 0.0235344458707745
Area: 0.00022201356475160436
CentroidX: 0.6677
CentroidY: 0.9522
