Location: 2025-04-18_221155-1.png_Gaussian-Median.png
Component: component_1745011848364_362.png
centerX: 0.3822143698468787
centerY: 0.5947796320068464
width: 0.039458186101295645
height: 0.023106546854942234
Area: 0.00037875866949110257
CentroidX: 0.4036
CentroidY: 0.6067
