Location: 2025-04-18_221155-1.png_Gaussian-Median.png
Component: component_1745011848388_470.png
centerX: 0.10424028268551237
centerY: 0.707744972186564
width: 0.03180212014134275
height: 0.02866923406076166
Area: 0.0003467544439253208
CentroidX: 0.1196
CentroidY: 0.7243
