Location: 2025-04-18_221155-1.png_Gaussian-Median.png
Component: component_1745011848516_669.png
centerX: 0.23674911660777384
centerY: 0.9418057338468121
width: 0.02944640753828033
height: 0.025673940949935817
Area: 0.0002948420780469661
CentroidX: 0.2522
CentroidY: 0.9551
