Location: 2025-04-18_221131-1.png_Gaussian-Closing.png
Component: component_1745011847361_705.png
centerX: 0.34393404004711425
centerY: 0.82798459563543
width: 0.030624263839811542
height: 0.02396234488660676
Area: 0.00026359385780950985
CentroidX: 0.3611
CentroidY: 0.8397
