Location: 2025-04-18_221155-1.png_Gaussian-Median.png
Component: component_1745011848376_408.png
centerX: 0.22909305064782096
centerY: 0.6367137355584083
width: 0.03415783274440518
height: 0.0235344458707745
Area: 0.0003369263746570886
CentroidX: 0.2470
CentroidY: 0.6490
