Location: 2025-04-18_221131-1.png_Mean-Closing.png
Component: component_1745011847432_50.png
centerX: 0.48115429917550057
centerY: 0.05562687205819426
width: 0.03180212014134275
height: 0.025673940949935817
Area: 0.00033591836755265454
CentroidX: 0.4971
CentroidY: 0.0701
