Location: 2025-04-18_221131-1.png_Gaussian-Closing.png
Component: component_1745011847345_629.png
centerX: 0.24852767962308597
centerY: 0.7539580658964484
width: 0.027090694935217905
height: 0.025246041934103552
Area: 0.00023007762158707695
CentroidX: 0.2625
CentroidY: 0.7668
