Location: 2025-04-18_221131-1.png_Gaussian-Closing.png
Component: component_1745011847216_195.png
centerX: 0.8998822143698468
centerY: 0.24561403508771928
width: 0.032391048292108364
height: 0.025246041934103552
Area: 0.00028728202476371054
CentroidX: 0.9173
CentroidY: 0.2588
