Location: 2025-04-18_221155-1.png_Gaussian-Closing.png
Component: component_1745011848189_504.png
centerX: 0.04534746760895171
centerY: 0.7488232777064613
width: 0.04063604240282685
height: 0.026957637997432605
Area: 0.0004097548879524503
CentroidX: 0.0641
CentroidY: 0.7637
