Location: 2025-04-18_221155-1.png_Gaussian-Median.png
Component: component_1745011848434_610.png
centerX: 0.889281507656066
centerY: 0.8943089430894309
width: 0.032391048292108364
height: 0.0235344458707745
Area: 0.0003318863391349182
CentroidX: 0.9066
CentroidY: 0.9065
