Location: 2025-04-18_221131-1.png_Mean-Closing.png
Component: component_1745011847464_187.png
centerX: 0.039458186101295645
centerY: 0.22892597347026103
width: 0.03415783274440518
height: 0.029525032092426188
Area: 0.0003638905647007
CentroidX: 0.0571
CentroidY: 0.2450
