Location: 2025-04-18_221131-1.png_Mean-Closing.png
Component: component_1745011847493_288.png
centerX: 0.16666666666666666
centerY: 0.3478818998716303
width: 0.02767962308598351
height: 0.026529738981600343
Area: 0.0002683818915555717
CentroidX: 0.1808
CentroidY: 0.3622
