Location: 2025-04-18_221155-1.png_Gaussian-Closing.png
Component: component_1745011848200_558.png
centerX: 0.6142520612485277
centerY: 0.8241335044929397
width: 0.03121319199057715
height: 0.025246041934103552
Area: 0.0003427224155075845
CentroidX: 0.6294
CentroidY: 0.8380
