Location: 2025-04-18_221131-1.png_Mean-Closing.png
Component: component_1745011847860_752.png
centerX: 0.7267373380447585
centerY: 0.8981600342319213
width: 0.02767962308598351
height: 0.024818142918271287
Area: 0.000251497772556301
CentroidX: 0.7419
CentroidY: 0.9107
