Location: 2025-04-18_221131-1.png_Mean-Closing.png
Component: component_1745011847466_190.png
centerX: 0.9263839811542992
centerY: 0.24518613607188702
width: 0.028857479387514724
height: 0.024390243902439025
Area: 0.0002535137867651691
CentroidX: 0.9433
CentroidY: 0.2563
