Location: 2025-04-18_221131-1.png_Mean-Closing.png
Component: component_1745011847480_237.png
centerX: 0.5712603062426383
centerY: 0.29696191698759095
width: 0.032391048292108364
height: 0.023106546854942234
Area: 0.000286526019435385
CentroidX: 0.5885
CentroidY: 0.3090
