Location: 2025-04-18_221155-1.png_Gaussian-Closing.png
Component: component_1745011848126_303.png
centerX: 0.11425206124852769
centerY: 0.5027813436029097
width: 0.03180212014134275
height: 0.025673940949935817
Area: 0.0003457464368208867
CentroidX: 0.1291
CentroidY: 0.5174
