Location: 2025-04-18_221131-1.png_Gaussian-Closing.png
Component: component_1745011847329_555.png
centerX: 0.29093050647820967
centerY: 0.6718014548566539
width: 0.028268551236749116
height: 0.0235344458707745
Area: 0.00024494572637747953
CentroidX: 0.3056
CentroidY: 0.6843
