Location: 2025-04-18_221155-1.png_Gaussian-Median.png
Component: component_1745011848398_527.png
centerX: 0.04240282685512368
centerY: 0.7843388960205392
width: 0.030624263839811542
height: 0.03080872913992298
Area: 0.000328862317821616
CentroidX: 0.0568
CentroidY: 0.8022
