Location: 2025-04-18_221155-1.png_Gaussian-Closing.png
Component: component_1745011848193_523.png
centerX: 0.928150765606596
centerY: 0.7804878048780488
width: 0.03121319199057715
height: 0.02396234488660676
Area: 0.00032835831426939897
CentroidX: 0.9440
CentroidY: 0.7931
