Location: 2025-04-18_221131-1.png_Gaussian-Closing.png
Component: component_1745011847312_477.png
centerX: 0.37809187279151946
centerY: 0.5930680359435173
width: 0.026501766784452298
height: 0.024390243902439025
Area: 0.00024267771039250283
CentroidX: 0.3934
CentroidY: 0.6041
