Location: 2025-04-18_221131-1.png_Gaussian-Closing.png
Component: component_1745011847321_512.png
centerX: 0.5100117785630153
centerY: 0.6272999572100985
width: 0.028857479387514724
height: 0.025673940949935817
Area: 0.00024267771039250283
CentroidX: 0.5251
CentroidY: 0.6401
