Location: 2025-04-18_221131-1.png_Mean-Closing.png
Component: component_1745011847513_380.png
centerX: 0.21201413427561838
centerY: 0.47282841249465124
width: 0.02944640753828033
height: 0.025673940949935817
Area: 0.0002512457707801925
CentroidX: 0.2288
CentroidY: 0.4848
