Location: 2025-04-18_221131-1.png_Gaussian-Closing.png
Component: component_1745011847356_675.png
centerX: 0.037102473498233215
centerY: 0.7946084724005135
width: 0.027090694935217905
height: 0.02738553701326487
Area: 0.0002421737068402858
CentroidX: 0.0520
CentroidY: 0.8098
