Location: 2025-04-18_221131-1.png_Gaussian-Closing.png
Component: component_1745011847185_62.png
centerX: 0.29740871613663133
centerY: 0.058622165169020114
width: 0.02944640753828033
height: 0.02781343602909713
Area: 0.00035607850964133593
CentroidX: 0.3119
CentroidY: 0.0738
