Location: 2025-04-18_221131-1.png_Mean-Closing.png
Component: component_1745011847568_584.png
centerX: 0.3498233215547703
centerY: 0.714163457424048
width: 0.02767962308598351
height: 0.0235344458707745
Area: 0.000237889676646441
CentroidX: 0.3645
CentroidY: 0.7260
