Location: 2025-04-18_221131-1.png_Gaussian-Closing.png
Component: component_1745011847378_765.png
centerX: 0.5889281507656066
centerY: 0.9007274283269149
width: 0.028268551236749116
height: 0.025673940949935817
Area: 0.0002623338489289672
CentroidX: 0.6046
CentroidY: 0.9135
