Location: 2025-04-18_221155-1.png_Gaussian-Closing.png
Component: component_1745011848176_442.png
centerX: 0.21201413427561838
centerY: 0.670517757809157
width: 0.03121319199057715
height: 0.0235344458707745
Area: 0.0002756899430627187
CentroidX: 0.2295
CentroidY: 0.6820
