Location: 2025-04-18_221155-1.png_Gaussian-Median.png
Component: component_1745011848365_367.png
centerX: 0.5223792697290931
centerY: 0.59734702610184
width: 0.034746760895170786
height: 0.0235344458707745
Area: 0.00033087833203048416
CentroidX: 0.5411
CentroidY: 0.6092
