Location: 2025-04-18_221131-1.png_Gaussian-Closing.png
Component: component_1745011847303_428.png
centerX: 0.8121319199057715
centerY: 0.5344458707744972
width: 0.03180212014134275
height: 0.02396234488660676
Area: 0.0002457017317058051
CentroidX: 0.8303
CentroidY: 0.5456
