Location: 2025-04-18_221131-1.png_Mean-Closing.png
Component: component_1745011847481_244.png
centerX: 0.36808009422850413
centerY: 0.3042362002567394
width: 0.030624263839811542
height: 0.025673940949935817
Area: 0.00029585008515140015
CentroidX: 0.3848
CentroidY: 0.3170
