Location: 2025-04-18_221131-1.png_Mean-Closing.png
Component: component_1745011847541_495.png
centerX: 0.823321554770318
centerY: 0.6195977749251177
width: 0.028857479387514724
height: 0.025246041934103552
Area: 0.00026359385780950985
CentroidX: 0.8396
CentroidY: 0.6319
