Location: 2025-04-18_221131-1.png_Mean-Closing.png
Component: component_1745011847455_136.png
centerX: 0.7285041224970553
centerY: 0.17329910141206675
width: 0.03180212014134275
height: 0.022250748823277707
Area: 0.0003104661881656942
CentroidX: 0.7453
CentroidY: 0.1846
