Location: 2025-04-18_221155-1.png_Gaussian-Median.png
Component: component_1745011848385_454.png
centerX: 0.6855123674911661
centerY: 0.7013264869490801
width: 0.03356890459363958
height: 0.02396234488660676
Area: 0.00032533429295609676
CentroidX: 0.7024
CentroidY: 0.7147
