Location: 2025-04-18_221131-1.png_Mean-Closing.png
Component: component_1745011847847_731.png
centerX: 0.4169611307420495
centerY: 0.8609328198545143
width: 0.024146054181389872
height: 0.028241335044929396
Area: 0.00022957361803485992
CentroidX: 0.4305
CentroidY: 0.8750
