Location: 2025-04-18_221131-1.png_Gaussian-Closing.png
Component: component_1745011847214_183.png
centerX: 0.28209658421672557
centerY: 0.22250748823277705
width: 0.02591283863368669
height: 0.026529738981600343
Area: 0.0002829979945698657
CentroidX: 0.2958
CentroidY: 0.2363
