Location: 2025-04-18_221155-1.png_Gaussian-Median.png
Component: component_1745011848527_687.png
centerX: 0.07891637220259129
centerY: 0.9768934531450578
width: 0.03356890459363958
height: 0.023106546854942234
Area: 0.00024796974769078175
CentroidX: 0.0939
CentroidY: 0.9898
