Location: 2025-04-18_221155-1.png_Gaussian-Closing.png
Component: component_1745011848117_275.png
centerX: 0.0535924617196702
centerY: 0.46041934103551563
width: 0.034746760895170786
height: 0.024390243902439025
Area: 0.00035481850076079336
CentroidX: 0.0704
CentroidY: 0.4744
