Location: 2025-04-18_221131-1.png_Gaussian-Closing.png
Component: component_1745011847186_65.png
centerX: 0.23674911660777384
centerY: 0.0599058622165169
width: 0.03180212014134275
height: 0.025246041934103552
Area: 0.00034095840307482486
CentroidX: 0.2529
CentroidY: 0.0737
