Location: 2025-04-18_221131-1.png_Mean-Closing.png
Component: component_1745011847529_451.png
centerX: 0.19140164899882214
centerY: 0.5562687205819427
width: 0.028268551236749116
height: 0.0235344458707745
Area: 0.0002419217050641773
CentroidX: 0.2062
CentroidY: 0.5683
