Location: 2025-04-18_221155-1.png_Gaussian-Median.png
Component: component_1745011848367_376.png
centerX: 0.5971731448763251
centerY: 0.6007702182284981
width: 0.03769140164899882
height: 0.022250748823277707
Area: 0.0003593545327307467
CentroidX: 0.6176
CentroidY: 0.6118
