Location: 2025-04-18_221155-1.png_Gaussian-Closing.png
Component: component_1745011848141_338.png
centerX: 0.33981154299175503
centerY: 0.5498502353444588
width: 0.03651354534746761
height: 0.023106546854942234
Area: 0.0003555745060891189
CentroidX: 0.3577
CentroidY: 0.5628
