Location: 2025-04-18_221131-1.png_Mean-Closing.png
Component: component_1745011847483_253.png
centerX: 0.06654888103651355
centerY: 0.3110825845100556
width: 0.02944640753828033
height: 0.024390243902439025
Area: 0.00028047797680878057
CentroidX: 0.0823
CentroidY: 0.3233
