Location: 2025-04-18_221155-1.png_Gaussian-Closing.png
Component: component_1745011848176_446.png
centerX: 0.12956419316843346
centerY: 0.6722293538724861
width: 0.03180212014134275
height: 0.024818142918271287
Area: 0.0002852660105548424
CentroidX: 0.1460
CentroidY: 0.6858
