Location: 2025-04-18_221131-1.png_Gaussian-Closing.png
Component: component_1745011847332_572.png
centerX: 0.7237926972909305
centerY: 0.7030380830124091
width: 0.026501766784452298
height: 0.025246041934103552
Area: 0.0002419217050641773
CentroidX: 0.7376
CentroidY: 0.7165
