Location: 2025-04-18_221155-1.png_Gaussian-Median.png
Component: component_1745011848380_429.png
centerX: 0.2667844522968198
centerY: 0.6692340607616603
width: 0.03180212014134275
height: 0.021822849807445442
Area: 0.00026636587734670355
CentroidX: 0.2836
CentroidY: 0.6807
