Location: 2025-04-18_221155-1.png_Gaussian-Median.png
Component: component_1745011848292_103.png
centerX: 0.6813898704358068
centerY: 0.15062045357295678
width: 0.04004711425206125
height: 0.024818142918271287
Area: 0.0004251269962950699
CentroidX: 0.7024
CentroidY: 0.1619
