Location: 2025-04-18_221131-1.png_Gaussian-Closing.png
Component: component_1745011847314_489.png
centerX: 0.28032979976442873
centerY: 0.5956354300385109
width: 0.02767962308598351
height: 0.0235344458707745
Area: 0.00024948175834743283
CentroidX: 0.2961
CentroidY: 0.6067
