Location: 2025-04-18_221155-1.png_Gaussian-Median.png
Component: component_1745011848365_364.png
centerX: 0.48586572438162545
centerY: 0.5960633290543432
width: 0.03769140164899882
height: 0.024818142918271287
Area: 0.00036212655226794036
CentroidX: 0.5062
CentroidY: 0.6089
