Location: 2025-04-18_221131-1.png_Mean-Closing.png
Component: component_1745011847748_700.png
centerX: 0.3215547703180212
centerY: 0.8275566966195977
width: 0.02591283863368669
height: 0.023106546854942234
Area: 0.00023436165178092176
CentroidX: 0.3355
CentroidY: 0.8392
