Location: 2025-04-18_221131-1.png_Mean-Closing.png
Component: component_1745011847493_284.png
centerX: 0.19140164899882214
centerY: 0.3470261018399658
width: 0.027090694935217905
height: 0.024818142918271287
Area: 0.0002517497743324095
CentroidX: 0.2054
CentroidY: 0.3606
