Location: 2025-04-18_221131-1.png_Gaussian-Closing.png
Component: component_1745011847329_558.png
centerX: 0.21554770318021202
centerY: 0.6735130509199829
width: 0.02591283863368669
height: 0.024390243902439025
Area: 0.0002394016873030921
CentroidX: 0.2283
CentroidY: 0.6864
