Location: 2025-04-18_221155-1.png_Gaussian-Closing.png
Component: component_1745011848209_585.png
centerX: 0.5064782096584217
centerY: 0.8630723149336756
width: 0.03356890459363958
height: 0.025246041934103552
Area: 0.00034196641017925897
CentroidX: 0.5245
CentroidY: 0.8763
