Location: 2025-04-18_221155-1.png_Gaussian-Median.png
Component: component_1745011848278_61.png
centerX: 0.4169611307420495
centerY: 0.06504065040650407
width: 0.038869257950530034
height: 0.024390243902439025
Area: 0.0004092508844002333
CentroidX: 0.4358
CentroidY: 0.0788
