Location: 2025-04-18_221131-1.png_Mean-Closing.png
Component: component_1745011847481_245.png
centerX: 0.24381625441696114
centerY: 0.30594779632006847
width: 0.03415783274440518
height: 0.026957637997432605
Area: 0.00032684630361274784
CentroidX: 0.2623
CentroidY: 0.3201
