Location: 2025-04-18_221131-1.png_Gaussian-Closing.png
Component: component_1745011847333_581.png
centerX: 0.5441696113074205
centerY: 0.707744972186564
width: 0.032391048292108364
height: 0.025673940949935817
Area: 0.0002640978613617269
CentroidX: 0.5620
CentroidY: 0.7209
