Location: 2025-04-18_221155-1.png_Gaussian-Closing.png
Component: component_1745011847957_40.png
centerX: 0.8268551236749117
centerY: 0.02610183996576808
width: 0.04299175500588928
height: 0.02267864783910997
Area: 0.00040799087551969066
CentroidX: 0.8496
CentroidY: 0.0383
