Location: 2025-04-18_221131-1.png_Gaussian-Closing.png
Component: component_1745011847343_618.png
centerX: 0.5600706713780919
centerY: 0.7496790757381258
width: 0.027090694935217905
height: 0.026529738981600343
Area: 0.00024292971216861137
CentroidX: 0.5749
CentroidY: 0.7626
