Location: 2025-04-18_221131-1.png_Gaussian-Closing.png
Component: component_1745011847331_570.png
centerX: 0.8215547703180212
centerY: 0.7000427899015832
width: 0.030035335689045935
height: 0.024818142918271287
Area: 0.0002565378080784713
CentroidX: 0.8381
CentroidY: 0.7121
