Location: 2025-04-18_221155-1.png_Gaussian-Median.png
Component: component_1745011848353_301.png
centerX: 0.2043580683156655
centerY: 0.5040650406504065
width: 0.03180212014134275
height: 0.024390243902439025
Area: 0.000342470413731476
CentroidX: 0.2203
CentroidY: 0.5174
