Location: 2025-04-18_221131-1.png_Gaussian-Closing.png
Component: component_1745011847394_849.png
centerX: 0.6790341578327445
centerY: 0.9816003423192127
width: 0.026501766784452298
height: 0.018399657680787333
Area: 0.00018370929478310962
CentroidX: 0.6908
CentroidY: 0.9909
