Location: 2025-04-18_221131-1.png_Mean-Closing.png
Component: component_1745011847479_235.png
centerX: 0.6613663133097762
centerY: 0.2943945228925973
width: 0.03415783274440518
height: 0.02396234488660676
Area: 0.0002890460371964702
CentroidX: 0.6805
CentroidY: 0.3062
