Location: 2025-04-18_221131-1.png_Mean-Closing.png
Component: component_1745011847562_558.png
centerX: 0.11248527679623085
centerY: 0.676936243046641
width: 0.026501766784452298
height: 0.025673940949935817
Area: 0.0002431817139447199
CentroidX: 0.1264
CentroidY: 0.6909
