Location: 2025-04-18_221131-1.png_Mean-Closing.png
Component: component_1745011847542_500.png
centerX: 0.6878680800942285
centerY: 0.6238767650834403
width: 0.030035335689045935
height: 0.025673940949935817
Area: 0.00028728202476371054
CentroidX: 0.7036
CentroidY: 0.6379
