Location: 2025-04-18_221131-1.png_Gaussian-Closing.png
Component: component_1745011847196_112.png
centerX: 0.5341578327444052
centerY: 0.13906718014548566
width: 0.027090694935217905
height: 0.026529738981600343
Area: 0.00029610208692750867
CentroidX: 0.5482
CentroidY: 0.1534
