Location: 2025-04-18_221131-1.png_Gaussian-Closing.png
Component: component_1745011847327_546.png
centerX: 0.45288574793875147
centerY: 0.6683782627299957
width: 0.024734982332155476
height: 0.02396234488660676
Area: 0.00024746574413856467
CentroidX: 0.4655
CentroidY: 0.6805
