Location: 2025-04-18_221131-1.png_Mean-Closing.png
Component: component_1745011847528_443.png
centerX: 0.4829210836277974
centerY: 0.5549850235344459
width: 0.02944640753828033
height: 0.023106546854942234
Area: 0.0002507417672279754
CentroidX: 0.4985
CentroidY: 0.5667
