Location: 2025-04-18_221131-1.png_Gaussian-Closing.png
Component: component_1745011847316_500.png
centerX: 0.7985865724381626
centerY: 0.6213093709884467
width: 0.028268551236749116
height: 0.024390243902439025
Area: 0.00024822174946689026
CentroidX: 0.8145
CentroidY: 0.6329
