Location: 2025-04-18_221155-1.png_Gaussian-Closing.png
Component: component_1745011848132_326.png
centerX: 0.8851590106007067
centerY: 0.5117672229353872
width: 0.037102473498233215
height: 0.022250748823277707
Area: 0.00036036253983518077
CentroidX: 0.9051
CentroidY: 0.5232
