Location: 2025-04-18_221155-1.png_Gaussian-Closing.png
Component: component_1745011847962_59.png
centerX: 0.5288574793875147
centerY: 0.06290115532734275
width: 0.04181389870435807
height: 0.02396234488660676
Area: 0.0004309230371455658
CentroidX: 0.5497
CentroidY: 0.0763
