Location: 2025-04-18_221155-1.png_Gaussian-Closing.png
Component: component_1745011847955_34.png
centerX: 0.5111896348645465
centerY: 0.024818142918271287
width: 0.03828032979976443
height: 0.023106546854942234
Area: 0.00038909074231155183
CentroidX: 0.5314
CentroidY: 0.0368
