Location: 2025-04-18_221131-1.png_Gaussian-Closing.png
Component: component_1745011847244_319.png
centerX: 0.3492343934040047
centerY: 0.38596491228070173
width: 0.028857479387514724
height: 0.0235344458707745
Area: 0.0002565378080784713
CentroidX: 0.3653
CentroidY: 0.3971
