Location: 2025-04-18_221155-1.png_Gaussian-Closing.png
Component: component_1745011848206_567.png
centerX: 0.09540636042402827
centerY: 0.8275566966195977
width: 0.03651354534746761
height: 0.025246041934103552
Area: 0.0003472584474775378
CentroidX: 0.1140
CentroidY: 0.8413
