Location: 2025-04-18_221155-1.png_Gaussian-Closing.png
Component: component_1745011847991_103.png
centerX: 0.8056537102473498
centerY: 0.14933675652546
width: 0.039458186101295645
height: 0.0235344458707745
Area: 0.0004740153408601224
CentroidX: 0.8247
CentroidY: 0.1622
