Location: 2025-04-18_221155-1.png_Gaussian-Median.png
Component: component_1745011848391_491.png
centerX: 0.7950530035335689
centerY: 0.7428326914848096
width: 0.030035335689045935
height: 0.024818142918271287
Area: 0.000307946170404609
CentroidX: 0.8107
CentroidY: 0.7558
