Location: 2025-04-18_221131-1.png_Gaussian-Closing.png
Component: component_1745011847330_563.png
centerX: 0.16195524146054183
centerY: 0.676936243046641
width: 0.03297997644287397
height: 0.023106546854942234
Area: 0.00028753402653981905
CentroidX: 0.1782
CentroidY: 0.6898
