Location: 2025-04-18_221131-1.png_Mean-Closing.png
Component: component_1745011847717_687.png
centerX: 0.6101295641931684
centerY: 0.8228498074454429
width: 0.027090694935217905
height: 0.025246041934103552
Area: 0.00023310164290037916
CentroidX: 0.6244
CentroidY: 0.8362
