Location: 2025-04-18_221131-1.png_Gaussian-Closing.png
Component: component_1745011847274_391.png
centerX: 0.1772673733804476
centerY: 0.47325631151048353
width: 0.034746760895170786
height: 0.025673940949935817
Area: 0.000293834070942532
CentroidX: 0.1962
CentroidY: 0.4856
