Location: 2025-04-18_221131-1.png_Gaussian-Closing.png
Component: component_1745011847313_483.png
centerX: 0.16784452296819788
centerY: 0.5947796320068464
width: 0.02237926972909305
height: 0.02610183996576808
Area: 0.0002351176571092473
CentroidX: 0.1794
CentroidY: 0.6086
