Location: 2025-04-18_221131-1.png_Gaussian-Closing.png
Component: component_1745011847390_825.png
centerX: 0.7956419316843345
centerY: 0.9777492511767223
width: 0.028268551236749116
height: 0.022250748823277707
Area: 0.00021596552212499993
CentroidX: 0.8081
CentroidY: 0.9899
