Location: 2025-04-18_221131-1.png_Mean-Closing.png
Component: component_1745011847544_504.png
centerX: 0.5353356890459364
centerY: 0.6260162601626016
width: 0.026501766784452298
height: 0.0235344458707745
Area: 0.00022906961448264287
CentroidX: 0.5491
CentroidY: 0.6379
