Location: 2025-04-18_221131-1.png_Mean-Closing.png
Component: component_1745011847906_844.png
centerX: 0.6790341578327445
centerY: 0.9816003423192127
width: 0.026501766784452298
height: 0.018399657680787333
Area: 0.00018547330721586924
CentroidX: 0.6909
CentroidY: 0.9909
