Location: 2025-04-18_221155-1.png_Gaussian-Closing.png
Component: component_1745011848133_330.png
centerX: 0.07891637220259129
centerY: 0.5455712451861361
width: 0.03356890459363958
height: 0.02396234488660676
Area: 0.0003444864279403441
CentroidX: 0.0965
CentroidY: 0.5585
