Location: 2025-04-18_221155-1.png_Gaussian-Median.png
Component: component_1745011848285_95.png
centerX: 0.9699646643109541
centerY: 0.1480530594779632
width: 0.026501766784452298
height: 0.02738553701326487
Area: 0.0003638905647007
CentroidX: 0.9840
CentroidY: 0.1623
