Location: 2025-04-18_221131-1.png_Gaussian-Closing.png
Component: component_1745011847211_165.png
centerX: 0.8875147232037691
centerY: 0.20881471972614463
width: 0.03121319199057715
height: 0.025673940949935817
Area: 0.0002885420336442531
CentroidX: 0.9046
CentroidY: 0.2218
