Location: 2025-04-18_221131-1.png_Gaussian-Closing.png
Component: component_1745011847174_13.png
centerX: 0.5270906949352179
centerY: 0.009841677364142062
width: 0.03121319199057715
height: 0.02738553701326487
Area: 0.0003507864723430571
CentroidX: 0.5432
CentroidY: 0.0243
