Location: 2025-04-18_221155-1.png_Gaussian-Closing.png
Component: component_1745011848010_166.png
centerX: 0.30742049469964666
centerY: 0.24860932819854514
width: 0.032391048292108364
height: 0.024818142918271287
Area: 0.0003467544439253208
CentroidX: 0.3249
CentroidY: 0.2615
