Location: 2025-04-18_221155-1.png_Gaussian-Median.png
Component: component_1745011848379_424.png
centerX: 0.38103651354534745
centerY: 0.668806161745828
width: 0.02767962308598351
height: 0.023106546854942234
Area: 0.00027720195371936984
CentroidX: 0.3945
CentroidY: 0.6812
