Location: 2025-04-18_221131-1.png_Gaussian-Closing.png
Component: component_1745011847247_335.png
centerX: 0.7426383981154299
centerY: 0.4146341463414634
width: 0.024146054181389872
height: 0.02396234488660676
Area: 0.0002565378080784713
CentroidX: 0.7546
CentroidY: 0.4273
