Location: 2025-04-18_221155-1.png_Gaussian-Closing.png
Component: component_1745011848179_467.png
centerX: 0.3669022379269729
centerY: 0.7043217800599059
width: 0.035924617196702
height: 0.025673940949935817
Area: 0.00033793438176152264
CentroidX: 0.3858
CentroidY: 0.7181
