Location: 2025-04-18_221131-1.png_Gaussian-Closing.png
Component: component_1745011847249_348.png
centerX: 0.04299175500588928
centerY: 0.42533162173727
width: 0.01884570082449941
height: 0.028241335044929396
Area: 0.00026359385780950985
CentroidX: 0.0519
CentroidY: 0.4405
