Location: 2025-04-18_221155-1.png_Gaussian-Closing.png
Component: component_1745011848147_360.png
centerX: 0.17432273262661954
centerY: 0.5934959349593496
width: 0.030624263839811542
height: 0.024818142918271287
Area: 0.00031727023612062417
CentroidX: 0.1909
CentroidY: 0.6061
