Location: 2025-04-18_221131-1.png_Mean-Closing.png
Component: component_1745011847848_732.png
centerX: 0.46996466431095407
centerY: 0.8613607188703466
width: 0.02237926972909305
height: 0.024818142918271287
Area: 0.000209665477722287
CentroidX: 0.4817
CentroidY: 0.8743
