Location: 2025-04-18_221131-1.png_Gaussian-Closing.png
Component: component_1745011847375_752.png
centerX: 0.13074204946996468
centerY: 0.8699186991869918
width: 0.028857479387514724
height: 0.024818142918271287
Area: 0.00023587366243757286
CentroidX: 0.1465
CentroidY: 0.8826
