Location: 2025-04-18_221155-1.png_Gaussian-Median.png
Component: component_1745011848326_188.png
centerX: 0.8610129564193169
centerY: 0.2982456140350877
width: 0.034746760895170786
height: 0.022250748823277707
Area: 0.0003265943018366393
CentroidX: 0.8793
CentroidY: 0.3099
