Location: 2025-04-18_221131-1.png_Gaussian-Closing.png
Component: component_1745011847346_634.png
centerX: 0.038869257950530034
centerY: 0.756525459991442
width: 0.025323910482921083
height: 0.03080872913992298
Area: 0.0002867780212114935
CentroidX: 0.0519
CentroidY: 0.7730
