Location: 2025-04-18_221131-1.png_Mean-Closing.png
Component: component_1745011847475_216.png
centerX: 0.2043580683156655
centerY: 0.2640136927685066
width: 0.030035335689045935
height: 0.02781343602909713
Area: 0.0002908100496292298
CentroidX: 0.2203
CentroidY: 0.2787
