Location: 2025-04-18_221155-1.png_Gaussian-Closing.png
Component: component_1745011847991_101.png
centerX: 0.7597173144876325
centerY: 0.14848095849379547
width: 0.04299175500588928
height: 0.025246041934103552
Area: 0.00044982317035370463
CentroidX: 0.7826
CentroidY: 0.1612
