Location: 2025-04-18_221131-1.png_Gaussian-Closing.png
Component: component_1745011847261_373.png
centerX: 0.6348645465253239
centerY: 0.4617030380830124
width: 0.030624263839811542
height: 0.024818142918271287
Area: 0.0002895500407486872
CentroidX: 0.6507
CentroidY: 0.4747
