Location: 2025-04-18_221131-1.png_Gaussian-Closing.png
Component: component_1745011847387_815.png
centerX: 0.5871613663133097
centerY: 0.9439452289259734
width: 0.03356890459363958
height: 0.023106546854942234
Area: 0.00027115391109276536
CentroidX: 0.6056
CentroidY: 0.9552
