Location: 2025-04-18_221155-1.png_Gaussian-Median.png
Component: component_1745011848409_572.png
centerX: 0.8816254416961131
centerY: 0.8549422336328626
width: 0.028857479387514724
height: 0.026957637997432605
Area: 0.0003258382965083138
CentroidX: 0.8963
CentroidY: 0.8693
