Location: 2025-04-18_221131-1.png_Gaussian-Closing.png
Component: component_1745011847207_144.png
centerX: 0.5235571260306242
centerY: 0.17800599058622166
width: 0.030035335689045935
height: 0.025673940949935817
Area: 0.00030567815441963234
CentroidX: 0.5398
CentroidY: 0.1911
