Location: 2025-04-18_221155-1.png_Gaussian-Closing.png
Component: component_1745011848088_223.png
centerX: 0.045936395759717315
centerY: 0.3756953359007274
width: 0.034746760895170786
height: 0.026957637997432605
Area: 0.0003797666765955366
CentroidX: 0.0630
CentroidY: 0.3907
