Location: 2025-04-18_221155-1.png_Gaussian-Median.png
Component: component_1745011848520_672.png
centerX: 0.15488810365135453
centerY: 0.9443731279418057
width: 0.028857479387514724
height: 0.02738553701326487
Area: 0.00030341013843465566
CentroidX: 0.1698
CentroidY: 0.9586
