Location: 2025-04-18_221155-1.png_Gaussian-Closing.png
Component: component_1745011848186_491.png
centerX: 0.3957597173144876
centerY: 0.7419768934531451
width: 0.03415783274440518
height: 0.026529738981600343
Area: 0.0003638905647007
CentroidX: 0.4119
CentroidY: 0.7566
