Location: 2025-04-18_221131-1.png_Mean-Closing.png
Component: component_1745011847483_251.png
centerX: 0.143698468786808
centerY: 0.3102267864783911
width: 0.04122497055359246
height: 0.025246041934103552
Area: 0.00035028246879084
CentroidX: 0.1664
CentroidY: 0.3229
