Location: 2025-04-18_221131-1.png_Gaussian-Closing.png
Component: component_1745011847304_436.png
centerX: 0.6336866902237926
centerY: 0.5459991442019684
width: 0.03180212014134275
height: 0.022250748823277707
Area: 0.0002867780212114935
CentroidX: 0.6491
CentroidY: 0.5574
