Location: 2025-04-18_221155-1.png_Gaussian-Median.png
Component: component_1745011848324_178.png
centerX: 0.38987043580683156
centerY: 0.2952503209242619
width: 0.030035335689045935
height: 0.025246041934103552
Area: 0.0003480144528058634
CentroidX: 0.4053
CentroidY: 0.3085
