Location: 2025-04-18_221131-1.png_Mean-Closing.png
Component: component_1745011847588_636.png
centerX: 0.08480565371024736
centerY: 0.7582370560547711
width: 0.027090694935217905
height: 0.02781343602909713
Area: 0.0002535137867651691
CentroidX: 0.0996
CentroidY: 0.7719
