Location: 2025-04-18_221155-1.png_Gaussian-Closing.png
Component: component_1745011848081_215.png
centerX: 0.7208480565371025
centerY: 0.3384681215233205
width: 0.030624263839811542
height: 0.024390243902439025
Area: 0.00034902245991029745
CentroidX: 0.7362
CentroidY: 0.3514
