Location: 2025-04-18_221155-1.png_Gaussian-Closing.png
Component: component_1745011848242_697.png
centerX: 0.16313309776207302
centerY: 0.9798887462558836
width: 0.02591283863368669
height: 0.02011125374411639
Area: 0.00020815346706563588
CentroidX: 0.1747
CentroidY: 0.9907
