Location: 2025-04-18_221155-1.png_Gaussian-Median.png
Component: component_1745011848397_520.png
centerX: 0.8739693757361602
centerY: 0.7804878048780488
width: 0.030035335689045935
height: 0.025246041934103552
Area: 0.0003122302005984538
CentroidX: 0.8893
CentroidY: 0.7936
