Location: 2025-04-18_221131-1.png_Gaussian-Closing.png
Component: component_1745011847248_341.png
centerX: 0.5871613663133097
centerY: 0.417201540436457
width: 0.028857479387514724
height: 0.023106546854942234
Area: 0.00023612566421368138
CentroidX: 0.6025
CentroidY: 0.4293
