Location: 2025-04-18_221131-1.png_Gaussian-Closing.png
Component: component_1745011847379_771.png
centerX: 0.42638398115429915
centerY: 0.9024390243902439
width: 0.02591283863368669
height: 0.02610183996576808
Area: 0.00024040969440752619
CentroidX: 0.4394
CentroidY: 0.9166
