Location: 2025-04-18_221131-1.png_Mean-Closing.png
Component: component_1745011847541_498.png
centerX: 0.7173144876325088
centerY: 0.6230209670517758
width: 0.02944640753828033
height: 0.023106546854942234
Area: 0.0002643498631378354
CentroidX: 0.7331
CentroidY: 0.6348
