Location: 2025-04-18_221155-1.png_Gaussian-Closing.png
Component: component_1745011848187_495.png
centerX: 0.8292108362779741
centerY: 0.7432605905006419
width: 0.03180212014134275
height: 0.02396234488660676
Area: 0.00032533429295609676
CentroidX: 0.8451
CentroidY: 0.7559
