Location: 2025-04-18_221131-1.png_Gaussian-Closing.png
Component: component_1745011847199_129.png
centerX: 0.08480565371024736
centerY: 0.14976465554129226
width: 0.03356890459363958
height: 0.026529738981600343
Area: 0.00032256227341890306
CentroidX: 0.1023
CentroidY: 0.1641
