Location: 2025-04-18_221155-1.png_Gaussian-Closing.png
Component: component_1745011848211_594.png
centerX: 0.06419316843345112
centerY: 0.865211810012837
width: 0.02944640753828033
height: 0.02610183996576808
Area: 0.0003286103160455075
CentroidX: 0.0793
CentroidY: 0.8795
