Location: 2025-04-18_221155-1.png_Gaussian-Median.png
Component: component_1745011848401_540.png
centerX: 0.8221436984687868
centerY: 0.819854514334617
width: 0.03415783274440518
height: 0.024818142918271287
Area: 0.00032004225565781787
CentroidX: 0.8403
CentroidY: 0.8328
