Location: 2025-04-18_221155-1.png_Gaussian-Closing.png
Component: component_1745011848173_431.png
centerX: 0.7455830388692579
centerY: 0.668806161745828
width: 0.02944640753828033
height: 0.023106546854942234
Area: 0.000294338074494749
CentroidX: 0.7608
CentroidY: 0.6811
