Location: 2025-04-18_221131-1.png_Mean-Closing.png
Component: component_1745011847455_141.png
centerX: 0.5535924617196702
centerY: 0.17800599058622166
width: 0.03415783274440518
height: 0.0235344458707745
Area: 0.0003129862059267794
CentroidX: 0.5720
CentroidY: 0.1901
