Location: 2025-04-18_221155-1.png_Gaussian-Median.png
Component: component_1745011848403_548.png
centerX: 0.3992932862190813
centerY: 0.8224219084296106
width: 0.034746760895170786
height: 0.025246041934103552
Area: 0.00032810631249329046
CentroidX: 0.4187
CentroidY: 0.8348
