Location: 2025-04-18_221155-1.png_Gaussian-Median.png
Component: component_1745011848358_326.png
centerX: 0.1154299175500589
centerY: 0.5455712451861361
width: 0.030624263839811542
height: 0.02396234488660676
Area: 0.00033617036932876305
CentroidX: 0.1299
CentroidY: 0.5588
