Location: 2025-04-18_221131-1.png_Gaussian-Closing.png
Component: component_1745011847372_738.png
centerX: 0.36101295641931685
centerY: 0.8639281129653402
width: 0.03121319199057715
height: 0.02396234488660676
Area: 0.00024292971216861137
CentroidX: 0.3777
CentroidY: 0.8764
