Location: 2025-04-18_221131-1.png_Gaussian-Closing.png
Component: component_1745011847209_152.png
centerX: 0.42579505300353354
centerY: 0.1822849807445443
width: 0.03180212014134275
height: 0.0235344458707745
Area: 0.0003054261526435238
CentroidX: 0.4426
CentroidY: 0.1944
