Location: 2025-04-18_221155-1.png_Gaussian-Closing.png
Component: component_1745011848196_535.png
centerX: 0.06831566548881036
centerY: 0.785622593068036
width: 0.03651354534746761
height: 0.02866923406076166
Area: 0.0003495264634625145
CentroidX: 0.0868
CentroidY: 0.8008
