Location: 2025-04-18_221131-1.png_Mean-Closing.png
Component: component_1745011847444_98.png
centerX: 0.9564193168433451
centerY: 0.1339323919554985
width: 0.02944640753828033
height: 0.024818142918271287
Area: 0.0002852660105548424
CentroidX: 0.9730
CentroidY: 0.1459
