Location: 2025-04-18_221131-1.png_Mean-Closing.png
Component: component_1745011847433_51.png
centerX: 0.541813898704358
centerY: 0.05562687205819426
width: 0.03180212014134275
height: 0.02396234488660676
Area: 0.00031701823434451566
CentroidX: 0.5583
CentroidY: 0.0682
