Location: 2025-04-18_221131-1.png_Mean-Closing.png
Component: component_1745011847559_539.png
centerX: 0.5918727915194346
centerY: 0.6653829696191699
width: 0.025323910482921083
height: 0.02610183996576808
Area: 0.000237889676646441
CentroidX: 0.6049
CentroidY: 0.6792
