Location: 2025-04-18_221131-1.png_Gaussian-Closing.png
Component: component_1745011847220_216.png
centerX: 0.3027090694935218
centerY: 0.2610183996576808
width: 0.025323910482921083
height: 0.02781343602909713
Area: 0.00025855382228733947
CentroidX: 0.3160
CentroidY: 0.2756
