Location: 2025-04-18_221131-1.png_Mean-Closing.png
Component: component_1745011847446_109.png
centerX: 0.4717314487632509
centerY: 0.1399229781771502
width: 0.030035335689045935
height: 0.02610183996576808
Area: 0.00029610208692750867
CentroidX: 0.4874
CentroidY: 0.1534
