Location: 2025-04-18_221131-1.png_Gaussian-Closing.png
Component: component_1745011847176_26.png
centerX: 0.25323910482921086
centerY: 0.014120667522464698
width: 0.0353356890459364
height: 0.029097133076593923
Area: 0.0003270983053888564
CentroidX: 0.2719
CentroidY: 0.0297
