Location: 2025-04-18_221131-1.png_Mean-Closing.png
Component: component_1745011847545_506.png
centerX: 0.5895170789163722
centerY: 0.6268720581942662
width: 0.02944640753828033
height: 0.022250748823277707
Area: 0.0002615778436006417
CentroidX: 0.6058
CentroidY: 0.6378
