Location: 2025-04-18_221131-1.png_Gaussian-Closing.png
Component: component_1745011847347_641.png
centerX: 0.9546525323910483
centerY: 0.7715019255455713
width: 0.02237926972909305
height: 0.0235344458707745
Area: 0.000223777577184364
CentroidX: 0.9666
CentroidY: 0.7835
