Location: 2025-04-18_221155-1.png_Gaussian-Median.png
Component: component_1745011848284_90.png
centerX: 0.15429917550058891
centerY: 0.11253744116388532
width: 0.038869257950530034
height: 0.026529738981600343
Area: 0.0004069828684152566
CentroidX: 0.1745
CentroidY: 0.1259
