Location: 2025-04-18_221131-1.png_Gaussian-Closing.png
Component: component_1745011847323_523.png
centerX: 0.3651354534746761
centerY: 0.6328626444159179
width: 0.03356890459363958
height: 0.026529738981600343
Area: 0.00028022597503267205
CentroidX: 0.3832
CentroidY: 0.6458
