Location: 2025-04-18_221131-1.png_Gaussian-Closing.png
Component: component_1745011847186_66.png
centerX: 0.1425206124852768
centerY: 0.06161745827984596
width: 0.03356890459363958
height: 0.02866923406076166
Area: 0.0003507864723430571
CentroidX: 0.1604
CentroidY: 0.0766
