Location: 2025-04-18_221131-1.png_Mean-Closing.png
Component: component_1745011847442_90.png
centerX: 0.22732626619552415
centerY: 0.10355156183140779
width: 0.03121319199057715
height: 0.028241335044929396
Area: 0.00033516236222432894
CentroidX: 0.2441
CentroidY: 0.1188
