Location: 2025-04-18_221155-1.png_Gaussian-Closing.png
Component: component_1745011847954_27.png
centerX: 0.09952885747938751
centerY: 0.024390243902439025
width: 0.03180212014134275
height: 0.030380830124090714
Area: 0.0003724586250883896
CentroidX: 0.1156
CentroidY: 0.0410
