Location: 2025-04-18_221131-1.png_Mean-Closing.png
Component: component_1745011847459_161.png
centerX: 0.8875147232037691
centerY: 0.20881471972614463
width: 0.03121319199057715
height: 0.025673940949935817
Area: 0.0002882900318681446
CentroidX: 0.9046
CentroidY: 0.2218
