Location: 2025-04-18_221155-1.png_Gaussian-Median.png
Component: component_1745011848395_512.png
centerX: 0.5871613663133097
centerY: 0.7796320068463842
width: 0.03180212014134275
height: 0.025673940949935817
Area: 0.00033314634801546084
CentroidX: 0.6031
CentroidY: 0.7931
