Location: 2025-04-18_221131-1.png_Mean-Closing.png
Component: component_1745011847890_814.png
centerX: 0.12073027090694935
centerY: 0.9460847240051348
width: 0.02944640753828033
height: 0.023106546854942234
Area: 0.00024973376012354134
CentroidX: 0.1349
CentroidY: 0.9584
