Location: 2025-04-18_221155-1.png_Gaussian-Closing.png
Component: component_1745011848165_418.png
centerX: 0.5512367491166078
centerY: 0.6658108686350022
width: 0.03180212014134275
height: 0.02396234488660676
Area: 0.00030870217573293455
CentroidX: 0.5675
CentroidY: 0.6782
