Location: 2025-04-18_221131-1.png_Mean-Closing.png
Component: component_1745011847456_143.png
centerX: 0.4587750294464075
centerY: 0.18057338468121523
width: 0.03356890459363958
height: 0.024390243902439025
Area: 0.0003243262858516627
CentroidX: 0.4765
CentroidY: 0.1937
