Location: 2025-04-18_221155-1.png_Gaussian-Median.png
Component: component_1745011848510_660.png
centerX: 0.5730270906949352
centerY: 0.938382541720154
width: 0.032391048292108364
height: 0.025246041934103552
Area: 0.00032205826986668603
CentroidX: 0.5895
CentroidY: 0.9519
