Location: 2025-04-18_221131-1.png_Mean-Closing.png
Component: component_1745011847864_765.png
centerX: 0.3739693757361602
centerY: 0.9020111253744116
width: 0.028268551236749116
height: 0.025673940949935817
Area: 0.00023738567309422397
CentroidX: 0.3884
CentroidY: 0.9154
