Location: 2025-04-18_221131-1.png_Gaussian-Closing.png
Component: component_1745011847174_14.png
centerX: 0.555359246171967
centerY: 0.009413778348309799
width: 0.028268551236749116
height: 0.025673940949935817
Area: 0.00032508229117998825
CentroidX: 0.5696
CentroidY: 0.0231
