Location: 2025-04-18_221155-1.png_Gaussian-Median.png
Component: component_1745011848390_482.png
centerX: 0.6101295641931684
centerY: 0.7402652973898161
width: 0.04004711425206125
height: 0.024818142918271287
Area: 0.0003722066233122811
CentroidX: 0.6326
CentroidY: 0.7524
