Location: 2025-04-18_221131-1.png_Gaussian-Closing.png
Component: component_1745011847315_493.png
centerX: 0.2061248527679623
centerY: 0.5969191270860077
width: 0.028268551236749116
height: 0.025673940949935817
Area: 0.00026510586846616093
CentroidX: 0.2214
CentroidY: 0.6100
