Location: 2025-04-18_221131-1.png_Gaussian-Closing.png
Component: component_1745011847344_622.png
centerX: 0.41460541813898705
centerY: 0.7513906718014548
width: 0.027090694935217905
height: 0.025673940949935817
Area: 0.00022654959672155768
CentroidX: 0.4291
CentroidY: 0.7642
