Location: 2025-04-18_221131-1.png_Mean-Closing.png
Component: component_1745011847515_390.png
centerX: 0.9611307420494699
centerY: 0.4933675652545999
width: 0.020023557126030624
height: 0.024818142918271287
Area: 0.00023889768375087508
CentroidX: 0.9725
CentroidY: 0.5053
