Location: 2025-04-18_221155-1.png_Gaussian-Closing.png
Component: component_1745011848094_247.png
centerX: 0.41401648998822144
centerY: 0.378262729995721
width: 0.03180212014134275
height: 0.024390243902439025
Area: 0.000314750218359539
CentroidX: 0.4312
CentroidY: 0.3908
