Location: 2025-04-18_221131-1.png_Mean-Closing.png
Component: component_1745011847515_388.png
centerX: 0.30683156654888105
centerY: 0.47368421052631576
width: 0.024734982332155476
height: 0.022250748823277707
Area: 0.00019530137648410145
CentroidX: 0.3206
CentroidY: 0.4849
