Location: 2025-04-18_221131-1.png_Gaussian-Closing.png
Component: component_1745011847235_273.png
centerX: 0.5789163722025913
centerY: 0.3337612323491656
width: 0.028857479387514724
height: 0.0235344458707745
Area: 0.00023965368907920062
CentroidX: 0.5949
CentroidY: 0.3455
