Location: 2025-04-18_221131-1.png_Mean-Closing.png
Component: component_1745011847582_631.png
centerX: 0.13250883392226148
centerY: 0.756525459991442
width: 0.028268551236749116
height: 0.025673940949935817
Area: 0.0002545217938696032
CentroidX: 0.1470
CentroidY: 0.7700
