Location: 2025-04-18_221155-1.png_Gaussian-Closing.png
Component: component_1745011847991_105.png
centerX: 0.8839811542991755
centerY: 0.14890885750962773
width: 0.04004711425206125
height: 0.026957637997432605
Area: 0.0004490671650253791
CentroidX: 0.9051
CentroidY: 0.1626
