Location: 2025-04-18_221155-1.png_Gaussian-Median.png
Component: component_1745011848386_463.png
centerX: 0.33568904593639576
centerY: 0.7047496790757382
width: 0.03356890459363958
height: 0.025246041934103552
Area: 0.00032760230894107343
CentroidX: 0.3530
CentroidY: 0.7187
