Location: 2025-04-18_221131-1.png_Gaussian-Closing.png
Component: component_1745011847198_118.png
centerX: 0.4045936395759717
centerY: 0.14163457424047926
width: 0.03651354534746761
height: 0.024818142918271287
Area: 0.0003366743728809801
CentroidX: 0.4236
CentroidY: 0.1551
