Location: 2025-04-18_221131-1.png_Mean-Closing.png
Component: component_1745011847439_72.png
centerX: 0.6513545347467609
centerY: 0.09242618741976893
width: 0.03356890459363958
height: 0.02995293110825845
Area: 0.0003507864723430571
CentroidX: 0.6693
CentroidY: 0.1087
