Location: 2025-04-18_221131-1.png_Gaussian-Closing.png
Component: component_1745011847179_41.png
centerX: 0.6613663133097762
centerY: 0.051347881899871634
width: 0.03121319199057715
height: 0.025673940949935817
Area: 0.0003240742840755542
CentroidX: 0.6771
CentroidY: 0.0652
