Location: 2025-04-18_221131-1.png_Mean-Closing.png
Component: component_1745011847487_258.png
centerX: 0.9228504122497055
centerY: 0.3256311510483526
width: 0.0353356890459364
height: 0.026957637997432605
Area: 0.000314750218359539
CentroidX: 0.9426
CentroidY: 0.3396
