Location: 2025-04-18_221155-1.png_Gaussian-Median.png
Component: component_1745011848500_652.png
centerX: 0.6018845700824499
centerY: 0.9353872486093282
width: 0.030624263839811542
height: 0.02866923406076166
Area: 0.00033037432847826713
CentroidX: 0.6178
CentroidY: 0.9508
