Location: 2025-04-18_221155-1.png_Gaussian-Closing.png
Component: component_1745011848159_391.png
centerX: 0.39870435806831567
centerY: 0.631578947368421
width: 0.028857479387514724
height: 0.024390243902439025
Area: 0.00030996218461347717
CentroidX: 0.4124
CentroidY: 0.6454
