Location: 2025-04-18_221155-1.png_Gaussian-Median.png
Component: component_1745011848318_162.png
centerX: 0.2326266195524146
centerY: 0.24946512623020967
width: 0.03415783274440518
height: 0.024818142918271287
Area: 0.0003719546215361726
CentroidX: 0.2500
CentroidY: 0.2628
