Location: 2025-04-18_221155-1.png_Gaussian-Closing.png
Component: component_1745011848122_292.png
centerX: 0.657243816254417
centerY: 0.46940522036799315
width: 0.037102473498233215
height: 0.02267864783910997
Area: 0.00037019060910341295
CentroidX: 0.6763
CentroidY: 0.4818
