Location: 2025-04-18_221131-1.png_Mean-Closing.png
Component: component_1745011847522_420.png
centerX: 0.17255594817432274
centerY: 0.5134788189987163
width: 0.03180212014134275
height: 0.024390243902439025
Area: 0.00027669795016715276
CentroidX: 0.1897
CentroidY: 0.5255
