Location: 2025-04-18_221155-1.png_Gaussian-Closing.png
Component: component_1745011848158_385.png
centerX: 0.78150765606596
centerY: 0.6302952503209243
width: 0.030035335689045935
height: 0.025673940949935817
Area: 0.00031248220237456236
CentroidX: 0.7979
CentroidY: 0.6429
