Location: 2025-04-18_221155-1.png_Gaussian-Closing.png
Component: component_1745011847996_123.png
centerX: 0.16136631330977622
centerY: 0.15789473684210525
width: 0.04888103651354535
height: 0.02396234488660676
Area: 0.00047527534974066497
CentroidX: 0.1862
CentroidY: 0.1709
