Location: 2025-04-18_221155-1.png_Gaussian-Median.png
Component: component_1745011848354_304.png
centerX: 0.32744405182567726
centerY: 0.5062045357295678
width: 0.032391048292108364
height: 0.0235344458707745
Area: 0.000342974417283693
CentroidX: 0.3445
CentroidY: 0.5190
