Location: 2025-04-18_221155-1.png_Gaussian-Median.png
Component: component_1745011848292_104.png
centerX: 0.24852767962308597
centerY: 0.15190415062045357
width: 0.039458186101295645
height: 0.026957637997432605
Area: 0.00042462299274285286
CentroidX: 0.2695
CentroidY: 0.1660
