Location: 2025-04-18_221155-1.png_Gaussian-Closing.png
Component: component_1745011848120_283.png
centerX: 0.2962308598351001
centerY: 0.46555412922550277
width: 0.03297997644287397
height: 0.0235344458707745
Area: 0.0003505344705669486
CentroidX: 0.3123
CentroidY: 0.4786
