Location: 2025-04-18_221131-1.png_Gaussian-Closing.png
Component: component_1745011847242_306.png
centerX: 0.6124852767962309
centerY: 0.37441163885323064
width: 0.030035335689045935
height: 0.024390243902439025
Area: 0.0002540177903173862
CentroidX: 0.6291
CentroidY: 0.3863
