Location: 2025-04-18_221131-1.png_Gaussian-Closing.png
Component: component_1745011847180_44.png
centerX: 0.9193168433451119
centerY: 0.051775780915703895
width: 0.03180212014134275
height: 0.023106546854942234
Area: 0.0003018981277780046
CentroidX: 0.9360
CentroidY: 0.0638
