Location: 2025-04-18_221131-1.png_Gaussian-Closing.png
Component: component_1745011847248_343.png
centerX: 0.5306242638398115
centerY: 0.4193410355156183
width: 0.03121319199057715
height: 0.02610183996576808
Area: 0.0002714059128688739
CentroidX: 0.5477
CentroidY: 0.4326
