Location: 2025-04-18_221131-1.png_Mean-Closing.png
Component: component_1745011847577_610.png
centerX: 0.6113074204946997
centerY: 0.7471116816431322
width: 0.02944640753828033
height: 0.025673940949935817
Area: 0.00024494572637747953
CentroidX: 0.6273
CentroidY: 0.7599
