Location: 2025-04-18_221131-1.png_Mean-Closing.png
Component: component_1745011847462_174.png
centerX: 0.4499411071849234
centerY: 0.21951219512195122
width: 0.03121319199057715
height: 0.025673940949935817
Area: 0.00028753402653981905
CentroidX: 0.4675
CentroidY: 0.2318
