Location: 2025-04-18_221131-1.png_Gaussian-Closing.png
Component: component_1745011847199_125.png
centerX: 0.1978798586572438
centerY: 0.1467693624304664
width: 0.027090694935217905
height: 0.024818142918271287
Area: 0.0002882900318681446
CentroidX: 0.2112
CentroidY: 0.1608
