Location: 2025-04-18_221131-1.png_Mean-Closing.png
Component: component_1745011847439_73.png
centerX: 0.7120141342756183
centerY: 0.0928540864356012
width: 0.03415783274440518
height: 0.02738553701326487
Area: 0.00033239034268713524
CentroidX: 0.7303
CentroidY: 0.1079
