Location: 2025-04-18_221131-1.png_Gaussian-Closing.png
Component: component_1745011847201_135.png
centerX: 0.7626619552414605
centerY: 0.17244330338040223
width: 0.03121319199057715
height: 0.022250748823277707
Area: 0.0003190342485533838
CentroidX: 0.7789
CentroidY: 0.1842
