Location: 2025-04-18_221131-1.png_Mean-Closing.png
Component: component_1745011847546_514.png
centerX: 0.11425206124852769
centerY: 0.6320068463842533
width: 0.05535924617196702
height: 0.030380830124090714
Area: 0.0006272324207341013
CentroidX: 0.1437
CentroidY: 0.6493
