Location: 2025-04-18_221131-1.png_Gaussian-Closing.png
Component: component_1745011847386_807.png
centerX: 0.2779740871613663
centerY: 0.943089430894309
width: 0.028268551236749116
height: 0.02738553701326487
Area: 0.00024444172282526245
CentroidX: 0.2928
CentroidY: 0.9565
