Location: 2025-04-18_221131-1.png_Gaussian-Closing.png
Component: component_1745011847322_513.png
centerX: 0.464075382803298
centerY: 0.6290115532734275
width: 0.02591283863368669
height: 0.025673940949935817
Area: 0.00024721374236245615
CentroidX: 0.4779
CentroidY: 0.6418
