Location: 2025-04-18_221155-1.png_Gaussian-Closing.png
Component: component_1745011848180_469.png
centerX: 0.24617196702002356
centerY: 0.7064612751390672
width: 0.03415783274440518
height: 0.025673940949935817
Area: 0.0003369263746570886
CentroidX: 0.2638
CentroidY: 0.7200
