Location: 2025-04-18_221155-1.png_Gaussian-Closing.png
Component: component_1745011848161_400.png
centerX: 0.8810365135453475
centerY: 0.6324347454000856
width: 0.032391048292108364
height: 0.023106546854942234
Area: 0.0003344063568960034
CentroidX: 0.8980
CentroidY: 0.6446
