Location: 2025-04-18_221131-1.png_Gaussian-Closing.png
Component: component_1745011847223_238.png
centerX: 0.6325088339222615
centerY: 0.2943945228925973
width: 0.030624263839811542
height: 0.024390243902439025
Area: 0.0002754379412866102
CentroidX: 0.6491
CentroidY: 0.3062
