Location: 2025-04-18_221131-1.png_Gaussian-Closing.png
Component: component_1745011847214_181.png
centerX: 0.3651354534746761
centerY: 0.2220795892169448
width: 0.02944640753828033
height: 0.024818142918271287
Area: 0.00028728202476371054
CentroidX: 0.3812
CentroidY: 0.2347
