Location: 2025-04-18_221155-1.png_Gaussian-Closing.png
Component: component_1745011848204_560.png
centerX: 0.21554770318021202
centerY: 0.8254172015404364
width: 0.03415783274440518
height: 0.029525032092426188
Area: 0.00035733851852187855
CentroidX: 0.2331
CentroidY: 0.8412
