Location: 2025-04-18_221131-1.png_Mean-Closing.png
Component: component_1745011847481_243.png
centerX: 0.39811542991755006
centerY: 0.3033804022250749
width: 0.03356890459363958
height: 0.0235344458707745
Area: 0.00030870217573293455
CentroidX: 0.4158
CentroidY: 0.3156
