Location: 2025-04-18_221131-1.png_Gaussian-Closing.png
Component: component_1745011847189_76.png
centerX: 0.8934040047114252
centerY: 0.09199828840393667
width: 0.03297997644287397
height: 0.0235344458707745
Area: 0.0002993781100169194
CentroidX: 0.9112
CentroidY: 0.1045
