Location: 2025-04-18_221155-1.png_Gaussian-Median.png
Component: component_1745011848364_361.png
centerX: 0.4199057714958775
centerY: 0.5943517329910141
width: 0.032391048292108364
height: 0.025246041934103552
Area: 0.000342470413731476
CentroidX: 0.4375
CentroidY: 0.6068
