Location: 2025-04-18_221131-1.png_Gaussian-Closing.png
Component: component_1745011847283_411.png
centerX: 0.3869257950530035
centerY: 0.5091998288403937
width: 0.030624263839811542
height: 0.026957637997432605
Area: 0.00027669795016715276
CentroidX: 0.4031
CentroidY: 0.5228
