Location: 2025-04-18_221131-1.png_Mean-Closing.png
Component: component_1745011847461_169.png
centerX: 0.588339222614841
centerY: 0.2139495079161318
width: 0.03121319199057715
height: 0.023106546854942234
Area: 0.0002968580922558342
CentroidX: 0.6050
CentroidY: 0.2263
