Location: 2025-04-18_221131-1.png_Mean-Closing.png
Component: component_1745011847866_773.png
centerX: 0.27208480565371024
centerY: 0.9045785194694053
width: 0.028857479387514724
height: 0.025673940949935817
Area: 0.00022478558428879806
CentroidX: 0.2881
CentroidY: 0.9172
