Location: Samociqulo_1709_page_10.png_Gaussian-Median.png
Component: component_1755610056249_2448.png
centerX: 0.3022113022113022
centerY: 0.58875
width: 0.022113022113022112
height: 0.0115625
Area: 0.00010580466830466831
CentroidX: 0.3123
CentroidY: 0.5938
