Location: Dedata_15.png_Gaussian-Median.png
Component: component_1755519780160_148.png
centerX: 0.95
centerY: 0.38387004844685096
width: 0.02943548387096774
height: 0.04189227700199487
Area: 0.00039230917732282887
CentroidX: 0.9636
CentroidY: 0.4035
