Location: Dedata_15.png_Gaussian-Median.png
Component: component_1755519780193_239.png
centerX: 0.375
centerY: 0.6651467654602451
width: 0.031048387096774193
height: 0.049586776859504134
Area: 0.00046734663859752343
CentroidX: 0.3903
CentroidY: 0.6886
