Location: Dedata_15.png_Gaussian-Closing.png
Component: component_1755519779573_40.png
centerX: 0.11451612903225807
centerY: 0.06925049871758336
width: 0.028225806451612902
height: 0.04132231404958678
Area: 0.00040736263433199425
CentroidX: 0.1302
CentroidY: 0.0882
