Location: Dedata_15.png_Gaussian-Median.png
Component: component_1755519780197_253.png
centerX: 0.6116935483870968
centerY: 0.7141635793673411
width: 0.031451612903225803
height: 0.04873183243089199
Area: 0.0004953851386756635
CentroidX: 0.6271
CentroidY: 0.7380
