Location: Dedata_15.png_Gaussian-Median.png
Component: component_1755519780161_150.png
centerX: 0.7524193548387097
centerY: 0.3861499002564833
width: 0.04314516129032258
height: 0.04987175833570818
Area: 0.0004911333989097161
CentroidX: 0.7735
CentroidY: 0.4099
