Location: Dedata_15.png_Gaussian-Closing.png
Component: component_1755519779612_77.png
centerX: 0.17459677419354838
centerY: 0.18210316329438586
width: 0.02943548387096774
height: 0.037902536335138216
Area: 0.00033588744150985026
CentroidX: 0.1892
CentroidY: 0.1992
