Location: Dedata_15.png_Gaussian-Closing.png
Component: component_1755519779543_11.png
centerX: 0.9233870967741935
centerY: 0.012254203476774009
width: 0.028629032258064516
height: 0.03277286976346538
Area: 0.0003386453267634378
CentroidX: 0.9363
CentroidY: 0.0279
