Location: Dedata_15.png_Mean-Closing.png
Component: component_1755519780061_282.png
centerX: 0.785483870967742
centerY: 0.8529495582787119
width: 0.03306451612903226
height: 0.050441721288116276
Area: 0.0005181376920177608
CentroidX: 0.8026
CentroidY: 0.8783
