Location: Dedata_15.png_Gaussian-Median.png
Component: component_1755519780164_162.png
centerX: 0.20806451612903226
centerY: 0.42177258478198915
width: 0.037096774193548385
height: 0.04645198062125962
Area: 0.0004169003208339845
CentroidX: 0.2269
CentroidY: 0.4457
