Location: Samociqulo_1709_page_10.png_Gaussian-Median.png
Component: component_1755610056086_338.png
centerX: 0.30073710073710075
centerY: 0.0459375
width: 0.036855036855036855
height: 0.0240625
Area: 0.00030804668304668304
CentroidX: 0.3186
CentroidY: 0.0573
