Location: Dedata_15.png_Otsu.png
Component: component_1755519779341_315.png
centerX: 0.3225806451612903
centerY: 0.8891422057566258
width: 0.03064516129032258
height: 0.0481618694784839
Area: 0.00039253900109396115
CentroidX: 0.3393
CentroidY: 0.9129
