Location: Dedata_15.png_Gaussian-Closing.png
Component: component_1755519779754_214.png
centerX: 0.5290322580645161
centerY: 0.5890567113137646
width: 0.031451612903225803
height: 0.050156739811912224
Area: 0.00045160371027496115
CentroidX: 0.5449
CentroidY: 0.6134
