Location: Dedata_15.png_Gaussian-Closing.png
Component: component_1755519779628_118.png
centerX: 0.2592741935483871
centerY: 0.30037047591906524
width: 0.03346774193548387
height: 0.04787688800227985
Area: 0.0003602487612498736
CentroidX: 0.2752
CentroidY: 0.3245
