Location: Dedata_15.png_Mean-Closing.png
Component: component_1755519780012_164.png
centerX: 0.9375
centerY: 0.43858649187802795
width: 0.03467741935483871
height: 0.04787688800227985
Area: 0.0005105535075703951
CentroidX: 0.9538
CentroidY: 0.4612
