Location: Dedata_15.png_Gaussian-Closing.png
Component: component_1755519779675_156.png
centerX: 0.4625
centerY: 0.4032487888287261
width: 0.031451612903225803
height: 0.04616699914505557
Area: 0.0004173599683762491
CentroidX: 0.4783
CentroidY: 0.4274
