Location: Dedata_15.png_Gaussian-Closing.png
Component: component_1755519779774_239.png
centerX: 0.25766129032258067
centerY: 0.6762610430322029
width: 0.03185483870967742
height: 0.0567113137646053
Area: 0.0004795272984675351
CentroidX: 0.2728
CentroidY: 0.7037
