Location: Dedata_15.png_Otsu.png
Component: component_1755519779287_45.png
centerX: 0.6919354838709677
centerY: 0.10914790538614991
width: 0.03024193548387097
height: 0.03590766600170989
Area: 0.00029773669550188915
CentroidX: 0.7056
CentroidY: 0.1242
