Location: Dedata_15.png_Gaussian-Closing.png
Component: component_1755519779766_228.png
centerX: 0.8403225806451613
centerY: 0.6318039327443716
width: 0.03185483870967742
height: 0.05129666571672841
Area: 0.0004697597881944125
CentroidX: 0.8558
CentroidY: 0.6565
