Location: Dedata_15.png_Gaussian-Closing.png
Component: component_1755519779613_81.png
centerX: 0.014919354838709677
centerY: 0.19293245939013964
width: 0.02661290322580645
height: 0.039897406668566546
Area: 0.00034829792515099424
CentroidX: 0.0280
CentroidY: 0.2109
