Location: Dedata_15.png_Mean-Closing.png
Component: component_1755519780040_241.png
centerX: 0.04879032258064516
centerY: 0.6896551724137931
width: 0.03588709677419355
height: 0.05728127671701339
Area: 0.0005158394543064378
CentroidX: 0.0643
CentroidY: 0.7169
