Location: Dedata_15.png_Gaussian-Median.png
Component: component_1755519780157_133.png
centerX: 0.6088709677419355
centerY: 0.33684810487318323
width: 0.028225806451612902
height: 0.04730692504987176
Area: 0.0004221862675700273
CentroidX: 0.6230
CentroidY: 0.3601
