Location: Dedata_15.png_Otsu.png
Component: component_1755519779317_209.png
centerX: 0.8548387096774194
centerY: 0.5032772869763465
width: 0.03306451612903226
height: 0.04673696209746366
Area: 0.0004044898371928405
CentroidX: 0.8710
CentroidY: 0.5273
