Location: Dedata_15.png_Mean-Closing.png
Component: component_1755519780030_216.png
centerX: 0.33548387096774196
centerY: 0.6024508406953548
width: 0.03306451612903226
height: 0.049016813907096037
Area: 0.0005048079132920876
CentroidX: 0.3509
CentroidY: 0.6252
