Location: Dedata_15.png_Mean-Closing.png
Component: component_1755519780002_136.png
centerX: 0.32620967741935486
centerY: 0.35081219720718154
width: 0.03467741935483871
height: 0.04645198062125962
Area: 0.0004941211079344358
CentroidX: 0.3455
CentroidY: 0.3739
