Location: Dedata_15.png_Gaussian-Closing.png
Component: component_1755519779627_115.png
centerX: 0.4536290322580645
centerY: 0.2878312909660872
width: 0.02943548387096774
height: 0.03875748076375036
Area: 0.00027636308478658564
CentroidX: 0.4676
CentroidY: 0.3071
