Location: Dedata_15.png_Otsu.png
Component: component_1755519779310_166.png
centerX: 0.4129032258064516
centerY: 0.40552864063835853
width: 0.03790322580645161
height: 0.04531205471644343
Area: 0.00035841017108081524
CentroidX: 0.4297
CentroidY: 0.4280
