Location: Dedata_15.png_Otsu.png
Component: component_1755519779275_5.png
centerX: 0.3629032258064516
centerY: 0.011399259048161869
width: 0.03064516129032258
height: 0.03163294385864919
Area: 0.0003035972016657627
CentroidX: 0.3787
CentroidY: 0.0256
