Location: Dedata_15.png_Otsu.png
Component: component_1755519779302_131.png
centerX: 0.05887096774193548
centerY: 0.31062980906241094
width: 0.02379032258064516
height: 0.050156739811912224
Area: 0.0003110664742275623
CentroidX: 0.0708
CentroidY: 0.3357
