Location: Dedata_15.png_Mean-Closing.png
Component: component_1755519779996_111.png
centerX: 0.5383064516129032
centerY: 0.28498147620404674
width: 0.02903225806451613
height: 0.04132231404958678
Area: 0.000320144513187288
CentroidX: 0.5538
CentroidY: 0.3061
