Location: Dedata_15.png_Gaussian-Closing.png
Component: component_1755519779789_252.png
centerX: 0.5600806451612903
centerY: 0.7212881162724423
width: 0.03185483870967742
height: 0.050441721288116276
Area: 0.0005090596530580351
CentroidX: 0.5766
CentroidY: 0.7458
