Location: Dedata_15.png_Otsu.png
Component: component_1755519779335_288.png
centerX: 0.8435483870967742
centerY: 0.7757195782274152
width: 0.03225806451612903
height: 0.04730692504987176
Area: 0.0004264380073359748
CentroidX: 0.8595
CentroidY: 0.7988
