Location: Dedata_15.png_Gaussian-Median.png
Component: component_1755519780209_301.png
centerX: 0.2028225806451613
centerY: 0.8948418352807067
width: 0.02943548387096774
height: 0.050441721288116276
Area: 0.00044769670616571215
CentroidX: 0.2171
CentroidY: 0.9200
