Location: Dedata_15.png_Gaussian-Median.png
Component: component_1755519780132_41.png
centerX: 0.014919354838709677
centerY: 0.06925049871758336
width: 0.03024193548387097
height: 0.047021943573667714
Area: 0.0004325283372709806
CentroidX: 0.0300
CentroidY: 0.0921
