Location: Dedata_15.png_Otsu.png
Component: component_1755519779293_79.png
centerX: 0.8705645161290323
centerY: 0.20632658877172982
width: 0.029838709677419355
height: 0.04645198062125962
Area: 0.00030233317092453506
CentroidX: 0.8851
CentroidY: 0.2285
