Location: Dedata_15.png_Mean-Closing.png
Component: component_1755519780013_166.png
centerX: 0.832258064516129
centerY: 0.44400113992590484
width: 0.03185483870967742
height: 0.04531205471644343
Area: 0.00043229851349984834
CentroidX: 0.8467
CentroidY: 0.4653
