Location: Dedata_15.png_Mean-Closing.png
Component: component_1755519779995_109.png
centerX: 0.6221774193548387
centerY: 0.2775719578227415
width: 0.029838709677419355
height: 0.04730692504987176
Area: 0.0003316357017439028
CentroidX: 0.6361
CentroidY: 0.3022
