Location: Dedata_15.png_Gaussian-Closing.png
Component: component_1755519779782_250.png
centerX: 0.667741935483871
centerY: 0.7090339127956683
width: 0.027822580645161292
height: 0.051011684240524366
Area: 0.000508944741172469
CentroidX: 0.6814
CentroidY: 0.7340
