Location: Dedata_15.png_Gaussian-Median.png
Component: component_1755519780196_247.png
centerX: 0.9278225806451613
centerY: 0.694784838985466
width: 0.028629032258064516
height: 0.04645198062125962
Area: 0.00044447917336986
CentroidX: 0.9415
CentroidY: 0.7170
