Location: Dedata_15.png_Gaussian-Median.png
Component: component_1755519780129_36.png
centerX: 0.21370967741935484
centerY: 0.06583072100313479
width: 0.028629032258064516
height: 0.04132231404958678
Area: 0.0003875977900146168
CentroidX: 0.2273
CentroidY: 0.0848
