Location: Dedata_15.png_Gaussian-Median.png
Component: component_1755519780145_89.png
centerX: 0.6370967741935484
centerY: 0.22029068110572814
width: 0.025806451612903226
height: 0.038472499287546306
Area: 0.00029750687173075687
CentroidX: 0.6510
CentroidY: 0.2384
