Location: Dedata_15.png_Mean-Closing.png
Component: component_1755519780022_187.png
centerX: 0.7588709677419355
centerY: 0.5092618979766316
width: 0.03185483870967742
height: 0.049586776859504134
Area: 0.0004809062410943289
CentroidX: 0.7735
CentroidY: 0.5331
