Location: Dedata_15.png_Mean-Closing.png
Component: component_1755519780005_148.png
centerX: 0.8572580645161291
centerY: 0.3861499002564833
width: 0.027822580645161292
height: 0.03875748076375036
Area: 0.0003066998225760487
CentroidX: 0.8711
CentroidY: 0.4052
