Location: Dedata_15.png_Otsu.png
Component: component_1755519779278_13.png
centerX: 0.6370967741935484
centerY: 0.01310914790538615
width: 0.03508064516129032
height: 0.029923055001424906
Area: 0.00030060949264104284
CentroidX: 0.6542
CentroidY: 0.0261
