Location: Dedata_15.png_Mean-Closing.png
Component: component_1755519780020_180.png
centerX: 0.12217741935483871
centerY: 0.49472784269022513
width: 0.027822580645161292
height: 0.049016813907096037
Area: 0.00037909431048272185
CentroidX: 0.1344
CentroidY: 0.5189
