Location: Dedata_15.png_Gaussian-Median.png
Component: component_1755519780175_197.png
centerX: 0.4693548387096774
centerY: 0.5297805642633229
width: 0.027419354838709678
height: 0.04730692504987176
Area: 0.000425059064709181
CentroidX: 0.4826
CentroidY: 0.5531
