Location: Dedata_15.png_Gaussian-Median.png
Component: component_1755519780153_117.png
centerX: 0.4907258064516129
centerY: 0.2884012539184953
width: 0.03225806451612903
height: 0.042462239954402965
Area: 0.0003091129721729378
CentroidX: 0.5063
CentroidY: 0.3096
