Location: Dedata_15.png_Gaussian-Median.png
Component: component_1755519780183_218.png
centerX: 0.4310483870967742
centerY: 0.5970361926474779
width: 0.03387096774193549
height: 0.050441721288116276
Area: 0.0005005561735261402
CentroidX: 0.4475
CentroidY: 0.6207
