Location: Dedata_15.png_Otsu.png
Component: component_1755519779328_260.png
centerX: 0.375
centerY: 0.6657167284126532
width: 0.03064516129032258
height: 0.048446850954687946
Area: 0.0004190836466597413
CentroidX: 0.3902
CentroidY: 0.6884
