Location: Dedata_15.png_Otsu.png
Component: component_1755519779325_248.png
centerX: 0.016935483870967744
centerY: 0.6269592476489029
width: 0.027016129032258064
height: 0.04730692504987176
Area: 0.00041264858106803705
CentroidX: 0.0288
CentroidY: 0.6493
