Location: Dedata_15.png_Gaussian-Closing.png
Component: component_1755519779572_38.png
centerX: 0.06814516129032258
centerY: 0.06811057281276717
width: 0.027822580645161292
height: 0.04331718438301511
Area: 0.00038598902361669074
CentroidX: 0.0817
CentroidY: 0.0880
