Location: Dedata_15.png_Mean-Closing.png
Component: component_1755519780042_246.png
centerX: 0.7709677419354839
centerY: 0.6990595611285266
width: 0.03346774193548387
height: 0.05129666571672841
Area: 0.0005248025813805973
CentroidX: 0.7872
CentroidY: 0.7243
