Location: Dedata_15.png_Gaussian-Closing.png
Component: component_1755519779544_13.png
centerX: 0.25725806451612904
centerY: 0.012539184952978056
width: 0.03306451612903226
height: 0.03761755485893417
Area: 0.0003369216484799456
CentroidX: 0.2744
CentroidY: 0.0293
