Location: Dedata_15.png_Gaussian-Median.png
Component: component_1755519780129_35.png
centerX: 0.36088709677419356
centerY: 0.06298090624109433
width: 0.031048387096774193
height: 0.04217725847819892
Area: 0.0004067880749041635
CentroidX: 0.3740
CentroidY: 0.0808
