Location: Dedata_15.png_Otsu.png
Component: component_1755519779298_100.png
centerX: 0.8516129032258064
centerY: 0.26560273582217153
width: 0.031451612903225803
height: 0.045597036192647475
Area: 0.0003915047941238658
CentroidX: 0.8658
CentroidY: 0.2877
