Location: Dedata_15.png_Mean-Closing.png
Component: component_1755519779984_55.png
centerX: 0.35201612903225804
centerY: 0.12111712738671987
width: 0.032661290322580645
height: 0.038472499287546306
Area: 0.0004097757839288833
CentroidX: 0.3668
CentroidY: 0.1384
