Location: Dedata_15.png_Mean-Closing.png
Component: component_1755519780020_178.png
centerX: 0.2306451612903226
centerY: 0.48218865773724706
width: 0.027419354838709678
height: 0.05386149900256483
Area: 0.00041356787615256624
CentroidX: 0.2441
CentroidY: 0.5084
