Location: Dedata_15.png_Mean-Closing.png
Component: component_1755519779989_81.png
centerX: 0.014919354838709677
centerY: 0.19293245939013964
width: 0.027016129032258064
height: 0.039897406668566546
Area: 0.0003821969313930078
CentroidX: 0.0279
CentroidY: 0.2109
