Location: Dedata_15.png_Gaussian-Median.png
Component: component_1755519780125_24.png
centerX: 0.9229838709677419
centerY: 0.05443146195497293
width: 0.04032258064516129
height: 0.037902536335138216
Area: 0.0003913898822382997
CentroidX: 0.9408
CentroidY: 0.0723
