Location: Dedata_15.png_Mean-Closing.png
Component: component_1755519779990_84.png
centerX: 0.822983870967742
centerY: 0.20889142205756625
width: 0.03185483870967742
height: 0.04417212881162724
Area: 0.0003962161814320779
CentroidX: 0.8374
CentroidY: 0.2293
