Location: Dedata_15.png_Gaussian-Median.png
Component: component_1755519780186_228.png
centerX: 0.9403225806451613
centerY: 0.6266742661726987
width: 0.031048387096774193
height: 0.05585636933599316
Area: 0.0004836641263479164
CentroidX: 0.9552
CentroidY: 0.6547
