Location: Dedata_15.png_Mean-Closing.png
Component: component_1755519780046_257.png
centerX: 0.20483870967741935
centerY: 0.7529210601310915
width: 0.02903225806451613
height: 0.0567113137646053
Area: 0.0005269859072063542
CentroidX: 0.2185
CentroidY: 0.7810
