Location: Dedata_15.png_Otsu.png
Component: component_1755519779317_211.png
centerX: 0.006048387096774193
centerY: 0.505842120262183
width: 0.029838709677419355
height: 0.04132231404958678
Area: 0.0002890033921988619
CentroidX: 0.0212
CentroidY: 0.5256
