Location: Dedata_15.png_Gaussian-Closing.png
Component: component_1755519779704_173.png
centerX: 0.5967741935483871
centerY: 0.45882017668851527
width: 0.027822580645161292
height: 0.051581647192932456
Area: 0.0003645005010158211
CentroidX: 0.6102
CentroidY: 0.4833
