Location: Dedata_15.png_Gaussian-Median.png
Component: component_1755519780171_183.png
centerX: 0.12217741935483871
centerY: 0.49472784269022513
width: 0.027822580645161292
height: 0.049016813907096037
Area: 0.0003547329907426985
CentroidX: 0.1345
CentroidY: 0.5191
