Location: Dedata_15.png_Gaussian-Closing.png
Component: component_1755519779770_234.png
centerX: 0.5834677419354839
centerY: 0.6494727842690226
width: 0.03346774193548387
height: 0.049016813907096037
Area: 0.00046964487630884636
CentroidX: 0.5994
CentroidY: 0.6734
