Location: Dedata_15.png_Mean-Closing.png
Component: component_1755519780033_221.png
centerX: 0.09879032258064516
centerY: 0.6206896551724138
width: 0.03467741935483871
height: 0.04645198062125962
Area: 0.00048148080052215963
CentroidX: 0.1154
CentroidY: 0.6449
