Location: Dedata_15.png_Gaussian-Closing.png
Component: component_1755519779771_235.png
centerX: 0.48266129032258065
centerY: 0.6546024508406953
width: 0.031451612903225803
height: 0.05186662866913651
Area: 0.0004975684645014203
CentroidX: 0.4985
CentroidY: 0.6795
