Location: Dedata_15.png_Gaussian-Median.png
Component: component_1755519780134_49.png
centerX: 0.6342741935483871
centerY: 0.11085779424337418
width: 0.028629032258064516
height: 0.039612425192362494
Area: 0.0003618575276477997
CentroidX: 0.6482
CentroidY: 0.1290
