Location: Dedata_15.png_Gaussian-Median.png
Component: component_1755519780135_53.png
centerX: 0.29596774193548386
centerY: 0.11741236819606725
width: 0.032661290322580645
height: 0.042462239954402965
Area: 0.000415751201978323
CentroidX: 0.3114
CentroidY: 0.1365
