Location: Dedata_15.png_Mean-Closing.png
Component: component_1755519780021_182.png
centerX: 0.9024193548387097
centerY: 0.5015673981191222
width: 0.031048387096774193
height: 0.047021943573667714
Area: 0.00044367479017089694
CentroidX: 0.9193
CentroidY: 0.5257
