Location: Dedata_15.png_Mean-Closing.png
Component: component_1755519780063_287.png
centerX: 0.5616935483870967
centerY: 0.8671986320889142
width: 0.02943548387096774
height: 0.051581647192932456
Area: 0.0004938912841633036
CentroidX: 0.5763
CentroidY: 0.8944
