Location: Dedata_15.png_Mean-Closing.png
Component: component_1755519779978_31.png
centerX: 0.8278225806451613
centerY: 0.05842120262182958
width: 0.03024193548387097
height: 0.032487888287261325
Area: 0.00033899006242013623
CentroidX: 0.8409
CentroidY: 0.0735
