Location: Dedata_15.png_Mean-Closing.png
Component: component_1755519779973_8.png
centerX: 0.8790322580645161
centerY: 0.011114277571957822
width: 0.02661290322580645
height: 0.03619264747791394
Area: 0.00035875490673751366
CentroidX: 0.8926
CentroidY: 0.0286
