Location: Dedata_15.png_Otsu.png
Component: component_1755519779298_101.png
centerX: 0.9403225806451613
centerY: 0.26617269877457966
width: 0.02943548387096774
height: 0.04103733257338273
Area: 0.00032864799271918295
CentroidX: 0.9562
CentroidY: 0.2877
