Location: Dedata_15.png_Otsu.png
Component: component_1755519779294_82.png
centerX: 0.7774193548387097
centerY: 0.21117127386719864
width: 0.032661290322580645
height: 0.04274722143060701
Area: 0.0002870498901442374
CentroidX: 0.7919
CentroidY: 0.2317
