Location: Dedata_15.png_Gaussian-Median.png
Component: component_1755519780184_220.png
centerX: 0.33548387096774196
centerY: 0.6021658592191508
width: 0.03346774193548387
height: 0.049586776859504134
Area: 0.00048044659355206426
CentroidX: 0.3510
CentroidY: 0.6251
