Location: Dedata_15.png_Gaussian-Median.png
Component: component_1755519780123_16.png
centerX: 0.6362903225806451
centerY: 0.012824166429182103
width: 0.036290322580645164
height: 0.030493017953833
Area: 0.0003353128820820195
CentroidX: 0.6542
CentroidY: 0.0262
