Location: Dedata_15.png_Otsu.png
Component: component_1755519779331_273.png
centerX: 0.667741935483871
centerY: 0.7096038757480764
width: 0.027419354838709678
height: 0.050156739811912224
Area: 0.00046217560374704677
CentroidX: 0.6813
CentroidY: 0.7339
