Location: Dedata_15.png_Otsu.png
Component: component_1755519779313_183.png
centerX: 0.6459677419354839
centerY: 0.45825021373610714
width: 0.027419354838709678
height: 0.025078369905956112
Area: 0.00013594076062475294
CentroidX: 0.6586
CentroidY: 0.4731
