Location: Dedata_15.png_Otsu.png
Component: component_1755519779307_157.png
centerX: 0.8084677419354839
centerY: 0.3861499002564833
width: 0.03588709677419355
height: 0.04274722143060701
Area: 0.0003340488513407919
CentroidX: 0.8247
CentroidY: 0.4057
