Location: Dedata_15.png_Otsu.png
Component: component_1755519779283_30.png
centerX: 0.4645161290322581
centerY: 0.05956112852664577
width: 0.03024193548387097
height: 0.03761755485893417
Area: 0.000331061142316072
CentroidX: 0.4779
CentroidY: 0.0751
