Location: Dedata_15.png_Otsu.png
Component: component_1755519779326_253.png
centerX: 0.7375
centerY: 0.6392134511256768
width: 0.03024193548387097
height: 0.0481618694784839
Area: 0.00037943904613942027
CentroidX: 0.7519
CentroidY: 0.6630
