Location: Dedata_15.png_Gaussian-Closing.png
Component: component_1755519779699_171.png
centerX: 0.6895161290322581
centerY: 0.45397549159304645
width: 0.025403225806451612
height: 0.045027073240239385
Area: 0.0003571461403395876
CentroidX: 0.7010
CentroidY: 0.4752
