Location: Dedata_15.png_Otsu.png
Component: component_1755519779285_37.png
centerX: 0.16693548387096774
centerY: 0.06839555428897122
width: 0.03024193548387097
height: 0.03818751781134226
Area: 0.0003297971115748444
CentroidX: 0.1803
CentroidY: 0.0854
