Location: Dedata_15.png_Otsu.png
Component: component_1755519779321_231.png
centerX: 0.8451612903225807
centerY: 0.5691080079794814
width: 0.03306451612903226
height: 0.04417212881162724
Area: 0.0003871381424723522
CentroidX: 0.8599
CentroidY: 0.5897
