Location: Dedata_15.png_Gaussian-Median.png
Component: component_1755519780198_257.png
centerX: 0.4629032258064516
centerY: 0.7272727272727273
width: 0.032661290322580645
height: 0.04987175833570818
Area: 0.0004922825177653775
CentroidX: 0.4791
CentroidY: 0.7516
