Location: Dedata_15.png_Otsu.png
Component: component_1755519779275_4.png
centerX: 0.3149193548387097
centerY: 0.011114277571957822
width: 0.028629032258064516
height: 0.03875748076375036
Area: 0.00030198843526783664
CentroidX: 0.3308
CentroidY: 0.0272
