Location: Dedata_15.png_Mean-Closing.png
Component: component_1755519779981_46.png
centerX: 0.8439516129032258
centerY: 0.10629809062410943
width: 0.025806451612903226
height: 0.03875748076375036
Area: 0.0003650750604436518
CentroidX: 0.8570
CentroidY: 0.1236
