Location: Dedata_15.png_Otsu.png
Component: component_1755519779330_270.png
centerX: 0.8241935483870968
centerY: 0.6976346537475064
width: 0.03185483870967742
height: 0.050441721288116276
Area: 0.000454591419299681
CentroidX: 0.8393
CentroidY: 0.7227
