Location: Dedata_15.png_Otsu.png
Component: component_1755519779336_292.png
centerX: 0.7991935483870968
centerY: 0.7799943003704759
width: 0.028629032258064516
height: 0.045027073240239385
Area: 0.000398629331028967
CentroidX: 0.8127
CentroidY: 0.8021
