Location: Dedata_15.png_Gaussian-Median.png
Component: component_1755519780135_55.png
centerX: 0.24193548387096775
centerY: 0.11940723852949559
width: 0.031451612903225803
height: 0.04189227700199487
Area: 0.000402536335138216
CentroidX: 0.2568
CentroidY: 0.1383
