Location: Dedata_15.png_Otsu.png
Component: component_1755519779301_124.png
centerX: 0.6225806451612903
centerY: 0.2992305500142491
width: 0.025
height: 0.024793388429752067
Area: 0.00016110646356373931
CentroidX: 0.6343
CentroidY: 0.3080
