Location: Dedata_15.png_Gaussian-Median.png
Component: component_1755519780122_11.png
centerX: 0.17056451612903226
centerY: 0.012254203476774009
width: 0.031451612903225803
height: 0.038472499287546306
Area: 0.0003412883001314592
CentroidX: 0.1854
CentroidY: 0.0291
