Location: Dedata_15.png_Gaussian-Closing.png
Component: component_1755519779919_299.png
centerX: 0.010887096774193548
centerY: 0.8994015388999715
width: 0.03306451612903226
height: 0.05186662866913651
Area: 0.000515954366192004
CentroidX: 0.0272
CentroidY: 0.9259
