Location: Dedata_15.png_Gaussian-Closing.png
Component: component_1755519779880_270.png
centerX: 0.7987903225806452
centerY: 0.7797093188942719
width: 0.02943548387096774
height: 0.045597036192647475
Area: 0.00043723972457919267
CentroidX: 0.8128
CentroidY: 0.8022
