Location: Dedata_15.png_Gaussian-Median.png
Component: component_1755519780157_135.png
centerX: 0.5213709677419355
centerY: 0.34055286406383584
width: 0.029838709677419355
height: 0.04730692504987176
Area: 0.00045654492135430554
CentroidX: 0.5359
CentroidY: 0.3641
