Location: Dedata_15.png_Gaussian-Closing.png
Component: component_1755519779750_210.png
centerX: 0.739516129032258
centerY: 0.5753776004559704
width: 0.02943548387096774
height: 0.049016813907096037
Area: 0.0004493054725636382
CentroidX: 0.7533
CentroidY: 0.5983
