Location: Dedata_15.png_Otsu.png
Component: component_1755519779293_76.png
centerX: 0.06532258064516129
centerY: 0.1897976631518951
width: 0.027419354838709678
height: 0.037902536335138216
Area: 0.00028590077128857593
CentroidX: 0.0803
CentroidY: 0.2065
