Location: Dedata_15.png_Gaussian-Closing.png
Component: component_1755519779611_76.png
centerX: 0.2310483870967742
centerY: 0.18096323738956968
width: 0.027016129032258064
height: 0.039612425192362494
Area: 0.00035967420182204284
CentroidX: 0.2444
CentroidY: 0.1989
