Location: Dedata_15.png_Otsu.png
Component: component_1755519779311_175.png
centerX: 0.006048387096774193
centerY: 0.43858649187802795
width: 0.03024193548387097
height: 0.04873183243089199
Area: 0.0003454251280118405
CentroidX: 0.0216
CentroidY: 0.4645
