Location: Dedata_15.png_Mean-Closing.png
Component: component_1755519780028_210.png
centerX: 0.6286290322580645
centerY: 0.5807922485038473
width: 0.03387096774193549
height: 0.050441721288116276
Area: 0.0004776887082984767
CentroidX: 0.6452
CentroidY: 0.6057
