Location: Dedata_15.png_Mean-Closing.png
Component: component_1755519779979_36.png
centerX: 0.307258064516129
centerY: 0.06583072100313479
width: 0.03064516129032258
height: 0.042462239954402965
Area: 0.0004163257614061538
CentroidX: 0.3202
CentroidY: 0.0845
