Location: Dedata_15.png_Gaussian-Median.png
Component: component_1755519780156_129.png
centerX: 0.7798387096774193
centerY: 0.32544884582502137
width: 0.03024193548387097
height: 0.04417212881162724
Area: 0.00039288373675065957
CentroidX: 0.7956
CentroidY: 0.3486
