Location: Dedata_15.png_Gaussian-Median.png
Component: component_1755519780176_201.png
centerX: 0.26814516129032256
centerY: 0.5437446565973212
width: 0.03185483870967742
height: 0.04531205471644343
Area: 0.0004186239991174767
CentroidX: 0.2850
CentroidY: 0.5663
