Location: Dedata_15.png_Mean-Closing.png
Component: component_1755519780024_194.png
centerX: 0.4161290322580645
centerY: 0.5323453975491593
width: 0.02943548387096774
height: 0.04588201766885153
Area: 0.0004540168598718503
CentroidX: 0.4304
CentroidY: 0.5555
