Location: Dedata_15.png_Gaussian-Median.png
Component: component_1755519780126_25.png
centerX: 0.7713709677419355
centerY: 0.05585636933599316
width: 0.03064516129032258
height: 0.034482758620689655
Area: 0.00033680673659437945
CentroidX: 0.7848
CentroidY: 0.0716
