Location: Dedata_15.png_Gaussian-Closing.png
Component: component_1755519779750_208.png
centerX: 0.8451612903225807
centerY: 0.5688230265032773
width: 0.03346774193548387
height: 0.04474209176403534
Area: 0.0004314941303008853
CentroidX: 0.8600
CentroidY: 0.5899
