Location: Dedata_15.png_Gaussian-Closing.png
Component: component_1755519779909_286.png
centerX: 0.7330645161290322
centerY: 0.8583642063265887
width: 0.028629032258064516
height: 0.04588201766885153
Area: 0.00046240542751817905
CentroidX: 0.7472
CentroidY: 0.8834
