Location: Dedata_15.png_Gaussian-Closing.png
Component: component_1755519779577_47.png
centerX: 0.6915322580645161
centerY: 0.1085779424337418
width: 0.03064516129032258
height: 0.03676261043032203
Area: 0.0003384155029923055
CentroidX: 0.7055
CentroidY: 0.1244
