Location: Dedata_15.png_Otsu.png
Component: component_1755519779332_278.png
centerX: 0.41451612903225804
centerY: 0.731832430891992
width: 0.025806451612903226
height: 0.04787688800227985
Area: 0.00039495215069085027
CentroidX: 0.4282
CentroidY: 0.7550
