Location: Dedata_15.png_Otsu.png
Component: component_1755519779328_263.png
centerX: 0.20040322580645162
centerY: 0.682815616984896
width: 0.029838709677419355
height: 0.05471644343117697
Area: 0.00043229851349984834
CentroidX: 0.2159
CentroidY: 0.7096
