Location: Dedata_15.png_Gaussian-Median.png
Component: component_1755519780148_98.png
centerX: 0.31693548387096776
centerY: 0.23453975491593046
width: 0.027822580645161292
height: 0.0438871473354232
Area: 0.0003619724395333658
CentroidX: 0.3292
CentroidY: 0.2549
