Location: Dedata_15.png_Mean-Closing.png
Component: component_1755519780043_249.png
centerX: 0.6112903225806452
centerY: 0.7141635793673411
width: 0.03185483870967742
height: 0.04873183243089199
Area: 0.0005306630875444709
CentroidX: 0.6270
CentroidY: 0.7380
