Location: Dedata_15.png_Otsu.png
Component: component_1755519779290_63.png
centerX: 0.614516129032258
centerY: 0.16186947848389854
width: 0.03225806451612903
height: 0.039612425192362494
Area: 0.00030876823651623933
CentroidX: 0.6302
CentroidY: 0.1792
