Location: Paraklitoni_1720_page_10.png_Mean-Medain.png
Component: component_1755610055477_1918.png
centerX: 0.7827743902439024
centerY: 0.6952380952380952
width: 0.014481707317073171
height: 0.014035087719298246
Area: 9.016443547894125e-05
CentroidX: 0.7899
CentroidY: 0.7021
