Location: Dedata_15.png_Gaussian-Closing.png
Component: component_1755519779649_138.png
centerX: 0.32620967741935486
centerY: 0.35081219720718154
width: 0.03467741935483871
height: 0.04645198062125962
Area: 0.0004682659336820526
CentroidX: 0.3456
CentroidY: 0.3740
