Location: Dedata_15.png_Otsu.png
Component: component_1755519779320_227.png
centerX: 0.06491935483870968
centerY: 0.5614135081219721
width: 0.031451612903225803
height: 0.04217725847819892
Area: 0.00034599968743967126
CentroidX: 0.0795
CentroidY: 0.5809
