Location: Dedata_15.png_Otsu.png
Component: component_1755519779341_313.png
centerX: 0.4491935483870968
centerY: 0.8751781134226275
width: 0.029838709677419355
height: 0.05386149900256483
Area: 0.00044735197050901367
CentroidX: 0.4645
CentroidY: 0.9042
