Location: Dedata_15.png_Mean-Closing.png
Component: component_1755519779982_48.png
centerX: 0.6338709677419355
centerY: 0.11085779424337418
width: 0.02903225806451613
height: 0.03932744371615845
Area: 0.00039518197446198255
CentroidX: 0.6482
CentroidY: 0.1289
