Location: Dedata_15.png_Mean-Closing.png
Component: component_1755519779978_28.png
centerX: 0.6774193548387096
centerY: 0.05728127671701339
width: 0.031451612903225803
height: 0.03562268452550584
Area: 0.0003888618207558444
CentroidX: 0.6927
CentroidY: 0.0742
