Location: Dedata_15.png_Gaussian-Median.png
Component: component_1755519780203_278.png
centerX: 0.4032258064516129
centerY: 0.8053576517526361
width: 0.03024193548387097
height: 0.050441721288116276
Area: 0.0004792974746964028
CentroidX: 0.4187
CentroidY: 0.8306
