Location: Dedata_15.png_Mean-Closing.png
Component: component_1755519779973_6.png
centerX: 0.31451612903225806
centerY: 0.01054431461954973
width: 0.02943548387096774
height: 0.039612425192362494
Area: 0.0003710504784930915
CentroidX: 0.3307
CentroidY: 0.0273
