Location: Kurtxevani_1794_page_10.png_Mean-Medain.png
Component: component_1755610054591_427.png
centerX: 0.869666861484512
centerY: 0.0753635962979286
width: 0.01928696668614845
height: 0.017188188629352136
Area: 0.0001803073931955596
CentroidX: 0.8791
CentroidY: 0.0840
