Location: Dedata_15.png_Otsu.png
Component: component_1755519779318_216.png
centerX: 0.6080645161290322
centerY: 0.5249358791678541
width: 0.035483870967741936
height: 0.04217725847819892
Area: 0.00039299864863622577
CentroidX: 0.6253
CentroidY: 0.5454
