Location: Dedata_15.png_Gaussian-Median.png
Component: component_1755519780125_23.png
centerX: 0.9653225806451613
centerY: 0.015388999715018524
width: 0.028629032258064516
height: 0.03362781419207751
Area: 0.0003156629496502082
CentroidX: 0.9787
CentroidY: 0.0315
