Location: Dedata_15.png_Gaussian-Closing.png
Component: component_1755519779670_153.png
centerX: 0.6012096774193548
centerY: 0.39640923339982903
width: 0.031451612903225803
height: 0.047591906526075804
Area: 0.0004241397696246518
CentroidX: 0.6177
CentroidY: 0.4204
