Location: Dedata_15.png_Gaussian-Closing.png
Component: component_1755519779648_136.png
centerX: 0.47580645161290325
centerY: 0.3451125676831006
width: 0.028629032258064516
height: 0.04189227700199487
Area: 0.00041356787615256624
CentroidX: 0.4894
CentroidY: 0.3654
