Location: Dedata_15.png_Gaussian-Median.png
Component: component_1755519780150_102.png
centerX: 0.0036290322580645163
centerY: 0.25049871758335707
width: 0.032661290322580645
height: 0.048446850954687946
Area: 0.00040632842736189887
CentroidX: 0.0227
CentroidY: 0.2755
