Location: Dedata_15.png_Gaussian-Closing.png
Component: component_1755519779620_98.png
centerX: 0.16370967741935483
centerY: 0.23852949558278713
width: 0.03306451612903226
height: 0.04417212881162724
Area: 0.0003736934518611129
CentroidX: 0.1792
CentroidY: 0.2601
