Location: Dedata_15.png_Otsu.png
Component: component_1755519779297_97.png
centerX: 0.05524193548387097
centerY: 0.2482188657737247
width: 0.031048387096774193
height: 0.04360216585921915
Area: 0.00032497081238106617
CentroidX: 0.0705
CentroidY: 0.2704
