Location: Dedata_15.png_Gaussian-Closing.png
Component: component_1755519779901_277.png
centerX: 0.28830645161290325
centerY: 0.8178968367056141
width: 0.031048387096774193
height: 0.0481618694784839
Area: 0.00043815901966372185
CentroidX: 0.3033
CentroidY: 0.8414
