Location: Dedata_15.png_Otsu.png
Component: component_1755519779336_290.png
centerX: 0.7431451612903226
centerY: 0.7774294670846394
width: 0.03346774193548387
height: 0.04787688800227985
Area: 0.00046286507506044367
CentroidX: 0.7604
CentroidY: 0.8019
