Location: Dedata_15.png_Gaussian-Median.png
Component: component_1755519780146_95.png
centerX: 0.3629032258064516
centerY: 0.23368481048731832
width: 0.032661290322580645
height: 0.04331718438301511
Area: 0.00037357853997554676
CentroidX: 0.3781
CentroidY: 0.2529
