Location: Dedata_15.png_Otsu.png
Component: component_1755519779339_304.png
centerX: 0.013306451612903225
centerY: 0.8315759475634084
width: 0.03185483870967742
height: 0.05072670276432032
Area: 0.0004521782697027919
CentroidX: 0.0290
CentroidY: 0.8568
