Location: Dedata_15.png_Mean-Closing.png
Component: component_1755519780025_199.png
centerX: 0.16330645161290322
centerY: 0.5537190082644629
width: 0.032661290322580645
height: 0.0438871473354232
Area: 0.0004124187572969047
CentroidX: 0.1790
CentroidY: 0.5738
