Location: Dedata_15.png_Gaussian-Closing.png
Component: component_1755519779798_263.png
centerX: 0.06411290322580646
centerY: 0.7594756340837846
width: 0.02903225806451613
height: 0.05471644343117697
Area: 0.0004231055626545565
CentroidX: 0.0773
CentroidY: 0.7864
