Location: Dedata_15.png_Mean-Closing.png
Component: component_1755519780011_161.png
centerX: 0.10685483870967742
centerY: 0.42946708463949845
width: 0.03669354838709677
height: 0.047021943573667714
Area: 0.0004622905156326129
CentroidX: 0.1251
CentroidY: 0.4541
