Location: Dedata_15.png_Gaussian-Median.png
Component: component_1755519780124_18.png
centerX: 0.5209677419354839
centerY: 0.01310914790538615
width: 0.03508064516129032
height: 0.03590766600170989
Area: 0.00039127497035273354
CentroidX: 0.5399
CentroidY: 0.0290
