Location: Dedata_15.png_Gaussian-Closing.png
Component: component_1755519779763_224.png
centerX: 0.05806451612903226
centerY: 0.6215445996010259
width: 0.02661290322580645
height: 0.04873183243089199
Area: 0.0004267827429926732
CentroidX: 0.0711
CentroidY: 0.6451
