Location: Dedata_15.png_Gaussian-Median.png
Component: component_1755519780144_86.png
centerX: 0.777016129032258
centerY: 0.21088629239099457
width: 0.03346774193548387
height: 0.04360216585921915
Area: 0.00035381369565816933
CentroidX: 0.7921
CentroidY: 0.2317
