Location: Dedata_15.png_Gaussian-Closing.png
Component: component_1755519779775_241.png
centerX: 0.15403225806451612
centerY: 0.6859504132231405
width: 0.02903225806451613
height: 0.05500142490738102
Area: 0.0004867667472582024
CentroidX: 0.1683
CentroidY: 0.7126
