Location: Dedata_15.png_Otsu.png
Component: component_1755519779333_279.png
centerX: 0.35524193548387095
centerY: 0.7361071530350527
width: 0.03346774193548387
height: 0.0567113137646053
Area: 0.0004689554049954495
CentroidX: 0.3704
CentroidY: 0.7639
