Location: Dedata_15.png_Gaussian-Median.png
Component: component_1755519780173_188.png
centerX: 0.006048387096774193
centerY: 0.5052721573097748
width: 0.03064516129032258
height: 0.04217725847819892
Area: 0.00034048391693249617
CentroidX: 0.0216
CentroidY: 0.5254
