Location: Dedata_15.png_Gaussian-Closing.png
Component: component_1755519779597_64.png
centerX: 0.7258064516129032
centerY: 0.15759475634083783
width: 0.031451612903225803
height: 0.04274722143060701
Area: 0.0003697864477518639
CentroidX: 0.7405
CentroidY: 0.1776
