Location: Dedata_15.png_Gaussian-Closing.png
Component: component_1755519779616_85.png
centerX: 0.777016129032258
centerY: 0.21088629239099457
width: 0.03346774193548387
height: 0.04331718438301511
Area: 0.00035381369565816933
CentroidX: 0.7920
CentroidY: 0.2317
