Location: Dedata_15.png_Gaussian-Median.png
Component: component_1755519780179_208.png
centerX: 0.932258064516129
centerY: 0.5642633228840125
width: 0.028225806451612902
height: 0.048446850954687946
Area: 0.0004182792634607783
CentroidX: 0.9461
CentroidY: 0.5877
