Location: Dedata_15.png_Gaussian-Closing.png
Component: component_1755519779614_82.png
centerX: 0.8701612903225806
centerY: 0.20604160729552579
width: 0.03024193548387097
height: 0.047021943573667714
Area: 0.000375302218259039
CentroidX: 0.8853
CentroidY: 0.2284
