Location: Dedata_15.png_Gaussian-Median.png
Component: component_1755519780202_273.png
centerX: 0.7987903225806452
centerY: 0.7797093188942719
width: 0.02943548387096774
height: 0.04588201766885153
Area: 0.00043746954835032495
CentroidX: 0.8128
CentroidY: 0.8022
