Location: Dedata_15.png_Gaussian-Median.png
Component: component_1755519780151_109.png
centerX: 0.7120967741935483
centerY: 0.27244229125106867
width: 0.027822580645161292
height: 0.04417212881162724
Area: 0.0003445058329273113
CentroidX: 0.7247
CentroidY: 0.2947
