Location: Dedata_15.png_Gaussian-Median.png
Component: component_1755519780131_38.png
centerX: 0.26129032258064516
centerY: 0.06640068395554288
width: 0.027016129032258064
height: 0.039042462239954404
Area: 0.0003844951691043308
CentroidX: 0.2740
CentroidY: 0.0842
