Location: Dedata_15.png_Otsu.png
Component: component_1755519779312_182.png
centerX: 0.6899193548387097
centerY: 0.45483043602165857
width: 0.024596774193548387
height: 0.04360216585921915
Area: 0.00022166502725709926
CentroidX: 0.7009
CentroidY: 0.4748
