Location: Dedata_15.png_Gaussian-Closing.png
Component: component_1755519779625_111.png
centerX: 0.582258064516129
centerY: 0.27842690225135364
width: 0.031451612903225803
height: 0.04331718438301511
Area: 0.0003112962979986946
CentroidX: 0.5978
CentroidY: 0.3014
