Location: Dedata_15.png_Gaussian-Median.png
Component: component_1755519780155_126.png
centerX: 0.8721774193548387
centerY: 0.3214591051581647
width: 0.03870967741935484
height: 0.04360216585921915
Area: 0.00041919855854530747
CentroidX: 0.8909
CentroidY: 0.3439
