Location: Dedata_15.png_Gaussian-Median.png
Component: component_1755519780189_234.png
centerX: 0.6903225806451613
centerY: 0.6423482473639214
width: 0.03306451612903226
height: 0.04873183243089199
Area: 0.0004428704069719339
CentroidX: 0.7049
CentroidY: 0.6658
