Location: Dedata_15.png_Gaussian-Closing.png
Component: component_1755519779782_249.png
centerX: 0.7213709677419354
centerY: 0.7047591906526076
width: 0.035483870967741936
height: 0.05186662866913651
Area: 0.0005067614153467121
CentroidX: 0.7386
CentroidY: 0.7305
