Location: Dedata_15.png_Gaussian-Closing.png
Component: component_1755519779583_53.png
centerX: 0.4088709677419355
centerY: 0.1188372755770875
width: 0.027419354838709678
height: 0.039897406668566546
Area: 0.0003438163616139145
CentroidX: 0.4218
CentroidY: 0.1372
