Location: Dedata_15.png_Gaussian-Median.png
Component: component_1755519780143_82.png
centerX: 0.014919354838709677
centerY: 0.19293245939013964
width: 0.02661290322580645
height: 0.039897406668566546
Area: 0.0003484128370365604
CentroidX: 0.0280
CentroidY: 0.2109
