Location: Dedata_15.png_Otsu.png
Component: component_1755519779304_142.png
centerX: 0.521774193548387
centerY: 0.3408378455400399
width: 0.028629032258064516
height: 0.04673696209746366
Area: 0.00041287840483916934
CentroidX: 0.5357
CentroidY: 0.3641
