Location: Dedata_15.png_Gaussian-Closing.png
Component: component_1755519779776_243.png
centerX: 0.049193548387096775
centerY: 0.6896551724137931
width: 0.035483870967741936
height: 0.057566258193217444
Area: 0.0004959596981034942
CentroidX: 0.0643
CentroidY: 0.7169
