Location: Paraklitoni_1720_page_10.png_Mean-Medain.png
Component: component_1755610055281_725.png
centerX: 0.6547256097560976
centerY: 0.2636591478696742
width: 0.01600609756097561
height: 0.012531328320802004
Area: 9.360290971330766e-05
CentroidX: 0.6626
CentroidY: 0.2688
