Location: Paraklitoni_1720_page_10.png_Mean-Medain.png
Component: component_1755610055272_648.png
centerX: 0.6547256097560976
centerY: 0.23909774436090225
width: 0.014481707317073171
height: 0.014035087719298246
Area: 9.474906779142979e-05
CentroidX: 0.6623
CentroidY: 0.2458
