Location: Dedata_15.png_Otsu.png
Component: component_1755519779288_53.png
centerX: 0.3524193548387097
centerY: 0.12140210886292391
width: 0.03185483870967742
height: 0.037902536335138216
Area: 0.00032657957877899225
CentroidX: 0.3667
CentroidY: 0.1383
