Location: Dedata_15.png_Gaussian-Closing.png
Component: component_1755519779633_127.png
centerX: 0.825
centerY: 0.32516386434881733
width: 0.037096774193548385
height: 0.04417212881162724
Area: 0.00040701789867529577
CentroidX: 0.8422
CentroidY: 0.3474
