Location: Dedata_15.png_Gaussian-Median.png
Component: component_1755519780185_224.png
centerX: 0.14637096774193548
centerY: 0.6147050441721288
width: 0.03346774193548387
height: 0.04987175833570818
Area: 0.0004356309581812666
CentroidX: 0.1630
CentroidY: 0.6406
