Location: Dedata_15.png_Mean-Closing.png
Component: component_1755519780002_134.png
centerX: 0.4754032258064516
centerY: 0.3451125676831006
width: 0.02903225806451613
height: 0.04189227700199487
Area: 0.0004437897020564631
CentroidX: 0.4894
CentroidY: 0.3654
