Location: Dedata_15.png_Mean-Closing.png
Component: component_1755519780064_289.png
centerX: 0.44879032258064516
centerY: 0.8748931319464235
width: 0.031048387096774193
height: 0.05443146195497293
Area: 0.0005523814339164729
CentroidX: 0.4647
CentroidY: 0.9043
