Location: Dedata_15.png_Gaussian-Closing.png
Component: component_1755519779569_30.png
centerX: 0.5782258064516129
centerY: 0.05842120262182958
width: 0.03024193548387097
height: 0.036477628954117984
Area: 0.00039357320806405647
CentroidX: 0.5922
CentroidY: 0.0748
