Location: Dedata_15.png_Mean-Closing.png
Component: component_1755519780051_267.png
centerX: 0.7987903225806452
centerY: 0.7797093188942719
width: 0.02943548387096774
height: 0.045597036192647475
Area: 0.00046148613243364987
CentroidX: 0.8127
CentroidY: 0.8021
