Location: Dedata_15.png_Mean-Closing.png
Component: component_1755519780014_172.png
centerX: 0.5467741935483871
centerY: 0.4625249358791679
width: 0.028629032258064516
height: 0.04673696209746366
Area: 0.000350481250976751
CentroidX: 0.5599
CentroidY: 0.4847
