Location: Dedata_15.png_Otsu.png
Component: component_1755519779286_42.png
centerX: 0.7975806451612903
centerY: 0.10401823881447705
width: 0.022983870967741935
height: 0.039042462239954404
Area: 0.0002998051094420798
CentroidX: 0.8087
CentroidY: 0.1213
