Location: Dedata_15.png_Mean-Closing.png
Component: component_1755519779991_91.png
centerX: 0.5459677419354839
centerY: 0.22656027358221714
width: 0.027822580645161292
height: 0.039612425192362494
Area: 0.0003562268452550584
CentroidX: 0.5596
CentroidY: 0.2443
