Location: Dedata_15.png_Otsu.png
Component: component_1755519779295_89.png
centerX: 0.4560483870967742
centerY: 0.23083499572527785
width: 0.02379032258064516
height: 0.04132231404958678
Area: 0.00028716480202980354
CentroidX: 0.4687
CentroidY: 0.2509
