Location: Dedata_15.png_Gaussian-Closing.png
Component: component_1755519779567_29.png
centerX: 0.6266129032258064
centerY: 0.05785123966942149
width: 0.03225806451612903
height: 0.03562268452550584
Area: 0.000379209222368288
CentroidX: 0.6411
CentroidY: 0.0741
