Location: Dedata_15.png_Gaussian-Closing.png
Component: component_1755519779750_209.png
centerX: 0.7955645161290322
centerY: 0.5713878597891137
width: 0.02661290322580645
height: 0.04787688800227985
Area: 0.00041781961591851367
CentroidX: 0.8091
CentroidY: 0.5939
