Location: Dedata_15.png_Otsu.png
Component: component_1755519779332_276.png
centerX: 0.5145161290322581
centerY: 0.7241379310344828
width: 0.03064516129032258
height: 0.049586776859504134
Area: 0.00044769670616571215
CentroidX: 0.5304
CentroidY: 0.7480
