Location: Dedata_15.png_Otsu.png
Component: component_1755519779302_134.png
centerX: 0.9258064516129032
centerY: 0.323168994015389
width: 0.03467741935483871
height: 0.04217725847819892
Area: 0.00035806543542411676
CentroidX: 0.9434
CentroidY: 0.3447
