Location: Dedata_15.png_Otsu.png
Component: component_1755519779296_91.png
centerX: 0.3633064516129032
centerY: 0.23425477343972642
width: 0.03185483870967742
height: 0.04217725847819892
Area: 0.00030566561560595336
CentroidX: 0.3778
CentroidY: 0.2526
