Location: Dedata_15.png_Mean-Closing.png
Component: component_1755519780064_291.png
centerX: 0.32217741935483873
centerY: 0.8885722428042178
width: 0.031451612903225803
height: 0.049016813907096037
Area: 0.0004983728477003834
CentroidX: 0.3394
CentroidY: 0.9132
