Location: Dedata_15.png_Gaussian-Closing.png
Component: component_1755519779682_160.png
centerX: 0.26491935483870965
centerY: 0.41835280706754063
width: 0.03225806451612903
height: 0.04588201766885153
Area: 0.00042184153191332887
CentroidX: 0.2814
CentroidY: 0.4408
