Location: Dedata_15.png_Gaussian-Closing.png
Component: component_1755519779544_14.png
centerX: 0.4137096774193548
centerY: 0.012824166429182103
width: 0.032661290322580645
height: 0.03419777714448561
Area: 0.00035082598663344945
CentroidX: 0.4294
CentroidY: 0.0279
