Location: Dedata_15.png_Gaussian-Closing.png
Component: component_1755519779692_168.png
centerX: 0.832258064516129
centerY: 0.44400113992590484
width: 0.03185483870967742
height: 0.04531205471644343
Area: 0.00040632842736189887
CentroidX: 0.8468
CentroidY: 0.4654
