Location: Dedata_15.png_Gaussian-Median.png
Component: component_1755519780136_56.png
centerX: 0.35201612903225804
centerY: 0.12111712738671987
width: 0.032661290322580645
height: 0.038472499287546306
Area: 0.000379209222368288
CentroidX: 0.3669
CentroidY: 0.1384
