Location: Dedata_15.png_Mean-Closing.png
Component: component_1755519780061_281.png
centerX: 0.8467741935483871
centerY: 0.8509546879452835
width: 0.03185483870967742
height: 0.04645198062125962
Area: 0.00047826326772630747
CentroidX: 0.8628
CentroidY: 0.8752
