Location: Dedata_15.png_Mean-Closing.png
Component: component_1755519780036_227.png
centerX: 0.7911290322580645
centerY: 0.6337988030777999
width: 0.02903225806451613
height: 0.051011684240524366
Area: 0.000502739499351897
CentroidX: 0.8038
CentroidY: 0.6584
