Location: Dedata_15.png_Otsu.png
Component: component_1755519779341_314.png
centerX: 0.3858870967741935
centerY: 0.8851524650897692
width: 0.027822580645161292
height: 0.0481618694784839
Area: 0.00039541179823311483
CentroidX: 0.4006
CentroidY: 0.9091
