Location: Dedata_15.png_Otsu.png
Component: component_1755519779330_271.png
centerX: 0.7713709677419355
centerY: 0.6993445426047307
width: 0.032661290322580645
height: 0.050441721288116276
Area: 0.000455395802498644
CentroidX: 0.7871
CentroidY: 0.7243
