Location: Dedata_15.png_Gaussian-Closing.png
Component: component_1755519779793_258.png
centerX: 0.3004032258064516
centerY: 0.74437161584497
width: 0.027419354838709678
height: 0.04987175833570818
Area: 0.0004278169499627686
CentroidX: 0.3153
CentroidY: 0.7690
