Location: Dedata_15.png_Gaussian-Median.png
Component: component_1755519780154_120.png
centerX: 0.21048387096774193
centerY: 0.3029353092049017
width: 0.034274193548387094
height: 0.04645198062125962
Area: 0.0003919644416661304
CentroidX: 0.2268
CentroidY: 0.3256
