Location: Dedata_15.png_Gaussian-Median.png
Component: component_1755519780133_43.png
centerX: 0.9419354838709677
centerY: 0.10145340552864064
width: 0.027016129032258064
height: 0.037047591906526074
Area: 0.0003280734332913522
CentroidX: 0.9545
CentroidY: 0.1189
