Location: Dedata_15.png_Gaussian-Closing.png
Component: component_1755519779763_225.png
centerX: 0.01653225806451613
centerY: 0.6266742661726987
width: 0.027419354838709678
height: 0.04787688800227985
Area: 0.00045137388650382887
CentroidX: 0.0288
CentroidY: 0.6494
