Location: Dedata_15.png_Gaussian-Closing.png
Component: component_1755519779585_56.png
centerX: 0.18266129032258063
centerY: 0.12453690510116842
width: 0.032661290322580645
height: 0.04217725847819892
Area: 0.0003851846404177277
CentroidX: 0.1974
CentroidY: 0.1442
