Location: Dedata_15.png_Mean-Closing.png
Component: component_1755519780032_220.png
centerX: 0.14596774193548387
centerY: 0.6149900256483328
width: 0.03387096774193549
height: 0.049586776859504134
Area: 0.00045999227792128993
CentroidX: 0.1628
CentroidY: 0.6409
