Location: Dedata_15.png_Mean-Closing.png
Component: component_1755519780044_254.png
centerX: 0.3548387096774194
centerY: 0.7358221715588487
width: 0.034274193548387094
height: 0.057566258193217444
Area: 0.0005628384155029923
CentroidX: 0.3704
CentroidY: 0.7640
