Location: Dedata_15.png_Otsu.png
Component: component_1755519779304_141.png
centerX: 0.5693548387096774
centerY: 0.3391279566828156
width: 0.028225806451612902
height: 0.04274722143060701
Area: 0.0003759916895724359
CentroidX: 0.5837
CentroidY: 0.3602
