Location: Dedata_15.png_Otsu.png
Component: component_1755519779292_74.png
centerX: 0.175
centerY: 0.1823881447705899
width: 0.028629032258064516
height: 0.03733257338273012
Area: 0.00028624550694527435
CentroidX: 0.1892
CentroidY: 0.1989
