Location: Dedata_15.png_Otsu.png
Component: component_1755519779305_147.png
centerX: 0.32661290322580644
centerY: 0.3510971786833856
width: 0.03387096774193549
height: 0.04588201766885153
Area: 0.0004265529192215409
CentroidX: 0.3455
CentroidY: 0.3739
