Location: Dedata_15.png_Gaussian-Closing.png
Component: component_1755519779911_290.png
centerX: 0.5616935483870967
centerY: 0.8674836135651183
width: 0.02943548387096774
height: 0.051011684240524366
Area: 0.00044700723485231525
CentroidX: 0.5763
CentroidY: 0.8941
