Location: Dedata_15.png_Otsu.png
Component: component_1755519779316_201.png
centerX: 0.17298387096774193
centerY: 0.4881732687375321
width: 0.03185483870967742
height: 0.05215161014534055
Area: 0.00034209268333042225
CentroidX: 0.1876
CentroidY: 0.5131
