Location: Dedata_15.png_Gaussian-Closing.png
Component: component_1755519779575_42.png
centerX: 0.9419354838709677
centerY: 0.10173838700484468
width: 0.027016129032258064
height: 0.03676261043032203
Area: 0.00032726905009238915
CentroidX: 0.9545
CentroidY: 0.1189
