Location: Dedata_15.png_Otsu.png
Component: component_1755519779311_172.png
centerX: 0.1592741935483871
centerY: 0.4260473069250499
width: 0.03346774193548387
height: 0.04474209176403534
Area: 0.00033853041487787167
CentroidX: 0.1753
CentroidY: 0.4494
