Location: Document_2025-04-16_190416-1.png_Mean-Closing.png
Component: component_1744836306057_345.png
centerX: 0.12661955241460543
centerY: 0.5263157894736842
width: 0.025323910482921083
height: 0.02738553701326487
Area: 0.0003807746836999707
CentroidX: 0.1395
CentroidY: 0.5404
