Location: Document_2025-04-16_190416-1.png_Mean-Closing.png
Component: component_1744836305818_12.png
centerX: 0.591283863368669
centerY: 0.015832263585793753
width: 0.027090694935217905
height: 0.03508771929824561
Area: 0.00039413077783372215
CentroidX: 0.6068
CentroidY: 0.0344
