Location: Document_2025-04-16_190416-1.png_Mean-Closing.png
Component: component_1744836306028_276.png
centerX: 0.9305064782096584
centerY: 0.4300385109114249
width: 0.022968197879858657
height: 0.03508771929824561
Area: 0.0004359630726677362
CentroidX: 0.9420
CentroidY: 0.4466
