Location: Document_2025-04-16_190416-1.png_Mean-Closing.png
Component: component_1744836306030_282.png
centerX: 0.7120141342756183
centerY: 0.4407359863072315
width: 0.024734982332155476
height: 0.02866923406076166
Area: 0.0004168109376834888
CentroidX: 0.7249
CentroidY: 0.4552
