Location: Document_2025-04-16_190416-1.png_Gaussian-Median.png
Component: component_1744836305595_171.png
centerX: 0.43462897526501765
centerY: 0.2550278134360291
width: 0.023557126030624265
height: 0.028241335044929396
Area: 0.0003311303338065927
CentroidX: 0.4465
CentroidY: 0.2703
