Location: Document_2025-04-16_190348-1.png_Gaussian-Closing.png
Component: component_1744836306212_292.png
centerX: 0.39752650176678445
centerY: 0.3923833975181857
width: 0.022968197879858657
height: 0.025673940949935817
Area: 0.0003807746836999707
CentroidX: 0.4089
CentroidY: 0.4048
