Location: Document_2025-04-16_190348-1.png_Gaussian-Closing.png
Component: component_1744836306178_203.png
centerX: 0.9104829210836278
centerY: 0.2798459563543004
width: 0.023557126030624265
height: 0.02738553701326487
Area: 0.00039387877605761364
CentroidX: 0.9224
CentroidY: 0.2941
