Location: Document_2025-04-16_190416-1.png_Mean-Closing.png
Component: component_1744836306013_226.png
centerX: 0.914605418138987
centerY: 0.3513050919982884
width: 0.02061248527679623
height: 0.024818142918271287
Area: 0.00028602201588316797
CentroidX: 0.9247
CentroidY: 0.3637
