Location: Document_2025-04-16_190416-1.png_Mean-Closing.png
Component: component_1744836305976_150.png
centerX: 0.7797408716136631
centerY: 0.24604193410355157
width: 0.023557126030624265
height: 0.03209242618741977
Area: 0.0004195829572206825
CentroidX: 0.7906
CentroidY: 0.2621
