Location: Document_2025-04-16_190416-1.png_Mean-Closing.png
Component: component_1744836305825_21.png
centerX: 0.7449941107184923
centerY: 0.018399657680787333
width: 0.02767962308598351
height: 0.0329482242190843
Area: 0.000384806712117707
CentroidX: 0.7598
CentroidY: 0.0356
