Location: Document_2025-04-16_190348-1.png_Gaussian-Closing.png
Component: component_1744836306198_256.png
centerX: 0.702002355712603
centerY: 0.34959349593495936
width: 0.02591283863368669
height: 0.029097133076593923
Area: 0.0004704873159946031
CentroidX: 0.7150
CentroidY: 0.3652
