Location: Document_2025-04-16_190416-1.png_Mean-Closing.png
Component: component_1744836305988_174.png
centerX: 0.09069493521790342
centerY: 0.2588789045785195
width: 0.021790341578327443
height: 0.02396234488660676
Area: 0.00027367392885385054
CentroidX: 0.1024
CentroidY: 0.2714
