Location: Document_2025-04-16_190348-1.png_Gaussian-Closing.png
Component: component_1744836306163_191.png
centerX: 0.3480565371024735
centerY: 0.25459991442019686
width: 0.018256772673733806
height: 0.02267864783910997
Area: 0.00023184163401983657
CentroidX: 0.3574
CentroidY: 0.2664
