Location: Document_2025-04-16_190348-1.png_Gaussian-Closing.png
Component: component_1744836306241_405.png
centerX: 0.8421672555948174
centerY: 0.5575524176294394
width: 0.02061248527679623
height: 0.025673940949935817
Area: 0.00021319350258780623
CentroidX: 0.8523
CentroidY: 0.5704
