Location: Document_2025-04-16_190416-1.png_Mean-Closing.png
Component: component_1744836306041_317.png
centerX: 0.32332155477031804
centerY: 0.4925117672229354
width: 0.023557126030624265
height: 0.02738553701326487
Area: 0.00037321463041671516
CentroidX: 0.3347
CentroidY: 0.5059
