Location: Document_2025-04-16_190416-1.png_Gaussian-Closing.png
Component: component_1744836305761_349.png
centerX: 0.16784452296819788
centerY: 0.5280273855370132
width: 0.023557126030624265
height: 0.02610183996576808
Area: 0.00035885052917852963
CentroidX: 0.1799
CentroidY: 0.5409
