Location: Document_2025-04-16_190416-1.png_Mean-Closing.png
Component: component_1744836306037_300.png
centerX: 0.9599528857479388
centerY: 0.4685494223363286
width: 0.02237926972909305
height: 0.028241335044929396
Area: 0.0003878307334310092
CentroidX: 0.9703
CentroidY: 0.4824
