Location: Document_2025-04-16_190416-1.png_Mean-Closing.png
Component: component_1744836306045_337.png
centerX: 0.48115429917550057
centerY: 0.5186136071887034
width: 0.025323910482921083
height: 0.03080872913992298
Area: 0.0004354590691155191
CentroidX: 0.4937
CentroidY: 0.5338
