Location: Document_2025-04-16_190348-1.png_Gaussian-Closing.png
Component: component_1744836306203_268.png
centerX: 0.3580683156654888
centerY: 0.3560119811724433
width: 0.025323910482921083
height: 0.02866923406076166
Area: 0.0003900987494159859
CentroidX: 0.3711
CentroidY: 0.3714
