Location: Document_2025-04-16_190348-1.png_Gaussian-Closing.png
Component: component_1744836306198_255.png
centerX: 0.6266195524146054
centerY: 0.34959349593495936
width: 0.02591283863368669
height: 0.02610183996576808
Area: 0.0004145429216985121
CentroidX: 0.6396
CentroidY: 0.3631
