Location: Document_2025-04-16_190416-1.png_Gaussian-Closing.png
Component: component_1744836305746_287.png
centerX: 0.5111896348645465
centerY: 0.4475823705605477
width: 0.026501766784452298
height: 0.029525032092426188
Area: 0.00040219483466919474
CentroidX: 0.5257
CentroidY: 0.4625
