Location: Document_2025-04-16_190416-1.png_Gaussian-Closing.png
Component: component_1744836305666_32.png
centerX: 0.6666666666666666
centerY: 0.06118955926401369
width: 0.024146054181389872
height: 0.02866923406076166
Area: 0.0002862740176592765
CentroidX: 0.6789
CentroidY: 0.0752
