Location: Document_2025-04-16_190416-1.png_Gaussian-Median.png
Component: component_1744836305610_237.png
centerX: 0.784452296819788
centerY: 0.355584082156611
width: 0.02061248527679623
height: 0.02738553701326487
Area: 0.0002918180567336639
CentroidX: 0.7950
CentroidY: 0.3686
