Location: Document_2025-04-16_190348-1.png_Gaussian-Closing.png
Component: component_1744836306251_450.png
centerX: 0.7014134275618374
centerY: 0.5982028241335045
width: 0.02237926972909305
height: 0.023106546854942234
Area: 0.00023436165178092176
CentroidX: 0.7130
CentroidY: 0.6097
