Location: Document_2025-04-16_190416-1.png_Mean-Closing.png
Component: component_1744836305841_54.png
centerX: 0.4045936395759717
centerY: 0.09670517757809156
width: 0.026501766784452298
height: 0.029525032092426188
Area: 0.0002908100496292298
CentroidX: 0.4192
CentroidY: 0.1125
