Location: Document_2025-04-16_190416-1.png_Gaussian-Closing.png
Component: component_1744836305663_15.png
centerX: 0.18374558303886926
centerY: 0.017543859649122806
width: 0.030035335689045935
height: 0.03423192126658109
Area: 0.0005486078665882438
CentroidX: 0.2000
CentroidY: 0.0351
