Location: Document_2025-04-16_190348-1.png_Gaussian-Closing.png
Component: component_1744836306264_525.png
centerX: 0.1625441696113074
centerY: 0.7004706889174155
width: 0.024146054181389872
height: 0.02866923406076166
Area: 0.0003550705025369019
CentroidX: 0.1748
CentroidY: 0.7146
