Location: Document_2025-04-16_190416-1.png_Mean-Closing.png
Component: component_1744836306001_214.png
centerX: 0.3545347467608952
centerY: 0.3277706461275139
width: 0.022968197879858657
height: 0.02781343602909713
Area: 0.00036162254871572333
CentroidX: 0.3667
CentroidY: 0.3413
