Location: Document_2025-04-16_190416-1.png_Gaussian-Closing.png
Component: component_1744836305742_266.png
centerX: 0.38928150765606595
centerY: 0.41078305519897307
width: 0.024146054181389872
height: 0.029525032092426188
Area: 0.0003724586250883896
CentroidX: 0.4016
CentroidY: 0.4255
