Location: Document_2025-04-16_190416-1.png_Mean-Closing.png
Component: component_1744836306016_232.png
centerX: 0.7473498233215548
centerY: 0.3560119811724433
width: 0.023557126030624265
height: 0.02738553701326487
Area: 0.00031449821658343047
CentroidX: 0.7599
CentroidY: 0.3696
