Location: Document_2025-04-16_190416-1.png_Mean-Closing.png
Component: component_1744836305841_57.png
centerX: 0.6207302709069493
centerY: 0.09713307659392384
width: 0.026501766784452298
height: 0.026529738981600343
Area: 0.0003346583586721119
CentroidX: 0.6351
CentroidY: 0.1110
