Location: Document_2025-04-16_190348-1.png_Gaussian-Closing.png
Component: component_1744836306112_71.png
centerX: 0.7585394581861012
centerY: 0.07787762088147197
width: 0.023557126030624265
height: 0.02267864783910997
Area: 0.00028324999634597427
CentroidX: 0.7710
CentroidY: 0.0900
