Location: Document_2025-04-16_190348-1.png_Gaussian-Closing.png
Component: component_1744836306207_273.png
centerX: 0.24028268551236748
centerY: 0.3585793752674369
width: 0.027090694935217905
height: 0.031664527171587506
Area: 0.0004785513728300757
CentroidX: 0.2543
CentroidY: 0.3749
