Location: Document_2025-04-16_190416-1.png_Mean-Closing.png
Component: component_1744836305897_93.png
centerX: 0.803886925795053
centerY: 0.13906718014548566
width: 0.01884570082449941
height: 0.02267864783910997
Area: 0.00016833718644049004
CentroidX: 0.8145
CentroidY: 0.1508
