Location: Document_2025-04-16_190416-1.png_Gaussian-Median.png
Component: component_1744836305614_262.png
centerX: 0.7885747938751473
centerY: 0.39580658964484383
width: 0.02591283863368669
height: 0.031664527171587506
Area: 0.00042890702293669764
CentroidX: 0.8029
CentroidY: 0.4115
