Location: Document_2025-04-16_190416-1.png_Gaussian-Closing.png
Component: component_1744836305679_60.png
centerX: 0.20259128386336867
centerY: 0.09970047068891741
width: 0.021790341578327443
height: 0.02781343602909713
Area: 0.00028173798568932313
CentroidX: 0.2139
CentroidY: 0.1137
