Location: Document_2025-04-16_190348-1.png_Gaussian-Closing.png
Component: component_1744836306281_612.png
centerX: 0.7773851590106007
centerY: 0.8416773641420625
width: 0.02944640753828033
height: 0.02781343602909713
Area: 0.00037069461265563
CentroidX: 0.7915
CentroidY: 0.8570
