Location: Document_2025-04-16_190348-1.png_Gaussian-Closing.png
Component: component_1744836306159_182.png
centerX: 0.9081272084805654
centerY: 0.2490372272143774
width: 0.023557126030624265
height: 0.0235344458707745
Area: 0.00023738567309422397
CentroidX: 0.9211
CentroidY: 0.2613
