Location: Document_2025-04-16_190416-1.png_Gaussian-Closing.png
Component: component_1744836305709_153.png
centerX: 0.9098939929328622
centerY: 0.24604193410355157
width: 0.021790341578327443
height: 0.029525032092426188
Area: 0.0003522984829997082
CentroidX: 0.9210
CentroidY: 0.2608
