Location: Document_2025-04-16_190348-1.png_Gaussian-Closing.png
Component: component_1744836306187_226.png
centerX: 0.12249705535924617
centerY: 0.29182712879760375
width: 0.02237926972909305
height: 0.025673940949935817
Area: 0.00024746574413856467
CentroidX: 0.1348
CentroidY: 0.3044
