Location: Document_2025-04-16_190348-1.png_Gaussian-Closing.png
Component: component_1744836306228_339.png
centerX: 0.6007067137809188
centerY: 0.4587077449721866
width: 0.02120141342756184
height: 0.024390243902439025
Area: 0.00027216191819719946
CentroidX: 0.6110
CentroidY: 0.4710
