Location: Document_2025-04-16_190348-1.png_Gaussian-Closing.png
Component: component_1744836306230_352.png
centerX: 0.8445229681978799
centerY: 0.48823277706461277
width: 0.022968197879858657
height: 0.02610183996576808
Area: 0.0002948420780469661
CentroidX: 0.8559
CentroidY: 0.5008
