Location: Document_2025-04-16_190348-1.png_Gaussian-Closing.png
Component: component_1744836306193_235.png
centerX: 0.6207302709069493
centerY: 0.314933675652546
width: 0.026501766784452298
height: 0.029097133076593923
Area: 0.0004672112929051924
CentroidX: 0.6334
CentroidY: 0.3301
