Location: Document_2025-04-16_190348-1.png_Gaussian-Closing.png
Component: component_1744836306290_659.png
centerX: 0.9269729093050648
centerY: 0.9131364997860505
width: 0.025323910482921083
height: 0.03465982028241335
Area: 0.0005435678310660734
CentroidX: 0.9391
CentroidY: 0.9308
