Location: Document_2025-04-16_190416-1.png_Mean-Closing.png
Component: component_1744836306057_344.png
centerX: 0.0895170789163722
centerY: 0.5267436884895165
width: 0.02591283863368669
height: 0.02738553701326487
Area: 0.000398414808027567
CentroidX: 0.1031
CentroidY: 0.5412
