Location: Document_2025-04-16_190416-1.png_Gaussian-Closing.png
Component: component_1744836305733_222.png
centerX: 0.15429917550058891
centerY: 0.33590072742832694
width: 0.02237926972909305
height: 0.029097133076593923
Area: 0.0003175222378967327
CentroidX: 0.1656
CentroidY: 0.3502
