Location: Document_2025-04-16_190416-1.png_Mean-Closing.png
Component: component_1744836306030_285.png
centerX: 0.5930506478209658
centerY: 0.4450149764655541
width: 0.026501766784452298
height: 0.02995293110825845
Area: 0.0004440271295032087
CentroidX: 0.6064
CentroidY: 0.4601
