Location: Document_2025-04-16_190348-1.png_Gaussian-Closing.png
Component: component_1744836306256_479.png
centerX: 0.8186101295641932
centerY: 0.6529738981600343
width: 0.02591283863368669
height: 0.02866923406076166
Area: 0.00042462299274285286
CentroidX: 0.8320
CentroidY: 0.6671
