Location: Document_2025-04-16_190416-1.png_Gaussian-Closing.png
Component: component_1744836305718_182.png
centerX: 0.7426383981154299
centerY: 0.28369704749679076
width: 0.022968197879858657
height: 0.02610183996576808
Area: 0.00031651423079229863
CentroidX: 0.7544
CentroidY: 0.2969
