Location: Document_2025-04-16_190416-1.png_Mean-Closing.png
Component: component_1744836305832_40.png
centerX: 0.24617196702002356
centerY: 0.06375695335900727
width: 0.024734982332155476
height: 0.02995293110825845
Area: 0.00033818638353763116
CentroidX: 0.2593
CentroidY: 0.0789
