Location: Document_2025-04-16_190416-1.png_Gaussian-Median.png
Component: component_1744836305626_327.png
centerX: 0.2826855123674912
centerY: 0.4946512623020967
width: 0.022968197879858657
height: 0.02738553701326487
Area: 0.0003553225043130104
CentroidX: 0.2945
CentroidY: 0.5080
