Location: Document_2025-04-16_190348-1.png_Gaussian-Closing.png
Component: component_1744836306234_370.png
centerX: 0.2832744405182568
centerY: 0.4976465554129226
width: 0.02061248527679623
height: 0.0235344458707745
Area: 0.0002595618293917736
CentroidX: 0.2937
CentroidY: 0.5099
