Location: Document_2025-04-16_190348-1.png_Gaussian-Closing.png
Component: component_1744836306196_248.png
centerX: 0.12426383981154299
centerY: 0.3256311510483526
width: 0.02591283863368669
height: 0.031664527171587506
Area: 0.0004417591135182321
CentroidX: 0.1378
CentroidY: 0.3409
