Location: Document_2025-04-16_190416-1.png_Mean-Closing.png
Component: component_1744836306037_301.png
centerX: 0.925206124852768
centerY: 0.46983311938382544
width: 0.023557126030624265
height: 0.02866923406076166
Area: 0.00038959474586376886
CentroidX: 0.9372
CentroidY: 0.4840
