Location: Document_2025-04-16_190348-1.png_Gaussian-Closing.png
Component: component_1744836306269_547.png
centerX: 0.31861012956419316
centerY: 0.7308515190415062
width: 0.028268551236749116
height: 0.03337612323491656
Area: 0.0004417591135182321
CentroidX: 0.3345
CentroidY: 0.7480
