Location: Document_2025-04-16_190348-1.png_Gaussian-Closing.png
Component: component_1744836306215_302.png
centerX: 0.9487632508833922
centerY: 0.4163457424047925
width: 0.02120141342756184
height: 0.026957637997432605
Area: 0.0002787139643760209
CentroidX: 0.9601
CentroidY: 0.4303
