Location: Document_2025-04-16_190348-1.png_Gaussian-Closing.png
Component: component_1744836306248_437.png
centerX: 0.15901060070671377
centerY: 0.5956354300385109
width: 0.022968197879858657
height: 0.025246041934103552
Area: 0.00026535787024226944
CentroidX: 0.1706
CentroidY: 0.6086
