Location: Document_2025-04-16_190416-1.png_Mean-Closing.png
Component: component_1744836306069_372.png
centerX: 0.1330977620730271
centerY: 0.5626872058194267
width: 0.024734982332155476
height: 0.024818142918271287
Area: 0.00034902245991029745
CentroidX: 0.1462
CentroidY: 0.5753
