Location: Document_2025-04-16_190416-1.png_Gaussian-Closing.png
Component: component_1744836305692_104.png
centerX: 0.7326266195524146
centerY: 0.17073170731707318
width: 0.025323910482921083
height: 0.03209242618741977
Area: 0.00041303091104186103
CentroidX: 0.7458
CentroidY: 0.1872
