Location: Document_2025-04-16_190416-1.png_Gaussian-Median.png
Component: component_1744836305578_73.png
centerX: 0.16313309776207302
centerY: 0.10098416773641421
width: 0.02237926972909305
height: 0.028241335044929396
Area: 0.00030315813665854715
CentroidX: 0.1740
CentroidY: 0.1159
