Location: Document_2025-04-16_190348-1.png_Gaussian-Closing.png
Component: component_1744836306276_586.png
centerX: 0.7809187279151943
centerY: 0.8057338468121523
width: 0.02061248527679623
height: 0.028241335044929396
Area: 0.00017463723084320298
CentroidX: 0.7919
CentroidY: 0.8205
