Location: Document_2025-04-16_190416-1.png_Gaussian-Closing.png
Component: component_1744836305723_198.png
centerX: 0.23557126030624265
centerY: 0.29781771501925547
width: 0.024146054181389872
height: 0.029097133076593923
Area: 0.00036515057358124263
CentroidX: 0.2477
CentroidY: 0.3125
