Location: Document_2025-04-16_190348-1.png_Gaussian-Closing.png
Component: component_1744836306114_80.png
centerX: 0.7585394581861012
centerY: 0.10911424903722722
width: 0.027090694935217905
height: 0.025246041934103552
Area: 0.00034045439952260783
CentroidX: 0.7730
CentroidY: 0.1229
