Location: Document_2025-04-16_190416-1.png_Mean-Closing.png
Component: component_1744836305941_111.png
centerX: 0.5836277974087162
centerY: 0.1715875053487377
width: 0.023557126030624265
height: 0.030380830124090714
Area: 0.00034347842083591005
CentroidX: 0.5966
CentroidY: 0.1868
