Location: Document_2025-04-16_190416-1.png_Gaussian-Closing.png
Component: component_1744836305660_2.png
centerX: 0.4734982332155477
centerY: 0.012836970474967908
width: 0.02591283863368669
height: 0.03551561831407788
Area: 0.0003679225931184363
CentroidX: 0.4878
CentroidY: 0.0313
