Location: Document_2025-04-16_190416-1.png_Mean-Closing.png
Component: component_1744836305881_85.png
centerX: 0.6955241460541813
centerY: 0.13478818998716302
width: 0.019434628975265017
height: 0.02396234488660676
Area: 0.0001776612521565052
CentroidX: 0.7061
CentroidY: 0.1472
