Location: Document_2025-04-16_190348-1.png_Gaussian-Closing.png
Component: component_1744836306273_572.png
centerX: 0.08362779740871613
centerY: 0.7736414206247325
width: 0.02237926972909305
height: 0.02866923406076166
Area: 0.0002618298453767502
CentroidX: 0.0953
CentroidY: 0.7895
