Location: Document_2025-04-16_190348-1.png_Gaussian-Closing.png
Component: component_1744836306260_507.png
centerX: 0.8863368669022379
centerY: 0.6837826272999572
width: 0.02120141342756184
height: 0.029525032092426188
Area: 0.00033919439064206526
CentroidX: 0.8973
CentroidY: 0.6981
