Location: Document_2025-04-16_190348-1.png_Gaussian-Closing.png
Component: component_1744836306151_160.png
centerX: 0.535924617196702
centerY: 0.2186563970902867
width: 0.024734982332155476
height: 0.021822849807445442
Area: 0.0002457017317058051
CentroidX: 0.5489
CentroidY: 0.2299
