Location: Document_2025-04-16_190348-1.png_Gaussian-Closing.png
Component: component_1744836306254_467.png
centerX: 0.16136631330977622
centerY: 0.6268720581942662
width: 0.02061248527679623
height: 0.02738553701326487
Area: 0.0003109701917179112
CentroidX: 0.1720
CentroidY: 0.6408
