Location: Document_2025-04-16_190416-1.png_Mean-Closing.png
Component: component_1744836306070_373.png
centerX: 0.09422850412249706
centerY: 0.5639709028669234
width: 0.02237926972909305
height: 0.02396234488660676
Area: 0.0003313823355827012
CentroidX: 0.1054
CentroidY: 0.5756
