Location: Document_2025-04-16_190348-1.png_Gaussian-Closing.png
Component: component_1744836306259_502.png
centerX: 0.050647820965842166
centerY: 0.6679503637141635
width: 0.022968197879858657
height: 0.02781343602909713
Area: 0.0002827459927937572
CentroidX: 0.0620
CentroidY: 0.6824
