Location: Document_2025-04-16_190416-1.png_Mean-Closing.png
Component: component_1744836306029_278.png
centerX: 0.8586572438162544
centerY: 0.43517329910141206
width: 0.028857479387514724
height: 0.0329482242190843
Area: 0.0004392390957571469
CentroidX: 0.8744
CentroidY: 0.4520
