Location: Document_2025-04-16_190348-1.png_Gaussian-Closing.png
Component: component_1744836306259_497.png
centerX: 0.4010600706713781
centerY: 0.6619597774925118
width: 0.025323910482921083
height: 0.024818142918271287
Area: 0.00035885052917852963
CentroidX: 0.4139
CentroidY: 0.6740
