Location: Document_2025-04-16_190348-1.png_Gaussian-Closing.png
Component: component_1744836306151_159.png
centerX: 0.4634864546525324
centerY: 0.21822849807445444
width: 0.023557126030624265
height: 0.02139495079161318
Area: 0.00023990569085530916
CentroidX: 0.4758
CentroidY: 0.2293
