Location: Document_2025-04-16_190416-1.png_Gaussian-Median.png
Component: component_1744836305629_345.png
centerX: 0.6707891637220259
centerY: 0.5169020111253744
width: 0.027090694935217905
height: 0.026529738981600343
Area: 0.0004170629394595973
CentroidX: 0.6842
CentroidY: 0.5301
