Location: Document_2025-04-16_190348-1.png_Gaussian-Closing.png
Component: component_1744836306267_537.png
centerX: 0.5618374558303887
centerY: 0.7227214377406932
width: 0.02237926972909305
height: 0.02610183996576808
Area: 0.0003182782432250583
CentroidX: 0.5731
CentroidY: 0.7364
