Location: Document_2025-04-16_190348-1.png_Gaussian-Closing.png
Component: component_1744836306233_366.png
centerX: 0.4034157832744405
centerY: 0.4942233632862644
width: 0.020023557126030624
height: 0.02396234488660676
Area: 0.0002696419004361143
CentroidX: 0.4132
CentroidY: 0.5066
