Location: Document_2025-04-16_190348-1.png_Gaussian-Closing.png
Component: component_1744836306284_629.png
centerX: 0.23851590106007067
centerY: 0.8523748395378691
width: 0.024146054181389872
height: 0.029525032092426188
Area: 0.0003454944350447782
CentroidX: 0.2503
CentroidY: 0.8683
