Location: Document_2025-04-16_190348-1.png_Gaussian-Closing.png
Component: component_1744836306213_298.png
centerX: 0.061837455830388695
centerY: 0.39623448866067607
width: 0.020023557126030624
height: 0.025673940949935817
Area: 0.00032256227341890306
CentroidX: 0.0720
CentroidY: 0.4096
