Location: Document_2025-04-16_190416-1.png_Gaussian-Median.png
Component: component_1744836305627_334.png
centerX: 0.9263839811542992
centerY: 0.5079161317928969
width: 0.02237926972909305
height: 0.028241335044929396
Area: 0.0003535584918802508
CentroidX: 0.9385
CentroidY: 0.5222
