Location: Document_2025-04-16_190348-1.png_Gaussian-Closing.png
Component: component_1744836306276_591.png
centerX: 0.5983510011778563
centerY: 0.8091570389388104
width: 0.027090694935217905
height: 0.03080872913992298
Area: 0.00036817459489454484
CentroidX: 0.6119
CentroidY: 0.8251
