Location: Document_2025-04-16_190416-1.png_Mean-Closing.png
Component: component_1744836306068_369.png
centerX: 0.24381625441696114
centerY: 0.5596919127086007
width: 0.02237926972909305
height: 0.029097133076593923
Area: 0.0003734666321928237
CentroidX: 0.2551
CentroidY: 0.5746
