Location: Document_2025-04-16_190416-1.png_Gaussian-Closing.png
Component: component_1744836305679_62.png
centerX: 0.2826855123674912
centerY: 0.09927257167308515
width: 0.021790341578327443
height: 0.026957637997432605
Area: 0.00027745395549547835
CentroidX: 0.2939
CentroidY: 0.1126
