Location: Document_2025-04-16_190348-1.png_Gaussian-Closing.png
Component: component_1744836306282_619.png
centerX: 0.43521790341578326
centerY: 0.8485237483953787
width: 0.023557126030624265
height: 0.03337612323491656
Area: 0.0002996301117930279
CentroidX: 0.4478
CentroidY: 0.8652
