Location: Document_2025-04-16_190348-1.png_Gaussian-Closing.png
Component: component_1744836306232_360.png
centerX: 0.8780918727915195
centerY: 0.49080017115960634
width: 0.021790341578327443
height: 0.024390243902439025
Area: 0.0002623338489289672
CentroidX: 0.8889
CentroidY: 0.5031
