Location: Document_2025-04-16_190348-1.png_Gaussian-Closing.png
Component: component_1744836306232_361.png
centerX: 0.6336866902237926
centerY: 0.49165596919127086
width: 0.02120141342756184
height: 0.022250748823277707
Area: 0.000272413919973308
CentroidX: 0.6437
CentroidY: 0.5024
