Location: Document_2025-04-16_190348-1.png_Gaussian-Closing.png
Component: component_1744836306294_676.png
centerX: 0.32685512367491165
centerY: 0.922122379118528
width: 0.018256772673733806
height: 0.025246041934103552
Area: 0.00020235742621513996
CentroidX: 0.3361
CentroidY: 0.9340
