Location: Document_2025-04-16_190348-1.png_Gaussian-Closing.png
Component: component_1744836306147_139.png
centerX: 0.7243816254416962
centerY: 0.188275566966196
width: 0.020023557126030624
height: 0.02139495079161318
Area: 0.00022276957007992993
CentroidX: 0.7345
CentroidY: 0.1997
