Location: Document_2025-04-16_190416-1.png_Gaussian-Closing.png
Component: component_1744836305681_72.png
centerX: 0.8457008244994111
centerY: 0.10312366281557553
width: 0.024734982332155476
height: 0.026957637997432605
Area: 0.00027468193595828465
CentroidX: 0.8592
CentroidY: 0.1174
