Location: Document_2025-04-16_190416-1.png_Mean-Closing.png
Component: component_1744836306046_339.png
centerX: 0.43992932862190814
centerY: 0.5216089002995293
width: 0.026501766784452298
height: 0.029525032092426188
Area: 0.00040824287729579917
CentroidX: 0.4544
CentroidY: 0.5365
