Location: Document_2025-04-16_190348-1.png_Gaussian-Closing.png
Component: component_1744836306294_680.png
centerX: 0.2055359246171967
centerY: 0.9234060761660248
width: 0.024734982332155476
height: 0.02781343602909713
Area: 0.00033213834091102673
CentroidX: 0.2182
CentroidY: 0.9380
