Location: Document_2025-04-16_190416-1.png_Gaussian-Closing.png
Component: component_1744836305691_101.png
centerX: 0.44051825677267376
centerY: 0.17073170731707318
width: 0.021790341578327443
height: 0.030380830124090714
Area: 0.00030567815441963234
CentroidX: 0.4522
CentroidY: 0.1867
