Location: Document_2025-04-16_190416-1.png_Gaussian-Median.png
Component: component_1744836305590_137.png
centerX: 0.5482921083627798
centerY: 0.21181001283697048
width: 0.023557126030624265
height: 0.026529738981600343
Area: 0.00032810631249329046
CentroidX: 0.5609
CentroidY: 0.2252
