Location: Document_2025-04-16_190416-1.png_Gaussian-Closing.png
Component: component_1744836305664_22.png
centerX: 0.7102473498233216
centerY: 0.019255455712451863
width: 0.026501766784452298
height: 0.03337612323491656
Area: 0.0004044628506541714
CentroidX: 0.7244
CentroidY: 0.0361
