Location: Document_2025-04-16_190348-1.png_Gaussian-Closing.png
Component: component_1744836306149_149.png
centerX: 0.19199057714958775
centerY: 0.1925545571245186
width: 0.022968197879858657
height: 0.021822849807445442
Area: 0.00022680159849766622
CentroidX: 0.2029
CentroidY: 0.2044
