Location: Document_2025-04-16_190416-1.png_Gaussian-Median.png
Component: component_1744836305575_57.png
centerX: 0.4452296819787986
centerY: 0.09584937954642704
width: 0.024146054181389872
height: 0.02781343602909713
Area: 0.00029585008515140015
CentroidX: 0.4581
CentroidY: 0.1101
