Location: Document_2025-04-16_190416-1.png_Gaussian-Closing.png
Component: component_1744836305739_249.png
centerX: 0.12603062426383982
centerY: 0.37526743688489517
width: 0.024146054181389872
height: 0.026529738981600343
Area: 0.0003243262858516627
CentroidX: 0.1373
CentroidY: 0.3893
