Location: Document_2025-04-16_190416-1.png_Gaussian-Closing.png
Component: component_1744836305674_52.png
centerX: 0.3651354534746761
centerY: 0.0962772785622593
width: 0.025323910482921083
height: 0.029097133076593923
Area: 0.00032684630361274784
CentroidX: 0.3781
CentroidY: 0.1128
