Location: Document_2025-04-16_190348-1.png_Gaussian-Closing.png
Component: component_1744836306267_540.png
centerX: 0.7426383981154299
centerY: 0.7222935387248609
width: 0.02237926972909305
height: 0.024818142918271287
Area: 0.0003641425664768085
CentroidX: 0.7543
CentroidY: 0.7345
