Location: Document_2025-04-16_190348-1.png_Gaussian-Closing.png
Component: component_1744836306293_672.png
centerX: 0.4387514723203769
centerY: 0.9212665810868635
width: 0.023557126030624265
height: 0.030380830124090714
Area: 0.0003102141863895857
CentroidX: 0.4503
CentroidY: 0.9361
