Location: Document_2025-04-16_190416-1.png_Mean-Closing.png
Component: component_1744836305847_68.png
centerX: 0.05653710247349823
centerY: 0.10098416773641421
width: 0.023557126030624265
height: 0.024818142918271287
Area: 0.0002492297565713243
CentroidX: 0.0683
CentroidY: 0.1142
