Location: Document_2025-04-16_190416-1.png_Gaussian-Median.png
Component: component_1744836305616_275.png
centerX: 0.31625441696113077
centerY: 0.4116388532306376
width: 0.023557126030624265
height: 0.029525032092426188
Area: 0.0003880827352071177
CentroidX: 0.3278
CentroidY: 0.4262
