Location: Document_2025-04-16_190348-1.png_Gaussian-Closing.png
Component: component_1744836306262_517.png
centerX: 0.5259128386336867
centerY: 0.693196405648267
width: 0.024146054181389872
height: 0.025673940949935817
Area: 0.0003585985274024211
CentroidX: 0.5384
CentroidY: 0.7061
