Location: Document_2025-04-16_190416-1.png_Gaussian-Median.png
Component: component_1744836305597_183.png
centerX: 0.8492343934040048
centerY: 0.27899015832263585
width: 0.025323910482921083
height: 0.028241335044929396
Area: 0.00036288255759626595
CentroidX: 0.8617
CentroidY: 0.2925
