Location: Document_2025-04-16_190348-1.png_Gaussian-Closing.png
Component: component_1744836306201_263.png
centerX: 0.464075382803298
centerY: 0.35173299101412064
width: 0.028268551236749116
height: 0.029097133076593923
Area: 0.0004682193000096265
CentroidX: 0.4790
CentroidY: 0.3664
