Location: Document_2025-04-16_190416-1.png_Mean-Closing.png
Component: component_1744836305990_179.png
centerX: 0.914605418138987
centerY: 0.2807017543859649
width: 0.019434628975265017
height: 0.02396234488660676
Area: 0.000272917923525525
CentroidX: 0.9248
CentroidY: 0.2923
