Location: Document_2025-04-16_190416-1.png_Gaussian-Median.png
Component: component_1744836305587_126.png
centerX: 0.1972909305064782
centerY: 0.17800599058622166
width: 0.022968197879858657
height: 0.03209242618741977
Area: 0.00035204648122359966
CentroidX: 0.2091
CentroidY: 0.1935
