Location: Document_2025-04-16_190348-1.png_Gaussian-Closing.png
Component: component_1744836306239_393.png
centerX: 0.3651354534746761
centerY: 0.5310226786478391
width: 0.02120141342756184
height: 0.021822849807445442
Area: 0.00025804981873512245
CentroidX: 0.3746
CentroidY: 0.5421
