Location: Document_2025-04-16_190416-1.png_Gaussian-Closing.png
Component: component_1744836305757_343.png
centerX: 0.2856301531213192
centerY: 0.5246041934103551
width: 0.024146054181389872
height: 0.024818142918271287
Area: 0.0003454944350447782
CentroidX: 0.2987
CentroidY: 0.5370
