Location: Document_2025-04-16_190348-1.png_Gaussian-Closing.png
Component: component_1744836306252_455.png
centerX: 0.8133097762073027
centerY: 0.6213093709884467
width: 0.025323910482921083
height: 0.028241335044929396
Area: 0.00040824287729579917
CentroidX: 0.8254
CentroidY: 0.6352
