Location: Document_2025-04-16_190416-1.png_Mean-Closing.png
Component: component_1744836305965_140.png
centerX: 0.39399293286219084
centerY: 0.21523320496362858
width: 0.026501766784452298
height: 0.03337612323491656
Area: 0.00042689100872782954
CentroidX: 0.4081
CentroidY: 0.2317
