Location: Document_2025-04-16_190416-1.png_Mean-Closing.png
Component: component_1744836306039_307.png
centerX: 0.6666666666666666
centerY: 0.47753530166880614
width: 0.02944640753828033
height: 0.0329482242190843
Area: 0.00047754336572564164
CentroidX: 0.6822
CentroidY: 0.4945
