Location: Document_2025-04-16_190416-1.png_Gaussian-Closing.png
Component: component_1744836305743_270.png
centerX: 0.12897526501766785
centerY: 0.41377834830979887
width: 0.022968197879858657
height: 0.029097133076593923
Area: 0.00034070640129871634
CentroidX: 0.1400
CentroidY: 0.4283
