Location: Document_2025-04-16_190348-1.png_Gaussian-Closing.png
Component: component_1744836306246_426.png
centerX: 0.0895170789163722
centerY: 0.5656824989302525
width: 0.01884570082449941
height: 0.024390243902439025
Area: 0.0001471690372473745
CentroidX: 0.0983
CentroidY: 0.5771
