Location: Document_2025-04-16_190348-1.png_Gaussian-Closing.png
Component: component_1744836306192_233.png
centerX: 0.8763250883392226
centerY: 0.31450577663671375
width: 0.027090694935217905
height: 0.03337612323491656
Area: 0.0005085395841869894
CentroidX: 0.8899
CentroidY: 0.3317
