Location: Document_2025-04-16_190416-1.png_Gaussian-Closing.png
Component: component_1744836305765_371.png
centerX: 0.20848056537102475
centerY: 0.5614035087719298
width: 0.021790341578327443
height: 0.025246041934103552
Area: 0.0003233182787472286
CentroidX: 0.2194
CentroidY: 0.5735
