Location: Document_2025-04-16_190348-1.png_Gaussian-Closing.png
Component: component_1744836306254_470.png
centerX: 0.4416961130742049
centerY: 0.6272999572100985
width: 0.021790341578327443
height: 0.02610183996576808
Area: 0.0002615778436006417
CentroidX: 0.4530
CentroidY: 0.6412
