Location: Document_2025-04-16_190348-1.png_Gaussian-Closing.png
Component: component_1744836306150_157.png
centerX: 0.9134275618374559
centerY: 0.2160890029952931
width: 0.020023557126030624
height: 0.02139495079161318
Area: 0.00020941347594617847
CentroidX: 0.9239
CentroidY: 0.2269
