Location: Document_2025-04-16_190416-1.png_Gaussian-Median.png
Component: component_1744836305613_259.png
centerX: 0.9493521790341578
centerY: 0.3910997004706889
width: 0.024734982332155476
height: 0.028241335044929396
Area: 0.0003956427884903733
CentroidX: 0.9616
CentroidY: 0.4048
