Location: Document_2025-04-16_190416-1.png_Gaussian-Median.png
Component: component_1744836305600_198.png
centerX: 0.35217903415783275
centerY: 0.2943945228925973
width: 0.022968197879858657
height: 0.026529738981600343
Area: 0.00033365035156767786
CentroidX: 0.3640
CentroidY: 0.3075
