Location: Document_2025-04-16_190416-1.png_Gaussian-Closing.png
Component: component_1744836305695_112.png
centerX: 0.6201413427561837
centerY: 0.1715875053487377
width: 0.026501766784452298
height: 0.02995293110825845
Area: 0.00038631872277435813
CentroidX: 0.6341
CentroidY: 0.1872
