Location: Document_2025-04-16_190348-1.png_Gaussian-Closing.png
Component: component_1744836306244_418.png
centerX: 0.6643109540636042
centerY: 0.5626872058194267
width: 0.02237926972909305
height: 0.023106546854942234
Area: 0.00023284964112427065
CentroidX: 0.6754
CentroidY: 0.5752
