Location: Document_2025-04-16_190416-1.png_Mean-Closing.png
Component: component_1744836305846_65.png
centerX: 0.12897526501766785
centerY: 0.10012836970474968
width: 0.020023557126030624
height: 0.02995293110825845
Area: 0.00028778602831592756
CentroidX: 0.1389
CentroidY: 0.1149
