Location: Document_2025-04-16_190416-1.png_Gaussian-Closing.png
Component: component_1744836305748_300.png
centerX: 0.05712603062426384
centerY: 0.45656824989302525
width: 0.021790341578327443
height: 0.02610183996576808
Area: 0.0002809819803609976
CentroidX: 0.0678
CentroidY: 0.4701
