Location: Document_2025-04-16_190416-1.png_Mean-Closing.png
Component: component_1744836305816_10.png
centerX: 0.26383981154299174
centerY: 0.01540436456996149
width: 0.02944640753828033
height: 0.03508771929824561
Area: 0.0005355037742306007
CentroidX: 0.2796
CentroidY: 0.0335
