Location: Document_2025-04-16_190416-1.png_Mean-Closing.png
Component: component_1744836306032_294.png
centerX: 0.16607773851590105
centerY: 0.45314505776636715
width: 0.024734982332155476
height: 0.029525032092426188
Area: 0.00038631872277435813
CentroidX: 0.1782
CentroidY: 0.4674
