Location: Document_2025-04-16_190416-1.png_Mean-Closing.png
Component: component_1744836306041_321.png
centerX: 0.24499411071849234
centerY: 0.49550706033376124
width: 0.023557126030624265
height: 0.02781343602909713
Area: 0.00036540257535735114
CentroidX: 0.2573
CentroidY: 0.5090
