Location: Document_2025-04-16_190348-1.png_Gaussian-Closing.png
Component: component_1744836306285_635.png
centerX: 0.7873969375736161
centerY: 0.8759092854086435
width: 0.023557126030624265
height: 0.03594351732991014
Area: 0.0005241636943057174
CentroidX: 0.7995
CentroidY: 0.8939
