Location: Document_2025-04-16_190416-1.png_Gaussian-Closing.png
Component: component_1744836305747_291.png
centerX: 0.3928150765606596
centerY: 0.4501497646555413
width: 0.023557126030624265
height: 0.029097133076593923
Area: 0.0003772466588344515
CentroidX: 0.4053
CentroidY: 0.4644
