Location: Document_2025-04-16_190416-1.png_Gaussian-Closing.png
Component: component_1744836305730_210.png
centerX: 0.633097762073027
centerY: 0.31835686777920413
width: 0.022968197879858657
height: 0.028241335044929396
Area: 0.00034927446168640596
CentroidX: 0.6444
CentroidY: 0.3328
