Location: Document_2025-04-16_190416-1.png_Mean-Closing.png
Component: component_1744836306012_222.png
centerX: 0.11955241460541814
centerY: 0.3363286264441592
width: 0.021790341578327443
height: 0.02781343602909713
Area: 0.0002915660549575553
CentroidX: 0.1313
CentroidY: 0.3503
