Location: Document_2025-04-16_190416-1.png_Gaussian-Closing.png
Component: component_1744836305744_277.png
centerX: 0.9305064782096584
centerY: 0.4300385109114249
width: 0.02237926972909305
height: 0.03508771929824561
Area: 0.00042941102648891467
CentroidX: 0.9419
CentroidY: 0.4466
