Location: Document_2025-04-16_190348-1.png_Gaussian-Closing.png
Component: component_1744836306175_196.png
centerX: 0.4617196702002356
centerY: 0.2563115104835259
width: 0.02120141342756184
height: 0.022250748823277707
Area: 0.00022050155409495325
CentroidX: 0.4737
CentroidY: 0.2675
