Location: Document_2025-04-16_190348-1.png_Gaussian-Closing.png
Component: component_1744836306286_640.png
centerX: 0.6749116607773852
centerY: 0.8793324775353016
width: 0.02767962308598351
height: 0.03423192126658109
Area: 0.000518115651679113
CentroidX: 0.6888
CentroidY: 0.8969
