Location: Document_2025-04-16_190416-1.png_Gaussian-Median.png
Component: component_1744836305603_208.png
centerX: 0.9157832744405182
centerY: 0.3127941805733847
width: 0.021790341578327443
height: 0.0235344458707745
Area: 0.00027770595727158687
CentroidX: 0.9276
CentroidY: 0.3252
