Location: Document_2025-04-16_190348-1.png_Gaussian-Closing.png
Component: component_1744836306146_135.png
centerX: 0.425206124852768
centerY: 0.18870346598202825
width: 0.020023557126030624
height: 0.02053915275994865
Area: 0.00020134941911070588
CentroidX: 0.4358
CentroidY: 0.2002
