Location: Document_2025-04-16_190416-1.png_Gaussian-Median.png
Component: component_1744836305599_194.png
centerX: 0.5094228504122497
centerY: 0.290543431750107
width: 0.019434628975265017
height: 0.02866923406076166
Area: 0.0003081981721807175
CentroidX: 0.5190
CentroidY: 0.3042
