Location: Document_2025-04-16_190416-1.png_Mean-Closing.png
Component: component_1744836306005_217.png
centerX: 0.31507656065959955
centerY: 0.3299101412066752
width: 0.021790341578327443
height: 0.025673940949935817
Area: 0.00035330649010414223
CentroidX: 0.3258
CentroidY: 0.3424
