Location: Document_2025-04-16_190348-1.png_Gaussian-Closing.png
Component: component_1744836306140_104.png
centerX: 0.09010600706713781
centerY: 0.1467693624304664
width: 0.022968197879858657
height: 0.02781343602909713
Area: 0.0002671218826750291
CentroidX: 0.1030
CentroidY: 0.1614
