Location: Document_2025-04-16_190348-1.png_Gaussian-Closing.png
Component: component_1744836306240_397.png
centerX: 0.32037691401649
centerY: 0.5314505776636713
width: 0.02061248527679623
height: 0.022250748823277707
Area: 0.00020185342266292294
CentroidX: 0.3312
CentroidY: 0.5437
