Location: Document_2025-04-16_190348-1.png_Gaussian-Closing.png
Component: component_1744836306115_83.png
centerX: 0.0895170789163722
centerY: 0.10954214805305948
width: 0.02120141342756184
height: 0.025246041934103552
Area: 0.0002618298453767502
CentroidX: 0.1005
CentroidY: 0.1223
