Location: Document_2025-04-16_190348-1.png_Gaussian-Closing.png
Component: component_1744836306255_471.png
centerX: 0.4010600706713781
centerY: 0.6281557552417629
width: 0.027090694935217905
height: 0.026957637997432605
Area: 0.0004115189003852099
CentroidX: 0.4142
CentroidY: 0.6416
