Location: Document_2025-04-16_190348-1.png_Gaussian-Closing.png
Component: component_1744836306223_322.png
centerX: 0.2868080094228504
centerY: 0.4283269148480959
width: 0.021790341578327443
height: 0.025246041934103552
Area: 0.0003344063568960034
CentroidX: 0.2974
CentroidY: 0.4413
