Location: Document_2025-04-16_190348-1.png_Gaussian-Closing.png
Component: component_1744836306227_337.png
centerX: 0.6354534746760895
centerY: 0.4582798459563543
width: 0.021790341578327443
height: 0.025673940949935817
Area: 0.00027619394661493573
CentroidX: 0.6470
CentroidY: 0.4719
