Location: Document_2025-04-16_190416-1.png_Mean-Closing.png
Component: component_1744836305847_67.png
centerX: 0.9546525323910483
centerY: 0.10055626872058195
width: 0.02591283863368669
height: 0.028241335044929396
Area: 0.0003102141863895857
CentroidX: 0.9693
CentroidY: 0.1145
