Location: Document_2025-04-16_190348-1.png_Gaussian-Closing.png
Component: component_1744836306196_250.png
centerX: 0.08892815076560659
centerY: 0.32605905006418484
width: 0.025323910482921083
height: 0.03209242618741977
Area: 0.00040824287729579917
CentroidX: 0.1023
CentroidY: 0.3426
