Location: Document_2025-04-16_190416-1.png_Gaussian-Median.png
Component: component_1744836305569_23.png
centerX: 0.7850412249705536
centerY: 0.019255455712451863
width: 0.027090694935217905
height: 0.0329482242190843
Area: 0.00035154247767138264
CentroidX: 0.8001
CentroidY: 0.0363
