Location: Document_2025-04-16_190416-1.png_Mean-Closing.png
Component: component_1744836305815_8.png
centerX: 0.9334511189634864
centerY: 0.014976465554129225
width: 0.026501766784452298
height: 0.03551561831407788
Area: 0.0003903507511920944
CentroidX: 0.9483
CentroidY: 0.0327
