Location: Document_2025-04-16_190416-1.png_Mean-Closing.png
Component: component_1744836306027_271.png
centerX: 0.23792697290930506
centerY: 0.41335044929396664
width: 0.02237926972909305
height: 0.02738553701326487
Area: 0.0003467544439253208
CentroidX: 0.2492
CentroidY: 0.4267
