Location: Document_2025-04-16_190416-1.png_Gaussian-Median.png
Component: component_1744836305582_98.png
centerX: 0.7661955241460542
centerY: 0.1386392811296534
width: 0.020023557126030624
height: 0.02396234488660676
Area: 0.0001844653001114352
CentroidX: 0.7773
CentroidY: 0.1504
