Location: Document_2025-04-16_190416-1.png_Gaussian-Median.png
Component: component_1744836305629_344.png
centerX: 0.5170789163722026
centerY: 0.5169020111253744
width: 0.02767962308598351
height: 0.02995293110825845
Area: 0.0004092508844002333
CentroidX: 0.5323
CentroidY: 0.5323
