Location: Document_2025-04-16_190348-1.png_Gaussian-Closing.png
Component: component_1744836306141_106.png
centerX: 0.8704358068315665
centerY: 0.1467693624304664
width: 0.025323910482921083
height: 0.025246041934103552
Area: 0.00029736209580805123
CentroidX: 0.8837
CentroidY: 0.1601
