Location: Document_2025-04-16_190348-1.png_Gaussian-Closing.png
Component: component_1744836306251_453.png
centerX: 0.9075382803297998
centerY: 0.6204535729567822
width: 0.02061248527679623
height: 0.02781343602909713
Area: 0.00035154247767138264
CentroidX: 0.9175
CentroidY: 0.6347
