Location: Document_2025-04-16_190416-1.png_Gaussian-Median.png
Component: component_1744836305623_309.png
centerX: 0.9599528857479388
centerY: 0.4685494223363286
width: 0.02237926972909305
height: 0.028241335044929396
Area: 0.0003807746836999707
CentroidX: 0.9703
CentroidY: 0.4825
