Location: Document_2025-04-16_190348-1.png_Gaussian-Closing.png
Component: component_1744836306236_379.png
centerX: 0.8439340400471143
centerY: 0.5250320924261874
width: 0.0176678445229682
height: 0.02011125374411639
Area: 0.0001791732628131563
CentroidX: 0.8535
CentroidY: 0.5353
