Location: Document_2025-04-16_190416-1.png_Gaussian-Closing.png
Component: component_1744836305689_99.png
centerX: 0.08657243816254417
centerY: 0.14206247325631152
width: 0.02120141342756184
height: 0.026529738981600343
Area: 0.00021294150081169772
CentroidX: 0.0970
CentroidY: 0.1554
