Location: Document_2025-04-16_190416-1.png_Mean-Closing.png
Component: component_1744836306067_367.png
centerX: 0.40577149587750294
centerY: 0.5575524176294394
width: 0.027090694935217905
height: 0.029097133076593923
Area: 0.0004379790868766043
CentroidX: 0.4192
CentroidY: 0.5723
