Location: Document_2025-04-16_190348-1.png_Gaussian-Closing.png
Component: component_1744836306226_329.png
centerX: 0.9128386336866903
centerY: 0.4535729567821994
width: 0.023557126030624265
height: 0.026529738981600343
Area: 0.00031651423079229863
CentroidX: 0.9256
CentroidY: 0.4666
