Location: Document_2025-04-16_190416-1.png_Gaussian-Median.png
Component: component_1744836305628_339.png
centerX: 0.7508833922261484
centerY: 0.5113393239195549
width: 0.025323910482921083
height: 0.029525032092426188
Area: 0.0004432711241748832
CentroidX: 0.7640
CentroidY: 0.5260
