Location: Document_2025-04-16_190348-1.png_Gaussian-Closing.png
Component: component_1744836306186_223.png
centerX: 0.1967020023557126
centerY: 0.2901155327342747
width: 0.01707891637220259
height: 0.020967051775780916
Area: 0.00017413322729098595
CentroidX: 0.2052
CentroidY: 0.3000
