Location: Document_2025-04-16_190348-1.png_Gaussian-Closing.png
Component: component_1744836306299_702.png
centerX: 0.7550058892815077
centerY: 0.9589216944801027
width: 0.028857479387514724
height: 0.03508771929824561
Area: 0.0005932121809594514
CentroidX: 0.7705
CentroidY: 0.9765
