Location: Document_2025-04-16_190348-1.png_Gaussian-Closing.png
Component: component_1744836306247_428.png
centerX: 0.9299175500588928
centerY: 0.5900727428326915
width: 0.02120141342756184
height: 0.026529738981600343
Area: 0.0002338576482287047
CentroidX: 0.9411
CentroidY: 0.6038
