Location: Document_2025-04-16_190348-1.png_Gaussian-Closing.png
Component: component_1744836306196_245.png
centerX: 0.1972909305064782
centerY: 0.32349165596919127
width: 0.024146054181389872
height: 0.031664527171587506
Area: 0.0004367190779960617
CentroidX: 0.2099
CentroidY: 0.3395
