Location: Document_2025-04-16_190348-1.png_Gaussian-Closing.png
Component: component_1744836306291_661.png
centerX: 0.8657243816254417
centerY: 0.9152759948652118
width: 0.026501766784452298
height: 0.0329482242190843
Area: 0.0005206356694401982
CentroidX: 0.8787
CentroidY: 0.9316
