Location: Document_2025-04-16_190416-1.png_Mean-Closing.png
Component: component_1744836305845_63.png
centerX: 0.6972909305064782
centerY: 0.09970047068891741
width: 0.022968197879858657
height: 0.025673940949935817
Area: 0.0002686338933316802
CentroidX: 0.7089
CentroidY: 0.1122
