Location: Document_2025-04-16_190348-1.png_Gaussian-Closing.png
Component: component_1744836306260_510.png
centerX: 0.7391048292108363
centerY: 0.6872058194266153
width: 0.024734982332155476
height: 0.029525032092426188
Area: 0.0004009348257886522
CentroidX: 0.7514
CentroidY: 0.7028
