Location: Document_2025-04-16_190416-1.png_Gaussian-Closing.png
Component: component_1744836305752_321.png
centerX: 0.2049469964664311
centerY: 0.4959349593495935
width: 0.024146054181389872
height: 0.02738553701326487
Area: 0.00036540257535735114
CentroidX: 0.2172
CentroidY: 0.5097
