Location: Document_2025-04-16_190348-1.png_Gaussian-Closing.png
Component: component_1744836306131_95.png
centerX: 0.41578327444051827
centerY: 0.11210954214805306
width: 0.02237926972909305
height: 0.02610183996576808
Area: 0.0003218062680905775
CentroidX: 0.4277
CentroidY: 0.1255
