Location: Document_2025-04-16_190348-1.png_Gaussian-Closing.png
Component: component_1744836306104_39.png
centerX: 0.1625441696113074
centerY: 0.02995293110825845
width: 0.024146054181389872
height: 0.026529738981600343
Area: 0.00024519772815358805
CentroidX: 0.1754
CentroidY: 0.0442
