Location: Document_2025-04-16_190348-1.png_Gaussian-Closing.png
Component: component_1744836306157_179.png
centerX: 0.7962308598351001
centerY: 0.24946512623020967
width: 0.024734982332155476
height: 0.02610183996576808
Area: 0.00022604559316934065
CentroidX: 0.8085
CentroidY: 0.2618
