Location: Document_2025-04-16_190416-1.png_Gaussian-Median.png
Component: component_1744836305595_166.png
centerX: 0.5871613663133097
centerY: 0.25203252032520324
width: 0.026501766784452298
height: 0.03123662815575524
Area: 0.00041580293057905473
CentroidX: 0.6012
CentroidY: 0.2678
