Location: Document_2025-04-16_190416-1.png_Gaussian-Closing.png
Component: component_1744836305747_292.png
centerX: 0.28091872791519434
centerY: 0.4514334617030381
width: 0.024146054181389872
height: 0.026529738981600343
Area: 0.0003709466144317385
CentroidX: 0.2936
CentroidY: 0.4651
