Location: Document_2025-04-16_190416-1.png_Mean-Closing.png
Component: component_1744836306042_324.png
centerX: 0.05771495877502945
centerY: 0.4985023534445871
width: 0.021790341578327443
height: 0.025673940949935817
Area: 0.0002971100940319427
CentroidX: 0.0692
CentroidY: 0.5112
