Location: Document_2025-04-16_190416-1.png_Gaussian-Closing.png
Component: component_1744836305695_115.png
centerX: 0.8769140164899882
centerY: 0.17201540436456997
width: 0.027090694935217905
height: 0.030380830124090714
Area: 0.00039690279737091585
CentroidX: 0.8914
CentroidY: 0.1874
