Location: Document_2025-04-16_190348-1.png_Gaussian-Closing.png
Component: component_1744836306146_134.png
centerX: 0.690223792697291
centerY: 0.18741976893453144
width: 0.0176678445229682
height: 0.0235344458707745
Area: 0.0002084054688417444
CentroidX: 0.6990
CentroidY: 0.1998
