Location: Document_2025-04-16_190416-1.png_Gaussian-Closing.png
Component: component_1744836305764_362.png
centerX: 0.5612485276796231
centerY: 0.5511339323919555
width: 0.023557126030624265
height: 0.026529738981600343
Area: 0.00032004225565781787
CentroidX: 0.5733
CentroidY: 0.5640
