Location: Document_2025-04-16_190416-1.png_Gaussian-Median.png
Component: component_1744836305565_5.png
centerX: 0.43227326266195526
centerY: 0.013692768506632435
width: 0.027090694935217905
height: 0.0329482242190843
Area: 0.0005367637831111434
CentroidX: 0.4469
CentroidY: 0.0310
