Location: Document_2025-04-16_190416-1.png_Gaussian-Median.png
Component: component_1744836305576_61.png
centerX: 0.3244994110718492
centerY: 0.09798887462558836
width: 0.021790341578327443
height: 0.02610183996576808
Area: 0.0002658618737944865
CentroidX: 0.3365
CentroidY: 0.1117
