Location: Document_2025-04-16_190348-1.png_Gaussian-Closing.png
Component: component_1744836306208_278.png
centerX: 0.7750294464075382
centerY: 0.3821138211382114
width: 0.027090694935217905
height: 0.032520325203252036
Area: 0.0004460431437120769
CentroidX: 0.7886
CentroidY: 0.3992
