Location: Document_2025-04-16_190416-1.png_Gaussian-Median.png
Component: component_1744836305579_77.png
centerX: 0.8851590106007067
centerY: 0.10312366281557553
width: 0.022968197879858657
height: 0.02738553701326487
Area: 0.00029736209580805123
CentroidX: 0.8968
CentroidY: 0.1167
