Location: Document_2025-04-16_190348-1.png_Gaussian-Closing.png
Component: component_1744836306144_121.png
centerX: 0.4193168433451119
centerY: 0.15190415062045357
width: 0.02120141342756184
height: 0.022250748823277707
Area: 0.0002487257530191073
CentroidX: 0.4300
CentroidY: 0.1631
