Location: Document_2025-04-16_190348-1.png_Gaussian-Closing.png
Component: component_1744836306274_577.png
centerX: 0.4010600706713781
centerY: 0.7757809157038938
width: 0.024146054181389872
height: 0.02781343602909713
Area: 0.0002560338045262543
CentroidX: 0.4137
CentroidY: 0.7921
