Location: Document_2025-04-16_190416-1.png_Gaussian-Median.png
Component: component_1744836305597_184.png
centerX: 0.8828032979976443
centerY: 0.2798459563543004
width: 0.02061248527679623
height: 0.02610183996576808
Area: 0.00030366214021076423
CentroidX: 0.8934
CentroidY: 0.2923
