Location: Document_2025-04-16_190416-1.png_Gaussian-Closing.png
Component: component_1744836305743_271.png
centerX: 0.16372202591283863
centerY: 0.41335044929396664
width: 0.024146054181389872
height: 0.029097133076593923
Area: 0.00035456649898468485
CentroidX: 0.1760
CentroidY: 0.4272
