Location: Document_2025-04-16_190348-1.png_Gaussian-Closing.png
Component: component_1744836306248_434.png
centerX: 0.36042402826855124
centerY: 0.5947796320068464
width: 0.024734982332155476
height: 0.025673940949935817
Area: 0.00029610208692750867
CentroidX: 0.3723
CentroidY: 0.6080
