Location: Document_2025-04-16_190416-1.png_Gaussian-Closing.png
Component: component_1744836305724_203.png
centerX: 0.8851590106007067
centerY: 0.31450577663671375
width: 0.020023557126030624
height: 0.023106546854942234
Area: 0.0003024021313302216
CentroidX: 0.8948
CentroidY: 0.3265
