Location: Document_2025-04-16_190416-1.png_Gaussian-Closing.png
Component: component_1744836305737_239.png
centerX: 0.4758539458186101
centerY: 0.3641420624732563
width: 0.024146054181389872
height: 0.026957637997432605
Area: 0.0003528024865519252
CentroidX: 0.4880
CentroidY: 0.3769
