Location: Document_2025-04-16_190348-1.png_Gaussian-Closing.png
Component: component_1744836306238_391.png
centerX: 0.5223792697290931
centerY: 0.5297389816003423
width: 0.019434628975265017
height: 0.021822849807445442
Area: 0.00020764946351341885
CentroidX: 0.5326
CentroidY: 0.5410
