Location: Document_2025-04-16_190348-1.png_Gaussian-Closing.png
Component: component_1744836306146_136.png
centerX: 0.4634864546525324
centerY: 0.188275566966196
width: 0.020023557126030624
height: 0.022250748823277707
Area: 0.0002351176571092473
CentroidX: 0.4736
CentroidY: 0.1999
