Location: Document_2025-04-16_190348-1.png_Gaussian-Closing.png
Component: component_1744836306271_556.png
centerX: 0.9328621908127208
centerY: 0.7599486521181001
width: 0.018256772673733806
height: 0.02396234488660676
Area: 0.00017136120775379225
CentroidX: 0.9428
CentroidY: 0.7721
