Location: Document_2025-04-16_190348-1.png_Gaussian-Closing.png
Component: component_1744836306144_125.png
centerX: 0.5371024734982333
centerY: 0.15361574668378264
width: 0.02120141342756184
height: 0.0235344458707745
Area: 0.00027417793240606757
CentroidX: 0.5482
CentroidY: 0.1657
