Location: Document_2025-04-16_190416-1.png_Mean-Closing.png
Component: component_1744836305978_156.png
centerX: 0.8109540636042403
centerY: 0.24732563115104836
width: 0.021790341578327443
height: 0.02738553701326487
Area: 0.0003530544883280337
CentroidX: 0.8224
CentroidY: 0.2614
