Location: Document_2025-04-16_190416-1.png_Gaussian-Closing.png
Component: component_1744836305712_168.png
centerX: 0.35217903415783275
centerY: 0.25716730851519043
width: 0.022968197879858657
height: 0.026529738981600343
Area: 0.00036515057358124263
CentroidX: 0.3638
CentroidY: 0.2705
