Location: Document_2025-04-16_190416-1.png_Mean-Closing.png
Component: component_1744836306070_374.png
centerX: 0.05889281507656066
centerY: 0.5661103979460848
width: 0.020023557126030624
height: 0.02267864783910997
Area: 0.0002809819803609976
CentroidX: 0.0684
CentroidY: 0.5775
