Location: Document_2025-04-16_190348-1.png_Gaussian-Closing.png
Component: component_1744836306299_701.png
centerX: 0.6778563015312132
centerY: 0.9584937954642704
width: 0.02767962308598351
height: 0.03380402225074882
Area: 0.0005974962111532962
CentroidX: 0.6914
CentroidY: 0.9755
