Location: Document_2025-04-16_190416-1.png_Gaussian-Median.png
Component: component_1744836305581_91.png
centerX: 0.6949352179034158
centerY: 0.13478818998716302
width: 0.020023557126030624
height: 0.02396234488660676
Area: 0.00018496930366365222
CentroidX: 0.7060
CentroidY: 0.1473
