Location: Document_2025-04-16_190416-1.png_Gaussian-Closing.png
Component: component_1744836305686_91.png
centerX: 0.23792697290930506
centerY: 0.1386392811296534
width: 0.019434628975265017
height: 0.02396234488660676
Area: 0.0002124374972594807
CentroidX: 0.2476
CentroidY: 0.1503
