Location: Document_2025-04-16_190348-1.png_Gaussian-Closing.png
Component: component_1744836306211_286.png
centerX: 0.5901060070671378
centerY: 0.3855370132648695
width: 0.026501766784452298
height: 0.02995293110825845
Area: 0.0004573832236369602
CentroidX: 0.6035
CentroidY: 0.4007
