Location: Document_2025-04-16_190416-1.png_Mean-Closing.png
Component: component_1744836305897_92.png
centerX: 0.7667844522968198
centerY: 0.1386392811296534
width: 0.019434628975265017
height: 0.02396234488660676
Area: 0.00017816525570872222
CentroidX: 0.7774
CentroidY: 0.1505
