Location: Document_2025-04-16_190416-1.png_Gaussian-Median.png
Component: component_1744836305579_83.png
centerX: 0.43992932862190814
centerY: 0.1326486949080017
width: 0.022968197879858657
height: 0.02396234488660676
Area: 0.0002071454599612018
CentroidX: 0.4513
CentroidY: 0.1444
