Location: Document_2025-04-16_190416-1.png_Gaussian-Closing.png
Component: component_1744836305730_211.png
centerX: 0.5842167255594818
centerY: 0.32349165596919127
width: 0.022968197879858657
height: 0.025673940949935817
Area: 0.0003291143195977245
CentroidX: 0.5953
CentroidY: 0.3362
