Location: Document_2025-04-16_190348-1.png_Gaussian-Closing.png
Component: component_1744836306266_534.png
centerX: 0.6342756183745583
centerY: 0.7210098416773641
width: 0.024146054181389872
height: 0.02781343602909713
Area: 0.0003772466588344515
CentroidX: 0.6461
CentroidY: 0.7351
