Location: Document_2025-04-16_190416-1.png_Gaussian-Median.png
Component: component_1744836305575_55.png
centerX: 0.5565371024734982
centerY: 0.09542148053059478
width: 0.021790341578327443
height: 0.02866923406076166
Area: 0.0002991261082408109
CentroidX: 0.5685
CentroidY: 0.1101
