Location: Document_2025-04-16_190348-1.png_Gaussian-Closing.png
Component: component_1744836306298_700.png
centerX: 0.08068315665488811
centerY: 0.9589216944801027
width: 0.022968197879858657
height: 0.028241335044929396
Area: 0.0002517497743324095
CentroidX: 0.0923
CentroidY: 0.9726
