Location: Document_2025-04-16_190348-1.png_Gaussian-Closing.png
Component: component_1744836306280_610.png
centerX: 0.8168433451118964
centerY: 0.8408215661103979
width: 0.024146054181389872
height: 0.02866923406076166
Area: 0.0003797666765955366
CentroidX: 0.8283
CentroidY: 0.8552
