Location: Document_2025-04-16_190348-1.png_Gaussian-Closing.png
Component: component_1744836306299_703.png
centerX: 0.833922261484099
centerY: 0.9589216944801027
width: 0.025323910482921083
height: 0.03508771929824561
Area: 0.0005884241472133895
CentroidX: 0.8462
CentroidY: 0.9767
