Location: Document_2025-04-16_190416-1.png_Gaussian-Median.png
Component: component_1744836305622_307.png
centerX: 0.20200235571260305
centerY: 0.4540008557980317
width: 0.024146054181389872
height: 0.026957637997432605
Area: 0.0003722066233122811
CentroidX: 0.2141
CentroidY: 0.4667
