Location: Document_2025-04-16_190416-1.png_Mean-Closing.png
Component: component_1744836305949_118.png
centerX: 0.27385159010600707
centerY: 0.17458279845956354
width: 0.024146054181389872
height: 0.0329482242190843
Area: 0.0003540624954324678
CentroidX: 0.2872
CentroidY: 0.1910
