Location: Document_2025-04-16_190348-1.png_Gaussian-Closing.png
Component: component_1744836306240_400.png
centerX: 0.2408716136631331
centerY: 0.5331621737270005
width: 0.019434628975265017
height: 0.02396234488660676
Area: 0.0002207535558710618
CentroidX: 0.2511
CentroidY: 0.5453
