Location: Document_2025-04-16_190416-1.png_Mean-Closing.png
Component: component_1744836306041_319.png
centerX: 0.16548881036513546
centerY: 0.4959349593495935
width: 0.024734982332155476
height: 0.028241335044929396
Area: 0.0003583465256263126
CentroidX: 0.1784
CentroidY: 0.5098
