Location: Document_2025-04-16_190416-1.png_Mean-Closing.png
Component: component_1744836306067_364.png
centerX: 0.44758539458186103
centerY: 0.5566966195977749
width: 0.02591283863368669
height: 0.026957637997432605
Area: 0.0003777506623866685
CentroidX: 0.4609
CentroidY: 0.5696
