Location: Document_2025-04-16_190348-1.png_Gaussian-Closing.png
Component: component_1744836306201_262.png
centerX: 0.4305064782096584
centerY: 0.35173299101412064
width: 0.022968197879858657
height: 0.028241335044929396
Area: 0.00043697107977217023
CentroidX: 0.4413
CentroidY: 0.3662
