Location: Document_2025-04-16_190416-1.png_Mean-Closing.png
Component: component_1744836306021_243.png
centerX: 0.35276796230859836
centerY: 0.37056054771074026
width: 0.024734982332155476
height: 0.024818142918271287
Area: 0.00033642237110487156
CentroidX: 0.3648
CentroidY: 0.3827
