Location: Document_2025-04-16_190416-1.png_Mean-Closing.png
Component: component_1744836305819_13.png
centerX: 0.6277974087161367
centerY: 0.01668806161745828
width: 0.02944640753828033
height: 0.03508771929824561
Area: 0.0004415071117421236
CentroidX: 0.6442
CentroidY: 0.0347
