Location: Document_2025-04-16_190416-1.png_Gaussian-Closing.png
Component: component_1744836305686_92.png
centerX: 0.7667844522968198
centerY: 0.1386392811296534
width: 0.019434628975265017
height: 0.02396234488660676
Area: 0.00018421329833532668
CentroidX: 0.7773
CentroidY: 0.1504
