Location: Document_2025-04-16_190348-1.png_Gaussian-Closing.png
Component: component_1744836306110_61.png
centerX: 0.41401648998822144
centerY: 0.07659392383397519
width: 0.024734982332155476
height: 0.025246041934103552
Area: 0.00024670973881023913
CentroidX: 0.4271
CentroidY: 0.0897
