Location: Document_2025-04-16_190416-1.png_Mean-Closing.png
Component: component_1744836305959_127.png
centerX: 0.8415783274440518
centerY: 0.21052631578947367
width: 0.024146054181389872
height: 0.03123662815575524
Area: 0.0004067308666391481
CentroidX: 0.8535
CentroidY: 0.2260
