Location: Document_2025-04-16_190416-1.png_Gaussian-Median.png
Component: component_1744836305567_11.png
centerX: 0.5530035335689046
centerY: 0.01540436456996149
width: 0.02591283863368669
height: 0.03594351732991014
Area: 0.00043999510108547245
CentroidX: 0.5664
CentroidY: 0.0338
