Location: Document_2025-04-16_190416-1.png_Gaussian-Closing.png
Component: component_1744836305706_143.png
centerX: 0.31566548881036516
centerY: 0.21780059905862217
width: 0.02237926972909305
height: 0.02866923406076166
Area: 0.0003568345149696615
CentroidX: 0.3271
CentroidY: 0.2323
