Location: Document_2025-04-16_190416-1.png_Gaussian-Median.png
Component: component_1744836305599_193.png
centerX: 0.5435806831566549
centerY: 0.2892597347026102
width: 0.023557126030624265
height: 0.026957637997432605
Area: 0.0003371783764331971
CentroidX: 0.5558
CentroidY: 0.3029
