Location: Document_2025-04-16_190416-1.png_Mean-Closing.png
Component: component_1744836306031_289.png
centerX: 0.4717314487632509
centerY: 0.4492939666238768
width: 0.024734982332155476
height: 0.029525032092426188
Area: 0.0003878307334310092
CentroidX: 0.4845
CentroidY: 0.4639
