Location: Document_2025-04-16_190416-1.png_Mean-Closing.png
Component: component_1744836306065_360.png
centerX: 0.5971731448763251
centerY: 0.5498502353444588
width: 0.023557126030624265
height: 0.025246041934103552
Area: 0.0003522984829997082
CentroidX: 0.6092
CentroidY: 0.5624
