Location: Document_2025-04-16_190416-1.png_Gaussian-Median.png
Component: component_1744836305607_223.png
centerX: 0.43227326266195526
centerY: 0.3277706461275139
width: 0.023557126030624265
height: 0.026529738981600343
Area: 0.00036187455049183185
CentroidX: 0.4443
CentroidY: 0.3410
