Location: Document_2025-04-16_190348-1.png_Gaussian-Closing.png
Component: component_1744836306225_326.png
centerX: 0.05712603062426384
centerY: 0.42961061189559263
width: 0.024734982332155476
height: 0.028241335044929396
Area: 0.00035431449720857634
CentroidX: 0.0694
CentroidY: 0.4444
