Location: Document_2025-04-16_190416-1.png_Gaussian-Closing.png
Component: component_1744836305681_71.png
centerX: 0.8080094228504122
centerY: 0.10312366281557553
width: 0.022968197879858657
height: 0.02781343602909713
Area: 0.00027064990754054833
CentroidX: 0.8212
CentroidY: 0.1176
