Location: Document_2025-04-16_190416-1.png_Mean-Closing.png
Component: component_1744836305980_163.png
centerX: 0.5076560659599529
centerY: 0.25417201540436457
width: 0.021790341578327443
height: 0.02866923406076166
Area: 0.00034322641905980153
CentroidX: 0.5185
CentroidY: 0.2685
