Location: Document_2025-04-16_190416-1.png_Mean-Closing.png
Component: component_1744836305990_180.png
centerX: 0.7767962308598351
centerY: 0.28284124946512623
width: 0.022968197879858657
height: 0.02781343602909713
Area: 0.00032987032492605005
CentroidX: 0.7883
CentroidY: 0.2965
