Location: Document_2025-04-16_190348-1.png_Gaussian-Closing.png
Component: component_1744836306286_637.png
centerX: 0.7526501766784452
centerY: 0.8763371844244758
width: 0.025323910482921083
height: 0.03551561831407788
Area: 0.0005213916747685238
CentroidX: 0.7648
CentroidY: 0.8941
