Location: Document_2025-04-16_190416-1.png_Gaussian-Median.png
Component: component_1744836305599_192.png
centerX: 0.582449941107185
centerY: 0.28754813863928114
width: 0.023557126030624265
height: 0.02610183996576808
Area: 0.0003213022645383605
CentroidX: 0.5948
CentroidY: 0.3009
