Location: Document_2025-04-16_190348-1.png_Gaussian-Closing.png
Component: component_1744836306202_264.png
centerX: 0.8462897526501767
centerY: 0.35173299101412064
width: 0.024146054181389872
height: 0.029525032092426188
Area: 0.0004304190335933488
CentroidX: 0.8581
CentroidY: 0.3672
