Location: Document_2025-04-16_190416-1.png_Gaussian-Median.png
Component: component_1744836305632_363.png
centerX: 0.8568904593639576
centerY: 0.5417201540436457
width: 0.020023557126030624
height: 0.026957637997432605
Area: 0.00025855382228733947
CentroidX: 0.8676
CentroidY: 0.5548
