Location: Document_2025-04-16_190416-1.png_Gaussian-Median.png
Component: component_1744836305621_300.png
centerX: 0.28091872791519434
centerY: 0.4514334617030381
width: 0.024146054181389872
height: 0.026529738981600343
Area: 0.00037019060910341295
CentroidX: 0.2936
CentroidY: 0.4651
