Location: Document_2025-04-16_190416-1.png_Gaussian-Closing.png
Component: component_1744836305733_225.png
centerX: 0.0535924617196702
centerY: 0.33975181857081727
width: 0.021790341578327443
height: 0.024818142918271287
Area: 0.00023864568197476657
CentroidX: 0.0639
CentroidY: 0.3534
