Location: Document_2025-04-16_190416-1.png_Gaussian-Median.png
Component: component_1744836305573_44.png
centerX: 0.16431095406360424
centerY: 0.06418485237483953
width: 0.02237926972909305
height: 0.028241335044929396
Area: 0.0002963540887036172
CentroidX: 0.1766
CentroidY: 0.0788
