Location: Document_2025-04-16_190416-1.png_Mean-Closing.png
Component: component_1744836305830_35.png
centerX: 0.3286219081272085
centerY: 0.06204535729567822
width: 0.022968197879858657
height: 0.029525032092426188
Area: 0.0002950940798230746
CentroidX: 0.3400
CentroidY: 0.0766
