Location: Document_2025-04-16_190348-1.png_Gaussian-Closing.png
Component: component_1744836306144_122.png
centerX: 0.6136631330977621
centerY: 0.1514762516046213
width: 0.021790341578327443
height: 0.02396234488660676
Area: 0.0002686338933316802
CentroidX: 0.6251
CentroidY: 0.1639
