Location: Document_2025-04-16_190348-1.png_Gaussian-Closing.png
Component: component_1744836306253_460.png
centerX: 0.4829210836277974
centerY: 0.6251604621309371
width: 0.023557126030624265
height: 0.025673940949935817
Area: 0.00032785431071718195
CentroidX: 0.4949
CentroidY: 0.6382
