Location: Document_2025-04-16_190416-1.png_Gaussian-Closing.png
Component: component_1744836305704_139.png
centerX: 0.9104829210836278
centerY: 0.21223791185280275
width: 0.02237926972909305
height: 0.02866923406076166
Area: 0.000314750218359539
CentroidX: 0.9223
CentroidY: 0.2266
