Location: Document_2025-04-16_190416-1.png_Gaussian-Closing.png
Component: component_1744836305683_81.png
centerX: 0.5100117785630153
centerY: 0.13350449293966624
width: 0.022968197879858657
height: 0.02396234488660676
Area: 0.0002154615185727829
CentroidX: 0.5227
CentroidY: 0.1451
