Location: Document_2025-04-16_190348-1.png_Gaussian-Closing.png
Component: component_1744836306145_128.png
centerX: 0.8386336866902238
centerY: 0.1844244758237056
width: 0.02237926972909305
height: 0.022250748823277707
Area: 0.00023058162513929398
CentroidX: 0.8499
CentroidY: 0.1964
