Location: Document_2025-04-16_190348-1.png_Gaussian-Closing.png
Component: component_1744836306246_425.png
centerX: 0.196113074204947
centerY: 0.5652545999144202
width: 0.023557126030624265
height: 0.019683354728284124
Area: 0.00019882940134962072
CentroidX: 0.2084
CentroidY: 0.5754
