Location: Document_2025-04-16_190348-1.png_Gaussian-Closing.png
Component: component_1744836306274_579.png
centerX: 0.31802120141342755
centerY: 0.7766367137355584
width: 0.02237926972909305
height: 0.026529738981600343
Area: 0.00027921796792823795
CentroidX: 0.3298
CentroidY: 0.7904
