Location: Document_2025-04-16_190348-1.png_Gaussian-Closing.png
Component: component_1744836306194_239.png
centerX: 0.6955241460541813
centerY: 0.3162173727000428
width: 0.028268551236749116
height: 0.028241335044929396
Area: 0.0004931674758443697
CentroidX: 0.7089
CentroidY: 0.3313
