Location: Document_2025-04-16_190416-1.png_Gaussian-Closing.png
Component: component_1744836305738_246.png
centerX: 0.1978798586572438
centerY: 0.3727000427899016
width: 0.023557126030624265
height: 0.028241335044929396
Area: 0.00033591836755265454
CentroidX: 0.2092
CentroidY: 0.3864
