Location: Document_2025-04-16_190416-1.png_Gaussian-Median.png
Component: component_1744836305620_295.png
centerX: 0.5111896348645465
centerY: 0.4475823705605477
width: 0.026501766784452298
height: 0.02995293110825845
Area: 0.00040244683644530325
CentroidX: 0.5257
CentroidY: 0.4625
