Location: Document_2025-04-16_190416-1.png_Gaussian-Closing.png
Component: component_1744836305663_14.png
centerX: 0.9711425206124853
centerY: 0.01668806161745828
width: 0.024734982332155476
height: 0.03123662815575524
Area: 0.00034196641017925897
CentroidX: 0.9834
CentroidY: 0.0324
