Location: Document_2025-04-16_190348-1.png_Gaussian-Closing.png
Component: component_1744836306276_589.png
centerX: 0.7508833922261484
centerY: 0.8070175438596491
width: 0.022968197879858657
height: 0.03123662815575524
Area: 0.0002812339821371061
CentroidX: 0.7625
CentroidY: 0.8236
