Location: Document_2025-04-16_190348-1.png_Gaussian-Closing.png
Component: component_1744836306256_478.png
centerX: 0.9375736160188457
centerY: 0.6521181001283697
width: 0.022968197879858657
height: 0.026529738981600343
Area: 0.00038858673875933475
CentroidX: 0.9495
CentroidY: 0.6659
