Location: Document_2025-04-16_190348-1.png_Gaussian-Closing.png
Component: component_1744836306187_227.png
centerX: 0.9128386336866903
centerY: 0.3119383825417201
width: 0.02591283863368669
height: 0.03209242618741977
Area: 0.0005160996374702449
CentroidX: 0.9254
CentroidY: 0.3282
