Location: Document_2025-04-16_190348-1.png_Gaussian-Closing.png
Component: component_1744836306219_307.png
centerX: 0.8904593639575972
centerY: 0.4201968335472828
width: 0.02237926972909305
height: 0.02610183996576808
Area: 0.0002940860727186405
CentroidX: 0.9022
CentroidY: 0.4332
