Location: Document_2025-04-16_190416-1.png_Mean-Closing.png
Component: component_1744836305980_162.png
centerX: 0.5471142520612485
centerY: 0.25331621737270005
width: 0.026501766784452298
height: 0.03080872913992298
Area: 0.00040194283289308623
CentroidX: 0.5613
CentroidY: 0.2684
