Location: Document_2025-04-16_190348-1.png_Gaussian-Closing.png
Component: component_1744836306219_309.png
centerX: 0.5906949352179034
centerY: 0.42148053059477963
width: 0.024734982332155476
height: 0.029097133076593923
Area: 0.00033516236222432894
CentroidX: 0.6042
CentroidY: 0.4365
