Location: Document_2025-04-16_190416-1.png_Gaussian-Closing.png
Component: component_1744836305731_213.png
centerX: 0.508833922261484
centerY: 0.32605905006418484
width: 0.02237926972909305
height: 0.02396234488660676
Area: 0.00030971018283736866
CentroidX: 0.5207
CentroidY: 0.3380
