Location: Document_2025-04-16_190348-1.png_Gaussian-Closing.png
Component: component_1744836306115_82.png
centerX: 0.8751472320376914
centerY: 0.10911424903722722
width: 0.025323910482921083
height: 0.028241335044929396
Area: 0.0003689306002228704
CentroidX: 0.8885
CentroidY: 0.1237
