Location: Document_2025-04-16_190416-1.png_Mean-Closing.png
Component: component_1744836306055_343.png
centerX: 0.32391048292108365
centerY: 0.5258878904578519
width: 0.024734982332155476
height: 0.024390243902439025
Area: 0.0003399503959703908
CentroidX: 0.3370
CentroidY: 0.5389
