Location: Document_2025-04-16_190416-1.png_Gaussian-Median.png
Component: component_1744836305619_289.png
centerX: 0.7120141342756183
centerY: 0.44030808729139925
width: 0.024734982332155476
height: 0.029097133076593923
Area: 0.00041605493235516325
CentroidX: 0.7248
CentroidY: 0.4552
