Location: Document_2025-04-16_190348-1.png_Gaussian-Closing.png
Component: component_1744836306137_99.png
centerX: 0.49705535924617195
centerY: 0.11382113821138211
width: 0.024146054181389872
height: 0.02738553701326487
Area: 0.00036011053805907225
CentroidX: 0.5095
CentroidY: 0.1278
