Location: Document_2025-04-16_190416-1.png_Mean-Closing.png
Component: component_1744836306063_353.png
centerX: 0.8568904593639576
centerY: 0.5417201540436457
width: 0.020023557126030624
height: 0.026957637997432605
Area: 0.00026359385780950985
CentroidX: 0.8677
CentroidY: 0.5547
