Location: Document_2025-04-16_190416-1.png_Mean-Closing.png
Component: component_1744836306063_358.png
centerX: 0.6325088339222615
centerY: 0.5472828412494651
width: 0.02120141342756184
height: 0.024390243902439025
Area: 0.00032281427519501157
CentroidX: 0.6434
CentroidY: 0.5590
