Location: Document_2025-04-16_190348-1.png_Gaussian-Closing.png
Component: component_1744836306250_446.png
centerX: 0.7391048292108363
centerY: 0.59734702610184
width: 0.02237926972909305
height: 0.024390243902439025
Area: 0.00024116569973585173
CentroidX: 0.7506
CentroidY: 0.6095
