Location: Document_2025-04-16_190416-1.png_Gaussian-Closing.png
Component: component_1744836305751_315.png
centerX: 0.43580683156654887
centerY: 0.4852374839537869
width: 0.025323910482921083
height: 0.03080872913992298
Area: 0.0004122749057135355
CentroidX: 0.4489
CentroidY: 0.5004
