Location: Document_2025-04-16_190416-1.png_Mean-Closing.png
Component: component_1744836306030_284.png
centerX: 0.6325088339222615
centerY: 0.4441591784338896
width: 0.024146054181389872
height: 0.03080872913992298
Area: 0.0004095028861763418
CentroidX: 0.6450
CentroidY: 0.4592
