Location: Document_2025-04-16_190416-1.png_Mean-Closing.png
Component: component_1744836305829_33.png
centerX: 0.7391048292108363
centerY: 0.06118955926401369
width: 0.022968197879858657
height: 0.02995293110825845
Area: 0.0003109701917179112
CentroidX: 0.7514
CentroidY: 0.0758
