Location: Document_2025-04-16_190416-1.png_Gaussian-Closing.png
Component: component_1744836305739_247.png
centerX: 0.160188457008245
centerY: 0.37398373983739835
width: 0.023557126030624265
height: 0.026957637997432605
Area: 0.00033642237110487156
CentroidX: 0.1722
CentroidY: 0.3872
