Location: Document_2025-04-16_190348-1.png_Gaussian-Closing.png
Component: component_1744836306229_347.png
centerX: 0.1607773851590106
centerY: 0.4629867351305092
width: 0.023557126030624265
height: 0.024818142918271287
Area: 0.0002925740620619894
CentroidX: 0.1730
CentroidY: 0.4762
