Location: Document_2025-04-16_190416-1.png_Mean-Closing.png
Component: component_1744836306013_225.png
centerX: 0.9411071849234394
centerY: 0.3504492939666239
width: 0.02120141342756184
height: 0.02267864783910997
Area: 0.0002918180567336639
CentroidX: 0.9520
CentroidY: 0.3616
