Location: Document_2025-04-16_190348-1.png_Gaussian-Closing.png
Component: component_1744836306238_388.png
centerX: 0.6325088339222615
centerY: 0.5288831835686778
width: 0.02061248527679623
height: 0.02267864783910997
Area: 0.0002225175683038214
CentroidX: 0.6434
CentroidY: 0.5406
