Location: Document_2025-04-16_190348-1.png_Gaussian-Closing.png
Component: component_1744836306149_147.png
centerX: 0.26442873969375735
centerY: 0.19212665810868634
width: 0.021790341578327443
height: 0.021822849807445442
Area: 0.00023032962336318546
CentroidX: 0.2761
CentroidY: 0.2038
