Location: Document_2025-04-16_190348-1.png_Gaussian-Closing.png
Component: component_1744836306146_132.png
centerX: 0.7638398115429917
centerY: 0.18613607188703465
width: 0.02061248527679623
height: 0.022250748823277707
Area: 0.00020638945463287626
CentroidX: 0.7740
CentroidY: 0.1979
