Location: Document_2025-04-16_190348-1.png_Gaussian-Closing.png
Component: component_1744836306213_297.png
centerX: 0.31861012956419316
centerY: 0.39580658964484383
width: 0.024734982332155476
height: 0.02610183996576808
Area: 0.00034625044037310375
CentroidX: 0.3313
CentroidY: 0.4099
