Location: Document_2025-04-16_190416-1.png_Gaussian-Closing.png
Component: component_1744836305703_136.png
centerX: 0.7726737338044759
centerY: 0.21181001283697048
width: 0.02237926972909305
height: 0.030380830124090714
Area: 0.0003583465256263126
CentroidX: 0.7847
CentroidY: 0.2269
