Location: Document_2025-04-16_190416-1.png_Gaussian-Closing.png
Component: component_1744836305666_35.png
centerX: 0.2850412249705536
centerY: 0.06161745827984596
width: 0.025323910482921083
height: 0.030380830124090714
Area: 0.0003177742396728412
CentroidX: 0.2989
CentroidY: 0.0772
