Location: Document_2025-04-16_190416-1.png_Gaussian-Closing.png
Component: component_1744836305722_194.png
centerX: 0.08657243816254417
centerY: 0.2973898160034232
width: 0.024146054181389872
height: 0.02781343602909713
Area: 0.0003366743728809801
CentroidX: 0.0993
CentroidY: 0.3113
