Location: Document_2025-04-16_190348-1.png_Gaussian-Closing.png
Component: component_1744836306147_137.png
centerX: 0.574793875147232
centerY: 0.18870346598202825
width: 0.022968197879858657
height: 0.022250748823277707
Area: 0.0002252895878410151
CentroidX: 0.5874
CentroidY: 0.2007
