Location: Document_2025-04-16_190416-1.png_Gaussian-Median.png
Component: component_1744836305625_319.png
centerX: 0.5965842167255595
centerY: 0.4809584937954643
width: 0.021790341578327443
height: 0.02995293110825845
Area: 0.0003845547103415985
CentroidX: 0.6075
CentroidY: 0.4960
