Location: Document_2025-04-16_190416-1.png_Gaussian-Median.png
Component: component_1744836305590_139.png
centerX: 0.6648998822143698
centerY: 0.21181001283697048
width: 0.02237926972909305
height: 0.02738553701326487
Area: 0.0003366743728809801
CentroidX: 0.6762
CentroidY: 0.2264
