Location: Document_2025-04-16_190416-1.png_Gaussian-Closing.png
Component: component_1744836305691_102.png
centerX: 0.6631330977620731
centerY: 0.1703038083012409
width: 0.024146054181389872
height: 0.03209242618741977
Area: 0.0003795146748194281
CentroidX: 0.6754
CentroidY: 0.1863
