Location: Document_2025-04-16_190348-1.png_Gaussian-Closing.png
Component: component_1744836306251_451.png
centerX: 0.05123674911660778
centerY: 0.599058622165169
width: 0.02061248527679623
height: 0.02011125374411639
Area: 0.0001844653001114352
CentroidX: 0.0616
CentroidY: 0.6099
