Location: Document_2025-04-16_190348-1.png_Gaussian-Closing.png
Component: component_1744836306148_146.png
centerX: 0.3492343934040047
centerY: 0.18998716302952504
width: 0.02237926972909305
height: 0.022250748823277707
Area: 0.00023889768375087508
CentroidX: 0.3605
CentroidY: 0.2018
