Location: Document_2025-04-16_190416-1.png_Gaussian-Median.png
Component: component_1744836305613_260.png
centerX: 0.8945818610129564
centerY: 0.39195549850235345
width: 0.022968197879858657
height: 0.03123662815575524
Area: 0.0003795146748194281
CentroidX: 0.9060
CentroidY: 0.4074
