Location: Document_2025-04-16_190416-1.png_Gaussian-Median.png
Component: component_1744836305589_133.png
centerX: 0.5842167255594818
centerY: 0.21095421480530593
width: 0.025323910482921083
height: 0.02995293110825845
Area: 0.0003827906979088389
CentroidX: 0.5977
CentroidY: 0.2257
