Location: Document_2025-04-16_190416-1.png_Mean-Closing.png
Component: component_1744836306013_223.png
centerX: 0.08657243816254417
centerY: 0.3371844244758237
width: 0.02061248527679623
height: 0.028241335044929396
Area: 0.00026107384004842466
CentroidX: 0.0975
CentroidY: 0.3513
