Location: Document_2025-04-16_190416-1.png_Gaussian-Closing.png
Component: component_1744836305696_117.png
centerX: 0.31861012956419316
centerY: 0.17329910141206675
width: 0.024734982332155476
height: 0.03337612323491656
Area: 0.0003827906979088389
CentroidX: 0.3318
CentroidY: 0.1896
