Location: Document_2025-04-16_190348-1.png_Gaussian-Closing.png
Component: component_1744836306224_324.png
centerX: 0.16489988221436985
centerY: 0.4287548138639281
width: 0.022968197879858657
height: 0.026529738981600343
Area: 0.0003160102272400816
CentroidX: 0.1769
CentroidY: 0.4424
