Location: Document_2025-04-16_190416-1.png_Gaussian-Median.png
Component: component_1744836305582_103.png
centerX: 0.05653710247349823
centerY: 0.1407787762088147
width: 0.020023557126030624
height: 0.02781343602909713
Area: 0.00018144127879813298
CentroidX: 0.0665
CentroidY: 0.1547
