Location: Document_2025-04-16_190416-1.png_Mean-Closing.png
Component: component_1744836305815_7.png
centerX: 0.8663133097762074
centerY: 0.014548566538296961
width: 0.02591283863368669
height: 0.037227214377406934
Area: 0.0004304190335933488
CentroidX: 0.8803
CentroidY: 0.0331
