Location: Document_2025-04-16_190348-1.png_Gaussian-Closing.png
Component: component_1744836306256_481.png
centerX: 0.8833922261484098
centerY: 0.6538296961916987
width: 0.02120141342756184
height: 0.02610183996576808
Area: 0.0003235702805233371
CentroidX: 0.8948
CentroidY: 0.6669
