Location: Document_2025-04-16_190416-1.png_Mean-Closing.png
Component: component_1744836305891_87.png
centerX: 0.2773851590106007
centerY: 0.13821138211382114
width: 0.018256772673733806
height: 0.023106546854942234
Area: 0.00020386943687179107
CentroidX: 0.2863
CentroidY: 0.1491
