Location: Document_2025-04-16_190416-1.png_Mean-Closing.png
Component: component_1744836306044_334.png
centerX: 0.715547703180212
centerY: 0.5160462130937099
width: 0.02591283863368669
height: 0.02610183996576808
Area: 0.0003956427884903733
CentroidX: 0.7291
CentroidY: 0.5289
