Location: Document_2025-04-16_190416-1.png_Gaussian-Median.png
Component: component_1744836305598_186.png
centerX: 0.9140164899882215
centerY: 0.2807017543859649
width: 0.020023557126030624
height: 0.02396234488660676
Area: 0.00027216191819719946
CentroidX: 0.9247
CentroidY: 0.2924
