Location: Document_2025-04-16_190348-1.png_Gaussian-Closing.png
Component: component_1744836306297_692.png
centerX: 0.2067137809187279
centerY: 0.9572100984167736
width: 0.02061248527679623
height: 0.02866923406076166
Area: 0.00028602201588316797
CentroidX: 0.2175
CentroidY: 0.9721
