Location: Document_2025-04-16_190416-1.png_Mean-Closing.png
Component: component_1744836305998_205.png
centerX: 0.8510011778563016
centerY: 0.3157894736842105
width: 0.02120141342756184
height: 0.02396234488660676
Area: 0.0003233182787472286
CentroidX: 0.8618
CentroidY: 0.3275
