Location: Document_2025-04-16_190348-1.png_Gaussian-Closing.png
Component: component_1744836306245_420.png
centerX: 0.5924617196702002
centerY: 0.5635430038510911
width: 0.023557126030624265
height: 0.021822849807445442
Area: 0.0002194935469905192
CentroidX: 0.6041
CentroidY: 0.5746
