Location: Document_2025-04-16_190348-1.png_Gaussian-Closing.png
Component: component_1744836306282_618.png
centerX: 0.08716136631330977
centerY: 0.8485237483953787
width: 0.024146054181389872
height: 0.028241335044929396
Area: 0.0003442344261642356
CentroidX: 0.0997
CentroidY: 0.8636
