Location: Document_2025-04-16_190416-1.png_Gaussian-Median.png
Component: component_1744836305610_241.png
centerX: 0.8191990577149588
centerY: 0.35643988018827555
width: 0.020023557126030624
height: 0.02396234488660676
Area: 0.0002507417672279754
CentroidX: 0.8291
CentroidY: 0.3692
