Location: Document_2025-04-16_190348-1.png_Gaussian-Closing.png
Component: component_1744836306260_506.png
centerX: 0.9369846878680801
centerY: 0.6829268292682927
width: 0.02120141342756184
height: 0.02610183996576808
Area: 0.00031979025388170936
CentroidX: 0.9482
CentroidY: 0.6966
