Location: Document_2025-04-16_190348-1.png_Gaussian-Closing.png
Component: component_1744836306164_192.png
centerX: 0.5800942285041225
centerY: 0.25459991442019686
width: 0.01884570082449941
height: 0.021822849807445442
Area: 0.0002126894990355892
CentroidX: 0.5894
CentroidY: 0.2657
