Location: Document_2025-04-16_190416-1.png_Mean-Closing.png
Component: component_1744836305997_201.png
centerX: 0.9458186101295641
centerY: 0.3127941805733847
width: 0.02061248527679623
height: 0.025246041934103552
Area: 0.0002968580922558342
CentroidX: 0.9558
CentroidY: 0.3259
