Location: Document_2025-04-16_190416-1.png_Gaussian-Median.png
Component: component_1744836305592_152.png
centerX: 0.2767962308598351
centerY: 0.21908429610611896
width: 0.023557126030624265
height: 0.029525032092426188
Area: 0.00037749866061056
CentroidX: 0.2884
CentroidY: 0.2338
