Location: Document_2025-04-16_190348-1.png_Gaussian-Closing.png
Component: component_1744836306204_270.png
centerX: 0.19964664310954064
centerY: 0.3581514762516046
width: 0.03121319199057715
height: 0.03423192126658109
Area: 0.0005977482129294047
CentroidX: 0.2147
CentroidY: 0.3764
