Location: Document_2025-04-16_190348-1.png_Gaussian-Closing.png
Component: component_1744836306276_588.png
centerX: 0.7179034157832744
centerY: 0.8070175438596491
width: 0.022968197879858657
height: 0.029525032092426188
Area: 0.00029055804785312126
CentroidX: 0.7299
CentroidY: 0.8216
