Location: Document_2025-04-16_190416-1.png_Gaussian-Closing.png
Component: component_1744836305753_324.png
centerX: 0.12661955241460543
centerY: 0.496790757381258
width: 0.022968197879858657
height: 0.02610183996576808
Area: 0.0003538104936563593
CentroidX: 0.1383
CentroidY: 0.5096
