Location: Document_2025-04-16_190348-1.png_Gaussian-Closing.png
Component: component_1744836306279_601.png
centerX: 0.08244994110718493
centerY: 0.8151476251604621
width: 0.02591283863368669
height: 0.026529738981600343
Area: 0.0003021501295541131
CentroidX: 0.0960
CentroidY: 0.8279
