Location: Document_2025-04-16_190416-1.png_Gaussian-Median.png
Component: component_1744836305604_211.png
centerX: 0.7432273262661955
centerY: 0.3157894736842105
width: 0.022968197879858657
height: 0.02781343602909713
Area: 0.00035330649010414223
CentroidX: 0.7548
CentroidY: 0.3296
