Location: Document_2025-04-16_190348-1.png_Gaussian-Closing.png
Component: component_1744836306296_687.png
centerX: 0.8998822143698468
centerY: 0.9554985023534446
width: 0.026501766784452298
height: 0.038510911424903725
Area: 0.0005710360246619018
CentroidX: 0.9138
CentroidY: 0.9752
