Location: Document_2025-04-16_190416-1.png_Gaussian-Closing.png
Component: component_1744836305763_356.png
centerX: 0.7444051825677267
centerY: 0.5447154471544715
width: 0.02237926972909305
height: 0.02781343602909713
Area: 0.0003301223267021586
CentroidX: 0.7564
CentroidY: 0.5586
