Location: Document_2025-04-16_190348-1.png_Gaussian-Closing.png
Component: component_1744836306253_461.png
centerX: 0.5188457008244994
centerY: 0.6247325631151048
width: 0.027090694935217905
height: 0.02738553701326487
Area: 0.00039942281513200104
CentroidX: 0.5325
CentroidY: 0.6392
