Location: Document_2025-04-16_190348-1.png_Gaussian-Closing.png
Component: component_1744836306300_707.png
centerX: 0.7921083627797408
centerY: 0.9602053915275995
width: 0.03180212014134275
height: 0.03551561831407788
Area: 0.0006297524384951865
CentroidX: 0.8091
CentroidY: 0.9784
