Location: Document_2025-04-16_190348-1.png_Gaussian-Closing.png
Component: component_1744836306241_403.png
centerX: 0.9022379269729093
centerY: 0.5545571245186136
width: 0.020023557126030624
height: 0.02396234488660676
Area: 0.00019555337826020997
CentroidX: 0.9130
CentroidY: 0.5671
