Location: Document_2025-04-16_190348-1.png_Gaussian-Closing.png
Component: component_1744836306115_81.png
centerX: 0.8351001177856302
centerY: 0.10868635002139496
width: 0.02944640753828033
height: 0.02738553701326487
Area: 0.00039967481690810955
CentroidX: 0.8509
CentroidY: 0.1235
