Location: Document_2025-04-16_190348-1.png_Gaussian-Closing.png
Component: component_1744836306288_651.png
centerX: 0.12367491166077739
centerY: 0.8870346598202824
width: 0.024734982332155476
height: 0.02866923406076166
Area: 0.0003104661881656942
CentroidX: 0.1368
CentroidY: 0.9020
