Location: Document_2025-04-16_190348-1.png_Gaussian-Closing.png
Component: component_1744836306145_129.png
centerX: 0.875736160188457
centerY: 0.18399657680787335
width: 0.023557126030624265
height: 0.02396234488660676
Area: 0.00027064990754054833
CentroidX: 0.8870
CentroidY: 0.1963
