Location: Document_2025-04-16_190416-1.png_Gaussian-Closing.png
Component: component_1744836305660_3.png
centerX: 0.303886925795053
centerY: 0.013692768506632435
width: 0.027090694935217905
height: 0.03508771929824561
Area: 0.0005604519500653441
CentroidX: 0.3179
CentroidY: 0.0311
