Location: Document_2025-04-16_190416-1.png_Gaussian-Closing.png
Component: component_1744836305752_323.png
centerX: 0.09187279151943463
centerY: 0.496790757381258
width: 0.02120141342756184
height: 0.025246041934103552
Area: 0.00030593015619574085
CentroidX: 0.1017
CentroidY: 0.5098
