Location: Document_2025-04-16_190416-1.png_Mean-Closing.png
Component: component_1744836305981_164.png
centerX: 0.43462897526501765
centerY: 0.2554557124518614
width: 0.023557126030624265
height: 0.02781343602909713
Area: 0.00032760230894107343
CentroidX: 0.4465
CentroidY: 0.2703
