Location: Document_2025-04-16_190416-1.png_Gaussian-Closing.png
Component: component_1744836305678_57.png
centerX: 0.3244994110718492
centerY: 0.09798887462558836
width: 0.021790341578327443
height: 0.02610183996576808
Area: 0.00026510586846616093
CentroidX: 0.3365
CentroidY: 0.1117
