Location: Document_2025-04-16_190416-1.png_Gaussian-Median.png
Component: component_1744836305573_40.png
centerX: 0.7767962308598351
centerY: 0.06204535729567822
width: 0.023557126030624265
height: 0.029525032092426188
Area: 0.00026535787024226944
CentroidX: 0.7878
CentroidY: 0.0769
