Location: Document_2025-04-16_190416-1.png_Gaussian-Closing.png
Component: component_1744836305762_352.png
centerX: 0.9204946996466431
centerY: 0.5400085579803167
width: 0.02061248527679623
height: 0.02396234488660676
Area: 0.00025376578854127766
CentroidX: 0.9315
CentroidY: 0.5516
