Location: Document_2025-04-16_190416-1.png_Mean-Closing.png
Component: component_1744836305831_37.png
centerX: 0.6666666666666666
centerY: 0.06161745827984596
width: 0.024146054181389872
height: 0.028241335044929396
Area: 0.0002852660105548424
CentroidX: 0.6789
CentroidY: 0.0752
