Location: Document_2025-04-16_190348-1.png_Gaussian-Closing.png
Component: component_1744836306243_413.png
centerX: 0.4416961130742049
centerY: 0.5605477107402653
width: 0.02120141342756184
height: 0.02139495079161318
Area: 0.00020890947239396142
CentroidX: 0.4520
CentroidY: 0.5708
