Location: Document_2025-04-16_190348-1.png_Gaussian-Closing.png
Component: component_1744836306240_399.png
centerX: 0.08833922261484099
centerY: 0.5331621737270005
width: 0.02120141342756184
height: 0.021822849807445442
Area: 0.00024519772815358805
CentroidX: 0.0992
CentroidY: 0.5445
