Location: Document_2025-04-16_190348-1.png_Gaussian-Closing.png
Component: component_1744836306196_249.png
centerX: 0.1625441696113074
centerY: 0.3256311510483526
width: 0.024146054181389872
height: 0.02866923406076166
Area: 0.00038833473698322624
CentroidX: 0.1749
CentroidY: 0.3405
