Location: Document_2025-04-16_190416-1.png_Gaussian-Median.png
Component: component_1744836305582_101.png
centerX: 0.8404004711425206
centerY: 0.1399229781771502
width: 0.02120141342756184
height: 0.024818142918271287
Area: 0.00019656138536464405
CentroidX: 0.8510
CentroidY: 0.1519
