Location: Document_2025-04-16_190416-1.png_Gaussian-Closing.png
Component: component_1744836305735_234.png
centerX: 0.8191990577149588
centerY: 0.35643988018827555
width: 0.020023557126030624
height: 0.02396234488660676
Area: 0.0002504897654518669
CentroidX: 0.8291
CentroidY: 0.3692
