Location: Document_2025-04-16_190348-1.png_Gaussian-Closing.png
Component: component_1744836306233_363.png
centerX: 0.5971731448763251
centerY: 0.49208386820710315
width: 0.022968197879858657
height: 0.02267864783910997
Area: 0.00027694995194326127
CentroidX: 0.6089
CentroidY: 0.5038
