Location: Document_2025-04-16_190348-1.png_Gaussian-Closing.png
Component: component_1744836306258_493.png
centerX: 0.3215547703180212
centerY: 0.6611039794608472
width: 0.025323910482921083
height: 0.028241335044929396
Area: 0.00039186276184874553
CentroidX: 0.3337
CentroidY: 0.6757
