Location: Document_2025-04-16_190348-1.png_Gaussian-Closing.png
Component: component_1744836306229_343.png
centerX: 0.32685512367491165
centerY: 0.46084724005134786
width: 0.01884570082449941
height: 0.02610183996576808
Area: 0.0002532617849890606
CentroidX: 0.3365
CentroidY: 0.4742
