Location: Document_2025-04-16_190416-1.png_Mean-Closing.png
Component: component_1744836305934_102.png
centerX: 0.6631330977620731
centerY: 0.1703038083012409
width: 0.024146054181389872
height: 0.03209242618741977
Area: 0.00038153068902829627
CentroidX: 0.6754
CentroidY: 0.1863
