Location: Document_2025-04-16_190416-1.png_Gaussian-Median.png
Component: component_1744836305583_105.png
centerX: 0.08598351001177856
centerY: 0.14206247325631152
width: 0.02237926972909305
height: 0.026529738981600343
Area: 0.00021344550436391477
CentroidX: 0.0970
CentroidY: 0.1554
