Location: Document_2025-04-16_190348-1.png_Gaussian-Closing.png
Component: component_1744836306283_625.png
centerX: 0.35983510011778563
centerY: 0.8510911424903723
width: 0.022968197879858657
height: 0.03080872913992298
Area: 0.0003394463924181738
CentroidX: 0.3724
CentroidY: 0.8670
