Location: Document_2025-04-16_190348-1.png_Gaussian-Closing.png
Component: component_1744836306143_119.png
centerX: 0.38515901060070673
centerY: 0.15062045357295678
width: 0.022968197879858657
height: 0.02139495079161318
Area: 0.00025779781695901393
CentroidX: 0.3974
CentroidY: 0.1618
