Location: Document_2025-04-16_190348-1.png_Gaussian-Closing.png
Component: component_1744836306116_87.png
centerX: 0.6501766784452296
centerY: 0.11082584510055626
width: 0.022968197879858657
height: 0.025673940949935817
Area: 0.0003270983053888564
CentroidX: 0.6621
CentroidY: 0.1238
