Location: Document_2025-04-16_190348-1.png_Gaussian-Closing.png
Component: component_1744836306179_205.png
centerX: 0.7220259128386337
centerY: 0.2819854514334617
width: 0.023557126030624265
height: 0.02610183996576808
Area: 0.0002887940354203616
CentroidX: 0.7344
CentroidY: 0.2956
