Location: Document_2025-04-16_190348-1.png_Gaussian-Closing.png
Component: component_1744836306112_70.png
centerX: 0.7214369846878681
centerY: 0.07787762088147197
width: 0.02120141342756184
height: 0.023106546854942234
Area: 0.00024519772815358805
CentroidX: 0.7332
CentroidY: 0.0904
