Location: Document_2025-04-16_190416-1.png_Gaussian-Closing.png
Component: component_1744836305723_197.png
centerX: 0.054770318021201414
centerY: 0.29781771501925547
width: 0.021790341578327443
height: 0.02866923406076166
Area: 0.0002829979945698657
CentroidX: 0.0660
CentroidY: 0.3133
