Location: Document_2025-04-16_190348-1.png_Gaussian-Closing.png
Component: component_1744836306277_592.png
centerX: 0.3574793875147232
centerY: 0.8104407359863073
width: 0.024146054181389872
height: 0.03080872913992298
Area: 0.00033818638353763116
CentroidX: 0.3701
CentroidY: 0.8266
