Location: Document_2025-04-16_190416-1.png_Gaussian-Median.png
Component: component_1744836305590_143.png
centerX: 0.806831566548881
centerY: 0.21138211382113822
width: 0.024146054181389872
height: 0.030380830124090714
Area: 0.00038379870501327294
CentroidX: 0.8198
CentroidY: 0.2269
