Location: Document_2025-04-16_190416-1.png_Gaussian-Median.png
Component: component_1744836305577_70.png
centerX: 0.7338044758539458
centerY: 0.10055626872058195
width: 0.023557126030624265
height: 0.025673940949935817
Area: 0.00026107384004842466
CentroidX: 0.7454
CentroidY: 0.1131
