Location: Document_2025-04-16_190416-1.png_Gaussian-Closing.png
Component: component_1744836305763_360.png
centerX: 0.6678445229681979
centerY: 0.5477107402652974
width: 0.02120141342756184
height: 0.025246041934103552
Area: 0.00027442993418217614
CentroidX: 0.6794
CentroidY: 0.5598
