Location: Document_2025-04-16_190348-1.png_Gaussian-Closing.png
Component: component_1744836306255_473.png
centerX: 0.12190812720848057
centerY: 0.6290115532734275
width: 0.021790341578327443
height: 0.02610183996576808
Area: 0.0003180262414489497
CentroidX: 0.1320
CentroidY: 0.6422
