Location: Document_2025-04-16_190416-1.png_Mean-Closing.png
Component: component_1744836305832_41.png
centerX: 0.8515901060070671
centerY: 0.06332905434317501
width: 0.024734982332155476
height: 0.026529738981600343
Area: 0.00026535787024226944
CentroidX: 0.8640
CentroidY: 0.0761
