Location: Document_2025-04-16_190416-1.png_Gaussian-Closing.png
Component: component_1744836305667_39.png
centerX: 0.8515901060070671
centerY: 0.06290115532734275
width: 0.024734982332155476
height: 0.026957637997432605
Area: 0.0002703979057644398
CentroidX: 0.8640
CentroidY: 0.0761
