Location: Document_2025-04-16_190348-1.png_Gaussian-Closing.png
Component: component_1744836306280_606.png
centerX: 0.9428739693757362
centerY: 0.8322635857937527
width: 0.025323910482921083
height: 0.0329482242190843
Area: 0.0004755273515167735
CentroidX: 0.9560
CentroidY: 0.8482
