Location: Document_2025-04-16_190416-1.png_Mean-Closing.png
Component: component_1744836305945_116.png
centerX: 0.947585394581861
centerY: 0.17201540436456997
width: 0.022968197879858657
height: 0.029097133076593923
Area: 0.00038959474586376886
CentroidX: 0.9585
CentroidY: 0.1863
