Location: Document_2025-04-16_190348-1.png_Gaussian-Closing.png
Component: component_1744836306263_520.png
centerX: 0.4876325088339223
centerY: 0.6944801026957638
width: 0.023557126030624265
height: 0.026529738981600343
Area: 0.0003709466144317385
CentroidX: 0.4996
CentroidY: 0.7078
