Location: Document_2025-04-16_190416-1.png_Gaussian-Median.png
Component: component_1744836305572_35.png
centerX: 0.7391048292108363
centerY: 0.06118955926401369
width: 0.022968197879858657
height: 0.02995293110825845
Area: 0.0003107181899418027
CentroidX: 0.7514
CentroidY: 0.0758
