Location: Document_2025-04-16_190348-1.png_Gaussian-Closing.png
Component: component_1744836306222_320.png
centerX: 0.09128386336866902
centerY: 0.4278990158322636
width: 0.023557126030624265
height: 0.02995293110825845
Area: 0.00040496685420638844
CentroidX: 0.1029
CentroidY: 0.4432
