Location: Document_2025-04-16_190416-1.png_Gaussian-Closing.png
Component: component_1744836305742_267.png
centerX: 0.2750294464075383
centerY: 0.4120667522464698
width: 0.022968197879858657
height: 0.029097133076593923
Area: 0.00036716658779011073
CentroidX: 0.2865
CentroidY: 0.4263
