Location: Document_2025-04-16_190416-1.png_Mean-Closing.png
Component: component_1744836306034_297.png
centerX: 0.13191990577149587
centerY: 0.4540008557980317
width: 0.022968197879858657
height: 0.02781343602909713
Area: 0.00035028246879084
CentroidX: 0.1433
CentroidY: 0.4677
