Location: Document_2025-04-16_190348-1.png_Gaussian-Closing.png
Component: component_1744836306291_666.png
centerX: 0.3998822143698469
centerY: 0.9195549850235345
width: 0.021790341578327443
height: 0.025246041934103552
Area: 0.00023990569085530916
CentroidX: 0.4116
CentroidY: 0.9323
