Location: Document_2025-04-16_190348-1.png_Gaussian-Closing.png
Component: component_1744836306264_523.png
centerX: 0.28091872791519434
centerY: 0.6974753958065897
width: 0.024146054181389872
height: 0.029097133076593923
Area: 0.0003583465256263126
CentroidX: 0.2933
CentroidY: 0.7118
