Location: Document_2025-04-16_190416-1.png_Gaussian-Median.png
Component: component_1744836305605_216.png
centerX: 0.6702002355712603
centerY: 0.31792896876337184
width: 0.021790341578327443
height: 0.025673940949935817
Area: 0.0003243262858516627
CentroidX: 0.6807
CentroidY: 0.3308
