Location: Document_2025-04-16_190348-1.png_Gaussian-Closing.png
Component: component_1744836306259_500.png
centerX: 0.12897526501766785
centerY: 0.6649550706033376
width: 0.022968197879858657
height: 0.026957637997432605
Area: 0.0003510384741191656
CentroidX: 0.1399
CentroidY: 0.6781
