Location: Document_2025-04-16_190416-1.png_Gaussian-Median.png
Component: component_1744836305592_153.png
centerX: 0.09187279151943463
centerY: 0.22036799315361574
width: 0.021790341578327443
height: 0.026529738981600343
Area: 0.0003180262414489497
CentroidX: 0.1027
CentroidY: 0.2335
