Location: Document_2025-04-16_190348-1.png_Gaussian-Closing.png
Component: component_1744836306228_341.png
centerX: 0.44287396937573614
centerY: 0.45999144201968334
width: 0.021790341578327443
height: 0.02139495079161318
Area: 0.00024519772815358805
CentroidX: 0.4531
CentroidY: 0.4707
