Location: Document_2025-04-16_190416-1.png_Gaussian-Median.png
Component: component_1744836305608_226.png
centerX: 0.2762073027090695
centerY: 0.33204963628583656
width: 0.021790341578327443
height: 0.02610183996576808
Area: 0.0003442344261642356
CentroidX: 0.2875
CentroidY: 0.3447
