Location: Document_2025-04-16_190416-1.png_Gaussian-Median.png
Component: component_1744836305616_272.png
centerX: 0.4299175500588928
centerY: 0.40907145913564397
width: 0.024734982332155476
height: 0.030380830124090714
Area: 0.00042588300162339543
CentroidX: 0.4426
CentroidY: 0.4240
