Location: Document_2025-04-16_190416-1.png_Mean-Closing.png
Component: component_1744836306046_342.png
centerX: 0.4034157832744405
centerY: 0.5237483953786907
width: 0.024146054181389872
height: 0.02866923406076166
Area: 0.0004097548879524503
CentroidX: 0.4155
CentroidY: 0.5378
