Location: Document_2025-04-16_190416-1.png_Mean-Closing.png
Component: component_1744836306059_347.png
centerX: 0.24617196702002356
centerY: 0.5271715875053488
width: 0.024146054181389872
height: 0.022250748823277707
Area: 0.0003018981277780046
CentroidX: 0.2594
CentroidY: 0.5387
