Location: Document_2025-04-16_190348-1.png_Gaussian-Closing.png
Component: component_1744836306109_57.png
centerX: 0.23380447585394581
centerY: 0.07531022678647839
width: 0.021790341578327443
height: 0.024818142918271287
Area: 0.00027342192707774203
CentroidX: 0.2452
CentroidY: 0.0876
