Location: Document_2025-04-16_190348-1.png_Gaussian-Closing.png
Component: component_1744836306203_267.png
centerX: 0.8810365135453475
centerY: 0.35258878904578517
width: 0.024146054181389872
height: 0.029097133076593923
Area: 0.00042159897142955065
CentroidX: 0.8925
CentroidY: 0.3675
