Location: Document_2025-04-16_190348-1.png_Gaussian-Closing.png
Component: component_1744836306212_293.png
centerX: 0.3568904593639576
centerY: 0.3940949935815148
width: 0.02591283863368669
height: 0.02738553701326487
Area: 0.0003664105824617852
CentroidX: 0.3710
CentroidY: 0.4084
