Location: Document_2025-04-16_190416-1.png_Gaussian-Median.png
Component: component_1744836305608_227.png
centerX: 0.2326266195524146
centerY: 0.33418913136499784
width: 0.022968197879858657
height: 0.026529738981600343
Area: 0.00031727023612062417
CentroidX: 0.2445
CentroidY: 0.3473
