Location: Document_2025-04-16_190416-1.png_Gaussian-Median.png
Component: component_1744836305604_212.png
centerX: 0.8109540636042403
centerY: 0.3157894736842105
width: 0.02591283863368669
height: 0.026957637997432605
Area: 0.0003402023977464993
CentroidX: 0.8249
CentroidY: 0.3292
