Location: Document_2025-04-16_190348-1.png_Gaussian-Closing.png
Component: component_1744836306160_188.png
centerX: 0.6525323910482921
centerY: 0.2537441163885323
width: 0.02061248527679623
height: 0.021822849807445442
Area: 0.00021294150081169772
CentroidX: 0.6631
CentroidY: 0.2649
