Location: Document_2025-04-16_190416-1.png_Gaussian-Median.png
Component: component_1744836305611_248.png
centerX: 0.3916372202591284
centerY: 0.3684210526315789
width: 0.024146054181389872
height: 0.024818142918271287
Area: 0.00034095840307482486
CentroidX: 0.4033
CentroidY: 0.3800
