Location: Document_2025-04-16_190416-1.png_Mean-Closing.png
Component: component_1744836305845_62.png
centerX: 0.2826855123674912
centerY: 0.09927257167308515
width: 0.021790341578327443
height: 0.026957637997432605
Area: 0.00027896596615212943
CentroidX: 0.2939
CentroidY: 0.1126
