Location: Document_2025-04-16_190348-1.png_Gaussian-Closing.png
Component: component_1744836306112_69.png
centerX: 0.6484098939929329
centerY: 0.07830551989730423
width: 0.023557126030624265
height: 0.021822849807445442
Area: 0.0002363776659897899
CentroidX: 0.6610
CentroidY: 0.0897
