Location: Document_2025-04-16_190348-1.png_Gaussian-Closing.png
Component: component_1744836306227_336.png
centerX: 0.5606595995288575
centerY: 0.4582798459563543
width: 0.022968197879858657
height: 0.023106546854942234
Area: 0.0002683818915555717
CentroidX: 0.5720
CentroidY: 0.4703
