Location: Document_2025-04-16_190416-1.png_Gaussian-Median.png
Component: component_1744836305588_131.png
centerX: 0.09187279151943463
centerY: 0.18314077877620882
width: 0.02237926972909305
height: 0.02995293110825845
Area: 0.00030341013843465566
CentroidX: 0.1027
CentroidY: 0.1984
