Location: Document_2025-04-16_190348-1.png_Gaussian-Closing.png
Component: component_1744836306278_599.png
centerX: 0.27267373380447585
centerY: 0.8134360290971331
width: 0.025323910482921083
height: 0.03080872913992298
Area: 0.0003371783764331971
CentroidX: 0.2860
CentroidY: 0.8288
