Location: Document_2025-04-16_190348-1.png_Gaussian-Closing.png
Component: component_1744836306255_474.png
centerX: 0.36042402826855124
centerY: 0.6290115532734275
width: 0.023557126030624265
height: 0.025673940949935817
Area: 0.00035330649010414223
CentroidX: 0.3718
CentroidY: 0.6420
