Location: Document_2025-04-16_190416-1.png_Gaussian-Median.png
Component: component_1744836305579_82.png
centerX: 0.40223792697290933
centerY: 0.1326486949080017
width: 0.02237926972909305
height: 0.024390243902439025
Area: 0.00020412143864789958
CentroidX: 0.4136
CentroidY: 0.1444
