Location: Document_2025-04-16_190348-1.png_Gaussian-Closing.png
Component: component_1744836306227_338.png
centerX: 0.6725559481743227
centerY: 0.45785194694052206
width: 0.020023557126030624
height: 0.02396234488660676
Area: 0.0002648538666900524
CentroidX: 0.6824
CentroidY: 0.4699
