Location: Document_2025-04-16_190348-1.png_Gaussian-Closing.png
Component: component_1744836306239_395.png
centerX: 0.1607773851590106
centerY: 0.5314505776636713
width: 0.02237926972909305
height: 0.025673940949935817
Area: 0.00030719016507628347
CentroidX: 0.1724
CentroidY: 0.5441
