Location: Document_2025-04-16_190416-1.png_Gaussian-Median.png
Component: component_1744836305596_172.png
centerX: 0.3869257950530035
centerY: 0.2563115104835259
width: 0.025323910482921083
height: 0.02738553701326487
Area: 0.00037397063574504076
CentroidX: 0.3997
CentroidY: 0.2707
