Location: Document_2025-04-16_190416-1.png_Gaussian-Closing.png
Component: component_1744836305732_217.png
centerX: 0.4752650176678445
centerY: 0.3290543431750107
width: 0.02120141342756184
height: 0.022250748823277707
Area: 0.0002751859395105017
CentroidX: 0.4859
CentroidY: 0.3400
