Location: Document_2025-04-16_190348-1.png_Gaussian-Closing.png
Component: component_1744836306103_34.png
centerX: 0.20200235571260305
centerY: 0.02866923406076166
width: 0.02120141342756184
height: 0.025246041934103552
Area: 0.0002419217050641773
CentroidX: 0.2137
CentroidY: 0.0416
