Location: Document_2025-04-16_190416-1.png_Gaussian-Median.png
Component: component_1744836305593_155.png
centerX: 0.23733804475853945
centerY: 0.21994009413778348
width: 0.024146054181389872
height: 0.03123662815575524
Area: 0.0003792626730433196
CentroidX: 0.2491
CentroidY: 0.2358
