Location: Document_2025-04-16_190416-1.png_Mean-Closing.png
Component: component_1744836305890_86.png
centerX: 0.7302709069493521
centerY: 0.13564398801882754
width: 0.02061248527679623
height: 0.025673940949935817
Area: 0.0001764012432759626
CentroidX: 0.7414
CentroidY: 0.1488
