Location: Document_2025-04-16_190348-1.png_Gaussian-Closing.png
Component: component_1744836306249_439.png
centerX: 0.4387514723203769
centerY: 0.5956354300385109
width: 0.02944640753828033
height: 0.026529738981600343
Area: 0.00028451000522651684
CentroidX: 0.4551
CentroidY: 0.6098
