Location: Document_2025-04-16_190416-1.png_Mean-Closing.png
Component: component_1744836305827_27.png
centerX: 0.44758539458186103
centerY: 0.06076166024818143
width: 0.022968197879858657
height: 0.02781343602909713
Area: 0.000314750218359539
CentroidX: 0.4595
CentroidY: 0.0754
