Location: Document_2025-04-16_190416-1.png_Mean-Closing.png
Component: component_1744836306038_306.png
centerX: 0.751472320376914
centerY: 0.4771074026529739
width: 0.02120141342756184
height: 0.02738553701326487
Area: 0.0003638905647007
CentroidX: 0.7620
CentroidY: 0.4904
