Location: Document_2025-04-16_190348-1.png_Gaussian-Closing.png
Component: component_1744836306163_189.png
centerX: 0.2697290930506478
centerY: 0.25459991442019686
width: 0.020023557126030624
height: 0.020967051775780916
Area: 0.0002126894990355892
CentroidX: 0.2796
CentroidY: 0.2654
