Location: Document_2025-04-16_190416-1.png_Gaussian-Median.png
Component: component_1744836305578_72.png
centerX: 0.05653710247349823
centerY: 0.10098416773641421
width: 0.02237926972909305
height: 0.024818142918271287
Area: 0.00023209363579594508
CentroidX: 0.0680
CentroidY: 0.1146
