Location: Document_2025-04-16_190416-1.png_Gaussian-Median.png
Component: component_1744836305608_230.png
centerX: 0.11955241460541814
centerY: 0.3363286264441592
width: 0.021790341578327443
height: 0.02781343602909713
Area: 0.0002923220602858809
CentroidX: 0.1312
CentroidY: 0.3503
