Location: Document_2025-04-16_190348-1.png_Gaussian-Closing.png
Component: component_1744836306289_654.png
centerX: 0.044169611307420496
centerY: 0.8874625588361147
width: 0.023557126030624265
height: 0.03123662815575524
Area: 0.000307442166852392
CentroidX: 0.0568
CentroidY: 0.9032
