Location: Document_2025-04-16_190348-1.png_Gaussian-Closing.png
Component: component_1744836306278_598.png
centerX: 0.3168433451118963
centerY: 0.8121523320496363
width: 0.02237926972909305
height: 0.03080872913992298
Area: 0.0002978660993602683
CentroidX: 0.3281
CentroidY: 0.8281
