Location: Document_2025-04-16_190416-1.png_Mean-Closing.png
Component: component_1744836305999_211.png
centerX: 0.5412249705535924
centerY: 0.3252032520325203
width: 0.023557126030624265
height: 0.026529738981600343
Area: 0.00032760230894107343
CentroidX: 0.5528
CentroidY: 0.3390
