Location: Document_2025-04-16_190348-1.png_Gaussian-Closing.png
Component: component_1744836306204_269.png
centerX: 0.3121319199057715
centerY: 0.35729567821994007
width: 0.028268551236749116
height: 0.03423192126658109
Area: 0.0005397878044244456
CentroidX: 0.3279
CentroidY: 0.3742
