Location: Document_2025-04-16_190416-1.png_Gaussian-Median.png
Component: component_1744836305610_243.png
centerX: 0.6307420494699647
centerY: 0.36029097133076593
width: 0.021790341578327443
height: 0.024818142918271287
Area: 0.00025376578854127766
CentroidX: 0.6421
CentroidY: 0.3736
