Location: Document_2025-04-16_190416-1.png_Mean-Closing.png
Component: component_1744836306022_247.png
centerX: 0.08716136631330977
centerY: 0.3748395378690629
width: 0.024146054181389872
height: 0.028241335044929396
Area: 0.0003691826019989789
CentroidX: 0.0992
CentroidY: 0.3889
