Location: Document_2025-04-16_190416-1.png_Mean-Closing.png
Component: component_1744836305963_134.png
centerX: 0.6972909305064782
centerY: 0.21181001283697048
width: 0.026501766784452298
height: 0.031664527171587506
Area: 0.0004147949234746206
CentroidX: 0.7117
CentroidY: 0.2274
