Location: Document_2025-04-16_190416-1.png_Gaussian-Median.png
Component: component_1744836305598_185.png
centerX: 0.8127208480565371
centerY: 0.2811296534017972
width: 0.021790341578327443
height: 0.02738553701326487
Area: 0.00031424621480732195
CentroidX: 0.8234
CentroidY: 0.2946
