Location: Document_2025-04-16_190416-1.png_Gaussian-Closing.png
Component: component_1744836305721_190.png
centerX: 0.43168433451118965
centerY: 0.2935387248609328
width: 0.02237926972909305
height: 0.02866923406076166
Area: 0.00034877045813418893
CentroidX: 0.4435
CentroidY: 0.3077
