Location: Document_2025-04-16_190348-1.png_Gaussian-Closing.png
Component: component_1744836306272_563.png
centerX: 0.8121319199057715
centerY: 0.7689345314505777
width: 0.02061248527679623
height: 0.02396234488660676
Area: 0.00018849732852917149
CentroidX: 0.8232
CentroidY: 0.7809
