Location: Document_2025-04-16_190348-1.png_Gaussian-Closing.png
Component: component_1744836306231_354.png
centerX: 0.7762073027090695
centerY: 0.4895164741121095
width: 0.024734982332155476
height: 0.02738553701326487
Area: 0.00029282606383809794
CentroidX: 0.7891
CentroidY: 0.5040
