Location: Document_2025-04-16_190416-1.png_Gaussian-Closing.png
Component: component_1744836305751_314.png
centerX: 0.4752650176678445
centerY: 0.4848095849379546
width: 0.023557126030624265
height: 0.029525032092426188
Area: 0.00039690279737091585
CentroidX: 0.4868
CentroidY: 0.4995
