Location: Document_2025-04-16_190416-1.png_Mean-Closing.png
Component: component_1744836306024_256.png
centerX: 0.7426383981154299
centerY: 0.3975181857081729
width: 0.03415783274440518
height: 0.030380830124090714
Area: 0.0004656992822485413
CentroidX: 0.7625
CentroidY: 0.4136
