Location: Document_2025-04-16_190416-1.png_Gaussian-Closing.png
Component: component_1744836305663_18.png
centerX: 0.09658421672555949
centerY: 0.01797175866495507
width: 0.030035335689045935
height: 0.03209242618741977
Area: 0.0004845994154566801
CentroidX: 0.1126
CentroidY: 0.0349
