Location: Document_2025-04-16_190416-1.png_Gaussian-Median.png
Component: component_1744836305577_68.png
centerX: 0.08775029446407538
centerY: 0.10055626872058195
width: 0.022968197879858657
height: 0.02866923406076166
Area: 0.0002598138311678821
CentroidX: 0.0998
CentroidY: 0.1154
