Location: Document_2025-04-16_190416-1.png_Mean-Closing.png
Component: component_1744836305962_129.png
centerX: 0.944640753828033
centerY: 0.21052631578947367
width: 0.024734982332155476
height: 0.026957637997432605
Area: 0.00036716658779011073
CentroidX: 0.9577
CentroidY: 0.2243
