Location: Document_2025-04-16_190416-1.png_Gaussian-Closing.png
Component: component_1744836305690_100.png
centerX: 0.8380447585394581
centerY: 0.16987590928540863
width: 0.024146054181389872
height: 0.03337612323491656
Area: 0.00040244683644530325
CentroidX: 0.8500
CentroidY: 0.1866
