Location: Document_2025-04-16_190416-1.png_Gaussian-Closing.png
Component: component_1744836305662_9.png
centerX: 0.26383981154299174
centerY: 0.015832263585793753
width: 0.02944640753828033
height: 0.03465982028241335
Area: 0.0005229036854251749
CentroidX: 0.2795
CentroidY: 0.0337
