Location: Document_2025-04-16_190416-1.png_Mean-Closing.png
Component: component_1744836306068_370.png
centerX: 0.1696113074204947
centerY: 0.5618314077877621
width: 0.025323910482921083
height: 0.024818142918271287
Area: 0.00032961832314994154
CentroidX: 0.1836
CentroidY: 0.5747
