Location: Document_2025-04-16_190416-1.png_Gaussian-Median.png
Component: component_1744836305592_151.png
centerX: 0.20082449941107186
centerY: 0.21951219512195122
width: 0.024146054181389872
height: 0.028241335044929396
Area: 0.0003749786428494748
CentroidX: 0.2131
CentroidY: 0.2336
