Location: Document_2025-04-16_190416-1.png_Mean-Closing.png
Component: component_1744836305825_20.png
centerX: 0.6725559481743227
centerY: 0.018399657680787333
width: 0.026501766784452298
height: 0.03423192126658109
Area: 0.00038833473698322624
CentroidX: 0.6870
CentroidY: 0.0358
