Location: Document_2025-04-16_190348-1.png_Gaussian-Closing.png
Component: component_1744836306233_365.png
centerX: 0.7438162544169611
centerY: 0.49208386820710315
width: 0.021790341578327443
height: 0.02396234488660676
Area: 0.0002668698808989206
CentroidX: 0.7553
CentroidY: 0.5043
