Location: Document_2025-04-16_190416-1.png_Mean-Closing.png
Component: component_1744836306032_292.png
centerX: 0.32037691401649
centerY: 0.45186136071887034
width: 0.022968197879858657
height: 0.02610183996576808
Area: 0.0003636385629245915
CentroidX: 0.3323
CentroidY: 0.4640
