Location: Document_2025-04-16_190416-1.png_Gaussian-Median.png
Component: component_1744836305580_84.png
centerX: 0.585394581861013
centerY: 0.1326486949080017
width: 0.02061248527679623
height: 0.02396234488660676
Area: 0.00015699710651560672
CentroidX: 0.5956
CentroidY: 0.1443
