Location: Document_2025-04-16_190416-1.png_Gaussian-Median.png
Component: component_1744836305581_92.png
centerX: 0.7302709069493521
centerY: 0.13564398801882754
width: 0.02120141342756184
height: 0.025673940949935817
Area: 0.00018093727524591592
CentroidX: 0.7416
CentroidY: 0.1489
