Location: Document_2025-04-16_190348-1.png_Gaussian-Closing.png
Component: component_1744836306206_271.png
centerX: 0.2756183745583039
centerY: 0.35772357723577236
width: 0.026501766784452298
height: 0.032520325203252036
Area: 0.00047174732487514573
CentroidX: 0.2891
CentroidY: 0.3744
