Location: Document_2025-04-16_190416-1.png_Gaussian-Closing.png
Component: component_1744836305665_30.png
centerX: 0.5594817432273262
centerY: 0.06076166024818143
width: 0.022968197879858657
height: 0.02781343602909713
Area: 0.000287030022987602
CentroidX: 0.5712
CentroidY: 0.0740
