Location: Document_2025-04-16_190416-1.png_Gaussian-Closing.png
Component: component_1744836305666_33.png
centerX: 0.7002355712603062
centerY: 0.06076166024818143
width: 0.025323910482921083
height: 0.029097133076593923
Area: 0.0003218062680905775
CentroidX: 0.7135
CentroidY: 0.0758
