Location: Document_2025-04-16_190416-1.png_Gaussian-Closing.png
Component: component_1744836305738_245.png
centerX: 0.23910482921083628
centerY: 0.3718442447582371
width: 0.02120141342756184
height: 0.025673940949935817
Area: 0.00030391414198687274
CentroidX: 0.2498
CentroidY: 0.3849
