Location: Document_2025-04-16_190416-1.png_Gaussian-Median.png
Component: component_1744836305625_318.png
centerX: 0.6325088339222615
centerY: 0.4792468977321352
width: 0.025323910482921083
height: 0.02995293110825845
Area: 0.0004183229483401399
CentroidX: 0.6458
CentroidY: 0.4948
