Location: Document_2025-04-16_190416-1.png_Mean-Closing.png
Component: component_1744836305994_188.png
centerX: 0.4723203769140165
centerY: 0.29225502781343604
width: 0.02237926972909305
height: 0.02781343602909713
Area: 0.00034473842971645267
CentroidX: 0.4839
CentroidY: 0.3062
