Location: Document_2025-04-16_190416-1.png_Gaussian-Closing.png
Component: component_1744836305697_121.png
centerX: 0.127208480565371
centerY: 0.18057338468121523
width: 0.022968197879858657
height: 0.03080872913992298
Area: 0.00030164612600189607
CentroidX: 0.1396
CentroidY: 0.1959
