Location: Document_2025-04-16_190348-1.png_Gaussian-Closing.png
Component: component_1744836306267_539.png
centerX: 0.6696113074204947
centerY: 0.7222935387248609
width: 0.024146054181389872
height: 0.02866923406076166
Area: 0.0004067308666391481
CentroidX: 0.6817
CentroidY: 0.7357
