Location: Document_2025-04-16_190416-1.png_Gaussian-Closing.png
Component: component_1744836305679_61.png
centerX: 0.24440518256772673
centerY: 0.09927257167308515
width: 0.02237926972909305
height: 0.026957637997432605
Area: 0.00029559808337529164
CentroidX: 0.2559
CentroidY: 0.1130
