Location: Document_2025-04-16_190416-1.png_Gaussian-Closing.png
Component: component_1744836305680_68.png
centerX: 0.05653710247349823
centerY: 0.10098416773641421
width: 0.02237926972909305
height: 0.024818142918271287
Area: 0.00023436165178092176
CentroidX: 0.0679
CentroidY: 0.1146
