Location: Document_2025-04-16_190348-1.png_Gaussian-Closing.png
Component: component_1744836306260_508.png
centerX: 0.8515901060070671
centerY: 0.6846384253316218
width: 0.02591283863368669
height: 0.02995293110825845
Area: 0.00041051089328077584
CentroidX: 0.8651
CentroidY: 0.6999
