Location: Document_2025-04-16_190348-1.png_Gaussian-Closing.png
Component: component_1744836306156_177.png
centerX: 0.9434628975265018
centerY: 0.24732563115104836
width: 0.02120141342756184
height: 0.024818142918271287
Area: 0.0002535137867651691
CentroidX: 0.9539
CentroidY: 0.2600
