Location: Document_2025-04-16_190416-1.png_Mean-Closing.png
Component: component_1744836305825_19.png
centerX: 0.1419316843345112
centerY: 0.01797175866495507
width: 0.030035335689045935
height: 0.03594351732991014
Area: 0.0005838881152434363
CentroidX: 0.1584
CentroidY: 0.0363
