Location: Document_2025-04-16_190348-1.png_Gaussian-Closing.png
Component: component_1744836306114_78.png
centerX: 0.7974087161366313
centerY: 0.10783055198973042
width: 0.026501766784452298
height: 0.025673940949935817
Area: 0.0003535584918802508
CentroidX: 0.8118
CentroidY: 0.1213
