Location: Document_2025-04-16_190416-1.png_Mean-Closing.png
Component: component_1744836305965_139.png
centerX: 0.4369846878680801
centerY: 0.21352160890029953
width: 0.023557126030624265
height: 0.032520325203252036
Area: 0.00038354670323716443
CentroidX: 0.4492
CentroidY: 0.2296
