Location: Document_2025-04-16_190416-1.png_Mean-Closing.png
Component: component_1744836306067_368.png
centerX: 0.36395759717314485
centerY: 0.5592640136927685
width: 0.023557126030624265
height: 0.02738553701326487
Area: 0.00038354670323716443
CentroidX: 0.3758
CentroidY: 0.5727
