Location: Document_2025-04-16_190416-1.png_Gaussian-Median.png
Component: component_1744836305623_311.png
centerX: 0.8916372202591284
centerY: 0.4711168164313222
width: 0.02591283863368669
height: 0.029525032092426188
Area: 0.0003931227707292881
CentroidX: 0.9063
CentroidY: 0.4859
