Location: Document_2025-04-16_190416-1.png_Gaussian-Closing.png
Component: component_1744836305696_119.png
centerX: 0.23439340400471143
centerY: 0.17672229353872487
width: 0.023557126030624265
height: 0.029525032092426188
Area: 0.0003150022201356475
CentroidX: 0.2470
CentroidY: 0.1925
