Location: 2025-04-18_221535-1.png_Gaussian-Closing.png
Component: component_1745012558707_312.png
centerX: 0.6154299175500589
centerY: 0.6777920410783055
width: 0.032391048292108364
height: 0.02610183996576808
Area: 0.00043697107977217023
CentroidX: 0.6301
CentroidY: 0.6918
