Location: 2025-04-18_221510-1.png_Otsu.png
Component: component_1745012558588_773.png
centerX: 0.49528857479387517
centerY: 0.7445442875481386
width: 0.03415783274440518
height: 0.019683354728284124
Area: 0.00014389301415796378
CentroidX: 0.5084
CentroidY: 0.7547
