Location: 2025-04-18_221450-1.png_Otsu.png
Component: component_1745012812194_342.png
centerX: 0.36101295641931685
centerY: 0.6538296961916987
width: 0.039458186101295645
height: 0.026529738981600343
Area: 0.0003817826908044048
CentroidX: 0.3781
CentroidY: 0.6681
