Location: 2025-04-18_221510-1.png_Otsu.png
Component: component_1745012558607_1046.png
centerX: 0.7597173144876325
centerY: 0.8446726572528883
width: 0.03297997644287397
height: 0.021822849807445442
Area: 0.0003414624066270419
CentroidX: 0.7754
CentroidY: 0.8563
