Location: 2025-04-18_221510-1.png_Otsu.png
Component: component_1745012558534_220.png
centerX: 0.04711425206124853
centerY: 0.3453145057766367
width: 0.034746760895170786
height: 0.022250748823277707
Area: 0.00025250577966073504
CentroidX: 0.0601
CentroidY: 0.3579
