Location: 2025-04-18_221535-1.png_Gaussian-Closing.png
Component: component_1745012558710_328.png
centerX: 0.7956419316843345
centerY: 0.7235772357723578
width: 0.03828032979976443
height: 0.026529738981600343
Area: 0.00048333940657613756
CentroidX: 0.8124
CentroidY: 0.7376
