Location: 2025-04-18_221510-1.png_Mean-Medain.png
Component: component_1745012558784_71.png
centerX: 0.3044758539458186
centerY: 0.11724433033804023
width: 0.02767962308598351
height: 0.024390243902439025
Area: 0.000314750218359539
CentroidX: 0.3157
CentroidY: 0.1291
