Location: 2025-04-18_221510-1.png_Otsu.png
Component: component_1745012558571_497.png
centerX: 0.232037691401649
centerY: 0.6054771074026529
width: 0.028268551236749116
height: 0.020967051775780916
Area: 0.00020890947239396142
CentroidX: 0.2443
CentroidY: 0.6170
