Location: 2025-04-18_221450-1.png_Gaussian-Closing.png
Component: component_1745012812277_76.png
centerX: 0.127208480565371
centerY: 0.1292255027813436
width: 0.03297997644287397
height: 0.022250748823277707
Area: 0.0004112668986091014
CentroidX: 0.1427
CentroidY: 0.1411
