Location: 2025-04-18_221535-1.png_Mean-Closing.png
Component: component_1745012558899_62.png
centerX: 0.4010600706713781
centerY: 0.09370988446726572
width: 0.038869257950530034
height: 0.02781343602909713
Area: 0.00042865502116058913
CentroidX: 0.4172
CentroidY: 0.1091
