Location: 2025-04-18_221510-1.png_Mean-Medain.png
Component: component_1745012558841_407.png
centerX: 0.37750294464075385
centerY: 0.7115960633290543
width: 0.03180212014134275
height: 0.02139495079161318
Area: 0.0002703979057644398
CentroidX: 0.3909
CentroidY: 0.7238
