Location: 2025-04-18_221510-1.png_Mean-Medain.png
Component: component_1745012558780_51.png
centerX: 0.2067137809187279
centerY: 0.08130081300813008
width: 0.02767962308598351
height: 0.025673940949935817
Area: 0.0003530544883280337
CentroidX: 0.2215
CentroidY: 0.0946
