Location: 2025-04-18_221450-1.png_Gaussian-Closing.png
Component: component_1745012812368_429.png
centerX: 0.908716136631331
centerY: 0.9319640564826701
width: 0.03180212014134275
height: 0.026529738981600343
Area: 0.0004248749945189614
CentroidX: 0.9232
CentroidY: 0.9452
