Location: 2025-04-18_221535-1.png_Gaussian-Closing.png
Component: component_1745012558724_412.png
centerX: 0.32273262661955243
centerY: 0.9199828840393667
width: 0.03121319199057715
height: 0.028241335044929396
Area: 0.00046947930889016905
CentroidX: 0.3379
CentroidY: 0.9345
