Location: 2025-04-18_221450-1.png_Otsu.png
Component: component_1745012812221_467.png
centerX: 0.36160188457008247
centerY: 0.9477963200684638
width: 0.030624263839811542
height: 0.02610183996576808
Area: 0.0003374303782093056
CentroidX: 0.3772
CentroidY: 0.9616
