Location: 2025-04-18_221535-1.png_Gaussian-Closing.png
Component: component_1745012558649_35.png
centerX: 0.7532391048292109
centerY: 0.014120667522464698
width: 0.039458186101295645
height: 0.024390243902439025
Area: 0.00046091124850247944
CentroidX: 0.7723
CentroidY: 0.0265
