Location: 2025-04-18_221450-1.png_Gaussian-Closing.png
Component: component_1745012812307_155.png
centerX: 0.12779740871613662
centerY: 0.2939666238767651
width: 0.03121319199057715
height: 0.024390243902439025
Area: 0.0003792626730433196
CentroidX: 0.1431
CentroidY: 0.3059
