Location: 2025-04-18_221450-1.png_Otsu.png
Component: component_1745012812172_239.png
centerX: 0.9316843345111896
centerY: 0.441591784338896
width: 0.0353356890459364
height: 0.020967051775780916
Area: 0.00033843838531373967
CentroidX: 0.9456
CentroidY: 0.4525
