Location: 2025-04-18_221510-1.png_Otsu.png
Component: component_1745012558560_406.png
centerX: 0.49469964664310956
centerY: 0.5297389816003423
width: 0.024734982332155476
height: 0.020967051775780916
Area: 0.00024519772815358805
CentroidX: 0.5061
CentroidY: 0.5399
