Location: 2025-04-18_221450-1.png_Otsu.png
Component: component_1745012812183_286.png
centerX: 0.23380447585394581
centerY: 0.5246041934103551
width: 0.03651354534746761
height: 0.02396234488660676
Area: 0.0003371783764331971
CentroidX: 0.2492
CentroidY: 0.5372
