Location: 2025-04-18_221450-1.png_Gaussian-Median.png
Component: component_1745012811544_442.png
centerX: 0.928150765606596
centerY: 0.7980316645271716
width: 0.03297997644287397
height: 0.030380830124090714
Area: 0.00044553914015985985
CentroidX: 0.9444
CentroidY: 0.8125
