Location: 2025-04-18_221535-1.png_Mean-Closing.png
Component: component_1745012558902_76.png
centerX: 0.5577149587750294
centerY: 0.13436029097133076
width: 0.03769140164899882
height: 0.026529738981600343
Area: 0.0004044628506541714
CentroidX: 0.5765
CentroidY: 0.1489
