Location: 2025-04-18_221510-1.png_Otsu.png
Component: component_1745012558583_708.png
centerX: 0.9263839811542992
centerY: 0.7086007702182285
width: 0.022968197879858657
height: 0.019683354728284124
Area: 0.00016128113670945153
CentroidX: 0.9373
CentroidY: 0.7187
