Location: 2025-04-18_221450-1.png_Gaussian-Median.png
Component: component_1745012811538_407.png
centerX: 0.5559481743227326
centerY: 0.7265725288831836
width: 0.037102473498233215
height: 0.02781343602909713
Area: 0.0004440271295032087
CentroidX: 0.5752
CentroidY: 0.7415
