Location: 2025-04-18_221450-1.png_Otsu.png
Component: component_1745012812203_377.png
centerX: 0.4010600706713781
centerY: 0.7351305091998288
width: 0.030035335689045935
height: 0.02866923406076166
Area: 0.00034473842971645267
CentroidX: 0.4122
CentroidY: 0.7498
