Location: 2025-04-18_221450-1.png_Mean-Medain.png
Component: component_1745012811965_378.png
centerX: 0.287396937573616
centerY: 0.7436884895164741
width: 0.04181389870435807
height: 0.025246041934103552
Area: 0.0004367190779960617
CentroidX: 0.3053
CentroidY: 0.7575
