Location: 2025-04-18_221535-1.png_Gaussian-Closing.png
Component: component_1745012558724_409.png
centerX: 0.4163722025912839
centerY: 0.9191270860077022
width: 0.03415783274440518
height: 0.02781343602909713
Area: 0.00045839123074139425
CentroidX: 0.4334
CentroidY: 0.9331
