Location: 2025-04-18_221450-1.png_Gaussian-Closing.png
Component: component_1745012812334_272.png
centerX: 0.6731448763250883
centerY: 0.5344458707744972
width: 0.03769140164899882
height: 0.026957637997432605
Area: 0.00045637521653252614
CentroidX: 0.6915
CentroidY: 0.5494
