Location: 2025-04-18_221510-1.png_Mean-Medain.png
Component: component_1745012558781_55.png
centerX: 0.5806831566548881
centerY: 0.08258451005562688
width: 0.028268551236749116
height: 0.021822849807445442
Area: 0.0003371783764331971
CentroidX: 0.5932
CentroidY: 0.0936
