Location: 2025-04-18_221450-1.png_Mean-Medain.png
Component: component_1745012811916_242.png
centerX: 0.1896348645465253
centerY: 0.4865211810012837
width: 0.03297997644287397
height: 0.024390243902439025
Area: 0.00036464657002902555
CentroidX: 0.2024
CentroidY: 0.4992
