Location: 2025-04-18_221450-1.png_Mean-Medain.png
Component: component_1745012811773_106.png
centerX: 0.3327444051825677
centerY: 0.1985451433461703
width: 0.04946996466431095
height: 0.02610183996576808
Area: 0.00048233139947170345
CentroidX: 0.3544
CentroidY: 0.2127
