Location: 2025-04-18_221450-1.png_Gaussian-Closing.png
Component: component_1745012812353_354.png
centerX: 0.287396937573616
centerY: 0.7436884895164741
width: 0.04122497055359246
height: 0.025246041934103552
Area: 0.00042991503004113175
CentroidX: 0.3053
CentroidY: 0.7574
