Location: 2025-04-18_221450-1.png_Otsu.png
Component: component_1745012812108_78.png
centerX: 0.7579505300353356
centerY: 0.13906718014548566
width: 0.03180212014134275
height: 0.02267864783910997
Area: 0.00033541436400043746
CentroidX: 0.7733
CentroidY: 0.1511
