Location: 2025-04-18_221450-1.png_Gaussian-Median.png
Component: component_1745012811541_424.png
centerX: 0.8462897526501767
centerY: 0.7539580658964484
width: 0.03415783274440518
height: 0.028241335044929396
Area: 0.00043268704957832545
CentroidX: 0.8642
CentroidY: 0.7680
