Location: 2025-04-18_221510-1.png_Mean-Medain.png
Component: component_1745012558807_188.png
centerX: 0.6171967020023557
centerY: 0.34745400085579803
width: 0.028268551236749116
height: 0.0235344458707745
Area: 0.000265609872018378
CentroidX: 0.6286
CentroidY: 0.3592
