Location: 2025-04-18_221450-1.png_Gaussian-Median.png
Component: component_1745012811538_409.png
centerX: 0.5
centerY: 0.7295678219940094
width: 0.03769140164899882
height: 0.02995293110825845
Area: 0.00044251511884655764
CentroidX: 0.5152
CentroidY: 0.7451
