Location: 2025-04-18_221535-1.png_Gaussian-Closing.png
Component: component_1745012558711_335.png
centerX: 0.4734982332155477
centerY: 0.7308515190415062
width: 0.035924617196702
height: 0.025673940949935817
Area: 0.0004467991490404024
CentroidX: 0.4926
CentroidY: 0.7442
