Location: 2025-04-18_221450-1.png_Otsu.png
Component: component_1745012812165_210.png
centerX: 0.5671378091872792
centerY: 0.3821138211382114
width: 0.03356890459363958
height: 0.025246041934103552
Area: 0.0003669145860140022
CentroidX: 0.5801
CentroidY: 0.3959
