Location: 2025-04-18_221450-1.png_Gaussian-Closing.png
Component: component_1745012812325_238.png
centerX: 0.5041224970553593
centerY: 0.464270432178006
width: 0.04004711425206125
height: 0.021822849807445442
Area: 0.0004009348257886522
CentroidX: 0.5198
CentroidY: 0.4757
