Location: 2025-04-18_221510-1.png_Otsu.png
Component: component_1745012558582_707.png
centerX: 0.508833922261484
centerY: 0.7090286692340607
width: 0.025323910482921083
height: 0.021822849807445442
Area: 0.00019731739069296962
CentroidX: 0.5199
CentroidY: 0.7201
