Location: 2025-04-18_221535-1.png_Mean-Closing.png
Component: component_1745012558940_259.png
centerX: 0.8863368669022379
centerY: 0.5686777920410783
width: 0.037102473498233215
height: 0.02866923406076166
Area: 0.0005231556872012834
CentroidX: 0.9041
CentroidY: 0.5824
