Location: 2025-04-18_221510-1.png_Otsu.png
Component: component_1745012558501_37.png
centerX: 0.21908127208480566
centerY: 0.045785194694052206
width: 0.030624263839811542
height: 0.02267864783910997
Area: 0.0003608665433873978
CentroidX: 0.2313
CentroidY: 0.0574
