Location: 2025-04-18_221450-1.png_Gaussian-Median.png
Component: component_1745012811555_494.png
centerX: 0.35217903415783275
centerY: 0.9101412066752247
width: 0.04122497055359246
height: 0.028241335044929396
Area: 0.00045587121298030906
CentroidX: 0.3721
CentroidY: 0.9249
