Location: 2025-04-18_221450-1.png_Otsu.png
Component: component_1745012812109_83.png
centerX: 0.5901060070671378
centerY: 0.14848095849379547
width: 0.0353356890459364
height: 0.0235344458707745
Area: 0.0003737186339689322
CentroidX: 0.6050
CentroidY: 0.1606
