Location: 2025-04-18_221450-1.png_Gaussian-Closing.png
Component: component_1745012812368_431.png
centerX: 0.7862190812720848
centerY: 0.9353872486093282
width: 0.035924617196702
height: 0.026957637997432605
Area: 0.0004866154296655483
CentroidX: 0.8035
CentroidY: 0.9500
