Location: 2025-04-18_221510-1.png_Otsu.png
Component: component_1745012558566_449.png
centerX: 0.13780918727915195
centerY: 0.566538296961917
width: 0.02944640753828033
height: 0.02267864783910997
Area: 0.00024696174058634764
CentroidX: 0.1529
CentroidY: 0.5778
