Location: 2025-04-18_221535-1.png_Mean-Closing.png
Component: component_1745012558912_130.png
centerX: 0.7756183745583038
centerY: 0.2640136927685066
width: 0.034746760895170786
height: 0.023106546854942234
Area: 0.00038379870501327294
CentroidX: 0.7916
CentroidY: 0.2765
