Location: 2025-04-18_221510-1.png_Mean-Medain.png
Component: component_1745012558859_502.png
centerX: 0.6542991755005889
centerY: 0.8797603765511339
width: 0.03356890459363958
height: 0.02396234488660676
Area: 0.0003807746836999707
CentroidX: 0.6672
CentroidY: 0.8920
