Location: 2025-04-18_221510-1.png_Otsu.png
Component: component_1745012558580_654.png
centerX: 0.36160188457008247
centerY: 0.6739409499358151
width: 0.020023557126030624
height: 0.019255455712451863
Area: 7.635653816088096e-05
CentroidX: 0.3690
CentroidY: 0.6814
