Location: 2025-04-18_221535-1.png_Mean-Closing.png
Component: component_1745012558943_275.png
centerX: 0.03356890459363958
centerY: 0.5956354300385109
width: 0.030624263839811542
height: 0.023106546854942234
Area: 0.00043697107977217023
CentroidX: 0.0469
CentroidY: 0.6081
