Location: 2025-04-18_221450-1.png_Gaussian-Median.png
Component: component_1745012811516_321.png
centerX: 0.0800942285041225
centerY: 0.5708172871202396
width: 0.039458186101295645
height: 0.025246041934103552
Area: 0.0004120229039374269
CentroidX: 0.0969
CentroidY: 0.5850
