Location: 2025-04-18_221450-1.png_Gaussian-Closing.png
Component: component_1745012812355_367.png
centerX: 0.5176678445229682
centerY: 0.7732135216089003
width: 0.04122497055359246
height: 0.02866923406076166
Area: 0.00046242325915913057
CentroidX: 0.5364
CentroidY: 0.7882
