Location: 2025-04-18_221450-1.png_Mean-Medain.png
Component: component_1745012811931_269.png
centerX: 0.5683156654888104
centerY: 0.5412922550278134
width: 0.04299175500588928
height: 0.02781343602909713
Area: 0.00048762343676998234
CentroidX: 0.5880
CentroidY: 0.5573
