Location: 2025-04-18_221510-1.png_Otsu.png
Component: component_1745012558515_88.png
centerX: 0.9098939929328622
centerY: 0.1407787762088147
width: 0.026501766784452298
height: 0.02267864783910997
Area: 0.0002840060016742998
CentroidX: 0.9214
CentroidY: 0.1523
