Location: 2025-04-18_221535-1.png_Mean-Closing.png
Component: component_1745012558956_342.png
centerX: 0.7267373380447585
centerY: 0.76936243046641
width: 0.0353356890459364
height: 0.02610183996576808
Area: 0.0004324350478022169
CentroidX: 0.7455
CentroidY: 0.7837
