Location: 2025-04-18_221450-1.png_Mean-Medain.png
Component: component_1745012811930_267.png
centerX: 0.7279151943462897
centerY: 0.5353016688061617
width: 0.04004711425206125
height: 0.024390243902439025
Area: 0.0004493191668014876
CentroidX: 0.7466
CentroidY: 0.5490
