Location: 2025-04-18_221535-1.png_Gaussian-Closing.png
Component: component_1745012558725_416.png
centerX: 0.17255594817432274
centerY: 0.9259734702610184
width: 0.03356890459363958
height: 0.025673940949935817
Area: 0.00043268704957832545
CentroidX: 0.1881
CentroidY: 0.9399
