Location: 2025-04-18_221510-1.png_Mean-Medain.png
Component: component_1745012558803_163.png
centerX: 0.6012956419316844
centerY: 0.30637569533590076
width: 0.03121319199057715
height: 0.022250748823277707
Area: 0.0003122302005984538
CentroidX: 0.6144
CentroidY: 0.3176
