Location: 2025-04-18_221510-1.png_Mean-Medain.png
Component: component_1745012558791_91.png
centerX: 0.19964664310954064
centerY: 0.15661103979460847
width: 0.02944640753828033
height: 0.02610183996576808
Area: 0.0003339023533437864
CentroidX: 0.2142
CentroidY: 0.1698
