Location: 2025-04-18_221510-1.png_Otsu.png
Component: component_1745012558564_437.png
centerX: 0.2232037691401649
centerY: 0.5639709028669234
width: 0.03415783274440518
height: 0.020967051775780916
Area: 0.00024519772815358805
CentroidX: 0.2383
CentroidY: 0.5749
