Location: 2025-04-18_221510-1.png_Mean-Medain.png
Component: component_1745012558777_34.png
centerX: 0.42638398115429915
centerY: 0.04749679075738126
width: 0.03180212014134275
height: 0.024390243902439025
Area: 0.0003777506623866685
CentroidX: 0.4387
CentroidY: 0.0598
