Location: 2025-04-18_221510-1.png_Mean-Medain.png
Component: component_1745012558802_157.png
centerX: 0.39693757361601884
centerY: 0.30509199828840394
width: 0.0353356890459364
height: 0.021822849807445442
Area: 0.0002923220602858809
CentroidX: 0.4092
CentroidY: 0.3166
