Location: 2025-04-18_221510-1.png_Mean-Medain.png
Component: component_1745012558854_470.png
centerX: 0.21790341578327443
centerY: 0.8177150192554558
width: 0.034746760895170786
height: 0.023106546854942234
Area: 0.00034877045813418893
CentroidX: 0.2339
CentroidY: 0.8299
