Location: 2025-04-18_221510-1.png_Mean-Medain.png
Component: component_1745012558795_111.png
centerX: 0.1972909305064782
centerY: 0.20239623448866068
width: 0.02944640753828033
height: 0.021822849807445442
Area: 0.0002920700585097724
CentroidX: 0.2105
CentroidY: 0.2139
