Location: 2025-04-18_221450-1.png_Otsu.png
Component: component_1745012812156_183.png
centerX: 0.7697290930506479
centerY: 0.3303380402225075
width: 0.04181389870435807
height: 0.02267864783910997
Area: 0.00042134696965344214
CentroidX: 0.7861
CentroidY: 0.3429
