Location: 2025-04-18_221535-1.png_Mean-Closing.png
Component: component_1745012558894_34.png
centerX: 0.9234393404004712
centerY: 0.014548566538296961
width: 0.03769140164899882
height: 0.025246041934103552
Area: 0.00041882695189235695
CentroidX: 0.9440
CentroidY: 0.0280
