Location: 2025-04-18_221510-1.png_Otsu.png
Component: component_1745012558528_166.png
centerX: 0.13780918727915195
centerY: 0.2764227642276423
width: 0.030035335689045935
height: 0.02139495079161318
Area: 0.00022503758606490657
CentroidX: 0.1508
CentroidY: 0.2872
