Location: 2025-04-18_221535-1.png_Mean-Closing.png
Component: component_1745012558914_143.png
centerX: 0.8898704358068316
centerY: 0.29653401797175866
width: 0.02944640753828033
height: 0.025246041934103552
Area: 0.0004404991046376895
CentroidX: 0.9028
CentroidY: 0.3098
