Location: 2025-04-18_221510-1.png_Mean-Medain.png
Component: component_1745012558840_404.png
centerX: 0.08775029446407538
centerY: 0.7115960633290543
width: 0.024146054181389872
height: 0.021822849807445442
Area: 0.00027342192707774203
CentroidX: 0.0981
CentroidY: 0.7222
