Location: 2025-04-18_221450-1.png_Otsu.png
Component: component_1745012812153_162.png
centerX: 0.03180212014134275
centerY: 0.29995721009841675
width: 0.03121319199057715
height: 0.02267864783910997
Area: 0.0003180262414489497
CentroidX: 0.0442
CentroidY: 0.3121
