Location: 2025-04-18_221450-1.png_Gaussian-Median.png
Component: component_1745012811554_492.png
centerX: 0.4823321554770318
centerY: 0.9071459135643988
width: 0.038869257950530034
height: 0.02610183996576808
Area: 0.0004367190779960617
CentroidX: 0.5001
CentroidY: 0.9213
