Location: 2025-04-18_221510-1.png_Mean-Medain.png
Component: component_1745012558839_397.png
centerX: 0.8056537102473498
centerY: 0.7098844672657253
width: 0.025323910482921083
height: 0.020967051775780916
Area: 0.0002726659217494165
CentroidX: 0.8177
CentroidY: 0.7206
