Location: 2025-04-18_221450-1.png_Otsu.png
Component: component_1745012812206_396.png
centerX: 0.30153121319199055
centerY: 0.7886178861788617
width: 0.0353356890459364
height: 0.02781343602909713
Area: 0.00039715479914702437
CentroidX: 0.3171
CentroidY: 0.8024
