Location: 2025-04-18_221510-1.png_Otsu.png
Component: component_1745012558549_325.png
centerX: 0.04299175500588928
centerY: 0.4582798459563543
width: 0.030624263839811542
height: 0.025673940949935817
Area: 0.0002492297565713243
CentroidX: 0.0553
CentroidY: 0.4717
