Location: 2025-04-18_221535-1.png_Gaussian-Closing.png
Component: component_1745012558662_91.png
centerX: 0.8297997644287397
centerY: 0.16131792896876337
width: 0.03180212014134275
height: 0.029097133076593923
Area: 0.0004039588471019544
CentroidX: 0.8454
CentroidY: 0.1763
