Location: 2025-04-18_221535-1.png_Mean-Closing.png
Component: component_1745012558951_324.png
centerX: 0.6949352179034158
centerY: 0.7278562259306803
width: 0.035924617196702
height: 0.025673940949935817
Area: 0.0004883794420983079
CentroidX: 0.7101
CentroidY: 0.7417
