Location: 2025-04-18_221510-1.png_Otsu.png
Component: component_1745012558596_800.png
centerX: 0.3127208480565371
centerY: 0.7488232777064613
width: 0.0088339222614841
height: 0.0068463842533162175
Area: 2.3436165178092176e-05
CentroidX: 0.3152
CentroidY: 0.7510
