Location: 2025-04-18_221450-1.png_Otsu.png
Component: component_1745012812114_87.png
centerX: 0.284452296819788
centerY: 0.1621737270004279
width: 0.03651354534746761
height: 0.0235344458707745
Area: 0.00037749866061056
CentroidX: 0.3012
CentroidY: 0.1744
