Location: 2025-04-18_221510-1.png_Otsu.png
Component: component_1745012558616_1092.png
centerX: 0.3280329799764429
centerY: 0.9281129653401797
width: 0.03180212014134275
height: 0.025246041934103552
Area: 0.00038909074231155183
CentroidX: 0.3420
CentroidY: 0.9409
