Location: 2025-04-18_221510-1.png_Otsu.png
Component: component_1745012558509_53.png
centerX: 0.5265017667844523
centerY: 0.08087291399229782
width: 0.02591283863368669
height: 0.02267864783910997
Area: 0.00031248220237456236
CentroidX: 0.5379
CentroidY: 0.0921
