Location: 2025-04-18_221535-1.png_Gaussian-Closing.png
Component: component_1745012558722_397.png
centerX: 0.127208480565371
centerY: 0.8797603765511339
width: 0.027090694935217905
height: 0.02396234488660676
Area: 0.00038934274408766034
CentroidX: 0.1395
CentroidY: 0.8924
