Location: 2025-04-18_221535-1.png_Gaussian-Closing.png
Component: component_1745012558651_44.png
centerX: 0.9257950530035336
centerY: 0.04920838682071031
width: 0.04063604240282685
height: 0.025246041934103552
Area: 0.000398414808027567
CentroidX: 0.9481
CentroidY: 0.0629
