Location: 2025-04-18_221535-1.png_Mean-Closing.png
Component: component_1745012558912_135.png
centerX: 0.35217903415783275
centerY: 0.27556696619597776
width: 0.030624263839811542
height: 0.02610183996576808
Area: 0.0003734666321928237
CentroidX: 0.3666
CentroidY: 0.2895
