Location: 2025-04-18_221510-1.png_Otsu.png
Component: component_1745012558552_339.png
centerX: 0.13957597173144876
centerY: 0.46255883611467696
width: 0.024734982332155476
height: 0.020967051775780916
Area: 0.00023889768375087508
CentroidX: 0.1511
CentroidY: 0.4734
