Location: 2025-04-18_221450-1.png_Otsu.png
Component: component_1745012812154_168.png
centerX: 0.5394581861012956
centerY: 0.30979888746255885
width: 0.0353356890459364
height: 0.02396234488660676
Area: 0.00037875866949110257
CentroidX: 0.5578
CentroidY: 0.3225
