Location: 2025-04-18_221450-1.png_Otsu.png
Component: component_1745012812106_68.png
centerX: 0.3415783274440518
centerY: 0.11938382541720154
width: 0.032391048292108364
height: 0.024390243902439025
Area: 0.00034171440840315045
CentroidX: 0.3570
CentroidY: 0.1318
