Location: 2025-04-18_221450-1.png_Gaussian-Closing.png
Component: component_1745012812260_45.png
centerX: 0.8003533568904594
centerY: 0.06889174154899444
width: 0.03121319199057715
height: 0.02396234488660676
Area: 0.0003822866943566218
CentroidX: 0.8136
CentroidY: 0.0811
