Location: 2025-04-18_221450-1.png_Gaussian-Closing.png
Component: component_1745012812355_364.png
centerX: 0.6884570082449941
centerY: 0.7612323491655969
width: 0.035924617196702
height: 0.02738553701326487
Area: 0.00043293905135443397
CentroidX: 0.7050
CentroidY: 0.7757
