Location: 2025-04-18_221510-1.png_Mean-Medain.png
Component: component_1745012558775_20.png
centerX: 0.8032979976442874
centerY: 0.011125374411638854
width: 0.030624263839811542
height: 0.025246041934103552
Area: 0.0004011868275647607
CentroidX: 0.8175
CentroidY: 0.0239
