Location: 2025-04-18_221510-1.png_Mean-Medain.png
Component: component_1745012558810_209.png
centerX: 0.09363957597173145
centerY: 0.3851091142490372
width: 0.030035335689045935
height: 0.02396234488660676
Area: 0.00030038611712135345
CentroidX: 0.1052
CentroidY: 0.3975
