Location: 2025-04-18_221450-1.png_Gaussian-Median.png
Component: component_1745012811543_437.png
centerX: 0.2420494699646643
centerY: 0.7907573812580231
width: 0.03769140164899882
height: 0.028241335044929396
Area: 0.00045813922896528574
CentroidX: 0.2594
CentroidY: 0.8050
