Location: 2025-04-18_221510-1.png_Mean-Medain.png
Component: component_1745012558849_443.png
centerX: 0.6625441696113075
centerY: 0.7783483097988875
width: 0.027090694935217905
height: 0.019255455712451863
Area: 0.00018219728412645852
CentroidX: 0.6712
CentroidY: 0.7878
