Location: 2025-04-18_221535-1.png_Mean-Closing.png
Component: component_1745012558910_122.png
centerX: 0.9352179034157833
centerY: 0.251604621309371
width: 0.032391048292108364
height: 0.025673940949935817
Area: 0.0003936267742815051
CentroidX: 0.9523
CentroidY: 0.2654
