Location: 2025-04-18_221450-1.png_Otsu.png
Component: component_1745012812159_199.png
centerX: 0.8368669022379269
centerY: 0.3607188703465982
width: 0.028857479387514724
height: 0.024818142918271287
Area: 0.0003661585806856767
CentroidX: 0.8496
CentroidY: 0.3725
