Location: 2025-04-18_221535-1.png_Mean-Closing.png
Component: component_1745012558972_423.png
centerX: 0.2697290930506478
centerY: 0.967479674796748
width: 0.03415783274440518
height: 0.024390243902439025
Area: 0.0004578872271891772
CentroidX: 0.2850
CentroidY: 0.9802
