Location: 2025-04-18_221450-1.png_Otsu.png
Component: component_1745012812220_459.png
centerX: 0.7290930506478209
centerY: 0.9358151476251605
width: 0.037102473498233215
height: 0.026529738981600343
Area: 0.0003958947902664818
CentroidX: 0.7484
CentroidY: 0.9503
