Location: 2025-04-18_221450-1.png_Gaussian-Median.png
Component: component_1745012811486_154.png
centerX: 0.2832744405182568
centerY: 0.28754813863928114
width: 0.03180212014134275
height: 0.025246041934103552
Area: 0.0003749786428494748
CentroidX: 0.2958
CentroidY: 0.3013
