Location: 2025-04-18_221535-1.png_Gaussian-Closing.png
Component: component_1745012558675_159.png
centerX: 0.29799764428739695
centerY: 0.3157894736842105
width: 0.02591283863368669
height: 0.02610183996576808
Area: 0.0003691826019989789
CentroidX: 0.3103
CentroidY: 0.3294
