Location: 2025-04-18_221450-1.png_Mean-Medain.png
Component: component_1745012811767_100.png
centerX: 0.7143698468786808
centerY: 0.18142918271287975
width: 0.035924617196702
height: 0.021822849807445442
Area: 0.0003825386961327303
CentroidX: 0.7307
CentroidY: 0.1926
