Location: 2025-04-18_221535-1.png_Mean-Closing.png
Component: component_1745012558932_227.png
centerX: 0.5541813898704359
centerY: 0.4839537869062901
width: 0.035924617196702
height: 0.02781343602909713
Area: 0.0004883794420983079
CentroidX: 0.5731
CentroidY: 0.4987
