Location: 2025-04-18_221510-1.png_Mean-Medain.png
Component: component_1745012558830_338.png
centerX: 0.4163722025912839
centerY: 0.6050492083868207
width: 0.025323910482921083
height: 0.020967051775780916
Area: 0.0002623338489289672
CentroidX: 0.4271
CentroidY: 0.6160
