Location: 2025-04-18_221535-1.png_Mean-Closing.png
Component: component_1745012558970_412.png
centerX: 0.9240282685512368
centerY: 0.9554985023534446
width: 0.03769140164899882
height: 0.0329482242190843
Area: 0.0005697760157813592
CentroidX: 0.9424
CentroidY: 0.9720
