Location: 2025-04-18_221510-1.png_Otsu.png
Component: component_1745012558526_150.png
centerX: 0.9063604240282686
centerY: 0.26743688489516476
width: 0.024734982332155476
height: 0.02011125374411639
Area: 0.00021016948127450401
CentroidX: 0.9193
CentroidY: 0.2779
