Location: 2025-04-18_221450-1.png_Mean-Medain.png
Component: component_1745012811941_322.png
centerX: 0.6260306242638398
centerY: 0.6277278562259306
width: 0.04240282685512368
height: 0.02995293110825845
Area: 0.0004903954563071761
CentroidX: 0.6468
CentroidY: 0.6439
