Location: 2025-04-18_221450-1.png_Gaussian-Closing.png
Component: component_1745012812274_64.png
centerX: 0.751472320376914
centerY: 0.10312366281557553
width: 0.04240282685512368
height: 0.023106546854942234
Area: 0.0004404991046376895
CentroidX: 0.7709
CentroidY: 0.1150
