Location: 2025-04-18_221450-1.png_Mean-Medain.png
Component: component_1745012811904_205.png
centerX: 0.839811542991755
centerY: 0.40864356011981173
width: 0.028857479387514724
height: 0.02610183996576808
Area: 0.0003661585806856767
CentroidX: 0.8524
CentroidY: 0.4217
