Location: 2025-04-18_221510-1.png_Mean-Medain.png
Component: component_1745012558776_29.png
centerX: 0.1071849234393404
centerY: 0.04535729567821994
width: 0.028268551236749116
height: 0.024818142918271287
Area: 0.0003797666765955366
CentroidX: 0.1204
CentroidY: 0.0576
