Location: 2025-04-18_221450-1.png_Mean-Medain.png
Component: component_1745012811941_323.png
centerX: 0.5630153121319199
centerY: 0.6371416345742404
width: 0.04240282685512368
height: 0.026957637997432605
Area: 0.0004755273515167735
CentroidX: 0.5812
CentroidY: 0.6519
