Location: 2025-04-18_221450-1.png_Gaussian-Median.png
Component: component_1745012811548_458.png
centerX: 0.18610129564193167
centerY: 0.8408215661103979
width: 0.037102473498233215
height: 0.02738553701326487
Area: 0.00045108317923424725
CentroidX: 0.2019
CentroidY: 0.8548
