Location: 2025-04-18_221450-1.png_Gaussian-Median.png
Component: component_1745012811540_422.png
centerX: 0.08892815076560659
centerY: 0.753102267864784
width: 0.03121319199057715
height: 0.02610183996576808
Area: 0.00040194283289308623
CentroidX: 0.1050
CentroidY: 0.7669
