Location: 2025-04-18_221510-1.png_Mean-Medain.png
Component: component_1745012558803_164.png
centerX: 0.8074204946996466
centerY: 0.306803594351733
width: 0.028857479387514724
height: 0.02011125374411639
Area: 0.00027644594839104425
CentroidX: 0.8188
CentroidY: 0.3168
