Location: 2025-04-18_221510-1.png_Mean-Medain.png
Component: component_1745012558812_218.png
centerX: 0.8492343934040048
centerY: 0.4154899443731279
width: 0.03415783274440518
height: 0.021822849807445442
Area: 0.0003018981277780046
CentroidX: 0.8618
CentroidY: 0.4277
