Location: 2025-04-18_221510-1.png_Mean-Medain.png
Component: component_1745012558829_328.png
centerX: 0.6749116607773852
centerY: 0.6024818142918271
width: 0.024734982332155476
height: 0.020967051775780916
Area: 0.00027417793240606757
CentroidX: 0.6863
CentroidY: 0.6128
