Location: 2025-04-18_221535-1.png_Gaussian-Closing.png
Component: component_1745012558700_262.png
centerX: 0.8863368669022379
centerY: 0.5686777920410783
width: 0.037102473498233215
height: 0.02866923406076166
Area: 0.0005133276179330512
CentroidX: 0.9042
CentroidY: 0.5824
