Location: 2025-04-18_221450-1.png_Gaussian-Median.png
Component: component_1745012811486_150.png
centerX: 0.9222614840989399
centerY: 0.28027385537013266
width: 0.028268551236749116
height: 0.024390243902439025
Area: 0.00040748687196747363
CentroidX: 0.9360
CentroidY: 0.2937
