Location: 2025-04-18_221510-1.png_Otsu.png
Component: component_1745012558546_288.png
centerX: 0.8492343934040048
centerY: 0.4159178433889602
width: 0.03356890459363958
height: 0.020967051775780916
Area: 0.0002409136979597432
CentroidX: 0.8617
CentroidY: 0.4278
