Location: 2025-04-18_221510-1.png_Otsu.png
Component: component_1745012558601_936.png
centerX: 0.18021201413427562
centerY: 0.7851946940522037
width: 0.032391048292108364
height: 0.017543859649122806
Area: 0.00016052513138112596
CentroidX: 0.1919
CentroidY: 0.7937
