Location: 2025-04-18_221510-1.png_Mean-Medain.png
Component: component_1745012558774_17.png
centerX: 0.4287396937573616
centerY: 0.010269576379974325
width: 0.032391048292108364
height: 0.026957637997432605
Area: 0.00046393526981578165
CentroidX: 0.4441
CentroidY: 0.0246
