Location: 2025-04-18_221510-1.png_Otsu.png
Component: component_1745012558515_90.png
centerX: 0.6914016489988222
centerY: 0.1433461703038083
width: 0.028857479387514724
height: 0.02738553701326487
Area: 0.0002918180567336639
CentroidX: 0.7020
CentroidY: 0.1574
