Location: 2025-04-18_221450-1.png_Otsu.png
Component: component_1745012812217_442.png
centerX: 0.6142520612485277
centerY: 0.8998716302952503
width: 0.034746760895170786
height: 0.02866923406076166
Area: 0.0003820346925805133
CentroidX: 0.6314
CentroidY: 0.9149
