Location: 2025-04-18_221510-1.png_Mean-Medain.png
Component: component_1745012558829_327.png
centerX: 0.8103651354534747
centerY: 0.6016260162601627
width: 0.028857479387514724
height: 0.017115960633290545
Area: 0.00026334185603340133
CentroidX: 0.8232
CentroidY: 0.6112
