Location: 2025-04-18_221510-1.png_Mean-Medain.png
Component: component_1745012558835_368.png
centerX: 0.925206124852768
centerY: 0.6675224646983312
width: 0.026501766784452298
height: 0.02011125374411639
Area: 0.0002923220602858809
CentroidX: 0.9364
CentroidY: 0.6779
