Location: 2025-04-18_221510-1.png_Mean-Medain.png
Component: component_1745012558820_267.png
centerX: 0.8080094228504122
centerY: 0.49507916131792895
width: 0.025323910482921083
height: 0.01797175866495507
Area: 0.0002477177459146732
CentroidX: 0.8182
CentroidY: 0.5044
