Location: 2025-04-18_221450-1.png_Otsu.png
Component: component_1745012812207_401.png
centerX: 0.03769140164899882
centerY: 0.7984595635430038
width: 0.027090694935217905
height: 0.02738553701326487
Area: 0.0003076941686285005
CentroidX: 0.0489
CentroidY: 0.8125
