Location: 2025-04-18_221510-1.png_Mean-Medain.png
Component: component_1745012558805_173.png
centerX: 0.14723203769140164
centerY: 0.34360290971330765
width: 0.026501766784452298
height: 0.023106546854942234
Area: 0.0003127342041506709
CentroidX: 0.1592
CentroidY: 0.3549
