Location: 2025-04-18_221510-1.png_Otsu.png
Component: component_1745012558500_34.png
centerX: 0.3244994110718492
centerY: 0.044929396662387676
width: 0.02591283863368669
height: 0.0235344458707745
Area: 0.0003180262414489497
CentroidX: 0.3356
CentroidY: 0.0564
