Location: 2025-04-18_221450-1.png_Gaussian-Closing.png
Component: component_1745012812275_67.png
centerX: 0.6354534746760895
centerY: 0.10783055198973042
width: 0.035924617196702
height: 0.02053915275994865
Area: 0.00039765880269924145
CentroidX: 0.6498
CentroidY: 0.1186
