Location: 2025-04-18_221535-1.png_Mean-Closing.png
Component: component_1745012558917_161.png
centerX: 0.04004711425206125
centerY: 0.33076593923833975
width: 0.02767962308598351
height: 0.02139495079161318
Area: 0.00035028246879084
CentroidX: 0.0542
CentroidY: 0.3418
