Location: 2025-04-18_221510-1.png_Mean-Medain.png
Component: component_1745012558864_533.png
centerX: 0.03297997644287397
centerY: 0.9396662387676509
width: 0.035924617196702
height: 0.02396234488660676
Area: 0.0004248749945189614
CentroidX: 0.0479
CentroidY: 0.9524
