Location: 2025-04-18_221450-1.png_Otsu.png
Component: component_1745012812136_132.png
centerX: 0.07950530035335689
centerY: 0.2554557124518614
width: 0.035924617196702
height: 0.0235344458707745
Area: 0.0003472584474775378
CentroidX: 0.0933
CentroidY: 0.2675
