Location: 2025-04-18_221535-1.png_Mean-Closing.png
Component: component_1745012558922_190.png
centerX: 0.5447585394581861
centerY: 0.40008557980316645
width: 0.03297997644287397
height: 0.026957637997432605
Area: 0.0004767873603973161
CentroidX: 0.5614
CentroidY: 0.4143
