Location: 2025-04-18_221510-1.png_Mean-Medain.png
Component: component_1745012558832_349.png
centerX: 0.6401648998822144
centerY: 0.6345742404792469
width: 0.028268551236749116
height: 0.021822849807445442
Area: 0.0002535137867651691
CentroidX: 0.6539
CentroidY: 0.6460
