Location: 2025-04-18_221510-1.png_Otsu.png
Component: component_1745012558560_410.png
centerX: 0.17785630153121318
centerY: 0.5314505776636713
width: 0.028857479387514724
height: 0.021822849807445442
Area: 0.00025099376900408396
CentroidX: 0.1903
CentroidY: 0.5420
