Location: 2025-04-18_221510-1.png_Mean-Medain.png
Component: component_1745012558852_461.png
centerX: 0.7508833922261484
centerY: 0.8087291399229781
width: 0.034746760895170786
height: 0.02053915275994865
Area: 0.000363386561148483
CentroidX: 0.7673
CentroidY: 0.8195
