Location: 2025-04-18_221450-1.png_Gaussian-Median.png
Component: component_1745012811505_266.png
centerX: 0.8321554770318021
centerY: 0.48352588789045786
width: 0.035924617196702
height: 0.025246041934103552
Area: 0.000440751106413798
CentroidX: 0.8490
CentroidY: 0.4964
