Location: 2025-04-18_221450-1.png_Otsu.png
Component: component_1745012812188_312.png
centerX: 0.7379269729093051
centerY: 0.5776636713735558
width: 0.035924617196702
height: 0.02866923406076166
Area: 0.00039211476362485404
CentroidX: 0.7542
CentroidY: 0.5931
