Location: 2025-04-18_221510-1.png_Mean-Medain.png
Component: component_1745012558783_66.png
centerX: 0.571849234393404
centerY: 0.11296534017971759
width: 0.03180212014134275
height: 0.0235344458707745
Area: 0.00032256227341890306
CentroidX: 0.5840
CentroidY: 0.1260
