Location: 2025-04-18_221450-1.png_Otsu.png
Component: component_1745012812092_11.png
centerX: 0.702002355712603
centerY: 0.0038510911424903724
width: 0.03180212014134275
height: 0.024390243902439025
Area: 0.00039513878493815626
CentroidX: 0.7165
CentroidY: 0.0162
