Location: 2025-04-18_221450-1.png_Gaussian-Closing.png
Component: component_1745012812257_29.png
centerX: 0.5141342756183745
centerY: 0.044501497646555414
width: 0.030624263839811542
height: 0.024818142918271287
Area: 0.00039211476362485404
CentroidX: 0.5272
CentroidY: 0.0573
