Location: 2025-04-18_221450-1.png_Otsu.png
Component: component_1745012812211_416.png
centerX: 0.18669022379269729
centerY: 0.8408215661103979
width: 0.035924617196702
height: 0.026957637997432605
Area: 0.00040219483466919474
CentroidX: 0.2016
CentroidY: 0.8547
