Location: 2025-04-18_221510-1.png_Otsu.png
Component: component_1745012558515_89.png
centerX: 0.8633686690223793
centerY: 0.14120667522464697
width: 0.030624263839811542
height: 0.025673940949935817
Area: 0.00030089012067357053
CentroidX: 0.8746
CentroidY: 0.1544
