Location: 2025-04-18_221450-1.png_Gaussian-Median.png
Component: component_1745012811524_343.png
centerX: 0.8368669022379269
centerY: 0.6170303808301241
width: 0.05123674911660778
height: 0.02781343602909713
Area: 0.00047451934441233943
CentroidX: 0.8559
CentroidY: 0.6324
