Location: 2025-04-18_221510-1.png_Mean-Medain.png
Component: component_1745012558827_313.png
centerX: 0.6283863368669023
centerY: 0.5656824989302525
width: 0.030624263839811542
height: 0.02267864783910997
Area: 0.00030315813665854715
CentroidX: 0.6434
CentroidY: 0.5772
