Location: 2025-04-18_221535-1.png_Mean-Closing.png
Component: component_1745012558964_381.png
centerX: 0.49823321554770317
centerY: 0.8639281129653402
width: 0.034746760895170786
height: 0.02738553701326487
Area: 0.0005050115593214701
CentroidX: 0.5147
CentroidY: 0.8786
