Location: 2025-04-18_221510-1.png_Otsu.png
Component: component_1745012558553_364.png
centerX: 0.8816254416961131
centerY: 0.49122807017543857
width: 0.024146054181389872
height: 0.019255455712451863
Area: 0.00021646952567721698
CentroidX: 0.8915
CentroidY: 0.5009
