Location: 2025-04-18_221450-1.png_Gaussian-Closing.png
Component: component_1745012812342_317.png
centerX: 0.36101295641931685
centerY: 0.6534017971758665
width: 0.039458186101295645
height: 0.026957637997432605
Area: 0.0004349550655633021
CentroidX: 0.3783
CentroidY: 0.6680
