Location: 2025-04-18_221535-1.png_Gaussian-Closing.png
Component: component_1745012558689_224.png
centerX: 0.809776207302709
centerY: 0.47454000855798034
width: 0.0353356890459364
height: 0.03080872913992298
Area: 0.0004974515060382146
CentroidX: 0.8274
CentroidY: 0.4903
