Location: 2025-04-18_221535-1.png_Mean-Closing.png
Component: component_1745012558950_322.png
centerX: 0.8486454652532391
centerY: 0.7222935387248609
width: 0.03297997644287397
height: 0.025673940949935817
Area: 0.0004631792644874561
CentroidX: 0.8647
CentroidY: 0.7354
