Location: 2025-04-18_221510-1.png_Otsu.png
Component: component_1745012558600_905.png
centerX: 0.6625441696113075
centerY: 0.7787762088147198
width: 0.016489988221436984
height: 0.017543859649122806
Area: 0.00010962077260720534
CentroidX: 0.6696
CentroidY: 0.7852
