Location: 2025-04-18_221535-1.png_Gaussian-Closing.png
Component: component_1745012558694_234.png
centerX: 0.4575971731448763
centerY: 0.48823277706461277
width: 0.03121319199057715
height: 0.02738553701326487
Area: 0.00044024710286158096
CentroidX: 0.4707
CentroidY: 0.5021
