Location: 2025-04-18_221450-1.png_Mean-Medain.png
Component: component_1745012811957_367.png
centerX: 0.03297997644287397
centerY: 0.7120239623448866
width: 0.032391048292108364
height: 0.026529738981600343
Area: 0.00040269883822141177
CentroidX: 0.0466
CentroidY: 0.7262
