Location: 2025-04-18_221510-1.png_Otsu.png
Component: component_1745012558617_1097.png
centerX: 0.18492343934040048
centerY: 0.9358151476251605
width: 0.02767962308598351
height: 0.022250748823277707
Area: 0.00039942281513200104
CentroidX: 0.1974
CentroidY: 0.9472
