Location: 2025-04-18_221510-1.png_Mean-Medain.png
Component: component_1745012558852_460.png
centerX: 0.7055359246171967
centerY: 0.8087291399229781
width: 0.03415783274440518
height: 0.020967051775780916
Area: 0.00036036253983518077
CentroidX: 0.7200
CentroidY: 0.8196
