Location: 2025-04-18_221450-1.png_Gaussian-Closing.png
Component: component_1745012812304_139.png
centerX: 0.6707891637220259
centerY: 0.2593068035943517
width: 0.032391048292108364
height: 0.0235344458707745
Area: 0.00040471485243027993
CentroidX: 0.6863
CentroidY: 0.2709
