Location: 2025-04-18_221510-1.png_Mean-Medain.png
Component: component_1745012558789_80.png
centerX: 0.6914016489988222
centerY: 0.14291827128797605
width: 0.02944640753828033
height: 0.028241335044929396
Area: 0.0003454944350447782
CentroidX: 0.7020
CentroidY: 0.1574
