Location: 2025-04-18_221450-1.png_Otsu.png
Component: component_1745012812204_385.png
centerX: 0.0353356890459364
centerY: 0.7543859649122807
width: 0.03415783274440518
height: 0.02610183996576808
Area: 0.0003553225043130104
CentroidX: 0.0512
CentroidY: 0.7680
