Location: 2025-04-18_221450-1.png_Otsu.png
Component: component_1745012812183_287.png
centerX: 0.18374558303886926
centerY: 0.527599486521181
width: 0.0353356890459364
height: 0.02396234488660676
Area: 0.00033768237998541413
CentroidX: 0.1991
CentroidY: 0.5397
