Location: 2025-04-18_221450-1.png_Mean-Medain.png
Component: component_1745012811608_93.png
centerX: 0.17962308598351
centerY: 0.1668806161745828
width: 0.035924617196702
height: 0.0235344458707745
Area: 0.00039967481690810955
CentroidX: 0.1935
CentroidY: 0.1786
