Location: 2025-04-18_221510-1.png_Mean-Medain.png
Component: component_1745012558774_15.png
centerX: 0.856301531213192
centerY: 0.008557980316645272
width: 0.026501766784452298
height: 0.02610183996576808
Area: 0.0004064788648630396
CentroidX: 0.8688
CentroidY: 0.0214
