Location: 2025-04-18_221510-1.png_Otsu.png
Component: component_1745012558497_20.png
centerX: 0.535924617196702
centerY: 0.01198117244330338
width: 0.02767962308598351
height: 0.026957637997432605
Area: 0.0004092508844002333
CentroidX: 0.5489
CentroidY: 0.0253
