Location: 2025-04-18_221510-1.png_Mean-Medain.png
Component: component_1745012558797_125.png
centerX: 0.552414605418139
centerY: 0.2374839537869063
width: 0.02767962308598351
height: 0.02139495079161318
Area: 0.0002842580034504083
CentroidX: 0.5650
CentroidY: 0.2490
