Location: 2025-04-18_221510-1.png_Mean-Medain.png
Component: component_1745012558813_225.png
centerX: 0.3663133097762073
centerY: 0.4201968335472828
width: 0.028268551236749116
height: 0.02011125374411639
Area: 0.0002512457707801925
CentroidX: 0.3773
CentroidY: 0.4303
