Location: 2025-04-18_221450-1.png_Gaussian-Median.png
Component: component_1745012811509_298.png
centerX: 0.7767962308598351
centerY: 0.5297389816003423
width: 0.04122497055359246
height: 0.02781343602909713
Area: 0.00045284719166700685
CentroidX: 0.7972
CentroidY: 0.5449
