Location: 2025-04-18_221510-1.png_Mean-Medain.png
Component: component_1745012558862_523.png
centerX: 0.5453474676089517
centerY: 0.9208386820710313
width: 0.038869257950530034
height: 0.024818142918271287
Area: 0.0004306710353694573
CentroidX: 0.5618
CentroidY: 0.9341
