Location: 2025-04-18_221450-1.png_Gaussian-Closing.png
Component: component_1745012812256_24.png
centerX: 0.8292108362779741
centerY: 0.037227214377406934
width: 0.030035335689045935
height: 0.02267864783910997
Area: 0.00037019060910341295
CentroidX: 0.8441
CentroidY: 0.0493
