Location: 2025-04-18_221450-1.png_Gaussian-Closing.png
Component: component_1745012812300_115.png
centerX: 0.08480565371024736
centerY: 0.21052631578947367
width: 0.026501766784452298
height: 0.024390243902439025
Area: 0.00037019060910341295
CentroidX: 0.0973
CentroidY: 0.2224
