Location: 2025-04-18_221510-1.png_Otsu.png
Component: component_1745012558548_320.png
centerX: 0.8191990577149588
centerY: 0.45271715875053486
width: 0.03180212014134275
height: 0.023106546854942234
Area: 0.0002419217050641773
CentroidX: 0.8316
CentroidY: 0.4651
