Location: 2025-04-18_221450-1.png_Gaussian-Median.png
Component: component_1745012811468_63.png
centerX: 0.2326266195524146
centerY: 0.08771929824561403
width: 0.02944640753828033
height: 0.022250748823277707
Area: 0.0003583465256263126
CentroidX: 0.2465
CentroidY: 0.0991
