Location: 2025-04-18_221450-1.png_Gaussian-Median.png
Component: component_1745012811482_131.png
centerX: 0.3457008244994111
centerY: 0.2383397518185708
width: 0.03415783274440518
height: 0.02396234488660676
Area: 0.0003933747725053966
CentroidX: 0.3592
CentroidY: 0.2502
