Location: 2025-04-18_221450-1.png_Gaussian-Median.png
Component: component_1745012811546_450.png
centerX: 0.6148409893992933
centerY: 0.8202824133504493
width: 0.04181389870435807
height: 0.02781343602909713
Area: 0.00046645528757686684
CentroidX: 0.6344
CentroidY: 0.8344
