Location: 2025-04-18_221510-1.png_Otsu.png
Component: component_1745012558581_666.png
centerX: 0.13074204946996468
centerY: 0.676936243046641
width: 0.024734982332155476
height: 0.02011125374411639
Area: 0.00016984919709714115
CentroidX: 0.1426
CentroidY: 0.6874
