Location: 2025-04-18_221450-1.png_Otsu.png
Component: component_1745012812140_147.png
centerX: 0.33627797408716137
centerY: 0.2798459563543004
width: 0.03356890459363958
height: 0.02781343602909713
Area: 0.00037271062686449814
CentroidX: 0.3502
CentroidY: 0.2941
