Location: 2025-04-18_221450-1.png_Otsu.png
Component: component_1745012812106_71.png
centerX: 0.9287396937573617
centerY: 0.12708600770218229
width: 0.02767962308598351
height: 0.023106546854942234
Area: 0.00033239034268713524
CentroidX: 0.9414
CentroidY: 0.1389
