Location: 2025-04-18_221510-1.png_Otsu.png
Component: component_1745012558543_267.png
centerX: 0.6071849234393404
centerY: 0.38254172015404364
width: 0.030035335689045935
height: 0.017543859649122806
Area: 0.00018774132320084592
CentroidX: 0.6195
CentroidY: 0.3919
