Location: 2025-04-18_221450-1.png_Mean-Medain.png
Component: component_1745012811934_288.png
centerX: 0.13427561837455831
centerY: 0.5699614890885751
width: 0.032391048292108364
height: 0.023106546854942234
Area: 0.000363386561148483
CentroidX: 0.1484
CentroidY: 0.5826
