Location: 2025-04-18_221450-1.png_Gaussian-Closing.png
Component: component_1745012812293_89.png
centerX: 0.4028268551236749
centerY: 0.15575524176294395
width: 0.03356890459363958
height: 0.024390243902439025
Area: 0.0004100068897285588
CentroidX: 0.4178
CentroidY: 0.1678
