Location: 2025-04-18_221450-1.png_Gaussian-Closing.png
Component: component_1745012812273_60.png
centerX: 0.07714958775029446
centerY: 0.09028669234060761
width: 0.032391048292108364
height: 0.02267864783910997
Area: 0.0004011868275647607
CentroidX: 0.0937
CentroidY: 0.1018
