Location: 2025-04-18_221535-1.png_Gaussian-Closing.png
Component: component_1745012558664_99.png
centerX: 0.502944640753828
centerY: 0.1797175866495507
width: 0.034746760895170786
height: 0.026957637997432605
Area: 0.0004016908311169777
CentroidX: 0.5171
CentroidY: 0.1946
