Location: 2025-04-18_221450-1.png_Otsu.png
Component: component_1745012812170_236.png
centerX: 0.46113074204946997
centerY: 0.4330338040222507
width: 0.03121319199057715
height: 0.026529738981600343
Area: 0.00036288255759626595
CentroidX: 0.4734
CentroidY: 0.4459
