Location: 2025-04-18_221450-1.png_Otsu.png
Component: component_1745012812148_159.png
centerX: 0.0800942285041225
centerY: 0.2943945228925973
width: 0.028857479387514724
height: 0.02610183996576808
Area: 0.00032533429295609676
CentroidX: 0.0925
CentroidY: 0.3081
