Location: 2025-04-18_221450-1.png_Gaussian-Median.png
Component: component_1745012811495_201.png
centerX: 0.1354534746760895
centerY: 0.37312794180573383
width: 0.030035335689045935
height: 0.02396234488660676
Area: 0.00038959474586376886
CentroidX: 0.1493
CentroidY: 0.3856
