Location: 2025-04-18_221535-1.png_Gaussian-Closing.png
Component: component_1745012558705_294.png
centerX: 0.38810365135453473
centerY: 0.6358579375267437
width: 0.03180212014134275
height: 0.029097133076593923
Area: 0.0004888834456505249
CentroidX: 0.4026
CentroidY: 0.6508
