Location: 2025-04-18_221510-1.png_Otsu.png
Component: component_1745012558515_91.png
centerX: 0.7532391048292109
centerY: 0.14377406931964057
width: 0.028857479387514724
height: 0.025673940949935817
Area: 0.0002882900318681446
CentroidX: 0.7655
CentroidY: 0.1566
