Location: 2025-04-18_221450-1.png_Gaussian-Median.png
Component: component_1745012811540_421.png
centerX: 0.13957597173144876
centerY: 0.7509627727856226
width: 0.03356890459363958
height: 0.02781343602909713
Area: 0.00042033896254900803
CentroidX: 0.1552
CentroidY: 0.7657
