Location: 2025-04-18_221450-1.png_Gaussian-Closing.png
Component: component_1745012812325_236.png
centerX: 0.03651354534746761
centerY: 0.4591356439880188
width: 0.032391048292108364
height: 0.022250748823277707
Area: 0.0003822866943566218
CentroidX: 0.0510
CentroidY: 0.4713
