Location: 2025-04-18_221535-1.png_Gaussian-Closing.png
Component: component_1745012558667_118.png
centerX: 0.4275618374558304
centerY: 0.22978177150192555
width: 0.04063604240282685
height: 0.029097133076593923
Area: 0.00040773887374358214
CentroidX: 0.4445
CentroidY: 0.2460
