Location: 2025-04-18_221510-1.png_Otsu.png
Component: component_1745012558575_558.png
centerX: 0.5983510011778563
centerY: 0.6367137355584083
width: 0.02767962308598351
height: 0.019683354728284124
Area: 0.00013507295199416565
CentroidX: 0.6105
CentroidY: 0.6478
