Location: 2025-04-18_221535-1.png_Gaussian-Closing.png
Component: component_1745012558672_142.png
centerX: 0.19140164899882214
centerY: 0.28027385537013266
width: 0.02944640753828033
height: 0.028241335044929396
Area: 0.00038631872277435813
CentroidX: 0.2039
CentroidY: 0.2946
