Location: 2025-04-18_221450-1.png_Gaussian-Median.png
Component: component_1745012811558_510.png
centerX: 0.36160188457008247
centerY: 0.9477963200684638
width: 0.03121319199057715
height: 0.02610183996576808
Area: 0.00038858673875933475
CentroidX: 0.3775
CentroidY: 0.9617
