Location: 2025-04-18_221535-1.png_Gaussian-Closing.png
Component: component_1745012558701_270.png
centerX: 0.5512367491166078
centerY: 0.5823705605477107
width: 0.02944640753828033
height: 0.028241335044929396
Area: 0.0004331910531305425
CentroidX: 0.5636
CentroidY: 0.5965
