Location: 2025-04-18_221510-1.png_Mean-Medain.png
Component: component_1745012558811_213.png
centerX: 0.8939929328621908
centerY: 0.41335044929396664
width: 0.028857479387514724
height: 0.022250748823277707
Area: 0.0002782099608238039
CentroidX: 0.9050
CentroidY: 0.4254
