Location: 2025-04-18_221510-1.png_Mean-Medain.png
Component: component_1745012558823_285.png
centerX: 0.5842167255594818
centerY: 0.5280273855370132
width: 0.027090694935217905
height: 0.02267864783910997
Area: 0.00030114212244967904
CentroidX: 0.5966
CentroidY: 0.5394
