Location: 2025-04-18_221510-1.png_Otsu.png
Component: component_1745012558544_279.png
centerX: 0.8945818610129564
centerY: 0.41335044929396664
width: 0.028268551236749116
height: 0.021822849807445442
Area: 0.00022050155409495325
CentroidX: 0.9051
CentroidY: 0.4257
