Location: 2025-04-18_221535-1.png_Mean-Closing.png
Component: component_1745012558903_81.png
centerX: 0.2791519434628975
centerY: 0.14591356439880188
width: 0.034746760895170786
height: 0.026529738981600343
Area: 0.00041051089328077584
CentroidX: 0.2959
CentroidY: 0.1599
