Location: 2025-04-18_221510-1.png_Otsu.png
Component: component_1745012558569_482.png
centerX: 0.9570082449941107
centerY: 0.5994865211810013
width: 0.015312131919905771
height: 0.013692768506632435
Area: 6.552046178821468e-05
CentroidX: 0.9658
CentroidY: 0.6055
