Location: 2025-04-18_221510-1.png_Otsu.png
Component: component_1745012558564_438.png
centerX: 0.27326266195524146
centerY: 0.5643988018827557
width: 0.027090694935217905
height: 0.02139495079161318
Area: 0.0002560338045262543
CentroidX: 0.2835
CentroidY: 0.5760
