Location: 2025-04-18_221450-1.png_Gaussian-Closing.png
Component: component_1745012812350_346.png
centerX: 0.6713780918727915
centerY: 0.7222935387248609
width: 0.03415783274440518
height: 0.029097133076593923
Area: 0.0004251269962950699
CentroidX: 0.6869
CentroidY: 0.7372
