Location: 2025-04-18_221535-1.png_Gaussian-Closing.png
Component: component_1745012558681_190.png
centerX: 0.7061248527679623
centerY: 0.3910997004706889
width: 0.03356890459363958
height: 0.029097133076593923
Area: 0.00048031538526283534
CentroidX: 0.7232
CentroidY: 0.4057
