Location: 2025-04-18_221510-1.png_Otsu.png
Component: component_1745012558494_6.png
centerX: 0.16489988221436985
centerY: 0.004278990158322636
width: 0.027090694935217905
height: 0.02866923406076166
Area: 0.0002595618293917736
CentroidX: 0.1756
CentroidY: 0.0176
