Location: 2025-04-18_221535-1.png_Gaussian-Closing.png
Component: component_1745012558655_51.png
centerX: 0.5047114252061249
centerY: 0.050492083868207104
width: 0.034746760895170786
height: 0.02781343602909713
Area: 0.0004014388293408692
CentroidX: 0.5198
CentroidY: 0.0643
