Location: 2025-04-18_221510-1.png_Otsu.png
Component: component_1745012558527_157.png
centerX: 0.541813898704358
centerY: 0.2734274711168164
width: 0.028268551236749116
height: 0.019683354728284124
Area: 0.0002308336269154025
CentroidX: 0.5550
CentroidY: 0.2837
