Location: 2025-04-18_221535-1.png_Mean-Closing.png
Component: component_1745012558903_82.png
centerX: 0.20906949352179033
centerY: 0.14933675652546
width: 0.0353356890459364
height: 0.02396234488660676
Area: 0.00037598664995390886
CentroidX: 0.2256
CentroidY: 0.1623
