Location: 2025-04-18_221450-1.png_Otsu.png
Component: component_1745012812198_362.png
centerX: 0.19140164899882214
centerY: 0.7043217800599059
width: 0.03356890459363958
height: 0.02738553701326487
Area: 0.0003802706801477537
CentroidX: 0.2066
CentroidY: 0.7177
