Location: 2025-04-18_221510-1.png_Otsu.png
Component: component_1745012558571_496.png
centerX: 0.13191990577149587
centerY: 0.6054771074026529
width: 0.025323910482921083
height: 0.02011125374411639
Area: 0.00017413322729098595
CentroidX: 0.1437
CentroidY: 0.6159
