Location: 2025-04-18_221450-1.png_Gaussian-Closing.png
Component: component_1745012812368_426.png
centerX: 0.08539458186101295
centerY: 0.9216944801026957
width: 0.0353356890459364
height: 0.02738553701326487
Area: 0.00048006338348672683
CentroidX: 0.1026
CentroidY: 0.9366
