Location: 2025-04-18_221535-1.png_Mean-Closing.png
Component: component_1745012558897_54.png
centerX: 0.7332155477031802
centerY: 0.08600770218228498
width: 0.03356890459363958
height: 0.025246041934103552
Area: 0.00038127868725218775
CentroidX: 0.7496
CentroidY: 0.0998
