Location: 2025-04-18_221535-1.png_Mean-Closing.png
Component: component_1745012558918_169.png
centerX: 0.5241460541813898
centerY: 0.3508771929824561
width: 0.028268551236749116
height: 0.031664527171587506
Area: 0.0004903954563071761
CentroidX: 0.5376
CentroidY: 0.3669
