Location: 2025-04-18_221535-1.png_Gaussian-Closing.png
Component: component_1745012558727_428.png
centerX: 0.3839811542991755
centerY: 0.962772785622593
width: 0.03180212014134275
height: 0.026957637997432605
Area: 0.0004309230371455658
CentroidX: 0.3994
CentroidY: 0.9765
