Location: 2025-04-18_221450-1.png_Mean-Medain.png
Component: component_1745012811992_413.png
centerX: 0.30624263839811544
centerY: 0.834403080872914
width: 0.03297997644287397
height: 0.02866923406076166
Area: 0.0004604072449502624
CentroidX: 0.3221
CentroidY: 0.8500
