Location: 2025-04-18_221535-1.png_Mean-Closing.png
Component: component_1745012558962_369.png
centerX: 0.2826855123674912
centerY: 0.8267008985879333
width: 0.032391048292108364
height: 0.024818142918271287
Area: 0.0004546112040997665
CentroidX: 0.2978
CentroidY: 0.8400
