Location: 2025-04-18_221510-1.png_Otsu.png
Component: component_1745012558578_649.png
centerX: 0.5123674911660777
centerY: 0.6718014548566539
width: 0.03121319199057715
height: 0.020967051775780916
Area: 0.00019605738181242702
CentroidX: 0.5228
CentroidY: 0.6829
