Location: 2025-04-18_221450-1.png_Gaussian-Closing.png
Component: component_1745012812319_201.png
centerX: 0.46819787985865724
centerY: 0.3893881044073599
width: 0.02767962308598351
height: 0.025673940949935817
Area: 0.00035910253095463814
CentroidX: 0.4817
CentroidY: 0.4016
