Location: 2025-04-18_221450-1.png_Gaussian-Closing.png
Component: component_1745012812292_85.png
centerX: 0.5229681978798587
centerY: 0.14719726144629866
width: 0.04063604240282685
height: 0.026529738981600343
Area: 0.00045360319699533244
CentroidX: 0.5400
CentroidY: 0.1612
