Location: 2025-04-18_221510-1.png_Otsu.png
Component: component_1745012558598_845.png
centerX: 0.3115429917550059
centerY: 0.756525459991442
width: 0.02767962308598351
height: 0.009413778348309799
Area: 6.274844225102099e-05
CentroidX: 0.3204
CentroidY: 0.7617
