Location: 2025-04-18_221535-1.png_Mean-Closing.png
Component: component_1745012558953_334.png
centerX: 0.08598351001177856
centerY: 0.7372700042789901
width: 0.02944640753828033
height: 0.025673940949935817
Area: 0.00042336298386231024
CentroidX: 0.0998
CentroidY: 0.7497
