Location: 2025-04-18_221535-1.png_Mean-Closing.png
Component: component_1745012558911_126.png
centerX: 0.682567726737338
centerY: 0.2601626016260163
width: 0.02944640753828033
height: 0.029097133076593923
Area: 0.0004069828684152566
CentroidX: 0.6946
CentroidY: 0.2755
