Location: 2025-04-18_221510-1.png_Mean-Medain.png
Component: component_1745012558856_481.png
centerX: 0.7108362779740872
centerY: 0.8455284552845529
width: 0.03121319199057715
height: 0.02139495079161318
Area: 0.0003661585806856767
CentroidX: 0.7253
CentroidY: 0.8565
