Location: 2025-04-18_221535-1.png_Mean-Closing.png
Component: component_1745012558923_192.png
centerX: 0.4923439340400471
centerY: 0.40350877192982454
width: 0.03180212014134275
height: 0.025246041934103552
Area: 0.00046141525205469646
CentroidX: 0.5082
CentroidY: 0.4166
