Location: 2025-04-18_221510-1.png_Mean-Medain.png
Component: component_1745012558840_405.png
centerX: 0.16666666666666666
centerY: 0.711168164313222
width: 0.02591283863368669
height: 0.02267864783910997
Area: 0.0002998821135691364
CentroidX: 0.1796
CentroidY: 0.7231
