Location: 2025-04-18_221450-1.png_Otsu.png
Component: component_1745012812209_407.png
centerX: 0.6749116607773852
centerY: 0.8168592212237912
width: 0.035924617196702
height: 0.026957637997432605
Area: 0.00040194283289308623
CentroidX: 0.6908
CentroidY: 0.8311
