Location: 2025-04-18_221450-1.png_Gaussian-Median.png
Component: component_1745012811489_170.png
centerX: 0.9222614840989399
centerY: 0.31664527171587503
width: 0.03180212014134275
height: 0.022250748823277707
Area: 0.00040547085775860547
CentroidX: 0.9380
CentroidY: 0.3281
