Location: 2025-04-18_221510-1.png_Mean-Medain.png
Component: component_1745012558812_221.png
centerX: 0.7968197879858657
centerY: 0.4159178433889602
width: 0.030035335689045935
height: 0.02139495079161318
Area: 0.00027669795016715276
CentroidX: 0.8086
CentroidY: 0.4276
