Location: 2025-04-18_221510-1.png_Mean-Medain.png
Component: component_1745012558865_542.png
centerX: 0.5488810365135454
centerY: 0.9546427043217801
width: 0.04299175500588928
height: 0.02396234488660676
Area: 0.000502995545112602
CentroidX: 0.5689
CentroidY: 0.9673
