Location: 2025-04-18_221450-1.png_Gaussian-Closing.png
Component: component_1745012812343_324.png
centerX: 0.14016489988221437
centerY: 0.6640992725716731
width: 0.038869257950530034
height: 0.02738553701326487
Area: 0.0004488151632492706
CentroidX: 0.1567
CentroidY: 0.6791
