Location: 2025-04-18_221510-1.png_Otsu.png
Component: component_1745012558556_378.png
centerX: 0.22614840989399293
centerY: 0.4976465554129226
width: 0.026501766784452298
height: 0.020967051775780916
Area: 0.000209665477722287
CentroidX: 0.2379
CentroidY: 0.5081
