Location: 2025-04-18_221450-1.png_Gaussian-Closing.png
Component: component_1745012812260_46.png
centerX: 0.7449941107184923
centerY: 0.07103123662815576
width: 0.030035335689045935
height: 0.02610183996576808
Area: 0.00038682272632657516
CentroidX: 0.7598
CentroidY: 0.0837
