Location: 2025-04-18_221450-1.png_Mean-Medain.png
Component: component_1745012811920_257.png
centerX: 0.28857479387514723
centerY: 0.5220367993153616
width: 0.037102473498233215
height: 0.022250748823277707
Area: 0.000398918811579784
CentroidX: 0.3057
CentroidY: 0.5338
