Location: 2025-04-18_221450-1.png_Mean-Medain.png
Component: component_1745012811854_153.png
centerX: 0.12779740871613662
centerY: 0.2939666238767651
width: 0.03121319199057715
height: 0.024390243902439025
Area: 0.0003807746836999707
CentroidX: 0.1431
CentroidY: 0.3060
