Location: 2025-04-18_221450-1.png_Otsu.png
Component: component_1745012812192_331.png
centerX: 0.7391048292108363
centerY: 0.6238767650834403
width: 0.034746760895170786
height: 0.028241335044929396
Area: 0.00037145061798395557
CentroidX: 0.7535
CentroidY: 0.6391
