Location: 2025-04-18_221510-1.png_Mean-Medain.png
Component: component_1745012558823_288.png
centerX: 0.8133097762073027
centerY: 0.5284552845528455
width: 0.02944640753828033
height: 0.02139495079161318
Area: 0.0002807299785848891
CentroidX: 0.8279
CentroidY: 0.5398
