Location: 2025-04-18_221510-1.png_Mean-Medain.png
Component: component_1745012558809_198.png
centerX: 0.7055359246171967
centerY: 0.3808301240907146
width: 0.02944640753828033
height: 0.02139495079161318
Area: 0.000279721971480455
CentroidX: 0.7189
CentroidY: 0.3912
