Location: 2025-04-18_221450-1.png_Otsu.png
Component: component_1745012812186_304.png
centerX: 0.9057714958775029
centerY: 0.5652545999144202
width: 0.032391048292108364
height: 0.030380830124090714
Area: 0.00040244683644530325
CentroidX: 0.9213
CentroidY: 0.5804
