Location: 2025-04-18_221535-1.png_Gaussian-Closing.png
Component: component_1745012558713_347.png
centerX: 0.7803297997644287
centerY: 0.7680787334189131
width: 0.034746760895170786
height: 0.025246041934103552
Area: 0.0004503271739059217
CentroidX: 0.7968
CentroidY: 0.7821
