Location: 2025-04-18_221450-1.png_Mean-Medain.png
Component: component_1745012811922_262.png
centerX: 0.7767962308598351
centerY: 0.5297389816003423
width: 0.04122497055359246
height: 0.02781343602909713
Area: 0.0004576352254130687
CentroidX: 0.7971
CentroidY: 0.5450
