Location: 2025-04-18_221535-1.png_Gaussian-Closing.png
Component: component_1745012558681_192.png
centerX: 0.6048292108362779
centerY: 0.39537869062901154
width: 0.034746760895170786
height: 0.026529738981600343
Area: 0.00045108317923424725
CentroidX: 0.6223
CentroidY: 0.4098
