Location: 2025-04-18_221450-1.png_Gaussian-Median.png
Component: component_1745012811541_425.png
centerX: 0.8003533568904594
centerY: 0.7552417629439452
width: 0.03180212014134275
height: 0.02738553701326487
Area: 0.00040496685420638844
CentroidX: 0.8153
CentroidY: 0.7698
