Location: 2025-04-18_221510-1.png_Otsu.png
Component: component_1745012558498_31.png
centerX: 0.8498233215547704
centerY: 0.04321780059905862
width: 0.032391048292108364
height: 0.022250748823277707
Area: 0.00032256227341890306
CentroidX: 0.8654
CentroidY: 0.0550
