Location: 2025-04-18_221450-1.png_Gaussian-Median.png
Component: component_1745012811548_459.png
centerX: 0.08480565371024736
centerY: 0.8429610611895593
width: 0.03356890459363958
height: 0.02738553701326487
Area: 0.00041303091104186103
CentroidX: 0.0999
CentroidY: 0.8572
