Location: 2025-04-18_221450-1.png_Gaussian-Closing.png
Component: component_1745012812307_157.png
centerX: 0.0800942285041225
centerY: 0.2943945228925973
width: 0.028857479387514724
height: 0.026529738981600343
Area: 0.00036313455937237447
CentroidX: 0.0925
CentroidY: 0.3080
