Location: 2025-04-18_221450-1.png_Gaussian-Median.png
Component: component_1745012811510_303.png
centerX: 0.032391048292108364
centerY: 0.5335900727428327
width: 0.03121319199057715
height: 0.0235344458707745
Area: 0.00039413077783372215
CentroidX: 0.0445
CentroidY: 0.5458
