Location: 2025-04-18_221450-1.png_Gaussian-Closing.png
Component: component_1745012812364_407.png
centerX: 0.25323910482921086
centerY: 0.8793324775353016
width: 0.03297997644287397
height: 0.026529738981600343
Area: 0.00041076289505688436
CentroidX: 0.2695
CentroidY: 0.8928
