Location: 2025-04-18_221450-1.png_Gaussian-Median.png
Component: component_1745012811555_495.png
centerX: 0.3050647820965842
centerY: 0.9118528027385537
width: 0.03121319199057715
height: 0.028241335044929396
Area: 0.0004465471472642939
CentroidX: 0.3202
CentroidY: 0.9263
