Location: 2025-04-18_221535-1.png_Gaussian-Closing.png
Component: component_1745012558716_367.png
centerX: 0.5512367491166078
centerY: 0.8130081300813008
width: 0.03356890459363958
height: 0.029097133076593923
Area: 0.0004987115149187571
CentroidX: 0.5690
CentroidY: 0.8285
