Location: 2025-04-18_221510-1.png_Otsu.png
Component: component_1745012558575_560.png
centerX: 0.22614840989399293
centerY: 0.6384253316217373
width: 0.028268551236749116
height: 0.02053915275994865
Area: 0.00018194528235035
CentroidX: 0.2392
CentroidY: 0.6491
