Location: 2025-04-18_221510-1.png_Otsu.png
Component: component_1745012558614_1084.png
centerX: 0.7137809187279152
centerY: 0.9135643988018828
width: 0.030624263839811542
height: 0.02738553701326487
Area: 0.0003749786428494748
CentroidX: 0.7289
CentroidY: 0.9277
