Location: 2025-04-18_221510-1.png_Mean-Medain.png
Component: component_1745012558781_54.png
centerX: 0.2573616018845701
centerY: 0.08258451005562688
width: 0.030035335689045935
height: 0.024390243902439025
Area: 0.00036313455937237447
CentroidX: 0.2701
CentroidY: 0.0951
