Location: 2025-04-18_221510-1.png_Otsu.png
Component: component_1745012558611_1065.png
centerX: 0.7608951707891637
centerY: 0.8737697903294822
width: 0.03415783274440518
height: 0.026529738981600343
Area: 0.00039765880269924145
CentroidX: 0.7756
CentroidY: 0.8877
