Location: 2025-04-18_221535-1.png_Mean-Closing.png
Component: component_1745012558949_316.png
centerX: 0.24263839811542992
centerY: 0.6884895164741122
width: 0.03415783274440518
height: 0.026529738981600343
Area: 0.0004646912751441072
CentroidX: 0.2570
CentroidY: 0.7028
