Location: 2025-04-18_221510-1.png_Otsu.png
Component: component_1745012558573_544.png
centerX: 0.8604240282685512
centerY: 0.6307231493367566
width: 0.022968197879858657
height: 0.017543859649122806
Area: 0.0001343169466658401
CentroidX: 0.8699
CentroidY: 0.6370
