Location: 2025-04-18_221510-1.png_Otsu.png
Component: component_1745012558516_92.png
centerX: 0.8138987043580683
centerY: 0.14548566538296961
width: 0.028268551236749116
height: 0.02267864783910997
Area: 0.0002787139643760209
CentroidX: 0.8251
CentroidY: 0.1565
