Location: 2025-04-18_221510-1.png_Otsu.png
Component: component_1745012558586_727.png
centerX: 0.42697290930506476
centerY: 0.7124518613607189
width: 0.023557126030624265
height: 0.019255455712451863
Area: 0.00018648131432030332
CentroidX: 0.4374
CentroidY: 0.7217
