Location: 2025-04-18_221535-1.png_Mean-Closing.png
Component: component_1745012558952_332.png
centerX: 0.2396937573616019
centerY: 0.7351305091998288
width: 0.03769140164899882
height: 0.025246041934103552
Area: 0.0004709913195468202
CentroidX: 0.2575
CentroidY: 0.7490
