Location: 2025-04-18_221450-1.png_Gaussian-Median.png
Component: component_1745012811484_139.png
centerX: 0.028857479387514724
centerY: 0.2550278134360291
width: 0.037102473498233215
height: 0.02267864783910997
Area: 0.000384806712117707
CentroidX: 0.0445
CentroidY: 0.2675
