Location: 2025-04-18_221535-1.png_Mean-Closing.png
Component: component_1745012558933_232.png
centerX: 0.35159010600706714
centerY: 0.49037227214377405
width: 0.03356890459363958
height: 0.028241335044929396
Area: 0.00045839123074139425
CentroidX: 0.3698
CentroidY: 0.5054
