Location: 2025-04-18_221510-1.png_Mean-Medain.png
Component: component_1745012558801_151.png
centerX: 0.09363957597173145
centerY: 0.2785622593068036
width: 0.027090694935217905
height: 0.02139495079161318
Area: 0.00028451000522651684
CentroidX: 0.1049
CentroidY: 0.2888
