Location: 2025-04-18_221450-1.png_Gaussian-Closing.png
Component: component_1745012812334_269.png
centerX: 0.13722025912838634
centerY: 0.5310226786478391
width: 0.03121319199057715
height: 0.023106546854942234
Area: 0.0003802706801477537
CentroidX: 0.1511
CentroidY: 0.5432
