Location: 2025-04-18_221510-1.png_Mean-Medain.png
Component: component_1745012558858_499.png
centerX: 0.8115429917550059
centerY: 0.8724860932819855
width: 0.03356890459363958
height: 0.024390243902439025
Area: 0.0004127789092657525
CentroidX: 0.8278
CentroidY: 0.8847
