Location: 2025-04-18_221535-1.png_Gaussian-Closing.png
Component: component_1745012558680_184.png
centerX: 0.037102473498233215
centerY: 0.3714163457424048
width: 0.034746760895170786
height: 0.02866923406076166
Area: 0.00046242325915913057
CentroidX: 0.0556
CentroidY: 0.3869
