Location: 2025-04-18_221450-1.png_Gaussian-Closing.png
Component: component_1745012812324_231.png
centerX: 0.726148409893993
centerY: 0.45228925973470263
width: 0.04063604240282685
height: 0.022250748823277707
Area: 0.0004364670762199532
CentroidX: 0.7432
CentroidY: 0.4633
