Location: 2025-04-18_221535-1.png_Gaussian-Closing.png
Component: component_1745012558657_63.png
centerX: 0.5147232037691402
centerY: 0.08814719726144629
width: 0.03356890459363958
height: 0.029097133076593923
Area: 0.0004140389181462951
CentroidX: 0.5281
CentroidY: 0.1035
