Location: 2025-04-18_221510-1.png_Otsu.png
Component: component_1745012558574_553.png
centerX: 0.6460541813898705
centerY: 0.6350021394950791
width: 0.018256772673733806
height: 0.017543859649122806
Area: 9.475266781680277e-05
CentroidX: 0.6532
CentroidY: 0.6420
