Location: 2025-04-18_221510-1.png_Otsu.png
Component: component_1745012558510_57.png
centerX: 0.20730270906949352
centerY: 0.08130081300813008
width: 0.027090694935217905
height: 0.025673940949935817
Area: 0.00032483028940387973
CentroidX: 0.2215
CentroidY: 0.0945
