Location: 2025-04-18_221450-1.png_Gaussian-Median.png
Component: component_1745012811546_449.png
centerX: 0.6743227326266196
centerY: 0.8168592212237912
width: 0.03651354534746761
height: 0.026957637997432605
Area: 0.00046091124850247944
CentroidX: 0.6910
CentroidY: 0.8311
