Location: 2025-04-18_221510-1.png_Mean-Medain.png
Component: component_1745012558850_446.png
centerX: 0.5206124852767963
centerY: 0.7800599058622165
width: 0.03180212014134275
height: 0.02053915275994865
Area: 0.00021646952567721698
CentroidX: 0.5326
CentroidY: 0.7900
