Location: 2025-04-18_221535-1.png_Mean-Closing.png
Component: component_1745012558927_209.png
centerX: 0.555359246171967
centerY: 0.4407359863072315
width: 0.03121319199057715
height: 0.030380830124090714
Area: 0.0004921594687399357
CentroidX: 0.5696
CentroidY: 0.4555
