Location: 2025-04-18_221450-1.png_Gaussian-Closing.png
Component: component_1745012812331_252.png
centerX: 0.7302709069493521
centerY: 0.49165596919127086
width: 0.0353356890459364
height: 0.024818142918271287
Area: 0.00038127868725218775
CentroidX: 0.7467
CentroidY: 0.5040
