Location: 2025-04-18_221450-1.png_Gaussian-Closing.png
Component: component_1745012812295_94.png
centerX: 0.17962308598351
centerY: 0.1668806161745828
width: 0.035924617196702
height: 0.023106546854942234
Area: 0.0003986668098036755
CentroidX: 0.1935
CentroidY: 0.1786
