Location: 2025-04-18_221535-1.png_Mean-Closing.png
Component: component_1745012558972_421.png
centerX: 0.4876325088339223
centerY: 0.961061189559264
width: 0.0353356890459364
height: 0.02738553701326487
Area: 0.0005077835788586638
CentroidX: 0.5040
CentroidY: 0.9749
