Location: 2025-04-18_221510-1.png_Otsu.png
Component: component_1745012558576_567.png
centerX: 0.9464075382803298
centerY: 0.6397090286692341
width: 0.024146054181389872
height: 0.011553273427471117
Area: 6.476445645988912e-05
CentroidX: 0.9570
CentroidY: 0.6474
