Location: 2025-04-18_221450-1.png_Mean-Medain.png
Component: component_1745012811921_260.png
centerX: 0.8333333333333334
centerY: 0.5267436884895165
width: 0.03121319199057715
height: 0.02781343602909713
Area: 0.0004142909199224036
CentroidX: 0.8480
CentroidY: 0.5418
