Location: 2025-04-18_221510-1.png_Otsu.png
Component: component_1745012558598_895.png
centerX: 0.7809187279151943
centerY: 0.7719298245614035
width: 0.02767962308598351
height: 0.02267864783910997
Area: 0.00016002112782890893
CentroidX: 0.7912
CentroidY: 0.7828
