Location: 2025-04-18_221450-1.png_Gaussian-Median.png
Component: component_1745012811545_444.png
centerX: 0.8839811542991755
centerY: 0.8005990586221652
width: 0.035924617196702
height: 0.029097133076593923
Area: 0.0004515871827864643
CentroidX: 0.9009
CentroidY: 0.8149
