Location: 2025-04-18_221510-1.png_Otsu.png
Component: component_1745012558539_228.png
centerX: 0.8027090694935218
centerY: 0.3465982028241335
width: 0.026501766784452298
height: 0.02267864783910997
Area: 0.00019202535339469073
CentroidX: 0.8129
CentroidY: 0.3579
