Location: 2025-04-18_221450-1.png_Gaussian-Closing.png
Component: component_1745012812366_417.png
centerX: 0.6760895170789164
centerY: 0.9007274283269149
width: 0.039458186101295645
height: 0.024818142918271287
Area: 0.00043747508332438726
CentroidX: 0.6940
CentroidY: 0.9142
