Location: 2025-04-18_221450-1.png_Gaussian-Closing.png
Component: component_1745012812338_290.png
centerX: 0.7379269729093051
centerY: 0.5776636713735558
width: 0.035924617196702
height: 0.029097133076593923
Area: 0.00045612321475641763
CentroidX: 0.7546
CentroidY: 0.5934
