Location: 2025-04-18_221510-1.png_Mean-Medain.png
Component: component_1745012558838_386.png
centerX: 0.08716136631330977
centerY: 0.6760804450149764
width: 0.02944640753828033
height: 0.02267864783910997
Area: 0.0002646018649139439
CentroidX: 0.0981
CentroidY: 0.6880
