Location: 2025-04-18_221510-1.png_Mean-Medain.png
Component: component_1745012558844_418.png
centerX: 0.3998822143698469
centerY: 0.7441163885323063
width: 0.032391048292108364
height: 0.02139495079161318
Area: 0.00028224198924154016
CentroidX: 0.4140
CentroidY: 0.7548
