Location: 2025-04-18_221450-1.png_Gaussian-Median.png
Component: component_1745012811461_36.png
centerX: 0.1896348645465253
centerY: 0.04920838682071031
width: 0.030035335689045935
height: 0.024390243902439025
Area: 0.00038405070678938145
CentroidX: 0.2037
CentroidY: 0.0624
