Location: 2025-04-18_221535-1.png_Gaussian-Closing.png
Component: component_1745012558697_246.png
centerX: 0.607773851590106
centerY: 0.5267436884895165
width: 0.0353356890459364
height: 0.029525032092426188
Area: 0.00048207939769559494
CentroidX: 0.6259
CentroidY: 0.5422
