Location: 2025-04-18_221535-1.png_Gaussian-Closing.png
Component: component_1745012558698_249.png
centerX: 0.6619552414605419
centerY: 0.5301668806161746
width: 0.04063604240282685
height: 0.025246041934103552
Area: 0.0004742673426362309
CentroidX: 0.6813
CentroidY: 0.5438
