Location: 2025-04-18_221535-1.png_Gaussian-Closing.png
Component: component_1745012558694_232.png
centerX: 0.6130742049469965
centerY: 0.4843816859221224
width: 0.032391048292108364
height: 0.028241335044929396
Area: 0.0004742673426362309
CentroidX: 0.6288
CentroidY: 0.4985
