Location: 2025-04-18_221535-1.png_Gaussian-Closing.png
Component: component_1745012558708_316.png
centerX: 0.3957597173144876
centerY: 0.6829268292682927
width: 0.03769140164899882
height: 0.023106546854942234
Area: 0.00043293905135443397
CentroidX: 0.4137
CentroidY: 0.6956
