Location: 2025-04-18_221510-1.png_Otsu.png
Component: component_1745012558568_479.png
centerX: 0.9016489988221437
centerY: 0.59734702610184
width: 0.025323910482921083
height: 0.02053915275994865
Area: 0.00018824532675306295
CentroidX: 0.9126
CentroidY: 0.6077
