Location: 2025-04-18_221510-1.png_Otsu.png
Component: component_1745012558564_440.png
centerX: 0.6749116607773852
centerY: 0.5648267008985879
width: 0.02767962308598351
height: 0.022250748823277707
Area: 0.0002225175683038214
CentroidX: 0.6889
CentroidY: 0.5769
