Location: 2025-04-18_221450-1.png_Gaussian-Median.png
Component: component_1745012811514_314.png
centerX: 0.3586572438162544
centerY: 0.5588361146769363
width: 0.03356890459363958
height: 0.023106546854942234
Area: 0.0004127789092657525
CentroidX: 0.3762
CentroidY: 0.5713
