Location: 2025-04-18_221535-1.png_Mean-Closing.png
Component: component_1745012558891_23.png
centerX: 0.3321554770318021
centerY: 0.01069747539580659
width: 0.03356890459363958
height: 0.02610183996576808
Area: 0.0003991708133558925
CentroidX: 0.3487
CentroidY: 0.0241
