Location: 2025-04-18_221510-1.png_Otsu.png
Component: component_1745012558564_435.png
centerX: 0.08716136631330977
centerY: 0.5643988018827557
width: 0.02944640753828033
height: 0.02267864783910997
Area: 0.0002673738844511376
CentroidX: 0.1022
CentroidY: 0.5761
