Location: 2025-04-18_221510-1.png_Otsu.png
Component: component_1745012558556_379.png
centerX: 0.35159010600706714
centerY: 0.4976465554129226
width: 0.028857479387514724
height: 0.023106546854942234
Area: 0.00020815346706563588
CentroidX: 0.3626
CentroidY: 0.5103
