Location: 2025-04-18_221510-1.png_Otsu.png
Component: component_1745012558599_901.png
centerX: 0.7002355712603062
centerY: 0.7783483097988875
width: 0.027090694935217905
height: 0.019255455712451863
Area: 0.00019227735517079924
CentroidX: 0.7105
CentroidY: 0.7880
