Location: 2025-04-18_221535-1.png_Mean-Closing.png
Component: component_1745012558921_182.png
centerX: 0.8498233215547704
centerY: 0.386392811296534
width: 0.03356890459363958
height: 0.030380830124090714
Area: 0.0005138316214852683
CentroidX: 0.8670
CentroidY: 0.4017
