Location: 2025-04-18_221510-1.png_Mean-Medain.png
Component: component_1745012558820_271.png
centerX: 0.22614840989399293
centerY: 0.4972186563970903
width: 0.026501766784452298
height: 0.02139495079161318
Area: 0.00029459007627085753
CentroidX: 0.2381
CentroidY: 0.5078
