Location: 2025-04-18_221450-1.png_Mean-Medain.png
Component: component_1745012811888_183.png
centerX: 0.3539458186101296
centerY: 0.3585793752674369
width: 0.032391048292108364
height: 0.023106546854942234
Area: 0.0003717026197600641
CentroidX: 0.3666
CentroidY: 0.3707
