Location: 2025-04-18_221535-1.png_Mean-Closing.png
Component: component_1745012558891_16.png
centerX: 0.15547703180212014
centerY: 0.007274283269148481
width: 0.03121319199057715
height: 0.028241335044929396
Area: 0.000391610760072637
CentroidX: 0.1686
CentroidY: 0.0215
