Location: 2025-04-18_221535-1.png_Gaussian-Closing.png
Component: component_1745012558651_45.png
centerX: 0.09187279151943463
centerY: 0.049636285836542574
width: 0.03297997644287397
height: 0.026529738981600343
Area: 0.00037825466593888554
CentroidX: 0.1077
CentroidY: 0.0636
