Location: 2025-04-18_221450-1.png_Otsu.png
Component: component_1745012812216_438.png
centerX: 0.8780918727915195
centerY: 0.8917415489944374
width: 0.03356890459363958
height: 0.026529738981600343
Area: 0.00036263055582015744
CentroidX: 0.8939
CentroidY: 0.9048
