Location: 2025-04-18_221510-1.png_Mean-Medain.png
Component: component_1745012558856_485.png
centerX: 0.48998822143698467
centerY: 0.8498074454428755
width: 0.034746760895170786
height: 0.022250748823277707
Area: 0.0004014388293408692
CentroidX: 0.5062
CentroidY: 0.8615
