Location: 2025-04-18_221450-1.png_Otsu.png
Component: component_1745012812169_227.png
centerX: 0.797997644287397
centerY: 0.4116388532306376
width: 0.028268551236749116
height: 0.025673940949935817
Area: 0.00036162254871572333
CentroidX: 0.8100
CentroidY: 0.4244
