Location: 2025-04-18_221535-1.png_Gaussian-Closing.png
Component: component_1745012558654_47.png
centerX: 0.044169611307420496
centerY: 0.050492083868207104
width: 0.02944640753828033
height: 0.025246041934103552
Area: 0.0003772466588344515
CentroidX: 0.0590
CentroidY: 0.0633
