Location: 2025-04-18_221450-1.png_Gaussian-Closing.png
Component: component_1745012812271_51.png
centerX: 0.4575971731448763
centerY: 0.0800171159606333
width: 0.032391048292108364
height: 0.02267864783910997
Area: 0.0003694346037750874
CentroidX: 0.4722
CentroidY: 0.0921
