Location: 2025-04-18_221535-1.png_Mean-Closing.png
Component: component_1745012558911_128.png
centerX: 0.633097762073027
centerY: 0.2610183996576808
width: 0.028857479387514724
height: 0.029097133076593923
Area: 0.00040824287729579917
CentroidX: 0.6462
CentroidY: 0.2759
