Location: 2025-04-18_221450-1.png_Mean-Medain.png
Component: component_1745012811601_71.png
centerX: 0.2879858657243816
centerY: 0.12152332049636286
width: 0.03415783274440518
height: 0.024390243902439025
Area: 0.00039463478138593923
CentroidX: 0.3028
CentroidY: 0.1339
