Location: 2025-04-18_221510-1.png_Otsu.png
Component: component_1745012558523_130.png
centerX: 0.8586572438162544
centerY: 0.22978177150192555
width: 0.02767962308598351
height: 0.02053915275994865
Area: 0.00022856561093042584
CentroidX: 0.8691
CentroidY: 0.2401
