Location: 2025-04-18_221535-1.png_Mean-Closing.png
Component: component_1745012558933_234.png
centerX: 0.24263839811542992
centerY: 0.4972186563970903
width: 0.0353356890459364
height: 0.026529738981600343
Area: 0.00045083117745813874
CentroidX: 0.2593
CentroidY: 0.5111
