Location: 2025-04-18_221510-1.png_Otsu.png
Component: component_1745012558582_670.png
centerX: 0.17255594817432274
centerY: 0.6816431322207959
width: 0.027090694935217905
height: 0.016260162601626018
Area: 0.00010130471399562424
CentroidX: 0.1844
CentroidY: 0.6935
