Location: 2025-04-18_221510-1.png_Otsu.png
Component: component_1745012558554_366.png
centerX: 0.9140164899882215
centerY: 0.49208386820710315
width: 0.025323910482921083
height: 0.018399657680787333
Area: 0.00020764946351341885
CentroidX: 0.9257
CentroidY: 0.5010
