Location: 2025-04-18_221510-1.png_Otsu.png
Component: component_1745012558574_556.png
centerX: 0.4575971731448763
centerY: 0.6358579375267437
width: 0.026501766784452298
height: 0.02053915275994865
Area: 0.00020361743509568256
CentroidX: 0.4700
CentroidY: 0.6467
