Location: 2025-04-18_221450-1.png_Gaussian-Median.png
Component: component_1745012811455_11.png
centerX: 0.19434628975265017
centerY: 0.0034231921266581087
width: 0.0353356890459364
height: 0.026957637997432605
Area: 0.0005070275735303382
CentroidX: 0.2110
CentroidY: 0.0176
