Location: 2025-04-18_221535-1.png_Mean-Closing.png
Component: component_1745012558912_131.png
centerX: 0.5388692579505301
centerY: 0.26658108686350024
width: 0.028857479387514724
height: 0.026957637997432605
Area: 0.0003805226819238622
CentroidX: 0.5507
CentroidY: 0.2794
