Location: 2025-04-18_221535-1.png_Mean-Closing.png
Component: component_1745012558969_406.png
centerX: 0.32273262661955243
centerY: 0.9199828840393667
width: 0.03180212014134275
height: 0.028241335044929396
Area: 0.0004845994154566801
CentroidX: 0.3381
CentroidY: 0.9345
