Location: 2025-04-18_221450-1.png_Gaussian-Closing.png
Component: component_1745012812255_22.png
centerX: 0.9587750294464076
centerY: 0.03209242618741977
width: 0.025323910482921083
height: 0.0235344458707745
Area: 0.00035733851852187855
CentroidX: 0.9707
CentroidY: 0.0449
