Location: 2025-04-18_221510-1.png_Otsu.png
Component: component_1745012558585_723.png
centerX: 0.24617196702002356
centerY: 0.7120239623448866
width: 0.03121319199057715
height: 0.020967051775780916
Area: 0.00021294150081169772
CentroidX: 0.2586
CentroidY: 0.7235
