Location: 2025-04-18_221510-1.png_Otsu.png
Component: component_1745012558510_58.png
centerX: 0.30683156654888105
centerY: 0.08130081300813008
width: 0.02591283863368669
height: 0.0235344458707745
Area: 0.000307946170404609
CentroidX: 0.3189
CentroidY: 0.0925
