Location: 2025-04-18_221450-1.png_Otsu.png
Component: component_1745012812158_194.png
centerX: 0.9305064782096584
centerY: 0.3551561831407788
width: 0.03180212014134275
height: 0.024818142918271287
Area: 0.0003553225043130104
CentroidX: 0.9449
CentroidY: 0.3675
