Location: 2025-04-18_221510-1.png_Otsu.png
Component: component_1745012558516_94.png
centerX: 0.6295641931684335
centerY: 0.14976465554129226
width: 0.02944640753828033
height: 0.023106546854942234
Area: 0.0002756899430627187
CentroidX: 0.6415
CentroidY: 0.1609
