Location: 2025-04-18_221450-1.png_Gaussian-Median.png
Component: component_1745012811550_466.png
centerX: 0.7408716136631331
centerY: 0.8553701326486949
width: 0.04240282685512368
height: 0.03080872913992298
Area: 0.0004893874492027419
CentroidX: 0.7617
CentroidY: 0.8715
