Location: 2025-04-18_221510-1.png_Otsu.png
Component: component_1745012558562_415.png
centerX: 0.09128386336866902
centerY: 0.5353016688061617
width: 0.030035335689045935
height: 0.019683354728284124
Area: 0.00023864568197476657
CentroidX: 0.1029
CentroidY: 0.5461
