Location: 2025-04-18_221450-1.png_Otsu.png
Component: component_1745012812211_419.png
centerX: 0.8457008244994111
centerY: 0.8476679503637141
width: 0.04004711425206125
height: 0.02995293110825845
Area: 0.0004435231259509917
CentroidX: 0.8650
CentroidY: 0.8628
