Location: 2025-04-18_221450-1.png_Gaussian-Closing.png
Component: component_1745012812259_39.png
centerX: 0.03356890459363958
centerY: 0.051775780915703895
width: 0.03297997644287397
height: 0.021822849807445442
Area: 0.0003956427884903733
CentroidX: 0.0466
CentroidY: 0.0635
