Location: 2025-04-18_221450-1.png_Otsu.png
Component: component_1745012812155_175.png
centerX: 0.875736160188457
centerY: 0.3209242618741977
width: 0.02944640753828033
height: 0.023106546854942234
Area: 0.0003427224155075845
CentroidX: 0.8884
CentroidY: 0.3325
