Location: 2025-04-18_221450-1.png_Gaussian-Median.png
Component: component_1745012811525_346.png
centerX: 0.7891637220259128
centerY: 0.621737270004279
width: 0.0353356890459364
height: 0.026957637997432605
Area: 0.0004364670762199532
CentroidX: 0.8052
CentroidY: 0.6355
