Location: 2025-04-18_221535-1.png_Gaussian-Closing.png
Component: component_1745012558696_242.png
centerX: 0.9204946996466431
centerY: 0.5190415062045357
width: 0.03297997644287397
height: 0.028241335044929396
Area: 0.00048006338348672683
CentroidX: 0.9368
CentroidY: 0.5335
