Location: 2025-04-18_221450-1.png_Otsu.png
Component: component_1745012812117_99.png
centerX: 0.5924617196702002
centerY: 0.1891313649978605
width: 0.02944640753828033
height: 0.02139495079161318
Area: 0.00033087833203048416
CentroidX: 0.6062
CentroidY: 0.1994
