Location: 2025-04-18_221510-1.png_Otsu.png
Component: component_1745012558572_500.png
centerX: 0.4163722025912839
centerY: 0.6054771074026529
width: 0.024146054181389872
height: 0.02053915275994865
Area: 0.00019252935694690775
CentroidX: 0.4268
CentroidY: 0.6158
