Location: 2025-04-18_221450-1.png_Otsu.png
Component: component_1745012812192_329.png
centerX: 0.7891637220259128
centerY: 0.621737270004279
width: 0.0353356890459364
height: 0.026957637997432605
Area: 0.0003807746836999707
CentroidX: 0.8049
CentroidY: 0.6353
