Location: 2025-04-18_221510-1.png_Otsu.png
Component: component_1745012558593_796.png
centerX: 0.32391048292108365
centerY: 0.7479674796747967
width: 0.0088339222614841
height: 0.012409071459135643
Area: 4.05722859534714e-05
CentroidX: 0.3293
CentroidY: 0.7531
