Location: 2025-04-18_221450-1.png_Otsu.png
Component: component_1745012812213_422.png
centerX: 0.797997644287397
centerY: 0.8519469405220368
width: 0.03651354534746761
height: 0.029097133076593923
Area: 0.0003805226819238622
CentroidX: 0.8152
CentroidY: 0.8665
