Location: 2025-04-18_221450-1.png_Gaussian-Closing.png
Component: component_1745012812296_97.png
centerX: 0.12661955241460543
centerY: 0.17115960633290545
width: 0.034746760895170786
height: 0.022250748823277707
Area: 0.0003724586250883896
CentroidX: 0.1396
CentroidY: 0.1828
