Location: 2025-04-18_221450-1.png_Otsu.png
Component: component_1745012812157_190.png
centerX: 0.032391048292108364
centerY: 0.3410355156183141
width: 0.03356890459363958
height: 0.0235344458707745
Area: 0.00035204648122359966
CentroidX: 0.0465
CentroidY: 0.3541
