Location: 2025-04-18_221450-1.png_Mean-Medain.png
Component: component_1745012811606_87.png
centerX: 0.464075382803298
centerY: 0.1527599486521181
width: 0.034746760895170786
height: 0.024390243902439025
Area: 0.00041781894478792284
CentroidX: 0.4785
CentroidY: 0.1653
