Location: 2025-04-18_221450-1.png_Gaussian-Median.png
Component: component_1745012811497_207.png
centerX: 0.5671378091872792
centerY: 0.3821138211382114
width: 0.03415783274440518
height: 0.025673940949935817
Area: 0.0004100068897285588
CentroidX: 0.5803
CentroidY: 0.3960
