Location: 2025-04-18_221510-1.png_Otsu.png
Component: component_1745012558615_1087.png
centerX: 0.4876325088339223
centerY: 0.9208386820710313
width: 0.032391048292108364
height: 0.025246041934103552
Area: 0.0003800186783716452
CentroidX: 0.5003
CentroidY: 0.9335
