Location: 2025-04-18_221450-1.png_Otsu.png
Component: component_1745012812105_62.png
centerX: 0.6972909305064782
centerY: 0.10440735986307231
width: 0.034746760895170786
height: 0.02396234488660676
Area: 0.0003764906535061259
CentroidX: 0.7105
CentroidY: 0.1161
