Location: 2025-04-18_221510-1.png_Otsu.png
Component: component_1745012558551_334.png
centerX: 0.2314487632508834
centerY: 0.46041934103551563
width: 0.028268551236749116
height: 0.024390243902439025
Area: 0.0002182335381099766
CentroidX: 0.2438
CentroidY: 0.4733
