Location: 2025-04-18_221450-1.png_Mean-Medain.png
Component: component_1745012811834_143.png
centerX: 0.4452296819787986
centerY: 0.27599486521181
width: 0.03297997644287397
height: 0.024818142918271287
Area: 0.0004221029749817677
CentroidX: 0.4592
CentroidY: 0.2896
