Location: 2025-04-18_221535-1.png_Mean-Closing.png
Component: component_1745012558967_402.png
centerX: 0.7114252061248527
centerY: 0.9174154899443732
width: 0.03356890459363958
height: 0.02781343602909713
Area: 0.0004742673426362309
CentroidX: 0.7283
CentroidY: 0.9315
