Location: 2025-04-18_221510-1.png_Mean-Medain.png
Component: component_1745012558782_61.png
centerX: 0.6890459363957597
centerY: 0.10997004706889174
width: 0.030035335689045935
height: 0.02267864783910997
Area: 0.0003157582254639731
CentroidX: 0.7011
CentroidY: 0.1222
