Location: 2025-04-18_221510-1.png_Otsu.png
Component: component_1745012558565_442.png
centerX: 0.3138987043580683
centerY: 0.5656824989302525
width: 0.030624263839811542
height: 0.020967051775780916
Area: 0.00026510586846616093
CentroidX: 0.3286
CentroidY: 0.5765
