Location: 2025-04-18_221450-1.png_Otsu.png
Component: component_1745012812201_368.png
centerX: 0.08244994110718493
centerY: 0.711168164313222
width: 0.03828032979976443
height: 0.025246041934103552
Area: 0.0003958947902664818
CentroidX: 0.0993
CentroidY: 0.7253
