Location: 2025-04-18_221450-1.png_Mean-Medain.png
Component: component_1745012811597_57.png
centerX: 0.028857479387514724
centerY: 0.08943089430894309
width: 0.028857479387514724
height: 0.024390243902439025
Area: 0.0003802706801477537
CentroidX: 0.0404
CentroidY: 0.1019
