Location: 2025-04-18_221510-1.png_Otsu.png
Component: component_1745012558553_363.png
centerX: 0.8462897526501767
centerY: 0.49122807017543857
width: 0.024146054181389872
height: 0.019683354728284124
Area: 0.0002225175683038214
CentroidX: 0.8563
CentroidY: 0.5014
