Location: 2025-04-18_221450-1.png_Mean-Medain.png
Component: component_1745012811940_319.png
centerX: 0.08833922261484099
centerY: 0.6225930680359435
width: 0.037102473498233215
height: 0.026529738981600343
Area: 0.000467967298233518
CentroidX: 0.1062
CentroidY: 0.6359
