Location: 2025-04-18_221450-1.png_Gaussian-Closing.png
Component: component_1745012812315_176.png
centerX: 0.08362779740871613
centerY: 0.337612323491656
width: 0.03356890459363958
height: 0.024818142918271287
Area: 0.00038984674763987737
CentroidX: 0.0971
CentroidY: 0.3509
