Location: 2025-04-18_221510-1.png_Otsu.png
Component: component_1745012558572_505.png
centerX: 0.46054181389870436
centerY: 0.6059050064184852
width: 0.02237926972909305
height: 0.016260162601626018
Area: 0.00013582895732249122
CentroidX: 0.4704
CentroidY: 0.6118
