Location: 2025-04-18_221450-1.png_Otsu.png
Component: component_1745012812091_5.png
centerX: 0.8616018845700825
centerY: 0.002995293110825845
width: 0.03828032979976443
height: 0.0235344458707745
Area: 0.00046418727159189016
CentroidX: 0.8763
CentroidY: 0.0157
