Location: 2025-04-18_221450-1.png_Mean-Medain.png
Component: component_1745012811952_341.png
centerX: 0.7243816254416962
centerY: 0.6700898587933247
width: 0.04240282685512368
height: 0.02866923406076166
Area: 0.00047653535862120754
CentroidX: 0.7451
CentroidY: 0.6858
