Location: 2025-04-18_221510-1.png_Mean-Medain.png
Component: component_1745012558815_238.png
centerX: 0.7314487632508834
centerY: 0.45656824989302525
width: 0.028268551236749116
height: 0.021822849807445442
Area: 0.00027367392885385054
CentroidX: 0.7433
CentroidY: 0.4680
