Location: 2025-04-18_221450-1.png_Gaussian-Median.png
Component: component_1745012811517_326.png
centerX: 0.6283863368669023
centerY: 0.5832263585793752
width: 0.03415783274440518
height: 0.029097133076593923
Area: 0.0004702353142184946
CentroidX: 0.6459
CentroidY: 0.5987
