Location: 2025-04-18_221510-1.png_Otsu.png
Component: component_1745012558566_446.png
centerX: 0.7202591283863369
centerY: 0.5661103979460848
width: 0.03415783274440518
height: 0.02139495079161318
Area: 0.0001930333604991248
CentroidX: 0.7350
CentroidY: 0.5773
