Location: 2025-04-18_221450-1.png_Mean-Medain.png
Component: component_1745012811763_98.png
centerX: 0.7661955241460542
centerY: 0.1750106974753958
width: 0.044169611307420496
height: 0.025673940949935817
Area: 0.0004493191668014876
CentroidX: 0.7869
CentroidY: 0.1881
