Location: 2025-04-18_221450-1.png_Otsu.png
Component: component_1745012812125_125.png
centerX: 0.925206124852768
centerY: 0.24390243902439024
width: 0.035924617196702
height: 0.023106546854942234
Area: 0.00036515057358124263
CentroidX: 0.9435
CentroidY: 0.2558
