Location: 2025-04-18_221510-1.png_Mean-Medain.png
Component: component_1745012558842_413.png
centerX: 0.04181389870435807
centerY: 0.7133076593923834
width: 0.028268551236749116
height: 0.02139495079161318
Area: 0.000265609872018378
CentroidX: 0.0540
CentroidY: 0.7243
