Location: 2025-04-18_221450-1.png_Otsu.png
Component: component_1745012812124_118.png
centerX: 0.5630153121319199
centerY: 0.2246469833119384
width: 0.03297997644287397
height: 0.025246041934103552
Area: 0.00034121040485093337
CentroidX: 0.5772
CentroidY: 0.2367
