Location: 2025-04-18_221535-1.png_Gaussian-Closing.png
Component: component_1745012558723_406.png
centerX: 0.4711425206124853
centerY: 0.9178433889602053
width: 0.030624263839811542
height: 0.028241335044929396
Area: 0.0004437751277271002
CentroidX: 0.4860
CentroidY: 0.9320
