Location: 2025-04-18_221510-1.png_Mean-Medain.png
Component: component_1745012558836_376.png
centerX: 0.8103651354534747
centerY: 0.6713735558408216
width: 0.027090694935217905
height: 0.018827556696619598
Area: 0.00027946996970434646
CentroidX: 0.8221
CentroidY: 0.6807
