Location: 2025-04-18_221510-1.png_Otsu.png
Component: component_1745012558577_643.png
centerX: 0.6395759717314488
centerY: 0.6709456568249893
width: 0.019434628975265017
height: 0.015832263585793753
Area: 0.00011919684009932903
CentroidX: 0.6476
CentroidY: 0.6776
