Location: 2025-04-18_221535-1.png_Mean-Closing.png
Component: component_1745012558899_64.png
centerX: 0.22143698468786807
centerY: 0.09884467265725289
width: 0.035924617196702
height: 0.02738553701326487
Area: 0.0004392390957571469
CentroidX: 0.2378
CentroidY: 0.1131
