Location: 2025-04-18_221450-1.png_Otsu.png
Component: component_1745012812110_85.png
centerX: 0.4028268551236749
centerY: 0.15575524176294395
width: 0.03356890459363958
height: 0.02396234488660676
Area: 0.00036993860732730444
CentroidX: 0.4176
CentroidY: 0.1678
