Location: 2025-04-18_221450-1.png_Mean-Medain.png
Component: component_1745012812003_433.png
centerX: 0.3621908127208481
centerY: 0.8737697903294822
width: 0.03297997644287397
height: 0.028241335044929396
Area: 0.00041051089328077584
CentroidX: 0.3784
CentroidY: 0.8884
