Location: 2025-04-18_221510-1.png_Otsu.png
Component: component_1745012558592_788.png
centerX: 0.26914016489988224
centerY: 0.7475395806589645
width: 0.02767962308598351
height: 0.02011125374411639
Area: 0.00017665324505207111
CentroidX: 0.2814
CentroidY: 0.7571
