Location: 2025-04-18_221510-1.png_Otsu.png
Component: component_1745012558520_109.png
centerX: 0.9098939929328622
centerY: 0.18656397090286692
width: 0.025323910482921083
height: 0.020967051775780916
Area: 0.00024721374236245615
CentroidX: 0.9208
CentroidY: 0.1977
