Location: 2025-04-18_221510-1.png_Mean-Medain.png
Component: component_1745012558820_268.png
centerX: 0.3945818610129564
centerY: 0.49550706033376124
width: 0.025323910482921083
height: 0.02267864783910997
Area: 0.00025023776367575837
CentroidX: 0.4045
CentroidY: 0.5066
