Location: 2025-04-18_221535-1.png_Gaussian-Closing.png
Component: component_1745012558672_138.png
centerX: 0.40223792697290933
centerY: 0.2729995721009842
width: 0.024146054181389872
height: 0.02738553701326487
Area: 0.00033617036932876305
CentroidX: 0.4127
CentroidY: 0.2868
