Location: 2025-04-18_221535-1.png_Gaussian-Closing.png
Component: component_1745012558662_92.png
centerX: 0.8833922261484098
centerY: 0.1608900299529311
width: 0.0353356890459364
height: 0.028241335044929396
Area: 0.00041025889150466733
CentroidX: 0.8996
CentroidY: 0.1755
