Location: 2025-04-18_221535-1.png_Gaussian-Closing.png
Component: component_1745012558725_417.png
centerX: 0.08068315665488811
centerY: 0.9281129653401797
width: 0.027090694935217905
height: 0.02396234488660676
Area: 0.000378002664162777
CentroidX: 0.0916
CentroidY: 0.9399
