Location: 2025-04-18_221450-1.png_Mean-Medain.png
Component: component_1745012811876_174.png
centerX: 0.08362779740871613
centerY: 0.337612323491656
width: 0.03415783274440518
height: 0.024818142918271287
Area: 0.0003903507511920944
CentroidX: 0.0971
CentroidY: 0.3510
