Location: 2025-04-18_221535-1.png_Gaussian-Closing.png
Component: component_1745012558714_352.png
centerX: 0.4623085983510012
centerY: 0.7749251176722294
width: 0.03297997644287397
height: 0.02610183996576808
Area: 0.0004493191668014876
CentroidX: 0.4791
CentroidY: 0.7889
