Location: 2025-04-18_221535-1.png_Mean-Closing.png
Component: component_1745012558913_140.png
centerX: 0.08657243816254417
centerY: 0.28498074454428757
width: 0.02767962308598351
height: 0.028241335044929396
Area: 0.00035204648122359966
CentroidX: 0.0998
CentroidY: 0.2990
