Location: 2025-04-18_221450-1.png_Otsu.png
Component: component_1745012812091_6.png
centerX: 0.19434628975265017
centerY: 0.0034231921266581087
width: 0.0353356890459364
height: 0.026529738981600343
Area: 0.00046695929112908387
CentroidX: 0.2110
CentroidY: 0.0173
