Location: 2025-04-18_221510-1.png_Mean-Medain.png
Component: component_1745012558790_85.png
centerX: 0.571849234393404
centerY: 0.15190415062045357
width: 0.03121319199057715
height: 0.0235344458707745
Area: 0.0003107181899418027
CentroidX: 0.5848
CentroidY: 0.1636
