Location: 2025-04-18_221510-1.png_Otsu.png
Component: component_1745012558606_1029.png
centerX: 0.2673733804475854
centerY: 0.8181429182712879
width: 0.0353356890459364
height: 0.02011125374411639
Area: 0.0002590578258395565
CentroidX: 0.2796
CentroidY: 0.8286
