Location: 2025-04-18_221450-1.png_Mean-Medain.png
Component: component_1745012811916_244.png
centerX: 0.13839811542991756
centerY: 0.49080017115960634
width: 0.032391048292108364
height: 0.021822849807445442
Area: 0.00036565457713345965
CentroidX: 0.1519
CentroidY: 0.5021
