Location: 2025-04-18_221450-1.png_Mean-Medain.png
Component: component_1745012811918_251.png
centerX: 0.5041224970553593
centerY: 0.5062045357295678
width: 0.03651354534746761
height: 0.024818142918271287
Area: 0.0004462951454881854
CentroidX: 0.5211
CentroidY: 0.5193
