Location: 2025-04-18_221510-1.png_Mean-Medain.png
Component: component_1745012558792_97.png
centerX: 0.9098939929328622
centerY: 0.18613607188703465
width: 0.025323910482921083
height: 0.021822849807445442
Area: 0.00029459007627085753
CentroidX: 0.9209
CentroidY: 0.1979
