Location: 2025-04-18_221510-1.png_Otsu.png
Component: component_1745012558566_447.png
centerX: 0.8150765606595995
centerY: 0.5656824989302525
width: 0.02767962308598351
height: 0.02139495079161318
Area: 0.00020462544220011664
CentroidX: 0.8276
CentroidY: 0.5777
