Location: 2025-04-18_221510-1.png_Otsu.png
Component: component_1745012558572_501.png
centerX: 0.5424028268551236
centerY: 0.6054771074026529
width: 0.027090694935217905
height: 0.020967051775780916
Area: 0.0001930333604991248
CentroidX: 0.5529
CentroidY: 0.6169
