Location: 2025-04-18_221510-1.png_Otsu.png
Component: component_1745012558605_1028.png
centerX: 0.21790341578327443
centerY: 0.8181429182712879
width: 0.03415783274440518
height: 0.02267864783910997
Area: 0.00028501400877873386
CentroidX: 0.2336
CentroidY: 0.8303
