Location: 2025-04-18_221510-1.png_Otsu.png
Component: component_1745012558576_568.png
centerX: 0.03828032979976443
centerY: 0.6401369276850664
width: 0.03356890459363958
height: 0.020967051775780916
Area: 0.00021924154521441068
CentroidX: 0.0532
CentroidY: 0.6512
