Location: 2025-04-18_221510-1.png_Otsu.png
Component: component_1745012558571_498.png
centerX: 0.2773851590106007
centerY: 0.6050492083868207
width: 0.025323910482921083
height: 0.02053915275994865
Area: 0.00020084541555848886
CentroidX: 0.2890
CentroidY: 0.6153
