Location: 2025-04-18_221450-1.png_Otsu.png
Component: component_1745012812192_332.png
centerX: 0.6855123674911661
centerY: 0.6251604621309371
width: 0.0353356890459364
height: 0.02781343602909713
Area: 0.00038379870501327294
CentroidX: 0.7005
CentroidY: 0.6400
