Location: 2025-04-18_221510-1.png_Otsu.png
Component: component_1745012558542_260.png
centerX: 0.8374558303886925
centerY: 0.3804022250748823
width: 0.027090694935217905
height: 0.02011125374411639
Area: 0.00017715724860428817
CentroidX: 0.8480
CentroidY: 0.3907
