Location: 2025-04-18_221535-1.png_Gaussian-Closing.png
Component: component_1745012558680_185.png
centerX: 0.8992932862190812
centerY: 0.3842533162173727
width: 0.02944640753828033
height: 0.0329482242190843
Area: 0.0004702353142184946
CentroidX: 0.9138
CentroidY: 0.4005
