Location: 2025-04-18_221510-1.png_Otsu.png
Component: component_1745012558509_54.png
centerX: 0.6919905771495878
centerY: 0.08044501497646556
width: 0.028857479387514724
height: 0.02139495079161318
Area: 0.000307946170404609
CentroidX: 0.7056
CentroidY: 0.0919
