Location: 2025-04-18_221535-1.png_Mean-Closing.png
Component: component_1745012558969_407.png
centerX: 0.2249705535924617
centerY: 0.9238339751818571
width: 0.030035335689045935
height: 0.02738553701326487
Area: 0.00042663900695172097
CentroidX: 0.2370
CentroidY: 0.9381
