Location: 2025-04-18_221450-1.png_Otsu.png
Component: component_1745012812166_216.png
centerX: 0.4110718492343934
centerY: 0.39195549850235345
width: 0.03356890459363958
height: 0.026529738981600343
Area: 0.0003608665433873978
CentroidX: 0.4250
CentroidY: 0.4059
