Location: 2025-04-18_221450-1.png_Gaussian-Median.png
Component: component_1745012811535_391.png
centerX: 0.9093050647820966
centerY: 0.7047496790757382
width: 0.032391048292108364
height: 0.030380830124090714
Area: 0.0004420111152943406
CentroidX: 0.9257
CentroidY: 0.7205
