Location: 2025-04-18_221535-1.png_Mean-Closing.png
Component: component_1745012558953_336.png
centerX: 0.03415783274440518
centerY: 0.7385537013264869
width: 0.03180212014134275
height: 0.024818142918271287
Area: 0.00041303091104186103
CentroidX: 0.0482
CentroidY: 0.7512
