Location: 2025-04-18_221450-1.png_Otsu.png
Component: component_1745012812120_103.png
centerX: 0.3327444051825677
centerY: 0.1985451433461703
width: 0.04946996466431095
height: 0.025673940949935817
Area: 0.000433443054906651
CentroidX: 0.3543
CentroidY: 0.2129
