Location: 2025-04-18_221450-1.png_Gaussian-Median.png
Component: component_1745012811503_249.png
centerX: 0.035924617196702
centerY: 0.4591356439880188
width: 0.03297997644287397
height: 0.022250748823277707
Area: 0.00038153068902829627
CentroidX: 0.0510
CentroidY: 0.4713
