Location: 2025-04-18_221510-1.png_Otsu.png
Component: component_1745012558557_394.png
centerX: 0.944640753828033
centerY: 0.5254599914420197
width: 0.02591283863368669
height: 0.02139495079161318
Area: 0.00024796974769078175
CentroidX: 0.9560
CentroidY: 0.5370
