Location: 2025-04-18_221535-1.png_Gaussian-Closing.png
Component: component_1745012558710_331.png
centerX: 0.7408716136631331
centerY: 0.7278562259306803
width: 0.03769140164899882
height: 0.026957637997432605
Area: 0.0004997195220231912
CentroidX: 0.7587
CentroidY: 0.7419
