Location: 2025-04-18_221535-1.png_Gaussian-Closing.png
Component: component_1745012558700_267.png
centerX: 0.690223792697291
centerY: 0.5776636713735558
width: 0.030035335689045935
height: 0.028241335044929396
Area: 0.000476283356845099
CentroidX: 0.7057
CentroidY: 0.5932
