Location: 2025-04-18_221450-1.png_Gaussian-Closing.png
Component: component_1745012812339_299.png
centerX: 0.2856301531213192
centerY: 0.6063329054343175
width: 0.04652532391048292
height: 0.029097133076593923
Area: 0.0004982075113665401
CentroidX: 0.3053
CentroidY: 0.6228
