Location: 2025-04-18_221535-1.png_Gaussian-Closing.png
Component: component_1745012558682_198.png
centerX: 0.24381625441696114
centerY: 0.4069319640564827
width: 0.026501766784452298
height: 0.028241335044929396
Area: 0.0004155509288029462
CentroidX: 0.2564
CentroidY: 0.4209
