Location: 2025-04-18_221450-1.png_Gaussian-Closing.png
Component: component_1745012812320_208.png
centerX: 0.8810365135453475
centerY: 0.4069319640564827
width: 0.028857479387514724
height: 0.02396234488660676
Area: 0.00035431449720857634
CentroidX: 0.8933
CentroidY: 0.4195
