Location: 2025-04-18_221535-1.png_Gaussian-Closing.png
Component: component_1745012558655_54.png
centerX: 0.3292108362779741
centerY: 0.05391527599486521
width: 0.03297997644287397
height: 0.0235344458707745
Area: 0.0003623785540440489
CentroidX: 0.3463
CentroidY: 0.0665
