Location: 2025-04-18_221450-1.png_Mean-Medain.png
Component: component_1745012811938_311.png
centerX: 0.9016489988221437
centerY: 0.6097560975609756
width: 0.03651354534746761
height: 0.03080872913992298
Area: 0.0005050115593214701
CentroidX: 0.9201
CentroidY: 0.6257
