Location: 2025-04-18_221450-1.png_Gaussian-Closing.png
Component: component_1745012812315_179.png
centerX: 0.5624263839811543
centerY: 0.34488660676080446
width: 0.034746760895170786
height: 0.024390243902439025
Area: 0.0004089988826241247
CentroidX: 0.5777
CentroidY: 0.3575
