Location: 2025-04-18_221450-1.png_Gaussian-Median.png
Component: component_1745012811553_485.png
centerX: 0.8775029446407538
centerY: 0.8917415489944374
width: 0.03415783274440518
height: 0.026957637997432605
Area: 0.00041353491459407806
CentroidX: 0.8942
CentroidY: 0.9049
