Location: 2025-04-18_221450-1.png_Otsu.png
Component: component_1745012812209_411.png
centerX: 0.425206124852768
centerY: 0.8305519897304237
width: 0.04534746760895171
height: 0.02610183996576808
Area: 0.00041076289505688436
CentroidX: 0.4442
CentroidY: 0.8454
