Location: 2025-04-18_221450-1.png_Mean-Medain.png
Component: component_1745012811990_407.png
centerX: 0.6142520612485277
centerY: 0.8202824133504493
width: 0.04240282685512368
height: 0.02781343602909713
Area: 0.0004813233923672694
CentroidX: 0.6344
CentroidY: 0.8345
