Location: 2025-04-18_221535-1.png_Gaussian-Closing.png
Component: component_1745012558677_166.png
centerX: 0.9269729093050648
centerY: 0.33932391955498503
width: 0.030624263839811542
height: 0.02995293110825845
Area: 0.0004659512840246498
CentroidX: 0.9418
CentroidY: 0.3543
