Location: 2025-04-18_221510-1.png_Mean-Medain.png
Component: component_1745012558841_408.png
centerX: 0.13133097762073026
centerY: 0.7120239623448866
width: 0.023557126030624265
height: 0.020967051775780916
Area: 0.0002565378080784713
CentroidX: 0.1406
CentroidY: 0.7226
