Location: 2025-04-18_221510-1.png_Otsu.png
Component: component_1745012558543_266.png
centerX: 0.4617196702002356
centerY: 0.38254172015404364
width: 0.03415783274440518
height: 0.019255455712451863
Area: 0.00019353736405134183
CentroidX: 0.4738
CentroidY: 0.3922
