Location: 2025-04-18_221535-1.png_Gaussian-Closing.png
Component: component_1745012558719_379.png
centerX: 0.0812720848056537
centerY: 0.8305519897304237
width: 0.030624263839811542
height: 0.025673940949935817
Area: 0.00042739501228004656
CentroidX: 0.0963
CentroidY: 0.8441
