Location: 2025-04-18_221510-1.png_Mean-Medain.png
Component: component_1745012558817_247.png
centerX: 0.2308598351001178
centerY: 0.45999144201968334
width: 0.028857479387514724
height: 0.025246041934103552
Area: 0.00030996218461347717
CentroidX: 0.2436
CentroidY: 0.4726
