Location: 2025-04-18_221450-1.png_Otsu.png
Component: component_1745012812185_297.png
centerX: 0.568904593639576
centerY: 0.5417201540436457
width: 0.04240282685512368
height: 0.02738553701326487
Area: 0.00042739501228004656
CentroidX: 0.5877
CentroidY: 0.5571
