Location: 2025-04-18_221510-1.png_Mean-Medain.png
Component: component_1745012558852_463.png
centerX: 0.6531213191990577
centerY: 0.8095849379546427
width: 0.03651354534746761
height: 0.02011125374411639
Area: 0.0003795146748194281
CentroidX: 0.6670
CentroidY: 0.8204
