Location: 2025-04-18_221450-1.png_Otsu.png
Component: component_1745012812125_126.png
centerX: 0.18669022379269729
centerY: 0.24732563115104836
width: 0.03297997644287397
height: 0.025246041934103552
Area: 0.00035759052029798706
CentroidX: 0.2000
CentroidY: 0.2604
