Location: 2025-04-18_221450-1.png_Mean-Medain.png
Component: component_1745012811954_347.png
centerX: 0.5182567726737338
centerY: 0.685066324347454
width: 0.032391048292108364
height: 0.02738553701326487
Area: 0.00042336298386231024
CentroidX: 0.5344
CentroidY: 0.6989
