Location: 2025-04-18_221535-1.png_Gaussian-Closing.png
Component: component_1745012558726_424.png
centerX: 0.5429917550058893
centerY: 0.9606332905434317
width: 0.038869257950530034
height: 0.025673940949935817
Area: 0.0004891354474266334
CentroidX: 0.5627
CentroidY: 0.9738
