Location: 2025-04-18_221535-1.png_Mean-Closing.png
Component: component_1745012558964_383.png
centerX: 0.4452296819787986
centerY: 0.8664955070603337
width: 0.03297997644287397
height: 0.02610183996576808
Area: 0.0004707393177707117
CentroidX: 0.4597
CentroidY: 0.8797
