Location: 2025-04-18_221510-1.png_Otsu.png
Component: component_1745012558572_508.png
centerX: 0.18138987043580684
centerY: 0.6067608044501498
width: 0.02944640753828033
height: 0.018827556696619598
Area: 0.0002099174794983955
CentroidX: 0.1943
CentroidY: 0.6166
