Location: 2025-04-18_221450-1.png_Gaussian-Closing.png
Component: component_1745012812256_27.png
centerX: 0.7296819787985865
centerY: 0.0410783055198973
width: 0.03121319199057715
height: 0.02053915275994865
Area: 0.0003664105824617852
CentroidX: 0.7441
CentroidY: 0.0516
