Location: 2025-04-18_221450-1.png_Otsu.png
Component: component_1745012812187_307.png
centerX: 0.8515901060070671
centerY: 0.5695335900727428
width: 0.03356890459363958
height: 0.03123662815575524
Area: 0.00038934274408766034
CentroidX: 0.8685
CentroidY: 0.5858
