Location: 2025-04-18_221450-1.png_Mean-Medain.png
Component: component_1745012811890_185.png
centerX: 0.8368669022379269
centerY: 0.36029097133076593
width: 0.02944640753828033
height: 0.025246041934103552
Area: 0.00040748687196747363
CentroidX: 0.8496
CentroidY: 0.3725
