Location: 2025-04-18_221535-1.png_Gaussian-Closing.png
Component: component_1745012558680_186.png
centerX: 0.8498233215547704
centerY: 0.386392811296534
width: 0.03356890459363958
height: 0.030380830124090714
Area: 0.0005082875824108809
CentroidX: 0.8669
CentroidY: 0.4015
