Location: 2025-04-18_221535-1.png_Gaussian-Closing.png
Component: component_1745012558658_72.png
centerX: 0.15488810365135453
centerY: 0.10098416773641421
width: 0.032391048292108364
height: 0.025673940949935817
Area: 0.0003903507511920944
CentroidX: 0.1704
CentroidY: 0.1137
