Location: 2025-04-18_221535-1.png_Gaussian-Closing.png
Component: component_1745012558674_152.png
centerX: 0.5901060070671378
centerY: 0.30509199828840394
width: 0.03356890459363958
height: 0.026957637997432605
Area: 0.0004127789092657525
CentroidX: 0.6081
CentroidY: 0.3186
