Location: 2025-04-18_221535-1.png_Gaussian-Closing.png
Component: component_1745012558712_339.png
centerX: 0.35571260306242636
centerY: 0.7355584082156611
width: 0.037102473498233215
height: 0.025673940949935817
Area: 0.0005004755273515167
CentroidX: 0.3745
CentroidY: 0.7491
