Location: 2025-04-18_221450-1.png_Otsu.png
Component: component_1745012812217_444.png
centerX: 0.5488810365135454
centerY: 0.9028669234060762
width: 0.034746760895170786
height: 0.02610183996576808
Area: 0.00039110675652041994
CentroidX: 0.5675
CentroidY: 0.9168
