Location: 2025-04-18_221535-1.png_Gaussian-Closing.png
Component: component_1745012558708_317.png
centerX: 0.3474676089517079
centerY: 0.6837826272999572
width: 0.03180212014134275
height: 0.02610183996576808
Area: 0.00042689100872782954
CentroidX: 0.3623
CentroidY: 0.6972
