Location: 2025-04-18_221450-1.png_Otsu.png
Component: component_1745012812109_82.png
centerX: 0.6519434628975265
centerY: 0.14719726144629866
width: 0.03180212014134275
height: 0.02139495079161318
Area: 0.0003399503959703908
CentroidX: 0.6665
CentroidY: 0.1584
