Location: 2025-04-18_221510-1.png_Otsu.png
Component: component_1745012558517_100.png
centerX: 0.24911660777385158
centerY: 0.15575524176294395
width: 0.028857479387514724
height: 0.0235344458707745
Area: 0.0002787139643760209
CentroidX: 0.2611
CentroidY: 0.1677
