Location: 2025-04-18_221510-1.png_Mean-Medain.png
Component: component_1745012558866_546.png
centerX: 0.40223792697290933
centerY: 0.959349593495935
width: 0.034746760895170786
height: 0.02396234488660676
Area: 0.0004251269962950699
CentroidX: 0.4152
CentroidY: 0.9717
