Location: 2025-04-18_221535-1.png_Mean-Closing.png
Component: component_1745012558963_377.png
centerX: 0.715547703180212
centerY: 0.8600770218228498
width: 0.034746760895170786
height: 0.024818142918271287
Area: 0.00045083117745813874
CentroidX: 0.7310
CentroidY: 0.8737
