Location: 2025-04-18_221450-1.png_Mean-Medain.png
Component: component_1745012811935_290.png
centerX: 0.030035335689045935
centerY: 0.5721009841677364
width: 0.030035335689045935
height: 0.024818142918271287
Area: 0.00038430270856548997
CentroidX: 0.0437
CentroidY: 0.5848
