Location: 2025-04-18_221450-1.png_Gaussian-Closing.png
Component: component_1745012812361_393.png
centerX: 0.9540636042402827
centerY: 0.8459563543003851
width: 0.028857479387514724
height: 0.02738553701326487
Area: 0.00039463478138593923
CentroidX: 0.9675
CentroidY: 0.8604
