Location: 2025-04-18_221510-1.png_Mean-Medain.png
Component: component_1745012558818_259.png
centerX: 0.9140164899882215
centerY: 0.49165596919127086
width: 0.025323910482921083
height: 0.019255455712451863
Area: 0.00025250577966073504
CentroidX: 0.9257
CentroidY: 0.5010
