Location: 2025-04-18_221450-1.png_Mean-Medain.png
Component: component_1745012811933_283.png
centerX: 0.18374558303886926
centerY: 0.5669661959777492
width: 0.030035335689045935
height: 0.025673940949935817
Area: 0.0003875787316549007
CentroidX: 0.1999
CentroidY: 0.5798
