Location: 2025-04-18_221535-1.png_Gaussian-Closing.png
Component: component_1745012558651_43.png
centerX: 0.8156654888103652
centerY: 0.04835258878904578
width: 0.03121319199057715
height: 0.025673940949935817
Area: 0.00037825466593888554
CentroidX: 0.8326
CentroidY: 0.0618
