Location: 2025-04-18_221450-1.png_Otsu.png
Component: component_1745012812094_17.png
centerX: 0.36454652532391046
centerY: 0.006418485237483954
width: 0.032391048292108364
height: 0.02267864783910997
Area: 0.00038984674763987737
CentroidX: 0.3791
CentroidY: 0.0188
