Location: 2025-04-18_221450-1.png_Gaussian-Median.png
Component: component_1745012811525_345.png
centerX: 0.028857479387514724
centerY: 0.6195977749251177
width: 0.03769140164899882
height: 0.028241335044929396
Area: 0.0004417591135182321
CentroidX: 0.0489
CentroidY: 0.6356
