Location: 2025-04-18_221450-1.png_Gaussian-Closing.png
Component: component_1745012812349_341.png
centerX: 0.8468786808009423
centerY: 0.7090286692340607
width: 0.038869257950530034
height: 0.02866923406076166
Area: 0.00046091124850247944
CentroidX: 0.8670
CentroidY: 0.7237
