Location: 2025-04-18_221450-1.png_Gaussian-Closing.png
Component: component_1745012812336_280.png
centerX: 0.3586572438162544
centerY: 0.5588361146769363
width: 0.03356890459363958
height: 0.023106546854942234
Area: 0.0004115189003852099
CentroidX: 0.3763
CentroidY: 0.5713
