Location: 2025-04-18_221450-1.png_Gaussian-Median.png
Component: component_1745012811553_486.png
centerX: 0.7773851590106007
centerY: 0.8955926401369276
width: 0.0353356890459364
height: 0.026957637997432605
Area: 0.0004200869607728995
CentroidX: 0.7933
CentroidY: 0.9097
