Location: 2025-04-18_221510-1.png_Otsu.png
Component: component_1745012558555_376.png
centerX: 0.5176678445229682
centerY: 0.496790757381258
width: 0.027090694935217905
height: 0.019255455712451863
Area: 0.00022478558428879806
CentroidX: 0.5279
CentroidY: 0.5072
