Location: 2025-04-18_221510-1.png_Mean-Medain.png
Component: component_1745012558822_282.png
centerX: 0.7084805653710248
centerY: 0.527599486521181
width: 0.026501766784452298
height: 0.02139495079161318
Area: 0.0002726659217494165
CentroidX: 0.7218
CentroidY: 0.5382
