Location: 2025-04-18_221450-1.png_Gaussian-Median.png
Component: component_1745012811484_142.png
centerX: 0.6707891637220259
centerY: 0.2593068035943517
width: 0.03297997644287397
height: 0.0235344458707745
Area: 0.0004089988826241247
CentroidX: 0.6862
CentroidY: 0.2709
