Location: 2025-04-18_221535-1.png_Mean-Closing.png
Component: component_1745012558960_358.png
centerX: 0.7114252061248527
centerY: 0.8112965340179717
width: 0.035924617196702
height: 0.02610183996576808
Area: 0.00047729136394953313
CentroidX: 0.7279
CentroidY: 0.8253
