Location: 2025-04-18_221450-1.png_Mean-Medain.png
Component: component_1745012811887_180.png
centerX: 0.9305064782096584
centerY: 0.3547282841249465
width: 0.032391048292108364
height: 0.025673940949935817
Area: 0.00041580293057905473
CentroidX: 0.9452
CentroidY: 0.3678
