Location: 2025-04-18_221450-1.png_Otsu.png
Component: component_1745012812138_139.png
centerX: 0.49646643109540634
centerY: 0.27000427899015833
width: 0.03651354534746761
height: 0.024390243902439025
Area: 0.00039135875829652845
CentroidX: 0.5150
CentroidY: 0.2831
