Location: 2025-04-18_221510-1.png_Mean-Medain.png
Component: component_1745012558806_179.png
centerX: 0.04711425206124853
centerY: 0.34488660676080446
width: 0.034746760895170786
height: 0.023106546854942234
Area: 0.00032483028940387973
CentroidX: 0.0604
CentroidY: 0.3584
