Location: 2025-04-18_221450-1.png_Gaussian-Closing.png
Component: component_1745012812259_44.png
centerX: 0.9375736160188457
centerY: 0.06803594351732992
width: 0.0353356890459364
height: 0.02053915275994865
Area: 0.00039236676540096256
CentroidX: 0.9534
CentroidY: 0.0794
