Location: 2025-04-18_221450-1.png_Otsu.png
Component: component_1745012812184_294.png
centerX: 0.6731448763250883
centerY: 0.5344458707744972
width: 0.03769140164899882
height: 0.026957637997432605
Area: 0.0004147949234746206
CentroidX: 0.6915
CentroidY: 0.5494
