Location: 2025-04-18_221535-1.png_Gaussian-Closing.png
Component: component_1745012558706_299.png
centerX: 0.035924617196702
centerY: 0.6435601198117245
width: 0.028857479387514724
height: 0.024390243902439025
Area: 0.00039110675652041994
CentroidX: 0.0493
CentroidY: 0.6561
