Location: 2025-04-18_221535-1.png_Mean-Closing.png
Component: component_1745012558945_287.png
centerX: 0.48586572438162545
centerY: 0.6350021394950791
width: 0.03769140164899882
height: 0.02738553701326487
Area: 0.0005060195664259041
CentroidX: 0.5004
CentroidY: 0.6499
