Location: 2025-04-18_221535-1.png_Gaussian-Closing.png
Component: component_1745012558651_46.png
centerX: 0.5630153121319199
centerY: 0.049636285836542574
width: 0.03415783274440518
height: 0.025673940949935817
Area: 0.0004788033746061842
CentroidX: 0.5764
CentroidY: 0.0628
