Location: 2025-04-18_221450-1.png_Mean-Medain.png
Component: component_1745012811609_94.png
centerX: 0.8875147232037691
centerY: 0.1668806161745828
width: 0.02944640753828033
height: 0.024390243902439025
Area: 0.00036263055582015744
CentroidX: 0.9009
CentroidY: 0.1794
