Location: 2025-04-18_221535-1.png_Gaussian-Closing.png
Component: component_1745012558694_230.png
centerX: 0.5541813898704359
centerY: 0.4839537869062901
width: 0.035924617196702
height: 0.02781343602909713
Area: 0.0004840954119044631
CentroidX: 0.5732
CentroidY: 0.4987
