Location: 2025-04-18_221535-1.png_Gaussian-Closing.png
Component: component_1745012558696_244.png
centerX: 0.8162544169611308
centerY: 0.5228925973470261
width: 0.035924617196702
height: 0.026957637997432605
Area: 0.00048611142611333126
CentroidX: 0.8355
CentroidY: 0.5375
