Location: 2025-04-18_221510-1.png_Mean-Medain.png
Component: component_1745012558773_10.png
centerX: 0.6419316843345112
centerY: 0.006418485237483954
width: 0.030624263839811542
height: 0.029097133076593923
Area: 0.0004195829572206825
CentroidX: 0.6555
CentroidY: 0.0219
