Location: 2025-04-18_221450-1.png_Gaussian-Median.png
Component: component_1745012811497_208.png
centerX: 0.5129564193168433
centerY: 0.38767650834403083
width: 0.030035335689045935
height: 0.02396234488660676
Area: 0.00038379870501327294
CentroidX: 0.5258
CentroidY: 0.3999
