Location: 2025-04-18_221450-1.png_Gaussian-Median.png
Component: component_1745012811532_366.png
centerX: 0.08598351001177856
centerY: 0.6658108686350022
width: 0.03651354534746761
height: 0.026957637997432605
Area: 0.00045839123074139425
CentroidX: 0.1036
CentroidY: 0.6800
