Location: 2025-04-18_221450-1.png_Mean-Medain.png
Component: component_1745012811905_210.png
centerX: 0.03651354534746761
centerY: 0.4146341463414634
width: 0.03297997644287397
height: 0.022250748823277707
Area: 0.00038631872277435813
CentroidX: 0.0510
CentroidY: 0.4263
