Location: 2025-04-18_221450-1.png_Mean-Medain.png
Component: component_1745012811597_55.png
centerX: 0.17550058892815076
centerY: 0.08600770218228498
width: 0.03297997644287397
height: 0.024818142918271287
Area: 0.00042714301050393805
CentroidX: 0.1905
CentroidY: 0.0990
