Location: 2025-04-18_221510-1.png_Mean-Medain.png
Component: component_1745012558849_444.png
centerX: 0.7002355712603062
centerY: 0.7779204107830552
width: 0.02767962308598351
height: 0.02011125374411639
Area: 0.00024040969440752619
CentroidX: 0.7108
CentroidY: 0.7882
