Location: 2025-04-18_221450-1.png_Gaussian-Median.png
Component: component_1745012811455_8.png
centerX: 0.7555948174322733
centerY: 0.0025673940949935813
width: 0.03356890459363958
height: 0.02396234488660676
Area: 0.0004490671650253791
CentroidX: 0.7686
CentroidY: 0.0150
