Location: 2025-04-18_221535-1.png_Mean-Closing.png
Component: component_1745012558904_88.png
centerX: 0.8297997644287397
centerY: 0.16131792896876337
width: 0.03180212014134275
height: 0.029097133076593923
Area: 0.0004097548879524503
CentroidX: 0.8453
CentroidY: 0.1764
