Location: 2025-04-18_221450-1.png_Gaussian-Closing.png
Component: component_1745012812304_142.png
centerX: 0.5559481743227326
centerY: 0.26615318784766795
width: 0.030624263839811542
height: 0.02396234488660676
Area: 0.000398918811579784
CentroidX: 0.5712
CentroidY: 0.2785
