Location: 2025-04-18_221510-1.png_Mean-Medain.png
Component: component_1745012558804_168.png
centerX: 0.7173144876325088
centerY: 0.30937098844672656
width: 0.030035335689045935
height: 0.02011125374411639
Area: 0.00028501400877873386
CentroidX: 0.7290
CentroidY: 0.3198
