Location: 2025-04-18_221450-1.png_Otsu.png
Component: component_1745012812211_418.png
centerX: 0.9540636042402827
centerY: 0.8463842533162174
width: 0.028857479387514724
height: 0.026529738981600343
Area: 0.0003427224155075845
CentroidX: 0.9672
CentroidY: 0.8603
