Location: 2025-04-18_221535-1.png_Mean-Closing.png
Component: component_1745012558962_367.png
centerX: 0.33451118963486454
centerY: 0.8224219084296106
width: 0.032391048292108364
height: 0.026529738981600343
Area: 0.00045360319699533244
CentroidX: 0.3515
CentroidY: 0.8361
