Location: 2025-04-18_221450-1.png_Gaussian-Closing.png
Component: component_1745012812323_225.png
centerX: 0.8839811542991755
centerY: 0.44330338040222506
width: 0.03415783274440518
height: 0.021822849807445442
Area: 0.0003860667209982496
CentroidX: 0.8978
CentroidY: 0.4544
