Location: 2025-04-18_221535-1.png_Gaussian-Closing.png
Component: component_1745012558655_53.png
centerX: 0.38633686690223795
centerY: 0.051775780915703895
width: 0.03297997644287397
height: 0.025246041934103552
Area: 0.0003669145860140022
CentroidX: 0.4016
CentroidY: 0.0654
