Location: 2025-04-18_221450-1.png_Otsu.png
Component: component_1745012812116_96.png
centerX: 0.030624263839811542
centerY: 0.17586649550706032
width: 0.030624263839811542
height: 0.02011125374411639
Area: 0.0003230662769711201
CentroidX: 0.0430
CentroidY: 0.1860
