Location: 2025-04-18_221450-1.png_Gaussian-Closing.png
Component: component_1745012812316_186.png
centerX: 0.2944640753828033
centerY: 0.3598630723149337
width: 0.03297997644287397
height: 0.025673940949935817
Area: 0.0004122749057135355
CentroidX: 0.3086
CentroidY: 0.3730
