Location: 2025-04-18_221450-1.png_Mean-Medain.png
Component: component_1745012811960_373.png
centerX: 0.5
centerY: 0.7295678219940094
width: 0.03769140164899882
height: 0.02995293110825845
Area: 0.000454863205875875
CentroidX: 0.5152
CentroidY: 0.7451
