Location: 2025-04-18_221535-1.png_Gaussian-Closing.png
Component: component_1745012558682_195.png
centerX: 0.4923439340400471
centerY: 0.40350877192982454
width: 0.03180212014134275
height: 0.025246041934103552
Area: 0.00045864323251750276
CentroidX: 0.5082
CentroidY: 0.4166
