Location: 2025-04-18_221450-1.png_Gaussian-Median.png
Component: component_1745012811468_64.png
centerX: 0.12603062426383982
centerY: 0.08943089430894309
width: 0.02944640753828033
height: 0.021822849807445442
Area: 0.0003903507511920944
CentroidX: 0.1397
CentroidY: 0.1006
