Location: 2025-04-18_221510-1.png_Otsu.png
Component: component_1745012558517_106.png
centerX: 0.04711425206124853
centerY: 0.16174582798459564
width: 0.02767962308598351
height: 0.02053915275994865
Area: 0.0002784619625999124
CentroidX: 0.0593
CentroidY: 0.1729
