Location: 2025-04-18_221535-1.png_Mean-Closing.png
Component: component_1745012558902_77.png
centerX: 0.5129564193168433
centerY: 0.13949507916131793
width: 0.03180212014134275
height: 0.02396234488660676
Area: 0.00037271062686449814
CentroidX: 0.5281
CentroidY: 0.1530
