Location: 2025-04-18_221510-1.png_Otsu.png
Component: component_1745012558597_816.png
centerX: 0.0895170789163722
centerY: 0.7543859649122807
width: 0.02591283863368669
height: 0.01540436456996149
Area: 8.265658256359391e-05
CentroidX: 0.0987
CentroidY: 0.7641
