Location: 2025-04-18_221450-1.png_Mean-Medain.png
Component: component_1745012811883_175.png
centerX: 0.6195524146054181
centerY: 0.33889602053915274
width: 0.030624263839811542
height: 0.026529738981600343
Area: 0.00039488678316204775
CentroidX: 0.6324
CentroidY: 0.3523
