Location: 2025-04-18_221535-1.png_Gaussian-Closing.png
Component: component_1745012558705_296.png
centerX: 0.3380447585394582
centerY: 0.6371416345742404
width: 0.03297997644287397
height: 0.029097133076593923
Area: 0.0004732593355317968
CentroidX: 0.3520
CentroidY: 0.6523
