Location: 2025-04-18_221510-1.png_Otsu.png
Component: component_1745012558597_802.png
centerX: 0.04122497055359246
centerY: 0.7496790757381258
width: 0.030624263839811542
height: 0.02053915275994865
Area: 0.00011264479392050756
CentroidX: 0.0514
CentroidY: 0.7637
