Location: 2025-04-18_221535-1.png_Mean-Closing.png
Component: component_1745012558970_411.png
centerX: 0.08068315665488811
centerY: 0.9281129653401797
width: 0.027090694935217905
height: 0.02396234488660676
Area: 0.00038379870501327294
CentroidX: 0.0917
CentroidY: 0.9399
