Location: 2025-04-18_221535-1.png_Mean-Closing.png
Component: component_1745012558957_345.png
centerX: 0.5706713780918727
centerY: 0.7732135216089003
width: 0.03121319199057715
height: 0.02610183996576808
Area: 0.00044528713838375134
CentroidX: 0.5867
CentroidY: 0.7865
