Location: 2025-04-18_221450-1.png_Gaussian-Median.png
Component: component_1745012811486_151.png
centerX: 0.8692579505300353
centerY: 0.28369704749679076
width: 0.03415783274440518
height: 0.025673940949935817
Area: 0.0004248749945189614
CentroidX: 0.8866
CentroidY: 0.2969
