Location: 2025-04-18_221450-1.png_Mean-Medain.png
Component: component_1745012811920_253.png
centerX: 0.450530035335689
centerY: 0.5117672229353872
width: 0.0353356890459364
height: 0.02267864783910997
Area: 0.00041857495011624843
CentroidX: 0.4676
CentroidY: 0.5232
