Location: 2025-04-18_221535-1.png_Mean-Closing.png
Component: component_1745012558939_250.png
centerX: 0.34334511189634864
centerY: 0.5382969619169876
width: 0.03415783274440518
height: 0.02781343602909713
Area: 0.00047477134618844794
CentroidX: 0.3600
CentroidY: 0.5531
