Location: 2025-04-18_221535-1.png_Mean-Closing.png
Component: component_1745012558933_235.png
centerX: 0.19257950530035337
centerY: 0.5002139495079161
width: 0.030035335689045935
height: 0.026957637997432605
Area: 0.0004460431437120769
CentroidX: 0.2076
CentroidY: 0.5141
