Location: 2025-04-18_221510-1.png_Mean-Medain.png
Component: component_1745012558863_531.png
centerX: 0.1330977620730271
centerY: 0.9353872486093282
width: 0.03121319199057715
height: 0.02396234488660676
Area: 0.0004029508399975203
CentroidX: 0.1482
CentroidY: 0.9482
