Location: 2025-04-18_221450-1.png_Gaussian-Median.png
Component: component_1745012811491_180.png
centerX: 0.13427561837455831
centerY: 0.33547282841249465
width: 0.02944640753828033
height: 0.024390243902439025
Area: 0.0004100068897285588
CentroidX: 0.1471
CentroidY: 0.3468
