Location: 2025-04-18_221535-1.png_Mean-Closing.png
Component: component_1745012558911_125.png
centerX: 0.7361601884570083
centerY: 0.259734702610184
width: 0.030035335689045935
height: 0.028241335044929396
Area: 0.00041051089328077584
CentroidX: 0.7502
CentroidY: 0.2737
