Location: 2025-04-18_221535-1.png_Mean-Closing.png
Component: component_1745012558951_326.png
centerX: 0.5335689045936396
centerY: 0.7287120239623449
width: 0.03828032979976443
height: 0.02610183996576808
Area: 0.00047225132842736275
CentroidX: 0.5506
CentroidY: 0.7432
