Location: 2025-04-18_221450-1.png_Otsu.png
Component: component_1745012812221_464.png
centerX: 0.549469964664311
centerY: 0.9426615318784767
width: 0.032391048292108364
height: 0.025673940949935817
Area: 0.0003822866943566218
CentroidX: 0.5659
CentroidY: 0.9557
