Location: 2025-04-18_221535-1.png_Gaussian-Closing.png
Component: component_1745012558727_432.png
centerX: 0.21083627797408716
centerY: 0.9687633718442448
width: 0.0353356890459364
height: 0.0235344458707745
Area: 0.0004364670762199532
CentroidX: 0.2279
CentroidY: 0.9812
