Location: 2025-04-18_221510-1.png_Mean-Medain.png
Component: component_1745012558788_75.png
centerX: 0.04770318021201413
centerY: 0.12323491655969192
width: 0.028857479387514724
height: 0.02396234488660676
Area: 0.00034599843859699523
CentroidX: 0.0589
CentroidY: 0.1354
