Location: 2025-04-18_221450-1.png_Gaussian-Closing.png
Component: component_1745012812310_174.png
centerX: 0.13427561837455831
centerY: 0.33547282841249465
width: 0.028857479387514724
height: 0.024390243902439025
Area: 0.0004089988826241247
CentroidX: 0.1471
CentroidY: 0.3468
