Location: 2025-04-18_221535-1.png_Mean-Closing.png
Component: component_1745012558915_152.png
centerX: 0.4416961130742049
centerY: 0.3123662815575524
width: 0.028857479387514724
height: 0.025246041934103552
Area: 0.00038102668547607924
CentroidX: 0.4573
CentroidY: 0.3257
