Location: 2025-04-18_221535-1.png_Mean-Closing.png
Component: component_1745012558963_373.png
centerX: 0.08068315665488811
centerY: 0.8305519897304237
width: 0.03121319199057715
height: 0.025673940949935817
Area: 0.0004394910975332554
CentroidX: 0.0964
CentroidY: 0.8442
