Location: 2025-04-18_221450-1.png_Gaussian-Closing.png
Component: component_1745012812347_330.png
centerX: 0.6707891637220259
centerY: 0.676936243046641
width: 0.038869257950530034
height: 0.026957637997432605
Area: 0.000433443054906651
CentroidX: 0.6904
CentroidY: 0.6909
