Location: 2025-04-18_221450-1.png_Otsu.png
Component: component_1745012812109_84.png
centerX: 0.464075382803298
centerY: 0.15318784766795038
width: 0.034746760895170786
height: 0.02396234488660676
Area: 0.0003764906535061259
CentroidX: 0.4785
CentroidY: 0.1654
