Location: 2025-04-18_221450-1.png_Otsu.png
Component: component_1745012812118_101.png
centerX: 0.4587750294464075
centerY: 0.19426615318784768
width: 0.03356890459363958
height: 0.023106546854942234
Area: 0.0003525504847758167
CentroidX: 0.4739
CentroidY: 0.2068
