Location: 2025-04-18_221510-1.png_Otsu.png
Component: component_1745012558580_652.png
centerX: 0.39752650176678445
centerY: 0.6726572528883183
width: 0.023557126030624265
height: 0.02011125374411639
Area: 0.00016455715979886226
CentroidX: 0.4063
CentroidY: 0.6822
