Location: 2025-04-18_221450-1.png_Otsu.png
Component: component_1745012812171_238.png
centerX: 0.3457008244994111
centerY: 0.4420196833547283
width: 0.032391048292108364
height: 0.02610183996576808
Area: 0.0003762386517300174
CentroidX: 0.3613
CentroidY: 0.4561
