Location: 2025-04-18_221450-1.png_Gaussian-Closing.png
Component: component_1745012812316_183.png
centerX: 0.4081272084805654
centerY: 0.35643988018827555
width: 0.028857479387514724
height: 0.021822849807445442
Area: 0.0003457464368208867
CentroidX: 0.4205
CentroidY: 0.3674
