Location: 2025-04-18_221510-1.png_Otsu.png
Component: component_1745012558526_149.png
centerX: 0.8109540636042403
centerY: 0.26700898587933247
width: 0.028268551236749116
height: 0.02267864783910997
Area: 0.00020185342266292294
CentroidX: 0.8250
CentroidY: 0.2785
