Location: 2025-04-18_221510-1.png_Mean-Medain.png
Component: component_1745012558772_5.png
centerX: 0.16489988221436985
centerY: 0.0038510911424903724
width: 0.02767962308598351
height: 0.029097133076593923
Area: 0.0003669145860140022
CentroidX: 0.1761
CentroidY: 0.0176
