Location: 2025-04-18_221510-1.png_Otsu.png
Component: component_1745012558532_198.png
centerX: 0.7173144876325088
centerY: 0.30979888746255885
width: 0.02944640753828033
height: 0.019683354728284124
Area: 0.000223777577184364
CentroidX: 0.7288
CentroidY: 0.3198
