Location: 2025-04-18_221450-1.png_Otsu.png
Component: component_1745012812180_271.png
centerX: 0.0353356890459364
centerY: 0.4959349593495935
width: 0.02767962308598351
height: 0.02053915275994865
Area: 0.00032483028940387973
CentroidX: 0.0475
CentroidY: 0.5068
