Location: 2025-04-18_221535-1.png_Mean-Closing.png
Component: component_1745012558943_274.png
centerX: 0.08598351001177856
centerY: 0.5952075310226786
width: 0.03356890459363958
height: 0.02738553701326487
Area: 0.0004432711241748832
CentroidX: 0.1005
CentroidY: 0.6098
