Location: 2025-04-18_221450-1.png_Otsu.png
Component: component_1745012812192_330.png
centerX: 0.08892815076560659
centerY: 0.6225930680359435
width: 0.035924617196702
height: 0.02610183996576808
Area: 0.00039690279737091585
CentroidX: 0.1058
CentroidY: 0.6356
