Location: 2025-04-18_221535-1.png_Gaussian-Closing.png
Component: component_1745012558666_112.png
centerX: 0.7379269729093051
centerY: 0.2173727000427899
width: 0.028857479387514724
height: 0.029525032092426188
Area: 0.00040496685420638844
CentroidX: 0.7507
CentroidY: 0.2321
