Location: 2025-04-18_221450-1.png_Otsu.png
Component: component_1745012812106_67.png
centerX: 0.395170789163722
centerY: 0.11810012836970475
width: 0.03356890459363958
height: 0.021822849807445442
Area: 0.00035154247767138264
CentroidX: 0.4109
CentroidY: 0.1294
