Location: 2025-04-18_221535-1.png_Gaussian-Closing.png
Component: component_1745012558712_344.png
centerX: 0.9257950530035336
centerY: 0.7603765511339324
width: 0.03769140164899882
height: 0.02781343602909713
Area: 0.0005294557316039963
CentroidX: 0.9436
CentroidY: 0.7739
