Location: 2025-04-18_221535-1.png_Gaussian-Closing.png
Component: component_1745012558724_414.png
centerX: 0.035924617196702
centerY: 0.9255455712451861
width: 0.024734982332155476
height: 0.025673940949935817
Area: 0.0003606145416112893
CentroidX: 0.0461
CentroidY: 0.9385
