Location: 2025-04-18_221450-1.png_Gaussian-Median.png
Component: component_1745012811483_137.png
centerX: 0.13074204946996468
centerY: 0.2503209242618742
width: 0.03651354534746761
height: 0.024818142918271287
Area: 0.0003777506623866685
CentroidX: 0.1442
CentroidY: 0.2635
