Location: 2025-04-18_221450-1.png_Mean-Medain.png
Component: component_1745012811921_259.png
centerX: 0.2332155477031802
centerY: 0.5246041934103551
width: 0.037102473498233215
height: 0.02396234488660676
Area: 0.0003906027529682029
CentroidX: 0.2494
CentroidY: 0.5375
