Location: 2025-04-18_221450-1.png_Mean-Medain.png
Component: component_1745012811584_8.png
centerX: 0.809776207302709
centerY: 0.002995293110825845
width: 0.02944640753828033
height: 0.0235344458707745
Area: 0.0003958947902664818
CentroidX: 0.8242
CentroidY: 0.0149
