Location: 2025-04-18_221450-1.png_Otsu.png
Component: component_1745012812216_439.png
centerX: 0.7773851590106007
centerY: 0.8955926401369276
width: 0.0353356890459364
height: 0.026957637997432605
Area: 0.00037069461265563
CentroidX: 0.7930
CentroidY: 0.9096
