Location: 2025-04-18_221450-1.png_Gaussian-Closing.png
Component: component_1745012812351_349.png
centerX: 0.5005889281507656
centerY: 0.7295678219940094
width: 0.03651354534746761
height: 0.02995293110825845
Area: 0.000440751106413798
CentroidX: 0.5152
CentroidY: 0.7451
