Location: 2025-04-18_221450-1.png_Gaussian-Median.png
Component: component_1745012811467_58.png
centerX: 0.4575971731448763
centerY: 0.0800171159606333
width: 0.032391048292108364
height: 0.02267864783910997
Area: 0.0003696866055511959
CentroidX: 0.4722
CentroidY: 0.0921
