Location: 2025-04-18_221450-1.png_Otsu.png
Component: component_1745012812205_386.png
centerX: 0.8468786808009423
centerY: 0.7543859649122807
width: 0.03356890459363958
height: 0.02781343602909713
Area: 0.00038354670323716443
CentroidX: 0.8639
CentroidY: 0.7679
