Location: 2025-04-18_221450-1.png_Gaussian-Closing.png
Component: component_1745012812364_408.png
centerX: 0.1978798586572438
centerY: 0.8797603765511339
width: 0.03651354534746761
height: 0.028241335044929396
Area: 0.0004432711241748832
CentroidX: 0.2170
CentroidY: 0.8943
