Location: 2025-04-18_221450-1.png_Otsu.png
Component: component_1745012812203_376.png
centerX: 0.4464075382803298
centerY: 0.733846812152332
width: 0.03356890459363958
height: 0.025673940949935817
Area: 0.0003825386961327303
CentroidX: 0.4619
CentroidY: 0.7473
