Location: 2025-04-18_221450-1.png_Gaussian-Median.png
Component: component_1745012811472_84.png
centerX: 0.8710247349823321
centerY: 0.1305091998288404
width: 0.026501766784452298
height: 0.02267864783910997
Area: 0.00035204648122359966
CentroidX: 0.8839
CentroidY: 0.1413
