Location: 2025-04-18_221450-1.png_Gaussian-Median.png
Component: component_1745012811508_294.png
centerX: 0.8786808009422851
centerY: 0.5233204963628584
width: 0.032391048292108364
height: 0.029525032092426188
Area: 0.00044579114193596836
CentroidX: 0.8953
CentroidY: 0.5383
