Location: 2025-04-18_221510-1.png_Otsu.png
Component: component_1745012558569_484.png
centerX: 0.6342756183745583
centerY: 0.6016260162601627
width: 0.023557126030624265
height: 0.02267864783910997
Area: 0.00020412143864789958
CentroidX: 0.6440
CentroidY: 0.6136
