Location: 2025-04-18_221450-1.png_Otsu.png
Component: component_1745012812102_50.png
centerX: 0.3468786808009423
centerY: 0.08258451005562688
width: 0.032391048292108364
height: 0.02267864783910997
Area: 0.00036993860732730444
CentroidX: 0.3625
CentroidY: 0.0944
