Location: 2025-04-18_221535-1.png_Gaussian-Closing.png
Component: component_1745012558680_188.png
centerX: 0.751472320376914
centerY: 0.3898160034231921
width: 0.03180212014134275
height: 0.029097133076593923
Area: 0.0004573832236369602
CentroidX: 0.7679
CentroidY: 0.4052
