Location: 2025-04-18_221535-1.png_Gaussian-Closing.png
Component: component_1745012558675_156.png
centerX: 0.4416961130742049
centerY: 0.3123662815575524
width: 0.028857479387514724
height: 0.025673940949935817
Area: 0.0003797666765955366
CentroidX: 0.4572
CentroidY: 0.3258
