Location: 2025-04-18_221450-1.png_Otsu.png
Component: component_1745012812104_57.png
centerX: 0.12661955241460543
centerY: 0.08985879332477535
width: 0.028857479387514724
height: 0.02139495079161318
Area: 0.00036313455937237447
CentroidX: 0.1396
CentroidY: 0.1006
