Location: 2025-04-18_221535-1.png_Mean-Closing.png
Component: component_1745012558939_252.png
centerX: 0.24617196702002356
centerY: 0.5442875481386393
width: 0.030624263839811542
height: 0.026529738981600343
Area: 0.00044856316147316207
CentroidX: 0.2599
CentroidY: 0.5577
