Location: 2025-04-18_221510-1.png_Otsu.png
Component: component_1745012558523_129.png
centerX: 0.8109540636042403
centerY: 0.22978177150192555
width: 0.02767962308598351
height: 0.021822849807445442
Area: 0.0002489777547952158
CentroidX: 0.8225
CentroidY: 0.2404
