Location: 2025-04-18_221510-1.png_Mean-Medain.png
Component: component_1745012558791_94.png
centerX: 0.04652532391048292
centerY: 0.16131792896876337
width: 0.028857479387514724
height: 0.02139495079161318
Area: 0.0003265943018366393
CentroidX: 0.0593
CentroidY: 0.1729
