Location: 2025-04-18_221535-1.png_Mean-Closing.png
Component: component_1745012558907_101.png
centerX: 0.14664310954063603
centerY: 0.19383825417201542
width: 0.03356890459363958
height: 0.02396234488660676
Area: 0.00038909074231155183
CentroidX: 0.1610
CentroidY: 0.2065
