Location: 2025-04-18_221450-1.png_Gaussian-Closing.png
Component: component_1745012812317_194.png
centerX: 0.1354534746760895
centerY: 0.37312794180573383
width: 0.02944640753828033
height: 0.02396234488660676
Area: 0.00038909074231155183
CentroidX: 0.1493
CentroidY: 0.3856
