Location: 2025-04-18_221510-1.png_Otsu.png
Component: component_1745012558570_489.png
centerX: 0.5901060070671378
centerY: 0.6037655113393239
width: 0.024146054181389872
height: 0.022250748823277707
Area: 0.00018774132320084592
CentroidX: 0.6008
CentroidY: 0.6146
