Location: 2025-04-18_221510-1.png_Mean-Medain.png
Component: component_1745012558818_260.png
centerX: 0.6861012956419317
centerY: 0.49208386820710315
width: 0.026501766784452298
height: 0.024390243902439025
Area: 0.00027770595727158687
CentroidX: 0.6972
CentroidY: 0.5045
