Location: 2025-04-18_221535-1.png_Mean-Closing.png
Component: component_1745012558957_347.png
centerX: 0.5182567726737338
centerY: 0.7753530166880617
width: 0.032391048292108364
height: 0.02396234488660676
Area: 0.0003931227707292881
CentroidX: 0.5335
CentroidY: 0.7883
