Location: 2025-04-18_221535-1.png_Mean-Closing.png
Component: component_1745012558924_197.png
centerX: 0.1955241460541814
centerY: 0.40907145913564397
width: 0.03180212014134275
height: 0.02781343602909713
Area: 0.0004601552431741539
CentroidX: 0.2116
CentroidY: 0.4231
