Location: 2025-04-18_221535-1.png_Mean-Closing.png
Component: component_1745012558939_251.png
centerX: 0.2944640753828033
centerY: 0.5391527599486521
width: 0.030624263839811542
height: 0.029525032092426188
Area: 0.0004727553319795798
CentroidX: 0.3089
CentroidY: 0.5542
