Location: 2025-04-18_221510-1.png_Mean-Medain.png
Component: component_1745012558840_400.png
centerX: 0.5477031802120141
centerY: 0.7103123662815576
width: 0.02591283863368669
height: 0.019683354728284124
Area: 0.0002459537334819136
CentroidX: 0.5596
CentroidY: 0.7208
