Location: 2025-04-18_221450-1.png_Gaussian-Closing.png
Component: component_1745012812367_422.png
centerX: 0.3050647820965842
centerY: 0.9122807017543859
width: 0.03121319199057715
height: 0.02738553701326487
Area: 0.0004437751277271002
CentroidX: 0.3203
CentroidY: 0.9262
