Location: 2025-04-18_221535-1.png_Mean-Closing.png
Component: component_1745012558973_427.png
centerX: 0.10070671378091872
centerY: 0.9709028669234061
width: 0.03415783274440518
height: 0.024390243902439025
Area: 0.00044301912239877466
CentroidX: 0.1173
CentroidY: 0.9835
