Location: 2025-04-18_221510-1.png_Otsu.png
Component: component_1745012558554_370.png
centerX: 0.6018845700824499
centerY: 0.4937954642704322
width: 0.027090694935217905
height: 0.022250748823277707
Area: 0.0002182335381099766
CentroidX: 0.6130
CentroidY: 0.5055
