Location: 2025-04-18_221510-1.png_Mean-Medain.png
Component: component_1745012558860_510.png
centerX: 0.22555948174322732
centerY: 0.8960205391527599
width: 0.030035335689045935
height: 0.02267864783910997
Area: 0.00037296262864060665
CentroidX: 0.2393
CentroidY: 0.9079
