Location: 2025-04-18_221450-1.png_Gaussian-Median.png
Component: component_1745012811480_121.png
centerX: 0.8327444051825678
centerY: 0.21052631578947367
width: 0.030624263839811542
height: 0.022250748823277707
Area: 0.0003822866943566218
CentroidX: 0.8465
CentroidY: 0.2226
