Location: 2025-04-18_221450-1.png_Otsu.png
Component: component_1745012812197_353.png
centerX: 0.6201413427561837
centerY: 0.6773641420624733
width: 0.034746760895170786
height: 0.02866923406076166
Area: 0.000419330955444574
CentroidX: 0.6359
CentroidY: 0.6913
