Location: 2025-04-18_221535-1.png_Gaussian-Closing.png
Component: component_1745012558658_67.png
centerX: 0.3327444051825677
centerY: 0.09798887462558836
width: 0.04004711425206125
height: 0.02995293110825845
Area: 0.0005019875380081679
CentroidX: 0.3480
CentroidY: 0.1126
