Location: 2025-04-18_221450-1.png_Otsu.png
Component: component_1745012812093_12.png
centerX: 0.809776207302709
centerY: 0.0034231921266581087
width: 0.02944640753828033
height: 0.02267864783910997
Area: 0.00037296262864060665
CentroidX: 0.8244
CentroidY: 0.0149
