Location: 2025-04-18_221450-1.png_Gaussian-Closing.png
Component: component_1745012812348_338.png
centerX: 0.19140164899882214
centerY: 0.7038938810440736
width: 0.03356890459363958
height: 0.02781343602909713
Area: 0.0004394910975332554
CentroidX: 0.2070
CentroidY: 0.7178
