Location: 2025-04-18_221535-1.png_Gaussian-Closing.png
Component: component_1745012558695_239.png
centerX: 0.1431095406360424
centerY: 0.503209242618742
width: 0.028857479387514724
height: 0.025673940949935817
Area: 0.0004223549767578762
CentroidX: 0.1557
CentroidY: 0.5162
