Location: 2025-04-18_221450-1.png_Mean-Medain.png
Component: component_1745012811705_97.png
centerX: 0.07597173144876325
centerY: 0.17329910141206675
width: 0.0353356890459364
height: 0.021822849807445442
Area: 0.00037069461265563
CentroidX: 0.0902
CentroidY: 0.1843
