Location: 2025-04-18_221535-1.png_Gaussian-Closing.png
Component: component_1745012558666_113.png
centerX: 0.6872791519434629
centerY: 0.21908429610611896
width: 0.030035335689045935
height: 0.029525032092426188
Area: 0.00042311098208620173
CentroidX: 0.7006
CentroidY: 0.2339
