Location: 2025-04-18_221450-1.png_Gaussian-Median.png
Component: component_1745012811490_173.png
centerX: 0.3309776207302709
centerY: 0.323063756953359
width: 0.038869257950530034
height: 0.0235344458707745
Area: 0.0004039588471019544
CentroidX: 0.3497
CentroidY: 0.3358
