Location: 2025-04-18_221450-1.png_Mean-Medain.png
Component: component_1745012811588_26.png
centerX: 0.8733804475853946
centerY: 0.03893881044073599
width: 0.028857479387514724
height: 0.02053915275994865
Area: 0.00033062633025437565
CentroidX: 0.8873
CentroidY: 0.0504
