Location: 2025-04-18_221510-1.png_Otsu.png
Component: component_1745012558556_381.png
centerX: 0.044169611307420496
centerY: 0.5002139495079161
width: 0.03180212014134275
height: 0.021822849807445442
Area: 0.00023184163401983657
CentroidX: 0.0558
CentroidY: 0.5123
