Location: 2025-04-18_221535-1.png_Mean-Closing.png
Component: component_1745012558935_244.png
centerX: 0.7214369846878681
centerY: 0.5288831835686778
width: 0.032391048292108364
height: 0.02610183996576808
Area: 0.00046242325915913057
CentroidX: 0.7378
CentroidY: 0.5420
