Location: 2025-04-18_221450-1.png_Gaussian-Median.png
Component: component_1745012811490_176.png
centerX: 0.2314487632508834
centerY: 0.3281985451433462
width: 0.03769140164899882
height: 0.02396234488660676
Area: 0.00041630693413127176
CentroidX: 0.2486
CentroidY: 0.3404
