Location: 2025-04-18_221450-1.png_Gaussian-Closing.png
Component: component_1745012812324_233.png
centerX: 0.1413427561837456
centerY: 0.45614035087719296
width: 0.030624263839811542
height: 0.02267864783910997
Area: 0.000363386561148483
CentroidX: 0.1559
CentroidY: 0.4679
