Location: 2025-04-18_221510-1.png_Mean-Medain.png
Component: component_1745012558849_442.png
centerX: 0.6113074204946997
centerY: 0.7783483097988875
width: 0.037102473498233215
height: 0.02011125374411639
Area: 0.0002462057352580221
CentroidX: 0.6248
CentroidY: 0.7886
