Location: 2025-04-18_221535-1.png_Mean-Closing.png
Component: component_1745012558948_311.png
centerX: 0.5630153121319199
centerY: 0.6820710312366282
width: 0.03415783274440518
height: 0.02396234488660676
Area: 0.00045965123962193687
CentroidX: 0.5795
CentroidY: 0.6941
