Location: 2025-04-18_221450-1.png_Otsu.png
Component: component_1745012812136_134.png
centerX: 0.6707891637220259
centerY: 0.2593068035943517
width: 0.032391048292108364
height: 0.023106546854942234
Area: 0.00036464657002902555
CentroidX: 0.6862
CentroidY: 0.2708
