Location: 2025-04-18_221510-1.png_Mean-Medain.png
Component: component_1745012558815_239.png
centerX: 0.5424028268551236
centerY: 0.45742404792468977
width: 0.030624263839811542
height: 0.0235344458707745
Area: 0.0002953460815991831
CentroidX: 0.5547
CentroidY: 0.4691
