Location: 2025-04-18_221535-1.png_Mean-Closing.png
Component: component_1745012558906_98.png
centerX: 0.30742049469964666
centerY: 0.1857081728712024
width: 0.03356890459363958
height: 0.02866923406076166
Area: 0.0004238669874145273
CentroidX: 0.3228
CentroidY: 0.2008
