Location: 2025-04-18_221450-1.png_Gaussian-Median.png
Component: component_1745012811476_107.png
centerX: 0.5918727915194346
centerY: 0.1891313649978605
width: 0.030035335689045935
height: 0.021822849807445442
Area: 0.00036439456825291703
CentroidX: 0.6062
CentroidY: 0.1995
