Location: 2025-04-18_221535-1.png_Mean-Closing.png
Component: component_1745012558921_184.png
centerX: 0.751472320376914
centerY: 0.3898160034231921
width: 0.03180212014134275
height: 0.029097133076593923
Area: 0.00045839123074139425
CentroidX: 0.7679
CentroidY: 0.4052
