Location: 2025-04-18_221450-1.png_Mean-Medain.png
Component: component_1745012811590_35.png
centerX: 0.3574793875147232
centerY: 0.04920838682071031
width: 0.02944640753828033
height: 0.024818142918271287
Area: 0.00038657072455046664
CentroidX: 0.3697
CentroidY: 0.0624
