Location: 2025-04-18_221450-1.png_Otsu.png
Component: component_1745012812107_72.png
centerX: 0.18197879858657243
centerY: 0.12879760376551133
width: 0.03297997644287397
height: 0.022250748823277707
Area: 0.0003717026197600641
CentroidX: 0.1956
CentroidY: 0.1405
