Location: 2025-04-18_221510-1.png_Mean-Medain.png
Component: component_1745012558800_146.png
centerX: 0.3421672555948174
centerY: 0.27471116816431324
width: 0.030035335689045935
height: 0.019683354728284124
Area: 0.00027493393773439317
CentroidX: 0.3542
CentroidY: 0.2854
