Location: 2025-04-18_221510-1.png_Mean-Medain.png
Component: component_1745012558815_236.png
centerX: 0.7779740871613663
centerY: 0.45314505776636715
width: 0.027090694935217905
height: 0.0235344458707745
Area: 0.00028753402653981905
CentroidX: 0.7900
CentroidY: 0.4645
