Location: 2025-04-18_221450-1.png_Gaussian-Median.png
Component: component_1745012811479_114.png
centerX: 0.9199057714958775
centerY: 0.20453572956782198
width: 0.028857479387514724
height: 0.024390243902439025
Area: 0.0003832947014610559
CentroidX: 0.9331
CentroidY: 0.2170
