Location: 2025-04-18_221450-1.png_Gaussian-Closing.png
Component: component_1745012812327_250.png
centerX: 0.7809187279151943
centerY: 0.48737697903294824
width: 0.03415783274440518
height: 0.025246041934103552
Area: 0.0004117709021613184
CentroidX: 0.7977
CentroidY: 0.5009
