Location: 2025-04-18_221535-1.png_Gaussian-Closing.png
Component: component_1745012558717_372.png
centerX: 0.3916372202591284
centerY: 0.8211382113821138
width: 0.03121319199057715
height: 0.02610183996576808
Area: 0.0004447831348315343
CentroidX: 0.4070
CentroidY: 0.8343
