Location: 2025-04-18_221450-1.png_Gaussian-Median.png
Component: component_1745012811507_288.png
centerX: 0.450530035335689
centerY: 0.5117672229353872
width: 0.0353356890459364
height: 0.02267864783910997
Area: 0.00041328291281796955
CentroidX: 0.4676
CentroidY: 0.5231
