Location: 2025-04-18_221510-1.png_Mean-Medain.png
Component: component_1745012558855_477.png
centerX: 0.8998822143698468
centerY: 0.8356867779204108
width: 0.03180212014134275
height: 0.0235344458707745
Area: 0.0003593545327307467
CentroidX: 0.9143
CentroidY: 0.8479
