Location: 2025-04-18_221510-1.png_Otsu.png
Component: component_1745012558573_550.png
centerX: 0.8221436984687868
centerY: 0.6341463414634146
width: 0.0176678445229682
height: 0.017543859649122806
Area: 0.00010130471399562424
CentroidX: 0.8303
CentroidY: 0.6415
