Location: 2025-04-18_221535-1.png_Gaussian-Closing.png
Component: component_1745012558715_358.png
centerX: 0.17491166077738515
centerY: 0.7813436029097133
width: 0.037102473498233215
height: 0.024390243902439025
Area: 0.0004488151632492706
CentroidX: 0.1950
CentroidY: 0.7945
