Location: 2025-04-18_221450-1.png_Mean-Medain.png
Component: component_1745012811607_92.png
centerX: 0.23557126030624265
centerY: 0.1647411210954215
width: 0.03415783274440518
height: 0.023106546854942234
Area: 0.0003802706801477537
CentroidX: 0.2488
CentroidY: 0.1764
