Location: 2025-04-18_221450-1.png_Otsu.png
Component: component_1745012812102_51.png
centerX: 0.40223792697290933
centerY: 0.0821566110397946
width: 0.030624263839811542
height: 0.02139495079161318
Area: 0.0003374303782093056
CentroidX: 0.4156
CentroidY: 0.0940
