Location: 2025-04-18_221510-1.png_Mean-Medain.png
Component: component_1745012558863_529.png
centerX: 0.22555948174322732
centerY: 0.9336756525459992
width: 0.03121319199057715
height: 0.0235344458707745
Area: 0.000419330955444574
CentroidX: 0.2392
CentroidY: 0.9451
