Location: 2025-04-18_221450-1.png_Otsu.png
Component: component_1745012812102_52.png
centerX: 0.29328621908127206
centerY: 0.08386820710312366
width: 0.032391048292108364
height: 0.023106546854942234
Area: 0.0003475104492536463
CentroidX: 0.3084
CentroidY: 0.0958
