Location: 2025-04-18_221510-1.png_Otsu.png
Component: component_1745012558613_1075.png
centerX: 0.22555948174322732
centerY: 0.8964484381685922
width: 0.030035335689045935
height: 0.022250748823277707
Area: 0.0003475104492536463
CentroidX: 0.2393
CentroidY: 0.9079
