Location: 2025-04-18_221510-1.png_Mean-Medain.png
Component: component_1745012558802_159.png
centerX: 0.44817432273262664
centerY: 0.30594779632006847
width: 0.038869257950530034
height: 0.02053915275994865
Area: 0.0002840060016742998
CentroidX: 0.4624
CentroidY: 0.3179
