Location: 2025-04-18_221510-1.png_Otsu.png
Component: component_1745012558573_549.png
centerX: 0.7797408716136631
centerY: 0.6337184424475824
width: 0.020023557126030624
height: 0.01198117244330338
Area: 6.652846889264876e-05
CentroidX: 0.7915
CentroidY: 0.6377
