Location: 2025-04-18_221450-1.png_Gaussian-Closing.png
Component: component_1745012812339_295.png
centerX: 0.5247349823321554
centerY: 0.590928540864356
width: 0.032391048292108364
height: 0.02866923406076166
Area: 0.00044528713838375134
CentroidX: 0.5404
CentroidY: 0.6058
