Location: 2025-04-18_221510-1.png_Otsu.png
Component: component_1745012558621_1119.png
centerX: 0.7161366313309776
centerY: 0.9704749679075738
width: 0.04299175500588928
height: 0.006418485237483954
Area: 0.00016808518466438152
CentroidX: 0.7368
CentroidY: 0.9735
