Location: 2025-04-18_221450-1.png_Mean-Medain.png
Component: component_1745012811585_10.png
centerX: 0.3080094228504123
centerY: 0.0038510911424903724
width: 0.03769140164899882
height: 0.025673940949935817
Area: 0.0005105555983958575
CentroidX: 0.3220
CentroidY: 0.0170
