Location: 2025-04-18_221450-1.png_Otsu.png
Component: component_1745012812175_253.png
centerX: 0.5636042402826855
centerY: 0.4621309370988447
width: 0.04240282685512368
height: 0.020967051775780916
Area: 0.00036767059134232776
CentroidX: 0.5794
CentroidY: 0.4727
