Location: easy16_Gaussian-Median.png
Component: component_1744297381760_397.png
centerX: 0.4774193548387097
centerY: 0.26915708812260536
width: 0.016129032258064516
height: 0.014367816091954023
Area: 0.0001135520949202818
CentroidX: 0.4842
CentroidY: 0.2760
