Location: 2025-04-18_221535-1.png_Mean-Closing.png
Component: component_1745012558907_102.png
centerX: 0.09540636042402827
centerY: 0.19469405220367994
width: 0.02944640753828033
height: 0.026529738981600343
Area: 0.0003931227707292881
CentroidX: 0.1085
CentroidY: 0.2083
