Location: 2025-04-18_221510-1.png_Otsu.png
Component: component_1745012558525_143.png
centerX: 0.34275618374558303
centerY: 0.23876765083440307
width: 0.02944640753828033
height: 0.020967051775780916
Area: 0.0002572938134067969
CentroidX: 0.3543
CentroidY: 0.2495
