Location: 2025-04-18_221510-1.png_Otsu.png
Component: component_1745012558572_499.png
centerX: 0.3651354534746761
centerY: 0.6050492083868207
width: 0.03415783274440518
height: 0.020967051775780916
Area: 0.00019958540667794626
CentroidX: 0.3788
CentroidY: 0.6160
