Location: 2025-04-18_221535-1.png_Mean-Closing.png
Component: component_1745012558968_405.png
centerX: 0.2661955241460542
centerY: 0.920410783055199
width: 0.034746760895170786
height: 0.02781343602909713
Area: 0.0004924114705160442
CentroidX: 0.2833
CentroidY: 0.9348
