Location: 2025-04-18_221450-1.png_Gaussian-Closing.png
Component: component_1745012812360_388.png
centerX: 0.36336866902237924
centerY: 0.8361146769362431
width: 0.035924617196702
height: 0.02738553701326487
Area: 0.00042159897142955065
CentroidX: 0.3823
CentroidY: 0.8498
