Location: 2025-04-18_221510-1.png_Otsu.png
Component: component_1745012558612_1073.png
centerX: 0.3839811542991755
centerY: 0.889602053915276
width: 0.03415783274440518
height: 0.02396234488660676
Area: 0.00036464657002902555
CentroidX: 0.3993
CentroidY: 0.9019
