Location: 2025-04-18_221510-1.png_Otsu.png
Component: component_1745012558530_186.png
centerX: 0.5
centerY: 0.30509199828840394
width: 0.035924617196702
height: 0.022250748823277707
Area: 0.0002477177459146732
CentroidX: 0.5137
CentroidY: 0.3168
