Location: 2025-04-18_221510-1.png_Otsu.png
Component: component_1745012558604_1023.png
centerX: 0.5070671378091873
centerY: 0.8104407359863073
width: 0.034746760895170786
height: 0.020967051775780916
Area: 0.0003233182787472286
CentroidX: 0.5216
CentroidY: 0.8213
