Location: 2025-04-18_221510-1.png_Otsu.png
Component: component_1745012558515_85.png
centerX: 0.048292108362779744
centerY: 0.12323491655969192
width: 0.02767962308598351
height: 0.02396234488660676
Area: 0.00029862210468859385
CentroidX: 0.0591
CentroidY: 0.1354
