Location: 2025-04-18_221510-1.png_Mean-Medain.png
Component: component_1745012558831_341.png
centerX: 0.03769140164899882
centerY: 0.6059050064184852
width: 0.03297997644287397
height: 0.019255455712451863
Area: 0.0002920700585097724
CentroidX: 0.0510
CentroidY: 0.6169
