Location: 2025-04-18_221450-1.png_Gaussian-Median.png
Component: component_1745012811495_200.png
centerX: 0.7285041224970553
centerY: 0.36970474967907574
width: 0.03180212014134275
height: 0.025246041934103552
Area: 0.000405722859534714
CentroidX: 0.7417
CentroidY: 0.3821
