Location: 2025-04-18_221450-1.png_Gaussian-Closing.png
Component: component_1745012812334_270.png
centerX: 0.08539458186101295
centerY: 0.5323063756953359
width: 0.03356890459363958
height: 0.023106546854942234
Area: 0.00038682272632657516
CentroidX: 0.1002
CentroidY: 0.5442
