Location: 2025-04-18_221450-1.png_Gaussian-Closing.png
Component: component_1745012812343_322.png
centerX: 0.1967020023557126
centerY: 0.6628155755241762
width: 0.04299175500588928
height: 0.025246041934103552
Area: 0.00045839123074139425
CentroidX: 0.2158
CentroidY: 0.6771
