Location: 2025-04-18_221535-1.png_Gaussian-Closing.png
Component: component_1745012558724_410.png
centerX: 0.6666666666666666
centerY: 0.9191270860077022
width: 0.03297997644287397
height: 0.026957637997432605
Area: 0.00045259518989089833
CentroidX: 0.6837
CentroidY: 0.9333
