Location: 2025-04-18_221450-1.png_Gaussian-Closing.png
Component: component_1745012812288_82.png
centerX: 0.7579505300353356
centerY: 0.13906718014548566
width: 0.03180212014134275
height: 0.02267864783910997
Area: 0.00036842659667065336
CentroidX: 0.7735
CentroidY: 0.1512
