Location: 2025-04-18_221535-1.png_Gaussian-Closing.png
Component: component_1745012558665_107.png
centerX: 0.038869257950530034
centerY: 0.19554985023534446
width: 0.03180212014134275
height: 0.025673940949935817
Area: 0.0003669145860140022
CentroidX: 0.0518
CentroidY: 0.2096
