Location: 2025-04-18_221450-1.png_Gaussian-Closing.png
Component: component_1745012812356_372.png
centerX: 0.2420494699646643
centerY: 0.7907573812580231
width: 0.037102473498233215
height: 0.028241335044929396
Area: 0.00045587121298030906
CentroidX: 0.2594
CentroidY: 0.8049
