Location: 2025-04-18_221450-1.png_Otsu.png
Component: component_1745012812181_272.png
centerX: 0.6171967020023557
centerY: 0.49893025246041933
width: 0.035924617196702
height: 0.02267864783910997
Area: 0.0003422184119553675
CentroidX: 0.6320
CentroidY: 0.5112
