Location: 2025-04-18_221510-1.png_Mean-Medain.png
Component: component_1745012558789_76.png
centerX: 0.9540636042402827
centerY: 0.1399229781771502
width: 0.025323910482921083
height: 0.021822849807445442
Area: 0.0003092061792851516
CentroidX: 0.9654
CentroidY: 0.1510
