Location: 2025-04-18_221510-1.png_Otsu.png
Component: component_1745012558526_148.png
centerX: 0.8610129564193169
centerY: 0.26486949080017114
width: 0.026501766784452298
height: 0.02267864783910997
Area: 0.00020538144752844218
CentroidX: 0.8717
CentroidY: 0.2760
