Location: 2025-04-18_221510-1.png_Otsu.png
Component: component_1745012558521_120.png
centerX: 0.24440518256772673
centerY: 0.20154043645699615
width: 0.030624263839811542
height: 0.023106546854942234
Area: 0.0002852660105548424
CentroidX: 0.2564
CentroidY: 0.2133
