Location: 2025-04-18_221450-1.png_Otsu.png
Component: component_1745012812210_412.png
centerX: 0.30683156654888105
centerY: 0.8348309798887462
width: 0.032391048292108364
height: 0.028241335044929396
Area: 0.00038858673875933475
CentroidX: 0.3219
CentroidY: 0.8499
