Location: 2025-04-18_221450-1.png_Mean-Medain.png
Component: component_1745012811589_32.png
centerX: 0.4034157832744405
centerY: 0.04664099272571673
width: 0.032391048292108364
height: 0.02396234488660676
Area: 0.00039413077783372215
CentroidX: 0.4180
CentroidY: 0.0592
