Location: 2025-04-18_221450-1.png_Otsu.png
Component: component_1745012812105_63.png
centerX: 0.5771495877502945
centerY: 0.1069747539580659
width: 0.03180212014134275
height: 0.025246041934103552
Area: 0.00035910253095463814
CentroidX: 0.5902
CentroidY: 0.1195
