Location: 2025-04-18_221450-1.png_Mean-Medain.png
Component: component_1745012812035_477.png
centerX: 0.3133097762073027
centerY: 0.9507916131792897
width: 0.03297997644287397
height: 0.026957637997432605
Area: 0.00045284719166700685
CentroidX: 0.3283
CentroidY: 0.9651
