Location: 2025-04-18_221450-1.png_Mean-Medain.png
Component: component_1745012811921_258.png
centerX: 0.8786808009422851
centerY: 0.5233204963628584
width: 0.032391048292108364
height: 0.029525032092426188
Area: 0.00045259518989089833
CentroidX: 0.8954
CentroidY: 0.5384
