Location: 2025-04-18_221510-1.png_Mean-Medain.png
Component: component_1745012558781_56.png
centerX: 0.10424028268551237
centerY: 0.0834403080872914
width: 0.028857479387514724
height: 0.02610183996576808
Area: 0.0003495264634625145
CentroidX: 0.1185
CentroidY: 0.0965
