Location: 2025-04-18_221510-1.png_Mean-Medain.png
Component: component_1745012558855_476.png
centerX: 0.9528857479387515
centerY: 0.8309798887462558
width: 0.03180212014134275
height: 0.026529738981600343
Area: 0.00042865502116058913
CentroidX: 0.9673
CentroidY: 0.8449
