Location: 2025-04-18_221450-1.png_Mean-Medain.png
Component: component_1745012811843_151.png
centerX: 0.22909305064782096
centerY: 0.290543431750107
width: 0.03415783274440518
height: 0.02610183996576808
Area: 0.0003850587138938155
CentroidX: 0.2438
CentroidY: 0.3038
