Location: 2025-04-18_221450-1.png_Gaussian-Closing.png
Component: component_1745012812322_223.png
centerX: 0.9316843345111896
centerY: 0.4411638853230638
width: 0.0353356890459364
height: 0.02139495079161318
Area: 0.00037573464817780035
CentroidX: 0.9457
CentroidY: 0.4525
