Location: 2025-04-18_221510-1.png_Otsu.png
Component: component_1745012558610_1060.png
centerX: 0.17785630153121318
centerY: 0.8626444159178434
width: 0.03297997644287397
height: 0.02139495079161318
Area: 0.00035481850076079336
CentroidX: 0.1928
CentroidY: 0.8743
