Location: 2025-04-18_221535-1.png_Mean-Closing.png
Component: component_1745012558964_382.png
centerX: 0.5541813898704359
centerY: 0.8635002139495079
width: 0.030035335689045935
height: 0.02738553701326487
Area: 0.0004503271739059217
CentroidX: 0.5690
CentroidY: 0.8767
