Location: 2025-04-18_221510-1.png_Otsu.png
Component: component_1745012558524_135.png
centerX: 0.5530035335689046
centerY: 0.2374839537869063
width: 0.027090694935217905
height: 0.020967051775780916
Area: 0.0002434337157208284
CentroidX: 0.5650
CentroidY: 0.2488
