Location: 2025-04-18_221535-1.png_Mean-Closing.png
Component: component_1745012558959_354.png
centerX: 0.12779740871613662
centerY: 0.7826272999572101
width: 0.03297997644287397
height: 0.025246041934103552
Area: 0.0004362150744438447
CentroidX: 0.1448
CentroidY: 0.7962
