Location: 2025-04-18_221450-1.png_Mean-Medain.png
Component: component_1745012811604_83.png
centerX: 0.7049469964664311
centerY: 0.14163457424047926
width: 0.030624263839811542
height: 0.024390243902439025
Area: 0.0003792626730433196
CentroidX: 0.7199
CentroidY: 0.1541
