Location: 2025-04-18_221450-1.png_Gaussian-Closing.png
Component: component_1745012812362_398.png
centerX: 0.7408716136631331
centerY: 0.8553701326486949
width: 0.04181389870435807
height: 0.030380830124090714
Area: 0.0004891354474266334
CentroidX: 0.7617
CentroidY: 0.8715
