Location: 2025-04-18_221535-1.png_Gaussian-Closing.png
Component: component_1745012558703_285.png
centerX: 0.8881036513545347
centerY: 0.6140350877192983
width: 0.03828032979976443
height: 0.030380830124090714
Area: 0.0005281957227234537
CentroidX: 0.9079
CentroidY: 0.6292
