Location: 2025-04-18_221450-1.png_Gaussian-Closing.png
Component: component_1745012812276_72.png
centerX: 0.2879858657243816
centerY: 0.12195121951219512
width: 0.03356890459363958
height: 0.02396234488660676
Area: 0.00039211476362485404
CentroidX: 0.3028
CentroidY: 0.1340
