Location: 2025-04-18_221535-1.png_Mean-Closing.png
Component: component_1745012558897_53.png
centerX: 0.6760895170789164
centerY: 0.08600770218228498
width: 0.03180212014134275
height: 0.02738553701326487
Area: 0.0004009348257886522
CentroidX: 0.6927
CentroidY: 0.1009
