Location: 2025-04-18_221450-1.png_Gaussian-Median.png
Component: component_1745012811458_25.png
centerX: 0.7838633686690224
centerY: 0.036799315361574665
width: 0.030035335689045935
height: 0.0235344458707745
Area: 0.0003696866055511959
CentroidX: 0.7995
CentroidY: 0.0487
