Location: 2025-04-18_221510-1.png_Otsu.png
Component: component_1745012558614_1082.png
centerX: 0.8621908127208481
centerY: 0.9109970047068892
width: 0.03297997644287397
height: 0.024818142918271287
Area: 0.00038379870501327294
CentroidX: 0.8784
CentroidY: 0.9237
