Location: 2025-04-18_221510-1.png_Otsu.png
Component: component_1745012558528_161.png
centerX: 0.34275618374558303
centerY: 0.27471116816431324
width: 0.028857479387514724
height: 0.019683354728284124
Area: 0.0002167215274533255
CentroidX: 0.3540
CentroidY: 0.2854
