Location: 2025-04-18_221450-1.png_Mean-Medain.png
Component: component_1745012811917_248.png
centerX: 0.034746760895170786
centerY: 0.4959349593495935
width: 0.028268551236749116
height: 0.020967051775780916
Area: 0.00036993860732730444
CentroidX: 0.0475
CentroidY: 0.5068
