Location: 2025-04-18_221450-1.png_Otsu.png
Component: component_1745012812196_348.png
centerX: 0.14016489988221437
centerY: 0.6640992725716731
width: 0.03828032979976443
height: 0.026957637997432605
Area: 0.0003961467920425903
CentroidX: 0.1564
CentroidY: 0.6791
