Location: 2025-04-18_221510-1.png_Mean-Medain.png
Component: component_1745012558864_536.png
centerX: 0.8274440518256773
centerY: 0.9507916131792897
width: 0.039458186101295645
height: 0.025673940949935817
Area: 0.0004488151632492706
CentroidX: 0.8436
CentroidY: 0.9647
