Location: 2025-04-18_221510-1.png_Otsu.png
Component: component_1745012558542_261.png
centerX: 0.4134275618374558
centerY: 0.38125802310654683
width: 0.03121319199057715
height: 0.022250748823277707
Area: 0.0001736292237387689
CentroidX: 0.4248
CentroidY: 0.3925
