Location: 2025-04-18_221510-1.png_Otsu.png
Component: component_1745012558598_890.png
centerX: 0.9040047114252061
centerY: 0.7689345314505777
width: 0.024734982332155476
height: 0.02139495079161318
Area: 0.00014767304079959156
CentroidX: 0.9139
CentroidY: 0.7787
