Location: 2025-04-18_221535-1.png_Gaussian-Closing.png
Component: component_1745012558704_290.png
centerX: 0.6425206124852768
centerY: 0.6277278562259306
width: 0.034746760895170786
height: 0.026957637997432605
Area: 0.0005183676534552215
CentroidX: 0.6596
CentroidY: 0.6416
