Location: 2025-04-18_221510-1.png_Otsu.png
Component: component_1745012558614_1080.png
centerX: 0.9540636042402827
centerY: 0.9054343175010697
width: 0.0353356890459364
height: 0.026957637997432605
Area: 0.0004029508399975203
CentroidX: 0.9685
CentroidY: 0.9196
