Location: 2025-04-18_221450-1.png_Gaussian-Median.png
Component: component_1745012811481_124.png
centerX: 0.6719670200235571
centerY: 0.2186563970902867
width: 0.0353356890459364
height: 0.024390243902439025
Area: 0.0003807746836999707
CentroidX: 0.6875
CentroidY: 0.2319
