Location: 2025-04-18_221450-1.png_Mean-Medain.png
Component: component_1745012811953_346.png
centerX: 0.5683156654888104
centerY: 0.6812152332049636
width: 0.034746760895170786
height: 0.02866923406076166
Area: 0.000433947058458868
CentroidX: 0.5831
CentroidY: 0.6956
