Location: 2025-04-18_221450-1.png_Gaussian-Median.png
Component: component_1745012811557_504.png
centerX: 0.7862190812720848
centerY: 0.9353872486093282
width: 0.035924617196702
height: 0.02738553701326487
Area: 0.00048485141723278864
CentroidX: 0.8036
CentroidY: 0.9499
