Location: 2025-04-18_221535-1.png_Mean-Closing.png
Component: component_1745012558893_31.png
centerX: 0.699057714958775
centerY: 0.013692768506632435
width: 0.032391048292108364
height: 0.025673940949935817
Area: 0.00041025889150466733
CentroidX: 0.7140
CentroidY: 0.0279
