Location: 2025-04-18_221535-1.png_Gaussian-Closing.png
Component: component_1745012558715_359.png
centerX: 0.23380447585394581
centerY: 0.7813436029097133
width: 0.03356890459363958
height: 0.024818142918271287
Area: 0.00044251511884655764
CentroidX: 0.2507
CentroidY: 0.7943
