Location: 2025-04-18_221535-1.png_Gaussian-Closing.png
Component: component_1745012558658_70.png
centerX: 0.04004711425206125
centerY: 0.09970047068891741
width: 0.03769140164899882
height: 0.026957637997432605
Area: 0.0004367190779960617
CentroidX: 0.0587
CentroidY: 0.1133
