Location: 2025-04-18_221450-1.png_Gaussian-Closing.png
Component: component_1745012812276_74.png
centerX: 0.928150765606596
centerY: 0.12708600770218229
width: 0.028268551236749116
height: 0.023106546854942234
Area: 0.0003689306002228704
CentroidX: 0.9415
CentroidY: 0.1390
