Location: 2025-04-18_221510-1.png_Otsu.png
Component: component_1745012558597_818.png
centerX: 0.3998822143698469
centerY: 0.7539580658964484
width: 0.03180212014134275
height: 0.011125374411638854
Area: 6.804047954929987e-05
CentroidX: 0.4123
CentroidY: 0.7612
