Location: 2025-04-18_221450-1.png_Mean-Medain.png
Component: component_1745012811958_370.png
centerX: 0.6713780918727915
centerY: 0.7222935387248609
width: 0.03415783274440518
height: 0.029525032092426188
Area: 0.0004362150744438447
CentroidX: 0.6868
CentroidY: 0.7373
