Location: 2025-04-18_221450-1.png_Mean-Medain.png
Component: component_1745012812019_449.png
centerX: 0.6142520612485277
centerY: 0.8998716302952503
width: 0.0353356890459364
height: 0.02866923406076166
Area: 0.00045007517212981315
CentroidX: 0.6316
CentroidY: 0.9150
