Location: 2025-04-18_221510-1.png_Otsu.png
Component: component_1745012558606_1030.png
centerX: 0.17432273262661954
centerY: 0.8189987163029525
width: 0.0353356890459364
height: 0.02139495079161318
Area: 0.0002421737068402858
CentroidX: 0.1865
CentroidY: 0.8298
