Location: 2025-04-18_221510-1.png_Mean-Medain.png
Component: component_1745012558799_138.png
centerX: 0.6978798586572438
centerY: 0.26957637997432604
width: 0.030035335689045935
height: 0.023106546854942234
Area: 0.00030719016507628347
CentroidX: 0.7112
CentroidY: 0.2816
