Location: 2025-04-18_221535-1.png_Mean-Closing.png
Component: component_1745012558939_253.png
centerX: 0.19199057714958775
centerY: 0.5459991442019684
width: 0.030624263839811542
height: 0.02738553701326487
Area: 0.00043268704957832545
CentroidX: 0.2068
CentroidY: 0.5602
