Location: 2025-04-18_221450-1.png_Gaussian-Closing.png
Component: component_1745012812333_263.png
centerX: 0.28857479387514723
centerY: 0.5220367993153616
width: 0.03651354534746761
height: 0.022250748823277707
Area: 0.0003956427884903733
CentroidX: 0.3056
CentroidY: 0.5338
