Location: 2025-04-18_221450-1.png_Gaussian-Closing.png
Component: component_1745012812309_169.png
centerX: 0.8321554770318021
centerY: 0.32691484809584936
width: 0.02767962308598351
height: 0.021822849807445442
Area: 0.00039261876717707107
CentroidX: 0.8438
CentroidY: 0.3382
