Location: 2025-04-18_221510-1.png_Mean-Medain.png
Component: component_1745012558773_9.png
centerX: 0.31625441696113077
centerY: 0.005562687205819427
width: 0.030624263839811542
height: 0.02781343602909713
Area: 0.00047199932665125424
CentroidX: 0.3317
CentroidY: 0.0198
