Location: 2025-04-18_221450-1.png_Mean-Medain.png
Component: component_1745012811927_266.png
centerX: 0.6731448763250883
centerY: 0.5344458707744972
width: 0.03828032979976443
height: 0.02738553701326487
Area: 0.00046217125738302206
CentroidX: 0.6915
CentroidY: 0.5495
