Location: 2025-04-18_221510-1.png_Mean-Medain.png
Component: component_1745012558774_13.png
centerX: 0.7532391048292109
centerY: 0.007274283269148481
width: 0.030035335689045935
height: 0.02738553701326487
Area: 0.0004170629394595973
CentroidX: 0.7678
CentroidY: 0.0214
