Location: 2025-04-18_221450-1.png_Mean-Medain.png
Component: component_1745012811596_51.png
centerX: 0.4575971731448763
centerY: 0.0800171159606333
width: 0.032391048292108364
height: 0.02267864783910997
Area: 0.0003719546215361726
CentroidX: 0.4722
CentroidY: 0.0921
