Location: 2025-04-18_221450-1.png_Gaussian-Median.png
Component: component_1745012811556_500.png
centerX: 0.028857479387514724
centerY: 0.9238339751818571
width: 0.037102473498233215
height: 0.026957637997432605
Area: 0.00047199932665125424
CentroidX: 0.0467
CentroidY: 0.9394
