Location: 2025-04-18_221510-1.png_Mean-Medain.png
Component: component_1745012558805_178.png
centerX: 0.2850412249705536
centerY: 0.34403080872913994
width: 0.030624263839811542
height: 0.020967051775780916
Area: 0.0002840060016742998
CentroidX: 0.2987
CentroidY: 0.3547
