Location: 2025-04-18_221450-1.png_Otsu.png
Component: component_1745012812199_363.png
centerX: 0.9098939929328622
centerY: 0.7047496790757382
width: 0.03180212014134275
height: 0.030380830124090714
Area: 0.00038430270856548997
CentroidX: 0.9256
CentroidY: 0.7204
