Location: 2025-04-18_221510-1.png_Otsu.png
Component: component_1745012558608_1050.png
centerX: 0.5459363957597173
centerY: 0.8493795464270432
width: 0.03415783274440518
height: 0.02267864783910997
Area: 0.00036212655226794036
CentroidX: 0.5615
CentroidY: 0.8612
