Location: 2025-04-18_221510-1.png_Mean-Medain.png
Component: component_1745012558839_396.png
centerX: 0.4652532391048292
centerY: 0.709456568249893
width: 0.02944640753828033
height: 0.021822849807445442
Area: 0.0002963540887036172
CentroidX: 0.4795
CentroidY: 0.7212
