Location: 2025-04-18_221450-1.png_Gaussian-Closing.png
Component: component_1745012812323_227.png
centerX: 0.8345111896348646
centerY: 0.4441591784338896
width: 0.03828032979976443
height: 0.023106546854942234
Area: 0.0004064788648630396
CentroidX: 0.8494
CentroidY: 0.4563
