Location: 2025-04-18_221450-1.png_Gaussian-Closing.png
Component: component_1745012812340_302.png
centerX: 0.2414605418138987
centerY: 0.6101839965768079
width: 0.03828032979976443
height: 0.029097133076593923
Area: 0.0004944274847249123
CentroidX: 0.2578
CentroidY: 0.6257
