Location: 2025-04-18_221450-1.png_Gaussian-Median.png
Component: component_1745012811460_33.png
centerX: 0.6219081272084805
centerY: 0.045785194694052206
width: 0.032391048292108364
height: 0.021822849807445442
Area: 0.00036716658779011073
CentroidX: 0.6345
CentroidY: 0.0575
