Location: 2025-04-18_221450-1.png_Mean-Medain.png
Component: component_1745012812020_456.png
centerX: 0.35217903415783275
centerY: 0.9101412066752247
width: 0.04122497055359246
height: 0.028241335044929396
Area: 0.00045662721830863466
CentroidX: 0.3720
CentroidY: 0.9248
