Location: 2025-04-18_221450-1.png_Gaussian-Median.png
Component: component_1745012811504_257.png
centerX: 0.3934040047114252
centerY: 0.47454000855798034
width: 0.037102473498233215
height: 0.02267864783910997
Area: 0.00037850666771499405
CentroidX: 0.4086
CentroidY: 0.4857
