Location: 2025-04-18_221510-1.png_Mean-Medain.png
Component: component_1745012558835_373.png
centerX: 0.5983510011778563
centerY: 0.6713735558408216
width: 0.03180212014134275
height: 0.020967051775780916
Area: 0.00027417793240606757
CentroidX: 0.6107
CentroidY: 0.6826
