Location: 2025-04-18_221450-1.png_Otsu.png
Component: component_1745012812191_327.png
centerX: 0.02944640753828033
centerY: 0.62002567394095
width: 0.037102473498233215
height: 0.02781343602909713
Area: 0.00038631872277435813
CentroidX: 0.0487
CentroidY: 0.6355
