Location: 2025-04-18_221450-1.png_Otsu.png
Component: component_1745012812216_437.png
centerX: 0.9275618374558304
centerY: 0.8891741548994437
width: 0.03415783274440518
height: 0.028241335044929396
Area: 0.00039488678316204775
CentroidX: 0.9435
CentroidY: 0.9026
