Location: 2025-04-18_221510-1.png_Mean-Medain.png
Component: component_1745012558814_230.png
centerX: 0.08539458186101295
centerY: 0.4249037227214377
width: 0.028268551236749116
height: 0.02011125374411639
Area: 0.00021873754166219363
CentroidX: 0.0961
CentroidY: 0.4349
