Location: 2025-04-18_221450-1.png_Mean-Medain.png
Component: component_1745012811883_176.png
centerX: 0.03180212014134275
centerY: 0.3410355156183141
width: 0.034746760895170786
height: 0.0235344458707745
Area: 0.00039992681868421807
CentroidX: 0.0466
CentroidY: 0.3541
