Location: 2025-04-18_221510-1.png_Otsu.png
Component: component_1745012558602_952.png
centerX: 0.5647820965842167
centerY: 0.7881899871630296
width: 0.015901060070671377
height: 0.010269576379974325
Area: 4.435231259509917e-05
CentroidX: 0.5696
CentroidY: 0.7941
