Location: 2025-04-18_221510-1.png_Mean-Medain.png
Component: component_1745012558849_445.png
centerX: 0.46937573616018846
centerY: 0.7787762088147198
width: 0.037102473498233215
height: 0.02139495079161318
Area: 0.0002532617849890606
CentroidX: 0.4835
CentroidY: 0.7901
