Location: 2025-04-18_221450-1.png_Gaussian-Median.png
Component: component_1745012811551_475.png
centerX: 0.3621908127208481
centerY: 0.8737697903294822
width: 0.03297997644287397
height: 0.028241335044929396
Area: 0.00040799087551969066
CentroidX: 0.3784
CentroidY: 0.8884
