Location: 2025-04-18_221510-1.png_Otsu.png
Component: component_1745012558540_233.png
centerX: 0.7567726737338045
centerY: 0.3478818998716303
width: 0.026501766784452298
height: 0.02139495079161318
Area: 0.00017589723972374557
CentroidX: 0.7677
CentroidY: 0.3588
