Location: 2025-04-18_221450-1.png_Gaussian-Closing.png
Component: component_1745012812358_382.png
centerX: 0.6743227326266196
centerY: 0.8168592212237912
width: 0.03651354534746761
height: 0.026957637997432605
Area: 0.0004606592467263709
CentroidX: 0.6910
CentroidY: 0.8311
