Location: 2025-04-18_221450-1.png_Gaussian-Median.png
Component: component_1745012811531_359.png
centerX: 0.2591283863368669
centerY: 0.6593923833975182
width: 0.03828032979976443
height: 0.026957637997432605
Area: 0.00045410720054754947
CentroidX: 0.2766
CentroidY: 0.6735
