Location: 2025-04-18_221510-1.png_Otsu.png
Component: component_1745012558529_182.png
centerX: 0.8445229681978799
centerY: 0.3033804022250749
width: 0.03356890459363958
height: 0.02139495079161318
Area: 0.00023738567309422397
CentroidX: 0.8566
CentroidY: 0.3148
