Location: 2025-04-18_221450-1.png_Gaussian-Closing.png
Component: component_1745012812302_128.png
centerX: 0.23557126030624265
centerY: 0.2421908429610612
width: 0.03415783274440518
height: 0.025673940949935817
Area: 0.00042361498563841876
CentroidX: 0.2525
CentroidY: 0.2555
