Location: 2025-04-18_221535-1.png_Mean-Closing.png
Component: component_1745012558973_428.png
centerX: 0.039458186101295645
centerY: 0.9730423620025674
width: 0.034746760895170786
height: 0.021822849807445442
Area: 0.00041580293057905473
CentroidX: 0.0572
CentroidY: 0.9846
