Location: 2025-04-18_221450-1.png_Otsu.png
Component: component_1745012812198_361.png
centerX: 0.2408716136631331
centerY: 0.7008985879332478
width: 0.04652532391048292
height: 0.026957637997432605
Area: 0.00047527534974066497
CentroidX: 0.2644
CentroidY: 0.7154
