Location: 2025-04-18_221510-1.png_Mean-Medain.png
Component: component_1745012558850_451.png
centerX: 0.22791519434628976
centerY: 0.7830551989730423
width: 0.03180212014134275
height: 0.018827556696619598
Area: 0.0002381416784225495
CentroidX: 0.2399
CentroidY: 0.7929
