Location: 2025-04-18_221510-1.png_Mean-Medain.png
Component: component_1745012558839_398.png
centerX: 0.8462897526501767
centerY: 0.709456568249893
width: 0.026501766784452298
height: 0.02267864783910997
Area: 0.0002887940354203616
CentroidX: 0.8586
CentroidY: 0.7216
