Location: 2025-04-18_221510-1.png_Otsu.png
Component: component_1745012558577_579.png
centerX: 0.6861012956419317
centerY: 0.6422764227642277
width: 0.02237926972909305
height: 0.013264869490800172
Area: 5.8716413833284696e-05
CentroidX: 0.6947
CentroidY: 0.6507
