Location: 2025-04-18_221450-1.png_Gaussian-Closing.png
Component: component_1745012812326_247.png
centerX: 0.24263839811542992
centerY: 0.4839537869062901
width: 0.03180212014134275
height: 0.02267864783910997
Area: 0.00037397063574504076
CentroidX: 0.2569
CentroidY: 0.4958
