Location: 2025-04-18_221510-1.png_Mean-Medain.png
Component: component_1745012558807_189.png
centerX: 0.7567726737338045
centerY: 0.34745400085579803
width: 0.026501766784452298
height: 0.02267864783910997
Area: 0.000259309827615665
CentroidX: 0.7682
CentroidY: 0.3592
