Location: 2025-04-18_221450-1.png_Otsu.png
Component: component_1745012812115_92.png
centerX: 0.8345111896348646
centerY: 0.16944801026957637
width: 0.03180212014134275
height: 0.02396234488660676
Area: 0.00032231027164279454
CentroidX: 0.8493
CentroidY: 0.1820
