Location: 2025-04-18_221450-1.png_Gaussian-Median.png
Component: component_1745012811475_102.png
centerX: 0.07597173144876325
centerY: 0.17329910141206675
width: 0.0353356890459364
height: 0.021822849807445442
Area: 0.00036716658779011073
CentroidX: 0.0901
CentroidY: 0.1843
