Location: 2025-04-18_221510-1.png_Mean-Medain.png
Component: component_1745012558838_385.png
centerX: 0.17196702002355713
centerY: 0.6756525459991441
width: 0.03121319199057715
height: 0.02267864783910997
Area: 0.0002759419448388272
CentroidX: 0.1876
CentroidY: 0.6875
