Location: 2025-04-18_221510-1.png_Otsu.png
Component: component_1745012558572_504.png
centerX: 0.03769140164899882
centerY: 0.6059050064184852
width: 0.03297997644287397
height: 0.019255455712451863
Area: 0.00021621752390110844
CentroidX: 0.0511
CentroidY: 0.6171
