Location: 2025-04-18_221510-1.png_Mean-Medain.png
Component: component_1745012558861_518.png
centerX: 0.8138987043580683
centerY: 0.9118528027385537
width: 0.03297997644287397
height: 0.025673940949935817
Area: 0.00041580293057905473
CentroidX: 0.8302
CentroidY: 0.9252
