Location: 2025-04-18_221510-1.png_Otsu.png
Component: component_1745012558542_259.png
centerX: 0.5618374558303887
centerY: 0.37997432605905007
width: 0.026501766784452298
height: 0.02011125374411639
Area: 0.0001733772219626604
CentroidX: 0.5722
CentroidY: 0.3900
