Location: 2025-04-18_221450-1.png_Mean-Medain.png
Component: component_1745012811596_53.png
centerX: 0.4016489988221437
centerY: 0.0821566110397946
width: 0.03121319199057715
height: 0.021822849807445442
Area: 0.0003691826019989789
CentroidX: 0.4156
CentroidY: 0.0940
