Location: 2025-04-18_221535-1.png_Mean-Closing.png
Component: component_1745012558933_233.png
centerX: 0.2950530035335689
centerY: 0.49550706033376124
width: 0.03828032979976443
height: 0.02610183996576808
Area: 0.00046494327692021576
CentroidX: 0.3123
CentroidY: 0.5096
