Location: 2025-04-18_221510-1.png_Mean-Medain.png
Component: component_1745012558809_197.png
centerX: 0.4134275618374558
centerY: 0.3808301240907146
width: 0.03180212014134275
height: 0.023106546854942234
Area: 0.00027342192707774203
CentroidX: 0.4252
CentroidY: 0.3919
