Location: 2025-04-18_221535-1.png_Mean-Closing.png
Component: component_1745012558943_279.png
centerX: 0.9375736160188457
centerY: 0.6131792896876337
width: 0.03415783274440518
height: 0.029525032092426188
Area: 0.0005123196108286171
CentroidX: 0.9552
CentroidY: 0.6285
