Location: 2025-04-18_221510-1.png_Mean-Medain.png
Component: component_1745012558851_456.png
centerX: 0.9346289752650176
centerY: 0.8027385537013265
width: 0.028268551236749116
height: 0.02267864783910997
Area: 0.00037069461265563
CentroidX: 0.9491
CentroidY: 0.8145
