Location: 2025-04-18_221510-1.png_Mean-Medain.png
Component: component_1745012558865_543.png
centerX: 0.6001177856301532
centerY: 0.9542148053059478
width: 0.04711425206124853
height: 0.025673940949935817
Area: 0.000503499548664819
CentroidX: 0.6218
CentroidY: 0.9684
