Location: 2025-04-18_221535-1.png_Gaussian-Closing.png
Component: component_1745012558703_281.png
centerX: 0.03415783274440518
centerY: 0.5956354300385109
width: 0.030035335689045935
height: 0.023106546854942234
Area: 0.00042411898919063584
CentroidX: 0.0469
CentroidY: 0.6081
