Location: 2025-04-18_221510-1.png_Otsu.png
Component: component_1745012558555_373.png
centerX: 0.5588928150765606
centerY: 0.4946512623020967
width: 0.028857479387514724
height: 0.020967051775780916
Area: 0.0002043734404240081
CentroidX: 0.5711
CentroidY: 0.5050
