Location: 2025-04-18_221450-1.png_Mean-Medain.png
Component: component_1745012812003_432.png
centerX: 0.4098939929328622
centerY: 0.8712023962344887
width: 0.043580683156654886
height: 0.02866923406076166
Area: 0.0005687680086769252
CentroidX: 0.4303
CentroidY: 0.8861
