Location: 2025-04-18_221510-1.png_Otsu.png
Component: component_1745012558619_1110.png
centerX: 0.5488810365135454
centerY: 0.9550706033376123
width: 0.04240282685512368
height: 0.023106546854942234
Area: 0.00045335119521922393
CentroidX: 0.5688
CentroidY: 0.9672
