Location: 2025-04-18_221510-1.png_Mean-Medain.png
Component: component_1745012558843_416.png
centerX: 0.8680800942285041
centerY: 0.7389816003423192
width: 0.030624263839811542
height: 0.019255455712451863
Area: 0.00024292971216861137
CentroidX: 0.8810
CentroidY: 0.7486
