Location: 2025-04-18_221450-1.png_Gaussian-Closing.png
Component: component_1745012812337_286.png
centerX: 0.13427561837455831
centerY: 0.5699614890885751
width: 0.03180212014134275
height: 0.023106546854942234
Area: 0.0003606145416112893
CentroidX: 0.1483
CentroidY: 0.5826
