Location: 2025-04-18_221450-1.png_Gaussian-Closing.png
Component: component_1745012812316_187.png
centerX: 0.8368669022379269
centerY: 0.3607188703465982
width: 0.02944640753828033
height: 0.024818142918271287
Area: 0.00040219483466919474
CentroidX: 0.8496
CentroidY: 0.3726
