Location: 2025-04-18_221450-1.png_Gaussian-Closing.png
Component: component_1745012812308_161.png
centerX: 0.5394581861012956
centerY: 0.30937098844672656
width: 0.035924617196702
height: 0.024390243902439025
Area: 0.00042663900695172097
CentroidX: 0.5579
CentroidY: 0.3225
