Location: 2025-04-18_221510-1.png_Mean-Medain.png
Component: component_1745012558808_193.png
centerX: 0.8739693757361602
centerY: 0.37783483097988874
width: 0.03180212014134275
height: 0.02053915275994865
Area: 0.0002814859839132146
CentroidX: 0.8865
CentroidY: 0.3885
