Location: 2025-04-18_221510-1.png_Mean-Medain.png
Component: component_1745012558795_117.png
centerX: 0.8103651354534747
centerY: 0.2293538724860933
width: 0.028268551236749116
height: 0.022250748823277707
Area: 0.0003064341597479579
CentroidX: 0.8226
CentroidY: 0.2407
