Location: 2025-04-18_221510-1.png_Otsu.png
Component: component_1745012558592_793.png
centerX: 0.08716136631330977
centerY: 0.7479674796747967
width: 0.02120141342756184
height: 0.008985879332477536
Area: 5.4180381863331374e-05
CentroidX: 0.0985
CentroidY: 0.7508
