Location: 2025-04-18_221450-1.png_Gaussian-Closing.png
Component: component_1745012812344_326.png
centerX: 0.7803297997644287
centerY: 0.6666666666666666
width: 0.034746760895170786
height: 0.02738553701326487
Area: 0.00042915902471280616
CentroidX: 0.7965
CentroidY: 0.6809
