Location: 2025-04-18_221535-1.png_Mean-Closing.png
Component: component_1745012558967_401.png
centerX: 0.6166077738515902
centerY: 0.9174154899443732
width: 0.03297997644287397
height: 0.02738553701326487
Area: 0.00048611142611333126
CentroidX: 0.6336
CentroidY: 0.9315
