Location: 2025-04-18_221535-1.png_Mean-Closing.png
Component: component_1745012558967_399.png
centerX: 0.37220259128386335
centerY: 0.9174154899443732
width: 0.02944640753828033
height: 0.02995293110825845
Area: 0.00047199932665125424
CentroidX: 0.3862
CentroidY: 0.9322
