Location: 2025-04-18_221450-1.png_Mean-Medain.png
Component: component_1745012811607_91.png
centerX: 0.9381625441696113
centerY: 0.16260162601626016
width: 0.03297997644287397
height: 0.025673940949935817
Area: 0.00042411898919063584
CentroidX: 0.9527
CentroidY: 0.1760
