Location: 2025-04-18_221535-1.png_Gaussian-Closing.png
Component: component_1745012558710_323.png
centerX: 0.18845700824499412
centerY: 0.6927685066324347
width: 0.030035335689045935
height: 0.025246041934103552
Area: 0.00044251511884655764
CentroidX: 0.2034
CentroidY: 0.7060
