Location: 2025-04-18_221535-1.png_Mean-Closing.png
Component: component_1745012558903_83.png
centerX: 0.037102473498233215
centerY: 0.15019255455712452
width: 0.037102473498233215
height: 0.025673940949935817
Area: 0.00040547085775860547
CentroidX: 0.0577
CentroidY: 0.1639
