Location: 2025-04-18_221450-1.png_Gaussian-Median.png
Component: component_1745012811507_283.png
centerX: 0.5588928150765606
centerY: 0.5019255455712451
width: 0.035924617196702
height: 0.024818142918271287
Area: 0.0003906027529682029
CentroidX: 0.5750
CentroidY: 0.5150
