Location: 2025-04-18_221535-1.png_Mean-Closing.png
Component: component_1745012558904_87.png
centerX: 0.8833922261484098
centerY: 0.16046213093709885
width: 0.0353356890459364
height: 0.02866923406076166
Area: 0.0004147949234746206
CentroidX: 0.8995
CentroidY: 0.1754
