Location: 2025-04-18_221450-1.png_Otsu.png
Component: component_1745012812143_155.png
centerX: 0.22968197879858657
centerY: 0.290543431750107
width: 0.03356890459363958
height: 0.02610183996576808
Area: 0.00033919439064206526
CentroidX: 0.2436
CentroidY: 0.3039
