Location: 2025-04-18_221450-1.png_Gaussian-Median.png
Component: component_1745012811542_428.png
centerX: 0.6354534746760895
centerY: 0.7655113393239196
width: 0.03180212014134275
height: 0.02610183996576808
Area: 0.0004150469252507292
CentroidX: 0.6507
CentroidY: 0.7789
