Location: 2025-04-18_221510-1.png_Otsu.png
Component: component_1745012558581_665.png
centerX: 0.04063604240282685
centerY: 0.6773641420624733
width: 0.02944640753828033
height: 0.02139495079161318
Area: 0.0001577531118439323
CentroidX: 0.0527
CentroidY: 0.6885
