Location: 2025-04-18_221450-1.png_Gaussian-Median.png
Component: component_1745012811554_489.png
centerX: 0.6142520612485277
centerY: 0.8998716302952503
width: 0.0353356890459364
height: 0.02866923406076166
Area: 0.00044276712062266615
CentroidX: 0.6317
CentroidY: 0.9150
