Location: 2025-04-18_221450-1.png_Otsu.png
Component: component_1745012812170_235.png
centerX: 0.5070671378091873
centerY: 0.42961061189559263
width: 0.03121319199057715
height: 0.026529738981600343
Area: 0.00036011053805907225
CentroidX: 0.5204
CentroidY: 0.4421
