Location: 2025-04-18_221450-1.png_Gaussian-Closing.png
Component: component_1745012812343_323.png
centerX: 0.8297997644287397
centerY: 0.6632434745400085
width: 0.04181389870435807
height: 0.02781343602909713
Area: 0.0004445311330554258
CentroidX: 0.8483
CentroidY: 0.6785
