Location: 2025-04-18_221510-1.png_Mean-Medain.png
Component: component_1745012558831_339.png
centerX: 0.45641931684334514
centerY: 0.6054771074026529
width: 0.03180212014134275
height: 0.02053915275994865
Area: 0.00030441814553908977
CentroidX: 0.4713
CentroidY: 0.6164
