Location: 2025-04-18_221510-1.png_Otsu.png
Component: component_1745012558501_40.png
centerX: 0.37279151943462896
centerY: 0.04749679075738126
width: 0.030624263839811542
height: 0.021822849807445442
Area: 0.00034095840307482486
CentroidX: 0.3864
CentroidY: 0.0592
