Location: 2025-04-18_221535-1.png_Mean-Closing.png
Component: component_1745012558932_230.png
centerX: 0.40636042402826855
centerY: 0.4878048780487805
width: 0.03121319199057715
height: 0.028241335044929396
Area: 0.00045561921120420055
CentroidX: 0.4215
CentroidY: 0.5017
