Location: 2025-04-18_221510-1.png_Otsu.png
Component: component_1745012558576_569.png
centerX: 0.17608951707891637
centerY: 0.6401369276850664
width: 0.030624263839811542
height: 0.02011125374411639
Area: 0.00019630938358853554
CentroidX: 0.1909
CentroidY: 0.6498
