Location: 2025-04-18_221450-1.png_Otsu.png
Component: component_1745012812091_4.png
centerX: 0.7555948174322733
centerY: 0.002995293110825845
width: 0.03297997644287397
height: 0.0235344458707745
Area: 0.00042185097320565916
CentroidX: 0.7685
CentroidY: 0.0150
