Location: 2025-04-18_221450-1.png_Mean-Medain.png
Component: component_1745012811957_366.png
centerX: 0.7891637220259128
centerY: 0.7107402652973898
width: 0.037102473498233215
height: 0.03080872913992298
Area: 0.00047225132842736275
CentroidX: 0.8084
CentroidY: 0.7268
