Location: 2025-04-18_221510-1.png_Mean-Medain.png
Component: component_1745012558773_7.png
centerX: 0.0535924617196702
centerY: 0.004706889174154899
width: 0.030035335689045935
height: 0.02738553701326487
Area: 0.00040219483466919474
CentroidX: 0.0700
CentroidY: 0.0192
