Location: 2025-04-18_221535-1.png_Mean-Closing.png
Component: component_1745012558947_302.png
centerX: 0.8168433451118964
centerY: 0.668806161745828
width: 0.037102473498233215
height: 0.026957637997432605
Area: 0.000468975305337952
CentroidX: 0.8364
CentroidY: 0.6832
