Location: 2025-04-18_221450-1.png_Mean-Medain.png
Component: component_1745012811959_372.png
centerX: 0.6089517078916372
centerY: 0.727428326914848
width: 0.04240282685512368
height: 0.026529738981600343
Area: 0.0004795593799345098
CentroidX: 0.6275
CentroidY: 0.7414
