Location: 2025-04-18_221510-1.png_Mean-Medain.png
Component: component_1745012558847_435.png
centerX: 0.941696113074205
centerY: 0.766367137355584
width: 0.02767962308598351
height: 0.021822849807445442
Area: 0.00028173798568932313
CentroidX: 0.9532
CentroidY: 0.7772
