Location: 2025-04-18_221450-1.png_Gaussian-Median.png
Component: component_1745012811538_411.png
centerX: 0.34275618374558303
centerY: 0.733846812152332
width: 0.04063604240282685
height: 0.032520325203252036
Area: 0.0005055155628736871
CentroidX: 0.3600
CentroidY: 0.7512
