Location: 2025-04-18_221510-1.png_Otsu.png
Component: component_1745012558538_224.png
centerX: 0.8839811542991755
centerY: 0.3461703038083012
width: 0.028268551236749116
height: 0.019255455712451863
Area: 0.0001930333604991248
CentroidX: 0.8954
CentroidY: 0.3558
