Location: 2025-04-18_221450-1.png_Otsu.png
Component: component_1745012812168_223.png
centerX: 0.839811542991755
centerY: 0.40907145913564397
width: 0.028268551236749116
height: 0.025246041934103552
Area: 0.00032785431071718195
CentroidX: 0.8523
CentroidY: 0.4216
