Location: 2025-04-18_221450-1.png_Gaussian-Median.png
Component: component_1745012811497_210.png
centerX: 0.4110718492343934
centerY: 0.39195549850235345
width: 0.03356890459363958
height: 0.026957637997432605
Area: 0.0004084948790719077
CentroidX: 0.4252
CentroidY: 0.4060
