Location: 2025-04-18_221450-1.png_Otsu.png
Component: component_1745012812182_275.png
centerX: 0.450530035335689
centerY: 0.5117672229353872
width: 0.0353356890459364
height: 0.022250748823277707
Area: 0.00036842659667065336
CentroidX: 0.4674
CentroidY: 0.5228
