Location: 2025-04-18_221450-1.png_Mean-Medain.png
Component: component_1745012811903_202.png
centerX: 0.9228504122497055
centerY: 0.40393667094565683
width: 0.03121319199057715
height: 0.024818142918271287
Area: 0.00037119861620784706
CentroidX: 0.9380
CentroidY: 0.4166
