Location: 2025-04-18_221510-1.png_Mean-Medain.png
Component: component_1745012558794_107.png
centerX: 0.14840989399293286
centerY: 0.20068463842533163
width: 0.030035335689045935
height: 0.024818142918271287
Area: 0.0003190342485533838
CentroidX: 0.1613
CentroidY: 0.2137
