Location: 2025-04-18_221450-1.png_Mean-Medain.png
Component: component_1745012811917_245.png
centerX: 0.7302709069493521
centerY: 0.49165596919127086
width: 0.0353356890459364
height: 0.024818142918271287
Area: 0.0003827906979088389
CentroidX: 0.7468
CentroidY: 0.5040
