Location: 2025-04-18_221450-1.png_Gaussian-Median.png
Component: component_1745012811474_94.png
centerX: 0.3457008244994111
centerY: 0.1608900299529311
width: 0.03180212014134275
height: 0.02139495079161318
Area: 0.0003717026197600641
CentroidX: 0.3608
CentroidY: 0.1717
