Location: 2025-04-18_221450-1.png_Otsu.png
Component: component_1745012812187_306.png
centerX: 0.23498233215547704
centerY: 0.566538296961917
width: 0.037102473498233215
height: 0.024818142918271287
Area: 0.0003933747725053966
CentroidX: 0.2494
CentroidY: 0.5803
