Location: 2025-04-18_221535-1.png_Mean-Closing.png
Component: component_1745012558930_217.png
centerX: 0.14605418138987045
centerY: 0.45528455284552843
width: 0.03121319199057715
height: 0.029097133076593923
Area: 0.0004631792644874561
CentroidX: 0.1624
CentroidY: 0.4705
