Location: 2025-04-18_221510-1.png_Mean-Medain.png
Component: component_1745012558862_524.png
centerX: 0.6018845700824499
centerY: 0.9212665810868635
width: 0.034746760895170786
height: 0.024390243902439025
Area: 0.00040748687196747363
CentroidX: 0.6188
CentroidY: 0.9333
