Location: 2025-04-18_221510-1.png_Mean-Medain.png
Component: component_1745012558847_436.png
centerX: 0.9034157832744405
centerY: 0.7685066324347454
width: 0.02591283863368669
height: 0.022250748823277707
Area: 0.00024267771039250283
CentroidX: 0.9144
CentroidY: 0.7793
