Location: 2025-04-18_221510-1.png_Otsu.png
Component: component_1745012558617_1100.png
centerX: 0.8875147232037691
centerY: 0.9482242190842961
width: 0.03180212014134275
height: 0.025246041934103552
Area: 0.00042941102648891467
CentroidX: 0.9021
CentroidY: 0.9616
