Location: 2025-04-18_221450-1.png_Gaussian-Closing.png
Component: component_1745012812361_395.png
centerX: 0.8457008244994111
centerY: 0.8476679503637141
width: 0.04004711425206125
height: 0.02995293110825845
Area: 0.0004906474580832846
CentroidX: 0.8652
CentroidY: 0.8628
