Location: 2025-04-18_221510-1.png_Otsu.png
Component: component_1745012558577_640.png
centerX: 0.7214369846878681
centerY: 0.668806161745828
width: 0.03297997644287397
height: 0.02139495079161318
Area: 0.00020386943687179107
CentroidX: 0.7328
CentroidY: 0.6808
