Location: 2025-04-18_221450-1.png_Otsu.png
Component: component_1745012812169_226.png
centerX: 0.7449941107184923
centerY: 0.4120667522464698
width: 0.03415783274440518
height: 0.02738553701326487
Area: 0.00041882695189235695
CentroidX: 0.7617
CentroidY: 0.4246
