Location: 2025-04-18_221510-1.png_Mean-Medain.png
Component: component_1745012558802_161.png
centerX: 0.7656065959952886
centerY: 0.30594779632006847
width: 0.02767962308598351
height: 0.020967051775780916
Area: 0.0002887940354203616
CentroidX: 0.7774
CentroidY: 0.3160
