Location: 2025-04-18_221450-1.png_Otsu.png
Component: component_1745012812203_379.png
centerX: 0.287396937573616
centerY: 0.7436884895164741
width: 0.04122497055359246
height: 0.025246041934103552
Area: 0.0003767426552822344
CentroidX: 0.3050
CentroidY: 0.7574
