Location: 2025-04-18_221450-1.png_Mean-Medain.png
Component: component_1745012811933_281.png
centerX: 0.9051825677267373
centerY: 0.5648267008985879
width: 0.03356890459363958
height: 0.03123662815575524
Area: 0.0004893874492027419
CentroidX: 0.9217
CentroidY: 0.5805
