Location: 2025-04-18_221535-1.png_Mean-Closing.png
Component: component_1745012558907_100.png
centerX: 0.20141342756183744
centerY: 0.1891313649978605
width: 0.03356890459363958
height: 0.026957637997432605
Area: 0.0004084948790719077
CentroidX: 0.2151
CentroidY: 0.2034
