Location: 2025-04-18_221535-1.png_Mean-Closing.png
Component: component_1745012558911_124.png
centerX: 0.8356890459363958
centerY: 0.2588789045785195
width: 0.034746760895170786
height: 0.023106546854942234
Area: 0.0003722066233122811
CentroidX: 0.8542
CentroidY: 0.2707
