Location: 2025-04-18_221535-1.png_Mean-Closing.png
Component: component_1745012558942_271.png
centerX: 0.35217903415783275
centerY: 0.5875053487376979
width: 0.034746760895170786
height: 0.025246041934103552
Area: 0.0004634312662635646
CentroidX: 0.3686
CentroidY: 0.6006
