Location: 2025-04-18_221510-1.png_Mean-Medain.png
Component: component_1745012558777_33.png
centerX: 0.37220259128386335
centerY: 0.04749679075738126
width: 0.03180212014134275
height: 0.022250748823277707
Area: 0.0003664105824617852
CentroidX: 0.3865
CentroidY: 0.0593
