Location: 2025-04-18_221510-1.png_Mean-Medain.png
Component: component_1745012558837_382.png
centerX: 0.36101295641931685
centerY: 0.6739409499358151
width: 0.025323910482921083
height: 0.022250748823277707
Area: 0.00023158963224372806
CentroidX: 0.3711
CentroidY: 0.6845
