Location: 2025-04-18_221450-1.png_Gaussian-Median.png
Component: component_1745012811508_293.png
centerX: 0.28857479387514723
centerY: 0.5220367993153616
width: 0.037102473498233215
height: 0.022250748823277707
Area: 0.00039261876717707107
CentroidX: 0.3056
CentroidY: 0.5338
