Location: 2025-04-18_221510-1.png_Otsu.png
Component: component_1745012558608_1048.png
centerX: 0.6030624263839811
centerY: 0.8480958493795464
width: 0.0353356890459364
height: 0.022250748823277707
Area: 0.0003694346037750874
CentroidX: 0.6193
CentroidY: 0.8598
