Location: 2025-04-18_221450-1.png_Gaussian-Median.png
Component: component_1745012811547_454.png
centerX: 0.30624263839811544
centerY: 0.834403080872914
width: 0.03297997644287397
height: 0.02866923406076166
Area: 0.00045108317923424725
CentroidX: 0.3221
CentroidY: 0.8499
