Location: 2025-04-18_221450-1.png_Gaussian-Closing.png
Component: component_1745012812307_156.png
centerX: 0.7137809187279152
centerY: 0.2939666238767651
width: 0.034746760895170786
height: 0.024818142918271287
Area: 0.00041328291281796955
CentroidX: 0.7307
CentroidY: 0.3070
