Location: 2025-04-18_221535-1.png_Gaussian-Closing.png
Component: component_1745012558722_400.png
centerX: 0.8044758539458187
centerY: 0.9131364997860505
width: 0.03828032979976443
height: 0.029097133076593923
Area: 0.0005672559980202741
CentroidX: 0.8242
CentroidY: 0.9287
