Location: 2025-04-18_221535-1.png_Mean-Closing.png
Component: component_1745012558941_263.png
centerX: 0.6413427561837456
centerY: 0.5776636713735558
width: 0.03121319199057715
height: 0.028241335044929396
Area: 0.00045813922896528574
CentroidX: 0.6573
CentroidY: 0.5920
