Location: 2025-04-18_221510-1.png_Otsu.png
Component: component_1745012558599_896.png
centerX: 0.8239104829210836
centerY: 0.772785622593068
width: 0.027090694935217905
height: 0.02053915275994865
Area: 0.00015170506921732783
CentroidX: 0.8343
CentroidY: 0.7836
