Location: 2025-04-18_221450-1.png_Mean-Medain.png
Component: component_1745012812002_431.png
centerX: 0.483510011778563
centerY: 0.8677792041078306
width: 0.044169611307420496
height: 0.02781343602909713
Area: 0.0004732593355317968
CentroidX: 0.5045
CentroidY: 0.8829
