Location: 2025-04-18_221450-1.png_Gaussian-Closing.png
Component: component_1745012812341_310.png
centerX: 0.6849234393404005
centerY: 0.6247325631151048
width: 0.035924617196702
height: 0.028241335044929396
Area: 0.0004382310886527128
CentroidX: 0.7006
CentroidY: 0.6401
