Location: 2025-04-18_221450-1.png_Gaussian-Closing.png
Component: component_1745012812310_171.png
centerX: 0.7208480565371025
centerY: 0.3299101412066752
width: 0.028857479387514724
height: 0.026529738981600343
Area: 0.0003858147192221411
CentroidX: 0.7358
CentroidY: 0.3438
