Location: 2025-04-18_221535-1.png_Mean-Closing.png
Component: component_1745012558951_328.png
centerX: 0.6448763250883393
centerY: 0.7295678219940094
width: 0.03356890459363958
height: 0.025246041934103552
Area: 0.0004659512840246498
CentroidX: 0.6606
CentroidY: 0.7428
