Location: 2025-04-18_221450-1.png_Mean-Medain.png
Component: component_1745012811834_144.png
centerX: 0.38987043580683156
centerY: 0.27899015832263585
width: 0.03121319199057715
height: 0.02396234488660676
Area: 0.00038858673875933475
CentroidX: 0.4026
CentroidY: 0.2914
