Location: 2025-04-18_221450-1.png_Gaussian-Median.png
Component: component_1745012811476_106.png
centerX: 0.6566548881036514
centerY: 0.18399657680787335
width: 0.03356890459363958
height: 0.02267864783910997
Area: 0.0003752306446255833
CentroidX: 0.6721
CentroidY: 0.1956
