Location: 2025-04-18_221510-1.png_Mean-Medain.png
Component: component_1745012558800_148.png
centerX: 0.4876325088339223
centerY: 0.27471116816431324
width: 0.03297997644287397
height: 0.020967051775780916
Area: 0.00032987032492605005
CentroidX: 0.5015
CentroidY: 0.2848
