Location: 2025-04-18_221450-1.png_Otsu.png
Component: component_1745012812203_375.png
centerX: 0.34334511189634864
centerY: 0.733846812152332
width: 0.039458186101295645
height: 0.032520325203252036
Area: 0.000440751106413798
CentroidX: 0.3596
CentroidY: 0.7511
