Location: 2025-04-18_221510-1.png_Otsu.png
Component: component_1745012558525_140.png
centerX: 0.2832744405182568
centerY: 0.23791185280273855
width: 0.03180212014134275
height: 0.021822849807445442
Area: 0.0002462057352580221
CentroidX: 0.2959
CentroidY: 0.2488
