Location: 2025-04-18_221535-1.png_Mean-Closing.png
Component: component_1745012558909_112.png
centerX: 0.5312131919905771
centerY: 0.22635857937526743
width: 0.03415783274440518
height: 0.026957637997432605
Area: 0.00039413077783372215
CentroidX: 0.5442
CentroidY: 0.2404
