Location: 2025-04-18_221510-1.png_Mean-Medain.png
Component: component_1745012558864_537.png
centerX: 0.7161366313309776
centerY: 0.9516474112109542
width: 0.04299175500588928
height: 0.025673940949935817
Area: 0.00048207939769559494
CentroidX: 0.7351
CentroidY: 0.9657
