Location: 2025-04-18_221450-1.png_Gaussian-Closing.png
Component: component_1745012812260_47.png
centerX: 0.6978798586572438
centerY: 0.07573812580231065
width: 0.02767962308598351
height: 0.0235344458707745
Area: 0.00037422263752114927
CentroidX: 0.7126
CentroidY: 0.0878
