Location: 2025-04-18_221450-1.png_Mean-Medain.png
Component: component_1745012811869_166.png
centerX: 0.2862190812720848
centerY: 0.32605905006418484
width: 0.02944640753828033
height: 0.02396234488660676
Area: 0.00036288255759626595
CentroidX: 0.2990
CentroidY: 0.3383
