Location: 2025-04-18_221450-1.png_Otsu.png
Component: component_1745012812158_196.png
centerX: 0.8851590106007067
centerY: 0.3581514762516046
width: 0.03180212014134275
height: 0.024390243902439025
Area: 0.00036590657890956817
CentroidX: 0.8986
CentroidY: 0.3714
