Location: 2025-04-18_221535-1.png_Mean-Closing.png
Component: component_1745012558923_194.png
centerX: 0.38869257950530034
centerY: 0.40393667094565683
width: 0.03180212014134275
height: 0.026957637997432605
Area: 0.0004573832236369602
CentroidX: 0.4017
CentroidY: 0.4180
