Location: 2025-04-18_221450-1.png_Otsu.png
Component: component_1745012812142_152.png
centerX: 0.823321554770318
centerY: 0.28712023962344885
width: 0.03415783274440518
height: 0.025246041934103552
Area: 0.00037548264640169184
CentroidX: 0.8370
CentroidY: 0.3012
