Location: 2025-04-18_221450-1.png_Mean-Medain.png
Component: component_1745012811597_59.png
centerX: 0.07656065959952886
centerY: 0.09028669234060761
width: 0.03297997644287397
height: 0.02267864783910997
Area: 0.0004039588471019544
CentroidX: 0.0937
CentroidY: 0.1018
