Location: 2025-04-18_221510-1.png_Otsu.png
Component: component_1745012558496_16.png
centerX: 0.8992932862190812
centerY: 0.009841677364142062
width: 0.026501766784452298
height: 0.025246041934103552
Area: 0.00035885052917852963
CentroidX: 0.9134
CentroidY: 0.0230
