Location: 2025-04-18_221535-1.png_Mean-Closing.png
Component: component_1745012558900_65.png
centerX: 0.2779740871613663
centerY: 0.09841677364142062
width: 0.034746760895170786
height: 0.025673940949935817
Area: 0.0004059748613108225
CentroidX: 0.2946
CentroidY: 0.1124
