Location: 2025-04-18_221450-1.png_Gaussian-Closing.png
Component: component_1745012812369_435.png
centerX: 0.41813898704358066
centerY: 0.9452289259734703
width: 0.034746760895170786
height: 0.028241335044929396
Area: 0.0004389870939810384
CentroidX: 0.4343
CentroidY: 0.9604
