Location: 2025-04-18_221450-1.png_Gaussian-Median.png
Component: component_1745012811536_396.png
centerX: 0.8468786808009423
centerY: 0.7090286692340607
width: 0.038869257950530034
height: 0.029097133076593923
Area: 0.00046242325915913057
CentroidX: 0.8669
CentroidY: 0.7237
