Location: 2025-04-18_221450-1.png_Gaussian-Closing.png
Component: component_1745012812320_209.png
centerX: 0.839811542991755
centerY: 0.40864356011981173
width: 0.028268551236749116
height: 0.025673940949935817
Area: 0.0003606145416112893
CentroidX: 0.8523
CentroidY: 0.4216
