Location: 2025-04-18_221535-1.png_Mean-Closing.png
Component: component_1745012558920_177.png
centerX: 0.14075382803297998
centerY: 0.36585365853658536
width: 0.032391048292108364
height: 0.030380830124090714
Area: 0.00048233139947170345
CentroidX: 0.1566
CentroidY: 0.3816
