Location: 2025-04-18_221535-1.png_Mean-Closing.png
Component: component_1745012558958_350.png
centerX: 0.3468786808009423
centerY: 0.7787762088147198
width: 0.03415783274440518
height: 0.024818142918271287
Area: 0.0004493191668014876
CentroidX: 0.3633
CentroidY: 0.7917
