Location: 2025-04-18_221535-1.png_Mean-Closing.png
Component: component_1745012558912_132.png
centerX: 0.48939929328621906
centerY: 0.2691484809584938
width: 0.027090694935217905
height: 0.02738553701326487
Area: 0.0003608665433873978
CentroidX: 0.5013
CentroidY: 0.2825
