Location: 2025-04-18_221450-1.png_Otsu.png
Component: component_1745012812220_461.png
centerX: 0.6678445229681979
centerY: 0.9375267436884895
width: 0.038869257950530034
height: 0.024390243902439025
Area: 0.000378002664162777
CentroidX: 0.6875
CentroidY: 0.9502
