Location: 2025-04-18_221510-1.png_Otsu.png
Component: component_1745012558610_1062.png
centerX: 0.9122497055359247
centerY: 0.8643560119811724
width: 0.030035335689045935
height: 0.024818142918271287
Area: 0.0003875787316549007
CentroidX: 0.9261
CentroidY: 0.8766
