Location: 2025-04-18_221450-1.png_Mean-Medain.png
Component: component_1745012811817_130.png
centerX: 0.18610129564193167
centerY: 0.2468977321352161
width: 0.03415783274440518
height: 0.025673940949935817
Area: 0.00039765880269924145
CentroidX: 0.2002
CentroidY: 0.2604
