Location: 2025-04-18_221535-1.png_Gaussian-Closing.png
Component: component_1745012558718_375.png
centerX: 0.2826855123674912
centerY: 0.8267008985879333
width: 0.032391048292108364
height: 0.024818142918271287
Area: 0.000440751106413798
CentroidX: 0.2977
CentroidY: 0.8399
