Location: 2025-04-18_221510-1.png_Mean-Medain.png
Component: component_1745012558833_353.png
centerX: 0.4575971731448763
centerY: 0.6354300385109114
width: 0.027090694935217905
height: 0.020967051775780916
Area: 0.00026812988977946314
CentroidX: 0.4701
CentroidY: 0.6467
