Location: 2025-04-18_221510-1.png_Mean-Medain.png
Component: component_1745012558833_356.png
centerX: 0.5983510011778563
centerY: 0.6367137355584083
width: 0.02767962308598351
height: 0.02011125374411639
Area: 0.00023184163401983657
CentroidX: 0.6104
CentroidY: 0.6475
