Location: 2025-04-18_221450-1.png_Otsu.png
Component: component_1745012812173_248.png
centerX: 0.6808009422850412
centerY: 0.4535729567821994
width: 0.032391048292108364
height: 0.023106546854942234
Area: 0.00034473842971645267
CentroidX: 0.6938
CentroidY: 0.4655
