Location: 2025-04-18_221510-1.png_Otsu.png
Component: component_1745012558554_368.png
centerX: 0.43404004711425204
centerY: 0.4937954642704322
width: 0.026501766784452298
height: 0.022250748823277707
Area: 0.00024015769263141767
CentroidX: 0.4454
CentroidY: 0.5052
