Location: 2025-04-18_221535-1.png_Gaussian-Closing.png
Component: component_1745012558710_326.png
centerX: 0.9440518256772674
centerY: 0.7188703465982028
width: 0.03297997644287397
height: 0.026957637997432605
Area: 0.00043974309930936394
CentroidX: 0.9609
CentroidY: 0.7330
