Location: 2025-04-18_221450-1.png_Gaussian-Closing.png
Component: component_1745012812339_298.png
centerX: 0.35217903415783275
centerY: 0.6033376123234917
width: 0.04122497055359246
height: 0.026957637997432605
Area: 0.00047174732487514573
CentroidX: 0.3711
CentroidY: 0.6179
