Location: 2025-04-18_221535-1.png_Gaussian-Closing.png
Component: component_1745012558683_205.png
centerX: 0.9440518256772674
centerY: 0.42575952075310225
width: 0.03356890459363958
height: 0.02738553701326487
Area: 0.0004634312662635646
CentroidX: 0.9620
CentroidY: 0.4409
