Location: 2025-04-18_221535-1.png_Mean-Closing.png
Component: component_1745012558910_118.png
centerX: 0.2149587750294464
centerY: 0.2362002567394095
width: 0.03415783274440518
height: 0.026529738981600343
Area: 0.00038833473698322624
CentroidX: 0.2305
CentroidY: 0.2508
