Location: 2025-04-18_221450-1.png_Gaussian-Median.png
Component: component_1745012811480_122.png
centerX: 0.030035335689045935
centerY: 0.212665810868635
width: 0.034746760895170786
height: 0.023106546854942234
Area: 0.0003906027529682029
CentroidX: 0.0439
CentroidY: 0.2250
