Location: 2025-04-18_221450-1.png_Mean-Medain.png
Component: component_1745012811587_23.png
centerX: 0.7838633686690224
centerY: 0.036799315361574665
width: 0.030035335689045935
height: 0.0235344458707745
Area: 0.0003691826019989789
CentroidX: 0.7996
CentroidY: 0.0487
