Location: 2025-04-18_221450-1.png_Gaussian-Median.png
Component: component_1745012811457_16.png
centerX: 0.9128386336866903
centerY: 0.0038510911424903724
width: 0.028857479387514724
height: 0.02396234488660676
Area: 0.00039942281513200104
CentroidX: 0.9254
CentroidY: 0.0164
