Location: 2025-04-18_221510-1.png_Otsu.png
Component: component_1745012558532_199.png
centerX: 0.0447585394581861
centerY: 0.3123662815575524
width: 0.030624263839811542
height: 0.022250748823277707
Area: 0.00022730560204988325
CentroidX: 0.0555
CentroidY: 0.3230
