Location: 2025-04-18_221450-1.png_Mean-Medain.png
Component: component_1745012811970_389.png
centerX: 0.6354534746760895
centerY: 0.7655113393239196
width: 0.03180212014134275
height: 0.02610183996576808
Area: 0.00042336298386231024
CentroidX: 0.6507
CentroidY: 0.7789
