Location: 2025-04-18_221510-1.png_Otsu.png
Component: component_1745012558581_659.png
centerX: 0.270906949352179
centerY: 0.6747967479674797
width: 0.030035335689045935
height: 0.020967051775780916
Area: 0.00019177335161858221
CentroidX: 0.2829
CentroidY: 0.6858
