Location: 2025-04-18_221450-1.png_Gaussian-Closing.png
Component: component_1745012812305_146.png
centerX: 0.38987043580683156
centerY: 0.27899015832263585
width: 0.03121319199057715
height: 0.02396234488660676
Area: 0.000385310715669924
CentroidX: 0.4027
CentroidY: 0.2914
