Location: 2025-04-18_221510-1.png_Mean-Medain.png
Component: component_1745012558845_424.png
centerX: 0.7732626619552415
centerY: 0.7458279845956355
width: 0.028857479387514724
height: 0.016260162601626018
Area: 0.00024469372460137097
CentroidX: 0.7860
CentroidY: 0.7539
