Location: 2025-04-18_221450-1.png_Gaussian-Closing.png
Component: component_1745012812297_104.png
centerX: 0.5217903415783275
centerY: 0.1904150620453573
width: 0.0353356890459364
height: 0.0235344458707745
Area: 0.00043268704957832545
CentroidX: 0.5375
CentroidY: 0.2022
