Location: 2025-04-18_221450-1.png_Mean-Medain.png
Component: component_1745012811956_363.png
centerX: 0.14075382803297998
centerY: 0.7068891741548995
width: 0.03769140164899882
height: 0.02781343602909713
Area: 0.00045360319699533244
CentroidX: 0.1585
CentroidY: 0.7217
