Location: 2025-04-18_221535-1.png_Mean-Closing.png
Component: component_1745012558964_378.png
centerX: 0.7744405182567726
centerY: 0.8600770218228498
width: 0.02944640753828033
height: 0.0235344458707745
Area: 0.0004251269962950699
CentroidX: 0.7896
CentroidY: 0.8724
