Location: 2025-04-18_221510-1.png_Mean-Medain.png
Component: component_1745012558813_224.png
centerX: 0.31919905771495877
centerY: 0.4206247325631151
width: 0.03297997644287397
height: 0.02053915275994865
Area: 0.00027493393773439317
CentroidX: 0.3309
CentroidY: 0.4314
