Location: 2025-04-18_221450-1.png_Gaussian-Closing.png
Component: component_1745012812275_69.png
centerX: 0.45700824499411075
centerY: 0.11424903722721438
width: 0.03297997644287397
height: 0.021822849807445442
Area: 0.0003963987938186988
CentroidX: 0.4712
CentroidY: 0.1254
