Location: 2025-04-18_221510-1.png_Mean-Medain.png
Component: component_1745012558828_318.png
centerX: 0.5371024734982333
centerY: 0.5673940949935815
width: 0.030624263839811542
height: 0.0235344458707745
Area: 0.00030668616152406644
CentroidX: 0.5508
CentroidY: 0.5795
