Location: 2025-04-18_221510-1.png_Mean-Medain.png
Component: component_1745012558801_154.png
centerX: 0.8445229681978799
centerY: 0.3029525032092426
width: 0.03415783274440518
height: 0.022250748823277707
Area: 0.00028476200700262535
CentroidX: 0.8568
CentroidY: 0.3147
