Location: 2025-04-18_221450-1.png_Mean-Medain.png
Component: component_1745012811867_164.png
centerX: 0.3869257950530035
centerY: 0.3209242618741977
width: 0.037102473498233215
height: 0.0235344458707745
Area: 0.0004112668986091014
CentroidX: 0.4024
CentroidY: 0.3340
