Location: 2025-04-18_221450-1.png_Mean-Medain.png
Component: component_1745012811902_200.png
centerX: 0.29093050647820967
centerY: 0.3996576807873342
width: 0.03651354534746761
height: 0.026529738981600343
Area: 0.00044831115969705355
CentroidX: 0.3061
CentroidY: 0.4142
