Location: 2025-04-18_221535-1.png_Gaussian-Closing.png
Component: component_1745012558716_362.png
centerX: 0.9204946996466431
centerY: 0.8095849379546427
width: 0.030624263839811542
height: 0.026957637997432605
Area: 0.0004253789980711784
CentroidX: 0.9364
CentroidY: 0.8235
