Location: 2025-04-18_221450-1.png_Gaussian-Median.png
Component: component_1745012811524_342.png
centerX: 0.1896348645465253
centerY: 0.6161745827984596
width: 0.035924617196702
height: 0.02738553701326487
Area: 0.00046670728935297535
CentroidX: 0.2062
CentroidY: 0.6305
