Location: 2025-04-18_221510-1.png_Mean-Medain.png
Component: component_1745012558829_329.png
centerX: 0.7173144876325088
centerY: 0.6024818142918271
width: 0.028268551236749116
height: 0.019683354728284124
Area: 0.0002837539998981913
CentroidX: 0.7314
CentroidY: 0.6129
