Location: 2025-04-18_221535-1.png_Gaussian-Closing.png
Component: component_1745012558706_302.png
centerX: 0.18904593639575973
centerY: 0.6444159178433889
width: 0.035924617196702
height: 0.028241335044929396
Area: 0.00047804736927785867
CentroidX: 0.2062
CentroidY: 0.6593
