Location: 2025-04-18_221510-1.png_Mean-Medain.png
Component: component_1745012558809_199.png
centerX: 0.7921083627797408
centerY: 0.38125802310654683
width: 0.028857479387514724
height: 0.020967051775780916
Area: 0.0002477177459146732
CentroidX: 0.8036
CentroidY: 0.3912
