Location: 2025-04-18_221450-1.png_Gaussian-Median.png
Component: component_1745012811511_311.png
centerX: 0.519434628975265
centerY: 0.5468549422336328
width: 0.032391048292108364
height: 0.025246041934103552
Area: 0.0004221029749817677
CentroidX: 0.5337
CentroidY: 0.5601
