Location: 2025-04-18_221535-1.png_Mean-Closing.png
Component: component_1745012558940_255.png
centerX: 0.03828032979976443
centerY: 0.5494223363286265
width: 0.02944640753828033
height: 0.024390243902439025
Area: 0.00041303091104186103
CentroidX: 0.0517
CentroidY: 0.5620
