Location: 2025-04-18_221450-1.png_Gaussian-Closing.png
Component: component_1745012812256_23.png
centerX: 0.784452296819788
centerY: 0.036799315361574665
width: 0.02944640753828033
height: 0.0235344458707745
Area: 0.00036817459489454484
CentroidX: 0.7996
CentroidY: 0.0487
