Location: 2025-04-18_221450-1.png_Gaussian-Median.png
Component: component_1745012811495_199.png
centerX: 0.19081272084805653
centerY: 0.37013264869490803
width: 0.032391048292108364
height: 0.021822849807445442
Area: 0.00040269883822141177
CentroidX: 0.2041
CentroidY: 0.3814
