Location: 2025-04-18_221535-1.png_Gaussian-Closing.png
Component: component_1745012558718_377.png
centerX: 0.127208480565371
centerY: 0.8288403936670946
width: 0.035924617196702
height: 0.025673940949935817
Area: 0.0004631792644874561
CentroidX: 0.1431
CentroidY: 0.8429
