Location: 2025-04-18_221450-1.png_Gaussian-Median.png
Component: component_1745012811496_202.png
centerX: 0.6802120141342756
centerY: 0.37312794180573383
width: 0.028857479387514724
height: 0.02738553701326487
Area: 0.00041101489683299287
CentroidX: 0.6946
CentroidY: 0.3866
