Location: 2025-04-18_221510-1.png_Mean-Medain.png
Component: component_1745012558816_242.png
centerX: 0.36808009422850413
centerY: 0.4582798459563543
width: 0.028857479387514724
height: 0.02610183996576808
Area: 0.0003024021313302216
CentroidX: 0.3788
CentroidY: 0.4714
