Location: 2025-04-18_221450-1.png_Mean-Medain.png
Component: component_1745012811939_315.png
centerX: 0.8362779740871613
centerY: 0.6170303808301241
width: 0.05182567726737338
height: 0.02781343602909713
Area: 0.0004886314438744164
CentroidX: 0.8558
CentroidY: 0.6324
