Location: 2025-04-18_221510-1.png_Mean-Medain.png
Component: component_1745012558860_508.png
centerX: 0.3833922261484099
centerY: 0.889602053915276
width: 0.0353356890459364
height: 0.024390243902439025
Area: 0.00038934274408766034
CentroidX: 0.3994
CentroidY: 0.9019
