Location: 2025-04-18_221535-1.png_Gaussian-Closing.png
Component: component_1745012558647_15.png
centerX: 0.09187279151943463
centerY: 0.0068463842533162175
width: 0.03356890459363958
height: 0.029097133076593923
Area: 0.0003764906535061259
CentroidX: 0.1071
CentroidY: 0.0222
