Location: 2025-04-18_221510-1.png_Mean-Medain.png
Component: component_1745012558776_25.png
centerX: 0.160188457008245
centerY: 0.044073598630723146
width: 0.03356890459363958
height: 0.024818142918271287
Area: 0.0004097548879524503
CentroidX: 0.1745
CentroidY: 0.0571
