Location: 2025-04-18_221450-1.png_Otsu.png
Component: component_1745012812212_421.png
centerX: 0.9040047114252061
centerY: 0.85066324347454
width: 0.0353356890459364
height: 0.025673940949935817
Area: 0.0003664105824617852
CentroidX: 0.9187
CentroidY: 0.8634
