Location: 2025-04-18_221535-1.png_Mean-Closing.png
Component: component_1745012558909_116.png
centerX: 0.32626619552414604
centerY: 0.23320496362858364
width: 0.03415783274440518
height: 0.02610183996576808
Area: 0.0003747266410733663
CentroidX: 0.3402
CentroidY: 0.2476
