Location: 2025-04-18_221510-1.png_Mean-Medain.png
Component: component_1745012558859_500.png
centerX: 0.7608951707891637
centerY: 0.8737697903294822
width: 0.034746760895170786
height: 0.026529738981600343
Area: 0.00042588300162339543
CentroidX: 0.7757
CentroidY: 0.8878
