Location: 2025-04-18_221450-1.png_Otsu.png
Component: component_1745012812207_400.png
centerX: 0.928150765606596
centerY: 0.7980316645271716
width: 0.03297997644287397
height: 0.02995293110825845
Area: 0.00039463478138593923
CentroidX: 0.9443
CentroidY: 0.8124
