Location: 2025-04-18_221450-1.png_Mean-Medain.png
Component: component_1745012811586_17.png
centerX: 0.5948174322732627
centerY: 0.004706889174154899
width: 0.03121319199057715
height: 0.02610183996576808
Area: 0.0004435231259509917
CentroidX: 0.6102
CentroidY: 0.0185
