Location: 2025-04-18_221450-1.png_Gaussian-Median.png
Component: component_1745012811459_27.png
centerX: 0.9169611307420494
centerY: 0.036799315361574665
width: 0.030624263839811542
height: 0.019683354728284124
Area: 0.00033062633025437565
CentroidX: 0.9295
CentroidY: 0.0481
