Location: 2025-04-18_221450-1.png_Gaussian-Median.png
Component: component_1745012811467_57.png
centerX: 0.5117785630153121
centerY: 0.0787334189131365
width: 0.032391048292108364
height: 0.022250748823277707
Area: 0.0003908547547443114
CentroidX: 0.5267
CentroidY: 0.0901
