Location: 2025-04-18_221535-1.png_Mean-Closing.png
Component: component_1745012558897_50.png
centerX: 0.38633686690223795
centerY: 0.051775780915703895
width: 0.03297997644287397
height: 0.025246041934103552
Area: 0.00037044261087952146
CentroidX: 0.4016
CentroidY: 0.0653
