Location: 2025-04-18_221450-1.png_Otsu.png
Component: component_1745012812205_389.png
centerX: 0.6890459363957597
centerY: 0.7612323491655969
width: 0.0353356890459364
height: 0.02738553701326487
Area: 0.00037548264640169184
CentroidX: 0.7048
CentroidY: 0.7755
