Location: 2025-04-18_221510-1.png_Mean-Medain.png
Component: component_1745012558848_439.png
centerX: 0.823321554770318
centerY: 0.7723577235772358
width: 0.028268551236749116
height: 0.02139495079161318
Area: 0.00022654959672155768
CentroidX: 0.8342
CentroidY: 0.7839
