Location: 2025-04-18_221450-1.png_Otsu.png
Component: component_1745012812218_449.png
centerX: 0.30565371024734983
centerY: 0.9122807017543859
width: 0.030624263839811542
height: 0.02738553701326487
Area: 0.0003931227707292881
CentroidX: 0.3200
CentroidY: 0.9260
