Location: 2025-04-18_221535-1.png_Mean-Closing.png
Component: component_1745012558944_284.png
centerX: 0.6937573616018846
centerY: 0.6247325631151048
width: 0.030624263839811542
height: 0.029097133076593923
Area: 0.0004982075113665401
CentroidX: 0.7093
CentroidY: 0.6401
