Location: 2025-04-18_221510-1.png_Mean-Medain.png
Component: component_1745012558840_403.png
centerX: 0.765017667844523
centerY: 0.7103123662815576
width: 0.028268551236749116
height: 0.021822849807445442
Area: 0.00028753402653981905
CentroidX: 0.7788
CentroidY: 0.7215
