Location: 2025-04-18_221510-1.png_Mean-Medain.png
Component: component_1745012558834_362.png
centerX: 0.17550058892815076
centerY: 0.6397090286692341
width: 0.03180212014134275
height: 0.020967051775780916
Area: 0.0002998821135691364
CentroidX: 0.1914
CentroidY: 0.6502
