Location: 2025-04-18_221535-1.png_Mean-Closing.png
Component: component_1745012558940_258.png
centerX: 0.9322732626619552
centerY: 0.5678219940094138
width: 0.03828032979976443
height: 0.028241335044929396
Area: 0.0005128236143808341
CentroidX: 0.9526
CentroidY: 0.5825
