Location: 2025-04-18_221450-1.png_Otsu.png
Component: component_1745012812121_107.png
centerX: 0.18433451118963487
centerY: 0.2079589216944801
width: 0.02944640753828033
height: 0.023106546854942234
Area: 0.0003235702805233371
CentroidX: 0.1956
CentroidY: 0.2196
