Location: 2025-04-18_221510-1.png_Mean-Medain.png
Component: component_1745012558846_427.png
centerX: 0.08716136631330977
centerY: 0.7475395806589645
width: 0.028857479387514724
height: 0.02267864783910997
Area: 0.00025275778143684356
CentroidX: 0.0985
CentroidY: 0.7584
