Location: 2025-04-18_221450-1.png_Gaussian-Median.png
Component: component_1745012811559_512.png
centerX: 0.254416961130742
centerY: 0.9516474112109542
width: 0.037102473498233215
height: 0.02738553701326487
Area: 0.0004309230371455658
CentroidX: 0.2717
CentroidY: 0.9669
