Location: 2025-04-18_221450-1.png_Otsu.png
Component: component_1745012812096_22.png
centerX: 0.784452296819788
centerY: 0.037227214377406934
width: 0.02944640753828033
height: 0.02267864783910997
Area: 0.0003444864279403441
CentroidX: 0.7997
CentroidY: 0.0488
