Location: 2025-04-18_221450-1.png_Mean-Medain.png
Component: component_1745012811775_107.png
centerX: 0.28091872791519434
centerY: 0.20196833547282841
width: 0.035924617196702
height: 0.025246041934103552
Area: 0.000412526907489644
CentroidX: 0.2954
CentroidY: 0.2147
