Location: 2025-04-18_221450-1.png_Otsu.png
Component: component_1745012812155_177.png
centerX: 0.2862190812720848
centerY: 0.32605905006418484
width: 0.02944640753828033
height: 0.02396234488660676
Area: 0.0003207982609861434
CentroidX: 0.2989
CentroidY: 0.3383
