Location: 2025-04-18_221535-1.png_Mean-Closing.png
Component: component_1745012558941_261.png
centerX: 0.7850412249705536
centerY: 0.5729567821994009
width: 0.032391048292108364
height: 0.029097133076593923
Area: 0.0004785513728300757
CentroidX: 0.8026
CentroidY: 0.5887
