Location: 2025-04-18_221510-1.png_Mean-Medain.png
Component: component_1745012558839_392.png
centerX: 0.6395759717314488
centerY: 0.7073170731707317
width: 0.028857479387514724
height: 0.023106546854942234
Area: 0.0002971100940319427
CentroidX: 0.6547
CentroidY: 0.7194
