Location: 2025-04-18_221510-1.png_Mean-Medain.png
Component: component_1745012558846_429.png
centerX: 0.26914016489988224
centerY: 0.7475395806589645
width: 0.028268551236749116
height: 0.02053915275994865
Area: 0.0002837539998981913
CentroidX: 0.2817
CentroidY: 0.7582
