Location: 2025-04-18_221450-1.png_Mean-Medain.png
Component: component_1745012812014_440.png
centerX: 0.032391048292108364
centerY: 0.8840393667094566
width: 0.035924617196702
height: 0.029525032092426188
Area: 0.0004382310886527128
CentroidX: 0.0498
CentroidY: 0.8994
