Location: 2025-04-18_221510-1.png_Otsu.png
Component: component_1745012558511_64.png
centerX: 0.05182567726737338
centerY: 0.08515190415062045
width: 0.03121319199057715
height: 0.02396234488660676
Area: 0.0003386903870898482
CentroidX: 0.0642
CentroidY: 0.0977
