Location: 2025-04-18_221510-1.png_Mean-Medain.png
Component: component_1745012558814_233.png
centerX: 0.9022379269729093
centerY: 0.4492939666238768
width: 0.028268551236749116
height: 0.022250748823277707
Area: 0.00029610208692750867
CentroidX: 0.9143
CentroidY: 0.4605
