Location: 2025-04-18_221510-1.png_Otsu.png
Component: component_1745012558561_411.png
centerX: 0.22084805653710246
centerY: 0.5318784766795036
width: 0.02944640753828033
height: 0.02011125374411639
Area: 0.00023486565533313878
CentroidX: 0.2319
CentroidY: 0.5423
