Location: 2025-04-18_221510-1.png_Mean-Medain.png
Component: component_1745012558850_449.png
centerX: 0.4210836277974087
centerY: 0.7804878048780488
width: 0.03415783274440518
height: 0.020967051775780916
Area: 0.00022680159849766622
CentroidX: 0.4338
CentroidY: 0.7909
