Location: 2025-04-18_221510-1.png_Mean-Medain.png
Component: component_1745012558864_532.png
centerX: 0.18492343934040048
centerY: 0.9358151476251605
width: 0.028268551236749116
height: 0.02267864783910997
Area: 0.0004256309998472869
CentroidX: 0.1974
CentroidY: 0.9472
