Location: 2025-04-18_221535-1.png_Mean-Closing.png
Component: component_1745012558924_199.png
centerX: 0.0977620730270907
centerY: 0.41420624732563116
width: 0.030035335689045935
height: 0.024818142918271287
Area: 0.00042059096432511654
CentroidX: 0.1119
CentroidY: 0.4268
