Location: 2025-04-18_221535-1.png_Mean-Closing.png
Component: component_1745012558905_92.png
centerX: 0.6042402826855123
centerY: 0.1750106974753958
width: 0.035924617196702
height: 0.026957637997432605
Area: 0.00042714301050393805
CentroidX: 0.6204
CentroidY: 0.1899
