Location: 2025-04-18_221535-1.png_Gaussian-Closing.png
Component: component_1745012558673_147.png
centerX: 0.8898704358068316
centerY: 0.29653401797175866
width: 0.028857479387514724
height: 0.025246041934103552
Area: 0.0004359630726677362
CentroidX: 0.9028
CentroidY: 0.3098
