Location: 2025-04-18_221535-1.png_Gaussian-Closing.png
Component: component_1745012558709_321.png
centerX: 0.13722025912838634
centerY: 0.691484809584938
width: 0.03180212014134275
height: 0.02610183996576808
Area: 0.0004662032858007583
CentroidX: 0.1523
CentroidY: 0.7053
