Location: 2025-04-18_221450-1.png_Gaussian-Closing.png
Component: component_1745012812254_11.png
centerX: 0.4734982332155477
centerY: 0.0038510911424903724
width: 0.03356890459363958
height: 0.025673940949935817
Area: 0.00041353491459407806
CentroidX: 0.4861
CentroidY: 0.0183
