Location: 2025-04-18_221450-1.png_Otsu.png
Component: component_1745012812203_378.png
centerX: 0.23851590106007067
centerY: 0.7424047924689773
width: 0.03828032979976443
height: 0.030380830124090714
Area: 0.0003991708133558925
CentroidX: 0.2545
CentroidY: 0.7589
