Location: 2025-04-18_221510-1.png_Mean-Medain.png
Component: component_1745012558853_468.png
centerX: 0.3551236749116608
centerY: 0.811724433033804
width: 0.04063604240282685
height: 0.02396234488660676
Area: 0.00036464657002902555
CentroidX: 0.3703
CentroidY: 0.8252
