Location: 2025-04-18_221510-1.png_Otsu.png
Component: component_1745012558612_1072.png
centerX: 0.2779740871613663
centerY: 0.889602053915276
width: 0.03297997644287397
height: 0.02738553701326487
Area: 0.0004200869607728995
CentroidX: 0.2942
CentroidY: 0.9032
