Location: 2025-04-18_221450-1.png_Mean-Medain.png
Component: component_1745012811591_37.png
centerX: 0.14016489988221437
centerY: 0.050492083868207104
width: 0.02767962308598351
height: 0.022250748823277707
Area: 0.0003641425664768085
CentroidX: 0.1543
CentroidY: 0.0627
