Location: 2025-04-18_221535-1.png_Mean-Closing.png
Component: component_1745012558941_264.png
centerX: 0.690223792697291
centerY: 0.5776636713735558
width: 0.030624263839811542
height: 0.028241335044929396
Area: 0.000482583401247812
CentroidX: 0.7057
CentroidY: 0.5932
