Location: 2025-04-18_221510-1.png_Mean-Medain.png
Component: component_1745012558829_326.png
centerX: 0.7667844522968198
centerY: 0.6020539152759948
width: 0.02944640753828033
height: 0.018827556696619598
Area: 0.00027392593062995906
CentroidX: 0.7798
CentroidY: 0.6121
