Location: 2025-04-18_221535-1.png_Gaussian-Closing.png
Component: component_1745012558705_295.png
centerX: 0.43580683156654887
centerY: 0.6358579375267437
width: 0.03356890459363958
height: 0.02738553701326487
Area: 0.0004573832236369602
CentroidX: 0.4517
CentroidY: 0.6507
