Location: 2025-04-18_221450-1.png_Mean-Medain.png
Component: component_1745012811916_241.png
centerX: 0.8321554770318021
centerY: 0.48352588789045786
width: 0.035924617196702
height: 0.025246041934103552
Area: 0.0004440271295032087
CentroidX: 0.8490
CentroidY: 0.4964
