Location: 2025-04-18_221450-1.png_Gaussian-Closing.png
Component: component_1745012812293_90.png
centerX: 0.3462897526501767
centerY: 0.1608900299529311
width: 0.03121319199057715
height: 0.02139495079161318
Area: 0.00037119861620784706
CentroidX: 0.3609
CentroidY: 0.1717
