Location: 2025-04-18_221535-1.png_Gaussian-Closing.png
Component: component_1745012558678_174.png
centerX: 0.5700824499411072
centerY: 0.3513050919982884
width: 0.03297997644287397
height: 0.028241335044929396
Area: 0.00048283540302392053
CentroidX: 0.5873
CentroidY: 0.3661
