Location: 2025-04-18_221450-1.png_Otsu.png
Component: component_1745012812196_349.png
centerX: 0.08598351001177856
centerY: 0.6662387676508345
width: 0.035924617196702
height: 0.026529738981600343
Area: 0.0004097548879524503
CentroidX: 0.1035
CentroidY: 0.6801
