Location: 2025-04-18_221450-1.png_Otsu.png
Component: component_1745012812174_250.png
centerX: 0.08833922261484099
centerY: 0.45742404792468977
width: 0.03180212014134275
height: 0.023106546854942234
Area: 0.0003258382965083138
CentroidX: 0.1027
CentroidY: 0.4692
