Location: 2025-04-18_221450-1.png_Mean-Medain.png
Component: component_1745012811973_395.png
centerX: 0.30153121319199055
centerY: 0.7881899871630296
width: 0.035924617196702
height: 0.02866923406076166
Area: 0.0004646912751441072
CentroidX: 0.3172
CentroidY: 0.8025
