Location: 2025-04-18_221535-1.png_Gaussian-Closing.png
Component: component_1745012558663_95.png
centerX: 0.6578327444051826
centerY: 0.17244330338040223
width: 0.03356890459363958
height: 0.026529738981600343
Area: 0.00038959474586376886
CentroidX: 0.6731
CentroidY: 0.1868
