Location: 2025-04-18_221450-1.png_Gaussian-Median.png
Component: component_1745012811553_484.png
centerX: 0.9275618374558304
centerY: 0.8887462558836114
width: 0.03415783274440518
height: 0.02866923406076166
Area: 0.00045536720942809203
CentroidX: 0.9439
CentroidY: 0.9026
