Location: 2025-04-18_221535-1.png_Gaussian-Closing.png
Component: component_1745012558663_98.png
centerX: 0.4546525323910483
centerY: 0.18014548566538297
width: 0.030624263839811542
height: 0.02781343602909713
Area: 0.0004387350922049299
CentroidX: 0.4686
CentroidY: 0.1945
