Location: 2025-04-18_221450-1.png_Gaussian-Median.png
Component: component_1745012811502_242.png
centerX: 0.7255594817432274
centerY: 0.45228925973470263
width: 0.04122497055359246
height: 0.022250748823277707
Area: 0.00043747508332438726
CentroidX: 0.7431
CentroidY: 0.4634
