Location: 2025-04-18_221450-1.png_Gaussian-Median.png
Component: component_1745012811547_456.png
centerX: 0.24911660777385158
centerY: 0.8373983739837398
width: 0.0353356890459364
height: 0.026957637997432605
Area: 0.000419834958996791
CentroidX: 0.2665
CentroidY: 0.8517
