Location: 2025-04-18_221450-1.png_Otsu.png
Component: component_1745012812101_45.png
centerX: 0.6984687868080094
centerY: 0.07573812580231065
width: 0.027090694935217905
height: 0.0235344458707745
Area: 0.0003386903870898482
CentroidX: 0.7125
CentroidY: 0.0878
