Location: 2025-04-18_221450-1.png_Gaussian-Closing.png
Component: component_1745012812268_48.png
centerX: 0.6319199057714959
centerY: 0.07616602481814291
width: 0.0353356890459364
height: 0.024818142918271287
Area: 0.00042689100872782954
CentroidX: 0.6482
CentroidY: 0.0884
