Location: 2025-04-18_221450-1.png_Gaussian-Median.png
Component: component_1745012811455_9.png
centerX: 0.809776207302709
centerY: 0.002995293110825845
width: 0.02944640753828033
height: 0.0235344458707745
Area: 0.0003936267742815051
CentroidX: 0.8243
CentroidY: 0.0150
