Location: 2025-04-18_221510-1.png_Otsu.png
Component: component_1745012558598_894.png
centerX: 0.8621908127208481
centerY: 0.7715019255455713
width: 0.027090694935217905
height: 0.02053915275994865
Area: 0.00014742103902348305
CentroidX: 0.8714
CentroidY: 0.7822
