Location: 2025-04-18_221450-1.png_Mean-Medain.png
Component: component_1745012812018_446.png
centerX: 0.8280329799764429
centerY: 0.8951647411210955
width: 0.03415783274440518
height: 0.025673940949935817
Area: 0.0004127789092657525
CentroidX: 0.8440
CentroidY: 0.9090
