Location: 2025-04-18_221450-1.png_Gaussian-Median.png
Component: component_1745012811552_481.png
centerX: 0.0812720848056537
centerY: 0.881471972614463
width: 0.03828032979976443
height: 0.026957637997432605
Area: 0.0004367190779960617
CentroidX: 0.0988
CentroidY: 0.8963
