Location: 2025-04-18_221535-1.png_Mean-Closing.png
Component: component_1745012558914_144.png
centerX: 0.8457008244994111
centerY: 0.29696191698759095
width: 0.028268551236749116
height: 0.025673940949935817
Area: 0.0004382310886527128
CentroidX: 0.8594
CentroidY: 0.3103
