Location: 2025-04-18_221450-1.png_Mean-Medain.png
Component: component_1745012811641_96.png
centerX: 0.12661955241460543
centerY: 0.17115960633290545
width: 0.034746760895170786
height: 0.022250748823277707
Area: 0.0003749786428494748
CentroidX: 0.1395
CentroidY: 0.1828
