Location: 2025-04-18_221510-1.png_Mean-Medain.png
Component: component_1745012558851_454.png
centerX: 0.08598351001177856
centerY: 0.785622593068036
width: 0.028268551236749116
height: 0.02053915275994865
Area: 0.00024469372460137097
CentroidX: 0.0976
CentroidY: 0.7963
