Location: 2025-04-18_221510-1.png_Mean-Medain.png
Component: component_1745012558859_505.png
centerX: 0.4381625441696113
centerY: 0.8866067608044501
width: 0.03356890459363958
height: 0.025673940949935817
Area: 0.0004097548879524503
CentroidX: 0.4527
CentroidY: 0.8997
