Location: 2025-04-18_221510-1.png_Otsu.png
Component: component_1745012558577_645.png
centerX: 0.7667844522968198
centerY: 0.6713735558408216
width: 0.03121319199057715
height: 0.02011125374411639
Area: 0.0001900093391858226
CentroidX: 0.7793
CentroidY: 0.6815
