Location: 2025-04-18_221450-1.png_Mean-Medain.png
Component: component_1745012811917_247.png
centerX: 0.6784452296819788
centerY: 0.4937954642704322
width: 0.038869257950530034
height: 0.024390243902439025
Area: 0.0004629272627113476
CentroidX: 0.6948
CentroidY: 0.5063
