Location: 2025-04-18_221510-1.png_Mean-Medain.png
Component: component_1745012558821_276.png
centerX: 0.3138987043580683
centerY: 0.49978605049208386
width: 0.024734982332155476
height: 0.02139495079161318
Area: 0.00024948175834743283
CentroidX: 0.3245
CentroidY: 0.5110
