Location: 2025-04-18_221535-1.png_Mean-Closing.png
Component: component_1745012558932_225.png
centerX: 0.7190812720848057
centerY: 0.4796747967479675
width: 0.02767962308598351
height: 0.02738553701326487
Area: 0.00046368326803967314
CentroidX: 0.7310
CentroidY: 0.4939
