Location: 2025-04-18_221535-1.png_Mean-Closing.png
Component: component_1745012558923_193.png
centerX: 0.29034157832744406
centerY: 0.40393667094565683
width: 0.03180212014134275
height: 0.029097133076593923
Area: 0.000467967298233518
CentroidX: 0.3028
CentroidY: 0.4196
