Location: 2025-04-18_221535-1.png_Gaussian-Closing.png
Component: component_1745012558714_350.png
centerX: 0.6819787985865724
centerY: 0.7715019255455713
width: 0.028857479387514724
height: 0.02610183996576808
Area: 0.00042865502116058913
CentroidX: 0.6965
CentroidY: 0.7850
