Location: 2025-04-18_221450-1.png_Gaussian-Closing.png
Component: component_1745012812342_314.png
centerX: 0.4658421672555948
centerY: 0.6448438168592212
width: 0.035924617196702
height: 0.02738553701326487
Area: 0.0004251269962950699
CentroidX: 0.4803
CentroidY: 0.6592
