Location: 2025-04-18_221450-1.png_Mean-Medain.png
Component: component_1745012811598_63.png
centerX: 0.751472320376914
centerY: 0.10312366281557553
width: 0.04240282685512368
height: 0.023106546854942234
Area: 0.0004432711241748832
CentroidX: 0.7708
CentroidY: 0.1150
