Location: 2025-04-18_221450-1.png_Gaussian-Median.png
Component: component_1745012811501_232.png
centerX: 0.3992932862190813
centerY: 0.4411638853230638
width: 0.04122497055359246
height: 0.023106546854942234
Area: 0.00045864323251750276
CentroidX: 0.4171
CentroidY: 0.4537
