Location: 2025-04-18_221535-1.png_Gaussian-Closing.png
Component: component_1745012558667_117.png
centerX: 0.4829210836277974
centerY: 0.22849807445442877
width: 0.03356890459363958
height: 0.029097133076593923
Area: 0.0004059748613108225
CentroidX: 0.4984
CentroidY: 0.2430
