Location: 2025-04-18_221535-1.png_Gaussian-Closing.png
Component: component_1745012558713_348.png
centerX: 0.7267373380447585
centerY: 0.76936243046641
width: 0.0353356890459364
height: 0.02610183996576808
Area: 0.00042915902471280616
CentroidX: 0.7455
CentroidY: 0.7837
