Location: 2025-04-18_221535-1.png_Mean-Closing.png
Component: component_1745012558957_346.png
centerX: 0.4623085983510012
centerY: 0.7749251176722294
width: 0.03297997644287397
height: 0.02610183996576808
Area: 0.00045284719166700685
CentroidX: 0.4792
CentroidY: 0.7889
