Location: 2025-04-18_221535-1.png_Gaussian-Closing.png
Component: component_1745012558680_187.png
centerX: 0.9487632508833922
centerY: 0.38596491228070173
width: 0.030035335689045935
height: 0.02995293110825845
Area: 0.00045309919344311536
CentroidX: 0.9633
CentroidY: 0.4009
