Location: 2025-04-18_221450-1.png_Otsu.png
Component: component_1745012812170_234.png
centerX: 0.5624263839811543
centerY: 0.4291827128797604
width: 0.03297997644287397
height: 0.0235344458707745
Area: 0.0004092508844002333
CentroidX: 0.5795
CentroidY: 0.4409
