Location: 2025-04-18_221450-1.png_Gaussian-Closing.png
Component: component_1745012812319_205.png
centerX: 0.2420494699646643
centerY: 0.40350877192982454
width: 0.028268551236749116
height: 0.024818142918271287
Area: 0.0003495264634625145
CentroidX: 0.2563
CentroidY: 0.4161
