Location: 2025-04-18_221510-1.png_Mean-Medain.png
Component: component_1745012558862_519.png
centerX: 0.7131919905771495
centerY: 0.9135643988018828
width: 0.03121319199057715
height: 0.02738553701326487
Area: 0.0004084948790719077
CentroidX: 0.7290
CentroidY: 0.9277
