Location: 2025-04-18_221510-1.png_Otsu.png
Component: component_1745012558582_705.png
centerX: 0.6395759717314488
centerY: 0.7073170731707317
width: 0.028268551236749116
height: 0.02267864783910997
Area: 0.0001844653001114352
CentroidX: 0.6541
CentroidY: 0.7188
