Location: 2025-04-18_221450-1.png_Gaussian-Median.png
Component: component_1745012811540_419.png
centerX: 0.9411071849234394
centerY: 0.7492511767222936
width: 0.034746760895170786
height: 0.029525032092426188
Area: 0.00045360319699533244
CentroidX: 0.9590
CentroidY: 0.7651
