Location: easy26_Mean-Closing.png
Component: component_1744297382161_951.png
centerX: 0.2911290322580645
centerY: 0.7485632183908046
width: 0.01532258064516129
height: 0.014367816091954023
Area: 0.00011316586330490669
CentroidX: 0.2972
CentroidY: 0.7553
