Location: 2025-04-18_221510-1.png_Mean-Medain.png
Component: component_1745012558818_257.png
centerX: 0.8462897526501767
centerY: 0.49080017115960634
width: 0.024146054181389872
height: 0.02053915275994865
Area: 0.00025527779919792874
CentroidX: 0.8564
CentroidY: 0.5014
