Location: 2025-04-18_221450-1.png_Mean-Medain.png
Component: component_1745012811808_115.png
centerX: 0.8327444051825678
centerY: 0.21052631578947367
width: 0.030624263839811542
height: 0.022250748823277707
Area: 0.0003860667209982496
CentroidX: 0.8466
CentroidY: 0.2226
