Location: 2025-04-18_221450-1.png_Gaussian-Median.png
Component: component_1745012811506_276.png
centerX: 0.6784452296819788
centerY: 0.4937954642704322
width: 0.038869257950530034
height: 0.024390243902439025
Area: 0.00045259518989089833
CentroidX: 0.6947
CentroidY: 0.5063
