Location: 2025-04-18_221450-1.png_Otsu.png
Component: component_1745012812093_13.png
centerX: 0.9128386336866903
centerY: 0.0038510911424903724
width: 0.028857479387514724
height: 0.0235344458707745
Area: 0.0003873267298787922
CentroidX: 0.9254
CentroidY: 0.0163
