Location: 2025-04-18_221450-1.png_Mean-Medain.png
Component: component_1745012811944_331.png
centerX: 0.2591283863368669
centerY: 0.6593923833975182
width: 0.03828032979976443
height: 0.026957637997432605
Area: 0.00046670728935297535
CentroidX: 0.2768
CentroidY: 0.6736
