Location: 2025-04-18_221450-1.png_Mean-Medain.png
Component: component_1745012811902_199.png
centerX: 0.3498233215547703
centerY: 0.39537869062901154
width: 0.032391048292108364
height: 0.02738553701326487
Area: 0.0004256309998472869
CentroidX: 0.3631
CentroidY: 0.4091
