Location: 2025-04-18_221450-1.png_Otsu.png
Component: component_1745012812182_280.png
centerX: 0.3421672555948174
centerY: 0.519469405220368
width: 0.039458186101295645
height: 0.02267864783910997
Area: 0.00040471485243027993
CentroidX: 0.3575
CentroidY: 0.5313
