Location: 2025-04-18_221535-1.png_Mean-Closing.png
Component: component_1745012558896_48.png
centerX: 0.5041224970553593
centerY: 0.050492083868207104
width: 0.0353356890459364
height: 0.02781343602909713
Area: 0.00040773887374358214
CentroidX: 0.5197
CentroidY: 0.0643
