Location: 2025-04-18_221450-1.png_Gaussian-Median.png
Component: component_1745012811487_159.png
centerX: 0.7137809187279152
centerY: 0.2939666238767651
width: 0.034746760895170786
height: 0.024818142918271287
Area: 0.0004142909199224036
CentroidX: 0.7306
CentroidY: 0.3070
