Location: 2025-04-18_221510-1.png_Otsu.png
Component: component_1745012558580_653.png
centerX: 0.31625441696113077
centerY: 0.6735130509199829
width: 0.026501766784452298
height: 0.022250748823277707
Area: 0.00019076534451414813
CentroidX: 0.3293
CentroidY: 0.6858
