Location: 2025-04-18_221450-1.png_Gaussian-Closing.png
Component: component_1745012812368_428.png
centerX: 0.8445229681978799
centerY: 0.9323919554985024
width: 0.04122497055359246
height: 0.026957637997432605
Area: 0.0004493191668014876
CentroidX: 0.8636
CentroidY: 0.9475
