Location: 2025-04-18_221510-1.png_Mean-Medain.png
Component: component_1745012558796_119.png
centerX: 0.765017667844523
centerY: 0.23320496362858364
width: 0.02767962308598351
height: 0.02139495079161318
Area: 0.0003076941686285005
CentroidX: 0.7770
CentroidY: 0.2435
