Location: 2025-04-18_221450-1.png_Otsu.png
Component: component_1745012812199_366.png
centerX: 0.8468786808009423
centerY: 0.709456568249893
width: 0.038869257950530034
height: 0.028241335044929396
Area: 0.0004029508399975203
CentroidX: 0.8666
CentroidY: 0.7236
