Location: 2025-04-18_221510-1.png_Mean-Medain.png
Component: component_1745012558824_291.png
centerX: 0.49469964664310956
centerY: 0.5297389816003423
width: 0.024734982332155476
height: 0.020967051775780916
Area: 0.0002915660549575553
CentroidX: 0.5060
CentroidY: 0.5401
