Location: 2025-04-18_221510-1.png_Otsu.png
Component: component_1745012558532_213.png
centerX: 0.33981154299175503
centerY: 0.3431750106974754
width: 0.02767962308598351
height: 0.023106546854942234
Area: 0.00019252935694690775
CentroidX: 0.3512
CentroidY: 0.3547
