Location: 2025-04-18_221510-1.png_Mean-Medain.png
Component: component_1745012558800_147.png
centerX: 0.39399293286219084
centerY: 0.27471116816431324
width: 0.03297997644287397
height: 0.019683354728284124
Area: 0.00030593015619574085
CentroidX: 0.4071
CentroidY: 0.2847
