Location: 2025-04-18_221535-1.png_Gaussian-Closing.png
Component: component_1745012558659_75.png
centerX: 0.797997644287397
centerY: 0.12366281557552418
width: 0.0353356890459364
height: 0.028241335044929396
Area: 0.00041378691637018657
CentroidX: 0.8154
CentroidY: 0.1386
