Location: 2025-04-18_221535-1.png_Mean-Closing.png
Component: component_1745012558910_119.png
centerX: 0.15783274440518258
centerY: 0.23876765083440307
width: 0.04004711425206125
height: 0.026957637997432605
Area: 0.0004336950566827595
CentroidX: 0.1760
CentroidY: 0.2531
