Location: 2025-04-18_221450-1.png_Gaussian-Median.png
Component: component_1745012811526_349.png
centerX: 0.6849234393404005
centerY: 0.6247325631151048
width: 0.035924617196702
height: 0.02866923406076166
Area: 0.0004392390957571469
CentroidX: 0.7006
CentroidY: 0.6401
