Location: 2025-04-18_221450-1.png_Mean-Medain.png
Component: component_1745012811815_121.png
centerX: 0.5106007067137809
centerY: 0.22593068035943517
width: 0.03121319199057715
height: 0.02781343602909713
Area: 0.0003709466144317385
CentroidX: 0.5243
CentroidY: 0.2408
