Location: 2025-04-18_221510-1.png_Mean-Medain.png
Component: component_1745012558813_226.png
centerX: 0.22614840989399293
centerY: 0.42105263157894735
width: 0.030624263839811542
height: 0.022250748823277707
Area: 0.000259309827615665
CentroidX: 0.2385
CentroidY: 0.4323
