Location: 2025-04-18_221510-1.png_Mean-Medain.png
Component: component_1745012558809_202.png
centerX: 0.32744405182567726
centerY: 0.38254172015404364
width: 0.030624263839811542
height: 0.0235344458707745
Area: 0.00030089012067357053
CentroidX: 0.3400
CentroidY: 0.3945
