Location: 2025-04-18_221535-1.png_Gaussian-Closing.png
Component: component_1745012558700_261.png
centerX: 0.9322732626619552
centerY: 0.5678219940094138
width: 0.03828032979976443
height: 0.02781343602909713
Area: 0.0004982075113665401
CentroidX: 0.9526
CentroidY: 0.5824
