Location: 2025-04-18_221535-1.png_Gaussian-Closing.png
Component: component_1745012558726_421.png
centerX: 0.7620730270906949
centerY: 0.9572100984167736
width: 0.03651354534746761
height: 0.02781343602909713
Area: 0.0004788033746061842
CentroidX: 0.7788
CentroidY: 0.9710
