Location: 2025-04-18_221450-1.png_Gaussian-Median.png
Component: component_1745012811537_402.png
centerX: 0.7290930506478209
centerY: 0.7167308515190415
width: 0.04004711425206125
height: 0.029097133076593923
Area: 0.0004588952342936113
CentroidX: 0.7489
CentroidY: 0.7322
