Location: 2025-04-18_221510-1.png_Mean-Medain.png
Component: component_1745012558811_211.png
centerX: 0.19022379269729092
centerY: 0.386392811296534
width: 0.02767962308598351
height: 0.02267864783910997
Area: 0.00027115391109276536
CentroidX: 0.2009
CentroidY: 0.3973
