Location: 2025-04-18_221535-1.png_Mean-Closing.png
Component: component_1745012558943_276.png
centerX: 0.13898704358068315
centerY: 0.5956354300385109
width: 0.03297997644287397
height: 0.025246041934103552
Area: 0.00044301912239877466
CentroidX: 0.1533
CentroidY: 0.6091
