Location: 2025-04-18_221450-1.png_Mean-Medain.png
Component: component_1745012811593_43.png
centerX: 0.9369846878680801
centerY: 0.06803594351732992
width: 0.03651354534746761
height: 0.02053915275994865
Area: 0.00040824287729579917
CentroidX: 0.9534
CentroidY: 0.0794
