Location: 2025-04-18_221510-1.png_Mean-Medain.png
Component: component_1745012558779_48.png
centerX: 0.5259128386336867
centerY: 0.08087291399229782
width: 0.026501766784452298
height: 0.023106546854942234
Area: 0.0003449904314925612
CentroidX: 0.5379
CentroidY: 0.0923
