Location: 2025-04-18_221510-1.png_Otsu.png
Component: component_1745012558543_271.png
centerX: 0.09363957597173145
centerY: 0.3851091142490372
width: 0.02944640753828033
height: 0.023106546854942234
Area: 0.0001832052912308926
CentroidX: 0.1046
CentroidY: 0.3971
