Location: 2025-04-18_221450-1.png_Gaussian-Closing.png
Component: component_1745012812308_164.png
centerX: 0.9222614840989399
centerY: 0.31664527171587503
width: 0.03121319199057715
height: 0.022250748823277707
Area: 0.0004044628506541714
CentroidX: 0.9380
CentroidY: 0.3281
