Location: 2025-04-18_221450-1.png_Otsu.png
Component: component_1745012812197_356.png
centerX: 0.5188457008244994
centerY: 0.685066324347454
width: 0.03180212014134275
height: 0.026957637997432605
Area: 0.00036590657890956817
CentroidX: 0.5340
CentroidY: 0.6987
