Location: 2025-04-18_221510-1.png_Otsu.png
Component: component_1745012558582_706.png
centerX: 0.682567726737338
centerY: 0.7073170731707317
width: 0.026501766784452298
height: 0.024818142918271287
Area: 0.0001832052912308926
CentroidX: 0.6943
CentroidY: 0.7201
