Location: 2025-04-18_221510-1.png_Mean-Medain.png
Component: component_1745012558801_156.png
centerX: 0.3474676089517079
centerY: 0.30380830124090713
width: 0.03769140164899882
height: 0.023106546854942234
Area: 0.00029459007627085753
CentroidX: 0.3613
CentroidY: 0.3164
