Location: 2025-04-18_221510-1.png_Mean-Medain.png
Component: component_1745012558838_391.png
centerX: 0.9652532391048292
centerY: 0.7056054771074026
width: 0.024146054181389872
height: 0.02139495079161318
Area: 0.0002784619625999124
CentroidX: 0.9759
CentroidY: 0.7169
