Location: 2025-04-18_221535-1.png_Gaussian-Closing.png
Component: component_1745012558676_165.png
centerX: 0.04004711425206125
centerY: 0.33076593923833975
width: 0.02767962308598351
height: 0.02139495079161318
Area: 0.0003402023977464993
CentroidX: 0.0542
CentroidY: 0.3418
