Location: 2025-04-18_221510-1.png_Otsu.png
Component: component_1745012558529_181.png
centerX: 0.9358068315665489
centerY: 0.30124090714591356
width: 0.02591283863368669
height: 0.02267864783910997
Area: 0.0002338576482287047
CentroidX: 0.9467
CentroidY: 0.3133
