Location: 2025-04-18_221450-1.png_Mean-Medain.png
Component: component_1745012811933_284.png
centerX: 0.23439340400471143
centerY: 0.566538296961917
width: 0.03828032979976443
height: 0.025246041934103552
Area: 0.0004445311330554258
CentroidX: 0.2496
CentroidY: 0.5804
