Location: 2025-04-18_221510-1.png_Otsu.png
Component: component_1745012558527_153.png
centerX: 0.7573616018845701
centerY: 0.27000427899015833
width: 0.028268551236749116
height: 0.020967051775780916
Area: 0.00020512944575233367
CentroidX: 0.7709
CentroidY: 0.2812
