Location: 2025-04-18_221510-1.png_Otsu.png
Component: component_1745012558551_333.png
centerX: 0.6861012956419317
centerY: 0.4595635430038511
width: 0.030035335689045935
height: 0.021822849807445442
Area: 0.00021722553100554252
CentroidX: 0.6991
CentroidY: 0.4701
