Location: 2025-04-18_221510-1.png_Otsu.png
Component: component_1745012558591_782.png
centerX: 0.45170789163722025
centerY: 0.7462558836114677
width: 0.022968197879858657
height: 0.01797175866495507
Area: 0.00016858918821659855
CentroidX: 0.4622
CentroidY: 0.7551
