Location: 2025-04-18_221510-1.png_Otsu.png
Component: component_1745012558574_551.png
centerX: 0.4134275618374558
centerY: 0.6350021394950791
width: 0.024734982332155476
height: 0.01797175866495507
Area: 0.00012096085253208865
CentroidX: 0.4241
CentroidY: 0.6417
