Location: 2025-04-18_221450-1.png_Mean-Medain.png
Component: component_1745012811905_208.png
centerX: 0.7449941107184923
centerY: 0.4116388532306376
width: 0.034746760895170786
height: 0.02781343602909713
Area: 0.0004737633390840139
CentroidX: 0.7617
CentroidY: 0.4249
