Location: 2025-04-18_221510-1.png_Mean-Medain.png
Component: component_1745012558774_19.png
centerX: 0.5353356890459364
centerY: 0.011553273427471117
width: 0.028857479387514724
height: 0.02738553701326487
Area: 0.00044831115969705355
CentroidX: 0.5490
CentroidY: 0.0254
