Location: 2025-04-18_221450-1.png_Otsu.png
Component: component_1745012812099_36.png
centerX: 0.14016489988221437
centerY: 0.050492083868207104
width: 0.02767962308598351
height: 0.022250748823277707
Area: 0.00033642237110487156
CentroidX: 0.1542
CentroidY: 0.0627
