Location: 2025-04-18_221450-1.png_Gaussian-Closing.png
Component: component_1745012812255_20.png
centerX: 0.03415783274440518
centerY: 0.008557980316645272
width: 0.03297997644287397
height: 0.023106546854942234
Area: 0.0004377270851004958
CentroidX: 0.0478
CentroidY: 0.0207
