Location: 2025-04-18_221535-1.png_Gaussian-Closing.png
Component: component_1745012558696_240.png
centerX: 0.09363957597173145
centerY: 0.5044929396662388
width: 0.030035335689045935
height: 0.02610183996576808
Area: 0.0004336950566827595
CentroidX: 0.1066
CentroidY: 0.5168
