Location: 2025-04-18_221535-1.png_Gaussian-Closing.png
Component: component_1745012558664_100.png
centerX: 0.40223792697290933
centerY: 0.181857081728712
width: 0.03297997644287397
height: 0.02738553701326487
Area: 0.00045007517212981315
CentroidX: 0.4178
CentroidY: 0.1958
