Location: 2025-04-18_221510-1.png_Mean-Medain.png
Component: component_1745012558834_361.png
centerX: 0.3663133097762073
centerY: 0.6384253316217373
width: 0.028268551236749116
height: 0.018827556696619598
Area: 0.0002885420336442531
CentroidX: 0.3795
CentroidY: 0.6483
