Location: 2025-04-18_221450-1.png_Mean-Medain.png
Component: component_1745012811961_374.png
centerX: 0.34275618374558303
centerY: 0.7334189131364998
width: 0.04063604240282685
height: 0.0329482242190843
Area: 0.000510807600171966
CentroidX: 0.3599
CentroidY: 0.7512
