Location: 2025-04-18_221450-1.png_Otsu.png
Component: component_1745012812204_384.png
centerX: 0.08892815076560659
centerY: 0.7535301668806161
width: 0.03121319199057715
height: 0.025673940949935817
Area: 0.0003613705469396148
CentroidX: 0.1048
CentroidY: 0.7670
