Location: 2025-04-18_221450-1.png_Otsu.png
Component: component_1745012812185_295.png
centerX: 0.7285041224970553
centerY: 0.535729567821994
width: 0.038869257950530034
height: 0.02396234488660676
Area: 0.00039992681868421807
CentroidX: 0.7466
CentroidY: 0.5491
