Location: 2025-04-18_221535-1.png_Mean-Closing.png
Component: component_1745012558898_58.png
centerX: 0.5736160188457008
centerY: 0.08771929824561403
width: 0.025323910482921083
height: 0.02866923406076166
Area: 0.00036515057358124263
CentroidX: 0.5861
CentroidY: 0.1028
