Location: 2025-04-18_221535-1.png_Mean-Closing.png
Component: component_1745012558891_20.png
centerX: 0.20789163722025913
centerY: 0.008130081300813009
width: 0.04240282685512368
height: 0.026529738981600343
Area: 0.00046947930889016905
CentroidX: 0.2269
CentroidY: 0.0223
