Location: 2025-04-18_221510-1.png_Otsu.png
Component: component_1745012558504_44.png
centerX: 0.05123674911660778
centerY: 0.04835258878904578
width: 0.03121319199057715
height: 0.021822849807445442
Area: 0.00035759052029798706
CentroidX: 0.0648
CentroidY: 0.0598
