Location: 2025-04-18_221450-1.png_Mean-Medain.png
Component: component_1745012812024_461.png
centerX: 0.1425206124852768
centerY: 0.9178433889602053
width: 0.045936395759717315
height: 0.02781343602909713
Area: 0.0005077835788586638
CentroidX: 0.1646
CentroidY: 0.9329
