Location: 2025-04-18_221450-1.png_Mean-Medain.png
Component: component_1745012811969_387.png
centerX: 0.7497055359246172
centerY: 0.7573812580231065
width: 0.037102473498233215
height: 0.026957637997432605
Area: 0.0004362150744438447
CentroidX: 0.7661
CentroidY: 0.7725
