Location: 2025-04-18_221535-1.png_Mean-Closing.png
Component: component_1745012558928_212.png
centerX: 0.3963486454652532
centerY: 0.4462986735130509
width: 0.032391048292108364
height: 0.02866923406076166
Area: 0.0004515871827864643
CentroidX: 0.4128
CentroidY: 0.4607
