Location: 2025-04-18_221450-1.png_Gaussian-Median.png
Component: component_1745012811471_76.png
centerX: 0.3945818610129564
centerY: 0.11810012836970475
width: 0.034746760895170786
height: 0.021822849807445442
Area: 0.0003860667209982496
CentroidX: 0.4109
CentroidY: 0.1295
