Location: 2025-04-18_221450-1.png_Mean-Medain.png
Component: component_1745012811584_7.png
centerX: 0.7550058892815077
centerY: 0.0025673940949935813
width: 0.03415783274440518
height: 0.024390243902439025
Area: 0.0004588952342936113
CentroidX: 0.7685
CentroidY: 0.0150
