Location: 2025-04-18_221450-1.png_Gaussian-Median.png
Component: component_1745012811533_368.png
centerX: 0.032391048292108364
centerY: 0.6683782627299957
width: 0.03297997644287397
height: 0.02866923406076166
Area: 0.00041781894478792284
CentroidX: 0.0474
CentroidY: 0.6832
