Location: 2025-04-18_221535-1.png_Gaussian-Closing.png
Component: component_1745012558674_151.png
centerX: 0.6943462897526502
centerY: 0.3042362002567394
width: 0.02944640753828033
height: 0.022250748823277707
Area: 0.0003218062680905775
CentroidX: 0.7084
CentroidY: 0.3161
