Location: 2025-04-18_221450-1.png_Mean-Medain.png
Component: component_1745012811867_165.png
centerX: 0.3309776207302709
centerY: 0.323063756953359
width: 0.038869257950530034
height: 0.0235344458707745
Area: 0.0004100068897285588
CentroidX: 0.3498
CentroidY: 0.3358
