Location: 2025-04-18_221510-1.png_Otsu.png
Component: component_1745012558615_1086.png
centerX: 0.6537102473498233
centerY: 0.9178433889602053
width: 0.038869257950530034
height: 0.025246041934103552
Area: 0.0003850587138938155
CentroidX: 0.6713
CentroidY: 0.9311
