Location: 2025-04-18_221450-1.png_Gaussian-Closing.png
Component: component_1745012812317_192.png
centerX: 0.7285041224970553
centerY: 0.36970474967907574
width: 0.03180212014134275
height: 0.025246041934103552
Area: 0.0004064788648630396
CentroidX: 0.7417
CentroidY: 0.3821
