Location: 2025-04-18_221510-1.png_Mean-Medain.png
Component: component_1745012558799_139.png
centerX: 0.7573616018845701
centerY: 0.26957637997432604
width: 0.028268551236749116
height: 0.021822849807445442
Area: 0.0002714059128688739
CentroidX: 0.7711
CentroidY: 0.2811
