Location: 2025-04-18_221450-1.png_Otsu.png
Component: component_1745012812204_381.png
centerX: 0.8898704358068316
centerY: 0.7496790757381258
width: 0.03356890459363958
height: 0.02781343602909713
Area: 0.00036263055582015744
CentroidX: 0.9060
CentroidY: 0.7647
