Location: 2025-04-18_221535-1.png_Mean-Closing.png
Component: component_1745012558943_273.png
centerX: 0.18904593639575973
centerY: 0.5934959349593496
width: 0.03415783274440518
height: 0.02610183996576808
Area: 0.00045335119521922393
CentroidX: 0.2042
CentroidY: 0.6074
