Location: 2025-04-18_221450-1.png_Mean-Medain.png
Component: component_1745012811586_16.png
centerX: 0.41519434628975266
centerY: 0.004706889174154899
width: 0.038869257950530034
height: 0.024818142918271287
Area: 0.00043722308154827875
CentroidX: 0.4310
CentroidY: 0.0187
