Location: 2025-04-18_221510-1.png_Otsu.png
Component: component_1745012558550_330.png
centerX: 0.45229681978798586
centerY: 0.4591356439880188
width: 0.025323910482921083
height: 0.02139495079161318
Area: 0.00014590902836683194
CentroidX: 0.4640
CentroidY: 0.4671
