Location: 2025-04-18_221450-1.png_Gaussian-Closing.png
Component: component_1745012812340_305.png
centerX: 0.028857479387514724
centerY: 0.6195977749251177
width: 0.03769140164899882
height: 0.028241335044929396
Area: 0.000440751106413798
CentroidX: 0.0488
CentroidY: 0.6356
