Location: 2025-04-18_221510-1.png_Mean-Medain.png
Component: component_1745012558847_433.png
centerX: 0.2232037691401649
centerY: 0.7492511767222936
width: 0.03121319199057715
height: 0.019683354728284124
Area: 0.00024696174058634764
CentroidX: 0.2359
CentroidY: 0.7593
