Location: 2025-04-18_221535-1.png_Mean-Closing.png
Component: component_1745012558959_357.png
centerX: 0.8680800942285041
centerY: 0.8104407359863073
width: 0.030624263839811542
height: 0.02610183996576808
Area: 0.00042336298386231024
CentroidX: 0.8832
CentroidY: 0.8236
