Location: 2025-04-18_221510-1.png_Mean-Medain.png
Component: component_1745012558817_248.png
centerX: 0.2797408716136631
centerY: 0.45999144201968334
width: 0.028268551236749116
height: 0.025673940949935817
Area: 0.00031979025388170936
CentroidX: 0.2915
CentroidY: 0.4729
