Location: 2025-04-18_221450-1.png_Mean-Medain.png
Component: component_1745012811584_4.png
centerX: 0.14546525323910484
centerY: 0.002995293110825845
width: 0.030035335689045935
height: 0.026957637997432605
Area: 0.00048535542078500567
CentroidX: 0.1593
CentroidY: 0.0163
