Location: 2025-04-18_221450-1.png_Gaussian-Closing.png
Component: component_1745012812321_215.png
centerX: 0.6984687868080094
centerY: 0.417201540436457
width: 0.03297997644287397
height: 0.02610183996576808
Area: 0.00042134696965344214
CentroidX: 0.7129
CentroidY: 0.4309
