Location: 2025-04-18_221535-1.png_Gaussian-Closing.png
Component: component_1745012558668_127.png
centerX: 0.8822143698468787
centerY: 0.25759520753102266
width: 0.034746760895170786
height: 0.023106546854942234
Area: 0.0003858147192221411
CentroidX: 0.9012
CentroidY: 0.2700
