Location: 2025-04-18_221450-1.png_Otsu.png
Component: component_1745012812208_405.png
centerX: 0.7879858657243817
centerY: 0.8087291399229781
width: 0.03297997644287397
height: 0.02738553701326487
Area: 0.0003719546215361726
CentroidX: 0.8015
CentroidY: 0.8227
