Location: 2025-04-18_221450-1.png_Gaussian-Closing.png
Component: component_1745012812301_126.png
centerX: 0.29328621908127206
centerY: 0.23791185280273855
width: 0.032391048292108364
height: 0.02738553701326487
Area: 0.0004173149412357058
CentroidX: 0.3091
CentroidY: 0.2512
