Location: 2025-04-18_221535-1.png_Gaussian-Closing.png
Component: component_1745012558668_123.png
centerX: 0.15783274440518258
centerY: 0.23876765083440307
width: 0.04004711425206125
height: 0.026957637997432605
Area: 0.000419834958996791
CentroidX: 0.1760
CentroidY: 0.2529
