Location: 2025-04-18_221450-1.png_Otsu.png
Component: component_1745012812195_347.png
centerX: 0.8297997644287397
centerY: 0.6632434745400085
width: 0.04122497055359246
height: 0.02781343602909713
Area: 0.0003880827352071177
CentroidX: 0.8481
CentroidY: 0.6783
