Location: 2025-04-18_221450-1.png_Mean-Medain.png
Component: component_1745012811991_410.png
centerX: 0.49352179034157834
centerY: 0.8271287976037656
width: 0.04063604240282685
height: 0.030380830124090714
Area: 0.0005135796197091598
CentroidX: 0.5121
CentroidY: 0.8438
