Location: 2025-04-18_221450-1.png_Otsu.png
Component: component_1745012812189_317.png
centerX: 0.46760895170789163
centerY: 0.5939238339751819
width: 0.032391048292108364
height: 0.03080872913992298
Area: 0.0004226069785339847
CentroidX: 0.4823
CentroidY: 0.6094
