Location: 2025-04-18_221535-1.png_Mean-Closing.png
Component: component_1745012558927_210.png
centerX: 0.5023557126030624
centerY: 0.441591784338896
width: 0.032391048292108364
height: 0.028241335044929396
Area: 0.0004367190779960617
CentroidX: 0.5166
CentroidY: 0.4560
