Location: 2025-04-18_221535-1.png_Mean-Closing.png
Component: component_1745012558911_123.png
centerX: 0.8822143698468787
centerY: 0.25759520753102266
width: 0.034746760895170786
height: 0.023106546854942234
Area: 0.00038153068902829627
CentroidX: 0.9011
CentroidY: 0.2699
