Location: 2025-04-18_221510-1.png_Mean-Medain.png
Component: component_1745012558776_28.png
centerX: 0.7997644287396938
centerY: 0.044501497646555414
width: 0.03121319199057715
height: 0.02267864783910997
Area: 0.0003263423000605308
CentroidX: 0.8122
CentroidY: 0.0572
