Location: 2025-04-18_221510-1.png_Mean-Medain.png
Component: component_1745012558840_402.png
centerX: 0.7255594817432274
centerY: 0.7107402652973898
width: 0.026501766784452298
height: 0.02139495079161318
Area: 0.00027694995194326127
CentroidX: 0.7377
CentroidY: 0.7220
