Location: 2025-04-18_221535-1.png_Gaussian-Closing.png
Component: component_1745012558679_183.png
centerX: 0.09540636042402827
centerY: 0.37056054771074026
width: 0.03651354534746761
height: 0.028241335044929396
Area: 0.0004891354474266334
CentroidX: 0.1122
CentroidY: 0.3859
