Location: 2025-04-18_221450-1.png_Gaussian-Median.png
Component: component_1745012811545_448.png
centerX: 0.7285041224970553
centerY: 0.8108686350021395
width: 0.044169611307420496
height: 0.02866923406076166
Area: 0.00044805915792094504
CentroidX: 0.7474
CentroidY: 0.8273
