Location: 2025-04-18_221510-1.png_Mean-Medain.png
Component: component_1745012558833_357.png
centerX: 0.22555948174322732
centerY: 0.637997432605905
width: 0.02944640753828033
height: 0.020967051775780916
Area: 0.0003026541331063301
CentroidX: 0.2396
CentroidY: 0.6487
