Location: 2025-04-18_221450-1.png_Gaussian-Closing.png
Component: component_1745012812258_36.png
centerX: 0.07773851590106007
centerY: 0.05006418485237484
width: 0.03651354534746761
height: 0.023106546854942234
Area: 0.00042714301050393805
CentroidX: 0.0951
CentroidY: 0.0629
