Location: 2025-04-18_221450-1.png_Gaussian-Closing.png
Component: component_1745012812254_13.png
centerX: 0.702002355712603
centerY: 0.0038510911424903724
width: 0.032391048292108364
height: 0.024390243902439025
Area: 0.00042638700517561246
CentroidX: 0.7165
CentroidY: 0.0162
