Location: 2025-04-18_221535-1.png_Gaussian-Closing.png
Component: component_1745012558672_141.png
centerX: 0.2956419316843345
centerY: 0.2785622593068036
width: 0.034746760895170786
height: 0.02396234488660676
Area: 0.0003772466588344515
CentroidX: 0.3095
CentroidY: 0.2921
