Location: 2025-04-18_221450-1.png_Gaussian-Closing.png
Component: component_1745012812337_284.png
centerX: 0.23498233215547704
centerY: 0.566538296961917
width: 0.03769140164899882
height: 0.024818142918271287
Area: 0.0004404991046376895
CentroidX: 0.2497
CentroidY: 0.5804
