Location: 2025-04-18_221510-1.png_Otsu.png
Component: component_1745012558578_647.png
centerX: 0.8480565371024735
centerY: 0.6709456568249893
width: 0.027090694935217905
height: 0.017543859649122806
Area: 0.0001789212610370478
CentroidX: 0.8593
CentroidY: 0.6797
