Location: 2025-04-18_221535-1.png_Mean-Closing.png
Component: component_1745012558940_256.png
centerX: 0.09481743227326266
centerY: 0.5502781343602909
width: 0.03297997644287397
height: 0.0235344458707745
Area: 0.0004097548879524503
CentroidX: 0.1090
CentroidY: 0.5628
