Location: 2025-04-18_221510-1.png_Otsu.png
Component: component_1745012558528_159.png
centerX: 0.2408716136631331
centerY: 0.27428326914848095
width: 0.030035335689045935
height: 0.02139495079161318
Area: 0.00020790146528952737
CentroidX: 0.2523
CentroidY: 0.2849
