Location: 2025-04-18_221450-1.png_Gaussian-Median.png
Component: component_1745012811463_41.png
centerX: 0.14016489988221437
centerY: 0.050492083868207104
width: 0.02767962308598351
height: 0.022250748823277707
Area: 0.00036439456825291703
CentroidX: 0.1542
CentroidY: 0.0626
