Location: 2025-04-18_221510-1.png_Otsu.png
Component: component_1745012558557_384.png
centerX: 0.09128386336866902
centerY: 0.5010697475395807
width: 0.028857479387514724
height: 0.020967051775780916
Area: 0.0002058854510806592
CentroidX: 0.1034
CentroidY: 0.5117
