Location: 2025-04-18_221450-1.png_Gaussian-Median.png
Component: component_1745012811469_65.png
centerX: 0.028857479387514724
centerY: 0.08985879332477535
width: 0.028857479387514724
height: 0.02396234488660676
Area: 0.00037397063574504076
CentroidX: 0.0404
CentroidY: 0.1019
