Location: 2025-04-18_221535-1.png_Mean-Closing.png
Component: component_1745012558944_281.png
centerX: 0.8327444051825678
centerY: 0.6183140778776208
width: 0.03651354534746761
height: 0.028241335044929396
Area: 0.0004984595131426486
CentroidX: 0.8518
CentroidY: 0.6328
