Location: 2025-04-18_221510-1.png_Mean-Medain.png
Component: component_1745012558779_44.png
centerX: 0.7520612485276796
centerY: 0.0800171159606333
width: 0.028857479387514724
height: 0.022250748823277707
Area: 0.0003260902982844223
CentroidX: 0.7646
CentroidY: 0.0914
