Location: 2025-04-18_221450-1.png_Gaussian-Closing.png
Component: component_1745012812293_86.png
centerX: 0.5901060070671378
centerY: 0.14848095849379547
width: 0.0353356890459364
height: 0.0235344458707745
Area: 0.000405722859534714
CentroidX: 0.6050
CentroidY: 0.1606
