Location: 2025-04-18_221450-1.png_Gaussian-Median.png
Component: component_1745012811471_79.png
centerX: 0.2326266195524146
centerY: 0.12623020967051776
width: 0.03297997644287397
height: 0.0235344458707745
Area: 0.00038631872277435813
CentroidX: 0.2495
CentroidY: 0.1381
