Location: 2025-04-18_221450-1.png_Gaussian-Median.png
Component: component_1745012811558_511.png
centerX: 0.3133097762073027
centerY: 0.9507916131792897
width: 0.03297997644287397
height: 0.026957637997432605
Area: 0.00044024710286158096
CentroidX: 0.3282
CentroidY: 0.9650
