Location: 2025-04-18_221450-1.png_Gaussian-Closing.png
Component: component_1745012812316_181.png
centerX: 0.4546525323910483
centerY: 0.35258878904578517
width: 0.03121319199057715
height: 0.02396234488660676
Area: 0.0003832947014610559
CentroidX: 0.4678
CentroidY: 0.3655
