Location: 2025-04-18_221450-1.png_Otsu.png
Component: component_1745012812186_302.png
centerX: 0.3586572438162544
centerY: 0.5592640136927685
width: 0.03356890459363958
height: 0.02267864783910997
Area: 0.0003777506623866685
CentroidX: 0.3761
CentroidY: 0.5713
