Location: 2025-04-18_221450-1.png_Gaussian-Closing.png
Component: component_1745012812332_259.png
centerX: 0.450530035335689
centerY: 0.5117672229353872
width: 0.034746760895170786
height: 0.02267864783910997
Area: 0.0004180709465640314
CentroidX: 0.4676
CentroidY: 0.5232
