Location: 2025-04-18_221450-1.png_Gaussian-Closing.png
Component: component_1745012812368_430.png
centerX: 0.7290930506478209
centerY: 0.9358151476251605
width: 0.03651354534746761
height: 0.026529738981600343
Area: 0.00044251511884655764
CentroidX: 0.7485
CentroidY: 0.9503
