Location: 2025-04-18_221510-1.png_Mean-Medain.png
Component: component_1745012558825_302.png
centerX: 0.039458186101295645
centerY: 0.5631151048352588
width: 0.032391048292108364
height: 0.0235344458707745
Area: 0.0003185302450011668
CentroidX: 0.0511
CentroidY: 0.5765
