Location: 2025-04-18_221535-1.png_Gaussian-Closing.png
Component: component_1745012558706_300.png
centerX: 0.08068315665488811
centerY: 0.6439880188275567
width: 0.0353356890459364
height: 0.02781343602909713
Area: 0.0004364670762199532
CentroidX: 0.0955
CentroidY: 0.6579
