Location: 2025-04-18_221510-1.png_Mean-Medain.png
Component: component_1745012558805_177.png
centerX: 0.1955241460541814
centerY: 0.34403080872913994
width: 0.028268551236749116
height: 0.02267864783910997
Area: 0.0003235702805233371
CentroidX: 0.2077
CentroidY: 0.3552
