Location: 2025-04-18_221450-1.png_Mean-Medain.png
Component: component_1745012811875_170.png
centerX: 0.7697290930506479
centerY: 0.3299101412066752
width: 0.04181389870435807
height: 0.023106546854942234
Area: 0.00045309919344311536
CentroidX: 0.7860
CentroidY: 0.3429
