Location: 2025-04-18_221450-1.png_Gaussian-Median.png
Component: component_1745012811486_149.png
centerX: 0.33627797408716137
centerY: 0.2798459563543004
width: 0.03415783274440518
height: 0.028241335044929396
Area: 0.00042185097320565916
CentroidX: 0.3502
CentroidY: 0.2940
