Location: 2025-04-18_221510-1.png_Mean-Medain.png
Component: component_1745012558851_453.png
centerX: 0.04063604240282685
centerY: 0.7860504920838682
width: 0.028268551236749116
height: 0.02011125374411639
Area: 0.00024822174946689026
CentroidX: 0.0504
CentroidY: 0.7966
