Location: 2025-04-18_221450-1.png_Gaussian-Median.png
Component: component_1745012811497_209.png
centerX: 0.46819787985865724
centerY: 0.3893881044073599
width: 0.02767962308598351
height: 0.025673940949935817
Area: 0.0003606145416112893
CentroidX: 0.4816
CentroidY: 0.4016
