Location: 2025-04-18_221450-1.png_Gaussian-Median.png
Component: component_1745012811461_35.png
centerX: 0.45995288574793874
centerY: 0.047068891741549
width: 0.035924617196702
height: 0.023106546854942234
Area: 0.00040194283289308623
CentroidX: 0.4744
CentroidY: 0.0597
