Location: 2025-04-18_221450-1.png_Gaussian-Median.png
Component: component_1745012811540_423.png
centerX: 0.0353356890459364
centerY: 0.7539580658964484
width: 0.03415783274440518
height: 0.026529738981600343
Area: 0.0004084948790719077
CentroidX: 0.0515
CentroidY: 0.7679
