Location: 2025-04-18_221510-1.png_Mean-Medain.png
Component: component_1745012558808_191.png
centerX: 0.7090694935217904
centerY: 0.3513050919982884
width: 0.03180212014134275
height: 0.019683354728284124
Area: 0.000307946170404609
CentroidX: 0.7211
CentroidY: 0.3618
