Location: 2025-04-18_221510-1.png_Otsu.png
Component: component_1745012558521_116.png
centerX: 0.5058892815076561
centerY: 0.19554985023534446
width: 0.025323910482921083
height: 0.023106546854942234
Area: 0.0002572938134067969
CentroidX: 0.5173
CentroidY: 0.2067
