Location: 2025-04-18_221450-1.png_Gaussian-Median.png
Component: component_1745012811516_319.png
centerX: 0.8515901060070671
centerY: 0.5695335900727428
width: 0.03356890459363958
height: 0.03123662815575524
Area: 0.0004503271739059217
CentroidX: 0.8687
CentroidY: 0.5859
