Location: 2025-04-18_221450-1.png_Gaussian-Closing.png
Component: component_1745012812327_249.png
centerX: 0.1896348645465253
centerY: 0.4865211810012837
width: 0.03297997644287397
height: 0.024390243902439025
Area: 0.00036842659667065336
CentroidX: 0.2024
CentroidY: 0.4993
