Location: 2025-04-18_221450-1.png_Gaussian-Closing.png
Component: component_1745012812359_384.png
centerX: 0.558303886925795
centerY: 0.8249893025246042
width: 0.03828032979976443
height: 0.02738553701326487
Area: 0.0004735113373079053
CentroidX: 0.5785
CentroidY: 0.8390
