Location: 2025-04-18_221450-1.png_Mean-Medain.png
Component: component_1745012811861_154.png
centerX: 0.7137809187279152
centerY: 0.2939666238767651
width: 0.034746760895170786
height: 0.024818142918271287
Area: 0.0004150469252507292
CentroidX: 0.7306
CentroidY: 0.3070
