Location: 2025-04-18_221450-1.png_Mean-Medain.png
Component: component_1745012811887_181.png
centerX: 0.4081272084805654
centerY: 0.35643988018827555
width: 0.02944640753828033
height: 0.021822849807445442
Area: 0.0003505344705669486
CentroidX: 0.4206
CentroidY: 0.3674
