Location: 2025-04-18_221450-1.png_Mean-Medain.png
Component: component_1745012811947_332.png
centerX: 0.8881036513545347
centerY: 0.6602481814291827
width: 0.04652532391048292
height: 0.02781343602909713
Area: 0.000511311603724183
CentroidX: 0.9084
CentroidY: 0.6753
