Location: 2025-04-18_221510-1.png_Otsu.png
Component: component_1745012558544_275.png
centerX: 0.19081272084805653
centerY: 0.38682071031236626
width: 0.027090694935217905
height: 0.020967051775780916
Area: 0.00018018126991759038
CentroidX: 0.2005
CentroidY: 0.3973
