Location: 2025-04-18_221510-1.png_Mean-Medain.png
Component: component_1745012558792_99.png
centerX: 0.8209658421672555
centerY: 0.1878476679503637
width: 0.02591283863368669
height: 0.023106546854942234
Area: 0.00030593015619574085
CentroidX: 0.8324
CentroidY: 0.1990
