Location: 2025-04-18_221510-1.png_Otsu.png
Component: component_1745012558587_768.png
centerX: 0.8191990577149588
centerY: 0.7419768934531451
width: 0.02120141342756184
height: 0.018827556696619598
Area: 9.702068380177943e-05
CentroidX: 0.8279
CentroidY: 0.7502
