Location: 2025-04-18_221450-1.png_Otsu.png
Component: component_1745012812104_58.png
centerX: 0.925206124852768
centerY: 0.094137783483098
width: 0.02944640753828033
height: 0.023106546854942234
Area: 0.0003366743728809801
CentroidX: 0.9383
CentroidY: 0.1058
