Location: 2025-04-18_221510-1.png_Otsu.png
Component: component_1745012558511_63.png
centerX: 0.10482921083627797
centerY: 0.08386820710312366
width: 0.028268551236749116
height: 0.025673940949935817
Area: 0.0003202942574339264
CentroidX: 0.1183
CentroidY: 0.0965
