Location: 2025-04-18_221450-1.png_Otsu.png
Component: component_1745012812218_450.png
centerX: 0.25500588928150764
centerY: 0.9131364997860505
width: 0.03180212014134275
height: 0.029525032092426188
Area: 0.0003906027529682029
CentroidX: 0.2691
CentroidY: 0.9286
