Location: 2025-04-18_221450-1.png_Mean-Medain.png
Component: component_1745012811915_239.png
centerX: 0.2862190812720848
centerY: 0.4818142918271288
width: 0.03180212014134275
height: 0.021822849807445442
Area: 0.00037069461265563
CentroidX: 0.2992
CentroidY: 0.4930
