Location: 2025-04-18_221510-1.png_Mean-Medain.png
Component: component_1745012558826_307.png
centerX: 0.27267373380447585
centerY: 0.5643988018827557
width: 0.02767962308598351
height: 0.02139495079161318
Area: 0.0002908100496292298
CentroidX: 0.2835
CentroidY: 0.5759
