Location: 2025-04-18_221450-1.png_Gaussian-Median.png
Component: component_1745012811467_54.png
centerX: 0.6978798586572438
centerY: 0.07573812580231065
width: 0.02767962308598351
height: 0.0235344458707745
Area: 0.0003689306002228704
CentroidX: 0.7126
CentroidY: 0.0877
