Location: 2025-04-18_221510-1.png_Otsu.png
Component: component_1745012558588_771.png
centerX: 0.673733804475854
centerY: 0.7441163885323063
width: 0.03121319199057715
height: 0.01797175866495507
Area: 0.00011214079036829052
CentroidX: 0.6849
CentroidY: 0.7557
