Location: 2025-04-18_221450-1.png_Gaussian-Median.png
Component: component_1745012811517_324.png
centerX: 0.7373380447585395
centerY: 0.5776636713735558
width: 0.03651354534746761
height: 0.029097133076593923
Area: 0.00045587121298030906
CentroidX: 0.7545
CentroidY: 0.5933
