Location: 2025-04-18_221535-1.png_Gaussian-Closing.png
Component: component_1745012558650_39.png
centerX: 0.6230859835100118
centerY: 0.04664099272571673
width: 0.02767962308598351
height: 0.026529738981600343
Area: 0.00034171440840315045
CentroidX: 0.6353
CentroidY: 0.0607
