Location: 2025-04-18_221510-1.png_Mean-Medain.png
Component: component_1745012558828_319.png
centerX: 0.40223792697290933
centerY: 0.5686777920410783
width: 0.030035335689045935
height: 0.019683354728284124
Area: 0.0002799739732565635
CentroidX: 0.4159
CentroidY: 0.5796
