Location: 2025-04-18_221510-1.png_Otsu.png
Component: component_1745012558616_1094.png
centerX: 0.22614840989399293
centerY: 0.9341035515618314
width: 0.030035335689045935
height: 0.023106546854942234
Area: 0.0003860667209982496
CentroidX: 0.2392
CentroidY: 0.9449
