Location: 2025-04-18_221450-1.png_Mean-Medain.png
Component: component_1745012811837_148.png
centerX: 0.8227326266195524
centerY: 0.28712023962344885
width: 0.034746760895170786
height: 0.025673940949935817
Area: 0.0004092508844002333
CentroidX: 0.8370
CentroidY: 0.3011
