Location: 2025-04-18_221510-1.png_Mean-Medain.png
Component: component_1745012558793_103.png
centerX: 0.5612485276796231
centerY: 0.19212665810868634
width: 0.02767962308598351
height: 0.02610183996576808
Area: 0.0003185302450011668
CentroidX: 0.5722
CentroidY: 0.2050
