Location: 2025-04-18_221510-1.png_Otsu.png
Component: component_1745012558603_1013.png
centerX: 0.9346289752650176
centerY: 0.8031664527171587
width: 0.02767962308598351
height: 0.021822849807445442
Area: 0.0003318863391349182
CentroidX: 0.9491
CentroidY: 0.8144
