Location: 2025-04-18_221450-1.png_Mean-Medain.png
Component: component_1745012811938_308.png
centerX: 0.2856301531213192
centerY: 0.6063329054343175
width: 0.04652532391048292
height: 0.029097133076593923
Area: 0.000517611648126896
CentroidX: 0.3051
CentroidY: 0.6228
