Location: 2025-04-18_221535-1.png_Mean-Closing.png
Component: component_1745012558915_148.png
centerX: 0.5901060070671378
centerY: 0.30509199828840394
width: 0.03356890459363958
height: 0.026957637997432605
Area: 0.0004180709465640314
CentroidX: 0.6081
CentroidY: 0.3186
