Location: 2025-04-18_221450-1.png_Mean-Medain.png
Component: component_1745012811600_69.png
centerX: 0.3945818610129564
centerY: 0.11767222935387249
width: 0.034746760895170786
height: 0.022250748823277707
Area: 0.00038858673875933475
CentroidX: 0.4109
CentroidY: 0.1294
