Location: 2025-04-18_221510-1.png_Mean-Medain.png
Component: component_1745012558779_45.png
centerX: 0.30683156654888105
centerY: 0.08087291399229782
width: 0.02591283863368669
height: 0.024390243902439025
Area: 0.0003328943462393523
CentroidX: 0.3189
CentroidY: 0.0925
