Location: 2025-04-18_221450-1.png_Gaussian-Closing.png
Component: component_1745012812325_239.png
centerX: 0.45170789163722025
centerY: 0.47026101839965767
width: 0.03828032979976443
height: 0.02053915275994865
Area: 0.00039211476362485404
CentroidX: 0.4666
CentroidY: 0.4813
