Location: 2025-04-18_221510-1.png_Otsu.png
Component: component_1745012558521_114.png
centerX: 0.6154299175500589
centerY: 0.19127086007702182
width: 0.028268551236749116
height: 0.022250748823277707
Area: 0.00023259763934816214
CentroidX: 0.6254
CentroidY: 0.2026
