Location: 2025-04-18_221450-1.png_Gaussian-Median.png
Component: component_1745012811498_214.png
centerX: 0.9228504122497055
centerY: 0.40393667094565683
width: 0.030624263839811542
height: 0.024818142918271287
Area: 0.00036263055582015744
CentroidX: 0.9380
CentroidY: 0.4166
