Location: 2025-04-18_221510-1.png_Otsu.png
Component: component_1745012558575_562.png
centerX: 0.32037691401649
centerY: 0.6388532306375695
width: 0.025323910482921083
height: 0.01797175866495507
Area: 0.00016606917045551336
CentroidX: 0.3326
CentroidY: 0.6479
