Location: 2025-04-18_221450-1.png_Otsu.png
Component: component_1745012812100_39.png
centerX: 0.2479387514723204
centerY: 0.051347881899871634
width: 0.03769140164899882
height: 0.02267864783910997
Area: 0.00038833473698322624
CentroidX: 0.2657
CentroidY: 0.0633
