Location: 2025-04-18_221510-1.png_Otsu.png
Component: component_1745012558516_96.png
centerX: 0.571849234393404
centerY: 0.15190415062045357
width: 0.030624263839811542
height: 0.0235344458707745
Area: 0.00026913789688389725
CentroidX: 0.5847
CentroidY: 0.1636
