Location: 2025-04-18_221450-1.png_Mean-Medain.png
Component: component_1745012811996_416.png
centerX: 0.13780918727915195
centerY: 0.8395378690629012
width: 0.03121319199057715
height: 0.02738553701326487
Area: 0.00042437099096674435
CentroidX: 0.1516
CentroidY: 0.8548
