Location: 2025-04-18_221450-1.png_Mean-Medain.png
Component: component_1745012811586_18.png
centerX: 0.36454652532391046
centerY: 0.006418485237483954
width: 0.032391048292108364
height: 0.023106546854942234
Area: 0.0004331910531305425
CentroidX: 0.3792
CentroidY: 0.0187
