Location: 2025-04-18_221450-1.png_Mean-Medain.png
Component: component_1745012811988_401.png
centerX: 0.03769140164899882
centerY: 0.7984595635430038
width: 0.027090694935217905
height: 0.02781343602909713
Area: 0.00038102668547607924
CentroidX: 0.0493
CentroidY: 0.8125
