Location: 2025-04-18_221510-1.png_Otsu.png
Component: component_1745012558588_774.png
centerX: 0.6301531213191991
centerY: 0.7449721865639709
width: 0.02061248527679623
height: 0.01797175866495507
Area: 0.00013910498041190195
CentroidX: 0.6391
CentroidY: 0.7528
