Location: 2025-04-18_221450-1.png_Otsu.png
Component: component_1745012812170_233.png
centerX: 0.6183745583038869
centerY: 0.4240479246897732
width: 0.027090694935217905
height: 0.025673940949935817
Area: 0.00034322641905980153
CentroidX: 0.6318
CentroidY: 0.4360
