Location: 2025-04-18_221510-1.png_Mean-Medain.png
Component: component_1745012558839_394.png
centerX: 0.9263839811542992
centerY: 0.7081728712023962
width: 0.022968197879858657
height: 0.02053915275994865
Area: 0.0002603178347200991
CentroidX: 0.9376
CentroidY: 0.7186
