Location: 2025-04-18_221510-1.png_Otsu.png
Component: component_1745012558547_298.png
centerX: 0.3197879858657244
centerY: 0.42105263157894735
width: 0.03180212014134275
height: 0.019683354728284124
Area: 0.00015976912605280042
CentroidX: 0.3306
CentroidY: 0.4322
