Location: 2025-04-18_221450-1.png_Otsu.png
Component: component_1745012812220_460.png
centerX: 0.7862190812720848
centerY: 0.9358151476251605
width: 0.035924617196702
height: 0.026529738981600343
Area: 0.0004309230371455658
CentroidX: 0.8033
CentroidY: 0.9500
