Location: 2025-04-18_221535-1.png_Mean-Closing.png
Component: component_1745012558948_307.png
centerX: 0.6654888103651354
centerY: 0.6765083440308087
width: 0.034746760895170786
height: 0.025673940949935817
Area: 0.000468471301785735
CentroidX: 0.6833
CentroidY: 0.6902
