Location: 2025-04-18_221535-1.png_Gaussian-Closing.png
Component: component_1745012558715_360.png
centerX: 0.12779740871613662
centerY: 0.7826272999572101
width: 0.032391048292108364
height: 0.025246041934103552
Area: 0.0004221029749817677
CentroidX: 0.1446
CentroidY: 0.7963
