Location: 2025-04-18_221450-1.png_Gaussian-Closing.png
Component: component_1745012812355_362.png
centerX: 0.8003533568904594
centerY: 0.7552417629439452
width: 0.03180212014134275
height: 0.02738553701326487
Area: 0.0004032028417736288
CentroidX: 0.8154
CentroidY: 0.7698
