Location: 2025-04-18_221510-1.png_Mean-Medain.png
Component: component_1745012558802_162.png
centerX: 0.2997644287396938
centerY: 0.306803594351733
width: 0.0353356890459364
height: 0.021822849807445442
Area: 0.0002908100496292298
CentroidX: 0.3122
CentroidY: 0.3181
