Location: 2025-04-18_221535-1.png_Gaussian-Closing.png
Component: component_1745012558656_59.png
centerX: 0.8981154299175501
centerY: 0.08557980316645272
width: 0.03297997644287397
height: 0.025673940949935817
Area: 0.0003749786428494748
CentroidX: 0.9152
CentroidY: 0.0986
