Location: 2025-04-18_221535-1.png_Gaussian-Closing.png
Component: component_1745012558715_361.png
centerX: 0.034746760895170786
centerY: 0.7864783910997005
width: 0.03121319199057715
height: 0.021822849807445442
Area: 0.00037598664995390886
CentroidX: 0.0481
CentroidY: 0.7983
