Location: 2025-04-18_221510-1.png_Mean-Medain.png
Component: component_1745012558814_229.png
centerX: 0.04181389870435807
centerY: 0.4240479246897732
width: 0.028268551236749116
height: 0.02053915275994865
Area: 0.00026107384004842466
CentroidX: 0.0531
CentroidY: 0.4360
