Location: 2025-04-18_221450-1.png_Gaussian-Closing.png
Component: component_1745012812322_219.png
centerX: 0.5070671378091873
centerY: 0.4291827128797604
width: 0.03121319199057715
height: 0.026957637997432605
Area: 0.0004032028417736288
CentroidX: 0.5207
CentroidY: 0.4422
