Location: 2025-04-18_221450-1.png_Mean-Medain.png
Component: component_1745012811939_316.png
centerX: 0.13722025912838634
centerY: 0.6191698759092854
width: 0.0353356890459364
height: 0.02781343602909713
Area: 0.00045637521653252614
CentroidX: 0.1533
CentroidY: 0.6340
