Location: 2025-04-18_221510-1.png_Otsu.png
Component: component_1745012558561_412.png
centerX: 0.26442873969375735
centerY: 0.5318784766795036
width: 0.03180212014134275
height: 0.02053915275994865
Area: 0.000237889676646441
CentroidX: 0.2762
CentroidY: 0.5422
