Location: 2025-04-18_221450-1.png_Otsu.png
Component: component_1745012812155_174.png
centerX: 0.3875147232037691
centerY: 0.32135216089002994
width: 0.035924617196702
height: 0.02267864783910997
Area: 0.0003606145416112893
CentroidX: 0.4023
CentroidY: 0.3340
