Location: 2025-04-18_221510-1.png_Otsu.png
Component: component_1745012558620_1116.png
centerX: 0.2420494699646643
centerY: 0.9666238767650834
width: 0.037102473498233215
height: 0.02267864783910997
Area: 0.00037598664995390886
CentroidX: 0.2564
CentroidY: 0.9778
