Location: 2025-04-18_221535-1.png_Mean-Closing.png
Component: component_1745012558916_154.png
centerX: 0.34393404004711425
centerY: 0.31407787762088146
width: 0.028857479387514724
height: 0.025246041934103552
Area: 0.0003719546215361726
CentroidX: 0.3584
CentroidY: 0.3271
