Location: 2025-04-18_221510-1.png_Otsu.png
Component: component_1745012558604_1018.png
centerX: 0.7055359246171967
centerY: 0.8087291399229781
width: 0.03415783274440518
height: 0.020967051775780916
Area: 0.0003245782876277712
CentroidX: 0.7199
CentroidY: 0.8196
