Location: 2025-04-18_221450-1.png_Gaussian-Closing.png
Component: component_1745012812253_8.png
centerX: 0.8616018845700825
centerY: 0.002995293110825845
width: 0.03828032979976443
height: 0.0235344458707745
Area: 0.00048056738703894386
CentroidX: 0.8762
CentroidY: 0.0157
