Location: 2025-04-18_221450-1.png_Gaussian-Closing.png
Component: component_1745012812321_212.png
centerX: 0.7449941107184923
centerY: 0.4116388532306376
width: 0.03415783274440518
height: 0.02781343602909713
Area: 0.0004687233035618435
CentroidX: 0.7617
CentroidY: 0.4249
