Location: 2025-04-18_221450-1.png_Mean-Medain.png
Component: component_1745012811957_365.png
centerX: 0.08186101295641932
centerY: 0.7107402652973898
width: 0.039458186101295645
height: 0.02610183996576808
Area: 0.0004571312218608517
CentroidX: 0.0996
CentroidY: 0.7254
