Location: 2025-04-18_221450-1.png_Otsu.png
Component: component_1745012812156_186.png
centerX: 0.6696113074204947
centerY: 0.33590072742832694
width: 0.02944640753828033
height: 0.025246041934103552
Area: 0.0003265943018366393
CentroidX: 0.6833
CentroidY: 0.3494
