Location: 2025-04-18_221510-1.png_Mean-Medain.png
Component: component_1745012558832_352.png
centerX: 0.4110718492343934
centerY: 0.6350021394950791
width: 0.03121319199057715
height: 0.021822849807445442
Area: 0.0003122302005984538
CentroidX: 0.4251
CentroidY: 0.6465
