Location: 2025-04-18_221510-1.png_Otsu.png
Component: component_1745012558597_804.png
centerX: 0.13427561837455831
centerY: 0.7496790757381258
width: 0.02591283863368669
height: 0.018399657680787333
Area: 0.00012146485608430569
CentroidX: 0.1444
CentroidY: 0.7599
