Location: 2025-04-18_221510-1.png_Mean-Medain.png
Component: component_1745012558830_333.png
centerX: 0.31566548881036516
centerY: 0.6046213093709885
width: 0.028268551236749116
height: 0.02011125374411639
Area: 0.00027216191819719946
CentroidX: 0.3275
CentroidY: 0.6151
