Location: 2025-04-18_221450-1.png_Otsu.png
Component: component_1745012812115_91.png
centerX: 0.8875147232037691
centerY: 0.1668806161745828
width: 0.02944640753828033
height: 0.02396234488660676
Area: 0.0003235702805233371
CentroidX: 0.9007
CentroidY: 0.1795
