Location: 2025-04-18_221450-1.png_Otsu.png
Component: component_1745012812104_60.png
centerX: 0.8121319199057715
centerY: 0.10098416773641421
width: 0.035924617196702
height: 0.02267864783910997
Area: 0.0003472584474775378
CentroidX: 0.8275
CentroidY: 0.1133
