Location: 2025-04-18_221535-1.png_Gaussian-Closing.png
Component: component_1745012558664_101.png
centerX: 0.251472320376914
centerY: 0.1857081728712024
width: 0.035924617196702
height: 0.029525032092426188
Area: 0.00043974309930936394
CentroidX: 0.2681
CentroidY: 0.2004
