Location: 2025-04-18_221510-1.png_Mean-Medain.png
Component: component_1745012558810_204.png
centerX: 0.7561837455830389
centerY: 0.38254172015404364
width: 0.024734982332155476
height: 0.02011125374411639
Area: 0.00024040969440752619
CentroidX: 0.7656
CentroidY: 0.3933
