Location: 2025-04-18_221510-1.png_Otsu.png
Component: component_1745012558514_82.png
centerX: 0.20141342756183744
centerY: 0.11938382541720154
width: 0.028268551236749116
height: 0.022250748823277707
Area: 0.0002751859395105017
CentroidX: 0.2140
CentroidY: 0.1303
