Location: 2025-04-18_221535-1.png_Mean-Closing.png
Component: component_1745012558924_198.png
centerX: 0.14782096584216725
centerY: 0.4120667522464698
width: 0.03180212014134275
height: 0.025673940949935817
Area: 0.00044856316147316207
CentroidX: 0.1619
CentroidY: 0.4257
