Location: 2025-04-18_221535-1.png_Mean-Closing.png
Component: component_1745012558892_25.png
centerX: 0.3916372202591284
centerY: 0.01198117244330338
width: 0.03180212014134275
height: 0.02610183996576808
Area: 0.00039967481690810955
CentroidX: 0.4077
CentroidY: 0.0262
