Location: 2025-04-18_221450-1.png_Gaussian-Median.png
Component: component_1745012811489_168.png
centerX: 0.4905771495877503
centerY: 0.3153615746683783
width: 0.03121319199057715
height: 0.023106546854942234
Area: 0.0003530544883280337
CentroidX: 0.5063
CentroidY: 0.3275
