Location: 2025-04-18_221535-1.png_Gaussian-Closing.png
Component: component_1745012558658_71.png
centerX: 0.09540636042402827
centerY: 0.10141206675224647
width: 0.04004711425206125
height: 0.025673940949935817
Area: 0.0003845547103415985
CentroidX: 0.1127
CentroidY: 0.1152
