Location: 2025-04-18_221510-1.png_Otsu.png
Component: component_1745012558583_713.png
centerX: 0.5482921083627798
centerY: 0.7103123662815576
width: 0.024734982332155476
height: 0.019683354728284124
Area: 0.00017186521130600928
CentroidX: 0.5597
CentroidY: 0.7203
