Location: 2025-04-18_221450-1.png_Otsu.png
Component: component_1745012812159_201.png
centerX: 0.7820965842167256
centerY: 0.3641420624732563
width: 0.03297997644287397
height: 0.025246041934103552
Area: 0.0003805226819238622
CentroidX: 0.7980
CentroidY: 0.3773
