Location: 2025-04-18_221510-1.png_Mean-Medain.png
Component: component_1745012558829_330.png
centerX: 0.5895170789163722
centerY: 0.6033376123234917
width: 0.025323910482921083
height: 0.023106546854942234
Area: 0.0002779579590476954
CentroidX: 0.6008
CentroidY: 0.6148
