Location: 2025-04-18_221510-1.png_Otsu.png
Component: component_1745012558534_223.png
centerX: 0.4375736160188457
centerY: 0.3461703038083012
width: 0.025323910482921083
height: 0.020967051775780916
Area: 0.00018093727524591592
CentroidX: 0.4466
CentroidY: 0.3574
