Location: 2025-04-18_221450-1.png_Gaussian-Median.png
Component: component_1745012811473_89.png
centerX: 0.6513545347467609
centerY: 0.1467693624304664
width: 0.032391048292108364
height: 0.021822849807445442
Area: 0.0003744746392972578
CentroidX: 0.6666
CentroidY: 0.1585
