Location: 2025-04-18_221535-1.png_Gaussian-Closing.png
Component: component_1745012558713_345.png
centerX: 0.8780918727915195
centerY: 0.762943945228926
width: 0.030624263839811542
height: 0.02781343602909713
Area: 0.0004478071561448365
CentroidX: 0.8938
CentroidY: 0.7771
