Location: 2025-04-18_221450-1.png_Gaussian-Closing.png
Component: component_1745012812303_135.png
centerX: 0.7626619552414605
centerY: 0.2524604193410355
width: 0.04122497055359246
height: 0.025673940949935817
Area: 0.00042739501228004656
CentroidX: 0.7836
CentroidY: 0.2658
