Location: 2025-04-18_221450-1.png_Mean-Medain.png
Component: component_1745012812026_467.png
centerX: 0.9081272084805654
centerY: 0.9319640564826701
width: 0.03297997644287397
height: 0.026529738981600343
Area: 0.00045813922896528574
CentroidX: 0.9232
CentroidY: 0.9455
