Location: 2025-04-18_221510-1.png_Mean-Medain.png
Component: component_1745012558834_359.png
centerX: 0.08362779740871613
centerY: 0.6388532306375695
width: 0.028857479387514724
height: 0.021822849807445442
Area: 0.0002840060016742998
CentroidX: 0.0990
CentroidY: 0.6499
