Location: 2025-04-18_221450-1.png_Gaussian-Closing.png
Component: component_1745012812309_165.png
centerX: 0.875736160188457
centerY: 0.3204963628583654
width: 0.030035335689045935
height: 0.0235344458707745
Area: 0.00037271062686449814
CentroidX: 0.8884
CentroidY: 0.3326
