Location: 2025-04-18_221510-1.png_Mean-Medain.png
Component: component_1745012558795_113.png
centerX: 0.045936395759717315
centerY: 0.2032520325203252
width: 0.02944640753828033
height: 0.02053915275994865
Area: 0.000314750218359539
CentroidX: 0.0585
CentroidY: 0.2144
