Location: 2025-04-18_221535-1.png_Mean-Closing.png
Component: component_1745012558905_90.png
centerX: 0.7143698468786808
centerY: 0.16859221223791185
width: 0.0353356890459364
height: 0.02781343602909713
Area: 0.00042462299274285286
CentroidX: 0.7302
CentroidY: 0.1823
