Location: 2025-04-18_221450-1.png_Mean-Medain.png
Component: component_1745012811908_218.png
centerX: 0.9316843345111896
centerY: 0.4411638853230638
width: 0.0353356890459364
height: 0.021822849807445442
Area: 0.0003908547547443114
CentroidX: 0.9458
CentroidY: 0.4524
