Location: 2025-04-18_221510-1.png_Mean-Medain.png
Component: component_1745012558799_141.png
centerX: 0.2868080094228504
centerY: 0.2725716730851519
width: 0.030035335689045935
height: 0.022250748823277707
Area: 0.0002668698808989206
CentroidX: 0.2986
CentroidY: 0.2834
