Location: 2025-04-18_221535-1.png_Mean-Closing.png
Component: component_1745012558931_220.png
centerX: 0.9522968197879859
centerY: 0.47282841249465124
width: 0.03297997644287397
height: 0.03080872913992298
Area: 0.0005281957227234537
CentroidX: 0.9693
CentroidY: 0.4891
