Location: 2025-04-18_221450-1.png_Gaussian-Median.png
Component: component_1745012811482_130.png
centerX: 0.29328621908127206
centerY: 0.23791185280273855
width: 0.03297997644287397
height: 0.02738553701326487
Area: 0.0004183229483401399
CentroidX: 0.3091
CentroidY: 0.2512
