Location: 2025-04-18_221450-1.png_Gaussian-Median.png
Component: component_1745012811539_412.png
centerX: 0.4464075382803298
centerY: 0.733846812152332
width: 0.03356890459363958
height: 0.02610183996576808
Area: 0.00043419906023497653
CentroidX: 0.4621
CentroidY: 0.7475
