Location: 2025-04-18_221450-1.png_Gaussian-Closing.png
Component: component_1745012812348_335.png
centerX: 0.3674911660777385
centerY: 0.6940522036799316
width: 0.034746760895170786
height: 0.02781343602909713
Area: 0.00042033896254900803
CentroidX: 0.3837
CentroidY: 0.7090
