Location: 2025-04-18_221535-1.png_Mean-Closing.png
Component: component_1745012558918_171.png
centerX: 0.48056537102473496
centerY: 0.35344458707744975
width: 0.02944640753828033
height: 0.029097133076593923
Area: 0.0004871194332177653
CentroidX: 0.4946
CentroidY: 0.3684
