Location: 2025-04-18_221535-1.png_Gaussian-Closing.png
Component: component_1745012558686_218.png
centerX: 0.24852767962308597
centerY: 0.45271715875053486
width: 0.034746760895170786
height: 0.029097133076593923
Area: 0.00045587121298030906
CentroidX: 0.2637
CentroidY: 0.4674
