Location: 2025-04-18_221510-1.png_Otsu.png
Component: component_1745012558617_1096.png
centerX: 0.1336866902237927
centerY: 0.9353872486093282
width: 0.030035335689045935
height: 0.02396234488660676
Area: 0.0003792626730433196
CentroidX: 0.1481
CentroidY: 0.9483
