Location: 2025-04-18_221510-1.png_Mean-Medain.png
Component: component_1745012558827_317.png
centerX: 0.3574793875147232
centerY: 0.566538296961917
width: 0.030035335689045935
height: 0.02267864783910997
Area: 0.0002991261082408109
CentroidX: 0.3715
CentroidY: 0.5782
