Location: 2025-04-18_221510-1.png_Otsu.png
Component: component_1745012558581_661.png
centerX: 0.08775029446407538
centerY: 0.6765083440308087
width: 0.028857479387514724
height: 0.022250748823277707
Area: 0.00017287321841044336
CentroidX: 0.0983
CentroidY: 0.6885
