Location: easy21_Mean-Medain.png
Component: component_1744297381009_983.png
centerX: 0.34274193548387094
centerY: 0.7452107279693486
width: 0.016129032258064516
height: 0.014367816091954023
Area: 0.0001135520949202818
CentroidX: 0.3492
CentroidY: 0.7518
