Location: 2025-04-18_221450-1.png_Mean-Medain.png
Component: component_1745012811998_421.png
centerX: 0.03121319199057715
centerY: 0.8476679503637141
width: 0.03651354534746761
height: 0.0235344458707745
Area: 0.00039791080447534996
CentroidX: 0.0466
CentroidY: 0.8612
