Location: 2025-04-18_221510-1.png_Otsu.png
Component: component_1745012558513_74.png
centerX: 0.5117785630153121
centerY: 0.11210954214805306
width: 0.030035335689045935
height: 0.02396234488660676
Area: 0.00028198998746543165
CentroidX: 0.5248
CentroidY: 0.1250
