Location: 2025-04-18_221510-1.png_Otsu.png
Component: component_1745012558522_127.png
centerX: 0.9558303886925795
centerY: 0.2267864783910997
width: 0.025323910482921083
height: 0.019683354728284124
Area: 0.00022856561093042584
CentroidX: 0.9673
CentroidY: 0.2367
