Location: 2025-04-18_221450-1.png_Gaussian-Closing.png
Component: component_1745012812325_235.png
centerX: 0.6248527679623086
centerY: 0.45699614890885754
width: 0.0353356890459364
height: 0.02267864783910997
Area: 0.0003717026197600641
CentroidX: 0.6388
CentroidY: 0.4694
