Location: 2025-04-18_221450-1.png_Gaussian-Median.png
Component: component_1745012811516_320.png
centerX: 0.13427561837455831
centerY: 0.5699614890885751
width: 0.032391048292108364
height: 0.023106546854942234
Area: 0.00036187455049183185
CentroidX: 0.1483
CentroidY: 0.5826
