Location: 2025-04-18_221535-1.png_Gaussian-Closing.png
Component: component_1745012558663_97.png
centerX: 0.5577149587750294
centerY: 0.17629439452289258
width: 0.030035335689045935
height: 0.028241335044929396
Area: 0.0003958947902664818
CentroidX: 0.5706
CentroidY: 0.1906
