Location: 2025-04-18_221450-1.png_Gaussian-Median.png
Component: component_1745012811502_239.png
centerX: 0.7809187279151943
centerY: 0.44843816859221225
width: 0.037102473498233215
height: 0.023106546854942234
Area: 0.00040068282401254366
CentroidX: 0.7967
CentroidY: 0.4599
