Location: 2025-04-18_221535-1.png_Gaussian-Closing.png
Component: component_1745012558689_225.png
centerX: 0.8539458186101295
centerY: 0.47454000855798034
width: 0.03651354534746761
height: 0.03080872913992298
Area: 0.0005234076889773919
CentroidX: 0.8737
CentroidY: 0.4909
