Location: 2025-04-18_221510-1.png_Otsu.png
Component: component_1745012558587_760.png
centerX: 0.958186101295642
centerY: 0.7385537013264869
width: 0.023557126030624265
height: 0.017543859649122806
Area: 0.0001091167690549883
CentroidX: 0.9676
CentroidY: 0.7467
