Location: 2025-04-18_221450-1.png_Mean-Medain.png
Component: component_1745012811825_138.png
centerX: 0.6707891637220259
centerY: 0.2593068035943517
width: 0.03297997644287397
height: 0.0235344458707745
Area: 0.0004180709465640314
CentroidX: 0.6863
CentroidY: 0.2709
