Location: 2025-04-18_221450-1.png_Otsu.png
Component: component_1745012812186_301.png
centerX: 0.41048292108362777
centerY: 0.5545571245186136
width: 0.03356890459363958
height: 0.025673940949935817
Area: 0.00035985853628296374
CentroidX: 0.4266
CentroidY: 0.5681
