Location: 2025-04-18_221450-1.png_Gaussian-Closing.png
Component: component_1745012812291_83.png
centerX: 0.7049469964664311
centerY: 0.14163457424047926
width: 0.030624263839811542
height: 0.024390243902439025
Area: 0.00037825466593888554
CentroidX: 0.7200
CentroidY: 0.1542
