Location: 2025-04-18_221510-1.png_Mean-Medain.png
Component: component_1745012558835_370.png
centerX: 0.6796230859835101
centerY: 0.6692340607616603
width: 0.02944640753828033
height: 0.020967051775780916
Area: 0.0002799739732565635
CentroidX: 0.6910
CentroidY: 0.6803
