Location: 2025-04-18_221510-1.png_Otsu.png
Component: component_1745012558541_234.png
centerX: 0.6595995288574794
centerY: 0.34959349593495936
width: 0.028268551236749116
height: 0.020967051775780916
Area: 0.00018975733740971405
CentroidX: 0.6703
CentroidY: 0.3607
