Location: 2025-04-18_221450-1.png_Gaussian-Closing.png
Component: component_1745012812302_131.png
centerX: 0.8763250883392226
centerY: 0.24775353016688062
width: 0.028268551236749116
height: 0.0235344458707745
Area: 0.00032810631249329046
CentroidX: 0.8877
CentroidY: 0.2604
