Location: 2025-04-18_221535-1.png_Gaussian-Closing.png
Component: component_1745012558668_124.png
centerX: 0.09540636042402827
centerY: 0.24005134788189988
width: 0.04063604240282685
height: 0.02610183996576808
Area: 0.00039992681868421807
CentroidX: 0.1113
CentroidY: 0.2546
