Location: 2025-04-18_221450-1.png_Gaussian-Median.png
Component: component_1745012811502_237.png
centerX: 0.8345111896348646
centerY: 0.4441591784338896
width: 0.03828032979976443
height: 0.023106546854942234
Area: 0.0004089988826241247
CentroidX: 0.8494
CentroidY: 0.4562
