Location: 2025-04-18_221510-1.png_Mean-Medain.png
Component: component_1745012558779_46.png
centerX: 0.3580683156654888
centerY: 0.08044501497646556
width: 0.028268551236749116
height: 0.02396234488660676
Area: 0.00035154247767138264
CentroidX: 0.3695
CentroidY: 0.0924
