Location: 2025-04-18_221510-1.png_Otsu.png
Component: component_1745012558554_367.png
centerX: 0.6442873969375736
centerY: 0.4933675652545999
width: 0.028857479387514724
height: 0.021822849807445442
Area: 0.00024292971216861137
CentroidX: 0.6574
CentroidY: 0.5038
