Location: 2025-04-18_221510-1.png_Mean-Medain.png
Component: component_1745012558845_426.png
centerX: 0.5447585394581861
centerY: 0.7462558836114677
width: 0.02944640753828033
height: 0.019255455712451863
Area: 0.00021621752390110844
CentroidX: 0.5567
CentroidY: 0.7569
