Location: 2025-04-18_221535-1.png_Mean-Closing.png
Component: component_1745012558912_134.png
centerX: 0.40223792697290933
centerY: 0.2729995721009842
width: 0.024146054181389872
height: 0.02738553701326487
Area: 0.00033516236222432894
CentroidX: 0.4128
CentroidY: 0.2867
