Location: 2025-04-18_221510-1.png_Mean-Medain.png
Component: component_1745012558808_194.png
centerX: 0.5153121319199058
centerY: 0.3795464270432178
width: 0.03121319199057715
height: 0.021822849807445442
Area: 0.00028198998746543165
CentroidX: 0.5274
CentroidY: 0.3905
