Location: 2025-04-18_221535-1.png_Mean-Closing.png
Component: component_1745012558896_43.png
centerX: 0.5624263839811543
centerY: 0.049636285836542574
width: 0.034746760895170786
height: 0.025673940949935817
Area: 0.0004908994598593931
CentroidX: 0.5765
CentroidY: 0.0628
