Location: 2025-04-18_221510-1.png_Mean-Medain.png
Component: component_1745012558847_432.png
centerX: 0.3115429917550059
centerY: 0.7479674796747967
width: 0.02767962308598351
height: 0.018827556696619598
Area: 0.0002756899430627187
CentroidX: 0.3231
CentroidY: 0.7580
