Location: 2025-04-18_221450-1.png_Mean-Medain.png
Component: component_1745012811937_304.png
centerX: 0.467020023557126
centerY: 0.5939238339751819
width: 0.03356890459363958
height: 0.03080872913992298
Area: 0.0004767873603973161
CentroidX: 0.4823
CentroidY: 0.6095
