Location: 2025-04-18_221450-1.png_Otsu.png
Component: component_1745012812212_420.png
centerX: 0.03121319199057715
centerY: 0.8480958493795464
width: 0.03651354534746761
height: 0.023106546854942234
Area: 0.0003402023977464993
CentroidX: 0.0467
CentroidY: 0.8612
