Location: 2025-04-18_221510-1.png_Otsu.png
Component: component_1745012558510_55.png
centerX: 0.7520612485276796
centerY: 0.08044501497646556
width: 0.028857479387514724
height: 0.021822849807445442
Area: 0.00029585008515140015
CentroidX: 0.7644
CentroidY: 0.0914
