Location: 2025-04-18_221510-1.png_Otsu.png
Component: component_1745012558512_71.png
centerX: 0.6896348645465253
centerY: 0.10997004706889174
width: 0.02944640753828033
height: 0.02267864783910997
Area: 0.0002787139643760209
CentroidX: 0.7011
CentroidY: 0.1222
