Location: 2025-04-18_221535-1.png_Gaussian-Closing.png
Component: component_1745012558707_311.png
centerX: 0.6654888103651354
centerY: 0.6765083440308087
width: 0.034746760895170786
height: 0.025246041934103552
Area: 0.00045864323251750276
CentroidX: 0.6833
CentroidY: 0.6902
