Location: 2025-04-18_221510-1.png_Otsu.png
Component: component_1745012558619_1109.png
centerX: 0.44110718492343937
centerY: 0.9554985023534446
width: 0.04063604240282685
height: 0.024390243902439025
Area: 0.0004223549767578762
CentroidX: 0.4619
CentroidY: 0.9686
