Location: 2025-04-18_221450-1.png_Otsu.png
Component: component_1745012812114_89.png
centerX: 0.23616018845700826
centerY: 0.1647411210954215
width: 0.03356890459363958
height: 0.02267864783910997
Area: 0.000342470413731476
CentroidX: 0.2486
CentroidY: 0.1764
