Location: 2025-04-18_221510-1.png_Mean-Medain.png
Component: component_1745012558866_550.png
centerX: 0.2414605418138987
centerY: 0.9661959777492511
width: 0.03769140164899882
height: 0.023106546854942234
Area: 0.00040799087551969066
CentroidX: 0.2564
CentroidY: 0.9779
