Location: 2025-04-18_221450-1.png_Gaussian-Median.png
Component: component_1745012811477_109.png
centerX: 0.4587750294464075
centerY: 0.19426615318784768
width: 0.03415783274440518
height: 0.0235344458707745
Area: 0.00038833473698322624
CentroidX: 0.4740
CentroidY: 0.2069
