Location: 2025-04-18_221535-1.png_Mean-Closing.png
Component: component_1745012558947_304.png
centerX: 0.7202591283863369
centerY: 0.6722293538724861
width: 0.032391048292108364
height: 0.02781343602909713
Area: 0.00047754336572564164
CentroidX: 0.7369
CentroidY: 0.6868
