Location: 2025-04-18_221535-1.png_Gaussian-Closing.png
Component: component_1745012558655_52.png
centerX: 0.2037691401648999
centerY: 0.051775780915703895
width: 0.04122497055359246
height: 0.024390243902439025
Area: 0.00040471485243027993
CentroidX: 0.2230
CentroidY: 0.0651
