Location: 2025-04-18_221510-1.png_Otsu.png
Component: component_1745012558579_651.png
centerX: 0.598939929328622
centerY: 0.6718014548566539
width: 0.030035335689045935
height: 0.02011125374411639
Area: 0.00016455715979886226
CentroidX: 0.6102
CentroidY: 0.6816
