Location: 2025-04-18_221450-1.png_Gaussian-Median.png
Component: component_1745012811544_441.png
centerX: 0.08775029446407538
centerY: 0.7980316645271716
width: 0.03651354534746761
height: 0.026529738981600343
Area: 0.0004210949678773336
CentroidX: 0.1032
CentroidY: 0.8120
