Location: 2025-04-18_221535-1.png_Gaussian-Closing.png
Component: component_1745012558722_399.png
centerX: 0.8987043580683156
centerY: 0.9114249037227214
width: 0.03769140164899882
height: 0.029525032092426188
Area: 0.00048333940657613756
CentroidX: 0.9169
CentroidY: 0.9263
