Location: 2025-04-18_221510-1.png_Mean-Medain.png
Component: component_1745012558832_350.png
centerX: 0.6855123674911661
centerY: 0.6345742404792469
width: 0.03180212014134275
height: 0.02139495079161318
Area: 0.0002683818915555717
CentroidX: 0.7009
CentroidY: 0.6459
