Location: 2025-04-18_221510-1.png_Otsu.png
Component: component_1745012558515_84.png
centerX: 0.25323910482921086
centerY: 0.1198117244330338
width: 0.03180212014134275
height: 0.02139495079161318
Area: 0.0002915660549575553
CentroidX: 0.2667
CentroidY: 0.1313
