Location: 2025-04-18_221535-1.png_Mean-Closing.png
Component: component_1745012558934_240.png
centerX: 0.8716136631330977
centerY: 0.5224646983311938
width: 0.03415783274440518
height: 0.026957637997432605
Area: 0.00045133518101035577
CentroidX: 0.8885
CentroidY: 0.5370
