Location: 2025-04-18_221450-1.png_Otsu.png
Component: component_1745012812198_360.png
centerX: 0.3127208480565371
centerY: 0.6974753958065897
width: 0.03356890459363958
height: 0.029097133076593923
Area: 0.00036212655226794036
CentroidX: 0.3268
CentroidY: 0.7125
