Location: 2025-04-18_221510-1.png_Mean-Medain.png
Component: component_1745012558862_525.png
centerX: 0.38103651354534745
centerY: 0.9229781771501926
width: 0.02944640753828033
height: 0.028241335044929396
Area: 0.00041076289505688436
CentroidX: 0.3928
CentroidY: 0.9369
