Location: 2025-04-18_221510-1.png_Otsu.png
Component: component_1745012558615_1089.png
centerX: 0.6018845700824499
centerY: 0.9212665810868635
width: 0.03415783274440518
height: 0.024390243902439025
Area: 0.0003717026197600641
CentroidX: 0.6186
CentroidY: 0.9332
