Location: 2025-04-18_221535-1.png_Mean-Closing.png
Component: component_1745012558928_211.png
centerX: 0.4464075382803298
centerY: 0.44330338040222506
width: 0.030624263839811542
height: 0.029525032092426188
Area: 0.00044553914015985985
CentroidX: 0.4623
CentroidY: 0.4588
