Location: 2025-04-18_221510-1.png_Mean-Medain.png
Component: component_1745012558807_186.png
centerX: 0.8021201413427562
centerY: 0.3465982028241335
width: 0.027090694935217905
height: 0.023106546854942234
Area: 0.0002784619625999124
CentroidX: 0.8133
CentroidY: 0.3584
