Location: 2025-04-18_221535-1.png_Gaussian-Closing.png
Component: component_1745012558716_366.png
centerX: 0.7697290930506479
centerY: 0.8125802310654685
width: 0.028857479387514724
height: 0.023106546854942234
Area: 0.0003805226819238622
CentroidX: 0.7822
CentroidY: 0.8247
