Location: 2025-04-18_221450-1.png_Gaussian-Closing.png
Component: component_1745012812333_261.png
centerX: 0.3421672555948174
centerY: 0.519469405220368
width: 0.039458186101295645
height: 0.02267864783910997
Area: 0.00044553914015985985
CentroidX: 0.3578
CentroidY: 0.5314
