Location: 2025-04-18_221450-1.png_Gaussian-Closing.png
Component: component_1745012812297_99.png
centerX: 0.7661955241460542
centerY: 0.1750106974753958
width: 0.044169611307420496
height: 0.025246041934103552
Area: 0.0004445311330554258
CentroidX: 0.7870
CentroidY: 0.1881
