Location: 2025-04-18_221450-1.png_Otsu.png
Component: component_1745012812184_292.png
centerX: 0.08598351001177856
centerY: 0.5323063756953359
width: 0.03297997644287397
height: 0.023106546854942234
Area: 0.00034877045813418893
CentroidX: 0.1002
CentroidY: 0.5442
