Location: 2025-04-18_221535-1.png_Gaussian-Closing.png
Component: component_1745012558667_122.png
centerX: 0.2149587750294464
centerY: 0.2362002567394095
width: 0.03415783274440518
height: 0.026529738981600343
Area: 0.0003764906535061259
CentroidX: 0.2304
CentroidY: 0.2508
