Location: 2025-04-18_221535-1.png_Mean-Closing.png
Component: component_1745012558966_394.png
centerX: 0.8044758539458187
centerY: 0.9131364997860505
width: 0.03828032979976443
height: 0.029097133076593923
Area: 0.0005959842004966451
CentroidX: 0.8246
CentroidY: 0.9287
