Location: 2025-04-18_221535-1.png_Mean-Closing.png
Component: component_1745012558942_267.png
centerX: 0.5512367491166078
centerY: 0.5823705605477107
width: 0.02944640753828033
height: 0.028241335044929396
Area: 0.0004387350922049299
CentroidX: 0.5637
CentroidY: 0.5966
