Location: 2025-04-18_221510-1.png_Mean-Medain.png
Component: component_1745012558796_124.png
centerX: 0.49764428739693756
centerY: 0.23705605477107403
width: 0.030035335689045935
height: 0.02267864783910997
Area: 0.000315254221911756
CentroidX: 0.5105
CentroidY: 0.2497
