Location: 2025-04-18_221535-1.png_Gaussian-Closing.png
Component: component_1745012558701_269.png
centerX: 0.45288574793875147
centerY: 0.5798031664527171
width: 0.03297997644287397
height: 0.030380830124090714
Area: 0.00046418727159189016
CentroidX: 0.4660
CentroidY: 0.5959
