Location: 2025-04-18_221510-1.png_Mean-Medain.png
Component: component_1745012558858_498.png
centerX: 0.8651354534746761
centerY: 0.8673513050919983
width: 0.03651354534746761
height: 0.02610183996576808
Area: 0.0004730073337556883
CentroidX: 0.8814
CentroidY: 0.8808
