Location: 2025-04-18_221510-1.png_Mean-Medain.png
Component: component_1745012558833_355.png
centerX: 0.734982332155477
centerY: 0.6354300385109114
width: 0.028857479387514724
height: 0.020967051775780916
Area: 0.00025376578854127766
CentroidX: 0.7492
CentroidY: 0.6468
