Location: 2025-04-18_221450-1.png_Otsu.png
Component: component_1745012812173_247.png
centerX: 0.726148409893993
centerY: 0.45271715875053486
width: 0.04063604240282685
height: 0.02139495079161318
Area: 0.00038707472810268367
CentroidX: 0.7429
CentroidY: 0.4631
