Location: 2025-04-18_221450-1.png_Gaussian-Median.png
Component: component_1745012811509_295.png
centerX: 0.2332155477031802
centerY: 0.5246041934103551
width: 0.037102473498233215
height: 0.02396234488660676
Area: 0.0003908547547443114
CentroidX: 0.2494
CentroidY: 0.5375
