Location: 2025-04-18_221510-1.png_Mean-Medain.png
Component: component_1745012558778_37.png
centerX: 0.050647820965842166
centerY: 0.04792468977321352
width: 0.03180212014134275
height: 0.022250748823277707
Area: 0.0003963987938186988
CentroidX: 0.0648
CentroidY: 0.0598
