Location: 2025-04-18_221450-1.png_Otsu.png
Component: component_1745012812124_122.png
centerX: 0.29387514723203767
centerY: 0.23791185280273855
width: 0.03180212014134275
height: 0.02738553701326487
Area: 0.000378002664162777
CentroidX: 0.3091
CentroidY: 0.2511
