Location: 2025-04-18_221450-1.png_Gaussian-Closing.png
Component: component_1745012812325_237.png
centerX: 0.5630153121319199
centerY: 0.4621309370988447
width: 0.04299175500588928
height: 0.02139495079161318
Area: 0.00041857495011624843
CentroidX: 0.5797
CentroidY: 0.4730
