Location: 2025-04-18_221510-1.png_Otsu.png
Component: component_1745012558543_270.png
centerX: 0.36925795053003535
centerY: 0.38382541720154045
width: 0.02767962308598351
height: 0.02011125374411639
Area: 0.0001736292237387689
CentroidX: 0.3796
CentroidY: 0.3941
