Location: 2025-04-18_221535-1.png_Gaussian-Closing.png
Component: component_1745012558706_301.png
centerX: 0.1348645465253239
centerY: 0.6448438168592212
width: 0.03121319199057715
height: 0.030380830124090714
Area: 0.0004704873159946031
CentroidX: 0.1511
CentroidY: 0.6608
