Location: 2025-04-18_221450-1.png_Gaussian-Median.png
Component: component_1745012811494_195.png
centerX: 0.8368669022379269
centerY: 0.36029097133076593
width: 0.02944640753828033
height: 0.025246041934103552
Area: 0.00040244683644530325
CentroidX: 0.8495
CentroidY: 0.3726
