Location: easy26_Mean-Closing.png
Component: component_1744297382072_491.png
centerX: 0.7241935483870968
centerY: 0.34626436781609193
width: 0.01532258064516129
height: 0.014367816091954023
Area: 0.00011162093684340626
CentroidX: 0.7301
CentroidY: 0.3532
