Location: 2025-04-18_221450-1.png_Otsu.png
Component: component_1745012812116_95.png
centerX: 0.7667844522968198
centerY: 0.1750106974753958
width: 0.043580683156654886
height: 0.025246041934103552
Area: 0.00039715479914702437
CentroidX: 0.7869
CentroidY: 0.1881
