Location: 2025-04-18_221450-1.png_Otsu.png
Component: component_1745012812100_42.png
centerX: 0.9375736160188457
centerY: 0.06803594351732992
width: 0.0353356890459364
height: 0.02053915275994865
Area: 0.0003661585806856767
CentroidX: 0.9532
CentroidY: 0.0795
