Location: 2025-04-18_221450-1.png_Gaussian-Median.png
Component: component_1745012811526_350.png
centerX: 0.6260306242638398
centerY: 0.6277278562259306
width: 0.04240282685512368
height: 0.02995293110825845
Area: 0.00047527534974066497
CentroidX: 0.6467
CentroidY: 0.6439
