Location: 2025-04-18_221450-1.png_Gaussian-Median.png
Component: component_1745012811477_110.png
centerX: 0.3963486454652532
centerY: 0.196405648267009
width: 0.03651354534746761
height: 0.022250748823277707
Area: 0.0004084948790719077
CentroidX: 0.4117
CentroidY: 0.2078
