Location: 2025-04-18_221450-1.png_Mean-Medain.png
Component: component_1745012811603_80.png
centerX: 0.809776207302709
centerY: 0.1364997860504921
width: 0.0353356890459364
height: 0.021822849807445442
Area: 0.0003906027529682029
CentroidX: 0.8268
CentroidY: 0.1479
