Location: 2025-04-18_221450-1.png_Mean-Medain.png
Component: component_1745012811973_396.png
centerX: 0.2420494699646643
centerY: 0.7907573812580231
width: 0.03769140164899882
height: 0.028241335044929396
Area: 0.0004687233035618435
CentroidX: 0.2595
CentroidY: 0.8051
