Location: 2025-04-18_221450-1.png_Mean-Medain.png
Component: component_1745012811917_249.png
centerX: 0.6166077738515902
centerY: 0.49893025246041933
width: 0.03651354534746761
height: 0.02267864783910997
Area: 0.00039135875829652845
CentroidX: 0.6322
CentroidY: 0.5114
