Location: 2025-04-18_221450-1.png_Gaussian-Closing.png
Component: component_1745012812335_278.png
centerX: 0.46466431095406363
centerY: 0.55198973042362
width: 0.03297997644287397
height: 0.026529738981600343
Area: 0.00042890702293669764
CentroidX: 0.4797
CentroidY: 0.5656
