Location: 2025-04-18_221450-1.png_Otsu.png
Component: component_1745012812175_255.png
centerX: 0.45170789163722025
centerY: 0.47026101839965767
width: 0.03828032979976443
height: 0.02053915275994865
Area: 0.00034373042261201856
CentroidX: 0.4662
CentroidY: 0.4810
