Location: 2025-04-18_221450-1.png_Mean-Medain.png
Component: component_1745012811904_203.png
centerX: 0.19316843345111898
centerY: 0.40607616602481816
width: 0.027090694935217905
height: 0.025246041934103552
Area: 0.00036993860732730444
CentroidX: 0.2054
CentroidY: 0.4187
