Location: 2025-04-18_221510-1.png_Otsu.png
Component: component_1745012558497_30.png
centerX: 0.9016489988221437
centerY: 0.04193410355156183
width: 0.027090694935217905
height: 0.022250748823277707
Area: 0.0003134902094789964
CentroidX: 0.9139
CentroidY: 0.0539
