Location: 2025-04-18_221535-1.png_Mean-Closing.png
Component: component_1745012558946_293.png
centerX: 0.2420494699646643
centerY: 0.6392811296534018
width: 0.03121319199057715
height: 0.03080872913992298
Area: 0.0004911514616355016
CentroidX: 0.2572
CentroidY: 0.6542
