Location: 2025-04-18_221450-1.png_Gaussian-Closing.png
Component: component_1745012812342_312.png
centerX: 0.5630153121319199
centerY: 0.6371416345742404
width: 0.04181389870435807
height: 0.026529738981600343
Area: 0.00046091124850247944
CentroidX: 0.5812
CentroidY: 0.6518
