Location: 2025-04-18_221450-1.png_Otsu.png
Component: component_1745012812092_10.png
centerX: 0.6448763250883393
centerY: 0.0034231921266581087
width: 0.032391048292108364
height: 0.025673940949935817
Area: 0.000419330955444574
CentroidX: 0.6611
CentroidY: 0.0162
