Location: 2025-04-18_221510-1.png_Otsu.png
Component: component_1745012558580_655.png
centerX: 0.4334511189634865
centerY: 0.6739409499358151
width: 0.027090694935217905
height: 0.02053915275994865
Area: 0.00023536965888535584
CentroidX: 0.4463
CentroidY: 0.6851
