Location: 2025-04-18_221450-1.png_Gaussian-Median.png
Component: component_1745012811493_190.png
centerX: 0.9305064782096584
centerY: 0.3551561831407788
width: 0.032391048292108364
height: 0.025246041934103552
Area: 0.00040043082223643515
CentroidX: 0.9452
CentroidY: 0.3677
