Location: 2025-04-18_221450-1.png_Gaussian-Closing.png
Component: component_1745012812338_291.png
centerX: 0.6861012956419317
centerY: 0.5823705605477107
width: 0.03828032979976443
height: 0.026529738981600343
Area: 0.000454863205875875
CentroidX: 0.7035
CentroidY: 0.5971
