Location: 2025-04-18_221450-1.png_Mean-Medain.png
Component: component_1745012811917_246.png
centerX: 0.08480565371024736
centerY: 0.4933675652545999
width: 0.03356890459363958
height: 0.021822849807445442
Area: 0.00037069461265563
CentroidX: 0.0982
CentroidY: 0.5041
