Location: 2025-04-18_221535-1.png_Mean-Closing.png
Component: component_1745012558911_129.png
centerX: 0.5865724381625441
centerY: 0.2635857937526744
width: 0.02944640753828033
height: 0.02781343602909713
Area: 0.0003858147192221411
CentroidX: 0.6005
CentroidY: 0.2782
