Location: 2025-04-18_221450-1.png_Mean-Medain.png
Component: component_1745012811973_397.png
centerX: 0.18315665488810365
centerY: 0.795464270432178
width: 0.04122497055359246
height: 0.030380830124090714
Area: 0.000798341626711785
CentroidX: 0.2031
CentroidY: 0.8108
