Location: 2025-04-18_221450-1.png_Mean-Medain.png
Component: component_1745012811938_305.png
centerX: 0.4098939929328622
centerY: 0.599058622165169
width: 0.0353356890459364
height: 0.02866923406076166
Area: 0.0004495711685775961
CentroidX: 0.4245
CentroidY: 0.6137
