Location: 2025-04-18_221450-1.png_Gaussian-Median.png
Component: component_1745012811468_62.png
centerX: 0.17550058892815076
centerY: 0.08600770218228498
width: 0.03297997644287397
height: 0.024818142918271287
Area: 0.0004256309998472869
CentroidX: 0.1906
CentroidY: 0.0991
