Location: 2025-04-18_221510-1.png_Mean-Medain.png
Component: component_1745012558773_11.png
centerX: 0.6937573616018846
centerY: 0.00599058622165169
width: 0.03356890459363958
height: 0.02866923406076166
Area: 0.0004546112040997665
CentroidX: 0.7110
CentroidY: 0.0209
