Location: 2025-04-18_221535-1.png_Mean-Closing.png
Component: component_1745012558971_417.png
centerX: 0.872791519434629
centerY: 0.9580658964484382
width: 0.03180212014134275
height: 0.02781343602909713
Area: 0.00047250333020347127
CentroidX: 0.8878
CentroidY: 0.9725
