Location: 2025-04-18_221510-1.png_Mean-Medain.png
Component: component_1745012558790_84.png
centerX: 0.5117785630153121
centerY: 0.1514762516046213
width: 0.03121319199057715
height: 0.02396234488660676
Area: 0.0003218062680905775
CentroidX: 0.5261
CentroidY: 0.1637
