Location: 2025-04-18_221510-1.png_Otsu.png
Component: component_1745012558586_728.png
centerX: 0.04181389870435807
centerY: 0.7137355584082157
width: 0.028268551236749116
height: 0.02011125374411639
Area: 0.00020311343154346553
CentroidX: 0.0541
CentroidY: 0.7240
