Location: 2025-04-18_221450-1.png_Gaussian-Closing.png
Component: component_1745012812334_268.png
centerX: 0.7767962308598351
centerY: 0.5297389816003423
width: 0.04063604240282685
height: 0.02781343602909713
Area: 0.0004505791756820302
CentroidX: 0.7971
CentroidY: 0.5449
