Location: 2025-04-18_221510-1.png_Otsu.png
Component: component_1745012558586_725.png
centerX: 0.33627797408716137
centerY: 0.7124518613607189
width: 0.026501766784452298
height: 0.02011125374411639
Area: 0.00021470551324445734
CentroidX: 0.3473
CentroidY: 0.7224
