Location: 2025-04-18_221450-1.png_Otsu.png
Component: component_1745012812216_441.png
centerX: 0.7308598351001178
centerY: 0.8981600342319213
width: 0.030035335689045935
height: 0.026957637997432605
Area: 0.00037850666771499405
CentroidX: 0.7443
CentroidY: 0.9111
