Location: 2025-04-18_221450-1.png_Gaussian-Closing.png
Component: component_1745012812326_245.png
centerX: 0.8780918727915195
centerY: 0.48010269576379977
width: 0.03828032979976443
height: 0.025673940949935817
Area: 0.0004707393177707117
CentroidX: 0.8976
CentroidY: 0.4928
