Location: 2025-04-18_221510-1.png_Mean-Medain.png
Component: component_1745012558777_31.png
centerX: 0.2697290930506478
centerY: 0.04535729567821994
width: 0.03415783274440518
height: 0.024390243902439025
Area: 0.0004100068897285588
CentroidX: 0.2841
CentroidY: 0.0582
