Location: internet_6.png_Otsu.png
Component: component_1755093690734_57.png
centerX: 0.9439742039500202
centerY: 0.16167664670658682
width: 0.0471584038694075
height: 0.03136583974907328
Area: 0.0006375226744645102
CentroidX: 0.9678
CentroidY: 0.1774
