Location: internet_6.png_Mean-Closing.png
Component: component_1755093691024_20.png
centerX: 0.7174526400644902
centerY: 0.04220131166238951
width: 0.04554615074566707
height: 0.03051040775591674
Area: 0.0007163653920925351
CentroidX: 0.7398
CentroidY: 0.0572
