Location: internet_6.png_Gaussian-Median.png
Component: component_1755093690644_146.png
centerX: 0.38492543329302703
centerY: 0.4151696606786427
width: 0.04836759371221282
height: 0.033361847733105215
Area: 0.0006366032258624341
CentroidX: 0.4105
CentroidY: 0.4315
