Location: internet_6.png_Gaussian-Closing.png
Component: component_1755093691176_141.png
centerX: 0.4550584441757356
centerY: 0.4111776447105788
width: 0.04514308746473196
height: 0.03279155973766752
Area: 0.0006118930446816392
CentroidX: 0.4776
CentroidY: 0.4268
