Location: internet_6.png_Otsu.png
Component: component_1755093690761_134.png
centerX: 0.7936316001612254
centerY: 0.3866552609067579
width: 0.04232164449818621
height: 0.02765896777872826
Area: 0.0005137419064100163
CentroidX: 0.8158
CentroidY: 0.4005
