Location: internet_6.png_Mean-Closing.png
Component: component_1755093691064_145.png
centerX: 0.8544941555824265
centerY: 0.4268605645851155
width: 0.04191858121725111
height: 0.026518391787852865
Area: 0.000524890220710189
CentroidX: 0.8755
CentroidY: 0.4408
