Location: internet_6.png_Otsu.png
Component: component_1755093690778_148.png
centerX: 0.79242241031842
centerY: 0.4328485885372113
width: 0.04393389762192664
height: 0.026803535785571715
Area: 0.0004989157977015394
CentroidX: 0.8154
CentroidY: 0.4462
