Location: internet_6.png_Gaussian-Median.png
Component: component_1755093690623_52.png
centerX: 0.60378879484079
centerY: 0.1317365269461078
width: 0.051189036678758564
height: 0.035357855717137156
Area: 0.0007162504610172757
CentroidX: 0.6291
CentroidY: 0.1490
