Location: internet_6.png_Gaussian-Closing.png
Component: component_1755093691153_44.png
centerX: 0.8242644095122934
centerY: 0.1234673510122612
width: 0.049576783555018135
height: 0.03649843170801255
Area: 0.0007282032928442649
CentroidX: 0.8482
CentroidY: 0.1414
