Location: internet_6.png_Mean-Closing.png
Component: component_1755093691070_168.png
centerX: 0.6743248690044337
centerY: 0.4861705161106359
width: 0.04877065699314793
height: 0.030795551753635585
Area: 0.0005702879954376961
CentroidX: 0.6991
CentroidY: 0.5018
