Location: internet_6.png_Gaussian-Median.png
Component: component_1755093690635_107.png
centerX: 0.1422813381700927
centerY: 0.2894211576846307
width: 0.04836759371221282
height: 0.03136583974907328
Area: 0.0006456827808079356
CentroidX: 0.1666
CentroidY: 0.3049
