Location: internet_6.png_Gaussian-Median.png
Component: component_1755093690627_75.png
centerX: 0.07013301088270858
centerY: 0.19760479041916168
width: 0.051592099959693674
height: 0.03222127174222983
Area: 0.0006853340017724671
CentroidX: 0.0966
CentroidY: 0.2143
