Location: internet_6.png_Otsu.png
Component: component_1755093690734_54.png
centerX: 0.15195485691253527
centerY: 0.14485315084117478
width: 0.04353083434099154
height: 0.033932135728542916
Area: 0.0006324657071530917
CentroidX: 0.1744
CentroidY: 0.1618
