Location: internet_6.png_Gaussian-Closing.png
Component: component_1755093691188_178.png
centerX: 0.9040709391374446
centerY: 0.5212432278300542
width: 0.03345425231761386
height: 0.02623324779013402
Area: 0.0003259445294359746
CentroidX: 0.9205
CentroidY: 0.5353
