Location: internet_6.png_Otsu.png
Component: component_1755093690789_159.png
centerX: 0.3305118903667876
centerY: 0.4656401482748788
width: 0.041515517936316
height: 0.029369831765041345
Area: 0.000504662351464515
CentroidX: 0.3517
CentroidY: 0.4812
