Location: internet_6.png_Gaussian-Median.png
Component: component_1755093690643_142.png
centerX: 0.6594115276098348
centerY: 0.3937838608497291
width: 0.0471584038694075
height: 0.031080695751354435
Area: 0.0006076405948970372
CentroidX: 0.6823
CentroidY: 0.4092
