Location: internet_6.png_Otsu.png
Component: component_1755093690747_113.png
centerX: 0.34784361144699716
centerY: 0.326489877388081
width: 0.04393389762192664
height: 0.03136583974907328
Area: 0.0006092496299506705
CentroidX: 0.3693
CentroidY: 0.3422
