Location: internet_6.png_Gaussian-Median.png
Component: component_1755093690664_245.png
centerX: 0.008464328899637243
centerY: 0.6769318505845452
width: 0.03829101168883515
height: 0.026803535785571715
Area: 0.00038341006706573035
CentroidX: 0.0288
CentroidY: 0.6908
