Location: internet_6.png_Otsu.png
Component: component_1755093690733_51.png
centerX: 0.21765417170495768
centerY: 0.13915027088679782
width: 0.04675534058847239
height: 0.03706871970345024
Area: 0.0006453379875821571
CentroidX: 0.2417
CentroidY: 0.1588
