Location: internet_6.png_Gaussian-Closing.png
Component: component_1755093691161_78.png
centerX: 0.5715437323659814
centerY: 0.21870544625035643
width: 0.04433696090286175
height: 0.029654975762760195
Area: 0.0006263743601643377
CentroidX: 0.5931
CentroidY: 0.2339
