Location: internet_6.png_Mean-Closing.png
Component: component_1755093691026_25.png
centerX: 0.29866989117291415
centerY: 0.05132591958939264
width: 0.0475614671503426
height: 0.033932135728542916
Area: 0.0007272838442421888
CentroidX: 0.3226
CentroidY: 0.0690
