Location: internet_6.png_Mean-Closing.png
Component: component_1755093691087_248.png
centerX: 0.0036275695284159614
centerY: 0.7225548902195609
width: 0.03305118903667876
height: 0.023952095808383235
Area: 0.00031456635298528294
CentroidX: 0.0214
CentroidY: 0.7335
