Location: internet_6.png_Gaussian-Closing.png
Component: component_1755093691187_177.png
centerX: 0.951229343006852
centerY: 0.51981750784146
width: 0.03909713825070536
height: 0.02623324779013402
Area: 0.0003691586137335509
CentroidX: 0.9717
CentroidY: 0.5334
