Location: internet_6.png_Otsu.png
Component: component_1755093690911_314.png
centerX: 0.12293430068520758
centerY: 0.6241802110065583
width: 0.041112454655380895
height: 0.028229255774165955
Area: 0.000329852185994798
CentroidX: 0.1445
CentroidY: 0.6388
