Location: internet_6.png_Gaussian-Closing.png
Component: component_1755093691152_40.png
centerX: 0.15517936316001613
centerY: 0.09780439121756487
width: 0.046352277307537285
height: 0.033932135728542916
Area: 0.0007103889761790405
CentroidX: 0.1788
CentroidY: 0.1160
