Location: internet_6.png_Gaussian-Median.png
Component: component_1755093690631_89.png
centerX: 0.8653768641676743
centerY: 0.24294268605645852
width: 0.04433696090286175
height: 0.026518391787852865
Area: 0.0005639667862984229
CentroidX: 0.8890
CentroidY: 0.2554
