Location: internet_6.png_Gaussian-Closing.png
Component: component_1755093691143_3.png
centerX: 0.9076985086658605
centerY: 0.000855431993156544
width: 0.04554615074566707
height: 0.027088679783290562
Area: 0.000649820299517278
CentroidX: 0.9307
CentroidY: 0.0140
