Location: internet_6.png_Gaussian-Median.png
Component: component_1755093690612_2.png
centerX: 0.31076178960096734
centerY: 0.0
width: 0.04554615074566707
height: 0.036213287710293696
Area: 0.0007561315441323262
CentroidX: 0.3334
CentroidY: 0.0185
