Location: internet_6.png_Mean-Closing.png
Component: component_1755093691025_21.png
centerX: 0.5102781136638452
centerY: 0.04505275163957799
width: 0.04393389762192664
height: 0.034787567721699456
Area: 0.0007490058174662364
CentroidX: 0.5317
CentroidY: 0.0640
