Location: internet_6.png_Mean-Closing.png
Component: component_1755093691073_183.png
centerX: 0.0769850866586054
centerY: 0.5332192757342458
width: 0.04514308746473196
height: 0.028229255774165955
Area: 0.0005423597441496348
CentroidX: 0.1013
CentroidY: 0.5475
