Location: internet_6.png_Gaussian-Median.png
Component: component_1755093690658_211.png
centerX: 0.6299879081015719
centerY: 0.592814371257485
width: 0.039500201531640466
height: 0.027088679783290562
Area: 0.00037306627029237433
CentroidX: 0.6494
CentroidY: 0.6060
