Location: internet_6.png_Mean-Closing.png
Component: component_1755093691052_99.png
centerX: 0.8544941555824265
centerY: 0.2825777017393784
width: 0.03990326481257558
height: 0.0290846877673225
Area: 0.0005746553762975574
CentroidX: 0.8756
CentroidY: 0.2969
