Location: internet_6.png_Mean-Closing.png
Component: component_1755093691085_242.png
centerX: 0.3724304715840387
centerY: 0.7028799543769604
width: 0.03909713825070536
height: 0.02765896777872826
Area: 0.00044765653813579726
CentroidX: 0.3926
CentroidY: 0.7164
