Location: internet_6.png_Gaussian-Median.png
Component: component_1755093690627_72.png
centerX: 0.21604191858121724
centerY: 0.1887653264898774
width: 0.04232164449818621
height: 0.03051040775591674
Area: 0.0005971818670484217
CentroidX: 0.2363
CentroidY: 0.2042
