Location: internet_6.png_Gaussian-Median.png
Component: component_1755093690646_157.png
centerX: 0.009270455461507456
centerY: 0.4419731964642144
width: 0.042724707779121324
height: 0.02879954376960365
Area: 0.0005382222254402923
CentroidX: 0.0317
CentroidY: 0.4564
