Location: internet_6.png_Otsu.png
Component: component_1755093690728_32.png
centerX: 0.7190648931882305
centerY: 0.07955517536355859
width: 0.041112454655380895
height: 0.032506415739948676
Area: 0.0006090197678001514
CentroidX: 0.7386
CentroidY: 0.0961
