Location: internet_6.png_Gaussian-Closing.png
Component: component_1755093691151_35.png
centerX: 0.494155582426441
centerY: 0.08953521528371827
width: 0.05239822652156389
height: 0.03165098374679213
Area: 0.0007319960183278287
CentroidX: 0.5199
CentroidY: 0.1054
