Location: internet_6.png_Otsu.png
Component: component_1755093690760_133.png
centerX: 0.13139862958484483
centerY: 0.3860849729113202
width: 0.0475614671503426
height: 0.03136583974907328
Area: 0.0005681043050077653
CentroidX: 0.1557
CentroidY: 0.4014
