Location: internet_6.png_Gaussian-Median.png
Component: component_1755093690636_113.png
centerX: 0.5421201128577187
centerY: 0.3119475335044197
width: 0.0471584038694075
height: 0.030795551753635585
Area: 0.0006195934267240264
CentroidX: 0.5665
CentroidY: 0.3273
