Location: internet_6.png_Gaussian-Median.png
Component: component_1755093690659_219.png
centerX: 0.1841999193873438
centerY: 0.6173367550613059
width: 0.042724707779121324
height: 0.03222127174222983
Area: 0.00043972629394289095
CentroidX: 0.2057
CentroidY: 0.6342
