Location: internet_6.png_Gaussian-Median.png
Component: component_1755093690658_212.png
centerX: 0.5675130995566304
centerY: 0.5950955232392359
width: 0.04433696090286175
height: 0.028514399771884802
Area: 0.0004229463569550023
CentroidX: 0.5893
CentroidY: 0.6094
