Location: internet_6.png_Gaussian-Median.png
Component: component_1755093690666_252.png
centerX: 0.539701733172108
centerY: 0.6946107784431138
width: 0.0354695687222894
height: 0.027944111776447105
Area: 0.00038306527383995183
CentroidX: 0.5581
CentroidY: 0.7087
