Location: internet_6.png_Otsu.png
Component: component_1755093690728_34.png
centerX: 0.5727529222087868
centerY: 0.0861134873110921
width: 0.051592099959693674
height: 0.03165098374679213
Area: 0.0007028035252119128
CentroidX: 0.5993
CentroidY: 0.1015
