Location: internet_6.png_Gaussian-Median.png
Component: component_1755093690638_121.png
centerX: 0.21644498186215236
centerY: 0.33561448531508414
width: 0.05038291011688835
height: 0.031080695751354435
Area: 0.0006421199174748907
CentroidX: 0.2421
CentroidY: 0.3512
