Location: internet_6.png_Otsu.png
Component: component_1755093690911_306.png
centerX: 0.18460298266827893
centerY: 0.6176218990590248
width: 0.04191858121725111
height: 0.031936127744510975
Area: 0.00036272247351901827
CentroidX: 0.2058
CentroidY: 0.6346
