Location: internet_6.png_Otsu.png
Component: component_1755093690738_72.png
centerX: 0.9089076985086658
centerY: 0.19788993441688052
width: 0.04030632809351068
height: 0.03136583974907328
Area: 0.0006260295669385591
CentroidX: 0.9284
CentroidY: 0.2136
