Location: internet_6.png_Gaussian-Median.png
Component: component_1755093690653_186.png
centerX: 0.7948407900040306
centerY: 0.5283718277730254
width: 0.03788794840790004
height: 0.028229255774165955
Area: 0.00040444245383822094
CentroidX: 0.8139
CentroidY: 0.5425
