Location: internet_6.png_Mean-Closing.png
Component: component_1755093691078_208.png
centerX: 0.3542926239419589
centerY: 0.6090675791274593
width: 0.04191858121725111
height: 0.030795551753635585
Area: 0.0003959375542690171
CentroidX: 0.3761
CentroidY: 0.6241
