Location: internet_6.png_Gaussian-Closing.png
Component: component_1755093691215_239.png
centerX: 0.596130592503023
centerY: 0.6891930424864556
width: 0.035872632003224506
height: 0.027944111776447105
Area: 0.00039030593158130106
CentroidX: 0.6152
CentroidY: 0.7027
