Location: internet_6.png_Otsu.png
Component: component_1755093690727_29.png
centerX: 0.7758968158000806
centerY: 0.07613344739093242
width: 0.045949214026602174
height: 0.03307670373538637
Area: 0.0006929194527395948
CentroidX: 0.7989
CentroidY: 0.0923
