Location: internet_6.png_Mean-Closing.png
Component: component_1755093691018_1.png
centerX: 0.17452640064490124
centerY: 0.0
width: 0.045949214026602174
height: 0.037639007698887936
Area: 0.000809114769826961
CentroidX: 0.1991
CentroidY: 0.0184
