Location: internet_6.png_Gaussian-Median.png
Component: component_1755093690633_95.png
centerX: 0.6807738814993954
centerY: 0.2557741659538067
width: 0.04877065699314793
height: 0.031936127744510975
Area: 0.0006953330053200446
CentroidX: 0.7052
CentroidY: 0.2715
