Location: internet_6.png_Otsu.png
Component: component_1755093690734_56.png
centerX: 0.011688835147118097
centerY: 0.15283718277730254
width: 0.04433696090286175
height: 0.03051040775591674
Area: 0.0006247653251107045
CentroidX: 0.0344
CentroidY: 0.1686
