Location: internet_6.png_Gaussian-Closing.png
Component: component_1755093691190_188.png
centerX: 0.6162837565497783
centerY: 0.5446250356429997
width: 0.04070939137444579
height: 0.028229255774165955
Area: 0.00042639428921278764
CentroidX: 0.6369
CentroidY: 0.5580
