Location: internet_6.png_Otsu.png
Component: component_1755093690764_138.png
centerX: 0.6594115276098348
centerY: 0.3937838608497291
width: 0.04675534058847239
height: 0.031080695751354435
Area: 0.0005816661718883876
CentroidX: 0.6823
CentroidY: 0.4093
