Location: internet_6.png_Mean-Closing.png
Component: component_1755093691069_161.png
centerX: 0.8673921805723499
centerY: 0.4750499001996008
width: 0.03426037887948408
height: 0.029369831765041345
Area: 0.00046627537232783815
CentroidX: 0.8850
CentroidY: 0.4898
