Location: internet_6.png_Mean-Closing.png
Component: component_1755093691061_134.png
centerX: 0.07053607416364369
centerY: 0.3900769888793841
width: 0.04514308746473196
height: 0.031080695751354435
Area: 0.0006086749745743728
CentroidX: 0.0934
CentroidY: 0.4053
