Location: internet_6.png_Otsu.png
Component: component_1755093690729_40.png
centerX: 0.15517936316001613
centerY: 0.09808953521528371
width: 0.046352277307537285
height: 0.03364699173082407
Area: 0.0006860235882240241
CentroidX: 0.1790
CentroidY: 0.1161
