Location: internet_6.png_Mean-Closing.png
Component: component_1755093691066_152.png
centerX: 0.00886739218057235
centerY: 0.44168805246649556
width: 0.04312777106005643
height: 0.0290846877673225
Area: 0.0005654608902767966
CentroidX: 0.0317
CentroidY: 0.4564
