Location: internet_6.png_Mean-Closing.png
Component: component_1755093691081_219.png
centerX: 0.7690447400241838
centerY: 0.6390076988879384
width: 0.041515517936316
height: 0.02623324779013402
Area: 0.0004321408429757632
CentroidX: 0.7911
CentroidY: 0.6521
