Location: internet_6.png_Gaussian-Median.png
Component: component_1755093690619_32.png
centerX: 0.0826279725916969
centerY: 0.05731394354148845
width: 0.05280128980249899
height: 0.033361847733105215
Area: 0.0007788878970337094
CentroidX: 0.1095
CentroidY: 0.0749
