Location: internet_6.png_Otsu.png
Component: component_1755093690727_28.png
centerX: 0.083031035872632
centerY: 0.0575990875392073
width: 0.05199516324062878
height: 0.03307670373538637
Area: 0.0007484311620899388
CentroidX: 0.1094
CentroidY: 0.0750
