Location: internet_6.png_Gaussian-Closing.png
Component: component_1755093691182_157.png
centerX: 0.44054816606207176
centerY: 0.4579412603364699
width: 0.04030632809351068
height: 0.029940119760479042
Area: 0.0005236259788823344
CentroidX: 0.4606
CentroidY: 0.4729
