Location: internet_6.png_Otsu.png
Component: component_1755093690770_143.png
centerX: 0.32365981459089077
centerY: 0.42087254063301965
width: 0.04796453043127771
height: 0.031936127744510975
Area: 0.0005887918985544774
CentroidX: 0.3480
CentroidY: 0.4365
