Location: internet_6.png_Otsu.png
Component: component_1755093690751_123.png
centerX: 0.6537686416767432
centerY: 0.35072711719418304
width: 0.046352277307537285
height: 0.029940119760479042
Area: 0.000589826278231813
CentroidX: 0.6766
CentroidY: 0.3655
