Location: internet_6.png_Otsu.png
Component: component_1755093690922_363.png
centerX: 0.31197097944377267
centerY: 0.6641003706871971
width: 0.04353083434099154
height: 0.0290846877673225
Area: 0.0003426095353486038
CentroidX: 0.3341
CentroidY: 0.6791
