Location: internet_6.png_Mean-Closing.png
Component: component_1755093691037_47.png
centerX: 0.6767432486900443
centerY: 0.13031080695751354
width: 0.054816606207174524
height: 0.03364699173082407
Area: 0.0007572808548849212
CentroidX: 0.7052
CentroidY: 0.1469
