Location: internet_6.png_Gaussian-Median.png
Component: component_1755093690650_172.png
centerX: 0.7428456267634018
centerY: 0.4853150841174793
width: 0.046352277307537285
height: 0.02765896777872826
Area: 0.0004858136551219551
CentroidX: 0.7669
CentroidY: 0.4990
