Location: internet_6.png_Mean-Closing.png
Component: component_1755093691065_148.png
centerX: 0.13180169286577992
centerY: 0.43370402053036783
width: 0.0471584038694075
height: 0.029369831765041345
Area: 0.000575230031673855
CentroidX: 0.1565
CentroidY: 0.4481
