Location: internet_6.png_Gaussian-Median.png
Component: component_1755093690656_203.png
centerX: 0.13502619911326078
centerY: 0.5788423153692615
width: 0.04393389762192664
height: 0.029369831765041345
Area: 0.0004465072273832022
CentroidX: 0.1582
CentroidY: 0.5934
