Location: internet_6.png_Gaussian-Closing.png
Component: component_1755093691186_173.png
centerX: 0.4893188230552197
centerY: 0.5021385799828914
width: 0.04353083434099154
height: 0.026518391787852865
Area: 0.0004831702403909863
CentroidX: 0.5114
CentroidY: 0.5155
