Location: internet_6.png_Otsu.png
Component: component_1755093690923_379.png
centerX: 0.13180169286577992
centerY: 0.6715141146278871
width: 0.045949214026602174
height: 0.02879954376960365
Area: 0.000354562367175593
CentroidX: 0.1568
CentroidY: 0.6865
