Location: internet_6.png_Gaussian-Median.png
Component: component_1755093690664_240.png
centerX: 0.25675130995566303
centerY: 0.6703735386370117
width: 0.037484885126964934
height: 0.026518391787852865
Area: 0.0003808815834100211
CentroidX: 0.2766
CentroidY: 0.6843
