Location: internet_6.png_Mean-Closing.png
Component: component_1755093691085_243.png
centerX: 0.31882305521966947
centerY: 0.7068719703450242
width: 0.03466344216041919
height: 0.02737382378100941
Area: 0.00039973027975258096
CentroidX: 0.3371
CentroidY: 0.7209
