Location: internet_6.png_Gaussian-Median.png
Component: component_1755093690664_242.png
centerX: 0.886739218057235
centerY: 0.6749358426005133
width: 0.03385731559854897
height: 0.025092671799258625
Area: 0.00035214881459514323
CentroidX: 0.9053
CentroidY: 0.6872
