Location: internet_6.png_Otsu.png
Component: component_1755093690737_70.png
centerX: 0.007255139056831923
centerY: 0.19817507841459936
width: 0.045949214026602174
height: 0.03136583974907328
Area: 0.0006374077433892508
CentroidX: 0.0305
CentroidY: 0.2146
