Location: internet_6.png_Gaussian-Closing.png
Component: component_1755093691196_205.png
centerX: 0.6299879081015719
centerY: 0.592814371257485
width: 0.03909713825070536
height: 0.027088679783290562
Area: 0.0003722617527655577
CentroidX: 0.6494
CentroidY: 0.6061
