Location: internet_6.png_Mean-Closing.png
Component: component_1755093691040_54.png
centerX: 0.15195485691253527
centerY: 0.14485315084117478
width: 0.04393389762192664
height: 0.03421727972626176
Area: 0.0006907357623096641
CentroidX: 0.1744
CentroidY: 0.1618
