Location: internet_6.png_Mean-Closing.png
Component: component_1755093691044_71.png
centerX: 0.07013301088270858
centerY: 0.19788993441688052
width: 0.051592099959693674
height: 0.03165098374679213
Area: 0.0007099292518780025
CentroidX: 0.0966
CentroidY: 0.2143
