Location: internet_6.png_Otsu.png
Component: component_1755093690732_46.png
centerX: 0.7565497783151954
centerY: 0.12859994297120045
width: 0.05078597339782346
height: 0.03307670373538637
Area: 0.0006459126429584546
CentroidX: 0.7824
CentroidY: 0.1449
