Location: internet_6.png_Gaussian-Median.png
Component: component_1755093690608_1.png
centerX: 0.17452640064490124
centerY: 0.0
width: 0.045949214026602174
height: 0.037639007698887936
Area: 0.0007732562743459933
CentroidX: 0.1991
CentroidY: 0.0185
