Location: internet_6.png_Mean-Closing.png
Component: component_1755093691053_103.png
centerX: 0.07134220072551391
centerY: 0.2934131736526946
width: 0.0475614671503426
height: 0.031080695751354435
Area: 0.0006856787949982456
CentroidX: 0.0954
CentroidY: 0.3093
