Location: internet_6.png_Gaussian-Median.png
Component: component_1755093690624_55.png
centerX: 0.28335348649738007
centerY: 0.13886512688907898
width: 0.04353083434099154
height: 0.03792415169660679
Area: 0.0006863683814498027
CentroidX: 0.3057
CentroidY: 0.1576
