Location: internet_6.png_Gaussian-Closing.png
Component: component_1755093691174_130.png
centerX: 0.26481257557436516
centerY: 0.378956372968349
width: 0.045949214026602174
height: 0.03279155973766752
Area: 0.0006231562900570713
CentroidX: 0.2876
CentroidY: 0.3959
