Location: internet_6.png_Mean-Closing.png
Component: component_1755093691074_189.png
centerX: 0.4482063683998388
centerY: 0.5571713715426291
width: 0.035872632003224506
height: 0.027944111776447105
Area: 0.000380191996958464
CentroidX: 0.4665
CentroidY: 0.5716
