Location: internet_6.png_Mean-Closing.png
Component: component_1755093691033_44.png
centerX: 0.8242644095122934
centerY: 0.1234673510122612
width: 0.049576783555018135
height: 0.03649843170801255
Area: 0.000749810334993053
CentroidX: 0.8481
CentroidY: 0.1414
