Location: internet_6.png_Gaussian-Closing.png
Component: component_1755093691161_81.png
centerX: 0.3502619911326078
centerY: 0.22840034217279725
width: 0.04836759371221282
height: 0.03307670373538637
Area: 0.0006534980939255823
CentroidX: 0.3759
CentroidY: 0.2447
