Location: internet_6.png_Gaussian-Closing.png
Component: component_1755093691213_235.png
centerX: 0.008464328899637243
centerY: 0.6769318505845452
width: 0.03829101168883515
height: 0.026803535785571715
Area: 0.00038409965351728743
CentroidX: 0.0288
CentroidY: 0.6908
