Location: internet_6.png_Mean-Closing.png
Component: component_1755093691070_166.png
centerX: 0.7428456267634018
centerY: 0.4853150841174793
width: 0.046352277307537285
height: 0.02765896777872826
Area: 0.000510753698453269
CentroidX: 0.7670
CentroidY: 0.4990
