Location: internet_6.png_Gaussian-Median.png
Component: component_1755093690613_6.png
centerX: 0.6444981862152358
centerY: 0.003136583974907328
width: 0.0475614671503426
height: 0.031080695751354435
Area: 0.0007334901223062023
CentroidX: 0.6680
CentroidY: 0.0186
