Location: internet_6.png_Mean-Closing.png
Component: component_1755093691068_158.png
centerX: 0.3301088270858525
centerY: 0.4656401482748788
width: 0.04191858121725111
height: 0.029654975762760195
Area: 0.000550749712643579
CentroidX: 0.3517
CentroidY: 0.4812
