Location: internet_6.png_Gaussian-Median.png
Component: component_1755093690624_58.png
centerX: 0.15195485691253527
centerY: 0.14456800684345594
width: 0.04393389762192664
height: 0.03450242372398061
Area: 0.0006615432691937481
CentroidX: 0.1744
CentroidY: 0.1618
