Location: internet_6.png_Mean-Closing.png
Component: component_1755093691056_114.png
centerX: 0.9028617492946392
centerY: 0.32934131736526945
width: 0.041112454655380895
height: 0.02879954376960365
Area: 0.0005679893739325058
CentroidX: 0.9238
CentroidY: 0.3438
