Location: internet_6.png_Gaussian-Closing.png
Component: component_1755093691215_240.png
centerX: 0.6537686416767432
centerY: 0.6894781864841745
width: 0.03788794840790004
height: 0.029940119760479042
Area: 0.00039846603792472634
CentroidX: 0.6744
CentroidY: 0.7043
