Location: internet_6.png_Mean-Closing.png
Component: component_1755093691072_177.png
centerX: 0.2672309552599758
centerY: 0.5223838038209295
width: 0.04191858121725111
height: 0.02765896777872826
Area: 0.000530062119096867
CentroidX: 0.2884
CentroidY: 0.5366
