Location: internet_6.png_Otsu.png
Component: component_1755093690735_60.png
centerX: 0.7267230955259976
centerY: 0.16994582264043342
width: 0.049576783555018135
height: 0.033361847733105215
Area: 0.0006732662388702184
CentroidX: 0.7515
CentroidY: 0.1871
