Location: internet_6.png_Gaussian-Closing.png
Component: component_1755093691191_192.png
centerX: 0.3857315598548972
centerY: 0.5600228115198175
width: 0.0475614671503426
height: 0.028514399771884802
Area: 0.00044524298555534755
CentroidX: 0.4098
CentroidY: 0.5745
