Location: internet_6.png_Gaussian-Median.png
Component: component_1755093690642_141.png
centerX: 0.006449012494961709
centerY: 0.3937838608497291
width: 0.042724707779121324
height: 0.027944111776447105
Area: 0.0005684490982335439
CentroidX: 0.0282
CentroidY: 0.4073
