Location: internet_6.png_Gaussian-Median.png
Component: component_1755093690621_40.png
centerX: 0.3486497380088674
centerY: 0.09096093527231251
width: 0.05078597339782346
height: 0.03279155973766752
Area: 0.0007131473219852689
CentroidX: 0.3741
CentroidY: 0.1079
