Location: internet_6.png_Gaussian-Closing.png
Component: component_1755093691159_72.png
centerX: 0.07013301088270858
centerY: 0.19788993441688052
width: 0.051592099959693674
height: 0.03165098374679213
Area: 0.0006825756559662387
CentroidX: 0.0966
CentroidY: 0.2143
