Location: internet_6.png_Gaussian-Closing.png
Component: component_1755093691171_120.png
centerX: 0.0761789600967352
centerY: 0.3421727972626176
width: 0.04917372027408303
height: 0.029654975762760195
Area: 0.0006447633322058595
CentroidX: 0.1008
CentroidY: 0.3567
