Location: internet_6.png_Otsu.png
Component: component_1755093690768_139.png
centerX: 0.5937122128174124
centerY: 0.397775876817793
width: 0.04393389762192664
height: 0.03165098374679213
Area: 0.0005182242183451373
CentroidX: 0.6166
CentroidY: 0.4138
