Location: internet_6.png_Gaussian-Closing.png
Component: component_1755093691152_38.png
centerX: 0.2841596130592503
centerY: 0.09238665526090675
width: 0.045949214026602174
height: 0.03279155973766752
Area: 0.000659934234140115
CentroidX: 0.3076
CentroidY: 0.1094
