Location: internet_6.png_Otsu.png
Component: component_1755093690743_96.png
centerX: 0.9701733172108021
centerY: 0.2748788138009695
width: 0.024586860137041516
height: 0.03307670373538637
Area: 0.0004430592951254168
CentroidX: 0.9827
CentroidY: 0.2909
