Location: internet_6.png_Otsu.png
Component: component_1755093690918_320.png
centerX: 0.928254735993551
centerY: 0.6338751069289992
width: 0.035872632003224506
height: 0.023096663815226688
Area: 0.0002741106144939349
CentroidX: 0.9464
CentroidY: 0.6452
