Location: internet_6.png_Otsu.png
Component: component_1755093690791_162.png
centerX: 0.867795243853285
centerY: 0.47533504419731964
width: 0.03345425231761386
height: 0.0290846877673225
Area: 0.00042501511630967353
CentroidX: 0.8850
CentroidY: 0.4899
