Location: internet_6.png_Otsu.png
Component: component_1755093690740_82.png
centerX: 0.28657799274486095
centerY: 0.2315369261477046
width: 0.04514308746473196
height: 0.032506415739948676
Area: 0.0005862634148987682
CentroidX: 0.3096
CentroidY: 0.2480
