Location: internet_6.png_Otsu.png
Component: component_1755093690735_62.png
centerX: 0.6586054010479645
centerY: 0.1727972626176219
width: 0.0475614671503426
height: 0.029654975762760195
Area: 0.0006230413589818118
CentroidX: 0.6832
CentroidY: 0.1869
