Location: internet_6.png_Mean-Closing.png
Component: component_1755093691070_169.png
centerX: 0.6162837565497783
centerY: 0.49272882805816937
width: 0.045949214026602174
height: 0.03022526375819789
Area: 0.0005379923632897733
CentroidX: 0.6407
CentroidY: 0.5082
