Location: internet_6.png_Gaussian-Closing.png
Component: component_1755093691150_31.png
centerX: 0.8428053204353083
centerY: 0.07698887938408897
width: 0.044740024183796856
height: 0.031080695751354435
Area: 0.000634764328658282
CentroidX: 0.8650
CentroidY: 0.0923
