Location: internet_6.png_Gaussian-Median.png
Component: component_1755093690616_21.png
centerX: 0.8468359532446594
centerY: 0.03877958368976333
width: 0.04433696090286175
height: 0.032506415739948676
Area: 0.0006600491652153745
CentroidX: 0.8685
CentroidY: 0.0558
