Location: internet_6.png_Mean-Closing.png
Component: component_1755093691084_233.png
centerX: 0.008464328899637243
centerY: 0.6769318505845452
width: 0.03829101168883515
height: 0.026803535785571715
Area: 0.0004019139701825117
CentroidX: 0.0287
CentroidY: 0.6908
