Location: internet_6.png_Otsu.png
Component: component_1755093690746_111.png
centerX: 0.40870616686819833
centerY: 0.3213572854291417
width: 0.04393389762192664
height: 0.03165098374679213
Area: 0.0005861484838235086
CentroidX: 0.4319
CentroidY: 0.3364
