Location: internet_6.png_Gaussian-Median.png
Component: component_1755093690615_19.png
centerX: 0.9121322047561468
centerY: 0.03649843170801255
width: 0.045949214026602174
height: 0.03165098374679213
Area: 0.000684184691019872
CentroidX: 0.9340
CentroidY: 0.0525
