Location: internet_6.png_Otsu.png
Component: component_1755093690734_58.png
centerX: 0.867795243853285
centerY: 0.1628172226974622
width: 0.05199516324062878
height: 0.029369831765041345
Area: 0.0006756797914506681
CentroidX: 0.8939
CentroidY: 0.1775
