Location: internet_6.png_Otsu.png
Component: component_1755093690745_106.png
centerX: 0.01007658202337767
centerY: 0.2968349016253208
width: 0.03909713825070536
height: 0.03022526375819789
Area: 0.0005787928950068999
CentroidX: 0.0296
CentroidY: 0.3121
