Location: internet_6.png_Gaussian-Closing.png
Component: component_1755093691178_147.png
centerX: 0.19871019750100766
centerY: 0.4308525805531794
width: 0.04070939137444579
height: 0.029940119760479042
Area: 0.0005128224578079403
CentroidX: 0.2195
CentroidY: 0.4452
