Location: internet_6.png_Gaussian-Closing.png
Component: component_1755093691218_250.png
centerX: 0.1950826279725917
centerY: 0.7137154262902766
width: 0.03829101168883515
height: 0.027944111776447105
Area: 0.0003755947539480836
CentroidX: 0.2155
CentroidY: 0.7279
