Location: internet_6.png_Mean-Closing.png
Component: component_1755093691054_105.png
centerX: 0.01007658202337767
centerY: 0.29654975762760194
width: 0.039500201531640466
height: 0.030795551753635585
Area: 0.0006313163964004967
CentroidX: 0.0295
CentroidY: 0.3120
