Location: internet_6.png_Gaussian-Median.png
Component: component_1755093690655_197.png
centerX: 0.3248690044336961
centerY: 0.564870259481038
width: 0.045949214026602174
height: 0.02737382378100941
Area: 0.00045225378114617775
CentroidX: 0.3484
CentroidY: 0.5790
