Location: internet_6.png_Gaussian-Closing.png
Component: component_1755093691151_37.png
centerX: 0.4268440145102781
centerY: 0.09153122326775022
width: 0.0471584038694075
height: 0.03450242372398061
Area: 0.0006740707563970349
CentroidX: 0.4514
CentroidY: 0.1091
