Location: internet_6.png_Otsu.png
Component: component_1755093690905_235.png
centerX: 0.007255139056831923
centerY: 0.587111491303108
width: 0.037484885126964934
height: 0.02423723980610208
Area: 0.0003838697913667684
CentroidX: 0.0258
CentroidY: 0.6000
