Location: internet_6.png_Gaussian-Median.png
Component: component_1755093690623_51.png
centerX: 0.6767432486900443
centerY: 0.1300256629597947
width: 0.054816606207174524
height: 0.033932135728542916
Area: 0.0007307317764999741
CentroidX: 0.7052
CentroidY: 0.1470
