Location: internet_6.png_Mean-Closing.png
Component: component_1755093691046_77.png
centerX: 0.5711406690850463
centerY: 0.2184203022526376
width: 0.044740024183796856
height: 0.029940119760479042
Area: 0.0006518890588719492
CentroidX: 0.5931
CentroidY: 0.2339
