Location: internet_6.png_Mean-Closing.png
Component: component_1755093691071_174.png
centerX: 0.3216444981862152
centerY: 0.5181066438551468
width: 0.04353083434099154
height: 0.028229255774165955
Area: 0.0005317860852257597
CentroidX: 0.3451
CentroidY: 0.5316
