Location: internet_6.png_Gaussian-Closing.png
Component: component_1755093691178_148.png
centerX: 0.79242241031842
centerY: 0.43256344453949247
width: 0.04433696090286175
height: 0.027088679783290562
Area: 0.0005242006342586319
CentroidX: 0.8153
CentroidY: 0.4462
