Location: internet_6.png_Mean-Closing.png
Component: component_1755093691055_110.png
centerX: 0.40870616686819833
centerY: 0.3210721414314229
width: 0.04433696090286175
height: 0.031936127744510975
Area: 0.0006320059828520537
CentroidX: 0.4319
CentroidY: 0.3364
