Location: internet_6.png_Mean-Closing.png
Component: component_1755093691085_240.png
centerX: 0.4836759371221282
centerY: 0.6986027944111777
width: 0.036275695284159616
height: 0.0290846877673225
Area: 0.0004169699410415077
CentroidX: 0.5022
CentroidY: 0.7138
