Location: internet_6.png_Gaussian-Closing.png
Component: component_1755093691143_7.png
centerX: 0.09633212414349053
centerY: 0.003421727972626176
width: 0.05602579604997985
height: 0.035642999714856
Area: 0.0008164703586435696
CentroidX: 0.1261
CentroidY: 0.0209
