Location: internet_6.png_Gaussian-Median.png
Component: component_1755093690642_138.png
centerX: 0.7936316001612254
centerY: 0.38637011690903905
width: 0.04232164449818621
height: 0.028229255774165955
Area: 0.0005384520875908114
CentroidX: 0.8156
CentroidY: 0.4004
