Location: internet_6.png_Gaussian-Closing.png
Component: component_1755093691160_77.png
centerX: 0.6396614268440145
centerY: 0.21385799828913601
width: 0.0475614671503426
height: 0.03307670373538637
Area: 0.0006478664712378663
CentroidX: 0.6632
CentroidY: 0.2299
