Location: internet_6.png_Gaussian-Median.png
Component: component_1755093690653_187.png
centerX: 0.14631197097944376
centerY: 0.5289421157684631
width: 0.04554615074566707
height: 0.029940119760479042
Area: 0.0005355788107093236
CentroidX: 0.1705
CentroidY: 0.5436
