Location: internet_6.png_Mean-Closing.png
Component: component_1755093691060_130.png
centerX: 0.1954856912535268
centerY: 0.382663244938694
width: 0.04836759371221282
height: 0.03022526375819789
Area: 0.0006313163964004967
CentroidX: 0.2201
CentroidY: 0.3983
