Location: internet_6.png_Gaussian-Closing.png
Component: component_1755093691153_43.png
centerX: 0.9528415961305925
centerY: 0.12061591103507271
width: 0.03667875856509472
height: 0.035642999714856
Area: 0.0006903909690838855
CentroidX: 0.9706
CentroidY: 0.1392
