Location: internet_6.png_Otsu.png
Component: component_1755093690935_431.png
centerX: 0.6541717049576784
centerY: 0.6894781864841745
width: 0.037484885126964934
height: 0.029940119760479042
Area: 0.00032445042545760095
CentroidX: 0.6737
CentroidY: 0.7040
