Location: internet_6.png_Mean-Closing.png
Component: component_1755093691050_90.png
centerX: 0.6815800080612656
centerY: 0.2557741659538067
width: 0.04796453043127771
height: 0.031936127744510975
Area: 0.0007185490825224658
CentroidX: 0.7053
CentroidY: 0.2716
