Location: internet_6.png_Otsu.png
Component: component_1755093690744_103.png
centerX: 0.14268440145102781
centerY: 0.2894211576846307
width: 0.04796453043127771
height: 0.031080695751354435
Area: 0.0006210875307024001
CentroidX: 0.1667
CentroidY: 0.3049
