Location: internet_6.png_Otsu.png
Component: component_1755093690724_14.png
centerX: 0.38291011688835147
centerY: 0.005988023952095809
width: 0.046352277307537285
height: 0.030795551753635585
Area: 0.000660164096290634
CentroidX: 0.4072
CentroidY: 0.0221
