Location: internet_6.png_Mean-Closing.png
Component: component_1755093691057_116.png
centerX: 0.1483272873841193
centerY: 0.3361847733105218
width: 0.049576783555018135
height: 0.03307670373538637
Area: 0.0007014243523087986
CentroidX: 0.1740
CentroidY: 0.3530
