Location: internet_6.png_Gaussian-Median.png
Component: component_1755093690618_29.png
centerX: 0.29826682789197906
centerY: 0.05132591958939264
width: 0.0475614671503426
height: 0.033932135728542916
Area: 0.0007054469399428815
CentroidX: 0.3225
CentroidY: 0.0690
