Location: internet_6.png_Mean-Closing.png
Component: component_1755093691083_232.png
centerX: 0.06932688432083838
centerY: 0.675506130595951
width: 0.044740024183796856
height: 0.027944111776447105
Area: 0.0004608736117906411
CentroidX: 0.0931
CentroidY: 0.6900
