Location: internet_6.png_Gaussian-Median.png
Component: component_1755093690631_88.png
centerX: 0.2132204756146715
centerY: 0.2375249500998004
width: 0.05078597339782346
height: 0.03222127174222983
Area: 0.0006353389840345796
CentroidX: 0.2387
CentroidY: 0.2537
