Location: internet_6.png_Gaussian-Median.png
Component: component_1755093690626_71.png
centerX: 0.3538895606610238
centerY: 0.1870544625035643
width: 0.04836759371221282
height: 0.032506415739948676
Area: 0.0006915402798364806
CentroidX: 0.3785
CentroidY: 0.2037
