Location: internet_6.png_Gaussian-Median.png
Component: component_1755093690664_241.png
centerX: 0.13139862958484483
centerY: 0.6715141146278871
width: 0.04675534058847239
height: 0.02879954376960365
Area: 0.0004630573022205718
CentroidX: 0.1565
CentroidY: 0.6860
