Location: internet_6.png_Gaussian-Median.png
Component: component_1755093690653_188.png
centerX: 0.731962918178154
centerY: 0.5329341317365269
width: 0.04393389762192664
height: 0.028229255774165955
Area: 0.000434554395556213
CentroidX: 0.7555
CentroidY: 0.5468
