Location: internet_6.png_Otsu.png
Component: component_1755093690737_71.png
centerX: 0.07053607416364369
centerY: 0.19788993441688052
width: 0.05078597339782346
height: 0.03165098374679213
Area: 0.000654992197903956
CentroidX: 0.0966
CentroidY: 0.2143
