Location: internet_6.png_Gaussian-Median.png
Component: component_1755093690634_104.png
centerX: 0.8544941555824265
centerY: 0.2822925577416595
width: 0.03990326481257558
height: 0.029369831765041345
Area: 0.0005535080584498074
CentroidX: 0.8755
CentroidY: 0.2969
