Location: internet_6.png_Gaussian-Closing.png
Component: component_1755093691190_185.png
centerX: 0.0769850866586054
centerY: 0.5332192757342458
width: 0.04514308746473196
height: 0.027944111776447105
Area: 0.0005146613550120924
CentroidX: 0.1012
CentroidY: 0.5474
