Location: internet_6.png_Otsu.png
Component: component_1755093690848_184.png
centerX: 0.0773881499395405
centerY: 0.5332192757342458
width: 0.044740024183796856
height: 0.027944111776447105
Area: 0.0004867331037240312
CentroidX: 0.1013
CentroidY: 0.5474
