Location: internet_6.png_Mean-Closing.png
Component: component_1755093691077_206.png
centerX: 0.46634421604191856
centerY: 0.6050755631593955
width: 0.037484885126964934
height: 0.028229255774165955
Area: 0.00041248762910638673
CentroidX: 0.4853
CentroidY: 0.6195
