Location: internet_6.png_Otsu.png
Component: component_1755093690883_205.png
centerX: 0.3248690044336961
centerY: 0.564870259481038
width: 0.04554615074566707
height: 0.02737382378100941
Area: 0.0003889267586781869
CentroidX: 0.3479
CentroidY: 0.5787
