Location: internet_6.png_Otsu.png
Component: component_1755093690732_48.png
centerX: 0.60378879484079
centerY: 0.1317365269461078
width: 0.05078597339782346
height: 0.03507271171941831
Area: 0.0006864833125250621
CentroidX: 0.6292
CentroidY: 0.1491
