Location: internet_6.png_Gaussian-Median.png
Component: component_1755093690619_33.png
centerX: 0.7754937525191455
centerY: 0.07613344739093242
width: 0.04675534058847239
height: 0.03307670373538637
Area: 0.0007157907367162376
CentroidX: 0.7988
CentroidY: 0.0923
