Location: internet_6.png_Otsu.png
Component: component_1755093690905_237.png
centerX: 0.6779524385328497
centerY: 0.5879669232962647
width: 0.04312777106005643
height: 0.025377815796977475
Area: 0.00032468028760812
CentroidX: 0.7000
CentroidY: 0.6006
