Location: internet_6.png_Otsu.png
Component: component_1755093690742_93.png
centerX: 0.5610640870616687
centerY: 0.2631879098944967
width: 0.04070939137444579
height: 0.028514399771884802
Area: 0.0005555768178044786
CentroidX: 0.5814
CentroidY: 0.2773
