Location: internet_6.png_Mean-Closing.png
Component: component_1755093691068_157.png
centerX: 0.3857315598548972
centerY: 0.4602224123182207
width: 0.04514308746473196
height: 0.029654975762760195
Area: 0.0005817811029636472
CentroidX: 0.4082
CentroidY: 0.4760
