Location: internet_6.png_Gaussian-Closing.png
Component: component_1755093691185_169.png
centerX: 0.010479645304312777
centerY: 0.4861705161106359
width: 0.0475614671503426
height: 0.033932135728542916
Area: 0.0006714273416660661
CentroidX: 0.0357
CentroidY: 0.5027
