Location: internet_6.png_Otsu.png
Component: component_1755093690750_120.png
centerX: 0.0761789600967352
centerY: 0.3421727972626176
width: 0.04877065699314793
height: 0.029654975762760195
Area: 0.000619478495648767
CentroidX: 0.1009
CentroidY: 0.3568
