Location: internet_6.png_Gaussian-Closing.png
Component: component_1755093691191_189.png
centerX: 0.5570334542523177
centerY: 0.5494724836042202
width: 0.03829101168883515
height: 0.025092671799258625
Area: 0.0003821458252378757
CentroidX: 0.5762
CentroidY: 0.5622
