Location: internet_6.png_Mean-Closing.png
Component: component_1755093691081_221.png
centerX: 0.6033857315598549
centerY: 0.6495580268035358
width: 0.037484885126964934
height: 0.02737382378100941
Area: 0.00041938349362195744
CentroidX: 0.6230
CentroidY: 0.6637
