Location: internet_6.png_Gaussian-Closing.png
Component: component_1755093691184_164.png
centerX: 0.21442966545747683
centerY: 0.47904191616766467
width: 0.051592099959693674
height: 0.028514399771884802
Area: 0.0005807467232863116
CentroidX: 0.2416
CentroidY: 0.4934
