Location: internet_6.png_Otsu.png
Component: component_1755093690930_396.png
centerX: 0.7650141072148328
centerY: 0.679213002566296
width: 0.041515517936316
height: 0.027088679783290562
Area: 0.00031514100836158054
CentroidX: 0.7871
CentroidY: 0.6923
