Location: internet_6.png_Mean-Closing.png
Component: component_1755093691068_160.png
centerX: 0.279322853688029
centerY: 0.47276874821785003
width: 0.03909713825070536
height: 0.0290846877673225
Area: 0.0005577605082344093
CentroidX: 0.2995
CentroidY: 0.4875
