Location: internet_6.png_Mean-Closing.png
Component: component_1755093691074_191.png
centerX: 0.3248690044336961
centerY: 0.564870259481038
width: 0.045949214026602174
height: 0.02737382378100941
Area: 0.0004811014810363151
CentroidX: 0.3486
CentroidY: 0.5790
