Location: internet_6.png_Gaussian-Closing.png
Component: component_1755093691173_125.png
centerX: 0.5191455058444175
centerY: 0.36127744510978044
width: 0.049979846835953246
height: 0.03051040775591674
Area: 0.0006272938087664138
CentroidX: 0.5448
CentroidY: 0.3767
