Location: internet_6.png_Mean-Closing.png
Component: component_1755093691076_197.png
centerX: 0.8472390165255945
centerY: 0.5791274593669803
width: 0.04191858121725111
height: 0.027944111776447105
Area: 0.00044731174491001875
CentroidX: 0.8688
CentroidY: 0.5934
