Location: internet_6.png_Mean-Closing.png
Component: component_1755093691027_29.png
centerX: 0.7758968158000806
centerY: 0.07613344739093242
width: 0.046352277307537285
height: 0.03307670373538637
Area: 0.0007388918828433994
CentroidX: 0.7989
CentroidY: 0.0924
