Location: internet_6.png_Gaussian-Closing.png
Component: component_1755093691177_143.png
centerX: 0.32365981459089077
centerY: 0.42087254063301965
width: 0.04836759371221282
height: 0.031936127744510975
Area: 0.000619478495648767
CentroidX: 0.3480
CentroidY: 0.4365
