Location: internet_6.png_Mean-Closing.png
Component: component_1755093691079_211.png
centerX: 0.1841999193873438
centerY: 0.6173367550613059
width: 0.042724707779121324
height: 0.03222127174222983
Area: 0.0004569659552318177
CentroidX: 0.2058
CentroidY: 0.6344
