Location: internet_6.png_Gaussian-Median.png
Component: component_1755093690659_215.png
centerX: 0.41031841999193874
centerY: 0.605930995152552
width: 0.04070939137444579
height: 0.028229255774165955
Area: 0.00034732170943424376
CentroidX: 0.4313
CentroidY: 0.6204
