Location: internet_6.png_Mean-Closing.png
Component: component_1755093691032_39.png
centerX: 0.2184602982668279
centerY: 0.09523809523809523
width: 0.05078597339782346
height: 0.03507271171941831
Area: 0.0007111934937058572
CentroidX: 0.2437
CentroidY: 0.1132
