Location: internet_6.png_Gaussian-Median.png
Component: component_1755093690644_149.png
centerX: 0.2607819427650141
centerY: 0.42543484459652126
width: 0.04514308746473196
height: 0.03136583974907328
Area: 0.0005935040726401174
CentroidX: 0.2835
CentroidY: 0.4412
