Location: internet_6.png_Otsu.png
Component: component_1755093690786_155.png
centerX: 0.550987505038291
centerY: 0.44938694040490446
width: 0.04675534058847239
height: 0.03022526375819789
Area: 0.0005717820994160697
CentroidX: 0.5755
CentroidY: 0.4648
