Location: internet_6.png_Mean-Closing.png
Component: component_1755093691069_163.png
centerX: 0.147118097541314
centerY: 0.48075278015397777
width: 0.049979846835953246
height: 0.029654975762760195
Area: 0.0006222368414549953
CentroidX: 0.1742
CentroidY: 0.4951
