Location: internet_6.png_Gaussian-Closing.png
Component: component_1755093691199_207.png
centerX: 0.5179363160016123
centerY: 0.6013686911890505
width: 0.04030632809351068
height: 0.02594810379241517
Area: 0.00037042285556140555
CentroidX: 0.5387
CentroidY: 0.6140
