Location: internet_6.png_Gaussian-Median.png
Component: component_1755093690640_130.png
centerX: 0.45828295042321643
centerY: 0.36384374108925005
width: 0.04554615074566707
height: 0.033361847733105215
Area: 0.0006214323239281787
CentroidX: 0.4818
CentroidY: 0.3806
