Location: internet_6.png_Otsu.png
Component: component_1755093690728_33.png
centerX: 0.6537686416767432
centerY: 0.07984031936127745
width: 0.04312777106005643
height: 0.03450242372398061
Area: 0.0006572908194091463
CentroidX: 0.6752
CentroidY: 0.0974
