Location: internet_6.png_Gaussian-Median.png
Component: component_1755093690657_209.png
centerX: 0.6779524385328497
centerY: 0.5879669232962647
width: 0.04353083434099154
height: 0.02566295979469632
Area: 0.00038432951566780646
CentroidX: 0.7001
CentroidY: 0.6005
