Location: internet_6.png_Otsu.png
Component: component_1755093690748_114.png
centerX: 0.9032648125755743
centerY: 0.32934131736526945
width: 0.04070939137444579
height: 0.028514399771884802
Area: 0.0005275336354411578
CentroidX: 0.9238
CentroidY: 0.3438
