Location: internet_6.png_Gaussian-Closing.png
Component: component_1755093691215_242.png
centerX: 0.539701733172108
centerY: 0.6946107784431138
width: 0.0354695687222894
height: 0.027944111776447105
Area: 0.00038341006706573035
CentroidX: 0.5581
CentroidY: 0.7087
