Location: internet_6.png_Gaussian-Median.png
Component: component_1755093690640_128.png
centerX: 0.5888754534461911
centerY: 0.35528942115768464
width: 0.049979846835953246
height: 0.03136583974907328
Area: 0.0006237309454333689
CentroidX: 0.6136
CentroidY: 0.3711
