Location: internet_6.png_Gaussian-Closing.png
Component: component_1755093691163_89.png
centerX: 0.011688835147118097
centerY: 0.24921585400627316
width: 0.04312777106005643
height: 0.03022526375819789
Area: 0.0006128124932837153
CentroidX: 0.0337
CentroidY: 0.2651
