Location: internet_6.png_Otsu.png
Component: component_1755093690740_85.png
centerX: 0.8657799274486094
centerY: 0.24294268605645852
width: 0.04393389762192664
height: 0.026518391787852865
Area: 0.0005435090549022299
CentroidX: 0.8890
CentroidY: 0.2554
