Location: internet_6.png_Gaussian-Closing.png
Component: component_1755093691205_223.png
centerX: 0.6033857315598549
centerY: 0.6495580268035358
width: 0.037484885126964934
height: 0.02737382378100941
Area: 0.0004042125916877019
CentroidX: 0.6231
CentroidY: 0.6638
