Location: internet_6.png_Gaussian-Median.png
Component: component_1755093690640_131.png
centerX: 0.39862958484482064
centerY: 0.3704020530367836
width: 0.04514308746473196
height: 0.029369831765041345
Area: 0.0005593695432880425
CentroidX: 0.4214
CentroidY: 0.3849
