Location: internet_6.png_Mean-Closing.png
Component: component_1755093691082_224.png
centerX: 0.4316807738814994
centerY: 0.6578272027373824
width: 0.0354695687222894
height: 0.028229255774165955
Area: 0.0003729513392171148
CentroidX: 0.4499
CentroidY: 0.6732
