Location: internet_6.png_Mean-Closing.png
Component: component_1755093691052_98.png
centerX: 0.28657799274486095
centerY: 0.28001140575990874
width: 0.04796453043127771
height: 0.03222127174222983
Area: 0.0006575206815596652
CentroidX: 0.3115
CentroidY: 0.2962
