Location: internet_6.png_Mean-Closing.png
Component: component_1755093691031_37.png
centerX: 0.4268440145102781
centerY: 0.09153122326775022
width: 0.0471584038694075
height: 0.034787567721699456
Area: 0.0006975166957499752
CentroidX: 0.4515
CentroidY: 0.1092
