Location: internet_6.png_Mean-Closing.png
Component: component_1755093691045_72.png
centerX: 0.9089076985086658
centerY: 0.19788993441688052
width: 0.04070939137444579
height: 0.03165098374679213
Area: 0.0006715422727413256
CentroidX: 0.9284
CentroidY: 0.2135
