Location: internet_6.png_Gaussian-Median.png
Component: component_1755093690619_31.png
centerX: 0.012898024989923419
centerY: 0.05674365554605076
width: 0.049979846835953246
height: 0.03450242372398061
Area: 0.0007548673023044715
CentroidX: 0.0393
CentroidY: 0.0747
