Location: internet_6.png_Otsu.png
Component: component_1755093690723_11.png
centerX: 0.7158403869407497
centerY: 0.004562303963501569
width: 0.04554615074566707
height: 0.02879954376960365
Area: 0.000669818306612433
CentroidX: 0.7396
CentroidY: 0.0187
