Location: internet_6.png_Gaussian-Closing.png
Component: component_1755093691170_115.png
centerX: 0.2825473599355099
centerY: 0.3296264613629883
width: 0.04312777106005643
height: 0.03450242372398061
Area: 0.0006509696102698731
CentroidX: 0.3039
CentroidY: 0.3468
