Location: internet_6.png_Mean-Closing.png
Component: component_1755093691051_94.png
centerX: 0.4183796856106409
centerY: 0.2725976618192187
width: 0.0475614671503426
height: 0.030795551753635585
Area: 0.0006407407445717766
CentroidX: 0.4429
CentroidY: 0.2880
