Location: internet_6.png_Otsu.png
Component: component_1755093690918_321.png
centerX: 0.8746473196291817
centerY: 0.635871114913031
width: 0.03829101168883515
height: 0.02594810379241517
Area: 0.00029422355266434943
CentroidX: 0.8952
CentroidY: 0.6482
