Location: internet_6.png_Gaussian-Closing.png
Component: component_1755093691172_124.png
centerX: 0.5888754534461911
centerY: 0.3555745651554035
width: 0.049576783555018135
height: 0.030795551753635585
Area: 0.0006230413589818118
CentroidX: 0.6135
CentroidY: 0.3711
