Location: internet_6.png_Gaussian-Closing.png
Component: component_1755093691179_150.png
centerX: 0.06852075775896815
centerY: 0.4359851725121186
width: 0.045949214026602174
height: 0.031936127744510975
Area: 0.0005970669359731622
CentroidX: 0.0923
CentroidY: 0.4520
