Location: internet_6.png_Otsu.png
Component: component_1755093690933_426.png
centerX: 0.596130592503023
centerY: 0.6891930424864556
width: 0.035872632003224506
height: 0.027944111776447105
Area: 0.0003057166601903006
CentroidX: 0.6146
CentroidY: 0.7022
