Location: internet_6.png_Otsu.png
Component: component_1755093690739_78.png
centerX: 0.49858927851672713
centerY: 0.22298260621613916
width: 0.049576783555018135
height: 0.029369831765041345
Area: 0.000635683777260358
CentroidX: 0.5235
CentroidY: 0.2376
