Location: internet_6.png_Mean-Closing.png
Component: component_1755093691048_86.png
centerX: 0.8101571946795647
centerY: 0.24550898203592814
width: 0.04312777106005643
height: 0.027944111776447105
Area: 0.0006228114968312928
CentroidX: 0.8315
CentroidY: 0.2589
