Location: internet_6.png_Otsu.png
Component: component_1755093690784_151.png
centerX: 0.06852075775896815
centerY: 0.43627031650983744
width: 0.04554615074566707
height: 0.03136583974907328
Area: 0.0005718970304913292
CentroidX: 0.0924
CentroidY: 0.4521
