Location: internet_6.png_Gaussian-Closing.png
Component: component_1755093691204_219.png
centerX: 0.8218460298266828
centerY: 0.6364414029084687
width: 0.03990326481257558
height: 0.027944111776447105
Area: 0.00041329214663320335
CentroidX: 0.8430
CentroidY: 0.6511
