Location: internet_6.png_Gaussian-Closing.png
Component: component_1755093691166_98.png
centerX: 0.9137444578798871
centerY: 0.2797262617621899
width: 0.04353083434099154
height: 0.0290846877673225
Area: 0.000589366553930775
CentroidX: 0.9345
CentroidY: 0.2939
