Location: internet_6.png_Gaussian-Closing.png
Component: component_1755093691157_61.png
centerX: 0.7263200322450625
centerY: 0.16994582264043342
width: 0.049979846835953246
height: 0.033361847733105215
Area: 0.0006987809375778299
CentroidX: 0.7515
CentroidY: 0.1870
