Location: internet_6.png_Gaussian-Closing.png
Component: component_1755093691171_119.png
centerX: 0.7831519548569126
centerY: 0.3384659252922726
width: 0.04191858121725111
height: 0.03051040775591674
Area: 0.0005808616543615711
CentroidX: 0.8038
CentroidY: 0.3541
