Location: internet_6.png_Otsu.png
Component: component_1755093690745_107.png
centerX: 0.671906489318823
centerY: 0.3031080695751354
width: 0.04514308746473196
height: 0.02879954376960365
Area: 0.0005671848564056892
CentroidX: 0.6944
CentroidY: 0.3174
