Location: internet_6.png_Otsu.png
Component: component_1755093690732_47.png
centerX: 0.6771463119709794
centerY: 0.13031080695751354
width: 0.05401047964530431
height: 0.033361847733105215
Area: 0.000699240661878868
CentroidX: 0.7053
CentroidY: 0.1470
