Location: internet_6.png_Mean-Closing.png
Component: component_1755093691075_192.png
centerX: 0.26320032245062475
centerY: 0.570287995437696
width: 0.04191858121725111
height: 0.02879954376960365
Area: 0.0004719069950155542
CentroidX: 0.2843
CentroidY: 0.5850
