Location: internet_6.png_Gaussian-Closing.png
Component: component_1755093691214_237.png
centerX: 0.7646110439338977
centerY: 0.679213002566296
width: 0.04232164449818621
height: 0.02737382378100941
Area: 0.0004061664199671136
CentroidX: 0.7874
CentroidY: 0.6925
