Location: internet_6.png_Mean-Closing.png
Component: component_1755093691075_193.png
centerX: 0.9536477226924627
centerY: 0.5725691474194469
width: 0.03869407496977025
height: 0.02594810379241517
Area: 0.00040846504147230384
CentroidX: 0.9738
CentroidY: 0.5854
