Location: internet_6.png_Otsu.png
Component: component_1755093690744_100.png
centerX: 0.8548972188633616
centerY: 0.2825777017393784
width: 0.03909713825070536
height: 0.0290846877673225
Area: 0.0005309815676989431
CentroidX: 0.8756
CentroidY: 0.2969
