Location: internet_6.png_Otsu.png
Component: component_1755093690777_146.png
centerX: 0.8544941555824265
centerY: 0.42714570858283435
width: 0.04191858121725111
height: 0.02623324779013402
Area: 0.000479492445982682
CentroidX: 0.8756
CentroidY: 0.4409
