Location: internet_6.png_Gaussian-Median.png
Component: component_1755093690635_105.png
centerX: 0.21362353889560662
centerY: 0.28628457370972343
width: 0.046352277307537285
height: 0.03022526375819789
Area: 0.000620168082100324
CentroidX: 0.2374
CentroidY: 0.3011
