Location: internet_6.png_Gaussian-Closing.png
Component: component_1755093691182_159.png
centerX: 0.3857315598548972
centerY: 0.4602224123182207
width: 0.04514308746473196
height: 0.029654975762760195
Area: 0.0005582202325354473
CentroidX: 0.4081
CentroidY: 0.4759
