Location: internet_6.png_Gaussian-Median.png
Component: component_1755093690655_196.png
centerX: 0.3857315598548972
centerY: 0.5600228115198175
width: 0.0475614671503426
height: 0.028514399771884802
Area: 0.00045064474609254456
CentroidX: 0.4098
CentroidY: 0.5745
