Location: internet_6.png_Gaussian-Median.png
Component: component_1755093690663_239.png
centerX: 0.9367190648931882
centerY: 0.6695181066438551
width: 0.03305118903667876
height: 0.026518391787852865
Area: 0.0003719169595397792
CentroidX: 0.9537
CentroidY: 0.6825
