Location: internet_6.png_Gaussian-Closing.png
Component: component_1755093691176_138.png
centerX: 0.6594115276098348
centerY: 0.3937838608497291
width: 0.0471584038694075
height: 0.031080695751354435
Area: 0.000605571835542366
CentroidX: 0.6823
CentroidY: 0.4092
