Location: internet_6.png_Gaussian-Closing.png
Component: component_1755093691158_68.png
centerX: 0.21604191858121724
centerY: 0.1887653264898774
width: 0.04191858121725111
height: 0.03051040775591674
Area: 0.0005955728319947885
CentroidX: 0.2363
CentroidY: 0.2042
