Location: internet_6.png_Gaussian-Median.png
Component: component_1755093690659_218.png
centerX: 0.2470777912132205
centerY: 0.6164813230681494
width: 0.03426037887948408
height: 0.03051040775591674
Area: 0.00036433150857265146
CentroidX: 0.2643
CentroidY: 0.6326
