Location: internet_6.png_Gaussian-Closing.png
Component: component_1755093691205_221.png
centerX: 0.7690447400241838
centerY: 0.6390076988879384
width: 0.041515517936316
height: 0.02623324779013402
Area: 0.0003959375542690171
CentroidX: 0.7908
CentroidY: 0.6521
