Location: internet_6.png_Otsu.png
Component: component_1755093690801_174.png
centerX: 0.4312777106005643
centerY: 0.508411747932706
width: 0.04393389762192664
height: 0.02737382378100941
Area: 0.0004637468886721289
CentroidX: 0.4536
CentroidY: 0.5224
