Location: internet_6.png_Otsu.png
Component: component_1755093690746_109.png
centerX: 0.5425231761386538
centerY: 0.31223267750213857
width: 0.04675534058847239
height: 0.03051040775591674
Area: 0.0005954579009195291
CentroidX: 0.5666
CentroidY: 0.3274
