Location: internet_6.png_Gaussian-Median.png
Component: component_1755093690667_258.png
centerX: 0.2555421201128577
centerY: 0.7097234103222128
width: 0.041112454655380895
height: 0.027944111776447105
Area: 0.00043926656964185295
CentroidX: 0.2776
CentroidY: 0.7236
