Location: internet_6.png_Mean-Closing.png
Component: component_1755093691041_58.png
centerX: 0.867795243853285
centerY: 0.1628172226974622
width: 0.05199516324062878
height: 0.0290846877673225
Area: 0.0007219970147802512
CentroidX: 0.8939
CentroidY: 0.1775
