Location: internet_6.png_Otsu.png
Component: component_1755093690756_131.png
centerX: 0.1954856912535268
centerY: 0.382663244938694
width: 0.04796453043127771
height: 0.029940119760479042
Area: 0.0005798272746842355
CentroidX: 0.2200
CentroidY: 0.3983
