Location: internet_6.png_Mean-Closing.png
Component: component_1755093691071_175.png
centerX: 0.951229343006852
centerY: 0.51981750784146
width: 0.039500201531640466
height: 0.02623324779013402
Area: 0.0004039827295371829
CentroidX: 0.9721
CentroidY: 0.5336
