Location: internet_6.png_Gaussian-Median.png
Component: component_1755093690626_69.png
centerX: 0.5070536074163644
centerY: 0.17907043056743654
width: 0.04917372027408303
height: 0.033361847733105215
Area: 0.0006795874480094914
CentroidX: 0.5310
CentroidY: 0.1950
