Location: internet_6.png_Mean-Closing.png
Component: component_1755093691031_38.png
centerX: 0.2841596130592503
centerY: 0.09238665526090675
width: 0.045949214026602174
height: 0.03279155973766752
Area: 0.0006805068966115675
CentroidX: 0.3076
CentroidY: 0.1095
