Location: internet_6.png_Otsu.png
Component: component_1755093690733_49.png
centerX: 0.5126964933494559
centerY: 0.13401767892785857
width: 0.05723498589278517
height: 0.036213287710293696
Area: 0.0007121129423079332
CentroidX: 0.5420
CentroidY: 0.1523
