Location: internet_6.png_Mean-Closing.png
Component: component_1755093691081_220.png
centerX: 0.6537686416767432
centerY: 0.6438551468491588
width: 0.041112454655380895
height: 0.02879954376960365
Area: 0.00045064474609254456
CentroidX: 0.6748
CentroidY: 0.6577
