Location: internet_6.png_Gaussian-Closing.png
Component: component_1755093691172_121.png
centerX: 0.006449012494961709
centerY: 0.3427430852580553
width: 0.04675534058847239
height: 0.029654975762760195
Area: 0.000644878263281119
CentroidX: 0.0310
CentroidY: 0.3573
