Location: internet_6.png_Gaussian-Median.png
Component: component_1755093690614_12.png
centerX: 0.5820233776702942
centerY: 0.004562303963501569
width: 0.04232164449818621
height: 0.03136583974907328
Area: 0.0006788978615579344
CentroidX: 0.6037
CentroidY: 0.0205
