Location: internet_6.png_Gaussian-Median.png
Component: component_1755093690631_91.png
centerX: 0.8097541313986296
centerY: 0.24550898203592814
width: 0.04353083434099154
height: 0.027944111776447105
Area: 0.0006040777315639924
CentroidX: 0.8315
CentroidY: 0.2589
