Location: internet_6.png_Gaussian-Median.png
Component: component_1755093690650_174.png
centerX: 0.6743248690044337
centerY: 0.48588537211291705
width: 0.04877065699314793
height: 0.031080695751354435
Area: 0.000550060126192022
CentroidX: 0.6991
CentroidY: 0.5018
