Location: internet_6.png_Gaussian-Closing.png
Component: component_1755093691181_154.png
centerX: 0.6110439338976219
centerY: 0.4453949244368406
width: 0.04353083434099154
height: 0.029369831765041345
Area: 0.0005370729146876972
CentroidX: 0.6337
CentroidY: 0.4602
