Location: internet_6.png_Otsu.png
Component: component_1755093690930_406.png
centerX: 0.7081821846029827
centerY: 0.6840604505275164
width: 0.03667875856509472
height: 0.027944111776447105
Area: 0.00031812921631832784
CentroidX: 0.7271
CentroidY: 0.6985
