Location: internet_6.png_Gaussian-Median.png
Component: component_1755093690628_79.png
centerX: 0.7779121322047562
centerY: 0.20615911035072712
width: 0.0471584038694075
height: 0.029654975762760195
Area: 0.0006460275740337141
CentroidX: 0.8014
CentroidY: 0.2215
