Location: internet_6.png_Otsu.png
Component: component_1755093690736_67.png
centerX: 0.21604191858121724
centerY: 0.18905047048759624
width: 0.04191858121725111
height: 0.029940119760479042
Area: 0.0005746553762975574
CentroidX: 0.2363
CentroidY: 0.2043
