Location: internet_6.png_Mean-Closing.png
Component: component_1755093691074_187.png
centerX: 0.5570334542523177
centerY: 0.5494724836042202
width: 0.03869407496977025
height: 0.025092671799258625
Area: 0.0004259345649117496
CentroidX: 0.5764
CentroidY: 0.5624
