Location: internet_6.png_Gaussian-Median.png
Component: component_1755093690643_145.png
centerX: 0.4550584441757356
centerY: 0.41089250071286
width: 0.04514308746473196
height: 0.03307670373538637
Area: 0.0006140767351115699
CentroidX: 0.4776
CentroidY: 0.4268
