Location: internet_6.png_Gaussian-Median.png
Component: component_1755093690641_134.png
centerX: 0.26481257557436516
centerY: 0.378956372968349
width: 0.046352277307537285
height: 0.03279155973766752
Area: 0.0006233861522075904
CentroidX: 0.2876
CentroidY: 0.3959
