Location: internet_6.png_Gaussian-Closing.png
Component: component_1755093691205_222.png
centerX: 0.6541717049576784
centerY: 0.6438551468491588
width: 0.04070939137444579
height: 0.02879954376960365
Area: 0.00042340608125604034
CentroidX: 0.6748
CentroidY: 0.6576
