Location: internet_6.png_Mean-Closing.png
Component: component_1755093691023_18.png
centerX: 0.6501410721483273
centerY: 0.03992015968063872
width: 0.04675534058847239
height: 0.03364699173082407
Area: 0.0007561315441323262
CentroidX: 0.6733
CentroidY: 0.0566
