Location: internet_6.png_Gaussian-Median.png
Component: component_1755093690622_49.png
centerX: 0.8919790407093914
centerY: 0.1234673510122612
width: 0.04514308746473196
height: 0.031080695751354435
Area: 0.000640166089195479
CentroidX: 0.9140
CentroidY: 0.1386
