Location: internet_6.png_Gaussian-Median.png
Component: component_1755093690642_140.png
centerX: 0.7291414752116082
centerY: 0.3917878528656972
width: 0.045949214026602174
height: 0.028229255774165955
Area: 0.0005463823317837177
CentroidX: 0.7530
CentroidY: 0.4058
