Location: internet_6.png_Otsu.png
Component: component_1755093690936_458.png
centerX: 0.4836759371221282
centerY: 0.6986027944111777
width: 0.0354695687222894
height: 0.02879954376960365
Area: 0.0003260594605112341
CentroidX: 0.5015
CentroidY: 0.7135
