Location: internet_6.png_Otsu.png
Component: component_1755093690723_10.png
centerX: 0.5824264409512293
centerY: 0.004847447961220416
width: 0.04191858121725111
height: 0.031080695751354435
Area: 0.0006620029934947862
CentroidX: 0.6037
CentroidY: 0.0206
