Location: internet_6.png_Gaussian-Closing.png
Component: component_1755093691151_36.png
centerX: 0.3486497380088674
centerY: 0.09124607927003137
width: 0.05078597339782346
height: 0.03222127174222983
Area: 0.0007121129423079332
CentroidX: 0.3741
CentroidY: 0.1079
