Location: internet_6.png_Gaussian-Median.png
Component: component_1755093690660_223.png
centerX: 0.006045949214026602
centerY: 0.6310236669518107
width: 0.03788794840790004
height: 0.028514399771884802
Area: 0.00038076665233476156
CentroidX: 0.0252
CentroidY: 0.6457
