Location: internet_6.png_Gaussian-Median.png
Component: component_1755093690660_222.png
centerX: 0.060459492140266025
centerY: 0.6273167949814656
width: 0.03990326481257558
height: 0.028229255774165955
Area: 0.00037042285556140555
CentroidX: 0.0821
CentroidY: 0.6416
