Location: internet_6.png_Mean-Closing.png
Component: component_1755093691055_113.png
centerX: 0.2825473599355099
centerY: 0.32934131736526945
width: 0.04312777106005643
height: 0.034787567721699456
Area: 0.0006753349982248896
CentroidX: 0.3039
CentroidY: 0.3468
