Location: Dedata_25.png_Gaussian-Median.png
Component: component_1755507393084_251.png
centerX: 0.6278225806451613
centerY: 0.5921915075520091
width: 0.03951612903225806
height: 0.028783129096608722
Area: 0.00034910230834995723
CentroidX: 0.6517
CentroidY: 0.6051
