Location: Dedata_25.png_Gaussian-Closing.png
Component: component_1755507392876_14.png
centerX: 0.9096774193548387
centerY: 0.019663721858079224
width: 0.031048387096774193
height: 0.030208036477628954
Area: 0.0003926539129795273
CentroidX: 0.9268
CentroidY: 0.0331
