Location: Dedata_25.png_Gaussian-Median.png
Component: component_1755507393005_22.png
centerX: 0.9205645161290322
centerY: 0.058706184098033624
width: 0.03790322580645161
height: 0.028783129096608722
Area: 0.000388517085099146
CentroidX: 0.9415
CentroidY: 0.0723
