Location: Dedata_25.png_Mean-Medain.png
Component: component_1755507392774_165.png
centerX: 0.2899193548387097
centerY: 0.3573667711598746
width: 0.035483870967741936
height: 0.026503277286976348
Area: 0.000350481250976751
CentroidX: 0.3100
CentroidY: 0.3686
