Location: Dedata_25.png_Gaussian-Median.png
Component: component_1755507393079_233.png
centerX: 0.6068548387096774
centerY: 0.5457395269307495
width: 0.036290322580645164
height: 0.028498147620404674
Area: 0.00033060149477380746
CentroidX: 0.6273
CentroidY: 0.5573
