Location: Dedata_25.png_Gaussian-Median.png
Component: component_1755507393033_121.png
centerX: 0.660483870967742
centerY: 0.2584781989170704
width: 0.03588709677419355
height: 0.0262182958107723
Area: 0.0003307164066593736
CentroidX: 0.6815
CentroidY: 0.2699
