Location: Dedata_25.png_Otsu.png
Component: component_1755507392436_7.png
centerX: 0.18064516129032257
centerY: 0.017953833000854943
width: 0.03588709677419355
height: 0.0347677400968937
Area: 0.00046550804842846507
CentroidX: 0.1994
CentroidY: 0.0325
