Location: Dedata_25.png_Mean-Medain.png
Component: component_1755507392824_308.png
centerX: 0.18830645161290321
centerY: 0.7415218010829296
width: 0.037096774193548385
height: 0.030208036477628954
Area: 0.0003357725296242841
CentroidX: 0.2097
CentroidY: 0.7553
