Location: Dedata_25.png_Mean-Medain.png
Component: component_1755507392824_309.png
centerX: 0.24475806451612903
centerY: 0.743801652892562
width: 0.037096774193548385
height: 0.029923055001424906
Area: 0.0003547329907426985
CentroidX: 0.2663
CentroidY: 0.7566
