Location: Dedata_25.png_Mean-Medain.png
Component: component_1755507392823_304.png
centerX: 0.4584677419354839
centerY: 0.7400968937019093
width: 0.03064516129032258
height: 0.029068110572812767
Area: 0.00032301731032644167
CentroidX: 0.4760
CentroidY: 0.7534
