Location: Dedata_25.png_Gaussian-Closing.png
Component: component_1755507392911_167.png
centerX: 0.9512096774193548
centerY: 0.3770304930179538
width: 0.036290322580645164
height: 0.026503277286976348
Area: 0.00035174528171797863
CentroidX: 0.9722
CentroidY: 0.3892
