Location: Dedata_25.png_Gaussian-Median.png
Component: component_1755507393007_27.png
centerX: 0.6173387096774193
centerY: 0.06383585066970647
width: 0.03790322580645161
height: 0.03134796238244514
Area: 0.00042873624504729776
CentroidX: 0.6399
CentroidY: 0.0778
