Location: Dedata_25.png_Gaussian-Closing.png
Component: component_1755507392901_126.png
centerX: 0.28266129032258064
centerY: 0.274437161584497
width: 0.03185483870967742
height: 0.03163294385864919
Area: 0.0003293374640325798
CentroidX: 0.3009
CentroidY: 0.2872
