Location: Dedata_25.png_Gaussian-Closing.png
Component: component_1755507392941_292.png
centerX: 0.8810483870967742
centerY: 0.7286976346537475
width: 0.03225806451612903
height: 0.03590766600170989
Area: 0.0003427821546438191
CentroidX: 0.8997
CentroidY: 0.7446
