Location: Dedata_25.png_Gaussian-Closing.png
Component: component_1755507392875_11.png
centerX: 0.34516129032258064
centerY: 0.018238814477058992
width: 0.03669354838709677
height: 0.03220290681105728
Area: 0.00044482390902655846
CentroidX: 0.3652
CentroidY: 0.0315
