Location: Dedata_25.png_Gaussian-Closing.png
Component: component_1755507392924_223.png
centerX: 0.8596774193548387
centerY: 0.5346252493587916
width: 0.035483870967741936
height: 0.02963807352522086
Area: 0.00031164103365539307
CentroidX: 0.8795
CentroidY: 0.5476
