Location: Dedata_25.png_Otsu.png
Component: component_1755507392504_345.png
centerX: 0.8213709677419355
centerY: 0.7301225420347678
width: 0.03951612903225806
height: 0.029353092049016812
Area: 0.000278201674955644
CentroidX: 0.8447
CentroidY: 0.7441
