Location: Dedata_25.png_Mean-Medain.png
Component: component_1755507392814_278.png
centerX: 0.8129032258064516
centerY: 0.6816756910800797
width: 0.0375
height: 0.033912795668281565
Area: 0.00037047591906526074
CentroidX: 0.8349
CentroidY: 0.6975
