Location: Dedata_25.png_Otsu.png
Component: component_1755507392454_86.png
centerX: 0.2846774193548387
centerY: 0.19378740381875179
width: 0.036290322580645164
height: 0.026788258763180393
Area: 0.00022936412359003116
CentroidX: 0.3067
CentroidY: 0.2048
