Location: Dedata_25.png_Gaussian-Closing.png
Component: component_1755507392919_205.png
centerX: 0.8620967741935484
centerY: 0.4870333428327159
width: 0.03387096774193549
height: 0.027358221715588486
Area: 0.00029819634304415377
CentroidX: 0.8817
CentroidY: 0.4993
