Location: Dedata_25.png_Mean-Medain.png
Component: component_1755507392814_276.png
centerX: 0.07540322580645162
centerY: 0.6537475064120832
width: 0.039919354838709675
height: 0.02821316614420063
Area: 0.0003697864477518639
CentroidX: 0.0992
CentroidY: 0.6659
