Location: Dedata_25.png_Otsu.png
Component: component_1755507392477_224.png
centerX: 0.9443548387096774
centerY: 0.43488173268737534
width: 0.03185483870967742
height: 0.029068110572812767
Area: 0.0002815341196370623
CentroidX: 0.9615
CentroidY: 0.4478
