Location: Dedata_25.png_Gaussian-Median.png
Component: component_1755507393039_145.png
centerX: 0.4129032258064516
centerY: 0.31148475349102306
width: 0.03306451612903226
height: 0.02336848104873183
Area: 0.00031279015251105453
CentroidX: 0.4299
CentroidY: 0.3221
