Location: Dedata_25.png_Gaussian-Median.png
Component: component_1755507393021_82.png
centerX: 0.7108870967741936
centerY: 0.18124821886577372
width: 0.04112903225806452
height: 0.026503277286976348
Area: 0.000310032267257467
CentroidX: 0.7351
CentroidY: 0.1935
