Location: Dedata_25.png_Gaussian-Closing.png
Component: component_1755507392890_79.png
centerX: 0.775
centerY: 0.17896836705614136
width: 0.03387096774193549
height: 0.02792818466799658
Area: 0.00030566561560595336
CentroidX: 0.7955
CentroidY: 0.1914
