Location: Dedata_25.png_Gaussian-Closing.png
Component: component_1755507392896_103.png
centerX: 0.44475806451612904
centerY: 0.22713023653462525
width: 0.03508064516129032
height: 0.02707324023938444
Area: 0.00030428667297915956
CentroidX: 0.4646
CentroidY: 0.2390
