Location: Dedata_25.png_Mean-Medain.png
Component: component_1755507392667_26.png
centerX: 0.7725806451612903
centerY: 0.06412083214591052
width: 0.03387096774193549
height: 0.026788258763180393
Area: 0.0003756469539157374
CentroidX: 0.7916
CentroidY: 0.0757
