Location: Dedata_25.png_Mean-Medain.png
Component: component_1755507392774_167.png
centerX: 0.1342741935483871
centerY: 0.3627814192077515
width: 0.03185483870967742
height: 0.03163294385864919
Area: 0.00040828192941652343
CentroidX: 0.1515
CentroidY: 0.3762
