Location: Dedata_25.png_Gaussian-Median.png
Component: component_1755507393020_81.png
centerX: 0.775
centerY: 0.1786833855799373
width: 0.03387096774193549
height: 0.02821316614420063
Area: 0.0003060103512626518
CentroidX: 0.7955
CentroidY: 0.1914
