Location: Dedata_25.png_Mean-Medain.png
Component: component_1755507392767_146.png
centerX: 0.3016129032258065
centerY: 0.31547449415787976
width: 0.031451612903225803
height: 0.022513536620119692
Area: 0.00029291039630811096
CentroidX: 0.3184
CentroidY: 0.3256
