Location: Dedata_25.png_Otsu.png
Component: component_1755507392482_250.png
centerX: 0.5298387096774193
centerY: 0.4952978056426332
width: 0.03669354838709677
height: 0.030208036477628954
Area: 0.0003143989189089806
CentroidX: 0.5508
CentroidY: 0.5094
