Location: Dedata_25.png_Gaussian-Median.png
Component: component_1755507393080_236.png
centerX: 0.3971774193548387
centerY: 0.5522941008834426
width: 0.035483870967741936
height: 0.027643203191792535
Area: 0.00033542779396758565
CentroidX: 0.4174
CentroidY: 0.5644
