Location: Dedata_25.png_Mean-Medain.png
Component: component_1755507392799_223.png
centerX: 0.01935483870967742
centerY: 0.5172413793103449
width: 0.041935483870967745
height: 0.03220290681105728
Area: 0.00041529155443605846
CentroidX: 0.0428
CentroidY: 0.5301
