Location: Dedata_25.png_Mean-Medain.png
Component: component_1755507392797_215.png
centerX: 0.4689516129032258
centerY: 0.4987175833570818
width: 0.03951612903225806
height: 0.029068110572812767
Area: 0.00038392060967650004
CentroidX: 0.4916
CentroidY: 0.5124
