Location: Dedata_25.png_Mean-Medain.png
Component: component_1755507392782_189.png
centerX: 0.896774193548387
centerY: 0.43744656597321174
width: 0.03508064516129032
height: 0.02536335138216016
Area: 0.00036105314444883664
CentroidX: 0.9166
CentroidY: 0.4488
