Location: Dedata_25.png_Gaussian-Median.png
Component: component_1755507393092_282.png
centerX: 0.8661290322580645
centerY: 0.6839555428897122
width: 0.038306451612903226
height: 0.03134796238244514
Area: 0.00032497081238106617
CentroidX: 0.8883
CentroidY: 0.6971
