Location: Dedata_25.png_Mean-Medain.png
Component: component_1755507392745_109.png
centerX: 0.27580645161290324
centerY: 0.23282986605870618
width: 0.036290322580645164
height: 0.02792818466799658
Area: 0.0003451953042407082
CentroidX: 0.2976
CentroidY: 0.2443
