Location: Dedata_25.png_Gaussian-Closing.png
Component: component_1755507392874_6.png
centerX: 0.6221774193548387
centerY: 0.01738387004844685
width: 0.04233870967741935
height: 0.03562268452550584
Area: 0.0005248025813805973
CentroidX: 0.6455
CentroidY: 0.0332
