Location: Dedata_25.png_Otsu.png
Component: component_1755507392444_41.png
centerX: 0.7221774193548387
centerY: 0.10544314619549729
width: 0.03870967741935484
height: 0.027358221715588486
Area: 0.00032175327958521406
CentroidX: 0.7464
CentroidY: 0.1169
