Location: Dedata_25.png_Mean-Medain.png
Component: component_1755507392799_222.png
centerX: 0.07137096774193548
centerY: 0.5138216015958963
width: 0.04717741935483871
height: 0.03305785123966942
Area: 0.00041552137820719074
CentroidX: 0.0968
CentroidY: 0.5288
