Location: Dedata_25.png_Gaussian-Median.png
Component: component_1755507393093_285.png
centerX: 0.6455645161290322
centerY: 0.6896551724137931
width: 0.03508064516129032
height: 0.03220290681105728
Area: 0.00033347429191296114
CentroidX: 0.6653
CentroidY: 0.7033
