Location: Dedata_25.png_Gaussian-Median.png
Component: component_1755507393086_258.png
centerX: 0.23709677419354838
centerY: 0.6044457110287831
width: 0.03870967741935484
height: 0.03277286976346538
Area: 0.0003900109396115059
CentroidX: 0.2610
CentroidY: 0.6183
