Location: Dedata_25.png_Gaussian-Median.png
Component: component_1755507393076_225.png
centerX: 0.01935483870967742
centerY: 0.5175263607865489
width: 0.041935483870967745
height: 0.031917925334853235
Area: 0.00038897673264141056
CentroidX: 0.0430
CentroidY: 0.5302
