Location: Dedata_25.png_Gaussian-Median.png
Component: component_1755507393004_17.png
centerX: 0.507258064516129
centerY: 0.019948703334283273
width: 0.03588709677419355
height: 0.0347677400968937
Area: 0.00043861866720598647
CentroidX: 0.5264
CentroidY: 0.0345
