Location: Dedata_25.png_Gaussian-Closing.png
Component: component_1755507392898_111.png
centerX: 0.013306451612903225
centerY: 0.24251923624964378
width: 0.034274193548387094
height: 0.026788258763180393
Area: 0.0003163524209636051
CentroidX: 0.0339
CentroidY: 0.2543
