Location: Dedata_25.png_Gaussian-Median.png
Component: component_1755507393030_106.png
centerX: 0.38548387096774195
centerY: 0.22884012539184953
width: 0.03467741935483871
height: 0.02963807352522086
Area: 0.0003202594250728541
CentroidX: 0.4058
CentroidY: 0.2416
