Location: Dedata_25.png_Otsu.png
Component: component_1755507392475_213.png
centerX: 0.5862903225806452
centerY: 0.39241949273297233
width: 0.03306451612903226
height: 0.02792818466799658
Area: 0.0003220980152419125
CentroidX: 0.6053
CentroidY: 0.4044
