Location: Dedata_25.png_Gaussian-Median.png
Component: component_1755507393100_314.png
centerX: 0.018951612903225806
centerY: 0.7472214306070105
width: 0.03669354838709677
height: 0.031062980906241093
Area: 0.0003393347980768347
CentroidX: 0.0396
CentroidY: 0.7610
