Location: Dedata_25.png_Gaussian-Median.png
Component: component_1755507393015_54.png
centerX: 0.3379032258064516
centerY: 0.11057281276717014
width: 0.03870967741935484
height: 0.030493017953833
Area: 0.00037311889243328214
CentroidX: 0.3609
CentroidY: 0.1235
