Location: Dedata_25.png_Gaussian-Median.png
Component: component_1755507393042_154.png
centerX: 0.016935483870967744
centerY: 0.33086349387289826
width: 0.03306451612903226
height: 0.024793388429752067
Area: 0.0003027928184667997
CentroidX: 0.0351
CentroidY: 0.3411
