Location: Dedata_25.png_Gaussian-Median.png
Component: component_1755507393072_212.png
centerX: 0.6995967741935484
centerY: 0.4910230834995725
width: 0.03669354838709677
height: 0.03134796238244514
Area: 0.00034002426939023155
CentroidX: 0.7212
CentroidY: 0.5051
