Location: Dedata_25.png_Gaussian-Median.png
Component: component_1755507393091_277.png
centerX: 0.12782258064516128
centerY: 0.6531775434596752
width: 0.04314516129032258
height: 0.029923055001424906
Area: 0.0003646154129013872
CentroidX: 0.1531
CentroidY: 0.6657
