Location: Dedata_25.png_Gaussian-Median.png
Component: component_1755507393068_198.png
centerX: 0.521774193548387
centerY: 0.45027073240239385
width: 0.03790322580645161
height: 0.029068110572812767
Area: 0.00034565495178297284
CentroidX: 0.5437
CentroidY: 0.4629
