Location: Dedata_25.png_Gaussian-Median.png
Component: component_1755507393025_92.png
centerX: 0.11733870967741936
centerY: 0.19492732972356797
width: 0.03669354838709677
height: 0.02792818466799658
Area: 0.0003044015848647257
CentroidX: 0.1391
CentroidY: 0.2070
