Location: Dedata_25.png_Mean-Medain.png
Component: component_1755507392806_243.png
centerX: 0.9459677419354838
centerY: 0.5807922485038473
width: 0.039112903225806454
height: 0.028783129096608722
Area: 0.00036702856249827635
CentroidX: 0.9690
CentroidY: 0.5943
