Location: Dedata_25.png_Gaussian-Median.png
Component: component_1755507393084_250.png
centerX: 0.7455645161290323
centerY: 0.5896266742661727
width: 0.03467741935483871
height: 0.029353092049016812
Area: 0.000362891734617895
CentroidX: 0.7657
CentroidY: 0.6016
