Location: Dedata_25.png_Otsu.png
Component: component_1755507392444_42.png
centerX: 0.6173387096774193
centerY: 0.10686805357651753
width: 0.03225806451612903
height: 0.028498147620404674
Area: 0.00030888314840180547
CentroidX: 0.6367
CentroidY: 0.1199
