Location: Dedata_25.png_Otsu.png
Component: component_1755507392437_8.png
centerX: 0.23669354838709677
centerY: 0.0176688515246509
width: 0.03870967741935484
height: 0.036477628954117984
Area: 0.00047688432509951367
CentroidX: 0.2574
CentroidY: 0.0316
