Location: Dedata_25.png_Otsu.png
Component: component_1755507392461_135.png
centerX: 0.605241935483871
centerY: 0.26132801367911085
width: 0.03508064516129032
height: 0.02707324023938444
Area: 0.00027061749050827827
CentroidX: 0.6248
CentroidY: 0.2724
