Location: Dedata_25.png_Gaussian-Median.png
Component: component_1755507393082_243.png
centerX: 0.07137096774193548
centerY: 0.5634083784554004
width: 0.03467741935483871
height: 0.02792818466799658
Area: 0.00031118138611312845
CentroidX: 0.0921
CentroidY: 0.5752
