Location: Dedata_25.png_Mean-Medain.png
Component: component_1755507392671_28.png
centerX: 0.34516129032258064
centerY: 0.06469079509831861
width: 0.041935483870967745
height: 0.03163294385864919
Area: 0.00046964487630884636
CentroidX: 0.3691
CentroidY: 0.0777
