Location: Dedata_25.png_Otsu.png
Component: component_1755507392483_256.png
centerX: 0.29435483870967744
centerY: 0.5072670276432032
width: 0.0375
height: 0.028498147620404674
Area: 0.00031049191479973155
CentroidX: 0.3168
CentroidY: 0.5191
