Location: Dedata_25.png_Otsu.png
Component: component_1755507392499_323.png
centerX: 0.017741935483870968
centerY: 0.6557423767455115
width: 0.04153225806451613
height: 0.029353092049016812
Area: 0.00035588210959836
CentroidX: 0.0416
CentroidY: 0.6680
