Location: Dedata_25.png_Mean-Medain.png
Component: component_1755507392716_61.png
centerX: 0.722983870967742
centerY: 0.14420062695924765
width: 0.035483870967741936
height: 0.029068110572812767
Area: 0.0003148585664512452
CentroidX: 0.7449
CentroidY: 0.1569
