Location: Dedata_25.png_Otsu.png
Component: component_1755507392466_170.png
centerX: 0.24435483870967742
centerY: 0.3177543459675121
width: 0.03024193548387097
height: 0.024508406953548018
Area: 0.00022603167890861289
CentroidX: 0.2612
CentroidY: 0.3283
