Location: Dedata_25.png_Otsu.png
Component: component_1755507392487_271.png
centerX: 0.7104838709677419
centerY: 0.5417497862638928
width: 0.037096774193548385
height: 0.027643203191792535
Area: 0.0002541850908723191
CentroidX: 0.7322
CentroidY: 0.5544
