Location: Dedata_25.png_Otsu.png
Component: component_1755507392454_88.png
centerX: 0.17137096774193547
centerY: 0.195212311199772
width: 0.032661290322580645
height: 0.023938444001139925
Area: 0.00022982377113229575
CentroidX: 0.1907
CentroidY: 0.2055
