Location: Dedata_25.png_Otsu.png
Component: component_1755507392476_220.png
centerX: 0.13548387096774195
centerY: 0.4098033627814192
width: 0.038306451612903226
height: 0.028783129096608722
Area: 0.00033014184723154284
CentroidX: 0.1548
CentroidY: 0.4227
