Location: Dedata_25.png_Gaussian-Median.png
Component: component_1755507393013_50.png
centerX: 0.2342741935483871
centerY: 0.109717868338558
width: 0.03508064516129032
height: 0.034482758620689655
Area: 0.00042115206059993197
CentroidX: 0.2544
CentroidY: 0.1245
