Location: Dedata_25.png_Otsu.png
Component: component_1755507392492_298.png
centerX: 0.45483870967741935
centerY: 0.5958962667426617
width: 0.04032258064516129
height: 0.029353092049016812
Area: 0.0003461145993252374
CentroidX: 0.4788
CentroidY: 0.6086
