Location: Dedata_25.png_Gaussian-Median.png
Component: component_1755507393072_213.png
centerX: 0.646774193548387
centerY: 0.4927329723567968
width: 0.03467741935483871
height: 0.03277286976346538
Area: 0.00036725838626940863
CentroidX: 0.6670
CentroidY: 0.5075
