Location: Dedata_25.png_Otsu.png
Component: component_1755507392460_121.png
centerX: 0.7774193548387097
centerY: 0.24850384724992874
width: 0.03185483870967742
height: 0.024223425477343973
Area: 0.00023625883672400005
CentroidX: 0.7937
CentroidY: 0.2598
