Location: Dedata_25.png_Gaussian-Median.png
Component: component_1755507393100_311.png
centerX: 0.13225806451612904
centerY: 0.744086634368766
width: 0.0375
height: 0.031917925334853235
Area: 0.0003393347980768347
CentroidX: 0.1530
CentroidY: 0.7580
