Location: Dedata_25.png_Otsu.png
Component: component_1755507392437_9.png
centerX: 0.6883064516129033
centerY: 0.0176688515246509
width: 0.03508064516129032
height: 0.030777999430037048
Area: 0.000405638956048502
CentroidX: 0.7077
CentroidY: 0.0312
