Location: Dedata_25.png_Mean-Medain.png
Component: component_1755507392738_88.png
centerX: 0.3350806451612903
centerY: 0.19293245939013964
width: 0.039919354838709675
height: 0.02707324023938444
Area: 0.0003314058779727705
CentroidX: 0.3582
CentroidY: 0.2044
