Location: Dedata_25.png_Gaussian-Median.png
Component: component_1755507393031_111.png
centerX: 0.11491935483870967
centerY: 0.23681960672556285
width: 0.03870967741935484
height: 0.029068110572812767
Area: 0.00034473565669844366
CentroidX: 0.1374
CentroidY: 0.2491
