Location: Dedata_25.png_Gaussian-Closing.png
Component: component_1755507392927_237.png
centerX: 0.01532258064516129
centerY: 0.5634083784554004
width: 0.037096774193548385
height: 0.028783129096608722
Area: 0.00033450849888305646
CentroidX: 0.0380
CentroidY: 0.5747
