Location: Dedata_25.png_Mean-Medain.png
Component: component_1755507392735_84.png
centerX: 0.5528225806451613
centerY: 0.18723282986605871
width: 0.032661290322580645
height: 0.025933314334568254
Area: 0.00030037966886991055
CentroidX: 0.5722
CentroidY: 0.1977
