Location: Dedata_25.png_Mean-Medain.png
Component: component_1755507392799_225.png
centerX: 0.8153225806451613
centerY: 0.5346252493587916
width: 0.034274193548387094
height: 0.028498147620404674
Area: 0.00033611726528098255
CentroidX: 0.8351
CentroidY: 0.5479
