Location: Dedata_25.png_Mean-Medain.png
Component: component_1755507392750_130.png
centerX: 0.1778225806451613
centerY: 0.27785693929894556
width: 0.0375
height: 0.025648332858364205
Area: 0.00035645666902619073
CentroidX: 0.2003
CentroidY: 0.2897
