Location: Dedata_25.png_Otsu.png
Component: component_1755507392477_225.png
centerX: 0.8435483870967742
centerY: 0.4380165289256198
width: 0.0375
height: 0.027358221715588486
Area: 0.0002873946258009358
CentroidX: 0.8644
CentroidY: 0.4498
