Location: Dedata_25.png_Gaussian-Median.png
Component: component_1755507393002_10.png
centerX: 0.7419354838709677
centerY: 0.017098888572242805
width: 0.03508064516129032
height: 0.03362781419207751
Area: 0.00044999494387703507
CentroidX: 0.7621
CentroidY: 0.0310
