Location: Dedata_25.png_Gaussian-Median.png
Component: component_1755507393015_56.png
centerX: 0.011693548387096775
centerY: 0.11370760900541464
width: 0.03346774193548387
height: 0.02536335138216016
Area: 0.0003533540481159047
CentroidX: 0.0301
CentroidY: 0.1253
