Location: Dedata_25.png_Mean-Medain.png
Component: component_1755507392772_160.png
centerX: 0.4645161290322581
centerY: 0.34796238244514105
width: 0.038306451612903226
height: 0.029068110572812767
Area: 0.0003849548166465954
CentroidX: 0.4864
CentroidY: 0.3608
