Location: Dedata_25.png_Gaussian-Closing.png
Component: component_1755507392917_193.png
centerX: 0.46733870967741936
centerY: 0.4505557138785979
width: 0.0407258064516129
height: 0.030208036477628954
Area: 0.00036564961987148255
CentroidX: 0.4898
CentroidY: 0.4643
