Location: Dedata_25.png_Otsu.png
Component: component_1755507392449_62.png
centerX: 0.5516129032258065
centerY: 0.15104018238814476
width: 0.03588709677419355
height: 0.024508406953548018
Area: 0.00025119738184759926
CentroidX: 0.5738
CentroidY: 0.1617
