Location: Dedata_25.png_Mean-Medain.png
Component: component_1755507392808_253.png
centerX: 0.4012096774193548
centerY: 0.5976061555998861
width: 0.037096774193548385
height: 0.03220290681105728
Area: 0.0003858741117311246
CentroidX: 0.4234
CentroidY: 0.6113
