Location: Dedata_25.png_Otsu.png
Component: component_1755507392504_340.png
centerX: 0.08911290322580645
centerY: 0.7027643203191792
width: 0.039112903225806454
height: 0.032487888287261325
Area: 0.0003112962979986946
CentroidX: 0.1105
CentroidY: 0.7159
