Location: Dedata_25.png_Gaussian-Median.png
Component: component_1755507393016_60.png
centerX: 0.8729838709677419
centerY: 0.14106583072100312
width: 0.036290322580645164
height: 0.026503277286976348
Area: 0.0003054357918348211
CentroidX: 0.8948
CentroidY: 0.1524
