Location: Dedata_25.png_Otsu.png
Component: component_1755507392490_291.png
centerX: 0.8387096774193549
centerY: 0.5844970076944999
width: 0.039112903225806454
height: 0.030777999430037048
Area: 0.0003562268452550584
CentroidX: 0.8619
CentroidY: 0.5982
