Location: Dedata_25.png_Mean-Medain.png
Component: component_1755507392805_241.png
centerX: 0.07137096774193548
centerY: 0.5634083784554004
width: 0.03508064516129032
height: 0.027643203191792535
Area: 0.0003309462304305059
CentroidX: 0.0921
CentroidY: 0.5752
