Location: Dedata_25.png_Mean-Medain.png
Component: component_1755507392821_298.png
centerX: 0.7701612903225806
centerY: 0.7324023938444001
width: 0.0375
height: 0.029353092049016812
Area: 0.00035645666902619073
CentroidX: 0.7922
CentroidY: 0.7461
