Location: Dedata_25.png_Otsu.png
Component: component_1755507392451_72.png
centerX: 0.05725806451612903
centerY: 0.1578797378170419
width: 0.031451612903225803
height: 0.025648332858364205
Area: 0.00026027542080732494
CentroidX: 0.0745
CentroidY: 0.1682
