Location: Dedata_25.png_Mean-Medain.png
Component: component_1755507392744_108.png
centerX: 0.2213709677419355
centerY: 0.23168994015389
width: 0.03669354838709677
height: 0.030493017953833
Area: 0.0003335892037985273
CentroidX: 0.2427
CentroidY: 0.2455
