Location: Dedata_25.png_Otsu.png
Component: component_1755507392467_174.png
centerX: 0.1254032258064516
centerY: 0.32430891992020516
width: 0.03588709677419355
height: 0.020233684810487318
Area: 0.0002500482629919378
CentroidX: 0.1457
CentroidY: 0.3338
