Location: Dedata_25.png_Otsu.png
Component: component_1755507392507_354.png
centerX: 0.3540322580645161
centerY: 0.7409518381305216
width: 0.03306451612903226
height: 0.030208036477628954
Area: 0.0002605052445784572
CentroidX: 0.3722
CentroidY: 0.7541
