Location: Dedata_25.png_Otsu.png
Component: component_1755507392479_232.png
centerX: 0.5221774193548387
centerY: 0.4505557138785979
width: 0.03669354838709677
height: 0.02821316614420063
Area: 0.00029417442704933857
CentroidX: 0.5435
CentroidY: 0.4629
