Location: Dedata_25.png_Gaussian-Median.png
Component: component_1755507393088_266.png
centerX: 0.7677419354838709
centerY: 0.6352237104588202
width: 0.04153225806451613
height: 0.030777999430037048
Area: 0.0003377260316789086
CentroidX: 0.7914
CentroidY: 0.6485
