Location: Dedata_25.png_Otsu.png
Component: component_1755507392441_28.png
centerX: 0.2854838709677419
centerY: 0.06583072100313479
width: 0.037096774193548385
height: 0.029923055001424906
Area: 0.00038920655641254284
CentroidX: 0.3080
CentroidY: 0.0788
