Location: Dedata_25.png_Otsu.png
Component: component_1755507392458_107.png
centerX: 0.2217741935483871
centerY: 0.23197492163009403
width: 0.035483870967741936
height: 0.02963807352522086
Area: 0.0002390167219775876
CentroidX: 0.2428
CentroidY: 0.2453
