Location: Dedata_25.png_Mean-Medain.png
Component: component_1755507392812_270.png
centerX: 0.41935483870967744
centerY: 0.6483328583642063
width: 0.042741935483870966
height: 0.029353092049016812
Area: 0.0003878276137857491
CentroidX: 0.4430
CentroidY: 0.6612
