Location: Dedata_25.png_Gaussian-Closing.png
Component: component_1755507392930_247.png
centerX: 0.5116935483870968
centerY: 0.5927614705044172
width: 0.0407258064516129
height: 0.03220290681105728
Area: 0.0003858741117311246
CentroidX: 0.5351
CentroidY: 0.6073
