Location: Dedata_25.png_Gaussian-Closing.png
Component: component_1755507392908_155.png
centerX: 0.6274193548387097
centerY: 0.34425762325448844
width: 0.039112903225806454
height: 0.028783129096608722
Area: 0.00035312422434477243
CentroidX: 0.6498
CentroidY: 0.3570
