Location: Dedata_25.png_Gaussian-Closing.png
Component: component_1755507392904_137.png
centerX: 0.617741935483871
centerY: 0.3012254203476774
width: 0.03669354838709677
height: 0.028783129096608722
Area: 0.0003075042057750117
CentroidX: 0.6372
CentroidY: 0.3131
