Location: Dedata_25.png_Gaussian-Median.png
Component: component_1755507393055_175.png
centerX: 0.7346774193548387
centerY: 0.3850099743516671
width: 0.03790322580645161
height: 0.02821316614420063
Area: 0.0003609382325632705
CentroidX: 0.7566
CentroidY: 0.3980
