Location: Dedata_25.png_Otsu.png
Component: component_1755507392447_55.png
centerX: 0.9217741935483871
centerY: 0.140210886292391
width: 0.035483870967741936
height: 0.025648332858364205
Area: 0.00026659557451346307
CentroidX: 0.9430
CentroidY: 0.1517
