Location: Dedata_25.png_Mean-Medain.png
Component: component_1755507392816_285.png
centerX: 0.5310483870967742
centerY: 0.6930749501282417
width: 0.04112903225806452
height: 0.030493017953833
Area: 0.0003553075501705292
CentroidX: 0.5535
CentroidY: 0.7068
