Location: Dedata_25.png_Gaussian-Closing.png
Component: component_1755507392931_254.png
centerX: 0.1786290322580645
centerY: 0.6058706184098034
width: 0.04112903225806452
height: 0.030777999430037048
Area: 0.0003904705871537705
CentroidX: 0.2037
CentroidY: 0.6188
