Location: Dedata_25.png_Otsu.png
Component: component_1755507392451_75.png
centerX: 0.8258064516129032
centerY: 0.1775434596751211
width: 0.032661290322580645
height: 0.02821316614420063
Area: 0.00023510971786833856
CentroidX: 0.8450
CentroidY: 0.1895
