Location: Dedata_25.png_Mean-Medain.png
Component: component_1755507392771_156.png
centerX: 0.7411290322580645
centerY: 0.3365631233969792
width: 0.038306451612903226
height: 0.02707324023938444
Area: 0.00038966620395480746
CentroidX: 0.7639
CentroidY: 0.3478
