Location: Dedata_25.png_Gaussian-Closing.png
Component: component_1755507392941_290.png
centerX: 0.08830645161290322
centerY: 0.7021943573667712
width: 0.0407258064516129
height: 0.03334283271587347
Area: 0.00039564162200424717
CentroidX: 0.1109
CentroidY: 0.7160
