Location: Dedata_25.png_Gaussian-Median.png
Component: component_1755507393065_185.png
centerX: 0.18991935483870967
centerY: 0.4072385294955828
width: 0.0375
height: 0.026503277286976348
Area: 0.0003427821546438191
CentroidX: 0.2100
CentroidY: 0.4189
