Location: Dedata_25.png_Otsu.png
Component: component_1755507392471_197.png
centerX: 0.2310483870967742
centerY: 0.3567968082074665
width: 0.0407258064516129
height: 0.025078369905956112
Area: 0.00028095956020923155
CentroidX: 0.2532
CentroidY: 0.3687
