Location: Dedata_25.png_Gaussian-Median.png
Component: component_1755507393013_49.png
centerX: 0.5020161290322581
centerY: 0.10772299800512966
width: 0.041935483870967745
height: 0.02792818466799658
Area: 0.0003894363801836752
CentroidX: 0.5269
CentroidY: 0.1202
