Location: Dedata_25.png_Otsu.png
Component: component_1755507392502_337.png
centerX: 0.20040322580645162
centerY: 0.701339412938159
width: 0.03306451612903226
height: 0.02963807352522086
Area: 0.0002834876216916868
CentroidX: 0.2185
CentroidY: 0.7135
