Location: Dedata_25.png_Mean-Medain.png
Component: component_1755507392714_58.png
centerX: 0.8729838709677419
centerY: 0.14106583072100312
width: 0.036290322580645164
height: 0.0262182958107723
Area: 0.00032002960130172184
CentroidX: 0.8949
CentroidY: 0.1524
