Location: Dedata_25.png_Gaussian-Closing.png
Component: component_1755507392918_202.png
centerX: 0.06733870967741935
centerY: 0.4645198062125962
width: 0.04233870967741935
height: 0.029068110572812767
Area: 0.00036427067724468875
CentroidX: 0.0913
CentroidY: 0.4763
