Location: Dedata_25.png_Gaussian-Closing.png
Component: component_1755507392922_214.png
centerX: 0.34919354838709676
centerY: 0.5027073240239385
width: 0.03790322580645161
height: 0.031917925334853235
Area: 0.0003622022633044981
CentroidX: 0.3717
CentroidY: 0.5160
