Location: Dedata_25.png_Otsu.png
Component: component_1755507392453_84.png
centerX: 0.39395161290322583
centerY: 0.19236249643773154
width: 0.03225806451612903
height: 0.0262182958107723
Area: 0.00024108513591777824
CentroidX: 0.4127
CentroidY: 0.2040
