Location: Dedata_25.png_Mean-Medain.png
Component: component_1755507392794_208.png
centerX: 0.8616935483870968
centerY: 0.48674836135651184
width: 0.034274193548387094
height: 0.027643203191792535
Area: 0.0003202594250728541
CentroidX: 0.8817
CentroidY: 0.4993
