Location: Dedata_25.png_Gaussian-Closing.png
Component: component_1755507392924_225.png
centerX: 0.7673387096774194
centerY: 0.5383300085494442
width: 0.03669354838709677
height: 0.02963807352522086
Area: 0.00033784094356447477
CentroidX: 0.7889
CentroidY: 0.5508
