Location: Dedata_25.png_Gaussian-Closing.png
Component: component_1755507392892_86.png
centerX: 0.3935483870967742
centerY: 0.1920775149615275
width: 0.03346774193548387
height: 0.02707324023938444
Area: 0.00029635775287509535
CentroidX: 0.4132
CentroidY: 0.2040
