Location: Dedata_25.png_Otsu.png
Component: component_1755507392450_68.png
centerX: 0.38629032258064516
centerY: 0.1541749786263893
width: 0.032661290322580645
height: 0.023938444001139925
Area: 0.00023407551089824324
CentroidX: 0.4055
CentroidY: 0.1641
