Location: Dedata_25.png_Mean-Medain.png
Component: component_1755507392793_207.png
centerX: 0.9096774193548387
centerY: 0.48389854659447135
width: 0.03669354838709677
height: 0.02963807352522086
Area: 0.00035381369565816933
CentroidX: 0.9311
CentroidY: 0.4966
