Location: Dedata_25.png_Gaussian-Closing.png
Component: component_1755507392918_200.png
centerX: 0.17903225806451614
centerY: 0.4628099173553719
width: 0.037096774193548385
height: 0.031062980906241093
Area: 0.00036277682273232886
CentroidX: 0.1995
CentroidY: 0.4762
