Location: Dedata_25.png_Gaussian-Median.png
Component: component_1755507393001_5.png
centerX: 0.07903225806451612
centerY: 0.016243944143630663
width: 0.03185483870967742
height: 0.03505272157309775
Area: 0.0004714834664779047
CentroidX: 0.0952
CentroidY: 0.0306
