Location: Dedata_25.png_Gaussian-Closing.png
Component: component_1755507392920_206.png
centerX: 0.7560483870967742
centerY: 0.48874323168994016
width: 0.036290322580645164
height: 0.03220290681105728
Area: 0.00035450316697156623
CentroidX: 0.7774
CentroidY: 0.5029
