Location: Dedata_25.png_Gaussian-Median.png
Component: component_1755507393029_102.png
centerX: 0.5524193548387096
centerY: 0.22200056996295242
width: 0.0375
height: 0.030208036477628954
Area: 0.00034956195589222185
CentroidX: 0.5761
CentroidY: 0.2353
