Location: Dedata_25.png_Otsu.png
Component: component_1755507392501_332.png
centerX: 0.4774193548387097
centerY: 0.6962097463664861
width: 0.037096774193548385
height: 0.031917925334853235
Area: 0.00027509905404535804
CentroidX: 0.4965
CentroidY: 0.7099
