Location: Dedata_25.png_Mean-Medain.png
Component: component_1755507392716_62.png
centerX: 0.6685483870967742
centerY: 0.14619549729267597
width: 0.03346774193548387
height: 0.025078369905956112
Area: 0.00031347962382445143
CentroidX: 0.6886
CentroidY: 0.1574
