Location: Dedata_25.png_Mean-Medain.png
Component: component_1755507392801_229.png
centerX: 0.7096774193548387
centerY: 0.5414648047876888
width: 0.03870967741935484
height: 0.028498147620404674
Area: 0.00034163303578815763
CentroidX: 0.7325
CentroidY: 0.5545
