Location: Dedata_25.png_Mean-Medain.png
Component: component_1755507392771_153.png
centerX: 0.01653225806451613
centerY: 0.3305785123966942
width: 0.03306451612903226
height: 0.025078369905956112
Area: 0.0003289927283758814
CentroidX: 0.0348
CentroidY: 0.3409
