Location: Dedata_25.png_Gaussian-Closing.png
Component: component_1755507392893_90.png
centerX: 0.11733870967741936
centerY: 0.19492732972356797
width: 0.03669354838709677
height: 0.027643203191792535
Area: 0.0003045164967502919
CentroidX: 0.1391
CentroidY: 0.2070
