Location: Dedata_25.png_Gaussian-Median.png
Component: component_1755507393020_78.png
centerX: 0.9209677419354839
centerY: 0.17355371900826447
width: 0.035483870967741936
height: 0.031062980906241093
Area: 0.0003066998225760487
CentroidX: 0.9421
CentroidY: 0.1865
