Location: Dedata_25.png_Otsu.png
Component: component_1755507392503_338.png
centerX: 0.02056451612903226
centerY: 0.7021943573667712
width: 0.04153225806451613
height: 0.030493017953833
Area: 0.00028141920775149617
CentroidX: 0.0443
CentroidY: 0.7141
