Location: Dedata_25.png_Otsu.png
Component: component_1755507392439_21.png
centerX: 0.7201612903225807
centerY: 0.06269592476489028
width: 0.031451612903225803
height: 0.030208036477628954
Area: 0.0003412883001314592
CentroidX: 0.7383
CentroidY: 0.0763
