Location: Dedata_25.png_Mean-Medain.png
Component: component_1755507392755_137.png
centerX: 0.7826612903225807
centerY: 0.28982616129951555
width: 0.03387096774193549
height: 0.022798518096323737
Area: 0.0002772823798711148
CentroidX: 0.8015
CentroidY: 0.2998
