Location: Dedata_25.png_Gaussian-Median.png
Component: component_1755507393033_118.png
centerX: 0.8814516129032258
centerY: 0.2493587916785409
width: 0.02943548387096774
height: 0.024793388429752067
Area: 0.000271996433135072
CentroidX: 0.8982
CentroidY: 0.2600
