Location: Dedata_25.png_Otsu.png
Component: component_1755507392436_4.png
centerX: 0.6225806451612903
centerY: 0.01738387004844685
width: 0.04153225806451613
height: 0.0353377030493018
Area: 0.00048182553617885806
CentroidX: 0.6453
CentroidY: 0.0333
