Location: Dedata_25.png_Gaussian-Median.png
Component: component_1755507393078_231.png
centerX: 0.7096774193548387
centerY: 0.5414648047876888
width: 0.038306451612903226
height: 0.028498147620404674
Area: 0.0003155480377646421
CentroidX: 0.7325
CentroidY: 0.5544
