Location: Dedata_25.png_Gaussian-Closing.png
Component: component_1755507392897_107.png
centerX: 0.27580645161290324
centerY: 0.23282986605870618
width: 0.036290322580645164
height: 0.02792818466799658
Area: 0.00032795852140578605
CentroidX: 0.2979
CentroidY: 0.2445
