Location: Dedata_25.png_Otsu.png
Component: component_1755507392450_69.png
centerX: 0.17338709677419356
centerY: 0.15531490453120547
width: 0.03306451612903226
height: 0.025648332858364205
Area: 0.0002462561707682549
CentroidX: 0.1919
CentroidY: 0.1651
