Location: Dedata_25.png_Mean-Medain.png
Component: component_1755507392804_236.png
centerX: 0.3395161290322581
centerY: 0.5537190082644629
width: 0.03588709677419355
height: 0.030208036477628954
Area: 0.0003888618207558444
CentroidX: 0.3596
CentroidY: 0.5675
