Location: Dedata_25.png_Gaussian-Closing.png
Component: component_1755507392922_213.png
centerX: 0.4080645161290323
centerY: 0.5021373610715304
width: 0.03790322580645161
height: 0.030493017953833
Area: 0.0003650750604436518
CentroidX: 0.4306
CentroidY: 0.5145
