Location: Dedata_25.png_Gaussian-Closing.png
Component: component_1755507392887_63.png
centerX: 0.6120967741935484
centerY: 0.14904531205471644
width: 0.036290322580645164
height: 0.027643203191792535
Area: 0.0003328997324851304
CentroidX: 0.6331
CentroidY: 0.1611
