Location: Dedata_25.png_Gaussian-Median.png
Component: component_1755507393094_290.png
centerX: 0.3665322580645161
centerY: 0.6973496722713024
width: 0.03467741935483871
height: 0.031062980906241093
Area: 0.00034668915875306816
CentroidX: 0.3854
CentroidY: 0.7110
