Location: Dedata_25.png_Gaussian-Median.png
Component: component_1755507393054_172.png
centerX: 0.8983870967741936
centerY: 0.3798803077799943
width: 0.03669354838709677
height: 0.02821316614420063
Area: 0.0003719697735776207
CentroidX: 0.9192
CentroidY: 0.3925
