Location: Dedata_25.png_Otsu.png
Component: component_1755507392507_352.png
centerX: 0.4036290322580645
centerY: 0.7406668566543174
width: 0.039919354838709675
height: 0.029353092049016812
Area: 0.00025935612572279576
CentroidX: 0.4246
CentroidY: 0.7535
