Location: Dedata_25.png_Gaussian-Median.png
Component: component_1755507393036_131.png
centerX: 0.1778225806451613
centerY: 0.27785693929894556
width: 0.0375
height: 0.025648332858364205
Area: 0.0003316357017439028
CentroidX: 0.2005
CentroidY: 0.2897
