Location: Dedata_25.png_Otsu.png
Component: component_1755507392444_44.png
centerX: 0.5645161290322581
centerY: 0.10743801652892562
width: 0.03508064516129032
height: 0.02792818466799658
Area: 0.0003204892488439864
CentroidX: 0.5848
CentroidY: 0.1203
