Location: Dedata_25.png_Mean-Medain.png
Component: component_1755507392817_288.png
centerX: 0.3665322580645161
centerY: 0.6973496722713024
width: 0.03467741935483871
height: 0.030777999430037048
Area: 0.0003746127469456421
CentroidX: 0.3853
CentroidY: 0.7109
