Location: Dedata_25.png_Gaussian-Closing.png
Component: component_1755507392890_74.png
centerX: 0.05685483870967742
centerY: 0.15759475634083783
width: 0.03225806451612903
height: 0.026503277286976348
Area: 0.0002971621360740584
CentroidX: 0.0745
CentroidY: 0.1682
