Location: Dedata_25.png_Gaussian-Median.png
Component: component_1755507393034_126.png
centerX: 0.442741935483871
centerY: 0.268452550584212
width: 0.03225806451612903
height: 0.02792818466799658
Area: 0.00032600501935116155
CentroidX: 0.4604
CentroidY: 0.2799
