Location: Dedata_25.png_Mean-Medain.png
Component: component_1755507392806_244.png
centerX: 0.8895161290322581
centerY: 0.5825021373610715
width: 0.04112903225806452
height: 0.029353092049016812
Area: 0.00039977844988462846
CentroidX: 0.9131
CentroidY: 0.5959
