Location: Dedata_25.png_Otsu.png
Component: component_1755507392482_248.png
centerX: 0.7
centerY: 0.49130806497577656
width: 0.03588709677419355
height: 0.030777999430037048
Area: 0.0002886586565421635
CentroidX: 0.7210
CentroidY: 0.5050
