Location: Dedata_25.png_Gaussian-Closing.png
Component: component_1755507392918_199.png
centerX: 0.12137096774193548
centerY: 0.46309489883157595
width: 0.0407258064516129
height: 0.025933314334568254
Area: 0.00034117338824589307
CentroidX: 0.1454
CentroidY: 0.4740
