Location: Dedata_25.png_Mean-Medain.png
Component: component_1755507392757_138.png
centerX: 0.719758064516129
centerY: 0.292675976061556
width: 0.042741935483870966
height: 0.02707324023938444
Area: 0.000349676867777788
CentroidX: 0.7453
CentroidY: 0.3052
