Location: Dedata_25.png_Gaussian-Median.png
Component: component_1755507393028_101.png
centerX: 0.6645161290322581
centerY: 0.22114562553434028
width: 0.03387096774193549
height: 0.026788258763180393
Area: 0.00030428667297915956
CentroidX: 0.6819
CentroidY: 0.2335
