Location: Dedata_25.png_Otsu.png
Component: component_1755507392463_149.png
centerX: 0.9258064516129032
centerY: 0.2809917355371901
width: 0.034274193548387094
height: 0.030777999430037048
Area: 0.00028819900899989886
CentroidX: 0.9446
CentroidY: 0.2943
