Location: Dedata_25.png_Gaussian-Median.png
Component: component_1755507393037_136.png
centerX: 0.06330645161290323
centerY: 0.2855514391564548
width: 0.036290322580645164
height: 0.0262182958107723
Area: 0.0003146287426801129
CentroidX: 0.0846
CentroidY: 0.2964
