Location: Dedata_25.png_Mean-Medain.png
Component: component_1755507392768_150.png
centerX: 0.9467741935483871
centerY: 0.32459390139640926
width: 0.0375
height: 0.02963807352522086
Area: 0.000373003980547716
CentroidX: 0.9684
CentroidY: 0.3384
