Location: Dedata_25.png_Otsu.png
Component: component_1755507392448_59.png
centerX: 0.7233870967741935
centerY: 0.14477058991165576
width: 0.03467741935483871
height: 0.02792818466799658
Area: 0.00025544912161354675
CentroidX: 0.7448
CentroidY: 0.1569
