Location: Dedata_25.png_Gaussian-Median.png
Component: component_1755507393087_261.png
centerX: 0.06653225806451613
centerY: 0.6070105443146195
width: 0.04032258064516129
height: 0.027643203191792535
Area: 0.00034760845383759734
CentroidX: 0.0903
CentroidY: 0.6196
