Location: Dedata_25.png_Mean-Medain.png
Component: component_1755507392741_100.png
centerX: 0.6645161290322581
centerY: 0.22114562553434028
width: 0.03346774193548387
height: 0.026788258763180393
Area: 0.00032198310335634635
CentroidX: 0.6818
CentroidY: 0.2333
