Location: Dedata_25.png_Mean-Medain.png
Component: component_1755507392700_43.png
centerX: 0.6169354838709677
centerY: 0.10658307210031348
width: 0.03306451612903226
height: 0.029068110572812767
Area: 0.00036231717519006425
CentroidX: 0.6368
CentroidY: 0.1200
