Location: Dedata_25.png_Gaussian-Median.png
Component: component_1755507393034_124.png
centerX: 0.5528225806451613
centerY: 0.262182958107723
width: 0.036290322580645164
height: 0.026788258763180393
Area: 0.00033152078985833664
CentroidX: 0.5729
CentroidY: 0.2741
