Location: Dedata_25.png_Mean-Medain.png
Component: component_1755507392748_122.png
centerX: 0.6048387096774194
centerY: 0.2610430322029068
width: 0.03588709677419355
height: 0.027358221715588486
Area: 0.0003700162715229962
CentroidX: 0.6252
CentroidY: 0.2725
