Location: Dedata_25.png_Mean-Medain.png
Component: component_1755507392810_262.png
centerX: 0.9362903225806452
centerY: 0.6323738956967797
width: 0.0407258064516129
height: 0.031917925334853235
Area: 0.0003733487162044145
CentroidX: 0.9591
CentroidY: 0.6461
