Location: Dedata_25.png_Gaussian-Closing.png
Component: component_1755507392894_97.png
centerX: 0.7709677419354839
centerY: 0.21516101453405528
width: 0.032661290322580645
height: 0.02821316614420063
Area: 0.0003137094475955837
CentroidX: 0.7883
CentroidY: 0.2279
