Location: Dedata_25.png_Mean-Medain.png
Component: component_1755507392673_30.png
centerX: 0.11733870967741936
centerY: 0.06583072100313479
width: 0.0375
height: 0.029923055001424906
Area: 0.00044172128811627244
CentroidX: 0.1390
CentroidY: 0.0787
