Location: Dedata_25.png_Gaussian-Closing.png
Component: component_1755507392945_307.png
centerX: 0.13225806451612904
centerY: 0.74437161584497
width: 0.037096774193548385
height: 0.03163294385864919
Area: 0.00033876023864900395
CentroidX: 0.1530
CentroidY: 0.7581
