Location: Dedata_25.png_Otsu.png
Component: component_1755507392481_246.png
centerX: 0.8084677419354839
centerY: 0.48874323168994016
width: 0.03669354838709677
height: 0.028783129096608722
Area: 0.0003073892938894456
CentroidX: 0.8307
CentroidY: 0.5009
