Location: Dedata_25.png_Otsu.png
Component: component_1755507392461_140.png
centerX: 0.44314516129032255
centerY: 0.26873753206041606
width: 0.031451612903225803
height: 0.026788258763180393
Area: 0.00025188685316099616
CentroidX: 0.4597
CentroidY: 0.2799
