Location: Dedata_25.png_Otsu.png
Component: component_1755507392464_157.png
centerX: 0.7830645161290323
centerY: 0.2903961242519236
width: 0.03306451612903226
height: 0.021658592191507554
Area: 0.00022315888176945917
CentroidX: 0.8013
CentroidY: 0.2998
