Location: Dedata_25.png_Gaussian-Median.png
Component: component_1755507393072_214.png
centerX: 0.5294354838709677
centerY: 0.49501282416642917
width: 0.0375
height: 0.031062980906241093
Area: 0.00037219959734875296
CentroidX: 0.5511
CentroidY: 0.5096
