Location: Dedata_25.png_Otsu.png
Component: component_1755507392473_206.png
centerX: 0.8983870967741936
centerY: 0.3804502707324024
width: 0.03588709677419355
height: 0.027358221715588486
Area: 0.0003331295562562627
CentroidX: 0.9191
CentroidY: 0.3925
