Location: Dedata_25.png_Otsu.png
Component: component_1755507392492_296.png
centerX: 0.6282258064516129
centerY: 0.5927614705044172
width: 0.03870967741935484
height: 0.02792818466799658
Area: 0.0003054357918348211
CentroidX: 0.6516
CentroidY: 0.6051
