Location: Dedata_25.png_Gaussian-Closing.png
Component: component_1755507392932_259.png
centerX: 0.9362903225806452
centerY: 0.6326588771729837
width: 0.0407258064516129
height: 0.03163294385864919
Area: 0.0003415181239025915
CentroidX: 0.9590
CentroidY: 0.6461
