Location: Dedata_25.png_Gaussian-Closing.png
Component: component_1755507392911_170.png
centerX: 0.7879032258064517
centerY: 0.3830151040182388
width: 0.038306451612903226
height: 0.024508406953548018
Area: 0.00031934012998832494
CentroidX: 0.8106
CentroidY: 0.3942
