Location: Dedata_25.png_Gaussian-Closing.png
Component: component_1755507392914_180.png
centerX: 0.24274193548387096
centerY: 0.4049586776859504
width: 0.04112903225806452
height: 0.027358221715588486
Area: 0.00036564961987148255
CentroidX: 0.2647
CentroidY: 0.4164
