Location: Dedata_25.png_Mean-Medain.png
Component: component_1755507392689_38.png
centerX: 0.9189516129032258
centerY: 0.09888857224280422
width: 0.03387096774193549
height: 0.027643203191792535
Area: 0.000317041892277002
CentroidX: 0.9396
CentroidY: 0.1110
