Location: Dedata_25.png_Otsu.png
Component: component_1755507392438_15.png
centerX: 0.4020161290322581
centerY: 0.02080364776289541
width: 0.031048387096774193
height: 0.02707324023938444
Area: 0.0003227874865553094
CentroidX: 0.4192
CentroidY: 0.0323
