Location: Dedata_25.png_Mean-Medain.png
Component: component_1755507392682_37.png
centerX: 0.22862903225806452
centerY: 0.06697064690795099
width: 0.03508064516129032
height: 0.030208036477628954
Area: 0.00042827659750503314
CentroidX: 0.2489
CentroidY: 0.0801
