Location: Dedata_25.png_Gaussian-Median.png
Component: component_1755507393043_157.png
centerX: 0.7415322580645162
centerY: 0.3365631233969792
width: 0.03790322580645161
height: 0.02707324023938444
Area: 0.0003632364702745934
CentroidX: 0.7640
CentroidY: 0.3479
