Location: Dedata_25.png_Mean-Medain.png
Component: component_1755507392819_294.png
centerX: 0.14637096774193548
centerY: 0.7021943573667712
width: 0.034274193548387094
height: 0.030493017953833
Area: 0.00037622151334356816
CentroidX: 0.1649
CentroidY: 0.7147
