Location: Dedata_25.png_Otsu.png
Component: component_1755507392481_245.png
centerX: 0.8620967741935484
centerY: 0.4873183243089199
width: 0.03346774193548387
height: 0.026788258763180393
Area: 0.00025648332858364207
CentroidX: 0.8815
CentroidY: 0.4993
