Location: Dedata_25.png_Gaussian-Median.png
Component: component_1755507393085_254.png
centerX: 0.4544354838709677
centerY: 0.5956112852664577
width: 0.04112903225806452
height: 0.029923055001424906
Area: 0.0003911600584671674
CentroidX: 0.4788
CentroidY: 0.6086
