Location: Dedata_25.png_Otsu.png
Component: component_1755507392435_2.png
centerX: 0.07943548387096774
centerY: 0.016813907096038756
width: 0.031048387096774193
height: 0.03419777714448561
Area: 0.0004380441077781557
CentroidX: 0.0951
CentroidY: 0.0306
