Location: Dedata_25.png_Otsu.png
Component: component_1755507392506_351.png
centerX: 0.5080645161290323
centerY: 0.7398119122257053
width: 0.035483870967741936
height: 0.029068110572812767
Area: 0.0002739499351896965
CentroidX: 0.5281
CentroidY: 0.7526
