Location: Dedata_25.png_Mean-Medain.png
Component: component_1755507392810_258.png
centerX: 0.12862903225806452
centerY: 0.6064405813622115
width: 0.03951612903225806
height: 0.03505272157309775
Area: 0.00041322314049586776
CentroidX: 0.1500
CentroidY: 0.6204
