Location: Dedata_25.png_Mean-Medain.png
Component: component_1755507392806_246.png
centerX: 0.7951612903225806
centerY: 0.585351952123112
width: 0.03306451612903226
height: 0.03419777714448561
Area: 0.0003943775912630195
CentroidX: 0.8151
CentroidY: 0.6004
