Location: Dedata_25.png_Otsu.png
Component: component_1755507392502_334.png
centerX: 0.36693548387096775
centerY: 0.6979196352237105
width: 0.03346774193548387
height: 0.029923055001424906
Area: 0.00027153678559280745
CentroidX: 0.3846
CentroidY: 0.7109
