Location: Dedata_25.png_Gaussian-Median.png
Component: component_1755507393016_61.png
centerX: 0.7733870967741936
centerY: 0.14249073810202337
width: 0.034274193548387094
height: 0.025648332858364205
Area: 0.00028038500078140084
CentroidX: 0.7937
CentroidY: 0.1543
