Location: Dedata_25.png_Otsu.png
Component: component_1755507392500_325.png
centerX: 0.9145161290322581
centerY: 0.6819606725562838
width: 0.027822580645161292
height: 0.031062980906241093
Area: 0.00029578319344726465
CentroidX: 0.9313
CentroidY: 0.6948
