Location: Dedata_25.png_Gaussian-Median.png
Component: component_1755507393039_143.png
centerX: 0.5157258064516129
centerY: 0.30493017953833
width: 0.03669354838709677
height: 0.02536335138216016
Area: 0.0002879691852287666
CentroidX: 0.5355
CentroidY: 0.3163
