Location: Dedata_25.png_Mean-Medain.png
Component: component_1755507392818_290.png
centerX: 0.3157258064516129
centerY: 0.6984895981761186
width: 0.035483870967741936
height: 0.029068110572812767
Area: 0.0003599040255931752
CentroidX: 0.3349
CentroidY: 0.7112
