Location: Dedata_25.png_Gaussian-Median.png
Component: component_1755507393003_12.png
centerX: 0.18024193548387096
centerY: 0.0176688515246509
width: 0.03669354838709677
height: 0.0353377030493018
Area: 0.0004971088169591557
CentroidX: 0.1996
CentroidY: 0.0325
