Location: Dedata_25.png_Otsu.png
Component: component_1755507392450_67.png
centerX: 0.28508064516129034
centerY: 0.1541749786263893
width: 0.031048387096774193
height: 0.026788258763180393
Area: 0.0002606201564640234
CentroidX: 0.3038
CentroidY: 0.1652
