Location: Dedata_25.png_Gaussian-Median.png
Component: component_1755507393093_286.png
centerX: 0.5850806451612903
centerY: 0.6902251353662012
width: 0.04112903225806452
height: 0.03163294385864919
Area: 0.0003551926382849631
CentroidX: 0.6094
CentroidY: 0.7043
