Location: Dedata_25.png_Mean-Medain.png
Component: component_1755507392767_148.png
centerX: 0.19032258064516128
centerY: 0.31889427187232827
width: 0.035483870967741936
height: 0.024223425477343973
Area: 0.00031336471193888524
CentroidX: 0.2087
CentroidY: 0.3298
