Location: Dedata_25.png_Otsu.png
Component: component_1755507392462_148.png
centerX: 0.1782258064516129
centerY: 0.2781419207751496
width: 0.036290322580645164
height: 0.024793388429752067
Area: 0.0002667104863990292
CentroidX: 0.2004
CentroidY: 0.2895
