Location: Dedata_25.png_Otsu.png
Component: component_1755507392462_146.png
centerX: 0.23508064516129032
centerY: 0.274437161584497
width: 0.03669354838709677
height: 0.02821316614420063
Area: 0.0002740648470752627
CentroidX: 0.2575
CentroidY: 0.2855
