Location: Dedata_25.png_Gaussian-Closing.png
Component: component_1755507392943_301.png
centerX: 0.4588709677419355
centerY: 0.7400968937019093
width: 0.03024193548387097
height: 0.029068110572812767
Area: 0.0002988858143575506
CentroidX: 0.4760
CentroidY: 0.7534
