Location: Dedata_25.png_Mean-Medain.png
Component: component_1755507392794_209.png
centerX: 0.7560483870967742
centerY: 0.48874323168994016
width: 0.036290322580645164
height: 0.03220290681105728
Area: 0.00038265657893527243
CentroidX: 0.7773
CentroidY: 0.5029
