Location: Dedata_25.png_Gaussian-Median.png
Component: component_1755507393017_67.png
centerX: 0.4975806451612903
centerY: 0.15104018238814476
width: 0.034274193548387094
height: 0.026788258763180393
Area: 0.00028256832660715763
CentroidX: 0.5181
CentroidY: 0.1630
