Location: Dedata_25.png_Otsu.png
Component: component_1755507392462_147.png
centerX: 0.2830645161290323
centerY: 0.27472214306070103
width: 0.031048387096774193
height: 0.031062980906241093
Area: 0.00024660090642495336
CentroidX: 0.3000
CentroidY: 0.2868
