Location: Dedata_25.png_Mean-Medain.png
Component: component_1755507392817_289.png
centerX: 0.25766129032258067
centerY: 0.6984895981761186
width: 0.03870967741935484
height: 0.032487888287261325
Area: 0.00043000027578852536
CentroidX: 0.2774
CentroidY: 0.7125
