Location: Dedata_25.png_Gaussian-Median.png
Component: component_1755507393089_269.png
centerX: 0.5923387096774193
centerY: 0.6392134511256768
width: 0.04395161290322581
height: 0.031062980906241093
Area: 0.00040069774496915764
CentroidX: 0.6175
CentroidY: 0.6515
