Location: Dedata_25.png_Mean-Medain.png
Component: component_1755507392767_147.png
centerX: 0.2439516129032258
centerY: 0.31718438301510404
width: 0.031451612903225803
height: 0.02536335138216016
Area: 0.0003050910561781226
CentroidX: 0.2615
CentroidY: 0.3286
