Location: Dedata_25.png_Otsu.png
Component: component_1755507392441_27.png
centerX: 0.8225806451612904
centerY: 0.06440581362211456
width: 0.034274193548387094
height: 0.02963807352522086
Area: 0.0003451953042407082
CentroidX: 0.8420
CentroidY: 0.0767
