Location: Dedata_25.png_Otsu.png
Component: component_1755507392489_284.png
centerX: 0.17620967741935484
centerY: 0.5611285266457681
width: 0.035483870967741936
height: 0.030777999430037048
Area: 0.000317041892277002
CentroidX: 0.1977
CentroidY: 0.5742
