Location: Dedata_25.png_Gaussian-Closing.png
Component: component_1755507392889_73.png
centerX: 0.011693548387096775
centerY: 0.15759475634083783
width: 0.027016129032258064
height: 0.02792818466799658
Area: 0.0002801551770102685
CentroidX: 0.0261
CentroidY: 0.1690
