Location: Dedata_25.png_Gaussian-Median.png
Component: component_1755507393096_298.png
centerX: 0.925
centerY: 0.7292675976061556
width: 0.038306451612903226
height: 0.03419777714448561
Area: 0.0003551926382849631
CentroidX: 0.9458
CentroidY: 0.7436
