Location: Dedata_25.png_Otsu.png
Component: component_1755507392448_60.png
centerX: 0.6689516129032258
centerY: 0.14676546024508408
width: 0.03225806451612903
height: 0.024223425477343973
Area: 0.000242464078544572
CentroidX: 0.6884
CentroidY: 0.1572
