Location: Dedata_25.png_Otsu.png
Component: component_1755507392470_190.png
centerX: 0.5717741935483871
centerY: 0.34710743801652894
width: 0.03669354838709677
height: 0.026788258763180393
Area: 0.0002972770479596246
CentroidX: 0.5930
CentroidY: 0.3580
