Location: Dedata_25.png_Mean-Medain.png
Component: component_1755507392819_293.png
centerX: 0.08830645161290322
centerY: 0.7021943573667712
width: 0.0407258064516129
height: 0.03334283271587347
Area: 0.00041919855854530747
CentroidX: 0.1107
CentroidY: 0.7160
