Location: Dedata_25.png_Gaussian-Closing.png
Component: component_1755507392931_252.png
centerX: 0.294758064516129
centerY: 0.6004559703619264
width: 0.03951612903225806
height: 0.03134796238244514
Area: 0.0003707057428363931
CentroidX: 0.3185
CentroidY: 0.6141
