Location: Dedata_25.png_Gaussian-Median.png
Component: component_1755507393074_222.png
centerX: 0.18991935483870967
centerY: 0.5092618979766316
width: 0.03870967741935484
height: 0.02963807352522086
Area: 0.0003593294661653444
CentroidX: 0.2130
CentroidY: 0.5215
