Location: Dedata_25.png_Mean-Medain.png
Component: component_1755507392668_27.png
centerX: 0.8221774193548387
centerY: 0.06412083214591052
width: 0.03508064516129032
height: 0.030208036477628954
Area: 0.0003887469088702783
CentroidX: 0.8419
CentroidY: 0.0766
