Location: Dedata_25.png_Gaussian-Closing.png
Component: component_1755507392921_212.png
centerX: 0.4689516129032258
centerY: 0.4987175833570818
width: 0.03951612903225806
height: 0.029068110572812767
Area: 0.0003556522858272277
CentroidX: 0.4916
CentroidY: 0.5123
