Location: Dedata_25.png_Gaussian-Closing.png
Component: component_1755507392908_152.png
centerX: 0.7959677419354839
centerY: 0.33428327158734683
width: 0.03467741935483871
height: 0.027643203191792535
Area: 0.0003280734332913522
CentroidX: 0.8158
CentroidY: 0.3459
