Location: Dedata_25.png_Gaussian-Closing.png
Component: component_1755507392898_113.png
centerX: 0.7774193548387097
centerY: 0.2482188657737247
width: 0.03185483870967742
height: 0.024793388429752067
Area: 0.0003103770029141654
CentroidX: 0.7948
CentroidY: 0.2599
