Location: Dedata_25.png_Otsu.png
Component: component_1755507392480_241.png
centerX: 0.01935483870967742
centerY: 0.4645198062125962
width: 0.03346774193548387
height: 0.029923055001424906
Area: 0.0003119857693120915
CentroidX: 0.0387
CentroidY: 0.4764
