Location: Dedata_25.png_Mean-Medain.png
Component: component_1755507392768_149.png
centerX: 0.12459677419354839
centerY: 0.3240239384440011
width: 0.03669354838709677
height: 0.02108862923909946
Area: 0.00032221292712747863
CentroidX: 0.1460
CentroidY: 0.3338
