Location: Dedata_25.png_Mean-Medain.png
Component: component_1755507392815_282.png
centerX: 0.7020161290322581
centerY: 0.6870903391279567
width: 0.03588709677419355
height: 0.0347677400968937
Area: 0.00036277682273232886
CentroidX: 0.7240
CentroidY: 0.7025
