Location: Dedata_25.png_Mean-Medain.png
Component: component_1755507392813_271.png
centerX: 0.35846774193548386
centerY: 0.6491878027928185
width: 0.03951612903225806
height: 0.029353092049016812
Area: 0.00037185486169205454
CentroidX: 0.3820
CentroidY: 0.6616
