Location: Dedata_25.png_Gaussian-Closing.png
Component: component_1755507392942_296.png
centerX: 0.7189516129032258
centerY: 0.7335423197492164
width: 0.04112903225806452
height: 0.031062980906241093
Area: 0.00035312422434477243
CentroidX: 0.7422
CentroidY: 0.7490
