Location: Dedata_25.png_Gaussian-Closing.png
Component: component_1755507392935_272.png
centerX: 0.12782258064516128
centerY: 0.6531775434596752
width: 0.04314516129032258
height: 0.029923055001424906
Area: 0.0003655347079859164
CentroidX: 0.1531
CentroidY: 0.6657
