Location: Dedata_25.png_Mean-Medain.png
Component: component_1755507392739_91.png
centerX: 0.11733870967741936
centerY: 0.19492732972356797
width: 0.03669354838709677
height: 0.027643203191792535
Area: 0.00032634975500785997
CentroidX: 0.1391
CentroidY: 0.2071
