Location: Dedata_25.png_Mean-Medain.png
Component: component_1755507392790_201.png
centerX: 0.23346774193548386
centerY: 0.4622399544029638
width: 0.03669354838709677
height: 0.029068110572812767
Area: 0.0003809329006517802
CentroidX: 0.2534
CentroidY: 0.4750
