Location: Dedata_25.png_Gaussian-Median.png
Component: component_1755507393098_304.png
centerX: 0.6104838709677419
centerY: 0.737817041892277
width: 0.036290322580645164
height: 0.02536335138216016
Area: 0.00029509372213386775
CentroidX: 0.6304
CentroidY: 0.7495
