Location: Dedata_25.png_Mean-Medain.png
Component: component_1755507392820_297.png
centerX: 0.8209677419354838
centerY: 0.7298375605585637
width: 0.04032258064516129
height: 0.030208036477628954
Area: 0.0003780601035126265
CentroidX: 0.8449
CentroidY: 0.7441
