Location: Dedata_25.png_Otsu.png
Component: component_1755507392458_104.png
centerX: 0.3318548387096774
centerY: 0.22969506982046167
width: 0.029838709677419355
height: 0.02536335138216016
Area: 0.00021166769321284438
CentroidX: 0.3492
CentroidY: 0.2408
