Location: Dedata_25.png_Mean-Medain.png
Component: component_1755507392731_80.png
centerX: 0.775
centerY: 0.1786833855799373
width: 0.034274193548387094
height: 0.02821316614420063
Area: 0.0003231322222120078
CentroidX: 0.7956
CentroidY: 0.1914
