Location: Dedata_25.png_Otsu.png
Component: component_1755507392446_52.png
centerX: 0.11935483870967742
centerY: 0.11228270162439441
width: 0.036290322580645164
height: 0.030777999430037048
Area: 0.0003727741567765837
CentroidX: 0.1402
CentroidY: 0.1250
