Location: Dedata_25.png_Gaussian-Closing.png
Component: component_1755507392934_269.png
centerX: 0.29516129032258065
centerY: 0.6497577657452266
width: 0.04153225806451613
height: 0.03334283271587347
Area: 0.0003646154129013872
CentroidX: 0.3202
CentroidY: 0.6642
