Location: Dedata_25.png_Gaussian-Closing.png
Component: component_1755507392898_112.png
centerX: 0.9241935483870968
centerY: 0.24422912510686806
width: 0.03669354838709677
height: 0.026503277286976348
Area: 0.00029670248853179383
CentroidX: 0.9455
CentroidY: 0.2565
