Location: Dedata_25.png_Gaussian-Closing.png
Component: component_1755507392896_104.png
centerX: 0.33145161290322583
centerY: 0.22941008834425763
width: 0.031048387096774193
height: 0.025933314334568254
Area: 0.00029176127745244944
CentroidX: 0.3496
CentroidY: 0.2408
