Location: Dedata_25.png_Otsu.png
Component: component_1755507392466_165.png
centerX: 0.4685483870967742
centerY: 0.3083499572527786
width: 0.029838709677419355
height: 0.024508406953548018
Area: 0.00023970619329098447
CentroidX: 0.4841
CentroidY: 0.3191
