Location: Dedata_25.png_Gaussian-Median.png
Component: component_1755507393015_53.png
centerX: 0.17459677419354838
centerY: 0.11085779424337418
width: 0.03790322580645161
height: 0.02792818466799658
Area: 0.00035875490673751366
CentroidX: 0.1964
CentroidY: 0.1235
