Location: Dedata_25.png_Otsu.png
Component: component_1755507392484_257.png
centerX: 0.19032258064516128
centerY: 0.5095468794528356
width: 0.03790322580645161
height: 0.029068110572812767
Area: 0.0003156629496502082
CentroidX: 0.2128
CentroidY: 0.5214
