Location: Dedata_25.png_Mean-Medain.png
Component: component_1755507392721_69.png
centerX: 0.2846774193548387
centerY: 0.15388999715018523
width: 0.03225806451612903
height: 0.027358221715588486
Area: 0.0003216383676996479
CentroidX: 0.3039
CentroidY: 0.1652
