Location: Dedata_25.png_Gaussian-Closing.png
Component: component_1755507392905_140.png
centerX: 0.4681451612903226
centerY: 0.30806497577657455
width: 0.031048387096774193
height: 0.025078369905956112
Area: 0.0002894630397411265
CentroidX: 0.4847
CentroidY: 0.3193
