Location: Dedata_25.png_Mean-Medain.png
Component: component_1755507392790_199.png
centerX: 0.41411290322580646
centerY: 0.45397549159304645
width: 0.043548387096774194
height: 0.031062980906241093
Area: 0.0003995486261134962
CentroidX: 0.4363
CentroidY: 0.4675
