Location: Dedata_25.png_Gaussian-Median.png
Component: component_1755507393079_232.png
centerX: 0.6560483870967742
centerY: 0.542319749216301
width: 0.03870967741935484
height: 0.02821316614420063
Area: 0.0003609382325632705
CentroidX: 0.6793
CentroidY: 0.5554
