Location: Dedata_25.png_Otsu.png
Component: component_1755507392453_81.png
centerX: 0.5532258064516129
centerY: 0.18751781134226275
width: 0.031451612903225803
height: 0.02536335138216016
Area: 0.00023223692072918487
CentroidX: 0.5715
CentroidY: 0.1977
