Location: Dedata_25.png_Gaussian-Median.png
Component: component_1755507393019_74.png
centerX: 0.3370967741935484
centerY: 0.15474494157879737
width: 0.031451612903225803
height: 0.025648332858364205
Area: 0.00027440958273196114
CentroidX: 0.3556
CentroidY: 0.1657
