Location: Dedata_25.png_Gaussian-Closing.png
Component: component_1755507392910_165.png
centerX: 0.07459677419354839
centerY: 0.36791108577942433
width: 0.03669354838709677
height: 0.026788258763180393
Area: 0.00032887781649031523
CentroidX: 0.0931
CentroidY: 0.3803
