Location: Dedata_25.png_Mean-Medain.png
Component: component_1755507392794_211.png
centerX: 0.6995967741935484
centerY: 0.4910230834995725
width: 0.03669354838709677
height: 0.03134796238244514
Area: 0.0003686373288962024
CentroidX: 0.7211
CentroidY: 0.5051
