Location: Dedata_25.png_Otsu.png
Component: component_1755507392502_336.png
centerX: 0.3161290322580645
centerY: 0.6987745796523226
width: 0.034274193548387094
height: 0.028498147620404674
Area: 0.00026360786548874324
CentroidX: 0.3346
CentroidY: 0.7114
