Location: Dedata_25.png_Otsu.png
Component: component_1755507392460_128.png
centerX: 0.7165322580645161
centerY: 0.2530635508691935
width: 0.032661290322580645
height: 0.024223425477343973
Area: 0.00023878689820645529
CentroidX: 0.7333
CentroidY: 0.2642
