Location: Dedata_25.png_Gaussian-Closing.png
Component: component_1755507392944_302.png
centerX: 0.3536290322580645
centerY: 0.7403818751781134
width: 0.034274193548387094
height: 0.031062980906241093
Area: 0.00032221292712747863
CentroidX: 0.3726
CentroidY: 0.7540
