Location: Dedata_25.png_Otsu.png
Component: component_1755507392447_54.png
centerX: 0.062096774193548386
centerY: 0.11370760900541464
width: 0.035483870967741936
height: 0.02792818466799658
Area: 0.0003405988288180623
CentroidX: 0.0828
CentroidY: 0.1262
