Location: Dedata_25.png_Gaussian-Closing.png
Component: component_1755507392915_188.png
centerX: 0.7883064516129032
centerY: 0.43830151040182386
width: 0.035483870967741936
height: 0.032487888287261325
Area: 0.0003485277489221265
CentroidX: 0.8096
CentroidY: 0.4525
