Location: Dedata_25.png_Mean-Medain.png
Component: component_1755507392795_212.png
centerX: 0.646774193548387
centerY: 0.4927329723567968
width: 0.03467741935483871
height: 0.03277286976346538
Area: 0.00039483723880528413
CentroidX: 0.6669
CentroidY: 0.5076
