Location: Dedata_25.png_Gaussian-Median.png
Component: component_1755507393039_142.png
centerX: 0.5685483870967742
centerY: 0.30322029068110573
width: 0.03588709677419355
height: 0.025933314334568254
Area: 0.0002942893389349047
CentroidX: 0.5874
CentroidY: 0.3145
