Location: Dedata_25.png_Mean-Medain.png
Component: component_1755507392655_20.png
centerX: 0.9205645161290322
centerY: 0.058706184098033624
width: 0.03790322580645161
height: 0.028783129096608722
Area: 0.0004067880749041635
CentroidX: 0.9417
CentroidY: 0.0724
