Location: Dedata_25.png_Gaussian-Closing.png
Component: component_1755507392908_154.png
centerX: 0.6834677419354839
centerY: 0.33713308634938727
width: 0.039919354838709675
height: 0.030208036477628954
Area: 0.0003848399047610292
CentroidX: 0.7054
CentroidY: 0.3509
