Location: Dedata_25.png_Mean-Medain.png
Component: component_1755507392745_112.png
centerX: 0.06491935483870968
centerY: 0.2396694214876033
width: 0.03467741935483871
height: 0.029923055001424906
Area: 0.00033519797019645336
CentroidX: 0.0854
CentroidY: 0.2526
