Location: Dedata_25.png_Otsu.png
Component: component_1755507392461_138.png
centerX: 0.4959677419354839
centerY: 0.26674266172698774
width: 0.03306451612903226
height: 0.025648332858364205
Area: 0.0002753288778164903
CentroidX: 0.5151
CentroidY: 0.2769
