Location: Dedata_25.png_Gaussian-Median.png
Component: component_1755507393089_271.png
centerX: 0.4790322580645161
centerY: 0.6426332288401254
width: 0.04314516129032258
height: 0.03362781419207751
Area: 0.00038150746007961097
CentroidX: 0.5030
CentroidY: 0.6583
