Location: Dedata_25.png_Otsu.png
Component: component_1755507392507_355.png
centerX: 0.2963709677419355
centerY: 0.7418067825591337
width: 0.03346774193548387
height: 0.030493017953833
Area: 0.0002690087241103522
CentroidX: 0.3162
CentroidY: 0.7543
