Location: Dedata_25.png_Mean-Medain.png
Component: component_1755507392737_87.png
centerX: 0.3935483870967742
centerY: 0.1920775149615275
width: 0.03346774193548387
height: 0.02707324023938444
Area: 0.00031382435948114985
CentroidX: 0.4131
CentroidY: 0.2039
