Location: Dedata_25.png_Otsu.png
Component: component_1755507392508_357.png
centerX: 0.24516129032258063
centerY: 0.743801652892562
width: 0.03588709677419355
height: 0.02963807352522086
Area: 0.0002575175355537374
CentroidX: 0.2656
CentroidY: 0.7564
