Location: Dedata_25.png_Gaussian-Median.png
Component: component_1755507393095_293.png
centerX: 0.2
centerY: 0.701054431461955
width: 0.03467741935483871
height: 0.030493017953833
Area: 0.00035588210959836
CentroidX: 0.2190
CentroidY: 0.7136
