Location: Dedata_25.png_Gaussian-Median.png
Component: component_1755507393080_238.png
centerX: 0.3395161290322581
centerY: 0.5537190082644629
width: 0.03588709677419355
height: 0.030208036477628954
Area: 0.000359789113707609
CentroidX: 0.3595
CentroidY: 0.5675
