Location: Dedata_25.png_Gaussian-Median.png
Component: component_1755507393097_302.png
centerX: 0.665725806451613
centerY: 0.7361071530350527
width: 0.04233870967741935
height: 0.02963807352522086
Area: 0.0003485277489221265
CentroidX: 0.6880
CentroidY: 0.7502
