Location: Dedata_25.png_Mean-Medain.png
Component: component_1755507392714_56.png
centerX: 0.9217741935483871
centerY: 0.13992590481618694
width: 0.03588709677419355
height: 0.026788258763180393
Area: 0.00033588744150985026
CentroidX: 0.9434
CentroidY: 0.1520
