Location: Dedata_25.png_Gaussian-Closing.png
Component: component_1755507392874_4.png
centerX: 0.12701612903225806
centerY: 0.01738387004844685
width: 0.038306451612903226
height: 0.03676261043032203
Area: 0.0005068763272322782
CentroidX: 0.1467
CentroidY: 0.0318
