Location: Dedata_25.png_Gaussian-Closing.png
Component: component_1755507392931_251.png
centerX: 0.35
centerY: 0.5993160444571103
width: 0.036290322580645164
height: 0.02792818466799658
Area: 0.00035289440057364015
CentroidX: 0.3712
CentroidY: 0.6113
