Location: Dedata_25.png_Mean-Medain.png
Component: component_1755507392776_172.png
centerX: 0.8403225806451613
centerY: 0.3821601595896267
width: 0.04112903225806452
height: 0.025078369905956112
Area: 0.00036852241701063623
CentroidX: 0.8630
CentroidY: 0.3931
