Location: Dedata_25.png_Otsu.png
Component: component_1755507392500_326.png
centerX: 0.8665322580645162
centerY: 0.6845255058421202
width: 0.037096774193548385
height: 0.030208036477628954
Area: 0.00026958328353818295
CentroidX: 0.8881
CentroidY: 0.6968
