Location: Dedata_25.png_Gaussian-Median.png
Component: component_1755507393009_32.png
centerX: 0.11733870967741936
centerY: 0.06583072100313479
width: 0.0375
height: 0.029923055001424906
Area: 0.00042172662002776273
CentroidX: 0.1389
CentroidY: 0.0787
