Location: Dedata_25.png_Mean-Medain.png
Component: component_1755507392816_286.png
centerX: 0.47701612903225804
centerY: 0.6959247648902821
width: 0.038306451612903226
height: 0.032487888287261325
Area: 0.00036587944364261483
CentroidX: 0.4968
CentroidY: 0.7100
