Location: Dedata_25.png_Mean-Medain.png
Component: component_1755507392644_7.png
centerX: 0.6879032258064516
centerY: 0.01738387004844685
width: 0.03588709677419355
height: 0.03134796238244514
Area: 0.0004663124316274281
CentroidX: 0.7077
CentroidY: 0.0310
