Location: Dedata_25.png_Mean-Medain.png
Component: component_1755507392751_132.png
centerX: 0.12056451612903225
centerY: 0.2818466799658022
width: 0.03508064516129032
height: 0.0262182958107723
Area: 0.0003410584763603269
CentroidX: 0.1419
CentroidY: 0.2925
