Location: Dedata_25.png_Otsu.png
Component: component_1755507392500_327.png
centerX: 0.7600806451612904
centerY: 0.6856654317469365
width: 0.035483870967741936
height: 0.029923055001424906
Area: 0.0002738350233041304
CentroidX: 0.7802
CentroidY: 0.6989
