Location: Dedata_25.png_Gaussian-Median.png
Component: component_1755507393038_139.png
centerX: 0.719758064516129
centerY: 0.292675976061556
width: 0.042741935483870966
height: 0.027358221715588486
Area: 0.0003287629046047491
CentroidX: 0.7452
CentroidY: 0.3051
