Location: Dedata_25.png_Gaussian-Median.png
Component: component_1755507393012_46.png
centerX: 0.6729838709677419
centerY: 0.10658307210031348
width: 0.03588709677419355
height: 0.02963807352522086
Area: 0.00036162770387666735
CentroidX: 0.6933
CentroidY: 0.1192
