Location: Dedata_25.png_Otsu.png
Component: component_1755507392437_11.png
centerX: 0.8600806451612903
centerY: 0.019663721858079224
width: 0.03064516129032258
height: 0.03163294385864919
Area: 0.0003732338043188483
CentroidX: 0.8767
CentroidY: 0.0336
