Location: Dedata_25.png_Mean-Medain.png
Component: component_1755507392731_79.png
centerX: 0.8766129032258064
centerY: 0.17782844115132515
width: 0.031451612903225803
height: 0.025078369905956112
Area: 0.00026797451714025687
CentroidX: 0.8959
CentroidY: 0.1883
