Location: Dedata_25.png_Otsu.png
Component: component_1755507392457_102.png
centerX: 0.44516129032258067
centerY: 0.22741521801082928
width: 0.034274193548387094
height: 0.0262182958107723
Area: 0.00022269923422719458
CentroidX: 0.4639
CentroidY: 0.2389
