Location: Dedata_25.png_Mean-Medain.png
Component: component_1755507392723_77.png
centerX: 0.9209677419354839
centerY: 0.17355371900826447
width: 0.035483870967741936
height: 0.03134796238244514
Area: 0.0003252006361521985
CentroidX: 0.9424
CentroidY: 0.1866
