Location: Dedata_25.png_Mean-Medain.png
Component: component_1755507392700_42.png
centerX: 0.7217741935483871
centerY: 0.10515816471929325
width: 0.039919354838709675
height: 0.02821316614420063
Area: 0.0003798986936816849
CentroidX: 0.7465
CentroidY: 0.1170
