Location: Dedata_25.png_Gaussian-Closing.png
Component: component_1755507392882_39.png
centerX: 0.8258064516129032
centerY: 0.10002849814762041
width: 0.03669354838709677
height: 0.030777999430037048
Area: 0.00034209268333042225
CentroidX: 0.8471
CentroidY: 0.1128
