Location: Dedata_25.png_Otsu.png
Component: component_1755507392472_201.png
centerX: 0.07459677419354839
centerY: 0.36819606725562837
width: 0.036290322580645164
height: 0.025933314334568254
Area: 0.00028762444957206815
CentroidX: 0.0928
CentroidY: 0.3802
