Location: Dedata_25.png_Gaussian-Closing.png
Component: component_1755507392902_131.png
centerX: 0.8290322580645161
centerY: 0.2852664576802508
width: 0.03669354838709677
height: 0.028783129096608722
Area: 0.0003360023533954164
CentroidX: 0.8509
CentroidY: 0.2979
