Location: Dedata_25.png_Mean-Medain.png
Component: component_1755507392792_206.png
centerX: 0.9580645161290322
centerY: 0.4827586206896552
width: 0.025403225806451612
height: 0.028783129096608722
Area: 0.00032531554803776465
CentroidX: 0.9730
CentroidY: 0.4951
