Location: Dedata_25.png_Mean-Medain.png
Component: component_1755507392651_18.png
centerX: 0.5657258064516129
centerY: 0.02080364776289541
width: 0.03669354838709677
height: 0.03220290681105728
Area: 0.00048400886200461484
CentroidX: 0.5852
CentroidY: 0.0352
