Location: Dedata_25.png_Gaussian-Median.png
Component: component_1755507393005_23.png
centerX: 0.8693548387096774
centerY: 0.06184098033627814
width: 0.038306451612903226
height: 0.02792818466799658
Area: 0.00037645133711470044
CentroidX: 0.8911
CentroidY: 0.0743
