Location: Dedata_25.png_Gaussian-Median.png
Component: component_1755507393002_11.png
centerX: 0.7959677419354839
centerY: 0.01738387004844685
width: 0.03508064516129032
height: 0.03277286976346538
Area: 0.0004177047040329475
CentroidX: 0.8161
CentroidY: 0.0315
