Location: Dedata_25.png_Gaussian-Closing.png
Component: component_1755507392912_171.png
centerX: 0.7346774193548387
centerY: 0.3850099743516671
width: 0.03790322580645161
height: 0.02821316614420063
Area: 0.00036070840879213816
CentroidX: 0.7567
CentroidY: 0.3980
