Location: Dedata_25.png_Mean-Medain.png
Component: component_1755507392705_46.png
centerX: 0.5641129032258064
centerY: 0.10715303505272157
width: 0.03588709677419355
height: 0.028498147620404674
Area: 0.000379209222368288
CentroidX: 0.5849
CentroidY: 0.1203
