Location: Dedata_25.png_Gaussian-Closing.png
Component: component_1755507392921_211.png
centerX: 0.5891129032258065
centerY: 0.4964377315474494
width: 0.03588709677419355
height: 0.028498147620404674
Area: 0.0003582952591952491
CentroidX: 0.6096
CentroidY: 0.5088
