Location: Dedata_25.png_Gaussian-Closing.png
Component: component_1755507392928_239.png
centerX: 0.12016129032258065
centerY: 0.5636933599316044
width: 0.034274193548387094
height: 0.02707324023938444
Area: 0.00031210068119765763
CentroidX: 0.1406
CentroidY: 0.5750
