Location: Dedata_25.png_Otsu.png
Component: component_1755507392478_229.png
centerX: 0.6778225806451613
centerY: 0.44571102878312907
width: 0.03870967741935484
height: 0.030777999430037048
Area: 0.00032657957877899225
CentroidX: 0.7011
CentroidY: 0.4584
