Location: Dedata_25.png_Gaussian-Closing.png
Component: component_1755507392911_168.png
centerX: 0.8983870967741936
centerY: 0.3798803077799943
width: 0.03669354838709677
height: 0.02821316614420063
Area: 0.00037254433300545144
CentroidX: 0.9192
CentroidY: 0.3926
