Location: Dedata_25.png_Gaussian-Median.png
Component: component_1755507393009_34.png
centerX: 0.4584677419354839
centerY: 0.06554573952693075
width: 0.03588709677419355
height: 0.028783129096608722
Area: 0.00041287840483916934
CentroidX: 0.4781
CentroidY: 0.0787
