Location: Dedata_25.png_Mean-Medain.png
Component: component_1755507392766_145.png
centerX: 0.3512096774193548
centerY: 0.31176973496722715
width: 0.031451612903225803
height: 0.025078369905956112
Area: 0.0003011840520688736
CentroidX: 0.3683
CentroidY: 0.3235
