Location: Dedata_25.png_Mean-Medain.png
Component: component_1755507392815_284.png
centerX: 0.5850806451612903
centerY: 0.6905101168424053
width: 0.04112903225806452
height: 0.03134796238244514
Area: 0.0003849548166465954
CentroidX: 0.6094
CentroidY: 0.7042
