Location: Dedata_25.png_Gaussian-Closing.png
Component: component_1755507392907_150.png
centerX: 0.016935483870967744
centerY: 0.33086349387289826
width: 0.032661290322580645
height: 0.024793388429752067
Area: 0.0003031375541234981
CentroidX: 0.0350
CentroidY: 0.3411
