Location: Dedata_25.png_Otsu.png
Component: component_1755507392482_249.png
centerX: 0.6471774193548387
centerY: 0.49301795383300084
width: 0.03387096774193549
height: 0.031062980906241093
Area: 0.00030463140863585804
CentroidX: 0.6665
CentroidY: 0.5073
