Location: Dedata_25.png_Otsu.png
Component: component_1755507392442_34.png
centerX: 0.06451612903225806
centerY: 0.06697064690795099
width: 0.036290322580645164
height: 0.03305785123966942
Area: 0.00039357320806405647
CentroidX: 0.0866
CentroidY: 0.0816
