Location: Dedata_25.png_Gaussian-Median.png
Component: component_1755507393087_262.png
centerX: 0.014112903225806451
centerY: 0.6081504702194357
width: 0.036290322580645164
height: 0.02963807352522086
Area: 0.00035875490673751366
CentroidX: 0.0329
CentroidY: 0.6203
