Location: Dedata_25.png_Gaussian-Closing.png
Component: component_1755507392899_114.png
centerX: 0.8366935483870968
centerY: 0.2493587916785409
width: 0.028225806451612902
height: 0.0262182958107723
Area: 0.0002536105314444884
CentroidX: 0.8533
CentroidY: 0.2605
