Location: Dedata_25.png_Mean-Medain.png
Component: component_1755507392741_101.png
centerX: 0.5524193548387096
centerY: 0.22200056996295242
width: 0.03790322580645161
height: 0.029923055001424906
Area: 0.0003688671526673347
CentroidX: 0.5761
CentroidY: 0.2353
