Location: Dedata_25.png_Mean-Medain.png
Component: component_1755507392805_239.png
centerX: 0.17580645161290323
centerY: 0.560843545169564
width: 0.036290322580645164
height: 0.03134796238244514
Area: 0.0003844951691043308
CentroidX: 0.1977
CentroidY: 0.5743
