Location: Dedata_25.png_Gaussian-Median.png
Component: component_1755507393087_260.png
centerX: 0.12862903225806452
centerY: 0.6064405813622115
width: 0.039919354838709675
height: 0.03505272157309775
Area: 0.00039322847240735805
CentroidX: 0.1502
CentroidY: 0.6206
