Location: Dedata_25.png_Mean-Medain.png
Component: component_1755507392658_22.png
centerX: 0.719758064516129
centerY: 0.06241094328868624
width: 0.03225806451612903
height: 0.030777999430037048
Area: 0.0003919644416661304
CentroidX: 0.7383
CentroidY: 0.0762
