Location: Dedata_25.png_Mean-Medain.png
Component: component_1755507392824_311.png
centerX: 0.07822580645161291
centerY: 0.7469364491308065
width: 0.035483870967741936
height: 0.030208036477628954
Area: 0.0003450803923551421
CentroidX: 0.0987
CentroidY: 0.7601
