Location: Dedata_25.png_Gaussian-Median.png
Component: component_1755507393037_137.png
centerX: 0.014112903225806451
centerY: 0.28697634653747506
width: 0.03346774193548387
height: 0.026788258763180393
Area: 0.00025407017898675295
CentroidX: 0.0335
CentroidY: 0.2985
