Location: Dedata_25.png_Mean-Medain.png
Component: component_1755507392803_234.png
centerX: 0.3971774193548387
centerY: 0.5522941008834426
width: 0.03508064516129032
height: 0.027643203191792535
Area: 0.00036013384936430746
CentroidX: 0.4174
CentroidY: 0.5644
