Location: Dedata_25.png_Mean-Medain.png
Component: component_1755507392649_16.png
centerX: 0.45241935483870965
centerY: 0.020233684810487318
width: 0.03064516129032258
height: 0.028783129096608722
Area: 0.0003871381424723522
CentroidX: 0.4690
CentroidY: 0.0330
