Location: Dedata_25.png_Mean-Medain.png
Component: component_1755507392758_139.png
centerX: 0.6709677419354839
centerY: 0.29609575377600456
width: 0.034274193548387094
height: 0.02707324023938444
Area: 0.0003071594701183133
CentroidX: 0.6905
CentroidY: 0.3080
