Location: Dedata_25.png_Gaussian-Median.png
Component: component_1755507393032_114.png
centerX: 0.013306451612903225
centerY: 0.24251923624964378
width: 0.034274193548387094
height: 0.02707324023938444
Area: 0.0003189953943316265
CentroidX: 0.0339
CentroidY: 0.2543
