Location: Dedata_25.png_Gaussian-Closing.png
Component: component_1755507392932_258.png
centerX: 0.8879032258064516
centerY: 0.6320889142205757
width: 0.03346774193548387
height: 0.031062980906241093
Area: 0.0003158927734213405
CentroidX: 0.9069
CentroidY: 0.6442
