Location: Dedata_25.png_Gaussian-Closing.png
Component: component_1755507392924_224.png
centerX: 0.9544354838709678
centerY: 0.5351952123111998
width: 0.03306451612903226
height: 0.02963807352522086
Area: 0.000316237509078039
CentroidX: 0.9739
CentroidY: 0.5482
