Location: Dedata_25.png_Otsu.png
Component: component_1755507392442_33.png
centerX: 0.5653225806451613
centerY: 0.06640068395554288
width: 0.03790322580645161
height: 0.029353092049016812
Area: 0.0003904705871537705
CentroidX: 0.5866
CentroidY: 0.0793
