Location: Dedata_25.png_Gaussian-Median.png
Component: component_1755507393022_87.png
centerX: 0.4504032258064516
centerY: 0.19008264462809918
width: 0.03387096774193549
height: 0.02707324023938444
Area: 0.0002848665643184806
CentroidX: 0.4709
CentroidY: 0.2012
