Location: Dedata_25.png_Gaussian-Closing.png
Component: component_1755507392887_61.png
centerX: 0.722983870967742
centerY: 0.1444856084354517
width: 0.035483870967741936
height: 0.028783129096608722
Area: 0.00029992002132764594
CentroidX: 0.7449
CentroidY: 0.1569
