Location: Dedata_25.png_Gaussian-Closing.png
Component: component_1755507392943_300.png
centerX: 0.5076612903225807
centerY: 0.7392419492732972
width: 0.036290322580645164
height: 0.030208036477628954
Area: 0.00034002426939023155
CentroidX: 0.5286
CentroidY: 0.7526
