Location: Dedata_25.png_Mean-Medain.png
Component: component_1755507392653_19.png
centerX: 0.9576612903225806
centerY: 0.020518666286691366
width: 0.02903225806451613
height: 0.031062980906241093
Area: 0.00036473032478695337
CentroidX: 0.9721
CentroidY: 0.0333
