Location: Dedata_25.png_Otsu.png
Component: component_1755507392479_233.png
centerX: 0.46774193548387094
centerY: 0.4508406953548019
width: 0.039919354838709675
height: 0.029353092049016812
Area: 0.0003110664742275623
CentroidX: 0.4895
CentroidY: 0.4642
