Location: Dedata_25.png_Gaussian-Closing.png
Component: component_1755507392910_161.png
centerX: 0.2306451612903226
centerY: 0.35651182673126247
width: 0.04153225806451613
height: 0.026503277286976348
Area: 0.00033060149477380746
CentroidX: 0.2535
CentroidY: 0.3688
