Location: Dedata_25.png_Mean-Medain.png
Component: component_1755507392721_71.png
centerX: 0.17298387096774193
centerY: 0.15474494157879737
width: 0.03346774193548387
height: 0.026503277286976348
Area: 0.0003055507037203872
CentroidX: 0.1922
CentroidY: 0.1653
