Location: Dedata_25.png_Gaussian-Closing.png
Component: component_1755507392887_64.png
centerX: 0.5508064516129032
centerY: 0.15075520091194072
width: 0.0375
height: 0.02536335138216016
Area: 0.00029819634304415377
CentroidX: 0.5738
CentroidY: 0.1618
