Location: Dedata_25.png_Gaussian-Closing.png
Component: component_1755507392912_173.png
centerX: 0.632258064516129
centerY: 0.3907096038757481
width: 0.036290322580645164
height: 0.030493017953833
Area: 0.00038369078590536776
CentroidX: 0.6539
CentroidY: 0.4032
