Location: Dedata_25.png_Mean-Medain.png
Component: component_1755507392781_186.png
centerX: 0.07580645161290323
centerY: 0.4140780849244799
width: 0.03790322580645161
height: 0.025933314334568254
Area: 0.00038150746007961097
CentroidX: 0.0979
CentroidY: 0.4252
