Location: Dedata_25.png_Gaussian-Median.png
Component: component_1755507393095_294.png
centerX: 0.020161290322580645
centerY: 0.7019093758905671
width: 0.042741935483870966
height: 0.03134796238244514
Area: 0.0003485277489221265
CentroidX: 0.0451
CentroidY: 0.7143
