Location: Dedata_25.png_Gaussian-Closing.png
Component: component_1755507392939_283.png
centerX: 0.47701612903225804
centerY: 0.6959247648902821
width: 0.038306451612903226
height: 0.03277286976346538
Area: 0.0003405988288180623
CentroidX: 0.4969
CentroidY: 0.7101
