Location: Dedata_25.png_Gaussian-Median.png
Component: component_1755507393041_149.png
centerX: 0.1907258064516129
centerY: 0.31889427187232827
width: 0.03508064516129032
height: 0.024508406953548018
Area: 0.0002925656606514125
CentroidX: 0.2089
CentroidY: 0.3298
