Location: internet_8.png_Gaussian-Closing.png
Component: component_1755092787270_112.png
centerX: 0.5642885933091495
centerY: 0.3282007413743941
width: 0.06771463119709795
height: 0.018249215854006275
Area: 0.0005167301143667636
CentroidX: 0.5966
CentroidY: 0.3363
