Location: internet_8.png_Gaussian-Median.png
Component: component_1755092787394_49.png
centerX: 0.7887948407900041
centerY: 0.1151981750784146
width: 0.06328093510681176
height: 0.016823495865412035
Area: 0.000450070090716247
CentroidX: 0.8179
CentroidY: 0.1234
