Location: Kurtxevani_1764_page_10.png_Otsu.png
Component: component_1755610055891_1013.png
centerX: 0.23042071197411004
centerY: 0.35827876520112256
width: 0.020711974110032363
height: 0.009354536950420954
Area: 0.0001189751786898199
CentroidX: 0.2407
CentroidY: 0.3627
