Location: internet_8.png_Otsu.png
Component: component_1755092787188_1003.png
centerX: 0.4216041918581217
centerY: 0.8032506415739948
width: 0.05602579604997985
height: 0.020530367835757058
Area: 0.00038007706588320453
CentroidX: 0.4468
CentroidY: 0.8131
