Location: internet_8.png_Otsu.png
Component: component_1755092787168_790.png
centerX: 0.26158806932688433
centerY: 0.6626746506986028
width: 0.054816606207174524
height: 0.016253207869974338
Area: 0.0003606537141643471
CentroidX: 0.2867
CentroidY: 0.6698
