Location: internet_8.png_Gaussian-Median.png
Component: component_1755092787375_8.png
centerX: 0.1894397420395002
centerY: 0.01311662389506701
width: 0.0886739218057235
height: 0.025377815796977475
Area: 0.0008260096378901091
CentroidX: 0.2323
CentroidY: 0.0246
