Location: internet_8.png_Gaussian-Closing.png
Component: component_1755092787251_23.png
centerX: 0.08746473196291818
centerY: 0.06159110350727117
width: 0.058444175735590485
height: 0.023381807812945538
Area: 0.0005884471053286989
CentroidX: 0.1165
CentroidY: 0.0718
