Location: internet_8.png_Gaussian-Median.png
Component: component_1755092787659_222.png
centerX: 0.011688835147118097
centerY: 0.6233247790134018
width: 0.06449012494961709
height: 0.017964071856287425
Area: 0.0005075356283460028
CentroidX: 0.0426
CentroidY: 0.6324
