Location: internet_8.png_Otsu.png
Component: component_1755092787185_979.png
centerX: 0.06892382103990327
centerY: 0.7998289136013687
width: 0.053607416364369206
height: 0.01710863986313088
Area: 0.00027721375352594173
CentroidX: 0.0956
CentroidY: 0.8081
