Location: internet_8.png_Gaussian-Closing.png
Component: component_1755092787255_40.png
centerX: 0.8673921805723499
centerY: 0.11548331907613345
width: 0.056831922611850064
height: 0.015968063872255488
Area: 0.00038708786147403473
CentroidX: 0.8938
CentroidY: 0.1229
