Location: internet_8.png_Mean-Closing.png
Component: component_1755092786840_240.png
centerX: 0.7126158806932689
centerY: 0.8023952095808383
width: 0.06086255542120113
height: 0.020530367835757058
Area: 0.0005338548445804309
CentroidX: 0.7410
CentroidY: 0.8124
