Location: internet_8.png_Gaussian-Closing.png
Component: component_1755092787264_86.png
centerX: 0.6283756549778315
centerY: 0.24265754205873966
width: 0.06247480854494156
height: 0.018819503849443968
Area: 0.0005858036905977301
CentroidX: 0.6565
CentroidY: 0.2519
