Location: internet_8.png_Otsu.png
Component: component_1755092787105_470.png
centerX: 0.9081015719467956
centerY: 0.31622469347020243
width: 0.06650544135429262
height: 0.015968063872255488
Area: 0.0004711024774887376
CentroidX: 0.9409
CentroidY: 0.3241
