Location: Samociqulo_1709_page_10.png_Gaussian-Median.png
Component: component_1755610056221_2078.png
centerX: 0.2933660933660934
centerY: 0.4871875
width: 0.023095823095823097
height: 0.01
Area: 0.00012853194103194104
CentroidX: 0.3037
CentroidY: 0.4917
