Location: internet_8.png_Otsu.png
Component: component_1755092787082_310.png
centerX: 0.08424022571543732
centerY: 0.1420017108639863
width: 0.04030632809351068
height: 0.021100655831194755
Area: 0.0002733060969671183
CentroidX: 0.1059
CentroidY: 0.1520
