Location: internet_8.png_Mean-Closing.png
Component: component_1755092786815_122.png
centerX: 0.6154776299879081
centerY: 0.3652694610778443
width: 0.058444175735590485
height: 0.01853435985172512
Area: 0.0004991456598520584
CentroidX: 0.6420
CentroidY: 0.3738
