Location: internet_8.png_Mean-Closing.png
Component: component_1755092786841_242.png
centerX: 0.4212011285771866
centerY: 0.8032506415739948
width: 0.05642885933091495
height: 0.020815511833475905
Area: 0.0004737458922197064
CentroidX: 0.4478
CentroidY: 0.8129
