Location: internet_8.png_Mean-Closing.png
Component: component_1755092786828_181.png
centerX: 0.2535268037081822
centerY: 0.6196179070430567
width: 0.07134220072551391
height: 0.021100655831194755
Area: 0.0005889068296297369
CentroidX: 0.2863
CentroidY: 0.6294
