Location: internet_8.png_Mean-Closing.png
Component: component_1755092786805_72.png
centerX: 0.46997178557033453
centerY: 0.20644425434844596
width: 0.06972994760177348
height: 0.019389791844881665
Area: 0.0005528184719982503
CentroidX: 0.5030
CentroidY: 0.2150
