Location: internet_8.png_Gaussian-Closing.png
Component: component_1755092787288_185.png
centerX: 0.3349455864570738
centerY: 0.6201881950384944
width: 0.07134220072551391
height: 0.019104647847162818
Area: 0.0005573007839333713
CentroidX: 0.3689
CentroidY: 0.6298
