Location: Kurtxevani_1794_page_10.png_Mean-Medain.png
Component: component_1755610054892_1171.png
centerX: 0.5680888369374635
centerY: 0.33274570295284267
width: 0.01694915254237288
height: 0.010136624063464082
Area: 0.00012132111742158367
CentroidX: 0.5763
CentroidY: 0.3377
