Location: internet_8.png_Gaussian-Median.png
Component: component_1755092787399_81.png
centerX: 0.5066505441354293
centerY: 0.165098374679213
width: 0.058444175735590485
height: 0.020530367835757058
Area: 0.0005066161797439267
CentroidX: 0.5334
CentroidY: 0.1742
