Location: internet_8.png_Otsu.png
Component: component_1755092787120_496.png
centerX: 0.9157597742845627
centerY: 0.40461933276304535
width: 0.06690850463522773
height: 0.01996007984031936
Area: 0.0005178794251193588
CentroidX: 0.9459
CentroidY: 0.4142
