Location: internet_8.png_Otsu.png
Component: component_1755092787052_21.png
centerX: 0.6255542120112858
centerY: 0.04932991160536071
width: 0.06569931479242241
height: 0.020530367835757058
Area: 0.0003582401615838973
CentroidX: 0.6562
CentroidY: 0.0578
