Location: internet_8.png_Mean-Closing.png
Component: component_1755092786834_209.png
centerX: 0.4909310761789601
centerY: 0.7045908183632734
width: 0.06449012494961709
height: 0.017964071856287425
Area: 0.000509834249851193
CentroidX: 0.5210
CentroidY: 0.7128
