Location: internet_8.png_Otsu.png
Component: component_1755092787184_898.png
centerX: 0.8593309149536478
centerY: 0.7704590818363274
width: 0.060056428859330914
height: 0.01568291987453664
Area: 0.0003129573179316498
CentroidX: 0.8893
CentroidY: 0.7776
