Location: internet_8.png_Gaussian-Median.png
Component: component_1755092787395_52.png
centerX: 0.6844014510278114
centerY: 0.11690903906472769
width: 0.056831922611850064
height: 0.01996007984031936
Area: 0.000504432489313996
CentroidX: 0.7132
CentroidY: 0.1266
