Location: internet_8.png_Otsu.png
Component: component_1755092787099_456.png
centerX: 0.8899637243047158
centerY: 0.2808668377530653
width: 0.05562273276904474
height: 0.015397775876817793
Area: 0.0004035230052361449
CentroidX: 0.9158
CentroidY: 0.2884
