Location: internet_8.png_Otsu.png
Component: component_1755092787186_990.png
centerX: 0.27972591696896415
centerY: 0.8021100655831195
width: 0.05401047964530431
height: 0.01853435985172512
Area: 0.0002516990548183302
CentroidX: 0.3050
CentroidY: 0.8110
