Location: internet_8.png_Gaussian-Closing.png
Component: component_1755092787269_110.png
centerX: 0.7496977025392987
centerY: 0.3202167094382663
width: 0.06852075775896815
height: 0.014257199885942401
Area: 0.0004378873967387388
CentroidX: 0.7809
CentroidY: 0.3266
