Location: internet_8.png_Otsu.png
Component: component_1755092787128_520.png
centerX: 0.5485691253526803
centerY: 0.46706586826347307
width: 0.06328093510681176
height: 0.0213857998289136
Area: 0.0005099491809264525
CentroidX: 0.5782
CentroidY: 0.4771
