Location: internet_8.png_Gaussian-Median.png
Component: component_1755092787656_205.png
centerX: 0.42563482466747277
centerY: 0.5688622754491018
width: 0.07577589681580008
height: 0.019389791844881665
Area: 0.0006053419733918471
CentroidX: 0.4638
CentroidY: 0.5773
