Location: internet_8.png_Mean-Closing.png
Component: component_1755092786815_121.png
centerX: 0.6892382103990327
centerY: 0.3635585970915312
width: 0.055219669488109635
height: 0.019104647847162818
Area: 0.0005076505594212623
CentroidX: 0.7157
CentroidY: 0.3720
