Location: internet_8.png_Mean-Closing.png
Component: component_1755092786797_27.png
centerX: 0.550987505038291
centerY: 0.07784431137724551
width: 0.06892382103990327
height: 0.022526375819788995
Area: 0.0006370629501634722
CentroidX: 0.5832
CentroidY: 0.0888
