Location: internet_8.png_Mean-Closing.png
Component: component_1755092786799_39.png
centerX: 0.867795243853285
centerY: 0.1157684630738523
width: 0.05642885933091495
height: 0.01568291987453664
Area: 0.00043800232781399833
CentroidX: 0.8938
CentroidY: 0.1229
