Location: internet_8.png_Gaussian-Closing.png
Component: component_1755092787306_242.png
centerX: 0.34623135832325674
centerY: 0.8021100655831195
width: 0.058847239016525596
height: 0.020530367835757058
Area: 0.0003416900867465277
CentroidX: 0.3734
CentroidY: 0.8131
