Location: internet_8.png_Otsu.png
Component: component_1755092787174_852.png
centerX: 0.7827488915759774
centerY: 0.70544625035643
width: 0.055219669488109635
height: 0.016538351867693184
Area: 0.00035008005524047204
CentroidX: 0.8075
CentroidY: 0.7130
