Location: internet_8.png_Mean-Closing.png
Component: component_1755092786840_237.png
centerX: 0.27972591696896415
centerY: 0.8015397775876818
width: 0.05562273276904474
height: 0.019389791844881665
Area: 0.00039605248534427663
CentroidX: 0.3051
CentroidY: 0.8117
