Location: internet_8.png_Gaussian-Median.png
Component: component_1755092787385_36.png
centerX: 0.7186618299072954
centerY: 0.07755916737952666
width: 0.058444175735590485
height: 0.018249215854006275
Area: 0.0004914452778096712
CentroidX: 0.7464
CentroidY: 0.0863
