Location: internet_8.png_Otsu.png
Component: component_1755092787147_606.png
centerX: 0.008464328899637243
centerY: 0.5737097234103222
width: 0.06972994760177348
height: 0.018819503849443968
Area: 0.0005302919812473861
CentroidX: 0.0420
CentroidY: 0.5821
