Location: internet_8.png_Gaussian-Median.png
Component: component_1755092787373_4.png
centerX: 0.4723901652559452
centerY: 0.010835471913316224
width: 0.07295445384925434
height: 0.023381807812945538
Area: 0.0006887819340302524
CentroidX: 0.5061
CentroidY: 0.0216
