Location: internet_8.png_Mean-Closing.png
Component: component_1755092786830_189.png
centerX: 0.7343812978637646
centerY: 0.6253207869974337
width: 0.058444175735590485
height: 0.019674935842600515
Area: 0.000505122075765553
CentroidX: 0.7619
CentroidY: 0.6354
