Location: internet_8.png_Otsu.png
Component: component_1755092787170_847.png
centerX: 0.7106005642885933
centerY: 0.7040205303678357
width: 0.06086255542120113
height: 0.019104647847162818
Area: 0.00043041687684687054
CentroidX: 0.7387
CentroidY: 0.7134
