Location: internet_8.png_Otsu.png
Component: component_1755092787150_635.png
centerX: 0.16968964127367997
centerY: 0.6207584830339321
width: 0.06690850463522773
height: 0.020815511833475905
Area: 0.00048340010254150533
CentroidX: 0.2017
CentroidY: 0.6303
