Location: internet_8.png_Mean-Closing.png
Component: component_1755092786838_228.png
centerX: 0.6307940346634422
centerY: 0.7664670658682635
width: 0.06166868198307134
height: 0.014827487881380098
Area: 0.0004178893896435838
CentroidX: 0.6587
CentroidY: 0.7736
