Location: internet_8.png_Mean-Closing.png
Component: component_1755092786837_220.png
centerX: 0.1531640467553406
centerY: 0.761619617907043
width: 0.0761789600967352
height: 0.019674935842600515
Area: 0.0005625876133953087
CentroidX: 0.1895
CentroidY: 0.7717
