Location: internet_8.png_Mean-Closing.png
Component: component_1755092786792_2.png
centerX: 0.56590084643289
centerY: 0.00998003992015968
width: 0.06529625151148731
height: 0.023381807812945538
Area: 0.0006525786453235062
CentroidX: 0.5970
CentroidY: 0.0201
