Location: internet_8.png_Otsu.png
Component: component_1755092787134_531.png
centerX: 0.010882708585247884
centerY: 0.47533504419731964
width: 0.06287787182587666
height: 0.01853435985172512
Area: 0.00043237070512628224
CentroidX: 0.0414
CentroidY: 0.4837
