Location: internet_8.png_Gaussian-Median.png
Component: component_1755092787456_153.png
centerX: 0.4623135832325675
centerY: 0.3706871970345024
width: 0.06166868198307134
height: 0.01853435985172512
Area: 0.0004817910674878722
CentroidX: 0.4918
CentroidY: 0.3790
