Location: internet_8.png_Mean-Closing.png
Component: component_1755092786825_165.png
centerX: 0.25070536074163646
centerY: 0.5243798118049615
width: 0.06086255542120113
height: 0.023952095808383235
Area: 0.0006069510084454802
CentroidX: 0.2785
CentroidY: 0.5349
