Location: internet_8.png_Mean-Closing.png
Component: component_1755092786818_133.png
centerX: 0.7654171704957679
centerY: 0.4091816367265469
width: 0.058444175735590485
height: 0.01853435985172512
Area: 0.0004929393817880448
CentroidX: 0.7932
CentroidY: 0.4174
