Location: internet_8.png_Otsu.png
Component: component_1755092787109_480.png
centerX: 0.16041918581217252
centerY: 0.34302822925577414
width: 0.06328093510681176
height: 0.015968063872255488
Area: 0.0004817910674878722
CentroidX: 0.1892
CentroidY: 0.3505
