Location: internet_8.png_Mean-Closing.png
Component: component_1755092786811_100.png
centerX: 0.39338976219266425
centerY: 0.30253778157969774
width: 0.054816606207174524
height: 0.016253207869974338
Area: 0.000530751705548424
CentroidX: 0.4191
CentroidY: 0.3099
