Location: internet_8.png_Gaussian-Closing.png
Component: component_1755092787285_176.png
centerX: 0.1717049576783555
centerY: 0.5700028514399772
width: 0.06731156791616284
height: 0.020815511833475905
Area: 0.0005479913668373508
CentroidX: 0.2013
CentroidY: 0.5808
