Location: internet_8.png_Otsu.png
Component: component_1755092787152_647.png
centerX: 0.6561870213623539
centerY: 0.624750499001996
width: 0.06328093510681176
height: 0.019389791844881665
Area: 0.00041329214663320335
CentroidX: 0.6861
CentroidY: 0.6338
