Location: internet_8.png_Gaussian-Median.png
Component: component_1755092787410_116.png
centerX: 0.3385731559854897
centerY: 0.2583404619332763
width: 0.06972994760177348
height: 0.017678927858568578
Area: 0.0006039628004887329
CentroidX: 0.3709
CentroidY: 0.2668
