Location: internet_8.png_Otsu.png
Component: component_1755092787052_20.png
centerX: 0.7138250705360741
centerY: 0.04875962360992301
width: 0.05804111245465538
height: 0.01996007984031936
Area: 0.00037731872007697626
CentroidX: 0.7426
CentroidY: 0.0581
