Location: internet_8.png_Otsu.png
Component: component_1755092787132_526.png
centerX: 0.1725110842402257
centerY: 0.47305389221556887
width: 0.056831922611850064
height: 0.0213857998289136
Area: 0.000474780271897042
CentroidX: 0.1996
CentroidY: 0.4829
