Location: internet_8.png_Mean-Closing.png
Component: component_1755092786803_61.png
centerX: 0.29020556227327693
centerY: 0.17165668662674652
width: 0.06771463119709795
height: 0.01853435985172512
Area: 0.000494318554691159
CentroidX: 0.3169
CentroidY: 0.1814
