Location: internet_8.png_Otsu.png
Component: component_1755092787091_436.png
centerX: 0.4703748488512696
centerY: 0.2067293983461648
width: 0.06932688432083838
height: 0.018819503849443968
Area: 0.0004990307287767989
CentroidX: 0.5029
CentroidY: 0.2151
