Location: internet_8.png_Mean-Closing.png
Component: component_1755092786808_87.png
centerX: 0.33897621926642485
centerY: 0.25805531793555747
width: 0.06932688432083838
height: 0.018249215854006275
Area: 0.000639476502743922
CentroidX: 0.3708
CentroidY: 0.2667
