Location: internet_8.png_Mean-Closing.png
Component: component_1755092786811_103.png
centerX: 0.08101571946795647
centerY: 0.30538922155688625
width: 0.06247480854494156
height: 0.017964071856287425
Area: 0.0005582202325354473
CentroidX: 0.1086
CentroidY: 0.3147
