Location: internet_8.png_Mean-Closing.png
Component: component_1755092786793_11.png
centerX: 0.01652559451833938
centerY: 0.016253207869974338
width: 0.06489318823055219
height: 0.021956087824351298
Area: 0.0006824607248909792
CentroidX: 0.0475
CentroidY: 0.0270
