Location: Kurtxevani_1764_page_10.png_Otsu.png
Component: component_1755610055956_1467.png
centerX: 0.7540453074433657
centerY: 0.5991580916744621
width: 0.020711974110032363
height: 0.009822263797942002
Area: 0.00014924876105364176
CentroidX: 0.7641
CentroidY: 0.6039
