Location: internet_8.png_Mean-Closing.png
Component: component_1755092786830_190.png
centerX: 0.8125755743651754
centerY: 0.6253207869974337
width: 0.06650544135429262
height: 0.01853435985172512
Area: 0.000510064112001712
CentroidX: 0.8422
CentroidY: 0.6342
