Location: internet_8.png_Mean-Closing.png
Component: component_1755092786793_10.png
centerX: 0.8960096735187424
centerY: 0.015112631879098944
width: 0.05965336557839581
height: 0.020815511833475905
Area: 0.0006091346988754109
CentroidX: 0.9241
CentroidY: 0.0244
