Location: internet_8.png_Mean-Closing.png
Component: component_1755092786794_15.png
centerX: 0.6255542120112858
centerY: 0.04932991160536071
width: 0.06610237807335752
height: 0.020815511833475905
Area: 0.0004730563057681493
CentroidX: 0.6575
CentroidY: 0.0579
