Location: internet_8.png_Mean-Closing.png
Component: component_1755092786825_167.png
centerX: 0.479242241031842
centerY: 0.5240946678072427
width: 0.06731156791616284
height: 0.023666951810664385
Area: 0.0006763693779022252
CentroidX: 0.5126
CentroidY: 0.5347
