Location: internet_8.png_Otsu.png
Component: component_1755092787134_527.png
centerX: 0.24022571543732366
centerY: 0.47305389221556887
width: 0.06247480854494156
height: 0.023096663815226688
Area: 0.0005089148012491169
CentroidX: 0.2699
CentroidY: 0.4832
