Location: internet_8.png_Gaussian-Median.png
Component: component_1755092787492_184.png
centerX: 0.3196291817815397
centerY: 0.47305389221556887
width: 0.06166868198307134
height: 0.022526375819788995
Area: 0.0005483361600631294
CentroidX: 0.3497
CentroidY: 0.4835
