Location: internet_8.png_Otsu.png
Component: component_1755092787112_485.png
centerX: 0.6892382103990327
centerY: 0.3635585970915312
width: 0.055219669488109635
height: 0.018819503849443968
Area: 0.0004638618197473884
CentroidX: 0.7155
CentroidY: 0.3720
