Location: internet_8.png_Gaussian-Closing.png
Component: component_1755092787264_85.png
centerX: 0.7118097541313986
centerY: 0.2386655260906758
width: 0.07255139056831923
height: 0.020530367835757058
Area: 0.0007017691455345772
CentroidX: 0.7433
CentroidY: 0.2485
