Location: internet_8.png_Otsu.png
Component: component_1755092787058_58.png
centerX: 0.08786779524385328
centerY: 0.06159110350727117
width: 0.05763804917372027
height: 0.023381807812945538
Area: 0.000549370539740465
CentroidX: 0.1163
CentroidY: 0.0717
