Location: internet_8.png_Otsu.png
Component: component_1755092787128_523.png
centerX: 0.4772269246271665
centerY: 0.4716281722269746
width: 0.06690850463522773
height: 0.019674935842600515
Area: 0.0005309815676989431
CentroidX: 0.5075
CentroidY: 0.4813
