Location: internet_8.png_Gaussian-Median.png
Component: component_1755092787398_76.png
centerX: 0.7190648931882305
centerY: 0.15825491873396064
width: 0.06569931479242241
height: 0.021670943826632448
Area: 0.0005227065302802582
CentroidX: 0.7507
CentroidY: 0.1682
