Location: internet_8.png_Gaussian-Median.png
Component: component_1755092787723_274.png
centerX: 0.7803305118903668
centerY: 0.7670373538637012
width: 0.07174526400644901
height: 0.016253207869974338
Area: 0.0003785829619048309
CentroidX: 0.8124
CentroidY: 0.7757
