Location: internet_8.png_Otsu.png
Component: component_1755092787141_597.png
centerX: 0.6033857315598549
centerY: 0.568291987453664
width: 0.07255139056831923
height: 0.015968063872255488
Area: 0.00045144926361936113
CentroidX: 0.6355
CentroidY: 0.5756
