Location: internet_8.png_Gaussian-Median.png
Component: component_1755092787724_288.png
centerX: 0.14389359129383314
centerY: 0.801254633589963
width: 0.051189036678758564
height: 0.017678927858568578
Area: 0.00033238066965050726
CentroidX: 0.1687
CentroidY: 0.8108
