Location: internet_8.png_Gaussian-Median.png
Component: component_1755092787669_240.png
centerX: 0.18016928657799275
centerY: 0.6615340747077274
width: 0.06610237807335752
height: 0.017964071856287425
Area: 0.0004751250651228205
CentroidX: 0.2128
CentroidY: 0.6704
