Location: internet_8.png_Otsu.png
Component: component_1755092787178_879.png
centerX: 0.1531640467553406
centerY: 0.7619047619047619
width: 0.0761789600967352
height: 0.019104647847162818
Area: 0.0004837448957672839
CentroidX: 0.1884
CentroidY: 0.7716
