Location: internet_8.png_Gaussian-Closing.png
Component: component_1755092787264_87.png
centerX: 0.532043530834341
centerY: 0.24921585400627316
width: 0.07577589681580008
height: 0.01853435985172512
Area: 0.0006787829304826749
CentroidX: 0.5671
CentroidY: 0.2573
