Location: internet_8.png_Mean-Closing.png
Component: component_1755092786838_225.png
centerX: 0.48286981056025796
centerY: 0.7644710578842315
width: 0.058444175735590485
height: 0.017393783860849728
Area: 0.00044328915727593585
CentroidX: 0.5073
CentroidY: 0.7736
