Location: internet_8.png_Gaussian-Median.png
Component: component_1755092787661_227.png
centerX: 0.8125755743651754
centerY: 0.6253207869974337
width: 0.06690850463522773
height: 0.01853435985172512
Area: 0.0004850091375951385
CentroidX: 0.8423
CentroidY: 0.6342
