Location: internet_8.png_Mean-Closing.png
Component: component_1755092786803_59.png
centerX: 0.43409915356711004
centerY: 0.1679498146564015
width: 0.056831922611850064
height: 0.018249215854006275
Area: 0.00047753861770327027
CentroidX: 0.4612
CentroidY: 0.1757
