Location: internet_8.png_Gaussian-Closing.png
Component: component_1755092787275_138.png
centerX: 0.5409109230149134
centerY: 0.4134587966923296
width: 0.06731156791616284
height: 0.019674935842600515
Area: 0.0005330503270536143
CentroidX: 0.5723
CentroidY: 0.4225
