Location: internet_8.png_Otsu.png
Component: component_1755092787169_794.png
centerX: 0.8460298266827891
centerY: 0.6646706586826348
width: 0.06368399838774688
height: 0.019389791844881665
Area: 0.00045064474609254456
CentroidX: 0.8745
CentroidY: 0.6736
