Location: internet_8.png_Mean-Closing.png
Component: component_1755092786836_217.png
centerX: 0.010882708585247884
centerY: 0.7094382663244939
width: 0.054816606207174524
height: 0.01710863986313088
Area: 0.000509374525550155
CentroidX: 0.0363
CentroidY: 0.7181
