Location: internet_8.png_Mean-Closing.png
Component: component_1755092786823_155.png
centerX: 0.010479645304312777
centerY: 0.4750499001996008
width: 0.06287787182587666
height: 0.018819503849443968
Area: 0.0004886869320034428
CentroidX: 0.0416
CentroidY: 0.4838
