Location: internet_8.png_Mean-Closing.png
Component: component_1755092786815_119.png
centerX: 0.833937928254736
centerY: 0.358426005132592
width: 0.06449012494961709
height: 0.018249215854006275
Area: 0.0005277634975916767
CentroidX: 0.8630
CentroidY: 0.3677
