Location: internet_8.png_Gaussian-Closing.png
Component: component_1755092787275_137.png
centerX: 0.6195082627972591
centerY: 0.4126033646991731
width: 0.0592503022974607
height: 0.021100655831194755
Area: 0.0005155808036141686
CentroidX: 0.6462
CentroidY: 0.4223
