Location: internet_8.png_Otsu.png
Component: component_1755092787091_437.png
centerX: 0.39298669891172916
centerY: 0.20958083832335328
width: 0.062071745264006446
height: 0.018249215854006275
Area: 0.00043926656964185295
CentroidX: 0.4223
CentroidY: 0.2172
