Location: Kurtxevani_1764_page_10.png_Otsu.png
Component: component_1755610055854_751.png
centerX: 0.3022653721682848
centerY: 0.23573433115060805
width: 0.019417475728155338
height: 0.009354536950420954
Area: 0.00010323291586063254
CentroidX: 0.3124
CentroidY: 0.2402
