Location: internet_8.png_Otsu.png
Component: component_1755092787087_352.png
centerX: 0.43611446997178555
centerY: 0.1679498146564015
width: 0.05401047964530431
height: 0.017678927858568578
Area: 0.0003431841907249013
CentroidX: 0.4594
CentroidY: 0.1749
