Location: internet_8.png_Mean-Closing.png
Component: component_1755092786839_235.png
centerX: 0.6444981862152358
centerY: 0.8009694895922441
width: 0.05038291011688835
height: 0.021100655831194755
Area: 0.00046822920060724985
CentroidX: 0.6696
CentroidY: 0.8116
