Location: internet_8.png_Otsu.png
Component: component_1755092787091_439.png
centerX: 0.22813381700927046
centerY: 0.21442828628457372
width: 0.06610237807335752
height: 0.017678927858568578
Area: 0.00045570171340396305
CentroidX: 0.2590
CentroidY: 0.2223
