Location: internet_8.png_Gaussian-Median.png
Component: component_1755092787402_94.png
centerX: 0.8935912938331319
centerY: 0.1947533504419732
width: 0.06569931479242241
height: 0.017964071856287425
Area: 0.0005777585153295643
CentroidX: 0.9246
CentroidY: 0.2037
