Location: Kurtxevani_1794_page_10.png_Mean-Medain.png
Component: component_1755610054709_674.png
centerX: 0.39099941554646406
centerY: 0.15645658880564126
width: 0.01636469900642899
height: 0.009255178492728075
Area: 0.00012363935533409802
CentroidX: 0.3988
CentroidY: 0.1608
