Location: internet_8.png_Gaussian-Closing.png
Component: component_1755092787296_216.png
centerX: 0.3264812575574365
centerY: 0.7060165383518677
width: 0.056831922611850064
height: 0.01996007984031936
Area: 0.00045937950781226744
CentroidX: 0.3543
CentroidY: 0.7155
