Location: Kurtxevani_1794_page_10.png_Mean-Medain.png
Component: component_1755610055079_2347.png
centerX: 0.5563997662185857
centerY: 0.742617893345086
width: 0.023378141437755698
height: 0.014543851917144116
Area: 0.0001599584159634893
CentroidX: 0.5659
CentroidY: 0.7492
