Location: internet_8.png_Gaussian-Median.png
Component: component_1755092787724_284.png
centerX: 0.56590084643289
centerY: 0.7998289136013687
width: 0.06086255542120113
height: 0.020245223838038208
Area: 0.0004494954353399495
CentroidX: 0.5950
CentroidY: 0.8090
