Location: internet_8.png_Gaussian-Closing.png
Component: component_1755092787256_45.png
centerX: 0.6082224909310762
centerY: 0.12318220701454234
width: 0.06529625151148731
height: 0.018249215854006275
Area: 0.0005274187043658983
CentroidX: 0.6393
CentroidY: 0.1316
