Location: internet_8.png_Mean-Closing.png
Component: component_1755092786807_81.png
centerX: 0.8750503829101169
centerY: 0.23609923011120615
width: 0.06610237807335752
height: 0.018249215854006275
Area: 0.0006144215283373485
CentroidX: 0.9060
CentroidY: 0.2443
