Location: internet_8.png_Mean-Closing.png
Component: component_1755092786801_45.png
centerX: 0.6082224909310762
centerY: 0.12318220701454234
width: 0.06529625151148731
height: 0.018249215854006275
Area: 0.0005805168611357926
CentroidX: 0.6388
CentroidY: 0.1316
