Location: internet_8.png_Mean-Closing.png
Component: component_1755092786830_191.png
centerX: 0.8964127367996776
centerY: 0.6256059309951526
width: 0.05441354292623942
height: 0.018819503849443968
Area: 0.0004412203979212646
CentroidX: 0.9212
CentroidY: 0.6353
