Location: internet_8.png_Mean-Closing.png
Component: component_1755092786839_232.png
centerX: 0.06852075775896815
centerY: 0.799258625605931
width: 0.055219669488109635
height: 0.017678927858568578
Area: 0.00040432752276296145
CentroidX: 0.0958
CentroidY: 0.8080
