Location: internet_8.png_Otsu.png
Component: component_1755092787088_365.png
centerX: 0.1479242241031842
centerY: 0.17678927858568577
width: 0.06287787182587666
height: 0.020245223838038208
Area: 0.0004059365578165946
CentroidX: 0.1771
CentroidY: 0.1864
