Location: internet_8.png_Mean-Closing.png
Component: component_1755092786833_204.png
centerX: 0.920596533655784
centerY: 0.6652409466780724
width: 0.06247480854494156
height: 0.017964071856287425
Area: 0.0005154658725389091
CentroidX: 0.9497
CentroidY: 0.6739
