Location: internet_8.png_Otsu.png
Component: component_1755092787050_4.png
centerX: 0.2893994357114067
centerY: 0.012546335899629312
width: 0.0826279725916969
height: 0.02566295979469632
Area: 0.0008012994567093141
CentroidX: 0.3318
CentroidY: 0.0235
