Location: internet_8.png_Gaussian-Median.png
Component: component_1755092787404_106.png
centerX: 0.07496977025392987
centerY: 0.21956087824351297
width: 0.0592503022974607
height: 0.018249215854006275
Area: 0.0004467370895337212
CentroidX: 0.1042
CentroidY: 0.2278
