Location: internet_8.png_Otsu.png
Component: component_1755092787179_882.png
centerX: 0.39822652156388555
centerY: 0.7641859138865127
width: 0.06368399838774688
height: 0.020815511833475905
Area: 0.0003831802049152113
CentroidX: 0.4278
CentroidY: 0.7744
