Location: internet_8.png_Gaussian-Median.png
Component: component_1755092787486_177.png
centerX: 0.5485691253526803
centerY: 0.46678072426575423
width: 0.06368399838774688
height: 0.021670943826632448
Area: 0.000559484474363302
CentroidX: 0.5790
CentroidY: 0.4772
