Location: internet_8.png_Mean-Closing.png
Component: component_1755092786808_84.png
centerX: 0.6283756549778315
centerY: 0.24237239806102082
width: 0.06247480854494156
height: 0.019104647847162818
Area: 0.0006186739781219503
CentroidX: 0.6564
CentroidY: 0.2519
