Location: internet_8.png_Otsu.png
Component: component_1755092787184_977.png
centerX: 0.008464328899637243
centerY: 0.7966923296264614
width: 0.04554615074566707
height: 0.015112631879098944
Area: 0.00027640923599912517
CentroidX: 0.0285
CentroidY: 0.8047
