Location: internet_8.png_Gaussian-Closing.png
Component: component_1755092787267_101.png
centerX: 0.45908907698508666
centerY: 0.2979754776161962
width: 0.06166868198307134
height: 0.017393783860849728
Area: 0.0005620129580190112
CentroidX: 0.4879
CentroidY: 0.3059
