Location: internet_8.png_Gaussian-Closing.png
Component: component_1755092787296_217.png
centerX: 0.16283756549778317
centerY: 0.7068719703450242
width: 0.06368399838774688
height: 0.018819503849443968
Area: 0.000519488460172992
CentroidX: 0.1926
CentroidY: 0.7158
