Location: internet_8.png_Gaussian-Median.png
Component: component_1755092787659_220.png
centerX: 0.16968964127367997
centerY: 0.6204733390362133
width: 0.07214832728738411
height: 0.0213857998289136
Area: 0.0005964922805968647
CentroidX: 0.2045
CentroidY: 0.6309
