Location: internet_8.png_Gaussian-Closing.png
Component: component_1755092787252_29.png
centerX: 0.7186618299072954
centerY: 0.07755916737952666
width: 0.05804111245465538
height: 0.018249215854006275
Area: 0.0004883421387776644
CentroidX: 0.7464
CentroidY: 0.0863
