Location: internet_8.png_Gaussian-Median.png
Component: component_1755092787401_85.png
centerX: 0.22208786779524387
centerY: 0.17593384659252922
width: 0.06086255542120113
height: 0.019104647847162818
Area: 0.00042248663265396423
CentroidX: 0.2515
CentroidY: 0.1854
