Location: internet_8.png_Otsu.png
Component: component_1755092787169_795.png
centerX: 0.09068923821039904
centerY: 0.6652409466780724
width: 0.07134220072551391
height: 0.016538351867693184
Area: 0.00038444444674306594
CentroidX: 0.1245
CentroidY: 0.6729
