Location: internet_8.png_Otsu.png
Component: component_1755092787167_781.png
centerX: 0.6831922611850061
centerY: 0.6606786427145709
width: 0.058444175735590485
height: 0.017678927858568578
Area: 0.0004489207799636519
CentroidX: 0.7101
CentroidY: 0.6691
