Location: internet_8.png_Mean-Closing.png
Component: component_1755092786826_171.png
centerX: 0.6029826682789198
centerY: 0.5680068434559452
width: 0.07295445384925434
height: 0.016538351867693184
Area: 0.0005344294999567285
CentroidX: 0.6364
CentroidY: 0.5759
