Location: Kurtxevani_1794_page_10.png_Mean-Medain.png
Component: component_1755610055064_2240.png
centerX: 0.5499707773232028
centerY: 0.7060379021595417
width: 0.025131502045587374
height: 0.013662406346408109
Area: 0.00021173239600964284
CentroidX: 0.5620
CentroidY: 0.7129
