Location: internet_8.png_Mean-Closing.png
Component: component_1755092786794_14.png
centerX: 0.7138250705360741
centerY: 0.04847447961220416
width: 0.058847239016525596
height: 0.020245223838038208
Area: 0.0004650111304999835
CentroidX: 0.7430
CentroidY: 0.0582
