Location: internet_8.png_Otsu.png
Component: component_1755092787101_461.png
centerX: 0.6078194276501411
centerY: 0.2919874536641004
width: 0.053607416364369206
height: 0.01710863986313088
Area: 0.0004301870146963515
CentroidX: 0.6323
CentroidY: 0.2998
