Location: internet_8.png_Mean-Closing.png
Component: component_1755092786831_196.png
centerX: 0.4139459895203547
centerY: 0.6586826347305389
width: 0.06972994760177348
height: 0.018249215854006275
Area: 0.0005314412919999812
CentroidX: 0.4449
CentroidY: 0.6675
