Location: internet_8.png_Mean-Closing.png
Component: component_1755092786829_185.png
centerX: 0.16968964127367997
centerY: 0.6204733390362133
width: 0.0709391374445788
height: 0.0213857998289136
Area: 0.0006130423554342343
CentroidX: 0.2040
CentroidY: 0.6307
