Location: internet_8.png_Gaussian-Median.png
Component: component_1755092787658_217.png
centerX: 0.5106811769447803
centerY: 0.6193327630453379
width: 0.062071745264006446
height: 0.021956087824351298
Area: 0.0005721268926418482
CentroidX: 0.5401
CentroidY: 0.6301
