Location: internet_8.png_Gaussian-Median.png
Component: component_1755092787402_95.png
centerX: 0.8037081821846029
centerY: 0.19532363843741088
width: 0.0773881499395405
height: 0.018819503849443968
Area: 0.0005431642616764513
CentroidX: 0.8391
CentroidY: 0.2042
