Location: internet_8.png_Gaussian-Closing.png
Component: component_1755092787307_248.png
centerX: 0.9355098750503829
centerY: 0.8078129455374964
width: 0.051189036678758564
height: 0.019389791844881665
Area: 0.00039846603792472634
CentroidX: 0.9579
CentroidY: 0.8177
