Location: internet_8.png_Otsu.png
Component: component_1755092787093_445.png
centerX: 0.8750503829101169
centerY: 0.23609923011120615
width: 0.06610237807335752
height: 0.018249215854006275
Area: 0.0005623577512447898
CentroidX: 0.9062
CentroidY: 0.2442
