Location: internet_8.png_Mean-Closing.png
Component: component_1755092786802_51.png
centerX: 0.01007658202337767
centerY: 0.1442828628457371
width: 0.06287787182587666
height: 0.021100655831194755
Area: 0.0005853439662966921
CentroidX: 0.0410
CentroidY: 0.1542
