Location: internet_8.png_Gaussian-Closing.png
Component: component_1755092787289_189.png
centerX: 0.58484482063684
centerY: 0.6238950670088395
width: 0.05562273276904474
height: 0.018819503849443968
Area: 0.0004042125916877019
CentroidX: 0.6110
CentroidY: 0.6336
