Location: internet_8.png_Gaussian-Median.png
Component: component_1755092787374_6.png
centerX: 0.8024989923417977
centerY: 0.012261191901910464
width: 0.07335751713018944
height: 0.023952095808383235
Area: 0.0006938389013416709
CentroidX: 0.8401
CentroidY: 0.0229
