Location: internet_8.png_Otsu.png
Component: component_1755092787061_100.png
centerX: 0.7960499798468359
centerY: 0.07869974337040206
width: 0.058444175735590485
height: 0.018249215854006275
Area: 0.00045167912576988016
CentroidX: 0.8227
CentroidY: 0.0876
