Location: internet_8.png_Gaussian-Closing.png
Component: component_1755092787276_142.png
centerX: 0.2470777912132205
centerY: 0.4262902765896778
width: 0.0592503022974607
height: 0.017964071856287425
Area: 0.000465126061575243
CentroidX: 0.2715
CentroidY: 0.4352
