Location: internet_8.png_Mean-Closing.png
Component: component_1755092786824_159.png
centerX: 0.8020959290608626
centerY: 0.5201026518391788
width: 0.07456670697299476
height: 0.017678927858568578
Area: 0.0005867231391998061
CentroidX: 0.8371
CentroidY: 0.5288
