Location: internet_8.png_Gaussian-Closing.png
Component: component_1755092787256_49.png
centerX: 0.16888351471180976
centerY: 0.1371542629027659
width: 0.06449012494961709
height: 0.020245223838038208
Area: 0.000554312575976624
CentroidX: 0.1999
CentroidY: 0.1464
