Location: internet_8.png_Gaussian-Median.png
Component: component_1755092787678_249.png
centerX: 0.8468359532446594
centerY: 0.7040205303678357
width: 0.06932688432083838
height: 0.01853435985172512
Area: 0.0004721368571660732
CentroidX: 0.8797
CentroidY: 0.7119
