Location: internet_8.png_Otsu.png
Component: component_1755092787121_498.png
centerX: 0.7658202337767029
centerY: 0.40946678072426573
width: 0.05804111245465538
height: 0.017964071856287425
Area: 0.0004328304294273203
CentroidX: 0.7926
CentroidY: 0.4173
