Location: internet_8.png_Gaussian-Closing.png
Component: component_1755092787297_220.png
centerX: 0.0036275695284159614
centerY: 0.7559167379526661
width: 0.06247480854494156
height: 0.023952095808383235
Area: 0.000459494438887527
CentroidX: 0.0322
CentroidY: 0.7679
