Location: internet_8.png_Otsu.png
Component: component_1755092787141_594.png
centerX: 0.9230149133413946
centerY: 0.5614485315084118
width: 0.06408706166868199
height: 0.016538351867693184
Area: 0.0004129473534074248
CentroidX: 0.9496
CentroidY: 0.5691
