Location: internet_8.png_Mean-Closing.png
Component: component_1755092786798_32.png
centerX: 0.3305118903667876
centerY: 0.0926717992586256
width: 0.05441354292623942
height: 0.019104647847162818
Area: 0.00044765653813579726
CentroidX: 0.3546
CentroidY: 0.1016
