Location: internet_8.png_Gaussian-Median.png
Component: component_1755092787527_190.png
centerX: 0.8020959290608626
centerY: 0.5201026518391788
width: 0.07456670697299476
height: 0.017678927858568578
Area: 0.0005643115795242015
CentroidX: 0.8372
CentroidY: 0.5288
