Location: internet_8.png_Otsu.png
Component: component_1755092787149_632.png
centerX: 0.4183796856106409
centerY: 0.6193327630453379
width: 0.07900040306328093
height: 0.0213857998289136
Area: 0.00047834313523008684
CentroidX: 0.4541
CentroidY: 0.6286
