Location: internet_8.png_Gaussian-Closing.png
Component: component_1755092787283_170.png
centerX: 0.9230149133413946
centerY: 0.5614485315084118
width: 0.06449012494961709
height: 0.017393783860849728
Area: 0.00047121740856399715
CentroidX: 0.9504
CentroidY: 0.5694
