Location: internet_8.png_Otsu.png
Component: component_1755092787083_335.png
centerX: 0.8883514711809755
centerY: 0.15654405474764757
width: 0.07335751713018944
height: 0.020245223838038208
Area: 0.0005035130407119199
CentroidX: 0.9209
CentroidY: 0.1660
