Location: Kurtxevani_1794_page_10.png_Mean-Medain.png
Component: component_1755610055061_2229.png
centerX: 0.4488603156049094
centerY: 0.7047157338034377
width: 0.02396259497369959
height: 0.014543851917144116
Area: 0.000208383830136011
CentroidX: 0.4597
CentroidY: 0.7118
