Location: internet_8.png_Gaussian-Median.png
Component: component_1755092787459_158.png
centerX: 0.08020959290608626
centerY: 0.38294838893641286
width: 0.06529625151148731
height: 0.017393783860849728
Area: 0.0004921348642612282
CentroidX: 0.1106
CentroidY: 0.3902
