Location: internet_8.png_Gaussian-Median.png
Component: component_1755092787723_275.png
centerX: 0.8573155985489722
centerY: 0.7693185058454519
width: 0.06650544135429262
height: 0.017393783860849728
Area: 0.0004390367074913339
CentroidX: 0.8882
CentroidY: 0.7774
