Location: internet_8.png_Otsu.png
Component: component_1755092787107_475.png
centerX: 0.3857315598548972
centerY: 0.33219275734245796
width: 0.08464328899637243
height: 0.019104647847162818
Area: 0.0005553469556539596
CentroidX: 0.4274
CentroidY: 0.3408
