Location: internet_8.png_Gaussian-Median.png
Component: component_1755092787399_78.png
centerX: 0.6505441354292624
centerY: 0.16224693470202453
width: 0.05804111245465538
height: 0.01996007984031936
Area: 0.0005039727650129579
CentroidX: 0.6784
CentroidY: 0.1719
