Location: internet_8.png_Gaussian-Median.png
Component: component_1755092787463_161.png
centerX: 0.8367593712212817
centerY: 0.40633019674935844
width: 0.06408706166868199
height: 0.019389791844881665
Area: 0.0005135120442594974
CentroidX: 0.8662
CentroidY: 0.4159
