Location: internet_8.png_Mean-Closing.png
Component: component_1755092786840_241.png
centerX: 0.7875856509471987
centerY: 0.8026803535785572
width: 0.05602579604997985
height: 0.021100655831194755
Area: 0.0005151210793131305
CentroidX: 0.8142
CentroidY: 0.8123
