Location: internet_8.png_Gaussian-Median.png
Component: component_1755092787455_150.png
centerX: 0.6888351471180976
centerY: 0.3635585970915312
width: 0.05602579604997985
height: 0.018819503849443968
Area: 0.00048627337942299314
CentroidX: 0.7157
CentroidY: 0.3720
