Location: Dedata_3.png_Mean-Medain.png
Component: component_1755523486079_73.png
centerX: 0.505241935483871
centerY: 0.1920775149615275
width: 0.05
height: 0.02108862923909946
Area: 0.0005923707700934923
CentroidX: 0.5276
CentroidY: 0.2018
