Location: internet_8.png_Mean-Closing.png
Component: component_1755092786832_199.png
centerX: 0.6831922611850061
centerY: 0.660393498716852
width: 0.05965336557839581
height: 0.018249215854006275
Area: 0.000499490453077837
CentroidX: 0.7107
CentroidY: 0.6693
