Location: Kurtxevani_1794_page_10.png_Mean-Medain.png
Component: component_1755610054807_750.png
centerX: 0.3015780245470485
centerY: 0.18201851035698546
width: 0.018118059614260665
height: 0.010136624063464082
Area: 0.00013420021693555221
CentroidX: 0.3104
CentroidY: 0.1867
