Location: Kurtxevani_1794_page_10.png_Mean-Medain.png
Component: component_1755610054992_1600.png
centerX: 0.380479251899474
centerY: 0.4618774790656677
width: 0.01694915254237288
height: 0.009695901278096077
Area: 0.00011127541980068821
CentroidX: 0.3881
CentroidY: 0.4660
