Location: internet_8.png_Mean-Closing.png
Component: component_1755092786820_143.png
centerX: 0.009673518742442563
centerY: 0.42771599657827203
width: 0.06449012494961709
height: 0.020530367835757058
Area: 0.0005023637299593248
CentroidX: 0.0405
CentroidY: 0.4375
