Location: internet_8.png_Mean-Closing.png
Component: component_1755092786832_197.png
centerX: 0.5937122128174124
centerY: 0.6589677787282577
width: 0.06610237807335752
height: 0.01853435985172512
Area: 0.0005460375385579391
CentroidX: 0.6231
CentroidY: 0.6683
