Location: internet_8.png_Gaussian-Closing.png
Component: component_1755092787254_38.png
centerX: 0.9330914953647723
centerY: 0.11234673510122611
width: 0.06287787182587666
height: 0.015968063872255488
Area: 0.0004311064632984276
CentroidX: 0.9651
CentroidY: 0.1204
