Location: internet_8.png_Gaussian-Closing.png
Component: component_1755092787256_47.png
centerX: 0.343409915356711
centerY: 0.1283147989734816
width: 0.06126561870213623
height: 0.020815511833475905
Area: 0.0005853439662966921
CentroidX: 0.3727
CentroidY: 0.1382
