Location: internet_8.png_Gaussian-Closing.png
Component: component_1755092787307_245.png
centerX: 0.4212011285771866
centerY: 0.8032506415739948
width: 0.05642885933091495
height: 0.020530367835757058
Area: 0.000440186018243929
CentroidX: 0.4480
CentroidY: 0.8130
