Location: internet_8.png_Gaussian-Median.png
Component: component_1755092787404_104.png
centerX: 0.22813381700927046
centerY: 0.21442828628457372
width: 0.06610237807335752
height: 0.017678927858568578
Area: 0.000490755691358114
CentroidX: 0.2594
CentroidY: 0.2223
