Location: internet_8.png_Otsu.png
Component: component_1755092787092_442.png
centerX: 0.006045949214026602
centerY: 0.22127174222982607
width: 0.05804111245465538
height: 0.01853435985172512
Area: 0.00047052782211244007
CentroidX: 0.0321
CentroidY: 0.2302
