Location: internet_8.png_Otsu.png
Component: component_1755092787098_451.png
centerX: 0.33897621926642485
centerY: 0.2583404619332763
width: 0.06932688432083838
height: 0.017678927858568578
Area: 0.000575230031673855
CentroidX: 0.3707
CentroidY: 0.2668
