Location: internet_8.png_Mean-Closing.png
Component: component_1755092786812_108.png
centerX: 0.7496977025392987
centerY: 0.3202167094382663
width: 0.06852075775896815
height: 0.01454234388366125
Area: 0.0004580003349091533
CentroidX: 0.7807
CentroidY: 0.3267
