Location: Samociqulo_1709_page_10.png_Gaussian-Median.png
Component: component_1755610056197_1854.png
centerX: 0.6157248157248157
centerY: 0.409375
width: 0.022604422604422605
height: 0.0078125
Area: 0.00011332923832923833
CentroidX: 0.6260
CentroidY: 0.4128
