Location: internet_8.png_Otsu.png
Component: component_1755092787145_603.png
centerX: 0.24909310761789602
centerY: 0.570287995437696
width: 0.08182184602982669
height: 0.021100655831194755
Area: 0.0005677595117819868
CentroidX: 0.2861
CentroidY: 0.5805
