Location: internet_8.png_Gaussian-Median.png
Component: component_1755092787456_154.png
centerX: 0.39822652156388555
centerY: 0.3735386370116909
width: 0.051189036678758564
height: 0.018249215854006275
Area: 0.00044742667598527823
CentroidX: 0.4231
CentroidY: 0.3824
