Location: internet_8.png_Otsu.png
Component: component_1755092787091_438.png
centerX: 0.31035872632003225
centerY: 0.21157684630738524
width: 0.06972994760177348
height: 0.017393783860849728
Area: 0.00043547384415828903
CentroidX: 0.3431
CentroidY: 0.2190
