Location: internet_8.png_Mean-Closing.png
Component: component_1755092786841_245.png
centerX: 0.9355098750503829
centerY: 0.8078129455374964
width: 0.051189036678758564
height: 0.019389791844881665
Area: 0.00044627736523268315
CentroidX: 0.9583
CentroidY: 0.8177
