Location: internet_8.png_Gaussian-Median.png
Component: component_1755092787397_73.png
centerX: 0.01007658202337767
centerY: 0.1442828628457371
width: 0.06328093510681176
height: 0.0213857998289136
Area: 0.0005592546122127829
CentroidX: 0.0414
CentroidY: 0.1543
