Location: internet_8.png_Gaussian-Median.png
Component: component_1755092787400_84.png
centerX: 0.290608625554212
centerY: 0.17165668662674652
width: 0.06731156791616284
height: 0.01853435985172512
Area: 0.00046753961415569277
CentroidX: 0.3177
CentroidY: 0.1814
