Location: internet_8.png_Mean-Closing.png
Component: component_1755092786821_148.png
centerX: 0.7267230955259976
centerY: 0.4679213002566296
width: 0.06086255542120113
height: 0.020245223838038208
Area: 0.0005667251321046511
CentroidX: 0.7545
CentroidY: 0.4781
