Location: internet_8.png_Gaussian-Median.png
Component: component_1755092787403_103.png
centerX: 0.30995566303909716
centerY: 0.21157684630738524
width: 0.07013301088270858
height: 0.017678927858568578
Area: 0.00047236671931659224
CentroidX: 0.3432
CentroidY: 0.2190
