Location: internet_8.png_Otsu.png
Component: component_1755092787187_996.png
centerX: 0.34623135832325674
centerY: 0.8023952095808383
width: 0.03869407496977025
height: 0.019674935842600515
Area: 0.00016067364321279708
CentroidX: 0.3645
CentroidY: 0.8131
