Location: internet_8.png_Gaussian-Median.png
Component: component_1755092787408_113.png
centerX: 0.6283756549778315
centerY: 0.24265754205873966
width: 0.06287787182587666
height: 0.018819503849443968
Area: 0.0005871828635008442
CentroidX: 0.6565
CentroidY: 0.2519
