Location: internet_8.png_Gaussian-Closing.png
Component: component_1755092787270_114.png
centerX: 0.48770656993147926
centerY: 0.33219275734245796
width: 0.06368399838774688
height: 0.017678927858568578
Area: 0.0004620229225432362
CentroidX: 0.5164
CentroidY: 0.3409
