Location: internet_8.png_Otsu.png
Component: component_1755092787181_883.png
centerX: 0.48327287384119305
centerY: 0.7647562018819504
width: 0.05804111245465538
height: 0.016823495865412035
Area: 0.00036950340695932944
CentroidX: 0.5064
CentroidY: 0.7736
