Location: internet_8.png_Mean-Closing.png
Component: component_1755092786834_208.png
centerX: 0.8468359532446594
centerY: 0.7040205303678357
width: 0.06852075775896815
height: 0.01853435985172512
Area: 0.0004917900710354496
CentroidX: 0.8796
CentroidY: 0.7120
