Location: internet_8.png_Gaussian-Closing.png
Component: component_1755092787257_51.png
centerX: 0.08383716243450222
centerY: 0.14114627887082976
width: 0.06650544135429262
height: 0.022241231822070145
Area: 0.0005735060655449624
CentroidX: 0.1164
CentroidY: 0.1513
