Location: internet_8.png_Otsu.png
Component: component_1755092787175_856.png
centerX: 0.16283756549778317
centerY: 0.7071571143427431
width: 0.06368399838774688
height: 0.01853435985172512
Area: 0.0004915602088849307
CentroidX: 0.1925
CentroidY: 0.7158
