Location: Dedata_5.png_Gaussian-Median.png
Component: component_1755523055294_98.png
centerX: 0.3467741935483871
centerY: 0.24565403248788828
width: 0.021370967741935483
height: 0.04189227700199487
Area: 0.00039299864863622577
CentroidX: 0.3563
CentroidY: 0.2681
