Location: Dedata_5.png_Mean-Closing.png
Component: component_1755523055813_147.png
centerX: 0.730241935483871
centerY: 0.39925904816186947
width: 0.025
height: 0.04474209176403534
Area: 0.0004658527840851635
CentroidX: 0.7422
CentroidY: 0.4232
