Location: Dedata_5.png_Mean-Medain.png
Component: component_1755523055679_93.png
centerX: 0.44193548387096776
centerY: 0.24194927329723567
width: 0.02338709677419355
height: 0.04331718438301511
Area: 0.00043689498892249425
CentroidX: 0.4528
CentroidY: 0.2662
