Location: Dedata_5.png_Mean-Medain.png
Component: component_1755523055696_170.png
centerX: 0.8689516129032258
centerY: 0.4591051581647193
width: 0.02661290322580645
height: 0.04531205471644343
Area: 0.00046998961196554484
CentroidX: 0.8823
CentroidY: 0.4824
