Location: Dedata_5.png_Mean-Medain.png
Component: component_1755523055678_90.png
centerX: 0.5415322580645161
centerY: 0.23938444001139925
width: 0.022983870967741935
height: 0.04360216585921915
Area: 0.00043517131063900203
CentroidX: 0.5524
CentroidY: 0.2625
