Location: Dedata_5.png_Gaussian-Closing.png
Component: component_1755523055585_192.png
centerX: 0.7568548387096774
centerY: 0.5158164719293246
width: 0.024596774193548387
height: 0.04531205471644343
Area: 0.00045516597872751174
CentroidX: 0.7685
CentroidY: 0.5381
