Location: Dedata_5.png_Gaussian-Closing.png
Component: component_1755523055574_150.png
centerX: 0.730241935483871
centerY: 0.39925904816186947
width: 0.024596774193548387
height: 0.04474209176403534
Area: 0.00043482657498230355
CentroidX: 0.7423
CentroidY: 0.4231
