Location: Dedata_5.png_Mean-Closing.png
Component: component_1755523055844_268.png
centerX: 0.19233870967741937
centerY: 0.7306925049871759
width: 0.025806451612903226
height: 0.04588201766885153
Area: 0.0004992921427849125
CentroidX: 0.2049
CentroidY: 0.7534
