Location: internet_10.png_Otsu.png
Component: component_1755091713988_435.png
centerX: 0.26481257557436516
centerY: 0.8374679213002566
width: 0.03506650544135429
height: 0.03279155973766752
Area: 0.00039950041760206193
CentroidX: 0.2815
CentroidY: 0.8538
