Location: internet_10.png_Gaussian-Median.png
Component: component_1755091714253_235.png
centerX: 0.6670697299476017
centerY: 0.6635300826917594
width: 0.0354695687222894
height: 0.029369831765041345
Area: 0.0004112233872785321
CentroidX: 0.6833
CentroidY: 0.6772
