Location: Dedata_5.png_Mean-Closing.png
Component: component_1755523055808_129.png
centerX: 0.7237903225806451
centerY: 0.347392419492733
width: 0.025
height: 0.03875748076375036
Area: 0.0004285064212761654
CentroidX: 0.7366
CentroidY: 0.3664
