Location: internet_10.png_Mean-Closing.png
Component: component_1755091713871_255.png
centerX: 0.2676340185409109
centerY: 0.7875677216994582
width: 0.03466344216041919
height: 0.03165098374679213
Area: 0.00037674406470067866
CentroidX: 0.2830
CentroidY: 0.8033
