Location: Dedata_5.png_Gaussian-Median.png
Component: component_1755523055462_280.png
centerX: 0.9540322580645161
centerY: 0.7825591336563124
width: 0.027419354838709678
height: 0.04588201766885153
Area: 0.0004601071898068561
CentroidX: 0.9682
CentroidY: 0.8061
