Location: Dedata_5.png_Gaussian-Closing.png
Component: component_1755523055556_69.png
centerX: 0.6064516129032258
centerY: 0.17526360786548875
width: 0.025
height: 0.043032202906811055
Area: 0.0004601071898068561
CentroidX: 0.6200
CentroidY: 0.1989
