Location: internet_10.png_Gaussian-Closing.png
Component: component_1755091714633_110.png
centerX: 0.8810963321241435
centerY: 0.3125178214998574
width: 0.028214429665457477
height: 0.034787567721699456
Area: 0.00044627736523268315
CentroidX: 0.8956
CentroidY: 0.3289
