Location: internet_10.png_Gaussian-Median.png
Component: component_1755091714076_173.png
centerX: 0.9230149133413946
centerY: 0.48502994011976047
width: 0.03345425231761386
height: 0.037639007698887936
Area: 0.0004361634306098461
CentroidX: 0.9378
CentroidY: 0.5024
