Location: Dedata_5.png_Gaussian-Closing.png
Component: component_1755523055578_163.png
centerX: 0.2814516129032258
centerY: 0.4157879737817042
width: 0.020967741935483872
height: 0.04103733257338273
Area: 0.00037162503792092226
CentroidX: 0.2915
CentroidY: 0.4368
