Location: Dedata_5.png_Gaussian-Median.png
Component: component_1755523055461_277.png
centerX: 0.14153225806451614
centerY: 0.7324023938444001
width: 0.02903225806451613
height: 0.04417212881162724
Area: 0.0004632098107171421
CentroidX: 0.1562
CentroidY: 0.7547
