Location: Dedata_5.png_Mean-Closing.png
Component: component_1755523055838_244.png
centerX: 0.3814516129032258
centerY: 0.6554573952693075
width: 0.022983870967741935
height: 0.045597036192647475
Area: 0.0004806764173231966
CentroidX: 0.3925
CentroidY: 0.6780
