Location: internet_10.png_Gaussian-Median.png
Component: component_1755091714063_112.png
centerX: 0.3555018137847642
centerY: 0.27773025377815796
width: 0.030632809351068116
height: 0.033932135728542916
Area: 0.0004261644270622686
CentroidX: 0.3694
CentroidY: 0.2945
