Location: internet_10.png_Otsu.png
Component: component_1755091713981_390.png
centerX: 0.38170092704554615
centerY: 0.733675506130596
width: 0.029826682789197905
height: 0.03279155973766752
Area: 0.0003749051674965265
CentroidX: 0.3967
CentroidY: 0.7490
