Location: internet_10.png_Gaussian-Closing.png
Component: component_1755091714666_238.png
centerX: 0.38170092704554615
centerY: 0.733675506130596
width: 0.030632809351068116
height: 0.03307670373538637
Area: 0.0004081202482465253
CentroidX: 0.3972
CentroidY: 0.7492
