Location: Dedata_5.png_Mean-Closing.png
Component: component_1755523055847_276.png
centerX: 0.8572580645161291
centerY: 0.7859789113707609
width: 0.031048387096774193
height: 0.04189227700199487
Area: 0.0004987175833570818
CentroidX: 0.8722
CentroidY: 0.8077
