Location: internet_10.png_Otsu.png
Component: component_1755091713930_9.png
centerX: 0.4860943168077388
centerY: 0.010265183917878529
width: 0.03143893591293833
height: 0.02737382378100941
Area: 0.00022066766449826207
CentroidX: 0.4995
CentroidY: 0.0236
