Location: Dedata_5.png_Gaussian-Median.png
Component: component_1755523055450_243.png
centerX: 0.8169354838709677
centerY: 0.6434881732687375
width: 0.025403225806451612
height: 0.0481618694784839
Area: 0.00046573787219959735
CentroidX: 0.8306
CentroidY: 0.6678
