Location: Dedata_5.png_Gaussian-Median.png
Component: component_1755523055461_278.png
centerX: 0.0967741935483871
centerY: 0.7338273012254204
width: 0.03185483870967742
height: 0.04616699914505557
Area: 0.00047320714476139695
CentroidX: 0.1117
CentroidY: 0.7571
