Location: internet_10.png_Gaussian-Closing.png
Component: component_1755091714626_84.png
centerX: 0.47803305118903666
centerY: 0.22070145423438836
width: 0.027408303103587262
height: 0.03450242372398061
Area: 0.0004311064632984276
CentroidX: 0.4899
CentroidY: 0.2384
