Location: Dedata_5.png_Mean-Closing.png
Component: component_1755523055808_128.png
centerX: 0.7733870967741936
centerY: 0.34625249358791677
width: 0.01935483870967742
height: 0.037047591906526074
Area: 0.00035082598663344945
CentroidX: 0.7826
CentroidY: 0.3653
