Location: Dedata_5.png_Mean-Closing.png
Component: component_1755523055822_179.png
centerX: 0.41169354838709676
centerY: 0.4736392134511257
width: 0.021774193548387097
height: 0.039042462239954404
Area: 0.0003878276137857491
CentroidX: 0.4224
CentroidY: 0.4933
