Location: Dedata_5.png_Gaussian-Closing.png
Component: component_1755523055586_198.png
centerX: 0.6645161290322581
centerY: 0.5203761755485894
width: 0.02620967741935484
height: 0.04018238814477059
Area: 0.00042207135568446115
CentroidX: 0.6765
CentroidY: 0.5394
