Location: internet_10.png_Mean-Closing.png
Component: component_1755091713860_199.png
centerX: 0.6436920596533656
centerY: 0.6025092671799258
width: 0.032245062474808545
height: 0.030795551753635585
Area: 0.0004052469713650375
CentroidX: 0.6600
CentroidY: 0.6157
