Location: internet_10.png_Otsu.png
Component: component_1755091713968_312.png
centerX: 0.8170092704554615
centerY: 0.5429141716566867
width: 0.027408303103587262
height: 0.029654975762760195
Area: 0.0003306567035216146
CentroidX: 0.8299
CentroidY: 0.5578
