Location: Dedata_5.png_Gaussian-Median.png
Component: component_1755523055466_291.png
centerX: 0.4221774193548387
centerY: 0.792533485323454
width: 0.02943548387096774
height: 0.051011684240524366
Area: 0.00048113606486546116
CentroidX: 0.4354
CentroidY: 0.8182
