Location: Dedata_5.png_Mean-Closing.png
Component: component_1755523055780_29.png
centerX: 0.6185483870967742
centerY: 0.06469079509831861
width: 0.02379032258064516
height: 0.04132231404958678
Area: 0.000432068689728716
CentroidX: 0.6313
CentroidY: 0.0874
