Location: internet_10.png_Mean-Closing.png
Component: component_1755091713851_156.png
centerX: 0.18782748891575976
centerY: 0.44796122041631026
width: 0.03466344216041919
height: 0.03165098374679213
Area: 0.0004760445137248966
CentroidX: 0.2017
CentroidY: 0.4648
