Location: internet_10.png_Gaussian-Median.png
Component: component_1755091714260_253.png
centerX: 0.6182990729544539
centerY: 0.7211291702309667
width: 0.03667875856509472
height: 0.03364699173082407
Area: 0.0004139817330847604
CentroidX: 0.6357
CentroidY: 0.7370
