Location: Dedata_5.png_Gaussian-Median.png
Component: component_1755523055289_73.png
centerX: 0.4991935483870968
centerY: 0.17640353377030493
width: 0.02620967741935484
height: 0.045597036192647475
Area: 0.0004884904255416946
CentroidX: 0.5109
CentroidY: 0.1999
