Location: internet_10.png_Otsu.png
Component: component_1755091713974_343.png
centerX: 0.29222087867795243
centerY: 0.6213287710293698
width: 0.03345425231761386
height: 0.03450242372398061
Area: 0.0004008795905051761
CentroidX: 0.3091
CentroidY: 0.6371
