Location: internet_10.png_Gaussian-Median.png
Component: component_1755091714050_43.png
centerX: 0.1128577186618299
centerY: 0.06159110350727117
width: 0.03466344216041919
height: 0.03222127174222983
Area: 0.00035973426556227097
CentroidX: 0.1264
CentroidY: 0.0784
