Location: Dedata_5.png_Mean-Medain.png
Component: component_1755523055714_241.png
centerX: 0.8637096774193549
centerY: 0.6454830436021659
width: 0.025403225806451612
height: 0.0438871473354232
Area: 0.00046332472260270823
CentroidX: 0.8758
CentroidY: 0.6674
