Location: internet_10.png_Otsu.png
Component: component_1755091713976_357.png
centerX: 0.7251108424022572
centerY: 0.6601083547191332
width: 0.03829101168883515
height: 0.029369831765041345
Area: 0.00038743265469981324
CentroidX: 0.7421
CentroidY: 0.6740
