Location: Dedata_5.png_Gaussian-Closing.png
Component: component_1755523055591_217.png
centerX: 0.9379032258064516
centerY: 0.572812767170134
width: 0.021370967741935483
height: 0.04160729552579082
Area: 0.0004067880749041635
CentroidX: 0.9483
CentroidY: 0.5933
