Location: internet_10.png_Mean-Closing.png
Component: component_1755091713822_13.png
centerX: 0.5465538089480049
centerY: 0.010550327915597377
width: 0.02781136638452237
height: 0.03022526375819789
Area: 0.0003156007326626186
CentroidX: 0.5618
CentroidY: 0.0250
