Location: internet_10.png_Gaussian-Median.png
Component: component_1755091714051_51.png
centerX: 0.8923821039903265
centerY: 0.10521813515825491
width: 0.026199113260781944
height: 0.036783575705731396
Area: 0.00042225677050344526
CentroidX: 0.9059
CentroidY: 0.1215
