Location: internet_10.png_Gaussian-Median.png
Component: component_1755091714064_116.png
centerX: 0.17936316001612254
centerY: 0.2840034217279726
width: 0.027408303103587262
height: 0.036213287710293696
Area: 0.00047455040974652297
CentroidX: 0.1920
CentroidY: 0.3020
