Location: internet_10.png_Otsu.png
Component: component_1755091713954_242.png
centerX: 0.7569528415961306
centerY: 0.3187909894496721
width: 0.032648125755743655
height: 0.02623324779013402
Area: 0.00039846603792472634
CentroidX: 0.7727
CentroidY: 0.3321
