Location: Dedata_5.png_Mean-Medain.png
Component: component_1755523055690_149.png
centerX: 0.730241935483871
centerY: 0.39925904816186947
width: 0.025
height: 0.045027073240239385
Area: 0.0004660826078562958
CentroidX: 0.7422
CentroidY: 0.4232
