Location: internet_10.png_Otsu.png
Component: component_1755091713930_7.png
centerX: 0.31680773881499397
centerY: 0.00998003992015968
width: 0.024586860137041516
height: 0.031080695751354435
Area: 0.0002889367232024119
CentroidX: 0.3287
CentroidY: 0.0250
