Location: internet_10.png_Otsu.png
Component: component_1755091713963_286.png
centerX: 0.07980652962515115
centerY: 0.4513829483889364
width: 0.024586860137041516
height: 0.035642999714856
Area: 0.00042938249716953494
CentroidX: 0.0923
CentroidY: 0.4688
