Location: internet_10.png_Gaussian-Closing.png
Component: component_1755091714668_246.png
centerX: 0.788391777509069
centerY: 0.7687482178500142
width: 0.031035872632003223
height: 0.029654975762760195
Area: 0.00034835608911157936
CentroidX: 0.8026
CentroidY: 0.7839
