Location: internet_10.png_Otsu.png
Component: component_1755091713952_236.png
centerX: 0.1189036678758565
centerY: 0.28714000570287995
width: 0.03305118903667876
height: 0.03222127174222983
Area: 0.00046225278469375525
CentroidX: 0.1336
CentroidY: 0.3034
