Location: Dedata_5.png_Gaussian-Closing.png
Component: component_1755523055601_261.png
centerX: 0.7137096774193549
centerY: 0.7130236534625249
width: 0.028629032258064516
height: 0.04930179538330009
Area: 0.0005152648948786071
CentroidX: 0.7270
CentroidY: 0.7387
