Location: internet_10.png_Mean-Closing.png
Component: component_1755091713828_43.png
centerX: 0.9383313180169287
centerY: 0.10379241516966067
width: 0.027005239822652155
height: 0.033932135728542916
Area: 0.00044662215845846166
CentroidX: 0.9513
CentroidY: 0.1204
