Location: internet_10.png_Mean-Closing.png
Component: component_1755091713833_66.png
centerX: 0.524788391777509
centerY: 0.16595380667236956
width: 0.032245062474808545
height: 0.03222127174222983
Area: 0.00047351603006918737
CentroidX: 0.5397
CentroidY: 0.1815
