Location: Dedata_5.png_Mean-Closing.png
Component: component_1755523055784_43.png
centerX: 0.9080645161290323
centerY: 0.11940723852949559
width: 0.025403225806451612
height: 0.04531205471644343
Area: 0.0004625203394037452
CentroidX: 0.9216
CentroidY: 0.1434
