Location: internet_10.png_Mean-Closing.png
Component: component_1755091713843_117.png
centerX: 0.5364772269246272
centerY: 0.3239235814086113
width: 0.03385731559854897
height: 0.029654975762760195
Area: 0.000394558381365903
CentroidX: 0.5526
CentroidY: 0.3384
