Location: internet_10.png_Mean-Closing.png
Component: component_1755091713826_34.png
centerX: 0.17412333736396615
centerY: 0.059880239520958084
width: 0.02539298669891173
height: 0.030795551753635585
Area: 0.0003346792911556975
CentroidX: 0.1862
CentroidY: 0.0752
