Location: Dedata_5.png_Mean-Medain.png
Component: component_1755523055663_24.png
centerX: 0.7681451612903226
centerY: 0.06241094328868624
width: 0.025
height: 0.04417212881162724
Area: 0.0004502247676481674
CentroidX: 0.7816
CentroidY: 0.0859
