Location: internet_10.png_Gaussian-Median.png
Component: component_1755091714286_281.png
centerX: 0.0769850866586054
centerY: 0.7961220416310236
width: 0.03184199919387344
height: 0.03421727972626176
Area: 0.00039076565588233906
CentroidX: 0.0924
CentroidY: 0.8126
