Location: Dedata_5.png_Gaussian-Closing.png
Component: component_1755523055587_201.png
centerX: 0.519758064516129
centerY: 0.524365916215446
width: 0.020161290322580645
height: 0.03932744371615845
Area: 0.00038150746007961097
CentroidX: 0.5294
CentroidY: 0.5437
