Location: internet_10.png_Otsu.png
Component: component_1755091713976_359.png
centerX: 0.6041918581217252
centerY: 0.6678072426575421
width: 0.041112454655380895
height: 0.03592814371257485
Area: 0.0004212223908261096
CentroidX: 0.6235
CentroidY: 0.6838
