Location: internet_10.png_Otsu.png
Component: component_1755091713942_188.png
centerX: 0.7561467150342603
centerY: 0.15939549472483605
width: 0.030229746070133012
height: 0.03279155973766752
Area: 0.00041329214663320335
CentroidX: 0.7696
CentroidY: 0.1752
