Location: internet_10.png_Otsu.png
Component: component_1755091713974_347.png
centerX: 0.1837968561064087
centerY: 0.6256059309951526
width: 0.03345425231761386
height: 0.03364699173082407
Area: 0.00036708985437887973
CentroidX: 0.1988
CentroidY: 0.6419
