Location: Dedata_5.png_Mean-Closing.png
Component: component_1755523055787_51.png
centerX: 0.4508064516129032
centerY: 0.12168709033912796
width: 0.025403225806451612
height: 0.04103733257338273
Area: 0.00043160904218645144
CentroidX: 0.4633
CentroidY: 0.1438
