Location: Dedata_5.png_Mean-Medain.png
Component: component_1755523055687_133.png
centerX: 0.6362903225806451
centerY: 0.3510971786833856
width: 0.02338709677419355
height: 0.040467369620974636
Area: 0.0003982845953722685
CentroidX: 0.6475
CentroidY: 0.3707
