Location: Dedata_5.png_Gaussian-Closing.png
Component: component_1755523055568_122.png
centerX: 0.11169354838709677
centerY: 0.3029353092049017
width: 0.02258064516129032
height: 0.04160729552579082
Area: 0.0003802434293383833
CentroidX: 0.1221
CentroidY: 0.3254
