Location: Dedata_5.png_Mean-Closing.png
Component: component_1755523055781_32.png
centerX: 0.30282258064516127
centerY: 0.0652607580507267
width: 0.027419354838709678
height: 0.04274722143060701
Area: 0.00044218093565853706
CentroidX: 0.3178
CentroidY: 0.0887
