Location: internet_10.png_Gaussian-Closing.png
Component: component_1755091714627_87.png
centerX: 0.3022974607013301
centerY: 0.22526375819788994
width: 0.030229746070133012
height: 0.03792415169660679
Area: 0.0004777684798537893
CentroidX: 0.3165
CentroidY: 0.2441
