Location: internet_10.png_Mean-Closing.png
Component: component_1755091713861_202.png
centerX: 0.4703748488512696
centerY: 0.6104932991160537
width: 0.029826682789197905
height: 0.029369831765041345
Area: 0.0003708825798624436
CentroidX: 0.4833
CentroidY: 0.6249
