Location: Dedata_5.png_Mean-Closing.png
Component: component_1755523055843_261.png
centerX: 0.5213709677419355
centerY: 0.7172983756055856
width: 0.027016129032258064
height: 0.053006554573952695
Area: 0.0005574375568813834
CentroidX: 0.5351
CentroidY: 0.7432
