Location: internet_10.png_Gaussian-Median.png
Component: component_1755091714258_246.png
centerX: 0.07134220072551391
centerY: 0.6911890504704876
width: 0.02781136638452237
height: 0.038209295694325636
Area: 0.0004052469713650375
CentroidX: 0.0839
CentroidY: 0.7097
