Location: Dedata_5.png_Gaussian-Closing.png
Component: component_1755523055573_143.png
centerX: 0.3342741935483871
centerY: 0.35822171558848676
width: 0.021774193548387097
height: 0.04018238814477059
Area: 0.0003694417120951654
CentroidX: 0.3448
CentroidY: 0.3781
