Location: Dedata_5.png_Gaussian-Closing.png
Component: component_1755523055570_129.png
centerX: 0.8108870967741936
centerY: 0.34368766030208037
width: 0.02217741935483871
height: 0.04160729552579082
Area: 0.00038989602772593974
CentroidX: 0.8222
CentroidY: 0.3655
