Location: internet_10.png_Gaussian-Median.png
Component: component_1755091714077_177.png
centerX: 0.7033454252317614
centerY: 0.4881665240946678
width: 0.030229746070133012
height: 0.03450242372398061
Area: 0.00041375187093424136
CentroidX: 0.7160
CentroidY: 0.5062
