Location: internet_10.png_Otsu.png
Component: component_1755091713931_13.png
centerX: 0.8335348649738009
centerY: 0.011690903906472769
width: 0.031035872632003223
height: 0.028514399771884802
Area: 0.0001909005160060486
CentroidX: 0.8474
CentroidY: 0.0273
