Location: internet_10.png_Gaussian-Closing.png
Component: component_1755091714650_162.png
centerX: 0.8137847642079806
centerY: 0.4864556601083547
width: 0.030229746070133012
height: 0.03649843170801255
Area: 0.00040329314308562586
CentroidX: 0.8282
CentroidY: 0.5039
