Location: Dedata_5.png_Mean-Closing.png
Component: component_1755523055835_234.png
centerX: 0.7701612903225806
centerY: 0.6414933029353092
width: 0.022983870967741935
height: 0.04730692504987176
Area: 0.00048952463251179
CentroidX: 0.7815
CentroidY: 0.6653
