Location: Dedata_5.png_Gaussian-Median.png
Component: component_1755523055452_250.png
centerX: 0.4713709677419355
centerY: 0.6546024508406953
width: 0.02379032258064516
height: 0.043032202906811055
Area: 0.00045493615495637946
CentroidX: 0.4837
CentroidY: 0.6759
