Location: Samociqulo_1709_page_10.png_Gaussian-Median.png
Component: component_1755610056120_839.png
centerX: 0.7597051597051597
centerY: 0.1696875
width: 0.01425061425061425
height: 0.018125
Area: 0.00011164004914004913
CentroidX: 0.7662
CentroidY: 0.1780
