Location: internet_10.png_Otsu.png
Component: component_1755091713990_454.png
centerX: 0.01894397420395002
centerY: 0.8483033932135728
width: 0.032648125755743655
height: 0.033361847733105215
Area: 0.00035134429706832666
CentroidX: 0.0333
CentroidY: 0.8651
