Location: Dedata_5.png_Gaussian-Closing.png
Component: component_1755523055584_189.png
centerX: 0.10080645161290322
centerY: 0.4864633798803078
width: 0.020967741935483872
height: 0.03932744371615845
Area: 0.0003518601936035448
CentroidX: 0.1107
CentroidY: 0.5059
