Location: Dedata_5.png_Mean-Closing.png
Component: component_1755523055836_237.png
centerX: 0.6616935483870968
centerY: 0.6449130806497577
width: 0.028225806451612902
height: 0.03875748076375036
Area: 0.000493431636621039
CentroidX: 0.6751
CentroidY: 0.6636
