Location: Dedata_5.png_Mean-Medain.png
Component: component_1755523055719_264.png
centerX: 0.5213709677419355
centerY: 0.7170133941293816
width: 0.027016129032258064
height: 0.05329153605015674
Area: 0.0005573226449958172
CentroidX: 0.5350
CentroidY: 0.7432
