Location: Dedata_5.png_Gaussian-Closing.png
Component: component_1755523055565_104.png
centerX: 0.8729838709677419
centerY: 0.28982616129951555
width: 0.025403225806451612
height: 0.04103733257338273
Area: 0.00036990135963743003
CentroidX: 0.8839
CentroidY: 0.3118
