Location: Dedata_5.png_Mean-Closing.png
Component: component_1755523055812_145.png
centerX: 0.10403225806451613
centerY: 0.36249643773154744
width: 0.020161290322580645
height: 0.04075235109717868
Area: 0.00038334605024866933
CentroidX: 0.1147
CentroidY: 0.3838
