Location: internet_10.png_Gaussian-Median.png
Component: component_1755091714045_20.png
centerX: 0.7065699314792422
centerY: 0.01311662389506701
width: 0.03305118903667876
height: 0.031080695751354435
Area: 0.00033352998040310234
CentroidX: 0.7222
CentroidY: 0.0275
