Location: internet_10.png_Otsu.png
Component: component_1755091713967_300.png
centerX: 0.35227730753728337
centerY: 0.5052751639577987
width: 0.024989923417976623
height: 0.03136583974907328
Area: 0.00035479222932611196
CentroidX: 0.3646
CentroidY: 0.5203
