Location: internet_10.png_Gaussian-Closing.png
Component: component_1755091714650_163.png
centerX: 0.7642079806529625
centerY: 0.48731109210151125
width: 0.026602176541717048
height: 0.036783575705731396
Area: 0.00038432951566780646
CentroidX: 0.7760
CentroidY: 0.5047
