Location: internet_10.png_Gaussian-Median.png
Component: component_1755091714048_36.png
centerX: 0.014107214832728738
centerY: 0.05674365554605076
width: 0.025796049979846837
height: 0.038209295694325636
Area: 0.00030916459244808593
CentroidX: 0.0260
CentroidY: 0.0760
