Location: internet_10.png_Gaussian-Median.png
Component: component_1755091714054_66.png
centerX: 0.8141878274889157
centerY: 0.15739948674080412
width: 0.03426037887948408
height: 0.034787567721699456
Area: 0.00047466534082178245
CentroidX: 0.8301
CentroidY: 0.1748
