Location: Dedata_5.png_Gaussian-Closing.png
Component: component_1755523055591_220.png
centerX: 0.6314516129032258
centerY: 0.5759475634083785
width: 0.021370967741935483
height: 0.048446850954687946
Area: 0.0004543615955285487
CentroidX: 0.6415
CentroidY: 0.5998
