Location: Dedata_5.png_Gaussian-Closing.png
Component: component_1755523055568_121.png
centerX: 0.24919354838709679
centerY: 0.3012254203476774
width: 0.024193548387096774
height: 0.04075235109717868
Area: 0.0003915047941238658
CentroidX: 0.2604
CentroidY: 0.3224
