Location: Dedata_5.png_Mean-Medain.png
Component: component_1755523055701_191.png
centerX: 0.7568548387096774
centerY: 0.5158164719293246
width: 0.025
height: 0.04531205471644343
Area: 0.00048136588863659344
CentroidX: 0.7685
CentroidY: 0.5382
