Location: Dedata_5.png_Mean-Closing.png
Component: component_1755523055775_4.png
centerX: 0.11008064516129032
centerY: 0.006554573952693075
width: 0.027419354838709678
height: 0.04588201766885153
Area: 0.0005285946736042803
CentroidX: 0.1246
CentroidY: 0.0301
