Location: Dedata_5.png_Mean-Closing.png
Component: component_1755523055842_259.png
centerX: 0.6169354838709677
centerY: 0.7144485608435451
width: 0.028225806451612902
height: 0.04673696209746366
Area: 0.0005295139686888094
CentroidX: 0.6317
CentroidY: 0.7374
