Location: Dedata_5.png_Gaussian-Closing.png
Component: component_1755523055551_41.png
centerX: 0.8620967741935484
centerY: 0.11798233114847535
width: 0.02620967741935484
height: 0.04417212881162724
Area: 0.00043091957087305454
CentroidX: 0.8747
CentroidY: 0.1423
