Location: Dedata_5.png_Mean-Closing.png
Component: component_1755523055779_23.png
centerX: 0.8213709677419355
centerY: 0.06127101738387005
width: 0.02620967741935484
height: 0.04588201766885153
Area: 0.0004501098557626012
CentroidX: 0.8346
CentroidY: 0.0858
