Location: internet_10.png_Gaussian-Median.png
Component: component_1755091714134_213.png
centerX: 0.8158000806126562
centerY: 0.5950955232392359
width: 0.03788794840790004
height: 0.03507271171941831
Area: 0.0004460475030821641
CentroidX: 0.8321
CentroidY: 0.6126
