Location: Dedata_5.png_Mean-Closing.png
Component: component_1755523055829_207.png
centerX: 0.09637096774193549
centerY: 0.5431746936449131
width: 0.02217741935483871
height: 0.043032202906811055
Area: 0.00042471432905248255
CentroidX: 0.1066
CentroidY: 0.5653
