Location: Dedata_5.png_Gaussian-Closing.png
Component: component_1755523055580_168.png
centerX: 0.018548387096774192
centerY: 0.4286121402108863
width: 0.01975806451612903
height: 0.03818751781134226
Area: 0.0003514005460612802
CentroidX: 0.0287
CentroidY: 0.4487
