Location: internet_10.png_Gaussian-Closing.png
Component: component_1755091714611_31.png
centerX: 0.290608625554212
centerY: 0.0575990875392073
width: 0.0237807335751713
height: 0.036213287710293696
Area: 0.0003210024931998156
CentroidX: 0.3025
CentroidY: 0.0749
