Location: internet_10.png_Otsu.png
Component: component_1755091713969_315.png
centerX: 0.7569528415961306
centerY: 0.5443398916452808
width: 0.03305118903667876
height: 0.02879954376960365
Area: 0.00035008005524047204
CentroidX: 0.7726
CentroidY: 0.5585
