Location: internet_10.png_Gaussian-Closing.png
Component: component_1755091714646_150.png
centerX: 0.5223700120918985
centerY: 0.437125748502994
width: 0.02781136638452237
height: 0.029654975762760195
Area: 0.00035674605760552367
CentroidX: 0.5356
CentroidY: 0.4511
