Location: internet_10.png_Otsu.png
Component: component_1755091713968_308.png
centerX: 0.07819427650141073
centerY: 0.5112631879098944
width: 0.0354695687222894
height: 0.03735386370116909
Area: 0.00040903969684860143
CentroidX: 0.0923
CentroidY: 0.5296
