Location: internet_10.png_Otsu.png
Component: component_1755091713968_305.png
centerX: 0.13139862958484483
centerY: 0.5098374679213002
width: 0.030632809351068116
height: 0.034787567721699456
Area: 0.00036352699104583484
CentroidX: 0.1457
CentroidY: 0.5266
