Location: Dedata_5.png_Mean-Medain.png
Component: component_1755523055703_201.png
centerX: 0.4754032258064516
centerY: 0.5257908235964662
width: 0.025
height: 0.04103733257338273
Area: 0.0004305748352163561
CentroidX: 0.4878
CentroidY: 0.5460
