Location: internet_10.png_Otsu.png
Component: component_1755091713931_20.png
centerX: 0.9451833937928255
centerY: 0.014827487881380098
width: 0.022168480451430876
height: 0.030795551753635585
Area: 0.00014446836160120596
CentroidX: 0.9573
CentroidY: 0.0296
