Location: Dedata_5.png_Mean-Medain.png
Component: component_1755523055690_147.png
centerX: 0.10403225806451613
centerY: 0.36249643773154744
width: 0.02056451612903226
height: 0.04075235109717868
Area: 0.0003838056977909339
CentroidX: 0.1148
CentroidY: 0.3838
