Location: Dedata_5.png_Gaussian-Median.png
Component: component_1755523055363_173.png
centerX: 0.9524193548387097
centerY: 0.45682530635508695
width: 0.02217741935483871
height: 0.04217725847819892
Area: 0.0003858741117311246
CentroidX: 0.9625
CentroidY: 0.4790
