Location: Dedata_5.png_Gaussian-Closing.png
Component: component_1755523055602_266.png
centerX: 0.42620967741935484
centerY: 0.7187232829866058
width: 0.02217741935483871
height: 0.04930179538330009
Area: 0.0004687255812243172
CentroidX: 0.4375
CentroidY: 0.7437
