Location: internet_10.png_Otsu.png
Component: component_1755091713957_257.png
centerX: 0.8625554212011286
centerY: 0.3675506130595951
width: 0.024989923417976623
height: 0.029940119760479042
Area: 0.0003709975109377031
CentroidX: 0.8750
CentroidY: 0.3819
