Location: Dedata_5.png_Gaussian-Closing.png
Component: component_1755523055549_33.png
centerX: 0.30282258064516127
centerY: 0.0652607580507267
width: 0.027016129032258064
height: 0.042462239954402965
Area: 0.0004049494847351051
CentroidX: 0.3177
CentroidY: 0.0886
