Location: internet_10.png_Mean-Closing.png
Component: component_1755091713854_169.png
centerX: 0.41233373639661425
centerY: 0.5012831479897348
width: 0.031035872632003223
height: 0.03222127174222983
Area: 0.0003968570028710932
CentroidX: 0.4258
CentroidY: 0.5173
