Location: Dedata_5.png_Mean-Medain.png
Component: component_1755523055686_129.png
centerX: 0.8520161290322581
centerY: 0.3448275862068966
width: 0.02338709677419355
height: 0.03590766600170989
Area: 0.0003631215583890273
CentroidX: 0.8632
CentroidY: 0.3644
