Location: Dedata_5.png_Mean-Medain.png
Component: component_1755523055666_33.png
centerX: 0.6713709677419355
centerY: 0.06583072100313479
width: 0.024193548387096774
height: 0.04160729552579082
Area: 0.0004183941753463444
CentroidX: 0.6837
CentroidY: 0.0881
