Location: Dedata_5.png_Gaussian-Closing.png
Component: component_1755523055581_175.png
centerX: 0.7846774193548387
centerY: 0.46195497292675974
width: 0.02056451612903226
height: 0.0438871473354232
Area: 0.00040173195193925296
CentroidX: 0.7948
CentroidY: 0.4842
