Location: internet_10.png_Mean-Closing.png
Component: component_1755091713870_250.png
centerX: 0.5014107214832729
centerY: 0.7778728257770174
width: 0.02902055622732769
height: 0.03450242372398061
Area: 0.000394788243516422
CentroidX: 0.5156
CentroidY: 0.7940
