Location: internet_10.png_Mean-Closing.png
Component: component_1755091713860_197.png
centerX: 0.7597742845626764
centerY: 0.5990875392072997
width: 0.029423619508262798
height: 0.031936127744510975
Area: 0.00038168610093683767
CentroidX: 0.7733
CentroidY: 0.6141
