Location: internet_10.png_Gaussian-Closing.png
Component: component_1755091714670_259.png
centerX: 0.016122531237404272
centerY: 0.7995437696036498
width: 0.03667875856509472
height: 0.0290846877673225
Area: 0.00039248962201123174
CentroidX: 0.0318
CentroidY: 0.8143
