Location: Dedata_5.png_Mean-Medain.png
Component: component_1755523055680_99.png
centerX: 0.3
centerY: 0.24736392134511256
width: 0.020967741935483872
height: 0.039042462239954404
Area: 0.00039874424291453314
CentroidX: 0.3100
CentroidY: 0.2685
