Location: internet_10.png_Gaussian-Median.png
Component: component_1755091714262_258.png
centerX: 0.3180169286577993
centerY: 0.7333903621328771
width: 0.03506650544135429
height: 0.03307670373538637
Area: 0.000389616345129744
CentroidX: 0.3346
CentroidY: 0.7493
