Location: Dedata_5.png_Mean-Closing.png
Component: component_1755523055818_165.png
centerX: 0.018548387096774192
centerY: 0.4286121402108863
width: 0.020161290322580645
height: 0.03818751781134226
Area: 0.0003724294211198853
CentroidX: 0.0286
CentroidY: 0.4486
