Location: Dedata_5.png_Mean-Closing.png
Component: component_1755523055814_151.png
centerX: 0.8653225806451613
centerY: 0.40210886292390996
width: 0.02056451612903226
height: 0.04360216585921915
Area: 0.0003835758740198016
CentroidX: 0.8747
CentroidY: 0.4242
