Location: Dedata_5.png_Mean-Closing.png
Component: component_1755523055832_221.png
centerX: 0.4883064516129032
centerY: 0.5844970076944999
width: 0.022983870967741935
height: 0.04730692504987176
Area: 0.0004667720791696927
CentroidX: 0.4998
CentroidY: 0.6088
