Location: internet_10.png_Gaussian-Closing.png
Component: component_1755091714619_54.png
centerX: 0.06287787182587666
centerY: 0.11947533504419731
width: 0.03869407496977025
height: 0.03592814371257485
Area: 0.0004963873140458302
CentroidX: 0.0812
CentroidY: 0.1368
