Location: internet_10.png_Gaussian-Median.png
Component: component_1755091714254_239.png
centerX: 0.42402257154373235
centerY: 0.6729398346164813
width: 0.03466344216041919
height: 0.03222127174222983
Area: 0.0003850191021193635
CentroidX: 0.4397
CentroidY: 0.6887
