Location: internet_10.png_Otsu.png
Component: component_1755091713979_382.png
centerX: 0.9278516727126159
centerY: 0.7162817222697462
width: 0.027408303103587262
height: 0.03165098374679213
Area: 0.00033778243018770427
CentroidX: 0.9407
CentroidY: 0.7312
