Location: Dedata_5.png_Mean-Medain.png
Component: component_1755523055720_266.png
centerX: 0.4258064516129032
centerY: 0.7184383015104018
width: 0.022983870967741935
height: 0.04987175833570818
Area: 0.0005041184419786907
CentroidX: 0.4375
CentroidY: 0.7437
