Location: internet_10.png_Gaussian-Median.png
Component: component_1755091714257_245.png
centerX: 0.12172511084240226
centerY: 0.6903336184773311
width: 0.03788794840790004
height: 0.03279155973766752
Area: 0.00043938150071711244
CentroidX: 0.1389
CentroidY: 0.7061
