Location: Kurtxevani_1784_page_10.png_Gaussian-Closing.png
Component: component_1755610055755_448.png
centerX: 0.7847147470398278
centerY: 0.6055776892430279
width: 0.016146393972012917
height: 0.01593625498007968
Area: 0.00015181470029462343
CentroidX: 0.7918
CentroidY: 0.6150
