Location: internet_10.png_Otsu.png
Component: component_1755091713963_283.png
centerX: 0.2962515114873035
centerY: 0.4431137724550898
width: 0.032648125755743655
height: 0.03364699173082407
Area: 0.0003755947539480836
CentroidX: 0.3108
CentroidY: 0.4585
