Location: internet_10.png_Mean-Closing.png
Component: component_1755091713842_114.png
centerX: 0.7001209189842805
centerY: 0.31993156544054746
width: 0.032245062474808545
height: 0.031080695751354435
Area: 0.0004368530170614032
CentroidX: 0.7140
CentroidY: 0.3349
