Location: Dedata_5.png_Gaussian-Median.png
Component: component_1755523055302_135.png
centerX: 0.7237903225806451
centerY: 0.347392419492733
width: 0.024596774193548387
height: 0.03875748076375036
Area: 0.00039908897857123156
CentroidX: 0.7367
CentroidY: 0.3664
