Location: internet_10.png_Gaussian-Median.png
Component: component_1755091714041_5.png
centerX: 0.07859733978234583
centerY: 0.007413743940690049
width: 0.03909713825070536
height: 0.028514399771884802
Area: 0.00039835110684946685
CentroidX: 0.0930
CentroidY: 0.0235
