Location: Dedata_5.png_Gaussian-Closing.png
Component: component_1755523055545_14.png
centerX: 0.9217741935483871
centerY: 0.008264462809917356
width: 0.028629032258064516
height: 0.03676261043032203
Area: 0.0003802434293383833
CentroidX: 0.9366
CentroidY: 0.0271
