Location: internet_10.png_Mean-Closing.png
Component: component_1755091713847_135.png
centerX: 0.4735993550987505
centerY: 0.3800969489592244
width: 0.028214429665457477
height: 0.035357855717137156
Area: 0.0004908706224333736
CentroidX: 0.4880
CentroidY: 0.3968
