Location: Dedata_5.png_Gaussian-Median.png
Component: component_1755523055447_236.png
centerX: 0.10443548387096774
centerY: 0.6084354516956397
width: 0.020967741935483872
height: 0.047021943573667714
Area: 0.00044505373279769074
CentroidX: 0.1144
CentroidY: 0.6322
