Location: Dedata_5.png_Mean-Medain.png
Component: component_1755523055702_195.png
centerX: 0.8887096774193548
centerY: 0.518666286691365
width: 0.028629032258064516
height: 0.04445711028783129
Area: 0.0005051526489487861
CentroidX: 0.9024
CentroidY: 0.5405
