Location: internet_10.png_Gaussian-Closing.png
Component: component_1755091714628_91.png
centerX: 0.0592503022974607
centerY: 0.22897063016823496
width: 0.030632809351068116
height: 0.034787567721699456
Area: 0.00046535592372576204
CentroidX: 0.0739
CentroidY: 0.2462
