Location: internet_10.png_Otsu.png
Component: component_1755091713939_173.png
centerX: 0.6223297057638049
centerY: 0.10293698317650414
width: 0.02902055622732769
height: 0.041060735671514116
Area: 0.0004927095196375257
CentroidX: 0.6357
CentroidY: 0.1220
