Location: internet_10.png_Gaussian-Median.png
Component: component_1755091714055_73.png
centerX: 0.581217251108424
centerY: 0.16538351867693185
width: 0.032245062474808545
height: 0.03222127174222983
Area: 0.000450070090716247
CentroidX: 0.5945
CentroidY: 0.1816
