Location: internet_10.png_Mean-Closing.png
Component: component_1755091713845_127.png
centerX: 0.8105602579604998
centerY: 0.365839749073282
width: 0.027408303103587262
height: 0.03307670373538637
Area: 0.00041628035458995066
CentroidX: 0.8237
CentroidY: 0.3822
