Location: Dedata_5.png_Gaussian-Closing.png
Component: component_1755523055546_19.png
centerX: 0.3334677419354839
centerY: 0.009974351667141636
width: 0.02258064516129032
height: 0.047591906526075804
Area: 0.00044827126559354285
CentroidX: 0.3451
CentroidY: 0.0335
