Location: Dedata_5.png_Gaussian-Median.png
Component: component_1755523055307_140.png
centerX: 0.5911290322580646
centerY: 0.3525220860644058
width: 0.022983870967741935
height: 0.039042462239954404
Area: 0.00038139254819404483
CentroidX: 0.6023
CentroidY: 0.3733
