Location: internet_10.png_Gaussian-Closing.png
Component: component_1755091714643_135.png
centerX: 0.4740024183796856
centerY: 0.38038209295694325
width: 0.02781136638452237
height: 0.034787567721699456
Area: 0.00046765454523095226
CentroidX: 0.4880
CentroidY: 0.3969
