Location: internet_10.png_Gaussian-Closing.png
Component: component_1755091714645_145.png
centerX: 0.7956469165659008
centerY: 0.4305674365554605
width: 0.03305118903667876
height: 0.030795551753635585
Area: 0.00039306427738752933
CentroidX: 0.8093
CentroidY: 0.4458
