Location: internet_10.png_Gaussian-Closing.png
Component: component_1755091714628_93.png
centerX: 0.879484079000403
centerY: 0.2631879098944967
width: 0.027005239822652155
height: 0.033932135728542916
Area: 0.0003546772982508525
CentroidX: 0.8929
CentroidY: 0.2794
