Location: internet_10.png_Otsu.png
Component: component_1755091713943_190.png
centerX: 0.9286577992744861
centerY: 0.1602509267179926
width: 0.029826682789197905
height: 0.035357855717137156
Area: 0.0004078903860960063
CentroidX: 0.9422
CentroidY: 0.1769
