Location: Dedata_5.png_Gaussian-Closing.png
Component: component_1755523055591_219.png
centerX: 0.8604838709677419
centerY: 0.5739526930749501
width: 0.01935483870967742
height: 0.039612425192362494
Area: 0.0003841504334476324
CentroidX: 0.8697
CentroidY: 0.5937
