Location: Dedata_5.png_Mean-Medain.png
Component: component_1755523055718_260.png
centerX: 0.665725806451613
centerY: 0.713308634938729
width: 0.027822580645161292
height: 0.04787688800227985
Area: 0.0005049228251776537
CentroidX: 0.6799
CentroidY: 0.7373
