Location: internet_10.png_Otsu.png
Component: component_1755091713932_68.png
centerX: 0.6267634018540911
centerY: 0.05018534359851725
width: 0.03829101168883515
height: 0.035357855717137156
Area: 0.0004899511738312975
CentroidX: 0.6406
CentroidY: 0.0696
