Location: Dedata_5.png_Mean-Closing.png
Component: component_1755523055821_176.png
centerX: 0.5064516129032258
centerY: 0.46679965802222856
width: 0.021774193548387097
height: 0.04189227700199487
Area: 0.0004177047040329475
CentroidX: 0.5168
CentroidY: 0.4894
