Location: Dedata_5.png_Mean-Medain.png
Component: component_1755523055664_27.png
centerX: 0.36088709677419356
centerY: 0.06469079509831861
width: 0.027822580645161292
height: 0.042462239954402965
Area: 0.00044896073690693975
CentroidX: 0.3753
CentroidY: 0.0879
