Location: internet_10.png_Otsu.png
Component: component_1755091713971_328.png
centerX: 0.019347037484885126
centerY: 0.5728542914171657
width: 0.027408303103587262
height: 0.03507271171941831
Area: 0.0003608835763148661
CentroidX: 0.0333
CentroidY: 0.5890
