Location: internet_10.png_Gaussian-Median.png
Component: component_1755091714287_290.png
centerX: 0.8133817009270455
centerY: 0.8326204733390362
width: 0.030632809351068116
height: 0.03222127174222983
Area: 0.00032146221750085365
CentroidX: 0.8261
CentroidY: 0.8486
