Location: Dedata_5.png_Mean-Medain.png
Component: component_1755523055663_22.png
centerX: 0.8758064516129033
centerY: 0.058706184098033624
width: 0.024596774193548387
height: 0.045597036192647475
Area: 0.0004440195258275954
CentroidX: 0.8881
CentroidY: 0.0830
