Location: internet_10.png_Otsu.png
Component: component_1755091713932_70.png
centerX: 0.5695284159613059
centerY: 0.05189620758483034
width: 0.03184199919387344
height: 0.03992015968063872
Area: 0.00048535393082091703
CentroidX: 0.5836
CentroidY: 0.0712
