Location: Dedata_5.png_Gaussian-Median.png
Component: component_1755523055313_148.png
centerX: 0.19314516129032258
centerY: 0.359646622969507
width: 0.018145161290322582
height: 0.04160729552579082
Area: 0.0003258901074655954
CentroidX: 0.2017
CentroidY: 0.3811
