Location: Dedata_5.png_Gaussian-Closing.png
Component: component_1755523055551_42.png
centerX: 0.8137096774193548
centerY: 0.1188372755770875
width: 0.02620967741935484
height: 0.042462239954402965
Area: 0.0004311493946441868
CentroidX: 0.8275
CentroidY: 0.1427
