Location: internet_10.png_Gaussian-Median.png
Component: component_1755091714045_18.png
centerX: 0.6577992744860943
centerY: 0.012261191901910464
width: 0.0237807335751713
height: 0.02765896777872826
Area: 0.00026445640417213596
CentroidX: 0.6703
CentroidY: 0.0252
