Location: internet_10.png_Gaussian-Median.png
Component: component_1755091714088_205.png
centerX: 0.2422410318419992
centerY: 0.5634445394924437
width: 0.027005239822652155
height: 0.027944111776447105
Area: 0.00034651719190742714
CentroidX: 0.2560
CentroidY: 0.5774
