Location: Dedata_5.png_Mean-Medain.png
Component: component_1755523055696_168.png
centerX: 0.05685483870967742
centerY: 0.42946708463949845
width: 0.02379032258064516
height: 0.040467369620974636
Area: 0.0004142573474659631
CentroidX: 0.0683
CentroidY: 0.4507
