Location: internet_10.png_Gaussian-Median.png
Component: component_1755091714273_266.png
centerX: 0.9048770656993148
centerY: 0.76732249786142
width: 0.02781136638452237
height: 0.02879954376960365
Area: 0.0003250250808338985
CentroidX: 0.9175
CentroidY: 0.7812
