Location: internet_10.png_Mean-Closing.png
Component: component_1755091713858_191.png
centerX: 0.12817412333736397
centerY: 0.568291987453664
width: 0.03143893591293833
height: 0.03279155973766752
Area: 0.0004140966641600199
CentroidX: 0.1429
CentroidY: 0.5852
