Location: internet_10.png_Gaussian-Median.png
Component: component_1755091714259_252.png
centerX: 0.9278516727126159
centerY: 0.7159965782720273
width: 0.02781136638452237
height: 0.031936127744510975
Area: 0.00035835509265915686
CentroidX: 0.9407
CentroidY: 0.7312
