Location: internet_10.png_Gaussian-Median.png
Component: component_1755091714042_7.png
centerX: 0.018540910923014912
centerY: 0.00855431993156544
width: 0.032648125755743655
height: 0.03051040775591674
Area: 0.00036444643964791095
CentroidX: 0.0324
CentroidY: 0.0253
