Location: Dedata_5.png_Gaussian-Closing.png
Component: component_1755523055583_185.png
centerX: 0.22338709677419355
centerY: 0.48076375035622687
width: 0.02338709677419355
height: 0.04531205471644343
Area: 0.00041942838231643975
CentroidX: 0.2340
CentroidY: 0.5035
