Location: Dedata_5.png_Mean-Closing.png
Component: component_1755523055822_181.png
centerX: 0.3713709677419355
centerY: 0.47591906526075806
width: 0.020161290322580645
height: 0.042462239954402965
Area: 0.00037886448671158957
CentroidX: 0.3807
CentroidY: 0.4973
