Location: Dedata_5.png_Mean-Medain.png
Component: component_1755523055680_98.png
centerX: 0.1625
centerY: 0.24736392134511256
width: 0.02338709677419355
height: 0.0438871473354232
Area: 0.00043746954835032495
CentroidX: 0.1728
CentroidY: 0.2710
