Location: internet_10.png_Gaussian-Median.png
Component: component_1755091714284_276.png
centerX: 0.3857315598548972
centerY: 0.7847162817222697
width: 0.03869407496977025
height: 0.034787567721699456
Area: 0.00040271848770932826
CentroidX: 0.4027
CentroidY: 0.8017
