Location: Dedata_5.png_Gaussian-Median.png
Component: component_1755523055296_108.png
centerX: 0.8286290322580645
centerY: 0.2903961242519236
width: 0.02258064516129032
height: 0.039897406668566546
Area: 0.0003542733432004339
CentroidX: 0.8394
CentroidY: 0.3113
