Location: internet_10.png_Otsu.png
Component: component_1755091713986_420.png
centerX: 0.01652559451833938
centerY: 0.7998289136013687
width: 0.036275695284159616
height: 0.028514399771884802
Area: 0.0003709975109377031
CentroidX: 0.0318
CentroidY: 0.8144
