Location: internet_10.png_Gaussian-Median.png
Component: component_1755091714070_146.png
centerX: 0.4735993550987505
centerY: 0.3800969489592244
width: 0.028214429665457477
height: 0.035357855717137156
Area: 0.00046937851135984493
CentroidX: 0.4880
CentroidY: 0.3968
