Location: Dedata_5.png_Mean-Closing.png
Component: component_1755523055811_140.png
centerX: 0.3342741935483871
centerY: 0.35822171558848676
width: 0.021774193548387097
height: 0.04018238814477059
Area: 0.00039748021217330553
CentroidX: 0.3448
CentroidY: 0.3781
