Location: Dedata_5.png_Mean-Closing.png
Component: component_1755523055829_209.png
centerX: 0.013306451612903225
centerY: 0.5468794528355657
width: 0.01975806451612903
height: 0.045597036192647475
Area: 0.00043425201555447285
CentroidX: 0.0228
CentroidY: 0.5702
