Location: Dedata_5.png_Mean-Closing.png
Component: component_1755523055790_65.png
centerX: 0.6616935483870968
centerY: 0.17412368196067254
width: 0.02620967741935484
height: 0.04417212881162724
Area: 0.0005303183518877725
CentroidX: 0.6746
CentroidY: 0.1978
