Location: Dedata_5.png_Mean-Closing.png
Component: component_1755523055827_200.png
centerX: 0.432258064516129
centerY: 0.5286406383585067
width: 0.022983870967741935
height: 0.04217725847819892
Area: 0.0004166704970628522
CentroidX: 0.4428
CentroidY: 0.5494
