Location: internet_10.png_Mean-Closing.png
Component: component_1755091713868_239.png
centerX: 0.2547359935509875
centerY: 0.7388080980895352
width: 0.04232164449818621
height: 0.031936127744510975
Area: 0.00043547384415828903
CentroidX: 0.2708
CentroidY: 0.7551
