Location: Dedata_5.png_Mean-Closing.png
Component: component_1755523055830_212.png
centerX: 0.8120967741935484
centerY: 0.5716728412653177
width: 0.024193548387096774
height: 0.0481618694784839
Area: 0.00048665183537263625
CentroidX: 0.8235
CentroidY: 0.5949
