Location: internet_10.png_Otsu.png
Component: component_1755091713931_12.png
centerX: 0.6049979846835953
centerY: 0.011690903906472769
width: 0.02176541717049577
height: 0.028229255774165955
Area: 0.00022112738879930013
CentroidX: 0.6162
CentroidY: 0.0267
