Location: internet_10.png_Mean-Closing.png
Component: component_1755091713822_16.png
centerX: 0.6577992744860943
centerY: 0.012261191901910464
width: 0.0237807335751713
height: 0.02765896777872826
Area: 0.0002857186530951456
CentroidX: 0.6701
CentroidY: 0.0250
