Location: internet_10.png_Mean-Closing.png
Component: component_1755091713844_125.png
centerX: 0.12978637646110439
centerY: 0.3410322212717422
width: 0.029423619508262798
height: 0.03222127174222983
Area: 0.0004217970462024072
CentroidX: 0.1450
CentroidY: 0.3557
