Location: internet_10.png_Gaussian-Closing.png
Component: component_1755091714627_89.png
centerX: 0.011688835147118097
centerY: 0.2275449101796407
width: 0.024989923417976623
height: 0.04448246364414029
Area: 0.0005000651084541345
CentroidX: 0.0233
CentroidY: 0.2484
