Location: Dedata_5.png_Mean-Closing.png
Component: component_1755523055795_85.png
centerX: 0.7923387096774194
centerY: 0.2348247363921345
width: 0.02258064516129032
height: 0.040467369620974636
Area: 0.0004035705421083113
CentroidX: 0.8033
CentroidY: 0.2573
