Location: Dedata_5.png_Mean-Closing.png
Component: component_1755523055798_98.png
centerX: 0.3
centerY: 0.24736392134511256
width: 0.020967741935483872
height: 0.03875748076375036
Area: 0.0003983995072578347
CentroidX: 0.3100
CentroidY: 0.2685
