Location: internet_10.png_Otsu.png
Component: component_1755091713953_239.png
centerX: 0.8810963321241435
centerY: 0.3125178214998574
width: 0.028214429665457477
height: 0.034787567721699456
Area: 0.00042846304856745883
CentroidX: 0.8956
CentroidY: 0.3289
