Location: internet_10.png_Otsu.png
Component: component_1755091713957_258.png
centerX: 0.9137444578798871
centerY: 0.3681209010550328
width: 0.026602176541717048
height: 0.028229255774165955
Area: 0.00035053977954151004
CentroidX: 0.9269
CentroidY: 0.3828
