Location: internet_10.png_Mean-Closing.png
Component: component_1755091713872_259.png
centerX: 0.016122531237404272
centerY: 0.7995437696036498
width: 0.03667875856509472
height: 0.0290846877673225
Area: 0.0004112233872785321
CentroidX: 0.0317
CentroidY: 0.8143
