Location: Kurtxevani_1764_page_10.png_Otsu.png
Component: component_1755610055942_1337.png
centerX: 0.34627831715210355
centerY: 0.5304022450888681
width: 0.015533980582524271
height: 0.027128157156220765
Area: 0.00023764762155600158
CentroidX: 0.3543
CentroidY: 0.5428
