Location: internet_10.png_Mean-Closing.png
Component: component_1755091713870_252.png
centerX: 0.4514308746473196
centerY: 0.7801539777587682
width: 0.027005239822652155
height: 0.038209295694325636
Area: 0.00038134130771105915
CentroidX: 0.4632
CentroidY: 0.7987
