Location: Dedata_5.png_Mean-Closing.png
Component: component_1755523055789_63.png
centerX: 0.7185483870967742
centerY: 0.17298375605585636
width: 0.025403225806451612
height: 0.04360216585921915
Area: 0.0004660826078562958
CentroidX: 0.7312
CentroidY: 0.1966
