Location: internet_10.png_Gaussian-Closing.png
Component: component_1755091714620_59.png
centerX: 0.7561467150342603
centerY: 0.15939549472483605
width: 0.030632809351068116
height: 0.03307670373538637
Area: 0.0004340946712551749
CentroidX: 0.7697
CentroidY: 0.1753
