Location: internet_10.png_Mean-Closing.png
Component: component_1755091713852_160.png
centerX: 0.9230149133413946
centerY: 0.48502994011976047
width: 0.03345425231761386
height: 0.037639007698887936
Area: 0.0004600690942638245
CentroidX: 0.9379
CentroidY: 0.5023
