Location: internet_10.png_Gaussian-Closing.png
Component: component_1755091714624_78.png
centerX: 0.8162031438935913
centerY: 0.2084402623324779
width: 0.032648125755743655
height: 0.03136583974907328
Area: 0.00043466932663147246
CentroidX: 0.8324
CentroidY: 0.2228
