Location: internet_10.png_Gaussian-Closing.png
Component: component_1755091714591_10.png
centerX: 0.8915759774284563
centerY: 0.009694895922440832
width: 0.02902055622732769
height: 0.03307670373538637
Area: 0.00028468427341781
CentroidX: 0.9067
CentroidY: 0.0250
