Location: internet_10.png_Mean-Closing.png
Component: component_1755091713847_138.png
centerX: 0.2857718661829907
centerY: 0.38751069289991447
width: 0.032245062474808545
height: 0.03364699173082407
Area: 0.0004829403782404673
CentroidX: 0.3002
CentroidY: 0.4047
