Location: Dedata_5.png_Mean-Medain.png
Component: component_1755523055716_248.png
centerX: 0.33145161290322583
centerY: 0.6594471359361641
width: 0.021370967741935483
height: 0.04474209176403534
Area: 0.00044735197050901367
CentroidX: 0.3416
CentroidY: 0.6821
