Location: internet_10.png_Gaussian-Median.png
Component: component_1755091714252_234.png
centerX: 0.7251108424022572
centerY: 0.6598232107214144
width: 0.03869407496977025
height: 0.029940119760479042
Area: 0.00041547583706313403
CentroidX: 0.7421
CentroidY: 0.6741
