Location: Dedata_5.png_Mean-Closing.png
Component: component_1755523055795_86.png
centerX: 0.8370967741935483
centerY: 0.23510971786833856
width: 0.021370967741935483
height: 0.04075235109717868
Area: 0.00041092490278454483
CentroidX: 0.8479
CentroidY: 0.2579
