Location: Dedata_5.png_Mean-Medain.png
Component: component_1755523055668_46.png
centerX: 0.6649193548387097
centerY: 0.11997720148190368
width: 0.020967741935483872
height: 0.04189227700199487
Area: 0.0004143722593515292
CentroidX: 0.6761
CentroidY: 0.1428
