Location: internet_10.png_Mean-Closing.png
Component: component_1755091713844_124.png
centerX: 0.0773881499395405
centerY: 0.34046193327630453
width: 0.029423619508262798
height: 0.03421727972626176
Area: 0.0004340946712551749
CentroidX: 0.0908
CentroidY: 0.3567
