Location: Dedata_5.png_Gaussian-Median.png
Component: component_1755523055464_285.png
centerX: 0.6213709677419355
centerY: 0.7885437446565973
width: 0.027016129032258064
height: 0.048446850954687946
Area: 0.0004649334890006343
CentroidX: 0.6343
CentroidY: 0.8123
