Location: Dedata_5.png_Gaussian-Median.png
Component: component_1755523055460_274.png
centerX: 0.2818548387096774
centerY: 0.7281276717013394
width: 0.024193548387096774
height: 0.049586776859504134
Area: 0.0004921676058798113
CentroidX: 0.2939
CentroidY: 0.7522
