Location: Dedata_5.png_Gaussian-Median.png
Component: component_1755523055277_17.png
centerX: 0.5556451612903226
centerY: 0.009119407238529496
width: 0.02338709677419355
height: 0.043032202906811055
Area: 0.00038828726132801366
CentroidX: 0.5673
CentroidY: 0.0311
