Location: internet_10.png_Otsu.png
Component: component_1755091713987_429.png
centerX: 0.7557436517533253
centerY: 0.8303393213572854
width: 0.02539298669891173
height: 0.03507271171941831
Area: 0.00029836107137369187
CentroidX: 0.7675
CentroidY: 0.8470
