Location: Dedata_5.png_Mean-Closing.png
Component: component_1755523055847_277.png
centerX: 0.7129032258064516
centerY: 0.786833855799373
width: 0.027016129032258064
height: 0.047591906526075804
Area: 0.00047987203412423355
CentroidX: 0.7266
CentroidY: 0.8110
