Location: internet_10.png_Mean-Closing.png
Component: component_1755091713845_128.png
centerX: 0.8625554212011286
centerY: 0.36726546906187624
width: 0.02539298669891173
height: 0.03022526375819789
Area: 0.00040731573071970875
CentroidX: 0.8750
CentroidY: 0.3818
