Location: Dedata_5.png_Mean-Medain.png
Component: component_1755523055696_171.png
centerX: 0.7419354838709677
centerY: 0.4608150470219436
width: 0.02217741935483871
height: 0.04673696209746366
Area: 0.0004658527840851635
CentroidX: 0.7531
CentroidY: 0.4858
