Location: internet_10.png_Mean-Closing.png
Component: component_1755091713828_45.png
centerX: 0.5143087464731962
centerY: 0.10892500712859994
width: 0.029423619508262798
height: 0.03592814371257485
Area: 0.000479722308133201
CentroidX: 0.5288
CentroidY: 0.1257
