Location: internet_10.png_Mean-Closing.png
Component: component_1755091713832_61.png
centerX: 0.9286577992744861
centerY: 0.1602509267179926
width: 0.030229746070133012
height: 0.035642999714856
Area: 0.00044363395050171436
CentroidX: 0.9422
CentroidY: 0.1768
