Location: internet_10.png_Gaussian-Median.png
Component: component_1755091714072_155.png
centerX: 0.8520757758968158
centerY: 0.42857142857142855
width: 0.032245062474808545
height: 0.03307670373538637
Area: 0.00041168311157957016
CentroidX: 0.8670
CentroidY: 0.4444
