Location: internet_10.png_Otsu.png
Component: component_1755091713945_202.png
centerX: 0.12817412333736397
centerY: 0.17336755061305958
width: 0.037484885126964934
height: 0.038209295694325636
Area: 0.00048523899974565755
CentroidX: 0.1441
CentroidY: 0.1928
