Location: Dedata_5.png_Gaussian-Closing.png
Component: component_1755523055564_100.png
centerX: 0.3
centerY: 0.24736392134511256
width: 0.02056451612903226
height: 0.03875748076375036
Area: 0.0003740381875178113
CentroidX: 0.3099
CentroidY: 0.2685
