Location: Dedata_5.png_Mean-Closing.png
Component: component_1755523055800_103.png
centerX: 0.8282258064516129
centerY: 0.2903961242519236
width: 0.022983870967741935
height: 0.039897406668566546
Area: 0.00037059083095082693
CentroidX: 0.8394
CentroidY: 0.3114
