Location: internet_10.png_Otsu.png
Component: component_1755091713985_411.png
centerX: 0.26803708182184605
centerY: 0.787852865697177
width: 0.03385731559854897
height: 0.03136583974907328
Area: 0.00032939246169375996
CentroidX: 0.2831
CentroidY: 0.8033
