Location: Dedata_5.png_Mean-Closing.png
Component: component_1755523055782_36.png
centerX: 0.06330645161290323
centerY: 0.06754060986035908
width: 0.02217741935483871
height: 0.0353377030493018
Area: 0.000362891734617895
CentroidX: 0.0750
CentroidY: 0.0866
