Location: internet_10.png_Otsu.png
Component: component_1755091713975_353.png
centerX: 0.7863764611043934
centerY: 0.6564014827487882
width: 0.037081821846029824
height: 0.03279155973766752
Area: 0.000389616345129744
CentroidX: 0.8020
CentroidY: 0.6726
