Location: Dedata_5.png_Mean-Medain.png
Component: component_1755523055665_29.png
centerX: 0.6181451612903226
centerY: 0.06469079509831861
width: 0.024193548387096774
height: 0.04132231404958678
Area: 0.00043229851349984834
CentroidX: 0.6313
CentroidY: 0.0874
