Location: Dedata_5.png_Mean-Closing.png
Component: component_1755523055803_116.png
centerX: 0.3866935483870968
centerY: 0.3000854944428612
width: 0.021370967741935483
height: 0.04075235109717868
Area: 0.00040621351547633273
CentroidX: 0.3965
CentroidY: 0.3217
