Location: internet_10.png_Gaussian-Closing.png
Component: component_1755091714650_165.png
centerX: 0.6420798065296252
centerY: 0.48902195608782434
width: 0.029423619508262798
height: 0.03307670373538637
Area: 0.000389616345129744
CentroidX: 0.6550
CentroidY: 0.5050
