Location: internet_10.png_Gaussian-Median.png
Component: component_1755091714079_183.png
centerX: 0.18540910923014914
centerY: 0.5049900199600799
width: 0.02902055622732769
height: 0.03849443969204448
Area: 0.0004294974282447945
CentroidX: 0.2011
CentroidY: 0.5214
