Location: Dedata_5.png_Gaussian-Closing.png
Component: component_1755523055561_88.png
centerX: 0.8375
centerY: 0.23510971786833856
width: 0.020967741935483872
height: 0.04075235109717868
Area: 0.0003858741117311246
CentroidX: 0.8479
CentroidY: 0.2578
