Location: Dedata_5.png_Gaussian-Median.png
Component: component_1755523055298_117.png
centerX: 0.4346774193548387
centerY: 0.2983756055856369
width: 0.021774193548387097
height: 0.04531205471644343
Area: 0.00038529955230329384
CentroidX: 0.4441
CentroidY: 0.3220
