Location: Dedata_5.png_Mean-Medain.png
Component: component_1755523055706_208.png
centerX: 0.18024193548387096
centerY: 0.5380450270732402
width: 0.021370967741935483
height: 0.04616699914505557
Area: 0.00041724505649068296
CentroidX: 0.1916
CentroidY: 0.5612
