Location: Dedata_5.png_Gaussian-Median.png
Component: component_1755523055295_103.png
centerX: 0.06653225806451613
centerY: 0.2516386434881733
width: 0.02217741935483871
height: 0.04132231404958678
Area: 0.00042103714871436583
CentroidX: 0.0772
CentroidY: 0.2734
