Location: Dedata_5.png_Gaussian-Closing.png
Component: component_1755523055552_45.png
centerX: 0.25040322580645163
centerY: 0.11997720148190368
width: 0.02217741935483871
height: 0.04417212881162724
Area: 0.00039748021217330553
CentroidX: 0.2623
CentroidY: 0.1439
