Location: internet_10.png_Otsu.png
Component: component_1755091713987_428.png
centerX: 0.638049173720274
centerY: 0.8306244653550042
width: 0.029423619508262798
height: 0.03450242372398061
Area: 0.0003212323553503346
CentroidX: 0.6526
CentroidY: 0.8469
