Location: internet_10.png_Mean-Closing.png
Component: component_1755091713830_52.png
centerX: 0.1725110842402257
centerY: 0.11747932706016538
width: 0.028214429665457477
height: 0.03592814371257485
Area: 0.00045455240265136797
CentroidX: 0.1866
CentroidY: 0.1348
