Location: Dedata_5.png_Gaussian-Closing.png
Component: component_1755523055562_95.png
centerX: 0.44193548387096776
centerY: 0.24194927329723567
width: 0.022983870967741935
height: 0.04331718438301511
Area: 0.0004054091322773697
CentroidX: 0.4528
CentroidY: 0.2661
