Location: Dedata_5.png_Mean-Closing.png
Component: component_1755523055811_139.png
centerX: 0.2342741935483871
centerY: 0.35822171558848676
width: 0.02217741935483871
height: 0.0353377030493018
Area: 0.00035875490673751366
CentroidX: 0.2450
CentroidY: 0.3775
