Location: Dedata_5.png_Gaussian-Closing.png
Component: component_1755523055584_188.png
centerX: 0.017338709677419354
centerY: 0.48503847249928755
width: 0.02056451612903226
height: 0.0438871473354232
Area: 0.0004173599683762491
CentroidX: 0.0264
CentroidY: 0.5080
