Location: Dedata_5.png_Gaussian-Closing.png
Component: component_1755523055589_210.png
centerX: 0.09637096774193549
centerY: 0.5431746936449131
width: 0.02217741935483871
height: 0.043032202906811055
Area: 0.000408741576958788
CentroidX: 0.1066
CentroidY: 0.5652
