Location: internet_10.png_Gaussian-Median.png
Component: component_1755091714292_302.png
centerX: 0.07174526400644901
centerY: 0.8491588252067294
width: 0.037484885126964934
height: 0.03706871970345024
Area: 0.0004038677984619234
CentroidX: 0.0905
CentroidY: 0.8661
