Location: internet_10.png_Otsu.png
Component: component_1755091713968_304.png
centerX: 0.021362353889560662
centerY: 0.5095523239235814
width: 0.030229746070133012
height: 0.034787567721699456
Area: 0.00038145623878631864
CentroidX: 0.0347
CentroidY: 0.5263
