Location: internet_10.png_Mean-Closing.png
Component: component_1755091713873_264.png
centerX: 0.7553405884723902
centerY: 0.8303393213572854
width: 0.026199113260781944
height: 0.03507271171941831
Area: 0.0003662853368520631
CentroidX: 0.7680
CentroidY: 0.8474
