Location: Dedata_5.png_Mean-Medain.png
Component: component_1755523055703_199.png
centerX: 0.5625
centerY: 0.5226560273582217
width: 0.024193548387096774
height: 0.04160729552579082
Area: 0.00046091157300581916
CentroidX: 0.5727
CentroidY: 0.5436
