Location: Kurtxevani_1784_page_10.png_Gaussian-Closing.png
Component: component_1755610055759_492.png
centerX: 0.7405812701829925
centerY: 0.6685258964143427
width: 0.017222820236813777
height: 0.024701195219123506
Area: 0.00024702052929294663
CentroidX: 0.7486
CentroidY: 0.6800
