Location: Dedata_5.png_Gaussian-Closing.png
Component: component_1755523055556_70.png
centerX: 0.7657258064516129
centerY: 0.17583357081789683
width: 0.028225806451612902
height: 0.04018238814477059
Area: 0.00043333272046994366
CentroidX: 0.7795
CentroidY: 0.1966
