Location: internet_10.png_Otsu.png
Component: component_1755091713985_410.png
centerX: 0.32769044740024184
centerY: 0.786142001710864
width: 0.032245062474808545
height: 0.034787567721699456
Area: 0.00032215180395241073
CentroidX: 0.3410
CentroidY: 0.8043
