Location: Dedata_5.png_Mean-Medain.png
Component: component_1755523055722_273.png
centerX: 0.14153225806451614
centerY: 0.7324023938444001
width: 0.02903225806451613
height: 0.04417212881162724
Area: 0.0004912483107952822
CentroidX: 0.1562
CentroidY: 0.7547
