Location: Dedata_5.png_Gaussian-Closing.png
Component: component_1755523055605_278.png
centerX: 0.7633064516129032
centerY: 0.7859789113707609
width: 0.025
height: 0.050156739811912224
Area: 0.00046700190294082496
CentroidX: 0.7753
CentroidY: 0.8120
