Location: internet_10.png_Otsu.png
Component: component_1755091713974_340.png
centerX: 0.354695687222894
centerY: 0.6181921870544625
width: 0.030632809351068116
height: 0.03279155973766752
Area: 0.00036605547470154414
CentroidX: 0.3687
CentroidY: 0.6335
