Location: Dedata_5.png_Gaussian-Median.png
Component: component_1755523055290_75.png
centerX: 0.5524193548387096
centerY: 0.17811342262752922
width: 0.024193548387096774
height: 0.04160729552579082
Area: 0.00042609327167927635
CentroidX: 0.5647
CentroidY: 0.2008
