Location: internet_10.png_Gaussian-Closing.png
Component: component_1755091714665_233.png
centerX: 0.6779524385328497
centerY: 0.7214143142286855
width: 0.03385731559854897
height: 0.030795551753635585
Area: 0.00041674007889098866
CentroidX: 0.6950
CentroidY: 0.7344
