Location: internet_10.png_Gaussian-Closing.png
Component: component_1755091714609_23.png
centerX: 0.513099556630391
centerY: 0.05246649558026804
width: 0.028617492946392584
height: 0.03706871970345024
Area: 0.00046121840501641965
CentroidX: 0.5266
CentroidY: 0.0705
