Location: internet_10.png_Otsu.png
Component: component_1755091713970_323.png
centerX: 0.29907295445384924
centerY: 0.5631593954947248
width: 0.030229746070133012
height: 0.029369831765041345
Area: 0.000344908156853794
CentroidX: 0.3147
CentroidY: 0.5762
