Location: Dedata_5.png_Mean-Closing.png
Component: component_1755523055837_241.png
centerX: 0.5185483870967742
centerY: 0.6528925619834711
width: 0.02379032258064516
height: 0.040467369620974636
Area: 0.000453787036100718
CentroidX: 0.5303
CentroidY: 0.6729
