Location: internet_10.png_Mean-Closing.png
Component: component_1755091713871_256.png
centerX: 0.20475614671503425
centerY: 0.7884231536926147
width: 0.032648125755743655
height: 0.03507271171941831
Area: 0.00042248663265396423
CentroidX: 0.2194
CentroidY: 0.8061
