Location: Dedata_5.png_Mean-Medain.png
Component: component_1755523055678_89.png
centerX: 0.49233870967741933
centerY: 0.2396694214876033
width: 0.02258064516129032
height: 0.04132231404958678
Area: 0.00043229851349984834
CentroidX: 0.5031
CentroidY: 0.2625
