Location: Dedata_5.png_Gaussian-Median.png
Component: component_1755523055361_170.png
centerX: 0.10201612903225807
centerY: 0.4237674551154175
width: 0.02217741935483871
height: 0.0438871473354232
Area: 0.0004205775011721012
CentroidX: 0.1129
CentroidY: 0.4457
