Location: internet_10.png_Gaussian-Closing.png
Component: component_1755091714667_239.png
centerX: 0.2547359935509875
centerY: 0.7388080980895352
width: 0.04232164449818621
height: 0.031936127744510975
Area: 0.00041444145738579844
CentroidX: 0.2710
CentroidY: 0.7552
