Location: internet_10.png_Gaussian-Median.png
Component: component_1755091714053_59.png
centerX: 0.1725110842402257
centerY: 0.11747932706016538
width: 0.028214429665457477
height: 0.03592814371257485
Area: 0.00043547384415828903
CentroidX: 0.1867
CentroidY: 0.1348
