Location: internet_10.png_Otsu.png
Component: component_1755091713941_183.png
centerX: 0.1725110842402257
centerY: 0.11776447105788423
width: 0.02781136638452237
height: 0.035357855717137156
Area: 0.0004170848721167672
CentroidX: 0.1866
CentroidY: 0.1348
