Location: internet_10.png_Gaussian-Closing.png
Component: component_1755091714658_198.png
centerX: 0.7045546150745667
centerY: 0.5996578272027374
width: 0.03829101168883515
height: 0.032506415739948676
Area: 0.00039973027975258096
CentroidX: 0.7183
CentroidY: 0.6170
