Location: internet_10.png_Mean-Closing.png
Component: component_1755091713856_179.png
centerX: 0.6989117291414753
centerY: 0.544054747647562
width: 0.029423619508262798
height: 0.030795551753635585
Area: 0.00039605248534427663
CentroidX: 0.7125
CentroidY: 0.5589
