Location: Dedata_5.png_Gaussian-Closing.png
Component: component_1755523055601_260.png
centerX: 0.6653225806451613
centerY: 0.713308634938729
width: 0.028225806451612902
height: 0.04787688800227985
Area: 0.00047389661607479385
CentroidX: 0.6799
CentroidY: 0.7372
