Location: Dedata_5.png_Mean-Closing.png
Component: component_1755523055803_115.png
centerX: 0.34153225806451615
centerY: 0.29980051296665716
width: 0.02217741935483871
height: 0.04360216585921915
Area: 0.0004046047490784067
CentroidX: 0.3518
CentroidY: 0.3232
