Location: Dedata_5.png_Gaussian-Closing.png
Component: component_1755523055549_34.png
centerX: 0.6713709677419355
centerY: 0.06583072100313479
width: 0.02379032258064516
height: 0.04132231404958678
Area: 0.00038403552156206623
CentroidX: 0.6837
CentroidY: 0.0881
