Location: Dedata_5.png_Gaussian-Median.png
Component: component_1755523055309_142.png
centerX: 0.37661290322580643
centerY: 0.35651182673126247
width: 0.018951612903225806
height: 0.04018238814477059
Area: 0.0003454251280118405
CentroidX: 0.3862
CentroidY: 0.3777
