Location: internet_10.png_Mean-Closing.png
Component: component_1755091713869_242.png
centerX: 0.0761789600967352
centerY: 0.7473624180211007
width: 0.03305118903667876
height: 0.03022526375819789
Area: 0.00039202989771019373
CentroidX: 0.0920
CentroidY: 0.7616
