Location: Dedata_5.png_Gaussian-Median.png
Component: component_1755523055287_66.png
centerX: 0.9137096774193548
centerY: 0.17355371900826447
width: 0.027016129032258064
height: 0.043032202906811055
Area: 0.00044275549508636776
CentroidX: 0.9267
CentroidY: 0.1965
