Location: internet_10.png_Gaussian-Median.png
Component: component_1755091714043_13.png
centerX: 0.4280532043530834
centerY: 0.010265183917878529
width: 0.029423619508262798
height: 0.02737382378100941
Area: 0.00027997209933217
CentroidX: 0.4416
CentroidY: 0.0233
