Location: internet_10.png_Otsu.png
Component: component_1755091713972_331.png
centerX: 0.8162031438935913
centerY: 0.5953806672369547
width: 0.037081821846029824
height: 0.034787567721699456
Area: 0.00042030294222403355
CentroidX: 0.8321
CentroidY: 0.6126
