Location: internet_10.png_Otsu.png
Component: component_1755091713979_380.png
centerX: 0.8053204353083434
centerY: 0.7142857142857143
width: 0.041112454655380895
height: 0.029654975762760195
Area: 0.00040651121319289213
CentroidX: 0.8217
CentroidY: 0.7289
