Location: Dedata_5.png_Gaussian-Closing.png
Component: component_1755523055596_237.png
centerX: 0.7701612903225806
centerY: 0.6414933029353092
width: 0.02258064516129032
height: 0.047021943573667714
Area: 0.00045884315906562846
CentroidX: 0.7815
CentroidY: 0.6652
