Location: Dedata_5.png_Mean-Closing.png
Component: component_1755523055802_110.png
centerX: 0.6108870967741935
centerY: 0.29438586491878027
width: 0.020161290322580645
height: 0.04075235109717868
Area: 0.0003785197510548911
CentroidX: 0.6211
CentroidY: 0.3151
