Location: Dedata_5.png_Gaussian-Closing.png
Component: component_1755523055558_78.png
centerX: 0.29596774193548386
centerY: 0.18096323738956968
width: 0.021774193548387097
height: 0.047021943573667714
Area: 0.0004356309581812666
CentroidX: 0.3070
CentroidY: 0.2054
