Location: Dedata_5.png_Gaussian-Closing.png
Component: component_1755523055587_203.png
centerX: 0.432258064516129
centerY: 0.5286406383585067
width: 0.02258064516129032
height: 0.04217725847819892
Area: 0.00038794252567131524
CentroidX: 0.4429
CentroidY: 0.5495
