Location: internet_10.png_Mean-Closing.png
Component: component_1755091713824_27.png
centerX: 0.7936316001612254
centerY: 0.05617336755061306
width: 0.032648125755743655
height: 0.029654975762760195
Area: 0.00044432353695327145
CentroidX: 0.8078
CentroidY: 0.0708
