Location: internet_10.png_Gaussian-Closing.png
Component: component_1755091714610_27.png
centerX: 0.7940346634421604
centerY: 0.05617336755061306
width: 0.032245062474808545
height: 0.029940119760479042
Area: 0.0004270838756643447
CentroidX: 0.8078
CentroidY: 0.0709
