Location: internet_10.png_Mean-Closing.png
Component: component_1755091713825_31.png
centerX: 0.29020556227327693
centerY: 0.0575990875392073
width: 0.02418379685610641
height: 0.036213287710293696
Area: 0.00035743564405708075
CentroidX: 0.3024
CentroidY: 0.0747
