Location: Dedata_5.png_Mean-Medain.png
Component: component_1755523055712_231.png
centerX: 0.14193548387096774
centerY: 0.6067255628384155
width: 0.022983870967741935
height: 0.04417212881162724
Area: 0.00044608793976778606
CentroidX: 0.1527
CentroidY: 0.6284
