Location: internet_10.png_Gaussian-Median.png
Component: component_1755091714084_199.png
centerX: 0.5215638855300282
centerY: 0.5503279155973767
width: 0.032245062474808545
height: 0.02765896777872826
Area: 0.00031652018126469465
CentroidX: 0.5367
CentroidY: 0.5637
