Location: Dedata_5.png_Mean-Closing.png
Component: component_1755523055806_120.png
centerX: 0.15604838709677418
centerY: 0.3029353092049017
width: 0.018951612903225806
height: 0.04075235109717868
Area: 0.00037484257071677436
CentroidX: 0.1652
CentroidY: 0.3246
