Location: Dedata_5.png_Mean-Medain.png
Component: component_1755523055682_113.png
centerX: 0.6528225806451613
centerY: 0.29609575377600456
width: 0.024193548387096774
height: 0.03733257338273012
Area: 0.0004015021281681207
CentroidX: 0.6641
CentroidY: 0.3156
