Location: Dedata_5.png_Mean-Medain.png
Component: component_1755523055701_193.png
centerX: 0.8044354838709677
centerY: 0.5169563978341408
width: 0.02338709677419355
height: 0.04531205471644343
Area: 0.0004485010893646752
CentroidX: 0.8158
CentroidY: 0.5387
