Location: Dedata_5.png_Gaussian-Median.png
Component: component_1755523055441_216.png
centerX: 0.013306451612903225
centerY: 0.5468794528355657
width: 0.01975806451612903
height: 0.04588201766885153
Area: 0.0004089714007299203
CentroidX: 0.0229
CentroidY: 0.5704
