Location: Dedata_5.png_Mean-Medain.png
Component: component_1755523055680_101.png
centerX: 0.06612903225806452
centerY: 0.2516386434881733
width: 0.02258064516129032
height: 0.04132231404958678
Area: 0.0004402274336039125
CentroidX: 0.0772
CentroidY: 0.2735
