Location: internet_10.png_Otsu.png
Component: component_1755091713944_198.png
centerX: 0.354695687222894
centerY: 0.16994582264043342
width: 0.036275695284159616
height: 0.03364699173082407
Area: 0.00046926358028458545
CentroidX: 0.3686
CentroidY: 0.1881
