Location: Dedata_5.png_Gaussian-Closing.png
Component: component_1755523055582_181.png
centerX: 0.4576612903225806
centerY: 0.4702194357366771
width: 0.021370967741935483
height: 0.04189227700199487
Area: 0.0003811627244229125
CentroidX: 0.4679
CentroidY: 0.4917
