Location: Dedata_5.png_Mean-Closing.png
Component: component_1755523055848_282.png
centerX: 0.5681451612903226
centerY: 0.7899686520376176
width: 0.02943548387096774
height: 0.04616699914505557
Area: 0.000470104523851111
CentroidX: 0.5816
CentroidY: 0.8130
