Location: Dedata_5.png_Mean-Closing.png
Component: component_1755523055786_49.png
centerX: 0.6153225806451613
centerY: 0.12111712738671987
width: 0.025403225806451612
height: 0.04132231404958678
Area: 0.00044838617747910905
CentroidX: 0.6277
CentroidY: 0.1424
