Location: internet_10.png_Gaussian-Closing.png
Component: component_1755091714649_159.png
centerX: 0.019750100765820233
centerY: 0.45223838038209296
width: 0.03829101168883515
height: 0.029940119760479042
Area: 0.0004521388500709182
CentroidX: 0.0364
CentroidY: 0.4679
