Location: Dedata_5.png_Gaussian-Median.png
Component: component_1755523055293_93.png
centerX: 0.5415322580645161
centerY: 0.23938444001139925
width: 0.02258064516129032
height: 0.04360216585921915
Area: 0.00040736263433199425
CentroidX: 0.5523
CentroidY: 0.2624
