Location: Dedata_5.png_Mean-Closing.png
Component: component_1755523055810_135.png
centerX: 0.4588709677419355
centerY: 0.3548019378740382
width: 0.02338709677419355
height: 0.042462239954402965
Area: 0.0004232204745401226
CentroidX: 0.4706
CentroidY: 0.3766
