Location: Dedata_5.png_Gaussian-Median.png
Component: component_1755523055436_206.png
centerX: 0.432258064516129
centerY: 0.5286406383585067
width: 0.02258064516129032
height: 0.04217725847819892
Area: 0.0003874828781290506
CentroidX: 0.4428
CentroidY: 0.5494
