Location: Dedata_5.png_Gaussian-Closing.png
Component: component_1755523055580_170.png
centerX: 0.9524193548387097
centerY: 0.45682530635508695
width: 0.021774193548387097
height: 0.04217725847819892
Area: 0.00038598902361669074
CentroidX: 0.9626
CentroidY: 0.4790
