Location: internet_10.png_Gaussian-Closing.png
Component: component_1755091714653_177.png
centerX: 0.8170092704554615
centerY: 0.5426290276589678
width: 0.027408303103587262
height: 0.029940119760479042
Area: 0.0003472067783589842
CentroidX: 0.8299
CentroidY: 0.5578
