Location: Dedata_5.png_Gaussian-Median.png
Component: component_1755523055286_56.png
centerX: 0.29758064516129035
centerY: 0.12339697919635224
width: 0.025403225806451612
height: 0.04075235109717868
Area: 0.00040471966096397284
CentroidX: 0.3100
CentroidY: 0.1460
