Location: internet_10.png_Otsu.png
Component: component_1755091713933_71.png
centerX: 0.513099556630391
centerY: 0.05246649558026804
width: 0.028617492946392584
height: 0.03706871970345024
Area: 0.00044259957082437877
CentroidX: 0.5266
CentroidY: 0.0706
