Location: Dedata_5.png_Mean-Closing.png
Component: component_1755523055846_275.png
centerX: 0.7629032258064516
centerY: 0.7859789113707609
width: 0.025403225806451612
height: 0.050156739811912224
Area: 0.0004964193456457589
CentroidX: 0.7753
CentroidY: 0.8121
