Location: internet_10.png_Gaussian-Closing.png
Component: component_1755091714645_143.png
centerX: 0.8520757758968158
centerY: 0.42857142857142855
width: 0.032245062474808545
height: 0.03279155973766752
Area: 0.00041202790480534873
CentroidX: 0.8669
CentroidY: 0.4443
