Location: internet_10.png_Gaussian-Closing.png
Component: component_1755091714673_274.png
centerX: 0.018540910923014912
centerY: 0.848018249215854
width: 0.03345425231761386
height: 0.033932135728542916
Area: 0.00038605348179669913
CentroidX: 0.0337
CentroidY: 0.8653
