Location: Dedata_5.png_Mean-Medain.png
Component: component_1755523055661_14.png
centerX: 0.9217741935483871
centerY: 0.007979481333713309
width: 0.02903225806451613
height: 0.03733257338273012
Area: 0.0004177047040329475
CentroidX: 0.9366
CentroidY: 0.0271
