Location: internet_10.png_Mean-Closing.png
Component: component_1755091713821_9.png
centerX: 0.25634824667472794
centerY: 0.009694895922440832
width: 0.03385731559854897
height: 0.029369831765041345
Area: 0.0003958226231937576
CentroidX: 0.2706
CentroidY: 0.0250
