Location: Dedata_5.png_Mean-Medain.png
Component: component_1755523055702_197.png
centerX: 0.6645161290322581
centerY: 0.5203761755485894
width: 0.02661290322580645
height: 0.04018238814477059
Area: 0.0004536721242151518
CentroidX: 0.6765
CentroidY: 0.5394
