Location: internet_10.png_Gaussian-Median.png
Component: component_1755091714224_225.png
centerX: 0.23901652559451833
centerY: 0.6238950670088395
width: 0.029826682789197905
height: 0.03222127174222983
Area: 0.00035076964169202906
CentroidX: 0.2524
CentroidY: 0.6396
