Location: internet_10.png_Mean-Closing.png
Component: component_1755091713868_238.png
centerX: 0.38170092704554615
centerY: 0.7333903621328771
width: 0.030632809351068116
height: 0.03307670373538637
Area: 0.00042857797964271837
CentroidX: 0.3971
CentroidY: 0.7491
