Location: internet_10.png_Otsu.png
Component: component_1755091713967_301.png
centerX: 0.2434502216848045
centerY: 0.5067008839463929
width: 0.027005239822652155
height: 0.031080695751354435
Area: 0.00031939345814618246
CentroidX: 0.2571
CentroidY: 0.5214
