Location: internet_10.png_Gaussian-Median.png
Component: component_1755091714074_161.png
centerX: 0.5804111245465539
centerY: 0.43570002851439976
width: 0.03143893591293833
height: 0.03165098374679213
Area: 0.0003982361757742073
CentroidX: 0.5947
CentroidY: 0.4508
