Location: Dedata_5.png_Mean-Medain.png
Component: component_1755523055675_76.png
centerX: 0.2955645161290323
centerY: 0.18096323738956968
width: 0.02217741935483871
height: 0.047021943573667714
Area: 0.00046539313654289893
CentroidX: 0.3070
CentroidY: 0.2055
