Location: internet_10.png_Mean-Closing.png
Component: component_1755091713844_123.png
centerX: 0.1829907295445385
centerY: 0.3401767892785857
width: 0.0354695687222894
height: 0.03364699173082407
Area: 0.0004820209296383912
CentroidX: 0.1993
CentroidY: 0.3561
