Location: Dedata_5.png_Gaussian-Median.png
Component: component_1755523055451_246.png
centerX: 0.6096774193548387
centerY: 0.646053006554574
width: 0.02620967741935484
height: 0.040467369620974636
Area: 0.00045757912832440086
CentroidX: 0.6218
CentroidY: 0.6674
