Location: Dedata_5.png_Gaussian-Median.png
Component: component_1755523055457_263.png
centerX: 0.7641129032258065
centerY: 0.7127386719863209
width: 0.03064516129032258
height: 0.050441721288116276
Area: 0.00053307623714136
CentroidX: 0.7782
CentroidY: 0.7392
