Location: internet_10.png_Gaussian-Closing.png
Component: component_1755091714664_226.png
centerX: 0.12172511084240226
centerY: 0.6906187624750499
width: 0.03788794840790004
height: 0.032506415739948676
Area: 0.00043846205211503633
CentroidX: 0.1389
CentroidY: 0.7061
