Location: Dedata_5.png_Mean-Medain.png
Component: component_1755523055714_243.png
centerX: 0.5633064516129033
centerY: 0.6489028213166145
width: 0.02217741935483871
height: 0.0438871473354232
Area: 0.0004305748352163561
CentroidX: 0.5739
CentroidY: 0.6711
