Location: Dedata_5.png_Gaussian-Median.png
Component: component_1755523055286_59.png
centerX: 0.1536290322580645
centerY: 0.12453690510116842
width: 0.02379032258064516
height: 0.04160729552579082
Area: 0.0003717399498064884
CentroidX: 0.1655
CentroidY: 0.1462
