Location: Dedata_5.png_Mean-Closing.png
Component: component_1755523055842_258.png
centerX: 0.7137096774193549
centerY: 0.7130236534625249
width: 0.028629032258064516
height: 0.04930179538330009
Area: 0.0005456016326680701
CentroidX: 0.7270
CentroidY: 0.7387
