Location: Dedata_5.png_Gaussian-Median.png
Component: component_1755523055464_284.png
centerX: 0.7129032258064516
centerY: 0.786833855799373
width: 0.027016129032258064
height: 0.047591906526075804
Area: 0.0004510291508471304
CentroidX: 0.7266
CentroidY: 0.8109
