Location: internet_10.png_Gaussian-Closing.png
Component: component_1755091714622_66.png
centerX: 0.524788391777509
centerY: 0.16595380667236956
width: 0.032245062474808545
height: 0.03222127174222983
Area: 0.00045328816082351335
CentroidX: 0.5397
CentroidY: 0.1815
