Location: internet_10.png_Gaussian-Median.png
Component: component_1755091714047_30.png
centerX: 0.7400241837968561
centerY: 0.052751639577986884
width: 0.03305118903667876
height: 0.031936127744510975
Area: 0.00044627736523268315
CentroidX: 0.7549
CentroidY: 0.0677
