Location: internet_10.png_Gaussian-Closing.png
Component: component_1755091714662_218.png
centerX: 0.5501813784764208
centerY: 0.6695181066438551
width: 0.032648125755743655
height: 0.035357855717137156
Area: 0.0003996153486773215
CentroidX: 0.5658
CentroidY: 0.6865
