Location: internet_10.png_Otsu.png
Component: component_1755091713982_401.png
centerX: 0.845223700120919
centerY: 0.7681779298545766
width: 0.03143893591293833
height: 0.02765896777872826
Area: 0.000304912142663484
CentroidX: 0.8594
CentroidY: 0.7824
