Location: Dedata_5.png_Gaussian-Closing.png
Component: component_1755523055572_141.png
centerX: 0.4157258064516129
centerY: 0.35708178968367055
width: 0.021370967741935483
height: 0.037902536335138216
Area: 0.0003438163616139145
CentroidX: 0.4257
CentroidY: 0.3768
