Location: Dedata_5.png_Mean-Medain.png
Component: component_1755523055682_110.png
centerX: 0.5669354838709677
centerY: 0.2938159019663722
width: 0.02056451612903226
height: 0.04132231404958678
Area: 0.0003646154129013872
CentroidX: 0.5765
CentroidY: 0.3151
