Location: Dedata_5.png_Gaussian-Median.png
Component: component_1755523055294_96.png
centerX: 0.44193548387096776
centerY: 0.24194927329723567
width: 0.022983870967741935
height: 0.04331718438301511
Area: 0.0004049494847351051
CentroidX: 0.4529
CentroidY: 0.2661
