Location: internet_10.png_Gaussian-Median.png
Component: component_1755091714071_147.png
centerX: 0.41193067311567916
centerY: 0.38323353293413176
width: 0.03305118903667876
height: 0.03279155973766752
Area: 0.0004247852541591545
CentroidX: 0.4276
CentroidY: 0.3993
