Location: Dedata_5.png_Gaussian-Closing.png
Component: component_1755523055607_285.png
centerX: 0.5681451612903226
centerY: 0.7899686520376176
width: 0.02943548387096774
height: 0.04616699914505557
Area: 0.000440572169260611
CentroidX: 0.5815
CentroidY: 0.8130
