Location: internet_10.png_Otsu.png
Component: component_1755091713970_321.png
centerX: 0.4143490528012898
centerY: 0.5566010835471913
width: 0.02781136638452237
height: 0.02594810379241517
Area: 0.0002933041040622733
CentroidX: 0.4268
CentroidY: 0.5695
