Location: Dedata_5.png_Mean-Closing.png
Component: component_1755523055786_47.png
centerX: 0.7616935483870968
centerY: 0.12054716443431177
width: 0.022983870967741935
height: 0.04217725847819892
Area: 0.00040862666507322185
CentroidX: 0.7731
CentroidY: 0.1427
