Location: Dedata_5.png_Gaussian-Median.png
Component: component_1755523055460_272.png
centerX: 0.32620967741935486
centerY: 0.7238529495582787
width: 0.02338709677419355
height: 0.047021943573667714
Area: 0.0004596475422645915
CentroidX: 0.3373
CentroidY: 0.7479
