Location: internet_10.png_Gaussian-Median.png
Component: component_1755091714050_48.png
centerX: 0.7948407900040306
centerY: 0.1020815511833476
width: 0.026199113260781944
height: 0.03450242372398061
Area: 0.00043938150071711244
CentroidX: 0.8076
CentroidY: 0.1181
