Location: internet_10.png_Gaussian-Median.png
Component: component_1755091714064_117.png
centerX: 0.1189036678758565
centerY: 0.28714000570287995
width: 0.03305118903667876
height: 0.032506415739948676
Area: 0.0004814462742620936
CentroidX: 0.1336
CentroidY: 0.3033
