Location: Dedata_5.png_Mean-Closing.png
Component: component_1755523055808_126.png
centerX: 0.8108870967741936
centerY: 0.3439726417782844
width: 0.02258064516129032
height: 0.04132231404958678
Area: 0.00040954596015775103
CentroidX: 0.8222
CentroidY: 0.3656
