Location: Dedata_5.png_Mean-Closing.png
Component: component_1755523055797_92.png
centerX: 0.39153225806451614
centerY: 0.24194927329723567
width: 0.020967741935483872
height: 0.045597036192647475
Area: 0.00043459675121117127
CentroidX: 0.4014
CentroidY: 0.2659
