Location: Dedata_5.png_Gaussian-Median.png
Component: component_1755523055356_162.png
centerX: 0.5306451612903226
centerY: 0.4066685665431747
width: 0.02379032258064516
height: 0.0438871473354232
Area: 0.00041988802985870436
CentroidX: 0.5417
CentroidY: 0.4286
