Location: internet_10.png_Mean-Closing.png
Component: component_1755091713832_63.png
centerX: 0.6396614268440145
centerY: 0.1628172226974622
width: 0.03305118903667876
height: 0.033932135728542916
Area: 0.00046627537232783815
CentroidX: 0.6537
CentroidY: 0.1789
