Location: Dedata_5.png_Mean-Medain.png
Component: component_1755523055721_269.png
centerX: 0.28225806451612906
centerY: 0.7281276717013394
width: 0.02379032258064516
height: 0.049586776859504134
Area: 0.0005156096305353055
CentroidX: 0.2939
CentroidY: 0.7521
