Location: Dedata_5.png_Gaussian-Closing.png
Component: component_1755523055584_187.png
centerX: 0.18024193548387096
centerY: 0.4847534910230835
width: 0.018951612903225806
height: 0.03875748076375036
Area: 0.0003439312734994806
CentroidX: 0.1893
CentroidY: 0.5038
