Location: Dedata_5.png_Gaussian-Closing.png
Component: component_1755523055594_229.png
centerX: 0.23346774193548386
centerY: 0.6001709888857224
width: 0.02620967741935484
height: 0.043032202906811055
Area: 0.0004325283372709806
CentroidX: 0.2467
CentroidY: 0.6216
