Location: internet_10.png_Otsu.png
Component: component_1755091713945_204.png
centerX: 0.011688835147118097
centerY: 0.17821499857428
width: 0.03345425231761386
height: 0.03022526375819789
Area: 0.00044099053577074563
CentroidX: 0.0264
CentroidY: 0.1931
