Location: Dedata_5.png_Mean-Medain.png
Component: component_1755523055696_167.png
centerX: 0.018145161290322582
centerY: 0.4286121402108863
width: 0.02056451612903226
height: 0.03818751781134226
Area: 0.00037288906866214986
CentroidX: 0.0286
CentroidY: 0.4486
