Location: internet_10.png_Gaussian-Closing.png
Component: component_1755091714673_271.png
centerX: 0.324465941152761
centerY: 0.8408896492728828
width: 0.037081821846029824
height: 0.031936127744510975
Area: 0.00039869590007524536
CentroidX: 0.3409
CentroidY: 0.8562
