Location: internet_10.png_Mean-Closing.png
Component: component_1755091713857_185.png
centerX: 0.46916565900846435
centerY: 0.5511833475905332
width: 0.028617492946392584
height: 0.026518391787852865
Area: 0.0003390466720155589
CentroidX: 0.4833
CentroidY: 0.5643
