Location: internet_10.png_Gaussian-Median.png
Component: component_1755091714078_181.png
centerX: 0.4687625957275292
centerY: 0.5001425719988595
width: 0.028214429665457477
height: 0.029940119760479042
Area: 0.00036605547470154414
CentroidX: 0.4833
CentroidY: 0.5136
