Location: internet_10.png_Gaussian-Closing.png
Component: component_1755091714609_22.png
centerX: 0.5695284159613059
centerY: 0.05189620758483034
width: 0.032245062474808545
height: 0.04020530367835757
Area: 0.0005053519379160721
CentroidX: 0.5837
CentroidY: 0.0713
