Location: internet_10.png_Gaussian-Median.png
Component: component_1755091714092_206.png
centerX: 0.18661829907295446
centerY: 0.5654405474764757
width: 0.026199113260781944
height: 0.029369831765041345
Area: 0.0003458276054558701
CentroidX: 0.1992
CentroidY: 0.5797
