Location: Dedata_5.png_Gaussian-Closing.png
Component: component_1755523055601_263.png
centerX: 0.4745967741935484
centerY: 0.7172983756055856
width: 0.024596774193548387
height: 0.049586776859504134
Area: 0.0005063017678044475
CentroidX: 0.4867
CentroidY: 0.7421
