Location: Dedata_5.png_Mean-Medain.png
Component: component_1755523055712_234.png
centerX: 0.05806451612903226
centerY: 0.6115702479338843
width: 0.02338709677419355
height: 0.045597036192647475
Area: 0.00048642201160150396
CentroidX: 0.0689
CentroidY: 0.6346
