Location: internet_10.png_Otsu.png
Component: component_1755091713929_3.png
centerX: 0.018540910923014912
centerY: 0.00855431993156544
width: 0.032245062474808545
height: 0.03022526375819789
Area: 0.0003431841907249013
CentroidX: 0.0323
CentroidY: 0.0253
