Location: internet_10.png_Gaussian-Closing.png
Component: component_1755091714660_205.png
centerX: 0.29222087867795243
centerY: 0.621043627031651
width: 0.03345425231761386
height: 0.03507271171941831
Area: 0.00042260156372922377
CentroidX: 0.3091
CentroidY: 0.6371
