Location: Dedata_5.png_Gaussian-Median.png
Component: component_1755523055295_101.png
centerX: 0.3
centerY: 0.24736392134511256
width: 0.020967741935483872
height: 0.039042462239954404
Area: 0.00037449783506007594
CentroidX: 0.3099
CentroidY: 0.2685
