Location: Dedata_5.png_Mean-Closing.png
Component: component_1755523055839_251.png
centerX: 0.1064516129032258
centerY: 0.6717013394129382
width: 0.021774193548387097
height: 0.045027073240239385
Area: 0.0004668869910552588
CentroidX: 0.1172
CentroidY: 0.6946
