Location: Dedata_5.png_Mean-Medain.png
Component: component_1755523055685_127.png
centerX: 0.8951612903225806
centerY: 0.34254773439726416
width: 0.02258064516129032
height: 0.039612425192362494
Area: 0.0003981696834867024
CentroidX: 0.9066
CentroidY: 0.3633
