Location: Dedata_5.png_Mean-Closing.png
Component: component_1755523055790_67.png
centerX: 0.6064516129032258
centerY: 0.17526360786548875
width: 0.025403225806451612
height: 0.043032202906811055
Area: 0.0004988324952426479
CentroidX: 0.6200
CentroidY: 0.1990
