Location: internet_10.png_Mean-Closing.png
Component: component_1755091713828_41.png
centerX: 0.7948407900040306
centerY: 0.1020815511833476
width: 0.026199113260781944
height: 0.03421727972626176
Area: 0.00045742567953285573
CentroidX: 0.8076
CentroidY: 0.1181
