Location: Dedata_5.png_Mean-Closing.png
Component: component_1755523055836_240.png
centerX: 0.5633064516129033
centerY: 0.6489028213166145
width: 0.02217741935483871
height: 0.0438871473354232
Area: 0.00043000027578852536
CentroidX: 0.5739
CentroidY: 0.6711
