Location: Dedata_5.png_Mean-Medain.png
Component: component_1755523055677_86.png
centerX: 0.8370967741935483
centerY: 0.23510971786833856
width: 0.021370967741935483
height: 0.04075235109717868
Area: 0.00041126963844124325
CentroidX: 0.8479
CentroidY: 0.2579
