Location: Dedata_5.png_Mean-Medain.png
Component: component_1755523055691_151.png
centerX: 0.9032258064516129
centerY: 0.3998290111142776
width: 0.02056451612903226
height: 0.045027073240239385
Area: 0.0004341371036689067
CentroidX: 0.9130
CentroidY: 0.4223
