Location: Dedata_5.png_Mean-Medain.png
Component: component_1755523055668_43.png
centerX: 0.505241935483871
centerY: 0.11912225705329153
width: 0.027016129032258064
height: 0.043032202906811055
Area: 0.00044344496639976466
CentroidX: 0.5183
CentroidY: 0.1425
