Location: Dedata_5.png_Mean-Closing.png
Component: component_1755523055785_46.png
centerX: 0.5576612903225806
centerY: 0.12026218295810773
width: 0.025806451612903226
height: 0.042462239954402965
Area: 0.00043655025326579577
CentroidX: 0.5708
CentroidY: 0.1432
