Location: Dedata_5.png_Gaussian-Closing.png
Component: component_1755523055580_169.png
centerX: 0.05725806451612903
centerY: 0.42946708463949845
width: 0.02338709677419355
height: 0.040467369620974636
Area: 0.0003921942654372627
CentroidX: 0.0683
CentroidY: 0.4506
