Location: Dedata_5.png_Mean-Closing.png
Component: component_1755523055782_37.png
centerX: 0.11088709677419355
centerY: 0.06725562838415503
width: 0.022983870967741935
height: 0.039612425192362494
Area: 0.00038506972853216155
CentroidX: 0.1229
CentroidY: 0.0882
