Location: internet_10.png_Gaussian-Closing.png
Component: component_1755091714645_146.png
centerX: 0.6936719064893189
centerY: 0.4317080125463359
width: 0.02902055622732769
height: 0.032506415739948676
Area: 0.0003728364081418553
CentroidX: 0.7073
CentroidY: 0.4468
