Location: Dedata_5.png_Mean-Medain.png
Component: component_1755523055715_247.png
centerX: 0.3814516129032258
centerY: 0.6554573952693075
width: 0.022983870967741935
height: 0.045597036192647475
Area: 0.00048079132920876273
CentroidX: 0.3925
CentroidY: 0.6780
