Location: Dedata_5.png_Gaussian-Median.png
Component: component_1755523055291_80.png
centerX: 0.11088709677419355
centerY: 0.18495297805642633
width: 0.024193548387096774
height: 0.04616699914505557
Area: 0.00042540380036587945
CentroidX: 0.1231
CentroidY: 0.2092
