Location: internet_10.png_Otsu.png
Component: component_1755091713969_317.png
centerX: 0.641273679967755
centerY: 0.546050755631594
width: 0.031035872632003223
height: 0.02879954376960365
Area: 0.00034651719190742714
CentroidX: 0.6541
CentroidY: 0.5608
