Location: internet_10.png_Otsu.png
Component: component_1755091713972_333.png
centerX: 0.7601773478436115
centerY: 0.5993726832050186
width: 0.02902055622732769
height: 0.03165098374679213
Area: 0.0003336449114783619
CentroidX: 0.7732
CentroidY: 0.6141
