Location: internet_10.png_Otsu.png
Component: component_1755091713949_219.png
centerX: 0.2370012091898428
centerY: 0.22783005417735958
width: 0.03184199919387344
height: 0.03592814371257485
Area: 0.0004819059985631317
CentroidX: 0.2530
CentroidY: 0.2441
