Location: internet_10.png_Mean-Closing.png
Component: component_1755091713847_139.png
centerX: 0.21362353889560662
centerY: 0.39264328485885375
width: 0.03667875856509472
height: 0.030795551753635585
Area: 0.0004889167941539619
CentroidX: 0.2294
CentroidY: 0.4090
