Location: internet_10.png_Gaussian-Closing.png
Component: component_1755091714621_62.png
centerX: 0.6968964127367997
centerY: 0.16139150270886798
width: 0.03466344216041919
height: 0.03279155973766752
Area: 0.0004619079914679767
CentroidX: 0.7116
CentroidY: 0.1774
