Location: Dedata_5.png_Mean-Closing.png
Component: component_1755523055818_164.png
centerX: 0.14798387096774193
centerY: 0.42348247363921343
width: 0.018145161290322582
height: 0.04217725847819892
Area: 0.0004049494847351051
CentroidX: 0.1565
CentroidY: 0.4457
