Location: internet_10.png_Mean-Closing.png
Component: component_1755091713852_158.png
centerX: 0.13341394598952036
centerY: 0.4519532363843741
width: 0.02902055622732769
height: 0.03307670373538637
Area: 0.000454782264801887
CentroidX: 0.1468
CentroidY: 0.4683
