Location: internet_10.png_Mean-Closing.png
Component: component_1755091713848_142.png
centerX: 0.014913341394598953
centerY: 0.4026233247790134
width: 0.041515517936316
height: 0.0290846877673225
Area: 0.0004779983420043083
CentroidX: 0.0337
CentroidY: 0.4178
