Location: Dedata_5.png_Mean-Medain.png
Component: component_1755523055720_267.png
centerX: 0.37379032258064515
centerY: 0.7224280421772585
width: 0.024193548387096774
height: 0.04787688800227985
Area: 0.0005122771858538872
CentroidX: 0.3863
CentroidY: 0.7469
