Location: Dedata_5.png_Mean-Closing.png
Component: component_1755523055777_17.png
centerX: 0.555241935483871
centerY: 0.009119407238529496
width: 0.024193548387096774
height: 0.04274722143060701
Area: 0.0004373546364647588
CentroidX: 0.5675
CentroidY: 0.0310
