Location: Dedata_5.png_Gaussian-Closing.png
Component: component_1755523055550_38.png
centerX: 0.11088709677419355
centerY: 0.06725562838415503
width: 0.022983870967741935
height: 0.039612425192362494
Area: 0.0003582952591952491
CentroidX: 0.1229
CentroidY: 0.0881
