Location: Dedata_5.png_Mean-Closing.png
Component: component_1755523055812_144.png
centerX: 0.059274193548387095
centerY: 0.3622114562553434
width: 0.021370967741935483
height: 0.04673696209746366
Area: 0.00046137122054808373
CentroidX: 0.0694
CentroidY: 0.3870
