Location: internet_10.png_Gaussian-Median.png
Component: component_1755091714071_150.png
centerX: 0.21362353889560662
centerY: 0.39264328485885375
width: 0.037081821846029824
height: 0.03051040775591674
Area: 0.00046857399383302837
CentroidX: 0.2293
CentroidY: 0.4091
