Location: Dedata_5.png_Gaussian-Median.png
Component: component_1755523055455_258.png
centerX: 0.1064516129032258
centerY: 0.6717013394129382
width: 0.021774193548387097
height: 0.04531205471644343
Area: 0.0004466624991956168
CentroidX: 0.1172
CentroidY: 0.6946
