Location: Dedata_5.png_Mean-Medain.png
Component: component_1755523055699_182.png
centerX: 0.32217741935483873
centerY: 0.4762040467369621
width: 0.022983870967741935
height: 0.04588201766885153
Area: 0.0004511440627326966
CentroidX: 0.3331
CentroidY: 0.4990
