Location: Dedata_5.png_Gaussian-Median.png
Component: component_1755523055293_92.png
centerX: 0.49233870967741933
centerY: 0.2396694214876033
width: 0.02217741935483871
height: 0.04103733257338273
Area: 0.00039943371422793004
CentroidX: 0.5031
CentroidY: 0.2624
