Location: internet_10.png_Otsu.png
Component: component_1755091713952_235.png
centerX: 0.17936316001612254
centerY: 0.2842885657256915
width: 0.027005239822652155
height: 0.03592814371257485
Area: 0.0004548971958771465
CentroidX: 0.1920
CentroidY: 0.3021
