Location: internet_10.png_Otsu.png
Component: component_1755091713959_265.png
centerX: 0.41233373639661425
centerY: 0.3835186769318506
width: 0.032648125755743655
height: 0.032506415739948676
Area: 0.0004055917645908161
CentroidX: 0.4276
CentroidY: 0.3993
