Location: internet_10.png_Gaussian-Closing.png
Component: component_1755091714654_181.png
centerX: 0.7565497783151954
centerY: 0.5446250356429997
width: 0.03385731559854897
height: 0.028514399771884802
Area: 0.0003672047854541392
CentroidX: 0.7726
CentroidY: 0.5585
