Location: Dedata_5.png_Mean-Closing.png
Component: component_1755523055806_121.png
centerX: 0.11169354838709677
centerY: 0.30322029068110573
width: 0.02258064516129032
height: 0.04132231404958678
Area: 0.0003979398597155701
CentroidX: 0.1221
CentroidY: 0.3255
