Location: Dedata_5.png_Mean-Closing.png
Component: component_1755523055793_78.png
centerX: 0.11088709677419355
centerY: 0.18495297805642633
width: 0.024596774193548387
height: 0.04616699914505557
Area: 0.00044608793976778606
CentroidX: 0.1230
CentroidY: 0.2093
