Location: Dedata_5.png_Gaussian-Median.png
Component: component_1755523055300_125.png
centerX: 0.15645161290322582
centerY: 0.3029353092049017
width: 0.018548387096774192
height: 0.04075235109717868
Area: 0.0003579505235385506
CentroidX: 0.1652
CentroidY: 0.3244
