Location: Dedata_5.png_Gaussian-Median.png
Component: component_1755523055453_252.png
centerX: 0.3318548387096774
centerY: 0.6594471359361641
width: 0.02056451612903226
height: 0.04474209176403534
Area: 0.0004166704970628522
CentroidX: 0.3415
CentroidY: 0.6821
