Location: internet_10.png_Gaussian-Median.png
Component: component_1755091714066_127.png
centerX: 0.6469165659008465
centerY: 0.32164242942686055
width: 0.032245062474808545
height: 0.029369831765041345
Area: 0.00037410064996970993
CentroidX: 0.6603
CentroidY: 0.3363
