Location: internet_10.png_Mean-Closing.png
Component: component_1755091713850_148.png
centerX: 0.6356307940346635
centerY: 0.433418876532649
width: 0.03184199919387344
height: 0.032506415739948676
Area: 0.00042800332426642083
CentroidX: 0.6492
CentroidY: 0.4492
