Location: Dedata_5.png_Gaussian-Closing.png
Component: component_1755523055569_127.png
centerX: 0.9411290322580645
centerY: 0.34169278996865204
width: 0.022983870967741935
height: 0.03676261043032203
Area: 0.00034737863006646506
CentroidX: 0.9521
CentroidY: 0.3611
