Location: Dedata_5.png_Gaussian-Median.png
Component: component_1755523055444_224.png
centerX: 0.6314516129032258
centerY: 0.5756625819321745
width: 0.021774193548387097
height: 0.04873183243089199
Area: 0.00045516597872751174
CentroidX: 0.6415
CentroidY: 0.5998
