Location: internet_10.png_Otsu.png
Component: component_1755091713975_355.png
centerX: 0.8972188633615478
centerY: 0.6564014827487882
width: 0.032245062474808545
height: 0.03136583974907328
Area: 0.0003868579993235157
CentroidX: 0.9130
CentroidY: 0.6721
