Location: internet_10.png_Mean-Closing.png
Component: component_1755091713849_143.png
centerX: 0.8520757758968158
centerY: 0.42857142857142855
width: 0.032245062474808545
height: 0.03279155973766752
Area: 0.0004308766011479086
CentroidX: 0.8669
CentroidY: 0.4443
