Location: internet_10.png_Gaussian-Closing.png
Component: component_1755091714653_178.png
centerX: 0.867795243853285
centerY: 0.5429141716566867
width: 0.028617492946392584
height: 0.031080695751354435
Area: 0.00038329513599047086
CentroidX: 0.8820
CentroidY: 0.5574
