Location: internet_10.png_Otsu.png
Component: component_1755091713936_85.png
centerX: 0.06449012494961709
centerY: 0.06187624750499002
width: 0.02539298669891173
height: 0.0213857998289136
Area: 0.0001710174399861531
CentroidX: 0.0757
CentroidY: 0.0740
