Location: internet_10.png_Otsu.png
Component: component_1755091713942_187.png
centerX: 0.8145908907698509
centerY: 0.15739948674080412
width: 0.03385731559854897
height: 0.034787567721699456
Area: 0.00045397774727507043
CentroidX: 0.8302
CentroidY: 0.1749
