Location: Dedata_5.png_Mean-Medain.png
Component: component_1755523055673_66.png
centerX: 0.8633064516129032
centerY: 0.17469364491308065
width: 0.028629032258064516
height: 0.04417212881162724
Area: 0.0004874562185715993
CentroidX: 0.8775
CentroidY: 0.1991
