Location: internet_10.png_Gaussian-Median.png
Component: component_1755091714054_61.png
centerX: 0.06287787182587666
centerY: 0.11947533504419731
width: 0.03869407496977025
height: 0.036213287710293696
Area: 0.0004978814180242038
CentroidX: 0.0812
CentroidY: 0.1368
