Location: Dedata_5.png_Gaussian-Closing.png
Component: component_1755523055552_48.png
centerX: 0.7620967741935484
centerY: 0.12026218295810773
width: 0.02217741935483871
height: 0.042462239954402965
Area: 0.0003798986936816849
CentroidX: 0.7731
CentroidY: 0.1426
