Location: internet_10.png_Otsu.png
Component: component_1755091713949_218.png
centerX: 0.011688835147118097
centerY: 0.22783005417735958
width: 0.024989923417976623
height: 0.04419731964642144
Area: 0.00047937751490742243
CentroidX: 0.0232
CentroidY: 0.2485
