Location: internet_10.png_Mean-Closing.png
Component: component_1755091713842_111.png
centerX: 0.9338976219266425
centerY: 0.3125178214998574
width: 0.029826682789197905
height: 0.03051040775591674
Area: 0.00041329214663320335
CentroidX: 0.9488
CentroidY: 0.3269
