Location: Dedata_5.png_Mean-Closing.png
Component: component_1755523055809_130.png
centerX: 0.505241935483871
centerY: 0.3510971786833856
width: 0.021774193548387097
height: 0.039042462239954404
Area: 0.0003821969313930078
CentroidX: 0.5157
CentroidY: 0.3718
