Location: Dedata_5.png_Mean-Closing.png
Component: component_1755523055786_48.png
centerX: 0.10685483870967742
centerY: 0.12111712738671987
width: 0.024596774193548387
height: 0.04474209176403534
Area: 0.00042046258928653507
CentroidX: 0.1195
CentroidY: 0.1453
