Location: internet_10.png_Otsu.png
Component: component_1755091713949_221.png
centerX: 0.11930673115679162
centerY: 0.23125178214998574
width: 0.032245062474808545
height: 0.029654975762760195
Area: 0.00041961335577247647
CentroidX: 0.1339
CentroidY: 0.2455
