Location: internet_10.png_Mean-Closing.png
Component: component_1755091713866_228.png
centerX: 0.8722289399435711
centerY: 0.7131451382948389
width: 0.0237807335751713
height: 0.031080695751354435
Area: 0.00036548081932524654
CentroidX: 0.8840
CentroidY: 0.7283
