Location: Dedata_5.png_Mean-Closing.png
Component: component_1755523055822_180.png
centerX: 0.32217741935483873
centerY: 0.4762040467369621
width: 0.022983870967741935
height: 0.045597036192647475
Area: 0.00045091423896156425
CentroidX: 0.3330
CentroidY: 0.4990
