Location: Dedata_5.png_Mean-Medain.png
Component: component_1755523055678_88.png
centerX: 0.6939516129032258
centerY: 0.23710458820176689
width: 0.024193548387096774
height: 0.04189227700199487
Area: 0.00043643534138022963
CentroidX: 0.7052
CentroidY: 0.2595
