Location: internet_10.png_Otsu.png
Component: component_1755091713979_381.png
centerX: 0.7400241837968561
centerY: 0.7145708582834331
width: 0.029826682789197905
height: 0.03364699173082407
Area: 0.0003912253801833771
CentroidX: 0.7550
CentroidY: 0.7308
