Location: Dedata_5.png_Gaussian-Closing.png
Component: component_1755523055608_288.png
centerX: 0.2713709677419355
centerY: 0.7933884297520661
width: 0.025806451612903226
height: 0.04445711028783129
Area: 0.000425059064709181
CentroidX: 0.2843
CentroidY: 0.8157
