Location: Dedata_5.png_Gaussian-Closing.png
Component: component_1755523055566_113.png
centerX: 0.6532258064516129
centerY: 0.29609575377600456
width: 0.02338709677419355
height: 0.03733257338273012
Area: 0.00037415309940337746
CentroidX: 0.6641
CentroidY: 0.3155
