Location: internet_10.png_Mean-Closing.png
Component: component_1755091713848_141.png
centerX: 0.07980652962515115
centerY: 0.39948674080410607
width: 0.0354695687222894
height: 0.033361847733105215
Area: 0.00047937751490742243
CentroidX: 0.0960
CentroidY: 0.4155
