Location: internet_10.png_Gaussian-Closing.png
Component: component_1755091714672_266.png
centerX: 0.5840386940749698
centerY: 0.8337610493299116
width: 0.032648125755743655
height: 0.038209295694325636
Area: 0.0004047872470639995
CentroidX: 0.5995
CentroidY: 0.8506
