Location: Dedata_5.png_Mean-Medain.png
Component: component_1755523055662_19.png
centerX: 0.3334677419354839
centerY: 0.009974351667141636
width: 0.022983870967741935
height: 0.047591906526075804
Area: 0.0004842386857757472
CentroidX: 0.3452
CentroidY: 0.0334
