Location: Dedata_5.png_Mean-Closing.png
Component: component_1755523055845_271.png
centerX: 0.0967741935483871
centerY: 0.7341122827016244
width: 0.03185483870967742
height: 0.04588201766885153
Area: 0.0004971088169591557
CentroidX: 0.1116
CentroidY: 0.7571
