Location: internet_10.png_Mean-Closing.png
Component: component_1755091713846_131.png
centerX: 0.7025392986698912
centerY: 0.37182777302537784
width: 0.026199113260781944
height: 0.036783575705731396
Area: 0.0004628274400700528
CentroidX: 0.7157
CentroidY: 0.3890
