Location: internet_10.png_Otsu.png
Component: component_1755091713958_262.png
centerX: 0.5993550987505039
centerY: 0.3766752209865982
width: 0.022974607013301087
height: 0.03222127174222983
Area: 0.0003809965144852806
CentroidX: 0.6110
CentroidY: 0.3917
