Location: Dedata_5.png_Gaussian-Closing.png
Component: component_1755523055551_43.png
centerX: 0.5056451612903226
centerY: 0.11912225705329153
width: 0.02661290322580645
height: 0.043032202906811055
Area: 0.00040989069581444946
CentroidX: 0.5184
CentroidY: 0.1424
