Location: internet_10.png_Mean-Closing.png
Component: component_1755091713855_172.png
centerX: 0.2978637646110439
centerY: 0.5061305959509552
width: 0.024989923417976623
height: 0.03279155973766752
Area: 0.00038570868857092057
CentroidX: 0.3111
CentroidY: 0.5216
