Location: Dedata_5.png_Mean-Medain.png
Component: component_1755523055709_222.png
centerX: 0.5830645161290322
centerY: 0.5773724707893987
width: 0.02056451612903226
height: 0.047021943573667714
Area: 0.0004684957574531849
CentroidX: 0.5925
CentroidY: 0.6024
