Location: Dedata_5.png_Gaussian-Median.png
Component: component_1755523055448_238.png
centerX: 0.05846774193548387
centerY: 0.6115702479338843
width: 0.02258064516129032
height: 0.04588201766885153
Area: 0.0004635545463738405
CentroidX: 0.0689
CentroidY: 0.6347
