Location: internet_10.png_Gaussian-Closing.png
Component: component_1755091714625_80.png
centerX: 0.6993147924224103
centerY: 0.21214713430282292
width: 0.037484885126964934
height: 0.03222127174222983
Area: 0.00047121740856399715
CentroidX: 0.7156
CentroidY: 0.2283
