Location: Dedata_5.png_Mean-Medain.png
Component: component_1755523055670_52.png
centerX: 0.4508064516129032
centerY: 0.12168709033912796
width: 0.025403225806451612
height: 0.04103733257338273
Area: 0.0004363204294946635
CentroidX: 0.4632
CentroidY: 0.1437
