Location: internet_10.png_Otsu.png
Component: component_1755091713944_196.png
centerX: 0.41717049576783555
centerY: 0.16680923866552608
width: 0.029826682789197905
height: 0.03450242372398061
Area: 0.00041064873190223457
CentroidX: 0.4301
CentroidY: 0.1842
