Location: internet_10.png_Mean-Closing.png
Component: component_1755091713852_159.png
centerX: 0.019750100765820233
centerY: 0.45223838038209296
width: 0.03829101168883515
height: 0.029940119760479042
Area: 0.00047443547867126343
CentroidX: 0.0363
CentroidY: 0.4679
