Location: Dedata_5.png_Mean-Closing.png
Component: component_1755523055838_246.png
centerX: 0.28669354838709676
centerY: 0.6625819321744086
width: 0.02338709677419355
height: 0.04217725847819892
Area: 0.0004504545914192997
CentroidX: 0.2979
CentroidY: 0.6839
