Location: internet_10.png_Otsu.png
Component: component_1755091713936_81.png
centerX: 0.9399435711406691
centerY: 0.05930995152552039
width: 0.035872632003224506
height: 0.03735386370116909
Area: 0.0005009845570562106
CentroidX: 0.9550
CentroidY: 0.0783
