Location: Dedata_5.png_Gaussian-Median.png
Component: component_1755523055437_208.png
centerX: 0.3786290322580645
centerY: 0.5300655457395269
width: 0.024596774193548387
height: 0.04673696209746366
Area: 0.00043620551760909735
CentroidX: 0.3914
CentroidY: 0.5535
