Location: internet_10.png_Otsu.png
Component: component_1755091713938_170.png
centerX: 0.6759371221281741
centerY: 0.1015112631879099
width: 0.036275695284159616
height: 0.04163102366695181
Area: 0.0005259246003875246
CentroidX: 0.6912
CentroidY: 0.1213
