Location: Dedata_5.png_Mean-Closing.png
Component: component_1755523055824_188.png
centerX: 0.05766129032258065
centerY: 0.4890282131661442
width: 0.02379032258064516
height: 0.04103733257338273
Area: 0.00044298531885750004
CentroidX: 0.0686
CentroidY: 0.5096
