Location: internet_10.png_Otsu.png
Component: component_1755091713986_426.png
centerX: 0.9318823055219669
centerY: 0.8286284573709723
width: 0.03385731559854897
height: 0.03279155973766752
Area: 0.0003087048681470479
CentroidX: 0.9469
CentroidY: 0.8452
