Location: Dedata_5.png_Gaussian-Closing.png
Component: component_1755523055555_57.png
centerX: 0.7120967741935483
centerY: 0.12311199772014819
width: 0.027419354838709678
height: 0.03818751781134226
Area: 0.0004097757839288833
CentroidX: 0.7254
CentroidY: 0.1439
