Location: Dedata_5.png_Mean-Medain.png
Component: component_1755523055717_256.png
centerX: 0.8233870967741935
centerY: 0.7070390424622399
width: 0.027822580645161292
height: 0.04730692504987176
Area: 0.0004826299193778211
CentroidX: 0.8364
CentroidY: 0.7312
