Location: Dedata_5.png_Mean-Closing.png
Component: component_1755523055791_71.png
centerX: 0.49879032258064515
centerY: 0.17640353377030493
width: 0.02661290322580645
height: 0.045597036192647475
Area: 0.0005272157309774865
CentroidX: 0.5109
CentroidY: 0.2000
