Location: Dedata_5.png_Mean-Medain.png
Component: component_1755523055676_82.png
centerX: 0.8862903225806451
centerY: 0.2322599031062981
width: 0.02379032258064516
height: 0.04474209176403534
Area: 0.0004502247676481674
CentroidX: 0.8986
CentroidY: 0.2560
