Location: Dedata_5.png_Gaussian-Median.png
Component: component_1755523055277_14.png
centerX: 0.9217741935483871
centerY: 0.008264462809917356
width: 0.028629032258064516
height: 0.037047591906526074
Area: 0.0003798986936816849
CentroidX: 0.9367
CentroidY: 0.0271
