Location: Dedata_5.png_Gaussian-Median.png
Component: component_1755523055364_176.png
centerX: 0.8278225806451613
centerY: 0.4608150470219436
width: 0.02258064516129032
height: 0.040467369620974636
Area: 0.0003911600584671674
CentroidX: 0.8393
CentroidY: 0.4811
