Location: internet_10.png_Gaussian-Median.png
Component: component_1755091714246_228.png
centerX: 0.06892382103990327
centerY: 0.6318790989449672
width: 0.031035872632003223
height: 0.033932135728542916
Area: 0.0004105338008269751
CentroidX: 0.0837
CentroidY: 0.6483
