Location: Dedata_5.png_Mean-Closing.png
Component: component_1755523055832_222.png
centerX: 0.43588709677419357
centerY: 0.5899116557423767
width: 0.027016129032258064
height: 0.04531205471644343
Area: 0.0004925123415365098
CentroidX: 0.4491
CentroidY: 0.6118
