Location: internet_10.png_Mean-Closing.png
Component: component_1755091713838_94.png
centerX: 0.9290608625554212
centerY: 0.2634730538922156
width: 0.03385731559854897
height: 0.03222127174222983
Area: 0.0003982361757742073
CentroidX: 0.9434
CentroidY: 0.2792
