Location: internet_10.png_Gaussian-Median.png
Component: component_1755091714252_232.png
centerX: 0.8972188633615478
centerY: 0.6564014827487882
width: 0.032245062474808545
height: 0.03165098374679213
Area: 0.0004069709374939302
CentroidX: 0.9129
CentroidY: 0.6721
