Location: Dedata_5.png_Gaussian-Median.png
Component: component_1755523055445_227.png
centerX: 0.5370967741935484
centerY: 0.5825021373610715
width: 0.02217741935483871
height: 0.04531205471644343
Area: 0.00044149146434514016
CentroidX: 0.5477
CentroidY: 0.6057
