Location: Dedata_5.png_Gaussian-Closing.png
Component: component_1755523055570_133.png
centerX: 0.505241935483871
centerY: 0.3510971786833856
width: 0.021370967741935483
height: 0.039042462239954404
Area: 0.0003602487612498736
CentroidX: 0.5157
CentroidY: 0.3717
