Location: Dedata_5.png_Mean-Medain.png
Component: component_1755523055707_211.png
centerX: 0.05524193548387097
centerY: 0.5440296380735252
width: 0.021370967741935483
height: 0.047591906526075804
Area: 0.0004501098557626012
CentroidX: 0.0653
CentroidY: 0.5682
