Location: Dedata_5.png_Mean-Closing.png
Component: component_1755523055788_56.png
centerX: 0.7120967741935483
centerY: 0.12311199772014819
width: 0.027822580645161292
height: 0.03818751781134226
Area: 0.00043861866720598647
CentroidX: 0.7254
CentroidY: 0.1441
