Location: Dedata_5.png_Mean-Closing.png
Component: component_1755523055787_53.png
centerX: 0.020967741935483872
centerY: 0.12339697919635224
width: 0.02338709677419355
height: 0.04673696209746366
Area: 0.00045849842340893004
CentroidX: 0.0327
CentroidY: 0.1490
