Location: Dedata_5.png_Gaussian-Closing.png
Component: component_1755523055547_23.png
centerX: 0.8762096774193548
centerY: 0.058706184098033624
width: 0.024193548387096774
height: 0.045597036192647475
Area: 0.0004129933167247355
CentroidX: 0.8881
CentroidY: 0.0831
