Location: Dedata_5.png_Gaussian-Closing.png
Component: component_1755523055602_268.png
centerX: 0.32620967741935486
centerY: 0.7238529495582787
width: 0.02338709677419355
height: 0.04673696209746366
Area: 0.00045884315906562846
CentroidX: 0.3373
CentroidY: 0.7479
