Location: internet_10.png_Mean-Closing.png
Component: component_1755091713864_218.png
centerX: 0.5501813784764208
centerY: 0.6695181066438551
width: 0.032648125755743655
height: 0.035357855717137156
Area: 0.00042145225297662863
CentroidX: 0.5657
CentroidY: 0.6864
