Location: internet_10.png_Otsu.png
Component: component_1755091713965_292.png
centerX: 0.7646110439338977
centerY: 0.48731109210151125
width: 0.025796049979846837
height: 0.036783575705731396
Area: 0.00035835509265915686
CentroidX: 0.7759
CentroidY: 0.5045
