Location: Dedata_5.png_Mean-Closing.png
Component: component_1755523055836_238.png
centerX: 0.8637096774193549
centerY: 0.6454830436021659
width: 0.025403225806451612
height: 0.0438871473354232
Area: 0.00046378437014497285
CentroidX: 0.8758
CentroidY: 0.6674
