Location: Dedata_5.png_Gaussian-Median.png
Component: component_1755523055447_237.png
centerX: 0.014112903225806451
centerY: 0.6110002849814762
width: 0.02217741935483871
height: 0.04417212881162724
Area: 0.00041747488026181524
CentroidX: 0.0257
CentroidY: 0.6331
