Location: internet_10.png_Gaussian-Closing.png
Component: component_1755091714645_144.png
centerX: 0.9076985086658605
centerY: 0.43028229255774164
width: 0.03426037887948408
height: 0.03279155973766752
Area: 0.00041306228448268433
CentroidX: 0.9240
CentroidY: 0.4454
