Location: Dedata_5.png_Mean-Medain.png
Component: component_1755523055708_216.png
centerX: 0.7245967741935484
centerY: 0.573097748646338
width: 0.02258064516129032
height: 0.0438871473354232
Area: 0.0004314941303008853
CentroidX: 0.7353
CentroidY: 0.5950
