Location: internet_10.png_Gaussian-Closing.png
Component: component_1755091714622_65.png
centerX: 0.581217251108424
centerY: 0.16538351867693185
width: 0.03184199919387344
height: 0.03222127174222983
Area: 0.0004494954353399495
CentroidX: 0.5945
CentroidY: 0.1816
