Location: internet_10.png_Gaussian-Median.png
Component: component_1755091714074_162.png
centerX: 0.5223700120918985
centerY: 0.437125748502994
width: 0.02781136638452237
height: 0.029654975762760195
Area: 0.0003576655062075998
CentroidX: 0.5356
CentroidY: 0.4511
