Location: internet_10.png_Gaussian-Closing.png
Component: component_1755091714667_243.png
centerX: 0.019347037484885126
centerY: 0.7482178500142572
width: 0.03506650544135429
height: 0.027944111776447105
Area: 0.000384904171044104
CentroidX: 0.0348
CentroidY: 0.7621
