Location: Dedata_5.png_Mean-Closing.png
Component: component_1755523055847_278.png
centerX: 0.8108870967741936
centerY: 0.7885437446565973
width: 0.02379032258064516
height: 0.05129666571672841
Area: 0.0004949254911333989
CentroidX: 0.8228
CentroidY: 0.8138
