Location: Dedata_5.png_Mean-Medain.png
Component: component_1755523055678_87.png
centerX: 0.6427419354838709
centerY: 0.23738956967797092
width: 0.024193548387096774
height: 0.04132231404958678
Area: 0.00044218093565853706
CentroidX: 0.6551
CentroidY: 0.2596
