Location: Dedata_5.png_Gaussian-Median.png
Component: component_1755523055438_209.png
centerX: 0.2782258064516129
centerY: 0.5314904531205472
width: 0.02258064516129032
height: 0.051011684240524366
Area: 0.0004528677410161888
CentroidX: 0.2892
CentroidY: 0.5570
