Location: internet_10.png_Gaussian-Closing.png
Component: component_1755091714644_139.png
centerX: 0.21362353889560662
centerY: 0.39264328485885375
width: 0.03667875856509472
height: 0.03051040775591674
Area: 0.00046753961415569277
CentroidX: 0.2293
CentroidY: 0.4090
