Location: Dedata_5.png_Mean-Closing.png
Component: component_1755523055803_114.png
centerX: 0.47661290322580646
centerY: 0.2995155314904531
width: 0.021774193548387097
height: 0.03562268452550584
Area: 0.00035243475303137553
CentroidX: 0.4875
CentroidY: 0.3176
