Location: internet_10.png_Mean-Closing.png
Component: component_1755091713820_6.png
centerX: 0.19185812172511085
centerY: 0.00855431993156544
width: 0.028617492946392584
height: 0.03022526375819789
Area: 0.0003429543285743823
CentroidX: 0.2060
CentroidY: 0.0232
