Location: internet_10.png_Otsu.png
Component: component_1755091713977_363.png
centerX: 0.3619508262797259
centerY: 0.6763615625891075
width: 0.032245062474808545
height: 0.03279155973766752
Area: 0.00035732071298182126
CentroidX: 0.3763
CentroidY: 0.6914
