Location: Dedata_5.png_Gaussian-Closing.png
Component: component_1755523055545_10.png
centerX: 0.5008064516129033
centerY: 0.007124536905101168
width: 0.02338709677419355
height: 0.0481618694784839
Area: 0.0004195432942020059
CentroidX: 0.5120
CentroidY: 0.0332
