Location: internet_10.png_Otsu.png
Component: component_1755091713951_231.png
centerX: 0.3559048770656993
centerY: 0.2780153977758768
width: 0.030229746070133012
height: 0.033361847733105215
Area: 0.00040271848770932826
CentroidX: 0.3695
CentroidY: 0.2945
