Location: internet_10.png_Otsu.png
Component: component_1755091713966_297.png
centerX: 0.46916565900846435
centerY: 0.5001425719988595
width: 0.02781136638452237
height: 0.029940119760479042
Area: 0.0003468619851332057
CentroidX: 0.4833
CentroidY: 0.5136
