Location: Dedata_5.png_Gaussian-Closing.png
Component: component_1755523055548_29.png
centerX: 0.5096774193548387
centerY: 0.06469079509831861
width: 0.027822580645161292
height: 0.04274722143060701
Area: 0.0004200029417442705
CentroidX: 0.5238
CentroidY: 0.0877
