Location: Dedata_5.png_Mean-Closing.png
Component: component_1755523055810_138.png
centerX: 0.4153225806451613
centerY: 0.35708178968367055
width: 0.02217741935483871
height: 0.037902536335138216
Area: 0.0003657645317570487
CentroidX: 0.4257
CentroidY: 0.3769
