Location: internet_10.png_Mean-Closing.png
Component: component_1755091713858_190.png
centerX: 0.18661829907295446
centerY: 0.5654405474764757
width: 0.026199113260781944
height: 0.029369831765041345
Area: 0.00036835409620673436
CentroidX: 0.1992
CentroidY: 0.5798
