Location: internet_10.png_Mean-Closing.png
Component: component_1755091713856_177.png
centerX: 0.8170092704554615
centerY: 0.5426290276589678
width: 0.027408303103587262
height: 0.029940119760479042
Area: 0.0003666301300778417
CentroidX: 0.8298
CentroidY: 0.5577
