Location: Kurtxevani_1794_page_10.png_Mean-Medain.png
Component: component_1755610054677_659.png
centerX: 0.3559322033898305
centerY: 0.15337152930806522
width: 0.014026884862653419
height: 0.014103129131776113
Area: 0.00010019939421867526
CentroidX: 0.3627
CentroidY: 0.1602
