Location: Dedata_5.png_Mean-Closing.png
Component: component_1755523055850_291.png
centerX: 0.0657258064516129
centerY: 0.8022228555143915
width: 0.028225806451612902
height: 0.048446850954687946
Area: 0.0005180227801321947
CentroidX: 0.0804
CentroidY: 0.8258
