Location: internet_10.png_Otsu.png
Component: component_1755091713960_270.png
centerX: 0.07980652962515115
centerY: 0.3997718848018249
width: 0.0354695687222894
height: 0.03307670373538637
Area: 0.00043972629394289095
CentroidX: 0.0961
CentroidY: 0.4155
