Location: internet_10.png_Gaussian-Closing.png
Component: component_1755091714639_124.png
centerX: 0.07779121322047561
centerY: 0.34046193327630453
width: 0.02902055622732769
height: 0.03421727972626176
Area: 0.0004111084562032726
CentroidX: 0.0908
CentroidY: 0.3567
