Location: internet_10.png_Otsu.png
Component: component_1755091713981_395.png
centerX: 0.19387343812978639
centerY: 0.741089250071286
width: 0.03788794840790004
height: 0.029940119760479042
Area: 0.0003485859512620984
CentroidX: 0.2084
CentroidY: 0.7567
