Location: Dedata_5.png_Gaussian-Closing.png
Component: component_1755523055606_283.png
centerX: 0.8108870967741936
centerY: 0.7885437446565973
width: 0.02379032258064516
height: 0.05129666571672841
Area: 0.000467806286139788
CentroidX: 0.8228
CentroidY: 0.8139
