Location: Dedata_5.png_Gaussian-Median.png
Component: component_1755523055445_230.png
centerX: 0.3866935483870968
centerY: 0.5927614705044172
width: 0.025403225806451612
height: 0.039612425192362494
Area: 0.00041149946221237554
CentroidX: 0.3990
CentroidY: 0.6119
