Location: Dedata_5.png_Gaussian-Closing.png
Component: component_1755523055581_173.png
centerX: 0.8278225806451613
centerY: 0.4608150470219436
width: 0.02258064516129032
height: 0.040467369620974636
Area: 0.0003907004109249028
CentroidX: 0.8393
CentroidY: 0.4811
