Location: internet_10.png_Otsu.png
Component: component_1755091713988_436.png
centerX: 0.4562676340185409
centerY: 0.8374679213002566
width: 0.035872632003224506
height: 0.03279155973766752
Area: 0.00034973526201469347
CentroidX: 0.4705
CentroidY: 0.8547
