Location: Dedata_5.png_Gaussian-Median.png
Component: component_1755523055292_83.png
centerX: 0.01653225806451613
centerY: 0.18723282986605871
width: 0.027016129032258064
height: 0.04531205471644343
Area: 0.00045137388650382887
CentroidX: 0.0289
CentroidY: 0.2120
