Location: internet_10.png_Mean-Closing.png
Component: component_1755091713853_164.png
centerX: 0.7033454252317614
centerY: 0.4881665240946678
width: 0.030229746070133012
height: 0.03450242372398061
Area: 0.00043869191426555536
CentroidX: 0.7160
CentroidY: 0.5061
