Location: Dedata_5.png_Mean-Medain.png
Component: component_1755523055684_120.png
centerX: 0.2
centerY: 0.30094043887147337
width: 0.022983870967741935
height: 0.04331718438301511
Area: 0.0004283915093905993
CentroidX: 0.2104
CentroidY: 0.3240
