Location: internet_10.png_Mean-Closing.png
Component: component_1755091713833_67.png
centerX: 0.41717049576783555
centerY: 0.16652409466780724
width: 0.030229746070133012
height: 0.034787567721699456
Area: 0.00045754061060811527
CentroidX: 0.4301
CentroidY: 0.1842
