Location: Dedata_5.png_Mean-Medain.png
Component: component_1755523055690_148.png
centerX: 0.775
centerY: 0.39840410373325735
width: 0.025403225806451612
height: 0.047021943573667714
Area: 0.0004946956673622667
CentroidX: 0.7874
CentroidY: 0.4231
