Location: internet_10.png_Otsu.png
Component: component_1755091713948_217.png
centerX: 0.3587263200322451
centerY: 0.22640433418876532
width: 0.03466344216041919
height: 0.03051040775591674
Area: 0.0004311064632984276
CentroidX: 0.3746
CentroidY: 0.2411
