Location: Dedata_5.png_Gaussian-Closing.png
Component: component_1755523055560_84.png
centerX: 0.8862903225806451
centerY: 0.2322599031062981
width: 0.02338709677419355
height: 0.04474209176403534
Area: 0.00041965820608757203
CentroidX: 0.8986
CentroidY: 0.2559
