Location: Dedata_5.png_Mean-Closing.png
Component: component_1755523055837_242.png
centerX: 0.4282258064516129
centerY: 0.6531775434596752
width: 0.02338709677419355
height: 0.043032202906811055
Area: 0.00044482390902655846
CentroidX: 0.4392
CentroidY: 0.6754
