Location: Dedata_5.png_Mean-Medain.png
Component: component_1755523055718_257.png
centerX: 0.8741935483870967
centerY: 0.707609005414648
width: 0.02943548387096774
height: 0.04360216585921915
Area: 0.00047424135173149227
CentroidX: 0.8887
CentroidY: 0.7297
