Location: Dedata_5.png_Gaussian-Closing.png
Component: component_1755523055561_89.png
centerX: 0.6427419354838709
centerY: 0.23738956967797092
width: 0.02379032258064516
height: 0.04132231404958678
Area: 0.00040471966096397284
CentroidX: 0.6551
CentroidY: 0.2596
