Location: internet_10.png_Gaussian-Closing.png
Component: component_1755091714588_5.png
centerX: 0.018540910923014912
centerY: 0.00855431993156544
width: 0.032245062474808545
height: 0.03051040775591674
Area: 0.0003631821978200563
CentroidX: 0.0324
CentroidY: 0.0253
