Location: Dedata_5.png_Mean-Medain.png
Component: component_1755523055718_259.png
centerX: 0.7641129032258065
centerY: 0.7127386719863209
width: 0.03064516129032258
height: 0.050441721288116276
Area: 0.0005704225999503581
CentroidX: 0.7782
CentroidY: 0.7393
