Location: Dedata_5.png_Gaussian-Median.png
Component: component_1755523055282_40.png
centerX: 0.022983870967741935
centerY: 0.06811057281276717
width: 0.02217741935483871
height: 0.042462239954402965
Area: 0.0003946074150341518
CentroidX: 0.0342
CentroidY: 0.0909
