Location: internet_10.png_Gaussian-Median.png
Component: component_1755091714056_75.png
centerX: 0.41717049576783555
centerY: 0.16652409466780724
width: 0.030229746070133012
height: 0.03507271171941831
Area: 0.00043329015372835835
CentroidX: 0.4301
CentroidY: 0.1842
