Location: internet_10.png_Otsu.png
Component: component_1755091713964_289.png
centerX: 0.9230149133413946
centerY: 0.4853150841174793
width: 0.03345425231761386
height: 0.03735386370116909
Area: 0.0004042125916877019
CentroidX: 0.9377
CentroidY: 0.5023
