Location: internet_10.png_Otsu.png
Component: component_1755091713962_278.png
centerX: 0.580814187827489
centerY: 0.4359851725121186
width: 0.030632809351068116
height: 0.031080695751354435
Area: 0.0003749051674965265
CentroidX: 0.5947
CentroidY: 0.4508
