Location: internet_10.png_Gaussian-Closing.png
Component: component_1755091714666_235.png
centerX: 0.49858927851672713
centerY: 0.7262617621899059
width: 0.030229746070133012
height: 0.032506415739948676
Area: 0.00041536090598787455
CentroidX: 0.5121
CentroidY: 0.7423
