Location: internet_10.png_Mean-Closing.png
Component: component_1755091713820_4.png
centerX: 0.1370415155179363
centerY: 0.007413743940690049
width: 0.025796049979846837
height: 0.02879954376960365
Area: 0.0003338747736288809
CentroidX: 0.1484
CentroidY: 0.0220
