Location: internet_10.png_Mean-Closing.png
Component: component_1755091713825_30.png
centerX: 0.014510278113663845
centerY: 0.05674365554605076
width: 0.02539298669891173
height: 0.038209295694325636
Area: 0.00034134529352074916
CentroidX: 0.0257
CentroidY: 0.0758
