Location: internet_10.png_Otsu.png
Component: component_1755091713978_367.png
centerX: 0.18178153970173316
centerY: 0.6871970345024238
width: 0.032648125755743655
height: 0.03364699173082407
Area: 0.0003762843403996406
CentroidX: 0.1968
CentroidY: 0.7030
