Location: internet_10.png_Gaussian-Closing.png
Component: component_1755091714608_20.png
centerX: 0.6267634018540911
centerY: 0.0499001996007984
width: 0.03829101168883515
height: 0.035642999714856
Area: 0.0005078804215717813
CentroidX: 0.6407
CentroidY: 0.0696
