Location: Dedata_5.png_Gaussian-Closing.png
Component: component_1755523055605_280.png
centerX: 0.7129032258064516
centerY: 0.786833855799373
width: 0.02661290322580645
height: 0.047591906526075804
Area: 0.00044999494387703507
CentroidX: 0.7265
CentroidY: 0.8109
