Location: internet_10.png_Otsu.png
Component: component_1755091713974_344.png
centerX: 0.23901652559451833
centerY: 0.6241802110065583
width: 0.029423619508262798
height: 0.03165098374679213
Area: 0.0003310014967473931
CentroidX: 0.2524
CentroidY: 0.6396
