Location: internet_10.png_Gaussian-Median.png
Component: component_1755091714047_31.png
centerX: 0.4538492543329303
centerY: 0.05360707157114343
width: 0.031035872632003223
height: 0.036213287710293696
Area: 0.00048730775910032874
CentroidX: 0.4671
CentroidY: 0.0720
