Location: Dedata_5.png_Mean-Medain.png
Component: component_1755523055690_150.png
centerX: 0.9475806451612904
centerY: 0.39925904816186947
width: 0.01975806451612903
height: 0.04103733257338273
Area: 0.0004097757839288833
CentroidX: 0.9574
CentroidY: 0.4197
