Location: Dedata_5.png_Gaussian-Median.png
Component: component_1755523055299_121.png
centerX: 0.2
centerY: 0.30065545739526933
width: 0.022983870967741935
height: 0.04360216585921915
Area: 0.0004041451015361421
CentroidX: 0.2103
CentroidY: 0.3237
