Location: Dedata_5.png_Mean-Medain.png
Component: component_1755523055671_55.png
centerX: 0.2971774193548387
centerY: 0.12339697919635224
width: 0.02620967741935484
height: 0.04075235109717868
Area: 0.00043459675121117127
CentroidX: 0.3100
CentroidY: 0.1462
