Location: internet_10.png_Gaussian-Closing.png
Component: component_1755091714669_253.png
centerX: 0.3857315598548972
centerY: 0.7847162817222697
width: 0.03829101168883515
height: 0.034787567721699456
Area: 0.00040133931480621415
CentroidX: 0.4027
CentroidY: 0.8016
