Location: internet_10.png_Mean-Closing.png
Component: component_1755091713821_11.png
centerX: 0.4280532043530834
centerY: 0.010265183917878529
width: 0.02902055622732769
height: 0.02737382378100941
Area: 0.0003022687279325152
CentroidX: 0.4416
CentroidY: 0.0232
