Location: Dedata_5.png_Mean-Medain.png
Component: component_1755523055677_84.png
centerX: 0.7435483870967742
centerY: 0.23453975491593046
width: 0.024596774193548387
height: 0.04189227700199487
Area: 0.0004402274336039125
CentroidX: 0.7555
CentroidY: 0.2574
