Location: Dedata_5.png_Mean-Closing.png
Component: component_1755523055845_272.png
centerX: 0.05443548387096774
centerY: 0.7369620974636648
width: 0.022983870967741935
height: 0.047021943573667714
Area: 0.00046504840088620045
CentroidX: 0.0661
CentroidY: 0.7600
