Location: internet_10.png_Gaussian-Closing.png
Component: component_1755091714656_188.png
centerX: 0.29907295445384924
centerY: 0.5631593954947248
width: 0.030632809351068116
height: 0.029369831765041345
Area: 0.00036341205997057535
CentroidX: 0.3147
CentroidY: 0.5763
