Location: internet_10.png_Otsu.png
Component: component_1755091713959_269.png
centerX: 0.14349052801289802
centerY: 0.3960650128314799
width: 0.03909713825070536
height: 0.036213287710293696
Area: 0.0005030533164108818
CentroidX: 0.1604
CentroidY: 0.4139
