Location: internet_10.png_Gaussian-Median.png
Component: component_1755091714288_292.png
centerX: 0.5147118097541314
centerY: 0.8363273453093812
width: 0.041112454655380895
height: 0.033932135728542916
Area: 0.00039168510448441517
CentroidX: 0.5337
CentroidY: 0.8531
