Location: Dedata_5.png_Mean-Medain.png
Component: component_1755523055711_227.png
centerX: 0.3370967741935484
centerY: 0.5941863778854375
width: 0.02661290322580645
height: 0.039897406668566546
Area: 0.00045137388650382887
CentroidX: 0.3502
CentroidY: 0.6144
