Location: Dedata_5.png_Mean-Closing.png
Component: component_1755523055831_217.png
centerX: 0.6310483870967742
centerY: 0.5759475634083785
width: 0.02217741935483871
height: 0.048446850954687946
Area: 0.0004868816591437686
CentroidX: 0.6415
CentroidY: 0.5998
