Location: Dedata_5.png_Gaussian-Closing.png
Component: component_1755523055553_51.png
centerX: 0.3987903225806452
centerY: 0.12168709033912796
width: 0.02338709677419355
height: 0.039897406668566546
Area: 0.0003765662490002666
CentroidX: 0.4111
CentroidY: 0.1433
