Location: Dedata_5.png_Mean-Closing.png
Component: component_1755523055796_91.png
centerX: 0.5939516129032258
centerY: 0.2396694214876033
width: 0.02258064516129032
height: 0.0438871473354232
Area: 0.0004425256713152355
CentroidX: 0.6044
CentroidY: 0.2620
