Location: internet_10.png_Mean-Closing.png
Component: component_1755091713832_62.png
centerX: 0.6968964127367997
centerY: 0.16139150270886798
width: 0.03426037887948408
height: 0.03279155973766752
Area: 0.00048523899974565755
CentroidX: 0.7116
CentroidY: 0.1773
