Location: Dedata_5.png_Mean-Closing.png
Component: component_1755523055819_170.png
centerX: 0.8274193548387097
centerY: 0.4608150470219436
width: 0.022983870967741935
height: 0.040467369620974636
Area: 0.00041356787615256624
CentroidX: 0.8392
CentroidY: 0.4811
