Location: internet_10.png_Otsu.png
Component: component_1755091713969_314.png
centerX: 0.6993147924224103
centerY: 0.5443398916452808
width: 0.028617492946392584
height: 0.03051040775591674
Area: 0.00036111343846538513
CentroidX: 0.7125
CentroidY: 0.5590
