Location: Dedata_5.png_Mean-Closing.png
Component: component_1755523055798_97.png
centerX: 0.1625
centerY: 0.24736392134511256
width: 0.022983870967741935
height: 0.0438871473354232
Area: 0.0004373546364647588
CentroidX: 0.1728
CentroidY: 0.2710
