Location: internet_10.png_Otsu.png
Component: component_1755091713945_203.png
centerX: 0.06972994760177348
centerY: 0.17650413458796693
width: 0.03184199919387344
height: 0.03706871970345024
Area: 0.0004670798898546547
CentroidX: 0.0849
CentroidY: 0.1942
