Location: Dedata_5.png_Gaussian-Median.png
Component: component_1755523055292_87.png
centerX: 0.7439516129032258
centerY: 0.23453975491593046
width: 0.024193548387096774
height: 0.04189227700199487
Area: 0.0004123038454113386
CentroidX: 0.7555
CentroidY: 0.2573
