Location: Dedata_5.png_Mean-Medain.png
Component: component_1755523055671_57.png
centerX: 0.7120967741935483
centerY: 0.12311199772014819
width: 0.027822580645161292
height: 0.03818751781134226
Area: 0.0004389634028626849
CentroidX: 0.7254
CentroidY: 0.1441
