Location: Dedata_5.png_Gaussian-Closing.png
Component: component_1755523055565_105.png
centerX: 0.8286290322580645
centerY: 0.2903961242519236
width: 0.02258064516129032
height: 0.039897406668566546
Area: 0.00035392860754373547
CentroidX: 0.8394
CentroidY: 0.3113
