Location: Kurtxevani_1764_page_10.png_Otsu.png
Component: component_1755610056000_1886.png
centerX: 0.7074433656957929
centerY: 0.8002806361085126
width: 0.01423948220064725
height: 0.029466791393826006
Area: 0.0002527844127379125
CentroidX: 0.7144
CentroidY: 0.8154
