Location: Dedata_5.png_Mean-Medain.png
Component: component_1755523055693_156.png
centerX: 0.5778225806451613
centerY: 0.40524365916215443
width: 0.027016129032258064
height: 0.039897406668566546
Area: 0.0004455133803399553
CentroidX: 0.5909
CentroidY: 0.4263
