Location: Dedata_5.png_Gaussian-Closing.png
Component: component_1755523055583_186.png
centerX: 0.2721774193548387
centerY: 0.48076375035622687
width: 0.020161290322580645
height: 0.04217725847819892
Area: 0.00036852241701063623
CentroidX: 0.2815
CentroidY: 0.5014
