Location: internet_10.png_Gaussian-Median.png
Component: component_1755091714065_119.png
centerX: 0.06610237807335752
centerY: 0.2928428856572569
width: 0.029826682789197905
height: 0.03307670373538637
Area: 0.00041869390717040036
CentroidX: 0.0796
CentroidY: 0.3082
