Location: Dedata_5.png_Gaussian-Closing.png
Component: component_1755523055600_254.png
centerX: 0.10685483870967742
centerY: 0.6717013394129382
width: 0.021370967741935483
height: 0.04531205471644343
Area: 0.0004459730278822199
CentroidX: 0.1172
CentroidY: 0.6946
