Location: internet_10.png_Gaussian-Closing.png
Component: component_1755091714663_222.png
centerX: 0.3010882708585248
centerY: 0.6797832905617337
width: 0.032245062474808545
height: 0.031936127744510975
Area: 0.00038432951566780646
CentroidX: 0.3169
CentroidY: 0.6937
