Location: internet_10.png_Gaussian-Closing.png
Component: component_1755091714664_229.png
centerX: 0.7400241837968561
centerY: 0.7142857142857143
width: 0.029826682789197905
height: 0.03421727972626176
Area: 0.00041731473426728625
CentroidX: 0.7551
CentroidY: 0.7309
