Location: Dedata_5.png_Gaussian-Closing.png
Component: component_1755523055591_218.png
centerX: 0.8943548387096775
centerY: 0.5736677115987461
width: 0.02379032258064516
height: 0.04217725847819892
Area: 0.00042448450528135027
CentroidX: 0.9069
CentroidY: 0.5935
