Location: internet_10.png_Mean-Closing.png
Component: component_1755091713843_119.png
centerX: 0.4135429262394196
centerY: 0.3299116053607072
width: 0.030632809351068116
height: 0.03279155973766752
Area: 0.0004381172588892578
CentroidX: 0.4277
CentroidY: 0.3454
