Location: Dedata_5.png_Gaussian-Median.png
Component: component_1755523055443_222.png
centerX: 0.8604838709677419
centerY: 0.5736677115987461
width: 0.01935483870967742
height: 0.039897406668566546
Area: 0.0003847249928754631
CentroidX: 0.8697
CentroidY: 0.5937
