Location: internet_10.png_Otsu.png
Component: component_1755091713971_326.png
centerX: 0.12817412333736397
centerY: 0.568577131451383
width: 0.03143893591293833
height: 0.03222127174222983
Area: 0.000364906163948949
CentroidX: 0.1427
CentroidY: 0.5850
