Location: Dedata_5.png_Gaussian-Closing.png
Component: component_1755523055567_118.png
centerX: 0.3866935483870968
centerY: 0.3000854944428612
width: 0.020967741935483872
height: 0.04075235109717868
Area: 0.00038012851745281717
CentroidX: 0.3965
CentroidY: 0.3216
