Location: Kurtxevani_1764_page_10.png_Otsu.png
Component: component_1755610055911_1091.png
centerX: 0.39288025889967637
centerY: 0.4148737137511693
width: 0.011650485436893204
height: 0.0205799812909261
Area: 0.00014137762963904808
CentroidX: 0.3988
CentroidY: 0.4247
