Location: internet_10.png_Otsu.png
Component: component_1755091713961_277.png
centerX: 0.6356307940346635
centerY: 0.43370402053036783
width: 0.03143893591293833
height: 0.031936127744510975
Area: 0.00038375486029150886
CentroidX: 0.6491
CentroidY: 0.4492
