Location: Dedata_5.png_Gaussian-Median.png
Component: component_1755523055361_169.png
centerX: 0.14838709677419354
centerY: 0.4231974921630094
width: 0.017741935483870968
height: 0.042462239954402965
Area: 0.00038461008098989694
CentroidX: 0.1566
CentroidY: 0.4457
