Location: Dedata_5.png_Gaussian-Median.png
Component: component_1755523055457_262.png
centerX: 0.9262096774193549
centerY: 0.7084639498432602
width: 0.028629032258064516
height: 0.04274722143060701
Area: 0.00045183353404609344
CentroidX: 0.9393
CentroidY: 0.7311
