Location: internet_10.png_Gaussian-Closing.png
Component: component_1755091714635_116.png
centerX: 0.6469165659008465
centerY: 0.32164242942686055
width: 0.03184199919387344
height: 0.029369831765041345
Area: 0.00037341106351815285
CentroidX: 0.6603
CentroidY: 0.3363
