Location: Dedata_5.png_Gaussian-Closing.png
Component: component_1755523055584_190.png
centerX: 0.13911290322580644
centerY: 0.4861783984041037
width: 0.02217741935483871
height: 0.04160729552579082
Area: 0.00037691098465696506
CentroidX: 0.1500
CentroidY: 0.5070
