Location: Kurtxevani_1794_page_10.png_Mean-Medain.png
Component: component_1755610054851_993.png
centerX: 0.5885447106954997
centerY: 0.27633318642573823
width: 0.010520163646990065
height: 0.01762891141472014
Area: 0.00010303279611174834
CentroidX: 0.5932
CentroidY: 0.2849
