Location: Dedata_5.png_Gaussian-Median.png
Component: component_1755523055297_111.png
centerX: 0.7459677419354839
centerY: 0.2921060131091479
width: 0.021370967741935483
height: 0.03505272157309775
Area: 0.0003377260316789086
CentroidX: 0.7558
CentroidY: 0.3113
