Location: Dedata_5.png_Gaussian-Closing.png
Component: component_1755523055565_107.png
centerX: 0.7879032258064517
centerY: 0.29068110572812766
width: 0.02338709677419355
height: 0.037902536335138216
Area: 0.00034990669154892027
CentroidX: 0.7990
CentroidY: 0.3106
