Location: internet_10.png_Gaussian-Median.png
Component: component_1755091714262_259.png
centerX: 0.38170092704554615
centerY: 0.7333903621328771
width: 0.030632809351068116
height: 0.033361847733105215
Area: 0.00040903969684860143
CentroidX: 0.3972
CentroidY: 0.7492
