Location: internet_10.png_Gaussian-Median.png
Component: component_1755091714054_68.png
centerX: 0.8750503829101169
centerY: 0.15939549472483605
width: 0.037484885126964934
height: 0.03364699173082407
Area: 0.00044524298555534755
CentroidX: 0.8899
CentroidY: 0.1758
