Location: Dedata_5.png_Mean-Closing.png
Component: component_1755523055815_156.png
centerX: 0.5306451612903226
centerY: 0.4066685665431747
width: 0.02379032258064516
height: 0.0438871473354232
Area: 0.00045355721232958566
CentroidX: 0.5417
CentroidY: 0.4286
