Location: internet_10.png_Gaussian-Closing.png
Component: component_1755091714640_126.png
centerX: 0.014107214832728738
centerY: 0.34160250926717994
width: 0.03667875856509472
height: 0.038209295694325636
Area: 0.0004650111304999835
CentroidX: 0.0291
CentroidY: 0.3611
