Location: internet_10.png_Otsu.png
Component: component_1755091713980_385.png
centerX: 0.5590487706569931
centerY: 0.7245508982035929
width: 0.030632809351068116
height: 0.03307670373538637
Area: 0.0003872027925492942
CentroidX: 0.5728
CentroidY: 0.7400
