Location: Dedata_5.png_Gaussian-Closing.png
Component: component_1755523055563_96.png
centerX: 0.11088709677419355
centerY: 0.24593901396409235
width: 0.024596774193548387
height: 0.045597036192647475
Area: 0.0004900991919396207
CentroidX: 0.1222
CentroidY: 0.2709
