Location: Dedata_5.png_Mean-Medain.png
Component: component_1755523055710_223.png
centerX: 0.5366935483870968
centerY: 0.5825021373610715
width: 0.02258064516129032
height: 0.04531205471644343
Area: 0.00047389661607479385
CentroidX: 0.5477
CentroidY: 0.6057
