Location: internet_10.png_Mean-Closing.png
Component: component_1755091713831_58.png
centerX: 0.8141878274889157
centerY: 0.15739948674080412
width: 0.03426037887948408
height: 0.034787567721699456
Area: 0.0004936289682396019
CentroidX: 0.8301
CentroidY: 0.1748
