Location: internet_10.png_Mean-Closing.png
Component: component_1755091713856_181.png
centerX: 0.7565497783151954
centerY: 0.5446250356429997
width: 0.03385731559854897
height: 0.028514399771884802
Area: 0.00038869689652766787
CentroidX: 0.7726
CentroidY: 0.5585
