Location: Dedata_5.png_Gaussian-Closing.png
Component: component_1755523055558_79.png
centerX: 0.2495967741935484
centerY: 0.18267312624679397
width: 0.024596774193548387
height: 0.04531205471644343
Area: 0.0004279318618483347
CentroidX: 0.2621
CentroidY: 0.2071
