Location: internet_10.png_Mean-Closing.png
Component: component_1755091713871_254.png
centerX: 0.32769044740024184
centerY: 0.7858568577131452
width: 0.032245062474808545
height: 0.035357855717137156
Area: 0.00037605447824912163
CentroidX: 0.3410
CentroidY: 0.8044
