Location: internet_10.png_Gaussian-Median.png
Component: component_1755091714057_81.png
centerX: 0.12777106005642885
centerY: 0.17336755061305958
width: 0.03788794840790004
height: 0.03849443969204448
Area: 0.000505122075765553
CentroidX: 0.1440
CentroidY: 0.1927
