Location: Dedata_5.png_Gaussian-Closing.png
Component: component_1755523055545_12.png
centerX: 0.7028225806451613
centerY: 0.007694499857509262
width: 0.025
height: 0.039897406668566546
Area: 0.0003993188023423639
CentroidX: 0.7156
CentroidY: 0.0286
