Location: internet_10.png_Gaussian-Median.png
Component: component_1755091714063_110.png
centerX: 0.5844417573559049
centerY: 0.2731679498146564
width: 0.03345425231761386
height: 0.034787567721699456
Area: 0.0004370828792119222
CentroidX: 0.6004
CentroidY: 0.2887
