Location: internet_10.png_Otsu.png
Component: component_1755091713934_74.png
centerX: 0.39862958484482064
centerY: 0.05588822355289421
width: 0.02902055622732769
height: 0.03222127174222983
Area: 0.0004180043207188433
CentroidX: 0.4120
CentroidY: 0.0718
