Location: Dedata_5.png_Mean-Closing.png
Component: component_1755523055784_40.png
centerX: 0.8620967741935484
centerY: 0.11826731262467939
width: 0.02620967741935484
height: 0.0438871473354232
Area: 0.0004528677410161888
CentroidX: 0.8747
CentroidY: 0.1425
