Location: Dedata_5.png_Mean-Closing.png
Component: component_1755523055820_175.png
centerX: 0.6491935483870968
centerY: 0.4650897691650043
width: 0.021370967741935483
height: 0.042462239954402965
Area: 0.0004183941753463444
CentroidX: 0.6599
CentroidY: 0.4856
