Location: Dedata_5.png_Mean-Closing.png
Component: component_1755523055811_142.png
centerX: 0.19314516129032258
centerY: 0.35993160444571104
width: 0.018548387096774192
height: 0.04132231404958678
Area: 0.00034726371818089886
CentroidX: 0.2018
CentroidY: 0.3813
