Location: Dedata_5.png_Mean-Closing.png
Component: component_1755523055815_154.png
centerX: 0.5778225806451613
centerY: 0.40552864063835853
width: 0.027016129032258064
height: 0.039612425192362494
Area: 0.0004459730278822199
CentroidX: 0.5909
CentroidY: 0.4264
