Location: internet_10.png_Mean-Closing.png
Component: component_1755091713867_232.png
centerX: 0.6182990729544539
centerY: 0.7211291702309667
width: 0.036275695284159616
height: 0.03364699173082407
Area: 0.000434554395556213
CentroidX: 0.6356
CentroidY: 0.7369
