Location: Dedata_5.png_Mean-Medain.png
Component: component_1755523055718_258.png
centerX: 0.9262096774193549
centerY: 0.7084639498432602
width: 0.028629032258064516
height: 0.043032202906811055
Area: 0.0004855027165169748
CentroidX: 0.9393
CentroidY: 0.7311
