Location: internet_10.png_Otsu.png
Component: component_1755091713933_72.png
centerX: 0.7400241837968561
centerY: 0.052751639577986884
width: 0.032648125755743655
height: 0.031936127744510975
Area: 0.0004305318079221301
CentroidX: 0.7548
CentroidY: 0.0677
