Location: Dedata_5.png_Gaussian-Median.png
Component: component_1755523055463_282.png
centerX: 0.7633064516129032
centerY: 0.7859789113707609
width: 0.025403225806451612
height: 0.050156739811912224
Area: 0.00046734663859752343
CentroidX: 0.7753
CentroidY: 0.8120
