Location: internet_10.png_Gaussian-Closing.png
Component: component_1755091714632_106.png
centerX: 0.17936316001612254
centerY: 0.2840034217279726
width: 0.027408303103587262
height: 0.036213287710293696
Area: 0.0004737458922197064
CentroidX: 0.1920
CentroidY: 0.3020
