Location: Samociqulo_1709_page_10.png_Gaussian-Median.png
Component: component_1755610056317_3558.png
centerX: 0.8024570024570025
centerY: 0.8784375
width: 0.01425061425061425
height: 0.019375
Area: 0.0001590909090909091
CentroidX: 0.8089
CentroidY: 0.8875
