Location: Dedata_5.png_Gaussian-Median.png
Component: component_1755523055465_288.png
centerX: 0.5189516129032258
centerY: 0.7902536335138216
width: 0.028225806451612902
height: 0.05072670276432032
Area: 0.0004755053824727199
CentroidX: 0.5318
CentroidY: 0.8159
