Location: Dedata_5.png_Mean-Medain.png
Component: component_1755523055700_189.png
centerX: 0.13911290322580644
centerY: 0.4864633798803078
width: 0.02217741935483871
height: 0.04132231404958678
Area: 0.00039426267937745337
CentroidX: 0.1499
CentroidY: 0.5069
