Location: Dedata_5.png_Gaussian-Median.png
Component: component_1755523055460_273.png
centerX: 0.23588709677419356
centerY: 0.7281276717013394
width: 0.02620967741935484
height: 0.049016813907096037
Area: 0.0004721729377913016
CentroidX: 0.2500
CentroidY: 0.7519
