Location: internet_10.png_Gaussian-Median.png
Component: component_1755091714258_248.png
centerX: 0.8722289399435711
centerY: 0.7131451382948389
width: 0.0237807335751713
height: 0.031080695751354435
Area: 0.00034341405287542035
CentroidX: 0.8841
CentroidY: 0.7283
