Location: Dedata_5.png_Mean-Closing.png
Component: component_1755523055813_148.png
centerX: 0.9475806451612904
centerY: 0.39925904816186947
width: 0.01975806451612903
height: 0.04103733257338273
Area: 0.00040989069581444946
CentroidX: 0.9574
CentroidY: 0.4197
