Location: Dedata_5.png_Gaussian-Closing.png
Component: component_1755523055561_90.png
centerX: 0.6943548387096774
centerY: 0.23710458820176689
width: 0.02379032258064516
height: 0.04189227700199487
Area: 0.00040839684130208957
CentroidX: 0.7052
CentroidY: 0.2593
