Location: Dedata_5.png_Gaussian-Closing.png
Component: component_1755523055606_282.png
centerX: 0.6705645161290322
centerY: 0.7885437446565973
width: 0.028225806451612902
height: 0.049586776859504134
Area: 0.0004675764623686557
CentroidX: 0.6831
CentroidY: 0.8138
