Location: internet_10.png_Mean-Closing.png
Component: component_1755091713836_79.png
centerX: 0.7593712212817413
centerY: 0.20958083832335328
width: 0.03385731559854897
height: 0.03364699173082407
Area: 0.0005078804215717813
CentroidX: 0.7751
CentroidY: 0.2267
