Location: internet_10.png_Otsu.png
Component: component_1755091713985_416.png
centerX: 0.14469971785570335
centerY: 0.7938408896492729
width: 0.04191858121725111
height: 0.03450242372398061
Area: 0.0004219119772776667
CentroidX: 0.1618
CentroidY: 0.8112
