Location: internet_10.png_Gaussian-Closing.png
Component: component_1755091714626_85.png
centerX: 0.4212011285771866
centerY: 0.22127174222982607
width: 0.030229746070133012
height: 0.03450242372398061
Area: 0.00043938150071711244
CentroidX: 0.4333
CentroidY: 0.2395
