Location: internet_10.png_Mean-Closing.png
Component: component_1755091713860_200.png
centerX: 0.5868601370415155
centerY: 0.6047904191616766
width: 0.03385731559854897
height: 0.029654975762760195
Area: 0.00041731473426728625
CentroidX: 0.6030
CentroidY: 0.6190
