Location: internet_10.png_Otsu.png
Component: component_1755091713946_207.png
centerX: 0.8162031438935913
centerY: 0.2084402623324779
width: 0.032648125755743655
height: 0.03136583974907328
Area: 0.00041605049243943163
CentroidX: 0.8324
CentroidY: 0.2228
