Location: Dedata_5.png_Gaussian-Median.png
Component: component_1755523055291_79.png
centerX: 0.2495967741935484
centerY: 0.18267312624679397
width: 0.024596774193548387
height: 0.04531205471644343
Area: 0.00042827659750503314
CentroidX: 0.2621
CentroidY: 0.2071
