Location: Dedata_5.png_Mean-Closing.png
Component: component_1755523055828_206.png
centerX: 0.13830645161290323
centerY: 0.5414648047876888
width: 0.021774193548387097
height: 0.047591906526075804
Area: 0.0004318388659575837
CentroidX: 0.1500
CentroidY: 0.5653
