Location: Dedata_5.png_Mean-Medain.png
Component: component_1755523055703_200.png
centerX: 0.5193548387096775
centerY: 0.524365916215446
width: 0.020967741935483872
height: 0.03932744371615845
Area: 0.000402536335138216
CentroidX: 0.5294
CentroidY: 0.5438
