Location: Dedata_5.png_Gaussian-Closing.png
Component: component_1755523055600_257.png
centerX: 0.8741935483870967
centerY: 0.707609005414648
width: 0.02943548387096774
height: 0.04360216585921915
Area: 0.0004445940852554261
CentroidX: 0.8887
CentroidY: 0.7296
