Location: internet_10.png_Otsu.png
Component: component_1755091713952_234.png
centerX: 0.2365981459089077
centerY: 0.2825777017393784
width: 0.029826682789197905
height: 0.032506415739948676
Area: 0.0004581152659844128
CentroidX: 0.2511
CentroidY: 0.2978
