Location: internet_10.png_Otsu.png
Component: component_1755091713943_192.png
centerX: 0.6400644901249496
centerY: 0.16310236669518108
width: 0.032245062474808545
height: 0.03364699173082407
Area: 0.00042432552985811645
CentroidX: 0.6537
CentroidY: 0.1788
