Location: internet_10.png_Otsu.png
Component: component_1755091713950_223.png
centerX: 0.9294639258363563
centerY: 0.2634730538922156
width: 0.03305118903667876
height: 0.03222127174222983
Area: 0.0003561714022292261
CentroidX: 0.9432
CentroidY: 0.2792
