Location: Dedata_5.png_Gaussian-Closing.png
Component: component_1755523055556_71.png
centerX: 0.8149193548387097
centerY: 0.1755485893416928
width: 0.025806451612903226
height: 0.04160729552579082
Area: 0.00043942305040494946
CentroidX: 0.8285
CentroidY: 0.1973
