Location: internet_10.png_Mean-Closing.png
Component: component_1755091713821_10.png
centerX: 0.31680773881499397
centerY: 0.009694895922440832
width: 0.02781136638452237
height: 0.03165098374679213
Area: 0.00034812622696106033
CentroidX: 0.3290
CentroidY: 0.0254
