Location: Dedata_5.png_Mean-Medain.png
Component: component_1755523055679_96.png
centerX: 0.11048387096774194
centerY: 0.24593901396409235
width: 0.025403225806451612
height: 0.045597036192647475
Area: 0.0005181376920177608
CentroidX: 0.1222
CentroidY: 0.2710
