Location: internet_10.png_Otsu.png
Component: component_1755091713960_271.png
centerX: 0.015316404675534058
centerY: 0.4031936127744511
width: 0.041112454655380895
height: 0.028229255774165955
Area: 0.0004338648091046559
CentroidX: 0.0338
CentroidY: 0.4179
