Location: Dedata_5.png_Mean-Medain.png
Component: component_1755523055665_30.png
centerX: 0.20443548387096774
centerY: 0.06497577657452265
width: 0.025403225806451612
height: 0.04189227700199487
Area: 0.00042517397659474717
CentroidX: 0.2171
CentroidY: 0.0874
