Location: Dedata_5.png_Mean-Closing.png
Component: component_1755523055787_52.png
centerX: 0.20040322580645162
centerY: 0.12225705329153605
width: 0.02379032258064516
height: 0.04331718438301511
Area: 0.0004314941303008853
CentroidX: 0.2127
CentroidY: 0.1464
