Location: Dedata_5.png_Gaussian-Closing.png
Component: component_1755523055595_232.png
centerX: 0.10443548387096774
centerY: 0.6084354516956397
width: 0.02056451612903226
height: 0.047021943573667714
Area: 0.00044470899714099227
CentroidX: 0.1144
CentroidY: 0.6322
