Location: Dedata_5.png_Gaussian-Median.png
Component: component_1755523055296_106.png
centerX: 0.8725806451612903
centerY: 0.28982616129951555
width: 0.025806451612903226
height: 0.04103733257338273
Area: 0.0003703610071796946
CentroidX: 0.8839
CentroidY: 0.3118
