Location: internet_10.png_Mean-Closing.png
Component: component_1755091713837_87.png
centerX: 0.3022974607013301
centerY: 0.22526375819788994
width: 0.029826682789197905
height: 0.03792415169660679
Area: 0.0005019040056582867
CentroidX: 0.3165
CentroidY: 0.2440
