Location: internet_10.png_Otsu.png
Component: component_1755091713928_1.png
centerX: 0.07900040306328093
centerY: 0.007413743940690049
width: 0.037484885126964934
height: 0.028229255774165955
Area: 0.00035433250502507396
CentroidX: 0.0920
CentroidY: 0.0230
