Location: Dedata_5.png_Gaussian-Closing.png
Component: component_1755523055608_292.png
centerX: 0.21895161290322582
centerY: 0.7962382445141066
width: 0.03024193548387097
height: 0.04873183243089199
Area: 0.0004898693681684884
CentroidX: 0.2350
CentroidY: 0.8204
