Location: internet_10.png_Gaussian-Median.png
Component: component_1755091714072_152.png
centerX: 0.07980652962515115
centerY: 0.39948674080410607
width: 0.0354695687222894
height: 0.033361847733105215
Area: 0.0004600690942638245
CentroidX: 0.0961
CentroidY: 0.4155
