Location: Dedata_5.png_Mean-Closing.png
Component: component_1755523055793_77.png
centerX: 0.2495967741935484
centerY: 0.18267312624679397
width: 0.024596774193548387
height: 0.04531205471644343
Area: 0.00045688965701100396
CentroidX: 0.2621
CentroidY: 0.2071
