Location: internet_10.png_Gaussian-Median.png
Component: component_1755091714066_125.png
centerX: 0.7001209189842805
centerY: 0.31993156544054746
width: 0.032245062474808545
height: 0.031080695751354435
Area: 0.00042145225297662863
CentroidX: 0.7140
CentroidY: 0.3349
