Location: Dedata_5.png_Gaussian-Median.png
Component: component_1755523055365_179.png
centerX: 0.5564516129032258
centerY: 0.46480478768880024
width: 0.021774193548387097
height: 0.04360216585921915
Area: 0.0004018468638248191
CentroidX: 0.5669
CentroidY: 0.4870
