Location: internet_10.png_Mean-Closing.png
Component: component_1755091713836_82.png
centerX: 0.585247883917775
centerY: 0.2184203022526376
width: 0.030229746070133012
height: 0.03450242372398061
Area: 0.00045868992136071035
CentroidX: 0.5991
CentroidY: 0.2343
