Location: Dedata_5.png_Gaussian-Median.png
Component: component_1755523055301_133.png
centerX: 0.8524193548387097
centerY: 0.3445426047306925
width: 0.02258064516129032
height: 0.03619264747791394
Area: 0.0003454251280118405
CentroidX: 0.8632
CentroidY: 0.3643
