Location: internet_10.png_Mean-Closing.png
Component: component_1755091713864_219.png
centerX: 0.4893188230552197
centerY: 0.6712289706301683
width: 0.03506650544135429
height: 0.03507271171941831
Area: 0.0004580003349091533
CentroidX: 0.5050
CentroidY: 0.6878
