Location: internet_10.png_Gaussian-Closing.png
Component: component_1755091714673_275.png
centerX: 0.07174526400644901
centerY: 0.8494439692044482
width: 0.037081821846029824
height: 0.036783575705731396
Area: 0.00039731672717213125
CentroidX: 0.0905
CentroidY: 0.8661
