Location: Dedata_5.png_Gaussian-Median.png
Component: component_1755523055463_283.png
centerX: 0.8572580645161291
centerY: 0.7859789113707609
width: 0.03064516129032258
height: 0.04189227700199487
Area: 0.0004649334890006343
CentroidX: 0.8723
CentroidY: 0.8076
