Location: internet_10.png_Gaussian-Median.png
Component: component_1755091714055_70.png
centerX: 0.6968964127367997
centerY: 0.16139150270886798
width: 0.03466344216041919
height: 0.03307670373538637
Area: 0.00046340209544635033
CentroidX: 0.7116
CentroidY: 0.1774
