Location: Dedata_5.png_Mean-Medain.png
Component: component_1755523055684_119.png
centerX: 0.2963709677419355
centerY: 0.30065545739526933
width: 0.02217741935483871
height: 0.04075235109717868
Area: 0.00038529955230329384
CentroidX: 0.3065
CentroidY: 0.3223
