Location: internet_10.png_Otsu.png
Component: component_1755091713981_394.png
centerX: 0.2547359935509875
centerY: 0.739093242087254
width: 0.04232164449818621
height: 0.031080695751354435
Area: 0.00038777744792559176
CentroidX: 0.2707
CentroidY: 0.7551
