Location: internet_10.png_Mean-Closing.png
Component: component_1755091713840_104.png
centerX: 0.2962515114873035
centerY: 0.2805816937553465
width: 0.029826682789197905
height: 0.03364699173082407
Area: 0.00045662116200603916
CentroidX: 0.3110
CentroidY: 0.2964
