Location: internet_10.png_Otsu.png
Component: component_1755091713972_332.png
centerX: 0.9214026602176542
centerY: 0.5959509552323924
width: 0.030229746070133012
height: 0.03364699173082407
Area: 0.00038904168975344643
CentroidX: 0.9358
CentroidY: 0.6115
