Location: internet_10.png_Mean-Closing.png
Component: component_1755091713874_269.png
centerX: 0.392583635630794
centerY: 0.8374679213002566
width: 0.032245062474808545
height: 0.031936127744510975
Area: 0.00040938449007437994
CentroidX: 0.4087
CentroidY: 0.8524
