Location: internet_10.png_Gaussian-Median.png
Component: component_1755091714074_163.png
centerX: 0.46432889963724305
centerY: 0.43741089250071286
width: 0.03143893591293833
height: 0.03364699173082407
Area: 0.0003901910005060415
CentroidX: 0.4796
CentroidY: 0.4536
