Location: Dedata_5.png_Gaussian-Closing.png
Component: component_1755523055556_68.png
centerX: 0.8637096774193549
centerY: 0.17469364491308065
width: 0.027822580645161292
height: 0.04417212881162724
Area: 0.00045815368775223156
CentroidX: 0.8775
CentroidY: 0.1990
