Location: Dedata_5.png_Mean-Closing.png
Component: component_1755523055776_9.png
centerX: 0.6576612903225807
centerY: 0.006554573952693075
width: 0.02258064516129032
height: 0.03818751781134226
Area: 0.0003950670625764164
CentroidX: 0.6692
CentroidY: 0.0272
