Location: internet_10.png_Otsu.png
Component: component_1755091713973_336.png
centerX: 0.5868601370415155
centerY: 0.6047904191616766
width: 0.03345425231761386
height: 0.029654975762760195
Area: 0.0003666301300778417
CentroidX: 0.6028
CentroidY: 0.6190
