Location: Dedata_5.png_Mean-Medain.png
Component: component_1755523055720_265.png
centerX: 0.5701612903225807
centerY: 0.7178683385579937
width: 0.027419354838709678
height: 0.050441721288116276
Area: 0.0005529559933443036
CentroidX: 0.5842
CentroidY: 0.7437
