Location: Dedata_5.png_Mean-Medain.png
Component: component_1755523055700_188.png
centerX: 0.10080645161290322
centerY: 0.4864633798803078
width: 0.020967741935483872
height: 0.03932744371615845
Area: 0.0003677180338116732
CentroidX: 0.1107
CentroidY: 0.5059
