Location: Dedata_5.png_Gaussian-Closing.png
Component: component_1755523055566_109.png
centerX: 0.7459677419354839
centerY: 0.2921060131091479
width: 0.021370967741935483
height: 0.03505272157309775
Area: 0.00033807076733560705
CentroidX: 0.7558
CentroidY: 0.3113
