Location: Dedata_5.png_Gaussian-Median.png
Component: component_1755523055454_255.png
centerX: 0.19475806451612904
centerY: 0.6674266172698775
width: 0.024596774193548387
height: 0.0438871473354232
Area: 0.00046148613243364987
CentroidX: 0.2068
CentroidY: 0.6886
