Location: internet_10.png_Otsu.png
Component: component_1755091713951_230.png
centerX: 0.4735993550987505
centerY: 0.27601938979184487
width: 0.030632809351068116
height: 0.033361847733105215
Area: 0.0003996153486773215
CentroidX: 0.4874
CentroidY: 0.2922
