Location: Dedata_5.png_Gaussian-Median.png
Component: component_1755523055452_251.png
centerX: 0.3814516129032258
centerY: 0.6554573952693075
width: 0.02258064516129032
height: 0.04588201766885153
Area: 0.0004464326754244845
CentroidX: 0.3925
CentroidY: 0.6780
