Location: internet_10.png_Otsu.png
Component: component_1755091713961_275.png
centerX: 0.694074969770254
centerY: 0.4317080125463359
width: 0.028617492946392584
height: 0.032506415739948676
Area: 0.0003501949863157315
CentroidX: 0.7073
CentroidY: 0.4468
