Location: Dedata_5.png_Mean-Medain.png
Component: component_1755523055666_34.png
centerX: 0.15846774193548388
centerY: 0.06611570247933884
width: 0.02258064516129032
height: 0.042462239954402965
Area: 0.00041483190689379384
CentroidX: 0.1692
CentroidY: 0.0889
