Location: internet_10.png_Mean-Closing.png
Component: component_1755091713825_28.png
centerX: 0.8460298266827891
centerY: 0.05588822355289421
width: 0.032648125755743655
height: 0.035357855717137156
Area: 0.0004922497953364877
CentroidX: 0.8597
CentroidY: 0.0734
