Location: internet_10.png_Otsu.png
Component: component_1755091713976_356.png
centerX: 0.9500201531640468
centerY: 0.6595380667236954
width: 0.03426037887948408
height: 0.026803535785571715
Area: 0.00035778043728285926
CentroidX: 0.9644
CentroidY: 0.6726
