Location: Dedata_5.png_Gaussian-Median.png
Component: component_1755523055432_195.png
centerX: 0.7568548387096774
centerY: 0.5155314904531205
width: 0.024596774193548387
height: 0.045597036192647475
Area: 0.00045516597872751174
CentroidX: 0.7685
CentroidY: 0.5381
