Location: internet_10.png_Otsu.png
Component: component_1755091713960_272.png
centerX: 0.8520757758968158
centerY: 0.42885657256914744
width: 0.03184199919387344
height: 0.032506415739948676
Area: 0.0003905357937318201
CentroidX: 0.8670
CentroidY: 0.4443
