Location: internet_10.png_Gaussian-Median.png
Component: component_1755091714078_182.png
centerX: 0.4127367996775494
centerY: 0.5012831479897348
width: 0.030632809351068116
height: 0.032506415739948676
Area: 0.000379962134807945
CentroidX: 0.4259
CentroidY: 0.5174
