Location: internet_10.png_Gaussian-Closing.png
Component: component_1755091714654_179.png
centerX: 0.6989117291414753
centerY: 0.544054747647562
width: 0.029423619508262798
height: 0.030795551753635585
Area: 0.00037904268620586894
CentroidX: 0.7125
CentroidY: 0.5590
