Location: internet_10.png_Gaussian-Closing.png
Component: component_1755091714659_203.png
centerX: 0.4111245465538089
centerY: 0.6167664670658682
width: 0.03869407496977025
height: 0.03307670373538637
Area: 0.000434554395556213
CentroidX: 0.4296
CentroidY: 0.6317
