Location: Dedata_5.png_Mean-Medain.png
Component: component_1755523055709_221.png
centerX: 0.680241935483871
centerY: 0.5770874893131946
width: 0.02338709677419355
height: 0.04331718438301511
Area: 0.000470104523851111
CentroidX: 0.6913
CentroidY: 0.5981
