Location: internet_10.png_Mean-Closing.png
Component: component_1755091713868_241.png
centerX: 0.13381700927045545
centerY: 0.7430852580553179
width: 0.03426037887948408
height: 0.03022526375819789
Area: 0.0004189237693209194
CentroidX: 0.1491
CentroidY: 0.7583
