Location: Dedata_5.png_Mean-Closing.png
Component: component_1755523055810_137.png
centerX: 0.37661290322580643
centerY: 0.3567968082074665
width: 0.01935483870967742
height: 0.039897406668566546
Area: 0.0003639259415879903
CentroidX: 0.3862
CentroidY: 0.3779
