Location: internet_10.png_Otsu.png
Component: component_1755091713970_320.png
centerX: 0.46956872228939944
centerY: 0.5514684915882521
width: 0.028214429665457477
height: 0.02594810379241517
Area: 0.00030111941717992014
CentroidX: 0.4832
CentroidY: 0.5643
