Location: Dedata_5.png_Mean-Closing.png
Component: component_1755523055807_125.png
centerX: 0.8951612903225806
centerY: 0.34254773439726416
width: 0.02258064516129032
height: 0.039612425192362494
Area: 0.0003979398597155701
CentroidX: 0.9066
CentroidY: 0.3633
