Location: Dedata_5.png_Gaussian-Closing.png
Component: component_1755523055580_172.png
centerX: 0.7419354838709677
centerY: 0.4608150470219436
width: 0.021774193548387097
height: 0.04673696209746366
Area: 0.000438273931549288
CentroidX: 0.7531
CentroidY: 0.4858
