Location: Dedata_5.png_Gaussian-Median.png
Component: component_1755523055436_205.png
centerX: 0.47580645161290325
centerY: 0.5257908235964662
width: 0.024193548387096774
height: 0.04103733257338273
Area: 0.0004055240441629359
CentroidX: 0.4878
CentroidY: 0.5460
