Location: internet_10.png_Gaussian-Median.png
Component: component_1755091714069_140.png
centerX: 0.913341394598952
centerY: 0.3678357570573139
width: 0.027005239822652155
height: 0.02879954376960365
Area: 0.00036950340695932944
CentroidX: 0.9269
CentroidY: 0.3827
