Location: internet_10.png_Gaussian-Median.png
Component: component_1755091714086_203.png
centerX: 0.3542926239419589
centerY: 0.559167379526661
width: 0.032648125755743655
height: 0.0290846877673225
Area: 0.00037731872007697626
CentroidX: 0.3682
CentroidY: 0.5736
