Location: Dedata_5.png_Gaussian-Median.png
Component: component_1755523055468_299.png
centerX: 0.11733870967741936
centerY: 0.8005129666571673
width: 0.025806451612903226
height: 0.04787688800227985
Area: 0.0004574642164388347
CentroidX: 0.1307
CentroidY: 0.8241
