Location: Dedata_5.png_Gaussian-Closing.png
Component: component_1755523055599_252.png
centerX: 0.14838709677419354
centerY: 0.6694214876033058
width: 0.022983870967741935
height: 0.04445711028783129
Area: 0.00042701256676380553
CentroidX: 0.1599
CentroidY: 0.6914
