Location: Dedata_5.png_Mean-Closing.png
Component: component_1755523055774_2.png
centerX: 0.01653225806451613
centerY: 0.003989740666856654
width: 0.02379032258064516
height: 0.0524365916215446
Area: 0.0004573493045532686
CentroidX: 0.0294
CentroidY: 0.0314
