Location: Dedata_5.png_Mean-Closing.png
Component: component_1755523055828_204.png
centerX: 0.22741935483870968
centerY: 0.5357651752636079
width: 0.021774193548387097
height: 0.04474209176403534
Area: 0.00044723705862344753
CentroidX: 0.2384
CentroidY: 0.5592
