Location: internet_10.png_Gaussian-Median.png
Component: component_1755091714052_53.png
centerX: 0.566303909713825
centerY: 0.1092101511263188
width: 0.029826682789197905
height: 0.03364699173082407
Area: 0.0004361634306098461
CentroidX: 0.5811
CentroidY: 0.1244
