Location: internet_10.png_Mean-Closing.png
Component: component_1755091713827_37.png
centerX: 0.1124546553808948
centerY: 0.06159110350727117
width: 0.03426037887948408
height: 0.03222127174222983
Area: 0.00038030692803372356
CentroidX: 0.1263
CentroidY: 0.0783
