Location: Dedata_5.png_Gaussian-Median.png
Component: component_1755523055454_256.png
centerX: 0.14838709677419354
centerY: 0.6694214876033058
width: 0.022983870967741935
height: 0.04445711028783129
Area: 0.0004274722143060701
CentroidX: 0.1599
CentroidY: 0.6914
