Location: Dedata_5.png_Mean-Closing.png
Component: component_1755523055810_134.png
centerX: 0.5907258064516129
centerY: 0.3525220860644058
width: 0.02379032258064516
height: 0.039042462239954404
Area: 0.00040828192941652343
CentroidX: 0.6022
CentroidY: 0.3733
