Location: internet_10.png_Otsu.png
Component: component_1755091713955_250.png
centerX: 0.2958484482063684
centerY: 0.3333333333333333
width: 0.029423619508262798
height: 0.033361847733105215
Area: 0.0004011094526556951
CentroidX: 0.3103
CentroidY: 0.3491
