Location: internet_10.png_Otsu.png
Component: component_1755091713962_279.png
centerX: 0.5223700120918985
centerY: 0.437125748502994
width: 0.027408303103587262
height: 0.029654975762760195
Area: 0.0003403109138434135
CentroidX: 0.5356
CentroidY: 0.4511
