Location: internet_28.png_Gaussian-Closing.png
Component: component_1755079435286_105.png
centerX: 0.6352277307537283
centerY: 0.2956943256344454
width: 0.0354695687222894
height: 0.035642999714856
Area: 0.00033375984255362137
CentroidX: 0.6487
CentroidY: 0.3078
