Location: Dedata_22.png_Mean-Closing.png
Component: component_1755510404946_337.png
centerX: 0.25766129032258067
centerY: 0.622399544029638
width: 0.02620967741935484
height: 0.037047591906526074
Area: 0.0004264380073359748
CentroidX: 0.2676
CentroidY: 0.6358
