Location: Dedata_22.png_Otsu.png
Component: component_1755510404121_594.png
centerX: 0.4165322580645161
centerY: 0.5226560273582217
width: 0.028225806451612902
height: 0.040467369620974636
Area: 0.0004133380523814339
CentroidX: 0.4268
CentroidY: 0.5366
