Location: Dedata_22.png_Gaussian-Closing.png
Component: component_1755510404369_14.png
centerX: 0.29435483870967744
centerY: 0.007694499857509262
width: 0.025403225806451612
height: 0.036477628954117984
Area: 0.0003474935419520312
CentroidX: 0.3034
CentroidY: 0.0207
