Location: Dedata_22.png_Gaussian-Closing.png
Component: component_1755510404375_40.png
centerX: 0.20080645161290323
centerY: 0.05842120262182958
width: 0.02379032258064516
height: 0.03334283271587347
Area: 0.00029049724671122184
CentroidX: 0.2097
CentroidY: 0.0701
