Location: Dedata_22.png_Otsu.png
Component: component_1755510404051_80.png
centerX: 0.6883064516129033
centerY: 0.14163579367341123
width: 0.02379032258064516
height: 0.029353092049016812
Area: 0.00015880822585241636
CentroidX: 0.6985
CentroidY: 0.1513
