Location: Dedata_22.png_Mean-Closing.png
Component: component_1755510404940_310.png
centerX: 0.3540322580645161
centerY: 0.5736677115987461
width: 0.02661290322580645
height: 0.03619264747791394
Area: 0.00042597835979371016
CentroidX: 0.3642
CentroidY: 0.5866
