Location: Dedata_22.png_Gaussian-Closing.png
Component: component_1755510404391_107.png
centerX: 0.6838709677419355
centerY: 0.19122257053291536
width: 0.02217741935483871
height: 0.03134796238244514
Area: 0.0002516570293898638
CentroidX: 0.6943
CentroidY: 0.2024
