Location: internet_28.png_Mean-Closing.png
Component: component_1755079435398_111.png
centerX: 0.14469971785570335
centerY: 0.3159395494724836
width: 0.03385731559854897
height: 0.03165098374679213
Area: 0.00032134728642559416
CentroidX: 0.1608
CentroidY: 0.3264
