Location: Dedata_22.png_Otsu.png
Component: component_1755510404117_579.png
centerX: 0.2963709677419355
centerY: 0.5175263607865489
width: 0.02620967741935484
height: 0.040467369620974636
Area: 0.0004035705421083113
CentroidX: 0.3056
CentroidY: 0.5328
