Location: Dedata_22.png_Gaussian-Closing.png
Component: component_1755510404442_355.png
centerX: 0.7012096774193548
centerY: 0.664291821031633
width: 0.02620967741935484
height: 0.03590766600170989
Area: 0.0003913898822382997
CentroidX: 0.7108
CentroidY: 0.6773
