Location: Dedata_22.png_Mean-Closing.png
Component: component_1755510404884_83.png
centerX: 0.5362903225806451
centerY: 0.14562553434026787
width: 0.02258064516129032
height: 0.03334283271587347
Area: 0.0002702727548515798
CentroidX: 0.5459
CentroidY: 0.1573
