Location: Dedata_22.png_Otsu.png
Component: component_1755510404071_194.png
centerX: 0.5016129032258064
centerY: 0.29068110572812766
width: 0.021370967741935483
height: 0.030493017953833
Area: 0.0001838590169058366
CentroidX: 0.5104
CentroidY: 0.3015
