Location: Dedata_22.png_Mean-Closing.png
Component: component_1755510404935_286.png
centerX: 0.37540322580645163
centerY: 0.5209461385009975
width: 0.027822580645161292
height: 0.039042462239954404
Area: 0.00044631776353891835
CentroidX: 0.3859
CentroidY: 0.5349
