Location: internet_28.png_Otsu.png
Component: component_1755079435781_178.png
centerX: 0.3909713825070536
centerY: 0.15540347875677216
width: 0.04191858121725111
height: 0.03421727972626176
Area: 0.00036145823169116364
CentroidX: 0.4110
CentroidY: 0.1666
