Location: internet_28.png_Mean-Closing.png
Component: component_1755079435378_22.png
centerX: 0.5530028214429665
centerY: 0.05132591958939264
width: 0.037484885126964934
height: 0.029369831765041345
Area: 0.0003869729303987752
CentroidX: 0.5711
CentroidY: 0.0611
