Location: Dedata_22.png_Mean-Medain.png
Component: component_1755510404754_199.png
centerX: 0.2157258064516129
centerY: 0.3385579937304075
width: 0.024596774193548387
height: 0.03305785123966942
Area: 0.00028670515448753897
CentroidX: 0.2253
CentroidY: 0.3505
