Location: Dedata_22.png_Mean-Medain.png
Component: component_1755510404806_375.png
centerX: 0.4068548387096774
centerY: 0.6722713023653463
width: 0.02620967741935484
height: 0.03619264747791394
Area: 0.00039161970600943197
CentroidX: 0.4166
CentroidY: 0.6850
