Location: Dedata_22.png_Gaussian-Closing.png
Component: component_1755510404441_349.png
centerX: 0.5
centerY: 0.6241094328868624
width: 0.03064516129032258
height: 0.03932744371615845
Area: 0.0004593028066078931
CentroidX: 0.5116
CentroidY: 0.6376
