Location: internet_28.png_Otsu.png
Component: component_1755079435785_233.png
centerX: 0.2704554615074567
centerY: 0.20786997433704021
width: 0.04514308746473196
height: 0.03307670373538637
Area: 0.00025422753847403944
CentroidX: 0.2938
CentroidY: 0.2183
