Location: Dedata_22.png_Gaussian-Closing.png
Component: component_1755510404436_325.png
centerX: 0.8620967741935484
centerY: 0.5785123966942148
width: 0.02661290322580645
height: 0.03562268452550584
Area: 0.000398629331028967
CentroidX: 0.8728
CentroidY: 0.5915
