Location: Dedata_22.png_Mean-Medain.png
Component: component_1755510404686_82.png
centerX: 0.6153225806451613
centerY: 0.1433456825306355
width: 0.024596774193548387
height: 0.031062980906241093
Area: 0.00027038766673714593
CentroidX: 0.6257
CentroidY: 0.1538
