Location: Dedata_22.png_Otsu.png
Component: component_1755510404113_567.png
centerX: 0.6919354838709677
centerY: 0.47534910230835
width: 0.02620967741935484
height: 0.0353377030493018
Area: 0.0003599040255931752
CentroidX: 0.7014
CentroidY: 0.4882
