Location: Dedata_22.png_Mean-Medain.png
Component: component_1755510404670_66.png
centerX: 0.2778225806451613
centerY: 0.10401823881447705
width: 0.02258064516129032
height: 0.03220290681105728
Area: 0.00028038500078140084
CentroidX: 0.2867
CentroidY: 0.1154
