Location: internet_28.png_Gaussian-Closing.png
Component: component_1755079435275_52.png
centerX: 0.6368399838774688
centerY: 0.1377245508982036
width: 0.037081821846029824
height: 0.03877958368976333
Area: 0.0003858236196461801
CentroidX: 0.6528
CentroidY: 0.1513
