Location: internet_28.png_Gaussian-Closing.png
Component: component_1755079435314_237.png
centerX: 0.28859330914953646
centerY: 0.6806387225548902
width: 0.03345425231761386
height: 0.031080695751354435
Area: 0.00042202690835292623
CentroidX: 0.3028
CentroidY: 0.6922
