Location: internet_28.png_Mean-Medain.png
Component: component_1755079435694_170.png
centerX: 0.18903667875856509
centerY: 0.4707727402338181
width: 0.03869407496977025
height: 0.03421727972626176
Area: 0.00048328517146624584
CentroidX: 0.2050
CentroidY: 0.4821
