Location: Dedata_22.png_Otsu.png
Component: component_1755510404050_69.png
centerX: 0.016129032258064516
centerY: 0.10829296095753776
width: 0.022983870967741935
height: 0.029353092049016812
Area: 0.00022074573217257008
CentroidX: 0.0253
CentroidY: 0.1183
