Location: Dedata_22.png_Gaussian-Closing.png
Component: component_1755510404415_224.png
centerX: 0.20806451612903226
centerY: 0.3852949558278712
width: 0.020967741935483872
height: 0.030493017953833
Area: 0.0002500482629919378
CentroidX: 0.2170
CentroidY: 0.3963
