Location: internet_28.png_Mean-Closing.png
Component: component_1755079435412_174.png
centerX: 0.6283756549778315
centerY: 0.5018534359851725
width: 0.03305118903667876
height: 0.03307670373538637
Area: 0.00046144826716693863
CentroidX: 0.6403
CentroidY: 0.5141
