Location: Dedata_22.png_Otsu.png
Component: component_1755510404118_585.png
centerX: 0.05040322580645161
centerY: 0.5209461385009975
width: 0.024596774193548387
height: 0.0347677400968937
Area: 0.00036829259323950395
CentroidX: 0.0605
CentroidY: 0.5335
