Location: Dedata_22.png_Otsu.png
Component: component_1755510404123_606.png
centerX: 0.31693548387096776
centerY: 0.5708178968367056
width: 0.025806451612903226
height: 0.0353377030493018
Area: 0.00035094089851901564
CentroidX: 0.3268
CentroidY: 0.5839
