Location: Dedata_22.png_Mean-Medain.png
Component: component_1755510404728_152.png
centerX: 0.21733870967741936
centerY: 0.24793388429752067
width: 0.022983870967741935
height: 0.03163294385864919
Area: 0.0002617692753196849
CentroidX: 0.2270
CentroidY: 0.2584
