Location: Dedata_22.png_Mean-Closing.png
Component: component_1755510404929_257.png
centerX: 0.04032258064516129
centerY: 0.4736392134511257
width: 0.025
height: 0.03134796238244514
Area: 0.00036496014855808565
CentroidX: 0.0515
CentroidY: 0.4847
