Location: Dedata_22.png_Otsu.png
Component: component_1755510404060_119.png
centerX: 0.2931451612903226
centerY: 0.20005699629524082
width: 0.022983870967741935
height: 0.030208036477628954
Area: 0.00017179326892139107
CentroidX: 0.3034
CentroidY: 0.2094
