Location: internet_28.png_Mean-Medain.png
Component: component_1755079435618_37.png
centerX: 0.7799274486094316
centerY: 0.08440262332477902
width: 0.04070939137444579
height: 0.03279155973766752
Area: 0.0004035230052361449
CentroidX: 0.7997
CentroidY: 0.0955
