Location: Dedata_22.png_Mean-Closing.png
Component: component_1755510404910_183.png
centerX: 0.48870967741935484
centerY: 0.3331433456825306
width: 0.02338709677419355
height: 0.03362781419207751
Area: 0.000288313920885465
CentroidX: 0.4978
CentroidY: 0.3450
