Location: internet_28.png_Gaussian-Closing.png
Component: component_1755079435270_32.png
centerX: 0.01652559451833938
centerY: 0.06843455945252352
width: 0.03305118903667876
height: 0.029940119760479042
Area: 0.0002990506578252489
CentroidX: 0.0325
CentroidY: 0.0787
