Location: Dedata_22.png_Mean-Closing.png
Component: component_1755510404939_304.png
centerX: 0.09314516129032258
centerY: 0.5719578227415218
width: 0.027822580645161292
height: 0.037902536335138216
Area: 0.0004449388209121246
CentroidX: 0.1046
CentroidY: 0.5855
