Location: Dedata_22.png_Otsu.png
Component: component_1755510404123_603.png
centerX: 0.9766129032258064
centerY: 0.5252208606440582
width: 0.01975806451612903
height: 0.0353377030493018
Area: 0.00028819900899989886
CentroidX: 0.9842
CentroidY: 0.5382
