Location: internet_28.png_Mean-Medain.png
Component: component_1755079435699_185.png
centerX: 0.35106811769447804
centerY: 0.5155403478756773
width: 0.0354695687222894
height: 0.03307670373538637
Area: 0.00045662116200603916
CentroidX: 0.3658
CentroidY: 0.5273
