Location: Dedata_22.png_Mean-Closing.png
Component: component_1755510404933_279.png
centerX: 0.0939516129032258
centerY: 0.5198062125961812
width: 0.028225806451612902
height: 0.03362781419207751
Area: 0.0003835758740198016
CentroidX: 0.1046
CentroidY: 0.5315
