Location: Dedata_22.png_Gaussian-Closing.png
Component: component_1755510404436_322.png
centerX: 0.9387096774193548
centerY: 0.5770874893131946
width: 0.028629032258064516
height: 0.037902536335138216
Area: 0.00040437492530727437
CentroidX: 0.9497
CentroidY: 0.5909
