Location: internet_28.png_Gaussian-Closing.png
Component: component_1755079435303_181.png
centerX: 0.35147118097541313
centerY: 0.5158254918733961
width: 0.03466344216041919
height: 0.03279155973766752
Area: 0.00043558877523354857
CentroidX: 0.3657
CentroidY: 0.5275
