Location: internet_28.png_Gaussian-Closing.png
Component: component_1755079435309_212.png
centerX: 0.6783555018137848
centerY: 0.6053607071571143
width: 0.03788794840790004
height: 0.03222127174222983
Area: 0.0004800671013589795
CentroidX: 0.6946
CentroidY: 0.6169
