Location: Dedata_22.png_Gaussian-Closing.png
Component: component_1755510404441_347.png
centerX: 0.0935483870967742
centerY: 0.6235394699344543
width: 0.027016129032258064
height: 0.03733257338273012
Area: 0.0004035705421083113
CentroidX: 0.1040
CentroidY: 0.6371
