Location: Dedata_22.png_Otsu.png
Component: component_1755510404057_104.png
centerX: 0.7596774193548387
centerY: 0.1860929039612425
width: 0.01935483870967742
height: 0.01738387004844685
Area: 0.000130539902003144
CentroidX: 0.7677
CentroidY: 0.1915
