Location: Dedata_22.png_Mean-Medain.png
Component: component_1755510404788_293.png
centerX: 0.6153225806451613
centerY: 0.5215161014534055
width: 0.027822580645161292
height: 0.036477628954117984
Area: 0.0004123038454113386
CentroidX: 0.6267
CentroidY: 0.5348
