Location: Dedata_22.png_Mean-Medain.png
Component: component_1755510404797_337.png
centerX: 0.9455645161290323
centerY: 0.6212596181248219
width: 0.03225806451612903
height: 0.03590766600170989
Area: 0.0004412616405740079
CentroidX: 0.9592
CentroidY: 0.6345
