Location: internet_28.png_Mean-Medain.png
Component: component_1755079435705_207.png
centerX: 0.23417976622329706
centerY: 0.5757057313943541
width: 0.036275695284159616
height: 0.033361847733105215
Area: 0.00048052682566001757
CentroidX: 0.2489
CentroidY: 0.5872
