Location: internet_28.png_Mean-Medain.png
Component: component_1755079435616_32.png
centerX: 0.13583232567513098
centerY: 0.06729398346164814
width: 0.03788794840790004
height: 0.03136583974907328
Area: 0.0003861684128719586
CentroidX: 0.1544
CentroidY: 0.0776
