Location: Dedata_22.png_Otsu.png
Component: component_1755510404095_491.png
centerX: 0.4830645161290323
centerY: 0.4194927329723568
width: 0.02338709677419355
height: 0.03733257338273012
Area: 0.00033944970996240085
CentroidX: 0.4919
CentroidY: 0.4328
