Location: Dedata_22.png_Gaussian-Closing.png
Component: component_1755510404367_3.png
centerX: 0.12379032258064517
centerY: 0.005984611000284981
width: 0.024596774193548387
height: 0.034482758620689655
Area: 0.00033910497430570237
CentroidX: 0.1336
CentroidY: 0.0180
