Location: Dedata_22.png_Mean-Medain.png
Component: component_1755510404642_16.png
centerX: 0.2939516129032258
centerY: 0.007694499857509262
width: 0.025806451612903226
height: 0.03619264747791394
Area: 0.00036668382684157787
CentroidX: 0.3035
CentroidY: 0.0203
