Location: Dedata_22.png_Mean-Closing.png
Component: component_1755510404914_202.png
centerX: 0.7967741935483871
centerY: 0.3767455115417498
width: 0.024596774193548387
height: 0.03362781419207751
Area: 0.00026360786548874324
CentroidX: 0.8066
CentroidY: 0.3879
