Location: internet_28.png_Mean-Closing.png
Component: component_1755079435374_16.png
centerX: 0.9262394195888755
centerY: 0.04134587966923296
width: 0.044740024183796856
height: 0.03364699173082407
Area: 0.00045558678232870357
CentroidX: 0.9480
CentroidY: 0.0528
