Location: Dedata_22.png_Mean-Closing.png
Component: component_1755510404936_292.png
centerX: 0.9375
centerY: 0.5220860644058136
width: 0.028225806451612902
height: 0.037902536335138216
Area: 0.00041080999089897864
CentroidX: 0.9480
CentroidY: 0.5356
