Location: internet_28.png_Gaussian-Closing.png
Component: component_1755079435306_197.png
centerX: 0.5126964933494559
centerY: 0.5631593954947248
width: 0.036275695284159616
height: 0.03051040775591674
Area: 0.0004494954353399495
CentroidX: 0.5283
CentroidY: 0.5741
