Location: internet_28.png_Mean-Medain.png
Component: component_1755079435693_166.png
centerX: 0.4687625957275292
centerY: 0.46050755631593954
width: 0.032648125755743655
height: 0.03507271171941831
Area: 0.00044765653813579726
CentroidX: 0.4818
CentroidY: 0.4740
