Location: Dedata_22.png_Mean-Medain.png
Component: component_1755510404806_377.png
centerX: 0.2536290322580645
centerY: 0.6736962097463665
width: 0.02661290322580645
height: 0.037047591906526074
Area: 0.00041391261180926466
CentroidX: 0.2634
CentroidY: 0.6868
