Location: internet_28.png_Mean-Closing.png
Component: component_1755079435407_146.png
centerX: 0.13180169286577992
centerY: 0.42201311662389507
width: 0.036275695284159616
height: 0.03307670373538637
Area: 0.00045926457673700795
CentroidX: 0.1470
CentroidY: 0.4347
