Location: Dedata_22.png_Otsu.png
Component: component_1755510404059_114.png
centerX: 0.4161290322580645
centerY: 0.19806212596181247
width: 0.020161290322580645
height: 0.015388999715018524
Area: 0.00011962327287435994
CentroidX: 0.4261
CentroidY: 0.2033
