Location: Dedata_22.png_Mean-Closing.png
Component: component_1755510404913_195.png
centerX: 0.2592741935483871
centerY: 0.3385579937304075
width: 0.020161290322580645
height: 0.03277286976346538
Area: 0.00027636308478658564
CentroidX: 0.2670
CentroidY: 0.3501
