Location: Dedata_22.png_Gaussian-Closing.png
Component: component_1755510404400_151.png
centerX: 0.8491935483870968
centerY: 0.2798518096323739
width: 0.027822580645161292
height: 0.03334283271587347
Area: 0.00024418775682806423
CentroidX: 0.8611
CentroidY: 0.2914
