Location: Dedata_22.png_Gaussian-Closing.png
Component: component_1755510404368_7.png
centerX: 0.4842741935483871
centerY: 0.006269592476489028
width: 0.027419354838709678
height: 0.03362781419207751
Area: 0.00034864266080769266
CentroidX: 0.4952
CentroidY: 0.0177
