Location: internet_28.png_Otsu.png
Component: component_1755079435778_155.png
centerX: 0.15155179363160015
centerY: 0.1146278870829769
width: 0.046352277307537285
height: 0.03307670373538637
Area: 0.00042363594340655937
CentroidX: 0.1729
CentroidY: 0.1249
