Location: Dedata_22.png_Gaussian-Closing.png
Component: component_1755510404383_70.png
centerX: 0.14717741935483872
centerY: 0.10686805357651753
width: 0.02217741935483871
height: 0.03220290681105728
Area: 0.0002726859044484689
CentroidX: 0.1560
CentroidY: 0.1182
