Location: internet_28.png_Gaussian-Closing.png
Component: component_1755079435279_73.png
centerX: 0.5211608222490931
centerY: 0.19190191046478472
width: 0.04191858121725111
height: 0.033361847733105215
Area: 0.00034778143373528176
CentroidX: 0.5413
CentroidY: 0.2035
