Location: internet_28.png_Mean-Closing.png
Component: component_1755079435401_125.png
centerX: 0.32204756146715036
centerY: 0.36070715711434276
width: 0.03869407496977025
height: 0.033932135728542916
Area: 0.0004699531667361425
CentroidX: 0.3378
CentroidY: 0.3721
