Location: internet_28.png_Gaussian-Closing.png
Component: component_1755079435311_221.png
centerX: 0.17896009673518742
centerY: 0.6307385229540918
width: 0.035872632003224506
height: 0.03450242372398061
Area: 0.0004811014810363151
CentroidX: 0.1945
CentroidY: 0.6427
