Location: Dedata_22.png_Gaussian-Closing.png
Component: component_1755510404374_35.png
centerX: 0.44637096774193546
centerY: 0.05443146195497293
width: 0.02338709677419355
height: 0.03505272157309775
Area: 0.00028141920775149617
CentroidX: 0.4550
CentroidY: 0.0668
