Location: internet_28.png_Gaussian-Closing.png
Component: component_1755079435276_62.png
centerX: 0.1422813381700927
centerY: 0.16538351867693185
width: 0.04191858121725111
height: 0.03165098374679213
Area: 0.00036467630179842997
CentroidX: 0.1631
CentroidY: 0.1763
