Location: Dedata_22.png_Otsu.png
Component: component_1755510404120_592.png
centerX: 0.49516129032258066
centerY: 0.5223710458820177
width: 0.025806451612903226
height: 0.037902536335138216
Area: 0.00039656091708877635
CentroidX: 0.5052
CentroidY: 0.5360
