Location: internet_28.png_Mean-Medain.png
Component: component_1755079435671_105.png
centerX: 0.848851269649335
centerY: 0.27773025377815796
width: 0.03788794840790004
height: 0.034787567721699456
Area: 0.00041949842469721693
CentroidX: 0.8668
CentroidY: 0.2892
