Location: Dedata_22.png_Gaussian-Closing.png
Component: component_1755510404419_242.png
centerX: 0.36451612903225805
centerY: 0.4249073810202337
width: 0.02620967741935484
height: 0.03590766600170989
Area: 0.0003697864477518639
CentroidX: 0.3746
CentroidY: 0.4382
