Location: internet_28.png_Gaussian-Closing.png
Component: component_1755079435265_8.png
centerX: 0.46392583635630796
centerY: 0.007984031936127744
width: 0.04554615074566707
height: 0.03222127174222983
Area: 0.000380191996958464
CentroidX: 0.4855
CentroidY: 0.0182
