Location: Dedata_22.png_Otsu.png
Component: component_1755510404094_488.png
centerX: 0.5536290322580645
centerY: 0.41835280706754063
width: 0.02258064516129032
height: 0.03419777714448561
Area: 0.00034209268333042225
CentroidX: 0.5640
CentroidY: 0.4305
