Location: internet_28.png_Otsu.png
Component: component_1755079435791_389.png
centerX: 0.013301088270858524
centerY: 0.2763045337895637
width: 0.03788794840790004
height: 0.027088679783290562
Area: 0.0002260694250354591
CentroidX: 0.0314
CentroidY: 0.2853
