Location: Dedata_22.png_Mean-Medain.png
Component: component_1755510404807_378.png
centerX: 0.08870967741935484
centerY: 0.6754060986035908
width: 0.025806451612903226
height: 0.039042462239954404
Area: 0.0004156362900927569
CentroidX: 0.0989
CentroidY: 0.6889
