Location: Dedata_22.png_Gaussian-Closing.png
Component: component_1755510404379_56.png
centerX: 0.7375
centerY: 0.09090909090909091
width: 0.022983870967741935
height: 0.031062980906241093
Area: 0.0002484394965940117
CentroidX: 0.7460
CentroidY: 0.1020
