Location: Dedata_22.png_Gaussian-Closing.png
Component: component_1755510404438_333.png
centerX: 0.5810483870967742
centerY: 0.6212596181248219
width: 0.025
height: 0.03761755485893417
Area: 0.0004002380974268931
CentroidX: 0.5914
CentroidY: 0.6351
