Location: Dedata_22.png_Gaussian-Closing.png
Component: component_1755510404439_340.png
centerX: 0.29838709677419356
centerY: 0.6226845255058421
width: 0.028225806451612902
height: 0.03761755485893417
Area: 0.0004228757388834242
CentroidX: 0.3097
CentroidY: 0.6363
