Location: Dedata_22.png_Mean-Medain.png
Component: component_1755510404756_202.png
centerX: 0.05443548387096774
centerY: 0.3394129381590197
width: 0.024193548387096774
height: 0.03334283271587347
Area: 0.00031014717914303313
CentroidX: 0.0645
CentroidY: 0.3514
