Location: Dedata_22.png_Otsu.png
Component: component_1755510404074_230.png
centerX: 0.8709677419354839
centerY: 0.32430891992020516
width: 0.01975806451612903
height: 0.03334283271587347
Area: 0.0001807563959955506
CentroidX: 0.8783
CentroidY: 0.3373
