Location: Dedata_22.png_Gaussian-Closing.png
Component: component_1755510404430_292.png
centerX: 0.8112903225806452
centerY: 0.5223710458820177
width: 0.02620967741935484
height: 0.03733257338273012
Area: 0.00039736530028773934
CentroidX: 0.8211
CentroidY: 0.5359
