Location: Paraklitoni_1720_page_10.png_Mean-Medain.png
Component: component_1755610055298_887.png
centerX: 0.5586890243902439
centerY: 0.32531328320802005
width: 0.01524390243902439
height: 0.011528822055137845
Area: 9.436701509872242e-05
CentroidX: 0.5652
CentroidY: 0.3296
