Location: internet_28.png_Gaussian-Closing.png
Component: component_1755079435313_232.png
centerX: 0.6247480854494155
centerY: 0.6663815226689478
width: 0.03667875856509472
height: 0.031936127744510975
Area: 0.000480182032434239
CentroidX: 0.6396
CentroidY: 0.6774
