Location: Dedata_22.png_Mean-Medain.png
Component: component_1755510404691_89.png
centerX: 0.21491935483870966
centerY: 0.14990025648332858
width: 0.025
height: 0.033912795668281565
Area: 0.0002939446032782063
CentroidX: 0.2257
CentroidY: 0.1616
