Location: internet_28.png_Otsu.png
Component: component_1755079435818_648.png
centerX: 0.6203143893591294
centerY: 0.6099230111206159
width: 0.03667875856509472
height: 0.03222127174222983
Area: 0.00043558877523354857
CentroidX: 0.6358
CentroidY: 0.6210
