Location: internet_28.png_Otsu.png
Component: component_1755079435823_674.png
centerX: 0.23256751309955664
centerY: 0.6826347305389222
width: 0.032245062474808545
height: 0.029369831765041345
Area: 0.0004207626665250716
CentroidX: 0.2466
CentroidY: 0.6935
