Location: internet_28.png_Mean-Closing.png
Component: component_1755079435444_234.png
centerX: 0.28819024586860137
centerY: 0.6806387225548902
width: 0.03385731559854897
height: 0.031080695751354435
Area: 0.00044501312340482853
CentroidX: 0.3028
CentroidY: 0.6921
