Location: Dedata_22.png_Mean-Medain.png
Component: component_1755510404803_364.png
centerX: 0.6330645161290323
centerY: 0.6668566543174693
width: 0.027016129032258064
height: 0.03305785123966942
Area: 0.00038541446418886
CentroidX: 0.6437
CentroidY: 0.6781
