Location: Dedata_22.png_Mean-Closing.png
Component: component_1755510404891_117.png
centerX: 0.2923387096774194
centerY: 0.19948703334283271
width: 0.024596774193548387
height: 0.03134796238244514
Area: 0.00025866665440939886
CentroidX: 0.3032
CentroidY: 0.2098
