Location: Dedata_22.png_Mean-Closing.png
Component: component_1755510404916_212.png
centerX: 0.6173387096774193
centerY: 0.3804502707324024
width: 0.022983870967741935
height: 0.03163294385864919
Area: 0.0002625736585186479
CentroidX: 0.6273
CentroidY: 0.3910
