Location: Dedata_22.png_Otsu.png
Component: component_1755510404072_200.png
centerX: 0.0935483870967742
centerY: 0.29495582787118835
width: 0.02258064516129032
height: 0.029923055001424906
Area: 0.00018811075667178408
CentroidX: 0.1036
CentroidY: 0.3048
