Location: internet_28.png_Gaussian-Closing.png
Component: component_1755079435312_226.png
centerX: 0.8960096735187424
centerY: 0.6518391787852865
width: 0.037484885126964934
height: 0.03507271171941831
Area: 0.0004730563057681493
CentroidX: 0.9119
CentroidY: 0.6640
