Location: Dedata_22.png_Gaussian-Closing.png
Component: component_1755510404427_281.png
centerX: 0.0939516129032258
centerY: 0.5198062125961812
width: 0.027822580645161292
height: 0.03362781419207751
Area: 0.00036921188832403313
CentroidX: 0.1044
CentroidY: 0.5318
