Location: internet_28.png_Mean-Medain.png
Component: component_1755079435691_158.png
centerX: 0.9330914953647723
centerY: 0.4405474764756202
width: 0.036275695284159616
height: 0.03735386370116909
Area: 0.00046570071695154055
CentroidX: 0.9487
CentroidY: 0.4537
