Location: Dedata_22.png_Otsu.png
Component: component_1755510404043_38.png
centerX: 0.11491935483870967
centerY: 0.058706184098033624
width: 0.02217741935483871
height: 0.031917925334853235
Area: 0.00023269656827144947
CentroidX: 0.1237
CentroidY: 0.0700
