Location: Dedata_22.png_Mean-Medain.png
Component: component_1755510404802_359.png
centerX: 0.7008064516129032
centerY: 0.6640068395554289
width: 0.027016129032258064
height: 0.03619264747791394
Area: 0.00040621351547633273
CentroidX: 0.7109
CentroidY: 0.6770
