Location: internet_28.png_Mean-Medain.png
Component: component_1755079435646_76.png
centerX: 0.46110439338976217
centerY: 0.20017108639863132
width: 0.037484885126964934
height: 0.03222127174222983
Area: 0.0003629523356695373
CentroidX: 0.4797
CentroidY: 0.2111
