Location: internet_28.png_Gaussian-Closing.png
Component: component_1755079435309_210.png
centerX: 0.7843611446997178
centerY: 0.5990875392072997
width: 0.037081821846029824
height: 0.033361847733105215
Area: 0.00047340109899392783
CentroidX: 0.8007
CentroidY: 0.6106
