Location: internet_28.png_Mean-Closing.png
Component: component_1755079435399_115.png
centerX: 0.9540507859733979
centerY: 0.3341887653264899
width: 0.032245062474808545
height: 0.03279155973766752
Area: 0.0004667350966288762
CentroidX: 0.9670
CentroidY: 0.3458
