Location: internet_28.png_Mean-Medain.png
Component: component_1755079435708_224.png
centerX: 0.23498589278516727
centerY: 0.6278870829769033
width: 0.03667875856509472
height: 0.033361847733105215
Area: 0.0004984560734005014
CentroidX: 0.2503
CentroidY: 0.6398
