Location: Dedata_22.png_Otsu.png
Component: component_1755510404035_4.png
centerX: 0.4846774193548387
centerY: 0.006269592476489028
width: 0.027016129032258064
height: 0.03334283271587347
Area: 0.00031347962382445143
CentroidX: 0.4953
CentroidY: 0.0173
