Location: Dedata_22.png_Mean-Medain.png
Component: component_1755510404692_91.png
centerX: 0.4495967741935484
centerY: 0.15018523795953262
width: 0.024193548387096774
height: 0.03277286976346538
Area: 0.00029842616681528605
CentroidX: 0.4607
CentroidY: 0.1612
