Location: Dedata_22.png_Gaussian-Closing.png
Component: component_1755510404396_130.png
centerX: 0.7661290322580645
centerY: 0.23852949558278713
width: 0.024596774193548387
height: 0.03277286976346538
Area: 0.00025085264619090084
CentroidX: 0.7767
CentroidY: 0.2498
