Location: Dedata_22.png_Gaussian-Closing.png
Component: component_1755510404427_284.png
centerX: 0.05040322580645161
centerY: 0.5209461385009975
width: 0.025
height: 0.03505272157309775
Area: 0.0003940328556063211
CentroidX: 0.0605
CentroidY: 0.5338
