Location: internet_28.png_Mean-Medain.png
Component: component_1755079435708_222.png
centerX: 0.460298266827892
centerY: 0.6193327630453379
width: 0.03506650544135429
height: 0.03165098374679213
Area: 0.0004931692439385638
CentroidX: 0.4747
CentroidY: 0.6308
