Location: Dedata_22.png_Mean-Closing.png
Component: component_1755510404909_180.png
centerX: 0.6854838709677419
centerY: 0.3317184383015104
width: 0.025
height: 0.033912795668281565
Area: 0.00028394726923395143
CentroidX: 0.6945
CentroidY: 0.3436
