Location: Dedata_22.png_Mean-Medain.png
Component: component_1755510404780_259.png
centerX: 0.8411290322580646
centerY: 0.4724992875463095
width: 0.03024193548387097
height: 0.039042462239954404
Area: 0.00043459675121117127
CentroidX: 0.8521
CentroidY: 0.4866
