Location: Dedata_22.png_Otsu.png
Component: component_1755510404172_703.png
centerX: 0.0064516129032258064
centerY: 0.7301225420347678
width: 0.024193548387096774
height: 0.03277286976346538
Area: 0.00035588210959836
CentroidX: 0.0161
CentroidY: 0.7419
