Location: Dedata_22.png_Otsu.png
Component: component_1755510404114_570.png
centerX: 0.4560483870967742
centerY: 0.47591906526075806
width: 0.02943548387096774
height: 0.037902536335138216
Area: 0.00037955395802498647
CentroidX: 0.4675
CentroidY: 0.4889
