Location: internet_28.png_Gaussian-Closing.png
Component: component_1755079435313_230.png
centerX: 0.6787585650947199
centerY: 0.6589677787282577
width: 0.039500201531640466
height: 0.035642999714856
Area: 0.0005120179402811237
CentroidX: 0.6959
CentroidY: 0.6717
