Location: internet_28.png_Mean-Medain.png
Component: component_1755079435616_31.png
centerX: 0.2011285771866183
centerY: 0.06558311947533504
width: 0.03385731559854897
height: 0.03279155973766752
Area: 0.00038134130771105915
CentroidX: 0.2154
CentroidY: 0.0771
