Location: Dedata_22.png_Gaussian-Closing.png
Component: component_1755510404398_140.png
centerX: 0.37943548387096776
centerY: 0.24223425477343974
width: 0.02379032258064516
height: 0.03277286976346538
Area: 0.00024752020150948254
CentroidX: 0.3897
CentroidY: 0.2540
