Location: Dedata_22.png_Gaussian-Closing.png
Component: component_1755510404417_234.png
centerX: 0.7411290322580645
centerY: 0.4197777144485608
width: 0.025
height: 0.037047591906526074
Area: 0.00036599435552818097
CentroidX: 0.7512
CentroidY: 0.4332
