Location: Dedata_22.png_Gaussian-Closing.png
Component: component_1755510404438_332.png
centerX: 0.5451612903225806
centerY: 0.6212596181248219
width: 0.027419354838709678
height: 0.037047591906526074
Area: 0.00041747488026181524
CentroidX: 0.5564
CentroidY: 0.6347
