Location: Dedata_22.png_Gaussian-Closing.png
Component: component_1755510404411_201.png
centerX: 0.9358870967741936
centerY: 0.3730407523510972
width: 0.027016129032258064
height: 0.03419777714448561
Area: 0.0002887735684277296
CentroidX: 0.9463
CentroidY: 0.3845
