Location: Dedata_22.png_Gaussian-Closing.png
Component: component_1755510404376_45.png
centerX: 0.2375
centerY: 0.06041607295525791
width: 0.02379032258064516
height: 0.032487888287261325
Area: 0.00028027008889583465
CentroidX: 0.2470
CentroidY: 0.0719
