Location: internet_28.png_Mean-Medain.png
Component: component_1755079435631_48.png
centerX: 0.015719467956469165
centerY: 0.11833475905332193
width: 0.04070939137444579
height: 0.03136583974907328
Area: 0.00041363693985898187
CentroidX: 0.0357
CentroidY: 0.1289
