Location: Dedata_22.png_Mean-Medain.png
Component: component_1755510404735_172.png
centerX: 0.09314516129032258
centerY: 0.29438586491878027
width: 0.02379032258064516
height: 0.030777999430037048
Area: 0.00027567361347318874
CentroidX: 0.1035
CentroidY: 0.3050
