Location: Dedata_22.png_Mean-Medain.png
Component: component_1755510404664_53.png
centerX: 0.7745967741935483
centerY: 0.08976916500427472
width: 0.024193548387096774
height: 0.03277286976346538
Area: 0.00025958594949392804
CentroidX: 0.7839
CentroidY: 0.1009
