Location: Dedata_22.png_Mean-Medain.png
Component: component_1755510404662_45.png
centerX: 0.3987903225806452
centerY: 0.05927614705044172
width: 0.024596774193548387
height: 0.03220290681105728
Area: 0.0002900375991689572
CentroidX: 0.4081
CentroidY: 0.0704
