Location: internet_28.png_Mean-Closing.png
Component: component_1755079435417_194.png
centerX: 0.5126964933494559
centerY: 0.5631593954947248
width: 0.036275695284159616
height: 0.03051040775591674
Area: 0.00046960837351036396
CentroidX: 0.5284
CentroidY: 0.5739
