Location: internet_28.png_Otsu.png
Component: component_1755079435773_67.png
centerX: 0.6110439338976219
centerY: 0.04847447961220416
width: 0.042724707779121324
height: 0.028229255774165955
Area: 0.00038341006706573035
CentroidX: 0.6315
CentroidY: 0.0573
