Location: internet_28.png_Mean-Closing.png
Component: component_1755079435388_63.png
centerX: 0.07456670697299476
centerY: 0.1679498146564015
width: 0.04030632809351068
height: 0.03279155973766752
Area: 0.00039248962201123174
CentroidX: 0.0942
CentroidY: 0.1785
