Location: internet_28.png_Mean-Medain.png
Component: component_1755079435716_260.png
centerX: 0.2910116888351471
centerY: 0.7325349301397206
width: 0.03788794840790004
height: 0.03507271171941831
Area: 0.0005215572195276632
CentroidX: 0.3083
CentroidY: 0.7454
