Location: internet_28.png_Mean-Medain.png
Component: component_1755079435716_261.png
centerX: 0.23256751309955664
centerY: 0.7356715141146278
width: 0.036275695284159616
height: 0.03735386370116909
Area: 0.0005748852384480765
CentroidX: 0.2479
CentroidY: 0.7491
