Location: internet_28.png_Otsu.png
Component: component_1755079435772_28.png
centerX: 0.15034260378879485
centerY: 0.013972055888223553
width: 0.03788794840790004
height: 0.032506415739948676
Area: 0.0003097392478243835
CentroidX: 0.1665
CentroidY: 0.0247
