Location: Dedata_22.png_Mean-Closing.png
Component: component_1755510404892_123.png
centerX: 0.9451612903225807
centerY: 0.23055001424907381
width: 0.024596774193548387
height: 0.030493017953833
Area: 0.00027107713805054283
CentroidX: 0.9559
CentroidY: 0.2413
