Location: Dedata_22.png_Mean-Closing.png
Component: component_1755510404937_294.png
centerX: 0.5778225806451613
centerY: 0.5235109717868338
width: 0.027016129032258064
height: 0.03761755485893417
Area: 0.0004012723043969884
CentroidX: 0.5884
CentroidY: 0.5365
