Location: internet_28.png_Gaussian-Closing.png
Component: component_1755079435270_30.png
centerX: 0.260378879484079
centerY: 0.06757912745936698
width: 0.030632809351068116
height: 0.032506415739948676
Area: 0.00028755755029929775
CentroidX: 0.2737
CentroidY: 0.0792
