Location: Dedata_22.png_Mean-Medain.png
Component: component_1755510404670_65.png
centerX: 0.3504032258064516
centerY: 0.10287831290966087
width: 0.02258064516129032
height: 0.03220290681105728
Area: 0.00027314555199073353
CentroidX: 0.3597
CentroidY: 0.1143
