Location: Dedata_22.png_Mean-Medain.png
Component: component_1755510404803_360.png
centerX: 0.9245967741935484
centerY: 0.6640068395554289
width: 0.02661290322580645
height: 0.03733257338273012
Area: 0.0004005828330835915
CentroidX: 0.9343
CentroidY: 0.6770
