Location: internet_28.png_Mean-Closing.png
Component: component_1755079435394_93.png
centerX: 0.20757758968158002
centerY: 0.26375819788993443
width: 0.04070939137444579
height: 0.03649843170801255
Area: 0.0003731812013676338
CentroidX: 0.2261
CentroidY: 0.2758
