Location: internet_28.png_Mean-Medain.png
Component: component_1755079435608_4.png
centerX: 0.8057234985892785
centerY: 0.0037068719703450244
width: 0.041112454655380895
height: 0.03279155973766752
Area: 0.00040766052394548727
CentroidX: 0.8244
CentroidY: 0.0139
