Location: Dedata_22.png_Otsu.png
Component: component_1755510404053_87.png
centerX: 0.2157258064516129
centerY: 0.15018523795953262
width: 0.02379032258064516
height: 0.03305785123966942
Area: 0.00021522996166539496
CentroidX: 0.2259
CentroidY: 0.1611
