Location: internet_28.png_Otsu.png
Component: component_1755079435816_641.png
centerX: 0.0709391374445788
centerY: 0.5848303393213573
width: 0.03385731559854897
height: 0.03165098374679213
Area: 0.00040835011039704435
CentroidX: 0.0844
CentroidY: 0.5955
