Location: internet_28.png_Gaussian-Closing.png
Component: component_1755079435280_80.png
centerX: 0.20435308343409916
centerY: 0.21271742229826063
width: 0.0471584038694075
height: 0.034787567721699456
Area: 0.00038777744792559176
CentroidX: 0.2274
CentroidY: 0.2231
