Location: Dedata_22.png_Gaussian-Closing.png
Component: component_1755510404368_8.png
centerX: 0.7467741935483871
centerY: 0.006554573952693075
width: 0.02661290322580645
height: 0.03277286976346538
Area: 0.0003034822897801965
CentroidX: 0.7571
CentroidY: 0.0181
