Location: internet_28.png_Mean-Medain.png
Component: component_1755079435701_195.png
centerX: 0.8931882305521966
centerY: 0.542343883661249
width: 0.03506650544135429
height: 0.033361847733105215
Area: 0.00047351603006918737
CentroidX: 0.9072
CentroidY: 0.5545
