Location: Dedata_22.png_Mean-Medain.png
Component: component_1755510404693_97.png
centerX: 0.0125
centerY: 0.15474494157879737
width: 0.02379032258064516
height: 0.02963807352522086
Area: 0.0002467158183105195
CentroidX: 0.0220
CentroidY: 0.1653
