Location: internet_28.png_Gaussian-Closing.png
Component: component_1755079435312_227.png
centerX: 0.7980652962515115
centerY: 0.6541203307670374
width: 0.037484885126964934
height: 0.033361847733105215
Area: 0.0004638618197473884
CentroidX: 0.8137
CentroidY: 0.6662
