Location: Dedata_22.png_Mean-Medain.png
Component: component_1755510404724_144.png
centerX: 0.2963709677419355
centerY: 0.243944143630664
width: 0.02620967741935484
height: 0.03277286976346538
Area: 0.0002872797139153697
CentroidX: 0.3078
CentroidY: 0.2552
