Location: internet_28.png_Mean-Closing.png
Component: component_1755079435401_124.png
centerX: 0.38291011688835147
centerY: 0.35785571713715425
width: 0.04191858121725111
height: 0.033932135728542916
Area: 0.0004844344822188409
CentroidX: 0.4022
CentroidY: 0.3689
