Location: internet_28.png_Gaussian-Closing.png
Component: component_1755079435274_50.png
centerX: 0.7561467150342603
centerY: 0.13316224693470202
width: 0.03466344216041919
height: 0.03421727972626176
Area: 0.0003339897047041404
CentroidX: 0.7707
CentroidY: 0.1451
