Location: Dedata_22.png_Gaussian-Closing.png
Component: component_1755510404431_296.png
centerX: 0.5778225806451613
centerY: 0.5235109717868338
width: 0.027016129032258064
height: 0.037902536335138216
Area: 0.0003894363801836752
CentroidX: 0.5883
CentroidY: 0.5369
