Location: internet_28.png_Mean-Closing.png
Component: component_1755079435380_32.png
centerX: 0.9024586860137042
centerY: 0.0801254633589963
width: 0.04554615074566707
height: 0.03165098374679213
Area: 0.0004175445964178053
CentroidX: 0.9245
CentroidY: 0.0902
