Location: Dedata_22.png_Mean-Closing.png
Component: component_1755510404930_263.png
centerX: 0.4213709677419355
centerY: 0.4750641208321459
width: 0.02943548387096774
height: 0.036477628954117984
Area: 0.0004021915994815176
CentroidX: 0.4328
CentroidY: 0.4873
