Location: Dedata_22.png_Mean-Medain.png
Component: component_1755510404686_79.png
centerX: 0.7213709677419354
centerY: 0.13878597891137076
width: 0.022983870967741935
height: 0.03163294385864919
Area: 0.00023993601706211678
CentroidX: 0.7307
CentroidY: 0.1491
