Location: Dedata_22.png_Mean-Closing.png
Component: component_1755510404940_309.png
centerX: 0.17137096774193547
centerY: 0.573097748646338
width: 0.02620967741935484
height: 0.0353377030493018
Area: 0.0004147169950082277
CentroidX: 0.1822
CentroidY: 0.5854
