Location: internet_28.png_Otsu.png
Component: component_1755079435810_613.png
centerX: 0.5155179363160016
centerY: 0.508411747932706
width: 0.03305118903667876
height: 0.03279155973766752
Area: 0.0004281182553416803
CentroidX: 0.5288
CentroidY: 0.5204
