Location: Dedata_22.png_Mean-Closing.png
Component: component_1755510404926_250.png
centerX: 0.9584677419354839
centerY: 0.4699344542604731
width: 0.028225806451612902
height: 0.036477628954117984
Area: 0.00042333538642568875
CentroidX: 0.9696
CentroidY: 0.4831
