Location: internet_28.png_Mean-Closing.png
Component: component_1755079435397_106.png
centerX: 0.4598952035469569
centerY: 0.30367835757057315
width: 0.032648125755743655
height: 0.036213287710293696
Area: 0.00034042584491867305
CentroidX: 0.4741
CentroidY: 0.3168
