Location: Dedata_22.png_Mean-Medain.png
Component: component_1755510404692_94.png
centerX: 0.17258064516129032
centerY: 0.152465089769165
width: 0.024193548387096774
height: 0.03220290681105728
Area: 0.0002693534597670506
CentroidX: 0.1824
CentroidY: 0.1639
