Location: internet_28.png_Mean-Medain.png
Component: component_1755079435696_178.png
centerX: 0.826682789197904
centerY: 0.4921585400627317
width: 0.037081821846029824
height: 0.033361847733105215
Area: 0.0004946633479169375
CentroidX: 0.8408
CentroidY: 0.5040
