Location: internet_28.png_Mean-Medain.png
Component: component_1755079435693_164.png
centerX: 0.5783958081418783
centerY: 0.45651554034787567
width: 0.03869407496977025
height: 0.034787567721699456
Area: 0.00047638930695067513
CentroidX: 0.5960
CentroidY: 0.4679
