Location: internet_28.png_Mean-Closing.png
Component: component_1755079435380_34.png
centerX: 0.7799274486094316
centerY: 0.08440262332477902
width: 0.04070939137444579
height: 0.032506415739948676
Area: 0.00040030493512887856
CentroidX: 0.7997
CentroidY: 0.0955
