Location: internet_28.png_Gaussian-Closing.png
Component: component_1755079435282_89.png
centerX: 0.5880693268843208
centerY: 0.23666951810664386
width: 0.036275695284159616
height: 0.03735386370116909
Area: 0.0003358286019082926
CentroidX: 0.6035
CentroidY: 0.2501
