Location: internet_28.png_Otsu.png
Component: component_1755079435797_557.png
centerX: 0.4465941152760983
centerY: 0.3555745651554035
width: 0.03829101168883515
height: 0.035642999714856
Area: 0.0004239807366323379
CentroidX: 0.4635
CentroidY: 0.3676
