Location: Dedata_22.png_Gaussian-Closing.png
Component: component_1755510404395_128.png
centerX: 0.869758064516129
centerY: 0.2353946993445426
width: 0.027419354838709678
height: 0.03334283271587347
Area: 0.00026981310730931523
CentroidX: 0.8812
CentroidY: 0.2467
