Location: Dedata_22.png_Gaussian-Closing.png
Component: component_1755510404422_260.png
centerX: 0.07741935483870968
centerY: 0.4744941578797378
width: 0.025806451612903226
height: 0.03305785123966942
Area: 0.00037185486169205454
CentroidX: 0.0881
CentroidY: 0.4864
