Location: internet_28.png_Mean-Closing.png
Component: component_1755079435374_12.png
centerX: 0.08625554212011285
centerY: 0.011976047904191617
width: 0.039500201531640466
height: 0.03450242372398061
Area: 0.00039846603792472634
CentroidX: 0.1042
CentroidY: 0.0232
