Location: internet_28.png_Gaussian-Closing.png
Component: component_1755079435275_55.png
centerX: 0.5163240628778718
centerY: 0.14656401482748788
width: 0.042724707779121324
height: 0.03649843170801255
Area: 0.0004052469713650375
CentroidX: 0.5369
CentroidY: 0.1593
