Location: internet_28.png_Mean-Medain.png
Component: component_1755079435625_44.png
centerX: 0.2249093107617896
centerY: 0.11120615911035073
width: 0.04191858121725111
height: 0.033932135728542916
Area: 0.0004471968138347592
CentroidX: 0.2452
CentroidY: 0.1223
