Location: internet_28.png_Mean-Closing.png
Component: component_1755079435382_41.png
centerX: 0.2249093107617896
centerY: 0.11120615911035073
width: 0.04191858121725111
height: 0.033932135728542916
Area: 0.0004481162624368353
CentroidX: 0.2453
CentroidY: 0.1223
