Location: Dedata_22.png_Gaussian-Closing.png
Component: component_1755510404422_257.png
centerX: 0.9197580645161291
centerY: 0.4727842690225135
width: 0.027016129032258064
height: 0.03590766600170989
Area: 0.00036990135963743003
CentroidX: 0.9301
CentroidY: 0.4859
