Location: Dedata_22.png_Mean-Closing.png
Component: component_1755510404929_258.png
centerX: 0.07701612903225806
centerY: 0.4744941578797378
width: 0.02620967741935484
height: 0.03277286976346538
Area: 0.0003844951691043308
CentroidX: 0.0881
CentroidY: 0.4860
