Location: Dedata_22.png_Otsu.png
Component: component_1755510404124_609.png
centerX: 0.13548387096774195
centerY: 0.572812767170134
width: 0.021774193548387097
height: 0.037902536335138216
Area: 0.00033542779396758565
CentroidX: 0.1431
CentroidY: 0.5867
