Location: Dedata_22.png_Mean-Medain.png
Component: component_1755510404609_4.png
centerX: 0.12379032258064517
centerY: 0.005414648047876888
width: 0.024596774193548387
height: 0.03505272157309775
Area: 0.0003576057878818522
CentroidX: 0.1336
CentroidY: 0.0177
