Location: Dedata_22.png_Mean-Medain.png
Component: component_1755510404641_15.png
centerX: 0.7
centerY: 0.007124536905101168
width: 0.025806451612903226
height: 0.031917925334853235
Area: 0.00033221026117173354
CentroidX: 0.7104
CentroidY: 0.0183
