Location: Dedata_22.png_Otsu.png
Component: component_1755510404138_664.png
centerX: 0.5592741935483871
centerY: 0.6679965802222856
width: 0.025
height: 0.0353377030493018
Area: 0.0003648452366725195
CentroidX: 0.5687
CentroidY: 0.6808
