Location: Dedata_22.png_Mean-Closing.png
Component: component_1755510404920_222.png
centerX: 0.24637096774193548
centerY: 0.3850099743516671
width: 0.022983870967741935
height: 0.03220290681105728
Area: 0.00025475965030014985
CentroidX: 0.2563
CentroidY: 0.3962
