Location: Dedata_22.png_Otsu.png
Component: component_1755510404049_64.png
centerX: 0.19112903225806452
centerY: 0.10458820176688516
width: 0.02217741935483871
height: 0.03277286976346538
Area: 0.00021890714200351172
CentroidX: 0.1996
CentroidY: 0.1162
