Location: Dedata_22.png_Otsu.png
Component: component_1755510404115_573.png
centerX: 0.275
centerY: 0.47705899116557426
width: 0.02379032258064516
height: 0.03419777714448561
Area: 0.0003464593349819359
CentroidX: 0.2844
CentroidY: 0.4894
