Location: Dedata_22.png_Mean-Closing.png
Component: component_1755510404954_374.png
centerX: 0.007661290322580645
centerY: 0.6779709318894271
width: 0.027822580645161292
height: 0.0347677400968937
Area: 0.0004327581610421129
CentroidX: 0.0197
CentroidY: 0.6907
