Location: Dedata_22.png_Mean-Closing.png
Component: component_1755510404923_237.png
centerX: 0.6580645161290323
centerY: 0.420632658877173
width: 0.027016129032258064
height: 0.03818751781134226
Area: 0.00042115206059993197
CentroidX: 0.6699
CentroidY: 0.4344
