Location: Dedata_22.png_Mean-Medain.png
Component: component_1755510404758_208.png
centerX: 0.5133064516129032
centerY: 0.3776004559703619
width: 0.02379032258064516
height: 0.03277286976346538
Area: 0.000257977183096002
CentroidX: 0.5238
CentroidY: 0.3879
