Location: Dedata_22.png_Otsu.png
Component: component_1755510404126_618.png
centerX: 0.4346774193548387
centerY: 0.5756625819321745
width: 0.024193548387096774
height: 0.0347677400968937
Area: 0.0003278436095202199
CentroidX: 0.4433
CentroidY: 0.5887
