Location: Dedata_22.png_Otsu.png
Component: component_1755510404041_31.png
centerX: 0.48629032258064514
centerY: 0.053006554573952695
width: 0.02258064516129032
height: 0.03761755485893417
Area: 0.00024464740437032885
CentroidX: 0.4945
CentroidY: 0.0660
