Location: Dedata_22.png_Otsu.png
Component: component_1755510404041_30.png
centerX: 0.725
centerY: 0.05272157309774864
width: 0.021774193548387097
height: 0.02792818466799658
Area: 0.00018707654970168873
CentroidX: 0.7336
CentroidY: 0.0626
