Location: Dedata_22.png_Mean-Closing.png
Component: component_1755510404905_163.png
centerX: 0.5008064516129033
centerY: 0.2903961242519236
width: 0.02258064516129032
height: 0.031062980906241093
Area: 0.0002726859044484689
CentroidX: 0.5097
CentroidY: 0.3018
