Location: Dedata_22.png_Mean-Closing.png
Component: component_1755510404921_226.png
centerX: 0.5532258064516129
centerY: 0.41806782559133654
width: 0.02338709677419355
height: 0.0347677400968937
Area: 0.00038196710762187553
CentroidX: 0.5640
CentroidY: 0.4307
