Location: Dedata_22.png_Gaussian-Closing.png
Component: component_1755510404399_146.png
centerX: 0.13669354838709677
centerY: 0.24650897691650042
width: 0.02338709677419355
height: 0.02963807352522086
Area: 0.00024028075271881523
CentroidX: 0.1466
CentroidY: 0.2569
