Location: Dedata_22.png_Gaussian-Closing.png
Component: component_1755510404401_155.png
centerX: 0.7790322580645161
centerY: 0.2846964947278427
width: 0.02661290322580645
height: 0.03134796238244514
Area: 0.0002359141010673016
CentroidX: 0.7890
CentroidY: 0.2952
