Location: Dedata_22.png_Gaussian-Closing.png
Component: component_1755510404414_217.png
centerX: 0.08346774193548387
centerY: 0.3833000854944429
width: 0.02379032258064516
height: 0.03362781419207751
Area: 0.000290612158596788
CentroidX: 0.0918
CentroidY: 0.3951
