Location: internet_28.png_Otsu.png
Component: component_1755079435801_573.png
centerX: 0.566303909713825
centerY: 0.40404904476760767
width: 0.035872632003224506
height: 0.03165098374679213
Area: 0.0003922597598607127
CentroidX: 0.5803
CentroidY: 0.4145
