Location: Dedata_22.png_Mean-Medain.png
Component: component_1755510404799_343.png
centerX: 0.29838709677419356
centerY: 0.622399544029638
width: 0.028225806451612902
height: 0.037902536335138216
Area: 0.00043781428400702343
CentroidX: 0.3098
CentroidY: 0.6359
