Location: internet_28.png_Mean-Medain.png
Component: component_1755079435609_9.png
centerX: 0.5409109230149134
centerY: 0.0071285999429712005
width: 0.03829101168883515
height: 0.03136583974907328
Area: 0.00035996412771279
CentroidX: 0.5587
CentroidY: 0.0178
