Location: internet_28.png_Mean-Closing.png
Component: component_1755079435385_51.png
centerX: 0.6368399838774688
centerY: 0.13743940690048476
width: 0.037081821846029824
height: 0.039064727687482176
Area: 0.0004070858685691897
CentroidX: 0.6529
CentroidY: 0.1511
