Location: Dedata_22.png_Otsu.png
Component: component_1755510404055_97.png
centerX: 0.05524193548387097
centerY: 0.1573097748646338
width: 0.02217741935483871
height: 0.02792818466799658
Area: 0.0002107483981283152
CentroidX: 0.0653
CentroidY: 0.1667
