Location: Dedata_22.png_Gaussian-Closing.png
Component: component_1755510404393_114.png
centerX: 0.3338709677419355
centerY: 0.19806212596181247
width: 0.024193548387096774
height: 0.03277286976346538
Area: 0.0002453368756837257
CentroidX: 0.3436
CentroidY: 0.2094
