Location: Dedata_22.png_Mean-Medain.png
Component: component_1755510404636_10.png
centerX: 0.7467741935483871
centerY: 0.006269592476489028
width: 0.027016129032258064
height: 0.03305785123966942
Area: 0.000324051517296537
CentroidX: 0.7571
CentroidY: 0.0178
