Location: internet_28.png_Mean-Closing.png
Component: component_1755079435416_189.png
centerX: 0.7887948407900041
centerY: 0.5454804676361562
width: 0.03667875856509472
height: 0.03222127174222983
Area: 0.00046167812931745766
CentroidX: 0.8040
CentroidY: 0.5563
