Location: internet_28.png_Mean-Closing.png
Component: component_1755079435375_19.png
centerX: 0.7452640064490125
centerY: 0.04590818363273453
width: 0.03829101168883515
height: 0.03022526375819789
Area: 0.00041145324942905114
CentroidX: 0.7616
CentroidY: 0.0560
