Location: Dedata_22.png_Mean-Medain.png
Component: component_1755510404799_344.png
centerX: 0.8540322580645161
centerY: 0.622399544029638
width: 0.031048387096774193
height: 0.03733257338273012
Area: 0.0004356309581812666
CentroidX: 0.8659
CentroidY: 0.6354
