Location: Dedata_22.png_Mean-Closing.png
Component: component_1755510404892_121.png
centerX: 0.1338709677419355
centerY: 0.20290681105728128
width: 0.025806451612903226
height: 0.031917925334853235
Area: 0.00025142720561873154
CentroidX: 0.1445
CentroidY: 0.2135
