Location: internet_28.png_Mean-Closing.png
Component: component_1755079435410_163.png
centerX: 0.24546553808948005
centerY: 0.4704875962360992
width: 0.036275695284159616
height: 0.033361847733105215
Area: 0.0004858136551219551
CentroidX: 0.2603
CentroidY: 0.4817
