Location: Dedata_22.png_Otsu.png
Component: component_1755510404094_486.png
centerX: 0.7766129032258065
centerY: 0.4177828441151325
width: 0.02661290322580645
height: 0.037047591906526074
Area: 0.00035841017108081524
CentroidX: 0.7871
CentroidY: 0.4308
