Location: Dedata_22.png_Gaussian-Closing.png
Component: component_1755510404419_244.png
centerX: 0.15443548387096775
centerY: 0.43032202906811057
width: 0.024596774193548387
height: 0.032487888287261325
Area: 0.00028590077128857593
CentroidX: 0.1638
CentroidY: 0.4414
