Location: Dedata_22.png_Otsu.png
Component: component_1755510404038_18.png
centerX: 0.9245967741935484
centerY: 0.008264462809917356
width: 0.025403225806451612
height: 0.032487888287261325
Area: 0.00025177194127543
CentroidX: 0.9341
CentroidY: 0.0193
