Location: Dedata_22.png_Mean-Medain.png
Component: component_1755510404788_291.png
centerX: 0.37540322580645163
centerY: 0.5209461385009975
width: 0.027822580645161292
height: 0.039042462239954404
Area: 0.00044539846845438916
CentroidX: 0.3859
CentroidY: 0.5349
