Location: internet_28.png_Gaussian-Closing.png
Component: component_1755079435292_132.png
centerX: 0.06690850463522773
centerY: 0.3735386370116909
width: 0.03909713825070536
height: 0.029940119760479042
Area: 0.00041329214663320335
CentroidX: 0.0857
CentroidY: 0.3832
