Location: Dedata_22.png_Gaussian-Closing.png
Component: component_1755510404386_84.png
centerX: 0.6157258064516129
centerY: 0.14363066400683955
width: 0.024193548387096774
height: 0.031062980906241093
Area: 0.00025740262366817125
CentroidX: 0.6257
CentroidY: 0.1542
