Location: Dedata_22.png_Gaussian-Closing.png
Component: component_1755510404418_237.png
centerX: 0.625
centerY: 0.42034767740096896
width: 0.025
height: 0.03305785123966942
Area: 0.00036691365061271015
CentroidX: 0.6359
CentroidY: 0.4320
