Location: Dedata_22.png_Otsu.png
Component: component_1755510404049_66.png
centerX: 0.31451612903225806
centerY: 0.10458820176688516
width: 0.020967741935483872
height: 0.03220290681105728
Area: 0.00020822033664585996
CentroidX: 0.3231
CentroidY: 0.1158
