Location: Dedata_22.png_Gaussian-Closing.png
Component: component_1755510404415_222.png
centerX: 0.16653225806451613
centerY: 0.3850099743516671
width: 0.02338709677419355
height: 0.031917925334853235
Area: 0.0002624587466330818
CentroidX: 0.1751
CentroidY: 0.3966
