Location: internet_28.png_Mean-Closing.png
Component: component_1755079435373_9.png
centerX: 0.3994357114066909
centerY: 0.009409751924721984
width: 0.04433696090286175
height: 0.03051040775591674
Area: 0.000384904171044104
CentroidX: 0.4202
CentroidY: 0.0186
