Location: Dedata_22.png_Otsu.png
Component: component_1755510404088_360.png
centerX: 0.01129032258064516
centerY: 0.3824451410658307
width: 0.02217741935483871
height: 0.030493017953833
Area: 0.00016627749841421598
CentroidX: 0.0192
CentroidY: 0.3931
