Location: Kurtxevani_1764_page_10.png_Otsu.png
Component: component_1755610055959_1480.png
centerX: 0.5605177993527508
centerY: 0.6005612722170253
width: 0.020064724919093852
height: 0.01683816651075772
Area: 0.00018164149418293114
CentroidX: 0.5690
CentroidY: 0.6071
