Location: Dedata_22.png_Mean-Closing.png
Component: component_1755510404943_325.png
centerX: 0.8983870967741936
centerY: 0.579082359646623
width: 0.027822580645161292
height: 0.03875748076375036
Area: 0.00042448450528135027
CentroidX: 0.9092
CentroidY: 0.5928
