Location: Dedata_22.png_Otsu.png
Component: component_1755510404052_83.png
centerX: 0.6161290322580645
centerY: 0.1439156454830436
width: 0.02338709677419355
height: 0.030208036477628954
Area: 0.00020385368499434633
CentroidX: 0.6257
CentroidY: 0.1537
