Location: Dedata_22.png_Otsu.png
Component: component_1755510404054_90.png
centerX: 0.4504032258064516
centerY: 0.15018523795953262
width: 0.022983870967741935
height: 0.03220290681105728
Area: 0.00022166502725709926
CentroidX: 0.4607
CentroidY: 0.1610
