Location: internet_28.png_Otsu.png
Component: component_1755079435792_417.png
centerX: 0.7501007658202338
centerY: 0.2917023096663815
width: 0.02902055622732769
height: 0.031936127744510975
Area: 0.00017504002762023602
CentroidX: 0.7611
CentroidY: 0.3024
