Location: Dedata_22.png_Mean-Medain.png
Component: component_1755510404774_243.png
centerX: 0.8782258064516129
centerY: 0.420632658877173
width: 0.02620967741935484
height: 0.03277286976346538
Area: 0.00034335671407164986
CentroidX: 0.8879
CentroidY: 0.4318
