Location: internet_28.png_Mean-Medain.png
Component: component_1755079435621_38.png
centerX: 0.6364369205965337
centerY: 0.08639863130881095
width: 0.05280128980249899
height: 0.03364699173082407
Area: 0.0005083401458728194
CentroidX: 0.6613
CentroidY: 0.0976
