Location: Dedata_22.png_Gaussian-Closing.png
Component: component_1755510404373_33.png
centerX: 0.725
centerY: 0.05272157309774864
width: 0.02217741935483871
height: 0.02821316614420063
Area: 0.0002328114801570156
CentroidX: 0.7337
CentroidY: 0.0628
