Location: Dedata_22.png_Mean-Medain.png
Component: component_1755510404737_177.png
centerX: 0.18185483870967742
centerY: 0.29609575377600456
width: 0.02338709677419355
height: 0.030493017953833
Area: 0.00026889381222478605
CentroidX: 0.1914
CentroidY: 0.3062
