Location: Dedata_22.png_Gaussian-Closing.png
Component: component_1755510404449_388.png
centerX: 0.6092741935483871
centerY: 0.7204331718438302
width: 0.025806451612903226
height: 0.04018238814477059
Area: 0.0004235652101968211
CentroidX: 0.6185
CentroidY: 0.7356
