Location: internet_28.png_Otsu.png
Component: component_1755079435782_193.png
centerX: 0.07456670697299476
centerY: 0.16823495865412033
width: 0.03990326481257558
height: 0.03222127174222983
Area: 0.000340195982768154
CentroidX: 0.0940
CentroidY: 0.1783
