Location: Dedata_22.png_Gaussian-Closing.png
Component: component_1755510404392_112.png
centerX: 0.4532258064516129
centerY: 0.1957822741521801
width: 0.024193548387096774
height: 0.03277286976346538
Area: 0.00025280614824552534
CentroidX: 0.4637
CentroidY: 0.2068
