Location: Dedata_22.png_Gaussian-Closing.png
Component: component_1755510404413_211.png
centerX: 0.5463709677419355
centerY: 0.3784554003989741
width: 0.02258064516129032
height: 0.03163294385864919
Area: 0.00025430000275788523
CentroidX: 0.5560
CentroidY: 0.3896
