Location: Dedata_22.png_Mean-Medain.png
Component: component_1755510404661_42.png
centerX: 0.27741935483870966
centerY: 0.05842120262182958
width: 0.02379032258064516
height: 0.0347677400968937
Area: 0.0003086533246306732
CentroidX: 0.2867
CentroidY: 0.0700
