Location: internet_28.png_Mean-Closing.png
Component: component_1755079435422_215.png
centerX: 0.3385731559854897
centerY: 0.6233247790134018
width: 0.035872632003224506
height: 0.03165098374679213
Area: 0.00048133134318683414
CentroidX: 0.3545
CentroidY: 0.6348
