Location: Dedata_22.png_Mean-Medain.png
Component: component_1755510404790_303.png
centerX: 0.7322580645161291
centerY: 0.5246508976916501
width: 0.027016129032258064
height: 0.03562268452550584
Area: 0.0003950670625764164
CentroidX: 0.7428
CentroidY: 0.5370
