Location: internet_28.png_Mean-Medain.png
Component: component_1755079435668_102.png
centerX: 0.9032648125755743
centerY: 0.2728828058169376
width: 0.041112454655380895
height: 0.03450242372398061
Area: 0.0004369679481366627
CentroidX: 0.9228
CentroidY: 0.2847
