Location: Dedata_22.png_Mean-Medain.png
Component: component_1755510404665_56.png
centerX: 0.7370967741935484
centerY: 0.09090909090909091
width: 0.02379032258064516
height: 0.031062980906241093
Area: 0.0002594710376083619
CentroidX: 0.7461
CentroidY: 0.1017
