Location: internet_28.png_Gaussian-Closing.png
Component: component_1755079435308_205.png
centerX: 0.016122531237404272
centerY: 0.583404619332763
width: 0.03990326481257558
height: 0.033932135728542916
Area: 0.00047052782211244007
CentroidX: 0.0344
CentroidY: 0.5950
