Location: Dedata_22.png_Otsu.png
Component: component_1755510404135_654.png
centerX: 0.8846774193548387
centerY: 0.6637218580792249
width: 0.02943548387096774
height: 0.03676261043032203
Area: 0.00038656358304452144
CentroidX: 0.8975
CentroidY: 0.6770
