Location: internet_28.png_Mean-Medain.png
Component: component_1755079435612_17.png
centerX: 0.27650141072148327
centerY: 0.013972055888223553
width: 0.039500201531640466
height: 0.03507271171941831
Area: 0.0004219119772776667
CentroidX: 0.2945
CentroidY: 0.0252
