Location: Dedata_22.png_Gaussian-Closing.png
Component: component_1755510404437_329.png
centerX: 0.6967741935483871
centerY: 0.6198347107438017
width: 0.025403225806451612
height: 0.03505272157309775
Area: 0.0003750723944879067
CentroidX: 0.7066
CentroidY: 0.6330
