Location: Dedata_22.png_Otsu.png
Component: component_1755510404125_614.png
centerX: 0.05040322580645161
centerY: 0.5753776004559704
width: 0.02620967741935484
height: 0.03334283271587347
Area: 0.00036760312192610705
CentroidX: 0.0614
CentroidY: 0.5867
