Location: Dedata_22.png_Mean-Closing.png
Component: component_1755510404906_168.png
centerX: 0.22822580645161292
centerY: 0.29438586491878027
width: 0.02338709677419355
height: 0.03163294385864919
Area: 0.00026694031017016154
CentroidX: 0.2373
CentroidY: 0.3051
