Location: internet_28.png_Otsu.png
Component: component_1755079435791_382.png
centerX: 0.9588875453446191
centerY: 0.2725976618192187
width: 0.031035872632003223
height: 0.034787567721699456
Area: 0.00037766351330275477
CentroidX: 0.9720
CentroidY: 0.2848
