Location: internet_28.png_Mean-Closing.png
Component: component_1755079435395_96.png
centerX: 0.958484482063684
centerY: 0.2725976618192187
width: 0.03184199919387344
height: 0.034787567721699456
Area: 0.00041949842469721693
CentroidX: 0.9721
CentroidY: 0.2848
