Location: Dedata_22.png_Gaussian-Closing.png
Component: component_1755510404369_13.png
centerX: 0.6588709677419354
centerY: 0.007124536905101168
width: 0.02661290322580645
height: 0.031062980906241093
Area: 0.0003048612324069903
CentroidX: 0.6694
CentroidY: 0.0177
