Location: internet_28.png_Mean-Closing.png
Component: component_1755079435398_110.png
centerX: 0.21039903264812576
centerY: 0.3150841174793271
width: 0.03184199919387344
height: 0.03136583974907328
Area: 0.00032881780631746236
CentroidX: 0.2237
CentroidY: 0.3254
