Location: internet_28.png_Mean-Closing.png
Component: component_1755079435414_180.png
centerX: 0.29222087867795243
centerY: 0.5183917878528657
width: 0.03788794840790004
height: 0.03450242372398061
Area: 0.00046340209544635033
CentroidX: 0.3086
CentroidY: 0.5303
