Location: Dedata_22.png_Gaussian-Closing.png
Component: component_1755510404445_370.png
centerX: 0.21653225806451612
centerY: 0.6722713023653463
width: 0.025806451612903226
height: 0.03875748076375036
Area: 0.0003988591548000993
CentroidX: 0.2258
CentroidY: 0.6860
