Location: Dedata_22.png_Mean-Medain.png
Component: component_1755510404699_112.png
centerX: 0.6479838709677419
centerY: 0.19321744086634368
width: 0.02258064516129032
height: 0.028783129096608722
Area: 0.00023660357238069847
CentroidX: 0.6567
CentroidY: 0.2029
