Location: internet_28.png_Gaussian-Closing.png
Component: component_1755079435291_128.png
centerX: 0.32245062474808545
centerY: 0.3609923011120616
width: 0.03788794840790004
height: 0.03364699173082407
Area: 0.000449840228565728
CentroidX: 0.3378
CentroidY: 0.3722
