Location: Kurtxevani_1764_page_10.png_Otsu.png
Component: component_1755610055997_1850.png
centerX: 0.6809061488673139
centerY: 0.7825070159027128
width: 0.020711974110032363
height: 0.017305893358278764
Area: 0.00018254970165384581
CentroidX: 0.6903
CentroidY: 0.7893
