Location: Dedata_22.png_Mean-Closing.png
Component: component_1755510404934_283.png
centerX: 0.012096774193548387
centerY: 0.5209461385009975
width: 0.02661290322580645
height: 0.031062980906241093
Area: 0.00039380303183518875
CentroidX: 0.0232
CentroidY: 0.5323
