Location: internet_28.png_Mean-Closing.png
Component: component_1755079435427_225.png
centerX: 0.8520757758968158
centerY: 0.6544054747647562
width: 0.03184199919387344
height: 0.03165098374679213
Area: 0.00047340109899392783
CentroidX: 0.8653
CentroidY: 0.6657
