Location: internet_28.png_Otsu.png
Component: component_1755079435772_29.png
centerX: 0.27650141072148327
centerY: 0.013972055888223553
width: 0.039500201531640466
height: 0.03507271171941831
Area: 0.0003336449114783619
CentroidX: 0.2942
CentroidY: 0.0246
