Location: internet_28.png_Gaussian-Closing.png
Component: component_1755079435265_7.png
centerX: 0.5409109230149134
centerY: 0.0071285999429712005
width: 0.03788794840790004
height: 0.03136583974907328
Area: 0.0003362883262093306
CentroidX: 0.5587
CentroidY: 0.0180
