Location: Dedata_22.png_Otsu.png
Component: component_1755510404051_75.png
centerX: 0.7931451612903225
centerY: 0.13394129381590197
width: 0.021774193548387097
height: 0.03277286976346538
Area: 0.00017604500868733855
CentroidX: 0.8019
CentroidY: 0.1450
