Location: internet_28.png_Otsu.png
Component: component_1755079435790_334.png
centerX: 0.3373639661426844
centerY: 0.25263758197889935
width: 0.03829101168883515
height: 0.03792415169660679
Area: 0.00023733267041089123
CentroidX: 0.3548
CentroidY: 0.2648
