Location: internet_28.png_Mean-Closing.png
Component: component_1755079435423_218.png
centerX: 0.17896009673518742
centerY: 0.6307385229540918
width: 0.035872632003224506
height: 0.03450242372398061
Area: 0.0005015592124325082
CentroidX: 0.1946
CentroidY: 0.6425
