Location: internet_28.png_Mean-Closing.png
Component: component_1755079435419_204.png
centerX: 0.8899637243047158
centerY: 0.5942400912460792
width: 0.03466344216041919
height: 0.03165098374679213
Area: 0.0004535180229740324
CentroidX: 0.9045
CentroidY: 0.6055
