Location: internet_28.png_Otsu.png
Component: component_1755079435823_672.png
centerX: 0.34058847239016526
centerY: 0.6800684345594525
width: 0.03506650544135429
height: 0.031080695751354435
Area: 0.0004140966641600199
CentroidX: 0.3557
CentroidY: 0.6907
