Location: Dedata_22.png_Gaussian-Closing.png
Component: component_1755510404375_41.png
centerX: 0.27741935483870966
centerY: 0.05842120262182958
width: 0.02338709677419355
height: 0.034482758620689655
Area: 0.0002965875766462277
CentroidX: 0.2866
CentroidY: 0.0703
