Location: Dedata_22.png_Mean-Medain.png
Component: component_1755510404696_105.png
centerX: 0.7995967741935484
centerY: 0.18438301510401825
width: 0.018951612903225806
height: 0.031062980906241093
Area: 0.00022810009284880353
CentroidX: 0.8064
CentroidY: 0.1957
