Location: Dedata_22.png_Otsu.png
Component: component_1755510404132_639.png
centerX: 0.21733870967741936
centerY: 0.622399544029638
width: 0.025806451612903226
height: 0.03419777714448561
Area: 0.00035909964239421214
CentroidX: 0.2268
CentroidY: 0.6344
