Location: internet_28.png_Gaussian-Closing.png
Component: component_1755079435317_248.png
centerX: 0.6896412736799677
centerY: 0.71285999429712
width: 0.03466344216041919
height: 0.033361847733105215
Area: 0.0004844344822188409
CentroidX: 0.7036
CentroidY: 0.7253
