Location: Dedata_22.png_Mean-Closing.png
Component: component_1755510404952_364.png
centerX: 0.521774193548387
centerY: 0.6699914505557139
width: 0.02258064516129032
height: 0.03334283271587347
Area: 0.0003571461403395876
CentroidX: 0.5309
CentroidY: 0.6822
