Location: Dedata_22.png_Mean-Medain.png
Component: component_1755510404794_322.png
centerX: 0.7495967741935484
centerY: 0.5756625819321745
width: 0.027419354838709678
height: 0.03818751781134226
Area: 0.0004142573474659631
CentroidX: 0.7605
CentroidY: 0.5891
