Location: Dedata_22.png_Otsu.png
Component: component_1755510404113_568.png
centerX: 0.15524193548387097
centerY: 0.4762040467369621
width: 0.025403225806451612
height: 0.03505272157309775
Area: 0.0003523198411458094
CentroidX: 0.1663
CentroidY: 0.4882
