Location: internet_28.png_Mean-Closing.png
Component: component_1755079435453_251.png
centerX: 0.34582829504232165
centerY: 0.731679498146564
width: 0.03345425231761386
height: 0.034787567721699456
Area: 0.000489836242756038
CentroidX: 0.3605
CentroidY: 0.7443
