Location: Dedata_22.png_Mean-Medain.png
Component: component_1755510404704_122.png
centerX: 0.010080645161290322
centerY: 0.20091194072385296
width: 0.025806451612903226
height: 0.028783129096608722
Area: 0.00024372810928579964
CentroidX: 0.0205
CentroidY: 0.2113
