Location: internet_28.png_Mean-Medain.png
Component: component_1755079435686_141.png
centerX: 0.7855703345425232
centerY: 0.3963501568291987
width: 0.037081821846029824
height: 0.033361847733105215
Area: 0.00045857499028545087
CentroidX: 0.8008
CentroidY: 0.4084
