Location: internet_28.png_Mean-Medain.png
Component: component_1755079435709_225.png
centerX: 0.2914147521160822
centerY: 0.6278870829769033
width: 0.03184199919387344
height: 0.03222127174222983
Area: 0.000489836242756038
CentroidX: 0.3044
CentroidY: 0.6395
