Location: Dedata_22.png_Otsu.png
Component: component_1755510404133_645.png
centerX: 0.0935483870967742
centerY: 0.6235394699344543
width: 0.027016129032258064
height: 0.037047591906526074
Area: 0.0003724294211198853
CentroidX: 0.1040
CentroidY: 0.6366
