Location: Dedata_22.png_Mean-Medain.png
Component: component_1755510404809_387.png
centerX: 0.7225806451612903
centerY: 0.7170133941293816
width: 0.025403225806451612
height: 0.039612425192362494
Area: 0.0004163257614061538
CentroidX: 0.7313
CentroidY: 0.7316
