Location: internet_28.png_Mean-Closing.png
Component: component_1755079435374_14.png
centerX: 0.14993954050785974
centerY: 0.013972055888223553
width: 0.03829101168883515
height: 0.032506415739948676
Area: 0.0003680093029809558
CentroidX: 0.1664
CentroidY: 0.0250
