Location: Dedata_22.png_Mean-Medain.png
Component: component_1755510404696_103.png
centerX: 0.8629032258064516
centerY: 0.1798233114847535
width: 0.02056451612903226
height: 0.03220290681105728
Area: 0.00023752286746522765
CentroidX: 0.8718
CentroidY: 0.1912
