Location: Dedata_22.png_Gaussian-Closing.png
Component: component_1755510404448_384.png
centerX: 0.7225806451612903
centerY: 0.7170133941293816
width: 0.025
height: 0.039612425192362494
Area: 0.00040046792119802536
CentroidX: 0.7312
CentroidY: 0.7318
