Location: Dedata_22.png_Otsu.png
Component: component_1755510404125_611.png
centerX: 0.010483870967741936
centerY: 0.5736677115987461
width: 0.024596774193548387
height: 0.027643203191792535
Area: 0.0003314058779727705
CentroidX: 0.0205
CentroidY: 0.5838
