Location: internet_28.png_Mean-Medain.png
Component: component_1755079435669_103.png
centerX: 0.958484482063684
centerY: 0.2725976618192187
width: 0.03184199919387344
height: 0.034787567721699456
Area: 0.0004208775976003311
CentroidX: 0.9721
CentroidY: 0.2848
