Location: Dedata_22.png_Gaussian-Closing.png
Component: component_1755510404402_161.png
centerX: 0.4217741935483871
centerY: 0.28811627244229127
width: 0.022983870967741935
height: 0.030208036477628954
Area: 0.000258781566294965
CentroidX: 0.4311
CentroidY: 0.2984
