Location: Dedata_22.png_Mean-Medain.png
Component: component_1755510404650_29.png
centerX: 0.7677419354838709
centerY: 0.050441721288116276
width: 0.024596774193548387
height: 0.027358221715588486
Area: 0.00021833258257568096
CentroidX: 0.7773
CentroidY: 0.0598
