Location: Dedata_22.png_Otsu.png
Component: component_1755510404162_700.png
centerX: 0.1217741935483871
centerY: 0.7267027643203192
width: 0.024193548387096774
height: 0.039042462239954404
Area: 0.0003514005460612802
CentroidX: 0.1310
CentroidY: 0.7405
