Location: internet_28.png_Otsu.png
Component: component_1755079435784_228.png
centerX: 0.4615074566706973
centerY: 0.20045623039635016
width: 0.037081821846029824
height: 0.031936127744510975
Area: 0.0002773286846012012
CentroidX: 0.4794
CentroidY: 0.2110
