Location: Dedata_22.png_Gaussian-Closing.png
Component: component_1755510404433_308.png
centerX: 0.632258064516129
centerY: 0.5725277856939299
width: 0.027419354838709678
height: 0.039897406668566546
Area: 0.00042253100322672577
CentroidX: 0.6426
CentroidY: 0.5874
