Location: Dedata_22.png_Mean-Closing.png
Component: component_1755510404892_120.png
centerX: 0.09798387096774193
centerY: 0.20148190367626104
width: 0.02217741935483871
height: 0.033912795668281565
Area: 0.0002673999577124261
CentroidX: 0.1066
CentroidY: 0.2135
