Location: Dedata_22.png_Mean-Closing.png
Component: component_1755510404907_169.png
centerX: 0.09314516129032258
centerY: 0.2946708463949843
width: 0.02379032258064516
height: 0.030493017953833
Area: 0.00027613326101545336
CentroidX: 0.1035
CentroidY: 0.3050
