Location: Dedata_22.png_Mean-Closing.png
Component: component_1755510404874_32.png
centerX: 0.7245967741935484
centerY: 0.0524365916215446
width: 0.022983870967741935
height: 0.028498147620404674
Area: 0.0002429237260868366
CentroidX: 0.7337
CentroidY: 0.0626
