Location: internet_28.png_Otsu.png
Component: component_1755079435787_257.png
centerX: 0.0769850866586054
centerY: 0.21899059024807527
width: 0.04393389762192664
height: 0.029940119760479042
Area: 0.0002970968295458372
CentroidX: 0.0980
CentroidY: 0.2288
