Location: Dedata_22.png_Gaussian-Closing.png
Component: component_1755510404420_247.png
centerX: 0.04516129032258064
centerY: 0.43089199202051864
width: 0.021774193548387097
height: 0.02963807352522086
Area: 0.0002445324924847627
CentroidX: 0.0534
CentroidY: 0.4412
