Location: Dedata_22.png_Otsu.png
Component: component_1755510404137_663.png
centerX: 0.5935483870967742
centerY: 0.6674266172698775
width: 0.02379032258064516
height: 0.03733257338273012
Area: 0.0003655347079859164
CentroidX: 0.6028
CentroidY: 0.6805
