Location: internet_28.png_Gaussian-Closing.png
Component: component_1755079435310_213.png
centerX: 0.6203143893591294
centerY: 0.6099230111206159
width: 0.03667875856509472
height: 0.03222127174222983
Area: 0.0004569659552318177
CentroidX: 0.6359
CentroidY: 0.6211
