Location: Dedata_22.png_Mean-Closing.png
Component: component_1755510404884_86.png
centerX: 0.41854838709677417
centerY: 0.14961527500712454
width: 0.021370967741935483
height: 0.03220290681105728
Area: 0.0002901525110545234
CentroidX: 0.4284
CentroidY: 0.1606
