Location: internet_28.png_Mean-Closing.png
Component: component_1755079435408_153.png
centerX: 0.8375654977831519
centerY: 0.44453949244368407
width: 0.03506650544135429
height: 0.03792415169660679
Area: 0.0004658156480268001
CentroidX: 0.8513
CentroidY: 0.4569
