Location: Dedata_22.png_Mean-Medain.png
Component: component_1755510404696_104.png
centerX: 0.8330645161290322
centerY: 0.18267312624679397
width: 0.02338709677419355
height: 0.03163294385864919
Area: 0.00024223425477343973
CentroidX: 0.8421
CentroidY: 0.1931
