Location: Dedata_22.png_Otsu.png
Component: component_1755510404038_15.png
centerX: 0.21330645161290324
centerY: 0.008264462809917356
width: 0.024193548387096774
height: 0.031062980906241093
Area: 0.00029153145368131716
CentroidX: 0.2230
CentroidY: 0.0187
