Location: internet_28.png_Otsu.png
Component: component_1755079435781_188.png
centerX: 0.20838371624345023
centerY: 0.16253207869974337
width: 0.03909713825070536
height: 0.03222127174222983
Area: 0.0003436439150259394
CentroidX: 0.2276
CentroidY: 0.1734
