Location: Dedata_22.png_Mean-Closing.png
Component: component_1755510404874_33.png
centerX: 0.6495967741935483
centerY: 0.053576517526360785
width: 0.021370967741935483
height: 0.029353092049016812
Area: 0.0002363737486095662
CentroidX: 0.6582
CentroidY: 0.0640
