Location: Dedata_22.png_Mean-Medain.png
Component: component_1755510404808_381.png
centerX: 0.8826612903225807
centerY: 0.7113137646053006
width: 0.02338709677419355
height: 0.036477628954117984
Area: 0.00039299864863622577
CentroidX: 0.8914
CentroidY: 0.7246
