Location: internet_28.png_Mean-Closing.png
Component: component_1755079435395_98.png
centerX: 0.013301088270858524
centerY: 0.27601938979184487
width: 0.04030632809351068
height: 0.02765896777872826
Area: 0.0003180142852430683
CentroidX: 0.0330
CentroidY: 0.2852
