Location: Dedata_22.png_Otsu.png
Component: component_1755510404137_661.png
centerX: 0.6685483870967742
centerY: 0.6657167284126532
width: 0.025
height: 0.03419777714448561
Area: 0.00035484790262826465
CentroidX: 0.6779
CentroidY: 0.6777
