Location: Dedata_22.png_Gaussian-Closing.png
Component: component_1755510404434_314.png
centerX: 0.05
centerY: 0.5753776004559704
width: 0.02661290322580645
height: 0.03362781419207751
Area: 0.0003920793535516966
CentroidX: 0.0613
CentroidY: 0.5869
