Location: Dedata_22.png_Gaussian-Closing.png
Component: component_1755510404410_195.png
centerX: 0.17338709677419356
centerY: 0.33884297520661155
width: 0.021370967741935483
height: 0.031917925334853235
Area: 0.0002667104863990292
CentroidX: 0.1816
CentroidY: 0.3503
