Location: Dedata_22.png_Gaussian-Closing.png
Component: component_1755510404412_205.png
centerX: 0.5133064516129032
centerY: 0.3776004559703619
width: 0.02379032258064516
height: 0.03277286976346538
Area: 0.00025636841669807593
CentroidX: 0.5237
CentroidY: 0.3886
