Location: internet_28.png_Mean-Closing.png
Component: component_1755079435371_1.png
centerX: 0.8686013704151552
centerY: 0.0025662959794696323
width: 0.04514308746473196
height: 0.031936127744510975
Area: 0.00039467331244116247
CentroidX: 0.8899
CentroidY: 0.0126
