Location: internet_28.png_Otsu.png
Component: component_1755079435792_408.png
centerX: 0.8029020556227328
centerY: 0.2842885657256915
width: 0.032245062474808545
height: 0.029940119760479042
Area: 0.00032410563223182244
CentroidX: 0.8181
CentroidY: 0.2944
