Location: internet_28.png_Gaussian-Closing.png
Component: component_1755079435272_38.png
centerX: 0.5695284159613059
centerY: 0.09381237524950099
width: 0.05078597339782346
height: 0.034787567721699456
Area: 0.0004701830288866615
CentroidX: 0.5947
CentroidY: 0.1046
