Location: Dedata_22.png_Mean-Closing.png
Component: component_1755510404931_265.png
centerX: 0.6491935483870968
centerY: 0.475634083784554
width: 0.02943548387096774
height: 0.03875748076375036
Area: 0.0004248292409380487
CentroidX: 0.6601
CentroidY: 0.4889
