Location: Dedata_22.png_Mean-Closing.png
Component: component_1755510404921_225.png
centerX: 0.8104838709677419
centerY: 0.41749786263892846
width: 0.02661290322580645
height: 0.03733257338273012
Area: 0.00037576186580130354
CentroidX: 0.8209
CentroidY: 0.4311
