Location: Dedata_22.png_Gaussian-Closing.png
Component: component_1755510404443_360.png
centerX: 0.6685483870967742
centerY: 0.6657167284126532
width: 0.025
height: 0.034482758620689655
Area: 0.0003773706321992296
CentroidX: 0.6778
CentroidY: 0.6781
