Location: Dedata_22.png_Mean-Medain.png
Component: component_1755510404776_252.png
centerX: 0.11653225806451613
centerY: 0.4314619549729268
width: 0.02258064516129032
height: 0.03305785123966942
Area: 0.00027211134502063816
CentroidX: 0.1249
CentroidY: 0.4431
