Location: Dedata_22.png_Mean-Medain.png
Component: component_1755510404788_290.png
centerX: 0.17379032258064517
centerY: 0.5212311199772015
width: 0.027822580645161292
height: 0.036477628954117984
Area: 0.00042758712619163624
CentroidX: 0.1846
CentroidY: 0.5340
