Location: Dedata_22.png_Mean-Medain.png
Component: component_1755510404782_264.png
centerX: 0.11612903225806452
centerY: 0.47420917640353377
width: 0.02620967741935484
height: 0.03676261043032203
Area: 0.0004193134704308736
CentroidX: 0.1274
CentroidY: 0.4875
