Location: Dedata_22.png_Mean-Medain.png
Component: component_1755510404635_9.png
centerX: 0.4314516129032258
centerY: 0.006554573952693075
width: 0.02903225806451613
height: 0.03619264747791394
Area: 0.00040380036587944366
CentroidX: 0.4434
CentroidY: 0.0189
