Location: internet_28.png_Gaussian-Closing.png
Component: component_1755079435311_219.png
centerX: 0.23498589278516727
centerY: 0.6278870829769033
width: 0.03667875856509472
height: 0.033361847733105215
Area: 0.00047627437587541565
CentroidX: 0.2502
CentroidY: 0.6398
