Location: internet_28.png_Gaussian-Closing.png
Component: component_1755079435308_207.png
centerX: 0.8903667875856509
centerY: 0.5942400912460792
width: 0.03426037887948408
height: 0.03165098374679213
Area: 0.00043524398200777006
CentroidX: 0.9045
CentroidY: 0.6055
