Location: Dedata_22.png_Mean-Medain.png
Component: component_1755510404721_134.png
centerX: 0.7342741935483871
centerY: 0.2390994585351952
width: 0.02338709677419355
height: 0.03590766600170989
Area: 0.00026395260114544166
CentroidX: 0.7434
CentroidY: 0.2515
