Location: Kurtxevani_1794_page_10.png_Mean-Medain.png
Component: component_1755610054807_751.png
centerX: 0.5178258328462887
centerY: 0.18201851035698546
width: 0.018118059614260665
height: 0.01498457470251212
Area: 0.00016227665387600362
CentroidX: 0.5259
CentroidY: 0.1881
