Location: internet_28.png_Mean-Medain.png
Component: component_1755079435674_108.png
centerX: 0.6920596533655784
centerY: 0.29369831765041343
width: 0.03466344216041919
height: 0.03421727972626176
Area: 0.00031812921631832784
CentroidX: 0.7056
CentroidY: 0.3045
