Location: internet_28.png_Mean-Closing.png
Component: component_1755079435400_119.png
centerX: 0.6835953244659412
centerY: 0.3481608212147134
width: 0.036275695284159616
height: 0.035357855717137156
Area: 0.00047868792845586535
CentroidX: 0.6984
CentroidY: 0.3599
