Location: Dedata_22.png_Mean-Closing.png
Component: component_1755510404878_52.png
centerX: 0.8120967741935484
centerY: 0.08976916500427472
width: 0.024596774193548387
height: 0.031062980906241093
Area: 0.0002696981954237491
CentroidX: 0.8222
CentroidY: 0.1002
