Location: internet_28.png_Gaussian-Closing.png
Component: component_1755079435270_29.png
centerX: 0.13583232567513098
centerY: 0.06757912745936698
width: 0.03788794840790004
height: 0.031080695751354435
Area: 0.00035375784964877637
CentroidX: 0.1542
CentroidY: 0.0779
