Location: Dedata_22.png_Otsu.png
Component: component_1755510404067_158.png
centerX: 0.17580645161290323
centerY: 0.2482188657737247
width: 0.021774193548387097
height: 0.02963807352522086
Area: 0.0001620257586482685
CentroidX: 0.1858
CentroidY: 0.2576
