Location: Dedata_22.png_Mean-Medain.png
Component: component_1755510404721_132.png
centerX: 0.7657258064516129
centerY: 0.23852949558278713
width: 0.025403225806451612
height: 0.03277286976346538
Area: 0.00026165436343411874
CentroidX: 0.7768
CentroidY: 0.2493
