Location: internet_28.png_Mean-Medain.png
Component: component_1755079435609_10.png
centerX: 0.46392583635630796
centerY: 0.007698887938408896
width: 0.04554615074566707
height: 0.03279155973766752
Area: 0.0003992705554515429
CentroidX: 0.4856
CentroidY: 0.0180
