Location: internet_28.png_Mean-Medain.png
Component: component_1755079435681_130.png
centerX: 0.44619105199516323
centerY: 0.35528942115768464
width: 0.03909713825070536
height: 0.036213287710293696
Area: 0.0004681142695319903
CentroidX: 0.4635
CentroidY: 0.3676
