Location: internet_28.png_Otsu.png
Component: component_1755079435817_643.png
centerX: 0.9403466344216042
centerY: 0.5945252352437981
width: 0.0354695687222894
height: 0.033361847733105215
Area: 0.0004784580663053464
CentroidX: 0.9556
CentroidY: 0.6060
