Location: Dedata_22.png_Otsu.png
Component: component_1755510404066_154.png
centerX: 0.007661290322580645
centerY: 0.24650897691650042
width: 0.021774193548387097
height: 0.02821316614420063
Area: 0.00017282747589148642
CentroidX: 0.0165
CentroidY: 0.2566
