Location: internet_28.png_Gaussian-Closing.png
Component: component_1755079435272_42.png
centerX: 0.2249093107617896
centerY: 0.11120615911035073
width: 0.041515517936316
height: 0.033932135728542916
Area: 0.00042662415136330667
CentroidX: 0.2452
CentroidY: 0.1224
