Location: Dedata_22.png_Mean-Medain.png
Component: component_1755510404666_58.png
centerX: 0.5991935483870968
centerY: 0.0957537760045597
width: 0.024193548387096774
height: 0.032487888287261325
Area: 0.000297621783616323
CentroidX: 0.6099
CentroidY: 0.1070
