Location: Dedata_22.png_Gaussian-Closing.png
Component: component_1755510404449_387.png
centerX: 0.569758064516129
centerY: 0.7201481903676261
width: 0.028629032258064516
height: 0.03875748076375036
Area: 0.00042804677373390086
CentroidX: 0.5805
CentroidY: 0.7342
