Location: Dedata_22.png_Gaussian-Closing.png
Component: component_1755510404437_330.png
centerX: 0.6629032258064517
centerY: 0.6206896551724138
width: 0.024596774193548387
height: 0.03305785123966942
Area: 0.0003600189374787413
CentroidX: 0.6720
CentroidY: 0.6331
