Location: internet_28.png_Otsu.png
Component: component_1755079435798_561.png
centerX: 0.19709794437726724
centerY: 0.36327345309381237
width: 0.041515517936316
height: 0.03450242372398061
Area: 0.00044030094931918855
CentroidX: 0.2162
CentroidY: 0.3746
