Location: Dedata_22.png_Gaussian-Closing.png
Component: component_1755510404441_350.png
centerX: 0.3370967741935484
centerY: 0.6252493587916785
width: 0.02903225806451613
height: 0.0353377030493018
Area: 0.00039058549903933664
CentroidX: 0.3475
CentroidY: 0.6381
