Location: internet_28.png_Gaussian-Closing.png
Component: component_1755079435283_92.png
centerX: 0.407496977025393
centerY: 0.24978614200171087
width: 0.03667875856509472
height: 0.04020530367835757
Area: 0.00036111343846538513
CentroidX: 0.4241
CentroidY: 0.2639
