Location: Dedata_22.png_Gaussian-Closing.png
Component: component_1755510404387_91.png
centerX: 0.45
centerY: 0.15018523795953262
width: 0.02379032258064516
height: 0.03277286976346538
Area: 0.0002886586565421635
CentroidX: 0.4608
CentroidY: 0.1615
