Location: Kurtxevani_1764_page_10.png_Otsu.png
Component: component_1755610055979_1662.png
centerX: 0.47313915857605177
centerY: 0.6927034611786717
width: 0.03495145631067961
height: 0.01777362020579981
Area: 0.000293653748929072
CentroidX: 0.4886
CentroidY: 0.6990
