Location: internet_28.png_Otsu.png
Component: component_1755079435813_625.png
centerX: 0.8436114469971786
centerY: 0.5429141716566867
width: 0.03506650544135429
height: 0.03222127174222983
Area: 0.0004315661875994657
CentroidX: 0.8577
CentroidY: 0.5547
