Location: Dedata_22.png_Gaussian-Closing.png
Component: component_1755510404409_191.png
centerX: 0.6056451612903225
centerY: 0.3348532345397549
width: 0.024193548387096774
height: 0.029923055001424906
Area: 0.0002503929986486362
CentroidX: 0.6154
CentroidY: 0.3455
