Location: Dedata_22.png_Mean-Closing.png
Component: component_1755510404891_118.png
centerX: 0.21491935483870966
centerY: 0.20034197777144486
width: 0.02338709677419355
height: 0.03163294385864919
Area: 0.0002484394965940117
CentroidX: 0.2246
CentroidY: 0.2113
