Location: Dedata_22.png_Mean-Closing.png
Component: component_1755510404878_53.png
centerX: 0.6899193548387097
centerY: 0.09033912795668282
width: 0.025806451612903226
height: 0.03305785123966942
Area: 0.00026981310730931523
CentroidX: 0.6998
CentroidY: 0.1019
