Location: Dedata_22.png_Otsu.png
Component: component_1755510404045_51.png
centerX: 0.8129032258064516
centerY: 0.08976916500427472
width: 0.022983870967741935
height: 0.030777999430037048
Area: 0.00021545978543652727
CentroidX: 0.8223
CentroidY: 0.1000
