Location: Dedata_22.png_Mean-Closing.png
Component: component_1755510404903_154.png
centerX: 0.34153225806451615
centerY: 0.2855514391564548
width: 0.025
height: 0.03505272157309775
Area: 0.0002909568942534864
CentroidX: 0.3517
CentroidY: 0.2976
