Location: Kurtxevani_1764_page_10.png_Otsu.png
Component: component_1755610055873_896.png
centerX: 0.7967637540453074
centerY: 0.2970065481758653
width: 0.020711974110032363
height: 0.01637043966323667
Area: 0.0001677156462955731
CentroidX: 0.8060
CentroidY: 0.3034
