Location: internet_28.png_Mean-Closing.png
Component: component_1755079435389_68.png
centerX: 0.6932688432083837
centerY: 0.18391787852865696
width: 0.041112454655380895
height: 0.03165098374679213
Area: 0.0003636419221210944
CentroidX: 0.7107
CentroidY: 0.1944
