Location: internet_28.png_Otsu.png
Component: component_1755079435815_636.png
centerX: 0.2889963724304716
centerY: 0.5714285714285714
width: 0.03909713825070536
height: 0.03307670373538637
Area: 0.00046443647512368593
CentroidX: 0.3066
CentroidY: 0.5830
