Location: internet_28.png_Mean-Closing.png
Component: component_1755079435448_243.png
centerX: 0.8045143087464732
centerY: 0.7071571143427431
width: 0.03667875856509472
height: 0.036213287710293696
Area: 0.0005013293502819892
CentroidX: 0.8199
CentroidY: 0.7199
