Location: internet_28.png_Otsu.png
Component: component_1755079435807_598.png
centerX: 0.3010882708585248
centerY: 0.46849158825206727
width: 0.037081821846029824
height: 0.033932135728542916
Area: 0.00045340309189877283
CentroidX: 0.3161
CentroidY: 0.4804
