Location: Dedata_22.png_Otsu.png
Component: component_1755510404136_658.png
centerX: 0.925
centerY: 0.664291821031633
width: 0.025806451612903226
height: 0.03676261043032203
Area: 0.00036564961987148255
CentroidX: 0.9342
CentroidY: 0.6770
