Location: Dedata_22.png_Otsu.png
Component: component_1755510404064_145.png
centerX: 0.41774193548387095
centerY: 0.24109432886862353
width: 0.022983870967741935
height: 0.0347677400968937
Area: 0.00018535287141819654
CentroidX: 0.4288
CentroidY: 0.2528
