Location: Dedata_22.png_Otsu.png
Component: component_1755510404130_631.png
centerX: 0.6629032258064517
centerY: 0.6206896551724138
width: 0.024596774193548387
height: 0.03277286976346538
Area: 0.0003360023533954164
CentroidX: 0.6721
CentroidY: 0.6327
