Location: Dedata_22.png_Gaussian-Closing.png
Component: component_1755510404445_367.png
centerX: 0.29596774193548386
centerY: 0.6702764320319179
width: 0.025403225806451612
height: 0.037902536335138216
Area: 0.00039713547651660706
CentroidX: 0.3059
CentroidY: 0.6848
