Location: internet_28.png_Otsu.png
Component: component_1755079435828_697.png
centerX: 0.02015316404675534
centerY: 0.7462218420302252
width: 0.03506650544135429
height: 0.036213287710293696
Area: 0.000454782264801887
CentroidX: 0.0358
CentroidY: 0.7587
