Location: Dedata_22.png_Mean-Medain.png
Component: component_1755510404722_138.png
centerX: 0.4165322580645161
centerY: 0.24052436591621545
width: 0.025
height: 0.03562268452550584
Area: 0.00028038500078140084
CentroidX: 0.4284
CentroidY: 0.2531
