Location: Dedata_22.png_Mean-Medain.png
Component: component_1755510404739_181.png
centerX: 0.8326612903225806
centerY: 0.32459390139640926
width: 0.027419354838709678
height: 0.03362781419207751
Area: 0.0002637227773743094
CentroidX: 0.8429
CentroidY: 0.3358
