Location: Dedata_22.png_Otsu.png
Component: component_1755510404038_17.png
centerX: 0.7911290322580645
centerY: 0.008264462809917356
width: 0.027822580645161292
height: 0.03305785123966942
Area: 0.0002603903326928911
CentroidX: 0.8012
CentroidY: 0.0196
