Location: Dedata_22.png_Mean-Medain.png
Component: component_1755510404755_200.png
centerX: 0.2592741935483871
centerY: 0.3385579937304075
width: 0.020161290322580645
height: 0.03305785123966942
Area: 0.00027682273232885026
CentroidX: 0.2670
CentroidY: 0.3501
