Location: Dedata_22.png_Gaussian-Closing.png
Component: component_1755510404392_110.png
centerX: 0.5294354838709677
centerY: 0.19293245939013964
width: 0.02258064516129032
height: 0.03134796238244514
Area: 0.0002490140560218425
CentroidX: 0.5395
CentroidY: 0.2037
