Location: Dedata_22.png_Mean-Closing.png
Component: component_1755510404955_378.png
centerX: 0.9189516129032258
centerY: 0.713308634938729
width: 0.025
height: 0.0353377030493018
Area: 0.0004060986035907666
CentroidX: 0.9289
CentroidY: 0.7260
