Location: internet_28.png_Otsu.png
Component: component_1755079435823_673.png
centerX: 0.28859330914953646
centerY: 0.6806387225548902
width: 0.03305118903667876
height: 0.030795551753635585
Area: 0.0003982361757742073
CentroidX: 0.3028
CentroidY: 0.6920
