Location: Dedata_22.png_Otsu.png
Component: component_1755510404142_680.png
centerX: 0.9576612903225806
centerY: 0.7118837275577088
width: 0.025806451612903226
height: 0.036477628954117984
Area: 0.00037449783506007594
CentroidX: 0.9675
CentroidY: 0.7251
