Location: Dedata_22.png_Gaussian-Closing.png
Component: component_1755510404426_276.png
centerX: 0.3088709677419355
centerY: 0.47848389854659445
width: 0.025403225806451612
height: 0.03419777714448561
Area: 0.0003713952141497899
CentroidX: 0.3194
CentroidY: 0.4914
