Location: Dedata_22.png_Mean-Closing.png
Component: component_1755510404883_82.png
centerX: 0.5737903225806451
centerY: 0.1439156454830436
width: 0.02338709677419355
height: 0.034482758620689655
Area: 0.00027107713805054283
CentroidX: 0.5836
CentroidY: 0.1560
