Location: Dedata_22.png_Gaussian-Closing.png
Component: component_1755510404370_20.png
centerX: 0.8358870967741936
centerY: 0.008264462809917356
width: 0.027822580645161292
height: 0.031917925334853235
Area: 0.0002837174454628191
CentroidX: 0.8462
CentroidY: 0.0189
