Location: Dedata_22.png_Gaussian-Closing.png
Component: component_1755510404391_109.png
centerX: 0.6068548387096774
centerY: 0.1915075520091194
width: 0.021370967741935483
height: 0.03334283271587347
Area: 0.00024131495968891055
CentroidX: 0.6158
CentroidY: 0.2035
