Location: internet_28.png_Gaussian-Closing.png
Component: component_1755079435301_176.png
centerX: 0.7267230955259976
centerY: 0.49729113202167097
width: 0.03385731559854897
height: 0.03136583974907328
Area: 0.0004430592951254168
CentroidX: 0.7412
CentroidY: 0.5082
