Location: Dedata_22.png_Mean-Closing.png
Component: component_1755510404935_285.png
centerX: 0.17379032258064517
centerY: 0.5212311199772015
width: 0.027822580645161292
height: 0.036477628954117984
Area: 0.00042735730242050396
CentroidX: 0.1846
CentroidY: 0.5340
