Location: Dedata_22.png_Mean-Closing.png
Component: component_1755510404956_384.png
centerX: 0.6439516129032258
centerY: 0.7184383015104018
width: 0.028225806451612902
height: 0.04103733257338273
Area: 0.0004510291508471304
CentroidX: 0.6546
CentroidY: 0.7335
