Location: Dedata_22.png_Otsu.png
Component: component_1755510404128_626.png
centerX: 0.8620967741935484
centerY: 0.5785123966942148
width: 0.02661290322580645
height: 0.0353377030493018
Area: 0.0003773706321992296
CentroidX: 0.8728
CentroidY: 0.5912
