Location: Dedata_22.png_Mean-Medain.png
Component: component_1755510404685_76.png
centerX: 0.792741935483871
centerY: 0.1336563123396979
width: 0.022983870967741935
height: 0.03334283271587347
Area: 0.00025188685316099616
CentroidX: 0.8013
CentroidY: 0.1455
