Location: internet_28.png_Gaussian-Closing.png
Component: component_1755079435306_195.png
centerX: 0.6215235792019347
centerY: 0.5554605075563159
width: 0.03869407496977025
height: 0.03364699173082407
Area: 0.00047443547867126343
CentroidX: 0.6385
CentroidY: 0.5672
