Location: Dedata_22.png_Mean-Medain.png
Component: component_1755510404801_352.png
centerX: 0.5
centerY: 0.6238244514106583
width: 0.031048387096774193
height: 0.039612425192362494
Area: 0.00047653958944281525
CentroidX: 0.5118
CentroidY: 0.6372
