Location: Dedata_22.png_Mean-Medain.png
Component: component_1755510404805_372.png
centerX: 0.17620967741935484
centerY: 0.6719863208891422
width: 0.027419354838709678
height: 0.04132231404958678
Area: 0.0004399976098327802
CentroidX: 0.1867
CentroidY: 0.6865
