Location: Dedata_22.png_Mean-Medain.png
Component: component_1755510404648_24.png
centerX: 0.9629032258064516
centerY: 0.008549444286121402
width: 0.02217741935483871
height: 0.032487888287261325
Area: 0.00026728504582685997
CentroidX: 0.9713
CentroidY: 0.0202
