Location: internet_28.png_Otsu.png
Component: component_1755079435774_79.png
centerX: 0.3196291817815397
centerY: 0.06358711149130311
width: 0.03184199919387344
height: 0.031936127744510975
Area: 0.00022043780234774305
CentroidX: 0.3332
CentroidY: 0.0740
