Location: Dedata_22.png_Gaussian-Closing.png
Component: component_1755510404436_323.png
centerX: 0.7895161290322581
centerY: 0.5773724707893987
width: 0.031048387096774193
height: 0.03818751781134226
Area: 0.0004046047490784067
CentroidX: 0.8011
CentroidY: 0.5911
