Location: internet_28.png_Mean-Medain.png
Component: component_1755079435636_54.png
centerX: 0.6368399838774688
centerY: 0.13743940690048476
width: 0.037081821846029824
height: 0.03934987168520103
Area: 0.000410074076525937
CentroidX: 0.6529
CentroidY: 0.1512
