Location: internet_28.png_Mean-Medain.png
Component: component_1755079435644_73.png
centerX: 0.6384522370012092
centerY: 0.1853435985172512
width: 0.03385731559854897
height: 0.035357855717137156
Area: 0.0003638717842716134
CentroidX: 0.6523
CentroidY: 0.1974
