Location: internet_28.png_Mean-Medain.png
Component: component_1755079435712_240.png
centerX: 0.3954050785973398
centerY: 0.6752209865982322
width: 0.03667875856509472
height: 0.031936127744510975
Area: 0.0004505298150172851
CentroidX: 0.4116
CentroidY: 0.6865
