Location: Dedata_22.png_Mean-Closing.png
Component: component_1755510404954_375.png
centerX: 0.04758064516129032
centerY: 0.6793958392704474
width: 0.028225806451612902
height: 0.036477628954117984
Area: 0.0004262081835648425
CentroidX: 0.0591
CentroidY: 0.6919
