Location: internet_28.png_Mean-Medain.png
Component: component_1755079435684_135.png
centerX: 0.13180169286577992
centerY: 0.3661248930710009
width: 0.04030632809351068
height: 0.03507271171941831
Area: 0.000460184025339084
CentroidX: 0.1506
CentroidY: 0.3779
