Location: Kurtxevani_1764_page_10.png_Otsu.png
Component: component_1755610055871_885.png
centerX: 0.21423948220064726
centerY: 0.29653882132834425
width: 0.022653721682847898
height: 0.01637043966323667
Area: 0.00016317460894099982
CentroidX: 0.2240
CentroidY: 0.3031
