Location: Dedata_22.png_Otsu.png
Component: component_1755510404122_599.png
centerX: 0.6516129032258065
centerY: 0.5246508976916501
width: 0.02661290322580645
height: 0.03562268452550584
Area: 0.0003510558104045818
CentroidX: 0.6627
CentroidY: 0.5367
