Location: Dedata_22.png_Otsu.png
Component: component_1755510404139_668.png
centerX: 0.521774193548387
centerY: 0.6702764320319179
width: 0.02258064516129032
height: 0.03305785123966942
Area: 0.00032002960130172184
CentroidX: 0.5309
CentroidY: 0.6821
