Location: internet_28.png_Otsu.png
Component: component_1755079435779_159.png
centerX: 0.8597339782345829
centerY: 0.12375249500998003
width: 0.04514308746473196
height: 0.03706871970345024
Area: 0.00031847400954410635
CentroidX: 0.8823
CentroidY: 0.1348
