Location: Dedata_22.png_Otsu.png
Component: component_1755510404117_578.png
centerX: 0.3504032258064516
centerY: 0.4787688800227985
width: 0.025403225806451612
height: 0.032487888287261325
Area: 0.0003346234107686226
CentroidX: 0.3619
CentroidY: 0.4904
