Location: Dedata_22.png_Otsu.png
Component: component_1755510404044_43.png
centerX: 0.23790322580645162
centerY: 0.060701054431461954
width: 0.022983870967741935
height: 0.03220290681105728
Area: 0.00024154478346004283
CentroidX: 0.2470
CentroidY: 0.0715
