Location: Dedata_22.png_Gaussian-Closing.png
Component: component_1755510404390_104.png
centerX: 0.8
centerY: 0.18438301510401825
width: 0.018145161290322582
height: 0.031062980906241093
Area: 0.00021890714200351172
CentroidX: 0.8063
CentroidY: 0.1960
