Location: internet_28.png_Mean-Medain.png
Component: component_1755079435682_132.png
centerX: 0.32204756146715036
centerY: 0.36070715711434276
width: 0.03869407496977025
height: 0.03421727972626176
Area: 0.00047236671931659224
CentroidX: 0.3378
CentroidY: 0.3721
