Location: internet_28.png_Gaussian-Closing.png
Component: component_1755079435303_183.png
centerX: 0.29222087867795243
centerY: 0.5186769318505845
width: 0.03788794840790004
height: 0.03421727972626176
Area: 0.000444898192329569
CentroidX: 0.3086
CentroidY: 0.5304
