Location: internet_28.png_Mean-Medain.png
Component: component_1755079435681_128.png
centerX: 0.5086658605401048
centerY: 0.352723125178215
width: 0.037081821846029824
height: 0.034787567721699456
Area: 0.0004809865499610556
CentroidX: 0.5244
CentroidY: 0.3644
