Location: internet_28.png_Otsu.png
Component: component_1755079435770_18.png
centerX: 0.022168480451430876
centerY: 0.010835471913316224
width: 0.03506650544135429
height: 0.035357855717137156
Area: 0.0003189337338451444
CentroidX: 0.0377
CentroidY: 0.0223
