Location: Dedata_22.png_Otsu.png
Component: component_1755510404049_65.png
centerX: 0.2782258064516129
centerY: 0.1043032202906811
width: 0.021774193548387097
height: 0.03134796238244514
Area: 0.00022143520348596695
CentroidX: 0.2868
CentroidY: 0.1154
