Location: Dedata_22.png_Gaussian-Closing.png
Component: component_1755510404408_188.png
centerX: 0.37459677419354837
centerY: 0.3339982901111428
width: 0.02379032258064516
height: 0.033912795668281565
Area: 0.00027544378970205646
CentroidX: 0.3842
CentroidY: 0.3457
