Location: internet_28.png_Mean-Closing.png
Component: component_1755079435390_73.png
centerX: 0.3978234582829504
centerY: 0.2030225263758198
width: 0.04232164449818621
height: 0.03364699173082407
Area: 0.00038766251685033227
CentroidX: 0.4196
CentroidY: 0.2139
