Location: Dedata_22.png_Otsu.png
Component: component_1755510404144_688.png
centerX: 0.5701612903225807
centerY: 0.7204331718438302
width: 0.028225806451612902
height: 0.03818751781134226
Area: 0.00039656091708877635
CentroidX: 0.5806
CentroidY: 0.7337
