Location: Dedata_22.png_Mean-Closing.png
Component: component_1755510404911_187.png
centerX: 0.3741935483870968
centerY: 0.3339982901111428
width: 0.024193548387096774
height: 0.033912795668281565
Area: 0.0002861305950597082
CentroidX: 0.3842
CentroidY: 0.3453
