Location: internet_28.png_Gaussian-Closing.png
Component: component_1755079435281_82.png
centerX: 0.8665860540104796
centerY: 0.2155688622754491
width: 0.032648125755743655
height: 0.036783575705731396
Area: 0.0003203129067482585
CentroidX: 0.8808
CentroidY: 0.2289
