Location: Dedata_22.png_Mean-Closing.png
Component: component_1755510404880_64.png
centerX: 0.2778225806451613
centerY: 0.10401823881447705
width: 0.02258064516129032
height: 0.031917925334853235
Area: 0.0002806148245525331
CentroidX: 0.2867
CentroidY: 0.1154
