Location: Dedata_22.png_Gaussian-Closing.png
Component: component_1755510404400_150.png
centerX: 0.21733870967741936
centerY: 0.2482188657737247
width: 0.022983870967741935
height: 0.03134796238244514
Area: 0.0002506228224197685
CentroidX: 0.2270
CentroidY: 0.2587
