Location: Dedata_22.png_Gaussian-Closing.png
Component: component_1755510404399_147.png
centerX: 0.04879032258064516
centerY: 0.2476489028213166
width: 0.02217741935483871
height: 0.030493017953833
Area: 0.0002272957096498405
CentroidX: 0.0586
CentroidY: 0.2584
