Location: Dedata_22.png_Gaussian-Closing.png
Component: component_1755510404434_312.png
centerX: 0.3540322580645161
centerY: 0.5736677115987461
width: 0.02620967741935484
height: 0.036477628954117984
Area: 0.00041103981467011097
CentroidX: 0.3642
CentroidY: 0.5870
