Location: Dedata_22.png_Gaussian-Closing.png
Component: component_1755510404381_64.png
centerX: 0.4407258064516129
centerY: 0.10202336848104873
width: 0.021774193548387097
height: 0.030493017953833
Area: 0.0002490140560218425
CentroidX: 0.4491
CentroidY: 0.1130
