Location: internet_28.png_Mean-Medain.png
Component: component_1755079435704_206.png
centerX: 0.28859330914953646
centerY: 0.5708582834331337
width: 0.03990326481257558
height: 0.033932135728542916
Area: 0.0005127075267326807
CentroidX: 0.3066
CentroidY: 0.5831
