Location: Dedata_22.png_Mean-Medain.png
Component: component_1755510404797_333.png
centerX: 0.6629032258064517
centerY: 0.6206896551724138
width: 0.024596774193548387
height: 0.03277286976346538
Area: 0.00036806276946837167
CentroidX: 0.6722
CentroidY: 0.6327
