Location: Dedata_22.png_Mean-Closing.png
Component: component_1755510404920_223.png
centerX: 0.04516129032258064
centerY: 0.3858649187802793
width: 0.024596774193548387
height: 0.031917925334853235
Area: 0.0002786613224979086
CentroidX: 0.0547
CentroidY: 0.3969
