Location: Dedata_22.png_Mean-Closing.png
Component: component_1755510404924_239.png
centerX: 0.43790322580645163
centerY: 0.4214876033057851
width: 0.027016129032258064
height: 0.037047591906526074
Area: 0.00041942838231643975
CentroidX: 0.4501
CentroidY: 0.4346
