Location: Dedata_22.png_Gaussian-Closing.png
Component: component_1755510404442_354.png
centerX: 0.8846774193548387
centerY: 0.6634368766030208
width: 0.02943548387096774
height: 0.03733257338273012
Area: 0.0004085117531876557
CentroidX: 0.8973
CentroidY: 0.6774
