Location: Dedata_22.png_Gaussian-Closing.png
Component: component_1755510404411_202.png
centerX: 0.8669354838709677
centerY: 0.37475064120832147
width: 0.02379032258064516
height: 0.03163294385864919
Area: 0.00024660090642495336
CentroidX: 0.8762
CentroidY: 0.3855
