Location: internet_28.png_Gaussian-Closing.png
Component: component_1755079435301_174.png
centerX: 0.7787182587666264
centerY: 0.49272882805816937
width: 0.032648125755743655
height: 0.033932135728542916
Area: 0.0004537478851245514
CentroidX: 0.7912
CentroidY: 0.5047
