Location: Dedata_22.png_Mean-Medain.png
Component: component_1755510404749_187.png
centerX: 0.45
centerY: 0.3331433456825306
width: 0.021774193548387097
height: 0.03419777714448561
Area: 0.0002909568942534864
CentroidX: 0.4588
CentroidY: 0.3454
