Location: internet_28.png_Mean-Medain.png
Component: component_1755079435615_26.png
centerX: 0.4925433293027005
centerY: 0.05303678357570573
width: 0.03869407496977025
height: 0.033361847733105215
Area: 0.000354562367175593
CentroidX: 0.5108
CentroidY: 0.0640
