Location: Dedata_22.png_Mean-Closing.png
Component: component_1755510404916_209.png
centerX: 0.5463709677419355
centerY: 0.3784554003989741
width: 0.02258064516129032
height: 0.03163294385864919
Area: 0.0002611947158918541
CentroidX: 0.5560
CentroidY: 0.3892
