Location: Dedata_22.png_Mean-Medain.png
Component: component_1755510404792_314.png
centerX: 0.17137096774193547
centerY: 0.573097748646338
width: 0.02661290322580645
height: 0.0353377030493018
Area: 0.0004142573474659631
CentroidX: 0.1823
CentroidY: 0.5854
