Location: Dedata_22.png_Gaussian-Closing.png
Component: component_1755510404383_69.png
centerX: 0.1060483870967742
centerY: 0.10572812767170134
width: 0.02217741935483871
height: 0.032487888287261325
Area: 0.00026694031017016154
CentroidX: 0.1147
CentroidY: 0.1176
