Location: Dedata_22.png_Gaussian-Closing.png
Component: component_1755510404434_313.png
centerX: 0.6709677419354839
centerY: 0.5748076375035622
width: 0.031451612903225803
height: 0.03676261043032203
Area: 0.0004067880749041635
CentroidX: 0.6827
CentroidY: 0.5873
