Location: Dedata_22.png_Otsu.png
Component: component_1755510404094_489.png
centerX: 0.7008064516129032
centerY: 0.4189227700199487
width: 0.025
height: 0.036477628954117984
Area: 0.0003471488062953327
CentroidX: 0.7109
CentroidY: 0.4315
