Location: Dedata_22.png_Gaussian-Closing.png
Component: component_1755510404449_385.png
centerX: 0.682258064516129
centerY: 0.7175833570817897
width: 0.025806451612903226
height: 0.04018238814477059
Area: 0.0003998933617701946
CentroidX: 0.6918
CentroidY: 0.7324
