Location: internet_28.png_Mean-Closing.png
Component: component_1755079435432_229.png
centerX: 0.6247480854494155
centerY: 0.6663815226689478
width: 0.03667875856509472
height: 0.031936127744510975
Area: 0.0005014442813572487
CentroidX: 0.6397
CentroidY: 0.6773
