Location: Dedata_22.png_Mean-Closing.png
Component: component_1755510404951_362.png
centerX: 0.44233870967741934
centerY: 0.6688515246508977
width: 0.02620967741935484
height: 0.04018238814477059
Area: 0.000418049439689646
CentroidX: 0.4517
CentroidY: 0.6834
