Location: Dedata_22.png_Mean-Closing.png
Component: component_1755510404881_66.png
centerX: 0.1907258064516129
centerY: 0.10458820176688516
width: 0.022983870967741935
height: 0.03305785123966942
Area: 0.0002772823798711148
CentroidX: 0.1995
CentroidY: 0.1163
