Location: Dedata_22.png_Mean-Closing.png
Component: component_1755510404890_112.png
centerX: 0.4157258064516129
centerY: 0.1974921630094044
width: 0.020967741935483872
height: 0.031062980906241093
Area: 0.0002530359720166576
CentroidX: 0.4246
CentroidY: 0.2082
