Location: Dedata_22.png_Mean-Closing.png
Component: component_1755510404903_150.png
centerX: 0.9225806451612903
centerY: 0.27956682815616984
width: 0.02379032258064516
height: 0.030493017953833
Area: 0.0002693534597670506
CentroidX: 0.9323
CentroidY: 0.2897
