Location: internet_28.png_Mean-Medain.png
Component: component_1755079435709_226.png
centerX: 0.1785570334542523
centerY: 0.630453378956373
width: 0.036275695284159616
height: 0.034787567721699456
Area: 0.0005030533164108818
CentroidX: 0.1946
CentroidY: 0.6425
