Location: internet_28.png_Mean-Closing.png
Component: component_1755079435414_181.png
centerX: 0.23941958887545345
centerY: 0.5226689478186484
width: 0.0354695687222894
height: 0.03222127174222983
Area: 0.0004559315755544821
CentroidX: 0.2540
CentroidY: 0.5338
