Location: internet_28.png_Mean-Medain.png
Component: component_1755079435703_203.png
centerX: 0.4619105199516324
centerY: 0.564585115483319
width: 0.032245062474808545
height: 0.031080695751354435
Area: 0.00046765454523095226
CentroidX: 0.4748
CentroidY: 0.5762
