Location: Dedata_22.png_Mean-Closing.png
Component: component_1755510404907_171.png
centerX: 0.010080645161290322
centerY: 0.29609575377600456
width: 0.024193548387096774
height: 0.02536335138216016
Area: 0.00024257899043013818
CentroidX: 0.0203
CentroidY: 0.3048
