Location: internet_28.png_Otsu.png
Component: component_1755079435780_174.png
centerX: 0.4550584441757356
centerY: 0.15169660678642716
width: 0.03909713825070536
height: 0.038209295694325636
Area: 0.0003676645097551773
CentroidX: 0.4724
CentroidY: 0.1647
