Location: internet_28.png_Gaussian-Closing.png
Component: component_1755079435278_70.png
centerX: 0.6936719064893189
centerY: 0.18391787852865696
width: 0.04070939137444579
height: 0.03165098374679213
Area: 0.0003472067783589842
CentroidX: 0.7107
CentroidY: 0.1946
