Location: Dedata_22.png_Mean-Medain.png
Component: component_1755510404767_220.png
centerX: 0.08346774193548387
centerY: 0.3833000854944429
width: 0.024193548387096774
height: 0.03362781419207751
Area: 0.00029911563812868295
CentroidX: 0.0920
CentroidY: 0.3948
