Location: Dedata_22.png_Mean-Medain.png
Component: component_1755510404793_317.png
centerX: 0.05
centerY: 0.5750926189797663
width: 0.027016129032258064
height: 0.033912795668281565
Area: 0.0004120740216402063
CentroidX: 0.0614
CentroidY: 0.5867
