Location: Dedata_22.png_Gaussian-Closing.png
Component: component_1755510404416_226.png
centerX: 0.9528225806451613
centerY: 0.4169278996865204
width: 0.025
height: 0.033912795668281565
Area: 0.0003399093575046654
CentroidX: 0.9624
CentroidY: 0.4288
