Location: Dedata_22.png_Mean-Closing.png
Component: component_1755510404921_229.png
centerX: 0.8419354838709677
centerY: 0.4189227700199487
width: 0.025403225806451612
height: 0.03590766600170989
Area: 0.00037185486169205454
CentroidX: 0.8523
CentroidY: 0.4315
