Location: Dedata_22.png_Mean-Medain.png
Component: component_1755510404796_331.png
centerX: 0.6205645161290323
centerY: 0.6178398404103733
width: 0.02661290322580645
height: 0.037902536335138216
Area: 0.0004255187122514456
CentroidX: 0.6311
CentroidY: 0.6313
