Location: Dedata_22.png_Mean-Closing.png
Component: component_1755510404948_350.png
centerX: 0.9649193548387097
centerY: 0.6608720433171844
width: 0.028225806451612902
height: 0.03733257338273012
Area: 0.00042115206059993197
CentroidX: 0.9755
CentroidY: 0.6738
