Location: Dedata_22.png_Gaussian-Closing.png
Component: component_1755510404370_16.png
centerX: 0.7004032258064516
centerY: 0.007694499857509262
width: 0.025
height: 0.03134796238244514
Area: 0.00031290506439662067
CentroidX: 0.7105
CentroidY: 0.0186
