Location: Dedata_22.png_Otsu.png
Component: component_1755510404097_498.png
centerX: 0.8786290322580645
centerY: 0.42091764035337703
width: 0.025403225806451612
height: 0.03220290681105728
Area: 0.0003061252631482179
CentroidX: 0.8879
CentroidY: 0.4318
