Location: Dedata_22.png_Gaussian-Closing.png
Component: component_1755510404372_26.png
centerX: 0.8108870967741936
centerY: 0.04930179538330009
width: 0.025
height: 0.029923055001424906
Area: 0.00023487989409720625
CentroidX: 0.8198
CentroidY: 0.0595
