Location: Dedata_22.png_Mean-Closing.png
Component: component_1755510404875_42.png
centerX: 0.35685483870967744
centerY: 0.05956112852664577
width: 0.022983870967741935
height: 0.029923055001424906
Area: 0.0002664806626278969
CentroidX: 0.3656
CentroidY: 0.0697
