Location: Dedata_22.png_Gaussian-Closing.png
Component: component_1755510404385_83.png
centerX: 0.5737903225806451
centerY: 0.1439156454830436
width: 0.02338709677419355
height: 0.0347677400968937
Area: 0.0002611947158918541
CentroidX: 0.5837
CentroidY: 0.1564
