Location: Dedata_22.png_Otsu.png
Component: component_1755510404137_659.png
centerX: 0.7762096774193549
centerY: 0.664861783984041
width: 0.03064516129032258
height: 0.03619264747791394
Area: 0.0003969056527454748
CentroidX: 0.7887
CentroidY: 0.6775
