Location: internet_28.png_Gaussian-Closing.png
Component: component_1755079435309_208.png
centerX: 0.9403466344216042
centerY: 0.5942400912460792
width: 0.0354695687222894
height: 0.03364699173082407
Area: 0.0005005248327551726
CentroidX: 0.9556
CentroidY: 0.6061
