Location: internet_28.png_Mean-Medain.png
Component: component_1755079435607_2.png
centerX: 0.8686013704151552
centerY: 0.0025662959794696323
width: 0.04514308746473196
height: 0.031936127744510975
Area: 0.0003969719339463527
CentroidX: 0.8899
CentroidY: 0.0126
