Location: internet_28.png_Otsu.png
Component: component_1755079435783_201.png
centerX: 0.8093510681176945
centerY: 0.174508126603935
width: 0.030632809351068116
height: 0.03421727972626176
Area: 0.0002619279205164267
CentroidX: 0.8238
CentroidY: 0.1858
