Location: Dedata_22.png_Otsu.png
Component: component_1755510404068_180.png
centerX: 0.9233870967741935
centerY: 0.2801367911085779
width: 0.02258064516129032
height: 0.02963807352522086
Area: 0.00016915029555336967
CentroidX: 0.9328
CentroidY: 0.2899
