Location: Dedata_22.png_Mean-Closing.png
Component: component_1755510404921_228.png
centerX: 0.7004032258064516
centerY: 0.41863778854374467
width: 0.025806451612903226
height: 0.037047591906526074
Area: 0.0003943775912630195
CentroidX: 0.7109
CentroidY: 0.4316
