Location: Dedata_22.png_Otsu.png
Component: component_1755510404144_689.png
centerX: 0.6092741935483871
centerY: 0.7204331718438302
width: 0.025806451612903226
height: 0.039897406668566546
Area: 0.0003962161814320779
CentroidX: 0.6187
CentroidY: 0.7351
