Location: internet_28.png_Otsu.png
Component: component_1755079435811_616.png
centerX: 0.4030632809351068
centerY: 0.5175363558597091
width: 0.037484885126964934
height: 0.03222127174222983
Area: 0.00040961435222489897
CentroidX: 0.4189
CentroidY: 0.5282
