Location: internet_28.png_Otsu.png
Component: component_1755079435782_192.png
centerX: 0.9149536477226925
centerY: 0.16737952666096378
width: 0.03869407496977025
height: 0.03222127174222983
Area: 0.0002869828949230002
CentroidX: 0.9327
CentroidY: 0.1789
