Location: Dedata_22.png_Mean-Medain.png
Component: component_1755510404664_52.png
centerX: 0.8866935483870968
centerY: 0.08862923909945854
width: 0.02258064516129032
height: 0.03334283271587347
Area: 0.0002651017200011032
CentroidX: 0.8952
CentroidY: 0.1003
