Location: Dedata_22.png_Mean-Closing.png
Component: component_1755510404955_379.png
centerX: 0.8455645161290323
centerY: 0.7138785978911371
width: 0.025806451612903226
height: 0.036477628954117984
Area: 0.00040575386793406817
CentroidX: 0.8554
CentroidY: 0.7271
