Location: Dedata_22.png_Mean-Medain.png
Component: component_1755510404815_397.png
centerX: 0.2399193548387097
centerY: 0.7227130236534626
width: 0.025403225806451612
height: 0.038472499287546306
Area: 0.00042609327167927635
CentroidX: 0.2494
CentroidY: 0.7366
