Location: Dedata_22.png_Mean-Medain.png
Component: component_1755510404799_345.png
centerX: 0.09314516129032258
centerY: 0.6232544884582503
width: 0.027822580645161292
height: 0.03761755485893417
Area: 0.0004190836466597413
CentroidX: 0.1040
CentroidY: 0.6368
