Location: Dedata_22.png_Otsu.png
Component: component_1755510404057_105.png
centerX: 0.7193548387096774
centerY: 0.1866628669136506
width: 0.02056451612903226
height: 0.034482758620689655
Area: 0.00019764844317377435
CentroidX: 0.7283
CentroidY: 0.1985
