Location: Kurtxevani_1764_page_10.png_Otsu.png
Component: component_1755610055958_1479.png
centerX: 0.4524271844660194
centerY: 0.6005612722170253
width: 0.020711974110032363
height: 0.01683816651075772
Area: 0.00016680743882465843
CentroidX: 0.4615
CentroidY: 0.6071
