Location: internet_28.png_Gaussian-Closing.png
Component: component_1755079435315_239.png
centerX: 0.17654171704957677
centerY: 0.6834901625320787
width: 0.03506650544135429
height: 0.03364699173082407
Area: 0.0004511044703935826
CentroidX: 0.1923
CentroidY: 0.6957
