Location: internet_28.png_Mean-Medain.png
Component: component_1755079435616_29.png
centerX: 0.3192261185006046
centerY: 0.06330196749358426
width: 0.032648125755743655
height: 0.032506415739948676
Area: 0.0003755947539480836
CentroidX: 0.3328
CentroidY: 0.0753
