Location: internet_28.png_Mean-Closing.png
Component: component_1755079435410_161.png
centerX: 0.35832325675130994
centerY: 0.4673510122611919
width: 0.032648125755743655
height: 0.033932135728542916
Area: 0.0004182341828693623
CentroidX: 0.3718
CentroidY: 0.4783
