Location: Dedata_22.png_Mean-Closing.png
Component: component_1755510404943_324.png
centerX: 0.8302419354838709
centerY: 0.5793673411228271
width: 0.02661290322580645
height: 0.03419777714448561
Area: 0.00040242142325264986
CentroidX: 0.8412
CentroidY: 0.5911
