Location: internet_28.png_Mean-Closing.png
Component: component_1755079435411_169.png
centerX: 0.8750503829101169
centerY: 0.4895922440832621
width: 0.035872632003224506
height: 0.03307670373538637
Area: 0.0005191436669472134
CentroidX: 0.8892
CentroidY: 0.5019
