Location: Dedata_22.png_Mean-Medain.png
Component: component_1755510404789_295.png
centerX: 0.49516129032258066
centerY: 0.5223710458820177
width: 0.02620967741935484
height: 0.03818751781134226
Area: 0.00043643534138022963
CentroidX: 0.5052
CentroidY: 0.5361
