Location: Dedata_22.png_Mean-Medain.png
Component: component_1755510404729_156.png
centerX: 0.8866935483870968
centerY: 0.2801367911085779
width: 0.024193548387096774
height: 0.030493017953833
Area: 0.0002282150047343697
CentroidX: 0.8971
CentroidY: 0.2896
