Location: Dedata_22.png_Gaussian-Closing.png
Component: component_1755510404414_219.png
centerX: 0.2810483870967742
centerY: 0.3835850669706469
width: 0.02217741935483871
height: 0.033912795668281565
Area: 0.00027509905404535804
CentroidX: 0.2911
CentroidY: 0.3961
