Location: internet_28.png_Mean-Medain.png
Component: component_1755079435714_253.png
centerX: 0.6892382103990327
centerY: 0.7125748502994012
width: 0.0354695687222894
height: 0.03364699173082407
Area: 0.0005094894566254145
CentroidX: 0.7037
CentroidY: 0.7252
