Location: internet_28.png_Mean-Medain.png
Component: component_1755079435684_136.png
centerX: 0.06690850463522773
centerY: 0.37325349301397204
width: 0.03909713825070536
height: 0.03022526375819789
Area: 0.0004360484995345866
CentroidX: 0.0857
CentroidY: 0.3831
