Location: internet_28.png_Mean-Medain.png
Component: component_1755079435703_204.png
centerX: 0.40024183796856105
centerY: 0.5662959794696322
width: 0.037081821846029824
height: 0.033361847733105215
Area: 0.0005021338678088057
CentroidX: 0.4165
CentroidY: 0.5777
