Location: Dedata_22.png_Mean-Medain.png
Component: component_1755510404731_160.png
centerX: 0.6673387096774194
centerY: 0.28583642063265885
width: 0.020967741935483872
height: 0.033912795668281565
Area: 0.0002572877117826051
CentroidX: 0.6761
CentroidY: 0.2975
