Location: Dedata_22.png_Mean-Closing.png
Component: component_1755510404883_77.png
centerX: 0.7213709677419354
centerY: 0.13878597891137076
width: 0.022983870967741935
height: 0.03163294385864919
Area: 0.0002398211051765506
CentroidX: 0.7307
CentroidY: 0.1491
