Location: internet_28.png_Otsu.png
Component: component_1755079435796_552.png
centerX: 0.7428456267634018
centerY: 0.3438836612489307
width: 0.037081821846029824
height: 0.03507271171941831
Area: 0.00045443747157610843
CentroidX: 0.7569
CentroidY: 0.3560
