Location: internet_28.png_Otsu.png
Component: component_1755079435807_599.png
centerX: 0.24546553808948005
centerY: 0.4704875962360992
width: 0.035872632003224506
height: 0.033361847733105215
Area: 0.0004430592951254168
CentroidX: 0.2603
CentroidY: 0.4817
