Location: Dedata_22.png_Otsu.png
Component: component_1755510404131_634.png
centerX: 0.7346774193548387
centerY: 0.6212596181248219
width: 0.028225806451612902
height: 0.03277286976346538
Area: 0.00036162770387666735
CentroidX: 0.7453
CentroidY: 0.6324
