Location: internet_28.png_Otsu.png
Component: component_1755079435790_329.png
centerX: 0.4079000403063281
centerY: 0.24978614200171087
width: 0.035872632003224506
height: 0.03992015968063872
Area: 0.00025939943686071747
CentroidX: 0.4235
CentroidY: 0.2631
