Location: internet_28.png_Gaussian-Closing.png
Component: component_1755079435270_33.png
centerX: 0.9024586860137042
centerY: 0.0801254633589963
width: 0.04554615074566707
height: 0.03165098374679213
Area: 0.0004028334187845878
CentroidX: 0.9244
CentroidY: 0.0903
