Location: Dedata_22.png_Gaussian-Closing.png
Component: component_1755510404407_184.png
centerX: 0.45
centerY: 0.3331433456825306
width: 0.021370967741935483
height: 0.03419777714448561
Area: 0.0002824534147215915
CentroidX: 0.4587
CentroidY: 0.3457
