Location: Dedata_22.png_Gaussian-Closing.png
Component: component_1755510404439_339.png
centerX: 0.25806451612903225
centerY: 0.622399544029638
width: 0.025806451612903226
height: 0.037047591906526074
Area: 0.0004085117531876557
CentroidX: 0.2675
CentroidY: 0.6362
