Location: Dedata_22.png_Gaussian-Closing.png
Component: component_1755510404393_117.png
centerX: 0.375
centerY: 0.19863208891422057
width: 0.02217741935483871
height: 0.031062980906241093
Area: 0.00023510971786833856
CentroidX: 0.3841
CentroidY: 0.2091
