Location: Dedata_22.png_Mean-Medain.png
Component: component_1755510404688_87.png
centerX: 0.33830645161290324
centerY: 0.14933029353092048
width: 0.020967741935483872
height: 0.03277286976346538
Area: 0.00028141920775149617
CentroidX: 0.3463
CentroidY: 0.1608
