Location: Dedata_22.png_Otsu.png
Component: component_1755510404071_192.png
centerX: 0.5790322580645161
centerY: 0.2884012539184953
width: 0.02661290322580645
height: 0.03362781419207751
Area: 0.00019040899438310704
CentroidX: 0.5896
CentroidY: 0.2985
