Location: Dedata_22.png_Gaussian-Closing.png
Component: component_1755510404446_374.png
centerX: 0.2536290322580645
centerY: 0.6736962097463665
width: 0.02661290322580645
height: 0.037047591906526074
Area: 0.000398629331028967
CentroidX: 0.2633
CentroidY: 0.6872
