Location: internet_28.png_Gaussian-Closing.png
Component: component_1755079435275_58.png
centerX: 0.3905683192261185
centerY: 0.15540347875677216
width: 0.04232164449818621
height: 0.03450242372398061
Area: 0.00039938548652680245
CentroidX: 0.4111
CentroidY: 0.1668
