Location: internet_28.png_Otsu.png
Component: component_1755079435797_556.png
centerX: 0.5090689238210399
centerY: 0.35300826917593386
width: 0.03667875856509472
height: 0.03421727972626176
Area: 0.00043432453340569395
CentroidX: 0.5244
CentroidY: 0.3643
