Location: Dedata_22.png_Gaussian-Closing.png
Component: component_1755510404390_102.png
centerX: 0.8629032258064516
centerY: 0.18010829296095754
width: 0.02056451612903226
height: 0.031917925334853235
Area: 0.00023143253753022183
CentroidX: 0.8719
CentroidY: 0.1914
