Location: Dedata_22.png_Gaussian-Closing.png
Component: component_1755510404428_287.png
centerX: 0.6911290322580645
centerY: 0.5209461385009975
width: 0.02620967741935484
height: 0.04018238814477059
Area: 0.00041322314049586776
CentroidX: 0.7013
CentroidY: 0.5352
