Location: Dedata_22.png_Gaussian-Closing.png
Component: component_1755510404373_32.png
centerX: 0.48588709677419356
centerY: 0.05272157309774864
width: 0.022983870967741935
height: 0.03818751781134226
Area: 0.0002946340745916032
CentroidX: 0.4944
CentroidY: 0.0665
