Location: internet_28.png_Otsu.png
Component: component_1755079435769_6.png
centerX: 0.6666666666666666
centerY: 0.00427715996578272
width: 0.04353083434099154
height: 0.03165098374679213
Area: 0.00029755655384687524
CentroidX: 0.6874
CentroidY: 0.0127
