Location: Dedata_22.png_Gaussian-Closing.png
Component: component_1755510404444_364.png
centerX: 0.44233870967741934
centerY: 0.6688515246508977
width: 0.02620967741935484
height: 0.040467369620974636
Area: 0.000408741576958788
CentroidX: 0.4516
CentroidY: 0.6839
