Location: Dedata_22.png_Gaussian-Closing.png
Component: component_1755510404447_376.png
centerX: 0.007661290322580645
centerY: 0.6782559133656312
width: 0.027419354838709678
height: 0.034482758620689655
Area: 0.00040598369170520045
CentroidX: 0.0197
CentroidY: 0.6909
