Location: internet_28.png_Gaussian-Closing.png
Component: component_1755079435296_152.png
centerX: 0.0177347843611447
centerY: 0.4274308525805532
width: 0.03305118903667876
height: 0.034787567721699456
Area: 0.0004390367074913339
CentroidX: 0.0322
CentroidY: 0.4402
