Location: Dedata_22.png_Mean-Medain.png
Component: component_1755510404662_43.png
centerX: 0.06935483870967742
centerY: 0.05956112852664577
width: 0.02661290322580645
height: 0.031917925334853235
Area: 0.0003050910561781226
CentroidX: 0.0793
CentroidY: 0.0704
