Location: internet_28.png_Otsu.png
Component: component_1755079435810_612.png
centerX: 0.5787988714228134
centerY: 0.5058454519532364
width: 0.03345425231761386
height: 0.030795551753635585
Area: 0.00040237369448354975
CentroidX: 0.5930
CentroidY: 0.5161
