Location: internet_28.png_Mean-Medain.png
Component: component_1755079435657_90.png
centerX: 0.7601773478436115
centerY: 0.22469347020245223
width: 0.03385731559854897
height: 0.036213287710293696
Area: 0.00034513801900431303
CentroidX: 0.7749
CentroidY: 0.2373
