Location: Dedata_22.png_Mean-Medain.png
Component: component_1755510404789_294.png
centerX: 0.4165322580645161
centerY: 0.5223710458820177
width: 0.028629032258064516
height: 0.04103733257338273
Area: 0.0004563150975831732
CentroidX: 0.4268
CentroidY: 0.5367
