Location: Dedata_22.png_Otsu.png
Component: component_1755510404141_676.png
centerX: 0.08911290322580645
centerY: 0.6754060986035908
width: 0.024596774193548387
height: 0.03875748076375036
Area: 0.0003662241792993133
CentroidX: 0.0989
CentroidY: 0.6887
