Location: Dedata_22.png_Gaussian-Closing.png
Component: component_1755510404426_278.png
centerX: 0.2963709677419355
centerY: 0.5175263607865489
width: 0.02620967741935484
height: 0.04075235109717868
Area: 0.00043287307292767905
CentroidX: 0.3056
CentroidY: 0.5332
