Location: internet_28.png_Otsu.png
Component: component_1755079435770_12.png
centerX: 0.5413139862958485
centerY: 0.007413743940690049
width: 0.037484885126964934
height: 0.031080695751354435
Area: 0.00028261551406313874
CentroidX: 0.5582
CentroidY: 0.0178
