Location: internet_28.png_Mean-Medain.png
Component: component_1755079435708_221.png
centerX: 0.39862958484482064
centerY: 0.6193327630453379
width: 0.037081821846029824
height: 0.03421727972626176
Area: 0.0005069609729697052
CentroidX: 0.4151
CentroidY: 0.6320
