Location: Dedata_22.png_Mean-Closing.png
Component: component_1755510404939_305.png
centerX: 0.20846774193548387
centerY: 0.5716728412653177
width: 0.02379032258064516
height: 0.03676261043032203
Area: 0.0003988591548000993
CentroidX: 0.2182
CentroidY: 0.5846
