Location: internet_28.png_Mean-Closing.png
Component: component_1755079435385_47.png
centerX: 0.8593309149536478
centerY: 0.1234673510122612
width: 0.045949214026602174
height: 0.03735386370116909
Area: 0.00040007507297835953
CentroidX: 0.8823
CentroidY: 0.1357
