Location: internet_28.png_Gaussian-Closing.png
Component: component_1755079435310_215.png
centerX: 0.5106811769447803
centerY: 0.6150556030795552
width: 0.04070939137444579
height: 0.03592814371257485
Area: 0.0005052370068408125
CentroidX: 0.5293
CentroidY: 0.6278
