Location: Dedata_22.png_Gaussian-Closing.png
Component: component_1755510404439_335.png
centerX: 0.21693548387096775
centerY: 0.622114562553434
width: 0.02661290322580645
height: 0.0347677400968937
Area: 0.0003890916445269767
CentroidX: 0.2267
CentroidY: 0.6348
