Location: Dedata_22.png_Gaussian-Closing.png
Component: component_1755510404404_171.png
centerX: 0.22822580645161292
centerY: 0.2946708463949843
width: 0.022983870967741935
height: 0.03163294385864919
Area: 0.0002559087691558113
CentroidX: 0.2373
CentroidY: 0.3054
