Location: Dedata_22.png_Mean-Medain.png
Component: component_1755510404740_183.png
centerX: 0.7266129032258064
centerY: 0.3305785123966942
width: 0.02338709677419355
height: 0.03419777714448561
Area: 0.00026820434091138915
CentroidX: 0.7353
CentroidY: 0.3430
