Location: internet_28.png_Gaussian-Closing.png
Component: component_1755079435299_167.png
centerX: 0.18903667875856509
centerY: 0.47105788423153694
width: 0.03869407496977025
height: 0.033932135728542916
Area: 0.0004659305791020596
CentroidX: 0.2049
CentroidY: 0.4822
