Location: Dedata_22.png_Otsu.png
Component: component_1755510404136_656.png
centerX: 0.7435483870967742
centerY: 0.6640068395554289
width: 0.025806451612903226
height: 0.036477628954117984
Area: 0.0003664540030704456
CentroidX: 0.7528
CentroidY: 0.6769
