Location: Dedata_22.png_Otsu.png
Component: component_1755510404042_35.png
centerX: 0.5282258064516129
centerY: 0.05471644343117697
width: 0.025
height: 0.033912795668281565
Area: 0.00021787293503341637
CentroidX: 0.5381
CentroidY: 0.0663
