Location: Dedata_22.png_Mean-Closing.png
Component: component_1755510404879_55.png
centerX: 0.6463709677419355
centerY: 0.0926189797663152
width: 0.025
height: 0.03277286976346538
Area: 0.0002667104863990292
CentroidX: 0.6565
CentroidY: 0.1039
