Location: Dedata_22.png_Mean-Closing.png
Component: component_1755510404922_231.png
centerX: 0.5165322580645161
centerY: 0.4197777144485608
width: 0.024596774193548387
height: 0.03562268452550584
Area: 0.00037771536785592805
CentroidX: 0.5271
CentroidY: 0.4328
