Location: Dedata_22.png_Mean-Closing.png
Component: component_1755510404907_172.png
centerX: 0.18185483870967742
centerY: 0.29609575377600456
width: 0.02338709677419355
height: 0.030493017953833
Area: 0.000268089429025823
CentroidX: 0.1914
CentroidY: 0.3062
