Location: Dedata_22.png_Mean-Medain.png
Component: component_1755510404775_247.png
centerX: 0.15443548387096775
centerY: 0.43003704759190653
width: 0.025
height: 0.032487888287261325
Area: 0.0002958981053328308
CentroidX: 0.1639
CentroidY: 0.4409
