Location: Dedata_22.png_Mean-Closing.png
Component: component_1755510404883_81.png
centerX: 0.6560483870967742
centerY: 0.14306070105443147
width: 0.02217741935483871
height: 0.031062980906241093
Area: 0.00020707121779019847
CentroidX: 0.6656
CentroidY: 0.1538
