Location: internet_28.png_Otsu.png
Component: component_1755079435822_666.png
centerX: 0.679161628375655
centerY: 0.6592529227259766
width: 0.03909713825070536
height: 0.035357855717137156
Area: 0.00048638831049825263
CentroidX: 0.6959
CentroidY: 0.6716
