Location: internet_28.png_Mean-Closing.png
Component: component_1755079435418_198.png
centerX: 0.2889963724304716
centerY: 0.5711434274308526
width: 0.039500201531640466
height: 0.03364699173082407
Area: 0.0005115582159800857
CentroidX: 0.3066
CentroidY: 0.5830
