Location: Dedata_22.png_Mean-Medain.png
Component: component_1755510404649_27.png
centerX: 0.8108870967741936
centerY: 0.04930179538330009
width: 0.025403225806451612
height: 0.029923055001424906
Area: 0.00024349828551466736
CentroidX: 0.8199
CentroidY: 0.0592
