Location: Dedata_22.png_Gaussian-Closing.png
Component: component_1755510404420_246.png
centerX: 0.31814516129032255
centerY: 0.43032202906811057
width: 0.02903225806451613
height: 0.030208036477628954
Area: 0.00024522196379815956
CentroidX: 0.3289
CentroidY: 0.4416
