Location: Dedata_22.png_Gaussian-Closing.png
Component: component_1755510404425_272.png
centerX: 0.5362903225806451
centerY: 0.47677400968937017
width: 0.025806451612903226
height: 0.036477628954117984
Area: 0.00037024609529412846
CentroidX: 0.5465
CentroidY: 0.4899
