Location: internet_28.png_Gaussian-Closing.png
Component: component_1755079435306_194.png
centerX: 0.6815800080612656
centerY: 0.5486170516110636
width: 0.03385731559854897
height: 0.033932135728542916
Area: 0.00044869091781313286
CentroidX: 0.6957
CentroidY: 0.5610
