Location: Dedata_22.png_Otsu.png
Component: component_1755510404129_628.png
centerX: 0.8306451612903226
centerY: 0.5796523225990311
width: 0.02620967741935484
height: 0.033912795668281565
Area: 0.0003662241792993133
CentroidX: 0.8412
CentroidY: 0.5912
