Location: Dedata_22.png_Mean-Closing.png
Component: component_1755510404868_2.png
centerX: 0.12379032258064517
centerY: 0.005699629524080934
width: 0.024596774193548387
height: 0.0347677400968937
Area: 0.00035841017108081524
CentroidX: 0.1336
CentroidY: 0.0177
