Location: internet_28.png_Mean-Closing.png
Component: component_1755079435373_8.png
centerX: 0.46392583635630796
centerY: 0.007698887938408896
width: 0.04554615074566707
height: 0.03222127174222983
Area: 0.00039651220964531463
CentroidX: 0.4856
CentroidY: 0.0179
