Location: internet_28.png_Otsu.png
Component: component_1755079435784_217.png
centerX: 0.5211608222490931
centerY: 0.19190191046478472
width: 0.041515517936316
height: 0.033361847733105215
Area: 0.00026388174879583837
CentroidX: 0.5403
CentroidY: 0.2039
