Location: Dedata_22.png_Otsu.png
Component: component_1755510404098_502.png
centerX: 0.0064516129032258064
centerY: 0.4286121402108863
width: 0.022983870967741935
height: 0.031062980906241093
Area: 0.00016616258652864984
CentroidX: 0.0181
CentroidY: 0.4380
