Location: Dedata_22.png_Gaussian-Closing.png
Component: component_1755510404440_344.png
centerX: 0.38064516129032255
centerY: 0.6232544884582503
width: 0.024596774193548387
height: 0.0353377030493018
Area: 0.00038828726132801366
CentroidX: 0.3902
CentroidY: 0.6368
