Location: Dedata_22.png_Mean-Medain.png
Component: component_1755510404740_182.png
centerX: 0.7951612903225806
centerY: 0.3285836420632659
width: 0.025403225806451612
height: 0.031062980906241093
Area: 0.00025705788801147283
CentroidX: 0.8055
CentroidY: 0.3390
