Location: Dedata_22.png_Mean-Medain.png
Component: component_1755510404760_212.png
centerX: 0.6879032258064516
centerY: 0.377885437446566
width: 0.024596774193548387
height: 0.031062980906241093
Area: 0.00025430000275788523
CentroidX: 0.6975
CentroidY: 0.3882
