Location: Dedata_22.png_Otsu.png
Component: component_1755510404137_660.png
centerX: 0.85
centerY: 0.6651467654602451
width: 0.02943548387096774
height: 0.03590766600170989
Area: 0.000366798738727144
CentroidX: 0.8617
CentroidY: 0.6774
