Location: Dedata_22.png_Gaussian-Closing.png
Component: component_1755510404402_160.png
centerX: 0.7370967741935484
centerY: 0.28754630948988313
width: 0.02338709677419355
height: 0.031062980906241093
Area: 0.00023005359490342806
CentroidX: 0.7473
CentroidY: 0.2979
