Location: Dedata_22.png_Mean-Medain.png
Component: component_1755510404785_278.png
centerX: 0.4991935483870968
centerY: 0.47705899116557426
width: 0.024596774193548387
height: 0.036477628954117984
Area: 0.00039184952978056425
CentroidX: 0.5091
CentroidY: 0.4908
