Location: internet_28.png_Gaussian-Closing.png
Component: component_1755079435299_165.png
centerX: 0.30028214429665456
centerY: 0.46820644425434843
width: 0.03829101168883515
height: 0.03450242372398061
Area: 0.0004923647264117473
CentroidX: 0.3156
CentroidY: 0.4807
