Location: Dedata_22.png_Gaussian-Closing.png
Component: component_1755510404385_82.png
centerX: 0.6560483870967742
centerY: 0.1433456825306355
width: 0.021774193548387097
height: 0.030777999430037048
Area: 0.00019833791448717125
CentroidX: 0.6655
CentroidY: 0.1542
