Location: internet_28.png_Mean-Medain.png
Component: component_1755079435706_215.png
centerX: 0.7839580814187828
centerY: 0.5990875392072997
width: 0.037484885126964934
height: 0.033361847733105215
Area: 0.0004917900710354496
CentroidX: 0.8008
CentroidY: 0.6105
