Location: Dedata_22.png_Mean-Closing.png
Component: component_1755510404914_198.png
centerX: 0.9032258064516129
centerY: 0.37275577087489314
width: 0.024596774193548387
height: 0.03305785123966942
Area: 0.0002798104413535701
CentroidX: 0.9125
CentroidY: 0.3840
