Location: Dedata_22.png_Otsu.png
Component: component_1755510404069_184.png
centerX: 0.7794354838709677
centerY: 0.28498147620404674
width: 0.025806451612903226
height: 0.030208036477628954
Area: 0.0001571994594544903
CentroidX: 0.7902
CentroidY: 0.2933
