Location: Dedata_22.png_Mean-Medain.png
Component: component_1755510404808_383.png
centerX: 0.9189516129032258
centerY: 0.713308634938729
width: 0.025
height: 0.0353377030493018
Area: 0.00040598369170520045
CentroidX: 0.9289
CentroidY: 0.7261
