Location: internet_28.png_Otsu.png
Component: component_1755079435814_631.png
centerX: 0.5719467956469165
centerY: 0.5597376675220986
width: 0.03184199919387344
height: 0.03279155973766752
Area: 0.000429842221470573
CentroidX: 0.5843
CentroidY: 0.5720
