Location: internet_28.png_Mean-Medain.png
Component: component_1755079435613_22.png
centerX: 0.7452640064490125
centerY: 0.04590818363273453
width: 0.03829101168883515
height: 0.03022526375819789
Area: 0.0004111084562032726
CentroidX: 0.7617
CentroidY: 0.0559
