Location: internet_28.png_Mean-Closing.png
Component: component_1755079435414_182.png
centerX: 0.18178153970173316
centerY: 0.525235243798118
width: 0.03345425231761386
height: 0.03364699173082407
Area: 0.00047156220178977567
CentroidX: 0.1956
CentroidY: 0.5369
