Location: internet_28.png_Mean-Closing.png
Component: component_1755079435384_45.png
centerX: 0.015719467956469165
centerY: 0.11833475905332193
width: 0.04030632809351068
height: 0.03136583974907328
Area: 0.00041329214663320335
CentroidX: 0.0357
CentroidY: 0.1289
