Location: Dedata_22.png_Mean-Medain.png
Component: component_1755510404721_135.png
centerX: 0.6407258064516129
centerY: 0.2396694214876033
width: 0.02217741935483871
height: 0.03334283271587347
Area: 0.00025407017898675295
CentroidX: 0.6509
CentroidY: 0.2517
