Location: internet_28.png_Mean-Medain.png
Component: component_1755079435707_219.png
centerX: 0.5671100362756953
centerY: 0.6104932991160537
width: 0.03869407496977025
height: 0.036213287710293696
Area: 0.0004967321072716086
CentroidX: 0.5846
CentroidY: 0.6230
