Location: internet_28.png_Otsu.png
Component: component_1755079435775_85.png
centerX: 0.2011285771866183
centerY: 0.0658682634730539
width: 0.032648125755743655
height: 0.032506415739948676
Area: 0.00024928550223788043
CentroidX: 0.2136
CentroidY: 0.0775
