Location: internet_28.png_Mean-Closing.png
Component: component_1755079435392_83.png
centerX: 0.8125755743651754
centerY: 0.2209865982321072
width: 0.032648125755743655
height: 0.03421727972626176
Area: 0.0003160604569636566
CentroidX: 0.8260
CentroidY: 0.2334
