Location: Dedata_22.png_Otsu.png
Component: component_1755510404074_228.png
centerX: 0.9411290322580645
centerY: 0.32060416072955256
width: 0.02661290322580645
height: 0.03619264747791394
Area: 0.0001750108017172432
CentroidX: 0.9516
CentroidY: 0.3339
