Location: Dedata_22.png_Mean-Medain.png
Component: component_1755510404735_175.png
centerX: 0.052016129032258066
centerY: 0.2955257908235965
width: 0.024193548387096774
height: 0.029923055001424906
Area: 0.0002623438347475156
CentroidX: 0.0632
CentroidY: 0.3058
