Location: Dedata_22.png_Gaussian-Closing.png
Component: component_1755510404413_212.png
centerX: 0.43870967741935485
centerY: 0.3798803077799943
width: 0.02338709677419355
height: 0.03334283271587347
Area: 0.0002752139659309242
CentroidX: 0.4478
CentroidY: 0.3917
