Location: Dedata_22.png_Otsu.png
Component: component_1755510404067_157.png
centerX: 0.049193548387096775
centerY: 0.24793388429752067
width: 0.021370967741935483
height: 0.02963807352522086
Area: 0.00015030474632052142
CentroidX: 0.0591
CentroidY: 0.2576
