Location: internet_28.png_Mean-Closing.png
Component: component_1755079435381_39.png
centerX: 0.437726723095526
centerY: 0.10493299116053607
width: 0.039500201531640466
height: 0.03706871970345024
Area: 0.0004205328043745526
CentroidX: 0.4552
CentroidY: 0.1169
