Location: internet_28.png_Mean-Closing.png
Component: component_1755079435419_202.png
centerX: 0.016122531237404272
centerY: 0.5831194753350442
width: 0.03990326481257558
height: 0.03421727972626176
Area: 0.0004958126586695326
CentroidX: 0.0345
CentroidY: 0.5949
