Location: internet_28.png_Mean-Closing.png
Component: component_1755079435413_178.png
centerX: 0.35106811769447804
centerY: 0.5155403478756773
width: 0.0354695687222894
height: 0.03307670373538637
Area: 0.0004560465066297416
CentroidX: 0.3658
CentroidY: 0.5273
