Location: internet_28.png_Gaussian-Closing.png
Component: component_1755079435293_136.png
centerX: 0.8440145102781137
centerY: 0.3946392928428857
width: 0.0354695687222894
height: 0.032506415739948676
Area: 0.0004252449784601925
CentroidX: 0.8582
CentroidY: 0.4058
