Location: internet_28.png_Gaussian-Closing.png
Component: component_1755079435298_161.png
centerX: 0.5219669488109633
centerY: 0.4590818363273453
width: 0.036275695284159616
height: 0.03364699173082407
Area: 0.00045397774727507043
CentroidX: 0.5378
CentroidY: 0.4704
