Location: internet_28.png_Gaussian-Closing.png
Component: component_1755079435267_19.png
centerX: 0.7452640064490125
centerY: 0.04590818363273453
width: 0.03829101168883515
height: 0.03022526375819789
Area: 0.00039651220964531463
CentroidX: 0.7617
CentroidY: 0.0560
