Location: internet_28.png_Gaussian-Closing.png
Component: component_1755079435292_133.png
centerX: 0.015316404675534058
centerY: 0.3741089250071286
width: 0.03385731559854897
height: 0.03450242372398061
Area: 0.0004275435999653828
CentroidX: 0.0309
CentroidY: 0.3857
