Location: Dedata_22.png_Mean-Closing.png
Component: component_1755510404957_388.png
centerX: 0.31088709677419357
centerY: 0.7224280421772585
width: 0.027016129032258064
height: 0.03761755485893417
Area: 0.00039851441914340085
CentroidX: 0.3210
CentroidY: 0.7361
