Location: Samociqulo_1709_page_10.png_Gaussian-Median.png
Component: component_1755610056098_591.png
centerX: 0.1597051597051597
centerY: 0.0896875
width: 0.025552825552825554
height: 0.01375
Area: 0.00015463759213759214
CentroidX: 0.1708
CentroidY: 0.0951
