Location: Dedata_22.png_Gaussian-Closing.png
Component: component_1755510404375_39.png
centerX: 0.11491935483870967
centerY: 0.05842120262182958
width: 0.02258064516129032
height: 0.032487888287261325
Area: 0.00027176660936393973
CentroidX: 0.1238
CentroidY: 0.0704
