Location: Dedata_22.png_Otsu.png
Component: component_1755510404111_558.png
centerX: 0.8830645161290323
centerY: 0.47306925049871756
width: 0.025
height: 0.036477628954117984
Area: 0.0003632364702745934
CentroidX: 0.8927
CentroidY: 0.4859
