Location: internet_28.png_Gaussian-Closing.png
Component: component_1755079435279_74.png
centerX: 0.4615074566706973
centerY: 0.20045623039635016
width: 0.037081821846029824
height: 0.03165098374679213
Area: 0.000339966120617635
CentroidX: 0.4796
CentroidY: 0.2112
