Location: internet_28.png_Otsu.png
Component: component_1755079435803_583.png
centerX: 0.07053607416364369
centerY: 0.4268605645851155
width: 0.03667875856509472
height: 0.03307670373538637
Area: 0.00043846205211503633
CentroidX: 0.0861
CentroidY: 0.4377
