Location: Dedata_22.png_Mean-Closing.png
Component: component_1755510404885_94.png
centerX: 0.1342741935483871
centerY: 0.15332003419777715
width: 0.02379032258064516
height: 0.03305785123966942
Area: 0.00028601568317414207
CentroidX: 0.1434
CentroidY: 0.1646
