Location: internet_28.png_Mean-Closing.png
Component: component_1755079435381_38.png
centerX: 0.5014107214832729
centerY: 0.09837467921300257
width: 0.045949214026602174
height: 0.03364699173082407
Area: 0.00045363295404929186
CentroidX: 0.5238
CentroidY: 0.1092
