Location: internet_28.png_Otsu.png
Component: component_1755079435783_204.png
centerX: 0.7541313986295849
centerY: 0.17792985457656116
width: 0.04030632809351068
height: 0.035357855717137156
Area: 0.00032019797567299903
CentroidX: 0.7729
CentroidY: 0.1895
