Location: internet_28.png_Otsu.png
Component: component_1755079435789_313.png
centerX: 0.52801289802499
centerY: 0.24436840604505275
width: 0.03667875856509472
height: 0.03222127174222983
Area: 0.0002219319063261167
CentroidX: 0.5423
CentroidY: 0.2551
