Location: Dedata_22.png_Mean-Medain.png
Component: component_1755510404805_373.png
centerX: 0.21653225806451612
centerY: 0.6719863208891422
width: 0.025806451612903226
height: 0.039042462239954404
Area: 0.00041322314049586776
CentroidX: 0.2259
CentroidY: 0.6856
