Location: internet_28.png_Mean-Medain.png
Component: component_1755079435675_111.png
centerX: 0.5191455058444175
centerY: 0.2999714856002281
width: 0.03305118903667876
height: 0.03649843170801255
Area: 0.00035008005524047204
CentroidX: 0.5332
CentroidY: 0.3125
