Location: Dedata_22.png_Mean-Closing.png
Component: component_1755510404909_179.png
centerX: 0.41008064516129034
centerY: 0.33200341977771447
width: 0.021370967741935483
height: 0.0347677400968937
Area: 0.0002886586565421635
CentroidX: 0.4177
CentroidY: 0.3449
