Location: internet_28.png_Mean-Closing.png
Component: component_1755079435449_244.png
centerX: 0.7484885126964933
centerY: 0.7117194183062446
width: 0.03667875856509472
height: 0.03165098374679213
Area: 0.00047259658146711126
CentroidX: 0.7644
CentroidY: 0.7235
