Location: Dedata_22.png_Gaussian-Closing.png
Component: component_1755510404423_262.png
centerX: 0.728225806451613
centerY: 0.4744941578797378
width: 0.027419354838709678
height: 0.03761755485893417
Area: 0.00039058549903933664
CentroidX: 0.7379
CentroidY: 0.4879
