Location: internet_28.png_Mean-Closing.png
Component: component_1755079435408_154.png
centerX: 0.7259169689641274
centerY: 0.4473909324208725
width: 0.03667875856509472
height: 0.036783575705731396
Area: 0.0005105238363027501
CentroidX: 0.7413
CentroidY: 0.4598
