Location: Dedata_22.png_Mean-Closing.png
Component: component_1755510404953_368.png
centerX: 0.21653225806451612
centerY: 0.6722713023653463
width: 0.025806451612903226
height: 0.03875748076375036
Area: 0.00041356787615256624
CentroidX: 0.2259
CentroidY: 0.6857
