Location: internet_28.png_Otsu.png
Component: component_1755079435825_682.png
centerX: 0.9665457476823861
centerY: 0.7063016823495866
width: 0.02902055622732769
height: 0.031080695751354435
Area: 0.0004391516385665934
CentroidX: 0.9774
CentroidY: 0.7186
