Location: internet_28.png_Gaussian-Closing.png
Component: component_1755079435264_2.png
centerX: 0.7428456267634018
centerY: 0.0037068719703450244
width: 0.036275695284159616
height: 0.029940119760479042
Area: 0.0002899711028797475
CentroidX: 0.7613
CentroidY: 0.0128
