Location: Dedata_22.png_Mean-Medain.png
Component: component_1755510404758_207.png
centerX: 0.7967741935483871
centerY: 0.3767455115417498
width: 0.024596774193548387
height: 0.03362781419207751
Area: 0.0002634929536031771
CentroidX: 0.8066
CentroidY: 0.3878
