Location: Dedata_22.png_Mean-Closing.png
Component: component_1755510404886_96.png
centerX: 0.05443548387096774
centerY: 0.15702479338842976
width: 0.022983870967741935
height: 0.02821316614420063
Area: 0.0002663657507423308
CentroidX: 0.0653
CentroidY: 0.1668
