Location: Dedata_22.png_Gaussian-Closing.png
Component: component_1755510404403_166.png
centerX: 0.26975806451612905
centerY: 0.2921060131091479
width: 0.021774193548387097
height: 0.03220290681105728
Area: 0.0002477500252806148
CentroidX: 0.2781
CentroidY: 0.3033
