Location: Dedata_22.png_Otsu.png
Component: component_1755510404142_679.png
centerX: 0.8830645161290323
centerY: 0.7115987460815048
width: 0.022983870967741935
height: 0.03590766600170989
Area: 0.00035875490673751366
CentroidX: 0.8914
CentroidY: 0.7244
