Location: internet_28.png_Mean-Closing.png
Component: component_1755079435401_122.png
centerX: 0.566303909713825
centerY: 0.35243798118049613
width: 0.03829101168883515
height: 0.03507271171941831
Area: 0.0005086849390985978
CentroidX: 0.5812
CentroidY: 0.3651
