Location: Dedata_22.png_Mean-Closing.png
Component: component_1755510404902_149.png
centerX: 0.8491935483870968
centerY: 0.27956682815616984
width: 0.028225806451612902
height: 0.03334283271587347
Area: 0.0002500482629919378
CentroidX: 0.8612
CentroidY: 0.2908
