Location: Dedata_22.png_Gaussian-Closing.png
Component: component_1755510404395_124.png
centerX: 0.05443548387096774
centerY: 0.2043317184383015
width: 0.022983870967741935
height: 0.029353092049016812
Area: 0.00022649132645087748
CentroidX: 0.0637
CentroidY: 0.2145
