Location: internet_28.png_Gaussian-Closing.png
Component: component_1755079435267_16.png
centerX: 0.9266424828698105
centerY: 0.04134587966923296
width: 0.04433696090286175
height: 0.033361847733105215
Area: 0.0004375426035129603
CentroidX: 0.9479
CentroidY: 0.0528
