Location: Dedata_22.png_Mean-Closing.png
Component: component_1755510404924_241.png
centerX: 0.006048387096774193
centerY: 0.42832715873468225
width: 0.02379032258064516
height: 0.03163294385864919
Area: 0.0002678596052546907
CentroidX: 0.0173
CentroidY: 0.4391
