Location: internet_28.png_Gaussian-Closing.png
Component: component_1755079435274_48.png
centerX: 0.8597339782345829
centerY: 0.12375249500998003
width: 0.04514308746473196
height: 0.03706871970345024
Area: 0.00038570868857092057
CentroidX: 0.8822
CentroidY: 0.1359
