Location: Dedata_22.png_Gaussian-Closing.png
Component: component_1755510404397_138.png
centerX: 0.48870967741935484
centerY: 0.24194927329723567
width: 0.025
height: 0.03305785123966942
Area: 0.00027050257862271213
CentroidX: 0.4997
CentroidY: 0.2537
