Location: Dedata_22.png_Mean-Medain.png
Component: component_1755510404644_20.png
centerX: 0.7911290322580645
centerY: 0.008264462809917356
width: 0.028225806451612902
height: 0.03334283271587347
Area: 0.0003149734783368113
CentroidX: 0.8012
CentroidY: 0.0196
