Location: internet_28.png_Mean-Closing.png
Component: component_1755079435387_59.png
centerX: 0.20838371624345023
centerY: 0.16253207869974337
width: 0.03909713825070536
height: 0.03222127174222983
Area: 0.0003939837259896054
CentroidX: 0.2278
CentroidY: 0.1734
