Location: Dedata_22.png_Mean-Closing.png
Component: component_1755510404937_297.png
centerX: 0.6516129032258065
centerY: 0.5246508976916501
width: 0.027016129032258064
height: 0.03590766600170989
Area: 0.00038794252567131524
CentroidX: 0.6628
CentroidY: 0.5368
