Location: Dedata_22.png_Otsu.png
Component: component_1755510404118_584.png
centerX: 0.0125
centerY: 0.5212311199772015
width: 0.025806451612903226
height: 0.030493017953833
Area: 0.00034427600915617904
CentroidX: 0.0232
CentroidY: 0.5322
