Location: Dedata_22.png_Mean-Closing.png
Component: component_1755510404900_137.png
centerX: 0.37943548387096776
centerY: 0.24194927329723567
width: 0.024193548387096774
height: 0.03277286976346538
Area: 0.00025866665440939886
CentroidX: 0.3898
CentroidY: 0.2535
