Location: internet_28.png_Mean-Closing.png
Component: component_1755079435445_237.png
centerX: 0.12333736396614269
centerY: 0.6891930424864556
width: 0.0354695687222894
height: 0.03022526375819789
Area: 0.00043466932663147246
CentroidX: 0.1384
CentroidY: 0.7004
