Location: Dedata_22.png_Gaussian-Closing.png
Component: component_1755510404369_11.png
centerX: 0.5274193548387097
centerY: 0.007124536905101168
width: 0.025
height: 0.03220290681105728
Area: 0.0003086533246306732
CentroidX: 0.5373
CentroidY: 0.0180
