Location: Dedata_22.png_Gaussian-Closing.png
Component: component_1755510404436_320.png
centerX: 0.7149193548387097
centerY: 0.5762325448845825
width: 0.02620967741935484
height: 0.03619264747791394
Area: 0.00038369078590536776
CentroidX: 0.7245
CentroidY: 0.5891
