Location: internet_28.png_Otsu.png
Component: component_1755079435812_623.png
centerX: 0.939540507859734
centerY: 0.540347875677217
width: 0.03506650544135429
height: 0.033932135728542916
Area: 0.0004459325720069046
CentroidX: 0.9534
CentroidY: 0.5521
