Location: Dedata_22.png_Mean-Closing.png
Component: component_1755510404883_79.png
centerX: 0.6879032258064516
centerY: 0.14163579367341123
width: 0.025
height: 0.02963807352522086
Area: 0.0002297088592467296
CentroidX: 0.6985
CentroidY: 0.1513
