Location: Dedata_22.png_Mean-Medain.png
Component: component_1755510404665_55.png
centerX: 0.6899193548387097
centerY: 0.09033912795668282
width: 0.025806451612903226
height: 0.03334283271587347
Area: 0.0002707324023938444
CentroidX: 0.6998
CentroidY: 0.1019
