Location: internet_28.png_Mean-Medain.png
Component: component_1755079435713_246.png
centerX: 0.07053607416364369
centerY: 0.692329626461363
width: 0.037081821846029824
height: 0.0290846877673225
Area: 0.0004348991887819915
CentroidX: 0.0870
CentroidY: 0.7020
