Location: internet_28.png_Gaussian-Closing.png
Component: component_1755079435269_28.png
centerX: 0.2011285771866183
centerY: 0.06558311947533504
width: 0.03385731559854897
height: 0.03279155973766752
Area: 0.0003252549429844175
CentroidX: 0.2150
CentroidY: 0.0774
