Location: Dedata_22.png_Gaussian-Closing.png
Component: component_1755510404418_238.png
centerX: 0.6584677419354839
centerY: 0.420632658877173
width: 0.02620967741935484
height: 0.03818751781134226
Area: 0.000405638956048502
CentroidX: 0.6699
CentroidY: 0.4348
