Location: internet_28.png_Otsu.png
Component: component_1755079435821_664.png
centerX: 0.8524788391777509
centerY: 0.654690618762475
width: 0.03143893591293833
height: 0.03136583974907328
Area: 0.00043271549835206076
CentroidX: 0.8653
CentroidY: 0.6656
