Location: Dedata_22.png_Otsu.png
Component: component_1755510404133_643.png
centerX: 0.13548387096774195
centerY: 0.6232544884582503
width: 0.025806451612903226
height: 0.03818751781134226
Area: 0.0003763364252291343
CentroidX: 0.1453
CentroidY: 0.6362
