Location: Dedata_22.png_Gaussian-Closing.png
Component: component_1755510404386_86.png
centerX: 0.4939516129032258
centerY: 0.14676546024508408
width: 0.025806451612903226
height: 0.033912795668281565
Area: 0.00027935079381130547
CentroidX: 0.5045
CentroidY: 0.1582
