Location: Dedata_22.png_Gaussian-Closing.png
Component: component_1755510404389_100.png
centerX: 0.8983870967741936
centerY: 0.1775434596751211
width: 0.021774193548387097
height: 0.0353377030493018
Area: 0.0002625736585186479
CentroidX: 0.9070
CentroidY: 0.1902
