Location: internet_28.png_Otsu.png
Component: component_1755079435772_62.png
centerX: 0.8597339782345829
centerY: 0.043912175648702596
width: 0.04554615074566707
height: 0.03279155973766752
Area: 0.0004521388500709182
CentroidX: 0.8811
CentroidY: 0.0543
