Location: internet_28.png_Otsu.png
Component: component_1755079435785_242.png
centerX: 0.20435308343409916
centerY: 0.21271742229826063
width: 0.0471584038694075
height: 0.033361847733105215
Area: 0.00031778442309254927
CentroidX: 0.2272
CentroidY: 0.2224
