Location: internet_28.png_Gaussian-Closing.png
Component: component_1755079435288_115.png
centerX: 0.016928657799274487
centerY: 0.32278300541773597
width: 0.03345425231761386
height: 0.030795551753635585
Area: 0.00034134529352074916
CentroidX: 0.0314
CentroidY: 0.3340
