Location: internet_28.png_Otsu.png
Component: component_1755079435782_191.png
centerX: 0.013301088270858524
centerY: 0.16737952666096378
width: 0.036275695284159616
height: 0.03279155973766752
Area: 0.000339966120617635
CentroidX: 0.0294
CentroidY: 0.1785
