Location: Dedata_22.png_Gaussian-Closing.png
Component: component_1755510404451_395.png
centerX: 0.4012096774193548
centerY: 0.7227130236534626
width: 0.03024193548387097
height: 0.03818751781134226
Area: 0.00041873891100304285
CentroidX: 0.4123
CentroidY: 0.7364
