Location: Dedata_22.png_Mean-Medain.png
Component: component_1755510404734_170.png
centerX: 0.4637096774193548
centerY: 0.2921060131091479
width: 0.021774193548387097
height: 0.029923055001424906
Area: 0.000235454453525037
CentroidX: 0.4719
CentroidY: 0.3023
