Location: Dedata_22.png_Mean-Medain.png
Component: component_1755510404668_63.png
centerX: 0.4778225806451613
centerY: 0.10173838700484468
width: 0.021370967741935483
height: 0.031062980906241093
Area: 0.00026027542080732494
CentroidX: 0.4872
CentroidY: 0.1125
