Location: Dedata_22.png_Otsu.png
Component: component_1755510404121_596.png
centerX: 0.535483870967742
centerY: 0.5237959532630379
width: 0.027016129032258064
height: 0.03733257338273012
Area: 0.00038035834122394945
CentroidX: 0.5462
CentroidY: 0.5366
