Location: Dedata_22.png_Otsu.png
Component: component_1755510404149_694.png
centerX: 0.31129032258064515
centerY: 0.7227130236534626
width: 0.02661290322580645
height: 0.037047591906526074
Area: 0.00035450316697156623
CentroidX: 0.3211
CentroidY: 0.7359
