Location: Dedata_22.png_Mean-Closing.png
Component: component_1755510404914_200.png
centerX: 0.8669354838709677
centerY: 0.37475064120832147
width: 0.02379032258064516
height: 0.03134796238244514
Area: 0.00024522196379815956
CentroidX: 0.8765
CentroidY: 0.3846
