Location: Dedata_22.png_Mean-Closing.png
Component: component_1755510404920_224.png
centerX: 0.9524193548387097
centerY: 0.4169278996865204
width: 0.025403225806451612
height: 0.033912795668281565
Area: 0.00036082332067770436
CentroidX: 0.9625
CentroidY: 0.4285
