Location: Dedata_22.png_Mean-Medain.png
Component: component_1755510404692_90.png
centerX: 0.29838709677419356
centerY: 0.14990025648332858
width: 0.025806451612903226
height: 0.033912795668281565
Area: 0.00028210867906489307
CentroidX: 0.3087
CentroidY: 0.1618
