Location: internet_28.png_Otsu.png
Component: component_1755079435812_622.png
centerX: 0.019347037484885126
centerY: 0.5343598517251212
width: 0.03506650544135429
height: 0.032506415739948676
Area: 0.0004117980426548297
CentroidX: 0.0337
CentroidY: 0.5453
