Location: Dedata_22.png_Otsu.png
Component: component_1755510404076_240.png
centerX: 0.4104838709677419
centerY: 0.3322884012539185
width: 0.02056451612903226
height: 0.03419777714448561
Area: 0.00016087663979260703
CentroidX: 0.4185
CentroidY: 0.3440
