Location: Dedata_22.png_Gaussian-Closing.png
Component: component_1755510404374_36.png
centerX: 0.5278225806451613
centerY: 0.05443146195497293
width: 0.025806451612903226
height: 0.034482758620689655
Area: 0.0002753288778164903
CentroidX: 0.5378
CentroidY: 0.0669
