Location: Dedata_22.png_Mean-Closing.png
Component: component_1755510404898_133.png
centerX: 0.5665322580645161
centerY: 0.2402393844400114
width: 0.02338709677419355
height: 0.033912795668281565
Area: 0.00026464207245883856
CentroidX: 0.5753
CentroidY: 0.2514
