Location: Paraklitoni_1720_page_10.png_Mean-Medain.png
Component: component_1755610055285_768.png
centerX: 0.40853658536585363
centerY: 0.2832080200501253
width: 0.014481707317073171
height: 0.011528822055137845
Area: 9.169264624977077e-05
CentroidX: 0.4149
CentroidY: 0.2875
