Location: Dedata_22.png_Mean-Medain.png
Component: component_1755510404805_370.png
centerX: 0.29596774193548386
centerY: 0.6702764320319179
width: 0.025403225806451612
height: 0.037902536335138216
Area: 0.00040954596015775103
CentroidX: 0.3060
CentroidY: 0.6845
