Location: Dedata_22.png_Mean-Medain.png
Component: component_1755510404734_169.png
centerX: 0.2693548387096774
centerY: 0.2918210316329439
width: 0.02217741935483871
height: 0.032487888287261325
Area: 0.00025452982652901757
CentroidX: 0.2781
CentroidY: 0.3030
