Location: internet_28.png_Mean-Closing.png
Component: component_1755079435453_250.png
centerX: 0.3966142684401451
centerY: 0.7293983461648132
width: 0.03385731559854897
height: 0.036783575705731396
Area: 0.0005230513235060368
CentroidX: 0.4112
CentroidY: 0.7431
