Location: internet_28.png_Otsu.png
Component: component_1755079435793_444.png
centerX: 0.5800080612656187
centerY: 0.30082691759338465
width: 0.032648125755743655
height: 0.029654975762760195
Area: 0.00014067563611764206
CentroidX: 0.5957
CentroidY: 0.3079
