Location: Dedata_22.png_Mean-Closing.png
Component: component_1755510404870_13.png
centerX: 0.2939516129032258
centerY: 0.007694499857509262
width: 0.025806451612903226
height: 0.03619264747791394
Area: 0.0003696715358662977
CentroidX: 0.3035
CentroidY: 0.0203
