Location: Dedata_22.png_Mean-Medain.png
Component: component_1755510404650_28.png
centerX: 0.853225806451613
centerY: 0.04987175833570818
width: 0.022983870967741935
height: 0.028498147620404674
Area: 0.00022315888176945917
CentroidX: 0.8628
CentroidY: 0.0595
