Location: internet_28.png_Otsu.png
Component: component_1755079435815_637.png
centerX: 0.23458282950423218
centerY: 0.5759908753920729
width: 0.035872632003224506
height: 0.03279155973766752
Area: 0.00043995615609341
CentroidX: 0.2489
CentroidY: 0.5873
