Location: Dedata_22.png_Mean-Closing.png
Component: component_1755510404894_128.png
centerX: 0.7657258064516129
centerY: 0.23852949558278713
width: 0.025403225806451612
height: 0.032487888287261325
Area: 0.0002608499802351557
CentroidX: 0.7768
CentroidY: 0.2493
