Location: Dedata_22.png_Otsu.png
Component: component_1755510404045_49.png
centerX: 0.9294354838709677
centerY: 0.08834425762325449
width: 0.02056451612903226
height: 0.033912795668281565
Area: 0.00021235716452624128
CentroidX: 0.9359
CentroidY: 0.1005
