Location: internet_28.png_Mean-Medain.png
Component: component_1755079435710_230.png
centerX: 0.9484079000403063
centerY: 0.6478471628172227
width: 0.03345425231761386
height: 0.03421727972626176
Area: 0.0005043175582387365
CentroidX: 0.9608
CentroidY: 0.6611
