Location: internet_28.png_Otsu.png
Component: component_1755079435770_17.png
centerX: 0.39983877468762596
centerY: 0.009409751924721984
width: 0.04353083434099154
height: 0.03051040775591674
Area: 0.00030353296976036985
CentroidX: 0.4202
CentroidY: 0.0181
