Location: Dedata_22.png_Mean-Medain.png
Component: component_1755510404670_67.png
centerX: 0.31370967741935485
centerY: 0.10401823881447705
width: 0.02217741935483871
height: 0.03277286976346538
Area: 0.0002601605089217588
CentroidX: 0.3230
CentroidY: 0.1158
