Location: internet_28.png_Otsu.png
Component: component_1755079435780_168.png
centerX: 0.5163240628778718
centerY: 0.14684915882520672
width: 0.04232164449818621
height: 0.03592814371257485
Area: 0.0003452529500795725
CentroidX: 0.5364
CentroidY: 0.1588
