Location: internet_28.png_Otsu.png
Component: component_1755079435782_198.png
centerX: 0.860540104796453
centerY: 0.17251211861990304
width: 0.035872632003224506
height: 0.033932135728542916
Area: 0.0002659505081505096
CentroidX: 0.8757
CentroidY: 0.1836
