Location: internet_28.png_Mean-Closing.png
Component: component_1755079435423_217.png
centerX: 0.2914147521160822
centerY: 0.6278870829769033
width: 0.03184199919387344
height: 0.031936127744510975
Area: 0.00048753762125084777
CentroidX: 0.3044
CentroidY: 0.6395
