Location: Dedata_22.png_Otsu.png
Component: component_1755510404040_25.png
centerX: 0.8540322580645161
centerY: 0.050441721288116276
width: 0.02217741935483871
height: 0.027643203191792535
Area: 0.0001759300968017724
CentroidX: 0.8628
CentroidY: 0.0595
