Location: internet_28.png_Mean-Closing.png
Component: component_1755079435389_67.png
centerX: 0.7541313986295849
centerY: 0.17764471057884232
width: 0.04070939137444579
height: 0.03592814371257485
Area: 0.00039352400168856733
CentroidX: 0.7734
CentroidY: 0.1896
