Location: internet_28.png_Mean-Medain.png
Component: component_1755079435717_265.png
centerX: 0.019750100765820233
centerY: 0.7459366980325064
width: 0.035872632003224506
height: 0.036783575705731396
Area: 0.0005022487988840652
CentroidX: 0.0357
CentroidY: 0.7588
