Location: Dedata_22.png_Mean-Medain.png
Component: component_1755510404763_215.png
centerX: 0.4383064516129032
centerY: 0.3798803077799943
width: 0.024193548387096774
height: 0.03334283271587347
Area: 0.00028406218111951757
CentroidX: 0.4479
CentroidY: 0.3913
