Location: Dedata_22.png_Mean-Medain.png
Component: component_1755510404741_185.png
centerX: 0.41008064516129034
centerY: 0.3317184383015104
width: 0.021370967741935483
height: 0.03505272157309775
Area: 0.00028716480202980354
CentroidX: 0.4177
CentroidY: 0.3449
