Location: Dedata_22.png_Mean-Closing.png
Component: component_1755510404872_27.png
centerX: 0.7677419354838709
centerY: 0.050441721288116276
width: 0.024193548387096774
height: 0.027358221715588486
Area: 0.00021879223011794555
CentroidX: 0.7773
CentroidY: 0.0598
