Location: Dedata_22.png_Mean-Medain.png
Component: component_1755510404789_297.png
centerX: 0.9375
centerY: 0.5220860644058136
width: 0.028225806451612902
height: 0.037902536335138216
Area: 0.00041126963844124325
CentroidX: 0.9480
CentroidY: 0.5356
