Location: Dedata_22.png_Otsu.png
Component: component_1755510404122_600.png
centerX: 0.8483870967741935
centerY: 0.524365916215446
width: 0.028225806451612902
height: 0.036477628954117984
Area: 0.00037093556660752536
CentroidX: 0.8586
CentroidY: 0.5371
