Location: internet_28.png_Otsu.png
Component: component_1755079435797_553.png
centerX: 0.6835953244659412
centerY: 0.3481608212147134
width: 0.035872632003224506
height: 0.035357855717137156
Area: 0.00043547384415828903
CentroidX: 0.6983
CentroidY: 0.3599
