Location: Dedata_22.png_Gaussian-Closing.png
Component: component_1755510404415_221.png
centerX: 0.12701612903225806
centerY: 0.3850099743516671
width: 0.024596774193548387
height: 0.030208036477628954
Area: 0.0002647569843444047
CentroidX: 0.1357
CentroidY: 0.3953
