Location: Dedata_22.png_Otsu.png
Component: component_1755510404043_40.png
centerX: 0.39919354838709675
centerY: 0.05956112852664577
width: 0.02379032258064516
height: 0.03163294385864919
Area: 0.00023315621581371406
CentroidX: 0.4081
CentroidY: 0.0702
