Location: internet_28.png_Gaussian-Closing.png
Component: component_1755079435273_43.png
centerX: 0.29383313180169285
centerY: 0.11177644710578842
width: 0.04554615074566707
height: 0.032506415739948676
Area: 0.000409844214375418
CentroidX: 0.3165
CentroidY: 0.1227
