Location: Dedata_22.png_Mean-Closing.png
Component: component_1755510404933_277.png
centerX: 0.2560483870967742
centerY: 0.518381305215161
width: 0.025
height: 0.03761755485893417
Area: 0.00043379236801220823
CentroidX: 0.2652
CentroidY: 0.5317
