Location: internet_28.png_Mean-Medain.png
Component: component_1755079435666_100.png
centerX: 0.07456670697299476
centerY: 0.26917593384659255
width: 0.049576783555018135
height: 0.036783575705731396
Area: 0.0004311064632984276
CentroidX: 0.0983
CentroidY: 0.2817
