Location: internet_28.png_Otsu.png
Component: component_1755079435805_590.png
centerX: 0.7263200322450625
centerY: 0.44767607641859136
width: 0.036275695284159616
height: 0.03649843170801255
Area: 0.00046960837351036396
CentroidX: 0.7414
CentroidY: 0.4599
