Location: internet_28.png_Gaussian-Closing.png
Component: component_1755079435295_147.png
centerX: 0.24828698105602579
centerY: 0.4163102366695181
width: 0.03305118903667876
height: 0.03592814371257485
Area: 0.00046627537232783815
CentroidX: 0.2618
CentroidY: 0.4293
