Location: internet_28.png_Gaussian-Closing.png
Component: component_1755079435315_242.png
centerX: 0.01652559451833938
centerY: 0.6931850584545195
width: 0.03869407496977025
height: 0.039064727687482176
Area: 0.0005323607406020573
CentroidX: 0.0334
CentroidY: 0.7065
