Location: internet_28.png_Gaussian-Closing.png
Component: component_1755079435305_189.png
centerX: 0.939540507859734
centerY: 0.540347875677217
width: 0.03506650544135429
height: 0.033932135728542916
Area: 0.0004684590627577688
CentroidX: 0.9535
CentroidY: 0.5522
