Location: internet_28.png_Otsu.png
Component: component_1755079435774_69.png
centerX: 0.49294639258363565
centerY: 0.05303678357570573
width: 0.037081821846029824
height: 0.033361847733105215
Area: 0.00019388872396279588
CentroidX: 0.5117
CentroidY: 0.0627
