Location: Dedata_22.png_Gaussian-Closing.png
Component: component_1755510404431_299.png
centerX: 0.6516129032258065
centerY: 0.5246508976916501
width: 0.02661290322580645
height: 0.03590766600170989
Area: 0.00037909431048272185
CentroidX: 0.6627
CentroidY: 0.5372
