Location: internet_28.png_Otsu.png
Component: component_1755079435826_687.png
centerX: 0.5126964933494559
centerY: 0.7248360422013117
width: 0.03184199919387344
height: 0.03421727972626176
Area: 0.00048225079178891025
CentroidX: 0.5249
CentroidY: 0.7375
