Location: internet_28.png_Mean-Medain.png
Component: component_1755079435643_69.png
centerX: 0.860137041515518
centerY: 0.1722269746221842
width: 0.037081821846029824
height: 0.03450242372398061
Area: 0.00034939046878891495
CentroidX: 0.8763
CentroidY: 0.1837
