Location: Dedata_22.png_Mean-Closing.png
Component: component_1755510404949_353.png
centerX: 0.8846774193548387
centerY: 0.6634368766030208
width: 0.02943548387096774
height: 0.037047591906526074
Area: 0.0004195432942020059
CentroidX: 0.8975
CentroidY: 0.6770
