Location: Dedata_22.png_Mean-Medain.png
Component: component_1755510404798_342.png
centerX: 0.25766129032258067
centerY: 0.622399544029638
width: 0.02620967741935484
height: 0.037047591906526074
Area: 0.0004257485360225779
CentroidX: 0.2676
CentroidY: 0.6358
