Location: Dedata_22.png_Mean-Medain.png
Component: component_1755510404798_339.png
centerX: 0.21693548387096775
centerY: 0.622114562553434
width: 0.02661290322580645
height: 0.0347677400968937
Area: 0.000402536335138216
CentroidX: 0.2268
CentroidY: 0.6345
