Location: Dedata_22.png_Mean-Medain.png
Component: component_1755510404770_228.png
centerX: 0.04516129032258064
centerY: 0.3858649187802793
width: 0.024596774193548387
height: 0.03220290681105728
Area: 0.0002799253532391362
CentroidX: 0.0547
CentroidY: 0.3969
