Location: Dedata_22.png_Otsu.png
Component: component_1755510404097_497.png
centerX: 0.6588709677419354
centerY: 0.42091764035337703
width: 0.025806451612903226
height: 0.03761755485893417
Area: 0.0003796688699105526
CentroidX: 0.6699
CentroidY: 0.4344
