Location: Dedata_22.png_Gaussian-Closing.png
Component: component_1755510404420_250.png
centerX: 0.20040322580645162
centerY: 0.4317469364491308
width: 0.022983870967741935
height: 0.031062980906241093
Area: 0.0002451070519125934
CentroidX: 0.2083
CentroidY: 0.4423
