Location: internet_28.png_Gaussian-Closing.png
Component: component_1755079435274_49.png
centerX: 0.8057234985892785
centerY: 0.12974051896207583
width: 0.03990326481257558
height: 0.029654975762760195
Area: 0.00032376083900604387
CentroidX: 0.8251
CentroidY: 0.1392
