Location: internet_28.png_Mean-Medain.png
Component: component_1755079435695_174.png
centerX: 0.018540910923014912
centerY: 0.47961220416310235
width: 0.037484885126964934
height: 0.03735386370116909
Area: 0.0004608736117906411
CentroidX: 0.0344
CentroidY: 0.4925
