Location: internet_28.png_Otsu.png
Component: component_1755079435824_679.png
centerX: 0.01652559451833938
centerY: 0.6934702024522383
width: 0.03829101168883515
height: 0.03849443969204448
Area: 0.0005079953526470408
CentroidX: 0.0335
CentroidY: 0.7064
