Location: internet_28.png_Mean-Medain.png
Component: component_1755079435692_163.png
centerX: 0.6767432486900443
centerY: 0.45223838038209296
width: 0.03788794840790004
height: 0.03735386370116909
Area: 0.000515006148237871
CentroidX: 0.6916
CentroidY: 0.4645
