Location: internet_28.png_Gaussian-Closing.png
Component: component_1755079435302_179.png
centerX: 0.5151148730350665
centerY: 0.508411747932706
width: 0.03385731559854897
height: 0.03307670373538637
Area: 0.00044857598673787337
CentroidX: 0.5287
CentroidY: 0.5205
