Location: internet_28.png_Mean-Medain.png
Component: component_1755079435613_23.png
centerX: 0.7964530431277711
centerY: 0.04590818363273453
width: 0.04070939137444579
height: 0.03165098374679213
Area: 0.0004342096023304344
CentroidX: 0.8168
CentroidY: 0.0565
