Location: Dedata_22.png_Otsu.png
Component: component_1755510404036_9.png
centerX: 0.5274193548387097
centerY: 0.007124536905101168
width: 0.025
height: 0.031917925334853235
Area: 0.00027509905404535804
CentroidX: 0.5374
CentroidY: 0.0176
