Location: internet_28.png_Mean-Medain.png
Component: component_1755079435655_89.png
centerX: 0.7009270455461507
centerY: 0.22469347020245223
width: 0.0354695687222894
height: 0.03849443969204448
Area: 0.0003628374045942778
CentroidX: 0.7163
CentroidY: 0.2385
