Location: internet_28.png_Mean-Medain.png
Component: component_1755079435693_165.png
centerX: 0.5219669488109633
centerY: 0.45879669232962644
width: 0.03667875856509472
height: 0.033932135728542916
Area: 0.0004751250651228205
CentroidX: 0.5379
CentroidY: 0.4703
