Location: Dedata_22.png_Gaussian-Closing.png
Component: component_1755510404373_31.png
centerX: 0.6870967741935484
centerY: 0.051581647192932456
width: 0.02217741935483871
height: 0.030493017953833
Area: 0.00024683073019608564
CentroidX: 0.6953
CentroidY: 0.0626
