Location: Dedata_22.png_Mean-Medain.png
Component: component_1755510404703_119.png
centerX: 0.17620967741935484
centerY: 0.1989170703904246
width: 0.02620967741935484
height: 0.033912795668281565
Area: 0.00025579385727024517
CentroidX: 0.1868
CentroidY: 0.2102
