Location: internet_28.png_Mean-Medain.png
Component: component_1755079435633_49.png
centerX: 0.9149536477226925
centerY: 0.1223267750213858
width: 0.042724707779121324
height: 0.033932135728542916
Area: 0.0003708825798624436
CentroidX: 0.9347
CentroidY: 0.1328
