Location: internet_28.png_Otsu.png
Component: component_1755079435818_649.png
centerX: 0.5675130995566304
centerY: 0.6107784431137725
width: 0.03829101168883515
height: 0.035642999714856
Area: 0.0004558166444792226
CentroidX: 0.5846
CentroidY: 0.6230
