Location: Dedata_22.png_Otsu.png
Component: component_1755510404057_106.png
centerX: 0.6072580645161291
centerY: 0.19179253348532346
width: 0.02056451612903226
height: 0.03277286976346538
Area: 0.00016708188161317902
CentroidX: 0.6163
CentroidY: 0.2025
