Location: Dedata_22.png_Otsu.png
Component: component_1755510404044_44.png
centerX: 0.31693548387096776
centerY: 0.061555998860074096
width: 0.02217741935483871
height: 0.030493017953833
Area: 0.00022775535719210508
CentroidX: 0.3255
CentroidY: 0.0719
