Location: Dedata_22.png_Mean-Closing.png
Component: component_1755510404901_142.png
centerX: 0.0068548387096774195
centerY: 0.24593901396409235
width: 0.022983870967741935
height: 0.029068110572812767
Area: 0.00025073773430533465
CentroidX: 0.0164
CentroidY: 0.2567
