Location: Dedata_22.png_Otsu.png
Component: component_1755510404113_565.png
centerX: 0.728225806451613
centerY: 0.47477913935594185
width: 0.027419354838709678
height: 0.037047591906526074
Area: 0.0003639259415879903
CentroidX: 0.7379
CentroidY: 0.4874
