Location: internet_28.png_Mean-Closing.png
Component: component_1755079435375_18.png
centerX: 0.6723095525997581
centerY: 0.044767607641859136
width: 0.04836759371221282
height: 0.03136583974907328
Area: 0.0004665052344783572
CentroidX: 0.6951
CentroidY: 0.0544
