Location: internet_28.png_Mean-Medain.png
Component: component_1755079435699_188.png
centerX: 0.23901652559451833
centerY: 0.5226689478186484
width: 0.036275695284159616
height: 0.032506415739948676
Area: 0.00045868992136071035
CentroidX: 0.2540
CentroidY: 0.5338
