Location: internet_28.png_Mean-Closing.png
Component: component_1755079435385_49.png
centerX: 0.7561467150342603
centerY: 0.13316224693470202
width: 0.03466344216041919
height: 0.03421727972626176
Area: 0.0003519189524446242
CentroidX: 0.7708
CentroidY: 0.1449
