Location: internet_28.png_Gaussian-Closing.png
Component: component_1755079435268_25.png
centerX: 0.37726723095526
centerY: 0.06102081551183348
width: 0.03426037887948408
height: 0.033361847733105215
Area: 0.00027342102804237786
CentroidX: 0.3928
CentroidY: 0.0719
