Location: internet_28.png_Gaussian-Closing.png
Component: component_1755079435291_127.png
centerX: 0.38291011688835147
centerY: 0.35785571713715425
width: 0.04191858121725111
height: 0.033932135728542916
Area: 0.00046742468308043323
CentroidX: 0.4022
CentroidY: 0.3690
