Location: Dedata_22.png_Mean-Closing.png
Component: component_1755510404930_261.png
centerX: 0.7278225806451613
centerY: 0.4744941578797378
width: 0.028225806451612902
height: 0.03761755485893417
Area: 0.00040471966096397284
CentroidX: 0.7380
CentroidY: 0.4874
