Location: Dedata_22.png_Mean-Closing.png
Component: component_1755510404870_12.png
centerX: 0.6584677419354839
centerY: 0.007124536905101168
width: 0.027419354838709678
height: 0.031062980906241093
Area: 0.00032198310335634635
CentroidX: 0.6694
CentroidY: 0.0175
