Location: Dedata_22.png_Mean-Medain.png
Component: component_1755510404783_270.png
centerX: 0.45564516129032256
centerY: 0.475634083784554
width: 0.03024193548387097
height: 0.03818751781134226
Area: 0.0004224160913411596
CentroidX: 0.4675
CentroidY: 0.4889
