Location: internet_28.png_Mean-Medain.png
Component: component_1755079435695_173.png
centerX: 0.07537283353486497
centerY: 0.4793270601653835
width: 0.035872632003224506
height: 0.034787567721699456
Area: 0.0004607586807153816
CentroidX: 0.0906
CentroidY: 0.4913
