Location: internet_28.png_Mean-Medain.png
Component: component_1755079435715_256.png
centerX: 0.5691253526803708
centerY: 0.7256914741944682
width: 0.0354695687222894
height: 0.033361847733105215
Area: 0.0004977664869489442
CentroidX: 0.5848
CentroidY: 0.7376
