Location: Dedata_22.png_Gaussian-Closing.png
Component: component_1755510404388_93.png
centerX: 0.375
centerY: 0.15047021943573669
width: 0.02217741935483871
height: 0.030493017953833
Area: 0.0002592412138372296
CentroidX: 0.3854
CentroidY: 0.1614
