Location: internet_28.png_Gaussian-Closing.png
Component: component_1755079435299_168.png
centerX: 0.13341394598952036
centerY: 0.47476475620188197
width: 0.037081821846029824
height: 0.033361847733105215
Area: 0.0004309915322231681
CentroidX: 0.1486
CentroidY: 0.4859
