Location: Dedata_22.png_Gaussian-Closing.png
Component: component_1755510404414_215.png
centerX: 0.010887096774193548
centerY: 0.3821601595896267
width: 0.02379032258064516
height: 0.031062980906241093
Area: 0.00028141920775149617
CentroidX: 0.0201
CentroidY: 0.3930
