Location: internet_28.png_Otsu.png
Component: component_1755079435806_594.png
centerX: 0.5219669488109633
centerY: 0.4590818363273453
width: 0.036275695284159616
height: 0.033361847733105215
Area: 0.0004307616700726491
CentroidX: 0.5379
CentroidY: 0.4703
