Location: Dedata_22.png_Otsu.png
Component: component_1755510404062_135.png
centerX: 0.9076612903225807
centerY: 0.23197492163009403
width: 0.022983870967741935
height: 0.03277286976346538
Area: 0.00018316954559243972
CentroidX: 0.9165
CentroidY: 0.2430
