Location: Dedata_22.png_Mean-Medain.png
Component: component_1755510404732_162.png
centerX: 0.38306451612903225
centerY: 0.28754630948988313
width: 0.02258064516129032
height: 0.030493017953833
Area: 0.0002506228224197685
CentroidX: 0.3928
CentroidY: 0.2980
