Location: Dedata_22.png_Mean-Medain.png
Component: component_1755510404651_31.png
centerX: 0.6116935483870968
centerY: 0.05072670276432032
width: 0.024193548387096774
height: 0.031917925334853235
Area: 0.000287509537686502
CentroidX: 0.6232
CentroidY: 0.0618
