Location: internet_28.png_Otsu.png
Component: component_1755079435804_587.png
centerX: 0.9330914953647723
centerY: 0.44083262047333904
width: 0.035872632003224506
height: 0.03706871970345024
Area: 0.00042237170157870474
CentroidX: 0.9485
CentroidY: 0.4537
