Location: Dedata_22.png_Mean-Closing.png
Component: component_1755510404887_102.png
centerX: 0.7995967741935484
centerY: 0.18438301510401825
width: 0.018951612903225806
height: 0.031062980906241093
Area: 0.00022924921170446502
CentroidX: 0.8063
CentroidY: 0.1956
