Location: Dedata_22.png_Mean-Medain.png
Component: component_1755510404806_376.png
centerX: 0.1342741935483871
centerY: 0.6731262467939584
width: 0.02620967741935484
height: 0.03733257338273012
Area: 0.00042402485773908565
CentroidX: 0.1438
CentroidY: 0.6864
