Location: Dedata_22.png_Mean-Closing.png
Component: component_1755510404955_381.png
centerX: 0.7641129032258065
centerY: 0.7164434311769735
width: 0.027419354838709678
height: 0.037902536335138216
Area: 0.00043586078195239893
CentroidX: 0.7742
CentroidY: 0.7303
