Location: Dedata_22.png_Otsu.png
Component: component_1755510404132_638.png
centerX: 0.05120967741935484
centerY: 0.622399544029638
width: 0.02661290322580645
height: 0.03619264747791394
Area: 0.00039357320806405647
CentroidX: 0.0626
CentroidY: 0.6351
