Location: Dedata_22.png_Gaussian-Closing.png
Component: component_1755510404412_203.png
centerX: 0.7673387096774194
centerY: 0.37532060416072954
width: 0.02338709677419355
height: 0.03305785123966942
Area: 0.0002502780867630701
CentroidX: 0.7764
CentroidY: 0.3872
