Location: internet_28.png_Otsu.png
Component: component_1755079435790_352.png
centerX: 0.26964933494558646
centerY: 0.258910749928714
width: 0.03909713825070536
height: 0.03421727972626176
Area: 0.00024112539589445512
CentroidX: 0.2879
CentroidY: 0.2691
