Location: Dedata_22.png_Gaussian-Closing.png
Component: component_1755510404380_58.png
centerX: 0.5991935483870968
centerY: 0.0957537760045597
width: 0.024193548387096774
height: 0.032487888287261325
Area: 0.0002824534147215915
CentroidX: 0.6099
CentroidY: 0.1073
