Location: Dedata_22.png_Gaussian-Closing.png
Component: component_1755510404412_204.png
centerX: 0.7967741935483871
centerY: 0.3770304930179538
width: 0.024193548387096774
height: 0.03334283271587347
Area: 0.00025958594949392804
CentroidX: 0.8063
CentroidY: 0.3887
