Location: internet_28.png_Mean-Medain.png
Component: component_1755079435674_107.png
centerX: 0.7496977025392987
centerY: 0.29141716566866266
width: 0.031035872632003223
height: 0.032506415739948676
Area: 0.00033743763696192575
CentroidX: 0.7618
CentroidY: 0.3027
