Location: internet_28.png_Gaussian-Closing.png
Component: component_1755079435308_204.png
centerX: 0.12172511084240226
centerY: 0.5822640433418876
width: 0.03788794840790004
height: 0.033932135728542916
Area: 0.00045765554168337476
CentroidX: 0.1385
CentroidY: 0.5936
