Location: Dedata_22.png_Otsu.png
Component: component_1755510404066_152.png
centerX: 0.3407258064516129
centerY: 0.24565403248788828
width: 0.02056451612903226
height: 0.029068110572812767
Area: 0.00017052923818016344
CentroidX: 0.3492
CentroidY: 0.2554
