Location: internet_28.png_Mean-Medain.png
Component: component_1755079435667_101.png
centerX: 0.1422813381700927
centerY: 0.2703165098374679
width: 0.03990326481257558
height: 0.029654975762760195
Area: 0.0003452529500795725
CentroidX: 0.1602
CentroidY: 0.2805
