Location: Dedata_22.png_Mean-Closing.png
Component: component_1755510404943_322.png
centerX: 0.7895161290322581
centerY: 0.5773724707893987
width: 0.031048387096774193
height: 0.03818751781134226
Area: 0.00041552137820719074
CentroidX: 0.8013
CentroidY: 0.5907
