Location: Dedata_22.png_Mean-Closing.png
Component: component_1755510404887_103.png
centerX: 0.7588709677419355
centerY: 0.18552294100883443
width: 0.02056451612903226
height: 0.03277286976346538
Area: 0.00025246141258882687
CentroidX: 0.7669
CentroidY: 0.1967
