Location: internet_28.png_Otsu.png
Component: component_1755079435814_632.png
centerX: 0.513099556630391
centerY: 0.5631593954947248
width: 0.035872632003224506
height: 0.03051040775591674
Area: 0.00042742866889012324
CentroidX: 0.5283
CentroidY: 0.5740
