Location: Dedata_22.png_Mean-Closing.png
Component: component_1755510404932_273.png
centerX: 0.4991935483870968
centerY: 0.47705899116557426
width: 0.024193548387096774
height: 0.036477628954117984
Area: 0.00039299864863622577
CentroidX: 0.5090
CentroidY: 0.4908
