Location: Dedata_22.png_Mean-Medain.png
Component: component_1755510404720_130.png
centerX: 0.8362903225806452
centerY: 0.23567968082074664
width: 0.02217741935483871
height: 0.033912795668281565
Area: 0.0002723411687917705
CentroidX: 0.8464
CentroidY: 0.2470
