Location: Dedata_22.png_Otsu.png
Component: component_1755510404115_575.png
centerX: 0.5362903225806451
centerY: 0.47705899116557426
width: 0.025806451612903226
height: 0.03590766600170989
Area: 0.00034335671407164986
CentroidX: 0.5465
CentroidY: 0.4894
