Location: Dedata_22.png_Mean-Medain.png
Component: component_1755510404647_22.png
centerX: 0.9241935483870968
centerY: 0.007979481333713309
width: 0.02620967741935484
height: 0.03305785123966942
Area: 0.000303827025436895
CentroidX: 0.9341
CentroidY: 0.0194
