Location: Dedata_22.png_Mean-Closing.png
Component: component_1755510404942_318.png
centerX: 0.714516129032258
centerY: 0.5762325448845825
width: 0.02661290322580645
height: 0.03619264747791394
Area: 0.000395526710118681
CentroidX: 0.7246
CentroidY: 0.5887
