Location: Dedata_22.png_Gaussian-Closing.png
Component: component_1755510404372_28.png
centerX: 0.8536290322580645
centerY: 0.050156739811912224
width: 0.02258064516129032
height: 0.02821316614420063
Area: 0.0002171834637200195
CentroidX: 0.8627
CentroidY: 0.0598
