Location: Dedata_22.png_Mean-Medain.png
Component: component_1755510404659_39.png
centerX: 0.15766129032258064
centerY: 0.05728127671701339
width: 0.02258064516129032
height: 0.03362781419207751
Area: 0.0002900375991689572
CentroidX: 0.1662
CentroidY: 0.0696
