Location: Dedata_22.png_Mean-Medain.png
Component: component_1755510404687_85.png
centerX: 0.5362903225806451
centerY: 0.14562553434026787
width: 0.02258064516129032
height: 0.03334283271587347
Area: 0.0002700429310804475
CentroidX: 0.5458
CentroidY: 0.1573
