Location: internet_28.png_Otsu.png
Component: component_1755079435822_667.png
centerX: 0.5699314792422411
centerY: 0.666096378671229
width: 0.03667875856509472
height: 0.03421727972626176
Area: 0.0004807566878105366
CentroidX: 0.5851
CentroidY: 0.6785
