Location: internet_28.png_Mean-Closing.png
Component: component_1755079435450_246.png
centerX: 0.6283756549778315
centerY: 0.7182777302537782
width: 0.04030632809351068
height: 0.034787567721699456
Area: 0.0005286829461937528
CentroidX: 0.6451
CentroidY: 0.7307
