Location: internet_28.png_Mean-Medain.png
Component: component_1755079435702_201.png
centerX: 0.5719467956469165
centerY: 0.5594525235243798
width: 0.032245062474808545
height: 0.033361847733105215
Area: 0.0004714472707145161
CentroidX: 0.5844
CentroidY: 0.5720
