Location: Dedata_22.png_Mean-Medain.png
Component: component_1755510404811_390.png
centerX: 0.569758064516129
centerY: 0.7201481903676261
width: 0.02903225806451613
height: 0.03875748076375036
Area: 0.0004485010893646752
CentroidX: 0.5806
CentroidY: 0.7340
