Location: internet_28.png_Mean-Medain.png
Component: component_1755079435707_216.png
centerX: 0.7343812978637646
centerY: 0.602224123182207
width: 0.03466344216041919
height: 0.03364699173082407
Area: 0.0004670798898546547
CentroidX: 0.7494
CentroidY: 0.6140
