Location: internet_28.png_Otsu.png
Component: component_1755079435822_669.png
centerX: 0.5098750503829101
centerY: 0.6683775306529798
width: 0.037081821846029824
height: 0.032506415739948676
Area: 0.00044570270985638556
CentroidX: 0.5249
CentroidY: 0.6801
