Location: Dedata_22.png_Mean-Medain.png
Component: component_1755510404640_13.png
centerX: 0.6129032258064516
centerY: 0.007124536905101168
width: 0.02903225806451613
height: 0.03277286976346538
Area: 0.00033807076733560705
CentroidX: 0.6234
CentroidY: 0.0185
