Location: internet_28.png_Mean-Closing.png
Component: component_1755079435429_227.png
centerX: 0.6787585650947199
centerY: 0.6589677787282577
width: 0.039500201531640466
height: 0.035642999714856
Area: 0.0005325906027525763
CentroidX: 0.6960
CentroidY: 0.6716
