Location: Dedata_22.png_Gaussian-Closing.png
Component: component_1755510404432_301.png
centerX: 0.8935483870967742
centerY: 0.5249358791678541
width: 0.03064516129032258
height: 0.036477628954117984
Area: 0.0004136827880381324
CentroidX: 0.9042
CentroidY: 0.5374
