Location: internet_28.png_Otsu.png
Component: component_1755079435808_607.png
centerX: 0.826682789197904
centerY: 0.4924436840604505
width: 0.03667875856509472
height: 0.03307670373538637
Area: 0.0004608736117906411
CentroidX: 0.8408
CentroidY: 0.5041
