Location: Dedata_22.png_Mean-Medain.png
Component: component_1755510404781_261.png
centerX: 0.04032258064516129
centerY: 0.47335423197492166
width: 0.025
height: 0.03163294385864919
Area: 0.0003648452366725195
CentroidX: 0.0515
CentroidY: 0.4847
