Location: Dedata_22.png_Otsu.png
Component: component_1755510404125_613.png
centerX: 0.35443548387096774
centerY: 0.5739526930749501
width: 0.025806451612903226
height: 0.03590766600170989
Area: 0.0003820820195074417
CentroidX: 0.3642
CentroidY: 0.5866
