Location: internet_28.png_Mean-Closing.png
Component: component_1755079435372_6.png
centerX: 0.9375251914550584
centerY: 0.004562303963501569
width: 0.03667875856509472
height: 0.03421727972626176
Area: 0.0003859385507214396
CentroidX: 0.9536
CentroidY: 0.0160
