Location: Dedata_22.png_Mean-Medain.png
Component: component_1755510404808_384.png
centerX: 0.8455645161290323
centerY: 0.7138785978911371
width: 0.025806451612903226
height: 0.036477628954117984
Area: 0.0004054091322773697
CentroidX: 0.8554
CentroidY: 0.7271
