Location: internet_28.png_Mean-Closing.png
Component: component_1755079435447_241.png
centerX: 0.9149536477226925
centerY: 0.7048759623609923
width: 0.036275695284159616
height: 0.03307670373538637
Area: 0.0004960425208200516
CentroidX: 0.9299
CentroidY: 0.7174
