Location: Dedata_22.png_Otsu.png
Component: component_1755510404065_148.png
centerX: 0.380241935483871
centerY: 0.24251923624964378
width: 0.02258064516129032
height: 0.03220290681105728
Area: 0.00017340203531931715
CentroidX: 0.3899
CentroidY: 0.2535
