Location: internet_28.png_Otsu.png
Component: component_1755079435770_13.png
centerX: 0.46432889963724305
centerY: 0.007984031936127744
width: 0.04514308746473196
height: 0.03222127174222983
Area: 0.000309854178899643
CentroidX: 0.4859
CentroidY: 0.0174
