Location: internet_28.png_Otsu.png
Component: component_1755079435818_650.png
centerX: 0.5110842402257154
centerY: 0.6150556030795552
width: 0.03990326481257558
height: 0.035357855717137156
Area: 0.00048362996469202436
CentroidX: 0.5293
CentroidY: 0.6277
