Location: Kurtxevani_1764_page_10.png_Otsu.png
Component: component_1755610055928_1217.png
centerX: 0.6343042071197411
centerY: 0.4794200187090739
width: 0.019417475728155338
height: 0.01683816651075772
Area: 0.00016680743882465843
CentroidX: 0.6428
CentroidY: 0.4859
