Location: Dedata_22.png_Otsu.png
Component: component_1755510404036_8.png
centerX: 0.43185483870967745
centerY: 0.006839555428897122
width: 0.028225806451612902
height: 0.0353377030493018
Area: 0.00033944970996240085
CentroidX: 0.4434
CentroidY: 0.0188
