Location: Dedata_22.png_Gaussian-Closing.png
Component: component_1755510404452_401.png
centerX: 0.04153225806451613
centerY: 0.7295525790823596
width: 0.025403225806451612
height: 0.03277286976346538
Area: 0.0003743829231745098
CentroidX: 0.0509
CentroidY: 0.7417
