Location: Dedata_22.png_Mean-Medain.png
Component: component_1755510404726_150.png
centerX: 0.17540322580645162
centerY: 0.2476489028213166
width: 0.022983870967741935
height: 0.030493017953833
Area: 0.00024326846174353505
CentroidX: 0.1854
CentroidY: 0.2580
