Location: internet_28.png_Gaussian-Closing.png
Component: component_1755079435314_235.png
centerX: 0.3954050785973398
centerY: 0.6752209865982322
width: 0.036275695284159616
height: 0.031936127744510975
Area: 0.00043041687684687054
CentroidX: 0.4116
CentroidY: 0.6866
