Location: internet_28.png_Mean-Closing.png
Component: component_1755079435425_221.png
centerX: 0.0177347843611447
centerY: 0.6401482748788138
width: 0.03667875856509472
height: 0.04020530367835757
Area: 0.0005294874637205695
CentroidX: 0.0332
CentroidY: 0.6551
