Location: Dedata_22.png_Otsu.png
Component: component_1755510404063_139.png
centerX: 0.7669354838709678
centerY: 0.2390994585351952
width: 0.02379032258064516
height: 0.03163294385864919
Area: 0.0001704143262945973
CentroidX: 0.7776
CentroidY: 0.2493
