Location: internet_28.png_Mean-Closing.png
Component: component_1755079435416_190.png
centerX: 0.7347843611446997
centerY: 0.547761619617907
width: 0.03788794840790004
height: 0.03165098374679213
Area: 0.0004578854038338938
CentroidX: 0.7504
CentroidY: 0.5589
