Location: Dedata_22.png_Otsu.png
Component: component_1755510404085_336.png
centerX: 0.7971774193548387
centerY: 0.37731547449415787
width: 0.02338709677419355
height: 0.01909375890567113
Area: 0.00011261364785482492
CentroidX: 0.8072
CentroidY: 0.3836
