Location: Dedata_22.png_Gaussian-Closing.png
Component: component_1755510404450_393.png
centerX: 0.2399193548387097
centerY: 0.7227130236534626
width: 0.025403225806451612
height: 0.038472499287546306
Area: 0.0004124187572969047
CentroidX: 0.2493
CentroidY: 0.7367
