Location: Dedata_22.png_Gaussian-Closing.png
Component: component_1755510404388_92.png
centerX: 0.2540322580645161
centerY: 0.15075520091194072
width: 0.025
height: 0.03334283271587347
Area: 0.00027372011141856424
CentroidX: 0.2638
CentroidY: 0.1627
