Location: internet_28.png_Gaussian-Closing.png
Component: component_1755079435280_79.png
centerX: 0.9189842805320435
centerY: 0.21243227830054176
width: 0.035872632003224506
height: 0.035642999714856
Area: 0.00031548580158735905
CentroidX: 0.9361
CentroidY: 0.2253
