Location: Dedata_22.png_Mean-Closing.png
Component: component_1755510404881_68.png
centerX: 0.14717741935483872
centerY: 0.10658307210031348
width: 0.02217741935483871
height: 0.032487888287261325
Area: 0.0002853262118607452
CentroidX: 0.1560
CentroidY: 0.1180
