Location: internet_28.png_Otsu.png
Component: component_1755079435827_691.png
centerX: 0.34582829504232165
centerY: 0.731679498146564
width: 0.03345425231761386
height: 0.03450242372398061
Area: 0.00044972529749046845
CentroidX: 0.3604
CentroidY: 0.7442
