Location: internet_28.png_Mean-Medain.png
Component: component_1755079435612_21.png
centerX: 0.671906489318823
centerY: 0.044767607641859136
width: 0.04877065699314793
height: 0.03136583974907328
Area: 0.00046696495877939523
CentroidX: 0.6951
CentroidY: 0.0544
