Location: internet_28.png_Mean-Medain.png
Component: component_1755079435633_50.png
centerX: 0.8593309149536478
centerY: 0.1234673510122612
width: 0.045949214026602174
height: 0.03735386370116909
Area: 0.0004011094526556951
CentroidX: 0.8823
CentroidY: 0.1357
