Location: Dedata_22.png_Mean-Medain.png
Component: component_1755510404802_356.png
centerX: 0.7431451612903226
centerY: 0.6637218580792249
width: 0.02661290322580645
height: 0.037047591906526074
Area: 0.00040632842736189887
CentroidX: 0.7528
CentroidY: 0.6772
