Location: Dedata_22.png_Otsu.png
Component: component_1755510404143_684.png
centerX: 0.7645161290322581
centerY: 0.7164434311769735
width: 0.02661290322580645
height: 0.03761755485893417
Area: 0.0003851846404177277
CentroidX: 0.7741
CentroidY: 0.7302
