Location: internet_28.png_Mean-Medain.png
Component: component_1755079435634_51.png
centerX: 0.8057234985892785
centerY: 0.129455374964357
width: 0.03990326481257558
height: 0.03022526375819789
Area: 0.0003403109138434135
CentroidX: 0.8252
CentroidY: 0.1391
