Location: Dedata_22.png_Otsu.png
Component: component_1755510404050_70.png
centerX: 0.06330645161290323
centerY: 0.10914790538614991
width: 0.022983870967741935
height: 0.030493017953833
Area: 0.00021660890429218876
CentroidX: 0.0728
CentroidY: 0.1194
