Location: Dedata_22.png_Mean-Medain.png
Component: component_1755510404801_355.png
centerX: 0.9649193548387097
centerY: 0.6608720433171844
width: 0.028225806451612902
height: 0.03761755485893417
Area: 0.0004216117081421966
CentroidX: 0.9755
CentroidY: 0.6738
