Location: internet_28.png_Gaussian-Closing.png
Component: component_1755079435287_109.png
centerX: 0.39862958484482064
centerY: 0.3073852295409182
width: 0.036275695284159616
height: 0.033932135728542916
Area: 0.0003426095353486038
CentroidX: 0.4155
CentroidY: 0.3186
