Location: Dedata_22.png_Mean-Medain.png
Component: component_1755510404775_249.png
centerX: 0.04516129032258064
centerY: 0.4306070105443146
width: 0.021774193548387097
height: 0.029923055001424906
Area: 0.00025085264619090084
CentroidX: 0.0536
CentroidY: 0.4407
