Location: Dedata_22.png_Otsu.png
Component: component_1755510404089_367.png
centerX: 0.4032258064516129
centerY: 0.3835850669706469
width: 0.02056451612903226
height: 0.02963807352522086
Area: 0.00018512304764706423
CentroidX: 0.4112
CentroidY: 0.3938
