Location: Dedata_22.png_Gaussian-Closing.png
Component: component_1755510404372_29.png
centerX: 0.8915322580645161
centerY: 0.050441721288116276
width: 0.024193548387096774
height: 0.02821316614420063
Area: 0.0002378676031219261
CentroidX: 0.9009
CentroidY: 0.0602
