Location: Dedata_22.png_Otsu.png
Component: component_1755510404133_644.png
centerX: 0.17459677419354838
centerY: 0.6229695069820461
width: 0.02620967741935484
height: 0.03419777714448561
Area: 0.0003602487612498736
CentroidX: 0.1845
CentroidY: 0.6347
