Location: internet_28.png_Mean-Medain.png
Component: component_1755079435615_27.png
centerX: 0.42885933091495365
centerY: 0.055603079555175364
width: 0.04030632809351068
height: 0.03279155973766752
Area: 0.000355022091476631
CentroidX: 0.4490
CentroidY: 0.0662
