Location: internet_28.png_Mean-Closing.png
Component: component_1755079435407_149.png
centerX: 0.0177347843611447
centerY: 0.42714570858283435
width: 0.03305118903667876
height: 0.03507271171941831
Area: 0.00046064374964012206
CentroidX: 0.0322
CentroidY: 0.4401
