Location: Dedata_22.png_Mean-Medain.png
Component: component_1755510404785_279.png
centerX: 0.3084677419354839
centerY: 0.4781989170703904
width: 0.025806451612903226
height: 0.034482758620689655
Area: 0.00038633375927338916
CentroidX: 0.3194
CentroidY: 0.4910
