Location: Dedata_22.png_Mean-Medain.png
Component: component_1755510404735_174.png
centerX: 0.22782258064516128
centerY: 0.29438586491878027
width: 0.02379032258064516
height: 0.031917925334853235
Area: 0.0002683192527969553
CentroidX: 0.2373
CentroidY: 0.3051
