Location: Dedata_22.png_Mean-Closing.png
Component: component_1755510404905_160.png
centerX: 0.5383064516129032
centerY: 0.28811627244229127
width: 0.024596774193548387
height: 0.03590766600170989
Area: 0.00028567094751744365
CentroidX: 0.5479
CentroidY: 0.3006
