Location: Dedata_22.png_Mean-Medain.png
Component: component_1755510404769_227.png
centerX: 0.24637096774193548
centerY: 0.3850099743516671
width: 0.022983870967741935
height: 0.03220290681105728
Area: 0.0002546447384145837
CentroidX: 0.2563
CentroidY: 0.3962
