Location: internet_28.png_Otsu.png
Component: component_1755079435793_442.png
centerX: 0.5195485691253526
centerY: 0.30025662959794697
width: 0.032245062474808545
height: 0.03592814371257485
Area: 0.00020457731396193046
CentroidX: 0.5327
CentroidY: 0.3118
