Location: Dedata_22.png_Gaussian-Closing.png
Component: component_1755510404450_390.png
centerX: 0.31088709677419357
centerY: 0.7224280421772585
width: 0.027016129032258064
height: 0.03761755485893417
Area: 0.00038300131459197086
CentroidX: 0.3211
CentroidY: 0.7364
