Location: internet_28.png_Otsu.png
Component: component_1755079435826_689.png
centerX: 0.4558645707376058
centerY: 0.7288280581693756
width: 0.032648125755743655
height: 0.033361847733105215
Area: 0.00044869091781313286
CentroidX: 0.4687
CentroidY: 0.7410
