Location: internet_28.png_Gaussian-Closing.png
Component: component_1755079435297_158.png
centerX: 0.6299879081015719
centerY: 0.45223838038209296
width: 0.037081821846029824
height: 0.03792415169660679
Area: 0.0004922497953364877
CentroidX: 0.6453
CentroidY: 0.4656
