Location: Dedata_22.png_Otsu.png
Component: component_1755510404045_50.png
centerX: 0.8870967741935484
centerY: 0.08891422057566258
width: 0.021774193548387097
height: 0.03277286976346538
Area: 0.0002094843673870876
CentroidX: 0.8951
CentroidY: 0.1002
