Location: Dedata_22.png_Mean-Medain.png
Component: component_1755510404752_195.png
centerX: 0.1310483870967742
centerY: 0.33713308634938727
width: 0.024596774193548387
height: 0.03277286976346538
Area: 0.0002886586565421635
CentroidX: 0.1411
CentroidY: 0.3490
