Location: Dedata_22.png_Mean-Closing.png
Component: component_1755510404943_323.png
centerX: 0.8620967741935484
centerY: 0.5785123966942148
width: 0.027016129032258064
height: 0.0353377030493018
Area: 0.00040736263433199425
CentroidX: 0.8729
CentroidY: 0.5912
