Location: Dedata_22.png_Mean-Closing.png
Component: component_1755510404927_252.png
centerX: 0.8028225806451613
centerY: 0.47221430607010545
width: 0.02903225806451613
height: 0.03818751781134226
Area: 0.0004096608720433172
CentroidX: 0.8136
CentroidY: 0.4857
