Location: internet_28.png_Otsu.png
Component: component_1755079435817_647.png
centerX: 0.6783555018137848
centerY: 0.6056458511548332
width: 0.03788794840790004
height: 0.03165098374679213
Area: 0.0004568510241565582
CentroidX: 0.6946
CentroidY: 0.6167
