Location: Dedata_22.png_Mean-Medain.png
Component: component_1755510404688_86.png
centerX: 0.4939516129032258
centerY: 0.14648047876888
width: 0.025806451612903226
height: 0.03419777714448561
Area: 0.0002921060131091479
CentroidX: 0.5045
CentroidY: 0.1580
