Location: Dedata_22.png_Otsu.png
Component: component_1755510404060_122.png
centerX: 0.09879032258064516
centerY: 0.2017668851524651
width: 0.020967741935483872
height: 0.03334283271587347
Area: 0.00017707921565743388
CentroidX: 0.1070
CentroidY: 0.2134
