Location: Dedata_22.png_Otsu.png
Component: component_1755510404054_91.png
centerX: 0.37540322580645163
centerY: 0.15075520091194072
width: 0.021370967741935483
height: 0.029923055001424906
Area: 0.00019638441243254671
CentroidX: 0.3853
CentroidY: 0.1611
