Location: internet_28.png_Otsu.png
Component: component_1755079435799_564.png
centerX: 0.015719467956469165
centerY: 0.3741089250071286
width: 0.03345425231761386
height: 0.03421727972626176
Area: 0.00040444245383822094
CentroidX: 0.0309
CentroidY: 0.3855
