Location: Kurtxevani_1764_page_10.png_Otsu.png
Component: component_1755610056004_1930.png
centerX: 0.5171521035598705
centerY: 0.813844714686623
width: 0.019417475728155338
height: 0.01683816651075772
Area: 0.00015076244017183285
CentroidX: 0.5258
CentroidY: 0.8202
