Location: internet_28.png_Mean-Closing.png
Component: component_1755079435421_211.png
centerX: 0.5675130995566304
centerY: 0.6104932991160537
width: 0.03829101168883515
height: 0.036213287710293696
Area: 0.0004951230722179755
CentroidX: 0.5847
CentroidY: 0.6230
