Location: internet_28.png_Mean-Medain.png
Component: component_1755079435715_257.png
centerX: 0.4558645707376058
centerY: 0.7285429141716567
width: 0.03305118903667876
height: 0.03364699173082407
Area: 0.0004985710044757609
CentroidX: 0.4688
CentroidY: 0.7410
