Location: Dedata_22.png_Gaussian-Closing.png
Component: component_1755510404428_288.png
centerX: 0.1314516129032258
centerY: 0.5215161014534055
width: 0.024193548387096774
height: 0.03305785123966942
Area: 0.00038150746007961097
CentroidX: 0.1404
CentroidY: 0.5338
