Location: internet_28.png_Otsu.png
Component: component_1755079435824_678.png
centerX: 0.07053607416364369
centerY: 0.6926147704590818
width: 0.03667875856509472
height: 0.02879954376960365
Area: 0.00039570769211849806
CentroidX: 0.0870
CentroidY: 0.7019
