Location: Dedata_22.png_Gaussian-Closing.png
Component: component_1755510404446_373.png
centerX: 0.1342741935483871
centerY: 0.6731262467939584
width: 0.025806451612903226
height: 0.03733257338273012
Area: 0.00040575386793406817
CentroidX: 0.1438
CentroidY: 0.6867
