Location: Dedata_22.png_Mean-Medain.png
Component: component_1755510404775_248.png
centerX: 0.31814516129032255
centerY: 0.43003704759190653
width: 0.02903225806451613
height: 0.030208036477628954
Area: 0.00025177194127543
CentroidX: 0.3285
CentroidY: 0.4412
