Location: Dedata_22.png_Mean-Medain.png
Component: component_1755510404769_226.png
centerX: 0.20806451612903226
centerY: 0.3850099743516671
width: 0.020967741935483872
height: 0.030777999430037048
Area: 0.0002582070068671343
CentroidX: 0.2170
CentroidY: 0.3961
