Location: Dedata_22.png_Otsu.png
Component: component_1755510404039_24.png
centerX: 0.8112903225806452
centerY: 0.049586776859504134
width: 0.024596774193548387
height: 0.02963807352522086
Area: 0.00019121337758207008
CentroidX: 0.8198
CentroidY: 0.0592
