Location: internet_28.png_Otsu.png
Component: component_1755079435777_146.png
centerX: 0.5695284159613059
centerY: 0.09409751924721985
width: 0.05038291011688835
height: 0.03421727972626176
Area: 0.0004359335684593271
CentroidX: 0.5947
CentroidY: 0.1044
