Location: internet_28.png_Otsu.png
Component: component_1755079435773_68.png
centerX: 0.5530028214429665
centerY: 0.05132591958939264
width: 0.037081821846029824
height: 0.0290846877673225
Area: 0.00034881581341261736
CentroidX: 0.5710
CentroidY: 0.0611
