Location: Dedata_22.png_Mean-Medain.png
Component: component_1755510404684_73.png
centerX: 0.9403225806451613
centerY: 0.12966657167284126
width: 0.022983870967741935
height: 0.033912795668281565
Area: 0.0002726859044484689
CentroidX: 0.9495
CentroidY: 0.1417
