Location: internet_28.png_Mean-Medain.png
Component: component_1755079435647_81.png
centerX: 0.26964933494558646
centerY: 0.20758483033932135
width: 0.046352277307537285
height: 0.03364699173082407
Area: 0.0003798472037326855
CentroidX: 0.2937
CentroidY: 0.2189
