Location: internet_28.png_Mean-Closing.png
Component: component_1755079435416_191.png
centerX: 0.6815800080612656
centerY: 0.5483319076133447
width: 0.03385731559854897
height: 0.03421727972626176
Area: 0.00047121740856399715
CentroidX: 0.6957
CentroidY: 0.5610
