Location: Dedata_22.png_Mean-Closing.png
Component: component_1755510404904_155.png
centerX: 0.6673387096774194
centerY: 0.28583642063265885
width: 0.020967741935483872
height: 0.03362781419207751
Area: 0.00025763244743930353
CentroidX: 0.6761
CentroidY: 0.2974
