Location: internet_28.png_Mean-Closing.png
Component: component_1755079435417_193.png
centerX: 0.5719467956469165
centerY: 0.5597376675220986
width: 0.03184199919387344
height: 0.03307670373538637
Area: 0.00047052782211244007
CentroidX: 0.5843
CentroidY: 0.5721
