Location: internet_28.png_Otsu.png
Component: component_1755079435819_654.png
centerX: 0.23538895606610238
centerY: 0.6278870829769033
width: 0.035872632003224506
height: 0.033361847733105215
Area: 0.000455471851253444
CentroidX: 0.2503
CentroidY: 0.6398
