Location: Dedata_22.png_Gaussian-Closing.png
Component: component_1755510404373_34.png
centerX: 0.6495967741935483
centerY: 0.05386149900256483
width: 0.020967741935483872
height: 0.029068110572812767
Area: 0.00023028341867456034
CentroidX: 0.6581
CentroidY: 0.0643
