Location: Dedata_22.png_Mean-Medain.png
Component: component_1755510404782_265.png
centerX: 0.19596774193548386
centerY: 0.4744941578797378
width: 0.02338709677419355
height: 0.03562268452550584
Area: 0.00038139254819404483
CentroidX: 0.2058
CentroidY: 0.4876
