Location: internet_28.png_Gaussian-Closing.png
Component: component_1755079435300_171.png
centerX: 0.9201934703748489
centerY: 0.4864556601083547
width: 0.03788794840790004
height: 0.033932135728542916
Area: 0.0004678844073814713
CentroidX: 0.9371
CentroidY: 0.4986
