Location: Dedata_22.png_Otsu.png
Component: component_1755510404112_563.png
centerX: 0.1963709677419355
centerY: 0.47477913935594185
width: 0.022983870967741935
height: 0.03505272157309775
Area: 0.0003439312734994806
CentroidX: 0.2058
CentroidY: 0.4876
