Location: Dedata_22.png_Mean-Medain.png
Component: component_1755510404805_371.png
centerX: 0.4774193548387097
centerY: 0.6711313764605301
width: 0.027822580645161292
height: 0.03619264747791394
Area: 0.000408741576958788
CentroidX: 0.4873
CentroidY: 0.6844
