Location: internet_28.png_Otsu.png
Component: component_1755079435794_478.png
centerX: 0.39862958484482064
centerY: 0.3073852295409182
width: 0.035872632003224506
height: 0.03364699173082407
Area: 0.00022917256406746592
CentroidX: 0.4155
CentroidY: 0.3173
