Location: internet_28.png_Mean-Medain.png
Component: component_1755079435711_238.png
centerX: 0.509471987101975
centerY: 0.6678072426575421
width: 0.03788794840790004
height: 0.033361847733105215
Area: 0.0004913303467344117
CentroidX: 0.5250
CentroidY: 0.6801
