Location: internet_28.png_Mean-Closing.png
Component: component_1755079435392_82.png
centerX: 0.0765820233776703
centerY: 0.21870544625035643
width: 0.04514308746473196
height: 0.03022526375819789
Area: 0.00037777844437801426
CentroidX: 0.0990
CentroidY: 0.2287
