Location: Dedata_22.png_Otsu.png
Component: component_1755510404069_183.png
centerX: 0.8181451612903226
centerY: 0.2838415502992305
width: 0.02217741935483871
height: 0.027358221715588486
Area: 0.00015179860083288136
CentroidX: 0.8274
CentroidY: 0.2933
