Location: Dedata_22.png_Mean-Closing.png
Component: component_1755510404911_188.png
centerX: 0.3342741935483871
centerY: 0.3348532345397549
width: 0.02620967741935484
height: 0.03505272157309775
Area: 0.00031543312587907593
CentroidX: 0.3446
CentroidY: 0.3468
