Location: Dedata_22.png_Mean-Medain.png
Component: component_1755510404790_304.png
centerX: 0.8935483870967742
centerY: 0.5246508976916501
width: 0.03064516129032258
height: 0.03676261043032203
Area: 0.0004304599233307899
CentroidX: 0.9043
CentroidY: 0.5371
