Location: Dedata_22.png_Otsu.png
Component: component_1755510404141_677.png
centerX: 0.008064516129032258
centerY: 0.6782559133656312
width: 0.027016129032258064
height: 0.03419777714448561
Area: 0.00037932413425385413
CentroidX: 0.0199
CentroidY: 0.6906
