Location: Dedata_22.png_Otsu.png
Component: component_1755510404112_561.png
centerX: 0.11653225806451613
centerY: 0.4744941578797378
width: 0.025403225806451612
height: 0.036477628954117984
Area: 0.00038070307688064793
CentroidX: 0.1274
CentroidY: 0.4875
