Location: internet_28.png_Otsu.png
Component: component_1755079435808_603.png
centerX: 0.07577589681580008
centerY: 0.47961220416310235
width: 0.03506650544135429
height: 0.03450242372398061
Area: 0.000415245974912615
CentroidX: 0.0906
CentroidY: 0.4913
