Location: internet_28.png_Gaussian-Closing.png
Component: component_1755079435306_198.png
centerX: 0.4619105199516324
centerY: 0.564585115483319
width: 0.032245062474808545
height: 0.03136583974907328
Area: 0.00044501312340482853
CentroidX: 0.4748
CentroidY: 0.5763
