Location: internet_28.png_Mean-Medain.png
Component: component_1755079435641_62.png
centerX: 0.2736799677549375
centerY: 0.16053607071571144
width: 0.03869407496977025
height: 0.031080695751354435
Area: 0.00036536588824998705
CentroidX: 0.2916
CentroidY: 0.1707
