Location: internet_28.png_Otsu.png
Component: component_1755079435814_630.png
centerX: 0.6219266424828698
centerY: 0.5554605075563159
width: 0.03788794840790004
height: 0.033361847733105215
Area: 0.0004537478851245514
CentroidX: 0.6386
CentroidY: 0.5671
