Location: Dedata_22.png_Otsu.png
Component: component_1755510404139_671.png
centerX: 0.21693548387096775
centerY: 0.6725562838415503
width: 0.025
height: 0.03818751781134226
Area: 0.00036990135963743003
CentroidX: 0.2259
CentroidY: 0.6856
