Location: Dedata_22.png_Mean-Medain.png
Component: component_1755510404733_165.png
centerX: 0.5383064516129032
centerY: 0.28811627244229127
width: 0.024596774193548387
height: 0.03619264747791394
Area: 0.00028624550694527435
CentroidX: 0.5479
CentroidY: 0.3006
