Location: Dedata_22.png_Mean-Closing.png
Component: component_1755510404945_333.png
centerX: 0.05120967741935484
centerY: 0.622114562553434
width: 0.027016129032258064
height: 0.03676261043032203
Area: 0.0004376993721214573
CentroidX: 0.0626
CentroidY: 0.6352
