Location: internet_28.png_Mean-Closing.png
Component: component_1755079435403_131.png
centerX: 0.8939943571140669
centerY: 0.3900769888793841
width: 0.037081821846029824
height: 0.03507271171941831
Area: 0.0004817910674878722
CentroidX: 0.9092
CentroidY: 0.4021
