Location: internet_28.png_Mean-Closing.png
Component: component_1755079435403_133.png
centerX: 0.8440145102781137
centerY: 0.3946392928428857
width: 0.0354695687222894
height: 0.032506415739948676
Area: 0.00044145026007178363
CentroidX: 0.8582
CentroidY: 0.4057
