Location: Dedata_22.png_Otsu.png
Component: component_1755510404131_635.png
centerX: 0.7758064516129032
centerY: 0.62182958107723
width: 0.025806451612903226
height: 0.032487888287261325
Area: 0.0003523198411458094
CentroidX: 0.7865
CentroidY: 0.6333
