Location: Dedata_22.png_Otsu.png
Component: component_1755510404063_138.png
centerX: 0.8370967741935483
centerY: 0.23624964377315474
width: 0.020967741935483872
height: 0.03305785123966942
Area: 0.0001776537750852646
CentroidX: 0.8473
CentroidY: 0.2466
