Location: Dedata_22.png_Otsu.png
Component: component_1755510404037_13.png
centerX: 0.6588709677419354
centerY: 0.007409518381305215
width: 0.02661290322580645
height: 0.030777999430037048
Area: 0.00026854907656808757
CentroidX: 0.6694
CentroidY: 0.0175
