Location: internet_28.png_Mean-Medain.png
Component: component_1755079435676_117.png
centerX: 0.14469971785570335
centerY: 0.3159395494724836
width: 0.03426037887948408
height: 0.03165098374679213
Area: 0.00032410563223182244
CentroidX: 0.1609
CentroidY: 0.3264
