Location: internet_28.png_Mean-Medain.png
Component: component_1755079435662_97.png
centerX: 0.3373639661426844
centerY: 0.2523524379811805
width: 0.04070939137444579
height: 0.03877958368976333
Area: 0.0003838697913667684
CentroidX: 0.3560
CentroidY: 0.2652
