Location: internet_28.png_Otsu.png
Component: component_1755079435811_615.png
centerX: 0.35147118097541313
centerY: 0.5158254918733961
width: 0.03466344216041919
height: 0.032506415739948676
Area: 0.00041168311157957016
CentroidX: 0.3658
CentroidY: 0.5273
