Location: internet_28.png_Mean-Closing.png
Component: component_1755079435421_209.png
centerX: 0.6783555018137848
centerY: 0.6053607071571143
width: 0.03788794840790004
height: 0.031936127744510975
Area: 0.0005031682474861413
CentroidX: 0.6946
CentroidY: 0.6168
