Location: Dedata_22.png_Otsu.png
Component: component_1755510404121_597.png
centerX: 0.5782258064516129
centerY: 0.5237959532630379
width: 0.02620967741935484
height: 0.037047591906526074
Area: 0.00035818034730968296
CentroidX: 0.5884
CentroidY: 0.5363
