Location: internet_28.png_Mean-Closing.png
Component: component_1755079435396_101.png
centerX: 0.7496977025392987
centerY: 0.29141716566866266
width: 0.031035872632003223
height: 0.032506415739948676
Area: 0.0003310014967473931
CentroidX: 0.7618
CentroidY: 0.3025
