Location: internet_28.png_Mean-Closing.png
Component: component_1755079435422_213.png
centerX: 0.39903264812575573
centerY: 0.6193327630453379
width: 0.036275695284159616
height: 0.033932135728542916
Area: 0.0005036279717871794
CentroidX: 0.4151
CentroidY: 0.6319
