Location: Dedata_22.png_Otsu.png
Component: component_1755510404061_124.png
centerX: 0.1346774193548387
centerY: 0.20347677400968936
width: 0.024596774193548387
height: 0.031062980906241093
Area: 0.00017547044925950782
CentroidX: 0.1447
CentroidY: 0.2134
