Location: Dedata_22.png_Mean-Medain.png
Component: component_1755510404815_396.png
centerX: 0.4830645161290323
centerY: 0.7221430607010544
width: 0.02943548387096774
height: 0.03733257338273012
Area: 0.0004255187122514456
CentroidX: 0.4941
CentroidY: 0.7354
