Location: Dedata_22.png_Mean-Medain.png
Component: component_1755510404733_167.png
centerX: 0.7032258064516129
centerY: 0.28868623539469934
width: 0.021774193548387097
height: 0.031062980906241093
Area: 0.00024188951911674128
CentroidX: 0.7117
CentroidY: 0.2993
