Location: Dedata_22.png_Otsu.png
Component: component_1755510404125_615.png
centerX: 0.39475806451612905
centerY: 0.5753776004559704
width: 0.02379032258064516
height: 0.034482758620689655
Area: 0.0003576057878818522
CentroidX: 0.4043
CentroidY: 0.5874
