Location: internet_28.png_Mean-Medain.png
Component: component_1755079435700_193.png
centerX: 0.9391374445787989
centerY: 0.5400627316794981
width: 0.035872632003224506
height: 0.03421727972626176
Area: 0.000490755691358114
CentroidX: 0.9537
CentroidY: 0.5520
