Location: internet_28.png_Mean-Medain.png
Component: component_1755079435685_137.png
centerX: 0.015316404675534058
centerY: 0.3738237810094098
width: 0.03426037887948408
height: 0.034787567721699456
Area: 0.00045064474609254456
CentroidX: 0.0308
CentroidY: 0.3856
