Location: internet_28.png_Mean-Medain.png
Component: component_1755079435712_241.png
centerX: 0.34058847239016526
centerY: 0.6797832905617337
width: 0.0354695687222894
height: 0.03136583974907328
Area: 0.00045524198910292505
CentroidX: 0.3557
CentroidY: 0.6908
