Location: internet_28.png_Mean-Closing.png
Component: component_1755079435440_231.png
centerX: 0.45425231761386536
centerY: 0.671799258625606
width: 0.035872632003224506
height: 0.031936127744510975
Area: 0.0004871928280250692
CentroidX: 0.4700
CentroidY: 0.6836
