Location: Dedata_22.png_Gaussian-Closing.png
Component: component_1755510404405_176.png
centerX: 0.9028225806451613
centerY: 0.32345397549159305
width: 0.025
height: 0.0347677400968937
Area: 0.00025280614824552534
CentroidX: 0.9120
CentroidY: 0.3361
