Location: Dedata_22.png_Gaussian-Closing.png
Component: component_1755510404420_248.png
centerX: 0.08024193548387097
centerY: 0.43117697349672274
width: 0.024596774193548387
height: 0.03305785123966942
Area: 0.0002645271605732724
CentroidX: 0.0891
CentroidY: 0.4421
