Location: internet_28.png_Otsu.png
Component: component_1755079435796_551.png
centerX: 0.7996775493752519
centerY: 0.34302822925577414
width: 0.03667875856509472
height: 0.03307670373538637
Area: 0.0004247852541591545
CentroidX: 0.8145
CentroidY: 0.3540
