Location: Dedata_22.png_Gaussian-Closing.png
Component: component_1755510404410_199.png
centerX: 0.054838709677419356
centerY: 0.3396979196352237
width: 0.02338709677419355
height: 0.03334283271587347
Area: 0.00029681740041735997
CentroidX: 0.0645
CentroidY: 0.3518
