Location: Dedata_22.png_Otsu.png
Component: component_1755510404067_156.png
centerX: 0.1375
centerY: 0.2467939583927045
width: 0.02217741935483871
height: 0.029068110572812767
Area: 0.00015869331396685022
CentroidX: 0.1476
CentroidY: 0.2562
