Location: Dedata_22.png_Mean-Closing.png
Component: component_1755510404931_266.png
centerX: 0.15524193548387097
centerY: 0.47591906526075806
width: 0.025403225806451612
height: 0.0353377030493018
Area: 0.00039184952978056425
CentroidX: 0.1663
CentroidY: 0.4881
