Location: internet_28.png_Gaussian-Closing.png
Component: component_1755079435272_41.png
centerX: 0.36436920596533656
centerY: 0.1074992871400057
width: 0.04917372027408303
height: 0.035357855717137156
Area: 0.0004538628161998109
CentroidX: 0.3881
CentroidY: 0.1184
