Location: Dedata_22.png_Otsu.png
Component: component_1755510404097_499.png
centerX: 0.39798387096774196
centerY: 0.42120262182958107
width: 0.025
height: 0.03733257338273012
Area: 0.0003635812059312919
CentroidX: 0.4083
CentroidY: 0.4344
