Location: internet_28.png_Mean-Closing.png
Component: component_1755079435392_81.png
centerX: 0.015719467956469165
centerY: 0.2184203022526376
width: 0.045949214026602174
height: 0.03792415169660679
Area: 0.00046730975200517374
CentroidX: 0.0351
CentroidY: 0.2303
