Location: Dedata_22.png_Otsu.png
Component: component_1755510404043_37.png
centerX: 0.20120967741935483
centerY: 0.05842120262182958
width: 0.022983870967741935
height: 0.03305785123966942
Area: 0.0002488991441362763
CentroidX: 0.2098
CentroidY: 0.0697
