Location: Dedata_22.png_Otsu.png
Component: component_1755510404122_602.png
centerX: 0.8935483870967742
centerY: 0.5249358791678541
width: 0.03024193548387097
height: 0.03619264747791394
Area: 0.00038173728385074325
CentroidX: 0.9044
CentroidY: 0.5370
