Location: Dedata_22.png_Mean-Medain.png
Component: component_1755510404811_391.png
centerX: 0.5262096774193549
centerY: 0.7207181533200342
width: 0.031451612903225803
height: 0.03562268452550584
Area: 0.00042103714871436583
CentroidX: 0.5385
CentroidY: 0.7331
