Location: internet_28.png_Otsu.png
Component: component_1755079435823_671.png
centerX: 0.3954050785973398
centerY: 0.6752209865982322
width: 0.036275695284159616
height: 0.03165098374679213
Area: 0.0004052469713650375
CentroidX: 0.4116
CentroidY: 0.6864
