Location: internet_28.png_Mean-Medain.png
Component: component_1755079435627_46.png
centerX: 0.15114873035066506
centerY: 0.11434274308525806
width: 0.0471584038694075
height: 0.033361847733105215
Area: 0.00047052782211244007
CentroidX: 0.1729
CentroidY: 0.1249
