Location: internet_28.png_Gaussian-Closing.png
Component: component_1755079435307_201.png
centerX: 0.2889963724304716
centerY: 0.5711434274308526
width: 0.039500201531640466
height: 0.03364699173082407
Area: 0.0004937438993148613
CentroidX: 0.3065
CentroidY: 0.5831
