Location: Dedata_22.png_Gaussian-Closing.png
Component: component_1755510404385_79.png
centerX: 0.7213709677419354
centerY: 0.13878597891137076
width: 0.02258064516129032
height: 0.031917925334853235
Area: 0.00022924921170446502
CentroidX: 0.7307
CentroidY: 0.1495
