Location: Dedata_22.png_Gaussian-Closing.png
Component: component_1755510404447_377.png
centerX: 0.04798387096774193
centerY: 0.6793958392704474
width: 0.027419354838709678
height: 0.03676261043032203
Area: 0.000411844197869074
CentroidX: 0.0590
CentroidY: 0.6923
