Location: internet_28.png_Mean-Closing.png
Component: component_1755079435388_65.png
centerX: 0.860137041515518
centerY: 0.1722269746221842
width: 0.037081821846029824
height: 0.03421727972626176
Area: 0.00034743664050950325
CentroidX: 0.8763
CentroidY: 0.1837
