Location: internet_28.png_Gaussian-Closing.png
Component: component_1755079435319_258.png
centerX: 0.12333736396614269
centerY: 0.7445109780439122
width: 0.03788794840790004
height: 0.03364699173082407
Area: 0.0005037429028624388
CentroidX: 0.1404
CentroidY: 0.7567
