Location: internet_28.png_Otsu.png
Component: component_1755079435769_7.png
centerX: 0.8061265618702136
centerY: 0.003992015968063872
width: 0.04030632809351068
height: 0.032506415739948676
Area: 0.00033709284373614724
CentroidX: 0.8247
CentroidY: 0.0140
