Location: Dedata_22.png_Otsu.png
Component: component_1755510404114_572.png
centerX: 0.6100806451612903
centerY: 0.47677400968937017
width: 0.027822580645161292
height: 0.039042462239954404
Area: 0.00037024609529412846
CentroidX: 0.6199
CentroidY: 0.4903
