Location: internet_28.png_Gaussian-Closing.png
Component: component_1755079435290_122.png
centerX: 0.6835953244659412
centerY: 0.3481608212147134
width: 0.036275695284159616
height: 0.035642999714856
Area: 0.0004598392321133055
CentroidX: 0.6984
CentroidY: 0.3600
