Location: internet_28.png_Gaussian-Closing.png
Component: component_1755079435289_118.png
centerX: 0.905683192261185
centerY: 0.33475905332192757
width: 0.03869407496977025
height: 0.03364699173082407
Area: 0.00044972529749046845
CentroidX: 0.9214
CentroidY: 0.3460
