Location: Dedata_22.png_Mean-Medain.png
Component: component_1755510404760_211.png
centerX: 0.652016129032258
centerY: 0.37817041892277004
width: 0.02379032258064516
height: 0.034482758620689655
Area: 0.0002903823348256557
CentroidX: 0.6621
CentroidY: 0.3892
