Location: Dedata_22.png_Gaussian-Closing.png
Component: component_1755510404421_255.png
centerX: 0.8028225806451613
centerY: 0.4724992875463095
width: 0.028629032258064516
height: 0.037902536335138216
Area: 0.00039748021217330553
CentroidX: 0.8134
CentroidY: 0.4861
