Location: internet_28.png_Otsu.png
Component: component_1755079435825_684.png
centerX: 0.7484885126964933
centerY: 0.7120045623039635
width: 0.036275695284159616
height: 0.031080695751354435
Area: 0.00042834811749219935
CentroidX: 0.7644
CentroidY: 0.7235
