Location: internet_28.png_Otsu.png
Component: component_1755079435795_492.png
centerX: 0.21039903264812576
centerY: 0.3150841174793271
width: 0.031035872632003223
height: 0.03165098374679213
Area: 0.0001489506735363269
CentroidX: 0.2248
CentroidY: 0.3217
