Location: Dedata_22.png_Otsu.png
Component: component_1755510404135_651.png
centerX: 0.3370967741935484
centerY: 0.6255343402678826
width: 0.028629032258064516
height: 0.0347677400968937
Area: 0.00036277682273232886
CentroidX: 0.3475
CentroidY: 0.6378
