Location: Dedata_22.png_Mean-Closing.png
Component: component_1755510404910_184.png
centerX: 0.5290322580645161
centerY: 0.3328583642063266
width: 0.022983870967741935
height: 0.031917925334853235
Area: 0.00027314555199073353
CentroidX: 0.5378
CentroidY: 0.3442
