Location: internet_28.png_Mean-Medain.png
Component: component_1755079435677_118.png
centerX: 0.07537283353486497
centerY: 0.3202167094382663
width: 0.03869407496977025
height: 0.027944111776447105
Area: 0.0003403109138434135
CentroidX: 0.0943
CentroidY: 0.3294
