Location: internet_28.png_Mean-Closing.png
Component: component_1755079435409_156.png
centerX: 0.6767432486900443
centerY: 0.45223838038209296
width: 0.03788794840790004
height: 0.03706871970345024
Area: 0.0005133971131842379
CentroidX: 0.6916
CentroidY: 0.4645
