Location: Dedata_22.png_Gaussian-Closing.png
Component: component_1755510404373_30.png
centerX: 0.6120967741935484
centerY: 0.051011684240524366
width: 0.02338709677419355
height: 0.031917925334853235
Area: 0.00027176660936393973
CentroidX: 0.6232
CentroidY: 0.0621
