Location: Dedata_22.png_Mean-Closing.png
Component: component_1755510404889_111.png
centerX: 0.4931451612903226
centerY: 0.1957822741521801
width: 0.020967741935483872
height: 0.031062980906241093
Area: 0.00024464740437032885
CentroidX: 0.5014
CentroidY: 0.2067
