Location: Dedata_22.png_Mean-Medain.png
Component: component_1755510404793_316.png
centerX: 0.6709677419354839
centerY: 0.5748076375035622
width: 0.031451612903225803
height: 0.036477628954117984
Area: 0.0004164406732917199
CentroidX: 0.6828
CentroidY: 0.5869
