Location: Dedata_22.png_Otsu.png
Component: component_1755510404149_693.png
centerX: 0.2806451612903226
centerY: 0.7227130236534626
width: 0.024193548387096774
height: 0.037047591906526074
Area: 0.0003536987837726032
CentroidX: 0.2894
CentroidY: 0.7358
