Location: Dedata_22.png_Otsu.png
Component: component_1755510404117_580.png
centerX: 0.2560483870967742
centerY: 0.518381305215161
width: 0.024596774193548387
height: 0.03733257338273012
Area: 0.00039230917732282887
CentroidX: 0.2651
CentroidY: 0.5317
