Location: internet_28.png_Otsu.png
Component: component_1755079435786_245.png
centerX: 0.13744457879887143
centerY: 0.21385799828913601
width: 0.04514308746473196
height: 0.03307670373538637
Area: 0.00034916060663839593
CentroidX: 0.1603
CentroidY: 0.2240
