Location: internet_28.png_Mean-Medain.png
Component: component_1755079435711_236.png
centerX: 0.5695284159613059
centerY: 0.6658112346735101
width: 0.037081821846029824
height: 0.034787567721699456
Area: 0.0005263843246885627
CentroidX: 0.5851
CentroidY: 0.6785
