Location: Dedata_22.png_Mean-Medain.png
Component: component_1755510404738_179.png
centerX: 0.9028225806451613
centerY: 0.32345397549159305
width: 0.025
height: 0.034482758620689655
Area: 0.0002577473593248697
CentroidX: 0.9121
CentroidY: 0.3355
