Location: internet_28.png_Otsu.png
Component: component_1755079435781_182.png
centerX: 0.3333333333333333
centerY: 0.1568291987453664
width: 0.04191858121725111
height: 0.033932135728542916
Area: 0.00035938947233649245
CentroidX: 0.3527
CentroidY: 0.1674
