Location: Dedata_22.png_Mean-Closing.png
Component: component_1755510404938_301.png
centerX: 0.2806451612903226
centerY: 0.5699629524080935
width: 0.02661290322580645
height: 0.03676261043032203
Area: 0.00041609593763502144
CentroidX: 0.2912
CentroidY: 0.5830
