Location: Dedata_22.png_Gaussian-Closing.png
Component: component_1755510404399_144.png
centerX: 0.0068548387096774195
centerY: 0.24622399544029638
width: 0.022983870967741935
height: 0.028783129096608722
Area: 0.00023602901295286774
CentroidX: 0.0166
CentroidY: 0.2568
