Location: Dedata_22.png_Gaussian-Closing.png
Component: component_1755510404375_43.png
centerX: 0.35685483870967744
centerY: 0.05956112852664577
width: 0.022983870967741935
height: 0.030208036477628954
Area: 0.0002561385929269436
CentroidX: 0.3656
CentroidY: 0.0700
