Location: internet_28.png_Gaussian-Closing.png
Component: component_1755079435283_90.png
centerX: 0.46432889963724305
centerY: 0.2435129740518962
width: 0.039500201531640466
height: 0.03592814371257485
Area: 0.00033146122104843115
CentroidX: 0.4827
CentroidY: 0.2556
