Location: Dedata_22.png_Otsu.png
Component: component_1755510404041_32.png
centerX: 0.65
centerY: 0.05386149900256483
width: 0.02056451612903226
height: 0.028783129096608722
Area: 0.00019121337758207008
CentroidX: 0.6580
CentroidY: 0.0639
