Location: internet_28.png_Mean-Medain.png
Component: component_1755079435689_149.png
centerX: 0.35832325675130994
centerY: 0.41146278870829767
width: 0.03385731559854897
height: 0.034787567721699456
Area: 0.0004969619694221277
CentroidX: 0.3719
CentroidY: 0.4247
