Location: Dedata_22.png_Mean-Closing.png
Component: component_1755510404868_4.png
centerX: 0.5669354838709677
centerY: 0.005699629524080934
width: 0.025806451612903226
height: 0.03334283271587347
Area: 0.0003399093575046654
CentroidX: 0.5770
CentroidY: 0.0171
