Location: Dedata_22.png_Mean-Medain.png
Component: component_1755510404773_238.png
centerX: 0.7411290322580645
centerY: 0.4197777144485608
width: 0.025403225806451612
height: 0.03676261043032203
Area: 0.0003749574826023405
CentroidX: 0.7513
CentroidY: 0.4328
