Location: Dedata_22.png_Gaussian-Closing.png
Component: component_1755510404406_181.png
centerX: 0.41008064516129034
centerY: 0.33200341977771447
width: 0.021370967741935483
height: 0.03505272157309775
Area: 0.0002799253532391362
CentroidX: 0.4177
CentroidY: 0.3453
