Location: internet_28.png_Otsu.png
Component: component_1755079435791_374.png
centerX: 0.07496977025392987
centerY: 0.2694610778443114
width: 0.04836759371221282
height: 0.03592814371257485
Area: 0.0002962923120190206
CentroidX: 0.0983
CentroidY: 0.2805
