Location: Dedata_22.png_Mean-Medain.png
Component: component_1755510404798_338.png
centerX: 0.05120967741935484
centerY: 0.622114562553434
width: 0.027016129032258064
height: 0.03676261043032203
Area: 0.00043746954835032495
CentroidX: 0.0626
CentroidY: 0.6352
