Location: Dedata_22.png_Gaussian-Closing.png
Component: component_1755510404395_126.png
centerX: 0.907258064516129
centerY: 0.23168994015389
width: 0.02379032258064516
height: 0.03334283271587347
Area: 0.00024269390231570432
CentroidX: 0.9163
CentroidY: 0.2435
