Location: internet_28.png_Mean-Closing.png
Component: component_1755079435408_155.png
centerX: 0.6299879081015719
centerY: 0.4519532363843741
width: 0.037081821846029824
height: 0.038209295694325636
Area: 0.0005079953526470408
CentroidX: 0.6454
CentroidY: 0.4654
