Location: Dedata_22.png_Otsu.png
Component: component_1755510404057_107.png
centerX: 0.6846774193548387
centerY: 0.1915075520091194
width: 0.020967741935483872
height: 0.030777999430037048
Area: 0.00016880555989667124
CentroidX: 0.6946
CentroidY: 0.2015
