Location: internet_28.png_Mean-Medain.png
Component: component_1755079435643_67.png
centerX: 0.07456670697299476
centerY: 0.1679498146564015
width: 0.04030632809351068
height: 0.03307670373538637
Area: 0.0003942135881401244
CentroidX: 0.0942
CentroidY: 0.1786
