Location: Dedata_22.png_Mean-Closing.png
Component: component_1755510404910_181.png
centerX: 0.6419354838709678
centerY: 0.33257338273012255
width: 0.022983870967741935
height: 0.03362781419207751
Area: 0.0002893481278555604
CentroidX: 0.6510
CentroidY: 0.3444
