Location: internet_28.png_Otsu.png
Component: component_1755079435777_151.png
centerX: 0.36477226924627165
centerY: 0.1074992871400057
width: 0.04877065699314793
height: 0.035357855717137156
Area: 0.00042145225297662863
CentroidX: 0.3882
CentroidY: 0.1181
