Location: Dedata_22.png_Mean-Closing.png
Component: component_1755510404872_24.png
centerX: 0.9354838709677419
centerY: 0.04873183243089199
width: 0.02217741935483871
height: 0.030208036477628954
Area: 0.00025935612572279576
CentroidX: 0.9442
CentroidY: 0.0595
