Location: Dedata_22.png_Gaussian-Closing.png
Component: component_1755510404382_65.png
centerX: 0.3504032258064516
centerY: 0.10316329438586491
width: 0.02258064516129032
height: 0.03220290681105728
Area: 0.00026027542080732494
CentroidX: 0.3598
CentroidY: 0.1146
