Location: internet_28.png_Otsu.png
Component: component_1755079435806_593.png
centerX: 0.5783958081418783
centerY: 0.4568006843455945
width: 0.03869407496977025
height: 0.03421727972626176
Area: 0.00043742767243770073
CentroidX: 0.5960
CentroidY: 0.4679
