Location: Dedata_22.png_Otsu.png
Component: component_1755510404070_190.png
centerX: 0.42258064516129035
centerY: 0.2884012539184953
width: 0.021774193548387097
height: 0.029068110572812767
Area: 0.00016087663979260703
CentroidX: 0.4321
CentroidY: 0.2974
