Location: Dedata_22.png_Mean-Medain.png
Component: component_1755510404772_237.png
centerX: 0.5903225806451613
centerY: 0.4194927329723568
width: 0.024596774193548387
height: 0.0347677400968937
Area: 0.0003776004559703619
CentroidX: 0.6014
CentroidY: 0.4319
