Location: Dedata_22.png_Gaussian-Closing.png
Component: component_1755510404414_216.png
centerX: 0.32217741935483873
centerY: 0.38273012254203476
width: 0.024596774193548387
height: 0.03163294385864919
Area: 0.0002555640334991129
CentroidX: 0.3322
CentroidY: 0.3933
