Location: Dedata_22.png_Mean-Medain.png
Component: component_1755510404730_158.png
centerX: 0.7790322580645161
centerY: 0.2846964947278427
width: 0.027016129032258064
height: 0.031062980906241093
Area: 0.0002433833736291012
CentroidX: 0.7892
CentroidY: 0.2947
