Location: Dedata_22.png_Mean-Medain.png
Component: component_1755510404783_271.png
centerX: 0.6491935483870968
centerY: 0.475634083784554
width: 0.02943548387096774
height: 0.03875748076375036
Area: 0.00042402485773908565
CentroidX: 0.6601
CentroidY: 0.4889
