Location: Dedata_22.png_Mean-Medain.png
Component: component_1755510404797_332.png
centerX: 0.6967741935483871
centerY: 0.6198347107438017
width: 0.025806451612903226
height: 0.03505272157309775
Area: 0.0003855293760744261
CentroidX: 0.7067
CentroidY: 0.6326
