Location: internet_28.png_Mean-Medain.png
Component: component_1755079435682_131.png
centerX: 0.3825070536074164
centerY: 0.35785571713715425
width: 0.04232164449818621
height: 0.033932135728542916
Area: 0.00048627337942299314
CentroidX: 0.4022
CentroidY: 0.3689
