Location: Dedata_22.png_Otsu.png
Component: component_1755510404136_655.png
centerX: 0.7012096774193548
centerY: 0.664291821031633
width: 0.02620967741935484
height: 0.03562268452550584
Area: 0.0003674882100405409
CentroidX: 0.7109
CentroidY: 0.6769
