Location: Dedata_22.png_Gaussian-Closing.png
Component: component_1755510404444_366.png
centerX: 0.521774193548387
centerY: 0.6699914505557139
width: 0.02258064516129032
height: 0.03362781419207751
Area: 0.0003468040706386343
CentroidX: 0.5308
CentroidY: 0.6825
