Location: internet_28.png_Gaussian-Closing.png
Component: component_1755079435278_69.png
centerX: 0.7541313986295849
centerY: 0.17792985457656116
width: 0.04070939137444579
height: 0.035357855717137156
Area: 0.0003759395471738621
CentroidX: 0.7734
CentroidY: 0.1897
