Location: internet_28.png_Otsu.png
Component: component_1755079435796_544.png
centerX: 0.9060862555421201
centerY: 0.33475905332192757
width: 0.03788794840790004
height: 0.033361847733105215
Area: 0.00042903770394375643
CentroidX: 0.9215
CentroidY: 0.3458
