Location: internet_28.png_Otsu.png
Component: component_1755079435794_481.png
centerX: 0.33615477629987905
centerY: 0.3088109495295124
width: 0.03184199919387344
height: 0.033361847733105215
Area: 0.00024825112256054483
CentroidX: 0.3513
CentroidY: 0.3197
