Location: Dedata_22.png_Mean-Closing.png
Component: component_1755510404921_227.png
centerX: 0.7762096774193549
centerY: 0.4177828441151325
width: 0.027419354838709678
height: 0.03733257338273012
Area: 0.0003957565338898133
CentroidX: 0.7872
CentroidY: 0.4309
