Location: Dedata_22.png_Mean-Closing.png
Component: component_1755510404871_19.png
centerX: 0.8358870967741936
centerY: 0.008264462809917356
width: 0.027822580645161292
height: 0.03163294385864919
Area: 0.0003009542282977413
CentroidX: 0.8463
CentroidY: 0.0186
