Location: Dedata_22.png_Mean-Closing.png
Component: component_1755510404930_262.png
centerX: 0.23548387096774193
centerY: 0.47477913935594185
width: 0.025806451612903226
height: 0.03562268452550584
Area: 0.0003674882100405409
CentroidX: 0.2456
CentroidY: 0.4873
