Location: internet_28.png_Mean-Medain.png
Component: component_1755079435645_74.png
centerX: 0.58484482063684
centerY: 0.19019104647847163
width: 0.030632809351068116
height: 0.03307670373538637
Area: 0.0003138767665337259
CentroidX: 0.5980
CentroidY: 0.2018
