Location: internet_28.png_Otsu.png
Component: component_1755079435818_651.png
centerX: 0.39903264812575573
centerY: 0.6196179070430567
width: 0.036275695284159616
height: 0.03364699173082407
Area: 0.0004598392321133055
CentroidX: 0.4151
CentroidY: 0.6319
