Location: Dedata_22.png_Mean-Closing.png
Component: component_1755510404933_278.png
centerX: 0.2120967741935484
centerY: 0.5195212311199772
width: 0.02661290322580645
height: 0.03733257338273012
Area: 0.00041494681877936
CentroidX: 0.2225
CentroidY: 0.5325
