Location: internet_28.png_Gaussian-Closing.png
Component: component_1755079435317_252.png
centerX: 0.4558645707376058
centerY: 0.7288280581693756
width: 0.032648125755743655
height: 0.033361847733105215
Area: 0.0004739757543702254
CentroidX: 0.4687
CentroidY: 0.7411
