Location: Dedata_22.png_Gaussian-Closing.png
Component: component_1755510404446_371.png
centerX: 0.369758064516129
centerY: 0.6722713023653463
width: 0.024596774193548387
height: 0.03619264747791394
Area: 0.0003855293760744261
CentroidX: 0.3789
CentroidY: 0.6854
