Location: internet_28.png_Mean-Medain.png
Component: component_1755079435701_198.png
centerX: 0.7347843611446997
centerY: 0.547761619617907
width: 0.03829101168883515
height: 0.03165098374679213
Area: 0.0004588048524359699
CentroidX: 0.7504
CentroidY: 0.5589
