Location: internet_28.png_Gaussian-Closing.png
Component: component_1755079435275_56.png
centerX: 0.4550584441757356
centerY: 0.15169660678642716
width: 0.039500201531640466
height: 0.03849443969204448
Area: 0.00040869490362282286
CentroidX: 0.4725
CentroidY: 0.1650
