Location: Dedata_22.png_Gaussian-Closing.png
Component: component_1755510404400_152.png
centerX: 0.8866935483870968
centerY: 0.2801367911085779
width: 0.024193548387096774
height: 0.030777999430037048
Area: 0.00022384835308285607
CentroidX: 0.8969
CentroidY: 0.2901
