Location: internet_28.png_Mean-Closing.png
Component: component_1755079435412_172.png
centerX: 0.6763401854091092
centerY: 0.49700598802395207
width: 0.03506650544135429
height: 0.03279155973766752
Area: 0.00046167812931745766
CentroidX: 0.6906
CentroidY: 0.5092
