Location: 2025-04-18_221802-1.png_Gaussian-Median.png
Component: component_1745009951123_585.png
centerX: 0.790341578327444
centerY: 0.9080017115960634
width: 0.024146054181389872
height: 0.03594351732991014
Area: 0.00036590657890956817
CentroidX: 0.8049
CentroidY: 0.9260
