Location: 2025-04-18_221802-1.png_Gaussian-Median.png
Component: component_1745009950892_78.png
centerX: 0.483510011778563
centerY: 0.12665810868635002
width: 0.028857479387514724
height: 0.030380830124090714
Area: 0.0003880827352071177
CentroidX: 0.5002
CentroidY: 0.1422
