Location: easy26_Mean-Closing.png
Component: component_1744297382079_533.png
centerX: 0.325
centerY: 0.3692528735632184
width: 0.013709677419354839
height: 0.014367816091954023
Area: 7.917748115189716e-05
CentroidX: 0.3331
CentroidY: 0.3761
