Location: 2025-04-18_221802-1.png_Mean-Closing.png
Component: component_1745009950653_99.png
centerX: 0.037102473498233215
centerY: 0.1339323919554985
width: 0.024734982332155476
height: 0.02738553701326487
Area: 0.0003210502627622519
CentroidX: 0.0515
CentroidY: 0.1480
