Location: easy16_Gaussian-Median.png
Component: component_1744297381678_193.png
centerX: 0.3943548387096774
centerY: 0.13553639846743296
width: 0.014516129032258065
height: 0.014367816091954023
Area: 7.840501792114695e-05
CentroidX: 0.4027
CentroidY: 0.1420
