Location: 2025-04-18_221825-1.png_Mean-Medain.png
Component: component_1745009950559_212.png
centerX: 0.44110718492343937
centerY: 0.2537441163885323
width: 0.025323910482921083
height: 0.03123662815575524
Area: 0.0003291143195977245
CentroidX: 0.4560
CentroidY: 0.2696
