Location: 2025-04-18_221802-1.png_Mean-Closing.png
Component: component_1745009950668_168.png
centerX: 0.4752650176678445
centerY: 0.2631578947368421
width: 0.024734982332155476
height: 0.02995293110825845
Area: 0.0003346583586721119
CentroidX: 0.4895
CentroidY: 0.2788
