Location: 2025-04-18_221802-1.png_Mean-Closing.png
Component: component_1745009950646_76.png
centerX: 0.09305064782096584
centerY: 0.0975609756097561
width: 0.028268551236749116
height: 0.02866923406076166
Area: 0.00038707472810268367
CentroidX: 0.1087
CentroidY: 0.1116
