Location: 2025-04-18_221802-1.png_Gaussian-Median.png
Component: component_1745009951087_496.png
centerX: 0.03651354534746761
centerY: 0.7445442875481386
width: 0.02120141342756184
height: 0.029525032092426188
Area: 0.0003477624510297549
CentroidX: 0.0484
CentroidY: 0.7587
