Location: 2025-04-18_221825-1.png_Gaussian-Closing.png
Component: component_1745009950792_83.png
centerX: 0.8822143698468787
centerY: 0.10312366281557553
width: 0.027090694935217905
height: 0.03508771929824561
Area: 0.0003260902982844223
CentroidX: 0.8983
CentroidY: 0.1211
