Location: 2025-04-18_221825-1.png_Mean-Medain.png
Component: component_1745009950546_135.png
centerX: 0.37338044758539457
centerY: 0.14249037227214378
width: 0.023557126030624265
height: 0.029525032092426188
Area: 0.00030114212244967904
CentroidX: 0.3871
CentroidY: 0.1572
