Location: 2025-04-18_221825-1.png_Mean-Medain.png
Component: component_1745009950602_273.png
centerX: 0.3486454652532391
centerY: 0.3718442447582371
width: 0.022968197879858657
height: 0.03337612323491656
Area: 0.00034045439952260783
CentroidX: 0.3624
CentroidY: 0.3882
