Location: 2025-04-18_221825-1.png_Mean-Medain.png
Component: component_1745009950560_218.png
centerX: 0.6831566548881036
centerY: 0.2558836114676936
width: 0.022968197879858657
height: 0.0329482242190843
Area: 0.00029736209580805123
CentroidX: 0.6971
CentroidY: 0.2716
