Location: 2025-04-18_221825-1.png_Gaussian-Closing.png
Component: component_1745009950792_86.png
centerX: 0.41401648998822144
centerY: 0.10355156183140779
width: 0.028268551236749116
height: 0.03551561831407788
Area: 0.000342974417283693
CentroidX: 0.4318
CentroidY: 0.1214
