Location: 2025-04-18_221802-1.png_Gaussian-Median.png
Component: component_1745009950962_171.png
centerX: 0.31625441696113077
centerY: 0.2640136927685066
width: 0.024146054181389872
height: 0.028241335044929396
Area: 0.0003764906535061259
CentroidX: 0.3292
CentroidY: 0.2785
