Location: 2025-04-18_221802-1.png_Mean-Closing.png
Component: component_1745009950649_94.png
centerX: 0.13898704358068315
centerY: 0.12965340179717585
width: 0.025323910482921083
height: 0.03209242618741977
Area: 0.00037069461265563
CentroidX: 0.1536
CentroidY: 0.1456
