Location: 2025-04-18_221825-1.png_Mean-Medain.png
Component: component_1745009950562_236.png
centerX: 0.5588928150765606
centerY: 0.2973898160034232
width: 0.021790341578327443
height: 0.036371416345742404
Area: 0.000342470413731476
CentroidX: 0.5711
CentroidY: 0.3148
