Location: 2025-04-18_221802-1.png_Mean-Closing.png
Component: component_1745009950686_248.png
centerX: 0.2137809187279152
centerY: 0.3748395378690629
width: 0.027090694935217905
height: 0.03594351732991014
Area: 0.00038631872277435813
CentroidX: 0.2305
CentroidY: 0.3929
