Location: 2025-04-18_221825-1.png_Mean-Medain.png
Component: component_1745009950566_251.png
centerX: 0.05182567726737338
centerY: 0.3337612323491656
width: 0.02061248527679623
height: 0.0329482242190843
Area: 0.00030290613488243864
CentroidX: 0.0635
CentroidY: 0.3509
