Location: 2025-04-18_221825-1.png_Mean-Medain.png
Component: component_1745009950534_65.png
centerX: 0.5865724381625441
centerY: 0.032520325203252036
width: 0.026501766784452298
height: 0.03337612323491656
Area: 0.00036263055582015744
CentroidX: 0.6033
CentroidY: 0.0496
