Location: easy16_Gaussian-Median.png
Component: component_1744297381748_333.png
centerX: 0.4120967741935484
centerY: 0.22509578544061304
width: 0.014516129032258065
height: 0.014367816091954023
Area: 8.419849215177358e-05
CentroidX: 0.4203
CentroidY: 0.2316
