Location: 2025-04-18_221802-1.png_Mean-Closing.png
Component: component_1745009950651_97.png
centerX: 0.2767962308598351
centerY: 0.13008130081300814
width: 0.024734982332155476
height: 0.02866923406076166
Area: 0.0003472584474775378
CentroidX: 0.2902
CentroidY: 0.1446
