Location: 2025-04-18_221825-1.png_Gaussian-Closing.png
Component: component_1745009950817_201.png
centerX: 0.2308598351001178
centerY: 0.3333333333333333
width: 0.024734982332155476
height: 0.032520325203252036
Area: 0.0003449904314925612
CentroidX: 0.2443
CentroidY: 0.3495
