Location: 2025-04-18_221802-1.png_Gaussian-Median.png
Component: component_1745009950974_194.png
centerX: 0.8138987043580683
centerY: 0.2991014120667522
width: 0.027090694935217905
height: 0.02995293110825845
Area: 0.0003449904314925612
CentroidX: 0.8290
CentroidY: 0.3148
