Location: 2025-04-18_221802-1.png_Mean-Closing.png
Component: component_1745009950738_510.png
centerX: 0.41813898704358066
centerY: 0.8078733418913137
width: 0.023557126030624265
height: 0.03123662815575524
Area: 0.0003641425664768085
CentroidX: 0.4311
CentroidY: 0.8239
