Location: 2025-04-18_221825-1.png_Gaussian-Closing.png
Component: component_1745009950798_121.png
centerX: 0.0636042402826855
centerY: 0.17458279845956354
width: 0.0176678445229682
height: 0.029097133076593923
Area: 0.0002807299785848891
CentroidX: 0.0742
CentroidY: 0.1885
