Location: 2025-04-18_221825-1.png_Mean-Medain.png
Component: component_1745009950540_104.png
centerX: 0.7449941107184923
centerY: 0.10269576379974327
width: 0.023557126030624265
height: 0.03936670945656825
Area: 0.0003596065345068552
CentroidX: 0.7594
CentroidY: 0.1221
