Location: 2025-04-18_221825-1.png_Gaussian-Closing.png
Component: component_1745009950802_131.png
centerX: 0.6154299175500589
centerY: 0.17843388960205392
width: 0.022968197879858657
height: 0.031664527171587506
Area: 0.00031172619704623677
CentroidX: 0.6296
CentroidY: 0.1942
