Location: 2025-04-18_221825-1.png_Gaussian-Closing.png
Component: component_1745009950784_44.png
centerX: 0.8816254416961131
centerY: 0.029525032092426188
width: 0.030035335689045935
height: 0.03465982028241335
Area: 0.0003860667209982496
CentroidX: 0.9003
CentroidY: 0.0472
