Location: 2025-04-18_221802-1.png_Mean-Closing.png
Component: component_1745009950719_411.png
centerX: 0.7614840989399293
centerY: 0.6401369276850664
width: 0.026501766784452298
height: 0.032520325203252036
Area: 0.0003313823355827012
CentroidX: 0.7782
CentroidY: 0.6573
