Location: 2025-04-18_221802-1.png_Gaussian-Median.png
Component: component_1745009951043_310.png
centerX: 0.07714958775029446
centerY: 0.4771074026529739
width: 0.021790341578327443
height: 0.029097133076593923
Area: 0.00030870217573293455
CentroidX: 0.0893
CentroidY: 0.4908
