Location: 2025-04-18_221802-1.png_Gaussian-Median.png
Component: component_1745009950880_51.png
centerX: 0.8857479387514723
centerY: 0.09114249037227215
width: 0.028268551236749116
height: 0.02995293110825845
Area: 0.0003817826908044048
CentroidX: 0.9024
CentroidY: 0.1070
