Location: 2025-04-18_221802-1.png_Gaussian-Median.png
Component: component_1745009951062_376.png
centerX: 0.24734982332155478
centerY: 0.5733846812152332
width: 0.028268551236749116
height: 0.02995293110825845
Area: 0.0003805226819238622
CentroidX: 0.2637
CentroidY: 0.5889
