Location: 2025-04-18_221825-1.png_Mean-Medain.png
Component: component_1745009950562_232.png
centerX: 0.05653710247349823
centerY: 0.29696191698759095
width: 0.02120141342756184
height: 0.030380830124090714
Area: 0.0002892980389725787
CentroidX: 0.0686
CentroidY: 0.3119
