Location: 2025-04-18_221802-1.png_Mean-Closing.png
Component: component_1745009950676_206.png
centerX: 0.18138987043580684
centerY: 0.30509199828840394
width: 0.027090694935217905
height: 0.0329482242190843
Area: 0.00037825466593888554
CentroidX: 0.1974
CentroidY: 0.3213
