Location: 2025-04-18_221802-1.png_Gaussian-Median.png
Component: component_1745009950951_160.png
centerX: 0.3916372202591284
centerY: 0.2605905006418485
width: 0.024146054181389872
height: 0.030380830124090714
Area: 0.00039539078671426477
CentroidX: 0.4048
CentroidY: 0.2762
