Location: 2025-04-18_221802-1.png_Gaussian-Median.png
Component: component_1745009950997_229.png
centerX: 0.6955241460541813
centerY: 0.3675652545999144
width: 0.027090694935217905
height: 0.03337612323491656
Area: 0.00039513878493815626
CentroidX: 0.7114
CentroidY: 0.3847
