Location: easy26_Mean-Closing.png
Component: component_1744297382183_1052.png
centerX: 0.6532258064516129
centerY: 0.8156130268199234
width: 0.01532258064516129
height: 0.014846743295019157
Area: 0.0001089173155357805
CentroidX: 0.6608
CentroidY: 0.8231
