Location: 2025-04-18_221802-1.png_Mean-Closing.png
Component: component_1745009950702_322.png
centerX: 0.42697290930506476
centerY: 0.5027813436029097
width: 0.026501766784452298
height: 0.03209242618741977
Area: 0.00038833473698322624
CentroidX: 0.4437
CentroidY: 0.5191
