Location: 2025-04-18_221802-1.png_Mean-Closing.png
Component: component_1745009950708_355.png
centerX: 0.5035335689045937
centerY: 0.5682498930252461
width: 0.02120141342756184
height: 0.0329482242190843
Area: 0.0003956427884903733
CentroidX: 0.5149
CentroidY: 0.5845
