Location: easy26_Mean-Closing.png
Component: component_1744297382192_1098.png
centerX: 0.5959677419354839
centerY: 0.8386015325670498
width: 0.016129032258064516
height: 0.014846743295019157
Area: 0.0001089173155357805
CentroidX: 0.6040
CentroidY: 0.8460
