Location: 2025-04-18_221825-1.png_Gaussian-Closing.png
Component: component_1745009950813_181.png
centerX: 0.7997644287396938
centerY: 0.2952503209242619
width: 0.02591283863368669
height: 0.03465982028241335
Area: 0.0003311303338065927
CentroidX: 0.8137
CentroidY: 0.3127
