Location: 2025-04-18_221802-1.png_Mean-Closing.png
Component: component_1745009950675_198.png
centerX: 0.8144876325088339
centerY: 0.2991014120667522
width: 0.026501766784452298
height: 0.02995293110825845
Area: 0.0003480144528058634
CentroidX: 0.8290
CentroidY: 0.3148
