Location: 2025-04-18_221825-1.png_Gaussian-Closing.png
Component: component_1745009950797_115.png
centerX: 0.8309776207302709
centerY: 0.14206247325631152
width: 0.024146054181389872
height: 0.03465982028241335
Area: 0.000321554266314469
CentroidX: 0.8454
CentroidY: 0.1594
