Location: easy16_Gaussian-Median.png
Component: component_1744297381724_297.png
centerX: 0.22741935483870968
centerY: 0.20306513409961685
width: 0.014516129032258065
height: 0.014846743295019157
Area: 8.342602892102336e-05
CentroidX: 0.2356
CentroidY: 0.2099
