Location: 2025-04-18_221825-1.png_Mean-Medain.png
Component: component_1745009950570_272.png
centerX: 0.18492343934040048
centerY: 0.3718442447582371
width: 0.022968197879858657
height: 0.03423192126658109
Area: 0.0003318863391349182
CentroidX: 0.1989
CentroidY: 0.3888
