Location: 2025-04-18_221825-1.png_Gaussian-Closing.png
Component: component_1745009950803_136.png
centerX: 0.32685512367491165
centerY: 0.18014548566538297
width: 0.02120141342756184
height: 0.032520325203252036
Area: 0.00033642237110487156
CentroidX: 0.3389
CentroidY: 0.1959
