Location: 2025-04-18_221802-1.png_Mean-Closing.png
Component: component_1745009950721_417.png
centerX: 0.1696113074204947
centerY: 0.6713735558408216
width: 0.024734982332155476
height: 0.032520325203252036
Area: 0.0003717026197600641
CentroidX: 0.1846
CentroidY: 0.6882
