Location: 2025-04-18_221802-1.png_Mean-Closing.png
Component: component_1745009950675_197.png
centerX: 0.5441696113074205
centerY: 0.29867351305092
width: 0.03180212014134275
height: 0.031664527171587506
Area: 0.0003762386517300174
CentroidX: 0.5623
CentroidY: 0.3154
