Location: 2025-04-18_221802-1.png_Mean-Closing.png
Component: component_1745009950659_126.png
centerX: 0.8003533568904594
centerY: 0.19426615318784768
width: 0.027090694935217905
height: 0.02995293110825845
Area: 0.0003467544439253208
CentroidX: 0.8160
CentroidY: 0.2098
