Location: 2025-04-18_221802-1.png_Gaussian-Median.png
Component: component_1745009950880_53.png
centerX: 0.4905771495877503
centerY: 0.09157038938810441
width: 0.028857479387514724
height: 0.03080872913992298
Area: 0.00040496685420638844
CentroidX: 0.5066
CentroidY: 0.1081
