Location: 2025-04-18_221802-1.png_Gaussian-Median.png
Component: component_1745009950990_215.png
centerX: 0.6566548881036514
centerY: 0.3337612323491656
width: 0.02944640753828033
height: 0.03337612323491656
Area: 0.00039387877605761364
CentroidX: 0.6733
CentroidY: 0.3511
