Location: 2025-04-18_221802-1.png_Gaussian-Median.png
Component: component_1745009951078_445.png
centerX: 0.7385159010600707
centerY: 0.6735130509199829
width: 0.028268551236749116
height: 0.03337612323491656
Area: 0.00038909074231155183
CentroidX: 0.7549
CentroidY: 0.6907
