Location: 2025-04-18_221802-1.png_Mean-Closing.png
Component: component_1745009950722_421.png
centerX: 0.08244994110718493
centerY: 0.6722293538724861
width: 0.02237926972909305
height: 0.031664527171587506
Area: 0.0003346583586721119
CentroidX: 0.0958
CentroidY: 0.6881
