Location: 2025-04-18_221825-1.png_Gaussian-Closing.png
Component: component_1745009950809_159.png
centerX: 0.0977620730270907
centerY: 0.24989302524604193
width: 0.02237926972909305
height: 0.032520325203252036
Area: 0.000349778465238623
CentroidX: 0.1104
CentroidY: 0.2659
