Location: 2025-04-18_221802-1.png_Gaussian-Median.png
Component: component_1745009951040_290.png
centerX: 0.8928150765606596
centerY: 0.464270432178006
width: 0.024734982332155476
height: 0.02866923406076166
Area: 0.0002807299785848891
CentroidX: 0.9082
CentroidY: 0.4782
