Location: 2025-04-18_221802-1.png_Gaussian-Median.png
Component: component_1745009951052_347.png
centerX: 0.6448763250883393
centerY: 0.537441163885323
width: 0.022968197879858657
height: 0.032520325203252036
Area: 0.00035179447944749115
CentroidX: 0.6573
CentroidY: 0.5544
