Location: 2025-04-18_221802-1.png_Mean-Closing.png
Component: component_1745009950639_41.png
centerX: 0.535924617196702
centerY: 0.057766367137355584
width: 0.025323910482921083
height: 0.029525032092426188
Area: 0.0003583465256263126
CentroidX: 0.5501
CentroidY: 0.0732
