Location: 2025-04-18_221802-1.png_Mean-Closing.png
Component: component_1745009950675_200.png
centerX: 0.08244994110718493
centerY: 0.3008130081300813
width: 0.022968197879858657
height: 0.036799315361574665
Area: 0.00037119861620784706
CentroidX: 0.0960
CentroidY: 0.3193
