Location: 2025-04-18_221802-1.png_Mean-Closing.png
Component: component_1745009950698_301.png
centerX: 0.502944640753828
centerY: 0.46983311938382544
width: 0.023557126030624265
height: 0.03080872913992298
Area: 0.0003762386517300174
CentroidX: 0.5149
CentroidY: 0.4856
