Location: 2025-04-18_221802-1.png_Mean-Closing.png
Component: component_1745009950713_379.png
centerX: 0.6148409893992933
centerY: 0.6029097133076594
width: 0.024146054181389872
height: 0.03080872913992298
Area: 0.00032835831426939897
CentroidX: 0.6298
CentroidY: 0.6191
