Location: 2025-04-18_221802-1.png_Mean-Closing.png
Component: component_1745009950647_82.png
centerX: 0.806831566548881
centerY: 0.12623020967051776
width: 0.028857479387514724
height: 0.029525032092426188
Area: 0.00036464657002902555
CentroidX: 0.8235
CentroidY: 0.1413
