Location: 2025-04-18_221802-1.png_Mean-Closing.png
Component: component_1745009950705_337.png
centerX: 0.7626619552414605
centerY: 0.5348737697903295
width: 0.02767962308598351
height: 0.037227214377406934
Area: 0.0004276470140561551
CentroidX: 0.7786
CentroidY: 0.5536
