Location: 2025-04-18_221825-1.png_Mean-Medain.png
Component: component_1745009950558_206.png
centerX: 0.3992932862190813
centerY: 0.251604621309371
width: 0.025323910482921083
height: 0.03423192126658109
Area: 0.0003422184119553675
CentroidX: 0.4148
CentroidY: 0.2688
