Location: 2025-04-18_221802-1.png_Gaussian-Median.png
Component: component_1745009950898_85.png
centerX: 0.0895170789163722
centerY: 0.12965340179717585
width: 0.026501766784452298
height: 0.03123662815575524
Area: 0.00037321463041671516
CentroidX: 0.1045
CentroidY: 0.1454
