Location: 2025-04-18_221802-1.png_Gaussian-Median.png
Component: component_1745009951027_263.png
centerX: 0.17373380447585396
centerY: 0.40821566110397944
width: 0.026501766784452298
height: 0.030380830124090714
Area: 0.00031953825210560084
CentroidX: 0.1892
CentroidY: 0.4241
