Location: 2025-04-18_221802-1.png_Gaussian-Median.png
Component: component_1745009951059_360.png
centerX: 0.5035335689045937
centerY: 0.5682498930252461
width: 0.02120141342756184
height: 0.0329482242190843
Area: 0.000391610760072637
CentroidX: 0.5150
CentroidY: 0.5844
