Location: 2025-04-18_221802-1.png_Mean-Closing.png
Component: component_1745009950722_424.png
centerX: 0.21083627797408716
centerY: 0.6726572528883183
width: 0.02591283863368669
height: 0.0329482242190843
Area: 0.00039110675652041994
CentroidX: 0.2256
CentroidY: 0.6886
