Location: 2025-04-18_221802-1.png_Mean-Closing.png
Component: component_1745009950689_269.png
centerX: 0.21554770318021202
centerY: 0.4120667522464698
width: 0.028268551236749116
height: 0.026957637997432605
Area: 0.0003258382965083138
CentroidX: 0.2315
CentroidY: 0.4261
