Location: 2025-04-18_221825-1.png_Gaussian-Closing.png
Component: component_1745009950794_101.png
centerX: 0.15665488810365136
centerY: 0.13906718014548566
width: 0.02061248527679623
height: 0.032520325203252036
Area: 0.0003175222378967327
CentroidX: 0.1688
CentroidY: 0.1549
