Location: 2025-04-18_221802-1.png_Mean-Closing.png
Component: component_1745009950733_483.png
centerX: 0.5959952885747939
centerY: 0.7732135216089003
width: 0.02591283863368669
height: 0.02866923406076166
Area: 0.0003555745060891189
CentroidX: 0.6107
CentroidY: 0.7882
