Location: 2025-04-18_221802-1.png_Mean-Closing.png
Component: component_1745009950703_330.png
centerX: 0.12308598351001178
centerY: 0.5091998288403937
width: 0.024734982332155476
height: 0.026529738981600343
Area: 0.0003134902094789964
CentroidX: 0.1364
CentroidY: 0.5227
