Location: 2025-04-18_221825-1.png_Gaussian-Closing.png
Component: component_1745009950788_61.png
centerX: 0.541813898704358
centerY: 0.06675224646983312
width: 0.02591283863368669
height: 0.0329482242190843
Area: 0.00033793438176152264
CentroidX: 0.5576
CentroidY: 0.0833
