Location: 2025-04-18_221802-1.png_Mean-Closing.png
Component: component_1745009950728_457.png
centerX: 0.03415783274440518
centerY: 0.7128797603765511
width: 0.02120141342756184
height: 0.025673940949935817
Area: 0.0002784619625999124
CentroidX: 0.0465
CentroidY: 0.7259
