Location: 2025-04-18_221825-1.png_Mean-Medain.png
Component: component_1745009950545_132.png
centerX: 0.6967020023557126
centerY: 0.14163457424047926
width: 0.026501766784452298
height: 0.03209242618741977
Area: 0.00033213834091102673
CentroidX: 0.7129
CentroidY: 0.1579
