Location: 2025-04-18_221802-1.png_Mean-Closing.png
Component: component_1745009950694_286.png
centerX: 0.13133097762073026
centerY: 0.4428754813863928
width: 0.02120141342756184
height: 0.0329482242190843
Area: 0.00032987032492605005
CentroidX: 0.1439
CentroidY: 0.4595
