Location: 2025-04-18_221825-1.png_Gaussian-Closing.png
Component: component_1745009950783_41.png
centerX: 0.7991755005889282
centerY: 0.02866923406076166
width: 0.028268551236749116
height: 0.02995293110825845
Area: 0.00034650244214921226
CentroidX: 0.8155
CentroidY: 0.0433
