Location: easy21_Mean-Medain.png
Component: component_1744297380911_714.png
centerX: 0.6314516129032258
centerY: 0.5632183908045977
width: 0.014516129032258065
height: 0.014846743295019157
Area: 9.771659868990237e-05
CentroidX: 0.6401
CentroidY: 0.5700
