Location: 2025-04-18_221825-1.png_Mean-Medain.png
Component: component_1745009950556_194.png
centerX: 0.4882214369846879
centerY: 0.21822849807445444
width: 0.025323910482921083
height: 0.03080872913992298
Area: 0.00033541436400043746
CentroidX: 0.5036
CentroidY: 0.2338
