Location: 2025-04-18_221802-1.png_Mean-Closing.png
Component: component_1745009950631_19.png
centerX: 0.5765606595995288
centerY: 0.020967051775780916
width: 0.028857479387514724
height: 0.03337612323491656
Area: 0.00044553914015985985
CentroidX: 0.5928
CentroidY: 0.0375
