Location: 2025-04-18_221825-1.png_Mean-Medain.png
Component: component_1745009950544_128.png
centerX: 0.23910482921083628
centerY: 0.14120667522464697
width: 0.021790341578327443
height: 0.03465982028241335
Area: 0.00031449821658343047
CentroidX: 0.2531
CentroidY: 0.1592
