Location: 2025-04-18_221802-1.png_Gaussian-Median.png
Component: component_1745009950967_177.png
centerX: 0.549469964664311
centerY: 0.26486949080017114
width: 0.02591283863368669
height: 0.031664527171587506
Area: 0.0003792626730433196
CentroidX: 0.5643
CentroidY: 0.2806
