Location: 2025-04-18_221802-1.png_Mean-Closing.png
Component: component_1745009950682_230.png
centerX: 0.803886925795053
centerY: 0.36628155755241765
width: 0.028268551236749116
height: 0.03808301240907146
Area: 0.00042134696965344214
CentroidX: 0.8215
CentroidY: 0.3854
