Location: 2025-04-18_221802-1.png_Mean-Closing.png
Component: component_1745009950689_264.png
centerX: 0.7620730270906949
centerY: 0.4065040650406504
width: 0.03297997644287397
height: 0.02995293110825845
Area: 0.00036716658779011073
CentroidX: 0.7815
CentroidY: 0.4218
