Location: 2025-04-18_221802-1.png_Mean-Closing.png
Component: component_1745009950701_318.png
centerX: 0.6890459363957597
centerY: 0.5010697475395807
width: 0.02944640753828033
height: 0.03508771929824561
Area: 0.0004168109376834888
CentroidX: 0.7064
CentroidY: 0.5187
