Location: 2025-04-18_221802-1.png_Mean-Closing.png
Component: component_1745009950706_344.png
centerX: 0.1696113074204947
centerY: 0.5387248609328199
width: 0.02120141342756184
height: 0.02995293110825845
Area: 0.00030139412422578756
CentroidX: 0.1821
CentroidY: 0.5532
