Location: 2025-04-18_221802-1.png_Mean-Closing.png
Component: component_1745009950711_372.png
centerX: 0.8027090694935218
centerY: 0.57466837826273
width: 0.02591283863368669
height: 0.03209242618741977
Area: 0.00039236676540096256
CentroidX: 0.8175
CentroidY: 0.5915
