Location: 2025-04-18_221825-1.png_Mean-Medain.png
Component: component_1745009950538_90.png
centerX: 0.06949352179034157
centerY: 0.06846384253316218
width: 0.02237926972909305
height: 0.030380830124090714
Area: 0.00033642237110487156
CentroidX: 0.0823
CentroidY: 0.0832
