Location: 2025-04-18_221802-1.png_Gaussian-Median.png
Component: component_1745009951097_532.png
centerX: 0.5011778563015312
centerY: 0.808301240907146
width: 0.02767962308598351
height: 0.031664527171587506
Area: 0.0003860667209982496
CentroidX: 0.5172
CentroidY: 0.8242
