Location: 2025-04-18_221802-1.png_Gaussian-Median.png
Component: component_1745009951096_528.png
centerX: 0.790341578327444
centerY: 0.8070175438596491
width: 0.028268551236749116
height: 0.031664527171587506
Area: 0.00038556271744603253
CentroidX: 0.8069
CentroidY: 0.8233
