Location: easy21_Mean-Medain.png
Component: component_1744297380861_466.png
centerX: 0.4032258064516129
centerY: 0.40565134099616856
width: 0.016935483870967744
height: 0.014846743295019157
Area: 0.0001135520949202818
CentroidX: 0.4120
CentroidY: 0.4132
