Location: 2025-04-18_221825-1.png_Mean-Medain.png
Component: component_1745009950555_189.png
centerX: 0.5730270906949352
centerY: 0.21651690201112536
width: 0.02237926972909305
height: 0.03123662815575524
Area: 0.00031248220237456236
CentroidX: 0.5857
CentroidY: 0.2323
