Location: 2025-04-18_221802-1.png_Gaussian-Median.png
Component: component_1745009951082_469.png
centerX: 0.33627797408716137
centerY: 0.707744972186564
width: 0.025323910482921083
height: 0.030380830124090714
Area: 0.00031953825210560084
CentroidX: 0.3517
CentroidY: 0.7230
