Location: 2025-04-18_221825-1.png_Mean-Medain.png
Component: component_1745009950539_99.png
centerX: 0.2856301531213192
centerY: 0.10183996576807873
width: 0.02591283863368669
height: 0.03594351732991014
Area: 0.0003470064457014293
CentroidX: 0.3019
CentroidY: 0.1200
