Location: 2025-04-18_221802-1.png_Mean-Closing.png
Component: component_1745009950680_224.png
centerX: 0.13015312131919907
centerY: 0.3380402225074882
width: 0.024734982332155476
height: 0.03337612323491656
Area: 0.0003611185451635063
CentroidX: 0.1449
CentroidY: 0.3554
