Location: 2025-04-18_221802-1.png_Gaussian-Median.png
Component: component_1745009950889_75.png
centerX: 0.8409893992932862
centerY: 0.12623020967051776
width: 0.030624263839811542
height: 0.029097133076593923
Area: 0.0003845547103415985
CentroidX: 0.8590
CentroidY: 0.1413
