Location: 2025-04-18_221802-1.png_Mean-Closing.png
Component: component_1745009950688_262.png
centerX: 0.7249705535924618
centerY: 0.40607616602481816
width: 0.03121319199057715
height: 0.030380830124090714
Area: 0.0003638905647007
CentroidX: 0.7440
CentroidY: 0.4217
