Location: 2025-04-18_221825-1.png_Gaussian-Closing.png
Component: component_1745009950796_111.png
centerX: 0.5371024734982333
centerY: 0.14163457424047926
width: 0.024734982332155476
height: 0.037227214377406934
Area: 0.00033087833203048416
CentroidX: 0.5527
CentroidY: 0.1601
