Location: 2025-04-18_221825-1.png_Gaussian-Closing.png
Component: component_1745009950803_137.png
centerX: 0.8680800942285041
centerY: 0.18014548566538297
width: 0.022968197879858657
height: 0.03508771929824561
Area: 0.0003233182787472286
CentroidX: 0.8812
CentroidY: 0.1969
