Location: 2025-04-18_221802-1.png_Mean-Closing.png
Component: component_1745009950703_328.png
centerX: 0.07479387514723204
centerY: 0.5074882327770646
width: 0.02591283863368669
height: 0.03080872913992298
Area: 0.0002842580034504083
CentroidX: 0.0900
CentroidY: 0.5245
