Location: 2025-04-18_221802-1.png_Gaussian-Median.png
Component: component_1745009951101_536.png
centerX: 0.03415783274440518
centerY: 0.811724433033804
width: 0.02120141342756184
height: 0.03209242618741977
Area: 0.0003150022201356475
CentroidX: 0.0472
CentroidY: 0.8284
