Location: 2025-04-18_221802-1.png_Mean-Closing.png
Component: component_1745009950711_369.png
centerX: 0.24734982332155478
centerY: 0.5738125802310655
width: 0.028268551236749116
height: 0.029097133076593923
Area: 0.0003820346925805133
CentroidX: 0.2636
CentroidY: 0.5889
