Location: easy21_Mean-Medain.png
Component: component_1744297381013_988.png
centerX: 0.5185483870967742
centerY: 0.7456896551724138
width: 0.016129032258064516
height: 0.01532567049808429
Area: 0.00011432455815103201
CentroidX: 0.5269
CentroidY: 0.7534
