Location: 2025-04-18_221802-1.png_Mean-Closing.png
Component: component_1745009950738_512.png
centerX: 0.3027090694935218
centerY: 0.8087291399229781
width: 0.022968197879858657
height: 0.029097133076593923
Area: 0.00035204648122359966
CentroidX: 0.3161
CentroidY: 0.8236
