Location: 2025-04-18_221802-1.png_Mean-Closing.png
Component: component_1745009950684_241.png
centerX: 0.3462897526501767
centerY: 0.36970474967907574
width: 0.024734982332155476
height: 0.0329482242190843
Area: 0.0003961467920425903
CentroidX: 0.3605
CentroidY: 0.3858
