Location: 2025-04-18_221825-1.png_Mean-Medain.png
Component: component_1745009950563_239.png
centerX: 0.23498233215547704
centerY: 0.29781771501925547
width: 0.022968197879858657
height: 0.03080872913992298
Area: 0.00030290613488243864
CentroidX: 0.2485
CentroidY: 0.3129
