Location: 2025-04-18_221802-1.png_Gaussian-Median.png
Component: component_1745009951057_353.png
centerX: 0.6819787985865724
centerY: 0.5382969619169876
width: 0.027090694935217905
height: 0.03209242618741977
Area: 0.00039539078671426477
CentroidX: 0.6973
CentroidY: 0.5543
