Location: 2025-04-18_221802-1.png_Mean-Closing.png
Component: component_1745009950718_406.png
centerX: 0.12367491166077739
centerY: 0.6392811296534018
width: 0.026501766784452298
height: 0.02866923406076166
Area: 0.00031727023612062417
CentroidX: 0.1388
CentroidY: 0.6537
