Location: 2025-04-18_221802-1.png_Mean-Closing.png
Component: component_1745009950723_425.png
centerX: 0.45995288574793874
centerY: 0.6726572528883183
width: 0.028268551236749116
height: 0.031664527171587506
Area: 0.00040824287729579917
CentroidX: 0.4754
CentroidY: 0.6890
