Location: 2025-04-18_221802-1.png_Gaussian-Median.png
Component: component_1745009950994_219.png
centerX: 0.30683156654888105
centerY: 0.33675652545999146
width: 0.02591283863368669
height: 0.030380830124090714
Area: 0.00034902245991029745
CentroidX: 0.3215
CentroidY: 0.3520
