Location: 2025-04-18_221825-1.png_Mean-Medain.png
Component: component_1745009950604_281.png
centerX: 0.270906949352179
centerY: 0.37312794180573383
width: 0.023557126030624265
height: 0.03465982028241335
Area: 0.000342974417283693
CentroidX: 0.2857
CentroidY: 0.3906
