Location: 2025-04-18_221802-1.png_Mean-Closing.png
Component: component_1745009950666_159.png
centerX: 0.18374558303886926
centerY: 0.23234916559691912
width: 0.02591283863368669
height: 0.03080872913992298
Area: 0.00037397063574504076
CentroidX: 0.1984
CentroidY: 0.2477
