Location: 2025-04-18_221825-1.png_Gaussian-Closing.png
Component: component_1745009950824_229.png
centerX: 0.428150765606596
centerY: 0.3727000427899016
width: 0.022968197879858657
height: 0.032520325203252036
Area: 0.00033591836755265454
CentroidX: 0.4426
CentroidY: 0.3890
