Location: 2025-04-18_221802-1.png_Gaussian-Median.png
Component: component_1745009950893_79.png
centerX: 0.6089517078916372
centerY: 0.12708600770218229
width: 0.028857479387514724
height: 0.029097133076593923
Area: 0.0003719546215361726
CentroidX: 0.6253
CentroidY: 0.1424
