Location: 2025-04-18_221825-1.png_Mean-Medain.png
Component: component_1745009950569_265.png
centerX: 0.516489988221437
centerY: 0.3371844244758237
width: 0.023557126030624265
height: 0.031664527171587506
Area: 0.0002913140531814468
CentroidX: 0.5314
CentroidY: 0.3533
