Location: 2025-04-18_221802-1.png_Gaussian-Median.png
Component: component_1745009950921_114.png
centerX: 0.0353356890459364
centerY: 0.16559691912708602
width: 0.02767962308598351
height: 0.03209242618741977
Area: 0.0003888387405354433
CentroidX: 0.0522
CentroidY: 0.1814
