Location: 2025-04-18_221825-1.png_Mean-Medain.png
Component: component_1745009950533_60.png
centerX: 0.1696113074204947
centerY: 0.029525032092426188
width: 0.023557126030624265
height: 0.03337612323491656
Area: 0.0003500304670147315
CentroidX: 0.1836
CentroidY: 0.0454
