Location: 2025-04-18_221825-1.png_Gaussian-Closing.png
Component: component_1745009950795_106.png
centerX: 0.8704358068315665
centerY: 0.1399229781771502
width: 0.030624263839811542
height: 0.03808301240907146
Area: 0.0003555745060891189
CentroidX: 0.8909
CentroidY: 0.1599
