Location: 2025-04-18_221825-1.png_Gaussian-Closing.png
Component: component_1745009950793_90.png
centerX: 0.32626619552414604
centerY: 0.10483525887890457
width: 0.022968197879858657
height: 0.0329482242190843
Area: 0.00033642237110487156
CentroidX: 0.3403
CentroidY: 0.1210
