Location: 2025-04-18_221802-1.png_Mean-Closing.png
Component: component_1745009950749_564.png
centerX: 0.20789163722025913
centerY: 0.9097133076593924
width: 0.022968197879858657
height: 0.030380830124090714
Area: 0.0003449904314925612
CentroidX: 0.2214
CentroidY: 0.9253
