Location: 2025-04-18_221802-1.png_Gaussian-Median.png
Component: component_1745009951002_236.png
centerX: 0.30212014134275617
centerY: 0.37013264869490803
width: 0.027090694935217905
height: 0.03508771929824561
Area: 0.00039438277960983066
CentroidX: 0.3177
CentroidY: 0.3875
