Location: 2025-04-18_221802-1.png_Mean-Closing.png
Component: component_1745009950722_422.png
centerX: 0.4199057714958775
centerY: 0.6718014548566539
width: 0.02591283863368669
height: 0.032520325203252036
Area: 0.00038934274408766034
CentroidX: 0.4346
CentroidY: 0.6882
