Location: 2025-04-18_221825-1.png_Mean-Medain.png
Component: component_1745009950537_89.png
centerX: 0.7479387514723204
centerY: 0.06803594351732992
width: 0.028268551236749116
height: 0.03209242618741977
Area: 0.00035154247767138264
CentroidX: 0.7650
CentroidY: 0.0850
