Location: 2025-04-18_221802-1.png_Gaussian-Median.png
Component: component_1745009950856_17.png
centerX: 0.09246171967020024
centerY: 0.022250748823277707
width: 0.028268551236749116
height: 0.03508771929824561
Area: 0.0004785513728300757
CentroidX: 0.1084
CentroidY: 0.0390
