Location: 2025-04-18_221802-1.png_Mean-Closing.png
Component: component_1745009950641_47.png
centerX: 0.1896348645465253
centerY: 0.059050064184852376
width: 0.02591283863368669
height: 0.03423192126658109
Area: 0.0003931227707292881
CentroidX: 0.2032
CentroidY: 0.0755
