Location: 2025-04-18_221802-1.png_Gaussian-Median.png
Component: component_1745009950877_40.png
centerX: 0.143698468786808
centerY: 0.0599058622165169
width: 0.02767962308598351
height: 0.02781343602909713
Area: 0.00036716658779011073
CentroidX: 0.1587
CentroidY: 0.0746
