Location: 2025-04-18_221802-1.png_Gaussian-Median.png
Component: component_1745009950945_150.png
centerX: 0.5500588928150766
centerY: 0.2314933675652546
width: 0.02944640753828033
height: 0.02995293110825845
Area: 0.0003689306002228704
CentroidX: 0.5669
CentroidY: 0.2465
