Location: 2025-04-18_221802-1.png_Mean-Closing.png
Component: component_1745009950722_420.png
centerX: 0.5877502944640753
centerY: 0.6713735558408216
width: 0.02767962308598351
height: 0.03209242618741977
Area: 0.0003752306446255833
CentroidX: 0.6027
CentroidY: 0.6882
