Location: 2025-04-18_221802-1.png_Mean-Closing.png
Component: component_1745009950695_290.png
centerX: 0.2232037691401649
centerY: 0.44330338040222506
width: 0.02061248527679623
height: 0.029525032092426188
Area: 0.00030618215797184936
CentroidX: 0.2354
CentroidY: 0.4581
