Location: 2025-04-18_221802-1.png_Mean-Closing.png
Component: component_1745009950630_15.png
centerX: 0.6625441696113075
centerY: 0.019255455712451863
width: 0.028857479387514724
height: 0.03080872913992298
Area: 0.0004183229483401399
CentroidX: 0.6779
CentroidY: 0.0344
