Location: 2025-04-18_221802-1.png_Gaussian-Median.png
Component: component_1745009950858_21.png
centerX: 0.49823321554770317
centerY: 0.02267864783910997
width: 0.030624263839811542
height: 0.031664527171587506
Area: 0.00045839123074139425
CentroidX: 0.5148
CentroidY: 0.0383
