Location: easy26_Mean-Closing.png
Component: component_1744297381999_258.png
centerX: 0.5241935483870968
centerY: 0.18917624521072796
width: 0.013709677419354839
height: 0.014367816091954023
Area: 8.265356569027314e-05
CentroidX: 0.5323
CentroidY: 0.1957
