Location: 2025-04-18_221825-1.png_Mean-Medain.png
Component: component_1745009950550_167.png
centerX: 0.45111896348645464
centerY: 0.17800599058622166
width: 0.021790341578327443
height: 0.036371416345742404
Area: 0.00032987032492605005
CentroidX: 0.4648
CentroidY: 0.1957
