Location: 2025-04-18_221825-1.png_Gaussian-Closing.png
Component: component_1745009950795_104.png
centerX: 0.49352179034157834
centerY: 0.1399229781771502
width: 0.024734982332155476
height: 0.03594351732991014
Area: 0.0003414624066270419
CentroidX: 0.5098
CentroidY: 0.1583
