Location: 2025-04-18_221802-1.png_Mean-Closing.png
Component: component_1745009950716_393.png
centerX: 0.037102473498233215
centerY: 0.6089002995293111
width: 0.02061248527679623
height: 0.028241335044929396
Area: 0.0003076941686285005
CentroidX: 0.0482
CentroidY: 0.6226
