Location: easy21_Mean-Medain.png
Component: component_1744297380827_313.png
centerX: 0.8225806451612904
centerY: 0.3113026819923372
width: 0.01532258064516129
height: 0.014846743295019157
Area: 9.848906192065258e-05
CentroidX: 0.8316
CentroidY: 0.3184
