Location: 2025-04-18_221802-1.png_Mean-Closing.png
Component: component_1745009950701_315.png
centerX: 0.6136631330977621
centerY: 0.4985023534445871
width: 0.024734982332155476
height: 0.03551561831407788
Area: 0.0003933747725053966
CentroidX: 0.6272
CentroidY: 0.5167
