Location: 2025-04-18_221802-1.png_Gaussian-Median.png
Component: component_1745009950950_155.png
centerX: 0.5901060070671378
centerY: 0.23192126658108686
width: 0.02944640753828033
height: 0.029097133076593923
Area: 0.00038556271744603253
CentroidX: 0.6067
CentroidY: 0.2464
