Location: 2025-04-18_221825-1.png_Mean-Medain.png
Component: component_1745009950563_237.png
centerX: 0.10365135453474676
centerY: 0.29781771501925547
width: 0.023557126030624265
height: 0.02995293110825845
Area: 0.0003127342041506709
CentroidX: 0.1167
CentroidY: 0.3123
