Location: 2025-04-18_221802-1.png_Gaussian-Median.png
Component: component_1745009951034_280.png
centerX: 0.39693757361601884
centerY: 0.43945228925973473
width: 0.021790341578327443
height: 0.03337612323491656
Area: 0.0003366743728809801
CentroidX: 0.4097
CentroidY: 0.4556
