Location: 2025-04-18_221802-1.png_Mean-Closing.png
Component: component_1745009950754_586.png
centerX: 0.37985865724381623
centerY: 0.9469405220367993
width: 0.025323910482921083
height: 0.03508771929824561
Area: 0.00039715479914702437
CentroidX: 0.3947
CentroidY: 0.9638
