Location: 2025-04-18_221802-1.png_Gaussian-Median.png
Component: component_1745009951065_392.png
centerX: 0.2926972909305065
centerY: 0.6041934103551562
width: 0.026501766784452298
height: 0.0329482242190843
Area: 0.00038934274408766034
CentroidX: 0.3081
CentroidY: 0.6214
