Location: 2025-04-18_221825-1.png_Mean-Medain.png
Component: component_1745009950553_181.png
centerX: 0.732037691401649
centerY: 0.2139495079161318
width: 0.025323910482921083
height: 0.032520325203252036
Area: 0.0003119781988223453
CentroidX: 0.7477
CentroidY: 0.2302
