Location: 2025-04-18_221802-1.png_Gaussian-Median.png
Component: component_1745009951101_535.png
centerX: 0.08303886925795052
centerY: 0.8104407359863073
width: 0.02061248527679623
height: 0.031664527171587506
Area: 0.00035154247767138264
CentroidX: 0.0945
CentroidY: 0.8259
