Location: 2025-04-18_221802-1.png_Mean-Closing.png
Component: component_1745009950729_461.png
centerX: 0.12014134275618374
centerY: 0.7406931964056482
width: 0.02767962308598351
height: 0.0329482242190843
Area: 0.00039186276184874553
CentroidX: 0.1364
CentroidY: 0.7571
