Location: 2025-04-18_221825-1.png_Mean-Medain.png
Component: component_1745009950551_170.png
centerX: 0.411660777385159
centerY: 0.17886178861788618
width: 0.02237926972909305
height: 0.02995293110825845
Area: 0.00030391414198687274
CentroidX: 0.4253
CentroidY: 0.1936
