Location: 2025-04-18_221802-1.png_Gaussian-Median.png
Component: component_1745009950989_213.png
centerX: 0.8044758539458187
centerY: 0.3333333333333333
width: 0.026501766784452298
height: 0.03380402225074882
Area: 0.00036817459489454484
CentroidX: 0.8194
CentroidY: 0.3499
