Location: 2025-04-18_221802-1.png_Mean-Closing.png
Component: component_1745009950646_77.png
centerX: 0.03651354534746761
centerY: 0.09970047068891741
width: 0.03121319199057715
height: 0.029525032092426188
Area: 0.0004014388293408692
CentroidX: 0.0534
CentroidY: 0.1145
