Location: 2025-04-18_221802-1.png_Gaussian-Median.png
Component: component_1745009951051_345.png
centerX: 0.25500588928150764
centerY: 0.537441163885323
width: 0.02237926972909305
height: 0.03337612323491656
Area: 0.00032205826986668603
CentroidX: 0.2672
CentroidY: 0.5546
