Location: 2025-04-18_221802-1.png_Gaussian-Median.png
Component: component_1745009951064_387.png
centerX: 0.5812720848056537
centerY: 0.6029097133076594
width: 0.02120141342756184
height: 0.02781343602909713
Area: 0.0003243262858516627
CentroidX: 0.5924
CentroidY: 0.6171
