Location: 2025-04-18_221825-1.png_Gaussian-Closing.png
Component: component_1745009950783_40.png
centerX: 0.4664310954063604
centerY: 0.02866923406076166
width: 0.024146054181389872
height: 0.03508771929824561
Area: 0.00039413077783372215
CentroidX: 0.4808
CentroidY: 0.0456
