Location: 2025-04-18_221825-1.png_Mean-Medain.png
Component: component_1745009950536_82.png
centerX: 0.41813898704358066
centerY: 0.06675224646983312
width: 0.022968197879858657
height: 0.03465982028241335
Area: 0.00032231027164279454
CentroidX: 0.4319
CentroidY: 0.0832
