Location: 2025-04-18_221802-1.png_Gaussian-Median.png
Component: component_1745009951031_275.png
centerX: 0.4305064782096584
centerY: 0.4368848951647411
width: 0.022968197879858657
height: 0.03080872913992298
Area: 0.0003177742396728412
CentroidX: 0.4438
CentroidY: 0.4523
