Location: 2025-04-18_221802-1.png_Gaussian-Median.png
Component: component_1745009951061_373.png
centerX: 0.12014134275618374
centerY: 0.5725288831835686
width: 0.024734982332155476
height: 0.03337612323491656
Area: 0.00036263055582015744
CentroidX: 0.1348
CentroidY: 0.5890
