Location: 2025-04-18_221802-1.png_Mean-Closing.png
Component: component_1745009950733_485.png
centerX: 0.38044758539458184
centerY: 0.7740693196405648
width: 0.028268551236749116
height: 0.030380830124090714
Area: 0.00036590657890956817
CentroidX: 0.3973
CentroidY: 0.7900
