Location: 2025-04-18_221802-1.png_Mean-Closing.png
Component: component_1745009950714_384.png
centerX: 0.6890459363957597
centerY: 0.6041934103551562
width: 0.022968197879858657
height: 0.02995293110825845
Area: 0.00034398242438812707
CentroidX: 0.7018
CentroidY: 0.6197
