Location: 2025-04-18_221825-1.png_Mean-Medain.png
Component: component_1745009950553_178.png
centerX: 0.24028268551236748
centerY: 0.21352160890029953
width: 0.020023557126030624
height: 0.031664527171587506
Area: 0.0003187822467772753
CentroidX: 0.2518
CentroidY: 0.2290
