Location: 2025-04-18_221802-1.png_Mean-Closing.png
Component: component_1745009950632_22.png
centerX: 0.2314487632508834
centerY: 0.021822849807445442
width: 0.03121319199057715
height: 0.03380402225074882
Area: 0.0004432711241748832
CentroidX: 0.2493
CentroidY: 0.0375
