Location: easy21_Mean-Medain.png
Component: component_1744297380967_930.png
centerX: 0.910483870967742
centerY: 0.7006704980842912
width: 0.014516129032258065
height: 0.01532567049808429
Area: 9.308181930540107e-05
CentroidX: 0.9190
CentroidY: 0.7077
