Location: 2025-04-18_221802-1.png_Mean-Closing.png
Component: component_1745009950643_61.png
centerX: 0.4499411071849234
centerY: 0.09199828840393667
width: 0.02591283863368669
height: 0.028241335044929396
Area: 0.0003608665433873978
CentroidX: 0.4640
CentroidY: 0.1072
