Location: 2025-04-18_221825-1.png_Mean-Medain.png
Component: component_1745009950562_234.png
centerX: 0.2762073027090695
centerY: 0.29696191698759095
width: 0.025323910482921083
height: 0.030380830124090714
Area: 0.000307946170404609
CentroidX: 0.2910
CentroidY: 0.3122
