Location: 2025-04-18_221802-1.png_Gaussian-Median.png
Component: component_1745009950951_158.png
centerX: 0.6366313309776207
centerY: 0.23277706461275138
width: 0.025323910482921083
height: 0.02866923406076166
Area: 0.00033919439064206526
CentroidX: 0.6513
CentroidY: 0.2473
