Location: 2025-04-18_221802-1.png_Gaussian-Median.png
Component: component_1745009950860_26.png
centerX: 0.7797408716136631
centerY: 0.05348737697903295
width: 0.03180212014134275
height: 0.03423192126658109
Area: 0.000419330955444574
CentroidX: 0.7978
CentroidY: 0.0704
