Location: easy43_Mean-Closing.png
Component: component_1744297380628_642.png
centerX: 0.48428053204353083
centerY: 0.43394613082513894
width: 0.008464328899637243
height: 0.010260795211628902
Area: 5.583262207053211e-05
CentroidX: 0.4884
CentroidY: 0.4391
