Location: 2025-04-18_221825-1.png_Gaussian-Closing.png
Component: component_1745009950790_68.png
centerX: 0.627208480565371
centerY: 0.06974753958065896
width: 0.023557126030624265
height: 0.03080872913992298
Area: 0.0003109701917179112
CentroidX: 0.6411
CentroidY: 0.0849
