Location: 2025-04-18_221802-1.png_Gaussian-Median.png
Component: component_1745009950916_109.png
centerX: 0.08833922261484099
centerY: 0.16388532306375694
width: 0.026501766784452298
height: 0.02866923406076166
Area: 0.0003641425664768085
CentroidX: 0.1038
CentroidY: 0.1785
