Location: 2025-04-18_221802-1.png_Mean-Closing.png
Component: component_1745009950745_545.png
centerX: 0.715547703180212
centerY: 0.8754813863928113
width: 0.025323910482921083
height: 0.03080872913992298
Area: 0.0003638905647007
CentroidX: 0.7308
CentroidY: 0.8912
