Location: 2025-04-18_221802-1.png_Gaussian-Median.png
Component: component_1745009950887_72.png
centerX: 0.7355712603062426
centerY: 0.12623020967051776
width: 0.02591283863368669
height: 0.028241335044929396
Area: 0.0003880827352071177
CentroidX: 0.7497
CentroidY: 0.1415
