Location: 2025-04-18_221802-1.png_Mean-Closing.png
Component: component_1745009950741_525.png
centerX: 0.2968197879858657
centerY: 0.8412494651262302
width: 0.028268551236749116
height: 0.03465982028241335
Area: 0.00043974309930936394
CentroidX: 0.3136
CentroidY: 0.8585
