Location: 2025-04-18_221802-1.png_Mean-Closing.png
Component: component_1745009950676_204.png
centerX: 0.13898704358068315
centerY: 0.3033804022250749
width: 0.023557126030624265
height: 0.02995293110825845
Area: 0.00034877045813418893
CentroidX: 0.1525
CentroidY: 0.3187
