Location: 2025-04-18_221802-1.png_Gaussian-Median.png
Component: component_1745009951130_609.png
centerX: 0.1154299175500589
centerY: 0.944801026957638
width: 0.026501766784452298
height: 0.030380830124090714
Area: 0.0003470064457014293
CentroidX: 0.1305
CentroidY: 0.9598
