Location: 2025-04-18_221802-1.png_Mean-Closing.png
Component: component_1745009950735_492.png
centerX: 0.5512367491166078
centerY: 0.7753530166880617
width: 0.02591283863368669
height: 0.029097133076593923
Area: 0.000378002664162777
CentroidX: 0.5650
CentroidY: 0.7906
