Location: 2025-04-18_221802-1.png_Mean-Closing.png
Component: component_1745009950742_533.png
centerX: 0.07773851590106007
centerY: 0.844244758237056
width: 0.02591283863368669
height: 0.03123662815575524
Area: 0.0003664105824617852
CentroidX: 0.0920
CentroidY: 0.8602
