Location: easy26_Mean-Closing.png
Component: component_1744297381997_246.png
centerX: 0.3564516129032258
centerY: 0.1882183908045977
width: 0.014516129032258065
height: 0.014846743295019157
Area: 8.883327153627488e-05
CentroidX: 0.3651
CentroidY: 0.1952
