Location: 2025-04-18_221802-1.png_Mean-Closing.png
Component: component_1745009950655_109.png
centerX: 0.8380447585394581
centerY: 0.16174582798459564
width: 0.028268551236749116
height: 0.02781343602909713
Area: 0.0003792626730433196
CentroidX: 0.8526
CentroidY: 0.1765
