Location: 2025-04-18_221802-1.png_Gaussian-Median.png
Component: component_1745009951061_372.png
centerX: 0.6065959952885748
centerY: 0.5716730851519042
width: 0.028268551236749116
height: 0.029525032092426188
Area: 0.0003888387405354433
CentroidX: 0.6225
CentroidY: 0.5875
