Location: 2025-04-18_221802-1.png_Gaussian-Median.png
Component: component_1745009950995_221.png
centerX: 0.21672555948174324
centerY: 0.3384681215233205
width: 0.024734982332155476
height: 0.0329482242190843
Area: 0.00037119861620784706
CentroidX: 0.2314
CentroidY: 0.3549
