Location: 2025-04-18_221802-1.png_Gaussian-Median.png
Component: component_1745009951072_422.png
centerX: 0.0353356890459364
centerY: 0.6414206247325631
width: 0.022968197879858657
height: 0.02738553701326487
Area: 0.0002814859839132146
CentroidX: 0.0485
CentroidY: 0.6555
