Location: 2025-04-18_221802-1.png_Gaussian-Median.png
Component: component_1745009951104_546.png
centerX: 0.2968197879858657
centerY: 0.8412494651262302
width: 0.028268551236749116
height: 0.03465982028241335
Area: 0.0004389870939810384
CentroidX: 0.3136
CentroidY: 0.8585
