Location: 2025-04-18_221802-1.png_Gaussian-Median.png
Component: component_1745009951025_250.png
centerX: 0.43109540636042404
centerY: 0.4022250748823278
width: 0.026501766784452298
height: 0.031664527171587506
Area: 0.0003482664545819719
CentroidX: 0.4474
CentroidY: 0.4186
