Location: 2025-04-18_221825-1.png_Gaussian-Closing.png
Component: component_1745009950801_127.png
centerX: 0.2396937573616019
centerY: 0.1775780915703894
width: 0.019434628975265017
height: 0.03080872913992298
Area: 0.0002923220602858809
CentroidX: 0.2509
CentroidY: 0.1929
