Location: 2025-04-18_221825-1.png_Gaussian-Closing.png
Component: component_1745009950784_42.png
centerX: 0.1696113074204947
centerY: 0.029525032092426188
width: 0.023557126030624265
height: 0.0329482242190843
Area: 0.00034625044037310375
CentroidX: 0.1835
CentroidY: 0.0454
