Location: 2025-04-18_221802-1.png_Mean-Closing.png
Component: component_1745009950733_484.png
centerX: 0.6702002355712603
centerY: 0.7732135216089003
width: 0.02591283863368669
height: 0.030380830124090714
Area: 0.00034373042261201856
CentroidX: 0.6855
CentroidY: 0.7891
