Location: 2025-04-18_221825-1.png_Mean-Medain.png
Component: component_1745009950570_271.png
centerX: 0.143698468786808
centerY: 0.3714163457424048
width: 0.021790341578327443
height: 0.032520325203252036
Area: 0.0003270983053888564
CentroidX: 0.1571
CentroidY: 0.3873
