Location: 2025-04-18_221802-1.png_Mean-Closing.png
Component: component_1745009950688_258.png
centerX: 0.6130742049469965
centerY: 0.40393667094565683
width: 0.02944640753828033
height: 0.029097133076593923
Area: 0.0003666625842378937
CentroidX: 0.6299
CentroidY: 0.4190
