Location: 2025-04-18_221802-1.png_Gaussian-Median.png
Component: component_1745009951049_335.png
centerX: 0.8869257950530035
centerY: 0.5335900727428327
width: 0.028857479387514724
height: 0.0329482242190843
Area: 0.0003641425664768085
CentroidX: 0.9052
CentroidY: 0.5506
