Location: 2025-04-18_221802-1.png_Mean-Closing.png
Component: component_1745009950673_188.png
centerX: 0.5141342756183745
centerY: 0.29696191698759095
width: 0.024734982332155476
height: 0.03423192126658109
Area: 0.0003495264634625145
CentroidX: 0.5279
CentroidY: 0.3134
