Location: 2025-04-18_221825-1.png_Mean-Medain.png
Component: component_1745009950569_267.png
centerX: 0.3869257950530035
centerY: 0.37013264869490803
width: 0.024146054181389872
height: 0.03594351732991014
Area: 0.0003550705025369019
CentroidX: 0.4011
CentroidY: 0.3882
