Location: 2025-04-18_221802-1.png_Mean-Closing.png
Component: component_1745009950692_277.png
centerX: 0.607773851590106
centerY: 0.43645699614890887
width: 0.02767962308598351
height: 0.029097133076593923
Area: 0.0003344063568960034
CentroidX: 0.6239
CentroidY: 0.4509
