Location: easy16_Gaussian-Median.png
Component: component_1744297381669_146.png
centerX: 0.8096774193548387
centerY: 0.10919540229885058
width: 0.014516129032258065
height: 0.014367816091954023
Area: 8.767457669014955e-05
CentroidX: 0.8183
CentroidY: 0.1160
