Location: 2025-04-18_221802-1.png_Mean-Closing.png
Component: component_1745009950654_102.png
centerX: 0.8769140164899882
centerY: 0.16046213093709885
width: 0.02944640753828033
height: 0.02995293110825845
Area: 0.00039186276184874553
CentroidX: 0.8935
CentroidY: 0.1765
