Location: 2025-04-18_221802-1.png_Mean-Closing.png
Component: component_1745009950737_507.png
centerX: 0.7567726737338045
centerY: 0.8070175438596491
width: 0.02767962308598351
height: 0.031664527171587506
Area: 0.0003878307334310092
CentroidX: 0.7729
CentroidY: 0.8238
