Location: 2025-04-18_221802-1.png_Gaussian-Median.png
Component: component_1745009950940_147.png
centerX: 0.2232037691401649
centerY: 0.23106546854942234
width: 0.02591283863368669
height: 0.03209242618741977
Area: 0.00037875866949110257
CentroidX: 0.2375
CentroidY: 0.2474
