Location: 2025-04-18_221802-1.png_Gaussian-Median.png
Component: component_1745009951078_446.png
centerX: 0.0353356890459364
centerY: 0.6747967479674797
width: 0.022968197879858657
height: 0.03423192126658109
Area: 0.0003318863391349182
CentroidX: 0.0492
CentroidY: 0.6921
