Location: easy21_Mean-Medain.png
Component: component_1744297380933_810.png
centerX: 0.4241935483870968
centerY: 0.6312260536398467
width: 0.014516129032258065
height: 0.014846743295019157
Area: 8.728834507477444e-05
CentroidX: 0.4329
CentroidY: 0.6381
