Location: 2025-04-18_221802-1.png_Mean-Closing.png
Component: component_1745009950728_458.png
centerX: 0.8580683156654888
centerY: 0.7368421052631579
width: 0.024734982332155476
height: 0.02995293110825845
Area: 0.00030668616152406644
CentroidX: 0.8723
CentroidY: 0.7522
