Location: 2025-04-18_221825-1.png_Gaussian-Closing.png
Component: component_1745009950800_124.png
centerX: 0.3674911660777385
centerY: 0.17672229353872487
width: 0.024734982332155476
height: 0.03508771929824561
Area: 0.0003422184119553675
CentroidX: 0.3828
CentroidY: 0.1941
