Location: easy21_Mean-Medain.png
Component: component_1744297380891_622.png
centerX: 0.13951612903225807
centerY: 0.49712643678160917
width: 0.016129032258064516
height: 0.014367816091954023
Area: 0.00010389630453590409
CentroidX: 0.1476
CentroidY: 0.5044
