Location: 2025-04-18_221802-1.png_Mean-Closing.png
Component: component_1745009950662_143.png
centerX: 0.9004711425206124
centerY: 0.22421908429610612
width: 0.026501766784452298
height: 0.03508771929824561
Area: 0.0003318863391349182
CentroidX: 0.9172
CentroidY: 0.2419
