Location: 2025-04-18_221825-1.png_Mean-Medain.png
Component: component_1745009950603_278.png
centerX: 0.428150765606596
centerY: 0.3727000427899016
width: 0.022968197879858657
height: 0.032520325203252036
Area: 0.0003374303782093056
CentroidX: 0.4426
CentroidY: 0.3891
