Location: 2025-04-18_221825-1.png_Mean-Medain.png
Component: component_1745009950544_130.png
centerX: 0.41519434628975266
centerY: 0.14120667522464697
width: 0.022968197879858657
height: 0.03594351732991014
Area: 0.0003371783764331971
CentroidX: 0.4292
CentroidY: 0.1590
