Location: 2025-04-18_221802-1.png_Mean-Closing.png
Component: component_1745009950680_221.png
centerX: 0.3474676089517079
centerY: 0.33504492939666236
width: 0.02767962308598351
height: 0.03123662815575524
Area: 0.00035910253095463814
CentroidX: 0.3640
CentroidY: 0.3515
