Location: 2025-04-18_221802-1.png_Mean-Closing.png
Component: component_1745009950747_559.png
centerX: 0.5842167255594818
centerY: 0.9071459135643988
width: 0.024146054181389872
height: 0.032520325203252036
Area: 0.0003906027529682029
CentroidX: 0.5979
CentroidY: 0.9238
