Location: 2025-04-18_221825-1.png_Mean-Medain.png
Component: component_1745009950544_129.png
centerX: 0.287396937573616
centerY: 0.14120667522464697
width: 0.02237926972909305
height: 0.0329482242190843
Area: 0.00033239034268713524
CentroidX: 0.3011
CentroidY: 0.1570
