Location: easy16_Gaussian-Median.png
Component: component_1744297381785_522.png
centerX: 0.7120967741935483
centerY: 0.3568007662835249
width: 0.014516129032258065
height: 0.014367816091954023
Area: 8.806080830552465e-05
CentroidX: 0.7202
CentroidY: 0.3636
