Location: 2025-04-18_221802-1.png_Gaussian-Median.png
Component: component_1745009951094_520.png
centerX: 0.5459363957597173
centerY: 0.8044501497646556
width: 0.03121319199057715
height: 0.03423192126658109
Area: 0.00043445106201108505
CentroidX: 0.5632
CentroidY: 0.8227
