Location: 2025-04-18_221802-1.png_Gaussian-Median.png
Component: component_1745009950881_54.png
centerX: 0.7002355712603062
centerY: 0.09199828840393667
width: 0.025323910482921083
height: 0.026529738981600343
Area: 0.000342470413731476
CentroidX: 0.7143
CentroidY: 0.1059
