Location: 2025-04-18_221802-1.png_Gaussian-Median.png
Component: component_1745009950926_119.png
centerX: 0.7656065959952886
centerY: 0.19426615318784768
width: 0.024146054181389872
height: 0.028241335044929396
Area: 0.00034322641905980153
CentroidX: 0.7789
CentroidY: 0.2093
