Location: 2025-04-18_221802-1.png_Gaussian-Median.png
Component: component_1745009950971_187.png
centerX: 0.35217903415783275
centerY: 0.2982456140350877
width: 0.025323910482921083
height: 0.031664527171587506
Area: 0.00035204648122359966
CentroidX: 0.3659
CentroidY: 0.3143
