Location: 2025-04-18_221802-1.png_Gaussian-Median.png
Component: component_1745009950934_136.png
centerX: 0.13663133097762073
centerY: 0.20068463842533163
width: 0.026501766784452298
height: 0.028241335044929396
Area: 0.00035708651674577004
CentroidX: 0.1514
CentroidY: 0.2148
