Location: 2025-04-18_221802-1.png_Gaussian-Median.png
Component: component_1745009951110_564.png
centerX: 0.6325088339222615
centerY: 0.8737697903294822
width: 0.02944640753828033
height: 0.03337612323491656
Area: 0.00038631872277435813
CentroidX: 0.6500
CentroidY: 0.8907
