Location: easy16_Gaussian-Median.png
Component: component_1744297381661_101.png
centerX: 0.05
centerY: 0.07183908045977011
width: 0.01532258064516129
height: 0.014846743295019157
Area: 9.578544061302682e-05
CentroidX: 0.0582
CentroidY: 0.0795
