Location: 2025-04-18_221802-1.png_Mean-Closing.png
Component: component_1745009950742_532.png
centerX: 0.676678445229682
centerY: 0.8429610611895593
width: 0.023557126030624265
height: 0.02866923406076166
Area: 0.0003522984829997082
CentroidX: 0.6901
CentroidY: 0.8576
