Location: 2025-04-18_221802-1.png_Mean-Closing.png
Component: component_1745009950642_54.png
centerX: 0.4958775029446408
centerY: 0.0599058622165169
width: 0.02591283863368669
height: 0.026957637997432605
Area: 0.0003535584918802508
CentroidX: 0.5102
CentroidY: 0.0734
