Location: 2025-04-18_221802-1.png_Gaussian-Median.png
Component: component_1745009951093_517.png
centerX: 0.03651354534746761
centerY: 0.7783483097988875
width: 0.02120141342756184
height: 0.028241335044929396
Area: 0.0003127342041506709
CentroidX: 0.0488
CentroidY: 0.7921
