Location: 2025-04-18_221825-1.png_Gaussian-Closing.png
Component: component_1745009950818_204.png
centerX: 0.2756183745583039
centerY: 0.3337612323491656
width: 0.024734982332155476
height: 0.03423192126658109
Area: 0.0003578425220740956
CentroidX: 0.2900
CentroidY: 0.3502
