Location: 2025-04-18_221802-1.png_Mean-Closing.png
Component: component_1745009950631_21.png
centerX: 0.8663133097762074
centerY: 0.020967051775780916
width: 0.026501766784452298
height: 0.0329482242190843
Area: 0.00042890702293669764
CentroidX: 0.8807
CentroidY: 0.0364
