Location: 2025-04-18_221802-1.png_Gaussian-Median.png
Component: component_1745009950906_97.png
centerX: 0.7308598351001178
centerY: 0.1608900299529311
width: 0.026501766784452298
height: 0.029525032092426188
Area: 0.0003472584474775378
CentroidX: 0.7458
CentroidY: 0.1756
