Location: 2025-04-18_221802-1.png_Mean-Closing.png
Component: component_1745009950710_362.png
centerX: 0.42697290930506476
centerY: 0.5708172871202396
width: 0.027090694935217905
height: 0.031664527171587506
Area: 0.00037069461265563
CentroidX: 0.4436
CentroidY: 0.5870
