Location: 2025-04-18_221802-1.png_Gaussian-Median.png
Component: component_1745009951069_408.png
centerX: 0.2067137809187279
centerY: 0.6375695335900727
width: 0.022968197879858657
height: 0.030380830124090714
Area: 0.00032508229117998825
CentroidX: 0.2196
CentroidY: 0.6527
