Location: 2025-04-18_221802-1.png_Gaussian-Median.png
Component: component_1745009951039_288.png
centerX: 0.04004711425206125
centerY: 0.4441591784338896
width: 0.023557126030624265
height: 0.03337612323491656
Area: 0.0003422184119553675
CentroidX: 0.0544
CentroidY: 0.4608
