Location: easy26_Mean-Closing.png
Component: component_1744297382103_633.png
centerX: 0.8693548387096774
centerY: 0.43486590038314177
width: 0.014516129032258065
height: 0.014367816091954023
Area: 8.728834507477444e-05
CentroidX: 0.8780
CentroidY: 0.4416
