Location: 2025-04-18_221825-1.png_Mean-Medain.png
Component: component_1745009950544_126.png
centerX: 0.8704358068315665
centerY: 0.1399229781771502
width: 0.030624263839811542
height: 0.03808301240907146
Area: 0.00036464657002902555
CentroidX: 0.8908
CentroidY: 0.1600
