Location: 2025-04-18_221802-1.png_Gaussian-Median.png
Component: component_1745009950969_182.png
centerX: 0.4334511189634865
centerY: 0.29653401797175866
width: 0.023557126030624265
height: 0.03209242618741977
Area: 0.0003207982609861434
CentroidX: 0.4471
CentroidY: 0.3121
