Location: 2025-04-18_221802-1.png_Gaussian-Median.png
Component: component_1745009950931_132.png
centerX: 0.18492343934040048
centerY: 0.19811724433033803
width: 0.026501766784452298
height: 0.02995293110825845
Area: 0.0003623785540440489
CentroidX: 0.1999
CentroidY: 0.2129
