Location: 2025-04-18_221802-1.png_Gaussian-Median.png
Component: component_1745009951105_549.png
centerX: 0.7143698468786808
centerY: 0.8416773641420625
width: 0.030035335689045935
height: 0.0329482242190843
Area: 0.00039942281513200104
CentroidX: 0.7311
CentroidY: 0.8581
