Location: 2025-04-18_221825-1.png_Mean-Medain.png
Component: component_1745009950530_49.png
centerX: 0.21201413427561838
centerY: 0.026957637997432605
width: 0.023557126030624265
height: 0.03337612323491656
Area: 0.00035759052029798706
CentroidX: 0.2263
CentroidY: 0.0432
