Location: easy21_Mean-Medain.png
Component: component_1744297381080_1069.png
centerX: 0.7370967741935484
centerY: 0.7926245210727969
width: 0.016935483870967744
height: 0.015804597701149427
Area: 0.00013324990730441232
CentroidX: 0.7459
CentroidY: 0.8004
