Location: easy21_Mean-Medain.png
Component: component_1744297380865_489.png
centerX: 0.882258064516129
centerY: 0.42528735632183906
width: 0.01532258064516129
height: 0.014846743295019157
Area: 9.03781979977753e-05
CentroidX: 0.8910
CentroidY: 0.4322
