Location: 2025-04-18_221802-1.png_Mean-Closing.png
Component: component_1745009950714_387.png
centerX: 0.38574793875147234
centerY: 0.6054771074026529
width: 0.02591283863368669
height: 0.0329482242190843
Area: 0.00036439456825291703
CentroidX: 0.4019
CentroidY: 0.6224
