Location: 2025-04-18_221825-1.png_Gaussian-Closing.png
Component: component_1745009950816_192.png
centerX: 0.4787985865724382
centerY: 0.2982456140350877
width: 0.025323910482921083
height: 0.032520325203252036
Area: 0.00032785431071718195
CentroidX: 0.4938
CentroidY: 0.3139
