Location: 2025-04-18_221802-1.png_Gaussian-Median.png
Component: component_1745009951028_266.png
centerX: 0.21554770318021202
centerY: 0.4120667522464698
width: 0.028268551236749116
height: 0.02738553701326487
Area: 0.0003265943018366393
CentroidX: 0.2315
CentroidY: 0.4262
