Location: 2025-04-18_221802-1.png_Mean-Closing.png
Component: component_1745009950674_194.png
centerX: 0.7803297997644287
centerY: 0.29781771501925547
width: 0.026501766784452298
height: 0.03337612323491656
Area: 0.0003611185451635063
CentroidX: 0.7954
CentroidY: 0.3147
