Location: easy21_Mean-Medain.png
Component: component_1744297381147_1189.png
centerX: 0.29193548387096774
centerY: 0.8812260536398467
width: 0.01532258064516129
height: 0.01532567049808429
Area: 9.617167222840193e-05
CentroidX: 0.3012
CentroidY: 0.8882
