Location: 2025-04-18_221802-1.png_Gaussian-Median.png
Component: component_1745009951127_601.png
centerX: 0.5535924617196702
centerY: 0.9353872486093282
width: 0.02767962308598351
height: 0.04065040650406504
Area: 0.00040068282401254366
CentroidX: 0.5713
CentroidY: 0.9573
