Location: 2025-04-18_221825-1.png_Gaussian-Closing.png
Component: component_1745009950785_49.png
centerX: 0.6707891637220259
centerY: 0.03380402225074882
width: 0.023557126030624265
height: 0.031664527171587506
Area: 0.00034927446168640596
CentroidX: 0.6844
CentroidY: 0.0495
