Location: 2025-04-18_221802-1.png_Mean-Closing.png
Component: component_1745009950707_347.png
centerX: 0.392226148409894
centerY: 0.5382969619169876
width: 0.023557126030624265
height: 0.031664527171587506
Area: 0.0003243262858516627
CentroidX: 0.4058
CentroidY: 0.5543
