Location: easy21_Mean-Medain.png
Component: component_1744297380875_535.png
centerX: 0.4846774193548387
centerY: 0.4501915708812261
width: 0.016935483870967744
height: 0.01532567049808429
Area: 0.00011239340007415647
CentroidX: 0.4932
CentroidY: 0.4581
