Location: easy16_Gaussian-Median.png
Component: component_1744297381898_1132.png
centerX: 0.6104838709677419
centerY: 0.8002873563218391
width: 0.014516129032258065
height: 0.014846743295019157
Area: 8.806080830552465e-05
CentroidX: 0.6192
CentroidY: 0.8070
