Location: 2025-04-18_221802-1.png_Mean-Closing.png
Component: component_1745009950721_418.png
centerX: 0.33568904593639576
centerY: 0.6709456568249893
width: 0.02767962308598351
height: 0.03508771929824561
Area: 0.00042311098208620173
CentroidX: 0.3516
CentroidY: 0.6884
