Location: 2025-04-18_221802-1.png_Gaussian-Median.png
Component: component_1745009951046_324.png
centerX: 0.42697290930506476
centerY: 0.5023534445870774
width: 0.026501766784452298
height: 0.032520325203252036
Area: 0.00038682272632657516
CentroidX: 0.4438
CentroidY: 0.5191
