Location: 2025-04-18_221802-1.png_Gaussian-Median.png
Component: component_1745009950886_66.png
centerX: 0.4098939929328622
centerY: 0.0962772785622593
width: 0.027090694935217905
height: 0.02781343602909713
Area: 0.0003611185451635063
CentroidX: 0.4241
CentroidY: 0.1105
