Location: 2025-04-18_221802-1.png_Gaussian-Median.png
Component: component_1745009951125_591.png
centerX: 0.33981154299175503
centerY: 0.9097133076593924
width: 0.025323910482921083
height: 0.032520325203252036
Area: 0.00037749866061056
CentroidX: 0.3545
CentroidY: 0.9261
