Location: 2025-04-18_221802-1.png_Mean-Closing.png
Component: component_1745009950729_463.png
centerX: 0.20730270906949352
centerY: 0.7406931964056482
width: 0.028268551236749116
height: 0.032520325203252036
Area: 0.00039463478138593923
CentroidX: 0.2239
CentroidY: 0.7577
