Location: 2025-04-18_221802-1.png_Gaussian-Median.png
Component: component_1745009951046_327.png
centerX: 0.7638398115429917
centerY: 0.5023534445870774
width: 0.02767962308598351
height: 0.03209242618741977
Area: 0.0004573832236369602
CentroidX: 0.7779
CentroidY: 0.5176
