Location: 2025-04-18_221802-1.png_Gaussian-Median.png
Component: component_1745009951033_278.png
centerX: 0.726148409893993
centerY: 0.43774069319640563
width: 0.027090694935217905
height: 0.030380830124090714
Area: 0.00036313455937237447
CentroidX: 0.7412
CentroidY: 0.4537
