Location: 2025-04-18_221802-1.png_Gaussian-Median.png
Component: component_1745009951068_402.png
centerX: 0.03651354534746761
centerY: 0.6089002995293111
width: 0.02120141342756184
height: 0.028241335044929396
Area: 0.00029887410646470237
CentroidX: 0.0481
CentroidY: 0.6226
