Location: 2025-04-18_221825-1.png_Mean-Medain.png
Component: component_1745009950531_51.png
centerX: 0.29034157832744406
centerY: 0.026529738981600343
width: 0.028268551236749116
height: 0.032520325203252036
Area: 0.0003792626730433196
CentroidX: 0.3070
CentroidY: 0.0426
