Location: easy21_Mean-Medain.png
Component: component_1744297380962_923.png
centerX: 0.5967741935483871
centerY: 0.7001915708812261
width: 0.016935483870967744
height: 0.014846743295019157
Area: 0.0001185731059201582
CentroidX: 0.6057
CentroidY: 0.7077
