Location: 2025-04-18_221802-1.png_Gaussian-Median.png
Component: component_1745009950936_142.png
centerX: 0.44051825677267376
centerY: 0.22978177150192555
width: 0.024734982332155476
height: 0.029097133076593923
Area: 0.0003550705025369019
CentroidX: 0.4544
CentroidY: 0.2443
