Location: 2025-04-18_221825-1.png_Mean-Medain.png
Component: component_1745009950556_195.png
centerX: 0.8133097762073027
centerY: 0.21822849807445444
width: 0.02767962308598351
height: 0.036799315361574665
Area: 0.0003270983053888564
CentroidX: 0.8303
CentroidY: 0.2374
