Location: 2025-04-18_221802-1.png_Gaussian-Median.png
Component: component_1745009951059_363.png
centerX: 0.5742049469964664
centerY: 0.5695335900727428
width: 0.021790341578327443
height: 0.031664527171587506
Area: 0.00037422263752114927
CentroidX: 0.5859
CentroidY: 0.5852
