Location: 2025-04-18_221802-1.png_Gaussian-Median.png
Component: component_1745009951026_258.png
centerX: 0.3462897526501767
centerY: 0.40607616602481816
width: 0.028268551236749116
height: 0.02866923406076166
Area: 0.000342974417283693
CentroidX: 0.3628
CentroidY: 0.4209
