Location: 2025-04-18_221802-1.png_Gaussian-Median.png
Component: component_1745009951057_355.png
centerX: 0.07656065959952886
centerY: 0.542148053059478
width: 0.023557126030624265
height: 0.029525032092426188
Area: 0.0003081981721807175
CentroidX: 0.0900
CentroidY: 0.5561
