Location: 2025-04-18_221802-1.png_Gaussian-Median.png
Component: component_1745009951107_559.png
centerX: 0.8716136631330977
centerY: 0.8720581942661532
width: 0.030035335689045935
height: 0.036371416345742404
Area: 0.00034927446168640596
CentroidX: 0.8909
CentroidY: 0.8913
