Location: 2025-04-18_221802-1.png_Gaussian-Median.png
Component: component_1745009951040_292.png
centerX: 0.6065959952885748
centerY: 0.4668378262729996
width: 0.027090694935217905
height: 0.03123662815575524
Area: 0.0003477624510297549
CentroidX: 0.6226
CentroidY: 0.4826
