Location: 2025-04-18_221802-1.png_Mean-Closing.png
Component: component_1745009950739_517.png
centerX: 0.8769140164899882
centerY: 0.8369704749679076
width: 0.027090694935217905
height: 0.032520325203252036
Area: 0.0003800186783716452
CentroidX: 0.8916
CentroidY: 0.8536
