Location: 2025-04-18_221802-1.png_Gaussian-Median.png
Component: component_1745009950900_89.png
centerX: 0.2762073027090695
centerY: 0.13008130081300814
width: 0.025323910482921083
height: 0.02866923406076166
Area: 0.000349778465238623
CentroidX: 0.2902
CentroidY: 0.1445
