Location: 2025-04-18_221802-1.png_Mean-Closing.png
Component: component_1745009950702_323.png
centerX: 0.5753828032979976
centerY: 0.5027813436029097
width: 0.025323910482921083
height: 0.03209242618741977
Area: 0.0003724586250883896
CentroidX: 0.5901
CentroidY: 0.5188
