Location: 2025-04-18_221802-1.png_Mean-Closing.png
Component: component_1745009950744_540.png
centerX: 0.5394581861012956
centerY: 0.8737697903294822
width: 0.030035335689045935
height: 0.03080872913992298
Area: 0.0003858147192221411
CentroidX: 0.5564
CentroidY: 0.8900
