Location: 2025-04-18_221825-1.png_Mean-Medain.png
Component: component_1745009950555_190.png
centerX: 0.3221436984687868
centerY: 0.2173727000427899
width: 0.022968197879858657
height: 0.0329482242190843
Area: 0.00032810631249329046
CentroidX: 0.3360
CentroidY: 0.2333
