Location: 2025-04-18_221825-1.png_Mean-Medain.png
Component: component_1745009950559_211.png
centerX: 0.6101295641931684
centerY: 0.2524604193410355
width: 0.02237926972909305
height: 0.0329482242190843
Area: 0.00031399421303121344
CentroidX: 0.6233
CentroidY: 0.2690
