Location: 2025-04-18_221825-1.png_Mean-Medain.png
Component: component_1745009950603_275.png
centerX: 0.5512367491166078
centerY: 0.3714163457424048
width: 0.02237926972909305
height: 0.03423192126658109
Area: 0.0003301223267021586
CentroidX: 0.5642
CentroidY: 0.3884
