Location: 2025-04-18_221802-1.png_Gaussian-Median.png
Component: component_1745009951041_296.png
centerX: 0.7879858657243817
centerY: 0.46940522036799315
width: 0.03121319199057715
height: 0.02995293110825845
Area: 0.000385310715669924
CentroidX: 0.8064
CentroidY: 0.4850
