Location: 2025-04-18_221825-1.png_Gaussian-Closing.png
Component: component_1745009950792_88.png
centerX: 0.8368669022379269
centerY: 0.10397946084724005
width: 0.024146054181389872
height: 0.03551561831407788
Area: 0.000321554266314469
CentroidX: 0.8513
CentroidY: 0.1214
