Location: 2025-04-18_221802-1.png_Gaussian-Median.png
Component: component_1745009951078_443.png
centerX: 0.2956419316843345
centerY: 0.6739409499358151
width: 0.024146054181389872
height: 0.03123662815575524
Area: 0.0003709466144317385
CentroidX: 0.3095
CentroidY: 0.6894
