Location: 2025-04-18_221802-1.png_Gaussian-Median.png
Component: component_1745009950854_11.png
centerX: 0.7862190812720848
centerY: 0.02053915275994865
width: 0.025323910482921083
height: 0.029525032092426188
Area: 0.00037598664995390886
CentroidX: 0.8003
CentroidY: 0.0353
