Location: 2025-04-18_221802-1.png_Gaussian-Median.png
Component: component_1745009950995_220.png
centerX: 0.13015312131919907
centerY: 0.3380402225074882
width: 0.024734982332155476
height: 0.03337612323491656
Area: 0.00036187455049183185
CentroidX: 0.1449
CentroidY: 0.3553
