Location: easy21_Mean-Medain.png
Component: component_1744297380928_788.png
centerX: 0.9266129032258065
centerY: 0.6082375478927203
width: 0.01532258064516129
height: 0.014846743295019157
Area: 8.960573476702509e-05
CentroidX: 0.9357
CentroidY: 0.6150
