Location: 2025-04-18_221802-1.png_Gaussian-Median.png
Component: component_1745009950887_71.png
centerX: 0.6537102473498233
centerY: 0.1258023106546855
width: 0.03180212014134275
height: 0.031664527171587506
Area: 0.0004145429216985121
CentroidX: 0.6726
CentroidY: 0.1429
