Location: 2025-04-18_221825-1.png_Mean-Medain.png
Component: component_1745009950557_201.png
centerX: 0.0977620730270907
centerY: 0.24989302524604193
width: 0.02237926972909305
height: 0.032520325203252036
Area: 0.00035179447944749115
CentroidX: 0.1103
CentroidY: 0.2658
