Location: easy16_Gaussian-Median.png
Component: component_1744297381786_526.png
centerX: 0.8048387096774193
centerY: 0.3563218390804598
width: 0.014516129032258065
height: 0.014367816091954023
Area: 7.994994438264739e-05
CentroidX: 0.8130
CentroidY: 0.3629
