Location: easy64_Gaussian-Closing.png
Component: component_1744297381305_617.png
centerX: 0.7569528415961306
centerY: 0.41214194100042756
width: 0.009068923821039904
height: 0.010260795211628902
Area: 6.307018419078627e-05
CentroidX: 0.7616
CentroidY: 0.4172
