Location: 2025-04-18_221825-1.png_Mean-Medain.png
Component: component_1745009950537_87.png
centerX: 0.37868080094228507
centerY: 0.06760804450149764
width: 0.024146054181389872
height: 0.031664527171587506
Area: 0.0003157582254639731
CentroidX: 0.3931
CentroidY: 0.0835
