Location: 2025-04-18_221802-1.png_Gaussian-Median.png
Component: component_1745009950932_133.png
centerX: 0.26855123674911663
centerY: 0.19811724433033803
width: 0.030035335689045935
height: 0.028241335044929396
Area: 0.00039186276184874553
CentroidX: 0.2851
CentroidY: 0.2125
