Location: 2025-04-18_221802-1.png_Gaussian-Median.png
Component: component_1745009950988_212.png
centerX: 0.7361601884570083
centerY: 0.3333333333333333
width: 0.024146054181389872
height: 0.03423192126658109
Area: 0.0003762386517300174
CentroidX: 0.7492
CentroidY: 0.3500
