Location: 2025-04-18_221802-1.png_Gaussian-Median.png
Component: component_1745009951122_579.png
centerX: 0.5400471142520612
centerY: 0.905862216516902
width: 0.023557126030624265
height: 0.03465982028241335
Area: 0.00037271062686449814
CentroidX: 0.5538
CentroidY: 0.9236
