Location: 2025-04-18_221825-1.png_Mean-Medain.png
Component: component_1745009950551_172.png
centerX: 0.32626619552414604
centerY: 0.18014548566538297
width: 0.021790341578327443
height: 0.032520325203252036
Area: 0.0003374303782093056
CentroidX: 0.3389
CentroidY: 0.1959
