Location: 2025-04-18_221825-1.png_Gaussian-Closing.png
Component: component_1745009950792_85.png
centerX: 0.0636042402826855
centerY: 0.10355156183140779
width: 0.026501766784452298
height: 0.03123662815575524
Area: 0.00030693816330017496
CentroidX: 0.0788
CentroidY: 0.1207
