Location: 2025-04-18_221825-1.png_Gaussian-Closing.png
Component: component_1745009950789_62.png
centerX: 0.1625441696113074
centerY: 0.06760804450149764
width: 0.02237926972909305
height: 0.02738553701326487
Area: 0.00029837010291248534
CentroidX: 0.1749
CentroidY: 0.0810
