Location: 2025-04-18_221802-1.png_Mean-Closing.png
Component: component_1745009950690_272.png
centerX: 0.6454652532391049
centerY: 0.43431750106974754
width: 0.025323910482921083
height: 0.03123662815575524
Area: 0.00036162254871572333
CentroidX: 0.6603
CentroidY: 0.4498
