Location: 2025-04-18_221802-1.png_Gaussian-Median.png
Component: component_1745009951003_239.png
centerX: 0.17550058892815076
centerY: 0.3718442447582371
width: 0.02591283863368669
height: 0.03380402225074882
Area: 0.000363386561148483
CentroidX: 0.1911
CentroidY: 0.3883
