Location: 2025-04-18_221802-1.png_Gaussian-Median.png
Component: component_1745009951043_308.png
centerX: 0.2661955241460542
centerY: 0.47411210954214805
width: 0.022968197879858657
height: 0.031664527171587506
Area: 0.0003213022645383605
CentroidX: 0.2802
CentroidY: 0.4899
