Location: 2025-04-18_221802-1.png_Gaussian-Median.png
Component: component_1745009951064_389.png
centerX: 0.42638398115429915
centerY: 0.6037655113393239
width: 0.02944640753828033
height: 0.0329482242190843
Area: 0.000363386561148483
CentroidX: 0.4450
CentroidY: 0.6210
