Location: 2025-04-18_221802-1.png_Mean-Closing.png
Component: component_1745009950704_335.png
centerX: 0.5712603062426383
centerY: 0.5353016688061617
width: 0.028268551236749116
height: 0.03380402225074882
Area: 0.00033591836755265454
CentroidX: 0.5882
CentroidY: 0.5529
