Location: 2025-04-18_221825-1.png_Gaussian-Closing.png
Component: component_1745009950788_57.png
centerX: 0.3286219081272085
centerY: 0.06718014548566538
width: 0.02120141342756184
height: 0.03380402225074882
Area: 0.00030391414198687274
CentroidX: 0.3412
CentroidY: 0.0838
