Location: 2025-04-18_221802-1.png_Mean-Closing.png
Component: component_1745009950744_541.png
centerX: 0.6325088339222615
centerY: 0.8737697903294822
width: 0.02944640753828033
height: 0.03337612323491656
Area: 0.0003827906979088389
CentroidX: 0.6501
CentroidY: 0.8907
