Location: 2025-04-18_221802-1.png_Mean-Closing.png
Component: component_1745009950645_69.png
centerX: 0.2326266195524146
centerY: 0.09328198545143346
width: 0.027090694935217905
height: 0.02866923406076166
Area: 0.00035456649898468485
CentroidX: 0.2478
CentroidY: 0.1082
