Location: 2025-04-18_221802-1.png_Gaussian-Median.png
Component: component_1745009951071_418.png
centerX: 0.16607773851590105
centerY: 0.6405648267008985
width: 0.02591283863368669
height: 0.028241335044929396
Area: 0.00031701823434451566
CentroidX: 0.1797
CentroidY: 0.6552
