Location: 2025-04-18_221802-1.png_Gaussian-Median.png
Component: component_1745009950955_169.png
centerX: 0.22732626619552415
centerY: 0.2640136927685066
width: 0.025323910482921083
height: 0.032520325203252036
Area: 0.0003641425664768085
CentroidX: 0.2422
CentroidY: 0.2803
