Location: 2025-04-18_221802-1.png_Mean-Closing.png
Component: component_1745009950641_50.png
centerX: 0.23380447585394581
centerY: 0.06033376123234917
width: 0.02767962308598351
height: 0.03123662815575524
Area: 0.00039110675652041994
CentroidX: 0.2486
CentroidY: 0.0759
