Location: easy16_Gaussian-Median.png
Component: component_1744297381864_937.png
centerX: 0.4814516129032258
centerY: 0.6657088122605364
width: 0.014516129032258065
height: 0.014367816091954023
Area: 8.381226053639846e-05
CentroidX: 0.4896
CentroidY: 0.6723
