Location: 2025-04-18_221802-1.png_Gaussian-Median.png
Component: component_1745009951095_524.png
centerX: 0.6342756183745583
centerY: 0.8061617458279846
width: 0.028857479387514724
height: 0.03080872913992298
Area: 0.0003734666321928237
CentroidX: 0.6514
CentroidY: 0.8224
