Location: 2025-04-18_221802-1.png_Gaussian-Median.png
Component: component_1745009950885_62.png
centerX: 0.5294464075382803
centerY: 0.094137783483098
width: 0.025323910482921083
height: 0.03080872913992298
Area: 0.00035708651674577004
CentroidX: 0.5446
CentroidY: 0.1098
