Location: 2025-04-18_221802-1.png_Mean-Closing.png
Component: component_1745009950666_160.png
centerX: 0.5123674911660777
centerY: 0.23192126658108686
width: 0.03297997644287397
height: 0.02995293110825845
Area: 0.00036590657890956817
CentroidX: 0.5318
CentroidY: 0.2467
