Location: 2025-04-18_221802-1.png_Gaussian-Median.png
Component: component_1745009951074_433.png
centerX: 0.08186101295641932
centerY: 0.6722293538724861
width: 0.022968197879858657
height: 0.031664527171587506
Area: 0.00033793438176152264
CentroidX: 0.0957
CentroidY: 0.6881
