Location: 2025-04-18_221825-1.png_Mean-Medain.png
Component: component_1745009950558_207.png
centerX: 0.05535924617196702
centerY: 0.25288831835686776
width: 0.02237926972909305
height: 0.03423192126658109
Area: 0.0003414624066270419
CentroidX: 0.0681
CentroidY: 0.2693
