Location: 2025-04-18_221802-1.png_Gaussian-Median.png
Component: component_1745009950954_166.png
centerX: 0.7149587750294464
centerY: 0.2631578947368421
width: 0.030624263839811542
height: 0.03551561831407788
Area: 0.00042059096432511654
CentroidX: 0.7332
CentroidY: 0.2809
