Location: 2025-04-18_221825-1.png_Mean-Medain.png
Component: component_1745009950554_185.png
centerX: 0.6160188457008245
centerY: 0.21523320496362858
width: 0.021790341578327443
height: 0.0329482242190843
Area: 0.00032961832314994154
CentroidX: 0.6285
CentroidY: 0.2317
