Location: 2025-04-18_221802-1.png_Mean-Closing.png
Component: component_1745009950738_511.png
centerX: 0.5011778563015312
centerY: 0.808301240907146
width: 0.02767962308598351
height: 0.031664527171587506
Area: 0.0003850587138938155
CentroidX: 0.5171
CentroidY: 0.8242
