Location: 2025-04-18_221802-1.png_Mean-Closing.png
Component: component_1745009950668_166.png
centerX: 0.6690223792697291
centerY: 0.26144629867351304
width: 0.030624263839811542
height: 0.029097133076593923
Area: 0.0003722066233122811
CentroidX: 0.6868
CentroidY: 0.2763
