Location: 2025-04-18_221825-1.png_Gaussian-Closing.png
Component: component_1745009950790_69.png
centerX: 0.12131919905771496
centerY: 0.07017543859649122
width: 0.02061248527679623
height: 0.025673940949935817
Area: 0.0002756899430627187
CentroidX: 0.1334
CentroidY: 0.0826
