Location: 2025-04-18_221802-1.png_Gaussian-Median.png
Component: component_1745009951125_594.png
centerX: 0.41401648998822144
centerY: 0.9109970047068892
width: 0.02944640753828033
height: 0.03508771929824561
Area: 0.00040521885598249696
CentroidX: 0.4322
CentroidY: 0.9285
