Location: 2025-04-18_221802-1.png_Gaussian-Median.png
Component: component_1745009950925_118.png
centerX: 0.64075382803298
centerY: 0.19383825417201542
width: 0.02944640753828033
height: 0.029525032092426188
Area: 0.00038102668547607924
CentroidX: 0.6581
CentroidY: 0.2091
