Location: 2025-04-18_221802-1.png_Gaussian-Median.png
Component: component_1745009951059_362.png
centerX: 0.5406360424028268
centerY: 0.5691056910569106
width: 0.02237926972909305
height: 0.030380830124090714
Area: 0.00036590657890956817
CentroidX: 0.5526
CentroidY: 0.5845
