Location: 2025-04-18_221802-1.png_Gaussian-Median.png
Component: component_1745009950861_29.png
centerX: 0.6160188457008245
centerY: 0.05648267008985879
width: 0.027090694935217905
height: 0.030380830124090714
Area: 0.00035154247767138264
CentroidX: 0.6319
CentroidY: 0.0715
