Location: 2025-04-18_221802-1.png_Gaussian-Median.png
Component: component_1745009951047_329.png
centerX: 0.39693757361601884
centerY: 0.504920838682071
width: 0.021790341578327443
height: 0.031664527171587506
Area: 0.00035708651674577004
CentroidX: 0.4094
CentroidY: 0.5208
