Location: 2025-04-18_221825-1.png_Gaussian-Closing.png
Component: component_1745009950811_174.png
centerX: 0.6478209658421673
centerY: 0.2550278134360291
width: 0.02237926972909305
height: 0.03380402225074882
Area: 0.000307442166852392
CentroidX: 0.6606
CentroidY: 0.2714
