Location: 2025-04-18_221802-1.png_Gaussian-Median.png
Component: component_1745009951042_300.png
centerX: 0.5712603062426383
centerY: 0.46983311938382544
width: 0.024734982332155476
height: 0.03123662815575524
Area: 0.0003540624954324678
CentroidX: 0.5853
CentroidY: 0.4859
