Location: 2025-04-18_221802-1.png_Gaussian-Median.png
Component: component_1745009951121_577.png
centerX: 0.7873969375736161
centerY: 0.8780487804878049
width: 0.02591283863368669
height: 0.028241335044929396
Area: 0.00034121040485093337
CentroidX: 0.8023
CentroidY: 0.8923
