Location: 2025-04-18_221802-1.png_Mean-Closing.png
Component: component_1745009950654_105.png
centerX: 0.558303886925795
centerY: 0.16174582798459564
width: 0.02944640753828033
height: 0.029097133076593923
Area: 0.0003928707689531796
CentroidX: 0.5754
CentroidY: 0.1770
