Location: 2025-04-18_221825-1.png_Gaussian-Closing.png
Component: component_1745009950822_218.png
centerX: 0.5535924617196702
centerY: 0.3371844244758237
width: 0.023557126030624265
height: 0.03209242618741977
Area: 0.0003230662769711201
CentroidX: 0.5670
CentroidY: 0.3528
