Location: 2025-04-18_221802-1.png_Mean-Closing.png
Component: component_1745009950730_469.png
centerX: 0.6684334511189635
centerY: 0.7411210954214805
width: 0.028857479387514724
height: 0.030380830124090714
Area: 0.00038379870501327294
CentroidX: 0.6856
CentroidY: 0.7572
