Location: 2025-04-18_221802-1.png_Gaussian-Median.png
Component: component_1745009951075_437.png
centerX: 0.6266195524146054
centerY: 0.6726572528883183
width: 0.028268551236749116
height: 0.031664527171587506
Area: 0.0004072348701913651
CentroidX: 0.6415
CentroidY: 0.6889
