Location: 2025-04-18_221802-1.png_Gaussian-Median.png
Component: component_1745009951033_279.png
centerX: 0.7962308598351001
centerY: 0.43859649122807015
width: 0.02591283863368669
height: 0.02866923406076166
Area: 0.00036212655226794036
CentroidX: 0.8115
CentroidY: 0.4535
