Location: 2025-04-18_221825-1.png_Gaussian-Closing.png
Component: component_1745009950817_196.png
centerX: 0.3998822143698469
centerY: 0.29867351305092
width: 0.02120141342756184
height: 0.02995293110825845
Area: 0.00029811810113637683
CentroidX: 0.4116
CentroidY: 0.3133
