Location: 2025-04-18_221825-1.png_Mean-Medain.png
Component: component_1745009950541_108.png
centerX: 0.6207302709069493
centerY: 0.10355156183140779
width: 0.025323910482921083
height: 0.03380402225074882
Area: 0.0003245782876277712
CentroidX: 0.6362
CentroidY: 0.1208
