Location: 2025-04-18_221802-1.png_Gaussian-Median.png
Component: component_1745009951046_326.png
centerX: 0.7267373380447585
centerY: 0.5023534445870774
width: 0.02767962308598351
height: 0.03465982028241335
Area: 0.00040068282401254366
CentroidX: 0.7432
CentroidY: 0.5203
