Location: 2025-04-18_221802-1.png_Gaussian-Median.png
Component: component_1745009950888_74.png
centerX: 0.806831566548881
centerY: 0.12623020967051776
width: 0.028857479387514724
height: 0.029525032092426188
Area: 0.0003641425664768085
CentroidX: 0.8235
CentroidY: 0.1413
