Location: 2025-04-18_221802-1.png_Mean-Closing.png
Component: component_1745009950657_114.png
centerX: 0.4464075382803298
centerY: 0.16260162601626016
width: 0.025323910482921083
height: 0.02866923406076166
Area: 0.0003475104492536463
CentroidX: 0.4610
CentroidY: 0.1769
