Location: 2025-04-18_221802-1.png_Gaussian-Median.png
Component: component_1745009951128_604.png
centerX: 0.20906949352179033
centerY: 0.9443731279418057
width: 0.023557126030624265
height: 0.03508771929824561
Area: 0.0003850587138938155
CentroidX: 0.2226
CentroidY: 0.9611
