Location: easy21_Mean-Medain.png
Component: component_1744297381133_1133.png
centerX: 0.617741935483871
centerY: 0.8381226053639846
width: 0.014516129032258065
height: 0.014846743295019157
Area: 9.03781979977753e-05
CentroidX: 0.6263
CentroidY: 0.8450
