Location: 2025-04-18_221825-1.png_Gaussian-Closing.png
Component: component_1745009950810_166.png
centerX: 0.5217903415783275
centerY: 0.25288831835686776
width: 0.02591283863368669
height: 0.03508771929824561
Area: 0.0003394463924181738
CentroidX: 0.5371
CentroidY: 0.2703
