Location: 2025-04-18_221802-1.png_Mean-Closing.png
Component: component_1745009950678_214.png
centerX: 0.5094228504122497
centerY: 0.3329054343175011
width: 0.024146054181389872
height: 0.0329482242190843
Area: 0.00036187455049183185
CentroidX: 0.5233
CentroidY: 0.3495
