Location: 2025-04-18_221802-1.png_Gaussian-Median.png
Component: component_1745009951083_473.png
centerX: 0.20965842167255594
centerY: 0.709456568249893
width: 0.023557126030624265
height: 0.02866923406076166
Area: 0.0003160102272400816
CentroidX: 0.2233
CentroidY: 0.7237
