Location: easy21_Mean-Medain.png
Component: component_1744297380919_741.png
centerX: 0.8790322580645161
centerY: 0.585727969348659
width: 0.014516129032258065
height: 0.014846743295019157
Area: 9.03781979977753e-05
CentroidX: 0.8876
CentroidY: 0.5924
