Location: 2025-04-18_221825-1.png_Mean-Medain.png
Component: component_1745009950547_138.png
centerX: 0.7873969375736161
centerY: 0.14291827128797605
width: 0.02061248527679623
height: 0.02995293110825845
Area: 0.0002809819803609976
CentroidX: 0.8001
CentroidY: 0.1580
