Location: 2025-04-18_221802-1.png_Gaussian-Median.png
Component: component_1745009951103_543.png
centerX: 0.4958775029446408
centerY: 0.8403936670945656
width: 0.028268551236749116
height: 0.03209242618741977
Area: 0.00039791080447534996
CentroidX: 0.5116
CentroidY: 0.8568
