Location: 2025-04-18_221825-1.png_Mean-Medain.png
Component: component_1745009950570_269.png
centerX: 0.3138987043580683
centerY: 0.37098844672657255
width: 0.019434628975265017
height: 0.03080872913992298
Area: 0.00028476200700262535
CentroidX: 0.3250
CentroidY: 0.3872
