Location: 2025-04-18_221802-1.png_Mean-Closing.png
Component: component_1745009950688_259.png
centerX: 0.7974087161366313
centerY: 0.40479246897732135
width: 0.02944640753828033
height: 0.03080872913992298
Area: 0.00036212655226794036
CentroidX: 0.8150
CentroidY: 0.4216
