Location: 2025-04-18_221802-1.png_Gaussian-Median.png
Component: component_1745009950859_24.png
centerX: 0.3244994110718492
centerY: 0.023106546854942234
width: 0.028857479387514724
height: 0.0329482242190843
Area: 0.00042588300162339543
CentroidX: 0.3405
CentroidY: 0.0397
