Location: 2025-04-18_221802-1.png_Gaussian-Median.png
Component: component_1745009951042_304.png
centerX: 0.39811542991755006
centerY: 0.47282841249465124
width: 0.023557126030624265
height: 0.03080872913992298
Area: 0.00036036253983518077
CentroidX: 0.4109
CentroidY: 0.4881
