Location: 2025-04-18_221802-1.png_Gaussian-Median.png
Component: component_1745009951126_595.png
centerX: 0.3763250883392226
centerY: 0.9118528027385537
width: 0.028268551236749116
height: 0.03209242618741977
Area: 0.000384806712117707
CentroidX: 0.3928
CentroidY: 0.9279
