Location: 2025-04-18_221802-1.png_Gaussian-Median.png
Component: component_1745009951069_411.png
centerX: 0.5471142520612485
centerY: 0.6375695335900727
width: 0.028857479387514724
height: 0.032520325203252036
Area: 0.0003737186339689322
CentroidX: 0.5627
CentroidY: 0.6544
