Location: 2025-04-18_221825-1.png_Gaussian-Closing.png
Component: component_1745009950824_226.png
centerX: 0.467020023557126
centerY: 0.3718442447582371
width: 0.024146054181389872
height: 0.03508771929824561
Area: 0.0003386903870898482
CentroidX: 0.4815
CentroidY: 0.3892
