Location: easy21_Mean-Medain.png
Component: component_1744297380856_439.png
centerX: 0.3064516129032258
centerY: 0.38362068965517243
width: 0.014516129032258065
height: 0.014367816091954023
Area: 8.381226053639846e-05
CentroidX: 0.3145
CentroidY: 0.3903
