Location: 2025-04-18_221825-1.png_Mean-Medain.png
Component: component_1745009950605_286.png
centerX: 0.624263839811543
centerY: 0.3761232349165597
width: 0.019434628975265017
height: 0.02995293110825845
Area: 0.0002991261082408109
CentroidX: 0.6349
CentroidY: 0.3913
