Location: 2025-04-18_221802-1.png_Gaussian-Median.png
Component: component_1745009950860_28.png
centerX: 0.8939929328621908
centerY: 0.05605477107402653
width: 0.03121319199057715
height: 0.02781343602909713
Area: 0.0004117709021613184
CentroidX: 0.9114
CentroidY: 0.0710
