Location: 2025-04-18_221802-1.png_Gaussian-Median.png
Component: component_1745009951095_523.png
centerX: 0.5948174322732627
centerY: 0.8061617458279846
width: 0.028857479387514724
height: 0.03080872913992298
Area: 0.0003817826908044048
CentroidX: 0.6112
CentroidY: 0.8222
