Location: 2025-04-18_221802-1.png_Gaussian-Median.png
Component: component_1745009951024_247.png
centerX: 0.6531213191990577
centerY: 0.40136927685066326
width: 0.026501766784452298
height: 0.030380830124090714
Area: 0.0003505344705669486
CentroidX: 0.6685
CentroidY: 0.4166
