Location: 2025-04-18_221802-1.png_Mean-Closing.png
Component: component_1745009950753_582.png
centerX: 0.1154299175500589
centerY: 0.944801026957638
width: 0.026501766784452298
height: 0.030380830124090714
Area: 0.0003535584918802508
CentroidX: 0.1304
CentroidY: 0.9597
