Location: 2025-04-18_221825-1.png_Gaussian-Closing.png
Component: component_1745009950809_160.png
centerX: 0.23557126030624265
centerY: 0.24989302524604193
width: 0.023557126030624265
height: 0.03465982028241335
Area: 0.0003467544439253208
CentroidX: 0.2506
CentroidY: 0.2677
