Location: 2025-04-18_221802-1.png_Gaussian-Median.png
Component: component_1745009951062_378.png
centerX: 0.7208480565371025
centerY: 0.57466837826273
width: 0.027090694935217905
height: 0.029525032092426188
Area: 0.0003737186339689322
CentroidX: 0.7363
CentroidY: 0.5904
