Location: 2025-04-18_221802-1.png_Gaussian-Median.png
Component: component_1745009950968_178.png
centerX: 0.7885747938751473
centerY: 0.2644415917843389
width: 0.022968197879858657
height: 0.029097133076593923
Area: 0.00030290613488243864
CentroidX: 0.8020
CentroidY: 0.2791
