Location: 2025-04-18_221802-1.png_Gaussian-Median.png
Component: component_1745009950853_8.png
centerX: 0.702002355712603
centerY: 0.019683354728284124
width: 0.03121319199057715
height: 0.0329482242190843
Area: 0.00045108317923424725
CentroidX: 0.7203
CentroidY: 0.0363
