Location: 2025-04-18_221802-1.png_Gaussian-Median.png
Component: component_1745009951001_235.png
centerX: 0.6519434628975265
centerY: 0.3688489516474112
width: 0.025323910482921083
height: 0.03209242618741977
Area: 0.00038405070678938145
CentroidX: 0.6665
CentroidY: 0.3848
