Location: easy26_Mean-Closing.png
Component: component_1744297381970_104.png
centerX: 0.05
centerY: 0.07950191570881227
width: 0.016129032258064516
height: 0.014367816091954023
Area: 0.00010003398838215301
CentroidX: 0.0582
CentroidY: 0.0869
