Location: 2025-04-18_221802-1.png_Mean-Closing.png
Component: component_1745009950665_155.png
centerX: 0.3568904593639576
centerY: 0.2314933675652546
width: 0.023557126030624265
height: 0.02866923406076166
Area: 0.00033818638353763116
CentroidX: 0.3700
CentroidY: 0.2456
