Location: easy16_Gaussian-Median.png
Component: component_1744297381888_1076.png
centerX: 0.8911290322580645
centerY: 0.7547892720306514
width: 0.014516129032258065
height: 0.014367816091954023
Area: 7.956371276727228e-05
CentroidX: 0.8996
CentroidY: 0.7615
