Location: 2025-04-18_221802-1.png_Gaussian-Median.png
Component: component_1745009951001_234.png
centerX: 0.5318021201413428
centerY: 0.3688489516474112
width: 0.02944640753828033
height: 0.03508771929824561
Area: 0.00039539078671426477
CentroidX: 0.5497
CentroidY: 0.3869
