Location: 2025-04-18_221802-1.png_Mean-Closing.png
Component: component_1745009950657_118.png
centerX: 0.4793875147232038
centerY: 0.16345742404792468
width: 0.025323910482921083
height: 0.02995293110825845
Area: 0.00036288255759626595
CentroidX: 0.4939
CentroidY: 0.1784
