Location: easy21_Mean-Medain.png
Component: component_1744297380834_342.png
centerX: 0.23629032258064517
centerY: 0.3160919540229885
width: 0.016129032258064516
height: 0.014846743295019157
Area: 0.00011277963168953157
CentroidX: 0.2450
CentroidY: 0.3237
