Location: 2025-04-18_221802-1.png_Gaussian-Median.png
Component: component_1745009951045_321.png
centerX: 0.5035335689045937
centerY: 0.5019255455712451
width: 0.022968197879858657
height: 0.029525032092426188
Area: 0.0003339023533437864
CentroidX: 0.5163
CentroidY: 0.5171
