Location: 2025-04-18_221802-1.png_Mean-Closing.png
Component: component_1745009950662_140.png
centerX: 0.08775029446407538
centerY: 0.19897304236200256
width: 0.025323910482921083
height: 0.030380830124090714
Area: 0.0003422184119553675
CentroidX: 0.1017
CentroidY: 0.2143
