Location: 2025-04-18_221802-1.png_Gaussian-Median.png
Component: component_1745009951069_407.png
centerX: 0.6171967020023557
centerY: 0.636285836542576
width: 0.027090694935217905
height: 0.03380402225074882
Area: 0.00036565457713345965
CentroidX: 0.6337
CentroidY: 0.6540
