Location: easy16_Gaussian-Median.png
Component: component_1744297381692_265.png
centerX: 0.43629032258064515
centerY: 0.18007662835249041
width: 0.013709677419354839
height: 0.014367816091954023
Area: 8.07224076133976e-05
CentroidX: 0.4445
CentroidY: 0.1869
