Location: 2025-04-18_221802-1.png_Gaussian-Median.png
Component: component_1745009950933_134.png
centerX: 0.08716136631330977
centerY: 0.19897304236200256
width: 0.02591283863368669
height: 0.030380830124090714
Area: 0.0003449904314925612
CentroidX: 0.1017
CentroidY: 0.2142
