Location: 2025-04-18_221825-1.png_Gaussian-Closing.png
Component: component_1745009950786_52.png
centerX: 0.24499411071849234
centerY: 0.06632434745400086
width: 0.022968197879858657
height: 0.029097133076593923
Area: 0.00031147419527012825
CentroidX: 0.2584
CentroidY: 0.0803
