Location: 2025-04-18_221802-1.png_Mean-Closing.png
Component: component_1745009950658_121.png
centerX: 0.0353356890459364
centerY: 0.16559691912708602
width: 0.02767962308598351
height: 0.03209242618741977
Area: 0.00039967481690810955
CentroidX: 0.0521
CentroidY: 0.1814
