Location: 2025-04-18_221825-1.png_Gaussian-Closing.png
Component: component_1745009950806_149.png
centerX: 0.7697290930506479
centerY: 0.21566110397946084
width: 0.026501766784452298
height: 0.03508771929824561
Area: 0.00034171440840315045
CentroidX: 0.7862
CentroidY: 0.2332
