Location: 2025-04-18_221825-1.png_Mean-Medain.png
Component: component_1745009950535_77.png
centerX: 0.29093050647820967
centerY: 0.0658964484381686
width: 0.02061248527679623
height: 0.02995293110825845
Area: 0.000294338074494749
CentroidX: 0.3030
CentroidY: 0.0800
