Location: 2025-04-18_221802-1.png_Gaussian-Median.png
Component: component_1745009951080_461.png
centerX: 0.751472320376914
centerY: 0.7051775780915703
width: 0.027090694935217905
height: 0.03423192126658109
Area: 0.000398414808027567
CentroidX: 0.7670
CentroidY: 0.7234
