Location: 2025-04-18_221802-1.png_Mean-Closing.png
Component: component_1745009950658_120.png
centerX: 0.22909305064782096
centerY: 0.1643132220795892
width: 0.026501766784452298
height: 0.03080872913992298
Area: 0.00042185097320565916
CentroidX: 0.2436
CentroidY: 0.1795
