Location: 2025-04-18_221825-1.png_Gaussian-Closing.png
Component: component_1745009950794_98.png
centerX: 0.06772673733804475
centerY: 0.1364997860504921
width: 0.018256772673733806
height: 0.03080872913992298
Area: 0.0002809819803609976
CentroidX: 0.0788
CentroidY: 0.1525
