Location: 2025-04-18_221802-1.png_Gaussian-Median.png
Component: component_1745009950896_82.png
centerX: 0.19022379269729092
centerY: 0.12836970474967907
width: 0.02591283863368669
height: 0.02781343602909713
Area: 0.0003585985274024211
CentroidX: 0.2042
CentroidY: 0.1428
