Location: 2025-04-18_221802-1.png_Gaussian-Median.png
Component: component_1745009951039_287.png
centerX: 0.3133097762073027
centerY: 0.44244758237056053
width: 0.02237926972909305
height: 0.028241335044929396
Area: 0.0003102141863895857
CentroidX: 0.3263
CentroidY: 0.4563
