Location: 2025-04-18_221825-1.png_Gaussian-Closing.png
Component: component_1745009950814_189.png
centerX: 0.10365135453474676
centerY: 0.29781771501925547
width: 0.023557126030624265
height: 0.02995293110825845
Area: 0.00031374221125510493
CentroidX: 0.1166
CentroidY: 0.3123
