Location: easy16_Gaussian-Median.png
Component: component_1744297381874_995.png
centerX: 0.9274193548387096
centerY: 0.7092911877394636
width: 0.01532258064516129
height: 0.014846743295019157
Area: 9.926152515140279e-05
CentroidX: 0.9366
CentroidY: 0.7161
