Location: 2025-04-18_221802-1.png_Gaussian-Median.png
Component: component_1745009951041_297.png
centerX: 0.43227326266195526
centerY: 0.47026101839965767
width: 0.022968197879858657
height: 0.03080872913992298
Area: 0.0003399503959703908
CentroidX: 0.4455
CentroidY: 0.4860
