Location: 2025-04-18_221825-1.png_Gaussian-Closing.png
Component: component_1745009950804_142.png
centerX: 0.24028268551236748
centerY: 0.2139495079161318
width: 0.020023557126030624
height: 0.031664527171587506
Area: 0.0003205462592100349
CentroidX: 0.2518
CentroidY: 0.2291
