Location: 2025-04-18_221802-1.png_Mean-Closing.png
Component: component_1745009950671_180.png
centerX: 0.1855123674911661
centerY: 0.26486949080017114
width: 0.024734982332155476
height: 0.032520325203252036
Area: 0.00036187455049183185
CentroidX: 0.2003
CentroidY: 0.2811
