Location: 2025-04-18_221802-1.png_Mean-Closing.png
Component: component_1745009950724_431.png
centerX: 0.6625441696113075
centerY: 0.6735130509199829
width: 0.030624263839811542
height: 0.03080872913992298
Area: 0.0004152989270268377
CentroidX: 0.6782
CentroidY: 0.6902
