Location: 2025-04-18_221802-1.png_Gaussian-Median.png
Component: component_1745009950929_127.png
centerX: 0.2249705535924617
centerY: 0.1972614462986735
width: 0.027090694935217905
height: 0.03080872913992298
Area: 0.00038959474586376886
CentroidX: 0.2407
CentroidY: 0.2126
