Location: easy26_Mean-Closing.png
Component: component_1744297382212_1202.png
centerX: 0.12983870967741937
centerY: 0.9061302681992337
width: 0.014516129032258065
height: 0.014846743295019157
Area: 9.424051415152639e-05
CentroidX: 0.1386
CentroidY: 0.9126
