Location: 2025-04-18_221802-1.png_Gaussian-Median.png
Component: component_1745009951087_495.png
centerX: 0.4204946996466431
centerY: 0.7436884895164741
width: 0.026501766784452298
height: 0.03080872913992298
Area: 0.0003888387405354433
CentroidX: 0.4350
CentroidY: 0.7593
