Location: 2025-04-18_221802-1.png_Gaussian-Median.png
Component: component_1745009951084_480.png
centerX: 0.12014134275618374
centerY: 0.7406931964056482
width: 0.02767962308598351
height: 0.0329482242190843
Area: 0.0003928707689531796
CentroidX: 0.1364
CentroidY: 0.7571
