Location: 2025-04-18_221825-1.png_Mean-Medain.png
Component: component_1745009950603_277.png
centerX: 0.8374558303886925
centerY: 0.3718442447582371
width: 0.025323910482921083
height: 0.03209242618741977
Area: 0.00035708651674577004
CentroidX: 0.8521
CentroidY: 0.3883
