Location: 2025-04-18_221825-1.png_Mean-Medain.png
Component: component_1745009950550_164.png
centerX: 0.5759717314487632
centerY: 0.17715019255455713
width: 0.022968197879858657
height: 0.03337612323491656
Area: 0.0003049221490913068
CentroidX: 0.5902
CentroidY: 0.1935
