Location: 2025-04-18_221825-1.png_Gaussian-Closing.png
Component: component_1745009950795_103.png
centerX: 0.3286219081272085
centerY: 0.1399229781771502
width: 0.02120141342756184
height: 0.037227214377406934
Area: 0.00033516236222432894
CentroidX: 0.3424
CentroidY: 0.1586
