Location: 2025-04-18_221802-1.png_Mean-Closing.png
Component: component_1745009950702_325.png
centerX: 0.7638398115429917
centerY: 0.5023534445870774
width: 0.02767962308598351
height: 0.031664527171587506
Area: 0.0004631792644874561
CentroidX: 0.7780
CentroidY: 0.5176
