Location: 2025-04-18_221825-1.png_Gaussian-Closing.png
Component: component_1745009950788_60.png
centerX: 0.502944640753828
centerY: 0.06718014548566538
width: 0.023557126030624265
height: 0.031664527171587506
Area: 0.00031676623256840714
CentroidX: 0.5174
CentroidY: 0.0830
