Location: 2025-04-18_221802-1.png_Mean-Closing.png
Component: component_1745009950722_423.png
centerX: 0.8745583038869258
centerY: 0.6718014548566539
width: 0.02944640753828033
height: 0.02995293110825845
Area: 0.0002890460371964702
CentroidX: 0.8936
CentroidY: 0.6887
