Location: 2025-04-18_221802-1.png_Mean-Closing.png
Component: component_1745009950731_475.png
centerX: 0.3839811542991755
centerY: 0.7432605905006419
width: 0.02767962308598351
height: 0.02738553701326487
Area: 0.00035154247767138264
CentroidX: 0.3991
CentroidY: 0.7578
