Location: 2025-04-18_221802-1.png_Gaussian-Median.png
Component: component_1745009951133_612.png
centerX: 0.07302709069493522
centerY: 0.9465126230209671
width: 0.026501766784452298
height: 0.02781343602909713
Area: 0.000342470413731476
CentroidX: 0.0872
CentroidY: 0.9605
