Location: easy26_Mean-Closing.png
Component: component_1744297382123_750.png
centerX: 0.6120967741935484
centerY: 0.6130268199233716
width: 0.016129032258064516
height: 0.01532567049808429
Area: 0.00011239340007415647
CentroidX: 0.6206
CentroidY: 0.6209
