Location: 2025-04-18_221825-1.png_Gaussian-Closing.png
Component: component_1745009950782_37.png
centerX: 0.0712603062426384
centerY: 0.02866923406076166
width: 0.022968197879858657
height: 0.03380402225074882
Area: 0.0003346583586721119
CentroidX: 0.0857
CentroidY: 0.0456
