Location: 2025-04-18_221802-1.png_Gaussian-Median.png
Component: component_1745009951027_262.png
centerX: 0.26383981154299174
centerY: 0.4077877620881472
width: 0.024734982332155476
height: 0.03080872913992298
Area: 0.0003578425220740956
CentroidX: 0.2776
CentroidY: 0.4233
