Location: 2025-04-18_221802-1.png_Mean-Closing.png
Component: component_1745009950725_437.png
centerX: 0.8633686690223793
centerY: 0.7038938810440736
width: 0.026501766784452298
height: 0.03080872913992298
Area: 0.0003157582254639731
CentroidX: 0.8791
CentroidY: 0.7193
