Location: 2025-04-18_221802-1.png_Mean-Closing.png
Component: component_1745009950741_527.png
centerX: 0.375736160188457
centerY: 0.8412494651262302
width: 0.026501766784452298
height: 0.032520325203252036
Area: 0.0003900987494159859
CentroidX: 0.3914
CentroidY: 0.8575
