Location: 2025-04-18_221802-1.png_Gaussian-Median.png
Component: component_1745009951009_244.png
centerX: 0.2137809187279152
centerY: 0.3748395378690629
width: 0.027090694935217905
height: 0.03594351732991014
Area: 0.00038682272632657516
CentroidX: 0.2305
CentroidY: 0.3929
