Location: 2025-04-18_221802-1.png_Gaussian-Median.png
Component: component_1745009951077_442.png
centerX: 0.25677267373380447
centerY: 0.6735130509199829
width: 0.025323910482921083
height: 0.032520325203252036
Area: 0.00037850666771499405
CentroidX: 0.2717
CentroidY: 0.6902
