Location: 2025-04-18_221802-1.png_Mean-Closing.png
Component: component_1745009950683_234.png
centerX: 0.4717314487632509
centerY: 0.3684210526315789
width: 0.023557126030624265
height: 0.03123662815575524
Area: 0.00037296262864060665
CentroidX: 0.4854
CentroidY: 0.3838
