Location: 2025-04-18_221802-1.png_Mean-Closing.png
Component: component_1745009950657_117.png
centerX: 0.40636042402826855
centerY: 0.16345742404792468
width: 0.02591283863368669
height: 0.029097133076593923
Area: 0.00035179447944749115
CentroidX: 0.4212
CentroidY: 0.1777
