Location: 2025-04-18_221802-1.png_Mean-Closing.png
Component: component_1745009950685_242.png
centerX: 0.7279151943462897
centerY: 0.37098844672657255
width: 0.028857479387514724
height: 0.03209242618741977
Area: 0.0003860667209982496
CentroidX: 0.7456
CentroidY: 0.3875
