Location: 2025-04-18_221802-1.png_Mean-Closing.png
Component: component_1745009950736_501.png
centerX: 0.8321554770318021
centerY: 0.8044501497646556
width: 0.02944640753828033
height: 0.03080872913992298
Area: 0.000405722859534714
CentroidX: 0.8486
CentroidY: 0.8208
