Location: easy21_Mean-Medain.png
Component: component_1744297380907_695.png
centerX: 0.7201612903225807
centerY: 0.5627394636015326
width: 0.01532258064516129
height: 0.014846743295019157
Area: 9.733036707452725e-05
CentroidX: 0.7293
CentroidY: 0.5696
