Location: 2025-04-18_221825-1.png_Mean-Medain.png
Component: component_1745009950603_276.png
centerX: 0.7479387514723204
centerY: 0.3718442447582371
width: 0.024734982332155476
height: 0.03551561831407788
Area: 0.00032810631249329046
CentroidX: 0.7623
CentroidY: 0.3895
