Location: easy21_Mean-Medain.png
Component: component_1744297380879_560.png
centerX: 0.7
centerY: 0.47174329501915707
width: 0.016129032258064516
height: 0.01532567049808429
Area: 0.00011934556915090841
CentroidX: 0.7084
CentroidY: 0.4794
