Location: 2025-04-18_221825-1.png_Gaussian-Closing.png
Component: component_1745009950811_171.png
centerX: 0.483510011778563
centerY: 0.25331621737270005
width: 0.025323910482921083
height: 0.031664527171587506
Area: 0.00031374221125510493
CentroidX: 0.4983
CentroidY: 0.2692
