Location: 2025-04-18_221802-1.png_Mean-Closing.png
Component: component_1745009950677_209.png
centerX: 0.5812720848056537
centerY: 0.33076593923833975
width: 0.028268551236749116
height: 0.03594351732991014
Area: 0.00040824287729579917
CentroidX: 0.5976
CentroidY: 0.3483
