Location: 2025-04-18_221802-1.png_Gaussian-Median.png
Component: component_1745009951051_343.png
centerX: 0.5371024734982333
centerY: 0.5370132648694907
width: 0.023557126030624265
height: 0.03080872913992298
Area: 0.00031979025388170936
CentroidX: 0.5512
CentroidY: 0.5525
