Location: 2025-04-18_221825-1.png_Gaussian-Closing.png
Component: component_1745009950821_216.png
centerX: 0.6719670200235571
centerY: 0.33675652545999146
width: 0.022968197879858657
height: 0.03337612323491656
Area: 0.0003190342485533838
CentroidX: 0.6855
CentroidY: 0.3535
