Location: 2025-04-18_221802-1.png_Gaussian-Median.png
Component: component_1745009950892_77.png
centerX: 0.40518256772673733
centerY: 0.12708600770218229
width: 0.030035335689045935
height: 0.03594351732991014
Area: 0.00040622686308693106
CentroidX: 0.4242
CentroidY: 0.1459
