Location: 2025-04-18_221802-1.png_Gaussian-Median.png
Component: component_1745009950908_101.png
centerX: 0.8027090694935218
centerY: 0.1621737270004279
width: 0.028268551236749116
height: 0.02781343602909713
Area: 0.0003444864279403441
CentroidX: 0.8192
CentroidY: 0.1767
