Location: 2025-04-18_221802-1.png_Mean-Closing.png
Component: component_1745009950697_298.png
centerX: 0.7879858657243817
centerY: 0.46940522036799315
width: 0.03121319199057715
height: 0.02995293110825845
Area: 0.0003850587138938155
CentroidX: 0.8064
CentroidY: 0.4850
