Location: 2025-04-18_221825-1.png_Gaussian-Closing.png
Component: component_1745009950818_206.png
centerX: 0.14487632508833923
centerY: 0.3346170303808301
width: 0.02120141342756184
height: 0.0329482242190843
Area: 0.0003132382077028879
CentroidX: 0.1572
CentroidY: 0.3504
