Location: 2025-04-18_221802-1.png_Gaussian-Median.png
Component: component_1745009951086_491.png
centerX: 0.07773851590106007
centerY: 0.7419768934531451
width: 0.024734982332155476
height: 0.03337612323491656
Area: 0.00037548264640169184
CentroidX: 0.0915
CentroidY: 0.7581
