Location: 2025-04-18_221802-1.png_Gaussian-Median.png
Component: component_1745009951049_337.png
centerX: 0.8404004711425206
centerY: 0.5340179717586649
width: 0.030035335689045935
height: 0.03808301240907146
Area: 0.00045259518989089833
CentroidX: 0.8586
CentroidY: 0.5539
