Location: 2025-04-18_221802-1.png_Mean-Closing.png
Component: component_1745009950630_16.png
centerX: 0.41519434628975266
centerY: 0.02011125374411639
width: 0.028268551236749116
height: 0.03465982028241335
Area: 0.00047754336572564164
CentroidX: 0.4311
CentroidY: 0.0373
