Location: easy16_Gaussian-Median.png
Component: component_1744297381821_694.png
centerX: 0.21854838709677418
centerY: 0.4703065134099617
width: 0.014516129032258065
height: 0.014846743295019157
Area: 9.462674576690149e-05
CentroidX: 0.2273
CentroidY: 0.4772
