Location: 2025-04-18_221802-1.png_Gaussian-Median.png
Component: component_1745009950954_167.png
centerX: 0.7555948174322733
centerY: 0.2631578947368421
width: 0.025323910482921083
height: 0.030380830124090714
Area: 0.0003202942574339264
CentroidX: 0.7701
CentroidY: 0.2784
