Location: 2025-04-18_221802-1.png_Mean-Closing.png
Component: component_1745009950742_531.png
centerX: 0.15959952885747938
centerY: 0.8433889602053916
width: 0.022968197879858657
height: 0.032520325203252036
Area: 0.00038405070678938145
CentroidX: 0.1725
CentroidY: 0.8595
