Location: 2025-04-18_221825-1.png_Mean-Medain.png
Component: component_1745009950560_219.png
centerX: 0.7591283863368669
centerY: 0.2558836114676936
width: 0.02944640753828033
height: 0.03423192126658109
Area: 0.00032785431071718195
CentroidX: 0.7778
CentroidY: 0.2734
