Location: 2025-04-18_221802-1.png_Gaussian-Median.png
Component: component_1745009951066_395.png
centerX: 0.3404004711425206
centerY: 0.6050492083868207
width: 0.02591283863368669
height: 0.03080872913992298
Area: 0.00036036253983518077
CentroidX: 0.3554
CentroidY: 0.6213
