Location: 2025-04-18_221825-1.png_Mean-Medain.png
Component: component_1745009950568_259.png
centerX: 0.7061248527679623
centerY: 0.33590072742832694
width: 0.026501766784452298
height: 0.0329482242190843
Area: 0.0003374303782093056
CentroidX: 0.7216
CentroidY: 0.3523
