Location: 2025-04-18_221802-1.png_Mean-Closing.png
Component: component_1745009950723_426.png
centerX: 0.6266195524146054
centerY: 0.6726572528883183
width: 0.028268551236749116
height: 0.031664527171587506
Area: 0.00041051089328077584
CentroidX: 0.6415
CentroidY: 0.6889
