Location: 2025-04-18_221825-1.png_Gaussian-Closing.png
Component: component_1745009950812_178.png
centerX: 0.803886925795053
centerY: 0.2584510055626872
width: 0.030035335689045935
height: 0.029097133076593923
Area: 0.0002895500407486872
CentroidX: 0.8230
CentroidY: 0.2743
