Location: 2025-04-18_221825-1.png_Mean-Medain.png
Component: component_1745009950536_80.png
centerX: 0.21083627797408716
centerY: 0.06675224646983312
width: 0.022968197879858657
height: 0.031664527171587506
Area: 0.00032231027164279454
CentroidX: 0.2244
CentroidY: 0.0820
