Location: 2025-04-18_221802-1.png_Gaussian-Median.png
Component: component_1745009951009_243.png
centerX: 0.03180212014134275
centerY: 0.37526743688489517
width: 0.024734982332155476
height: 0.03423192126658109
Area: 0.00033768237998541413
CentroidX: 0.0471
CentroidY: 0.3924
