Location: 2025-04-18_221802-1.png_Gaussian-Median.png
Component: component_1745009950978_201.png
centerX: 0.22673733804475854
centerY: 0.3029525032092426
width: 0.022968197879858657
height: 0.02781343602909713
Area: 0.0003467544439253208
CentroidX: 0.2387
CentroidY: 0.3168
