Location: 2025-04-18_221825-1.png_Mean-Medain.png
Component: component_1745009950566_250.png
centerX: 0.8409893992932862
centerY: 0.3333333333333333
width: 0.025323910482921083
height: 0.03551561831407788
Area: 0.00034473842971645267
CentroidX: 0.8562
CentroidY: 0.3507
