Location: 2025-04-18_221802-1.png_Mean-Closing.png
Component: component_1745009950643_60.png
centerX: 0.8857479387514723
centerY: 0.09114249037227215
width: 0.028268551236749116
height: 0.02995293110825845
Area: 0.000384806712117707
CentroidX: 0.9024
CentroidY: 0.1070
