Location: 2025-04-18_221802-1.png_Mean-Closing.png
Component: component_1745009950745_546.png
centerX: 0.20259128386336867
centerY: 0.8767650834403081
width: 0.024734982332155476
height: 0.031664527171587506
Area: 0.00036515057358124263
CentroidX: 0.2171
CentroidY: 0.8920
