Location: 2025-04-18_221825-1.png_Gaussian-Closing.png
Component: component_1745009950787_54.png
centerX: 0.7962308598351001
centerY: 0.06632434745400086
width: 0.024734982332155476
height: 0.03423192126658109
Area: 0.0003452424332686697
CentroidX: 0.8104
CentroidY: 0.0833
