Location: 2025-04-18_221802-1.png_Mean-Closing.png
Component: component_1745009950663_150.png
centerX: 0.866902237926973
centerY: 0.23063756953359008
width: 0.02767962308598351
height: 0.03080872913992298
Area: 0.00040622686308693106
CentroidX: 0.8823
CentroidY: 0.2463
