Location: easy21_Mean-Medain.png
Component: component_1744297380825_301.png
centerX: 0.15806451612903225
centerY: 0.29310344827586204
width: 0.014516129032258065
height: 0.014846743295019157
Area: 8.844703992089976e-05
CentroidX: 0.1662
CentroidY: 0.3000
