Location: 2025-04-18_221802-1.png_Mean-Closing.png
Component: component_1745009950747_557.png
centerX: 0.6224970553592462
centerY: 0.9067180145485665
width: 0.02944640753828033
height: 0.03337612323491656
Area: 0.0003613705469396148
CentroidX: 0.6405
CentroidY: 0.9256
