Location: easy16_Gaussian-Median.png
Component: component_1744297381770_435.png
centerX: 0.3338709677419355
centerY: 0.2921455938697318
width: 0.013709677419354839
height: 0.014367816091954023
Area: 7.686009145964652e-05
CentroidX: 0.3423
CentroidY: 0.2989
