Location: 2025-04-18_221802-1.png_Gaussian-Median.png
Component: component_1745009951092_516.png
centerX: 0.45700824499411075
centerY: 0.7774925117672229
width: 0.028268551236749116
height: 0.030380830124090714
Area: 0.0003792626730433196
CentroidX: 0.4734
CentroidY: 0.7933
