Location: 2025-04-18_221802-1.png_Gaussian-Median.png
Component: component_1745009951070_412.png
centerX: 0.6560659599528857
centerY: 0.637997432605905
width: 0.024734982332155476
height: 0.03508771929824561
Area: 0.0003180262414489497
CentroidX: 0.6706
CentroidY: 0.6563
