Location: 2025-04-18_221802-1.png_Gaussian-Median.png
Component: component_1745009951027_260.png
centerX: 0.5023557126030624
centerY: 0.4065040650406504
width: 0.030624263839811542
height: 0.025673940949935817
Area: 0.0003104661881656942
CentroidX: 0.5195
CentroidY: 0.4200
