Location: 2025-04-18_221825-1.png_Gaussian-Closing.png
Component: component_1745009950813_182.png
centerX: 0.6784452296819788
centerY: 0.29653401797175866
width: 0.024146054181389872
height: 0.032520325203252036
Area: 0.00032810631249329046
CentroidX: 0.6916
CentroidY: 0.3124
