Location: 2025-04-18_221802-1.png_Gaussian-Median.png
Component: component_1745009951084_479.png
centerX: 0.5942285041224971
centerY: 0.7394094993581515
width: 0.03180212014134275
height: 0.031664527171587506
Area: 0.0004324350478022169
CentroidX: 0.6128
CentroidY: 0.7556
