Location: 2025-04-18_221802-1.png_Gaussian-Median.png
Component: component_1745009951110_563.png
centerX: 0.5394581861012956
centerY: 0.8737697903294822
width: 0.030035335689045935
height: 0.03080872913992298
Area: 0.000385310715669924
CentroidX: 0.5565
CentroidY: 0.8900
