Location: 2025-04-18_221802-1.png_Mean-Closing.png
Component: component_1745009950731_472.png
centerX: 0.07773851590106007
centerY: 0.7419768934531451
width: 0.024734982332155476
height: 0.03337612323491656
Area: 0.0003762386517300174
CentroidX: 0.0915
CentroidY: 0.7581
