Location: 2025-04-18_221802-1.png_Mean-Closing.png
Component: component_1745009950681_226.png
centerX: 0.1772673733804476
centerY: 0.34017971758664955
width: 0.024734982332155476
height: 0.029525032092426188
Area: 0.000356582513193553
CentroidX: 0.1908
CentroidY: 0.3549
