Location: 2025-04-18_221825-1.png_Mean-Medain.png
Component: component_1745009950549_160.png
centerX: 0.4917550058892815
centerY: 0.17672229353872487
width: 0.02237926972909305
height: 0.037655113393239195
Area: 0.0003291143195977245
CentroidX: 0.5061
CentroidY: 0.1963
