Location: 2025-04-18_221802-1.png_Gaussian-Median.png
Component: component_1745009951062_377.png
centerX: 0.07832744405182568
centerY: 0.57466837826273
width: 0.021790341578327443
height: 0.03209242618741977
Area: 0.0003396983941942823
CentroidX: 0.0912
CentroidY: 0.5906
