Location: 2025-04-18_221825-1.png_Gaussian-Closing.png
Component: component_1745009950788_59.png
centerX: 0.4623085983510012
centerY: 0.06675224646983312
width: 0.025323910482921083
height: 0.0329482242190843
Area: 0.00032961832314994154
CentroidX: 0.4770
CentroidY: 0.0834
