Location: easy43_Mean-Closing.png
Component: component_1744297380661_918.png
centerX: 0.5532043530834341
centerY: 0.566053869174861
width: 0.008464328899637243
height: 0.00983326207781103
Area: 6.281169982934862e-05
CentroidX: 0.5573
CentroidY: 0.5709
