Location: 2025-04-18_221825-1.png_Gaussian-Closing.png
Component: component_1745009950811_172.png
centerX: 0.3586572438162544
centerY: 0.25417201540436457
width: 0.023557126030624265
height: 0.032520325203252036
Area: 0.00031248220237456236
CentroidX: 0.3738
CentroidY: 0.2705
