Location: 2025-04-18_221802-1.png_Gaussian-Median.png
Component: component_1745009951071_420.png
centerX: 0.5047114252061249
centerY: 0.6401369276850664
width: 0.028857479387514724
height: 0.02995293110825845
Area: 0.0003553225043130104
CentroidX: 0.5201
CentroidY: 0.6559
