Location: 2025-04-18_221802-1.png_Mean-Closing.png
Component: component_1745009950671_179.png
centerX: 0.8604240282685512
centerY: 0.2640136927685066
width: 0.02591283863368669
height: 0.03337612323491656
Area: 0.0003525504847758167
CentroidX: 0.8762
CentroidY: 0.2811
