Location: 2025-04-18_221802-1.png_Gaussian-Median.png
Component: component_1745009950899_87.png
centerX: 0.32037691401649
centerY: 0.1292255027813436
width: 0.027090694935217905
height: 0.02738553701326487
Area: 0.0003679225931184363
CentroidX: 0.3348
CentroidY: 0.1435
