Location: 2025-04-18_221802-1.png_Gaussian-Median.png
Component: component_1745009951073_429.png
centerX: 0.5035335689045937
centerY: 0.6709456568249893
width: 0.027090694935217905
height: 0.030380830124090714
Area: 0.00036313455937237447
CentroidX: 0.5196
CentroidY: 0.6868
