Location: 2025-04-18_221802-1.png_Mean-Closing.png
Component: component_1745009950692_280.png
centerX: 0.5394581861012956
centerY: 0.4373127941805734
width: 0.022968197879858657
height: 0.029525032092426188
Area: 0.0003472584474775378
CentroidX: 0.5524
CentroidY: 0.4521
