Location: easy21_Mean-Medain.png
Component: component_1744297380931_800.png
centerX: 0.09193548387096774
centerY: 0.6312260536398467
width: 0.013709677419354839
height: 0.014367816091954023
Area: 7.840501792114695e-05
CentroidX: 0.1001
CentroidY: 0.6380
