Location: 2025-04-18_221802-1.png_Mean-Closing.png
Component: component_1745009950731_474.png
centerX: 0.2591283863368669
centerY: 0.7428326914848096
width: 0.026501766784452298
height: 0.03123662815575524
Area: 0.00040345484354973736
CentroidX: 0.2740
CentroidY: 0.7588
