Location: 2025-04-18_221825-1.png_Mean-Medain.png
Component: component_1745009950604_282.png
centerX: 0.5871613663133097
centerY: 0.37312794180573383
width: 0.02237926972909305
height: 0.032520325203252036
Area: 0.00031424621480732195
CentroidX: 0.6002
CentroidY: 0.3909
