Location: 2025-04-18_221802-1.png_Gaussian-Median.png
Component: component_1745009950933_135.png
centerX: 0.035924617196702
centerY: 0.20025673940949937
width: 0.024734982332155476
height: 0.02995293110825845
Area: 0.00034398242438812707
CentroidX: 0.0497
CentroidY: 0.2150
