Location: easy16_Gaussian-Median.png
Component: component_1744297381814_650.png
centerX: 0.07580645161290323
centerY: 0.42768199233716475
width: 0.013709677419354839
height: 0.014367816091954023
Area: 7.377023853664566e-05
CentroidX: 0.0841
CentroidY: 0.4343
