Location: 2025-04-18_221802-1.png_Mean-Closing.png
Component: component_1745009950696_294.png
centerX: 0.6071849234393404
centerY: 0.4668378262729996
width: 0.026501766784452298
height: 0.03080872913992298
Area: 0.0003467544439253208
CentroidX: 0.6226
CentroidY: 0.4825
