Location: 2025-04-18_221825-1.png_Mean-Medain.png
Component: component_1745009950534_66.png
centerX: 0.7108362779740872
centerY: 0.032520325203252036
width: 0.025323910482921083
height: 0.03337612323491656
Area: 0.0003717026197600641
CentroidX: 0.7264
CentroidY: 0.0487
