Location: 2025-04-18_221802-1.png_Gaussian-Median.png
Component: component_1745009951053_350.png
centerX: 0.20906949352179033
centerY: 0.5382969619169876
width: 0.023557126030624265
height: 0.029097133076593923
Area: 0.0002935820691664235
CentroidX: 0.2218
CentroidY: 0.5542
