Location: 2025-04-18_221802-1.png_Mean-Closing.png
Component: component_1745009950724_435.png
centerX: 0.0353356890459364
centerY: 0.6747967479674797
width: 0.022968197879858657
height: 0.03423192126658109
Area: 0.00034045439952260783
CentroidX: 0.0492
CentroidY: 0.6922
