Location: 2025-04-18_221802-1.png_Mean-Closing.png
Component: component_1745009950690_274.png
centerX: 0.464075382803298
centerY: 0.4360290971330766
width: 0.02767962308598351
height: 0.032520325203252036
Area: 0.0003694346037750874
CentroidX: 0.4802
CentroidY: 0.4523
