Location: easy26_Mean-Closing.png
Component: component_1744297381991_218.png
centerX: 0.38548387096774195
centerY: 0.16618773946360152
width: 0.014516129032258065
height: 0.014846743295019157
Area: 9.655790384377703e-05
CentroidX: 0.3943
CentroidY: 0.1729
