Location: 2025-04-18_221802-1.png_Gaussian-Median.png
Component: component_1745009951096_529.png
centerX: 0.20789163722025913
centerY: 0.8078733418913137
width: 0.02237926972909305
height: 0.028241335044929396
Area: 0.0003328943462393523
CentroidX: 0.2205
CentroidY: 0.8222
