Location: 2025-04-18_221802-1.png_Mean-Closing.png
Component: component_1745009950680_223.png
centerX: 0.30742049469964666
centerY: 0.33675652545999146
width: 0.024734982332155476
height: 0.030380830124090714
Area: 0.0003482664545819719
CentroidX: 0.3215
CentroidY: 0.3520
