Location: easy26_Mean-Closing.png
Component: component_1744297382022_385.png
centerX: 0.31451612903225806
centerY: 0.2792145593869732
width: 0.013709677419354839
height: 0.013888888888888888
Area: 8.07224076133976e-05
CentroidX: 0.3227
CentroidY: 0.2857
