Location: 2025-04-18_221802-1.png_Gaussian-Median.png
Component: component_1745009951106_553.png
centerX: 0.6760895170789164
centerY: 0.8429610611895593
width: 0.024734982332155476
height: 0.02866923406076166
Area: 0.00035330649010414223
CentroidX: 0.6901
CentroidY: 0.8576
