Location: 2025-04-18_221825-1.png_Gaussian-Closing.png
Component: component_1745009950782_36.png
centerX: 0.5035335689045937
centerY: 0.02738553701326487
width: 0.028268551236749116
height: 0.03380402225074882
Area: 0.00040824287729579917
CentroidX: 0.5196
CentroidY: 0.0434
