Location: 2025-04-18_221825-1.png_Mean-Medain.png
Component: component_1745009950530_50.png
centerX: 0.2497055359246172
centerY: 0.026529738981600343
width: 0.023557126030624265
height: 0.03380402225074882
Area: 0.00035154247767138264
CentroidX: 0.2637
CentroidY: 0.0430
