Location: 2025-04-18_221802-1.png_Gaussian-Median.png
Component: component_1745009951074_432.png
centerX: 0.8745583038869258
centerY: 0.6713735558408216
width: 0.02944640753828033
height: 0.030380830124090714
Area: 0.0002880380300920361
CentroidX: 0.8937
CentroidY: 0.6886
