Location: 2025-04-18_221802-1.png_Gaussian-Median.png
Component: component_1745009951079_456.png
centerX: 0.8197879858657244
centerY: 0.7043217800599059
width: 0.034746760895170786
height: 0.0329482242190843
Area: 0.00039438277960983066
CentroidX: 0.8404
CentroidY: 0.7227
