Location: 2025-04-18_221802-1.png_Mean-Closing.png
Component: component_1745009950683_235.png
centerX: 0.5023557126030624
centerY: 0.3679931536157467
width: 0.02591283863368669
height: 0.036371416345742404
Area: 0.00038707472810268367
CentroidX: 0.5178
CentroidY: 0.3871
