Location: 2025-04-18_221802-1.png_Gaussian-Median.png
Component: component_1745009950880_49.png
centerX: 0.6566548881036514
centerY: 0.09071459135643987
width: 0.02944640753828033
height: 0.02995293110825845
Area: 0.0004117709021613184
CentroidX: 0.6733
CentroidY: 0.1064
