Location: 2025-04-18_221825-1.png_Mean-Medain.png
Component: component_1745009950561_228.png
centerX: 0.4381625441696113
centerY: 0.2952503209242619
width: 0.022968197879858657
height: 0.0329482242190843
Area: 0.0003076941686285005
CentroidX: 0.4514
CentroidY: 0.3119
