Location: easy21_Mean-Medain.png
Component: component_1744297380899_667.png
centerX: 0.9653225806451613
centerY: 0.5397509578544061
width: 0.014516129032258065
height: 0.01532567049808429
Area: 9.96477567667779e-05
CentroidX: 0.9739
CentroidY: 0.5469
