Location: 2025-04-18_221802-1.png_Mean-Closing.png
Component: component_1745009950633_28.png
centerX: 0.37043580683156657
centerY: 0.022250748823277707
width: 0.028268551236749116
height: 0.032520325203252036
Area: 0.00045864323251750276
CentroidX: 0.3858
CentroidY: 0.0382
