Location: 2025-04-18_221802-1.png_Gaussian-Median.png
Component: component_1745009951050_341.png
centerX: 0.3504122497055359
centerY: 0.535729567821994
width: 0.022968197879858657
height: 0.029525032092426188
Area: 0.0003313823355827012
CentroidX: 0.3635
CentroidY: 0.5509
