Location: 2025-04-18_221802-1.png_Gaussian-Median.png
Component: component_1745009950934_137.png
centerX: 0.9004711425206124
centerY: 0.22421908429610612
width: 0.026501766784452298
height: 0.03508771929824561
Area: 0.0003270983053888564
CentroidX: 0.9173
CentroidY: 0.2418
