Location: 2025-04-18_221825-1.png_Mean-Medain.png
Component: component_1745009950564_245.png
centerX: 0.5977620730270907
centerY: 0.2991014120667522
width: 0.026501766784452298
height: 0.029097133076593923
Area: 0.00030416614376298126
CentroidX: 0.6135
CentroidY: 0.3145
