Location: 2025-04-18_221825-1.png_Mean-Medain.png
Component: component_1745009950556_192.png
centerX: 0.6513545347467609
centerY: 0.2173727000427899
width: 0.024734982332155476
height: 0.032520325203252036
Area: 0.00033591836755265454
CentroidX: 0.6663
CentroidY: 0.2343
