Location: 2025-04-18_221825-1.png_Gaussian-Closing.png
Component: component_1745009950814_187.png
centerX: 0.31861012956419316
centerY: 0.2973898160034232
width: 0.02237926972909305
height: 0.03080872913992298
Area: 0.00029585008515140015
CentroidX: 0.3313
CentroidY: 0.3124
