Location: 2025-04-18_221802-1.png_Gaussian-Median.png
Component: component_1745009950870_37.png
centerX: 0.7449941107184923
centerY: 0.058622165169020114
width: 0.023557126030624265
height: 0.029525032092426188
Area: 0.0003666625842378937
CentroidX: 0.7582
CentroidY: 0.0729
