Location: 2025-04-18_221825-1.png_Mean-Medain.png
Component: component_1745009950543_121.png
centerX: 0.15665488810365136
centerY: 0.13906718014548566
width: 0.02120141342756184
height: 0.032520325203252036
Area: 0.0003205462592100349
CentroidX: 0.1688
CentroidY: 0.1548
