Location: 2025-04-18_221802-1.png_Gaussian-Median.png
Component: component_1745009951139_619.png
centerX: 0.6872791519434629
centerY: 0.9503637141634574
width: 0.026501766784452298
height: 0.03123662815575524
Area: 0.00035179447944749115
CentroidX: 0.7028
CentroidY: 0.9662
