Location: 2025-04-18_221825-1.png_Gaussian-Closing.png
Component: component_1745009950825_231.png
centerX: 0.7479387514723204
centerY: 0.3722721437740693
width: 0.024146054181389872
height: 0.03508771929824561
Area: 0.0003233182787472286
CentroidX: 0.7623
CentroidY: 0.3896
