Location: 2025-04-18_221802-1.png_Mean-Closing.png
Component: component_1745009950726_445.png
centerX: 0.38103651354534745
centerY: 0.7068891741548995
width: 0.024734982332155476
height: 0.03423192126658109
Area: 0.00035885052917852963
CentroidX: 0.3957
CentroidY: 0.7237
