Location: 2025-04-18_221825-1.png_Mean-Medain.png
Component: component_1745009950539_97.png
centerX: 0.24852767962308597
centerY: 0.10141206675224647
width: 0.019434628975265017
height: 0.03380402225074882
Area: 0.0003177742396728412
CentroidX: 0.2603
CentroidY: 0.1179
