Location: 2025-04-18_221802-1.png_Gaussian-Median.png
Component: component_1745009950946_152.png
centerX: 0.13604240282685512
centerY: 0.23234916559691912
width: 0.028857479387514724
height: 0.029097133076593923
Area: 0.0003638905647007
CentroidX: 0.1532
CentroidY: 0.2468
