Location: 2025-04-18_221802-1.png_Mean-Closing.png
Component: component_1745009950688_261.png
centerX: 0.3462897526501767
centerY: 0.40607616602481816
width: 0.02767962308598351
height: 0.02866923406076166
Area: 0.000342974417283693
CentroidX: 0.3628
CentroidY: 0.4208
