Location: 2025-04-18_221802-1.png_Gaussian-Median.png
Component: component_1745009951031_276.png
centerX: 0.5023557126030624
centerY: 0.4368848951647411
width: 0.026501766784452298
height: 0.03123662815575524
Area: 0.00035708651674577004
CentroidX: 0.5178
CentroidY: 0.4528
