Location: 2025-04-18_221825-1.png_Mean-Medain.png
Component: component_1745009950560_216.png
centerX: 0.6478209658421673
centerY: 0.2550278134360291
width: 0.022968197879858657
height: 0.03380402225074882
Area: 0.0003076941686285005
CentroidX: 0.6606
CentroidY: 0.2713
