Location: 2025-04-18_221802-1.png_Mean-Closing.png
Component: component_1745009950656_113.png
centerX: 0.3568904593639576
centerY: 0.16260162601626016
width: 0.03180212014134275
height: 0.02995293110825845
Area: 0.0004095028861763418
CentroidX: 0.3762
CentroidY: 0.1780
