Location: easy21_Mean-Medain.png
Component: component_1744297380745_9.png
centerX: 0.22983870967741934
centerY: 0.03639846743295019
width: 0.016129032258064516
height: 0.015804597701149427
Area: 0.00011586948461253245
CentroidX: 0.2382
CentroidY: 0.0445
