Location: 2025-04-18_221802-1.png_Mean-Closing.png
Component: component_1745009950678_213.png
centerX: 0.43109540636042404
centerY: 0.3329054343175011
width: 0.027090694935217905
height: 0.03465982028241335
Area: 0.000378002664162777
CentroidX: 0.4466
CentroidY: 0.3506
