Location: 2025-04-18_221802-1.png_Gaussian-Median.png
Component: component_1745009950935_138.png
centerX: 0.7237926972909305
centerY: 0.22807017543859648
width: 0.02767962308598351
height: 0.031664527171587506
Area: 0.0003820346925805133
CentroidX: 0.7400
CentroidY: 0.2442
