Location: 2025-04-18_221802-1.png_Mean-Closing.png
Component: component_1745009950685_246.png
centerX: 0.7697290930506479
centerY: 0.37441163885323064
width: 0.026501766784452298
height: 0.030380830124090714
Area: 0.00035733851852187855
CentroidX: 0.7856
CentroidY: 0.3900
