Location: 2025-04-18_221802-1.png_Gaussian-Median.png
Component: component_1745009951062_380.png
centerX: 0.7644287396937574
centerY: 0.5759520753102267
width: 0.024146054181389872
height: 0.02866923406076166
Area: 0.00036288255759626595
CentroidX: 0.7777
CentroidY: 0.5903
