Location: 2025-04-18_221802-1.png_Mean-Closing.png
Component: component_1745009950752_576.png
centerX: 0.5535924617196702
centerY: 0.9353872486093282
width: 0.02767962308598351
height: 0.04065040650406504
Area: 0.0004039588471019544
CentroidX: 0.5713
CentroidY: 0.9572
