Location: 2025-04-18_221825-1.png_Gaussian-Closing.png
Component: component_1745009950810_168.png
centerX: 0.6101295641931684
centerY: 0.25288831835686776
width: 0.02237926972909305
height: 0.032520325203252036
Area: 0.0003157582254639731
CentroidX: 0.6233
CentroidY: 0.2690
