Location: 2025-04-18_221802-1.png_Mean-Closing.png
Component: component_1745009950681_227.png
centerX: 0.030624263839811542
centerY: 0.3410355156183141
width: 0.024734982332155476
height: 0.030380830124090714
Area: 0.00032004225565781787
CentroidX: 0.0457
CentroidY: 0.3565
