Location: 2025-04-18_221802-1.png_Gaussian-Median.png
Component: component_1745009950969_180.png
centerX: 0.07773851590106007
centerY: 0.26572528883183566
width: 0.028268551236749116
height: 0.026957637997432605
Area: 0.0003475104492536463
CentroidX: 0.0940
CentroidY: 0.2793
