Location: 2025-04-18_221825-1.png_Gaussian-Closing.png
Component: component_1745009950817_198.png
centerX: 0.7137809187279152
centerY: 0.29867351305092
width: 0.023557126030624265
height: 0.031664527171587506
Area: 0.00029761409758415975
CentroidX: 0.7272
CentroidY: 0.3143
