Location: easy26_Mean-Closing.png
Component: component_1744297381956_35.png
centerX: 0.6709677419354839
centerY: 0.034003831417624523
width: 0.016129032258064516
height: 0.014846743295019157
Area: 0.00012127672722778396
CentroidX: 0.6794
CentroidY: 0.0414
