Location: 2025-04-18_221802-1.png_Mean-Closing.png
Component: component_1745009950753_581.png
centerX: 0.5100117785630153
centerY: 0.9443731279418057
width: 0.02237926972909305
height: 0.036371416345742404
Area: 0.00039513878493815626
CentroidX: 0.5230
CentroidY: 0.9620
