Location: 2025-04-18_221802-1.png_Mean-Closing.png
Component: component_1745009950746_552.png
centerX: 0.4110718492343934
centerY: 0.8784766795036372
width: 0.02767962308598351
height: 0.03337612323491656
Area: 0.0003724586250883896
CentroidX: 0.4274
CentroidY: 0.8952
