Location: 2025-04-18_221802-1.png_Gaussian-Median.png
Component: component_1745009951022_246.png
centerX: 0.574793875147232
centerY: 0.40051347881899874
width: 0.026501766784452298
height: 0.03380402225074882
Area: 0.0003638905647007
CentroidX: 0.5910
CentroidY: 0.4180
