Location: 2025-04-18_221802-1.png_Mean-Closing.png
Component: component_1745009950735_496.png
centerX: 0.41872791519434627
centerY: 0.7774925117672229
width: 0.026501766784452298
height: 0.02738553701326487
Area: 0.00034196641017925897
CentroidX: 0.4343
CentroidY: 0.7916
