Location: 2025-04-18_221802-1.png_Gaussian-Median.png
Component: component_1745009950885_61.png
centerX: 0.1872791519434629
centerY: 0.09456568249893026
width: 0.025323910482921083
height: 0.03080872913992298
Area: 0.0003457464368208867
CentroidX: 0.2017
CentroidY: 0.1102
