Location: 2025-04-18_221802-1.png_Gaussian-Median.png
Component: component_1745009950855_14.png
centerX: 0.4552414605418139
centerY: 0.021822849807445442
width: 0.030624263839811542
height: 0.03209242618741977
Area: 0.0004415071117421236
CentroidX: 0.4728
CentroidY: 0.0373
