Location: 2025-04-18_221825-1.png_Gaussian-Closing.png
Component: component_1745009950826_237.png
centerX: 0.6654888103651354
centerY: 0.37526743688489517
width: 0.023557126030624265
height: 0.03123662815575524
Area: 0.0003263423000605308
CentroidX: 0.6790
CentroidY: 0.3913
