Location: 2025-04-18_221802-1.png_Mean-Closing.png
Component: component_1745009950747_555.png
centerX: 0.035924617196702
centerY: 0.8810440735986307
width: 0.020023557126030624
height: 0.026957637997432605
Area: 0.00027115391109276536
CentroidX: 0.0476
CentroidY: 0.8947
