Location: 2025-04-18_221802-1.png_Mean-Closing.png
Component: component_1745009950738_509.png
centerX: 0.20789163722025913
centerY: 0.8078733418913137
width: 0.02237926972909305
height: 0.028241335044929396
Area: 0.00033062633025437565
CentroidX: 0.2204
CentroidY: 0.8222
