Location: 2025-04-18_221802-1.png_Mean-Closing.png
Component: component_1745009950687_256.png
centerX: 0.6937573616018846
centerY: 0.40350877192982454
width: 0.027090694935217905
height: 0.028241335044929396
Area: 0.00033264234446324375
CentroidX: 0.7095
CentroidY: 0.4179
