Location: 2025-04-18_221802-1.png_Mean-Closing.png
Component: component_1745009950701_319.png
centerX: 0.5041224970553593
centerY: 0.5019255455712451
width: 0.02237926972909305
height: 0.029525032092426188
Area: 0.00033541436400043746
CentroidX: 0.5163
CentroidY: 0.5171
