Location: 2025-04-18_221802-1.png_Gaussian-Median.png
Component: component_1745009951124_589.png
centerX: 0.20789163722025913
centerY: 0.9097133076593924
width: 0.022968197879858657
height: 0.030380830124090714
Area: 0.0003452424332686697
CentroidX: 0.2215
CentroidY: 0.9253
