Location: 2025-04-18_221825-1.png_Gaussian-Closing.png
Component: component_1745009950790_76.png
centerX: 0.24852767962308597
centerY: 0.10183996576807873
width: 0.019434628975265017
height: 0.03337612323491656
Area: 0.0003162622290161901
CentroidX: 0.2603
CentroidY: 0.1180
