Location: 2025-04-18_221825-1.png_Mean-Medain.png
Component: component_1745009950553_179.png
centerX: 0.10659599528857479
centerY: 0.21437740693196405
width: 0.01884570082449941
height: 0.028241335044929396
Area: 0.0002676258862272461
CentroidX: 0.1173
CentroidY: 0.2278
