Location: 2025-04-18_221802-1.png_Mean-Closing.png
Component: component_1745009950735_493.png
centerX: 0.709658421672556
centerY: 0.7757809157038938
width: 0.02591283863368669
height: 0.0329482242190843
Area: 0.00036867859844676187
CentroidX: 0.7244
CentroidY: 0.7920
