Location: 2025-04-18_221802-1.png_Mean-Closing.png
Component: component_1745009950707_352.png
centerX: 0.03769140164899882
centerY: 0.5442875481386393
width: 0.020023557126030624
height: 0.028241335044929396
Area: 0.00029030604607701275
CentroidX: 0.0495
CentroidY: 0.5578
