Location: 2025-04-18_221802-1.png_Mean-Closing.png
Component: component_1745009950718_403.png
centerX: 0.6914016489988222
centerY: 0.6384253316217373
width: 0.024734982332155476
height: 0.0329482242190843
Area: 0.0003568345149696615
CentroidX: 0.7055
CentroidY: 0.6548
