Location: 2025-04-18_221802-1.png_Mean-Closing.png
Component: component_1745009950662_144.png
centerX: 0.7243816254416962
centerY: 0.22807017543859648
width: 0.027090694935217905
height: 0.03123662815575524
Area: 0.00038102668547607924
CentroidX: 0.7401
CentroidY: 0.2442
