Location: 2025-04-18_221802-1.png_Gaussian-Median.png
Component: component_1745009951103_542.png
centerX: 0.2067137809187279
centerY: 0.8403936670945656
width: 0.025323910482921083
height: 0.03123662815575524
Area: 0.0003777506623866685
CentroidX: 0.2210
CentroidY: 0.8564
