Location: 2025-04-18_221825-1.png_Mean-Medain.png
Component: component_1745009950557_196.png
centerX: 0.8604240282685512
centerY: 0.21822849807445444
width: 0.025323910482921083
height: 0.03380402225074882
Area: 0.00035028246879084
CentroidX: 0.8751
CentroidY: 0.2348
