Location: 2025-04-18_221802-1.png_Mean-Closing.png
Component: component_1745009950673_189.png
centerX: 0.5871613663133097
centerY: 0.2973898160034232
width: 0.02944640753828033
height: 0.031664527171587506
Area: 0.00037397063574504076
CentroidX: 0.6042
CentroidY: 0.3137
