Location: 2025-04-18_221802-1.png_Mean-Closing.png
Component: component_1745009950659_130.png
centerX: 0.726148409893993
centerY: 0.1951219512195122
width: 0.030035335689045935
height: 0.029097133076593923
Area: 0.00037397063574504076
CentroidX: 0.7434
CentroidY: 0.2100
