Location: 2025-04-18_221825-1.png_Mean-Medain.png
Component: component_1745009950554_184.png
centerX: 0.40577149587750294
centerY: 0.21523320496362858
width: 0.026501766784452298
height: 0.03337612323491656
Area: 0.00033264234446324375
CentroidX: 0.4219
CentroidY: 0.2320
