Location: 2025-04-18_221802-1.png_Gaussian-Median.png
Component: component_1745009951062_381.png
centerX: 0.03651354534746761
centerY: 0.5776636713735558
width: 0.021790341578327443
height: 0.028241335044929396
Area: 0.00029761409758415975
CentroidX: 0.0487
CentroidY: 0.5915
