Location: 2025-04-18_221802-1.png_Gaussian-Median.png
Component: component_1745009950909_104.png
centerX: 0.18610129564193167
centerY: 0.16260162601626016
width: 0.027090694935217905
height: 0.031664527171587506
Area: 0.00039488678316204775
CentroidX: 0.2020
CentroidY: 0.1789
