Location: 2025-04-18_221825-1.png_Gaussian-Closing.png
Component: component_1745009950791_79.png
centerX: 0.5400471142520612
centerY: 0.10312366281557553
width: 0.024734982332155476
height: 0.03551561831407788
Area: 0.0003535584918802508
CentroidX: 0.5550
CentroidY: 0.1204
