Location: 2025-04-18_221825-1.png_Gaussian-Closing.png
Component: component_1745009950797_114.png
centerX: 0.6967020023557126
centerY: 0.14206247325631152
width: 0.026501766784452298
height: 0.03123662815575524
Area: 0.000329366321373833
CentroidX: 0.7129
CentroidY: 0.1579
