Location: 2025-04-18_221825-1.png_Gaussian-Closing.png
Component: component_1745009950785_48.png
centerX: 0.7108362779740872
centerY: 0.032520325203252036
width: 0.025323910482921083
height: 0.03337612323491656
Area: 0.0003666625842378937
CentroidX: 0.7264
CentroidY: 0.0487
