Location: 2025-04-18_221802-1.png_Gaussian-Median.png
Component: component_1745009951081_468.png
centerX: 0.29917550058892817
centerY: 0.7081728712023962
width: 0.022968197879858657
height: 0.028241335044929396
Area: 0.00031701823434451566
CentroidX: 0.3124
CentroidY: 0.7223
