Location: 2025-04-18_221802-1.png_Mean-Closing.png
Component: component_1745009950754_585.png
centerX: 0.25382803297997647
centerY: 0.9460847240051348
width: 0.022968197879858657
height: 0.03465982028241335
Area: 0.00037397063574504076
CentroidX: 0.2668
CentroidY: 0.9626
