Location: 2025-04-18_221802-1.png_Mean-Closing.png
Component: component_1745009950730_467.png
centerX: 0.30153121319199055
centerY: 0.7411210954214805
width: 0.026501766784452298
height: 0.032520325203252036
Area: 0.0003888387405354433
CentroidX: 0.3168
CentroidY: 0.7580
