Location: 2025-04-18_221802-1.png_Gaussian-Median.png
Component: component_1745009951101_537.png
centerX: 0.8303886925795053
centerY: 0.8369704749679076
width: 0.02767962308598351
height: 0.03209242618741977
Area: 0.00038682272632657516
CentroidX: 0.8461
CentroidY: 0.8536
