Location: 2025-04-18_221802-1.png_Mean-Closing.png
Component: component_1745009950673_191.png
centerX: 0.38810365135453473
centerY: 0.29781771501925547
width: 0.02767962308598351
height: 0.029097133076593923
Area: 0.0003636385629245915
CentroidX: 0.4043
CentroidY: 0.3127
