Location: 2025-04-18_221825-1.png_Gaussian-Closing.png
Component: component_1745009950810_165.png
centerX: 0.05594817432273263
centerY: 0.25288831835686776
width: 0.02120141342756184
height: 0.03423192126658109
Area: 0.0003341543551198949
CentroidX: 0.0682
CentroidY: 0.2694
