Location: 2025-04-18_221825-1.png_Mean-Medain.png
Component: component_1745009950542_111.png
centerX: 0.21083627797408716
centerY: 0.10440735986307231
width: 0.022968197879858657
height: 0.03337612323491656
Area: 0.00032256227341890306
CentroidX: 0.2251
CentroidY: 0.1211
