Location: 2025-04-18_221802-1.png_Mean-Closing.png
Component: component_1745009950712_375.png
centerX: 0.467020023557126
centerY: 0.5999144201968335
width: 0.028857479387514724
height: 0.03337612323491656
Area: 0.0003734666321928237
CentroidX: 0.4855
CentroidY: 0.6173
