Location: 2025-04-18_221802-1.png_Mean-Closing.png
Component: component_1745009950645_74.png
centerX: 0.2750294464075383
centerY: 0.09584937954642704
width: 0.027090694935217905
height: 0.02738553701326487
Area: 0.00033566636577654597
CentroidX: 0.2906
CentroidY: 0.1100
