Location: easy16_Gaussian-Median.png
Component: component_1744297381765_417.png
centerX: 0.7169354838709677
centerY: 0.28975095785440613
width: 0.014516129032258065
height: 0.014846743295019157
Area: 8.690211345939934e-05
CentroidX: 0.7256
CentroidY: 0.2967
