Location: 2025-04-18_221802-1.png_Mean-Closing.png
Component: component_1745009950733_481.png
centerX: 0.8115429917550059
centerY: 0.771074026529739
width: 0.03121319199057715
height: 0.03551561831407788
Area: 0.0004170629394595973
CentroidX: 0.8298
CentroidY: 0.7902
