Location: 2025-04-18_221825-1.png_Gaussian-Closing.png
Component: component_1745009950823_219.png
centerX: 0.3869257950530035
centerY: 0.37013264869490803
width: 0.023557126030624265
height: 0.03594351732991014
Area: 0.00035028246879084
CentroidX: 0.4011
CentroidY: 0.3882
