Location: easy21_Mean-Medain.png
Component: component_1744297380911_717.png
centerX: 0.04435483870967742
centerY: 0.564176245210728
width: 0.018548387096774192
height: 0.014846743295019157
Area: 0.00012591150661228525
CentroidX: 0.0541
CentroidY: 0.5718
