Location: 2025-04-18_221802-1.png_Mean-Closing.png
Component: component_1745009950705_338.png
centerX: 0.4652532391048292
centerY: 0.5361574668378263
width: 0.022968197879858657
height: 0.030380830124090714
Area: 0.0003394463924181738
CentroidX: 0.4777
CentroidY: 0.5519
