Location: 2025-04-18_221825-1.png_Gaussian-Closing.png
Component: component_1745009950809_161.png
centerX: 0.14487632508833923
centerY: 0.2511767222935387
width: 0.02120141342756184
height: 0.030380830124090714
Area: 0.00031424621480732195
CentroidX: 0.1576
CentroidY: 0.2665
