Location: 2025-04-18_221802-1.png_Gaussian-Median.png
Component: component_1745009951042_302.png
centerX: 0.3115429917550059
centerY: 0.4719726144629867
width: 0.021790341578327443
height: 0.02866923406076166
Area: 0.00032508229117998825
CentroidX: 0.3239
CentroidY: 0.4863
