Location: 2025-04-18_221802-1.png_Gaussian-Median.png
Component: component_1745009951028_267.png
centerX: 0.07773851590106007
centerY: 0.4124946512623021
width: 0.024146054181389872
height: 0.02738553701326487
Area: 0.0002953460815991831
CentroidX: 0.0919
CentroidY: 0.4258
