Location: 2025-04-18_221802-1.png_Gaussian-Median.png
Component: component_1745009950930_129.png
centerX: 0.3545347467608952
centerY: 0.19683354728284125
width: 0.028268551236749116
height: 0.029097133076593923
Area: 0.0003858147192221411
CentroidX: 0.3704
CentroidY: 0.2117
