Location: 2025-04-18_221825-1.png_Mean-Medain.png
Component: component_1745009950553_180.png
centerX: 0.1978798586572438
centerY: 0.2139495079161318
width: 0.025323910482921083
height: 0.03209242618741977
Area: 0.00033491036044822043
CentroidX: 0.2133
CentroidY: 0.2297
