Location: 2025-04-18_221802-1.png_Gaussian-Median.png
Component: component_1745009950953_165.png
centerX: 0.6301531213191991
centerY: 0.2631578947368421
width: 0.02767962308598351
height: 0.03080872913992298
Area: 0.0003585985274024211
CentroidX: 0.6465
CentroidY: 0.2786
