Location: 2025-04-18_221802-1.png_Gaussian-Median.png
Component: component_1745009950904_94.png
centerX: 0.6884570082449941
centerY: 0.15917843388960207
width: 0.030035335689045935
height: 0.02995293110825845
Area: 0.00039488678316204775
CentroidX: 0.7042
CentroidY: 0.1749
