Location: 2025-04-18_221802-1.png_Mean-Closing.png
Component: component_1745009950692_278.png
centerX: 0.4305064782096584
centerY: 0.4373127941805734
width: 0.022968197879858657
height: 0.030380830124090714
Area: 0.0003182782432250583
CentroidX: 0.4438
CentroidY: 0.4524
