Location: 2025-04-18_221802-1.png_Gaussian-Median.png
Component: component_1745009950995_222.png
centerX: 0.1772673733804476
centerY: 0.34017971758664955
width: 0.024146054181389872
height: 0.029525032092426188
Area: 0.0003522984829997082
CentroidX: 0.1908
CentroidY: 0.3549
