Location: 2025-04-18_221825-1.png_Mean-Medain.png
Component: component_1745009950550_163.png
centerX: 0.2850412249705536
centerY: 0.17715019255455713
width: 0.02237926972909305
height: 0.03594351732991014
Area: 0.000349778465238623
CentroidX: 0.2983
CentroidY: 0.1951
