Location: easy26_Mean-Closing.png
Component: component_1744297382197_1121.png
centerX: 0.6717741935483871
centerY: 0.860632183908046
width: 0.014516129032258065
height: 0.014846743295019157
Area: 8.690211345939934e-05
CentroidX: 0.6807
CentroidY: 0.8673
