Location: 2025-04-18_221802-1.png_Mean-Closing.png
Component: component_1745009950642_56.png
centerX: 0.9269729093050648
centerY: 0.08301240907145914
width: 0.02120141342756184
height: 0.03594351732991014
Area: 0.0003286103160455075
CentroidX: 0.9388
CentroidY: 0.1013
