Location: 2025-04-18_221802-1.png_Gaussian-Median.png
Component: component_1745009950974_196.png
centerX: 0.08244994110718493
centerY: 0.3008130081300813
width: 0.023557126030624265
height: 0.036799315361574665
Area: 0.0003734666321928237
CentroidX: 0.0961
CentroidY: 0.3192
