Location: easy16_Gaussian-Median.png
Component: component_1744297381849_849.png
centerX: 0.7193548387096774
centerY: 0.6197318007662835
width: 0.013709677419354839
height: 0.014846743295019157
Area: 8.651588184402423e-05
CentroidX: 0.7274
CentroidY: 0.6266
