Location: 2025-04-18_221802-1.png_Mean-Closing.png
Component: component_1745009950739_518.png
centerX: 0.6354534746760895
centerY: 0.8386820710312366
width: 0.024734982332155476
height: 0.029097133076593923
Area: 0.000349778465238623
CentroidX: 0.6492
CentroidY: 0.8535
