Location: easy21_Mean-Medain.png
Component: component_1744297380904_678.png
centerX: 0.1620967741935484
centerY: 0.5416666666666666
width: 0.014516129032258065
height: 0.014367816091954023
Area: 8.110863922877271e-05
CentroidX: 0.1705
CentroidY: 0.5485
