Location: 2025-04-18_221802-1.png_Mean-Closing.png
Component: component_1745009950679_216.png
centerX: 0.7361601884570083
centerY: 0.3329054343175011
width: 0.023557126030624265
height: 0.03465982028241335
Area: 0.00037850666771499405
CentroidX: 0.7492
CentroidY: 0.3499
