Location: 2025-04-18_221802-1.png_Mean-Closing.png
Component: component_1745009950737_508.png
centerX: 0.7909305064782096
centerY: 0.8070175438596491
width: 0.02767962308598351
height: 0.031664527171587506
Area: 0.0003873267298787922
CentroidX: 0.8069
CentroidY: 0.8233
