Location: 2025-04-18_221802-1.png_Gaussian-Median.png
Component: component_1745009950912_106.png
centerX: 0.3568904593639576
centerY: 0.16260162601626016
width: 0.03180212014134275
height: 0.02995293110825845
Area: 0.0004112668986091014
CentroidX: 0.3762
CentroidY: 0.1780
