Location: 2025-04-18_221825-1.png_Mean-Medain.png
Component: component_1745009950544_125.png
centerX: 0.5759717314487632
centerY: 0.1399229781771502
width: 0.024734982332155476
height: 0.03508771929824561
Area: 0.0003233182787472286
CentroidX: 0.5921
CentroidY: 0.1584
