Location: 2025-04-18_221825-1.png_Mean-Medain.png
Component: component_1745009950543_119.png
centerX: 0.45229681978798586
centerY: 0.13821138211382114
width: 0.02591283863368669
height: 0.036371416345742404
Area: 0.0003530544883280337
CentroidX: 0.4694
CentroidY: 0.1569
