Location: 2025-04-18_221825-1.png_Mean-Medain.png
Component: component_1745009950542_112.png
centerX: 0.32567726737338043
centerY: 0.10483525887890457
width: 0.023557126030624265
height: 0.0329482242190843
Area: 0.00033843838531373967
CentroidX: 0.3402
CentroidY: 0.1210
