Location: 2025-04-18_221802-1.png_Mean-Closing.png
Component: component_1745009950700_312.png
centerX: 0.03828032979976443
centerY: 0.48010269576379977
width: 0.02061248527679623
height: 0.028241335044929396
Area: 0.0002908100496292298
CentroidX: 0.0498
CentroidY: 0.4940
