Location: 2025-04-18_221802-1.png_Mean-Closing.png
Component: component_1745009950703_331.png
centerX: 0.037102473498233215
centerY: 0.5139067180145486
width: 0.021790341578327443
height: 0.026957637997432605
Area: 0.00029811810113637683
CentroidX: 0.0491
CentroidY: 0.5272
