Location: 2025-04-18_221825-1.png_Gaussian-Closing.png
Component: component_1745009950813_180.png
centerX: 0.4381625441696113
centerY: 0.29567821994009413
width: 0.022968197879858657
height: 0.032520325203252036
Area: 0.0003102141863895857
CentroidX: 0.4514
CentroidY: 0.3119
