Location: Dedata_7.png_Otsu.png
Component: component_1755522663876_212.png
centerX: 0.42701612903225805
centerY: 0.3339982901111428
width: 0.05524193548387097
height: 0.02821316614420063
Area: 0.0004226459151122919
CentroidX: 0.4606
CentroidY: 0.3488
