Location: Dedata_7.png_Mean-Closing.png
Component: component_1755522663575_258.png
centerX: 0.2600806451612903
centerY: 0.6944998575092619
width: 0.042741935483870966
height: 0.03277286976346538
Area: 0.0004932018128499067
CentroidX: 0.2848
CentroidY: 0.7134
