Location: Dedata_7.png_Mean-Medain.png
Component: component_1755522664050_233.png
centerX: 0.8794354838709677
centerY: 0.6389284696494728
width: 0.04435483870967742
height: 0.02707324023938444
Area: 0.0004255187122514456
CentroidX: 0.9039
CentroidY: 0.6545
