Location: Dedata_7.png_Gaussian-Median.png
Component: component_1755522664156_67.png
centerX: 0.42379032258064514
centerY: 0.15161014534055287
width: 0.04112903225806452
height: 0.030777999430037048
Area: 0.0003480681013798619
CentroidX: 0.4499
CentroidY: 0.1684
