Location: Dedata_7.png_Mean-Medain.png
Component: component_1755522664053_247.png
centerX: 0.08024193548387097
centerY: 0.6508976916500427
width: 0.03951612903225806
height: 0.03733257338273012
Area: 0.0005381323601062705
CentroidX: 0.1012
CentroidY: 0.6716
