Location: Dedata_7.png_Mean-Closing.png
Component: component_1755522663513_48.png
centerX: 0.3987903225806452
centerY: 0.10914790538614991
width: 0.038306451612903226
height: 0.029923055001424906
Area: 0.00037771536785592805
CentroidX: 0.4203
CentroidY: 0.1277
