Location: Dedata_7.png_Otsu.png
Component: component_1755522663848_135.png
centerX: 0.19798387096774195
centerY: 0.15816471929324594
width: 0.03185483870967742
height: 0.02792818466799658
Area: 0.00017202309269252338
CentroidX: 0.2199
CentroidY: 0.1738
