Location: Dedata_7.png_Mean-Closing.png
Component: component_1755522663518_71.png
centerX: 0.8330645161290322
centerY: 0.18723282986605871
width: 0.03588709677419355
height: 0.03277286976346538
Area: 0.00044838617747910905
CentroidX: 0.8537
CentroidY: 0.2059
