Location: Dedata_7.png_Mean-Closing.png
Component: component_1755522663507_21.png
centerX: 0.3217741935483871
centerY: 0.060701054431461954
width: 0.03790322580645161
height: 0.03619264747791394
Area: 0.0004579238639810993
CentroidX: 0.3445
CentroidY: 0.0806
