Location: Dedata_7.png_Gaussian-Median.png
Component: component_1755522664170_122.png
centerX: 0.14556451612903226
centerY: 0.2932459390139641
width: 0.039112903225806454
height: 0.03362781419207751
Area: 0.0004085117531876557
CentroidX: 0.1670
CentroidY: 0.3134
