Location: Dedata_7.png_Gaussian-Median.png
Component: component_1755522664179_161.png
centerX: 0.7137096774193549
centerY: 0.4123681960672556
width: 0.037096774193548385
height: 0.030208036477628954
Area: 0.0004028810707949145
CentroidX: 0.7358
CentroidY: 0.4293
