Location: Dedata_7.png_Mean-Medain.png
Component: component_1755522664065_290.png
centerX: 0.6701612903225806
centerY: 0.781134226275292
width: 0.0375
height: 0.031917925334853235
Area: 0.00046137122054808373
CentroidX: 0.6924
CentroidY: 0.7988
