Location: Dedata_7.png_Gaussian-Median.png
Component: component_1755522664161_91.png
centerX: 0.0967741935483871
centerY: 0.20461669991450557
width: 0.044758064516129036
height: 0.029068110572812767
Area: 0.00046217560374704677
CentroidX: 0.1237
CentroidY: 0.2198
