Location: Dedata_7.png_Mean-Medain.png
Component: component_1755522664064_286.png
centerX: 0.9588709677419355
centerY: 0.7771444856084354
width: 0.039919354838709675
height: 0.030777999430037048
Area: 0.0004274722143060701
CentroidX: 0.9819
CentroidY: 0.7940
