Location: Dedata_7.png_Gaussian-Median.png
Component: component_1755522664171_125.png
centerX: 0.07540322580645162
centerY: 0.2958107722998005
width: 0.05282258064516129
height: 0.028783129096608722
Area: 0.00046447384145836975
CentroidX: 0.1077
CentroidY: 0.3103
