Location: Dedata_7.png_Otsu.png
Component: component_1755522663881_229.png
centerX: 0.38991935483870965
centerY: 0.3784554003989741
width: 0.05120967741935484
height: 0.026788258763180393
Area: 0.0004387335790915526
CentroidX: 0.4203
CentroidY: 0.3929
