Location: Dedata_7.png_Mean-Closing.png
Component: component_1755522663540_147.png
centerX: 0.15806451612903225
centerY: 0.3815901966372186
width: 0.04112903225806452
height: 0.02792818466799658
Area: 0.0004366651651513619
CentroidX: 0.1816
CentroidY: 0.3974
