Location: Dedata_7.png_Mean-Closing.png
Component: component_1755522663547_180.png
centerX: 0.5419354838709678
centerY: 0.4719293245939014
width: 0.046370967741935484
height: 0.03134796238244514
Area: 0.0005264113477785234
CentroidX: 0.5694
CentroidY: 0.4890
