Location: Dedata_7.png_Gaussian-Median.png
Component: component_1755522664165_103.png
centerX: 0.13830645161290323
centerY: 0.24422912510686806
width: 0.039112903225806454
height: 0.03277286976346538
Area: 0.00041264858106803705
CentroidX: 0.1602
CentroidY: 0.2635
