Location: Dedata_7.png_Mean-Closing.png
Component: component_1755522663595_320.png
centerX: 0.6528225806451613
centerY: 0.878027928184668
width: 0.0467741935483871
height: 0.03676261043032203
Area: 0.0004252888884803133
CentroidX: 0.6799
CentroidY: 0.9006
