Location: Dedata_7.png_Otsu.png
Component: component_1755522663908_309.png
centerX: 0.22096774193548388
centerY: 0.6053006554573953
width: 0.03346774193548387
height: 0.029068110572812767
Area: 0.00036783294569723933
CentroidX: 0.2397
CentroidY: 0.6225
