Location: Dedata_7.png_Gaussian-Median.png
Component: component_1755522664166_105.png
centerX: 0.4629032258064516
centerY: 0.24479908805927614
width: 0.05241935483870968
height: 0.030493017953833
Area: 0.0004976833763869864
CentroidX: 0.4955
CentroidY: 0.2599
