Location: Dedata_7.png_Mean-Medain.png
Component: component_1755522664052_243.png
centerX: 0.19233870967741937
centerY: 0.6477628954117982
width: 0.05
height: 0.036477628954117984
Area: 0.000512162273968321
CentroidX: 0.2202
CentroidY: 0.6699
