Location: Dedata_7.png_Otsu.png
Component: component_1755522663939_414.png
centerX: 0.9657258064516129
centerY: 0.8746081504702194
width: 0.025806451612903226
height: 0.03619264747791394
Area: 0.0002775122036422471
CentroidX: 0.9788
CentroidY: 0.8971
