Location: Dedata_7.png_Gaussian-Median.png
Component: component_1755522664196_231.png
centerX: 0.2786290322580645
centerY: 0.6030208036477629
width: 0.03467741935483871
height: 0.031917925334853235
Area: 0.0004370099008080604
CentroidX: 0.2987
CentroidY: 0.6202
