Location: Dedata_7.png_Mean-Medain.png
Component: component_1755522664051_238.png
centerX: 0.5862903225806452
centerY: 0.6429182103163295
width: 0.046370967741935484
height: 0.02792818466799658
Area: 0.00047412643984592613
CentroidX: 0.6144
CentroidY: 0.6581
