Location: Dedata_7.png_Otsu.png
Component: component_1755522663857_171.png
centerX: 0.024193548387096774
centerY: 0.20604160729552579
width: 0.05
height: 0.02365346252493588
Area: 0.0004725176734480001
CentroidX: 0.0546
CentroidY: 0.2170
