Location: Dedata_7.png_Mean-Medain.png
Component: component_1755522664051_235.png
centerX: 0.47701612903225804
centerY: 0.6414933029353092
width: 0.03225806451612903
height: 0.031062980906241093
Area: 0.0004440195258275954
CentroidX: 0.4945
CentroidY: 0.6594
