Location: Dedata_7.png_Gaussian-Median.png
Component: component_1755522664169_115.png
centerX: 0.6729838709677419
centerY: 0.28697634653747506
width: 0.0467741935483871
height: 0.027358221715588486
Area: 0.0004329879848132452
CentroidX: 0.7004
CentroidY: 0.3020
