Location: Dedata_7.png_Mean-Medain.png
Component: component_1755522664012_65.png
centerX: 0.3133064516129032
centerY: 0.1541749786263893
width: 0.037096774193548385
height: 0.027358221715588486
Area: 0.00039587144577537945
CentroidX: 0.3330
CentroidY: 0.1705
