Location: Dedata_7.png_Mean-Closing.png
Component: component_1755522663512_41.png
centerX: 0.20725806451612902
centerY: 0.10686805357651753
width: 0.037096774193548385
height: 0.03562268452550584
Area: 0.0003809329006517802
CentroidX: 0.2276
CentroidY: 0.1288
