Location: Dedata_7.png_Otsu.png
Component: component_1755522663932_384.png
centerX: 0.1350806451612903
centerY: 0.7936734112282702
width: 0.037096774193548385
height: 0.02792818466799658
Area: 0.0002502780867630701
CentroidX: 0.1571
CentroidY: 0.8100
