Location: Dedata_7.png_Gaussian-Median.png
Component: component_1755522664192_216.png
centerX: 0.1528225806451613
centerY: 0.5599886007409518
width: 0.049193548387096775
height: 0.034482758620689655
Area: 0.00046481857711506817
CentroidX: 0.1800
CentroidY: 0.5811
