Location: Dedata_7.png_Gaussian-Median.png
Component: component_1755522664187_189.png
centerX: 0.864516129032258
centerY: 0.5035622684525506
width: 0.0407258064516129
height: 0.026503277286976348
Area: 0.0004713685545923386
CentroidX: 0.8883
CentroidY: 0.5178
