Location: Dedata_7.png_Mean-Closing.png
Component: component_1755522663551_194.png
centerX: 0.08991935483870968
centerY: 0.5158164719293246
width: 0.036290322580645164
height: 0.030493017953833
Area: 0.00042230117945559343
CentroidX: 0.1112
CentroidY: 0.5330
