Location: Dedata_7.png_Gaussian-Median.png
Component: component_1755522664186_185.png
centerX: 0.42258064516129035
centerY: 0.4716443431176974
width: 0.043548387096774194
height: 0.031062980906241093
Area: 0.00044827126559354285
CentroidX: 0.4479
CentroidY: 0.4892
