Location: Dedata_7.png_Otsu.png
Component: component_1755522663913_323.png
centerX: 0.31088709677419357
centerY: 0.646337988030778
width: 0.039919354838709675
height: 0.029068110572812767
Area: 0.00042954062824626074
CentroidX: 0.3328
CentroidY: 0.6625
