Location: Dedata_7.png_Gaussian-Median.png
Component: component_1755522664213_310.png
centerX: 0.6241935483870967
centerY: 0.8238814477058991
width: 0.04112903225806452
height: 0.03334283271587347
Area: 0.0003507110747478833
CentroidX: 0.6475
CentroidY: 0.8438
