Location: Dedata_7.png_Mean-Medain.png
Component: component_1755522664022_111.png
centerX: 0.6729838709677419
centerY: 0.28697634653747506
width: 0.0467741935483871
height: 0.027358221715588486
Area: 0.00045711948078213624
CentroidX: 0.7007
CentroidY: 0.3021
