Location: Dedata_7.png_Gaussian-Median.png
Component: component_1755522664202_261.png
centerX: 0.4592741935483871
centerY: 0.6870903391279567
width: 0.03508064516129032
height: 0.032487888287261325
Area: 0.00043861866720598647
CentroidX: 0.4785
CentroidY: 0.7065
