Location: Dedata_7.png_Gaussian-Median.png
Component: component_1755522664183_174.png
centerX: 0.8
centerY: 0.45939013964092335
width: 0.03951612903225806
height: 0.03277286976346538
Area: 0.00046596769597072963
CentroidX: 0.8233
CentroidY: 0.4772
