Location: Dedata_7.png_Gaussian-Median.png
Component: component_1755522664152_46.png
centerX: 0.2068548387096774
centerY: 0.10658307210031348
width: 0.0375
height: 0.03590766600170989
Area: 0.0003523198411458094
CentroidX: 0.2271
CentroidY: 0.1283
