Location: Dedata_7.png_Gaussian-Median.png
Component: component_1755522664194_223.png
centerX: 0.8306451612903226
centerY: 0.5939013964092335
width: 0.04435483870967742
height: 0.030208036477628954
Area: 0.0004687255812243172
CentroidX: 0.8565
CentroidY: 0.6105
