Location: Dedata_7.png_Gaussian-Median.png
Component: component_1755522664160_86.png
centerX: 0.555241935483871
centerY: 0.1963522371045882
width: 0.03306451612903226
height: 0.03220290681105728
Area: 0.00039656091708877635
CentroidX: 0.5736
CentroidY: 0.2153
