Location: Dedata_7.png_Mean-Medain.png
Component: component_1755522664012_69.png
centerX: 0.025806451612903226
centerY: 0.15645483043602165
width: 0.029838709677419355
height: 0.033912795668281565
Area: 0.0003428970665293853
CentroidX: 0.0412
CentroidY: 0.1773
