Location: Dedata_7.png_Mean-Medain.png
Component: component_1755522664008_54.png
centerX: 0.5108870967741935
centerY: 0.11028783129096609
width: 0.0467741935483871
height: 0.024793388429752067
Area: 0.0004603370135779884
CentroidX: 0.5371
CentroidY: 0.1241
