Location: Dedata_7.png_Mean-Closing.png
Component: component_1755522663543_159.png
centerX: 0.4181451612903226
centerY: 0.42034767740096896
width: 0.04112903225806452
height: 0.0347677400968937
Area: 0.0004896395443973561
CentroidX: 0.4413
CentroidY: 0.4412
