Location: Dedata_7.png_Mean-Medain.png
Component: component_1755522664005_39.png
centerX: 0.7415322580645162
centerY: 0.10515816471929325
width: 0.039112903225806454
height: 0.030493017953833
Area: 0.0003727741567765837
CentroidX: 0.7625
CentroidY: 0.1225
