Location: Dedata_7.png_Mean-Medain.png
Component: component_1755522664038_180.png
centerX: 0.36129032258064514
centerY: 0.47107438016528924
width: 0.04314516129032258
height: 0.02821316614420063
Area: 0.0005100938600281304
CentroidX: 0.3863
CentroidY: 0.4870
