Location: Dedata_7.png_Mean-Closing.png
Component: component_1755522663536_143.png
centerX: 0.33548387096774196
centerY: 0.3776004559703619
width: 0.04153225806451613
height: 0.02963807352522086
Area: 0.000425863447908144
CentroidX: 0.3588
CentroidY: 0.3944
