Location: Dedata_7.png_Otsu.png
Component: component_1755522663932_382.png
centerX: 0.3685483870967742
centerY: 0.7899686520376176
width: 0.04032258064516129
height: 0.02707324023938444
Area: 0.00029417442704933857
CentroidX: 0.3920
CentroidY: 0.8043
