Location: Dedata_7.png_Mean-Closing.png
Component: component_1755522663528_121.png
centerX: 0.6911290322580645
centerY: 0.3265887717298376
width: 0.04959677419354839
height: 0.0262182958107723
Area: 0.00045516597872751174
CentroidX: 0.7211
CentroidY: 0.3397
