Location: Dedata_7.png_Mean-Medain.png
Component: component_1755522664074_328.png
centerX: 0.5919354838709677
centerY: 0.8823026503277287
width: 0.046370967741935484
height: 0.028498147620404674
Area: 0.00045815368775223156
CentroidX: 0.6196
CentroidY: 0.8980
