Location: Dedata_7.png_Otsu.png
Component: component_1755522663844_132.png
centerX: 0.02620967741935484
centerY: 0.15673981191222572
width: 0.028629032258064516
height: 0.032487888287261325
Area: 0.00023729304369409537
CentroidX: 0.0416
CentroidY: 0.1772
