Location: Dedata_7.png_Gaussian-Median.png
Component: component_1755522664183_172.png
centerX: 0.09153225806451613
centerY: 0.4286121402108863
width: 0.04395161290322581
height: 0.02792818466799658
Area: 0.00040380036587944366
CentroidX: 0.1173
CentroidY: 0.4440
