Location: Dedata_7.png_Mean-Medain.png
Component: component_1755522664003_30.png
centerX: 0.26411290322580644
centerY: 0.061555998860074096
width: 0.03185483870967742
height: 0.03277286976346538
Area: 0.00038564428795999226
CentroidX: 0.2823
CentroidY: 0.0808
