Location: Dedata_7.png_Mean-Medain.png
Component: component_1755522664021_104.png
centerX: 0.2669354838709677
centerY: 0.24536905101168424
width: 0.05725806451612903
height: 0.030493017953833
Area: 0.0005226192555548405
CentroidX: 0.3014
CentroidY: 0.2623
