Location: Kurtxevani_1794_page_10.png_Mean-Medain.png
Component: component_1755610054965_1498.png
centerX: 0.11981297486849796
centerY: 0.43278977523137946
width: 0.02104032729398013
height: 0.014103129131776113
Area: 0.00015660985008985747
CentroidX: 0.1297
CentroidY: 0.4404
