Location: Dedata_7.png_Gaussian-Median.png
Component: component_1755522664172_129.png
centerX: 0.8298387096774194
centerY: 0.32630379025363354
width: 0.04879032258064516
height: 0.024508406953548018
Area: 0.0004393081385193833
CentroidX: 0.8582
CentroidY: 0.3391
