Location: Dedata_7.png_Mean-Medain.png
Component: component_1755522664028_139.png
centerX: 0.85
centerY: 0.3639213451125677
width: 0.03588709677419355
height: 0.029353092049016812
Area: 0.00043482657498230355
CentroidX: 0.8705
CentroidY: 0.3798
