Location: Dedata_7.png_Mean-Medain.png
Component: component_1755522663999_12.png
centerX: 0.3439516129032258
centerY: 0.00883442576232545
width: 0.044758064516129036
height: 0.04018238814477059
Area: 0.000467806286139788
CentroidX: 0.3683
CentroidY: 0.0319
