Location: Dedata_7.png_Gaussian-Median.png
Component: component_1755522664208_287.png
centerX: 0.1875
centerY: 0.7460815047021944
width: 0.042741935483870966
height: 0.030208036477628954
Area: 0.00040736263433199425
CentroidX: 0.2137
CentroidY: 0.7612
