Location: Dedata_7.png_Gaussian-Median.png
Component: component_1755522664209_290.png
centerX: 0.8975806451612903
centerY: 0.7768595041322314
width: 0.04395161290322581
height: 0.03134796238244514
Area: 0.0004573493045532686
CentroidX: 0.9249
CentroidY: 0.7918
