Location: Dedata_7.png_Mean-Closing.png
Component: component_1755522663547_177.png
centerX: 0.36129032258064514
centerY: 0.4713593616414933
width: 0.04314516129032258
height: 0.02792818466799658
Area: 0.0005103236837992627
CentroidX: 0.3863
CentroidY: 0.4870
