Location: Dedata_7.png_Gaussian-Median.png
Component: component_1755522664210_298.png
centerX: 0.4891129032258065
centerY: 0.7854089484183528
width: 0.03870967741935484
height: 0.029068110572812767
Area: 0.0003632364702745934
CentroidX: 0.5124
CentroidY: 0.8015
