Location: Dedata_7.png_Mean-Closing.png
Component: component_1755522663516_63.png
centerX: 0.3133064516129032
centerY: 0.15445996010259333
width: 0.037096774193548385
height: 0.02707324023938444
Area: 0.00039610126954651173
CentroidX: 0.3331
CentroidY: 0.1706
