Location: Dedata_7.png_Mean-Closing.png
Component: component_1755522663530_133.png
centerX: 0.08669354838709678
centerY: 0.3422627529210601
width: 0.05766129032258065
height: 0.029353092049016812
Area: 0.0004905588394818853
CentroidX: 0.1198
CentroidY: 0.3586
