Location: Dedata_7.png_Gaussian-Median.png
Component: component_1755522664169_116.png
centerX: 0.6072580645161291
centerY: 0.2884012539184953
width: 0.04717741935483871
height: 0.030493017953833
Area: 0.0004143722593515292
CentroidX: 0.6345
CentroidY: 0.3057
