Location: Dedata_7.png_Gaussian-Median.png
Component: component_1755522664202_264.png
centerX: 0.3834677419354839
centerY: 0.689085209461385
width: 0.05685483870967742
height: 0.03134796238244514
Area: 0.0005151499829930409
CentroidX: 0.4172
CentroidY: 0.7056
