Location: Dedata_7.png_Otsu.png
Component: component_1755522663854_166.png
centerX: 0.3895161290322581
centerY: 0.19777714448560843
width: 0.031451612903225803
height: 0.032487888287261325
Area: 0.00036955662398073156
CentroidX: 0.4068
CentroidY: 0.2172
