Location: Dedata_7.png_Gaussian-Median.png
Component: component_1755522664162_94.png
centerX: 0.8459677419354839
centerY: 0.23624964377315474
width: 0.04032258064516129
height: 0.029923055001424906
Area: 0.00044413443771316156
CentroidX: 0.8689
CentroidY: 0.2530
