Location: Dedata_7.png_Mean-Closing.png
Component: component_1755522663579_275.png
centerX: 0.2495967741935484
centerY: 0.7426617269877458
width: 0.04395161290322581
height: 0.03334283271587347
Area: 0.0004836641263479164
CentroidX: 0.2761
CentroidY: 0.7611
