Location: Dedata_7.png_Mean-Closing.png
Component: component_1755522663551_195.png
centerX: 0.4745967741935484
centerY: 0.5175263607865489
width: 0.04596774193548387
height: 0.027358221715588486
Area: 0.000515954366192004
CentroidX: 0.5025
CentroidY: 0.5318
