Location: Dedata_7.png_Mean-Closing.png
Component: component_1755522663518_74.png
centerX: 0.7233870967741935
centerY: 0.19122257053291536
width: 0.044758064516129036
height: 0.025933314334568254
Area: 0.00042735730242050396
CentroidX: 0.7497
CentroidY: 0.2055
