Location: Dedata_7.png_Otsu.png
Component: component_1755522663923_358.png
centerX: 0.5846774193548387
centerY: 0.7326873753206041
width: 0.0375
height: 0.03362781419207751
Area: 0.00031669715662030354
CentroidX: 0.6069
CentroidY: 0.7526
