Location: Dedata_7.png_Gaussian-Median.png
Component: component_1755522664139_8.png
centerX: 0.40766129032258064
centerY: 0.008264462809917356
width: 0.05040322580645161
height: 0.03334283271587347
Area: 0.00045551071438421016
CentroidX: 0.4365
CentroidY: 0.0265
