Location: Dedata_7.png_Mean-Medain.png
Component: component_1755522664050_231.png
centerX: 0.03064516129032258
centerY: 0.6110002849814762
width: 0.049193548387096775
height: 0.026503277286976348
Area: 0.000491937782108679
CentroidX: 0.0605
CentroidY: 0.6246
