Location: Dedata_7.png_Gaussian-Median.png
Component: component_1755522664180_165.png
centerX: 0.4745967741935484
centerY: 0.4194927329723568
width: 0.036290322580645164
height: 0.031917925334853235
Area: 0.00043218360161428215
CentroidX: 0.4971
CentroidY: 0.4364
