Location: Dedata_7.png_Otsu.png
Component: component_1755522663842_129.png
centerX: 0.31411290322580643
centerY: 0.15474494157879737
width: 0.03588709677419355
height: 0.025648332858364205
Area: 0.00021752819937671794
CentroidX: 0.3342
CentroidY: 0.1700
