Location: Dedata_7.png_Mean-Closing.png
Component: component_1755522663550_191.png
centerX: 0.28346774193548385
centerY: 0.5141065830721003
width: 0.04395161290322581
height: 0.02963807352522086
Area: 0.0005025096755807647
CentroidX: 0.3081
CentroidY: 0.5308
