Location: Dedata_7.png_Otsu.png
Component: component_1755522663872_205.png
centerX: 0.9004032258064516
centerY: 0.323168994015389
width: 0.03870967741935484
height: 0.02707324023938444
Area: 0.00041552137820719074
CentroidX: 0.9212
CentroidY: 0.3389
