Location: Dedata_7.png_Mean-Closing.png
Component: component_1755522663530_131.png
centerX: 0.16532258064516128
centerY: 0.34055286406383584
width: 0.04314516129032258
height: 0.030777999430037048
Area: 0.00044310023074306624
CentroidX: 0.1901
CentroidY: 0.3584
