Location: Dedata_7.png_Otsu.png
Component: component_1755522663944_424.png
centerX: 0.5177419354838709
centerY: 0.8845825021373611
width: 0.049193548387096775
height: 0.022228555143915644
Area: 0.00025188685316099616
CentroidX: 0.5504
CentroidY: 0.8959
