Location: Dedata_7.png_Otsu.png
Component: component_1755522663893_264.png
centerX: 0.4842741935483871
centerY: 0.4719293245939014
width: 0.04032258064516129
height: 0.030777999430037048
Area: 0.0004327581610421129
CentroidX: 0.5078
CentroidY: 0.4890
