Location: Dedata_7.png_Mean-Closing.png
Component: component_1755522663548_184.png
centerX: 0.7399193548387096
centerY: 0.5089769165004274
width: 0.04596774193548387
height: 0.029068110572812767
Area: 0.0004964193456457589
CentroidX: 0.7669
CentroidY: 0.5245
