Location: Dedata_7.png_Otsu.png
Component: component_1755522663791_78.png
centerX: 0.09435483870967742
centerY: 0.109717868338558
width: 0.0375
height: 0.03277286976346538
Area: 0.00022315888176945917
CentroidX: 0.1163
CentroidY: 0.1287
