Location: Dedata_7.png_Otsu.png
Component: component_1755522663909_311.png
centerX: 0.09637096774193549
centerY: 0.6081504702194357
width: 0.036290322580645164
height: 0.028498147620404674
Area: 0.0004019617757103853
CentroidX: 0.1163
CentroidY: 0.6254
