Location: Dedata_7.png_Otsu.png
Component: component_1755522663852_161.png
centerX: 0.6104838709677419
centerY: 0.19492732972356797
width: 0.04112903225806452
height: 0.028498147620404674
Area: 0.00040908631261548647
CentroidX: 0.6347
CentroidY: 0.2110
