Location: Dedata_7.png_Gaussian-Median.png
Component: component_1755522664200_256.png
centerX: 0.9508064516129032
centerY: 0.6788258763180394
width: 0.03225806451612903
height: 0.02792818466799658
Area: 0.00034427600915617904
CentroidX: 0.9682
CentroidY: 0.6943
