Location: Dedata_7.png_Mean-Closing.png
Component: component_1755522663528_125.png
centerX: 0.5685483870967742
centerY: 0.33200341977771447
width: 0.04435483870967742
height: 0.02536335138216016
Area: 0.00041345296426700004
CentroidX: 0.5936
CentroidY: 0.3462
