Location: Dedata_7.png_Otsu.png
Component: component_1755522663894_269.png
centerX: 0.7403225806451613
centerY: 0.5089769165004274
width: 0.04516129032258064
height: 0.028783129096608722
Area: 0.00043861866720598647
CentroidX: 0.7668
CentroidY: 0.5246
