Location: Dedata_7.png_Gaussian-Median.png
Component: component_1755522664171_124.png
centerX: 0.021370967741935483
centerY: 0.2955257908235965
width: 0.036290322580645164
height: 0.027643203191792535
Area: 0.00039874424291453314
CentroidX: 0.0413
CentroidY: 0.3116
