Location: Dedata_7.png_Gaussian-Median.png
Component: component_1755522664203_266.png
centerX: 0.7879032258064517
centerY: 0.6896551724137931
width: 0.04959677419354839
height: 0.026503277286976348
Area: 0.00045688965701100396
CentroidX: 0.8168
CentroidY: 0.7026
