Location: Dedata_7.png_Gaussian-Median.png
Component: component_1755522664160_84.png
centerX: 0.6685483870967742
centerY: 0.1957822741521801
width: 0.039919354838709675
height: 0.025648332858364205
Area: 0.0004150617306649261
CentroidX: 0.6919
CentroidY: 0.2093
