Location: Dedata_7.png_Otsu.png
Component: component_1755522663919_345.png
centerX: 0.32137096774193546
centerY: 0.6905101168424053
width: 0.04838709677419355
height: 0.03305785123966942
Area: 0.0004317239540720176
CentroidX: 0.3493
CentroidY: 0.7094
