Location: Dedata_7.png_Mean-Medain.png
Component: component_1755522664039_184.png
centerX: 0.9258064516129032
centerY: 0.5015673981191222
width: 0.039112903225806454
height: 0.02821316614420063
Area: 0.000521355224813613
CentroidX: 0.9482
CentroidY: 0.5169
