Location: Dedata_7.png_Mean-Medain.png
Component: component_1755522664067_296.png
centerX: 0.2540322580645161
centerY: 0.7893986890852095
width: 0.03951612903225806
height: 0.031062980906241093
Area: 0.0004111547265556771
CentroidX: 0.2773
CentroidY: 0.8070
