Location: Dedata_7.png_Otsu.png
Component: component_1755522663869_198.png
centerX: 0.4096774193548387
centerY: 0.292675976061556
width: 0.04516129032258064
height: 0.02963807352522086
Area: 0.0004171301446051168
CentroidX: 0.4365
CentroidY: 0.3090
