Location: Dedata_7.png_Mean-Medain.png
Component: component_1755522664017_88.png
centerX: 0.0967741935483871
centerY: 0.20461669991450557
width: 0.04516129032258064
height: 0.029068110572812767
Area: 0.0004887202493128269
CentroidX: 0.1239
CentroidY: 0.2199
