Location: Dedata_7.png_Mean-Medain.png
Component: component_1755522664004_36.png
centerX: 0.09153225806451613
centerY: 0.06583072100313479
width: 0.0407258064516129
height: 0.028783129096608722
Area: 0.0004402274336039125
CentroidX: 0.1138
CentroidY: 0.0822
