Location: Dedata_7.png_Mean-Closing.png
Component: component_1755522663549_187.png
centerX: 0.5955645161290323
centerY: 0.5109717868338558
width: 0.055645161290322584
height: 0.027358221715588486
Area: 0.0005628384155029923
CentroidX: 0.6294
CentroidY: 0.5251
