Location: Dedata_7.png_Gaussian-Median.png
Component: component_1755522664211_299.png
centerX: 0.42782258064516127
centerY: 0.7859789113707609
width: 0.04153225806451613
height: 0.030493017953833
Area: 0.0003763364252291343
CentroidX: 0.4516
CentroidY: 0.8023
