Location: Dedata_7.png_Otsu.png
Component: component_1755522663897_277.png
centerX: 0.5387096774193548
centerY: 0.5143915645483044
width: 0.04112903225806452
height: 0.02821316614420063
Area: 0.0004101205195855818
CentroidX: 0.5627
CentroidY: 0.5302
