Location: Dedata_7.png_Gaussian-Median.png
Component: component_1755522664164_99.png
centerX: 0.6036290322580645
centerY: 0.2408093473924195
width: 0.04798387096774193
height: 0.030777999430037048
Area: 0.00046171595620478215
CentroidX: 0.6313
CentroidY: 0.2587
