Location: Dedata_7.png_Mean-Closing.png
Component: component_1755522663597_329.png
centerX: 0.1060483870967742
centerY: 0.8948418352807067
width: 0.04758064516129032
height: 0.03163294385864919
Area: 0.0004092012245010526
CentroidX: 0.1340
CentroidY: 0.9126
