Location: Dedata_7.png_Otsu.png
Component: component_1755522663942_418.png
centerX: 0.6532258064516129
centerY: 0.878312909660872
width: 0.04596774193548387
height: 0.03590766600170989
Area: 0.00033060149477380746
CentroidX: 0.6799
CentroidY: 0.9003
