Location: Dedata_7.png_Gaussian-Median.png
Component: component_1755522664194_224.png
centerX: 0.7262096774193548
centerY: 0.5947563408378456
width: 0.031048387096774193
height: 0.03419777714448561
Area: 0.0003878276137857491
CentroidX: 0.7434
CentroidY: 0.6154
