Location: Dedata_7.png_Otsu.png
Component: component_1755522663875_211.png
centerX: 0.5024193548387097
centerY: 0.3328583642063266
width: 0.04596774193548387
height: 0.027358221715588486
Area: 0.0004036854539938775
CentroidX: 0.5301
CentroidY: 0.3473
