Location: Dedata_7.png_Mean-Medain.png
Component: component_1755522664043_197.png
centerX: 0.08991935483870968
centerY: 0.5158164719293246
width: 0.036290322580645164
height: 0.030493017953833
Area: 0.0004205775011721012
CentroidX: 0.1112
CentroidY: 0.5330
