Location: Dedata_7.png_Mean-Medain.png
Component: component_1755522664024_118.png
centerX: 0.14596774193548387
centerY: 0.29353092049016816
width: 0.03870967741935484
height: 0.03362781419207751
Area: 0.0004311493946441868
CentroidX: 0.1672
CentroidY: 0.3136
