Location: Dedata_7.png_Mean-Medain.png
Component: component_1755522664049_227.png
centerX: 0.2786290322580645
centerY: 0.6033057851239669
width: 0.03467741935483871
height: 0.03163294385864919
Area: 0.0004675764623686557
CentroidX: 0.2990
CentroidY: 0.6203
