Location: Dedata_7.png_Gaussian-Median.png
Component: component_1755522664141_18.png
centerX: 0.20846774193548387
centerY: 0.012539184952978056
width: 0.04435483870967742
height: 0.037047591906526074
Area: 0.00044367479017089694
CentroidX: 0.2329
CentroidY: 0.0336
