Location: Dedata_7.png_Gaussian-Median.png
Component: component_1755522664157_69.png
centerX: 0.3616935483870968
centerY: 0.15388999715018523
width: 0.04717741935483871
height: 0.026788258763180393
Area: 0.00032600501935116155
CentroidX: 0.3887
CentroidY: 0.1690
