Location: Dedata_7.png_Otsu.png
Component: component_1755522663853_164.png
centerX: 0.4967741935483871
centerY: 0.1969222000569963
width: 0.03669354838709677
height: 0.03134796238244514
Area: 0.0003919644416661304
CentroidX: 0.5183
CentroidY: 0.2151
