Location: Dedata_7.png_Mean-Medain.png
Component: component_1755522664020_100.png
centerX: 0.13830645161290323
centerY: 0.24422912510686806
width: 0.03951612903225806
height: 0.03305785123966942
Area: 0.0004387335790915526
CentroidX: 0.1605
CentroidY: 0.2637
