Location: Dedata_7.png_Mean-Medain.png
Component: component_1755522663997_5.png
centerX: 0.8024193548387096
centerY: 0.006839555428897122
width: 0.034274193548387094
height: 0.04103733257338273
Area: 0.00045125897461826273
CentroidX: 0.8203
CentroidY: 0.0323
