Location: Dedata_7.png_Otsu.png
Component: component_1755522663907_305.png
centerX: 0.3987903225806452
centerY: 0.6007409518381305
width: 0.05040322580645161
height: 0.02792818466799658
Area: 0.0004403423454894787
CentroidX: 0.4288
CentroidY: 0.6160
