Location: Dedata_7.png_Mean-Closing.png
Component: component_1755522663512_45.png
centerX: 0.1495967741935484
centerY: 0.10772299800512966
width: 0.0407258064516129
height: 0.036477628954117984
Area: 0.00041678540894841834
CentroidX: 0.1731
CentroidY: 0.1303
