Location: Dedata_7.png_Mean-Closing.png
Component: component_1755522663541_153.png
centerX: 0.7685483870967742
centerY: 0.4103733257338273
width: 0.041935483870967745
height: 0.030208036477628954
Area: 0.0005222745198981421
CentroidX: 0.7921
CentroidY: 0.4278
