Location: Dedata_7.png_Mean-Closing.png
Component: component_1755522663592_309.png
centerX: 0.2245967741935484
centerY: 0.8367056141350813
width: 0.043548387096774194
height: 0.030493017953833
Area: 0.00037817501539819267
CentroidX: 0.2513
CentroidY: 0.8541
