Location: Dedata_7.png_Otsu.png
Component: component_1755522663688_15.png
centerX: 0.853225806451613
centerY: 0.011399259048161869
width: 0.0375
height: 0.032487888287261325
Area: 0.000362891734617895
CentroidX: 0.8769
CentroidY: 0.0293
