Location: Dedata_7.png_Mean-Closing.png
Component: component_1755522663577_268.png
centerX: 0.584274193548387
centerY: 0.7324023938444001
width: 0.038306451612903226
height: 0.03419777714448561
Area: 0.0004094310482721849
CentroidX: 0.6068
CentroidY: 0.7526
