Location: Dedata_7.png_Mean-Medain.png
Component: component_1755522664033_165.png
centerX: 0.33991935483870966
centerY: 0.4231974921630094
width: 0.05604838709677419
height: 0.03163294385864919
Area: 0.0005597357945927063
CentroidX: 0.3742
CentroidY: 0.4401
