Location: Dedata_7.png_Gaussian-Median.png
Component: component_1755522664208_286.png
centerX: 0.14153225806451614
centerY: 0.7457965232259903
width: 0.03064516129032258
height: 0.0347677400968937
Area: 0.0003867934068156538
CentroidX: 0.1588
CentroidY: 0.7661
