Location: Dedata_7.png_Otsu.png
Component: component_1755522663930_377.png
centerX: 0.6064516129032258
centerY: 0.7834140780849245
width: 0.04435483870967742
height: 0.029353092049016812
Area: 0.00032462607672436775
CentroidX: 0.6344
CentroidY: 0.7979
