Location: Dedata_7.png_Otsu.png
Component: component_1755522663856_168.png
centerX: 0.33225806451612905
centerY: 0.20034197777144486
width: 0.036290322580645164
height: 0.030208036477628954
Area: 0.0004159810257494553
CentroidX: 0.3539
CentroidY: 0.2166
