Location: Dedata_7.png_Otsu.png
Component: component_1755522663933_385.png
centerX: 0.03185483870967742
centerY: 0.7959532630379025
width: 0.03387096774193549
height: 0.028498147620404674
Area: 0.00024556669945485803
CentroidX: 0.0505
CentroidY: 0.8141
