Location: Dedata_7.png_Gaussian-Median.png
Component: component_1755522664175_144.png
centerX: 0.9040322580645161
centerY: 0.36449130806497576
width: 0.039112903225806454
height: 0.027358221715588486
Area: 0.0004264380073359748
CentroidX: 0.9267
CentroidY: 0.3787
