Location: Dedata_7.png_Otsu.png
Component: component_1755522663921_351.png
centerX: 0.07379032258064516
centerY: 0.7044742091764036
width: 0.04798387096774193
height: 0.026788258763180393
Area: 0.00046481857711506817
CentroidX: 0.1028
CentroidY: 0.7176
