Location: Dedata_7.png_Mean-Closing.png
Component: component_1755522663549_186.png
centerX: 0.4064516129032258
centerY: 0.5109717868338558
width: 0.044758064516129036
height: 0.030493017953833
Area: 0.0004824000956066888
CentroidX: 0.4331
CentroidY: 0.5279
