Location: Dedata_7.png_Gaussian-Median.png
Component: component_1755522664207_284.png
centerX: 0.30685483870967745
centerY: 0.7403818751781134
width: 0.02620967741935484
height: 0.03334283271587347
Area: 0.0003864486711589553
CentroidX: 0.3202
CentroidY: 0.7584
