Location: Dedata_7.png_Mean-Medain.png
Component: component_1755522664002_25.png
centerX: 0.7008064516129032
centerY: 0.060131091479053864
width: 0.034274193548387094
height: 0.03163294385864919
Area: 0.00034071374070362845
CentroidX: 0.7193
CentroidY: 0.0794
