Location: Dedata_7.png_Mean-Closing.png
Component: component_1755522663576_260.png
centerX: 0.1431451612903226
centerY: 0.7001994870333428
width: 0.03790322580645161
height: 0.03419777714448561
Area: 0.0005048079132920876
CentroidX: 0.1644
CentroidY: 0.7194
