Location: Dedata_7.png_Gaussian-Median.png
Component: component_1755522664192_215.png
centerX: 0.9024193548387097
centerY: 0.554573952693075
width: 0.007661290322580645
height: 0.007979481333713309
Area: 2.1603434486435802e-05
CentroidX: 0.9050
CentroidY: 0.5594
