Location: Dedata_7.png_Otsu.png
Component: component_1755522663839_121.png
centerX: 0.8681451612903226
centerY: 0.1450555713878598
width: 0.03588709677419355
height: 0.02792818466799658
Area: 0.00036737329815497477
CentroidX: 0.8902
CentroidY: 0.1597
