Location: Dedata_7.png_Mean-Medain.png
Component: component_1755522664075_332.png
centerX: 0.23790322580645162
centerY: 0.8871473354231975
width: 0.05161290322580645
height: 0.031917925334853235
Area: 0.00048274483126338724
CentroidX: 0.2677
CentroidY: 0.9051
