Location: Dedata_7.png_Mean-Closing.png
Component: component_1755522663580_278.png
centerX: 0.07943548387096774
centerY: 0.750071245369051
width: 0.04314516129032258
height: 0.031062980906241093
Area: 0.0004711387308212063
CentroidX: 0.1038
CentroidY: 0.7664
