Location: Dedata_7.png_Mean-Medain.png
Component: component_1755522664036_173.png
centerX: 0.6729838709677419
centerY: 0.46565973211741235
width: 0.04838709677419355
height: 0.030777999430037048
Area: 0.0005529559933443036
CentroidX: 0.7011
CentroidY: 0.4832
