Location: Dedata_7.png_Gaussian-Median.png
Component: component_1755522664208_289.png
centerX: 0.031048387096774193
centerY: 0.7523510971786834
width: 0.03225806451612903
height: 0.028498147620404674
Area: 0.0003897811158403736
CentroidX: 0.0481
CentroidY: 0.7690
