Location: Dedata_7.png_Gaussian-Median.png
Component: component_1755522664173_136.png
centerX: 0.03064516129032258
centerY: 0.3382730122542035
width: 0.03225806451612903
height: 0.03277286976346538
Area: 0.00036783294569723933
CentroidX: 0.0478
CentroidY: 0.3581
