Location: Dedata_7.png_Mean-Medain.png
Component: component_1755522664001_21.png
centerX: 0.7560483870967742
centerY: 0.058991165574237676
width: 0.028629032258064516
height: 0.03733257338273012
Area: 0.00040701789867529577
CentroidX: 0.7706
CentroidY: 0.0815
