Location: Dedata_7.png_Otsu.png
Component: component_1755522663878_218.png
centerX: 0.08669354838709678
centerY: 0.34254773439726416
width: 0.05685483870967742
height: 0.028498147620404674
Area: 0.00043068974710192226
CentroidX: 0.1201
CentroidY: 0.3587
