Location: Dedata_7.png_Mean-Closing.png
Component: component_1755522663587_303.png
centerX: 0.49193548387096775
centerY: 0.8301510401823882
width: 0.04879032258064516
height: 0.028783129096608722
Area: 0.0003910451465816012
CentroidX: 0.5215
CentroidY: 0.8464
