Location: Dedata_7.png_Gaussian-Median.png
Component: component_1755522664147_33.png
centerX: 0.02943548387096774
centerY: 0.06469079509831861
width: 0.0407258064516129
height: 0.03163294385864919
Area: 0.00039288373675065957
CentroidX: 0.0531
CentroidY: 0.0832
