Location: Dedata_7.png_Gaussian-Median.png
Component: component_1755522664217_339.png
centerX: 0.6528225806451613
centerY: 0.878027928184668
width: 0.0467741935483871
height: 0.036477628954117984
Area: 0.0003915047941238658
CentroidX: 0.6794
CentroidY: 0.9002
