Location: Dedata_7.png_Mean-Closing.png
Component: component_1755522663523_99.png
centerX: 0.4629032258064516
centerY: 0.24479908805927614
width: 0.05282258064516129
height: 0.030493017953833
Area: 0.0005275604666341849
CentroidX: 0.4959
CentroidY: 0.2601
