Location: Dedata_7.png_Otsu.png
Component: component_1755522663926_370.png
centerX: 0.8979838709677419
centerY: 0.7771444856084354
width: 0.04314516129032258
height: 0.030777999430037048
Area: 0.00036335138216015957
CentroidX: 0.9259
CentroidY: 0.7921
