Location: Dedata_7.png_Mean-Medain.png
Component: component_1755522664022_108.png
centerX: 0.8681451612903226
centerY: 0.27871188372755773
width: 0.039112903225806454
height: 0.028783129096608722
Area: 0.00041149946221237554
CentroidX: 0.8906
CentroidY: 0.2951
