Location: Dedata_7.png_Mean-Medain.png
Component: component_1755522664070_305.png
centerX: 0.807258064516129
centerY: 0.8261612995155315
width: 0.044758064516129036
height: 0.026788258763180393
Area: 0.00043586078195239893
CentroidX: 0.8342
CentroidY: 0.8397
