Location: Dedata_7.png_Mean-Closing.png
Component: component_1755522663514_55.png
centerX: 0.9213709677419355
centerY: 0.1450555713878598
width: 0.042741935483870966
height: 0.027643203191792535
Area: 0.000484123773890181
CentroidX: 0.9481
CentroidY: 0.1587
