Location: Dedata_7.png_Mean-Closing.png
Component: component_1755522663586_299.png
centerX: 0.6241935483870967
centerY: 0.8241664291821031
width: 0.04153225806451613
height: 0.03334283271587347
Area: 0.0004021915994815176
CentroidX: 0.6480
CentroidY: 0.8443
