Location: Dedata_7.png_Gaussian-Median.png
Component: component_1755522664152_45.png
centerX: 0.2560483870967742
centerY: 0.10629809062410943
width: 0.03185483870967742
height: 0.030493017953833
Area: 0.0003098024434863347
CentroidX: 0.2723
CentroidY: 0.1252
