Location: Dedata_7.png_Gaussian-Median.png
Component: component_1755522664191_208.png
centerX: 0.6560483870967742
centerY: 0.5511541749786264
width: 0.05725806451612903
height: 0.028783129096608722
Area: 0.0005539902003143989
CentroidX: 0.6892
CentroidY: 0.5670
