Location: Dedata_7.png_Otsu.png
Component: component_1755522663905_300.png
centerX: 0.7733870967741936
centerY: 0.5947563408378456
width: 0.036290322580645164
height: 0.030493017953833
Area: 0.00036852241701063623
CentroidX: 0.7942
CentroidY: 0.6130
