Location: Dedata_7.png_Mean-Closing.png
Component: component_1755522663579_277.png
centerX: 0.1875
centerY: 0.7463664861783984
width: 0.042741935483870966
height: 0.029923055001424906
Area: 0.0004310344827586207
CentroidX: 0.2141
CentroidY: 0.7614
