Location: Dedata_7.png_Mean-Closing.png
Component: component_1755522663589_304.png
centerX: 0.6818548387096774
centerY: 0.8301510401823882
width: 0.04838709677419355
height: 0.0262182958107723
Area: 0.0004094310482721849
CentroidX: 0.7119
CentroidY: 0.8437
