Location: Dedata_7.png_Mean-Medain.png
Component: component_1755522664026_131.png
centerX: 0.3649193548387097
centerY: 0.3359931604445711
width: 0.0407258064516129
height: 0.029353092049016812
Area: 0.00042965554013182694
CentroidX: 0.3874
CentroidY: 0.3529
