Location: Dedata_7.png_Otsu.png
Component: component_1755522663708_43.png
centerX: 0.09193548387096774
centerY: 0.06611570247933884
width: 0.039919354838709675
height: 0.026788258763180393
Area: 0.00033060149477380746
CentroidX: 0.1130
CentroidY: 0.0812
