Location: Dedata_7.png_Mean-Medain.png
Component: component_1755522663999_9.png
centerX: 0.13588709677419356
centerY: 0.008264462809917356
width: 0.05040322580645161
height: 0.039612425192362494
Area: 0.0005041184419786907
CentroidX: 0.1638
CentroidY: 0.0313
