Location: Dedata_7.png_Otsu.png
Component: component_1755522663853_162.png
centerX: 0.4403225806451613
centerY: 0.19606725562838415
width: 0.0375
height: 0.03362781419207751
Area: 0.00039184952978056425
CentroidX: 0.4620
CentroidY: 0.2164
