Location: Dedata_7.png_Otsu.png
Component: component_1755522663865_186.png
centerX: 0.26733870967741935
centerY: 0.24565403248788828
width: 0.056451612903225805
height: 0.029923055001424906
Area: 0.00046700190294082496
CentroidX: 0.3015
CentroidY: 0.2623
