Location: Dedata_7.png_Gaussian-Median.png
Component: component_1755522664202_262.png
centerX: 0.567741935483871
centerY: 0.6876603020803648
width: 0.03951612903225806
height: 0.028783129096608722
Area: 0.00041816435157521214
CentroidX: 0.5908
CentroidY: 0.7033
