Location: Dedata_7.png_Otsu.png
Component: component_1755522663784_77.png
centerX: 0.3548387096774194
centerY: 0.10829296095753776
width: 0.03024193548387097
height: 0.031062980906241093
Area: 0.00017558536114507396
CentroidX: 0.3701
CentroidY: 0.1264
