Location: Dedata_7.png_Mean-Medain.png
Component: component_1755522664029_144.png
centerX: 0.5786290322580645
centerY: 0.37475064120832147
width: 0.03951612903225806
height: 0.027643203191792535
Area: 0.00044654758731005063
CentroidX: 0.6014
CentroidY: 0.3894
