Location: Dedata_7.png_Gaussian-Median.png
Component: component_1755522664213_309.png
centerX: 0.9318548387096774
centerY: 0.823311484753491
width: 0.04032258064516129
height: 0.028783129096608722
Area: 0.00033542779396758565
CentroidX: 0.9569
CentroidY: 0.8397
