Location: Dedata_7.png_Mean-Closing.png
Component: component_1755522663529_127.png
centerX: 0.4266129032258065
centerY: 0.33371330863493875
width: 0.05604838709677419
height: 0.028783129096608722
Area: 0.0004896395443973561
CentroidX: 0.4604
CentroidY: 0.3487
