Location: Dedata_7.png_Mean-Closing.png
Component: component_1755522663589_305.png
centerX: 0.35685483870967744
centerY: 0.8332858364206327
width: 0.050806451612903224
height: 0.030493017953833
Area: 0.0004373546364647588
CentroidX: 0.3868
CentroidY: 0.8502
