Location: Dedata_7.png_Otsu.png
Component: component_1755522663908_310.png
centerX: 0.1592741935483871
centerY: 0.6078654887432317
width: 0.037096774193548385
height: 0.026503277286976348
Area: 0.0004042600134217082
CentroidX: 0.1798
CentroidY: 0.6228
