Location: Dedata_7.png_Mean-Medain.png
Component: component_1755522664037_177.png
centerX: 0.6064516129032258
centerY: 0.4690795098318609
width: 0.05282258064516129
height: 0.031062980906241093
Area: 0.0005368683293650429
CentroidX: 0.6371
CentroidY: 0.4869
