Location: Dedata_7.png_Mean-Closing.png
Component: component_1755522663508_28.png
centerX: 0.21370967741935484
centerY: 0.06241094328868624
width: 0.037096774193548385
height: 0.03134796238244514
Area: 0.0003904705871537705
CentroidX: 0.2330
CentroidY: 0.0812
