Location: Dedata_7.png_Mean-Closing.png
Component: component_1755522663547_179.png
centerX: 0.4842741935483871
centerY: 0.4719293245939014
width: 0.0407258064516129
height: 0.031062980906241093
Area: 0.0004930869009643406
CentroidX: 0.5078
CentroidY: 0.4889
