Location: Dedata_7.png_Mean-Closing.png
Component: component_1755522663513_50.png
centerX: 0.4532258064516129
centerY: 0.10943288686235395
width: 0.04112903225806452
height: 0.03134796238244514
Area: 0.0003834609621342355
CentroidX: 0.4756
CentroidY: 0.1279
