Location: Dedata_7.png_Gaussian-Median.png
Component: component_1755522664191_211.png
centerX: 0.35201612903225804
centerY: 0.5528640638358506
width: 0.04153225806451613
height: 0.03419777714448561
Area: 0.00041356787615256624
CentroidX: 0.3759
CentroidY: 0.5731
