Location: Dedata_7.png_Otsu.png
Component: component_1755522663869_197.png
centerX: 0.48104838709677417
centerY: 0.2918210316329439
width: 0.03588709677419355
height: 0.030777999430037048
Area: 0.00038081798876621407
CentroidX: 0.5009
CentroidY: 0.3107
