Location: Dedata_7.png_Mean-Medain.png
Component: component_1755522664007_50.png
centerX: 0.0939516129032258
centerY: 0.10914790538614991
width: 0.04112903225806452
height: 0.03505272157309775
Area: 0.00038564428795999226
CentroidX: 0.1175
CentroidY: 0.1301
