Location: Dedata_7.png_Mean-Medain.png
Component: component_1755522664040_187.png
centerX: 0.7399193548387096
centerY: 0.5086919350242234
width: 0.04596774193548387
height: 0.029353092049016812
Area: 0.0004961895218746265
CentroidX: 0.7668
CentroidY: 0.5245
