Location: Dedata_7.png_Otsu.png
Component: component_1755522663874_209.png
centerX: 0.632258064516129
centerY: 0.32972356796808205
width: 0.035483870967741936
height: 0.025933314334568254
Area: 0.00036656891495601173
CentroidX: 0.6538
CentroidY: 0.3434
