Location: Dedata_7.png_Mean-Medain.png
Component: component_1755522664046_212.png
centerX: 0.1528225806451613
centerY: 0.5602735822171558
width: 0.049193548387096775
height: 0.03419777714448561
Area: 0.00048711148291490086
CentroidX: 0.1802
CentroidY: 0.5812
