Location: Dedata_7.png_Otsu.png
Component: component_1755522663904_294.png
centerX: 0.1532258064516129
centerY: 0.5605585636933599
width: 0.04838709677419355
height: 0.03362781419207751
Area: 0.00042402485773908565
CentroidX: 0.1804
CentroidY: 0.5814
