Location: Dedata_7.png_Gaussian-Median.png
Component: component_1755522664193_220.png
centerX: 0.9443548387096774
centerY: 0.5887717298375605
width: 0.04153225806451613
height: 0.03334283271587347
Area: 0.00040207668759595144
CentroidX: 0.9681
CentroidY: 0.6070
