Location: Dedata_7.png_Otsu.png
Component: component_1755522663877_216.png
centerX: 0.16572580645161292
centerY: 0.3408378455400399
width: 0.04233870967741935
height: 0.030208036477628954
Area: 0.0003861039355022569
CentroidX: 0.1904
CentroidY: 0.3586
