Location: Dedata_7.png_Otsu.png
Component: component_1755522663893_263.png
centerX: 0.42338709677419356
centerY: 0.4719293245939014
width: 0.04233870967741935
height: 0.030493017953833
Area: 0.0004142573474659631
CentroidX: 0.4482
CentroidY: 0.4894
