Location: Dedata_7.png_Gaussian-Median.png
Component: component_1755522664218_344.png
centerX: 0.3786290322580645
centerY: 0.8840125391849529
width: 0.043548387096774194
height: 0.029923055001424906
Area: 0.0004111547265556771
CentroidX: 0.4045
CentroidY: 0.9009
