Location: Dedata_7.png_Otsu.png
Component: component_1755522663900_284.png
centerX: 0.7911290322580645
centerY: 0.5494442861214021
width: 0.03467741935483871
height: 0.028783129096608722
Area: 0.0004226459151122919
CentroidX: 0.8103
CentroidY: 0.5662
