Location: Dedata_7.png_Gaussian-Median.png
Component: component_1755522664150_39.png
centerX: 0.9028225806451613
centerY: 0.10287831290966087
width: 0.03870967741935484
height: 0.030777999430037048
Area: 0.0003393347980768347
CentroidX: 0.9232
CentroidY: 0.1217
