Location: Dedata_7.png_Mean-Medain.png
Component: component_1755522664019_97.png
centerX: 0.7241935483870968
centerY: 0.2408093473924195
width: 0.04596774193548387
height: 0.027358221715588486
Area: 0.0004671168148263911
CentroidX: 0.7506
CentroidY: 0.2555
