Location: Dedata_7.png_Otsu.png
Component: component_1755522663942_419.png
centerX: 0.7193548387096774
centerY: 0.8785978911370761
width: 0.04758064516129032
height: 0.024793388429752067
Area: 0.00027153678559280745
CentroidX: 0.7475
CentroidY: 0.8924
