Location: Dedata_7.png_Otsu.png
Component: component_1755522663870_203.png
centerX: 0.07580645161290323
centerY: 0.29609575377600456
width: 0.052016129032258066
height: 0.02821316614420063
Area: 0.00043091957087305454
CentroidX: 0.1082
CentroidY: 0.3106
