Location: Dedata_7.png_Mean-Medain.png
Component: component_1755522664061_275.png
centerX: 0.5225806451612903
centerY: 0.7341122827016244
width: 0.042741935483870966
height: 0.030777999430037048
Area: 0.00037886448671158957
CentroidX: 0.5477
CentroidY: 0.7515
