Location: Dedata_7.png_Gaussian-Median.png
Component: component_1755522664218_346.png
centerX: 0.23790322580645162
centerY: 0.8871473354231975
width: 0.05161290322580645
height: 0.031917925334853235
Area: 0.000438273931549288
CentroidX: 0.2674
CentroidY: 0.9049
