Location: Dedata_7.png_Gaussian-Median.png
Component: component_1755522664186_187.png
centerX: 0.5415322580645161
centerY: 0.4716443431176974
width: 0.0467741935483871
height: 0.03163294385864919
Area: 0.0004987175833570818
CentroidX: 0.5691
CentroidY: 0.4889
