Location: Dedata_7.png_Mean-Closing.png
Component: component_1755522663598_330.png
centerX: 0.04395161290322581
centerY: 0.8954117982331149
width: 0.03669354838709677
height: 0.031062980906241093
Area: 0.0003844951691043308
CentroidX: 0.0652
CentroidY: 0.9139
