Location: Dedata_7.png_Otsu.png
Component: component_1755522663914_327.png
centerX: 0.3725806451612903
centerY: 0.6489028213166145
width: 0.03508064516129032
height: 0.027643203191792535
Area: 0.0003500216034344864
CentroidX: 0.3924
CentroidY: 0.6637
