Location: Dedata_7.png_Otsu.png
Component: component_1755522663911_318.png
centerX: 0.5286290322580646
centerY: 0.6423482473639214
width: 0.039112903225806454
height: 0.029068110572812767
Area: 0.0004089714007299203
CentroidX: 0.5518
CentroidY: 0.6567
