Location: Dedata_7.png_Mean-Medain.png
Component: component_1755522664032_159.png
centerX: 0.5330645161290323
centerY: 0.41806782559133654
width: 0.044758064516129036
height: 0.03932744371615845
Area: 0.0005216999604703114
CentroidX: 0.5583
CentroidY: 0.4405
