Location: Dedata_7.png_Mean-Medain.png
Component: component_1755522664032_161.png
centerX: 0.4745967741935484
centerY: 0.4194927329723568
width: 0.036290322580645164
height: 0.031917925334853235
Area: 0.0004557405381553425
CentroidX: 0.4973
CentroidY: 0.4366
