Location: Dedata_7.png_Otsu.png
Component: component_1755522663860_176.png
centerX: 0.7887096774193548
centerY: 0.23710458820176689
width: 0.038306451612903226
height: 0.027643203191792535
Area: 0.00039230917732282887
CentroidX: 0.8105
CentroidY: 0.2527
