Location: Dedata_7.png_Mean-Medain.png
Component: component_1755522664002_27.png
centerX: 0.6483870967741936
centerY: 0.06041607295525791
width: 0.03508064516129032
height: 0.03419777714448561
Area: 0.00039908897857123156
CentroidX: 0.6685
CentroidY: 0.0803
