Location: Dedata_7.png_Gaussian-Median.png
Component: component_1755522664213_314.png
centerX: 0.7439516129032258
centerY: 0.8275862068965517
width: 0.04717741935483871
height: 0.025078369905956112
Area: 0.00034335671407164986
CentroidX: 0.7721
CentroidY: 0.8403
