Location: Dedata_7.png_Mean-Medain.png
Component: component_1755522664018_94.png
centerX: 0.9040322580645161
centerY: 0.23653462524935878
width: 0.04516129032258064
height: 0.02821316614420063
Area: 0.00044436426148429384
CentroidX: 0.9301
CentroidY: 0.2515
