Location: Dedata_7.png_Otsu.png
Component: component_1755522663684_10.png
centerX: 0.3443548387096774
centerY: 0.009119407238529496
width: 0.043548387096774194
height: 0.039042462239954404
Area: 0.00038920655641254284
CentroidX: 0.3682
CentroidY: 0.0317
