Location: Dedata_7.png_Gaussian-Median.png
Component: component_1755522664174_141.png
centerX: 0.7806451612903226
centerY: 0.36192647477913936
width: 0.04717741935483871
height: 0.0262182958107723
Area: 0.00044344496639976466
CentroidX: 0.8078
CentroidY: 0.3763
