Location: Dedata_7.png_Mean-Medain.png
Component: component_1755522664015_81.png
centerX: 0.6685483870967742
centerY: 0.1957822741521801
width: 0.039919354838709675
height: 0.025933314334568254
Area: 0.00044218093565853706
CentroidX: 0.6921
CentroidY: 0.2094
