Location: Dedata_7.png_Otsu.png
Component: component_1755522663878_221.png
centerX: 0.8504032258064517
centerY: 0.3642063265887717
width: 0.03508064516129032
height: 0.028783129096608722
Area: 0.0003869083187012199
CentroidX: 0.8706
CentroidY: 0.3799
