Location: Dedata_7.png_Mean-Medain.png
Component: component_1755522664040_189.png
centerX: 0.4064516129032258
centerY: 0.5109717868338558
width: 0.044758064516129036
height: 0.030493017953833
Area: 0.000481021152979895
CentroidX: 0.4331
CentroidY: 0.5279
