Location: Dedata_7.png_Mean-Closing.png
Component: component_1755522663524_104.png
centerX: 0.9338709677419355
centerY: 0.2767170133941294
width: 0.03024193548387097
height: 0.029353092049016812
Area: 0.00035875490673751366
CentroidX: 0.9501
CentroidY: 0.2938
