Location: Dedata_7.png_Otsu.png
Component: component_1755522663864_183.png
centerX: 0.13870967741935483
centerY: 0.2445141065830721
width: 0.03870967741935484
height: 0.032487888287261325
Area: 0.00038242675516414015
CentroidX: 0.1606
CentroidY: 0.2638
