Location: Dedata_7.png_Otsu.png
Component: component_1755522663919_346.png
centerX: 0.7383064516129032
centerY: 0.6905101168424053
width: 0.044758064516129036
height: 0.029068110572812767
Area: 0.00038150746007961097
CentroidX: 0.7644
CentroidY: 0.7073
