Location: Dedata_7.png_Mean-Closing.png
Component: component_1755522663548_181.png
centerX: 0.9258064516129032
centerY: 0.5018523795953264
width: 0.039112903225806454
height: 0.02792818466799658
Area: 0.0005231938149826713
CentroidX: 0.9482
CentroidY: 0.5170
