Location: Dedata_7.png_Mean-Closing.png
Component: component_1755522663561_243.png
centerX: 0.08024193548387097
centerY: 0.6508976916500427
width: 0.039112903225806454
height: 0.03733257338273012
Area: 0.0005393963908474982
CentroidX: 0.1012
CentroidY: 0.6716
