Location: Dedata_7.png_Otsu.png
Component: component_1755522663845_134.png
centerX: 0.14879032258064517
centerY: 0.15816471929324594
width: 0.03225806451612903
height: 0.030777999430037048
Area: 0.00020167035916858952
CentroidX: 0.1644
CentroidY: 0.1771
