Location: Dedata_7.png_Mean-Medain.png
Component: component_1755522664031_156.png
centerX: 0.7681451612903226
centerY: 0.4103733257338273
width: 0.04233870967741935
height: 0.030208036477628954
Area: 0.0005208955772713483
CentroidX: 0.7920
CentroidY: 0.4278
