Location: Dedata_7.png_Mean-Closing.png
Component: component_1755522663576_264.png
centerX: 0.9306451612903226
centerY: 0.7244229125106868
width: 0.036290322580645164
height: 0.03220290681105728
Area: 0.00032818834517691833
CentroidX: 0.9525
CentroidY: 0.7421
