Location: Dedata_7.png_Otsu.png
Component: component_1755522663901_287.png
centerX: 0.4717741935483871
centerY: 0.5525790823596466
width: 0.035483870967741936
height: 0.031917925334853235
Area: 0.0003904705871537705
CentroidX: 0.4921
CentroidY: 0.5712
