Location: Dedata_7.png_Gaussian-Median.png
Component: component_1755522664187_191.png
centerX: 0.739516129032258
centerY: 0.5086919350242234
width: 0.046370967741935484
height: 0.029353092049016812
Area: 0.0004681510217964865
CentroidX: 0.7666
CentroidY: 0.5245
