Location: Dedata_7.png_Otsu.png
Component: component_1755522663909_312.png
centerX: 0.031048387096774193
centerY: 0.6110002849814762
width: 0.04838709677419355
height: 0.0262182958107723
Area: 0.000421956443798895
CentroidX: 0.0606
CentroidY: 0.6246
