Location: Dedata_7.png_Otsu.png
Component: component_1755522663700_40.png
centerX: 0.1532258064516129
centerY: 0.06326588771729838
width: 0.03346774193548387
height: 0.03334283271587347
Area: 0.00027808676307007786
CentroidX: 0.1702
CentroidY: 0.0826
