Location: Dedata_7.png_Mean-Medain.png
Component: component_1755522664051_237.png
centerX: 0.5282258064516129
centerY: 0.6420632658877173
width: 0.039919354838709675
height: 0.02963807352522086
Area: 0.0004960746099890603
CentroidX: 0.5521
CentroidY: 0.6572
