Location: Dedata_7.png_Gaussian-Median.png
Component: component_1755522664212_308.png
centerX: 0.8709677419354839
centerY: 0.823026503277287
width: 0.04153225806451613
height: 0.029068110572812767
Area: 0.0003365769128232471
CentroidX: 0.8958
CentroidY: 0.8393
