Location: Dedata_7.png_Mean-Closing.png
Component: component_1755522663541_152.png
centerX: 0.9399193548387097
centerY: 0.4078084924479909
width: 0.035483870967741936
height: 0.026788258763180393
Area: 0.00041655558517728606
CentroidX: 0.9615
CentroidY: 0.4215
