Location: Dedata_7.png_Mean-Closing.png
Component: component_1755522663556_217.png
centerX: 0.6774193548387096
centerY: 0.5976061555998861
width: 0.032661290322580645
height: 0.029068110572812767
Area: 0.00041609593763502144
CentroidX: 0.6945
CentroidY: 0.6148
