Location: Dedata_7.png_Mean-Closing.png
Component: component_1755522663508_24.png
centerX: 0.7008064516129032
centerY: 0.06041607295525791
width: 0.034274193548387094
height: 0.03134796238244514
Area: 0.00034002426939023155
CentroidX: 0.7193
CentroidY: 0.0794
