Location: Dedata_7.png_Mean-Closing.png
Component: component_1755522663512_44.png
centerX: 0.6310483870967742
centerY: 0.10743801652892562
width: 0.039919354838709675
height: 0.029068110572812767
Area: 0.0003950670625764164
CentroidX: 0.6522
CentroidY: 0.1257
