Location: Dedata_7.png_Mean-Medain.png
Component: component_1755522664005_41.png
centerX: 0.8576612903225806
centerY: 0.10515816471929325
width: 0.035483870967741936
height: 0.02365346252493588
Area: 0.00035875490673751366
CentroidX: 0.8758
CentroidY: 0.1181
