Location: Dedata_7.png_Otsu.png
Component: component_1755522663925_367.png
centerX: 0.1879032258064516
centerY: 0.7466514676546024
width: 0.041935483870967745
height: 0.029068110572812767
Area: 0.00036518997232921793
CentroidX: 0.2138
CentroidY: 0.7611
