Location: Dedata_7.png_Mean-Closing.png
Component: component_1755522663504_9.png
centerX: 0.47701612903225804
centerY: 0.008549444286121402
width: 0.045564516129032256
height: 0.029353092049016812
Area: 0.00044608793976778606
CentroidX: 0.5043
CentroidY: 0.0244
