Location: Dedata_7.png_Otsu.png
Component: component_1755522663862_180.png
centerX: 0.025403225806451612
centerY: 0.24365916215445996
width: 0.03790322580645161
height: 0.03334283271587347
Area: 0.00038300131459197086
CentroidX: 0.0472
CentroidY: 0.2634
