Location: Dedata_7.png_Mean-Medain.png
Component: component_1755522664028_142.png
centerX: 0.6362903225806451
centerY: 0.3713308634938729
width: 0.052016129032258066
height: 0.0262182958107723
Area: 0.0004890649849695254
CentroidX: 0.6673
CentroidY: 0.3851
