Location: Dedata_7.png_Mean-Closing.png
Component: component_1755522663546_172.png
centerX: 0.23346774193548386
centerY: 0.46793958392704477
width: 0.03588709677419355
height: 0.029923055001424906
Area: 0.00042862133316173156
CentroidX: 0.2531
CentroidY: 0.4854
