Location: Dedata_7.png_Gaussian-Median.png
Component: component_1755522664213_313.png
centerX: 0.5576612903225806
centerY: 0.8264462809917356
width: 0.046370967741935484
height: 0.030493017953833
Area: 0.0003376111197933425
CentroidX: 0.5846
CentroidY: 0.8442
