Location: Dedata_7.png_Gaussian-Median.png
Component: component_1755522664160_87.png
centerX: 0.38911290322580644
centerY: 0.1974921630094044
width: 0.03185483870967742
height: 0.03277286976346538
Area: 0.00039449250314858565
CentroidX: 0.4065
CentroidY: 0.2169
