Location: Dedata_7.png_Gaussian-Median.png
Component: component_1755522664214_318.png
centerX: 0.42620967741935484
centerY: 0.8335708178968367
width: 0.044758064516129036
height: 0.027643203191792535
Area: 0.00031451383079454675
CentroidX: 0.4532
CentroidY: 0.8486
