Location: Dedata_7.png_Otsu.png
Component: component_1755522663867_190.png
centerX: 0.8685483870967742
centerY: 0.27899686520376177
width: 0.038306451612903226
height: 0.02821316614420063
Area: 0.0003611680563344028
CentroidX: 0.8908
CentroidY: 0.2952
