Location: Dedata_7.png_Otsu.png
Component: component_1755522663735_72.png
centerX: 0.2568548387096774
centerY: 0.10686805357651753
width: 0.03064516129032258
height: 0.029353092049016812
Area: 0.0002061519227056693
CentroidX: 0.2723
CentroidY: 0.1252
