Location: Dedata_7.png_Gaussian-Median.png
Component: component_1755522664152_42.png
centerX: 0.8048387096774193
centerY: 0.10515816471929325
width: 0.03346774193548387
height: 0.02792818466799658
Area: 0.00033680673659437945
CentroidX: 0.8229
CentroidY: 0.1216
