Location: Dedata_7.png_Mean-Closing.png
Component: component_1755522663596_324.png
centerX: 0.3116935483870968
centerY: 0.8831575947563408
width: 0.04596774193548387
height: 0.028498147620404674
Area: 0.00040632842736189887
CentroidX: 0.3382
CentroidY: 0.8988
