Location: Dedata_7.png_Otsu.png
Component: component_1755522663886_244.png
centerX: 0.41854838709677417
centerY: 0.420632658877173
width: 0.04032258064516129
height: 0.03419777714448561
Area: 0.00041873891100304285
CentroidX: 0.4414
CentroidY: 0.4414
