Location: Dedata_7.png_Mean-Closing.png
Component: component_1755522663576_261.png
centerX: 0.02903225806451613
centerY: 0.7039042462239954
width: 0.028225806451612902
height: 0.030493017953833
Area: 0.00043884849097711875
CentroidX: 0.0431
CentroidY: 0.7223
