Location: Dedata_7.png_Mean-Medain.png
Component: component_1755522664006_48.png
centerX: 0.1495967741935484
centerY: 0.10772299800512966
width: 0.0407258064516129
height: 0.036477628954117984
Area: 0.00041552137820719074
CentroidX: 0.1731
CentroidY: 0.1303
