Location: Dedata_7.png_Otsu.png
Component: component_1755522663924_363.png
centerX: 0.3463709677419355
centerY: 0.7392419492732972
width: 0.045564516129032256
height: 0.03505272157309775
Area: 0.0003805881649950818
CentroidX: 0.3712
CentroidY: 0.7578
