Location: Dedata_7.png_Gaussian-Median.png
Component: component_1755522664201_260.png
centerX: 0.5125
centerY: 0.6865203761755486
width: 0.0407258064516129
height: 0.030493017953833
Area: 0.0004799869460097997
CentroidX: 0.5354
CentroidY: 0.7038
