Location: Dedata_7.png_Mean-Medain.png
Component: component_1755522664010_59.png
centerX: 0.6790322580645162
centerY: 0.14591051581647194
width: 0.04233870967741935
height: 0.028498147620404674
Area: 0.00044218093565853706
CentroidX: 0.7048
CentroidY: 0.1607
