Location: Dedata_7.png_Mean-Medain.png
Component: component_1755522664061_276.png
centerX: 0.46411290322580645
centerY: 0.7358221715588487
width: 0.04596774193548387
height: 0.03134796238244514
Area: 0.0004182792634607783
CentroidX: 0.4920
CentroidY: 0.7528
