Location: Dedata_7.png_Otsu.png
Component: component_1755522663943_421.png
centerX: 0.592741935483871
centerY: 0.8828726132801368
width: 0.044758064516129036
height: 0.027358221715588486
Area: 0.0003494470440066557
CentroidX: 0.6204
CentroidY: 0.8981
