Location: Dedata_7.png_Gaussian-Median.png
Component: component_1755522664199_250.png
centerX: 0.3721774193548387
centerY: 0.6486178398404103
width: 0.03588709677419355
height: 0.02821316614420063
Area: 0.00039908897857123156
CentroidX: 0.3924
CentroidY: 0.6640
