Location: Dedata_7.png_Otsu.png
Component: component_1755522663905_301.png
centerX: 0.7266129032258064
centerY: 0.5950413223140496
width: 0.03024193548387097
height: 0.03362781419207751
Area: 0.0003518601936035448
CentroidX: 0.7436
CentroidY: 0.6156
