Location: Dedata_7.png_Mean-Closing.png
Component: component_1755522663595_321.png
centerX: 0.7189516129032258
centerY: 0.878312909660872
width: 0.04838709677419355
height: 0.02536335138216016
Area: 0.0003664540030704456
CentroidX: 0.7471
CentroidY: 0.8924
