Location: Dedata_7.png_Gaussian-Median.png
Component: component_1755522664193_222.png
centerX: 0.7729838709677419
centerY: 0.5941863778854375
width: 0.037096774193548385
height: 0.03134796238244514
Area: 0.0004021915994815176
CentroidX: 0.7940
CentroidY: 0.6127
