Location: Dedata_7.png_Gaussian-Median.png
Component: component_1755522664213_312.png
centerX: 0.807258064516129
centerY: 0.8258763180393275
width: 0.044758064516129036
height: 0.026788258763180393
Area: 0.0003798986936816849
CentroidX: 0.8338
CentroidY: 0.8395
