Location: Dedata_7.png_Gaussian-Median.png
Component: component_1755522664157_72.png
centerX: 0.025806451612903226
centerY: 0.15645483043602165
width: 0.029838709677419355
height: 0.03362781419207751
Area: 0.00031347962382445143
CentroidX: 0.0412
CentroidY: 0.1772
