Location: Dedata_7.png_Otsu.png
Component: component_1755522663919_347.png
centerX: 0.2600806451612903
centerY: 0.694784838985466
width: 0.04233870967741935
height: 0.03220290681105728
Area: 0.0004124187572969047
CentroidX: 0.2846
CentroidY: 0.7133
