Location: Dedata_7.png_Mean-Closing.png
Component: component_1755522663575_259.png
centerX: 0.20362903225806453
centerY: 0.6979196352237105
width: 0.03225806451612903
height: 0.02963807352522086
Area: 0.00039736530028773934
CentroidX: 0.2220
CentroidY: 0.7132
