Location: Dedata_7.png_Mean-Closing.png
Component: component_1755522663562_247.png
centerX: 0.9
centerY: 0.6802507836990596
width: 0.032661290322580645
height: 0.028498147620404674
Area: 0.000379209222368288
CentroidX: 0.9176
CentroidY: 0.6976
