Location: Dedata_7.png_Otsu.png
Component: component_1755522663841_125.png
centerX: 0.6266129032258064
centerY: 0.14961527500712454
width: 0.03185483870967742
height: 0.029923055001424906
Area: 0.0003576057878818522
CentroidX: 0.6438
CentroidY: 0.1666
