Location: Dedata_7.png_Otsu.png
Component: component_1755522663884_236.png
centerX: 0.8814516129032258
centerY: 0.40752351097178685
width: 0.03951612903225806
height: 0.02963807352522086
Area: 0.00042436959339578413
CentroidX: 0.9053
CentroidY: 0.4220
