Location: Dedata_7.png_Gaussian-Median.png
Component: component_1755522664190_206.png
centerX: 0.7903225806451613
centerY: 0.549159304645198
width: 0.03588709677419355
height: 0.029068110572812767
Area: 0.00044965020822033665
CentroidX: 0.8102
CentroidY: 0.5660
