Location: Dedata_7.png_Mean-Closing.png
Component: component_1755522663523_98.png
centerX: 0.19919354838709677
centerY: 0.24422912510686806
width: 0.049193548387096775
height: 0.032487888287261325
Area: 0.0004917079583375468
CentroidX: 0.2288
CentroidY: 0.2628
