Location: Dedata_7.png_Mean-Medain.png
Component: component_1755522664051_239.png
centerX: 0.42701612903225805
centerY: 0.6434881732687375
width: 0.02903225806451613
height: 0.030493017953833
Area: 0.0004274722143060701
CentroidX: 0.4421
CentroidY: 0.6610
