Location: Dedata_7.png_Mean-Closing.png
Component: component_1755522663590_306.png
centerX: 0.42620967741935484
centerY: 0.8338557993730408
width: 0.04516129032258064
height: 0.027643203191792535
Area: 0.0003551926382849631
CentroidX: 0.4537
CentroidY: 0.8489
