Location: Dedata_7.png_Mean-Medain.png
Component: component_1755522664048_222.png
centerX: 0.5415322580645161
centerY: 0.5993160444571103
width: 0.041935483870967745
height: 0.028783129096608722
Area: 0.000519861370301253
CentroidX: 0.5657
CentroidY: 0.6148
