Location: Dedata_7.png_Mean-Medain.png
Component: component_1755522664062_279.png
centerX: 0.307258064516129
centerY: 0.7403818751781134
width: 0.025806451612903226
height: 0.03334283271587347
Area: 0.0004028810707949145
CentroidX: 0.3203
CentroidY: 0.7586
