Location: Dedata_7.png_Otsu.png
Component: component_1755522663933_391.png
centerX: 0.625
centerY: 0.8244514106583072
width: 0.039919354838709675
height: 0.03163294385864919
Area: 0.0002520017650465623
CentroidX: 0.6484
CentroidY: 0.8440
