Location: Dedata_7.png_Mean-Closing.png
Component: component_1755522663585_297.png
centerX: 0.8713709677419355
centerY: 0.823026503277287
width: 0.04112903225806452
height: 0.029353092049016812
Area: 0.0004060986035907666
CentroidX: 0.8962
CentroidY: 0.8395
