Location: Dedata_7.png_Mean-Closing.png
Component: component_1755522663553_202.png
centerX: 0.5338709677419354
centerY: 0.5520091194072385
width: 0.03346774193548387
height: 0.0353377030493018
Area: 0.0004838939501190487
CentroidX: 0.5521
CentroidY: 0.5732
