Location: Dedata_7.png_Mean-Closing.png
Component: component_1755522663552_198.png
centerX: 0.7354838709677419
centerY: 0.5494442861214021
width: 0.0375
height: 0.031062980906241093
Area: 0.00044505373279769074
CentroidX: 0.7562
CentroidY: 0.5679
