Location: Dedata_7.png_Gaussian-Median.png
Component: component_1755522664199_248.png
centerX: 0.19233870967741937
centerY: 0.6477628954117982
width: 0.05
height: 0.036477628954117984
Area: 0.0004704492595078094
CentroidX: 0.2199
CentroidY: 0.6695
