Location: Dedata_7.png_Otsu.png
Component: component_1755522663692_27.png
centerX: 0.9100806451612903
centerY: 0.05842120262182958
width: 0.032661290322580645
height: 0.02792818466799658
Area: 0.00023556936541060315
CentroidX: 0.9283
CentroidY: 0.0743
