Location: Dedata_7.png_Mean-Medain.png
Component: component_1755522664075_330.png
centerX: 0.3790322580645161
centerY: 0.8840125391849529
width: 0.043548387096774194
height: 0.029923055001424906
Area: 0.00046435892957280355
CentroidX: 0.4051
CentroidY: 0.9013
