Location: Dedata_7.png_Gaussian-Median.png
Component: component_1755522664142_20.png
centerX: 0.5987903225806451
centerY: 0.058991165574237676
width: 0.03024193548387097
height: 0.036477628954117984
Area: 0.0003787495748260234
CentroidX: 0.6157
CentroidY: 0.0808
