Location: Dedata_7.png_Mean-Closing.png
Component: component_1755522663527_118.png
centerX: 0.07540322580645162
centerY: 0.29609575377600456
width: 0.05282258064516129
height: 0.028783129096608722
Area: 0.0004917079583375468
CentroidX: 0.1080
CentroidY: 0.3105
