Location: Dedata_7.png_Otsu.png
Component: component_1755522663932_383.png
centerX: 0.19435483870967743
centerY: 0.7922485038472499
width: 0.037096774193548385
height: 0.0262182958107723
Area: 0.00028004026512470237
CentroidX: 0.2165
CentroidY: 0.8070
