Location: Dedata_7.png_Mean-Medain.png
Component: component_1755522664024_119.png
centerX: 0.021370967741935483
centerY: 0.2955257908235965
width: 0.03669354838709677
height: 0.02792818466799658
Area: 0.00043091957087305454
CentroidX: 0.0413
CentroidY: 0.3117
