Location: Dedata_7.png_Gaussian-Median.png
Component: component_1755522664184_179.png
centerX: 0.23346774193548386
centerY: 0.46793958392704477
width: 0.035483870967741936
height: 0.02963807352522086
Area: 0.00039587144577537945
CentroidX: 0.2529
CentroidY: 0.4852
