Location: Dedata_7.png_Gaussian-Median.png
Component: component_1755522664191_210.png
centerX: 0.5334677419354839
centerY: 0.5517241379310345
width: 0.03387096774193549
height: 0.03562268452550584
Area: 0.00045999227792128993
CentroidX: 0.5518
CentroidY: 0.5729
