Location: Dedata_7.png_Mean-Medain.png
Component: component_1755522664054_256.png
centerX: 0.4596774193548387
centerY: 0.6870903391279567
width: 0.03467741935483871
height: 0.032487888287261325
Area: 0.00046665716728412653
CentroidX: 0.4787
CentroidY: 0.7067
