Location: Dedata_7.png_Gaussian-Median.png
Component: component_1755522664194_227.png
centerX: 0.5415322580645161
centerY: 0.5993160444571103
width: 0.04153225806451613
height: 0.028783129096608722
Area: 0.0004783781796118736
CentroidX: 0.5655
CentroidY: 0.6146
