Location: Dedata_7.png_Gaussian-Median.png
Component: component_1755522664195_228.png
centerX: 0.39798387096774196
centerY: 0.6004559703619264
width: 0.05120967741935484
height: 0.02821316614420063
Area: 0.0004858474521736732
CentroidX: 0.4286
CentroidY: 0.6160
