Location: Dedata_7.png_Gaussian-Median.png
Component: component_1755522664216_327.png
centerX: 0.03185483870967742
centerY: 0.84155029923055
width: 0.04112903225806452
height: 0.03305785123966942
Area: 0.0003776004559703619
CentroidX: 0.0546
CentroidY: 0.8620
