Location: Dedata_7.png_Otsu.png
Component: component_1755522663697_33.png
centerX: 0.7008064516129032
centerY: 0.060701054431461954
width: 0.03387096774193549
height: 0.030777999430037048
Area: 0.0002565982404692082
CentroidX: 0.7191
CentroidY: 0.0790
