Location: Dedata_7.png_Mean-Closing.png
Component: component_1755522663515_56.png
centerX: 0.6794354838709677
centerY: 0.14591051581647194
width: 0.041935483870967745
height: 0.028498147620404674
Area: 0.0004422958475441032
CentroidX: 0.7048
CentroidY: 0.1607
