Location: Dedata_7.png_Mean-Closing.png
Component: component_1755522663550_192.png
centerX: 0.5383064516129032
centerY: 0.5143915645483044
width: 0.041935483870967745
height: 0.028498147620404674
Area: 0.000453787036100718
CentroidX: 0.5627
CentroidY: 0.5302
