Location: Dedata_7.png_Mean-Medain.png
Component: component_1755522664000_15.png
centerX: 0.27903225806451615
centerY: 0.010829296095753777
width: 0.04435483870967742
height: 0.03419777714448561
Area: 0.00044275549508636776
CentroidX: 0.3035
CentroidY: 0.0308
