Location: Dedata_7.png_Otsu.png
Component: component_1755522663868_196.png
centerX: 0.3346774193548387
centerY: 0.29153605015673983
width: 0.05725806451612903
height: 0.028783129096608722
Area: 0.00041023543147114793
CentroidX: 0.3696
CentroidY: 0.3067
