Location: Dedata_7.png_Mean-Closing.png
Component: component_1755522663505_14.png
centerX: 0.6064516129032258
centerY: 0.011399259048161869
width: 0.04435483870967742
height: 0.038472499287546306
Area: 0.00045183353404609344
CentroidX: 0.6334
CentroidY: 0.0326
