Location: Dedata_7.png_Otsu.png
Component: component_1755522663920_348.png
centerX: 0.20403225806451614
centerY: 0.6982046166999145
width: 0.031451612903225803
height: 0.028783129096608722
Area: 0.00034404618538504676
CentroidX: 0.2221
CentroidY: 0.7132
