Location: Dedata_7.png_Otsu.png
Component: component_1755522663857_170.png
centerX: 0.09717741935483871
centerY: 0.2049016813907096
width: 0.04395161290322581
height: 0.028783129096608722
Area: 0.0004373546364647588
CentroidX: 0.1241
CentroidY: 0.2200
