Location: Dedata_7.png_Mean-Medain.png
Component: component_1755522664027_133.png
centerX: 0.2915322580645161
centerY: 0.3385579937304075
width: 0.04879032258064516
height: 0.026788258763180393
Area: 0.00050354388255086
CentroidX: 0.3213
CentroidY: 0.3517
