Location: Dedata_7.png_Gaussian-Median.png
Component: component_1755522664174_137.png
centerX: 0.2915322580645161
centerY: 0.3385579937304075
width: 0.04838709677419355
height: 0.026788258763180393
Area: 0.00047102381893564016
CentroidX: 0.3209
CentroidY: 0.3517
