Location: Dedata_7.png_Mean-Medain.png
Component: component_1755522664070_306.png
centerX: 0.5580645161290323
centerY: 0.8267312624679396
width: 0.046370967741935484
height: 0.030777999430037048
Area: 0.0004034556302227452
CentroidX: 0.5847
CentroidY: 0.8443
