Location: Dedata_7.png_Gaussian-Median.png
Component: component_1755522664199_249.png
centerX: 0.2532258064516129
centerY: 0.6480478768880022
width: 0.039919354838709675
height: 0.03305785123966942
Area: 0.00047033434762224326
CentroidX: 0.2759
CentroidY: 0.6673
