Location: Dedata_7.png_Otsu.png
Component: component_1755522663895_272.png
centerX: 0.5955645161290323
centerY: 0.5112567683100598
width: 0.05524193548387097
height: 0.026788258763180393
Area: 0.000492627253422076
CentroidX: 0.6292
CentroidY: 0.5250
