Location: Dedata_7.png_Otsu.png
Component: component_1755522663930_376.png
centerX: 0.5483870967741935
centerY: 0.7819891707039043
width: 0.04395161290322581
height: 0.029353092049016812
Area: 0.0003261199312367277
CentroidX: 0.5745
CentroidY: 0.7978
