Location: Dedata_7.png_Mean-Medain.png
Component: component_1755522664045_210.png
centerX: 0.22056451612903225
centerY: 0.554573952693075
width: 0.046370967741935484
height: 0.03562268452550584
Area: 0.00043907831474825104
CentroidX: 0.2469
CentroidY: 0.5747
