Location: Dedata_7.png_Otsu.png
Component: component_1755522663900_283.png
centerX: 0.7358870967741935
centerY: 0.5497292675976062
width: 0.03669354838709677
height: 0.030493017953833
Area: 0.00039276882486509343
CentroidX: 0.7562
CentroidY: 0.5681
