Location: Dedata_7.png_Mean-Medain.png
Component: component_1755522664065_291.png
centerX: 0.5479838709677419
centerY: 0.7817041892277002
width: 0.044758064516129036
height: 0.030208036477628954
Area: 0.000463899282030539
CentroidX: 0.5746
CentroidY: 0.7985
