Location: Dedata_7.png_Gaussian-Median.png
Component: component_1755522664208_288.png
centerX: 0.07943548387096774
centerY: 0.750071245369051
width: 0.04314516129032258
height: 0.031062980906241093
Area: 0.0004396528741760818
CentroidX: 0.1036
CentroidY: 0.7663
