Location: Dedata_7.png_Mean-Medain.png
Component: component_1755522664030_152.png
centerX: 0.025
centerY: 0.38643488173268736
width: 0.036290322580645164
height: 0.02821316614420063
Area: 0.0004123038454113386
CentroidX: 0.0449
CentroidY: 0.4029
