Location: Dedata_7.png_Mean-Medain.png
Component: component_1755522664025_125.png
centerX: 0.7616935483870968
centerY: 0.3265887717298376
width: 0.05403225806451613
height: 0.022513536620119692
Area: 0.00047849309149743975
CentroidX: 0.7936
CentroidY: 0.3375
