Location: Dedata_7.png_Mean-Medain.png
Component: component_1755522664035_170.png
centerX: 0.8004032258064516
centerY: 0.45939013964092335
width: 0.03951612903225806
height: 0.03277286976346538
Area: 0.0004933167247354729
CentroidX: 0.8235
CentroidY: 0.4773
