Location: Dedata_7.png_Mean-Medain.png
Component: component_1755522664074_325.png
centerX: 0.6528225806451613
centerY: 0.878027928184668
width: 0.0467741935483871
height: 0.03676261043032203
Area: 0.00042517397659474717
CentroidX: 0.6799
CentroidY: 0.9006
