Location: Dedata_7.png_Mean-Medain.png
Component: component_1755522664013_75.png
centerX: 0.9326612903225806
centerY: 0.18951268167569107
width: 0.0467741935483871
height: 0.03277286976346538
Area: 0.0004786080033830059
CentroidX: 0.9603
CentroidY: 0.2078
