Location: Dedata_7.png_Gaussian-Median.png
Component: component_1755522664198_243.png
centerX: 0.5858870967741936
centerY: 0.6426332288401254
width: 0.0467741935483871
height: 0.02821316614420063
Area: 0.0004474668823945798
CentroidX: 0.6141
CentroidY: 0.6580
