Location: Dedata_7.png_Otsu.png
Component: component_1755522663780_75.png
centerX: 0.15
centerY: 0.10800797948133371
width: 0.039112903225806454
height: 0.03562268452550584
Area: 0.00028590077128857593
CentroidX: 0.1722
CentroidY: 0.1296
