Location: Dedata_7.png_Mean-Closing.png
Component: component_1755522663578_271.png
centerX: 0.46411290322580645
centerY: 0.7358221715588487
width: 0.04596774193548387
height: 0.03134796238244514
Area: 0.0004183941753463444
CentroidX: 0.4920
CentroidY: 0.7528
