Location: Dedata_7.png_Mean-Medain.png
Component: component_1755522664003_29.png
centerX: 0.8544354838709678
centerY: 0.060986035907666
width: 0.03467741935483871
height: 0.028783129096608722
Area: 0.00038150746007961097
CentroidX: 0.8741
CentroidY: 0.0776
