Location: Dedata_7.png_Mean-Medain.png
Component: component_1755522664061_277.png
centerX: 0.4060483870967742
centerY: 0.737532060416073
width: 0.04435483870967742
height: 0.033912795668281565
Area: 0.0004042600134217082
CentroidX: 0.4328
CentroidY: 0.7571
