Location: Dedata_7.png_Mean-Closing.png
Component: component_1755522663581_285.png
centerX: 0.6701612903225806
centerY: 0.781134226275292
width: 0.0375
height: 0.031917925334853235
Area: 0.00046401419391610513
CentroidX: 0.6923
CentroidY: 0.7988
