Location: Dedata_7.png_Mean-Closing.png
Component: component_1755522663513_47.png
centerX: 0.0939516129032258
centerY: 0.10914790538614991
width: 0.04112903225806452
height: 0.03505272157309775
Area: 0.00038541446418886
CentroidX: 0.1175
CentroidY: 0.1301
