Location: Dedata_7.png_Otsu.png
Component: component_1755522663838_120.png
centerX: 0.8137096774193548
centerY: 0.1444856084354517
width: 0.03951612903225806
height: 0.027643203191792535
Area: 0.00038150746007961097
CentroidX: 0.8376
CentroidY: 0.1592
