Location: Dedata_7.png_Otsu.png
Component: component_1755522663918_340.png
centerX: 0.4596774193548387
centerY: 0.6873753206041607
width: 0.034274193548387094
height: 0.031917925334853235
Area: 0.0003858741117311246
CentroidX: 0.4787
CentroidY: 0.7064
