Location: Dedata_7.png_Mean-Medain.png
Component: component_1755522664075_333.png
centerX: 0.17419354838709677
centerY: 0.8911370760900541
width: 0.036290322580645164
height: 0.03419777714448561
Area: 0.0003720846854631868
CentroidX: 0.1952
CentroidY: 0.9112
