Location: Dedata_7.png_Gaussian-Median.png
Component: component_1755522664174_138.png
centerX: 0.16491935483870968
centerY: 0.34055286406383584
width: 0.043548387096774194
height: 0.030493017953833
Area: 0.000418853822888609
CentroidX: 0.1899
CentroidY: 0.3582
