Location: Dedata_7.png_Otsu.png
Component: component_1755522663905_298.png
centerX: 0.8895161290322581
centerY: 0.591621544599601
width: 0.03951612903225806
height: 0.02821316614420063
Area: 0.00036794785758280553
CentroidX: 0.9117
CentroidY: 0.6080
