Location: Dedata_7.png_Otsu.png
Component: component_1755522663909_313.png
centerX: 0.9399193548387097
centerY: 0.6357936734112283
width: 0.0375
height: 0.024223425477343973
Area: 0.0003176164517048327
CentroidX: 0.9601
CentroidY: 0.6493
