Location: Dedata_7.png_Gaussian-Median.png
Component: component_1755522664185_182.png
centerX: 0.16733870967741934
centerY: 0.4699344542604731
width: 0.03669354838709677
height: 0.02821316614420063
Area: 0.0003873679662434845
CentroidX: 0.1875
CentroidY: 0.4868
