Location: Dedata_7.png_Gaussian-Median.png
Component: component_1755522664154_54.png
centerX: 0.025403225806451612
centerY: 0.109717868338558
width: 0.04596774193548387
height: 0.03362781419207751
Area: 0.00036082332067770436
CentroidX: 0.0523
CentroidY: 0.1282
