Location: Dedata_7.png_Mean-Closing.png
Component: component_1755522663530_134.png
centerX: 0.7806451612903226
centerY: 0.36192647477913936
width: 0.04717741935483871
height: 0.0262182958107723
Area: 0.0004711387308212063
CentroidX: 0.8080
CentroidY: 0.3763
