Location: Dedata_7.png_Mean-Medain.png
Component: component_1755522664064_287.png
centerX: 0.7834677419354839
centerY: 0.7791393559418638
width: 0.03870967741935484
height: 0.029353092049016812
Area: 0.00045562562626977636
CentroidX: 0.8074
CentroidY: 0.7931
