Location: Dedata_7.png_Mean-Closing.png
Component: component_1755522663583_292.png
centerX: 0.3681451612903226
centerY: 0.7899686520376176
width: 0.04112903225806452
height: 0.02821316614420063
Area: 0.0004005828330835915
CentroidX: 0.3924
CentroidY: 0.8051
