Location: Dedata_7.png_Gaussian-Median.png
Component: component_1755522664155_60.png
centerX: 0.867741935483871
centerY: 0.1444856084354517
width: 0.036290322580645164
height: 0.028783129096608722
Area: 0.00039058549903933664
CentroidX: 0.8899
CentroidY: 0.1595
