Location: Dedata_7.png_Mean-Medain.png
Component: component_1755522664005_43.png
centerX: 0.6875
centerY: 0.10544314619549729
width: 0.03185483870967742
height: 0.030208036477628954
Area: 0.0003664540030704456
CentroidX: 0.7034
CentroidY: 0.1245
