Location: Dedata_7.png_Otsu.png
Component: component_1755522663934_393.png
centerX: 0.8080645161290323
centerY: 0.8264462809917356
width: 0.043548387096774194
height: 0.024508406953548018
Area: 0.000238557074435323
CentroidX: 0.8366
CentroidY: 0.8405
