Location: Dedata_7.png_Otsu.png
Component: component_1755522663886_246.png
centerX: 0.21895161290322582
centerY: 0.42291251068680535
width: 0.03508064516129032
height: 0.03505272157309775
Area: 0.00038173728385074325
CentroidX: 0.2383
CentroidY: 0.4437
