Location: Dedata_7.png_Gaussian-Median.png
Component: component_1755522664138_6.png
centerX: 0.03064516129032258
centerY: 0.007979481333713309
width: 0.03669354838709677
height: 0.04189227700199487
Area: 0.0004859623640592394
CentroidX: 0.0505
CentroidY: 0.0322
