Location: Dedata_7.png_Gaussian-Median.png
Component: component_1755522664154_55.png
centerX: 0.5108870967741935
centerY: 0.11028783129096609
width: 0.0467741935483871
height: 0.024793388429752067
Area: 0.0004035705421083113
CentroidX: 0.5365
CentroidY: 0.1238
