Location: Dedata_7.png_Gaussian-Median.png
Component: component_1755522664184_177.png
centerX: 0.6725806451612903
centerY: 0.46565973211741235
width: 0.04879032258064516
height: 0.030777999430037048
Area: 0.0005202061059579515
CentroidX: 0.7008
CentroidY: 0.4831
