Location: Dedata_7.png_Mean-Closing.png
Component: component_1755522663583_291.png
centerX: 0.2540322580645161
centerY: 0.7893986890852095
width: 0.03951612903225806
height: 0.031062980906241093
Area: 0.00041264858106803705
CentroidX: 0.2774
CentroidY: 0.8070
