Location: Dedata_7.png_Mean-Closing.png
Component: component_1755522663544_163.png
centerX: 0.022983870967741935
centerY: 0.42661726987745796
width: 0.04596774193548387
height: 0.02963807352522086
Area: 0.0005022798518096324
CentroidX: 0.0489
CentroidY: 0.4436
