Location: Dedata_7.png_Mean-Closing.png
Component: component_1755522663584_295.png
centerX: 0.031451612903225803
centerY: 0.7956682815616984
width: 0.03467741935483871
height: 0.02963807352522086
Area: 0.0003156629496502082
CentroidX: 0.0503
CentroidY: 0.8140
