Location: Dedata_7.png_Mean-Medain.png
Component: component_1755522664045_208.png
centerX: 0.41330645161290325
centerY: 0.5531490453120547
width: 0.036290322580645164
height: 0.03334283271587347
Area: 0.00044574320411108764
CentroidX: 0.4332
CentroidY: 0.5731
