Location: Dedata_7.png_Otsu.png
Component: component_1755522663891_258.png
centerX: 0.2903225806451613
centerY: 0.46850954687945284
width: 0.04233870967741935
height: 0.030208036477628954
Area: 0.0004324134253854145
CentroidX: 0.3153
CentroidY: 0.4846
