Location: Dedata_7.png_Gaussian-Median.png
Component: component_1755522664215_323.png
centerX: 0.16169354838709676
centerY: 0.8378455400398974
width: 0.04596774193548387
height: 0.03163294385864919
Area: 0.0003908153228104689
CentroidX: 0.1901
CentroidY: 0.8555
