Location: Dedata_7.png_Mean-Medain.png
Component: component_1755522664004_38.png
centerX: 0.9028225806451613
centerY: 0.10287831290966087
width: 0.03870967741935484
height: 0.030777999430037048
Area: 0.00036404085347355647
CentroidX: 0.9233
CentroidY: 0.1217
