Location: Dedata_7.png_Gaussian-Median.png
Component: component_1755522664189_201.png
centerX: 0.08991935483870968
centerY: 0.5158164719293246
width: 0.036290322580645164
height: 0.030208036477628954
Area: 0.00039345829617849033
CentroidX: 0.1111
CentroidY: 0.5329
