Location: Dedata_7.png_Mean-Closing.png
Component: component_1755522663564_253.png
centerX: 0.6233870967741936
centerY: 0.6879452835565688
width: 0.045564516129032256
height: 0.028783129096608722
Area: 0.00046470366522950203
CentroidX: 0.6505
CentroidY: 0.7038
