Location: Dedata_7.png_Mean-Closing.png
Component: component_1755522663594_312.png
centerX: 0.09153225806451613
centerY: 0.8418352807067541
width: 0.05120967741935484
height: 0.028783129096608722
Area: 0.0004755053824727199
CentroidX: 0.1223
CentroidY: 0.8580
