Location: Dedata_7.png_Mean-Medain.png
Component: component_1755522664044_202.png
centerX: 0.790725806451613
centerY: 0.5494442861214021
width: 0.035483870967741936
height: 0.029068110572812767
Area: 0.00047814835584074133
CentroidX: 0.8104
CentroidY: 0.5662
