Location: Dedata_7.png_Mean-Medain.png
Component: component_1755522664019_98.png
centerX: 0.025403225806451612
centerY: 0.24308919920205185
width: 0.038306451612903226
height: 0.034482758620689655
Area: 0.00043861866720598647
CentroidX: 0.0470
CentroidY: 0.2632
