Location: Dedata_7.png_Otsu.png
Component: component_1755522663914_329.png
centerX: 0.08064516129032258
centerY: 0.6511826731262468
width: 0.03870967741935484
height: 0.03676261043032203
Area: 0.0004393081385193833
CentroidX: 0.1010
CentroidY: 0.6710
