Location: Dedata_7.png_Mean-Closing.png
Component: component_1755522663556_219.png
centerX: 0.4653225806451613
centerY: 0.5996010259333143
width: 0.05241935483870968
height: 0.02792818466799658
Area: 0.0005676647146967705
CentroidX: 0.4969
CentroidY: 0.6137
