Location: Dedata_7.png_Mean-Medain.png
Component: component_1755522664054_253.png
centerX: 0.6862903225806452
centerY: 0.6842405243659162
width: 0.03669354838709677
height: 0.03761755485893417
Area: 0.0004235652101968211
CentroidX: 0.7059
CentroidY: 0.7074
