Location: Dedata_7.png_Mean-Closing.png
Component: component_1755522663558_225.png
centerX: 0.09596774193548387
centerY: 0.6078654887432317
width: 0.037096774193548385
height: 0.029068110572812767
Area: 0.000467806286139788
CentroidX: 0.1164
CentroidY: 0.6253
