Location: Dedata_7.png_Mean-Closing.png
Component: component_1755522663511_38.png
centerX: 0.8576612903225806
centerY: 0.10515816471929325
width: 0.03508064516129032
height: 0.02365346252493588
Area: 0.0003599040255931752
CentroidX: 0.8758
CentroidY: 0.1181
