Location: Dedata_7.png_Mean-Medain.png
Component: component_1755522664068_299.png
centerX: 0.1346774193548387
centerY: 0.7933884297520661
width: 0.03790322580645161
height: 0.028783129096608722
Area: 0.00031773136359039886
CentroidX: 0.1572
CentroidY: 0.8103
