Location: Dedata_7.png_Mean-Closing.png
Component: component_1755522663558_228.png
centerX: 0.9395161290322581
centerY: 0.6355086919350242
width: 0.039112903225806454
height: 0.025078369905956112
Area: 0.00041218893352577244
CentroidX: 0.9603
CentroidY: 0.6496
