Location: Dedata_7.png_Otsu.png
Component: component_1755522663713_66.png
centerX: 0.9032258064516129
centerY: 0.10316329438586491
width: 0.03790322580645161
height: 0.029923055001424906
Area: 0.00023499480598277242
CentroidX: 0.9231
CentroidY: 0.1210
