Location: Dedata_7.png_Mean-Medain.png
Component: component_1755522664018_96.png
centerX: 0.6040322580645161
centerY: 0.2408093473924195
width: 0.04798387096774193
height: 0.031062980906241093
Area: 0.0004882606017705623
CentroidX: 0.6317
CentroidY: 0.2589
