Location: Dedata_7.png_Otsu.png
Component: component_1755522663885_242.png
centerX: 0.475
centerY: 0.4197777144485608
width: 0.035483870967741936
height: 0.03134796238244514
Area: 0.0003970205646310409
CentroidX: 0.4973
CentroidY: 0.4366
