Location: Dedata_7.png_Otsu.png
Component: component_1755522663882_233.png
centerX: 0.08629032258064516
centerY: 0.3830151040182388
width: 0.04879032258064516
height: 0.03163294385864919
Area: 0.0004072477224464281
CentroidX: 0.1141
CentroidY: 0.4017
