Location: Dedata_7.png_Mean-Medain.png
Component: component_1755522664045_207.png
centerX: 0.3524193548387097
centerY: 0.5531490453120547
width: 0.04153225806451613
height: 0.033912795668281565
Area: 0.0004426405832008016
CentroidX: 0.3765
CentroidY: 0.5734
