Location: Dedata_7.png_Mean-Medain.png
Component: component_1755522663998_6.png
centerX: 0.7375
centerY: 0.007409518381305215
width: 0.04435483870967742
height: 0.03733257338273012
Area: 0.0004815957124077258
CentroidX: 0.7628
CentroidY: 0.0301
