Location: Dedata_7.png_Otsu.png
Component: component_1755522663915_331.png
centerX: 0.03024193548387097
centerY: 0.6520376175548589
width: 0.034274193548387094
height: 0.032487888287261325
Area: 0.0003641557653591226
CentroidX: 0.0497
CentroidY: 0.6714
