Location: Dedata_7.png_Otsu.png
Component: component_1755522663881_231.png
centerX: 0.21774193548387097
centerY: 0.38073525220860643
width: 0.04516129032258064
height: 0.028783129096608722
Area: 0.00042034767740096893
CentroidX: 0.2436
CentroidY: 0.3977
