Location: Dedata_7.png_Gaussian-Median.png
Component: component_1755522664162_92.png
centerX: 0.02379032258064516
centerY: 0.20575662581932175
width: 0.05040322580645161
height: 0.023938444001139925
Area: 0.0004915930464519806
CentroidX: 0.0543
CentroidY: 0.2169
