Location: Dedata_7.png_Mean-Closing.png
Component: component_1755522663520_82.png
centerX: 0.2762096774193548
centerY: 0.19806212596181247
width: 0.036290322580645164
height: 0.03733257338273012
Area: 0.00046412910580167127
CentroidX: 0.2964
CentroidY: 0.2207
