Location: Dedata_7.png_Gaussian-Median.png
Component: component_1755522664161_88.png
centerX: 0.2762096774193548
centerY: 0.19806212596181247
width: 0.03588709677419355
height: 0.03733257338273012
Area: 0.0004370099008080604
CentroidX: 0.2962
CentroidY: 0.2205
