Location: Dedata_7.png_Mean-Medain.png
Component: component_1755522664043_200.png
centerX: 0.8467741935483871
centerY: 0.54858934169279
width: 0.04395161290322581
height: 0.028783129096608722
Area: 0.0005112429788837919
CentroidX: 0.8727
CentroidY: 0.5647
