Location: Dedata_7.png_Mean-Medain.png
Component: component_1755522664038_182.png
centerX: 0.4229838709677419
centerY: 0.4719293245939014
width: 0.04314516129032258
height: 0.030777999430037048
Area: 0.0004728624091046985
CentroidX: 0.4481
CentroidY: 0.4892
