Location: Dedata_7.png_Mean-Closing.png
Component: component_1755522663559_232.png
centerX: 0.7729838709677419
centerY: 0.6414933029353092
width: 0.037096774193548385
height: 0.029353092049016812
Area: 0.0004975684645014203
CentroidX: 0.7936
CentroidY: 0.6577
