Location: Dedata_7.png_Mean-Medain.png
Component: component_1755522664033_163.png
centerX: 0.28024193548387094
centerY: 0.42205756625819324
width: 0.05
height: 0.03362781419207751
Area: 0.0005539902003143989
CentroidX: 0.3094
CentroidY: 0.4413
