Location: Dedata_7.png_Gaussian-Median.png
Component: component_1755522664196_233.png
centerX: 0.09556451612903226
centerY: 0.6075805072670276
width: 0.0375
height: 0.029353092049016812
Area: 0.00043942305040494946
CentroidX: 0.1161
CentroidY: 0.6252
