Location: Dedata_7.png_Gaussian-Median.png
Component: component_1755522664167_106.png
centerX: 0.0842741935483871
centerY: 0.24536905101168424
width: 0.035483870967741936
height: 0.0347677400968937
Area: 0.0003943775912630195
CentroidX: 0.1029
CentroidY: 0.2659
