Location: Dedata_7.png_Otsu.png
Component: component_1755522663734_71.png
centerX: 0.8580645161290322
centerY: 0.10544314619549729
width: 0.034274193548387094
height: 0.022798518096323737
Area: 0.00022304396988389303
CentroidX: 0.8756
CentroidY: 0.1175
