Location: Dedata_7.png_Gaussian-Median.png
Component: component_1755522664139_11.png
centerX: 0.3439516129032258
centerY: 0.00883442576232545
width: 0.044758064516129036
height: 0.039897406668566546
Area: 0.00043792919589258957
CentroidX: 0.3680
CentroidY: 0.0316
