Location: Dedata_7.png_Gaussian-Median.png
Component: component_1755522664146_30.png
centerX: 0.21330645161290324
centerY: 0.062125961812482186
width: 0.037096774193548385
height: 0.03163294385864919
Area: 0.000353583871887037
CentroidX: 0.2329
CentroidY: 0.0809
