Location: Dedata_7.png_Mean-Medain.png
Component: component_1755522664007_53.png
centerX: 0.4532258064516129
centerY: 0.10943288686235395
width: 0.04112903225806452
height: 0.03134796238244514
Area: 0.0003832311383631032
CentroidX: 0.4755
CentroidY: 0.1279
