Location: Dedata_7.png_Otsu.png
Component: component_1755522663852_160.png
centerX: 0.7233870967741935
centerY: 0.1915075520091194
width: 0.04395161290322581
height: 0.025648332858364205
Area: 0.0003782899272837588
CentroidX: 0.7498
CentroidY: 0.2055
