Location: Dedata_7.png_Gaussian-Median.png
Component: component_1755522664173_133.png
centerX: 0.5020161290322581
centerY: 0.33257338273012255
width: 0.046370967741935484
height: 0.02792818466799658
Area: 0.0004360906057235312
CentroidX: 0.5296
CentroidY: 0.3471
