Location: Dedata_7.png_Mean-Closing.png
Component: component_1755522663516_62.png
centerX: 0.3616935483870968
centerY: 0.1541749786263893
width: 0.04758064516129032
height: 0.026503277286976348
Area: 0.0003484128370365604
CentroidX: 0.3890
CentroidY: 0.1691
