Location: Dedata_7.png_Otsu.png
Component: component_1755522663887_248.png
centerX: 0.022983870967741935
centerY: 0.426902251353662
width: 0.045564516129032256
height: 0.029068110572812767
Area: 0.00044344496639976466
CentroidX: 0.0490
CentroidY: 0.4437
