Location: Dedata_7.png_Otsu.png
Component: component_1755522663828_82.png
centerX: 0.5112903225806451
centerY: 0.11057281276717014
width: 0.04596774193548387
height: 0.0219435736677116
Area: 0.00017213800457808952
CentroidX: 0.5393
CentroidY: 0.1222
