Location: Dedata_7.png_Otsu.png
Component: component_1755522663922_355.png
centerX: 0.8258064516129032
centerY: 0.7281276717013394
width: 0.038306451612903226
height: 0.02707324023938444
Area: 0.00026659557451346307
CentroidX: 0.8501
CentroidY: 0.7441
