Location: Dedata_7.png_Gaussian-Median.png
Component: component_1755522664154_52.png
centerX: 0.39838709677419354
centerY: 0.10886292390994586
width: 0.03870967741935484
height: 0.029923055001424906
Area: 0.000345769863668539
CentroidX: 0.4198
CentroidY: 0.1273
