Location: Dedata_7.png_Otsu.png
Component: component_1755522663870_201.png
centerX: 0.20483870967741935
centerY: 0.2955257908235965
width: 0.03951612903225806
height: 0.029923055001424906
Area: 0.00037484257071677436
CentroidX: 0.2272
CentroidY: 0.3130
