Location: Dedata_7.png_Otsu.png
Component: component_1755522663915_335.png
centerX: 0.9516129032258065
centerY: 0.6793958392704474
width: 0.031048387096774193
height: 0.02707324023938444
Area: 0.0003061252631482179
CentroidX: 0.9685
CentroidY: 0.6943
