Location: Dedata_7.png_Mean-Medain.png
Component: component_1755522664066_295.png
centerX: 0.3084677419354839
centerY: 0.7885437446565973
width: 0.04233870967741935
height: 0.031917925334853235
Area: 0.0004029959826804806
CentroidX: 0.3345
CentroidY: 0.8065
