Location: Dedata_7.png_Gaussian-Median.png
Component: component_1755522664200_252.png
centerX: 0.08024193548387097
centerY: 0.6508976916500427
width: 0.03951612903225806
height: 0.03733257338273012
Area: 0.0005061868559188814
CentroidX: 0.1010
CentroidY: 0.6713
