Location: Document_2025-04-19_205218-1.png_Otsu.png
Component: component_1745102209944_89.png
centerX: 0.9534746760895171
centerY: 0.10226786478391099
width: 0.030035335689045935
height: 0.025246041934103552
Area: 0.00028224198924154016
CentroidX: 0.9659
CentroidY: 0.1153
