Location: Document_2025-04-19_205243-1.png_Mean-Closing.png
Component: component_1745102209835_226.png
centerX: 0.1967020023557126
centerY: 0.3645699614890886
width: 0.02944640753828033
height: 0.026957637997432605
Area: 0.00033239034268713524
CentroidX: 0.2095
CentroidY: 0.3784
