Location: Document_2025-04-19_205243-1.png_Mean-Medain.png
Component: component_1745102210135_419.png
centerX: 0.12367491166077739
centerY: 0.5656824989302525
width: 0.03297997644287397
height: 0.025673940949935817
Area: 0.0003666625842378937
CentroidX: 0.1374
CentroidY: 0.5787
