Location: Document_2025-04-19_205243-1.png_Mean-Medain.png
Component: component_1745102210136_429.png
centerX: 0.5518256772673734
centerY: 0.5917843388960206
width: 0.034746760895170786
height: 0.026529738981600343
Area: 0.0003747266410733663
CentroidX: 0.5672
CentroidY: 0.6051
