Location: Document_2025-04-19_205243-1.png_Mean-Medain.png
Component: component_1745102210145_488.png
centerX: 0.12661955241460543
centerY: 0.6807873341891314
width: 0.030035335689045935
height: 0.02866923406076166
Area: 0.00038984674763987737
CentroidX: 0.1401
CentroidY: 0.6959
