Location: Document_2025-04-19_205243-1.png_Mean-Closing.png
Component: component_1745102209808_77.png
centerX: 0.3386336866902238
centerY: 0.12323491655969192
width: 0.028857479387514724
height: 0.026957637997432605
Area: 0.0003180262414489497
CentroidX: 0.3520
CentroidY: 0.1369
