Location: Document_2025-04-19_205218-1.png_Gaussian-Closing.png
Component: component_1745102210201_39.png
centerX: 0.45111896348645464
centerY: 0.04878048780487805
width: 0.037102473498233215
height: 0.02610183996576808
Area: 0.000384806712117707
CentroidX: 0.4679
CentroidY: 0.0621
