Location: Document_2025-04-19_205243-1.png_Mean-Closing.png
Component: component_1745102209853_301.png
centerX: 0.8186101295641932
centerY: 0.5100556268720582
width: 0.03180212014134275
height: 0.024818142918271287
Area: 0.00035204648122359966
CentroidX: 0.8333
CentroidY: 0.5228
