Location: Document_2025-04-19_205218-1.png_Gaussian-Closing.png
Component: component_1745102210217_122.png
centerX: 0.8916372202591284
centerY: 0.1703038083012409
width: 0.028268551236749116
height: 0.022250748823277707
Area: 0.0002971100940319427
CentroidX: 0.9037
CentroidY: 0.1817
