Location: Document_2025-04-19_205218-1.png_Otsu.png
Component: component_1745102210005_768.png
centerX: 0.6566548881036514
centerY: 0.5823705605477107
width: 0.03121319199057715
height: 0.026957637997432605
Area: 0.0003132382077028879
CentroidX: 0.6694
CentroidY: 0.5959
