Location: Document_2025-04-19_205243-1.png_Mean-Closing.png
Component: component_1745102209891_463.png
centerX: 0.032391048292108364
centerY: 0.8130081300813008
width: 0.02944640753828033
height: 0.026529738981600343
Area: 0.00034373042261201856
CentroidX: 0.0453
CentroidY: 0.8263
