Location: Document_2025-04-19_205218-1.png_Gaussian-Closing.png
Component: component_1745102210240_242.png
centerX: 0.31448763250883394
centerY: 0.3842533162173727
width: 0.030035335689045935
height: 0.02267864783910997
Area: 0.0002940860727186405
CentroidX: 0.3281
CentroidY: 0.3961
