Location: Document_2025-04-19_205243-1.png_Mean-Medain.png
Component: component_1745102210165_592.png
centerX: 0.2479387514723204
centerY: 0.8874625588361147
width: 0.03297997644287397
height: 0.03123662815575524
Area: 0.00040622686308693106
CentroidX: 0.2618
CentroidY: 0.9032
