Location: Document_2025-04-19_205218-1.png_Otsu.png
Component: component_1745102210016_849.png
centerX: 0.8144876325088339
centerY: 0.6889174154899443
width: 0.028268551236749116
height: 0.024818142918271287
Area: 0.00022755760382599176
CentroidX: 0.8279
CentroidY: 0.7015
