Location: Document_2025-04-19_205218-1.png_Gaussian-Closing.png
Component: component_1745102210256_316.png
centerX: 0.8939929328621908
centerY: 0.5143346170303809
width: 0.026501766784452298
height: 0.0235344458707745
Area: 0.0003318863391349182
CentroidX: 0.9064
CentroidY: 0.5267
