Location: Document_2025-04-19_205243-1.png_Mean-Closing.png
Component: component_1745102209828_182.png
centerX: 0.02767962308598351
centerY: 0.2935387248609328
width: 0.02944640753828033
height: 0.02738553701326487
Area: 0.00031172619704623677
CentroidX: 0.0396
CentroidY: 0.3077
