Location: Document_2025-04-19_205243-1.png_Mean-Medain.png
Component: component_1745102210164_584.png
centerX: 0.6383981154299175
centerY: 0.8750534873769791
width: 0.03828032979976443
height: 0.02610183996576808
Area: 0.00037296262864060665
CentroidX: 0.6552
CentroidY: 0.8882
