Location: Document_2025-04-19_205218-1.png_Gaussian-Closing.png
Component: component_1745102210282_467.png
centerX: 0.696113074204947
centerY: 0.7582370560547711
width: 0.03121319199057715
height: 0.024818142918271287
Area: 0.000252001776108518
CentroidX: 0.7103
CentroidY: 0.7708
