Location: Document_2025-04-19_205218-1.png_Gaussian-Closing.png
Component: component_1745102210294_532.png
centerX: 0.925206124852768
centerY: 0.860504920838682
width: 0.02767962308598351
height: 0.026957637997432605
Area: 0.0003495264634625145
CentroidX: 0.9386
CentroidY: 0.8747
