Location: Document_2025-04-19_205218-1.png_Otsu.png
Component: component_1745102209955_157.png
centerX: 0.892226148409894
centerY: 0.1703038083012409
width: 0.027090694935217905
height: 0.021822849807445442
Area: 0.00024822174946689026
CentroidX: 0.9038
CentroidY: 0.1816
