Location: Document_2025-04-19_205218-1.png_Otsu.png
Component: component_1745102209936_48.png
centerX: 0.9564193168433451
centerY: 0.047068891741549
width: 0.03356890459363958
height: 0.023106546854942234
Area: 0.000329366321373833
CentroidX: 0.9717
CentroidY: 0.0584
