Location: Document_2025-04-19_205218-1.png_Gaussian-Closing.png
Component: component_1745102210266_369.png
centerX: 0.9299175500588928
centerY: 0.5870774497218656
width: 0.03651354534746761
height: 0.025246041934103552
Area: 0.00037850666771499405
CentroidX: 0.9462
CentroidY: 0.6001
