Location: Document_2025-04-19_205218-1.png_Gaussian-Closing.png
Component: component_1745102210198_17.png
centerX: 0.3580683156654888
centerY: 0.014120667522464698
width: 0.03415783274440518
height: 0.025673940949935817
Area: 0.0004420111152943406
CentroidX: 0.3736
CentroidY: 0.0271
