Location: Document_2025-04-19_205218-1.png_Otsu.png
Component: component_1745102209950_124.png
centerX: 0.8987043580683156
centerY: 0.13735558408215662
width: 0.032391048292108364
height: 0.023106546854942234
Area: 0.00026535787024226944
CentroidX: 0.9126
CentroidY: 0.1500
