Location: Document_2025-04-19_205243-1.png_Mean-Closing.png
Component: component_1745102209819_141.png
centerX: 0.9128386336866903
centerY: 0.23491655969191272
width: 0.027090694935217905
height: 0.023106546854942234
Area: 0.0003092061792851516
CentroidX: 0.9247
CentroidY: 0.2459
