Location: Document_2025-04-19_205218-1.png_Gaussian-Closing.png
Component: component_1745102210212_98.png
centerX: 0.8533568904593639
centerY: 0.13735558408215662
width: 0.02944640753828033
height: 0.022250748823277707
Area: 0.00030038611712135345
CentroidX: 0.8668
CentroidY: 0.1485
