Location: Document_2025-04-19_205218-1.png_Otsu.png
Component: component_1745102210034_1094.png
centerX: 0.41578327444051827
centerY: 0.8258451005562687
width: 0.032391048292108364
height: 0.02781343602909713
Area: 0.00027090190931665684
CentroidX: 0.4307
CentroidY: 0.8394
