Location: Document_2025-04-19_205243-1.png_Mean-Closing.png
Component: component_1745102209842_264.png
centerX: 0.4016489988221437
centerY: 0.43517329910141206
width: 0.03297997644287397
height: 0.025673940949935817
Area: 0.00034927446168640596
CentroidX: 0.4165
CentroidY: 0.4489
