Location: Document_2025-04-19_205243-1.png_Mean-Medain.png
Component: component_1745102210089_149.png
centerX: 0.9346289752650176
centerY: 0.12751390671801455
width: 0.03121319199057715
height: 0.02267864783910997
Area: 0.00038833473698322624
CentroidX: 0.9484
CentroidY: 0.1380
