Location: Document_2025-04-19_205218-1.png_Gaussian-Closing.png
Component: component_1745102210239_234.png
centerX: 0.6937573616018846
centerY: 0.37997432605905007
width: 0.030035335689045935
height: 0.02267864783910997
Area: 0.0003049221490913068
CentroidX: 0.7075
CentroidY: 0.3909
