Location: Document_2025-04-19_205218-1.png_Gaussian-Closing.png
Component: component_1745102210253_302.png
centerX: 0.4793875147232038
centerY: 0.48609328198545143
width: 0.03297997644287397
height: 0.024390243902439025
Area: 0.0003596065345068552
CentroidX: 0.4945
CentroidY: 0.4985
