Location: Document_2025-04-19_205218-1.png_Gaussian-Closing.png
Component: component_1745102210213_100.png
centerX: 0.765017667844523
centerY: 0.1399229781771502
width: 0.03121319199057715
height: 0.02396234488660676
Area: 0.0003129862059267794
CentroidX: 0.7787
CentroidY: 0.1524
