Location: Document_2025-04-19_205243-1.png_Mean-Closing.png
Component: component_1745102209854_306.png
centerX: 0.5288574793875147
centerY: 0.5160462130937099
width: 0.03297997644287397
height: 0.02866923406076166
Area: 0.0003832947014610559
CentroidX: 0.5435
CentroidY: 0.5304
