Location: Document_2025-04-19_205243-1.png_Mean-Medain.png
Component: component_1745102210083_108.png
centerX: 0.8433451118963486
centerY: 0.08643560119811725
width: 0.02767962308598351
height: 0.028241335044929396
Area: 0.0003270983053888564
CentroidX: 0.8553
CentroidY: 0.1012
