Location: Document_2025-04-19_205218-1.png_Gaussian-Closing.png
Component: component_1745102210271_406.png
centerX: 0.23380447585394581
centerY: 0.6585365853658537
width: 0.03356890459363958
height: 0.024390243902439025
Area: 0.0003150022201356475
CentroidX: 0.2489
CentroidY: 0.6705
