Location: Document_2025-04-19_205243-1.png_Mean-Closing.png
Component: component_1745102209814_107.png
centerX: 0.38987043580683156
centerY: 0.1608900299529311
width: 0.028268551236749116
height: 0.02610183996576808
Area: 0.0002703979057644398
CentroidX: 0.4022
CentroidY: 0.1736
