Location: Document_2025-04-19_205243-1.png_Mean-Medain.png
Component: component_1745102210124_367.png
centerX: 0.4081272084805654
centerY: 0.4762516046213094
width: 0.03415783274440518
height: 0.02738553701326487
Area: 0.0003386903870898482
CentroidX: 0.4235
CentroidY: 0.4899
