Location: Document_2025-04-19_205243-1.png_Mean-Medain.png
Component: component_1745102210155_540.png
centerX: 0.8857479387514723
centerY: 0.7928968763371844
width: 0.03356890459363958
height: 0.026957637997432605
Area: 0.00036489857180513406
CentroidX: 0.8993
CentroidY: 0.8062
