Location: Document_2025-04-19_205243-1.png_Mean-Medain.png
Component: component_1745102210136_427.png
centerX: 0.8392226148409894
centerY: 0.5887890457851946
width: 0.03121319199057715
height: 0.026529738981600343
Area: 0.0003800186783716452
CentroidX: 0.8535
CentroidY: 0.6014
