Location: Document_2025-04-19_205218-1.png_Otsu.png
Component: component_1745102209953_145.png
centerX: 0.1896348645465253
centerY: 0.15875053487376978
width: 0.030035335689045935
height: 0.02610183996576808
Area: 0.0002756899430627187
CentroidX: 0.2031
CentroidY: 0.1715
