Location: Document_2025-04-19_205243-1.png_Mean-Closing.png
Component: component_1745102209796_14.png
centerX: 0.607773851590106
centerY: 0.021822849807445442
width: 0.028857479387514724
height: 0.024390243902439025
Area: 0.00030719016507628347
CentroidX: 0.6206
CentroidY: 0.0341
