Location: Document_2025-04-19_205243-1.png_Mean-Medain.png
Component: component_1745102210094_177.png
centerX: 0.07302709069493522
centerY: 0.1681643132220796
width: 0.02767962308598351
height: 0.026529738981600343
Area: 0.0002918180567336639
CentroidX: 0.0852
CentroidY: 0.1813
