Location: Document_2025-04-19_205218-1.png_Gaussian-Closing.png
Component: component_1745102210274_426.png
centerX: 0.39870435806831567
centerY: 0.6897732135216089
width: 0.03121319199057715
height: 0.025246041934103552
Area: 0.0003102141863895857
CentroidX: 0.4119
CentroidY: 0.7028
