Location: Document_2025-04-19_205218-1.png_Gaussian-Closing.png
Component: component_1745102210279_449.png
centerX: 0.7750294464075382
centerY: 0.7261446298673513
width: 0.028268551236749116
height: 0.024390243902439025
Area: 0.0002837539998981913
CentroidX: 0.7871
CentroidY: 0.7394
