Location: Document_2025-04-19_205218-1.png_Gaussian-Closing.png
Component: component_1745102210227_170.png
centerX: 0.6419316843345112
centerY: 0.2631578947368421
width: 0.03356890459363958
height: 0.021822849807445442
Area: 0.0003127342041506709
CentroidX: 0.6581
CentroidY: 0.2734
