Location: Document_2025-04-19_205218-1.png_Otsu.png
Component: component_1745102210019_861.png
centerX: 0.22438162544169613
centerY: 0.6910569105691057
width: 0.03121319199057715
height: 0.026529738981600343
Area: 0.00023713367131811546
CentroidX: 0.2369
CentroidY: 0.7048
