Location: Document_2025-04-19_205218-1.png_Gaussian-Closing.png
Component: component_1745102210213_101.png
centerX: 0.8085983510011778
centerY: 0.14035087719298245
width: 0.03121319199057715
height: 0.021822849807445442
Area: 0.0002950940798230746
CentroidX: 0.8226
CentroidY: 0.1511
