Location: Document_2025-04-19_205243-1.png_Mean-Medain.png
Component: component_1745102210161_571.png
centerX: 0.2314487632508834
centerY: 0.8459563543003851
width: 0.03297997644287397
height: 0.02738553701326487
Area: 0.0003762386517300174
CentroidX: 0.2456
CentroidY: 0.8599
