Location: Document_2025-04-19_205243-1.png_Mean-Medain.png
Component: component_1745102210143_474.png
centerX: 0.7226148409893993
centerY: 0.6636713735558408
width: 0.032391048292108364
height: 0.02781343602909713
Area: 0.0003797666765955366
CentroidX: 0.7372
CentroidY: 0.6779
