Location: Document_2025-04-19_205218-1.png_Gaussian-Closing.png
Component: component_1745102210263_356.png
centerX: 0.7043580683156655
centerY: 0.581086863500214
width: 0.030035335689045935
height: 0.026957637997432605
Area: 0.00035885052917852963
CentroidX: 0.7172
CentroidY: 0.5952
