Location: Document_2025-04-19_205218-1.png_Gaussian-Closing.png
Component: component_1745102210205_58.png
centerX: 0.7938751472320377
centerY: 0.07616602481814291
width: 0.03121319199057715
height: 0.0235344458707745
Area: 0.00033062633025437565
CentroidX: 0.8071
CentroidY: 0.0881
