Location: Document_2025-04-19_205243-1.png_Mean-Closing.png
Component: component_1745102209856_321.png
centerX: 0.8368669022379269
centerY: 0.5528455284552846
width: 0.032391048292108364
height: 0.02396234488660676
Area: 0.0003452424332686697
CentroidX: 0.8517
CentroidY: 0.5650
