Location: Document_2025-04-19_205218-1.png_Otsu.png
Component: component_1745102210006_773.png
centerX: 0.4275618374558304
centerY: 0.5845100556268721
width: 0.03297997644287397
height: 0.024818142918271287
Area: 0.00031147419527012825
CentroidX: 0.4418
CentroidY: 0.5964
