Location: Document_2025-04-19_205243-1.png_Mean-Closing.png
Component: component_1745102209879_402.png
centerX: 0.8645465253239105
centerY: 0.6949080017115961
width: 0.03180212014134275
height: 0.03080872913992298
Area: 0.00035431449720857634
CentroidX: 0.8779
CentroidY: 0.7104
