Location: Document_2025-04-19_205218-1.png_Gaussian-Closing.png
Component: component_1745102210302_581.png
centerX: 0.541813898704358
centerY: 0.9328198545143346
width: 0.030035335689045935
height: 0.02781343602909713
Area: 0.00038153068902829627
CentroidX: 0.5556
CentroidY: 0.9470
