Location: Document_2025-04-19_205243-1.png_Mean-Medain.png
Component: component_1745102210074_53.png
centerX: 0.8775029446407538
centerY: 0.018827556696619598
width: 0.03180212014134275
height: 0.024818142918271287
Area: 0.0003339023533437864
CentroidX: 0.8912
CentroidY: 0.0312
