Location: Document_2025-04-19_205243-1.png_Mean-Closing.png
Component: component_1745102209813_105.png
centerX: 0.872791519434629
centerY: 0.1600342319212666
width: 0.03180212014134275
height: 0.025246041934103552
Area: 0.0002998821135691364
CentroidX: 0.8872
CentroidY: 0.1725
