Location: Document_2025-04-19_205243-1.png_Mean-Medain.png
Component: component_1745102210123_358.png
centerX: 0.8292108362779741
centerY: 0.46940522036799315
width: 0.028857479387514724
height: 0.024390243902439025
Area: 0.00030038611712135345
CentroidX: 0.8412
CentroidY: 0.4816
