Location: Document_2025-04-19_205218-1.png_Otsu.png
Component: component_1745102209978_449.png
centerX: 0.35276796230859836
centerY: 0.3470261018399658
width: 0.030624263839811542
height: 0.026529738981600343
Area: 0.00031979025388170936
CentroidX: 0.3658
CentroidY: 0.3599
