Location: Document_2025-04-19_205218-1.png_Gaussian-Closing.png
Component: component_1745102210255_313.png
centerX: 0.7120141342756183
centerY: 0.5139067180145486
width: 0.028268551236749116
height: 0.024390243902439025
Area: 0.00031122219349401974
CentroidX: 0.7248
CentroidY: 0.5262
