Location: Document_2025-04-19_205218-1.png_Gaussian-Closing.png
Component: component_1745102210273_418.png
centerX: 0.14605418138987045
centerY: 0.6615318784766795
width: 0.028268551236749116
height: 0.025673940949935817
Area: 0.00030618215797184936
CentroidX: 0.1584
CentroidY: 0.6746
