Location: Document_2025-04-19_205218-1.png_Otsu.png
Component: component_1745102209951_131.png
centerX: 0.5441696113074205
centerY: 0.14591356439880188
width: 0.030035335689045935
height: 0.0235344458707745
Area: 0.0002784619625999124
CentroidX: 0.5575
CentroidY: 0.1581
