Location: Document_2025-04-19_205243-1.png_Mean-Medain.png
Component: component_1745102210085_124.png
centerX: 0.20082449941107186
centerY: 0.09114249037227215
width: 0.03297997644287397
height: 0.03209242618741977
Area: 0.00039967481690810955
CentroidX: 0.2150
CentroidY: 0.1080
