Location: Document_2025-04-19_205243-1.png_Mean-Medain.png
Component: component_1745102210165_590.png
centerX: 0.38987043580683156
centerY: 0.881471972614463
width: 0.034746760895170786
height: 0.02738553701326487
Area: 0.00039236676540096256
CentroidX: 0.4059
CentroidY: 0.8951
