Location: Document_2025-04-19_205218-1.png_Gaussian-Closing.png
Component: component_1745102210293_530.png
centerX: 0.05418138987043581
centerY: 0.8305519897304237
width: 0.03297997644287397
height: 0.024390243902439025
Area: 0.00031701823434451566
CentroidX: 0.0688
CentroidY: 0.8430
