Location: Document_2025-04-19_205218-1.png_Otsu.png
Component: component_1745102209974_412.png
centerX: 0.8769140164899882
centerY: 0.3299101412066752
width: 0.03180212014134275
height: 0.024818142918271287
Area: 0.00022302157185603844
CentroidX: 0.8910
CentroidY: 0.3431
