Location: Document_2025-04-19_205243-1.png_Mean-Medain.png
Component: component_1745102210095_187.png
centerX: 0.8722025912838633
centerY: 0.19768934531450577
width: 0.030035335689045935
height: 0.024390243902439025
Area: 0.0003104661881656942
CentroidX: 0.8852
CentroidY: 0.2094
