Location: Document_2025-04-19_205218-1.png_Otsu.png
Component: component_1745102210019_860.png
centerX: 0.931095406360424
centerY: 0.6902011125374412
width: 0.02767962308598351
height: 0.025246041934103552
Area: 0.0002000894102301633
CentroidX: 0.9431
CentroidY: 0.7033
