Location: Document_2025-04-19_205218-1.png_Otsu.png
Component: component_1745102210016_831.png
centerX: 0.9546525323910483
centerY: 0.6598202824133504
width: 0.02944640753828033
height: 0.02396234488660676
Area: 0.0002464577370341306
CentroidX: 0.9678
CentroidY: 0.6723
