Location: Document_2025-04-19_205218-1.png_Otsu.png
Component: component_1745102210033_1055.png
centerX: 0.4010600706713781
centerY: 0.7963200684638425
width: 0.028857479387514724
height: 0.025246041934103552
Area: 0.00020210542443903145
CentroidX: 0.4131
CentroidY: 0.8092
