Location: Document_2025-04-19_205218-1.png_Otsu.png
Component: component_1745102209977_440.png
centerX: 0.5800942285041225
centerY: 0.34146341463414637
width: 0.03121319199057715
height: 0.02738553701326487
Area: 0.0002504897654518669
CentroidX: 0.5935
CentroidY: 0.3563
