Location: Document_2025-04-19_205243-1.png_Mean-Closing.png
Component: component_1745102209804_51.png
centerX: 0.6401648998822144
centerY: 0.08600770218228498
width: 0.032391048292108364
height: 0.026957637997432605
Area: 0.00034927446168640596
CentroidX: 0.6534
CentroidY: 0.0990
