Location: Document_2025-04-19_205243-1.png_Mean-Closing.png
Component: component_1745102209804_53.png
centerX: 0.5541813898704359
centerY: 0.08771929824561403
width: 0.030035335689045935
height: 0.026957637997432605
Area: 0.0003555745060891189
CentroidX: 0.5675
CentroidY: 0.1015
