Location: Document_2025-04-19_205218-1.png_Gaussian-Closing.png
Component: component_1745102210235_212.png
centerX: 0.7532391048292109
centerY: 0.33504492939666236
width: 0.032391048292108364
height: 0.025246041934103552
Area: 0.0003475104492536463
CentroidX: 0.7668
CentroidY: 0.3476
