Location: Document_2025-04-19_205218-1.png_Otsu.png
Component: component_1745102210049_1204.png
centerX: 0.30153121319199055
centerY: 0.9353872486093282
width: 0.03415783274440518
height: 0.026957637997432605
Area: 0.00034625044037310375
CentroidX: 0.3160
CentroidY: 0.9493
