Location: Document_2025-04-19_205218-1.png_Gaussian-Closing.png
Component: component_1745102210238_232.png
centerX: 0.734982332155477
centerY: 0.37869062901155326
width: 0.035924617196702
height: 0.02738553701326487
Area: 0.00040219483466919474
CentroidX: 0.7503
CentroidY: 0.3920
