Location: Document_2025-04-19_205218-1.png_Gaussian-Closing.png
Component: component_1745102210221_148.png
centerX: 0.5441696113074205
centerY: 0.22379118528027386
width: 0.03297997644287397
height: 0.02396234488660676
Area: 0.00030971018283736866
CentroidX: 0.5580
CentroidY: 0.2360
