Location: Document_2025-04-19_205243-1.png_Mean-Closing.png
Component: component_1745102209799_26.png
centerX: 0.026501766784452298
centerY: 0.024818142918271287
width: 0.028268551236749116
height: 0.025673940949935817
Area: 0.0003906027529682029
CentroidX: 0.0397
CentroidY: 0.0388
