Location: Document_2025-04-19_205218-1.png_Gaussian-Closing.png
Component: component_1745102210267_380.png
centerX: 0.6619552414605419
centerY: 0.621737270004279
width: 0.030035335689045935
height: 0.02995293110825845
Area: 0.00035607850964133593
CentroidX: 0.6751
CentroidY: 0.6374
