Location: Document_2025-04-19_205243-1.png_Mean-Closing.png
Component: component_1745102209904_537.png
centerX: 0.3032979976442874
centerY: 0.9700470688917415
width: 0.03356890459363958
height: 0.02866923406076166
Area: 0.00045284719166700685
CentroidX: 0.3181
CentroidY: 0.9842
