Location: Document_2025-04-19_205218-1.png_Otsu.png
Component: component_1745102209942_77.png
centerX: 0.5312131919905771
centerY: 0.08301240907145914
width: 0.037102473498233215
height: 0.024818142918271287
Area: 0.00033087833203048416
CentroidX: 0.5471
CentroidY: 0.0959
