Location: Document_2025-04-19_205243-1.png_Mean-Medain.png
Component: component_1745102210096_194.png
centerX: 0.1519434628975265
centerY: 0.20367993153615746
width: 0.03121319199057715
height: 0.025246041934103552
Area: 0.00031374221125510493
CentroidX: 0.1650
CentroidY: 0.2158
