Location: Document_2025-04-19_205243-1.png_Mean-Closing.png
Component: component_1745102209894_478.png
centerX: 0.2762073027090695
centerY: 0.842533162173727
width: 0.0353356890459364
height: 0.02781343602909713
Area: 0.0004059748613108225
CentroidX: 0.2920
CentroidY: 0.8566
