Location: Document_2025-04-19_205218-1.png_Gaussian-Closing.png
Component: component_1745102210214_108.png
centerX: 0.36925795053003535
centerY: 0.15104835258878904
width: 0.03180212014134275
height: 0.02610183996576808
Area: 0.00034902245991029745
CentroidX: 0.3841
CentroidY: 0.1645
