Location: Document_2025-04-19_205243-1.png_Mean-Medain.png
Component: component_1745102210146_497.png
centerX: 0.6890459363957597
centerY: 0.7030380830124091
width: 0.03415783274440518
height: 0.029097133076593923
Area: 0.00042915902471280616
CentroidX: 0.7052
CentroidY: 0.7176
