Location: Document_2025-04-19_205218-1.png_Gaussian-Closing.png
Component: component_1745102210266_372.png
centerX: 0.15312131919905772
centerY: 0.5896448438168592
width: 0.032391048292108364
height: 0.02738553701326487
Area: 0.0003505344705669486
CentroidX: 0.1670
CentroidY: 0.6036
