Location: Document_2025-04-19_205243-1.png_Mean-Closing.png
Component: component_1745102209803_46.png
centerX: 0.3138987043580683
centerY: 0.05733846812152332
width: 0.028857479387514724
height: 0.024390243902439025
Area: 0.0002950940798230746
CentroidX: 0.3269
CentroidY: 0.0694
