Location: Document_2025-04-19_205243-1.png_Mean-Closing.png
Component: component_1745102209902_523.png
centerX: 0.8309776207302709
centerY: 0.9392383397518186
width: 0.03297997644287397
height: 0.026957637997432605
Area: 0.00037598664995390886
CentroidX: 0.8460
CentroidY: 0.9526
