Location: Document_2025-04-19_205243-1.png_Mean-Medain.png
Component: component_1745102210088_140.png
centerX: 0.809776207302709
centerY: 0.12409071459135644
width: 0.027090694935217905
height: 0.025246041934103552
Area: 0.0002991261082408109
CentroidX: 0.8221
CentroidY: 0.1363
