Location: Document_2025-04-19_205243-1.png_Mean-Closing.png
Component: component_1745102209879_400.png
centerX: 0.02944640753828033
centerY: 0.6824989302524604
width: 0.03180212014134275
height: 0.02781343602909713
Area: 0.0003596065345068552
CentroidX: 0.0420
CentroidY: 0.6961
