Location: Document_2025-04-19_205218-1.png_Otsu.png
Component: component_1745102209991_687.png
centerX: 0.5565371024734982
centerY: 0.4510055626872058
width: 0.0353356890459364
height: 0.0235344458707745
Area: 0.00034196641017925897
CentroidX: 0.5714
CentroidY: 0.4629
