Location: Document_2025-04-19_205243-1.png_Mean-Closing.png
Component: component_1745102209838_244.png
centerX: 0.8686690223792697
centerY: 0.3983739837398374
width: 0.030624263839811542
height: 0.02396234488660676
Area: 0.00031928625032949233
CentroidX: 0.8815
CentroidY: 0.4103
