Location: Document_2025-04-19_205218-1.png_Otsu.png
Component: component_1745102210039_1138.png
centerX: 0.8851590106007067
centerY: 0.8630723149336756
width: 0.02767962308598351
height: 0.022250748823277707
Area: 0.00027165791464498244
CentroidX: 0.8970
CentroidY: 0.8749
