Location: Document_2025-04-19_205218-1.png_Gaussian-Closing.png
Component: component_1745102210297_551.png
centerX: 0.14782096584216725
centerY: 0.8694908001711597
width: 0.03180212014134275
height: 0.02866923406076166
Area: 0.0003792626730433196
CentroidX: 0.1622
CentroidY: 0.8841
