Location: Document_2025-04-19_205218-1.png_Gaussian-Closing.png
Component: component_1745102210273_419.png
centerX: 0.4793875147232038
centerY: 0.686777920410783
width: 0.028857479387514724
height: 0.026957637997432605
Area: 0.00029811810113637683
CentroidX: 0.4925
CentroidY: 0.7010
