Location: Document_2025-04-19_205218-1.png_Otsu.png
Component: component_1745102209933_28.png
centerX: 0.5477031802120141
centerY: 0.014120667522464698
width: 0.03356890459363958
height: 0.02610183996576808
Area: 0.00043016703181724027
CentroidX: 0.5638
CentroidY: 0.0265
