Location: Document_2025-04-19_205243-1.png_Mean-Closing.png
Component: component_1745102209885_435.png
centerX: 0.39752650176678445
centerY: 0.762943945228926
width: 0.03415783274440518
height: 0.02781343602909713
Area: 0.0003825386961327303
CentroidX: 0.4127
CentroidY: 0.7767
