Location: Document_2025-04-19_205218-1.png_Otsu.png
Component: component_1745102209947_109.png
centerX: 0.3286219081272085
centerY: 0.11810012836970475
width: 0.0353356890459364
height: 0.024390243902439025
Area: 0.00031147419527012825
CentroidX: 0.3431
CentroidY: 0.1299
