Location: Document_2025-04-19_205243-1.png_Mean-Closing.png
Component: component_1745102209806_63.png
centerX: 0.5965842167255595
centerY: 0.08900299529311083
width: 0.030624263839811542
height: 0.025246041934103552
Area: 0.0003182782432250583
CentroidX: 0.6095
CentroidY: 0.1019
