Location: Document_2025-04-19_205218-1.png_Gaussian-Closing.png
Component: component_1745102210252_293.png
centerX: 0.7532391048292109
centerY: 0.4818142918271288
width: 0.03356890459363958
height: 0.02396234488660676
Area: 0.00036489857180513406
CentroidX: 0.7685
CentroidY: 0.4941
