Location: Document_2025-04-19_205218-1.png_Gaussian-Closing.png
Component: component_1745102210249_279.png
centerX: 0.7461719670200235
centerY: 0.4514334617030381
width: 0.030035335689045935
height: 0.023106546854942234
Area: 0.00033617036932876305
CentroidX: 0.7593
CentroidY: 0.4636
