Location: Document_2025-04-19_205243-1.png_Mean-Medain.png
Component: component_1745102210084_118.png
centerX: 0.28916372202591284
centerY: 0.08943089430894309
width: 0.03356890459363958
height: 0.029097133076593923
Area: 0.00040244683644530325
CentroidX: 0.3041
CentroidY: 0.1050
