Location: Document_2025-04-19_205243-1.png_Mean-Medain.png
Component: component_1745102210109_271.png
centerX: 0.7968197879858657
centerY: 0.3243474540008558
width: 0.02767962308598351
height: 0.025246041934103552
Area: 0.00029610208692750867
CentroidX: 0.8090
CentroidY: 0.3358
