Location: Document_2025-04-19_205243-1.png_Mean-Medain.png
Component: component_1745102210116_312.png
centerX: 0.8292108362779741
centerY: 0.39666238767650835
width: 0.027090694935217905
height: 0.025673940949935817
Area: 0.0003313823355827012
CentroidX: 0.8413
CentroidY: 0.4097
