Location: Document_2025-04-19_205243-1.png_Mean-Closing.png
Component: component_1745102209812_96.png
centerX: 0.6195524146054181
centerY: 0.15661103979460847
width: 0.02767962308598351
height: 0.024818142918271287
Area: 0.000293834070942532
CentroidX: 0.6338
CentroidY: 0.1687
