Location: Document_2025-04-19_205218-1.png_Gaussian-Closing.png
Component: component_1745102210241_247.png
centerX: 0.05535924617196702
centerY: 0.38853230637569536
width: 0.030035335689045935
height: 0.024390243902439025
Area: 0.0003694346037750874
CentroidX: 0.0679
CentroidY: 0.4009
