Location: Document_2025-04-19_205218-1.png_Gaussian-Closing.png
Component: component_1745102210206_65.png
centerX: 0.6690223792697291
centerY: 0.08130081300813008
width: 0.02944640753828033
height: 0.024390243902439025
Area: 0.00033339834979156935
CentroidX: 0.6821
CentroidY: 0.0936
