Location: Document_2025-04-19_205218-1.png_Gaussian-Closing.png
Component: component_1745102210298_559.png
centerX: 0.8928150765606596
centerY: 0.8990158322635858
width: 0.030035335689045935
height: 0.026529738981600343
Area: 0.00037119861620784706
CentroidX: 0.9054
CentroidY: 0.9133
