Location: Document_2025-04-19_205243-1.png_Mean-Closing.png
Component: component_1745102209799_27.png
centerX: 0.10659599528857479
centerY: 0.024818142918271287
width: 0.032391048292108364
height: 0.02738553701326487
Area: 0.0003825386961327303
CentroidX: 0.1197
CentroidY: 0.0385
