Location: Document_2025-04-19_205243-1.png_Mean-Closing.png
Component: component_1745102209878_393.png
centerX: 0.3998822143698469
centerY: 0.6730851519041506
width: 0.034746760895170786
height: 0.026957637997432605
Area: 0.00036540257535735114
CentroidX: 0.4146
CentroidY: 0.6869
