Location: Document_2025-04-19_205218-1.png_Otsu.png
Component: component_1745102210040_1144.png
centerX: 0.7550058892815077
centerY: 0.8656397090286693
width: 0.034746760895170786
height: 0.02610183996576808
Area: 0.000342470413731476
CentroidX: 0.7703
CentroidY: 0.8788
