Location: Document_2025-04-19_205243-1.png_Mean-Medain.png
Component: component_1745102210150_518.png
centerX: 0.8080094228504122
centerY: 0.7492511767222936
width: 0.03297997644287397
height: 0.024818142918271287
Area: 0.0003689306002228704
CentroidX: 0.8225
CentroidY: 0.7619
