Location: Document_2025-04-19_205218-1.png_Gaussian-Closing.png
Component: component_1745102210252_291.png
centerX: 0.0535924617196702
centerY: 0.46041934103551563
width: 0.0353356890459364
height: 0.02267864783910997
Area: 0.00040471485243027993
CentroidX: 0.0701
CentroidY: 0.4715
