Location: Document_2025-04-19_205243-1.png_Mean-Medain.png
Component: component_1745102210125_369.png
centerX: 0.3710247349823322
centerY: 0.47796320068463843
width: 0.028857479387514724
height: 0.026529738981600343
Area: 0.00030668616152406644
CentroidX: 0.3837
CentroidY: 0.4913
