Location: Document_2025-04-19_205218-1.png_Otsu.png
Component: component_1745102209981_493.png
centerX: 0.5706713780918727
centerY: 0.38296961916987593
width: 0.028268551236749116
height: 0.025246041934103552
Area: 0.0002726659217494165
CentroidX: 0.5832
CentroidY: 0.3966
