Location: Document_2025-04-19_205218-1.png_Gaussian-Closing.png
Component: component_1745102210238_231.png
centerX: 0.9605418138987044
centerY: 0.37783483097988874
width: 0.028857479387514724
height: 0.025673940949935817
Area: 0.0003535584918802508
CentroidX: 0.9731
CentroidY: 0.3903
