Location: Document_2025-04-19_205243-1.png_Mean-Medain.png
Component: component_1745102210097_197.png
centerX: 0.2756183745583039
centerY: 0.20410783055198972
width: 0.028268551236749116
height: 0.0235344458707745
Area: 0.00030013411534524493
CentroidX: 0.2881
CentroidY: 0.2157
