Location: Document_2025-04-19_205218-1.png_Otsu.png
Component: component_1745102209939_64.png
centerX: 0.0977620730270907
centerY: 0.05477107402652974
width: 0.03297997644287397
height: 0.026957637997432605
Area: 0.00037825466593888554
CentroidX: 0.1121
CentroidY: 0.0682
