Location: Document_2025-04-19_205243-1.png_Mean-Closing.png
Component: component_1745102209856_320.png
centerX: 0.8798586572438163
centerY: 0.5502781343602909
width: 0.034746760895170786
height: 0.026529738981600343
Area: 0.0003845547103415985
CentroidX: 0.8945
CentroidY: 0.5637
