Location: Document_2025-04-19_205218-1.png_Gaussian-Closing.png
Component: component_1745102210205_61.png
centerX: 0.7491166077738516
centerY: 0.07787762088147197
width: 0.028857479387514724
height: 0.02267864783910997
Area: 0.00031701823434451566
CentroidX: 0.7617
CentroidY: 0.0893
