Location: Document_2025-04-19_205218-1.png_Gaussian-Closing.png
Component: component_1745102210231_194.png
centerX: 0.5518256772673734
centerY: 0.2995293110825845
width: 0.028857479387514724
height: 0.024390243902439025
Area: 0.00026888589510778874
CentroidX: 0.5640
CentroidY: 0.3115
