Location: Document_2025-04-19_205218-1.png_Otsu.png
Component: component_1745102209933_31.png
centerX: 0.911660777385159
centerY: 0.014548566538296961
width: 0.034746760895170786
height: 0.025673940949935817
Area: 0.0004150469252507292
CentroidX: 0.9274
CentroidY: 0.0271
