Location: Document_2025-04-19_205218-1.png_Gaussian-Closing.png
Component: component_1745102210287_499.png
centerX: 0.7014134275618374
centerY: 0.7950363714163458
width: 0.03180212014134275
height: 0.026529738981600343
Area: 0.0003177742396728412
CentroidX: 0.7151
CentroidY: 0.8083
