Location: Document_2025-04-19_205218-1.png_Otsu.png
Component: component_1745102210036_1106.png
centerX: 0.5482921083627798
centerY: 0.8288403936670946
width: 0.034746760895170786
height: 0.025246041934103552
Area: 0.0003024021313302216
CentroidX: 0.5630
CentroidY: 0.8409
