Location: Document_2025-04-19_205243-1.png_Mean-Medain.png
Component: component_1745102210081_93.png
centerX: 0.27326266195524146
centerY: 0.05648267008985879
width: 0.028268551236749116
height: 0.025673940949935817
Area: 0.0002978660993602683
CentroidX: 0.2853
CentroidY: 0.0694
