Location: Document_2025-04-19_205218-1.png_Gaussian-Closing.png
Component: component_1745102210220_138.png
centerX: 0.054770318021201414
centerY: 0.2011125374411639
width: 0.02944640753828033
height: 0.02781343602909713
Area: 0.00033642237110487156
CentroidX: 0.0680
CentroidY: 0.2159
