Location: Document_2025-04-19_205218-1.png_Otsu.png
Component: component_1745102209967_256.png
centerX: 0.30683156654888105
centerY: 0.27000427899015833
width: 0.03356890459363958
height: 0.022250748823277707
Area: 0.00019429336937966737
CentroidX: 0.3221
CentroidY: 0.2820
