Location: Document_2025-04-19_205218-1.png_Gaussian-Closing.png
Component: component_1745102210276_431.png
centerX: 0.22438162544169613
centerY: 0.6910569105691057
width: 0.03180212014134275
height: 0.026957637997432605
Area: 0.0003119781988223453
CentroidX: 0.2373
CentroidY: 0.7049
