Location: Document_2025-04-19_205218-1.png_Gaussian-Closing.png
Component: component_1745102210209_80.png
centerX: 0.8610129564193169
centerY: 0.10397946084724005
width: 0.027090694935217905
height: 0.024818142918271287
Area: 0.00029837010291248534
CentroidX: 0.8733
CentroidY: 0.1164
