Location: Document_2025-04-19_205218-1.png_Gaussian-Closing.png
Component: component_1745102210268_381.png
centerX: 0.6213191990577149
centerY: 0.6230209670517758
width: 0.027090694935217905
height: 0.026957637997432605
Area: 0.0003344063568960034
CentroidX: 0.6330
CentroidY: 0.6365
