Location: Document_2025-04-19_205243-1.png_Mean-Closing.png
Component: component_1745102209833_212.png
centerX: 0.4829210836277974
centerY: 0.3590072742832692
width: 0.030035335689045935
height: 0.02738553701326487
Area: 0.0003318863391349182
CentroidX: 0.4972
CentroidY: 0.3731
