Location: Document_2025-04-19_205218-1.png_Gaussian-Closing.png
Component: component_1745102210270_396.png
centerX: 0.284452296819788
centerY: 0.6568249893025246
width: 0.026501766784452298
height: 0.025673940949935817
Area: 0.0002840060016742998
CentroidX: 0.2967
CentroidY: 0.6704
