Location: Document_2025-04-19_205243-1.png_Mean-Medain.png
Component: component_1745102210093_172.png
centerX: 0.3421672555948174
centerY: 0.16260162601626016
width: 0.03356890459363958
height: 0.028241335044929396
Area: 0.0003185302450011668
CentroidX: 0.3579
CentroidY: 0.1754
