Location: Document_2025-04-19_205218-1.png_Otsu.png
Component: component_1745102210046_1181.png
centerX: 0.8474676089517079
centerY: 0.9020111253744116
width: 0.028268551236749116
height: 0.02781343602909713
Area: 0.000321554266314469
CentroidX: 0.8600
CentroidY: 0.9158
