Location: Document_2025-04-19_205243-1.png_Mean-Medain.png
Component: component_1745102210147_504.png
centerX: 0.5023557126030624
centerY: 0.7120239623448866
width: 0.035924617196702
height: 0.029097133076593923
Area: 0.0004180709465640314
CentroidX: 0.5178
CentroidY: 0.7269
