Location: Document_2025-04-19_205218-1.png_Otsu.png
Component: component_1745102209956_171.png
centerX: 0.5041224970553593
centerY: 0.18356867779204109
width: 0.026501766784452298
height: 0.02267864783910997
Area: 0.00024040969440752619
CentroidX: 0.5156
CentroidY: 0.1949
