Location: Document_2025-04-19_205218-1.png_Otsu.png
Component: component_1745102210046_1182.png
centerX: 0.9782096584216725
centerY: 0.9024390243902439
width: 0.0176678445229682
height: 0.024818142918271287
Area: 0.000251497772556301
CentroidX: 0.9869
CentroidY: 0.9150
