Location: Document_2025-04-19_205243-1.png_Mean-Closing.png
Component: component_1745102209843_269.png
centerX: 0.232037691401649
centerY: 0.43988018827556696
width: 0.03415783274440518
height: 0.029525032092426188
Area: 0.0003958947902664818
CentroidX: 0.2475
CentroidY: 0.4554
