Location: Document_2025-04-19_205218-1.png_Otsu.png
Component: component_1745102209944_83.png
centerX: 0.1419316843345112
centerY: 0.08857509627727857
width: 0.02591283863368669
height: 0.024818142918271287
Area: 0.00030996218461347717
CentroidX: 0.1545
CentroidY: 0.1016
