Location: Document_2025-04-19_205243-1.png_Mean-Closing.png
Component: component_1745102209874_376.png
centerX: 0.21613663133097763
centerY: 0.6401369276850664
width: 0.030624263839811542
height: 0.02738553701326487
Area: 0.0003235702805233371
CentroidX: 0.2286
CentroidY: 0.6530
