Location: Document_2025-04-19_205243-1.png_Mean-Medain.png
Component: component_1745102210153_530.png
centerX: 0.12073027090694935
centerY: 0.7642276422764228
width: 0.030624263839811542
height: 0.02995293110825845
Area: 0.0003873267298787922
CentroidX: 0.1335
CentroidY: 0.7798
