Location: Document_2025-04-19_205243-1.png_Mean-Medain.png
Component: component_1745102210081_95.png
centerX: 0.4452296819787986
centerY: 0.05648267008985879
width: 0.03356890459363958
height: 0.02396234488660676
Area: 0.0002756899430627187
CentroidX: 0.4610
CentroidY: 0.0682
