Location: Document_2025-04-19_205243-1.png_Mean-Closing.png
Component: component_1745102209801_37.png
centerX: 0.790341578327444
centerY: 0.05391527599486521
width: 0.034746760895170786
height: 0.025673940949935817
Area: 0.00036767059134232776
CentroidX: 0.8056
CentroidY: 0.0674
