Location: Document_2025-04-19_205218-1.png_Otsu.png
Component: component_1745102210028_996.png
centerX: 0.5312131919905771
centerY: 0.7599486521181001
width: 0.02944640753828033
height: 0.025246041934103552
Area: 0.00021042148305061253
CentroidX: 0.5431
CentroidY: 0.7733
