Location: Document_2025-04-19_205218-1.png_Otsu.png
Component: component_1745102210038_1134.png
centerX: 0.925206124852768
centerY: 0.860504920838682
width: 0.027090694935217905
height: 0.026529738981600343
Area: 0.0003051741508674153
CentroidX: 0.9384
CentroidY: 0.8745
