Location: Document_2025-04-19_205218-1.png_Gaussian-Closing.png
Component: component_1745102210216_115.png
centerX: 0.143698468786808
centerY: 0.1621737270004279
width: 0.030624263839811542
height: 0.02610183996576808
Area: 0.00037019060910341295
CentroidX: 0.1580
CentroidY: 0.1749
