Location: Document_2025-04-19_205218-1.png_Gaussian-Closing.png
Component: component_1745102210216_118.png
centerX: 0.9299175500588928
centerY: 0.16645271715875054
width: 0.037102473498233215
height: 0.0235344458707745
Area: 0.0003260902982844223
CentroidX: 0.9453
CentroidY: 0.1786
