Location: Document_2025-04-19_205243-1.png_Mean-Closing.png
Component: component_1745102209817_125.png
centerX: 0.5312131919905771
centerY: 0.19897304236200256
width: 0.03121319199057715
height: 0.024818142918271287
Area: 0.0003026541331063301
CentroidX: 0.5450
CentroidY: 0.2111
