Location: Document_2025-04-19_205218-1.png_Gaussian-Closing.png
Component: component_1745102210207_72.png
centerX: 0.2968197879858657
centerY: 0.08557980316645272
width: 0.030624263839811542
height: 0.02610183996576808
Area: 0.00036036253983518077
CentroidX: 0.3108
CentroidY: 0.0987
