Location: Document_2025-04-19_205243-1.png_Mean-Closing.png
Component: component_1745102209903_532.png
centerX: 0.39811542991755006
centerY: 0.9691912708600771
width: 0.03356890459363958
height: 0.029525032092426188
Area: 0.0004306710353694573
CentroidX: 0.4125
CentroidY: 0.9846
