Location: Document_2025-04-19_205243-1.png_Mean-Closing.png
Component: component_1745102209889_456.png
centerX: 0.3127208480565371
centerY: 0.8001711596063329
width: 0.03415783274440518
height: 0.02781343602909713
Area: 0.00031399421303121344
CentroidX: 0.3274
CentroidY: 0.8140
