Location: Document_2025-04-19_205218-1.png_Otsu.png
Component: component_1745102210026_981.png
centerX: 0.7797408716136631
centerY: 0.7586649550706034
width: 0.02767962308598351
height: 0.02053915275994865
Area: 0.00012952891291977825
CentroidX: 0.7923
CentroidY: 0.7708
