Location: Document_2025-04-19_205218-1.png_Otsu.png
Component: component_1745102210023_911.png
centerX: 0.7290930506478209
centerY: 0.725716730851519
width: 0.03297997644287397
height: 0.021822849807445442
Area: 0.0002154615185727829
CentroidX: 0.7428
CentroidY: 0.7366
