Location: Document_2025-04-19_205243-1.png_Mean-Closing.png
Component: component_1745102209808_78.png
centerX: 0.6036513545347467
centerY: 0.12323491655969192
width: 0.02591283863368669
height: 0.024818142918271287
Area: 0.0002966060904797257
CentroidX: 0.6156
CentroidY: 0.1356
