Location: Document_2025-04-19_205243-1.png_Mean-Medain.png
Component: component_1745102210164_581.png
centerX: 0.8415783274440518
centerY: 0.8703465982028241
width: 0.03121319199057715
height: 0.026529738981600343
Area: 0.0003530544883280337
CentroidX: 0.8551
CentroidY: 0.8841
