Location: Document_2025-04-19_205218-1.png_Otsu.png
Component: component_1745102210031_1045.png
centerX: 0.2714958775029446
centerY: 0.795464270432178
width: 0.03121319199057715
height: 0.02738553701326487
Area: 0.00021621752390110844
CentroidX: 0.2852
CentroidY: 0.8094
