Location: Document_2025-04-19_205218-1.png_Gaussian-Closing.png
Component: component_1745102210223_156.png
centerX: 0.24676089517078917
centerY: 0.23277706461275138
width: 0.028268551236749116
height: 0.023106546854942234
Area: 0.00028451000522651684
CentroidX: 0.2597
CentroidY: 0.2444
