Location: Document_2025-04-19_205218-1.png_Gaussian-Closing.png
Component: component_1745102210271_401.png
centerX: 0.5712603062426383
centerY: 0.6576807873341891
width: 0.028268551236749116
height: 0.024818142918271287
Area: 0.00029610208692750867
CentroidX: 0.5835
CentroidY: 0.6707
