Location: Document_2025-04-19_205218-1.png_Otsu.png
Component: component_1745102210006_774.png
centerX: 0.8863368669022379
centerY: 0.5845100556268721
width: 0.028857479387514724
height: 0.025673940949935817
Area: 0.0002898020425247957
CentroidX: 0.8988
CentroidY: 0.5978
