Location: Document_2025-04-19_205218-1.png_Otsu.png
Component: component_1745102209997_717.png
centerX: 0.3457008244994111
centerY: 0.48737697903294824
width: 0.02944640753828033
height: 0.024818142918271287
Area: 0.0003207982609861434
CentroidX: 0.3586
CentroidY: 0.5000
