Location: Document_2025-04-19_205218-1.png_Otsu.png
Component: component_1745102209933_29.png
centerX: 0.5971731448763251
centerY: 0.014120667522464698
width: 0.02944640753828033
height: 0.025246041934103552
Area: 0.00038379870501327294
CentroidX: 0.6107
CentroidY: 0.0271
