Location: Document_2025-04-19_205218-1.png_Gaussian-Closing.png
Component: component_1745102210270_397.png
centerX: 0.3280329799764429
centerY: 0.6568249893025246
width: 0.026501766784452298
height: 0.024390243902439025
Area: 0.0002948420780469661
CentroidX: 0.3398
CentroidY: 0.6696
