Location: Document_2025-04-19_205243-1.png_Mean-Medain.png
Component: component_1745102210131_401.png
centerX: 0.8368669022379269
centerY: 0.5528455284552846
width: 0.032391048292108364
height: 0.02396234488660676
Area: 0.00034877045813418893
CentroidX: 0.8517
CentroidY: 0.5651
