Location: Document_2025-04-19_205218-1.png_Gaussian-Closing.png
Component: component_1745102210223_155.png
centerX: 0.3327444051825677
centerY: 0.2314933675652546
width: 0.032391048292108364
height: 0.02267864783910997
Area: 0.0003081981721807175
CentroidX: 0.3464
CentroidY: 0.2436
