Location: Document_2025-04-19_205243-1.png_Mean-Medain.png
Component: component_1745102210161_568.png
centerX: 0.37161366313309774
centerY: 0.8391099700470689
width: 0.032391048292108364
height: 0.028241335044929396
Area: 0.0003596065345068552
CentroidX: 0.3850
CentroidY: 0.8531
