Location: Document_2025-04-19_205243-1.png_Mean-Medain.png
Component: component_1745102210165_588.png
centerX: 0.48939929328621906
centerY: 0.8793324775353016
width: 0.035924617196702
height: 0.02866923406076166
Area: 0.00038682272632657516
CentroidX: 0.5044
CentroidY: 0.8939
