Location: Document_2025-04-19_205218-1.png_Gaussian-Closing.png
Component: component_1745102210207_71.png
centerX: 0.18845700824499412
centerY: 0.08600770218228498
width: 0.030035335689045935
height: 0.02738553701326487
Area: 0.00037573464817780035
CentroidX: 0.2020
CentroidY: 0.1005
