Location: Document_2025-04-19_205243-1.png_Mean-Medain.png
Component: component_1745102210134_413.png
centerX: 0.31507656065959955
centerY: 0.5622593068035944
width: 0.03121319199057715
height: 0.024390243902439025
Area: 0.00036288255759626595
CentroidX: 0.3285
CentroidY: 0.5747
