Location: Document_2025-04-19_205218-1.png_Otsu.png
Component: component_1745102209940_70.png
centerX: 0.8374558303886925
centerY: 0.07744972186563971
width: 0.02944640753828033
height: 0.0235344458707745
Area: 0.00030870217573293455
CentroidX: 0.8499
CentroidY: 0.0898
