Location: Document_2025-04-19_205218-1.png_Otsu.png
Component: component_1745102210044_1172.png
centerX: 0.10070671378091872
centerY: 0.9007274283269149
width: 0.03356890459363958
height: 0.02738553701326487
Area: 0.00033264234446324375
CentroidX: 0.1154
CentroidY: 0.9150
