Location: Document_2025-04-19_205243-1.png_Mean-Closing.png
Component: component_1745102209891_462.png
centerX: 0.07891637220259129
centerY: 0.8091570389388104
width: 0.032391048292108364
height: 0.02738553701326487
Area: 0.0003024021313302216
CentroidX: 0.0921
CentroidY: 0.8236
