Location: Document_2025-04-19_205243-1.png_Mean-Closing.png
Component: component_1745102209862_348.png
centerX: 0.5518256772673734
centerY: 0.5917843388960206
width: 0.03415783274440518
height: 0.025673940949935817
Area: 0.00036263055582015744
CentroidX: 0.5671
CentroidY: 0.6048
