Location: Document_2025-04-19_205218-1.png_Otsu.png
Component: component_1745102210032_1050.png
centerX: 0.7014134275618374
centerY: 0.795464270432178
width: 0.03121319199057715
height: 0.02610183996576808
Area: 0.0002207535558710618
CentroidX: 0.7148
CentroidY: 0.8083
