Location: Document_2025-04-19_205218-1.png_Gaussian-Closing.png
Component: component_1745102210272_408.png
centerX: 0.44758539458186103
centerY: 0.6581086863500214
width: 0.02767962308598351
height: 0.024818142918271287
Area: 0.0002993781100169194
CentroidX: 0.4597
CentroidY: 0.6710
