Location: Document_2025-04-19_205218-1.png_Gaussian-Closing.png
Component: component_1745102210214_105.png
centerX: 0.6336866902237926
centerY: 0.14420196833547283
width: 0.030035335689045935
height: 0.025673940949935817
Area: 0.00029761409758415975
CentroidX: 0.6463
CentroidY: 0.1569
