Location: Document_2025-04-19_205218-1.png_Gaussian-Closing.png
Component: component_1745102210264_359.png
centerX: 0.5241460541813898
centerY: 0.5832263585793752
width: 0.03121319199057715
height: 0.026957637997432605
Area: 0.0003396983941942823
CentroidX: 0.5380
CentroidY: 0.5976
