Location: Document_2025-04-19_205218-1.png_Gaussian-Closing.png
Component: component_1745102210205_57.png
centerX: 0.9228504122497055
centerY: 0.07445442875481387
width: 0.032391048292108364
height: 0.0235344458707745
Area: 0.0003457464368208867
CentroidX: 0.9365
CentroidY: 0.0867
