Location: Document_2025-04-19_205218-1.png_Gaussian-Closing.png
Component: component_1745102210288_503.png
centerX: 0.36042402826855124
centerY: 0.7958921694480102
width: 0.03121319199057715
height: 0.02866923406076166
Area: 0.00029736209580805123
CentroidX: 0.3735
CentroidY: 0.8090
