Location: Document_2025-04-19_205243-1.png_Mean-Closing.png
Component: component_1745102209817_123.png
centerX: 0.7008244994110718
centerY: 0.19768934531450577
width: 0.030035335689045935
height: 0.024390243902439025
Area: 0.0002923220602858809
CentroidX: 0.7140
CentroidY: 0.2099
