Location: Document_2025-04-19_205243-1.png_Mean-Closing.png
Component: component_1745102209862_351.png
centerX: 0.4628975265017668
centerY: 0.5952075310226786
width: 0.0353356890459364
height: 0.028241335044929396
Area: 0.0003795146748194281
CentroidX: 0.4783
CentroidY: 0.6092
