Location: Document_2025-04-19_205218-1.png_Gaussian-Closing.png
Component: component_1745102210301_576.png
centerX: 0.4004711425206125
centerY: 0.9319640564826701
width: 0.03121319199057715
height: 0.02738553701326487
Area: 0.0003832947014610559
CentroidX: 0.4146
CentroidY: 0.9463
