Location: Document_2025-04-19_205218-1.png_Otsu.png
Component: component_1745102210005_766.png
centerX: 0.7049469964664311
centerY: 0.581086863500214
width: 0.02944640753828033
height: 0.026529738981600343
Area: 0.0003157582254639731
CentroidX: 0.7171
CentroidY: 0.5951
