Location: Document_2025-04-19_205218-1.png_Gaussian-Closing.png
Component: component_1745102210288_506.png
centerX: 0.6672555948174322
centerY: 0.7958921694480102
width: 0.03297997644287397
height: 0.024818142918271287
Area: 0.00030391414198687274
CentroidX: 0.6830
CentroidY: 0.8084
