Location: Document_2025-04-19_205218-1.png_Otsu.png
Component: component_1745102210011_802.png
centerX: 0.8775029446407538
centerY: 0.6260162601626016
width: 0.02944640753828033
height: 0.02610183996576808
Area: 0.0003021501295541131
CentroidX: 0.8911
CentroidY: 0.6397
