Location: Document_2025-04-19_205218-1.png_Gaussian-Closing.png
Component: component_1745102210268_385.png
centerX: 0.7067137809187279
centerY: 0.6238767650834403
width: 0.028268551236749116
height: 0.026529738981600343
Area: 0.0003553225043130104
CentroidX: 0.7199
CentroidY: 0.6380
