Location: Document_2025-04-19_205218-1.png_Otsu.png
Component: component_1745102209953_147.png
centerX: 0.143698468786808
centerY: 0.1621737270004279
width: 0.030035335689045935
height: 0.025673940949935817
Area: 0.0002756899430627187
CentroidX: 0.1582
CentroidY: 0.1747
