Location: Document_2025-04-19_205218-1.png_Otsu.png
Component: component_1745102209982_498.png
centerX: 0.4823321554770318
centerY: 0.384681215233205
width: 0.030035335689045935
height: 0.02396234488660676
Area: 0.00021218549548337217
CentroidX: 0.4943
CentroidY: 0.3971
