Location: Document_2025-04-19_205243-1.png_Mean-Closing.png
Component: component_1745102209840_253.png
centerX: 0.9299175500588928
centerY: 0.43089430894308944
width: 0.028857479387514724
height: 0.025673940949935817
Area: 0.00034347842083591005
CentroidX: 0.9427
CentroidY: 0.4441
