Location: Document_2025-04-19_205218-1.png_Gaussian-Closing.png
Component: component_1745102210246_265.png
centerX: 0.24617196702002356
centerY: 0.42233632862644416
width: 0.03297997644287397
height: 0.025673940949935817
Area: 0.00029837010291248534
CentroidX: 0.2581
CentroidY: 0.4356
