Location: Document_2025-04-19_205218-1.png_Otsu.png
Component: component_1745102209934_37.png
centerX: 0.8150765606595995
centerY: 0.016260162601626018
width: 0.03415783274440518
height: 0.024390243902439025
Area: 0.0004155509288029462
CentroidX: 0.8312
CentroidY: 0.0284
