Location: Document_2025-04-19_205243-1.png_Mean-Medain.png
Component: component_1745102210111_280.png
centerX: 0.5671378091872792
centerY: 0.3581514762516046
width: 0.028857479387514724
height: 0.02738553701326487
Area: 0.0003369263746570886
CentroidX: 0.5798
CentroidY: 0.3727
