Location: Document_2025-04-19_205218-1.png_Otsu.png
Component: component_1745102209979_478.png
centerX: 0.8203769140164899
centerY: 0.3769790329482242
width: 0.03356890459363958
height: 0.02610183996576808
Area: 0.00021848553988608512
CentroidX: 0.8348
CentroidY: 0.3910
