Location: Document_2025-04-19_205243-1.png_Mean-Closing.png
Component: component_1745102209806_65.png
centerX: 0.36808009422850413
centerY: 0.08985879332477535
width: 0.032391048292108364
height: 0.02610183996576808
Area: 0.0003797666765955366
CentroidX: 0.3827
CentroidY: 0.1034
