Location: Document_2025-04-19_205218-1.png_Otsu.png
Component: component_1745102210020_866.png
centerX: 0.7308598351001178
centerY: 0.6906290115532734
width: 0.03180212014134275
height: 0.024390243902439025
Area: 0.00023486565533313878
CentroidX: 0.7444
CentroidY: 0.7038
