Location: Document_2025-04-19_205218-1.png_Otsu.png
Component: component_1745102209978_457.png
centerX: 0.09246171967020024
centerY: 0.3513050919982884
width: 0.02944640753828033
height: 0.024818142918271287
Area: 0.00019782139424518664
CentroidX: 0.1057
CentroidY: 0.3627
