Location: Document_2025-04-19_205243-1.png_Mean-Medain.png
Component: component_1745102210134_414.png
centerX: 0.2226148409893993
centerY: 0.5631151048352588
width: 0.02944640753828033
height: 0.02396234488660676
Area: 0.0003396983941942823
CentroidX: 0.2357
CentroidY: 0.5753
