Location: Document_2025-04-19_205218-1.png_Gaussian-Closing.png
Component: component_1745102210303_588.png
centerX: 0.6802120141342756
centerY: 0.9345314505776636
width: 0.03180212014134275
height: 0.02396234488660676
Area: 0.00033793438176152264
CentroidX: 0.6935
CentroidY: 0.9470
