Location: Document_2025-04-19_205218-1.png_Gaussian-Closing.png
Component: component_1745102210289_508.png
centerX: 0.13898704358068315
centerY: 0.7967479674796748
width: 0.03415783274440518
height: 0.026529738981600343
Area: 0.00030290613488243864
CentroidX: 0.1549
CentroidY: 0.8102
