Location: Document_2025-04-19_205243-1.png_Mean-Medain.png
Component: component_1745102210082_98.png
centerX: 0.10482921083627797
centerY: 0.05947796320068464
width: 0.02767962308598351
height: 0.02610183996576808
Area: 0.00030945818106126015
CentroidX: 0.1165
CentroidY: 0.0729
