Location: Document_2025-04-19_205218-1.png_Gaussian-Closing.png
Component: component_1745102210220_140.png
centerX: 0.9128386336866903
centerY: 0.21138211382113822
width: 0.030624263839811542
height: 0.022250748823277707
Area: 0.0003046701473151983
CentroidX: 0.9256
CentroidY: 0.2224
