Location: Document_2025-04-19_205243-1.png_Mean-Medain.png
Component: component_1745102210148_510.png
centerX: 0.17667844522968199
centerY: 0.7205819426615319
width: 0.032391048292108364
height: 0.028241335044929396
Area: 0.0003888387405354433
CentroidX: 0.1917
CentroidY: 0.7346
