Location: Document_2025-04-19_205243-1.png_Mean-Closing.png
Component: component_1745102209857_325.png
centerX: 0.6613663133097762
centerY: 0.5558408215661104
width: 0.03180212014134275
height: 0.0235344458707745
Area: 0.0003442344261642356
CentroidX: 0.6753
CentroidY: 0.5676
