Location: Document_2025-04-19_205243-1.png_Mean-Closing.png
Component: component_1745102209813_102.png
centerX: 0.5259128386336867
centerY: 0.15960633290543433
width: 0.03121319199057715
height: 0.023106546854942234
Area: 0.00027392593062995906
CentroidX: 0.5393
CentroidY: 0.1717
