Location: Document_2025-04-19_205243-1.png_Mean-Closing.png
Component: component_1745102209835_224.png
centerX: 0.23851590106007067
centerY: 0.363714163457424
width: 0.03121319199057715
height: 0.02781343602909713
Area: 0.0003472584474775378
CentroidX: 0.2518
CentroidY: 0.3784
