Location: Document_2025-04-19_205243-1.png_Mean-Medain.png
Component: component_1745102210163_578.png
centerX: 0.797997644287397
centerY: 0.8682071031236628
width: 0.03121319199057715
height: 0.026529738981600343
Area: 0.0003522984829997082
CentroidX: 0.8121
CentroidY: 0.8818
