Location: Document_2025-04-19_205218-1.png_Gaussian-Closing.png
Component: component_1745102210233_202.png
centerX: 0.17608951707891637
centerY: 0.3123662815575524
width: 0.027090694935217905
height: 0.02267864783910997
Area: 0.00030038611712135345
CentroidX: 0.1885
CentroidY: 0.3235
