Location: Document_2025-04-19_205218-1.png_Otsu.png
Component: component_1745102210000_734.png
centerX: 0.6183745583038869
centerY: 0.517757809157039
width: 0.028857479387514724
height: 0.024390243902439025
Area: 0.0003104661881656942
CentroidX: 0.6312
CentroidY: 0.5303
