Location: Document_2025-04-19_205218-1.png_Gaussian-Closing.png
Component: component_1745102210232_198.png
centerX: 0.4246171967020024
centerY: 0.3029525032092426
width: 0.03356890459363958
height: 0.024390243902439025
Area: 0.00027468193595828465
CentroidX: 0.4393
CentroidY: 0.3147
