Location: Document_2025-04-19_205218-1.png_Otsu.png
Component: component_1745102210035_1101.png
centerX: 0.14605418138987045
centerY: 0.8284124946512623
width: 0.032391048292108364
height: 0.026529738981600343
Area: 0.0002625858507050758
CentroidX: 0.1598
CentroidY: 0.8415
