Location: Document_2025-04-19_205243-1.png_Mean-Medain.png
Component: component_1745102210076_63.png
centerX: 0.7685512367491166
centerY: 0.021822849807445442
width: 0.028268551236749116
height: 0.023106546854942234
Area: 0.0003018981277780046
CentroidX: 0.7817
CentroidY: 0.0339
