Location: Document_2025-04-19_205218-1.png_Gaussian-Closing.png
Component: component_1745102210299_565.png
centerX: 0.14546525323910484
centerY: 0.9011553273427471
width: 0.03651354534746761
height: 0.02396234488660676
Area: 0.00036817459489454484
CentroidX: 0.1611
CentroidY: 0.9139
