Location: Dedata_28.png_Mean-Closing.png
Component: component_1755505151002_160.png
centerX: 0.5209677419354839
centerY: 0.36990595611285265
width: 0.03306451612903226
height: 0.037902536335138216
Area: 0.0005731804852039457
CentroidX: 0.5356
CentroidY: 0.3891
