Location: Dedata_28.png_Gaussian-Median.png
Component: component_1755505149479_202.png
centerX: 0.8612903225806452
centerY: 0.4659447135936164
width: 0.03387096774193549
height: 0.030493017953833
Area: 0.0004687255812243172
CentroidX: 0.8784
CentroidY: 0.4807
