Location: Dedata_28.png_Gaussian-Median.png
Component: component_1755505149439_35.png
centerX: 0.38548387096774195
centerY: 0.062125961812482186
width: 0.03064516129032258
height: 0.03590766600170989
Area: 0.0004586133352944962
CentroidX: 0.4008
CentroidY: 0.0806
