Location: Dedata_28.png_Gaussian-Median.png
Component: component_1755505149458_114.png
centerX: 0.725
centerY: 0.2390994585351952
width: 0.032661290322580645
height: 0.04132231404958678
Area: 0.0004997517903271771
CentroidX: 0.7387
CentroidY: 0.2616
