Location: Dedata_28.png_Gaussian-Median.png
Component: component_1755505149465_144.png
centerX: 0.44879032258064516
centerY: 0.31347962382445144
width: 0.03467741935483871
height: 0.03818751781134226
Area: 0.0005060719440333153
CentroidX: 0.4643
CentroidY: 0.3334
