Location: Dedata_28.png_Gaussian-Median.png
Component: component_1755505149495_266.png
centerX: 0.8443548387096774
centerY: 0.6420632658877173
width: 0.03387096774193549
height: 0.03562268452550584
Area: 0.0005554840548267589
CentroidX: 0.8591
CentroidY: 0.6599
