Location: Dedata_28.png_Gaussian-Median.png
Component: component_1755505149453_92.png
centerX: 0.7012096774193548
centerY: 0.19293245939013964
width: 0.03467741935483871
height: 0.03562268452550584
Area: 0.0004932018128499067
CentroidX: 0.7167
CentroidY: 0.2113
