Location: Dedata_28.png_Otsu.png
Component: component_1755505150494_274.png
centerX: 0.38306451612903225
centerY: 0.4992875463094899
width: 0.031451612903225803
height: 0.03163294385864919
Area: 0.0004660826078562958
CentroidX: 0.3973
CentroidY: 0.5157
