Location: Dedata_28.png_Mean-Medain.png
Component: component_1755505149919_186.png
centerX: 0.5419354838709678
centerY: 0.42832715873468225
width: 0.03387096774193549
height: 0.03761755485893417
Area: 0.0005590463232793095
CentroidX: 0.5572
CentroidY: 0.4481
