Location: Dedata_28.png_Otsu.png
Component: component_1755505150496_276.png
centerX: 0.28266129032258064
centerY: 0.5078369905956113
width: 0.032661290322580645
height: 0.03419777714448561
Area: 0.0004892948087406577
CentroidX: 0.2980
CentroidY: 0.5250
