Location: Dedata_28.png_Mean-Closing.png
Component: component_1755505151005_163.png
centerX: 0.3883064516129032
centerY: 0.3804502707324024
width: 0.03508064516129032
height: 0.04075235109717868
Area: 0.0006068496676748269
CentroidX: 0.4039
CentroidY: 0.4014
