Location: Dedata_28.png_Mean-Medain.png
Component: component_1755505149925_196.png
centerX: 0.09637096774193549
centerY: 0.46053006554573955
width: 0.03387096774193549
height: 0.042462239954402965
Area: 0.0006113312312119067
CentroidX: 0.1111
CentroidY: 0.4827
