Location: Dedata_28.png_Mean-Medain.png
Component: component_1755505149755_34.png
centerX: 0.47580645161290325
centerY: 0.06041607295525791
width: 0.036290322580645164
height: 0.03590766600170989
Area: 0.000500441261640574
CentroidX: 0.4924
CentroidY: 0.0797
