Location: Dedata_28.png_Otsu.png
Component: component_1755505150579_279.png
centerX: 0.8665322580645162
centerY: 0.5163864348817326
width: 0.03346774193548387
height: 0.030208036477628954
Area: 0.00046527822465733273
CentroidX: 0.8809
CentroidY: 0.5318
