Location: Dedata_28.png_Mean-Medain.png
Component: component_1755505149800_58.png
centerX: 0.19112903225806452
centerY: 0.11171273867198632
width: 0.03387096774193549
height: 0.04645198062125962
Area: 0.0005689287454379981
CentroidX: 0.2072
CentroidY: 0.1352
