Location: Dedata_28.png_Otsu.png
Component: component_1755505150108_58.png
centerX: 0.23870967741935484
centerY: 0.1134226275292106
width: 0.03387096774193549
height: 0.04075235109717868
Area: 0.0004399976098327802
CentroidX: 0.2543
CentroidY: 0.1335
