Location: Dedata_28.png_Gaussian-Median.png
Component: component_1755505149444_52.png
centerX: 0.542741935483871
centerY: 0.10173838700484468
width: 0.0375
height: 0.04018238814477059
Area: 0.0005284797617187141
CentroidX: 0.5622
CentroidY: 0.1226
