Location: Dedata_28.png_Mean-Medain.png
Component: component_1755505149968_266.png
centerX: 0.7157258064516129
centerY: 0.6517526360786549
width: 0.03225806451612903
height: 0.034482758620689655
Area: 0.0005510024912896791
CentroidX: 0.7311
CentroidY: 0.6700
