Location: Dedata_28.png_Gaussian-Median.png
Component: component_1755505149443_50.png
centerX: 0.6588709677419354
centerY: 0.1005984611000285
width: 0.032661290322580645
height: 0.03875748076375036
Area: 0.0004997517903271771
CentroidX: 0.6728
CentroidY: 0.1205
