Location: Dedata_28.png_Otsu.png
Component: component_1755505150148_189.png
centerX: 0.22903225806451613
centerY: 0.3311484753491023
width: 0.03185483870967742
height: 0.0353377030493018
Area: 0.00033381902756965956
CentroidX: 0.2435
CentroidY: 0.3493
