Location: Dedata_28.png_Gaussian-Median.png
Component: component_1755505149487_234.png
centerX: 0.3790322580645161
centerY: 0.5522941008834426
width: 0.038306451612903226
height: 0.03505272157309775
Area: 0.0005289394092609787
CentroidX: 0.3959
CentroidY: 0.5700
