Location: Dedata_28.png_Otsu.png
Component: component_1755505150111_67.png
centerX: 0.8596774193548387
centerY: 0.1396409233399829
width: 0.03024193548387097
height: 0.031062980906241093
Area: 0.00038035834122394945
CentroidX: 0.8744
CentroidY: 0.1552
