Location: Dedata_28.png_Otsu.png
Component: component_1755505150620_325.png
centerX: 0.9342741935483871
centerY: 0.6355086919350242
width: 0.032661290322580645
height: 0.03419777714448561
Area: 0.00048205535994999034
CentroidX: 0.9483
CentroidY: 0.6538
