Location: Dedata_28.png_Mean-Medain.png
Component: component_1755505149923_192.png
centerX: 0.23790322580645162
centerY: 0.4479908805927615
width: 0.03508064516129032
height: 0.04274722143060701
Area: 0.000641897792772502
CentroidX: 0.2537
CentroidY: 0.4704
