Location: Dedata_28.png_Mean-Closing.png
Component: component_1755505151089_290.png
centerX: 0.30362903225806454
centerY: 0.7412368196067256
width: 0.03951612903225806
height: 0.04274722143060701
Area: 0.0007134878974802122
CentroidX: 0.3224
CentroidY: 0.7637
