Location: Dedata_28.png_Otsu.png
Component: component_1755505150618_323.png
centerX: 0.06169354838709677
centerY: 0.6346537475064121
width: 0.032661290322580645
height: 0.03220290681105728
Area: 0.0004720580259057355
CentroidX: 0.0762
CentroidY: 0.6516
