Location: Dedata_28.png_Mean-Medain.png
Component: component_1755505149957_237.png
centerX: 0.2375
centerY: 0.5682530635508692
width: 0.03669354838709677
height: 0.03334283271587347
Area: 0.0005397411265041966
CentroidX: 0.2540
CentroidY: 0.5851
