Location: Dedata_28.png_Otsu.png
Component: component_1755505150590_296.png
centerX: 0.3334677419354839
centerY: 0.5568538045027073
width: 0.03508064516129032
height: 0.03590766600170989
Area: 0.0004917079583375468
CentroidX: 0.3494
CentroidY: 0.5744
