Location: Dedata_28.png_Mean-Closing.png
Component: component_1755505151028_194.png
centerX: 0.8612903225806452
centerY: 0.4659447135936164
width: 0.034274193548387094
height: 0.030493017953833
Area: 0.0004967640813024573
CentroidX: 0.8785
CentroidY: 0.4807
