Location: Dedata_28.png_Mean-Medain.png
Component: component_1755505149758_38.png
centerX: 0.1504032258064516
centerY: 0.06412083214591052
width: 0.031451612903225803
height: 0.039897406668566546
Area: 0.0005183675157888931
CentroidX: 0.1639
CentroidY: 0.0864
