Location: Dedata_28.png_Gaussian-Median.png
Component: component_1755505149435_14.png
centerX: 0.572983870967742
centerY: 0.007409518381305215
width: 0.03588709677419355
height: 0.03932744371615845
Area: 0.0005438779543845779
CentroidX: 0.5878
CentroidY: 0.0297
