Location: Dedata_28.png_Mean-Medain.png
Component: component_1755505149868_139.png
centerX: 0.05040322580645161
centerY: 0.2932459390139641
width: 0.034274193548387094
height: 0.04103733257338273
Area: 0.0005543349359710974
CentroidX: 0.0668
CentroidY: 0.3148
