Location: Dedata_28.png_Otsu.png
Component: component_1755505150670_352.png
centerX: 0.6729838709677419
centerY: 0.7278426902251354
width: 0.03669354838709677
height: 0.03419777714448561
Area: 0.0005203210178435176
CentroidX: 0.6889
CentroidY: 0.7459
