Location: Dedata_28.png_Otsu.png
Component: component_1755505150141_156.png
centerX: 0.09193548387096774
centerY: 0.2892561983471074
width: 0.03064516129032258
height: 0.04189227700199487
Area: 0.0004445940852554261
CentroidX: 0.1059
CentroidY: 0.3109
