Location: Dedata_28.png_Mean-Medain.png
Component: component_1755505149972_273.png
centerX: 0.38548387096774195
centerY: 0.6702764320319179
width: 0.039112903225806454
height: 0.03932744371615845
Area: 0.0006186855918881402
CentroidX: 0.4015
CentroidY: 0.6898
