Location: Dedata_28.png_Mean-Closing.png
Component: component_1755505150891_12.png
centerX: 0.013306451612903225
centerY: 0.007694499857509262
width: 0.034274193548387094
height: 0.03875748076375036
Area: 0.0006213285652561615
CentroidX: 0.0280
CentroidY: 0.0300
