Location: Dedata_28.png_Gaussian-Median.png
Component: component_1755505149436_19.png
centerX: 0.47580645161290325
centerY: 0.00883442576232545
width: 0.03790322580645161
height: 0.04018238814477059
Area: 0.0005647919175576168
CentroidX: 0.4920
CentroidY: 0.0305
