Location: Dedata_28.png_Otsu.png
Component: component_1755505150394_265.png
centerX: 0.7741935483870968
centerY: 0.47306925049871756
width: 0.03306451612903226
height: 0.030777999430037048
Area: 0.0004399976098327802
CentroidX: 0.7889
CentroidY: 0.4884
