Location: Dedata_28.png_Otsu.png
Component: component_1755505150670_351.png
centerX: 0.7193548387096774
centerY: 0.725847819891707
width: 0.035483870967741936
height: 0.033912795668281565
Area: 0.0004964193456457589
CentroidX: 0.7343
CentroidY: 0.7431
