Location: Dedata_28.png_Mean-Medain.png
Component: component_1755505149867_138.png
centerX: 0.011693548387096775
centerY: 0.2932459390139641
width: 0.031048387096774193
height: 0.04160729552579082
Area: 0.000545486720782504
CentroidX: 0.0268
CentroidY: 0.3159
