Location: Dedata_28.png_Gaussian-Median.png
Component: component_1755505149467_155.png
centerX: 0.10362903225806451
centerY: 0.34340267882587633
width: 0.031451612903225803
height: 0.03733257338273012
Area: 0.00046068174923468683
CentroidX: 0.1186
CentroidY: 0.3625
