Location: Dedata_28.png_Otsu.png
Component: component_1755505150168_247.png
centerX: 0.5854838709677419
centerY: 0.42462239954402964
width: 0.037096774193548385
height: 0.037902536335138216
Area: 0.000500441261640574
CentroidX: 0.6011
CentroidY: 0.4444
