Location: Dedata_28.png_Gaussian-Median.png
Component: component_1755505149458_112.png
centerX: 0.013709677419354839
centerY: 0.23510971786833856
width: 0.03064516129032258
height: 0.04331718438301511
Area: 0.0005368683293650429
CentroidX: 0.0282
CentroidY: 0.2580
