Location: Dedata_28.png_Gaussian-Median.png
Component: component_1755505149496_270.png
centerX: 0.6653225806451613
centerY: 0.6540324878882873
width: 0.03508064516129032
height: 0.0353377030493018
Area: 0.0005569779093391187
CentroidX: 0.6810
CentroidY: 0.6725
