Location: Dedata_28.png_Mean-Medain.png
Component: component_1755505149946_220.png
centerX: 0.09919354838709678
centerY: 0.5237959532630379
width: 0.03185483870967742
height: 0.039612425192362494
Area: 0.0005837523786760312
CentroidX: 0.1132
CentroidY: 0.5444
