Location: Dedata_28.png_Otsu.png
Component: component_1755505150153_207.png
centerX: 0.013709677419354839
centerY: 0.3510971786833856
width: 0.03508064516129032
height: 0.036477628954117984
Area: 0.0003952968863475487
CentroidX: 0.0296
CentroidY: 0.3703
