Location: Dedata_28.png_Mean-Medain.png
Component: component_1755505149863_128.png
centerX: 0.8661290322580645
centerY: 0.2772869763465375
width: 0.03185483870967742
height: 0.03562268452550584
Area: 0.000543992866270144
CentroidX: 0.8807
CentroidY: 0.2961
