Location: Dedata_28.png_Mean-Medain.png
Component: component_1755505149958_240.png
centerX: 0.7661290322580645
centerY: 0.5745226560273582
width: 0.03669354838709677
height: 0.031917925334853235
Area: 0.0005259517002362588
CentroidX: 0.7816
CentroidY: 0.5909
