Location: Dedata_28.png_Mean-Closing.png
Component: component_1755505150889_9.png
centerX: 0.9161290322580645
centerY: 0.005699629524080934
width: 0.03669354838709677
height: 0.04274722143060701
Area: 0.0005596208827071402
CentroidX: 0.9307
CentroidY: 0.0298
