Location: Dedata_28.png_Mean-Closing.png
Component: component_1755505150959_96.png
centerX: 0.5266129032258065
centerY: 0.20233684810487318
width: 0.03346774193548387
height: 0.037047591906526074
Area: 0.000516758749390967
CentroidX: 0.5423
CentroidY: 0.2216
