Location: Dedata_28.png_Mean-Medain.png
Component: component_1755505149775_48.png
centerX: 0.8604838709677419
centerY: 0.09774864633798803
width: 0.032661290322580645
height: 0.030208036477628954
Area: 0.00043287307292767905
CentroidX: 0.8748
CentroidY: 0.1133
