Location: Dedata_28.png_Gaussian-Median.png
Component: component_1755505149450_81.png
centerX: 0.1971774193548387
centerY: 0.1701339412938159
width: 0.03185483870967742
height: 0.03505272157309775
Area: 0.0004744711755026246
CentroidX: 0.2115
CentroidY: 0.1881
