Location: Dedata_28.png_Otsu.png
Component: component_1755505150152_205.png
centerX: 0.05846774193548387
centerY: 0.3493872898261613
width: 0.03387096774193549
height: 0.03419777714448561
Area: 0.0003785197510548911
CentroidX: 0.0756
CentroidY: 0.3672
