Location: Dedata_28.png_Gaussian-Median.png
Component: component_1755505149467_153.png
centerX: 0.1431451612903226
centerY: 0.33798803077799944
width: 0.028225806451612902
height: 0.04103733257338273
Area: 0.0004412616405740079
CentroidX: 0.1559
CentroidY: 0.3595
