Location: Dedata_28.png_Mean-Closing.png
Component: component_1755505150909_31.png
centerX: 0.7653225806451613
centerY: 0.05642633228840126
width: 0.03024193548387097
height: 0.03305785123966942
Area: 0.0004406870811461771
CentroidX: 0.7778
CentroidY: 0.0742
