Location: Dedata_28.png_Mean-Closing.png
Component: component_1755505151044_219.png
centerX: 0.010887096774193548
centerY: 0.5332003419777714
width: 0.03225806451612903
height: 0.033912795668281565
Area: 0.0005319271182856985
CentroidX: 0.0258
CentroidY: 0.5514
