Location: Dedata_28.png_Gaussian-Median.png
Component: component_1755505149435_15.png
centerX: 0.38387096774193546
centerY: 0.008264462809917356
width: 0.03467741935483871
height: 0.04132231404958678
Area: 0.0006105268480129436
CentroidX: 0.3993
CentroidY: 0.0310
