Location: Dedata_28.png_Mean-Medain.png
Component: component_1755505149870_141.png
centerX: 0.6233870967741936
centerY: 0.29780564263322884
width: 0.031451612903225803
height: 0.03619264747791394
Area: 0.0005161841899631363
CentroidX: 0.6375
CentroidY: 0.3172
