Location: Dedata_28.png_Otsu.png
Component: component_1755505150129_121.png
centerX: 0.8116935483870967
centerY: 0.23311484753491024
width: 0.03508064516129032
height: 0.04018238814477059
Area: 0.000496534257531325
CentroidX: 0.8267
CentroidY: 0.2532
