Location: Dedata_28.png_Otsu.png
Component: component_1755505150596_299.png
centerX: 0.8596774193548387
centerY: 0.567113137646053
width: 0.03306451612903226
height: 0.030208036477628954
Area: 0.00045711948078213624
CentroidX: 0.8742
CentroidY: 0.5823
