Location: Dedata_28.png_Gaussian-Median.png
Component: component_1755505149475_184.png
centerX: 0.775
centerY: 0.41293815901966374
width: 0.034274193548387094
height: 0.03676261043032203
Area: 0.0005123920977394534
CentroidX: 0.7904
CentroidY: 0.4314
