Location: Dedata_28.png_Mean-Closing.png
Component: component_1755505151078_270.png
centerX: 0.24919354838709679
centerY: 0.6788258763180394
width: 0.035483870967741936
height: 0.038472499287546306
Area: 0.0006040917824212394
CentroidX: 0.2666
CentroidY: 0.6982
