Location: Dedata_28.png_Mean-Medain.png
Component: component_1755505149836_97.png
centerX: 0.48024193548387095
centerY: 0.20746651467654603
width: 0.034274193548387094
height: 0.033912795668281565
Area: 0.000542384099872218
CentroidX: 0.4953
CentroidY: 0.2256
