Location: Dedata_28.png_Mean-Closing.png
Component: component_1755505150922_45.png
centerX: 0.95
centerY: 0.09375890567113138
width: 0.027822580645161292
height: 0.03277286976346538
Area: 0.0004173599683762491
CentroidX: 0.9617
CentroidY: 0.1107
