Location: Dedata_28.png_Otsu.png
Component: component_1755505150143_161.png
centerX: 0.050806451612903224
centerY: 0.29353092049016816
width: 0.03225806451612903
height: 0.040467369620974636
Area: 0.00041287840483916934
CentroidX: 0.0662
CentroidY: 0.3146
