Location: Dedata_28.png_Mean-Closing.png
Component: component_1755505151003_161.png
centerX: 0.4774193548387097
centerY: 0.37361071530350526
width: 0.03225806451612903
height: 0.04018238814477059
Area: 0.0005664006839555429
CentroidX: 0.4915
CentroidY: 0.3948
