Location: Dedata_28.png_Mean-Closing.png
Component: component_1755505150895_17.png
centerX: 0.1217741935483871
centerY: 0.00883442576232545
width: 0.031048387096774193
height: 0.038472499287546306
Area: 0.0005099789481425643
CentroidX: 0.1348
CentroidY: 0.0297
