Location: Dedata_28.png_Gaussian-Median.png
Component: component_1755505149495_267.png
centerX: 0.7979838709677419
centerY: 0.6446280991735537
width: 0.035483870967741936
height: 0.03619264747791394
Area: 0.0005689287454379981
CentroidX: 0.8133
CentroidY: 0.6630
