Location: Dedata_28.png_Mean-Closing.png
Component: component_1755505150940_64.png
centerX: 0.9532258064516129
centerY: 0.1365061271017384
width: 0.02903225806451613
height: 0.03733257338273012
Area: 0.0004766545013283814
CentroidX: 0.9658
CentroidY: 0.1566
