Location: Dedata_28.png_Mean-Medain.png
Component: component_1755505149956_236.png
centerX: 0.8592741935483871
centerY: 0.5668281561698489
width: 0.03387096774193549
height: 0.030777999430037048
Area: 0.000523768374410502
CentroidX: 0.8742
CentroidY: 0.5824
