Location: Dedata_28.png_Mean-Medain.png
Component: component_1755505149974_279.png
centerX: 0.11451612903225807
centerY: 0.6873753206041607
width: 0.03387096774193549
height: 0.03619264747791394
Area: 0.0006156978828634203
CentroidX: 0.1303
CentroidY: 0.7054
