Location: Dedata_28.png_Gaussian-Median.png
Component: component_1755505149453_94.png
centerX: 0.6161290322580645
centerY: 0.19806212596181247
width: 0.03508064516129032
height: 0.034482758620689655
Area: 0.0004573493045532686
CentroidX: 0.6328
CentroidY: 0.2158
