Location: Dedata_28.png_Mean-Closing.png
Component: component_1755505151046_222.png
centerX: 0.5245967741935483
centerY: 0.5388999715018524
width: 0.037096774193548385
height: 0.0347677400968937
Area: 0.0005801901102234806
CentroidX: 0.5417
CentroidY: 0.5562
