Location: Dedata_28.png_Gaussian-Median.png
Component: component_1755505149437_28.png
centerX: 0.7209677419354839
centerY: 0.05471644343117697
width: 0.02903225806451613
height: 0.036477628954117984
Area: 0.00042597835979371016
CentroidX: 0.7331
CentroidY: 0.0755
