Location: Dedata_28.png_Mean-Closing.png
Component: component_1755505151065_252.png
centerX: 0.11370967741935484
centerY: 0.6263892846964947
width: 0.035483870967741936
height: 0.03676261043032203
Area: 0.0006159277066345526
CentroidX: 0.1308
CentroidY: 0.6455
