Location: Dedata_28.png_Mean-Medain.png
Component: component_1755505149992_322.png
centerX: 0.0064516129032258064
centerY: 0.8150470219435737
width: 0.03870967741935484
height: 0.04018238814477059
Area: 0.0006786695961536694
CentroidX: 0.0235
CentroidY: 0.8363
