Location: Dedata_28.png_Otsu.png
Component: component_1755505150659_342.png
centerX: 0.1620967741935484
centerY: 0.6862353946993446
width: 0.03225806451612903
height: 0.0347677400968937
Area: 0.0004636694582594067
CentroidX: 0.1763
CentroidY: 0.7035
