Location: Dedata_28.png_Gaussian-Median.png
Component: component_1755505149471_172.png
centerX: 0.3004032258064516
centerY: 0.38444001139925904
width: 0.03508064516129032
height: 0.04160729552579082
Area: 0.0005783515200544222
CentroidX: 0.3161
CentroidY: 0.4046
