Location: Dedata_28.png_Gaussian-Median.png
Component: component_1755505149493_258.png
centerX: 0.2725806451612903
centerY: 0.6166999145055572
width: 0.034274193548387094
height: 0.030208036477628954
Area: 0.0005135412165951148
CentroidX: 0.2879
CentroidY: 0.6321
