Location: Dedata_28.png_Mean-Medain.png
Component: component_1755505149847_104.png
centerX: 0.9451612903225807
centerY: 0.22200056996295242
width: 0.02903225806451613
height: 0.04445711028783129
Area: 0.0005684690978957336
CentroidX: 0.9584
CentroidY: 0.2445
