Location: Dedata_28.png_Otsu.png
Component: component_1755505150727_387.png
centerX: 0.4653225806451613
centerY: 0.7916785408948418
width: 0.0375
height: 0.04217725847819892
Area: 0.0006175364730324787
CentroidX: 0.4831
CentroidY: 0.8135
