Location: Dedata_28.png_Mean-Medain.png
Component: component_1755505149964_256.png
centerX: 0.2221774193548387
centerY: 0.6184098033627814
width: 0.03346774193548387
height: 0.03334283271587347
Area: 0.0005275604666341849
CentroidX: 0.2372
CentroidY: 0.6357
