Location: Dedata_28.png_Mean-Medain.png
Component: component_1755505149911_169.png
centerX: 0.34758064516129034
centerY: 0.3815901966372186
width: 0.02943548387096774
height: 0.043032202906811055
Area: 0.0006085733459583191
CentroidX: 0.3611
CentroidY: 0.4038
