Location: Dedata_28.png_Gaussian-Median.png
Component: component_1755505149463_135.png
centerX: 0.09153225806451613
centerY: 0.2889712168709034
width: 0.032661290322580645
height: 0.04217725847819892
Area: 0.0005456016326680701
CentroidX: 0.1063
CentroidY: 0.3109
