Location: Dedata_28.png_Otsu.png
Component: component_1755505150710_378.png
centerX: 0.7673387096774194
centerY: 0.7777144485608436
width: 0.03790322580645161
height: 0.039042462239954404
Area: 0.0005581270281947802
CentroidX: 0.7839
CentroidY: 0.7978
