Location: Dedata_28.png_Mean-Medain.png
Component: component_1755505149841_98.png
centerX: 0.43024193548387096
centerY: 0.21145625534340268
width: 0.03185483870967742
height: 0.0353377030493018
Area: 0.00044574320411108764
CentroidX: 0.4458
CentroidY: 0.2308
