Location: Dedata_28.png_Mean-Medain.png
Component: component_1755505149914_174.png
centerX: 0.11008064516129032
centerY: 0.39925904816186947
width: 0.034274193548387094
height: 0.04132231404958678
Area: 0.0006167320898335157
CentroidX: 0.1265
CentroidY: 0.4198
