Location: Dedata_3.png_Mean-Medain.png
Component: component_1755523486065_6.png
centerX: 0.02258064516129032
centerY: 0.011969222000569962
width: 0.04032258064516129
height: 0.026788258763180393
Area: 0.0006980897048143483
CentroidX: 0.0416
CentroidY: 0.0241
