Location: Dedata_17.png_Gaussian-Median.png
Component: component_1755512339644_147.png
centerX: 0.7830645161290323
centerY: 0.3225990310629809
width: 0.020161290322580645
height: 0.0438871473354232
Area: 0.00029750687173075687
CentroidX: 0.7920
CentroidY: 0.3412
