Location: internet_21.png_Gaussian-Closing.png
Component: component_1755082377564_288.png
centerX: 0.03788794840790004
centerY: 0.6823495865412033
width: 0.012091898428053204
height: 0.04419731964642144
Area: 0.0001811313746089901
CentroidX: 0.0419
CentroidY: 0.7045
