Location: internet_21.png_Gaussian-Closing.png
Component: component_1755082377572_319.png
centerX: 0.7984683595324465
centerY: 0.7496435700028514
width: 0.02781136638452237
height: 0.04077559167379527
Area: 0.00031858894061936584
CentroidX: 0.8138
CentroidY: 0.7699
