Location: Dedata_17.png_Gaussian-Median.png
Component: component_1755512339682_319.png
centerX: 0.4762096774193548
centerY: 0.7549159304645198
width: 0.02056451612903226
height: 0.037902536335138216
Area: 0.00032175327958521406
CentroidX: 0.4878
CentroidY: 0.7711
