Location: Kurtxevani_1764_page_10.png_Otsu.png
Component: component_1755610055861_802.png
centerX: 0.20970873786407768
centerY: 0.26520112254443406
width: 0.012944983818770227
height: 0.018709073900841908
Area: 0.00012291074439711676
CentroidX: 0.2157
CentroidY: 0.2733
