Location: internet_21.png_Mean-Medain.png
Component: component_1755082376376_287.png
centerX: 0.9161628375654978
centerY: 0.6877673224978614
width: 0.03305118903667876
height: 0.04448246364414029
Area: 0.0003826055495389138
CentroidX: 0.9337
CentroidY: 0.7082
