Location: Dedata_17.png_Gaussian-Median.png
Component: component_1755512339671_267.png
centerX: 0.6991935483870968
centerY: 0.6084354516956397
width: 0.02379032258064516
height: 0.04331718438301511
Area: 0.00036737329815497477
CentroidX: 0.7113
CentroidY: 0.6271
