Location: Dedata_17.png_Mean-Closing.png
Component: component_1755512339827_259.png
centerX: 0.6133064516129032
centerY: 0.6149900256483328
width: 0.02338709677419355
height: 0.039612425192362494
Area: 0.00034990669154892027
CentroidX: 0.6268
CentroidY: 0.6326
