Location: internet_21.png_Otsu.png
Component: component_1755082377159_2561.png
centerX: 0.3966142684401451
centerY: 0.7792985457656116
width: 0.026199113260781944
height: 0.039064727687482176
Area: 0.00023434446245414393
CentroidX: 0.4108
CentroidY: 0.7979
