Location: internet_21.png_Mean-Medain.png
Component: component_1755082376302_86.png
centerX: 0.8214429665457477
centerY: 0.19275734245794127
width: 0.02902055622732769
height: 0.04077559167379527
Area: 0.0003852489642698825
CentroidX: 0.8380
CentroidY: 0.2126
