Location: internet_21.png_Mean-Medain.png
Component: component_1755082376335_236.png
centerX: 0.7952438532849657
centerY: 0.5571713715426291
width: 0.03426037887948408
height: 0.04847447961220416
Area: 0.00041248762910638673
CentroidX: 0.8139
CentroidY: 0.5816
