Location: internet_21.png_Otsu.png
Component: component_1755082376681_575.png
centerX: 0.7412333736396615
centerY: 0.2563444539492444
width: 0.02902055622732769
height: 0.04362703165098375
Area: 0.0002741106144939349
CentroidX: 0.7576
CentroidY: 0.2781
