Location: Dedata_17.png_Mean-Medain.png
Component: component_1755512339289_108.png
centerX: 0.23911290322580644
centerY: 0.2413793103448276
width: 0.020967741935483872
height: 0.038472499287546306
Area: 0.0003280734332913522
CentroidX: 0.2507
CentroidY: 0.2575
