Location: Dedata_17.png_Gaussian-Median.png
Component: component_1755512339685_334.png
centerX: 0.7564516129032258
centerY: 0.7842690225135366
width: 0.021370967741935483
height: 0.02821316614420063
Area: 0.00025050791053420236
CentroidX: 0.7675
CentroidY: 0.7970
