Location: internet_21.png_Mean-Medain.png
Component: component_1755082376320_164.png
centerX: 0.49012494961708986
centerY: 0.3869404049044768
width: 0.02902055622732769
height: 0.044767607641859136
Area: 0.000389846207280263
CentroidX: 0.5061
CentroidY: 0.4086
