Location: Dedata_17.png_Mean-Closing.png
Component: component_1755512339770_126.png
centerX: 0.43911290322580643
centerY: 0.29410088344257623
width: 0.025403225806451612
height: 0.04103733257338273
Area: 0.0003024480828101012
CentroidX: 0.4508
CentroidY: 0.3105
