Location: Dedata_17.png_Gaussian-Median.png
Component: component_1755512339651_177.png
centerX: 0.5415322580645161
centerY: 0.3952693074950128
width: 0.02338709677419355
height: 0.04160729552579082
Area: 0.0002972770479596246
CentroidX: 0.5507
CentroidY: 0.4133
