Location: internet_21.png_Mean-Medain.png
Component: component_1755082376366_274.png
centerX: 0.5086658605401048
centerY: 0.6375819788993442
width: 0.030229746070133012
height: 0.03992015968063872
Area: 0.0002979013470726538
CentroidX: 0.5246
CentroidY: 0.6592
