Location: internet_21.png_Otsu.png
Component: component_1755082376900_1382.png
centerX: 0.1608222490931076
centerY: 0.46649558026803534
width: 0.026199113260781944
height: 0.04305674365554605
Area: 0.0002369878771851127
CentroidX: 0.1757
CentroidY: 0.4890
