Location: Dedata_17.png_Mean-Closing.png
Component: component_1755512339899_353.png
centerX: 0.6133064516129032
centerY: 0.8612140210886292
width: 0.02338709677419355
height: 0.039897406668566546
Area: 0.0004123038454113386
CentroidX: 0.6272
CentroidY: 0.8790
