Location: Dedata_17.png_Mean-Closing.png
Component: component_1755512339871_315.png
centerX: 0.8681451612903226
centerY: 0.774009689370191
width: 0.02338709677419355
height: 0.03676261043032203
Area: 0.0003123305049687899
CentroidX: 0.8813
CentroidY: 0.7901
