Location: Dedata_17.png_Mean-Closing.png
Component: component_1755512339774_144.png
centerX: 0.6004032258064517
centerY: 0.3359931604445711
width: 0.02661290322580645
height: 0.04645198062125962
Area: 0.00034002426939023155
CentroidX: 0.6106
CentroidY: 0.3554
