Location: Dedata_17.png_Otsu.png
Component: component_1755512340234_526.png
centerX: 0.7903225806451613
centerY: 0.37902536335138215
width: 0.025403225806451612
height: 0.040467369620974636
Area: 0.0002429237260868366
CentroidX: 0.8011
CentroidY: 0.3958
