Location: internet_21.png_Mean-Medain.png
Component: component_1755082376374_284.png
centerX: 0.11003627569528417
centerY: 0.6746506986027944
width: 0.02902055622732769
height: 0.04818933561448532
Area: 0.00032674904696279117
CentroidX: 0.1257
CentroidY: 0.6994
