Location: Dedata_17.png_Mean-Closing.png
Component: component_1755512339797_225.png
centerX: 0.817741935483871
centerY: 0.5337703049301795
width: 0.02379032258064516
height: 0.036477628954117984
Area: 0.00033473832265418875
CentroidX: 0.8300
CentroidY: 0.5491
