Location: Dedata_17.png_Gaussian-Median.png
Component: component_1755512339622_91.png
centerX: 0.4254032258064516
centerY: 0.17526360786548875
width: 0.022983870967741935
height: 0.047021943573667714
Area: 0.00037415309940337746
CentroidX: 0.4354
CentroidY: 0.1951
