Location: Dedata_17.png_Mean-Medain.png
Component: component_1755512339312_208.png
centerX: 0.775
centerY: 0.4864633798803078
width: 0.021370967741935483
height: 0.04132231404958678
Area: 0.00032726905009238915
CentroidX: 0.7851
CentroidY: 0.5041
