Location: internet_21.png_Mean-Medain.png
Component: component_1755082376291_36.png
centerX: 0.3708182184602983
centerY: 0.06444254348445966
width: 0.03184199919387344
height: 0.039064727687482176
Area: 0.00041731473426728625
CentroidX: 0.3874
CentroidY: 0.0831
