Location: Dedata_17.png_Mean-Medain.png
Component: component_1755512339329_274.png
centerX: 0.8419354838709677
centerY: 0.6617269877457965
width: 0.02379032258064516
height: 0.04445711028783129
Area: 0.00039748021217330553
CentroidX: 0.8536
CentroidY: 0.6799
