Location: Dedata_17.png_Gaussian-Median.png
Component: component_1755512339693_374.png
centerX: 0.3116935483870968
centerY: 0.8857224280421773
width: 0.028629032258064516
height: 0.039612425192362494
Area: 0.00035772069976741834
CentroidX: 0.3274
CentroidY: 0.9026
