Location: internet_21.png_Gaussian-Closing.png
Component: component_1755082377512_98.png
centerX: 0.237807335751713
centerY: 0.23210721414314228
width: 0.03143893591293833
height: 0.041916167664670656
Area: 0.0002989357267499894
CentroidX: 0.2549
CentroidY: 0.2543
