Location: Dedata_17.png_Mean-Closing.png
Component: component_1755512339779_163.png
centerX: 0.7899193548387097
centerY: 0.3787403818751781
width: 0.025806451612903226
height: 0.04103733257338273
Area: 0.0003132498000533191
CentroidX: 0.8013
CentroidY: 0.3961
