Location: internet_21.png_Otsu.png
Component: component_1755082377140_2469.png
centerX: 0.054816606207174524
centerY: 0.7425149700598802
width: 0.03345425231761386
height: 0.0427715996578272
Area: 0.00023055173697058006
CentroidX: 0.0715
CentroidY: 0.7650
