Location: Kurtxevani_1764_page_10.png_Otsu.png
Component: component_1755610055971_1593.png
centerX: 0.21035598705501618
centerY: 0.6594948550046773
width: 0.01488673139158576
height: 0.018709073900841908
Area: 0.0001531843267609386
CentroidX: 0.2177
CentroidY: 0.6680
