Location: internet_21.png_Mean-Medain.png
Component: component_1755082376322_171.png
centerX: 0.1652559451833938
centerY: 0.4074707727402338
width: 0.026602176541717048
height: 0.043912175648702596
Area: 0.00035709085083130223
CentroidX: 0.1804
CentroidY: 0.4291
