Location: internet_21.png_Gaussian-Median.png
Component: component_1755082377409_461.png
centerX: 0.020556227327690448
centerY: 0.851725121186199
width: 0.03506650544135429
height: 0.043341887653264896
Area: 0.0004189237693209194
CentroidX: 0.0379
CentroidY: 0.8731
