Location: internet_21.png_Gaussian-Closing.png
Component: component_1755082377509_85.png
centerX: 0.7174526400644902
centerY: 0.19846022241231823
width: 0.02902055622732769
height: 0.04505275163957799
Area: 0.00035053977954151004
CentroidX: 0.7331
CentroidY: 0.2203
