Location: internet_21.png_Gaussian-Median.png
Component: component_1755082377315_89.png
centerX: 0.07376058041112454
centerY: 0.17850014257199887
width: 0.028617492946392584
height: 0.04020530367835757
Area: 0.00035571167792818807
CentroidX: 0.0889
CentroidY: 0.1988
