Location: internet_21.png_Otsu.png
Component: component_1755082376966_1866.png
centerX: 0.6549778315195486
centerY: 0.5662959794696322
width: 0.029423619508262798
height: 0.03507271171941831
Area: 0.00017871782202854037
CentroidX: 0.6672
CentroidY: 0.5878
