Location: Dedata_17.png_Mean-Closing.png
Component: component_1755512339782_173.png
centerX: 0.3193548387096774
centerY: 0.40752351097178685
width: 0.020161290322580645
height: 0.04103733257338273
Area: 0.0003289927283758814
CentroidX: 0.3288
CentroidY: 0.4250
