Location: Dedata_17.png_Mean-Closing.png
Component: component_1755512339769_122.png
centerX: 0.567741935483871
centerY: 0.2841265317754346
width: 0.02379032258064516
height: 0.03932744371615845
Area: 0.0003202594250728541
CentroidX: 0.5794
CentroidY: 0.2994
