Location: Dedata_17.png_Otsu.png
Component: component_1755512340298_704.png
centerX: 0.36370967741935484
centerY: 0.7016243944143631
width: 0.01653225806451613
height: 0.03676261043032203
Area: 0.0002718815212495059
CentroidX: 0.3718
CentroidY: 0.7166
