Location: internet_21.png_Gaussian-Closing.png
Component: component_1755082377539_187.png
centerX: 0.3031035872632003
centerY: 0.4550898203592814
width: 0.02539298669891173
height: 0.04647847162817223
Area: 0.00032157714857611314
CentroidX: 0.3171
CentroidY: 0.4771
