Location: internet_21.png_Gaussian-Median.png
Component: component_1755082377317_99.png
centerX: 0.7174526400644902
centerY: 0.19817507841459936
width: 0.02902055622732769
height: 0.045337895637296836
Area: 0.0003631821978200563
CentroidX: 0.7332
CentroidY: 0.2200
