Location: internet_21.png_Gaussian-Median.png
Component: component_1755082377319_112.png
centerX: 0.29343006852075776
centerY: 0.2292557741659538
width: 0.029423619508262798
height: 0.04163102366695181
Area: 0.0003142215597595044
CentroidX: 0.3096
CentroidY: 0.2508
