Location: Dedata_17.png_Mean-Closing.png
Component: component_1755512339766_110.png
centerX: 0.14637096774193548
centerY: 0.24707893986890853
width: 0.021370967741935483
height: 0.0438871473354232
Area: 0.00036082332067770436
CentroidX: 0.1575
CentroidY: 0.2653
