Location: Dedata_17.png_Mean-Medain.png
Component: component_1755512339324_255.png
centerX: 0.10443548387096774
centerY: 0.6015958962667427
width: 0.018951612903225806
height: 0.04331718438301511
Area: 0.00032336204598314015
CentroidX: 0.1138
CentroidY: 0.6198
