Location: Dedata_17.png_Otsu.png
Component: component_1755512340282_673.png
centerX: 0.02379032258064516
centerY: 0.6090054146480479
width: 0.021370967741935483
height: 0.0438871473354232
Area: 0.00027303064010516734
CentroidX: 0.0350
CentroidY: 0.6270
