Location: Dedata_17.png_Mean-Medain.png
Component: component_1755512339310_197.png
centerX: 0.4068548387096774
centerY: 0.4645198062125962
width: 0.017741935483870968
height: 0.03590766600170989
Area: 0.0002998051094420798
CentroidX: 0.4147
CentroidY: 0.4795
