Location: Dedata_17.png_Gaussian-Median.png
Component: component_1755512339630_106.png
centerX: 0.597983870967742
centerY: 0.2225705329153605
width: 0.021774193548387097
height: 0.04103733257338273
Area: 0.00031773136359039886
CentroidX: 0.6077
CentroidY: 0.2401
