Location: Dedata_17.png_Mean-Closing.png
Component: component_1755512339811_242.png
centerX: 0.3471774193548387
centerY: 0.5770874893131946
width: 0.02056451612903226
height: 0.04103733257338273
Area: 0.0003464593349819359
CentroidX: 0.3586
CentroidY: 0.5942
