Location: internet_21.png_Gaussian-Closing.png
Component: component_1755082377500_61.png
centerX: 0.8806932688432084
centerY: 0.14000570287995437
width: 0.032245062474808545
height: 0.038209295694325636
Area: 0.0003219219418018917
CentroidX: 0.8976
CentroidY: 0.1585
