Location: Dedata_17.png_Mean-Closing.png
Component: component_1755512339788_201.png
centerX: 0.8612903225806452
centerY: 0.4762040467369621
width: 0.022983870967741935
height: 0.036477628954117984
Area: 0.0002995752856709475
CentroidX: 0.8730
CentroidY: 0.4923
