Location: internet_21.png_Gaussian-Closing.png
Component: component_1755082377542_208.png
centerX: 0.7589681580008061
centerY: 0.5007128599942972
width: 0.02902055622732769
height: 0.04077559167379527
Area: 0.0003113482828780166
CentroidX: 0.7770
CentroidY: 0.5211
