Location: internet_21.png_Gaussian-Median.png
Component: component_1755082377345_237.png
centerX: 0.39500201531640466
centerY: 0.44767607641859136
width: 0.023377670294236194
height: 0.0504704875962361
Area: 0.00035674605760552367
CentroidX: 0.4081
CentroidY: 0.4724
