Location: Dedata_17.png_Otsu.png
Component: component_1755512340295_698.png
centerX: 0.6314516129032258
centerY: 0.6799658022228555
width: 0.017741935483870968
height: 0.04018238814477059
Area: 0.0002946340745916032
CentroidX: 0.6408
CentroidY: 0.6968
