Location: Dedata_17.png_Mean-Medain.png
Component: component_1755512339309_196.png
centerX: 0.3556451612903226
centerY: 0.4625249358791679
width: 0.024193548387096774
height: 0.042462239954402965
Area: 0.0003331295562562627
CentroidX: 0.3658
CentroidY: 0.4804
