Location: Dedata_17.png_Mean-Closing.png
Component: component_1755512339846_278.png
centerX: 0.7201612903225807
centerY: 0.6742661726987745
width: 0.017338709677419354
height: 0.038472499287546306
Area: 0.00033152078985833664
CentroidX: 0.7288
CentroidY: 0.6902
