Location: Dedata_17.png_Otsu.png
Component: component_1755512340297_703.png
centerX: 0.4004032258064516
centerY: 0.6982046166999145
width: 0.018548387096774192
height: 0.03932744371615845
Area: 0.0002916463655668833
CentroidX: 0.4101
CentroidY: 0.7146
