Location: internet_21.png_Mean-Medain.png
Component: component_1755082376283_4.png
centerX: 0.9338976219266425
centerY: 0.00285143997718848
width: 0.029423619508262798
height: 0.03649843170801255
Area: 0.0003977764514731693
CentroidX: 0.9495
CentroidY: 0.0193
