Location: internet_21.png_Gaussian-Closing.png
Component: component_1755082377481_9.png
centerX: 0.47480854494155583
centerY: 0.008269175933846592
width: 0.02539298669891173
height: 0.03877958368976333
Area: 0.000349850193089953
CentroidX: 0.4880
CentroidY: 0.0266
