Location: Dedata_17.png_Otsu.png
Component: component_1755512340262_651.png
centerX: 0.6173387096774193
centerY: 0.5568538045027073
width: 0.018548387096774192
height: 0.04645198062125962
Area: 0.0003254304599233308
CentroidX: 0.6276
CentroidY: 0.5769
