Location: Dedata_17.png_Otsu.png
Component: component_1755512340201_204.png
centerX: 0.10403225806451613
centerY: 0.18409803362781418
width: 0.020967741935483872
height: 0.03818751781134226
Area: 0.00021178260509841055
CentroidX: 0.1176
CentroidY: 0.2009
