Location: internet_21.png_Gaussian-Closing.png
Component: component_1755082377493_43.png
centerX: 0.6956872228939943
centerY: 0.09153122326775022
width: 0.03426037887948408
height: 0.04562303963501568
Area: 0.0004301870146963515
CentroidX: 0.7147
CentroidY: 0.1143
