Location: Dedata_17.png_Otsu.png
Component: component_1755512340309_740.png
centerX: 0.7564516129032258
centerY: 0.7845540039897406
width: 0.020967741935483872
height: 0.027643203191792535
Area: 0.00022775535719210508
CentroidX: 0.7674
CentroidY: 0.7969
