Location: Dedata_17.png_Gaussian-Median.png
Component: component_1755512339640_136.png
centerX: 0.34153225806451615
centerY: 0.29524080934739244
width: 0.027419354838709678
height: 0.037902536335138216
Area: 0.0002723411687917705
CentroidX: 0.3545
CentroidY: 0.3106
