Location: Dedata_17.png_Mean-Closing.png
Component: component_1755512339745_9.png
centerX: 0.9181451612903225
centerY: 0.01054431461954973
width: 0.025403225806451612
height: 0.030208036477628954
Area: 0.0003106068266852977
CentroidX: 0.9313
CentroidY: 0.0241
