Location: Dedata_17.png_Mean-Medain.png
Component: component_1755512339268_8.png
centerX: 0.7665322580645161
centerY: 0.010259333143345683
width: 0.025
height: 0.03220290681105728
Area: 0.0002886586565421635
CentroidX: 0.7799
CentroidY: 0.0245
