Location: internet_21.png_Otsu.png
Component: component_1755082376818_1133.png
centerX: 0.11366384522370013
centerY: 0.41060735671514115
width: 0.030632809351068116
height: 0.04647847162817223
Area: 0.00022859790869116835
CentroidX: 0.1289
CentroidY: 0.4352
