Location: Dedata_17.png_Otsu.png
Component: component_1755512340312_753.png
centerX: 0.42983870967741933
centerY: 0.8153320034197777
width: 0.01532258064516129
height: 0.040467369620974636
Area: 0.0002956682815616985
CentroidX: 0.4395
CentroidY: 0.8324
