Location: Dedata_17.png_Mean-Closing.png
Component: component_1755512339771_135.png
centerX: 0.907258064516129
centerY: 0.31148475349102306
width: 0.02217741935483871
height: 0.03761755485893417
Area: 0.0002880840971143327
CentroidX: 0.9183
CentroidY: 0.3272
