Location: Dedata_17.png_Mean-Closing.png
Component: component_1755512339803_237.png
centerX: 0.5423387096774194
centerY: 0.5639783414078084
width: 0.017338709677419354
height: 0.04417212881162724
Area: 0.00035967420182204284
CentroidX: 0.5518
CentroidY: 0.5826
