Location: internet_21.png_Mean-Medain.png
Component: component_1755082376331_215.png
centerX: 0.4856912535268037
centerY: 0.5118334759053322
width: 0.029423619508262798
height: 0.05218135158254919
Area: 0.0004624826468442743
CentroidX: 0.5013
CentroidY: 0.5374
