Location: Kurtxevani_1764_page_10.png_Otsu.png
Component: component_1755610056017_2115.png
centerX: 0.5618122977346278
centerY: 0.8746492048643593
width: 0.013592233009708738
height: 0.0205799812909261
Area: 0.00017710045682835788
CentroidX: 0.5687
CentroidY: 0.8843
