Location: Dedata_17.png_Gaussian-Median.png
Component: component_1755512339684_329.png
centerX: 0.1935483870967742
centerY: 0.7782844115132517
width: 0.020967741935483872
height: 0.037047591906526074
Area: 0.00031520330210794365
CentroidX: 0.2048
CentroidY: 0.7941
