Location: Dedata_17.png_Gaussian-Median.png
Component: component_1755512339621_89.png
centerX: 0.3875
centerY: 0.1738387004844685
width: 0.020161290322580645
height: 0.0438871473354232
Area: 0.0002594710376083619
CentroidX: 0.3972
CentroidY: 0.1962
