Location: internet_21.png_Otsu.png
Component: component_1755082376580_95.png
centerX: 0.309552599758162
centerY: 0.06558311947533504
width: 0.027408303103587262
height: 0.03992015968063872
Area: 0.0002699730957845925
CentroidX: 0.3254
CentroidY: 0.0855
