Location: Dedata_17.png_Gaussian-Median.png
Component: component_1755512339675_286.png
centerX: 0.8016129032258065
centerY: 0.6665716728412653
width: 0.018548387096774192
height: 0.04217725847819892
Area: 0.0003350830583108872
CentroidX: 0.8102
CentroidY: 0.6846
