Location: internet_21.png_Gaussian-Closing.png
Component: component_1755082377552_245.png
centerX: 0.4740024183796856
centerY: 0.583404619332763
width: 0.029826682789197905
height: 0.04505275163957799
Area: 0.0003568609886807832
CentroidX: 0.4905
CentroidY: 0.6059
