Location: internet_21.png_Gaussian-Median.png
Component: component_1755082377392_418.png
centerX: 0.6723095525997581
centerY: 0.7573424579412603
width: 0.031035872632003223
height: 0.040490447676076416
Area: 0.0003406557070691921
CentroidX: 0.6896
CentroidY: 0.7783
