Location: Dedata_17.png_Mean-Closing.png
Component: component_1755512339748_26.png
centerX: 0.8318548387096775
centerY: 0.05785123966942149
width: 0.020967741935483872
height: 0.03334283271587347
Area: 0.00029739195984519073
CentroidX: 0.8421
CentroidY: 0.0719
