Location: internet_21.png_Gaussian-Median.png
Component: component_1755082377333_178.png
centerX: 0.23458282950423218
centerY: 0.3455945252352438
width: 0.029826682789197905
height: 0.040490447676076416
Area: 0.00037272147706659577
CentroidX: 0.2501
CentroidY: 0.3651
