Location: internet_21.png_Gaussian-Closing.png
Component: component_1755082377529_158.png
centerX: 0.7871825876662636
centerY: 0.3766752209865982
width: 0.016928657799274487
height: 0.020530367835757058
Area: 0.0001089546593460169
CentroidX: 0.7935
CentroidY: 0.3896
