Location: internet_21.png_Gaussian-Median.png
Component: component_1755082377349_264.png
centerX: 0.06287787182587666
centerY: 0.478471628172227
width: 0.028214429665457477
height: 0.045337895637296836
Area: 0.00034272446642386327
CentroidX: 0.0782
CentroidY: 0.5003
