Location: internet_21.png_Otsu.png
Component: component_1755082376825_1167.png
centerX: 0.8347440548166062
centerY: 0.4168805246649558
width: 0.028214429665457477
height: 0.05588822355289421
Area: 0.0003097392478243835
CentroidX: 0.8494
CentroidY: 0.4433
