Location: internet_21.png_Otsu.png
Component: component_1755082376582_119.png
centerX: 0.18178153970173316
centerY: 0.07271171941830624
width: 0.031035872632003223
height: 0.03706871970345024
Area: 0.00029836107137369187
CentroidX: 0.1981
CentroidY: 0.0909
