Location: internet_21.png_Mean-Medain.png
Component: component_1755082376285_11.png
centerX: 0.47440548166062074
centerY: 0.008269175933846592
width: 0.026199113260781944
height: 0.03877958368976333
Area: 0.00037030792448614606
CentroidX: 0.4879
CentroidY: 0.0265
