Location: Dedata_17.png_Mean-Closing.png
Component: component_1755512339785_188.png
centerX: 0.6649193548387097
centerY: 0.44200626959247646
width: 0.02338709677419355
height: 0.03932744371615845
Area: 0.00032991202346041056
CentroidX: 0.6744
CentroidY: 0.4583
