Location: Dedata_17.png_Otsu.png
Component: component_1755512340316_768.png
centerX: 0.022983870967741935
centerY: 0.8526645768025078
width: 0.02056451612903226
height: 0.037902536335138216
Area: 0.0002880840971143327
CentroidX: 0.0361
CentroidY: 0.8685
