Location: internet_21.png_Mean-Medain.png
Component: component_1755082376339_251.png
centerX: 0.2958484482063684
centerY: 0.5959509552323924
width: 0.030632809351068116
height: 0.04448246364414029
Area: 0.00035479222932611196
CentroidX: 0.3121
CentroidY: 0.6179
