Location: Dedata_17.png_Otsu.png
Component: component_1755512340320_787.png
centerX: 0.06008064516129032
centerY: 0.9070960387574808
width: 0.017338709677419354
height: 0.03818751781134226
Area: 0.000291416541795751
CentroidX: 0.0709
CentroidY: 0.9231
