Location: Dedata_17.png_Mean-Closing.png
Component: component_1755512339765_107.png
centerX: 0.23911290322580644
centerY: 0.2413793103448276
width: 0.020967741935483872
height: 0.038472499287546306
Area: 0.00032795852140578605
CentroidX: 0.2507
CentroidY: 0.2575
