Location: Dedata_17.png_Gaussian-Median.png
Component: component_1755512339683_322.png
centerX: 0.3528225806451613
centerY: 0.7637503562268453
width: 0.02338709677419355
height: 0.038472499287546306
Area: 0.0003189953943316265
CentroidX: 0.3675
CentroidY: 0.7808
