Location: Dedata_17.png_Gaussian-Median.png
Component: component_1755512339655_197.png
centerX: 0.6649193548387097
centerY: 0.44200626959247646
width: 0.02338709677419355
height: 0.03932744371615845
Area: 0.0003091129721729378
CentroidX: 0.6743
CentroidY: 0.4585
