Location: internet_21.png_Gaussian-Median.png
Component: component_1755082377348_250.png
centerX: 0.20757758968158002
centerY: 0.46535500427716
width: 0.026199113260781944
height: 0.041060735671514116
Area: 0.0003592745412612329
CentroidX: 0.2217
CentroidY: 0.4854
