Location: Dedata_17.png_Otsu.png
Component: component_1755512340176_15.png
centerX: 0.4879032258064516
centerY: 0.01567398119122257
width: 0.025403225806451612
height: 0.03277286976346538
Area: 0.00022419308873955452
CentroidX: 0.5007
CentroidY: 0.0297
