Location: internet_21.png_Gaussian-Median.png
Component: component_1755082377369_345.png
centerX: 0.8686013704151552
centerY: 0.6107784431137725
width: 0.03305118903667876
height: 0.04448246364414029
Area: 0.0002949131391159065
CentroidX: 0.8868
CentroidY: 0.6338
