Location: Dedata_17.png_Otsu.png
Component: component_1755512340236_540.png
centerX: 0.5419354838709678
centerY: 0.39555428897121686
width: 0.02258064516129032
height: 0.04075235109717868
Area: 0.0002477500252806148
CentroidX: 0.5507
CentroidY: 0.4127
