Location: Kurtxevani_1794_page_10.png_Mean-Medain.png
Component: component_1755610055122_2819.png
centerX: 0.24780829924021042
centerY: 0.8849713530189511
width: 0.018702513150204558
height: 0.0246804759806082
Area: 0.00020039878843735052
CentroidX: 0.2575
CentroidY: 0.8972
