Location: internet_21.png_Otsu.png
Component: component_1755082377177_2654.png
centerX: 0.9314792422410318
centerY: 0.8126603934987169
width: 0.026199113260781944
height: 0.036213287710293696
Area: 0.0002569858842802677
CentroidX: 0.9448
CentroidY: 0.8305
