Location: internet_21.png_Otsu.png
Component: component_1755082377002_2322.png
centerX: 0.9165659008464329
centerY: 0.6880524664955803
width: 0.032245062474808545
height: 0.04419731964642144
Area: 0.0002760644427733466
CentroidX: 0.9326
CentroidY: 0.7079
