Location: internet_21.png_Gaussian-Median.png
Component: component_1755082377365_324.png
centerX: 0.4740024183796856
centerY: 0.5831194753350442
width: 0.030229746070133012
height: 0.045337895637296836
Area: 0.0003636419221210944
CentroidX: 0.4906
CentroidY: 0.6058
