Location: internet_21.png_Gaussian-Median.png
Component: component_1755082377364_317.png
centerX: 0.6070133010882709
centerY: 0.5714285714285714
width: 0.030229746070133012
height: 0.04362703165098375
Area: 0.0003319209453494692
CentroidX: 0.6239
CentroidY: 0.5941
