Location: internet_21.png_Otsu.png
Component: component_1755082376660_528.png
centerX: 0.23821039903264812
centerY: 0.2418021100655831
width: 0.030632809351068116
height: 0.03222127174222983
Area: 0.00015458229622404297
CentroidX: 0.2517
CentroidY: 0.2597
