Location: Dedata_17.png_Gaussian-Median.png
Component: component_1755512339666_240.png
centerX: 0.7338709677419355
centerY: 0.5451695639783414
width: 0.02056451612903226
height: 0.04616699914505557
Area: 0.00035967420182204284
CentroidX: 0.7457
CentroidY: 0.5649
