Location: Dedata_17.png_Mean-Medain.png
Component: component_1755512339302_167.png
centerX: 0.6709677419354839
centerY: 0.38273012254203476
width: 0.02620967741935484
height: 0.03733257338273012
Area: 0.00031095156234199617
CentroidX: 0.6820
CentroidY: 0.3985
