Location: internet_21.png_Mean-Medain.png
Component: component_1755082376308_111.png
centerX: 0.7944377267230955
centerY: 0.249500998003992
width: 0.032648125755743655
height: 0.045337895637296836
Area: 0.000439496431792372
CentroidX: 0.8117
CentroidY: 0.2732
