Location: Dedata_17.png_Gaussian-Median.png
Component: component_1755512339670_259.png
centerX: 0.9016129032258065
centerY: 0.5919065260758051
width: 0.02379032258064516
height: 0.03419777714448561
Area: 0.00032554537180889693
CentroidX: 0.9128
CentroidY: 0.6076
