Location: internet_21.png_Mean-Medain.png
Component: component_1755082376289_30.png
centerX: 0.6049979846835953
centerY: 0.04961505560307956
width: 0.030229746070133012
height: 0.03507271171941831
Area: 0.000340195982768154
CentroidX: 0.6218
CentroidY: 0.0673
