Location: Dedata_17.png_Mean-Closing.png
Component: component_1755512339797_227.png
centerX: 0.7725806451612903
centerY: 0.5371900826446281
width: 0.027822580645161292
height: 0.045027073240239385
Area: 0.00041942838231643975
CentroidX: 0.7865
CentroidY: 0.5567
