Location: internet_21.png_Otsu.png
Component: component_1755082376971_1935.png
centerX: 0.47440548166062074
centerY: 0.5831194753350442
width: 0.029423619508262798
height: 0.04505275163957799
Area: 0.00022262149277767378
CentroidX: 0.4895
CentroidY: 0.6070
