Location: internet_21.png_Mean-Medain.png
Component: component_1755082376396_305.png
centerX: 0.4179766223297058
centerY: 0.7157114342743085
width: 0.025796049979846837
height: 0.03735386370116909
Area: 0.0003067510398676362
CentroidX: 0.4323
CentroidY: 0.7343
