Location: Dedata_17.png_Mean-Closing.png
Component: component_1755512339889_331.png
centerX: 0.4693548387096774
centerY: 0.8102023368481048
width: 0.018951612903225806
height: 0.037047591906526074
Area: 0.00035381369565816933
CentroidX: 0.4802
CentroidY: 0.8261
