Location: internet_21.png_Mean-Medain.png
Component: component_1755082376444_318.png
centerX: 0.7980652962515115
centerY: 0.7493584260051326
width: 0.028214429665457477
height: 0.041060735671514116
Area: 0.0003301969792205765
CentroidX: 0.8137
CentroidY: 0.7699
