Location: internet_21.png_Mean-Medain.png
Component: component_1755082376298_69.png
centerX: 0.7706569931479242
centerY: 0.14456800684345594
width: 0.028617492946392584
height: 0.036783575705731396
Area: 0.0003269789091133102
CentroidX: 0.7863
CentroidY: 0.1623
