Location: Dedata_17.png_Otsu.png
Component: component_1755512340243_587.png
centerX: 0.5782258064516129
centerY: 0.44970076944998577
width: 0.024193548387096774
height: 0.03932744371615845
Area: 0.0002664806626278969
CentroidX: 0.5877
CentroidY: 0.4657
