Location: Dedata_17.png_Mean-Medain.png
Component: component_1755512339295_136.png
centerX: 0.06169354838709677
centerY: 0.310914790538615
width: 0.02056451612903226
height: 0.03676261043032203
Area: 0.0002732604638762997
CentroidX: 0.0731
CentroidY: 0.3265
