Location: Dedata_17.png_Mean-Closing.png
Component: component_1755512339773_142.png
centerX: 0.6975806451612904
centerY: 0.32972356796808205
width: 0.02379032258064516
height: 0.040467369620974636
Area: 0.000317041892277002
CentroidX: 0.7084
CentroidY: 0.3462
