Location: Dedata_17.png_Otsu.png
Component: component_1755512340201_214.png
centerX: 0.05967741935483871
centerY: 0.19008264462809918
width: 0.022983870967741935
height: 0.04132231404958678
Area: 0.00027900605815460704
CentroidX: 0.0723
CentroidY: 0.2068
