Location: internet_21.png_Gaussian-Closing.png
Component: component_1755082377525_138.png
centerX: 0.44216041918581217
centerY: 0.3316224693470202
width: 0.027408303103587262
height: 0.04419731964642144
Area: 0.00034939046878891495
CentroidX: 0.4563
CentroidY: 0.3523
