Location: Dedata_17.png_Mean-Closing.png
Component: component_1755512339849_287.png
centerX: 0.317741935483871
centerY: 0.7041892277001995
width: 0.018548387096774192
height: 0.04274722143060701
Area: 0.000366798738727144
CentroidX: 0.3277
CentroidY: 0.7229
