Location: internet_21.png_Gaussian-Median.png
Component: component_1755082377328_155.png
centerX: 0.13180169286577992
centerY: 0.2911320216709438
width: 0.030632809351068116
height: 0.046763615625891077
Area: 0.0004131772155579438
CentroidX: 0.1484
CentroidY: 0.3153
