Location: Dedata_17.png_Mean-Medain.png
Component: component_1755512339341_326.png
centerX: 0.06491935483870968
centerY: 0.7908235964662297
width: 0.01975806451612903
height: 0.03932744371615845
Area: 0.00034335671407164986
CentroidX: 0.0769
CentroidY: 0.8074
