Location: Dedata_17.png_Mean-Closing.png
Component: component_1755512339794_218.png
centerX: 0.3346774193548387
centerY: 0.5189512681675691
width: 0.01935483870967742
height: 0.03733257338273012
Area: 0.0003168120685058697
CentroidX: 0.3464
CentroidY: 0.5345
