Location: Dedata_17.png_Mean-Closing.png
Component: component_1755512339893_338.png
centerX: 0.1842741935483871
centerY: 0.8389854659447136
width: 0.018145161290322582
height: 0.04132231404958678
Area: 0.000337266384136644
CentroidX: 0.1958
CentroidY: 0.8563
