Location: Dedata_17.png_Gaussian-Median.png
Component: component_1755512339672_271.png
centerX: 0.5221774193548387
centerY: 0.6235394699344543
width: 0.024193548387096774
height: 0.03676261043032203
Area: 0.00033209534928616734
CentroidX: 0.5353
CentroidY: 0.6393
