Location: Dedata_17.png_Gaussian-Median.png
Component: component_1755512339634_116.png
centerX: 0.09959677419354838
centerY: 0.24593901396409235
width: 0.021370967741935483
height: 0.03676261043032203
Area: 0.00028819900899989886
CentroidX: 0.1114
CentroidY: 0.2621
