Location: Dedata_17.png_Gaussian-Median.png
Component: component_1755512339632_111.png
centerX: 0.4221774193548387
centerY: 0.23425477343972642
width: 0.01975806451612903
height: 0.04217725847819892
Area: 0.0003365769128232471
CentroidX: 0.4318
CentroidY: 0.2523
