Location: Dedata_17.png_Gaussian-Median.png
Component: component_1755512339631_109.png
centerX: 0.4612903225806452
centerY: 0.2299800512966657
width: 0.020161290322580645
height: 0.047591906526075804
Area: 0.0003547329907426985
CentroidX: 0.4706
CentroidY: 0.2504
