Location: Dedata_17.png_Gaussian-Median.png
Component: component_1755512339653_184.png
centerX: 0.2745967741935484
centerY: 0.41122827016243946
width: 0.02379032258064516
height: 0.03590766600170989
Area: 0.0002588964781805312
CentroidX: 0.2860
CentroidY: 0.4264
