Location: Dedata_17.png_Otsu.png
Component: component_1755512340268_658.png
centerX: 0.38467741935483873
centerY: 0.5748076375035622
width: 0.02258064516129032
height: 0.039612425192362494
Area: 0.00027877623438347476
CentroidX: 0.3967
CentroidY: 0.5902
