Location: Dedata_17.png_Mean-Closing.png
Component: component_1755512339850_290.png
centerX: 0.9548387096774194
centerY: 0.7141635793673411
width: 0.01975806451612903
height: 0.03818751781134226
Area: 0.0003156629496502082
CentroidX: 0.9656
CentroidY: 0.7310
