Location: internet_21.png_Otsu.png
Component: component_1755082376814_1121.png
centerX: 0.1656590084643289
centerY: 0.40775591673795264
width: 0.026199113260781944
height: 0.043341887653264896
Area: 0.0002681341985804403
CentroidX: 0.1808
CentroidY: 0.4295
