Location: internet_21.png_Mean-Medain.png
Component: component_1755082376323_176.png
centerX: 0.012494961708988311
centerY: 0.41602509267179927
width: 0.030229746070133012
height: 0.04733390362132877
Area: 0.00042834811749219935
CentroidX: 0.0274
CentroidY: 0.4381
