Location: Dedata_17.png_Otsu.png
Component: component_1755512340216_338.png
centerX: 0.6512096774193549
centerY: 0.27700199487033345
width: 0.021370967741935483
height: 0.038472499287546306
Area: 0.00018615725461715955
CentroidX: 0.6611
CentroidY: 0.2898
