Location: Dedata_17.png_Gaussian-Median.png
Component: component_1755512339683_323.png
centerX: 0.31814516129032255
centerY: 0.7660302080364776
width: 0.02338709677419355
height: 0.039042462239954404
Area: 0.00034864266080769266
CentroidX: 0.3321
CentroidY: 0.7831
