Location: Dedata_17.png_Mean-Closing.png
Component: component_1755512339747_21.png
centerX: 0.3125
centerY: 0.01909375890567113
width: 0.02258064516129032
height: 0.02821316614420063
Area: 0.0002374079555796615
CentroidX: 0.3242
CentroidY: 0.0307
