Location: internet_21.png_Otsu.png
Component: component_1755082376802_1037.png
centerX: 0.5417170495767836
centerY: 0.38380382092956944
width: 0.03143893591293833
height: 0.046763615625891077
Area: 0.0002639966798710979
CentroidX: 0.5573
CentroidY: 0.4076
