Location: Dedata_17.png_Mean-Closing.png
Component: component_1755512339764_104.png
centerX: 0.4221774193548387
centerY: 0.23425477343972642
width: 0.01975806451612903
height: 0.04189227700199487
Area: 0.0003526645768025078
CentroidX: 0.4318
CentroidY: 0.2520
