Location: Dedata_17.png_Mean-Medain.png
Component: component_1755512339330_279.png
centerX: 0.01975806451612903
centerY: 0.6742661726987745
width: 0.021370967741935483
height: 0.03334283271587347
Area: 0.00031083665045643003
CentroidX: 0.0321
CentroidY: 0.6882
