Location: internet_21.png_Mean-Medain.png
Component: component_1755082376334_230.png
centerX: 0.10761789600967352
centerY: 0.544054747647562
width: 0.031035872632003223
height: 0.04847447961220416
Area: 0.00035479222932611196
CentroidX: 0.1239
CentroidY: 0.5689
