Location: internet_21.png_Otsu.png
Component: component_1755082376901_1403.png
centerX: 0.20757758968158002
centerY: 0.4707727402338181
width: 0.026199113260781944
height: 0.035357855717137156
Area: 0.0001718219575129697
CentroidX: 0.2178
CentroidY: 0.4889
