Location: internet_21.png_Mean-Medain.png
Component: component_1755082376297_63.png
centerX: 0.9310761789600968
centerY: 0.13829483889364128
width: 0.036275695284159616
height: 0.041916167664670656
Area: 0.00038007706588320453
CentroidX: 0.9504
CentroidY: 0.1587
