Location: Dedata_17.png_Otsu.png
Component: component_1755512340262_649.png
centerX: 0.6943548387096774
centerY: 0.5494442861214021
width: 0.01975806451612903
height: 0.0438871473354232
Area: 0.00031738662793370044
CentroidX: 0.7052
CentroidY: 0.5683
