Location: internet_21.png_Gaussian-Median.png
Component: component_1755082377298_33.png
centerX: 0.5481660620717452
centerY: 0.05360707157114343
width: 0.03426037887948408
height: 0.037639007698887936
Area: 0.00034008105169289454
CentroidX: 0.5657
CentroidY: 0.0718
