Location: Dedata_17.png_Gaussian-Median.png
Component: component_1755512339639_135.png
centerX: 0.43911290322580643
centerY: 0.29410088344257623
width: 0.025403225806451612
height: 0.04132231404958678
Area: 0.00028590077128857593
CentroidX: 0.4508
CentroidY: 0.3110
