Location: internet_21.png_Gaussian-Median.png
Component: component_1755082377403_451.png
centerX: 0.39338976219266425
centerY: 0.8331907613344739
width: 0.029826682789197905
height: 0.046763615625891077
Area: 0.0004019139701825117
CentroidX: 0.4091
CentroidY: 0.8558
