Location: Dedata_17.png_Otsu.png
Component: component_1755512340250_630.png
centerX: 0.38064516129032255
centerY: 0.5132516386434882
width: 0.020967741935483872
height: 0.039897406668566546
Area: 0.0002624587466330818
CentroidX: 0.3909
CentroidY: 0.5299
