Location: internet_21.png_Gaussian-Median.png
Component: component_1755082377311_73.png
centerX: 0.7126158806932689
centerY: 0.14228685486170517
width: 0.02902055622732769
height: 0.03735386370116909
Area: 0.0003030732454593318
CentroidX: 0.7287
CentroidY: 0.1619
