Location: Dedata_17.png_Otsu.png
Component: component_1755512340223_392.png
centerX: 0.8209677419354838
centerY: 0.32088914220575665
width: 0.02338709677419355
height: 0.01652892561983471
Area: 0.00010686805357651752
CentroidX: 0.8331
CentroidY: 0.3295
