Location: Dedata_17.png_Otsu.png
Component: component_1755512340281_671.png
centerX: 0.06532258064516129
centerY: 0.6064405813622115
width: 0.018145161290322582
height: 0.04588201766885153
Area: 0.000284406916776216
CentroidX: 0.0740
CentroidY: 0.6247
