Location: Dedata_17.png_Otsu.png
Component: component_1755512340245_595.png
centerX: 0.3157258064516129
centerY: 0.4659447135936164
width: 0.022983870967741935
height: 0.039612425192362494
Area: 0.00023890181009202143
CentroidX: 0.3247
CentroidY: 0.4817
