Location: Dedata_17.png_Mean-Medain.png
Component: component_1755512339348_365.png
centerX: 0.2245967741935484
centerY: 0.8908520946138501
width: 0.028629032258064516
height: 0.03505272157309775
Area: 0.0003571461403395876
CentroidX: 0.2415
CentroidY: 0.9063
