Location: Dedata_17.png_Mean-Medain.png
Component: component_1755512339327_265.png
centerX: 0.3625
centerY: 0.6312339697919636
width: 0.03064516129032258
height: 0.043032202906811055
Area: 0.0004329879848132452
CentroidX: 0.3776
CentroidY: 0.6499
