Location: Dedata_17.png_Mean-Medain.png
Component: component_1755512339323_253.png
centerX: 0.8157258064516129
centerY: 0.5981761185522941
width: 0.02338709677419355
height: 0.04616699914505557
Area: 0.0003739232756322452
CentroidX: 0.8266
CentroidY: 0.6179
