Location: internet_21.png_Otsu.png
Component: component_1755082377156_2537.png
centerX: 0.4840790004030633
centerY: 0.7698887938408896
width: 0.028617492946392584
height: 0.04505275163957799
Area: 0.00030042983072836306
CentroidX: 0.4987
CentroidY: 0.7906
