Location: internet_21.png_Gaussian-Median.png
Component: component_1755082377381_373.png
centerX: 0.2478839177750907
centerY: 0.6641003706871971
width: 0.031035872632003223
height: 0.05303678357570573
Area: 0.00034939046878891495
CentroidX: 0.2645
CentroidY: 0.6902
