Location: Dedata_17.png_Mean-Medain.png
Component: component_1755512339287_98.png
centerX: 0.6919354838709677
centerY: 0.2157309774864634
width: 0.025806451612903226
height: 0.04360216585921915
Area: 0.000389321468298109
CentroidX: 0.7045
CentroidY: 0.2335
