Location: Dedata_17.png_Mean-Medain.png
Component: component_1755512339323_252.png
centerX: 0.1439516129032258
centerY: 0.5956112852664577
width: 0.021370967741935483
height: 0.043032202906811055
Area: 0.00033347429191296114
CentroidX: 0.1543
CentroidY: 0.6135
