Location: internet_21.png_Otsu.png
Component: component_1755082377092_2427.png
centerX: 0.4179766223297058
centerY: 0.7159965782720273
width: 0.02539298669891173
height: 0.03649843170801255
Area: 0.00021101345417646311
CentroidX: 0.4318
CentroidY: 0.7345
