Location: Dedata_17.png_Mean-Closing.png
Component: component_1755512339786_192.png
centerX: 0.4915322580645161
centerY: 0.45568538045027074
width: 0.021774193548387097
height: 0.042462239954402965
Area: 0.0003266944906645584
CentroidX: 0.5009
CentroidY: 0.4735
