Location: Dedata_17.png_Otsu.png
Component: component_1755512340294_692.png
centerX: 0.8016129032258065
centerY: 0.6668566543174693
width: 0.018145161290322582
height: 0.04132231404958678
Area: 0.00030267790658123353
CentroidX: 0.8102
CentroidY: 0.6842
