Location: Dedata_17.png_Gaussian-Median.png
Component: component_1755512339686_342.png
centerX: 0.552016129032258
centerY: 0.8013679110857794
width: 0.020161290322580645
height: 0.04331718438301511
Area: 0.00033853041487787167
CentroidX: 0.5632
CentroidY: 0.8199
