Location: Dedata_17.png_Mean-Medain.png
Component: component_1755512339328_269.png
centerX: 0.22419354838709676
centerY: 0.6500427472214306
width: 0.02338709677419355
height: 0.047591906526075804
Area: 0.00041172928598350787
CentroidX: 0.2365
CentroidY: 0.6700
