Location: internet_21.png_Mean-Medain.png
Component: component_1755082376327_195.png
centerX: 0.20757758968158002
centerY: 0.46535500427716
width: 0.026199113260781944
height: 0.041060735671514116
Area: 0.00038651320609773713
CentroidX: 0.2219
CentroidY: 0.4855
