Location: internet_21.png_Gaussian-Median.png
Component: component_1755082377351_278.png
centerX: 0.8016928657799275
centerY: 0.4984317080125463
width: 0.030229746070133012
height: 0.04505275163957799
Area: 0.00041030393867645605
CentroidX: 0.8194
CentroidY: 0.5203
