Location: internet_21.png_Mean-Medain.png
Component: component_1755082376335_237.png
centerX: 0.747279322853688
centerY: 0.5588822355289421
width: 0.032648125755743655
height: 0.049044767607641856
Area: 0.0004008795905051761
CentroidX: 0.7643
CentroidY: 0.5842
