Location: Dedata_17.png_Gaussian-Median.png
Component: component_1755512339680_309.png
centerX: 0.06330645161290323
centerY: 0.725847819891707
width: 0.020161290322580645
height: 0.04274722143060701
Area: 0.0003280734332913522
CentroidX: 0.0735
CentroidY: 0.7441
