Location: Dedata_17.png_Gaussian-Median.png
Component: component_1755512339633_114.png
centerX: 0.23951612903225805
centerY: 0.2413793103448276
width: 0.020161290322580645
height: 0.038472499287546306
Area: 0.00030566561560595336
CentroidX: 0.2507
CentroidY: 0.2578
