Location: Dedata_17.png_Mean-Medain.png
Component: component_1755512339273_32.png
centerX: 0.6100806451612903
centerY: 0.06440581362211456
width: 0.02379032258064516
height: 0.03875748076375036
Area: 0.0002847516524329144
CentroidX: 0.6201
CentroidY: 0.0810
