Location: Dedata_17.png_Mean-Closing.png
Component: component_1755512339856_310.png
centerX: 0.3528225806451613
centerY: 0.7637503562268453
width: 0.02338709677419355
height: 0.03818751781134226
Area: 0.0003296821996892783
CentroidX: 0.3673
CentroidY: 0.7805
