Location: Dedata_17.png_Mean-Closing.png
Component: component_1755512339792_209.png
centerX: 0.6915322580645161
centerY: 0.49130806497577656
width: 0.02258064516129032
height: 0.04075235109717868
Area: 0.0003258901074655954
CentroidX: 0.7019
CentroidY: 0.5090
