Location: internet_21.png_Otsu.png
Component: component_1755082376598_325.png
centerX: 0.1841999193873438
centerY: 0.17365269461077845
width: 0.030229746070133012
height: 0.03992015968063872
Area: 0.0002739956834186754
CentroidX: 0.1989
CentroidY: 0.1956
