Location: Dedata_17.png_Otsu.png
Component: component_1755512340308_735.png
centerX: 0.2375
centerY: 0.7751496152750071
width: 0.016935483870967744
height: 0.03733257338273012
Area: 0.00028498147620404675
CentroidX: 0.2467
CentroidY: 0.7906
