Location: Dedata_17.png_Mean-Medain.png
Component: component_1755512339337_314.png
centerX: 0.9516129032258065
centerY: 0.76831005984611
width: 0.01975806451612903
height: 0.04160729552579082
Area: 0.00035703122845402144
CentroidX: 0.9623
CentroidY: 0.7856
