Location: Dedata_17.png_Mean-Closing.png
Component: component_1755512339760_86.png
centerX: 0.2528225806451613
centerY: 0.17640353377030493
width: 0.021370967741935483
height: 0.03932744371615845
Area: 0.00033830059110673933
CentroidX: 0.2630
CentroidY: 0.1927
