Location: Dedata_17.png_Gaussian-Median.png
Component: component_1755512339639_133.png
centerX: 0.2931451612903226
centerY: 0.29438586491878027
width: 0.02217741935483871
height: 0.039897406668566546
Area: 0.0002779718511845117
CentroidX: 0.3046
CentroidY: 0.3115
