Location: Dedata_17.png_Otsu.png
Component: component_1755512340304_729.png
centerX: 0.3532258064516129
centerY: 0.7640353377030493
width: 0.02258064516129032
height: 0.03761755485893417
Area: 0.00028521129997517903
CentroidX: 0.3674
CentroidY: 0.7805
