Location: Dedata_17.png_Otsu.png
Component: component_1755512340235_537.png
centerX: 0.6274193548387097
centerY: 0.3870048446850955
width: 0.024193548387096774
height: 0.03932744371615845
Area: 0.0002552192978424144
CentroidX: 0.6374
CentroidY: 0.4036
