Location: internet_21.png_Gaussian-Median.png
Component: component_1755082377399_435.png
centerX: 0.062071745264006446
centerY: 0.7998289136013687
width: 0.030229746070133012
height: 0.037639007698887936
Area: 0.00034146022459600865
CentroidX: 0.0775
CentroidY: 0.8179
