Location: internet_21.png_Mean-Medain.png
Component: component_1755082376297_65.png
centerX: 0.8806932688432084
centerY: 0.13972055888223553
width: 0.032245062474808545
height: 0.03877958368976333
Area: 0.00033778243018770427
CentroidX: 0.8975
CentroidY: 0.1585
