Location: Dedata_17.png_Gaussian-Median.png
Component: component_1755512339669_254.png
centerX: 0.26653225806451614
centerY: 0.5844970076944999
width: 0.022983870967741935
height: 0.04274722143060701
Area: 0.00031290506439662067
CentroidX: 0.2809
CentroidY: 0.6027
