Location: Dedata_17.png_Mean-Closing.png
Component: component_1755512339854_306.png
centerX: 0.5173387096774194
centerY: 0.7512111712738672
width: 0.02056451612903226
height: 0.038472499287546306
Area: 0.0003374962079077763
CentroidX: 0.5295
CentroidY: 0.7671
