Location: Dedata_17.png_Mean-Medain.png
Component: component_1755512339328_270.png
centerX: 0.9342741935483871
centerY: 0.6506127101738387
width: 0.025
height: 0.04217725847819892
Area: 0.00039093023469603507
CentroidX: 0.9459
CentroidY: 0.6683
