Location: Dedata_17.png_Gaussian-Median.png
Component: component_1755512339609_56.png
centerX: 0.7064516129032258
centerY: 0.11313764605300655
width: 0.02217741935483871
height: 0.037047591906526074
Area: 0.00030991735537190085
CentroidX: 0.7186
CentroidY: 0.1287
