Location: internet_21.png_Gaussian-Closing.png
Component: component_1755082377484_18.png
centerX: 0.08141878274889158
centerY: 0.015112631879098944
width: 0.026199113260781944
height: 0.036213287710293696
Area: 0.00036145823169116364
CentroidX: 0.0957
CentroidY: 0.0338
