Location: Dedata_17.png_Gaussian-Median.png
Component: component_1755512339613_68.png
centerX: 0.23790322580645162
centerY: 0.12966657167284126
width: 0.024193548387096774
height: 0.03419777714448561
Area: 0.00029084198236792026
CentroidX: 0.2497
CentroidY: 0.1434
