Location: Dedata_17.png_Gaussian-Median.png
Component: component_1755512339678_300.png
centerX: 0.2762096774193548
centerY: 0.7064690795098318
width: 0.01935483870967742
height: 0.04331718438301511
Area: 0.00033542779396758565
CentroidX: 0.2862
CentroidY: 0.7250
