Location: internet_21.png_Gaussian-Closing.png
Component: component_1755082377479_3.png
centerX: 0.8802902055622733
centerY: 0.003421727972626176
width: 0.030229746070133012
height: 0.033932135728542916
Area: 0.00036111343846538513
CentroidX: 0.8964
CentroidY: 0.0198
