Location: Dedata_17.png_Mean-Closing.png
Component: component_1755512339784_185.png
centerX: 0.8
centerY: 0.43089199202051864
width: 0.02379032258064516
height: 0.03875748076375036
Area: 0.00032600501935116155
CentroidX: 0.8101
CentroidY: 0.4469
