Location: Dedata_17.png_Mean-Closing.png
Component: component_1755512339750_34.png
centerX: 0.4745967741935484
centerY: 0.06982046166999145
width: 0.02056451612903226
height: 0.038472499287546306
Area: 0.0003208339845006849
CentroidX: 0.4836
CentroidY: 0.0858
