Location: Dedata_17.png_Gaussian-Median.png
Component: component_1755512339689_353.png
centerX: 0.9451612903225807
centerY: 0.8401253918495298
width: 0.027016129032258064
height: 0.04331718438301511
Area: 0.0003726592448910176
CentroidX: 0.9574
CentroidY: 0.8582
