Location: Dedata_17.png_Mean-Closing.png
Component: component_1755512339898_352.png
centerX: 0.6544354838709677
centerY: 0.8606440581362211
width: 0.020967741935483872
height: 0.04018238814477059
Area: 0.00034036900504693003
CentroidX: 0.6648
CentroidY: 0.8773
