Location: Dedata_17.png_Otsu.png
Component: component_1755512340246_606.png
centerX: 0.18064516129032257
centerY: 0.4793388429752066
width: 0.02338709677419355
height: 0.03590766600170989
Area: 0.00025050791053420236
CentroidX: 0.1908
CentroidY: 0.4943
