Location: internet_21.png_Gaussian-Closing.png
Component: component_1755082377568_306.png
centerX: 0.4179766223297058
centerY: 0.7157114342743085
width: 0.025796049979846837
height: 0.03735386370116909
Area: 0.0002910054825570831
CentroidX: 0.4322
CentroidY: 0.7343
