Location: internet_21.png_Gaussian-Median.png
Component: component_1755082377336_196.png
centerX: 0.6368399838774688
centerY: 0.3800969489592244
width: 0.030632809351068116
height: 0.041916167664670656
Area: 0.0003572057819065617
CentroidX: 0.6515
CentroidY: 0.4024
