Location: Dedata_17.png_Otsu.png
Component: component_1755512340247_610.png
centerX: 0.13709677419354838
centerY: 0.48304360216585923
width: 0.018951612903225806
height: 0.039612425192362494
Area: 0.00023315621581371406
CentroidX: 0.1452
CentroidY: 0.4989
