Location: Dedata_17.png_Mean-Medain.png
Component: component_1755512339284_85.png
centerX: 0.33911290322580645
centerY: 0.17497862638928469
width: 0.021774193548387097
height: 0.039897406668566546
Area: 0.00034232250710155453
CentroidX: 0.3496
CentroidY: 0.1911
