Location: Dedata_17.png_Gaussian-Median.png
Component: component_1755512339676_288.png
centerX: 0.05766129032258065
centerY: 0.6702764320319179
width: 0.018548387096774192
height: 0.03932744371615845
Area: 0.0002827981503782899
CentroidX: 0.0688
CentroidY: 0.6876
