Location: Dedata_17.png_Otsu.png
Component: component_1755512340280_668.png
centerX: 0.8161290322580645
centerY: 0.5984611000284982
width: 0.02258064516129032
height: 0.04531205471644343
Area: 0.0003155480377646421
CentroidX: 0.8266
CentroidY: 0.6179
