Location: internet_21.png_Gaussian-Median.png
Component: component_1755082377317_100.png
centerX: 0.8214429665457477
centerY: 0.20017108639863132
width: 0.018137847642079808
height: 0.019674935842600515
Area: 0.00014423849945068693
CentroidX: 0.8281
CentroidY: 0.2124
