Location: Dedata_17.png_Mean-Closing.png
Component: component_1755512339760_85.png
centerX: 0.4254032258064516
centerY: 0.17526360786548875
width: 0.022983870967741935
height: 0.047021943573667714
Area: 0.0003921942654372627
CentroidX: 0.4354
CentroidY: 0.1949
