Location: internet_21.png_Gaussian-Median.png
Component: component_1755082377380_370.png
centerX: 0.3788794840790004
centerY: 0.6495580268035358
width: 0.03426037887948408
height: 0.04704875962360992
Area: 0.0003319209453494692
CentroidX: 0.3966
CentroidY: 0.6729
