Location: internet_21.png_Gaussian-Median.png
Component: component_1755082377359_295.png
centerX: 0.3067311567916163
centerY: 0.5300826917593384
width: 0.026602176541717048
height: 0.046193327630453376
Area: 0.0003173246987915112
CentroidX: 0.3216
CentroidY: 0.5522
