Location: internet_21.png_Gaussian-Median.png
Component: component_1755082377344_231.png
centerX: 0.588472390165256
centerY: 0.4394069004847448
width: 0.02418379685610641
height: 0.04077559167379527
Area: 0.0003189337338451444
CentroidX: 0.6022
CentroidY: 0.4594
