Location: Dedata_17.png_Gaussian-Median.png
Component: component_1755512339676_290.png
centerX: 0.7201612903225807
centerY: 0.6742661726987745
width: 0.017338709677419354
height: 0.03875748076375036
Area: 0.00031600768530690664
CentroidX: 0.7288
CentroidY: 0.6904
