Location: internet_21.png_Otsu.png
Component: component_1755082376760_704.png
centerX: 0.13180169286577992
centerY: 0.29141716566866266
width: 0.030229746070133012
height: 0.046193327630453376
Area: 0.0003069809020181552
CentroidX: 0.1476
CentroidY: 0.3159
