Location: Dedata_17.png_Mean-Medain.png
Component: component_1755512339341_328.png
centerX: 0.6762096774193549
centerY: 0.7913935594186378
width: 0.016129032258064516
height: 0.03733257338273012
Area: 0.00031095156234199617
CentroidX: 0.6852
CentroidY: 0.8070
