Location: internet_21.png_Mean-Medain.png
Component: component_1755082376288_20.png
centerX: 0.1370415155179363
centerY: 0.016538351867693184
width: 0.02781136638452237
height: 0.038209295694325636
Area: 0.0003918000355596747
CentroidX: 0.1537
CentroidY: 0.0354
