Location: Dedata_17.png_Mean-Medain.png
Component: component_1755512339267_4.png
centerX: 0.8145161290322581
centerY: 0.00883442576232545
width: 0.022983870967741935
height: 0.03733257338273012
Area: 0.0003307164066593736
CentroidX: 0.8248
CentroidY: 0.0255
