Location: internet_21.png_Gaussian-Median.png
Component: component_1755082377319_113.png
centerX: 0.1837968561064087
centerY: 0.23182207014542344
width: 0.02781136638452237
height: 0.04562303963501568
Area: 0.0003066361087923767
CentroidX: 0.1997
CentroidY: 0.2547
