Location: Dedata_17.png_Otsu.png
Component: component_1755512340250_631.png
centerX: 0.5120967741935484
centerY: 0.5132516386434882
width: 0.024193548387096774
height: 0.034482758620689655
Area: 0.0002739499351896965
CentroidX: 0.5241
CentroidY: 0.5267
