Location: internet_21.png_Gaussian-Median.png
Component: component_1755082377349_263.png
centerX: 0.10963321241434905
centerY: 0.4776161961790704
width: 0.031035872632003223
height: 0.0427715996578272
Area: 0.00034249460427334424
CentroidX: 0.1256
CentroidY: 0.4977
