Location: Dedata_17.png_Otsu.png
Component: component_1755512340269_661.png
centerX: 0.2669354838709677
centerY: 0.5847819891707039
width: 0.02258064516129032
height: 0.04189227700199487
Area: 0.00026854907656808757
CentroidX: 0.2808
CentroidY: 0.6023
