Location: internet_21.png_Gaussian-Median.png
Component: component_1755082377361_304.png
centerX: 0.015316404675534058
centerY: 0.5474764756201882
width: 0.026602176541717048
height: 0.05218135158254919
Area: 0.0003661704057768036
CentroidX: 0.0295
CentroidY: 0.5722
