Location: internet_21.png_Gaussian-Median.png
Component: component_1755082377329_158.png
centerX: 0.8895606610237807
centerY: 0.30424864556601083
width: 0.028617492946392584
height: 0.046763615625891077
Area: 0.00039467331244116247
CentroidX: 0.9060
CentroidY: 0.3274
