Location: internet_21.png_Gaussian-Closing.png
Component: component_1755082377478_1.png
centerX: 0.9338976219266425
centerY: 0.003136583974907328
width: 0.029423619508262798
height: 0.036213287710293696
Area: 0.00037846803082957134
CentroidX: 0.9494
CentroidY: 0.0194
