Location: internet_21.png_Gaussian-Closing.png
Component: component_1755082377581_358.png
centerX: 0.2071745264006449
centerY: 0.8426005132591959
width: 0.030632809351068116
height: 0.04790419161676647
Area: 0.00034077063814445157
CentroidX: 0.2240
CentroidY: 0.8674
