Location: Dedata_17.png_Otsu.png
Component: component_1755512340319_781.png
centerX: 0.225
centerY: 0.8911370760900541
width: 0.028225806451612902
height: 0.034482758620689655
Area: 0.000303827025436895
CentroidX: 0.2415
CentroidY: 0.9061
