Location: Dedata_17.png_Mean-Closing.png
Component: component_1755512339810_241.png
centerX: 0.3842741935483871
centerY: 0.5745226560273582
width: 0.02338709677419355
height: 0.040467369620974636
Area: 0.0003418628595592899
CentroidX: 0.3967
CentroidY: 0.5904
