Location: internet_21.png_Otsu.png
Component: component_1755082376657_526.png
centerX: 0.020556227327690448
centerY: 0.24208725406330198
width: 0.0354695687222894
height: 0.04362703165098375
Area: 0.0002927294486859758
CentroidX: 0.0378
CentroidY: 0.2662
