Location: internet_21.png_Gaussian-Closing.png
Component: component_1755082377561_275.png
centerX: 0.5916968964127368
centerY: 0.6344453949244369
width: 0.03466344216041919
height: 0.04505275163957799
Area: 0.00031215280040483323
CentroidX: 0.6092
CentroidY: 0.6567
