Location: Dedata_17.png_Mean-Medain.png
Component: component_1755512339280_63.png
centerX: 0.18911290322580646
centerY: 0.12966657167284126
width: 0.025806451612903226
height: 0.03134796238244514
Area: 0.00029992002132764594
CentroidX: 0.2028
CentroidY: 0.1432
