Location: internet_21.png_Otsu.png
Component: component_1755082376605_381.png
centerX: 0.7178557033454253
centerY: 0.2013116623895067
width: 0.028214429665457477
height: 0.041916167664670656
Area: 0.0002159554904126221
CentroidX: 0.7321
CentroidY: 0.2239
