Location: internet_21.png_Gaussian-Closing.png
Component: component_1755082377532_165.png
centerX: 0.3313180169286578
centerY: 0.3972055888223553
width: 0.026199113260781944
height: 0.04590818363273453
Area: 0.0003106586964264596
CentroidX: 0.3455
CentroidY: 0.4187
