Location: Dedata_17.png_Gaussian-Median.png
Component: component_1755512339673_272.png
centerX: 0.5693548387096774
centerY: 0.6235394699344543
width: 0.02056451612903226
height: 0.038472499287546306
Area: 0.00031773136359039886
CentroidX: 0.5803
CentroidY: 0.6398
