Location: Dedata_17.png_Otsu.png
Component: component_1755512340288_689.png
centerX: 0.8903225806451613
centerY: 0.658307210031348
width: 0.020161290322580645
height: 0.039897406668566546
Area: 0.0003103770029141654
CentroidX: 0.8997
CentroidY: 0.6748
