Location: internet_21.png_Mean-Medain.png
Component: component_1755082376332_224.png
centerX: 0.3067311567916163
centerY: 0.5300826917593384
width: 0.026602176541717048
height: 0.046193327630453376
Area: 0.00033743763696192575
CentroidX: 0.3215
CentroidY: 0.5521
