Location: Dedata_17.png_Mean-Medain.png
Component: component_1755512339278_56.png
centerX: 0.5125
centerY: 0.11997720148190368
width: 0.01935483870967742
height: 0.04018238814477059
Area: 0.00032336204598314015
CentroidX: 0.5225
CentroidY: 0.1365
