Location: Dedata_17.png_Mean-Medain.png
Component: component_1755512339314_218.png
centerX: 0.37983870967741934
centerY: 0.51268167569108
width: 0.02217741935483871
height: 0.04103733257338273
Area: 0.00034668915875306816
CentroidX: 0.3911
CentroidY: 0.5306
