Location: Dedata_17.png_Mean-Medain.png
Component: component_1755512339342_333.png
centerX: 0.4693548387096774
centerY: 0.8102023368481048
width: 0.01935483870967742
height: 0.037047591906526074
Area: 0.00035450316697156623
CentroidX: 0.4802
CentroidY: 0.8261
