Location: Paraklitoni_1720_page_10.png_Mean-Medain.png
Component: component_1755610055176_185.png
centerX: 0.676829268292683
centerY: 0.07518796992481203
width: 0.010670731707317074
height: 0.012030075187969926
Area: 6.724127391649856e-05
CentroidX: 0.6818
CentroidY: 0.0810
