Location: Dedata_17.png_Otsu.png
Component: component_1755512340181_31.png
centerX: 0.6104838709677419
centerY: 0.06469079509831861
width: 0.022983870967741935
height: 0.037902536335138216
Area: 0.000140652147932965
CentroidX: 0.6199
CentroidY: 0.0807
