Location: Dedata_17.png_Gaussian-Median.png
Component: component_1755512339684_330.png
centerX: 0.8326612903225806
centerY: 0.7788543744656597
width: 0.01935483870967742
height: 0.037902536335138216
Area: 0.00030003493321321213
CentroidX: 0.8433
CentroidY: 0.7949
