Location: Dedata_17.png_Otsu.png
Component: component_1755512340226_417.png
centerX: 0.697983870967742
centerY: 0.33000854944428615
width: 0.022983870967741935
height: 0.039897406668566546
Area: 0.0002061519227056693
CentroidX: 0.7085
CentroidY: 0.3461
