Location: internet_21.png_Otsu.png
Component: component_1755082376564_7.png
centerX: 0.5771866182990729
centerY: 0.006558311947533505
width: 0.028214429665457477
height: 0.03507271171941831
Area: 0.00031812921631832784
CentroidX: 0.5912
CentroidY: 0.0234
