Location: internet_21.png_Otsu.png
Component: component_1755082376800_1019.png
centerX: 0.5892785167271262
centerY: 0.3812375249500998
width: 0.02539298669891173
height: 0.04419731964642144
Area: 0.0002438837417006834
CentroidX: 0.6011
CentroidY: 0.4047
