Location: internet_21.png_Gaussian-Median.png
Component: component_1755082377365_325.png
centerX: 0.43369609028617495
centerY: 0.5862560593099515
width: 0.02902055622732769
height: 0.046193327630453376
Area: 0.00033318518717732383
CentroidX: 0.4492
CentroidY: 0.6107
