Location: Dedata_17.png_Mean-Medain.png
Component: component_1755512339274_33.png
centerX: 0.5665322580645161
centerY: 0.0652607580507267
width: 0.01935483870967742
height: 0.039042462239954404
Area: 0.0003123305049687899
CentroidX: 0.5757
CentroidY: 0.0820
