Location: Dedata_17.png_Gaussian-Median.png
Component: component_1755512339675_285.png
centerX: 0.09717741935483871
centerY: 0.6662866913650612
width: 0.021370967741935483
height: 0.04360216585921915
Area: 0.0003585250829663814
CentroidX: 0.1103
CentroidY: 0.6846
