Location: Dedata_17.png_Gaussian-Median.png
Component: component_1755512339624_93.png
centerX: 0.2064516129032258
centerY: 0.17953833000854943
width: 0.01935483870967742
height: 0.04445711028783129
Area: 0.0003523198411458094
CentroidX: 0.2165
CentroidY: 0.1982
