Location: internet_21.png_Mean-Medain.png
Component: component_1755082376341_257.png
centerX: 0.9572752922208787
centerY: 0.6104932991160537
width: 0.028617492946392584
height: 0.040490447676076416
Area: 0.0003122677314800927
CentroidX: 0.9731
CentroidY: 0.6301
