Location: internet_21.png_Gaussian-Median.png
Component: component_1755082377310_72.png
centerX: 0.660217654171705
centerY: 0.14228685486170517
width: 0.027005239822652155
height: 0.04220131166238951
Area: 0.00031019897212542153
CentroidX: 0.6747
CentroidY: 0.1640
