Location: Dedata_17.png_Mean-Medain.png
Component: component_1755512339302_164.png
centerX: 0.7504032258064516
centerY: 0.3787403818751781
width: 0.025
height: 0.03761755485893417
Area: 0.00030014984509877827
CentroidX: 0.7602
CentroidY: 0.3948
