Location: Dedata_17.png_Otsu.png
Component: component_1755512340316_767.png
centerX: 0.7733870967741936
centerY: 0.8523795953263038
width: 0.021774193548387097
height: 0.03733257338273012
Area: 0.0003070445582327471
CentroidX: 0.7837
CentroidY: 0.8681
