Location: internet_21.png_Mean-Medain.png
Component: component_1755082376326_186.png
centerX: 0.43450221684804513
centerY: 0.4459652124322783
width: 0.029423619508262798
height: 0.04647847162817223
Area: 0.0003881222411513703
CentroidX: 0.4511
CentroidY: 0.4705
