Location: internet_21.png_Mean-Medain.png
Component: component_1755082376292_39.png
centerX: 0.07214832728738411
centerY: 0.07242657542058739
width: 0.027005239822652155
height: 0.03649843170801255
Area: 0.0003780083065285333
CentroidX: 0.0861
CentroidY: 0.0903
