Location: internet_21.png_Gaussian-Median.png
Component: component_1755082377318_105.png
centerX: 0.5550181378476421
centerY: 0.21243227830054176
width: 0.03143893591293833
height: 0.04448246364414029
Area: 0.00039524796781746
CentroidX: 0.5728
CentroidY: 0.2342
