Location: internet_21.png_Gaussian-Closing.png
Component: component_1755082377562_279.png
centerX: 0.4244256348246675
centerY: 0.6449957228400343
width: 0.032245062474808545
height: 0.046193327630453376
Area: 0.00033835708556400186
CentroidX: 0.4404
CentroidY: 0.6674
