Location: internet_21.png_Gaussian-Closing.png
Component: component_1755082377502_70.png
centerX: 0.407496977025393
centerY: 0.16367265469061876
width: 0.031035872632003223
height: 0.04077559167379527
Area: 0.0003203129067482585
CentroidX: 0.4238
CentroidY: 0.1836
