Location: Dedata_17.png_Mean-Medain.png
Component: component_1755512339348_366.png
centerX: 0.2713709677419355
centerY: 0.8914220575662581
width: 0.021774193548387097
height: 0.03220290681105728
Area: 0.0003181910111326635
CentroidX: 0.2839
CentroidY: 0.9049
