Location: internet_21.png_Mean-Medain.png
Component: component_1755082376434_313.png
centerX: 0.054816606207174524
centerY: 0.7422298260621614
width: 0.03345425231761386
height: 0.043341887653264896
Area: 0.00031548580158735905
CentroidX: 0.0713
CentroidY: 0.7645
