Location: internet_21.png_Mean-Medain.png
Component: component_1755082376315_144.png
centerX: 0.3945989520354696
centerY: 0.33532934131736525
width: 0.02781136638452237
height: 0.039635015682919876
Area: 0.00040846504147230384
CentroidX: 0.4090
CentroidY: 0.3545
