Location: Dedata_17.png_Mean-Medain.png
Component: component_1755512339286_96.png
centerX: 0.7846774193548387
centerY: 0.20946138500997435
width: 0.025806451612903226
height: 0.04588201766885153
Area: 0.0003888618207558444
CentroidX: 0.7958
CentroidY: 0.2291
