Location: Dedata_17.png_Otsu.png
Component: component_1755512340263_652.png
centerX: 0.5794354838709678
centerY: 0.560843545169564
width: 0.018951612903225806
height: 0.04331718438301511
Area: 0.0003158927734213405
CentroidX: 0.5912
CentroidY: 0.5789
