Location: Dedata_17.png_Gaussian-Median.png
Component: component_1755512339627_97.png
centerX: 0.01532258064516129
centerY: 0.19036762610430322
width: 0.025806451612903226
height: 0.045597036192647475
Area: 0.0003732338043188483
CentroidX: 0.0295
CentroidY: 0.2094
