Location: internet_21.png_Mean-Medain.png
Component: component_1755082376443_317.png
centerX: 0.8355501813784765
centerY: 0.7487881380096949
width: 0.03385731559854897
height: 0.03877958368976333
Area: 0.0003659405436262846
CentroidX: 0.8540
CentroidY: 0.7682
