Location: Dedata_17.png_Mean-Medain.png
Component: component_1755512339319_240.png
centerX: 0.46169354838709675
centerY: 0.5691080079794814
width: 0.01975806451612903
height: 0.04474209176403534
Area: 0.00034473565669844366
CentroidX: 0.4716
CentroidY: 0.5875
