Location: Dedata_17.png_Mean-Closing.png
Component: component_1755512339791_207.png
centerX: 0.05524193548387097
centerY: 0.4890282131661442
width: 0.01653225806451613
height: 0.03875748076375036
Area: 0.00029555336967613236
CentroidX: 0.0625
CentroidY: 0.5055
