Location: Dedata_17.png_Gaussian-Median.png
Component: component_1755512339639_134.png
centerX: 0.39314516129032256
centerY: 0.29438586491878027
width: 0.025
height: 0.03761755485893417
Area: 0.00026659557451346307
CentroidX: 0.4045
CentroidY: 0.3102
