Location: Dedata_17.png_Gaussian-Median.png
Component: component_1755512339654_192.png
centerX: 0.8790322580645161
centerY: 0.4260473069250499
width: 0.017338709677419354
height: 0.03761755485893417
Area: 0.00026923854788148447
CentroidX: 0.8862
CentroidY: 0.4417
