Location: Dedata_17.png_Otsu.png
Component: component_1755512340252_638.png
centerX: 0.21330645161290324
centerY: 0.530635508691935
width: 0.016935483870967744
height: 0.04217725847819892
Area: 0.0002598157732650604
CentroidX: 0.2237
CentroidY: 0.5480
