Location: internet_21.png_Otsu.png
Component: component_1755082377196_2696.png
centerX: 0.39379282547359934
centerY: 0.8331907613344739
width: 0.028214429665457477
height: 0.046763615625891077
Area: 0.00024032087836763853
CentroidX: 0.4082
CentroidY: 0.8575
