Location: internet_21.png_Gaussian-Closing.png
Component: component_1755082377481_8.png
centerX: 0.5223700120918985
centerY: 0.007413743940690049
width: 0.024989923417976623
height: 0.035357855717137156
Area: 0.00033548380868251405
CentroidX: 0.5346
CentroidY: 0.0245
