Location: internet_21.png_Gaussian-Median.png
Component: component_1755082377326_137.png
centerX: 0.6924627166465135
centerY: 0.25805531793555747
width: 0.027408303103587262
height: 0.043341887653264896
Area: 0.00037708885792645723
CentroidX: 0.7091
CentroidY: 0.2801
