Location: Dedata_17.png_Mean-Medain.png
Component: component_1755512339336_309.png
centerX: 0.4762096774193548
centerY: 0.7549159304645198
width: 0.02056451612903226
height: 0.037902536335138216
Area: 0.0003381856792211732
CentroidX: 0.4878
CentroidY: 0.7709
