Location: Dedata_17.png_Otsu.png
Component: component_1755512340215_332.png
centerX: 0.7830645161290323
centerY: 0.268452550584212
width: 0.01935483870967742
height: 0.03761755485893417
Area: 0.00017535553737394165
CentroidX: 0.7925
CentroidY: 0.2821
