Location: Dedata_17.png_Otsu.png
Component: component_1755512340246_605.png
centerX: 0.8612903225806452
centerY: 0.47648902821316613
width: 0.02217741935483871
height: 0.03619264747791394
Area: 0.00024683073019608564
CentroidX: 0.8730
CentroidY: 0.4923
