Location: Dedata_17.png_Gaussian-Median.png
Component: component_1755512339693_373.png
centerX: 0.3995967741935484
centerY: 0.8805927614705045
width: 0.024596774193548387
height: 0.04217725847819892
Area: 0.00036369611781685804
CentroidX: 0.4124
CentroidY: 0.8988
