Location: Dedata_17.png_Mean-Closing.png
Component: component_1755512339766_112.png
centerX: 0.9088709677419354
centerY: 0.25391849529780564
width: 0.024596774193548387
height: 0.038472499287546306
Area: 0.0003261199312367277
CentroidX: 0.9211
CentroidY: 0.2697
