Location: Dedata_17.png_Mean-Medain.png
Component: component_1755512339277_49.png
centerX: 0.8419354838709677
centerY: 0.1043032202906811
width: 0.02338709677419355
height: 0.037047591906526074
Area: 0.0003296821996892783
CentroidX: 0.8539
CentroidY: 0.1195
