Location: Dedata_17.png_Gaussian-Median.png
Component: component_1755512339630_104.png
centerX: 0.6919354838709677
centerY: 0.2157309774864634
width: 0.025806451612903226
height: 0.04360216585921915
Area: 0.00037185486169205454
CentroidX: 0.7044
CentroidY: 0.2338
