Location: internet_21.png_Gaussian-Closing.png
Component: component_1755082377517_115.png
centerX: 0.6372430471584039
centerY: 0.26119190191046476
width: 0.030229746070133012
height: 0.04134587966923296
Area: 0.00036674506115310116
CentroidX: 0.6539
CentroidY: 0.2821
