Location: Dedata_17.png_Gaussian-Median.png
Component: component_1755512339647_161.png
centerX: 0.18346774193548387
centerY: 0.3579367341122827
width: 0.020967741935483872
height: 0.04360216585921915
Area: 0.0003068147344616148
CentroidX: 0.1938
CentroidY: 0.3771
