Location: internet_21.png_Otsu.png
Component: component_1755082376566_11.png
centerX: 0.47480854494155583
centerY: 0.00855431993156544
width: 0.02539298669891173
height: 0.03849443969204448
Area: 0.00031858894061936584
CentroidX: 0.4878
CentroidY: 0.0264
