Location: Dedata_17.png_Gaussian-Median.png
Component: component_1755512339589_34.png
centerX: 0.7866935483870968
centerY: 0.06127101738387005
width: 0.02338709677419355
height: 0.03733257338273012
Area: 0.00032071907261511874
CentroidX: 0.7968
CentroidY: 0.0765
