Location: Dedata_17.png_Gaussian-Median.png
Component: component_1755512339614_71.png
centerX: 0.013709677419354839
centerY: 0.13251638643488173
width: 0.02338709677419355
height: 0.03419777714448561
Area: 0.00028038500078140084
CentroidX: 0.0267
CentroidY: 0.1477
