Location: internet_21.png_Mean-Medain.png
Component: component_1755082376325_182.png
centerX: 0.6787585650947199
centerY: 0.4299971485600228
width: 0.029826682789197905
height: 0.04647847162817223
Area: 0.0004038677984619234
CentroidX: 0.6966
CentroidY: 0.4541
