Location: internet_21.png_Gaussian-Closing.png
Component: component_1755082377570_313.png
centerX: 0.012494961708988311
centerY: 0.7419446820644425
width: 0.02539298669891173
height: 0.04163102366695181
Area: 0.0002557216424524131
CentroidX: 0.0274
CentroidY: 0.7619
