Location: Dedata_17.png_Mean-Medain.png
Component: component_1755512339311_203.png
centerX: 0.8608870967741935
centerY: 0.4762040467369621
width: 0.02338709677419355
height: 0.03676261043032203
Area: 0.0003004945807554767
CentroidX: 0.8730
CentroidY: 0.4923
