Location: internet_21.png_Gaussian-Median.png
Component: component_1755082377402_448.png
centerX: 0.5324465941152761
centerY: 0.8280581693755347
width: 0.029826682789197905
height: 0.04134587966923296
Area: 0.00034249460427334424
CentroidX: 0.5490
CentroidY: 0.8497
