Location: internet_21.png_Otsu.png
Component: component_1755082376911_1541.png
centerX: 0.6626360338573156
centerY: 0.49871685201026517
width: 0.02902055622732769
height: 0.05531793555745652
Area: 0.00025985916116175547
CentroidX: 0.6793
CentroidY: 0.5266
