Location: Dedata_17.png_Mean-Medain.png
Component: component_1755512339274_36.png
centerX: 0.43024193548387096
centerY: 0.07039042462239954
width: 0.021370967741935483
height: 0.04075235109717868
Area: 0.0003415181239025915
CentroidX: 0.4403
CentroidY: 0.0875
