Location: internet_21.png_Gaussian-Closing.png
Component: component_1755082377551_239.png
centerX: 0.7021362353889561
centerY: 0.5597376675220986
width: 0.030632809351068116
height: 0.05389221556886228
Area: 0.00038973127620500346
CentroidX: 0.7189
CentroidY: 0.5861
