Location: internet_21.png_Otsu.png
Component: component_1755082377148_2505.png
centerX: 0.6723095525997581
centerY: 0.7576276019389792
width: 0.030632809351068116
height: 0.03992015968063872
Area: 0.00026686995675258567
CentroidX: 0.6891
CentroidY: 0.7784
