Location: Dedata_17.png_Mean-Closing.png
Component: component_1755512339753_48.png
centerX: 0.8419354838709677
centerY: 0.1043032202906811
width: 0.02338709677419355
height: 0.037047591906526074
Area: 0.00032991202346041056
CentroidX: 0.8539
CentroidY: 0.1195
