Location: Dedata_17.png_Otsu.png
Component: component_1755512340241_560.png
centerX: 0.8790322580645161
centerY: 0.4263322884012539
width: 0.016935483870967744
height: 0.03676261043032203
Area: 0.00022924921170446502
CentroidX: 0.8861
CentroidY: 0.4412
