Location: Dedata_17.png_Otsu.png
Component: component_1755512340189_113.png
centerX: 0.4705645161290323
centerY: 0.121972071815332
width: 0.018951612903225806
height: 0.04417212881162724
Area: 0.0002244229125106868
CentroidX: 0.4804
CentroidY: 0.1395
