Location: Samociqulo_1709_page_10.png_Gaussian-Median.png
Component: component_1755610056117_792.png
centerX: 0.82997542997543
centerY: 0.1534375
width: 0.015724815724815724
height: 0.015
Area: 0.00010841523341523341
CentroidX: 0.8379
CentroidY: 0.1599
