Location: Dedata_17.png_Gaussian-Median.png
Component: component_1755512339694_377.png
centerX: 0.2713709677419355
centerY: 0.8914220575662581
width: 0.021774193548387097
height: 0.03220290681105728
Area: 0.00029946037378538137
CentroidX: 0.2839
CentroidY: 0.9050
