Location: Dedata_17.png_Gaussian-Median.png
Component: component_1755512339678_299.png
centerX: 0.317741935483871
centerY: 0.7041892277001995
width: 0.018548387096774192
height: 0.04274722143060701
Area: 0.00034737863006646506
CentroidX: 0.3277
CentroidY: 0.7231
