Location: Dedata_17.png_Otsu.png
Component: component_1755512340188_108.png
centerX: 0.7068548387096775
centerY: 0.11370760900541464
width: 0.021370967741935483
height: 0.024223425477343973
Area: 0.00017179326892139107
CentroidX: 0.7182
CentroidY: 0.1233
