Location: Dedata_17.png_Mean-Medain.png
Component: component_1755512339281_70.png
centerX: 0.9298387096774193
centerY: 0.14733542319749215
width: 0.022983870967741935
height: 0.038472499287546306
Area: 0.00034266724275825296
CentroidX: 0.9396
CentroidY: 0.1635
