Location: Dedata_17.png_Mean-Closing.png
Component: component_1755512339755_59.png
centerX: 0.3270161290322581
centerY: 0.1273867198632089
width: 0.025403225806451612
height: 0.03676261043032203
Area: 0.0003093427959440701
CentroidX: 0.3403
CentroidY: 0.1429
