Location: Dedata_17.png_Mean-Closing.png
Component: component_1755512339745_11.png
centerX: 0.07338709677419354
centerY: 0.011684240524365916
width: 0.027016129032258064
height: 0.03505272157309775
Area: 0.0003172717160481343
CentroidX: 0.0871
CentroidY: 0.0265
