Location: internet_21.png_Mean-Medain.png
Component: component_1755082376328_202.png
centerX: 0.10963321241434905
centerY: 0.4776161961790704
width: 0.031035872632003223
height: 0.0427715996578272
Area: 0.00037950241050690694
CentroidX: 0.1254
CentroidY: 0.4977
