Location: Dedata_17.png_Mean-Closing.png
Component: component_1755512339845_275.png
centerX: 0.7596774193548387
centerY: 0.6694214876033058
width: 0.01975806451612903
height: 0.045597036192647475
Area: 0.00038300131459197086
CentroidX: 0.7701
CentroidY: 0.6881
