Location: Dedata_17.png_Otsu.png
Component: component_1755512340182_40.png
centerX: 0.3875
centerY: 0.07324023938444
width: 0.02056451612903226
height: 0.0353377030493018
Area: 0.00019017917061197473
CentroidX: 0.3969
CentroidY: 0.0865
