Location: internet_21.png_Mean-Medain.png
Component: component_1755082376283_5.png
centerX: 0.6275695284159613
centerY: 0.0051325919589392645
width: 0.027005239822652155
height: 0.03592814371257485
Area: 0.0003645613707231705
CentroidX: 0.6427
CentroidY: 0.0229
