Location: internet_21.png_Otsu.png
Component: component_1755082376596_304.png
centerX: 0.46392583635630796
centerY: 0.1596806387225549
width: 0.026199113260781944
height: 0.043341887653264896
Area: 0.0002513542615925516
CentroidX: 0.4782
CentroidY: 0.1817
