Location: Dedata_17.png_Gaussian-Median.png
Component: component_1755512339611_63.png
centerX: 0.37661290322580643
centerY: 0.12482188657737248
width: 0.021774193548387097
height: 0.03875748076375036
Area: 0.00030106914018330745
CentroidX: 0.3897
CentroidY: 0.1410
