Location: Dedata_17.png_Mean-Closing.png
Component: component_1755512339752_46.png
centerX: 0.9330645161290323
centerY: 0.09603875748076375
width: 0.022983870967741935
height: 0.03818751781134226
Area: 0.00032956728780371213
CentroidX: 0.9462
CentroidY: 0.1123
