Location: internet_21.png_Mean-Medain.png
Component: component_1755082376436_315.png
centerX: 0.8810963321241435
centerY: 0.7467921300256629
width: 0.030632809351068116
height: 0.039635015682919876
Area: 0.0003546772982508525
CentroidX: 0.8968
CentroidY: 0.7663
