Location: internet_21.png_Otsu.png
Component: component_1755082376567_15.png
centerX: 0.43087464731962916
centerY: 0.011690903906472769
width: 0.026199113260781944
height: 0.03507271171941831
Area: 0.00028445441126729096
CentroidX: 0.4439
CentroidY: 0.0283
