Location: internet_21.png_Otsu.png
Component: component_1755082376792_950.png
centerX: 0.9294639258363563
centerY: 0.3618477331052181
width: 0.027005239822652155
height: 0.040490447676076416
Area: 0.00022446038998182594
CentroidX: 0.9433
CentroidY: 0.3824
