Location: internet_21.png_Mean-Medain.png
Component: component_1755082376462_335.png
centerX: 0.3031035872632003
centerY: 0.7904191616766467
width: 0.018137847642079808
height: 0.021670943826632448
Area: 0.0001411353604186801
CentroidX: 0.3097
CentroidY: 0.8042
