Location: Dedata_17.png_Mean-Medain.png
Component: component_1755512339310_199.png
centerX: 0.9516129032258065
centerY: 0.4665146765460245
width: 0.02217741935483871
height: 0.040467369620974636
Area: 0.00031210068119765763
CentroidX: 0.9628
CentroidY: 0.4836
