Location: internet_21.png_Mean-Medain.png
Component: component_1755082376313_136.png
centerX: 0.7299476017734784
centerY: 0.30966638152266895
width: 0.03184199919387344
height: 0.04647847162817223
Area: 0.0004217970462024072
CentroidX: 0.7477
CentroidY: 0.3331
