Location: internet_21.png_Mean-Medain.png
Component: component_1755082376326_188.png
centerX: 0.3945989520354696
centerY: 0.44767607641859136
width: 0.0237807335751713
height: 0.0504704875962361
Area: 0.0004061664199671136
CentroidX: 0.4080
CentroidY: 0.4722
