Location: Dedata_17.png_Mean-Closing.png
Component: component_1755512339783_180.png
centerX: 0.9137096774193548
centerY: 0.42205756625819324
width: 0.018145161290322582
height: 0.03590766600170989
Area: 0.0002654464556578016
CentroidX: 0.9249
CentroidY: 0.4375
