Location: Dedata_17.png_Mean-Medain.png
Component: component_1755512339298_150.png
centerX: 0.37459677419354837
centerY: 0.34710743801652894
width: 0.01935483870967742
height: 0.04730692504987176
Area: 0.00034002426939023155
CentroidX: 0.3834
CentroidY: 0.3670
