Location: Dedata_17.png_Mean-Medain.png
Component: component_1755512339344_342.png
centerX: 0.1407258064516129
centerY: 0.8435451695639783
width: 0.018951612903225806
height: 0.040467369620974636
Area: 0.00033680673659437945
CentroidX: 0.1516
CentroidY: 0.8604
