Location: internet_21.png_Gaussian-Closing.png
Component: component_1755082377563_285.png
centerX: 0.15598548972188633
centerY: 0.669803250641574
width: 0.030229746070133012
height: 0.05075563159395495
Area: 0.0003382421544887423
CentroidX: 0.1724
CentroidY: 0.6958
