Location: Dedata_17.png_Gaussian-Median.png
Component: component_1755512339651_175.png
centerX: 0.6270161290322581
centerY: 0.3867198632088914
width: 0.025
height: 0.039897406668566546
Area: 0.0003075042057750117
CentroidX: 0.6375
CentroidY: 0.4041
