Location: Dedata_17.png_Otsu.png
Component: component_1755512340243_586.png
centerX: 0.6221774193548387
centerY: 0.4471359361641493
width: 0.02217741935483871
height: 0.039042462239954404
Area: 0.0002453368756837257
CentroidX: 0.6304
CentroidY: 0.4622
