Location: Paraklitoni_1720_page_10.png_Mean-Medain.png
Component: component_1755610055483_1936.png
centerX: 0.7980182926829268
centerY: 0.6992481203007519
width: 0.010670731707317074
height: 0.012531328320802004
Area: 6.838743199462069e-05
CentroidX: 0.8037
CentroidY: 0.7047
