Location: Dedata_17.png_Mean-Medain.png
Component: component_1755512339292_121.png
centerX: 0.6915322580645161
centerY: 0.27329723567968084
width: 0.02379032258064516
height: 0.039612425192362494
Area: 0.000331061142316072
CentroidX: 0.7031
CentroidY: 0.2893
