Location: Dedata_17.png_Gaussian-Median.png
Component: component_1755512339588_33.png
centerX: 0.7439516129032258
centerY: 0.05984611000284981
width: 0.025
height: 0.04103733257338273
Area: 0.00032566028369446307
CentroidX: 0.7546
CentroidY: 0.0771
