Location: Dedata_17.png_Mean-Closing.png
Component: component_1755512339784_184.png
centerX: 0.842741935483871
centerY: 0.42747221430607013
width: 0.02258064516129032
height: 0.0347677400968937
Area: 0.00026682539828459535
CentroidX: 0.8521
CentroidY: 0.4422
