Location: Dedata_17.png_Gaussian-Median.png
Component: component_1755512339638_130.png
centerX: 0.567741935483871
centerY: 0.2841265317754346
width: 0.02379032258064516
height: 0.03932744371615845
Area: 0.0003060103512626518
CentroidX: 0.5793
CentroidY: 0.2998
