Location: Dedata_17.png_Mean-Medain.png
Component: component_1755512339340_324.png
centerX: 0.7560483870967742
centerY: 0.7842690225135366
width: 0.021774193548387097
height: 0.02821316614420063
Area: 0.00026533154377223546
CentroidX: 0.7674
CentroidY: 0.7969
