Location: internet_21.png_Mean-Medain.png
Component: component_1755082376389_300.png
centerX: 0.5501813784764208
centerY: 0.7060165383518677
width: 0.030229746070133012
height: 0.039635015682919876
Area: 0.0003216920796513727
CentroidX: 0.5665
CentroidY: 0.7258
