Location: Dedata_17.png_Otsu.png
Component: component_1755512340280_669.png
centerX: 0.7766129032258065
centerY: 0.6013109147905387
width: 0.020967741935483872
height: 0.04132231404958678
Area: 0.00030233317092453506
CentroidX: 0.7865
CentroidY: 0.6187
