Location: Dedata_17.png_Mean-Medain.png
Component: component_1755512339345_345.png
centerX: 0.09798387096774193
centerY: 0.8455400398974067
width: 0.020967741935483872
height: 0.040467369620974636
Area: 0.00032106380827181716
CentroidX: 0.1110
CentroidY: 0.8628
