Location: Dedata_17.png_Otsu.png
Component: component_1755512340314_762.png
centerX: 0.8983870967741936
centerY: 0.8441151325163865
width: 0.020967741935483872
height: 0.03733257338273012
Area: 0.0003018735233822705
CentroidX: 0.9083
CentroidY: 0.8595
