Location: internet_21.png_Mean-Medain.png
Component: component_1755082376316_145.png
centerX: 0.3385731559854897
centerY: 0.3373253493013972
width: 0.029826682789197905
height: 0.04163102366695181
Area: 0.0004028334187845878
CentroidX: 0.3543
CentroidY: 0.3569
