Location: internet_21.png_Mean-Medain.png
Component: component_1755082376338_246.png
centerX: 0.43369609028617495
centerY: 0.5862560593099515
width: 0.02902055622732769
height: 0.046193327630453376
Area: 0.0003566311265302642
CentroidX: 0.4492
CentroidY: 0.6107
