Location: Dedata_17.png_Mean-Closing.png
Component: component_1755512339747_23.png
centerX: 0.9185483870967742
centerY: 0.05329153605015674
width: 0.021370967741935483
height: 0.03505272157309775
Area: 0.0002935998676215078
CentroidX: 0.9274
CentroidY: 0.0679
