Location: internet_21.png_Gaussian-Closing.png
Component: component_1755082377540_198.png
centerX: 0.10963321241434905
centerY: 0.4776161961790704
width: 0.030632809351068116
height: 0.042486455660108356
Area: 0.000319738251371961
CentroidX: 0.1256
CentroidY: 0.4980
