Location: internet_21.png_Otsu.png
Component: component_1755082376780_806.png
centerX: 0.5376864167674325
centerY: 0.32677502138579984
width: 0.02418379685610641
height: 0.042486455660108356
Area: 0.00019227968890916274
CentroidX: 0.5511
CentroidY: 0.3504
