Location: Dedata_17.png_Mean-Closing.png
Component: component_1755512339772_139.png
centerX: 0.7830645161290323
centerY: 0.3225990310629809
width: 0.020161290322580645
height: 0.04360216585921915
Area: 0.0003098024434863347
CentroidX: 0.7921
CentroidY: 0.3408
