Location: internet_21.png_Mean-Medain.png
Component: component_1755082376318_156.png
centerX: 0.8419991938734381
centerY: 0.3664100370687197
width: 0.027005239822652155
height: 0.03934987168520103
Area: 0.00032215180395241073
CentroidX: 0.8571
CentroidY: 0.3860
