Location: internet_21.png_Gaussian-Closing.png
Component: component_1755082377532_166.png
centerX: 0.27650141072148327
centerY: 0.397775876817793
width: 0.02902055622732769
height: 0.047619047619047616
Area: 0.0003869729303987752
CentroidX: 0.2924
CentroidY: 0.4216
