Location: Dedata_17.png_Gaussian-Median.png
Component: component_1755512339648_165.png
centerX: 0.9516129032258065
centerY: 0.3684810487318324
width: 0.022983870967741935
height: 0.037047591906526074
Area: 0.00029670248853179383
CentroidX: 0.9620
CentroidY: 0.3840
