Location: Dedata_17.png_Mean-Medain.png
Component: component_1755512339318_234.png
centerX: 0.01935483870967742
centerY: 0.5474494157879738
width: 0.017741935483870968
height: 0.039897406668566546
Area: 0.00028498147620404675
CentroidX: 0.0304
CentroidY: 0.5654
