Location: internet_21.png_Otsu.png
Component: component_1755082376900_1377.png
centerX: 0.2571543732365981
centerY: 0.4662104362703165
width: 0.019347037484885126
height: 0.02423723980610208
Area: 0.0001259644584844246
CentroidX: 0.2634
CentroidY: 0.4793
