Location: Dedata_17.png_Mean-Medain.png
Component: component_1755512339280_64.png
centerX: 0.2375
centerY: 0.12966657167284126
width: 0.024596774193548387
height: 0.033912795668281565
Area: 0.0003093427959440701
CentroidX: 0.2497
CentroidY: 0.1431
