Location: internet_21.png_Mean-Medain.png
Component: component_1755082376467_346.png
centerX: 0.6662636033857315
centerY: 0.8195038494439693
width: 0.024989923417976623
height: 0.046193327630453376
Area: 0.0003706527177119246
CentroidX: 0.6805
CentroidY: 0.8423
