Location: Dedata_17.png_Mean-Closing.png
Component: component_1755512339843_272.png
centerX: 0.8419354838709677
centerY: 0.6617269877457965
width: 0.02379032258064516
height: 0.04417212881162724
Area: 0.00039748021217330553
CentroidX: 0.8536
CentroidY: 0.6799
