Location: Dedata_17.png_Otsu.png
Component: component_1755512340258_643.png
centerX: 0.09475806451612903
centerY: 0.5388999715018524
width: 0.017338709677419354
height: 0.04331718438301511
Area: 0.000257977183096002
CentroidX: 0.1054
CentroidY: 0.5568
