Location: internet_21.png_Gaussian-Median.png
Component: component_1755082377384_387.png
centerX: 0.8286981056025796
centerY: 0.6914741944682065
width: 0.029423619508262798
height: 0.042486455660108356
Area: 0.0003390466720155589
CentroidX: 0.8432
CentroidY: 0.7107
