Location: Dedata_17.png_Otsu.png
Component: component_1755512340302_719.png
centerX: 0.7241935483870968
centerY: 0.732117412368196
width: 0.021370967741935483
height: 0.03362781419207751
Area: 0.00027417975896082885
CentroidX: 0.7372
CentroidY: 0.7468
