Location: Dedata_17.png_Gaussian-Median.png
Component: component_1755512339667_246.png
centerX: 0.5790322580645161
centerY: 0.5605585636933599
width: 0.01975806451612903
height: 0.04417212881162724
Area: 0.0003563417571406246
CentroidX: 0.5912
CentroidY: 0.5792
