Location: Dedata_17.png_Mean-Medain.png
Component: component_1755512339327_267.png
centerX: 0.31733870967741934
centerY: 0.640638358506697
width: 0.02338709677419355
height: 0.042462239954402965
Area: 0.00040667316301859735
CentroidX: 0.3289
CentroidY: 0.6580
