Location: internet_21.png_Gaussian-Closing.png
Component: component_1755082377530_160.png
centerX: 0.5892785167271262
centerY: 0.38095238095238093
width: 0.02539298669891173
height: 0.04448246364414029
Area: 0.0003622627492179802
CentroidX: 0.6026
CentroidY: 0.4038
