Location: Dedata_17.png_Gaussian-Median.png
Component: component_1755512339663_230.png
centerX: 0.2560483870967742
centerY: 0.5260758050726703
width: 0.018951612903225806
height: 0.03875748076375036
Area: 0.0003055507037203872
CentroidX: 0.2667
CentroidY: 0.5424
