Location: internet_21.png_Gaussian-Closing.png
Component: component_1755082377560_272.png
centerX: 0.6360338573155986
centerY: 0.630453378956373
width: 0.032648125755743655
height: 0.04020530367835757
Area: 0.0002887068610518929
CentroidX: 0.6527
CentroidY: 0.6511
