Location: Dedata_17.png_Mean-Medain.png
Component: component_1755512339307_187.png
centerX: 0.8
centerY: 0.4306070105443146
width: 0.02379032258064516
height: 0.039042462239954404
Area: 0.00032600501935116155
CentroidX: 0.8101
CentroidY: 0.4469
