Location: Dedata_17.png_Otsu.png
Component: component_1755512340252_635.png
centerX: 0.9419354838709677
centerY: 0.5263607865488743
width: 0.021370967741935483
height: 0.040467369620974636
Area: 0.0002988858143575506
CentroidX: 0.9515
CentroidY: 0.5432
