Location: Dedata_17.png_Otsu.png
Component: component_1755512340245_600.png
centerX: 0.2737903225806452
centerY: 0.4682245654032488
width: 0.024193548387096774
height: 0.040467369620974636
Area: 0.00023396059901267707
CentroidX: 0.2830
CentroidY: 0.4849
