Location: internet_21.png_Gaussian-Closing.png
Component: component_1755082377519_124.png
centerX: 0.1894397420395002
centerY: 0.29056173367550614
width: 0.026602176541717048
height: 0.04305674365554605
Area: 0.00035996412771279
CentroidX: 0.2043
CentroidY: 0.3110
