Location: internet_21.png_Gaussian-Median.png
Component: component_1755082377333_177.png
centerX: 0.2857718661829907
centerY: 0.3427430852580553
width: 0.03466344216041919
height: 0.039635015682919876
Area: 0.000385134033194623
CentroidX: 0.3019
CentroidY: 0.3628
