Location: internet_21.png_Gaussian-Median.png
Component: component_1755082377316_93.png
centerX: 0.9266424828698105
centerY: 0.1881950384944397
width: 0.029423619508262798
height: 0.038209295694325636
Area: 0.000340195982768154
CentroidX: 0.9429
CentroidY: 0.2062
