Location: Dedata_17.png_Mean-Closing.png
Component: component_1755512339781_169.png
centerX: 0.5004032258064516
centerY: 0.3975491593046452
width: 0.025403225806451612
height: 0.04531205471644343
Area: 0.00034140321201702535
CentroidX: 0.5118
CentroidY: 0.4166
