Location: Dedata_17.png_Mean-Medain.png
Component: component_1755512339304_174.png
centerX: 0.41774193548387095
centerY: 0.4066685665431747
width: 0.01975806451612903
height: 0.037047591906526074
Area: 0.0002654464556578016
CentroidX: 0.4262
CentroidY: 0.4225
