Location: Dedata_17.png_Gaussian-Median.png
Component: component_1755512339612_65.png
centerX: 0.28346774193548385
centerY: 0.12909660872043316
width: 0.02338709677419355
height: 0.03562268452550584
Area: 0.00029314022007924324
CentroidX: 0.2956
CentroidY: 0.1438
