Location: Dedata_17.png_Mean-Medain.png
Component: component_1755512339289_107.png
centerX: 0.28830645161290325
centerY: 0.23795953263037903
width: 0.01935483870967742
height: 0.043032202906811055
Area: 0.00035082598663344945
CentroidX: 0.2979
CentroidY: 0.2561
