Location: Dedata_17.png_Mean-Medain.png
Component: component_1755512339301_159.png
centerX: 0.9516129032258065
centerY: 0.36819606725562837
width: 0.022983870967741935
height: 0.037047591906526074
Area: 0.000320144513187288
CentroidX: 0.9622
CentroidY: 0.3838
