Location: Dedata_17.png_Gaussian-Median.png
Component: component_1755512339583_17.png
centerX: 0.12741935483870967
centerY: 0.013394129381590196
width: 0.021774193548387097
height: 0.03818751781134226
Area: 0.0002670552220557277
CentroidX: 0.1365
CentroidY: 0.0291
