Location: internet_21.png_Gaussian-Median.png
Component: component_1755082377402_446.png
centerX: 0.580814187827489
centerY: 0.8243512974051896
width: 0.026602176541717048
height: 0.04077559167379527
Area: 0.0002910054825570831
CentroidX: 0.5962
CentroidY: 0.8453
