Location: internet_21.png_Gaussian-Median.png
Component: component_1755082377309_62.png
centerX: 0.06449012494961709
centerY: 0.12460792700313658
width: 0.027408303103587262
height: 0.036213287710293696
Area: 0.00028238565191261977
CentroidX: 0.0793
CentroidY: 0.1427
