Location: internet_21.png_Gaussian-Median.png
Component: component_1755082377382_379.png
centerX: 0.06449012494961709
centerY: 0.6803535785571714
width: 0.029423619508262798
height: 0.043341887653264896
Area: 0.00028652317062196215
CentroidX: 0.0807
CentroidY: 0.7030
