Location: internet_21.png_Otsu.png
Component: component_1755082376980_2129.png
centerX: 0.8206368399838775
centerY: 0.615340747077274
width: 0.036275695284159616
height: 0.04077559167379527
Area: 0.0001910154470813081
CentroidX: 0.8416
CentroidY: 0.6374
