Location: Dedata_17.png_Otsu.png
Component: component_1755512340241_566.png
centerX: 0.8004032258064516
centerY: 0.43117697349672274
width: 0.022983870967741935
height: 0.038472499287546306
Area: 0.00024878423225071014
CentroidX: 0.8101
CentroidY: 0.4465
