Location: Dedata_17.png_Otsu.png
Component: component_1755512340190_114.png
centerX: 0.43024193548387096
centerY: 0.12368196067255628
width: 0.021370967741935483
height: 0.03761755485893417
Area: 0.00021522996166539496
CentroidX: 0.4415
CentroidY: 0.1380
