Location: Dedata_17.png_Mean-Medain.png
Component: component_1755512339345_346.png
centerX: 0.8145161290322581
centerY: 0.847534910230835
width: 0.02379032258064516
height: 0.04018238814477059
Area: 0.0003454251280118405
CentroidX: 0.8258
CentroidY: 0.8647
