Location: internet_21.png_Gaussian-Closing.png
Component: component_1755082377576_336.png
centerX: 0.3031035872632003
centerY: 0.7904191616766467
width: 0.018137847642079808
height: 0.021670943826632448
Area: 0.00012240159515137974
CentroidX: 0.3096
CentroidY: 0.8043
