Location: internet_21.png_Otsu.png
Component: component_1755082376989_2253.png
centerX: 0.4244256348246675
centerY: 0.6449957228400343
width: 0.03184199919387344
height: 0.04590818363273453
Area: 0.00024330908632438583
CentroidX: 0.4393
CentroidY: 0.6681
