Location: Dedata_17.png_Otsu.png
Component: component_1755512340240_558.png
centerX: 0.022983870967741935
centerY: 0.4249073810202337
width: 0.02056451612903226
height: 0.04160729552579082
Area: 0.0001373197032515467
CentroidX: 0.0342
CentroidY: 0.4437
