Location: Dedata_17.png_Gaussian-Median.png
Component: component_1755512339687_347.png
centerX: 0.35201612903225804
centerY: 0.8218865773724708
width: 0.01975806451612903
height: 0.04132231404958678
Area: 0.00031911030621719266
CentroidX: 0.3639
CentroidY: 0.8395
