Location: Dedata_17.png_Otsu.png
Component: component_1755512340184_51.png
centerX: 0.018548387096774192
centerY: 0.07722998005129666
width: 0.017741935483870968
height: 0.03733257338273012
Area: 0.0002853262118607452
CentroidX: 0.0277
CentroidY: 0.0929
