Location: Dedata_17.png_Mean-Closing.png
Component: component_1755512339788_202.png
centerX: 0.18024193548387096
centerY: 0.4790538614990026
width: 0.02379032258064516
height: 0.036477628954117984
Area: 0.00031451383079454675
CentroidX: 0.1908
CentroidY: 0.4944
