Location: internet_21.png_Otsu.png
Component: component_1755082377003_2325.png
centerX: 0.7799274486094316
centerY: 0.688622754491018
width: 0.03466344216041919
height: 0.046763615625891077
Area: 0.0002660654392257691
CentroidX: 0.7965
CentroidY: 0.7130
