Location: internet_21.png_Gaussian-Median.png
Component: component_1755082377335_185.png
centerX: 0.8871422813381701
centerY: 0.3644140290846878
width: 0.028214429665457477
height: 0.04020530367835757
Area: 0.0003228413904039678
CentroidX: 0.9015
CentroidY: 0.3840
