Location: internet_21.png_Mean-Medain.png
Component: component_1755082376310_123.png
centerX: 0.46634421604191856
centerY: 0.2686056458511548
width: 0.030229746070133012
height: 0.04448246364414029
Area: 0.0003978913825484288
CentroidX: 0.4837
CentroidY: 0.2915
