Location: internet_21.png_Gaussian-Closing.png
Component: component_1755082377499_59.png
centerX: 0.9314792422410318
centerY: 0.13829483889364128
width: 0.035872632003224506
height: 0.04163102366695181
Area: 0.00035237867674566226
CentroidX: 0.9505
CentroidY: 0.1585
