Location: Dedata_17.png_Mean-Closing.png
Component: component_1755512339768_121.png
centerX: 0.6088709677419355
centerY: 0.27899686520376177
width: 0.025403225806451612
height: 0.04018238814477059
Area: 0.0003471488062953327
CentroidX: 0.6214
CentroidY: 0.2950
