Location: internet_21.png_Mean-Medain.png
Component: component_1755082376338_248.png
centerX: 0.343409915356711
centerY: 0.590818363273453
width: 0.030229746070133012
height: 0.046763615625891077
Area: 0.0003866281371729967
CentroidX: 0.3593
CentroidY: 0.6129
