Location: Dedata_17.png_Gaussian-Median.png
Component: component_1755512339655_195.png
centerX: 0.7516129032258064
centerY: 0.43374180678255914
width: 0.027822580645161292
height: 0.04360216585921915
Area: 0.0003346234107686226
CentroidX: 0.7630
CentroidY: 0.4523
