Location: Dedata_17.png_Gaussian-Median.png
Component: component_1755512339668_251.png
centerX: 0.3842741935483871
centerY: 0.5745226560273582
width: 0.02338709677419355
height: 0.04075235109717868
Area: 0.000327154138206823
CentroidX: 0.3968
CentroidY: 0.5909
