Location: Dedata_17.png_Otsu.png
Component: component_1755512340300_712.png
centerX: 0.8403225806451613
centerY: 0.7207181533200342
width: 0.018951612903225806
height: 0.04331718438301511
Area: 0.00031382435948114985
CentroidX: 0.8515
CentroidY: 0.7396
