Location: Dedata_17.png_Mean-Closing.png
Component: component_1755512339800_234.png
centerX: 0.6544354838709677
centerY: 0.5531490453120547
width: 0.020967741935483872
height: 0.0438871473354232
Area: 0.00038702323058678606
CentroidX: 0.6662
CentroidY: 0.5716
