Location: internet_21.png_Gaussian-Closing.png
Component: component_1755082377519_123.png
centerX: 0.24022571543732366
centerY: 0.28999144568006846
width: 0.03143893591293833
height: 0.04220131166238951
Area: 0.000384904171044104
CentroidX: 0.2562
CentroidY: 0.3092
