Location: internet_21.png_Mean-Medain.png
Component: component_1755082376281_2.png
centerX: 0.833937928254736
centerY: 0.003136583974907328
width: 0.02902055622732769
height: 0.038209295694325636
Area: 0.0003636419221210944
CentroidX: 0.8489
CentroidY: 0.0211
