Location: Dedata_17.png_Mean-Closing.png
Component: component_1755512339780_165.png
centerX: 0.6713709677419355
centerY: 0.38273012254203476
width: 0.025806451612903226
height: 0.03733257338273012
Area: 0.00031095156234199617
CentroidX: 0.6821
CentroidY: 0.3985
