Location: internet_21.png_Otsu.png
Component: component_1755082376687_584.png
centerX: 0.6924627166465135
centerY: 0.25805531793555747
width: 0.027408303103587262
height: 0.042486455660108356
Area: 0.00028158113438580314
CentroidX: 0.7086
CentroidY: 0.2797
