Location: Dedata_17.png_Gaussian-Median.png
Component: component_1755512339663_228.png
centerX: 0.3350806451612903
centerY: 0.5189512681675691
width: 0.018951612903225806
height: 0.03733257338273012
Area: 0.00029877090247198447
CentroidX: 0.3463
CentroidY: 0.5346
