Location: internet_21.png_Mean-Medain.png
Component: component_1755082376327_191.png
centerX: 0.3027005239822652
centerY: 0.4550898203592814
width: 0.026199113260781944
height: 0.04647847162817223
Area: 0.000414786250611577
CentroidX: 0.3172
CentroidY: 0.4774
