Location: internet_21.png_Otsu.png
Component: component_1755082376568_18.png
centerX: 0.2623941958887545
centerY: 0.013972055888223553
width: 0.024989923417976623
height: 0.036213287710293696
Area: 0.0002966371052447992
CentroidX: 0.2769
CentroidY: 0.0325
