Location: Dedata_17.png_Mean-Closing.png
Component: component_1755512339835_269.png
centerX: 0.18467741935483872
centerY: 0.6557423767455115
width: 0.02056451612903226
height: 0.039612425192362494
Area: 0.0003599040255931752
CentroidX: 0.1956
CentroidY: 0.6722
