Location: internet_21.png_Mean-Medain.png
Component: component_1755082376365_272.png
centerX: 0.5912938331318017
centerY: 0.6344453949244369
width: 0.03506650544135429
height: 0.045337895637296836
Area: 0.0003372077748114067
CentroidX: 0.6091
CentroidY: 0.6567
