Location: Dedata_17.png_Mean-Medain.png
Component: component_1755512339286_93.png
centerX: 0.9225806451612903
centerY: 0.20091194072385296
width: 0.027016129032258064
height: 0.039612425192362494
Area: 0.00035151545794684635
CentroidX: 0.9350
CentroidY: 0.2179
