Location: Dedata_17.png_Otsu.png
Component: component_1755512340241_568.png
centerX: 0.7524193548387097
centerY: 0.4340267882587632
width: 0.027016129032258064
height: 0.04274722143060701
Area: 0.0002588964781805312
CentroidX: 0.7632
CentroidY: 0.4510
