Location: Kurtxevani_1764_page_10.png_Otsu.png
Component: component_1755610055845_688.png
centerX: 0.46601941747572817
centerY: 0.20533208606173994
width: 0.012944983818770227
height: 0.018709073900841908
Area: 0.00013774479975538946
CentroidX: 0.4722
CentroidY: 0.2135
