Location: internet_21.png_Gaussian-Closing.png
Component: component_1755082377525_141.png
centerX: 0.3385731559854897
centerY: 0.3373253493013972
width: 0.029826682789197905
height: 0.041916167664670656
Area: 0.0003859385507214396
CentroidX: 0.3544
CentroidY: 0.3570
