Location: Dedata_17.png_Gaussian-Median.png
Component: component_1755512339680_312.png
centerX: 0.02258064516129032
centerY: 0.7292675976061556
width: 0.020967741935483872
height: 0.039897406668566546
Area: 0.00030371211355132886
CentroidX: 0.0348
CentroidY: 0.7470
