Location: Dedata_17.png_Mean-Closing.png
Component: component_1755512339782_175.png
centerX: 0.2745967741935484
centerY: 0.41122827016243946
width: 0.02379032258064516
height: 0.03562268452550584
Area: 0.0002785464106123425
CentroidX: 0.2860
CentroidY: 0.4262
