Location: Dedata_17.png_Otsu.png
Component: component_1755512340242_578.png
centerX: 0.6653225806451613
centerY: 0.44229125106868056
width: 0.02258064516129032
height: 0.03875748076375036
Area: 0.00024177460723117514
CentroidX: 0.6742
CentroidY: 0.4578
