Location: Dedata_17.png_Gaussian-Median.png
Component: component_1755512339674_277.png
centerX: 0.26975806451612905
centerY: 0.6423482473639214
width: 0.022983870967741935
height: 0.042462239954402965
Area: 0.0003494470440066557
CentroidX: 0.2810
CentroidY: 0.6614
