Location: internet_21.png_Gaussian-Closing.png
Component: component_1755082377536_181.png
centerX: 0.5888754534461911
centerY: 0.4394069004847448
width: 0.023377670294236194
height: 0.040490447676076416
Area: 0.0003122677314800927
CentroidX: 0.6022
CentroidY: 0.4595
