Location: internet_21.png_Gaussian-Median.png
Component: component_1755082377314_88.png
centerX: 0.016928657799274487
centerY: 0.17735956658112348
width: 0.03184199919387344
height: 0.043341887653264896
Area: 0.0003820308941626162
CentroidX: 0.0342
CentroidY: 0.1985
