Location: internet_21.png_Gaussian-Median.png
Component: component_1755082377294_14.png
centerX: 0.3196291817815397
centerY: 0.01283147989734816
width: 0.027408303103587262
height: 0.036783575705731396
Area: 0.00035536688470240956
CentroidX: 0.3357
CentroidY: 0.0316
