Location: internet_21.png_Gaussian-Median.png
Component: component_1755082377297_28.png
centerX: 0.7110036275695284
centerY: 0.04790419161676647
width: 0.029826682789197905
height: 0.03849443969204448
Area: 0.00034352898395067984
CentroidX: 0.7271
CentroidY: 0.0673
