Location: Dedata_17.png_Mean-Medain.png
Component: component_1755512339275_38.png
centerX: 0.24919354838709679
centerY: 0.07409518381305215
width: 0.02338709677419355
height: 0.03505272157309775
Area: 0.0003355427058531518
CentroidX: 0.2605
CentroidY: 0.0883
