Location: Dedata_17.png_Mean-Closing.png
Component: component_1755512339780_164.png
centerX: 0.7133064516129032
centerY: 0.3804502707324024
width: 0.025806451612903226
height: 0.03590766600170989
Area: 0.0003175015398192666
CentroidX: 0.7245
CentroidY: 0.3955
