Location: internet_21.png_Gaussian-Closing.png
Component: component_1755082377569_309.png
centerX: 0.2317613865376864
centerY: 0.733675506130596
width: 0.028214429665457477
height: 0.03592814371257485
Area: 0.0003087048681470479
CentroidX: 0.2462
CentroidY: 0.7520
