Location: internet_21.png_Gaussian-Median.png
Component: component_1755082377306_57.png
centerX: 0.28012898024989924
centerY: 0.11605360707157114
width: 0.029423619508262798
height: 0.04134587966923296
Area: 0.0003780083065285333
CentroidX: 0.2947
CentroidY: 0.1352
