Location: internet_21.png_Gaussian-Closing.png
Component: component_1755082377536_183.png
centerX: 0.43450221684804513
centerY: 0.44625035642999716
width: 0.029423619508262798
height: 0.04590818363273453
Area: 0.0003652509571747275
CentroidX: 0.4515
CentroidY: 0.4704
