Location: internet_21.png_Gaussian-Closing.png
Component: component_1755082377499_57.png
centerX: 0.11688835147118097
centerY: 0.12574850299401197
width: 0.03143893591293833
height: 0.039635015682919876
Area: 0.0002939936905138304
CentroidX: 0.1318
CentroidY: 0.1449
