Location: Dedata_17.png_Gaussian-Median.png
Component: component_1755512339655_196.png
centerX: 0.7100806451612903
centerY: 0.4354516956397834
width: 0.024193548387096774
height: 0.04274722143060701
Area: 0.00032497081238106617
CentroidX: 0.7207
CentroidY: 0.4539
