Location: internet_21.png_Gaussian-Median.png
Component: component_1755082377366_327.png
centerX: 0.5191455058444175
centerY: 0.5893926432848589
width: 0.016928657799274487
height: 0.019674935842600515
Area: 0.00012343597482871534
CentroidX: 0.5257
CentroidY: 0.6014
