Location: Dedata_17.png_Mean-Closing.png
Component: component_1755512339749_30.png
centerX: 0.6556451612903226
centerY: 0.062125961812482186
width: 0.025806451612903226
height: 0.037047591906526074
Area: 0.00031428400702341447
CentroidX: 0.6661
CentroidY: 0.0773
