Location: Dedata_17.png_Mean-Medain.png
Component: component_1755512339298_148.png
centerX: 0.5044354838709677
centerY: 0.34340267882587633
width: 0.021774193548387097
height: 0.04217725847819892
Area: 0.00032336204598314015
CentroidX: 0.5139
CentroidY: 0.3605
