Location: internet_21.png_Mean-Medain.png
Component: component_1755082376327_192.png
centerX: 0.35066505441354295
centerY: 0.45566010835471915
width: 0.026199113260781944
height: 0.04448246364414029
Area: 0.000379962134807945
CentroidX: 0.3651
CentroidY: 0.4761
