Location: Dedata_17.png_Otsu.png
Component: component_1755512340267_657.png
centerX: 0.425
centerY: 0.572812767170134
width: 0.01653225806451613
height: 0.04274722143060701
Area: 0.0002811893839803639
CentroidX: 0.4338
CentroidY: 0.5901
