Location: Dedata_17.png_Mean-Medain.png
Component: component_1755512339345_350.png
centerX: 0.02217741935483871
centerY: 0.8523795953263038
width: 0.021774193548387097
height: 0.03818751781134226
Area: 0.00033519797019645336
CentroidX: 0.0359
CentroidY: 0.8686
