Location: Dedata_17.png_Otsu.png
Component: component_1755512340237_546.png
centerX: 0.32016129032258067
centerY: 0.4078084924479909
width: 0.018548387096774192
height: 0.039612425192362494
Area: 0.00022614659079417903
CentroidX: 0.3289
CentroidY: 0.4240
