Location: Dedata_17.png_Gaussian-Median.png
Component: component_1755512339654_189.png
centerX: 0.9137096774193548
centerY: 0.42205756625819324
width: 0.018145161290322582
height: 0.03619264747791394
Area: 0.00025694297612590663
CentroidX: 0.9250
CentroidY: 0.4379
