Location: internet_21.png_Otsu.png
Component: component_1755082377198_2735.png
centerX: 0.2974607013301088
centerY: 0.8437410892500713
width: 0.022974607013301087
height: 0.04220131166238951
Area: 0.00015906460815916392
CentroidX: 0.3096
CentroidY: 0.8653
