Location: Dedata_17.png_Gaussian-Median.png
Component: component_1755512339646_154.png
centerX: 0.5044354838709677
centerY: 0.34340267882587633
width: 0.021774193548387097
height: 0.042462239954402965
Area: 0.00030520596806368874
CentroidX: 0.5139
CentroidY: 0.3609
