Location: internet_21.png_Mean-Medain.png
Component: component_1755082376324_178.png
centerX: 0.9266424828698105
centerY: 0.4180211006558312
width: 0.022168480451430876
height: 0.041060735671514116
Area: 0.00030652117771711715
CentroidX: 0.9396
CentroidY: 0.4379
