Location: Dedata_17.png_Gaussian-Median.png
Component: component_1755512339653_186.png
centerX: 0.942741935483871
centerY: 0.41635793673411226
width: 0.024596774193548387
height: 0.04160729552579082
Area: 0.00030428667297915956
CentroidX: 0.9572
CentroidY: 0.4341
