Location: internet_21.png_Mean-Medain.png
Component: component_1755082376337_243.png
centerX: 0.5191455058444175
centerY: 0.5805531793555746
width: 0.03143893591293833
height: 0.045337895637296836
Area: 0.0003772037890017167
CentroidX: 0.5364
CentroidY: 0.6021
