Location: internet_21.png_Mean-Medain.png
Component: component_1755082376294_46.png
centerX: 0.8843208383716243
centerY: 0.09352723125178215
width: 0.03143893591293833
height: 0.03735386370116909
Area: 0.00039743165824739074
CentroidX: 0.9003
CentroidY: 0.1115
