Location: Dedata_17.png_Mean-Medain.png
Component: component_1755512339334_299.png
centerX: 0.06330645161290323
centerY: 0.725562838415503
width: 0.02056451612903226
height: 0.043032202906811055
Area: 0.00034117338824589307
CentroidX: 0.0735
CentroidY: 0.7439
