Location: Dedata_17.png_Gaussian-Median.png
Component: component_1755512339630_105.png
centerX: 0.6451612903225806
centerY: 0.21744086634368767
width: 0.025806451612903226
height: 0.03733257338273012
Area: 0.0003196848656450234
CentroidX: 0.6579
CentroidY: 0.2343
