Location: Dedata_17.png_Mean-Medain.png
Component: component_1755512339324_257.png
centerX: 0.7375
centerY: 0.6078654887432317
width: 0.020161290322580645
height: 0.04217725847819892
Area: 0.00034036900504693003
CentroidX: 0.7475
CentroidY: 0.6253
