Location: Dedata_17.png_Gaussian-Median.png
Component: component_1755512339687_343.png
centerX: 0.5116935483870968
centerY: 0.8070675406098604
width: 0.020161290322580645
height: 0.03562268452550584
Area: 0.00031807609924709734
CentroidX: 0.5238
CentroidY: 0.8224
