Location: Dedata_17.png_Mean-Medain.png
Component: component_1755512339277_52.png
centerX: 0.7064516129032258
centerY: 0.11313764605300655
width: 0.02258064516129032
height: 0.037047591906526074
Area: 0.00032795852140578605
CentroidX: 0.7186
CentroidY: 0.1286
