Location: Dedata_17.png_Mean-Closing.png
Component: component_1755512339756_64.png
centerX: 0.13911290322580644
centerY: 0.13080649757765744
width: 0.02379032258064516
height: 0.02963807352522086
Area: 0.00028256832660715763
CentroidX: 0.1526
CentroidY: 0.1434
