Location: Dedata_17.png_Gaussian-Median.png
Component: component_1755512339671_265.png
centerX: 0.06491935483870968
centerY: 0.6061555998860074
width: 0.018951612903225806
height: 0.04645198062125962
Area: 0.0003437014497283483
CentroidX: 0.0741
CentroidY: 0.6256
