Location: Dedata_17.png_Otsu.png
Component: component_1755512340172_3.png
centerX: 0.8145161290322581
centerY: 0.009119407238529496
width: 0.02217741935483871
height: 0.037047591906526074
Area: 0.0002625736585186479
CentroidX: 0.8248
CentroidY: 0.0256
