Location: internet_21.png_Gaussian-Closing.png
Component: component_1755082377501_66.png
centerX: 0.6062071745264006
centerY: 0.1502708867978329
width: 0.029826682789197905
height: 0.043912175648702596
Area: 0.00035111443491780763
CentroidX: 0.6206
CentroidY: 0.1717
