Location: Dedata_17.png_Gaussian-Median.png
Component: component_1755512339668_252.png
centerX: 0.34758064516129034
centerY: 0.5770874893131946
width: 0.020161290322580645
height: 0.04103733257338273
Area: 0.0003297971115748444
CentroidX: 0.3586
CentroidY: 0.5945
