Location: Dedata_17.png_Mean-Closing.png
Component: component_1755512339744_6.png
centerX: 0.5419354838709678
centerY: 0.010259333143345683
width: 0.025
height: 0.032487888287261325
Area: 0.0003241664291821032
CentroidX: 0.5544
CentroidY: 0.0243
