Location: internet_21.png_Otsu.png
Component: component_1755082377119_2459.png
centerX: 0.2317613865376864
centerY: 0.7379526660963787
width: 0.028214429665457477
height: 0.03136583974907328
Area: 0.00016848895633044385
CentroidX: 0.2439
CentroidY: 0.7561
