Location: Dedata_17.png_Otsu.png
Component: component_1755512340249_625.png
centerX: 0.5653225806451613
centerY: 0.5052721573097748
width: 0.017741935483870968
height: 0.04075235109717868
Area: 0.00017960727713988914
CentroidX: 0.5739
CentroidY: 0.5253
