Location: Dedata_17.png_Otsu.png
Component: component_1755512340248_619.png
centerX: 0.6919354838709677
centerY: 0.4915930464519806
width: 0.021774193548387097
height: 0.04018238814477059
Area: 0.0002628034822897802
CentroidX: 0.7019
CentroidY: 0.5088
