Location: Dedata_17.png_Otsu.png
Component: component_1755512340177_19.png
centerX: 0.2161290322580645
centerY: 0.019663721858079224
width: 0.02338709677419355
height: 0.033912795668281565
Area: 0.0001979931788304728
CentroidX: 0.2273
CentroidY: 0.0328
