Location: Dedata_17.png_Gaussian-Median.png
Component: component_1755512339683_325.png
centerX: 0.2778225806451613
centerY: 0.7697349672271302
width: 0.02056451612903226
height: 0.04160729552579082
Area: 0.0003293374640325798
CentroidX: 0.2896
CentroidY: 0.7888
