Location: internet_21.png_Mean-Medain.png
Component: component_1755082376309_119.png
centerX: 0.6920596533655784
centerY: 0.25805531793555747
width: 0.02781136638452237
height: 0.043341887653264896
Area: 0.00040536190244029705
CentroidX: 0.7087
CentroidY: 0.2801
