Location: Dedata_17.png_Mean-Medain.png
Component: component_1755512339303_170.png
centerX: 0.5415322580645161
centerY: 0.3952693074950128
width: 0.02338709677419355
height: 0.04132231404958678
Area: 0.0003126752406254884
CentroidX: 0.5508
CentroidY: 0.4130
