Location: Dedata_17.png_Mean-Closing.png
Component: component_1755512339751_41.png
centerX: 0.29596774193548386
centerY: 0.07523510971786834
width: 0.02258064516129032
height: 0.037047591906526074
Area: 0.00031911030621719266
CentroidX: 0.3067
CentroidY: 0.0906
