Location: internet_21.png_Mean-Medain.png
Component: component_1755082376449_321.png
centerX: 0.7589681580008061
centerY: 0.7504990019960079
width: 0.029826682789197905
height: 0.04020530367835757
Area: 0.00032835808201642436
CentroidX: 0.7755
CentroidY: 0.7711
