Location: Dedata_17.png_Mean-Medain.png
Component: component_1755512339285_92.png
centerX: 0.014919354838709677
centerY: 0.19036762610430322
width: 0.02620967741935484
height: 0.04588201766885153
Area: 0.0003962161814320779
CentroidX: 0.0293
CentroidY: 0.2093
