Location: Dedata_17.png_Mean-Closing.png
Component: component_1755512339779_161.png
centerX: 0.8290322580645161
centerY: 0.37646053006554575
width: 0.021370967741935483
height: 0.04075235109717868
Area: 0.00029773669550188915
CentroidX: 0.8389
CentroidY: 0.3934
