Location: Dedata_17.png_Mean-Medain.png
Component: component_1755512339294_132.png
centerX: 0.19879032258064516
centerY: 0.3020803647762895
width: 0.02217741935483871
height: 0.040467369620974636
Area: 0.00029704722418849225
CentroidX: 0.2103
CentroidY: 0.3187
