Location: Dedata_17.png_Mean-Closing.png
Component: component_1755512339834_268.png
centerX: 0.9342741935483871
centerY: 0.6506127101738387
width: 0.025
height: 0.04217725847819892
Area: 0.00039127497035273354
CentroidX: 0.9459
CentroidY: 0.6683
