Location: internet_21.png_Gaussian-Closing.png
Component: component_1755082377577_342.png
centerX: 0.9310761789600968
centerY: 0.812375249500998
width: 0.026602176541717048
height: 0.036213287710293696
Area: 0.0003060614534160791
CentroidX: 0.9452
CentroidY: 0.8304
