Location: Dedata_17.png_Mean-Medain.png
Component: component_1755512339310_200.png
centerX: 0.27338709677419354
centerY: 0.46793958392704477
width: 0.025
height: 0.04103733257338273
Area: 0.0003283032570624845
CentroidX: 0.2832
CentroidY: 0.4854
