Location: Dedata_17.png_Mean-Medain.png
Component: component_1755512339301_160.png
centerX: 0.910483870967742
centerY: 0.3696209746366486
width: 0.024596774193548387
height: 0.04075235109717868
Area: 0.00030014984509877827
CentroidX: 0.9210
CentroidY: 0.3865
