Location: Dedata_17.png_Otsu.png
Component: component_1755512340301_717.png
centerX: 0.7661290322580645
centerY: 0.7278426902251354
width: 0.01975806451612903
height: 0.03733257338273012
Area: 0.0002798104413535701
CentroidX: 0.7775
CentroidY: 0.7439
