Location: Dedata_17.png_Mean-Medain.png
Component: component_1755512339283_78.png
centerX: 0.5963709677419354
centerY: 0.1669991450555714
width: 0.02338709677419355
height: 0.04417212881162724
Area: 0.00038771270190018296
CentroidX: 0.6061
CentroidY: 0.1854
