Location: Dedata_17.png_Mean-Closing.png
Component: component_1755512339892_334.png
centerX: 0.35201612903225804
centerY: 0.8218865773724708
width: 0.01975806451612903
height: 0.04132231404958678
Area: 0.0003331295562562627
CentroidX: 0.3639
CentroidY: 0.8394
