Location: Dedata_17.png_Mean-Medain.png
Component: component_1755512339336_307.png
centerX: 0.5600806451612903
centerY: 0.7457965232259903
width: 0.01935483870967742
height: 0.037902536335138216
Area: 0.0003188804824460604
CentroidX: 0.5715
CentroidY: 0.7619
