Location: internet_21.png_Otsu.png
Component: component_1755082377144_2479.png
centerX: 0.8355501813784765
centerY: 0.7487881380096949
width: 0.03385731559854897
height: 0.038209295694325636
Area: 0.0002618129894411672
CentroidX: 0.8535
CentroidY: 0.7681
