Location: Dedata_17.png_Mean-Closing.png
Component: component_1755512339787_195.png
centerX: 0.4068548387096774
centerY: 0.4645198062125962
width: 0.017741935483870968
height: 0.03562268452550584
Area: 0.00030037966886991055
CentroidX: 0.4147
CentroidY: 0.4795
