Location: Dedata_17.png_Mean-Closing.png
Component: component_1755512339750_36.png
centerX: 0.3870967741935484
centerY: 0.07267027643203192
width: 0.021774193548387097
height: 0.03619264747791394
Area: 0.000316237509078039
CentroidX: 0.3975
CentroidY: 0.0881
