Location: internet_21.png_Otsu.png
Component: component_1755082377003_2330.png
centerX: 0.8750503829101169
centerY: 0.6897633304818933
width: 0.02902055622732769
height: 0.03992015968063872
Area: 0.0002541126073987799
CentroidX: 0.8906
CentroidY: 0.7088
