Location: Dedata_17.png_Otsu.png
Component: component_1755512340208_261.png
centerX: 0.3774193548387097
centerY: 0.23510971786833856
width: 0.01935483870967742
height: 0.03932744371615845
Area: 0.00020385368499434633
CentroidX: 0.3865
CentroidY: 0.2501
