Location: internet_21.png_Otsu.png
Component: component_1755082376856_1236.png
centerX: 0.6307940346634422
centerY: 0.43398916452808667
width: 0.02539298669891173
height: 0.0427715996578272
Area: 0.00021664507686417918
CentroidX: 0.6455
CentroidY: 0.4575
