Location: Dedata_17.png_Mean-Closing.png
Component: component_1755512339751_37.png
centerX: 0.24919354838709679
centerY: 0.07409518381305215
width: 0.02338709677419355
height: 0.0347677400968937
Area: 0.0003360023533954164
CentroidX: 0.2605
CentroidY: 0.0883
