Location: Dedata_17.png_Mean-Closing.png
Component: component_1755512339890_332.png
centerX: 0.42943548387096775
centerY: 0.8150470219435737
width: 0.016129032258064516
height: 0.04160729552579082
Area: 0.0003458847755541051
CentroidX: 0.4395
CentroidY: 0.8327
