Location: internet_21.png_Gaussian-Median.png
Component: component_1755082377348_262.png
centerX: 0.014510278113663845
centerY: 0.4773310521813516
width: 0.030632809351068116
height: 0.05132591958939264
Area: 0.00045455240265136797
CentroidX: 0.0295
CentroidY: 0.5026
