Location: Dedata_17.png_Otsu.png
Component: component_1755512340222_375.png
centerX: 0.9076612903225807
centerY: 0.31176973496722715
width: 0.021370967741935483
height: 0.03676261043032203
Area: 0.00018179060296564595
CentroidX: 0.9184
CentroidY: 0.3268
