Location: Dedata_17.png_Mean-Closing.png
Component: component_1755512339826_256.png
centerX: 0.6991935483870968
centerY: 0.6084354516956397
width: 0.02379032258064516
height: 0.043032202906811055
Area: 0.0003811627244229125
CentroidX: 0.7113
CentroidY: 0.6269
