Location: internet_21.png_Mean-Medain.png
Component: component_1755082376305_98.png
centerX: 0.29343006852075776
centerY: 0.2292557741659538
width: 0.029423619508262798
height: 0.04163102366695181
Area: 0.0003626075424437588
CentroidX: 0.3095
CentroidY: 0.2508
