Location: Dedata_17.png_Gaussian-Median.png
Component: component_1755512339652_179.png
centerX: 0.4568548387096774
centerY: 0.40381875178113424
width: 0.021370967741935483
height: 0.04474209176403534
Area: 0.00031934012998832494
CentroidX: 0.4665
CentroidY: 0.4230
