Location: internet_21.png_Gaussian-Median.png
Component: component_1755082377326_143.png
centerX: 0.5792019347037485
centerY: 0.26461362988309095
width: 0.030229746070133012
height: 0.043912175648702596
Area: 0.00040248862555880923
CentroidX: 0.5963
CentroidY: 0.2860
