Location: internet_21.png_Otsu.png
Component: component_1755082376987_2203.png
centerX: 0.6819830713422007
centerY: 0.6307385229540918
width: 0.03466344216041919
height: 0.043912175648702596
Area: 0.00022469025213234497
CentroidX: 0.6987
CentroidY: 0.6509
