Location: Dedata_17.png_Otsu.png
Component: component_1755512340302_722.png
centerX: 0.6435483870967742
centerY: 0.7363921345112567
width: 0.018548387096774192
height: 0.04132231404958678
Area: 0.00030761911766057787
CentroidX: 0.6546
CentroidY: 0.7548
