Location: internet_21.png_Gaussian-Closing.png
Component: component_1755082377575_333.png
centerX: 0.25312374042724706
centerY: 0.787852865697177
width: 0.03184199919387344
height: 0.043912175648702596
Area: 0.00040329314308562586
CentroidX: 0.2702
CentroidY: 0.8091
