Location: Dedata_17.png_Mean-Closing.png
Component: component_1755512339777_155.png
centerX: 0.09717741935483871
centerY: 0.36449130806497576
width: 0.01975806451612903
height: 0.03761755485893417
Area: 0.00029750687173075687
CentroidX: 0.1081
CentroidY: 0.3800
