Location: Dedata_17.png_Mean-Closing.png
Component: component_1755512339757_70.png
centerX: 0.8818548387096774
centerY: 0.15047021943573669
width: 0.021774193548387097
height: 0.04160729552579082
Area: 0.00034622951121080354
CentroidX: 0.8910
CentroidY: 0.1679
