Location: Dedata_17.png_Mean-Medain.png
Component: component_1755512339269_10.png
centerX: 0.025403225806451612
centerY: 0.011399259048161869
width: 0.027822580645161292
height: 0.045027073240239385
Area: 0.00042471432905248255
CentroidX: 0.0388
CentroidY: 0.0290
