Location: internet_21.png_Mean-Medain.png
Component: component_1755082376322_170.png
centerX: 0.22249093107617895
centerY: 0.4049044767607642
width: 0.028617492946392584
height: 0.041060735671514116
Area: 0.0003572057819065617
CentroidX: 0.2371
CentroidY: 0.4248
