Location: Dedata_17.png_Otsu.png
Component: component_1755512340300_711.png
centerX: 0.9161290322580645
centerY: 0.7181533200341977
width: 0.018145161290322582
height: 0.04132231404958678
Area: 0.0002776271155278133
CentroidX: 0.9273
CentroidY: 0.7357
