Location: Dedata_17.png_Mean-Closing.png
Component: component_1755512339777_154.png
centerX: 0.13790322580645162
centerY: 0.3605015673981191
width: 0.02217741935483871
height: 0.04274722143060701
Area: 0.0003148585664512452
CentroidX: 0.1504
CentroidY: 0.3795
