Location: Dedata_17.png_Gaussian-Median.png
Component: component_1755512339629_102.png
centerX: 0.7846774193548387
centerY: 0.20946138500997435
width: 0.025403225806451612
height: 0.04588201766885153
Area: 0.000373003980547716
CentroidX: 0.7958
CentroidY: 0.2293
