Location: internet_21.png_Gaussian-Closing.png
Component: component_1755082377483_15.png
centerX: 0.2623941958887545
centerY: 0.013972055888223553
width: 0.02539298669891173
height: 0.03592814371257485
Area: 0.0003576655062075998
CentroidX: 0.2776
CentroidY: 0.0323
