Location: Dedata_17.png_Otsu.png
Component: component_1755512340229_459.png
centerX: 0.41693548387096774
centerY: 0.3482473639213451
width: 0.020161290322580645
height: 0.0438871473354232
Area: 0.00022166502725709926
CentroidX: 0.4258
CentroidY: 0.3668
