Location: Dedata_17.png_Gaussian-Median.png
Component: component_1755512339585_20.png
centerX: 0.1721774193548387
centerY: 0.016243944143630663
width: 0.020967741935483872
height: 0.03134796238244514
Area: 0.00024349828551466736
CentroidX: 0.1817
CentroidY: 0.0288
