Location: Dedata_17.png_Gaussian-Median.png
Component: component_1755512339683_324.png
centerX: 0.9516129032258065
centerY: 0.76831005984611
width: 0.01975806451612903
height: 0.04160729552579082
Area: 0.00033715147225107787
CentroidX: 0.9623
CentroidY: 0.7857
