Location: Dedata_17.png_Gaussian-Median.png
Component: component_1755512339640_137.png
centerX: 0.24556451612903227
centerY: 0.29866058706184095
width: 0.02379032258064516
height: 0.03932744371615845
Area: 0.0002753288778164903
CentroidX: 0.2570
CentroidY: 0.3148
