Location: internet_21.png_Otsu.png
Component: component_1755082376593_269.png
centerX: 0.713018943974204
centerY: 0.142571998859424
width: 0.02781136638452237
height: 0.03706871970345024
Area: 0.00022652914933649716
CentroidX: 0.7275
CentroidY: 0.1620
