Location: internet_21.png_Gaussian-Closing.png
Component: component_1755082377523_131.png
centerX: 0.7815397017331721
centerY: 0.30795551753635586
width: 0.030229746070133012
height: 0.049044767607641856
Area: 0.0004005347972793976
CentroidX: 0.7980
CentroidY: 0.3319
