Location: Dedata_17.png_Otsu.png
Component: component_1755512340236_543.png
centerX: 0.3685483870967742
centerY: 0.4043887147335423
width: 0.020967741935483872
height: 0.04018238814477059
Area: 0.0002755587015876226
CentroidX: 0.3774
CentroidY: 0.4197
