Location: Dedata_17.png_Otsu.png
Component: component_1755512340258_644.png
centerX: 0.13588709677419356
centerY: 0.5420347677400968
width: 0.017338709677419354
height: 0.039042462239954404
Area: 0.0002414298715744767
CentroidX: 0.1463
CentroidY: 0.5577
