Location: Dedata_17.png_Otsu.png
Component: component_1755512340313_755.png
centerX: 0.3524193548387097
centerY: 0.8221715588486749
width: 0.01935483870967742
height: 0.040467369620974636
Area: 0.0002841770930050837
CentroidX: 0.3639
CentroidY: 0.8392
