Location: internet_21.png_Gaussian-Median.png
Component: component_1755082377291_7.png
centerX: 0.5771866182990729
centerY: 0.006558311947533505
width: 0.028617492946392584
height: 0.035357855717137156
Area: 0.0003485859512620984
CentroidX: 0.5912
CentroidY: 0.0235
