Location: Dedata_17.png_Gaussian-Median.png
Component: component_1755512339616_75.png
centerX: 0.8818548387096774
centerY: 0.15075520091194072
width: 0.021774193548387097
height: 0.04132231404958678
Area: 0.0003254304599233308
CentroidX: 0.8910
CentroidY: 0.1682
