Location: Dedata_17.png_Mean-Closing.png
Component: component_1755512339752_47.png
centerX: 0.8883064516129032
centerY: 0.10202336848104873
width: 0.020161290322580645
height: 0.03761755485893417
Area: 0.0002923358368802802
CentroidX: 0.8986
CentroidY: 0.1180
