Location: internet_21.png_Gaussian-Median.png
Component: component_1755082377300_45.png
centerX: 0.020959290608625555
centerY: 0.07641859138865127
width: 0.02539298669891173
height: 0.036213287710293696
Area: 0.0003319209453494692
CentroidX: 0.0360
CentroidY: 0.0948
