Location: internet_21.png_Otsu.png
Component: component_1755082376575_64.png
centerX: 0.5485691253526803
centerY: 0.05360707157114343
width: 0.03385731559854897
height: 0.037639007698887936
Area: 0.0002169898700899577
CentroidX: 0.5662
CentroidY: 0.0725
