Location: Dedata_17.png_Mean-Medain.png
Component: component_1755512339305_180.png
centerX: 0.1435483870967742
centerY: 0.41863778854374467
width: 0.020967741935483872
height: 0.04673696209746366
Area: 0.0003211787201573833
CentroidX: 0.1538
CentroidY: 0.4388
