Location: Dedata_17.png_Mean-Closing.png
Component: component_1755512339847_281.png
centerX: 0.5802419354838709
centerY: 0.682815616984896
width: 0.020967741935483872
height: 0.038472499287546306
Area: 0.00035680140468288916
CentroidX: 0.5911
CentroidY: 0.6989
