Location: Dedata_17.png_Mean-Closing.png
Component: component_1755512339849_286.png
centerX: 0.3633064516129032
centerY: 0.701339412938159
width: 0.017338709677419354
height: 0.03761755485893417
Area: 0.0003195699537594572
CentroidX: 0.3718
CentroidY: 0.7166
