Location: internet_21.png_Mean-Medain.png
Component: component_1755082376459_328.png
centerX: 0.44256348246674726
centerY: 0.7753065297975478
width: 0.030632809351068116
height: 0.03792415169660679
Area: 0.00034916060663839593
CentroidX: 0.4583
CentroidY: 0.7931
