Location: Dedata_17.png_Mean-Medain.png
Component: component_1755512339314_217.png
centerX: 0.4705645161290323
centerY: 0.5086919350242234
width: 0.020161290322580645
height: 0.04217725847819892
Area: 0.00033565761773871793
CentroidX: 0.4798
CentroidY: 0.5266
