Location: Kurtxevani_1764_page_10.png_Otsu.png
Component: component_1755610055972_1597.png
centerX: 0.42265372168284787
centerY: 0.6618334892422825
width: 0.012297734627831715
height: 0.019176800748362956
Area: 0.00014864328940636533
CentroidX: 0.4290
CentroidY: 0.6702
