Location: Dedata_17.png_Gaussian-Median.png
Component: component_1755512339652_180.png
centerX: 0.3681451612903226
centerY: 0.4041037332573383
width: 0.02217741935483871
height: 0.04132231404958678
Area: 0.00038438025721876466
CentroidX: 0.3778
CentroidY: 0.4219
