Location: Dedata_17.png_Otsu.png
Component: component_1755512340251_633.png
centerX: 0.29516129032258065
centerY: 0.5223710458820177
width: 0.018548387096774192
height: 0.03733257338273012
Area: 0.00024372810928579964
CentroidX: 0.3053
CentroidY: 0.5373
