Location: Dedata_17.png_Otsu.png
Component: component_1755512340249_623.png
centerX: 0.603225806451613
centerY: 0.49786263892846966
width: 0.024193548387096774
height: 0.04217725847819892
Area: 0.0002749841421597919
CentroidX: 0.6138
CentroidY: 0.5158
