Location: Dedata_17.png_Gaussian-Median.png
Component: component_1755512339659_208.png
centerX: 0.9080645161290323
centerY: 0.46936449130806496
width: 0.022983870967741935
height: 0.04445711028783129
Area: 0.00034462074481287746
CentroidX: 0.9191
CentroidY: 0.4882
