Location: Dedata_17.png_Mean-Medain.png
Component: component_1755512339348_364.png
centerX: 0.3116935483870968
centerY: 0.8857224280421773
width: 0.028629032258064516
height: 0.039612425192362494
Area: 0.0003772557203136635
CentroidX: 0.3274
CentroidY: 0.9026
