Location: internet_21.png_Gaussian-Closing.png
Component: component_1755082377480_4.png
centerX: 0.6275695284159613
centerY: 0.0051325919589392645
width: 0.027005239822652155
height: 0.03592814371257485
Area: 0.0003442185704022369
CentroidX: 0.6428
CentroidY: 0.0229
