Location: Samociqulo_1709_page_10.png_Gaussian-Median.png
Component: component_1755610056117_790.png
centerX: 0.6486486486486487
centerY: 0.1525
width: 0.01425061425061425
height: 0.013125
Area: 9.367321867321867e-05
CentroidX: 0.6555
CentroidY: 0.1580
