Location: Dedata_17.png_Otsu.png
Component: component_1755512340178_23.png
centerX: 0.9189516129032258
centerY: 0.05386149900256483
width: 0.02056451612903226
height: 0.03419777714448561
Area: 0.00022568694325191444
CentroidX: 0.9273
CentroidY: 0.0675
