Location: Dedata_17.png_Otsu.png
Component: component_1755512340187_104.png
centerX: 0.8887096774193548
centerY: 0.10230834995725278
width: 0.018951612903225806
height: 0.03676261043032203
Area: 0.00021316154772520432
CentroidX: 0.8986
CentroidY: 0.1174
