Location: Dedata_17.png_Otsu.png
Component: component_1755512340315_765.png
centerX: 0.8153225806451613
centerY: 0.8481048731832431
width: 0.02217741935483871
height: 0.03932744371615845
Area: 0.00028819900899989886
CentroidX: 0.8258
CentroidY: 0.8646
