Location: Dedata_17.png_Mean-Medain.png
Component: component_1755512339293_127.png
centerX: 0.2931451612903226
centerY: 0.29438586491878027
width: 0.02217741935483871
height: 0.039897406668566546
Area: 0.00029543845779056617
CentroidX: 0.3047
CentroidY: 0.3114
