Location: internet_21.png_Gaussian-Median.png
Component: component_1755082377345_236.png
centerX: 0.4856912535268037
centerY: 0.4459652124322783
width: 0.026199113260781944
height: 0.04077559167379527
Area: 0.00031640525018943516
CentroidX: 0.4994
CentroidY: 0.4669
