Location: Dedata_17.png_Mean-Closing.png
Component: component_1755512339893_337.png
centerX: 0.22298387096774194
centerY: 0.835565688230265
width: 0.017741935483870968
height: 0.039897406668566546
Area: 0.0003245111648388016
CentroidX: 0.2339
CentroidY: 0.8530
