Location: internet_21.png_Gaussian-Closing.png
Component: component_1755082377582_361.png
centerX: 0.25110842402257155
centerY: 0.848018249215854
width: 0.027408303103587262
height: 0.04362703165098375
Area: 0.00032778342664012677
CentroidX: 0.2666
CentroidY: 0.8701
