Location: Dedata_17.png_Gaussian-Median.png
Component: component_1755512339619_81.png
centerX: 0.646774193548387
centerY: 0.16500427472214307
width: 0.022983870967741935
height: 0.04075235109717868
Area: 0.00034094356447476073
CentroidX: 0.6557
CentroidY: 0.1818
