Location: internet_21.png_Gaussian-Closing.png
Component: component_1755082377540_199.png
centerX: 0.06328093510681176
centerY: 0.478471628172227
width: 0.02781136638452237
height: 0.04505275163957799
Area: 0.00031318718008216883
CentroidX: 0.0782
CentroidY: 0.5005
