Location: Dedata_17.png_Otsu.png
Component: component_1755512340226_411.png
centerX: 0.7419354838709677
centerY: 0.3268737532060416
width: 0.018951612903225806
height: 0.020233684810487318
Area: 0.00012904604749078408
CentroidX: 0.7504
CentroidY: 0.3352
