Location: Dedata_17.png_Mean-Medain.png
Component: component_1755512339340_322.png
centerX: 0.7943548387096774
centerY: 0.780564263322884
width: 0.02379032258064516
height: 0.040467369620974636
Area: 0.00032129363204294945
CentroidX: 0.8082
CentroidY: 0.7975
