Location: Dedata_17.png_Gaussian-Median.png
Component: component_1755512339604_48.png
centerX: 0.018145161290322582
centerY: 0.07666001709888857
width: 0.018145161290322582
height: 0.03818751781134226
Area: 0.0003169269803914358
CentroidX: 0.0277
CentroidY: 0.0930
