Location: Dedata_17.png_Mean-Closing.png
Component: component_1755512339879_319.png
centerX: 0.7943548387096774
centerY: 0.780564263322884
width: 0.02379032258064516
height: 0.040467369620974636
Area: 0.0003216383676996479
CentroidX: 0.8082
CentroidY: 0.7975
