Location: internet_21.png_Gaussian-Closing.png
Component: component_1755082377537_185.png
centerX: 0.39500201531640466
centerY: 0.44796122041631026
width: 0.023377670294236194
height: 0.04961505560307956
Area: 0.0003257146672854556
CentroidX: 0.4079
CentroidY: 0.4724
