Location: Dedata_17.png_Mean-Medain.png
Component: component_1755512339326_264.png
centerX: 0.4681451612903226
centerY: 0.6263892846964947
width: 0.022983870967741935
height: 0.045027073240239385
Area: 0.0003983995072578347
CentroidX: 0.4781
CentroidY: 0.6457
