Location: Dedata_17.png_Otsu.png
Component: component_1755512340200_194.png
centerX: 0.4258064516129032
centerY: 0.1755485893416928
width: 0.021774193548387097
height: 0.04645198062125962
Area: 0.00024464740437032885
CentroidX: 0.4347
CentroidY: 0.1957
