Location: Dedata_17.png_Mean-Medain.png
Component: component_1755512339279_61.png
centerX: 0.28346774193548385
centerY: 0.12909660872043316
width: 0.02338709677419355
height: 0.03562268452550584
Area: 0.00031279015251105453
CentroidX: 0.2956
CentroidY: 0.1436
