Location: Dedata_17.png_Otsu.png
Component: component_1755512340307_733.png
centerX: 0.9092741935483871
centerY: 0.7717298375605586
width: 0.020967741935483872
height: 0.036477628954117984
Area: 0.00027808676307007786
CentroidX: 0.9199
CentroidY: 0.7867
