Location: internet_21.png_Gaussian-Median.png
Component: component_1755082377350_277.png
centerX: 0.713018943974204
centerY: 0.4984317080125463
width: 0.027408303103587262
height: 0.05189620758483034
Area: 0.0004058216267413351
CentroidX: 0.7274
CentroidY: 0.5231
