Location: Dedata_17.png_Mean-Closing.png
Component: component_1755512339853_304.png
centerX: 0.6012096774193548
centerY: 0.7429467084639498
width: 0.01935483870967742
height: 0.03875748076375036
Area: 0.0003291076402614475
CentroidX: 0.6125
CentroidY: 0.7594
