Location: Dedata_17.png_Otsu.png
Component: component_1755512340301_715.png
centerX: 0.06370967741935483
centerY: 0.7261328013679111
width: 0.01935483870967742
height: 0.04217725847819892
Area: 0.0002918761893380156
CentroidX: 0.0736
CentroidY: 0.7437
