Location: Dedata_17.png_Gaussian-Median.png
Component: component_1755512339694_378.png
centerX: 0.18346774193548387
centerY: 0.8948418352807067
width: 0.02056451612903226
height: 0.040467369620974636
Area: 0.0003303716710026752
CentroidX: 0.1951
CentroidY: 0.9119
