Location: Dedata_17.png_Mean-Medain.png
Component: component_1755512339297_142.png
centerX: 0.7415322580645162
centerY: 0.32630379025363354
width: 0.020161290322580645
height: 0.042462239954402965
Area: 0.0003021033471534028
CentroidX: 0.7499
CentroidY: 0.3432
