Location: internet_21.png_Gaussian-Closing.png
Component: component_1755082377531_164.png
centerX: 0.3784764207980653
centerY: 0.3949244368406045
width: 0.029826682789197905
height: 0.04505275163957799
Area: 0.00036754957867991773
CentroidX: 0.3942
CentroidY: 0.4167
