Location: Dedata_17.png_Mean-Closing.png
Component: component_1755512339848_284.png
centerX: 0.44314516129032255
centerY: 0.6919350242234255
width: 0.01975806451612903
height: 0.04417212881162724
Area: 0.0003740381875178113
CentroidX: 0.4542
CentroidY: 0.7107
