Location: Dedata_17.png_Otsu.png
Component: component_1755512340215_325.png
centerX: 0.8241935483870968
centerY: 0.26560273582217153
width: 0.02217741935483871
height: 0.039897406668566546
Area: 0.00021005892681491832
CentroidX: 0.8335
CentroidY: 0.2805
