Location: internet_21.png_Gaussian-Closing.png
Component: component_1755082377499_55.png
centerX: 0.17452640064490124
centerY: 0.12204163102366695
width: 0.028214429665457477
height: 0.036213287710293696
Area: 0.0002857186530951456
CentroidX: 0.1885
CentroidY: 0.1394
