Location: Dedata_17.png_Gaussian-Median.png
Component: component_1755512339684_327.png
centerX: 0.8685483870967742
centerY: 0.774009689370191
width: 0.022983870967741935
height: 0.03676261043032203
Area: 0.0003004945807554767
CentroidX: 0.8814
CentroidY: 0.7902
