Location: Dedata_17.png_Mean-Closing.png
Component: component_1755512339762_96.png
centerX: 0.7370967741935484
centerY: 0.21316614420062696
width: 0.025403225806451612
height: 0.045597036192647475
Area: 0.00039564162200424717
CentroidX: 0.7489
CentroidY: 0.2324
