Location: Dedata_17.png_Otsu.png
Component: component_1755512340282_672.png
centerX: 0.7379032258064516
centerY: 0.6081504702194357
width: 0.01935483870967742
height: 0.04132231404958678
Area: 0.00029176127745244944
CentroidX: 0.7475
CentroidY: 0.6252
