Location: internet_21.png_Gaussian-Median.png
Component: component_1755082377342_219.png
centerX: 0.012494961708988311
centerY: 0.41602509267179927
width: 0.030229746070133012
height: 0.04733390362132877
Area: 0.00036731971652939876
CentroidX: 0.0277
CentroidY: 0.4383
