Location: Dedata_17.png_Otsu.png
Component: component_1755512340236_544.png
centerX: 0.45725806451612905
centerY: 0.4041037332573383
width: 0.020967741935483872
height: 0.04417212881162724
Area: 0.0002732604638762997
CentroidX: 0.4666
CentroidY: 0.4223
