Location: Dedata_17.png_Gaussian-Median.png
Component: component_1755512339587_28.png
centerX: 0.9185483870967742
centerY: 0.05329153605015674
width: 0.021370967741935483
height: 0.03505272157309775
Area: 0.0002806148245525331
CentroidX: 0.9273
CentroidY: 0.0681
