Location: internet_21.png_Gaussian-Closing.png
Component: component_1755082377499_58.png
centerX: 0.018137847642079808
centerY: 0.12688907898488735
width: 0.028617492946392584
height: 0.03165098374679213
Area: 0.0002807766168589866
CentroidX: 0.0323
CentroidY: 0.1440
