Location: internet_21.png_Otsu.png
Component: component_1755082376597_313.png
centerX: 0.35268037081821846
centerY: 0.16538351867693185
width: 0.02902055622732769
height: 0.040490447676076416
Area: 0.0002662953013762881
CentroidX: 0.3673
CentroidY: 0.1853
