Location: internet_21.png_Gaussian-Closing.png
Component: component_1755082377511_93.png
centerX: 0.40588472390165253
centerY: 0.22070145423438836
width: 0.027005239822652155
height: 0.04305674365554605
Area: 0.0002980162781479133
CentroidX: 0.4209
CentroidY: 0.2421
