Location: internet_21.png_Otsu.png
Component: component_1755082376795_960.png
centerX: 0.8419991938734381
centerY: 0.36669518106643856
width: 0.026602176541717048
height: 0.03877958368976333
Area: 0.00021721973224047672
CentroidX: 0.8581
CentroidY: 0.3868
