Location: Dedata_17.png_Mean-Medain.png
Component: component_1755512339333_294.png
centerX: 0.915725806451613
centerY: 0.7178683385579937
width: 0.01935483870967742
height: 0.04189227700199487
Area: 0.00031876557056049424
CentroidX: 0.9273
CentroidY: 0.7356
