Location: Kurtxevani_1764_page_10.png_Otsu.png
Component: component_1755610055959_1481.png
centerX: 0.5818770226537217
centerY: 0.6010289990645463
width: 0.013592233009708738
height: 0.019176800748362956
Area: 0.00016408281641191446
CentroidX: 0.5889
CentroidY: 0.6093
