Location: internet_21.png_Otsu.png
Component: component_1755082376595_279.png
centerX: 0.6062071745264006
centerY: 0.1502708867978329
width: 0.029423619508262798
height: 0.04362703165098375
Area: 0.00025847998825864136
CentroidX: 0.6197
CentroidY: 0.1723
