Location: Dedata_17.png_Mean-Closing.png
Component: component_1755512339847_279.png
centerX: 0.6754032258064516
centerY: 0.676831005984611
width: 0.020161290322580645
height: 0.040467369620974636
Area: 0.0003510558104045818
CentroidX: 0.6862
CentroidY: 0.6937
