Location: internet_21.png_Otsu.png
Component: component_1755082376586_187.png
centerX: 0.5723498589278516
centerY: 0.1015112631879099
width: 0.03184199919387344
height: 0.03592814371257485
Area: 0.0003529533321219598
CentroidX: 0.5894
CentroidY: 0.1184
