Location: Dedata_17.png_Mean-Medain.png
Component: component_1755512339319_238.png
centerX: 0.5790322580645161
centerY: 0.5605585636933599
width: 0.01975806451612903
height: 0.0438871473354232
Area: 0.00036898206455290085
CentroidX: 0.5911
CentroidY: 0.5789
