Location: internet_21.png_Mean-Medain.png
Component: component_1755082376284_7.png
centerX: 0.5771866182990729
centerY: 0.006273167949814656
width: 0.028617492946392584
height: 0.035642999714856
Area: 0.0003619179559922017
CentroidX: 0.5911
CentroidY: 0.0234
