Location: Dedata_17.png_Mean-Medain.png
Component: component_1755512339340_321.png
centerX: 0.14677419354838708
centerY: 0.780564263322884
width: 0.02056451612903226
height: 0.04160729552579082
Area: 0.00036829259323950395
CentroidX: 0.1587
CentroidY: 0.7982
