Location: internet_21.png_Otsu.png
Component: component_1755082377145_2481.png
centerX: 0.7984683595324465
centerY: 0.7496435700028514
width: 0.02781136638452237
height: 0.040490447676076416
Area: 0.0002429642930986073
CentroidX: 0.8128
CentroidY: 0.7700
