Location: internet_21.png_Gaussian-Median.png
Component: component_1755082377328_154.png
centerX: 0.1894397420395002
centerY: 0.29056173367550614
width: 0.026602176541717048
height: 0.043341887653264896
Area: 0.0003631821978200563
CentroidX: 0.2043
CentroidY: 0.3110
