Location: Dedata_17.png_Otsu.png
Component: component_1755512340196_174.png
centerX: 0.8362903225806452
centerY: 0.15531490453120547
width: 0.018951612903225806
height: 0.04018238814477059
Area: 0.00017248274023478797
CentroidX: 0.8456
CentroidY: 0.1750
