Location: internet_21.png_Gaussian-Closing.png
Component: component_1755082377581_360.png
centerX: 0.16122531237404272
centerY: 0.8460222412318221
width: 0.03143893591293833
height: 0.04419731964642144
Area: 0.00035847002373441634
CentroidX: 0.1766
CentroidY: 0.8695
