Location: Dedata_17.png_Gaussian-Median.png
Component: component_1755512339681_314.png
centerX: 0.682258064516129
centerY: 0.7343972641778285
width: 0.018951612903225806
height: 0.04132231404958678
Area: 0.000331061142316072
CentroidX: 0.6930
CentroidY: 0.7528
