Location: internet_21.png_Gaussian-Median.png
Component: component_1755082377331_168.png
centerX: 0.5376864167674325
centerY: 0.32677502138579984
width: 0.026199113260781944
height: 0.0427715996578272
Area: 0.0003509995038425481
CentroidX: 0.5521
CentroidY: 0.3476
