Location: Dedata_17.png_Gaussian-Median.png
Component: component_1755512339652_183.png
centerX: 0.22943548387096774
centerY: 0.4106583072100313
width: 0.02379032258064516
height: 0.039042462239954404
Area: 0.00029222092499471406
CentroidX: 0.2409
CentroidY: 0.4270
