Location: internet_21.png_Mean-Medain.png
Component: component_1755082376328_203.png
centerX: 0.06287787182587666
centerY: 0.478471628172227
width: 0.028214429665457477
height: 0.045337895637296836
Area: 0.0003819159630873567
CentroidX: 0.0780
CentroidY: 0.5001
