Location: Dedata_17.png_Mean-Medain.png
Component: component_1755512339347_361.png
centerX: 0.4350806451612903
centerY: 0.8754630948988316
width: 0.02943548387096774
height: 0.03761755485893417
Area: 0.00039736530028773934
CentroidX: 0.4514
CentroidY: 0.8923
