Location: Dedata_17.png_Mean-Closing.png
Component: component_1755512339772_140.png
centerX: 0.7415322580645162
centerY: 0.32630379025363354
width: 0.020161290322580645
height: 0.042462239954402965
Area: 0.000301528787725572
CentroidX: 0.7500
CentroidY: 0.3432
