Location: internet_21.png_Gaussian-Median.png
Component: component_1755082377312_79.png
centerX: 0.5578395808141878
centerY: 0.15454804676361564
width: 0.026602176541717048
height: 0.04362703165098375
Area: 0.0003259445294359746
CentroidX: 0.5718
CentroidY: 0.1756
