Location: Dedata_17.png_Mean-Medain.png
Component: component_1755512339342_331.png
centerX: 0.5516129032258065
centerY: 0.8013679110857794
width: 0.02056451612903226
height: 0.04331718438301511
Area: 0.00035254966491694167
CentroidX: 0.5632
CentroidY: 0.8197
