Location: Dedata_17.png_Mean-Closing.png
Component: component_1755512339851_297.png
centerX: 0.06330645161290323
centerY: 0.725562838415503
width: 0.020161290322580645
height: 0.043032202906811055
Area: 0.00034140321201702535
CentroidX: 0.0735
CentroidY: 0.7439
