Location: internet_21.png_Gaussian-Closing.png
Component: component_1755082377541_205.png
centerX: 0.6626360338573156
centerY: 0.4984317080125463
width: 0.029423619508262798
height: 0.055603079555175364
Area: 0.0003778933754532738
CentroidX: 0.6807
CentroidY: 0.5256
