Location: Dedata_17.png_Otsu.png
Component: component_1755512340176_12.png
centerX: 0.6370967741935484
centerY: 0.011969222000569962
width: 0.02056451612903226
height: 0.029068110572812767
Area: 0.00019569494111914984
CentroidX: 0.6476
CentroidY: 0.0240
