Location: internet_21.png_Mean-Medain.png
Component: component_1755082376465_342.png
centerX: 0.9310761789600968
centerY: 0.812375249500998
width: 0.027005239822652155
height: 0.03649843170801255
Area: 0.00033352998040310234
CentroidX: 0.9453
CentroidY: 0.8304
