Location: Dedata_17.png_Otsu.png
Component: component_1755512340238_551.png
centerX: 0.18870967741935485
centerY: 0.41550299230550014
width: 0.02056451612903226
height: 0.04616699914505557
Area: 0.00023200709695805257
CentroidX: 0.1983
CentroidY: 0.4349
