Location: Dedata_17.png_Mean-Closing.png
Component: component_1755512339792_211.png
centerX: 0.6491935483870968
centerY: 0.49672271302365345
width: 0.02258064516129032
height: 0.03818751781134226
Area: 0.00031876557056049424
CentroidX: 0.6590
CentroidY: 0.5126
