Location: internet_21.png_Mean-Medain.png
Component: component_1755082376334_232.png
centerX: 0.8935912938331319
centerY: 0.547761619617907
width: 0.037484885126964934
height: 0.04220131166238951
Area: 0.00033352998040310234
CentroidX: 0.9135
CentroidY: 0.5698
