Location: internet_21.png_Mean-Medain.png
Component: component_1755082376317_154.png
centerX: 0.9290608625554212
centerY: 0.3615625891074993
width: 0.02781136638452237
height: 0.041060735671514116
Area: 0.00036973326910984847
CentroidX: 0.9440
CentroidY: 0.3819
