Location: Samociqulo_1709_page_10.png_Gaussian-Median.png
Component: component_1755610056269_2777.png
centerX: 0.6294840294840295
centerY: 0.679375
width: 0.016216216216216217
height: 0.0146875
Area: 0.00012208230958230958
CentroidX: 0.6378
CentroidY: 0.6855
