Location: Dedata_17.png_Gaussian-Median.png
Component: component_1755512339642_144.png
centerX: 0.020967741935483872
centerY: 0.3149045312054716
width: 0.021774193548387097
height: 0.037902536335138216
Area: 0.0002910718061390526
CentroidX: 0.0330
CentroidY: 0.3313
