Location: Dedata_17.png_Otsu.png
Component: component_1755512340301_718.png
centerX: 0.022983870967741935
centerY: 0.7295525790823596
width: 0.01975806451612903
height: 0.039042462239954404
Area: 0.0002683192527969553
CentroidX: 0.0348
CentroidY: 0.7468
