Location: Dedata_17.png_Gaussian-Median.png
Component: component_1755512339650_171.png
centerX: 0.7504032258064516
centerY: 0.3787403818751781
width: 0.025
height: 0.037902536335138216
Area: 0.00028647533071640664
CentroidX: 0.7601
CentroidY: 0.3951
