Location: internet_21.png_Gaussian-Closing.png
Component: component_1755082377483_14.png
centerX: 0.029423619508262798
centerY: 0.013686911890504704
width: 0.0237807335751713
height: 0.04647847162817223
Area: 0.00043961136286763147
CentroidX: 0.0420
CentroidY: 0.0360
