Location: Dedata_17.png_Otsu.png
Component: component_1755512340313_756.png
centerX: 0.31290322580645163
centerY: 0.8258763180393275
width: 0.016129032258064516
height: 0.04217725847819892
Area: 0.0003014138758400059
CentroidX: 0.3209
CentroidY: 0.8437
