Location: internet_21.png_Gaussian-Closing.png
Component: component_1755082377482_13.png
centerX: 0.3196291817815397
centerY: 0.01311662389506701
width: 0.027408303103587262
height: 0.03649843170801255
Area: 0.00034433350147749646
CentroidX: 0.3354
CentroidY: 0.0317
