Location: internet_21.png_Mean-Medain.png
Component: component_1755082376470_354.png
centerX: 0.4889157597742846
centerY: 0.8306244653550042
width: 0.02781136638452237
height: 0.041060735671514116
Area: 0.0003431841907249013
CentroidX: 0.5024
CentroidY: 0.8513
