Location: Dedata_17.png_Gaussian-Median.png
Component: component_1755512339654_191.png
centerX: 0.06411290322580646
centerY: 0.42405243659162156
width: 0.022983870967741935
height: 0.04331718438301511
Area: 0.0003328997324851304
CentroidX: 0.0764
CentroidY: 0.4426
