Location: internet_21.png_Gaussian-Closing.png
Component: component_1755082377491_34.png
centerX: 0.3708182184602983
centerY: 0.06444254348445966
width: 0.03184199919387344
height: 0.03877958368976333
Area: 0.00038777744792559176
CentroidX: 0.3876
CentroidY: 0.0830
