Location: Dedata_17.png_Gaussian-Median.png
Component: component_1755512339653_187.png
centerX: 0.1439516129032258
centerY: 0.41863778854374467
width: 0.02056451612903226
height: 0.04673696209746366
Area: 0.00030727438200387944
CentroidX: 0.1539
CentroidY: 0.4393
