Location: Dedata_17.png_Gaussian-Median.png
Component: component_1755512339671_266.png
centerX: 0.7375
centerY: 0.6078654887432317
width: 0.020161290322580645
height: 0.04217725847819892
Area: 0.0003291076402614475
CentroidX: 0.7476
CentroidY: 0.6256
