Location: internet_21.png_Gaussian-Closing.png
Component: component_1755082377562_277.png
centerX: 0.5086658605401048
centerY: 0.6375819788993442
width: 0.030632809351068116
height: 0.03992015968063872
Area: 0.0002822707208373602
CentroidX: 0.5247
CentroidY: 0.6591
