Location: internet_21.png_Gaussian-Median.png
Component: component_1755082377408_455.png
centerX: 0.29705763804917373
centerY: 0.8437410892500713
width: 0.026602176541717048
height: 0.0427715996578272
Area: 0.0003362883262093306
CentroidX: 0.3113
CentroidY: 0.8646
