Location: internet_21.png_Gaussian-Closing.png
Component: component_1755082377540_197.png
centerX: 0.014510278113663845
centerY: 0.4773310521813516
width: 0.030229746070133012
height: 0.05132591958939264
Area: 0.0004420249154480812
CentroidX: 0.0293
CentroidY: 0.5025
