Location: internet_21.png_Gaussian-Median.png
Component: component_1755082377353_286.png
centerX: 0.4856912535268037
centerY: 0.5118334759053322
width: 0.029423619508262798
height: 0.05218135158254919
Area: 0.0004315661875994657
CentroidX: 0.5012
CentroidY: 0.5373
