Location: Dedata_17.png_Mean-Medain.png
Component: component_1755512339307_186.png
centerX: 0.842741935483871
centerY: 0.42747221430607013
width: 0.02258064516129032
height: 0.0347677400968937
Area: 0.00026659557451346307
CentroidX: 0.8521
CentroidY: 0.4422
