Location: Dedata_17.png_Mean-Closing.png
Component: component_1755512339791_206.png
centerX: 0.775
centerY: 0.48674836135651184
width: 0.021370967741935483
height: 0.04103733257338273
Area: 0.0003273839619779553
CentroidX: 0.7851
CentroidY: 0.5041
