Location: Dedata_17.png_Mean-Closing.png
Component: component_1755512339901_361.png
centerX: 0.2245967741935484
centerY: 0.8908520946138501
width: 0.028629032258064516
height: 0.03505272157309775
Area: 0.0003578356116529845
CentroidX: 0.2415
CentroidY: 0.9063
