Location: Dedata_17.png_Gaussian-Median.png
Component: component_1755512339660_214.png
centerX: 0.09556451612903226
centerY: 0.48389854659447135
width: 0.024596774193548387
height: 0.04160729552579082
Area: 0.0003330146443706965
CentroidX: 0.1062
CentroidY: 0.5020
