Location: Dedata_17.png_Mean-Medain.png
Component: component_1755512339314_219.png
centerX: 0.5116935483870968
centerY: 0.51268167569108
width: 0.025
height: 0.0353377030493018
Area: 0.00034795318949429576
CentroidX: 0.5242
CentroidY: 0.5269
