Location: Dedata_17.png_Otsu.png
Component: component_1755512340262_650.png
centerX: 0.6548387096774193
centerY: 0.5534340267882588
width: 0.02056451612903226
height: 0.04331718438301511
Area: 0.0003360023533954164
CentroidX: 0.6662
CentroidY: 0.5717
