Location: internet_21.png_Otsu.png
Component: component_1755082376569_21.png
centerX: 0.08141878274889158
centerY: 0.015397775876817793
width: 0.026199113260781944
height: 0.03592814371257485
Area: 0.00033651818835984964
CentroidX: 0.0956
CentroidY: 0.0340
