Location: Dedata_17.png_Otsu.png
Component: component_1755512340187_105.png
centerX: 0.8423387096774193
centerY: 0.10458820176688516
width: 0.02258064516129032
height: 0.03619264747791394
Area: 0.000244762316255895
CentroidX: 0.8539
CentroidY: 0.1192
