Location: Dedata_17.png_Otsu.png
Component: component_1755512340250_627.png
centerX: 0.47096774193548385
centerY: 0.5092618979766316
width: 0.01935483870967742
height: 0.04103733257338273
Area: 0.0002500482629919378
CentroidX: 0.4797
CentroidY: 0.5259
