Location: Dedata_17.png_Gaussian-Median.png
Component: component_1755512339657_204.png
centerX: 0.40725806451612906
centerY: 0.4645198062125962
width: 0.016935483870967744
height: 0.03590766600170989
Area: 0.00027877623438347476
CentroidX: 0.4146
CentroidY: 0.4798
