Location: internet_21.png_Gaussian-Median.png
Component: component_1755082377336_198.png
centerX: 0.5888754534461911
centerY: 0.38095238095238093
width: 0.026199113260781944
height: 0.04505275163957799
Area: 0.0003719169595397792
CentroidX: 0.6027
CentroidY: 0.4039
