Location: internet_21.png_Mean-Medain.png
Component: component_1755082376472_359.png
centerX: 0.2067714631197098
centerY: 0.8423153692614771
width: 0.03143893591293833
height: 0.04818933561448532
Area: 0.0004138668020095009
CentroidX: 0.2239
CentroidY: 0.8669
