Location: internet_21.png_Gaussian-Median.png
Component: component_1755082377335_192.png
centerX: 0.6888351471180976
centerY: 0.37325349301397204
width: 0.030229746070133012
height: 0.046763615625891077
Area: 0.00035651619545500464
CentroidX: 0.7051
CentroidY: 0.3975
