Location: internet_21.png_Gaussian-Median.png
Component: component_1755082377293_11.png
centerX: 0.47480854494155583
centerY: 0.008269175933846592
width: 0.025796049979846837
height: 0.039064727687482176
Area: 0.0003526085388961813
CentroidX: 0.4880
CentroidY: 0.0266
