Location: Dedata_17.png_Mean-Medain.png
Component: component_1755512339331_285.png
centerX: 0.4907258064516129
centerY: 0.6907950983186093
width: 0.017741935483870968
height: 0.04360216585921915
Area: 0.00038403552156206623
CentroidX: 0.4990
CentroidY: 0.7089
