Location: Dedata_17.png_Gaussian-Median.png
Component: component_1755512339665_239.png
centerX: 0.1350806451612903
centerY: 0.5417497862638928
width: 0.018145161290322582
height: 0.039897406668566546
Area: 0.00029026742294008956
CentroidX: 0.1465
CentroidY: 0.5583
