Location: Dedata_17.png_Mean-Closing.png
Component: component_1755512339887_327.png
centerX: 0.6362903225806451
centerY: 0.7939583927044742
width: 0.018951612903225806
height: 0.039042462239954404
Area: 0.0003448505685840098
CentroidX: 0.6470
CentroidY: 0.8107
