Location: internet_21.png_Mean-Medain.png
Component: component_1755082376304_95.png
centerX: 0.40588472390165253
centerY: 0.22070145423438836
width: 0.027408303103587262
height: 0.043341887653264896
Area: 0.000354562367175593
CentroidX: 0.4204
CentroidY: 0.2419
