Location: Dedata_17.png_Otsu.png
Component: component_1755512340227_421.png
centerX: 0.6516129032258065
centerY: 0.33257338273012255
width: 0.024193548387096774
height: 0.03619264747791394
Area: 0.00016880555989667124
CentroidX: 0.6624
CentroidY: 0.3471
