Location: Dedata_17.png_Gaussian-Median.png
Component: component_1755512339677_296.png
centerX: 0.4435483870967742
centerY: 0.6919350242234255
width: 0.01935483870967742
height: 0.04417212881162724
Area: 0.000349676867777788
CentroidX: 0.4542
CentroidY: 0.7109
