Location: Dedata_17.png_Mean-Medain.png
Component: component_1755512339335_304.png
centerX: 0.682258064516129
centerY: 0.7343972641778285
width: 0.018951612903225806
height: 0.04103733257338273
Area: 0.0003451953042407082
CentroidX: 0.6930
CentroidY: 0.7526
