Location: Dedata_17.png_Mean-Medain.png
Component: component_1755512339292_124.png
centerX: 0.567741935483871
centerY: 0.2841265317754346
width: 0.02379032258064516
height: 0.03932744371615845
Area: 0.00032002960130172184
CentroidX: 0.5794
CentroidY: 0.2995
