Location: internet_21.png_Gaussian-Median.png
Component: component_1755082377327_149.png
centerX: 0.29705763804917373
centerY: 0.2822925577416595
width: 0.030229746070133012
height: 0.04790419161676647
Area: 0.0004315661875994657
CentroidX: 0.3127
CentroidY: 0.3061
