Location: Dedata_17.png_Mean-Closing.png
Component: component_1755512339897_349.png
centerX: 0.7342741935483871
centerY: 0.8549444286121403
width: 0.02217741935483871
height: 0.039042462239954404
Area: 0.00034163303578815763
CentroidX: 0.7459
CentroidY: 0.8712
