Location: Dedata_17.png_Otsu.png
Component: component_1755512340174_8.png
centerX: 0.9185483870967742
centerY: 0.010829296095753777
width: 0.024596774193548387
height: 0.02963807352522086
Area: 0.00025567894538467903
CentroidX: 0.9312
CentroidY: 0.0242
