Location: Dedata_17.png_Gaussian-Median.png
Component: component_1755512339663_229.png
centerX: 0.29516129032258065
centerY: 0.5220860644058136
width: 0.018951612903225806
height: 0.03875748076375036
Area: 0.00029578319344726465
CentroidX: 0.3055
CentroidY: 0.5381
