Location: Dedata_17.png_Otsu.png
Component: component_1755512340198_183.png
centerX: 0.6475806451612903
centerY: 0.1652892561983471
width: 0.021370967741935483
height: 0.039897406668566546
Area: 0.0002479798490517471
CentroidX: 0.6558
CentroidY: 0.1812
