Location: Dedata_17.png_Gaussian-Median.png
Component: component_1755512339661_218.png
centerX: 0.6919354838709677
centerY: 0.49130806497577656
width: 0.02217741935483871
height: 0.04075235109717868
Area: 0.00030899806028737166
CentroidX: 0.7019
CentroidY: 0.5093
