Location: Dedata_17.png_Mean-Medain.png
Component: component_1755512339317_232.png
centerX: 0.7338709677419355
centerY: 0.5451695639783414
width: 0.020967741935483872
height: 0.04588201766885153
Area: 0.00037219959734875296
CentroidX: 0.7456
CentroidY: 0.5646
