Location: Dedata_17.png_Gaussian-Median.png
Component: component_1755512339618_79.png
centerX: 0.742741935483871
centerY: 0.1610145340552864
width: 0.021370967741935483
height: 0.043032202906811055
Area: 0.0003369216484799456
CentroidX: 0.7517
CentroidY: 0.1795
