Location: Dedata_17.png_Gaussian-Median.png
Component: component_1755512339665_238.png
centerX: 0.0939516129032258
centerY: 0.5386149900256484
width: 0.018548387096774192
height: 0.04417212881162724
Area: 0.00032336204598314015
CentroidX: 0.1058
CentroidY: 0.5578
