Location: internet_21.png_Otsu.png
Component: component_1755082376654_491.png
centerX: 0.1841999193873438
centerY: 0.23182207014542344
width: 0.026602176541717048
height: 0.045337895637296836
Area: 0.00015044477751470056
CentroidX: 0.1989
CentroidY: 0.2583
