Location: internet_21.png_Otsu.png
Component: component_1755082376828_1172.png
centerX: 0.9270455461507456
centerY: 0.41830624465355004
width: 0.021362353889560662
height: 0.04077559167379527
Area: 0.00021227769600431774
CentroidX: 0.9391
CentroidY: 0.4383
