Location: Dedata_17.png_Mean-Medain.png
Component: component_1755512339339_319.png
centerX: 0.1935483870967742
centerY: 0.7782844115132517
width: 0.020967741935483872
height: 0.037047591906526074
Area: 0.0003340488513407919
CentroidX: 0.2047
CentroidY: 0.7940
