Location: Dedata_17.png_Mean-Closing.png
Component: component_1755512339756_65.png
centerX: 0.0939516129032258
centerY: 0.13194642348247365
width: 0.02379032258064516
height: 0.03220290681105728
Area: 0.0003009542282977413
CentroidX: 0.1069
CentroidY: 0.1458
