Location: internet_21.png_Gaussian-Median.png
Component: component_1755082377391_411.png
centerX: 0.8814993954050786
centerY: 0.7465069860279441
width: 0.030229746070133012
height: 0.03992015968063872
Area: 0.0003452529500795725
CentroidX: 0.8968
CentroidY: 0.7662
