Location: Dedata_17.png_Mean-Medain.png
Component: component_1755512339298_149.png
centerX: 0.4596774193548387
centerY: 0.34425762325448844
width: 0.022983870967741935
height: 0.05414648047876888
Area: 0.0003626619108467627
CentroidX: 0.4688
CentroidY: 0.3663
