Location: internet_21.png_Otsu.png
Component: component_1755082376785_932.png
centerX: 0.0769850866586054
centerY: 0.35899629312802966
width: 0.031035872632003223
height: 0.042486455660108356
Area: 0.00019147517138234615
CentroidX: 0.0897
CentroidY: 0.3817
