Location: Dedata_17.png_Mean-Closing.png
Component: component_1755512339766_113.png
centerX: 0.05725806451612903
centerY: 0.2544884582502137
width: 0.018548387096774192
height: 0.03733257338273012
Area: 0.0003018735233822705
CentroidX: 0.0673
CentroidY: 0.2698
