Location: Dedata_17.png_Mean-Closing.png
Component: component_1755512339751_40.png
centerX: 0.33911290322580645
centerY: 0.07495012824166429
width: 0.020161290322580645
height: 0.04132231404958678
Area: 0.00034209268333042225
CentroidX: 0.3491
CentroidY: 0.0924
