Location: internet_21.png_Gaussian-Closing.png
Component: component_1755082377573_324.png
centerX: 0.6247480854494155
centerY: 0.7619047619047619
width: 0.03184199919387344
height: 0.03735386370116909
Area: 0.00033513901545673553
CentroidX: 0.6414
CentroidY: 0.7815
