Location: internet_21.png_Mean-Medain.png
Component: component_1755082376369_279.png
centerX: 0.29343006852075776
centerY: 0.660393498716852
width: 0.028214429665457477
height: 0.04305674365554605
Area: 0.0003106586964264596
CentroidX: 0.3088
CentroidY: 0.6826
