Location: Dedata_17.png_Otsu.png
Component: component_1755512340295_697.png
centerX: 0.6758064516129032
centerY: 0.677115987460815
width: 0.01935483870967742
height: 0.039897406668566546
Area: 0.00029969019755651365
CentroidX: 0.6862
CentroidY: 0.6936
