Location: internet_21.png_Gaussian-Median.png
Component: component_1755082377366_328.png
centerX: 0.343409915356711
centerY: 0.590818363273453
width: 0.030229746070133012
height: 0.046763615625891077
Area: 0.0003585849548096759
CentroidX: 0.3593
CentroidY: 0.6129
