Location: internet_21.png_Gaussian-Closing.png
Component: component_1755082377576_337.png
centerX: 0.15517936316001613
centerY: 0.7912745936698032
width: 0.030632809351068116
height: 0.04362703165098375
Area: 0.00037731872007697626
CentroidX: 0.1719
CentroidY: 0.8150
