Location: internet_21.png_Gaussian-Closing.png
Component: component_1755082377534_174.png
centerX: 0.9266424828698105
centerY: 0.4180211006558312
width: 0.02176541717049577
height: 0.041060735671514116
Area: 0.0002573306775060462
CentroidX: 0.9392
CentroidY: 0.4379
