Location: Dedata_17.png_Mean-Medain.png
Component: component_1755512339299_154.png
centerX: 0.23024193548387098
centerY: 0.353662011969222
width: 0.021370967741935483
height: 0.04274722143060701
Area: 0.0003365769128232471
CentroidX: 0.2407
CentroidY: 0.3717
