Location: internet_21.png_Mean-Medain.png
Component: component_1755082376321_166.png
centerX: 0.430068520757759
centerY: 0.39264328485885375
width: 0.030229746070133012
height: 0.041916167664670656
Area: 0.0004129473534074248
CentroidX: 0.4465
CentroidY: 0.4137
