Location: Dedata_17.png_Gaussian-Median.png
Component: component_1755512339629_103.png
centerX: 0.7370967741935484
centerY: 0.21316614420062696
width: 0.025403225806451612
height: 0.04588201766885153
Area: 0.00038173728385074325
CentroidX: 0.7488
CentroidY: 0.2327
