Location: internet_21.png_Gaussian-Median.png
Component: component_1755082377395_423.png
centerX: 0.5759774284562676
centerY: 0.7733105218135158
width: 0.018540910923014912
height: 0.018819503849443968
Area: 0.00014079056719290157
CentroidX: 0.5836
CentroidY: 0.7848
