Location: internet_21.png_Gaussian-Closing.png
Component: component_1755082377543_210.png
centerX: 0.5751713018943975
centerY: 0.5058454519532364
width: 0.02902055622732769
height: 0.052751639577986884
Area: 0.0004019139701825117
CentroidX: 0.5910
CentroidY: 0.5317
