Location: Dedata_17.png_Gaussian-Median.png
Component: component_1755512339602_41.png
centerX: 0.3870967741935484
centerY: 0.07267027643203192
width: 0.021370967741935483
height: 0.03619264747791394
Area: 0.0002978516073874553
CentroidX: 0.3975
CentroidY: 0.0883
