Location: Dedata_17.png_Mean-Medain.png
Component: component_1755512339334_301.png
centerX: 0.7661290322580645
centerY: 0.7278426902251354
width: 0.020161290322580645
height: 0.03761755485893417
Area: 0.0003234769578687063
CentroidX: 0.7775
CentroidY: 0.7439
