Location: Dedata_17.png_Mean-Closing.png
Component: component_1755512339850_289.png
centerX: 0.2342741935483871
centerY: 0.7110287831290966
width: 0.01975806451612903
height: 0.04103733257338273
Area: 0.00035967420182204284
CentroidX: 0.2432
CentroidY: 0.7280
