Location: Dedata_17.png_Mean-Medain.png
Component: component_1755512339313_215.png
centerX: 0.5584677419354839
centerY: 0.5049871758335708
width: 0.025
height: 0.04189227700199487
Area: 0.00033221026117173354
CentroidX: 0.5708
CentroidY: 0.5229
