Location: internet_21.png_Gaussian-Median.png
Component: component_1755082377298_35.png
centerX: 0.48810963321241435
centerY: 0.05645851154833191
width: 0.030632809351068116
height: 0.037639007698887936
Area: 0.000355022091476631
CentroidX: 0.5045
CentroidY: 0.0750
