Location: internet_21.png_Mean-Medain.png
Component: component_1755082376331_217.png
centerX: 0.39822652156388555
centerY: 0.5183917878528657
width: 0.032245062474808545
height: 0.05246649558026804
Area: 0.0004940886925406399
CentroidX: 0.4149
CentroidY: 0.5440
