Location: internet_21.png_Otsu.png
Component: component_1755082376562_3.png
centerX: 0.9338976219266425
centerY: 0.003136583974907328
width: 0.02902055622732769
height: 0.03592814371257485
Area: 0.00032468028760812
CentroidX: 0.9489
CentroidY: 0.0192
