Location: Dedata_17.png_Mean-Medain.png
Component: component_1755512339284_84.png
centerX: 0.3850806451612903
centerY: 0.1738387004844685
width: 0.022983870967741935
height: 0.0438871473354232
Area: 0.0003779451916270604
CentroidX: 0.3954
CentroidY: 0.1920
