Location: internet_21.png_Otsu.png
Component: component_1755082377203_2818.png
centerX: 0.07376058041112454
centerY: 0.8588537211291702
width: 0.027408303103587262
height: 0.03792415169660679
Area: 0.00022020794019722402
CentroidX: 0.0853
CentroidY: 0.8779
