Location: internet_21.png_Gaussian-Median.png
Component: component_1755082377320_114.png
centerX: 0.237807335751713
centerY: 0.23210721414314228
width: 0.03143893591293833
height: 0.04220131166238951
Area: 0.0003346792911556975
CentroidX: 0.2552
CentroidY: 0.2540
