Location: Dedata_17.png_Otsu.png
Component: component_1755512340300_710.png
centerX: 0.1495967741935484
centerY: 0.7184383015104018
width: 0.017741935483870968
height: 0.03562268452550584
Area: 0.0002686639884536537
CentroidX: 0.1589
CentroidY: 0.7339
