Location: internet_21.png_Gaussian-Closing.png
Component: component_1755082377511_92.png
centerX: 0.5006045949214026
centerY: 0.21756487025948104
width: 0.030632809351068116
height: 0.042486455660108356
Area: 0.00039065072480707957
CentroidX: 0.5178
CentroidY: 0.2383
