Location: internet_21.png_Gaussian-Closing.png
Component: component_1755082377492_37.png
centerX: 0.07214832728738411
centerY: 0.07242657542058739
width: 0.027005239822652155
height: 0.036213287710293696
Area: 0.00035571167792818807
CentroidX: 0.0862
CentroidY: 0.0903
