Location: internet_21.png_Mean-Medain.png
Component: component_1755082376398_306.png
centerX: 0.3212414349052801
centerY: 0.722269746221842
width: 0.030229746070133012
height: 0.04562303963501568
Area: 0.0003758246160986026
CentroidX: 0.3376
CentroidY: 0.7445
