Location: Dedata_17.png_Mean-Medain.png
Component: component_1755512339320_241.png
centerX: 0.5012096774193548
centerY: 0.5702479338842975
width: 0.020161290322580645
height: 0.04132231404958678
Area: 0.00035450316697156623
CentroidX: 0.5131
CentroidY: 0.5867
