Location: internet_21.png_Gaussian-Median.png
Component: component_1755082377332_173.png
centerX: 0.3385731559854897
centerY: 0.3373253493013972
width: 0.029826682789197905
height: 0.041916167664670656
Area: 0.00038766251685033227
CentroidX: 0.3544
CentroidY: 0.3570
