Location: Dedata_17.png_Mean-Medain.png
Component: component_1755512339274_34.png
centerX: 0.521774193548387
centerY: 0.06896551724137931
width: 0.01975806451612903
height: 0.03875748076375036
Area: 0.0003148585664512452
CentroidX: 0.5306
CentroidY: 0.0856
