Location: Dedata_17.png_Mean-Closing.png
Component: component_1755512339793_214.png
centerX: 0.4245967741935484
centerY: 0.5069820461669992
width: 0.024193548387096774
height: 0.043032202906811055
Area: 0.0003734636280899806
CentroidX: 0.4373
CentroidY: 0.5258
