Location: Dedata_17.png_Otsu.png
Component: component_1755512340208_260.png
centerX: 0.4258064516129032
centerY: 0.23453975491593046
width: 0.015725806451612902
height: 0.04132231404958678
Area: 0.00012364518886917513
CentroidX: 0.4341
CentroidY: 0.2554
