Location: Dedata_17.png_Mean-Closing.png
Component: component_1755512339783_177.png
centerX: 0.942741935483871
centerY: 0.41635793673411226
width: 0.024596774193548387
height: 0.04160729552579082
Area: 0.00032290239844087553
CentroidX: 0.9572
CentroidY: 0.4337
