Location: internet_21.png_Mean-Medain.png
Component: component_1755082376297_62.png
centerX: 0.0177347843611447
centerY: 0.12688907898488735
width: 0.02902055622732769
height: 0.031936127744510975
Area: 0.00030215379685725574
CentroidX: 0.0320
CentroidY: 0.1440
