Location: internet_21.png_Otsu.png
Component: component_1755082376929_1559.png
centerX: 0.5755743651753326
centerY: 0.5058454519532364
width: 0.028214429665457477
height: 0.05246649558026804
Area: 0.00018986613632871298
CentroidX: 0.5897
CentroidY: 0.5332
