Location: Dedata_17.png_Mean-Medain.png
Component: component_1755512339335_305.png
centerX: 0.6431451612903226
centerY: 0.7363921345112567
width: 0.01935483870967742
height: 0.04160729552579082
Area: 0.00035392860754373547
CentroidX: 0.6546
CentroidY: 0.7548
