Location: internet_21.png_Otsu.png
Component: component_1755082376988_2213.png
centerX: 0.5916968964127368
centerY: 0.6344453949244369
width: 0.03466344216041919
height: 0.044767607641859136
Area: 0.00022963228836850397
CentroidX: 0.6085
CentroidY: 0.6574
