Location: Dedata_17.png_Mean-Medain.png
Component: component_1755512339277_48.png
centerX: 0.8883064516129032
centerY: 0.10202336848104873
width: 0.020161290322580645
height: 0.037902536335138216
Area: 0.0002919911012235818
CentroidX: 0.8986
CentroidY: 0.1180
