Location: Dedata_17.png_Gaussian-Median.png
Component: component_1755512339672_270.png
centerX: 0.6137096774193549
centerY: 0.6149900256483328
width: 0.022983870967741935
height: 0.039897406668566546
Area: 0.0003289927283758814
CentroidX: 0.6269
CentroidY: 0.6326
