Location: Dedata_17.png_Mean-Closing.png
Component: component_1755512339769_124.png
centerX: 0.48024193548387095
centerY: 0.2932459390139641
width: 0.02056451612903226
height: 0.0438871473354232
Area: 0.0003192252181027588
CentroidX: 0.4893
CentroidY: 0.3113
