Location: Dedata_17.png_Mean-Medain.png
Component: component_1755512339309_195.png
centerX: 0.45161290322580644
centerY: 0.4599601025933314
width: 0.02338709677419355
height: 0.039042462239954404
Area: 0.00031669715662030354
CentroidX: 0.4607
CentroidY: 0.4761
