Location: internet_21.png_Gaussian-Closing.png
Component: component_1755082377528_154.png
centerX: 0.8419991938734381
centerY: 0.3664100370687197
width: 0.027005239822652155
height: 0.03934987168520103
Area: 0.00029146520685812116
CentroidX: 0.8573
CentroidY: 0.3860
