Location: internet_21.png_Otsu.png
Component: component_1755082376988_2226.png
centerX: 0.5086658605401048
centerY: 0.637867122897063
width: 0.030229746070133012
height: 0.03934987168520103
Area: 0.00019434844826383393
CentroidX: 0.5234
CentroidY: 0.6603
