Location: Dedata_17.png_Mean-Closing.png
Component: component_1755512339772_137.png
centerX: 0.8625
centerY: 0.31547449415787976
width: 0.025806451612903226
height: 0.04531205471644343
Area: 0.0003297971115748444
CentroidX: 0.8752
CentroidY: 0.3345
