Location: internet_21.png_Otsu.png
Component: component_1755082377143_2475.png
centerX: 0.8814993954050786
centerY: 0.7467921300256629
width: 0.029423619508262798
height: 0.03934987168520103
Area: 0.00027284637266608027
CentroidX: 0.8959
CentroidY: 0.7664
