Location: internet_21.png_Gaussian-Closing.png
Component: component_1755082377489_30.png
centerX: 0.5485691253526803
centerY: 0.05360707157114343
width: 0.03385731559854897
height: 0.037639007698887936
Area: 0.0003336449114783619
CentroidX: 0.5658
CentroidY: 0.0718
