Location: Dedata_17.png_Mean-Medain.png
Component: component_1755512339283_79.png
centerX: 0.5504032258064516
centerY: 0.16813907096038758
width: 0.020967741935483872
height: 0.037047591906526074
Area: 0.0003218681914707802
CentroidX: 0.5606
CentroidY: 0.1840
