Location: internet_21.png_Gaussian-Closing.png
Component: component_1755082377493_41.png
centerX: 0.9419588875453446
centerY: 0.09010550327915598
width: 0.030229746070133012
height: 0.036213287710293696
Area: 0.00034548281223009154
CentroidX: 0.9586
CentroidY: 0.1081
