Location: Dedata_17.png_Mean-Medain.png
Component: component_1755512339318_237.png
centerX: 0.6169354838709677
centerY: 0.5565688230265032
width: 0.018951612903225806
height: 0.04730692504987176
Area: 0.0003723145092343191
CentroidX: 0.6276
CentroidY: 0.5768
