Location: internet_21.png_Gaussian-Median.png
Component: component_1755082377386_396.png
centerX: 0.5082627972591697
centerY: 0.7071571143427431
width: 0.029423619508262798
height: 0.039635015682919876
Area: 0.00032054276889877754
CentroidX: 0.5245
CentroidY: 0.7275
