Location: Dedata_17.png_Gaussian-Median.png
Component: component_1755512339617_77.png
centerX: 0.8338709677419355
centerY: 0.15502992305500143
width: 0.021370967741935483
height: 0.04103733257338273
Area: 0.000323247134097574
CentroidX: 0.8437
CentroidY: 0.1721
