Location: Dedata_17.png_Mean-Closing.png
Component: component_1755512339771_132.png
centerX: 0.95
centerY: 0.3037902536335138
width: 0.024596774193548387
height: 0.04531205471644343
Area: 0.0003379558554500409
CentroidX: 0.9605
CentroidY: 0.3232
