Location: Dedata_17.png_Mean-Medain.png
Component: component_1755512339271_19.png
centerX: 0.26653225806451614
centerY: 0.01652892561983471
width: 0.02338709677419355
height: 0.0347677400968937
Area: 0.00028429200489064985
CentroidX: 0.2769
CentroidY: 0.0308
