Location: Dedata_17.png_Otsu.png
Component: component_1755512340311_747.png
centerX: 0.6370967741935484
centerY: 0.7939583927044742
width: 0.017741935483870968
height: 0.03875748076375036
Area: 0.00029635775287509535
CentroidX: 0.6470
CentroidY: 0.8105
