Location: Dedata_17.png_Mean-Closing.png
Component: component_1755512339791_205.png
centerX: 0.09556451612903226
centerY: 0.48389854659447135
width: 0.024596774193548387
height: 0.04132231404958678
Area: 0.00034933213212108956
CentroidX: 0.1063
CentroidY: 0.5019
