Location: Dedata_17.png_Otsu.png
Component: component_1755512340310_744.png
centerX: 0.06532258064516129
centerY: 0.7911085779424337
width: 0.018548387096774192
height: 0.03875748076375036
Area: 0.00029969019755651365
CentroidX: 0.0769
CentroidY: 0.8074
