Location: Dedata_17.png_Mean-Closing.png
Component: component_1755512339805_240.png
centerX: 0.4245967741935484
centerY: 0.5725277856939299
width: 0.017338709677419354
height: 0.04331718438301511
Area: 0.0003346234107686226
CentroidX: 0.4338
CentroidY: 0.5903
