Location: internet_21.png_Otsu.png
Component: component_1755082376596_303.png
centerX: 0.5074566706972995
centerY: 0.15939549472483605
width: 0.02902055622732769
height: 0.041060735671514116
Area: 0.00023917156761504342
CentroidX: 0.5212
CentroidY: 0.1804
