Location: internet_21.png_Gaussian-Median.png
Component: component_1755082377299_38.png
centerX: 0.12535268037081823
centerY: 0.06358711149130311
width: 0.03385731559854897
height: 0.05332192757342458
Area: 0.000499490453077837
CentroidX: 0.1461
CentroidY: 0.0878
