Location: internet_21.png_Mean-Medain.png
Component: component_1755082376284_9.png
centerX: 0.5223700120918985
centerY: 0.0071285999429712005
width: 0.024989923417976623
height: 0.035642999714856
Area: 0.00035111443491780763
CentroidX: 0.5347
CentroidY: 0.0243
