Location: Dedata_17.png_Gaussian-Median.png
Component: component_1755512339659_210.png
centerX: 0.8612903225806452
centerY: 0.4762040467369621
width: 0.022983870967741935
height: 0.03676261043032203
Area: 0.00028141920775149617
CentroidX: 0.8730
CentroidY: 0.4925
