Location: Samociqulo_1709_page_10.png_Gaussian-Median.png
Component: component_1755610056143_1232.png
centerX: 0.18820638820638821
centerY: 0.2790625
width: 0.015233415233415233
height: 0.0153125
Area: 0.00013436732186732187
CentroidX: 0.1965
CentroidY: 0.2858
