Location: Dedata_17.png_Otsu.png
Component: component_1755512340318_777.png
centerX: 0.43548387096774194
centerY: 0.8757480763750356
width: 0.028629032258064516
height: 0.037047591906526074
Area: 0.00033519797019645336
CentroidX: 0.4515
CentroidY: 0.8922
