Location: internet_21.png_Gaussian-Median.png
Component: component_1755082377396_428.png
centerX: 0.25312374042724706
centerY: 0.7875677216994582
width: 0.03184199919387344
height: 0.04419731964642144
Area: 0.00040363793631140437
CentroidX: 0.2702
CentroidY: 0.8091
