Location: Dedata_17.png_Mean-Medain.png
Component: component_1755512339269_12.png
centerX: 0.6366935483870968
centerY: 0.011684240524365916
width: 0.021370967741935483
height: 0.029923055001424906
Area: 0.0002645271605732724
CentroidX: 0.6478
CentroidY: 0.0243
