Location: Dedata_17.png_Mean-Closing.png
Component: component_1755512339761_91.png
centerX: 0.014919354838709677
centerY: 0.19036762610430322
width: 0.02620967741935484
height: 0.045597036192647475
Area: 0.0003957565338898133
CentroidX: 0.0293
CentroidY: 0.2093
