Location: Dedata_17.png_Otsu.png
Component: component_1755512340201_198.png
centerX: 0.2068548387096774
centerY: 0.1798233114847535
width: 0.018548387096774192
height: 0.0438871473354232
Area: 0.0002784314987267763
CentroidX: 0.2165
CentroidY: 0.1976
