Location: internet_21.png_Gaussian-Closing.png
Component: component_1755082377563_284.png
centerX: 0.20395002015316405
centerY: 0.6683775306529798
width: 0.027005239822652155
height: 0.04305674365554605
Area: 0.0002760644427733466
CentroidX: 0.2193
CentroidY: 0.6908
