Location: Dedata_17.png_Mean-Closing.png
Component: component_1755512339888_330.png
centerX: 0.5116935483870968
centerY: 0.8070675406098604
width: 0.020161290322580645
height: 0.0353377030493018
Area: 0.0003343935869974903
CentroidX: 0.5238
CentroidY: 0.8224
