Location: internet_21.png_Otsu.png
Component: component_1755082376948_1589.png
centerX: 0.4856912535268037
centerY: 0.5118334759053322
width: 0.02902055622732769
height: 0.05218135158254919
Area: 0.0002219319063261167
CentroidX: 0.4994
CentroidY: 0.5384
