Location: internet_21.png_Gaussian-Closing.png
Component: component_1755082377582_362.png
centerX: 0.07376058041112454
centerY: 0.8508696891930425
width: 0.027408303103587262
height: 0.046193327630453376
Area: 0.0003919149666349342
CentroidX: 0.0887
CentroidY: 0.8732
