Location: internet_21.png_Gaussian-Closing.png
Component: component_1755082377527_148.png
centerX: 0.0769850866586054
centerY: 0.3555745651554035
width: 0.031035872632003223
height: 0.046193327630453376
Area: 0.00039904069330102393
CentroidX: 0.0929
CentroidY: 0.3770
