Location: Dedata_17.png_Gaussian-Median.png
Component: component_1755512339666_241.png
centerX: 0.05443548387096774
centerY: 0.5463094898831576
width: 0.017741935483870968
height: 0.04018238814477059
Area: 0.00028256832660715763
CentroidX: 0.0641
CentroidY: 0.5633
