Location: Dedata_17.png_Mean-Medain.png
Component: component_1755512339306_181.png
centerX: 0.10241935483870968
centerY: 0.4214876033057851
width: 0.021774193548387097
height: 0.04588201766885153
Area: 0.00033876023864900395
CentroidX: 0.1138
CentroidY: 0.4411
