Location: internet_21.png_Otsu.png
Component: component_1755082376997_2291.png
centerX: 0.2478839177750907
centerY: 0.6643855146849159
width: 0.030632809351068116
height: 0.05246649558026804
Area: 0.00023733267041089123
CentroidX: 0.2639
CentroidY: 0.6902
