Location: internet_21.png_Mean-Medain.png
Component: component_1755082376463_336.png
centerX: 0.154776299879081
centerY: 0.7912745936698032
width: 0.031035872632003223
height: 0.04362703165098375
Area: 0.00040306328093510683
CentroidX: 0.1721
CentroidY: 0.8152
