Location: Dedata_17.png_Mean-Medain.png
Component: component_1755512339316_229.png
centerX: 0.7725806451612903
centerY: 0.5371900826446281
width: 0.027822580645161292
height: 0.04531205471644343
Area: 0.00041850908723191057
CentroidX: 0.7865
CentroidY: 0.5567
