Location: internet_21.png_Mean-Medain.png
Component: component_1755082376462_334.png
centerX: 0.1120515920999597
centerY: 0.7901340176789279
width: 0.027408303103587262
height: 0.043912175648702596
Area: 0.00040076465942991656
CentroidX: 0.1270
CentroidY: 0.8135
