Location: internet_21.png_Gaussian-Closing.png
Component: component_1755082377546_221.png
centerX: 0.3067311567916163
centerY: 0.5300826917593384
width: 0.026602176541717048
height: 0.04590818363273453
Area: 0.00031548580158735905
CentroidX: 0.3216
CentroidY: 0.5522
