Location: internet_21.png_Otsu.png
Component: component_1755082376707_635.png
centerX: 0.4667472793228537
centerY: 0.2686056458511548
width: 0.029826682789197905
height: 0.04448246364414029
Area: 0.000264916128473174
CentroidX: 0.4830
CentroidY: 0.2914
