Location: Dedata_17.png_Otsu.png
Component: component_1755512340284_678.png
centerX: 0.5221774193548387
centerY: 0.6238244514106583
width: 0.024193548387096774
height: 0.03619264747791394
Area: 0.0002969323123029261
CentroidX: 0.5352
CentroidY: 0.6390
