Location: Dedata_17.png_Mean-Medain.png
Component: component_1755512339287_100.png
centerX: 0.597983870967742
centerY: 0.2225705329153605
width: 0.021774193548387097
height: 0.04103733257338273
Area: 0.00033565761773871793
CentroidX: 0.6078
CentroidY: 0.2399
