Location: Dedata_17.png_Mean-Closing.png
Component: component_1755512339751_39.png
centerX: 0.19959677419354838
centerY: 0.07466514676546024
width: 0.02056451612903226
height: 0.03875748076375036
Area: 0.00035254966491694167
CentroidX: 0.2091
CentroidY: 0.0911
