Location: internet_21.png_Gaussian-Median.png
Component: component_1755082377326_140.png
centerX: 0.6372430471584039
centerY: 0.2609067579127459
width: 0.030229746070133012
height: 0.04163102366695181
Area: 0.0003715721663140007
CentroidX: 0.6539
CentroidY: 0.2821
