Location: Dedata_17.png_Mean-Closing.png
Component: component_1755512339903_368.png
centerX: 0.022983870967741935
centerY: 0.908520946138501
width: 0.01935483870967742
height: 0.03761755485893417
Area: 0.0003119857693120915
CentroidX: 0.0335
CentroidY: 0.9239
