Location: Dedata_17.png_Gaussian-Median.png
Component: component_1755512339651_178.png
centerX: 0.5004032258064516
centerY: 0.3975491593046452
width: 0.025403225806451612
height: 0.04531205471644343
Area: 0.0003231322222120078
CentroidX: 0.5116
CentroidY: 0.4170
