Location: internet_21.png_Gaussian-Median.png
Component: component_1755082377383_382.png
centerX: 0.9161628375654978
centerY: 0.6877673224978614
width: 0.03305118903667876
height: 0.04448246364414029
Area: 0.0003736409256686719
CentroidX: 0.9338
CentroidY: 0.7083
