Location: Dedata_17.png_Mean-Closing.png
Component: component_1755512339820_248.png
centerX: 0.9016129032258065
centerY: 0.5919065260758051
width: 0.02379032258064516
height: 0.034482758620689655
Area: 0.0003468040706386343
CentroidX: 0.9128
CentroidY: 0.6076
