Location: internet_21.png_Mean-Medain.png
Component: component_1755082376295_54.png
centerX: 0.33413945989520355
centerY: 0.11605360707157114
width: 0.028214429665457477
height: 0.033932135728542916
Area: 0.0003359435329835521
CentroidX: 0.3484
CentroidY: 0.1326
