Location: internet_21.png_Gaussian-Median.png
Component: component_1755082377383_384.png
centerX: 0.7795243853284965
centerY: 0.688622754491018
width: 0.0354695687222894
height: 0.04704875962360992
Area: 0.00039363893276382687
CentroidX: 0.7983
CentroidY: 0.7121
