Location: internet_21.png_Mean-Medain.png
Component: component_1755082376373_283.png
centerX: 0.15598548972188633
centerY: 0.669803250641574
width: 0.030632809351068116
height: 0.05075563159395495
Area: 0.00035755057513234023
CentroidX: 0.1723
CentroidY: 0.6957
