Location: internet_21.png_Mean-Medain.png
Component: component_1755082376468_348.png
centerX: 0.8883514711809755
centerY: 0.8200741374394069
width: 0.015719467956469165
height: 0.017964071856287425
Area: 0.000125159940957608
CentroidX: 0.8939
CentroidY: 0.8312
