Location: internet_21.png_Gaussian-Closing.png
Component: component_1755082377560_271.png
centerX: 0.7267230955259976
centerY: 0.628457370972341
width: 0.028617492946392584
height: 0.03706871970345024
Area: 0.0002839946869662529
CentroidX: 0.7416
CentroidY: 0.6462
