Location: Dedata_17.png_Otsu.png
Component: component_1755512340299_708.png
centerX: 0.9552419354838709
centerY: 0.7147335423197492
width: 0.018548387096774192
height: 0.037047591906526074
Area: 0.0002637227773743094
CentroidX: 0.9657
CentroidY: 0.7310
