Location: internet_21.png_Otsu.png
Component: component_1755082376810_1083.png
centerX: 0.27690447400241835
centerY: 0.397775876817793
width: 0.028617492946392584
height: 0.047619047619047616
Area: 0.0002643414730968764
CentroidX: 0.2917
CentroidY: 0.4224
