Location: internet_21.png_Gaussian-Median.png
Component: component_1755082377387_398.png
centerX: 0.3740427247077791
centerY: 0.7142857142857143
width: 0.028617492946392584
height: 0.04818933561448532
Area: 0.00031548580158735905
CentroidX: 0.3900
CentroidY: 0.7386
