Location: internet_21.png_Mean-Medain.png
Component: component_1755082376297_61.png
centerX: 0.11688835147118097
centerY: 0.12574850299401197
width: 0.03143893591293833
height: 0.03992015968063872
Area: 0.0003187038716946254
CentroidX: 0.1319
CentroidY: 0.1448
