Location: internet_21.png_Gaussian-Median.png
Component: component_1755082377343_229.png
centerX: 0.6303909713825071
centerY: 0.43370402053036783
width: 0.026199113260781944
height: 0.043341887653264896
Area: 0.00032456535653286044
CentroidX: 0.6461
CentroidY: 0.4561
