Location: Dedata_17.png_Gaussian-Median.png
Component: component_1755512339650_174.png
centerX: 0.6709677419354839
centerY: 0.38273012254203476
width: 0.02620967741935484
height: 0.03733257338273012
Area: 0.000290612158596788
CentroidX: 0.6819
CentroidY: 0.3987
