Location: Dedata_17.png_Otsu.png
Component: component_1755512340248_618.png
centerX: 0.017338709677419354
centerY: 0.4901681390709604
width: 0.01653225806451613
height: 0.039897406668566546
Area: 0.0002337307752415448
CentroidX: 0.0246
CentroidY: 0.5063
