Location: Dedata_17.png_Gaussian-Median.png
Component: component_1755512339690_358.png
centerX: 0.8149193548387097
centerY: 0.8478198917070391
width: 0.022983870967741935
height: 0.039897406668566546
Area: 0.00033014184723154284
CentroidX: 0.8258
CentroidY: 0.8649
