Location: Dedata_17.png_Mean-Closing.png
Component: component_1755512339852_299.png
centerX: 0.7661290322580645
centerY: 0.7278426902251354
width: 0.020161290322580645
height: 0.03761755485893417
Area: 0.00032370678163983857
CentroidX: 0.7775
CentroidY: 0.7439
