Location: internet_21.png_Gaussian-Closing.png
Component: component_1755082377508_79.png
centerX: 0.8738411930673116
centerY: 0.18733960650128315
width: 0.030229746070133012
height: 0.04163102366695181
Area: 0.0003459425365311296
CentroidX: 0.8895
CentroidY: 0.2081
