Location: Dedata_17.png_Gaussian-Median.png
Component: component_1755512339673_276.png
centerX: 0.31733870967741934
centerY: 0.640638358506697
width: 0.022983870967741935
height: 0.042462239954402965
Area: 0.00037840483916932495
CentroidX: 0.3289
CentroidY: 0.6582
