Location: Dedata_17.png_Gaussian-Median.png
Component: component_1755512339677_295.png
centerX: 0.4907258064516129
centerY: 0.6907950983186093
width: 0.017338709677419354
height: 0.04360216585921915
Area: 0.0003595592899364767
CentroidX: 0.4990
CentroidY: 0.7091
