Location: Dedata_17.png_Gaussian-Median.png
Component: component_1755512339667_248.png
centerX: 0.46169354838709675
centerY: 0.5691080079794814
width: 0.01975806451612903
height: 0.04474209176403534
Area: 0.00033186552551503506
CentroidX: 0.4716
CentroidY: 0.5878
