Location: internet_21.png_Mean-Medain.png
Component: component_1755082376393_304.png
centerX: 0.46271664651350264
centerY: 0.7145708582834331
width: 0.027005239822652155
height: 0.035357855717137156
Area: 0.0003120378693295737
CentroidX: 0.4780
CentroidY: 0.7322
