Location: internet_21.png_Gaussian-Closing.png
Component: component_1755082377578_345.png
centerX: 0.7005239822652156
centerY: 0.8186484174508126
width: 0.031035872632003223
height: 0.043341887653264896
Area: 0.00035847002373441634
CentroidX: 0.7154
CentroidY: 0.8419
