Location: Dedata_17.png_Gaussian-Median.png
Component: component_1755512339668_249.png
centerX: 0.5016129032258064
centerY: 0.5702479338842975
width: 0.01935483870967742
height: 0.04132231404958678
Area: 0.0003369216484799456
CentroidX: 0.5132
CentroidY: 0.5871
