Location: Dedata_17.png_Otsu.png
Component: component_1755512340279_667.png
centerX: 0.14475806451612902
centerY: 0.5958962667426617
width: 0.020161290322580645
height: 0.042462239954402965
Area: 0.0002621140109763833
CentroidX: 0.1542
CentroidY: 0.6130
