Location: Dedata_17.png_Mean-Closing.png
Component: component_1755512339766_109.png
centerX: 0.09959677419354838
centerY: 0.24593901396409235
width: 0.021774193548387097
height: 0.03676261043032203
Area: 0.00030727438200387944
CentroidX: 0.1115
CentroidY: 0.2620
