Location: internet_21.png_Mean-Medain.png
Component: component_1755082376289_26.png
centerX: 0.7686416767432487
centerY: 0.04733390362132877
width: 0.028617492946392584
height: 0.037639007698887936
Area: 0.0003229563214792273
CentroidX: 0.7846
CentroidY: 0.0666
