Location: internet_21.png_Otsu.png
Component: component_1755082376962_1834.png
centerX: 0.7952438532849657
centerY: 0.5571713715426291
width: 0.03305118903667876
height: 0.047619047619047616
Area: 0.00022078259557352159
CentroidX: 0.8119
CentroidY: 0.5827
