Location: internet_21.png_Mean-Medain.png
Component: component_1755082376293_45.png
centerX: 0.6956872228939943
centerY: 0.09153122326775022
width: 0.03466344216041919
height: 0.04562303963501568
Area: 0.0004469669516842402
CentroidX: 0.7147
CentroidY: 0.1143
