Location: Dedata_17.png_Mean-Medain.png
Component: component_1755512339300_158.png
centerX: 0.05604838709677419
centerY: 0.3667711598746082
width: 0.02379032258064516
height: 0.0347677400968937
Area: 0.0002693534597670506
CentroidX: 0.0691
CentroidY: 0.3826
