Location: Dedata_17.png_Otsu.png
Component: component_1755512340214_312.png
centerX: 0.8608870967741935
centerY: 0.2599031062980906
width: 0.02338709677419355
height: 0.03761755485893417
Area: 0.00016317487750392999
CentroidX: 0.8722
CentroidY: 0.2739
