Location: Dedata_17.png_Otsu.png
Component: component_1755512340274_662.png
centerX: 0.22298387096774194
centerY: 0.5864918780279282
width: 0.02217741935483871
height: 0.04360216585921915
Area: 0.00026027542080732494
CentroidX: 0.2359
CentroidY: 0.6043
