Location: internet_21.png_Gaussian-Median.png
Component: component_1755082377337_201.png
centerX: 0.49012494961708986
centerY: 0.3869404049044768
width: 0.02902055622732769
height: 0.04505275163957799
Area: 0.00036237768029323975
CentroidX: 0.5060
CentroidY: 0.4086
