Location: Dedata_17.png_Otsu.png
Component: component_1755512340186_97.png
centerX: 0.9330645161290323
centerY: 0.0963237389569678
width: 0.02217741935483871
height: 0.037047591906526074
Area: 0.0002186773182323794
CentroidX: 0.9463
CentroidY: 0.1125
