Location: internet_21.png_Otsu.png
Component: component_1755082376779_793.png
centerX: 0.6311970979443773
centerY: 0.32221271742229823
width: 0.030229746070133012
height: 0.04020530367835757
Area: 0.0003082451438460098
CentroidX: 0.6477
CentroidY: 0.3416
