Location: internet_21.png_Mean-Medain.png
Component: component_1755082376302_87.png
centerX: 0.766223297057638
centerY: 0.19674935842600513
width: 0.030229746070133012
height: 0.038209295694325636
Area: 0.00040076465942991656
CentroidX: 0.7829
CentroidY: 0.2151
