Location: internet_21.png_Gaussian-Median.png
Component: component_1755082377392_417.png
centerX: 0.7593712212817413
centerY: 0.7504990019960079
width: 0.029423619508262798
height: 0.04020530367835757
Area: 0.00031858894061936584
CentroidX: 0.7756
CentroidY: 0.7711
