Location: Dedata_17.png_Mean-Medain.png
Component: component_1755512339322_249.png
centerX: 0.8580645161290322
centerY: 0.591336563123397
width: 0.021370967741935483
height: 0.039897406668566546
Area: 0.00035588210959836
CentroidX: 0.8697
CentroidY: 0.6084
