Location: internet_21.png_Otsu.png
Component: component_1755082376995_2280.png
centerX: 0.29343006852075776
centerY: 0.660393498716852
width: 0.02781136638452237
height: 0.0427715996578272
Area: 0.0002443434660017214
CentroidX: 0.3087
CentroidY: 0.6828
