Location: internet_21.png_Otsu.png
Component: component_1755082376585_167.png
centerX: 0.6324062877871826
centerY: 0.09124607927003137
width: 0.031035872632003223
height: 0.04362703165098375
Area: 0.00034812622696106033
CentroidX: 0.6477
CentroidY: 0.1119
