Location: internet_21.png_Gaussian-Closing.png
Component: component_1755082377574_330.png
centerX: 0.3966142684401451
centerY: 0.7790134017678928
width: 0.026199113260781944
height: 0.03934987168520103
Area: 0.00031996811352248
CentroidX: 0.4115
CentroidY: 0.7978
