Location: internet_21.png_Gaussian-Closing.png
Component: component_1755082377580_356.png
centerX: 0.3430068520757759
centerY: 0.8391787852865698
width: 0.030632809351068116
height: 0.043341887653264896
Area: 0.00033651818835984964
CentroidX: 0.3588
CentroidY: 0.8616
