Location: internet_21.png_Mean-Medain.png
Component: component_1755082376316_147.png
centerX: 0.23458282950423218
centerY: 0.3455945252352438
width: 0.029826682789197905
height: 0.040490447676076416
Area: 0.0003888118276029274
CentroidX: 0.2501
CentroidY: 0.3651
