Location: Dedata_17.png_Otsu.png
Component: component_1755512340319_780.png
centerX: 0.3580645161290323
centerY: 0.8857224280421773
width: 0.021370967741935483
height: 0.03590766600170989
Area: 0.0003086533246306732
CentroidX: 0.3693
CentroidY: 0.9005
