Location: Dedata_17.png_Gaussian-Median.png
Component: component_1755512339664_233.png
centerX: 0.2129032258064516
centerY: 0.530350527215731
width: 0.017741935483870968
height: 0.043032202906811055
Area: 0.0003216383676996479
CentroidX: 0.2240
CentroidY: 0.5491
