Location: Dedata_17.png_Mean-Medain.png
Component: component_1755512339331_284.png
centerX: 0.5334677419354839
centerY: 0.6853804502707324
width: 0.02258064516129032
height: 0.04075235109717868
Area: 0.0003707057428363931
CentroidX: 0.5447
CentroidY: 0.7025
