Location: Dedata_17.png_Mean-Medain.png
Component: component_1755512339294_129.png
centerX: 0.43911290322580643
centerY: 0.29410088344257623
width: 0.025403225806451612
height: 0.04132231404958678
Area: 0.0003018735233822705
CentroidX: 0.4508
CentroidY: 0.3105
