Location: internet_21.png_Mean-Medain.png
Component: component_1755082376285_13.png
centerX: 0.43047158403869407
centerY: 0.01140575990875392
width: 0.026602176541717048
height: 0.035642999714856
Area: 0.00032755356448960774
CentroidX: 0.4437
CentroidY: 0.0282
