Location: Dedata_17.png_Mean-Closing.png
Component: component_1755512339819_247.png
centerX: 0.8580645161290322
centerY: 0.591336563123397
width: 0.021370967741935483
height: 0.039612425192362494
Area: 0.0003569163165684553
CentroidX: 0.8697
CentroidY: 0.6084
