Location: Dedata_17.png_Mean-Medain.png
Component: component_1755512339315_223.png
centerX: 0.2560483870967742
centerY: 0.5260758050726703
width: 0.018951612903225806
height: 0.038472499287546306
Area: 0.0003225576627841771
CentroidX: 0.2666
CentroidY: 0.5422
