Location: Dedata_17.png_Otsu.png
Component: component_1755512340285_680.png
centerX: 0.4689516129032258
centerY: 0.6269592476489029
width: 0.021774193548387097
height: 0.0438871473354232
Area: 0.00032244275089861096
CentroidX: 0.4782
CentroidY: 0.6456
