Location: internet_21.png_Gaussian-Closing.png
Component: component_1755082377544_212.png
centerX: 0.5304312777106006
centerY: 0.5112631879098944
width: 0.028214429665457477
height: 0.05075563159395495
Area: 0.00037869789298009037
CentroidX: 0.5459
CentroidY: 0.5367
