Location: Dedata_17.png_Mean-Medain.png
Component: component_1755512339279_59.png
centerX: 0.37620967741935485
centerY: 0.12453690510116842
width: 0.02258064516129032
height: 0.039042462239954404
Area: 0.00032244275089861096
CentroidX: 0.3897
CentroidY: 0.1406
