Location: Dedata_17.png_Mean-Closing.png
Component: component_1755512339788_200.png
centerX: 0.2245967741935484
centerY: 0.4736392134511257
width: 0.02379032258064516
height: 0.036477628954117984
Area: 0.0002903823348256557
CentroidX: 0.2343
CentroidY: 0.4893
