Location: internet_21.png_Mean-Medain.png
Component: component_1755082376342_261.png
centerX: 0.06650544135429262
centerY: 0.6159110350727117
width: 0.029423619508262798
height: 0.04647847162817223
Area: 0.0003855937574956611
CentroidX: 0.0832
CentroidY: 0.6399
