Location: internet_21.png_Gaussian-Closing.png
Component: component_1755082377568_304.png
centerX: 0.3740427247077791
centerY: 0.7145708582834331
width: 0.028214429665457477
height: 0.04790419161676647
Area: 0.00031341704223268786
CentroidX: 0.3900
CentroidY: 0.7387
