Location: internet_21.png_Gaussian-Median.png
Component: component_1755082377388_399.png
centerX: 0.46311970979443773
centerY: 0.7145708582834331
width: 0.026602176541717048
height: 0.035357855717137156
Area: 0.00029422355266434943
CentroidX: 0.4781
CentroidY: 0.7323
