Location: Dedata_17.png_Gaussian-Median.png
Component: component_1755512339609_57.png
centerX: 0.6548387096774193
centerY: 0.11541749786263893
width: 0.022983870967741935
height: 0.03733257338273012
Area: 0.0003130199762821868
CentroidX: 0.6668
CentroidY: 0.1309
