Location: internet_21.png_Gaussian-Closing.png
Component: component_1755082377492_40.png
centerX: 0.7593712212817413
centerY: 0.08696891930424865
width: 0.03829101168883515
height: 0.04704875962360992
Area: 0.00043133632544894665
CentroidX: 0.7805
CentroidY: 0.1092
