Location: Dedata_17.png_Mean-Medain.png
Component: component_1755512339286_94.png
centerX: 0.8754032258064516
centerY: 0.20632658877172982
width: 0.021774193548387097
height: 0.039042462239954404
Area: 0.00031256032873992225
CentroidX: 0.8849
CentroidY: 0.2224
