Location: Dedata_17.png_Gaussian-Median.png
Component: component_1755512339681_315.png
centerX: 0.6431451612903226
centerY: 0.7363921345112567
width: 0.018951612903225806
height: 0.04189227700199487
Area: 0.00033910497430570237
CentroidX: 0.6546
CentroidY: 0.7550
