Location: Dedata_17.png_Mean-Medain.png
Component: component_1755512339264_3.png
centerX: 0.8693548387096774
centerY: 0.007694499857509262
width: 0.027419354838709678
height: 0.034482758620689655
Area: 0.00034956195589222185
CentroidX: 0.8830
CentroidY: 0.0229
