Location: internet_21.png_Mean-Medain.png
Component: component_1755082376300_77.png
centerX: 0.2962515114873035
centerY: 0.16937553464499572
width: 0.03143893591293833
height: 0.04419731964642144
Area: 0.00039708686502161223
CentroidX: 0.3119
CentroidY: 0.1910
