Location: internet_21.png_Mean-Medain.png
Component: component_1755082376300_76.png
centerX: 0.35268037081821846
centerY: 0.16538351867693185
width: 0.029423619508262798
height: 0.04077559167379527
Area: 0.0003339897047041404
CentroidX: 0.3679
CentroidY: 0.1850
