Location: internet_21.png_Gaussian-Closing.png
Component: component_1755082377526_144.png
centerX: 0.23458282950423218
centerY: 0.3455945252352438
width: 0.029826682789197905
height: 0.040490447676076416
Area: 0.00037076764878718406
CentroidX: 0.2501
CentroidY: 0.3651
