Location: Dedata_17.png_Gaussian-Median.png
Component: component_1755512339634_117.png
centerX: 0.14677419354838708
centerY: 0.24707893986890853
width: 0.020967741935483872
height: 0.0438871473354232
Area: 0.0003374962079077763
CentroidX: 0.1575
CentroidY: 0.2656
