Location: Dedata_17.png_Mean-Medain.png
Component: component_1755512339304_173.png
centerX: 0.3681451612903226
centerY: 0.4041037332573383
width: 0.02258064516129032
height: 0.04132231404958678
Area: 0.0004411467286884417
CentroidX: 0.3781
CentroidY: 0.4219
