Location: internet_21.png_Gaussian-Closing.png
Component: component_1755082377574_329.png
centerX: 0.44256348246674726
centerY: 0.7753065297975478
width: 0.030229746070133012
height: 0.03792415169660679
Area: 0.0003387018787897804
CentroidX: 0.4584
CentroidY: 0.7931
