Location: Dedata_17.png_Mean-Medain.png
Component: component_1755512339278_57.png
centerX: 0.46975806451612906
centerY: 0.12168709033912796
width: 0.020161290322580645
height: 0.04474209176403534
Area: 0.00033565761773871793
CentroidX: 0.4805
CentroidY: 0.1404
