Location: Dedata_17.png_Mean-Medain.png
Component: component_1755512339299_151.png
centerX: 0.4165322580645161
centerY: 0.34796238244514105
width: 0.020967741935483872
height: 0.04474209176403534
Area: 0.0003431268903005176
CentroidX: 0.4263
CentroidY: 0.3668
