Location: internet_21.png_Mean-Medain.png
Component: component_1755082376378_290.png
centerX: 0.8750503829101169
centerY: 0.6894781864841745
width: 0.02902055622732769
height: 0.04020530367835757
Area: 0.0003189337338451444
CentroidX: 0.8906
CentroidY: 0.7087
