Location: internet_21.png_Mean-Medain.png
Component: component_1755082376368_278.png
centerX: 0.33252720677146314
centerY: 0.6569717707442259
width: 0.03426037887948408
height: 0.043341887653264896
Area: 0.0003589297480354544
CentroidX: 0.3503
CentroidY: 0.6785
