Location: Dedata_17.png_Gaussian-Median.png
Component: component_1755512339657_203.png
centerX: 0.35604838709677417
centerY: 0.4625249358791679
width: 0.02379032258064516
height: 0.04274722143060701
Area: 0.000313939271366716
CentroidX: 0.3657
CentroidY: 0.4808
