Location: internet_21.png_Gaussian-Median.png
Component: component_1755082377389_404.png
centerX: 0.2317613865376864
centerY: 0.733675506130596
width: 0.028617492946392584
height: 0.03592814371257485
Area: 0.0003089347302975669
CentroidX: 0.2463
CentroidY: 0.7520
