Location: Dedata_17.png_Mean-Closing.png
Component: component_1755512339769_125.png
centerX: 0.2931451612903226
centerY: 0.29438586491878027
width: 0.02217741935483871
height: 0.039612425192362494
Area: 0.00029555336967613236
CentroidX: 0.3047
CentroidY: 0.3114
