Location: Dedata_17.png_Otsu.png
Component: component_1755512340243_588.png
centerX: 0.5342741935483871
centerY: 0.45198062125961813
width: 0.02338709677419355
height: 0.04417212881162724
Area: 0.0002502780867630701
CentroidX: 0.5429
CentroidY: 0.4695
