Location: internet_21.png_Otsu.png
Component: component_1755082377116_2446.png
centerX: 0.2756952841596131
centerY: 0.7265469061876247
width: 0.024586860137041516
height: 0.04134587966923296
Area: 0.0002279083222396113
CentroidX: 0.2900
CentroidY: 0.7484
