Location: Dedata_17.png_Otsu.png
Component: component_1755512340305_730.png
centerX: 0.3185483870967742
centerY: 0.7663151895126816
width: 0.02258064516129032
height: 0.038472499287546306
Area: 0.0003183059230182296
CentroidX: 0.3321
CentroidY: 0.7829
