Location: internet_21.png_Mean-Medain.png
Component: component_1755082376309_121.png
centerX: 0.5792019347037485
centerY: 0.26461362988309095
width: 0.030229746070133012
height: 0.043912175648702596
Area: 0.00042926756609427545
CentroidX: 0.5962
CentroidY: 0.2860
