Location: Dedata_17.png_Mean-Closing.png
Component: component_1755512339755_60.png
centerX: 0.28346774193548385
centerY: 0.12909660872043316
width: 0.02338709677419355
height: 0.0353377030493018
Area: 0.00031256032873992225
CentroidX: 0.2956
CentroidY: 0.1436
