Location: Dedata_17.png_Otsu.png
Component: component_1755512340316_769.png
centerX: 0.7346774193548387
centerY: 0.8552294100883443
width: 0.021370967741935483
height: 0.038472499287546306
Area: 0.00028555603563187746
CentroidX: 0.7458
CentroidY: 0.8709
