Location: Dedata_17.png_Otsu.png
Component: component_1755512340212_291.png
centerX: 0.14717741935483872
centerY: 0.24736392134511256
width: 0.01975806451612903
height: 0.043032202906811055
Area: 0.0002325816563858833
CentroidX: 0.1574
CentroidY: 0.2657
