Location: Dedata_17.png_Gaussian-Median.png
Component: component_1755512339682_317.png
centerX: 0.5604838709677419
centerY: 0.7460815047021944
width: 0.018548387096774192
height: 0.037902536335138216
Area: 0.0003021033471534028
CentroidX: 0.5716
CentroidY: 0.7621
