Location: internet_21.png_Mean-Medain.png
Component: component_1755082376284_6.png
centerX: 0.6839983877468763
centerY: 0.005988023952095809
width: 0.023377670294236194
height: 0.039064727687482176
Area: 0.0003736409256686719
CentroidX: 0.6973
CentroidY: 0.0232
