Location: Dedata_17.png_Mean-Closing.png
Component: component_1755512339899_354.png
centerX: 0.5717741935483871
centerY: 0.8620689655172413
width: 0.021774193548387097
height: 0.03932744371615845
Area: 0.0003638110297024242
CentroidX: 0.5827
CentroidY: 0.8789
