Location: Dedata_17.png_Mean-Medain.png
Component: component_1755512339349_369.png
centerX: 0.13991935483870968
centerY: 0.9005414648047877
width: 0.01975806451612903
height: 0.03590766600170989
Area: 0.00032531554803776465
CentroidX: 0.1518
CentroidY: 0.9152
