Location: Dedata_17.png_Gaussian-Median.png
Component: component_1755512339682_321.png
centerX: 0.3943548387096774
centerY: 0.7611855229410088
width: 0.018951612903225806
height: 0.04103733257338273
Area: 0.0003153182139935098
CentroidX: 0.4055
CentroidY: 0.7787
