Location: internet_21.png_Gaussian-Median.png
Component: component_1755082377352_281.png
centerX: 0.5751713018943975
centerY: 0.5058454519532364
width: 0.029423619508262798
height: 0.052751639577986884
Area: 0.00041432652631053895
CentroidX: 0.5912
CentroidY: 0.5318
