Location: Dedata_17.png_Mean-Closing.png
Component: component_1755512339748_25.png
centerX: 0.8741935483870967
centerY: 0.055571387859789115
width: 0.020967741935483872
height: 0.03334283271587347
Area: 0.0002810744720947977
CentroidX: 0.8850
CentroidY: 0.0698
