Location: Dedata_17.png_Mean-Medain.png
Component: component_1755512339281_74.png
centerX: 0.7862903225806451
centerY: 0.16044457110287833
width: 0.021370967741935483
height: 0.04132231404958678
Area: 0.0003507110747478833
CentroidX: 0.7950
CentroidY: 0.1778
