Location: internet_21.png_Mean-Medain.png
Component: component_1755082376311_127.png
centerX: 0.24022571543732366
centerY: 0.28999144568006846
width: 0.03143893591293833
height: 0.042486455660108356
Area: 0.00040375286738666386
CentroidX: 0.2562
CentroidY: 0.3091
