Location: Dedata_17.png_Gaussian-Median.png
Component: component_1755512339608_54.png
centerX: 0.8
centerY: 0.10800797948133371
width: 0.021774193548387097
height: 0.04103733257338273
Area: 0.0003241664291821032
CentroidX: 0.8098
CentroidY: 0.1250
