Location: Dedata_17.png_Otsu.png
Component: component_1755512340197_182.png
centerX: 0.6955645161290323
centerY: 0.16300940438871472
width: 0.020161290322580645
height: 0.038472499287546306
Area: 0.0002522315888176946
CentroidX: 0.7037
CentroidY: 0.1787
