Location: internet_21.png_Gaussian-Median.png
Component: component_1755082377393_421.png
centerX: 0.5300282144296654
centerY: 0.76732249786142
width: 0.031035872632003223
height: 0.04163102366695181
Area: 0.00037938747943164745
CentroidX: 0.5467
CentroidY: 0.7879
