Location: Dedata_17.png_Mean-Medain.png
Component: component_1755512339296_141.png
centerX: 0.7826612903225807
centerY: 0.3225990310629809
width: 0.02056451612903226
height: 0.04360216585921915
Area: 0.0003096875316007685
CentroidX: 0.7921
CentroidY: 0.3408
