Location: Dedata_17.png_Gaussian-Median.png
Component: component_1755512339656_201.png
centerX: 0.4915322580645161
centerY: 0.4559703619264748
width: 0.021774193548387097
height: 0.042462239954402965
Area: 0.00031187085742652535
CentroidX: 0.5007
CentroidY: 0.4738
