Location: Dedata_17.png_Gaussian-Median.png
Component: component_1755512339676_292.png
centerX: 0.6310483870967742
centerY: 0.6796808207466515
width: 0.018548387096774192
height: 0.04075235109717868
Area: 0.0003278436095202199
CentroidX: 0.6408
CentroidY: 0.6970
