Location: internet_21.png_Otsu.png
Component: component_1755082376987_2200.png
centerX: 0.6360338573155986
centerY: 0.630453378956373
width: 0.032245062474808545
height: 0.04020530367835757
Area: 0.00021055372987542506
CentroidX: 0.6517
CentroidY: 0.6517
