Location: internet_21.png_Otsu.png
Component: component_1755082376824_1162.png
centerX: 0.012898024989923419
centerY: 0.4163102366695181
width: 0.029826682789197905
height: 0.046763615625891077
Area: 0.00024963029546365894
CentroidX: 0.0276
CentroidY: 0.4396
