Location: internet_21.png_Otsu.png
Component: component_1755082377158_2556.png
centerX: 0.4429665457476824
centerY: 0.7755916737952666
width: 0.029423619508262798
height: 0.037639007698887936
Area: 0.00024526291460379753
CentroidX: 0.4575
CentroidY: 0.7935
