Location: internet_21.png_Gaussian-Closing.png
Component: component_1755082377498_52.png
centerX: 0.28012898024989924
centerY: 0.11633875106929
width: 0.02902055622732769
height: 0.041060735671514116
Area: 0.0003528384010467003
CentroidX: 0.2945
CentroidY: 0.1353
