Location: internet_21.png_Mean-Medain.png
Component: component_1755082376324_177.png
centerX: 0.8343409915356711
centerY: 0.41659538066723695
width: 0.02902055622732769
height: 0.05645851154833191
Area: 0.000459724301038046
CentroidX: 0.8497
CentroidY: 0.4435
