Location: internet_21.png_Gaussian-Closing.png
Component: component_1755082377562_280.png
centerX: 0.3792825473599355
centerY: 0.6495580268035358
width: 0.03385731559854897
height: 0.046763615625891077
Area: 0.00032939246169375996
CentroidX: 0.3967
CentroidY: 0.6728
