Location: internet_21.png_Mean-Medain.png
Component: component_1755082376453_323.png
centerX: 0.6243450221684804
centerY: 0.761619617907043
width: 0.032245062474808545
height: 0.03792415169660679
Area: 0.00035008005524047204
CentroidX: 0.6411
CentroidY: 0.7816
