Location: internet_21.png_Otsu.png
Component: component_1755082376765_735.png
centerX: 0.9379282547359935
centerY: 0.3056743655546051
width: 0.026602176541717048
height: 0.04220131166238951
Area: 0.00028422454911677193
CentroidX: 0.9511
CentroidY: 0.3242
