Location: Dedata_17.png_Mean-Closing.png
Component: component_1755512339797_224.png
centerX: 0.8612903225806452
centerY: 0.5332003419777714
width: 0.018548387096774192
height: 0.0438871473354232
Area: 0.0003264646668934261
CentroidX: 0.8698
CentroidY: 0.5533
