Location: internet_21.png_Gaussian-Median.png
Component: component_1755082377297_31.png
centerX: 0.6049979846835953
centerY: 0.04961505560307956
width: 0.030229746070133012
height: 0.03507271171941831
Area: 0.00032514001190915803
CentroidX: 0.6218
CentroidY: 0.0671
