Location: internet_21.png_Mean-Medain.png
Component: component_1755082376295_52.png
centerX: 0.44578798871422814
centerY: 0.11035072711719418
width: 0.03385731559854897
height: 0.039064727687482176
Area: 0.0003701929934108865
CentroidX: 0.4635
CentroidY: 0.1293
