Location: Dedata_17.png_Otsu.png
Component: component_1755512340312_754.png
centerX: 0.3919354838709677
centerY: 0.8207466514676546
width: 0.015725806451612902
height: 0.04075235109717868
Area: 0.0002801551770102685
CentroidX: 0.4010
CentroidY: 0.8372
