Location: internet_21.png_Gaussian-Closing.png
Component: component_1755082377561_273.png
centerX: 0.6819830713422007
centerY: 0.6307385229540918
width: 0.03466344216041919
height: 0.04448246364414029
Area: 0.0003190486649204039
CentroidX: 0.6992
CentroidY: 0.6511
