Location: internet_21.png_Gaussian-Closing.png
Component: component_1755082377518_119.png
centerX: 0.4111245465538089
centerY: 0.2731679498146564
width: 0.029423619508262798
height: 0.041060735671514116
Area: 0.00034456336362801544
CentroidX: 0.4282
CentroidY: 0.2941
