Location: Dedata_17.png_Otsu.png
Component: component_1755512340304_728.png
centerX: 0.39475806451612905
centerY: 0.7614705044172129
width: 0.018145161290322582
height: 0.039897406668566546
Area: 0.00028038500078140084
CentroidX: 0.4054
CentroidY: 0.7783
