Location: internet_21.png_Gaussian-Median.png
Component: component_1755082377290_5.png
centerX: 0.6275695284159613
centerY: 0.0051325919589392645
width: 0.027005239822652155
height: 0.03592814371257485
Area: 0.00035053977954151004
CentroidX: 0.6427
CentroidY: 0.0230
