Location: Dedata_17.png_Mean-Medain.png
Component: component_1755512339326_263.png
centerX: 0.5689516129032258
centerY: 0.6235394699344543
width: 0.020967741935483872
height: 0.038472499287546306
Area: 0.00034071374070362845
CentroidX: 0.5803
CentroidY: 0.6397
