Location: Dedata_17.png_Gaussian-Median.png
Component: component_1755512339607_52.png
centerX: 0.8887096774193548
centerY: 0.10202336848104873
width: 0.01975806451612903
height: 0.037902536335138216
Area: 0.00028072973643809927
CentroidX: 0.8985
CentroidY: 0.1182
