Location: Dedata_17.png_Gaussian-Median.png
Component: component_1755512339664_232.png
centerX: 0.9012096774193549
centerY: 0.5292106013109148
width: 0.02338709677419355
height: 0.04417212881162724
Area: 0.0003540435194293016
CentroidX: 0.9130
CentroidY: 0.5481
