Location: Dedata_17.png_Mean-Medain.png
Component: component_1755512339347_359.png
centerX: 0.5245967741935483
centerY: 0.8660587061840981
width: 0.02620967741935484
height: 0.04075235109717868
Area: 0.0003919644416661304
CentroidX: 0.5371
CentroidY: 0.8846
