Location: Dedata_17.png_Otsu.png
Component: component_1755512340189_112.png
centerX: 0.5129032258064516
centerY: 0.12026218295810773
width: 0.018548387096774192
height: 0.03932744371615845
Area: 0.00023706321992296306
CentroidX: 0.5225
CentroidY: 0.1363
