Location: internet_21.png_Gaussian-Closing.png
Component: component_1755082377556_251.png
centerX: 0.2958484482063684
centerY: 0.5959509552323924
width: 0.030632809351068116
height: 0.04419731964642144
Area: 0.00027388075234341587
CentroidX: 0.3116
CentroidY: 0.6181
