Location: Dedata_17.png_Otsu.png
Component: component_1755512340284_679.png
centerX: 0.5693548387096774
centerY: 0.6238244514106583
width: 0.020161290322580645
height: 0.037902536335138216
Area: 0.0002785464106123425
CentroidX: 0.5803
CentroidY: 0.6396
