Location: Dedata_17.png_Mean-Closing.png
Component: component_1755512339774_143.png
centerX: 0.6508064516129032
centerY: 0.33200341977771447
width: 0.025403225806451612
height: 0.03733257338273012
Area: 0.00029635775287509535
CentroidX: 0.6624
CentroidY: 0.3476
