Location: internet_21.png_Gaussian-Closing.png
Component: component_1755082377492_38.png
centerX: 0.18137847642079807
centerY: 0.07242657542058739
width: 0.03184199919387344
height: 0.037639007698887936
Area: 0.0003655957504005061
CentroidX: 0.1983
CentroidY: 0.0908
