Location: internet_21.png_Gaussian-Closing.png
Component: component_1755082377564_289.png
centerX: 0.9165659008464329
centerY: 0.6877673224978614
width: 0.032648125755743655
height: 0.04448246364414029
Area: 0.00037030792448614606
CentroidX: 0.9337
CentroidY: 0.7083
