Location: Dedata_17.png_Gaussian-Median.png
Component: component_1755512339620_84.png
centerX: 0.5120967741935484
centerY: 0.1695639783414078
width: 0.018951612903225806
height: 0.04360216585921915
Area: 0.00032692431443569073
CentroidX: 0.5207
CentroidY: 0.1892
