Location: internet_21.png_Gaussian-Median.png
Component: component_1755082377302_52.png
centerX: 0.5719467956469165
centerY: 0.10122611919019105
width: 0.032245062474808545
height: 0.03649843170801255
Area: 0.00039076565588233906
CentroidX: 0.5897
CentroidY: 0.1183
