Location: internet_21.png_Otsu.png
Component: component_1755082377015_2381.png
centerX: 0.5501813784764208
centerY: 0.7060165383518677
width: 0.030229746070133012
height: 0.039635015682919876
Area: 0.00023859691223874585
CentroidX: 0.5660
CentroidY: 0.7262
