Location: Dedata_17.png_Mean-Closing.png
Component: component_1755512339894_343.png
centerX: 0.09637096774193549
centerY: 0.8458250213736107
width: 0.02217741935483871
height: 0.039897406668566546
Area: 0.00032795852140578605
CentroidX: 0.1107
CentroidY: 0.8627
