Location: Dedata_17.png_Otsu.png
Component: component_1755512340252_636.png
centerX: 0.9016129032258065
centerY: 0.5294955827871188
width: 0.02258064516129032
height: 0.0438871473354232
Area: 0.00031210068119765763
CentroidX: 0.9130
CentroidY: 0.5479
