Location: internet_21.png_Otsu.png
Component: component_1755082376966_1855.png
centerX: 0.8432083837162434
centerY: 0.5637296834901625
width: 0.028214429665457477
height: 0.035357855717137156
Area: 0.00018159109891002816
CentroidX: 0.8571
CentroidY: 0.5800
