Location: internet_21.png_Gaussian-Closing.png
Component: component_1755082377509_84.png
centerX: 0.7666263603385731
centerY: 0.19674935842600513
width: 0.029423619508262798
height: 0.038209295694325636
Area: 0.0003626075424437588
CentroidX: 0.7830
CentroidY: 0.2152
