Location: internet_21.png_Gaussian-Closing.png
Component: component_1755082377549_233.png
centerX: 0.9467956469165659
centerY: 0.5483319076133447
width: 0.027408303103587262
height: 0.04134587966923296
Area: 0.0002620428515916862
CentroidX: 0.9613
CentroidY: 0.5679
