Location: Dedata_17.png_Otsu.png
Component: component_1755512340175_11.png
centerX: 0.07379032258064516
centerY: 0.012254203476774009
width: 0.02620967741935484
height: 0.034482758620689655
Area: 0.00026774469336912453
CentroidX: 0.0870
CentroidY: 0.0265
