Location: internet_21.png_Mean-Medain.png
Component: component_1755082376329_207.png
centerX: 0.6626360338573156
centerY: 0.4984317080125463
width: 0.029423619508262798
height: 0.055603079555175364
Area: 0.00044328915727593585
CentroidX: 0.6801
CentroidY: 0.5253
