Location: Paraklitoni_1720_page_10.png_Mean-Medain.png
Component: component_1755610055391_1773.png
centerX: 0.4634146341463415
centerY: 0.6365914786967418
width: 0.010670731707317074
height: 0.013533834586466165
Area: 8.366953970291582e-05
CentroidX: 0.4690
CentroidY: 0.6425
