Location: Dedata_17.png_Mean-Closing.png
Component: component_1755512339781_171.png
centerX: 0.3681451612903226
centerY: 0.4041037332573383
width: 0.02258064516129032
height: 0.04132231404958678
Area: 0.00043792919589258957
CentroidX: 0.3781
CentroidY: 0.4219
