Location: Dedata_17.png_Mean-Closing.png
Component: component_1755512339775_146.png
centerX: 0.5044354838709677
centerY: 0.34340267882587633
width: 0.021774193548387097
height: 0.04189227700199487
Area: 0.0003234769578687063
CentroidX: 0.5140
CentroidY: 0.3605
