Location: Dedata_17.png_Gaussian-Median.png
Component: component_1755512339610_59.png
centerX: 0.555241935483871
centerY: 0.1188372755770875
width: 0.02338709677419355
height: 0.037902536335138216
Area: 0.0003060103512626518
CentroidX: 0.5680
CentroidY: 0.1349
