Location: internet_21.png_Otsu.png
Component: component_1755082376761_730.png
centerX: 0.019347037484885126
centerY: 0.30253778157969774
width: 0.03143893591293833
height: 0.04220131166238951
Area: 0.00028652317062196215
CentroidX: 0.0373
CentroidY: 0.3244
