Location: internet_21.png_Gaussian-Median.png
Component: component_1755082377300_43.png
centerX: 0.07214832728738411
centerY: 0.07242657542058739
width: 0.027005239822652155
height: 0.03649843170801255
Area: 0.00035938947233649245
CentroidX: 0.0862
CentroidY: 0.0903
