Location: 2025-04-19_205840-1.png_Gaussian-Median.png
Component: component_1745099733815_342.png
centerX: 0.7673733804475854
centerY: 0.49037227214377405
width: 0.034746760895170786
height: 0.028241335044929396
Area: 0.0003800186783716452
CentroidX: 0.7852
CentroidY: 0.5042
