Location: 2025-04-19_205840-1.png_Otsu.png
Component: component_1745099734450_471.png
centerX: 0.7314487632508834
centerY: 0.22122379118528027
width: 0.026501766784452298
height: 0.024818142918271287
Area: 0.00013658496265081676
CentroidX: 0.7442
CentroidY: 0.2330
