Location: easy64_Gaussian-Closing.png
Component: component_1744297381550_1176.png
centerX: 0.41777509068923824
centerY: 0.7413424540401881
width: 0.012696493349455865
height: 0.00940572894399316
Area: 6.953229322672748e-05
CentroidX: 0.4239
CentroidY: 0.7457
