Location: 2025-04-19_205840-1.png_Otsu.png
Component: component_1745099734462_776.png
centerX: 0.3875147232037691
centerY: 0.31450577663671375
width: 0.0353356890459364
height: 0.029097133076593923
Area: 0.0003722066233122811
CentroidX: 0.4055
CentroidY: 0.3292
