Location: 2025-04-19_205840-1.png_Mean-Medain.png
Component: component_1745099734252_258.png
centerX: 0.2862190812720848
centerY: 0.3632862644415918
width: 0.03121319199057715
height: 0.02610183996576808
Area: 0.0003495264634625145
CentroidX: 0.3018
CentroidY: 0.3753
