Location: 2025-04-19_205840-1.png_Otsu.png
Component: component_1745099734500_1017.png
centerX: 0.7832744405182568
centerY: 0.7235772357723578
width: 0.030624263839811542
height: 0.026529738981600343
Area: 0.00029005404430090424
CentroidX: 0.7986
CentroidY: 0.7366
