Location: Document_2025-04-19_205813-1.png_Gaussian-Closing.png
Component: component_1745099733906_55.png
centerX: 0.1330977620730271
centerY: 0.08130081300813008
width: 0.03297997644287397
height: 0.029097133076593923
Area: 0.000321554266314469
CentroidX: 0.1492
CentroidY: 0.0954
