Location: 2025-04-19_205840-1.png_Otsu.png
Component: component_1745099734527_1154.png
centerX: 0.5647820965842167
centerY: 0.9554985023534446
width: 0.03415783274440518
height: 0.026957637997432605
Area: 0.00034877045813418893
CentroidX: 0.5821
CentroidY: 0.9681
