Location: 2025-04-19_205840-1.png_Otsu.png
Component: component_1745099734508_1060.png
centerX: 0.917550058892815
centerY: 0.7950363714163458
width: 0.030624263839811542
height: 0.02866923406076166
Area: 0.00032810631249329046
CentroidX: 0.9331
CentroidY: 0.8085
