Location: 2025-04-19_205840-1.png_Gaussian-Median.png
Component: component_1745099733865_600.png
centerX: 0.8021201413427562
centerY: 0.9486521181001284
width: 0.032391048292108364
height: 0.029525032092426188
Area: 0.0003830426996849474
CentroidX: 0.8198
CentroidY: 0.9622
