Location: 2025-04-19_205840-1.png_Mean-Medain.png
Component: component_1745099734343_458.png
centerX: 0.24734982332155478
centerY: 0.7398373983739838
width: 0.03121319199057715
height: 0.02396234488660676
Area: 0.0003132382077028879
CentroidX: 0.2628
CentroidY: 0.7509
