Location: 2025-04-19_205840-1.png_Mean-Medain.png
Component: component_1745099734346_466.png
centerX: 0.7991755005889282
centerY: 0.7633718442447582
width: 0.03180212014134275
height: 0.02781343602909713
Area: 0.00033818638353763116
CentroidX: 0.8150
CentroidY: 0.7767
