Location: 2025-04-19_205840-1.png_Mean-Medain.png
Component: component_1745099734185_83.png
centerX: 0.9422850412249706
centerY: 0.09071459135643987
width: 0.032391048292108364
height: 0.029097133076593923
Area: 0.0004467991490404024
CentroidX: 0.9593
CentroidY: 0.1041
