Location: Document_2025-04-19_205813-1.png_Gaussian-Median.png
Component: component_1745099734107_169.png
centerX: 0.27267373380447585
centerY: 0.1972614462986735
width: 0.030035335689045935
height: 0.026529738981600343
Area: 0.00031172619704623677
CentroidX: 0.2875
CentroidY: 0.2104
