Location: 2025-04-19_205840-1.png_Mean-Medain.png
Component: component_1745099734326_412.png
centerX: 0.19493521790341578
centerY: 0.652545999144202
width: 0.03297997644287397
height: 0.02610183996576808
Area: 0.00035885052917852963
CentroidX: 0.2107
CentroidY: 0.6650
