Location: 2025-04-19_205840-1.png_Otsu.png
Component: component_1745099734507_1052.png
centerX: 0.2868080094228504
centerY: 0.7766367137355584
width: 0.030624263839811542
height: 0.02781343602909713
Area: 0.0002920700585097724
CentroidX: 0.3022
CentroidY: 0.7897
