Location: 2025-04-19_205840-1.png_Mean-Medain.png
Component: component_1745099734346_468.png
centerX: 0.751472320376914
centerY: 0.7655113393239196
width: 0.04004711425206125
height: 0.025246041934103552
Area: 0.000349778465238623
CentroidX: 0.7720
CentroidY: 0.7775
