Location: 2025-04-19_205840-1.png_Otsu.png
Component: component_1745099734487_943.png
centerX: 0.6813898704358068
centerY: 0.590928540864356
width: 0.0353356890459364
height: 0.024818142918271287
Area: 0.00029887410646470237
CentroidX: 0.6976
CentroidY: 0.6032
