Location: Document_2025-04-19_205813-1.png_Gaussian-Closing.png
Component: component_1745099733910_79.png
centerX: 0.6207302709069493
centerY: 0.1514762516046213
width: 0.03769140164899882
height: 0.02866923406076166
Area: 0.0003550705025369019
CentroidX: 0.6394
CentroidY: 0.1658
