Location: Document_2025-04-19_205813-1.png_Gaussian-Closing.png
Component: component_1745099733911_83.png
centerX: 0.7143698468786808
centerY: 0.15233204963628583
width: 0.03356890459363958
height: 0.028241335044929396
Area: 0.0003422184119553675
CentroidX: 0.7297
CentroidY: 0.1671
