Location: 2025-04-19_205840-1.png_Otsu.png
Component: component_1745099734489_954.png
centerX: 0.3586572438162544
centerY: 0.6054771074026529
width: 0.032391048292108364
height: 0.024390243902439025
Area: 0.00029459007627085753
CentroidX: 0.3754
CentroidY: 0.6168
