Location: 2025-04-19_205840-1.png_Otsu.png
Component: component_1745099734481_915.png
centerX: 0.7709069493521791
centerY: 0.543859649122807
width: 0.03415783274440518
height: 0.02267864783910997
Area: 0.00029811810113637683
CentroidX: 0.7882
CentroidY: 0.5544
