Location: 2025-04-19_205840-1.png_Gaussian-Median.png
Component: component_1745099733775_80.png
centerX: 0.29799764428739695
centerY: 0.06375695335900727
width: 0.035924617196702
height: 0.030380830124090714
Area: 0.00045360319699533244
CentroidX: 0.3161
CentroidY: 0.0780
