Location: 2025-04-19_205840-1.png_Otsu.png
Component: component_1745099734504_1039.png
centerX: 0.8875147232037691
centerY: 0.7625160462130937
width: 0.032391048292108364
height: 0.025673940949935817
Area: 0.0003026541331063301
CentroidX: 0.9035
CentroidY: 0.7746
