Location: 2025-04-19_205840-1.png_Gaussian-Median.png
Component: component_1745099733828_406.png
centerX: 0.24263839811542992
centerY: 0.6080445014976466
width: 0.030624263839811542
height: 0.0235344458707745
Area: 0.00030567815441963234
CentroidX: 0.2584
CentroidY: 0.6191
