Location: 2025-04-19_205840-1.png_Otsu.png
Component: component_1745099734499_1013.png
centerX: 0.9434628975265018
centerY: 0.7188703465982028
width: 0.030624263839811542
height: 0.025246041934103552
Area: 0.0002751859395105017
CentroidX: 0.9592
CentroidY: 0.7305
