Location: Document_2025-04-19_205813-1.png_Gaussian-Closing.png
Component: component_1745099733900_24.png
centerX: 0.9458186101295641
centerY: 0.02738553701326487
width: 0.02767962308598351
height: 0.030380830124090714
Area: 0.00037271062686449814
CentroidX: 0.9587
CentroidY: 0.0427
