Location: easy26_Mean-Closing.png
Component: component_1744297382095_595.png
centerX: 0.6427419354838709
centerY: 0.4128352490421456
width: 0.025806451612903226
height: 0.014846743295019157
Area: 0.00013016005438141144
CentroidX: 0.6559
CentroidY: 0.4200
