Location: 2025-04-19_205840-1.png_Otsu.png
Component: component_1745099734497_1000.png
centerX: 0.4840989399293286
centerY: 0.6777920410783055
width: 0.032391048292108364
height: 0.025673940949935817
Area: 0.0002726659217494165
CentroidX: 0.5000
CentroidY: 0.6901
