Location: 2025-04-19_205840-1.png_Gaussian-Median.png
Component: component_1745099733784_131.png
centerX: 0.5265017667844523
centerY: 0.14933675652546
width: 0.034746760895170786
height: 0.030380830124090714
Area: 0.0004032028417736288
CentroidX: 0.5440
CentroidY: 0.1643
