Location: 2025-04-19_205840-1.png_Gaussian-Median.png
Component: component_1745099733823_377.png
centerX: 0.30742049469964666
centerY: 0.5635430038510911
width: 0.030624263839811542
height: 0.02781343602909713
Area: 0.0003313823355827012
CentroidX: 0.3232
CentroidY: 0.5766
