Location: 2025-04-19_205840-1.png_Mean-Medain.png
Component: component_1745099734291_329.png
centerX: 0.5965842167255595
centerY: 0.49636285836542576
width: 0.030035335689045935
height: 0.0235344458707745
Area: 0.0003449904314925612
CentroidX: 0.6117
CentroidY: 0.5077
