Location: 2025-04-19_205840-1.png_Otsu.png
Component: component_1745099734434_72.png
centerX: 0.032391048292108364
centerY: 0.0740265297389816
width: 0.030035335689045935
height: 0.02738553701326487
Area: 0.0003522984829997082
CentroidX: 0.0466
CentroidY: 0.0869
