Location: Document_2025-04-19_205813-1.png_Gaussian-Median.png
Component: component_1745099733971_47.png
centerX: 0.5671378091872792
centerY: 0.026529738981600343
width: 0.02767962308598351
height: 0.026957637997432605
Area: 0.00033516236222432894
CentroidX: 0.5802
CentroidY: 0.0398
