Location: 2025-04-19_205840-1.png_Otsu.png
Component: component_1745099734478_895.png
centerX: 0.6348645465253239
centerY: 0.49293966623876767
width: 0.03180212014134275
height: 0.024390243902439025
Area: 0.0002966060904797257
CentroidX: 0.6509
CentroidY: 0.5045
