Location: 2025-04-19_205840-1.png_Gaussian-Median.png
Component: component_1745099733802_259.png
centerX: 0.8674911660777385
centerY: 0.34146341463414637
width: 0.02944640753828033
height: 0.025673940949935817
Area: 0.0003301223267021586
CentroidX: 0.8826
CentroidY: 0.3536
