Location: 2025-04-19_205840-1.png_Gaussian-Median.png
Component: component_1745099733837_455.png
centerX: 0.28916372202591284
centerY: 0.6927685066324347
width: 0.034746760895170786
height: 0.02610183996576808
Area: 0.0003512904758952741
CentroidX: 0.3067
CentroidY: 0.7047
