Location: 2025-04-19_205840-1.png_Otsu.png
Component: component_1745099734433_60.png
centerX: 0.3510011778563015
centerY: 0.0646127513906718
width: 0.0353356890459364
height: 0.024390243902439025
Area: 0.00035633051141744444
CentroidX: 0.3683
CentroidY: 0.0759
