Location: 2025-04-19_205840-1.png_Gaussian-Median.png
Component: component_1745099733809_312.png
centerX: 0.12014134275618374
centerY: 0.42276422764227645
width: 0.03121319199057715
height: 0.025246041934103552
Area: 0.00033768237998541413
CentroidX: 0.1362
CentroidY: 0.4345
