Location: 2025-04-19_205840-1.png_Otsu.png
Component: component_1745099734470_851.png
centerX: 0.5424028268551236
centerY: 0.4022250748823278
width: 0.03356890459363958
height: 0.02781343602909713
Area: 0.00033087833203048416
CentroidX: 0.5595
CentroidY: 0.4155
