Location: 2025-04-19_205840-1.png_Otsu.png
Component: component_1745099734441_268.png
centerX: 0.6254416961130742
centerY: 0.14634146341463414
width: 0.034746760895170786
height: 0.02866923406076166
Area: 0.00024670973881023913
CentroidX: 0.6424
CentroidY: 0.1586
