Location: Document_2025-04-19_205813-1.png_Gaussian-Median.png
Component: component_1745099733973_51.png
centerX: 0.4705535924617197
centerY: 0.02781343602909713
width: 0.038869257950530034
height: 0.02866923406076166
Area: 0.00042361498563841876
CentroidX: 0.4884
CentroidY: 0.0421
