Location: easy21_Mean-Medain.png
Component: component_1744297380862_473.png
centerX: 0.09193548387096774
centerY: 0.40660919540229884
width: 0.02258064516129032
height: 0.014367816091954023
Area: 0.00013633976022741316
CentroidX: 0.1012
CentroidY: 0.4132
