Location: easy64_Gaussian-Closing.png
Component: component_1744297381262_424.png
centerX: 0.7049576783555018
centerY: 0.3227875160324925
width: 0.014510278113663845
height: 0.010260795211628902
Area: 7.832076151560754e-05
CentroidX: 0.7120
CentroidY: 0.3278
