Location: Document_2025-04-19_205813-1.png_Gaussian-Median.png
Component: component_1745099734009_88.png
centerX: 0.1330977620730271
centerY: 0.08130081300813008
width: 0.03297997644287397
height: 0.029097133076593923
Area: 0.0003205462592100349
CentroidX: 0.1492
CentroidY: 0.0954
