Location: 2025-04-19_205840-1.png_Otsu.png
Component: component_1745099734488_950.png
centerX: 0.43992932862190814
centerY: 0.5994865211810013
width: 0.032391048292108364
height: 0.026957637997432605
Area: 0.00030164612600189607
CentroidX: 0.4566
CentroidY: 0.6114
