Location: 2025-04-19_205840-1.png_Gaussian-Median.png
Component: component_1745099733804_283.png
centerX: 0.3250883392226148
centerY: 0.36029097133076593
width: 0.03297997644287397
height: 0.02738553701326487
Area: 0.0003399503959703908
CentroidX: 0.3414
CentroidY: 0.3729
