Location: easy21_Mean-Medain.png
Component: component_1744297380936_820.png
centerX: 0.7322580645161291
centerY: 0.6317049808429118
width: 0.027419354838709678
height: 0.01532567049808429
Area: 0.00013981584476578914
CentroidX: 0.7459
CentroidY: 0.6387
