Location: 2025-04-19_205840-1.png_Otsu.png
Component: component_1745099734510_1070.png
centerX: 0.5300353356890459
centerY: 0.80530594779632
width: 0.03180212014134275
height: 0.024390243902439025
Area: 0.0002915660549575553
CentroidX: 0.5456
CentroidY: 0.8161
