Location: Document_2025-04-19_205813-1.png_Gaussian-Median.png
Component: component_1745099733974_52.png
centerX: 0.9458186101295641
centerY: 0.02738553701326487
width: 0.028268551236749116
height: 0.030380830124090714
Area: 0.00037271062686449814
CentroidX: 0.9588
CentroidY: 0.0428
