Location: easy16_Gaussian-Median.png
Component: component_1744297381836_793.png
centerX: 0.47338709677419355
centerY: 0.5766283524904214
width: 0.02661290322580645
height: 0.014846743295019157
Area: 0.00014522308738104065
CentroidX: 0.4868
CentroidY: 0.5835
