Location: 2025-04-19_205840-1.png_Otsu.png
Component: component_1745099734488_951.png
centerX: 0.39693757361601884
centerY: 0.6016260162601627
width: 0.037102473498233215
height: 0.026529738981600343
Area: 0.00033566636577654597
CentroidX: 0.4160
CentroidY: 0.6140
