Location: 2025-04-19_205840-1.png_Mean-Medain.png
Component: component_1745099734175_54.png
centerX: 0.7084805653710248
centerY: 0.017543859649122806
width: 0.03297997644287397
height: 0.02738553701326487
Area: 0.0004311750389216743
CentroidX: 0.7244
CentroidY: 0.0309
