Location: 2025-04-19_205840-1.png_Otsu.png
Component: component_1745099734491_965.png
centerX: 0.8663133097762074
centerY: 0.6247325631151048
width: 0.030035335689045935
height: 0.0235344458707745
Area: 0.0002862740176592765
CentroidX: 0.8808
CentroidY: 0.6361
