Location: 2025-04-19_205840-1.png_Mean-Medain.png
Component: component_1745099734248_240.png
centerX: 0.8674911660777385
centerY: 0.34146341463414637
width: 0.02944640753828033
height: 0.025246041934103552
Area: 0.0003339023533437864
CentroidX: 0.8825
CentroidY: 0.3535
