Location: 2025-04-19_205840-1.png_Otsu.png
Component: component_1745099734459_743.png
centerX: 0.9552414605418139
centerY: 0.29225502781343604
width: 0.02591283863368669
height: 0.02995293110825845
Area: 0.0003064341597479579
CentroidX: 0.9678
CentroidY: 0.3067
