Location: Document_2025-04-19_205813-1.png_Gaussian-Median.png
Component: component_1745099733983_61.png
centerX: 0.03651354534746761
centerY: 0.03594351732991014
width: 0.035924617196702
height: 0.026529738981600343
Area: 0.0003286103160455075
CentroidX: 0.0550
CentroidY: 0.0489
