Location: 2025-04-19_205840-1.png_Gaussian-Median.png
Component: component_1745099733853_533.png
centerX: 0.8645465253239105
centerY: 0.834403080872914
width: 0.03297997644287397
height: 0.028241335044929396
Area: 0.0003442344261642356
CentroidX: 0.8811
CentroidY: 0.8477
