Location: 2025-04-19_205840-1.png_Gaussian-Median.png
Component: component_1745099733817_350.png
centerX: 0.4381625441696113
centerY: 0.5044929396662388
width: 0.035924617196702
height: 0.024390243902439025
Area: 0.0003664105824617852
CentroidX: 0.4567
CentroidY: 0.5165
