Location: 2025-04-19_205840-1.png_Mean-Medain.png
Component: component_1745099734249_243.png
centerX: 0.7850412249705536
centerY: 0.3453145057766367
width: 0.030624263839811542
height: 0.0235344458707745
Area: 0.0003243262858516627
CentroidX: 0.8012
CentroidY: 0.3561
