Location: 2025-04-19_205840-1.png_Mean-Medain.png
Component: component_1745099734214_155.png
centerX: 0.08421672555948174
centerY: 0.20282413350449294
width: 0.037102473498233215
height: 0.029525032092426188
Area: 0.00045813922896528574
CentroidX: 0.1025
CentroidY: 0.2168
