Location: 2025-04-19_205840-1.png_Otsu.png
Component: component_1745099734516_1096.png
centerX: 0.40694935217903416
centerY: 0.8455284552845529
width: 0.030035335689045935
height: 0.02610183996576808
Area: 0.00029811810113637683
CentroidX: 0.4230
CentroidY: 0.8573
