Location: 2025-04-19_205840-1.png_Gaussian-Median.png
Component: component_1745099733864_592.png
centerX: 0.18080094228504123
centerY: 0.922122379118528
width: 0.03356890459363958
height: 0.02738553701326487
Area: 0.00036716658779011073
CentroidX: 0.1987
CentroidY: 0.9346
