Location: 2025-04-19_205840-1.png_Gaussian-Median.png
Component: component_1745099733796_215.png
centerX: 0.27208480565371024
centerY: 0.27599486521181
width: 0.0353356890459364
height: 0.029525032092426188
Area: 0.00044427913127931723
CentroidX: 0.2901
CentroidY: 0.2899
