Location: 2025-04-19_205840-1.png_Mean-Medain.png
Component: component_1745099734173_22.png
centerX: 0.5123674911660777
centerY: 0.012836970474967908
width: 0.06654888103651355
height: 0.032520325203252036
Area: 0.0005407958115288796
CentroidX: 0.5583
CentroidY: 0.0291
