Location: 2025-04-19_205840-1.png_Mean-Medain.png
Component: component_1745099734381_559.png
centerX: 0.6978798586572438
centerY: 0.9080017115960634
width: 0.03415783274440518
height: 0.02610183996576808
Area: 0.0003369263746570886
CentroidX: 0.7151
CentroidY: 0.9202
