Location: 2025-04-19_205840-1.png_Mean-Medain.png
Component: component_1745099734175_51.png
centerX: 0.4458186101295642
centerY: 0.01668806161745828
width: 0.035924617196702
height: 0.03337612323491656
Area: 0.000482583401247812
CentroidX: 0.4631
CentroidY: 0.0337
