Location: easy16_Gaussian-Median.png
Component: component_1744297381925_1269.png
centerX: 0.5362903225806451
centerY: 0.8687739463601533
width: 0.025806451612903226
height: 0.014846743295019157
Area: 0.00014020207638116425
CentroidX: 0.5494
CentroidY: 0.8755
