Location: 2025-04-19_205840-1.png_Otsu.png
Component: component_1745099734492_973.png
centerX: 0.5865724381625441
centerY: 0.6345742404792469
width: 0.03180212014134275
height: 0.02267864783910997
Area: 0.00027468193595828465
CentroidX: 0.6030
CentroidY: 0.6454
