Location: 2025-04-19_205840-1.png_Mean-Medain.png
Component: component_1745099734188_105.png
centerX: 0.13133097762073026
centerY: 0.11638853230637569
width: 0.04004711425206125
height: 0.029525032092426188
Area: 0.0004767873603973161
CentroidX: 0.1515
CentroidY: 0.1301
