Location: 2025-04-19_205840-1.png_Mean-Medain.png
Component: component_1745099734358_502.png
centerX: 0.3545347467608952
centerY: 0.8104407359863073
width: 0.03356890459363958
height: 0.026529738981600343
Area: 0.00032810631249329046
CentroidX: 0.3719
CentroidY: 0.8226
