Location: 2025-04-19_205840-1.png_Mean-Medain.png
Component: component_1745099734318_399.png
centerX: 0.627208480565371
centerY: 0.6311510483525888
width: 0.030624263839811542
height: 0.0235344458707745
Area: 0.00031727023612062417
CentroidX: 0.6425
CentroidY: 0.6417
