Location: 2025-04-19_205840-1.png_Otsu.png
Component: component_1745099734427_9.png
centerX: 0.5429917550058893
centerY: 0.014548566538296961
width: 0.035924617196702
height: 0.03080872913992298
Area: 0.00042890702293669764
CentroidX: 0.5597
CentroidY: 0.0299
