Location: 2025-04-19_205840-1.png_Gaussian-Median.png
Component: component_1745099733836_449.png
centerX: 0.483510011778563
centerY: 0.6777920410783055
width: 0.03297997644287397
height: 0.02610183996576808
Area: 0.0003104661881656942
CentroidX: 0.5000
CentroidY: 0.6902
