Location: 2025-04-19_205840-1.png_Otsu.png
Component: component_1745099734490_963.png
centerX: 0.9422850412249706
centerY: 0.6213093709884467
width: 0.03121319199057715
height: 0.0235344458707745
Area: 0.00025779781695901393
CentroidX: 0.9584
CentroidY: 0.6323
