Location: 2025-04-19_205840-1.png_Mean-Medain.png
Component: component_1745099734321_407.png
centerX: 0.39045936395759717
centerY: 0.6405648267008985
width: 0.0353356890459364
height: 0.025673940949935817
Area: 0.00033213834091102673
CentroidX: 0.4083
CentroidY: 0.6531
