Location: easy64_Gaussian-Closing.png
Component: component_1744297381272_476.png
centerX: 0.4703748488512696
centerY: 0.34416417272338606
width: 0.013905683192261185
height: 0.00983326207781103
Area: 7.185865247966633e-05
CentroidX: 0.4769
CentroidY: 0.3490
