Location: Document_2025-04-19_205813-1.png_Gaussian-Median.png
Component: component_1745099733970_43.png
centerX: 0.5247349823321554
centerY: 0.025246041934103552
width: 0.03356890459363958
height: 0.028241335044929396
Area: 0.00037044261087952146
CentroidX: 0.5404
CentroidY: 0.0396
