Location: 2025-04-19_205840-1.png_Mean-Medain.png
Component: component_1745099734185_84.png
centerX: 0.8545347467608951
centerY: 0.09199828840393667
width: 0.032391048292108364
height: 0.028241335044929396
Area: 0.00039690279737091585
CentroidX: 0.8706
CentroidY: 0.1058
