Location: easy16_Gaussian-Median.png
Component: component_1744297381930_1294.png
centerX: 0.5241935483870968
centerY: 0.8912835249042146
width: 0.025806451612903226
height: 0.014846743295019157
Area: 0.00013904338153503893
CentroidX: 0.5374
CentroidY: 0.8981
