Location: 2025-04-19_205840-1.png_Gaussian-Median.png
Component: component_1745099733801_249.png
centerX: 0.2332155477031802
centerY: 0.32263585793752675
width: 0.03651354534746761
height: 0.029525032092426188
Area: 0.0004420111152943406
CentroidX: 0.2513
CentroidY: 0.3354
