Location: 2025-04-19_205840-1.png_Mean-Medain.png
Component: component_1745099734291_328.png
centerX: 0.6348645465253239
centerY: 0.49293966623876767
width: 0.03180212014134275
height: 0.024390243902439025
Area: 0.00033617036932876305
CentroidX: 0.6510
CentroidY: 0.5046
