Location: 2025-04-19_205840-1.png_Gaussian-Median.png
Component: component_1745099733866_604.png
centerX: 0.6130742049469965
centerY: 0.9533590072742832
width: 0.03356890459363958
height: 0.02738553701326487
Area: 0.00037397063574504076
CentroidX: 0.6305
CentroidY: 0.9660
