Location: 2025-04-19_205840-1.png_Mean-Medain.png
Component: component_1745099734183_75.png
centerX: 0.39752650176678445
centerY: 0.06332905434317501
width: 0.03769140164899882
height: 0.024390243902439025
Area: 0.0004014388293408692
CentroidX: 0.4173
CentroidY: 0.0744
