Location: 2025-04-19_205840-1.png_Mean-Medain.png
Component: component_1745099734306_378.png
centerX: 0.552414605418139
centerY: 0.5939238339751819
width: 0.032391048292108364
height: 0.024390243902439025
Area: 0.00031953825210560084
CentroidX: 0.5701
CentroidY: 0.6050
