Location: Document_2025-04-19_205813-1.png_Gaussian-Median.png
Component: component_1745099733996_81.png
centerX: 0.03415783274440518
centerY: 0.07659392383397519
width: 0.03828032979976443
height: 0.031664527171587506
Area: 0.0004281510176083721
CentroidX: 0.0534
CentroidY: 0.0920
