Location: 2025-04-19_205840-1.png_Gaussian-Median.png
Component: component_1745099733821_368.png
centerX: 0.6113074204946997
centerY: 0.5507060333761232
width: 0.037102473498233215
height: 0.024390243902439025
Area: 0.00032533429295609676
CentroidX: 0.6305
CentroidY: 0.5621
