Location: 2025-04-19_205840-1.png_Mean-Medain.png
Component: component_1745099734223_190.png
centerX: 0.5818610129564193
centerY: 0.2644415917843389
width: 0.04063604240282685
height: 0.02995293110825845
Area: 0.0005370157848872519
CentroidX: 0.6022
CentroidY: 0.2780
