Location: 2025-04-19_205840-1.png_Gaussian-Median.png
Component: component_1745099733821_370.png
centerX: 0.5753828032979976
centerY: 0.5515618314077878
width: 0.03297997644287397
height: 0.025246041934103552
Area: 0.0003286103160455075
CentroidX: 0.5932
CentroidY: 0.5635
