Location: 2025-04-19_205840-1.png_Gaussian-Median.png
Component: component_1745099733766_32.png
centerX: 0.7561837455830389
centerY: 0.013692768506632435
width: 0.0353356890459364
height: 0.03123662815575524
Area: 0.00047729136394953313
CentroidX: 0.7737
CentroidY: 0.0290
