Location: 2025-04-19_205840-1.png_Gaussian-Median.png
Component: component_1745099733826_396.png
centerX: 0.5942285041224971
centerY: 0.5934959349593496
width: 0.035924617196702
height: 0.026957637997432605
Area: 0.0003613705469396148
CentroidX: 0.6125
CentroidY: 0.6066
