Location: Document_2025-04-19_205813-1.png_Gaussian-Closing.png
Component: component_1745099733903_39.png
centerX: 0.9210836277974087
centerY: 0.06504065040650407
width: 0.02944640753828033
height: 0.030380830124090714
Area: 0.0003235702805233371
CentroidX: 0.9352
CentroidY: 0.0808
