Location: 2025-04-19_205840-1.png_Gaussian-Median.png
Component: component_1745099733825_389.png
centerX: 0.7673733804475854
centerY: 0.5823705605477107
width: 0.03297997644287397
height: 0.03080872913992298
Area: 0.00036565457713345965
CentroidX: 0.7840
CentroidY: 0.5967
