Location: Document_2025-04-19_205813-1.png_Gaussian-Median.png
Component: component_1745099734102_150.png
centerX: 0.20200235571260305
centerY: 0.16046213093709885
width: 0.03415783274440518
height: 0.03080872913992298
Area: 0.000342470413731476
CentroidX: 0.2182
CentroidY: 0.1757
