Location: 2025-04-19_205840-1.png_Mean-Medain.png
Component: component_1745099734340_447.png
centerX: 0.6595995288574794
centerY: 0.7265725288831836
width: 0.034746760895170786
height: 0.02781343602909713
Area: 0.0003480144528058634
CentroidX: 0.6770
CentroidY: 0.7398
