Location: 2025-04-19_205840-1.png_Gaussian-Median.png
Component: component_1745099733800_242.png
centerX: 0.43109540636042404
centerY: 0.3127941805733847
width: 0.03180212014134275
height: 0.029097133076593923
Area: 0.00037850666771499405
CentroidX: 0.4468
CentroidY: 0.3270
