Location: 2025-04-19_205840-1.png_Otsu.png
Component: component_1745099734492_975.png
centerX: 0.5482921083627798
centerY: 0.6358579375267437
width: 0.03121319199057715
height: 0.02396234488660676
Area: 0.0002779579590476954
CentroidX: 0.5648
CentroidY: 0.6466
