Location: 2025-04-19_205840-1.png_Otsu.png
Component: component_1745099734525_1144.png
centerX: 0.044169611307420496
centerY: 0.9259734702610184
width: 0.032391048292108364
height: 0.026957637997432605
Area: 0.0003500304670147315
CentroidX: 0.0610
CentroidY: 0.9385
