Location: 2025-04-19_205840-1.png_Otsu.png
Component: component_1745099734500_1019.png
centerX: 0.660188457008245
centerY: 0.7270004278990159
width: 0.03356890459363958
height: 0.02738553701326487
Area: 0.00029333006739031497
CentroidX: 0.6769
CentroidY: 0.7398
