Location: 2025-04-19_205840-1.png_Gaussian-Median.png
Component: component_1745099733796_209.png
centerX: 0.48998822143698467
centerY: 0.2682926829268293
width: 0.03651354534746761
height: 0.032520325203252036
Area: 0.0005120676090525086
CentroidX: 0.5075
CentroidY: 0.2832
