Location: easy26_Mean-Closing.png
Component: component_1744297381990_211.png
centerX: 0.15645161290322582
centerY: 0.16618773946360152
width: 0.025
height: 0.014846743295019157
Area: 0.00013016005438141144
CentroidX: 0.1690
CentroidY: 0.1730
