Location: 2025-04-19_205840-1.png_Mean-Medain.png
Component: component_1745099734338_436.png
centerX: 0.2043580683156655
centerY: 0.6966195977749251
width: 0.03297997644287397
height: 0.02610183996576808
Area: 0.0003341543551198949
CentroidX: 0.2206
CentroidY: 0.7086
