Location: 2025-04-19_205840-1.png_Mean-Medain.png
Component: component_1745099734257_283.png
centerX: 0.4110718492343934
centerY: 0.40864356011981173
width: 0.03415783274440518
height: 0.026957637997432605
Area: 0.00037598664995390886
CentroidX: 0.4288
CentroidY: 0.4215
