Location: Document_2025-04-19_205813-1.png_Gaussian-Closing.png
Component: component_1745099733901_30.png
centerX: 0.22909305064782096
centerY: 0.030380830124090714
width: 0.03651354534746761
height: 0.02995293110825845
Area: 0.0003800186783716452
CentroidX: 0.2468
CentroidY: 0.0453
