Location: Document_2025-04-19_205813-1.png_Gaussian-Closing.png
Component: component_1745099733919_112.png
centerX: 0.5594817432273262
centerY: 0.196405648267009
width: 0.03356890459363958
height: 0.03209242618741977
Area: 0.0003422184119553675
CentroidX: 0.5762
CentroidY: 0.2127
