Location: 2025-04-19_205840-1.png_Mean-Medain.png
Component: component_1745099734298_355.png
centerX: 0.5035335689045937
centerY: 0.5566966195977749
width: 0.03180212014134275
height: 0.025673940949935817
Area: 0.0003717026197600641
CentroidX: 0.5191
CentroidY: 0.5692
