Location: easy16_Gaussian-Median.png
Component: component_1744297381746_325.png
centerX: 0.5830645161290322
centerY: 0.22413793103448276
width: 0.025806451612903226
height: 0.014846743295019157
Area: 0.00013093251761216165
CentroidX: 0.5962
CentroidY: 0.2311
