Location: easy26_Mean-Closing.png
Component: component_1744297382144_865.png
centerX: 0.4306451612903226
centerY: 0.6815134099616859
width: 0.025806451612903226
height: 0.014367816091954023
Area: 0.00012513904338153504
CentroidX: 0.4439
CentroidY: 0.6882
