Location: 2025-04-19_205840-1.png_Otsu.png
Component: component_1745099734442_273.png
centerX: 0.5765606595995288
centerY: 0.14848095849379547
width: 0.0353356890459364
height: 0.02781343602909713
Area: 0.00023108562869151103
CentroidX: 0.5941
CentroidY: 0.1619
