Location: 2025-04-19_205840-1.png_Otsu.png
Component: component_1745099734473_873.png
centerX: 0.6136631330977621
centerY: 0.45228925973470263
width: 0.032391048292108364
height: 0.02738553701326487
Area: 0.00033818638353763116
CentroidX: 0.6298
CentroidY: 0.4656
