Location: 2025-04-19_205840-1.png_Mean-Medain.png
Component: component_1745099734316_396.png
centerX: 0.826266195524146
centerY: 0.6260162601626016
width: 0.03297997644287397
height: 0.026529738981600343
Area: 0.00033516236222432894
CentroidX: 0.8431
CentroidY: 0.6382
