Location: 2025-04-19_205840-1.png_Mean-Medain.png
Component: component_1745099734370_540.png
centerX: 0.6784452296819788
centerY: 0.87334189131365
width: 0.032391048292108364
height: 0.026529738981600343
Area: 0.00035154247767138264
CentroidX: 0.6946
CentroidY: 0.8858
