Location: 2025-04-19_205840-1.png_Otsu.png
Component: component_1745099734429_19.png
centerX: 0.19081272084805653
centerY: 0.020967051775780916
width: 0.03356890459363958
height: 0.029525032092426188
Area: 0.0004656992822485413
CentroidX: 0.2085
CentroidY: 0.0350
