Location: 2025-04-19_205840-1.png_Mean-Medain.png
Component: component_1745099734330_424.png
centerX: 0.7797408716136631
centerY: 0.668806161745828
width: 0.030035335689045935
height: 0.024390243902439025
Area: 0.00033037432847826713
CentroidX: 0.7946
CentroidY: 0.6809
