Location: 2025-04-19_205840-1.png_Gaussian-Median.png
Component: component_1745099733865_597.png
centerX: 0.8492343934040048
centerY: 0.9460847240051348
width: 0.03121319199057715
height: 0.02995293110825845
Area: 0.00037825466593888554
CentroidX: 0.8652
CentroidY: 0.9602
