Location: Document_2025-04-19_205813-1.png_Gaussian-Median.png
Component: component_1745099734011_100.png
centerX: 0.9228504122497055
centerY: 0.1116816431322208
width: 0.030035335689045935
height: 0.030380830124090714
Area: 0.0003301223267021586
CentroidX: 0.9376
CentroidY: 0.1270
