Location: 2025-04-19_205840-1.png_Gaussian-Median.png
Component: component_1745099733847_507.png
centerX: 0.08421672555948174
centerY: 0.7860504920838682
width: 0.026501766784452298
height: 0.024390243902439025
Area: 0.0003180262414489497
CentroidX: 0.0972
CentroidY: 0.7973
