Location: 2025-04-19_205840-1.png_Gaussian-Median.png
Component: component_1745099733857_549.png
centerX: 0.22673733804475854
centerY: 0.848951647411211
width: 0.03651354534746761
height: 0.025246041934103552
Area: 0.00034322641905980153
CentroidX: 0.2455
CentroidY: 0.8605
