Location: 2025-04-19_205840-1.png_Otsu.png
Component: component_1745099734450_475.png
centerX: 0.6772673733804476
centerY: 0.2220795892169448
width: 0.026501766784452298
height: 0.026529738981600343
Area: 0.00014742103902348305
CentroidX: 0.6884
CentroidY: 0.2329
