Location: 2025-04-19_205840-1.png_Otsu.png
Component: component_1745099734483_921.png
centerX: 0.5371024734982333
centerY: 0.5549850235344459
width: 0.03121319199057715
height: 0.025246041934103552
Area: 0.00029030604607701275
CentroidX: 0.5536
CentroidY: 0.5664
