Location: 2025-04-19_205840-1.png_Otsu.png
Component: component_1745099734485_929.png
centerX: 0.22968197879858657
centerY: 0.5656824989302525
width: 0.03415783274440518
height: 0.026957637997432605
Area: 0.00031928625032949233
CentroidX: 0.2464
CentroidY: 0.5785
