Location: 2025-04-19_205840-1.png_Otsu.png
Component: component_1745099734476_887.png
centerX: 0.035924617196702
centerY: 0.47325631151048353
width: 0.02944640753828033
height: 0.024390243902439025
Area: 0.0003402023977464993
CentroidX: 0.0513
CentroidY: 0.4844
