Location: 2025-04-19_205840-1.png_Gaussian-Median.png
Component: component_1745099733844_489.png
centerX: 0.8433451118963486
centerY: 0.7642276422764228
width: 0.030624263839811542
height: 0.02610183996576808
Area: 0.00031727023612062417
CentroidX: 0.8581
CentroidY: 0.7762
