Location: easy64_Gaussian-Closing.png
Component: component_1744297381353_685.png
centerX: 0.7648125755743652
centerY: 0.45446772124839674
width: 0.013905683192261185
height: 0.010260795211628902
Area: 7.134168375679103e-05
CentroidX: 0.7714
CentroidY: 0.4591
