Location: 2025-04-19_205840-1.png_Mean-Medain.png
Component: component_1745099734378_553.png
centerX: 0.9287396937573617
centerY: 0.9024390243902439
width: 0.03769140164899882
height: 0.03080872913992298
Area: 0.00039765880269924145
CentroidX: 0.9486
CentroidY: 0.9168
