Location: Document_2025-04-19_205813-1.png_Gaussian-Closing.png
Component: component_1745099733913_92.png
centerX: 0.41401648998822144
centerY: 0.15875053487376978
width: 0.03121319199057715
height: 0.03080872913992298
Area: 0.0003386903870898482
CentroidX: 0.4293
CentroidY: 0.1740
