Location: 2025-04-19_205840-1.png_Mean-Medain.png
Component: component_1745099734391_581.png
centerX: 0.5641931684334511
centerY: 0.9554985023534446
width: 0.034746760895170786
height: 0.02738553701326487
Area: 0.000405722859534714
CentroidX: 0.5823
CentroidY: 0.9684
