Location: 2025-04-19_205840-1.png_Otsu.png
Component: component_1745099734451_489.png
centerX: 0.8468786808009423
centerY: 0.2246469833119384
width: 0.02061248527679623
height: 0.017115960633290545
Area: 9.853269445843054e-05
CentroidX: 0.8560
CentroidY: 0.2335
