Location: 2025-04-19_205840-1.png_Otsu.png
Component: component_1745099734519_1109.png
centerX: 0.726148409893993
centerY: 0.8724860932819855
width: 0.03356890459363958
height: 0.025673940949935817
Area: 0.0002898020425247957
CentroidX: 0.7421
CentroidY: 0.8845
