Location: 2025-04-19_205840-1.png_Gaussian-Median.png
Component: component_1745099733806_292.png
centerX: 0.9440518256772674
centerY: 0.3842533162173727
width: 0.02767962308598351
height: 0.02781343602909713
Area: 0.00032835831426939897
CentroidX: 0.9591
CentroidY: 0.3968
