Location: 2025-04-19_205840-1.png_Gaussian-Median.png
Component: component_1745099733805_289.png
centerX: 0.1254416961130742
centerY: 0.3722721437740693
width: 0.030035335689045935
height: 0.029097133076593923
Area: 0.00037850666771499405
CentroidX: 0.1403
CentroidY: 0.3862
