Location: 2025-04-19_205840-1.png_Otsu.png
Component: component_1745099734525_1142.png
centerX: 0.2326266195524146
centerY: 0.9229781771501926
width: 0.034746760895170786
height: 0.02396234488660676
Area: 0.0003160102272400816
CentroidX: 0.2519
CentroidY: 0.9336
