Location: 2025-04-19_205840-1.png_Gaussian-Median.png
Component: component_1745099733773_70.png
centerX: 0.9570082449941107
centerY: 0.04878048780487805
width: 0.02767962308598351
height: 0.029097133076593923
Area: 0.00039967481690810955
CentroidX: 0.9707
CentroidY: 0.0635
