Location: easy64_Gaussian-Closing.png
Component: component_1744297381385_797.png
centerX: 0.7466747279322854
centerY: 0.5523728088926891
width: 0.013905683192261185
height: 0.010260795211628902
Area: 6.229473110647333e-05
CentroidX: 0.7540
CentroidY: 0.5574
