Location: 2025-04-19_205840-1.png_Otsu.png
Component: component_1745099734524_1134.png
centerX: 0.5500588928150766
centerY: 0.9127086007702182
width: 0.03297997644287397
height: 0.021822849807445442
Area: 0.0002895500407486872
CentroidX: 0.5668
CentroidY: 0.9228
