Location: 2025-04-19_205840-1.png_Mean-Medain.png
Component: component_1745099734250_252.png
centerX: 0.4917550058892815
centerY: 0.35686777920410784
width: 0.030624263839811542
height: 0.024818142918271287
Area: 0.0003233182787472286
CentroidX: 0.5070
CentroidY: 0.3687
