Location: Document_2025-04-19_205813-1.png_Gaussian-Closing.png
Component: component_1745099733918_108.png
centerX: 0.3127208480565371
centerY: 0.19554985023534446
width: 0.03415783274440518
height: 0.02866923406076166
Area: 0.00036011053805907225
CentroidX: 0.3294
CentroidY: 0.2099
