Location: 2025-04-19_205840-1.png_Gaussian-Median.png
Component: component_1745099733774_76.png
centerX: 0.6095406360424028
centerY: 0.058622165169020114
width: 0.039458186101295645
height: 0.026529738981600343
Area: 0.0004447831348315343
CentroidX: 0.6301
CentroidY: 0.0709
