Location: 2025-04-19_205840-1.png_Otsu.png
Component: component_1745099734474_877.png
centerX: 0.37220259128386335
centerY: 0.46255883611467696
width: 0.02944640753828033
height: 0.026957637997432605
Area: 0.0003243262858516627
CentroidX: 0.3870
CentroidY: 0.4753
