Location: Document_2025-04-19_205813-1.png_Gaussian-Median.png
Component: component_1745099734113_175.png
centerX: 0.19257950530035337
centerY: 0.20025673940949937
width: 0.03180212014134275
height: 0.026957637997432605
Area: 0.0003301223267021586
CentroidX: 0.2076
CentroidY: 0.2139
