Location: 2025-04-19_205840-1.png_Otsu.png
Component: component_1745099734436_110.png
centerX: 0.7656065959952886
centerY: 0.09499358151476252
width: 0.03415783274440518
height: 0.025673940949935817
Area: 0.00024469372460137097
CentroidX: 0.7819
CentroidY: 0.1063
