Location: easy16_Gaussian-Median.png
Component: component_1744297381905_1160.png
centerX: 0.19274193548387097
centerY: 0.8017241379310345
width: 0.025806451612903226
height: 0.014846743295019157
Area: 0.00011277963168953157
CentroidX: 0.2069
CentroidY: 0.8088
