Location: Document_2025-04-19_205813-1.png_Gaussian-Closing.png
Component: component_1745099733904_45.png
centerX: 0.44051825677267376
centerY: 0.07231493367565255
width: 0.030624263839811542
height: 0.030380830124090714
Area: 0.0003218062680905775
CentroidX: 0.4550
CentroidY: 0.0876
