Location: 2025-04-19_205840-1.png_Gaussian-Median.png
Component: component_1745099733836_452.png
centerX: 0.36984687868080096
centerY: 0.6872058194266153
width: 0.030624263839811542
height: 0.024390243902439025
Area: 0.0002968580922558342
CentroidX: 0.3861
CentroidY: 0.6981
