Location: 2025-04-19_205840-1.png_Otsu.png
Component: component_1745099734443_295.png
centerX: 0.18610129564193167
centerY: 0.15703893881044073
width: 0.02944640753828033
height: 0.028241335044929396
Area: 0.0002124374972594807
CentroidX: 0.1998
CentroidY: 0.1679
