Location: Document_2025-04-19_205813-1.png_Gaussian-Median.png
Component: component_1745099734047_117.png
centerX: 0.42402826855123676
centerY: 0.11767222935387249
width: 0.032391048292108364
height: 0.02738553701326487
Area: 0.00031374221125510493
CentroidX: 0.4393
CentroidY: 0.1312
