Location: 2025-04-19_205840-1.png_Otsu.png
Component: component_1745099734490_961.png
centerX: 0.07950530035335689
centerY: 0.615318784766795
width: 0.034746760895170786
height: 0.02781343602909713
Area: 0.0003210502627622519
CentroidX: 0.0973
CentroidY: 0.6274
