Location: 2025-04-19_205840-1.png_Gaussian-Median.png
Component: component_1745099733788_152.png
centerX: 0.5848056537102474
centerY: 0.1878476679503637
width: 0.035924617196702
height: 0.02866923406076166
Area: 0.0003986668098036755
CentroidX: 0.6017
CentroidY: 0.2016
