Location: 2025-04-19_205840-1.png_Otsu.png
Component: component_1745099734527_1151.png
centerX: 0.7084805653710248
centerY: 0.9499358151476252
width: 0.030035335689045935
height: 0.029097133076593923
Area: 0.00034347842083591005
CentroidX: 0.7245
CentroidY: 0.9633
