Location: 2025-04-19_205840-1.png_Mean-Medain.png
Component: component_1745099734317_397.png
centerX: 0.7420494699646644
centerY: 0.6294394522892597
width: 0.03356890459363958
height: 0.026529738981600343
Area: 0.00034373042261201856
CentroidX: 0.7598
CentroidY: 0.6418
