Location: 2025-04-19_205840-1.png_Mean-Medain.png
Component: component_1745099734292_334.png
centerX: 0.4010600706713781
centerY: 0.5083440308087291
width: 0.034746760895170786
height: 0.0235344458707745
Area: 0.000356582513193553
CentroidX: 0.4185
CentroidY: 0.5196
