Location: 2025-04-19_205840-1.png_Mean-Medain.png
Component: component_1745099734292_330.png
centerX: 0.5600706713780919
centerY: 0.4985023534445871
width: 0.03356890459363958
height: 0.02396234488660676
Area: 0.00036817459489454484
CentroidX: 0.5771
CentroidY: 0.5095
