Location: 2025-04-19_205840-1.png_Gaussian-Median.png
Component: component_1745099733850_519.png
centerX: 0.6177856301531213
centerY: 0.8044501497646556
width: 0.035924617196702
height: 0.024818142918271287
Area: 0.00034398242438812707
CentroidX: 0.6351
CentroidY: 0.8163
