Location: 2025-04-19_205840-1.png_Gaussian-Median.png
Component: component_1745099733779_97.png
centerX: 0.6690223792697291
centerY: 0.09970047068891741
width: 0.034746760895170786
height: 0.02738553701326487
Area: 0.00039261876717707107
CentroidX: 0.6873
CentroidY: 0.1125
