Location: 2025-04-19_205840-1.png_Gaussian-Median.png
Component: component_1745099733801_250.png
centerX: 0.18610129564193167
centerY: 0.32391955498502356
width: 0.03769140164899882
height: 0.02866923406076166
Area: 0.00045561921120420055
CentroidX: 0.2057
CentroidY: 0.3366
