Location: 2025-04-19_205840-1.png_Mean-Medain.png
Component: component_1745099734365_528.png
centerX: 0.13191990577149587
centerY: 0.8536585365853658
width: 0.03356890459363958
height: 0.024390243902439025
Area: 0.0003230662769711201
CentroidX: 0.1492
CentroidY: 0.8645
