Location: 2025-04-19_205840-1.png_Gaussian-Median.png
Component: component_1745099733799_240.png
centerX: 0.47762073027090696
centerY: 0.3110825845100556
width: 0.03121319199057715
height: 0.029525032092426188
Area: 0.00036842659667065336
CentroidX: 0.4938
CentroidY: 0.3255
