Location: Document_2025-04-19_205813-1.png_Gaussian-Closing.png
Component: component_1745099733904_46.png
centerX: 0.4823321554770318
centerY: 0.07188703465982028
width: 0.03121319199057715
height: 0.029097133076593923
Area: 0.000315254221911756
CentroidX: 0.4979
CentroidY: 0.0858
