Location: 2025-04-19_205840-1.png_Mean-Medain.png
Component: component_1745099734196_128.png
centerX: 0.23616018845700826
centerY: 0.15489944373127942
width: 0.035924617196702
height: 0.029097133076593923
Area: 0.00045561921120420055
CentroidX: 0.2545
CentroidY: 0.1684
