Location: Document_2025-04-19_205813-1.png_Gaussian-Closing.png
Component: component_1745099733909_73.png
centerX: 0.29034157832744406
centerY: 0.11895592640136927
width: 0.032391048292108364
height: 0.029097133076593923
Area: 0.00031122219349401974
CentroidX: 0.3060
CentroidY: 0.1332
