Location: 2025-04-19_205840-1.png_Mean-Medain.png
Component: component_1745099734220_167.png
centerX: 0.48586572438162545
centerY: 0.2267864783910997
width: 0.034746760895170786
height: 0.02781343602909713
Area: 0.0004011868275647607
CentroidX: 0.5034
CentroidY: 0.2403
