Location: 2025-04-19_205840-1.png_Gaussian-Median.png
Component: component_1745099733832_427.png
centerX: 0.39045936395759717
centerY: 0.6405648267008985
width: 0.0353356890459364
height: 0.025673940949935817
Area: 0.0003301223267021586
CentroidX: 0.4084
CentroidY: 0.6531
