Location: 2025-04-19_205840-1.png_Mean-Medain.png
Component: component_1745099734261_291.png
centerX: 0.07891637220259129
centerY: 0.4240479246897732
width: 0.030624263839811542
height: 0.02610183996576808
Area: 0.0003580945238502041
CentroidX: 0.0938
CentroidY: 0.4368
