Location: 2025-04-19_205840-1.png_Otsu.png
Component: component_1745099734430_21.png
centerX: 0.07773851590106007
centerY: 0.021822849807445442
width: 0.04063604240282685
height: 0.03380402225074882
Area: 0.000531723747588973
CentroidX: 0.0975
CentroidY: 0.0378
