Location: 2025-04-19_205840-1.png_Mean-Medain.png
Component: component_1745099734252_254.png
centerX: 0.45229681978798586
centerY: 0.3585793752674369
width: 0.03121319199057715
height: 0.026529738981600343
Area: 0.0003495264634625145
CentroidX: 0.4684
CentroidY: 0.3707
