Location: easy64_Gaussian-Closing.png
Component: component_1744297381270_462.png
centerX: 0.21281741233373638
centerY: 0.3437366395895682
width: 0.013905683192261185
height: 0.010260795211628902
Area: 7.366804300972987e-05
CentroidX: 0.2198
CentroidY: 0.3486
