Location: 2025-04-19_205840-1.png_Otsu.png
Component: component_1745099734512_1076.png
centerX: 0.26325088339222613
centerY: 0.8112965340179717
width: 0.03415783274440518
height: 0.02610183996576808
Area: 0.0003122302005984538
CentroidX: 0.2803
CentroidY: 0.8236
