Location: 2025-04-19_205840-1.png_Gaussian-Median.png
Component: component_1745099733782_115.png
centerX: 0.037102473498233215
centerY: 0.11938382541720154
width: 0.0353356890459364
height: 0.029525032092426188
Area: 0.00043142704069778283
CentroidX: 0.0552
CentroidY: 0.1335
