Location: easy64_Gaussian-Closing.png
Component: component_1744297381403_884.png
centerX: 0.7079806529625151
centerY: 0.5955536554082942
width: 0.012696493349455865
height: 0.00983326207781103
Area: 5.557413770909446e-05
CentroidX: 0.7148
CentroidY: 0.6005
