Location: 2025-04-19_205840-1.png_Mean-Medain.png
Component: component_1745099734373_544.png
centerX: 0.3539458186101296
centerY: 0.8784766795036372
width: 0.030035335689045935
height: 0.02781343602909713
Area: 0.00033339834979156935
CentroidX: 0.3689
CentroidY: 0.8914
