Location: easy16_Gaussian-Median.png
Component: component_1744297381907_1172.png
centerX: 0.9008064516129032
centerY: 0.8223180076628352
width: 0.025806451612903226
height: 0.014846743295019157
Area: 0.0001278426646891608
CentroidX: 0.9134
CentroidY: 0.8291
