Location: easy26_Mean-Closing.png
Component: component_1744297382152_899.png
centerX: 0.7258064516129032
centerY: 0.7030651340996169
width: 0.025806451612903226
height: 0.014846743295019157
Area: 0.00013093251761216165
CentroidX: 0.7390
CentroidY: 0.7101
