Location: 2025-04-19_205840-1.png_Mean-Medain.png
Component: component_1745099734238_228.png
centerX: 0.3875147232037691
centerY: 0.31407787762088146
width: 0.035924617196702
height: 0.02995293110825845
Area: 0.00041303091104186103
CentroidX: 0.4055
CentroidY: 0.3292
