Location: 2025-04-19_205840-1.png_Mean-Medain.png
Component: component_1745099734216_159.png
centerX: 0.8327444051825678
centerY: 0.21694480102695765
width: 0.04004711425206125
height: 0.025673940949935817
Area: 0.00043293905135443397
CentroidX: 0.8526
CentroidY: 0.2293
