Location: 2025-04-19_205840-1.png_Mean-Medain.png
Component: component_1745099734351_483.png
centerX: 0.16489988221436985
centerY: 0.7817715019255456
width: 0.034746760895170786
height: 0.029097133076593923
Area: 0.0003832947014610559
CentroidX: 0.1823
CentroidY: 0.7952
