Location: easy64_Gaussian-Closing.png
Component: component_1744297381293_566.png
centerX: 0.6874244256348246
centerY: 0.38948268490808036
width: 0.013905683192261185
height: 0.00983326207781103
Area: 7.237562120254162e-05
CentroidX: 0.6945
CentroidY: 0.3942
