Location: 2025-04-19_205840-1.png_Gaussian-Median.png
Component: component_1745099733856_544.png
centerX: 0.49646643109540634
centerY: 0.8433889602053916
width: 0.030624263839811542
height: 0.02396234488660676
Area: 0.00031399421303121344
CentroidX: 0.5126
CentroidY: 0.8544
