Location: easy26_Mean-Closing.png
Component: component_1744297382025_400.png
centerX: 0.15564516129032258
centerY: 0.2796934865900383
width: 0.025
height: 0.014367816091954023
Area: 0.00011200716845878136
CentroidX: 0.1687
CentroidY: 0.2864
