Location: 2025-04-19_205840-1.png_Mean-Medain.png
Component: component_1745099734359_509.png
centerX: 0.8239104829210836
centerY: 0.8335472828412495
width: 0.03180212014134275
height: 0.02781343602909713
Area: 0.000329366321373833
CentroidX: 0.8404
CentroidY: 0.8470
