Location: 2025-04-19_205840-1.png_Otsu.png
Component: component_1745099734432_48.png
centerX: 0.7149587750294464
centerY: 0.055198973042362
width: 0.034746760895170786
height: 0.030380830124090714
Area: 0.000321554266314469
CentroidX: 0.7316
CentroidY: 0.0690
