Location: 2025-04-19_205840-1.png_Gaussian-Median.png
Component: component_1745099733838_458.png
centerX: 0.12190812720848057
centerY: 0.7021822849807445
width: 0.03356890459363958
height: 0.025673940949935817
Area: 0.00032281427519501157
CentroidX: 0.1384
CentroidY: 0.7138
