Location: Document_2025-04-19_205813-1.png_Gaussian-Closing.png
Component: component_1745099733910_80.png
centerX: 0.7968197879858657
centerY: 0.15190415062045357
width: 0.03297997644287397
height: 0.029525032092426188
Area: 0.00036212655226794036
CentroidX: 0.8131
CentroidY: 0.1667
