Location: easy43_Mean-Closing.png
Component: component_1744297380711_1358.png
centerX: 0.6130592503022975
centerY: 0.7635741769987174
width: 0.014510278113663845
height: 0.010260795211628902
Area: 7.75453084312946e-05
CentroidX: 0.6201
CentroidY: 0.7687
