Location: 2025-04-19_205840-1.png_Gaussian-Median.png
Component: component_1745099733838_459.png
centerX: 0.07656065959952886
centerY: 0.7026101839965768
width: 0.03415783274440518
height: 0.024818142918271287
Area: 0.00032961832314994154
CentroidX: 0.0943
CentroidY: 0.7137
