Location: 2025-04-19_205840-1.png_Otsu.png
Component: component_1745099734457_649.png
centerX: 0.582449941107185
centerY: 0.2644415917843389
width: 0.039458186101295645
height: 0.02995293110825845
Area: 0.000342470413731476
CentroidX: 0.6011
CentroidY: 0.2773
