Location: easy26_Mean-Closing.png
Component: component_1744297381998_250.png
centerX: 0.1443548387096774
centerY: 0.18917624521072796
width: 0.025806451612903226
height: 0.014846743295019157
Area: 0.00013595352861203806
CentroidX: 0.1572
CentroidY: 0.1961
