Location: 2025-04-19_205840-1.png_Otsu.png
Component: component_1745099734498_1008.png
centerX: 0.2043580683156655
centerY: 0.6970474967907574
width: 0.032391048292108364
height: 0.025246041934103552
Area: 0.0002887940354203616
CentroidX: 0.2204
CentroidY: 0.7085
