Location: Document_2025-04-19_205813-1.png_Gaussian-Closing.png
Component: component_1745099733906_57.png
centerX: 0.8457008244994111
centerY: 0.11125374411638853
width: 0.028268551236749116
height: 0.02738553701326487
Area: 0.0003213022645383605
CentroidX: 0.8586
CentroidY: 0.1254
