Location: 2025-04-19_205840-1.png_Mean-Medain.png
Component: component_1745099734296_345.png
centerX: 0.8910482921083628
centerY: 0.5391527599486521
width: 0.03415783274440518
height: 0.019683354728284124
Area: 0.00026888589510778874
CentroidX: 0.9089
CentroidY: 0.5479
