Location: 2025-04-19_205840-1.png_Otsu.png
Component: component_1745099734442_282.png
centerX: 0.38162544169611307
centerY: 0.1527599486521181
width: 0.032391048292108364
height: 0.026529738981600343
Area: 0.0002252895878410151
CentroidX: 0.3975
CentroidY: 0.1642
