Location: 2025-04-19_205840-1.png_Mean-Medain.png
Component: component_1745099734177_58.png
centerX: 0.2414605418138987
centerY: 0.019683354728284124
width: 0.03651354534746761
height: 0.032520325203252036
Area: 0.0005324797529172986
CentroidX: 0.2598
CentroidY: 0.0356
