Location: Document_2025-04-19_205813-1.png_Gaussian-Closing.png
Component: component_1745099733913_93.png
centerX: 0.4540636042402827
centerY: 0.15875053487376978
width: 0.03356890459363958
height: 0.028241335044929396
Area: 0.0003485184563580804
CentroidX: 0.4702
CentroidY: 0.1728
