Location: easy16_Gaussian-Median.png
Component: component_1744297381809_633.png
centerX: 0.6951612903225807
centerY: 0.42432950191570884
width: 0.027419354838709678
height: 0.014846743295019157
Area: 0.00011934556915090841
CentroidX: 0.7083
CentroidY: 0.4311
