Location: 2025-04-19_205840-1.png_Mean-Medain.png
Component: component_1745099734335_431.png
centerX: 0.408716136631331
centerY: 0.6829268292682927
width: 0.03356890459363958
height: 0.025246041934103552
Area: 0.00033213834091102673
CentroidX: 0.4258
CentroidY: 0.6948
