Location: 2025-04-19_205840-1.png_Otsu.png
Component: component_1745099734466_834.png
centerX: 0.41048292108362777
centerY: 0.3607188703465982
width: 0.028268551236749116
height: 0.026957637997432605
Area: 0.000300638118897462
CentroidX: 0.4244
CentroidY: 0.3735
