Location: 2025-04-19_205840-1.png_Mean-Medain.png
Component: component_1745099734188_102.png
centerX: 0.18904593639575973
centerY: 0.11424903722721438
width: 0.0353356890459364
height: 0.02738553701326487
Area: 0.0004551152076519835
CentroidX: 0.2077
CentroidY: 0.1269
