Location: 2025-04-19_205840-1.png_Otsu.png
Component: component_1745099734455_600.png
centerX: 0.08775029446407538
centerY: 0.24518613607188702
width: 0.03356890459363958
height: 0.025673940949935817
Area: 0.0002484737512429988
CentroidX: 0.1056
CentroidY: 0.2571
