Location: 2025-04-19_205840-1.png_Gaussian-Median.png
Component: component_1745099733774_74.png
centerX: 0.7143698468786808
centerY: 0.055198973042362
width: 0.03651354534746761
height: 0.03080872913992298
Area: 0.00046091124850247944
CentroidX: 0.7323
CentroidY: 0.0699
