Location: 2025-04-19_205840-1.png_Otsu.png
Component: component_1745099734449_453.png
centerX: 0.08421672555948174
centerY: 0.2032520325203252
width: 0.03651354534746761
height: 0.02866923406076166
Area: 0.0003928707689531796
CentroidX: 0.1023
CentroidY: 0.2165
