Location: easy21_Mean-Medain.png
Component: component_1744297380822_289.png
centerX: 0.050806451612903224
centerY: 0.2916666666666667
width: 0.02903225806451613
height: 0.01532567049808429
Area: 0.00012977382276603634
CentroidX: 0.0639
CentroidY: 0.2984
