Location: 2025-04-19_205840-1.png_Mean-Medain.png
Component: component_1745099734264_302.png
centerX: 0.7826855123674912
centerY: 0.4462986735130509
width: 0.03651354534746761
height: 0.025246041934103552
Area: 0.00036842659667065336
CentroidX: 0.8016
CentroidY: 0.4580
