Location: 2025-04-19_205840-1.png_Gaussian-Median.png
Component: component_1745099733840_469.png
centerX: 0.5023557126030624
centerY: 0.7278562259306803
width: 0.032391048292108364
height: 0.03080872913992298
Area: 0.0003318863391349182
CentroidX: 0.5198
CentroidY: 0.7425
