Location: 2025-04-19_205840-1.png_Otsu.png
Component: component_1745099734431_47.png
centerX: 0.8085983510011778
centerY: 0.05220367993153616
width: 0.037102473498233215
height: 0.026529738981600343
Area: 0.0003129862059267794
CentroidX: 0.8272
CentroidY: 0.0647
