Location: 2025-04-19_205840-1.png_Mean-Medain.png
Component: component_1745099734182_72.png
centerX: 0.45229681978798586
centerY: 0.06033376123234917
width: 0.038869257950530034
height: 0.02738553701326487
Area: 0.0004226069785339847
CentroidX: 0.4721
CentroidY: 0.0732
