Location: 2025-04-19_205840-1.png_Otsu.png
Component: component_1745099734478_898.png
centerX: 0.519434628975265
centerY: 0.49893025246041933
width: 0.03180212014134275
height: 0.025673940949935817
Area: 0.0003233182787472286
CentroidX: 0.5357
CentroidY: 0.5111
