Location: 2025-04-19_205840-1.png_Gaussian-Median.png
Component: component_1745099733824_382.png
centerX: 0.11307420494699646
centerY: 0.5721009841677364
width: 0.03415783274440518
height: 0.02610183996576808
Area: 0.00036817459489454484
CentroidX: 0.1297
CentroidY: 0.5849
