Location: 2025-04-19_205840-1.png_Gaussian-Median.png
Component: component_1745099733824_381.png
centerX: 0.15429917550058891
centerY: 0.5703893881044073
width: 0.03180212014134275
height: 0.025673940949935817
Area: 0.00032558629473220527
CentroidX: 0.1712
CentroidY: 0.5823
