Location: Document_2025-04-19_205813-1.png_Gaussian-Closing.png
Component: component_1745099733910_75.png
centerX: 0.16725559481743227
centerY: 0.12023962344886607
width: 0.028857479387514724
height: 0.02866923406076166
Area: 0.00030945818106126015
CentroidX: 0.1813
CentroidY: 0.1342
