Location: 2025-04-19_205840-1.png_Otsu.png
Component: component_1745099734502_1026.png
centerX: 0.4128386336866902
centerY: 0.7334189131364998
width: 0.0353356890459364
height: 0.02866923406076166
Area: 0.0003122302005984538
CentroidX: 0.4311
CentroidY: 0.7466
