Location: easy16_Gaussian-Median.png
Component: component_1744297381840_811.png
centerX: 0.6548387096774193
centerY: 0.5981800766283525
width: 0.02661290322580645
height: 0.014846743295019157
Area: 0.00013093251761216165
CentroidX: 0.6682
CentroidY: 0.6050
