Location: 2025-04-19_205840-1.png_Otsu.png
Component: component_1745099734456_627.png
centerX: 0.8321554770318021
centerY: 0.2537441163885323
width: 0.035924617196702
height: 0.029097133076593923
Area: 0.0002751859395105017
CentroidX: 0.8480
CentroidY: 0.2667
