Location: easy26_Mean-Closing.png
Component: component_1744297382002_278.png
centerX: 0.1782258064516129
centerY: 0.21120689655172414
width: 0.025
height: 0.014846743295019157
Area: 0.00012822889630453591
CentroidX: 0.1910
CentroidY: 0.2184
