Location: Document_2025-04-19_205813-1.png_Gaussian-Closing.png
Component: component_1745099733906_52.png
centerX: 0.2249705535924617
centerY: 0.07830551989730423
width: 0.03121319199057715
height: 0.029097133076593923
Area: 0.00030341013843465566
CentroidX: 0.2402
CentroidY: 0.0923
