Location: 2025-04-19_205840-1.png_Otsu.png
Component: component_1745099734524_1138.png
centerX: 0.3197879858657244
centerY: 0.9169875909285409
width: 0.0353356890459364
height: 0.02738553701326487
Area: 0.0003402023977464993
CentroidX: 0.3382
CentroidY: 0.9304
