Location: 2025-04-19_205840-1.png_Mean-Medain.png
Component: component_1745099734346_467.png
centerX: 0.8433451118963486
centerY: 0.764655541292255
width: 0.030624263839811542
height: 0.025673940949935817
Area: 0.00031928625032949233
CentroidX: 0.8583
CentroidY: 0.7764
