Location: 2025-04-19_205840-1.png_Mean-Medain.png
Component: component_1745099734193_122.png
centerX: 0.5759717314487632
centerY: 0.1480530594779632
width: 0.03651354534746761
height: 0.03080872913992298
Area: 0.00043697107977217023
CentroidX: 0.5946
CentroidY: 0.1625
