Location: 2025-04-19_205840-1.png_Otsu.png
Component: component_1745099734511_1073.png
centerX: 0.4010600706713781
centerY: 0.8095849379546427
width: 0.030035335689045935
height: 0.02610183996576808
Area: 0.00028753402653981905
CentroidX: 0.4162
CentroidY: 0.8209
