Location: 2025-04-19_205840-1.png_Otsu.png
Component: component_1745099734522_1126.png
centerX: 0.8780918727915195
centerY: 0.9032948224219084
width: 0.03415783274440518
height: 0.024818142918271287
Area: 0.00032256227341890306
CentroidX: 0.8959
CentroidY: 0.9146
