Location: 2025-04-19_205840-1.png_Mean-Medain.png
Component: component_1745099734222_182.png
centerX: 0.8822143698468787
centerY: 0.2524604193410355
width: 0.03415783274440518
height: 0.02781343602909713
Area: 0.00042361498563841876
CentroidX: 0.8992
CentroidY: 0.2658
