Location: 2025-04-19_205840-1.png_Mean-Medain.png
Component: component_1745099734340_446.png
centerX: 0.7408716136631331
centerY: 0.7244330338040222
width: 0.034746760895170786
height: 0.025673940949935817
Area: 0.00035204648122359966
CentroidX: 0.7582
CentroidY: 0.7365
