Location: 2025-04-19_205840-1.png_Otsu.png
Component: component_1745099734488_948.png
centerX: 0.4799764428739694
centerY: 0.5977749251176723
width: 0.028857479387514724
height: 0.02396234488660676
Area: 0.0002993781100169194
CentroidX: 0.4950
CentroidY: 0.6092
