Location: 2025-04-19_205840-1.png_Mean-Medain.png
Component: component_1745099734380_556.png
centerX: 0.7467608951707891
centerY: 0.905862216516902
width: 0.03415783274440518
height: 0.025673940949935817
Area: 0.0003442344261642356
CentroidX: 0.7641
CentroidY: 0.9179
