Location: 2025-04-19_205840-1.png_Otsu.png
Component: component_1745099734459_729.png
centerX: 0.043580683156654886
centerY: 0.290543431750107
width: 0.028857479387514724
height: 0.02866923406076166
Area: 0.00027493393773439317
CentroidX: 0.0585
CentroidY: 0.3045
