Location: 2025-04-19_205840-1.png_Otsu.png
Component: component_1745099734434_66.png
centerX: 0.1330977620730271
centerY: 0.06974753958065896
width: 0.035924617196702
height: 0.028241335044929396
Area: 0.0003636385629245915
CentroidX: 0.1517
CentroidY: 0.0827
