Location: 2025-04-19_205840-1.png_Otsu.png
Component: component_1745099734427_8.png
centerX: 0.4958775029446408
centerY: 0.014548566538296961
width: 0.032391048292108364
height: 0.032520325203252036
Area: 0.00041580293057905473
CentroidX: 0.5121
CentroidY: 0.0297
