Location: 2025-04-19_205840-1.png_Otsu.png
Component: component_1745099734485_931.png
centerX: 0.1896348645465253
centerY: 0.5678219940094138
width: 0.0353356890459364
height: 0.026957637997432605
Area: 0.0003240742840755542
CentroidX: 0.2079
CentroidY: 0.5802
