Location: 2025-04-19_205840-1.png_Mean-Medain.png
Component: component_1745099734300_362.png
centerX: 0.2697290930506478
centerY: 0.566538296961917
width: 0.030035335689045935
height: 0.024818142918271287
Area: 0.0003258382965083138
CentroidX: 0.2851
CentroidY: 0.5782
