Location: 2025-04-19_205840-1.png_Mean-Medain.png
Component: component_1745099734363_523.png
centerX: 0.3657243816254417
centerY: 0.8455284552845529
width: 0.03356890459363958
height: 0.026529738981600343
Area: 0.0003500304670147315
CentroidX: 0.3835
CentroidY: 0.8582
