Location: 2025-04-19_205840-1.png_Mean-Medain.png
Component: component_1745099734261_289.png
centerX: 0.16195524146054183
centerY: 0.42105263157894735
width: 0.032391048292108364
height: 0.026529738981600343
Area: 0.00035607850964133593
CentroidX: 0.1788
CentroidY: 0.4333
