Location: 2025-04-19_205840-1.png_Otsu.png
Component: component_1745099734471_861.png
centerX: 0.1625441696113074
centerY: 0.42148053059477963
width: 0.03180212014134275
height: 0.025673940949935817
Area: 0.00031676623256840714
CentroidX: 0.1788
CentroidY: 0.4334
