Location: easy26_Mean-Closing.png
Component: component_1744297382207_1173.png
centerX: 0.807258064516129
centerY: 0.8831417624521073
width: 0.025806451612903226
height: 0.014846743295019157
Area: 0.00013054628599678655
CentroidX: 0.8200
CentroidY: 0.8901
