Location: 2025-04-19_205840-1.png_Mean-Medain.png
Component: component_1745099734187_92.png
centerX: 0.4817432273262662
centerY: 0.10526315789473684
width: 0.0353356890459364
height: 0.029525032092426188
Area: 0.00047174732487514573
CentroidX: 0.4992
CentroidY: 0.1192
