Location: 2025-04-19_205840-1.png_Gaussian-Median.png
Component: component_1745099733846_501.png
centerX: 0.2868080094228504
centerY: 0.7766367137355584
width: 0.03121319199057715
height: 0.02781343602909713
Area: 0.000328862317821616
CentroidX: 0.3024
CentroidY: 0.7899
