Location: 2025-04-19_205840-1.png_Mean-Medain.png
Component: component_1745099734296_347.png
centerX: 0.8127208480565371
centerY: 0.5417201540436457
width: 0.03121319199057715
height: 0.0235344458707745
Area: 0.0003238222822994456
CentroidX: 0.8285
CentroidY: 0.5526
