Location: 2025-04-19_205840-1.png_Mean-Medain.png
Component: component_1745099734187_98.png
centerX: 0.2962308598351001
centerY: 0.11082584510055626
width: 0.03651354534746761
height: 0.029525032092426188
Area: 0.00048006338348672683
CentroidX: 0.3151
CentroidY: 0.1245
