Location: 2025-04-19_205840-1.png_Gaussian-Median.png
Component: component_1745099733861_576.png
centerX: 0.04063604240282685
centerY: 0.8904578519469405
width: 0.032391048292108364
height: 0.02781343602909713
Area: 0.00036565457713345965
CentroidX: 0.0579
CentroidY: 0.9036
