Location: 2025-04-19_205840-1.png_Gaussian-Median.png
Component: component_1745099733789_159.png
centerX: 0.2921083627797409
centerY: 0.1951219512195122
width: 0.03651354534746761
height: 0.02866923406076166
Area: 0.00038984674763987737
CentroidX: 0.3102
CentroidY: 0.2087
