Location: 2025-04-19_205840-1.png_Gaussian-Median.png
Component: component_1745099733805_286.png
centerX: 0.24499411071849234
centerY: 0.3641420624732563
width: 0.03180212014134275
height: 0.02995293110825845
Area: 0.00036313455937237447
CentroidX: 0.2609
CentroidY: 0.3782
