Location: 2025-04-19_205840-1.png_Otsu.png
Component: component_1745099734478_894.png
centerX: 0.676678445229682
centerY: 0.49208386820710315
width: 0.038869257950530034
height: 0.025673940949935817
Area: 0.00035431449720857634
CentroidX: 0.6953
CentroidY: 0.5051
