Location: Document_2025-04-19_205813-1.png_Gaussian-Closing.png
Component: component_1745099733903_40.png
centerX: 0.8321554770318021
centerY: 0.0658964484381686
width: 0.03356890459363958
height: 0.030380830124090714
Area: 0.0003402023977464993
CentroidX: 0.8483
CentroidY: 0.0811
