Location: 2025-04-19_205840-1.png_Mean-Medain.png
Component: component_1745099734220_171.png
centerX: 0.3380447585394582
centerY: 0.23491655969191272
width: 0.034746760895170786
height: 0.02738553701326487
Area: 0.00037271062686449814
CentroidX: 0.3554
CentroidY: 0.2476
