Location: Document_2025-04-19_205813-1.png_Gaussian-Median.png
Component: component_1745099733989_68.png
centerX: 0.8739693757361602
centerY: 0.06546854942233633
width: 0.03356890459363958
height: 0.029525032092426188
Area: 0.0003623785540440489
CentroidX: 0.8903
CentroidY: 0.0800
