Location: 2025-04-19_205840-1.png_Gaussian-Median.png
Component: component_1745099733842_483.png
centerX: 0.03769140164899882
centerY: 0.7458279845956355
width: 0.0353356890459364
height: 0.02781343602909713
Area: 0.00033818638353763116
CentroidX: 0.0561
CentroidY: 0.7588
