Location: Document_2025-04-19_205813-1.png_Gaussian-Median.png
Component: component_1745099734049_118.png
centerX: 0.3339222614840989
centerY: 0.11810012836970475
width: 0.030035335689045935
height: 0.029525032092426188
Area: 0.00031953825210560084
CentroidX: 0.3489
CentroidY: 0.1326
