Location: 2025-04-19_205840-1.png_Gaussian-Median.png
Component: component_1745099733813_335.png
centerX: 0.16666666666666666
centerY: 0.46983311938382544
width: 0.032391048292108364
height: 0.026957637997432605
Area: 0.0003875787316549007
CentroidX: 0.1831
CentroidY: 0.4823
