Location: 2025-04-19_205840-1.png_Mean-Medain.png
Component: component_1745099734297_352.png
centerX: 0.6519434628975265
centerY: 0.5502781343602909
width: 0.038869257950530034
height: 0.025246041934103552
Area: 0.0003585985274024211
CentroidX: 0.6718
CentroidY: 0.5622
