Location: 2025-04-19_205840-1.png_Otsu.png
Component: component_1745099734453_548.png
centerX: 0.3380447585394582
centerY: 0.23491655969191272
width: 0.03415783274440518
height: 0.02738553701326487
Area: 0.00025502579742182023
CentroidX: 0.3544
CentroidY: 0.2468
