Location: 2025-04-19_205840-1.png_Mean-Medain.png
Component: component_1745099734174_45.png
centerX: 0.8674911660777385
centerY: 0.014548566538296961
width: 0.03651354534746761
height: 0.02781343602909713
Area: 0.0004495711685775961
CentroidX: 0.8865
CentroidY: 0.0274
