Location: easy26_Mean-Closing.png
Component: component_1744297382171_991.png
centerX: 0.8887096774193548
centerY: 0.7701149425287356
width: 0.02661290322580645
height: 0.014846743295019157
Area: 0.000146381782227166
CentroidX: 0.9021
CentroidY: 0.7772
