Location: 2025-04-19_205840-1.png_Gaussian-Median.png
Component: component_1745099733863_587.png
centerX: 0.5064782096584217
centerY: 0.9135643988018828
width: 0.032391048292108364
height: 0.02396234488660676
Area: 0.0003495264634625145
CentroidX: 0.5226
CentroidY: 0.9250
