Location: 2025-04-19_205840-1.png_Gaussian-Median.png
Component: component_1745099733826_398.png
centerX: 0.5170789163722026
centerY: 0.5947796320068464
width: 0.03121319199057715
height: 0.025673940949935817
Area: 0.0003190342485533838
CentroidX: 0.5334
CentroidY: 0.6066
