Location: 2025-04-19_205840-1.png_Otsu.png
Component: component_1745099734472_867.png
centerX: 0.8286219081272085
centerY: 0.44244758237056053
width: 0.032391048292108364
height: 0.02781343602909713
Area: 0.00034599843859699523
CentroidX: 0.8455
CentroidY: 0.4550
