Location: 2025-04-19_205840-1.png_Mean-Medain.png
Component: component_1745099734341_452.png
centerX: 0.5441696113074205
centerY: 0.7308515190415062
width: 0.02944640753828033
height: 0.02781343602909713
Area: 0.0003235702805233371
CentroidX: 0.5591
CentroidY: 0.7436
