Location: 2025-04-19_205840-1.png_Otsu.png
Component: component_1745099734529_1165.png
centerX: 0.0447585394581861
centerY: 0.9709028669234061
width: 0.03828032979976443
height: 0.024818142918271287
Area: 0.0003767426552822344
CentroidX: 0.0644
CentroidY: 0.9825
