Location: 2025-04-19_205840-1.png_Otsu.png
Component: component_1745099734460_760.png
centerX: 0.7944640753828033
centerY: 0.30166880616174585
width: 0.027090694935217905
height: 0.02738553701326487
Area: 0.0002855180123309509
CentroidX: 0.8087
CentroidY: 0.3138
