Location: 2025-04-19_205840-1.png_Gaussian-Median.png
Component: component_1745099733796_213.png
centerX: 0.41048292108362777
centerY: 0.27214377406931967
width: 0.03180212014134275
height: 0.028241335044929396
Area: 0.0004389870939810384
CentroidX: 0.4269
CentroidY: 0.2852
