Location: 2025-04-19_205840-1.png_Otsu.png
Component: component_1745099734474_878.png
centerX: 0.41578327444051827
centerY: 0.4621309370988447
width: 0.028857479387514724
height: 0.026957637997432605
Area: 0.00033516236222432894
CentroidX: 0.4304
CentroidY: 0.4748
