Location: 2025-04-19_205840-1.png_Mean-Medain.png
Component: component_1745099734298_357.png
centerX: 0.4175500588928151
centerY: 0.5605477107402653
width: 0.03828032979976443
height: 0.02610183996576808
Area: 0.00035708651674577004
CentroidX: 0.4377
CentroidY: 0.5731
