Location: 2025-04-19_205840-1.png_Gaussian-Median.png
Component: component_1745099733830_418.png
centerX: 0.7850412249705536
centerY: 0.6294394522892597
width: 0.03297997644287397
height: 0.025673940949935817
Area: 0.000342470413731476
CentroidX: 0.8012
CentroidY: 0.6418
