Location: Document_2025-04-19_205813-1.png_Gaussian-Median.png
Component: component_1745099733997_82.png
centerX: 0.2703180212014134
centerY: 0.07702182284980745
width: 0.028857479387514724
height: 0.031664527171587506
Area: 0.00032004225565781787
CentroidX: 0.2842
CentroidY: 0.0924
