Location: 2025-04-19_205840-1.png_Gaussian-Median.png
Component: component_1745099733847_510.png
centerX: 0.8704358068315665
centerY: 0.7958921694480102
width: 0.03356890459363958
height: 0.029097133076593923
Area: 0.0003641425664768085
CentroidX: 0.8872
CentroidY: 0.8095
