Location: 2025-04-19_205840-1.png_Mean-Medain.png
Component: component_1745099734339_444.png
centerX: 0.8209658421672555
centerY: 0.7222935387248609
width: 0.030624263839811542
height: 0.025673940949935817
Area: 0.0003202942574339264
CentroidX: 0.8366
CentroidY: 0.7341
