Location: 2025-04-19_205840-1.png_Mean-Medain.png
Component: component_1745099734290_322.png
centerX: 0.8863368669022379
centerY: 0.48823277706461277
width: 0.02944640753828033
height: 0.025673940949935817
Area: 0.00033617036932876305
CentroidX: 0.9011
CentroidY: 0.5008
