Location: 2025-04-19_205840-1.png_Gaussian-Median.png
Component: component_1745099733866_602.png
centerX: 0.7544169611307421
centerY: 0.9490800171159607
width: 0.037102473498233215
height: 0.02781343602909713
Area: 0.00040244683644530325
CentroidX: 0.7736
CentroidY: 0.9621
