Location: 2025-04-19_205840-1.png_Gaussian-Median.png
Component: component_1745099733797_225.png
centerX: 0.08833922261484099
centerY: 0.290543431750107
width: 0.03121319199057715
height: 0.029097133076593923
Area: 0.0004016908311169777
CentroidX: 0.1046
CentroidY: 0.3047
