Location: 2025-04-19_205840-1.png_Mean-Medain.png
Component: component_1745099734224_197.png
centerX: 0.36395759717314485
centerY: 0.2725716730851519
width: 0.0353356890459364
height: 0.03123662815575524
Area: 0.0004903954563071761
CentroidX: 0.3808
CentroidY: 0.2876
