Location: 2025-04-19_205840-1.png_Otsu.png
Component: component_1745099734464_813.png
centerX: 0.7850412249705536
centerY: 0.3453145057766367
width: 0.030035335689045935
height: 0.0235344458707745
Area: 0.00029005404430090424
CentroidX: 0.8012
CentroidY: 0.3561
