Location: 2025-04-19_205840-1.png_Mean-Medain.png
Component: component_1745099734255_271.png
centerX: 0.8362779740871613
centerY: 0.38853230637569536
width: 0.030035335689045935
height: 0.02866923406076166
Area: 0.00040345484354973736
CentroidX: 0.8506
CentroidY: 0.4024
