Location: 2025-04-19_205840-1.png_Otsu.png
Component: component_1745099734519_1110.png
centerX: 0.591283863368669
centerY: 0.87334189131365
width: 0.030624263839811542
height: 0.02610183996576808
Area: 0.0003024021313302216
CentroidX: 0.6079
CentroidY: 0.8849
