Location: 2025-04-19_205840-1.png_Gaussian-Median.png
Component: component_1745099733769_59.png
centerX: 0.2997644287396938
centerY: 0.02011125374411639
width: 0.03769140164899882
height: 0.03594351732991014
Area: 0.000510303596619749
CentroidX: 0.3184
CentroidY: 0.0390
