Location: 2025-04-19_205840-1.png_Mean-Medain.png
Component: component_1745099734348_477.png
centerX: 0.5435806831566549
centerY: 0.7736414206247325
width: 0.03415783274440518
height: 0.025246041934103552
Area: 0.00034045439952260783
CentroidX: 0.5610
CentroidY: 0.7854
