Location: 2025-04-19_205840-1.png_Otsu.png
Component: component_1745099734471_860.png
centerX: 0.20200235571260305
centerY: 0.4184852374839538
width: 0.03180212014134275
height: 0.025246041934103552
Area: 0.00032508229117998825
CentroidX: 0.2177
CentroidY: 0.4309
