Location: Document_2025-04-19_205813-1.png_Gaussian-Closing.png
Component: component_1745099733921_123.png
centerX: 0.06831566548881036
centerY: 0.20282413350449294
width: 0.03121319199057715
height: 0.03080872913992298
Area: 0.00032533429295609676
CentroidX: 0.0845
CentroidY: 0.2187
