Location: 2025-04-19_205840-1.png_Mean-Medain.png
Component: component_1745099734339_442.png
centerX: 0.8616018845700825
centerY: 0.7210098416773641
width: 0.02944640753828033
height: 0.025673940949935817
Area: 0.0003155062236878646
CentroidX: 0.8761
CentroidY: 0.7330
