Location: 2025-04-19_205840-1.png_Mean-Medain.png
Component: component_1745099734181_70.png
centerX: 0.6089517078916372
centerY: 0.058622165169020114
width: 0.039458186101295645
height: 0.026529738981600343
Area: 0.00044805915792094504
CentroidX: 0.6299
CentroidY: 0.0708
