Location: 2025-04-19_205840-1.png_Gaussian-Median.png
Component: component_1745099733867_605.png
centerX: 0.5641931684334511
centerY: 0.9554985023534446
width: 0.034746760895170786
height: 0.02738553701326487
Area: 0.000391610760072637
CentroidX: 0.5823
CentroidY: 0.9683
