Location: 2025-04-19_205840-1.png_Gaussian-Median.png
Component: component_1745099733780_104.png
centerX: 0.43934040047114253
centerY: 0.10783055198973042
width: 0.03651354534746761
height: 0.028241335044929396
Area: 0.0004462951454881854
CentroidX: 0.4580
CentroidY: 0.1206
