Location: Document_2025-04-19_205813-1.png_Gaussian-Closing.png
Component: component_1745099733905_49.png
centerX: 0.03415783274440518
centerY: 0.07659392383397519
width: 0.03828032979976443
height: 0.03123662815575524
Area: 0.00042689100872782954
CentroidX: 0.0533
CentroidY: 0.0920
