Location: 2025-04-19_205840-1.png_Gaussian-Median.png
Component: component_1745099733812_330.png
centerX: 0.3280329799764429
centerY: 0.4638425331621737
width: 0.03180212014134275
height: 0.02610183996576808
Area: 0.0003540624954324678
CentroidX: 0.3440
CentroidY: 0.4764
