Location: 2025-04-19_205840-1.png_Gaussian-Median.png
Component: component_1745099733812_328.png
centerX: 0.37161366313309774
centerY: 0.46255883611467696
width: 0.030035335689045935
height: 0.026957637997432605
Area: 0.0003593545327307467
CentroidX: 0.3870
CentroidY: 0.4754
