Location: Document_2025-04-19_205813-1.png_Gaussian-Closing.png
Component: component_1745099733909_72.png
centerX: 0.2055359246171967
centerY: 0.11938382541720154
width: 0.03121319199057715
height: 0.028241335044929396
Area: 0.00030845017395682604
CentroidX: 0.2206
CentroidY: 0.1333
