Location: easy16_Gaussian-Median.png
Component: component_1744297381759_392.png
centerX: 0.3056451612903226
centerY: 0.2696360153256705
width: 0.025806451612903226
height: 0.014846743295019157
Area: 0.00010621369422815473
CentroidX: 0.3177
CentroidY: 0.2763
