Location: 2025-04-19_205840-1.png_Otsu.png
Component: component_1745099734480_907.png
centerX: 0.1166077738515901
centerY: 0.5228925973470261
width: 0.034746760895170786
height: 0.024390243902439025
Area: 0.00033239034268713524
CentroidX: 0.1338
CentroidY: 0.5345
