Location: 2025-04-19_205840-1.png_Mean-Medain.png
Component: component_1745099734369_539.png
centerX: 0.591283863368669
centerY: 0.8729139922978177
width: 0.030624263839811542
height: 0.026957637997432605
Area: 0.0003341543551198949
CentroidX: 0.6080
CentroidY: 0.8850
