Location: 2025-04-19_205840-1.png_Gaussian-Median.png
Component: component_1745099733801_247.png
centerX: 0.31095406360424027
centerY: 0.31921266581086866
width: 0.030035335689045935
height: 0.026957637997432605
Area: 0.00034045439952260783
CentroidX: 0.3266
CentroidY: 0.3318
