Location: 2025-04-19_205840-1.png_Mean-Medain.png
Component: component_1745099734297_350.png
centerX: 0.690223792697291
centerY: 0.5477107402652974
width: 0.035924617196702
height: 0.025673940949935817
Area: 0.0003638905647007
CentroidX: 0.7093
CentroidY: 0.5591
