Location: easy64_Gaussian-Closing.png
Component: component_1744297381216_199.png
centerX: 0.7944377267230955
centerY: 0.2159042325780248
width: 0.013905683192261185
height: 0.010688328345446772
Area: 7.366804300972987e-05
CentroidX: 0.8014
CentroidY: 0.2209
