Location: 2025-04-19_205840-1.png_Mean-Medain.png
Component: component_1745099734354_490.png
centerX: 0.8321554770318021
centerY: 0.7976037655113393
width: 0.03180212014134275
height: 0.02610183996576808
Area: 0.00034171440840315045
CentroidX: 0.8488
CentroidY: 0.8100
