Location: 2025-04-19_205840-1.png_Gaussian-Median.png
Component: component_1745099733827_399.png
centerX: 0.4793875147232038
centerY: 0.5977749251176723
width: 0.02944640753828033
height: 0.024390243902439025
Area: 0.0003313823355827012
CentroidX: 0.4950
CentroidY: 0.6093
