Location: 2025-04-19_205840-1.png_Gaussian-Median.png
Component: component_1745099733790_163.png
centerX: 0.1872791519434629
centerY: 0.19940094137783482
width: 0.03651354534746761
height: 0.031664527171587506
Area: 0.0004238669874145273
CentroidX: 0.2055
CentroidY: 0.2152
