Location: 2025-04-19_205840-1.png_Gaussian-Median.png
Component: component_1745099733777_86.png
centerX: 0.08068315665488811
centerY: 0.07274283269148481
width: 0.03415783274440518
height: 0.028241335044929396
Area: 0.0004349550655633021
CentroidX: 0.0975
CentroidY: 0.0859
