Location: 2025-04-19_205840-1.png_Gaussian-Median.png
Component: component_1745099733868_608.png
centerX: 0.43168433451118965
centerY: 0.9606332905434317
width: 0.03356890459363958
height: 0.029097133076593923
Area: 0.0003958947902664818
CentroidX: 0.4486
CentroidY: 0.9746
