Location: 2025-04-19_205840-1.png_Gaussian-Median.png
Component: component_1745099733812_326.png
centerX: 0.49469964664310956
centerY: 0.45742404792468977
width: 0.0353356890459364
height: 0.026529738981600343
Area: 0.0003535584918802508
CentroidX: 0.5127
CentroidY: 0.4694
