Location: 2025-04-19_205840-1.png_Otsu.png
Component: component_1745099734464_815.png
centerX: 0.7444051825677267
centerY: 0.345742404792469
width: 0.030624263839811542
height: 0.025673940949935817
Area: 0.0003213022645383605
CentroidX: 0.7584
CentroidY: 0.3580
