Location: 2025-04-19_205840-1.png_Otsu.png
Component: component_1745099734494_987.png
centerX: 0.07597173144876325
centerY: 0.6611039794608472
width: 0.032391048292108364
height: 0.024818142918271287
Area: 0.00029307806561420645
CentroidX: 0.0930
CentroidY: 0.6723
