Location: 2025-04-19_205840-1.png_Otsu.png
Component: component_1745099734484_928.png
centerX: 0.34452296819787986
centerY: 0.5631151048352588
width: 0.03297997644287397
height: 0.02610183996576808
Area: 0.00030038611712135345
CentroidX: 0.3622
CentroidY: 0.5749
