Location: 2025-04-19_205840-1.png_Gaussian-Median.png
Component: component_1745099733792_180.png
centerX: 0.48586572438162545
centerY: 0.2267864783910997
width: 0.034746760895170786
height: 0.02781343602909713
Area: 0.0004069828684152566
CentroidX: 0.5035
CentroidY: 0.2403
