Location: easy16_Gaussian-Median.png
Component: component_1744297381846_835.png
centerX: 0.10403225806451613
centerY: 0.6005747126436781
width: 0.025
height: 0.014367816091954023
Area: 0.00012127672722778396
CentroidX: 0.1167
CentroidY: 0.6071
