Location: 2025-04-19_205840-1.png_Otsu.png
Component: component_1745099734507_1055.png
centerX: 0.2067137809187279
centerY: 0.7804878048780488
width: 0.03297997644287397
height: 0.024818142918271287
Area: 0.00029862210468859385
CentroidX: 0.2240
CentroidY: 0.7915
