Location: 2025-04-19_205840-1.png_Mean-Medain.png
Component: component_1745099734329_421.png
centerX: 0.8168433451118964
centerY: 0.6658108686350022
width: 0.032391048292108364
height: 0.02396234488660676
Area: 0.00031399421303121344
CentroidX: 0.8330
CentroidY: 0.6769
