Location: 2025-04-19_205840-1.png_Mean-Medain.png
Component: component_1745099734190_114.png
centerX: 0.8539458186101295
centerY: 0.13735558408215662
width: 0.03121319199057715
height: 0.023106546854942234
Area: 0.00032256227341890306
CentroidX: 0.8705
CentroidY: 0.1478
