Location: Document_2025-04-19_205813-1.png_Gaussian-Median.png
Component: component_1745099734125_179.png
centerX: 0.03415783274440518
centerY: 0.20667522464698332
width: 0.028268551236749116
height: 0.02995293110825845
Area: 0.000307946170404609
CentroidX: 0.0482
CentroidY: 0.2210
