Location: 2025-04-19_205840-1.png_Mean-Medain.png
Component: component_1745099734295_342.png
centerX: 0.07891637220259129
centerY: 0.5241762943945228
width: 0.02944640753828033
height: 0.024390243902439025
Area: 0.0003472584474775378
CentroidX: 0.0931
CentroidY: 0.5354
