Location: 2025-04-19_205840-1.png_Otsu.png
Component: component_1745099734455_625.png
centerX: 0.8822143698468787
centerY: 0.2524604193410355
width: 0.03356890459363958
height: 0.026529738981600343
Area: 0.0002351176571092473
CentroidX: 0.8985
CentroidY: 0.2648
