Location: 2025-04-19_205840-1.png_Otsu.png
Component: component_1745099734435_106.png
centerX: 0.8545347467608951
centerY: 0.09199828840393667
width: 0.03180212014134275
height: 0.026529738981600343
Area: 0.00022629759494544917
CentroidX: 0.8697
CentroidY: 0.1044
