Location: easy64_Gaussian-Closing.png
Component: component_1744297381260_399.png
centerX: 0.2593712212817412
centerY: 0.3026934587430526
width: 0.012696493349455865
height: 0.00983326207781103
Area: 5.6349590793407406e-05
CentroidX: 0.2654
CentroidY: 0.3073
