Location: 2025-04-19_205840-1.png_Gaussian-Median.png
Component: component_1745099733823_375.png
centerX: 0.3828032979976443
centerY: 0.5614035087719298
width: 0.03356890459363958
height: 0.02610183996576808
Area: 0.00034045439952260783
CentroidX: 0.3997
CentroidY: 0.5738
