Location: 2025-04-19_205840-1.png_Mean-Medain.png
Component: component_1745099734360_511.png
centerX: 0.8645465253239105
centerY: 0.834403080872914
width: 0.03297997644287397
height: 0.028241335044929396
Area: 0.0003449904314925612
CentroidX: 0.8812
CentroidY: 0.8477
