Location: 2025-04-19_205840-1.png_Mean-Medain.png
Component: component_1745099734352_486.png
centerX: 0.04122497055359246
centerY: 0.7886178861788617
width: 0.030624263839811542
height: 0.024818142918271287
Area: 0.00036993860732730444
CentroidX: 0.0562
CentroidY: 0.8004
