Location: 2025-04-19_205840-1.png_Gaussian-Median.png
Component: component_1745099733860_572.png
centerX: 0.18197879858657243
centerY: 0.8840393667094566
width: 0.028857479387514724
height: 0.025673940949935817
Area: 0.00033516236222432894
CentroidX: 0.1964
CentroidY: 0.8961
