Location: Document_2025-04-19_205813-1.png_Gaussian-Median.png
Component: component_1745099734071_135.png
centerX: 0.5765606595995288
centerY: 0.15233204963628583
width: 0.035924617196702
height: 0.029525032092426188
Area: 0.00036716658779011073
CentroidX: 0.5938
CentroidY: 0.1672
