Location: 2025-04-19_205840-1.png_Gaussian-Median.png
Component: component_1745099733781_112.png
centerX: 0.13133097762073026
centerY: 0.11638853230637569
width: 0.04004711425206125
height: 0.02995293110825845
Area: 0.000476283356845099
CentroidX: 0.1516
CentroidY: 0.1302
