Location: 2025-04-19_205840-1.png_Gaussian-Median.png
Component: component_1745099733832_431.png
centerX: 0.2332155477031802
centerY: 0.6495507060333762
width: 0.034746760895170786
height: 0.025673940949935817
Area: 0.0003369263746570886
CentroidX: 0.2514
CentroidY: 0.6614
