Location: easy21_Mean-Medain.png
Component: component_1744297381126_1114.png
centerX: 0.043548387096774194
centerY: 0.8342911877394636
width: 0.029838709677419355
height: 0.014846743295019157
Area: 0.0001413607712272896
CentroidX: 0.0594
CentroidY: 0.8408
