Location: 2025-04-19_205840-1.png_Mean-Medain.png
Component: component_1745099734178_64.png
centerX: 0.9570082449941107
centerY: 0.04878048780487805
width: 0.02767962308598351
height: 0.029525032092426188
Area: 0.00041605493235516325
CentroidX: 0.9706
CentroidY: 0.0635
