Location: 2025-04-19_205840-1.png_Mean-Medain.png
Component: component_1745099734399_593.png
centerX: 0.044169611307420496
centerY: 0.9704749679075738
width: 0.039458186101295645
height: 0.025673940949935817
Area: 0.0004367190779960617
CentroidX: 0.0644
CentroidY: 0.9826
