Location: 2025-04-19_205840-1.png_Mean-Medain.png
Component: component_1745099734296_346.png
centerX: 0.8527679623085983
centerY: 0.5408643560119811
width: 0.02944640753828033
height: 0.023106546854942234
Area: 0.0003054261526435238
CentroidX: 0.8686
CentroidY: 0.5513
