Location: 2025-04-19_205840-1.png_Otsu.png
Component: component_1745099734491_967.png
centerX: 0.7420494699646644
centerY: 0.6294394522892597
width: 0.03297997644287397
height: 0.02610183996576808
Area: 0.0003049221490913068
CentroidX: 0.7596
CentroidY: 0.6417
