Location: 2025-04-19_205840-1.png_Gaussian-Median.png
Component: component_1745099733815_341.png
centerX: 0.8103651354534747
centerY: 0.4895164741121095
width: 0.03121319199057715
height: 0.02781343602909713
Area: 0.00034171440840315045
CentroidX: 0.8257
CentroidY: 0.5034
