Location: 2025-04-19_205840-1.png_Gaussian-Median.png
Component: component_1745099733840_473.png
centerX: 0.5800942285041225
centerY: 0.7291399229781772
width: 0.030624263839811542
height: 0.026957637997432605
Area: 0.0003132382077028879
CentroidX: 0.5951
CentroidY: 0.7417
