Location: 2025-04-19_205840-1.png_Otsu.png
Component: component_1745099734526_1149.png
centerX: 0.8898704358068316
centerY: 0.9482242190842961
width: 0.030035335689045935
height: 0.024390243902439025
Area: 0.000307442166852392
CentroidX: 0.9055
CentroidY: 0.9600
