Location: Document_2025-04-19_205813-1.png_Gaussian-Median.png
Component: component_1745099734027_104.png
centerX: 0.9570082449941107
centerY: 0.11210954214805306
width: 0.02944640753828033
height: 0.030380830124090714
Area: 0.00032961832314994154
CentroidX: 0.9714
CentroidY: 0.1275
