Location: easy26_Mean-Closing.png
Component: component_1744297382158_932.png
centerX: 0.4217741935483871
centerY: 0.7260536398467433
width: 0.025806451612903226
height: 0.014367816091954023
Area: 0.00012629773822766036
CentroidX: 0.4344
CentroidY: 0.7327
