Location: 2025-04-19_205840-1.png_Mean-Medain.png
Component: component_1745099734315_391.png
centerX: 0.07891637220259129
centerY: 0.615318784766795
width: 0.035924617196702
height: 0.02781343602909713
Area: 0.0003585985274024211
CentroidX: 0.0975
CentroidY: 0.6275
