Location: 2025-04-19_205840-1.png_Mean-Medain.png
Component: component_1745099734216_161.png
centerX: 0.7826855123674912
centerY: 0.2173727000427899
width: 0.037102473498233215
height: 0.025246041934103552
Area: 0.0004183229483401399
CentroidX: 0.8003
CentroidY: 0.2298
