Location: 2025-04-19_205840-1.png_Mean-Medain.png
Component: component_1745099734232_215.png
centerX: 0.9163722025912838
centerY: 0.2952503209242619
width: 0.03180212014134275
height: 0.02995293110825845
Area: 0.0003749786428494748
CentroidX: 0.9327
CentroidY: 0.3091
