Location: easy21_Mean-Medain.png
Component: component_1744297380975_960.png
centerX: 0.6459677419354839
centerY: 0.7231800766283525
width: 0.027419354838709678
height: 0.01532567049808429
Area: 0.00015256148807316772
CentroidX: 0.6598
CentroidY: 0.7305
