Location: 2025-04-19_205840-1.png_Gaussian-Median.png
Component: component_1745099733868_610.png
centerX: 0.2921083627797409
centerY: 0.9619169875909286
width: 0.0353356890459364
height: 0.02866923406076166
Area: 0.0003888387405354433
CentroidX: 0.3099
CentroidY: 0.9751
