Location: 2025-04-19_205840-1.png_Gaussian-Median.png
Component: component_1745099733842_485.png
centerX: 0.11837455830388692
centerY: 0.7454000855798032
width: 0.03121319199057715
height: 0.02610183996576808
Area: 0.00030693816330017496
CentroidX: 0.1344
CentroidY: 0.7574
