Location: 2025-04-19_205840-1.png_Otsu.png
Component: component_1745099734462_778.png
centerX: 0.31095406360424027
centerY: 0.31921266581086866
width: 0.030035335689045935
height: 0.026529738981600343
Area: 0.00031676623256840714
CentroidX: 0.3266
CentroidY: 0.3317
