Location: easy21_Mean-Medain.png
Component: component_1744297380907_696.png
centerX: 0.7387096774193549
centerY: 0.5627394636015326
width: 0.027419354838709678
height: 0.01532567049808429
Area: 0.00014445062415029044
CentroidX: 0.7525
CentroidY: 0.5698
