Location: 2025-04-19_205840-1.png_Gaussian-Median.png
Component: component_1745099733854_538.png
centerX: 0.6613663133097762
centerY: 0.8382541720154044
width: 0.03180212014134275
height: 0.02738553701326487
Area: 0.0003472584474775378
CentroidX: 0.6768
CentroidY: 0.8509
