Location: 2025-04-19_205840-1.png_Gaussian-Median.png
Component: component_1745099733859_566.png
centerX: 0.4958775029446408
centerY: 0.8754813863928113
width: 0.03356890459363958
height: 0.02610183996576808
Area: 0.000342974417283693
CentroidX: 0.5130
CentroidY: 0.8876
