Location: 2025-04-19_205840-1.png_Gaussian-Median.png
Component: component_1745099733808_303.png
centerX: 0.5035335689045937
centerY: 0.40522036799315364
width: 0.030035335689045935
height: 0.024390243902439025
Area: 0.0003238222822994456
CentroidX: 0.5186
CentroidY: 0.4165
