Location: 2025-04-19_205840-1.png_Mean-Medain.png
Component: component_1745099734341_449.png
centerX: 0.6148409893992933
centerY: 0.7278562259306803
width: 0.032391048292108364
height: 0.02610183996576808
Area: 0.00032987032492605005
CentroidX: 0.6314
CentroidY: 0.7398
