Location: 2025-04-19_205840-1.png_Otsu.png
Component: component_1745099734460_758.png
centerX: 0.833922261484099
centerY: 0.29995721009841675
width: 0.030624263839811542
height: 0.02738553701326487
Area: 0.0003235702805233371
CentroidX: 0.8494
CentroidY: 0.3126
