Location: 2025-04-19_205840-1.png_Gaussian-Median.png
Component: component_1745099733819_359.png
centerX: 0.07891637220259129
centerY: 0.5241762943945228
width: 0.02944640753828033
height: 0.024390243902439025
Area: 0.00033894238886595675
CentroidX: 0.0931
CentroidY: 0.5353
