Location: 2025-04-19_205840-1.png_Otsu.png
Component: component_1745099734437_117.png
centerX: 0.6289752650176679
centerY: 0.10141206675224647
width: 0.03121319199057715
height: 0.02781343602909713
Area: 0.0002812339821371061
CentroidX: 0.6440
CentroidY: 0.1143
