Location: 2025-04-19_205840-1.png_Otsu.png
Component: component_1745099734438_140.png
centerX: 0.3934040047114252
centerY: 0.10868635002139496
width: 0.03651354534746761
height: 0.026529738981600343
Area: 0.0002887940354203616
CentroidX: 0.4100
CentroidY: 0.1206
