Location: 2025-04-19_205840-1.png_Mean-Medain.png
Component: component_1745099734221_175.png
centerX: 0.23851590106007067
centerY: 0.23919554985023533
width: 0.03769140164899882
height: 0.026957637997432605
Area: 0.0003800186783716452
CentroidX: 0.2570
CentroidY: 0.2520
