Location: 2025-04-19_205840-1.png_Gaussian-Median.png
Component: component_1745099733837_456.png
centerX: 0.2043580683156655
centerY: 0.6966195977749251
width: 0.032391048292108364
height: 0.02610183996576808
Area: 0.0003291143195977245
CentroidX: 0.2206
CentroidY: 0.7086
