Location: 2025-04-19_205840-1.png_Gaussian-Median.png
Component: component_1745099733809_308.png
centerX: 0.32685512367491165
centerY: 0.41335044929396664
width: 0.03121319199057715
height: 0.026529738981600343
Area: 0.0003291143195977245
CentroidX: 0.3438
CentroidY: 0.4254
