Location: 2025-04-19_205840-1.png_Otsu.png
Component: component_1745099734441_254.png
centerX: 0.7626619552414605
centerY: 0.14249037227214378
width: 0.034746760895170786
height: 0.02610183996576808
Area: 0.0002084054688417444
CentroidX: 0.7784
CentroidY: 0.1522
