Location: 2025-04-19_205840-1.png_Gaussian-Median.png
Component: component_1745099733867_606.png
centerX: 0.5182567726737338
centerY: 0.9572100984167736
width: 0.037102473498233215
height: 0.025673940949935817
Area: 0.0003850587138938155
CentroidX: 0.5370
CentroidY: 0.9692
