Location: 2025-04-19_205840-1.png_Otsu.png
Component: component_1745099734512_1079.png
centerX: 0.17785630153121318
centerY: 0.8168592212237912
width: 0.03121319199057715
height: 0.023106546854942234
Area: 0.0002701459039883313
CentroidX: 0.1932
CentroidY: 0.8276
