Location: 2025-04-19_205840-1.png_Gaussian-Median.png
Component: component_1745099733831_422.png
centerX: 0.5865724381625441
centerY: 0.6341463414634146
width: 0.03180212014134275
height: 0.0235344458707745
Area: 0.0003049221490913068
CentroidX: 0.6032
CentroidY: 0.6455
