Location: easy64_Gaussian-Closing.png
Component: component_1744297381473_1087.png
centerX: 0.3603385731559855
centerY: 0.6994442069260368
width: 0.013301088270858524
height: 0.00983326207781103
Area: 6.617199652803805e-05
CentroidX: 0.3669
CentroidY: 0.7040
