Location: 2025-04-19_205840-1.png_Gaussian-Median.png
Component: component_1745099733845_498.png
centerX: 0.4617196702002356
centerY: 0.7740693196405648
width: 0.03121319199057715
height: 0.024390243902439025
Area: 0.0002996301117930279
CentroidX: 0.4779
CentroidY: 0.7854
