Location: Document_2025-04-19_205813-1.png_Gaussian-Median.png
Component: component_1745099734103_153.png
centerX: 0.1607773851590106
centerY: 0.1608900299529311
width: 0.02767962308598351
height: 0.030380830124090714
Area: 0.0003092061792851516
CentroidX: 0.1747
CentroidY: 0.1755
