Location: 2025-04-19_205840-1.png_Gaussian-Median.png
Component: component_1745099733838_462.png
centerX: 0.9434628975265018
centerY: 0.7188703465982028
width: 0.03121319199057715
height: 0.025673940949935817
Area: 0.000321554266314469
CentroidX: 0.9594
CentroidY: 0.7307
