Location: 2025-04-19_205840-1.png_Gaussian-Median.png
Component: component_1745099733794_190.png
centerX: 0.08775029446407538
centerY: 0.24475823705605476
width: 0.03415783274440518
height: 0.026529738981600343
Area: 0.00032684630361274784
CentroidX: 0.1058
CentroidY: 0.2572
