Location: 2025-04-19_205840-1.png_Gaussian-Median.png
Component: component_1745099733772_61.png
centerX: 0.07714958775029446
centerY: 0.021822849807445442
width: 0.04181389870435807
height: 0.03380402225074882
Area: 0.000573556042422987
CentroidX: 0.0977
CentroidY: 0.0379
