Location: internet_6.png_Gaussian-Median.png
Component: component_1755093690636_111.png
centerX: 0.671906489318823
centerY: 0.3031080695751354
width: 0.04554615074566707
height: 0.0290846877673225
Area: 0.0005915502443607056
CentroidX: 0.6944
CentroidY: 0.3174
