Location: internet_6.png_Otsu.png
Component: component_1755093690779_149.png
centerX: 0.13180169286577992
centerY: 0.43370402053036783
width: 0.04675534058847239
height: 0.029369831765041345
Area: 0.0005247752896349294
CentroidX: 0.1564
CentroidY: 0.4480
