Location: internet_6.png_Otsu.png
Component: component_1755093690922_373.png
centerX: 0.1950826279725917
centerY: 0.6689478186484175
width: 0.04353083434099154
height: 0.027944111776447105
Area: 0.0003203129067482585
CentroidX: 0.2186
CentroidY: 0.6832
