Location: internet_6.png_Gaussian-Median.png
Component: component_1755093690632_92.png
centerX: 0.07456670697299476
centerY: 0.2469347020245224
width: 0.0475614671503426
height: 0.03136583974907328
Area: 0.0006475216780120877
CentroidX: 0.0990
CentroidY: 0.2620
