Location: internet_6.png_Mean-Closing.png
Component: component_1755093691072_180.png
centerX: 0.7948407900040306
centerY: 0.5283718277730254
width: 0.037484885126964934
height: 0.028229255774165955
Area: 0.0004260494959870091
CentroidX: 0.8140
CentroidY: 0.5426
