Location: internet_6.png_Gaussian-Median.png
Component: component_1755093690616_23.png
centerX: 0.7174526400644902
centerY: 0.041916167664670656
width: 0.04554615074566707
height: 0.030795551753635585
Area: 0.0006986660065025704
CentroidX: 0.7399
CentroidY: 0.0572
