Location: internet_6.png_Gaussian-Closing.png
Component: component_1755093691170_113.png
centerX: 0.34744054816606207
centerY: 0.326489877388081
width: 0.04433696090286175
height: 0.03136583974907328
Area: 0.0006330403625293893
CentroidX: 0.3692
CentroidY: 0.3422
