Location: internet_6.png_Otsu.png
Component: component_1755093690909_297.png
centerX: 0.354695687222894
centerY: 0.6090675791274593
width: 0.04030632809351068
height: 0.030795551753635585
Area: 0.000295257932341685
CentroidX: 0.3759
CentroidY: 0.6243
