Location: internet_6.png_Otsu.png
Component: component_1755093690728_31.png
centerX: 0.8432083837162434
centerY: 0.07698887938408897
width: 0.04433696090286175
height: 0.030795551753635585
Area: 0.000614766321563127
CentroidX: 0.8650
CentroidY: 0.0923
