Location: internet_6.png_Gaussian-Median.png
Component: component_1755093690619_34.png
centerX: 0.9085046352277307
centerY: 0.07613344739093242
width: 0.0471584038694075
height: 0.030795551753635585
Area: 0.0006306268099489395
CentroidX: 0.9329
CentroidY: 0.0908
