Location: internet_6.png_Gaussian-Median.png
Component: component_1755093690651_179.png
centerX: 0.37968561064087064
centerY: 0.5115483319076134
width: 0.04030632809351068
height: 0.028229255774165955
Area: 0.0004856987240466956
CentroidX: 0.4002
CentroidY: 0.5260
