Location: internet_6.png_Otsu.png
Component: component_1755093690745_105.png
centerX: 0.7351874244256348
centerY: 0.29455374964357
width: 0.04917372027408303
height: 0.029654975762760195
Area: 0.0005897113471565534
CentroidX: 0.7599
CentroidY: 0.3095
