Location: internet_6.png_Gaussian-Closing.png
Component: component_1755093691186_172.png
centerX: 0.5485691253526803
centerY: 0.4964357000285144
width: 0.04877065699314793
height: 0.031936127744510975
Area: 0.0005525886098477312
CentroidX: 0.5742
CentroidY: 0.5126
