Location: internet_6.png_Otsu.png
Component: component_1755093690880_204.png
centerX: 0.3861346231358323
centerY: 0.5603079555175363
width: 0.0471584038694075
height: 0.028229255774165955
Area: 0.0003792725483563879
CentroidX: 0.4095
CentroidY: 0.5744
