Location: internet_6.png_Gaussian-Median.png
Component: component_1755093690625_64.png
centerX: 0.7263200322450625
centerY: 0.16966067864271456
width: 0.049979846835953246
height: 0.033932135728542916
Area: 0.0007010795590830201
CentroidX: 0.7515
CentroidY: 0.1870
