Location: internet_6.png_Otsu.png
Component: component_1755093690741_88.png
centerX: 0.07496977025392987
centerY: 0.2469347020245224
width: 0.04675534058847239
height: 0.03136583974907328
Area: 0.0006215472550034381
CentroidX: 0.0990
CentroidY: 0.2620
