Location: internet_6.png_Mean-Closing.png
Component: component_1755093691029_33.png
centerX: 0.7190648931882305
centerY: 0.07955517536355859
width: 0.041515517936316
height: 0.03279155973766752
Area: 0.0006548772668286965
CentroidX: 0.7386
CentroidY: 0.0961
