Location: internet_6.png_Gaussian-Median.png
Component: component_1755093690642_139.png
centerX: 0.07053607416364369
centerY: 0.3900769888793841
width: 0.04514308746473196
height: 0.031080695751354435
Area: 0.0005837349312430589
CentroidX: 0.0934
CentroidY: 0.4053
