Location: internet_6.png_Gaussian-Median.png
Component: component_1755093690628_78.png
centerX: 0.8448206368399839
centerY: 0.2024522383803821
width: 0.04232164449818621
height: 0.029369831765041345
Area: 0.0006103989407032656
CentroidX: 0.8659
CentroidY: 0.2175
