Location: internet_6.png_Mean-Closing.png
Component: component_1755093691054_109.png
centerX: 0.47118097541313986
centerY: 0.3153692614770459
width: 0.049979846835953246
height: 0.029369831765041345
Area: 0.0006679794094082808
CentroidX: 0.4973
CentroidY: 0.3301
