Location: internet_6.png_Gaussian-Median.png
Component: component_1755093690649_169.png
centerX: 0.147118097541314
centerY: 0.4804676361562589
width: 0.049979846835953246
height: 0.029940119760479042
Area: 0.0005990207642525739
CentroidX: 0.1742
CentroidY: 0.4951
