Location: internet_6.png_Mean-Closing.png
Component: component_1755093691027_28.png
centerX: 0.083031035872632
centerY: 0.0575990875392073
width: 0.05239822652156389
height: 0.033361847733105215
Area: 0.0008037130092897639
CentroidX: 0.1094
CentroidY: 0.0749
