Location: internet_6.png_Otsu.png
Component: component_1755093690721_1.png
centerX: 0.17492946392583636
centerY: 0.00028514399771884804
width: 0.04554615074566707
height: 0.03735386370116909
Area: 0.0007452130919826726
CentroidX: 0.1992
CentroidY: 0.0186
