Location: internet_6.png_Gaussian-Closing.png
Component: component_1755093691193_197.png
centerX: 0.9032648125755743
centerY: 0.5765611633875107
width: 0.0354695687222894
height: 0.02623324779013402
Area: 0.0003768589957759382
CentroidX: 0.9213
CentroidY: 0.5901
