Location: internet_6.png_Gaussian-Closing.png
Component: component_1755093691167_102.png
centerX: 0.7984683595324465
centerY: 0.28885086968919305
width: 0.04070939137444579
height: 0.028229255774165955
Area: 0.0005590247500622639
CentroidX: 0.8182
CentroidY: 0.3028
