Location: internet_6.png_Mean-Closing.png
Component: component_1755093691044_68.png
centerX: 0.2845626763401854
centerY: 0.19019104647847163
width: 0.046352277307537285
height: 0.03364699173082407
Area: 0.000680621827686827
CentroidX: 0.3077
CentroidY: 0.2069
