Location: internet_6.png_Otsu.png
Component: component_1755093690743_97.png
centerX: 0.3542926239419589
centerY: 0.27830054177359564
width: 0.045949214026602174
height: 0.029369831765041345
Area: 0.0005824706894152043
CentroidX: 0.3781
CentroidY: 0.2929
