Location: internet_6.png_Gaussian-Median.png
Component: component_1755093690666_253.png
centerX: 0.4836759371221282
centerY: 0.6986027944111777
width: 0.036275695284159616
height: 0.0290846877673225
Area: 0.000394788243516422
CentroidX: 0.5021
CentroidY: 0.7137
