Location: internet_6.png_Gaussian-Median.png
Component: component_1755093690625_63.png
centerX: 0.867795243853285
centerY: 0.1628172226974622
width: 0.05239822652156389
height: 0.029369831765041345
Area: 0.0007014243523087986
CentroidX: 0.8938
CentroidY: 0.1775
