Location: internet_6.png_Gaussian-Median.png
Component: component_1755093690665_249.png
centerX: 0.5957275292220878
centerY: 0.6891930424864556
width: 0.03667875856509472
height: 0.027944111776447105
Area: 0.0003949031745916815
CentroidX: 0.6153
CentroidY: 0.7028
