Location: internet_6.png_Gaussian-Closing.png
Component: component_1755093691186_171.png
centerX: 0.6162837565497783
centerY: 0.4930139720558882
width: 0.045949214026602174
height: 0.029940119760479042
Area: 0.0005169599765172827
CentroidX: 0.6407
CentroidY: 0.5082
