Location: internet_6.png_Gaussian-Closing.png
Component: component_1755093691146_20.png
centerX: 0.7174526400644902
centerY: 0.04220131166238951
width: 0.04554615074566707
height: 0.03051040775591674
Area: 0.0006969420403736777
CentroidX: 0.7399
CentroidY: 0.0572
