Location: internet_6.png_Gaussian-Median.png
Component: component_1755093690632_93.png
centerX: 0.011688835147118097
centerY: 0.24921585400627316
width: 0.04312777106005643
height: 0.03022526375819789
Area: 0.000615455908014684
CentroidX: 0.0337
CentroidY: 0.2651
