Location: internet_6.png_Gaussian-Median.png
Component: component_1755093690624_57.png
centerX: 0.21725110842402257
centerY: 0.13915027088679782
width: 0.0471584038694075
height: 0.03735386370116909
Area: 0.0006771738954290418
CentroidX: 0.2416
CentroidY: 0.1587
