Location: internet_6.png_Mean-Closing.png
Component: component_1755093691045_74.png
centerX: 0.7779121322047562
centerY: 0.20644425434844596
width: 0.0471584038694075
height: 0.029369831765041345
Area: 0.0006605088895164125
CentroidX: 0.8014
CentroidY: 0.2215
