Location: internet_6.png_Gaussian-Median.png
Component: component_1755093690668_264.png
centerX: 0.13180169286577992
centerY: 0.720558882235529
width: 0.03667875856509472
height: 0.02594810379241517
Area: 0.0003708825798624436
CentroidX: 0.1515
CentroidY: 0.7336
