Location: internet_6.png_Otsu.png
Component: component_1755093690743_98.png
centerX: 0.9137444578798871
centerY: 0.2797262617621899
width: 0.04312777106005643
height: 0.0290846877673225
Area: 0.0005713223751150317
CentroidX: 0.9346
CentroidY: 0.2939
