Location: internet_6.png_Gaussian-Median.png
Component: component_1755093690637_114.png
centerX: 0.47118097541313986
centerY: 0.3150841174793271
width: 0.049576783555018135
height: 0.029654975762760195
Area: 0.0006375226744645102
CentroidX: 0.4973
CentroidY: 0.3301
