Location: internet_6.png_Mean-Closing.png
Component: component_1755093691055_111.png
centerX: 0.9520354695687223
centerY: 0.32506415739948674
width: 0.03869407496977025
height: 0.03421727972626176
Area: 0.0006169500119930577
CentroidX: 0.9718
CentroidY: 0.3425
