Location: internet_6.png_Otsu.png
Component: component_1755093690798_169.png
centerX: 0.6743248690044337
centerY: 0.4861705161106359
width: 0.04877065699314793
height: 0.03051040775591674
Area: 0.000519488460172992
CentroidX: 0.6991
CentroidY: 0.5018
