Location: internet_6.png_Mean-Closing.png
Component: component_1755093691062_139.png
centerX: 0.5191455058444175
centerY: 0.40461933276304535
width: 0.051189036678758564
height: 0.0290846877673225
Area: 0.0006153409769394246
CentroidX: 0.5460
CentroidY: 0.4194
