Location: internet_6.png_Otsu.png
Component: component_1755093690725_19.png
centerX: 0.5804111245465539
centerY: 0.042486455660108356
width: 0.04917372027408303
height: 0.03364699173082407
Area: 0.0007598093385406305
CentroidX: 0.6046
CentroidY: 0.0593
