Location: internet_6.png_Gaussian-Median.png
Component: component_1755093690614_13.png
centerX: 0.01894397420395002
centerY: 0.0051325919589392645
width: 0.05401047964530431
height: 0.03735386370116909
Area: 0.0007762444823027406
CentroidX: 0.0494
CentroidY: 0.0233
