Location: internet_6.png_Otsu.png
Component: component_1755093690873_203.png
centerX: 0.4486094316807739
centerY: 0.5574565155403479
width: 0.0354695687222894
height: 0.02737382378100941
Area: 0.0003219219418018917
CentroidX: 0.4667
CentroidY: 0.5716
