Location: internet_6.png_Gaussian-Median.png
Component: component_1755093690614_10.png
centerX: 0.2426440951229343
centerY: 0.004562303963501569
width: 0.04433696090286175
height: 0.03279155973766752
Area: 0.000684414553170391
CentroidX: 0.2649
CentroidY: 0.0216
