Location: internet_6.png_Mean-Closing.png
Component: component_1755093691028_31.png
centerX: 0.8428053204353083
centerY: 0.07727402338180782
width: 0.044740024183796856
height: 0.030795551753635585
Area: 0.0006537279560761014
CentroidX: 0.8651
CentroidY: 0.0924
