Location: internet_6.png_Mean-Closing.png
Component: component_1755093691085_239.png
centerX: 0.539701733172108
centerY: 0.6946107784431138
width: 0.0354695687222894
height: 0.027944111776447105
Area: 0.0004042125916877019
CentroidX: 0.5583
CentroidY: 0.7087
