Location: internet_6.png_Gaussian-Closing.png
Component: component_1755093691165_94.png
centerX: 0.49455864570737607
centerY: 0.2671799258625606
width: 0.04675534058847239
height: 0.031080695751354435
Area: 0.0006436140214532643
CentroidX: 0.5186
CentroidY: 0.2822
