Location: internet_6.png_Mean-Closing.png
Component: component_1755093691073_182.png
centerX: 0.732365981459089
centerY: 0.5329341317365269
width: 0.04353083434099154
height: 0.027944111776447105
Area: 0.00046156319824219817
CentroidX: 0.7557
CentroidY: 0.5468
