Location: internet_6.png_Otsu.png
Component: component_1755093690747_112.png
centerX: 0.9520354695687223
centerY: 0.32506415739948674
width: 0.03829101168883515
height: 0.033932135728542916
Area: 0.0005645414416747205
CentroidX: 0.9717
CentroidY: 0.3424
