Location: internet_6.png_Mean-Closing.png
Component: component_1755093691041_56.png
centerX: 0.011688835147118097
centerY: 0.15255203877958368
width: 0.044740024183796856
height: 0.031080695751354435
Area: 0.0006868281057508407
CentroidX: 0.0344
CentroidY: 0.1685
