Location: internet_6.png_Otsu.png
Component: component_1755093690748_115.png
centerX: 0.2825473599355099
centerY: 0.3296264613629883
width: 0.042724707779121324
height: 0.03421727972626176
Area: 0.0006254549115622616
CentroidX: 0.3039
CentroidY: 0.3468
