Location: internet_6.png_Gaussian-Closing.png
Component: component_1755093691149_28.png
centerX: 0.083031035872632
centerY: 0.05731394354148845
width: 0.05239822652156389
height: 0.033361847733105215
Area: 0.0007764743444532596
CentroidX: 0.1094
CentroidY: 0.0749
