Location: internet_6.png_Otsu.png
Component: component_1755093690736_65.png
centerX: 0.43047158403869407
centerY: 0.18391787852865696
width: 0.04917372027408303
height: 0.03279155973766752
Area: 0.0006490157819904614
CentroidX: 0.4554
CentroidY: 0.2000
