Location: internet_6.png_Gaussian-Closing.png
Component: component_1755093691192_195.png
centerX: 0.9536477226924627
centerY: 0.5728542914171657
width: 0.03869407496977025
height: 0.02566295979469632
Area: 0.0003739857188944504
CentroidX: 0.9733
CentroidY: 0.5853
