Location: internet_6.png_Gaussian-Median.png
Component: component_1755093690665_246.png
centerX: 0.8311164852881903
centerY: 0.6777872825777017
width: 0.04070939137444579
height: 0.023666951810664385
Area: 0.00037145723523874114
CentroidX: 0.8526
CentroidY: 0.6892
