Location: internet_6.png_Otsu.png
Component: component_1755093690740_84.png
centerX: 0.21362353889560662
centerY: 0.23781009409751924
width: 0.049979846835953246
height: 0.031936127744510975
Area: 0.0006067211462949612
CentroidX: 0.2386
CentroidY: 0.2537
