Location: internet_6.png_Gaussian-Median.png
Component: component_1755093690648_164.png
centerX: 0.3301088270858525
centerY: 0.46535500427716
width: 0.04191858121725111
height: 0.029654975762760195
Area: 0.0005310964987742026
CentroidX: 0.3516
CentroidY: 0.4811
