Location: internet_6.png_Gaussian-Closing.png
Component: component_1755093691218_251.png
centerX: 0.060056428859330914
centerY: 0.7199885942400912
width: 0.035872632003224506
height: 0.02623324779013402
Area: 0.0003589297480354544
CentroidX: 0.0772
CentroidY: 0.7336
