Location: internet_6.png_Gaussian-Closing.png
Component: component_1755093691210_231.png
centerX: 0.2571543732365981
centerY: 0.6703735386370117
width: 0.037081821846029824
height: 0.026518391787852865
Area: 0.00037547982287282404
CentroidX: 0.2766
CentroidY: 0.6842
