Location: internet_6.png_Gaussian-Closing.png
Component: component_1755093691188_179.png
centerX: 0.2672309552599758
centerY: 0.5220986598232107
width: 0.04191858121725111
height: 0.02765896777872826
Area: 0.0005077654904965217
CentroidX: 0.2884
CentroidY: 0.5366
