Location: internet_6.png_Gaussian-Closing.png
Component: component_1755093691208_228.png
centerX: 0.3115679161628376
centerY: 0.6641003706871971
width: 0.04433696090286175
height: 0.0290846877673225
Area: 0.00043329015372835835
CentroidX: 0.3342
CentroidY: 0.6790
