Location: internet_6.png_Mean-Closing.png
Component: component_1755093691078_209.png
centerX: 0.2994760177347844
centerY: 0.6122041631023667
width: 0.03829101168883515
height: 0.028514399771884802
Area: 0.0003791576172811284
CentroidX: 0.3193
CentroidY: 0.6272
