Location: internet_6.png_Otsu.png
Component: component_1755093690889_212.png
centerX: 0.20193470374848851
centerY: 0.5751354433989164
width: 0.039500201531640466
height: 0.02879954376960365
Area: 0.00039444345029064344
CentroidX: 0.2217
CentroidY: 0.5899
