Location: internet_6.png_Gaussian-Median.png
Component: component_1755093690657_208.png
centerX: 0.007255139056831923
centerY: 0.5868263473053892
width: 0.037484885126964934
height: 0.02480752780153978
Area: 0.00041662514781572917
CentroidX: 0.0260
CentroidY: 0.6000
