Location: internet_6.png_Gaussian-Median.png
Component: component_1755093690659_216.png
centerX: 0.3538895606610238
centerY: 0.6090675791274593
width: 0.04232164449818621
height: 0.030795551753635585
Area: 0.00037053778663666503
CentroidX: 0.3760
CentroidY: 0.6242
