Location: internet_6.png_Gaussian-Closing.png
Component: component_1755093691182_156.png
centerX: 0.4969770253929867
centerY: 0.45280866837753064
width: 0.04353083434099154
height: 0.028514399771884802
Area: 0.0005325906027525763
CentroidX: 0.5192
CentroidY: 0.4668
