Location: internet_6.png_Mean-Closing.png
Component: component_1755093691071_172.png
centerX: 0.43087464731962916
centerY: 0.508411747932706
width: 0.044740024183796856
height: 0.02765896777872826
Area: 0.0005179943561946183
CentroidX: 0.4536
CentroidY: 0.5224
