Location: internet_6.png_Gaussian-Median.png
Component: component_1755093690655_199.png
centerX: 0.26320032245062475
centerY: 0.570287995437696
width: 0.04191858121725111
height: 0.02879954376960365
Area: 0.00045156419469462067
CentroidX: 0.2842
CentroidY: 0.5850
