Location: internet_6.png_Gaussian-Closing.png
Component: component_1755093691165_95.png
centerX: 0.41878274889157596
centerY: 0.2725976618192187
width: 0.04675534058847239
height: 0.030795551753635585
Area: 0.0006110885271548226
CentroidX: 0.4428
CentroidY: 0.2880
