Location: internet_6.png_Mean-Closing.png
Component: component_1755093691023_17.png
centerX: 0.8472390165255945
centerY: 0.039064727687482176
width: 0.04353083434099154
height: 0.03222127174222983
Area: 0.0006790127926331939
CentroidX: 0.8684
CentroidY: 0.0558
