Location: internet_6.png_Gaussian-Median.png
Component: component_1755093690658_213.png
centerX: 0.5179363160016123
centerY: 0.6013686911890505
width: 0.04030632809351068
height: 0.02623324779013402
Area: 0.0003739857188944504
CentroidX: 0.5388
CentroidY: 0.6140
