Location: internet_6.png_Otsu.png
Component: component_1755093690792_164.png
centerX: 0.1475211608222491
centerY: 0.48075278015397777
width: 0.04917372027408303
height: 0.029369831765041345
Area: 0.0005666102010293916
CentroidX: 0.1743
CentroidY: 0.4952
