Location: internet_6.png_Gaussian-Median.png
Component: component_1755093690620_37.png
centerX: 0.6537686416767432
centerY: 0.07984031936127745
width: 0.04353083434099154
height: 0.03450242372398061
Area: 0.0006829204491920173
CentroidX: 0.6752
CentroidY: 0.0974
