Location: internet_6.png_Mean-Closing.png
Component: component_1755093691080_217.png
centerX: 0.8218460298266828
centerY: 0.6364414029084687
width: 0.03990326481257558
height: 0.028229255774165955
Area: 0.0004491506421141709
CentroidX: 0.8432
CentroidY: 0.6511
