Location: internet_6.png_Gaussian-Median.png
Component: component_1755093690628_77.png
centerX: 0.007255139056831923
centerY: 0.19788993441688052
width: 0.045949214026602174
height: 0.031936127744510975
Area: 0.0006623477867205648
CentroidX: 0.0305
CentroidY: 0.2146
