Location: internet_6.png_Otsu.png
Component: component_1755093690741_91.png
centerX: 0.6811769447803305
centerY: 0.2557741659538067
width: 0.04796453043127771
height: 0.031936127744510975
Area: 0.0006680943404835403
CentroidX: 0.7053
CentroidY: 0.2716
