Location: internet_6.png_Gaussian-Median.png
Component: component_1755093690662_235.png
centerX: 0.4316807738814994
centerY: 0.6575420587396635
width: 0.0354695687222894
height: 0.028514399771884802
Area: 0.0003528384010467003
CentroidX: 0.4500
CentroidY: 0.6732
