Location: internet_6.png_Gaussian-Median.png
Component: component_1755093690648_165.png
centerX: 0.9238210399032648
centerY: 0.4696321642429427
width: 0.03667875856509472
height: 0.029940119760479042
Area: 0.0004642066129731669
CentroidX: 0.9428
CentroidY: 0.4842
