Location: internet_6.png_Otsu.png
Component: component_1755093690938_499.png
centerX: 0.13220475614671504
centerY: 0.720558882235529
width: 0.036275695284159616
height: 0.02594810379241517
Area: 0.00033146122104843115
CentroidX: 0.1514
CentroidY: 0.7335
