Location: internet_6.png_Gaussian-Closing.png
Component: component_1755093691169_110.png
centerX: 0.47118097541313986
centerY: 0.3153692614770459
width: 0.049576783555018135
height: 0.029369831765041345
Area: 0.0006357987083356176
CentroidX: 0.4973
CentroidY: 0.3301
