Location: internet_6.png_Mean-Closing.png
Component: component_1755093691027_27.png
centerX: 0.012898024989923419
centerY: 0.05674365554605076
width: 0.049979846835953246
height: 0.03450242372398061
Area: 0.0007856688304740206
CentroidX: 0.0392
CentroidY: 0.0747
