Location: internet_6.png_Gaussian-Median.png
Component: component_1755093690656_204.png
centerX: 0.8472390165255945
centerY: 0.5791274593669803
width: 0.04191858121725111
height: 0.027944111776447105
Area: 0.0004261644270622686
CentroidX: 0.8688
CentroidY: 0.5933
