Location: internet_6.png_Mean-Closing.png
Component: component_1755093691083_228.png
centerX: 0.9371221281741233
centerY: 0.6695181066438551
width: 0.03305118903667876
height: 0.026803535785571715
Area: 0.00039329413953804836
CentroidX: 0.9539
CentroidY: 0.6826
