Location: internet_6.png_Otsu.png
Component: component_1755093690736_66.png
centerX: 0.3542926239419589
centerY: 0.1870544625035643
width: 0.0475614671503426
height: 0.03222127174222983
Area: 0.000660623820591672
CentroidX: 0.3785
CentroidY: 0.2037
