Location: internet_6.png_Gaussian-Median.png
Component: component_1755093690661_227.png
centerX: 0.8746473196291817
centerY: 0.635871114913031
width: 0.03869407496977025
height: 0.02623324779013402
Area: 0.00039651220964531463
CentroidX: 0.8956
CentroidY: 0.6486
