Location: internet_6.png_Otsu.png
Component: component_1755093690788_156.png
centerX: 0.4973800886739218
centerY: 0.4530938123752495
width: 0.04312777106005643
height: 0.027944111776447105
Area: 0.000509374525550155
CentroidX: 0.5193
CentroidY: 0.4668
