Location: internet_6.png_Gaussian-Closing.png
Component: component_1755093691147_23.png
centerX: 0.37162434502216846
centerY: 0.04932991160536071
width: 0.04796453043127771
height: 0.03421727972626176
Area: 0.0007509596457456481
CentroidX: 0.3958
CentroidY: 0.0670
