Location: internet_6.png_Gaussian-Median.png
Component: component_1755093690647_160.png
centerX: 0.4969770253929867
centerY: 0.45280866837753064
width: 0.04353083434099154
height: 0.028514399771884802
Area: 0.0005338548445804309
CentroidX: 0.5192
CentroidY: 0.4668
