Location: internet_6.png_Gaussian-Closing.png
Component: component_1755093691163_88.png
centerX: 0.07456670697299476
centerY: 0.2469347020245224
width: 0.0475614671503426
height: 0.031080695751354435
Area: 0.0006456827808079356
CentroidX: 0.0990
CentroidY: 0.2620
