Location: internet_6.png_Mean-Closing.png
Component: component_1755093691072_176.png
centerX: 0.9040709391374446
centerY: 0.5212432278300542
width: 0.03345425231761386
height: 0.026518391787852865
Area: 0.0003499651241652125
CentroidX: 0.9206
CentroidY: 0.5354
