Location: internet_6.png_Otsu.png
Component: component_1755093690733_53.png
centerX: 0.3518742442563482
centerY: 0.13915027088679782
width: 0.05038291011688835
height: 0.035357855717137156
Area: 0.0006746454117733324
CentroidX: 0.3786
CentroidY: 0.1574
