Location: internet_6.png_Gaussian-Closing.png
Component: component_1755093691194_200.png
centerX: 0.7891979040709391
centerY: 0.5811234673510123
width: 0.039500201531640466
height: 0.0290846877673225
Area: 0.0004142115952352794
CentroidX: 0.8095
CentroidY: 0.5963
