Location: internet_6.png_Gaussian-Closing.png
Component: component_1755093691173_128.png
centerX: 0.332124143490528
centerY: 0.37553464499572287
width: 0.04917372027408303
height: 0.031936127744510975
Area: 0.0006222368414549953
CentroidX: 0.3578
CentroidY: 0.3914
