Location: internet_6.png_Otsu.png
Component: component_1755093690725_20.png
centerX: 0.7178557033454253
centerY: 0.04220131166238951
width: 0.04514308746473196
height: 0.03051040775591674
Area: 0.0006793575858589725
CentroidX: 0.7398
CentroidY: 0.0573
