Location: internet_6.png_Mean-Closing.png
Component: component_1755093691049_89.png
centerX: 0.7488915759774285
centerY: 0.25007128599942974
width: 0.04393389762192664
height: 0.03022526375819789
Area: 0.0006436140214532643
CentroidX: 0.7709
CentroidY: 0.2650
