Location: internet_6.png_Otsu.png
Component: component_1755093690762_136.png
centerX: 0.7291414752116082
centerY: 0.3917878528656972
width: 0.045949214026602174
height: 0.028229255774165955
Area: 0.0005183391494203969
CentroidX: 0.7530
CentroidY: 0.4058
