Location: internet_6.png_Mean-Closing.png
Component: component_1755093691066_151.png
centerX: 0.671906489318823
centerY: 0.44083262047333904
width: 0.04554615074566707
height: 0.02765896777872826
Area: 0.000574310583071779
CentroidX: 0.6953
CentroidY: 0.4545
