Location: internet_6.png_Gaussian-Median.png
Component: component_1755093690652_181.png
centerX: 0.951229343006852
centerY: 0.51981750784146
width: 0.03909713825070536
height: 0.02623324779013402
Area: 0.00037352599459341233
CentroidX: 0.9717
CentroidY: 0.5335
