Location: internet_6.png_Gaussian-Median.png
Component: component_1755093690639_123.png
centerX: 0.7831519548569126
centerY: 0.3384659252922726
width: 0.04232164449818621
height: 0.03051040775591674
Area: 0.0005812064475873496
CentroidX: 0.8038
CentroidY: 0.3541
