Location: internet_6.png_Gaussian-Closing.png
Component: component_1755093691216_244.png
centerX: 0.430068520757759
centerY: 0.699743370402053
width: 0.03990326481257558
height: 0.02737382378100941
Area: 0.00039950041760206193
CentroidX: 0.4509
CentroidY: 0.7129
