Location: internet_6.png_Mean-Closing.png
Component: component_1755093691048_85.png
centerX: 0.14389359129383314
centerY: 0.2435129740518962
width: 0.04836759371221282
height: 0.02879954376960365
Area: 0.000669818306612433
CentroidX: 0.1682
CentroidY: 0.2570
