Location: internet_6.png_Gaussian-Closing.png
Component: component_1755093691145_13.png
centerX: 0.4498186215235792
centerY: 0.0051325919589392645
width: 0.04675534058847239
height: 0.030795551753635585
Area: 0.0006941836945674495
CentroidX: 0.4738
CentroidY: 0.0209
