Location: internet_6.png_Mean-Closing.png
Component: component_1755093691042_59.png
centerX: 0.7980652962515115
centerY: 0.16937553464499572
width: 0.04877065699314793
height: 0.030795551753635585
Area: 0.0006994705240293869
CentroidX: 0.8222
CentroidY: 0.1843
