Location: internet_6.png_Gaussian-Median.png
Component: component_1755093690638_118.png
centerX: 0.2825473599355099
centerY: 0.32934131736526945
width: 0.04312777106005643
height: 0.034787567721699456
Area: 0.0006538428871513609
CentroidX: 0.3039
CentroidY: 0.3468
