Location: internet_6.png_Mean-Closing.png
Component: component_1755093691073_184.png
centerX: 0.6731156791616284
centerY: 0.5383518676931851
width: 0.04191858121725111
height: 0.027088679783290562
Area: 0.0004438638126522334
CentroidX: 0.6950
CentroidY: 0.5519
