Location: internet_6.png_Otsu.png
Component: component_1755093690727_30.png
centerX: 0.9089076985086658
centerY: 0.07641859138865127
width: 0.046352277307537285
height: 0.03022526375819789
Area: 0.000605112111241328
CentroidX: 0.9330
CentroidY: 0.0908
