Location: internet_6.png_Gaussian-Closing.png
Component: component_1755093691146_19.png
centerX: 0.5804111245465539
centerY: 0.042486455660108356
width: 0.049576783555018135
height: 0.03364699173082407
Area: 0.0007825656914420138
CentroidX: 0.6046
CentroidY: 0.0594
