Location: internet_6.png_Gaussian-Median.png
Component: component_1755093690649_168.png
centerX: 0.2140266021765417
centerY: 0.47875677216994583
width: 0.05199516324062878
height: 0.02879954376960365
Area: 0.0005820109651141662
CentroidX: 0.2416
CentroidY: 0.4934
