Location: internet_6.png_Otsu.png
Component: component_1755093690749_116.png
centerX: 0.8395808141878275
centerY: 0.3330481893356145
width: 0.04917372027408303
height: 0.02879954376960365
Area: 0.0006085600434991133
CentroidX: 0.8631
CentroidY: 0.3480
