Location: internet_6.png_Gaussian-Median.png
Component: component_1755093690654_193.png
centerX: 0.5570334542523177
centerY: 0.5494724836042202
width: 0.03869407496977025
height: 0.025092671799258625
Area: 0.0003918000355596747
CentroidX: 0.5763
CentroidY: 0.5622
