Location: internet_6.png_Gaussian-Closing.png
Component: component_1755093691152_41.png
centerX: 0.08222490931076179
centerY: 0.1003706871970345
width: 0.046352277307537285
height: 0.03022526375819789
Area: 0.0006687839269350974
CentroidX: 0.1051
CentroidY: 0.1152
