Location: internet_6.png_Gaussian-Median.png
Component: component_1755093690629_85.png
centerX: 0.3502619911326078
centerY: 0.22811519817507842
width: 0.04836759371221282
height: 0.033361847733105215
Area: 0.0006536130250008418
CentroidX: 0.3759
CentroidY: 0.2447
