Location: internet_6.png_Gaussian-Closing.png
Component: component_1755093691194_198.png
centerX: 0.13502619911326078
centerY: 0.5788423153692615
width: 0.042724707779121324
height: 0.029369831765041345
Area: 0.00044168012222230266
CentroidX: 0.1582
CentroidY: 0.5933
