Location: internet_6.png_Mean-Closing.png
Component: component_1755093691030_36.png
centerX: 0.3486497380088674
centerY: 0.09124607927003137
width: 0.05078597339782346
height: 0.032506415739948676
Area: 0.0007398113314454755
CentroidX: 0.3742
CentroidY: 0.1080
