Location: internet_6.png_Gaussian-Closing.png
Component: component_1755093691157_64.png
centerX: 0.5836356307940347
centerY: 0.17621899059024806
width: 0.041515517936316
height: 0.031080695751354435
Area: 0.000619938219949805
CentroidX: 0.6046
CentroidY: 0.1924
