Location: internet_6.png_Gaussian-Closing.png
Component: component_1755093691190_186.png
centerX: 0.6731156791616284
centerY: 0.5386370116909039
width: 0.04191858121725111
height: 0.026803535785571715
Area: 0.0004212223908261096
CentroidX: 0.6949
CentroidY: 0.5517
