Location: internet_6.png_Gaussian-Closing.png
Component: component_1755093691150_30.png
centerX: 0.9085046352277307
centerY: 0.07641859138865127
width: 0.0471584038694075
height: 0.03051040775591674
Area: 0.0006266042223148566
CentroidX: 0.9329
CentroidY: 0.0908
