Location: internet_6.png_Mean-Closing.png
Component: component_1755093691076_201.png
centerX: 0.007255139056831923
centerY: 0.5868263473053892
width: 0.037081821846029824
height: 0.02480752780153978
Area: 0.00043846205211503633
CentroidX: 0.0259
CentroidY: 0.6000
