Location: internet_6.png_Otsu.png
Component: component_1755093690801_173.png
centerX: 0.48972188633615477
centerY: 0.5021385799828914
width: 0.04312777106005643
height: 0.026518391787852865
Area: 0.0004559315755544821
CentroidX: 0.5114
CentroidY: 0.5156
