Location: internet_6.png_Otsu.png
Component: component_1755093690937_475.png
centerX: 0.31882305521966947
centerY: 0.7068719703450242
width: 0.03466344216041919
height: 0.02737382378100941
Area: 0.0003373227058866662
CentroidX: 0.3370
CentroidY: 0.7209
