Location: internet_6.png_Gaussian-Median.png
Component: component_1755093690629_84.png
centerX: 0.4268440145102781
centerY: 0.22583404619332764
width: 0.046352277307537285
height: 0.029654975762760195
Area: 0.000619478495648767
CentroidX: 0.4498
CentroidY: 0.2406
