Location: internet_6.png_Gaussian-Median.png
Component: component_1755093690615_15.png
centerX: 0.3825070536074164
centerY: 0.00570287995437696
width: 0.0471584038694075
height: 0.031080695751354435
Area: 0.0006842996220951315
CentroidX: 0.4071
CentroidY: 0.0220
