Location: internet_6.png_Otsu.png
Component: component_1755093690722_6.png
centerX: 0.09633212414349053
centerY: 0.003421727972626176
width: 0.05602579604997985
height: 0.035642999714856
Area: 0.0007854389683235015
CentroidX: 0.1263
CentroidY: 0.0209
