Location: internet_6.png_Gaussian-Closing.png
Component: component_1755093691187_175.png
centerX: 0.38008867392180573
centerY: 0.5115483319076134
width: 0.03990326481257558
height: 0.027944111776447105
Area: 0.00048340010254150533
CentroidX: 0.4002
CentroidY: 0.5261
