Location: internet_6.png_Mean-Closing.png
Component: component_1755093691043_64.png
centerX: 0.5074566706972995
centerY: 0.17907043056743654
width: 0.04836759371221282
height: 0.03307670373538637
Area: 0.0006972868335994563
CentroidX: 0.5310
CentroidY: 0.1950
