Location: internet_6.png_Mean-Closing.png
Component: component_1755093691042_60.png
centerX: 0.7263200322450625
centerY: 0.16994582264043342
width: 0.049979846835953246
height: 0.033361847733105215
Area: 0.000715445943490459
CentroidX: 0.7515
CentroidY: 0.1870
