Location: internet_6.png_Mean-Closing.png
Component: component_1755093691079_212.png
centerX: 0.12293430068520758
centerY: 0.6238950670088395
width: 0.04070939137444579
height: 0.028514399771884802
Area: 0.0004070858685691897
CentroidX: 0.1446
CentroidY: 0.6387
