Location: internet_6.png_Gaussian-Median.png
Component: component_1755093690651_177.png
centerX: 0.4893188230552197
centerY: 0.5018534359851725
width: 0.04353083434099154
height: 0.026803535785571715
Area: 0.00048431955114358144
CentroidX: 0.5114
CentroidY: 0.5155
