Location: internet_6.png_Otsu.png
Component: component_1755093690927_385.png
centerX: 0.06972994760177348
centerY: 0.675506130595951
width: 0.04433696090286175
height: 0.027944111776447105
Area: 0.00032134728642559416
CentroidX: 0.0924
CentroidY: 0.6899
