Location: internet_6.png_Gaussian-Median.png
Component: component_1755093690631_87.png
centerX: 0.9294639258363563
centerY: 0.2358140861134873
width: 0.044740024183796856
height: 0.027944111776447105
Area: 0.0005901710714575915
CentroidX: 0.9522
CentroidY: 0.2494
