Location: internet_6.png_Mean-Closing.png
Component: component_1755093691053_104.png
centerX: 0.7347843611446997
centerY: 0.29455374964357
width: 0.049576783555018135
height: 0.029654975762760195
Area: 0.000634304604357244
CentroidX: 0.7598
CentroidY: 0.3094
