Location: internet_6.png_Mean-Closing.png
Component: component_1755093691077_202.png
centerX: 0.6779524385328497
centerY: 0.5879669232962647
width: 0.04353083434099154
height: 0.02566295979469632
Area: 0.000400190004053619
CentroidX: 0.7002
CentroidY: 0.6006
