Location: internet_6.png_Gaussian-Median.png
Component: component_1755093690649_171.png
centerX: 0.08020959290608626
centerY: 0.4838893641288851
width: 0.05280128980249899
height: 0.030795551753635585
Area: 0.0006321209139273132
CentroidX: 0.1086
CentroidY: 0.4994
