Location: internet_6.png_Otsu.png
Component: component_1755093690753_127.png
centerX: 0.39903264812575573
centerY: 0.37097234103222126
width: 0.044740024183796856
height: 0.028514399771884802
Area: 0.0005282232218927148
CentroidX: 0.4215
CentroidY: 0.3849
