Location: internet_6.png_Otsu.png
Component: component_1755093690909_304.png
centerX: 0.2470777912132205
centerY: 0.6167664670658682
width: 0.03385731559854897
height: 0.03022526375819789
Area: 0.0003233011147050058
CentroidX: 0.2644
CentroidY: 0.6328
