Location: internet_6.png_Otsu.png
Component: component_1755093690740_83.png
centerX: 0.9298669891172914
centerY: 0.2358140861134873
width: 0.04393389762192664
height: 0.027944111776447105
Area: 0.0005701730643624365
CentroidX: 0.9522
CentroidY: 0.2494
