Location: internet_6.png_Gaussian-Closing.png
Component: component_1755093691144_12.png
centerX: 0.01894397420395002
centerY: 0.0051325919589392645
width: 0.05401047964530431
height: 0.03706871970345024
Area: 0.0007733712054212528
CentroidX: 0.0494
CentroidY: 0.0233
