Location: internet_6.png_Mean-Closing.png
Component: component_1755093691021_7.png
centerX: 0.09633212414349053
centerY: 0.003421727972626176
width: 0.05602579604997985
height: 0.035642999714856
Area: 0.0008535930959523919
CentroidX: 0.1262
CentroidY: 0.0209
