Location: internet_6.png_Otsu.png
Component: component_1755093690725_22.png
centerX: 0.4429665457476824
centerY: 0.04733390362132877
width: 0.04836759371221282
height: 0.035357855717137156
Area: 0.0007296973968226385
CentroidX: 0.4667
CentroidY: 0.0659
