Location: internet_6.png_Otsu.png
Component: component_1755093690917_319.png
centerX: 0.006449012494961709
centerY: 0.6310236669518107
width: 0.037484885126964934
height: 0.028229255774165955
Area: 0.0003250250808338985
CentroidX: 0.0252
CentroidY: 0.6459
