Location: internet_6.png_Gaussian-Median.png
Component: component_1755093690654_190.png
centerX: 0.6727126158806933
centerY: 0.5383518676931851
width: 0.04232164449818621
height: 0.02737382378100941
Area: 0.000424900185234414
CentroidX: 0.6949
CentroidY: 0.5517
