Location: internet_6.png_Otsu.png
Component: component_1755093690743_95.png
centerX: 0.41878274889157596
centerY: 0.2725976618192187
width: 0.04675534058847239
height: 0.030795551753635585
Area: 0.0005853439662966921
CentroidX: 0.4429
CentroidY: 0.2881
