Location: internet_6.png_Mean-Closing.png
Component: component_1755093691059_125.png
centerX: 0.45828295042321643
centerY: 0.36412888508696895
width: 0.04554615074566707
height: 0.03307670373538637
Area: 0.000640625813496517
CentroidX: 0.4818
CentroidY: 0.3806
