Location: internet_6.png_Otsu.png
Component: component_1755093690909_301.png
centerX: 0.2998790810157195
centerY: 0.6122041631023667
width: 0.037081821846029824
height: 0.028514399771884802
Area: 0.00030238365900777476
CentroidX: 0.3191
CentroidY: 0.6273
