Location: internet_6.png_Otsu.png
Component: component_1755093690743_99.png
centerX: 0.28698105602579604
centerY: 0.2802965497576276
width: 0.0471584038694075
height: 0.031936127744510975
Area: 0.0006053419733918471
CentroidX: 0.3116
CentroidY: 0.2963
