Location: internet_6.png_Gaussian-Closing.png
Component: component_1755093691156_59.png
centerX: 0.867795243853285
centerY: 0.1628172226974622
width: 0.05199516324062878
height: 0.0290846877673225
Area: 0.0006974017646747157
CentroidX: 0.8938
CentroidY: 0.1775
