Location: internet_6.png_Gaussian-Median.png
Component: component_1755093690621_41.png
centerX: 0.4268440145102781
centerY: 0.09153122326775022
width: 0.0471584038694075
height: 0.034787567721699456
Area: 0.0006763693779022252
CentroidX: 0.4514
CentroidY: 0.1091
