Location: internet_6.png_Otsu.png
Component: component_1755093690800_172.png
centerX: 0.5489721886336155
centerY: 0.49672084402623323
width: 0.04796453043127771
height: 0.03136583974907328
Area: 0.0005198332533987705
CentroidX: 0.5743
CentroidY: 0.5126
