Location: internet_6.png_Gaussian-Median.png
Component: component_1755093690615_14.png
centerX: 0.4498186215235792
centerY: 0.0051325919589392645
width: 0.04675534058847239
height: 0.031080695751354435
Area: 0.0006970569714489372
CentroidX: 0.4738
CentroidY: 0.0209
