Location: internet_6.png_Gaussian-Closing.png
Component: component_1755093691144_10.png
centerX: 0.5195485691253526
centerY: 0.004562303963501569
width: 0.0475614671503426
height: 0.03022526375819789
Area: 0.0006892416583312905
CentroidX: 0.5437
CentroidY: 0.0202
