Location: internet_6.png_Gaussian-Median.png
Component: component_1755093690614_8.png
centerX: 0.7154373236598146
centerY: 0.00427715996578272
width: 0.045949214026602174
height: 0.029369831765041345
Area: 0.0006917701419869997
CentroidX: 0.7395
CentroidY: 0.0186
