Location: internet_6.png_Gaussian-Median.png
Component: component_1755093690618_28.png
centerX: 0.23377670294236194
centerY: 0.05018534359851725
width: 0.044740024183796856
height: 0.03592814371257485
Area: 0.0007675097205830177
CentroidX: 0.2560
CentroidY: 0.0680
