Location: internet_6.png_Mean-Closing.png
Component: component_1755093691045_73.png
centerX: 0.8448206368399839
centerY: 0.20273738237810093
width: 0.04232164449818621
height: 0.02879954376960365
Area: 0.0006302820167231611
CentroidX: 0.8660
CentroidY: 0.2175
