Location: internet_6.png_Gaussian-Median.png
Component: component_1755093690662_233.png
centerX: 0.5429262394195888
centerY: 0.6506986027944112
width: 0.046352277307537285
height: 0.028514399771884802
Area: 0.0004524836432966968
CentroidX: 0.5680
CentroidY: 0.6646
