Location: internet_6.png_Gaussian-Closing.png
Component: component_1755093691167_101.png
centerX: 0.21362353889560662
centerY: 0.2865697177074423
width: 0.045949214026602174
height: 0.029940119760479042
Area: 0.000619478495648767
CentroidX: 0.2373
CentroidY: 0.3011
