Location: internet_6.png_Otsu.png
Component: component_1755093690722_5.png
centerX: 0.845223700120919
centerY: 0.0025662959794696323
width: 0.049979846835953246
height: 0.029369831765041345
Area: 0.0007023438009108748
CentroidX: 0.8715
CentroidY: 0.0167
