Location: internet_6.png_Gaussian-Median.png
Component: component_1755093690634_101.png
centerX: 0.3542926239419589
centerY: 0.27830054177359564
width: 0.045949214026602174
height: 0.029654975762760195
Area: 0.0006092496299506705
CentroidX: 0.3780
CentroidY: 0.2929
