Location: internet_6.png_Otsu.png
Component: component_1755093690735_59.png
centerX: 0.7984683595324465
centerY: 0.16966067864271456
width: 0.04836759371221282
height: 0.03051040775591674
Area: 0.0006529234385492848
CentroidX: 0.8223
CentroidY: 0.1843
