Location: internet_6.png_Mean-Closing.png
Component: component_1755093691032_41.png
centerX: 0.08222490931076179
centerY: 0.1003706871970345
width: 0.046352277307537285
height: 0.03051040775591674
Area: 0.0006965972471478991
CentroidX: 0.1050
CentroidY: 0.1152
