Location: internet_6.png_Otsu.png
Component: component_1755093690908_288.png
centerX: 0.41031841999193874
centerY: 0.6062161391502708
width: 0.039500201531640466
height: 0.02765896777872826
Area: 0.0002877874124498168
CentroidX: 0.4308
CentroidY: 0.6204
