Location: internet_6.png_Gaussian-Median.png
Component: component_1755093690657_205.png
centerX: 0.7891979040709391
centerY: 0.5811234673510123
width: 0.03990326481257558
height: 0.029369831765041345
Area: 0.0004205328043745526
CentroidX: 0.8097
CentroidY: 0.5963
