Location: internet_6.png_Gaussian-Closing.png
Component: component_1755093691188_180.png
centerX: 0.8472390165255945
centerY: 0.5255203877958369
width: 0.037081821846029824
height: 0.02594810379241517
Area: 0.00034134529352074916
CentroidX: 0.8657
CentroidY: 0.5384
