Location: internet_6.png_Mean-Closing.png
Component: component_1755093691023_15.png
centerX: 0.9121322047561468
centerY: 0.03649843170801255
width: 0.045949214026602174
height: 0.03165098374679213
Area: 0.0007038379048892484
CentroidX: 0.9342
CentroidY: 0.0525
