Location: internet_6.png_Otsu.png
Component: component_1755093690923_375.png
centerX: 0.9367190648931882
centerY: 0.6695181066438551
width: 0.032648125755743655
height: 0.026518391787852865
Area: 0.0002929593108364948
CentroidX: 0.9534
CentroidY: 0.6822
