Location: internet_6.png_Mean-Closing.png
Component: component_1755093691022_13.png
centerX: 0.5820233776702942
centerY: 0.004562303963501569
width: 0.04232164449818621
height: 0.03136583974907328
Area: 0.0007092396654264455
CentroidX: 0.6036
CentroidY: 0.0205
