Location: internet_6.png_Mean-Closing.png
Component: component_1755093691045_75.png
centerX: 0.7061668681983071
centerY: 0.20986598232107215
width: 0.04554615074566707
height: 0.03307670373538637
Area: 0.0006790127926331939
CentroidX: 0.7286
CentroidY: 0.2264
