Location: internet_6.png_Gaussian-Closing.png
Component: component_1755093691170_111.png
centerX: 0.40870616686819833
centerY: 0.3213572854291417
width: 0.04433696090286175
height: 0.03165098374679213
Area: 0.0006090197678001514
CentroidX: 0.4318
CentroidY: 0.3364
