Location: internet_6.png_Otsu.png
Component: component_1755093690749_117.png
centerX: 0.21684804514308748
centerY: 0.335899629312803
width: 0.049576783555018135
height: 0.030795551753635585
Area: 0.0006141916661868294
CentroidX: 0.2421
CentroidY: 0.3512
