Location: internet_6.png_Mean-Closing.png
Component: component_1755093691049_88.png
centerX: 0.01128577186618299
centerY: 0.24921585400627316
width: 0.04353083434099154
height: 0.03022526375819789
Area: 0.0006456827808079356
CentroidX: 0.0336
CentroidY: 0.2651
