Location: internet_6.png_Otsu.png
Component: component_1755093690745_108.png
centerX: 0.6021765417170496
centerY: 0.3082406615340747
width: 0.0475614671503426
height: 0.030795551753635585
Area: 0.0006117781136063797
CentroidX: 0.6269
CentroidY: 0.3233
