Location: internet_6.png_Gaussian-Median.png
Component: component_1755093690649_170.png
centerX: 0.8101571946795647
centerY: 0.48132306814941545
width: 0.042724707779121324
height: 0.027944111776447105
Area: 0.00045960936996278646
CentroidX: 0.8309
CentroidY: 0.4953
