Location: internet_6.png_Gaussian-Closing.png
Component: component_1755093691167_100.png
centerX: 0.8544941555824265
centerY: 0.2825777017393784
width: 0.039500201531640466
height: 0.0290846877673225
Area: 0.0005530483341487693
CentroidX: 0.8754
CentroidY: 0.2969
