Location: internet_6.png_Gaussian-Median.png
Component: component_1755093690668_263.png
centerX: 0.060056428859330914
centerY: 0.7197034502423724
width: 0.035872632003224506
height: 0.026518391787852865
Area: 0.0003606537141643471
CentroidX: 0.0772
CentroidY: 0.7336
