Location: internet_6.png_Mean-Closing.png
Component: component_1755093691019_3.png
centerX: 0.9076985086658605
centerY: 0.000855431993156544
width: 0.045949214026602174
height: 0.027088679783290562
Area: 0.0006833801734930554
CentroidX: 0.9308
CentroidY: 0.0139
