Location: internet_6.png_Otsu.png
Component: component_1755093690723_9.png
centerX: 0.5195485691253526
centerY: 0.004847447961220416
width: 0.0471584038694075
height: 0.029940119760479042
Area: 0.0006663703743546477
CentroidX: 0.5438
CentroidY: 0.0202
