Location: internet_6.png_Gaussian-Median.png
Component: component_1755093690621_44.png
centerX: 0.15517936316001613
centerY: 0.09780439121756487
width: 0.046352277307537285
height: 0.03421727972626176
Area: 0.0007123428044584522
CentroidX: 0.1788
CentroidY: 0.1160
