Location: internet_6.png_Gaussian-Closing.png
Component: component_1755093691148_25.png
centerX: 0.29866989117291415
centerY: 0.05161106358711149
width: 0.0471584038694075
height: 0.03364699173082407
Area: 0.0007025736630613937
CentroidX: 0.3225
CentroidY: 0.0690
