Location: internet_6.png_Otsu.png
Component: component_1755093690735_63.png
centerX: 0.5836356307940347
centerY: 0.17650413458796693
width: 0.041112454655380895
height: 0.030795551753635585
Area: 0.0005977565224247193
CentroidX: 0.6045
CentroidY: 0.1925
