Location: internet_6.png_Otsu.png
Component: component_1755093690818_176.png
centerX: 0.32204756146715036
centerY: 0.5183917878528657
width: 0.04312777106005643
height: 0.027944111776447105
Area: 0.00048362996469202436
CentroidX: 0.3452
CentroidY: 0.5316
