Location: internet_6.png_Otsu.png
Component: component_1755093690907_273.png
centerX: 0.5183393792825474
centerY: 0.6013686911890505
width: 0.039500201531640466
height: 0.02623324779013402
Area: 0.0002966371052447992
CentroidX: 0.5385
CentroidY: 0.6140
