Location: internet_6.png_Mean-Closing.png
Component: component_1755093691040_53.png
centerX: 0.21725110842402257
centerY: 0.13915027088679782
width: 0.0471584038694075
height: 0.03735386370116909
Area: 0.0006972868335994563
CentroidX: 0.2416
CentroidY: 0.1588
