Location: internet_6.png_Gaussian-Median.png
Component: component_1755093690612_4.png
centerX: 0.7831519548569126
centerY: 0.001710863986313088
width: 0.044740024183796856
height: 0.027944111776447105
Area: 0.0006490157819904614
CentroidX: 0.8056
CentroidY: 0.0156
