Location: internet_6.png_Gaussian-Closing.png
Component: component_1755093691175_134.png
centerX: 0.7936316001612254
centerY: 0.38637011690903905
width: 0.04232164449818621
height: 0.027944111776447105
Area: 0.0005364982593113997
CentroidX: 0.8157
CentroidY: 0.4004
