Location: internet_6.png_Gaussian-Closing.png
Component: component_1755093691144_9.png
centerX: 0.2426440951229343
centerY: 0.004847447961220416
width: 0.04433696090286175
height: 0.032506415739948676
Area: 0.0006818860695146817
CentroidX: 0.2649
CentroidY: 0.0216
