Location: internet_6.png_Otsu.png
Component: component_1755093690790_160.png
centerX: 0.9238210399032648
centerY: 0.4699173082406615
width: 0.036275695284159616
height: 0.029654975762760195
Area: 0.0004277734621159018
CentroidX: 0.9428
CentroidY: 0.4841
