Location: internet_6.png_Gaussian-Median.png
Component: component_1755093690641_137.png
centerX: 0.1309955663039097
centerY: 0.3860849729113202
width: 0.04796453043127771
height: 0.03136583974907328
Area: 0.0005939637969411554
CentroidX: 0.1556
CentroidY: 0.4014
