Location: internet_6.png_Mean-Closing.png
Component: component_1755093691052_100.png
centerX: 0.21362353889560662
centerY: 0.28628457370972343
width: 0.045949214026602174
height: 0.03022526375819789
Area: 0.0006482112644636449
CentroidX: 0.2373
CentroidY: 0.3011
