Location: 2025-04-19_214715-1.png_Otsu.png
Component: component_1745098531546_107.png
centerX: 0.7497055359246172
centerY: 0.17586649550706032
width: 0.028268551236749116
height: 0.030380830124090714
Area: 0.0003402023977464993
CentroidX: 0.7633
CentroidY: 0.1927
