Location: 2025-04-19_214715-1.png_Otsu.png
Component: component_1745098531505_21.png
centerX: 0.8209658421672555
centerY: 0.016260162601626018
width: 0.02591283863368669
height: 0.02781343602909713
Area: 0.00031122219349401974
CentroidX: 0.8341
CentroidY: 0.0316
