Location: 2025-04-19_214715-1.png_Gaussian-Median.png
Component: component_1745098531014_252.png
centerX: 0.13663133097762073
centerY: 0.39623448866067607
width: 0.028268551236749116
height: 0.02995293110825845
Area: 0.00035456649898468485
CentroidX: 0.1507
CentroidY: 0.4127
