Location: 2025-04-19_214715-1.png_Mean-Medain.png
Component: component_1745098531373_412.png
centerX: 0.13191990577149587
centerY: 0.6059050064184852
width: 0.028268551236749116
height: 0.02781343602909713
Area: 0.0003230662769711201
CentroidX: 0.1467
CentroidY: 0.6214
