Location: 2025-04-19_214715-1.png_Otsu.png
Component: component_1745098531577_172.png
centerX: 0.15959952885747938
centerY: 0.2682926829268293
width: 0.028857479387514724
height: 0.025673940949935817
Area: 0.0003177742396728412
CentroidX: 0.1744
CentroidY: 0.2826
