Location: 2025-04-19_214715-1.png_Gaussian-Closing.png
Component: component_1745098531851_468.png
centerX: 0.5677267373380448
centerY: 0.7650834403080873
width: 0.028268551236749116
height: 0.02738553701326487
Area: 0.00031676623256840714
CentroidX: 0.5818
CentroidY: 0.7799
