Location: 2025-04-19_214715-1.png_Mean-Medain.png
Component: component_1745098531295_203.png
centerX: 0.6166077738515902
centerY: 0.2593068035943517
width: 0.032391048292108364
height: 0.02738553701326487
Area: 0.00036036253983518077
CentroidX: 0.6334
CentroidY: 0.2742
