Location: 2025-04-19_214715-1.png_Otsu.png
Component: component_1745098531692_503.png
centerX: 0.6678445229681979
centerY: 0.8399657680787335
width: 0.02944640753828033
height: 0.02738553701326487
Area: 0.000307442166852392
CentroidX: 0.6835
CentroidY: 0.8552
