Location: 2025-04-19_214715-1.png_Gaussian-Closing.png
Component: component_1745098531841_436.png
centerX: 0.8527679623085983
centerY: 0.7227214377406932
width: 0.027090694935217905
height: 0.02781343602909713
Area: 0.00031701823434451566
CentroidX: 0.8663
CentroidY: 0.7379
