Location: 2025-04-19_214715-1.png_Otsu.png
Component: component_1745098531706_526.png
centerX: 0.7279151943462897
centerY: 0.8866067608044501
width: 0.02237926972909305
height: 0.024390243902439025
Area: 0.00023284964112427065
CentroidX: 0.7388
CentroidY: 0.8996
