Location: 2025-04-19_214715-1.png_Otsu.png
Component: component_1745098531628_335.png
centerX: 0.32685512367491165
centerY: 0.5614035087719298
width: 0.028268551236749116
height: 0.026957637997432605
Area: 0.0003026541331063301
CentroidX: 0.3421
CentroidY: 0.5767
