Location: 2025-04-19_214715-1.png_Otsu.png
Component: component_1745098531531_64.png
centerX: 0.19846878680800942
centerY: 0.10141206675224647
width: 0.028857479387514724
height: 0.029097133076593923
Area: 0.0003311303338065927
CentroidX: 0.2140
CentroidY: 0.1174
