Location: 2025-04-19_214715-1.png_Gaussian-Median.png
Component: component_1745098530924_109.png
centerX: 0.8598351001177856
centerY: 0.17244330338040223
width: 0.030035335689045935
height: 0.029097133076593923
Area: 0.00036716658779011073
CentroidX: 0.8747
CentroidY: 0.1880
