Location: 2025-04-19_214715-1.png_Mean-Medain.png
Component: component_1745098531323_282.png
centerX: 0.3297997644287397
centerY: 0.392811296534018
width: 0.02944640753828033
height: 0.028241335044929396
Area: 0.00035179447944749115
CentroidX: 0.3448
CentroidY: 0.4086
