Location: 2025-04-19_214715-1.png_Mean-Medain.png
Component: component_1745098531433_557.png
centerX: 0.44405182567726736
centerY: 0.8421052631578947
width: 0.02591283863368669
height: 0.025673940949935817
Area: 0.00032231027164279454
CentroidX: 0.4554
CentroidY: 0.8563
