Location: 2025-04-19_214715-1.png_Gaussian-Median.png
Component: component_1745098530929_132.png
centerX: 0.0447585394581861
centerY: 0.18741976893453144
width: 0.027090694935217905
height: 0.03123662815575524
Area: 0.00037296262864060665
CentroidX: 0.0587
CentroidY: 0.2046
