Location: 2025-04-19_214715-1.png_Gaussian-Closing.png
Component: component_1745098531867_538.png
centerX: 0.6878680800942285
centerY: 0.8857509627727856
width: 0.027090694935217905
height: 0.025673940949935817
Area: 0.00028501400877873386
CentroidX: 0.7019
CentroidY: 0.8995
