Location: 2025-04-19_214715-1.png_Mean-Medain.png
Component: component_1745098531339_315.png
centerX: 0.8421672555948174
centerY: 0.4668378262729996
width: 0.026501766784452298
height: 0.028241335044929396
Area: 0.0003535584918802508
CentroidX: 0.8548
CentroidY: 0.4822
