Location: 2025-04-19_214715-1.png_Otsu.png
Component: component_1745098531671_428.png
centerX: 0.5700824499411072
centerY: 0.7252888318356868
width: 0.027090694935217905
height: 0.026957637997432605
Area: 0.0002996301117930279
CentroidX: 0.5834
CentroidY: 0.7401
