Location: 2025-04-19_214715-1.png_Mean-Medain.png
Component: component_1745098531380_446.png
centerX: 0.85924617196702
centerY: 0.6820710312366282
width: 0.028857479387514724
height: 0.028241335044929396
Area: 0.0003369263746570886
CentroidX: 0.8742
CentroidY: 0.6968
