Location: 2025-04-19_214715-1.png_Otsu.png
Component: component_1745098531688_486.png
centerX: 0.12073027090694935
centerY: 0.80530594779632
width: 0.02767962308598351
height: 0.02738553701326487
Area: 0.00030945818106126015
CentroidX: 0.1335
CentroidY: 0.8203
