Location: 2025-04-19_214715-1.png_Gaussian-Median.png
Component: component_1745098531040_361.png
centerX: 0.6919905771495878
centerY: 0.599058622165169
width: 0.037102473498233215
height: 0.02995293110825845
Area: 0.0004072348701913651
CentroidX: 0.7114
CentroidY: 0.6154
