Location: 2025-04-19_214715-1.png_Otsu.png
Component: component_1745098531605_258.png
centerX: 0.6177856301531213
centerY: 0.4338896020539153
width: 0.030624263839811542
height: 0.02995293110825845
Area: 0.0003205462592100349
CentroidX: 0.6354
CentroidY: 0.4509
