Location: 2025-04-19_214715-1.png_Gaussian-Closing.png
Component: component_1745098531804_265.png
centerX: 0.767962308598351
centerY: 0.4313222079589217
width: 0.028857479387514724
height: 0.02738553701326487
Area: 0.00033768237998541413
CentroidX: 0.7831
CentroidY: 0.4466
