Location: 2025-04-19_214715-1.png_Mean-Medain.png
Component: component_1745098531426_540.png
centerX: 0.8374558303886925
centerY: 0.8369704749679076
width: 0.024146054181389872
height: 0.02738553701326487
Area: 0.00032533429295609676
CentroidX: 0.8484
CentroidY: 0.8513
