Location: 2025-04-19_214715-1.png_Gaussian-Median.png
Component: component_1745098530976_205.png
centerX: 0.08421672555948174
centerY: 0.31065468549422337
width: 0.02944640753828033
height: 0.026957637997432605
Area: 0.0003286103160455075
CentroidX: 0.0998
CentroidY: 0.3254
