Location: 2025-04-19_214715-1.png_Mean-Medain.png
Component: component_1745098531322_279.png
centerX: 0.5335689045936396
centerY: 0.3902439024390244
width: 0.027090694935217905
height: 0.02610183996576808
Area: 0.00033239034268713524
CentroidX: 0.5468
CentroidY: 0.4049
