Location: 2025-04-19_214715-1.png_Mean-Medain.png
Component: component_1745098531277_162.png
centerX: 0.36160188457008247
centerY: 0.181857081728712
width: 0.028268551236749116
height: 0.028241335044929396
Area: 0.0003507864723430571
CentroidX: 0.3757
CentroidY: 0.1974
