Location: 2025-04-19_214715-1.png_Gaussian-Median.png
Component: component_1745098530902_27.png
centerX: 0.2143698468786808
centerY: 0.016260162601626018
width: 0.03180212014134275
height: 0.02995293110825845
Area: 0.0003792626730433196
CentroidX: 0.2303
CentroidY: 0.0328
