Location: 2025-04-19_214715-1.png_Gaussian-Median.png
Component: component_1745098530913_68.png
centerX: 0.7956419316843345
centerY: 0.09970047068891741
width: 0.03180212014134275
height: 0.03123662815575524
Area: 0.000385310715669924
CentroidX: 0.8125
CentroidY: 0.1169
