Location: 2025-04-19_214715-1.png_Mean-Medain.png
Component: component_1745098531276_161.png
centerX: 0.31861012956419316
centerY: 0.181857081728712
width: 0.030624263839811542
height: 0.02781343602909713
Area: 0.0003522984829997082
CentroidX: 0.3343
CentroidY: 0.1973
