Location: 2025-04-19_214715-1.png_Otsu.png
Component: component_1745098531639_375.png
centerX: 0.8197879858657244
centerY: 0.6414206247325631
width: 0.028268551236749116
height: 0.024818142918271287
Area: 0.00030139412422578756
CentroidX: 0.8338
CentroidY: 0.6552
