Location: 2025-04-19_214715-1.png_Gaussian-Median.png
Component: component_1745098530896_12.png
centerX: 0.9517078916372202
centerY: 0.013692768506632435
width: 0.028857479387514724
height: 0.030380830124090714
Area: 0.00039236676540096256
CentroidX: 0.9653
CentroidY: 0.0298
