Location: 2025-04-19_214715-1.png_Gaussian-Median.png
Component: component_1745098531037_345.png
centerX: 0.32626619552414604
centerY: 0.5614035087719298
width: 0.028857479387514724
height: 0.02738553701326487
Area: 0.0003258382965083138
CentroidX: 0.3419
CentroidY: 0.5767
