Location: 2025-04-19_214715-1.png_Gaussian-Median.png
Component: component_1745098531043_375.png
centerX: 0.09069493521790342
centerY: 0.6054771074026529
width: 0.026501766784452298
height: 0.02866923406076166
Area: 0.00032684630361274784
CentroidX: 0.1037
CentroidY: 0.6213
