Location: 2025-04-19_214715-1.png_Otsu.png
Component: component_1745098531539_88.png
centerX: 0.20200235571260305
centerY: 0.14163457424047926
width: 0.030035335689045935
height: 0.03080872913992298
Area: 0.00034095840307482486
CentroidX: 0.2181
CentroidY: 0.1588
