Location: 2025-04-19_214715-1.png_Mean-Medain.png
Component: component_1745098531425_539.png
centerX: 0.8704358068315665
centerY: 0.8365425759520753
width: 0.02767962308598351
height: 0.02781343602909713
Area: 0.0003522984829997082
CentroidX: 0.8828
CentroidY: 0.8515
