Location: 2025-04-19_214715-1.png_Mean-Medain.png
Component: component_1745098531273_151.png
centerX: 0.7126030624263839
centerY: 0.17586649550706032
width: 0.028857479387514724
height: 0.02866923406076166
Area: 0.00034347842083591005
CentroidX: 0.7269
CentroidY: 0.1915
