Location: 2025-04-19_214715-1.png_Gaussian-Closing.png
Component: component_1745098531738_18.png
centerX: 0.9522968197879859
centerY: 0.013692768506632435
width: 0.028268551236749116
height: 0.030380830124090714
Area: 0.00039186276184874553
CentroidX: 0.9653
CentroidY: 0.0298
