Location: 2025-04-19_214715-1.png_Gaussian-Closing.png
Component: component_1745098531852_472.png
centerX: 0.11896348645465253
centerY: 0.7702182284980744
width: 0.030035335689045935
height: 0.02738553701326487
Area: 0.0003480144528058634
CentroidX: 0.1337
CentroidY: 0.7849
