Location: 2025-04-19_214715-1.png_Gaussian-Median.png
Component: component_1745098531033_328.png
centerX: 0.9299175500588928
centerY: 0.5524176294394523
width: 0.027090694935217905
height: 0.02866923406076166
Area: 0.00034095840307482486
CentroidX: 0.9426
CentroidY: 0.5677
