Location: 2025-04-19_214715-1.png_Gaussian-Closing.png
Component: component_1745098531822_348.png
centerX: 0.21319199057714958
centerY: 0.5614035087719298
width: 0.028268551236749116
height: 0.029525032092426188
Area: 0.00033919439064206526
CentroidX: 0.2272
CentroidY: 0.5774
