Location: 2025-04-19_214715-1.png_Gaussian-Median.png
Component: component_1745098530897_15.png
centerX: 0.4911660777385159
centerY: 0.014548566538296961
width: 0.03121319199057715
height: 0.03423192126658109
Area: 0.0003825386961327303
CentroidX: 0.5066
CentroidY: 0.0350
