Location: 2025-04-19_214715-1.png_Otsu.png
Component: component_1745098531545_105.png
centerX: 0.7868080094228505
centerY: 0.17458279845956354
width: 0.027090694935217905
height: 0.02866923406076166
Area: 0.0003414624066270419
CentroidX: 0.7997
CentroidY: 0.1904
