Location: 2025-04-19_214715-1.png_Otsu.png
Component: component_1745098531606_261.png
centerX: 0.37809187279151946
centerY: 0.43645699614890887
width: 0.02767962308598351
height: 0.029525032092426188
Area: 0.00033087833203048416
CentroidX: 0.3915
CentroidY: 0.4534
