Location: 2025-04-19_214715-1.png_Mean-Medain.png
Component: component_1745098531172_67.png
centerX: 0.04946996466431095
centerY: 0.017543859649122806
width: 0.032391048292108364
height: 0.030380830124090714
Area: 0.0003795146748194281
CentroidX: 0.0666
CentroidY: 0.0354
