Location: 2025-04-19_214715-1.png_Gaussian-Closing.png
Component: component_1745098531776_157.png
centerX: 0.2826855123674912
centerY: 0.22421908429610612
width: 0.030624263839811542
height: 0.02995293110825845
Area: 0.00036439456825291703
CentroidX: 0.2988
CentroidY: 0.2411
