Location: 2025-04-19_214715-1.png_Otsu.png
Component: component_1745098531676_444.png
centerX: 0.790341578327444
centerY: 0.7599486521181001
width: 0.030624263839811542
height: 0.026957637997432605
Area: 0.00032810631249329046
CentroidX: 0.8058
CentroidY: 0.7742
