Location: 2025-04-19_214715-1.png_Mean-Medain.png
Component: component_1745098531359_371.png
centerX: 0.7391048292108363
centerY: 0.5571245186136072
width: 0.025323910482921083
height: 0.026957637997432605
Area: 0.00033516236222432894
CentroidX: 0.7504
CentroidY: 0.5716
