Location: 2025-04-19_214715-1.png_Mean-Medain.png
Component: component_1745098531375_422.png
centerX: 0.5153121319199058
centerY: 0.6431322207958922
width: 0.030624263839811542
height: 0.02995293110825845
Area: 0.0003507864723430571
CentroidX: 0.5315
CentroidY: 0.6595
