Location: 2025-04-19_214715-1.png_Gaussian-Median.png
Component: component_1745098530922_102.png
centerX: 0.2797408716136631
centerY: 0.14249037227214378
width: 0.03180212014134275
height: 0.030380830124090714
Area: 0.0003827906979088389
CentroidX: 0.2964
CentroidY: 0.1595
