Location: 2025-04-19_214715-1.png_Gaussian-Closing.png
Component: component_1745098531843_442.png
centerX: 0.6065959952885748
centerY: 0.7248609328198545
width: 0.02767962308598351
height: 0.026529738981600343
Area: 0.0003233182787472286
CentroidX: 0.6202
CentroidY: 0.7393
