Location: 2025-04-19_214715-1.png_Gaussian-Closing.png
Component: component_1745098531845_452.png
centerX: 0.2055359246171967
centerY: 0.7287120239623449
width: 0.027090694935217905
height: 0.02610183996576808
Area: 0.00032281427519501157
CentroidX: 0.2187
CentroidY: 0.7430
