Location: 2025-04-19_214715-1.png_Otsu.png
Component: component_1745098531607_265.png
centerX: 0.336866902237927
centerY: 0.4381685922122379
width: 0.030624263839811542
height: 0.028241335044929396
Area: 0.00032281427519501157
CentroidX: 0.3527
CentroidY: 0.4541
