Location: 2025-04-19_214715-1.png_Gaussian-Closing.png
Component: component_1745098531813_312.png
centerX: 0.8421672555948174
centerY: 0.5087719298245614
width: 0.023557126030624265
height: 0.02610183996576808
Area: 0.0003076941686285005
CentroidX: 0.8533
CentroidY: 0.5234
