Location: 2025-04-19_214715-1.png_Gaussian-Median.png
Component: component_1745098530915_72.png
centerX: 0.1978798586572438
centerY: 0.10098416773641421
width: 0.030035335689045935
height: 0.029525032092426188
Area: 0.00035633051141744444
CentroidX: 0.2138
CentroidY: 0.1173
