Location: 2025-04-19_214715-1.png_Mean-Medain.png
Component: component_1745098531309_239.png
centerX: 0.2326266195524146
centerY: 0.3089430894308943
width: 0.030035335689045935
height: 0.02866923406076166
Area: 0.00034473842971645267
CentroidX: 0.2481
CentroidY: 0.3248
