Location: 2025-04-19_214715-1.png_Gaussian-Median.png
Component: component_1745098531079_519.png
centerX: 0.5176678445229682
centerY: 0.8412494651262302
width: 0.028268551236749116
height: 0.029525032092426188
Area: 0.000329366321373833
CentroidX: 0.5319
CentroidY: 0.8581
