Location: 2025-04-19_214715-1.png_Gaussian-Closing.png
Component: component_1745098531775_149.png
centerX: 0.6301531213191991
centerY: 0.22122379118528027
width: 0.03180212014134275
height: 0.02866923406076166
Area: 0.000384806712117707
CentroidX: 0.6470
CentroidY: 0.2365
