Location: 2025-04-19_214715-1.png_Otsu.png
Component: component_1745098531617_300.png
centerX: 0.6560659599528857
centerY: 0.5096277278562259
width: 0.028857479387514724
height: 0.02738553701326487
Area: 0.00032004225565781787
CentroidX: 0.6707
CentroidY: 0.5249
