Location: 2025-04-19_214715-1.png_Otsu.png
Component: component_1745098531559_151.png
centerX: 0.8898704358068316
centerY: 0.25203252032520324
width: 0.03180212014134275
height: 0.029525032092426188
Area: 0.0003636385629245915
CentroidX: 0.9060
CentroidY: 0.2681
