Location: 2025-04-19_214715-1.png_Gaussian-Closing.png
Component: component_1745098531768_120.png
centerX: 0.7126030624263839
centerY: 0.17586649550706032
width: 0.028857479387514724
height: 0.02866923406076166
Area: 0.0003414624066270419
CentroidX: 0.7269
CentroidY: 0.1916
