Location: 2025-04-19_214715-1.png_Gaussian-Median.png
Component: component_1745098531055_415.png
centerX: 0.9528857479387515
centerY: 0.6829268292682927
width: 0.02944640753828033
height: 0.030380830124090714
Area: 0.00035028246879084
CentroidX: 0.9687
CentroidY: 0.7004
