Location: 2025-04-19_214715-1.png_Otsu.png
Component: component_1745098531592_220.png
centerX: 0.08775029446407538
centerY: 0.353872486093282
width: 0.024734982332155476
height: 0.025673940949935817
Area: 0.0002908100496292298
CentroidX: 0.0998
CentroidY: 0.3677
