Location: 2025-04-19_214715-1.png_Gaussian-Median.png
Component: component_1745098531044_380.png
centerX: 0.8568904593639576
centerY: 0.6397090286692341
width: 0.030035335689045935
height: 0.02866923406076166
Area: 0.00036036253983518077
CentroidX: 0.8718
CentroidY: 0.6557
