Location: 2025-04-19_214715-1.png_Gaussian-Median.png
Component: component_1745098531039_355.png
centerX: 0.850412249705536
centerY: 0.5960633290543432
width: 0.02767962308598351
height: 0.025246041934103552
Area: 0.00033642237110487156
CentroidX: 0.8632
CentroidY: 0.6098
