Location: 2025-04-19_214715-1.png_Mean-Medain.png
Component: component_1745098531355_356.png
centerX: 0.2497055359246172
centerY: 0.5216089002995293
width: 0.026501766784452298
height: 0.02866923406076166
Area: 0.00033087833203048416
CentroidX: 0.2639
CentroidY: 0.5374
