Location: 2025-04-19_214715-1.png_Mean-Medain.png
Component: component_1745098531208_85.png
centerX: 0.20318021201413428
centerY: 0.05947796320068464
width: 0.02944640753828033
height: 0.028241335044929396
Area: 0.00036464657002902555
CentroidX: 0.2179
CentroidY: 0.0753
