Location: 2025-04-19_214715-1.png_Mean-Medain.png
Component: component_1745098531439_571.png
centerX: 0.6872791519434629
centerY: 0.8857509627727856
width: 0.02767962308598351
height: 0.025673940949935817
Area: 0.0002940860727186405
CentroidX: 0.7018
CentroidY: 0.8996
