Location: 2025-04-19_214715-1.png_Otsu.png
Component: component_1745098531696_514.png
centerX: 0.2408716136631331
centerY: 0.8438168592212237
width: 0.025323910482921083
height: 0.03080872913992298
Area: 0.0003316343373588097
CentroidX: 0.2523
CentroidY: 0.8603
