Location: 2025-04-19_214715-1.png_Otsu.png
Component: component_1745098531562_162.png
centerX: 0.5023557126030624
centerY: 0.26187419768934533
width: 0.02944640753828033
height: 0.02866923406076166
Area: 0.00032508229117998825
CentroidX: 0.5178
CentroidY: 0.2773
