Location: 2025-04-19_214715-1.png_Gaussian-Median.png
Component: component_1745098531087_551.png
centerX: 0.0812720848056537
centerY: 0.8908857509627728
width: 0.02767962308598351
height: 0.025246041934103552
Area: 0.00030895417750904307
CentroidX: 0.0956
CentroidY: 0.9042
