Location: 2025-04-19_214715-1.png_Gaussian-Median.png
Component: component_1745098530914_71.png
centerX: 0.7656065959952886
centerY: 0.10012836970474968
width: 0.02944640753828033
height: 0.03337612323491656
Area: 0.00038707472810268367
CentroidX: 0.7812
CentroidY: 0.1187
