Location: 2025-04-19_214715-1.png_Mean-Medain.png
Component: component_1745098531371_408.png
centerX: 0.2879858657243816
centerY: 0.6041934103551562
width: 0.030035335689045935
height: 0.02738553701326487
Area: 0.0003396983941942823
CentroidX: 0.3033
CentroidY: 0.6196
