Location: 2025-04-19_214715-1.png_Otsu.png
Component: component_1745098531609_276.png
centerX: 0.7691401648998822
centerY: 0.4711168164313222
width: 0.026501766784452298
height: 0.026529738981600343
Area: 0.00030971018283736866
CentroidX: 0.7824
CentroidY: 0.4857
