Location: 2025-04-19_214715-1.png_Otsu.png
Component: component_1745098531537_78.png
centerX: 0.908716136631331
centerY: 0.13692768506632436
width: 0.03356890459363958
height: 0.030380830124090714
Area: 0.00039110675652041994
CentroidX: 0.9259
CentroidY: 0.1538
