Location: 2025-04-19_214715-1.png_Mean-Medain.png
Component: component_1745098531318_262.png
centerX: 0.04534746760895171
centerY: 0.35301668806161746
width: 0.030624263839811542
height: 0.02866923406076166
Area: 0.00037321463041671516
CentroidX: 0.0616
CentroidY: 0.3690
