Location: 2025-04-19_214715-1.png_Otsu.png
Component: component_1745098531490_6.png
centerX: 0.4917550058892815
centerY: 0.014976465554129225
width: 0.030035335689045935
height: 0.03380402225074882
Area: 0.00034927446168640596
CentroidX: 0.5067
CentroidY: 0.0351
