Location: 2025-04-19_214715-1.png_Otsu.png
Component: component_1745098531556_137.png
centerX: 0.5076560659599529
centerY: 0.22165169020111253
width: 0.03121319199057715
height: 0.02781343602909713
Area: 0.00033264234446324375
CentroidX: 0.5239
CentroidY: 0.2373
