Location: 2025-04-19_214715-1.png_Gaussian-Median.png
Component: component_1745098530923_105.png
centerX: 0.4840989399293286
centerY: 0.14206247325631152
width: 0.030035335689045935
height: 0.02738553701326487
Area: 0.00034927446168640596
CentroidX: 0.4999
CentroidY: 0.1572
