Location: 2025-04-19_214715-1.png_Mean-Medain.png
Component: component_1745098531391_469.png
centerX: 0.9199057714958775
centerY: 0.7222935387248609
width: 0.027090694935217905
height: 0.029525032092426188
Area: 0.0003475104492536463
CentroidX: 0.9324
CentroidY: 0.7387
