Location: 2025-04-19_214715-1.png_Mean-Medain.png
Component: component_1745098531357_363.png
centerX: 0.9299175500588928
centerY: 0.5528455284552846
width: 0.027090694935217905
height: 0.028241335044929396
Area: 0.0003485184563580804
CentroidX: 0.9426
CentroidY: 0.5678
