Location: 2025-04-19_214715-1.png_Mean-Medain.png
Component: component_1745098531313_253.png
centerX: 0.6336866902237926
centerY: 0.34445870774497217
width: 0.032391048292108364
height: 0.029525032092426188
Area: 0.0003613705469396148
CentroidX: 0.6519
CentroidY: 0.3611
