Location: 2025-04-19_214715-1.png_Otsu.png
Component: component_1745098531609_275.png
centerX: 0.806831566548881
centerY: 0.4689773213521609
width: 0.027090694935217905
height: 0.02738553701326487
Area: 0.00032961832314994154
CentroidX: 0.8198
CentroidY: 0.4839
