Location: 2025-04-19_214715-1.png_Gaussian-Median.png
Component: component_1745098530912_65.png
centerX: 0.08480565371024736
centerY: 0.09970047068891741
width: 0.02944640753828033
height: 0.028241335044929396
Area: 0.0003454944350447782
CentroidX: 0.1011
CentroidY: 0.1156
