Location: 2025-04-19_214715-1.png_Gaussian-Closing.png
Component: component_1745098531739_26.png
centerX: 0.8539458186101295
centerY: 0.014976465554129225
width: 0.026501766784452298
height: 0.030380830124090714
Area: 0.0003661585806856767
CentroidX: 0.8661
CentroidY: 0.0320
