Location: 2025-04-19_214715-1.png_Otsu.png
Component: component_1745098531550_113.png
centerX: 0.5170789163722026
centerY: 0.1797175866495507
width: 0.027090694935217905
height: 0.02866923406076166
Area: 0.0003182782432250583
CentroidX: 0.5311
CentroidY: 0.1950
