Location: 2025-04-19_214715-1.png_Otsu.png
Component: component_1745098531535_75.png
centerX: 0.6254416961130742
centerY: 0.10269576379974327
width: 0.028268551236749116
height: 0.03123662815575524
Area: 0.0003772466588344515
CentroidX: 0.6390
CentroidY: 0.1200
