Location: 2025-04-19_214715-1.png_Otsu.png
Component: component_1745098531623_316.png
centerX: 0.04888103651354535
centerY: 0.5246041934103551
width: 0.030035335689045935
height: 0.026529738981600343
Area: 0.00032205826986668603
CentroidX: 0.0646
CentroidY: 0.5398
