Location: 2025-04-19_214715-1.png_Mean-Medain.png
Component: component_1745098531407_507.png
centerX: 0.2043580683156655
centerY: 0.7715019255455713
width: 0.02944640753828033
height: 0.02781343602909713
Area: 0.000342470413731476
CentroidX: 0.2186
CentroidY: 0.7868
