Location: 2025-04-19_214715-1.png_Gaussian-Closing.png
Component: component_1745098531802_258.png
centerX: 0.17667844522968199
centerY: 0.39623448866067607
width: 0.027090694935217905
height: 0.02610183996576808
Area: 0.0003449904314925612
CentroidX: 0.1897
CentroidY: 0.4101
