Location: 2025-04-19_214715-1.png_Otsu.png
Component: component_1745098531523_44.png
centerX: 0.05005889281507656
centerY: 0.06033376123234917
width: 0.02767962308598351
height: 0.02781343602909713
Area: 0.0003202942574339264
CentroidX: 0.0643
CentroidY: 0.0758
