Location: 2025-04-19_214715-1.png_Gaussian-Closing.png
Component: component_1745098531774_145.png
centerX: 0.7073027090694936
centerY: 0.21822849807445444
width: 0.02944640753828033
height: 0.026957637997432605
Area: 0.00034902245991029745
CentroidX: 0.7217
CentroidY: 0.2331
