Location: 2025-04-19_214715-1.png_Gaussian-Median.png
Component: component_1745098530911_57.png
centerX: 0.3121319199057715
centerY: 0.0599058622165169
width: 0.02944640753828033
height: 0.030380830124090714
Area: 0.00035204648122359966
CentroidX: 0.3279
CentroidY: 0.0774
