Location: 2025-04-19_214715-1.png_Gaussian-Closing.png
Component: component_1745098531739_23.png
centerX: 0.6042402826855123
centerY: 0.014976465554129225
width: 0.028268551236749116
height: 0.02781343602909713
Area: 0.00037044261087952146
CentroidX: 0.6179
CentroidY: 0.0303
