Location: easy43_Mean-Closing.png
Component: component_1744297380664_952.png
centerX: 0.6608222490931076
centerY: 0.5874305258657546
width: 0.013905683192261185
height: 0.010260795211628902
Area: 5.5315653347656814e-05
CentroidX: 0.6686
CentroidY: 0.5927
