Location: 2025-04-19_214715-1.png_Gaussian-Closing.png
Component: component_1745098531775_153.png
centerX: 0.3586572438162544
centerY: 0.22250748823277705
width: 0.030624263839811542
height: 0.031664527171587506
Area: 0.000378002664162777
CentroidX: 0.3746
CentroidY: 0.2406
