Location: 2025-04-19_214715-1.png_Otsu.png
Component: component_1745098531605_256.png
centerX: 0.6554770318021201
centerY: 0.4330338040222507
width: 0.032391048292108364
height: 0.02995293110825845
Area: 0.0003485184563580804
CentroidX: 0.6739
CentroidY: 0.4498
