Location: 2025-04-19_214715-1.png_Gaussian-Closing.png
Component: component_1745098531850_462.png
centerX: 0.8963486454652533
centerY: 0.7620881471972615
width: 0.02767962308598351
height: 0.026957637997432605
Area: 0.0003371783764331971
CentroidX: 0.9096
CentroidY: 0.7762
