Location: 2025-04-19_214715-1.png_Gaussian-Median.png
Component: component_1745098530927_122.png
centerX: 0.395170789163722
centerY: 0.1810012836970475
width: 0.03297997644287397
height: 0.03123662815575524
Area: 0.0003832947014610559
CentroidX: 0.4126
CentroidY: 0.1990
