Location: 2025-04-19_214715-1.png_Mean-Medain.png
Component: component_1745098531358_366.png
centerX: 0.8138987043580683
centerY: 0.5549850235344459
width: 0.028268551236749116
height: 0.029097133076593923
Area: 0.000356582513193553
CentroidX: 0.8274
CentroidY: 0.5703
