Location: 2025-04-19_214715-1.png_Otsu.png
Component: component_1745098531597_242.png
centerX: 0.21201413427561838
centerY: 0.39537869062901154
width: 0.030035335689045935
height: 0.026957637997432605
Area: 0.0003233182787472286
CentroidX: 0.2277
CentroidY: 0.4110
