Location: 2025-04-19_214715-1.png_Mean-Medain.png
Component: component_1745098531262_139.png
centerX: 0.4016489988221437
centerY: 0.14249037227214378
width: 0.032391048292108364
height: 0.02995293110825845
Area: 0.0003850587138938155
CentroidX: 0.4190
CentroidY: 0.1595
