Location: 2025-04-19_214715-1.png_Gaussian-Closing.png
Component: component_1745098531770_126.png
centerX: 0.5170789163722026
centerY: 0.1797175866495507
width: 0.027090694935217905
height: 0.029097133076593923
Area: 0.0003394463924181738
CentroidX: 0.5311
CentroidY: 0.1951
