Location: 2025-04-19_214715-1.png_Otsu.png
Component: component_1745098531637_369.png
centerX: 0.9257950530035336
centerY: 0.6388532306375695
width: 0.022968197879858657
height: 0.025673940949935817
Area: 0.00026888589510778874
CentroidX: 0.9368
CentroidY: 0.6527
