Location: 2025-04-19_214715-1.png_Otsu.png
Component: component_1745098531634_355.png
centerX: 0.4464075382803298
centerY: 0.6016260162601627
width: 0.028857479387514724
height: 0.02866923406076166
Area: 0.0003024021313302216
CentroidX: 0.4614
CentroidY: 0.6180
