Location: 2025-04-19_214715-1.png_Otsu.png
Component: component_1745098531612_289.png
centerX: 0.050647820965842166
centerY: 0.48010269576379977
width: 0.030035335689045935
height: 0.02995293110825845
Area: 0.00033314634801546084
CentroidX: 0.0659
CentroidY: 0.4975
