Location: 2025-04-19_214715-1.png_Gaussian-Median.png
Component: component_1745098530908_42.png
centerX: 0.610718492343934
centerY: 0.058194266153187846
width: 0.030035335689045935
height: 0.03080872913992298
Area: 0.00036767059134232776
CentroidX: 0.6264
CentroidY: 0.0752
