Location: 2025-04-19_214715-1.png_Mean-Medain.png
Component: component_1745098531380_447.png
centerX: 0.925206124852768
centerY: 0.6824989302524604
width: 0.026501766784452298
height: 0.02738553701326487
Area: 0.0003157582254639731
CentroidX: 0.9377
CentroidY: 0.6978
