Location: 2025-04-19_214715-1.png_Mean-Medain.png
Component: component_1745098531360_376.png
centerX: 0.2915194346289753
centerY: 0.5609756097560976
width: 0.028857479387514724
height: 0.028241335044929396
Area: 0.0003467544439253208
CentroidX: 0.3065
CentroidY: 0.5760
