Location: 2025-04-19_214715-1.png_Otsu.png
Component: component_1745098531644_401.png
centerX: 0.3404004711425206
centerY: 0.6833547282841249
width: 0.028268551236749116
height: 0.026957637997432605
Area: 0.0003064341597479579
CentroidX: 0.3543
CentroidY: 0.6979
