Location: 2025-04-19_214715-1.png_Otsu.png
Component: component_1745098531663_426.png
centerX: 0.6796230859835101
centerY: 0.72400513478819
width: 0.026501766784452298
height: 0.026529738981600343
Area: 0.0003051741508674153
CentroidX: 0.6920
CentroidY: 0.7381
