Location: 2025-04-19_214715-1.png_Otsu.png
Component: component_1745098531664_427.png
centerX: 0.9558303886925795
centerY: 0.72400513478819
width: 0.024734982332155476
height: 0.02995293110825845
Area: 0.0003127342041506709
CentroidX: 0.9670
CentroidY: 0.7402
