Location: 2025-04-19_214715-1.png_Gaussian-Median.png
Component: component_1745098531070_477.png
centerX: 0.3763250883392226
centerY: 0.771074026529739
width: 0.030035335689045935
height: 0.03080872913992298
Area: 0.00036716658779011073
CentroidX: 0.3917
CentroidY: 0.7877
