Location: 2025-04-19_214715-1.png_Mean-Medain.png
Component: component_1745098531320_271.png
centerX: 0.8085983510011778
centerY: 0.386392811296534
width: 0.028857479387514724
height: 0.029097133076593923
Area: 0.00034347842083591005
CentroidX: 0.8234
CentroidY: 0.4028
