Location: 2025-04-19_214715-1.png_Mean-Medain.png
Component: component_1745098531355_357.png
centerX: 0.28975265017667845
centerY: 0.521181001283697
width: 0.028268551236749116
height: 0.02866923406076166
Area: 0.00035179447944749115
CentroidX: 0.3043
CentroidY: 0.5373
