Location: 2025-04-19_214715-1.png_Mean-Medain.png
Component: component_1745098531295_204.png
centerX: 0.5783274440518257
centerY: 0.2601626016260163
width: 0.028857479387514724
height: 0.028241335044929396
Area: 0.000356582513193553
CentroidX: 0.5935
CentroidY: 0.2762
