Location: 2025-04-19_214715-1.png_Mean-Medain.png
Component: component_1745098531269_144.png
centerX: 0.44405182567726736
centerY: 0.14291827128797605
width: 0.03180212014134275
height: 0.030380830124090714
Area: 0.0003734666321928237
CentroidX: 0.4610
CentroidY: 0.1603
