Location: easy26_Mean-Closing.png
Component: component_1744297382015_346.png
centerX: 0.8362903225806452
centerY: 0.25622605363984674
width: 0.020967741935483872
height: 0.014846743295019157
Area: 0.00010968977876653071
CentroidX: 0.8472
CentroidY: 0.2638
