Location: 2025-04-19_214715-1.png_Otsu.png
Component: component_1745098531578_179.png
centerX: 0.7809187279151943
centerY: 0.29995721009841675
width: 0.030035335689045935
height: 0.02781343602909713
Area: 0.0003328943462393523
CentroidX: 0.7962
CentroidY: 0.3151
