Location: 2025-04-19_214715-1.png_Otsu.png
Component: component_1745098531538_84.png
centerX: 0.8321554770318021
centerY: 0.1399229781771502
width: 0.030624263839811542
height: 0.026529738981600343
Area: 0.00032785431071718195
CentroidX: 0.8486
CentroidY: 0.1546
