Location: 2025-04-19_214715-1.png_Gaussian-Closing.png
Component: component_1745098531833_397.png
centerX: 0.28916372202591284
centerY: 0.6452717158750535
width: 0.030624263839811542
height: 0.02738553701326487
Area: 0.0003535584918802508
CentroidX: 0.3046
CentroidY: 0.6598
