Location: 2025-04-19_214715-1.png_Mean-Medain.png
Component: component_1745098531243_120.png
centerX: 0.6613663133097762
centerY: 0.10269576379974327
width: 0.02591283863368669
height: 0.030380830124090714
Area: 0.00035179447944749115
CentroidX: 0.6748
CentroidY: 0.1194
