Location: 2025-04-19_214715-1.png_Gaussian-Median.png
Component: component_1745098531033_332.png
centerX: 0.8521790341578327
centerY: 0.5545571245186136
width: 0.02767962308598351
height: 0.02738553701326487
Area: 0.000349778465238623
CentroidX: 0.8653
CentroidY: 0.5691
