Location: 2025-04-19_214715-1.png_Gaussian-Median.png
Component: component_1745098531016_257.png
centerX: 0.8833922261484098
centerY: 0.42961061189559263
width: 0.02944640753828033
height: 0.030380830124090714
Area: 0.00035431449720857634
CentroidX: 0.8977
CentroidY: 0.4464
