Location: 2025-04-19_214715-1.png_Mean-Medain.png
Component: component_1745098531411_521.png
centerX: 0.8586572438162544
centerY: 0.8018827556696619
width: 0.027090694935217905
height: 0.025673940949935817
Area: 0.0003049221490913068
CentroidX: 0.8719
CentroidY: 0.8161
