Location: 2025-04-19_214715-1.png_Gaussian-Median.png
Component: component_1745098531026_301.png
centerX: 0.25206124852767964
centerY: 0.4809584937954643
width: 0.02944640753828033
height: 0.02866923406076166
Area: 0.0003457464368208867
CentroidX: 0.2673
CentroidY: 0.4966
