Location: 2025-04-19_214715-1.png_Gaussian-Closing.png
Component: component_1745098531820_338.png
centerX: 0.6996466431095406
centerY: 0.5562687205819427
width: 0.02944640753828033
height: 0.028241335044929396
Area: 0.00035179447944749115
CentroidX: 0.7149
CentroidY: 0.5720
