Location: 2025-04-19_214715-1.png_Otsu.png
Component: component_1745098531674_435.png
centerX: 0.33451118963486454
centerY: 0.7270004278990159
width: 0.03415783274440518
height: 0.029097133076593923
Area: 0.00035204648122359966
CentroidX: 0.3505
CentroidY: 0.7422
