Location: 2025-04-19_214715-1.png_Otsu.png
Component: component_1745098531638_372.png
centerX: 0.7438162544169611
centerY: 0.6405648267008985
width: 0.03180212014134275
height: 0.02866923406076166
Area: 0.00033087833203048416
CentroidX: 0.7609
CentroidY: 0.6565
