Location: 2025-04-19_214715-1.png_Otsu.png
Component: component_1745098531606_263.png
centerX: 0.4546525323910483
centerY: 0.43645699614890887
width: 0.026501766784452298
height: 0.02738553701326487
Area: 0.00030618215797184936
CentroidX: 0.4678
CentroidY: 0.4514
