Location: 2025-04-19_214715-1.png_Gaussian-Closing.png
Component: component_1745098531845_451.png
centerX: 0.2926972909305065
centerY: 0.7278562259306803
width: 0.027090694935217905
height: 0.028241335044929396
Area: 0.00032760230894107343
CentroidX: 0.3053
CentroidY: 0.7438
