Location: 2025-04-19_214715-1.png_Gaussian-Median.png
Component: component_1745098531046_388.png
centerX: 0.5565371024734982
centerY: 0.6427043217800599
width: 0.030624263839811542
height: 0.026957637997432605
Area: 0.0003482664545819719
CentroidX: 0.5716
CentroidY: 0.6571
