Location: 2025-04-19_214715-1.png_Gaussian-Median.png
Component: component_1745098531009_233.png
centerX: 0.9210836277974087
centerY: 0.3855370132648695
width: 0.02944640753828033
height: 0.029525032092426188
Area: 0.0003661585806856767
CentroidX: 0.9356
CentroidY: 0.4016
