Location: 2025-04-19_214715-1.png_Gaussian-Closing.png
Component: component_1745098531858_501.png
centerX: 0.3286219081272085
centerY: 0.8057338468121523
width: 0.02767962308598351
height: 0.026957637997432605
Area: 0.00033591836755265454
CentroidX: 0.3413
CentroidY: 0.8202
