Location: 2025-04-19_214715-1.png_Gaussian-Closing.png
Component: component_1745098531832_393.png
centerX: 0.5977620730270907
centerY: 0.6439880188275567
width: 0.028857479387514724
height: 0.02610183996576808
Area: 0.00032256227341890306
CentroidX: 0.6125
CentroidY: 0.6587
