Location: 2025-04-19_214715-1.png_Mean-Medain.png
Component: component_1745098531273_152.png
centerX: 0.7491166077738516
centerY: 0.17586649550706032
width: 0.028857479387514724
height: 0.030380830124090714
Area: 0.00036162254871572333
CentroidX: 0.7632
CentroidY: 0.1926
