Location: 2025-04-19_214715-1.png_Gaussian-Median.png
Component: component_1745098531018_264.png
centerX: 0.5753828032979976
centerY: 0.4330338040222507
width: 0.03356890459363958
height: 0.03080872913992298
Area: 0.0003666625842378937
CentroidX: 0.5944
CentroidY: 0.4507
