Location: 2025-04-19_214715-1.png_Mean-Medain.png
Component: component_1745098531150_57.png
centerX: 0.917550058892815
centerY: 0.014548566538296961
width: 0.02767962308598351
height: 0.029097133076593923
Area: 0.00037145061798395557
CentroidX: 0.9311
CentroidY: 0.0311
