Location: 2025-04-19_214715-1.png_Otsu.png
Component: component_1745098531593_223.png
centerX: 0.9587750294464076
centerY: 0.3842533162173727
width: 0.028268551236749116
height: 0.029525032092426188
Area: 0.00036489857180513406
CentroidX: 0.9718
CentroidY: 0.3999
