Location: 2025-04-19_214715-1.png_Mean-Medain.png
Component: component_1745098531155_61.png
centerX: 0.7909305064782096
centerY: 0.01540436456996149
width: 0.025323910482921083
height: 0.02995293110825845
Area: 0.00035431449720857634
CentroidX: 0.8031
CentroidY: 0.0321
