Location: 2025-04-19_214715-1.png_Otsu.png
Component: component_1745098531623_318.png
centerX: 0.08892815076560659
centerY: 0.5254599914420197
width: 0.02591283863368669
height: 0.025246041934103552
Area: 0.0002855180123309509
CentroidX: 0.1025
CentroidY: 0.5397
