Location: 2025-04-19_214715-1.png_Mean-Medain.png
Component: component_1745098531201_75.png
centerX: 0.45700824499411075
centerY: 0.058194266153187846
width: 0.03121319199057715
height: 0.02866923406076166
Area: 0.00037069461265563
CentroidX: 0.4729
CentroidY: 0.0746
