Location: 2025-04-19_214715-1.png_Otsu.png
Component: component_1745098531551_118.png
centerX: 0.31861012956419316
centerY: 0.1822849807445443
width: 0.030035335689045935
height: 0.02738553701326487
Area: 0.00032760230894107343
CentroidX: 0.3343
CentroidY: 0.1974
