Location: 2025-04-19_214715-1.png_Gaussian-Median.png
Component: component_1745098530919_88.png
centerX: 0.7591283863368669
centerY: 0.13821138211382114
width: 0.02944640753828033
height: 0.03080872913992298
Area: 0.0003679225931184363
CentroidX: 0.7744
CentroidY: 0.1552
