Location: 2025-04-19_214715-1.png_Otsu.png
Component: component_1745098531554_129.png
centerX: 0.8162544169611308
centerY: 0.2160890029952931
width: 0.02591283863368669
height: 0.02610183996576808
Area: 0.0003190342485533838
CentroidX: 0.8289
CentroidY: 0.2300
