Location: 2025-04-19_214715-1.png_Mean-Medain.png
Component: component_1745098531280_171.png
centerX: 0.9687868080094229
centerY: 0.21223791185280275
width: 0.02767962308598351
height: 0.029097133076593923
Area: 0.00035733851852187855
CentroidX: 0.9830
CentroidY: 0.2285
