Location: 2025-04-19_214715-1.png_Gaussian-Closing.png
Component: component_1745098531852_470.png
centerX: 0.04122497055359246
centerY: 0.7697903294822422
width: 0.02591283863368669
height: 0.025673940949935817
Area: 0.0002923220602858809
CentroidX: 0.0549
CentroidY: 0.7844
