Location: 2025-04-19_214715-1.png_Gaussian-Median.png
Component: component_1745098530905_33.png
centerX: 0.25323910482921086
centerY: 0.017115960633290545
width: 0.02767962308598351
height: 0.02995293110825845
Area: 0.00034473842971645267
CentroidX: 0.2668
CentroidY: 0.0343
