Location: 2025-04-19_214715-1.png_Gaussian-Median.png
Component: component_1745098531082_530.png
centerX: 0.04711425206124853
centerY: 0.8493795464270432
width: 0.024146054181389872
height: 0.029097133076593923
Area: 0.0003162622290161901
CentroidX: 0.0582
CentroidY: 0.8662
