Location: 2025-04-19_214715-1.png_Otsu.png
Component: component_1745098531540_91.png
centerX: 0.3674911660777385
centerY: 0.14163457424047926
width: 0.028268551236749116
height: 0.030380830124090714
Area: 0.0003550705025369019
CentroidX: 0.3812
CentroidY: 0.1584
