Location: 2025-04-19_214715-1.png_Otsu.png
Component: component_1745098531624_320.png
centerX: 0.8928150765606596
centerY: 0.5541292255027813
width: 0.030035335689045935
height: 0.02610183996576808
Area: 0.00034045439952260783
CentroidX: 0.9062
CentroidY: 0.5684
