Location: 2025-04-19_214715-1.png_Mean-Medain.png
Component: component_1745098531377_433.png
centerX: 0.19964664310954064
centerY: 0.646127513906718
width: 0.032391048292108364
height: 0.029525032092426188
Area: 0.0003530544883280337
CentroidX: 0.2172
CentroidY: 0.6623
