Location: 2025-04-19_214715-1.png_Gaussian-Closing.png
Component: component_1745098531744_50.png
centerX: 0.7962308598351001
centerY: 0.058194266153187846
width: 0.030624263839811542
height: 0.03123662815575524
Area: 0.0003800186783716452
CentroidX: 0.8131
CentroidY: 0.0759
