Location: 2025-04-19_214715-1.png_Otsu.png
Component: component_1745098531584_189.png
centerX: 0.5471142520612485
centerY: 0.3055198973042362
width: 0.028857479387514724
height: 0.02738553701326487
Area: 0.00031449821658343047
CentroidX: 0.5617
CentroidY: 0.3206
