Location: 2025-04-19_214715-1.png_Otsu.png
Component: component_1745098531621_311.png
centerX: 0.3751472320376914
centerY: 0.5190415062045357
width: 0.028857479387514724
height: 0.025246041934103552
Area: 0.0003046701473151983
CentroidX: 0.3901
CentroidY: 0.5328
