Location: 2025-04-19_214715-1.png_Mean-Medain.png
Component: component_1745098531429_551.png
centerX: 0.4016489988221437
centerY: 0.8403936670945656
width: 0.030624263839811542
height: 0.02781343602909713
Area: 0.00034625044037310375
CentroidX: 0.4165
CentroidY: 0.8558
