Location: 2025-04-19_214715-1.png_Gaussian-Closing.png
Component: component_1745098531775_152.png
centerX: 0.3197879858657244
centerY: 0.22293538724860934
width: 0.030035335689045935
height: 0.02995293110825845
Area: 0.00034121040485093337
CentroidX: 0.3357
CentroidY: 0.2399
