Location: 2025-04-19_214715-1.png_Mean-Medain.png
Component: component_1745098531163_66.png
centerX: 0.5700824499411072
centerY: 0.016260162601626018
width: 0.02767962308598351
height: 0.029097133076593923
Area: 0.00037548264640169184
CentroidX: 0.5836
CentroidY: 0.0330
