Location: 2025-04-19_214715-1.png_Otsu.png
Component: component_1745098531489_3.png
centerX: 0.9522968197879859
centerY: 0.013692768506632435
width: 0.028268551236749116
height: 0.030380830124090714
Area: 0.00036439456825291703
CentroidX: 0.9653
CentroidY: 0.0298
