Location: 2025-04-19_214715-1.png_Mean-Medain.png
Component: component_1745098531288_181.png
centerX: 0.43580683156654887
centerY: 0.2220795892169448
width: 0.02944640753828033
height: 0.02866923406076166
Area: 0.0003449904314925612
CentroidX: 0.4512
CentroidY: 0.2377
