Location: 2025-04-19_214715-1.png_Gaussian-Closing.png
Component: component_1745098531862_521.png
centerX: 0.5983510011778563
centerY: 0.8412494651262302
width: 0.028268551236749116
height: 0.026957637997432605
Area: 0.00034322641905980153
CentroidX: 0.6118
CentroidY: 0.8558
