Location: 2025-04-19_214715-1.png_Otsu.png
Component: component_1745098531546_108.png
centerX: 0.7126030624263839
centerY: 0.17629439452289258
width: 0.028268551236749116
height: 0.02781343602909713
Area: 0.00031651423079229863
CentroidX: 0.7268
CentroidY: 0.1915
