Location: 2025-04-19_214715-1.png_Gaussian-Closing.png
Component: component_1745098531869_552.png
centerX: 0.20141342756183744
centerY: 0.8913136499786051
width: 0.02591283863368669
height: 0.0235344458707745
Area: 0.00027619394661493573
CentroidX: 0.2152
CentroidY: 0.9034
