Location: 2025-04-19_214715-1.png_Gaussian-Closing.png
Component: component_1745098531861_519.png
centerX: 0.5588928150765606
centerY: 0.8403936670945656
width: 0.025323910482921083
height: 0.02610183996576808
Area: 0.0003230662769711201
CentroidX: 0.5703
CentroidY: 0.8541
