Location: 2025-04-19_214715-1.png_Otsu.png
Component: component_1745098531558_149.png
centerX: 0.04888103651354535
centerY: 0.23020967051775781
width: 0.028268551236749116
height: 0.02738553701326487
Area: 0.00031676623256840714
CentroidX: 0.0639
CentroidY: 0.2452
