Location: 2025-04-19_214715-1.png_Otsu.png
Component: component_1745098531552_123.png
centerX: 0.0800942285041225
centerY: 0.18656397090286692
width: 0.03180212014134275
height: 0.02995293110825845
Area: 0.00037145061798395557
CentroidX: 0.0965
CentroidY: 0.2032
