Location: easy26_Mean-Closing.png
Component: component_1744297381952_20.png
centerX: 0.4104838709677419
centerY: 0.031609195402298854
width: 0.020161290322580645
height: 0.014846743295019157
Area: 0.00010119268322827833
CentroidX: 0.4210
CentroidY: 0.0396
