Location: 2025-04-19_214715-1.png_Gaussian-Closing.png
Component: component_1745098531774_142.png
centerX: 0.8162544169611308
centerY: 0.2160890029952931
width: 0.026501766784452298
height: 0.02610183996576808
Area: 0.00034095840307482486
CentroidX: 0.8290
CentroidY: 0.2300
