Location: 2025-04-19_214715-1.png_Gaussian-Median.png
Component: component_1745098530927_125.png
centerX: 0.31861012956419316
centerY: 0.181857081728712
width: 0.030624263839811542
height: 0.02781343602909713
Area: 0.0003528024865519252
CentroidX: 0.3343
CentroidY: 0.1973
