Location: 2025-04-19_214715-1.png_Mean-Medain.png
Component: component_1745098531266_141.png
centerX: 0.04299175500588928
centerY: 0.1433461703038083
width: 0.03121319199057715
height: 0.029097133076593923
Area: 0.0003744746392972578
CentroidX: 0.0598
CentroidY: 0.1596
