Location: 2025-04-19_214715-1.png_Mean-Medain.png
Component: component_1745098531346_338.png
centerX: 0.13250883392226148
centerY: 0.48224219084296105
width: 0.030035335689045935
height: 0.026957637997432605
Area: 0.00036288255759626595
CentroidX: 0.1467
CentroidY: 0.4978
