Location: 2025-04-19_214715-1.png_Otsu.png
Component: component_1745098531527_55.png
centerX: 0.9110718492343934
centerY: 0.0975609756097561
width: 0.030035335689045935
height: 0.030380830124090714
Area: 0.0003596065345068552
CentroidX: 0.9265
CentroidY: 0.1143
