Location: 2025-04-19_214715-1.png_Otsu.png
Component: component_1745098531675_441.png
centerX: 0.1607773851590106
centerY: 0.7291399229781772
width: 0.030035335689045935
height: 0.024390243902439025
Area: 0.0003104661881656942
CentroidX: 0.1754
CentroidY: 0.7421
