Location: 2025-04-19_214715-1.png_Gaussian-Closing.png
Component: component_1745098531868_546.png
centerX: 0.04299175500588928
centerY: 0.8900299529311082
width: 0.02767962308598351
height: 0.02995293110825845
Area: 0.0003157582254639731
CentroidX: 0.0580
CentroidY: 0.9082
