Location: 2025-04-19_214715-1.png_Gaussian-Closing.png
Component: component_1745098531747_64.png
centerX: 0.7226148409893993
centerY: 0.0599058622165169
width: 0.03121319199057715
height: 0.02781343602909713
Area: 0.0003696866055511959
CentroidX: 0.7391
CentroidY: 0.0758
