Location: 2025-04-19_214715-1.png_Gaussian-Median.png
Component: component_1745098530971_182.png
centerX: 0.04711425206124853
centerY: 0.27086007702182285
width: 0.028268551236749116
height: 0.02781343602909713
Area: 0.00032961832314994154
CentroidX: 0.0622
CentroidY: 0.2864
