Location: easy21_Mean-Medain.png
Component: component_1744297380860_461.png
centerX: 0.7258064516129032
centerY: 0.40325670498084293
width: 0.02258064516129032
height: 0.014846743295019157
Area: 9.96477567667779e-05
CentroidX: 0.7379
CentroidY: 0.4109
