Location: 2025-04-19_214715-1.png_Otsu.png
Component: component_1745098531654_422.png
centerX: 0.8197879858657244
centerY: 0.7227214377406932
width: 0.02591283863368669
height: 0.02781343602909713
Area: 0.00030038611712135345
CentroidX: 0.8324
CentroidY: 0.7371
