Location: 2025-04-19_214715-1.png_Otsu.png
Component: component_1745098531551_116.png
centerX: 0.395170789163722
centerY: 0.18142918271287975
width: 0.032391048292108364
height: 0.03080872913992298
Area: 0.0003568345149696615
CentroidX: 0.4126
CentroidY: 0.1991
