Location: 2025-04-19_214715-1.png_Gaussian-Median.png
Component: component_1745098530967_163.png
centerX: 0.8150765606595995
centerY: 0.25417201540436457
width: 0.030624263839811542
height: 0.029097133076593923
Area: 0.00035481850076079336
CentroidX: 0.8311
CentroidY: 0.2700
