Location: 2025-04-19_214715-1.png_Gaussian-Closing.png
Component: component_1745098531850_464.png
centerX: 0.6778563015312132
centerY: 0.7625160462130937
width: 0.02767962308598351
height: 0.026529738981600343
Area: 0.00033818638353763116
CentroidX: 0.6909
CentroidY: 0.7767
