Location: 2025-04-19_214715-1.png_Mean-Medain.png
Component: component_1745098531437_567.png
centerX: 0.6537102473498233
centerY: 0.8844672657252889
width: 0.026501766784452298
height: 0.026529738981600343
Area: 0.00028778602831592756
CentroidX: 0.6665
CentroidY: 0.8988
