Location: 2025-04-19_214715-1.png_Mean-Medain.png
Component: component_1745098531410_516.png
centerX: 0.8215547703180212
centerY: 0.7993153615746684
width: 0.02767962308598351
height: 0.028241335044929396
Area: 0.0003160102272400816
CentroidX: 0.8357
CentroidY: 0.8148
