Location: 2025-04-19_214715-1.png_Otsu.png
Component: component_1745098531559_150.png
centerX: 0.850412249705536
centerY: 0.25203252032520324
width: 0.03121319199057715
height: 0.029525032092426188
Area: 0.00035733851852187855
CentroidX: 0.8673
CentroidY: 0.2686
