Location: 2025-04-19_214715-1.png_Gaussian-Closing.png
Component: component_1745098531755_77.png
centerX: 0.1978798586572438
centerY: 0.10098416773641421
width: 0.02944640753828033
height: 0.029525032092426188
Area: 0.0003553225043130104
CentroidX: 0.2138
CentroidY: 0.1173
