Location: 2025-04-19_214715-1.png_Mean-Medain.png
Component: component_1745098531212_95.png
centerX: 0.08362779740871613
centerY: 0.06118955926401369
width: 0.03180212014134275
height: 0.02866923406076166
Area: 0.00037573464817780035
CentroidX: 0.1000
CentroidY: 0.0773
