Location: 2025-04-19_214715-1.png_Otsu.png
Component: component_1745098531651_419.png
centerX: 0.7532391048292109
centerY: 0.7218656397090286
width: 0.024146054181389872
height: 0.026529738981600343
Area: 0.0002779579590476954
CentroidX: 0.7646
CentroidY: 0.7360
