Location: 2025-04-19_214715-1.png_Otsu.png
Component: component_1745098531577_173.png
centerX: 0.08480565371024736
centerY: 0.26957637997432604
width: 0.02767962308598351
height: 0.02781343602909713
Area: 0.0003205462592100349
CentroidX: 0.0985
CentroidY: 0.2846
