Location: 2025-04-19_214715-1.png_Gaussian-Closing.png
Component: component_1745098531739_22.png
centerX: 0.5288574793875147
centerY: 0.014976465554129225
width: 0.02944640753828033
height: 0.030380830124090714
Area: 0.0003817826908044048
CentroidX: 0.5438
CentroidY: 0.0325
