Location: 2025-04-19_214715-1.png_Mean-Medain.png
Component: component_1745098531390_467.png
centerX: 0.8197879858657244
centerY: 0.7222935387248609
width: 0.02591283863368669
height: 0.028241335044929396
Area: 0.00032004225565781787
CentroidX: 0.8324
CentroidY: 0.7371
