Location: 2025-04-19_214715-1.png_Otsu.png
Component: component_1745098531524_45.png
centerX: 0.12131919905771496
centerY: 0.0599058622165169
width: 0.030624263839811542
height: 0.02866923406076166
Area: 0.00033768237998541413
CentroidX: 0.1381
CentroidY: 0.0762
