Location: 2025-04-19_214715-1.png_Gaussian-Median.png
Component: component_1745098530973_190.png
centerX: 0.6654888103651354
centerY: 0.30166880616174585
width: 0.02767962308598351
height: 0.03123662815575524
Area: 0.00036842659667065336
CentroidX: 0.6792
CentroidY: 0.3186
