Location: 2025-04-19_214715-1.png_Gaussian-Closing.png
Component: component_1745098531821_342.png
centerX: 0.5518256772673734
centerY: 0.560119811724433
width: 0.026501766784452298
height: 0.02781343602909713
Area: 0.00032835831426939897
CentroidX: 0.5650
CentroidY: 0.5754
