Location: 2025-04-19_214715-1.png_Otsu.png
Component: component_1745098531676_445.png
centerX: 0.826266195524146
centerY: 0.7599486521181001
width: 0.028857479387514724
height: 0.02781343602909713
Area: 0.0003160102272400816
CentroidX: 0.8407
CentroidY: 0.7748
