Location: 2025-04-19_214715-1.png_Otsu.png
Component: component_1745098531522_38.png
centerX: 0.24028268551236748
centerY: 0.059050064184852376
width: 0.028268551236749116
height: 0.029525032092426188
Area: 0.00033213834091102673
CentroidX: 0.2547
CentroidY: 0.0757
