Location: 2025-04-19_214715-1.png_Otsu.png
Component: component_1745098531689_487.png
centerX: 0.2826855123674912
centerY: 0.8057338468121523
width: 0.03121319199057715
height: 0.02396234488660676
Area: 0.00030013411534524493
CentroidX: 0.2985
CentroidY: 0.8193
