Location: 2025-04-19_214715-1.png_Gaussian-Closing.png
Component: component_1745098531825_364.png
centerX: 0.7408716136631331
centerY: 0.5982028241335045
width: 0.028268551236749116
height: 0.029525032092426188
Area: 0.00034927446168640596
CentroidX: 0.7542
CentroidY: 0.6145
