Location: 2025-04-19_214715-1.png_Gaussian-Closing.png
Component: component_1745098531746_61.png
centerX: 0.16136631330977622
centerY: 0.0599058622165169
width: 0.030624263839811542
height: 0.029097133076593923
Area: 0.0003689306002228704
CentroidX: 0.1775
CentroidY: 0.0761
