Location: 2025-04-19_214715-1.png_Otsu.png
Component: component_1745098531561_157.png
centerX: 0.6978798586572438
centerY: 0.25716730851519043
width: 0.03356890459363958
height: 0.02781343602909713
Area: 0.00035733851852187855
CentroidX: 0.7169
CentroidY: 0.2728
