Location: 2025-04-19_214715-1.png_Gaussian-Closing.png
Component: component_1745098531807_280.png
centerX: 0.2143698468786808
centerY: 0.43902439024390244
width: 0.026501766784452298
height: 0.030380830124090714
Area: 0.0003386903870898482
CentroidX: 0.2282
CentroidY: 0.4559
