Location: 2025-04-19_214715-1.png_Mean-Medain.png
Component: component_1745098531441_573.png
centerX: 0.7591283863368669
centerY: 0.8866067608044501
width: 0.023557126030624265
height: 0.023106546854942234
Area: 0.0002784619625999124
CentroidX: 0.7701
CentroidY: 0.8986
