Location: 2025-04-19_214715-1.png_Gaussian-Closing.png
Component: component_1745098531762_105.png
centerX: 0.519434628975265
centerY: 0.14163457424047926
width: 0.032391048292108364
height: 0.030380830124090714
Area: 0.00037548264640169184
CentroidX: 0.5376
CentroidY: 0.1589
