Location: 2025-04-19_214715-1.png_Mean-Medain.png
Component: component_1745098531377_431.png
centerX: 0.045936395759717315
centerY: 0.646127513906718
width: 0.02767962308598351
height: 0.02866923406076166
Area: 0.00033818638353763116
CentroidX: 0.0604
CentroidY: 0.6621
