Location: 2025-04-19_214715-1.png_Otsu.png
Component: component_1745098531685_474.png
centerX: 0.558303886925795
centerY: 0.8018827556696619
width: 0.02944640753828033
height: 0.026529738981600343
Area: 0.0003127342041506709
CentroidX: 0.5728
CentroidY: 0.8164
