Location: 2025-04-19_214715-1.png_Otsu.png
Component: component_1745098531595_237.png
centerX: 0.3303886925795053
centerY: 0.392811296534018
width: 0.028268551236749116
height: 0.028241335044929396
Area: 0.0003218062680905775
CentroidX: 0.3449
CentroidY: 0.4086
