Location: 2025-04-19_214715-1.png_Gaussian-Closing.png
Component: component_1745098531838_420.png
centerX: 0.5323910482921084
centerY: 0.6837826272999572
width: 0.030624263839811542
height: 0.026957637997432605
Area: 0.0003396983941942823
CentroidX: 0.5474
CentroidY: 0.6983
