Location: 2025-04-19_214715-1.png_Gaussian-Median.png
Component: component_1745098531079_520.png
centerX: 0.5983510011778563
centerY: 0.8412494651262302
width: 0.028268551236749116
height: 0.02738553701326487
Area: 0.00034373042261201856
CentroidX: 0.6117
CentroidY: 0.8558
