Location: 2025-04-19_214715-1.png_Mean-Medain.png
Component: component_1745098531444_576.png
centerX: 0.43227326266195526
centerY: 0.8883183568677792
width: 0.025323910482921083
height: 0.025246041934103552
Area: 0.0002857700141070594
CentroidX: 0.4449
CentroidY: 0.9019
