Location: 2025-04-19_214715-1.png_Otsu.png
Component: component_1745098531535_74.png
centerX: 0.5836277974087162
centerY: 0.10269576379974327
width: 0.03121319199057715
height: 0.03080872913992298
Area: 0.0003717026197600641
CentroidX: 0.5994
CentroidY: 0.1191
