Location: 2025-04-19_214715-1.png_Gaussian-Closing.png
Component: component_1745098531746_62.png
centerX: 0.2750294464075383
centerY: 0.0599058622165169
width: 0.03121319199057715
height: 0.02995293110825845
Area: 0.0003689306002228704
CentroidX: 0.2913
CentroidY: 0.0771
