Location: 2025-04-19_214715-1.png_Gaussian-Median.png
Component: component_1745098530904_30.png
centerX: 0.04946996466431095
centerY: 0.017543859649122806
width: 0.03180212014134275
height: 0.030380830124090714
Area: 0.00036187455049183185
CentroidX: 0.0665
CentroidY: 0.0355
