Location: 2025-04-19_214715-1.png_Gaussian-Median.png
Component: component_1745098531009_235.png
centerX: 0.8085983510011778
centerY: 0.386392811296534
width: 0.028857479387514724
height: 0.029525032092426188
Area: 0.0003422184119553675
CentroidX: 0.8234
CentroidY: 0.4027
