Location: 2025-04-19_214715-1.png_Gaussian-Median.png
Component: component_1745098531063_447.png
centerX: 0.33451118963486454
centerY: 0.7265725288831836
width: 0.034746760895170786
height: 0.029525032092426188
Area: 0.0003875787316549007
CentroidX: 0.3504
CentroidY: 0.7422
