Location: 2025-04-19_214715-1.png_Otsu.png
Component: component_1745098531587_193.png
centerX: 0.3133097762073027
centerY: 0.30851519041506204
width: 0.030035335689045935
height: 0.026957637997432605
Area: 0.00030845017395682604
CentroidX: 0.3294
CentroidY: 0.3233
