Location: 2025-04-19_214715-1.png_Mean-Medain.png
Component: component_1745098531425_538.png
centerX: 0.4075382803297998
centerY: 0.8070175438596491
width: 0.02944640753828033
height: 0.023106546854942234
Area: 0.00030971018283736866
CentroidX: 0.4228
CentroidY: 0.8193
