Location: 2025-04-19_214715-1.png_Otsu.png
Component: component_1745098531639_377.png
centerX: 0.5159010600706714
centerY: 0.6431322207958922
width: 0.030035335689045935
height: 0.02995293110825845
Area: 0.0003218062680905775
CentroidX: 0.5315
CentroidY: 0.6595
