Location: 2025-04-19_214715-1.png_Otsu.png
Component: component_1745098531493_11.png
centerX: 0.6042402826855123
centerY: 0.01540436456996149
width: 0.028268551236749116
height: 0.026957637997432605
Area: 0.00034473842971645267
CentroidX: 0.6179
CentroidY: 0.0305
