Location: 2025-04-19_214715-1.png_Otsu.png
Component: component_1745098531612_288.png
centerX: 0.2915194346289753
centerY: 0.4792468977321352
width: 0.028857479387514724
height: 0.026529738981600343
Area: 0.00031172619704623677
CentroidX: 0.3062
CentroidY: 0.4939
