Location: 2025-04-19_214715-1.png_Gaussian-Median.png
Component: component_1745098530913_66.png
centerX: 0.16372202591283863
centerY: 0.09927257167308515
width: 0.028268551236749116
height: 0.030380830124090714
Area: 0.00034599843859699523
CentroidX: 0.1784
CentroidY: 0.1163
