Location: 2025-04-19_214715-1.png_Gaussian-Median.png
Component: component_1745098531038_350.png
centerX: 0.25382803297997647
centerY: 0.5622593068035944
width: 0.028268551236749116
height: 0.028241335044929396
Area: 0.00034373042261201856
CentroidX: 0.2678
CentroidY: 0.5775
