Location: 2025-04-19_214715-1.png_Mean-Medain.png
Component: component_1745098531400_487.png
centerX: 0.0447585394581861
centerY: 0.7299957210098417
width: 0.027090694935217905
height: 0.02738553701326487
Area: 0.00033264234446324375
CentroidX: 0.0580
CentroidY: 0.7456
