Location: 2025-04-19_214715-1.png_Gaussian-Closing.png
Component: component_1745098531835_406.png
centerX: 0.36808009422850413
centerY: 0.6474112109542148
width: 0.023557126030624265
height: 0.026957637997432605
Area: 0.0002971100940319427
CentroidX: 0.3790
CentroidY: 0.6616
