Location: 2025-04-19_214715-1.png_Gaussian-Median.png
Component: component_1745098531012_247.png
centerX: 0.36866902237926974
centerY: 0.39323919554985026
width: 0.030624263839811542
height: 0.028241335044929396
Area: 0.0003638905647007
CentroidX: 0.3835
CentroidY: 0.4085
