Location: 2025-04-19_214715-1.png_Otsu.png
Component: component_1745098531617_301.png
centerX: 0.767962308598351
centerY: 0.5096277278562259
width: 0.02767962308598351
height: 0.026957637997432605
Area: 0.0003339023533437864
CentroidX: 0.7811
CentroidY: 0.5237
