Location: 2025-04-19_214715-1.png_Mean-Medain.png
Component: component_1745098531327_298.png
centerX: 0.7355712603062426
centerY: 0.4321780059905862
width: 0.02767962308598351
height: 0.02781343602909713
Area: 0.00035204648122359966
CentroidX: 0.7491
CentroidY: 0.4475
