Location: 2025-04-19_214715-1.png_Otsu.png
Component: component_1745098531676_446.png
centerX: 0.7173144876325088
centerY: 0.7608044501497646
width: 0.030624263839811542
height: 0.02781343602909713
Area: 0.00033339834979156935
CentroidX: 0.7317
CentroidY: 0.7757
