Location: 2025-04-19_214715-1.png_Mean-Medain.png
Component: component_1745098531138_52.png
centerX: 0.5288574793875147
centerY: 0.014976465554129225
width: 0.030035335689045935
height: 0.030380830124090714
Area: 0.00039211476362485404
CentroidX: 0.5438
CentroidY: 0.0324
