Location: 2025-04-19_214715-1.png_Otsu.png
Component: component_1745098531679_459.png
centerX: 0.11955241460541814
centerY: 0.7706461275139067
width: 0.02944640753828033
height: 0.026957637997432605
Area: 0.0003230662769711201
CentroidX: 0.1338
CentroidY: 0.7850
