Location: 2025-04-19_214715-1.png_Gaussian-Closing.png
Component: component_1745098531743_46.png
centerX: 0.4917550058892815
centerY: 0.058622165169020114
width: 0.02944640753828033
height: 0.029525032092426188
Area: 0.00035733851852187855
CentroidX: 0.5080
CentroidY: 0.0751
