Location: 2025-04-19_214715-1.png_Gaussian-Median.png
Component: component_1745098530934_149.png
centerX: 0.3963486454652532
centerY: 0.22250748823277705
width: 0.028268551236749116
height: 0.03080872913992298
Area: 0.0003475104492536463
CentroidX: 0.4109
CentroidY: 0.2399
