Location: 2025-04-19_214715-1.png_Otsu.png
Component: component_1745098531618_304.png
centerX: 0.7314487632508834
centerY: 0.5109114249037228
width: 0.028268551236749116
height: 0.026957637997432605
Area: 0.0003218062680905775
CentroidX: 0.7452
CentroidY: 0.5261
