Location: 2025-04-19_214715-1.png_Mean-Medain.png
Component: component_1745098531409_514.png
centerX: 0.7108362779740872
centerY: 0.7993153615746684
width: 0.028268551236749116
height: 0.028241335044929396
Area: 0.00034877045813418893
CentroidX: 0.7245
CentroidY: 0.8147
