Location: 2025-04-19_214715-1.png_Mean-Medain.png
Component: component_1745098531268_143.png
centerX: 0.12131919905771496
centerY: 0.1433461703038083
width: 0.028857479387514724
height: 0.03080872913992298
Area: 0.00036867859844676187
CentroidX: 0.1366
CentroidY: 0.1603
