Location: 2025-04-19_214715-1.png_Gaussian-Closing.png
Component: component_1745098531840_428.png
centerX: 0.045936395759717315
centerY: 0.6880616174582799
width: 0.024734982332155476
height: 0.02738553701326487
Area: 0.00030038611712135345
CentroidX: 0.0579
CentroidY: 0.7033
