Location: 2025-04-19_214715-1.png_Gaussian-Median.png
Component: component_1745098531039_356.png
centerX: 0.9216725559481743
centerY: 0.5964912280701754
width: 0.028857479387514724
height: 0.026957637997432605
Area: 0.0003452424332686697
CentroidX: 0.9357
CentroidY: 0.6113
