Location: 2025-04-19_214715-1.png_Otsu.png
Component: component_1745098531528_57.png
centerX: 0.16431095406360424
centerY: 0.09970047068891741
width: 0.027090694935217905
height: 0.02995293110825845
Area: 0.0003202942574339264
CentroidX: 0.1785
CentroidY: 0.1164
