Location: 2025-04-19_214715-1.png_Mean-Medain.png
Component: component_1745098531274_154.png
centerX: 0.6336866902237926
centerY: 0.17715019255455713
width: 0.030035335689045935
height: 0.026957637997432605
Area: 0.0003510384741191656
CentroidX: 0.6484
CentroidY: 0.1920
