Location: 2025-04-19_214715-1.png_Mean-Medain.png
Component: component_1745098531349_341.png
centerX: 0.9517078916372202
centerY: 0.5040650406504065
width: 0.02767962308598351
height: 0.029097133076593923
Area: 0.0003578425220740956
CentroidX: 0.9650
CentroidY: 0.5201
