Location: 2025-04-19_214715-1.png_Otsu.png
Component: component_1745098531627_332.png
centerX: 0.585394581861013
centerY: 0.5605477107402653
width: 0.02944640753828033
height: 0.02781343602909713
Area: 0.00031928625032949233
CentroidX: 0.6004
CentroidY: 0.5763
