Location: 2025-04-19_214715-1.png_Otsu.png
Component: component_1745098531627_330.png
centerX: 0.44228504122497053
centerY: 0.5609756097560976
width: 0.02767962308598351
height: 0.028241335044929396
Area: 0.00030845017395682604
CentroidX: 0.4564
CentroidY: 0.5765
