Location: 2025-04-19_214715-1.png_Gaussian-Closing.png
Component: component_1745098531794_234.png
centerX: 0.16431095406360424
centerY: 0.35344458707744975
width: 0.028268551236749116
height: 0.02781343602909713
Area: 0.00034877045813418893
CentroidX: 0.1791
CentroidY: 0.3683
