Location: 2025-04-19_214715-1.png_Gaussian-Median.png
Component: component_1745098530911_56.png
centerX: 0.2750294464075383
centerY: 0.0599058622165169
width: 0.03121319199057715
height: 0.02995293110825845
Area: 0.00036867859844676187
CentroidX: 0.2913
CentroidY: 0.0771
