Location: 2025-04-19_214715-1.png_Otsu.png
Component: component_1745098531628_337.png
centerX: 0.4799764428739694
centerY: 0.5618314077877621
width: 0.027090694935217905
height: 0.026529738981600343
Area: 0.00030164612600189607
CentroidX: 0.4935
CentroidY: 0.5763
