Location: internet_26.png_Gaussian-Median.png
Component: component_1755080010542_252.png
centerX: 0.06449012494961709
centerY: 0.5238095238095238
width: 0.026199113260781944
height: 0.03421727972626176
Area: 0.00027422554556919443
CentroidX: 0.0741
CentroidY: 0.5405
