Location: internet_26.png_Mean-Medain.png
Component: component_1755080009887_266.png
centerX: 0.1837968561064087
centerY: 0.6256059309951526
width: 0.02418379685610641
height: 0.031080695751354435
Area: 0.0002939936905138304
CentroidX: 0.1934
CentroidY: 0.6406
