Location: internet_26.png_Gaussian-Median.png
Component: component_1755080010549_280.png
centerX: 0.05763804917372027
centerY: 0.5794126033646991
width: 0.026602176541717048
height: 0.03222127174222983
Area: 0.00029112041363234264
CentroidX: 0.0684
CentroidY: 0.5932
