Location: internet_26.png_Otsu.png
Component: component_1755080009743_510.png
centerX: 0.26279725916968966
centerY: 0.35072711719418304
width: 0.022168480451430876
height: 0.03792415169660679
Area: 0.00015366284762196686
CentroidX: 0.2716
CentroidY: 0.3683
