Location: internet_26.png_Mean-Medain.png
Component: component_1755080009844_33.png
centerX: 0.4534461910519952
centerY: 0.05902480752780154
width: 0.02539298669891173
height: 0.04077559167379527
Area: 0.00032111742427507514
CentroidX: 0.4652
CentroidY: 0.0774
