Location: internet_26.png_Mean-Closing.png
Component: component_1755080010136_21.png
centerX: 0.9367190648931882
centerY: 0.052751639577986884
width: 0.030632809351068116
height: 0.03849443969204448
Area: 0.0003222667350276702
CentroidX: 0.9500
CentroidY: 0.0708
