Location: internet_26.png_Mean-Medain.png
Component: component_1755080009871_178.png
centerX: 0.8278919790407094
centerY: 0.4411177644710579
width: 0.02418379685610641
height: 0.03421727972626176
Area: 0.00029514300126642554
CentroidX: 0.8366
CentroidY: 0.4562
