Location: internet_26.png_Gaussian-Median.png
Component: component_1755080010552_294.png
centerX: 0.4514308746473196
centerY: 0.6104932991160537
width: 0.024989923417976623
height: 0.03364699173082407
Area: 0.00027158213083822565
CentroidX: 0.4615
CentroidY: 0.6254
