Location: internet_26.png_Mean-Medain.png
Component: component_1755080009876_201.png
centerX: 0.8214429665457477
centerY: 0.49786142001710865
width: 0.024586860137041516
height: 0.03364699173082407
Area: 0.0002941086215890899
CentroidX: 0.8309
CentroidY: 0.5131
