Location: internet_26.png_Mean-Closing.png
Component: component_1755080010231_205.png
centerX: 0.019750100765820233
centerY: 0.5249500998003992
width: 0.027408303103587262
height: 0.033932135728542916
Area: 0.00029744162277161576
CentroidX: 0.0307
CentroidY: 0.5402
