Location: internet_26.png_Gaussian-Median.png
Component: component_1755080010576_372.png
centerX: 0.18218460298266828
centerY: 0.7610493299116053
width: 0.02418379685610641
height: 0.032506415739948676
Area: 0.00026158312729064815
CentroidX: 0.1922
CentroidY: 0.7754
