Location: internet_26.png_Gaussian-Median.png
Component: component_1755080010549_278.png
centerX: 0.15195485691253527
centerY: 0.5754205873966353
width: 0.026602176541717048
height: 0.033361847733105215
Area: 0.00030180900363147717
CentroidX: 0.1625
CentroidY: 0.5907
