Location: internet_26.png_Otsu.png
Component: component_1755080009750_744.png
centerX: 0.9552599758162031
centerY: 0.44026233247790136
width: 0.022974607013301087
height: 0.03421727972626176
Area: 0.0002460674321306141
CentroidX: 0.9650
CentroidY: 0.4573
