Location: internet_26.png_Mean-Medain.png
Component: component_1755080009896_314.png
centerX: 0.1430874647319629
centerY: 0.7208440262332478
width: 0.026602176541717048
height: 0.027944111776447105
Area: 0.00025687095320500817
CentroidX: 0.1538
CentroidY: 0.7333
