Location: internet_26.png_Mean-Medain.png
Component: component_1755080009841_21.png
centerX: 0.40185409109230147
centerY: 0.008839463929284289
width: 0.031035872632003223
height: 0.03934987168520103
Area: 0.00039271948416175076
CentroidX: 0.4155
CentroidY: 0.0269
