Location: internet_26.png_Otsu.png
Component: component_1755080009774_1105.png
centerX: 0.23941958887545345
centerY: 0.6672369546621043
width: 0.0237807335751713
height: 0.03022526375819789
Area: 0.00020986414342386798
CentroidX: 0.2478
CentroidY: 0.6812
