Location: internet_26.png_Mean-Medain.png
Component: component_1755080009893_297.png
centerX: 0.7891979040709391
centerY: 0.6777872825777017
width: 0.02539298669891173
height: 0.031936127744510975
Area: 0.00024170005127075266
CentroidX: 0.7993
CentroidY: 0.6913
