Location: internet_26.png_Otsu.png
Component: component_1755080009782_1221.png
centerX: 0.73559048770657
centerY: 0.7319646421442829
width: 0.025796049979846837
height: 0.03364699173082407
Area: 0.00022055273342300256
CentroidX: 0.7465
CentroidY: 0.7463
