Location: internet_26.png_Mean-Medain.png
Component: component_1755080009874_192.png
centerX: 0.33413945989520355
centerY: 0.46221842030225263
width: 0.024989923417976623
height: 0.036213287710293696
Area: 0.0002648011973979145
CentroidX: 0.3438
CentroidY: 0.4782
