Location: internet_26.png_Mean-Medain.png
Component: component_1755080009875_197.png
centerX: 0.06690850463522773
centerY: 0.4699173082406615
width: 0.02015316404675534
height: 0.03450242372398061
Area: 0.00021813918084255283
CentroidX: 0.0743
CentroidY: 0.4867
