Location: internet_26.png_Gaussian-Median.png
Component: component_1755080010557_312.png
centerX: 0.6267634018540911
centerY: 0.6458511548331908
width: 0.029423619508262798
height: 0.033361847733105215
Area: 0.0002660654392257691
CentroidX: 0.6395
CentroidY: 0.6604
