Location: internet_26.png_Otsu.png
Component: component_1755080009780_1197.png
centerX: 0.05804111245465538
centerY: 0.722269746221842
width: 0.025796049979846837
height: 0.02879954376960365
Area: 0.00018388972041521838
CentroidX: 0.0681
CentroidY: 0.7348
