Location: internet_26.png_Mean-Medain.png
Component: component_1755080009873_188.png
centerX: 0.4804514308746473
centerY: 0.45822640433418876
width: 0.02539298669891173
height: 0.03792415169660679
Area: 0.0003120378693295737
CentroidX: 0.4904
CentroidY: 0.4742
