Location: internet_26.png_Mean-Medain.png
Component: component_1755080009896_313.png
centerX: 0.09713825070536074
centerY: 0.718562874251497
width: 0.028214429665457477
height: 0.03051040775591674
Area: 0.00024032087836763853
CentroidX: 0.1092
CentroidY: 0.7319
