Location: internet_26.png_Otsu.png
Component: component_1755080009713_25.png
centerX: 0.6122531237404273
centerY: 0.0575990875392073
width: 0.029423619508262798
height: 0.03450242372398061
Area: 0.0002448031903027595
CentroidX: 0.6244
CentroidY: 0.0719
