Location: internet_26.png_Mean-Medain.png
Component: component_1755080009852_77.png
centerX: 0.46432889963724305
centerY: 0.17137154262902765
width: 0.02902055622732769
height: 0.04163102366695181
Area: 0.00031525593943684
CentroidX: 0.4749
CentroidY: 0.1896
