Location: internet_26.png_Mean-Medain.png
Component: component_1755080009859_115.png
centerX: 0.5223700120918985
centerY: 0.2868548617051611
width: 0.027005239822652155
height: 0.039635015682919876
Area: 0.0002889367232024119
CentroidX: 0.5328
CentroidY: 0.3035
