Location: internet_26.png_Otsu.png
Component: component_1755080009726_196.png
centerX: 0.028214429665457477
centerY: 0.1847733105218135
width: 0.026602176541717048
height: 0.03735386370116909
Area: 0.0002510094683667731
CentroidX: 0.0376
CentroidY: 0.2007
