Location: internet_26.png_Gaussian-Median.png
Component: component_1755080010474_107.png
centerX: 0.2756952841596131
centerY: 0.2352437981180496
width: 0.026602176541717048
height: 0.036783575705731396
Area: 0.0002733060969671183
CentroidX: 0.2856
CentroidY: 0.2524
