Location: internet_26.png_Mean-Medain.png
Component: component_1755080009871_177.png
centerX: 0.954856912535268
centerY: 0.43997718848018247
width: 0.0237807335751713
height: 0.03450242372398061
Area: 0.0002887068610518929
CentroidX: 0.9651
CentroidY: 0.4573
