Location: internet_26.png_Otsu.png
Component: component_1755080009741_474.png
centerX: 0.5086658605401048
centerY: 0.34302822925577414
width: 0.02257154373236598
height: 0.03421727972626176
Area: 0.00014906560461158642
CentroidX: 0.5182
CentroidY: 0.3561
