Location: internet_26.png_Mean-Closing.png
Component: component_1755080010239_238.png
centerX: 0.5384925433293027
centerY: 0.6056458511548332
width: 0.027408303103587262
height: 0.03421727972626176
Area: 0.00029548779449220405
CentroidX: 0.5496
CentroidY: 0.6203
