Location: internet_26.png_Mean-Closing.png
Component: component_1755080010231_207.png
centerX: 0.9334945586457074
centerY: 0.5457656116338752
width: 0.028617492946392584
height: 0.03279155973766752
Area: 0.0002976714849221348
CentroidX: 0.9457
CentroidY: 0.5603
