Location: internet_26.png_Mean-Closing.png
Component: component_1755080010225_186.png
centerX: 0.8218460298266828
centerY: 0.49786142001710865
width: 0.02418379685610641
height: 0.03364699173082407
Area: 0.0002927294486859758
CentroidX: 0.8309
CentroidY: 0.5132
