Location: internet_26.png_Mean-Closing.png
Component: component_1755080010222_174.png
centerX: 0.4804514308746473
centerY: 0.45822640433418876
width: 0.02539298669891173
height: 0.037639007698887936
Area: 0.0003050270737387435
CentroidX: 0.4904
CentroidY: 0.4742
