Location: internet_26.png_Mean-Closing.png
Component: component_1755080010259_314.png
centerX: 0.3047158403869408
centerY: 0.754205873966353
width: 0.0237807335751713
height: 0.03421727972626176
Area: 0.0002636518866453194
CentroidX: 0.3142
CentroidY: 0.7687
