Location: internet_26.png_Otsu.png
Component: component_1755080009736_377.png
centerX: 0.22168480451430875
centerY: 0.29654975762760194
width: 0.029826682789197905
height: 0.03592814371257485
Area: 0.00014056070504238254
CentroidX: 0.2349
CentroidY: 0.3107
