Location: internet_26.png_Mean-Medain.png
Component: component_1755080009853_79.png
centerX: 0.3683998387746876
centerY: 0.17536355859709152
width: 0.03143893591293833
height: 0.04077559167379527
Area: 0.0003549071604013715
CentroidX: 0.3800
CentroidY: 0.1933
