Location: internet_26.png_Gaussian-Median.png
Component: component_1755080010354_73.png
centerX: 0.6130592503022975
centerY: 0.16338751069289992
width: 0.030229746070133012
height: 0.043912175648702596
Area: 0.00033444942900517845
CentroidX: 0.6263
CentroidY: 0.1834
