Location: internet_26.png_Mean-Medain.png
Component: component_1755080009890_279.png
centerX: 0.5388956066102378
centerY: 0.6461362988309096
width: 0.032245062474808545
height: 0.03592814371257485
Area: 0.00029456834589012794
CentroidX: 0.5525
CentroidY: 0.6619
