Location: internet_26.png_Mean-Medain.png
Component: component_1755080009880_226.png
centerX: 0.8621523579201935
centerY: 0.549757627601939
width: 0.02539298669891173
height: 0.03421727972626176
Area: 0.00030341803868511036
CentroidX: 0.8732
CentroidY: 0.5656
