Location: internet_26.png_Mean-Closing.png
Component: component_1755080010246_262.png
centerX: 0.4969770253929867
centerY: 0.6481323068149415
width: 0.026602176541717048
height: 0.032506415739948676
Area: 0.00026353695557005985
CentroidX: 0.5084
CentroidY: 0.6644
