Location: internet_26.png_Mean-Closing.png
Component: component_1755080010258_309.png
centerX: 0.4752116082224909
centerY: 0.7422298260621614
width: 0.02539298669891173
height: 0.03450242372398061
Area: 0.00025330808987196333
CentroidX: 0.4838
CentroidY: 0.7575
