Location: internet_26.png_Mean-Medain.png
Component: component_1755080009840_13.png
centerX: 0.8335348649738009
centerY: 0.006843455945252352
width: 0.029423619508262798
height: 0.03364699173082407
Area: 0.00032249659717818925
CentroidX: 0.8449
CentroidY: 0.0219
