Location: internet_26.png_Otsu.png
Component: component_1755080009770_1060.png
centerX: 0.8335348649738009
centerY: 0.6367265469061876
width: 0.024989923417976623
height: 0.029940119760479042
Area: 0.0001879123080493013
CentroidX: 0.8446
CentroidY: 0.6505
