Location: internet_26.png_Gaussian-Median.png
Component: component_1755080010541_250.png
centerX: 0.1523579201934704
centerY: 0.5212432278300542
width: 0.025796049979846837
height: 0.03450242372398061
Area: 0.0002749151320207515
CentroidX: 0.1632
CentroidY: 0.5373
