Location: internet_26.png_Mean-Closing.png
Component: component_1755080010244_252.png
centerX: 0.8335348649738009
centerY: 0.6367265469061876
width: 0.02539298669891173
height: 0.029940119760479042
Area: 0.00022147218202507864
CentroidX: 0.8449
CentroidY: 0.6507
