Location: internet_26.png_Gaussian-Median.png
Component: component_1755080010564_329.png
centerX: 0.0592503022974607
centerY: 0.6757912745936698
width: 0.024989923417976623
height: 0.031080695751354435
Area: 0.00025629629782871063
CentroidX: 0.0689
CentroidY: 0.6898
