Location: internet_26.png_Mean-Closing.png
Component: component_1755080010211_137.png
centerX: 0.07819427650141073
centerY: 0.35357855717137154
width: 0.02418379685610641
height: 0.038209295694325636
Area: 0.00032410563223182244
CentroidX: 0.0873
CentroidY: 0.3719
