Location: internet_26.png_Otsu.png
Component: component_1755080009758_1002.png
centerX: 0.32930270052398225
centerY: 0.5166809238665526
width: 0.024586860137041516
height: 0.03022526375819789
Area: 0.00022963228836850397
CentroidX: 0.3389
CentroidY: 0.5302
