Location: internet_26.png_Otsu.png
Component: component_1755080009728_246.png
centerX: 0.5155179363160016
centerY: 0.22611919019104648
width: 0.022974607013301087
height: 0.038209295694325636
Area: 0.00021342700675691285
CentroidX: 0.5238
CentroidY: 0.2429
