Location: internet_26.png_Mean-Medain.png
Component: component_1755080009850_60.png
centerX: 0.07456670697299476
centerY: 0.11919019104647847
width: 0.024586860137041516
height: 0.04077559167379527
Area: 0.0003436439150259394
CentroidX: 0.0831
CentroidY: 0.1379
