Location: internet_26.png_Otsu.png
Component: component_1755080009717_53.png
centerX: 0.8798871422813381
centerY: 0.10892500712859994
width: 0.025796049979846837
height: 0.040490447676076416
Area: 0.0002560664356781916
CentroidX: 0.8907
CentroidY: 0.1264
