Location: internet_26.png_Otsu.png
Component: component_1755080009719_60.png
centerX: 0.3635630794034663
centerY: 0.11548331907613345
width: 0.025796049979846837
height: 0.03792415169660679
Area: 0.00026744461212888326
CentroidX: 0.3740
CentroidY: 0.1330
