Location: internet_26.png_Otsu.png
Component: component_1755080009714_28.png
centerX: 0.40386940749697703
centerY: 0.058169375534645
width: 0.028617492946392584
height: 0.03934987168520103
Area: 0.0002850290666435885
CentroidX: 0.4178
CentroidY: 0.0764
