Location: internet_26.png_Mean-Medain.png
Component: component_1755080009885_252.png
centerX: 0.7496977025392987
centerY: 0.6005132591958939
width: 0.025796049979846837
height: 0.032506415739948676
Area: 0.0002583650571833818
CentroidX: 0.7598
CentroidY: 0.6149
