Location: internet_26.png_Gaussian-Median.png
Component: component_1755080010549_281.png
centerX: 0.01652559451833938
centerY: 0.5805531793555746
width: 0.0237807335751713
height: 0.031080695751354435
Area: 0.000270317889010371
CentroidX: 0.0253
CentroidY: 0.5961
