Location: internet_26.png_Gaussian-Median.png
Component: component_1755080010555_306.png
centerX: 0.871825876662636
centerY: 0.6364414029084687
width: 0.027408303103587262
height: 0.0290846877673225
Area: 0.00021515097288580553
CentroidX: 0.8844
CentroidY: 0.6495
