Location: internet_26.png_Otsu.png
Component: component_1755080009762_1024.png
centerX: 0.3708182184602983
centerY: 0.568291987453664
width: 0.02418379685610641
height: 0.0290846877673225
Area: 0.0002338847381531059
CentroidX: 0.3806
CentroidY: 0.5809
