Location: internet_26.png_Gaussian-Median.png
Component: component_1755080010473_106.png
centerX: 0.324465941152761
centerY: 0.23467351012261192
width: 0.024586860137041516
height: 0.03592814371257485
Area: 0.00026422654202161693
CentroidX: 0.3346
CentroidY: 0.2509
