Location: internet_26.png_Mean-Closing.png
Component: component_1755080010218_156.png
centerX: 0.20274083031035872
centerY: 0.4120330767037354
width: 0.027005239822652155
height: 0.029369831765041345
Area: 0.0002320458409489537
CentroidX: 0.2130
CentroidY: 0.4240
