Location: internet_26.png_Mean-Medain.png
Component: component_1755080009896_315.png
centerX: 0.05763804917372027
centerY: 0.7219846022241232
width: 0.027005239822652155
height: 0.029369831765041345
Area: 0.0002237708035302689
CentroidX: 0.0682
CentroidY: 0.7348
