Location: internet_26.png_Mean-Medain.png
Component: component_1755080009854_88.png
centerX: 0.9250302297460702
centerY: 0.2107214143142287
width: 0.03143893591293833
height: 0.037639007698887936
Area: 0.0002992805199757679
CentroidX: 0.9385
CentroidY: 0.2269
