Location: internet_26.png_Otsu.png
Component: component_1755080009745_615.png
centerX: 0.7823458282950423
centerY: 0.3889364128885087
width: 0.024586860137041516
height: 0.03165098374679213
Area: 0.00014021591181660403
CentroidX: 0.7930
CentroidY: 0.4017
