Location: internet_26.png_Otsu.png
Component: component_1755080009757_995.png
centerX: 0.6493349455864571
centerY: 0.5095523239235814
width: 0.028617492946392584
height: 0.034787567721699456
Area: 0.00028882179212715237
CentroidX: 0.6603
CentroidY: 0.5248
