Location: internet_26.png_Mean-Medain.png
Component: component_1755080009892_292.png
centerX: 0.9407496977025392
centerY: 0.6729398346164813
width: 0.028214429665457477
height: 0.025377815796977475
Area: 0.0002189436983693694
CentroidX: 0.9535
CentroidY: 0.6834
