Location: internet_26.png_Gaussian-Median.png
Component: component_1755080010569_345.png
centerX: 0.3212414349052801
centerY: 0.7065868263473054
width: 0.022168480451430876
height: 0.031936127744510975
Area: 0.00025825012610812233
CentroidX: 0.3299
CentroidY: 0.7204
