Location: internet_26.png_Mean-Medain.png
Component: component_1755080009881_229.png
centerX: 0.732365981459089
centerY: 0.5571713715426291
width: 0.024989923417976623
height: 0.034787567721699456
Area: 0.0002967520363200587
CentroidX: 0.7416
CentroidY: 0.5726
