Location: internet_26.png_Gaussian-Median.png
Component: component_1755080010336_46.png
centerX: 0.7730753728335349
centerY: 0.1074992871400057
width: 0.03184199919387344
height: 0.041916167664670656
Area: 0.000330082048145317
CentroidX: 0.7879
CentroidY: 0.1267
