Location: internet_26.png_Mean-Medain.png
Component: component_1755080009861_125.png
centerX: 0.08020959290608626
centerY: 0.2979754776161962
width: 0.02418379685610641
height: 0.03849443969204448
Area: 0.00028813220567559534
CentroidX: 0.0881
CentroidY: 0.3143
