Location: internet_26.png_Gaussian-Median.png
Component: component_1755080010519_185.png
centerX: 0.6094316807738815
centerY: 0.3963501568291987
width: 0.02539298669891173
height: 0.03222127174222983
Area: 0.00021331207568165333
CentroidX: 0.6193
CentroidY: 0.4103
