Location: internet_26.png_Gaussian-Median.png
Component: component_1755080010548_276.png
centerX: 0.23821039903264812
centerY: 0.5728542914171657
width: 0.026199113260781944
height: 0.034787567721699456
Area: 0.00029537286341694457
CentroidX: 0.2480
CentroidY: 0.5883
