Location: internet_26.png_Gaussian-Median.png
Component: component_1755080010353_70.png
centerX: 0.822652156388553
centerY: 0.16224693470202453
width: 0.02418379685610641
height: 0.03735386370116909
Area: 0.0002739956834186754
CentroidX: 0.8317
CentroidY: 0.1790
