Location: internet_26.png_Gaussian-Median.png
Component: component_1755080010555_304.png
centerX: 0.013704151551793631
centerY: 0.632164242942686
width: 0.02257154373236598
height: 0.0290846877673225
Area: 0.000245147983528538
CentroidX: 0.0235
CentroidY: 0.6461
