Location: internet_26.png_Otsu.png
Component: component_1755080009755_985.png
centerX: 0.8597339782345829
centerY: 0.4964357000285144
width: 0.023377670294236194
height: 0.03592814371257485
Area: 0.0002792825128806129
CentroidX: 0.8692
CentroidY: 0.5133
