Location: internet_26.png_Gaussian-Median.png
Component: component_1755080010521_192.png
centerX: 0.4800483675937122
centerY: 0.4037639007698888
width: 0.02418379685610641
height: 0.03136583974907328
Area: 0.00022227669955189524
CentroidX: 0.4895
CentroidY: 0.4165
