Location: internet_26.png_Gaussian-Median.png
Component: component_1755080010340_50.png
centerX: 0.6146715034260379
centerY: 0.10892500712859994
width: 0.028617492946392584
height: 0.03307670373538637
Area: 0.0003099691099749025
CentroidX: 0.6263
CentroidY: 0.1234
