Location: internet_26.png_Gaussian-Median.png
Component: component_1755080010523_194.png
centerX: 0.2974607013301088
centerY: 0.4074707727402338
width: 0.022974607013301087
height: 0.033932135728542916
Area: 0.00020331307213407584
CentroidX: 0.3051
CentroidY: 0.4230
