Location: internet_26.png_Gaussian-Median.png
Component: component_1755080010566_333.png
centerX: 0.7505038291011689
centerY: 0.6797832905617337
width: 0.021362353889560662
height: 0.029369831765041345
Area: 0.0002149211107352865
CentroidX: 0.7586
CentroidY: 0.6926
