Location: internet_26.png_Otsu.png
Component: component_1755080009761_1018.png
centerX: 0.6485288190245868
centerY: 0.5608782435129741
width: 0.02418379685610641
height: 0.03364699173082407
Area: 0.000270088026859852
CentroidX: 0.6588
CentroidY: 0.5766
