Location: internet_26.png_Otsu.png
Component: component_1755080009777_1146.png
centerX: 0.5872632003224506
centerY: 0.6874821785001426
width: 0.020556227327690448
height: 0.028514399771884802
Area: 0.00014929546676210542
CentroidX: 0.5942
CentroidY: 0.6998
