Location: internet_26.png_Gaussian-Median.png
Component: component_1755080010468_94.png
centerX: 0.8669891172914147
centerY: 0.21214713430282292
width: 0.030229746070133012
height: 0.03649843170801255
Area: 0.0002607786097638316
CentroidX: 0.8801
CentroidY: 0.2288
