Location: internet_26.png_Mean-Closing.png
Component: component_1755080010259_312.png
centerX: 0.3438129786376461
centerY: 0.7502138579982891
width: 0.02418379685610641
height: 0.03592814371257485
Area: 0.00025457233169981795
CentroidX: 0.3532
CentroidY: 0.7661
