Location: internet_26.png_Gaussian-Median.png
Component: component_1755080010553_298.png
centerX: 0.3180169286577993
centerY: 0.6193327630453379
width: 0.026602176541717048
height: 0.03136583974907328
Area: 0.00029755655384687524
CentroidX: 0.3295
CentroidY: 0.6339
