Location: internet_26.png_Mean-Closing.png
Component: component_1755080010219_161.png
centerX: 0.02176541717049577
centerY: 0.41773595665811236
width: 0.02257154373236598
height: 0.03307670373538637
Area: 0.0002616980583659077
CentroidX: 0.0295
CentroidY: 0.4327
