Location: internet_26.png_Otsu.png
Component: component_1755080009727_241.png
centerX: 0.8166062071745264
centerY: 0.21385799828913601
width: 0.02539298669891173
height: 0.038209295694325636
Area: 0.00022537983858390205
CentroidX: 0.8273
CentroidY: 0.2309
