Location: internet_26.png_Gaussian-Median.png
Component: component_1755080010553_299.png
centerX: 0.22893994357114067
centerY: 0.6233247790134018
width: 0.025796049979846837
height: 0.031936127744510975
Area: 0.00029847600244895135
CentroidX: 0.2394
CentroidY: 0.6380
