Location: internet_26.png_Mean-Closing.png
Component: component_1755080010107_7.png
centerX: 0.9343006852075776
centerY: 0.006273167949814656
width: 0.03506650544135429
height: 0.041060735671514116
Area: 0.00041363693985898187
CentroidX: 0.9500
CentroidY: 0.0259
