Location: internet_26.png_Mean-Medain.png
Component: component_1755080009848_51.png
centerX: 0.5594518339379283
centerY: 0.11035072711719418
width: 0.02902055622732769
height: 0.03792415169660679
Area: 0.0003621478181427207
CentroidX: 0.5723
CentroidY: 0.1277
