Location: internet_26.png_Gaussian-Median.png
Component: component_1755080010543_261.png
centerX: 0.7783151954856913
centerY: 0.5546050755631594
width: 0.025796049979846837
height: 0.033361847733105215
Area: 0.0002920398622344187
CentroidX: 0.7883
CentroidY: 0.5688
