Location: internet_26.png_Otsu.png
Component: component_1755080009717_50.png
centerX: 0.5126964933494559
centerY: 0.10835471913316225
width: 0.026602176541717048
height: 0.040490447676076416
Area: 0.00025215877911936824
CentroidX: 0.5230
CentroidY: 0.1264
