Location: internet_26.png_Gaussian-Median.png
Component: component_1755080010571_353.png
centerX: 0.018137847642079808
centerY: 0.7248360422013117
width: 0.025796049979846837
height: 0.030795551753635585
Area: 0.00022560970073442105
CentroidX: 0.0284
CentroidY: 0.7388
