Location: internet_26.png_Gaussian-Median.png
Component: component_1755080010537_233.png
centerX: 0.8948004836759371
centerY: 0.49672084402623323
width: 0.027408303103587262
height: 0.03421727972626176
Area: 0.0002906606893313046
CentroidX: 0.9062
CentroidY: 0.5129
