Location: internet_26.png_Mean-Closing.png
Component: component_1755080010177_84.png
centerX: 0.8166062071745264
centerY: 0.21357285429141717
width: 0.025796049979846837
height: 0.03849443969204448
Area: 0.0002810064790095056
CentroidX: 0.8274
CentroidY: 0.2309
