Location: internet_26.png_Mean-Medain.png
Component: component_1755080009899_329.png
centerX: 0.42724707779121324
centerY: 0.7425149700598802
width: 0.027005239822652155
height: 0.04220131166238951
Area: 0.0003000850375025845
CentroidX: 0.4363
CentroidY: 0.7628
