Location: internet_26.png_Gaussian-Median.png
Component: component_1755080010533_219.png
centerX: 0.4804514308746473
centerY: 0.45822640433418876
width: 0.024989923417976623
height: 0.03792415169660679
Area: 0.000289626309653969
CentroidX: 0.4903
CentroidY: 0.4745
