Location: internet_26.png_Otsu.png
Component: component_1755080009720_67.png
centerX: 0.07496977025392987
centerY: 0.11919019104647847
width: 0.0237807335751713
height: 0.040490447676076416
Area: 0.0002919249311591592
CentroidX: 0.0830
CentroidY: 0.1378
