Location: internet_26.png_Otsu.png
Component: component_1755080009761_1016.png
centerX: 0.732365981459089
centerY: 0.5571713715426291
width: 0.024586860137041516
height: 0.03450242372398061
Area: 0.00026445640417213596
CentroidX: 0.7417
CentroidY: 0.5726
