Location: internet_26.png_Otsu.png
Component: component_1755080009716_37.png
centerX: 0.25755743651753327
centerY: 0.06159110350727117
width: 0.02902055622732769
height: 0.03706871970345024
Area: 0.00028755755029929775
CentroidX: 0.2694
CentroidY: 0.0778
