Location: internet_26.png_Mean-Medain.png
Component: component_1755080009895_311.png
centerX: 0.23821039903264812
centerY: 0.7120045623039635
width: 0.027005239822652155
height: 0.031936127744510975
Area: 0.0002880172746003358
CentroidX: 0.2487
CentroidY: 0.7256
