Location: internet_26.png_Otsu.png
Component: component_1755080009711_17.png
centerX: 0.728335348649738
centerY: 0.00855431993156544
width: 0.031035872632003223
height: 0.03706871970345024
Area: 0.00032157714857611314
CentroidX: 0.7416
CentroidY: 0.0257
