Location: internet_26.png_Mean-Medain.png
Component: component_1755080009842_27.png
centerX: 0.7226924627166466
centerY: 0.05674365554605076
width: 0.027005239822652155
height: 0.03649843170801255
Area: 0.0003069809020181552
CentroidX: 0.7323
CentroidY: 0.0730
