Location: internet_26.png_Otsu.png
Component: component_1755080009773_1086.png
centerX: 0.3667875856509472
centerY: 0.6601083547191332
width: 0.02781136638452237
height: 0.03165098374679213
Area: 0.0002099790744991275
CentroidX: 0.3777
CentroidY: 0.6737
