Location: internet_26.png_Otsu.png
Component: component_1755080009735_362.png
centerX: 0.4723901652559452
centerY: 0.2917023096663815
width: 0.022974607013301087
height: 0.03507271171941831
Area: 0.00015550174482611905
CentroidX: 0.4809
CentroidY: 0.3071
