Location: internet_26.png_Mean-Closing.png
Component: component_1755080010245_256.png
centerX: 0.9500201531640468
centerY: 0.6384374108925007
width: 0.02539298669891173
height: 0.02765896777872826
Area: 0.00019975020880103097
CentroidX: 0.9608
CentroidY: 0.6507
