Location: internet_26.png_Mean-Closing.png
Component: component_1755080010222_171.png
centerX: 0.5687222893994357
centerY: 0.4519532363843741
width: 0.032245062474808545
height: 0.038209295694325636
Area: 0.0002907756204065641
CentroidX: 0.5820
CentroidY: 0.4682
