Location: internet_26.png_Gaussian-Median.png
Component: component_1755080010486_111.png
centerX: 0.07980652962515115
centerY: 0.24208725406330198
width: 0.026602176541717048
height: 0.034787567721699456
Area: 0.0002822707208373602
CentroidX: 0.0893
CentroidY: 0.2579
