Location: internet_26.png_Mean-Closing.png
Component: component_1755080010257_305.png
centerX: 0.6465135026199114
centerY: 0.7331052181351583
width: 0.02902055622732769
height: 0.036213287710293696
Area: 0.0002887068610518929
CentroidX: 0.6578
CentroidY: 0.7488
