Location: internet_26.png_Mean-Medain.png
Component: component_1755080009859_111.png
centerX: 0.7230955259975816
centerY: 0.27830054177359564
width: 0.0237807335751713
height: 0.031936127744510975
Area: 0.000279742237181651
CentroidX: 0.7325
CentroidY: 0.2921
