Location: internet_26.png_Mean-Closing.png
Component: component_1755080010245_255.png
centerX: 0.7968561064087062
centerY: 0.6375819788993442
width: 0.02539298669891173
height: 0.03222127174222983
Area: 0.00023342501385206784
CentroidX: 0.8071
CentroidY: 0.6515
