Location: internet_26.png_Otsu.png
Component: component_1755080009768_1055.png
centerX: 0.1837968561064087
centerY: 0.6258910749928714
width: 0.0237807335751713
height: 0.030795551753635585
Area: 0.000259744230086496
CentroidX: 0.1934
CentroidY: 0.6407
