Location: internet_26.png_Mean-Medain.png
Component: component_1755080009841_20.png
centerX: 0.727932285368803
centerY: 0.008269175933846592
width: 0.03184199919387344
height: 0.037639007698887936
Area: 0.0003688138205077724
CentroidX: 0.7415
CentroidY: 0.0256
