Location: internet_26.png_Gaussian-Median.png
Component: component_1755080010507_154.png
centerX: 0.2623941958887545
centerY: 0.3504419731964642
width: 0.02257154373236598
height: 0.03849443969204448
Area: 0.00024250456879756926
CentroidX: 0.2705
CentroidY: 0.3685
