Location: internet_26.png_Mean-Closing.png
Component: component_1755080010146_45.png
centerX: 0.6146715034260379
centerY: 0.1092101511263188
width: 0.028617492946392584
height: 0.03279155973766752
Area: 0.00032536987405967706
CentroidX: 0.6262
CentroidY: 0.1234
