Location: internet_26.png_Otsu.png
Component: component_1755080009775_1122.png
centerX: 0.8649738008867393
centerY: 0.6752209865982322
width: 0.02418379685610641
height: 0.03022526375819789
Area: 0.00017906261525431891
CentroidX: 0.8759
CentroidY: 0.6877
