Location: internet_26.png_Mean-Closing.png
Component: component_1755080010135_19.png
centerX: 0.40185409109230147
centerY: 0.008839463929284289
width: 0.030632809351068116
height: 0.03934987168520103
Area: 0.0003922597598607127
CentroidX: 0.4154
CentroidY: 0.0269
