Location: internet_26.png_Mean-Closing.png
Component: component_1755080010206_129.png
centerX: 0.562273276904474
centerY: 0.34160250926717994
width: 0.028617492946392584
height: 0.037639007698887936
Area: 0.00032341604578026536
CentroidX: 0.5743
CentroidY: 0.3591
