Location: internet_26.png_Otsu.png
Component: component_1755080009736_376.png
centerX: 0.12414349052801289
centerY: 0.29654975762760194
width: 0.02539298669891173
height: 0.03307670373538637
Area: 0.00012860787321539337
CentroidX: 0.1324
CentroidY: 0.3096
