Location: internet_26.png_Mean-Medain.png
Component: component_1755080009872_180.png
centerX: 0.7863764611043934
centerY: 0.442828628457371
width: 0.025796049979846837
height: 0.033932135728542916
Area: 0.00027525992524653003
CentroidX: 0.7968
CentroidY: 0.4566
