Location: internet_26.png_Otsu.png
Component: component_1755080009710_12.png
centerX: 0.30995566303909716
centerY: 0.007984031936127744
width: 0.031035872632003223
height: 0.039635015682919876
Area: 0.0003438737771764584
CentroidX: 0.3228
CentroidY: 0.0267
