Location: internet_26.png_Mean-Closing.png
Component: component_1755080010257_304.png
centerX: 0.7351874244256348
centerY: 0.731679498146564
width: 0.026602176541717048
height: 0.033932135728542916
Area: 0.0002650310595484335
CentroidX: 0.7464
CentroidY: 0.7465
