Location: internet_26.png_Mean-Medain.png
Component: component_1755080009894_306.png
centerX: 0.4498186215235792
centerY: 0.6957513544339892
width: 0.024586860137041516
height: 0.03136583974907328
Area: 0.00025618136675345114
CentroidX: 0.4596
CentroidY: 0.7095
