Location: internet_26.png_Gaussian-Median.png
Component: component_1755080010542_253.png
centerX: 0.019750100765820233
centerY: 0.5249500998003992
width: 0.027408303103587262
height: 0.033932135728542916
Area: 0.00028319016943943634
CentroidX: 0.0308
CentroidY: 0.5402
