Location: internet_26.png_Otsu.png
Component: component_1755080009727_239.png
centerX: 0.8673921805723499
centerY: 0.21243227830054176
width: 0.029423619508262798
height: 0.036213287710293696
Area: 0.00021043879880016555
CentroidX: 0.8799
CentroidY: 0.2282
