Location: internet_26.png_Mean-Medain.png
Component: component_1755080009847_50.png
centerX: 0.879484079000403
centerY: 0.10892500712859994
width: 0.027005239822652155
height: 0.04077559167379527
Area: 0.00033456436008043794
CentroidX: 0.8907
CentroidY: 0.1269
