Location: internet_26.png_Otsu.png
Component: component_1755080009732_344.png
centerX: 0.9153567110036276
centerY: 0.2711719418306245
width: 0.03184199919387344
height: 0.03649843170801255
Area: 0.00027997209933217
CentroidX: 0.9292
CentroidY: 0.2862
