Location: internet_26.png_Mean-Closing.png
Component: component_1755080010182_100.png
centerX: 0.9153567110036276
centerY: 0.2708867978329056
width: 0.032245062474808545
height: 0.036783575705731396
Area: 0.0003476665026600223
CentroidX: 0.9289
CentroidY: 0.2868
