Location: internet_26.png_Mean-Medain.png
Component: component_1755080009847_46.png
centerX: 0.5122934300685208
centerY: 0.1080695751354434
width: 0.027408303103587262
height: 0.041060735671514116
Area: 0.00033674805051036867
CentroidX: 0.5229
CentroidY: 0.1268
