Location: internet_26.png_Mean-Medain.png
Component: component_1755080009882_235.png
centerX: 0.5139056831922612
centerY: 0.5651554034787568
width: 0.02418379685610641
height: 0.03022526375819789
Area: 0.0002710074754619281
CentroidX: 0.5234
CentroidY: 0.5793
