Location: internet_26.png_Mean-Medain.png
Component: component_1755080009855_91.png
centerX: 0.8162031438935913
centerY: 0.21357285429141717
width: 0.026199113260781944
height: 0.03849443969204448
Area: 0.0002836498937404744
CentroidX: 0.8274
CentroidY: 0.2309
