Location: internet_26.png_Mean-Closing.png
Component: component_1755080010233_216.png
centerX: 0.6025796049979847
centerY: 0.564870259481038
width: 0.023377670294236194
height: 0.0290846877673225
Area: 0.00025687095320500817
CentroidX: 0.6115
CentroidY: 0.5782
