Location: internet_26.png_Mean-Medain.png
Component: component_1755080009840_16.png
centerX: 0.6219266424828698
centerY: 0.007413743940690049
width: 0.028617492946392584
height: 0.03792415169660679
Area: 0.0003709975109377031
CentroidX: 0.6343
CentroidY: 0.0254
