Location: internet_26.png_Mean-Medain.png
Component: component_1755080009890_284.png
centerX: 0.4143490528012898
centerY: 0.6578272027373824
width: 0.024989923417976623
height: 0.031936127744510975
Area: 0.0002803168925579485
CentroidX: 0.4248
CentroidY: 0.6727
