Location: internet_26.png_Mean-Closing.png
Component: component_1755080010108_9.png
centerX: 0.45102781136638453
centerY: 0.006843455945252352
width: 0.035872632003224506
height: 0.04077559167379527
Area: 0.0004439787437274929
CentroidX: 0.4676
CentroidY: 0.0251
