Location: internet_26.png_Otsu.png
Component: component_1755080009718_54.png
centerX: 0.5598548972188634
centerY: 0.11063587111491303
width: 0.028214429665457477
height: 0.03735386370116909
Area: 0.0002743404766444539
CentroidX: 0.5724
CentroidY: 0.1272
