Location: internet_26.png_Gaussian-Median.png
Component: component_1755080010537_235.png
centerX: 0.9375251914550584
centerY: 0.4981465640148275
width: 0.0237807335751713
height: 0.031080695751354435
Area: 0.0002680192675051808
CentroidX: 0.9471
CentroidY: 0.5117
