Location: internet_26.png_Gaussian-Median.png
Component: component_1755080010575_370.png
centerX: 0.3047158403869408
centerY: 0.754205873966353
width: 0.0237807335751713
height: 0.03450242372398061
Area: 0.00025687095320500817
CentroidX: 0.3141
CentroidY: 0.7688
