Location: internet_26.png_Mean-Medain.png
Component: component_1755080009863_137.png
centerX: 0.7194679564691656
centerY: 0.33475905332192757
width: 0.028617492946392584
height: 0.038209295694325636
Area: 0.00032835808201642436
CentroidX: 0.7312
CentroidY: 0.3521
