Location: internet_26.png_Mean-Medain.png
Component: component_1755080009887_263.png
centerX: 0.27448609431680776
centerY: 0.6181921870544625
width: 0.023377670294236194
height: 0.03364699173082407
Area: 0.000299740244276806
CentroidX: 0.2840
CentroidY: 0.6342
