Location: internet_26.png_Mean-Closing.png
Component: component_1755080010104_2.png
centerX: 0.8847239016525594
centerY: 0.003992015968063872
width: 0.036275695284159616
height: 0.039635015682919876
Area: 0.0004088098346980824
CentroidX: 0.9011
CentroidY: 0.0216
