Location: internet_26.png_Mean-Closing.png
Component: component_1755080010218_158.png
centerX: 0.15638855300282145
centerY: 0.41231822070145424
width: 0.02418379685610641
height: 0.02879954376960365
Area: 0.0002071057976176397
CentroidX: 0.1647
CentroidY: 0.4247
