Location: internet_26.png_Otsu.png
Component: component_1755080009713_24.png
centerX: 0.8254735993550988
centerY: 0.05731394354148845
width: 0.029423619508262798
height: 0.03877958368976333
Area: 0.0002757196495475681
CentroidX: 0.8386
CentroidY: 0.0735
