Location: internet_26.png_Otsu.png
Component: component_1755080009728_244.png
centerX: 0.566303909713825
centerY: 0.22355289421157684
width: 0.024586860137041516
height: 0.041060735671514116
Area: 0.00022549476965916156
CentroidX: 0.5752
CentroidY: 0.2421
