Location: internet_26.png_Mean-Medain.png
Component: component_1755080009850_62.png
centerX: 0.02418379685610641
centerY: 0.1223267750213858
width: 0.029826682789197905
height: 0.03364699173082407
Area: 0.0003310014967473931
CentroidX: 0.0360
CentroidY: 0.1373
