Location: internet_26.png_Mean-Medain.png
Component: component_1755080009849_58.png
centerX: 0.3184199919387344
centerY: 0.11804961505560307
width: 0.027005239822652155
height: 0.036783575705731396
Area: 0.0003208875621245561
CentroidX: 0.3291
CentroidY: 0.1340
