Location: internet_26.png_Mean-Medain.png
Component: component_1755080009841_19.png
centerX: 0.11487303506650544
centerY: 0.008269175933846592
width: 0.030632809351068116
height: 0.03934987168520103
Area: 0.00041949842469721693
CentroidX: 0.1261
CentroidY: 0.0260
