Location: internet_26.png_Gaussian-Median.png
Component: component_1755080010572_355.png
centerX: 0.8577186618299073
centerY: 0.7274023381807813
width: 0.027005239822652155
height: 0.031080695751354435
Area: 0.00023871184331400536
CentroidX: 0.8695
CentroidY: 0.7397
