Location: internet_26.png_Gaussian-Median.png
Component: component_1755080010471_103.png
centerX: 0.41757355904877064
centerY: 0.23182207014542344
width: 0.026602176541717048
height: 0.04020530367835757
Area: 0.0002968669673953182
CentroidX: 0.4284
CentroidY: 0.2505
