Location: internet_26.png_Gaussian-Median.png
Component: component_1755080010514_159.png
centerX: 0.21604191858121724
centerY: 0.3541488451668092
width: 0.0237807335751713
height: 0.03592814371257485
Area: 0.0002643414730968764
CentroidX: 0.2250
CentroidY: 0.3712
