Location: internet_26.png_Otsu.png
Component: component_1755080009766_1038.png
centerX: 0.79242241031842
centerY: 0.6010835471913316
width: 0.026602176541717048
height: 0.03022526375819789
Area: 0.0002339996692283654
CentroidX: 0.8025
CentroidY: 0.6142
