Location: internet_26.png_Otsu.png
Component: component_1755080009759_1008.png
centerX: 0.06449012494961709
centerY: 0.5240946678072427
width: 0.025796049979846837
height: 0.03364699173082407
Area: 0.00024664208750691164
CentroidX: 0.0742
CentroidY: 0.5405
