Location: internet_26.png_Mean-Medain.png
Component: component_1755080009866_152.png
centerX: 0.9214026602176542
centerY: 0.3835186769318506
width: 0.029826682789197905
height: 0.03592814371257485
Area: 0.00023434446245414393
CentroidX: 0.9352
CentroidY: 0.3976
