Location: internet_26.png_Mean-Closing.png
Component: component_1755080010216_149.png
centerX: 0.6537686416767432
centerY: 0.39692044482463645
width: 0.02539298669891173
height: 0.03022526375819789
Area: 0.00025641122890397017
CentroidX: 0.6647
CentroidY: 0.4096
