Location: internet_26.png_Gaussian-Median.png
Component: component_1755080010551_288.png
centerX: 0.6731156791616284
centerY: 0.6025092671799258
width: 0.026199113260781944
height: 0.03592814371257485
Area: 0.00027744361567646076
CentroidX: 0.6837
CentroidY: 0.6185
