Location: internet_26.png_Mean-Medain.png
Component: component_1755080009888_273.png
centerX: 0.909310761789601
centerY: 0.6367265469061876
width: 0.029826682789197905
height: 0.030795551753635585
Area: 0.0002420448444965312
CentroidX: 0.9221
CentroidY: 0.6506
