Location: internet_26.png_Mean-Medain.png
Component: component_1755080009872_182.png
centerX: 0.7069729947601774
centerY: 0.4459652124322783
width: 0.02418379685610641
height: 0.03450242372398061
Area: 0.0003039926940614079
CentroidX: 0.7160
CentroidY: 0.4606
