Location: internet_26.png_Mean-Medain.png
Component: component_1755080009874_190.png
centerX: 0.2893994357114067
centerY: 0.46164813230681495
width: 0.025796049979846837
height: 0.03307670373538637
Area: 0.00024170005127075266
CentroidX: 0.2989
CentroidY: 0.4771
