Location: internet_26.png_Mean-Closing.png
Component: component_1755080010227_192.png
centerX: 0.6078194276501411
centerY: 0.5106928999144568
width: 0.029826682789197905
height: 0.035642999714856
Area: 0.00031525593943684
CentroidX: 0.6189
CentroidY: 0.5261
