Location: internet_26.png_Mean-Medain.png
Component: component_1755080009875_196.png
centerX: 0.024989923417976623
centerY: 0.4679213002566296
width: 0.021362353889560662
height: 0.03592814371257485
Area: 0.00022112738879930013
CentroidX: 0.0329
CentroidY: 0.4855
