Location: internet_26.png_Mean-Medain.png
Component: component_1755080009861_124.png
centerX: 0.3260781942765014
centerY: 0.2971200456230396
width: 0.022974607013301087
height: 0.03450242372398061
Area: 0.00023020694374480152
CentroidX: 0.3344
CentroidY: 0.3124
