Location: internet_26.png_Mean-Medain.png
Component: component_1755080009852_73.png
centerX: 0.5606610237807336
centerY: 0.16737952666096378
width: 0.02781136638452237
height: 0.036783575705731396
Area: 0.0002920398622344187
CentroidX: 0.5715
CentroidY: 0.1837
