Location: internet_26.png_Gaussian-Median.png
Component: component_1755080010320_14.png
centerX: 0.35832325675130994
centerY: 0.007698887938408896
width: 0.030632809351068116
height: 0.03992015968063872
Area: 0.000369848200185108
CentroidX: 0.3713
CentroidY: 0.0265
