Location: internet_26.png_Gaussian-Median.png
Component: component_1755080010540_244.png
centerX: 0.46916565900846435
centerY: 0.5152552038779584
width: 0.027408303103587262
height: 0.03222127174222983
Area: 0.00028824713675085483
CentroidX: 0.4805
CentroidY: 0.5293
