Location: internet_26.png_Mean-Closing.png
Component: component_1755080010185_109.png
centerX: 0.4199919387343813
centerY: 0.29056173367550614
width: 0.029826682789197905
height: 0.041060735671514116
Area: 0.0002787078575043154
CentroidX: 0.4323
CentroidY: 0.3089
