Location: internet_26.png_Mean-Medain.png
Component: component_1755080009898_325.png
centerX: 0.6041918581217252
centerY: 0.7345309381237525
width: 0.024586860137041516
height: 0.03307670373538637
Area: 0.000255032056000856
CentroidX: 0.6141
CentroidY: 0.7497
