Location: internet_26.png_Gaussian-Median.png
Component: component_1755080010558_314.png
centerX: 0.6706972994760177
centerY: 0.6464214428286285
width: 0.027408303103587262
height: 0.03222127174222983
Area: 0.0002551469870761155
CentroidX: 0.6813
CentroidY: 0.6606
