Location: internet_26.png_Otsu.png
Component: component_1755080009773_1091.png
centerX: 0.3248690044336961
centerY: 0.6626746506986028
width: 0.0237807335751713
height: 0.029369831765041345
Area: 0.00020135924385466413
CentroidX: 0.3347
CentroidY: 0.6749
