Location: internet_26.png_Gaussian-Median.png
Component: component_1755080010535_227.png
centerX: 0.10802095929060862
centerY: 0.46706586826347307
width: 0.022168480451430876
height: 0.035642999714856
Area: 0.00022744859793857324
CentroidX: 0.1163
CentroidY: 0.4844
