Location: internet_26.png_Gaussian-Median.png
Component: component_1755080010354_72.png
centerX: 0.7730753728335349
centerY: 0.16253207869974337
width: 0.020556227327690448
height: 0.037639007698887936
Area: 0.00026422654202161693
CentroidX: 0.7797
CentroidY: 0.1803
