Location: internet_26.png_Otsu.png
Component: component_1755080009724_183.png
centerX: 0.2245062474808545
centerY: 0.17764471057884232
width: 0.024989923417976623
height: 0.04220131166238951
Area: 0.00023848198116348636
CentroidX: 0.2347
CentroidY: 0.1969
