Location: internet_26.png_Gaussian-Median.png
Component: component_1755080010542_257.png
centerX: 0.9334945586457074
centerY: 0.5457656116338752
width: 0.028617492946392584
height: 0.03279155973766752
Area: 0.00028686796384774066
CentroidX: 0.9456
CentroidY: 0.5603
