Location: internet_26.png_Gaussian-Median.png
Component: component_1755080010550_284.png
centerX: 0.9528415961305925
centerY: 0.5976618192187054
width: 0.026602176541717048
height: 0.03279155973766752
Area: 0.00027686896030016317
CentroidX: 0.9663
CentroidY: 0.6135
