Location: internet_26.png_Mean-Closing.png
Component: component_1755080010236_228.png
centerX: 0.01652559451833938
centerY: 0.5805531793555746
width: 0.0237807335751713
height: 0.031080695751354435
Area: 0.0002816960654610627
CentroidX: 0.0253
CentroidY: 0.5961
