Location: internet_26.png_Mean-Closing.png
Component: component_1755080010248_269.png
centerX: 0.23901652559451833
centerY: 0.6672369546621043
width: 0.02418379685610641
height: 0.03022526375819789
Area: 0.00025928450578545793
CentroidX: 0.2478
CentroidY: 0.6812
