Location: internet_26.png_Mean-Closing.png
Component: component_1755080010149_50.png
centerX: 0.4111245465538089
centerY: 0.11291702309666382
width: 0.027005239822652155
height: 0.03992015968063872
Area: 0.000310313903200681
CentroidX: 0.4231
CentroidY: 0.1312
