Location: internet_26.png_Mean-Closing.png
Component: component_1755080010192_118.png
centerX: 0.08020959290608626
centerY: 0.2979754776161962
width: 0.0237807335751713
height: 0.03849443969204448
Area: 0.0002850290666435885
CentroidX: 0.0881
CentroidY: 0.3143
