Location: internet_26.png_Otsu.png
Component: component_1755080009772_1074.png
centerX: 0.4969770253929867
centerY: 0.6481323068149415
width: 0.026199113260781944
height: 0.032506415739948676
Area: 0.00021170304062802017
CentroidX: 0.5087
CentroidY: 0.6643
