Location: internet_26.png_Mean-Medain.png
Component: component_1755080009896_316.png
centerX: 0.9371221281741233
centerY: 0.7234103222127174
width: 0.030632809351068116
height: 0.03222127174222983
Area: 0.0002708925443866686
CentroidX: 0.9507
CentroidY: 0.7363
