Location: internet_26.png_Gaussian-Median.png
Component: component_1755080010515_176.png
centerX: 0.7819427650141072
centerY: 0.3835186769318506
width: 0.027005239822652155
height: 0.037639007698887936
Area: 0.0002669848878278452
CentroidX: 0.7927
CentroidY: 0.4007
