Location: internet_26.png_Mean-Medain.png
Component: component_1755080009894_304.png
centerX: 0.4961708988311165
centerY: 0.692329626461363
width: 0.024989923417976623
height: 0.03051040775591674
Area: 0.00024238963772230975
CentroidX: 0.5052
CentroidY: 0.7053
