Location: internet_26.png_Otsu.png
Component: component_1755080009722_166.png
centerX: 0.8726320032245063
centerY: 0.16310236669518108
width: 0.027408303103587262
height: 0.03792415169660679
Area: 0.0002299770815942825
CentroidX: 0.8840
CentroidY: 0.1791
