Location: internet_26.png_Mean-Medain.png
Component: component_1755080009891_285.png
centerX: 0.36638452237001207
centerY: 0.6598232107214144
width: 0.028214429665457477
height: 0.03222127174222983
Area: 0.0002822707208373602
CentroidX: 0.3778
CentroidY: 0.6745
