Location: internet_26.png_Mean-Medain.png
Component: component_1755080009881_230.png
centerX: 0.6916565900846433
centerY: 0.5585970915312233
width: 0.026199113260781944
height: 0.03307670373538637
Area: 0.00029215479330967824
CentroidX: 0.7014
CentroidY: 0.5734
