Location: internet_26.png_Mean-Closing.png
Component: component_1755080010248_267.png
centerX: 0.3248690044336961
centerY: 0.6623895067008839
width: 0.02418379685610641
height: 0.029654975762760195
Area: 0.0002530782277214443
CentroidX: 0.3347
CentroidY: 0.6752
