Location: internet_26.png_Otsu.png
Component: component_1755080009713_23.png
centerX: 0.7230955259975816
centerY: 0.05674365554605076
width: 0.026199113260781944
height: 0.036213287710293696
Area: 0.0002577904018070843
CentroidX: 0.7324
CentroidY: 0.0727
