Location: internet_26.png_Otsu.png
Component: component_1755080009711_18.png
centerX: 0.4022571543732366
centerY: 0.009124607927003137
width: 0.030229746070133012
height: 0.03877958368976333
Area: 0.0003522637456704027
CentroidX: 0.4154
CentroidY: 0.0270
