Location: Sandro_Ⴏ_1.jpg_Mean-Medain.png
Component: component_1744666450864_260.png
centerX: 0.8788774002954209
centerY: 0.40594405594405597
width: 0.024618414574101428
height: 0.031118881118881118
Area: 0.0003045452823887093
CentroidX: 0.8934
CentroidY: 0.4186
