Location: Sandro_Ⴏ_1.jpg_Gaussian-Closing.png
Component: component_1744666451068_67.png
centerX: 0.5292959133431807
centerY: 0.09090909090909091
width: 0.02708025603151157
height: 0.032517482517482516
Area: 0.0003644558297438652
CentroidX: 0.5470
CentroidY: 0.1043
