Location: Sandro_Ⴏ_2.jpg_Gaussian-Median.png
Component: component_1744666450215_221.png
centerX: 0.6293774319066148
centerY: 0.43138151875571823
width: 0.026264591439688716
height: 0.04071363220494053
Area: 0.00046346399621218865
CentroidX: 0.6455
CentroidY: 0.4482
