Location: Sandro_Ⴏ_2.jpg_Otsu.png
Component: component_1744666450571_54.png
centerX: 0.7504863813229572
centerY: 0.06953339432753888
width: 0.024319066147859923
height: 0.04071363220494053
Area: 0.0003757996589545783
CentroidX: 0.7635
CentroidY: 0.0855
