Location: Sandro_Ⴏ_1.jpg_Mean-Medain.png
Component: component_1744666450883_312.png
centerX: 0.3353028064992615
centerY: 0.4800699300699301
width: 0.01674052191038897
height: 0.025524475524475523
Area: 0.00010346620390933537
CentroidX: 0.3447
CentroidY: 0.4893
