Location: Sandro_Ⴏ_1.jpg_Gaussian-Closing.png
Component: component_1744666451087_143.png
centerX: 0.39044805514524866
centerY: 0.21818181818181817
width: 0.015755785327424915
height: 0.02097902097902098
Area: 9.657993409839791e-05
CentroidX: 0.4003
CentroidY: 0.2261
