Location: Sandro_Ⴏ_2.jpg_Otsu.png
Component: component_1744666450638_344.png
centerX: 0.11284046692607004
centerY: 0.7282708142726441
width: 0.01848249027237354
height: 0.03751143641354071
Area: 0.00012927152270728834
CentroidX: 0.1234
CentroidY: 0.7420
