Location: Sandro_Ⴏ_2.jpg_Gaussian-Median.png
Component: component_1744666450171_37.png
centerX: 0.22227626459143968
centerY: 0.06221408966148216
width: 0.023346303501945526
height: 0.03796889295516926
Area: 0.00038825956475769044
CentroidX: 0.2361
CentroidY: 0.0776
