Location: Sandro_Ⴏ_1.jpg_Gaussian-Closing.png
Component: component_1744666451270_751.png
centerX: 0.7843426883308715
centerY: 0.9730769230769231
width: 0.018217626784835055
height: 0.016083916083916083
Area: 8.504543216507766e-05
CentroidX: 0.7946
CentroidY: 0.9789
