Location: Sandro_Ⴏ_1.jpg_Mean-Medain.png
Component: component_1744666450948_506.png
centerX: 0.5795174790743476
centerY: 0.7325174825174825
width: 0.01624815361890694
height: 0.01783216783216783
Area: 9.021013452328076e-05
CentroidX: 0.5881
CentroidY: 0.7397
