Location: Sandro_Ⴏ_2.jpg_Gaussian-Median.png
Component: component_1744666450171_36.png
centerX: 0.11429961089494163
centerY: 0.0626715462031107
width: 0.02821011673151751
height: 0.03385178408051235
Area: 0.0003971594974741991
CentroidX: 0.1316
CentroidY: 0.0761
