Location: Sandro_Ⴏ_2.jpg_Mean-Medain.png
Component: component_1744666451375_274.png
centerX: 0.7684824902723736
centerY: 0.5631290027447392
width: 0.027237354085603113
height: 0.03796889295516926
Area: 0.0004861588246392857
CentroidX: 0.7842
CentroidY: 0.5787
