Location: Sandro_Ⴏ_2.jpg_Otsu.png
Component: component_1744666450633_313.png
centerX: 0.2830739299610895
centerY: 0.6738334858188472
width: 0.017509727626459144
height: 0.039341262580054895
Area: 0.00011970409503704151
CentroidX: 0.2929
CentroidY: 0.6887
