Location: Sandro_Ⴏ_1.jpg_Gaussian-Closing.png
Component: component_1744666451194_406.png
centerX: 0.51698670605613
centerY: 0.6090909090909091
width: 0.023633677991137372
height: 0.03041958041958042
Area: 0.0003103986117280061
CentroidX: 0.5310
CentroidY: 0.6216
