Location: Sandro_Ⴏ_2.jpg_Otsu.png
Component: component_1744666450579_95.png
centerX: 0.16682879377431906
centerY: 0.1806953339432754
width: 0.025778210116731516
height: 0.036139066788655076
Area: 0.00042452679057746324
CentroidX: 0.1824
CentroidY: 0.1952
