Location: Sandro_Ⴏ_2.jpg_Gaussian-Median.png
Component: component_1744666450500_435.png
centerX: 0.8604085603112841
centerY: 0.9121683440073193
width: 0.01848249027237354
height: 0.035224153705397984
Area: 0.00015196635113438542
CentroidX: 0.8710
CentroidY: 0.9254
