Location: Sandro_Ⴏ_1.jpg_Mean-Medain.png
Component: component_1744666450887_329.png
centerX: 0.757754800590842
centerY: 0.4993006993006993
width: 0.014278680452978828
height: 0.01888111888111888
Area: 8.590621589144484e-05
CentroidX: 0.7656
CentroidY: 0.5068
