Location: Sandro_Ⴏ_1.jpg_Gaussian-Closing.png
Component: component_1744666451078_110.png
centerX: 0.1777449532250123
centerY: 0.17692307692307693
width: 0.01624815361890694
height: 0.025174825174825177
Area: 0.00010226110669242131
CentroidX: 0.1890
CentroidY: 0.1864
