Location: Sandro_Ⴏ_2.jpg_Otsu.png
Component: component_1744666450572_57.png
centerX: 0.7178988326848249
centerY: 0.07136322049405307
width: 0.023346303501945526
height: 0.042543458371454713
Area: 0.00036600973296641877
CentroidX: 0.7311
CentroidY: 0.0892
