Location: Sandro_Ⴏ_2.jpg_Otsu.png
Component: component_1744666450602_184.png
centerX: 0.6284046692607004
centerY: 0.36230558096980786
width: 0.026264591439688716
height: 0.04437328453796889
Area: 0.0005090761513842955
CentroidX: 0.6440
CentroidY: 0.3801
