Location: Sandro_Ⴏ_2.jpg_Gaussian-Median.png
Component: component_1744666450501_437.png
centerX: 0.835603112840467
centerY: 0.9135407136322049
width: 0.017023346303501944
height: 0.0343092406221409
Area: 0.00015819630403594148
CentroidX: 0.8458
CentroidY: 0.9277
