Location: Sandro_Ⴏ_1.jpg_Mean-Medain.png
Component: component_1744666450943_485.png
centerX: 0.03643525356967011
centerY: 0.7122377622377623
width: 0.014771048744460856
height: 0.021678321678321677
Area: 0.00010484345787152287
CentroidX: 0.0448
CentroidY: 0.7204
