Location: Sandro_Ⴏ_1.jpg_Mean-Medain.png
Component: component_1744666450994_657.png
centerX: 0.5814869522402757
centerY: 0.9111888111888112
width: 0.014278680452978828
height: 0.023076923076923078
Area: 0.00010277757692824163
CentroidX: 0.5899
CentroidY: 0.9206
