Location: Sandro_Ⴏ_1.jpg_Mean-Medain.png
Component: component_1744666450897_365.png
centerX: 0.12653865091088135
centerY: 0.5545454545454546
width: 0.022648941408173313
height: 0.028671328671328673
Area: 0.00029421587767230307
CentroidX: 0.1407
CentroidY: 0.5661
