Location: Sandro_Ⴏ_2.jpg_Otsu.png
Component: component_1744666450580_98.png
centerX: 0.24173151750972763
centerY: 0.18161024702653247
width: 0.023832684824902722
height: 0.03293687099725526
Area: 0.0003635622514693789
CentroidX: 0.2560
CentroidY: 0.1941
