Location: Sandro_Ⴏ_1.jpg_Mean-Medain.png
Component: component_1744666450947_502.png
centerX: 0.47858197932053176
centerY: 0.7297202797202798
width: 0.01624815361890694
height: 0.022027972027972027
Area: 9.08987615043745e-05
CentroidX: 0.4878
CentroidY: 0.7380
