Location: Sandro_Ⴏ_2.jpg_Mean-Medain.png
Component: component_1744666451350_189.png
centerX: 0.8321984435797666
centerY: 0.36230558096980786
width: 0.025778210116731516
height: 0.042543458371454713
Area: 0.0005489033502906718
CentroidX: 0.8458
CentroidY: 0.3801
