Location: Sandro_Ⴏ_1.jpg_Gaussian-Closing.png
Component: component_1744666451113_222.png
centerX: 0.465288035450517
centerY: 0.35664335664335667
width: 0.018709995076317085
height: 0.031818181818181815
Area: 0.0002797547110693344
CentroidX: 0.4762
CentroidY: 0.3703
