Location: Sandro_Ⴏ_2.jpg_Otsu.png
Component: component_1744666450589_133.png
centerX: 0.568579766536965
centerY: 0.24473924977127173
width: 0.023832684824902722
height: 0.04117108874656908
Area: 0.0003969369991562864
CentroidX: 0.5809
CentroidY: 0.2622
