Location: Sandro_Ⴏ_2.jpg_Gaussian-Median.png
Component: component_1744666450175_57.png
centerX: 0.6415369649805448
centerY: 0.07044830741079597
width: 0.02772373540856031
height: 0.03979871912168344
Area: 0.000441214164420917
CentroidX: 0.6580
CentroidY: 0.0855
