Location: Sandro_Ⴏ_2.jpg_Mean-Medain.png
Component: component_1744666451381_300.png
centerX: 0.8516536964980544
centerY: 0.62580054894785
width: 0.0316147859922179
height: 0.04071363220494053
Area: 0.0005644782325445619
CentroidX: 0.8710
CentroidY: 0.6423
