Location: Sandro_Ⴏ_1.jpg_Gaussian-Closing.png
Component: component_1744666451136_287.png
centerX: 0.6267848350566223
centerY: 0.45209790209790207
width: 0.01674052191038897
height: 0.026223776223776224
Area: 0.00010845874952226504
CentroidX: 0.6362
CentroidY: 0.4619
