Location: Sandro_Ⴏ_1.jpg_Mean-Medain.png
Component: component_1744666450972_578.png
centerX: 0.9256523879862137
centerY: 0.8171328671328671
width: 0.025110782865583457
height: 0.024475524475524476
Area: 0.00026253903654199073
CentroidX: 0.9408
CentroidY: 0.8274
