Location: Sandro_Ⴏ_1.jpg_Mean-Medain.png
Component: component_1744666450763_124.png
centerX: 0.7370753323485968
centerY: 0.18286713286713285
width: 0.01674052191038897
height: 0.02727272727272727
Area: 0.00010708149556007754
CentroidX: 0.7484
CentroidY: 0.1935
