Location: Sandro_Ⴏ_2.jpg_Otsu.png
Component: component_1744666450575_70.png
centerX: 0.25632295719844356
centerY: 0.12442817932296432
width: 0.024319066147859923
height: 0.036596523330283626
Area: 0.00036178226492607717
CentroidX: 0.2709
CentroidY: 0.1384
