Location: Sandro_Ⴏ_1.jpg_Mean-Medain.png
Component: component_1744666450987_632.png
centerX: 0.20039389463318563
centerY: 0.8898601398601399
width: 0.022156573116691284
height: 0.023776223776223775
Area: 0.000126190894285429
CentroidX: 0.2136
CentroidY: 0.8989
