Location: Sandro_Ⴏ_1.jpg_Gaussian-Closing.png
Component: component_1744666451135_285.png
centerX: 0.6587887740029542
centerY: 0.45104895104895104
width: 0.01674052191038897
height: 0.025174825174825177
Area: 0.00010570424159789005
CentroidX: 0.6686
CentroidY: 0.4609
