Location: Sandro_Ⴏ_2.jpg_Otsu.png
Component: component_1744666450641_359.png
centerX: 0.4990272373540856
centerY: 0.7589204025617566
width: 0.017509727626459144
height: 0.04025617566331199
Area: 0.00013705896383423341
CentroidX: 0.5081
CentroidY: 0.7744
