Location: Sandro_Ⴏ_1.jpg_Gaussian-Closing.png
Component: component_1744666451222_527.png
centerX: 0.9384539635647464
centerY: 0.7440559440559441
width: 0.018217626784835055
height: 0.019580419580419582
Area: 0.00010725365230535098
CentroidX: 0.9487
CentroidY: 0.7518
