Location: Sandro_Ⴏ_2.jpg_Gaussian-Median.png
Component: component_1744666450438_418.png
centerX: 0.32830739299610895
centerY: 0.8801463860933212
width: 0.018968871595330738
height: 0.03751143641354071
Area: 0.00016331376534793398
CentroidX: 0.3392
CentroidY: 0.8939
