Location: Sandro_Ⴏ_1.jpg_Gaussian-Closing.png
Component: component_1744666451093_165.png
centerX: 0.08616445100935499
centerY: 0.256993006993007
width: 0.028557360905957656
height: 0.033566433566433566
Area: 0.0004019860002134744
CentroidX: 0.1048
CentroidY: 0.2700
