Location: Sandro_Ⴏ_1.jpg_Mean-Medain.png
Component: component_1744666450918_407.png
centerX: 0.6888232397833579
centerY: 0.615034965034965
width: 0.026587887740029542
height: 0.032867132867132866
Area: 0.0003987150220532791
CentroidX: 0.7047
CentroidY: 0.6279
