Location: Sandro_Ⴏ_1.jpg_Gaussian-Closing.png
Component: component_1744666451230_564.png
centerX: 0.30576070901033975
centerY: 0.7877622377622377
width: 0.024618414574101428
height: 0.027972027972027972
Area: 0.0003587746571498418
CentroidX: 0.3202
CentroidY: 0.7993
