Location: Sandro_Ⴏ_2.jpg_Mean-Medain.png
Component: component_1744666451324_82.png
centerX: 0.6566147859922179
centerY: 0.12671546203110703
width: 0.026264591439688716
height: 0.03888380603842635
Area: 0.0004365416997447499
CentroidX: 0.6718
CentroidY: 0.1423
