Location: Sandro_Ⴏ_2.jpg_Gaussian-Median.png
Component: component_1744666450228_248.png
centerX: 0.426556420233463
centerY: 0.5013723696248856
width: 0.030155642023346304
height: 0.04025617566331199
Area: 0.0005491258486085845
CentroidX: 0.4444
CentroidY: 0.5188
