Location: Sandro_Ⴏ_1.jpg_Mean-Medain.png
Component: component_1744666450891_340.png
centerX: 0.20236336779911374
centerY: 0.5122377622377622
width: 0.028557360905957656
height: 0.032517482517482516
Area: 0.0003961326708741775
CentroidX: 0.2184
CentroidY: 0.5252
