Location: Sandro_Ⴏ_1.jpg_Mean-Medain.png
Component: component_1744666450929_448.png
centerX: 0.043328409650418516
centerY: 0.6744755244755245
width: 0.012309207287050714
height: 0.023426573426573425
Area: 0.0001063928685789838
CentroidX: 0.0501
CentroidY: 0.6836
