Location: Sandro_Ⴏ_1.jpg_Gaussian-Closing.png
Component: component_1744666451204_446.png
centerX: 0.9271294928606598
centerY: 0.66993006993007
width: 0.021664204825209258
height: 0.026223776223776224
Area: 0.00022500886607238157
CentroidX: 0.9392
CentroidY: 0.6799
