Location: Sandro_Ⴏ_2.jpg_Otsu.png
Component: component_1744666450582_106.png
centerX: 0.38861867704280156
centerY: 0.18435498627630376
width: 0.025778210116731516
height: 0.0384263494967978
Area: 0.00043142423843275745
CentroidX: 0.4043
CentroidY: 0.2001
