Location: Sandro_Ⴏ_1.jpg_Gaussian-Closing.png
Component: component_1744666451073_91.png
centerX: 0.8842934515017233
centerY: 0.13846153846153847
width: 0.026587887740029542
height: 0.02727272727272727
Area: 0.00028939548880464684
CentroidX: 0.9016
CentroidY: 0.1495
