Location: Sandro_Ⴏ_2.jpg_Gaussian-Median.png
Component: component_1744666450189_120.png
centerX: 0.9683852140077821
centerY: 0.19807868252516012
width: 0.026750972762645913
height: 0.036596523330283626
Area: 0.0004514490870449019
CentroidX: 0.9835
CentroidY: 0.2129
