Location: Sandro_Ⴏ_1.jpg_Gaussian-Closing.png
Component: component_1744666451056_20.png
centerX: 0.811422944362383
centerY: 0.009790209790209791
width: 0.026095519448547513
height: 0.031118881118881118
Area: 0.00032985232394390447
CentroidX: 0.8280
CentroidY: 0.0218
