Location: Sandro_Ⴏ_2.jpg_Mean-Medain.png
Component: component_1744666451353_201.png
centerX: 0.3779182879377432
centerY: 0.3687099725526075
width: 0.026264591439688716
height: 0.0484903934126258
Area: 0.0006011904550001602
CentroidX: 0.3938
CentroidY: 0.3882
