Location: Sandro_Ⴏ_2.jpg_Mean-Medain.png
Component: component_1744666451352_199.png
centerX: 0.9046692607003891
centerY: 0.36688014638609334
width: 0.026264591439688716
height: 0.042086001829826164
Area: 0.0005322159764472181
CentroidX: 0.9191
CentroidY: 0.3834
