Location: Sandro_Ⴏ_2.jpg_Mean-Medain.png
Component: component_1744666451402_392.png
centerX: 0.556420233463035
centerY: 0.838975297346752
width: 0.01799610894941634
height: 0.03293687099725526
Area: 0.00013705896383423341
CentroidX: 0.5668
CentroidY: 0.8513
