Location: Sandro_Ⴏ_1.jpg_Mean-Medain.png
Component: component_1744666450734_63.png
centerX: 0.7370753323485968
centerY: 0.08846153846153847
width: 0.025603151157065487
height: 0.032517482517482516
Area: 0.0003756460181866386
CentroidX: 0.7533
CentroidY: 0.1011
