Location: Sandro_Ⴏ_2.jpg_Mean-Medain.png
Component: component_1744666451338_132.png
centerX: 0.7859922178988327
centerY: 0.24290942360475754
width: 0.029182879377431907
height: 0.039341262580054895
Area: 0.0004817088582810314
CentroidX: 0.8019
CentroidY: 0.2591
