Location: Sandro_Ⴏ_1.jpg_Gaussian-Closing.png
Component: component_1744666451158_294.png
centerX: 0.8897095027080256
centerY: 0.4548951048951049
width: 0.01772525849335303
height: 0.023076923076923078
Area: 9.520268013621041e-05
CentroidX: 0.8985
CentroidY: 0.4631
