Location: Sandro_Ⴏ_1.jpg_Mean-Medain.png
Component: component_1744666450721_34.png
centerX: 0.13392417528311176
centerY: 0.0479020979020979
width: 0.025603151157065487
height: 0.027972027972027972
Area: 0.00034827309568816216
CentroidX: 0.1498
CentroidY: 0.0591
