Location: Sandro_Ⴏ_2.jpg_Mean-Medain.png
Component: component_1744666451324_81.png
centerX: 0.5865758754863813
centerY: 0.12671546203110703
width: 0.024319066147859923
height: 0.03476669716376944
Area: 0.00037602215727249104
CentroidX: 0.6011
CentroidY: 0.1399
