Location: Sandro_Ⴏ_1.jpg_Mean-Medain.png
Component: component_1744666450877_289.png
centerX: 0.8084687346134909
centerY: 0.45314685314685316
width: 0.014771048744460856
height: 0.024825174825174826
Area: 9.675209084367134e-05
CentroidX: 0.8163
CentroidY: 0.4630
