Location: Sandro_Ⴏ_1.jpg_Mean-Medain.png
Component: component_1744666451014_743.png
centerX: 0.07483998030526834
centerY: 0.9744755244755244
width: 0.9251600196947316
height: 0.025524475524475523
Area: 0.0030473465480851006
CentroidX: 0.6203
CentroidY: 0.9970
