Location: Sandro_Ⴏ_2.jpg_Gaussian-Median.png
Component: component_1744666450170_34.png
centerX: 0.08365758754863813
centerY: 0.06175663311985361
width: 0.019455252918287938
height: 0.03339432753888381
Area: 0.0003677897195097205
CentroidX: 0.0948
CentroidY: 0.0757
