Location: Sandro_Ⴏ_2.jpg_Gaussian-Median.png
Component: component_1744666450288_384.png
centerX: 0.2932879377431907
centerY: 0.817932296431839
width: 0.018968871595330738
height: 0.03751143641354071
Area: 0.00015997629057924322
CentroidX: 0.3036
CentroidY: 0.8316
