Location: Sandro_Ⴏ_2.jpg_Gaussian-Median.png
Component: component_1744666450287_383.png
centerX: 0.3229571984435798
centerY: 0.8170173833485819
width: 0.01799610894941634
height: 0.036139066788655076
Area: 0.00015063136122690912
CentroidX: 0.3326
CentroidY: 0.8307
