Location: Sandro_Ⴏ_1.jpg_Mean-Medain.png
Component: component_1744666450717_18.png
centerX: 0.7227966518956179
centerY: 0.008741258741258742
width: 0.026587887740029542
height: 0.02972027972027972
Area: 0.00033553349653792785
CentroidX: 0.7404
CentroidY: 0.0205
