Location: Sandro_Ⴏ_1.jpg_Mean-Medain.png
Component: component_1744666450940_474.png
centerX: 0.792712949286066
centerY: 0.701048951048951
width: 0.015755785327424915
height: 0.022377622377622378
Area: 8.418464843871047e-05
CentroidX: 0.8013
CentroidY: 0.7092
