Location: Sandro_Ⴏ_2.jpg_Gaussian-Median.png
Component: component_1744666450368_405.png
centerX: 0.916828793774319
centerY: 0.8568161024702653
width: 0.01556420233463035
height: 0.03888380603842635
Area: 0.00014306641841787675
CentroidX: 0.9260
CentroidY: 0.8725
