Location: Sandro_Ⴏ_2.jpg_Gaussian-Median.png
Component: component_1744666450233_274.png
centerX: 0.85068093385214
centerY: 0.5645013723696248
width: 0.0316147859922179
height: 0.04162854528819762
Area: 0.0005017337068931759
CentroidX: 0.8685
CentroidY: 0.5801
