Location: Sandro_Ⴏ_1.jpg_Gaussian-Closing.png
Component: component_1744666451078_108.png
centerX: 0.4273756770064008
centerY: 0.17622377622377622
width: 0.01624815361890694
height: 0.024125874125874126
Area: 0.00010140032296605413
CentroidX: 0.4373
CentroidY: 0.1852
