Location: Sandro_Ⴏ_2.jpg_Mean-Medain.png
Component: component_1744666451396_367.png
centerX: 0.811284046692607
centerY: 0.7671546203110704
width: 0.01556420233463035
height: 0.03751143641354071
Area: 0.00014128643187457502
CentroidX: 0.8194
CentroidY: 0.7819
