Location: Sandro_Ⴏ_1.jpg_Mean-Medain.png
Component: component_1744666450946_495.png
centerX: 0.2821270310192024
centerY: 0.7199300699300699
width: 0.01674052191038897
height: 0.01993006993006993
Area: 9.520268013621041e-05
CentroidX: 0.2911
CentroidY: 0.7277
