Location: Sandro_Ⴏ_1.jpg_Mean-Medain.png
Component: component_1744666450967_558.png
centerX: 0.3461349089118661
centerY: 0.7902097902097902
width: 0.026095519448547513
height: 0.033566433566433566
Area: 0.0003661773971965996
CentroidX: 0.3619
CentroidY: 0.8029
