Location: Sandro_Ⴏ_2.jpg_Gaussian-Median.png
Component: component_1744666450385_409.png
centerX: 0.14931906614785992
centerY: 0.8623055809698079
width: 0.017023346303501944
height: 0.035224153705397984
Area: 0.00016687373843453745
CentroidX: 0.1590
CentroidY: 0.8760
