Location: Sandro_Ⴏ_1.jpg_Mean-Medain.png
Component: component_1744666450947_501.png
centerX: 0.44559330379123585
centerY: 0.7297202797202798
width: 0.017232890201871
height: 0.024125874125874126
Area: 0.00010983600348445252
CentroidX: 0.4552
CentroidY: 0.7396
