Location: Sandro_Ⴏ_2.jpg_Mean-Medain.png
Component: component_1744666451315_48.png
centerX: 0.4888132295719844
centerY: 0.06404391582799634
width: 0.024319066147859923
height: 0.036596523330283626
Area: 0.00044210415769256785
CentroidX: 0.5028
CentroidY: 0.0781
