Location: Sandro_Ⴏ_2.jpg_Otsu.png
Component: component_1744666450659_441.png
centerX: 0.8360894941634242
centerY: 0.9139981701738334
width: 0.016536964980544747
height: 0.03339432753888381
Area: 0.00012793653279981204
CentroidX: 0.8461
CentroidY: 0.9279
