Location: Sandro_Ⴏ_1.jpg_Gaussian-Closing.png
Component: component_1744666451062_47.png
centerX: 0.8503200393894633
centerY: 0.05454545454545454
width: 0.023141309699655343
height: 0.027972027972027972
Area: 0.00027889392734296723
CentroidX: 0.8645
CentroidY: 0.0656
