Location: Sandro_Ⴏ_1.jpg_Gaussian-Closing.png
Component: component_1744666451239_611.png
centerX: 0.8330871491875923
centerY: 0.8496503496503497
width: 0.023141309699655343
height: 0.03496503496503497
Area: 0.00033174604814191223
CentroidX: 0.8474
CentroidY: 0.8637
