Location: Sandro_Ⴏ_1.jpg_Gaussian-Closing.png
Component: component_1744666451238_604.png
centerX: 0.654357459379616
centerY: 0.8444055944055944
width: 0.023633677991137372
height: 0.02902097902097902
Area: 0.000329680167198631
CentroidX: 0.6687
CentroidY: 0.8570
