Location: Sandro_Ⴏ_2.jpg_Gaussian-Median.png
Component: component_1744666450178_73.png
centerX: 0.5102140077821011
centerY: 0.12442817932296432
width: 0.02480544747081712
height: 0.03751143641354071
Area: 0.00041384687131765284
CentroidX: 0.5247
CentroidY: 0.1389
