Location: Sandro_Ⴏ_1.jpg_Mean-Medain.png
Component: component_1744666451009_714.png
centerX: 0.15903495814869523
centerY: 0.95
width: 0.01624815361890694
height: 0.022377622377622378
Area: 0.00010880306301281191
CentroidX: 0.1682
CentroidY: 0.9587
