Location: Sandro_Ⴏ_2.jpg_Mean-Medain.png
Component: component_1744666451357_219.png
centerX: 0.33122568093385213
centerY: 0.429551692589204
width: 0.02480544747081712
height: 0.04528819762122598
Area: 0.0005515733301056244
CentroidX: 0.3452
CentroidY: 0.4477
