Location: Sandro_Ⴏ_2.jpg_Mean-Medain.png
Component: component_1744666451388_332.png
centerX: 0.7937743190661478
centerY: 0.7012808783165599
width: 0.019455252918287938
height: 0.03796889295516926
Area: 0.00015552632422098888
CentroidX: 0.8046
CentroidY: 0.7165
