Location: Sandro_Ⴏ_1.jpg_Mean-Medain.png
Component: component_1744666450881_304.png
centerX: 0.2516001969473166
centerY: 0.47657342657342655
width: 0.01674052191038897
height: 0.025174825174825177
Area: 9.864581504167914e-05
CentroidX: 0.2610
CentroidY: 0.4862
