Location: Sandro_Ⴏ_2.jpg_Gaussian-Median.png
Component: component_1744666450236_289.png
centerX: 0.2928015564202335
centerY: 0.6088746569075938
width: 0.027237354085603113
height: 0.04437328453796889
Area: 0.0005059611749335175
CentroidX: 0.3090
CentroidY: 0.6260
