Location: Sandro_Ⴏ_1.jpg_Gaussian-Closing.png
Component: component_1744666451077_106.png
centerX: 0.28557360905957657
centerY: 0.17657342657342656
width: 0.018709995076317085
height: 0.02937062937062937
Area: 0.00010708149556007754
CentroidX: 0.2980
CentroidY: 0.1878
