Location: Sandro_Ⴏ_1.jpg_Gaussian-Closing.png
Component: component_1744666451071_80.png
centerX: 0.39389463318562284
centerY: 0.13251748251748252
width: 0.03151157065484983
height: 0.02972027972027972
Area: 0.0004300475496930445
CentroidX: 0.4131
CentroidY: 0.1447
