Location: Sandro_Ⴏ_1.jpg_Gaussian-Closing.png
Component: component_1744666451099_186.png
centerX: 0.03988183161004431
centerY: 0.2993006993006993
width: 0.026587887740029542
height: 0.02937062937062937
Area: 0.00034396917705632626
CentroidX: 0.0567
CentroidY: 0.3106
