Location: Sandro_Ⴏ_1.jpg_Mean-Medain.png
Component: component_1744666450931_459.png
centerX: 0.29935992122107336
centerY: 0.6800699300699301
width: 0.015755785327424915
height: 0.01818181818181818
Area: 7.729837862777302e-05
CentroidX: 0.3082
CentroidY: 0.6873
