Location: Sandro_Ⴏ_1.jpg_Gaussian-Closing.png
Component: component_1744666451114_223.png
centerX: 0.5809945839487937
centerY: 0.3583916083916084
width: 0.021664204825209258
height: 0.03426573426573427
Area: 0.00033088526441554507
CentroidX: 0.5939
CentroidY: 0.3724
