Location: Sandro_Ⴏ_1.jpg_Mean-Medain.png
Component: component_1744666450715_11.png
centerX: 0.12900049236829148
centerY: 0.006993006993006993
width: 0.03003446578040374
height: 0.03006993006993007
Area: 0.0004054291351189431
CentroidX: 0.1480
CentroidY: 0.0188
