Location: Sandro_Ⴏ_2.jpg_Mean-Medain.png
Component: component_1744666451322_74.png
centerX: 0.25632295719844356
centerY: 0.12442817932296432
width: 0.024319066147859923
height: 0.036596523330283626
Area: 0.00038581208326065057
CentroidX: 0.2707
CentroidY: 0.1383
