Location: Sandro_Ⴏ_1.jpg_Mean-Medain.png
Component: component_1744666450770_141.png
centerX: 0.2516001969473166
centerY: 0.21853146853146854
width: 0.01624815361890694
height: 0.022727272727272728
Area: 0.00010708149556007754
CentroidX: 0.2609
CentroidY: 0.2269
