Location: Sandro_Ⴏ_1.jpg_Gaussian-Closing.png
Component: component_1744666451239_609.png
centerX: 0.04972919743968488
centerY: 0.8486013986013986
width: 0.03052683407188577
height: 0.03041958041958042
Area: 0.00043779460323034917
CentroidX: 0.0678
CentroidY: 0.8612
