Location: Sandro_Ⴏ_1.jpg_Mean-Medain.png
Component: component_1744666450718_19.png
centerX: 0.34908911866075826
centerY: 0.00909090909090909
width: 0.026095519448547513
height: 0.023426573426573425
Area: 0.00030179077446433427
CentroidX: 0.3644
CentroidY: 0.0182
