Location: Sandro_Ⴏ_1.jpg_Mean-Medain.png
Component: component_1744666450911_384.png
centerX: 0.8542589857213195
centerY: 0.5804195804195804
width: 0.027572624322993598
height: 0.02727272727272727
Area: 0.0003281307564911701
CentroidX: 0.8713
CentroidY: 0.5915
