Location: Sandro_Ⴏ_1.jpg_Mean-Medain.png
Component: component_1744666450764_126.png
centerX: 0.637616937469227
centerY: 0.18321678321678322
width: 0.0206794682422452
height: 0.01993006993006993
Area: 9.124307499492137e-05
CentroidX: 0.6499
CentroidY: 0.1905
