Location: Sandro_Ⴏ_2.jpg_Gaussian-Median.png
Component: component_1744666450249_358.png
centerX: 0.5899805447470817
centerY: 0.7607502287282708
width: 0.013618677042801557
height: 0.036596523330283626
Area: 0.00011970409503704151
CentroidX: 0.5979
CentroidY: 0.7753
