Location: Sandro_Ⴏ_1.jpg_Gaussian-Closing.png
Component: component_1744666451214_492.png
centerX: 0.12112259970457903
centerY: 0.7143356643356643
width: 0.012309207287050714
height: 0.02027972027972028
Area: 8.332386471234329e-05
CentroidX: 0.1271
CentroidY: 0.7225
