Location: Sandro_Ⴏ_1.jpg_Gaussian-Closing.png
Component: component_1744666451060_39.png
centerX: 0.2225504677498769
centerY: 0.04825174825174825
width: 0.026587887740029542
height: 0.02762237762237762
Area: 0.0003632507325269511
CentroidX: 0.2392
CentroidY: 0.0590
