Location: Sandro_Ⴏ_1.jpg_Gaussian-Closing.png
Component: component_1744666451168_319.png
centerX: 0.5002461841457411
centerY: 0.4874125874125874
width: 0.015263417035942885
height: 0.022027972027972027
Area: 0.00011052463046554627
CentroidX: 0.5074
CentroidY: 0.4969
