Location: Sandro_Ⴏ_1.jpg_Gaussian-Closing.png
Component: component_1744666451181_360.png
centerX: 0.8739537173806007
centerY: 0.5395104895104895
width: 0.026095519448547513
height: 0.028671328671328673
Area: 0.0003060946930961702
CentroidX: 0.8890
CentroidY: 0.5511
