Location: Sandro_Ⴏ_2.jpg_Mean-Medain.png
Component: component_1744666451332_115.png
centerX: 0.7383268482490273
centerY: 0.187099725526075
width: 0.023346303501945526
height: 0.04162854528819762
Area: 0.00044855660891203664
CentroidX: 0.7515
CentroidY: 0.2045
