Location: Sandro_Ⴏ_2.jpg_Otsu.png
Component: component_1744666450631_307.png
centerX: 0.05544747081712062
centerY: 0.6642268984446478
width: 0.016536964980544747
height: 0.04162854528819762
Area: 0.00012838152943563748
CentroidX: 0.0649
CentroidY: 0.6788
