Location: Sandro_Ⴏ_1.jpg_Gaussian-Closing.png
Component: component_1744666451185_371.png
centerX: 0.2796651895617922
centerY: 0.556993006993007
width: 0.022156573116691284
height: 0.031818181818181815
Area: 0.0003353613397926544
CentroidX: 0.2931
CentroidY: 0.5701
