Location: Sandro_Ⴏ_1.jpg_Gaussian-Closing.png
Component: component_1744666451255_687.png
centerX: 0.2614475627769572
centerY: 0.922027972027972
width: 0.013786312161496799
height: 0.02027972027972028
Area: 9.124307499492137e-05
CentroidX: 0.2690
CentroidY: 0.9300
