Location: Sandro_Ⴏ_1.jpg_Mean-Medain.png
Component: component_1744666450938_467.png
centerX: 0.5627769571639586
centerY: 0.6926573426573427
width: 0.017232890201871
height: 0.023076923076923078
Area: 9.003797777800732e-05
CentroidX: 0.5724
CentroidY: 0.7011
