Location: Sandro_Ⴏ_2.jpg_Gaussian-Median.png
Component: component_1744666450234_278.png
centerX: 0.5189688715953308
centerY: 0.5672461116193962
width: 0.029182879377431907
height: 0.039341262580054895
Area: 0.0005077411614768193
CentroidX: 0.5361
CentroidY: 0.5830
