Location: Sandro_Ⴏ_1.jpg_Mean-Medain.png
Component: component_1744666450984_622.png
centerX: 0.6523879862136879
centerY: 0.8772727272727273
width: 0.022648941408173313
height: 0.024125874125874126
Area: 0.00025875158814597516
CentroidX: 0.6656
CentroidY: 0.8870
