Location: Sandro_Ⴏ_2.jpg_Gaussian-Median.png
Component: component_1744666450172_39.png
centerX: 0.1892023346303502
centerY: 0.06312900274473925
width: 0.024319066147859923
height: 0.03705397987191217
Area: 0.00033975493145271823
CentroidX: 0.2044
CentroidY: 0.0788
