Location: Sandro_Ⴏ_1.jpg_Mean-Medain.png
Component: component_1744666450896_362.png
centerX: 0.0034465780403741997
centerY: 0.55
width: 0.025603151157065487
height: 0.02902097902097902
Area: 0.0003252040918215217
CentroidX: 0.0196
CentroidY: 0.5615
