Location: Sandro_Ⴏ_1.jpg_Gaussian-Closing.png
Component: component_1744666451211_480.png
centerX: 0.7060561299852289
centerY: 0.7013986013986014
width: 0.01674052191038897
height: 0.021678321678321677
Area: 9.210385872128856e-05
CentroidX: 0.7142
CentroidY: 0.7093
