Location: Sandro_Ⴏ_1.jpg_Mean-Medain.png
Component: component_1744666450725_46.png
centerX: 0.896110290497292
centerY: 0.0534965034965035
width: 0.025603151157065487
height: 0.025174825174825177
Area: 0.0003005856772474202
CentroidX: 0.9118
CentroidY: 0.0634
