Location: Sandro_Ⴏ_1.jpg_Mean-Medain.png
Component: component_1744666450779_149.png
centerX: 0.5903495814869523
centerY: 0.22062937062937063
width: 0.018709995076317085
height: 0.023426573426573425
Area: 0.00010656502532425722
CentroidX: 0.6009
CentroidY: 0.2296
