Location: Sandro_Ⴏ_1.jpg_Mean-Medain.png
Component: component_1744666450947_500.png
centerX: 0.42146725750861647
centerY: 0.727972027972028
width: 0.015755785327424915
height: 0.022027972027972027
Area: 9.623562060785104e-05
CentroidX: 0.4300
CentroidY: 0.7365
