Location: Sandro_Ⴏ_2.jpg_Otsu.png
Component: component_1744666450575_73.png
centerX: 0.4071011673151751
centerY: 0.1253430924062214
width: 0.023346303501945526
height: 0.035224153705397984
Area: 0.0003517698406200049
CentroidX: 0.4208
CentroidY: 0.1395
