Location: Sandro_Ⴏ_1.jpg_Mean-Medain.png
Component: component_1744666450923_427.png
centerX: 0.40423436730674545
centerY: 0.6489510489510489
width: 0.024618414574101428
height: 0.03146853146853147
Area: 0.0003617013218194902
CentroidX: 0.4198
CentroidY: 0.6616
