Location: Sandro_Ⴏ_1.jpg_Mean-Medain.png
Component: component_1744666450742_90.png
centerX: 0.8015755785327425
centerY: 0.1388111888111888
width: 0.03003446578040374
height: 0.023076923076923078
Area: 0.00030402881215288896
CentroidX: 0.8202
CentroidY: 0.1475
