Location: Sandro_Ⴏ_1.jpg_Mean-Medain.png
Component: component_1744666450846_228.png
centerX: 0.6514032496307238
centerY: 0.3618881118881119
width: 0.023633677991137372
height: 0.03146853146853147
Area: 0.00025875158814597516
CentroidX: 0.6660
CentroidY: 0.3732
