Location: Sandro_Ⴏ_2.jpg_Otsu.png
Component: component_1744666450565_23.png
centerX: 0.9129377431906615
centerY: 0.00960658737419945
width: 0.027237354085603113
height: 0.03476669716376944
Area: 0.0003586672884752991
CentroidX: 0.9291
CentroidY: 0.0228
