Location: Sandro_Ⴏ_2.jpg_Gaussian-Median.png
Component: component_1744666450172_42.png
centerX: 0.31857976653696496
centerY: 0.06358645928636779
width: 0.02188715953307393
height: 0.03751143641354071
Area: 0.00038291960512778524
CentroidX: 0.3319
CentroidY: 0.0793
