Location: Sandro_Ⴏ_2.jpg_Gaussian-Median.png
Component: component_1744666450170_30.png
centerX: 0.9528210116731517
centerY: 0.013266239707227814
width: 0.023832684824902722
height: 0.029734675205855442
Area: 0.0002681104730848235
CentroidX: 0.9656
CentroidY: 0.0251
