Location: Sandro_Ⴏ_1.jpg_Mean-Medain.png
Component: component_1744666450917_404.png
centerX: 0.5844411619891678
centerY: 0.612937062937063
width: 0.024618414574101428
height: 0.03076923076923077
Area: 0.00035154407384835746
CentroidX: 0.5988
CentroidY: 0.6255
