Location: Sandro_Ⴏ_1.jpg_Mean-Medain.png
Component: component_1744666450995_664.png
centerX: 0.7287050713934022
centerY: 0.9153846153846154
width: 0.01624815361890694
height: 0.025174825174825177
Area: 0.00010346620390933537
CentroidX: 0.7389
CentroidY: 0.9249
