Location: Sandro_Ⴏ_2.jpg_Mean-Medain.png
Component: component_1744666451400_383.png
centerX: 0.25486381322957197
centerY: 0.8119853613906679
width: 0.017509727626459144
height: 0.036596523330283626
Area: 0.00014462390664326578
CentroidX: 0.2654
CentroidY: 0.8255
