Location: Sandro_Ⴏ_2.jpg_Mean-Medain.png
Component: component_1744666451323_77.png
centerX: 0.29474708171206226
centerY: 0.1253430924062214
width: 0.025778210116731516
height: 0.03796889295516926
Area: 0.00048682631959302386
CentroidX: 0.3105
CentroidY: 0.1424
