Location: Sandro_Ⴏ_2.jpg_Gaussian-Median.png
Component: component_1744666450235_284.png
centerX: 0.16342412451361868
centerY: 0.6024702653247942
width: 0.030155642023346304
height: 0.043000914913083256
Area: 0.0005571357880534423
CentroidX: 0.1824
CentroidY: 0.6198
