Location: Sandro_Ⴏ_1.jpg_Gaussian-Closing.png
Component: component_1744666451217_502.png
centerX: 0.361890694239291
centerY: 0.7241258741258741
width: 0.01624815361890694
height: 0.019580419580419582
Area: 9.175954523074169e-05
CentroidX: 0.3699
CentroidY: 0.7315
