Location: Sandro_Ⴏ_2.jpg_Gaussian-Median.png
Component: component_1744666450232_268.png
centerX: 0.3978599221789883
centerY: 0.5594693504117109
width: 0.027237354085603113
height: 0.04528819762122598
Area: 0.0005560232964638787
CentroidX: 0.4143
CentroidY: 0.5780
