Location: Sandro_Ⴏ_2.jpg_Gaussian-Median.png
Component: component_1744666450205_185.png
centerX: 0.26410505836575876
centerY: 0.36230558096980786
width: 0.027237354085603113
height: 0.04666056724611162
Area: 0.0005279885084068765
CentroidX: 0.2806
CentroidY: 0.3808
