Location: Sandro_Ⴏ_2.jpg_Gaussian-Median.png
Component: component_1744666450240_309.png
centerX: 0.05496108949416342
centerY: 0.6637694419030192
width: 0.017023346303501944
height: 0.042543458371454713
Area: 0.00016264627039419582
CentroidX: 0.0647
CentroidY: 0.6794
