Location: Sandro_Ⴏ_1.jpg_Mean-Medain.png
Component: component_1744666450772_144.png
centerX: 0.6238306253077301
centerY: 0.21818181818181817
width: 0.017232890201871
height: 0.02027972027972028
Area: 9.761287457003853e-05
CentroidX: 0.6334
CentroidY: 0.2269
