Location: Sandro_Ⴏ_2.jpg_Gaussian-Median.png
Component: component_1744666450233_271.png
centerX: 0.6857976653696498
centerY: 0.5626715462031107
width: 0.028696498054474707
height: 0.04117108874656908
Area: 0.0005422284007532903
CentroidX: 0.7025
CentroidY: 0.5794
