Location: Sandro_Ⴏ_2.jpg_Gaussian-Median.png
Component: component_1744666450241_314.png
centerX: 0.22178988326848248
centerY: 0.672003659652333
width: 0.017023346303501944
height: 0.03888380603842635
Area: 0.00015152135449855998
CentroidX: 0.2317
CentroidY: 0.6869
