Location: Sandro_Ⴏ_1.jpg_Mean-Medain.png
Component: component_1744666450978_601.png
centerX: 0.8325947808961103
centerY: 0.8496503496503497
width: 0.023633677991137372
height: 0.03531468531468532
Area: 0.0003386323179528497
CentroidX: 0.8474
CentroidY: 0.8636
