Location: Sandro_Ⴏ_1.jpg_Mean-Medain.png
Component: component_1744666450827_185.png
centerX: 0.0014771048744460858
centerY: 0.29755244755244753
width: 0.023633677991137372
height: 0.033566433566433566
Area: 0.00036376720276277145
CentroidX: 0.0165
CentroidY: 0.3110
