Location: Sandro_Ⴏ_2.jpg_Otsu.png
Component: component_1744666450648_401.png
centerX: 0.7110894941634242
centerY: 0.8458371454711803
width: 0.017509727626459144
height: 0.03705397987191217
Area: 0.00011681161690417621
CentroidX: 0.7219
CentroidY: 0.8598
