Location: Sandro_Ⴏ_2.jpg_Gaussian-Median.png
Component: component_1744666450249_357.png
centerX: 0.4990272373540856
centerY: 0.7589204025617566
width: 0.017509727626459144
height: 0.04071363220494053
Area: 0.00015997629057924322
CentroidX: 0.5080
CentroidY: 0.7746
