Location: Sandro_Ⴏ_1.jpg_Gaussian-Closing.png
Component: component_1744666451078_112.png
centerX: 0.21861152141802068
centerY: 0.17797202797202796
width: 0.01772525849335303
height: 0.026573426573426574
Area: 0.000104499144380976
CentroidX: 0.2304
CentroidY: 0.1875
