Location: Sandro_Ⴏ_2.jpg_Mean-Medain.png
Component: component_1744666451350_192.png
centerX: 0.3044747081712062
centerY: 0.3645928636779506
width: 0.023832684824902722
height: 0.0484903934126258
Area: 0.0005727106703073325
CentroidX: 0.3176
CentroidY: 0.3844
