Location: Sandro_Ⴏ_2.jpg_Otsu.png
Component: component_1744666450639_353.png
centerX: 0.30690661478599224
centerY: 0.7410795974382434
width: 0.017023346303501944
height: 0.042543458371454713
Area: 0.00012437655971320858
CentroidX: 0.3166
CentroidY: 0.7578
