Location: Sandro_Ⴏ_2.jpg_Otsu.png
Component: component_1744666450641_364.png
centerX: 0.5286964980544747
centerY: 0.762580054894785
width: 0.01799610894941634
height: 0.03339432753888381
Area: 0.00011881410176539065
CentroidX: 0.5386
CentroidY: 0.7757
