Location: Sandro_Ⴏ_2.jpg_Otsu.png
Component: component_1744666450621_258.png
centerX: 0.061770428015564205
centerY: 0.5457456541628545
width: 0.02772373540856031
height: 0.03888380603842635
Area: 0.0005108561379275973
CentroidX: 0.0794
CentroidY: 0.5608
