Location: Sandro_Ⴏ_2.jpg_Otsu.png
Component: component_1744666450627_285.png
centerX: 0.11624513618677043
centerY: 0.6061299176578225
width: 0.029669260700389104
height: 0.04437328453796889
Area: 0.0005549108048743151
CentroidX: 0.1349
CentroidY: 0.6243
