Location: Sandro_Ⴏ_1.jpg_Gaussian-Closing.png
Component: component_1744666451201_435.png
centerX: 0.5578532742491383
centerY: 0.6527972027972028
width: 0.0206794682422452
height: 0.03076923076923077
Area: 0.00029421587767230307
CentroidX: 0.5707
CentroidY: 0.6658
