Location: Sandro_Ⴏ_2.jpg_Mean-Medain.png
Component: component_1744666451308_14.png
centerX: 0.6658560311284046
centerY: 0.005946935041171089
width: 0.026264591439688716
height: 0.04025617566331199
Area: 0.00041651685113260544
CentroidX: 0.6812
CentroidY: 0.0221
