Location: Sandro_Ⴏ_1.jpg_Mean-Medain.png
Component: component_1744666451006_704.png
centerX: 0.7129492860659774
centerY: 0.9440559440559441
width: 0.012801575578532743
height: 0.02132867132867133
Area: 8.728346985363233e-05
CentroidX: 0.7196
CentroidY: 0.9524
