Location: Sandro_Ⴏ_2.jpg_Otsu.png
Component: component_1744666450651_407.png
centerX: 0.029182879377431907
centerY: 0.8568161024702653
width: 0.019455252918287938
height: 0.03339432753888381
Area: 0.00013438898401928081
CentroidX: 0.0409
CentroidY: 0.8695
