Location: Sandro_Ⴏ_1.jpg_Mean-Medain.png
Component: component_1744666450888_331.png
centerX: 0.8665681930083703
centerY: 0.5010489510489511
width: 0.015263417035942885
height: 0.01888111888111888
Area: 8.556190240089797e-05
CentroidX: 0.8748
CentroidY: 0.5087
