Location: Sandro_Ⴏ_1.jpg_Gaussian-Closing.png
Component: component_1744666451057_27.png
centerX: 0.30969965534219596
centerY: 0.045804195804195806
width: 0.025603151157065487
height: 0.02902097902097902
Area: 0.00033071310767027163
CentroidX: 0.3260
CentroidY: 0.0577
