Location: Sandro_Ⴏ_2.jpg_Mean-Medain.png
Component: component_1744666451357_216.png
centerX: 0.7324902723735408
centerY: 0.4263494967978042
width: 0.025778210116731516
height: 0.0384263494967978
Area: 0.0005086311547484701
CentroidX: 0.7467
CentroidY: 0.4423
