Location: Sandro_Ⴏ_1.jpg_Gaussian-Closing.png
Component: component_1744666451073_89.png
centerX: 0.8020679468242246
centerY: 0.1388111888111888
width: 0.029542097488921712
height: 0.023076923076923078
Area: 0.0002919778399837484
CentroidX: 0.8202
CentroidY: 0.1476
