Location: Sandro_Ⴏ_1.jpg_Gaussian-Closing.png
Component: component_1744666451238_606.png
centerX: 0.7282127031019202
centerY: 0.8461538461538461
width: 0.0241260462826194
height: 0.02972027972027972
Area: 0.000351371917103084
CentroidX: 0.7424
CentroidY: 0.8590
