Location: Sandro_Ⴏ_1.jpg_Mean-Medain.png
Component: component_1744666451009_718.png
centerX: 0.21861152141802068
centerY: 0.9506993006993008
width: 0.01674052191038897
height: 0.01993006993006993
Area: 0.00010415483089042911
CentroidX: 0.2284
CentroidY: 0.9581
