Location: Sandro_Ⴏ_2.jpg_Mean-Medain.png
Component: component_1744666451318_57.png
centerX: 0.7884241245136187
centerY: 0.0686184812442818
width: 0.02188715953307393
height: 0.04025617566331199
Area: 0.0003702372010067604
CentroidX: 0.8003
CentroidY: 0.0848
