Location: Sandro_Ⴏ_2.jpg_Gaussian-Median.png
Component: component_1744666450212_206.png
centerX: 0.013132295719844358
centerY: 0.41537053979871913
width: 0.0306420233463035
height: 0.04528819762122598
Area: 0.0006283352497855117
CentroidX: 0.0311
CentroidY: 0.4349
