Location: Sandro_Ⴏ_1.jpg_Mean-Medain.png
Component: component_1744666450861_249.png
centerX: 0.49286065977351057
centerY: 0.40104895104895105
width: 0.019202363367799114
height: 0.033566433566433566
Area: 0.0003381158477170294
CentroidX: 0.5039
CentroidY: 0.4153
