Location: Sandro_Ⴏ_2.jpg_Mean-Medain.png
Component: component_1744666451384_312.png
centerX: 0.11770428015564202
centerY: 0.6665141811527905
width: 0.01799610894941634
height: 0.03705397987191217
Area: 0.00016175627712254495
CentroidX: 0.1287
CentroidY: 0.6798
