Location: Sandro_Ⴏ_2.jpg_Gaussian-Median.png
Component: component_1744666450445_419.png
centerX: 0.36186770428015563
centerY: 0.8842634949679781
width: 0.01799610894941634
height: 0.03751143641354071
Area: 0.00015708381244637791
CentroidX: 0.3720
CentroidY: 0.8977
