Location: Sandro_Ⴏ_2.jpg_Otsu.png
Component: component_1744666450595_159.png
centerX: 0.9615758754863813
centerY: 0.3051235132662397
width: 0.02237354085603113
height: 0.03705397987191217
Area: 0.00031617010975397024
CentroidX: 0.9748
CentroidY: 0.3197
