Location: Sandro_Ⴏ_1.jpg_Mean-Medain.png
Component: component_1744666450869_268.png
centerX: 0.1447562776957164
centerY: 0.43356643356643354
width: 0.017232890201871
height: 0.024125874125874126
Area: 0.00010914737650335878
CentroidX: 0.1554
CentroidY: 0.4424
