Location: Sandro_Ⴏ_2.jpg_Mean-Medain.png
Component: component_1744666451410_428.png
centerX: 0.6284046692607004
centerY: 0.903476669716377
width: 0.017023346303501944
height: 0.03705397987191217
Area: 0.00013883895037753515
CentroidX: 0.6389
CentroidY: 0.9167
