Location: Sandro_Ⴏ_2.jpg_Gaussian-Median.png
Component: component_1744666450354_398.png
centerX: 0.7110894941634242
centerY: 0.8458371454711803
width: 0.01799610894941634
height: 0.03751143641354071
Area: 0.00014173142851040045
CentroidX: 0.7216
CentroidY: 0.8595
