Location: Sandro_Ⴏ_2.jpg_Otsu.png
Component: component_1744666450564_20.png
centerX: 0.1259727626459144
centerY: 0.00960658737419945
width: 0.027237354085603113
height: 0.04162854528819762
Area: 0.0005475683603831955
CentroidX: 0.1425
CentroidY: 0.0265
