Location: Sandro_Ⴏ_1.jpg_Gaussian-Closing.png
Component: component_1744666451117_234.png
centerX: 0.8754308222550468
centerY: 0.3674825174825175
width: 0.024618414574101428
height: 0.025874125874125874
Area: 0.00029128921300265465
CentroidX: 0.8903
CentroidY: 0.3782
