Location: Sandro_Ⴏ_2.jpg_Mean-Medain.png
Component: component_1744666451340_143.png
centerX: 0.671692607003891
centerY: 0.24611161939615736
width: 0.025778210116731516
height: 0.04025617566331199
Area: 0.0004574565416285453
CentroidX: 0.6866
CentroidY: 0.2618
