Location: Sandro_Ⴏ_1.jpg_Mean-Medain.png
Component: component_1744666450930_452.png
centerX: 0.24076809453471196
centerY: 0.6758741258741259
width: 0.019694731659281144
height: 0.022727272727272728
Area: 0.00010105600947550726
CentroidX: 0.2519
CentroidY: 0.6843
