Location: Sandro_Ⴏ_2.jpg_Otsu.png
Component: component_1744666450580_97.png
centerX: 0.05058365758754864
centerY: 0.18115279048490393
width: 0.02529182879377432
height: 0.0343092406221409
Area: 0.0004009419688787153
CentroidX: 0.0652
CentroidY: 0.1958
