Location: Sandro_Ⴏ_2.jpg_Otsu.png
Component: component_1744666450600_177.png
centerX: 0.01556420233463035
centerY: 0.35910338517840806
width: 0.02772373540856031
height: 0.042543458371454713
Area: 0.0005938480105090406
CentroidX: 0.0318
CentroidY: 0.3777
