Location: Sandro_Ⴏ_1.jpg_Gaussian-Closing.png
Component: component_1744666451221_521.png
centerX: 0.8823239783357951
centerY: 0.740909090909091
width: 0.02018709995076317
height: 0.017482517482517484
Area: 0.00010553208485261661
CentroidX: 0.8918
CentroidY: 0.7476
