Location: Sandro_Ⴏ_1.jpg_Gaussian-Closing.png
Component: component_1744666451257_698.png
centerX: 0.448055145248646
centerY: 0.9311188811188811
width: 0.015263417035942885
height: 0.017482517482517484
Area: 8.693915636308546e-05
CentroidX: 0.4563
CentroidY: 0.9380
