Location: Sandro_Ⴏ_1.jpg_Gaussian-Closing.png
Component: component_1744666451208_459.png
centerX: 0.2191038897095027
centerY: 0.676923076923077
width: 0.015755785327424915
height: 0.02132867132867133
Area: 9.107091824964794e-05
CentroidX: 0.2277
CentroidY: 0.6846
