Location: Sandro_Ⴏ_1.jpg_Mean-Medain.png
Component: component_1744666451008_712.png
centerX: 0.3003446578040374
centerY: 0.9493006993006993
width: 0.018217626784835055
height: 0.022027972027972027
Area: 0.00011172972768246032
CentroidX: 0.3105
CentroidY: 0.9577
