Location: Sandro_Ⴏ_1.jpg_Mean-Medain.png
Component: component_1744666451008_711.png
centerX: 0.1019202363367799
centerY: 0.9493006993006993
width: 0.014278680452978828
height: 0.024825174825174826
Area: 0.00010243326343769475
CentroidX: 0.1104
CentroidY: 0.9584
