Location: Sandro_Ⴏ_1.jpg_Gaussian-Closing.png
Component: component_1744666451200_430.png
centerX: 0.3599212210733629
centerY: 0.6437062937062937
width: 0.029049729197439686
height: 0.03041958041958042
Area: 0.0004059456053547634
CentroidX: 0.3763
CentroidY: 0.6567
