Location: Sandro_Ⴏ_2.jpg_Mean-Medain.png
Component: component_1744666451399_380.png
centerX: 0.15856031128404668
centerY: 0.8023787740164684
width: 0.016050583657587547
height: 0.035681610247026534
Area: 0.00015129885618064728
CentroidX: 0.1678
CentroidY: 0.8156
