Location: Sandro_Ⴏ_1.jpg_Gaussian-Closing.png
Component: component_1744666451094_172.png
centerX: 0.25947808961102903
centerY: 0.26328671328671327
width: 0.03249630723781388
height: 0.03636363636363636
Area: 0.00047773496813378647
CentroidX: 0.2797
CentroidY: 0.2783
