Location: Sandro_Ⴏ_2.jpg_Mean-Medain.png
Component: component_1744666451408_416.png
centerX: 0.2699416342412451
centerY: 0.8751143641354071
width: 0.014105058365758755
height: 0.03156450137236962
Area: 0.00014506890327909121
CentroidX: 0.2777
CentroidY: 0.8872
