Location: Sandro_Ⴏ_1.jpg_Mean-Medain.png
Component: component_1744666450940_471.png
centerX: 0.6514032496307238
centerY: 0.6968531468531468
width: 0.017232890201871
height: 0.022027972027972027
Area: 9.038229126855419e-05
CentroidX: 0.6598
CentroidY: 0.7051
