Location: Sandro_Ⴏ_1.jpg_Gaussian-Closing.png
Component: component_1744666451219_513.png
centerX: 0.6937469226981783
centerY: 0.736013986013986
width: 0.017232890201871
height: 0.019580419580419582
Area: 9.055444801382763e-05
CentroidX: 0.7029
CentroidY: 0.7436
