Location: Sandro_Ⴏ_1.jpg_Mean-Medain.png
Component: component_1744666450845_225.png
centerX: 0.552437223042836
centerY: 0.3597902097902098
width: 0.021664204825209258
height: 0.031818181818181815
Area: 0.00031556331408620923
CentroidX: 0.5650
CentroidY: 0.3726
