Location: Sandro_Ⴏ_1.jpg_Gaussian-Closing.png
Component: component_1744666451208_463.png
centerX: 0.2998522895125554
centerY: 0.6800699300699301
width: 0.015263417035942885
height: 0.01818181818181818
Area: 7.695406513722615e-05
CentroidX: 0.3082
CentroidY: 0.6873
