Location: Sandro_Ⴏ_1.jpg_Gaussian-Closing.png
Component: component_1744666451174_331.png
centerX: 0.757754800590842
centerY: 0.4993006993006993
width: 0.014278680452978828
height: 0.01888111888111888
Area: 8.556190240089797e-05
CentroidX: 0.7655
CentroidY: 0.5068
