Location: Sandro_Ⴏ_1.jpg_Gaussian-Closing.png
Component: component_1744666451072_83.png
centerX: 0.09945839487936976
centerY: 0.1346153846153846
width: 0.022648941408173313
height: 0.026923076923076925
Area: 0.000255136296495233
CentroidX: 0.1135
CentroidY: 0.1447
