Location: Sandro_Ⴏ_1.jpg_Gaussian-Closing.png
Component: component_1744666451211_477.png
centerX: 0.7636632200886263
centerY: 0.7006993006993008
width: 0.01674052191038897
height: 0.021678321678321677
Area: 8.866072381581983e-05
CentroidX: 0.7732
CentroidY: 0.7086
