Location: Sandro_Ⴏ_1.jpg_Gaussian-Closing.png
Component: component_1744666451085_132.png
centerX: 0.4258985721319547
centerY: 0.21293706293706294
width: 0.01624815361890694
height: 0.024475524475524476
Area: 0.00010518777136206974
CentroidX: 0.4359
CentroidY: 0.2221
