Location: Sandro_Ⴏ_2.jpg_Otsu.png
Component: component_1744666450644_383.png
centerX: 0.15904669260700388
centerY: 0.8023787740164684
width: 0.01556420233463035
height: 0.035681610247026534
Area: 0.00012370906475947041
CentroidX: 0.1680
CentroidY: 0.8159
