Location: Sandro_Ⴏ_2.jpg_Otsu.png
Component: component_1744666450577_80.png
centerX: 0.8443579766536965
centerY: 0.12763037511436415
width: 0.02237354085603113
height: 0.03705397987191217
Area: 0.00037335217745753844
CentroidX: 0.8566
CentroidY: 0.1437
