Location: Sandro_Ⴏ_1.jpg_Mean-Medain.png
Component: component_1744666450946_498.png
centerX: 0.361890694239291
centerY: 0.7241258741258741
width: 0.01624815361890694
height: 0.019580419580419582
Area: 9.072660475910107e-05
CentroidX: 0.3699
CentroidY: 0.7315
