Location: Sandro_Ⴏ_1.jpg_Mean-Medain.png
Component: component_1744666450882_308.png
centerX: 0.276218611521418
centerY: 0.47762237762237764
width: 0.01624815361890694
height: 0.023776223776223775
Area: 9.210385872128856e-05
CentroidX: 0.2860
CentroidY: 0.4868
