Location: Sandro_Ⴏ_2.jpg_Mean-Medain.png
Component: component_1744666451340_139.png
centerX: 0.8258754863813229
centerY: 0.24473924977127173
width: 0.02091439688715953
height: 0.03979871912168344
Area: 0.00036689972623806964
CentroidX: 0.8369
CentroidY: 0.2614
