Location: Sandro_Ⴏ_1.jpg_Mean-Medain.png
Component: component_1744666450978_599.png
centerX: 0.04972919743968488
centerY: 0.8486013986013986
width: 0.03052683407188577
height: 0.03041958041958042
Area: 0.00044795185120148195
CentroidX: 0.0680
CentroidY: 0.8612
