Location: Sandro_Ⴏ_2.jpg_Otsu.png
Component: component_1744666450645_387.png
centerX: 0.3229571984435798
centerY: 0.8170173833485819
width: 0.017509727626459144
height: 0.035681610247026534
Area: 0.0001194815967191288
CentroidX: 0.3329
CentroidY: 0.8307
