Location: Sandro_Ⴏ_1.jpg_Gaussian-Closing.png
Component: component_1744666451265_734.png
centerX: 0.9000492368291482
centerY: 0.955944055944056
width: 0.014771048744460856
height: 0.021678321678321677
Area: 9.60634638625776e-05
CentroidX: 0.9085
CentroidY: 0.9643
