Location: Sandro_Ⴏ_1.jpg_Gaussian-Closing.png
Component: component_1744666451124_253.png
centerX: 0.809945839487937
centerY: 0.4034965034965035
width: 0.026587887740029542
height: 0.032517482517482516
Area: 0.0003823601312523026
CentroidX: 0.8251
CentroidY: 0.4169
