Location: Sandro_Ⴏ_1.jpg_Gaussian-Closing.png
Component: component_1744666451187_380.png
centerX: 0.6253077301821762
centerY: 0.5723776223776224
width: 0.022648941408173313
height: 0.032517482517482516
Area: 0.00029214999672902187
CentroidX: 0.6391
CentroidY: 0.5854
