Location: Sandro_Ⴏ_2.jpg_Gaussian-Median.png
Component: component_1744666450194_141.png
centerX: 0.6395914396887159
centerY: 0.247483989021043
width: 0.02188715953307393
height: 0.04162854528819762
Area: 0.0004214118141266852
CentroidX: 0.6519
CentroidY: 0.2653
