Location: Sandro_Ⴏ_2.jpg_Mean-Medain.png
Component: component_1744666451326_90.png
centerX: 0.7300583657587548
centerY: 0.13083257090576395
width: 0.022859922178988325
height: 0.03339432753888381
Area: 0.0003230675576092645
CentroidX: 0.7431
CentroidY: 0.1435
