Location: Sandro_Ⴏ_2.jpg_Mean-Medain.png
Component: component_1744666451363_240.png
centerX: 0.2227626459143969
centerY: 0.48627630375114367
width: 0.02772373540856031
height: 0.04071363220494053
Area: 0.0005279885084068765
CentroidX: 0.2392
CentroidY: 0.5025
