Location: Sandro_Ⴏ_1.jpg_Mean-Medain.png
Component: component_1744666450884_316.png
centerX: 0.4711964549483013
centerY: 0.48426573426573427
width: 0.01624815361890694
height: 0.023776223776223775
Area: 9.79571880605854e-05
CentroidX: 0.4803
CentroidY: 0.4930
