Location: Sandro_Ⴏ_2.jpg_Otsu.png
Component: component_1744666450648_399.png
centerX: 0.6478599221789884
centerY: 0.8453796889295517
width: 0.016050583657587547
height: 0.035681610247026534
Area: 0.00012793653279981204
CentroidX: 0.6568
CentroidY: 0.8610
