Location: Sandro_Ⴏ_1.jpg_Gaussian-Closing.png
Component: component_1744666451244_632.png
centerX: 0.6528803545051699
centerY: 0.8772727272727273
width: 0.022156573116691284
height: 0.024125874125874126
Area: 0.00025548060998577986
CentroidX: 0.6657
CentroidY: 0.8871
