Location: Sandro_Ⴏ_2.jpg_Gaussian-Median.png
Component: component_1744666450182_94.png
centerX: 0.1264591439688716
centerY: 0.17840805123513268
width: 0.027237354085603113
height: 0.03796889295516926
Area: 0.0004403241711492661
CentroidX: 0.1431
CentroidY: 0.1941
