Location: Sandro_Ⴏ_2.jpg_Otsu.png
Component: component_1744666450615_233.png
centerX: 0.05642023346303502
centerY: 0.4817017383348582
width: 0.026264591439688716
height: 0.0384263494967978
Area: 0.000494613760719969
CentroidX: 0.0719
CentroidY: 0.4971
