Location: Sandro_Ⴏ_1.jpg_Gaussian-Closing.png
Component: component_1744666451268_743.png
centerX: 0.5834564254062038
centerY: 0.9636363636363636
width: 0.01624815361890694
height: 0.024125874125874126
Area: 0.00010518777136206974
CentroidX: 0.5926
CentroidY: 0.9725
