Location: Sandro_Ⴏ_1.jpg_Gaussian-Closing.png
Component: component_1744666451201_433.png
centerX: 0.4451009354997538
centerY: 0.6513986013986014
width: 0.025603151157065487
height: 0.02972027972027972
Area: 0.00037185856979062297
CentroidX: 0.4601
CentroidY: 0.6637
