Location: Sandro_Ⴏ_2.jpg_Gaussian-Median.png
Component: component_1744666450379_408.png
centerX: 0.12062256809338522
centerY: 0.8613906678865508
width: 0.016536964980544747
height: 0.028362305580969808
Area: 0.00014373391337161491
CentroidX: 0.1306
CentroidY: 0.8731
