Location: Sandro_Ⴏ_2.jpg_Mean-Medain.png
Component: component_1744666451391_347.png
centerX: 0.19503891050583658
centerY: 0.7351326623970723
width: 0.016536964980544747
height: 0.036139066788655076
Area: 0.00013327649242971724
CentroidX: 0.2041
CentroidY: 0.7485
