Location: Sandro_Ⴏ_2.jpg_Mean-Medain.png
Component: component_1744666451366_249.png
centerX: 0.426556420233463
centerY: 0.5013723696248856
width: 0.030155642023346304
height: 0.04025617566331199
Area: 0.0005611407577758713
CentroidX: 0.4443
CentroidY: 0.5186
