Location: Sandro_Ⴏ_1.jpg_Gaussian-Closing.png
Component: component_1744666451212_483.png
centerX: 0.8690300344657804
centerY: 0.7031468531468531
width: 0.01674052191038897
height: 0.022727272727272728
Area: 9.761287457003853e-05
CentroidX: 0.8771
CentroidY: 0.7118
