Location: Sandro_Ⴏ_1.jpg_Mean-Medain.png
Component: component_1744666450956_529.png
centerX: 0.34465780403741997
centerY: 0.7538461538461538
width: 0.025110782865583457
height: 0.025874125874125874
Area: 0.0003169405680483967
CentroidX: 0.3596
CentroidY: 0.7646
