Location: Sandro_Ⴏ_1.jpg_Mean-Medain.png
Component: component_1744666450952_516.png
centerX: 0.8552437223042836
centerY: 0.7402097902097902
width: 0.018709995076317085
height: 0.017132867132867134
Area: 0.00010260542018296818
CentroidX: 0.8644
CentroidY: 0.7472
