Location: Sandro_Ⴏ_1.jpg_Mean-Medain.png
Component: component_1744666450969_568.png
centerX: 0.757754800590842
centerY: 0.8094405594405595
width: 0.023141309699655343
height: 0.02937062937062937
Area: 0.0003221052704065998
CentroidX: 0.7718
CentroidY: 0.8218
