Location: Sandro_Ⴏ_1.jpg_Gaussian-Closing.png
Component: component_1744666451201_436.png
centerX: 0.5913343180699163
centerY: 0.6534965034965035
width: 0.02018709995076317
height: 0.026573426573426574
Area: 0.00026908099286238133
CentroidX: 0.6036
CentroidY: 0.6654
