Location: Sandro_Ⴏ_2.jpg_Otsu.png
Component: component_1744666450571_49.png
centerX: 0.60068093385214
centerY: 0.06633119853613907
width: 0.025778210116731516
height: 0.039341262580054895
Area: 0.00042452679057746324
CentroidX: 0.6159
CentroidY: 0.0818
