Location: Sandro_Ⴏ_1.jpg_Gaussian-Closing.png
Component: component_1744666451082_125.png
centerX: 0.7996061053668144
centerY: 0.1825174825174825
width: 0.013786312161496799
height: 0.021678321678321677
Area: 8.986582103273389e-05
CentroidX: 0.8079
CentroidY: 0.1906
