Location: Sandro_Ⴏ_2.jpg_Mean-Medain.png
Component: component_1744666451388_333.png
centerX: 0.7660505836575876
centerY: 0.7031107044830741
width: 0.018968871595330738
height: 0.03751143641354071
Area: 0.00015263384608812358
CentroidX: 0.7759
CentroidY: 0.7182
