Location: Sandro_Ⴏ_1.jpg_Mean-Medain.png
Component: component_1744666451001_682.png
centerX: 0.34416543574593794
centerY: 0.9251748251748252
width: 0.015755785327424915
height: 0.01818181818181818
Area: 8.866072381581983e-05
CentroidX: 0.3524
CentroidY: 0.9321
