Location: Sandro_Ⴏ_1.jpg_Gaussian-Closing.png
Component: component_1744666451183_364.png
centerX: 0.003938946331856229
centerY: 0.55
width: 0.025110782865583457
height: 0.02902097902097902
Area: 0.00031711272479367016
CentroidX: 0.0197
CentroidY: 0.5616
