Location: Sandro_Ⴏ_2.jpg_Gaussian-Median.png
Component: component_1744666450245_336.png
centerX: 0.8482490272373541
centerY: 0.7090576395242452
width: 0.017023346303501944
height: 0.03339432753888381
Area: 0.00012971651934311378
CentroidX: 0.8565
CentroidY: 0.7226
