Location: Sandro_Ⴏ_1.jpg_Mean-Medain.png
Component: component_1744666450860_247.png
centerX: 0.42343673067454457
centerY: 0.3986013986013986
width: 0.019694731659281144
height: 0.03636363636363636
Area: 0.00036996484559261516
CentroidX: 0.4358
CentroidY: 0.4140
