Location: Sandro_Ⴏ_1.jpg_Gaussian-Closing.png
Component: component_1744666451192_395.png
centerX: 0.2087641555883801
centerY: 0.5926573426573427
width: 0.028557360905957656
height: 0.03076923076923077
Area: 0.0003875248336105057
CentroidX: 0.2262
CentroidY: 0.6049
