Location: Sandro_Ⴏ_2.jpg_Mean-Medain.png
Component: component_1744666451363_239.png
centerX: 0.18385214007782102
centerY: 0.484903934126258
width: 0.029182879377431907
height: 0.043458371454711806
Area: 0.0005622532493654348
CentroidX: 0.2014
CentroidY: 0.5021
