Location: Sandro_Ⴏ_2.jpg_Otsu.png
Component: component_1744666450618_246.png
centerX: 0.767023346303502
centerY: 0.5013723696248856
width: 0.028696498054474707
height: 0.04025617566331199
Area: 0.0004990637270782233
CentroidX: 0.7827
CentroidY: 0.5162
