Location: Sandro_Ⴏ_2.jpg_Mean-Medain.png
Component: component_1744666451315_44.png
centerX: 0.2850194552529183
centerY: 0.06312900274473925
width: 0.023346303501945526
height: 0.03979871912168344
Area: 0.0004009419688787153
CentroidX: 0.2993
CentroidY: 0.0803
