Location: Sandro_Ⴏ_2.jpg_Otsu.png
Component: component_1744666450599_172.png
centerX: 0.4066147859922179
centerY: 0.31152790484903936
width: 0.02480544747081712
height: 0.039341262580054895
Area: 0.00042230180739833605
CentroidX: 0.4214
CentroidY: 0.3275
