Location: Sandro_Ⴏ_2.jpg_Otsu.png
Component: component_1744666450643_374.png
centerX: 0.9173151750972762
centerY: 0.7708142726440989
width: 0.017023346303501944
height: 0.0384263494967978
Area: 0.00011992659335495423
CentroidX: 0.9275
CentroidY: 0.7864
