Location: Sandro_Ⴏ_1.jpg_Gaussian-Closing.png
Component: component_1744666451057_28.png
centerX: 0.604628261939931
centerY: 0.045804195804195806
width: 0.024618414574101428
height: 0.028321678321678322
Area: 0.0003239989946046076
CentroidX: 0.6206
CentroidY: 0.0567
