Location: Sandro_Ⴏ_1.jpg_Gaussian-Closing.png
Component: component_1744666451220_518.png
centerX: 0.8035450516986706
centerY: 0.7384615384615385
width: 0.015263417035942885
height: 0.017482517482517484
Area: 9.038229126855419e-05
CentroidX: 0.8104
CentroidY: 0.7449
