Location: Sandro_Ⴏ_1.jpg_Mean-Medain.png
Component: component_1744666450893_346.png
centerX: 0.43722304283604135
centerY: 0.5227272727272727
width: 0.023141309699655343
height: 0.03146853146853147
Area: 0.00032279389738769354
CentroidX: 0.4508
CentroidY: 0.5352
