Location: Sandro_Ⴏ_1.jpg_Gaussian-Closing.png
Component: component_1744666451238_603.png
centerX: 0.6179222058099458
centerY: 0.8433566433566434
width: 0.0241260462826194
height: 0.03076923076923077
Area: 0.0002998970502663265
CentroidX: 0.6330
CentroidY: 0.8561
