Location: Sandro_Ⴏ_2.jpg_Gaussian-Median.png
Component: component_1744666450186_109.png
centerX: 0.5797665369649806
centerY: 0.1838975297346752
width: 0.029182879377431907
height: 0.04071363220494053
Area: 0.0004919437809050163
CentroidX: 0.5971
CentroidY: 0.2006
