Location: Sandro_Ⴏ_2.jpg_Gaussian-Median.png
Component: component_1744666450173_47.png
centerX: 0.563715953307393
centerY: 0.06450137236962489
width: 0.02821011673151751
height: 0.042543458371454713
Area: 0.00043943417787761525
CentroidX: 0.5808
CentroidY: 0.0803
