Location: Sandro_Ⴏ_1.jpg_Gaussian-Closing.png
Component: component_1744666451218_505.png
centerX: 0.4460856720827179
centerY: 0.7297202797202798
width: 0.01624815361890694
height: 0.024125874125874126
Area: 0.00010880306301281191
CentroidX: 0.4552
CentroidY: 0.7397
