Location: Sandro_Ⴏ_1.jpg_Gaussian-Closing.png
Component: component_1744666451086_139.png
centerX: 0.17331363860167406
centerY: 0.21783216783216783
width: 0.017232890201871
height: 0.025174825174825177
Area: 0.00011276266815410095
CentroidX: 0.1838
CentroidY: 0.2273
