Location: Sandro_Ⴏ_2.jpg_Otsu.png
Component: component_1744666450640_355.png
centerX: 0.3759727626459144
centerY: 0.7470265324794144
width: 0.016050583657587547
height: 0.035681610247026534
Area: 0.0001261565462565103
CentroidX: 0.3837
CentroidY: 0.7612
