Location: Sandro_Ⴏ_1.jpg_Gaussian-Closing.png
Component: component_1744666451180_355.png
centerX: 0.6986706056129985
centerY: 0.5339160839160839
width: 0.022156573116691284
height: 0.028321678321678322
Area: 0.0003069554768225374
CentroidX: 0.7116
CentroidY: 0.5451
