Location: Sandro_Ⴏ_1.jpg_Gaussian-Closing.png
Component: component_1744666451179_349.png
centerX: 0.4731659281142294
centerY: 0.5241258741258741
width: 0.025110782865583457
height: 0.03636363636363636
Area: 0.00041696363705226333
CentroidX: 0.4873
CentroidY: 0.5385
