Location: Sandro_Ⴏ_1.jpg_Gaussian-Closing.png
Component: component_1744666451167_314.png
centerX: 0.3914327917282127
centerY: 0.4807692307692308
width: 0.013293943870014771
height: 0.026223776223776224
Area: 9.003797777800732e-05
CentroidX: 0.3981
CentroidY: 0.4907
