Location: Sandro_Ⴏ_2.jpg_Mean-Medain.png
Component: component_1744666451318_53.png
centerX: 0.6001945525291829
centerY: 0.06633119853613907
width: 0.026264591439688716
height: 0.03979871912168344
Area: 0.00045701154499271985
CentroidX: 0.6157
CentroidY: 0.0817
