Location: Sandro_Ⴏ_2.jpg_Gaussian-Median.png
Component: component_1744666450168_19.png
centerX: 0.7392996108949417
centerY: 0.00777676120768527
width: 0.026264591439688716
height: 0.036139066788655076
Area: 0.00035844479015738643
CentroidX: 0.7545
CentroidY: 0.0218
