Location: Sandro_Ⴏ_1.jpg_Mean-Medain.png
Component: component_1744666451004_694.png
centerX: 0.9158050221565731
centerY: 0.9328671328671329
width: 0.013293943870014771
height: 0.024125874125874126
Area: 9.950659876804633e-05
CentroidX: 0.9233
CentroidY: 0.9416
