Location: Sandro_Ⴏ_1.jpg_Mean-Medain.png
Component: component_1744666450941_478.png
centerX: 0.8458887247661251
centerY: 0.7027972027972028
width: 0.015263417035942885
height: 0.023076923076923078
Area: 9.2276015466562e-05
CentroidX: 0.8532
CentroidY: 0.7110
