Location: Sandro_Ⴏ_2.jpg_Gaussian-Median.png
Component: component_1744666450230_256.png
centerX: 0.5520428015564203
centerY: 0.5064043915827996
width: 0.029182879377431907
height: 0.03751143641354071
Area: 0.0004957262523095326
CentroidX: 0.5691
CentroidY: 0.5221
