Location: Sandro_Ⴏ_2.jpg_Gaussian-Median.png
Component: component_1744666450176_61.png
centerX: 0.9280155642023347
centerY: 0.07731015553522415
width: 0.030155642023346304
height: 0.036596523330283626
Area: 0.00043565170647309905
CentroidX: 0.9441
CentroidY: 0.0912
