Location: Sandro_Ⴏ_1.jpg_Mean-Medain.png
Component: component_1744666450741_89.png
centerX: 0.2678483505662235
centerY: 0.1381118881118881
width: 0.03151157065484983
height: 0.02762237762237762
Area: 0.0004238499068632008
CentroidX: 0.2852
CentroidY: 0.1504
