Location: Sandro_Ⴏ_1.jpg_Gaussian-Closing.png
Component: component_1744666451241_620.png
centerX: 0.276218611521418
centerY: 0.858041958041958
width: 0.023141309699655343
height: 0.02727272727272727
Area: 0.00034276407983941217
CentroidX: 0.2896
CentroidY: 0.8693
