Location: Sandro_Ⴏ_2.jpg_Otsu.png
Component: component_1744666450629_296.png
centerX: 0.5476653696498055
centerY: 0.6262580054894785
width: 0.026750972762645913
height: 0.039341262580054895
Area: 0.00047458891210782445
CentroidX: 0.5632
CentroidY: 0.6421
