Location: Sandro_Ⴏ_1.jpg_Mean-Medain.png
Component: component_1744666450971_574.png
centerX: 0.08370260955194485
centerY: 0.8122377622377622
width: 0.026095519448547513
height: 0.02762237762237762
Area: 0.00033002448068917786
CentroidX: 0.0993
CentroidY: 0.8230
