Location: Sandro_Ⴏ_1.jpg_Mean-Medain.png
Component: component_1744666450901_374.png
centerX: 0.4751354012801576
centerY: 0.5660839160839161
width: 0.0241260462826194
height: 0.03006993006993007
Area: 0.0003425919230941387
CentroidX: 0.4902
CentroidY: 0.5776
