Location: Sandro_Ⴏ_2.jpg_Otsu.png
Component: component_1744666450644_379.png
centerX: 0.05496108949416342
centerY: 0.7913998170173834
width: 0.016050583657587547
height: 0.036596523330283626
Area: 0.00012815903111772475
CentroidX: 0.0638
CentroidY: 0.8061
