Location: Sandro_Ⴏ_2.jpg_Gaussian-Median.png
Component: component_1744666450236_291.png
centerX: 0.3351167315175097
centerY: 0.6143641354071363
width: 0.032101167315175094
height: 0.043458371454711806
Area: 0.0005747131551685469
CentroidX: 0.3544
CentroidY: 0.6319
