Location: Sandro_Ⴏ_1.jpg_Gaussian-Closing.png
Component: component_1744666451263_724.png
centerX: 0.3003446578040374
centerY: 0.9496503496503497
width: 0.018217626784835055
height: 0.022027972027972027
Area: 0.00011121325744664002
CentroidX: 0.3105
CentroidY: 0.9579
