Location: Sandro_Ⴏ_1.jpg_Mean-Medain.png
Component: component_1744666450984_620.png
centerX: 0.5741014278680453
centerY: 0.8734265734265734
width: 0.025110782865583457
height: 0.024825174825174826
Area: 0.00029886410979468585
CentroidX: 0.5894
CentroidY: 0.8836
