Location: Sandro_Ⴏ_2.jpg_Mean-Medain.png
Component: component_1744666451347_180.png
centerX: 0.0632295719844358
centerY: 0.35773101555352244
width: 0.028696498054474707
height: 0.04071363220494053
Area: 0.0005740456602148087
CentroidX: 0.0808
CentroidY: 0.3733
