Location: Sandro_Ⴏ_1.jpg_Gaussian-Closing.png
Component: component_1744666451179_350.png
centerX: 0.5100935499753816
centerY: 0.527972027972028
width: 0.022156573116691284
height: 0.026573426573426574
Area: 0.000270113933334022
CentroidX: 0.5235
CentroidY: 0.5386
