Location: Sandro_Ⴏ_2.jpg_Gaussian-Median.png
Component: component_1744666450368_402.png
centerX: 0.8317120622568094
centerY: 0.8499542543458372
width: 0.01799610894941634
height: 0.03979871912168344
Area: 0.00015419133431351258
CentroidX: 0.8422
CentroidY: 0.8653
