Location: Sandro_Ⴏ_1.jpg_Gaussian-Closing.png
Component: component_1744666451253_674.png
centerX: 0.10142786804529788
centerY: 0.9171328671328671
width: 0.012801575578532743
height: 0.01888111888111888
Area: 8.71113131083589e-05
CentroidX: 0.1094
CentroidY: 0.9245
