Location: Sandro_Ⴏ_1.jpg_Mean-Medain.png
Component: component_1744666450792_156.png
centerX: 0.880846873461349
centerY: 0.22412587412587412
width: 0.018217626784835055
height: 0.023426573426573425
Area: 0.00014495597952023358
CentroidX: 0.8913
CentroidY: 0.2323
