Location: Sandro_Ⴏ_2.jpg_Otsu.png
Component: component_1744666450585_119.png
centerX: 0.9688715953307393
centerY: 0.19807868252516012
width: 0.026264591439688716
height: 0.036139066788655076
Area: 0.0004158493561788673
CentroidX: 0.9837
CentroidY: 0.2127
