Location: Sandro_Ⴏ_1.jpg_Mean-Medain.png
Component: component_1744666450761_121.png
centerX: 0.051698670605613
centerY: 0.18286713286713285
width: 0.01674052191038897
height: 0.023776223776223775
Area: 0.00010742580905062441
CentroidX: 0.0625
CentroidY: 0.1916
