Location: Sandro_Ⴏ_1.jpg_Gaussian-Closing.png
Component: component_1744666451211_476.png
centerX: 0.6789758739537174
centerY: 0.6993006993006993
width: 0.01772525849335303
height: 0.022377622377622378
Area: 0.00010174463645660101
CentroidX: 0.6880
CentroidY: 0.7083
