Location: Sandro_Ⴏ_1.jpg_Mean-Medain.png
Component: component_1744666450988_637.png
centerX: 0.2397833579517479
centerY: 0.8926573426573426
width: 0.013786312161496799
height: 0.023076923076923078
Area: 9.623562060785104e-05
CentroidX: 0.2480
CentroidY: 0.9013
