Location: Sandro_Ⴏ_1.jpg_Gaussian-Closing.png
Component: component_1744666451066_61.png
centerX: 0.48399803052683404
centerY: 0.08846153846153847
width: 0.026095519448547513
height: 0.03006993006993007
Area: 0.0003780562126204667
CentroidX: 0.5006
CentroidY: 0.1001
