Location: Sandro_Ⴏ_1.jpg_Mean-Medain.png
Component: component_1744666450735_68.png
centerX: 0.568685376661743
centerY: 0.09160839160839161
width: 0.028557360905957656
height: 0.028671328671328673
Area: 0.00034500211752796687
CentroidX: 0.5869
CentroidY: 0.1031
