Location: Sandro_Ⴏ_2.jpg_Otsu.png
Component: component_1744666450628_292.png
centerX: 0.4576848249027237
centerY: 0.6230558096980787
width: 0.0306420233463035
height: 0.043458371454711806
Area: 0.0005520183267414498
CentroidX: 0.4744
CentroidY: 0.6404
