Location: Sandro_Ⴏ_1.jpg_Mean-Medain.png
Component: component_1744666450868_264.png
centerX: 0.07877892663712457
centerY: 0.43006993006993005
width: 0.01772525849335303
height: 0.02727272727272727
Area: 0.00011052463046554627
CentroidX: 0.0904
CentroidY: 0.4409
