Location: Sandro_Ⴏ_1.jpg_Mean-Medain.png
Component: component_1744666450918_408.png
centerX: 0.7262432299359921
centerY: 0.6157342657342657
width: 0.021664204825209258
height: 0.03391608391608392
Area: 0.0003370829072453888
CentroidX: 0.7394
CentroidY: 0.6304
