Location: Sandro_Ⴏ_2.jpg_Mean-Medain.png
Component: component_1744666451342_149.png
centerX: 0.38132295719844356
centerY: 0.25022872827081427
width: 0.025778210116731516
height: 0.04711802378774017
Area: 0.0005704856871282053
CentroidX: 0.3957
CentroidY: 0.2710
