Location: Sandro_Ⴏ_2.jpg_Otsu.png
Component: component_1744666450597_166.png
centerX: 0.28647859922178986
centerY: 0.30786825251601097
width: 0.025778210116731516
height: 0.04162854528819762
Area: 0.0004621290063047123
CentroidX: 0.3024
CentroidY: 0.3247
