Location: Sandro_Ⴏ_1.jpg_Mean-Medain.png
Component: component_1744666450832_201.png
centerX: 0.5775480059084195
centerY: 0.313986013986014
width: 0.0206794682422452
height: 0.03076923076923077
Area: 0.0003055782228603499
CentroidX: 0.5891
CentroidY: 0.3265
