Location: Sandro_Ⴏ_2.jpg_Mean-Medain.png
Component: component_1744666451373_267.png
centerX: 0.3117704280155642
centerY: 0.5576395242451967
width: 0.026264591439688716
height: 0.03705397987191217
Area: 0.0004748114104257372
CentroidX: 0.3267
CentroidY: 0.5728
