Location: Sandro_Ⴏ_2.jpg_Gaussian-Median.png
Component: component_1744666450231_263.png
centerX: 0.1892023346303502
centerY: 0.5489478499542544
width: 0.02772373540856031
height: 0.04117108874656908
Area: 0.0005273210134531383
CentroidX: 0.2058
CentroidY: 0.5657
