Location: Sandro_Ⴏ_2.jpg_Otsu.png
Component: component_1744666450570_47.png
centerX: 0.563715953307393
centerY: 0.06495882891125343
width: 0.02821011673151751
height: 0.04162854528819762
Area: 0.0004134018746818274
CentroidX: 0.5809
CentroidY: 0.0804
