Location: Sandro_Ⴏ_2.jpg_Otsu.png
Component: component_1744666450644_382.png
centerX: 0.125
centerY: 0.8000914913083257
width: 0.016536964980544747
height: 0.03751143641354071
Area: 0.00012838152943563748
CentroidX: 0.1348
CentroidY: 0.8142
