Location: Sandro_Ⴏ_1.jpg_Gaussian-Closing.png
Component: component_1744666451100_187.png
centerX: 0.08714918759231906
centerY: 0.3
width: 0.02117183653372723
height: 0.032167832167832165
Area: 0.0002906005860215609
CentroidX: 0.1007
CentroidY: 0.3140
