Location: Sandro_Ⴏ_1.jpg_Mean-Medain.png
Component: component_1744666450774_146.png
centerX: 0.004431314623338257
centerY: 0.22062937062937063
width: 0.018217626784835055
height: 0.02027972027972028
Area: 0.00010019522574914008
CentroidX: 0.0158
CentroidY: 0.2279
