Location: Sandro_Ⴏ_1.jpg_Mean-Medain.png
Component: component_1744666450739_81.png
centerX: 0.3934022648941408
centerY: 0.13251748251748252
width: 0.032003938946331856
height: 0.02972027972027972
Area: 0.0004412377381358179
CentroidX: 0.4129
CentroidY: 0.1446
