Location: Sandro_Ⴏ_2.jpg_Mean-Medain.png
Component: component_1744666451333_116.png
centerX: 0.7762645914396887
centerY: 0.18801463860933212
width: 0.023832684824902722
height: 0.036596523330283626
Area: 0.0004236367973058124
CentroidX: 0.7897
CentroidY: 0.2034
