Location: Sandro_Ⴏ_1.jpg_Mean-Medain.png
Component: component_1744666450757_116.png
centerX: 0.10044313146233383
centerY: 0.17832167832167833
width: 0.015263417035942885
height: 0.02727272727272727
Area: 0.00010587639834316348
CentroidX: 0.1109
CentroidY: 0.1883
