Location: Sandro_Ⴏ_1.jpg_Mean-Medain.png
Component: component_1744666450983_616.png
centerX: 0.4204825209256524
centerY: 0.8667832167832168
width: 0.025110782865583457
height: 0.025874125874125874
Area: 0.0003060946930961702
CentroidX: 0.4359
CentroidY: 0.8774
