Location: Sandro_Ⴏ_1.jpg_Gaussian-Closing.png
Component: component_1744666451069_71.png
centerX: 0.8503200393894633
centerY: 0.09265734265734266
width: 0.025603151157065487
height: 0.02937062937062937
Area: 0.0002656378579569126
CentroidX: 0.8671
CentroidY: 0.1041
