Location: Sandro_Ⴏ_1.jpg_Gaussian-Closing.png
Component: component_1744666451081_123.png
centerX: 0.6971935007385525
centerY: 0.1825174825174825
width: 0.02117183653372723
height: 0.023076923076923078
Area: 0.00010708149556007754
CentroidX: 0.7094
CentroidY: 0.1907
