Location: Sandro_Ⴏ_1.jpg_Gaussian-Closing.png
Component: component_1744666451201_434.png
centerX: 0.4815361890694239
centerY: 0.6517482517482518
width: 0.025110782865583457
height: 0.03076923076923077
Area: 0.00035257701431999806
CentroidX: 0.4967
CentroidY: 0.6648
