Location: Sandro_Ⴏ_2.jpg_Otsu.png
Component: component_1744666450630_301.png
centerX: 0.8107976653696498
centerY: 0.6290027447392498
width: 0.02529182879377432
height: 0.04117108874656908
Area: 0.00042986675020736844
CentroidX: 0.8256
CentroidY: 0.6458
