Location: Sandro_Ⴏ_1.jpg_Mean-Medain.png
Component: component_1744666450891_337.png
centerX: 0.08517971442639094
centerY: 0.5104895104895105
width: 0.027572624322993598
height: 0.03601398601398601
Area: 0.0004331463711079664
CentroidX: 0.1013
CentroidY: 0.5248
