Location: Sandro_Ⴏ_1.jpg_Gaussian-Closing.png
Component: component_1744666451241_619.png
centerX: 0.931068439192516
centerY: 0.8555944055944056
width: 0.019694731659281144
height: 0.028671328671328673
Area: 0.000255136296495233
CentroidX: 0.9426
CentroidY: 0.8667
