Location: Sandro_Ⴏ_2.jpg_Otsu.png
Component: component_1744666450613_221.png
centerX: 0.916828793774319
centerY: 0.43183897529734677
width: 0.024319066147859923
height: 0.042086001829826164
Area: 0.0004736989188361736
CentroidX: 0.9289
CentroidY: 0.4504
