Location: Sandro_Ⴏ_2.jpg_Otsu.png
Component: component_1744666450595_157.png
centerX: 0.48686770428015563
centerY: 0.30466605672461117
width: 0.023346303501945526
height: 0.046203110704483075
Area: 0.0004981737338065724
CentroidX: 0.4995
CentroidY: 0.3239
