Location: Sandro_Ⴏ_2.jpg_Gaussian-Median.png
Component: component_1744666450214_216.png
centerX: 0.7689688715953308
centerY: 0.42680695333943275
width: 0.025778210116731516
height: 0.03979871912168344
Area: 0.0004614615113509742
CentroidX: 0.7831
CentroidY: 0.4435
