Location: Sandro_Ⴏ_1.jpg_Gaussian-Closing.png
Component: component_1744666451236_595.png
centerX: 0.3052683407188577
centerY: 0.8248251748251748
width: 0.027572624322993598
height: 0.027972027972027972
Area: 0.0003832209149786698
CentroidX: 0.3214
CentroidY: 0.8365
