Location: Sandro_Ⴏ_1.jpg_Mean-Medain.png
Component: component_1744666450740_85.png
centerX: 0.09945839487936976
centerY: 0.1346153846153846
width: 0.022648941408173313
height: 0.026923076923076925
Area: 0.00025548060998577986
CentroidX: 0.1135
CentroidY: 0.1446
