Location: Sandro_Ⴏ_1.jpg_Gaussian-Closing.png
Component: component_1744666451138_290.png
centerX: 0.8089611029049729
centerY: 0.45314685314685316
width: 0.014278680452978828
height: 0.024825174825174826
Area: 9.434189640984323e-05
CentroidX: 0.8163
CentroidY: 0.4630
