Location: Sandro_Ⴏ_2.jpg_Gaussian-Median.png
Component: component_1744666450303_389.png
centerX: 0.4907587548638132
centerY: 0.8325709057639524
width: 0.017023346303501944
height: 0.035681610247026534
Area: 0.00014551389991491665
CentroidX: 0.4997
CentroidY: 0.8477
