Location: Sandro_Ⴏ_2.jpg_Otsu.png
Component: component_1744666450577_82.png
centerX: 0.6969844357976653
centerY: 0.1280878316559927
width: 0.023832684824902722
height: 0.03979871912168344
Area: 0.000372907180821713
CentroidX: 0.7115
CentroidY: 0.1443
