Location: Sandro_Ⴏ_2.jpg_Otsu.png
Component: component_1744666450625_279.png
centerX: 0.605544747081712
centerY: 0.5699908508691675
width: 0.026750972762645913
height: 0.03796889295516926
Area: 0.0004102868982310494
CentroidX: 0.6210
CentroidY: 0.5851
