Location: Sandro_Ⴏ_2.jpg_Gaussian-Median.png
Component: component_1744666450190_122.png
centerX: 0.058365758754863814
centerY: 0.23833485818847208
width: 0.027237354085603113
height: 0.04391582799634035
Area: 0.0005335509663546943
CentroidX: 0.0749
CentroidY: 0.2566
