Location: Sandro_Ⴏ_2.jpg_Gaussian-Median.png
Component: component_1744666450166_10.png
centerX: 0.627431906614786
centerY: 0.004574565416285453
width: 0.025778210116731516
height: 0.03979871912168344
Area: 0.0004238592956237251
CentroidX: 0.6418
CentroidY: 0.0205
