Location: Sandro_Ⴏ_1.jpg_Gaussian-Closing.png
Component: component_1744666451165_308.png
centerX: 0.17232890201870998
centerY: 0.47762237762237764
width: 0.01674052191038897
height: 0.02062937062937063
Area: 9.08987615043745e-05
CentroidX: 0.1816
CentroidY: 0.4853
