Location: Sandro_Ⴏ_2.jpg_Mean-Medain.png
Component: component_1744666451406_408.png
centerX: 0.08706225680933852
centerY: 0.8604757548032936
width: 0.017023346303501944
height: 0.0292772186642269
Area: 0.00016153377880463225
CentroidX: 0.0969
CentroidY: 0.8715
