Location: Sandro_Ⴏ_1.jpg_Mean-Medain.png
Component: component_1744666450718_22.png
centerX: 0.7695716395864106
centerY: 0.011888111888111888
width: 0.0241260462826194
height: 0.033216783216783216
Area: 0.0003150468438503889
CentroidX: 0.7846
CentroidY: 0.0251
