Location: Sandro_Ⴏ_1.jpg_Gaussian-Closing.png
Component: component_1744666451198_427.png
centerX: 0.04874446085672083
centerY: 0.6356643356643357
width: 0.028064992614475627
height: 0.03006993006993007
Area: 0.00034534643101851375
CentroidX: 0.0667
CentroidY: 0.6478
