Location: Sandro_Ⴏ_1.jpg_Mean-Medain.png
Component: component_1744666450844_220.png
centerX: 0.3825701624815362
centerY: 0.3520979020979021
width: 0.025603151157065487
height: 0.02972027972027972
Area: 0.000359635440876209
CentroidX: 0.3977
CentroidY: 0.3650
