Location: Sandro_Ⴏ_2.jpg_Gaussian-Median.png
Component: component_1744666450235_285.png
centerX: 0.02237354085603113
centerY: 0.6043000914913084
width: 0.0316147859922179
height: 0.04391582799634035
Area: 0.0005166410941933279
CentroidX: 0.0434
CentroidY: 0.6218
