Location: Sandro_Ⴏ_1.jpg_Gaussian-Closing.png
Component: component_1744666451086_137.png
centerX: 0.5588380108321024
centerY: 0.21608391608391608
width: 0.015755785327424915
height: 0.024125874125874126
Area: 9.124307499492137e-05
CentroidX: 0.5684
CentroidY: 0.2254
