Location: Sandro_Ⴏ_1.jpg_Mean-Medain.png
Component: component_1744666450871_271.png
centerX: 0.23535204332840964
centerY: 0.4367132867132867
width: 0.01674052191038897
height: 0.027972027972027972
Area: 0.00011241835466355408
CentroidX: 0.2457
CentroidY: 0.4473
