Location: Sandro_Ⴏ_2.jpg_Otsu.png
Component: component_1744666450654_422.png
centerX: 0.36186770428015563
centerY: 0.8842634949679781
width: 0.01799610894941634
height: 0.03751143641354071
Area: 0.0001328314957938918
CentroidX: 0.3721
CentroidY: 0.8974
