Location: Sandro_Ⴏ_2.jpg_Mean-Medain.png
Component: component_1744666451307_10.png
centerX: 0.2801556420233463
centerY: 0.005946935041171089
width: 0.02529182879377432
height: 0.04117108874656908
Area: 0.00039115204289055577
CentroidX: 0.2973
CentroidY: 0.0233
