Location: Sandro_Ⴏ_1.jpg_Gaussian-Closing.png
Component: component_1744666451103_199.png
centerX: 0.5110782865583456
centerY: 0.3132867132867133
width: 0.015263417035942885
height: 0.02762237762237762
Area: 0.00021175279668632696
CentroidX: 0.5204
CentroidY: 0.3241
