Location: Sandro_Ⴏ_1.jpg_Mean-Medain.png
Component: component_1744666450988_636.png
centerX: 0.17232890201870998
centerY: 0.8912587412587413
width: 0.018709995076317085
height: 0.023426573426573425
Area: 0.00010897521975808534
CentroidX: 0.1843
CentroidY: 0.9000
