Location: Sandro_Ⴏ_1.jpg_Mean-Medain.png
Component: component_1744666450892_344.png
centerX: 0.35499753815854257
centerY: 0.5185314685314686
width: 0.02708025603151157
height: 0.02972027972027972
Area: 0.0003400095719150372
CentroidX: 0.3703
CentroidY: 0.5300
