Location: Sandro_Ⴏ_2.jpg_Gaussian-Median.png
Component: component_1744666450238_301.png
centerX: 0.6352140077821011
centerY: 0.6280878316559927
width: 0.02772373540856031
height: 0.04940530649588289
Area: 0.0005662582190878637
CentroidX: 0.6515
CentroidY: 0.6493
