Location: Sandro_Ⴏ_1.jpg_Gaussian-Closing.png
Component: component_1744666451101_194.png
centerX: 0.3870014771048744
centerY: 0.30979020979020977
width: 0.02018709995076317
height: 0.02762237762237762
Area: 0.0002933550939459359
CentroidX: 0.3983
CentroidY: 0.3209
