Location: Sandro_Ⴏ_2.jpg_Mean-Medain.png
Component: component_1744666451362_236.png
centerX: 0.055933852140077824
centerY: 0.4817017383348582
width: 0.027237354085603113
height: 0.0384263494967978
Area: 0.0005164185958754151
CentroidX: 0.0718
CentroidY: 0.4970
