Location: Sandro_Ⴏ_1.jpg_Gaussian-Closing.png
Component: component_1744666451129_267.png
centerX: 0.11324470704086657
centerY: 0.4318181818181818
width: 0.013786312161496799
height: 0.02727272727272727
Area: 0.00010398267414515568
CentroidX: 0.1224
CentroidY: 0.4424
