Location: Sandro_Ⴏ_1.jpg_Gaussian-Closing.png
Component: component_1744666451098_185.png
centerX: 0.0019694731659281144
centerY: 0.29755244755244753
width: 0.022648941408173313
height: 0.033566433566433566
Area: 0.0003487895659239825
CentroidX: 0.0165
CentroidY: 0.3112
