Location: Sandro_Ⴏ_1.jpg_Gaussian-Closing.png
Component: component_1744666451255_685.png
centerX: 0.03692762186115214
centerY: 0.9213286713286714
width: 0.017232890201871
height: 0.022727272727272728
Area: 0.0001101803169749994
CentroidX: 0.0476
CentroidY: 0.9301
