Location: Sandro_Ⴏ_2.jpg_Gaussian-Median.png
Component: component_1744666450213_211.png
centerX: 0.2188715953307393
centerY: 0.4222323879231473
width: 0.02772373540856031
height: 0.04528819762122598
Area: 0.000646135115218529
CentroidX: 0.2356
CentroidY: 0.4408
