Location: Sandro_Ⴏ_2.jpg_Otsu.png
Component: component_1744666450658_437.png
centerX: 0.7752918287937743
centerY: 0.9098810612991766
width: 0.017509727626459144
height: 0.03156450137236962
Area: 0.00010079173801446061
CentroidX: 0.7851
CentroidY: 0.9221
