Location: Sandro_Ⴏ_1.jpg_Mean-Medain.png
Component: component_1744666450893_348.png
centerX: 0.5096011816838996
centerY: 0.527972027972028
width: 0.022648941408173313
height: 0.026573426573426574
Area: 0.0002721798142773032
CentroidX: 0.5235
CentroidY: 0.5385
