Location: Sandro_Ⴏ_1.jpg_Gaussian-Closing.png
Component: component_1744666451212_482.png
centerX: 0.8458887247661251
centerY: 0.7027972027972028
width: 0.015263417035942885
height: 0.023076923076923078
Area: 9.348111268347606e-05
CentroidX: 0.8532
CentroidY: 0.7110
