Location: Sandro_Ⴏ_1.jpg_Gaussian-Closing.png
Component: component_1744666451252_670.png
centerX: 0.7557853274249139
centerY: 0.9143356643356644
width: 0.01674052191038897
height: 0.021678321678321677
Area: 0.00010105600947550726
CentroidX: 0.7653
CentroidY: 0.9225
