Location: Sandro_Ⴏ_1.jpg_Gaussian-Closing.png
Component: component_1744666451228_554.png
centerX: 0.07828655834564253
centerY: 0.7772727272727272
width: 0.021664204825209258
height: 0.026923076923076925
Area: 0.00030575037960562333
CentroidX: 0.0913
CentroidY: 0.7884
