Location: Sandro_Ⴏ_1.jpg_Gaussian-Closing.png
Component: component_1744666451232_578.png
centerX: 0.758247168882324
centerY: 0.8094405594405595
width: 0.022648941408173313
height: 0.02937062937062937
Area: 0.00031625194106730295
CentroidX: 0.7718
CentroidY: 0.8219
