Location: Sandro_Ⴏ_1.jpg_Gaussian-Closing.png
Component: component_1744666451128_266.png
centerX: 0.034465780403742
centerY: 0.4307692307692308
width: 0.013786312161496799
height: 0.023426573426573425
Area: 8.866072381581983e-05
CentroidX: 0.0433
CentroidY: 0.4396
