Location: Sandro_Ⴏ_1.jpg_Gaussian-Closing.png
Component: component_1744666451078_109.png
centerX: 0.13540128015755784
centerY: 0.17692307692307693
width: 0.017232890201871
height: 0.022027972027972027
Area: 0.00010381051739988224
CentroidX: 0.1466
CentroidY: 0.1853
