Location: Sandro_Ⴏ_2.jpg_Otsu.png
Component: component_1744666450575_71.png
centerX: 0.5102140077821011
centerY: 0.12488563586459286
width: 0.02480544747081712
height: 0.036596523330283626
Area: 0.0003918195378442939
CentroidX: 0.5247
CentroidY: 0.1388
