Location: Sandro_Ⴏ_1.jpg_Mean-Medain.png
Component: component_1744666450890_335.png
centerX: 0.006893156080748399
centerY: 0.5094405594405594
width: 0.025603151157065487
height: 0.032867132867132866
Area: 0.00038012209356374794
CentroidX: 0.0217
CentroidY: 0.5223
