Location: Sandro_Ⴏ_2.jpg_Mean-Medain.png
Component: component_1744666451343_159.png
centerX: 0.48638132295719844
centerY: 0.3042086001829826
width: 0.023832684824902722
height: 0.04666056724611162
Area: 0.0005460108721578065
CentroidX: 0.4994
CentroidY: 0.3238
