Location: Sandro_Ⴏ_1.jpg_Mean-Medain.png
Component: component_1744666450966_556.png
centerX: 0.2668636139832595
centerY: 0.7856643356643357
width: 0.023141309699655343
height: 0.03146853146853147
Area: 0.0003530934845558184
CentroidX: 0.2811
CentroidY: 0.7986
