Location: Sandro_Ⴏ_1.jpg_Gaussian-Closing.png
Component: component_1744666451069_70.png
centerX: 0.8911866075824717
centerY: 0.09195804195804196
width: 0.027572624322993598
height: 0.02902097902097902
Area: 0.00029851979630413897
CentroidX: 0.9090
CentroidY: 0.1035
