Location: Sandro_Ⴏ_1.jpg_Mean-Medain.png
Component: component_1744666450718_21.png
centerX: 0.8547513540128016
centerY: 0.010839160839160839
width: 0.029542097488921712
height: 0.03076923076923077
Area: 0.0003629064190364043
CentroidX: 0.8730
CentroidY: 0.0224
