Location: Sandro_Ⴏ_2.jpg_Mean-Medain.png
Component: component_1744666451396_368.png
centerX: 0.7130350194552529
centerY: 0.7676120768526989
width: 0.018968871595330738
height: 0.036596523330283626
Area: 0.00015352383935977445
CentroidX: 0.7239
CentroidY: 0.7810
