Location: Sandro_Ⴏ_1.jpg_Mean-Medain.png
Component: component_1744666450869_266.png
centerX: 0.03348104382077794
centerY: 0.4307692307692308
width: 0.014771048744460856
height: 0.023426573426573425
Area: 9.399758291929636e-05
CentroidX: 0.0429
CentroidY: 0.4392
