Location: Sandro_Ⴏ_1.jpg_Gaussian-Closing.png
Component: component_1744666451214_491.png
centerX: 0.09059576563269325
centerY: 0.7122377622377623
width: 0.015755785327424915
height: 0.021678321678321677
Area: 9.864581504167914e-05
CentroidX: 0.0997
CentroidY: 0.7201
