Location: Sandro_Ⴏ_1.jpg_Gaussian-Closing.png
Component: component_1744666451136_288.png
centerX: 0.7804037419990153
centerY: 0.45244755244755247
width: 0.01772525849335303
height: 0.024125874125874126
Area: 0.00010071169598496038
CentroidX: 0.7903
CentroidY: 0.4615
