Location: Sandro_Ⴏ_1.jpg_Mean-Medain.png
Component: component_1744666450833_204.png
centerX: 0.6125061546036435
centerY: 0.3157342657342657
width: 0.019694731659281144
height: 0.03006993006993007
Area: 0.0002556527667310533
CentroidX: 0.6244
CentroidY: 0.3280
