Location: Sandro_Ⴏ_1.jpg_Mean-Medain.png
Component: component_1744666450986_625.png
centerX: 0.7621861152141802
centerY: 0.8800699300699301
width: 0.024618414574101428
height: 0.022377622377622378
Area: 0.0002651213877210923
CentroidX: 0.7767
CentroidY: 0.8892
