Location: Sandro_Ⴏ_1.jpg_Gaussian-Closing.png
Component: component_1744666451216_499.png
centerX: 0.2821270310192024
centerY: 0.7199300699300699
width: 0.01674052191038897
height: 0.01993006993006993
Area: 9.485836664566354e-05
CentroidX: 0.2910
CentroidY: 0.7278
