Location: Sandro_Ⴏ_2.jpg_Otsu.png
Component: component_1744666450634_321.png
centerX: 0.428988326848249
centerY: 0.682067703568161
width: 0.015077821011673152
height: 0.035224153705397984
Area: 0.00010301672119358778
CentroidX: 0.4381
CentroidY: 0.6959
