Location: Sandro_Ⴏ_1.jpg_Mean-Medain.png
Component: component_1744666450876_286.png
centerX: 0.6267848350566223
centerY: 0.45174825174825173
width: 0.01674052191038897
height: 0.026923076923076925
Area: 0.00010914737650335878
CentroidX: 0.6363
CentroidY: 0.4619
