Location: Sandro_Ⴏ_1.jpg_Mean-Medain.png
Component: component_1744666450991_646.png
centerX: 0.9522402757262433
centerY: 0.8996503496503496
width: 0.0206794682422452
height: 0.02762237762237762
Area: 0.0002776888301260532
CentroidX: 0.9642
CentroidY: 0.9108
