Location: Sandro_Ⴏ_2.jpg_Mean-Medain.png
Component: component_1744666451344_160.png
centerX: 0.6755836575875487
centerY: 0.3042086001829826
width: 0.023832684824902722
height: 0.03979871912168344
Area: 0.0004365416997447499
CentroidX: 0.6886
CentroidY: 0.3206
