Location: Sandro_Ⴏ_1.jpg_Gaussian-Closing.png
Component: component_1744666451257_694.png
centerX: 0.396356474643033
centerY: 0.9272727272727272
width: 0.01674052191038897
height: 0.021678321678321677
Area: 9.761287457003853e-05
CentroidX: 0.4049
CentroidY: 0.9354
