Location: Sandro_Ⴏ_1.jpg_Mean-Medain.png
Component: component_1744666450875_281.png
centerX: 0.533727227966519
centerY: 0.44755244755244755
width: 0.018709995076317085
height: 0.025524475524475523
Area: 0.00011413992211628844
CentroidX: 0.5443
CentroidY: 0.4576
