Location: Sandro_Ⴏ_1.jpg_Mean-Medain.png
Component: component_1744666450724_44.png
centerX: 0.7621861152141802
centerY: 0.05104895104895105
width: 0.0241260462826194
height: 0.02727272727272727
Area: 0.00031332527639765453
CentroidX: 0.7770
CentroidY: 0.0617
