Location: Sandro_Ⴏ_1.jpg_Mean-Medain.png
Component: component_1744666451014_742.png
centerX: 0.7858197932053176
centerY: 0.9734265734265735
width: 0.01674052191038897
height: 0.015384615384615385
Area: 6.128780131734341e-05
CentroidX: 0.7952
CentroidY: 0.9789
