Location: Sandro_Ⴏ_1.jpg_Gaussian-Closing.png
Component: component_1744666451068_68.png
centerX: 0.569177744953225
centerY: 0.09195804195804196
width: 0.028064992614475627
height: 0.028321678321678322
Area: 0.00033691075050011534
CentroidX: 0.5871
CentroidY: 0.1032
