Location: Sandro_Ⴏ_2.jpg_Otsu.png
Component: component_1744666450571_51.png
centerX: 0.7884241245136187
centerY: 0.06907593778591034
width: 0.02188715953307393
height: 0.03979871912168344
Area: 0.0003381974432273292
CentroidX: 0.8004
CentroidY: 0.0848
