Location: Sandro_Ⴏ_2.jpg_Mean-Medain.png
Component: component_1744666451383_309.png
centerX: 0.023346303501945526
centerY: 0.6619396157365051
width: 0.01799610894941634
height: 0.036596523330283626
Area: 0.00013171900420432821
CentroidX: 0.0343
CentroidY: 0.6761
