Location: Sandro_Ⴏ_2.jpg_Mean-Medain.png
Component: component_1744666451405_405.png
centerX: 0.029182879377431907
centerY: 0.8568161024702653
width: 0.019455252918287938
height: 0.03339432753888381
Area: 0.00013305399411180451
CentroidX: 0.0414
CentroidY: 0.8700
