Location: Sandro_Ⴏ_2.jpg_Otsu.png
Component: component_1744666450576_76.png
centerX: 0.5491245136186771
centerY: 0.1262580054894785
width: 0.023832684824902722
height: 0.036139066788655076
Area: 0.00036645472960224423
CentroidX: 0.5634
CentroidY: 0.1410
