Location: Sandro_Ⴏ_2.jpg_Otsu.png
Component: component_1744666450616_240.png
centerX: 0.3448443579766537
centerY: 0.4967978042086002
width: 0.029669260700389104
height: 0.03888380603842635
Area: 0.0005048486833439539
CentroidX: 0.3618
CentroidY: 0.5133
