Location: Sandro_Ⴏ_2.jpg_Gaussian-Median.png
Component: component_1744666450219_234.png
centerX: 0.01556420233463035
centerY: 0.4794144556267155
width: 0.026750972762645913
height: 0.04071363220494053
Area: 0.00046880395584209385
CentroidX: 0.0326
CentroidY: 0.4967
