Location: Sandro_Ⴏ_1.jpg_Mean-Medain.png
Component: component_1744666450841_213.png
centerX: 0.08124076809453472
centerY: 0.3465034965034965
width: 0.0241260462826194
height: 0.03006993006993007
Area: 0.0003479287821976153
CentroidX: 0.0960
CentroidY: 0.3579
