Location: Sandro_Ⴏ_2.jpg_Mean-Medain.png
Component: component_1744666451412_435.png
centerX: 0.8599221789883269
centerY: 0.9121683440073193
width: 0.019455252918287938
height: 0.035224153705397984
Area: 0.00016108878216880681
CentroidX: 0.8709
CentroidY: 0.9253
