Location: Sandro_Ⴏ_2.jpg_Otsu.png
Component: component_1744666450617_241.png
centerX: 0.38715953307393
centerY: 0.4990850869167429
width: 0.026750972762645913
height: 0.03339432753888381
Area: 0.0004013869655145407
CentroidX: 0.4021
CentroidY: 0.5140
