Location: Sandro_Ⴏ_2.jpg_Gaussian-Median.png
Component: component_1744666450178_74.png
centerX: 0.29474708171206226
centerY: 0.1253430924062214
width: 0.025778210116731516
height: 0.03796889295516926
Area: 0.00047080644070330826
CentroidX: 0.3106
CentroidY: 0.1425
