Location: Sandro_Ⴏ_1.jpg_Mean-Medain.png
Component: component_1744666450718_20.png
centerX: 0.811422944362383
centerY: 0.009790209790209791
width: 0.026095519448547513
height: 0.031118881118881118
Area: 0.0003381158477170294
CentroidX: 0.8279
CentroidY: 0.0216
