Location: Sandro_Ⴏ_1.jpg_Mean-Medain.png
Component: component_1744666450969_566.png
centerX: 0.6878385032003939
centerY: 0.8076923076923077
width: 0.025110782865583457
height: 0.02902097902097902
Area: 0.0003128088061618342
CentroidX: 0.7040
CentroidY: 0.8197
