Location: Sandro_Ⴏ_1.jpg_Mean-Medain.png
Component: component_1744666450870_269.png
centerX: 0.20630231413096997
centerY: 0.43566433566433566
width: 0.01772525849335303
height: 0.025874125874125874
Area: 0.00011138541419191345
CentroidX: 0.2165
CentroidY: 0.4451
