Location: Sandro_Ⴏ_2.jpg_Mean-Medain.png
Component: component_1744666451378_288.png
centerX: 0.11575875486381323
centerY: 0.6061299176578225
width: 0.0306420233463035
height: 0.04437328453796889
Area: 0.0005909555323761753
CentroidX: 0.1349
CentroidY: 0.6244
