Location: Sandro_Ⴏ_1.jpg_Mean-Medain.png
Component: component_1744666450990_643.png
centerX: 0.29246676514032494
centerY: 0.8965034965034965
width: 0.014771048744460856
height: 0.022377622377622378
Area: 8.934935079691357e-05
CentroidX: 0.3010
CentroidY: 0.9047
