Location: Sandro_Ⴏ_1.jpg_Gaussian-Closing.png
Component: component_1744666451075_97.png
centerX: 0.5721319547021172
centerY: 0.14440559440559442
width: 0.028557360905957656
height: 0.03006993006993007
Area: 0.00040577344860948995
CentroidX: 0.5899
CentroidY: 0.1567
