Location: Sandro_Ⴏ_2.jpg_Gaussian-Median.png
Component: component_1744666450192_135.png
centerX: 0.7485408560311284
centerY: 0.24473924977127173
width: 0.026750972762645913
height: 0.042543458371454713
Area: 0.00046123901303306145
CentroidX: 0.7630
CentroidY: 0.2611
