Location: Sandro_Ⴏ_1.jpg_Mean-Medain.png
Component: component_1744666450813_172.png
centerX: 0.25947808961102903
centerY: 0.26328671328671327
width: 0.03249630723781388
height: 0.03636363636363636
Area: 0.00048634280539745827
CentroidX: 0.2796
CentroidY: 0.2782
