Location: Sandro_Ⴏ_2.jpg_Mean-Medain.png
Component: component_1744666451365_246.png
centerX: 0.6366731517509727
centerY: 0.5004574565416285
width: 0.029182879377431907
height: 0.04025617566331199
Area: 0.0005164185958754151
CentroidX: 0.6529
CentroidY: 0.5173
