Location: Sandro_Ⴏ_2.jpg_Otsu.png
Component: component_1744666450624_272.png
centerX: 0.8511673151750972
centerY: 0.5645013723696248
width: 0.0306420233463035
height: 0.04117108874656908
Area: 0.00047080644070330826
CentroidX: 0.8686
CentroidY: 0.5799
