Location: Sandro_Ⴏ_2.jpg_Otsu.png
Component: component_1744666450585_117.png
centerX: 0.8550583657587548
centerY: 0.19213174748398903
width: 0.023346303501945526
height: 0.039341262580054895
Area: 0.00037869213708744364
CentroidX: 0.8675
CentroidY: 0.2080
