Location: Sandro_Ⴏ_2.jpg_Gaussian-Median.png
Component: component_1744666450236_290.png
centerX: 0.24708171206225682
centerY: 0.6125343092406221
width: 0.028696498054474707
height: 0.0384263494967978
Area: 0.00048259885155268225
CentroidX: 0.2640
CentroidY: 0.6267
