Location: Sandro_Ⴏ_2.jpg_Gaussian-Median.png
Component: component_1744666450232_266.png
centerX: 0.3117704280155642
centerY: 0.5576395242451967
width: 0.026264591439688716
height: 0.03751143641354071
Area: 0.00046613397602714125
CentroidX: 0.3267
CentroidY: 0.5729
