Location: Sandro_Ⴏ_2.jpg_Otsu.png
Component: component_1744666450643_373.png
centerX: 0.8905642023346303
centerY: 0.7708142726440989
width: 0.017509727626459144
height: 0.04803293687099726
Area: 0.00013305399411180451
CentroidX: 0.9011
CentroidY: 0.7894
