Location: Sandro_Ⴏ_1.jpg_Gaussian-Closing.png
Component: component_1744666451226_547.png
centerX: 0.7144263909404235
centerY: 0.76993006993007
width: 0.022156573116691284
height: 0.02902097902097902
Area: 0.0003103986117280061
CentroidX: 0.7266
CentroidY: 0.7822
