Location: Sandro_Ⴏ_1.jpg_Gaussian-Closing.png
Component: component_1744666451053_8.png
centerX: 0.43870014771048743
centerY: 0.006293706293706294
width: 0.028557360905957656
height: 0.03006993006993007
Area: 0.000359635440876209
CentroidX: 0.4567
CentroidY: 0.0181
