Location: Sandro_Ⴏ_1.jpg_Mean-Medain.png
Component: component_1744666450922_423.png
centerX: 0.04874446085672083
centerY: 0.6356643356643357
width: 0.028064992614475627
height: 0.03006993006993007
Area: 0.0003527491710652715
CentroidX: 0.0666
CentroidY: 0.6478
