Location: Sandro_Ⴏ_1.jpg_Mean-Medain.png
Component: component_1744666451008_709.png
centerX: 0.275726243229936
centerY: 0.9482517482517483
width: 0.013293943870014771
height: 0.021678321678321677
Area: 9.08987615043745e-05
CentroidX: 0.2825
CentroidY: 0.9564
