Location: Sandro_Ⴏ_2.jpg_Otsu.png
Component: component_1744666450601_180.png
centerX: 0.2237354085603113
centerY: 0.3604757548032937
width: 0.025778210116731516
height: 0.04117108874656908
Area: 0.0005262085218635747
CentroidX: 0.2386
CentroidY: 0.3784
