Location: Sandro_Ⴏ_1.jpg_Mean-Medain.png
Component: component_1744666450741_88.png
centerX: 0.4446085672082718
centerY: 0.13671328671328672
width: 0.025110782865583457
height: 0.03006993006993007
Area: 0.0004212675556840993
CentroidX: 0.4597
CentroidY: 0.1493
