Location: Sandro_Ⴏ_1.jpg_Gaussian-Closing.png
Component: component_1744666451055_16.png
centerX: 0.25947808961102903
centerY: 0.007692307692307693
width: 0.026587887740029542
height: 0.028321678321678322
Area: 0.00033191820488718567
CentroidX: 0.2765
CentroidY: 0.0186
