Location: Sandro_Ⴏ_1.jpg_Mean-Medain.png
Component: component_1744666450864_259.png
centerX: 0.7395371738060069
centerY: 0.40594405594405597
width: 0.024618414574101428
height: 0.03741258741258741
Area: 0.00041851304775972426
CentroidX: 0.7529
CentroidY: 0.4222
