Location: Sandro_Ⴏ_2.jpg_Mean-Medain.png
Component: component_1744666451381_301.png
centerX: 0.6750972762645915
centerY: 0.6271729185727356
width: 0.02821011673151751
height: 0.04391582799634035
Area: 0.0005647007308624747
CentroidX: 0.6910
CentroidY: 0.6454
