Location: Sandro_Ⴏ_2.jpg_Gaussian-Median.png
Component: component_1744666450234_276.png
centerX: 0.4785992217898833
centerY: 0.5667886550777677
width: 0.029669260700389104
height: 0.0384263494967978
Area: 0.0005591382729146567
CentroidX: 0.4960
CentroidY: 0.5814
