Location: Sandro_Ⴏ_1.jpg_Gaussian-Closing.png
Component: component_1744666451245_639.png
centerX: 0.07631708517971443
centerY: 0.8895104895104895
width: 0.014771048744460856
height: 0.02062937062937063
Area: 9.27924857023823e-05
CentroidX: 0.0853
CentroidY: 0.8982
