Location: Sandro_Ⴏ_2.jpg_Mean-Medain.png
Component: component_1744666451410_426.png
centerX: 0.5632295719844358
centerY: 0.9007319304666057
width: 0.01848249027237354
height: 0.0343092406221409
Area: 0.00014618139486865478
CentroidX: 0.5742
CentroidY: 0.9145
