Location: Sandro_Ⴏ_1.jpg_Mean-Medain.png
Component: component_1744666451014_744.png
centerX: 0.8158542589857213
centerY: 0.9741258741258741
width: 0.01772525849335303
height: 0.01888111888111888
Area: 6.490309296808558e-05
CentroidX: 0.8250
CentroidY: 0.9809
