Location: Sandro_Ⴏ_1.jpg_Gaussian-Closing.png
Component: component_1744666451250_661.png
centerX: 0.5297882816346627
centerY: 0.9041958041958041
width: 0.014771048744460856
height: 0.024125874125874126
Area: 0.00010243326343769475
CentroidX: 0.5379
CentroidY: 0.9139
