Location: Sandro_Ⴏ_1.jpg_Mean-Medain.png
Component: component_1744666450927_441.png
centerX: 0.8902018709995076
centerY: 0.6625874125874126
width: 0.027572624322993598
height: 0.026573426573426574
Area: 0.0003038566554076155
CentroidX: 0.9057
CentroidY: 0.6742
