Location: Sandro_Ⴏ_2.jpg_Gaussian-Median.png
Component: component_1744666450223_244.png
centerX: 0.7193579766536965
centerY: 0.5
width: 0.0325875486381323
height: 0.0384263494967978
Area: 0.0005411159091637267
CentroidX: 0.7369
CentroidY: 0.5151
