Location: Sandro_Ⴏ_1.jpg_Mean-Medain.png
Component: component_1744666450983_618.png
centerX: 0.49926144756277696
centerY: 0.8702797202797202
width: 0.0241260462826194
height: 0.023776223776223775
Area: 0.0002887068618235531
CentroidX: 0.5138
CentroidY: 0.8800
