Location: Sandro_Ⴏ_2.jpg_Gaussian-Median.png
Component: component_1744666450214_214.png
centerX: 0.6984435797665369
centerY: 0.4263494967978042
width: 0.02237354085603113
height: 0.04162854528819762
Area: 0.0004407691677850915
CentroidX: 0.7114
CentroidY: 0.4438
