Location: Sandro_Ⴏ_2.jpg_Mean-Medain.png
Component: component_1744666451377_285.png
centerX: 0.16342412451361868
centerY: 0.6024702653247942
width: 0.030155642023346304
height: 0.043000914913083256
Area: 0.0005662582190878637
CentroidX: 0.1825
CentroidY: 0.6197
