Location: Sandro_Ⴏ_1.jpg_Gaussian-Closing.png
Component: component_1744666451227_552.png
centerX: 0.9187592319054653
centerY: 0.7755244755244756
width: 0.02018709995076317
height: 0.03146853146853147
Area: 0.0002494551239012096
CentroidX: 0.9316
CentroidY: 0.7881
