Location: Sandro_Ⴏ_2.jpg_Mean-Medain.png
Component: component_1744666451315_45.png
centerX: 0.31857976653696496
centerY: 0.06358645928636779
width: 0.02188715953307393
height: 0.03751143641354071
Area: 0.00039471201597715924
CentroidX: 0.3318
CentroidY: 0.0792
