Location: Sandro_Ⴏ_1.jpg_Gaussian-Closing.png
Component: component_1744666451251_669.png
centerX: 0.6804529788281635
centerY: 0.913986013986014
width: 0.015755785327424915
height: 0.023426573426573425
Area: 0.00011224619791828064
CentroidX: 0.6892
CentroidY: 0.9230
