Location: Sandro_Ⴏ_1.jpg_Mean-Medain.png
Component: component_1744666450890_336.png
centerX: 0.04579025110782865
centerY: 0.5101398601398601
width: 0.025110782865583457
height: 0.03146853146853147
Area: 0.00036703818092296674
CentroidX: 0.0594
CentroidY: 0.5224
