Location: Sandro_Ⴏ_1.jpg_Gaussian-Closing.png
Component: component_1744666451217_500.png
centerX: 0.3087149187592319
centerY: 0.7213286713286713
width: 0.01772525849335303
height: 0.02097902097902098
Area: 0.00010518777136206974
CentroidX: 0.3177
CentroidY: 0.7296
