Location: Sandro_Ⴏ_2.jpg_Gaussian-Median.png
Component: component_1744666450167_13.png
centerX: 0.321011673151751
centerY: 0.0054894784995425435
width: 0.024319066147859923
height: 0.04117108874656908
Area: 0.0004728089255645227
CentroidX: 0.3359
CentroidY: 0.0218
