Location: Sandro_Ⴏ_2.jpg_Gaussian-Median.png
Component: component_1744666450177_69.png
centerX: 0.11381322957198443
centerY: 0.12442817932296432
width: 0.024319066147859923
height: 0.0292772186642269
Area: 0.0003582222918394737
CentroidX: 0.1279
CentroidY: 0.1366
