Location: Sandro_Ⴏ_1.jpg_Gaussian-Closing.png
Component: component_1744666451195_410.png
centerX: 0.6533727227966519
centerY: 0.615034965034965
width: 0.025110782865583457
height: 0.02937062937062937
Area: 0.00034310839332995905
CentroidX: 0.6684
CentroidY: 0.6265
