Location: Sandro_Ⴏ_1.jpg_Mean-Medain.png
Component: component_1744666450728_55.png
centerX: 0.0054160512063023145
centerY: 0.08776223776223777
width: 0.028557360905957656
height: 0.02762237762237762
Area: 0.00036600524045132614
CentroidX: 0.0235
CentroidY: 0.0982
