Location: Sandro_Ⴏ_2.jpg_Otsu.png
Component: component_1744666450563_17.png
centerX: 0.7392996108949417
centerY: 0.006861848124428179
width: 0.026264591439688716
height: 0.036596523330283626
Area: 0.00036534223801268064
CentroidX: 0.7544
CentroidY: 0.0212
