Location: Sandro_Ⴏ_1.jpg_Gaussian-Closing.png
Component: component_1744666451095_173.png
centerX: 0.5366814377154111
centerY: 0.2629370629370629
width: 0.026095519448547513
height: 0.033216783216783216
Area: 0.00038735267686523225
CentroidX: 0.5527
CentroidY: 0.2769
