Location: Sandro_Ⴏ_2.jpg_Otsu.png
Component: component_1744666450602_186.png
centerX: 0.6648832684824902
centerY: 0.3636779505946935
width: 0.027237354085603113
height: 0.04483074107959744
Area: 0.0005311034848576545
CentroidX: 0.6800
CentroidY: 0.3814
