Location: Sandro_Ⴏ_1.jpg_Gaussian-Closing.png
Component: component_1744666451196_414.png
centerX: 0.7917282127031019
centerY: 0.6164335664335664
width: 0.023141309699655343
height: 0.03146853146853147
Area: 0.0003375993774812091
CentroidX: 0.8053
CentroidY: 0.6288
