Location: Sandro_Ⴏ_2.jpg_Mean-Medain.png
Component: component_1744666451341_146.png
centerX: 0.42023346303501946
centerY: 0.24794144556267156
width: 0.026264591439688716
height: 0.04437328453796889
Area: 0.0005346634579442579
CentroidX: 0.4354
CentroidY: 0.2654
