Location: Sandro_Ⴏ_2.jpg_Otsu.png
Component: component_1744666450576_77.png
centerX: 0.5865758754863813
centerY: 0.12717291857273558
width: 0.024319066147859923
height: 0.0343092406221409
Area: 0.0003406449247243691
CentroidX: 0.6014
CentroidY: 0.1402
