Location: Sandro_Ⴏ_2.jpg_Gaussian-Median.png
Component: component_1744666450188_114.png
centerX: 0.6984435797665369
centerY: 0.18847209515096067
width: 0.026264591439688716
height: 0.03888380603842635
Area: 0.0004327592283402338
CentroidX: 0.7132
CentroidY: 0.2052
