Location: Sandro_Ⴏ_1.jpg_Gaussian-Closing.png
Component: component_1744666451180_352.png
centerX: 0.5829640571147218
centerY: 0.5311188811188812
width: 0.0241260462826194
height: 0.03076923076923077
Area: 0.000320211546208592
CentroidX: 0.5967
CentroidY: 0.5435
