Location: Sandro_Ⴏ_2.jpg_Gaussian-Median.png
Component: component_1744666450230_254.png
centerX: 0.8949416342412452
centerY: 0.5054894784995425
width: 0.030155642023346304
height: 0.03751143641354071
Area: 0.0005315484814934799
CentroidX: 0.9110
CentroidY: 0.5203
