Location: Sandro_Ⴏ_1.jpg_Gaussian-Closing.png
Component: component_1744666451234_586.png
centerX: 0.8621368783850321
centerY: 0.813986013986014
width: 0.021664204825209258
height: 0.032867132867132866
Area: 0.00026374413375890483
CentroidX: 0.8750
CentroidY: 0.8270
