Location: Sandro_Ⴏ_1.jpg_Mean-Medain.png
Component: component_1744666450735_69.png
centerX: 0.809945839487937
centerY: 0.09160839160839161
width: 0.025110782865583457
height: 0.02902097902097902
Area: 0.0003140139033787483
CentroidX: 0.8247
CentroidY: 0.1026
