Location: Sandro_Ⴏ_2.jpg_Mean-Medain.png
Component: component_1744666451359_226.png
centerX: 0.8832684824902723
centerY: 0.4332113449222324
width: 0.02480544747081712
height: 0.04071363220494053
Area: 0.00047036144406748285
CentroidX: 0.8969
CentroidY: 0.4511
