Location: Sandro_Ⴏ_2.jpg_Gaussian-Median.png
Component: component_1744666450198_158.png
centerX: 0.9260700389105059
centerY: 0.3037511436413541
width: 0.023832684824902722
height: 0.039341262580054895
Area: 0.00039938448065332625
CentroidX: 0.9381
CentroidY: 0.3194
