Location: Sandro_Ⴏ_1.jpg_Mean-Medain.png
Component: component_1744666450775_148.png
centerX: 0.28360413589364847
centerY: 0.2202797202797203
width: 0.01772525849335303
height: 0.02062937062937063
Area: 0.00010208894994714788
CentroidX: 0.2942
CentroidY: 0.2278
