Location: Sandro_Ⴏ_2.jpg_Otsu.png
Component: component_1744666450567_27.png
centerX: 0.03988326848249027
centerY: 0.012808783165599268
width: 0.029669260700389104
height: 0.03979871912168344
Area: 0.0005466783671115446
CentroidX: 0.0568
CentroidY: 0.0285
