Location: Sandro_Ⴏ_2.jpg_Gaussian-Median.png
Component: component_1744666450251_369.png
centerX: 0.8628404669260701
centerY: 0.7708142726440989
width: 0.01848249027237354
height: 0.04162854528819762
Area: 0.00016553874852706115
CentroidX: 0.8731
CentroidY: 0.7873
