Location: Sandro_Ⴏ_2.jpg_Gaussian-Median.png
Component: component_1744666450239_303.png
centerX: 0.8103112840466926
centerY: 0.6290027447392498
width: 0.026264591439688716
height: 0.04162854528819762
Area: 0.0004630189995763632
CentroidX: 0.8255
CentroidY: 0.6458
