Location: Sandro_Ⴏ_1.jpg_Gaussian-Closing.png
Component: component_1744666451075_98.png
centerX: 0.6888232397833579
centerY: 0.14405594405594405
width: 0.025110782865583457
height: 0.028671328671328673
Area: 0.0003425919230941387
CentroidX: 0.7033
CentroidY: 0.1559
