Location: Sandro_Ⴏ_1.jpg_Mean-Medain.png
Component: component_1744666450993_653.png
centerX: 0.4741506646971935
centerY: 0.9052447552447552
width: 0.01624815361890694
height: 0.024125874125874126
Area: 0.0001031218904187885
CentroidX: 0.4834
CentroidY: 0.9142
