Location: Sandro_Ⴏ_1.jpg_Gaussian-Closing.png
Component: component_1744666451094_171.png
centerX: 0.4396848842934515
centerY: 0.26083916083916087
width: 0.021664204825209258
height: 0.03566433566433566
Area: 0.0003522327008294512
CentroidX: 0.4531
CentroidY: 0.2759
