Location: Sandro_Ⴏ_1.jpg_Mean-Medain.png
Component: component_1744666450910_382.png
centerX: 0.7838503200393895
centerY: 0.577972027972028
width: 0.025110782865583457
height: 0.026573426573426574
Area: 0.0002907727427668343
CentroidX: 0.7989
CentroidY: 0.5892
