Location: Sandro_Ⴏ_2.jpg_Gaussian-Median.png
Component: component_1744666450181_93.png
centerX: 0.010214007782101167
centerY: 0.17840805123513268
width: 0.026750972762645913
height: 0.04071363220494053
Area: 0.00047036144406748285
CentroidX: 0.0271
CentroidY: 0.1953
