Location: Sandro_Ⴏ_2.jpg_Gaussian-Median.png
Component: component_1744666450496_429.png
centerX: 0.6556420233463035
centerY: 0.9053064958828911
width: 0.016536964980544747
height: 0.03705397987191217
Area: 0.00013327649242971724
CentroidX: 0.6659
CentroidY: 0.9189
