Location: Sandro_Ⴏ_1.jpg_Gaussian-Closing.png
Component: component_1744666451100_189.png
centerX: 0.12801575578532742
centerY: 0.30454545454545456
width: 0.023633677991137372
height: 0.026923076923076925
Area: 0.00029163352649320154
CentroidX: 0.1429
CentroidY: 0.3151
