Location: Sandro_Ⴏ_2.jpg_Otsu.png
Component: component_1744666450653_416.png
centerX: 0.21108949416342412
centerY: 0.8687099725526075
width: 0.016050583657587547
height: 0.032479414455626715
Area: 0.00011792410849373978
CentroidX: 0.2208
CentroidY: 0.8815
