Location: Sandro_Ⴏ_2.jpg_Mean-Medain.png
Component: component_1744666451392_351.png
centerX: 0.2806420233463035
centerY: 0.7410795974382434
width: 0.01799610894941634
height: 0.03888380603842635
Area: 0.00014328891673578948
CentroidX: 0.2909
CentroidY: 0.7555
