Location: Sandro_Ⴏ_2.jpg_Mean-Medain.png
Component: component_1744666451325_86.png
centerX: 0.8438715953307393
centerY: 0.12717291857273558
width: 0.023346303501945526
height: 0.03796889295516926
Area: 0.0004162943528146927
CentroidX: 0.8565
CentroidY: 0.1436
