Location: Sandro_Ⴏ_1.jpg_Mean-Medain.png
Component: component_1744666450822_181.png
centerX: 0.6568193008370261
centerY: 0.2699300699300699
width: 0.028557360905957656
height: 0.03041958041958042
Area: 0.00039458326016671657
CentroidX: 0.6736
CentroidY: 0.2831
