Location: Sandro_Ⴏ_2.jpg_Gaussian-Median.png
Component: component_1744666450469_427.png
centerX: 0.5938715953307393
centerY: 0.9007319304666057
width: 0.01848249027237354
height: 0.03385178408051235
Area: 0.00013972894364918601
CentroidX: 0.6048
CentroidY: 0.9137
