Location: Sandro_Ⴏ_1.jpg_Mean-Medain.png
Component: component_1744666450713_4.png
centerX: 0.3860167405219104
centerY: 0.0048951048951048955
width: 0.03003446578040374
height: 0.02972027972027972
Area: 0.0003799499368184745
CentroidX: 0.4043
CentroidY: 0.0168
