Location: Sandro_Ⴏ_2.jpg_Mean-Medain.png
Component: component_1744666451378_287.png
centerX: 0.07295719844357977
centerY: 0.6061299176578225
width: 0.027237354085603113
height: 0.04025617566331199
Area: 0.0005135261177425499
CentroidX: 0.0894
CentroidY: 0.6228
