Location: Sandro_Ⴏ_2.jpg_Gaussian-Median.png
Component: component_1744666450234_277.png
centerX: 0.9348249027237354
centerY: 0.5667886550777677
width: 0.024319066147859923
height: 0.03339432753888381
Area: 0.00033485996845863844
CentroidX: 0.9481
CentroidY: 0.5802
