Location: Sandro_Ⴏ_2.jpg_Otsu.png
Component: component_1744666450594_152.png
centerX: 0.0928988326848249
centerY: 0.3019213174748399
width: 0.02480544747081712
height: 0.04391582799634035
Area: 0.0003958245075667228
CentroidX: 0.1092
CentroidY: 0.3188
