Location: Sandro_Ⴏ_2.jpg_Mean-Medain.png
Component: component_1744666451406_407.png
centerX: 0.061284046692607
centerY: 0.8577310155535224
width: 0.017509727626459144
height: 0.030649588289112534
Area: 0.00016197877544045768
CentroidX: 0.0716
CentroidY: 0.8696
