Location: Sandro_Ⴏ_2.jpg_Mean-Medain.png
Component: component_1744666451333_117.png
centerX: 0.6984435797665369
centerY: 0.18847209515096067
width: 0.026264591439688716
height: 0.03888380603842635
Area: 0.0004416591610567424
CentroidX: 0.7131
CentroidY: 0.2050
