Location: Sandro_Ⴏ_1.jpg_Gaussian-Closing.png
Component: component_1744666451270_750.png
centerX: 0.7001477104874446
centerY: 0.9727272727272728
width: 0.015755785327424915
height: 0.01993006993006993
Area: 8.676699961781203e-05
CentroidX: 0.7085
CentroidY: 0.9799
