Location: Sandro_Ⴏ_1.jpg_Mean-Medain.png
Component: component_1744666450744_92.png
centerX: 0.8838010832102413
centerY: 0.13846153846153847
width: 0.02708025603151157
height: 0.02727272727272727
Area: 0.000305233909369803
CentroidX: 0.9015
CentroidY: 0.1494
