Location: Sandro_Ⴏ_2.jpg_Mean-Medain.png
Component: component_1744666451318_58.png
centerX: 0.681420233463035
centerY: 0.06999085086916743
width: 0.025778210116731516
height: 0.042543458371454713
Area: 0.00046079401639723605
CentroidX: 0.6952
CentroidY: 0.0868
