Location: Sandro_Ⴏ_1.jpg_Gaussian-Closing.png
Component: component_1744666451089_149.png
centerX: 0.689807976366322
centerY: 0.2202797202797203
width: 0.015263417035942885
height: 0.024825174825174826
Area: 9.158738848546824e-05
CentroidX: 0.6985
CentroidY: 0.2299
