Location: Sandro_Ⴏ_1.jpg_Gaussian-Closing.png
Component: component_1744666451219_509.png
centerX: 0.5504677498769079
centerY: 0.7314685314685314
width: 0.017232890201871
height: 0.021678321678321677
Area: 0.00010346620390933537
CentroidX: 0.5593
CentroidY: 0.7398
