Location: Sandro_Ⴏ_1.jpg_Mean-Medain.png
Component: component_1744666450715_12.png
centerX: 0.48301329394387
centerY: 0.006993006993006993
width: 0.0241260462826194
height: 0.026923076923076925
Area: 0.0003038566554076155
CentroidX: 0.4983
CentroidY: 0.0178
