Location: Sandro_Ⴏ_1.jpg_Gaussian-Closing.png
Component: component_1744666451088_146.png
centerX: 0.13343180699162974
centerY: 0.2202797202797203
width: 0.015263417035942885
height: 0.023426573426573425
Area: 9.778503131531197e-05
CentroidX: 0.1431
CentroidY: 0.2293
