Location: Sandro_Ⴏ_2.jpg_Mean-Medain.png
Component: component_1744666451412_434.png
centerX: 0.8069066147859922
centerY: 0.9112534309240622
width: 0.01848249027237354
height: 0.0343092406221409
Area: 0.00017065620983905362
CentroidX: 0.8177
CentroidY: 0.9247
