Location: Sandro_Ⴏ_2.jpg_Gaussian-Median.png
Component: component_1744666450246_342.png
centerX: 0.05252918287937743
centerY: 0.7282708142726441
width: 0.016536964980544747
height: 0.035224153705397984
Area: 0.00014862887636569468
CentroidX: 0.0627
CentroidY: 0.7422
