Location: Sandro_Ⴏ_1.jpg_Mean-Medain.png
Component: component_1744666450714_9.png
centerX: 0.5258493353028065
centerY: 0.006293706293706294
width: 0.026587887740029542
height: 0.026573426573426574
Area: 0.0003338119290851935
CentroidX: 0.5424
CentroidY: 0.0169
