Location: Sandro_Ⴏ_1.jpg_Gaussian-Closing.png
Component: component_1744666451259_707.png
centerX: 0.5992122107336287
centerY: 0.9388111888111889
width: 0.014278680452978828
height: 0.01993006993006993
Area: 0.00010002306900386664
CentroidX: 0.6072
CentroidY: 0.9460
