Location: Sandro_Ⴏ_1.jpg_Mean-Medain.png
Component: component_1744666450827_187.png
centerX: 0.08714918759231906
centerY: 0.3
width: 0.02117183653372723
height: 0.032167832167832165
Area: 0.0002943880344175765
CentroidX: 0.1006
CentroidY: 0.3139
