Location: Sandro_Ⴏ_1.jpg_Mean-Medain.png
Component: component_1744666450830_197.png
centerX: 0.45593303791235845
centerY: 0.31153846153846154
width: 0.018709995076317085
height: 0.025874125874125874
Area: 0.00023241160611913936
CentroidX: 0.4676
CentroidY: 0.3225
