Location: Sandro_Ⴏ_2.jpg_Gaussian-Median.png
Component: component_1744666450237_295.png
centerX: 0.5019455252918288
centerY: 0.6230558096980787
width: 0.029669260700389104
height: 0.04071363220494053
Area: 0.0005193110740082805
CentroidX: 0.5198
CentroidY: 0.6398
