Location: Sandro_Ⴏ_1.jpg_Gaussian-Closing.png
Component: component_1744666451054_14.png
centerX: 0.08616445100935499
centerY: 0.007692307692307693
width: 0.03003446578040374
height: 0.02972027972027972
Area: 0.00039750992483636503
CentroidX: 0.1052
CentroidY: 0.0199
