Location: Sandro_Ⴏ_1.jpg_Mean-Medain.png
Component: component_1744666450949_507.png
centerX: 0.6080748399803053
centerY: 0.7332167832167832
width: 0.01674052191038897
height: 0.02097902097902098
Area: 0.00010398267414515568
CentroidX: 0.6166
CentroidY: 0.7409
