Location: Sandro_Ⴏ_1.jpg_Gaussian-Closing.png
Component: component_1744666451225_544.png
centerX: 0.4963072378138848
centerY: 0.7664335664335664
width: 0.0241260462826194
height: 0.03076923076923077
Area: 0.000359635440876209
CentroidX: 0.5111
CentroidY: 0.7794
