Location: Sandro_Ⴏ_2.jpg_Gaussian-Median.png
Component: component_1744666450281_380.png
centerX: 0.1916342412451362
centerY: 0.8046660567246111
width: 0.01848249027237354
height: 0.03979871912168344
Area: 0.00017221369806444262
CentroidX: 0.2014
CentroidY: 0.8210
