Location: Sandro_Ⴏ_2.jpg_Mean-Medain.png
Component: component_1744666451347_177.png
centerX: 0.44309338521400776
centerY: 0.3110704483074108
width: 0.026750972762645913
height: 0.04162854528819762
Area: 0.0005222035521411458
CentroidX: 0.4586
CentroidY: 0.3275
