Location: Sandro_Ⴏ_2.jpg_Mean-Medain.png
Component: component_1744666451342_153.png
centerX: 0.8535992217898832
centerY: 0.3000914913083257
width: 0.022859922178988325
height: 0.043458371454711806
Area: 0.0004098419015952239
CentroidX: 0.8654
CentroidY: 0.3183
