Location: Sandro_Ⴏ_1.jpg_Mean-Medain.png
Component: component_1744666450949_508.png
centerX: 0.6341703594288528
centerY: 0.734965034965035
width: 0.01674052191038897
height: 0.022027972027972027
Area: 0.00010346620390933537
CentroidX: 0.6430
CentroidY: 0.7436
