Location: Sandro_Ⴏ_1.jpg_Mean-Medain.png
Component: component_1744666450850_237.png
centerX: 0.002461841457410143
centerY: 0.38566433566433567
width: 0.025603151157065487
height: 0.03496503496503497
Area: 0.0004284981389855836
CentroidX: 0.0187
CentroidY: 0.4002
