Location: Sandro_Ⴏ_2.jpg_Mean-Medain.png
Component: component_1744666451391_346.png
centerX: 0.16926070038910507
centerY: 0.7323879231473011
width: 0.01556420233463035
height: 0.03705397987191217
Area: 0.00014862887636569468
CentroidX: 0.1773
CentroidY: 0.7467
