Location: Sandro_Ⴏ_1.jpg_Gaussian-Closing.png
Component: component_1744666451163_301.png
centerX: 0.11767602166420482
centerY: 0.47587412587412586
width: 0.017232890201871
height: 0.02097902097902098
Area: 0.00010243326343769475
CentroidX: 0.1278
CentroidY: 0.4840
