Location: Sandro_Ⴏ_1.jpg_Gaussian-Closing.png
Component: component_1744666451210_475.png
centerX: 0.6514032496307238
centerY: 0.6968531468531468
width: 0.017232890201871
height: 0.022027972027972027
Area: 9.08987615043745e-05
CentroidX: 0.6598
CentroidY: 0.7051
