Location: Sandro_Ⴏ_2.jpg_Otsu.png
Component: component_1744666450657_429.png
centerX: 0.5938715953307393
centerY: 0.9007319304666057
width: 0.01848249027237354
height: 0.03385178408051235
Area: 0.0001208165866266051
CentroidX: 0.6048
CentroidY: 0.9135
