Location: Sandro_Ⴏ_2.jpg_Otsu.png
Component: component_1744666450592_143.png
centerX: 0.3463035019455253
centerY: 0.25022872827081427
width: 0.023346303501945526
height: 0.042086001829826164
Area: 0.00041918683094755804
CentroidX: 0.3610
CentroidY: 0.2669
