Location: Sandro_Ⴏ_2.jpg_Mean-Medain.png
Component: component_1744666451342_151.png
centerX: 0.9698443579766537
centerY: 0.25434583714547115
width: 0.02529182879377432
height: 0.03476669716376944
Area: 0.0003809171202665708
CentroidX: 0.9839
CentroidY: 0.2684
