Location: Sandro_Ⴏ_1.jpg_Gaussian-Closing.png
Component: component_1744666451136_286.png
centerX: 0.689807976366322
centerY: 0.45104895104895104
width: 0.01674052191038897
height: 0.025524475524475523
Area: 0.00010467130112624943
CentroidX: 0.6997
CentroidY: 0.4600
