Location: Sandro_Ⴏ_2.jpg_Mean-Medain.png
Component: component_1744666451313_39.png
centerX: 0.11429961089494163
centerY: 0.0626715462031107
width: 0.02821011673151751
height: 0.03385178408051235
Area: 0.000402721955422017
CentroidX: 0.1315
CentroidY: 0.0761
