Location: Sandro_Ⴏ_1.jpg_Mean-Medain.png
Component: component_1744666450977_597.png
centerX: 0.0915805022156573
centerY: 0.8479020979020979
width: 0.028557360905957656
height: 0.03006993006993007
Area: 0.0004212675556840993
CentroidX: 0.1083
CentroidY: 0.8606
