Location: Sandro_Ⴏ_1.jpg_Mean-Medain.png
Component: component_1744666450981_610.png
centerX: 0.275726243229936
centerY: 0.858041958041958
width: 0.023633677991137372
height: 0.026923076923076925
Area: 0.00034965034965034965
CentroidX: 0.2895
CentroidY: 0.8693
