Location: Sandro_Ⴏ_1.jpg_Gaussian-Closing.png
Component: component_1744666451237_600.png
centerX: 0.5076317085179715
centerY: 0.8395104895104896
width: 0.02117183653372723
height: 0.02902097902097902
Area: 0.00029783116932304525
CentroidX: 0.5207
CentroidY: 0.8523
