Location: Sandro_Ⴏ_1.jpg_Gaussian-Closing.png
Component: component_1744666451074_94.png
centerX: 0.5278188084687346
centerY: 0.14160839160839161
width: 0.029542097488921712
height: 0.032867132867132866
Area: 0.0004195459882313649
CentroidX: 0.5466
CentroidY: 0.1552
