Location: Sandro_Ⴏ_1.jpg_Mean-Medain.png
Component: component_1744666450720_32.png
centerX: 0.04775972427375677
centerY: 0.0479020979020979
width: 0.028064992614475627
height: 0.03076923076923077
Area: 0.0003913122820065213
CentroidX: 0.0656
CentroidY: 0.0594
