Location: Sandro_Ⴏ_1.jpg_Mean-Medain.png
Component: component_1744666451004_695.png
centerX: 0.9379615952732644
centerY: 0.9339160839160839
width: 0.01674052191038897
height: 0.023426573426573425
Area: 0.00014099637437894454
CentroidX: 0.9474
CentroidY: 0.9428
