Location: Sandro_Ⴏ_2.jpg_Mean-Medain.png
Component: component_1744666451395_363.png
centerX: 0.6473735408560312
centerY: 0.762580054894785
width: 0.017023346303501944
height: 0.04071363220494053
Area: 0.00015886379898967965
CentroidX: 0.6565
CentroidY: 0.7776
