Location: Sandro_Ⴏ_1.jpg_Mean-Medain.png
Component: component_1744666450919_413.png
centerX: 0.8916789758739537
centerY: 0.6227272727272727
width: 0.022648941408173313
height: 0.027972027972027972
Area: 0.0002881903915877328
CentroidX: 0.9054
CentroidY: 0.6339
