Location: Sandro_Ⴏ_1.jpg_Gaussian-Closing.png
Component: component_1744666451213_488.png
centerX: 0.006400787789266372
centerY: 0.7118881118881119
width: 0.015263417035942885
height: 0.022027972027972027
Area: 0.00010019522574914008
CentroidX: 0.0156
CentroidY: 0.7204
