Location: Sandro_Ⴏ_2.jpg_Mean-Medain.png
Component: component_1744666451321_70.png
centerX: 0.47616731517509725
centerY: 0.12259835315645014
width: 0.02480544747081712
height: 0.03476669716376944
Area: 0.00041495936290721644
CentroidX: 0.4899
CentroidY: 0.1365
