Location: Sandro_Ⴏ_1.jpg_Gaussian-Closing.png
Component: component_1744666451264_728.png
centerX: 0.03988183161004431
centerY: 0.9520979020979021
width: 0.012801575578532743
height: 0.022027972027972027
Area: 9.072660475910107e-05
CentroidX: 0.0470
CentroidY: 0.9613
