Location: Sandro_Ⴏ_1.jpg_Mean-Medain.png
Component: component_1744666450946_497.png
centerX: 0.3377646479566716
centerY: 0.7234265734265735
width: 0.015755785327424915
height: 0.02062937062937063
Area: 9.589130711730416e-05
CentroidX: 0.3455
CentroidY: 0.7318
