Location: Sandro_Ⴏ_1.jpg_Mean-Medain.png
Component: component_1744666450989_638.png
centerX: 0.8778926637124569
centerY: 0.893006993006993
width: 0.026095519448547513
height: 0.028321678321678322
Area: 0.00028268137573898285
CentroidX: 0.8939
CentroidY: 0.9049
