Location: Sandro_Ⴏ_2.jpg_Mean-Medain.png
Component: component_1744666451329_103.png
centerX: 0.24173151750972763
centerY: 0.18115279048490393
width: 0.024319066147859923
height: 0.03385178408051235
Area: 0.00039738199579211184
CentroidX: 0.2560
CentroidY: 0.1941
