Location: Sandro_Ⴏ_2.jpg_Otsu.png
Component: component_1744666450594_154.png
centerX: 0.05496108949416342
centerY: 0.302836230558097
width: 0.024319066147859923
height: 0.04117108874656908
Area: 0.0004808188650093805
CentroidX: 0.0701
CentroidY: 0.3197
