Location: Sandro_Ⴏ_1.jpg_Gaussian-Closing.png
Component: component_1744666451221_520.png
centerX: 0.8552437223042836
centerY: 0.7405594405594406
width: 0.018709995076317085
height: 0.017132867132867134
Area: 0.0001031218904187885
CentroidX: 0.8644
CentroidY: 0.7474
