Location: Sandro_Ⴏ_2.jpg_Mean-Medain.png
Component: component_1744666451389_337.png
centerX: 0.8482490272373541
centerY: 0.7090576395242452
width: 0.017023346303501944
height: 0.03339432753888381
Area: 0.00013594647224466982
CentroidX: 0.8565
CentroidY: 0.7223
