Location: Sandro_Ⴏ_1.jpg_Gaussian-Closing.png
Component: component_1744666451127_263.png
centerX: 0.053175775480059084
centerY: 0.4286713286713287
width: 0.014771048744460856
height: 0.02902097902097902
Area: 0.00010019522574914008
CentroidX: 0.0630
CentroidY: 0.4406
