Location: Sandro_Ⴏ_2.jpg_Mean-Medain.png
Component: component_1744666451369_255.png
centerX: 0.8949416342412452
centerY: 0.505032021957914
width: 0.0306420233463035
height: 0.03751143641354071
Area: 0.0005491258486085845
CentroidX: 0.9109
CentroidY: 0.5201
