Location: Sandro_Ⴏ_1.jpg_Mean-Medain.png
Component: component_1744666450931_458.png
centerX: 0.3229935992122107
centerY: 0.679020979020979
width: 0.01624815361890694
height: 0.025874125874125874
Area: 9.830150155113227e-05
CentroidX: 0.3314
CentroidY: 0.6886
