Location: Sandro_Ⴏ_2.jpg_Gaussian-Median.png
Component: component_1744666450236_286.png
centerX: 0.07295719844357977
centerY: 0.6061299176578225
width: 0.027237354085603113
height: 0.04025617566331199
Area: 0.0005001762186677869
CentroidX: 0.0894
CentroidY: 0.6229
