Location: Sandro_Ⴏ_2.jpg_Otsu.png
Component: component_1744666450644_378.png
centerX: 0.029182879377431907
centerY: 0.7863677950594693
width: 0.011186770428015564
height: 0.03979871912168344
Area: 0.00011035916568470743
CentroidX: 0.0350
CentroidY: 0.8043
