Location: Sandro_Ⴏ_2.jpg_Mean-Medain.png
Component: component_1744666451404_401.png
centerX: 0.8613813229571985
centerY: 0.8485818847209515
width: 0.01799610894941634
height: 0.03705397987191217
Area: 0.00014862887636569468
CentroidX: 0.8715
CentroidY: 0.8633
