Location: Sandro_Ⴏ_2.jpg_Gaussian-Median.png
Component: component_1744666450213_209.png
centerX: 0.18044747081712062
centerY: 0.42131747483989024
width: 0.027237354085603113
height: 0.04757548032936871
Area: 0.0006103128860345815
CentroidX: 0.1967
CentroidY: 0.4401
