Location: Sandro_Ⴏ_1.jpg_Gaussian-Closing.png
Component: component_1744666451239_608.png
centerX: 0.7646479566715904
centerY: 0.8475524475524475
width: 0.0241260462826194
height: 0.028671328671328673
Area: 0.0003248597783309748
CentroidX: 0.7787
CentroidY: 0.8604
