Location: Sandro_Ⴏ_1.jpg_Mean-Medain.png
Component: component_1744666450957_532.png
centerX: 0.42294436238306254
centerY: 0.7615384615384615
width: 0.025603151157065487
height: 0.028321678321678322
Area: 0.00033071310767027163
CentroidX: 0.4379
CentroidY: 0.7735
