Location: Sandro_Ⴏ_1.jpg_Mean-Medain.png
Component: component_1744666451011_727.png
centerX: 0.40275726243229937
centerY: 0.9573426573426573
width: 0.01674052191038897
height: 0.023076923076923078
Area: 0.00010880306301281191
CentroidX: 0.4124
CentroidY: 0.9657
