Location: Sandro_Ⴏ_2.jpg_Otsu.png
Component: component_1744666450576_74.png
centerX: 0.441147859922179
centerY: 0.12580054894784995
width: 0.02188715953307393
height: 0.04025617566331199
Area: 0.00039359952438759564
CentroidX: 0.4539
CentroidY: 0.1423
