Location: Sandro_Ⴏ_2.jpg_Gaussian-Median.png
Component: component_1744666450230_259.png
centerX: 0.019455252918287938
centerY: 0.5430009149130832
width: 0.029669260700389104
height: 0.04162854528819762
Area: 0.0004674689659346175
CentroidX: 0.0390
CentroidY: 0.5598
