Location: Sandro_Ⴏ_1.jpg_Gaussian-Closing.png
Component: component_1744666451192_399.png
centerX: 0.28360413589364847
centerY: 0.5958041958041959
width: 0.024618414574101428
height: 0.03076923076923077
Area: 0.0003455185877637872
CentroidX: 0.2985
CentroidY: 0.6085
