Location: Sandro_Ⴏ_2.jpg_Mean-Medain.png
Component: component_1744666451346_172.png
centerX: 0.7086575875486382
centerY: 0.3092406221408966
width: 0.025778210116731516
height: 0.03751143641354071
Area: 0.00046079401639723605
CentroidX: 0.7212
CentroidY: 0.3243
