Location: Sandro_Ⴏ_1.jpg_Mean-Medain.png
Component: component_1744666450727_50.png
centerX: 0.397341211225997
centerY: 0.08566433566433566
width: 0.026095519448547513
height: 0.032517482517482516
Area: 0.0003820158177617557
CentroidX: 0.4144
CentroidY: 0.0984
