Location: Sandro_Ⴏ_1.jpg_Gaussian-Closing.png
Component: component_1744666451177_342.png
centerX: 0.20285573609059576
centerY: 0.5122377622377622
width: 0.027572624322993598
height: 0.032517482517482516
Area: 0.00039027934153488067
CentroidX: 0.2184
CentroidY: 0.5253
