Location: Sandro_Ⴏ_2.jpg_Mean-Medain.png
Component: component_1744666451331_111.png
centerX: 0.38861867704280156
centerY: 0.1838975297346752
width: 0.026264591439688716
height: 0.039341262580054895
Area: 0.0004632414978942759
CentroidX: 0.4041
CentroidY: 0.2000
