Location: Sandro_Ⴏ_1.jpg_Gaussian-Closing.png
Component: component_1744666451247_651.png
centerX: 0.31314623338257014
centerY: 0.8961538461538462
width: 0.015755785327424915
height: 0.023776223776223775
Area: 9.434189640984323e-05
CentroidX: 0.3226
CentroidY: 0.9048
