Location: Sandro_Ⴏ_1.jpg_Gaussian-Closing.png
Component: component_1744666451194_407.png
centerX: 0.5504677498769079
centerY: 0.6094405594405594
width: 0.023633677991137372
height: 0.031818181818181815
Area: 0.0003370829072453888
CentroidX: 0.5643
CentroidY: 0.6227
