Location: Sandro_Ⴏ_2.jpg_Mean-Medain.png
Component: component_1744666451380_296.png
centerX: 0.5019455252918288
centerY: 0.6230558096980787
width: 0.029669260700389104
height: 0.04071363220494053
Area: 0.0005266535184994002
CentroidX: 0.5197
CentroidY: 0.6398
