Location: Sandro_Ⴏ_1.jpg_Mean-Medain.png
Component: component_1744666450974_588.png
centerX: 0.4273756770064008
centerY: 0.8311188811188811
width: 0.023633677991137372
height: 0.032867132867132866
Area: 0.0003969934546005447
CentroidX: 0.4407
CentroidY: 0.8444
