Location: Sandro_Ⴏ_1.jpg_Mean-Medain.png
Component: component_1744666450719_26.png
centerX: 0.3584441161989168
centerY: 0.043006993006993004
width: 0.023141309699655343
height: 0.03566433566433566
Area: 0.0003353613397926544
CentroidX: 0.3721
CentroidY: 0.0578
