Location: Sandro_Ⴏ_2.jpg_Gaussian-Median.png
Component: component_1744666450242_318.png
centerX: 0.3531128404669261
centerY: 0.6747483989021043
width: 0.017509727626459144
height: 0.035681610247026534
Area: 0.00013572397392675711
CentroidX: 0.3634
CentroidY: 0.6886
