Location: Sandro_Ⴏ_1.jpg_Gaussian-Closing.png
Component: component_1744666451256_691.png
centerX: 0.8581979320531757
centerY: 0.9248251748251748
width: 0.015263417035942885
height: 0.025174825174825177
Area: 0.00011568933282374936
CentroidX: 0.8677
CentroidY: 0.9341
