Location: Sandro_Ⴏ_2.jpg_Otsu.png
Component: component_1744666450587_125.png
centerX: 0.17315175097276264
centerY: 0.2415370539798719
width: 0.025778210116731516
height: 0.042543458371454713
Area: 0.0004792613767839915
CentroidX: 0.1883
CentroidY: 0.2591
