Location: Sandro_Ⴏ_1.jpg_Gaussian-Closing.png
Component: component_1744666451191_392.png
centerX: 0.13244707040866568
centerY: 0.5902097902097903
width: 0.021664204825209258
height: 0.031118881118881118
Area: 0.000286296667389725
CentroidX: 0.1468
CentroidY: 0.6030
