Location: Sandro_Ⴏ_1.jpg_Gaussian-Closing.png
Component: component_1744666451246_647.png
centerX: 0.8778926637124569
centerY: 0.893006993006993
width: 0.026095519448547513
height: 0.028321678321678322
Area: 0.0002787217705976938
CentroidX: 0.8939
CentroidY: 0.9048
