Location: Sandro_Ⴏ_2.jpg_Otsu.png
Component: component_1744666450622_263.png
centerX: 0.2723735408560311
centerY: 0.5526075022872827
width: 0.02821011673151751
height: 0.035224153705397984
Area: 0.0004605715180793233
CentroidX: 0.2881
CentroidY: 0.5669
