Location: Sandro_Ⴏ_2.jpg_Gaussian-Median.png
Component: component_1744666450193_136.png
centerX: 0.8258754863813229
centerY: 0.24473924977127173
width: 0.02091439688715953
height: 0.03979871912168344
Area: 0.00036178226492607717
CentroidX: 0.8369
CentroidY: 0.2616
