Location: Sandro_Ⴏ_1.jpg_Gaussian-Closing.png
Component: component_1744666451097_181.png
centerX: 0.6568193008370261
centerY: 0.2699300699300699
width: 0.028557360905957656
height: 0.03041958041958042
Area: 0.00038442601219558384
CentroidX: 0.6737
CentroidY: 0.2833
