Location: Sandro_Ⴏ_2.jpg_Gaussian-Median.png
Component: component_1744666450230_255.png
centerX: 0.9392023346303502
centerY: 0.5054894784995425
width: 0.029669260700389104
height: 0.0384263494967978
Area: 0.0004921662792229291
CentroidX: 0.9557
CentroidY: 0.5204
