Location: Sandro_Ⴏ_2.jpg_Mean-Medain.png
Component: component_1744666451403_398.png
centerX: 0.6473735408560312
centerY: 0.8453796889295517
width: 0.017023346303501944
height: 0.036139066788655076
Area: 0.00015374633767768715
CentroidX: 0.6566
CentroidY: 0.8605
