Location: Sandro_Ⴏ_2.jpg_Gaussian-Median.png
Component: component_1744666450195_145.png
centerX: 0.3463035019455253
centerY: 0.24977127172918573
width: 0.023346303501945526
height: 0.043000914913083256
Area: 0.00044254915432839325
CentroidX: 0.3610
CentroidY: 0.2669
