Location: Sandro_Ⴏ_1.jpg_Mean-Medain.png
Component: component_1744666450886_322.png
centerX: 0.638601674052191
centerY: 0.49230769230769234
width: 0.01772525849335303
height: 0.02027972027972028
Area: 9.399758291929636e-05
CentroidX: 0.6481
CentroidY: 0.5005
