Location: Sandro_Ⴏ_1.jpg_Mean-Medain.png
Component: component_1744666450757_117.png
centerX: 0.8493353028064993
centerY: 0.17902097902097902
width: 0.015263417035942885
height: 0.023776223776223775
Area: 0.00010226110669242131
CentroidX: 0.8579
CentroidY: 0.1878
