Location: Sandro_Ⴏ_1.jpg_Gaussian-Closing.png
Component: component_1744666451103_198.png
centerX: 0.8424421467257509
centerY: 0.31258741258741257
width: 0.022156573116691284
height: 0.033216783216783216
Area: 0.0003093656712563655
CentroidX: 0.8551
CentroidY: 0.3255
