Location: Sandro_Ⴏ_2.jpg_Gaussian-Median.png
Component: component_1744666450232_267.png
centerX: 0.3560311284046693
centerY: 0.5576395242451967
width: 0.028696498054474707
height: 0.039341262580054895
Area: 0.0005146386093321134
CentroidX: 0.3732
CentroidY: 0.5736
