Location: Sandro_Ⴏ_1.jpg_Mean-Medain.png
Component: component_1744666450941_475.png
centerX: 0.8183161004431314
centerY: 0.701048951048951
width: 0.01772525849335303
height: 0.02062937062937063
Area: 0.00010467130112624943
CentroidX: 0.8265
CentroidY: 0.7094
