Location: Sandro_Ⴏ_1.jpg_Gaussian-Closing.png
Component: component_1744666451054_11.png
centerX: 0.12900049236829148
centerY: 0.006993006993006993
width: 0.03003446578040374
height: 0.03006993006993007
Area: 0.0003937224764403494
CentroidX: 0.1480
CentroidY: 0.0189
