Location: Sandro_Ⴏ_2.jpg_Mean-Medain.png
Component: component_1744666451367_251.png
centerX: 0.8521400778210116
centerY: 0.5032021957913998
width: 0.0306420233463035
height: 0.03751143641354071
Area: 0.0005386684276666869
CentroidX: 0.8695
CentroidY: 0.5182
