Location: Sandro_Ⴏ_2.jpg_Mean-Medain.png
Component: component_1744666451360_229.png
centerX: 0.556420233463035
centerY: 0.4377859103385178
width: 0.02480544747081712
height: 0.04940530649588289
Area: 0.0005744906568506342
CentroidX: 0.5705
CentroidY: 0.4579
