Location: Sandro_Ⴏ_1.jpg_Mean-Medain.png
Component: component_1744666450827_186.png
centerX: 0.03988183161004431
centerY: 0.2993006993006993
width: 0.026587887740029542
height: 0.02937062937062937
Area: 0.0003508554468672637
CentroidX: 0.0566
CentroidY: 0.3105
