Location: Sandro_Ⴏ_1.jpg_Mean-Medain.png
Component: component_1744666450710_2.png
centerX: 0.21565731166912852
centerY: 0.004545454545454545
width: 0.03249630723781388
height: 0.032167832167832165
Area: 0.00041885736125027114
CentroidX: 0.2354
CentroidY: 0.0180
