Location: Sandro_Ⴏ_1.jpg_Mean-Medain.png
Component: component_1744666450798_157.png
centerX: 0.8513047759724274
centerY: 0.22447552447552446
width: 0.019202363367799114
height: 0.024475524475524476
Area: 0.00010053953923968695
CentroidX: 0.8623
CentroidY: 0.2333
