Location: Sandro_Ⴏ_1.jpg_Gaussian-Closing.png
Component: component_1744666451233_582.png
centerX: 0.007385524372230428
centerY: 0.8118881118881119
width: 0.026587887740029542
height: 0.03041958041958042
Area: 0.0004009530597418337
CentroidX: 0.0226
CentroidY: 0.8258
