Location: Sandro_Ⴏ_1.jpg_Mean-Medain.png
Component: component_1744666450723_39.png
centerX: 0.2220580994583949
centerY: 0.04825174825174825
width: 0.02708025603151157
height: 0.02762237762237762
Area: 0.0003682432781398808
CentroidX: 0.2391
CentroidY: 0.0589
