Location: Sandro_Ⴏ_1.jpg_Gaussian-Closing.png
Component: component_1744666451248_655.png
centerX: 0.9522402757262433
centerY: 0.8996503496503496
width: 0.0206794682422452
height: 0.02727272727272727
Area: 0.0002656378579569126
CentroidX: 0.9642
CentroidY: 0.9108
