Location: Sandro_Ⴏ_1.jpg_Mean-Medain.png
Component: component_1744666450861_250.png
centerX: 0.5307730182176268
centerY: 0.40314685314685317
width: 0.024618414574101428
height: 0.03636363636363636
Area: 0.0004062899188453103
CentroidX: 0.5465
CentroidY: 0.4186
