Location: Sandro_Ⴏ_2.jpg_Otsu.png
Component: component_1744666450623_269.png
centerX: 0.686284046692607
centerY: 0.5631290027447392
width: 0.02821011673151751
height: 0.04025617566331199
Area: 0.0005150836059679389
CentroidX: 0.7026
CentroidY: 0.5794
