Location: Sandro_Ⴏ_1.jpg_Gaussian-Closing.png
Component: component_1744666451236_597.png
centerX: 0.3850320039389463
centerY: 0.829020979020979
width: 0.024618414574101428
height: 0.032167832167832165
Area: 0.0003432805500752325
CentroidX: 0.3998
CentroidY: 0.8421
