Location: Sandro_Ⴏ_1.jpg_Mean-Medain.png
Component: component_1744666450958_533.png
centerX: 0.5332348596750369
centerY: 0.7618881118881119
width: 0.024618414574101428
height: 0.032517482517482516
Area: 0.000369104061866248
CentroidX: 0.5479
CentroidY: 0.7756
