Location: Sandro_Ⴏ_1.jpg_Gaussian-Closing.png
Component: component_1744666451254_679.png
centerX: 0.8286558345642541
centerY: 0.9188811188811189
width: 0.01674052191038897
height: 0.024825174825174826
Area: 0.00011396776537101501
CentroidX: 0.8382
CentroidY: 0.9283
