Location: Sandro_Ⴏ_2.jpg_Otsu.png
Component: component_1744666450602_185.png
centerX: 0.8321984435797666
centerY: 0.36230558096980786
width: 0.025778210116731516
height: 0.042086001829826164
Area: 0.0005090761513842955
CentroidX: 0.8459
CentroidY: 0.3800
