Location: Sandro_Ⴏ_2.jpg_Otsu.png
Component: component_1744666450562_8.png
centerX: 0.5126459143968871
centerY: 0.005032021957913998
width: 0.026264591439688716
height: 0.03796889295516926
Area: 0.0004316467367506702
CentroidX: 0.5279
CentroidY: 0.0212
