Location: Sandro_Ⴏ_2.jpg_Gaussian-Median.png
Component: component_1744666450194_143.png
centerX: 0.42023346303501946
centerY: 0.24794144556267156
width: 0.026264591439688716
height: 0.04483074107959744
Area: 0.0005206460639157568
CentroidX: 0.4355
CentroidY: 0.2657
