Location: Sandro_Ⴏ_1.jpg_Gaussian-Closing.png
Component: component_1744666451207_456.png
centerX: 0.24076809453471196
centerY: 0.6758741258741259
width: 0.019694731659281144
height: 0.022727272727272728
Area: 0.0001012281662207807
CentroidX: 0.2519
CentroidY: 0.6843
