Location: Sandro_Ⴏ_1.jpg_Mean-Medain.png
Component: component_1744666450729_56.png
centerX: 0.35499753815854257
centerY: 0.08741258741258741
width: 0.02018709995076317
height: 0.02762237762237762
Area: 0.0003103986117280061
CentroidX: 0.3673
CentroidY: 0.0985
