Location: Sandro_Ⴏ_1.jpg_Mean-Medain.png
Component: component_1744666450910_383.png
centerX: 0.8197932053175776
centerY: 0.577972027972028
width: 0.024618414574101428
height: 0.03076923076923077
Area: 0.0003128088061618342
CentroidX: 0.8336
CentroidY: 0.5903
