Location: Sandro_Ⴏ_2.jpg_Mean-Medain.png
Component: component_1744666451364_244.png
centerX: 0.38715953307393
centerY: 0.4990850869167429
width: 0.027237354085603113
height: 0.03339432753888381
Area: 0.00043097924179693204
CentroidX: 0.4021
CentroidY: 0.5140
