Location: Sandro_Ⴏ_2.jpg_Mean-Medain.png
Component: component_1744666451377_282.png
centerX: 0.605544747081712
centerY: 0.5695333943275389
width: 0.026750972762645913
height: 0.0384263494967978
Area: 0.0004449966358254332
CentroidX: 0.6209
CentroidY: 0.5849
