Location: Sandro_Ⴏ_1.jpg_Mean-Medain.png
Component: component_1744666450955_523.png
centerX: 0.9379615952732644
centerY: 0.7440559440559441
width: 0.018709995076317085
height: 0.019580419580419582
Area: 0.00010622071183371035
CentroidX: 0.9486
CentroidY: 0.7517
