Location: Sandro_Ⴏ_1.jpg_Gaussian-Closing.png
Component: component_1744666451250_665.png
centerX: 0.5573609059576563
centerY: 0.9101398601398601
width: 0.017232890201871
height: 0.022027972027972027
Area: 0.0001069093388148041
CentroidX: 0.5670
CentroidY: 0.9184
