Location: Sandro_Ⴏ_1.jpg_Mean-Medain.png
Component: component_1744666450972_580.png
centerX: 0.8936484490398818
centerY: 0.8178321678321678
width: 0.021664204825209258
height: 0.023776223776223775
Area: 0.000230690038666405
CentroidX: 0.9063
CentroidY: 0.8267
