Location: Sandro_Ⴏ_2.jpg_Gaussian-Median.png
Component: component_1744666450202_170.png
centerX: 0.5257782101167315
centerY: 0.3101555352241537
width: 0.024319066147859923
height: 0.03979871912168344
Area: 0.00040049697224288984
CentroidX: 0.5402
CentroidY: 0.3267
