Location: Sandro_Ⴏ_1.jpg_Mean-Medain.png
Component: component_1744666450840_210.png
centerX: 0.9394387001477105
centerY: 0.3195804195804196
width: 0.0103397341211226
height: 0.011188811188811189
Area: 4.321134306363258e-05
CentroidX: 0.9440
CentroidY: 0.3248
