Location: Sandro_Ⴏ_2.jpg_Gaussian-Median.png
Component: component_1744666450172_41.png
centerX: 0.2850194552529183
centerY: 0.06312900274473925
width: 0.023346303501945526
height: 0.03979871912168344
Area: 0.0003931545277517702
CentroidX: 0.2994
CentroidY: 0.0806
