Location: Sandro_Ⴏ_2.jpg_Otsu.png
Component: component_1744666450615_236.png
centerX: 0.18433852140077822
centerY: 0.484903934126258
width: 0.028696498054474707
height: 0.043458371454711806
Area: 0.0005284335050427019
CentroidX: 0.2014
CentroidY: 0.5022
