Location: Sandro_Ⴏ_2.jpg_Gaussian-Median.png
Component: component_1744666450201_167.png
centerX: 0.28647859922178986
centerY: 0.3074107959743824
width: 0.025778210116731516
height: 0.042543458371454713
Area: 0.0004961712489453579
CentroidX: 0.3024
CentroidY: 0.3247
