Location: Sandro_Ⴏ_1.jpg_Mean-Medain.png
Component: component_1744666450892_345.png
centerX: 0.40078778926637126
centerY: 0.5209790209790209
width: 0.024618414574101428
height: 0.03426573426573427
Area: 0.00038115503403538854
CentroidX: 0.4144
CentroidY: 0.5346
