Location: Sandro_Ⴏ_1.jpg_Mean-Medain.png
Component: component_1744666450988_635.png
centerX: 0.13540128015755784
centerY: 0.8909090909090909
width: 0.019694731659281144
height: 0.022377622377622378
Area: 0.0001082865927769916
CentroidX: 0.1473
CentroidY: 0.8988
