Location: Sandro_Ⴏ_1.jpg_Mean-Medain.png
Component: component_1744666450932_460.png
centerX: 0.35056622353520434
centerY: 0.6811188811188811
width: 0.01674052191038897
height: 0.023426573426573425
Area: 9.726856107949166e-05
CentroidX: 0.3593
CentroidY: 0.6903
