Location: Sandro_Ⴏ_1.jpg_Gaussian-Closing.png
Component: component_1744666451116_231.png
centerX: 0.8064992614475628
centerY: 0.36433566433566433
width: 0.025110782865583457
height: 0.02762237762237762
Area: 0.0003370829072453888
CentroidX: 0.8213
CentroidY: 0.3758
