Location: Sandro_Ⴏ_2.jpg_Otsu.png
Component: component_1744666450618_243.png
centerX: 0.7193579766536965
centerY: 0.5004574565416285
width: 0.032101167315175094
height: 0.03751143641354071
Area: 0.0005084086564305574
CentroidX: 0.7369
CentroidY: 0.5150
