Location: Sandro_Ⴏ_2.jpg_Mean-Medain.png
Component: component_1744666451342_150.png
centerX: 0.9328793774319066
centerY: 0.25114364135407136
width: 0.023346303501945526
height: 0.039341262580054895
Area: 0.0004198543259012962
CentroidX: 0.9460
CentroidY: 0.2674
