Location: Sandro_Ⴏ_1.jpg_Mean-Medain.png
Component: component_1744666450884_315.png
centerX: 0.4451009354997538
centerY: 0.48426573426573427
width: 0.01624815361890694
height: 0.026223776223776224
Area: 0.00011035247372027284
CentroidX: 0.4538
CentroidY: 0.4940
