Location: Sandro_Ⴏ_2.jpg_Otsu.png
Component: component_1744666450568_34.png
centerX: 0.0038910505836575876
centerY: 0.06221408966148216
width: 0.023346303501945526
height: 0.03476669716376944
Area: 0.00035577481034243383
CentroidX: 0.0180
CentroidY: 0.0766
