Location: Sandro_Ⴏ_1.jpg_Mean-Medain.png
Component: component_1744666450770_140.png
centerX: 0.09945839487936976
centerY: 0.21853146853146854
width: 0.017232890201871
height: 0.024125874125874126
Area: 0.000104499144380976
CentroidX: 0.1100
CentroidY: 0.2282
