Location: Sandro_Ⴏ_1.jpg_Gaussian-Closing.png
Component: component_1744666451075_96.png
centerX: 0.6528803545051699
centerY: 0.1437062937062937
width: 0.0206794682422452
height: 0.028671328671328673
Area: 0.00028560804040863127
CentroidX: 0.6661
CentroidY: 0.1555
