Location: Sandro_Ⴏ_2.jpg_Gaussian-Median.png
Component: component_1744666450215_218.png
centerX: 0.8044747081712063
centerY: 0.42909423604757546
width: 0.025778210116731516
height: 0.042543458371454713
Area: 0.0005106336396096846
CentroidX: 0.8181
CentroidY: 0.4472
