Location: Sandro_Ⴏ_2.jpg_Mean-Medain.png
Component: component_1744666451397_371.png
centerX: 0.8900778210116731
centerY: 0.7708142726440989
width: 0.01799610894941634
height: 0.0484903934126258
Area: 0.00017532867451522065
CentroidX: 0.9012
CentroidY: 0.7899
