Location: Sandro_Ⴏ_2.jpg_Otsu.png
Component: component_1744666450619_251.png
centerX: 0.5924124513618677
centerY: 0.5054894784995425
width: 0.0311284046692607
height: 0.03705397987191217
Area: 0.0004808188650093805
CentroidX: 0.6109
CentroidY: 0.5206
