Location: Sandro_Ⴏ_1.jpg_Mean-Medain.png
Component: component_1744666450953_518.png
centerX: 0.005908419497784343
centerY: 0.7416083916083916
width: 0.023633677991137372
height: 0.028671328671328673
Area: 0.0003253762485667951
CentroidX: 0.0199
CentroidY: 0.7536
