Location: Sandro_Ⴏ_1.jpg_Mean-Medain.png
Component: component_1744666450759_119.png
centerX: 0.006893156080748399
centerY: 0.18076923076923077
width: 0.018709995076317085
height: 0.024825174825174826
Area: 0.00011861599749339779
CentroidX: 0.0193
CentroidY: 0.1900
