Location: Sandro_Ⴏ_1.jpg_Mean-Medain.png
Component: component_1744666450891_341.png
centerX: 0.241752831117676
centerY: 0.5132867132867133
width: 0.0241260462826194
height: 0.03076923076923077
Area: 0.0003682432781398808
CentroidX: 0.2545
CentroidY: 0.5258
