Location: Sandro_Ⴏ_1.jpg_Mean-Medain.png
Component: component_1744666450775_147.png
centerX: 0.1329394387001477
centerY: 0.2202797202797203
width: 0.015755785327424915
height: 0.023426573426573425
Area: 9.864581504167914e-05
CentroidX: 0.1430
CentroidY: 0.2290
