Location: Sandro_Ⴏ_1.jpg_Mean-Medain.png
Component: component_1744666450765_127.png
centerX: 0.7720334810438207
centerY: 0.18356643356643357
width: 0.014771048744460856
height: 0.024475524475524476
Area: 9.881797178695258e-05
CentroidX: 0.7807
CentroidY: 0.1928
