Location: Sandro_Ⴏ_1.jpg_Gaussian-Closing.png
Component: component_1744666451096_176.png
centerX: 0.7740029542097489
centerY: 0.2653846153846154
width: 0.023633677991137372
height: 0.033566433566433566
Area: 0.00034465780403742
CentroidX: 0.7874
CentroidY: 0.2786
