Location: Sandro_Ⴏ_1.jpg_Mean-Medain.png
Component: component_1744666450755_111.png
centerX: 0.21861152141802068
centerY: 0.17797202797202796
width: 0.01772525849335303
height: 0.026573426573426574
Area: 0.00010329404716406194
CentroidX: 0.2303
CentroidY: 0.1875
