Location: Sandro_Ⴏ_1.jpg_Mean-Medain.png
Component: component_1744666451012_731.png
centerX: 0.5228951255539144
centerY: 0.9597902097902098
width: 0.01674052191038897
height: 0.025174825174825177
Area: 0.00010759796579589785
CentroidX: 0.5317
CentroidY: 0.9684
