Location: Sandro_Ⴏ_2.jpg_Otsu.png
Component: component_1744666450625_276.png
centerX: 0.5189688715953308
centerY: 0.5677035681610247
width: 0.029182879377431907
height: 0.03888380603842635
Area: 0.0004834888448243331
CentroidX: 0.5361
CentroidY: 0.5830
