Location: Sandro_Ⴏ_1.jpg_Gaussian-Closing.png
Component: component_1744666451121_245.png
centerX: 0.3397341211225997
centerY: 0.3951048951048951
width: 0.023633677991137372
height: 0.033216783216783216
Area: 0.0003969934546005447
CentroidX: 0.3541
CentroidY: 0.4094
