Location: Sandro_Ⴏ_2.jpg_Mean-Medain.png
Component: component_1744666451407_412.png
centerX: 0.18044747081712062
centerY: 0.8659652333028363
width: 0.015077821011673152
height: 0.036139066788655076
Area: 0.0001314965058864155
CentroidX: 0.1905
CentroidY: 0.8801
