Location: Sandro_Ⴏ_2.jpg_Otsu.png
Component: component_1744666450630_302.png
centerX: 0.8959143968871596
centerY: 0.6290027447392498
width: 0.025778210116731516
height: 0.03979871912168344
Area: 0.0004496691005016002
CentroidX: 0.9102
CentroidY: 0.6449
