Location: Sandro_Ⴏ_1.jpg_Mean-Medain.png
Component: component_1744666450985_624.png
centerX: 0.724273756770064
centerY: 0.8797202797202798
width: 0.024618414574101428
height: 0.022727272727272728
Area: 0.00027854961385242034
CentroidX: 0.7389
CentroidY: 0.8891
