Location: Sandro_Ⴏ_2.jpg_Gaussian-Median.png
Component: component_1744666450368_404.png
centerX: 0.029182879377431907
centerY: 0.8568161024702653
width: 0.019455252918287938
height: 0.03339432753888381
Area: 0.00015508132758516345
CentroidX: 0.0410
CentroidY: 0.8698
