Location: Sandro_Ⴏ_2.jpg_Otsu.png
Component: component_1744666450597_165.png
centerX: 0.7835603112840467
centerY: 0.3069533394327539
width: 0.023832684824902722
height: 0.03796889295516926
Area: 0.0004076169184160968
CentroidX: 0.7962
CentroidY: 0.3218
