Location: Sandro_Ⴏ_2.jpg_Gaussian-Median.png
Component: component_1744666450167_16.png
centerX: 0.6658560311284046
centerY: 0.005946935041171089
width: 0.026264591439688716
height: 0.04025617566331199
Area: 0.0004334267232939719
CentroidX: 0.6811
CentroidY: 0.0222
