Location: Sandro_Ⴏ_1.jpg_Mean-Medain.png
Component: component_1744666450959_536.png
centerX: 0.6120137863121615
centerY: 0.7643356643356644
width: 0.019202363367799114
height: 0.03146853146853147
Area: 0.00027906608408824067
CentroidX: 0.6241
CentroidY: 0.7778
