Location: Sandro_Ⴏ_2.jpg_Mean-Medain.png
Component: component_1744666451350_191.png
centerX: 0.7120622568093385
centerY: 0.36322049405306495
width: 0.02821011673151751
height: 0.043000914913083256
Area: 0.0005569132897355296
CentroidX: 0.7270
CentroidY: 0.3806
