Location: Sandro_Ⴏ_2.jpg_Otsu.png
Component: component_1744666450568_37.png
centerX: 0.1517509727626459
centerY: 0.06358645928636779
width: 0.027237354085603113
height: 0.035224153705397984
Area: 0.0003822521101740471
CentroidX: 0.1685
CentroidY: 0.0782
