Location: Sandro_Ⴏ_1.jpg_Mean-Medain.png
Component: component_1744666450974_587.png
centerX: 0.3850320039389463
centerY: 0.829020979020979
width: 0.024618414574101428
height: 0.032167832167832165
Area: 0.00034672368498070124
CentroidX: 0.3997
CentroidY: 0.8419
