Location: Sandro_Ⴏ_1.jpg_Mean-Medain.png
Component: component_1744666450720_30.png
centerX: 0.5657311669128509
centerY: 0.046153846153846156
width: 0.021664204825209258
height: 0.03041958041958042
Area: 0.0003140139033787483
CentroidX: 0.5793
CentroidY: 0.0590
