Location: Sandro_Ⴏ_1.jpg_Mean-Medain.png
Component: component_1744666450981_611.png
centerX: 0.31166912850812406
centerY: 0.8590909090909091
width: 0.023633677991137372
height: 0.026923076923076925
Area: 0.0003422476096035919
CentroidX: 0.3255
CentroidY: 0.8705
