Location: Sandro_Ⴏ_2.jpg_Mean-Medain.png
Component: component_1744666451344_165.png
centerX: 0.21060311284046693
centerY: 0.3060384263494968
width: 0.023832684824902722
height: 0.04071363220494053
Area: 0.0004832663465064204
CentroidX: 0.2250
CentroidY: 0.3222
