Location: Sandro_Ⴏ_1.jpg_Mean-Medain.png
Component: component_1744666450908_375.png
centerX: 0.5125553914327917
centerY: 0.5664335664335665
width: 0.02708025603151157
height: 0.03041958041958042
Area: 0.0003338119290851935
CentroidX: 0.5296
CentroidY: 0.5786
