Location: Sandro_Ⴏ_2.jpg_Otsu.png
Component: component_1744666450574_65.png
centerX: 0.1867704280155642
centerY: 0.12305580969807868
width: 0.023832684824902722
height: 0.0343092406221409
Area: 0.0003555523120245211
CentroidX: 0.2007
CentroidY: 0.1367
