Location: Sandro_Ⴏ_1.jpg_Gaussian-Closing.png
Component: component_1744666451078_111.png
centerX: 0.10044313146233383
centerY: 0.17797202797202796
width: 0.015263417035942885
height: 0.02762237762237762
Area: 0.00010759796579589785
CentroidX: 0.1109
CentroidY: 0.1883
