Location: Sandro_Ⴏ_2.jpg_Otsu.png
Component: component_1744666450632_311.png
centerX: 0.1833657587548638
centerY: 0.6710887465690759
width: 0.01799610894941634
height: 0.03476669716376944
Area: 0.0001261565462565103
CentroidX: 0.1927
CentroidY: 0.6846
