Location: Sandro_Ⴏ_1.jpg_Gaussian-Closing.png
Component: component_1744666451267_740.png
centerX: 0.5228951255539144
centerY: 0.9597902097902098
width: 0.01624815361890694
height: 0.025174825174825177
Area: 0.00011706658678593686
CentroidX: 0.5318
CentroidY: 0.9691
