Location: Sandro_Ⴏ_1.jpg_Mean-Medain.png
Component: component_1744666450941_477.png
centerX: 0.7321516494337764
centerY: 0.7024475524475524
width: 0.01772525849335303
height: 0.022377622377622378
Area: 9.864581504167914e-05
CentroidX: 0.7412
CentroidY: 0.7112
