Location: Sandro_Ⴏ_2.jpg_Mean-Medain.png
Component: component_1744666451354_208.png
centerX: 0.058365758754863814
centerY: 0.41903019213174747
width: 0.026750972762645913
height: 0.04574565416285453
Area: 0.0006158753439823995
CentroidX: 0.0742
CentroidY: 0.4380
