Location: Sandro_Ⴏ_1.jpg_Gaussian-Closing.png
Component: component_1744666451079_113.png
centerX: 0.3229935992122107
centerY: 0.17797202797202796
width: 0.02117183653372723
height: 0.02727272727272727
Area: 0.00012911755895507742
CentroidX: 0.3358
CentroidY: 0.1880
