Location: Sandro_Ⴏ_1.jpg_Gaussian-Closing.png
Component: component_1744666451216_498.png
centerX: 0.25997045790251105
centerY: 0.7199300699300699
width: 0.015755785327424915
height: 0.019230769230769232
Area: 8.883288056109326e-05
CentroidX: 0.2685
CentroidY: 0.7275
