Location: Sandro_Ⴏ_1.jpg_Gaussian-Closing.png
Component: component_1744666451247_650.png
centerX: 0.914327917282127
centerY: 0.8954545454545455
width: 0.025110782865583457
height: 0.026223776223776224
Area: 0.00028285353248425624
CentroidX: 0.9286
CentroidY: 0.9064
