Location: Sandro_Ⴏ_1.jpg_Gaussian-Closing.png
Component: component_1744666451163_302.png
centerX: 0.0930576070901034
centerY: 0.4762237762237762
width: 0.012309207287050714
height: 0.022027972027972027
Area: 8.607837263671827e-05
CentroidX: 0.1000
CentroidY: 0.4853
