Location: Sandro_Ⴏ_2.jpg_Mean-Medain.png
Component: component_1744666451390_341.png
centerX: 0.02772373540856031
centerY: 0.7264409881061299
width: 0.011673151750972763
height: 0.036596523330283626
Area: 9.878925315324616e-05
CentroidX: 0.0349
CentroidY: 0.7417
