Location: Sandro_Ⴏ_2.jpg_Otsu.png
Component: component_1744666450601_181.png
centerX: 0.10165369649805447
centerY: 0.3613906678865508
width: 0.025778210116731516
height: 0.042086001829826164
Area: 0.0005589157745967441
CentroidX: 0.1174
CentroidY: 0.3780
