Location: Sandro_Ⴏ_2.jpg_Otsu.png
Component: component_1744666450569_39.png
centerX: 0.25486381322957197
centerY: 0.06358645928636779
width: 0.02091439688715953
height: 0.03751143641354071
Area: 0.00037802464213370545
CentroidX: 0.2676
CentroidY: 0.0780
