Location: Sandro_Ⴏ_2.jpg_Otsu.png
Component: component_1744666450577_81.png
centerX: 0.6235408560311284
centerY: 0.1280878316559927
width: 0.024319066147859923
height: 0.035681610247026534
Area: 0.00033886493818106737
CentroidX: 0.6378
CentroidY: 0.1428
