Location: Sandro_Ⴏ_1.jpg_Gaussian-Closing.png
Component: component_1744666451247_652.png
centerX: 0.29246676514032494
centerY: 0.8965034965034965
width: 0.014771048744460856
height: 0.022377622377622378
Area: 9.175954523074169e-05
CentroidX: 0.3009
CentroidY: 0.9046
