Location: Sandro_Ⴏ_1.jpg_Mean-Medain.png
Component: component_1744666450939_468.png
centerX: 0.5056622353520434
centerY: 0.693006993006993
width: 0.014771048744460856
height: 0.023426573426573425
Area: 9.27924857023823e-05
CentroidX: 0.5130
CentroidY: 0.7023
