Location: Sandro_Ⴏ_1.jpg_Gaussian-Closing.png
Component: component_1744666451197_421.png
centerX: 0.21811915312653865
centerY: 0.6325174825174825
width: 0.024618414574101428
height: 0.028671328671328673
Area: 0.00032744212951007633
CentroidX: 0.2331
CentroidY: 0.6446
