Location: Sandro_Ⴏ_2.jpg_Mean-Medain.png
Component: component_1744666451360_230.png
centerX: 0.4401750972762646
centerY: 0.43915827996340345
width: 0.027237354085603113
height: 0.043458371454711806
Area: 0.0005540208116026643
CentroidX: 0.4563
CentroidY: 0.4569
