Location: Sandro_Ⴏ_1.jpg_Mean-Medain.png
Component: component_1744666450898_369.png
centerX: 0.2796651895617922
centerY: 0.556993006993007
width: 0.022156573116691284
height: 0.031818181818181815
Area: 0.00033587781002847474
CentroidX: 0.2930
CentroidY: 0.5699
