Location: Sandro_Ⴏ_1.jpg_Gaussian-Closing.png
Component: component_1744666451052_3.png
centerX: 0.0019694731659281144
centerY: 0.005244755244755245
width: 0.03249630723781388
height: 0.028671328671328673
Area: 0.0003451742742732403
CentroidX: 0.0225
CentroidY: 0.0171
