Location: Sandro_Ⴏ_1.jpg_Gaussian-Closing.png
Component: component_1744666451210_474.png
centerX: 0.6233382570162481
centerY: 0.6961538461538461
width: 0.019202363367799114
height: 0.023776223776223775
Area: 9.296464244765574e-05
CentroidX: 0.6332
CentroidY: 0.7048
