Location: Sandro_Ⴏ_2.jpg_Otsu.png
Component: component_1744666450614_225.png
centerX: 0.9552529182879378
centerY: 0.43595608417200366
width: 0.020428015564202335
height: 0.042543458371454713
Area: 0.0003960470058846355
CentroidX: 0.9647
CentroidY: 0.4545
