Location: Sandro_Ⴏ_1.jpg_Mean-Medain.png
Component: component_1744666450938_466.png
centerX: 0.5292959133431807
centerY: 0.6926573426573427
width: 0.02018709995076317
height: 0.023076923076923078
Area: 9.967875551331977e-05
CentroidX: 0.5392
CentroidY: 0.7012
