Location: Sandro_Ⴏ_1.jpg_Gaussian-Closing.png
Component: component_1744666451272_760.png
centerX: 0.0241260462826194
centerY: 0.9867132867132867
width: 0.024618414574101428
height: 0.01048951048951049
Area: 9.434189640984323e-05
CentroidX: 0.0350
CentroidY: 0.9921
