Location: Sandro_Ⴏ_1.jpg_Mean-Medain.png
Component: component_1744666450889_332.png
centerX: 0.8887247661250616
centerY: 0.5006993006993007
width: 0.01674052191038897
height: 0.02062937062937063
Area: 9.348111268347606e-05
CentroidX: 0.8982
CentroidY: 0.5083
