Location: Sandro_Ⴏ_2.jpg_Mean-Medain.png
Component: component_1744666451344_163.png
centerX: 0.6011673151750972
centerY: 0.3051235132662397
width: 0.023832684824902722
height: 0.036596523330283626
Area: 0.0004091744066414858
CentroidX: 0.6142
CentroidY: 0.3205
