Location: Sandro_Ⴏ_1.jpg_Mean-Medain.png
Component: component_1744666451005_701.png
centerX: 0.7676021664204825
centerY: 0.9437062937062937
width: 0.011324470704086657
height: 0.022377622377622378
Area: 9.055444801382763e-05
CentroidX: 0.7743
CentroidY: 0.9533
