Location: Sandro_Ⴏ_1.jpg_Mean-Medain.png
Component: component_1744666451005_702.png
centerX: 0.6573116691285081
centerY: 0.9444055944055944
width: 0.015755785327424915
height: 0.02062937062937063
Area: 0.00010381051739988224
CentroidX: 0.6665
CentroidY: 0.9522
