Location: Sandro_Ⴏ_2.jpg_Gaussian-Median.png
Component: component_1744666450173_50.png
centerX: 0.60068093385214
centerY: 0.06633119853613907
width: 0.025778210116731516
height: 0.03979871912168344
Area: 0.0004449966358254332
CentroidX: 0.6158
CentroidY: 0.0819
