Location: Sandro_Ⴏ_2.jpg_Gaussian-Median.png
Component: component_1744666450217_225.png
centerX: 0.8832684824902723
centerY: 0.4332113449222324
width: 0.024319066147859923
height: 0.04071363220494053
Area: 0.0004525615786344655
CentroidX: 0.8969
CentroidY: 0.4513
