Location: Sandro_Ⴏ_2.jpg_Mean-Medain.png
Component: component_1744666451360_228.png
centerX: 0.9547665369649806
centerY: 0.43595608417200366
width: 0.021400778210116732
height: 0.043000914913083256
Area: 0.00044054666946717884
CentroidX: 0.9646
CentroidY: 0.4544
