Location: Sandro_Ⴏ_1.jpg_Gaussian-Closing.png
Component: component_1744666451196_416.png
centerX: 0.8572131954702117
centerY: 0.6195804195804195
width: 0.0241260462826194
height: 0.028671328671328673
Area: 0.0003128088061618342
CentroidX: 0.8699
CentroidY: 0.6305
