Location: Sandro_Ⴏ_2.jpg_Otsu.png
Component: component_1744666450598_169.png
centerX: 0.5257782101167315
centerY: 0.3106129917657823
width: 0.024319066147859923
height: 0.03888380603842635
Area: 0.0003666772279201569
CentroidX: 0.5403
CentroidY: 0.3266
