Location: Sandro_Ⴏ_1.jpg_Gaussian-Closing.png
Component: component_1744666451218_508.png
centerX: 0.5327424913835549
centerY: 0.7318181818181818
width: 0.011324470704086657
height: 0.02132867132867133
Area: 7.178936277902305e-05
CentroidX: 0.5388
CentroidY: 0.7401
