Location: Sandro_Ⴏ_2.jpg_Gaussian-Median.png
Component: component_1744666450169_29.png
centerX: 0.03988326848249027
centerY: 0.013266239707227814
width: 0.029182879377431907
height: 0.039341262580054895
Area: 0.0005066286698872557
CentroidX: 0.0569
CentroidY: 0.0289
