Location: Sandro_Ⴏ_1.jpg_Gaussian-Closing.png
Component: component_1744666451235_591.png
centerX: 0.23092072870507138
centerY: 0.8185314685314685
width: 0.025603151157065487
height: 0.02902097902097902
Area: 0.0003649722999796855
CentroidX: 0.2459
CentroidY: 0.8311
