Location: Sandro_Ⴏ_1.jpg_Gaussian-Closing.png
Component: component_1744666451223_534.png
centerX: 0.3062530773018218
centerY: 0.7517482517482518
width: 0.023633677991137372
height: 0.03006993006993007
Area: 0.00035688093295183396
CentroidX: 0.3205
CentroidY: 0.7637
