Location: Sandro_Ⴏ_1.jpg_Mean-Medain.png
Component: component_1744666450837_208.png
centerX: 0.7326440177252584
centerY: 0.31783216783216783
width: 0.022648941408173313
height: 0.03076923076923077
Area: 0.00031435821686929513
CentroidX: 0.7452
CentroidY: 0.3302
