Location: Sandro_Ⴏ_2.jpg_Otsu.png
Component: component_1744666450629_297.png
centerX: 0.8521400778210116
centerY: 0.6262580054894785
width: 0.0311284046692607
height: 0.03979871912168344
Area: 0.0005217585555053203
CentroidX: 0.8711
CentroidY: 0.6423
