Location: Sandro_Ⴏ_1.jpg_Mean-Medain.png
Component: component_1744666450960_539.png
centerX: 0.6425406203840472
centerY: 0.7674825174825175
width: 0.022648941408173313
height: 0.03006993006993007
Area: 0.0003382880044623028
CentroidX: 0.6554
CentroidY: 0.7803
