Location: Sandro_Ⴏ_2.jpg_Otsu.png
Component: component_1744666450654_424.png
centerX: 0.4260700389105058
centerY: 0.8897529734675206
width: 0.019941634241245135
height: 0.03705397987191217
Area: 0.00013661396719840798
CentroidX: 0.4371
CentroidY: 0.9034
