Location: Sandro_Ⴏ_1.jpg_Gaussian-Closing.png
Component: component_1744666451205_449.png
centerX: 0.06450024618414574
centerY: 0.6734265734265734
width: 0.015755785327424915
height: 0.023076923076923078
Area: 0.00011052463046554627
CentroidX: 0.0732
CentroidY: 0.6817
