Location: Sandro_Ⴏ_2.jpg_Mean-Medain.png
Component: component_1744666451376_280.png
centerX: 0.5632295719844358
centerY: 0.5672461116193962
width: 0.0316147859922179
height: 0.04391582799634035
Area: 0.0005090761513842955
CentroidX: 0.5812
CentroidY: 0.5853
