Location: Sandro_Ⴏ_2.jpg_Mean-Medain.png
Component: component_1744666451405_406.png
centerX: 0.916828793774319
centerY: 0.8568161024702653
width: 0.01556420233463035
height: 0.03888380603842635
Area: 0.00015129885618064728
CentroidX: 0.9259
CentroidY: 0.8721
