Location: Sandro_Ⴏ_1.jpg_Gaussian-Closing.png
Component: component_1744666451130_271.png
centerX: 0.1757754800590842
centerY: 0.43636363636363634
width: 0.014278680452978828
height: 0.026223776223776224
Area: 8.952150754218702e-05
CentroidX: 0.1849
CentroidY: 0.4461
