Location: Sandro_Ⴏ_1.jpg_Mean-Medain.png
Component: component_1744666450967_559.png
centerX: 0.38404726735598227
centerY: 0.7933566433566434
width: 0.024618414574101428
height: 0.03076923076923077
Area: 0.00032899154021753726
CentroidX: 0.3978
CentroidY: 0.8057
