Location: Sandro_Ⴏ_1.jpg_Mean-Medain.png
Component: component_1744666450842_218.png
centerX: 0.25455440669620877
centerY: 0.3513986013986014
width: 0.0241260462826194
height: 0.032517482517482516
Area: 0.00039630482761945094
CentroidX: 0.2697
CentroidY: 0.3639
