Location: Sandro_Ⴏ_1.jpg_Mean-Medain.png
Component: component_1744666450885_317.png
centerX: 0.5002461841457411
centerY: 0.4874125874125874
width: 0.015263417035942885
height: 0.022027972027972027
Area: 0.00010931953324863221
CentroidX: 0.5075
CentroidY: 0.4969
