Location: Sandro_Ⴏ_2.jpg_Otsu.png
Component: component_1744666450629_298.png
centerX: 0.6750972762645915
centerY: 0.6276303751143641
width: 0.02772373540856031
height: 0.043458371454711806
Area: 0.0005286560033606146
CentroidX: 0.6911
CentroidY: 0.6455
