Location: Sandro_Ⴏ_1.jpg_Gaussian-Closing.png
Component: component_1744666451203_443.png
centerX: 0.8325947808961103
centerY: 0.6611888111888112
width: 0.0206794682422452
height: 0.028321678321678322
Area: 0.0002721798142773032
CentroidX: 0.8447
CentroidY: 0.6731
