Location: Sandro_Ⴏ_1.jpg_Mean-Medain.png
Component: component_1744666450937_463.png
centerX: 0.42836041358936483
centerY: 0.6877622377622378
width: 0.015755785327424915
height: 0.024125874125874126
Area: 8.693915636308546e-05
CentroidX: 0.4363
CentroidY: 0.6969
