Location: Sandro_Ⴏ_1.jpg_Gaussian-Closing.png
Component: component_1744666451225_545.png
centerX: 0.6430329886755293
centerY: 0.7674825174825175
width: 0.021664204825209258
height: 0.03041958041958042
Area: 0.00032985232394390447
CentroidX: 0.6555
CentroidY: 0.7805
