Location: Sandro_Ⴏ_1.jpg_Gaussian-Closing.png
Component: component_1744666451272_755.png
centerX: 0.8995568685376661
centerY: 0.98006993006993
width: 0.013293943870014771
height: 0.013636363636363636
Area: 5.0786239855663784e-05
CentroidX: 0.9065
CentroidY: 0.9858
