Location: Sandro_Ⴏ_2.jpg_Gaussian-Median.png
Component: component_1744666450338_394.png
centerX: 0.6186770428015564
centerY: 0.8408051235132662
width: 0.016536964980544747
height: 0.03705397987191217
Area: 0.00015330134104186172
CentroidX: 0.6278
CentroidY: 0.8552
