Location: Sandro_Ⴏ_1.jpg_Gaussian-Closing.png
Component: component_1744666451218_507.png
centerX: 0.5022156573116692
centerY: 0.7307692307692307
width: 0.015755785327424915
height: 0.019580419580419582
Area: 9.175954523074169e-05
CentroidX: 0.5108
CentroidY: 0.7382
