Location: Sandro_Ⴏ_1.jpg_Gaussian-Closing.png
Component: component_1744666451221_523.png
centerX: 0.03988183161004431
centerY: 0.7412587412587412
width: 0.0241260462826194
height: 0.02762237762237762
Area: 0.0003124644926712874
CentroidX: 0.0537
CentroidY: 0.7525
