Location: Sandro_Ⴏ_1.jpg_Gaussian-Closing.png
Component: component_1744666451225_546.png
centerX: 0.7848350566223535
centerY: 0.7695804195804196
width: 0.019694731659281144
height: 0.03076923076923077
Area: 0.0003005856772474202
CentroidX: 0.7962
CentroidY: 0.7824
