Location: Sandro_Ⴏ_2.jpg_Gaussian-Median.png
Component: component_1744666450180_84.png
centerX: 0.7655642023346303
centerY: 0.12854528819762123
width: 0.026264591439688716
height: 0.036139066788655076
Area: 0.0004603490197614106
CentroidX: 0.7809
CentroidY: 0.1434
