Location: Sandro_Ⴏ_2.jpg_Gaussian-Median.png
Component: component_1744666450312_393.png
centerX: 0.5870622568093385
centerY: 0.8398902104300091
width: 0.017023346303501944
height: 0.036596523330283626
Area: 0.00015040886290899641
CentroidX: 0.5971
CentroidY: 0.8554
