Location: Sandro_Ⴏ_2.jpg_Mean-Medain.png
Component: component_1744666451306_7.png
centerX: 0.5126459143968871
centerY: 0.005032021957913998
width: 0.026750972762645913
height: 0.03796889295516926
Area: 0.0004541190668598545
CentroidX: 0.5279
CentroidY: 0.0211
