Location: Sandro_Ⴏ_1.jpg_Mean-Medain.png
Component: component_1744666450887_328.png
centerX: 0.7853274249138356
centerY: 0.4982517482517482
width: 0.018217626784835055
height: 0.023076923076923078
Area: 9.434189640984323e-05
CentroidX: 0.7960
CentroidY: 0.5066
