Location: Sandro_Ⴏ_2.jpg_Otsu.png
Component: component_1744666450593_149.png
centerX: 0.8540856031128404
centerY: 0.30054894784995423
width: 0.02188715953307393
height: 0.042543458371454713
Area: 0.00036867971278137137
CentroidX: 0.8656
CentroidY: 0.3185
