Location: Sandro_Ⴏ_2.jpg_Mean-Medain.png
Component: component_1744666451348_182.png
centerX: 0.1833657587548638
centerY: 0.3595608417200366
width: 0.026750972762645913
height: 0.04437328453796889
Area: 0.0005771606366655869
CentroidX: 0.2005
CentroidY: 0.3770
