Location: Sandro_Ⴏ_1.jpg_Mean-Medain.png
Component: component_1744666451013_739.png
centerX: 0.6691285081240768
centerY: 0.9716783216783217
width: 0.017232890201871
height: 0.019580419580419582
Area: 8.177445400488236e-05
CentroidX: 0.6786
CentroidY: 0.9786
