Location: Sandro_Ⴏ_2.jpg_Gaussian-Median.png
Component: component_1744666450250_366.png
centerX: 0.811284046692607
centerY: 0.7671546203110704
width: 0.01556420233463035
height: 0.03751143641354071
Area: 0.00013616897056258255
CentroidX: 0.8194
CentroidY: 0.7819
