Location: Sandro_Ⴏ_2.jpg_Gaussian-Median.png
Component: component_1744666450181_87.png
centerX: 0.7300583657587548
centerY: 0.13083257090576395
width: 0.022859922178988325
height: 0.03339432753888381
Area: 0.00031572511311814483
CentroidX: 0.7433
CentroidY: 0.1437
