Location: Sandro_Ⴏ_2.jpg_Otsu.png
Component: component_1744666450649_405.png
centerX: 0.8317120622568094
centerY: 0.8499542543458372
width: 0.01799610894941634
height: 0.039341262580054895
Area: 0.00012393156307738314
CentroidX: 0.8424
CentroidY: 0.8659
