Location: Sandro_Ⴏ_2.jpg_Mean-Medain.png
Component: component_1744666451320_66.png
centerX: 0.00632295719844358
centerY: 0.11482159194876487
width: 0.026750972762645913
height: 0.03979871912168344
Area: 0.00044254915432839325
CentroidX: 0.0228
CentroidY: 0.1312
