Location: Sandro_Ⴏ_1.jpg_Mean-Medain.png
Component: component_1744666450961_543.png
centerX: 0.8143771541112752
centerY: 0.76993006993007
width: 0.025110782865583457
height: 0.03041958041958042
Area: 0.0003567087762065606
CentroidX: 0.8289
CentroidY: 0.7826
