Location: Sandro_Ⴏ_1.jpg_Gaussian-Closing.png
Component: component_1744666451065_58.png
centerX: 0.05120630231413097
centerY: 0.08811188811188811
width: 0.026095519448547513
height: 0.026923076923076925
Area: 0.0003305409509249982
CentroidX: 0.0682
CentroidY: 0.0987
