Location: Sandro_Ⴏ_2.jpg_Mean-Medain.png
Component: component_1744666451371_260.png
centerX: 0.019455252918287938
centerY: 0.5434583714547118
width: 0.029669260700389104
height: 0.04071363220494053
Area: 0.00044744411732247305
CentroidX: 0.0393
CentroidY: 0.5598
