Location: Sandro_Ⴏ_2.jpg_Gaussian-Median.png
Component: component_1744666450280_379.png
centerX: 0.15856031128404668
centerY: 0.8023787740164684
width: 0.016050583657587547
height: 0.035681610247026534
Area: 0.00014662639150448022
CentroidX: 0.1678
CentroidY: 0.8157
