Location: Sandro_Ⴏ_1.jpg_Gaussian-Closing.png
Component: component_1744666451266_737.png
centerX: 0.43525356967011325
centerY: 0.9583916083916084
width: 0.017232890201871
height: 0.024825174825174826
Area: 0.0001313555966436321
CentroidX: 0.4448
CentroidY: 0.9681
