Location: easy43_Mean-Closing.png
Component: component_1744297380624_604.png
centerX: 0.38391777509068925
centerY: 0.41214194100042756
width: 0.013301088270858524
height: 0.01410859341598974
Area: 8.529983927442406e-05
CentroidX: 0.3920
CentroidY: 0.4177
