Location: Sandro_Ⴏ_2.jpg_Otsu.png
Component: component_1744666450624_274.png
centerX: 0.4790856031128405
centerY: 0.5667886550777677
width: 0.029182879377431907
height: 0.03796889295516926
Area: 0.0005371109394412978
CentroidX: 0.4960
CentroidY: 0.5814
