Location: Sandro_Ⴏ_2.jpg_Mean-Medain.png
Component: component_1744666451413_438.png
centerX: 0.9178015564202334
centerY: 0.9153705397987191
width: 0.017509727626459144
height: 0.036596523330283626
Area: 0.00015841880235385421
CentroidX: 0.9286
CentroidY: 0.9291
