Location: Sandro_Ⴏ_2.jpg_Gaussian-Median.png
Component: component_1744666450246_346.png
centerX: 0.19503891050583658
centerY: 0.7351326623970723
width: 0.016536964980544747
height: 0.036139066788655076
Area: 0.0001301615159789392
CentroidX: 0.2041
CentroidY: 0.7486
