Location: Sandro_Ⴏ_2.jpg_Mean-Medain.png
Component: component_1744666451387_327.png
centerX: 0.642023346303502
centerY: 0.6948764867337603
width: 0.018968871595330738
height: 0.042086001829826164
Area: 0.00015463633094933802
CentroidX: 0.6521
CentroidY: 0.7114
