Location: Sandro_Ⴏ_1.jpg_Gaussian-Closing.png
Component: component_1744666451100_188.png
centerX: 0.17183653372722796
centerY: 0.3038461538461538
width: 0.02117183653372723
height: 0.031818181818181815
Area: 0.00030110214748324055
CentroidX: 0.1850
CentroidY: 0.3162
