Location: Sandro_Ⴏ_2.jpg_Otsu.png
Component: component_1744666450614_229.png
centerX: 0.5199416342412452
centerY: 0.44053064958828914
width: 0.025778210116731516
height: 0.046203110704483075
Area: 0.0005373334377592106
CentroidX: 0.5354
CentroidY: 0.4589
