Location: Dedata_28.png_Mean-Closing.png
Component: component_1755505151071_259.png
centerX: 0.7612903225806451
centerY: 0.6503277286976347
width: 0.031048387096774193
height: 0.03305785123966942
Area: 0.0005302034400022064
CentroidX: 0.7745
CentroidY: 0.6672
