Location: Dedata_28.png_Mean-Medain.png
Component: component_1755505149801_61.png
centerX: 0.1028225806451613
centerY: 0.12026218295810773
width: 0.03387096774193549
height: 0.037902536335138216
Area: 0.0004753904705871538
CentroidX: 0.1168
CentroidY: 0.1398
