Location: Dedata_28.png_Mean-Closing.png
Component: component_1755505150960_99.png
centerX: 0.38629032258064516
centerY: 0.21288116272442292
width: 0.03588709677419355
height: 0.039042462239954404
Area: 0.0004399976098327802
CentroidX: 0.4030
CentroidY: 0.2338
