Location: Dedata_28.png_Mean-Closing.png
Component: component_1755505151077_269.png
centerX: 0.2963709677419355
centerY: 0.6776859504132231
width: 0.04032258064516129
height: 0.03761755485893417
Area: 0.0006114461430974729
CentroidX: 0.3148
CentroidY: 0.6964
