Location: Dedata_28.png_Mean-Medain.png
Component: component_1755505149990_315.png
centerX: 0.3592741935483871
centerY: 0.7973781704189228
width: 0.04395161290322581
height: 0.037902536335138216
Area: 0.0006814274814072569
CentroidX: 0.3796
CentroidY: 0.8177
