Location: Dedata_28.png_Gaussian-Median.png
Component: component_1755505149480_206.png
centerX: 0.730241935483871
centerY: 0.47677400968937017
width: 0.03346774193548387
height: 0.032487888287261325
Area: 0.0004757352062438522
CentroidX: 0.7452
CentroidY: 0.4929
