Location: Dedata_28.png_Gaussian-Median.png
Component: component_1755505149441_42.png
centerX: 0.059274193548387095
centerY: 0.06583072100313479
width: 0.03024193548387097
height: 0.03932744371615845
Area: 0.0004964193456457589
CentroidX: 0.0724
CentroidY: 0.0876
