Location: Dedata_28.png_Mean-Medain.png
Component: component_1755505149973_274.png
centerX: 0.34596774193548385
centerY: 0.6734112282701624
width: 0.031048387096774193
height: 0.038472499287546306
Area: 0.0005790409913678192
CentroidX: 0.3601
CentroidY: 0.6932
