Location: Dedata_28.png_Otsu.png
Component: component_1755505150190_259.png
centerX: 0.09637096774193549
centerY: 0.46053006554573955
width: 0.03346774193548387
height: 0.042462239954402965
Area: 0.0005447972494691071
CentroidX: 0.1111
CentroidY: 0.4828
