Location: Dedata_28.png_Otsu.png
Component: component_1755505150119_90.png
centerX: 0.8346774193548387
centerY: 0.1846679965802223
width: 0.03225806451612903
height: 0.034482758620689655
Area: 0.0003796688699105526
CentroidX: 0.8490
CentroidY: 0.2020
