Location: Dedata_28.png_Gaussian-Median.png
Component: component_1755505149465_145.png
centerX: 0.40403225806451615
centerY: 0.3174693644913081
width: 0.03185483870967742
height: 0.03761755485893417
Area: 0.0004869965710293347
CentroidX: 0.4172
CentroidY: 0.3369
