Location: Dedata_28.png_Otsu.png
Component: component_1755505150743_397.png
centerX: 0.052016129032258066
centerY: 0.8147620404673697
width: 0.03870967741935484
height: 0.038472499287546306
Area: 0.0005685840097812997
CentroidX: 0.0700
CentroidY: 0.8352
