Location: Dedata_28.png_Otsu.png
Component: component_1755505150633_329.png
centerX: 0.7612903225806451
centerY: 0.6503277286976347
width: 0.03064516129032258
height: 0.03277286976346538
Area: 0.000474815911159323
CentroidX: 0.7744
CentroidY: 0.6670
