Location: Dedata_28.png_Otsu.png
Component: component_1755505150687_363.png
centerX: 0.2060483870967742
centerY: 0.7477913935594186
width: 0.03306451612903226
height: 0.03818751781134226
Area: 0.0005395113027330643
CentroidX: 0.2216
CentroidY: 0.7674
