Location: Dedata_28.png_Mean-Medain.png
Component: component_1755505149814_78.png
centerX: 0.3879032258064516
centerY: 0.1615844970076945
width: 0.03346774193548387
height: 0.03419777714448561
Area: 0.0004995219665560448
CentroidX: 0.4030
CentroidY: 0.1785
