Location: Dedata_28.png_Gaussian-Median.png
Component: component_1755505149502_294.png
centerX: 0.5370967741935484
centerY: 0.7312624679395839
width: 0.03467741935483871
height: 0.039612425192362494
Area: 0.0005911067393522647
CentroidX: 0.5532
CentroidY: 0.7520
