Location: Dedata_28.png_Gaussian-Median.png
Component: component_1755505149488_238.png
centerX: 0.9056451612903226
centerY: 0.5628384155029923
width: 0.032661290322580645
height: 0.031062980906241093
Area: 0.00047297732099026466
CentroidX: 0.9198
CentroidY: 0.5789
