Location: Dedata_28.png_Otsu.png
Component: component_1755505150162_232.png
centerX: 0.2600806451612903
centerY: 0.38985465944713593
width: 0.034274193548387094
height: 0.039897406668566546
Area: 0.000553300729001002
CentroidX: 0.2755
CentroidY: 0.4095
