Location: Dedata_28.png_Mean-Closing.png
Component: component_1755505151038_210.png
centerX: 0.8661290322580645
centerY: 0.5161014534055286
width: 0.034274193548387094
height: 0.030777999430037048
Area: 0.000532271853942397
CentroidX: 0.8809
CentroidY: 0.5318
