Location: Dedata_28.png_Gaussian-Median.png
Component: component_1755505149453_95.png
centerX: 0.5725806451612904
centerY: 0.19863208891422057
width: 0.034274193548387094
height: 0.037047591906526074
Area: 0.00048182553617885806
CentroidX: 0.5874
CentroidY: 0.2186
