Location: Dedata_28.png_Mean-Medain.png
Component: component_1755505149765_44.png
centerX: 0.9036290322580646
centerY: 0.09318894271872329
width: 0.03508064516129032
height: 0.0347677400968937
Area: 0.00047745888452734443
CentroidX: 0.9192
CentroidY: 0.1112
