Location: Dedata_28.png_Gaussian-Median.png
Component: component_1755505149456_106.png
centerX: 0.1971774193548387
centerY: 0.22570532915360503
width: 0.031451612903225803
height: 0.036477628954117984
Area: 0.000398629331028967
CentroidX: 0.2104
CentroidY: 0.2442
