Location: Dedata_28.png_Gaussian-Median.png
Component: component_1755505149434_13.png
centerX: 0.5201612903225806
centerY: 0.007694499857509262
width: 0.03467741935483871
height: 0.037902536335138216
Area: 0.0005715717188060196
CentroidX: 0.5371
CentroidY: 0.0281
