Location: Dedata_28.png_Otsu.png
Component: component_1755505150099_35.png
centerX: 0.2508064516129032
centerY: 0.06497577657452265
width: 0.03387096774193549
height: 0.03362781419207751
Area: 0.00040644333924746507
CentroidX: 0.2650
CentroidY: 0.0836
