Location: Dedata_28.png_Mean-Medain.png
Component: component_1755505149983_300.png
centerX: 0.11491935483870967
centerY: 0.7523510971786834
width: 0.03588709677419355
height: 0.03676261043032203
Area: 0.0006209838295994631
CentroidX: 0.1312
CentroidY: 0.7713
