Location: Dedata_28.png_Otsu.png
Component: component_1755505150586_290.png
centerX: 0.5717741935483871
centerY: 0.5349102308349957
width: 0.032661290322580645
height: 0.033912795668281565
Area: 0.0004687255812243172
CentroidX: 0.5868
CentroidY: 0.5517
