Location: Dedata_28.png_Mean-Closing.png
Component: component_1755505151030_197.png
centerX: 0.7737903225806452
centerY: 0.4727842690225135
width: 0.03346774193548387
height: 0.031062980906241093
Area: 0.0004938912841633036
CentroidX: 0.7889
CentroidY: 0.4883
