Location: Dedata_28.png_Mean-Medain.png
Component: component_1755505149916_179.png
centerX: 0.8665322580645162
centerY: 0.40894841835280704
width: 0.032661290322580645
height: 0.0353377030493018
Area: 0.0005447972494691071
CentroidX: 0.8811
CentroidY: 0.4267
