Location: Dedata_28.png_Gaussian-Median.png
Component: component_1755505149503_300.png
centerX: 0.25120967741935485
centerY: 0.7469364491308065
width: 0.03790322580645161
height: 0.03818751781134226
Area: 0.000634083784554004
CentroidX: 0.2684
CentroidY: 0.7668
