Location: Dedata_28.png_Gaussian-Median.png
Component: component_1755505149510_325.png
centerX: 0.0064516129032258064
centerY: 0.8150470219435737
width: 0.03870967741935484
height: 0.039897406668566546
Area: 0.0006330495775839087
CentroidX: 0.0236
CentroidY: 0.8363
