Location: Dedata_28.png_Otsu.png
Component: component_1755505150133_137.png
centerX: 0.38225806451612904
centerY: 0.2653177543459675
width: 0.031451612903225803
height: 0.03619264747791394
Area: 0.0004019617757103853
CentroidX: 0.3954
CentroidY: 0.2840
