Location: Dedata_28.png_Mean-Medain.png
Component: component_1755505149921_189.png
centerX: 0.39314516129032256
centerY: 0.44115132516386435
width: 0.03387096774193549
height: 0.03562268452550584
Area: 0.0005728357495472471
CentroidX: 0.4089
CentroidY: 0.4588
