Location: Dedata_28.png_Gaussian-Median.png
Component: component_1755505149461_129.png
centerX: 0.22298387096774194
centerY: 0.27956682815616984
width: 0.03185483870967742
height: 0.03676261043032203
Area: 0.0004675764623686557
CentroidX: 0.2373
CentroidY: 0.2990
