Location: Dedata_28.png_Mean-Medain.png
Component: component_1755505149931_210.png
centerX: 0.38266129032258067
centerY: 0.4990025648332858
width: 0.03225806451612903
height: 0.03220290681105728
Area: 0.000529169233032111
CentroidX: 0.3973
CentroidY: 0.5158
