Location: Dedata_28.png_Otsu.png
Component: component_1755505150105_51.png
centerX: 0.5435483870967742
centerY: 0.10202336848104873
width: 0.036290322580645164
height: 0.039612425192362494
Area: 0.0004416063762307063
CentroidX: 0.5626
CentroidY: 0.1229
