Location: Dedata_28.png_Mean-Closing.png
Component: component_1755505151062_247.png
centerX: 0.37379032258064515
centerY: 0.6104303220290681
width: 0.03346774193548387
height: 0.029923055001424906
Area: 0.0004950404030189651
CentroidX: 0.3878
CentroidY: 0.6255
