Location: Dedata_28.png_Mean-Medain.png
Component: component_1755505149924_195.png
centerX: 0.1431451612903226
centerY: 0.4591051581647193
width: 0.03346774193548387
height: 0.04132231404958678
Area: 0.0006077689627593561
CentroidX: 0.1595
CentroidY: 0.4799
