Location: Dedata_28.png_Otsu.png
Component: component_1755505150613_312.png
centerX: 0.5165322580645161
centerY: 0.5944713593616415
width: 0.03306451612903226
height: 0.031062980906241093
Area: 0.0004598773660357238
CentroidX: 0.5312
CentroidY: 0.6101
