Location: Dedata_28.png_Gaussian-Median.png
Component: component_1755505149442_46.png
centerX: 0.7701612903225806
centerY: 0.09717868338557993
width: 0.028629032258064516
height: 0.03334283271587347
Area: 0.0004301151876740915
CentroidX: 0.7825
CentroidY: 0.1147
