Location: Dedata_28.png_Mean-Medain.png
Component: component_1755505149825_93.png
centerX: 0.6588709677419354
centerY: 0.1969222000569963
width: 0.032661290322580645
height: 0.03562268452550584
Area: 0.00047895273903970437
CentroidX: 0.6737
CentroidY: 0.2157
