Location: Dedata_28.png_Otsu.png
Component: component_1755505150614_317.png
centerX: 0.37379032258064515
centerY: 0.6104303220290681
width: 0.03346774193548387
height: 0.02963807352522086
Area: 0.00042931080447512846
CentroidX: 0.3878
CentroidY: 0.6254
