Location: Dedata_28.png_Mean-Closing.png
Component: component_1755505150974_118.png
centerX: 0.48508064516129035
centerY: 0.256198347107438
width: 0.032661290322580645
height: 0.038472499287546306
Area: 0.0005412349810165565
CentroidX: 0.5007
CentroidY: 0.2759
