Location: Dedata_28.png_Otsu.png
Component: component_1755505150583_284.png
centerX: 0.09959677419354838
centerY: 0.524080934739242
width: 0.031048387096774193
height: 0.039042462239954404
Area: 0.0005081403579735059
CentroidX: 0.1133
CentroidY: 0.5446
