Location: Dedata_28.png_Otsu.png
Component: component_1755505150103_47.png
centerX: 0.5963709677419354
centerY: 0.1005984611000285
width: 0.03508064516129032
height: 0.04018238814477059
Area: 0.0004474668823945798
CentroidX: 0.6108
CentroidY: 0.1218
