Location: Dedata_28.png_Otsu.png
Component: component_1755505150158_220.png
centerX: 0.5209677419354839
centerY: 0.3701909375890567
width: 0.03306451612903226
height: 0.03733257338273012
Area: 0.0005018202042673678
CentroidX: 0.5355
CentroidY: 0.3890
