Location: Dedata_28.png_Gaussian-Median.png
Component: component_1755505149475_185.png
centerX: 0.7290322580645161
centerY: 0.41635793673411226
width: 0.037096774193548385
height: 0.036477628954117984
Area: 0.0005293990568032433
CentroidX: 0.7453
CentroidY: 0.4350
