Location: Dedata_28.png_Otsu.png
Component: component_1755505150119_89.png
centerX: 0.8806451612903226
centerY: 0.1823881447705899
width: 0.027419354838709678
height: 0.03277286976346538
Area: 0.0003523198411458094
CentroidX: 0.8937
CentroidY: 0.1990
