Location: Dedata_28.png_Otsu.png
Component: component_1755505150597_300.png
centerX: 0.23790322580645162
centerY: 0.5682530635508692
width: 0.03588709677419355
height: 0.03305785123966942
Area: 0.0004526379172450565
CentroidX: 0.2538
CentroidY: 0.5850
