Location: Dedata_28.png_Gaussian-Median.png
Component: component_1755505149477_192.png
centerX: 0.39314516129032256
centerY: 0.44115132516386435
width: 0.03387096774193549
height: 0.0353377030493018
Area: 0.0005344551797681538
CentroidX: 0.4089
CentroidY: 0.4587
