Location: Dedata_28.png_Gaussian-Median.png
Component: component_1755505149455_104.png
centerX: 0.9455645161290323
centerY: 0.22200056996295242
width: 0.028629032258064516
height: 0.04445711028783129
Area: 0.0005327315014846616
CentroidX: 0.9583
CentroidY: 0.2445
