Location: Dedata_28.png_Mean-Medain.png
Component: component_1755505149746_26.png
centerX: 0.9120967741935484
centerY: 0.05414648047876888
width: 0.03508064516129032
height: 0.03305785123966942
Area: 0.0004856176284025409
CentroidX: 0.9273
CentroidY: 0.0720
