Location: Dedata_28.png_Mean-Medain.png
Component: component_1755505149928_203.png
centerX: 0.730241935483871
centerY: 0.47648902821316613
width: 0.03346774193548387
height: 0.03277286976346538
Area: 0.000498028112043685
CentroidX: 0.7452
CentroidY: 0.4928
