Location: Dedata_28.png_Mean-Closing.png
Component: component_1755505150953_90.png
centerX: 0.790725806451613
centerY: 0.18552294100883443
width: 0.03064516129032258
height: 0.038472499287546306
Area: 0.0004886053374272607
CentroidX: 0.8039
CentroidY: 0.2052
