Location: Dedata_28.png_Mean-Closing.png
Component: component_1755505150919_42.png
centerX: 0.059274193548387095
centerY: 0.06583072100313479
width: 0.03024193548387097
height: 0.039612425192362494
Area: 0.000520665753500216
CentroidX: 0.0725
CentroidY: 0.0877
