Location: Dedata_28.png_Gaussian-Median.png
Component: component_1755505149464_141.png
centerX: 0.5794354838709678
centerY: 0.30350527215730977
width: 0.03306451612903226
height: 0.0353377030493018
Area: 0.0004971088169591557
CentroidX: 0.5940
CentroidY: 0.3222
