Location: Dedata_28.png_Gaussian-Median.png
Component: component_1755505149490_248.png
centerX: 0.05524193548387097
centerY: 0.5825021373610715
width: 0.03387096774193549
height: 0.03277286976346538
Area: 0.0005154947186497393
CentroidX: 0.0710
CentroidY: 0.5991
