Location: Dedata_28.png_Otsu.png
Component: component_1755505150588_292.png
centerX: 0.4790322580645161
centerY: 0.5448845825021373
width: 0.03306451612903226
height: 0.03362781419207751
Area: 0.0004759650300149845
CentroidX: 0.4946
CentroidY: 0.5610
