Location: Dedata_28.png_Otsu.png
Component: component_1755505150098_32.png
centerX: 0.3439516129032258
centerY: 0.06326588771729838
width: 0.027419354838709678
height: 0.036477628954117984
Area: 0.0004264380073359748
CentroidX: 0.3562
CentroidY: 0.0825
