Location: Dedata_28.png_Otsu.png
Component: component_1755505150156_211.png
centerX: 0.7568548387096774
centerY: 0.3539469934454261
width: 0.034274193548387094
height: 0.037047591906526074
Area: 0.0005313525588578678
CentroidX: 0.7729
CentroidY: 0.3723
