Location: Dedata_28.png_Mean-Closing.png
Component: component_1755505151042_216.png
centerX: 0.725
centerY: 0.524365916215446
width: 0.032661290322580645
height: 0.03305785123966942
Area: 0.0005526112576876051
CentroidX: 0.7395
CentroidY: 0.5412
