Location: Dedata_28.png_Mean-Closing.png
Component: component_1755505150991_145.png
centerX: 0.22862903225806452
centerY: 0.33086349387289826
width: 0.03306451612903226
height: 0.03676261043032203
Area: 0.0005041184419786907
CentroidX: 0.2434
CentroidY: 0.3500
