Location: Dedata_28.png_Mean-Medain.png
Component: component_1755505149801_60.png
centerX: 0.14798387096774193
centerY: 0.11912225705329153
width: 0.03306451612903226
height: 0.03818751781134226
Area: 0.0004991772308993464
CentroidX: 0.1634
CentroidY: 0.1388
