Location: Dedata_28.png_Gaussian-Median.png
Component: component_1755505149493_261.png
centerX: 0.11370967741935484
centerY: 0.6263892846964947
width: 0.03508064516129032
height: 0.03676261043032203
Area: 0.0005780067843977238
CentroidX: 0.1307
CentroidY: 0.6455
