Location: Dedata_28.png_Gaussian-Median.png
Component: component_1755505149506_311.png
centerX: 0.7153225806451613
centerY: 0.7802792818466799
width: 0.036290322580645164
height: 0.04075235109717868
Area: 0.0006320153706138133
CentroidX: 0.7313
CentroidY: 0.8018
