Location: Dedata_28.png_Otsu.png
Component: component_1755505150685_359.png
centerX: 0.36088709677419356
centerY: 0.7409518381305216
width: 0.03387096774193549
height: 0.03818751781134226
Area: 0.0005005561735261402
CentroidX: 0.3769
CentroidY: 0.7608
