Location: Dedata_28.png_Gaussian-Median.png
Component: component_1755505149439_34.png
centerX: 0.4754032258064516
centerY: 0.06041607295525791
width: 0.03669354838709677
height: 0.03590766600170989
Area: 0.0004799869460097997
CentroidX: 0.4923
CentroidY: 0.0796
