Location: Dedata_28.png_Mean-Medain.png
Component: component_1755505149859_116.png
centerX: 0.6258064516129033
centerY: 0.2450840695354802
width: 0.03669354838709677
height: 0.04331718438301511
Area: 0.0006414381452302375
CentroidX: 0.6435
CentroidY: 0.2677
