Location: Dedata_28.png_Otsu.png
Component: component_1755505150086_4.png
centerX: 0.8137096774193548
centerY: 0.005699629524080934
width: 0.036290322580645164
height: 0.04274722143060701
Area: 0.0005223894317837082
CentroidX: 0.8296
CentroidY: 0.0299
