Location: Dedata_28.png_Mean-Medain.png
Component: component_1755505149989_314.png
centerX: 0.4149193548387097
centerY: 0.7948133371330863
width: 0.03588709677419355
height: 0.04103733257338273
Area: 0.000662811755945541
CentroidX: 0.4313
CentroidY: 0.8159
