Location: Dedata_28.png_Gaussian-Median.png
Component: component_1755505149489_241.png
centerX: 0.8088709677419355
centerY: 0.5688230265032773
width: 0.036290322580645164
height: 0.032487888287261325
Area: 0.0004897544562829223
CentroidX: 0.8253
CentroidY: 0.5852
