Location: Dedata_28.png_Gaussian-Median.png
Component: component_1755505149459_116.png
centerX: 0.6258064516129033
centerY: 0.24536905101168424
width: 0.03669354838709677
height: 0.043032202906811055
Area: 0.000616961913604648
CentroidX: 0.6434
CentroidY: 0.2677
