Location: Dedata_28.png_Mean-Medain.png
Component: component_1755505149909_165.png
centerX: 0.5209677419354839
centerY: 0.3696209746366486
width: 0.03306451612903226
height: 0.038472499287546306
Area: 0.0005745594278307394
CentroidX: 0.5356
CentroidY: 0.3891
