Location: Dedata_28.png_Otsu.png
Component: component_1755505150493_272.png
centerX: 0.482258064516129
centerY: 0.49130806497577656
width: 0.036290322580645164
height: 0.03590766600170989
Area: 0.0005239981981816343
CentroidX: 0.4976
CentroidY: 0.5090
