Location: Dedata_28.png_Otsu.png
Component: component_1755505150086_3.png
centerX: 0.7625
centerY: 0.005984611000284981
width: 0.03951612903225806
height: 0.04217725847819892
Area: 0.0004917079583375468
CentroidX: 0.7785
CentroidY: 0.0302
