Location: Dedata_28.png_Otsu.png
Component: component_1755505150600_304.png
centerX: 0.14838709677419354
centerY: 0.5756625819321745
width: 0.02903225806451613
height: 0.031917925334853235
Area: 0.0004239099458535195
CentroidX: 0.1619
CentroidY: 0.5912
