Location: Dedata_28.png_Otsu.png
Component: component_1755505150164_237.png
centerX: 0.9516129032258065
centerY: 0.4041037332573383
width: 0.03306451612903226
height: 0.031062980906241093
Area: 0.0004051793085062374
CentroidX: 0.9651
CentroidY: 0.4209
