Location: Dedata_28.png_Otsu.png
Component: component_1755505150130_126.png
centerX: 0.682258064516129
centerY: 0.24166429182103163
width: 0.03024193548387097
height: 0.04274722143060701
Area: 0.0004334476323555098
CentroidX: 0.6953
CentroidY: 0.2638
