Location: Dedata_28.png_Gaussian-Median.png
Component: component_1755505149509_321.png
centerX: 0.20362903225806453
centerY: 0.805072670276432
width: 0.0407258064516129
height: 0.037902536335138216
Area: 0.0006459197087673172
CentroidX: 0.2230
CentroidY: 0.8249
