Location: Dedata_28.png_Gaussian-Median.png
Component: component_1755505149434_12.png
centerX: 0.32620967741935486
centerY: 0.007694499857509262
width: 0.038306451612903226
height: 0.039042462239954404
Area: 0.0005644471819009184
CentroidX: 0.3415
CentroidY: 0.0298
