Location: Dedata_28.png_Mean-Closing.png
Component: component_1755505150998_153.png
centerX: 0.7991935483870968
centerY: 0.3488173268737532
width: 0.03024193548387097
height: 0.03761755485893417
Area: 0.0005218148723558775
CentroidX: 0.8129
CentroidY: 0.3683
