Location: Dedata_28.png_Gaussian-Median.png
Component: component_1755505149468_156.png
centerX: 0.8838709677419355
centerY: 0.3448275862068966
width: 0.03588709677419355
height: 0.03562268452550584
Area: 0.0005706524237214903
CentroidX: 0.8994
CentroidY: 0.3632
