Location: Dedata_28.png_Otsu.png
Component: component_1755505150092_14.png
centerX: 0.43588709677419357
centerY: 0.00883442576232545
width: 0.03225806451612903
height: 0.038472499287546306
Area: 0.0005333060609124923
CentroidX: 0.4502
CentroidY: 0.0299
