Location: Dedata_28.png_Mean-Medain.png
Component: component_1755505149925_197.png
centerX: 0.9088709677419354
centerY: 0.46423482473639216
width: 0.03346774193548387
height: 0.029353092049016812
Area: 0.00047883782715413823
CentroidX: 0.9244
CentroidY: 0.4790
