Location: Dedata_28.png_Mean-Medain.png
Component: component_1755505149965_259.png
centerX: 0.06129032258064516
centerY: 0.6343687660302081
width: 0.03387096774193549
height: 0.03277286976346538
Area: 0.0005585866757370448
CentroidX: 0.0765
CentroidY: 0.6517
