Location: Dedata_28.png_Mean-Medain.png
Component: component_1755505149991_318.png
centerX: 0.20362903225806453
centerY: 0.805072670276432
width: 0.0407258064516129
height: 0.03818751781134226
Area: 0.0006845301023175429
CentroidX: 0.2231
CentroidY: 0.8250
