Location: Dedata_28.png_Gaussian-Median.png
Component: component_1755505149451_85.png
centerX: 0.05685483870967742
centerY: 0.17583357081789683
width: 0.03588709677419355
height: 0.033912795668281565
Area: 0.0004728624091046985
CentroidX: 0.0733
CentroidY: 0.1933
