Location: Dedata_28.png_Gaussian-Median.png
Component: component_1755505149467_154.png
centerX: 0.932258064516129
centerY: 0.33998290111142776
width: 0.031451612903225803
height: 0.038472499287546306
Area: 0.0005292841449176771
CentroidX: 0.9460
CentroidY: 0.3593
