Location: Dedata_28.png_Gaussian-Median.png
Component: component_1755505149457_109.png
centerX: 0.8560483870967742
centerY: 0.23026503277286978
width: 0.032661290322580645
height: 0.03932744371615845
Area: 0.0005050377370632199
CentroidX: 0.8702
CentroidY: 0.2498
