Location: Dedata_28.png_Otsu.png
Component: component_1755505150684_358.png
centerX: 0.4536290322580645
centerY: 0.7386719863208892
width: 0.03306451612903226
height: 0.03761755485893417
Area: 0.0004983728477003834
CentroidX: 0.4675
CentroidY: 0.7579
