Location: Dedata_28.png_Mean-Closing.png
Component: component_1755505150977_123.png
centerX: 0.9100806451612903
centerY: 0.27415218010829295
width: 0.03306451612903226
height: 0.03875748076375036
Area: 0.0005662857720699768
CentroidX: 0.9246
CentroidY: 0.2942
