Location: Dedata_28.png_Otsu.png
Component: component_1755505150647_335.png
centerX: 0.4798387096774194
centerY: 0.6634368766030208
width: 0.029838709677419355
height: 0.037047591906526074
Area: 0.0004936614603921713
CentroidX: 0.4936
CentroidY: 0.6833
