Location: Dedata_28.png_Mean-Closing.png
Component: component_1755505150904_28.png
centerX: 0.7209677419354839
centerY: 0.05471644343117697
width: 0.028629032258064516
height: 0.036477628954117984
Area: 0.0004497651201059028
CentroidX: 0.7332
CentroidY: 0.0757
