Location: Dedata_28.png_Mean-Closing.png
Component: component_1755505151066_254.png
centerX: 0.9338709677419355
centerY: 0.6352237104588202
width: 0.03346774193548387
height: 0.0347677400968937
Area: 0.0005622638560751615
CentroidX: 0.9486
CentroidY: 0.6540
