Location: Dedata_28.png_Otsu.png
Component: component_1755505150124_105.png
centerX: 0.4306451612903226
centerY: 0.21174123681960672
width: 0.031048387096774193
height: 0.03505272157309775
Area: 0.0003733487162044145
CentroidX: 0.4456
CentroidY: 0.2308
