Location: Dedata_28.png_Mean-Medain.png
Component: component_1755505149794_54.png
centerX: 0.4875
centerY: 0.10686805357651753
width: 0.04032258064516129
height: 0.03676261043032203
Area: 0.0005292841449176771
CentroidX: 0.5060
CentroidY: 0.1265
