Location: Dedata_28.png_Mean-Closing.png
Component: component_1755505150932_55.png
centerX: 0.33588709677419354
centerY: 0.10943288686235395
width: 0.04153225806451613
height: 0.04018238814477059
Area: 0.0005669752433833736
CentroidX: 0.3548
CentroidY: 0.1301
