Location: Dedata_28.png_Gaussian-Median.png
Component: component_1755505149461_126.png
centerX: 0.9100806451612903
centerY: 0.27415218010829295
width: 0.03306451612903226
height: 0.03875748076375036
Area: 0.0005272157309774865
CentroidX: 0.9244
CentroidY: 0.2940
