Location: Dedata_28.png_Mean-Medain.png
Component: component_1755505149744_25.png
centerX: 0.8584677419354839
centerY: 0.05386149900256483
width: 0.03467741935483871
height: 0.03362781419207751
Area: 0.00047676941321394753
CentroidX: 0.8735
CentroidY: 0.0717
