Location: Dedata_28.png_Otsu.png
Component: component_1755505150107_56.png
centerX: 0.28911290322580646
centerY: 0.11085779424337418
width: 0.03387096774193549
height: 0.04018238814477059
Area: 0.00044631776353891835
CentroidX: 0.3032
CentroidY: 0.1327
