Location: Dedata_28.png_Gaussian-Median.png
Component: component_1755505149462_133.png
centerX: 0.7895161290322581
centerY: 0.28583642063265885
width: 0.03064516129032258
height: 0.03163294385864919
Area: 0.0004586133352944962
CentroidX: 0.8025
CentroidY: 0.3023
