Location: Dedata_28.png_Otsu.png
Component: component_1755505150165_238.png
centerX: 0.014919354838709677
centerY: 0.4072385294955828
width: 0.03306451612903226
height: 0.042462239954402965
Area: 0.0005829479954770682
CentroidX: 0.0307
CentroidY: 0.4293
