Location: Dedata_28.png_Otsu.png
Component: component_1755505150116_82.png
centerX: 0.14798387096774193
centerY: 0.170703904246224
width: 0.031048387096774193
height: 0.0347677400968937
Area: 0.0004085117531876557
CentroidX: 0.1617
CentroidY: 0.1882
