Location: Dedata_28.png_Mean-Closing.png
Component: component_1755505150944_73.png
centerX: 0.5330645161290323
centerY: 0.152465089769165
width: 0.03467741935483871
height: 0.03277286976346538
Area: 0.000491937782108679
CentroidX: 0.5480
CentroidY: 0.1695
