Location: Dedata_28.png_Mean-Medain.png
Component: component_1755505149990_317.png
centerX: 0.25443548387096776
centerY: 0.8025078369905956
width: 0.03951612903225806
height: 0.03932744371615845
Area: 0.0006428170878570312
CentroidX: 0.2731
CentroidY: 0.8227
