Location: Dedata_28.png_Mean-Medain.png
Component: component_1755505149762_42.png
centerX: 0.059274193548387095
centerY: 0.06583072100313479
width: 0.03024193548387097
height: 0.039612425192362494
Area: 0.0005220446961270098
CentroidX: 0.0725
CentroidY: 0.0877
