Location: Dedata_28.png_Mean-Medain.png
Component: component_1755505149967_262.png
centerX: 0.8919354838709678
centerY: 0.6377885437446565
width: 0.03346774193548387
height: 0.03590766600170989
Area: 0.0005624936798462939
CentroidX: 0.9058
CentroidY: 0.6567
