Location: Dedata_28.png_Mean-Medain.png
Component: component_1755505149603_7.png
centerX: 0.9161290322580645
centerY: 0.005414648047876888
width: 0.03669354838709677
height: 0.043032202906811055
Area: 0.0005596208827071402
CentroidX: 0.9307
CentroidY: 0.0298
