Location: Dedata_28.png_Gaussian-Median.png
Component: component_1755505149482_217.png
centerX: 0.23709677419354838
centerY: 0.5112567683100598
width: 0.02943548387096774
height: 0.036477628954117984
Area: 0.000500441261640574
CentroidX: 0.2496
CentroidY: 0.5297
