Location: Dedata_28.png_Otsu.png
Component: component_1755505150139_150.png
centerX: 0.17983870967741936
centerY: 0.28327158734682245
width: 0.032661290322580645
height: 0.039612425192362494
Area: 0.00043310289669881133
CentroidX: 0.1932
CentroidY: 0.3045
