Location: Dedata_28.png_Otsu.png
Component: component_1755505150699_375.png
centerX: 0.8979838709677419
centerY: 0.7722998005129666
width: 0.042741935483870966
height: 0.03362781419207751
Area: 0.0004949254911333989
CentroidX: 0.9182
CentroidY: 0.7898
