Location: Dedata_28.png_Mean-Medain.png
Component: component_1755505149958_241.png
centerX: 0.14838709677419354
centerY: 0.5753776004559704
width: 0.02943548387096774
height: 0.03220290681105728
Area: 0.00048400886200461484
CentroidX: 0.1620
CentroidY: 0.5913
