Location: Dedata_28.png_Gaussian-Median.png
Component: component_1755505149452_88.png
centerX: 0.880241935483871
centerY: 0.18210316329438586
width: 0.028225806451612902
height: 0.033912795668281565
Area: 0.0004350563987534359
CentroidX: 0.8937
CentroidY: 0.1992
