Location: Dedata_28.png_Gaussian-Median.png
Component: component_1755505149440_40.png
centerX: 0.10443548387096774
centerY: 0.0652607580507267
width: 0.02943548387096774
height: 0.04075235109717868
Area: 0.00046470366522950203
CentroidX: 0.1170
CentroidY: 0.0883
