Location: Dedata_28.png_Otsu.png
Component: component_1755505150616_321.png
centerX: 0.16975806451612904
centerY: 0.6209746366486179
width: 0.035483870967741936
height: 0.036477628954117984
Area: 0.0005162991018487024
CentroidX: 0.1873
CentroidY: 0.6391
