Location: Dedata_28.png_Mean-Medain.png
Component: component_1755505149918_185.png
centerX: 0.5854838709677419
centerY: 0.4243374180678256
width: 0.0375
height: 0.038472499287546306
Area: 0.0005780067843977238
CentroidX: 0.6011
CentroidY: 0.4445
