Location: Dedata_28.png_Gaussian-Median.png
Component: component_1755505149480_207.png
centerX: 0.6838709677419355
centerY: 0.47705899116557426
width: 0.03225806451612903
height: 0.0347677400968937
Area: 0.0005328464133702277
CentroidX: 0.6983
CentroidY: 0.4943
