Location: Dedata_28.png_Otsu.png
Component: component_1755505150667_349.png
centerX: 0.7661290322580645
centerY: 0.7252778569392989
width: 0.03346774193548387
height: 0.033912795668281565
Area: 0.000494236019820002
CentroidX: 0.7799
CentroidY: 0.7431
