Location: Dedata_28.png_Mean-Medain.png
Component: component_1755505149929_206.png
centerX: 0.5790322580645161
centerY: 0.4841835280706754
width: 0.03346774193548387
height: 0.03562268452550584
Area: 0.0005927155057501907
CentroidX: 0.5945
CentroidY: 0.5022
