Location: Dedata_28.png_Otsu.png
Component: component_1755505150140_152.png
centerX: 0.7899193548387097
centerY: 0.28612140210886294
width: 0.029838709677419355
height: 0.031062980906241093
Area: 0.0004214967962566304
CentroidX: 0.8024
CentroidY: 0.3022
