Location: Dedata_28.png_Gaussian-Median.png
Component: component_1755505149446_63.png
centerX: 0.06169354838709677
centerY: 0.12282701624394414
width: 0.03346774193548387
height: 0.03619264747791394
Area: 0.0004651633127717666
CentroidX: 0.0768
CentroidY: 0.1414
