Location: Dedata_28.png_Gaussian-Median.png
Component: component_1755505149443_49.png
centerX: 0.5959677419354839
centerY: 0.1005984611000285
width: 0.03588709677419355
height: 0.04075235109717868
Area: 0.000524572757609465
CentroidX: 0.6109
CentroidY: 0.1223
