Location: Dedata_28.png_Mean-Closing.png
Component: component_1755505151094_299.png
centerX: 0.8137096774193548
centerY: 0.7768595041322314
width: 0.04153225806451613
height: 0.03505272157309775
Area: 0.0006121356144108697
CentroidX: 0.8319
CentroidY: 0.7951
