Location: Dedata_28.png_Gaussian-Median.png
Component: component_1755505149460_120.png
centerX: 0.48508064516129035
centerY: 0.256198347107438
width: 0.032661290322580645
height: 0.03818751781134226
Area: 0.0005057272083766168
CentroidX: 0.5005
CentroidY: 0.2758
