Location: Dedata_28.png_Otsu.png
Component: component_1755505150496_275.png
centerX: 0.33548387096774196
centerY: 0.5044172128811627
width: 0.03387096774193549
height: 0.03305785123966942
Area: 0.0004983728477003834
CentroidX: 0.3498
CentroidY: 0.5209
