Location: Dedata_28.png_Otsu.png
Component: component_1755505150492_270.png
centerX: 0.5790322580645161
centerY: 0.4844685095468795
width: 0.03306451612903226
height: 0.0353377030493018
Area: 0.000512162273968321
CentroidX: 0.5944
CentroidY: 0.5021
