Location: Dedata_28.png_Otsu.png
Component: component_1755505150494_273.png
centerX: 0.42983870967741933
centerY: 0.49586776859504134
width: 0.03225806451612903
height: 0.03305785123966942
Area: 0.0004887202493128269
CentroidX: 0.4448
CentroidY: 0.5124
