Location: Dedata_28.png_Mean-Closing.png
Component: component_1755505151063_249.png
centerX: 0.2725806451612903
centerY: 0.6166999145055572
width: 0.03387096774193549
height: 0.030493017953833
Area: 0.0005550244072844942
CentroidX: 0.2880
CentroidY: 0.6322
