Location: Dedata_28.png_Otsu.png
Component: component_1755505150626_327.png
centerX: 0.8443548387096774
centerY: 0.6423482473639214
width: 0.03346774193548387
height: 0.0353377030493018
Area: 0.000516758749390967
CentroidX: 0.8590
CentroidY: 0.6598
