Location: Dedata_28.png_Otsu.png
Component: component_1755505150167_244.png
centerX: 0.7294354838709678
centerY: 0.4169278996865204
width: 0.036290322580645164
height: 0.03562268452550584
Area: 0.00046412910580167127
CentroidX: 0.7455
CentroidY: 0.4348
