Location: Dedata_28.png_Mean-Closing.png
Component: component_1755505151055_235.png
centerX: 0.7661290322580645
centerY: 0.5745226560273582
width: 0.03669354838709677
height: 0.031917925334853235
Area: 0.0005268709953207881
CentroidX: 0.7816
CentroidY: 0.5909
