Location: Dedata_28.png_Mean-Closing.png
Component: component_1755505151037_209.png
centerX: 0.9120967741935484
centerY: 0.5141065830721003
width: 0.0375
height: 0.03163294385864919
Area: 0.0005558287904834573
CentroidX: 0.9283
CentroidY: 0.5296
