Location: Dedata_28.png_Mean-Medain.png
Component: component_1755505149759_39.png
centerX: 0.25040322580645163
centerY: 0.06469079509831861
width: 0.034274193548387094
height: 0.03419777714448561
Area: 0.0004759650300149845
CentroidX: 0.2650
CentroidY: 0.0835
