Location: Dedata_28.png_Gaussian-Median.png
Component: component_1755505149485_229.png
centerX: 0.6229838709677419
centerY: 0.5340552864063836
width: 0.036290322580645164
height: 0.030777999430037048
Area: 0.000496534257531325
CentroidX: 0.6381
CentroidY: 0.5494
