Location: Dedata_28.png_Otsu.png
Component: component_1755505150146_173.png
centerX: 0.35846774193548386
centerY: 0.3214591051581647
width: 0.03387096774193549
height: 0.03676261043032203
Area: 0.0003137094475955837
CentroidX: 0.3742
CentroidY: 0.3396
