Location: Dedata_28.png_Gaussian-Median.png
Component: component_1755505149478_196.png
centerX: 0.19193548387096773
centerY: 0.45397549159304645
width: 0.03588709677419355
height: 0.04217725847819892
Area: 0.00060765405087379
CentroidX: 0.2085
CentroidY: 0.4761
