Location: Dedata_28.png_Mean-Medain.png
Component: component_1755505149896_152.png
centerX: 0.1431451612903226
centerY: 0.33798803077799944
width: 0.028629032258064516
height: 0.04103733257338273
Area: 0.0004488458250213736
CentroidX: 0.1560
CentroidY: 0.3598
