Location: Dedata_28.png_Otsu.png
Component: component_1755505150645_333.png
centerX: 0.5701612903225807
centerY: 0.6580222285551439
width: 0.03346774193548387
height: 0.03505272157309775
Area: 0.0004976833763869864
CentroidX: 0.5853
CentroidY: 0.6764
