Location: Dedata_28.png_Mean-Medain.png
Component: component_1755505149816_81.png
centerX: 0.1975806451612903
centerY: 0.1701339412938159
width: 0.031451612903225803
height: 0.0353377030493018
Area: 0.0005083701817446382
CentroidX: 0.2115
CentroidY: 0.1883
