Location: Dedata_28.png_Mean-Closing.png
Component: component_1755505150967_111.png
centerX: 0.013306451612903225
centerY: 0.23510971786833856
width: 0.031048387096774193
height: 0.04360216585921915
Area: 0.0005769725774276285
CentroidX: 0.0281
CentroidY: 0.2581
