Location: Dedata_28.png_Mean-Medain.png
Component: component_1755505149914_175.png
centerX: 0.0625
centerY: 0.4032487888287261
width: 0.039919354838709675
height: 0.04331718438301511
Area: 0.0006769459178701772
CentroidX: 0.0805
CentroidY: 0.4259
