Location: Dedata_28.png_Gaussian-Median.png
Component: component_1755505149434_11.png
centerX: 0.013306451612903225
centerY: 0.007694499857509262
width: 0.034274193548387094
height: 0.038472499287546306
Area: 0.0005790409913678192
CentroidX: 0.0280
CentroidY: 0.0300
