Location: Dedata_28.png_Otsu.png
Component: component_1755505150728_388.png
centerX: 0.4153225806451613
centerY: 0.7950983186092904
width: 0.03508064516129032
height: 0.04018238814477059
Area: 0.0005700778642936596
CentroidX: 0.4312
CentroidY: 0.8157
