Location: Dedata_28.png_Gaussian-Median.png
Component: component_1755505149508_319.png
centerX: 0.30524193548387096
centerY: 0.798803077799943
width: 0.039112903225806454
height: 0.04103733257338273
Area: 0.0007165905183904982
CentroidX: 0.3239
CentroidY: 0.8201
