Location: Dedata_28.png_Otsu.png
Component: component_1755505150187_255.png
centerX: 0.23830645161290323
centerY: 0.4482758620689655
width: 0.03467741935483871
height: 0.04217725847819892
Area: 0.0005560586142545896
CentroidX: 0.2536
CentroidY: 0.4705
