Location: Dedata_28.png_Otsu.png
Component: component_1755505150124_107.png
centerX: 0.3866935483870968
centerY: 0.213451125676831
width: 0.03508064516129032
height: 0.03818751781134226
Area: 0.00035151545794684635
CentroidX: 0.4031
CentroidY: 0.2338
