Location: Dedata_28.png_Otsu.png
Component: component_1755505150162_231.png
centerX: 0.3008064516129032
centerY: 0.3847249928754631
width: 0.034274193548387094
height: 0.04103733257338273
Area: 0.0005302034400022064
CentroidX: 0.3161
CentroidY: 0.4046
