Location: Dedata_28.png_Mean-Closing.png
Component: component_1755505151064_251.png
centerX: 0.1693548387096774
centerY: 0.6206896551724138
width: 0.036290322580645164
height: 0.03733257338273012
Area: 0.0006096075529284145
CentroidX: 0.1873
CentroidY: 0.6392
