Location: Dedata_28.png_Mean-Closing.png
Component: component_1755505150886_6.png
centerX: 0.8137096774193548
centerY: 0.005414648047876888
width: 0.036290322580645164
height: 0.043032202906811055
Area: 0.0005917962106656616
CentroidX: 0.8294
CentroidY: 0.0295
