Location: Dedata_28.png_Mean-Medain.png
Component: component_1755505149976_284.png
centerX: 0.8564516129032258
centerY: 0.7227130236534626
width: 0.03387096774193549
height: 0.03277286976346538
Area: 0.0005379025363351382
CentroidX: 0.8715
CentroidY: 0.7394
