Location: Dedata_28.png_Otsu.png
Component: component_1755505150497_277.png
centerX: 0.23709677419354838
centerY: 0.5115417497862639
width: 0.02903225806451613
height: 0.03590766600170989
Area: 0.0004728624091046985
CentroidX: 0.2496
CentroidY: 0.5297
