Location: Dedata_28.png_Mean-Medain.png
Component: component_1755505149861_122.png
centerX: 0.3278225806451613
centerY: 0.26987745796523227
width: 0.03669354838709677
height: 0.03932744371615845
Area: 0.0005747892516018716
CentroidX: 0.3439
CentroidY: 0.2900
