Location: Dedata_28.png_Mean-Closing.png
Component: component_1755505150965_107.png
centerX: 0.1064516129032258
centerY: 0.22941008834425763
width: 0.032661290322580645
height: 0.04217725847819892
Area: 0.0004812509767510273
CentroidX: 0.1206
CentroidY: 0.2521
