Location: Dedata_28.png_Mean-Closing.png
Component: component_1755505151080_274.png
centerX: 0.06048387096774194
centerY: 0.6927899686520376
width: 0.03790322580645161
height: 0.0353377030493018
Area: 0.0006279934546189981
CentroidX: 0.0771
CentroidY: 0.7111
