Location: Dedata_28.png_Mean-Closing.png
Component: component_1755505150992_146.png
centerX: 0.1810483870967742
centerY: 0.33456825306355087
width: 0.034274193548387094
height: 0.039042462239954404
Area: 0.000512851745281718
CentroidX: 0.1975
CentroidY: 0.3547
