Location: Dedata_28.png_Mean-Medain.png
Component: component_1755505149642_11.png
centerX: 0.572983870967742
centerY: 0.007124536905101168
width: 0.035483870967741936
height: 0.039612425192362494
Area: 0.0005707673356070565
CentroidX: 0.5877
CentroidY: 0.0297
