Location: Dedata_28.png_Mean-Medain.png
Component: component_1755505149936_216.png
centerX: 0.19233870967741937
centerY: 0.5192362496437731
width: 0.0375
height: 0.034482758620689655
Area: 0.0005650217413287491
CentroidX: 0.2089
CentroidY: 0.5365
