Location: Dedata_28.png_Otsu.png
Component: component_1755505150619_324.png
centerX: 0.0125
centerY: 0.6357936734112283
width: 0.03387096774193549
height: 0.03277286976346538
Area: 0.00048446850954687946
CentroidX: 0.0275
CentroidY: 0.6532
