Location: Dedata_28.png_Otsu.png
Component: component_1755505150145_168.png
centerX: 0.5403225806451613
centerY: 0.3072100313479624
width: 0.02661290322580645
height: 0.0353377030493018
Area: 0.0004363204294946635
CentroidX: 0.5519
CentroidY: 0.3262
