Location: Dedata_28.png_Mean-Closing.png
Component: component_1755505150973_117.png
centerX: 0.5318548387096774
centerY: 0.25334853234539756
width: 0.03225806451612903
height: 0.04018238814477059
Area: 0.0005404305978175934
CentroidX: 0.5470
CentroidY: 0.2741
