Location: Dedata_28.png_Otsu.png
Component: component_1755505150139_151.png
centerX: 0.13709677419354838
centerY: 0.2855514391564548
width: 0.03306451612903226
height: 0.03932744371615845
Area: 0.00044413443771316156
CentroidX: 0.1519
CentroidY: 0.3065
