Location: Dedata_28.png_Mean-Closing.png
Component: component_1755505151002_159.png
centerX: 0.5661290322580645
centerY: 0.36563123396979197
width: 0.03225806451612903
height: 0.039042462239954404
Area: 0.0005749041634874379
CentroidX: 0.5805
CentroidY: 0.3858
