Location: Dedata_28.png_Otsu.png
Component: component_1755505150113_72.png
centerX: 0.6395161290322581
centerY: 0.14990025648332858
width: 0.03225806451612903
height: 0.03334283271587347
Area: 0.0003989740666856654
CentroidX: 0.6540
CentroidY: 0.1669
