Location: Dedata_3.png_Mean-Medain.png
Component: component_1755523486066_7.png
centerX: 0.08830645161290322
centerY: 0.012824166429182103
width: 0.04395161290322581
height: 0.025933314334568254
Area: 0.0006862537806010351
CentroidX: 0.1096
CentroidY: 0.0245
