Location: Dedata_28.png_Gaussian-Median.png
Component: component_1755505149461_130.png
centerX: 0.8282258064516129
centerY: 0.2809917355371901
width: 0.03185483870967742
height: 0.03362781419207751
Area: 0.00047401152796036
CentroidX: 0.8412
CentroidY: 0.2989
