Location: Dedata_28.png_Mean-Medain.png
Component: component_1755505149817_84.png
centerX: 0.1032258064516129
centerY: 0.17298375605585636
width: 0.03387096774193549
height: 0.03419777714448561
Area: 0.0004821702718355565
CentroidX: 0.1189
CentroidY: 0.1907
