Location: Dedata_28.png_Otsu.png
Component: component_1755505150110_65.png
centerX: 0.9536290322580645
centerY: 0.1365061271017384
width: 0.028225806451612902
height: 0.03619264747791394
Area: 0.00038150746007961097
CentroidX: 0.9658
CentroidY: 0.1562
