Location: Dedata_28.png_Gaussian-Median.png
Component: component_1755505149463_136.png
centerX: 0.7008064516129032
centerY: 0.28982616129951555
width: 0.031048387096774193
height: 0.03505272157309775
Area: 0.0004874562185715993
CentroidX: 0.7158
CentroidY: 0.3071
