Location: Dedata_28.png_Gaussian-Median.png
Component: component_1755505149474_180.png
centerX: 0.9108870967741935
centerY: 0.4066685665431747
width: 0.03064516129032258
height: 0.03505272157309775
Area: 0.0004946956673622667
CentroidX: 0.9241
CentroidY: 0.4248
