Location: Dedata_28.png_Gaussian-Median.png
Component: component_1755505149459_115.png
centerX: 0.6818548387096774
centerY: 0.2413793103448276
width: 0.031451612903225803
height: 0.04331718438301511
Area: 0.0005162991018487024
CentroidX: 0.6956
CentroidY: 0.2640
