Location: Dedata_28.png_Mean-Closing.png
Component: component_1755505151081_277.png
centerX: 0.9008064516129032
centerY: 0.7167284126531775
width: 0.03387096774193549
height: 0.03761755485893417
Area: 0.0006116759668686051
CentroidX: 0.9165
CentroidY: 0.7365
