Location: Dedata_28.png_Mean-Closing.png
Component: component_1755505150933_56.png
centerX: 0.39395161290322583
centerY: 0.11000284981476204
width: 0.03467741935483871
height: 0.03619264747791394
Area: 0.0005013605567251031
CentroidX: 0.4087
CentroidY: 0.1293
