Location: Dedata_28.png_Gaussian-Median.png
Component: component_1755505149433_5.png
centerX: 0.7620967741935484
centerY: 0.005414648047876888
width: 0.04032258064516129
height: 0.043032202906811055
Area: 0.000536983241250609
CentroidX: 0.7784
CentroidY: 0.0299
