Location: Dedata_28.png_Mean-Medain.png
Component: component_1755505149930_209.png
centerX: 0.42943548387096775
centerY: 0.4955827871188373
width: 0.03346774193548387
height: 0.03362781419207751
Area: 0.0005665155958411091
CentroidX: 0.4449
CentroidY: 0.5125
