Location: Dedata_28.png_Mean-Medain.png
Component: component_1755505149991_320.png
centerX: 0.1028225806451613
centerY: 0.8079224850384725
width: 0.03346774193548387
height: 0.04075235109717868
Area: 0.0006685573502238484
CentroidX: 0.1176
CentroidY: 0.8298
