Location: Dedata_28.png_Gaussian-Median.png
Component: component_1755505149442_44.png
centerX: 0.9036290322580646
centerY: 0.09318894271872329
width: 0.035483870967741936
height: 0.034482758620689655
Area: 0.00045355721232958566
CentroidX: 0.9191
CentroidY: 0.1109
