Location: Dedata_28.png_Mean-Medain.png
Component: component_1755505149753_31.png
centerX: 0.7653225806451613
centerY: 0.05642633228840126
width: 0.03024193548387097
height: 0.03305785123966942
Area: 0.000441376552459574
CentroidX: 0.7778
CentroidY: 0.0742
