Location: Dedata_28.png_Otsu.png
Component: component_1755505150680_356.png
centerX: 0.4935483870967742
centerY: 0.7363921345112567
width: 0.03024193548387097
height: 0.03619264747791394
Area: 0.0004983728477003834
CentroidX: 0.5071
CentroidY: 0.7547
