Location: Dedata_28.png_Mean-Closing.png
Component: component_1755505151062_246.png
centerX: 0.419758064516129
centerY: 0.6044457110287831
width: 0.03225806451612903
height: 0.03163294385864919
Area: 0.0005023947636951985
CentroidX: 0.4328
CentroidY: 0.6209
