Location: Dedata_28.png_Mean-Closing.png
Component: component_1755505151060_244.png
centerX: 0.5165322580645161
centerY: 0.5941863778854375
width: 0.03346774193548387
height: 0.03163294385864919
Area: 0.000531582382629
CentroidX: 0.5313
CentroidY: 0.6102
