Location: Dedata_28.png_Gaussian-Median.png
Component: component_1755505149474_181.png
centerX: 0.014516129032258065
centerY: 0.4069535480193787
width: 0.03387096774193549
height: 0.043032202906811055
Area: 0.000627074159534469
CentroidX: 0.0307
CentroidY: 0.4294
