Location: Dedata_28.png_Gaussian-Median.png
Component: component_1755505149460_121.png
centerX: 0.4310483870967742
centerY: 0.2618979766315189
width: 0.03588709677419355
height: 0.036477628954117984
Area: 0.0005127368333961519
CentroidX: 0.4473
CentroidY: 0.2806
