Location: Dedata_3.png_Mean-Medain.png
Component: component_1755523486065_5.png
centerX: 0.7064516129032258
centerY: 0.011114277571957822
width: 0.06169354838709677
height: 0.02792818466799658
Area: 0.000745203577896469
CentroidX: 0.7380
CentroidY: 0.0227
