Location: Dedata_28.png_Otsu.png
Component: component_1755505150394_264.png
centerX: 0.817741935483871
centerY: 0.4676546024508407
width: 0.031451612903225803
height: 0.030493017953833
Area: 0.00041322314049586776
CentroidX: 0.8320
CentroidY: 0.4830
