Location: Dedata_28.png_Gaussian-Median.png
Component: component_1755505149465_143.png
centerX: 0.4975806451612903
centerY: 0.31148475349102306
width: 0.03306451612903226
height: 0.03619264747791394
Area: 0.00048446850954687946
CentroidX: 0.5116
CentroidY: 0.3301
