Location: Dedata_28.png_Otsu.png
Component: component_1755505150112_69.png
centerX: 0.769758064516129
centerY: 0.14163579367341123
width: 0.034274193548387094
height: 0.0347677400968937
Area: 0.0004106950790134125
CentroidX: 0.7842
CentroidY: 0.1602
