Location: Dedata_28.png_Gaussian-Median.png
Component: component_1755505149452_89.png
centerX: 0.834274193548387
centerY: 0.18438301510401825
width: 0.03306451612903226
height: 0.03505272157309775
Area: 0.0004727474972191324
CentroidX: 0.8490
CentroidY: 0.2024
