Location: Dedata_28.png_Mean-Closing.png
Component: component_1755505151087_287.png
centerX: 0.40725806451612906
centerY: 0.737532060416073
width: 0.031451612903225803
height: 0.04075235109717868
Area: 0.0006047812537346363
CentroidX: 0.4226
CentroidY: 0.7597
