Location: Dedata_28.png_Mean-Medain.png
Component: component_1755505149917_183.png
centerX: 0.6786290322580645
centerY: 0.41920775149615275
width: 0.03508064516129032
height: 0.0353377030493018
Area: 0.0005535305527721344
CentroidX: 0.6944
CentroidY: 0.4373
