Location: Dedata_28.png_Otsu.png
Component: component_1755505150589_293.png
centerX: 0.42943548387096775
centerY: 0.5483043602165859
width: 0.032661290322580645
height: 0.03362781419207751
Area: 0.0004422958475441032
CentroidX: 0.4451
CentroidY: 0.5649
