Location: Dedata_28.png_Otsu.png
Component: component_1755505150133_142.png
centerX: 0.3282258064516129
centerY: 0.2701624394414363
width: 0.03588709677419355
height: 0.03875748076375036
Area: 0.0004416063762307063
CentroidX: 0.3432
CentroidY: 0.2898
