Location: Dedata_28.png_Gaussian-Median.png
Component: component_1755505149476_188.png
centerX: 0.5854838709677419
centerY: 0.4243374180678256
width: 0.0375
height: 0.038472499287546306
Area: 0.0005457165445536363
CentroidX: 0.6010
CentroidY: 0.4444
