Location: Dedata_28.png_Otsu.png
Component: component_1755505150099_33.png
centerX: 0.017338709677419354
centerY: 0.06412083214591052
width: 0.02379032258064516
height: 0.04103733257338273
Area: 0.0004179345278040798
CentroidX: 0.0275
CentroidY: 0.0862
