Location: Dedata_28.png_Gaussian-Median.png
Component: component_1755505149436_21.png
centerX: 0.2310483870967742
centerY: 0.009974351667141636
width: 0.03306451612903226
height: 0.037902536335138216
Area: 0.0005034289706652939
CentroidX: 0.2443
CentroidY: 0.0310
