Location: Dedata_28.png_Gaussian-Median.png
Component: component_1755505149455_102.png
centerX: 0.2915322580645161
centerY: 0.21687090339127957
width: 0.031048387096774193
height: 0.04360216585921915
Area: 0.00044827126559354285
CentroidX: 0.3049
CentroidY: 0.2401
