Location: Dedata_28.png_Otsu.png
Component: component_1755505150487_266.png
centerX: 0.7306451612903225
centerY: 0.47677400968937017
width: 0.032661290322580645
height: 0.03220290681105728
Area: 0.0004449388209121246
CentroidX: 0.7452
CentroidY: 0.4928
