Location: Dedata_28.png_Gaussian-Median.png
Component: component_1755505149455_100.png
centerX: 0.3350806451612903
centerY: 0.2140210886292391
width: 0.036290322580645164
height: 0.04132231404958678
Area: 0.0004432151426286324
CentroidX: 0.3516
CentroidY: 0.2364
