Location: Dedata_28.png_Gaussian-Median.png
Component: component_1755505149494_262.png
centerX: 0.06129032258064516
centerY: 0.6343687660302081
width: 0.03387096774193549
height: 0.03277286976346538
Area: 0.0005173333088187977
CentroidX: 0.0764
CentroidY: 0.6517
