Location: Dedata_28.png_Otsu.png
Component: component_1755505150665_348.png
centerX: 0.8568548387096774
centerY: 0.7232829866058706
width: 0.03306451612903226
height: 0.031917925334853235
Area: 0.00046022210169242226
CentroidX: 0.8714
CentroidY: 0.7393
