Location: Dedata_28.png_Gaussian-Median.png
Component: component_1755505149439_36.png
centerX: 0.3435483870967742
centerY: 0.06298090624109433
width: 0.028225806451612902
height: 0.03676261043032203
Area: 0.00046412910580167127
CentroidX: 0.3562
CentroidY: 0.0824
