Location: Dedata_28.png_Mean-Closing.png
Component: component_1755505151072_260.png
centerX: 0.7157258064516129
centerY: 0.6517526360786549
width: 0.03225806451612903
height: 0.034482758620689655
Area: 0.0005504279318618484
CentroidX: 0.7311
CentroidY: 0.6700
