Location: Dedata_28.png_Otsu.png
Component: component_1755505150602_306.png
centerX: 0.7181451612903226
centerY: 0.579082359646623
width: 0.03387096774193549
height: 0.030777999430037048
Area: 0.00046332472260270823
CentroidX: 0.7326
CentroidY: 0.5947
