Location: Dedata_28.png_Otsu.png
Component: component_1755505150160_229.png
centerX: 0.38870967741935486
centerY: 0.38073525220860643
width: 0.03467741935483871
height: 0.039897406668566546
Area: 0.0005040035300931246
CentroidX: 0.4039
CentroidY: 0.4010
