Location: Dedata_28.png_Gaussian-Median.png
Component: component_1755505149472_175.png
centerX: 0.20927419354838708
centerY: 0.3938444001139926
width: 0.03588709677419355
height: 0.039897406668566546
Area: 0.0005831778192482005
CentroidX: 0.2245
CentroidY: 0.4146
