Location: Dedata_28.png_Gaussian-Median.png
Component: component_1755505149459_117.png
centerX: 0.5782258064516129
centerY: 0.2487888287261328
width: 0.03346774193548387
height: 0.043032202906811055
Area: 0.0005728357495472471
CentroidX: 0.5936
CentroidY: 0.2713
