Location: Dedata_28.png_Gaussian-Median.png
Component: component_1755505149481_211.png
centerX: 0.48185483870967744
centerY: 0.49130806497577656
width: 0.0375
height: 0.03619264747791394
Area: 0.0005699629524080935
CentroidX: 0.4977
CentroidY: 0.5091
