Location: Dedata_28.png_Mean-Closing.png
Component: component_1755505150893_14.png
centerX: 0.5201612903225806
centerY: 0.007694499857509262
width: 0.03467741935483871
height: 0.03761755485893417
Area: 0.0006011040733965195
CentroidX: 0.5371
CentroidY: 0.0281
