Location: Dedata_28.png_Mean-Medain.png
Component: component_1755505149951_229.png
centerX: 0.4290322580645161
centerY: 0.5480193787403819
width: 0.03306451612903226
height: 0.03419777714448561
Area: 0.0005265262596640895
CentroidX: 0.4453
CentroidY: 0.5651
