Location: Dedata_28.png_Otsu.png
Component: component_1755505150093_19.png
centerX: 0.2310483870967742
centerY: 0.010259333143345683
width: 0.032661290322580645
height: 0.03761755485893417
Area: 0.00047516064681602145
CentroidX: 0.2443
CentroidY: 0.0311
