Location: Dedata_28.png_Mean-Closing.png
Component: component_1755505150946_77.png
centerX: 0.3407258064516129
centerY: 0.16044457110287833
width: 0.034274193548387094
height: 0.04018238814477059
Area: 0.0005314674707434339
CentroidX: 0.3563
CentroidY: 0.1812
