Location: Dedata_28.png_Mean-Closing.png
Component: component_1755505150987_139.png
centerX: 0.4975806451612903
centerY: 0.31176973496722715
width: 0.032661290322580645
height: 0.03590766600170989
Area: 0.0005222745198981421
CentroidX: 0.5116
CentroidY: 0.3302
