Location: Dedata_28.png_Gaussian-Median.png
Component: component_1755505149470_166.png
centerX: 0.5661290322580645
centerY: 0.36563123396979197
width: 0.03225806451612903
height: 0.039042462239954404
Area: 0.0005461761920959008
CentroidX: 0.5805
CentroidY: 0.3858
