Location: Dedata_28.png_Gaussian-Median.png
Component: component_1755505149466_146.png
centerX: 0.3580645161290323
centerY: 0.3211741236819607
width: 0.03508064516129032
height: 0.037902536335138216
Area: 0.0005051526489487861
CentroidX: 0.3737
CentroidY: 0.3399
