Location: Dedata_28.png_Otsu.png
Component: component_1755505150160_227.png
centerX: 0.43790322580645163
centerY: 0.3750356226845255
width: 0.03225806451612903
height: 0.04189227700199487
Area: 0.0005015903804962355
CentroidX: 0.4519
CentroidY: 0.3974
