Location: Dedata_28.png_Mean-Closing.png
Component: component_1755505151049_225.png
centerX: 0.3790322580645161
centerY: 0.5522941008834426
width: 0.03790322580645161
height: 0.03505272157309775
Area: 0.0005624936798462939
CentroidX: 0.3959
CentroidY: 0.5700
