Location: Dedata_28.png_Otsu.png
Component: component_1755505150582_282.png
centerX: 0.8181451612903226
centerY: 0.5203761755485894
width: 0.031048387096774193
height: 0.028498147620404674
Area: 0.0004341371036689067
CentroidX: 0.8313
CentroidY: 0.5348
