Location: Dedata_28.png_Mean-Medain.png
Component: component_1755505149915_178.png
centerX: 0.014112903225806451
centerY: 0.4069535480193787
width: 0.034274193548387094
height: 0.043032202906811055
Area: 0.0006666038481692239
CentroidX: 0.0307
CentroidY: 0.4294
