Location: Dedata_28.png_Mean-Closing.png
Component: component_1755505150999_155.png
centerX: 0.7564516129032258
centerY: 0.353662011969222
width: 0.03508064516129032
height: 0.037902536335138216
Area: 0.0006000698664264243
CentroidX: 0.7729
CentroidY: 0.3724
