Location: Dedata_28.png_Gaussian-Median.png
Component: component_1755505149435_17.png
centerX: 0.12217741935483871
centerY: 0.00883442576232545
width: 0.03064516129032258
height: 0.038472499287546306
Area: 0.00048377903823348256
CentroidX: 0.1348
CentroidY: 0.0297
