Location: Dedata_28.png_Otsu.png
Component: component_1755505150101_39.png
centerX: 0.19959677419354838
centerY: 0.06668566543174693
width: 0.03306451612903226
height: 0.03362781419207751
Area: 0.00043655025326579577
CentroidX: 0.2148
CentroidY: 0.0849
