Location: Dedata_28.png_Mean-Medain.png
Component: component_1755505149922_190.png
centerX: 0.33911290322580645
centerY: 0.4442861214021089
width: 0.03669354838709677
height: 0.037047591906526074
Area: 0.0005860506163873542
CentroidX: 0.3556
CentroidY: 0.4632
