Location: Dedata_28.png_Mean-Closing.png
Component: component_1755505150976_122.png
centerX: 0.2721774193548387
centerY: 0.274437161584497
width: 0.0407258064516129
height: 0.04132231404958678
Area: 0.000627878542733432
CentroidX: 0.2910
CentroidY: 0.2959
