Location: Dedata_28.png_Otsu.png
Component: component_1755505150170_250.png
centerX: 0.4411290322580645
centerY: 0.4360216585921915
width: 0.03387096774193549
height: 0.036477628954117984
Area: 0.0005205508416146499
CentroidX: 0.4574
CentroidY: 0.4548
