Location: Dedata_28.png_Otsu.png
Component: component_1755505150158_217.png
centerX: 0.5661290322580645
centerY: 0.36563123396979197
width: 0.03225806451612903
height: 0.03875748076375036
Area: 0.000501935116152934
CentroidX: 0.5806
CentroidY: 0.3858
