Location: Dedata_28.png_Mean-Medain.png
Component: component_1755505149901_158.png
centerX: 0.7991935483870968
centerY: 0.3488173268737532
width: 0.03064516129032258
height: 0.03761755485893417
Area: 0.0005234236387538036
CentroidX: 0.8129
CentroidY: 0.3683
