Location: Dedata_28.png_Mean-Medain.png
Component: component_1755505149878_148.png
centerX: 0.31290322580645163
centerY: 0.32345397549159305
width: 0.034274193548387094
height: 0.04132231404958678
Area: 0.0005441077781557102
CentroidX: 0.3287
CentroidY: 0.3444
