Location: Dedata_28.png_Otsu.png
Component: component_1755505150129_122.png
centerX: 0.014112903225806451
centerY: 0.2353946993445426
width: 0.03024193548387097
height: 0.04274722143060701
Area: 0.00046470366522950203
CentroidX: 0.0283
CentroidY: 0.2578
