Location: Dedata_28.png_Mean-Closing.png
Component: component_1755505151050_229.png
centerX: 0.28669354838709676
centerY: 0.5616984895981761
width: 0.032661290322580645
height: 0.03590766600170989
Area: 0.0005380174482207044
CentroidX: 0.3028
CentroidY: 0.5799
