Location: Dedata_28.png_Mean-Medain.png
Component: component_1755505149736_24.png
centerX: 0.6693548387096774
centerY: 0.053576517526360785
width: 0.029838709677419355
height: 0.03875748076375036
Area: 0.0004968789931880234
CentroidX: 0.6827
CentroidY: 0.0757
