Location: Dedata_28.png_Gaussian-Median.png
Component: component_1755505149503_297.png
centerX: 0.4532258064516129
centerY: 0.7383870048446851
width: 0.03387096774193549
height: 0.03818751781134226
Area: 0.000537672712564006
CentroidX: 0.4675
CentroidY: 0.7579
