Location: Dedata_28.png_Mean-Closing.png
Component: component_1755505150915_37.png
centerX: 0.016935483870967744
centerY: 0.06383585066970647
width: 0.024596774193548387
height: 0.04160729552579082
Area: 0.0004795272984675351
CentroidX: 0.0274
CentroidY: 0.0861
