Location: Dedata_28.png_Mean-Closing.png
Component: component_1755505151035_206.png
centerX: 0.3350806451612903
centerY: 0.5041322314049587
width: 0.034274193548387094
height: 0.03362781419207751
Area: 0.0005641024462442199
CentroidX: 0.3498
CentroidY: 0.5210
