Location: Dedata_28.png_Gaussian-Median.png
Component: component_1755505149505_308.png
centerX: 0.8137096774193548
centerY: 0.7768595041322314
width: 0.04153225806451613
height: 0.03505272157309775
Area: 0.0005800751983379144
CentroidX: 0.8320
CentroidY: 0.7951
