Location: Dedata_28.png_Otsu.png
Component: component_1755505150120_92.png
centerX: 0.7495967741935484
centerY: 0.18922770019948704
width: 0.03185483870967742
height: 0.03676261043032203
Area: 0.0004154064663216246
CentroidX: 0.7635
CentroidY: 0.2083
