Location: Dedata_28.png_Mean-Closing.png
Component: component_1755505150965_106.png
centerX: 0.9032258064516129
centerY: 0.22599031062980907
width: 0.032661290322580645
height: 0.039612425192362494
Area: 0.0005381323601062705
CentroidX: 0.9176
CentroidY: 0.2465
