Location: Dedata_28.png_Mean-Closing.png
Component: component_1755505151008_166.png
centerX: 0.2600806451612903
centerY: 0.3895696779709319
width: 0.03467741935483871
height: 0.040467369620974636
Area: 0.0006353478152952316
CentroidX: 0.2755
CentroidY: 0.4097
