Location: Dedata_28.png_Mean-Closing.png
Component: component_1755505150902_25.png
centerX: 0.8584677419354839
centerY: 0.05386149900256483
width: 0.03467741935483871
height: 0.03362781419207751
Area: 0.0004755053824727199
CentroidX: 0.8735
CentroidY: 0.0717
