Location: Dedata_28.png_Gaussian-Median.png
Component: component_1755505149507_314.png
centerX: 0.5766129032258065
centerY: 0.786263892846965
width: 0.039112903225806454
height: 0.03932744371615845
Area: 0.0006730389137609281
CentroidX: 0.5948
CentroidY: 0.8067
