Location: Dedata_28.png_Mean-Medain.png
Component: component_1755505149913_173.png
centerX: 0.1596774193548387
centerY: 0.3952693074950128
width: 0.035483870967741936
height: 0.04160729552579082
Area: 0.0006462644444240156
CentroidX: 0.1760
CentroidY: 0.4170
