Location: Dedata_28.png_Gaussian-Median.png
Component: component_1755505149499_282.png
centerX: 0.11451612903225807
centerY: 0.6873753206041607
width: 0.03387096774193549
height: 0.03619264747791394
Area: 0.0005740997802884748
CentroidX: 0.1302
CentroidY: 0.7053
