Location: Dedata_28.png_Mean-Closing.png
Component: component_1755505150985_137.png
centerX: 0.5798387096774194
centerY: 0.30350527215730977
width: 0.032661290322580645
height: 0.03562268452550584
Area: 0.0005250324051517297
CentroidX: 0.5942
CentroidY: 0.3224
