Location: Dedata_28.png_Otsu.png
Component: component_1755505150090_11.png
centerX: 0.32661290322580644
centerY: 0.008264462809917356
width: 0.0375
height: 0.038472499287546306
Area: 0.0005358341223949476
CentroidX: 0.3414
CentroidY: 0.0299
