Location: Dedata_28.png_Mean-Medain.png
Component: component_1755505149850_106.png
centerX: 0.1971774193548387
centerY: 0.22570532915360503
width: 0.031451612903225803
height: 0.036477628954117984
Area: 0.0004294257163606946
CentroidX: 0.2104
CentroidY: 0.2443
