Location: Dedata_28.png_Gaussian-Median.png
Component: component_1755505149505_307.png
centerX: 0.8975806451612903
centerY: 0.7720148190367626
width: 0.04395161290322581
height: 0.03419777714448561
Area: 0.0005613445609906324
CentroidX: 0.9183
CentroidY: 0.7898
