Location: Dedata_28.png_Mean-Closing.png
Component: component_1755505150997_151.png
centerX: 0.8362903225806452
centerY: 0.347392419492733
width: 0.034274193548387094
height: 0.034482758620689655
Area: 0.0005604252659061032
CentroidX: 0.8530
CentroidY: 0.3648
