Location: Dedata_28.png_Mean-Closing.png
Component: component_1755505151092_295.png
centerX: 0.06451612903225806
centerY: 0.7569108007979481
width: 0.03669354838709677
height: 0.03733257338273012
Area: 0.0006462644444240156
CentroidX: 0.0809
CentroidY: 0.7761
