Location: Dedata_28.png_Otsu.png
Component: component_1755505150663_344.png
centerX: 0.06048387096774194
centerY: 0.6930749501282417
width: 0.03790322580645161
height: 0.0347677400968937
Area: 0.0005528410814587374
CentroidX: 0.0770
CentroidY: 0.7111
