Location: Dedata_28.png_Mean-Medain.png
Component: component_1755505149897_153.png
centerX: 0.932258064516129
centerY: 0.33998290111142776
width: 0.03185483870967742
height: 0.038472499287546306
Area: 0.000575019075373004
CentroidX: 0.9462
CentroidY: 0.3595
