Location: Dedata_28.png_Mean-Medain.png
Component: component_1755505149978_288.png
centerX: 0.6725806451612903
centerY: 0.7275577087489313
width: 0.0375
height: 0.0347677400968937
Area: 0.00059214094632236
CentroidX: 0.6889
CentroidY: 0.7459
