Location: Dedata_28.png_Mean-Medain.png
Component: component_1755505149945_219.png
centerX: 0.7725806451612903
centerY: 0.5223710458820177
width: 0.032661290322580645
height: 0.029923055001424906
Area: 0.00046596769597072963
CentroidX: 0.7855
CentroidY: 0.5379
