Location: Dedata_28.png_Mean-Medain.png
Component: component_1755505149916_181.png
centerX: 0.775
centerY: 0.41293815901966374
width: 0.034274193548387094
height: 0.03676261043032203
Area: 0.0005410051572454243
CentroidX: 0.7905
CentroidY: 0.4314
