Location: Dedata_28.png_Mean-Closing.png
Component: component_1755505150972_116.png
centerX: 0.5782258064516129
centerY: 0.2487888287261328
width: 0.03306451612903226
height: 0.043032202906811055
Area: 0.0005997251307697257
CentroidX: 0.5937
CentroidY: 0.2713
