Location: Dedata_28.png_Gaussian-Median.png
Component: component_1755505149434_10.png
centerX: 0.6645161290322581
centerY: 0.006554573952693075
width: 0.035483870967741936
height: 0.039612425192362494
Area: 0.0005202061059579515
CentroidX: 0.6793
CentroidY: 0.0289
