Location: Dedata_28.png_Mean-Medain.png
Component: component_1755505149790_50.png
centerX: 0.6588709677419354
centerY: 0.1005984611000285
width: 0.03225806451612903
height: 0.03875748076375036
Area: 0.0005303183518877725
CentroidX: 0.6727
CentroidY: 0.1206
