Location: Dedata_28.png_Gaussian-Median.png
Component: component_1755505149446_64.png
centerX: 0.9532258064516129
centerY: 0.1365061271017384
width: 0.02903225806451613
height: 0.037047591906526074
Area: 0.00043689498892249425
CentroidX: 0.9657
CentroidY: 0.1563
