Location: Dedata_28.png_Mean-Closing.png
Component: component_1755505151097_304.png
centerX: 0.6286290322580645
centerY: 0.7854089484183528
width: 0.03185483870967742
height: 0.04018238814477059
Area: 0.0006369565816931577
CentroidX: 0.6435
CentroidY: 0.8062
