Location: Dedata_28.png_Otsu.png
Component: component_1755505150102_45.png
centerX: 0.7701612903225806
centerY: 0.09746366486178398
width: 0.028225806451612902
height: 0.03305785123966942
Area: 0.0003919644416661304
CentroidX: 0.7825
CentroidY: 0.1147
