Location: Dedata_28.png_Mean-Medain.png
Component: component_1755505149849_105.png
centerX: 0.14556451612903226
centerY: 0.22599031062980907
width: 0.039112903225806454
height: 0.03818751781134226
Area: 0.0004845834214324456
CentroidX: 0.1633
CentroidY: 0.2464
