Location: Dedata_28.png_Mean-Medain.png
Component: component_1755505149914_176.png
centerX: 0.9512096774193548
centerY: 0.40381875178113424
width: 0.03387096774193549
height: 0.03163294385864919
Area: 0.00046447384145836975
CentroidX: 0.9654
CentroidY: 0.4209
