Location: Dedata_28.png_Gaussian-Median.png
Component: component_1755505149492_255.png
centerX: 0.419758064516129
centerY: 0.6047306925049871
width: 0.03225806451612903
height: 0.031062980906241093
Area: 0.0004660826078562958
CentroidX: 0.4327
CentroidY: 0.6208
