Location: Dedata_28.png_Gaussian-Median.png
Component: component_1755505149486_232.png
centerX: 0.4790322580645161
centerY: 0.5445996010259333
width: 0.03346774193548387
height: 0.03419777714448561
Area: 0.0005241131100672005
CentroidX: 0.4947
CentroidY: 0.5613
