Location: Dedata_28.png_Otsu.png
Component: component_1755505150643_332.png
centerX: 0.6153225806451613
centerY: 0.6554573952693075
width: 0.03225806451612903
height: 0.03761755485893417
Area: 0.0005216999604703114
CentroidX: 0.6305
CentroidY: 0.6751
