Location: Dedata_28.png_Otsu.png
Component: component_1755505150109_59.png
centerX: 0.14838709677419354
centerY: 0.11940723852949559
width: 0.03225806451612903
height: 0.03733257338273012
Area: 0.0004241397696246518
CentroidX: 0.1633
CentroidY: 0.1384
