Location: Dedata_28.png_Otsu.png
Component: component_1755505150106_52.png
centerX: 0.4383064516129032
centerY: 0.10658307210031348
width: 0.03870967741935484
height: 0.03562268452550584
Area: 0.00041218893352577244
CentroidX: 0.4555
CentroidY: 0.1254
