Location: Dedata_28.png_Otsu.png
Component: component_1755505150085_1.png
centerX: 0.6189516129032258
centerY: 0.005414648047876888
width: 0.03064516129032258
height: 0.04018238814477059
Area: 0.0004882606017705623
CentroidX: 0.6337
CentroidY: 0.0277
