Location: Dedata_28.png_Gaussian-Median.png
Component: component_1755505149482_216.png
centerX: 0.28266129032258064
centerY: 0.5075520091194072
width: 0.03306451612903226
height: 0.034482758620689655
Area: 0.0005254920526939943
CentroidX: 0.2980
CentroidY: 0.5250
