Location: Dedata_28.png_Mean-Medain.png
Component: component_1755505149985_306.png
centerX: 0.8564516129032258
centerY: 0.7768595041322314
width: 0.04112903225806452
height: 0.03277286976346538
Area: 0.0005912216512378309
CentroidX: 0.8765
CentroidY: 0.7937
