Location: Dedata_28.png_Gaussian-Median.png
Component: component_1755505149480_205.png
centerX: 0.7737903225806452
centerY: 0.47306925049871756
width: 0.03346774193548387
height: 0.030777999430037048
Area: 0.00047401152796036
CentroidX: 0.7889
CentroidY: 0.4883
