Location: Dedata_28.png_Mean-Closing.png
Component: component_1755505151072_261.png
centerX: 0.6653225806451613
centerY: 0.6537475064120832
width: 0.03508064516129032
height: 0.03562268452550584
Area: 0.0005966225098594398
CentroidX: 0.6810
CentroidY: 0.6724
