Location: Dedata_28.png_Otsu.png
Component: component_1755505150088_8.png
centerX: 0.869758064516129
centerY: 0.006269592476489028
width: 0.02943548387096774
height: 0.04103733257338273
Area: 0.00047194311402016934
CentroidX: 0.8819
CentroidY: 0.0295
