Location: Dedata_28.png_Mean-Closing.png
Component: component_1755505151019_182.png
centerX: 0.49274193548387096
centerY: 0.4343117697349672
width: 0.03508064516129032
height: 0.0353377030493018
Area: 0.0005878892065564126
CentroidX: 0.5084
CentroidY: 0.4522
