Location: Dedata_28.png_Otsu.png
Component: component_1755505150101_41.png
centerX: 0.9040322580645161
centerY: 0.09347392419492732
width: 0.03467741935483871
height: 0.03419777714448561
Area: 0.000396331093317644
CentroidX: 0.9193
CentroidY: 0.1110
