Location: Dedata_28.png_Mean-Medain.png
Component: component_1755505149749_29.png
centerX: 0.6245967741935484
centerY: 0.05528640638358507
width: 0.031451612903225803
height: 0.0347677400968937
Area: 0.0004625203394037452
CentroidX: 0.6383
CentroidY: 0.0747
