Location: Dedata_28.png_Mean-Medain.png
Component: component_1755505149602_4.png
centerX: 0.7133064516129032
centerY: 0.005414648047876888
width: 0.03790322580645161
height: 0.042462239954402965
Area: 0.0006001847783119904
CentroidX: 0.7283
CentroidY: 0.0296
