Location: Dedata_28.png_Gaussian-Median.png
Component: component_1755505149487_235.png
centerX: 0.33306451612903226
centerY: 0.5568538045027073
width: 0.03588709677419355
height: 0.03619264747791394
Area: 0.0005523814339164729
CentroidX: 0.3496
CentroidY: 0.5747
