Location: Dedata_28.png_Mean-Medain.png
Component: component_1755505149964_257.png
centerX: 0.1693548387096774
centerY: 0.6206896551724138
width: 0.036290322580645164
height: 0.03733257338273012
Area: 0.0006100672004706791
CentroidX: 0.1873
CentroidY: 0.6392
