Location: Dedata_28.png_Gaussian-Median.png
Component: component_1755505149482_215.png
centerX: 0.3350806451612903
centerY: 0.5044172128811627
width: 0.034274193548387094
height: 0.03334283271587347
Area: 0.0005319271182856985
CentroidX: 0.3498
CentroidY: 0.5210
