Location: Dedata_28.png_Otsu.png
Component: component_1755505150195_263.png
centerX: 0.012096774193548387
centerY: 0.46736962097463663
width: 0.03467741935483871
height: 0.04103733257338273
Area: 0.0005365235937083444
CentroidX: 0.0279
CentroidY: 0.4875
