Location: Dedata_28.png_Otsu.png
Component: component_1755505150152_203.png
centerX: 0.8366935483870968
centerY: 0.347677400968937
width: 0.03346774193548387
height: 0.03419777714448561
Area: 0.0004906737513674514
CentroidX: 0.8530
CentroidY: 0.3649
