Location: Dedata_28.png_Mean-Closing.png
Component: component_1755505151084_282.png
centerX: 0.6725806451612903
centerY: 0.7275577087489313
width: 0.0375
height: 0.0347677400968937
Area: 0.0005915663868945293
CentroidX: 0.6890
CentroidY: 0.7459
