Location: Dedata_28.png_Gaussian-Median.png
Component: component_1755505149478_199.png
centerX: 0.09637096774193549
centerY: 0.46053006554573955
width: 0.03387096774193549
height: 0.042462239954402965
Area: 0.0005857058807306558
CentroidX: 0.1112
CentroidY: 0.4827
