Location: Dedata_28.png_Gaussian-Median.png
Component: component_1755505149436_24.png
centerX: 0.6697580645161291
centerY: 0.053576517526360785
width: 0.029838709677419355
height: 0.03875748076375036
Area: 0.0004694150525377141
CentroidX: 0.6827
CentroidY: 0.0755
