Location: Dedata_28.png_Otsu.png
Component: component_1755505150587_291.png
centerX: 0.525
centerY: 0.5388999715018524
width: 0.03588709677419355
height: 0.034482758620689655
Area: 0.0004989474071282141
CentroidX: 0.5415
CentroidY: 0.5558
