Location: Dedata_28.png_Mean-Medain.png
Component: component_1755505149977_286.png
centerX: 0.7657258064516129
centerY: 0.7249928754630949
width: 0.034274193548387094
height: 0.034482758620689655
Area: 0.0005589314113937433
CentroidX: 0.7801
CentroidY: 0.7432
