Location: Dedata_28.png_Gaussian-Median.png
Component: component_1755505149448_70.png
centerX: 0.7221774193548387
centerY: 0.14562553434026787
width: 0.03346774193548387
height: 0.03362781419207751
Area: 0.00045160371027496115
CentroidX: 0.7375
CentroidY: 0.1630
