Location: Dedata_28.png_Gaussian-Median.png
Component: component_1755505149456_108.png
centerX: 0.1064516129032258
centerY: 0.22941008834425763
width: 0.032661290322580645
height: 0.04189227700199487
Area: 0.0004586133352944962
CentroidX: 0.1206
CentroidY: 0.2521
