Location: Dedata_28.png_Otsu.png
Component: component_1755505150132_131.png
centerX: 0.4854838709677419
centerY: 0.256198347107438
width: 0.03225806451612903
height: 0.037902536335138216
Area: 0.00041586611386388916
CentroidX: 0.5004
CentroidY: 0.2760
