Location: Dedata_28.png_Mean-Closing.png
Component: component_1755505151048_224.png
centerX: 0.4290322580645161
centerY: 0.5483043602165859
width: 0.03306451612903226
height: 0.033912795668281565
Area: 0.000526066612121825
CentroidX: 0.4453
CentroidY: 0.5651
