Location: Dedata_28.png_Mean-Medain.png
Component: component_1755505149964_255.png
centerX: 0.2725806451612903
centerY: 0.6166999145055572
width: 0.034274193548387094
height: 0.030493017953833
Area: 0.0005562884380257219
CentroidX: 0.2880
CentroidY: 0.6322
