Location: Dedata_28.png_Gaussian-Median.png
Component: component_1755505149489_243.png
centerX: 0.7661290322580645
centerY: 0.5745226560273582
width: 0.03669354838709677
height: 0.031917925334853235
Area: 0.0004960746099890603
CentroidX: 0.7815
CentroidY: 0.5908
