Location: Dedata_28.png_Otsu.png
Component: component_1755505150580_280.png
centerX: 0.19274193548387097
centerY: 0.5195212311199772
width: 0.03669354838709677
height: 0.033912795668281565
Area: 0.0004929719890787744
CentroidX: 0.2089
CentroidY: 0.5364
