Location: Dedata_28.png_Mean-Closing.png
Component: component_1755505151019_183.png
centerX: 0.4407258064516129
centerY: 0.4360216585921915
width: 0.03467741935483871
height: 0.03676261043032203
Area: 0.0006002996901975565
CentroidX: 0.4574
CentroidY: 0.4548
