Location: Dedata_28.png_Mean-Closing.png
Component: component_1755505151090_292.png
centerX: 0.2060483870967742
centerY: 0.7475064120832146
width: 0.03346774193548387
height: 0.03875748076375036
Area: 0.0006179961205747433
CentroidX: 0.2217
CentroidY: 0.7677
