Location: Dedata_28.png_Mean-Medain.png
Component: component_1755505149806_69.png
centerX: 0.769758064516129
centerY: 0.14163579367341123
width: 0.034274193548387094
height: 0.03505272157309775
Area: 0.000494236019820002
CentroidX: 0.7840
CentroidY: 0.1602
