Location: Dedata_28.png_Otsu.png
Component: component_1755505150097_29.png
centerX: 0.42943548387096775
centerY: 0.05927614705044172
width: 0.03306451612903226
height: 0.03761755485893417
Area: 0.0004255187122514456
CentroidX: 0.4449
CentroidY: 0.0790
