Location: Dedata_28.png_Gaussian-Median.png
Component: component_1755505149446_62.png
centerX: 0.012903225806451613
centerY: 0.12282701624394414
width: 0.028629032258064516
height: 0.037902536335138216
Area: 0.0004951553149045312
CentroidX: 0.0260
CentroidY: 0.1433
