Location: Dedata_28.png_Mean-Closing.png
Component: component_1755505151083_281.png
centerX: 0.7193548387096774
centerY: 0.725562838415503
width: 0.03588709677419355
height: 0.034482758620689655
Area: 0.0005636427987019553
CentroidX: 0.7344
CentroidY: 0.7431
