Location: Dedata_28.png_Mean-Closing.png
Component: component_1755505150920_43.png
centerX: 0.19959677419354838
centerY: 0.06640068395554288
width: 0.03346774193548387
height: 0.03419777714448561
Area: 0.000501935116152934
CentroidX: 0.2148
CentroidY: 0.0847
