Location: Dedata_28.png_Gaussian-Median.png
Component: component_1755505149507_315.png
centerX: 0.5173387096774194
centerY: 0.7905386149900256
width: 0.04032258064516129
height: 0.04018238814477059
Area: 0.0006814274814072569
CentroidX: 0.5354
CentroidY: 0.8122
