Location: Dedata_28.png_Mean-Closing.png
Component: component_1755505151034_203.png
centerX: 0.48185483870967744
centerY: 0.49130806497577656
width: 0.037096774193548385
height: 0.03619264747791394
Area: 0.0006099522885851129
CentroidX: 0.4977
CentroidY: 0.5090
