Location: Dedata_28.png_Gaussian-Median.png
Component: component_1755505149436_25.png
centerX: 0.8584677419354839
centerY: 0.05386149900256483
width: 0.03508064516129032
height: 0.03362781419207751
Area: 0.0004566598332398717
CentroidX: 0.8735
CentroidY: 0.0715
