Location: Dedata_28.png_Gaussian-Median.png
Component: component_1755505149468_160.png
centerX: 0.7991935483870968
centerY: 0.3488173268737532
width: 0.03024193548387097
height: 0.03761755485893417
Area: 0.0004991772308993464
CentroidX: 0.8129
CentroidY: 0.3683
