Location: Dedata_28.png_Gaussian-Median.png
Component: component_1755505149444_53.png
centerX: 0.43790322580645163
centerY: 0.10629809062410943
width: 0.03951612903225806
height: 0.03619264747791394
Area: 0.0004855027165169748
CentroidX: 0.4555
CentroidY: 0.1257
