Location: Dedata_28.png_Mean-Medain.png
Component: component_1755505149979_290.png
centerX: 0.6233870967741936
centerY: 0.7295525790823596
width: 0.0375
height: 0.03590766600170989
Area: 0.0005980014524862335
CentroidX: 0.6400
CentroidY: 0.7477
