Location: Dedata_28.png_Otsu.png
Component: component_1755505150669_350.png
centerX: 0.8060483870967742
centerY: 0.7249928754630949
width: 0.03588709677419355
height: 0.032487888287261325
Area: 0.0004799869460097997
CentroidX: 0.8223
CentroidY: 0.7414
