Location: Dedata_28.png_Otsu.png
Component: component_1755505150642_331.png
centerX: 0.6653225806451613
centerY: 0.6543174693644913
width: 0.03467741935483871
height: 0.0347677400968937
Area: 0.0005133113928239826
CentroidX: 0.6810
CentroidY: 0.6724
