Location: Dedata_28.png_Mean-Medain.png
Component: component_1755505149791_51.png
centerX: 0.7161290322580646
centerY: 0.1005984611000285
width: 0.03064516129032258
height: 0.03562268452550584
Area: 0.0005215850485847453
CentroidX: 0.7297
CentroidY: 0.1198
