Location: Dedata_28.png_Otsu.png
Component: component_1755505150125_110.png
centerX: 0.24516129032258063
centerY: 0.219435736677116
width: 0.027822580645161292
height: 0.03932744371615845
Area: 0.0003619724395333658
CentroidX: 0.2592
CentroidY: 0.2387
