Location: Dedata_28.png_Gaussian-Median.png
Component: component_1755505149491_250.png
centerX: 0.010080645161290322
centerY: 0.5847819891707039
width: 0.03346774193548387
height: 0.03277286976346538
Area: 0.0005141157760229457
CentroidX: 0.0247
CentroidY: 0.6020
