Location: Dedata_28.png_Gaussian-Median.png
Component: component_1755505149477_193.png
centerX: 0.3395161290322581
centerY: 0.4442861214021089
width: 0.036290322580645164
height: 0.037047591906526074
Area: 0.00054858934169279
CentroidX: 0.3556
CentroidY: 0.4632
