Location: Dedata_28.png_Otsu.png
Component: component_1755505150127_114.png
centerX: 0.14596774193548387
centerY: 0.2262752921060131
width: 0.038306451612903226
height: 0.03761755485893417
Area: 0.0003917346178949981
CentroidX: 0.1633
CentroidY: 0.2464
