Location: Dedata_28.png_Mean-Closing.png
Component: component_1755505151029_195.png
centerX: 0.011693548387096775
centerY: 0.4670846394984326
width: 0.03508064516129032
height: 0.04160729552579082
Area: 0.0006350030796385332
CentroidX: 0.0279
CentroidY: 0.4879
