Location: Dedata_28.png_Otsu.png
Component: component_1755505150583_285.png
centerX: 0.725
centerY: 0.5246508976916501
width: 0.03185483870967742
height: 0.032487888287261325
Area: 0.0004684957574531849
CentroidX: 0.7391
CentroidY: 0.5409
