Location: Dedata_28.png_Otsu.png
Component: component_1755505150113_73.png
centerX: 0.5330645161290323
centerY: 0.15275007124536905
width: 0.034274193548387094
height: 0.03220290681105728
Area: 0.0004055240441629359
CentroidX: 0.5480
CentroidY: 0.1692
