Location: Dedata_28.png_Gaussian-Median.png
Component: component_1755505149482_213.png
centerX: 0.38266129032258067
centerY: 0.4990025648332858
width: 0.03225806451612903
height: 0.03220290681105728
Area: 0.0004975684645014203
CentroidX: 0.3973
CentroidY: 0.5157
