Location: Dedata_28.png_Mean-Medain.png
Component: component_1755505149975_281.png
centerX: 0.010080645161290322
centerY: 0.69506982046167
width: 0.03467741935483871
height: 0.03590766600170989
Area: 0.0005937497127202861
CentroidX: 0.0255
CentroidY: 0.7134
