Location: Dedata_28.png_Gaussian-Median.png
Component: component_1755505149458_111.png
centerX: 0.8112903225806452
centerY: 0.23282986605870618
width: 0.03588709677419355
height: 0.04075235109717868
Area: 0.0005482446060360916
CentroidX: 0.8268
CentroidY: 0.2533
