Location: Dedata_28.png_Mean-Medain.png
Component: component_1755505149873_142.png
centerX: 0.5794354838709678
centerY: 0.30350527215730977
width: 0.03306451612903226
height: 0.03562268452550584
Area: 0.000526066612121825
CentroidX: 0.5942
CentroidY: 0.3223
