Location: Dedata_28.png_Mean-Closing.png
Component: component_1755505150911_33.png
centerX: 0.42943548387096775
centerY: 0.058991165574237676
width: 0.03346774193548387
height: 0.037902536335138216
Area: 0.0004889500730839592
CentroidX: 0.4450
CentroidY: 0.0789
