Location: Dedata_28.png_Mean-Closing.png
Component: component_1755505151069_257.png
centerX: 0.8443548387096774
centerY: 0.6417782844115133
width: 0.03387096774193549
height: 0.03619264747791394
Area: 0.0005903023561533016
CentroidX: 0.8591
CentroidY: 0.6599
