Location: Dedata_28.png_Gaussian-Median.png
Component: component_1755505149509_322.png
centerX: 0.1528225806451613
centerY: 0.8064975776574522
width: 0.03951612903225806
height: 0.04132231404958678
Area: 0.0006583301924084612
CentroidX: 0.1711
CentroidY: 0.8279
