Location: Dedata_28.png_Mean-Medain.png
Component: component_1755505149986_307.png
centerX: 0.7669354838709678
centerY: 0.7774294670846394
width: 0.03870967741935484
height: 0.039612425192362494
Area: 0.0006802783625515954
CentroidX: 0.7841
CentroidY: 0.7983
