Location: Dedata_28.png_Mean-Medain.png
Component: component_1755505149974_278.png
centerX: 0.16169354838709676
centerY: 0.6859504132231405
width: 0.032661290322580645
height: 0.0353377030493018
Area: 0.0005320420301712647
CentroidX: 0.1764
CentroidY: 0.7036
