Location: Dedata_28.png_Otsu.png
Component: component_1755505150141_155.png
centerX: 0.7508064516129033
centerY: 0.2884012539184953
width: 0.02903225806451613
height: 0.03305785123966942
Area: 0.00041414243558039694
CentroidX: 0.7630
CentroidY: 0.3064
