Location: Dedata_28.png_Mean-Medain.png
Component: component_1755505149903_161.png
centerX: 0.7088709677419355
centerY: 0.3559418637788544
width: 0.0375
height: 0.03733257338273012
Area: 0.0006505161841899632
CentroidX: 0.7249
CentroidY: 0.3751
