Location: Dedata_28.png_Gaussian-Median.png
Component: component_1755505149464_139.png
centerX: 0.6629032258064517
centerY: 0.2932459390139641
width: 0.03387096774193549
height: 0.03818751781134226
Area: 0.0005051526489487861
CentroidX: 0.6783
CentroidY: 0.3126
