Location: Dedata_28.png_Mean-Medain.png
Component: component_1755505149945_218.png
centerX: 0.817741935483871
centerY: 0.5203761755485894
width: 0.03225806451612903
height: 0.028783129096608722
Area: 0.0004998667022127433
CentroidX: 0.8314
CentroidY: 0.5349
