Location: Dedata_28.png_Gaussian-Median.png
Component: component_1755505149491_253.png
centerX: 0.5165322580645161
centerY: 0.5941863778854375
width: 0.03306451612903226
height: 0.03163294385864919
Area: 0.0004928570771932083
CentroidX: 0.5312
CentroidY: 0.6102
