Location: Dedata_28.png_Otsu.png
Component: component_1755505150098_31.png
centerX: 0.3858870967741935
centerY: 0.06241094328868624
width: 0.02943548387096774
height: 0.03562268452550584
Area: 0.0004166704970628522
CentroidX: 0.4008
CentroidY: 0.0807
