Location: Dedata_28.png_Mean-Closing.png
Component: component_1755505150951_86.png
centerX: 0.0125
centerY: 0.17640353377030493
width: 0.032661290322580645
height: 0.03818751781134226
Area: 0.0005360639461660799
CentroidX: 0.0273
CentroidY: 0.1967
