Location: Dedata_28.png_Mean-Medain.png
Component: component_1755505149864_132.png
centerX: 0.13669354838709677
centerY: 0.2852664576802508
width: 0.03346774193548387
height: 0.04018238814477059
Area: 0.0005791559032533853
CentroidX: 0.1519
CentroidY: 0.3062
