Location: Dedata_28.png_Otsu.png
Component: component_1755505150127_117.png
centerX: 0.10685483870967742
centerY: 0.22969506982046167
width: 0.03185483870967742
height: 0.04132231404958678
Area: 0.0004016170400536868
CentroidX: 0.1206
CentroidY: 0.2521
