Location: Dedata_28.png_Gaussian-Median.png
Component: component_1755505149448_72.png
centerX: 0.6395161290322581
centerY: 0.14961527500712454
width: 0.03225806451612903
height: 0.03419777714448561
Area: 0.00044310023074306624
CentroidX: 0.6539
CentroidY: 0.1673
