Location: Dedata_28.png_Mean-Closing.png
Component: component_1755505151039_212.png
centerX: 0.14475806451612902
centerY: 0.5203761755485894
width: 0.03387096774193549
height: 0.036477628954117984
Area: 0.0005703076880647919
CentroidX: 0.1600
CentroidY: 0.5397
