Location: Dedata_28.png_Mean-Closing.png
Component: component_1755505151099_309.png
centerX: 0.3592741935483871
centerY: 0.7976631518951268
width: 0.04395161290322581
height: 0.03761755485893417
Area: 0.0006794739793526324
CentroidX: 0.3796
CentroidY: 0.8177
