Location: Dedata_28.png_Otsu.png
Component: component_1755505150679_355.png
centerX: 0.5370967741935484
centerY: 0.731547449415788
width: 0.03467741935483871
height: 0.039042462239954404
Area: 0.0005474402228371285
CentroidX: 0.5532
CentroidY: 0.7518
