Location: Dedata_28.png_Gaussian-Median.png
Component: component_1755505149476_189.png
centerX: 0.5419354838709678
centerY: 0.42832715873468225
width: 0.03387096774193549
height: 0.03761755485893417
Area: 0.0005273306428630526
CentroidX: 0.5571
CentroidY: 0.4481
