Location: Dedata_28.png_Otsu.png
Component: component_1755505150161_230.png
centerX: 0.3479838709677419
centerY: 0.38187517811342264
width: 0.028629032258064516
height: 0.042462239954402965
Area: 0.000520665753500216
CentroidX: 0.3612
CentroidY: 0.4035
