Location: Dedata_28.png_Otsu.png
Component: component_1755505150114_76.png
centerX: 0.4875
centerY: 0.1555998860074095
width: 0.03306451612903226
height: 0.03334283271587347
Area: 0.00039748021217330553
CentroidX: 0.5004
CentroidY: 0.1730
