Location: Dedata_28.png_Mean-Closing.png
Component: component_1755505151084_283.png
centerX: 0.582258064516129
centerY: 0.7284126531775434
width: 0.034274193548387094
height: 0.03875748076375036
Area: 0.0005801901102234806
CentroidX: 0.5974
CentroidY: 0.7484
