Location: Dedata_28.png_Otsu.png
Component: component_1755505150711_382.png
centerX: 0.6290322580645161
centerY: 0.7856939298945569
width: 0.031048387096774193
height: 0.03932744371615845
Area: 0.000543992866270144
CentroidX: 0.6434
CentroidY: 0.8058
