Location: Dedata_28.png_Gaussian-Median.png
Component: component_1755505149460_122.png
centerX: 0.3818548387096774
centerY: 0.26503277286976346
width: 0.032661290322580645
height: 0.03733257338273012
Area: 0.0004929719890787744
CentroidX: 0.3957
CentroidY: 0.2844
