Location: Dedata_28.png_Mean-Closing.png
Component: component_1755505150912_34.png
centerX: 0.47580645161290325
centerY: 0.06041607295525791
width: 0.03588709677419355
height: 0.03590766600170989
Area: 0.0004995219665560448
CentroidX: 0.4924
CentroidY: 0.0797
