Location: Dedata_28.png_Gaussian-Median.png
Component: component_1755505149466_150.png
centerX: 0.1810483870967742
centerY: 0.33456825306355087
width: 0.034274193548387094
height: 0.039042462239954404
Area: 0.0004861921878303717
CentroidX: 0.1973
CentroidY: 0.3546
