Location: Dedata_28.png_Gaussian-Median.png
Component: component_1755505149494_263.png
centerX: 0.9342741935483871
centerY: 0.6352237104588202
width: 0.03306451612903226
height: 0.0347677400968937
Area: 0.0005191718989878561
CentroidX: 0.9484
CentroidY: 0.6539
