Location: Dedata_28.png_Mean-Medain.png
Component: component_1755505149805_67.png
centerX: 0.8112903225806452
centerY: 0.14049586776859505
width: 0.036290322580645164
height: 0.033912795668281565
Area: 0.0004892948087406577
CentroidX: 0.8270
CentroidY: 0.1575
