Location: Dedata_28.png_Otsu.png
Component: component_1755505150151_202.png
centerX: 0.8842741935483871
centerY: 0.3451125676831006
width: 0.03508064516129032
height: 0.03505272157309775
Area: 0.0005320420301712647
CentroidX: 0.8994
CentroidY: 0.3632
