Location: Dedata_28.png_Mean-Closing.png
Component: component_1755505150941_66.png
centerX: 0.8592741935483871
centerY: 0.13935594186377886
width: 0.03064516129032258
height: 0.031917925334853235
Area: 0.0004564300094687394
CentroidX: 0.8742
CentroidY: 0.1555
