Location: Dedata_28.png_Otsu.png
Component: component_1755505150615_319.png
centerX: 0.27298387096774196
centerY: 0.6169848959817612
width: 0.03346774193548387
height: 0.02963807352522086
Area: 0.0004753904705871538
CentroidX: 0.2879
CentroidY: 0.6320
