Location: Dedata_28.png_Mean-Medain.png
Component: component_1755505149986_309.png
centerX: 0.6701612903225806
centerY: 0.7836990595611285
width: 0.03870967741935484
height: 0.03733257338273012
Area: 0.0006614328133187472
CentroidX: 0.6872
CentroidY: 0.8030
