Location: Dedata_28.png_Mean-Medain.png
Component: component_1755505149816_82.png
centerX: 0.14798387096774193
centerY: 0.170703904246224
width: 0.03185483870967742
height: 0.03505272157309775
Area: 0.000483319390691218
CentroidX: 0.1616
CentroidY: 0.1884
