Location: Dedata_28.png_Gaussian-Median.png
Component: component_1755505149483_218.png
centerX: 0.9120967741935484
centerY: 0.5141065830721003
width: 0.0375
height: 0.03163294385864919
Area: 0.0005110131551126596
CentroidX: 0.9281
CentroidY: 0.5296
