Location: Dedata_28.png_Mean-Medain.png
Component: component_1755505149959_245.png
centerX: 0.054838709677419356
centerY: 0.5825021373610715
width: 0.034274193548387094
height: 0.03305785123966942
Area: 0.0005477849584938269
CentroidX: 0.0711
CentroidY: 0.5991
