Location: Dedata_28.png_Mean-Closing.png
Component: component_1755505150934_57.png
centerX: 0.28911290322580646
centerY: 0.11085779424337418
width: 0.034274193548387094
height: 0.04075235109717868
Area: 0.0005251473170372958
CentroidX: 0.3033
CentroidY: 0.1330
