Location: Dedata_28.png_Otsu.png
Component: component_1755505150733_389.png
centerX: 0.3596774193548387
centerY: 0.7979481333713309
width: 0.04314516129032258
height: 0.03676261043032203
Area: 0.0005745594278307394
CentroidX: 0.3793
CentroidY: 0.8175
