Location: Dedata_28.png_Otsu.png
Component: component_1755505150115_80.png
centerX: 0.3016129032258065
centerY: 0.1652892561983471
width: 0.032661290322580645
height: 0.0347677400968937
Area: 0.0004058687798196343
CentroidX: 0.3173
CentroidY: 0.1827
