Location: Dedata_28.png_Gaussian-Median.png
Component: component_1755505149510_323.png
centerX: 0.1028225806451613
centerY: 0.8079224850384725
width: 0.03346774193548387
height: 0.04075235109717868
Area: 0.0006331644894694748
CentroidX: 0.1175
CentroidY: 0.8297
