Location: Dedata_28.png_Mean-Closing.png
Component: component_1755505151044_220.png
centerX: 0.6229838709677419
centerY: 0.5340552864063836
width: 0.036290322580645164
height: 0.031062980906241093
Area: 0.0005389367433052335
CentroidX: 0.6381
CentroidY: 0.5495
