Location: Dedata_28.png_Gaussian-Median.png
Component: component_1755505149462_131.png
centerX: 0.17943548387096775
centerY: 0.2829866058706184
width: 0.03346774193548387
height: 0.04018238814477059
Area: 0.0004994070546704786
CentroidX: 0.1934
CentroidY: 0.3048
