Location: Dedata_28.png_Mean-Medain.png
Component: component_1755505149828_95.png
centerX: 0.5725806451612904
centerY: 0.19863208891422057
width: 0.034274193548387094
height: 0.037047591906526074
Area: 0.0005080254460879398
CentroidX: 0.5875
CentroidY: 0.2187
