Location: Dedata_28.png_Otsu.png
Component: component_1755505150620_326.png
centerX: 0.8923387096774194
centerY: 0.6383585066970647
width: 0.03306451612903226
height: 0.03505272157309775
Area: 0.00048952463251179
CentroidX: 0.9058
CentroidY: 0.6566
