Location: Dedata_28.png_Gaussian-Median.png
Component: component_1755505149447_69.png
centerX: 0.7693548387096775
centerY: 0.14163579367341123
width: 0.03508064516129032
height: 0.03505272157309775
Area: 0.00047814835584074133
CentroidX: 0.7840
CentroidY: 0.1603
