Location: Dedata_28.png_Mean-Closing.png
Component: component_1755505150991_144.png
centerX: 0.2717741935483871
centerY: 0.32801367911085777
width: 0.03387096774193549
height: 0.037902536335138216
Area: 0.000519861370301253
CentroidX: 0.2873
CentroidY: 0.3474
