Location: Dedata_28.png_Mean-Medain.png
Component: component_1755505149665_17.png
centerX: 0.1217741935483871
centerY: 0.00883442576232545
width: 0.031048387096774193
height: 0.038472499287546306
Area: 0.0005100938600281304
CentroidX: 0.1348
CentroidY: 0.0297
