Location: Dedata_28.png_Otsu.png
Component: component_1755505150106_53.png
centerX: 0.4879032258064516
centerY: 0.10715303505272157
width: 0.03951612903225806
height: 0.03619264747791394
Area: 0.00043448183932560513
CentroidX: 0.5060
CentroidY: 0.1261
