Location: Dedata_28.png_Otsu.png
Component: component_1755505150169_248.png
centerX: 0.5423387096774194
centerY: 0.4286121402108863
width: 0.03306451612903226
height: 0.037047591906526074
Area: 0.0004730922328758308
CentroidX: 0.5572
CentroidY: 0.4480
