Location: Dedata_28.png_Gaussian-Median.png
Component: component_1755505149484_222.png
centerX: 0.817741935483871
centerY: 0.5203761755485894
width: 0.03225806451612903
height: 0.028498147620404674
Area: 0.00046700190294082496
CentroidX: 0.8314
CentroidY: 0.5349
