Location: Dedata_28.png_Gaussian-Median.png
Component: component_1755505149506_309.png
centerX: 0.8564516129032258
centerY: 0.7768595041322314
width: 0.0407258064516129
height: 0.032487888287261325
Area: 0.0005585866757370448
CentroidX: 0.8765
CentroidY: 0.7936
