Location: Dedata_28.png_Gaussian-Median.png
Component: component_1755505149502_295.png
centerX: 0.4931451612903226
centerY: 0.7361071530350527
width: 0.03064516129032258
height: 0.036477628954117984
Area: 0.0005428437474144826
CentroidX: 0.5073
CentroidY: 0.7548
