Location: Dedata_28.png_Otsu.png
Component: component_1755505150603_308.png
centerX: 0.6721774193548387
centerY: 0.5833570817896837
width: 0.03225806451612903
height: 0.030493017953833
Area: 0.00043126430652975297
CentroidX: 0.6864
CentroidY: 0.5994
