Location: Dedata_28.png_Mean-Medain.png
Component: component_1755505149601_3.png
centerX: 0.6185483870967742
centerY: 0.005129666571672842
width: 0.031451612903225803
height: 0.04075235109717868
Area: 0.0005437630424990117
CentroidX: 0.6337
CentroidY: 0.0276
