Location: Dedata_28.png_Mean-Closing.png
Component: component_1755505150918_41.png
centerX: 0.3008064516129032
centerY: 0.0652607580507267
width: 0.025806451612903226
height: 0.03134796238244514
Area: 0.00040908631261548647
CentroidX: 0.3127
CentroidY: 0.0821
