Location: Dedata_28.png_Otsu.png
Component: component_1755505150612_311.png
centerX: 0.5685483870967742
centerY: 0.591051581647193
width: 0.037096774193548385
height: 0.030777999430037048
Area: 0.00047826326772630747
CentroidX: 0.5851
CentroidY: 0.6066
