Location: Dedata_28.png_Otsu.png
Component: component_1755505150168_245.png
centerX: 0.6790322580645162
centerY: 0.4194927329723568
width: 0.034274193548387094
height: 0.034482758620689655
Area: 0.00044942038444920437
CentroidX: 0.6945
CentroidY: 0.4373
