Location: Dedata_28.png_Mean-Medain.png
Component: component_1755505149859_117.png
centerX: 0.5782258064516129
centerY: 0.2487888287261328
width: 0.03346774193548387
height: 0.043032202906811055
Area: 0.0006046663418490701
CentroidX: 0.5937
CentroidY: 0.2713
