Location: Dedata_28.png_Mean-Medain.png
Component: component_1755505149982_297.png
centerX: 0.25120967741935485
centerY: 0.7466514676546024
width: 0.03790322580645161
height: 0.038472499287546306
Area: 0.0006729240018753619
CentroidX: 0.2685
CentroidY: 0.7668
