Location: Dedata_28.png_Gaussian-Median.png
Component: component_1755505149510_324.png
centerX: 0.05161290322580645
centerY: 0.8144770589911656
width: 0.03951612903225806
height: 0.03932744371615845
Area: 0.0006381057005488192
CentroidX: 0.0700
CentroidY: 0.8350
