Location: Dedata_28.png_Otsu.png
Component: component_1755505150115_78.png
centerX: 0.3883064516129032
centerY: 0.1615844970076945
width: 0.032661290322580645
height: 0.03362781419207751
Area: 0.00041655558517728606
CentroidX: 0.4031
CentroidY: 0.1782
