Location: Dedata_28.png_Mean-Closing.png
Component: component_1755505150897_19.png
centerX: 0.47580645161290325
centerY: 0.00883442576232545
width: 0.0375
height: 0.039897406668566546
Area: 0.0005831778192482005
CentroidX: 0.4919
CentroidY: 0.0304
