Location: Dedata_28.png_Mean-Medain.png
Component: component_1755505149989_313.png
centerX: 0.4653225806451613
centerY: 0.7916785408948418
width: 0.03790322580645161
height: 0.04274722143060701
Area: 0.0007407220143593892
CentroidX: 0.4832
CentroidY: 0.8138
