Location: Dedata_28.png_Mean-Medain.png
Component: component_1755505149802_62.png
centerX: 0.012903225806451613
centerY: 0.12282701624394414
width: 0.02903225806451613
height: 0.037902536335138216
Area: 0.0005316972945145662
CentroidX: 0.0259
CentroidY: 0.1433
