Location: Dedata_28.png_Mean-Closing.png
Component: component_1755505151041_215.png
centerX: 0.09919354838709678
centerY: 0.5237959532630379
width: 0.03185483870967742
height: 0.039612425192362494
Area: 0.0005838672905615974
CentroidX: 0.1132
CentroidY: 0.5444
