Location: Dedata_28.png_Gaussian-Median.png
Component: component_1755505149496_272.png
centerX: 0.569758064516129
centerY: 0.6577372470789399
width: 0.034274193548387094
height: 0.0353377030493018
Area: 0.0005427288355289165
CentroidX: 0.5852
CentroidY: 0.6762
