Location: Dedata_28.png_Mean-Medain.png
Component: component_1755505149816_80.png
centerX: 0.2508064516129032
centerY: 0.1658592191507552
width: 0.0375
height: 0.036477628954117984
Area: 0.0005280201141764495
CentroidX: 0.2677
CentroidY: 0.1849
