Location: Dedata_28.png_Mean-Closing.png
Component: component_1755505151022_186.png
centerX: 0.2887096774193548
centerY: 0.44656597321174124
width: 0.034274193548387094
height: 0.03932744371615845
Area: 0.0006209838295994631
CentroidX: 0.3043
CentroidY: 0.4670
