Location: Dedata_28.png_Mean-Closing.png
Component: component_1755505150957_93.png
centerX: 0.6588709677419354
centerY: 0.1969222000569963
width: 0.03225806451612903
height: 0.03562268452550584
Area: 0.0004786080033830059
CentroidX: 0.6737
CentroidY: 0.2157
