Location: Dedata_28.png_Gaussian-Median.png
Component: component_1755505149441_43.png
centerX: 0.19959677419354838
centerY: 0.06640068395554288
width: 0.03346774193548387
height: 0.03419777714448561
Area: 0.000470104523851111
CentroidX: 0.2147
CentroidY: 0.0847
