Location: Dedata_28.png_Mean-Closing.png
Component: component_1755505150988_140.png
centerX: 0.4491935483870968
centerY: 0.3137646053006555
width: 0.034274193548387094
height: 0.037902536335138216
Area: 0.0005574375568813834
CentroidX: 0.4646
CentroidY: 0.3335
