Location: Dedata_28.png_Mean-Medain.png
Component: component_1755505149918_184.png
centerX: 0.6314516129032258
centerY: 0.42091764035337703
width: 0.034274193548387094
height: 0.038472499287546306
Area: 0.000588233942213111
CentroidX: 0.6466
CentroidY: 0.4402
