Location: Dedata_28.png_Gaussian-Median.png
Component: component_1755505149455_103.png
centerX: 0.24475806451612903
centerY: 0.21915075520091193
width: 0.028629032258064516
height: 0.039897406668566546
Area: 0.00042804677373390086
CentroidX: 0.2591
CentroidY: 0.2387
