Location: Dedata_28.png_Mean-Closing.png
Component: component_1755505151012_172.png
centerX: 0.9108870967741935
centerY: 0.4066685665431747
width: 0.03064516129032258
height: 0.03505272157309775
Area: 0.0005212403129280468
CentroidX: 0.9241
CentroidY: 0.4248
