Location: Dedata_28.png_Otsu.png
Component: component_1755505150655_339.png
centerX: 0.2967741935483871
centerY: 0.6779709318894271
width: 0.03951612903225806
height: 0.037047591906526074
Area: 0.0005298587043455078
CentroidX: 0.3147
CentroidY: 0.6962
