Location: Dedata_28.png_Gaussian-Median.png
Component: component_1755505149445_57.png
centerX: 0.28911290322580646
centerY: 0.11085779424337418
width: 0.034274193548387094
height: 0.04075235109717868
Area: 0.0005044631776353892
CentroidX: 0.3033
CentroidY: 0.1330
