Location: Dedata_28.png_Mean-Medain.png
Component: component_1755505149865_133.png
centerX: 0.7895161290322581
centerY: 0.28612140210886294
width: 0.03064516129032258
height: 0.03134796238244514
Area: 0.0004861921878303717
CentroidX: 0.8026
CentroidY: 0.3025
