Location: Dedata_28.png_Mean-Closing.png
Component: component_1755505151032_199.png
centerX: 0.6838709677419355
centerY: 0.47705899116557426
width: 0.03225806451612903
height: 0.0347677400968937
Area: 0.0005666305077266752
CentroidX: 0.6983
CentroidY: 0.4943
