Location: Dedata_28.png_Mean-Closing.png
Component: component_1755505150917_40.png
centerX: 0.10443548387096774
centerY: 0.0652607580507267
width: 0.02943548387096774
height: 0.04075235109717868
Area: 0.0004874562185715993
CentroidX: 0.1171
CentroidY: 0.0884
