Location: Dedata_28.png_Mean-Medain.png
Component: component_1755505149987_311.png
centerX: 0.5766129032258065
centerY: 0.786263892846965
width: 0.039112903225806454
height: 0.03932744371615845
Area: 0.0007169352540471966
CentroidX: 0.5949
CentroidY: 0.8068
