Location: Dedata_28.png_Mean-Medain.png
Component: component_1755505149961_248.png
centerX: 0.6233870967741936
centerY: 0.5879167854089484
width: 0.03588709677419355
height: 0.031917925334853235
Area: 0.0005306630875444709
CentroidX: 0.6388
CentroidY: 0.6042
