Location: Dedata_28.png_Mean-Medain.png
Component: component_1755505149869_140.png
centerX: 0.6629032258064517
centerY: 0.29353092049016816
width: 0.03387096774193549
height: 0.037902536335138216
Area: 0.0005236534625249359
CentroidX: 0.6786
CentroidY: 0.3129
