Location: Dedata_28.png_Gaussian-Median.png
Component: component_1755505149469_164.png
centerX: 0.6592741935483871
centerY: 0.3576517526360787
width: 0.034274193548387094
height: 0.039612425192362494
Area: 0.0005701927761792258
CentroidX: 0.6741
CentroidY: 0.3785
