Location: Dedata_28.png_Otsu.png
Component: component_1755505150604_309.png
centerX: 0.010080645161290322
centerY: 0.5847819891707039
width: 0.03346774193548387
height: 0.032487888287261325
Area: 0.0004867667472582024
CentroidX: 0.0247
CentroidY: 0.6019
