Location: Dedata_28.png_Otsu.png
Component: component_1755505150119_88.png
centerX: 0.9229838709677419
centerY: 0.18067825591336564
width: 0.028225806451612902
height: 0.03505272157309775
Area: 0.0003664540030704456
CentroidX: 0.9356
CentroidY: 0.1987
