Location: Dedata_28.png_Otsu.png
Component: component_1755505150649_338.png
centerX: 0.34596774193548385
centerY: 0.6736962097463665
width: 0.03064516129032258
height: 0.037902536335138216
Area: 0.0005141157760229457
CentroidX: 0.3600
CentroidY: 0.6931
