Location: Dedata_28.png_Mean-Medain.png
Component: component_1755505149910_167.png
centerX: 0.4375
centerY: 0.37475064120832147
width: 0.03306451612903226
height: 0.042462239954402965
Area: 0.0005745594278307394
CentroidX: 0.4518
CentroidY: 0.3975
