Location: Dedata_28.png_Mean-Closing.png
Component: component_1755505150960_98.png
centerX: 0.4306451612903226
centerY: 0.21145625534340268
width: 0.031451612903225803
height: 0.0353377030493018
Area: 0.0004442493495987277
CentroidX: 0.4458
CentroidY: 0.2308
