Location: Dedata_28.png_Mean-Closing.png
Component: component_1755505151048_223.png
centerX: 0.4790322580645161
centerY: 0.5445996010259333
width: 0.03346774193548387
height: 0.03419777714448561
Area: 0.0005606550896772355
CentroidX: 0.4948
CentroidY: 0.5613
