Location: Dedata_28.png_Gaussian-Median.png
Component: component_1755505149477_195.png
centerX: 0.23790322580645162
centerY: 0.4479908805927615
width: 0.03508064516129032
height: 0.04274722143060701
Area: 0.0006047812537346363
CentroidX: 0.2536
CentroidY: 0.4703
