Location: Dedata_28.png_Gaussian-Median.png
Component: component_1755505149439_33.png
centerX: 0.4290322580645161
centerY: 0.058991165574237676
width: 0.03387096774193549
height: 0.037902536335138216
Area: 0.00047435626361705846
CentroidX: 0.4449
CentroidY: 0.0788
