Location: Dedata_28.png_Mean-Closing.png
Component: component_1755505150898_20.png
centerX: 0.16975806451612904
centerY: 0.009404388714733543
width: 0.03669354838709677
height: 0.039042462239954404
Area: 0.000603057575451144
CentroidX: 0.1857
CentroidY: 0.0309
