Location: Dedata_28.png_Gaussian-Median.png
Component: component_1755505149492_257.png
centerX: 0.3254032258064516
centerY: 0.6132801367911086
width: 0.03185483870967742
height: 0.03277286976346538
Area: 0.0005007859972972724
CentroidX: 0.3394
CentroidY: 0.6304
