Location: Dedata_28.png_Otsu.png
Component: component_1755505150166_239.png
centerX: 0.9112903225806451
centerY: 0.4069535480193787
width: 0.029838709677419355
height: 0.034482758620689655
Area: 0.0004559703619264748
CentroidX: 0.9242
CentroidY: 0.4249
