Location: Dedata_28.png_Gaussian-Median.png
Component: component_1755505149491_251.png
centerX: 0.6233870967741936
centerY: 0.5879167854089484
width: 0.03588709677419355
height: 0.03163294385864919
Area: 0.0004921676058798113
CentroidX: 0.6388
CentroidY: 0.6042
