Location: Dedata_28.png_Mean-Closing.png
Component: component_1755505151014_175.png
centerX: 0.8205645161290323
centerY: 0.4106583072100313
width: 0.03387096774193549
height: 0.03761755485893417
Area: 0.000560310354020537
CentroidX: 0.8366
CentroidY: 0.4295
