Location: Dedata_28.png_Gaussian-Median.png
Component: component_1755505149498_278.png
centerX: 0.2963709677419355
centerY: 0.6776859504132231
width: 0.04032258064516129
height: 0.03761755485893417
Area: 0.0005813392290791421
CentroidX: 0.3147
CentroidY: 0.6964
