Location: Dedata_28.png_Otsu.png
Component: component_1755505150143_162.png
centerX: 0.6633064516129032
centerY: 0.29353092049016816
width: 0.03306451612903226
height: 0.03733257338273012
Area: 0.00044700723485231525
CentroidX: 0.6784
CentroidY: 0.3125
