Location: Dedata_28.png_Gaussian-Median.png
Component: component_1755505149437_26.png
centerX: 0.9120967741935484
centerY: 0.05443146195497293
width: 0.03508064516129032
height: 0.032487888287261325
Area: 0.0004563150975831732
CentroidX: 0.9273
CentroidY: 0.0720
