Location: Dedata_28.png_Gaussian-Median.png
Component: component_1755505149469_163.png
centerX: 0.7088709677419355
centerY: 0.3559418637788544
width: 0.0375
height: 0.037047591906526074
Area: 0.0006106417598985099
CentroidX: 0.7250
CentroidY: 0.3752
