Location: Dedata_28.png_Mean-Closing.png
Component: component_1755505150952_88.png
centerX: 0.880241935483871
centerY: 0.18210316329438586
width: 0.028225806451612902
height: 0.033912795668281565
Area: 0.00044735197050901367
CentroidX: 0.8938
CentroidY: 0.1992
