Location: Dedata_28.png_Mean-Medain.png
Component: component_1755505149962_252.png
centerX: 0.419758064516129
centerY: 0.6044457110287831
width: 0.03225806451612903
height: 0.03163294385864919
Area: 0.000502739499351897
CentroidX: 0.4328
CentroidY: 0.6209
