Location: Dedata_28.png_Mean-Closing.png
Component: component_1755505150946_76.png
centerX: 0.4870967741935484
centerY: 0.15531490453120547
width: 0.03346774193548387
height: 0.03419777714448561
Area: 0.00047745888452734443
CentroidX: 0.5004
CentroidY: 0.1733
