Location: Dedata_28.png_Mean-Closing.png
Component: component_1755505150924_47.png
centerX: 0.7701612903225806
centerY: 0.09717868338557993
width: 0.028629032258064516
height: 0.03334283271587347
Area: 0.00045390194798628413
CentroidX: 0.7825
CentroidY: 0.1148
