Location: Dedata_28.png_Mean-Closing.png
Component: component_1755505151017_180.png
centerX: 0.5854838709677419
centerY: 0.4243374180678256
width: 0.0375
height: 0.038472499287546306
Area: 0.000577317313084327
CentroidX: 0.6011
CentroidY: 0.4445
