Location: Dedata_28.png_Otsu.png
Component: component_1755505150582_283.png
centerX: 0.7725806451612903
centerY: 0.5226560273582217
width: 0.03185483870967742
height: 0.029068110572812767
Area: 0.00040012318554132694
CentroidX: 0.7853
CentroidY: 0.5378
