Location: Dedata_28.png_Mean-Medain.png
Component: component_1755505149961_249.png
centerX: 0.5681451612903226
centerY: 0.5907666001709889
width: 0.03790322580645161
height: 0.03134796238244514
Area: 0.0005591612351648756
CentroidX: 0.5852
CentroidY: 0.6066
