Location: Dedata_14.png_Gaussian-Closing.png
Component: component_1755519998443_251.png
centerX: 0.16169354838709676
centerY: 0.69506982046167
width: 0.049193548387096775
height: 0.02821316614420063
Area: 0.000700962501953502
CentroidX: 0.1869
CentroidY: 0.7079
