Location: Dedata_14.png_Mean-Medain.png
Component: component_1755519998520_92.png
centerX: 0.33145161290322583
centerY: 0.22827016243944143
width: 0.03870967741935484
height: 0.023083499572527786
Area: 0.00039782494783000395
CentroidX: 0.3505
CentroidY: 0.2392
