Location: internet_24.png_Gaussian-Closing.png
Component: component_1755081215290_50.png
centerX: 0.5211608222490931
centerY: 0.15939549472483605
width: 0.05078597339782346
height: 0.03450242372398061
Area: 0.0006409706067222956
CentroidX: 0.5472
CentroidY: 0.1723
