Location: Dedata_14.png_Mean-Medain.png
Component: component_1755519998512_54.png
centerX: 0.6729838709677419
centerY: 0.12453690510116842
width: 0.03387096774193549
height: 0.025933314334568254
Area: 0.0003773706321992296
CentroidX: 0.6912
CentroidY: 0.1355
