Location: Dedata_14.png_Mean-Medain.png
Component: component_1755519998526_118.png
centerX: 0.6862903225806452
centerY: 0.28213166144200624
width: 0.04032258064516129
height: 0.0262182958107723
Area: 0.0005606550896772355
CentroidX: 0.7077
CentroidY: 0.2949
