Location: Dedata_14.png_Otsu.png
Component: component_1755519998016_168.png
centerX: 0.19556451612903225
centerY: 0.2730122542034768
width: 0.039919354838709675
height: 0.02108862923909946
Area: 0.0002445324924847627
CentroidX: 0.2159
CentroidY: 0.2849
