Location: Dedata_14.png_Mean-Closing.png
Component: component_1755519998278_24.png
centerX: 0.8451612903225807
centerY: 0.04787688800227985
width: 0.032661290322580645
height: 0.02108862923909946
Area: 0.00036599435552818097
CentroidX: 0.8624
CentroidY: 0.0579
