Location: Dedata_14.png_Otsu.png
Component: component_1755519998202_335.png
centerX: 0.3241935483870968
centerY: 0.7389569677970932
width: 0.044758064516129036
height: 0.02792818466799658
Area: 0.000634888167752967
CentroidX: 0.3472
CentroidY: 0.7506
