Location: Dedata_14.png_Gaussian-Closing.png
Component: component_1755519998413_121.png
centerX: 0.632258064516129
centerY: 0.2884012539184953
width: 0.03508064516129032
height: 0.025078369905956112
Area: 0.0004737817041892277
CentroidX: 0.6509
CentroidY: 0.2998
