Location: Dedata_14.png_Mean-Medain.png
Component: component_1755519998549_211.png
centerX: 0.7375
centerY: 0.5463094898831576
width: 0.03588709677419355
height: 0.027358221715588486
Area: 0.0005929453295213231
CentroidX: 0.7557
CentroidY: 0.5579
