Location: internet_24.png_Gaussian-Median.png
Component: component_1755081215845_194.png
centerX: 0.07980652962515115
centerY: 0.5346449957228401
width: 0.04877065699314793
height: 0.03051040775591674
Area: 0.0005069609729697052
CentroidX: 0.1043
CentroidY: 0.5470
