Location: internet_24.png_Gaussian-Closing.png
Component: component_1755081215319_180.png
centerX: 0.35268037081821846
centerY: 0.6181921870544625
width: 0.04796453043127771
height: 0.03165098374679213
Area: 0.0006379823987655483
CentroidX: 0.3772
CentroidY: 0.6317
