Location: internet_24.png_Otsu.png
Component: component_1755081215988_509.png
centerX: 0.013301088270858524
centerY: 0.11491303108069575
width: 0.05239822652156389
height: 0.040490447676076416
Area: 0.0006076405948970372
CentroidX: 0.0419
CentroidY: 0.1330
