Location: Dedata_14.png_Mean-Closing.png
Component: component_1755519998322_205.png
centerX: 0.2875
centerY: 0.53662011969222
width: 0.042741935483870966
height: 0.0262182958107723
Area: 0.0006577556329806305
CentroidX: 0.3088
CentroidY: 0.5488
