Location: Dedata_14.png_Mean-Medain.png
Component: component_1755519998498_3.png
centerX: 0.25120967741935485
centerY: 0.008549444286121402
width: 0.0407258064516129
height: 0.02792818466799658
Area: 0.00045160371027496115
CentroidX: 0.2713
CentroidY: 0.0198
