Location: Dedata_14.png_Mean-Medain.png
Component: component_1755519998537_160.png
centerX: 0.8387096774193549
centerY: 0.39925904816186947
width: 0.038306451612903226
height: 0.024793388429752067
Area: 0.0005760532823430993
CentroidX: 0.8575
CentroidY: 0.4118
