Location: internet_24.png_Otsu.png
Component: component_1755081216019_1081.png
centerX: 0.9141475211608222
centerY: 0.5731394354148845
width: 0.0471584038694075
height: 0.03364699173082407
Area: 0.0005876425878018822
CentroidX: 0.9374
CentroidY: 0.5878
