Location: Dedata_14.png_Otsu.png
Component: component_1755519998221_345.png
centerX: 0.5487903225806452
centerY: 0.7794243374180678
width: 0.04959677419354839
height: 0.029923055001424906
Area: 0.0006601687825775195
CentroidX: 0.5738
CentroidY: 0.7942
