Location: Dedata_14.png_Mean-Closing.png
Component: component_1755519998312_155.png
centerX: 0.3286290322580645
centerY: 0.3927044742091764
width: 0.04395161290322581
height: 0.026503277286976348
Area: 0.0006327048419272102
CentroidX: 0.3503
CentroidY: 0.4058
