Location: Dedata_14.png_Mean-Medain.png
Component: component_1755519998547_201.png
centerX: 0.5459677419354839
centerY: 0.5146765460245084
width: 0.04314516129032258
height: 0.029068110572812767
Area: 0.0007191185798729534
CentroidX: 0.5678
CentroidY: 0.5305
