Location: Dedata_14.png_Gaussian-Closing.png
Component: component_1755519998424_170.png
centerX: 0.55
centerY: 0.4200626959247649
width: 0.037096774193548385
height: 0.025648332858364205
Area: 0.0005059570321477491
CentroidX: 0.5699
CentroidY: 0.4321
