Location: internet_24.png_Gaussian-Median.png
Component: component_1755081215837_153.png
centerX: 0.41233373639661425
centerY: 0.41317365269461076
width: 0.0475614671503426
height: 0.03051040775591674
Area: 0.000525120082860708
CentroidX: 0.4362
CentroidY: 0.4264
