Location: internet_24.png_Gaussian-Closing.png
Component: component_1755081215307_131.png
centerX: 0.01128577186618299
centerY: 0.4411177644710579
width: 0.045949214026602174
height: 0.031080695751354435
Area: 0.0005166151832915042
CentroidX: 0.0344
CentroidY: 0.4526
