Location: Dedata_14.png_Otsu.png
Component: component_1755519997996_15.png
centerX: 0.7766129032258065
centerY: 0.014249073810202337
width: 0.0407258064516129
height: 0.028783129096608722
Area: 0.00040690298678972963
CentroidX: 0.7990
CentroidY: 0.0252
