Location: Dedata_14.png_Otsu.png
Component: component_1755519998004_52.png
centerX: 0.8516129032258064
centerY: 0.12368196067255628
width: 0.038306451612903226
height: 0.022228555143915644
Area: 0.00029934546189981523
CentroidX: 0.8689
CentroidY: 0.1343
