Location: internet_24.png_Otsu.png
Component: component_1755081216010_969.png
centerX: 0.4042724707779121
centerY: 0.4613629883090961
width: 0.04796453043127771
height: 0.030795551753635585
Area: 0.0004607586807153816
CentroidX: 0.4274
CentroidY: 0.4746
