Location: internet_24.png_Gaussian-Median.png
Component: component_1755081215865_285.png
centerX: 0.3841193067311568
centerY: 0.8360422013116624
width: 0.049979846835953246
height: 0.039064727687482176
Area: 0.0008966922491747087
CentroidX: 0.4084
CentroidY: 0.8516
