Location: internet_24.png_Mean-Medain.png
Component: component_1755081215725_176.png
centerX: 0.6376461104393389
centerY: 0.5962360992301112
width: 0.041515517936316
height: 0.03421727972626176
Area: 0.0006182142538209124
CentroidX: 0.6587
CentroidY: 0.6101
