Location: Dedata_14.png_Gaussian-Closing.png
Component: component_1755519998444_255.png
centerX: 0.8725806451612903
centerY: 0.7144485608435451
width: 0.046370967741935484
height: 0.030493017953833
Area: 0.0007225659364399378
CentroidX: 0.8965
CentroidY: 0.7288
