Location: Dedata_14.png_Gaussian-Closing.png
Component: component_1755519998399_72.png
centerX: 0.5463709677419355
centerY: 0.1701339412938159
width: 0.0407258064516129
height: 0.026503277286976348
Area: 0.00038725305435791834
CentroidX: 0.5640
CentroidY: 0.1829
