Location: Dedata_14.png_Otsu.png
Component: component_1755519998180_307.png
centerX: 0.2931451612903226
centerY: 0.6369335993160444
width: 0.050806451612903224
height: 0.027358221715588486
Area: 0.0006699362928506422
CentroidX: 0.3189
CentroidY: 0.6485
