Location: Dedata_14.png_Mean-Closing.png
Component: component_1755519998314_166.png
centerX: 0.6080645161290322
centerY: 0.4160729552579082
width: 0.03790322580645161
height: 0.0262182958107723
Area: 0.0005397411265041966
CentroidX: 0.6274
CentroidY: 0.4274
