Location: Dedata_14.png_Otsu.png
Component: component_1755519998143_268.png
centerX: 0.15241935483870966
centerY: 0.4992875463094899
width: 0.043548387096774194
height: 0.024793388429752067
Area: 0.0005335358846836246
CentroidX: 0.1735
CentroidY: 0.5116
