Location: Dedata_14.png_Mean-Medain.png
Component: component_1755519998523_103.png
centerX: 0.6766129032258065
centerY: 0.24650897691650042
width: 0.04314516129032258
height: 0.023938444001139925
Area: 0.0003816223719651771
CentroidX: 0.6953
CentroidY: 0.2577
