Location: Dedata_14.png_Mean-Closing.png
Component: component_1755519998285_52.png
centerX: 0.8508064516129032
centerY: 0.12339697919635224
width: 0.039112903225806454
height: 0.022798518096323737
Area: 0.00040736263433199425
CentroidX: 0.8691
CentroidY: 0.1342
