Location: internet_24.png_Gaussian-Closing.png
Component: component_1755081215321_188.png
centerX: 0.007255139056831923
centerY: 0.6427145708582834
width: 0.03788794840790004
height: 0.03222127174222983
Area: 0.0005853439662966921
CentroidX: 0.0255
CentroidY: 0.6556
