Location: Dedata_14.png_Mean-Medain.png
Component: component_1755519998558_246.png
centerX: 0.44798387096774195
centerY: 0.682530635508692
width: 0.0467741935483871
height: 0.031917925334853235
Area: 0.0007316439753996635
CentroidX: 0.4713
CentroidY: 0.6958
