Location: internet_24.png_Gaussian-Median.png
Component: component_1755081215826_106.png
centerX: 0.02257154373236598
centerY: 0.22611919019104648
width: 0.056831922611850064
height: 0.04505275163957799
Area: 0.0008145165303641579
CentroidX: 0.0515
CentroidY: 0.2443
