Location: Dedata_14.png_Mean-Closing.png
Component: component_1755519998315_174.png
centerX: 0.2721774193548387
centerY: 0.4425762325448846
width: 0.03467741935483871
height: 0.027358221715588486
Area: 0.0005382472719918367
CentroidX: 0.2898
CentroidY: 0.4540
