Location: internet_24.png_Otsu.png
Component: component_1755081216054_1296.png
centerX: 0.8810963321241435
centerY: 0.88366124893071
width: 0.0471584038694075
height: 0.037639007698887936
Area: 0.0007829104846677923
CentroidX: 0.9042
CentroidY: 0.8994
