Location: Dedata_14.png_Mean-Medain.png
Component: component_1755519998540_170.png
centerX: 0.49556451612903224
centerY: 0.4226275292106013
width: 0.03467741935483871
height: 0.029353092049016812
Area: 0.0005259517002362588
CentroidX: 0.5137
CentroidY: 0.4353
