Location: internet_24.png_Mean-Medain.png
Component: component_1755081215651_58.png
centerX: 0.2773075372833535
centerY: 0.16139150270886798
width: 0.04675534058847239
height: 0.042486455660108356
Area: 0.0008718671369186542
CentroidX: 0.3008
CentroidY: 0.1786
