Location: Dedata_14.png_Gaussian-Closing.png
Component: component_1755519998401_79.png
centerX: 0.9443548387096774
centerY: 0.19407238529495582
width: 0.03669354838709677
height: 0.02821316614420063
Area: 0.00034990669154892027
CentroidX: 0.9645
CentroidY: 0.2056
