Location: Dedata_14.png_Gaussian-Closing.png
Component: component_1755519998431_203.png
centerX: 0.49032258064516127
centerY: 0.5226560273582217
width: 0.03508064516129032
height: 0.025648332858364205
Area: 0.0005388218314196674
CentroidX: 0.5075
CentroidY: 0.5355
