Location: Dedata_14.png_Gaussian-Closing.png
Component: component_1755519998409_96.png
centerX: 0.8495967741935484
centerY: 0.2348247363921345
width: 0.029838709677419355
height: 0.0262182958107723
Area: 0.0004060986035907666
CentroidX: 0.8657
CentroidY: 0.2467
