Location: Dedata_14.png_Gaussian-Closing.png
Component: component_1755519998414_123.png
centerX: 0.5068548387096774
centerY: 0.29353092049016816
width: 0.04032258064516129
height: 0.02821316614420063
Area: 0.0005072210628889768
CentroidX: 0.5278
CentroidY: 0.3064
