Location: Dedata_14.png_Mean-Medain.png
Component: component_1755519998499_9.png
centerX: 0.018951612903225806
centerY: 0.011114277571957822
width: 0.0375
height: 0.033912795668281565
Area: 0.0005029693231230292
CentroidX: 0.0380
CentroidY: 0.0243
