Location: Dedata_14.png_Mean-Medain.png
Component: component_1755519998530_132.png
centerX: 0.7415322580645162
centerY: 0.32345397549159305
width: 0.042741935483870966
height: 0.024223425477343973
Area: 0.0005613445609906324
CentroidX: 0.7604
CentroidY: 0.3370
