Location: internet_24.png_Gaussian-Median.png
Component: component_1755081215826_105.png
centerX: 0.10721483272873841
centerY: 0.22469347020245223
width: 0.06086255542120113
height: 0.044767607641859136
Area: 0.000855431993156544
CentroidX: 0.1363
CentroidY: 0.2421
