Location: internet_24.png_Gaussian-Median.png
Component: component_1755081215869_302.png
centerX: 0.18057234985892784
centerY: 0.9076133447390933
width: 0.0475614671503426
height: 0.037639007698887936
Area: 0.0008342846753087939
CentroidX: 0.2043
CentroidY: 0.9233
