Location: Dedata_14.png_Mean-Closing.png
Component: component_1755519998305_125.png
centerX: 0.8620967741935484
centerY: 0.3149045312054716
width: 0.04717741935483871
height: 0.025648332858364205
Area: 0.0006048961656202024
CentroidX: 0.8834
CentroidY: 0.3291
