Location: Dedata_14.png_Mean-Medain.png
Component: component_1755519998557_240.png
centerX: 0.8653225806451613
centerY: 0.6577372470789399
width: 0.045564516129032256
height: 0.026503277286976348
Area: 0.0006863686924866013
CentroidX: 0.8888
CentroidY: 0.6703
