Location: Dedata_14.png_Mean-Medain.png
Component: component_1755519998541_176.png
centerX: 0.2721774193548387
centerY: 0.44229125106868056
width: 0.03508064516129032
height: 0.027643203191792535
Area: 0.0005391665670763659
CentroidX: 0.2898
CentroidY: 0.4540
