Location: Dedata_14.png_Mean-Closing.png
Component: component_1755519998322_208.png
centerX: 0.15725806451612903
centerY: 0.5460245084069536
width: 0.038306451612903226
height: 0.030208036477628954
Area: 0.0006314408111859826
CentroidX: 0.1777
CentroidY: 0.5601
