Location: Dedata_14.png_Gaussian-Closing.png
Component: component_1755519998438_232.png
centerX: 0.5084677419354838
centerY: 0.6212596181248219
width: 0.049193548387096775
height: 0.028498147620404674
Area: 0.0006987791761277453
CentroidX: 0.5325
CentroidY: 0.6342
