Location: Dedata_14.png_Mean-Medain.png
Component: component_1755519998510_46.png
centerX: 0.1407258064516129
centerY: 0.10230834995725278
width: 0.042741935483870966
height: 0.027643203191792535
Area: 0.0004905588394818853
CentroidX: 0.1630
CentroidY: 0.1146
