Location: Dedata_14.png_Otsu.png
Component: component_1755519998069_250.png
centerX: 0.8306451612903226
centerY: 0.4442861214021089
width: 0.039112903225806454
height: 0.02336848104873183
Area: 0.0005427288355289165
CentroidX: 0.8503
CentroidY: 0.4557
