Location: Dedata_14.png_Otsu.png
Component: component_1755519998010_89.png
centerX: 0.1439516129032258
centerY: 0.19378740381875179
width: 0.049193548387096775
height: 0.024508406953548018
Area: 0.0003563417571406246
CentroidX: 0.1664
CentroidY: 0.2042
