Location: Dedata_14.png_Gaussian-Closing.png
Component: component_1755519998423_166.png
centerX: 0.6629032258064517
centerY: 0.41208321459105157
width: 0.0407258064516129
height: 0.02365346252493588
Area: 0.0005329613252557939
CentroidX: 0.6832
CentroidY: 0.4246
