Location: Dedata_14.png_Mean-Closing.png
Component: component_1755519998287_61.png
centerX: 0.20887096774193548
centerY: 0.14733542319749215
width: 0.039112903225806454
height: 0.023938444001139925
Area: 0.00037978378179611875
CentroidX: 0.2280
CentroidY: 0.1585
