Location: Dedata_14.png_Mean-Medain.png
Component: component_1755519998548_208.png
centerX: 0.7891129032258064
centerY: 0.5397549159304645
width: 0.039919354838709675
height: 0.02707324023938444
Area: 0.0006283381902756966
CentroidX: 0.8094
CentroidY: 0.5529
