Location: Dedata_14.png_Otsu.png
Component: component_1755519998010_93.png
centerX: 0.8302419354838709
centerY: 0.19920205186662868
width: 0.03588709677419355
height: 0.022798518096323737
Area: 0.00026797451714025687
CentroidX: 0.8499
CentroidY: 0.2098
