Location: internet_24.png_Otsu.png
Component: component_1755081216033_1137.png
centerX: 0.5844417573559049
centerY: 0.6569717707442259
width: 0.045949214026602174
height: 0.03592814371257485
Area: 0.0005690237536098414
CentroidX: 0.6071
CentroidY: 0.6713
