Location: internet_24.png_Gaussian-Median.png
Component: component_1755081215856_244.png
centerX: 0.867795243853285
centerY: 0.696036498431708
width: 0.04232164449818621
height: 0.036783575705731396
Area: 0.0005632771998468659
CentroidX: 0.8890
CentroidY: 0.7111
