Location: internet_24.png_Mean-Medain.png
Component: component_1755081215703_133.png
centerX: 0.4042724707779121
centerY: 0.4613629883090961
width: 0.04796453043127771
height: 0.030795551753635585
Area: 0.0005653459592015371
CentroidX: 0.4277
CentroidY: 0.4746
