Location: internet_24.png_Mean-Medain.png
Component: component_1755081215707_140.png
centerX: 0.08101571946795647
centerY: 0.4864556601083547
width: 0.05199516324062878
height: 0.0290846877673225
Area: 0.000575230031673855
CentroidX: 0.1088
CentroidY: 0.4984
