Location: internet_24.png_Mean-Medain.png
Component: component_1755081215684_92.png
centerX: 0.6904474002418379
centerY: 0.2971200456230396
width: 0.05280128980249899
height: 0.036783575705731396
Area: 0.0006886670029549929
CentroidX: 0.7165
CentroidY: 0.3123
