Location: Dedata_14.png_Mean-Closing.png
Component: component_1755519998325_219.png
centerX: 0.21895161290322582
centerY: 0.5896266742661727
width: 0.0467741935483871
height: 0.026503277286976348
Area: 0.0007080870388586032
CentroidX: 0.2428
CentroidY: 0.6031
