Location: Dedata_14.png_Mean-Medain.png
Component: component_1755519998499_6.png
centerX: 0.3125
centerY: 0.009404388714733543
width: 0.041935483870967745
height: 0.028783129096608722
Area: 0.0004957298743323619
CentroidX: 0.3330
CentroidY: 0.0204
