Location: internet_24.png_Gaussian-Closing.png
Component: component_1755081215283_12.png
centerX: 0.018540910923014912
centerY: 0.012261191901910464
width: 0.03788794840790004
height: 0.03421727972626176
Area: 0.00051994818447403
CentroidX: 0.0375
CentroidY: 0.0256
