Location: internet_24.png_Otsu.png
Component: component_1755081216038_1144.png
centerX: 0.9294639258363563
centerY: 0.6920444824636441
width: 0.04554615074566707
height: 0.035642999714856
Area: 0.000519488460172992
CentroidX: 0.9507
CentroidY: 0.7069
