Location: Dedata_14.png_Mean-Medain.png
Component: component_1755519998538_163.png
centerX: 0.13669354838709677
centerY: 0.4066685665431747
width: 0.039112903225806454
height: 0.02963807352522086
Area: 0.0006313258993004164
CentroidX: 0.1572
CentroidY: 0.4208
