Location: Dedata_14.png_Mean-Closing.png
Component: component_1755519998299_100.png
centerX: 0.024596774193548387
centerY: 0.24650897691650042
width: 0.03588709677419355
height: 0.024223425477343973
Area: 0.0003816223719651771
CentroidX: 0.0423
CentroidY: 0.2560
