Location: Dedata_14.png_Mean-Closing.png
Component: component_1755519998304_119.png
centerX: 0.5645161290322581
centerY: 0.2895411798233115
width: 0.0375
height: 0.024508406953548018
Area: 0.0005646770056720507
CentroidX: 0.5845
CentroidY: 0.3021
