Location: Dedata_14.png_Mean-Medain.png
Component: component_1755519998567_272.png
centerX: 0.5483870967741935
centerY: 0.7791393559418638
width: 0.05040322580645161
height: 0.030493017953833
Area: 0.0007534772336572316
CentroidX: 0.5738
CentroidY: 0.7942
