Location: internet_24.png_Gaussian-Closing.png
Component: component_1755081215308_132.png
centerX: 0.6279725916968965
centerY: 0.44425434844596523
width: 0.053204353083434096
height: 0.03222127174222983
Area: 0.000534544431031988
CentroidX: 0.6536
CentroidY: 0.4570
