Location: internet_24.png_Otsu.png
Component: component_1755081215998_867.png
centerX: 0.3619508262797259
centerY: 0.2728828058169376
width: 0.054816606207174524
height: 0.036783575705731396
Area: 0.0006478664712378663
CentroidX: 0.3882
CentroidY: 0.2868
