Location: internet_24.png_Otsu.png
Component: component_1755081216039_1154.png
centerX: 0.7275292220878677
centerY: 0.7034502423723981
width: 0.04917372027408303
height: 0.034787567721699456
Area: 0.0004981112801747228
CentroidX: 0.7505
CentroidY: 0.7163
