Location: internet_24.png_Mean-Medain.png
Component: component_1755081215704_135.png
centerX: 0.932285368802902
centerY: 0.4707727402338181
width: 0.05401047964530431
height: 0.03307670373538637
Area: 0.0006053419733918471
CentroidX: 0.9587
CentroidY: 0.4837
