Location: Dedata_14.png_Otsu.png
Component: component_1755519998149_283.png
centerX: 0.15766129032258064
centerY: 0.5463094898831576
width: 0.0375
height: 0.02963807352522086
Area: 0.0005529559933443036
CentroidX: 0.1777
CentroidY: 0.5602
