Location: Dedata_14.png_Otsu.png
Component: component_1755519998016_163.png
centerX: 0.25725806451612904
centerY: 0.26987745796523227
width: 0.04032258064516129
height: 0.023083499572527786
Area: 0.0002732604638762997
CentroidX: 0.2768
CentroidY: 0.2818
