Location: Dedata_14.png_Gaussian-Closing.png
Component: component_1755519998423_168.png
centerX: 0.017741935483870968
centerY: 0.4135081219720718
width: 0.03870967741935484
height: 0.026788258763180393
Area: 0.0005747892516018716
CentroidX: 0.0377
CentroidY: 0.4266
