Location: Dedata_14.png_Mean-Medain.png
Component: component_1755519998525_113.png
centerX: 0.13588709677419356
centerY: 0.2764320319179253
width: 0.04153225806451613
height: 0.023938444001139925
Area: 0.0004667720791696927
CentroidX: 0.1561
CentroidY: 0.2873
