Location: Dedata_14.png_Mean-Medain.png
Component: component_1755519998524_110.png
centerX: 0.2568548387096774
centerY: 0.26959247648902823
width: 0.04112903225806452
height: 0.02365346252493588
Area: 0.0004764246775572491
CentroidX: 0.2770
CentroidY: 0.2810
