Location: internet_24.png_Gaussian-Median.png
Component: component_1755081215819_62.png
centerX: 0.09351068117694478
centerY: 0.11377245508982035
width: 0.06690850463522773
height: 0.042486455660108356
Area: 0.0008455479206842261
CentroidX: 0.1261
CentroidY: 0.1308
