Location: internet_24.png_Gaussian-Closing.png
Component: component_1755081215301_102.png
centerX: 0.09028617492946392
centerY: 0.339606501283148
width: 0.055219669488109635
height: 0.029940119760479042
Area: 0.0006374077433892508
CentroidX: 0.1181
CentroidY: 0.3516
