Location: Dedata_14.png_Gaussian-Closing.png
Component: component_1755519998447_274.png
centerX: 0.4705645161290323
centerY: 0.781134226275292
width: 0.05
height: 0.02963807352522086
Area: 0.0006894713133968873
CentroidX: 0.4956
CentroidY: 0.7954
