Location: internet_24.png_Gaussian-Closing.png
Component: component_1755081215336_245.png
centerX: 0.8012898024989923
centerY: 0.8867978329056173
width: 0.051592099959693674
height: 0.038209295694325636
Area: 0.0008011845256340547
CentroidX: 0.8274
CentroidY: 0.9019
