Location: Dedata_14.png_Mean-Closing.png
Component: component_1755519998271_2.png
centerX: 0.37620967741935485
centerY: 0.008264462809917356
width: 0.03870967741935484
height: 0.029068110572812767
Area: 0.00046907031688101566
CentroidX: 0.3944
CentroidY: 0.0193
