Location: internet_24.png_Gaussian-Median.png
Component: component_1755081215813_30.png
centerX: 0.40870616686819833
centerY: 0.058454519532363844
width: 0.06166868198307134
height: 0.04505275163957799
Area: 0.0009115183578831857
CentroidX: 0.4391
CentroidY: 0.0769
