Location: internet_24.png_Gaussian-Median.png
Component: component_1755081215854_232.png
centerX: 0.6557839580814188
centerY: 0.6524094667807243
width: 0.049576783555018135
height: 0.031080695751354435
Area: 0.0005882172431781798
CentroidX: 0.6798
CentroidY: 0.6651
