Location: internet_24.png_Mean-Medain.png
Component: component_1755081215582_12.png
centerX: 0.018540910923014912
centerY: 0.012261191901910464
width: 0.03788794840790004
height: 0.03421727972626176
Area: 0.0005535080584498074
CentroidX: 0.0375
CentroidY: 0.0255
