Location: Dedata_14.png_Gaussian-Closing.png
Component: component_1755519998404_89.png
centerX: 0.4592741935483871
centerY: 0.21915075520091193
width: 0.04717741935483871
height: 0.021373610715303505
Area: 0.00041322314049586776
CentroidX: 0.4798
CentroidY: 0.2301
