Location: Dedata_14.png_Mean-Closing.png
Component: component_1755519998274_16.png
centerX: 0.7762096774193549
centerY: 0.01396409233399829
width: 0.04112903225806452
height: 0.029353092049016812
Area: 0.0004843535976613133
CentroidX: 0.7992
CentroidY: 0.0252
