Location: Dedata_14.png_Mean-Closing.png
Component: component_1755519998296_85.png
centerX: 0.6459677419354839
centerY: 0.21060131091479053
width: 0.039919354838709675
height: 0.021373610715303505
Area: 0.0004085117531876557
CentroidX: 0.6658
CentroidY: 0.2210
