Location: Dedata_14.png_Mean-Medain.png
Component: component_1755519998568_274.png
centerX: 0.4032258064516129
centerY: 0.786548874323169
width: 0.04435483870967742
height: 0.030493017953833
Area: 0.0007013072376102005
CentroidX: 0.4256
CentroidY: 0.7993
