Location: internet_24.png_Gaussian-Closing.png
Component: component_1755081215301_101.png
centerX: 0.9209995969367191
centerY: 0.3324779013401768
width: 0.05562273276904474
height: 0.03165098374679213
Area: 0.0006825756559662387
CentroidX: 0.9490
CentroidY: 0.3465
