Location: Dedata_14.png_Otsu.png
Component: component_1755519997998_23.png
centerX: 0.8455645161290323
centerY: 0.0481618694784839
width: 0.03185483870967742
height: 0.020518666286691366
Area: 0.0003047463205214242
CentroidX: 0.8625
CentroidY: 0.0580
