Location: internet_24.png_Otsu.png
Component: component_1755081215978_13.png
centerX: 0.33454252317613864
centerY: 0.010265183917878529
width: 0.046352277307537285
height: 0.033932135728542916
Area: 0.0004993755220025775
CentroidX: 0.3566
CentroidY: 0.0232
