Location: internet_24.png_Gaussian-Median.png
Component: component_1755081215838_159.png
centerX: 0.7972591696896413
centerY: 0.4317080125463359
width: 0.058444175735590485
height: 0.035642999714856
Area: 0.0005504049194178006
CentroidX: 0.8242
CentroidY: 0.4451
