Location: Dedata_14.png_Otsu.png
Component: component_1755519998013_120.png
centerX: 0.8951612903225806
centerY: 0.23282986605870618
width: 0.03225806451612903
height: 0.02536335138216016
Area: 0.0003995486261134962
CentroidX: 0.9113
CentroidY: 0.2450
