Location: internet_24.png_Gaussian-Median.png
Component: component_1755081215859_257.png
centerX: 0.928254735993551
centerY: 0.7450812660393499
width: 0.04675534058847239
height: 0.03706871970345024
Area: 0.0007622228911210803
CentroidX: 0.9503
CentroidY: 0.7602
