Location: internet_24.png_Otsu.png
Component: component_1755081216052_1283.png
centerX: 0.615074566706973
centerY: 0.8197889934416881
width: 0.051189036678758564
height: 0.03649843170801255
Area: 0.0008275037418684827
CentroidX: 0.6402
CentroidY: 0.8351
