Location: internet_24.png_Mean-Medain.png
Component: component_1755081215730_188.png
centerX: 0.0068520757758968156
centerY: 0.6424294268605646
width: 0.03829101168883515
height: 0.032506415739948676
Area: 0.0006117781136063797
CentroidX: 0.0254
CentroidY: 0.6556
