Location: internet_24.png_Gaussian-Closing.png
Component: component_1755081215287_33.png
centerX: 0.7525191455058444
centerY: 0.10692899914456801
width: 0.05078597339782346
height: 0.03421727972626176
Area: 0.0007076306303728123
CentroidX: 0.7777
CentroidY: 0.1205
