Location: Dedata_14.png_Otsu.png
Component: component_1755519998006_69.png
centerX: 0.8475806451612903
centerY: 0.15816471929324594
width: 0.03508064516129032
height: 0.026503277286976348
Area: 0.0002671701339412938
CentroidX: 0.8647
CentroidY: 0.1695
