Location: Dedata_14.png_Mean-Medain.png
Component: component_1755519998535_150.png
centerX: 0.06895161290322581
centerY: 0.3676261043032203
width: 0.0407258064516129
height: 0.0262182958107723
Area: 0.0005083701817446382
CentroidX: 0.0891
CentroidY: 0.3796
