Location: Dedata_14.png_Mean-Medain.png
Component: component_1755519998565_264.png
centerX: 0.17379032258064517
centerY: 0.7452265602735823
width: 0.05
height: 0.030208036477628954
Area: 0.0007672666599251694
CentroidX: 0.2000
CentroidY: 0.7582
