Location: internet_24.png_Gaussian-Closing.png
Component: component_1755081215329_216.png
centerX: 0.8024989923417977
centerY: 0.7504990019960079
width: 0.04675534058847239
height: 0.03421727972626176
Area: 0.0007391217449939185
CentroidX: 0.8253
CentroidY: 0.7647
