Location: internet_24.png_Otsu.png
Component: component_1755081216005_895.png
centerX: 0.7928254735993551
centerY: 0.3877958368976333
width: 0.04554615074566707
height: 0.03136583974907328
Area: 0.00042064773544981207
CentroidX: 0.8148
CentroidY: 0.4002
