Location: Dedata_14.png_Otsu.png
Component: component_1755519997995_10.png
centerX: 0.43629032258064515
centerY: 0.011684240524365916
width: 0.03024193548387097
height: 0.027358221715588486
Area: 0.0003631215583890273
CentroidX: 0.4519
CentroidY: 0.0227
