Location: internet_24.png_Mean-Medain.png
Component: component_1755081215688_101.png
centerX: 0.8504635227730754
centerY: 0.34074707727402337
width: 0.049979846835953246
height: 0.03507271171941831
Area: 0.0006667151675804262
CentroidX: 0.8753
CentroidY: 0.3543
