Location: Dedata_14.png_Otsu.png
Component: component_1755519998184_317.png
centerX: 0.5995967741935484
centerY: 0.6719863208891422
width: 0.04435483870967742
height: 0.03334283271587347
Area: 0.0006662591125125254
CentroidX: 0.6221
CentroidY: 0.6858
