Location: internet_24.png_Gaussian-Closing.png
Component: component_1755081215305_122.png
centerX: 0.41233373639661425
centerY: 0.4134587966923296
width: 0.0475614671503426
height: 0.03022526375819789
Area: 0.0005215572195276632
CentroidX: 0.4362
CentroidY: 0.4264
