Location: internet_24.png_Gaussian-Closing.png
Component: component_1755081215335_241.png
centerX: 0.08020959290608626
centerY: 0.8502994011976048
width: 0.05038291011688835
height: 0.037639007698887936
Area: 0.0008741657584238444
CentroidX: 0.1059
CentroidY: 0.8663
