Location: Dedata_14.png_Otsu.png
Component: component_1755519998185_319.png
centerX: 0.4483870967741935
centerY: 0.682815616984896
width: 0.04596774193548387
height: 0.03134796238244514
Area: 0.0006447705899116558
CentroidX: 0.4713
CentroidY: 0.6958
