Location: Dedata_14.png_Mean-Closing.png
Component: component_1755519998279_28.png
centerX: 0.29274193548387095
centerY: 0.053576517526360785
width: 0.04112903225806452
height: 0.025648332858364205
Area: 0.0004589580709511946
CentroidX: 0.3149
CentroidY: 0.0644
