Location: Dedata_14.png_Otsu.png
Component: component_1755519998027_232.png
centerX: 0.26653225806451614
centerY: 0.3978341407808492
width: 0.04112903225806452
height: 0.02792818466799658
Area: 0.0005249174932661636
CentroidX: 0.2856
CentroidY: 0.4116
