Location: internet_24.png_Otsu.png
Component: component_1755081216007_930.png
centerX: 0.9399435711406691
centerY: 0.4214428286284574
width: 0.051592099959693674
height: 0.029940119760479042
Area: 0.0004128324223321653
CentroidX: 0.9646
CentroidY: 0.4324
