Location: internet_24.png_Otsu.png
Component: component_1755081215993_787.png
centerX: 0.9222087867795243
centerY: 0.1996007984031936
width: 0.051592099959693674
height: 0.03735386370116909
Area: 0.0006135020797352723
CentroidX: 0.9466
CentroidY: 0.2131
