Location: internet_24.png_Gaussian-Median.png
Component: component_1755081215834_142.png
centerX: 0.9218057234985892
centerY: 0.38152266894781867
width: 0.05965336557839581
height: 0.0290846877673225
Area: 0.0005491406775899459
CentroidX: 0.9513
CentroidY: 0.3934
