Location: internet_24.png_Gaussian-Closing.png
Component: component_1755081215317_168.png
centerX: 0.24062877871825877
centerY: 0.5728542914171657
width: 0.0471584038694075
height: 0.03706871970345024
Area: 0.0006285580505942683
CentroidX: 0.2642
CentroidY: 0.5877
