Location: internet_24.png_Mean-Medain.png
Component: component_1755081215724_173.png
centerX: 0.7779121322047562
centerY: 0.5862560593099515
width: 0.04514308746473196
height: 0.031936127744510975
Area: 0.0006184441159714314
CentroidX: 0.8005
CentroidY: 0.6001
