Location: Dedata_14.png_Mean-Closing.png
Component: component_1755519998279_31.png
centerX: 0.022983870967741935
centerY: 0.06469079509831861
width: 0.04032258064516129
height: 0.027358221715588486
Area: 0.00043333272046994366
CentroidX: 0.0433
CentroidY: 0.0752
