Location: Dedata_14.png_Otsu.png
Component: component_1755519998033_247.png
centerX: 0.8887096774193548
centerY: 0.44115132516386435
width: 0.03790322580645161
height: 0.025933314334568254
Area: 0.0005264113477785234
CentroidX: 0.9084
CentroidY: 0.4528
