Location: internet_24.png_Gaussian-Median.png
Component: component_1755081215823_94.png
centerX: 0.9218057234985892
centerY: 0.19931565440547477
width: 0.05199516324062878
height: 0.03792415169660679
Area: 0.0006523487831729873
CentroidX: 0.9465
CentroidY: 0.2131
