Location: Dedata_14.png_Gaussian-Closing.png
Component: component_1755519998443_254.png
centerX: 0.9407258064516129
centerY: 0.713308634938729
width: 0.0467741935483871
height: 0.030208036477628954
Area: 0.0007134878974802122
CentroidX: 0.9643
CentroidY: 0.7272
