Location: Dedata_14.png_Mean-Closing.png
Component: component_1755519998272_4.png
centerX: 0.6040322580645161
centerY: 0.008549444286121402
width: 0.039919354838709675
height: 0.03134796238244514
Area: 0.00045056950330486583
CentroidX: 0.6241
CentroidY: 0.0215
