Location: internet_24.png_Otsu.png
Component: component_1755081215985_482.png
centerX: 0.6735187424425635
centerY: 0.10379241516966067
width: 0.05038291011688835
height: 0.038209295694325636
Area: 0.0007436040569290394
CentroidX: 0.6987
CentroidY: 0.1193
