Location: Dedata_14.png_Otsu.png
Component: component_1755519998019_186.png
centerX: 0.5645161290322581
centerY: 0.28982616129951555
width: 0.037096774193548385
height: 0.024223425477343973
Area: 0.0004900991919396207
CentroidX: 0.5843
CentroidY: 0.3021
