Location: Dedata_14.png_Gaussian-Closing.png
Component: component_1755519998435_216.png
centerX: 0.6141129032258065
centerY: 0.5594186377885437
width: 0.03669354838709677
height: 0.02963807352522086
Area: 0.0005690436573235643
CentroidX: 0.6334
CentroidY: 0.5729
