Location: internet_24.png_Otsu.png
Component: component_1755081216010_979.png
centerX: 0.3329302700523982
centerY: 0.4696321642429427
width: 0.04877065699314793
height: 0.029654975762760195
Area: 0.00045144926361936113
CentroidX: 0.3563
CentroidY: 0.4812
