Location: internet_24.png_Mean-Medain.png
Component: component_1755081215692_110.png
centerX: 0.26360338573155984
centerY: 0.38323353293413176
width: 0.05602579604997985
height: 0.03307670373538637
Area: 0.0006675196851072427
CentroidX: 0.2908
CentroidY: 0.3970
