Location: Dedata_14.png_Mean-Closing.png
Component: component_1755519998281_40.png
centerX: 0.5314516129032258
centerY: 0.08919920205186663
width: 0.034274193548387094
height: 0.025933314334568254
Area: 0.0003733487162044145
CentroidX: 0.5489
CentroidY: 0.1008
