Location: Dedata_14.png_Mean-Medain.png
Component: component_1755519998520_93.png
centerX: 0.9419354838709677
centerY: 0.2311199772014819
width: 0.03346774193548387
height: 0.0262182958107723
Area: 0.0004612563086625176
CentroidX: 0.9600
CentroidY: 0.2430
