Location: Dedata_14.png_Otsu.png
Component: component_1755519998221_346.png
centerX: 0.47096774193548385
centerY: 0.7814192077514962
width: 0.049193548387096775
height: 0.029068110572812767
Area: 0.000650401272304397
CentroidX: 0.4956
CentroidY: 0.7953
