Location: internet_24.png_Gaussian-Closing.png
Component: component_1755081215321_189.png
centerX: 0.7299476017734784
centerY: 0.6467065868263473
width: 0.04877065699314793
height: 0.03507271171941831
Area: 0.0005845394487698754
CentroidX: 0.7536
CentroidY: 0.6604
