Location: internet_24.png_Mean-Medain.png
Component: component_1755081215739_208.png
centerX: 0.3675937122128174
centerY: 0.7245508982035929
width: 0.042724707779121324
height: 0.031080695751354435
Area: 0.000555002162428181
CentroidX: 0.3883
CentroidY: 0.7378
