Location: internet_24.png_Gaussian-Median.png
Component: component_1755081215840_165.png
centerX: 0.47480854494155583
centerY: 0.45394924436840606
width: 0.05280128980249899
height: 0.031936127744510975
Area: 0.0005185690115709159
CentroidX: 0.5002
CentroidY: 0.4673
