Location: Dedata_14.png_Otsu.png
Component: component_1755519998001_36.png
centerX: 0.7112903225806452
centerY: 0.08634938728982616
width: 0.039112903225806454
height: 0.024508406953548018
Area: 0.00028072973643809927
CentroidX: 0.7283
CentroidY: 0.0971
