Location: Dedata_14.png_Otsu.png
Component: component_1755519998005_55.png
centerX: 0.5471774193548387
centerY: 0.12938159019663723
width: 0.034274193548387094
height: 0.02365346252493588
Area: 0.00024154478346004283
CentroidX: 0.5646
CentroidY: 0.1393
