Location: internet_24.png_Gaussian-Median.png
Component: component_1755081215827_111.png
centerX: 0.6852075775896815
centerY: 0.25434844596521244
width: 0.053607416364369206
height: 0.032506415739948676
Area: 0.000594768314467972
CentroidX: 0.7114
CentroidY: 0.2665
