Location: internet_24.png_Mean-Medain.png
Component: component_1755081215745_224.png
centerX: 0.301894397420395
centerY: 0.7844311377245509
width: 0.051189036678758564
height: 0.034787567721699456
Area: 0.000670048168762952
CentroidX: 0.3269
CentroidY: 0.7980
