Location: internet_24.png_Gaussian-Closing.png
Component: component_1755081215309_139.png
centerX: 0.871825876662636
centerY: 0.47790134017678926
width: 0.04030632809351068
height: 0.0290846877673225
Area: 0.0004681142695319903
CentroidX: 0.8918
CentroidY: 0.4896
