Location: internet_24.png_Mean-Medain.png
Component: component_1755081215565_4.png
centerX: 0.407496977025393
centerY: 0.009124607927003137
width: 0.04232164449818621
height: 0.035357855717137156
Area: 0.0006659106500536096
CentroidX: 0.4277
CentroidY: 0.0233
