Location: Dedata_14.png_Gaussian-Closing.png
Component: component_1755519998411_109.png
centerX: 0.3911290322580645
centerY: 0.26132801367911085
width: 0.037096774193548385
height: 0.024793388429752067
Area: 0.0004035705421083113
CentroidX: 0.4116
CentroidY: 0.2732
