Location: internet_24.png_Gaussian-Closing.png
Component: component_1755081215302_106.png
centerX: 0.6948810963321241
centerY: 0.35243798118049613
width: 0.06328093510681176
height: 0.034787567721699456
Area: 0.0007194685311245419
CentroidX: 0.7261
CentroidY: 0.3663
