Location: internet_24.png_Gaussian-Closing.png
Component: component_1755081215332_226.png
centerX: 0.23498589278516727
centerY: 0.7881380096948959
width: 0.04514308746473196
height: 0.03450242372398061
Area: 0.0005669549942551702
CentroidX: 0.2570
CentroidY: 0.8017
