Location: Dedata_14.png_Gaussian-Closing.png
Component: component_1755519998443_250.png
centerX: 0.2375
centerY: 0.6916500427472214
width: 0.04435483870967742
height: 0.030493017953833
Area: 0.0006341986964395702
CentroidX: 0.2606
CentroidY: 0.7039
