Location: internet_24.png_Mean-Medain.png
Component: component_1755081215693_111.png
centerX: 0.8544941555824265
centerY: 0.3869404049044768
width: 0.04917372027408303
height: 0.030795551753635585
Area: 0.0005160405279152066
CentroidX: 0.8793
CentroidY: 0.3988
