Location: internet_24.png_Otsu.png
Component: component_1755081216021_1099.png
centerX: 0.010882708585247884
centerY: 0.5902480752780154
width: 0.041515517936316
height: 0.03649843170801255
Area: 0.0005109835606037881
CentroidX: 0.0315
CentroidY: 0.6044
