Location: internet_24.png_Otsu.png
Component: component_1755081216053_1293.png
centerX: 0.1596130592503023
centerY: 0.8454519532363843
width: 0.049979846835953246
height: 0.038209295694325636
Area: 0.0008715223436928757
CentroidX: 0.1844
CentroidY: 0.8616
