Location: Dedata_14.png_Gaussian-Closing.png
Component: component_1755519998448_279.png
centerX: 0.1721774193548387
centerY: 0.7942433741806783
width: 0.06048387096774194
height: 0.030777999430037048
Area: 0.0008035788157640721
CentroidX: 0.2018
CentroidY: 0.8079
