Location: Dedata_14.png_Otsu.png
Component: component_1755519998003_46.png
centerX: 0.21653225806451612
centerY: 0.1043032202906811
width: 0.03185483870967742
height: 0.02108862923909946
Area: 0.00028819900899989886
CentroidX: 0.2333
CentroidY: 0.1131
