Location: Dedata_14.png_Gaussian-Closing.png
Component: component_1755519998410_105.png
centerX: 0.5637096774193548
centerY: 0.2527785693929895
width: 0.034274193548387094
height: 0.0219435736677116
Area: 0.00035553737394166155
CentroidX: 0.5810
CentroidY: 0.2626
