Location: Dedata_14.png_Mean-Medain.png
Component: component_1755519998539_165.png
centerX: 0.6625
centerY: 0.41208321459105157
width: 0.04112903225806452
height: 0.02365346252493588
Area: 0.000563412974930823
CentroidX: 0.6832
CentroidY: 0.4246
