Location: Dedata_14.png_Gaussian-Closing.png
Component: component_1755519998394_51.png
centerX: 0.7887096774193548
centerY: 0.12282701624394414
width: 0.041935483870967745
height: 0.022798518096323737
Area: 0.0003873679662434845
CentroidX: 0.8084
CentroidY: 0.1332
