Location: internet_24.png_Gaussian-Median.png
Component: component_1755081215848_203.png
centerX: 0.4619105199516324
centerY: 0.5597376675220986
width: 0.03990326481257558
height: 0.03165098374679213
Area: 0.000459724301038046
CentroidX: 0.4817
CentroidY: 0.5718
