Location: Dedata_14.png_Otsu.png
Component: component_1755519998007_70.png
centerX: 0.9064516129032258
centerY: 0.15844970076944997
width: 0.03387096774193549
height: 0.020518666286691366
Area: 0.00024108513591777824
CentroidX: 0.9238
CentroidY: 0.1680
