Location: Dedata_14.png_Mean-Closing.png
Component: component_1755519998286_56.png
centerX: 0.47943548387096774
centerY: 0.13394129381590197
width: 0.04153225806451613
height: 0.019663721858079224
Area: 0.0004023065113670837
CentroidX: 0.5000
CentroidY: 0.1437
