Location: Dedata_14.png_Mean-Closing.png
Component: component_1755519998325_217.png
centerX: 0.35161290322580646
centerY: 0.5782274152180108
width: 0.043548387096774194
height: 0.027358221715588486
Area: 0.0006928037580783055
CentroidX: 0.3733
CentroidY: 0.5912
