Location: Dedata_14.png_Mean-Closing.png
Component: component_1755519998275_18.png
centerX: 0.771774193548387
centerY: 0.0438871473354232
width: 0.031451612903225803
height: 0.025933314334568254
Area: 0.00039058549903933664
CentroidX: 0.7881
CentroidY: 0.0551
