Location: internet_24.png_Gaussian-Median.png
Component: component_1755081215839_162.png
centerX: 0.01128577186618299
centerY: 0.4411177644710579
width: 0.046352277307537285
height: 0.031080695751354435
Area: 0.0005181092872698778
CentroidX: 0.0343
CentroidY: 0.4526
