Location: Dedata_14.png_Mean-Medain.png
Component: component_1755519998517_80.png
centerX: 0.9443548387096774
centerY: 0.19407238529495582
width: 0.03669354838709677
height: 0.02821316614420063
Area: 0.00039748021217330553
CentroidX: 0.9646
CentroidY: 0.2054
