Location: Dedata_14.png_Mean-Closing.png
Component: component_1755519998308_134.png
centerX: 0.625
centerY: 0.32972356796808205
width: 0.04233870967741935
height: 0.024508406953548018
Area: 0.00054858934169279
CentroidX: 0.6439
CentroidY: 0.3427
