Location: internet_15.png_Gaussian-Median.png
Component: component_1755087704666_267.png
centerX: 0.9024586860137042
centerY: 0.553464499572284
width: 0.0471584038694075
height: 0.02423723980610208
Area: 0.00037249161491607674
CentroidX: 0.9256
CentroidY: 0.5675
