Location: Dedata_10.png_Mean-Medain.png
Component: component_1755521621586_116.png
centerX: 0.17580645161290323
centerY: 0.21117127386719864
width: 0.04798387096774193
height: 0.018238814477058992
Area: 0.00039851441914340085
CentroidX: 0.1970
CentroidY: 0.2218
