Location: Dedata_10.png_Otsu.png
Component: component_1755521621725_583.png
centerX: 0.007661290322580645
centerY: 0.36734112282701625
width: 0.06008064516129032
height: 0.01909375890567113
Area: 0.0003360023533954164
CentroidX: 0.0350
CentroidY: 0.3782
