Location: Dedata_10.png_Otsu.png
Component: component_1755521621679_50.png
centerX: 0.02338709677419355
centerY: 0.04987175833570818
width: 0.04758064516129032
height: 0.0176688515246509
Area: 0.00019477564603462066
CentroidX: 0.0475
CentroidY: 0.0603
