Location: internet_15.png_Gaussian-Median.png
Component: component_1755087704648_146.png
centerX: 0.6799677549375251
centerY: 0.3279155973766752
width: 0.042724707779121324
height: 0.022526375819788995
Area: 0.0003669749233036202
CentroidX: 0.6994
CentroidY: 0.3416
