Location: internet_15.png_Otsu.png
Component: component_1755087705367_804.png
centerX: 0.5308343409915357
centerY: 0.49500998003992014
width: 0.046352277307537285
height: 0.021956087824351298
Area: 0.0003520338835198837
CentroidX: 0.5539
CentroidY: 0.5080
