Location: internet_15.png_Gaussian-Median.png
Component: component_1755087704628_39.png
centerX: 0.4179766223297058
centerY: 0.04818933561448532
width: 0.04675534058847239
height: 0.022241231822070145
Area: 0.00041467131953631746
CentroidX: 0.4383
CentroidY: 0.0617
