Location: internet_15.png_Mean-Closing.png
Component: component_1755087704519_32.png
centerX: 0.01128577186618299
centerY: 0.09609352723125178
width: 0.044740024183796856
height: 0.019674935842600515
Area: 0.00036479123287368946
CentroidX: 0.0312
CentroidY: 0.1084
