Location: Dedata_10.png_Mean-Medain.png
Component: component_1755521621584_107.png
centerX: 0.7987903225806452
centerY: 0.1969222000569963
width: 0.054838709677419356
height: 0.018523795953263037
Area: 0.0003772557203136635
CentroidX: 0.8243
CentroidY: 0.2081
