Location: internet_15.png_Otsu.png
Component: component_1755087705404_1044.png
centerX: 0.45908907698508666
centerY: 0.782435129740519
width: 0.04514308746473196
height: 0.01996007984031936
Area: 0.00028652317062196215
CentroidX: 0.4810
CentroidY: 0.7946
