Location: internet_15.png_Gaussian-Closing.png
Component: component_1755087704779_143.png
centerX: 0.3147924224103184
centerY: 0.42001710863986313
width: 0.05562273276904474
height: 0.021956087824351298
Area: 0.0004428294329748978
CentroidX: 0.3403
CentroidY: 0.4336
