Location: internet_15.png_Gaussian-Median.png
Component: component_1755087704665_261.png
centerX: 0.5372833534864974
centerY: 0.5380667236954663
width: 0.04917372027408303
height: 0.0213857998289136
Area: 0.0003712273730882221
CentroidX: 0.5619
CentroidY: 0.5514
