Location: Dedata_10.png_Gaussian-Closing.png
Component: component_1755521621199_23.png
centerX: 0.8145161290322581
centerY: 0.03562268452550584
width: 0.06653225806451613
height: 0.019663721858079224
Area: 0.00040403018965057594
CentroidX: 0.8456
CentroidY: 0.0486
