Location: internet_15.png_Otsu.png
Component: component_1755087705397_988.png
centerX: 0.23498589278516727
centerY: 0.7122897063016823
width: 0.05078597339782346
height: 0.01996007984031936
Area: 0.0002792825128806129
CentroidX: 0.2604
CentroidY: 0.7245
