Location: Dedata_10.png_Mean-Closing.png
Component: component_1755521621506_233.png
centerX: 0.5491935483870968
centerY: 0.4987175833570818
width: 0.05282258064516129
height: 0.01909375890567113
Area: 0.0003638110297024242
CentroidX: 0.5737
CentroidY: 0.5106
