Location: Dedata_10.png_Gaussian-Closing.png
Component: component_1755521621226_155.png
centerX: 0.6423387096774194
centerY: 0.31604445711028784
width: 0.05524193548387097
height: 0.01738387004844685
Area: 0.0003554224620560954
CentroidX: 0.6676
CentroidY: 0.3264
