Location: Kurtxevani_1794_page_10.png_Mean-Medain.png
Component: component_1755610054609_555.png
centerX: 0.6206896551724138
centerY: 0.10709563684442486
width: 0.017533606078316773
height: 0.008373732921992068
Area: 9.63356643644847e-05
CentroidX: 0.6290
CentroidY: 0.1112
