Location: internet_15.png_Gaussian-Median.png
Component: component_1755087704636_81.png
centerX: 0.9024586860137042
centerY: 0.16766467065868262
width: 0.039500201531640466
height: 0.025377815796977475
Area: 0.00046029895641434355
CentroidX: 0.9226
CentroidY: 0.1820
