Location: Dedata_10.png_Gaussian-Closing.png
Component: component_1755521621199_21.png
centerX: 0.902016129032258
centerY: 0.033912795668281565
width: 0.05685483870967742
height: 0.02080364776289541
Area: 0.0003693268002095993
CentroidX: 0.9300
CentroidY: 0.0467
