Location: Dedata_10.png_Mean-Closing.png
Component: component_1755521621449_49.png
centerX: 0.930241935483871
centerY: 0.09090909090909091
width: 0.0467741935483871
height: 0.017098888572242805
Area: 0.00031865065867492804
CentroidX: 0.9524
CentroidY: 0.1018
