Location: internet_15.png_Gaussian-Closing.png
Component: component_1755087704758_38.png
centerX: 0.8049173720274083
centerY: 0.13316224693470202
width: 0.055219669488109635
height: 0.021956087824351298
Area: 0.00041237269803112725
CentroidX: 0.8301
CentroidY: 0.1469
