Location: Dedata_10.png_Mean-Closing.png
Component: component_1755521621513_269.png
centerX: 0.7975806451612903
centerY: 0.5805072670276432
width: 0.05725806451612903
height: 0.01937874038187518
Area: 0.0004932018128499067
CentroidX: 0.8237
CentroidY: 0.5927
