Location: internet_15.png_Gaussian-Closing.png
Component: component_1755087704767_82.png
centerX: 0.7553405884723902
centerY: 0.2440832620473339
width: 0.04070939137444579
height: 0.022241231822070145
Area: 0.00037904268620586894
CentroidX: 0.7743
CentroidY: 0.2572
