Location: internet_15.png_Otsu.png
Component: component_1755087705379_858.png
centerX: 0.6844014510278114
centerY: 0.568291987453664
width: 0.04554615074566707
height: 0.020245223838038208
Area: 0.0003087048681470479
CentroidX: 0.7057
CentroidY: 0.5805
