Location: Dedata_10.png_Mean-Closing.png
Component: component_1755521621445_40.png
centerX: 0.43548387096774194
centerY: 0.06725562838415503
width: 0.0625
height: 0.019663721858079224
Area: 0.0003079638533172763
CentroidX: 0.4634
CentroidY: 0.0796
