Location: Dedata_10.png_Mean-Closing.png
Component: component_1755521621512_268.png
centerX: 0.011693548387096775
centerY: 0.5793673411228271
width: 0.053629032258064514
height: 0.016243944143630663
Area: 0.00027831658684121014
CentroidX: 0.0353
CentroidY: 0.5890
