Location: Dedata_10.png_Otsu.png
Component: component_1755521621713_514.png
centerX: 0.3217741935483871
centerY: 0.23852949558278713
width: 0.053629032258064514
height: 0.017098888572242805
Area: 0.00030566561560595336
CentroidX: 0.3461
CentroidY: 0.2489
