Location: internet_15.png_Gaussian-Closing.png
Component: component_1755087704759_43.png
centerX: 0.2418379685610641
centerY: 0.14029084687767324
width: 0.049979846835953246
height: 0.02623324779013402
Area: 0.0004328304294273203
CentroidX: 0.2639
CentroidY: 0.1562
