Location: internet_15.png_Otsu.png
Component: component_1755087705407_1084.png
centerX: 0.012494961708988311
centerY: 0.8080980895352153
width: 0.04232164449818621
height: 0.019104647847162818
Area: 0.00025342302094722287
CentroidX: 0.0341
CentroidY: 0.8197
