Location: Dedata_10.png_Otsu.png
Component: component_1755521621670_3.png
centerX: 0.9012096774193549
centerY: 0.005984611000284981
width: 0.0532258064516129
height: 0.016813907096038756
Area: 0.00019408617472122376
CentroidX: 0.9253
CentroidY: 0.0161
