Location: internet_15.png_Gaussian-Closing.png
Component: component_1755087704790_194.png
centerX: 0.6102378073357517
centerY: 0.572284003421728
width: 0.04232164449818621
height: 0.021100655831194755
Area: 0.0003233011147050058
CentroidX: 0.6304
CentroidY: 0.5851
