Location: internet_15.png_Mean-Closing.png
Component: component_1755087704558_220.png
centerX: 0.4687625957275292
centerY: 0.6581123467351012
width: 0.04030632809351068
height: 0.019389791844881665
Area: 0.00026744461212888326
CentroidX: 0.4861
CentroidY: 0.6704
