Location: Kurtxevani_1794_page_10.png_Mean-Medain.png
Component: component_1755610055015_1755.png
centerX: 0.494447691408533
centerY: 0.5187307183781401
width: 0.028053769725306838
height: 0.014543851917144116
Area: 0.0002428998168334467
CentroidX: 0.5086
CentroidY: 0.5259
