Location: Dedata_10.png_Mean-Medain.png
Component: component_1755521621566_13.png
centerX: 0.48629032258064514
centerY: 0.008264462809917356
width: 0.04032258064516129
height: 0.019663721858079224
Area: 0.0003283032570624845
CentroidX: 0.5064
CentroidY: 0.0193
