Location: internet_15.png_Gaussian-Median.png
Component: component_1755087704664_253.png
centerX: 0.010479645304312777
centerY: 0.5209580838323353
width: 0.04312777106005643
height: 0.021670943826632448
Area: 0.0003628374045942778
CentroidX: 0.0307
CentroidY: 0.5338
