Location: Dedata_10.png_Mean-Closing.png
Component: component_1755521621471_120.png
centerX: 0.5641129032258064
centerY: 0.2348247363921345
width: 0.0532258064516129
height: 0.016813907096038756
Area: 0.0003586399948519475
CentroidX: 0.5884
CentroidY: 0.2446
