Location: Dedata_10.png_Mean-Closing.png
Component: component_1755521621450_52.png
centerX: 0.6028225806451613
centerY: 0.09546879452835566
width: 0.0657258064516129
height: 0.01738387004844685
Area: 0.0003208339845006849
CentroidX: 0.6345
CentroidY: 0.1069
