Location: internet_15.png_Mean-Closing.png
Component: component_1755087704565_251.png
centerX: 0.3135832325675131
centerY: 0.7493584260051326
width: 0.051189036678758564
height: 0.021100655831194755
Area: 0.0003909955180328581
CentroidX: 0.3366
CentroidY: 0.7623
