Location: Dedata_10.png_Gaussian-Closing.png
Component: component_1755521621200_27.png
centerX: 0.49959677419354837
centerY: 0.038472499287546306
width: 0.054838709677419356
height: 0.015958962667426618
Area: 0.0002637227773743094
CentroidX: 0.5277
CentroidY: 0.0491
