Location: internet_15.png_Gaussian-Closing.png
Component: component_1755087704774_114.png
centerX: 0.24062877871825877
centerY: 0.34644995722840033
width: 0.045949214026602174
height: 0.0213857998289136
Area: 0.00038950141405448443
CentroidX: 0.2619
CentroidY: 0.3596
