Location: Dedata_10.png_Otsu.png
Component: component_1755521621721_552.png
centerX: 0.48629032258064514
centerY: 0.3211741236819607
width: 0.054838709677419356
height: 0.018238814477058992
Area: 0.0003143989189089806
CentroidX: 0.5099
CentroidY: 0.3322
