Location: Dedata_10.png_Gaussian-Closing.png
Component: component_1755521621234_194.png
centerX: 0.6407258064516129
centerY: 0.40153889997150183
width: 0.053629032258064514
height: 0.01481903676261043
Area: 0.00028957795162669266
CentroidX: 0.6669
CentroidY: 0.4109
