Location: Dedata_10.png_Otsu.png
Component: component_1755521621726_588.png
centerX: 0.707258064516129
centerY: 0.37104588201766886
width: 0.06008064516129032
height: 0.017098888572242805
Area: 0.00026912363599591833
CentroidX: 0.7340
CentroidY: 0.3815
