Location: Dedata_10.png_Otsu.png
Component: component_1755521621742_713.png
centerX: 0.23387096774193547
centerY: 0.5411798233114847
width: 0.05443548387096774
height: 0.01652892561983471
Area: 0.00024234916665900587
CentroidX: 0.2585
CentroidY: 0.5521
