Location: Dedata_10.png_Otsu.png
Component: component_1755521621732_619.png
centerX: 0.3967741935483871
centerY: 0.40923339982901114
width: 0.05120967741935484
height: 0.018238814477058992
Area: 0.0002520017650465623
CentroidX: 0.4202
CentroidY: 0.4197
