Location: internet_15.png_Mean-Closing.png
Component: component_1755087704530_89.png
centerX: 0.006449012494961709
centerY: 0.2671799258625606
width: 0.04796453043127771
height: 0.022526375819788995
Area: 0.00048133134318683414
CentroidX: 0.0281
CentroidY: 0.2799
