Location: internet_15.png_Gaussian-Closing.png
Component: component_1755087704772_106.png
centerX: 0.8250705360741637
centerY: 0.3202167094382663
width: 0.04433696090286175
height: 0.02480752780153978
Area: 0.00040501710921451853
CentroidX: 0.8468
CentroidY: 0.3351
