Location: Dedata_10.png_Mean-Closing.png
Component: component_1755521621509_249.png
centerX: 0.39395161290322583
centerY: 0.536905101168424
width: 0.046370967741935484
height: 0.013679110857794243
Area: 0.00026602101508563236
CentroidX: 0.4157
CentroidY: 0.5452
