Location: internet_15.png_Mean-Closing.png
Component: component_1755087704525_61.png
centerX: 0.010479645304312777
centerY: 0.18905047048759624
width: 0.04191858121725111
height: 0.021670943826632448
Area: 0.00034352898395067984
CentroidX: 0.0293
CentroidY: 0.2007
