Location: Dedata_10.png_Mean-Closing.png
Component: component_1755521621469_111.png
centerX: 0.09516129032258064
centerY: 0.21544599601025932
width: 0.05403225806451613
height: 0.018523795953263037
Area: 0.0003066998225760487
CentroidX: 0.1184
CentroidY: 0.2265
