Location: internet_15.png_Gaussian-Closing.png
Component: component_1755087704784_166.png
centerX: 0.6082224909310762
centerY: 0.48902195608782434
width: 0.044740024183796856
height: 0.0213857998289136
Area: 0.00036835409620673436
CentroidX: 0.6303
CentroidY: 0.5019
