Location: internet_15.png_Gaussian-Median.png
Component: component_1755087704678_316.png
centerX: 0.012091898428053204
centerY: 0.6794981465640149
width: 0.04554615074566707
height: 0.02281151981750784
Area: 0.00042202690835292623
CentroidX: 0.0350
CentroidY: 0.6924
