Location: Dedata_10.png_Otsu.png
Component: component_1755521621724_575.png
centerX: 0.3326612903225806
centerY: 0.3585066970646908
width: 0.05685483870967742
height: 0.0176688515246509
Area: 0.00030302264223793196
CentroidX: 0.3586
CentroidY: 0.3695
