Location: internet_15.png_Mean-Closing.png
Component: component_1755087704544_153.png
centerX: 0.31761386537686415
centerY: 0.46107784431137727
width: 0.045949214026602174
height: 0.022241231822070145
Area: 0.00034433350147749646
CentroidX: 0.3392
CentroidY: 0.4740
