Location: Dedata_10.png_Gaussian-Closing.png
Component: component_1755521621221_130.png
centerX: 0.419758064516129
centerY: 0.26303790253633513
width: 0.06048387096774194
height: 0.018238814477058992
Area: 0.0003588698186230798
CentroidX: 0.4474
CentroidY: 0.2738
