Location: Dedata_10.png_Otsu.png
Component: component_1755521621680_72.png
centerX: 0.45403225806451614
centerY: 0.06754060986035908
width: 0.03225806451612903
height: 0.017098888572242805
Area: 9.74452789600934e-05
CentroidX: 0.4700
CentroidY: 0.0782
