Location: internet_15.png_Mean-Closing.png
Component: component_1755087704542_142.png
centerX: 0.08585247883917775
centerY: 0.42771599657827203
width: 0.04917372027408303
height: 0.023952095808383235
Area: 0.00047868792845586535
CentroidX: 0.1070
CentroidY: 0.4418
