Location: internet_15.png_Gaussian-Median.png
Component: component_1755087704667_274.png
centerX: 0.6844014510278114
centerY: 0.5680068434559452
width: 0.04554615074566707
height: 0.020530367835757058
Area: 0.00035812523050863783
CentroidX: 0.7063
CentroidY: 0.5807
