Location: Dedata_10.png_Mean-Closing.png
Component: component_1755521621468_103.png
centerX: 0.8814516129032258
centerY: 0.20005699629524082
width: 0.05766129032258065
height: 0.017098888572242805
Area: 0.0004035705421083113
CentroidX: 0.9066
CentroidY: 0.2099
