Location: Dedata_10.png_Mean-Closing.png
Component: component_1755521621464_87.png
centerX: 0.014516129032258065
centerY: 0.1610145340552864
width: 0.0532258064516129
height: 0.017953833000854943
Area: 0.00035094089851901564
CentroidX: 0.0368
CentroidY: 0.1713
