Location: Dedata_10.png_Mean-Medain.png
Component: component_1755521621610_234.png
centerX: 0.01129032258064516
centerY: 0.4841835280706754
width: 0.04879032258064516
height: 0.018238814477058992
Area: 0.0003632364702745934
CentroidX: 0.0326
CentroidY: 0.4947
