Location: Dedata_10.png_Mean-Medain.png
Component: component_1755521621598_175.png
centerX: 0.6463709677419355
centerY: 0.3445426047306925
width: 0.05241935483870968
height: 0.019948703334283273
Area: 0.0003785197510548911
CentroidX: 0.6686
CentroidY: 0.3560
