Location: Dedata_10.png_Mean-Closing.png
Component: component_1755521621486_173.png
centerX: 0.25806451612903225
centerY: 0.35879167854089483
width: 0.054838709677419356
height: 0.021373610715303505
Area: 0.00040311089456604676
CentroidX: 0.2824
CentroidY: 0.3718
