Location: Dedata_10.png_Mean-Closing.png
Component: component_1755521621464_90.png
centerX: 0.8399193548387097
centerY: 0.17269877457965233
width: 0.052016129032258066
height: 0.017953833000854943
Area: 0.0002561385929269436
CentroidX: 0.8648
CentroidY: 0.1837
