Location: Dedata_10.png_Otsu.png
Component: component_1755521621715_522.png
centerX: 0.5108870967741935
centerY: 0.262182958107723
width: 0.05846774193548387
height: 0.01652892561983471
Area: 0.0003070445582327471
CentroidX: 0.5381
CentroidY: 0.2720
