Location: Dedata_10.png_Mean-Closing.png
Component: component_1755521621444_38.png
centerX: 0.5209677419354839
centerY: 0.06697064690795099
width: 0.06330645161290323
height: 0.018808777429467086
Area: 0.0003540435194293016
CentroidX: 0.5505
CentroidY: 0.0789
