Location: Dedata_10.png_Mean-Medain.png
Component: component_1755521621615_263.png
centerX: 0.014112903225806451
centerY: 0.5494442861214021
width: 0.04758064516129032
height: 0.015958962667426618
Area: 0.00029601301721839693
CentroidX: 0.0352
CentroidY: 0.5590
