Location: internet_15.png_Otsu.png
Component: component_1755087704943_8.png
centerX: 0.1841999193873438
centerY: 0.010835471913316224
width: 0.051592099959693674
height: 0.023666951810664385
Area: 0.00033640325728459016
CentroidX: 0.2064
CentroidY: 0.0252
