Location: internet_15.png_Mean-Closing.png
Component: component_1755087704553_193.png
centerX: 0.3897621926642483
centerY: 0.5839749073282008
width: 0.041112454655380895
height: 0.023096663815226688
Area: 0.00040340807416088534
CentroidX: 0.4098
CentroidY: 0.5972
