Location: Dedata_10.png_Mean-Medain.png
Component: component_1755521621587_122.png
centerX: 0.728225806451613
centerY: 0.22713023653462525
width: 0.05725806451612903
height: 0.018523795953263037
Area: 0.0003717399498064884
CentroidX: 0.7517
CentroidY: 0.2382
