Location: internet_15.png_Otsu.png
Component: component_1755087705385_899.png
centerX: 0.4703748488512696
centerY: 0.624750499001996
width: 0.03426037887948408
height: 0.017964071856287425
Area: 0.0002398611540666005
CentroidX: 0.4844
CentroidY: 0.6359
