Location: internet_15.png_Gaussian-Closing.png
Component: component_1755087704750_2.png
centerX: 0.894397420395002
centerY: 0.009124607927003137
width: 0.051592099959693674
height: 0.023952095808383235
Area: 0.0004342096023304344
CentroidX: 0.9164
CentroidY: 0.0240
