Location: Dedata_10.png_Gaussian-Closing.png
Component: component_1755521621227_159.png
centerX: 0.3278225806451613
centerY: 0.32801367911085777
width: 0.05766129032258065
height: 0.018523795953263037
Area: 0.0003770258965425312
CentroidX: 0.3538
CentroidY: 0.3399
