Location: Dedata_10.png_Otsu.png
Component: component_1755521621673_32.png
centerX: 0.8149193548387097
centerY: 0.03590766600170989
width: 0.0657258064516129
height: 0.018808777429467086
Area: 0.0002500482629919378
CentroidX: 0.8450
CentroidY: 0.0480
