Location: internet_15.png_Otsu.png
Component: component_1755087705256_103.png
centerX: 0.56590084643289
centerY: 0.13743940690048476
width: 0.04917372027408303
height: 0.025377815796977475
Area: 0.00034352898395067984
CentroidX: 0.5881
CentroidY: 0.1524
