Location: Dedata_10.png_Gaussian-Closing.png
Component: component_1755521621239_214.png
centerX: 0.009274193548387096
centerY: 0.45397549159304645
width: 0.05725806451612903
height: 0.017098888572242805
Area: 0.00036346629404572576
CentroidX: 0.0344
CentroidY: 0.4641
