Location: internet_15.png_Otsu.png
Component: component_1755087705335_531.png
centerX: 0.6799677549375251
centerY: 0.3615625891074993
width: 0.03506650544135429
height: 0.023096663815226688
Area: 0.00031249759363061175
CentroidX: 0.6941
CentroidY: 0.3754
