Location: internet_15.png_Mean-Closing.png
Component: component_1755087704533_103.png
centerX: 0.8948004836759371
centerY: 0.31565440547476475
width: 0.05038291011688835
height: 0.023666951810664385
Area: 0.000494318554691159
CentroidX: 0.9182
CentroidY: 0.3302
