Location: internet_15.png_Gaussian-Median.png
Component: component_1755087704646_135.png
centerX: 0.4586860137041516
centerY: 0.2971200456230396
width: 0.03829101168883515
height: 0.02566295979469632
Area: 0.0004291526350190159
CentroidX: 0.4778
CentroidY: 0.3122
