Location: Dedata_10.png_Gaussian-Closing.png
Component: component_1755521621209_72.png
centerX: 0.014112903225806451
centerY: 0.13137646053006555
width: 0.05524193548387097
height: 0.017953833000854943
Area: 0.000350481250976751
CentroidX: 0.0401
CentroidY: 0.1425
