Location: Dedata_10.png_Mean-Medain.png
Component: component_1755521621611_241.png
centerX: 0.4661290322580645
centerY: 0.49957252778569394
width: 0.054838709677419356
height: 0.021373610715303505
Area: 0.0004023065113670837
CentroidX: 0.4915
CentroidY: 0.5128
