Location: Dedata_10.png_Gaussian-Closing.png
Component: component_1755521621218_118.png
centerX: 0.3995967741935484
centerY: 0.23339982901111428
width: 0.05806451612903226
height: 0.0176688515246509
Area: 0.00036277682273232886
CentroidX: 0.4262
CentroidY: 0.2437
