Location: internet_15.png_Gaussian-Closing.png
Component: component_1755087704776_122.png
centerX: 0.6799677549375251
centerY: 0.36127744510978044
width: 0.04554615074566707
height: 0.023381807812945538
Area: 0.0004358186373840676
CentroidX: 0.6995
CentroidY: 0.3750
