Location: Dedata_10.png_Otsu.png
Component: component_1755521621745_724.png
centerX: 0.49516129032258066
centerY: 0.5642633228840125
width: 0.054838709677419356
height: 0.01481903676261043
Area: 0.0002321220088436187
CentroidX: 0.5198
CentroidY: 0.5741
