Location: Dedata_10.png_Mean-Closing.png
Component: component_1755521621508_247.png
centerX: 0.46491935483870966
centerY: 0.5343402678825876
width: 0.043548387096774194
height: 0.015388999715018524
Area: 0.0002714218737072413
CentroidX: 0.4846
CentroidY: 0.5437
