Location: Dedata_10.png_Mean-Closing.png
Component: component_1755521621487_175.png
centerX: 0.09233870967741936
centerY: 0.36563123396979197
width: 0.06088709677419355
height: 0.019948703334283273
Area: 0.00042230117945559343
CentroidX: 0.1211
CentroidY: 0.3785
