Location: internet_15.png_Gaussian-Median.png
Component: component_1755087704628_37.png
centerX: 0.898428053204353
centerY: 0.046193327630453376
width: 0.054816606207174524
height: 0.02281151981750784
Area: 0.0004584600592101913
CentroidX: 0.9216
CentroidY: 0.0596
