Location: Dedata_10.png_Gaussian-Closing.png
Component: component_1755521621223_141.png
centerX: 0.011693548387096775
centerY: 0.2829866058706184
width: 0.05040322580645161
height: 0.01909375890567113
Area: 0.0003485277489221265
CentroidX: 0.0328
CentroidY: 0.2937
