Location: Dedata_10.png_Mean-Closing.png
Component: component_1755521621455_68.png
centerX: 0.3294354838709677
centerY: 0.12710173838700484
width: 0.05524193548387097
height: 0.018523795953263037
Area: 0.0003349681464253211
CentroidX: 0.3557
CentroidY: 0.1385
