Location: Dedata_10.png_Mean-Medain.png
Component: component_1755521621565_8.png
centerX: 0.6754032258064516
centerY: 0.007124536905101168
width: 0.04758064516129032
height: 0.02365346252493588
Area: 0.0003712803022642238
CentroidX: 0.7007
CentroidY: 0.0193
