Location: Dedata_10.png_Otsu.png
Component: component_1755521621739_686.png
centerX: 0.3935483870967742
centerY: 0.5047021943573667
width: 0.05403225806451613
height: 0.017953833000854943
Area: 0.00030233317092453506
CentroidX: 0.4178
CentroidY: 0.5164
