Location: Dedata_10.png_Gaussian-Closing.png
Component: component_1755521621219_123.png
centerX: 0.9076612903225807
centerY: 0.2487888287261328
width: 0.06088709677419355
height: 0.018808777429467086
Area: 0.00037840483916932495
CentroidX: 0.9351
CentroidY: 0.2602
