Location: internet_15.png_Gaussian-Median.png
Component: component_1755087704644_124.png
centerX: 0.08504635227730754
centerY: 0.26404334188765327
width: 0.04070939137444579
height: 0.025377815796977475
Area: 0.000474780271897042
CentroidX: 0.1029
CentroidY: 0.2782
