Location: Dedata_10.png_Mean-Medain.png
Component: component_1755521621601_187.png
centerX: 0.5576612903225806
centerY: 0.372185807922485
width: 0.049193548387096775
height: 0.018238814477058992
Area: 0.00034599968743967126
CentroidX: 0.5796
CentroidY: 0.3840
