Location: internet_15.png_Mean-Closing.png
Component: component_1755087704531_91.png
centerX: 0.8170092704554615
centerY: 0.2791559737667522
width: 0.041515517936316
height: 0.024522383803820928
Area: 0.0004047872470639995
CentroidX: 0.8369
CentroidY: 0.2943
