Location: Dedata_10.png_Mean-Medain.png
Component: component_1755521621613_251.png
centerX: 0.6020161290322581
centerY: 0.5252208606440582
width: 0.05604838709677419
height: 0.018238814477058992
Area: 0.0003445058329273113
CentroidX: 0.6265
CentroidY: 0.5363
