Location: internet_15.png_Gaussian-Closing.png
Component: component_1755087704802_253.png
centerX: 0.4615074566706973
centerY: 0.7422298260621614
width: 0.05239822652156389
height: 0.020815511833475905
Area: 0.00040202890125777123
CentroidX: 0.4870
CentroidY: 0.7547
