Location: Dedata_10.png_Otsu.png
Component: component_1755521621723_566.png
centerX: 0.646774193548387
centerY: 0.3448275862068966
width: 0.05120967741935484
height: 0.01937874038187518
Area: 0.00028072973643809927
CentroidX: 0.6677
CentroidY: 0.3557
