Location: Dedata_10.png_Otsu.png
Component: component_1755521621713_515.png
centerX: 0.2403225806451613
centerY: 0.24166429182103163
width: 0.050806451612903224
height: 0.016813907096038756
Area: 0.0003266944906645584
CentroidX: 0.2644
CentroidY: 0.2515
