Location: internet_15.png_Gaussian-Closing.png
Component: component_1755087704782_158.png
centerX: 0.2470777912132205
centerY: 0.46678072426575423
width: 0.05199516324062878
height: 0.01996007984031936
Area: 0.00036007905878804953
CentroidX: 0.2726
CentroidY: 0.4780
