Location: internet_15.png_Gaussian-Closing.png
Component: component_1755087704799_236.png
centerX: 0.7730753728335349
centerY: 0.6883376104932991
width: 0.04312777106005643
height: 0.023096663815226688
Area: 0.0003996153486773215
CentroidX: 0.7948
CentroidY: 0.7023
