Location: internet_15.png_Gaussian-Closing.png
Component: component_1755087704764_72.png
centerX: 0.5413139862958485
centerY: 0.21642429426860565
width: 0.03788794840790004
height: 0.023096663815226688
Area: 0.0003899611383555225
CentroidX: 0.5590
CentroidY: 0.2299
