Location: internet_15.png_Otsu.png
Component: component_1755087705283_283.png
centerX: 0.008061265618702136
centerY: 0.22868548617051612
width: 0.053204353083434096
height: 0.021100655831194755
Area: 0.0004670798898546547
CentroidX: 0.0320
CentroidY: 0.2411
