Location: internet_15.png_Gaussian-Closing.png
Component: component_1755087704803_257.png
centerX: 0.15356711003627568
centerY: 0.754205873966353
width: 0.051189036678758564
height: 0.022526375819788995
Area: 0.0003982361757742073
CentroidX: 0.1787
CentroidY: 0.7684
