Location: Dedata_10.png_Mean-Closing.png
Component: component_1755521621442_35.png
centerX: 0.8379032258064516
centerY: 0.06269592476489028
width: 0.05524193548387097
height: 0.01937874038187518
Area: 0.0003713952141497899
CentroidX: 0.8639
CentroidY: 0.0752
