Location: Dedata_10.png_Gaussian-Closing.png
Component: component_1755521621219_120.png
centerX: 0.32137096774193546
centerY: 0.23824451410658307
width: 0.05443548387096774
height: 0.0176688515246509
Area: 0.00034864266080769266
CentroidX: 0.3460
CentroidY: 0.2489
