Location: Dedata_10.png_Mean-Closing.png
Component: component_1755521621450_53.png
centerX: 0.6955645161290323
centerY: 0.09603875748076375
width: 0.05725806451612903
height: 0.018523795953263037
Area: 0.00033083131854493974
CentroidX: 0.7213
CentroidY: 0.1070
