Location: internet_15.png_Mean-Closing.png
Component: component_1755087704517_23.png
centerX: 0.01128577186618299
centerY: 0.05303678357570573
width: 0.058444175735590485
height: 0.02566295979469632
Area: 0.0004820209296383912
CentroidX: 0.0363
CentroidY: 0.0695
