Location: Dedata_10.png_Mean-Closing.png
Component: component_1755521621507_240.png
centerX: 0.008467741935483872
centerY: 0.5141065830721003
width: 0.04798387096774193
height: 0.019663721858079224
Area: 0.0003579505235385506
CentroidX: 0.0302
CentroidY: 0.5256
