Location: Dedata_10.png_Gaussian-Closing.png
Component: component_1755521621222_135.png
centerX: 0.9395161290322581
centerY: 0.2738671986320889
width: 0.05282258064516129
height: 0.017953833000854943
Area: 0.0003542733432004339
CentroidX: 0.9639
CentroidY: 0.2855
