Location: Dedata_10.png_Mean-Medain.png
Component: component_1755521621619_278.png
centerX: 0.646774193548387
centerY: 0.5862068965517241
width: 0.052016129032258066
height: 0.01937874038187518
Area: 0.0004917079583375468
CentroidX: 0.6710
CentroidY: 0.5980
