Location: internet_15.png_Gaussian-Closing.png
Component: component_1755087704760_54.png
centerX: 0.7605804111245466
centerY: 0.17251211861990304
width: 0.041112454655380895
height: 0.023381807812945538
Area: 0.00044432353695327145
CentroidX: 0.7802
CentroidY: 0.1852
