Location: Dedata_10.png_Otsu.png
Component: component_1755521621738_667.png
centerX: 0.9209677419354839
centerY: 0.49130806497577656
width: 0.04314516129032258
height: 0.016243944143630663
Area: 0.00022384835308285607
CentroidX: 0.9419
CentroidY: 0.5015
