Location: internet_15.png_Otsu.png
Component: component_1755087704942_6.png
centerX: 0.8133817009270455
centerY: 0.010550327915597377
width: 0.049979846835953246
height: 0.023381807812945538
Area: 0.0003858236196461801
CentroidX: 0.8350
CentroidY: 0.0245
