Location: internet_15.png_Mean-Closing.png
Component: component_1755087704535_113.png
centerX: 0.24062877871825877
centerY: 0.34644995722840033
width: 0.045949214026602174
height: 0.0213857998289136
Area: 0.0004328304294273203
CentroidX: 0.2615
CentroidY: 0.3596
