Location: Kurtxevani_1794_page_10.png_Mean-Medain.png
Component: component_1755610054882_1117.png
centerX: 0.7241379310344828
centerY: 0.30674305861613044
width: 0.018118059614260665
height: 0.010577346848832084
Area: 0.00011823013353823122
CentroidX: 0.7328
CentroidY: 0.3124
