Location: Dedata_10.png_Mean-Closing.png
Component: component_1755521621455_67.png
centerX: 0.5762096774193548
centerY: 0.1262467939583927
width: 0.056451612903225805
height: 0.013679110857794243
Area: 0.0002592412138372296
CentroidX: 0.6029
CentroidY: 0.1347
