Location: Dedata_10.png_Mean-Medain.png
Component: component_1755521621594_157.png
centerX: 0.8733870967741936
centerY: 0.30635508691935026
width: 0.05887096774193548
height: 0.017953833000854943
Area: 0.00039449250314858565
CentroidX: 0.9000
CentroidY: 0.3176
