Location: internet_15.png_Otsu.png
Component: component_1755087705276_251.png
centerX: 0.9020556227327691
centerY: 0.20587396635300828
width: 0.04070939137444579
height: 0.021670943826632448
Area: 0.0003768589957759382
CentroidX: 0.9189
CentroidY: 0.2183
