Location: internet_15.png_Otsu.png
Component: component_1755087705396_956.png
centerX: 0.6166868198307134
centerY: 0.6911890504704876
width: 0.04514308746473196
height: 0.02281151981750784
Area: 0.00031548580158735905
CentroidX: 0.6379
CentroidY: 0.7040
