Location: internet_15.png_Mean-Closing.png
Component: component_1755087704520_41.png
centerX: 0.56590084643289
centerY: 0.13743940690048476
width: 0.04917372027408303
height: 0.025377815796977475
Area: 0.0004727115125423708
CentroidX: 0.5877
CentroidY: 0.1523
