Location: Dedata_10.png_Mean-Medain.png
Component: component_1755521621587_125.png
centerX: 0.3995967741935484
centerY: 0.23311484753491024
width: 0.05806451612903226
height: 0.017953833000854943
Area: 0.00037484257071677436
CentroidX: 0.4263
CentroidY: 0.2437
