Location: Dedata_10.png_Mean-Medain.png
Component: component_1755521621604_205.png
centerX: 0.32056451612903225
centerY: 0.41293815901966374
width: 0.05040322580645161
height: 0.019663721858079224
Area: 0.0003412883001314592
CentroidX: 0.3443
CentroidY: 0.4254
