Location: internet_15.png_Gaussian-Closing.png
Component: component_1755087704798_234.png
centerX: 0.694478033051189
centerY: 0.6866267465069861
width: 0.054816606207174524
height: 0.02480752780153978
Area: 0.00043168111867472516
CentroidX: 0.7199
CentroidY: 0.7016
