Location: Kurtxevani_1794_page_10.png_Mean-Medain.png
Component: component_1755610054999_1615.png
centerX: 0.853302162478083
centerY: 0.4645218157778757
width: 0.018702513150204558
height: 0.010577346848832084
Area: 0.0001450186605272858
CentroidX: 0.8621
CentroidY: 0.4699
