Location: internet_15.png_Gaussian-Closing.png
Component: component_1755087704766_81.png
centerX: 0.6787585650947199
centerY: 0.24436840604505275
width: 0.04675534058847239
height: 0.023381807812945538
Area: 0.00039846603792472634
CentroidX: 0.7018
CentroidY: 0.2582
