Location: Dedata_10.png_Mean-Medain.png
Component: component_1755521621572_50.png
centerX: 0.016935483870967744
centerY: 0.07609005414648048
width: 0.05725806451612903
height: 0.016813907096038756
Area: 0.00031210068119765763
CentroidX: 0.0450
CentroidY: 0.0870
