Location: internet_15.png_Otsu.png
Component: component_1755087705366_783.png
centerX: 0.014913341394598953
centerY: 0.4776161961790704
width: 0.051189036678758564
height: 0.020245223838038208
Area: 0.000259744230086496
CentroidX: 0.0388
CentroidY: 0.4891
