Location: Dedata_10.png_Mean-Medain.png
Component: component_1755521621601_191.png
centerX: 0.4056451612903226
centerY: 0.37817041892277004
width: 0.05
height: 0.018523795953263037
Area: 0.00029382969139264014
CentroidX: 0.4288
CentroidY: 0.3895
