Location: internet_15.png_Mean-Closing.png
Component: component_1755087704538_127.png
centerX: 0.23216444981862153
centerY: 0.38637011690903905
width: 0.049576783555018135
height: 0.021670943826632448
Area: 0.0003989257622257644
CentroidX: 0.2539
CentroidY: 0.3994
