Location: Dedata_10.png_Mean-Closing.png
Component: component_1755521621479_146.png
centerX: 0.3165322580645161
centerY: 0.29609575377600456
width: 0.05725806451612903
height: 0.017953833000854943
Area: 0.00038012851745281717
CentroidX: 0.3419
CentroidY: 0.3073
