Location: Dedata_10.png_Mean-Closing.png
Component: component_1755521621475_128.png
centerX: 0.744758064516129
centerY: 0.2553434026788259
width: 0.06491935483870968
height: 0.01738387004844685
Area: 0.00036496014855808565
CentroidX: 0.7739
CentroidY: 0.2659
