Location: Dedata_10.png_Gaussian-Closing.png
Component: component_1755521621221_133.png
centerX: 0.3395161290322581
centerY: 0.2664576802507837
width: 0.05685483870967742
height: 0.020233684810487318
Area: 0.0003740381875178113
CentroidX: 0.3657
CentroidY: 0.2785
