Location: internet_15.png_Mean-Closing.png
Component: component_1755087704556_209.png
centerX: 0.16162837565497784
centerY: 0.634160250926718
width: 0.04514308746473196
height: 0.021100655831194755
Area: 0.00037743365115223574
CentroidX: 0.1831
CentroidY: 0.6466
