Location: internet_15.png_Gaussian-Median.png
Component: component_1755087704652_178.png
centerX: 0.4558645707376058
centerY: 0.37524950099800397
width: 0.049576783555018135
height: 0.020530367835757058
Area: 0.0003546772982508525
CentroidX: 0.4772
CentroidY: 0.3868
