Location: Dedata_10.png_Gaussian-Closing.png
Component: component_1755521621237_204.png
centerX: 0.8040322580645162
centerY: 0.42946708463949845
width: 0.05846774193548387
height: 0.0176688515246509
Area: 0.0003586399948519475
CentroidX: 0.8312
CentroidY: 0.4411
