Location: internet_15.png_Mean-Closing.png
Component: component_1755087704519_33.png
centerX: 0.3063280935106812
centerY: 0.09580838323353294
width: 0.0471584038694075
height: 0.02281151981750784
Area: 0.0004177744585683243
CentroidX: 0.3270
CentroidY: 0.1098
