Location: internet_15.png_Otsu.png
Component: component_1755087705390_915.png
centerX: 0.6231358323256752
centerY: 0.6512688907898488
width: 0.04353083434099154
height: 0.021670943826632448
Area: 0.0002897412407292285
CentroidX: 0.6451
CentroidY: 0.6634
