Location: Dedata_10.png_Gaussian-Closing.png
Component: component_1755521621237_206.png
centerX: 0.655241935483871
centerY: 0.43573667711598746
width: 0.054838709677419356
height: 0.016813907096038756
Area: 0.00035875490673751366
CentroidX: 0.6808
CentroidY: 0.4465
