Location: internet_15.png_Mean-Closing.png
Component: component_1755087704519_35.png
centerX: 0.23216444981862153
centerY: 0.09751924721984602
width: 0.04554615074566707
height: 0.01996007984031936
Area: 0.00037352599459341233
CentroidX: 0.2520
CentroidY: 0.1097
