Location: Dedata_10.png_Otsu.png
Component: component_1755521621747_735.png
centerX: 0.7979838709677419
centerY: 0.5805072670276432
width: 0.056451612903225805
height: 0.018808777429467086
Area: 0.000441376552459574
CentroidX: 0.8237
CentroidY: 0.5926
