Location: internet_15.png_Otsu.png
Component: component_1755087705321_363.png
centerX: 0.4586860137041516
centerY: 0.29740518962075846
width: 0.03788794840790004
height: 0.025092671799258625
Area: 0.00033444942900517845
CentroidX: 0.4777
CentroidY: 0.3122
