Location: internet_15.png_Mean-Closing.png
Component: component_1755087704564_245.png
centerX: 0.6900443369609028
centerY: 0.7305389221556886
width: 0.04836759371221282
height: 0.020530367835757058
Area: 0.0003182441473935873
CentroidX: 0.7121
CentroidY: 0.7426
