Location: Dedata_10.png_Mean-Closing.png
Component: component_1755521621439_26.png
centerX: 0.4266129032258065
centerY: 0.039612425192362494
width: 0.05040322580645161
height: 0.016243944143630663
Area: 0.00028141920775149617
CentroidX: 0.4498
CentroidY: 0.0498
