Location: Dedata_10.png_Gaussian-Closing.png
Component: component_1755521621236_203.png
centerX: 0.8806451612903226
centerY: 0.4263322884012539
width: 0.04959677419354839
height: 0.018808777429467086
Area: 0.0003492172202355234
CentroidX: 0.9031
CentroidY: 0.4382
