Location: Dedata_10.png_Mean-Closing.png
Component: component_1755521621513_273.png
centerX: 0.4080645161290323
centerY: 0.5919065260758051
width: 0.06129032258064516
height: 0.022798518096323737
Area: 0.000557092821224685
CentroidX: 0.4364
CentroidY: 0.6058
