Location: internet_15.png_Gaussian-Median.png
Component: component_1755087704655_206.png
centerX: 0.5634824667472793
centerY: 0.40718562874251496
width: 0.049576783555018135
height: 0.021956087824351298
Area: 0.00038352499814098983
CentroidX: 0.5865
CentroidY: 0.4195
