Location: internet_15.png_Otsu.png
Component: component_1755087704942_7.png
centerX: 0.012091898428053204
centerY: 0.011120615911035072
width: 0.05038291011688835
height: 0.0213857998289136
Area: 0.00036306726674479684
CentroidX: 0.0337
CentroidY: 0.0245
