Location: internet_15.png_Otsu.png
Component: component_1755087705353_753.png
centerX: 0.7021362353889561
centerY: 0.43912175648702595
width: 0.04675534058847239
height: 0.021956087824351298
Area: 0.0003116930761037952
CentroidX: 0.7235
CentroidY: 0.4524
