Location: internet_15.png_Otsu.png
Component: component_1755087705327_436.png
centerX: 0.6799677549375251
centerY: 0.3282007413743941
width: 0.04232164449818621
height: 0.022241231822070145
Area: 0.00025388274524826087
CentroidX: 0.6985
CentroidY: 0.3426
