Location: Dedata_10.png_Gaussian-Closing.png
Component: component_1755521621220_128.png
centerX: 0.744758064516129
centerY: 0.2553434026788259
width: 0.06532258064516129
height: 0.017098888572242805
Area: 0.0003563417571406246
CentroidX: 0.7741
CentroidY: 0.2658
