Location: Dedata_10.png_Mean-Medain.png
Component: component_1755521621619_280.png
centerX: 0.4080645161290323
centerY: 0.5919065260758051
width: 0.06129032258064516
height: 0.022798518096323737
Area: 0.0005577822925380818
CentroidX: 0.4364
CentroidY: 0.6058
