Location: Dedata_10.png_Mean-Medain.png
Component: component_1755521621577_78.png
centerX: 0.014112903225806451
centerY: 0.13137646053006555
width: 0.05524193548387097
height: 0.017953833000854943
Area: 0.00036656891495601173
CentroidX: 0.0402
CentroidY: 0.1426
