Location: internet_15.png_Mean-Closing.png
Component: component_1755087704543_147.png
centerX: 0.8500604594921403
centerY: 0.4411177644710579
width: 0.04554615074566707
height: 0.019389791844881665
Area: 0.00034881581341261736
CentroidX: 0.8717
CentroidY: 0.4526
