Location: Dedata_10.png_Mean-Medain.png
Component: component_1755521621592_146.png
centerX: 0.08830645161290322
centerY: 0.28070675406098605
width: 0.06491935483870968
height: 0.01738387004844685
Area: 0.0004170152327195506
CentroidX: 0.1143
CentroidY: 0.2915
