Location: Dedata_10.png_Mean-Closing.png
Component: component_1755521621480_151.png
centerX: 0.0875
centerY: 0.30692504987175834
width: 0.052016129032258066
height: 0.016813907096038756
Area: 0.00035484790262826465
CentroidX: 0.1115
CentroidY: 0.3172
