Location: Dedata_10.png_Otsu.png
Component: component_1755521621739_691.png
centerX: 0.23588709677419356
centerY: 0.5095468794528356
width: 0.05524193548387097
height: 0.018808777429467086
Area: 0.00031118138611312845
CentroidX: 0.2610
CentroidY: 0.5209
