Location: internet_15.png_Otsu.png
Component: component_1755087705155_47.png
centerX: 0.6557839580814188
centerY: 0.04790419161676647
width: 0.051189036678758564
height: 0.023381807812945538
Area: 0.0003678943719056963
CentroidX: 0.6779
CentroidY: 0.0614
