Location: Dedata_10.png_Mean-Closing.png
Component: component_1755521621485_168.png
centerX: 0.6463709677419355
centerY: 0.3445426047306925
width: 0.052016129032258066
height: 0.019948703334283273
Area: 0.00037771536785592805
CentroidX: 0.6685
CentroidY: 0.3560
