Location: Kurtxevani_1764_page_10.png_Otsu.png
Component: component_1755610055992_1798.png
centerX: 0.3423948220064725
centerY: 0.7539756782039289
width: 0.019417475728155338
height: 0.01028999064546305
Area: 0.00014712961028817424
CentroidX: 0.3516
CentroidY: 0.7589
