Location: internet_15.png_Gaussian-Median.png
Component: component_1755087704635_77.png
centerX: 0.09068923821039904
centerY: 0.14171656686626746
width: 0.054816606207174524
height: 0.02480752780153978
Area: 0.00045627636878026065
CentroidX: 0.1150
CentroidY: 0.1565
