Location: internet_15.png_Gaussian-Closing.png
Component: component_1755087704769_93.png
centerX: 0.8170092704554615
centerY: 0.2791559737667522
width: 0.041515517936316
height: 0.023952095808383235
Area: 0.00035938947233649245
CentroidX: 0.8374
CentroidY: 0.2943
