Location: Dedata_10.png_Gaussian-Closing.png
Component: component_1755521621210_75.png
centerX: 0.7455645161290323
centerY: 0.14591051581647194
width: 0.05282258064516129
height: 0.0176688515246509
Area: 0.000278201674955644
CentroidX: 0.7703
CentroidY: 0.1575
