Location: Dedata_10.png_Otsu.png
Component: component_1755521621736_643.png
centerX: 0.9483870967741935
centerY: 0.46024508406953546
width: 0.04153225806451613
height: 0.015388999715018524
Area: 0.0002736051995329981
CentroidX: 0.9669
CentroidY: 0.4689
