Location: Dedata_10.png_Gaussian-Closing.png
Component: component_1755521621251_277.png
centerX: 0.24475806451612903
centerY: 0.5967512111712738
width: 0.05282258064516129
height: 0.022228555143915644
Area: 0.0004725176734480001
CentroidX: 0.2697
CentroidY: 0.6104
