Location: internet_15.png_Otsu.png
Component: component_1755087705393_942.png
centerX: 0.08141878274889158
centerY: 0.6746506986027944
width: 0.04796453043127771
height: 0.021670943826632448
Area: 0.00035755057513234023
CentroidX: 0.1042
CentroidY: 0.6878
