Location: Dedata_10.png_Mean-Closing.png
Component: component_1755521621466_97.png
centerX: 0.2633064516129032
centerY: 0.18324308919920204
width: 0.05685483870967742
height: 0.01909375890567113
Area: 0.0003163524209636051
CentroidX: 0.2889
CentroidY: 0.1944
