Location: internet_15.png_Gaussian-Median.png
Component: component_1755087704664_255.png
centerX: 0.7577589681580008
centerY: 0.5238095238095238
width: 0.04353083434099154
height: 0.023096663815226688
Area: 0.0003772037890017167
CentroidX: 0.7800
CentroidY: 0.5375
