Location: internet_15.png_Gaussian-Median.png
Component: component_1755087704678_319.png
centerX: 0.694074969770254
centerY: 0.6866267465069861
width: 0.055219669488109635
height: 0.02480752780153978
Area: 0.0004381172588892578
CentroidX: 0.7200
CentroidY: 0.7017
