Location: Dedata_10.png_Mean-Closing.png
Component: component_1755521621514_276.png
centerX: 0.24475806451612903
centerY: 0.5967512111712738
width: 0.05282258064516129
height: 0.022513536620119692
Area: 0.0005022798518096324
CentroidX: 0.2697
CentroidY: 0.6104
