Location: Dedata_10.png_Otsu.png
Component: component_1755521621715_525.png
centerX: 0.667741935483871
centerY: 0.2636078654887432
width: 0.054838709677419356
height: 0.01396409233399829
Area: 0.0002778569392989456
CentroidX: 0.6933
CentroidY: 0.2717
