Location: Dedata_10.png_Mean-Medain.png
Component: component_1755521621607_221.png
centerX: 0.009274193548387096
centerY: 0.4536905101168424
width: 0.05725806451612903
height: 0.01738387004844685
Area: 0.00038001360556725103
CentroidX: 0.0343
CentroidY: 0.4641
