Location: Dedata_10.png_Otsu.png
Component: component_1755521621715_524.png
centerX: 0.589516129032258
centerY: 0.2636078654887432
width: 0.05282258064516129
height: 0.015104018238814477
Area: 0.00026797451714025687
CentroidX: 0.6133
CentroidY: 0.2723
