Location: Kurtxevani_1794_page_10.png_Mean-Medain.png
Component: component_1755610054898_1238.png
centerX: 0.2104032729398013
centerY: 0.35742617893345086
width: 0.017533606078316773
height: 0.010136624063464082
Area: 0.00012338177334381863
CentroidX: 0.2189
CentroidY: 0.3623
