Location: Dedata_10.png_Mean-Medain.png
Component: component_1755521621607_222.png
centerX: 0.880241935483871
centerY: 0.45939013964092335
width: 0.05040322580645161
height: 0.016813907096038756
Area: 0.00039656091708877635
CentroidX: 0.9025
CentroidY: 0.4693
