Location: Dedata_10.png_Gaussian-Closing.png
Component: component_1755521621211_79.png
centerX: 0.6641129032258064
centerY: 0.15075520091194072
width: 0.06290322580645161
height: 0.017953833000854943
Area: 0.0003218681914707802
CentroidX: 0.6916
CentroidY: 0.1616
