Location: internet_15.png_Gaussian-Closing.png
Component: component_1755087704807_271.png
centerX: 0.08182184602982669
centerY: 0.8006843455945253
width: 0.04836759371221282
height: 0.021956087824351298
Area: 0.0003097392478243835
CentroidX: 0.1057
CentroidY: 0.8138
