Location: internet_15.png_Gaussian-Closing.png
Component: component_1755087704797_225.png
centerX: 0.4687625957275292
centerY: 0.6581123467351012
width: 0.03990326481257558
height: 0.019389791844881665
Area: 0.0002543424695492989
CentroidX: 0.4858
CentroidY: 0.6703
