Location: internet_15.png_Gaussian-Median.png
Component: component_1755087704636_84.png
centerX: 0.7601773478436115
centerY: 0.17251211861990304
width: 0.041515517936316
height: 0.023381807812945538
Area: 0.000444898192329569
CentroidX: 0.7801
CentroidY: 0.1851
