Location: internet_15.png_Mean-Closing.png
Component: component_1755087704514_11.png
centerX: 0.5800080612656187
centerY: 0.012546335899629312
width: 0.04433696090286175
height: 0.022526375819788995
Area: 0.00035111443491780763
CentroidX: 0.5999
CentroidY: 0.0260
