Location: Dedata_10.png_Otsu.png
Component: component_1755521621718_541.png
centerX: 0.2318548387096774
centerY: 0.2980906241094329
width: 0.05403225806451613
height: 0.017098888572242805
Area: 0.00029348495573594167
CentroidX: 0.2569
CentroidY: 0.3085
