Location: Dedata_10.png_Mean-Closing.png
Component: component_1755521621501_214.png
centerX: 0.009274193548387096
centerY: 0.45397549159304645
width: 0.05725806451612903
height: 0.017098888572242805
Area: 0.0003798986936816849
CentroidX: 0.0343
CentroidY: 0.4641
