Location: internet_15.png_Otsu.png
Component: component_1755087705198_55.png
centerX: 0.011688835147118097
centerY: 0.05303678357570573
width: 0.05763804917372027
height: 0.02566295979469632
Area: 0.00040926955899912046
CentroidX: 0.0362
CentroidY: 0.0697
