Location: Dedata_10.png_Otsu.png
Component: component_1755521621720_551.png
centerX: 0.5625
centerY: 0.31889427187232827
width: 0.05443548387096774
height: 0.016813907096038756
Area: 0.00030784894143171015
CentroidX: 0.5869
CentroidY: 0.3295
