Location: internet_15.png_Mean-Closing.png
Component: component_1755087704544_152.png
centerX: 0.392583635630794
centerY: 0.4590818363273453
width: 0.036275695284159616
height: 0.021100655831194755
Area: 0.000265375852774212
CentroidX: 0.4067
CentroidY: 0.4712
