Location: Dedata_10.png_Mean-Medain.png
Component: component_1755521621617_271.png
centerX: 0.944758064516129
centerY: 0.573097748646338
width: 0.044758064516129036
height: 0.018808777429467086
Area: 0.0003855293760744261
CentroidX: 0.9660
CentroidY: 0.5848
