Location: Dedata_10.png_Mean-Closing.png
Component: component_1755521621441_29.png
centerX: 0.18629032258064515
centerY: 0.043032202906811055
width: 0.06532258064516129
height: 0.021373610715303505
Area: 0.00037449783506007594
CentroidX: 0.2177
CentroidY: 0.0560
