Location: internet_15.png_Gaussian-Closing.png
Component: component_1755087704750_1.png
centerX: 0.42845626763401856
centerY: 0.007698887938408896
width: 0.04917372027408303
height: 0.022241231822070145
Area: 0.00032778342664012677
CentroidX: 0.4516
CentroidY: 0.0215
