Location: Dedata_10.png_Mean-Medain.png
Component: component_1755521621607_218.png
centerX: 0.24637096774193548
centerY: 0.44770589911655745
width: 0.05887096774193548
height: 0.019948703334283273
Area: 0.0003936881199496226
CentroidX: 0.2721
CentroidY: 0.4593
