Location: internet_15.png_Mean-Closing.png
Component: component_1755087704531_93.png
centerX: 0.6767432486900443
centerY: 0.28628457370972343
width: 0.042724707779121324
height: 0.02623324779013402
Area: 0.0004242105987828569
CentroidX: 0.6982
CentroidY: 0.3015
