Location: Dedata_10.png_Otsu.png
Component: component_1755521621710_488.png
centerX: 0.3403225806451613
centerY: 0.20889142205756625
width: 0.052016129032258066
height: 0.01738387004844685
Area: 0.0003526645768025078
CentroidX: 0.3638
CentroidY: 0.2192
