Location: Dedata_10.png_Otsu.png
Component: component_1755521621737_650.png
centerX: 0.3233870967741935
centerY: 0.4773439726417783
width: 0.056451612903225805
height: 0.018523795953263037
Area: 0.00026590610320006617
CentroidX: 0.3492
CentroidY: 0.4885
