Location: internet_15.png_Mean-Closing.png
Component: component_1755087704538_128.png
centerX: 0.15356711003627568
centerY: 0.3866552609067579
width: 0.04232164449818621
height: 0.020530367835757058
Area: 0.00038249061846365424
CentroidX: 0.1743
CentroidY: 0.3989
