Location: internet_15.png_Mean-Closing.png
Component: component_1755087704552_191.png
centerX: 0.5384925433293027
centerY: 0.5768463073852296
width: 0.04312777106005643
height: 0.022526375819788995
Area: 0.0003888118276029274
CentroidX: 0.5590
CentroidY: 0.5896
