Location: internet_15.png_Gaussian-Median.png
Component: component_1755087704649_154.png
centerX: 0.4558645707376058
centerY: 0.34160250926717994
width: 0.042724707779121324
height: 0.023381807812945538
Area: 0.0003899611383555225
CentroidX: 0.4767
CentroidY: 0.3546
