Location: Dedata_10.png_Mean-Medain.png
Component: component_1755521621596_163.png
centerX: 0.5620967741935484
centerY: 0.31860929039612423
width: 0.05524193548387097
height: 0.01738387004844685
Area: 0.00037943904613942027
CentroidX: 0.5871
CentroidY: 0.3296
