Location: Dedata_10.png_Gaussian-Closing.png
Component: component_1755521621219_119.png
centerX: 0.5641129032258064
centerY: 0.2348247363921345
width: 0.0532258064516129
height: 0.016813907096038756
Area: 0.00034209268333042225
CentroidX: 0.5883
CentroidY: 0.2446
