Location: Dedata_10.png_Mean-Medain.png
Component: component_1755521621601_190.png
centerX: 0.4854838709677419
centerY: 0.37646053006554575
width: 0.04717741935483871
height: 0.018808777429467086
Area: 0.0003183059230182296
CentroidX: 0.5059
CentroidY: 0.3880
