Location: Dedata_10.png_Mean-Closing.png
Component: component_1755521621485_167.png
centerX: 0.7209677419354839
centerY: 0.34283271587346825
width: 0.05120967741935484
height: 0.017953833000854943
Area: 0.0003908153228104689
CentroidX: 0.7438
CentroidY: 0.3542
