Location: Dedata_10.png_Mean-Medain.png
Component: component_1755521621573_55.png
centerX: 0.85
centerY: 0.09375890567113138
width: 0.05766129032258065
height: 0.018523795953263037
Area: 0.00036633909118487945
CentroidX: 0.8773
CentroidY: 0.1059
