Location: Dedata_10.png_Gaussian-Closing.png
Component: component_1755521621238_209.png
centerX: 0.3310483870967742
centerY: 0.44371615844970075
width: 0.05524193548387097
height: 0.019663721858079224
Area: 0.00038173728385074325
CentroidX: 0.3567
CentroidY: 0.4565
