Location: Dedata_10.png_Mean-Medain.png
Component: component_1755521621609_229.png
centerX: 0.41008064516129034
centerY: 0.4744941578797378
width: 0.052016129032258066
height: 0.01937874038187518
Area: 0.0003510558104045818
CentroidX: 0.4343
CentroidY: 0.4865
