Location: internet_15.png_Mean-Closing.png
Component: component_1755087704561_229.png
centerX: 0.694478033051189
centerY: 0.6866267465069861
width: 0.054816606207174524
height: 0.02480752780153978
Area: 0.0004580003349091533
CentroidX: 0.7199
CentroidY: 0.7018
