Location: Dedata_10.png_Mean-Closing.png
Component: component_1755521621512_267.png
centerX: 0.8741935483870967
centerY: 0.5762325448845825
width: 0.05282258064516129
height: 0.019663721858079224
Area: 0.00044965020822033665
CentroidX: 0.8988
CentroidY: 0.5884
