Location: internet_15.png_Mean-Closing.png
Component: component_1755087704550_182.png
centerX: 0.23901652559451833
centerY: 0.5520387795836897
width: 0.0471584038694075
height: 0.02281151981750784
Area: 0.00037341106351815285
CentroidX: 0.2608
CentroidY: 0.5656
