Location: Dedata_10.png_Mean-Closing.png
Component: component_1755521621491_192.png
centerX: 0.8669354838709677
centerY: 0.39925904816186947
width: 0.04838709677419355
height: 0.01652892561983471
Area: 0.00034990669154892027
CentroidX: 0.8882
CentroidY: 0.4085
