Location: internet_15.png_Otsu.png
Component: component_1755087705345_695.png
centerX: 0.4840790004030633
centerY: 0.40946678072426573
width: 0.05038291011688835
height: 0.02281151981750784
Area: 0.00038639827502247765
CentroidX: 0.5075
CentroidY: 0.4233
