Location: internet_15.png_Gaussian-Median.png
Component: component_1755087704685_355.png
centerX: 0.5364772269246272
centerY: 0.7801539777587682
width: 0.045949214026602174
height: 0.021670943826632448
Area: 0.00036237768029323975
CentroidX: 0.5582
CentroidY: 0.7924
