Location: Dedata_10.png_Mean-Medain.png
Component: component_1755521621601_192.png
centerX: 0.3270161290322581
centerY: 0.38273012254203476
width: 0.05524193548387097
height: 0.020518666286691366
Area: 0.0003536987837726032
CentroidX: 0.3520
CentroidY: 0.3953
