Location: Dedata_10.png_Otsu.png
Component: component_1755521621722_563.png
centerX: 0.005241935483870968
centerY: 0.33998290111142776
width: 0.050806451612903224
height: 0.015958962667426618
Area: 0.00030589543937708564
CentroidX: 0.0277
CentroidY: 0.3488
