Location: Dedata_10.png_Mean-Medain.png
Component: component_1755521621580_88.png
centerX: 0.4173387096774194
centerY: 0.15388999715018523
width: 0.055645161290322584
height: 0.016243944143630663
Area: 0.0002723411687917705
CentroidX: 0.4430
CentroidY: 0.1640
