Location: Dedata_10.png_Mean-Closing.png
Component: component_1755521621508_245.png
centerX: 0.6814516129032258
centerY: 0.5272157309774864
width: 0.045564516129032256
height: 0.01738387004844685
Area: 0.0003029077303523658
CentroidX: 0.7015
CentroidY: 0.5375
