Location: internet_15.png_Otsu.png
Component: component_1755087705382_886.png
centerX: 0.1656590084643289
centerY: 0.5953806672369547
width: 0.046352277307537285
height: 0.01996007984031936
Area: 0.00034214981104756573
CentroidX: 0.1881
CentroidY: 0.6070
