Location: internet_15.png_Gaussian-Closing.png
Component: component_1755087704752_13.png
centerX: 0.898428053204353
centerY: 0.04647847162817223
width: 0.05441354292623942
height: 0.022526375819788995
Area: 0.0004560465066297416
CentroidX: 0.9216
CentroidY: 0.0596
