Location: internet_15.png_Otsu.png
Component: component_1755087705277_255.png
centerX: 0.7646110439338977
centerY: 0.2090105503279156
width: 0.037081821846029824
height: 0.026518391787852865
Area: 0.0004117980426548297
CentroidX: 0.7814
CentroidY: 0.2238
