Location: internet_15.png_Mean-Closing.png
Component: component_1755087704548_168.png
centerX: 0.1600161225312374
centerY: 0.5172512118619903
width: 0.046352277307537285
height: 0.020815511833475905
Area: 0.0003442185704022369
CentroidX: 0.1809
CentroidY: 0.5289
