Location: internet_15.png_Otsu.png
Component: component_1755087705351_750.png
centerX: 0.9161628375654978
centerY: 0.437125748502994
width: 0.051189036678758564
height: 0.022526375819788995
Area: 0.00035272346997144077
CentroidX: 0.9403
CentroidY: 0.4504
