Location: Dedata_10.png_Mean-Medain.png
Component: component_1755521621576_70.png
centerX: 0.8149193548387097
centerY: 0.121972071815332
width: 0.053629032258064514
height: 0.01652892561983471
Area: 0.0002729157282196012
CentroidX: 0.8400
CentroidY: 0.1326
