Location: internet_15.png_Otsu.png
Component: component_1755087705384_896.png
centerX: 0.5401047964530431
centerY: 0.6207584830339321
width: 0.05441354292623942
height: 0.020530367835757058
Area: 0.0003909955180328581
CentroidX: 0.5664
CentroidY: 0.6328
