Location: internet_15.png_Gaussian-Closing.png
Component: component_1755087704782_159.png
centerX: 0.17210802095929062
centerY: 0.4704875962360992
width: 0.05038291011688835
height: 0.021670943826632448
Area: 0.0003758246160986026
CentroidX: 0.1948
CentroidY: 0.4833
