Location: Dedata_10.png_Mean-Closing.png
Component: component_1755521621451_56.png
centerX: 0.2528225806451613
centerY: 0.1005984611000285
width: 0.05967741935483871
height: 0.017953833000854943
Area: 0.00035611193336949226
CentroidX: 0.2799
CentroidY: 0.1116
