Location: Dedata_10.png_Otsu.png
Component: component_1755521621734_636.png
centerX: 0.4129032258064516
centerY: 0.44400113992590484
width: 0.056451612903225805
height: 0.0176688515246509
Area: 0.000330256759117109
CentroidX: 0.4389
CentroidY: 0.4546
