Location: internet_15.png_Gaussian-Median.png
Component: component_1755087704639_99.png
centerX: 0.9020556227327691
centerY: 0.20587396635300828
width: 0.041112454655380895
height: 0.021670943826632448
Area: 0.0003985809689999859
CentroidX: 0.9190
CentroidY: 0.2182
