Location: Dedata_10.png_Mean-Medain.png
Component: component_1755521621585_110.png
centerX: 0.5721774193548387
centerY: 0.20319179253348532
width: 0.04879032258064516
height: 0.015958962667426618
Area: 0.0003694417120951654
CentroidX: 0.5936
CentroidY: 0.2121
