Location: internet_15.png_Gaussian-Closing.png
Component: component_1755087704793_204.png
centerX: 0.8460298266827891
centerY: 0.6039349871685201
width: 0.04191858121725111
height: 0.0213857998289136
Area: 0.00036341205997057535
CentroidX: 0.8666
CentroidY: 0.6172
