Location: Dedata_10.png_Otsu.png
Component: component_1755521621714_517.png
centerX: 0.08709677419354839
centerY: 0.2493587916785409
width: 0.050806451612903224
height: 0.016243944143630663
Area: 0.0003165822447347374
CentroidX: 0.1106
CentroidY: 0.2588
