Location: Dedata_10.png_Mean-Medain.png
Component: component_1755521621610_237.png
centerX: 0.7790322580645161
centerY: 0.49501282416642917
width: 0.049193548387096775
height: 0.018523795953263037
Area: 0.00034795318949429576
CentroidX: 0.8023
CentroidY: 0.5066
