Location: Dedata_10.png_Mean-Closing.png
Component: component_1755521621448_45.png
centerX: 0.09959677419354838
centerY: 0.07409518381305215
width: 0.05524193548387097
height: 0.018523795953263037
Area: 0.0003096875316007685
CentroidX: 0.1266
CentroidY: 0.0860
