Location: internet_15.png_Mean-Closing.png
Component: component_1755087704547_164.png
centerX: 0.4598952035469569
centerY: 0.4998574280011406
width: 0.04232164449818621
height: 0.021956087824351298
Area: 0.00035651619545500464
CentroidX: 0.4809
CentroidY: 0.5134
