Location: internet_15.png_Gaussian-Median.png
Component: component_1755087704684_352.png
centerX: 0.6876259572752922
centerY: 0.7696036498431708
width: 0.053204353083434096
height: 0.02281151981750784
Area: 0.00038352499814098983
CentroidX: 0.7133
CentroidY: 0.7838
