Location: internet_15.png_Mean-Closing.png
Component: component_1755087704543_149.png
centerX: 0.5425231761386538
centerY: 0.45024237239806103
width: 0.05441354292623942
height: 0.020815511833475905
Area: 0.0003709975109377031
CentroidX: 0.5675
CentroidY: 0.4625
