Location: Dedata_10.png_Gaussian-Closing.png
Component: component_1755521621229_170.png
centerX: 0.4875
centerY: 0.34967227130236533
width: 0.05766129032258065
height: 0.01937874038187518
Area: 0.0003727741567765837
CentroidX: 0.5140
CentroidY: 0.3618
