Location: internet_15.png_Otsu.png
Component: component_1755087705349_734.png
centerX: 0.16324062877871826
centerY: 0.4248645566010835
width: 0.04554615074566707
height: 0.021956087824351298
Area: 0.00038432951566780646
CentroidX: 0.1844
CentroidY: 0.4374
