Location: internet_15.png_Gaussian-Median.png
Component: component_1755087704684_348.png
centerX: 0.011688835147118097
centerY: 0.7627601938979185
width: 0.051592099959693674
height: 0.022526375819788995
Area: 0.000434554395556213
CentroidX: 0.0368
CentroidY: 0.7763
