Location: internet_15.png_Gaussian-Median.png
Component: component_1755087704649_156.png
centerX: 0.24062877871825877
centerY: 0.34644995722840033
width: 0.046352277307537285
height: 0.0213857998289136
Area: 0.0004040976606124424
CentroidX: 0.2617
CentroidY: 0.3595
