Location: internet_15.png_Mean-Closing.png
Component: component_1755087704528_78.png
centerX: 0.8230552196694881
centerY: 0.24066153407470772
width: 0.04030632809351068
height: 0.020815511833475905
Area: 0.0003929493463122698
CentroidX: 0.8423
CentroidY: 0.2529
