Location: Dedata_10.png_Otsu.png
Component: component_1755521621747_738.png
centerX: 0.7233870967741935
centerY: 0.5839270447420918
width: 0.05443548387096774
height: 0.02108862923909946
Area: 0.0004629799869460098
CentroidX: 0.7482
CentroidY: 0.5963
