Location: internet_15.png_Mean-Closing.png
Component: component_1755087704526_67.png
centerX: 0.6134623135832326
centerY: 0.21414314228685485
width: 0.04030632809351068
height: 0.019389791844881665
Area: 0.00037467530534600747
CentroidX: 0.6327
CentroidY: 0.2257
