Location: internet_15.png_Otsu.png
Component: component_1755087705373_820.png
centerX: 0.6102378073357517
centerY: 0.5349301397205589
width: 0.04433696090286175
height: 0.020530367835757058
Area: 0.00028985617180448797
CentroidX: 0.6320
CentroidY: 0.5474
