Location: internet_15.png_Mean-Closing.png
Component: component_1755087704552_189.png
centerX: 0.6844014510278114
centerY: 0.568291987453664
width: 0.04554615074566707
height: 0.020530367835757058
Area: 0.000379962134807945
CentroidX: 0.7064
CentroidY: 0.5808
