Location: internet_15.png_Mean-Closing.png
Component: component_1755087704539_133.png
centerX: 0.705763804917372
centerY: 0.39749073282007413
width: 0.0471584038694075
height: 0.025377815796977475
Area: 0.0004542076094255894
CentroidX: 0.7292
CentroidY: 0.4132
