Location: Dedata_10.png_Gaussian-Closing.png
Component: component_1755521621250_274.png
centerX: 0.40846774193548385
centerY: 0.5919065260758051
width: 0.06048387096774194
height: 0.022798518096323737
Area: 0.0005225043436692744
CentroidX: 0.4365
CentroidY: 0.6058
