Location: Dedata_10.png_Mean-Medain.png
Component: component_1755521621569_34.png
centerX: 0.022983870967741935
centerY: 0.049586776859504134
width: 0.04838709677419355
height: 0.018238814477058992
Area: 0.00029382969139264014
CentroidX: 0.0465
CentroidY: 0.0608
