Location: internet_15.png_Otsu.png
Component: component_1755087705303_309.png
centerX: 0.23458282950423218
centerY: 0.25948103792415167
width: 0.0354695687222894
height: 0.01996007984031936
Area: 0.00033352998040310234
CentroidX: 0.2519
CentroidY: 0.2707
