Location: Dedata_10.png_Mean-Closing.png
Component: component_1755521621437_24.png
centerX: 0.6491935483870968
centerY: 0.03761755485893417
width: 0.05524193548387097
height: 0.018808777429467086
Area: 0.0003064699988049164
CentroidX: 0.6764
CentroidY: 0.0497
