Location: internet_15.png_Gaussian-Median.png
Component: component_1755087704669_281.png
centerX: 0.1652559451833938
centerY: 0.5950955232392359
width: 0.04675534058847239
height: 0.020245223838038208
Area: 0.0003718020284645197
CentroidX: 0.1880
CentroidY: 0.6069
