Location: internet_15.png_Otsu.png
Component: component_1755087705268_157.png
centerX: 0.826682789197904
centerY: 0.1710863986313088
width: 0.0471584038694075
height: 0.021956087824351298
Area: 0.00043627836168510565
CentroidX: 0.8495
CentroidY: 0.1831
