Location: internet_15.png_Mean-Closing.png
Component: component_1755087704533_100.png
centerX: 0.16041918581217252
centerY: 0.3093812375249501
width: 0.03990326481257558
height: 0.0213857998289136
Area: 0.00039743165824739074
CentroidX: 0.1798
CentroidY: 0.3217
