Location: internet_15.png_Otsu.png
Component: component_1755087705392_923.png
centerX: 0.313180169286578
centerY: 0.6598232107214144
width: 0.04877065699314793
height: 0.02480752780153978
Area: 0.00035076964169202906
CentroidX: 0.3371
CentroidY: 0.6743
