Location: internet_15.png_Mean-Closing.png
Component: component_1755087704517_22.png
centerX: 0.16727126158806932
centerY: 0.05218135158254919
width: 0.044740024183796856
height: 0.020245223838038208
Area: 0.00037053778663666503
CentroidX: 0.1862
CentroidY: 0.0651
