Location: Dedata_10.png_Otsu.png
Component: component_1755521621734_632.png
centerX: 0.6556451612903226
centerY: 0.4360216585921915
width: 0.05403225806451613
height: 0.01652892561983471
Area: 0.0003110664742275623
CentroidX: 0.6805
CentroidY: 0.4466
