Location: internet_15.png_Mean-Closing.png
Component: component_1755087704535_110.png
centerX: 0.4558645707376058
centerY: 0.34160250926717994
width: 0.042724707779121324
height: 0.022526375819788995
Area: 0.0004081202482465253
CentroidX: 0.4768
CentroidY: 0.3547
