Location: internet_15.png_Gaussian-Closing.png
Component: component_1755087704771_101.png
centerX: 0.23740427247077792
centerY: 0.30538922155688625
width: 0.03788794840790004
height: 0.024522383803820928
Area: 0.00041547583706313403
CentroidX: 0.2561
CentroidY: 0.3195
