Location: internet_15.png_Mean-Closing.png
Component: component_1755087704536_119.png
centerX: 0.8282950423216445
centerY: 0.3538637011690904
width: 0.04836759371221282
height: 0.022526375819788995
Area: 0.00045834512813493184
CentroidX: 0.8504
CentroidY: 0.3672
