Location: internet_15.png_Mean-Closing.png
Component: component_1755087704518_29.png
centerX: 0.7186618299072954
centerY: 0.09067579127459367
width: 0.058847239016525596
height: 0.021956087824351298
Area: 0.0004914452778096712
CentroidX: 0.7428
CentroidY: 0.1039
