Location: internet_15.png_Gaussian-Closing.png
Component: component_1755087704761_58.png
centerX: 0.08827085852478839
centerY: 0.18591388651268892
width: 0.03909713825070536
height: 0.023666951810664385
Area: 0.00029985517535206546
CentroidX: 0.1050
CentroidY: 0.1986
