Location: Dedata_10.png_Gaussian-Closing.png
Component: component_1755521621242_227.png
centerX: 0.01129032258064516
centerY: 0.4841835280706754
width: 0.049193548387096775
height: 0.018238814477058992
Area: 0.00034531021612627436
CentroidX: 0.0329
CentroidY: 0.4947
