Location: Dedata_10.png_Gaussian-Closing.png
Component: component_1755521621208_68.png
centerX: 0.3294354838709677
centerY: 0.12710173838700484
width: 0.05524193548387097
height: 0.018523795953263037
Area: 0.00032623484312229383
CentroidX: 0.3556
CentroidY: 0.1385
