Location: Dedata_10.png_Gaussian-Closing.png
Component: component_1755521621214_97.png
centerX: 0.2629032258064516
centerY: 0.18324308919920204
width: 0.05725806451612903
height: 0.01909375890567113
Area: 0.00031784627547596506
CentroidX: 0.2889
CentroidY: 0.1945
