Location: internet_15.png_Mean-Closing.png
Component: component_1755087704535_111.png
centerX: 0.3147924224103184
centerY: 0.3427430852580553
width: 0.03788794840790004
height: 0.024522383803820928
Area: 0.00043443946448095343
CentroidX: 0.3332
CentroidY: 0.3565
