Location: internet_15.png_Mean-Closing.png
Component: component_1755087704553_196.png
centerX: 0.24062877871825877
centerY: 0.5948103792415169
width: 0.04312777106005643
height: 0.019674935842600515
Area: 0.0003490456755631364
CentroidX: 0.2624
CentroidY: 0.6066
