Location: Dedata_10.png_Otsu.png
Component: component_1755521621721_553.png
centerX: 0.40846774193548385
centerY: 0.32459390139640926
width: 0.05604838709677419
height: 0.018238814477058992
Area: 0.00031187085742652535
CentroidX: 0.4332
CentroidY: 0.3358
