Location: internet_15.png_Mean-Closing.png
Component: component_1755087704567_258.png
centerX: 0.7613865376864167
centerY: 0.7693185058454519
width: 0.04030632809351068
height: 0.022241231822070145
Area: 0.00036467630179842997
CentroidX: 0.7800
CentroidY: 0.7827
