Location: internet_15.png_Mean-Closing.png
Component: component_1755087704565_248.png
centerX: 0.4615074566706973
centerY: 0.7422298260621614
width: 0.05280128980249899
height: 0.021100655831194755
Area: 0.0004177744585683243
CentroidX: 0.4871
CentroidY: 0.7547
