Location: internet_15.png_Gaussian-Median.png
Component: component_1755087704680_327.png
centerX: 0.3135832325675131
centerY: 0.7097234103222128
width: 0.04312777106005643
height: 0.024522383803820928
Area: 0.0002877874124498168
CentroidX: 0.3298
CentroidY: 0.7245
