Location: Dedata_10.png_Mean-Closing.png
Component: component_1755521621505_231.png
centerX: 0.6229838709677419
centerY: 0.49786263892846966
width: 0.055645161290322584
height: 0.016243944143630663
Area: 0.0003511707222901479
CentroidX: 0.6477
CentroidY: 0.5081
