Location: Dedata_10.png_Mean-Closing.png
Component: component_1755521621486_174.png
centerX: 0.17540322580645162
centerY: 0.3633513821601596
width: 0.05766129032258065
height: 0.01937874038187518
Area: 0.0004055240441629359
CentroidX: 0.2019
CentroidY: 0.3756
