Location: Dedata_10.png_Gaussian-Closing.png
Component: component_1755521621216_108.png
centerX: 0.33991935483870966
centerY: 0.20889142205756625
width: 0.05282258064516129
height: 0.0176688515246509
Area: 0.00038403552156206623
CentroidX: 0.3639
CentroidY: 0.2191
