Location: internet_15.png_Gaussian-Closing.png
Component: component_1755087704780_150.png
centerX: 0.701733172108021
centerY: 0.4388366124893071
width: 0.0471584038694075
height: 0.022241231822070145
Area: 0.00034571267438061057
CentroidX: 0.7236
CentroidY: 0.4522
