Location: Dedata_10.png_Mean-Medain.png
Component: component_1755521621591_142.png
centerX: 0.9395161290322581
centerY: 0.2738671986320889
width: 0.05282258064516129
height: 0.018238814477058992
Area: 0.0003664540030704456
CentroidX: 0.9641
CentroidY: 0.2855
