Location: internet_15.png_Mean-Closing.png
Component: component_1755087704526_66.png
centerX: 0.7646110439338977
centerY: 0.20872540633019676
width: 0.03667875856509472
height: 0.026803535785571715
Area: 0.00045558678232870357
CentroidX: 0.7814
CentroidY: 0.2237
