Location: Dedata_10.png_Mean-Medain.png
Component: component_1755521621576_72.png
centerX: 0.49879032258064515
centerY: 0.12482188657737248
width: 0.054838709677419356
height: 0.0176688515246509
Area: 0.00032071907261511874
CentroidX: 0.5252
CentroidY: 0.1362
