Location: Dedata_10.png_Mean-Medain.png
Component: component_1755521621599_179.png
centerX: 0.3326612903225806
centerY: 0.35822171558848676
width: 0.05766129032258065
height: 0.018238814477058992
Area: 0.0003900109396115059
CentroidX: 0.3589
CentroidY: 0.3697
