Location: internet_15.png_Mean-Closing.png
Component: component_1755087704568_262.png
centerX: 0.3837162434502217
centerY: 0.784145993726832
width: 0.04433696090286175
height: 0.021100655831194755
Area: 0.0003387018787897804
CentroidX: 0.4063
CentroidY: 0.7970
