Location: Dedata_10.png_Mean-Closing.png
Component: component_1755521621507_239.png
centerX: 0.08225806451612903
centerY: 0.5132516386434882
width: 0.054838709677419356
height: 0.018523795953263037
Area: 0.0004074775462175604
CentroidX: 0.1075
CentroidY: 0.5245
