Location: internet_15.png_Gaussian-Closing.png
Component: component_1755087704763_66.png
centerX: 0.8335348649738009
centerY: 0.2055888223552894
width: 0.039500201531640466
height: 0.023952095808383235
Area: 0.0004142115952352794
CentroidX: 0.8529
CentroidY: 0.2193
