Location: Dedata_10.png_Gaussian-Closing.png
Component: component_1755521621202_39.png
centerX: 0.5209677419354839
centerY: 0.06697064690795099
width: 0.06330645161290323
height: 0.017953833000854943
Area: 0.00032393660541097085
CentroidX: 0.5505
CentroidY: 0.0786
