Location: Dedata_10.png_Otsu.png
Component: component_1755521621749_747.png
centerX: 0.08709677419354839
centerY: 0.6053006554573953
width: 0.05040322580645161
height: 0.019663721858079224
Area: 0.00044413443771316156
CentroidX: 0.1094
CentroidY: 0.6177
