Location: internet_15.png_Otsu.png
Component: component_1755087705380_862.png
centerX: 0.6102378073357517
centerY: 0.5725691474194469
width: 0.04232164449818621
height: 0.020815511833475905
Area: 0.0002783630642785368
CentroidX: 0.6307
CentroidY: 0.5848
