Location: Dedata_10.png_Gaussian-Closing.png
Component: component_1755521621217_111.png
centerX: 0.09516129032258064
centerY: 0.21544599601025932
width: 0.05443548387096774
height: 0.018523795953263037
Area: 0.0002962428409895292
CentroidX: 0.1189
CentroidY: 0.2266
