Location: Dedata_10.png_Gaussian-Closing.png
Component: component_1755521621236_201.png
centerX: 0.0907258064516129
centerY: 0.42462239954402964
width: 0.05282258064516129
height: 0.01937874038187518
Area: 0.0003276137857490876
CentroidX: 0.1147
CentroidY: 0.4360
