Location: Dedata_10.png_Mean-Closing.png
Component: component_1755521621503_224.png
centerX: 0.2407258064516129
centerY: 0.4799088059276147
width: 0.05766129032258065
height: 0.018808777429467086
Area: 0.00040506439662067127
CentroidX: 0.2660
CentroidY: 0.4911
