Location: Dedata_10.png_Gaussian-Closing.png
Component: component_1755521621216_106.png
centerX: 0.6536290322580646
centerY: 0.2043317184383015
width: 0.05
height: 0.01937874038187518
Area: 0.0003828864027064047
CentroidX: 0.6758
CentroidY: 0.2149
