Location: Dedata_10.png_Mean-Medain.png
Component: component_1755521621602_194.png
centerX: 0.16572580645161292
centerY: 0.39184952978056425
width: 0.05161290322580645
height: 0.016243944143630663
Area: 0.00028521129997517903
CentroidX: 0.1902
CentroidY: 0.4017
