Location: internet_15.png_Gaussian-Median.png
Component: component_1755087704631_57.png
centerX: 0.6324062877871826
centerY: 0.09067579127459367
width: 0.049979846835953246
height: 0.02480752780153978
Area: 0.0004439787437274929
CentroidX: 0.6529
CentroidY: 0.1051
