Location: Dedata_10.png_Mean-Medain.png
Component: component_1755521621582_97.png
centerX: 0.6717741935483871
centerY: 0.17355371900826447
width: 0.059274193548387095
height: 0.01909375890567113
Area: 0.00030991735537190085
CentroidX: 0.6990
CentroidY: 0.1855
