Location: internet_15.png_Gaussian-Median.png
Component: component_1755087704660_237.png
centerX: 0.8883514711809755
centerY: 0.47305389221556887
width: 0.04393389762192664
height: 0.021100655831194755
Area: 0.0003329553250268048
CentroidX: 0.9096
CentroidY: 0.4852
