Location: internet_15.png_Otsu.png
Component: component_1755087705398_1000.png
centerX: 0.8424022571543732
centerY: 0.7276874821785001
width: 0.03829101168883515
height: 0.022241231822070145
Area: 0.0002483660536358043
CentroidX: 0.8602
CentroidY: 0.7411
