Location: internet_15.png_Otsu.png
Component: component_1755087705399_1002.png
centerX: 0.766223297057638
centerY: 0.7302537781579698
width: 0.04433696090286175
height: 0.020245223838038208
Area: 0.00023871184331400536
CentroidX: 0.7877
CentroidY: 0.7419
