Location: Dedata_10.png_Gaussian-Closing.png
Component: component_1755521621222_134.png
centerX: 0.2560483870967742
centerY: 0.27158734682245655
width: 0.06008064516129032
height: 0.01652892561983471
Area: 0.000350481250976751
CentroidX: 0.2838
CentroidY: 0.2820
