Location: internet_15.png_Gaussian-Closing.png
Component: component_1755087704777_133.png
centerX: 0.010882708585247884
centerY: 0.3912175648702595
width: 0.03788794840790004
height: 0.018819503849443968
Area: 0.0003596193344870115
CentroidX: 0.0296
CentroidY: 0.4021
