Location: internet_15.png_Mean-Closing.png
Component: component_1755087704548_171.png
centerX: 0.8895606610237807
centerY: 0.5223838038209295
width: 0.05078597339782346
height: 0.018819503849443968
Area: 0.0003233011147050058
CentroidX: 0.9132
CentroidY: 0.5331
