Location: internet_15.png_Mean-Closing.png
Component: component_1755087704561_230.png
centerX: 0.8460298266827891
centerY: 0.6871970345024238
width: 0.041515517936316
height: 0.020530367835757058
Area: 0.00029744162277161576
CentroidX: 0.8622
CentroidY: 0.7004
