Location: Dedata_10.png_Mean-Medain.png
Component: component_1755521621603_203.png
centerX: 0.47701612903225804
centerY: 0.4066685665431747
width: 0.06088709677419355
height: 0.01909375890567113
Area: 0.00037955395802498647
CentroidX: 0.5037
CentroidY: 0.4185
