Location: Dedata_10.png_Otsu.png
Component: component_1755521621712_497.png
centerX: 0.8858870967741935
centerY: 0.22456540324878882
width: 0.05403225806451613
height: 0.01738387004844685
Area: 0.00029704722418849225
CentroidX: 0.9087
CentroidY: 0.2348
