Location: Dedata_10.png_Mean-Closing.png
Component: component_1755521621418_10.png
centerX: 0.5508064516129032
centerY: 0.007694499857509262
width: 0.04314516129032258
height: 0.019663721858079224
Area: 0.00033611726528098255
CentroidX: 0.5708
CentroidY: 0.0184
