Location: Dedata_10.png_Otsu.png
Component: component_1755521621719_545.png
centerX: 0.0875
centerY: 0.3072100313479624
width: 0.052016129032258066
height: 0.016243944143630663
Area: 0.00030014984509877827
CentroidX: 0.1114
CentroidY: 0.3173
