Location: internet_15.png_Gaussian-Closing.png
Component: component_1755087704773_110.png
centerX: 0.5316404675534059
centerY: 0.3361847733105218
width: 0.044740024183796856
height: 0.022241231822070145
Area: 0.0003975465893226503
CentroidX: 0.5524
CentroidY: 0.3493
