Location: internet_15.png_Gaussian-Closing.png
Component: component_1755087704793_205.png
centerX: 0.6896412736799677
centerY: 0.6090675791274593
width: 0.04796453043127771
height: 0.021100655831194755
Area: 0.0003526085388961813
CentroidX: 0.7122
CentroidY: 0.6211
