Location: Dedata_10.png_Otsu.png
Component: component_1755521621741_699.png
centerX: 0.832258064516129
centerY: 0.5212311199772015
width: 0.05282258064516129
height: 0.016243944143630663
Area: 0.00023821233877862455
CentroidX: 0.8557
CentroidY: 0.5307
