Location: Dedata_10.png_Otsu.png
Component: component_1755521621720_549.png
centerX: 0.6427419354838709
centerY: 0.3163294385864919
width: 0.05443548387096774
height: 0.016813907096038756
Area: 0.0002980814311585876
CentroidX: 0.6675
CentroidY: 0.3264
