Location: internet_15.png_Otsu.png
Component: component_1755087705252_102.png
centerX: 0.6469165659008465
centerY: 0.13686911890504705
width: 0.04554615074566707
height: 0.024522383803820928
Area: 0.000319738251371961
CentroidX: 0.6680
CentroidY: 0.1512
