Location: internet_15.png_Otsu.png
Component: component_1755087705246_98.png
centerX: 0.8049173720274083
centerY: 0.13316224693470202
width: 0.055219669488109635
height: 0.021956087824351298
Area: 0.0003037628319108889
CentroidX: 0.8301
CentroidY: 0.1473
