Location: Dedata_10.png_Mean-Closing.png
Component: component_1755521621486_172.png
centerX: 0.3326612903225806
centerY: 0.35822171558848676
width: 0.05766129032258065
height: 0.018238814477058992
Area: 0.00039127497035273354
CentroidX: 0.3590
CentroidY: 0.3697
