Location: Dedata_10.png_Gaussian-Closing.png
Component: component_1755521621242_228.png
centerX: 0.9205645161290322
centerY: 0.4910230834995725
width: 0.04435483870967742
height: 0.016813907096038756
Area: 0.0002739499351896965
CentroidX: 0.9413
CentroidY: 0.5013
