Location: Kurtxevani_1764_page_10.png_Otsu.png
Component: component_1755610055915_1110.png
centerX: 0.24401294498381876
centerY: 0.41908325537885877
width: 0.020711974110032363
height: 0.010757717492984098
Area: 0.00015197338346638572
CentroidX: 0.2539
CentroidY: 0.4241
