Location: internet_15.png_Mean-Closing.png
Component: component_1755087704522_48.png
centerX: 0.47158403869407495
centerY: 0.14171656686626746
width: 0.05804111245465538
height: 0.02281151981750784
Area: 0.0004892615873797404
CentroidX: 0.4958
CentroidY: 0.1553
