Location: Dedata_10.png_Otsu.png
Component: component_1755521621742_710.png
centerX: 0.4653225806451613
centerY: 0.5346252493587916
width: 0.04233870967741935
height: 0.01481903676261043
Area: 0.00021224225264067514
CentroidX: 0.4845
CentroidY: 0.5437
