Location: internet_15.png_Gaussian-Closing.png
Component: component_1755087704756_30.png
centerX: 0.46916565900846435
centerY: 0.09210151126318791
width: 0.04917372027408303
height: 0.021100655831194755
Area: 0.000400190004053619
CentroidX: 0.4895
CentroidY: 0.1047
