Location: internet_15.png_Otsu.png
Component: component_1755087705247_99.png
centerX: 0.8875453446191052
centerY: 0.13401767892785857
width: 0.05199516324062878
height: 0.022241231822070145
Area: 0.00034433350147749646
CentroidX: 0.9111
CentroidY: 0.1485
