Location: Dedata_10.png_Otsu.png
Component: component_1755521621719_544.png
centerX: 0.8737903225806452
centerY: 0.30635508691935026
width: 0.05806451612903226
height: 0.01738387004844685
Area: 0.0003223278390130448
CentroidX: 0.9005
CentroidY: 0.3174
