Location: Dedata_10.png_Mean-Closing.png
Component: component_1755521621439_27.png
centerX: 0.26814516129032256
centerY: 0.040467369620974636
width: 0.06169354838709677
height: 0.021658592191507554
Area: 0.0003655347079859164
CentroidX: 0.2979
CentroidY: 0.0536
