Location: internet_15.png_Otsu.png
Component: component_1755087705215_81.png
centerX: 0.38291011688835147
centerY: 0.09409751924721985
width: 0.053204353083434096
height: 0.020530367835757058
Area: 0.00035444743610033345
CentroidX: 0.4052
CentroidY: 0.1068
