Location: Dedata_10.png_Gaussian-Closing.png
Component: component_1755521621213_92.png
centerX: 0.9209677419354839
centerY: 0.17326873753206043
width: 0.05887096774193548
height: 0.014249073810202337
Area: 0.00028670515448753897
CentroidX: 0.9477
CentroidY: 0.1826
