Location: internet_15.png_Gaussian-Closing.png
Component: component_1755087704773_107.png
centerX: 0.7537283353486497
centerY: 0.3236384374108925
width: 0.0475614671503426
height: 0.025377815796977475
Area: 0.0004209925286755906
CentroidX: 0.7763
CentroidY: 0.3391
