Location: internet_15.png_Gaussian-Closing.png
Component: component_1755087704780_149.png
centerX: 0.7783151954856913
centerY: 0.4376960364984317
width: 0.04796453043127771
height: 0.023952095808383235
Area: 0.0003489307444878769
CentroidX: 0.8002
CentroidY: 0.4512
