Location: Dedata_10.png_Gaussian-Closing.png
Component: component_1755521621240_220.png
centerX: 0.4931451612903226
centerY: 0.47221430607010545
width: 0.05725806451612903
height: 0.018808777429467086
Area: 0.00035415843131486775
CentroidX: 0.5197
CentroidY: 0.4838
