Location: internet_15.png_Gaussian-Median.png
Component: component_1755087704656_219.png
centerX: 0.08585247883917775
centerY: 0.42771599657827203
width: 0.04917372027408303
height: 0.023952095808383235
Area: 0.0004561614377050011
CentroidX: 0.1069
CentroidY: 0.4418
