Location: Dedata_10.png_Mean-Closing.png
Component: component_1755521621419_11.png
centerX: 0.2592741935483871
centerY: 0.008264462809917356
width: 0.049193548387096775
height: 0.024223425477343973
Area: 0.00045298265290175495
CentroidX: 0.2822
CentroidY: 0.0214
