Location: Dedata_10.png_Mean-Medain.png
Component: component_1755521621570_44.png
centerX: 0.43548387096774194
centerY: 0.06725562838415503
width: 0.0625
height: 0.019663721858079224
Area: 0.00030761911766057787
CentroidX: 0.4634
CentroidY: 0.0796
