Location: internet_15.png_Otsu.png
Component: component_1755087705350_741.png
centerX: 0.010882708585247884
centerY: 0.4305674365554605
width: 0.04877065699314793
height: 0.023381807812945538
Area: 0.0004177744585683243
CentroidX: 0.0331
CentroidY: 0.4440
