Location: internet_15.png_Gaussian-Median.png
Component: component_1755087704640_103.png
centerX: 0.6892382103990327
centerY: 0.21471343028229256
width: 0.04030632809351068
height: 0.02480752780153978
Area: 0.0004458176409316451
CentroidX: 0.7080
CentroidY: 0.2286
