Location: internet_15.png_Mean-Closing.png
Component: component_1755087704530_86.png
centerX: 0.23458282950423218
centerY: 0.25948103792415167
width: 0.0354695687222894
height: 0.020245223838038208
Area: 0.0003978913825484288
CentroidX: 0.2520
CentroidY: 0.2706
