Location: Dedata_10.png_Mean-Medain.png
Component: component_1755521621609_228.png
centerX: 0.5762096774193548
centerY: 0.4719293245939014
width: 0.050806451612903224
height: 0.01567398119122257
Area: 0.0003569163165684553
CentroidX: 0.5994
CentroidY: 0.4817
