Location: internet_15.png_Gaussian-Closing.png
Component: component_1755087704753_17.png
centerX: 0.3297057638049174
centerY: 0.049044767607641856
width: 0.05038291011688835
height: 0.020530367835757058
Area: 0.000385134033194623
CentroidX: 0.3529
CentroidY: 0.0624
