Location: Dedata_10.png_Mean-Medain.png
Component: component_1755521621598_176.png
centerX: 0.5689516129032258
centerY: 0.3456825306355087
width: 0.055645161290322584
height: 0.017953833000854943
Area: 0.00036656891495601173
CentroidX: 0.5932
CentroidY: 0.3568
