Location: internet_15.png_Gaussian-Closing.png
Component: component_1755087704795_214.png
centerX: 0.16162837565497784
centerY: 0.635871114913031
width: 0.03788794840790004
height: 0.019389791844881665
Area: 0.0002707776133114091
CentroidX: 0.1775
CentroidY: 0.6478
