Location: internet_15.png_Otsu.png
Component: component_1755087705395_948.png
centerX: 0.8460298266827891
centerY: 0.6874821785001426
width: 0.04070939137444579
height: 0.020245223838038208
Area: 0.0002008995195536261
CentroidX: 0.8606
CentroidY: 0.6994
