Location: Kurtxevani_1794_page_10.png_Mean-Medain.png
Component: component_1755610054856_1016.png
centerX: 0.3839859731151373
centerY: 0.28118113706478626
width: 0.018702513150204558
height: 0.009695901278096077
Area: 0.00011565431363543751
CentroidX: 0.3929
CentroidY: 0.2859
