Location: internet_15.png_Gaussian-Closing.png
Component: component_1755087704791_197.png
centerX: 0.3897621926642483
centerY: 0.5839749073282008
width: 0.041112454655380895
height: 0.023096663815226688
Area: 0.000385134033194623
CentroidX: 0.4097
CentroidY: 0.5972
