Location: internet_15.png_Gaussian-Closing.png
Component: component_1755087704752_11.png
centerX: 0.5800080612656187
centerY: 0.012546335899629312
width: 0.04514308746473196
height: 0.022526375819788995
Area: 0.000299740244276806
CentroidX: 0.6001
CentroidY: 0.0263
