Location: internet_15.png_Gaussian-Closing.png
Component: component_1755087704774_113.png
centerX: 0.3147924224103184
centerY: 0.3427430852580553
width: 0.03788794840790004
height: 0.024522383803820928
Area: 0.0004088098346980824
CentroidX: 0.3335
CentroidY: 0.3564
