Location: internet_15.png_Mean-Closing.png
Component: component_1755087704563_238.png
centerX: 0.1600161225312374
centerY: 0.714856002281152
width: 0.04312777106005643
height: 0.021100655831194755
Area: 0.00034249460427334424
CentroidX: 0.1800
CentroidY: 0.7268
