Location: internet_15.png_Otsu.png
Component: component_1755087705336_550.png
centerX: 0.5304312777106006
centerY: 0.3698317650413459
width: 0.039500201531640466
height: 0.017964071856287425
Area: 0.00011791928321625879
CentroidX: 0.5495
CentroidY: 0.3820
