Location: internet_15.png_Gaussian-Median.png
Component: component_1755087704632_60.png
centerX: 0.3825070536074164
centerY: 0.09381237524950099
width: 0.05441354292623942
height: 0.021100655831194755
Area: 0.00043846205211503633
CentroidX: 0.4056
CentroidY: 0.1069
