Location: internet_15.png_Otsu.png
Component: component_1755087705268_156.png
centerX: 0.9028617492946392
centerY: 0.16766467065868262
width: 0.03909713825070536
height: 0.025377815796977475
Area: 0.00044064574254496706
CentroidX: 0.9225
CentroidY: 0.1822
