Location: internet_15.png_Mean-Closing.png
Component: component_1755087704532_98.png
centerX: 0.3075372833534865
centerY: 0.30253778157969774
width: 0.039500201531640466
height: 0.024522383803820928
Area: 0.0004278883931911613
CentroidX: 0.3266
CentroidY: 0.3171
