Location: Dedata_10.png_Mean-Closing.png
Component: component_1755521621491_195.png
centerX: 0.5592741935483871
centerY: 0.4035337703049302
width: 0.0532258064516129
height: 0.015388999715018524
Area: 0.00027050257862271213
CentroidX: 0.5823
CentroidY: 0.4128
