Location: internet_15.png_Mean-Closing.png
Component: component_1755087704531_94.png
centerX: 0.6049979846835953
centerY: 0.2885657256914742
width: 0.037484885126964934
height: 0.02566295979469632
Area: 0.00042260156372922377
CentroidX: 0.6242
CentroidY: 0.3034
