Location: internet_15.png_Gaussian-Closing.png
Component: component_1755087704765_76.png
centerX: 0.31600161225312373
centerY: 0.22241231822070145
width: 0.04232164449818621
height: 0.022241231822070145
Area: 0.0004188088382456599
CentroidX: 0.3350
CentroidY: 0.2348
