Location: Dedata_10.png_Otsu.png
Component: component_1755521621723_565.png
centerX: 0.7209677419354839
centerY: 0.3431176973496723
width: 0.05040322580645161
height: 0.0176688515246509
Area: 0.0003062401750337841
CentroidX: 0.7432
CentroidY: 0.3541
