Location: Dedata_10.png_Mean-Medain.png
Component: component_1755521621566_12.png
centerX: 0.3346774193548387
centerY: 0.008264462809917356
width: 0.05241935483870968
height: 0.022798518096323737
Area: 0.00038529955230329384
CentroidX: 0.3599
CentroidY: 0.0215
