Location: internet_15.png_Mean-Closing.png
Component: component_1755087704534_105.png
centerX: 0.7537283353486497
centerY: 0.3236384374108925
width: 0.0475614671503426
height: 0.025377815796977475
Area: 0.00045466733372662746
CentroidX: 0.7764
CentroidY: 0.3390
