Location: internet_15.png_Mean-Closing.png
Component: component_1755087704521_46.png
centerX: 0.09068923821039904
centerY: 0.14171656686626746
width: 0.05441354292623942
height: 0.02480752780153978
Area: 0.0004847792754446195
CentroidX: 0.1149
CentroidY: 0.1565
