Location: Dedata_10.png_Mean-Medain.png
Component: component_1755521621567_24.png
centerX: 0.5737903225806451
centerY: 0.03676261043032203
width: 0.05403225806451613
height: 0.016243944143630663
Area: 0.00026533154377223546
CentroidX: 0.5984
CentroidY: 0.0473
