Location: Dedata_10.png_Gaussian-Closing.png
Component: component_1755521621241_221.png
centerX: 0.5762096774193548
centerY: 0.4719293245939014
width: 0.050806451612903224
height: 0.01567398119122257
Area: 0.0003393347980768347
CentroidX: 0.5995
CentroidY: 0.4817
