Location: Dedata_10.png_Gaussian-Closing.png
Component: component_1755521621230_172.png
centerX: 0.33225806451612905
centerY: 0.35822171558848676
width: 0.05806451612903226
height: 0.018238814477058992
Area: 0.000375302218259039
CentroidX: 0.3590
CentroidY: 0.3696
