Location: internet_15.png_Gaussian-Closing.png
Component: component_1755087704785_172.png
centerX: 0.16041918581217252
centerY: 0.5172512118619903
width: 0.04554615074566707
height: 0.020815511833475905
Area: 0.00032456535653286044
CentroidX: 0.1808
CentroidY: 0.5288
