Location: Dedata_10.png_Otsu.png
Component: component_1755521621735_639.png
centerX: 0.16532258064516128
centerY: 0.44970076944998577
width: 0.053629032258064514
height: 0.018238814477058992
Area: 0.0003176164517048327
CentroidX: 0.1898
CentroidY: 0.4608
