Location: Dedata_10.png_Mean-Closing.png
Component: component_1755521621416_4.png
centerX: 0.1870967741935484
centerY: 0.005984611000284981
width: 0.04516129032258064
height: 0.028498147620404674
Area: 0.0004661975197418619
CentroidX: 0.2080
CentroidY: 0.0214
