Location: internet_15.png_Mean-Closing.png
Component: component_1755087704518_27.png
centerX: 0.5477629987908101
centerY: 0.08953521528371827
width: 0.05078597339782346
height: 0.023096663815226688
Area: 0.0004475416070605378
CentroidX: 0.5697
CentroidY: 0.1041
