Location: Dedata_10.png_Gaussian-Closing.png
Component: component_1755521621224_144.png
centerX: 0.5459677419354839
centerY: 0.28811627244229127
width: 0.05403225806451613
height: 0.018523795953263037
Area: 0.0003632364702745934
CentroidX: 0.5710
CentroidY: 0.2993
