Location: internet_15.png_Mean-Closing.png
Component: component_1755087704537_124.png
centerX: 0.4558645707376058
centerY: 0.37524950099800397
width: 0.04877065699314793
height: 0.020530367835757058
Area: 0.00036708985437887973
CentroidX: 0.4767
CentroidY: 0.3869
