Location: internet_15.png_Mean-Closing.png
Component: component_1755087704530_85.png
centerX: 0.3845223700120919
centerY: 0.2554890219560878
width: 0.03869407496977025
height: 0.020815511833475905
Area: 0.0003726065459913363
CentroidX: 0.4030
CentroidY: 0.2682
