Location: Dedata_10.png_Gaussian-Closing.png
Component: component_1755521621230_176.png
centerX: 0.007258064516129033
centerY: 0.3670561413508122
width: 0.06088709677419355
height: 0.01937874038187518
Area: 0.00040000827365576074
CentroidX: 0.0352
CentroidY: 0.3783
