Location: internet_15.png_Gaussian-Closing.png
Component: component_1755087704773_108.png
centerX: 0.6799677549375251
centerY: 0.3282007413743941
width: 0.04232164449818621
height: 0.022241231822070145
Area: 0.0003672047854541392
CentroidX: 0.6995
CentroidY: 0.3417
