Location: Dedata_10.png_Mean-Medain.png
Component: component_1755521621608_226.png
centerX: 0.6544354838709677
centerY: 0.4682245654032488
width: 0.05161290322580645
height: 0.017953833000854943
Area: 0.0003732338043188483
CentroidX: 0.6778
CentroidY: 0.4791
