Location: internet_15.png_Otsu.png
Component: component_1755087705344_687.png
centerX: 0.5642885933091495
centerY: 0.4074707727402338
width: 0.04877065699314793
height: 0.021670943826632448
Area: 0.0003082451438460098
CentroidX: 0.5856
CentroidY: 0.4197
