Location: internet_15.png_Gaussian-Closing.png
Component: component_1755087704803_259.png
centerX: 0.012091898428053204
centerY: 0.7627601938979185
width: 0.051189036678758564
height: 0.022526375819788995
Area: 0.00043202591190050373
CentroidX: 0.0369
CentroidY: 0.7763
