Location: internet_15.png_Otsu.png
Component: component_1755087705359_763.png
centerX: 0.6247480854494155
centerY: 0.44568006843455943
width: 0.04554615074566707
height: 0.020815511833475905
Area: 0.0003043374872871864
CentroidX: 0.6465
CentroidY: 0.4578
