Location: Dedata_10.png_Otsu.png
Component: component_1755521621680_73.png
centerX: 0.5213709677419355
centerY: 0.06725562838415503
width: 0.053629032258064514
height: 0.0176688515246509
Area: 0.00019638441243254671
CentroidX: 0.5468
CentroidY: 0.0785
