Location: internet_15.png_Mean-Closing.png
Component: component_1755087704555_205.png
centerX: 0.46997178557033453
centerY: 0.6236099230111206
width: 0.041515517936316
height: 0.019389791844881665
Area: 0.0003561714022292261
CentroidX: 0.4898
CentroidY: 0.6350
