Location: Dedata_10.png_Mean-Medain.png
Component: component_1755521621565_6.png
centerX: 0.021774193548387097
centerY: 0.006554573952693075
width: 0.05725806451612903
height: 0.029923055001424906
Area: 0.0006204092701716324
CentroidX: 0.0480
CentroidY: 0.0240
