Location: Kurtxevani_1794_page_10.png_Mean-Medain.png
Component: component_1755610055128_2950.png
centerX: 0.8714202220923437
centerY: 0.9272807404142794
width: 0.019871420222092345
height: 0.010136624063464082
Area: 0.0001447610785370064
CentroidX: 0.8813
CentroidY: 0.9322
