Location: Dedata_10.png_Gaussian-Closing.png
Component: component_1755521621224_147.png
centerX: 0.2318548387096774
centerY: 0.29780564263322884
width: 0.05443548387096774
height: 0.0176688515246509
Area: 0.0003424374189871207
CentroidX: 0.2569
CentroidY: 0.3085
