Location: internet_15.png_Gaussian-Closing.png
Component: component_1755087704762_60.png
centerX: 0.16162837565497784
centerY: 0.18762475049900199
width: 0.044740024183796856
height: 0.019674935842600515
Area: 0.0003868579993235157
CentroidX: 0.1812
CentroidY: 0.1991
