Location: internet_15.png_Gaussian-Median.png
Component: component_1755087704644_123.png
centerX: 0.15074566706972994
centerY: 0.2600513259195894
width: 0.0471584038694075
height: 0.021956087824351298
Area: 0.00040501710921451853
CentroidX: 0.1714
CentroidY: 0.2737
