Location: Samociqulo_1709_page_10.png_Gaussian-Median.png
Component: component_1755610056275_2855.png
centerX: 0.6805896805896806
centerY: 0.7025
width: 0.02506142506142506
height: 0.0096875
Area: 0.00014189189189189188
CentroidX: 0.6918
CentroidY: 0.7075
