Location: Dedata_10.png_Otsu.png
Component: component_1755521621724_573.png
centerX: 0.41169354838709676
centerY: 0.35451695639783415
width: 0.05685483870967742
height: 0.015958962667426618
Area: 0.00027808676307007786
CentroidX: 0.4366
CentroidY: 0.3643
