Location: internet_15.png_Otsu.png
Component: component_1755087705178_54.png
centerX: 0.16767432486900444
centerY: 0.05218135158254919
width: 0.04433696090286175
height: 0.020245223838038208
Area: 0.00032238166610292976
CentroidX: 0.1862
CentroidY: 0.0652
