Location: internet_15.png_Otsu.png
Component: component_1755087705263_108.png
centerX: 0.39177750906892383
centerY: 0.14086113487311092
width: 0.049576783555018135
height: 0.02480752780153978
Area: 0.0003392765341660779
CentroidX: 0.4142
CentroidY: 0.1561
