Location: internet_15.png_Gaussian-Median.png
Component: component_1755087704635_75.png
centerX: 0.39177750906892383
centerY: 0.14057599087539208
width: 0.049979846835953246
height: 0.025377815796977475
Area: 0.00043995615609341
CentroidX: 0.4140
CentroidY: 0.1561
