Location: Dedata_10.png_Gaussian-Closing.png
Component: component_1755521621237_208.png
centerX: 0.4959677419354839
centerY: 0.44115132516386435
width: 0.059274193548387095
height: 0.01909375890567113
Area: 0.0003802434293383833
CentroidX: 0.5229
CentroidY: 0.4527
