Location: internet_15.png_Otsu.png
Component: component_1755087705378_849.png
centerX: 0.011688835147118097
centerY: 0.5594525235243798
width: 0.041515517936316
height: 0.01996007984031936
Area: 0.0002576754707318248
CentroidX: 0.0307
CentroidY: 0.5707
