Location: internet_15.png_Gaussian-Closing.png
Component: component_1755087704791_196.png
centerX: 0.4619105199516324
centerY: 0.5802680353578558
width: 0.04433696090286175
height: 0.023096663815226688
Area: 0.00039363893276382687
CentroidX: 0.4836
CentroidY: 0.5941
