Location: internet_15.png_Otsu.png
Component: component_1755087705292_296.png
centerX: 0.3135832325675131
centerY: 0.25434844596521244
width: 0.04070939137444579
height: 0.025377815796977475
Area: 0.0003885819654524084
CentroidX: 0.3343
CentroidY: 0.2689
