Location: Dedata_10.png_Otsu.png
Component: component_1755521621745_727.png
centerX: 0.25161290322580643
centerY: 0.5716728412653177
width: 0.05161290322580645
height: 0.015104018238814477
Area: 0.00021844749446124712
CentroidX: 0.2760
CentroidY: 0.5814
