Location: internet_15.png_Gaussian-Closing.png
Component: component_1755087704801_245.png
centerX: 0.012494961708988311
centerY: 0.7199885942400912
width: 0.04514308746473196
height: 0.023096663815226688
Area: 0.00035111443491780763
CentroidX: 0.0347
CentroidY: 0.7335
