Location: Dedata_10.png_Mean-Closing.png
Component: component_1755521621464_88.png
centerX: 0.7564516129032258
centerY: 0.17098888572242804
width: 0.059274193548387095
height: 0.016243944143630663
Area: 0.00028819900899989886
CentroidX: 0.7836
CentroidY: 0.1809
