Location: internet_15.png_Gaussian-Median.png
Component: component_1755087704678_317.png
centerX: 0.9185812172511084
centerY: 0.6817792985457656
width: 0.051592099959693674
height: 0.02281151981750784
Area: 0.0004011094526556951
CentroidX: 0.9447
CentroidY: 0.6960
