Location: Dedata_10.png_Otsu.png
Component: component_1755521621723_567.png
centerX: 0.5693548387096774
centerY: 0.34625249358791677
width: 0.05443548387096774
height: 0.016813907096038756
Area: 0.0002817639434081946
CentroidX: 0.5927
CentroidY: 0.3566
