Location: internet_15.png_Gaussian-Median.png
Component: component_1755087704651_172.png
centerX: 0.6795646916565901
centerY: 0.36127744510978044
width: 0.0354695687222894
height: 0.023381807812945538
Area: 0.0003282431509411648
CentroidX: 0.6941
CentroidY: 0.3753
