Location: Dedata_10.png_Mean-Closing.png
Component: component_1755521621492_198.png
centerX: 0.32056451612903225
centerY: 0.41293815901966374
width: 0.05040322580645161
height: 0.019663721858079224
Area: 0.00033876023864900395
CentroidX: 0.3444
CentroidY: 0.4254
