Location: internet_15.png_Otsu.png
Component: component_1755087705393_937.png
centerX: 0.1596130592503023
centerY: 0.6703735386370117
width: 0.0475614671503426
height: 0.022241231822070145
Area: 0.00035479222932611196
CentroidX: 0.1824
CentroidY: 0.6833
