Location: internet_15.png_Mean-Closing.png
Component: component_1755087704537_121.png
centerX: 0.6795646916565901
centerY: 0.36127744510978044
width: 0.045949214026602174
height: 0.023381807812945538
Area: 0.00045271350544721575
CentroidX: 0.6996
CentroidY: 0.3751
