Location: internet_15.png_Mean-Closing.png
Component: component_1755087704518_26.png
centerX: 0.8089480048367593
centerY: 0.08668377530652979
width: 0.05239822652156389
height: 0.021670943826632448
Area: 0.00040674107534341116
CentroidX: 0.8329
CentroidY: 0.1008
