Location: internet_15.png_Gaussian-Closing.png
Component: component_1755087704759_45.png
centerX: 0.1708988311164853
centerY: 0.14114627887082976
width: 0.04393389762192664
height: 0.02765896777872826
Area: 0.0004507596771678041
CentroidX: 0.1892
CentroidY: 0.1579
