Location: internet_15.png_Otsu.png
Component: component_1755087705389_911.png
centerX: 0.9121322047561468
centerY: 0.6432848588537211
width: 0.041515517936316
height: 0.019674935842600515
Area: 0.00027215678621452324
CentroidX: 0.9337
CentroidY: 0.6553
