Location: Dedata_10.png_Gaussian-Closing.png
Component: component_1755521621200_28.png
centerX: 0.42620967741935484
centerY: 0.039612425192362494
width: 0.050806451612903224
height: 0.015958962667426618
Area: 0.0002657911913145
CentroidX: 0.4498
CentroidY: 0.0497
