Location: internet_15.png_Gaussian-Median.png
Component: component_1755087704637_86.png
centerX: 0.6178960096735188
centerY: 0.1804961505560308
width: 0.04554615074566707
height: 0.023096663815226688
Area: 0.00047443547867126343
CentroidX: 0.6368
CentroidY: 0.1938
