Location: internet_15.png_Gaussian-Median.png
Component: component_1755087704639_100.png
centerX: 0.7646110439338977
centerY: 0.20872540633019676
width: 0.037081821846029824
height: 0.026803535785571715
Area: 0.0004378873967387388
CentroidX: 0.7814
CentroidY: 0.2237
