Location: internet_15.png_Gaussian-Median.png
Component: component_1755087704627_12.png
centerX: 0.2664248286981056
centerY: 0.011690903906472769
width: 0.053204353083434096
height: 0.02281151981750784
Area: 0.0003911104491081176
CentroidX: 0.2895
CentroidY: 0.0254
