Location: internet_15.png_Otsu.png
Component: component_1755087705278_277.png
centerX: 0.5413139862958485
centerY: 0.2167094382663245
width: 0.03829101168883515
height: 0.02281151981750784
Area: 0.0003720318906150387
CentroidX: 0.5590
CentroidY: 0.2300
