Location: Dedata_10.png_Otsu.png
Component: component_1755521621735_642.png
centerX: 0.8806451612903226
centerY: 0.4596751211171274
width: 0.04959677419354839
height: 0.015958962667426618
Area: 0.00032393660541097085
CentroidX: 0.9027
CentroidY: 0.4693
