Location: Dedata_10.png_Gaussian-Closing.png
Component: component_1755521621223_139.png
centerX: 0.08830645161290322
centerY: 0.28070675406098605
width: 0.06491935483870968
height: 0.01738387004844685
Area: 0.0004044898371928405
CentroidX: 0.1145
CentroidY: 0.2915
