Location: Dedata_10.png_Mean-Medain.png
Component: component_1755521621587_121.png
centerX: 0.885483870967742
centerY: 0.22428042177258478
width: 0.05443548387096774
height: 0.017953833000854943
Area: 0.0003425523308726868
CentroidX: 0.9087
CentroidY: 0.2347
