Location: internet_15.png_Otsu.png
Component: component_1755087705343_645.png
centerX: 0.7061668681983071
centerY: 0.39749073282007413
width: 0.04675534058847239
height: 0.025092671799258625
Area: 0.0002766390981496442
CentroidX: 0.7296
CentroidY: 0.4134
