Location: Dedata_10.png_Mean-Medain.png
Component: component_1755521621617_269.png
centerX: 0.3310483870967742
centerY: 0.5699629524080935
width: 0.059274193548387095
height: 0.01652892561983471
Area: 0.0003231322222120078
CentroidX: 0.3577
CentroidY: 0.5800
