Location: Dedata_10.png_Otsu.png
Component: component_1755521621716_530.png
centerX: 0.869758064516129
centerY: 0.2772869763465375
width: 0.055645161290322584
height: 0.01652892561983471
Area: 0.00029153145368131716
CentroidX: 0.8941
CentroidY: 0.2872
