Location: internet_15.png_Otsu.png
Component: component_1755087705206_76.png
centerX: 0.5481660620717452
centerY: 0.08953521528371827
width: 0.05038291011688835
height: 0.023096663815226688
Area: 0.00029422355266434943
CentroidX: 0.5701
CentroidY: 0.1041
