Location: internet_15.png_Otsu.png
Component: component_1755087705285_286.png
centerX: 0.8230552196694881
centerY: 0.24066153407470772
width: 0.03990326481257558
height: 0.020530367835757058
Area: 0.00032812821986590533
CentroidX: 0.8423
CentroidY: 0.2528
