Location: internet_15.png_Mean-Closing.png
Component: component_1755087704538_126.png
centerX: 0.3075372833534865
centerY: 0.38380382092956944
width: 0.04433696090286175
height: 0.018819503849443968
Area: 0.0004107636629774941
CentroidX: 0.3274
CentroidY: 0.3945
