Location: Dedata_10.png_Mean-Closing.png
Component: component_1755521621462_82.png
centerX: 0.41774193548387095
centerY: 0.1541749786263893
width: 0.054838709677419356
height: 0.015958962667426618
Area: 0.00026981310730931523
CentroidX: 0.4430
CentroidY: 0.1640
