Location: Dedata_10.png_Mean-Closing.png
Component: component_1755521621488_179.png
centerX: 0.8649193548387096
centerY: 0.3707609005414648
width: 0.056451612903225805
height: 0.01567398119122257
Area: 0.00033944970996240085
CentroidX: 0.8892
CentroidY: 0.3803
