Location: internet_15.png_Otsu.png
Component: component_1755087705397_981.png
centerX: 0.3135832325675131
centerY: 0.7100085543199316
width: 0.042724707779121324
height: 0.023952095808383235
Area: 0.00022273642385293326
CentroidX: 0.3293
CentroidY: 0.7245
