Location: internet_15.png_Otsu.png
Component: component_1755087705386_904.png
centerX: 0.3143893591293833
centerY: 0.6301682349586541
width: 0.0471584038694075
height: 0.0213857998289136
Area: 0.0003645613707231705
CentroidX: 0.3374
CentroidY: 0.6431
