Location: Dedata_10.png_Otsu.png
Component: component_1755521621711_496.png
centerX: 0.8088709677419355
centerY: 0.22342547734397264
width: 0.053629032258064514
height: 0.016813907096038756
Area: 0.00030037966886991055
CentroidX: 0.8325
CentroidY: 0.2336
