Location: Dedata_10.png_Mean-Medain.png
Component: component_1755521621565_10.png
centerX: 0.5504032258064516
centerY: 0.007694499857509262
width: 0.043548387096774194
height: 0.019663721858079224
Area: 0.0003369216484799456
CentroidX: 0.5707
CentroidY: 0.0184
