Location: internet_15.png_Gaussian-Median.png
Component: component_1755087704632_61.png
centerX: 0.011688835147118097
centerY: 0.09580838323353294
width: 0.04433696090286175
height: 0.01996007984031936
Area: 0.00034548281223009154
CentroidX: 0.0313
CentroidY: 0.1083
