Location: Dedata_10.png_Mean-Medain.png
Component: component_1755521621600_184.png
centerX: 0.9370967741935484
centerY: 0.3670561413508122
width: 0.04959677419354839
height: 0.017098888572242805
Area: 0.0003337041156840934
CentroidX: 0.9576
CentroidY: 0.3771
