Location: Dedata_10.png_Mean-Closing.png
Component: component_1755521621450_55.png
centerX: 0.5116935483870968
centerY: 0.10002849814762041
width: 0.06008064516129032
height: 0.016243944143630663
Area: 0.0002722262569062043
CentroidX: 0.5408
CentroidY: 0.1103
