Location: internet_15.png_Gaussian-Closing.png
Component: component_1755087704775_117.png
centerX: 0.09189842805320435
centerY: 0.3498716852010265
width: 0.045949214026602174
height: 0.021956087824351298
Area: 0.00039846603792472634
CentroidX: 0.1117
CentroidY: 0.3619
