Location: Kurtxevani_1764_page_10.png_Otsu.png
Component: component_1755610055924_1167.png
centerX: 0.5281553398058253
centerY: 0.4499532273152479
width: 0.018770226537216828
height: 0.01028999064546305
Area: 0.00013290102657717795
CentroidX: 0.5371
CentroidY: 0.4546
