Location: internet_15.png_Gaussian-Closing.png
Component: component_1755087704805_267.png
centerX: 0.3837162434502217
centerY: 0.784145993726832
width: 0.04433696090286175
height: 0.021100655831194755
Area: 0.00031812921631832784
CentroidX: 0.4062
CentroidY: 0.7969
