Location: Dedata_10.png_Mean-Medain.png
Component: component_1755521621612_246.png
centerX: 0.08225806451612903
centerY: 0.5132516386434882
width: 0.054838709677419356
height: 0.018523795953263037
Area: 0.0004081670175309573
CentroidX: 0.1075
CentroidY: 0.5245
