Location: Dedata_10.png_Mean-Medain.png
Component: component_1755521621588_128.png
centerX: 0.2399193548387097
centerY: 0.2413793103448276
width: 0.05161290322580645
height: 0.01738387004844685
Area: 0.0003858741117311246
CentroidX: 0.2644
CentroidY: 0.2515
