Location: Dedata_10.png_Gaussian-Closing.png
Component: component_1755521621249_267.png
centerX: 0.0907258064516129
centerY: 0.5756625819321745
width: 0.05766129032258065
height: 0.016813907096038756
Area: 0.0002879691852287666
CentroidX: 0.1168
CentroidY: 0.5869
