Location: Dedata_10.png_Mean-Medain.png
Component: component_1755521621619_281.png
centerX: 0.4907258064516129
centerY: 0.5919065260758051
width: 0.06129032258064516
height: 0.019663721858079224
Area: 0.0005095193006002997
CentroidX: 0.5180
CentroidY: 0.6039
