Location: Dedata_10.png_Mean-Medain.png
Component: component_1755521621586_117.png
centerX: 0.09516129032258064
centerY: 0.21516101453405528
width: 0.05403225806451613
height: 0.018808777429467086
Area: 0.0003081936770884086
CentroidX: 0.1184
CentroidY: 0.2265
