Location: Dedata_10.png_Mean-Medain.png
Component: component_1755521621597_167.png
centerX: 0.24556451612903227
centerY: 0.32972356796808205
width: 0.0532258064516129
height: 0.01937874038187518
Area: 0.00037691098465696506
CentroidX: 0.2694
CentroidY: 0.3414
