Location: Dedata_10.png_Mean-Closing.png
Component: component_1755521621463_84.png
centerX: 0.3342741935483871
centerY: 0.1555998860074095
width: 0.05766129032258065
height: 0.01652892561983471
Area: 0.0003011840520688736
CentroidX: 0.3604
CentroidY: 0.1659
