Location: internet_15.png_Gaussian-Closing.png
Component: component_1755087704763_65.png
centerX: 0.3808948004836759
centerY: 0.19047619047619047
width: 0.046352277307537285
height: 0.024522383803820928
Area: 0.00039007606943078203
CentroidX: 0.4012
CentroidY: 0.2038
