Location: Dedata_10.png_Mean-Medain.png
Component: component_1755521621571_48.png
centerX: 0.1778225806451613
centerY: 0.07153035052721574
width: 0.06008064516129032
height: 0.01909375890567113
Area: 0.0003463444230963697
CentroidX: 0.2062
CentroidY: 0.0840
