Location: Dedata_10.png_Mean-Closing.png
Component: component_1755521621449_46.png
centerX: 0.016935483870967744
centerY: 0.07609005414648048
width: 0.05725806451612903
height: 0.016813907096038756
Area: 0.0003098024434863347
CentroidX: 0.0449
CentroidY: 0.0870
