Location: Dedata_10.png_Mean-Medain.png
Component: component_1755521621599_181.png
centerX: 0.17540322580645162
centerY: 0.3633513821601596
width: 0.05806451612903226
height: 0.01937874038187518
Area: 0.00040471966096397284
CentroidX: 0.2019
CentroidY: 0.3756
