Location: Dedata_10.png_Mean-Medain.png
Component: component_1755521621578_84.png
centerX: 0.5028225806451613
centerY: 0.14847534910230836
width: 0.055645161290322584
height: 0.018523795953263037
Area: 0.0002873946258009358
CentroidX: 0.5284
CentroidY: 0.1608
