Location: internet_15.png_Otsu.png
Component: component_1755087705393_935.png
centerX: 0.2370012091898428
centerY: 0.6672369546621043
width: 0.04232164449818621
height: 0.021100655831194755
Area: 0.00026526092169895253
CentroidX: 0.2539
CentroidY: 0.6811
