Location: Dedata_10.png_Gaussian-Closing.png
Component: component_1755521621238_213.png
centerX: 0.09314516129032258
centerY: 0.4531205471644343
width: 0.05161290322580645
height: 0.017953833000854943
Area: 0.00033715147225107787
CentroidX: 0.1164
CentroidY: 0.4637
