Location: internet_15.png_Gaussian-Closing.png
Component: component_1755087704767_84.png
centerX: 0.5340588472390165
centerY: 0.25206729398346167
width: 0.037081821846029824
height: 0.01996007984031936
Area: 0.000349850193089953
CentroidX: 0.5521
CentroidY: 0.2639
