Location: internet_15.png_Gaussian-Closing.png
Component: component_1755087704765_78.png
centerX: 0.008061265618702136
centerY: 0.22868548617051612
width: 0.053607416364369206
height: 0.0213857998289136
Area: 0.0004905258292075951
CentroidX: 0.0320
CentroidY: 0.2410
