Location: Dedata_10.png_Otsu.png
Component: component_1755521621674_37.png
centerX: 0.4282258064516129
centerY: 0.039897406668566546
width: 0.04838709677419355
height: 0.015104018238814477
Area: 0.0001891449636418794
CentroidX: 0.4507
CentroidY: 0.0499
