Location: Dedata_10.png_Mean-Medain.png
Component: component_1755521621576_69.png
centerX: 0.8943548387096775
centerY: 0.12111712738671987
width: 0.0625
height: 0.01567398119122257
Area: 0.00029992002132764594
CentroidX: 0.9231
CentroidY: 0.1312
