Location: Dedata_10.png_Mean-Closing.png
Component: component_1755521621468_104.png
centerX: 0.5725806451612904
centerY: 0.20319179253348532
width: 0.04838709677419355
height: 0.015958962667426618
Area: 0.000369096976438467
CentroidX: 0.5936
CentroidY: 0.2121
