Location: Dedata_10.png_Gaussian-Closing.png
Component: component_1755521621249_268.png
centerX: 0.8741935483870967
centerY: 0.5762325448845825
width: 0.05282258064516129
height: 0.019663721858079224
Area: 0.0004274722143060701
CentroidX: 0.8987
CentroidY: 0.5882
