Location: internet_15.png_Gaussian-Median.png
Component: component_1755087704666_266.png
centerX: 0.23901652559451833
centerY: 0.5520387795836897
width: 0.0471584038694075
height: 0.02281151981750784
Area: 0.00035651619545500464
CentroidX: 0.2609
CentroidY: 0.5655
