Location: internet_15.png_Gaussian-Median.png
Component: component_1755087704650_158.png
centerX: 0.1592099959693672
centerY: 0.34759053321927574
width: 0.037484885126964934
height: 0.021100655831194755
Area: 0.00029583258771798257
CentroidX: 0.1740
CentroidY: 0.3604
