Location: internet_15.png_Gaussian-Median.png
Component: component_1755087704686_360.png
centerX: 0.15638855300282145
centerY: 0.7986883376104933
width: 0.04514308746473196
height: 0.019389791844881665
Area: 0.00027744361567646076
CentroidX: 0.1790
CentroidY: 0.8105
