Location: internet_15.png_Gaussian-Median.png
Component: component_1755087704634_69.png
centerX: 0.8049173720274083
centerY: 0.13287710293698318
width: 0.05562273276904474
height: 0.022241231822070145
Area: 0.00043237070512628224
CentroidX: 0.8300
CentroidY: 0.1469
