Location: Dedata_10.png_Mean-Medain.png
Component: component_1755521621586_115.png
centerX: 0.2592741935483871
centerY: 0.2097463664861784
width: 0.05282258064516129
height: 0.01937874038187518
Area: 0.0004228757388834242
CentroidX: 0.2827
CentroidY: 0.2214
