Location: Dedata_10.png_Gaussian-Closing.png
Component: component_1755521621228_164.png
centerX: 0.07782258064516129
centerY: 0.33884297520661155
width: 0.05524193548387097
height: 0.017098888572242805
Area: 0.0003489873964643911
CentroidX: 0.1022
CentroidY: 0.3487
