Location: internet_15.png_Gaussian-Closing.png
Component: component_1755087704784_168.png
centerX: 0.4598952035469569
centerY: 0.4998574280011406
width: 0.04232164449818621
height: 0.021956087824351298
Area: 0.0003390466720155589
CentroidX: 0.4809
CentroidY: 0.5133
