Location: internet_15.png_Gaussian-Closing.png
Component: component_1755087704760_48.png
centerX: 0.47158403869407495
centerY: 0.14171656686626746
width: 0.05804111245465538
height: 0.02281151981750784
Area: 0.00046064374964012206
CentroidX: 0.4960
CentroidY: 0.1553
