Location: internet_15.png_Otsu.png
Component: component_1755087705232_83.png
centerX: 0.3067311567916163
centerY: 0.09609352723125178
width: 0.046352277307537285
height: 0.022241231822070145
Area: 0.00033215080749998823
CentroidX: 0.3265
CentroidY: 0.1100
