Location: Dedata_10.png_Mean-Closing.png
Component: component_1755521621444_39.png
centerX: 0.677016129032258
centerY: 0.06697064690795099
width: 0.0532258064516129
height: 0.017953833000854943
Area: 0.000346574246867502
CentroidX: 0.7037
CentroidY: 0.0782
