Location: Dedata_10.png_Gaussian-Closing.png
Component: component_1755521621206_59.png
centerX: 0.34233870967741936
centerY: 0.10173838700484468
width: 0.05766129032258065
height: 0.0176688515246509
Area: 0.0003443909210417452
CentroidX: 0.3698
CentroidY: 0.1133
