Location: internet_15.png_Gaussian-Closing.png
Component: component_1755087704757_34.png
centerX: 0.1539701733172108
centerY: 0.09637867122897063
width: 0.049576783555018135
height: 0.021100655831194755
Area: 0.00040271848770932826
CentroidX: 0.1759
CentroidY: 0.1089
