Location: Dedata_10.png_Mean-Medain.png
Component: component_1755521621602_193.png
centerX: 0.24838709677419354
centerY: 0.38814477058991165
width: 0.05161290322580645
height: 0.0176688515246509
Area: 0.00032531554803776465
CentroidX: 0.2710
CentroidY: 0.3986
