Location: Dedata_10.png_Mean-Closing.png
Component: component_1755521621486_171.png
centerX: 0.4112903225806452
centerY: 0.3542319749216301
width: 0.05766129032258065
height: 0.016813907096038756
Area: 0.0003635812059312919
CentroidX: 0.4371
CentroidY: 0.3645
