Location: Dedata_10.png_Mean-Medain.png
Component: component_1755521621595_162.png
centerX: 0.6423387096774194
centerY: 0.31604445711028784
width: 0.05524193548387097
height: 0.01738387004844685
Area: 0.0003715101260353561
CentroidX: 0.6675
CentroidY: 0.3265
