Location: Dedata_10.png_Mean-Medain.png
Component: component_1755521621600_185.png
centerX: 0.7068548387096775
centerY: 0.3707609005414648
width: 0.06129032258064516
height: 0.017953833000854943
Area: 0.00036438558913025494
CentroidX: 0.7344
CentroidY: 0.3819
