Location: internet_15.png_Gaussian-Closing.png
Component: component_1755087704768_88.png
centerX: 0.23458282950423218
centerY: 0.25948103792415167
width: 0.0354695687222894
height: 0.01996007984031936
Area: 0.00036869888943251287
CentroidX: 0.2521
CentroidY: 0.2706
