Location: Dedata_10.png_Otsu.png
Component: component_1755521621714_521.png
centerX: 0.7451612903225806
centerY: 0.2556283841550299
width: 0.06411290322580646
height: 0.016813907096038756
Area: 0.00029934546189981523
CentroidX: 0.7737
CentroidY: 0.2659
