Location: Dedata_10.png_Mean-Medain.png
Component: component_1755521621620_284.png
centerX: 0.16411290322580646
centerY: 0.6024508406953548
width: 0.05524193548387097
height: 0.020233684810487318
Area: 0.000490329015710753
CentroidX: 0.1892
CentroidY: 0.6144
