Location: internet_15.png_Gaussian-Median.png
Component: component_1755087704680_328.png
centerX: 0.23458282950423218
centerY: 0.7120045623039635
width: 0.05199516324062878
height: 0.020245223838038208
Area: 0.00031881880276988486
CentroidX: 0.2601
CentroidY: 0.7244
