Location: Dedata_10.png_Mean-Closing.png
Component: component_1755521621492_196.png
centerX: 0.47701612903225804
centerY: 0.4066685665431747
width: 0.06048387096774194
height: 0.01909375890567113
Area: 0.0003796688699105526
CentroidX: 0.5037
CentroidY: 0.4185
