Location: Dedata_10.png_Otsu.png
Component: component_1755521621719_546.png
centerX: 0.010483870967741936
centerY: 0.31062980906241094
width: 0.05403225806451613
height: 0.017098888572242805
Area: 0.00031359453571001757
CentroidX: 0.0339
CentroidY: 0.3202
