Location: internet_15.png_Otsu.png
Component: component_1755087705394_945.png
centerX: 0.9189842805320435
centerY: 0.6820644425434844
width: 0.05078597339782346
height: 0.022526375819788995
Area: 0.00031341704223268786
CentroidX: 0.9447
CentroidY: 0.6954
