Location: Dedata_10.png_Mean-Closing.png
Component: component_1755521621467_100.png
centerX: 0.01129032258064516
centerY: 0.18951268167569107
width: 0.05
height: 0.01937874038187518
Area: 0.0003439312734994806
CentroidX: 0.0332
CentroidY: 0.2011
