Location: Dedata_10.png_Mean-Medain.png
Component: component_1755521621573_54.png
centerX: 0.771774193548387
centerY: 0.0926189797663152
width: 0.05766129032258065
height: 0.017953833000854943
Area: 0.0003484128370365604
CentroidX: 0.7987
CentroidY: 0.1048
