Location: internet_15.png_Gaussian-Closing.png
Component: component_1755087704797_227.png
centerX: 0.3954050785973398
centerY: 0.6621043627031651
width: 0.041515517936316
height: 0.019674935842600515
Area: 0.00028583358417040507
CentroidX: 0.4127
CentroidY: 0.6740
