Location: Dedata_10.png_Mean-Medain.png
Component: component_1755521621595_161.png
centerX: 0.7149193548387097
centerY: 0.31347962382445144
width: 0.05725806451612903
height: 0.016813907096038756
Area: 0.0003848399047610292
CentroidX: 0.7423
CentroidY: 0.3242
