Location: internet_15.png_Gaussian-Closing.png
Component: component_1755087704787_185.png
centerX: 0.3075372833534865
centerY: 0.5500427715996579
width: 0.03667875856509472
height: 0.019389791844881665
Area: 0.00024721674288320924
CentroidX: 0.3233
CentroidY: 0.5616
