Location: internet_15.png_Mean-Closing.png
Component: component_1755087704535_109.png
centerX: 0.3837162434502217
centerY: 0.33989164528086685
width: 0.04312777106005643
height: 0.021956087824351298
Area: 0.00039340907061330784
CentroidX: 0.4056
CentroidY: 0.3528
