Location: Dedata_10.png_Gaussian-Closing.png
Component: component_1755521621245_244.png
centerX: 0.6020161290322581
centerY: 0.5252208606440582
width: 0.05604838709677419
height: 0.018238814477058992
Area: 0.00033117605420163816
CentroidX: 0.6266
CentroidY: 0.5363
