Location: Dedata_10.png_Mean-Closing.png
Component: component_1755521621448_44.png
centerX: 0.1778225806451613
centerY: 0.07153035052721574
width: 0.06008064516129032
height: 0.01909375890567113
Area: 0.00034531021612627436
CentroidX: 0.2062
CentroidY: 0.0840
