Location: internet_15.png_Gaussian-Closing.png
Component: component_1755087704783_164.png
centerX: 0.7525191455058444
centerY: 0.4810379241516966
width: 0.04030632809351068
height: 0.01996007984031936
Area: 0.00029652217416953965
CentroidX: 0.7731
CentroidY: 0.4926
