Location: internet_15.png_Otsu.png
Component: component_1755087705317_331.png
centerX: 0.6771463119709794
centerY: 0.28628457370972343
width: 0.04232164449818621
height: 0.02566295979469632
Area: 0.00030157914148095814
CentroidX: 0.6980
CentroidY: 0.3013
