Location: Dedata_10.png_Otsu.png
Component: component_1755521621738_674.png
centerX: 0.7798387096774193
centerY: 0.4955827871188373
width: 0.04798387096774193
height: 0.01738387004844685
Area: 0.00023947636951985219
CentroidX: 0.8023
CentroidY: 0.5061
