Location: Dedata_10.png_Otsu.png
Component: component_1755521621738_681.png
centerX: 0.7040322580645161
centerY: 0.49843260188087773
width: 0.050806451612903224
height: 0.01738387004844685
Area: 0.00023947636951985219
CentroidX: 0.7270
CentroidY: 0.5086
