Location: internet_15.png_Gaussian-Closing.png
Component: component_1755087704799_235.png
centerX: 0.8460298266827891
centerY: 0.6871970345024238
width: 0.041515517936316
height: 0.020530367835757058
Area: 0.0002708925443866686
CentroidX: 0.8621
CentroidY: 0.7002
