Location: Dedata_10.png_Otsu.png
Component: component_1755521621732_618.png
centerX: 0.4774193548387097
centerY: 0.4069535480193787
width: 0.05967741935483871
height: 0.018238814477058992
Area: 0.00027831658684121014
CentroidX: 0.5035
CentroidY: 0.4182
