Location: internet_15.png_Gaussian-Closing.png
Component: component_1755087704780_148.png
centerX: 0.9157597742845627
centerY: 0.4368406045052752
width: 0.051592099959693674
height: 0.02281151981750784
Area: 0.0003869729303987752
CentroidX: 0.9403
CentroidY: 0.4503
