Location: internet_15.png_Mean-Closing.png
Component: component_1755087704534_106.png
centerX: 0.6799677549375251
centerY: 0.3282007413743941
width: 0.04232164449818621
height: 0.022241231822070145
Area: 0.0003980063136236883
CentroidX: 0.6994
CentroidY: 0.3416
