Location: Kurtxevani_1794_page_10.png_Mean-Medain.png
Component: component_1755610054878_1110.png
centerX: 0.2793687901811806
centerY: 0.30674305861613044
width: 0.018702513150204558
height: 0.009255178492728075
Area: 0.00012003320747018682
CentroidX: 0.2887
CentroidY: 0.3113
