Location: internet_15.png_Gaussian-Closing.png
Component: component_1755087704774_112.png
centerX: 0.4558645707376058
centerY: 0.34160250926717994
width: 0.042724707779121324
height: 0.022526375819788995
Area: 0.0003785829619048309
CentroidX: 0.4769
CentroidY: 0.3544
