Location: internet_15.png_Gaussian-Median.png
Component: component_1755087704682_338.png
centerX: 0.6900443369609028
centerY: 0.7305389221556886
width: 0.04836759371221282
height: 0.020245223838038208
Area: 0.00029721176062109673
CentroidX: 0.7122
CentroidY: 0.7425
