Location: Dedata_10.png_Mean-Closing.png
Component: component_1755521621488_181.png
centerX: 0.6306451612903226
centerY: 0.372185807922485
width: 0.05120967741935484
height: 0.021658592191507554
Area: 0.0003827714908208386
CentroidX: 0.6534
CentroidY: 0.3851
