Location: internet_15.png_Gaussian-Median.png
Component: component_1755087704671_294.png
centerX: 0.3139862958484482
centerY: 0.6298830909609353
width: 0.04796453043127771
height: 0.021670943826632448
Area: 0.0003922597598607127
CentroidX: 0.3374
CentroidY: 0.6429
