Location: Dedata_10.png_Otsu.png
Component: component_1755521621722_558.png
centerX: 0.16048387096774194
centerY: 0.33428327158734683
width: 0.05846774193548387
height: 0.018808777429467086
Area: 0.00031876557056049424
CentroidX: 0.1855
CentroidY: 0.3460
