Location: internet_15.png_Gaussian-Closing.png
Component: component_1755087704768_90.png
centerX: 0.08504635227730754
centerY: 0.26404334188765327
width: 0.04070939137444579
height: 0.025377815796977475
Area: 0.0004660455101773191
CentroidX: 0.1029
CentroidY: 0.2782
