Location: Dedata_10.png_Otsu.png
Component: component_1755521621709_484.png
centerX: 0.5725806451612904
centerY: 0.20347677400968936
width: 0.04798387096774193
height: 0.015388999715018524
Area: 0.0003158927734213405
CentroidX: 0.5935
CentroidY: 0.2122
