Location: Dedata_10.png_Mean-Medain.png
Component: component_1755521621604_204.png
centerX: 0.3963709677419355
centerY: 0.40894841835280704
width: 0.05241935483870968
height: 0.01909375890567113
Area: 0.00035059616286231717
CentroidX: 0.4204
CentroidY: 0.4201
