Location: internet_15.png_Otsu.png
Component: component_1755087705405_1064.png
centerX: 0.3063280935106812
centerY: 0.7909894496720844
width: 0.04070939137444579
height: 0.01853435985172512
Area: 0.0002189436983693694
CentroidX: 0.3235
CentroidY: 0.8024
