Location: internet_15.png_Gaussian-Closing.png
Component: component_1755087704792_198.png
centerX: 0.31519548569125355
centerY: 0.5896777872825777
width: 0.045949214026602174
height: 0.020815511833475905
Area: 0.00036030892093856856
CentroidX: 0.3373
CentroidY: 0.6019
