Location: Dedata_10.png_Gaussian-Closing.png
Component: component_1755521621228_163.png
centerX: 0.8758064516129033
centerY: 0.33713308634938727
width: 0.05040322580645161
height: 0.02080364776289541
Area: 0.0003565715809117569
CentroidX: 0.8990
CentroidY: 0.3488
