Location: Dedata_10.png_Otsu.png
Component: component_1755521621733_626.png
centerX: 0.010887096774193548
centerY: 0.4260473069250499
width: 0.055645161290322584
height: 0.017098888572242805
Area: 0.00027314555199073353
CentroidX: 0.0340
CentroidY: 0.4358
