Location: Dedata_10.png_Otsu.png
Component: component_1755521621744_723.png
centerX: 0.4080645161290323
centerY: 0.5631233969791963
width: 0.05604838709677419
height: 0.016813907096038756
Area: 0.00022591676702304672
CentroidX: 0.4337
CentroidY: 0.5737
