Location: Dedata_10.png_Gaussian-Closing.png
Component: component_1755521621217_112.png
centerX: 0.013306451612903225
centerY: 0.21801082929609575
width: 0.052016129032258066
height: 0.017953833000854943
Area: 0.0002776271155278133
CentroidX: 0.0369
CentroidY: 0.2300
