Location: internet_15.png_Gaussian-Closing.png
Component: component_1755087704758_40.png
centerX: 0.6465135026199114
centerY: 0.1365839749073282
width: 0.045949214026602174
height: 0.02480752780153978
Area: 0.00043524398200777006
CentroidX: 0.6668
CentroidY: 0.1514
