Location: internet_15.png_Otsu.png
Component: component_1755087705273_176.png
centerX: 0.027408303103587262
centerY: 0.18933561448531508
width: 0.024586860137041516
height: 0.018249215854006275
Area: 0.00013354990945155235
CentroidX: 0.0395
CentroidY: 0.2003
