Location: Dedata_10.png_Otsu.png
Component: component_1755521621725_577.png
centerX: 0.2584677419354839
centerY: 0.35907666001709887
width: 0.05403225806451613
height: 0.02108862923909946
Area: 0.00031842083490379576
CentroidX: 0.2823
CentroidY: 0.3717
