Location: internet_15.png_Gaussian-Median.png
Component: component_1755087704679_323.png
centerX: 0.5429262394195888
centerY: 0.6974622184203022
width: 0.04877065699314793
height: 0.021670943826632448
Area: 0.0003928344152370103
CentroidX: 0.5658
CentroidY: 0.7102
