Location: Dedata_10.png_Otsu.png
Component: component_1755521621719_543.png
centerX: 0.9455645161290323
centerY: 0.30493017953833
width: 0.04838709677419355
height: 0.017098888572242805
Area: 0.000317041892277002
CentroidX: 0.9661
CentroidY: 0.3145
