Location: Dedata_10.png_Otsu.png
Component: component_1755521621722_559.png
centerX: 0.944758064516129
centerY: 0.3357081789683671
width: 0.050806451612903224
height: 0.01567398119122257
Area: 0.00028888848031329576
CentroidX: 0.9658
CentroidY: 0.3454
