Location: internet_15.png_Mean-Closing.png
Component: component_1755087704554_198.png
centerX: 0.008464328899637243
centerY: 0.5973766752209866
width: 0.044740024183796856
height: 0.021100655831194755
Area: 0.00040202890125777123
CentroidX: 0.0292
CentroidY: 0.6097
