Location: internet_15.png_Otsu.png
Component: component_1755087705381_885.png
centerX: 0.24062877871825877
centerY: 0.5950955232392359
width: 0.04312777106005643
height: 0.019104647847162818
Area: 0.0002929593108364948
CentroidX: 0.2627
CentroidY: 0.6064
