Location: internet_15.png_Otsu.png
Component: component_1755087705399_1001.png
centerX: 0.9085046352277307
centerY: 0.7293983461648132
width: 0.03426037887948408
height: 0.019389791844881665
Area: 0.00017343099256660285
CentroidX: 0.9216
CentroidY: 0.7416
