Location: internet_15.png_Mean-Closing.png
Component: component_1755087704550_177.png
centerX: 0.5376864167674325
centerY: 0.5380667236954663
width: 0.04877065699314793
height: 0.021670943826632448
Area: 0.00038409965351728743
CentroidX: 0.5619
CentroidY: 0.5514
