Location: internet_15.png_Gaussian-Closing.png
Component: component_1755087704766_80.png
centerX: 0.8230552196694881
centerY: 0.24066153407470772
width: 0.04030632809351068
height: 0.020530367835757058
Area: 0.0003691586137335509
CentroidX: 0.8423
CentroidY: 0.2528
