Location: Dedata_10.png_Mean-Closing.png
Component: component_1755521621463_85.png
centerX: 0.18266129032258063
centerY: 0.15759475634083783
width: 0.05040322580645161
height: 0.017953833000854943
Area: 0.0002817639434081946
CentroidX: 0.2066
CentroidY: 0.1687
