Location: Dedata_10.png_Mean-Closing.png
Component: component_1755521621510_256.png
centerX: 0.014112903225806451
centerY: 0.5494442861214021
width: 0.04758064516129032
height: 0.015958962667426618
Area: 0.00029635775287509535
CentroidX: 0.0352
CentroidY: 0.5590
