Location: internet_15.png_Otsu.png
Component: component_1755087705322_376.png
centerX: 0.3808948004836759
centerY: 0.30196749358426006
width: 0.04232164449818621
height: 0.023952095808383235
Area: 0.00031548580158735905
CentroidX: 0.4015
CentroidY: 0.3159
