Location: Dedata_10.png_Mean-Closing.png
Component: component_1755521621476_134.png
centerX: 0.2564516129032258
centerY: 0.27158734682245655
width: 0.05967741935483871
height: 0.01652892561983471
Area: 0.0003618575276477997
CentroidX: 0.2837
CentroidY: 0.2820
