Location: Dedata_10.png_Mean-Medain.png
Component: component_1755521621614_257.png
centerX: 0.23346774193548386
centerY: 0.5408948418352807
width: 0.05524193548387097
height: 0.01738387004844685
Area: 0.0003214085439285156
CentroidX: 0.2587
CentroidY: 0.5521
