Location: Kurtxevani_1794_page_10.png_Mean-Medain.png
Component: component_1755610054949_1441.png
centerX: 0.6563413208649912
centerY: 0.4116350815337153
width: 0.018118059614260665
height: 0.009695901278096077
Area: 0.00011565431363543751
CentroidX: 0.6654
CentroidY: 0.4163
