Location: Dedata_10.png_Mean-Medain.png
Component: component_1755521621587_123.png
centerX: 0.6487903225806452
centerY: 0.2311199772014819
width: 0.055645161290322584
height: 0.016243944143630663
Area: 0.0003549628145138308
CentroidX: 0.6733
CentroidY: 0.2409
