Location: internet_15.png_Gaussian-Closing.png
Component: component_1755087704782_157.png
centerX: 0.31761386537686415
centerY: 0.46107784431137727
width: 0.045949214026602174
height: 0.022241231822070145
Area: 0.0003260594605112341
CentroidX: 0.3391
CentroidY: 0.4739
