Location: internet_15.png_Gaussian-Closing.png
Component: component_1755087704778_138.png
centerX: 0.6368399838774688
centerY: 0.40347875677216993
width: 0.046352277307537285
height: 0.022526375819788995
Area: 0.0003751350296470455
CentroidX: 0.6582
CentroidY: 0.4159
