Location: Dedata_10.png_Mean-Closing.png
Component: component_1755521621477_138.png
centerX: 0.7895161290322581
centerY: 0.27871188372755773
width: 0.05766129032258065
height: 0.01937874038187518
Area: 0.00040311089456604676
CentroidX: 0.8150
CentroidY: 0.2913
