Location: internet_15.png_Mean-Closing.png
Component: component_1755087704562_232.png
centerX: 0.6166868198307134
centerY: 0.6909039064727688
width: 0.045949214026602174
height: 0.023096663815226688
Area: 0.0003978913825484288
CentroidX: 0.6380
CentroidY: 0.7044
