Location: Dedata_10.png_Gaussian-Closing.png
Component: component_1755521621248_257.png
centerX: 0.7310483870967742
centerY: 0.5508691935024224
width: 0.04959677419354839
height: 0.019663721858079224
Area: 0.00042471432905248255
CentroidX: 0.7544
CentroidY: 0.5625
