Location: Dedata_10.png_Mean-Medain.png
Component: component_1755521621604_207.png
centerX: 0.16975806451612904
centerY: 0.42120262182958107
width: 0.05443548387096774
height: 0.018808777429467086
Area: 0.0003443909210417452
CentroidX: 0.1935
CentroidY: 0.4323
