Location: Dedata_10.png_Mean-Closing.png
Component: component_1755521621480_148.png
centerX: 0.16572580645161292
centerY: 0.3037902536335138
width: 0.05040322580645161
height: 0.017098888572242805
Area: 0.0003565715809117569
CentroidX: 0.1885
CentroidY: 0.3140
