Location: internet_15.png_Gaussian-Closing.png
Component: component_1755087704763_64.png
centerX: 0.3164046755340588
centerY: 0.19047619047619047
width: 0.03869407496977025
height: 0.022241231822070145
Area: 0.0003431841907249013
CentroidX: 0.3345
CentroidY: 0.2025
