Location: internet_15.png_Mean-Closing.png
Component: component_1755087704568_265.png
centerX: 0.15679161628375654
centerY: 0.7986883376104933
width: 0.044740024183796856
height: 0.019389791844881665
Area: 0.00029721176062109673
CentroidX: 0.1790
CentroidY: 0.8107
