Location: Dedata_10.png_Mean-Closing.png
Component: component_1755521621487_178.png
centerX: 0.7068548387096775
centerY: 0.3707609005414648
width: 0.06088709677419355
height: 0.017953833000854943
Area: 0.0003595592899364767
CentroidX: 0.7343
CentroidY: 0.3819
