Location: internet_15.png_Gaussian-Closing.png
Component: component_1755087704778_137.png
centerX: 0.7831519548569126
centerY: 0.3980610208155118
width: 0.0475614671503426
height: 0.02281151981750784
Area: 0.000374560374270748
CentroidX: 0.8054
CentroidY: 0.4112
