Location: Dedata_10.png_Otsu.png
Component: component_1755521621748_740.png
centerX: 0.5766129032258065
centerY: 0.5899116557423767
width: 0.044758064516129036
height: 0.017953833000854943
Area: 0.00039679074085990863
CentroidX: 0.5971
CentroidY: 0.6006
