Location: Dedata_10.png_Gaussian-Closing.png
Component: component_1755521621214_95.png
centerX: 0.3495967741935484
centerY: 0.18039327443716158
width: 0.043548387096774194
height: 0.018523795953263037
Area: 0.0002529210601310915
CentroidX: 0.3697
CentroidY: 0.1920
