Location: Dedata_10.png_Mean-Medain.png
Component: component_1755521621613_250.png
centerX: 0.7544354838709677
centerY: 0.5235109717868338
width: 0.05403225806451613
height: 0.017953833000854943
Area: 0.0002978516073874553
CentroidX: 0.7791
CentroidY: 0.5348
