Location: internet_15.png_Otsu.png
Component: component_1755087705407_1082.png
centerX: 0.08222490931076179
centerY: 0.8041060735671514
width: 0.03829101168883515
height: 0.018249215854006275
Area: 0.00019216475783390323
CentroidX: 0.0988
CentroidY: 0.8149
