Location: Samociqulo_1709_page_10.png_Gaussian-Median.png
Component: component_1755610056280_2932.png
centerX: 0.17395577395577397
centerY: 0.72625
width: 0.022604422604422605
height: 0.009375
Area: 0.00012085380835380836
CentroidX: 0.1846
CentroidY: 0.7311
