Location: internet_15.png_Gaussian-Closing.png
Component: component_1755087704752_12.png
centerX: 0.7347843611446997
centerY: 0.012546335899629312
width: 0.05280128980249899
height: 0.022526375819788995
Area: 0.000394558381365903
CentroidX: 0.7581
CentroidY: 0.0269
