Location: Dedata_10.png_Mean-Medain.png
Component: component_1755521621603_199.png
centerX: 0.8669354838709677
centerY: 0.39925904816186947
width: 0.04838709677419355
height: 0.01652892561983471
Area: 0.0003503663390911849
CentroidX: 0.8882
CentroidY: 0.4085
