Location: Kurtxevani_1794_page_10.png_Mean-Medain.png
Component: component_1755610055028_1861.png
centerX: 0.24371712448860317
centerY: 0.5566328779197884
width: 0.026884862653419054
height: 0.013221683561040106
Area: 0.00021147481401936346
CentroidX: 0.2563
CentroidY: 0.5631
