Location: internet_15.png_Gaussian-Closing.png
Component: component_1755087704784_169.png
centerX: 0.37807335751713017
centerY: 0.5052751639577987
width: 0.04917372027408303
height: 0.022526375819788995
Area: 0.0003699631312603675
CentroidX: 0.4018
CentroidY: 0.5194
