Location: Dedata_10.png_Mean-Medain.png
Component: component_1755521621575_68.png
centerX: 0.7278225806451613
centerY: 0.11969222000569962
width: 0.05967741935483871
height: 0.016243944143630663
Area: 0.00028452182866178213
CentroidX: 0.7548
CentroidY: 0.1300
