Location: Dedata_10.png_Mean-Closing.png
Component: component_1755521621443_37.png
centerX: 0.9145161290322581
centerY: 0.06469079509831861
width: 0.05604838709677419
height: 0.0176688515246509
Area: 0.00035450316697156623
CentroidX: 0.9427
CentroidY: 0.0757
