Location: Dedata_10.png_Otsu.png
Component: component_1755521621710_489.png
centerX: 0.25967741935483873
centerY: 0.21003134796238246
width: 0.052016129032258066
height: 0.018808777429467086
Area: 0.00036518997232921793
CentroidX: 0.2827
CentroidY: 0.2216
