Location: internet_15.png_Gaussian-Closing.png
Component: component_1755087704794_209.png
centerX: 0.46997178557033453
centerY: 0.6236099230111206
width: 0.041515517936316
height: 0.019389791844881665
Area: 0.00034008105169289454
CentroidX: 0.4897
CentroidY: 0.6349
