Location: Dedata_10.png_Gaussian-Closing.png
Component: component_1755521621201_34.png
centerX: 0.022983870967741935
centerY: 0.049586776859504134
width: 0.04798387096774193
height: 0.018238814477058992
Area: 0.000274294670846395
CentroidX: 0.0464
CentroidY: 0.0605
