Location: Dedata_10.png_Mean-Closing.png
Component: component_1755521621485_169.png
centerX: 0.5689516129032258
centerY: 0.3456825306355087
width: 0.05524193548387097
height: 0.017953833000854943
Area: 0.00036599435552818097
CentroidX: 0.5931
CentroidY: 0.3568
