Location: internet_15.png_Otsu.png
Component: component_1755087705323_396.png
centerX: 0.16041918581217252
centerY: 0.30966638152266895
width: 0.039500201531640466
height: 0.020815511833475905
Area: 0.0003339897047041404
CentroidX: 0.1791
CentroidY: 0.3218
