Location: internet_15.png_Mean-Closing.png
Component: component_1755087704558_217.png
centerX: 0.5433293027005239
centerY: 0.6544054747647562
width: 0.051189036678758564
height: 0.022526375819788995
Area: 0.00040363793631140437
CentroidX: 0.5669
CentroidY: 0.6671
