Location: internet_15.png_Mean-Closing.png
Component: component_1755087704554_200.png
centerX: 0.8460298266827891
centerY: 0.6039349871685201
width: 0.04191858121725111
height: 0.021670943826632448
Area: 0.00038352499814098983
CentroidX: 0.8666
CentroidY: 0.6171
