Location: Dedata_10.png_Gaussian-Closing.png
Component: component_1755521621230_174.png
centerX: 0.17540322580645162
centerY: 0.3633513821601596
width: 0.05806451612903226
height: 0.01909375890567113
Area: 0.00038081798876621407
CentroidX: 0.2019
CentroidY: 0.3754
