Location: internet_15.png_Gaussian-Closing.png
Component: component_1755087704770_96.png
centerX: 0.6049979846835953
centerY: 0.2885657256914742
width: 0.037484885126964934
height: 0.02566295979469632
Area: 0.0003812263766357996
CentroidX: 0.6243
CentroidY: 0.3032
