Location: Dedata_10.png_Otsu.png
Component: component_1755521621718_539.png
centerX: 0.3943548387096774
centerY: 0.2938159019663722
width: 0.0532258064516129
height: 0.015104018238814477
Area: 0.0003093427959440701
CentroidX: 0.4190
CentroidY: 0.3027
