Location: Kurtxevani_1794_page_10.png_Mean-Medain.png
Component: component_1755610054893_1174.png
centerX: 0.3559322033898305
centerY: 0.33318642573821067
width: 0.01928696668614845
height: 0.009255178492728075
Area: 0.00012415451931465675
CentroidX: 0.3654
CentroidY: 0.3375
