Location: Dedata_10.png_Gaussian-Closing.png
Component: component_1755521621231_179.png
centerX: 0.8649193548387096
centerY: 0.3707609005414648
width: 0.056451612903225805
height: 0.01567398119122257
Area: 0.0003304865828882413
CentroidX: 0.8898
CentroidY: 0.3803
