Location: Dedata_10.png_Mean-Closing.png
Component: component_1755521621470_112.png
centerX: 0.013306451612903225
centerY: 0.21801082929609575
width: 0.052016129032258066
height: 0.017953833000854943
Area: 0.0002827981503782899
CentroidX: 0.0365
CentroidY: 0.2298
