Location: Dedata_10.png_Otsu.png
Component: component_1755521621738_680.png
centerX: 0.6233870967741936
centerY: 0.4981476204046737
width: 0.054838709677419356
height: 0.01567398119122257
Area: 0.00027417975896082885
CentroidX: 0.6467
CentroidY: 0.5080
