Location: Dedata_10.png_Otsu.png
Component: component_1755521621718_537.png
centerX: 0.5463709677419355
centerY: 0.28811627244229127
width: 0.0532258064516129
height: 0.018523795953263037
Area: 0.0003202594250728541
CentroidX: 0.5708
CentroidY: 0.2993
