Location: Dedata_10.png_Otsu.png
Component: component_1755521621679_69.png
centerX: 0.7709677419354839
centerY: 0.06469079509831861
width: 0.04516129032258064
height: 0.017098888572242805
Area: 0.00018362919313470431
CentroidX: 0.7901
CentroidY: 0.0755
