Location: Dedata_10.png_Mean-Closing.png
Component: component_1755521621504_226.png
centerX: 0.08588709677419355
centerY: 0.4836135651182673
width: 0.05282258064516129
height: 0.01652892561983471
Area: 0.0003366918247088133
CentroidX: 0.1102
CentroidY: 0.4938
