Location: internet_15.png_Gaussian-Median.png
Component: component_1755087704643_116.png
centerX: 0.6058041112454655
centerY: 0.24664955802680352
width: 0.037484885126964934
height: 0.021956087824351298
Area: 0.0003726065459913363
CentroidX: 0.6256
CentroidY: 0.2594
