Location: internet_15.png_Mean-Closing.png
Component: component_1755087704563_239.png
centerX: 0.08504635227730754
centerY: 0.716566866267465
width: 0.04393389762192664
height: 0.022526375819788995
Area: 0.00034870088233735787
CentroidX: 0.1067
CentroidY: 0.7305
