Location: Dedata_10.png_Gaussian-Closing.png
Component: component_1755521621226_154.png
centerX: 0.7153225806451613
centerY: 0.31347962382445144
width: 0.05685483870967742
height: 0.01652892561983471
Area: 0.0003655347079859164
CentroidX: 0.7423
CentroidY: 0.3240
