Location: Dedata_10.png_Mean-Closing.png
Component: component_1755521621510_253.png
centerX: 0.8685483870967742
centerY: 0.5471644343117698
width: 0.045564516129032256
height: 0.018238814477058992
Area: 0.0004439046139420293
CentroidX: 0.8890
CentroidY: 0.5580
