Location: Dedata_10.png_Mean-Closing.png
Component: component_1755521621442_31.png
centerX: 0.09879032258064516
centerY: 0.047591906526075804
width: 0.06129032258064516
height: 0.020233684810487318
Area: 0.0003875977900146168
CentroidX: 0.1277
CentroidY: 0.0597
