Location: Dedata_10.png_Otsu.png
Component: component_1755521621721_556.png
centerX: 0.24637096774193548
centerY: 0.3302935309204902
width: 0.052016129032258066
height: 0.018238814477058992
Area: 0.0002913016299101849
CentroidX: 0.2692
CentroidY: 0.3413
