Location: Dedata_10.png_Mean-Medain.png
Component: component_1755521621590_136.png
centerX: 0.510483870967742
centerY: 0.2618979766315189
width: 0.059274193548387095
height: 0.016813907096038756
Area: 0.0003619724395333658
CentroidX: 0.5379
CentroidY: 0.2719
