Location: Kurtxevani_1794_page_10.png_Mean-Medain.png
Component: component_1755610054600_467.png
centerX: 0.7159555815312683
centerY: 0.08065226972234464
width: 0.01928696668614845
height: 0.009695901278096077
Area: 0.0001352305448966697
CentroidX: 0.7250
CentroidY: 0.0853
