Location: internet_15.png_Gaussian-Closing.png
Component: component_1755087704770_97.png
centerX: 0.5292220878677952
centerY: 0.29426860564585117
width: 0.04312777106005643
height: 0.023096663815226688
Area: 0.0003928344152370103
CentroidX: 0.5487
CentroidY: 0.3074
