Location: internet_15.png_Mean-Closing.png
Component: component_1755087704555_207.png
centerX: 0.3139862958484482
centerY: 0.6298830909609353
width: 0.04796453043127771
height: 0.021670943826632448
Area: 0.0004039827295371829
CentroidX: 0.3375
CentroidY: 0.6430
