Location: internet_15.png_Gaussian-Closing.png
Component: component_1755087704779_144.png
centerX: 0.16324062877871826
centerY: 0.4245794126033647
width: 0.045949214026602174
height: 0.022241231822070145
Area: 0.00041467131953631746
CentroidX: 0.1844
CentroidY: 0.4373
