Location: Kurtxevani_1794_page_10.png_Mean-Medain.png
Component: component_1755610054908_1272.png
centerX: 0.8872004675628288
centerY: 0.3609519612163949
width: 0.02162478082992402
height: 0.010136624063464082
Area: 0.00016820103965242917
CentroidX: 0.8974
CentroidY: 0.3658
