Location: internet_15.png_Otsu.png
Component: component_1755087705154_46.png
centerX: 0.4183796856106409
centerY: 0.04818933561448532
width: 0.045949214026602174
height: 0.022241231822070145
Area: 0.00035145922814358615
CentroidX: 0.4388
CentroidY: 0.0618
