Location: internet_15.png_Gaussian-Closing.png
Component: component_1755087704790_193.png
centerX: 0.6844014510278114
centerY: 0.568291987453664
width: 0.04514308746473196
height: 0.020245223838038208
Area: 0.0003531831942724788
CentroidX: 0.7062
CentroidY: 0.5806
