Location: Dedata_10.png_Gaussian-Closing.png
Component: component_1755521621197_8.png
centerX: 0.6758064516129032
centerY: 0.007124536905101168
width: 0.04717741935483871
height: 0.02365346252493588
Area: 0.00034933213212108956
CentroidX: 0.7007
CentroidY: 0.0194
