Location: Dedata_10.png_Mean-Closing.png
Component: component_1755521621504_228.png
centerX: 0.9205645161290322
centerY: 0.4910230834995725
width: 0.04435483870967742
height: 0.016813907096038756
Area: 0.00029026742294008956
CentroidX: 0.9414
CentroidY: 0.5013
