Location: Dedata_10.png_Mean-Closing.png
Component: component_1755521621499_206.png
centerX: 0.655241935483871
centerY: 0.43573667711598746
width: 0.054838709677419356
height: 0.016813907096038756
Area: 0.0003816223719651771
CentroidX: 0.6806
CentroidY: 0.4465
