Location: internet_15.png_Mean-Closing.png
Component: component_1755087704534_107.png
centerX: 0.6110439338976219
centerY: 0.33048189335614486
width: 0.04433696090286175
height: 0.023952095808383235
Area: 0.00042558977168597107
CentroidX: 0.6322
CentroidY: 0.3444
