Location: Dedata_10.png_Mean-Medain.png
Component: component_1755521621611_239.png
centerX: 0.7036290322580645
centerY: 0.4981476204046737
width: 0.05161290322580645
height: 0.017953833000854943
Area: 0.0003242813410676693
CentroidX: 0.7274
CentroidY: 0.5088
