Location: internet_15.png_Gaussian-Closing.png
Component: component_1755087704795_216.png
centerX: 0.011688835147118097
centerY: 0.6418591388651269
width: 0.04312777106005643
height: 0.023381807812945538
Area: 0.00038467430889358497
CentroidX: 0.0316
CentroidY: 0.6557
