Location: Dedata_10.png_Mean-Closing.png
Component: component_1755521621511_261.png
centerX: 0.494758064516129
centerY: 0.5639783414078084
width: 0.05604838709677419
height: 0.01567398119122257
Area: 0.00032037433695842027
CentroidX: 0.5205
CentroidY: 0.5741
