Location: internet_15.png_Otsu.png
Component: component_1755087705373_819.png
centerX: 0.6835953244659412
centerY: 0.5286569717707442
width: 0.04433696090286175
height: 0.022241231822070145
Area: 0.0003142215597595044
CentroidX: 0.7057
CentroidY: 0.5419
