Location: Dedata_10.png_Otsu.png
Component: component_1755521621689_184.png
centerX: 0.017741935483870968
centerY: 0.10259333143345682
width: 0.04516129032258064
height: 0.014249073810202337
Area: 0.00020201509482528797
CentroidX: 0.0393
CentroidY: 0.1117
