Location: internet_15.png_Otsu.png
Component: component_1755087705396_960.png
centerX: 0.4667472793228537
centerY: 0.7011690903906472
width: 0.045949214026602174
height: 0.02594810379241517
Area: 0.0003650210950242085
CentroidX: 0.4861
CentroidY: 0.7158
