Location: internet_15.png_Gaussian-Median.png
Component: component_1755087704685_354.png
centerX: 0.611446997178557
centerY: 0.7753065297975478
width: 0.04433696090286175
height: 0.020815511833475905
Area: 0.00035812523050863783
CentroidX: 0.6333
CentroidY: 0.7883
