Location: internet_15.png_Otsu.png
Component: component_1755087705275_184.png
centerX: 0.38129786376461106
centerY: 0.19047619047619047
width: 0.045949214026602174
height: 0.02423723980610208
Area: 0.00026284736911850277
CentroidX: 0.4024
CentroidY: 0.2046
