Location: Dedata_10.png_Otsu.png
Component: component_1755521621739_687.png
centerX: 0.3217741935483871
centerY: 0.5078369905956113
width: 0.04838709677419355
height: 0.019663721858079224
Area: 0.0003033673778946304
CentroidX: 0.3426
CentroidY: 0.5199
