Location: Dedata_10.png_Gaussian-Closing.png
Component: component_1755521621210_76.png
centerX: 0.8201612903225807
centerY: 0.14619549729267597
width: 0.053629032258064514
height: 0.017953833000854943
Area: 0.00028716480202980354
CentroidX: 0.8447
CentroidY: 0.1577
