Location: internet_15.png_Otsu.png
Component: component_1755087705206_77.png
centerX: 0.6324062877871826
centerY: 0.09096093527231251
width: 0.049576783555018135
height: 0.02423723980610208
Area: 0.00032847301309168385
CentroidX: 0.6526
CentroidY: 0.1051
