Location: internet_15.png_Otsu.png
Component: component_1755087705153_45.png
centerX: 0.898428053204353
centerY: 0.04647847162817223
width: 0.05441354292623942
height: 0.022526375819788995
Area: 0.00039766152039790977
CentroidX: 0.9217
CentroidY: 0.0595
