Location: internet_15.png_Gaussian-Median.png
Component: component_1755087704629_41.png
centerX: 0.3297057638049174
centerY: 0.04875962360992301
width: 0.05038291011688835
height: 0.020815511833475905
Area: 0.00038639827502247765
CentroidX: 0.3529
CentroidY: 0.0623
