Location: internet_15.png_Otsu.png
Component: component_1755087705279_280.png
centerX: 0.15880693268843207
centerY: 0.22241231822070145
width: 0.042724707779121324
height: 0.021100655831194755
Area: 0.0004038677984619234
CentroidX: 0.1775
CentroidY: 0.2342
