Location: internet_15.png_Mean-Closing.png
Component: component_1755087704559_222.png
centerX: 0.3954050785973398
centerY: 0.6621043627031651
width: 0.041515517936316
height: 0.01996007984031936
Area: 0.00029721176062109673
CentroidX: 0.4128
CentroidY: 0.6741
