Location: internet_15.png_Gaussian-Median.png
Component: component_1755087704634_72.png
centerX: 0.5654977831519549
centerY: 0.13743940690048476
width: 0.049979846835953246
height: 0.025377815796977475
Area: 0.0004435190194264549
CentroidX: 0.5878
CentroidY: 0.1523
