Location: Dedata_10.png_Otsu.png
Component: component_1755521621673_33.png
centerX: 0.575
centerY: 0.03676261043032203
width: 0.05241935483870968
height: 0.015958962667426618
Area: 0.0001677713529265759
CentroidX: 0.5984
CentroidY: 0.0473
