Location: Dedata_10.png_Mean-Medain.png
Component: component_1755521621575_62.png
centerX: 0.17258064516129032
centerY: 0.10173838700484468
width: 0.05040322580645161
height: 0.019948703334283273
Area: 0.000327154138206823
CentroidX: 0.1967
CentroidY: 0.1141
