Location: Dedata_10.png_Mean-Closing.png
Component: component_1755521621511_260.png
centerX: 0.40766129032258064
centerY: 0.5628384155029923
width: 0.05685483870967742
height: 0.0176688515246509
Area: 0.00031152612176982687
CentroidX: 0.4338
CentroidY: 0.5738
