Location: internet_15.png_Otsu.png
Component: component_1755087705294_297.png
centerX: 0.45425231761386536
centerY: 0.2546335899629313
width: 0.037081821846029824
height: 0.020530367835757058
Area: 0.0003238757700813034
CentroidX: 0.4722
CentroidY: 0.2664
