Location: internet_15.png_Gaussian-Median.png
Component: component_1755087704641_107.png
centerX: 0.24143490528012898
centerY: 0.2215568862275449
width: 0.037081821846029824
height: 0.021956087824351298
Area: 0.00040743066179496824
CentroidX: 0.2593
CentroidY: 0.2334
