Location: Dedata_10.png_Otsu.png
Component: component_1755521621680_71.png
centerX: 0.6774193548387096
centerY: 0.06697064690795099
width: 0.052016129032258066
height: 0.0176688515246509
Area: 0.00020178527105415566
CentroidX: 0.7037
CentroidY: 0.0773
