Location: Dedata_10.png_Otsu.png
Component: component_1755521621714_520.png
centerX: 0.8290322580645161
centerY: 0.2524935879167854
width: 0.05524193548387097
height: 0.016243944143630663
Area: 0.00028406218111951757
CentroidX: 0.8543
CentroidY: 0.2619
