Location: internet_15.png_Gaussian-Closing.png
Component: component_1755087704777_131.png
centerX: 0.08141878274889158
centerY: 0.3886512688907898
width: 0.04232164449818621
height: 0.023952095808383235
Area: 0.00038731772362455376
CentroidX: 0.1013
CentroidY: 0.4020
