Location: internet_15.png_Gaussian-Median.png
Component: component_1755087704679_324.png
centerX: 0.46634421604191856
centerY: 0.7008839463929284
width: 0.04675534058847239
height: 0.02623324779013402
Area: 0.00041306228448268433
CentroidX: 0.4865
CentroidY: 0.7159
