Location: internet_15.png_Gaussian-Closing.png
Component: component_1755087704800_244.png
centerX: 0.08504635227730754
centerY: 0.716566866267465
width: 0.04353083434099154
height: 0.022526375819788995
Area: 0.000329852185994798
CentroidX: 0.1067
CentroidY: 0.7304
