Location: Dedata_10.png_Gaussian-Closing.png
Component: component_1755521621207_62.png
centerX: 0.7278225806451613
centerY: 0.11997720148190368
width: 0.05967741935483871
height: 0.016243944143630663
Area: 0.0002808446483236654
CentroidX: 0.7546
CentroidY: 0.1301
