Location: Dedata_10.png_Mean-Medain.png
Component: component_1755521621567_23.png
centerX: 0.8145161290322581
centerY: 0.03562268452550584
width: 0.06653225806451613
height: 0.019663721858079224
Area: 0.00042138188437106425
CentroidX: 0.8458
CentroidY: 0.0487
