Location: internet_15.png_Gaussian-Closing.png
Component: component_1755087704794_208.png
centerX: 0.5401047964530431
centerY: 0.6204733390362133
width: 0.054816606207174524
height: 0.020530367835757058
Area: 0.0004188088382456599
CentroidX: 0.5664
CentroidY: 0.6327
