Location: Dedata_10.png_Mean-Closing.png
Component: component_1755521621512_264.png
centerX: 0.944758064516129
centerY: 0.573097748646338
width: 0.044758064516129036
height: 0.018808777429467086
Area: 0.00038598902361669074
CentroidX: 0.9660
CentroidY: 0.5848
