Location: Dedata_10.png_Otsu.png
Component: component_1755521621730_604.png
centerX: 0.24879032258064515
centerY: 0.3884297520661157
width: 0.050806451612903224
height: 0.017098888572242805
Area: 0.0002460263469971226
CentroidX: 0.2708
CentroidY: 0.3984
