Location: Dedata_10.png_Mean-Closing.png
Component: component_1755521621508_246.png
centerX: 0.5358870967741935
centerY: 0.5280706754060986
width: 0.046370967741935484
height: 0.018238814477058992
Area: 0.00029532354590500003
CentroidX: 0.5573
CentroidY: 0.5392
