Location: internet_15.png_Gaussian-Median.png
Component: component_1755087704666_268.png
centerX: 0.16444981862152358
centerY: 0.5554605075563159
width: 0.042724707779121324
height: 0.021670943826632448
Area: 0.0003458276054558701
CentroidX: 0.1841
CentroidY: 0.5681
