Location: Dedata_10.png_Otsu.png
Component: component_1755521621741_703.png
centerX: 0.6024193548387097
centerY: 0.5255058421202622
width: 0.05524193548387097
height: 0.0176688515246509
Area: 0.00027211134502063816
CentroidX: 0.6262
CentroidY: 0.5363
