Location: Kurtxevani_1764_page_10.png_Otsu.png
Component: component_1755610055992_1796.png
centerX: 0.47313915857605177
centerY: 0.7530402245088869
width: 0.018770226537216828
height: 0.01028999064546305
Area: 0.00014077215799177163
CentroidX: 0.4824
CentroidY: 0.7581
