Location: internet_15.png_Gaussian-Median.png
Component: component_1755087704645_127.png
centerX: 0.8170092704554615
centerY: 0.2791559737667522
width: 0.041515517936316
height: 0.023952095808383235
Area: 0.00036835409620673436
CentroidX: 0.8373
CentroidY: 0.2943
