Location: Dedata_10.png_Mean-Closing.png
Component: component_1755521621438_25.png
centerX: 0.49959677419354837
centerY: 0.038472499287546306
width: 0.054838709677419356
height: 0.016243944143630663
Area: 0.0002736051995329981
CentroidX: 0.5278
CentroidY: 0.0492
