Location: Dedata_10.png_Otsu.png
Component: component_1755521621728_591.png
centerX: 0.6306451612903226
centerY: 0.372185807922485
width: 0.05120967741935484
height: 0.021373610715303505
Area: 0.0002877393614576343
CentroidX: 0.6534
CentroidY: 0.3847
