Location: internet_15.png_Otsu.png
Component: component_1755087704938_3.png
centerX: 0.8948004836759371
centerY: 0.009124607927003137
width: 0.05078597339782346
height: 0.023666951810664385
Area: 0.00039743165824739074
CentroidX: 0.9163
CentroidY: 0.0243
