Location: Dedata_10.png_Mean-Medain.png
Component: component_1755521621610_233.png
centerX: 0.08588709677419355
centerY: 0.4836135651182673
width: 0.05282258064516129
height: 0.01652892561983471
Area: 0.0003362321771665487
CentroidX: 0.1101
CentroidY: 0.4938
