Location: internet_15.png_Mean-Closing.png
Component: component_1755087704562_235.png
centerX: 0.38855300282144295
centerY: 0.7048759623609923
width: 0.0471584038694075
height: 0.023666951810664385
Area: 0.0004040976606124424
CentroidX: 0.4107
CentroidY: 0.7184
