Location: internet_15.png_Mean-Closing.png
Component: component_1755087704531_92.png
centerX: 0.7480854494155582
centerY: 0.2831479897348161
width: 0.039500201531640466
height: 0.025092671799258625
Area: 0.00039743165824739074
CentroidX: 0.7669
CentroidY: 0.2982
