Location: internet_15.png_Gaussian-Closing.png
Component: component_1755087704795_212.png
centerX: 0.23941958887545345
centerY: 0.630453378956373
width: 0.042724707779121324
height: 0.0213857998289136
Area: 0.0003638717842716134
CentroidX: 0.2620
CentroidY: 0.6432
