Location: Dedata_10.png_Otsu.png
Component: component_1755521621709_477.png
centerX: 0.730241935483871
centerY: 0.20034197777144486
width: 0.052016129032258066
height: 0.018523795953263037
Area: 0.00034071374070362845
CentroidX: 0.7529
CentroidY: 0.2110
