Location: Dedata_10.png_Mean-Closing.png
Component: component_1755521621510_254.png
centerX: 0.7983870967741935
centerY: 0.5480193787403819
width: 0.05524193548387097
height: 0.021658592191507554
Area: 0.00048079132920876273
CentroidX: 0.8231
CentroidY: 0.5616
