Location: Dedata_10.png_Mean-Medain.png
Component: component_1755521621617_270.png
centerX: 0.25120967741935485
centerY: 0.5713878597891137
width: 0.05241935483870968
height: 0.01567398119122257
Area: 0.00028337270980612067
CentroidX: 0.2760
CentroidY: 0.5813
