Location: Dedata_10.png_Gaussian-Closing.png
Component: component_1755521621216_109.png
centerX: 0.2592741935483871
centerY: 0.21003134796238246
width: 0.05282258064516129
height: 0.01909375890567113
Area: 0.00040242142325264986
CentroidX: 0.2827
CentroidY: 0.2215
