Location: Dedata_10.png_Mean-Medain.png
Component: component_1755521621565_7.png
centerX: 0.8189516129032258
centerY: 0.006269592476489028
width: 0.06129032258064516
height: 0.02080364776289541
Area: 0.0003851846404177277
CentroidX: 0.8470
CentroidY: 0.0188
