Location: internet_15.png_Gaussian-Median.png
Component: component_1755087704654_199.png
centerX: 0.8524788391777509
centerY: 0.39349871685201027
width: 0.04917372027408303
height: 0.024522383803820928
Area: 0.0004535180229740324
CentroidX: 0.8747
CentroidY: 0.4076
