Location: Dedata_10.png_Mean-Closing.png
Component: component_1755521621435_23.png
centerX: 0.722983870967742
centerY: 0.03733257338273012
width: 0.06612903225806452
height: 0.017953833000854943
Area: 0.0003724294211198853
CentroidX: 0.7550
CentroidY: 0.0486
