Location: Dedata_10.png_Gaussian-Closing.png
Component: component_1755521621246_251.png
centerX: 0.9310483870967742
centerY: 0.5428897121687091
width: 0.053629032258064514
height: 0.021373610715303505
Area: 0.0004884904255416946
CentroidX: 0.9548
CentroidY: 0.5558
