Location: internet_15.png_Gaussian-Median.png
Component: component_1755087704629_43.png
centerX: 0.5800080612656187
centerY: 0.049044767607641856
width: 0.051189036678758564
height: 0.024522383803820928
Area: 0.0004569659552318177
CentroidX: 0.6008
CentroidY: 0.0634
