Location: internet_15.png_Mean-Closing.png
Component: component_1755087704547_166.png
centerX: 0.3063280935106812
centerY: 0.5109780439121756
width: 0.0471584038694075
height: 0.021956087824351298
Area: 0.0003762843403996406
CentroidX: 0.3293
CentroidY: 0.5238
