Location: internet_15.png_Gaussian-Closing.png
Component: component_1755087704779_142.png
centerX: 0.3970173317210802
centerY: 0.41488451668092385
width: 0.05763804917372027
height: 0.023381807812945538
Area: 0.00046570071695154055
CentroidX: 0.4236
CentroidY: 0.4287
