Location: internet_15.png_Gaussian-Closing.png
Component: component_1755087704776_124.png
centerX: 0.6082224909310762
centerY: 0.3661248930710009
width: 0.0475614671503426
height: 0.019674935842600515
Area: 0.000385134033194623
CentroidX: 0.6294
CentroidY: 0.3778
