Location: internet_15.png_Gaussian-Closing.png
Component: component_1755087704796_219.png
centerX: 0.8444175735590488
centerY: 0.6461362988309096
width: 0.04030632809351068
height: 0.020815511833475905
Area: 0.00031042883427594056
CentroidX: 0.8645
CentroidY: 0.6585
