Location: Dedata_10.png_Mean-Closing.png
Component: component_1755521621486_170.png
centerX: 0.4875
centerY: 0.34967227130236533
width: 0.05766129032258065
height: 0.01937874038187518
Area: 0.000388517085099146
CentroidX: 0.5138
CentroidY: 0.3619
