Location: Dedata_10.png_Mean-Medain.png
Component: component_1755521621602_197.png
centerX: 0.007258064516129033
centerY: 0.3952693074950128
width: 0.05282258064516129
height: 0.017953833000854943
Area: 0.0003890916445269767
CentroidX: 0.0303
CentroidY: 0.4062
