Location: Dedata_10.png_Gaussian-Closing.png
Component: component_1755521621242_229.png
centerX: 0.8471774193548387
centerY: 0.49301795383300084
width: 0.0532258064516129
height: 0.0176688515246509
Area: 0.00034002426939023155
CentroidX: 0.8716
CentroidY: 0.5043
