Location: internet_15.png_Gaussian-Closing.png
Component: component_1755087704772_105.png
centerX: 0.8948004836759371
centerY: 0.3153692614770459
width: 0.05038291011688835
height: 0.023381807812945538
Area: 0.00043673808598614365
CentroidX: 0.9179
CentroidY: 0.3300
