Location: internet_15.png_Otsu.png
Component: component_1755087705395_950.png
centerX: 0.7730753728335349
centerY: 0.6883376104932991
width: 0.04312777106005643
height: 0.023096663815226688
Area: 0.00032341604578026536
CentroidX: 0.7943
CentroidY: 0.7024
