Location: Dedata_10.png_Mean-Closing.png
Component: component_1755521621469_108.png
centerX: 0.33991935483870966
centerY: 0.2086064405813622
width: 0.05241935483870968
height: 0.017953833000854943
Area: 0.000404834572849539
CentroidX: 0.3637
CentroidY: 0.2191
