Location: Dedata_10.png_Mean-Closing.png
Component: component_1755521621497_203.png
centerX: 0.8806451612903226
centerY: 0.4263322884012539
width: 0.04959677419354839
height: 0.01909375890567113
Area: 0.00036473032478695337
CentroidX: 0.9031
CentroidY: 0.4382
