Location: internet_15.png_Mean-Closing.png
Component: component_1755087704508_1.png
centerX: 0.42845626763401856
centerY: 0.007698887938408896
width: 0.04917372027408303
height: 0.022526375819788995
Area: 0.00037766351330275477
CentroidX: 0.4511
CentroidY: 0.0213
