Location: Dedata_10.png_Mean-Closing.png
Component: component_1755521621477_137.png
centerX: 0.8693548387096774
centerY: 0.27700199487033345
width: 0.05604838709677419
height: 0.017098888572242805
Area: 0.0003624320870756304
CentroidX: 0.8944
CentroidY: 0.2874
