Location: Dedata_10.png_Mean-Closing.png
Component: component_1755521621505_232.png
centerX: 0.7036290322580645
centerY: 0.4981476204046737
width: 0.05161290322580645
height: 0.017953833000854943
Area: 0.00032439625295323547
CentroidX: 0.7274
CentroidY: 0.5087
