Location: Dedata_10.png_Gaussian-Closing.png
Component: component_1755521621226_157.png
centerX: 0.48588709677419356
centerY: 0.32088914220575665
width: 0.055645161290322584
height: 0.018808777429467086
Area: 0.0003821969313930078
CentroidX: 0.5105
CentroidY: 0.3324
