Location: internet_15.png_Mean-Closing.png
Component: component_1755087704566_252.png
centerX: 0.15356711003627568
centerY: 0.754205873966353
width: 0.051592099959693674
height: 0.022526375819788995
Area: 0.00042225677050344526
CentroidX: 0.1787
CentroidY: 0.7685
