Location: internet_15.png_Gaussian-Closing.png
Component: component_1755087704783_162.png
centerX: 0.819024586860137
centerY: 0.4759053321927573
width: 0.044740024183796856
height: 0.020245223838038208
Area: 0.0003520338835198837
CentroidX: 0.8415
CentroidY: 0.4879
