Location: internet_15.png_Gaussian-Closing.png
Component: component_1755087704759_47.png
centerX: 0.3196291817815397
centerY: 0.14143142286854862
width: 0.044740024183796856
height: 0.02566295979469632
Area: 0.00044030094931918855
CentroidX: 0.3389
CentroidY: 0.1568
