Location: Dedata_10.png_Otsu.png
Component: component_1755521621716_529.png
centerX: 0.1717741935483871
centerY: 0.2761470504417213
width: 0.05524193548387097
height: 0.016243944143630663
Area: 0.00029555336967613236
CentroidX: 0.1954
CentroidY: 0.2860
