Location: Dedata_10.png_Mean-Medain.png
Component: component_1755521621619_282.png
centerX: 0.32379032258064516
centerY: 0.5941863778854375
width: 0.05604838709677419
height: 0.02080364776289541
Area: 0.000522159608012576
CentroidX: 0.3495
CentroidY: 0.6066
