Location: Dedata_10.png_Mean-Medain.png
Component: component_1755521621584_104.png
centerX: 0.18064516129032257
centerY: 0.18580792248503847
width: 0.054838709677419356
height: 0.017953833000854943
Area: 0.00028785427334320044
CentroidX: 0.2062
CentroidY: 0.1975
