Location: internet_15.png_Gaussian-Closing.png
Component: component_1755087704753_14.png
centerX: 0.6557839580814188
centerY: 0.047619047619047616
width: 0.051592099959693674
height: 0.023666951810664385
Area: 0.000455471851253444
CentroidX: 0.6767
CentroidY: 0.0614
