Location: internet_15.png_Gaussian-Closing.png
Component: component_1755087704778_136.png
centerX: 0.7053607416364369
centerY: 0.3972055888223553
width: 0.0475614671503426
height: 0.02566295979469632
Area: 0.0004089247657733419
CentroidX: 0.7294
CentroidY: 0.4128
