Location: Kurtxevani_1764_page_10.png_Otsu.png
Component: component_1755610055953_1421.png
centerX: 0.19935275080906148
centerY: 0.5706267539756782
width: 0.018770226537216828
height: 0.011225444340505144
Area: 0.00014077215799177163
CentroidX: 0.2085
CentroidY: 0.5762
