Location: internet_15.png_Gaussian-Median.png
Component: component_1755087704625_2.png
centerX: 0.4280532043530834
centerY: 0.007698887938408896
width: 0.049576783555018135
height: 0.022526375819788995
Area: 0.0003372077748114067
CentroidX: 0.4514
CentroidY: 0.0214
