Location: Dedata_10.png_Gaussian-Closing.png
Component: component_1755521621218_114.png
centerX: 0.885483870967742
centerY: 0.22456540324878882
width: 0.05443548387096774
height: 0.01738387004844685
Area: 0.0003353128820820195
CentroidX: 0.9087
CentroidY: 0.2348
