Location: internet_15.png_Gaussian-Median.png
Component: component_1755087704652_179.png
centerX: 0.38170092704554615
centerY: 0.37781579697747364
width: 0.04675534058847239
height: 0.022526375819788995
Area: 0.0003991556243762834
CentroidX: 0.4039
CentroidY: 0.3908
