Location: Dedata_10.png_Mean-Closing.png
Component: component_1755521621418_9.png
centerX: 0.40846774193548385
centerY: 0.007409518381305215
width: 0.055645161290322584
height: 0.02336848104873183
Area: 0.000408741576958788
CentroidX: 0.4357
CentroidY: 0.0209
