Location: Dedata_10.png_Otsu.png
Component: component_1755521621716_527.png
centerX: 0.2568548387096774
centerY: 0.2718723282986606
width: 0.05887096774193548
height: 0.015958962667426618
Area: 0.00029842616681528605
CentroidX: 0.2837
CentroidY: 0.2820
