Location: Dedata_10.png_Mean-Medain.png
Component: component_1755521621612_248.png
centerX: 0.9056451612903226
centerY: 0.5166714163579368
width: 0.05685483870967742
height: 0.015104018238814477
Area: 0.0003004945807554767
CentroidX: 0.9310
CentroidY: 0.5263
