Location: internet_15.png_Gaussian-Closing.png
Component: component_1755087704753_15.png
centerX: 0.4183796856106409
centerY: 0.04818933561448532
width: 0.045949214026602174
height: 0.022241231822070145
Area: 0.00040961435222489897
CentroidX: 0.4384
CentroidY: 0.0617
