Location: internet_15.png_Otsu.png
Component: component_1755087705400_1011.png
centerX: 0.38814993954050786
centerY: 0.7456515540347876
width: 0.05239822652156389
height: 0.023381807812945538
Area: 0.00033444942900517845
CentroidX: 0.4119
CentroidY: 0.7595
