Location: Dedata_10.png_Otsu.png
Component: component_1755521621729_598.png
centerX: 0.32741935483870965
centerY: 0.3830151040182388
width: 0.05443548387096774
height: 0.019948703334283273
Area: 0.000261079804006288
CentroidX: 0.3517
CentroidY: 0.3949
