Location: internet_15.png_Otsu.png
Component: component_1755087705330_462.png
centerX: 0.4558645707376058
centerY: 0.34160250926717994
width: 0.04232164449818621
height: 0.022241231822070145
Area: 0.00028652317062196215
CentroidX: 0.4766
CentroidY: 0.3546
