Location: internet_15.png_Otsu.png
Component: component_1755087704939_4.png
centerX: 0.09754131398629586
centerY: 0.010550327915597377
width: 0.05441354292623942
height: 0.021956087824351298
Area: 0.0003290476684679814
CentroidX: 0.1219
CentroidY: 0.0241
