Location: internet_15.png_Mean-Closing.png
Component: component_1755087704557_216.png
centerX: 0.6231358323256752
centerY: 0.65098374679213
width: 0.04393389762192664
height: 0.021956087824351298
Area: 0.0003742155810449694
CentroidX: 0.6450
CentroidY: 0.6640
