Location: internet_15.png_Gaussian-Closing.png
Component: component_1755087704799_238.png
centerX: 0.5429262394195888
centerY: 0.6974622184203022
width: 0.04836759371221282
height: 0.021670943826632448
Area: 0.0003918000355596747
CentroidX: 0.5658
CentroidY: 0.7102
