Location: Dedata_10.png_Mean-Closing.png
Component: component_1755521621484_162.png
centerX: 0.9443548387096774
centerY: 0.335423197492163
width: 0.05120967741935484
height: 0.016243944143630663
Area: 0.0003743829231745098
CentroidX: 0.9667
CentroidY: 0.3456
