Location: internet_15.png_Gaussian-Closing.png
Component: component_1755087704795_217.png
centerX: 0.9117291414752116
centerY: 0.6429997148560023
width: 0.04232164449818621
height: 0.020245223838038208
Area: 0.00031537087051209956
CentroidX: 0.9337
CentroidY: 0.6555
