Location: internet_15.png_Mean-Closing.png
Component: component_1755087704528_77.png
centerX: 0.8927851672712616
centerY: 0.23781009409751924
width: 0.05078597339782346
height: 0.022241231822070145
Area: 0.00042673908243856615
CentroidX: 0.9179
CentroidY: 0.2514
