Location: internet_15.png_Gaussian-Closing.png
Component: component_1755087704775_118.png
centerX: 0.014913341394598953
centerY: 0.35015682919874536
width: 0.04353083434099154
height: 0.023096663815226688
Area: 0.0003815711698615782
CentroidX: 0.0375
CentroidY: 0.3637
