Location: internet_15.png_Gaussian-Closing.png
Component: component_1755087704772_103.png
centerX: 0.08786779524385328
centerY: 0.31223267750213857
width: 0.041515517936316
height: 0.021100655831194755
Area: 0.00040145424588147364
CentroidX: 0.1076
CentroidY: 0.3242
