Location: Dedata_10.png_Otsu.png
Component: component_1755521621670_4.png
centerX: 0.1875
centerY: 0.006269592476489028
width: 0.04435483870967742
height: 0.027358221715588486
Area: 0.0003484128370365604
CentroidX: 0.2081
CentroidY: 0.0218
