Location: Dedata_10.png_Otsu.png
Component: component_1755521621670_2.png
centerX: 0.75
centerY: 0.005414648047876888
width: 0.05
height: 0.018238814477058992
Area: 0.0002414298715744767
CentroidX: 0.7730
CentroidY: 0.0167
