Location: internet_15.png_Otsu.png
Component: component_1755087705265_111.png
centerX: 0.4719871019750101
centerY: 0.1420017108639863
width: 0.05804111245465538
height: 0.022241231822070145
Area: 0.00033456436008043794
CentroidX: 0.4952
CentroidY: 0.1548
