Location: Dedata_10.png_Mean-Closing.png
Component: component_1755521621491_194.png
centerX: 0.6407258064516129
centerY: 0.40153889997150183
width: 0.0532258064516129
height: 0.01481903676261043
Area: 0.00030428667297915956
CentroidX: 0.6668
CentroidY: 0.4109
