Location: internet_15.png_Otsu.png
Component: component_1755087705372_817.png
centerX: 0.7581620314389359
centerY: 0.5240946678072427
width: 0.04312777106005643
height: 0.02281151981750784
Area: 0.00033881680986503986
CentroidX: 0.7802
CentroidY: 0.5376
