Location: Dedata_10.png_Gaussian-Closing.png
Component: component_1755521621244_240.png
centerX: 0.008467741935483872
centerY: 0.5141065830721003
width: 0.04798387096774193
height: 0.01937874038187518
Area: 0.00033646200093768097
CentroidX: 0.0302
CentroidY: 0.5256
