Location: Dedata_10.png_Otsu.png
Component: component_1755521621742_711.png
centerX: 0.3943548387096774
centerY: 0.5371900826446281
width: 0.045564516129032256
height: 0.012824166429182103
Area: 0.0002087948960736907
CentroidX: 0.4159
CentroidY: 0.5453
