Location: Dedata_10.png_Mean-Closing.png
Component: component_1755521621505_230.png
centerX: 0.7790322580645161
centerY: 0.4952978056426332
width: 0.049193548387096775
height: 0.018238814477058992
Area: 0.0003471488062953327
CentroidX: 0.8023
CentroidY: 0.5066
