Location: internet_15.png_Otsu.png
Component: component_1755087705396_959.png
centerX: 0.5429262394195888
centerY: 0.6977473624180212
width: 0.04796453043127771
height: 0.0213857998289136
Area: 0.00034214981104756573
CentroidX: 0.5656
CentroidY: 0.7102
