Location: internet_15.png_Mean-Closing.png
Component: component_1755087704512_3.png
centerX: 0.09713825070536074
centerY: 0.010550327915597377
width: 0.055219669488109635
height: 0.021956087824351298
Area: 0.00040041986620413804
CentroidX: 0.1217
CentroidY: 0.0236
