Location: Dedata_10.png_Gaussian-Closing.png
Component: component_1755521621206_58.png
centerX: 0.1721774193548387
centerY: 0.10173838700484468
width: 0.050806451612903224
height: 0.019948703334283273
Area: 0.00031520330210794365
CentroidX: 0.1966
CentroidY: 0.1141
