Location: internet_15.png_Gaussian-Median.png
Component: component_1755087704669_284.png
centerX: 0.008464328899637243
centerY: 0.5973766752209866
width: 0.044740024183796856
height: 0.020815511833475905
Area: 0.00038341006706573035
CentroidX: 0.0292
CentroidY: 0.6096
