Location: internet_15.png_Gaussian-Median.png
Component: component_1755087704668_278.png
centerX: 0.4619105199516324
centerY: 0.5802680353578558
width: 0.044740024183796856
height: 0.023096663815226688
Area: 0.00039444345029064344
CentroidX: 0.4836
CentroidY: 0.5941
