Location: Dedata_10.png_Mean-Medain.png
Component: component_1755521621615_264.png
centerX: 0.7310483870967742
centerY: 0.5508691935024224
width: 0.04959677419354839
height: 0.019948703334283273
Area: 0.0004656229603140312
CentroidX: 0.7540
CentroidY: 0.5627
