Location: Dedata_10.png_Gaussian-Closing.png
Component: component_1755521621207_66.png
centerX: 0.49879032258064515
centerY: 0.12510686805357651
width: 0.054838709677419356
height: 0.01738387004844685
Area: 0.0003093427959440701
CentroidX: 0.5250
CentroidY: 0.1362
