Location: Dedata_10.png_Gaussian-Closing.png
Component: component_1755521621239_215.png
centerX: 0.880241935483871
centerY: 0.45939013964092335
width: 0.05040322580645161
height: 0.01652892561983471
Area: 0.00037311889243328214
CentroidX: 0.9025
CentroidY: 0.4693
