Location: internet_15.png_Otsu.png
Component: component_1755087705386_905.png
centerX: 0.23982265215638857
centerY: 0.6307385229540918
width: 0.04191858121725111
height: 0.021100655831194755
Area: 0.00033881680986503986
CentroidX: 0.2620
CentroidY: 0.6433
