Location: internet_15.png_Gaussian-Median.png
Component: component_1755087704675_307.png
centerX: 0.5433293027005239
centerY: 0.6541203307670374
width: 0.051189036678758564
height: 0.02281151981750784
Area: 0.0003847892399688445
CentroidX: 0.5669
CentroidY: 0.6670
