Location: Dedata_10.png_Mean-Closing.png
Component: component_1755521621469_107.png
centerX: 0.4205645161290323
centerY: 0.20775149615275007
width: 0.0532258064516129
height: 0.016813907096038756
Area: 0.00039449250314858565
CentroidX: 0.4455
CentroidY: 0.2180
