Location: internet_15.png_Otsu.png
Component: component_1755087705333_482.png
centerX: 0.9028617492946392
centerY: 0.35015682919874536
width: 0.054816606207174524
height: 0.022241231822070145
Area: 0.0004142115952352794
CentroidX: 0.9278
CentroidY: 0.3637
