Location: internet_15.png_Mean-Closing.png
Component: component_1755087704567_259.png
centerX: 0.6118500604594922
centerY: 0.7753065297975478
width: 0.04393389762192664
height: 0.020815511833475905
Area: 0.0003758246160986026
CentroidX: 0.6333
CentroidY: 0.7884
