Location: Dedata_10.png_Otsu.png
Component: component_1755521621671_5.png
centerX: 0.02338709677419355
centerY: 0.007124536905101168
width: 0.054838709677419356
height: 0.028498147620404674
Area: 0.00047516064681602145
CentroidX: 0.0494
CentroidY: 0.0245
