Location: internet_15.png_Mean-Closing.png
Component: component_1755087704545_156.png
centerX: 0.09149536477226924
centerY: 0.4733390362132877
width: 0.04836759371221282
height: 0.019104647847162818
Area: 0.00035651619545500464
CentroidX: 0.1135
CentroidY: 0.4849
