Location: Dedata_10.png_Mean-Closing.png
Component: component_1755521621476_133.png
centerX: 0.3395161290322581
centerY: 0.2664576802507837
width: 0.05685483870967742
height: 0.020233684810487318
Area: 0.00038541446418886
CentroidX: 0.3657
CentroidY: 0.2785
