Location: internet_15.png_Gaussian-Median.png
Component: component_1755087704647_142.png
centerX: 0.012898024989923419
centerY: 0.3136583974907328
width: 0.044740024183796856
height: 0.021100655831194755
Area: 0.00040444245383822094
CentroidX: 0.0341
CentroidY: 0.3259
