Location: Dedata_10.png_Gaussian-Closing.png
Component: component_1755521621205_52.png
centerX: 0.6028225806451613
centerY: 0.09546879452835566
width: 0.06612903225806452
height: 0.01738387004844685
Area: 0.0003175015398192666
CentroidX: 0.6346
CentroidY: 0.1069
