Location: internet_15.png_Gaussian-Median.png
Component: component_1755087704627_11.png
centerX: 0.1841999193873438
centerY: 0.010835471913316224
width: 0.05199516324062878
height: 0.023666951810664385
Area: 0.000405132040289778
CentroidX: 0.2064
CentroidY: 0.0248
