Location: Dedata_10.png_Mean-Medain.png
Component: component_1755521621583_101.png
centerX: 0.3495967741935484
centerY: 0.18039327443716158
width: 0.04314516129032258
height: 0.018523795953263037
Area: 0.00025763244743930353
CentroidX: 0.3695
CentroidY: 0.1919
