Location: internet_15.png_Gaussian-Closing.png
Component: component_1755087704803_255.png
centerX: 0.3135832325675131
centerY: 0.7490732820074137
width: 0.051189036678758564
height: 0.0213857998289136
Area: 0.000369848200185108
CentroidX: 0.3366
CentroidY: 0.7623
