Location: Dedata_10.png_Mean-Medain.png
Component: component_1755521621587_124.png
centerX: 0.4870967741935484
centerY: 0.2322599031062981
width: 0.0467741935483871
height: 0.016813907096038756
Area: 0.00032566028369446307
CentroidX: 0.5084
CentroidY: 0.2418
