Location: Dedata_10.png_Gaussian-Closing.png
Component: component_1755521621225_149.png
centerX: 0.9451612903225807
centerY: 0.304645198062126
width: 0.04879032258064516
height: 0.01738387004844685
Area: 0.0003645005010158211
CentroidX: 0.9669
CentroidY: 0.3146
