Location: Dedata_10.png_Mean-Closing.png
Component: component_1755521621508_242.png
centerX: 0.8318548387096775
centerY: 0.5209461385009975
width: 0.053629032258064514
height: 0.016813907096038756
Area: 0.0002872797139153697
CentroidX: 0.8558
CentroidY: 0.5306
