Location: 2025-04-18_221110-1.png_Mean-Medain.png
Component: component_1745011177944_256.png
centerX: 0.4040047114252061
centerY: 0.3243474540008558
width: 0.030035335689045935
height: 0.024818142918271287
Area: 0.00022327357363214695
CentroidX: 0.4185
CentroidY: 0.3365
