Location: 2025-04-18_221110-1.png_Mean-Medain.png
Component: component_1745011178029_611.png
centerX: 0.7926972909305064
centerY: 0.8249893025246042
width: 0.02944640753828033
height: 0.029525032092426188
Area: 0.0002963540887036172
CentroidX: 0.8077
CentroidY: 0.8390
