Location: 2025-04-18_221028-1.png_Gaussian-Closing.png
Component: component_1745011178563_203.png
centerX: 0.8645465253239105
centerY: 0.3821138211382114
width: 0.030035335689045935
height: 0.026957637997432605
Area: 0.00035607850964133593
CentroidX: 0.8786
CentroidY: 0.3950
