Location: 2025-04-18_221028-1.png_Gaussian-Median.png
Component: component_1745011178697_323.png
centerX: 0.7302709069493521
centerY: 0.6264441591784339
width: 0.03651354534746761
height: 0.02781343602909713
Area: 0.00040471485243027993
CentroidX: 0.7469
CentroidY: 0.6395
