Location: 2025-04-18_221110-1.png_Otsu.png
Component: component_1745011178249_62.png
centerX: 0.28975265017667845
centerY: 0.0599058622165169
width: 0.03297997644287397
height: 0.02995293110825845
Area: 0.0003026541331063301
CentroidX: 0.3051
CentroidY: 0.0742
