Location: 2025-04-18_221110-1.png_Otsu.png
Component: component_1745011178275_97.png
centerX: 0.2915194346289753
centerY: 0.10611895592640137
width: 0.02767962308598351
height: 0.029097133076593923
Area: 0.00024393771927304543
CentroidX: 0.3053
CentroidY: 0.1202
