Location: 2025-04-18_221110-1.png_Mean-Medain.png
Component: component_1745011178037_644.png
centerX: 0.6325088339222615
centerY: 0.8707744972186564
width: 0.03180212014134275
height: 0.030380830124090714
Area: 0.00037296262864060665
CentroidX: 0.6477
CentroidY: 0.8850
