Location: 2025-04-18_221028-1.png_Gaussian-Median.png
Component: component_1745011178719_441.png
centerX: 0.6890459363957597
centerY: 0.8724860932819855
width: 0.03356890459363958
height: 0.03123662815575524
Area: 0.00036489857180513406
CentroidX: 0.7060
CentroidY: 0.8865
