Location: 2025-04-18_221028-1.png_Gaussian-Closing.png
Component: component_1745011178564_211.png
centerX: 0.44051825677267376
centerY: 0.38382541720154045
width: 0.03415783274440518
height: 0.031664527171587506
Area: 0.000419330955444574
CentroidX: 0.4568
CentroidY: 0.3989
