Location: 2025-04-18_221110-1.png_Mean-Medain.png
Component: component_1745011177892_27.png
centerX: 0.8934040047114252
centerY: 0.013264869490800172
width: 0.02591283863368669
height: 0.025673940949935817
Area: 0.0002540177903173862
CentroidX: 0.9069
CentroidY: 0.0252
