Location: 2025-04-18_221028-1.png_Gaussian-Median.png
Component: component_1745011178687_265.png
centerX: 0.251472320376914
centerY: 0.49208386820710315
width: 0.03180212014134275
height: 0.03123662815575524
Area: 0.0003795146748194281
CentroidX: 0.2660
CentroidY: 0.5068
