Location: 2025-04-18_221110-1.png_Mean-Medain.png
Component: component_1745011177946_267.png
centerX: 0.6484098939929329
centerY: 0.329482242190843
width: 0.02591283863368669
height: 0.024818142918271287
Area: 0.00024141770151196027
CentroidX: 0.6605
CentroidY: 0.3411
