Location: 2025-04-18_221110-1.png_Mean-Medain.png
Component: component_1745011178036_641.png
centerX: 0.37279151943462896
centerY: 0.8694908001711597
width: 0.02767962308598351
height: 0.02995293110825845
Area: 0.00030593015619574085
CentroidX: 0.3860
CentroidY: 0.8836
