Location: 2025-04-18_221028-1.png_Gaussian-Median.png
Component: component_1745011178692_290.png
centerX: 0.12131919905771496
centerY: 0.5489944373127942
width: 0.038869257950530034
height: 0.03080872913992298
Area: 0.0003880827352071177
CentroidX: 0.1396
CentroidY: 0.5631
