Location: 2025-04-18_221110-1.png_Otsu.png
Component: component_1745011178285_172.png
centerX: 0.6431095406360424
centerY: 0.19084296106118956
width: 0.024146054181389872
height: 0.021822849807445442
Area: 0.00020638945463287626
CentroidX: 0.6546
CentroidY: 0.2014
