Location: 2025-04-18_221110-1.png_Otsu.png
Component: component_1745011178467_1155.png
centerX: 0.8462897526501767
centerY: 0.7851946940522037
width: 0.02591283863368669
height: 0.026957637997432605
Area: 0.00022856561093042584
CentroidX: 0.8590
CentroidY: 0.7983
