Location: 2025-04-18_221110-1.png_Mean-Medain.png
Component: component_1745011177916_135.png
centerX: 0.9352179034157833
centerY: 0.15532734274711169
width: 0.023557126030624265
height: 0.026529738981600343
Area: 0.0002908100496292298
CentroidX: 0.9475
CentroidY: 0.1670
