Location: 2025-04-18_221110-1.png_Otsu.png
Component: component_1745011178284_152.png
centerX: 0.6537102473498233
centerY: 0.15789473684210525
width: 0.019434628975265017
height: 0.024390243902439025
Area: 0.00023738567309422397
CentroidX: 0.6641
CentroidY: 0.1690
