Location: 2025-04-18_221110-1.png_Mean-Medain.png
Component: component_1745011177930_198.png
centerX: 0.13191990577149587
centerY: 0.2537441163885323
width: 0.02944640753828033
height: 0.024390243902439025
Area: 0.00024444172282526245
CentroidX: 0.1459
CentroidY: 0.2647
