Location: 2025-04-18_221028-1.png_Gaussian-Median.png
Component: component_1745011178729_491.png
centerX: 0.3934040047114252
centerY: 0.9696191698759092
width: 0.0353356890459364
height: 0.029525032092426188
Area: 0.0003762386517300174
CentroidX: 0.4096
CentroidY: 0.9838
