Location: 2025-04-18_221110-1.png_Otsu.png
Component: component_1745011178348_309.png
centerX: 0.8521790341578327
centerY: 0.36157466837826274
width: 0.02237926972909305
height: 0.024390243902439025
Area: 0.00017539323617152855
CentroidX: 0.8617
CentroidY: 0.3726
