Location: 2025-04-18_221028-1.png_Gaussian-Median.png
Component: component_1745011178665_141.png
centerX: 0.24440518256772673
centerY: 0.2314933675652546
width: 0.03769140164899882
height: 0.030380830124090714
Area: 0.000363386561148483
CentroidX: 0.2621
CentroidY: 0.2457
