Location: 2025-04-18_221028-1.png_Gaussian-Median.png
Component: component_1745011178663_129.png
centerX: 0.6949352179034158
centerY: 0.21651690201112536
width: 0.03415783274440518
height: 0.02995293110825845
Area: 0.000391610760072637
CentroidX: 0.7117
CentroidY: 0.2305
