Location: 2025-04-18_221110-1.png_Otsu.png
Component: component_1745011178289_183.png
centerX: 0.5765606595995288
centerY: 0.1925545571245186
width: 0.02237926972909305
height: 0.02267864783910997
Area: 0.00022024955231884474
CentroidX: 0.5871
CentroidY: 0.2030
