Location: 2025-04-18_221028-1.png_Gaussian-Closing.png
Component: component_1745011178541_86.png
centerX: 0.826266195524146
centerY: 0.12494651262302096
width: 0.0353356890459364
height: 0.02738553701326487
Area: 0.0003386903870898482
CentroidX: 0.8432
CentroidY: 0.1374
