Location: 2025-04-18_221110-1.png_Mean-Medain.png
Component: component_1745011177982_395.png
centerX: 0.020023557126030624
centerY: 0.5241762943945228
width: 0.024146054181389872
height: 0.030380830124090714
Area: 0.00023864568197476657
CentroidX: 0.0323
CentroidY: 0.5375
