Location: 2025-04-18_221110-1.png_Otsu.png
Component: component_1745011178304_213.png
centerX: 0.6560659599528857
centerY: 0.2267864783910997
width: 0.022968197879858657
height: 0.02011125374411639
Area: 0.00018144127879813298
CentroidX: 0.6671
CentroidY: 0.2362
