Location: 2025-04-18_221110-1.png_Mean-Medain.png
Component: component_1745011177961_319.png
centerX: 0.09422850412249706
centerY: 0.42233632862644416
width: 0.02767962308598351
height: 0.025673940949935817
Area: 0.00023284964112427065
CentroidX: 0.1083
CentroidY: 0.4345
