Location: 2025-04-18_221028-1.png_Gaussian-Median.png
Component: component_1745011178679_230.png
centerX: 0.7078916372202592
centerY: 0.4287548138639281
width: 0.03769140164899882
height: 0.02866923406076166
Area: 0.0003832947014610559
CentroidX: 0.7262
CentroidY: 0.4420
