Location: 2025-04-18_221028-1.png_Gaussian-Closing.png
Component: component_1745011178582_301.png
centerX: 0.914605418138987
centerY: 0.5857937526743688
width: 0.0353356890459364
height: 0.029525032092426188
Area: 0.0003636385629245915
CentroidX: 0.9316
CentroidY: 0.5993
