Location: 2025-04-18_221028-1.png_Gaussian-Closing.png
Component: component_1745011178614_477.png
centerX: 0.5353356890459364
centerY: 0.9691912708600771
width: 0.028857479387514724
height: 0.029525032092426188
Area: 0.00033894238886595675
CentroidX: 0.5496
CentroidY: 0.9835
