Location: 2025-04-18_221110-1.png_Mean-Medain.png
Component: component_1745011178016_527.png
centerX: 0.49823321554770317
centerY: 0.7008985879332478
width: 0.02591283863368669
height: 0.02610183996576808
Area: 0.00021722553100554252
CentroidX: 0.5102
CentroidY: 0.7140
