Location: 2025-04-18_221110-1.png_Otsu.png
Component: component_1745011178265_79.png
centerX: 0.8103651354534747
centerY: 0.09028669234060761
width: 0.03180212014134275
height: 0.026957637997432605
Area: 0.00024242570861639432
CentroidX: 0.8266
CentroidY: 0.1027
