Location: 2025-04-18_221110-1.png_Otsu.png
Component: component_1745011178379_492.png
centerX: 0.5441696113074205
centerY: 0.49208386820710315
width: 0.02944640753828033
height: 0.028241335044929396
Area: 0.00016732917933605596
CentroidX: 0.5578
CentroidY: 0.5043
