Location: 2025-04-18_221110-1.png_Mean-Medain.png
Component: component_1745011177938_228.png
centerX: 0.582449941107185
centerY: 0.28968763371844247
width: 0.027090694935217905
height: 0.02738553701326487
Area: 0.00024721374236245615
CentroidX: 0.5956
CentroidY: 0.3033
