Location: 2025-04-18_221028-1.png_Gaussian-Median.png
Component: component_1745011178702_346.png
centerX: 0.7396937573616019
centerY: 0.6756525459991441
width: 0.03415783274440518
height: 0.02781343602909713
Area: 0.00036767059134232776
CentroidX: 0.7569
CentroidY: 0.6883
