Location: 2025-04-18_221028-1.png_Gaussian-Median.png
Component: component_1745011178654_83.png
centerX: 0.5618374558303887
centerY: 0.13307659392383397
width: 0.0353356890459364
height: 0.028241335044929396
Area: 0.00035985853628296374
CentroidX: 0.5781
CentroidY: 0.1465
