Location: 2025-04-18_221110-1.png_Mean-Medain.png
Component: component_1745011178061_697.png
centerX: 0.07302709069493522
centerY: 0.9649122807017544
width: 0.03180212014134275
height: 0.02995293110825845
Area: 0.0003737186339689322
CentroidX: 0.0877
CentroidY: 0.9784
