Location: 2025-04-18_221110-1.png_Mean-Medain.png
Component: component_1745011177940_239.png
centerX: 0.8191990577149588
centerY: 0.29311082584510056
width: 0.02767962308598351
height: 0.024818142918271287
Area: 0.00021369750614002328
CentroidX: 0.8321
CentroidY: 0.3044
