Location: 2025-04-18_221110-1.png_Otsu.png
Component: component_1745011178490_1468.png
centerX: 0.9422850412249706
centerY: 0.9088575096277278
width: 0.021790341578327443
height: 0.03080872913992298
Area: 0.0002628378524811843
CentroidX: 0.9525
CentroidY: 0.9246
