Location: 2025-04-18_221028-1.png_Gaussian-Median.png
Component: component_1745011178716_423.png
centerX: 0.5865724381625441
centerY: 0.8284124946512623
width: 0.032391048292108364
height: 0.02995293110825845
Area: 0.0003528024865519252
CentroidX: 0.6011
CentroidY: 0.8426
