Location: 2025-04-18_221028-1.png_Gaussian-Median.png
Component: component_1745011178684_255.png
centerX: 0.6654888103651354
centerY: 0.4830979888746256
width: 0.0353356890459364
height: 0.02995293110825845
Area: 0.0003664105824617852
CentroidX: 0.6826
CentroidY: 0.4966
