Location: 2025-04-18_221028-1.png_Gaussian-Closing.png
Component: component_1745011178562_195.png
centerX: 0.16136631330977622
centerY: 0.33076593923833975
width: 0.039458186101295645
height: 0.02995293110825845
Area: 0.00041907895366846546
CentroidX: 0.1800
CentroidY: 0.3440
