Location: 2025-04-18_221028-1.png_Gaussian-Closing.png
Component: component_1745011178544_103.png
centerX: 0.12249705535924617
centerY: 0.15019255455712452
width: 0.04004711425206125
height: 0.02267864783910997
Area: 0.00034473842971645267
CentroidX: 0.1410
CentroidY: 0.1609
