Location: 2025-04-18_221028-1.png_Gaussian-Closing.png
Component: component_1745011178538_70.png
centerX: 0.6301531213191991
centerY: 0.09071459135643987
width: 0.037102473498233215
height: 0.026529738981600343
Area: 0.00037145061798395557
CentroidX: 0.6471
CentroidY: 0.1033
