Location: 2025-04-18_221110-1.png_Otsu.png
Component: component_1745011178487_1374.png
centerX: 0.411660777385159
centerY: 0.8712023962344887
width: 0.028857479387514724
height: 0.026957637997432605
Area: 0.00020512944575233367
CentroidX: 0.4260
CentroidY: 0.8833
