Location: 2025-04-18_221110-1.png_Mean-Medain.png
Component: component_1745011177969_349.png
centerX: 0.3845700824499411
centerY: 0.4587077449721866
width: 0.021790341578327443
height: 0.029525032092426188
Area: 0.00026082183827231615
CentroidX: 0.3950
CentroidY: 0.4727
