Location: 2025-04-18_221028-1.png_Gaussian-Closing.png
Component: component_1745011178613_471.png
centerX: 0.803886925795053
centerY: 0.9597774925117672
width: 0.034746760895170786
height: 0.03080872913992298
Area: 0.0003767426552822344
CentroidX: 0.8212
CentroidY: 0.9741
