Location: 2025-04-18_221110-1.png_Otsu.png
Component: component_1745011178396_506.png
centerX: 0.8604240282685512
centerY: 0.49550706033376124
width: 0.026501766784452298
height: 0.02610183996576808
Area: 0.00015901312072447485
CentroidX: 0.8728
CentroidY: 0.5069
