Location: 2025-04-18_221110-1.png_Mean-Medain.png
Component: component_1745011177905_84.png
centerX: 0.7785630153121319
centerY: 0.09028669234060761
width: 0.032391048292108364
height: 0.028241335044929396
Area: 0.00030870217573293455
CentroidX: 0.7950
CentroidY: 0.1035
