Location: 2025-04-18_221028-1.png_Gaussian-Closing.png
Component: component_1745011178561_192.png
centerX: 0.24499411071849234
centerY: 0.32691484809584936
width: 0.03356890459363958
height: 0.030380830124090714
Area: 0.0003613705469396148
CentroidX: 0.2613
CentroidY: 0.3410
