Location: 2025-04-18_221028-1.png_Gaussian-Median.png
Component: component_1745011178644_28.png
centerX: 0.9004711425206124
centerY: 0.045785194694052206
width: 0.03121319199057715
height: 0.02781343602909713
Area: 0.0003623785540440489
CentroidX: 0.9146
CentroidY: 0.0590
