Location: 2025-04-18_221110-1.png_Otsu.png
Component: component_1745011178240_39.png
centerX: 0.5153121319199058
centerY: 0.019683354728284124
width: 0.024734982332155476
height: 0.02781343602909713
Area: 0.00026359385780950985
CentroidX: 0.5279
CentroidY: 0.0328
