Location: 2025-04-18_221028-1.png_Gaussian-Median.png
Component: component_1745011178647_44.png
centerX: 0.18433451118963487
centerY: 0.057766367137355584
width: 0.03356890459363958
height: 0.029097133076593923
Area: 0.00037397063574504076
CentroidX: 0.2012
CentroidY: 0.0706
