Location: 2025-04-18_221028-1.png_Gaussian-Closing.png
Component: component_1745011178600_401.png
centerX: 0.07891637220259129
centerY: 0.7911852802738554
width: 0.030035335689045935
height: 0.025673940949935817
Area: 0.00032508229117998825
CentroidX: 0.0922
CentroidY: 0.8036
