Location: 2025-04-18_221110-1.png_Mean-Medain.png
Component: component_1745011177897_54.png
centerX: 0.6719670200235571
centerY: 0.04321780059905862
width: 0.030035335689045935
height: 0.024818142918271287
Area: 0.0002923220602858809
CentroidX: 0.6877
CentroidY: 0.0544
