Location: 2025-04-18_221110-1.png_Mean-Medain.png
Component: component_1745011178025_592.png
centerX: 0.7661955241460542
centerY: 0.7864783910997005
width: 0.02944640753828033
height: 0.02610183996576808
Area: 0.0002882900318681446
CentroidX: 0.7809
CentroidY: 0.7983
