Location: 2025-04-18_221028-1.png_Gaussian-Median.png
Component: component_1745011178691_289.png
centerX: 0.2137809187279152
centerY: 0.5472828412494651
width: 0.0353356890459364
height: 0.03080872913992298
Area: 0.0003623785540440489
CentroidX: 0.2307
CentroidY: 0.5618
