Location: 2025-04-18_221110-1.png_Mean-Medain.png
Component: component_1745011177929_197.png
centerX: 0.0983510011778563
centerY: 0.2537441163885323
width: 0.024146054181389872
height: 0.024818142918271287
Area: 0.0002252895878410151
CentroidX: 0.1098
CentroidY: 0.2647
