Location: 2025-04-18_221028-1.png_Gaussian-Median.png
Component: component_1745011178688_272.png
centerX: 0.8733804475853946
centerY: 0.5297389816003423
width: 0.035924617196702
height: 0.030380830124090714
Area: 0.00038707472810268367
CentroidX: 0.8903
CentroidY: 0.5438
