Location: 2025-04-18_221110-1.png_Otsu.png
Component: component_1745011178441_794.png
centerX: 0.059481743227326266
centerY: 0.6332905434317501
width: 0.025323910482921083
height: 0.02610183996576808
Area: 0.00015976912605280042
CentroidX: 0.0714
CentroidY: 0.6445
