Location: 2025-04-18_221110-1.png_Otsu.png
Component: component_1745011178420_760.png
centerX: 0.850412249705536
centerY: 0.6264441591784339
width: 0.024146054181389872
height: 0.02995293110825845
Area: 0.00017010119887324966
CentroidX: 0.8617
CentroidY: 0.6399
