Location: 2025-04-18_221028-1.png_Gaussian-Median.png
Component: component_1745011178688_273.png
centerX: 0.8404004711425206
centerY: 0.5323063756953359
width: 0.03180212014134275
height: 0.02738553701326487
Area: 0.0003832947014610559
CentroidX: 0.8551
CentroidY: 0.5450
