Location: 2025-04-18_221110-1.png_Mean-Medain.png
Component: component_1745011177986_413.png
centerX: 0.43109540636042404
centerY: 0.527599486521181
width: 0.028857479387514724
height: 0.02610183996576808
Area: 0.0002394016873030921
CentroidX: 0.4440
CentroidY: 0.5407
