Location: 2025-04-18_221028-1.png_Gaussian-Median.png
Component: component_1745011178649_65.png
centerX: 0.36808009422850413
centerY: 0.09884467265725289
width: 0.03180212014134275
height: 0.02866923406076166
Area: 0.00035431449720857634
CentroidX: 0.3837
CentroidY: 0.1116
