Location: 2025-04-18_221110-1.png_Mean-Medain.png
Component: component_1745011177982_396.png
centerX: 0.18845700824499412
centerY: 0.5241762943945228
width: 0.02767962308598351
height: 0.02738553701326487
Area: 0.00023562166066146435
CentroidX: 0.2023
CentroidY: 0.5370
