Location: 2025-04-18_221110-1.png_Otsu.png
Component: component_1745011178337_275.png
centerX: 0.450530035335689
centerY: 0.32349165596919127
width: 0.02591283863368669
height: 0.0235344458707745
Area: 0.00019051334273803962
CentroidX: 0.4623
CentroidY: 0.3343
