Location: 2025-04-18_221110-1.png_Mean-Medain.png
Component: component_1745011177955_302.png
centerX: 0.37868080094228507
centerY: 0.3902439024390244
width: 0.02767962308598351
height: 0.025673940949935817
Area: 0.00021722553100554252
CentroidX: 0.3917
CentroidY: 0.4020
