Location: 2025-04-18_221110-1.png_Mean-Medain.png
Component: component_1745011177923_168.png
centerX: 0.8633686690223793
centerY: 0.19554985023534446
width: 0.024734982332155476
height: 0.021822849807445442
Area: 0.00022478558428879806
CentroidX: 0.8758
CentroidY: 0.2052
