Location: 2025-04-18_221110-1.png_Otsu.png
Component: component_1745011178376_444.png
centerX: 0.7438162544169611
centerY: 0.4629867351305092
width: 0.028857479387514724
height: 0.024390243902439025
Area: 0.0001635491526944282
CentroidX: 0.7568
CentroidY: 0.4737
