Location: 2025-04-18_221110-1.png_Otsu.png
Component: component_1745011178284_167.png
centerX: 0.35571260306242636
centerY: 0.1878476679503637
width: 0.028268551236749116
height: 0.02396234488660676
Area: 0.00022402957896047252
CentroidX: 0.3684
CentroidY: 0.1992
