Location: 2025-04-18_221028-1.png_Gaussian-Closing.png
Component: component_1745011178540_80.png
centerX: 0.15901060070671377
centerY: 0.10569105691056911
width: 0.037102473498233215
height: 0.02781343602909713
Area: 0.000363386561148483
CentroidX: 0.1768
CentroidY: 0.1183
