Location: 2025-04-18_221110-1.png_Otsu.png
Component: component_1745011178486_1369.png
centerX: 0.633097762073027
centerY: 0.8707744972186564
width: 0.030624263839811542
height: 0.02995293110825845
Area: 0.0002464577370341306
CentroidX: 0.6486
CentroidY: 0.8851
