Location: 2025-04-18_221028-1.png_Gaussian-Median.png
Component: component_1745011178674_199.png
centerX: 0.9522968197879859
centerY: 0.3795464270432178
width: 0.030035335689045935
height: 0.02995293110825845
Area: 0.0003830426996849474
CentroidX: 0.9656
CentroidY: 0.3938
