Location: 2025-04-18_221028-1.png_Gaussian-Closing.png
Component: component_1745011178546_112.png
centerX: 0.7190812720848057
centerY: 0.17329910141206675
width: 0.034746760895170786
height: 0.029525032092426188
Area: 0.0003827906979088389
CentroidX: 0.7352
CentroidY: 0.1870
