Location: 2025-04-18_221028-1.png_Gaussian-Median.png
Component: component_1745011178656_94.png
centerX: 0.16489988221436985
centerY: 0.1467693624304664
width: 0.03415783274440518
height: 0.025673940949935817
Area: 0.0003311303338065927
CentroidX: 0.1825
CentroidY: 0.1582
