Location: 2025-04-18_221110-1.png_Mean-Medain.png
Component: component_1745011177940_238.png
centerX: 0.7797408716136631
centerY: 0.2926829268292683
width: 0.02944640753828033
height: 0.023106546854942234
Area: 0.00022680159849766622
CentroidX: 0.7942
CentroidY: 0.3031
