Location: 2025-04-18_221110-1.png_Otsu.png
Component: component_1745011178377_488.png
centerX: 0.19081272084805653
centerY: 0.49122807017543857
width: 0.02591283863368669
height: 0.026529738981600343
Area: 0.0001567451047394982
CentroidX: 0.2041
CentroidY: 0.5026
