Location: 2025-04-18_221110-1.png_Otsu.png
Component: component_1745011178401_570.png
centerX: 0.31861012956419316
centerY: 0.5254599914420197
width: 0.024734982332155476
height: 0.026529738981600343
Area: 0.00017312522018655187
CentroidX: 0.3303
CentroidY: 0.5376
