Location: 2025-04-18_221028-1.png_Gaussian-Median.png
Component: component_1745011178689_275.png
centerX: 0.8003533568904594
centerY: 0.5348737697903295
width: 0.034746760895170786
height: 0.02995293110825845
Area: 0.0003900987494159859
CentroidX: 0.8172
CentroidY: 0.5491
