Location: 2025-04-18_221110-1.png_Mean-Medain.png
Component: component_1745011177967_340.png
centerX: 0.7296819787985865
centerY: 0.4283269148480959
width: 0.02767962308598351
height: 0.02610183996576808
Area: 0.0002547737956457117
CentroidX: 0.7427
CentroidY: 0.4409
