Location: 2025-04-18_221028-1.png_Gaussian-Closing.png
Component: component_1745011178556_162.png
centerX: 0.48527679623085984
centerY: 0.27000427899015833
width: 0.03356890459363958
height: 0.02781343602909713
Area: 0.00036716658779011073
CentroidX: 0.5015
CentroidY: 0.2829
