Location: 2025-04-18_221028-1.png_Gaussian-Closing.png
Component: component_1745011178528_32.png
centerX: 0.7962308598351001
centerY: 0.010269576379974325
width: 0.035924617196702
height: 0.03380402225074882
Area: 0.0004276470140561551
CentroidX: 0.8137
CentroidY: 0.0251
