Location: 2025-04-18_221110-1.png_Mean-Medain.png
Component: component_1745011177977_374.png
centerX: 0.502944640753828
centerY: 0.4925117672229354
width: 0.02944640753828033
height: 0.025246041934103552
Area: 0.00022453358251268955
CentroidX: 0.5171
CentroidY: 0.5045
