Location: 2025-04-18_221028-1.png_Gaussian-Median.png
Component: component_1745011178666_153.png
centerX: 0.7632508833922261
centerY: 0.2588789045785195
width: 0.03356890459363958
height: 0.028241335044929396
Area: 0.00036590657890956817
CentroidX: 0.7795
CentroidY: 0.2721
