Location: 2025-04-18_221110-1.png_Otsu.png
Component: component_1745011178327_248.png
centerX: 0.582449941107185
centerY: 0.28968763371844247
width: 0.026501766784452298
height: 0.026957637997432605
Area: 0.00021596552212499993
CentroidX: 0.5956
CentroidY: 0.3034
