Location: 2025-04-18_221110-1.png_Otsu.png
Component: component_1745011178311_219.png
centerX: 0.0989399293286219
centerY: 0.2537441163885323
width: 0.023557126030624265
height: 0.024390243902439025
Area: 0.00019908140312572924
CentroidX: 0.1098
CentroidY: 0.2646
