Location: 2025-04-18_221110-1.png_Otsu.png
Component: component_1745011178324_236.png
centerX: 0.7779740871613663
centerY: 0.25802310654685495
width: 0.023557126030624265
height: 0.024390243902439025
Area: 0.00020059341378238034
CentroidX: 0.7891
CentroidY: 0.2690
