Location: 2025-04-18_221028-1.png_Gaussian-Closing.png
Component: component_1745011178597_386.png
centerX: 0.7408716136631331
centerY: 0.7766367137355584
width: 0.03651354534746761
height: 0.02995293110825845
Area: 0.00035733851852187855
CentroidX: 0.7578
CentroidY: 0.7904
