Location: 2025-04-18_221110-1.png_Mean-Medain.png
Component: component_1745011177910_98.png
centerX: 0.4163722025912839
centerY: 0.10312366281557553
width: 0.02591283863368669
height: 0.028241335044929396
Area: 0.0002703979057644398
CentroidX: 0.4295
CentroidY: 0.1164
