Location: 2025-04-18_221110-1.png_Otsu.png
Component: component_1745011178500_1567.png
centerX: 0.31802120141342755
centerY: 0.9644843816859221
width: 0.028268551236749116
height: 0.029525032092426188
Area: 0.00019857739957351218
CentroidX: 0.3320
CentroidY: 0.9784
