Location: 2025-04-18_221110-1.png_Otsu.png
Component: component_1745011178441_790.png
centerX: 0.38044758539458184
centerY: 0.6324347454000856
width: 0.02591283863368669
height: 0.024818142918271287
Area: 0.0001499410567845682
CentroidX: 0.3927
CentroidY: 0.6435
