Location: 2025-04-18_221110-1.png_Mean-Medain.png
Component: component_1745011177906_87.png
centerX: 0.7420494699646644
centerY: 0.09157038938810441
width: 0.0353356890459364
height: 0.02781343602909713
Area: 0.00033843838531373967
CentroidX: 0.7610
CentroidY: 0.1041
