Location: 2025-04-18_221110-1.png_Mean-Medain.png
Component: component_1745011177912_110.png
centerX: 0.09128386336866902
centerY: 0.11339323919554985
width: 0.028857479387514724
height: 0.032520325203252036
Area: 0.0003467544439253208
CentroidX: 0.1063
CentroidY: 0.1291
