Location: 2025-04-18_221110-1.png_Otsu.png
Component: component_1745011178360_339.png
centerX: 0.8610129564193169
centerY: 0.39580658964484383
width: 0.02591283863368669
height: 0.023106546854942234
Area: 0.00018421329833532668
CentroidX: 0.8735
CentroidY: 0.4070
