Location: 2025-04-18_221028-1.png_Gaussian-Closing.png
Component: component_1745011178555_156.png
centerX: 0.7214369846878681
centerY: 0.2601626016260163
width: 0.0353356890459364
height: 0.031664527171587506
Area: 0.00039236676540096256
CentroidX: 0.7392
CentroidY: 0.2748
