Location: 2025-04-18_221110-1.png_Otsu.png
Component: component_1745011178273_90.png
centerX: 0.444640753828033
centerY: 0.10055626872058195
width: 0.028857479387514724
height: 0.02866923406076166
Area: 0.00023486565533313878
CentroidX: 0.4597
CentroidY: 0.1132
