Location: 2025-04-18_221110-1.png_Otsu.png
Component: component_1745011178464_1090.png
centerX: 0.20965842167255594
centerY: 0.7441163885323063
width: 0.026501766784452298
height: 0.026529738981600343
Area: 0.00022327357363214695
CentroidX: 0.2222
CentroidY: 0.7566
