Location: 2025-04-18_221110-1.png_Mean-Medain.png
Component: component_1745011178020_542.png
centerX: 0.8875147232037691
centerY: 0.7325631151048353
width: 0.032391048292108364
height: 0.02866923406076166
Area: 0.00031449821658343047
CentroidX: 0.9038
CentroidY: 0.7458
