Location: 2025-04-18_221110-1.png_Mean-Medain.png
Component: component_1745011178013_512.png
centerX: 0.10541813898704358
centerY: 0.668806161745828
width: 0.025323910482921083
height: 0.026529738981600343
Area: 0.000237889676646441
CentroidX: 0.1180
CentroidY: 0.6809
