Location: 2025-04-18_221110-1.png_Otsu.png
Component: component_1745011178483_1365.png
centerX: 0.8833922261484098
centerY: 0.8694908001711597
width: 0.01884570082449941
height: 0.028241335044929396
Area: 0.00013885297863579343
CentroidX: 0.8917
CentroidY: 0.8869
