Location: 2025-04-18_221028-1.png_Gaussian-Closing.png
Component: component_1745011178601_406.png
centerX: 0.7608951707891637
centerY: 0.8211382113821138
width: 0.034746760895170786
height: 0.032520325203252036
Area: 0.0003767426552822344
CentroidX: 0.7778
CentroidY: 0.8362
