Location: 2025-04-18_221028-1.png_Gaussian-Closing.png
Component: component_1745011178590_346.png
centerX: 0.5217903415783275
centerY: 0.6816431322207959
width: 0.03356890459363958
height: 0.03123662815575524
Area: 0.0003875787316549007
CentroidX: 0.5383
CentroidY: 0.6967
