Location: 2025-04-18_221028-1.png_Gaussian-Closing.png
Component: component_1745011178565_219.png
centerX: 0.11955241460541814
centerY: 0.3851091142490372
width: 0.0353356890459364
height: 0.02781343602909713
Area: 0.0003691826019989789
CentroidX: 0.1364
CentroidY: 0.3984
