Location: 2025-04-18_221028-1.png_Gaussian-Closing.png
Component: component_1745011178587_331.png
centerX: 0.2750294464075383
centerY: 0.6418485237483954
width: 0.03651354534746761
height: 0.029525032092426188
Area: 0.0004087468808480162
CentroidX: 0.2931
CentroidY: 0.6554
