Location: 2025-04-18_221028-1.png_Gaussian-Closing.png
Component: component_1745011178589_343.png
centerX: 0.6484098939929329
centerY: 0.6786478391099701
width: 0.03297997644287397
height: 0.03080872913992298
Area: 0.00038657072455046664
CentroidX: 0.6647
CentroidY: 0.6931
