Location: 2025-04-18_221110-1.png_Otsu.png
Component: component_1745011178305_214.png
centerX: 0.8722025912838633
centerY: 0.22849807445442877
width: 0.025323910482921083
height: 0.020967051775780916
Area: 0.00018522130543976073
CentroidX: 0.8841
CentroidY: 0.2380
