Location: 2025-04-18_221110-1.png_Otsu.png
Component: component_1745011178472_1224.png
centerX: 0.7932862190812721
centerY: 0.8254172015404364
width: 0.028857479387514724
height: 0.02866923406076166
Area: 0.0001539730852023045
CentroidX: 0.8082
CentroidY: 0.8392
