Location: 2025-04-18_221110-1.png_Mean-Medain.png
Component: component_1745011178037_643.png
centerX: 0.833922261484099
centerY: 0.8699186991869918
width: 0.02944640753828033
height: 0.02781343602909713
Area: 0.00033617036932876305
CentroidX: 0.8494
CentroidY: 0.8831
