Location: 2025-04-18_221110-1.png_Mean-Medain.png
Component: component_1745011178055_691.png
centerX: 0.5706713780918727
centerY: 0.9623448866067608
width: 0.03180212014134275
height: 0.03123662815575524
Area: 0.0003477624510297549
CentroidX: 0.5868
CentroidY: 0.9765
