Location: 2025-04-18_221110-1.png_Otsu.png
Component: component_1745011178446_854.png
centerX: 0.4723203769140165
centerY: 0.6662387676508345
width: 0.024146054181389872
height: 0.026957637997432605
Area: 0.0001693451935449241
CentroidX: 0.4823
CentroidY: 0.6784
