Location: 2025-04-18_221110-1.png_Mean-Medain.png
Component: component_1745011177952_288.png
centerX: 0.7797408716136631
centerY: 0.36157466837826274
width: 0.02767962308598351
height: 0.02738553701326487
Area: 0.00022503758606490657
CentroidX: 0.7921
CentroidY: 0.3745
