Location: 2025-04-18_221028-1.png_Gaussian-Median.png
Component: component_1745011178728_486.png
centerX: 0.6166077738515902
centerY: 0.9661959777492511
width: 0.03651354534746761
height: 0.029097133076593923
Area: 0.0003538104936563593
CentroidX: 0.6338
CentroidY: 0.9795
