Location: 2025-04-18_221110-1.png_Otsu.png
Component: component_1745011178327_249.png
centerX: 0.024734982332155476
centerY: 0.290543431750107
width: 0.028857479387514724
height: 0.024818142918271287
Area: 0.00021596552212499993
CentroidX: 0.0392
CentroidY: 0.3018
