Location: 2025-04-18_221028-1.png_Gaussian-Median.png
Component: component_1745011178723_462.png
centerX: 0.7797408716136631
centerY: 0.9234060761660248
width: 0.03180212014134275
height: 0.030380830124090714
Area: 0.000328862317821616
CentroidX: 0.7941
CentroidY: 0.9384
