Location: 2025-04-18_221028-1.png_Gaussian-Median.png
Component: component_1745011178723_459.png
centerX: 0.6984687868080094
centerY: 0.9208386820710313
width: 0.030624263839811542
height: 0.030380830124090714
Area: 0.0003480144528058634
CentroidX: 0.7122
CentroidY: 0.9353
