Location: 2025-04-18_221110-1.png_Otsu.png
Component: component_1745011178448_865.png
centerX: 0.22909305064782096
centerY: 0.6692340607616603
width: 0.030035335689045935
height: 0.025246041934103552
Area: 0.00014490102126239786
CentroidX: 0.2429
CentroidY: 0.6812
