Location: 2025-04-18_221028-1.png_Gaussian-Median.png
Component: component_1745011178645_34.png
centerX: 0.5783274440518257
centerY: 0.04920838682071031
width: 0.035924617196702
height: 0.026529738981600343
Area: 0.00035708651674577004
CentroidX: 0.5951
CentroidY: 0.0622
