Location: 2025-04-18_221110-1.png_Mean-Medain.png
Component: component_1745011177932_205.png
centerX: 0.31743227326266193
centerY: 0.2563115104835259
width: 0.024146054181389872
height: 0.02267864783910997
Area: 0.00021092548660282958
CentroidX: 0.3285
CentroidY: 0.2664
