Location: 2025-04-18_221028-1.png_Gaussian-Closing.png
Component: component_1745011178578_281.png
centerX: 0.38103651354534745
centerY: 0.5430038510911425
width: 0.03415783274440518
height: 0.032520325203252036
Area: 0.0003752306446255833
CentroidX: 0.3966
CentroidY: 0.5589
