Location: 2025-04-18_221110-1.png_Mean-Medain.png
Component: component_1745011177960_316.png
centerX: 0.8963486454652533
centerY: 0.39666238767650835
width: 0.026501766784452298
height: 0.024390243902439025
Area: 0.00022428158073658103
CentroidX: 0.9090
CentroidY: 0.4083
