Location: 2025-04-18_221110-1.png_Otsu.png
Component: component_1745011178456_945.png
centerX: 0.15606595995288575
centerY: 0.7064612751390672
width: 0.01707891637220259
height: 0.017115960633290545
Area: 8.82006216379813e-05
CentroidX: 0.1659
CentroidY: 0.7118
