Location: 2025-04-18_221110-1.png_Mean-Medain.png
Component: component_1745011177977_372.png
centerX: 0.5435806831566549
centerY: 0.49165596919127086
width: 0.030624263839811542
height: 0.02866923406076166
Area: 0.00024696174058634764
CentroidX: 0.5586
CentroidY: 0.5054
