Location: 2025-04-18_221028-1.png_Gaussian-Closing.png
Component: component_1745011178599_400.png
centerX: 0.13015312131919907
centerY: 0.789045785194694
width: 0.037102473498233215
height: 0.026957637997432605
Area: 0.0003555745060891189
CentroidX: 0.1480
CentroidY: 0.8012
