Location: 2025-04-18_221110-1.png_Mean-Medain.png
Component: component_1745011177969_347.png
centerX: 0.0636042402826855
centerY: 0.4587077449721866
width: 0.025323910482921083
height: 0.023106546854942234
Area: 0.0002366296677658984
CentroidX: 0.0759
CentroidY: 0.4692
