Location: 2025-04-18_221028-1.png_Gaussian-Median.png
Component: component_1745011178647_48.png
centerX: 0.038869257950530034
centerY: 0.0658964484381686
width: 0.035924617196702
height: 0.02866923406076166
Area: 0.00039110675652041994
CentroidX: 0.0562
CentroidY: 0.0785
