Location: 2025-04-18_221110-1.png_Mean-Medain.png
Component: component_1745011177948_277.png
centerX: 0.3651354534746761
centerY: 0.35643988018827555
width: 0.030035335689045935
height: 0.026529738981600343
Area: 0.00023562166066146435
CentroidX: 0.3797
CentroidY: 0.3694
