Location: 2025-04-18_221028-1.png_Gaussian-Closing.png
Component: component_1745011178593_363.png
centerX: 0.7809187279151943
centerY: 0.72400513478819
width: 0.03769140164899882
height: 0.026957637997432605
Area: 0.0003480144528058634
CentroidX: 0.7988
CentroidY: 0.7364
