Location: 2025-04-18_221028-1.png_Gaussian-Median.png
Component: component_1745011178654_84.png
centerX: 0.4758539458186101
centerY: 0.13478818998716302
width: 0.03651354534746761
height: 0.03080872913992298
Area: 0.00037749866061056
CentroidX: 0.4921
CentroidY: 0.1499
