Location: 2025-04-18_221028-1.png_Gaussian-Closing.png
Component: component_1745011178546_114.png
centerX: 0.6248527679623086
centerY: 0.17715019255455713
width: 0.03651354534746761
height: 0.028241335044929396
Area: 0.00036489857180513406
CentroidX: 0.6421
CentroidY: 0.1913
