Location: 2025-04-18_221110-1.png_Mean-Medain.png
Component: component_1745011177897_51.png
centerX: 0.037102473498233215
centerY: 0.022250748823277707
width: 0.030624263839811542
height: 0.03936670945656825
Area: 0.00041101489683299287
CentroidX: 0.0521
CentroidY: 0.0406
