Location: 2025-04-18_221110-1.png_Mean-Medain.png
Component: component_1745011177995_450.png
centerX: 0.28091872791519434
centerY: 0.5934959349593496
width: 0.025323910482921083
height: 0.026529738981600343
Area: 0.0002071454599612018
CentroidX: 0.2930
CentroidY: 0.6058
