Location: 2025-04-18_221110-1.png_Mean-Medain.png
Component: component_1745011177892_26.png
centerX: 0.7756183745583038
centerY: 0.012836970474967908
width: 0.02767962308598351
height: 0.025673940949935817
Area: 0.00027921796792823795
CentroidX: 0.7890
CentroidY: 0.0248
