Location: 2025-04-18_221110-1.png_Otsu.png
Component: component_1745011178335_271.png
centerX: 0.10541813898704358
centerY: 0.32263585793752675
width: 0.028857479387514724
height: 0.0235344458707745
Area: 0.00019177335161858221
CentroidX: 0.1181
CentroidY: 0.3339
