Location: 2025-04-18_221110-1.png_Mean-Medain.png
Component: component_1745011177946_265.png
centerX: 0.7520612485276796
centerY: 0.3290543431750107
width: 0.026501766784452298
height: 0.024818142918271287
Area: 0.0002338576482287047
CentroidX: 0.7638
CentroidY: 0.3409
