Location: 2025-04-18_221028-1.png_Gaussian-Median.png
Component: component_1745011178674_202.png
centerX: 0.8645465253239105
centerY: 0.3816859221223791
width: 0.030035335689045935
height: 0.02781343602909713
Area: 0.0003585985274024211
CentroidX: 0.8786
CentroidY: 0.3951
