Location: 2025-04-18_221028-1.png_Gaussian-Median.png
Component: component_1745011178677_217.png
centerX: 0.6943462897526502
centerY: 0.384681215233205
width: 0.03356890459363958
height: 0.029097133076593923
Area: 0.0003749786428494748
CentroidX: 0.7108
CentroidY: 0.3973
