Location: 2025-04-18_221110-1.png_Mean-Medain.png
Component: component_1745011178039_653.png
centerX: 0.11071849234393404
centerY: 0.8746255883611468
width: 0.02944640753828033
height: 0.028241335044929396
Area: 0.0002867780212114935
CentroidX: 0.1258
CentroidY: 0.8874
