Location: 2025-04-18_221028-1.png_Gaussian-Median.png
Component: component_1745011178666_146.png
centerX: 0.08068315665488811
centerY: 0.23577235772357724
width: 0.03180212014134275
height: 0.028241335044929396
Area: 0.00032281427519501157
CentroidX: 0.0954
CentroidY: 0.2487
