Location: 2025-04-18_221110-1.png_Mean-Medain.png
Component: component_1745011177954_297.png
centerX: 0.13780918727915195
centerY: 0.3898160034231921
width: 0.025323910482921083
height: 0.025246041934103552
Area: 0.00022024955231884474
CentroidX: 0.1502
CentroidY: 0.4015
