Location: 2025-04-18_221110-1.png_Otsu.png
Component: component_1745011178487_1377.png
centerX: 0.15959952885747938
centerY: 0.8720581942661532
width: 0.024146054181389872
height: 0.026957637997432605
Area: 0.00013885297863579343
CentroidX: 0.1701
CentroidY: 0.8838
