Location: 2025-04-18_221110-1.png_Mean-Medain.png
Component: component_1745011178020_540.png
centerX: 0.016489988221436984
centerY: 0.711168164313222
width: 0.028857479387514724
height: 0.024818142918271287
Area: 0.00022932161625875138
CentroidX: 0.0315
CentroidY: 0.7230
