Location: 2025-04-18_221110-1.png_Mean-Medain.png
Component: component_1745011177976_371.png
centerX: 0.2332155477031802
centerY: 0.49165596919127086
width: 0.024734982332155476
height: 0.0235344458707745
Area: 0.00020462544220011664
CentroidX: 0.2453
CentroidY: 0.5025
