Location: 2025-04-18_221028-1.png_Gaussian-Median.png
Component: component_1745011178721_450.png
centerX: 0.26855123674911663
centerY: 0.8887462558836114
width: 0.030624263839811542
height: 0.03123662815575524
Area: 0.00033491036044822043
CentroidX: 0.2830
CentroidY: 0.9037
