Location: 2025-04-18_221028-1.png_Gaussian-Closing.png
Component: component_1745011178555_154.png
centerX: 0.8062426383981154
centerY: 0.2554557124518614
width: 0.03828032979976443
height: 0.029097133076593923
Area: 0.0003512904758952741
CentroidX: 0.8248
CentroidY: 0.2690
