Location: 2025-04-18_221028-1.png_Gaussian-Closing.png
Component: component_1745011178563_206.png
centerX: 0.7785630153121319
centerY: 0.38296961916987593
width: 0.03297997644287397
height: 0.029097133076593923
Area: 0.00037825466593888554
CentroidX: 0.7940
CentroidY: 0.3964
