Location: 2025-04-18_221110-1.png_Mean-Medain.png
Component: component_1745011177970_351.png
centerX: 0.5347467608951708
centerY: 0.4591356439880188
width: 0.028268551236749116
height: 0.02738553701326487
Area: 0.0002535137867651691
CentroidX: 0.5485
CentroidY: 0.4726
