Location: 2025-04-18_221110-1.png_Otsu.png
Component: component_1745011178488_1388.png
centerX: 0.582449941107185
centerY: 0.8741976893453145
width: 0.03356890459363958
height: 0.028241335044929396
Area: 0.00025855382228733947
CentroidX: 0.5983
CentroidY: 0.8874
