Location: 2025-04-18_221110-1.png_Otsu.png
Component: component_1745011178498_1551.png
centerX: 0.47290930506478207
centerY: 0.961061189559264
width: 0.02120141342756184
height: 0.03080872913992298
Area: 0.00016329715091831966
CentroidX: 0.4857
CentroidY: 0.9732
