Location: 2025-04-18_221028-1.png_Gaussian-Closing.png
Component: component_1745011178547_118.png
centerX: 0.4923439340400471
centerY: 0.18014548566538297
width: 0.03415783274440518
height: 0.025673940949935817
Area: 0.0003427224155075845
CentroidX: 0.5088
CentroidY: 0.1924
