Location: 2025-04-18_221110-1.png_Mean-Medain.png
Component: component_1745011177901_70.png
centerX: 0.3551236749116608
centerY: 0.05947796320068464
width: 0.030624263839811542
height: 0.02781343602909713
Area: 0.00029559808337529164
CentroidX: 0.3699
CentroidY: 0.0727
