Location: 2025-04-18_221110-1.png_Mean-Medain.png
Component: component_1745011178013_516.png
centerX: 0.014723203769140165
centerY: 0.6700898587933247
width: 0.030624263839811542
height: 0.02866923406076166
Area: 0.000259309827615665
CentroidX: 0.0305
CentroidY: 0.6832
