Location: 2025-04-18_221110-1.png_Mean-Medain.png
Component: component_1745011177915_131.png
centerX: 0.18197879858657243
centerY: 0.15532734274711169
width: 0.027090694935217905
height: 0.02866923406076166
Area: 0.00026787788800335463
CentroidX: 0.1955
CentroidY: 0.1684
