Location: 2025-04-18_221110-1.png_Otsu.png
Component: component_1745011178279_131.png
centerX: 0.7985865724381626
centerY: 0.1527599486521181
width: 0.021790341578327443
height: 0.02610183996576808
Area: 0.0002409136979597432
CentroidX: 0.8090
CentroidY: 0.1648
