Location: 2025-04-18_221110-1.png_Otsu.png
Component: component_1745011178369_423.png
centerX: 0.18197879858657243
centerY: 0.45699614890885754
width: 0.02767962308598351
height: 0.02396234488660676
Area: 0.00016808518466438152
CentroidX: 0.1945
CentroidY: 0.4672
