Location: 2025-04-18_221028-1.png_Gaussian-Median.png
Component: component_1745011178672_184.png
centerX: 0.40223792697290933
centerY: 0.31664527171587503
width: 0.03651354534746761
height: 0.02781343602909713
Area: 0.0003505344705669486
CentroidX: 0.4195
CentroidY: 0.3299
