Location: 2025-04-18_221110-1.png_Mean-Medain.png
Component: component_1745011177962_322.png
centerX: 0.5053003533568905
centerY: 0.4231921266581087
width: 0.02591283863368669
height: 0.02738553701326487
Area: 0.00023335364467648768
CentroidX: 0.5177
CentroidY: 0.4367
