Location: 2025-04-18_221110-1.png_Otsu.png
Component: component_1745011178235_31.png
centerX: 0.33156654888103654
centerY: 0.018827556696619598
width: 0.03121319199057715
height: 0.026957637997432605
Area: 0.0002978660993602683
CentroidX: 0.3477
CentroidY: 0.0324
