Location: 2025-04-18_221110-1.png_Otsu.png
Component: component_1745011178373_433.png
centerX: 0.30624263839811544
centerY: 0.46041934103551563
width: 0.027090694935217905
height: 0.024818142918271287
Area: 0.00017690524682817965
CentroidX: 0.3196
CentroidY: 0.4710
