Location: 2025-04-18_221110-1.png_Mean-Medain.png
Component: component_1745011177894_37.png
centerX: 0.40636042402826855
centerY: 0.018399657680787333
width: 0.03180212014134275
height: 0.029097133076593923
Area: 0.000321554266314469
CentroidX: 0.4220
CentroidY: 0.0326
