Location: 2025-04-18_221110-1.png_Mean-Medain.png
Component: component_1745011177981_394.png
centerX: 0.6584216725559482
centerY: 0.5228925973470261
width: 0.030035335689045935
height: 0.026957637997432605
Area: 0.0002167215274533255
CentroidX: 0.6712
CentroidY: 0.5358
