Location: 2025-04-18_221110-1.png_Otsu.png
Component: component_1745011178283_147.png
centerX: 0.11896348645465253
centerY: 0.15575524176294395
width: 0.027090694935217905
height: 0.028241335044929396
Area: 0.00023562166066146435
CentroidX: 0.1323
CentroidY: 0.1685
