Location: 2025-04-18_221110-1.png_Otsu.png
Component: component_1745011178496_1541.png
centerX: 0.7638398115429917
centerY: 0.9554985023534446
width: 0.03180212014134275
height: 0.031664527171587506
Area: 0.0002673738844511376
CentroidX: 0.7796
CentroidY: 0.9693
