Location: 2025-04-18_221110-1.png_Mean-Medain.png
Component: component_1745011177999_453.png
centerX: 0.0176678445229682
centerY: 0.5943517329910141
width: 0.023557126030624265
height: 0.028241335044929396
Area: 0.00025779781695901393
CentroidX: 0.0291
CentroidY: 0.6068
