Location: 2025-04-18_221110-1.png_Mean-Medain.png
Component: component_1745011178026_594.png
centerX: 0.6507656065959952
centerY: 0.7881899871630296
width: 0.030035335689045935
height: 0.028241335044929396
Area: 0.00030668616152406644
CentroidX: 0.6655
CentroidY: 0.8012
