Location: 2025-04-18_221028-1.png_Gaussian-Median.png
Component: component_1745011178707_373.png
centerX: 0.6160188457008245
centerY: 0.730423620025674
width: 0.03121319199057715
height: 0.028241335044929396
Area: 0.0003286103160455075
CentroidX: 0.6306
CentroidY: 0.7434
