Location: 2025-04-18_221110-1.png_Otsu.png
Component: component_1745011178499_1564.png
centerX: 0.16784452296819788
centerY: 0.9636285836542576
width: 0.030035335689045935
height: 0.028241335044929396
Area: 0.00024116569973585173
CentroidX: 0.1825
CentroidY: 0.9774
