Location: 2025-04-18_221028-1.png_Gaussian-Closing.png
Component: component_1745011178568_230.png
centerX: 0.7078916372202592
centerY: 0.4287548138639281
width: 0.03769140164899882
height: 0.02866923406076166
Area: 0.0003807746836999707
CentroidX: 0.7262
CentroidY: 0.4420
