Location: 2025-04-18_221110-1.png_Otsu.png
Component: component_1745011178373_436.png
centerX: 0.4587750294464075
centerY: 0.46127513906718015
width: 0.021790341578327443
height: 0.02396234488660676
Area: 0.00014742103902348305
CentroidX: 0.4696
CentroidY: 0.4709
