Location: 2025-04-18_221110-1.png_Mean-Medain.png
Component: component_1745011177980_386.png
centerX: 0.9428739693757362
centerY: 0.4959349593495935
width: 0.030035335689045935
height: 0.0235344458707745
Area: 0.00024116569973585173
CentroidX: 0.9570
CentroidY: 0.5069
