Location: 2025-04-18_221028-1.png_Gaussian-Median.png
Component: component_1745011178701_341.png
centerX: 0.9016489988221437
centerY: 0.6692340607616603
width: 0.03769140164899882
height: 0.03209242618741977
Area: 0.0003880827352071177
CentroidX: 0.9196
CentroidY: 0.6837
