Location: 2025-04-18_221110-1.png_Mean-Medain.png
Component: component_1745011177954_298.png
centerX: 0.3027090694935218
centerY: 0.3898160034231921
width: 0.025323910482921083
height: 0.02610183996576808
Area: 0.00022579359139323214
CentroidX: 0.3143
CentroidY: 0.4018
