Location: 2025-04-18_221110-1.png_Mean-Medain.png
Component: component_1745011178032_628.png
centerX: 0.05594817432273263
centerY: 0.832691484809585
width: 0.032391048292108364
height: 0.02866923406076166
Area: 0.0003230662769711201
CentroidX: 0.0718
CentroidY: 0.8455
