Location: 2025-04-18_221110-1.png_Otsu.png
Component: component_1745011178292_194.png
centerX: 0.3339222614840989
centerY: 0.22165169020111253
width: 0.026501766784452298
height: 0.020967051775780916
Area: 0.0001958053800363185
CentroidX: 0.3461
CentroidY: 0.2314
