Location: 2025-04-18_221110-1.png_Mean-Medain.png
Component: component_1745011178014_520.png
centerX: 0.826266195524146
centerY: 0.6961916987590928
width: 0.027090694935217905
height: 0.029097133076593923
Area: 0.000287030022987602
CentroidX: 0.8389
CentroidY: 0.7107
