Location: 2025-04-18_221028-1.png_Gaussian-Median.png
Component: component_1745011178674_200.png
centerX: 0.3663133097762073
centerY: 0.38125802310654683
width: 0.03415783274440518
height: 0.03080872913992298
Area: 0.0004064788648630396
CentroidX: 0.3839
CentroidY: 0.3947
