Location: 2025-04-18_221110-1.png_Mean-Medain.png
Component: component_1745011177944_258.png
centerX: 0.7873969375736161
centerY: 0.32648694908001713
width: 0.028857479387514724
height: 0.024818142918271287
Area: 0.00022881761270653435
CentroidX: 0.8002
CentroidY: 0.3382
