Location: 2025-04-18_221110-1.png_Otsu.png
Component: component_1745011178471_1174.png
centerX: 0.16313309776207302
centerY: 0.7916131792896877
width: 0.03297997644287397
height: 0.026957637997432605
Area: 0.00020260942799124848
CentroidX: 0.1805
CentroidY: 0.8050
