Location: 2025-04-18_221110-1.png_Mean-Medain.png
Component: component_1745011178037_646.png
centerX: 0.15783274440518258
centerY: 0.8716302952503209
width: 0.02767962308598351
height: 0.029097133076593923
Area: 0.00031374221125510493
CentroidX: 0.1715
CentroidY: 0.8852
