Location: 2025-04-18_221110-1.png_Otsu.png
Component: component_1745011178407_623.png
centerX: 0.7267373380447585
centerY: 0.5562687205819427
width: 0.030624263839811542
height: 0.02396234488660676
Area: 0.0001441450159340723
CentroidX: 0.7400
CentroidY: 0.5673
