Location: 2025-04-18_221028-1.png_Gaussian-Median.png
Component: component_1745011178644_31.png
centerX: 0.7667844522968198
centerY: 0.047068891741549
width: 0.03828032979976443
height: 0.028241335044929396
Area: 0.0003777506623866685
CentroidX: 0.7862
CentroidY: 0.0601
