Location: 2025-04-18_221028-1.png_Gaussian-Closing.png
Component: component_1745011178556_157.png
centerX: 0.6230859835100118
centerY: 0.2640136927685066
width: 0.034746760895170786
height: 0.029525032092426188
Area: 0.0004087468808480162
CentroidX: 0.6400
CentroidY: 0.2780
