Location: 2025-04-18_221028-1.png_Gaussian-Median.png
Component: component_1745011178690_283.png
centerX: 0.502944640753828
centerY: 0.5434317501069748
width: 0.03415783274440518
height: 0.029097133076593923
Area: 0.0003611185451635063
CentroidX: 0.5201
CentroidY: 0.5564
