Location: 2025-04-18_221028-1.png_Gaussian-Closing.png
Component: component_1745011178545_110.png
centerX: 0.7985865724381626
centerY: 0.16773641420624733
width: 0.03356890459363958
height: 0.029097133076593923
Area: 0.0003585985274024211
CentroidX: 0.8137
CentroidY: 0.1812
