Location: 2025-04-18_221028-1.png_Gaussian-Median.png
Component: component_1745011178668_163.png
centerX: 0.4416961130742049
centerY: 0.2712879760376551
width: 0.03180212014134275
height: 0.029525032092426188
Area: 0.0003608665433873978
CentroidX: 0.4568
CentroidY: 0.2852
