Location: 2025-04-18_221110-1.png_Otsu.png
Component: component_1745011178325_237.png
centerX: 0.8462897526501767
centerY: 0.25802310654685495
width: 0.025323910482921083
height: 0.02610183996576808
Area: 0.00021571352034889142
CentroidX: 0.8583
CentroidY: 0.2696
