Location: 2025-04-18_221028-1.png_Gaussian-Median.png
Component: component_1745011178691_284.png
centerX: 0.3392226148409894
centerY: 0.5447154471544715
width: 0.035924617196702
height: 0.032520325203252036
Area: 0.0003767426552822344
CentroidX: 0.3563
CentroidY: 0.5601
