Location: 2025-04-18_221110-1.png_Mean-Medain.png
Component: component_1745011177953_294.png
centerX: 0.22202591283863368
centerY: 0.38724860932819855
width: 0.02944640753828033
height: 0.028241335044929396
Area: 0.0002535137867651691
CentroidX: 0.2366
CentroidY: 0.4001
