Location: 2025-04-18_221110-1.png_Otsu.png
Component: component_1745011178369_424.png
centerX: 0.2249705535924617
centerY: 0.45699614890885754
width: 0.024734982332155476
height: 0.026529738981600343
Area: 0.0001890013320813885
CentroidX: 0.2372
CentroidY: 0.4686
