Location: 2025-04-18_221110-1.png_Otsu.png
Component: component_1745011178499_1565.png
centerX: 0.07361601884570082
centerY: 0.9649122807017544
width: 0.030624263839811542
height: 0.02866923406076166
Area: 0.00026107384004842466
CentroidX: 0.0873
CentroidY: 0.9775
