Location: 2025-04-18_221110-1.png_Mean-Medain.png
Component: component_1745011177937_224.png
centerX: 0.26855123674911663
centerY: 0.28968763371844247
width: 0.024734982332155476
height: 0.023106546854942234
Area: 0.0002114294901550466
CentroidX: 0.2804
CentroidY: 0.3006
