Location: 2025-04-18_221028-1.png_Gaussian-Median.png
Component: component_1745011178679_232.png
centerX: 0.5400471142520612
centerY: 0.43046640992725715
width: 0.03121319199057715
height: 0.028241335044929396
Area: 0.0003580945238502041
CentroidX: 0.5560
CentroidY: 0.4433
