Location: 2025-04-18_221028-1.png_Gaussian-Closing.png
Component: component_1745011178556_158.png
centerX: 0.6749116607773852
centerY: 0.2635857937526744
width: 0.0353356890459364
height: 0.02781343602909713
Area: 0.0003734666321928237
CentroidX: 0.6926
CentroidY: 0.2762
