Location: 2025-04-18_221110-1.png_Mean-Medain.png
Component: component_1745011178032_626.png
centerX: 0.30683156654888105
centerY: 0.8314077877620881
width: 0.028268551236749116
height: 0.02866923406076166
Area: 0.00028022597503267205
CentroidX: 0.3205
CentroidY: 0.8446
