Location: 2025-04-18_221110-1.png_Otsu.png
Component: component_1745011178474_1240.png
centerX: 0.532979976442874
centerY: 0.8305519897304237
width: 0.021790341578327443
height: 0.026957637997432605
Area: 0.0001343169466658401
CentroidX: 0.5460
CentroidY: 0.8422
