Location: 2025-04-18_221028-1.png_Gaussian-Closing.png
Component: component_1745011178563_207.png
centerX: 0.823321554770318
centerY: 0.38254172015404364
width: 0.028857479387514724
height: 0.029525032092426188
Area: 0.00036288255759626595
CentroidX: 0.8369
CentroidY: 0.3964
