Location: 2025-04-18_221110-1.png_Mean-Medain.png
Component: component_1745011177987_421.png
centerX: 0.6254416961130742
centerY: 0.5554129225502782
width: 0.030624263839811542
height: 0.02781343602909713
Area: 0.00026812988977946314
CentroidX: 0.6395
CentroidY: 0.5690
