Location: 2025-04-18_221028-1.png_Gaussian-Median.png
Component: component_1745011178686_258.png
centerX: 0.4658421672555948
centerY: 0.4890885750962773
width: 0.03356890459363958
height: 0.03080872913992298
Area: 0.0003767426552822344
CentroidX: 0.4813
CentroidY: 0.5030
