Location: 2025-04-18_221110-1.png_Otsu.png
Component: component_1745011178292_196.png
centerX: 0.07302709069493522
centerY: 0.22293538724860934
width: 0.026501766784452298
height: 0.023106546854942234
Area: 0.00022579359139323214
CentroidX: 0.0861
CentroidY: 0.2333
