Location: 2025-04-18_221110-1.png_Mean-Medain.png
Component: component_1745011177891_25.png
centerX: 0.7143698468786808
centerY: 0.012836970474967908
width: 0.027090694935217905
height: 0.026957637997432605
Area: 0.0002640978613617269
CentroidX: 0.7282
CentroidY: 0.0262
