Location: 2025-04-18_221110-1.png_Mean-Medain.png
Component: component_1745011177954_296.png
centerX: 0.17550058892815076
centerY: 0.38810440735986307
width: 0.030624263839811542
height: 0.028241335044929396
Area: 0.00023864568197476657
CentroidX: 0.1915
CentroidY: 0.4007
