Location: 2025-04-18_221028-1.png_Gaussian-Median.png
Component: component_1745011178668_162.png
centerX: 0.3957597173144876
centerY: 0.2717158750534874
width: 0.035924617196702
height: 0.030380830124090714
Area: 0.0003875787316549007
CentroidX: 0.4129
CentroidY: 0.2865
