Location: 2025-04-18_221028-1.png_Gaussian-Median.png
Component: component_1745011178642_18.png
centerX: 0.3003533568904594
centerY: 0.009413778348309799
width: 0.03415783274440518
height: 0.03337612323491656
Area: 0.0004001788204603266
CentroidX: 0.3170
CentroidY: 0.0253
