Location: 2025-04-18_221110-1.png_Otsu.png
Component: component_1745011178222_20.png
centerX: 0.6036513545347467
centerY: 0.014548566538296961
width: 0.030035335689045935
height: 0.02610183996576808
Area: 0.00029030604607701275
CentroidX: 0.6195
CentroidY: 0.0262
