Location: 2025-04-18_221110-1.png_Mean-Medain.png
Component: component_1745011177958_311.png
centerX: 0.7491166077738516
centerY: 0.3940949935815148
width: 0.028857479387514724
height: 0.0235344458707745
Area: 0.0002363776659897899
CentroidX: 0.7628
CentroidY: 0.4053
