Location: 2025-04-18_221110-1.png_Otsu.png
Component: component_1745011178285_170.png
centerX: 0.0983510011778563
centerY: 0.18998716302952504
width: 0.026501766784452298
height: 0.020967051775780916
Area: 0.00020941347594617847
CentroidX: 0.1109
CentroidY: 0.1998
