Location: 2025-04-18_221110-1.png_Otsu.png
Component: component_1745011178412_676.png
centerX: 0.08892815076560659
centerY: 0.5922122379118528
width: 0.028268551236749116
height: 0.024818142918271287
Area: 0.00013330893956140603
CentroidX: 0.1032
CentroidY: 0.6040
