Location: 2025-04-18_221110-1.png_Otsu.png
Component: component_1745011178368_422.png
centerX: 0.14075382803297998
centerY: 0.45699614890885754
width: 0.025323910482921083
height: 0.026957637997432605
Area: 0.00016531316512718782
CentroidX: 0.1518
CentroidY: 0.4689
