Location: 2025-04-18_221110-1.png_Otsu.png
Component: component_1745011178288_180.png
centerX: 0.2043580683156655
centerY: 0.1925545571245186
width: 0.026501766784452298
height: 0.023106546854942234
Area: 0.00022755760382599176
CentroidX: 0.2174
CentroidY: 0.2033
