Location: 2025-04-18_221028-1.png_Gaussian-Median.png
Component: component_1745011178688_274.png
centerX: 0.7131919905771495
centerY: 0.5353016688061617
width: 0.03651354534746761
height: 0.03080872913992298
Area: 0.00039740680092313293
CentroidX: 0.7306
CentroidY: 0.5501
