Location: 2025-04-18_221028-1.png_Gaussian-Median.png
Component: component_1745011178727_484.png
centerX: 0.7067137809187279
centerY: 0.9602053915275995
width: 0.03828032979976443
height: 0.0329482242190843
Area: 0.0004112668986091014
CentroidX: 0.7256
CentroidY: 0.9753
