Location: 2025-04-18_221028-1.png_Gaussian-Median.png
Component: component_1745011178647_43.png
centerX: 0.22673733804475854
centerY: 0.05648267008985879
width: 0.032391048292108364
height: 0.02781343602909713
Area: 0.00038153068902829627
CentroidX: 0.2424
CentroidY: 0.0687
