Location: 2025-04-18_221110-1.png_Mean-Medain.png
Component: component_1745011177913_121.png
centerX: 0.5518256772673734
centerY: 0.15233204963628583
width: 0.02591283863368669
height: 0.02610183996576808
Area: 0.00030114212244967904
CentroidX: 0.5643
CentroidY: 0.1647
