Location: 2025-04-18_221028-1.png_Gaussian-Median.png
Component: component_1745011178690_282.png
centerX: 0.38103651354534745
centerY: 0.5430038510911425
width: 0.034746760895170786
height: 0.032520325203252036
Area: 0.00037573464817780035
CentroidX: 0.3966
CentroidY: 0.5589
