Location: 2025-04-18_221110-1.png_Mean-Medain.png
Component: component_1745011177966_337.png
centerX: 0.8886925795053003
centerY: 0.4266153187847668
width: 0.02237926972909305
height: 0.025246041934103552
Area: 0.0002154615185727829
CentroidX: 0.8975
CentroidY: 0.4394
