Location: 2025-04-18_221110-1.png_Otsu.png
Component: component_1745011178323_232.png
centerX: 0.2856301531213192
centerY: 0.25759520753102266
width: 0.02237926972909305
height: 0.02267864783910997
Area: 0.0001816932805742415
CentroidX: 0.2958
CentroidY: 0.2677
