Location: 2025-04-18_221028-1.png_Gaussian-Median.png
Component: component_1745011178671_176.png
centerX: 0.8133097762073027
centerY: 0.3089430894308943
width: 0.03415783274440518
height: 0.02866923406076166
Area: 0.0003522984829997082
CentroidX: 0.8290
CentroidY: 0.3229
