Location: 2025-04-18_221110-1.png_Mean-Medain.png
Component: component_1745011177978_377.png
centerX: 0.8221436984687868
centerY: 0.4933675652545999
width: 0.025323910482921083
height: 0.026957637997432605
Area: 0.00022503758606490657
CentroidX: 0.8335
CentroidY: 0.5059
