Location: 2025-04-18_221028-1.png_Gaussian-Closing.png
Component: component_1745011178600_403.png
centerX: 0.9422850412249706
centerY: 0.8168592212237912
width: 0.03356890459363958
height: 0.03423192126658109
Area: 0.00040521885598249696
CentroidX: 0.9585
CentroidY: 0.8327
