Location: 2025-04-18_221110-1.png_Otsu.png
Component: component_1745011178497_1547.png
centerX: 0.6696113074204947
centerY: 0.9606332905434317
width: 0.02944640753828033
height: 0.03123662815575524
Area: 0.00022554158961712363
CentroidX: 0.6829
CentroidY: 0.9749
