Location: 2025-04-18_221028-1.png_Gaussian-Median.png
Component: component_1745011178707_372.png
centerX: 0.571849234393404
centerY: 0.7299957210098417
width: 0.03651354534746761
height: 0.03123662815575524
Area: 0.00035910253095463814
CentroidX: 0.5889
CentroidY: 0.7453
