Location: 2025-04-18_221028-1.png_Gaussian-Median.png
Component: component_1745011178716_425.png
centerX: 0.4958775029446408
centerY: 0.8314077877620881
width: 0.03356890459363958
height: 0.02781343602909713
Area: 0.00032231027164279454
CentroidX: 0.5120
CentroidY: 0.8446
