Location: 2025-04-18_221028-1.png_Gaussian-Median.png
Component: component_1745011178724_464.png
centerX: 0.649587750294464
centerY: 0.9264013692768507
width: 0.0353356890459364
height: 0.02738553701326487
Area: 0.00036590657890956817
CentroidX: 0.6672
CentroidY: 0.9388
