Location: 2025-04-18_221110-1.png_Otsu.png
Component: component_1745011178362_356.png
centerX: 0.1348645465253239
centerY: 0.4240479246897732
width: 0.026501766784452298
height: 0.0235344458707745
Area: 0.00017564523794763706
CentroidX: 0.1478
CentroidY: 0.4345
