Location: 2025-04-18_221028-1.png_Gaussian-Closing.png
Component: component_1745011178526_19.png
centerX: 0.5306242638398115
centerY: 0.004278990158322636
width: 0.03180212014134275
height: 0.03380402225074882
Area: 0.0004042108488780629
CentroidX: 0.5456
CentroidY: 0.0199
