Location: 2025-04-18_221028-1.png_Gaussian-Closing.png
Component: component_1745011178558_172.png
centerX: 0.2043580683156655
centerY: 0.2785622593068036
width: 0.037102473498233215
height: 0.02781343602909713
Area: 0.00038909074231155183
CentroidX: 0.2228
CentroidY: 0.2911
