Location: 2025-04-18_221028-1.png_Gaussian-Median.png
Component: component_1745011178710_393.png
centerX: 0.872791519434629
centerY: 0.7740693196405648
width: 0.030624263839811542
height: 0.028241335044929396
Area: 0.00034347842083591005
CentroidX: 0.8874
CentroidY: 0.7873
