Location: 2025-04-18_221110-1.png_Otsu.png
Component: component_1745011178494_1492.png
centerX: 0.5547703180212014
centerY: 0.9191270860077022
width: 0.008244994110718492
height: 0.012409071459135643
Area: 2.79721971480455e-05
CentroidX: 0.5585
CentroidY: 0.9233
