Location: 2025-04-18_221028-1.png_Gaussian-Closing.png
Component: component_1745011178584_316.png
centerX: 0.9540636042402827
centerY: 0.6230209670517758
width: 0.034746760895170786
height: 0.02866923406076166
Area: 0.00038354670323716443
CentroidX: 0.9708
CentroidY: 0.6367
