Location: 2025-04-18_221110-1.png_Mean-Medain.png
Component: component_1745011178023_557.png
centerX: 0.20906949352179033
centerY: 0.7436884895164741
width: 0.02767962308598351
height: 0.02738553701326487
Area: 0.00030593015619574085
CentroidX: 0.2221
CentroidY: 0.7568
