Location: 2025-04-18_221110-1.png_Otsu.png
Component: component_1745011178218_16.png
centerX: 0.7756183745583038
centerY: 0.012836970474967908
width: 0.027090694935217905
height: 0.025673940949935817
Area: 0.000251497772556301
CentroidX: 0.7889
CentroidY: 0.0248
