Location: 2025-04-18_221110-1.png_Otsu.png
Component: component_1745011178234_30.png
centerX: 0.2862190812720848
centerY: 0.018827556696619598
width: 0.02767962308598351
height: 0.026957637997432605
Area: 0.0002668698808989206
CentroidX: 0.2987
CentroidY: 0.0323
