Location: 2025-04-18_221110-1.png_Otsu.png
Component: component_1745011178409_635.png
centerX: 0.27326266195524146
centerY: 0.5596919127086007
width: 0.027090694935217905
height: 0.029525032092426188
Area: 0.00019504937470799294
CentroidX: 0.2858
CentroidY: 0.5722
