Location: 2025-04-18_221028-1.png_Gaussian-Median.png
Component: component_1745011178669_167.png
centerX: 0.037102473498233215
centerY: 0.2777064612751391
width: 0.03415783274440518
height: 0.031664527171587506
Area: 0.000391610760072637
CentroidX: 0.0547
CentroidY: 0.2922
