Location: 2025-04-18_221110-1.png_Mean-Medain.png
Component: component_1745011178031_622.png
centerX: 0.532979976442874
centerY: 0.8301240907145914
width: 0.030035335689045935
height: 0.028241335044929396
Area: 0.00029736209580805123
CentroidX: 0.5472
CentroidY: 0.8437
