Location: 2025-04-18_221110-1.png_Otsu.png
Component: component_1745011178450_902.png
centerX: 0.6861012956419317
centerY: 0.6820710312366282
width: 0.0088339222614841
height: 0.0068463842533162175
Area: 1.2852090581534418e-05
CentroidX: 0.6896
CentroidY: 0.6867
