Location: 2025-04-18_221110-1.png_Otsu.png
Component: component_1745011178475_1250.png
centerX: 0.48586572438162545
centerY: 0.8309798887462558
width: 0.024734982332155476
height: 0.02610183996576808
Area: 0.0001789212610370478
CentroidX: 0.4984
CentroidY: 0.8434
