Location: 2025-04-18_221110-1.png_Mean-Medain.png
Component: component_1745011177936_220.png
centerX: 0.9228504122497055
centerY: 0.26144629867351304
width: 0.02767962308598351
height: 0.024390243902439025
Area: 0.00023889768375087508
CentroidX: 0.9364
CentroidY: 0.2725
