Location: 2025-04-18_221110-1.png_Mean-Medain.png
Component: component_1745011177973_361.png
centerX: 0.5742049469964664
centerY: 0.4621309370988447
width: 0.025323910482921083
height: 0.02267864783910997
Area: 0.00019958540667794626
CentroidX: 0.5859
CentroidY: 0.4727
