Location: 2025-04-18_221110-1.png_Mean-Medain.png
Component: component_1745011177964_330.png
centerX: 0.2232037691401649
centerY: 0.4249037227214377
width: 0.025323910482921083
height: 0.025246041934103552
Area: 0.00023536965888535584
CentroidX: 0.2357
CentroidY: 0.4368
