Location: 2025-04-18_221028-1.png_Gaussian-Median.png
Component: component_1745011178666_150.png
centerX: 0.8515901060070671
centerY: 0.25331621737270005
width: 0.030624263839811542
height: 0.02781343602909713
Area: 0.0003396983941942823
CentroidX: 0.8673
CentroidY: 0.2653
