Location: 2025-04-18_221110-1.png_Mean-Medain.png
Component: component_1745011177933_209.png
centerX: 0.2850412249705536
centerY: 0.25716730851519043
width: 0.022968197879858657
height: 0.023106546854942234
Area: 0.0002084054688417444
CentroidX: 0.2958
CentroidY: 0.2676
