Location: 2025-04-18_221028-1.png_Gaussian-Median.png
Component: component_1745011178661_120.png
centerX: 0.08775029446407538
centerY: 0.19597774925117672
width: 0.03651354534746761
height: 0.025673940949935817
Area: 0.0003374303782093056
CentroidX: 0.1043
CentroidY: 0.2081
