Location: 2025-04-18_221110-1.png_Mean-Medain.png
Component: component_1745011177914_127.png
centerX: 0.2703180212014134
centerY: 0.1540436456996149
width: 0.02591283863368669
height: 0.02610183996576808
Area: 0.0002618298453767502
CentroidX: 0.2839
CentroidY: 0.1660
