Location: 2025-04-18_221028-1.png_Gaussian-Median.png
Component: component_1745011178712_403.png
centerX: 0.32391048292108365
centerY: 0.7864783910997005
width: 0.0353356890459364
height: 0.029097133076593923
Area: 0.00035733851852187855
CentroidX: 0.3408
CentroidY: 0.8000
