Location: 2025-04-18_221028-1.png_Gaussian-Median.png
Component: component_1745011178660_116.png
centerX: 0.2232037691401649
centerY: 0.18870346598202825
width: 0.03297997644287397
height: 0.026529738981600343
Area: 0.00038153068902829627
CentroidX: 0.2389
CentroidY: 0.2014
