Location: 2025-04-18_221110-1.png_Otsu.png
Component: component_1745011178470_1169.png
centerX: 0.21024734982332155
centerY: 0.7911852802738554
width: 0.028857479387514724
height: 0.02738553701326487
Area: 0.0001900093391858226
CentroidX: 0.2240
CentroidY: 0.8044
