Location: 2025-04-18_221110-1.png_Otsu.png
Component: component_1745011178440_789.png
centerX: 0.13839811542991756
centerY: 0.6324347454000856
width: 0.024734982332155476
height: 0.026529738981600343
Area: 0.00014792504257570008
CentroidX: 0.1502
CentroidY: 0.6432
