Location: 2025-04-18_221110-1.png_Mean-Medain.png
Component: component_1745011177981_392.png
centerX: 0.1413427561837456
centerY: 0.5233204963628584
width: 0.030624263839811542
height: 0.026957637997432605
Area: 0.00024242570861639432
CentroidX: 0.1564
CentroidY: 0.5362
