Location: 2025-04-18_221110-1.png_Mean-Medain.png
Component: component_1745011177922_165.png
centerX: 0.8327444051825678
centerY: 0.19383825417201542
width: 0.024734982332155476
height: 0.024390243902439025
Area: 0.0002615778436006417
CentroidX: 0.8442
CentroidY: 0.2052
