Location: 2025-04-18_221110-1.png_Mean-Medain.png
Component: component_1745011177920_154.png
centerX: 0.24263839811542992
centerY: 0.19169875909285408
width: 0.026501766784452298
height: 0.021822849807445442
Area: 0.0002308336269154025
CentroidX: 0.2552
CentroidY: 0.2016
