Location: 2025-04-18_221028-1.png_Gaussian-Median.png
Component: component_1745011178724_465.png
centerX: 0.464075382803298
centerY: 0.9281129653401797
width: 0.03297997644287397
height: 0.0329482242190843
Area: 0.0003772466588344515
CentroidX: 0.4795
CentroidY: 0.9433
