Location: 2025-04-18_221028-1.png_Gaussian-Median.png
Component: component_1745011178692_294.png
centerX: 0.7915194346289752
centerY: 0.5823705605477107
width: 0.03180212014134275
height: 0.02866923406076166
Area: 0.0003613705469396148
CentroidX: 0.8074
CentroidY: 0.5957
