Location: 2025-04-18_221028-1.png_Gaussian-Closing.png
Component: component_1745011178604_423.png
centerX: 0.07479387514723204
centerY: 0.8391099700470689
width: 0.0353356890459364
height: 0.032520325203252036
Area: 0.00036489857180513406
CentroidX: 0.0917
CentroidY: 0.8540
