Location: 2025-04-18_221110-1.png_Mean-Medain.png
Component: component_1745011177949_283.png
centerX: 0.6713780918727915
centerY: 0.3594351732991014
width: 0.02237926972909305
height: 0.025673940949935817
Area: 0.00021621752390110844
CentroidX: 0.6813
CentroidY: 0.3720
