Location: 2025-04-18_221110-1.png_Otsu.png
Component: component_1745011178452_923.png
centerX: 0.866902237926973
centerY: 0.6949080017115961
width: 0.032391048292108364
height: 0.029525032092426188
Area: 0.00017967726636537336
CentroidX: 0.8833
CentroidY: 0.7085
