Location: 2025-04-18_221110-1.png_Mean-Medain.png
Component: component_1745011177937_227.png
centerX: 0.49411071849234395
centerY: 0.2892597347026102
width: 0.030035335689045935
height: 0.02267864783910997
Area: 0.00021722553100554252
CentroidX: 0.5081
CentroidY: 0.2995
