Location: 2025-04-18_221110-1.png_Mean-Medain.png
Component: component_1745011177940_240.png
centerX: 0.6590106007067138
centerY: 0.2935387248609328
width: 0.02944640753828033
height: 0.024390243902439025
Area: 0.00022982561981096844
CentroidX: 0.6740
CentroidY: 0.3051
