Location: 2025-04-18_221028-1.png_Gaussian-Closing.png
Component: component_1745011178605_428.png
centerX: 0.7285041224970553
centerY: 0.8707744972186564
width: 0.030624263839811542
height: 0.03123662815575524
Area: 0.0003482664545819719
CentroidX: 0.7427
CentroidY: 0.8850
