Location: 2025-04-18_221110-1.png_Otsu.png
Component: component_1745011178372_432.png
centerX: 0.025323910482921083
centerY: 0.46041934103551563
width: 0.02591283863368669
height: 0.0235344458707745
Area: 0.0002043734404240081
CentroidX: 0.0388
CentroidY: 0.4712
