Location: 2025-04-18_221028-1.png_Gaussian-Median.png
Component: component_1745011178716_424.png
centerX: 0.36454652532391046
centerY: 0.8301240907145914
width: 0.035924617196702
height: 0.031664527171587506
Area: 0.000385310715669924
CentroidX: 0.3809
CentroidY: 0.8451
