Location: 2025-04-18_221028-1.png_Gaussian-Closing.png
Component: component_1745011178601_407.png
centerX: 0.7137809187279152
centerY: 0.8224219084296106
width: 0.035924617196702
height: 0.03123662815575524
Area: 0.00037145061798395557
CentroidX: 0.7307
CentroidY: 0.8370
