Location: 2025-04-18_221110-1.png_Mean-Medain.png
Component: component_1745011178033_633.png
centerX: 0.7520612485276796
centerY: 0.8673513050919983
width: 0.028857479387514724
height: 0.03209242618741977
Area: 0.0003522984829997082
CentroidX: 0.7651
CentroidY: 0.8825
