Location: 2025-04-18_221110-1.png_Otsu.png
Component: component_1745011178275_95.png
centerX: 0.3221436984687868
centerY: 0.10569105691056911
width: 0.030624263839811542
height: 0.026529738981600343
Area: 0.00023889768375087508
CentroidX: 0.3374
CentroidY: 0.1184
