Location: 2025-04-18_221110-1.png_Mean-Medain.png
Component: component_1745011178011_505.png
centerX: 0.43168433451118965
centerY: 0.6662387676508345
width: 0.02767962308598351
height: 0.02781343602909713
Area: 0.0002484737512429988
CentroidX: 0.4453
CentroidY: 0.6787
