Location: 2025-04-18_221028-1.png_Gaussian-Closing.png
Component: component_1745011178589_345.png
centerX: 0.6036513545347467
centerY: 0.6803594351732991
width: 0.03180212014134275
height: 0.02866923406076166
Area: 0.00037044261087952146
CentroidX: 0.6196
CentroidY: 0.6940
