Location: 2025-04-18_221110-1.png_Mean-Medain.png
Component: component_1745011177979_382.png
centerX: 0.6248527679623086
centerY: 0.4946512623020967
width: 0.02944640753828033
height: 0.025673940949935817
Area: 0.00023612566421368138
CentroidX: 0.6396
CentroidY: 0.5066
