Location: 2025-04-18_221028-1.png_Gaussian-Closing.png
Component: component_1745011178605_429.png
centerX: 0.8527679623085983
centerY: 0.8703465982028241
width: 0.030035335689045935
height: 0.03337612323491656
Area: 0.00037548264640169184
CentroidX: 0.8673
CentroidY: 0.8859
