Location: 2025-04-18_221028-1.png_Gaussian-Closing.png
Component: component_1745011178581_300.png
centerX: 0.6254416961130742
centerY: 0.5857937526743688
width: 0.032391048292108364
height: 0.029097133076593923
Area: 0.0003442344261642356
CentroidX: 0.6407
CentroidY: 0.5991
