Location: 2025-04-18_221110-1.png_Otsu.png
Component: component_1745011178371_427.png
centerX: 0.3474676089517079
centerY: 0.4587077449721866
width: 0.02591283863368669
height: 0.026957637997432605
Area: 0.00019479737293188443
CentroidX: 0.3597
CentroidY: 0.4708
