Location: 2025-04-18_221028-1.png_Gaussian-Median.png
Component: component_1745011178640_10.png
centerX: 0.7420494699646644
centerY: 0.004706889174154899
width: 0.03415783274440518
height: 0.02995293110825845
Area: 0.000378002664162777
CentroidX: 0.7587
CentroidY: 0.0180
