Location: 2025-04-18_221028-1.png_Gaussian-Closing.png
Component: component_1745011178530_44.png
centerX: 0.8580683156654888
centerY: 0.047068891741549
width: 0.032391048292108364
height: 0.02866923406076166
Area: 0.00036288255759626595
CentroidX: 0.8742
CentroidY: 0.0599
