Location: 2025-04-18_221028-1.png_Gaussian-Median.png
Component: component_1745011178670_170.png
centerX: 0.2043580683156655
centerY: 0.2785622593068036
width: 0.037102473498233215
height: 0.02781343602909713
Area: 0.00038858673875933475
CentroidX: 0.2228
CentroidY: 0.2911
