Location: 2025-04-18_221028-1.png_Gaussian-Closing.png
Component: component_1745011178527_27.png
centerX: 0.43109540636042404
centerY: 0.008130081300813009
width: 0.037102473498233215
height: 0.03337612323491656
Area: 0.0004170629394595973
CentroidX: 0.4494
CentroidY: 0.0238
