Location: 2025-04-18_221110-1.png_Mean-Medain.png
Component: component_1745011178005_476.png
centerX: 0.29858657243816256
centerY: 0.6290115532734275
width: 0.02767962308598351
height: 0.03080872913992298
Area: 0.00026661787912281206
CentroidX: 0.3121
CentroidY: 0.6427
