Location: 2025-04-18_221110-1.png_Otsu.png
Component: component_1745011178340_287.png
centerX: 0.8716136631330977
centerY: 0.3290543431750107
width: 0.028857479387514724
height: 0.024818142918271287
Area: 0.00021873754166219363
CentroidX: 0.8844
CentroidY: 0.3412
