Location: 2025-04-18_221110-1.png_Otsu.png
Component: component_1745011178490_1469.png
centerX: 0.8963486454652533
centerY: 0.9105691056910569
width: 0.028857479387514724
height: 0.03080872913992298
Area: 0.00024494572637747953
CentroidX: 0.9097
CentroidY: 0.9254
