Location: 2025-04-18_221028-1.png_Gaussian-Median.png
Component: component_1745011178652_73.png
centerX: 0.08244994110718493
centerY: 0.11125374411638853
width: 0.03415783274440518
height: 0.02610183996576808
Area: 0.00036741858956621925
CentroidX: 0.0990
CentroidY: 0.1230
