Location: 2025-04-18_221110-1.png_Mean-Medain.png
Component: component_1745011178018_534.png
centerX: 0.20200235571260305
centerY: 0.7056054771074026
width: 0.028857479387514724
height: 0.02610183996576808
Area: 0.0002207535558710618
CentroidX: 0.2168
CentroidY: 0.7182
