Location: 2025-04-18_221110-1.png_Otsu.png
Component: component_1745011178400_566.png
centerX: 0.020023557126030624
centerY: 0.5246041934103551
width: 0.024146054181389872
height: 0.029525032092426188
Area: 0.00018799332497695443
CentroidX: 0.0323
CentroidY: 0.5375
