Location: 2025-04-18_221028-1.png_Gaussian-Median.png
Component: component_1745011178689_276.png
centerX: 0.7620730270906949
centerY: 0.5370132648694907
width: 0.03356890459363958
height: 0.029525032092426188
Area: 0.00039236676540096256
CentroidX: 0.7773
CentroidY: 0.5509
