Location: 2025-04-18_221110-1.png_Mean-Medain.png
Component: component_1745011177894_40.png
centerX: 0.2862190812720848
centerY: 0.018827556696619598
width: 0.028268551236749116
height: 0.026957637997432605
Area: 0.0002885420336442531
CentroidX: 0.2987
CentroidY: 0.0322
