Location: 2025-04-18_221110-1.png_Mean-Medain.png
Component: component_1745011178048_681.png
centerX: 0.8127208480565371
centerY: 0.9546427043217801
width: 0.0353356890459364
height: 0.032520325203252036
Area: 0.00034625044037310375
CentroidX: 0.8290
CentroidY: 0.9700
