Location: 2025-04-18_221110-1.png_Otsu.png
Component: component_1745011178258_76.png
centerX: 0.9051825677267373
centerY: 0.08943089430894309
width: 0.02767962308598351
height: 0.025246041934103552
Area: 0.00023209363579594508
CentroidX: 0.9181
CentroidY: 0.1019
