Location: 2025-04-18_221110-1.png_Mean-Medain.png
Component: component_1745011177910_99.png
centerX: 0.35571260306242636
centerY: 0.10483525887890457
width: 0.028268551236749116
height: 0.02995293110825845
Area: 0.0002857700141070594
CentroidX: 0.3700
CentroidY: 0.1189
