Location: 2025-04-18_221028-1.png_Gaussian-Closing.png
Component: component_1745011178529_37.png
centerX: 0.08598351001177856
centerY: 0.014976465554129225
width: 0.035924617196702
height: 0.03423192126658109
Area: 0.0004175669430118143
CentroidX: 0.1029
CentroidY: 0.0311
