Location: 2025-04-18_221028-1.png_Gaussian-Median.png
Component: component_1745011178697_319.png
centerX: 0.6819787985865724
centerY: 0.6251604621309371
width: 0.03356890459363958
height: 0.030380830124090714
Area: 0.00038858673875933475
CentroidX: 0.6971
CentroidY: 0.6397
