Location: 2025-04-18_221110-1.png_Otsu.png
Component: component_1745011178328_254.png
centerX: 0.06301531213191991
centerY: 0.2913992297817715
width: 0.028268551236749116
height: 0.0235344458707745
Area: 0.00019656138536464405
CentroidX: 0.0764
CentroidY: 0.3026
