Location: 2025-04-18_221028-1.png_Gaussian-Median.png
Component: component_1745011178707_374.png
centerX: 0.6542991755005889
centerY: 0.7312794180573384
width: 0.03180212014134275
height: 0.028241335044929396
Area: 0.0003273503071649649
CentroidX: 0.6687
CentroidY: 0.7445
