Location: 2025-04-18_221110-1.png_Otsu.png
Component: component_1745011178237_37.png
centerX: 0.3574793875147232
centerY: 0.019683354728284124
width: 0.025323910482921083
height: 0.028241335044929396
Area: 0.00027493393773439317
CentroidX: 0.3709
CentroidY: 0.0335
