Location: 2025-04-18_221110-1.png_Otsu.png
Component: component_1745011178340_288.png
centerX: 0.6489988221436984
centerY: 0.329482242190843
width: 0.024734982332155476
height: 0.024390243902439025
Area: 0.0002114294901550466
CentroidX: 0.6603
CentroidY: 0.3410
