Location: 2025-04-18_221110-1.png_Mean-Medain.png
Component: component_1745011177979_383.png
centerX: 0.8604240282685512
centerY: 0.49507916131792895
width: 0.026501766784452298
height: 0.026529738981600343
Area: 0.00022050155409495325
CentroidX: 0.8730
CentroidY: 0.5076
