Location: 2025-04-18_221110-1.png_Otsu.png
Component: component_1745011178289_181.png
centerX: 0.48939929328621906
centerY: 0.19298245614035087
width: 0.02767962308598351
height: 0.023106546854942234
Area: 0.00023738567309422397
CentroidX: 0.5025
CentroidY: 0.2035
