Location: 2025-04-18_221110-1.png_Otsu.png
Component: component_1745011178351_319.png
centerX: 0.10129564193168433
centerY: 0.38810440735986307
width: 0.026501766784452298
height: 0.0235344458707745
Area: 0.00015876111894836634
CentroidX: 0.1133
CentroidY: 0.3987
