Location: 2025-04-18_221110-1.png_Otsu.png
Component: component_1745011178452_922.png
centerX: 0.9458186101295641
centerY: 0.6944801026957638
width: 0.019434628975265017
height: 0.028241335044929396
Area: 0.00015346908165008748
CentroidX: 0.9552
CentroidY: 0.7060
