Location: 2025-04-18_221028-1.png_Gaussian-Closing.png
Component: component_1745011178551_137.png
centerX: 0.6071849234393404
centerY: 0.21908429610611896
width: 0.0353356890459364
height: 0.0329482242190843
Area: 0.00038556271744603253
CentroidX: 0.6239
CentroidY: 0.2350
