Location: 2025-04-18_221028-1.png_Gaussian-Closing.png
Component: component_1745011178527_24.png
centerX: 0.34334511189634864
centerY: 0.007274283269148481
width: 0.035924617196702
height: 0.03209242618741977
Area: 0.0004087468808480162
CentroidX: 0.3605
CentroidY: 0.0222
