Location: 2025-04-18_221110-1.png_Mean-Medain.png
Component: component_1745011177931_199.png
centerX: 0.059481743227326266
centerY: 0.25459991442019686
width: 0.02944640753828033
height: 0.02396234488660676
Area: 0.00023713367131811546
CentroidX: 0.0737
CentroidY: 0.2655
