Location: 2025-04-18_221110-1.png_Otsu.png
Component: component_1745011178488_1389.png
centerX: 0.11189634864546526
centerY: 0.8750534873769791
width: 0.02767962308598351
height: 0.025673940949935817
Area: 0.00016405315624664523
CentroidX: 0.1258
CentroidY: 0.8869
