Location: 2025-04-18_221028-1.png_Gaussian-Median.png
Component: component_1745011178650_68.png
centerX: 0.2838633686690224
centerY: 0.10012836970474968
width: 0.03415783274440518
height: 0.029097133076593923
Area: 0.0003611185451635063
CentroidX: 0.2993
CentroidY: 0.1142
