Location: 2025-04-18_221028-1.png_Gaussian-Median.png
Component: component_1745011178721_452.png
centerX: 0.32037691401649
centerY: 0.889602053915276
width: 0.03121319199057715
height: 0.02781343602909713
Area: 0.00033516236222432894
CentroidX: 0.3357
CentroidY: 0.9021
