Location: 2025-04-18_221028-1.png_Gaussian-Median.png
Component: component_1745011178664_136.png
centerX: 0.4740871613663133
centerY: 0.22507488232777065
width: 0.03651354534746761
height: 0.0329482242190843
Area: 0.0004165589359073803
CentroidX: 0.4910
CentroidY: 0.2408
