Location: 2025-04-18_221028-1.png_Gaussian-Closing.png
Component: component_1745011178601_409.png
centerX: 0.6707891637220259
centerY: 0.8241335044929397
width: 0.0353356890459364
height: 0.03080872913992298
Area: 0.0003578425220740956
CentroidX: 0.6868
CentroidY: 0.8387
