Location: 2025-04-18_221028-1.png_Gaussian-Closing.png
Component: component_1745011178581_296.png
centerX: 0.5388692579505301
centerY: 0.5840821566110398
width: 0.03415783274440518
height: 0.032520325203252036
Area: 0.00041378691637018657
CentroidX: 0.5551
CentroidY: 0.5992
