Location: 2025-04-18_221110-1.png_Mean-Medain.png
Component: component_1745011177962_321.png
centerX: 0.38574793875147234
centerY: 0.42233632862644416
width: 0.026501766784452298
height: 0.025246041934103552
Area: 0.00023007762158707695
CentroidX: 0.3988
CentroidY: 0.4350
