Location: 2025-04-18_221110-1.png_Mean-Medain.png
Component: component_1745011178040_656.png
centerX: 0.8963486454652533
centerY: 0.9105691056910569
width: 0.02944640753828033
height: 0.03209242618741977
Area: 0.00035154247767138264
CentroidX: 0.9098
CentroidY: 0.9260
