Location: 2025-04-18_221028-1.png_Gaussian-Median.png
Component: component_1745011178723_460.png
centerX: 0.9004711425206124
centerY: 0.9208386820710313
width: 0.03356890459363958
height: 0.031664527171587506
Area: 0.0003767426552822344
CentroidX: 0.9171
CentroidY: 0.9348
