Location: 2025-04-18_221028-1.png_Gaussian-Closing.png
Component: component_1745011178577_275.png
centerX: 0.7620730270906949
centerY: 0.5370132648694907
width: 0.03297997644287397
height: 0.029525032092426188
Area: 0.00039261876717707107
CentroidX: 0.7773
CentroidY: 0.5509
