Location: 2025-04-18_221110-1.png_Mean-Medain.png
Component: component_1745011177984_406.png
centerX: 0.8828032979976443
centerY: 0.5258878904578519
width: 0.030035335689045935
height: 0.025246041934103552
Area: 0.00023839368019865805
CentroidX: 0.8970
CentroidY: 0.5381
