Location: 2025-04-18_221110-1.png_Otsu.png
Component: component_1745011178494_1489.png
centerX: 0.6001177856301532
centerY: 0.9182712879760376
width: 0.025323910482921083
height: 0.02995293110825845
Area: 0.0002507417672279754
CentroidX: 0.6117
CentroidY: 0.9327
