Location: 2025-04-18_221028-1.png_Gaussian-Closing.png
Component: component_1745011178579_290.png
centerX: 0.07773851590106007
centerY: 0.5494223363286265
width: 0.032391048292108364
height: 0.031664527171587506
Area: 0.00036439456825291703
CentroidX: 0.0931
CentroidY: 0.5633
