Location: 2025-04-18_221110-1.png_Mean-Medain.png
Component: component_1745011177984_403.png
centerX: 0.5182567726737338
centerY: 0.5258878904578519
width: 0.027090694935217905
height: 0.026957637997432605
Area: 0.00024418972104915394
CentroidX: 0.5300
CentroidY: 0.5391
