Location: 2025-04-18_221110-1.png_Otsu.png
Component: component_1745011178473_1238.png
centerX: 0.26030624263839813
centerY: 0.8305519897304237
width: 0.0176678445229682
height: 0.015832263585793753
Area: 8.769661808576427e-05
CentroidX: 0.2696
CentroidY: 0.8354
