Location: 2025-04-18_221110-1.png_Mean-Medain.png
Component: component_1745011177976_369.png
centerX: 0.06595995288574794
centerY: 0.49080017115960634
width: 0.028268551236749116
height: 0.024818142918271287
Area: 0.00021924154521441068
CentroidX: 0.0795
CentroidY: 0.5020
