Location: 2025-04-18_221028-1.png_Gaussian-Closing.png
Component: component_1745011178613_472.png
centerX: 0.7067137809187279
centerY: 0.9606332905434317
width: 0.03828032979976443
height: 0.03209242618741977
Area: 0.00041025889150466733
CentroidX: 0.7256
CentroidY: 0.9753
