Location: 2025-04-18_221028-1.png_Gaussian-Closing.png
Component: component_1745011178609_447.png
centerX: 0.944640753828033
centerY: 0.9195549850235345
width: 0.03297997644287397
height: 0.030380830124090714
Area: 0.00037875866949110257
CentroidX: 0.9600
CentroidY: 0.9336
