Location: 2025-04-18_221028-1.png_Gaussian-Closing.png
Component: component_1745011178546_113.png
centerX: 0.6713780918727915
centerY: 0.17543859649122806
width: 0.0353356890459364
height: 0.029525032092426188
Area: 0.0003722066233122811
CentroidX: 0.6886
CentroidY: 0.1895
