Location: 2025-04-18_221110-1.png_Otsu.png
Component: component_1745011178307_216.png
centerX: 0.9387514723203769
centerY: 0.23020967051775781
width: 0.026501766784452298
height: 0.02053915275994865
Area: 0.00019807339602129516
CentroidX: 0.9522
CentroidY: 0.2388
