Location: 2025-04-18_221110-1.png_Mean-Medain.png
Component: component_1745011178025_589.png
centerX: 0.8451118963486455
centerY: 0.7847667950363714
width: 0.02767962308598351
height: 0.02738553701326487
Area: 0.00029837010291248534
CentroidX: 0.8586
CentroidY: 0.7983
