Location: 2025-04-18_221110-1.png_Otsu.png
Component: component_1745011178461_1079.png
centerX: 0.5918727915194346
centerY: 0.7364142062473257
width: 0.026501766784452298
height: 0.02738553701326487
Area: 0.0002016014208868144
CentroidX: 0.6026
CentroidY: 0.7488
