Location: 2025-04-18_221110-1.png_Mean-Medain.png
Component: component_1745011178012_511.png
centerX: 0.3510011778563015
centerY: 0.6675224646983312
width: 0.02237926972909305
height: 0.02781343602909713
Area: 0.00022201356475160436
CentroidX: 0.3617
CentroidY: 0.6802
