Location: 2025-04-18_221110-1.png_Otsu.png
Component: component_1745011178470_1172.png
centerX: 0.05771495877502945
centerY: 0.79204107830552
width: 0.028857479387514724
height: 0.026529738981600343
Area: 0.00019504937470799294
CentroidX: 0.0713
CentroidY: 0.8045
