Location: 2025-04-18_221028-1.png_Gaussian-Median.png
Component: component_1745011178666_148.png
centerX: 0.8898704358068316
centerY: 0.2503209242618742
width: 0.0353356890459364
height: 0.028241335044929396
Area: 0.00036212655226794036
CentroidX: 0.9061
CentroidY: 0.2639
