Location: 2025-04-18_221110-1.png_Mean-Medain.png
Component: component_1745011177969_346.png
centerX: 0.26325088339222613
centerY: 0.4582798459563543
width: 0.02237926972909305
height: 0.02610183996576808
Area: 0.00022050155409495325
CentroidX: 0.2745
CentroidY: 0.4702
