Location: 2025-04-18_221028-1.png_Gaussian-Closing.png
Component: component_1745011178571_241.png
centerX: 0.24558303886925795
centerY: 0.44244758237056053
width: 0.03356890459363958
height: 0.029525032092426188
Area: 0.00035481850076079336
CentroidX: 0.2616
CentroidY: 0.4563
