Location: 2025-04-18_221028-1.png_Gaussian-Median.png
Component: component_1745011178701_335.png
centerX: 0.07714958775029446
centerY: 0.646127513906718
width: 0.03828032979976443
height: 0.028241335044929396
Area: 0.00037850666771499405
CentroidX: 0.0954
CentroidY: 0.6593
