Location: 2025-04-18_221110-1.png_Mean-Medain.png
Component: component_1745011177947_269.png
centerX: 0.9528857479387515
centerY: 0.329482242190843
width: 0.02237926972909305
height: 0.026957637997432605
Area: 0.00023284964112427065
CentroidX: 0.9634
CentroidY: 0.3423
