Location: 2025-04-18_221110-1.png_Mean-Medain.png
Component: component_1745011177922_164.png
centerX: 0.024734982332155476
centerY: 0.19383825417201542
width: 0.027090694935217905
height: 0.02053915275994865
Area: 0.00024267771039250283
CentroidX: 0.0379
CentroidY: 0.2031
