Location: 2025-04-18_221028-1.png_Gaussian-Closing.png
Component: component_1745011178605_424.png
centerX: 0.8091872791519434
centerY: 0.8682071031236628
width: 0.03356890459363958
height: 0.03423192126658109
Area: 0.00037296262864060665
CentroidX: 0.8249
CentroidY: 0.8837
