Location: 2025-04-18_221110-1.png_Mean-Medain.png
Component: component_1745011178024_563.png
centerX: 0.10954063604240283
centerY: 0.7492511767222936
width: 0.028268551236749116
height: 0.026529738981600343
Area: 0.0002991261082408109
CentroidX: 0.1236
CentroidY: 0.7615
