Location: 2025-04-18_221110-1.png_Otsu.png
Component: component_1745011178350_318.png
centerX: 0.22202591283863368
centerY: 0.38724860932819855
width: 0.02944640753828033
height: 0.02781343602909713
Area: 0.0001900093391858226
CentroidX: 0.2362
CentroidY: 0.3996
