Location: 2025-04-18_221028-1.png_Gaussian-Median.png
Component: component_1745011178705_357.png
centerX: 0.22968197879858657
centerY: 0.6880616174582799
width: 0.03769140164899882
height: 0.03123662815575524
Area: 0.00038934274408766034
CentroidX: 0.2478
CentroidY: 0.7025
