Location: 2025-04-18_221028-1.png_Gaussian-Closing.png
Component: component_1745011178560_185.png
centerX: 0.44287396937573614
centerY: 0.3153615746683783
width: 0.03415783274440518
height: 0.029525032092426188
Area: 0.0003530544883280337
CentroidX: 0.4593
CentroidY: 0.3295
