Location: 2025-04-18_221028-1.png_Gaussian-Median.png
Component: component_1745011178698_327.png
centerX: 0.40518256772673733
centerY: 0.6367137355584083
width: 0.04004711425206125
height: 0.031664527171587506
Area: 0.00042689100872782954
CentroidX: 0.4256
CentroidY: 0.6516
