Location: 2025-04-18_221110-1.png_Otsu.png
Component: component_1745011178300_211.png
centerX: 0.49705535924617195
centerY: 0.22635857937526743
width: 0.02767962308598351
height: 0.022250748823277707
Area: 0.00020260942799124848
CentroidX: 0.5090
CentroidY: 0.2370
