Location: 2025-04-18_221028-1.png_Gaussian-Median.png
Component: component_1745011178653_79.png
centerX: 0.6919905771495878
centerY: 0.12708600770218229
width: 0.035924617196702
height: 0.03080872913992298
Area: 0.0003908547547443114
CentroidX: 0.7089
CentroidY: 0.1415
