Location: 2025-04-18_221028-1.png_Gaussian-Median.png
Component: component_1745011178719_443.png
centerX: 0.6489988221436984
centerY: 0.8746255883611468
width: 0.030624263839811542
height: 0.03209242618741977
Area: 0.00035708651674577004
CentroidX: 0.6636
CentroidY: 0.8891
