Location: 2025-04-18_221110-1.png_Otsu.png
Component: component_1745011178365_373.png
centerX: 0.8457008244994111
centerY: 0.42704321780059906
width: 0.030035335689045935
height: 0.025673940949935817
Area: 0.0001527130763217619
CentroidX: 0.8573
CentroidY: 0.4381
