Location: 2025-04-18_221028-1.png_Gaussian-Closing.png
Component: component_1745011178553_144.png
centerX: 0.38162544169611307
centerY: 0.22978177150192555
width: 0.03828032979976443
height: 0.031664527171587506
Area: 0.00039135875829652845
CentroidX: 0.4005
CentroidY: 0.2448
