Location: 2025-04-18_221110-1.png_Otsu.png
Component: component_1745011178446_855.png
centerX: 0.1896348645465253
centerY: 0.6670945656824989
width: 0.02591283863368669
height: 0.024818142918271287
Area: 0.00013960898396411897
CentroidX: 0.2019
CentroidY: 0.6776
