Location: 2025-04-18_221110-1.png_Otsu.png
Component: component_1745011178479_1354.png
centerX: 0.24322732626619553
centerY: 0.8677792041078306
width: 0.02237926972909305
height: 0.028241335044929396
Area: 0.0001232288685170653
CentroidX: 0.2558
CentroidY: 0.8783
