Location: 2025-04-18_221110-1.png_Mean-Medain.png
Component: component_1745011177984_404.png
centerX: 0.7567726737338045
centerY: 0.5258878904578519
width: 0.024734982332155476
height: 0.02396234488660676
Area: 0.00021571352034889142
CentroidX: 0.7692
CentroidY: 0.5368
