Location: 2025-04-18_221110-1.png_Otsu.png
Component: component_1745011178250_65.png
centerX: 0.22850412249705537
centerY: 0.06332905434317501
width: 0.032391048292108364
height: 0.02995293110825845
Area: 0.0002829979945698657
CentroidX: 0.2445
CentroidY: 0.0779
