Location: 2025-04-18_221110-1.png_Mean-Medain.png
Component: component_1745011177999_452.png
centerX: 0.7697290930506479
centerY: 0.5934959349593496
width: 0.027090694935217905
height: 0.025246041934103552
Area: 0.00021999755054273622
CentroidX: 0.7826
CentroidY: 0.6049
