Location: 2025-04-18_221028-1.png_Gaussian-Closing.png
Component: component_1745011178574_261.png
centerX: 0.3822143698468787
centerY: 0.49165596919127086
width: 0.03356890459363958
height: 0.028241335044929396
Area: 0.00035759052029798706
CentroidX: 0.3984
CentroidY: 0.5047
