Location: 2025-04-18_221110-1.png_Mean-Medain.png
Component: component_1745011177965_332.png
centerX: 0.9210836277974087
centerY: 0.4244758237056055
width: 0.02061248527679623
height: 0.025246041934103552
Area: 0.00022302157185603844
CentroidX: 0.9307
CentroidY: 0.4363
