Location: 2025-04-18_221028-1.png_Gaussian-Median.png
Component: component_1745011178672_187.png
centerX: 0.36101295641931685
centerY: 0.3200684638425332
width: 0.03415783274440518
height: 0.026957637997432605
Area: 0.00035431449720857634
CentroidX: 0.3782
CentroidY: 0.3321
