Location: 2025-04-18_221110-1.png_Otsu.png
Component: component_1745011178272_88.png
centerX: 0.5323910482921084
centerY: 0.0962772785622593
width: 0.02944640753828033
height: 0.028241335044929396
Area: 0.00025250577966073504
CentroidX: 0.5480
CentroidY: 0.1088
