Location: 2025-04-18_221110-1.png_Mean-Medain.png
Component: component_1745011177963_325.png
centerX: 0.42579505300353354
centerY: 0.42362002567394097
width: 0.022968197879858657
height: 0.026957637997432605
Area: 0.00022352557540825547
CentroidX: 0.4361
CentroidY: 0.4364
