Location: 2025-04-18_221110-1.png_Mean-Medain.png
Component: component_1745011178045_673.png
centerX: 0.09952885747938751
centerY: 0.9182712879760376
width: 0.028857479387514724
height: 0.030380830124090714
Area: 0.0003129862059267794
CentroidX: 0.1129
CentroidY: 0.9322
