Location: 2025-04-18_221028-1.png_Gaussian-Median.png
Component: component_1745011178710_390.png
centerX: 0.9611307420494699
centerY: 0.7715019255455713
width: 0.03297997644287397
height: 0.02995293110825845
Area: 0.0003762386517300174
CentroidX: 0.9772
CentroidY: 0.7855
