Location: 2025-04-18_221110-1.png_Mean-Medain.png
Component: component_1745011177984_405.png
centerX: 0.842756183745583
centerY: 0.5254599914420197
width: 0.027090694935217905
height: 0.025673940949935817
Area: 0.00022680159849766622
CentroidX: 0.8562
CentroidY: 0.5369
