Location: 2025-04-18_221110-1.png_Mean-Medain.png
Component: component_1745011178030_620.png
centerX: 0.3498233215547703
centerY: 0.8305519897304237
width: 0.03121319199057715
height: 0.02267864783910997
Area: 0.0002696419004361143
CentroidX: 0.3647
CentroidY: 0.8408
