Location: 2025-04-18_221110-1.png_Otsu.png
Component: component_1745011178396_505.png
centerX: 0.7444051825677267
centerY: 0.49550706033376124
width: 0.025323910482921083
height: 0.025246041934103552
Area: 0.00015901312072447485
CentroidX: 0.7561
CentroidY: 0.5065
