Location: 2025-04-18_221110-1.png_Otsu.png
Component: component_1745011178288_178.png
centerX: 0.7691401648998822
centerY: 0.19212665810868634
width: 0.024734982332155476
height: 0.02267864783910997
Area: 0.00022327357363214695
CentroidX: 0.7803
CentroidY: 0.2029
