Location: 2025-04-18_221110-1.png_Mean-Medain.png
Component: component_1745011177990_434.png
centerX: 0.27326266195524146
centerY: 0.5596919127086007
width: 0.02767962308598351
height: 0.030380830124090714
Area: 0.00026107384004842466
CentroidX: 0.2867
CentroidY: 0.5737
