Location: 2025-04-18_221110-1.png_Otsu.png
Component: component_1745011178230_23.png
centerX: 0.2067137809187279
centerY: 0.017543859649122806
width: 0.028857479387514724
height: 0.029097133076593923
Area: 0.00030089012067357053
CentroidX: 0.2197
CentroidY: 0.0310
