Location: 2025-04-18_221028-1.png_Gaussian-Closing.png
Component: component_1745011178582_306.png
centerX: 0.3115429917550059
centerY: 0.5905006418485238
width: 0.03180212014134275
height: 0.026957637997432605
Area: 0.0003507864723430571
CentroidX: 0.3264
CentroidY: 0.6033
