Location: 2025-04-18_221110-1.png_Mean-Medain.png
Component: component_1745011177974_363.png
centerX: 0.6772673733804476
centerY: 0.46255883611467696
width: 0.02767962308598351
height: 0.02610183996576808
Area: 0.0002225175683038214
CentroidX: 0.6905
CentroidY: 0.4754
