Location: 2025-04-18_221028-1.png_Gaussian-Median.png
Component: component_1745011178730_497.png
centerX: 0.09069493521790342
centerY: 0.9738981600342319
width: 0.04004711425206125
height: 0.025673940949935817
Area: 0.00033617036932876305
CentroidX: 0.1089
CentroidY: 0.9859
