Location: 2025-04-18_221110-1.png_Otsu.png
Component: component_1745011178372_431.png
centerX: 0.9387514723203769
centerY: 0.45999144201968334
width: 0.028857479387514724
height: 0.025246041934103552
Area: 0.00016732917933605596
CentroidX: 0.9518
CentroidY: 0.4707
