Location: 2025-04-18_221028-1.png_Gaussian-Closing.png
Component: component_1745011178606_433.png
centerX: 0.5577149587750294
centerY: 0.8759092854086435
width: 0.03828032979976443
height: 0.03423192126658109
Area: 0.00038631872277435813
CentroidX: 0.5773
CentroidY: 0.8920
