Location: 2025-04-18_221110-1.png_Mean-Medain.png
Component: component_1745011177962_323.png
centerX: 0.1348645465253239
centerY: 0.42362002567394097
width: 0.027090694935217905
height: 0.02396234488660676
Area: 0.0002210055576471703
CentroidX: 0.1485
CentroidY: 0.4349
