Location: 2025-04-18_221110-1.png_Otsu.png
Component: component_1745011178373_435.png
centerX: 0.4204946996466431
centerY: 0.4617030380830124
width: 0.024146054181389872
height: 0.02396234488660676
Area: 0.00016657317400773042
CentroidX: 0.4318
CentroidY: 0.4718
