Location: 2025-04-18_221028-1.png_Gaussian-Closing.png
Component: component_1745011178607_436.png
centerX: 0.45995288574793874
centerY: 0.8836114676936243
width: 0.034746760895170786
height: 0.028241335044929396
Area: 0.00033566636577654597
CentroidX: 0.4758
CentroidY: 0.8965
