Location: 2025-04-18_221110-1.png_Otsu.png
Component: component_1745011178465_1107.png
centerX: 0.10954063604240283
centerY: 0.7496790757381258
width: 0.028268551236749116
height: 0.02610183996576808
Area: 0.0002154615185727829
CentroidX: 0.1236
CentroidY: 0.7614
