Location: 2025-04-18_221110-1.png_Otsu.png
Component: component_1745011178274_92.png
centerX: 0.4163722025912839
centerY: 0.10312366281557553
width: 0.025323910482921083
height: 0.026957637997432605
Area: 0.0002126894990355892
CentroidX: 0.4289
CentroidY: 0.1159
