Location: 2025-04-18_221110-1.png_Mean-Medain.png
Component: component_1745011177892_31.png
centerX: 0.5453474676089517
centerY: 0.016260162601626018
width: 0.030035335689045935
height: 0.02738553701326487
Area: 0.00033541436400043746
CentroidX: 0.5610
CentroidY: 0.0295
