Location: 2025-04-18_221110-1.png_Mean-Medain.png
Component: component_1745011177947_273.png
centerX: 0.21849234393404005
centerY: 0.3547282841249465
width: 0.030035335689045935
height: 0.026529738981600343
Area: 0.00023410965000481324
CentroidX: 0.2323
CentroidY: 0.3675
