Location: 2025-04-18_221110-1.png_Otsu.png
Component: component_1745011178387_498.png
centerX: 0.7832744405182568
centerY: 0.4942233632862644
width: 0.02120141342756184
height: 0.02738553701326487
Area: 0.00016128113670945153
CentroidX: 0.7931
CentroidY: 0.5068
