Location: 2025-04-18_221110-1.png_Otsu.png
Component: component_1745011178325_239.png
centerX: 0.42579505300353354
centerY: 0.2588789045785195
width: 0.02061248527679623
height: 0.021822849807445442
Area: 0.00017715724860428817
CentroidX: 0.4359
CentroidY: 0.2702
