Location: 2025-04-18_221110-1.png_Otsu.png
Component: component_1745011178410_639.png
centerX: 0.3121319199057715
centerY: 0.5626872058194267
width: 0.02767962308598351
height: 0.026957637997432605
Area: 0.0001736292237387689
CentroidX: 0.3258
CentroidY: 0.5746
