Location: 2025-04-18_221110-1.png_Otsu.png
Component: component_1745011178267_82.png
centerX: 0.6831566548881036
centerY: 0.09328198545143346
width: 0.025323910482921083
height: 0.025673940949935817
Area: 0.00022982561981096844
CentroidX: 0.6957
CentroidY: 0.1054
