Location: 2025-04-18_221110-1.png_Otsu.png
Component: component_1745011178469_1160.png
centerX: 0.6513545347467609
centerY: 0.7881899871630296
width: 0.02944640753828033
height: 0.026957637997432605
Area: 0.00016833718644049004
CentroidX: 0.6654
CentroidY: 0.7998
