Location: 2025-04-18_221110-1.png_Otsu.png
Component: component_1745011178473_1236.png
centerX: 0.7461719670200235
centerY: 0.8284124946512623
width: 0.028857479387514724
height: 0.028241335044929396
Area: 0.0001577531118439323
CentroidX: 0.7611
CentroidY: 0.8411
