Location: 2025-04-18_221110-1.png_Otsu.png
Component: component_1745011178474_1239.png
centerX: 0.3510011778563015
centerY: 0.8305519897304237
width: 0.024734982332155476
height: 0.022250748823277707
Area: 0.0001413729963968786
CentroidX: 0.3627
CentroidY: 0.8399
