Location: 2025-04-18_221110-1.png_Mean-Medain.png
Component: component_1745011177935_216.png
centerX: 0.8857479387514723
centerY: 0.25759520753102266
width: 0.026501766784452298
height: 0.02781343602909713
Area: 0.0002754379412866102
CentroidX: 0.8988
CentroidY: 0.2707
