Location: 2025-04-18_221110-1.png_Otsu.png
Component: component_1745011178476_1303.png
centerX: 0.3168433451118963
centerY: 0.8433889602053916
width: 0.010011778563015312
height: 0.016260162601626018
Area: 4.33443054906651e-05
CentroidX: 0.3210
CentroidY: 0.8534
