Location: 2025-04-18_221028-1.png_Gaussian-Closing.png
Component: component_1745011178540_78.png
centerX: 0.19846878680800942
centerY: 0.10269576379974327
width: 0.04122497055359246
height: 0.02866923406076166
Area: 0.0004011868275647607
CentroidX: 0.2188
CentroidY: 0.1154
