Location: 2025-04-18_221028-1.png_Gaussian-Median.png
Component: component_1745011178642_22.png
centerX: 0.25559481743227325
centerY: 0.011553273427471117
width: 0.03828032979976443
height: 0.03209242618741977
Area: 0.0004072348701913651
CentroidX: 0.2733
CentroidY: 0.0267
