Location: 2025-04-18_221110-1.png_Mean-Medain.png
Component: component_1745011178003_465.png
centerX: 0.5842167255594818
centerY: 0.5969191270860077
width: 0.028857479387514724
height: 0.026529738981600343
Area: 0.00022302157185603844
CentroidX: 0.5977
CentroidY: 0.6087
