Location: 2025-04-18_221110-1.png_Mean-Medain.png
Component: component_1745011178015_525.png
centerX: 0.6578327444051826
centerY: 0.7000427899015832
width: 0.024146054181389872
height: 0.025673940949935817
Area: 0.00019908140312572924
CentroidX: 0.6702
CentroidY: 0.7136
