Location: 2025-04-18_221110-1.png_Otsu.png
Component: component_1745011178279_126.png
centerX: 0.33451118963486454
centerY: 0.15190415062045357
width: 0.024146054181389872
height: 0.026529738981600343
Area: 0.00018698531787252038
CentroidX: 0.3461
CentroidY: 0.1638
