Location: 2025-04-18_221028-1.png_Gaussian-Median.png
Component: component_1745011178675_208.png
centerX: 0.24381625441696114
centerY: 0.38382541720154045
width: 0.03415783274440518
height: 0.03123662815575524
Area: 0.0004092508844002333
CentroidX: 0.2607
CentroidY: 0.3982
