Location: 2025-04-18_221028-1.png_Gaussian-Closing.png
Component: component_1745011178576_272.png
centerX: 0.8404004711425206
centerY: 0.5323063756953359
width: 0.03180212014134275
height: 0.026957637997432605
Area: 0.00038127868725218775
CentroidX: 0.8552
CentroidY: 0.5450
