Location: 2025-04-18_221028-1.png_Gaussian-Closing.png
Component: component_1745011178559_178.png
centerX: 0.8928150765606596
centerY: 0.3055198973042362
width: 0.034746760895170786
height: 0.03080872913992298
Area: 0.00039387877605761364
CentroidX: 0.9087
CentroidY: 0.3198
