Location: 2025-04-18_221028-1.png_Gaussian-Median.png
Component: component_1745011178687_267.png
centerX: 0.33627797408716137
centerY: 0.49293966623876767
width: 0.03356890459363958
height: 0.029525032092426188
Area: 0.0003906027529682029
CentroidX: 0.3518
CentroidY: 0.5069
