Location: 2025-04-18_221110-1.png_Mean-Medain.png
Component: component_1745011178038_647.png
centerX: 0.411660777385159
centerY: 0.8712023962344887
width: 0.028857479387514724
height: 0.02738553701326487
Area: 0.0002978660993602683
CentroidX: 0.4259
CentroidY: 0.8834
