Location: 2025-04-18_221028-1.png_Gaussian-Median.png
Component: component_1745011178662_126.png
centerX: 0.7756183745583038
centerY: 0.20838682071031236
width: 0.03356890459363958
height: 0.030380830124090714
Area: 0.0003873267298787922
CentroidX: 0.7907
CentroidY: 0.2227
