Location: 2025-04-18_221110-1.png_Mean-Medain.png
Component: component_1745011177978_378.png
centerX: 0.6654888103651354
centerY: 0.4937954642704322
width: 0.02944640753828033
height: 0.02781343602909713
Area: 0.0002394016873030921
CentroidX: 0.6798
CentroidY: 0.5074
