Location: 2025-04-18_221110-1.png_Mean-Medain.png
Component: component_1745011177923_169.png
centerX: 0.9305064782096584
centerY: 0.19683354728284125
width: 0.027090694935217905
height: 0.021822849807445442
Area: 0.00023562166066146435
CentroidX: 0.9437
CentroidY: 0.2071
