Location: 2025-04-18_221110-1.png_Mean-Medain.png
Component: component_1745011177963_324.png
centerX: 0.30565371024734983
centerY: 0.4240479246897732
width: 0.027090694935217905
height: 0.025246041934103552
Area: 0.00023184163401983657
CentroidX: 0.3192
CentroidY: 0.4361
