Location: 2025-04-18_221028-1.png_Gaussian-Median.png
Component: component_1745011178723_463.png
centerX: 0.8180212014134276
centerY: 0.9234060761660248
width: 0.034746760895170786
height: 0.031664527171587506
Area: 0.0003749786428494748
CentroidX: 0.8339
CentroidY: 0.9385
