Location: 2025-04-18_221110-1.png_Otsu.png
Component: component_1745011178273_89.png
centerX: 0.5053003533568905
centerY: 0.0975609756097561
width: 0.02767962308598351
height: 0.02781343602909713
Area: 0.00023284964112427065
CentroidX: 0.5190
CentroidY: 0.1113
