Location: 2025-04-18_221028-1.png_Gaussian-Median.png
Component: component_1745011178683_254.png
centerX: 0.7061248527679623
centerY: 0.48010269576379977
width: 0.037102473498233215
height: 0.029525032092426188
Area: 0.0004072348701913651
CentroidX: 0.7237
CentroidY: 0.4940
