Location: 2025-04-18_221028-1.png_Gaussian-Median.png
Component: component_1745011178686_263.png
centerX: 0.16784452296819788
centerY: 0.49165596919127086
width: 0.03121319199057715
height: 0.03423192126658109
Area: 0.0003961467920425903
CentroidX: 0.1831
CentroidY: 0.5077
