Location: 2025-04-18_221028-1.png_Gaussian-Closing.png
Component: component_1745011178572_250.png
centerX: 0.7862190812720848
centerY: 0.4766795036371416
width: 0.03415783274440518
height: 0.030380830124090714
Area: 0.0003510384741191656
CentroidX: 0.8032
CentroidY: 0.4906
