Location: 2025-04-18_221110-1.png_Mean-Medain.png
Component: component_1745011177936_219.png
centerX: 0.7438162544169611
centerY: 0.2593068035943517
width: 0.027090694935217905
height: 0.02610183996576808
Area: 0.00023436165178092176
CentroidX: 0.7565
CentroidY: 0.2715
