Location: 2025-04-18_221028-1.png_Gaussian-Median.png
Component: component_1745011178724_468.png
centerX: 0.41460541813898705
centerY: 0.9289687633718442
width: 0.034746760895170786
height: 0.03209242618741977
Area: 0.0003550705025369019
CentroidX: 0.4311
CentroidY: 0.9443
