Location: 2025-04-18_221028-1.png_Gaussian-Closing.png
Component: component_1745011178608_443.png
centerX: 0.04004711425206125
centerY: 0.8938810440735986
width: 0.034746760895170786
height: 0.02781343602909713
Area: 0.0003454944350447782
CentroidX: 0.0570
CentroidY: 0.9068
