Location: 2025-04-18_221110-1.png_Otsu.png
Component: component_1745011178241_40.png
centerX: 0.06654888103651355
centerY: 0.02053915275994865
width: 0.028857479387514724
height: 0.03594351732991014
Area: 0.0003558265078652274
CentroidX: 0.0805
CentroidY: 0.0375
