Location: 2025-04-18_221110-1.png_Otsu.png
Component: component_1745011178381_496.png
centerX: 0.6654888103651354
centerY: 0.4937954642704322
width: 0.026501766784452298
height: 0.02738553701326487
Area: 0.00013507295199416565
CentroidX: 0.6766
CentroidY: 0.5053
