Location: 2025-04-18_221110-1.png_Mean-Medain.png
Component: component_1745011177991_439.png
centerX: 0.35217903415783275
centerY: 0.5622593068035944
width: 0.030624263839811542
height: 0.02866923406076166
Area: 0.00024721374236245615
CentroidX: 0.3663
CentroidY: 0.5758
