Location: 2025-04-18_221028-1.png_Gaussian-Median.png
Component: component_1745011178696_312.png
centerX: 0.12897526501766785
centerY: 0.5977749251176723
width: 0.034746760895170786
height: 0.02866923406076166
Area: 0.0003797666765955366
CentroidX: 0.1456
CentroidY: 0.6111
