Location: 2025-04-18_221028-1.png_Gaussian-Closing.png
Component: component_1745011178572_249.png
centerX: 0.748527679623086
centerY: 0.4771074026529739
width: 0.03356890459363958
height: 0.029525032092426188
Area: 0.00037422263752114927
CentroidX: 0.7648
CentroidY: 0.4913
