Location: 2025-04-18_221110-1.png_Otsu.png
Component: component_1745011178365_368.png
centerX: 0.5936395759717314
centerY: 0.42618741976893454
width: 0.024146054181389872
height: 0.03123662815575524
Area: 0.00018093727524591592
CentroidX: 0.6051
CentroidY: 0.4406
