Location: 2025-04-18_221110-1.png_Otsu.png
Component: component_1745011178291_191.png
centerX: 0.931095406360424
centerY: 0.19683354728284125
width: 0.02591283863368669
height: 0.02139495079161318
Area: 0.00020689345818509329
CentroidX: 0.9436
CentroidY: 0.2071
