Location: 2025-04-18_221028-1.png_Gaussian-Closing.png
Component: component_1745011178529_35.png
centerX: 0.13074204946996468
centerY: 0.012836970474967908
width: 0.035924617196702
height: 0.03465982028241335
Area: 0.00041025889150466733
CentroidX: 0.1489
CentroidY: 0.0283
