Location: 2025-04-18_221110-1.png_Otsu.png
Component: component_1745011178326_243.png
centerX: 0.10482921083627797
centerY: 0.2888318356867779
width: 0.028268551236749116
height: 0.023106546854942234
Area: 0.00018496930366365222
CentroidX: 0.1183
CentroidY: 0.2999
