Location: 2025-04-18_221110-1.png_Mean-Medain.png
Component: component_1745011178049_685.png
centerX: 0.6195524146054181
centerY: 0.9606332905434317
width: 0.02767962308598351
height: 0.031664527171587506
Area: 0.00033087833203048416
CentroidX: 0.6335
CentroidY: 0.9758
