Location: 2025-04-18_221110-1.png_Otsu.png
Component: component_1745011178350_314.png
centerX: 0.9199057714958775
centerY: 0.363714163457424
width: 0.026501766784452298
height: 0.02267864783910997
Area: 0.00017186521130600928
CentroidX: 0.9322
CentroidY: 0.3741
