Location: 2025-04-18_221110-1.png_Otsu.png
Component: component_1745011178310_218.png
centerX: 0.20965842167255594
centerY: 0.25288831835686776
width: 0.02767962308598351
height: 0.02267864783910997
Area: 0.00019076534451414813
CentroidX: 0.2224
CentroidY: 0.2633
