Location: 2025-04-18_221110-1.png_Mean-Medain.png
Component: component_1745011177925_178.png
centerX: 0.18315665488810365
centerY: 0.22379118528027386
width: 0.025323910482921083
height: 0.02139495079161318
Area: 0.00019958540667794626
CentroidX: 0.1951
CentroidY: 0.2338
