Location: 2025-04-18_221028-1.png_Gaussian-Closing.png
Component: component_1745011178606_434.png
centerX: 0.6048292108362779
centerY: 0.8763371844244758
width: 0.030624263839811542
height: 0.031664527171587506
Area: 0.00035885052917852963
CentroidX: 0.6197
CentroidY: 0.8909
