Location: 2025-04-18_221028-1.png_Gaussian-Median.png
Component: component_1745011178683_253.png
centerX: 0.826266195524146
centerY: 0.4771074026529739
width: 0.0353356890459364
height: 0.02995293110825845
Area: 0.00037598664995390886
CentroidX: 0.8435
CentroidY: 0.4913
