Location: 2025-04-18_221110-1.png_Mean-Medain.png
Component: component_1745011177924_174.png
centerX: 0.028857479387514724
centerY: 0.22250748823277705
width: 0.030035335689045935
height: 0.02267864783910997
Area: 0.0002462057352580221
CentroidX: 0.0436
CentroidY: 0.2329
