Location: 2025-04-18_221110-1.png_Otsu.png
Component: component_1745011178372_429.png
centerX: 0.5347467608951708
centerY: 0.4591356439880188
width: 0.024734982332155476
height: 0.02738553701326487
Area: 0.00016581716867940485
CentroidX: 0.5452
CentroidY: 0.4707
