Location: 2025-04-18_221028-1.png_Gaussian-Median.png
Component: component_1745011178703_351.png
centerX: 0.5217903415783275
centerY: 0.6816431322207959
width: 0.03356890459363958
height: 0.03123662815575524
Area: 0.00038682272632657516
CentroidX: 0.5383
CentroidY: 0.6967
