Location: 2025-04-18_221110-1.png_Otsu.png
Component: component_1745011178327_247.png
centerX: 0.49411071849234395
centerY: 0.2892597347026102
width: 0.02944640753828033
height: 0.02267864783910997
Area: 0.00019227735517079924
CentroidX: 0.5080
CentroidY: 0.2996
