Location: 2025-04-18_221110-1.png_Otsu.png
Component: component_1745011178498_1552.png
centerX: 0.5241460541813898
centerY: 0.9614890885750963
width: 0.028857479387514724
height: 0.03080872913992298
Area: 0.0002111774883789381
CentroidX: 0.5381
CentroidY: 0.9768
