Location: 2025-04-18_221110-1.png_Mean-Medain.png
Component: component_1745011177900_69.png
centerX: 0.41401648998822144
centerY: 0.057766367137355584
width: 0.02767962308598351
height: 0.02781343602909713
Area: 0.0002880380300920361
CentroidX: 0.4281
CentroidY: 0.0705
