Location: 2025-04-18_221028-1.png_Gaussian-Median.png
Component: component_1745011178671_178.png
centerX: 0.5795053003533569
centerY: 0.31364997860504923
width: 0.030624263839811542
height: 0.03209242618741977
Area: 0.00037598664995390886
CentroidX: 0.5947
CentroidY: 0.3279
