Location: 2025-04-18_221028-1.png_Gaussian-Median.png
Component: component_1745011178663_133.png
centerX: 0.5665488810365136
centerY: 0.220795892169448
width: 0.03297997644287397
height: 0.03209242618741977
Area: 0.00037573464817780035
CentroidX: 0.5825
CentroidY: 0.2356
