Location: 2025-04-18_221110-1.png_Otsu.png
Component: component_1745011178465_1104.png
centerX: 0.06419316843345112
centerY: 0.7488232777064613
width: 0.026501766784452298
height: 0.02738553701326487
Area: 0.0002207535558710618
CentroidX: 0.0767
CentroidY: 0.7611
