Location: 2025-04-18_221110-1.png_Mean-Medain.png
Component: component_1745011177897_52.png
centerX: 0.8828032979976443
centerY: 0.0410783055198973
width: 0.03769140164899882
height: 0.030380830124090714
Area: 0.00036036253983518077
CentroidX: 0.9020
CentroidY: 0.0563
