Location: 2025-04-18_221028-1.png_Gaussian-Median.png
Component: component_1745011178711_394.png
centerX: 0.9128386336866903
centerY: 0.7740693196405648
width: 0.0353356890459364
height: 0.02866923406076166
Area: 0.00034599843859699523
CentroidX: 0.9293
CentroidY: 0.7878
