Location: 2025-04-18_221110-1.png_Otsu.png
Component: component_1745011178448_861.png
centerX: 0.10600706713780919
centerY: 0.668806161745828
width: 0.024146054181389872
height: 0.02610183996576808
Area: 0.0001806852734698074
CentroidX: 0.1178
CentroidY: 0.6806
