Location: 2025-04-18_221028-1.png_Gaussian-Closing.png
Component: component_1745011178548_122.png
centerX: 0.30977620730270905
centerY: 0.18699186991869918
width: 0.03356890459363958
height: 0.02738553701326487
Area: 0.00035028246879084
CentroidX: 0.3256
CentroidY: 0.2000
