Location: 2025-04-18_221110-1.png_Mean-Medain.png
Component: component_1745011178048_682.png
centerX: 0.7638398115429917
centerY: 0.9550706033376123
width: 0.032391048292108364
height: 0.0329482242190843
Area: 0.00036993860732730444
CentroidX: 0.7796
CentroidY: 0.9698
