Location: 2025-04-18_221110-1.png_Otsu.png
Component: component_1745011178439_788.png
centerX: 0.0983510011778563
centerY: 0.6328626444159179
width: 0.02944640753828033
height: 0.026957637997432605
Area: 0.00015170506921732783
CentroidX: 0.1137
CentroidY: 0.6449
