Location: 2025-04-18_221110-1.png_Otsu.png
Component: component_1745011178223_21.png
centerX: 0.5453474676089517
centerY: 0.016260162601626018
width: 0.030035335689045935
height: 0.02738553701326487
Area: 0.00030996218461347717
CentroidX: 0.5611
CentroidY: 0.0296
