Location: 2025-04-18_221028-1.png_Gaussian-Median.png
Component: component_1745011178675_209.png
centerX: 0.2856301531213192
centerY: 0.38382541720154045
width: 0.034746760895170786
height: 0.032520325203252036
Area: 0.0003772466588344515
CentroidX: 0.3031
CentroidY: 0.3982
