Location: 2025-04-18_221110-1.png_Mean-Medain.png
Component: component_1745011178005_474.png
centerX: 0.690223792697291
centerY: 0.6285836542575952
width: 0.023557126030624265
height: 0.024818142918271287
Area: 0.00021848553988608512
CentroidX: 0.7013
CentroidY: 0.6394
