Location: 2025-04-18_221110-1.png_Mean-Medain.png
Component: component_1745011178006_482.png
centerX: 0.5376914016489989
centerY: 0.6311510483525888
width: 0.025323910482921083
height: 0.029097133076593923
Area: 0.00025275778143684356
CentroidX: 0.5495
CentroidY: 0.6443
