Location: 2025-04-18_221110-1.png_Mean-Medain.png
Component: component_1745011177953_292.png
centerX: 0.9199057714958775
centerY: 0.363714163457424
width: 0.027090694935217905
height: 0.02267864783910997
Area: 0.00021747753278165104
CentroidX: 0.9326
CentroidY: 0.3745
