Location: 2025-04-18_221028-1.png_Gaussian-Median.png
Component: component_1745011178678_226.png
centerX: 0.7956419316843345
centerY: 0.4249037227214377
width: 0.028268551236749116
height: 0.029525032092426188
Area: 0.0003666625842378937
CentroidX: 0.8087
CentroidY: 0.4389
