Location: 2025-04-18_221110-1.png_Otsu.png
Component: component_1745011178291_189.png
centerX: 0.8951707891637221
centerY: 0.19469405220367994
width: 0.02591283863368669
height: 0.0235344458707745
Area: 0.00023058162513929398
CentroidX: 0.9074
CentroidY: 0.2059
