Location: 2025-04-18_221028-1.png_Gaussian-Closing.png
Component: component_1745011178567_228.png
centerX: 0.7550058892815077
centerY: 0.42618741976893454
width: 0.03121319199057715
height: 0.02781343602909713
Area: 0.0003512904758952741
CentroidX: 0.7700
CentroidY: 0.4384
