Location: Dedata_8.png_Gaussian-Closing.png
Component: component_1755522187054_44.png
centerX: 0.910483870967742
centerY: 0.08007979481333713
width: 0.03588709677419355
height: 0.034482758620689655
Area: 0.0004570045688965701
CentroidX: 0.9261
CentroidY: 0.0964
