Location: internet_13.png_Gaussian-Median.png
Component: component_1755088480796_211.png
centerX: 0.46634421604191856
centerY: 0.42001710863986313
width: 0.02781136638452237
height: 0.032506415739948676
Area: 0.00042271649480448326
CentroidX: 0.4784
CentroidY: 0.4353
