Location: Dedata_8.png_Mean-Closing.png
Component: component_1755522186974_275.png
centerX: 0.6600806451612903
centerY: 0.6147050441721288
width: 0.024596774193548387
height: 0.0347677400968937
Area: 0.0003664540030704456
CentroidX: 0.6713
CentroidY: 0.6331
