Location: Kurtxevani_1764_page_10.png_Otsu.png
Component: component_1755610055885_987.png
centerX: 0.484789644012945
centerY: 0.3507951356407858
width: 0.012944983818770227
height: 0.017305893358278764
Area: 0.00013713932810811302
CentroidX: 0.4908
CentroidY: 0.3596
