Location: internet_13.png_Mean-Medain.png
Component: component_1755088480940_69.png
centerX: 0.32083837162434503
centerY: 0.10464784716281722
width: 0.024989923417976623
height: 0.029369831765041345
Area: 0.00029548779449220405
CentroidX: 0.3330
CentroidY: 0.1177
