Location: Dedata_8.png_Gaussian-Closing.png
Component: component_1755522187122_300.png
centerX: 0.6620967741935484
centerY: 0.6668566543174693
width: 0.028629032258064516
height: 0.033912795668281565
Area: 0.00033967953373353313
CentroidX: 0.6739
CentroidY: 0.6844
