Location: Dedata_8.png_Otsu.png
Component: component_1755522187516_313.png
centerX: 0.6241935483870967
centerY: 0.5648332858364207
width: 0.027822580645161292
height: 0.03590766600170989
Area: 0.0002972770479596246
CentroidX: 0.6367
CentroidY: 0.5850
