Location: internet_13.png_Mean-Medain.png
Component: component_1755088480959_164.png
centerX: 0.6243450221684804
centerY: 0.3136583974907328
width: 0.030632809351068116
height: 0.031936127744510975
Area: 0.0004869629658745502
CentroidX: 0.6382
CentroidY: 0.3282
