Location: Dedata_8.png_Otsu.png
Component: component_1755522187469_197.png
centerX: 0.11129032258064517
centerY: 0.323168994015389
width: 0.031451612903225803
height: 0.03505272157309775
Area: 0.00042230117945559343
CentroidX: 0.1243
CentroidY: 0.3396
