Location: Dedata_8.png_Otsu.png
Component: component_1755522187514_307.png
centerX: 0.2060483870967742
centerY: 0.5568538045027073
width: 0.031048387096774193
height: 0.02821316614420063
Area: 0.00025188685316099616
CentroidX: 0.2189
CentroidY: 0.5705
