Location: internet_13.png_Gaussian-Median.png
Component: component_1755088480787_193.png
centerX: 0.36436920596533656
centerY: 0.37610493299116055
width: 0.02902055622732769
height: 0.03706871970345024
Area: 0.0004837448957672839
CentroidX: 0.3778
CentroidY: 0.3939
