Location: Dedata_8.png_Mean-Closing.png
Component: component_1755522186984_313.png
centerX: 0.7588709677419355
centerY: 0.7198632088914221
width: 0.025403225806451612
height: 0.03619264747791394
Area: 0.00038506972853216155
CentroidX: 0.7705
CentroidY: 0.7399
