Location: Kurtxevani_1764_page_10.png_Otsu.png
Component: component_1755610055949_1392.png
centerX: 0.7262135922330097
centerY: 0.5617399438727783
width: 0.01423948220064725
height: 0.01777362020579981
Area: 0.00015288159093730037
CentroidX: 0.7328
CentroidY: 0.5704
