Location: internet_13.png_Mean-Medain.png
Component: component_1755088480958_159.png
centerX: 0.7698508665860541
centerY: 0.3022526375819789
width: 0.02781136638452237
height: 0.033361847733105215
Area: 0.00045432254050084894
CentroidX: 0.7816
CentroidY: 0.3184
