Location: internet_13.png_Mean-Closing.png
Component: component_1755088481047_19.png
centerX: 0.2672309552599758
centerY: 0.017964071856287425
width: 0.030229746070133012
height: 0.03279155973766752
Area: 0.00044041588039444804
CentroidX: 0.2810
CentroidY: 0.0329
