Location: Dedata_8.png_Otsu.png
Component: component_1755522187500_272.png
centerX: 0.5060483870967742
centerY: 0.48589341692789967
width: 0.027016129032258064
height: 0.0262182958107723
Area: 0.00028360253357725295
CentroidX: 0.5195
CentroidY: 0.4994
