Location: internet_13.png_Gaussian-Closing.png
Component: component_1755088480526_244.png
centerX: 0.06569931479242241
centerY: 0.5400627316794981
width: 0.029423619508262798
height: 0.036783575705731396
Area: 0.0005094894566254145
CentroidX: 0.0789
CentroidY: 0.5578
