Location: Dedata_8.png_Otsu.png
Component: component_1755522187201_48.png
centerX: 0.7193548387096774
centerY: 0.045027073240239385
width: 0.027016129032258064
height: 0.03134796238244514
Area: 0.0002155746973220934
CentroidX: 0.7289
CentroidY: 0.0571
