Location: internet_13.png_Gaussian-Median.png
Component: component_1755088480850_291.png
centerX: 0.4095122934300685
centerY: 0.6250356429997148
width: 0.029423619508262798
height: 0.033932135728542916
Area: 0.00045064474609254456
CentroidX: 0.4237
CentroidY: 0.6411
