Location: internet_13.png_Gaussian-Median.png
Component: component_1755088480633_115.png
centerX: 0.3252720677146312
centerY: 0.19104647847162817
width: 0.02902055622732769
height: 0.03735386370116909
Area: 0.0004940886925406399
CentroidX: 0.3389
CentroidY: 0.2090
