Location: Dedata_8.png_Mean-Medain.png
Component: component_1755522186634_214.png
centerX: 0.1435483870967742
centerY: 0.46850954687945284
width: 0.027016129032258064
height: 0.03134796238244514
Area: 0.0003763364252291343
CentroidX: 0.1548
CentroidY: 0.4846
