Location: Dedata_8.png_Gaussian-Closing.png
Component: component_1755522187087_176.png
centerX: 0.5286290322580646
centerY: 0.39355941863778854
width: 0.031048387096774193
height: 0.03362781419207751
Area: 0.0004559703619264748
CentroidX: 0.5431
CentroidY: 0.4104
