Location: Dedata_8.png_Otsu.png
Component: component_1755522187473_206.png
centerX: 0.5282258064516129
centerY: 0.3456825306355087
width: 0.03588709677419355
height: 0.03334283271587347
Area: 0.0004008126568547238
CentroidX: 0.5420
CentroidY: 0.3613
