Location: Dedata_8.png_Gaussian-Closing.png
Component: component_1755522187046_11.png
centerX: 0.1157258064516129
centerY: 0.00883442576232545
width: 0.029838709677419355
height: 0.02821316614420063
Area: 0.0003477233657231635
CentroidX: 0.1276
CentroidY: 0.0221
