Location: Dedata_8.png_Mean-Closing.png
Component: component_1755522186894_10.png
centerX: 0.5451612903225806
centerY: 0.008264462809917356
width: 0.02903225806451613
height: 0.029923055001424906
Area: 0.0003569163165684553
CentroidX: 0.5572
CentroidY: 0.0232
