Location: internet_13.png_Gaussian-Closing.png
Component: component_1755088480508_161.png
centerX: 0.4719871019750101
centerY: 0.31907613344739094
width: 0.029423619508262798
height: 0.034787567721699456
Area: 0.00045558678232870357
CentroidX: 0.4855
CentroidY: 0.3357
