Location: Dedata_8.png_Otsu.png
Component: component_1755522187520_323.png
centerX: 0.36935483870967745
centerY: 0.5933314334568253
width: 0.025
height: 0.03277286976346538
Area: 0.0002762481729010195
CentroidX: 0.3804
CentroidY: 0.6098
