Location: Dedata_8.png_Mean-Medain.png
Component: component_1755522186649_235.png
centerX: 0.19233870967741937
centerY: 0.5118267312624679
width: 0.027419354838709678
height: 0.03134796238244514
Area: 0.0003713952141497899
CentroidX: 0.2047
CentroidY: 0.5275
