Location: Dedata_8.png_Mean-Closing.png
Component: component_1755522186950_191.png
centerX: 0.056451612903225805
centerY: 0.42832715873468225
width: 0.028629032258064516
height: 0.031917925334853235
Area: 0.00045321247667288723
CentroidX: 0.0697
CentroidY: 0.4447
