Location: Dedata_8.png_Otsu.png
Component: component_1755522187475_214.png
centerX: 0.9120967741935484
centerY: 0.365916215445996
width: 0.03064516129032258
height: 0.03134796238244514
Area: 0.0003450803923551421
CentroidX: 0.9257
CentroidY: 0.3813
