Location: internet_13.png_Gaussian-Closing.png
Component: component_1755088480489_83.png
centerX: 0.5219669488109633
centerY: 0.1354433989164528
width: 0.02902055622732769
height: 0.03421727972626176
Area: 0.00047041289103718053
CentroidX: 0.5357
CentroidY: 0.1512
