Location: Dedata_8.png_Gaussian-Closing.png
Component: component_1755522187126_314.png
centerX: 0.8596774193548387
centerY: 0.7155884867483614
width: 0.021370967741935483
height: 0.033912795668281565
Area: 0.00030520596806368874
CentroidX: 0.8699
CentroidY: 0.7348
