Location: internet_13.png_Mean-Medain.png
Component: component_1755088480934_35.png
centerX: 0.5574365175332527
centerY: 0.04932991160536071
width: 0.03305118903667876
height: 0.032506415739948676
Area: 0.00039237469093597225
CentroidX: 0.5721
CentroidY: 0.0644
