Location: internet_13.png_Gaussian-Median.png
Component: component_1755088480606_55.png
centerX: 0.8629584844820637
centerY: 0.08041060735671514
width: 0.028617492946392584
height: 0.032506415739948676
Area: 0.0004235210123312999
CentroidX: 0.8752
CentroidY: 0.0951
