Location: Dedata_8.png_Mean-Medain.png
Component: component_1755522186570_16.png
centerX: 0.594758064516129
centerY: 0.008549444286121402
width: 0.027822580645161292
height: 0.028498147620404674
Area: 0.0003220980152419125
CentroidX: 0.6062
CentroidY: 0.0228
