Location: Dedata_8.png_Otsu.png
Component: component_1755522187512_300.png
centerX: 0.38870967741935486
centerY: 0.5420347677400968
width: 0.021774193548387097
height: 0.028783129096608722
Area: 0.00021925187766021014
CentroidX: 0.3981
CentroidY: 0.5562
