Location: internet_13.png_Gaussian-Median.png
Component: component_1755088480819_239.png
centerX: 0.018540910923014912
centerY: 0.48902195608782434
width: 0.02902055622732769
height: 0.036213287710293696
Area: 0.0004884570698529239
CentroidX: 0.0310
CentroidY: 0.5062
