Location: internet_13.png_Mean-Closing.png
Component: component_1755088481133_315.png
centerX: 0.32285368802902054
centerY: 0.7345309381237525
width: 0.031035872632003223
height: 0.035357855717137156
Area: 0.0005060415243676291
CentroidX: 0.3366
CentroidY: 0.7509
