Location: internet_13.png_Gaussian-Median.png
Component: component_1755088480827_258.png
centerX: 0.11688835147118097
centerY: 0.5360707157114343
width: 0.026602176541717048
height: 0.03934987168520103
Area: 0.00046133333609167914
CentroidX: 0.1288
CentroidY: 0.5547
