Location: Dedata_8.png_Mean-Closing.png
Component: component_1755522186933_130.png
centerX: 0.6375
centerY: 0.2903961242519236
width: 0.03225806451612903
height: 0.031062980906241093
Area: 0.0004426405832008016
CentroidX: 0.6523
CentroidY: 0.3056
