Location: Dedata_8.png_Gaussian-Closing.png
Component: component_1755522187115_276.png
centerX: 0.7137096774193549
centerY: 0.6090054146480479
width: 0.02943548387096774
height: 0.030208036477628954
Area: 0.00033979444561909927
CentroidX: 0.7257
CentroidY: 0.6235
