Location: Dedata_8.png_Otsu.png
Component: component_1755522187398_114.png
centerX: 0.06169354838709677
centerY: 0.11000284981476204
width: 0.03346774193548387
height: 0.029923055001424906
Area: 0.00038196710762187553
CentroidX: 0.0775
CentroidY: 0.1247
