Location: Dedata_8.png_Mean-Medain.png
Component: component_1755522186614_192.png
centerX: 0.1028225806451613
centerY: 0.42462239954402964
width: 0.03346774193548387
height: 0.03134796238244514
Area: 0.0004524080934739242
CentroidX: 0.1162
CentroidY: 0.4398
