Location: internet_13.png_Gaussian-Closing.png
Component: component_1755088480534_280.png
centerX: 0.2724707779121322
centerY: 0.6335899629312803
width: 0.025796049979846837
height: 0.033932135728542916
Area: 0.00045363295404929186
CentroidX: 0.2842
CentroidY: 0.6490
