Location: Dedata_8.png_Otsu.png
Component: component_1755522187503_277.png
centerX: 0.4266129032258065
centerY: 0.4944428612140211
width: 0.02258064516129032
height: 0.028498147620404674
Area: 0.0002588964781805312
CentroidX: 0.4361
CentroidY: 0.5092
