Location: internet_13.png_Gaussian-Median.png
Component: component_1755088480819_240.png
centerX: 0.8782748891575978
centerY: 0.49529512403763903
width: 0.02781136638452237
height: 0.035357855717137156
Area: 0.0004317960497499847
CentroidX: 0.8910
CentroidY: 0.5128
