Location: internet_13.png_Gaussian-Median.png
Component: component_1755088480612_86.png
centerX: 0.6662636033857315
centerY: 0.12688907898488735
width: 0.03426037887948408
height: 0.03735386370116909
Area: 0.0005473017803857938
CentroidX: 0.6826
CentroidY: 0.1443
