Location: Dedata_8.png_Mean-Medain.png
Component: component_1755522186572_24.png
centerX: 0.8149193548387097
centerY: 0.042462239954402965
width: 0.03467741935483871
height: 0.030493017953833
Area: 0.00041919855854530747
CentroidX: 0.8310
CentroidY: 0.0580
