Location: Samociqulo_1709_page_10.png_Gaussian-Median.png
Component: component_1755610056103_651.png
centerX: 0.1194103194103194
centerY: 0.1128125
width: 0.014742014742014743
height: 0.0153125
Area: 0.00011916461916461917
CentroidX: 0.1270
CentroidY: 0.1202
