Location: Dedata_8.png_Mean-Medain.png
Component: component_1755522186635_215.png
centerX: 0.10040322580645161
centerY: 0.4699344542604731
width: 0.03185483870967742
height: 0.030777999430037048
Area: 0.00036633909118487945
CentroidX: 0.1127
CentroidY: 0.4851
