Location: internet_13.png_Gaussian-Median.png
Component: component_1755088480608_59.png
centerX: 0.913341394598952
centerY: 0.08297690333618478
width: 0.028617492946392584
height: 0.02594810379241517
Area: 0.0003110034896522381
CentroidX: 0.9264
CentroidY: 0.0964
