Location: Dedata_8.png_Mean-Medain.png
Component: component_1755522186782_350.png
centerX: 0.07822580645161291
centerY: 0.8144770589911656
width: 0.02661290322580645
height: 0.03676261043032203
Area: 0.0003609382325632705
CentroidX: 0.0896
CentroidY: 0.8350
