Location: internet_13.png_Mean-Medain.png
Component: component_1755088480938_60.png
centerX: 0.6553808948004837
centerY: 0.08326204733390362
width: 0.0354695687222894
height: 0.03051040775591674
Area: 0.0004690337181340664
CentroidX: 0.6708
CentroidY: 0.0970
