Location: Dedata_8.png_Gaussian-Closing.png
Component: component_1755522187072_118.png
centerX: 0.2737903225806452
centerY: 0.2607580507267028
width: 0.03306451612903226
height: 0.03562268452550584
Area: 0.0005036587944364262
CentroidX: 0.2882
CentroidY: 0.2778
