Location: Dedata_8.png_Mean-Closing.png
Component: component_1755522186964_239.png
centerX: 0.552016129032258
centerY: 0.5249358791678541
width: 0.027822580645161292
height: 0.029068110572812767
Area: 0.00029681740041735997
CentroidX: 0.5639
CentroidY: 0.5397
