Location: internet_13.png_Gaussian-Median.png
Component: component_1755088480795_208.png
centerX: 0.6199113260781943
centerY: 0.40804106073567153
width: 0.029826682789197905
height: 0.034787567721699456
Area: 0.00045742567953285573
CentroidX: 0.6328
CentroidY: 0.4249
