Location: internet_13.png_Mean-Medain.png
Component: component_1755088480955_145.png
centerX: 0.509471987101975
centerY: 0.26917593384659255
width: 0.028214429665457477
height: 0.03222127174222983
Area: 0.00046121840501641965
CentroidX: 0.5225
CentroidY: 0.2841
