Location: Dedata_8.png_Mean-Medain.png
Component: component_1755522186573_28.png
centerX: 0.9149193548387097
centerY: 0.04445711028783129
width: 0.03064516129032258
height: 0.030777999430037048
Area: 0.00041322314049586776
CentroidX: 0.9298
CentroidY: 0.0600
