Location: Dedata_8.png_Gaussian-Closing.png
Component: component_1755522187077_141.png
centerX: 0.902016129032258
centerY: 0.3149045312054716
width: 0.0375
height: 0.03419777714448561
Area: 0.0004517186221605273
CentroidX: 0.9198
CentroidY: 0.3319
