Location: Dedata_8.png_Otsu.png
Component: component_1755522187195_12.png
centerX: 0.925
centerY: 0.00883442576232545
width: 0.027822580645161292
height: 0.02963807352522086
Area: 0.0002325816563858833
CentroidX: 0.9374
CentroidY: 0.0249
