Location: Dedata_8.png_Gaussian-Closing.png
Component: component_1755522187087_177.png
centerX: 0.4814516129032258
centerY: 0.39726417782844115
width: 0.03467741935483871
height: 0.03562268452550584
Area: 0.00048079132920876273
CentroidX: 0.4962
CentroidY: 0.4148
