Location: internet_13.png_Mean-Medain.png
Component: component_1755088480964_190.png
centerX: 0.2623941958887545
centerY: 0.382663244938694
width: 0.02902055622732769
height: 0.035642999714856
Area: 0.0005016741435077676
CentroidX: 0.2767
CentroidY: 0.3998
