Location: internet_13.png_Gaussian-Median.png
Component: component_1755088480600_33.png
centerX: 0.7122128174123338
centerY: 0.04647847162817223
width: 0.026602176541717048
height: 0.030795551753635585
Area: 0.00034755157158476274
CentroidX: 0.7243
CentroidY: 0.0610
