Location: Samociqulo_1709_page_10.png_Gaussian-Median.png
Component: component_1755610056186_1773.png
centerX: 0.2294840294840295
centerY: 0.379375
width: 0.01425061425061425
height: 0.0134375
Area: 0.00012714987714987716
CentroidX: 0.2363
CentroidY: 0.3860
