Location: Dedata_8.png_Mean-Medain.png
Component: component_1755522186649_234.png
centerX: 0.6854838709677419
centerY: 0.5112567683100598
width: 0.0375
height: 0.029353092049016812
Area: 0.00038127763630847863
CentroidX: 0.7009
CentroidY: 0.5250
