Location: internet_13.png_Gaussian-Closing.png
Component: component_1755088480518_207.png
centerX: 0.9355098750503829
centerY: 0.43855146849158827
width: 0.030632809351068116
height: 0.035357855717137156
Area: 0.0005154658725389091
CentroidX: 0.9489
CentroidY: 0.4559
