Location: Samociqulo_1709_page_10.png_Gaussian-Median.png
Component: component_1755610056286_3031.png
centerX: 0.803931203931204
centerY: 0.7525
width: 0.01818181818181818
height: 0.014375
Area: 0.00014296683046683046
CentroidX: 0.8118
CentroidY: 0.7593
