Location: Dedata_8.png_Otsu.png
Component: component_1755522187513_304.png
centerX: 0.7669354838709678
centerY: 0.5502992305500143
width: 0.025806451612903226
height: 0.036477628954117984
Area: 0.00029279548442254477
CentroidX: 0.7772
CentroidY: 0.5699
