Location: Dedata_8.png_Mean-Closing.png
Component: component_1755522186963_236.png
centerX: 0.06330645161290323
centerY: 0.5195212311199772
width: 0.024596774193548387
height: 0.02792818466799658
Area: 0.00031715680416256816
CentroidX: 0.0736
CentroidY: 0.5340
