Location: internet_13.png_Mean-Medain.png
Component: component_1755088480957_154.png
centerX: 0.1656590084643289
centerY: 0.28999144568006846
width: 0.02781136638452237
height: 0.035642999714856
Area: 0.0004877674834013668
CentroidX: 0.1780
CentroidY: 0.3063
