Location: internet_13.png_Gaussian-Closing.png
Component: component_1755088480521_220.png
centerX: 0.3683998387746876
centerY: 0.4721984602224123
width: 0.030632809351068116
height: 0.035642999714856
Area: 0.0005085700080233384
CentroidX: 0.3828
CentroidY: 0.4883
