Location: Dedata_8.png_Mean-Medain.png
Component: component_1755522186661_245.png
centerX: 0.4245967741935484
centerY: 0.5351952123111998
width: 0.03024193548387097
height: 0.03277286976346538
Area: 0.0003376111197933425
CentroidX: 0.4378
CentroidY: 0.5518
