Location: internet_13.png_Mean-Medain.png
Component: component_1755088480965_194.png
centerX: 0.11366384522370013
centerY: 0.3877958368976333
width: 0.03143893591293833
height: 0.04020530367835757
Area: 0.0005029383853356223
CentroidX: 0.1276
CentroidY: 0.4068
