Location: internet_13.png_Mean-Medain.png
Component: component_1755088480930_15.png
centerX: 0.6178960096735188
centerY: 0.012261191901910464
width: 0.02902055622732769
height: 0.03051040775591674
Area: 0.00038467430889358497
CentroidX: 0.6308
CentroidY: 0.0266
