Location: internet_13.png_Mean-Medain.png
Component: component_1755088480982_278.png
centerX: 0.7194679564691656
centerY: 0.6039349871685201
width: 0.030632809351068116
height: 0.036783575705731396
Area: 0.0005200631155492895
CentroidX: 0.7330
CentroidY: 0.6205
