Location: internet_13.png_Mean-Closing.png
Component: component_1755088481072_93.png
centerX: 0.7444578798871423
centerY: 0.16852010265183917
width: 0.028617492946392584
height: 0.03592814371257485
Area: 0.0004859285861972146
CentroidX: 0.7585
CentroidY: 0.1857
