Location: Dedata_8.png_Otsu.png
Component: component_1755522187534_365.png
centerX: 0.5096774193548387
centerY: 0.6756910800797948
width: 0.03346774193548387
height: 0.028783129096608722
Area: 0.0003002647569843444
CentroidX: 0.5234
CentroidY: 0.6901
