Location: internet_13.png_Gaussian-Median.png
Component: component_1755088480830_265.png
centerX: 0.8609431680773881
centerY: 0.5523239235814086
width: 0.031035872632003223
height: 0.039064727687482176
Area: 0.0004983411423252419
CentroidX: 0.8746
CentroidY: 0.5709
