Location: internet_13.png_Gaussian-Closing.png
Component: component_1755088480525_237.png
centerX: 0.3667875856509472
centerY: 0.517821499857428
width: 0.029826682789197905
height: 0.035357855717137156
Area: 0.00044271450189963825
CentroidX: 0.3790
CentroidY: 0.5356
