Location: internet_13.png_Mean-Medain.png
Component: component_1755088480946_101.png
centerX: 0.800080612656187
centerY: 0.1679498146564015
width: 0.03466344216041919
height: 0.036213287710293696
Area: 0.0005045474203892555
CentroidX: 0.8153
CentroidY: 0.1856
