Location: internet_13.png_Mean-Closing.png
Component: component_1755088481130_301.png
centerX: 0.06852075775896815
centerY: 0.7008839463929284
width: 0.030632809351068116
height: 0.03592814371257485
Area: 0.0005183391494203969
CentroidX: 0.0822
CentroidY: 0.7173
