Location: Paraklitoni_1720_page_10.png_Mean-Medain.png
Component: component_1755610055162_105.png
centerX: 0.6333841463414634
centerY: 0.04912280701754386
width: 0.013719512195121951
height: 0.014035087719298246
Area: 8.481569778103795e-05
CentroidX: 0.6388
CentroidY: 0.0559
