Location: Dedata_8.png_Mean-Closing.png
Component: component_1755522186936_139.png
centerX: 0.902016129032258
centerY: 0.3149045312054716
width: 0.0375
height: 0.03419777714448561
Area: 0.00046573787219959735
CentroidX: 0.9197
CentroidY: 0.3320
