Location: Dedata_8.png_Gaussian-Closing.png
Component: component_1755522187072_121.png
centerX: 0.16975806451612904
centerY: 0.268167569108008
width: 0.03185483870967742
height: 0.03505272157309775
Area: 0.00047849309149743975
CentroidX: 0.1839
CentroidY: 0.2857
