Location: internet_13.png_Gaussian-Median.png
Component: component_1755088480797_212.png
centerX: 0.41233373639661425
centerY: 0.4248645566010835
width: 0.026199113260781944
height: 0.032506415739948676
Area: 0.00041501611276209603
CentroidX: 0.4239
CentroidY: 0.4396
