Location: Dedata_8.png_Gaussian-Closing.png
Component: component_1755522187078_146.png
centerX: 0.11088709677419355
centerY: 0.322884012539185
width: 0.03185483870967742
height: 0.03562268452550584
Area: 0.0004663124316274281
CentroidX: 0.1245
CentroidY: 0.3396
