Location: Dedata_8.png_Mean-Medain.png
Component: component_1755522186576_43.png
centerX: 0.10887096774193548
centerY: 0.05956112852664577
width: 0.025403225806451612
height: 0.027643203191792535
Area: 0.00030635508691935026
CentroidX: 0.1200
CentroidY: 0.0736
