Location: Dedata_8.png_Gaussian-Closing.png
Component: component_1755522187106_238.png
centerX: 0.10120967741935484
centerY: 0.5161014534055286
width: 0.028629032258064516
height: 0.030208036477628954
Area: 0.0003635812059312919
CentroidX: 0.1138
CentroidY: 0.5310
