Location: Dedata_8.png_Otsu.png
Component: component_1755522187454_148.png
centerX: 0.3870967741935484
centerY: 0.19806212596181247
width: 0.03951612903225806
height: 0.03305785123966942
Area: 0.00044275549508636776
CentroidX: 0.4051
CentroidY: 0.2140
