Location: Dedata_8.png_Mean-Medain.png
Component: component_1755522186611_181.png
centerX: 0.3907258064516129
centerY: 0.40524365916215443
width: 0.03185483870967742
height: 0.03277286976346538
Area: 0.0004688404931098833
CentroidX: 0.4056
CentroidY: 0.4212
