Location: Samociqulo_1709_page_10.png_Gaussian-Median.png
Component: component_1755610056271_2814.png
centerX: 0.5022113022113022
centerY: 0.693125
width: 0.020147420147420148
height: 0.0165625
Area: 0.00015955159705159706
CentroidX: 0.5117
CentroidY: 0.7010
