Location: internet_13.png_Gaussian-Closing.png
Component: component_1755088480520_217.png
centerX: 0.47440548166062074
centerY: 0.4639292842885657
width: 0.029826682789197905
height: 0.035642999714856
Area: 0.00046926358028458545
CentroidX: 0.4875
CentroidY: 0.4812
