Location: Dedata_8.png_Mean-Medain.png
Component: component_1755522186572_26.png
centerX: 0.7649193548387097
centerY: 0.04474209176403534
width: 0.03387096774193549
height: 0.029068110572812767
Area: 0.0003962161814320779
CentroidX: 0.7795
CentroidY: 0.0589
