Location: internet_13.png_Gaussian-Closing.png
Component: component_1755088480525_240.png
centerX: 0.25634824667472794
centerY: 0.5269461077844312
width: 0.027408303103587262
height: 0.038209295694325636
Area: 0.0004542076094255894
CentroidX: 0.2690
CentroidY: 0.5450
