Location: internet_13.png_Gaussian-Median.png
Component: component_1755088480639_122.png
centerX: 0.017331721080209594
centerY: 0.19931565440547477
width: 0.029423619508262798
height: 0.03364699173082407
Area: 0.00046064374964012206
CentroidX: 0.0314
CentroidY: 0.2158
