Location: internet_13.png_Mean-Closing.png
Component: component_1755088481052_36.png
centerX: 0.41878274889157596
centerY: 0.05503279155973767
width: 0.029826682789197905
height: 0.031936127744510975
Area: 0.0003892715519039654
CentroidX: 0.4318
CentroidY: 0.0697
