Location: internet_13.png_Gaussian-Median.png
Component: component_1755088480859_301.png
centerX: 0.018540910923014912
centerY: 0.6524094667807243
width: 0.028617492946392584
height: 0.03735386370116909
Area: 0.0005659206145778346
CentroidX: 0.0316
CentroidY: 0.6695
