Location: internet_13.png_Mean-Medain.png
Component: component_1755088480994_339.png
centerX: 0.11406690850463523
centerY: 0.7496435700028514
width: 0.030632809351068116
height: 0.03421727972626176
Area: 0.0005344294999567285
CentroidX: 0.1284
CentroidY: 0.7658
