Location: Dedata_8.png_Mean-Medain.png
Component: component_1755522186779_343.png
centerX: 0.44516129032258067
centerY: 0.7979481333713309
width: 0.02258064516129032
height: 0.03505272157309775
Area: 0.00036013384936430746
CentroidX: 0.4547
CentroidY: 0.8165
