Location: Dedata_8.png_Mean-Medain.png
Component: component_1755522186581_64.png
centerX: 0.01129032258064516
centerY: 0.11142775719578227
width: 0.03346774193548387
height: 0.029353092049016812
Area: 0.000425863447908144
CentroidX: 0.0267
CentroidY: 0.1262
