Location: Dedata_8.png_Mean-Closing.png
Component: component_1755522186965_244.png
centerX: 0.9604838709677419
centerY: 0.5394699344542605
width: 0.02379032258064516
height: 0.03334283271587347
Area: 0.000316237509078039
CentroidX: 0.9719
CentroidY: 0.5581
