Location: Dedata_8.png_Gaussian-Closing.png
Component: component_1755522187124_308.png
centerX: 0.2939516129032258
centerY: 0.6993445426047307
width: 0.03306451612903226
height: 0.030493017953833
Area: 0.00035346896000147085
CentroidX: 0.3074
CentroidY: 0.7146
