Location: Dedata_8.png_Otsu.png
Component: component_1755522187531_353.png
centerX: 0.18467741935483872
centerY: 0.6548874323168994
width: 0.03024193548387097
height: 0.03419777714448561
Area: 0.0003153182139935098
CentroidX: 0.1978
CentroidY: 0.6724
