Location: internet_13.png_Gaussian-Closing.png
Component: component_1755088480500_126.png
centerX: 0.3127771060056429
centerY: 0.23809523809523808
width: 0.028214429665457477
height: 0.029654975762760195
Area: 0.00043225577405102276
CentroidX: 0.3254
CentroidY: 0.2515
