Location: internet_13.png_Gaussian-Closing.png
Component: component_1755088480499_124.png
centerX: 0.41757355904877064
centerY: 0.23381807812945538
width: 0.03305118903667876
height: 0.029940119760479042
Area: 0.0004567360930812987
CentroidX: 0.4329
CentroidY: 0.2478
