Location: Dedata_8.png_Otsu.png
Component: component_1755522187505_280.png
centerX: 0.7693548387096775
centerY: 0.5021373610715304
width: 0.02620967741935484
height: 0.02963807352522086
Area: 0.00026199909909081716
CentroidX: 0.7800
CentroidY: 0.5178
