Location: internet_13.png_Gaussian-Closing.png
Component: component_1755088480491_94.png
centerX: 0.016928657799274487
centerY: 0.15397775876817793
width: 0.026602176541717048
height: 0.03450242372398061
Area: 0.0004180043207188433
CentroidX: 0.0289
CentroidY: 0.1699
