Location: Dedata_8.png_Mean-Closing.png
Component: component_1755522186968_254.png
centerX: 0.16370967741935483
centerY: 0.5582787118837276
width: 0.029838709677419355
height: 0.028783129096608722
Area: 0.0003264646668934261
CentroidX: 0.1762
CentroidY: 0.5722
