Location: Dedata_8.png_Mean-Closing.png
Component: component_1755522186948_186.png
centerX: 0.7701612903225806
centerY: 0.4189227700199487
width: 0.02943548387096774
height: 0.03305785123966942
Area: 0.00039253900109396115
CentroidX: 0.7819
CentroidY: 0.4352
