Location: Dedata_8.png_Mean-Closing.png
Component: component_1755522186986_322.png
centerX: 0.33669354838709675
centerY: 0.749786263892847
width: 0.02620967741935484
height: 0.03419777714448561
Area: 0.0003631215583890273
CentroidX: 0.3485
CentroidY: 0.7674
