Location: Dedata_8.png_Otsu.png
Component: component_1755522187522_327.png
centerX: 0.31975806451612904
centerY: 0.5981761185522941
width: 0.025
height: 0.03419777714448561
Area: 0.00028394726923395143
CentroidX: 0.3299
CentroidY: 0.6159
