Location: Dedata_8.png_Mean-Closing.png
Component: component_1755522186983_310.png
centerX: 0.8596774193548387
centerY: 0.7155884867483614
width: 0.021370967741935483
height: 0.033912795668281565
Area: 0.000330256759117109
CentroidX: 0.8698
CentroidY: 0.7349
