Location: Dedata_8.png_Gaussian-Closing.png
Component: component_1755522187078_143.png
centerX: 0.20443548387096774
centerY: 0.3166144200626959
width: 0.03467741935483871
height: 0.031917925334853235
Area: 0.00045585545004090864
CentroidX: 0.2195
CentroidY: 0.3320
