Location: internet_13.png_Gaussian-Median.png
Component: component_1755088480866_314.png
centerX: 0.39903264812575573
centerY: 0.6823495865412033
width: 0.028214429665457477
height: 0.03877958368976333
Area: 0.0004892615873797404
CentroidX: 0.4112
CentroidY: 0.7004
