Location: internet_13.png_Gaussian-Median.png
Component: component_1755088480858_298.png
centerX: 0.12253123740427246
centerY: 0.64357000285144
width: 0.03184199919387344
height: 0.035357855717137156
Area: 0.0004985710044757609
CentroidX: 0.1369
CentroidY: 0.6603
