Location: Dedata_8.png_Gaussian-Closing.png
Component: component_1755522187068_101.png
centerX: 0.15524193548387097
centerY: 0.21174123681960672
width: 0.034274193548387094
height: 0.03419777714448561
Area: 0.00043528622252456817
CentroidX: 0.1706
CentroidY: 0.2283
