Location: internet_13.png_Mean-Closing.png
Component: component_1755088481047_16.png
centerX: 0.37444578798871425
centerY: 0.012546335899629312
width: 0.03184199919387344
height: 0.034787567721699456
Area: 0.00048558379297143606
CentroidX: 0.3898
CentroidY: 0.0288
