Location: internet_13.png_Mean-Medain.png
Component: component_1755088480966_199.png
centerX: 0.7363966142684402
centerY: 0.3980610208155118
width: 0.028214429665457477
height: 0.03364699173082407
Area: 0.00044271450189963825
CentroidX: 0.7481
CentroidY: 0.4151
