Location: Dedata_8.png_Otsu.png
Component: component_1755522187398_112.png
centerX: 0.11693548387096774
centerY: 0.10772299800512966
width: 0.03185483870967742
height: 0.030777999430037048
Area: 0.00034864266080769266
CentroidX: 0.1306
CentroidY: 0.1227
