Location: Dedata_8.png_Otsu.png
Component: component_1755522187211_68.png
centerX: 0.01653225806451613
centerY: 0.060986035907666
width: 0.027419354838709678
height: 0.025648332858364205
Area: 0.00023074306621682493
CentroidX: 0.0278
CentroidY: 0.0736
