Location: Dedata_8.png_Gaussian-Closing.png
Component: component_1755522187075_131.png
centerX: 0.6375
centerY: 0.2903961242519236
width: 0.03185483870967742
height: 0.03134796238244514
Area: 0.0004248292409380487
CentroidX: 0.6523
CentroidY: 0.3057
