Location: Dedata_8.png_Mean-Closing.png
Component: component_1755522186931_122.png
centerX: 0.12016129032258065
centerY: 0.27215730977486463
width: 0.028225806451612902
height: 0.032487888287261325
Area: 0.0004691852287665818
CentroidX: 0.1334
CentroidY: 0.2886
