Location: Dedata_8.png_Otsu.png
Component: component_1755522187455_153.png
centerX: 0.15564516129032258
centerY: 0.21202621829581078
width: 0.03387096774193549
height: 0.03362781419207751
Area: 0.0003981696834867024
CentroidX: 0.1705
CentroidY: 0.2283
