Location: Dedata_8.png_Otsu.png
Component: component_1755522187510_293.png
centerX: 0.5524193548387096
centerY: 0.5252208606440582
width: 0.027016129032258064
height: 0.028498147620404674
Area: 0.00024200443100230742
CentroidX: 0.5639
CentroidY: 0.5395
