Location: Dedata_8.png_Otsu.png
Component: component_1755522187527_338.png
centerX: 0.6076612903225806
centerY: 0.6201196922200057
width: 0.02620967741935484
height: 0.029068110572812767
Area: 0.0002693534597670506
CentroidX: 0.6194
CentroidY: 0.6352
