Location: internet_13.png_Mean-Medain.png
Component: component_1755088480940_67.png
centerX: 0.45223700120918986
centerY: 0.10236669518106643
width: 0.02418379685610641
height: 0.028514399771884802
Area: 0.00027238664836504227
CentroidX: 0.4620
CentroidY: 0.1172
