Location: internet_13.png_Mean-Medain.png
Component: component_1755088480991_321.png
centerX: 0.7416364369205966
centerY: 0.7120045623039635
width: 0.030632809351068116
height: 0.03450242372398061
Area: 0.0005007546949056915
CentroidX: 0.7551
CentroidY: 0.7281
