Location: Dedata_8.png_Otsu.png
Component: component_1755522187548_418.png
centerX: 0.2407258064516129
centerY: 0.8082074665146766
width: 0.02379032258064516
height: 0.03362781419207751
Area: 0.0002661359269711985
CentroidX: 0.2506
CentroidY: 0.8269
