Location: Dedata_8.png_Mean-Closing.png
Component: component_1755522186911_39.png
centerX: 0.14637096774193548
centerY: 0.056141350812197205
width: 0.03064516129032258
height: 0.027643203191792535
Area: 0.00031347962382445143
CentroidX: 0.1612
CentroidY: 0.0702
