Location: internet_13.png_Mean-Medain.png
Component: component_1755088480941_72.png
centerX: 0.11930673115679162
centerY: 0.10692899914456801
width: 0.02902055622732769
height: 0.03421727972626176
Area: 0.00041903870039617893
CentroidX: 0.1332
CentroidY: 0.1226
