Location: Dedata_8.png_Mean-Closing.png
Component: component_1755522186977_288.png
centerX: 0.23790322580645162
centerY: 0.6508976916500427
width: 0.02903225806451613
height: 0.0347677400968937
Area: 0.0003727741567765837
CentroidX: 0.2499
CentroidY: 0.6686
