Location: Dedata_8.png_Mean-Closing.png
Component: component_1755522186930_118.png
centerX: 0.32379032258064516
centerY: 0.26132801367911085
width: 0.03387096774193549
height: 0.03334283271587347
Area: 0.00048274483126338724
CentroidX: 0.3392
CentroidY: 0.2777
