Location: Dedata_8.png_Otsu.png
Component: component_1755522187460_164.png
centerX: 0.5806451612903226
centerY: 0.24422912510686806
width: 0.03306451612903226
height: 0.03305785123966942
Area: 0.0004418362000018386
CentroidX: 0.5948
CentroidY: 0.2600
