Location: Dedata_8.png_Mean-Closing.png
Component: component_1755522186979_293.png
centerX: 0.13266129032258064
centerY: 0.6625819321744086
width: 0.029838709677419355
height: 0.031062980906241093
Area: 0.0003700162715229962
CentroidX: 0.1449
CentroidY: 0.6781
