Location: Samociqulo_1709_page_10.png_Gaussian-Median.png
Component: component_1755610056208_1982.png
centerX: 0.4904176904176904
centerY: 0.4578125
width: 0.020147420147420148
height: 0.01375
Area: 0.00011977886977886978
CentroidX: 0.5002
CentroidY: 0.4645
