Location: Dedata_8.png_Mean-Closing.png
Component: component_1755522186969_260.png
centerX: 0.01935483870967742
centerY: 0.5716728412653177
width: 0.027419354838709678
height: 0.031062980906241093
Area: 0.00033876023864900395
CentroidX: 0.0312
CentroidY: 0.5878
