Location: Dedata_8.png_Gaussian-Closing.png
Component: component_1755522187065_86.png
centerX: 0.8862903225806451
centerY: 0.17412368196067254
width: 0.03306451612903226
height: 0.03277286976346538
Area: 0.00042827659750503314
CentroidX: 0.9006
CentroidY: 0.1898
