Location: internet_13.png_Gaussian-Median.png
Component: component_1755088480834_278.png
centerX: 0.11527609834744054
centerY: 0.592814371257485
width: 0.02781136638452237
height: 0.036213287710293696
Area: 0.0004814462742620936
CentroidX: 0.1281
CentroidY: 0.6094
