Location: Dedata_8.png_Otsu.png
Component: component_1755522187450_137.png
centerX: 0.9346774193548387
centerY: 0.1738387004844685
width: 0.034274193548387094
height: 0.031917925334853235
Area: 0.00040529422039180355
CentroidX: 0.9496
CentroidY: 0.1896
