Location: Dedata_8.png_Mean-Closing.png
Component: component_1755522186919_69.png
centerX: 0.6419354838709678
centerY: 0.13508121972071815
width: 0.038306451612903226
height: 0.0347677400968937
Area: 0.0004946956673622667
CentroidX: 0.6611
CentroidY: 0.1528
