Location: internet_13.png_Mean-Medain.png
Component: component_1755088480957_152.png
centerX: 0.3635630794034663
centerY: 0.2874251497005988
width: 0.028214429665457477
height: 0.026518391787852865
Area: 0.00036076864523960656
CentroidX: 0.3760
CentroidY: 0.3009
