Location: internet_13.png_Mean-Closing.png
Component: component_1755088481082_127.png
centerX: 0.07376058041112454
centerY: 0.24664955802680352
width: 0.02781136638452237
height: 0.03279155973766752
Area: 0.00045639129985552014
CentroidX: 0.0878
CentroidY: 0.2616
