Location: internet_13.png_Mean-Medain.png
Component: component_1755088480948_112.png
centerX: 0.16203143893591293
centerY: 0.19275734245794127
width: 0.03466344216041919
height: 0.03792415169660679
Area: 0.0005428194684506728
CentroidX: 0.1783
CentroidY: 0.2105
