Location: Dedata_8.png_Mean-Medain.png
Component: component_1755522186729_253.png
centerX: 0.7665322580645161
centerY: 0.5500142490738102
width: 0.02661290322580645
height: 0.03733257338273012
Area: 0.0003686373288962024
CentroidX: 0.7772
CentroidY: 0.5699
