Location: Dedata_8.png_Mean-Medain.png
Component: component_1755522186588_89.png
centerX: 0.7842741935483871
centerY: 0.17811342262752922
width: 0.04112903225806452
height: 0.03505272157309775
Area: 0.0005414648047876888
CentroidX: 0.8034
CentroidY: 0.1949
