Location: Dedata_8.png_Gaussian-Closing.png
Component: component_1755522187077_138.png
centerX: 0.3536290322580645
centerY: 0.3086349387289826
width: 0.03588709677419355
height: 0.031917925334853235
Area: 0.0004526379172450565
CentroidX: 0.3699
CentroidY: 0.3237
