Location: Dedata_8.png_Mean-Closing.png
Component: component_1755522186903_24.png
centerX: 0.7649193548387097
centerY: 0.04474209176403534
width: 0.03387096774193549
height: 0.029068110572812767
Area: 0.0003957565338898133
CentroidX: 0.7795
CentroidY: 0.0589
