Location: internet_13.png_Mean-Medain.png
Component: component_1755088480959_165.png
centerX: 0.5723498589278516
centerY: 0.3153692614770459
width: 0.031035872632003223
height: 0.03421727972626176
Area: 0.0005077654904965217
CentroidX: 0.5867
CentroidY: 0.3307
