Location: Dedata_8.png_Otsu.png
Component: component_1755522187478_225.png
centerX: 0.015725806451612902
centerY: 0.38187517811342264
width: 0.031048387096774193
height: 0.029353092049016812
Area: 0.00037553204203017126
CentroidX: 0.0291
CentroidY: 0.3967
