Location: internet_13.png_Mean-Closing.png
Component: component_1755088481060_58.png
centerX: 0.362353889560661
centerY: 0.10179640718562874
width: 0.026199113260781944
height: 0.028514399771884802
Area: 0.0003357136708330331
CentroidX: 0.3744
CentroidY: 0.1145
