Location: internet_13.png_Gaussian-Closing.png
Component: component_1755088480514_188.png
centerX: 0.947198710197501
centerY: 0.3903621328771029
width: 0.029423619508262798
height: 0.032506415739948676
Area: 0.00041869390717040036
CentroidX: 0.9603
CentroidY: 0.4051
