Location: internet_13.png_Gaussian-Median.png
Component: component_1755088480668_136.png
centerX: 0.2587666263603386
centerY: 0.24037639007698888
width: 0.026199113260781944
height: 0.02879954376960365
Area: 0.00038869689652766787
CentroidX: 0.2706
CentroidY: 0.2534
