Location: internet_13.png_Gaussian-Closing.png
Component: component_1755088480511_176.png
centerX: 0.6307940346634422
centerY: 0.358426005132592
width: 0.028214429665457477
height: 0.03649843170801255
Area: 0.000439496431792372
CentroidX: 0.6435
CentroidY: 0.3765
