Location: Dedata_8.png_Mean-Closing.png
Component: component_1755522186899_13.png
centerX: 0.21008064516129032
centerY: 0.00883442576232545
width: 0.029838709677419355
height: 0.029353092049016812
Area: 0.0003979398597155701
CentroidX: 0.2230
CentroidY: 0.0235
