Location: internet_13.png_Mean-Closing.png
Component: component_1755088481052_32.png
centerX: 0.5574365175332527
centerY: 0.04961505560307956
width: 0.03305118903667876
height: 0.03222127174222983
Area: 0.0003905357937318201
CentroidX: 0.5721
CentroidY: 0.0644
