Location: Dedata_8.png_Otsu.png
Component: component_1755522187460_162.png
centerX: 0.6774193548387096
centerY: 0.23710458820176689
width: 0.02943548387096774
height: 0.03676261043032203
Area: 0.0004197731179731382
CentroidX: 0.6911
CentroidY: 0.2554
