Location: Dedata_8.png_Mean-Closing.png
Component: component_1755522186902_21.png
centerX: 0.31048387096774194
centerY: 0.009974351667141636
width: 0.029838709677419355
height: 0.03163294385864919
Area: 0.0003890916445269767
CentroidX: 0.3226
CentroidY: 0.0258
