Location: internet_13.png_Gaussian-Median.png
Component: component_1755088480778_177.png
centerX: 0.21080209592906085
centerY: 0.3319076133447391
width: 0.02539298669891173
height: 0.034787567721699456
Area: 0.000464896199424724
CentroidX: 0.2235
CentroidY: 0.3480
