Location: Dedata_8.png_Mean-Closing.png
Component: component_1755522186901_15.png
centerX: 0.594758064516129
centerY: 0.00883442576232545
width: 0.027822580645161292
height: 0.02821316614420063
Area: 0.0003218681914707802
CentroidX: 0.6062
CentroidY: 0.0228
