Location: Dedata_8.png_Gaussian-Closing.png
Component: component_1755522187129_324.png
centerX: 0.44475806451612904
centerY: 0.7446565973211742
width: 0.024193548387096774
height: 0.034482758620689655
Area: 0.00034163303578815763
CentroidX: 0.4558
CentroidY: 0.7633
