Location: Dedata_8.png_Otsu.png
Component: component_1755522187203_54.png
centerX: 0.5346774193548387
centerY: 0.0481618694784839
width: 0.02620967741935484
height: 0.03334283271587347
Area: 0.0003300269353459767
CentroidX: 0.5465
CentroidY: 0.0647
