Location: Dedata_8.png_Mean-Closing.png
Component: component_1755522186981_303.png
centerX: 0.3487903225806452
centerY: 0.695354801937874
width: 0.03306451612903226
height: 0.030493017953833
Area: 0.0003664540030704456
CentroidX: 0.3622
CentroidY: 0.7101
