Location: Dedata_8.png_Otsu.png
Component: component_1755522187504_279.png
centerX: 0.8137096774193548
centerY: 0.49957252778569394
width: 0.02379032258064516
height: 0.027643203191792535
Area: 0.00025315088390222377
CentroidX: 0.8243
CentroidY: 0.5133
