Location: internet_13.png_Gaussian-Closing.png
Component: component_1755088480521_223.png
centerX: 0.1608222490931076
centerY: 0.482178500142572
width: 0.032245062474808545
height: 0.03222127174222983
Area: 0.00045443747157610843
CentroidX: 0.1763
CentroidY: 0.4971
