Location: internet_13.png_Gaussian-Closing.png
Component: component_1755088480477_22.png
centerX: 0.1648528819024587
centerY: 0.020530367835757058
width: 0.029826682789197905
height: 0.03706871970345024
Area: 0.000459494438887527
CentroidX: 0.1775
CentroidY: 0.0378
