Location: Dedata_8.png_Otsu.png
Component: component_1755522187453_145.png
centerX: 0.5411290322580645
centerY: 0.1897976631518951
width: 0.031451612903225803
height: 0.03505272157309775
Area: 0.00040598369170520045
CentroidX: 0.5565
CentroidY: 0.2073
