Location: internet_13.png_Gaussian-Median.png
Component: component_1755088480603_46.png
centerX: 0.218863361547763
centerY: 0.06444254348445966
width: 0.027005239822652155
height: 0.027088679783290562
Area: 0.000335024084381476
CentroidX: 0.2322
CentroidY: 0.0769
