Location: Kurtxevani_1764_page_10.png_Otsu.png
Component: component_1755610055919_1148.png
centerX: 0.6142394822006473
centerY: 0.4429373246024322
width: 0.012944983818770227
height: 0.01637043966323667
Area: 0.00011655329210071415
CentroidX: 0.6206
CentroidY: 0.4512
