Location: Kurtxevani_1764_page_10.png_Otsu.png
Component: component_1755610055832_590.png
centerX: 0.4148867313915858
centerY: 0.16931711880261927
width: 0.011003236245954692
height: 0.013564078578110383
Area: 7.568395590955465e-05
CentroidX: 0.4201
CentroidY: 0.1765
