Location: internet_13.png_Gaussian-Closing.png
Component: component_1755088480490_87.png
centerX: 0.4159613059250302
centerY: 0.14086113487311092
width: 0.030632809351068116
height: 0.031080695751354435
Area: 0.00043501411985725103
CentroidX: 0.4308
CentroidY: 0.1545
