Location: Dedata_8.png_Mean-Medain.png
Component: component_1755522186568_8.png
centerX: 0.7354838709677419
centerY: 0.006839555428897122
width: 0.025806451612903226
height: 0.02963807352522086
Area: 0.0003266944906645584
CentroidX: 0.7466
CentroidY: 0.0219
