Location: Dedata_8.png_Mean-Medain.png
Component: component_1755522186648_232.png
centerX: 0.7290322580645161
centerY: 0.5064120832145911
width: 0.027419354838709678
height: 0.029923055001424906
Area: 0.00032290239844087553
CentroidX: 0.7413
CentroidY: 0.5224
