Location: Dedata_8.png_Otsu.png
Component: component_1755522187394_105.png
centerX: 0.4935483870967742
centerY: 0.09917355371900827
width: 0.034274193548387094
height: 0.027643203191792535
Area: 0.0003763364252291343
CentroidX: 0.5107
CentroidY: 0.1132
