Location: internet_13.png_Mean-Medain.png
Component: component_1755088480978_255.png
centerX: 0.81136638452237
centerY: 0.549757627601939
width: 0.029423619508262798
height: 0.03849443969204448
Area: 0.0005567261285570736
CentroidX: 0.8256
CentroidY: 0.5688
