Location: Dedata_8.png_Otsu.png
Component: component_1755522187200_46.png
centerX: 0.8153225806451613
centerY: 0.04274722143060701
width: 0.03387096774193549
height: 0.030208036477628954
Area: 0.00036496014855808565
CentroidX: 0.8310
CentroidY: 0.0579
