Location: Dedata_8.png_Gaussian-Closing.png
Component: component_1755522187107_244.png
centerX: 0.5076612903225807
centerY: 0.5297805642633229
width: 0.025806451612903226
height: 0.03277286976346538
Area: 0.00030233317092453506
CentroidX: 0.5192
CentroidY: 0.5469
