Location: Dedata_8.png_Otsu.png
Component: component_1755522187545_407.png
centerX: 0.757258064516129
centerY: 0.7802792818466799
width: 0.025
height: 0.03134796238244514
Area: 0.00030497614429255646
CentroidX: 0.7682
CentroidY: 0.7975
