Location: internet_13.png_Mean-Closing.png
Component: component_1755088481067_76.png
centerX: 0.6666666666666666
centerY: 0.12688907898488735
width: 0.03385731559854897
height: 0.03735386370116909
Area: 0.0005578754393096688
CentroidX: 0.6827
CentroidY: 0.1443
