Location: internet_13.png_Mean-Closing.png
Component: component_1755088481100_192.png
centerX: 0.5683192261185006
centerY: 0.4126033646991731
width: 0.029423619508262798
height: 0.035642999714856
Area: 0.0004721368571660732
CentroidX: 0.5802
CentroidY: 0.4290
