Location: Dedata_8.png_Mean-Closing.png
Component: component_1755522186953_206.png
centerX: 0.7637096774193548
centerY: 0.46024508406953546
width: 0.03064516129032258
height: 0.02792818466799658
Area: 0.0003314058779727705
CentroidX: 0.7781
CentroidY: 0.4749
