Location: Dedata_8.png_Mean-Medain.png
Component: component_1755522186613_189.png
centerX: 0.7701612903225806
centerY: 0.4189227700199487
width: 0.02943548387096774
height: 0.03305785123966942
Area: 0.0003926539129795273
CentroidX: 0.7819
CentroidY: 0.4352
