Location: internet_13.png_Gaussian-Median.png
Component: component_1755088480669_138.png
centerX: 0.21080209592906085
centerY: 0.2418021100655831
width: 0.026199113260781944
height: 0.03136583974907328
Area: 0.00042363594340655937
CentroidX: 0.2233
CentroidY: 0.2562
