Location: internet_13.png_Gaussian-Closing.png
Component: component_1755088480498_119.png
centerX: 0.7259169689641274
centerY: 0.2184203022526376
width: 0.02781136638452237
height: 0.03507271171941831
Area: 0.00047466534082178245
CentroidX: 0.7384
CentroidY: 0.2345
