Location: internet_13.png_Mean-Medain.png
Component: component_1755088480993_331.png
centerX: 0.4143490528012898
centerY: 0.7271171941830624
width: 0.03184199919387344
height: 0.034787567721699456
Area: 0.0005292576015700504
CentroidX: 0.4282
CentroidY: 0.7432
