Location: internet_13.png_Gaussian-Median.png
Component: component_1755088480833_274.png
centerX: 0.3083434099153567
centerY: 0.5808383233532934
width: 0.03143893591293833
height: 0.03934987168520103
Area: 0.0005146613550120924
CentroidX: 0.3214
CentroidY: 0.5989
