Location: internet_13.png_Gaussian-Closing.png
Component: component_1755088480497_111.png
centerX: 0.21725110842402257
centerY: 0.19731964642144284
width: 0.03829101168883515
height: 0.03364699173082407
Area: 0.0005453479521063821
CentroidX: 0.2336
CentroidY: 0.2117
