Location: Dedata_8.png_Otsu.png
Component: component_1755522187495_259.png
centerX: 0.28024193548387094
centerY: 0.46053006554573955
width: 0.027016129032258064
height: 0.03163294385864919
Area: 0.0003268094025501246
CentroidX: 0.2916
CentroidY: 0.4762
