Location: Dedata_8.png_Mean-Medain.png
Component: component_1755522186771_315.png
centerX: 0.08266129032258064
centerY: 0.7170133941293816
width: 0.029838709677419355
height: 0.029923055001424906
Area: 0.00036208735141893196
CentroidX: 0.0953
CentroidY: 0.7325
