Location: Dedata_8.png_Gaussian-Closing.png
Component: component_1755522187061_70.png
centerX: 0.6419354838709678
centerY: 0.13508121972071815
width: 0.038306451612903226
height: 0.0347677400968937
Area: 0.00048044659355206426
CentroidX: 0.6612
CentroidY: 0.1527
