Location: Dedata_8.png_Gaussian-Closing.png
Component: component_1755522187113_267.png
centerX: 0.3689516129032258
centerY: 0.5930464519806212
width: 0.025806451612903226
height: 0.03362781419207751
Area: 0.0003478382776087296
CentroidX: 0.3806
CentroidY: 0.6098
