Location: internet_13.png_Gaussian-Median.png
Component: component_1755088480852_294.png
centerX: 0.31721080209592906
centerY: 0.6301682349586541
width: 0.028617492946392584
height: 0.033361847733105215
Area: 0.0004460475030821641
CentroidX: 0.3292
CentroidY: 0.6464
