Location: Dedata_8.png_Gaussian-Closing.png
Component: component_1755522187098_206.png
centerX: 0.32217741935483873
centerY: 0.45568538045027074
width: 0.03346774193548387
height: 0.0347677400968937
Area: 0.00038920655641254284
CentroidX: 0.3352
CentroidY: 0.4722
