Location: internet_13.png_Mean-Closing.png
Component: component_1755088481107_216.png
centerX: 0.3683998387746876
centerY: 0.4721984602224123
width: 0.030632809351068116
height: 0.035642999714856
Area: 0.0005212124263018846
CentroidX: 0.3827
CentroidY: 0.4883
