Location: Kurtxevani_1764_page_10.png_Otsu.png
Component: component_1755610055821_494.png
centerX: 0.5909385113268608
centerY: 0.1384471468662301
width: 0.011003236245954692
height: 0.014967259120673527
Area: 7.931678579321326e-05
CentroidX: 0.5957
CentroidY: 0.1468
