Location: internet_13.png_Mean-Medain.png
Component: component_1755088480992_325.png
centerX: 0.8964127367996776
centerY: 0.7159965782720273
width: 0.035872632003224506
height: 0.034787567721699456
Area: 0.0005213273573771442
CentroidX: 0.9134
CentroidY: 0.7321
