Location: internet_13.png_Gaussian-Closing.png
Component: component_1755088480534_279.png
centerX: 0.31761386537686415
centerY: 0.630453378956373
width: 0.028214429665457477
height: 0.03307670373538637
Area: 0.0004435190194264549
CentroidX: 0.3292
CentroidY: 0.6463
