Location: Dedata_8.png_Mean-Closing.png
Component: component_1755522186944_168.png
centerX: 0.06330645161290323
centerY: 0.3787403818751781
width: 0.031451612903225803
height: 0.029923055001424906
Area: 0.00044149146434514016
CentroidX: 0.0763
CentroidY: 0.3933
