Location: internet_13.png_Mean-Closing.png
Component: component_1755088481097_181.png
centerX: 0.16767432486900444
centerY: 0.3866552609067579
width: 0.026199113260781944
height: 0.036213287710293696
Area: 0.0005068460418944457
CentroidX: 0.1798
CentroidY: 0.4041
