Location: Dedata_8.png_Mean-Medain.png
Component: component_1755522186781_348.png
centerX: 0.18185483870967742
centerY: 0.8121972071815332
width: 0.02903225806451613
height: 0.031062980906241093
Area: 0.00037518730637347284
CentroidX: 0.1949
CentroidY: 0.8292
