Location: Dedata_8.png_Otsu.png
Component: component_1755522187511_298.png
centerX: 0.9612903225806452
centerY: 0.5397549159304645
width: 0.02258064516129032
height: 0.03277286976346538
Area: 0.0002523465007032607
CentroidX: 0.9717
CentroidY: 0.5582
