Location: internet_13.png_Mean-Closing.png
Component: component_1755088481074_101.png
centerX: 0.3776702942361951
centerY: 0.18733960650128315
width: 0.030229746070133012
height: 0.036213287710293696
Area: 0.00047730875555275124
CentroidX: 0.3912
CentroidY: 0.2037
