Location: Dedata_8.png_Mean-Closing.png
Component: component_1755522186925_93.png
centerX: 0.49556451612903224
centerY: 0.19293245939013964
width: 0.03024193548387097
height: 0.0353377030493018
Area: 0.0005235385506393698
CentroidX: 0.5096
CentroidY: 0.2103
