Location: Dedata_8.png_Mean-Medain.png
Component: component_1755522186580_61.png
centerX: 0.11653225806451613
centerY: 0.10743801652892562
width: 0.032661290322580645
height: 0.031062980906241093
Area: 0.0004156362900927569
CentroidX: 0.1308
CentroidY: 0.1228
