Location: Dedata_8.png_Mean-Closing.png
Component: component_1755522186941_159.png
centerX: 0.9508064516129032
centerY: 0.3650612710173839
width: 0.031451612903225803
height: 0.031062980906241093
Area: 0.00040471966096397284
CentroidX: 0.9645
CentroidY: 0.3804
