Location: Dedata_8.png_Otsu.png
Component: component_1755522187482_236.png
centerX: 0.2524193548387097
centerY: 0.4135081219720718
width: 0.02661290322580645
height: 0.03419777714448561
Area: 0.00040265124702378214
CentroidX: 0.2642
CentroidY: 0.4309
