Location: internet_13.png_Mean-Closing.png
Component: component_1755088481131_303.png
centerX: 0.7416364369205966
centerY: 0.7122897063016823
width: 0.030632809351068116
height: 0.033932135728542916
Area: 0.000500639763830432
CentroidX: 0.7552
CentroidY: 0.7281
