Location: Dedata_8.png_Mean-Medain.png
Component: component_1755522186613_190.png
centerX: 0.1504032258064516
centerY: 0.4197777144485608
width: 0.03467741935483871
height: 0.03733257338273012
Area: 0.0005046930014065215
CentroidX: 0.1638
CentroidY: 0.4379
