Location: internet_13.png_Mean-Medain.png
Component: component_1755088480969_210.png
centerX: 0.26320032245062475
centerY: 0.43199315654405473
width: 0.028617492946392584
height: 0.033361847733105215
Area: 0.0004278883931911613
CentroidX: 0.2760
CentroidY: 0.4481
