Location: Dedata_8.png_Gaussian-Closing.png
Component: component_1755522187108_246.png
centerX: 0.9032258064516129
centerY: 0.5377600455970362
width: 0.025403225806451612
height: 0.039042462239954404
Area: 0.00036070840879213816
CentroidX: 0.9145
CentroidY: 0.5593
