Location: Dedata_8.png_Otsu.png
Component: component_1755522187398_111.png
centerX: 0.26129032258064516
centerY: 0.1048731832430892
width: 0.029838709677419355
height: 0.03134796238244514
Area: 0.00036955662398073156
CentroidX: 0.2748
CentroidY: 0.1203
