Location: Dedata_8.png_Mean-Medain.png
Component: component_1755522186582_66.png
centerX: 0.8709677419354839
centerY: 0.12567683100598462
width: 0.038306451612903226
height: 0.03277286976346538
Area: 0.0004658527840851635
CentroidX: 0.8918
CentroidY: 0.1422
