Location: Dedata_8.png_Gaussian-Closing.png
Component: component_1755522187082_160.png
centerX: 0.2862903225806452
centerY: 0.3613565118267313
width: 0.035483870967741936
height: 0.03362781419207751
Area: 0.0004596475422645915
CentroidX: 0.3014
CentroidY: 0.3780
