Location: internet_13.png_Gaussian-Median.png
Component: component_1755088480603_42.png
centerX: 0.3655783958081419
centerY: 0.058454519532363844
width: 0.030632809351068116
height: 0.03364699173082407
Area: 0.0004108785940527536
CentroidX: 0.3802
CentroidY: 0.0742
