Location: Dedata_8.png_Gaussian-Closing.png
Component: component_1755522187128_321.png
centerX: 0.6036290322580645
centerY: 0.7335423197492164
width: 0.025806451612903226
height: 0.037047591906526074
Area: 0.00034071374070362845
CentroidX: 0.6148
CentroidY: 0.7534
