Location: internet_13.png_Mean-Medain.png
Component: component_1755088480946_100.png
centerX: 0.8613462313583232
centerY: 0.16595380667236956
width: 0.03385731559854897
height: 0.03649843170801255
Area: 0.0005129373888831998
CentroidX: 0.8768
CentroidY: 0.1828
