Location: Dedata_8.png_Mean-Closing.png
Component: component_1755522186981_302.png
centerX: 0.3987903225806452
centerY: 0.6896551724137931
width: 0.037096774193548385
height: 0.03305785123966942
Area: 0.000404834572849539
CentroidX: 0.4131
CentroidY: 0.7053
