Location: internet_13.png_Mean-Closing.png
Component: component_1755088481127_289.png
centerX: 0.7190648931882305
centerY: 0.6689478186484175
width: 0.028214429665457477
height: 0.03792415169660679
Area: 0.0005066161797439267
CentroidX: 0.7329
CentroidY: 0.6861
