Location: Kurtxevani_1794_page_10.png_Mean-Medain.png
Component: component_1755610055057_2205.png
centerX: 0.7632963179427236
centerY: 0.6994270603790216
width: 0.018118059614260665
height: 0.02247686205376818
Area: 0.00021353546994159843
CentroidX: 0.7719
CentroidY: 0.7111
