Location: internet_13.png_Mean-Closing.png
Component: component_1755088481076_110.png
centerX: 0.9238210399032648
centerY: 0.2067293983461648
width: 0.030229746070133012
height: 0.03706871970345024
Area: 0.0005173047697430613
CentroidX: 0.9379
CentroidY: 0.2239
