Location: Dedata_8.png_Otsu.png
Component: component_1755522187544_392.png
centerX: 0.22741935483870968
centerY: 0.7586206896551724
width: 0.025806451612903226
height: 0.03362781419207751
Area: 0.000290612158596788
CentroidX: 0.2384
CentroidY: 0.7760
