Location: Kurtxevani_1794_page_10.png_Mean-Medain.png
Component: component_1755610055054_2179.png
centerX: 0.2577440093512566
centerY: 0.6941383869546055
width: 0.01636469900642899
height: 0.026884089907448214
Area: 0.00018623177897198511
CentroidX: 0.2637
CentroidY: 0.7086
