Location: internet_13.png_Mean-Closing.png
Component: component_1755088481052_33.png
centerX: 0.6086255542120113
centerY: 0.0499001996007984
width: 0.03143893591293833
height: 0.031080695751354435
Area: 0.0003739857188944504
CentroidX: 0.6229
CentroidY: 0.0642
