Location: Dedata_8.png_Gaussian-Closing.png
Component: component_1755522187064_82.png
centerX: 0.10564516129032259
centerY: 0.16186947848389854
width: 0.03185483870967742
height: 0.032487888287261325
Area: 0.00044965020822033665
CentroidX: 0.1211
CentroidY: 0.1779
