Location: Dedata_8.png_Mean-Closing.png
Component: component_1755522186951_199.png
centerX: 0.8935483870967742
centerY: 0.4488458250213736
width: 0.025403225806451612
height: 0.029923055001424906
Area: 0.0002740648470752627
CentroidX: 0.9046
CentroidY: 0.4642
