Location: internet_13.png_Mean-Closing.png
Component: component_1755088481070_86.png
centerX: 0.2140266021765417
centerY: 0.14627887082976904
width: 0.029423619508262798
height: 0.03649843170801255
Area: 0.000464896199424724
CentroidX: 0.2274
CentroidY: 0.1637
