Location: Dedata_8.png_Gaussian-Closing.png
Component: component_1755522187115_278.png
centerX: 0.660483870967742
centerY: 0.6147050441721288
width: 0.02379032258064516
height: 0.0347677400968937
Area: 0.0003392198861912685
CentroidX: 0.6714
CentroidY: 0.6330
