Location: Dedata_8.png_Otsu.png
Component: component_1755522187471_202.png
centerX: 0.7149193548387097
centerY: 0.33143345682530634
width: 0.03588709677419355
height: 0.03419777714448561
Area: 0.00044562829222552145
CentroidX: 0.7299
CentroidY: 0.3470
