Location: internet_13.png_Mean-Medain.png
Component: component_1755088480983_282.png
centerX: 0.6658605401047965
centerY: 0.6102081551183347
width: 0.029826682789197905
height: 0.032506415739948676
Area: 0.00048167613641261265
CentroidX: 0.6796
CentroidY: 0.6253
