Location: Dedata_8.png_Otsu.png
Component: component_1755522187206_58.png
centerX: 0.2995967741935484
centerY: 0.05443146195497293
width: 0.02661290322580645
height: 0.030208036477628954
Area: 0.00011008558637236967
CentroidX: 0.3095
CentroidY: 0.0652
