Location: internet_13.png_Gaussian-Median.png
Component: component_1755088480795_209.png
centerX: 0.5683192261185006
centerY: 0.4126033646991731
width: 0.029423619508262798
height: 0.03592814371257485
Area: 0.0004620229225432362
CentroidX: 0.5802
CentroidY: 0.4291
