Location: Dedata_8.png_Mean-Closing.png
Component: component_1755522186923_84.png
centerX: 0.9346774193548387
centerY: 0.17355371900826447
width: 0.03508064516129032
height: 0.032487888287261325
Area: 0.00046573787219959735
CentroidX: 0.9498
CentroidY: 0.1896
