Location: internet_13.png_Mean-Closing.png
Component: component_1755088481049_27.png
centerX: 0.8101571946795647
centerY: 0.04448246364414029
width: 0.03184199919387344
height: 0.03279155973766752
Area: 0.00041926856254669796
CentroidX: 0.8262
CentroidY: 0.0602
