Location: internet_13.png_Gaussian-Closing.png
Component: component_1755088480531_266.png
centerX: 0.8105602579604998
centerY: 0.6027944111776448
width: 0.031035872632003223
height: 0.03849443969204448
Area: 0.000530062119096867
CentroidX: 0.8252
CentroidY: 0.6201
