Location: Dedata_8.png_Mean-Medain.png
Component: component_1755522186660_244.png
centerX: 0.5076612903225807
centerY: 0.5297805642633229
width: 0.025806451612903226
height: 0.03277286976346538
Area: 0.0003158927734213405
CentroidX: 0.5191
CentroidY: 0.5470
