Location: Kurtxevani_1764_page_10.png_Otsu.png
Component: component_1755610055962_1504.png
centerX: 0.8038834951456311
centerY: 0.6216089803554724
width: 0.013592233009708738
height: 0.01824134705332086
Area: 0.0001743758344156139
CentroidX: 0.8101
CentroidY: 0.6305
