Location: Dedata_8.png_Mean-Medain.png
Component: component_1755522186751_293.png
centerX: 0.8161290322580645
centerY: 0.6526075805072671
width: 0.02379032258064516
height: 0.034482758620689655
Area: 0.00034554003989740664
CentroidX: 0.8266
CentroidY: 0.6704
