Location: Dedata_8.png_Mean-Closing.png
Component: component_1755522186922_81.png
centerX: 0.10564516129032259
centerY: 0.1615844970076945
width: 0.03185483870967742
height: 0.03277286976346538
Area: 0.00046792119802535414
CentroidX: 0.1211
CentroidY: 0.1779
