Location: internet_13.png_Gaussian-Closing.png
Component: component_1755088480517_204.png
centerX: 0.16686819830713423
centerY: 0.4328485885372113
width: 0.025796049979846837
height: 0.03450242372398061
Area: 0.0004512194014688421
CentroidX: 0.1786
CentroidY: 0.4497
