Location: Dedata_8.png_Mean-Medain.png
Component: component_1755522186746_281.png
centerX: 0.6068548387096774
centerY: 0.6198347107438017
width: 0.027419354838709678
height: 0.029923055001424906
Area: 0.0003477233657231635
CentroidX: 0.6195
CentroidY: 0.6354
