Location: Samociqulo_1709_page_10.png_Gaussian-Median.png
Component: component_1755610056132_1042.png
centerX: 0.8452088452088452
centerY: 0.2240625
width: 0.021621621621621623
height: 0.0153125
Area: 0.0001593980343980344
CentroidX: 0.8551
CentroidY: 0.2313
