Location: internet_13.png_Gaussian-Closing.png
Component: component_1755088480529_255.png
centerX: 0.5106811769447803
centerY: 0.5662959794696322
width: 0.029423619508262798
height: 0.03592814371257485
Area: 0.0004911004845838926
CentroidX: 0.5239
CentroidY: 0.5834
