Location: Dedata_8.png_Otsu.png
Component: component_1755522187533_363.png
centerX: 0.03225806451612903
centerY: 0.6702764320319179
width: 0.02903225806451613
height: 0.03362781419207751
Area: 0.0003073892938894456
CentroidX: 0.0441
CentroidY: 0.6891
