Location: internet_13.png_Gaussian-Median.png
Component: component_1755088480625_111.png
centerX: 0.48286981056025796
centerY: 0.18135158254918735
width: 0.02781136638452237
height: 0.031936127744510975
Area: 0.000439496431792372
CentroidX: 0.4965
CentroidY: 0.1968
