Location: Dedata_8.png_Mean-Medain.png
Component: component_1755522186605_157.png
centerX: 0.4842741935483871
centerY: 0.3493872898261613
width: 0.03346774193548387
height: 0.03277286976346538
Area: 0.0004675764623686557
CentroidX: 0.4991
CentroidY: 0.3652
