Location: Dedata_8.png_Gaussian-Closing.png
Component: component_1755522187135_349.png
centerX: 0.18185483870967742
centerY: 0.8121972071815332
width: 0.02903225806451613
height: 0.031062980906241093
Area: 0.0003401391812757977
CentroidX: 0.1950
CentroidY: 0.8292
