Location: internet_13.png_Gaussian-Closing.png
Component: component_1755088480480_41.png
centerX: 0.3139862958484482
centerY: 0.059880239520958084
width: 0.03305118903667876
height: 0.033932135728542916
Area: 0.00039766152039790977
CentroidX: 0.3287
CentroidY: 0.0752
