Location: internet_13.png_Mean-Medain.png
Component: component_1755088480986_298.png
centerX: 0.9085046352277307
centerY: 0.6641003706871971
width: 0.03143893591293833
height: 0.039064727687482176
Area: 0.0005813213786626092
CentroidX: 0.9230
CentroidY: 0.6811
