Location: internet_13.png_Mean-Medain.png
Component: component_1755088480945_92.png
centerX: 0.2660217654171705
centerY: 0.14171656686626746
width: 0.03506650544135429
height: 0.03507271171941831
Area: 0.0005123627335069023
CentroidX: 0.2813
CentroidY: 0.1581
