Location: Dedata_8.png_Gaussian-Closing.png
Component: component_1755522187101_218.png
centerX: 0.5935483870967742
centerY: 0.47591906526075806
width: 0.032661290322580645
height: 0.0347677400968937
Area: 0.00033979444561909927
CentroidX: 0.6064
CentroidY: 0.4920
