Location: Dedata_8.png_Mean-Medain.png
Component: component_1755522186608_168.png
centerX: 0.1504032258064516
centerY: 0.371900826446281
width: 0.03346774193548387
height: 0.031917925334853235
Area: 0.00044298531885750004
CentroidX: 0.1637
CentroidY: 0.3873
