Location: internet_13.png_Gaussian-Median.png
Component: component_1755088480764_165.png
centerX: 0.8633615477629988
centerY: 0.30367835757057315
width: 0.02902055622732769
height: 0.033932135728542916
Area: 0.0004908706224333736
CentroidX: 0.8767
CentroidY: 0.3202
