Location: internet_13.png_Gaussian-Closing.png
Component: component_1755088480474_9.png
centerX: 0.6658605401047965
centerY: 0.007413743940690049
width: 0.032245062474808545
height: 0.03222127174222983
Area: 0.0003775485822274953
CentroidX: 0.6799
CentroidY: 0.0223
