Location: Dedata_8.png_Mean-Medain.png
Component: component_1755522186601_141.png
centerX: 0.2608870967741935
centerY: 0.3146195497292676
width: 0.03185483870967742
height: 0.032487888287261325
Area: 0.00045620018569760706
CentroidX: 0.2757
CentroidY: 0.3301
