Location: Dedata_8.png_Mean-Closing.png
Component: component_1755522186990_338.png
centerX: 0.6048387096774194
centerY: 0.7919635223710458
width: 0.02379032258064516
height: 0.03163294385864919
Area: 0.00033588744150985026
CentroidX: 0.6156
CentroidY: 0.8092
