Location: Dedata_8.png_Gaussian-Closing.png
Component: component_1755522187114_272.png
centerX: 0.8141129032258064
centerY: 0.6021658592191508
width: 0.02258064516129032
height: 0.030493017953833
Area: 0.000294519162706037
CentroidX: 0.8243
CentroidY: 0.6177
