Location: Dedata_8.png_Gaussian-Closing.png
Component: component_1755522187058_55.png
centerX: 0.4036290322580645
centerY: 0.10145340552864064
width: 0.03064516129032258
height: 0.03334283271587347
Area: 0.00044804144182241057
CentroidX: 0.4184
CentroidY: 0.1174
