Location: Dedata_8.png_Otsu.png
Component: component_1755522187476_217.png
centerX: 0.8201612903225807
centerY: 0.3713308634938729
width: 0.031451612903225803
height: 0.034482758620689655
Area: 0.0003989740666856654
CentroidX: 0.8335
CentroidY: 0.3883
