Location: internet_13.png_Mean-Closing.png
Component: component_1755088481081_126.png
centerX: 0.12253123740427246
centerY: 0.24493869404049046
width: 0.029423619508262798
height: 0.03051040775591674
Area: 0.00041972828684773596
CentroidX: 0.1348
CentroidY: 0.2586
