Location: Dedata_8.png_Mean-Medain.png
Component: component_1755522186592_108.png
centerX: 0.8201612903225807
centerY: 0.2268452550584212
width: 0.03346774193548387
height: 0.033912795668281565
Area: 0.00046596769597072963
CentroidX: 0.8352
CentroidY: 0.2437
