Location: Dedata_8.png_Otsu.png
Component: component_1755522187543_386.png
centerX: 0.44516129032258067
centerY: 0.7449415787973782
width: 0.02338709677419355
height: 0.033912795668281565
Area: 0.00026602101508563236
CentroidX: 0.4555
CentroidY: 0.7635
