Location: internet_13.png_Mean-Closing.png
Component: component_1755088481124_275.png
centerX: 0.31761386537686415
centerY: 0.630453378956373
width: 0.028214429665457477
height: 0.03307670373538637
Area: 0.00045432254050084894
CentroidX: 0.3292
CentroidY: 0.6463
