Location: Dedata_8.png_Gaussian-Closing.png
Component: component_1755522187103_228.png
centerX: 0.8133064516129033
centerY: 0.4992875463094899
width: 0.024596774193548387
height: 0.02821316614420063
Area: 0.000287509537686502
CentroidX: 0.8245
CentroidY: 0.5133
