Location: Dedata_8.png_Gaussian-Closing.png
Component: component_1755522187109_251.png
centerX: 0.30120967741935484
centerY: 0.5474494157879738
width: 0.027822580645161292
height: 0.03134796238244514
Area: 0.0003202594250728541
CentroidX: 0.3129
CentroidY: 0.5630
