Location: internet_13.png_Mean-Medain.png
Component: component_1755088480954_138.png
centerX: 0.9153567110036276
centerY: 0.25805531793555747
width: 0.031035872632003223
height: 0.035357855717137156
Area: 0.0005524736787724718
CentroidX: 0.9314
CentroidY: 0.2751
