Location: Dedata_8.png_Otsu.png
Component: component_1755522187211_64.png
centerX: 0.06451612903225806
centerY: 0.05984611000284981
width: 0.027822580645161292
height: 0.02792818466799658
Area: 0.00023694830803739692
CentroidX: 0.0776
CentroidY: 0.0737
