Location: internet_13.png_Mean-Medain.png
Component: component_1755088480990_318.png
centerX: 0.06852075775896815
centerY: 0.7008839463929284
width: 0.030632809351068116
height: 0.036213287710293696
Area: 0.0005214422884524037
CentroidX: 0.0822
CentroidY: 0.7174
