Location: internet_13.png_Gaussian-Median.png
Component: component_1755088480860_302.png
centerX: 0.06892382103990327
centerY: 0.6572569147419447
width: 0.03143893591293833
height: 0.0290846877673225
Area: 0.000340195982768154
CentroidX: 0.0825
CentroidY: 0.6717
