Location: internet_13.png_Gaussian-Closing.png
Component: component_1755088480494_103.png
centerX: 0.5340588472390165
centerY: 0.17964071856287425
width: 0.028214429665457477
height: 0.03364699173082407
Area: 0.0004200730800735145
CentroidX: 0.5464
CentroidY: 0.1957
