Location: Dedata_8.png_Mean-Medain.png
Component: component_1755522186605_155.png
centerX: 0.6237903225806452
centerY: 0.34055286406383584
width: 0.03387096774193549
height: 0.034482758620689655
Area: 0.00046539313654289893
CentroidX: 0.6398
CentroidY: 0.3569
