Location: internet_13.png_Mean-Closing.png
Component: component_1755088481070_88.png
centerX: 0.11446997178557033
centerY: 0.14941545480467636
width: 0.029826682789197905
height: 0.033932135728542916
Area: 0.0004420249154480812
CentroidX: 0.1284
CentroidY: 0.1654
