Location: internet_13.png_Mean-Closing.png
Component: component_1755088481079_117.png
centerX: 0.5675130995566304
centerY: 0.22469347020245223
width: 0.029826682789197905
height: 0.033932135728542916
Area: 0.0004791476527569034
CentroidX: 0.5802
CentroidY: 0.2397
