Location: internet_13.png_Gaussian-Median.png
Component: component_1755088480872_337.png
centerX: 0.509471987101975
centerY: 0.7259766181921871
width: 0.03305118903667876
height: 0.03364699173082407
Area: 0.0005271888422153792
CentroidX: 0.5245
CentroidY: 0.7409
