Location: Dedata_8.png_Mean-Closing.png
Component: component_1755522186906_27.png
centerX: 0.6733870967741935
centerY: 0.04531205471644343
width: 0.02903225806451613
height: 0.03163294385864919
Area: 0.00039495215069085027
CentroidX: 0.6873
CentroidY: 0.0609
