Location: Paraklitoni_1720_page_10.png_Mean-Medain.png
Component: component_1755610055483_1947.png
centerX: 0.15472560975609756
centerY: 0.712280701754386
width: 0.010670731707317074
height: 0.011528822055137845
Area: 7.450027507793875e-05
CentroidX: 0.1599
CentroidY: 0.7179
