Location: Dedata_8.png_Otsu.png
Component: component_1755522187462_171.png
centerX: 0.22096774193548388
centerY: 0.2636078654887432
width: 0.03306451612903226
height: 0.03676261043032203
Area: 0.00046332472260270823
CentroidX: 0.2355
CentroidY: 0.2819
