Location: Dedata_8.png_Mean-Closing.png
Component: component_1755522186911_41.png
centerX: 0.10887096774193548
centerY: 0.05956112852664577
width: 0.025403225806451612
height: 0.027643203191792535
Area: 0.0003061252631482179
CentroidX: 0.1200
CentroidY: 0.0736
