Location: internet_13.png_Gaussian-Median.png
Component: component_1755088480783_186.png
centerX: 0.6815800080612656
centerY: 0.35728542914171657
width: 0.029826682789197905
height: 0.03877958368976333
Area: 0.0004928244507127853
CentroidX: 0.6946
CentroidY: 0.3749
