Location: Dedata_8.png_Mean-Medain.png
Component: component_1755522186601_144.png
centerX: 0.20443548387096774
centerY: 0.3163294385864919
width: 0.03467741935483871
height: 0.03220290681105728
Area: 0.00047527555870158764
CentroidX: 0.2194
CentroidY: 0.3320
