Location: internet_13.png_Mean-Medain.png
Component: component_1755088480990_317.png
centerX: 0.12091898428053205
centerY: 0.6994582264043342
width: 0.031035872632003223
height: 0.03649843170801255
Area: 0.000560633785115897
CentroidX: 0.1339
CentroidY: 0.7159
