Location: internet_13.png_Gaussian-Closing.png
Component: component_1755088480503_143.png
centerX: 0.4127367996775494
centerY: 0.2754491017964072
width: 0.027408303103587262
height: 0.03222127174222983
Area: 0.000425130047384933
CentroidX: 0.4243
CentroidY: 0.2909
