Location: Dedata_8.png_Gaussian-Closing.png
Component: component_1755522187100_217.png
centerX: 0.6379032258064516
centerY: 0.4744941578797378
width: 0.031048387096774193
height: 0.027643203191792535
Area: 0.00028383235734838523
CentroidX: 0.6512
CentroidY: 0.4887
