Location: Dedata_8.png_Otsu.png
Component: component_1755522187517_315.png
centerX: 0.06653225806451613
centerY: 0.5688230265032773
width: 0.02661290322580645
height: 0.029068110572812767
Area: 0.00025073773430533465
CentroidX: 0.0770
CentroidY: 0.5830
