Location: internet_13.png_Gaussian-Closing.png
Component: component_1755088480493_102.png
centerX: 0.5824264409512293
centerY: 0.17907043056743654
width: 0.029423619508262798
height: 0.033932135728542916
Area: 0.00046064374964012206
CentroidX: 0.5963
CentroidY: 0.1948
