Location: internet_13.png_Gaussian-Median.png
Component: component_1755088480833_277.png
centerX: 0.16162837565497784
centerY: 0.58910749928714
width: 0.02902055622732769
height: 0.03592814371257485
Area: 0.0004890317252292214
CentroidX: 0.1748
CentroidY: 0.6062
