Location: Dedata_8.png_Mean-Medain.png
Component: component_1755522186614_193.png
centerX: 0.6713709677419355
centerY: 0.4263322884012539
width: 0.03387096774193549
height: 0.03334283271587347
Area: 0.00041552137820719074
CentroidX: 0.6842
CentroidY: 0.4424
