Location: Dedata_8.png_Otsu.png
Component: component_1755522187460_161.png
centerX: 0.7274193548387097
centerY: 0.23510971786833856
width: 0.028629032258064516
height: 0.03362781419207751
Area: 0.0004055240441629359
CentroidX: 0.7401
CentroidY: 0.2511
