Location: Dedata_8.png_Otsu.png
Component: component_1755522187525_336.png
centerX: 0.11612903225806452
centerY: 0.6155599886007409
width: 0.02379032258064516
height: 0.031917925334853235
Area: 0.00017455115417497861
CentroidX: 0.1241
CentroidY: 0.6276
