Location: internet_13.png_Gaussian-Closing.png
Component: component_1755088480492_96.png
centerX: 0.8613462313583232
centerY: 0.16595380667236956
width: 0.03385731559854897
height: 0.03649843170801255
Area: 0.0004990307287767989
CentroidX: 0.8769
CentroidY: 0.1828
