Location: Dedata_8.png_Mean-Medain.png
Component: component_1755522186570_18.png
centerX: 0.16169354838709676
centerY: 0.009404388714733543
width: 0.031451612903225803
height: 0.02707324023938444
Area: 0.0003733487162044145
CentroidX: 0.1757
CentroidY: 0.0231
