Location: Dedata_8.png_Gaussian-Closing.png
Component: component_1755522187108_248.png
centerX: 0.8588709677419355
centerY: 0.5411798233114847
width: 0.02620967741935484
height: 0.037902536335138216
Area: 0.0003693268002095993
CentroidX: 0.8706
CentroidY: 0.5616
