Location: Dedata_8.png_Otsu.png
Component: component_1755522187462_169.png
centerX: 0.27419354838709675
centerY: 0.2610430322029068
width: 0.03225806451612903
height: 0.0347677400968937
Area: 0.00046114139677695145
CentroidX: 0.2882
CentroidY: 0.2778
