Location: Dedata_8.png_Mean-Medain.png
Component: component_1755522186603_152.png
centerX: 0.714516129032258
centerY: 0.3311484753491023
width: 0.03669354838709677
height: 0.0347677400968937
Area: 0.0005020500280385001
CentroidX: 0.7299
CentroidY: 0.3471
