Location: Dedata_8.png_Gaussian-Closing.png
Component: component_1755522187069_108.png
centerX: 0.7725806451612903
centerY: 0.2322599031062981
width: 0.03387096774193549
height: 0.031917925334853235
Area: 0.000441376552459574
CentroidX: 0.7883
CentroidY: 0.2476
