Location: Dedata_8.png_Gaussian-Closing.png
Component: component_1755522187098_210.png
centerX: 0.23346774193548386
centerY: 0.46110002849814763
width: 0.032661290322580645
height: 0.0353377030493018
Area: 0.00039391794372075495
CentroidX: 0.2462
CentroidY: 0.4780
