Location: Dedata_8.png_Gaussian-Closing.png
Component: component_1755522187094_193.png
centerX: 0.056451612903225805
centerY: 0.42832715873468225
width: 0.028629032258064516
height: 0.031917925334853235
Area: 0.0004363204294946635
CentroidX: 0.0698
CentroidY: 0.4447
