Location: Dedata_8.png_Otsu.png
Component: component_1755522187455_151.png
centerX: 0.24717741935483872
centerY: 0.20718153320034197
width: 0.031451612903225803
height: 0.03220290681105728
Area: 0.00040690298678972963
CentroidX: 0.2624
CentroidY: 0.2227
