Location: internet_13.png_Mean-Medain.png
Component: component_1755088480971_220.png
centerX: 0.6743248690044337
centerY: 0.4473909324208725
width: 0.028617492946392584
height: 0.03877958368976333
Area: 0.0005192585980224729
CentroidX: 0.6875
CentroidY: 0.4657
