Location: Dedata_8.png_Mean-Closing.png
Component: component_1755522186983_311.png
centerX: 0.8076612903225806
centerY: 0.7164434311769735
width: 0.024193548387096774
height: 0.03505272157309775
Area: 0.0003615127919911012
CentroidX: 0.8190
CentroidY: 0.7363
