Location: internet_13.png_Mean-Medain.png
Component: component_1755088480954_141.png
centerX: 0.8617492946392583
centerY: 0.25948103792415167
width: 0.03184199919387344
height: 0.03592814371257485
Area: 0.000529602394795829
CentroidX: 0.8778
CentroidY: 0.2752
