Location: Dedata_8.png_Otsu.png
Component: component_1755522187498_268.png
centerX: 0.6379032258064516
centerY: 0.47477913935594185
width: 0.03064516129032258
height: 0.02707324023938444
Area: 0.00023936145763428602
CentroidX: 0.6511
CentroidY: 0.4887
