Location: internet_13.png_Mean-Closing.png
Component: component_1755088481051_30.png
centerX: 0.758565094719871
centerY: 0.04733390362132877
width: 0.030229746070133012
height: 0.029654975762760195
Area: 0.00038329513599047086
CentroidX: 0.7728
CentroidY: 0.0607
