Location: Kurtxevani_1794_page_10.png_Mean-Medain.png
Component: component_1755610054811_807.png
centerX: 0.30391583869082406
centerY: 0.20273248126928162
width: 0.013442431326709527
height: 0.013662406346408109
Area: 0.00011076025582012946
CentroidX: 0.3105
CentroidY: 0.2096
