Location: Dedata_8.png_Otsu.png
Component: component_1755522187470_199.png
centerX: 0.8040322580645162
centerY: 0.32516386434881733
width: 0.03225806451612903
height: 0.03334283271587347
Area: 0.00040770736998869267
CentroidX: 0.8202
CentroidY: 0.3416
