Location: internet_13.png_Gaussian-Closing.png
Component: component_1755088480493_101.png
centerX: 0.6352277307537283
centerY: 0.17593384659252922
width: 0.03143893591293833
height: 0.031936127744510975
Area: 0.00045041488394202553
CentroidX: 0.6489
CentroidY: 0.1905
