Location: Kurtxevani_1764_page_10.png_Otsu.png
Component: component_1755610056009_2008.png
centerX: 0.34045307443365697
centerY: 0.8400374181478016
width: 0.012297734627831715
height: 0.01637043966323667
Area: 0.00012745178175169002
CentroidX: 0.3460
CentroidY: 0.8489
