Location: internet_13.png_Mean-Medain.png
Component: component_1755088480979_260.png
centerX: 0.611446997178557
centerY: 0.5588822355289421
width: 0.029423619508262798
height: 0.03992015968063872
Area: 0.0005165002522162447
CentroidX: 0.6250
CentroidY: 0.5774
