Location: Dedata_8.png_Otsu.png
Component: component_1755522187543_387.png
centerX: 0.3907258064516129
centerY: 0.7480763750356226
width: 0.025403225806451612
height: 0.03562268452550584
Area: 0.00027705255609998254
CentroidX: 0.4013
CentroidY: 0.7668
