Location: internet_13.png_Mean-Closing.png
Component: component_1755088481059_55.png
centerX: 0.4977831519548569
centerY: 0.09466780724265754
width: 0.027408303103587262
height: 0.029369831765041345
Area: 0.0003831802049152113
CentroidX: 0.5105
CentroidY: 0.1082
