Location: Dedata_8.png_Mean-Medain.png
Component: component_1755522186776_329.png
centerX: 0.17540322580645162
centerY: 0.7620404673696209
width: 0.02620967741935484
height: 0.03163294385864919
Area: 0.00036231717519006425
CentroidX: 0.1874
CentroidY: 0.7781
