Location: internet_13.png_Gaussian-Closing.png
Component: component_1755088480488_79.png
centerX: 0.7738814993954051
centerY: 0.12460792700313658
width: 0.027005239822652155
height: 0.031936127744510975
Area: 0.0004620229225432362
CentroidX: 0.7872
CentroidY: 0.1401
