Location: Dedata_8.png_Otsu.png
Component: component_1755522187447_125.png
centerX: 0.5
centerY: 0.1427757195782274
width: 0.03306451612903226
height: 0.032487888287261325
Area: 0.000402536335138216
CentroidX: 0.5160
CentroidY: 0.1591
