Location: Dedata_8.png_Gaussian-Closing.png
Component: component_1755522187092_190.png
centerX: 0.7201612903225807
centerY: 0.4237674551154175
width: 0.031048387096774193
height: 0.03590766600170989
Area: 0.00040242142325264986
CentroidX: 0.7320
CentroidY: 0.4404
