Location: internet_13.png_Mean-Medain.png
Component: component_1755088480965_191.png
centerX: 0.21442966545747683
centerY: 0.3843741089250071
width: 0.030632809351068116
height: 0.035357855717137156
Area: 0.0005055818000665911
CentroidX: 0.2274
CentroidY: 0.4011
