Location: Kurtxevani_1794_page_10.png_Mean-Medain.png
Component: component_1755610054603_518.png
centerX: 0.22267679719462302
centerY: 0.10092551784927281
width: 0.013442431326709527
height: 0.014103129131776113
Area: 0.00012492726528549487
CentroidX: 0.2294
CentroidY: 0.1079
