Location: Dedata_8.png_Mean-Closing.png
Component: component_1755522186932_127.png
centerX: 0.7818548387096774
centerY: 0.27842690225135364
width: 0.03387096774193549
height: 0.0347677400968937
Area: 0.0004988324952426479
CentroidX: 0.7974
CentroidY: 0.2956
