Location: internet_13.png_Mean-Closing.png
Component: component_1755088481096_176.png
centerX: 0.4131398629584845
centerY: 0.3738237810094098
width: 0.03184199919387344
height: 0.03849443969204448
Area: 0.0005239707721081129
CentroidX: 0.4274
CentroidY: 0.3917
