Location: internet_13.png_Mean-Medain.png
Component: component_1755088480953_136.png
centerX: 0.019347037484885126
centerY: 0.2469347020245224
width: 0.03143893591293833
height: 0.03364699173082407
Area: 0.0004985710044757609
CentroidX: 0.0337
CentroidY: 0.2626
