Location: Dedata_8.png_Gaussian-Closing.png
Component: component_1755522187050_26.png
centerX: 0.8661290322580645
centerY: 0.04474209176403534
width: 0.02903225806451613
height: 0.028498147620404674
Area: 0.0003811627244229125
CentroidX: 0.8802
CentroidY: 0.0595
