Location: internet_13.png_Gaussian-Closing.png
Component: component_1755088480534_277.png
centerX: 0.36275695284159615
centerY: 0.6273167949814656
width: 0.026199113260781944
height: 0.03279155973766752
Area: 0.0004170848721167672
CentroidX: 0.3747
CentroidY: 0.6431
