Location: Dedata_8.png_Gaussian-Closing.png
Component: component_1755522187056_47.png
centerX: 0.7733870967741936
centerY: 0.08549444286121402
width: 0.03387096774193549
height: 0.03277286976346538
Area: 0.00043953796229051565
CentroidX: 0.7895
CentroidY: 0.1018
