Location: internet_13.png_Mean-Medain.png
Component: component_1755088480933_32.png
centerX: 0.6618299072954453
centerY: 0.046763615625891077
width: 0.03184199919387344
height: 0.029654975762760195
Area: 0.00038272048061417326
CentroidX: 0.6768
CentroidY: 0.0602
