Location: Dedata_8.png_Mean-Closing.png
Component: component_1755522186928_107.png
centerX: 0.7725806451612903
centerY: 0.2322599031062981
width: 0.034274193548387094
height: 0.03163294385864919
Area: 0.0004589580709511946
CentroidX: 0.7883
CentroidY: 0.2476
