Location: Dedata_8.png_Mean-Closing.png
Component: component_1755522186950_192.png
centerX: 0.008467741935483872
centerY: 0.43117697349672274
width: 0.029838709677419355
height: 0.03562268452550584
Area: 0.00046470366522950203
CentroidX: 0.0214
CentroidY: 0.4493
