Location: internet_13.png_Mean-Medain.png
Component: component_1755088480952_127.png
centerX: 0.4675534058847239
centerY: 0.22840034217279725
width: 0.03184199919387344
height: 0.03165098374679213
Area: 0.0004877674834013668
CentroidX: 0.4822
CentroidY: 0.2428
