Location: internet_13.png_Mean-Closing.png
Component: component_1755088481062_65.png
centerX: 0.018540910923014912
centerY: 0.1074992871400057
width: 0.03143893591293833
height: 0.03279155973766752
Area: 0.0003836399292162494
CentroidX: 0.0316
CentroidY: 0.1228
