Location: internet_13.png_Gaussian-Median.png
Component: component_1755088480818_238.png
centerX: 0.06690850463522773
centerY: 0.4881665240946678
width: 0.027005239822652155
height: 0.036783575705731396
Area: 0.00045731074845759624
CentroidX: 0.0797
CentroidY: 0.5052
