Location: Dedata_8.png_Mean-Medain.png
Component: component_1755522186606_159.png
centerX: 0.38991935483870965
centerY: 0.3550869193502422
width: 0.034274193548387094
height: 0.03362781419207751
Area: 0.0004661975197418619
CentroidX: 0.4047
CentroidY: 0.3713
