Location: internet_13.png_Mean-Closing.png
Component: component_1755088481078_116.png
centerX: 0.6207174526400645
centerY: 0.22184203022526375
width: 0.028214429665457477
height: 0.03364699173082407
Area: 0.00045960936996278646
CentroidX: 0.6338
CentroidY: 0.2374
