Location: Dedata_8.png_Otsu.png
Component: component_1755522187530_347.png
centerX: 0.9475806451612904
centerY: 0.6474779139355942
width: 0.020161290322580645
height: 0.0347677400968937
Area: 0.00028429200489064985
CentroidX: 0.9565
CentroidY: 0.6668
