Location: internet_13.png_Gaussian-Median.png
Component: component_1755088480820_241.png
centerX: 0.924627166465135
centerY: 0.49500998003992014
width: 0.028617492946392584
height: 0.030795551753635585
Area: 0.00047236671931659224
CentroidX: 0.9390
CentroidY: 0.5095
