Location: Dedata_8.png_Mean-Medain.png
Component: component_1755522186583_72.png
centerX: 0.5967741935483871
centerY: 0.13878597891137076
width: 0.03588709677419355
height: 0.03419777714448561
Area: 0.00047516064681602145
CentroidX: 0.6136
CentroidY: 0.1551
