Location: Dedata_8.png_Mean-Medain.png
Component: component_1755522186770_311.png
centerX: 0.9536290322580645
centerY: 0.7121687090339128
width: 0.021774193548387097
height: 0.03590766600170989
Area: 0.0003427821546438191
CentroidX: 0.9636
CentroidY: 0.7321
