Location: internet_13.png_Mean-Medain.png
Component: component_1755088480994_335.png
centerX: 0.2736799677549375
centerY: 0.7362418021100656
width: 0.028214429665457477
height: 0.03735386370116909
Area: 0.0004921348642612282
CentroidX: 0.2859
CentroidY: 0.7543
