Location: Dedata_8.png_Gaussian-Closing.png
Component: component_1755522187111_258.png
centerX: 0.6701612903225806
centerY: 0.5622684525505842
width: 0.027016129032258064
height: 0.03362781419207751
Area: 0.00034048391693249617
CentroidX: 0.6819
CentroidY: 0.5805
