Location: internet_13.png_Mean-Medain.png
Component: component_1755088480987_302.png
centerX: 0.8548972188633616
centerY: 0.6683775306529798
width: 0.03184199919387344
height: 0.03992015968063872
Area: 0.000584884241995654
CentroidX: 0.8699
CentroidY: 0.6869
