Location: internet_13.png_Gaussian-Median.png
Component: component_1755088480612_82.png
centerX: 0.8669891172914147
centerY: 0.12147134302822926
width: 0.032648125755743655
height: 0.033932135728542916
Area: 0.0005074206972707433
CentroidX: 0.8827
CentroidY: 0.1370
