Location: Dedata_8.png_Gaussian-Closing.png
Component: component_1755522187074_125.png
centerX: 0.06612903225806452
centerY: 0.2727272727272727
width: 0.03588709677419355
height: 0.032487888287261325
Area: 0.0005060719440333153
CentroidX: 0.0824
CentroidY: 0.2888
