Location: internet_13.png_Mean-Medain.png
Component: component_1755088480964_188.png
centerX: 0.36436920596533656
centerY: 0.37610493299116055
width: 0.029423619508262798
height: 0.03706871970345024
Area: 0.0004948932100674565
CentroidX: 0.3777
CentroidY: 0.3939
