Location: Dedata_8.png_Gaussian-Closing.png
Component: component_1755522187085_172.png
centerX: 0.6870967741935484
centerY: 0.38073525220860643
width: 0.028629032258064516
height: 0.03305785123966942
Area: 0.00043620551760909735
CentroidX: 0.7001
CentroidY: 0.3976
