Location: Dedata_8.png_Mean-Medain.png
Component: component_1755522186781_347.png
centerX: 0.2399193548387097
centerY: 0.8082074665146766
width: 0.025403225806451612
height: 0.034482758620689655
Area: 0.00034002426939023155
CentroidX: 0.2505
CentroidY: 0.8270
