Location: Dedata_8.png_Otsu.png
Component: component_1755522187452_142.png
centerX: 0.6887096774193548
centerY: 0.18267312624679397
width: 0.03467741935483871
height: 0.03676261043032203
Area: 0.00043643534138022963
CentroidX: 0.7020
CentroidY: 0.2004
