Location: Dedata_8.png_Otsu.png
Component: component_1755522187508_287.png
centerX: 0.6411290322580645
centerY: 0.51268167569108
width: 0.029838709677419355
height: 0.03334283271587347
Area: 0.00032336204598314015
CentroidX: 0.6547
CentroidY: 0.5293
