Location: Dedata_8.png_Otsu.png
Component: component_1755522187477_220.png
centerX: 0.10725806451612903
centerY: 0.3761755485893417
width: 0.03185483870967742
height: 0.030208036477628954
Area: 0.00039058549903933664
CentroidX: 0.1198
CentroidY: 0.3904
