Location: Kurtxevani_1764_page_10.png_Otsu.png
Component: component_1755610055934_1278.png
centerX: 0.4
centerY: 0.5032740879326474
width: 0.012297734627831715
height: 0.017305893358278764
Area: 0.00014198310128632453
CentroidX: 0.4056
CentroidY: 0.5119
