Location: internet_13.png_Gaussian-Median.png
Component: component_1755088480678_144.png
centerX: 0.7226924627166466
centerY: 0.25862560593099515
width: 0.028214429665457477
height: 0.03307670373538637
Area: 0.0004637468886721289
CentroidX: 0.7361
CentroidY: 0.2739
