Location: internet_13.png_Mean-Medain.png
Component: component_1755088480987_306.png
centerX: 0.5836356307940347
centerY: 0.6732249786142002
width: 0.028617492946392584
height: 0.039635015682919876
Area: 0.0004983411423252419
CentroidX: 0.5951
CentroidY: 0.6922
