Location: Dedata_8.png_Mean-Medain.png
Component: component_1755522186754_295.png
centerX: 0.7637096774193548
centerY: 0.6568823026503278
width: 0.03467741935483871
height: 0.03419777714448561
Area: 0.0003717399498064884
CentroidX: 0.7766
CentroidY: 0.6738
