Location: internet_13.png_Mean-Closing.png
Component: component_1755088481058_52.png
centerX: 0.6553808948004837
centerY: 0.08326204733390362
width: 0.0354695687222894
height: 0.03051040775591674
Area: 0.0004671948209299142
CentroidX: 0.6708
CentroidY: 0.0970
