Location: internet_13.png_Gaussian-Closing.png
Component: component_1755088480483_51.png
centerX: 0.8633615477629988
centerY: 0.08041060735671514
width: 0.028214429665457477
height: 0.03222127174222983
Area: 0.00042260156372922377
CentroidX: 0.8752
CentroidY: 0.0951
