Location: Dedata_8.png_Mean-Closing.png
Component: component_1755522186965_243.png
centerX: 0.9032258064516129
centerY: 0.5377600455970362
width: 0.025403225806451612
height: 0.03932744371615845
Area: 0.00038242675516414015
CentroidX: 0.9145
CentroidY: 0.5594
