Location: Dedata_8.png_Gaussian-Closing.png
Component: component_1755522187133_344.png
centerX: 0.44556451612903225
centerY: 0.7982331148475349
width: 0.02217741935483871
height: 0.0347677400968937
Area: 0.0003284181689480506
CentroidX: 0.4548
CentroidY: 0.8165
