Location: Dedata_8.png_Otsu.png
Component: component_1755522187463_174.png
centerX: 0.12056451612903225
centerY: 0.27215730977486463
width: 0.027822580645161292
height: 0.03220290681105728
Area: 0.0004137976999236985
CentroidX: 0.1334
CentroidY: 0.2886
