Location: internet_13.png_Gaussian-Closing.png
Component: component_1755088480499_123.png
centerX: 0.46795646916565903
centerY: 0.22840034217279725
width: 0.03143893591293833
height: 0.03165098374679213
Area: 0.00047661916910119416
CentroidX: 0.4823
CentroidY: 0.2429
