Location: internet_13.png_Gaussian-Closing.png
Component: component_1755088480514_189.png
centerX: 0.06650544135429262
centerY: 0.39064727687482176
width: 0.027408303103587262
height: 0.036213287710293696
Area: 0.0004200730800735145
CentroidX: 0.0782
CentroidY: 0.4081
