Location: Dedata_8.png_Otsu.png
Component: component_1755522187197_19.png
centerX: 0.26048387096774195
centerY: 0.01054431461954973
width: 0.031048387096774193
height: 0.02821316614420063
Area: 0.0003214085439285156
CentroidX: 0.2734
CentroidY: 0.0246
