Location: Dedata_8.png_Otsu.png
Component: component_1755522187545_404.png
centerX: 0.8588709677419355
centerY: 0.7725847819891707
width: 0.02943548387096774
height: 0.0347677400968937
Area: 0.0003437014497283483
CentroidX: 0.8715
CentroidY: 0.7904
