Location: Dedata_8.png_Mean-Medain.png
Component: component_1755522186580_59.png
centerX: 0.3504032258064516
centerY: 0.1043032202906811
width: 0.03346774193548387
height: 0.030777999430037048
Area: 0.0004672317267119573
CentroidX: 0.3664
CentroidY: 0.1193
