Location: Dedata_8.png_Otsu.png
Component: component_1755522187452_139.png
centerX: 0.8306451612903226
centerY: 0.17497862638928469
width: 0.03870967741935484
height: 0.03362781419207751
Area: 0.0004671168148263911
CentroidX: 0.8483
CentroidY: 0.1909
