Location: internet_13.png_Gaussian-Median.png
Component: component_1755088480654_133.png
centerX: 0.41757355904877064
centerY: 0.23381807812945538
width: 0.03345425231761386
height: 0.029940119760479042
Area: 0.00045754061060811527
CentroidX: 0.4329
CentroidY: 0.2478
