Location: Dedata_8.png_Mean-Closing.png
Component: component_1755522186961_228.png
centerX: 0.2818548387096774
centerY: 0.5044172128811627
width: 0.03346774193548387
height: 0.030493017953833
Area: 0.00038369078590536776
CentroidX: 0.2953
CentroidY: 0.5192
