Location: internet_13.png_Gaussian-Median.png
Component: component_1755088480619_105.png
centerX: 0.7444578798871423
centerY: 0.16852010265183917
width: 0.028617492946392584
height: 0.03592814371257485
Area: 0.0004721368571660732
CentroidX: 0.7585
CentroidY: 0.1857
