Location: Dedata_8.png_Gaussian-Closing.png
Component: component_1755522187109_253.png
centerX: 0.7665322580645161
centerY: 0.5500142490738102
width: 0.02661290322580645
height: 0.037047591906526074
Area: 0.00035094089851901564
CentroidX: 0.7774
CentroidY: 0.5697
