Location: internet_13.png_Mean-Medain.png
Component: component_1755088480935_38.png
centerX: 0.4619105199516324
centerY: 0.05389221556886228
width: 0.028214429665457477
height: 0.031080695751354435
Area: 0.00038777744792559176
CentroidX: 0.4753
CentroidY: 0.0681
