Location: Kurtxevani_1794_page_10.png_Mean-Medain.png
Component: component_1755610054587_418.png
centerX: 0.7521917007597896
centerY: 0.0744821507271926
width: 0.012857977790765635
height: 0.015425297487880123
Area: 0.00012415451931465675
CentroidX: 0.7587
CentroidY: 0.0822
