Location: Dedata_8.png_Otsu.png
Component: component_1755522187479_228.png
centerX: 0.4814516129032258
centerY: 0.3975491593046452
width: 0.034274193548387094
height: 0.03505272157309775
Area: 0.0004360906057235312
CentroidX: 0.4960
CentroidY: 0.4148
