Location: Dedata_8.png_Mean-Closing.png
Component: component_1755522186891_7.png
centerX: 0.7354838709677419
centerY: 0.006839555428897122
width: 0.025806451612903226
height: 0.02963807352522086
Area: 0.00032600501935116155
CentroidX: 0.7466
CentroidY: 0.0219
