Location: internet_13.png_Gaussian-Closing.png
Component: component_1755088480490_84.png
centerX: 0.4735993550987505
centerY: 0.13572854291417166
width: 0.029826682789197905
height: 0.03706871970345024
Area: 0.000475010134047561
CentroidX: 0.4872
CentroidY: 0.1531
