Location: internet_13.png_Mean-Closing.png
Component: component_1755088481065_72.png
centerX: 0.8669891172914147
centerY: 0.1217564870259481
width: 0.032648125755743655
height: 0.033361847733105215
Area: 0.0005193735290977325
CentroidX: 0.8827
CentroidY: 0.1370
