Location: Dedata_8.png_Mean-Medain.png
Component: component_1755522186586_85.png
centerX: 0.010080645161290322
centerY: 0.16728412653177543
width: 0.03306451612903226
height: 0.031062980906241093
Area: 0.00046964487630884636
CentroidX: 0.0255
CentroidY: 0.1825
