Location: Dedata_8.png_Mean-Medain.png
Component: component_1755522186592_104.png
centerX: 0.06491935483870968
centerY: 0.21687090339127957
width: 0.03024193548387097
height: 0.03619264747791394
Area: 0.00042299065076899033
CentroidX: 0.0767
CentroidY: 0.2344
