Location: internet_13.png_Gaussian-Closing.png
Component: component_1755088480519_210.png
centerX: 0.021362353889560662
centerY: 0.44026233247790136
width: 0.024586860137041516
height: 0.036213287710293696
Area: 0.00043432453340569395
CentroidX: 0.0323
CentroidY: 0.4585
