Location: Dedata_8.png_Mean-Medain.png
Component: component_1755522186592_107.png
centerX: 0.8689516129032258
centerY: 0.22428042177258478
width: 0.031451612903225803
height: 0.031917925334853235
Area: 0.0004440195258275954
CentroidX: 0.8832
CentroidY: 0.2398
