Location: Dedata_8.png_Otsu.png
Component: component_1755522187523_331.png
centerX: 0.7620967741935484
centerY: 0.6061555998860074
width: 0.02903225806451613
height: 0.02821316614420063
Area: 0.0002565982404692082
CentroidX: 0.7745
CentroidY: 0.6195
