Location: internet_13.png_Mean-Closing.png
Component: component_1755088481127_285.png
centerX: 0.7605804111245466
centerY: 0.6680923866552609
width: 0.032245062474808545
height: 0.03792415169660679
Area: 0.0005354638796340641
CentroidX: 0.7759
CentroidY: 0.6848
