Location: Dedata_8.png_Otsu.png
Component: component_1755522187469_195.png
centerX: 0.8540322580645161
centerY: 0.3211741236819607
width: 0.03024193548387097
height: 0.03419777714448561
Area: 0.000386218847387823
CentroidX: 0.8682
CentroidY: 0.3382
