Location: Dedata_8.png_Gaussian-Closing.png
Component: component_1755522187127_319.png
centerX: 0.7064516129032258
centerY: 0.7264177828441152
width: 0.02217741935483871
height: 0.03818751781134226
Area: 0.00032531554803776465
CentroidX: 0.7156
CentroidY: 0.7470
