Location: internet_13.png_Gaussian-Median.png
Component: component_1755088480789_199.png
centerX: 0.898428053204353
centerY: 0.3866552609067579
width: 0.028617492946392584
height: 0.03450242372398061
Area: 0.0004877674834013668
CentroidX: 0.9118
CentroidY: 0.4030
