Location: Dedata_8.png_Mean-Closing.png
Component: component_1755522186920_74.png
centerX: 0.4528225806451613
centerY: 0.1450555713878598
width: 0.03467741935483871
height: 0.03505272157309775
Area: 0.000470908907050074
CentroidX: 0.4680
CentroidY: 0.1623
