Location: Dedata_8.png_Otsu.png
Component: component_1755522187216_99.png
centerX: 0.819758064516129
centerY: 0.08549444286121402
width: 0.03225806451612903
height: 0.033912795668281565
Area: 0.0004039152777650098
CentroidX: 0.8351
CentroidY: 0.1019
