Location: internet_13.png_Mean-Medain.png
Component: component_1755088480935_39.png
centerX: 0.41878274889157596
centerY: 0.05503279155973767
width: 0.029826682789197905
height: 0.031936127744510975
Area: 0.0003968570028710932
CentroidX: 0.4319
CentroidY: 0.0695
