Location: internet_13.png_Mean-Closing.png
Component: component_1755088481099_189.png
centerX: 0.7887948407900041
centerY: 0.3989164528086684
width: 0.026602176541717048
height: 0.032506415739948676
Area: 0.00044455339910379047
CentroidX: 0.8001
CentroidY: 0.4137
