Location: Dedata_8.png_Gaussian-Closing.png
Component: component_1755522187062_73.png
centerX: 0.5479838709677419
centerY: 0.14049586776859505
width: 0.03306451612903226
height: 0.03305785123966942
Area: 0.0004459730278822199
CentroidX: 0.5637
CentroidY: 0.1570
