Location: internet_13.png_Gaussian-Median.png
Component: component_1755088480867_318.png
centerX: 0.2656187021362354
centerY: 0.6909039064727688
width: 0.02902055622732769
height: 0.03934987168520103
Area: 0.0005119030092058642
CentroidX: 0.2785
CentroidY: 0.7084
