Location: internet_13.png_Gaussian-Closing.png
Component: component_1755088480541_306.png
centerX: 0.01652559451833938
centerY: 0.7037353863701169
width: 0.031035872632003223
height: 0.03792415169660679
Area: 0.0005476465736115722
CentroidX: 0.0307
CentroidY: 0.7212
