Location: Dedata_8.png_Mean-Medain.png
Component: component_1755522186610_176.png
centerX: 0.5814516129032258
centerY: 0.38757480763750357
width: 0.03669354838709677
height: 0.03305785123966942
Area: 0.0004780334439551752
CentroidX: 0.5963
CentroidY: 0.4030
