Location: internet_13.png_Mean-Closing.png
Component: component_1755088481131_306.png
centerX: 0.6102378073357517
centerY: 0.7151411462788708
width: 0.027005239822652155
height: 0.033361847733105215
Area: 0.00043340508480361784
CentroidX: 0.6223
CentroidY: 0.7300
