Location: Dedata_8.png_Otsu.png
Component: component_1755522187454_150.png
centerX: 0.2991935483870968
centerY: 0.20376175548589343
width: 0.031451612903225803
height: 0.03305785123966942
Area: 0.0004104652552422802
CentroidX: 0.3120
CentroidY: 0.2196
