Location: internet_13.png_Mean-Closing.png
Component: component_1755088481070_87.png
centerX: 0.1652559451833938
centerY: 0.14713430282292558
width: 0.027408303103587262
height: 0.03421727972626176
Area: 0.00041628035458995066
CentroidX: 0.1772
CentroidY: 0.1632
