Location: internet_13.png_Gaussian-Median.png
Component: component_1755088480811_229.png
centerX: 0.5239822652156388
centerY: 0.4630738522954092
width: 0.026602176541717048
height: 0.036783575705731396
Area: 0.0004738608232949659
CentroidX: 0.5362
CentroidY: 0.4804
