Location: internet_13.png_Gaussian-Median.png
Component: component_1755088480654_134.png
centerX: 0.3655783958081419
centerY: 0.23438836612489308
width: 0.031035872632003223
height: 0.035642999714856
Area: 0.0005142016307110544
CentroidX: 0.3801
CentroidY: 0.2505
