Location: Dedata_8.png_Otsu.png
Component: component_1755522187467_189.png
centerX: 0.3540322580645161
centerY: 0.30891992020518666
width: 0.03508064516129032
height: 0.03134796238244514
Area: 0.00041552137820719074
CentroidX: 0.3697
CentroidY: 0.3237
