Location: Dedata_8.png_Gaussian-Closing.png
Component: component_1755522187096_198.png
centerX: 0.4959677419354839
centerY: 0.44400113992590484
width: 0.02620967741935484
height: 0.031917925334853235
Area: 0.00036725838626940863
CentroidX: 0.5074
CentroidY: 0.4604
