Location: internet_13.png_Mean-Closing.png
Component: component_1755088481067_74.png
centerX: 0.7182587666263603
centerY: 0.12432278300541774
width: 0.031035872632003223
height: 0.03592814371257485
Area: 0.0005039727650129579
CentroidX: 0.7328
CentroidY: 0.1419
