Location: Dedata_8.png_Otsu.png
Component: component_1755522187546_410.png
centerX: 0.6532258064516129
centerY: 0.7893986890852095
width: 0.02338709677419355
height: 0.03362781419207751
Area: 0.00029486389836273547
CentroidX: 0.6635
CentroidY: 0.8075
