Location: Dedata_8.png_Mean-Closing.png
Component: component_1755522186951_196.png
centerX: 0.4959677419354839
centerY: 0.4442861214021089
width: 0.02620967741935484
height: 0.03163294385864919
Area: 0.0003750723944879067
CentroidX: 0.5073
CentroidY: 0.4604
