Location: Dedata_8.png_Otsu.png
Component: component_1755522187517_316.png
centerX: 0.5709677419354838
centerY: 0.5716728412653177
width: 0.03064516129032258
height: 0.03362781419207751
Area: 0.0002847516524329144
CentroidX: 0.5839
CentroidY: 0.5887
