Location: Dedata_8.png_Otsu.png
Component: component_1755522187512_302.png
centerX: 0.3016129032258065
centerY: 0.5477343972641778
width: 0.027016129032258064
height: 0.030777999430037048
Area: 0.0001651283795585545
CentroidX: 0.3106
CentroidY: 0.5597
