Location: Dedata_8.png_Mean-Medain.png
Component: component_1755522186569_12.png
centerX: 0.9245967741935484
centerY: 0.008264462809917356
width: 0.028629032258064516
height: 0.030493017953833
Area: 0.0003572610522251538
CentroidX: 0.9368
CentroidY: 0.0244
