Location: internet_13.png_Mean-Closing.png
Component: component_1755088481079_119.png
centerX: 0.46795646916565903
centerY: 0.22840034217279725
width: 0.03143893591293833
height: 0.03165098374679213
Area: 0.0004867331037240312
CentroidX: 0.4822
CentroidY: 0.2428
