Location: Dedata_8.png_Gaussian-Closing.png
Component: component_1755522187110_257.png
centerX: 0.16411290322580646
centerY: 0.5582787118837276
width: 0.02943548387096774
height: 0.028783129096608722
Area: 0.0003103770029141654
CentroidX: 0.1763
CentroidY: 0.5720
