Location: Dedata_8.png_Mean-Closing.png
Component: component_1755522186921_78.png
centerX: 0.25161290322580643
centerY: 0.15502992305500143
width: 0.03185483870967742
height: 0.0353377030493018
Area: 0.00048538780463140864
CentroidX: 0.2661
CentroidY: 0.1721
