Location: internet_13.png_Gaussian-Median.png
Component: component_1755088480642_126.png
centerX: 0.7762998790810157
centerY: 0.2167094382663245
width: 0.029423619508262798
height: 0.034787567721699456
Area: 0.00048236572286416973
CentroidX: 0.7906
CentroidY: 0.2335
