Location: Dedata_8.png_Otsu.png
Component: component_1755522187446_121.png
centerX: 0.6870967741935484
centerY: 0.13280136791108577
width: 0.03870967741935484
height: 0.033912795668281565
Area: 0.00044608793976778606
CentroidX: 0.7061
CentroidY: 0.1492
