Location: Dedata_8.png_Mean-Closing.png
Component: component_1755522186983_309.png
centerX: 0.1342741935483871
centerY: 0.7124536905101169
width: 0.031451612903225803
height: 0.031062980906241093
Area: 0.0003838056977909339
CentroidX: 0.1472
CentroidY: 0.7278
