Location: internet_13.png_Mean-Medain.png
Component: component_1755088480979_257.png
centerX: 0.7069729947601774
centerY: 0.5511833475905332
width: 0.030632809351068116
height: 0.040490447676076416
Area: 0.000549370539740465
CentroidX: 0.7218
CentroidY: 0.5704
