Location: internet_13.png_Mean-Closing.png
Component: component_1755088481107_214.png
centerX: 0.4199919387343813
centerY: 0.4699173082406615
width: 0.03184199919387344
height: 0.03649843170801255
Area: 0.0005054668689913316
CentroidX: 0.4344
CentroidY: 0.4863
