Location: internet_13.png_Gaussian-Closing.png
Component: component_1755088480537_293.png
centerX: 0.7186618299072954
centerY: 0.6689478186484175
width: 0.028617492946392584
height: 0.03792415169660679
Area: 0.0004868480347992907
CentroidX: 0.7328
CentroidY: 0.6862
