Location: Dedata_8.png_Gaussian-Closing.png
Component: component_1755522187069_106.png
centerX: 0.8689516129032258
centerY: 0.22428042177258478
width: 0.031451612903225803
height: 0.03220290681105728
Area: 0.00042896606881843004
CentroidX: 0.8832
CentroidY: 0.2399
