Location: Samociqulo_1709_page_10.png_Gaussian-Median.png
Component: component_1755610056142_1226.png
centerX: 0.6894348894348894
centerY: 0.2775
width: 0.0171990171990172
height: 0.0153125
Area: 0.00015049140049140048
CentroidX: 0.6974
CentroidY: 0.2845
