Location: Dedata_8.png_Mean-Closing.png
Component: component_1755522186960_226.png
centerX: 0.7693548387096775
centerY: 0.5018523795953264
width: 0.02661290322580645
height: 0.030208036477628954
Area: 0.00031221559308322377
CentroidX: 0.7801
CentroidY: 0.5178
