Location: internet_13.png_Gaussian-Closing.png
Component: component_1755088480523_229.png
centerX: 0.7762998790810157
centerY: 0.49615055603079555
width: 0.029423619508262798
height: 0.03849443969204448
Area: 0.0005036279717871794
CentroidX: 0.7897
CentroidY: 0.5148
