Location: internet_13.png_Gaussian-Closing.png
Component: component_1755088480524_232.png
centerX: 0.6682789197904071
centerY: 0.5032791559737667
width: 0.026602176541717048
height: 0.036783575705731396
Area: 0.000439496431792372
CentroidX: 0.6805
CentroidY: 0.5214
