Location: internet_13.png_Mean-Closing.png
Component: component_1755088481088_149.png
centerX: 0.7698508665860541
centerY: 0.3022526375819789
width: 0.027408303103587262
height: 0.033361847733105215
Area: 0.0004535180229740324
CentroidX: 0.7816
CentroidY: 0.3184
