Location: Dedata_8.png_Mean-Medain.png
Component: component_1755522186748_286.png
centerX: 0.39556451612903226
centerY: 0.6372185807922485
width: 0.03467741935483871
height: 0.03590766600170989
Area: 0.0004008126568547238
CentroidX: 0.4093
CentroidY: 0.6544
