Location: Dedata_8.png_Mean-Closing.png
Component: component_1755522186918_65.png
centerX: 0.8290322580645161
centerY: 0.12909660872043316
width: 0.03346774193548387
height: 0.03334283271587347
Area: 0.0004341371036689067
CentroidX: 0.8453
CentroidY: 0.1455
