Location: Dedata_8.png_Otsu.png
Component: component_1755522187544_396.png
centerX: 0.17620967741935484
centerY: 0.762325448845825
width: 0.024596774193548387
height: 0.030777999430037048
Area: 0.00026395260114544166
CentroidX: 0.1874
CentroidY: 0.7779
