Location: Dedata_8.png_Mean-Medain.png
Component: component_1755522186782_349.png
centerX: 0.027016129032258064
centerY: 0.8147620404673697
width: 0.025806451612903226
height: 0.039897406668566546
Area: 0.00036898206455290085
CentroidX: 0.0373
CentroidY: 0.8367
