Location: internet_13.png_Gaussian-Median.png
Component: component_1755088480597_15.png
centerX: 0.6178960096735188
centerY: 0.012261191901910464
width: 0.02902055622732769
height: 0.03051040775591674
Area: 0.00037042285556140555
CentroidX: 0.6309
CentroidY: 0.0266
