Location: Kurtxevani_1764_page_10.png_Otsu.png
Component: component_1755610055884_985.png
centerX: 0.35275080906148865
centerY: 0.35126286248830685
width: 0.011650485436893204
height: 0.01637043966323667
Area: 0.000101113765095165
CentroidX: 0.3577
CentroidY: 0.3604
