Location: internet_13.png_Mean-Closing.png
Component: component_1755088481086_141.png
centerX: 0.31197097944377267
centerY: 0.281437125748503
width: 0.027005239822652155
height: 0.03364699173082407
Area: 0.0004524836432966968
CentroidX: 0.3247
CentroidY: 0.2969
