Location: Dedata_8.png_Otsu.png
Component: component_1755522187476_218.png
centerX: 0.15080645161290324
centerY: 0.372185807922485
width: 0.032661290322580645
height: 0.03134796238244514
Area: 0.0003904705871537705
CentroidX: 0.1636
CentroidY: 0.3872
