Location: internet_13.png_Mean-Closing.png
Component: component_1755088481131_305.png
centerX: 0.7867795243853285
centerY: 0.7140005702879955
width: 0.03385731559854897
height: 0.032506415739948676
Area: 0.0005190287358719539
CentroidX: 0.8012
CentroidY: 0.7290
