Location: internet_13.png_Gaussian-Closing.png
Component: component_1755088480544_323.png
centerX: 0.11406690850463523
centerY: 0.7499287140005703
width: 0.030632809351068116
height: 0.033932135728542916
Area: 0.000509604387700674
CentroidX: 0.1283
CentroidY: 0.7658
