Location: internet_13.png_Mean-Medain.png
Component: component_1755088480994_340.png
centerX: 0.05804111245465538
centerY: 0.7516395779868834
width: 0.03345425231761386
height: 0.033932135728542916
Area: 0.0005446583656548249
CentroidX: 0.0736
CentroidY: 0.7685
