Location: internet_13.png_Mean-Medain.png
Component: component_1755088480960_171.png
centerX: 0.30874647319629184
centerY: 0.3290561733675506
width: 0.030632809351068116
height: 0.033361847733105215
Area: 0.0004942036236158994
CentroidX: 0.3234
CentroidY: 0.3451
