Location: Dedata_8.png_Mean-Closing.png
Component: component_1755522186991_342.png
centerX: 0.33588709677419354
centerY: 0.8033627814192078
width: 0.031048387096774193
height: 0.03163294385864919
Area: 0.0003878276137857491
CentroidX: 0.3489
CentroidY: 0.8197
