Location: internet_13.png_Gaussian-Closing.png
Component: component_1755088480474_10.png
centerX: 0.4623135832325675
centerY: 0.007984031936127744
width: 0.0354695687222894
height: 0.03421727972626176
Area: 0.0004442086058780119
CentroidX: 0.4791
CentroidY: 0.0241
