Location: Dedata_8.png_Mean-Medain.png
Component: component_1755522186659_242.png
centerX: 0.552016129032258
centerY: 0.5249358791678541
width: 0.027822580645161292
height: 0.029068110572812767
Area: 0.00029635775287509535
CentroidX: 0.5639
CentroidY: 0.5397
