Location: Dedata_8.png_Otsu.png
Component: component_1755522187486_246.png
centerX: 0.6270161290322581
centerY: 0.43117697349672274
width: 0.027016129032258064
height: 0.029923055001424906
Area: 0.00031347962382445143
CentroidX: 0.6381
CentroidY: 0.4458
