Location: Dedata_8.png_Gaussian-Closing.png
Component: component_1755522187092_189.png
centerX: 0.1504032258064516
centerY: 0.4200626959247649
width: 0.03467741935483871
height: 0.037047591906526074
Area: 0.0004868816591437686
CentroidX: 0.1640
CentroidY: 0.4378
