Location: Dedata_8.png_Gaussian-Closing.png
Component: component_1755522187097_203.png
centerX: 0.3774193548387097
centerY: 0.45283556568823025
width: 0.02258064516129032
height: 0.03134796238244514
Area: 0.0003280734332913522
CentroidX: 0.3877
CentroidY: 0.4688
