Location: internet_13.png_Mean-Medain.png
Component: component_1755088480953_133.png
centerX: 0.21080209592906085
centerY: 0.2418021100655831
width: 0.026602176541717048
height: 0.03136583974907328
Area: 0.0004360484995345866
CentroidX: 0.2233
CentroidY: 0.2562
