Location: internet_13.png_Gaussian-Closing.png
Component: component_1755088480510_170.png
centerX: 0.02015316404675534
centerY: 0.3444539492443684
width: 0.02539298669891173
height: 0.03136583974907328
Area: 0.00044857598673787337
CentroidX: 0.0325
CentroidY: 0.3592
