Location: Dedata_8.png_Mean-Closing.png
Component: component_1755522186975_277.png
centerX: 0.06733870967741935
centerY: 0.6178398404103733
width: 0.024193548387096774
height: 0.034482758620689655
Area: 0.00036105314444883664
CentroidX: 0.0779
CentroidY: 0.6355
