Location: Dedata_8.png_Otsu.png
Component: component_1755522187545_405.png
centerX: 0.8080645161290323
centerY: 0.7762895411798233
width: 0.024596774193548387
height: 0.031917925334853235
Area: 0.00029647266476066155
CentroidX: 0.8192
CentroidY: 0.7929
