Location: internet_13.png_Gaussian-Closing.png
Component: component_1755088480488_78.png
centerX: 0.7182587666263603
centerY: 0.12432278300541774
width: 0.031035872632003223
height: 0.03592814371257485
Area: 0.0004915602088849307
CentroidX: 0.7329
CentroidY: 0.1419
