Location: internet_13.png_Gaussian-Median.png
Component: component_1755088480604_49.png
centerX: 0.26360338573155984
centerY: 0.06814941545480467
width: 0.02902055622732769
height: 0.027088679783290562
Area: 0.0002827304451383983
CentroidX: 0.2762
CentroidY: 0.0816
