Location: Dedata_8.png_Mean-Closing.png
Component: component_1755522186944_170.png
centerX: 0.6870967741935484
centerY: 0.38073525220860643
width: 0.028629032258064516
height: 0.03305785123966942
Area: 0.0004547063311852472
CentroidX: 0.7000
CentroidY: 0.3977
