Location: Dedata_8.png_Otsu.png
Component: component_1755522187449_130.png
centerX: 0.25201612903225806
centerY: 0.15531490453120547
width: 0.031048387096774193
height: 0.0347677400968937
Area: 0.00042931080447512846
CentroidX: 0.2660
CentroidY: 0.1720
