Location: internet_13.png_Mean-Medain.png
Component: component_1755088480985_291.png
centerX: 0.22692462716646514
centerY: 0.6350156829198745
width: 0.031035872632003223
height: 0.03792415169660679
Area: 0.0004913303467344117
CentroidX: 0.2400
CentroidY: 0.6532
