Location: internet_13.png_Mean-Medain.png
Component: component_1755088480982_279.png
centerX: 0.7682386134623136
centerY: 0.6039349871685201
width: 0.02902055622732769
height: 0.035642999714856
Area: 0.000514316561786314
CentroidX: 0.7818
CentroidY: 0.6204
