Location: Dedata_8.png_Mean-Medain.png
Component: component_1755522186584_76.png
centerX: 0.4528225806451613
centerY: 0.1450555713878598
width: 0.03467741935483871
height: 0.03505272157309775
Area: 0.0004706790832789417
CentroidX: 0.4680
CentroidY: 0.1623
