Location: internet_13.png_Mean-Medain.png
Component: component_1755088480993_329.png
centerX: 0.46271664651350264
centerY: 0.7256914741944682
width: 0.031035872632003223
height: 0.03592814371257485
Area: 0.0005200631155492895
CentroidX: 0.4768
CentroidY: 0.7418
