Location: internet_13.png_Gaussian-Closing.png
Component: component_1755088480541_309.png
centerX: 0.7867795243853285
centerY: 0.7140005702879955
width: 0.03385731559854897
height: 0.032506415739948676
Area: 0.0005035130407119199
CentroidX: 0.8011
CentroidY: 0.7289
