Location: internet_13.png_Mean-Medain.png
Component: component_1755088480969_212.png
centerX: 0.11406690850463523
centerY: 0.4368406045052752
width: 0.029423619508262798
height: 0.032506415739948676
Area: 0.000480182032434239
CentroidX: 0.1273
CentroidY: 0.4522
