Location: internet_13.png_Mean-Closing.png
Component: component_1755088481119_255.png
centerX: 0.3083434099153567
centerY: 0.5808383233532934
width: 0.031035872632003223
height: 0.03877958368976333
Area: 0.0005283381529679744
CentroidX: 0.3214
CentroidY: 0.5987
