Location: internet_13.png_Mean-Closing.png
Component: component_1755088481085_134.png
centerX: 0.6138653768641676
centerY: 0.26204733390362134
width: 0.030632809351068116
height: 0.033361847733105215
Area: 0.0004660455101773191
CentroidX: 0.6278
CentroidY: 0.2774
