Location: internet_13.png_Mean-Medain.png
Component: component_1755088480934_37.png
centerX: 0.5086658605401048
centerY: 0.05075563159395495
width: 0.031035872632003223
height: 0.03279155973766752
Area: 0.00041536090598787455
CentroidX: 0.5222
CentroidY: 0.0659
