Location: internet_13.png_Gaussian-Closing.png
Component: component_1755088480541_307.png
centerX: 0.7416364369205966
centerY: 0.7120045623039635
width: 0.030632809351068116
height: 0.03421727972626176
Area: 0.0004878824144766263
CentroidX: 0.7551
CentroidY: 0.7280
