Location: Dedata_8.png_Mean-Closing.png
Component: component_1755522186958_216.png
centerX: 0.018145161290322582
centerY: 0.47705899116557426
width: 0.025403225806451612
height: 0.03220290681105728
Area: 0.00035576719771279383
CentroidX: 0.0281
CentroidY: 0.4927
