Location: internet_13.png_Gaussian-Median.png
Component: component_1755088480816_237.png
centerX: 0.11487303506650544
centerY: 0.4853150841174793
width: 0.027408303103587262
height: 0.036213287710293696
Area: 0.00047466534082178245
CentroidX: 0.1277
CentroidY: 0.5018
