Location: internet_13.png_Gaussian-Closing.png
Component: component_1755088480530_261.png
centerX: 0.20999596936719064
centerY: 0.5879669232962647
width: 0.028214429665457477
height: 0.03792415169660679
Area: 0.0005264992557638222
CentroidX: 0.2224
CentroidY: 0.6055
