Location: internet_13.png_Gaussian-Closing.png
Component: component_1755088480474_11.png
centerX: 0.42402257154373235
centerY: 0.009694895922440832
width: 0.030632809351068116
height: 0.03279155973766752
Area: 0.00042662415136330667
CentroidX: 0.4379
CentroidY: 0.0261
