Location: Dedata_8.png_Mean-Closing.png
Component: component_1755522186946_179.png
centerX: 0.8975806451612903
centerY: 0.4066685665431747
width: 0.028629032258064516
height: 0.034482758620689655
Area: 0.00040931613638661875
CentroidX: 0.9102
CentroidY: 0.4242
