Location: Dedata_8.png_Gaussian-Closing.png
Component: component_1755522187052_36.png
centerX: 0.3431451612903226
centerY: 0.05329153605015674
width: 0.031048387096774193
height: 0.029353092049016812
Area: 0.0003432418021860837
CentroidX: 0.3571
CentroidY: 0.0678
