Location: Dedata_8.png_Otsu.png
Component: component_1755522187486_243.png
centerX: 0.1032258064516129
centerY: 0.42462239954402964
width: 0.032661290322580645
height: 0.031062980906241093
Area: 0.00040000827365576074
CentroidX: 0.1161
CentroidY: 0.4397
