Location: internet_13.png_Gaussian-Median.png
Component: component_1755088480791_202.png
centerX: 0.06610237807335752
centerY: 0.39064727687482176
width: 0.02781136638452237
height: 0.03649843170801255
Area: 0.0004221418394281857
CentroidX: 0.0782
CentroidY: 0.4081
