Location: Dedata_8.png_Mean-Closing.png
Component: component_1755522186937_146.png
centerX: 0.8040322580645162
centerY: 0.3248788828726133
width: 0.032661290322580645
height: 0.033912795668281565
Area: 0.00046114139677695145
CentroidX: 0.8203
CentroidY: 0.3416
