Location: Dedata_8.png_Mean-Closing.png
Component: component_1755522186931_119.png
centerX: 0.22056451612903225
centerY: 0.26332288401253917
width: 0.03387096774193549
height: 0.03733257338273012
Area: 0.0005274455547486188
CentroidX: 0.2356
CentroidY: 0.2819
