Location: Dedata_8.png_Gaussian-Closing.png
Component: component_1755522187114_271.png
centerX: 0.8600806451612903
centerY: 0.5993160444571103
width: 0.025
height: 0.028498147620404674
Area: 0.00030302264223793196
CentroidX: 0.8712
CentroidY: 0.6136
