Location: internet_13.png_Gaussian-Median.png
Component: component_1755088480708_151.png
centerX: 0.4558645707376058
centerY: 0.27174222982606216
width: 0.030229746070133012
height: 0.032506415739948676
Area: 0.0004328304294273203
CentroidX: 0.4690
CentroidY: 0.2865
