Location: Dedata_8.png_Mean-Closing.png
Component: component_1755522186926_99.png
centerX: 0.20080645161290323
centerY: 0.20832145910515817
width: 0.028225806451612902
height: 0.0353377030493018
Area: 0.00044436426148429384
CentroidX: 0.2143
CentroidY: 0.2263
