Location: Dedata_8.png_Gaussian-Closing.png
Component: component_1755522187097_204.png
centerX: 0.8516129032258064
centerY: 0.45454545454545453
width: 0.027822580645161292
height: 0.02821316614420063
Area: 0.00027946570569687166
CentroidX: 0.8635
CentroidY: 0.4684
