Location: internet_13.png_Gaussian-Median.png
Component: component_1755088480831_266.png
centerX: 0.6626360338573156
centerY: 0.5554605075563159
width: 0.028214429665457477
height: 0.03735386370116909
Area: 0.0004758146515743776
CentroidX: 0.6752
CentroidY: 0.5728
