Location: Dedata_8.png_Mean-Medain.png
Component: component_1755522186750_292.png
centerX: 0.9040322580645161
centerY: 0.6508976916500427
width: 0.02379032258064516
height: 0.0347677400968937
Area: 0.00034887248457882495
CentroidX: 0.9151
CentroidY: 0.6697
