Location: Dedata_8.png_Mean-Medain.png
Component: component_1755522186615_198.png
centerX: 0.5379032258064517
centerY: 0.43744656597321174
width: 0.028225806451612902
height: 0.03619264747791394
Area: 0.00043218360161428215
CentroidX: 0.5497
CentroidY: 0.4554
