Location: internet_13.png_Gaussian-Median.png
Component: component_1755088480776_175.png
centerX: 0.2591696896412737
centerY: 0.32877102936983177
width: 0.029423619508262798
height: 0.03592814371257485
Area: 0.00048730775910032874
CentroidX: 0.2734
CentroidY: 0.3453
