Location: internet_13.png_Gaussian-Median.png
Component: component_1755088480609_67.png
centerX: 0.3619508262797259
centerY: 0.10179640718562874
width: 0.026602176541717048
height: 0.0290846877673225
Area: 0.0003280132887906458
CentroidX: 0.3744
CentroidY: 0.1146
