Location: internet_13.png_Gaussian-Median.png
Component: component_1755088480612_85.png
centerX: 0.7738814993954051
centerY: 0.12460792700313658
width: 0.027408303103587262
height: 0.03222127174222983
Area: 0.00046328716437109085
CentroidX: 0.7872
CentroidY: 0.1401
