Location: internet_13.png_Mean-Medain.png
Component: component_1755088480961_172.png
centerX: 0.21080209592906085
centerY: 0.3319076133447391
width: 0.025796049979846837
height: 0.034787567721699456
Area: 0.0004758146515743776
CentroidX: 0.2235
CentroidY: 0.3480
