Location: Dedata_8.png_Otsu.png
Component: component_1755522187472_205.png
centerX: 0.6241935483870967
centerY: 0.3408378455400399
width: 0.03306451612903226
height: 0.033912795668281565
Area: 0.0004147169950082277
CentroidX: 0.6396
CentroidY: 0.3570
