Location: internet_13.png_Gaussian-Median.png
Component: component_1755088480841_284.png
centerX: 0.8637646110439339
centerY: 0.604220131166239
width: 0.02902055622732769
height: 0.036783575705731396
Area: 0.0005192585980224729
CentroidX: 0.8768
CentroidY: 0.6208
