Location: Dedata_8.png_Otsu.png
Component: component_1755522187454_147.png
centerX: 0.4483870967741935
centerY: 0.19407238529495582
width: 0.029838709677419355
height: 0.03334283271587347
Area: 0.000421956443798895
CentroidX: 0.4623
CentroidY: 0.2106
