Location: Dedata_8.png_Mean-Closing.png
Component: component_1755522186988_334.png
centerX: 0.7568548387096774
centerY: 0.7799943003704759
width: 0.025806451612903226
height: 0.031917925334853235
Area: 0.0003720846854631868
CentroidX: 0.7683
CentroidY: 0.7975
