Location: Dedata_8.png_Mean-Closing.png
Component: component_1755522186943_166.png
centerX: 0.7729838709677419
centerY: 0.37446565973211743
width: 0.03225806451612903
height: 0.03505272157309775
Area: 0.0004651633127717666
CentroidX: 0.7871
CentroidY: 0.3921
