Location: Dedata_8.png_Otsu.png
Component: component_1755522187532_359.png
centerX: 0.6625
centerY: 0.6671416357936734
width: 0.027822580645161292
height: 0.03305785123966942
Area: 0.00028911830408442804
CentroidX: 0.6737
CentroidY: 0.6844
