Location: internet_13.png_Mean-Closing.png
Component: component_1755088481096_177.png
centerX: 0.36436920596533656
centerY: 0.37610493299116055
width: 0.02902055622732769
height: 0.03706871970345024
Area: 0.0004933991060890829
CentroidX: 0.3777
CentroidY: 0.3938
