Location: internet_13.png_Mean-Medain.png
Component: component_1755088480985_296.png
centerX: 0.018137847642079808
centerY: 0.6524094667807243
width: 0.02902055622732769
height: 0.03735386370116909
Area: 0.0005868380702750657
CentroidX: 0.0316
CentroidY: 0.6694
