Location: Dedata_8.png_Mean-Closing.png
Component: component_1755522186904_25.png
centerX: 0.8661290322580645
centerY: 0.04474209176403534
width: 0.02903225806451613
height: 0.028498147620404674
Area: 0.00039391794372075495
CentroidX: 0.8801
CentroidY: 0.0594
