Location: Dedata_8.png_Otsu.png
Component: component_1755522187519_321.png
centerX: 0.41935483870967744
centerY: 0.58592191507552
width: 0.02903225806451613
height: 0.03818751781134226
Area: 0.00030003493321321213
CentroidX: 0.4304
CentroidY: 0.6059
