Location: internet_13.png_Gaussian-Closing.png
Component: component_1755088480487_75.png
centerX: 0.9193873438129786
centerY: 0.11747932706016538
width: 0.03143893591293833
height: 0.03421727972626176
Area: 0.00047351603006918737
CentroidX: 0.9356
CentroidY: 0.1341
