Location: Dedata_8.png_Mean-Medain.png
Component: component_1755522186635_216.png
centerX: 0.06088709677419355
centerY: 0.47050441721288117
width: 0.025403225806451612
height: 0.03362781419207751
Area: 0.00036599435552818097
CentroidX: 0.0714
CentroidY: 0.4869
