Location: Dedata_8.png_Mean-Medain.png
Component: component_1755522186733_259.png
centerX: 0.11330645161290323
centerY: 0.5628384155029923
width: 0.028225806451612902
height: 0.033912795668281565
Area: 0.00036427067724468875
CentroidX: 0.1249
CentroidY: 0.5793
