Location: internet_13.png_Gaussian-Closing.png
Component: component_1755088480480_38.png
centerX: 0.4619105199516324
centerY: 0.05360707157114343
width: 0.028214429665457477
height: 0.03136583974907328
Area: 0.0003689287515830319
CentroidX: 0.4754
CentroidY: 0.0681
