Location: Dedata_8.png_Mean-Closing.png
Component: component_1755522186895_12.png
centerX: 0.1157258064516129
centerY: 0.00883442576232545
width: 0.029838709677419355
height: 0.02821316614420063
Area: 0.00036921188832403313
CentroidX: 0.1275
CentroidY: 0.0222
