Location: internet_13.png_Gaussian-Median.png
Component: component_1755088480869_327.png
centerX: 0.7416364369205966
centerY: 0.7120045623039635
width: 0.030632809351068116
height: 0.03450242372398061
Area: 0.0004915602088849307
CentroidX: 0.7551
CentroidY: 0.7281
