Location: Dedata_8.png_Gaussian-Closing.png
Component: component_1755522187052_38.png
centerX: 0.19879032258064516
centerY: 0.05443146195497293
width: 0.02661290322580645
height: 0.028783129096608722
Area: 0.000313939271366716
CentroidX: 0.2105
CentroidY: 0.0683
