Location: internet_13.png_Gaussian-Closing.png
Component: component_1755088480496_110.png
centerX: 0.11124546553808948
centerY: 0.19389791844881665
width: 0.03184199919387344
height: 0.03421727972626176
Area: 0.00045662116200603916
CentroidX: 0.1252
CentroidY: 0.2093
