Location: internet_13.png_Gaussian-Median.png
Component: component_1755088480612_83.png
centerX: 0.8202337767029424
centerY: 0.12204163102366695
width: 0.02781136638452237
height: 0.03279155973766752
Area: 0.0004417950532975622
CentroidX: 0.8334
CentroidY: 0.1377
