Location: Dedata_8.png_Mean-Medain.png
Component: component_1755522186596_123.png
centerX: 0.9165322580645161
centerY: 0.2713023653462525
width: 0.029838709677419355
height: 0.027358221715588486
Area: 0.00036174261576223354
CentroidX: 0.9293
CentroidY: 0.2844
