Location: Dedata_8.png_Mean-Medain.png
Component: component_1755522186579_53.png
centerX: 0.5387096774193548
centerY: 0.0963237389569678
width: 0.038306451612903226
height: 0.031917925334853235
Area: 0.0004750457349304553
CentroidX: 0.5565
CentroidY: 0.1116
