Location: internet_13.png_Mean-Closing.png
Component: component_1755088481124_273.png
centerX: 0.36275695284159615
centerY: 0.6273167949814656
width: 0.026199113260781944
height: 0.03279155973766752
Area: 0.0004278883931911613
CentroidX: 0.3747
CentroidY: 0.6431
