Location: Dedata_8.png_Otsu.png
Component: component_1755522187544_401.png
centerX: 0.027016129032258064
centerY: 0.7677400968937019
width: 0.024193548387096774
height: 0.03505272157309775
Area: 0.0002541850908723191
CentroidX: 0.0379
CentroidY: 0.7870
