Location: Dedata_8.png_Mean-Medain.png
Component: component_1755522186780_345.png
centerX: 0.33588709677419354
centerY: 0.8033627814192078
width: 0.031048387096774193
height: 0.03163294385864919
Area: 0.00038771270190018296
CentroidX: 0.3489
CentroidY: 0.8197
