Location: internet_13.png_Mean-Closing.png
Component: component_1755088481085_133.png
centerX: 0.8617492946392583
centerY: 0.25948103792415167
width: 0.03184199919387344
height: 0.03592814371257485
Area: 0.0005275336354411578
CentroidX: 0.8778
CentroidY: 0.2752
