Location: Dedata_8.png_Mean-Closing.png
Component: component_1755522186980_297.png
centerX: 0.6112903225806452
centerY: 0.6682815616984896
width: 0.03185483870967742
height: 0.036477628954117984
Area: 0.0003871381424723522
CentroidX: 0.6228
CentroidY: 0.6867
