Location: internet_13.png_Mean-Closing.png
Component: component_1755088481129_298.png
centerX: 0.218863361547763
centerY: 0.6926147704590818
width: 0.030632809351068116
height: 0.040490447676076416
Area: 0.0005761494802759311
CentroidX: 0.2335
CentroidY: 0.7110
