Location: internet_13.png_Mean-Medain.png
Component: component_1755088480953_135.png
centerX: 0.07376058041112454
centerY: 0.24636441402908468
width: 0.02781136638452237
height: 0.033361847733105215
Area: 0.0004581152659844128
CentroidX: 0.0878
CentroidY: 0.2616
