Location: Dedata_8.png_Mean-Closing.png
Component: component_1755522186941_157.png
centerX: 0.33588709677419354
centerY: 0.3585066970646908
width: 0.035483870967741936
height: 0.03562268452550584
Area: 0.00048182553617885806
CentroidX: 0.3503
CentroidY: 0.3753
