Location: Dedata_8.png_Gaussian-Closing.png
Component: component_1755522187056_50.png
centerX: 0.6375
centerY: 0.09375890567113138
width: 0.037096774193548385
height: 0.029923055001424906
Area: 0.00041460208312266156
CentroidX: 0.6544
CentroidY: 0.1088
