Location: Dedata_8.png_Otsu.png
Component: component_1755522187467_188.png
centerX: 0.40080645161290324
centerY: 0.30578512396694213
width: 0.031048387096774193
height: 0.02963807352522086
Area: 0.0003586399948519475
CentroidX: 0.4162
CentroidY: 0.3201
