Location: internet_13.png_Gaussian-Median.png
Component: component_1755088480734_156.png
centerX: 0.21120515920999597
centerY: 0.28714000570287995
width: 0.02781136638452237
height: 0.03222127174222983
Area: 0.0004412203979212646
CentroidX: 0.2238
CentroidY: 0.3026
