Location: Dedata_8.png_Mean-Medain.png
Component: component_1755522186567_6.png
centerX: 0.6455645161290322
centerY: 0.007124536905101168
width: 0.027016129032258064
height: 0.027643203191792535
Area: 0.00032267257466974325
CentroidX: 0.6565
CentroidY: 0.0208
