Location: internet_13.png_Mean-Medain.png
Component: component_1755088480939_62.png
centerX: 0.547359935509875
centerY: 0.09153122326775022
width: 0.030229746070133012
height: 0.0290846877673225
Area: 0.0003915701734091557
CentroidX: 0.5610
CentroidY: 0.1043
