Location: internet_13.png_Gaussian-Closing.png
Component: component_1755088480522_227.png
centerX: 0.8786779524385329
centerY: 0.49529512403763903
width: 0.027408303103587262
height: 0.035357855717137156
Area: 0.0004281182553416803
CentroidX: 0.8910
CentroidY: 0.5128
