Location: internet_13.png_Gaussian-Median.png
Component: component_1755088480643_128.png
centerX: 0.7255139056831923
centerY: 0.2184203022526376
width: 0.028214429665457477
height: 0.03507271171941831
Area: 0.00047523999619808005
CentroidX: 0.7384
CentroidY: 0.2345
