Location: Dedata_8.png_Mean-Medain.png
Component: component_1755522186590_96.png
centerX: 0.44798387096774195
centerY: 0.19407238529495582
width: 0.03064516129032258
height: 0.033912795668281565
Area: 0.00048642201160150396
CentroidX: 0.4622
CentroidY: 0.2107
