Location: internet_13.png_Gaussian-Closing.png
Component: component_1755088480503_142.png
centerX: 0.4558645707376058
centerY: 0.272027373823781
width: 0.030229746070133012
height: 0.03222127174222983
Area: 0.00043271549835206076
CentroidX: 0.4690
CentroidY: 0.2866
