Location: Dedata_8.png_Otsu.png
Component: component_1755522187543_388.png
centerX: 0.3375
centerY: 0.750071245369051
width: 0.024596774193548387
height: 0.03305785123966942
Area: 0.00025579385727024517
CentroidX: 0.3484
CentroidY: 0.7675
