Location: internet_13.png_Gaussian-Median.png
Component: component_1755088480784_189.png
centerX: 0.5231761386537687
centerY: 0.3664100370687197
width: 0.03305118903667876
height: 0.034787567721699456
Area: 0.0004891466563044809
CentroidX: 0.5368
CentroidY: 0.3837
