Location: internet_13.png_Gaussian-Closing.png
Component: component_1755088480498_120.png
centerX: 0.6207174526400645
centerY: 0.22184203022526375
width: 0.028214429665457477
height: 0.03364699173082407
Area: 0.0004491506421141709
CentroidX: 0.6338
CentroidY: 0.2374
