Location: Dedata_8.png_Otsu.png
Component: component_1755522187417_115.png
centerX: 0.011693548387096775
centerY: 0.11199772014819037
width: 0.032661290322580645
height: 0.02821316614420063
Area: 0.0003624320870756304
CentroidX: 0.0267
CentroidY: 0.1261
