Location: internet_13.png_Gaussian-Closing.png
Component: component_1755088480514_190.png
centerX: 0.8436114469971786
centerY: 0.3917878528656972
width: 0.028617492946392584
height: 0.035357855717137156
Area: 0.00045742567953285573
CentroidX: 0.8565
CentroidY: 0.4089
