Location: internet_13.png_Gaussian-Closing.png
Component: component_1755088480495_106.png
centerX: 0.430068520757759
centerY: 0.18733960650128315
width: 0.02902055622732769
height: 0.03364699173082407
Area: 0.0004528284365224753
CentroidX: 0.4425
CentroidY: 0.2021
