Location: internet_13.png_Mean-Closing.png
Component: component_1755088481074_104.png
centerX: 0.16203143893591293
centerY: 0.19275734245794127
width: 0.03466344216041919
height: 0.03792415169660679
Area: 0.0005425896063001538
CentroidX: 0.1783
CentroidY: 0.2105
