Location: Dedata_8.png_Otsu.png
Component: component_1755522187535_367.png
centerX: 0.3995967741935484
centerY: 0.6896551724137931
width: 0.03588709677419355
height: 0.032487888287261325
Area: 0.00032508572426663237
CentroidX: 0.4131
CentroidY: 0.7051
