Location: Dedata_8.png_Mean-Closing.png
Component: component_1755522186909_33.png
centerX: 0.3866935483870968
centerY: 0.051581647192932456
width: 0.03225806451612903
height: 0.030208036477628954
Area: 0.0003712803022642238
CentroidX: 0.4020
CentroidY: 0.0669
