Location: Dedata_8.png_Gaussian-Closing.png
Component: component_1755522187098_208.png
centerX: 0.27983870967741936
centerY: 0.46024508406953546
width: 0.027419354838709678
height: 0.03220290681105728
Area: 0.0003677180338116732
CentroidX: 0.2917
CentroidY: 0.4762
