Location: Dedata_8.png_Mean-Medain.png
Component: component_1755522186610_174.png
centerX: 0.014919354838709677
centerY: 0.3815901966372186
width: 0.032661290322580645
height: 0.029923055001424906
Area: 0.0004304599233307899
CentroidX: 0.0290
CentroidY: 0.3967
