Location: internet_13.png_Gaussian-Median.png
Component: component_1755088480826_256.png
centerX: 0.25634824667472794
centerY: 0.5329341317365269
width: 0.027408303103587262
height: 0.03222127174222983
Area: 0.00033054177244635504
CentroidX: 0.2674
CentroidY: 0.5503
