Location: Dedata_8.png_Mean-Medain.png
Component: component_1755522186613_191.png
centerX: 0.7201612903225807
centerY: 0.4237674551154175
width: 0.031048387096774193
height: 0.03590766600170989
Area: 0.00041253366918247086
CentroidX: 0.7319
CentroidY: 0.4405
