Location: internet_13.png_Mean-Closing.png
Component: component_1755088481110_226.png
centerX: 0.8250705360741637
centerY: 0.49729113202167097
width: 0.030229746070133012
height: 0.03877958368976333
Area: 0.0005193735290977325
CentroidX: 0.8394
CentroidY: 0.5155
