Location: internet_13.png_Mean-Closing.png
Component: component_1755088481047_20.png
centerX: 0.21966948810963322
centerY: 0.019104647847162818
width: 0.026602176541717048
height: 0.03421727972626176
Area: 0.0004584600592101913
CentroidX: 0.2322
CentroidY: 0.0358
