Location: Dedata_8.png_Otsu.png
Component: component_1755522187532_357.png
centerX: 0.7129032258064516
centerY: 0.6634368766030208
width: 0.028225806451612902
height: 0.034482758620689655
Area: 0.0003027928184667997
CentroidX: 0.7243
CentroidY: 0.6810
