Location: internet_13.png_Gaussian-Median.png
Component: component_1755088480867_316.png
centerX: 0.3147924224103184
centerY: 0.6877673224978614
width: 0.02781136638452237
height: 0.037639007698887936
Area: 0.0004922497953364877
CentroidX: 0.3268
CentroidY: 0.7045
