Location: Dedata_8.png_Otsu.png
Component: component_1755522187471_203.png
centerX: 0.6713709677419355
centerY: 0.3357081789683671
width: 0.031451612903225803
height: 0.03362781419207751
Area: 0.00039943371422793004
CentroidX: 0.6849
CentroidY: 0.3518
