Location: internet_13.png_Gaussian-Closing.png
Component: component_1755088480476_18.png
centerX: 0.3232567513099557
centerY: 0.014257199885942401
width: 0.031035872632003223
height: 0.03592814371257485
Area: 0.00045363295404929186
CentroidX: 0.3369
CentroidY: 0.0308
