Location: Dedata_8.png_Otsu.png
Component: component_1755522187215_98.png
centerX: 0.7733870967741936
centerY: 0.08577942433741807
width: 0.03346774193548387
height: 0.03220290681105728
Area: 0.00040115739251142226
CentroidX: 0.7893
CentroidY: 0.1018
