Location: internet_13.png_Mean-Medain.png
Component: component_1755088480937_55.png
centerX: 0.9137444578798871
centerY: 0.07812945537496435
width: 0.032245062474808545
height: 0.030795551753635585
Area: 0.0004650111304999835
CentroidX: 0.9294
CentroidY: 0.0921
