Location: internet_13.png_Mean-Closing.png
Component: component_1755088481131_304.png
centerX: 0.6960902861749295
centerY: 0.7131451382948389
width: 0.032245062474808545
height: 0.036213287710293696
Area: 0.0005127075267326807
CentroidX: 0.7108
CentroidY: 0.7293
