Location: Dedata_8.png_Mean-Medain.png
Component: component_1755522186644_227.png
centerX: 0.37620967741935485
centerY: 0.4970076944998575
width: 0.025806451612903226
height: 0.033912795668281565
Area: 0.00038012851745281717
CentroidX: 0.3879
CentroidY: 0.5143
