Location: Dedata_8.png_Mean-Medain.png
Component: component_1755522186649_236.png
centerX: 0.14798387096774193
centerY: 0.51268167569108
width: 0.03185483870967742
height: 0.029923055001424906
Area: 0.00035507772639939693
CentroidX: 0.1599
CentroidY: 0.5271
