Location: Dedata_8.png_Gaussian-Closing.png
Component: component_1755522187133_342.png
centerX: 0.605241935483871
centerY: 0.7919635223710458
width: 0.02338709677419355
height: 0.03134796238244514
Area: 0.0003103770029141654
CentroidX: 0.6157
CentroidY: 0.8091
