Location: Dedata_8.png_Gaussian-Closing.png
Component: component_1755522187123_305.png
centerX: 0.45645161290322583
centerY: 0.6833855799373041
width: 0.03024193548387097
height: 0.029353092049016812
Area: 0.0003337041156840934
CentroidX: 0.4691
CentroidY: 0.6982
