Location: Dedata_8.png_Gaussian-Closing.png
Component: component_1755522187117_286.png
centerX: 0.3959677419354839
centerY: 0.6372185807922485
width: 0.034274193548387094
height: 0.03562268452550584
Area: 0.00026751486959799225
CentroidX: 0.4077
CentroidY: 0.6497
