Location: Dedata_8.png_Mean-Closing.png
Component: component_1755522186937_145.png
centerX: 0.06370967741935483
centerY: 0.3248788828726133
width: 0.031451612903225803
height: 0.03505272157309775
Area: 0.00048010185789536583
CentroidX: 0.0782
CentroidY: 0.3421
