Location: Dedata_8.png_Mean-Medain.png
Component: component_1755522186735_264.png
centerX: 0.519758064516129
centerY: 0.5762325448845825
width: 0.027419354838709678
height: 0.03505272157309775
Area: 0.00036829259323950395
CentroidX: 0.5315
CentroidY: 0.5941
