Location: internet_13.png_Mean-Closing.png
Component: component_1755088481105_210.png
centerX: 0.6227327690447401
centerY: 0.4553749643570003
width: 0.030632809351068116
height: 0.036213287710293696
Area: 0.0004913303467344117
CentroidX: 0.6356
CentroidY: 0.4724
