Location: Dedata_8.png_Otsu.png
Component: component_1755522187521_324.png
centerX: 0.9491935483870968
centerY: 0.5933314334568253
width: 0.02379032258064516
height: 0.025933314334568254
Area: 0.00023154744941578797
CentroidX: 0.9597
CentroidY: 0.6062
