Location: Dedata_8.png_Otsu.png
Component: component_1755522187196_16.png
centerX: 0.1625
centerY: 0.009974351667141636
width: 0.03024193548387097
height: 0.025933314334568254
Area: 0.0003055507037203872
CentroidX: 0.1758
CentroidY: 0.0232
