Location: Dedata_8.png_Gaussian-Closing.png
Component: component_1755522187117_285.png
centerX: 0.4520161290322581
centerY: 0.6337988030777999
width: 0.03024193548387097
height: 0.03163294385864919
Area: 0.0003303716710026752
CentroidX: 0.4643
CentroidY: 0.6496
