Location: Dedata_8.png_Otsu.png
Component: component_1755522187450_134.png
centerX: 0.05766129032258065
centerY: 0.16386434881732687
width: 0.03306451612903226
height: 0.030493017953833
Area: 0.00041655558517728606
CentroidX: 0.0736
CentroidY: 0.1790
