Location: internet_13.png_Gaussian-Closing.png
Component: component_1755088480485_65.png
centerX: 0.407496977025393
centerY: 0.10436270316509838
width: 0.022168480451430876
height: 0.02566295979469632
Area: 0.00021767945654151477
CentroidX: 0.4161
CentroidY: 0.1179
