Location: Dedata_8.png_Otsu.png
Component: component_1755522187449_131.png
centerX: 0.2068548387096774
centerY: 0.15673981191222572
width: 0.03024193548387097
height: 0.031917925334853235
Area: 0.000408741576958788
CentroidX: 0.2207
CentroidY: 0.1725
