Location: internet_13.png_Mean-Closing.png
Component: component_1755088481134_321.png
centerX: 0.019347037484885126
centerY: 0.7596236099230111
width: 0.028617492946392584
height: 0.03022526375819789
Area: 0.0004659305791020596
CentroidX: 0.0323
CentroidY: 0.7731
