Location: Dedata_8.png_Mean-Medain.png
Component: component_1755522186575_38.png
centerX: 0.2971774193548387
centerY: 0.05386149900256483
width: 0.02943548387096774
height: 0.031062980906241093
Area: 0.0003149734783368113
CentroidX: 0.3115
CentroidY: 0.0692
