Location: internet_13.png_Gaussian-Closing.png
Component: component_1755088480516_196.png
centerX: 0.5683192261185006
centerY: 0.4126033646991731
width: 0.029423619508262798
height: 0.035642999714856
Area: 0.00046121840501641965
CentroidX: 0.5802
CentroidY: 0.4291
