Location: internet_13.png_Mean-Closing.png
Component: component_1755088481073_98.png
centerX: 0.5824264409512293
centerY: 0.17907043056743654
width: 0.029423619508262798
height: 0.033932135728542916
Area: 0.0004719069950155542
CentroidX: 0.5962
CentroidY: 0.1947
