Location: Kurtxevani_1764_page_10.png_Otsu.png
Component: component_1755610055921_1151.png
centerX: 0.28996763754045307
centerY: 0.4438727782974743
width: 0.012944983818770227
height: 0.017305893358278764
Area: 0.000120488857808011
CentroidX: 0.2961
CentroidY: 0.4521
