Location: Dedata_8.png_Mean-Medain.png
Component: component_1755522186749_289.png
centerX: 0.8612903225806452
centerY: 0.6489028213166145
width: 0.025806451612903226
height: 0.03875748076375036
Area: 0.0003727741567765837
CentroidX: 0.8721
CentroidY: 0.6699
