Location: internet_13.png_Gaussian-Closing.png
Component: component_1755088480537_289.png
centerX: 0.7605804111245466
centerY: 0.6680923866552609
width: 0.032245062474808545
height: 0.03792415169660679
Area: 0.0005240857031833724
CentroidX: 0.7759
CentroidY: 0.6849
