Location: Dedata_8.png_Mean-Closing.png
Component: component_1755522186922_80.png
centerX: 0.1532258064516129
centerY: 0.15987460815047022
width: 0.03508064516129032
height: 0.03334283271587347
Area: 0.0005112429788837919
CentroidX: 0.1690
CentroidY: 0.1766
