Location: Dedata_8.png_Gaussian-Closing.png
Component: component_1755522187120_293.png
centerX: 0.8161290322580645
centerY: 0.6526075805072671
width: 0.02379032258064516
height: 0.034482758620689655
Area: 0.00032623484312229383
CentroidX: 0.8267
CentroidY: 0.6702
