Location: internet_13.png_Mean-Medain.png
Component: component_1755088480990_316.png
centerX: 0.17291414752116083
centerY: 0.6974622184203022
width: 0.027408303103587262
height: 0.03849443969204448
Area: 0.0005447732967300845
CentroidX: 0.1854
CentroidY: 0.7148
