Location: Dedata_8.png_Mean-Closing.png
Component: component_1755522186902_18.png
centerX: 0.357258064516129
centerY: 0.009404388714733543
width: 0.031451612903225803
height: 0.029353092049016812
Area: 0.0003825416670497063
CentroidX: 0.3717
CentroidY: 0.0238
