Location: Dedata_8.png_Gaussian-Closing.png
Component: component_1755522187058_58.png
centerX: 0.35
centerY: 0.10458820176688516
width: 0.03346774193548387
height: 0.030493017953833
Area: 0.0004455133803399553
CentroidX: 0.3665
CentroidY: 0.1194
