Location: internet_13.png_Gaussian-Closing.png
Component: component_1755088480538_294.png
centerX: 0.4921402660217654
centerY: 0.6729398346164813
width: 0.028617492946392584
height: 0.039064727687482176
Area: 0.0004990307287767989
CentroidX: 0.5053
CentroidY: 0.6918
