Location: internet_13.png_Gaussian-Median.png
Component: component_1755088480598_24.png
centerX: 0.022168480451430876
centerY: 0.020815511833475905
width: 0.03426037887948408
height: 0.03592814371257485
Area: 0.0004767341001764537
CentroidX: 0.0362
CentroidY: 0.0372
