Location: Dedata_8.png_Mean-Medain.png
Component: component_1755522186640_220.png
centerX: 0.5471774193548387
centerY: 0.481903676261043
width: 0.03185483870967742
height: 0.030208036477628954
Area: 0.00036208735141893196
CentroidX: 0.5617
CentroidY: 0.4968
