Location: internet_13.png_Mean-Closing.png
Component: component_1755088481107_215.png
centerX: 0.313180169286578
centerY: 0.4707727402338181
width: 0.03385731559854897
height: 0.03592814371257485
Area: 0.0005133971131842379
CentroidX: 0.3284
CentroidY: 0.4876
