Location: Kurtxevani_1764_page_10.png_Otsu.png
Component: component_1755610055897_1038.png
centerX: 0.1825242718446602
centerY: 0.3816651075771749
width: 0.01488673139158576
height: 0.01777362020579981
Area: 0.00016983479706104062
CentroidX: 0.1891
CentroidY: 0.3903
