Location: Dedata_8.png_Mean-Closing.png
Component: component_1755522186913_45.png
centerX: 0.819758064516129
centerY: 0.08520946138500997
width: 0.03225806451612903
height: 0.034482758620689655
Area: 0.00045068441519043197
CentroidX: 0.8351
CentroidY: 0.1019
