Location: internet_13.png_Mean-Medain.png
Component: component_1755088480994_337.png
centerX: 0.22370012091898428
centerY: 0.7422298260621614
width: 0.028617492946392584
height: 0.03706871970345024
Area: 0.0005273037732906388
CentroidX: 0.2365
CentroidY: 0.7589
