Location: Dedata_8.png_Mean-Medain.png
Component: component_1755522186615_197.png
centerX: 0.5846774193548387
centerY: 0.43459675121117125
width: 0.025
height: 0.030777999430037048
Area: 0.00035174528171797863
CentroidX: 0.5954
CentroidY: 0.4498
