Location: Dedata_8.png_Otsu.png
Component: component_1755522187477_222.png
centerX: 0.7354838709677419
centerY: 0.3795953263037902
width: 0.028629032258064516
height: 0.029353092049016812
Area: 0.00036496014855808565
CentroidX: 0.7482
CentroidY: 0.3942
