Location: internet_13.png_Gaussian-Closing.png
Component: component_1755088480511_175.png
centerX: 0.6819830713422007
centerY: 0.35728542914171657
width: 0.029423619508262798
height: 0.03877958368976333
Area: 0.0004888018630787023
CentroidX: 0.6946
CentroidY: 0.3748
