Location: Dedata_8.png_Mean-Medain.png
Component: component_1755522186573_29.png
centerX: 0.6733870967741935
centerY: 0.04531205471644343
width: 0.02903225806451613
height: 0.03163294385864919
Area: 0.0003962161814320779
CentroidX: 0.6873
CentroidY: 0.0609
