Location: internet_13.png_Mean-Closing.png
Component: component_1755088481095_173.png
centerX: 0.5787988714228134
centerY: 0.36127744510978044
width: 0.031035872632003223
height: 0.03649843170801255
Area: 0.0004765042380259347
CentroidX: 0.5923
CentroidY: 0.3789
