Location: Dedata_8.png_Otsu.png
Component: component_1755522187455_152.png
centerX: 0.20120967741935483
centerY: 0.2086064405813622
width: 0.027016129032258064
height: 0.0347677400968937
Area: 0.0003904705871537705
CentroidX: 0.2142
CentroidY: 0.2263
