Location: internet_13.png_Gaussian-Closing.png
Component: component_1755088480507_157.png
centerX: 0.6743248690044337
centerY: 0.307670373538637
width: 0.03184199919387344
height: 0.033361847733105215
Area: 0.0004989157977015394
CentroidX: 0.6894
CentroidY: 0.3228
