Location: Dedata_8.png_Mean-Medain.png
Component: component_1755522186774_323.png
centerX: 0.44475806451612904
centerY: 0.74437161584497
width: 0.024193548387096774
height: 0.03505272157309775
Area: 0.00037288906866214986
CentroidX: 0.4557
CentroidY: 0.7633
