Location: Dedata_8.png_Gaussian-Closing.png
Component: component_1755522187081_158.png
centerX: 0.38991935483870965
centerY: 0.3550869193502422
width: 0.034274193548387094
height: 0.03362781419207751
Area: 0.00044735197050901367
CentroidX: 0.4049
CentroidY: 0.3713
