Location: Dedata_8.png_Mean-Medain.png
Component: component_1755522186619_211.png
centerX: 0.18991935483870967
centerY: 0.46337988030778
width: 0.028225806451612902
height: 0.031062980906241093
Area: 0.000395526710118681
CentroidX: 0.2021
CentroidY: 0.4789
