Location: Dedata_8.png_Otsu.png
Component: component_1755522187540_380.png
centerX: 0.7064516129032258
centerY: 0.7267027643203192
width: 0.02217741935483871
height: 0.03761755485893417
Area: 0.0002670552220557277
CentroidX: 0.7156
CentroidY: 0.7469
