Location: internet_13.png_Gaussian-Closing.png
Component: component_1755088480480_40.png
centerX: 0.3655783958081419
centerY: 0.058454519532363844
width: 0.030632809351068116
height: 0.033361847733105215
Area: 0.0003999601419031
CentroidX: 0.3802
CentroidY: 0.0744
