Location: internet_13.png_Gaussian-Closing.png
Component: component_1755088480537_290.png
centerX: 0.8548972188633616
centerY: 0.6683775306529798
width: 0.03143893591293833
height: 0.03934987168520103
Area: 0.0005579903703849283
CentroidX: 0.8698
CentroidY: 0.6869
