Location: Dedata_8.png_Gaussian-Closing.png
Component: component_1755522187047_16.png
centerX: 0.06653225806451613
centerY: 0.009404388714733543
width: 0.03024193548387097
height: 0.027643203191792535
Area: 0.0003110664742275623
CentroidX: 0.0785
CentroidY: 0.0237
