Location: internet_13.png_Gaussian-Closing.png
Component: component_1755088480475_15.png
centerX: 0.6182990729544539
centerY: 0.012261191901910464
width: 0.028617492946392584
height: 0.03051040775591674
Area: 0.00036869888943251287
CentroidX: 0.6309
CentroidY: 0.0266
