Location: Dedata_8.png_Mean-Medain.png
Component: component_1755522186647_231.png
centerX: 0.2818548387096774
centerY: 0.5044172128811627
width: 0.03387096774193549
height: 0.030493017953833
Area: 0.00038438025721876466
CentroidX: 0.2953
CentroidY: 0.5192
