Location: Kurtxevani_1764_page_10.png_Otsu.png
Component: component_1755610055884_980.png
centerX: 0.6459546925566343
centerY: 0.35032740879326474
width: 0.012944983818770227
height: 0.01683816651075772
Area: 0.00012412168769166963
CentroidX: 0.6518
CentroidY: 0.3587
