Location: internet_13.png_Mean-Closing.png
Component: component_1755088481119_256.png
centerX: 0.25755743651753327
centerY: 0.5842600513259196
width: 0.03143893591293833
height: 0.03792415169660679
Area: 0.0005327055338278357
CentroidX: 0.2713
CentroidY: 0.6025
