Location: internet_13.png_Mean-Closing.png
Component: component_1755088481084_131.png
centerX: 0.7226924627166466
centerY: 0.25862560593099515
width: 0.02781136638452237
height: 0.03279155973766752
Area: 0.00047558478942385856
CentroidX: 0.7361
CentroidY: 0.2739
