Location: internet_13.png_Gaussian-Closing.png
Component: component_1755088480529_256.png
centerX: 0.4607013301088271
centerY: 0.5719988594240091
width: 0.028617492946392584
height: 0.03507271171941831
Area: 0.0004654708548010216
CentroidX: 0.4734
CentroidY: 0.5878
