Location: Dedata_8.png_Mean-Closing.png
Component: component_1755522186909_35.png
centerX: 0.29758064516129035
centerY: 0.05386149900256483
width: 0.02903225806451613
height: 0.031062980906241093
Area: 0.00031210068119765763
CentroidX: 0.3116
CentroidY: 0.0692
