Location: internet_13.png_Mean-Closing.png
Component: component_1755088481118_251.png
centerX: 0.5106811769447803
centerY: 0.5662959794696322
width: 0.029423619508262798
height: 0.03592814371257485
Area: 0.0005101790430769715
CentroidX: 0.5239
CentroidY: 0.5833
