Location: Dedata_8.png_Mean-Closing.png
Component: component_1755522186924_88.png
centerX: 0.7411290322580645
centerY: 0.18096323738956968
width: 0.03346774193548387
height: 0.03590766600170989
Area: 0.0005397411265041966
CentroidX: 0.7569
CentroidY: 0.1988
