Location: Dedata_8.png_Mean-Closing.png
Component: component_1755522186939_153.png
centerX: 0.5282258064516129
centerY: 0.3456825306355087
width: 0.036290322580645164
height: 0.03362781419207751
Area: 0.00045562562626977636
CentroidX: 0.5421
CentroidY: 0.3613
