Location: Dedata_8.png_Otsu.png
Component: component_1755522187547_413.png
centerX: 0.4967741935483871
centerY: 0.7953833000854944
width: 0.024596774193548387
height: 0.031062980906241093
Area: 0.0002615394515485526
CentroidX: 0.5075
CentroidY: 0.8128
