Location: Dedata_8.png_Mean-Medain.png
Component: component_1755522186591_100.png
centerX: 0.2467741935483871
centerY: 0.20689655172413793
width: 0.03225806451612903
height: 0.03277286976346538
Area: 0.0004680361099109203
CentroidX: 0.2624
CentroidY: 0.2228
