Location: internet_13.png_Gaussian-Median.png
Component: component_1755088480608_64.png
centerX: 0.4977831519548569
centerY: 0.09466780724265754
width: 0.027408303103587262
height: 0.029369831765041345
Area: 0.0003718020284645197
CentroidX: 0.5105
CentroidY: 0.1083
