Location: internet_13.png_Mean-Closing.png
Component: component_1755088481109_223.png
centerX: 0.8782748891575978
centerY: 0.49529512403763903
width: 0.02781136638452237
height: 0.035357855717137156
Area: 0.0004475416070605378
CentroidX: 0.8910
CentroidY: 0.5128
