Location: Kurtxevani_1764_page_10.png_Otsu.png
Component: component_1755610055969_1574.png
centerX: 0.4375404530744337
centerY: 0.6552853133769878
width: 0.012297734627831715
height: 0.01683816651075772
Area: 0.00013320376240081618
CentroidX: 0.4430
CentroidY: 0.6638
