Location: Dedata_8.png_Gaussian-Closing.png
Component: component_1755522187135_351.png
centerX: 0.07862903225806452
centerY: 0.8144770589911656
width: 0.02620967741935484
height: 0.03676261043032203
Area: 0.0003360023533954164
CentroidX: 0.0897
CentroidY: 0.8349
