Location: Dedata_8.png_Gaussian-Closing.png
Component: component_1755522187072_120.png
centerX: 0.22056451612903225
centerY: 0.26332288401253917
width: 0.03387096774193549
height: 0.03733257338273012
Area: 0.0005095193006002997
CentroidX: 0.2357
CentroidY: 0.2820
