Location: Dedata_8.png_Mean-Closing.png
Component: component_1755522186984_315.png
centerX: 0.7060483870967742
centerY: 0.7261328013679111
width: 0.022983870967741935
height: 0.03875748076375036
Area: 0.00035197510548911097
CentroidX: 0.7156
CentroidY: 0.7471
