Location: Dedata_8.png_Gaussian-Closing.png
Component: component_1755522187093_192.png
centerX: 0.6713709677419355
centerY: 0.4263322884012539
width: 0.03387096774193549
height: 0.03334283271587347
Area: 0.0004029959826804806
CentroidX: 0.6844
CentroidY: 0.4423
