Location: internet_13.png_Mean-Medain.png
Component: component_1755088480948_111.png
centerX: 0.3252720677146312
centerY: 0.191331622469347
width: 0.02902055622732769
height: 0.03706871970345024
Area: 0.0005063863175934077
CentroidX: 0.3388
CentroidY: 0.2089
