Location: Dedata_8.png_Gaussian-Closing.png
Component: component_1755522187066_94.png
centerX: 0.49556451612903224
centerY: 0.19293245939013964
width: 0.03024193548387097
height: 0.0353377030493018
Area: 0.0004987175833570818
CentroidX: 0.5097
CentroidY: 0.2103
