Location: Dedata_8.png_Otsu.png
Component: component_1755522187466_186.png
centerX: 0.4967741935483871
centerY: 0.29866058706184095
width: 0.027822580645161292
height: 0.03362781419207751
Area: 0.0004085117531876557
CentroidX: 0.5095
CentroidY: 0.3156
