Location: internet_13.png_Gaussian-Closing.png
Component: component_1755088480502_135.png
centerX: 0.7226924627166466
centerY: 0.25862560593099515
width: 0.028214429665457477
height: 0.03279155973766752
Area: 0.00046225278469375525
CentroidX: 0.7361
CentroidY: 0.2739
