Location: Dedata_8.png_Gaussian-Closing.png
Component: component_1755522187101_221.png
centerX: 0.942741935483871
centerY: 0.4853234539754916
width: 0.028629032258064516
height: 0.03220290681105728
Area: 0.00033807076733560705
CentroidX: 0.9553
CentroidY: 0.5026
