Location: internet_13.png_Gaussian-Median.png
Component: component_1755088480605_52.png
centerX: 0.07134220072551391
centerY: 0.071285999429712
width: 0.026602176541717048
height: 0.025092671799258625
Area: 0.000255032056000856
CentroidX: 0.0825
CentroidY: 0.0842
