Location: internet_13.png_Gaussian-Median.png
Component: component_1755088480620_109.png
centerX: 0.5820233776702942
centerY: 0.17907043056743654
width: 0.029826682789197905
height: 0.033932135728542916
Area: 0.00046121840501641965
CentroidX: 0.5963
CentroidY: 0.1948
