Location: Dedata_8.png_Gaussian-Closing.png
Component: component_1755522187119_291.png
centerX: 0.23830645161290323
centerY: 0.6508976916500427
width: 0.028629032258064516
height: 0.0347677400968937
Area: 0.0003514005460612802
CentroidX: 0.2500
CentroidY: 0.6686
