Location: Dedata_8.png_Otsu.png
Component: component_1755522187518_317.png
centerX: 0.01975806451612903
centerY: 0.5722428042177259
width: 0.027016129032258064
height: 0.030208036477628954
Area: 0.00017604500868733855
CentroidX: 0.0284
CentroidY: 0.5839
