Location: internet_13.png_Mean-Closing.png
Component: component_1755088481132_310.png
centerX: 0.8375654977831519
centerY: 0.7211291702309667
width: 0.03667875856509472
height: 0.030795551753635585
Area: 0.0005669549942551702
CentroidX: 0.8545
CentroidY: 0.7357
