Location: internet_13.png_Gaussian-Median.png
Component: component_1755088480637_117.png
centerX: 0.2728738411930673
centerY: 0.1930424864556601
width: 0.02781136638452237
height: 0.03421727972626176
Area: 0.00048121641211157465
CentroidX: 0.2860
CentroidY: 0.2094
