Location: Samociqulo_1709_page_10.png_Gaussian-Median.png
Component: component_1755610056136_1114.png
centerX: 0.8137592137592138
centerY: 0.2471875
width: 0.021621621621621623
height: 0.0153125
Area: 0.00014772727272727274
CentroidX: 0.8242
CentroidY: 0.2546
