Location: Kurtxevani_1794_page_10.png_Mean-Medain.png
Component: component_1755610055055_2187.png
centerX: 0.5318527177089422
centerY: 0.6959012780960776
width: 0.01694915254237288
height: 0.021154693697664168
Area: 0.0001228666093632599
CentroidX: 0.5379
CentroidY: 0.7050
