Location: Dedata_8.png_Mean-Medain.png
Component: component_1755522186564_3.png
centerX: 0.8225806451612904
centerY: 0.005984611000284981
width: 0.03024193548387097
height: 0.02963807352522086
Area: 0.00034990669154892027
CentroidX: 0.8353
CentroidY: 0.0204
