Location: Dedata_8.png_Gaussian-Closing.png
Component: component_1755522187086_174.png
centerX: 0.6346774193548387
centerY: 0.3813052151610145
width: 0.03870967741935484
height: 0.03334283271587347
Area: 0.0004642440176872374
CentroidX: 0.6503
CentroidY: 0.3972
