Location: internet_13.png_Mean-Medain.png
Component: component_1755088480933_31.png
centerX: 0.7122128174123338
centerY: 0.04647847162817223
width: 0.026602176541717048
height: 0.030795551753635585
Area: 0.0003528384010467003
CentroidX: 0.7242
CentroidY: 0.0609
