Location: internet_13.png_Gaussian-Closing.png
Component: component_1755088480482_45.png
centerX: 0.019347037484885126
centerY: 0.06558311947533504
width: 0.02781136638452237
height: 0.0290846877673225
Area: 0.0003196233202967015
CentroidX: 0.0315
CentroidY: 0.0793
