Location: Dedata_8.png_Mean-Closing.png
Component: component_1755522186923_82.png
centerX: 0.05725806451612903
centerY: 0.16357936734112283
width: 0.03387096774193549
height: 0.03134796238244514
Area: 0.0004718282021346032
CentroidX: 0.0737
CentroidY: 0.1790
