Location: Dedata_8.png_Mean-Medain.png
Component: component_1755522186593_111.png
centerX: 0.677016129032258
centerY: 0.23681960672556285
width: 0.029838709677419355
height: 0.03733257338273012
Area: 0.00048607727594480554
CentroidX: 0.6911
CentroidY: 0.2554
