Location: internet_13.png_Gaussian-Median.png
Component: component_1755088480792_203.png
centerX: 0.8436114469971786
centerY: 0.3917878528656972
width: 0.028617492946392584
height: 0.035642999714856
Area: 0.0004584600592101913
CentroidX: 0.8565
CentroidY: 0.4089
