Location: internet_13.png_Mean-Closing.png
Component: component_1755088481129_297.png
centerX: 0.2660217654171705
centerY: 0.6909039064727688
width: 0.028617492946392584
height: 0.039064727687482176
Area: 0.0005217870816781821
CentroidX: 0.2785
CentroidY: 0.7083
