Location: Dedata_8.png_Mean-Closing.png
Component: component_1755522186938_150.png
centerX: 0.6709677419354839
centerY: 0.335423197492163
width: 0.03225806451612903
height: 0.03419777714448561
Area: 0.000453787036100718
CentroidX: 0.6849
CentroidY: 0.3518
