Location: internet_13.png_Gaussian-Median.png
Component: component_1755088480823_248.png
centerX: 0.5151148730350665
centerY: 0.5104077559167379
width: 0.031035872632003223
height: 0.037639007698887936
Area: 0.00047133233963925664
CentroidX: 0.5297
CentroidY: 0.5278
