Location: Dedata_8.png_Otsu.png
Component: component_1755522187202_51.png
centerX: 0.6733870967741935
centerY: 0.04588201766885153
width: 0.028629032258064516
height: 0.030777999430037048
Area: 0.0003450803923551421
CentroidX: 0.6872
CentroidY: 0.0610
