Location: internet_13.png_Mean-Medain.png
Component: component_1755088480937_49.png
centerX: 0.16767432486900444
centerY: 0.06900484744796122
width: 0.028214429665457477
height: 0.023666951810664385
Area: 0.00024986015761417797
CentroidX: 0.1803
CentroidY: 0.0814
