Location: internet_13.png_Gaussian-Median.png
Component: component_1755088480686_146.png
centerX: 0.8617492946392583
centerY: 0.25948103792415167
width: 0.03184199919387344
height: 0.036213287710293696
Area: 0.0005189138047966944
CentroidX: 0.8778
CentroidY: 0.2753
