Location: internet_13.png_Mean-Medain.png
Component: component_1755088480951_123.png
centerX: 0.7255139056831923
centerY: 0.2184203022526376
width: 0.028214429665457477
height: 0.03507271171941831
Area: 0.0004888018630787023
CentroidX: 0.7384
CentroidY: 0.2344
