Location: Dedata_8.png_Mean-Medain.png
Component: component_1755522186653_237.png
centerX: 0.6403225806451613
centerY: 0.512396694214876
width: 0.031048387096774193
height: 0.03419777714448561
Area: 0.0003972503884021732
CentroidX: 0.6548
CentroidY: 0.5295
