Location: internet_13.png_Gaussian-Closing.png
Component: component_1755088480532_270.png
centerX: 0.9121322047561468
centerY: 0.6039349871685201
width: 0.032648125755743655
height: 0.03735386370116909
Area: 0.0005468420560847557
CentroidX: 0.9268
CentroidY: 0.6210
