Location: Dedata_8.png_Gaussian-Closing.png
Component: component_1755522187123_304.png
centerX: 0.5092741935483871
centerY: 0.6754060986035908
width: 0.03467741935483871
height: 0.029353092049016812
Area: 0.0003441610972706129
CentroidX: 0.5237
CentroidY: 0.6901
