Location: Dedata_8.png_Otsu.png
Component: component_1755522187459_160.png
centerX: 0.7725806451612903
centerY: 0.23254488458250214
width: 0.03387096774193549
height: 0.03134796238244514
Area: 0.00040701789867529577
CentroidX: 0.7883
CentroidY: 0.2476
