Location: Dedata_8.png_Gaussian-Closing.png
Component: component_1755522187073_123.png
centerX: 0.12016129032258065
centerY: 0.27215730977486463
width: 0.028629032258064516
height: 0.032487888287261325
Area: 0.00045056950330486583
CentroidX: 0.1335
CentroidY: 0.2886
