Location: Dedata_8.png_Mean-Medain.png
Component: component_1755522186778_338.png
centerX: 0.7064516129032258
centerY: 0.7842690225135366
width: 0.025
height: 0.03334283271587347
Area: 0.000360593496906572
CentroidX: 0.7177
CentroidY: 0.8021
