Location: Dedata_8.png_Mean-Closing.png
Component: component_1755522186989_336.png
centerX: 0.6524193548387097
centerY: 0.7888287261328014
width: 0.024596774193548387
height: 0.034482758620689655
Area: 0.00037311889243328214
CentroidX: 0.6636
CentroidY: 0.8075
