Location: Dedata_8.png_Mean-Closing.png
Component: component_1755522186908_30.png
centerX: 0.5342741935483871
centerY: 0.04787688800227985
width: 0.027016129032258064
height: 0.033912795668281565
Area: 0.0003858741117311246
CentroidX: 0.5464
CentroidY: 0.0648
