Location: internet_13.png_Mean-Medain.png
Component: component_1755088480947_106.png
centerX: 0.5820233776702942
centerY: 0.17907043056743654
width: 0.029826682789197905
height: 0.033932135728542916
Area: 0.0004717920639402947
CentroidX: 0.5962
CentroidY: 0.1948
