Location: internet_13.png_Gaussian-Closing.png
Component: component_1755088480478_28.png
centerX: 0.8101571946795647
centerY: 0.04448246364414029
width: 0.03184199919387344
height: 0.03279155973766752
Area: 0.0004028334187845878
CentroidX: 0.8262
CentroidY: 0.0602
