Location: Dedata_8.png_Mean-Medain.png
Component: component_1755522186571_21.png
centerX: 0.2600806451612903
centerY: 0.009974351667141636
width: 0.03185483870967742
height: 0.028783129096608722
Area: 0.0003904705871537705
CentroidX: 0.2737
CentroidY: 0.0244
