Location: internet_13.png_Mean-Medain.png
Component: component_1755088480944_88.png
centerX: 0.4735993550987505
centerY: 0.13572854291417166
width: 0.029826682789197905
height: 0.03706871970345024
Area: 0.0004860435172724741
CentroidX: 0.4872
CentroidY: 0.1531
