Location: Dedata_8.png_Mean-Closing.png
Component: component_1755522186930_116.png
centerX: 0.3786290322580645
centerY: 0.2567683100598461
width: 0.035483870967741936
height: 0.03305785123966942
Area: 0.0004968789931880234
CentroidX: 0.3956
CentroidY: 0.2727
