Location: Dedata_8.png_Mean-Closing.png
Component: component_1755522186902_19.png
centerX: 0.02056451612903226
centerY: 0.009974351667141636
width: 0.027016129032258064
height: 0.031062980906241093
Area: 0.00039288373675065957
CentroidX: 0.0308
CentroidY: 0.0251
