Location: internet_13.png_Mean-Closing.png
Component: component_1755088481093_166.png
centerX: 0.02015316404675534
centerY: 0.3444539492443684
width: 0.02539298669891173
height: 0.03136583974907328
Area: 0.00047133233963925664
CentroidX: 0.0325
CentroidY: 0.3592
