Location: Dedata_8.png_Mean-Closing.png
Component: component_1755522186939_154.png
centerX: 0.4842741935483871
centerY: 0.3493872898261613
width: 0.03346774193548387
height: 0.032487888287261325
Area: 0.0004667720791696927
CentroidX: 0.4991
CentroidY: 0.3652
