Location: internet_13.png_Mean-Medain.png
Component: component_1755088480993_332.png
centerX: 0.37001209189842804
centerY: 0.7311092101511263
width: 0.028617492946392584
height: 0.035357855717137156
Area: 0.0004936289682396019
CentroidX: 0.3828
CentroidY: 0.7475
