Location: Dedata_8.png_Otsu.png
Component: component_1755522187511_297.png
centerX: 0.9036290322580646
centerY: 0.5383300085494442
width: 0.02056451612903226
height: 0.03676261043032203
Area: 0.00020144053539745724
CentroidX: 0.9105
CentroidY: 0.5552
