Location: internet_13.png_Gaussian-Closing.png
Component: component_1755088480539_301.png
centerX: 0.2660217654171705
centerY: 0.6909039064727688
width: 0.028617492946392584
height: 0.039064727687482176
Area: 0.0005021338678088057
CentroidX: 0.2785
CentroidY: 0.7085
