Location: internet_13.png_Mean-Closing.png
Component: component_1755088481091_159.png
centerX: 0.3635630794034663
centerY: 0.32763045337895635
width: 0.02781136638452237
height: 0.03136583974907328
Area: 0.0004428294329748978
CentroidX: 0.3763
CentroidY: 0.3429
