Location: internet_13.png_Gaussian-Closing.png
Component: component_1755088480474_6.png
centerX: 0.5175332527206772
centerY: 0.006558311947533505
width: 0.030632809351068116
height: 0.032506415739948676
Area: 0.00037938747943164745
CentroidX: 0.5314
CentroidY: 0.0229
