Location: Dedata_8.png_Mean-Closing.png
Component: component_1755522186983_312.png
centerX: 0.08266129032258064
centerY: 0.7170133941293816
width: 0.029838709677419355
height: 0.029923055001424906
Area: 0.0003612829682199689
CentroidX: 0.0953
CentroidY: 0.7324
