Location: internet_13.png_Mean-Medain.png
Component: component_1755088480932_26.png
centerX: 0.1189036678758565
centerY: 0.022241231822070145
width: 0.02902055622732769
height: 0.03735386370116909
Area: 0.0004974216937231658
CentroidX: 0.1323
CentroidY: 0.0396
