Location: internet_13.png_Mean-Closing.png
Component: component_1755088481087_144.png
centerX: 0.1656590084643289
centerY: 0.28999144568006846
width: 0.02781136638452237
height: 0.035642999714856
Area: 0.00048765255232610725
CentroidX: 0.1780
CentroidY: 0.3062
