Location: Dedata_8.png_Mean-Closing.png
Component: component_1755522186918_63.png
centerX: 0.9282258064516129
centerY: 0.12396694214876033
width: 0.03185483870967742
height: 0.02821316614420063
Area: 0.0004232204745401226
CentroidX: 0.9442
CentroidY: 0.1383
