Location: internet_13.png_Gaussian-Median.png
Component: component_1755088480825_251.png
centerX: 0.4127367996775494
centerY: 0.5183917878528657
width: 0.02781136638452237
height: 0.034787567721699456
Area: 0.0004637468886721289
CentroidX: 0.4247
CentroidY: 0.5349
