Location: Samociqulo_1709_page_10.png_Gaussian-Median.png
Component: component_1755610056104_672.png
centerX: 0.5312039312039312
centerY: 0.1178125
width: 0.019164619164619166
height: 0.015625
Area: 0.00012714987714987716
CentroidX: 0.5405
CentroidY: 0.1252
