Location: Dedata_8.png_Otsu.png
Component: component_1755522187499_271.png
centerX: 0.5475806451612903
centerY: 0.48218865773724706
width: 0.031048387096774193
height: 0.02963807352522086
Area: 0.00031118138611312845
CentroidX: 0.5616
CentroidY: 0.4967
