Location: internet_13.png_Gaussian-Closing.png
Component: component_1755088480494_105.png
centerX: 0.3776702942361951
centerY: 0.18733960650128315
width: 0.030229746070133012
height: 0.036213287710293696
Area: 0.00046570071695154055
CentroidX: 0.3913
CentroidY: 0.2037
