Location: Dedata_8.png_Mean-Medain.png
Component: component_1755522186743_274.png
centerX: 0.7616935483870968
centerY: 0.6058706184098034
width: 0.029838709677419355
height: 0.028783129096608722
Area: 0.00033784094356447477
CentroidX: 0.7746
CentroidY: 0.6198
