Location: Dedata_8.png_Gaussian-Closing.png
Component: component_1755522187102_225.png
centerX: 0.8572580645161291
centerY: 0.49216300940438873
width: 0.027822580645161292
height: 0.030208036477628954
Area: 0.00031141120988426073
CentroidX: 0.8692
CentroidY: 0.5076
