Location: Dedata_8.png_Mean-Closing.png
Component: component_1755522186893_8.png
centerX: 0.7798387096774193
centerY: 0.007409518381305215
width: 0.02338709677419355
height: 0.026503277286976348
Area: 0.00028004026512470237
CentroidX: 0.7908
CentroidY: 0.0211
