Location: internet_13.png_Mean-Medain.png
Component: component_1755088480943_85.png
centerX: 0.6199113260781943
centerY: 0.1300256629597947
width: 0.02781136638452237
height: 0.037639007698887936
Area: 0.0004973067626479062
CentroidX: 0.6336
CentroidY: 0.1480
