Location: Dedata_8.png_Mean-Medain.png
Component: component_1755522186574_37.png
centerX: 0.3431451612903226
centerY: 0.05329153605015674
width: 0.031048387096774193
height: 0.029353092049016812
Area: 0.0003565715809117569
CentroidX: 0.3571
CentroidY: 0.0681
