Location: Dedata_8.png_Otsu.png
Component: component_1755522187464_178.png
centerX: 0.0068548387096774195
centerY: 0.2775719578227415
width: 0.03508064516129032
height: 0.03220290681105728
Area: 0.0004481563537079767
CentroidX: 0.0253
CentroidY: 0.2936
