Location: Dedata_8.png_Gaussian-Closing.png
Component: component_1755522187052_37.png
centerX: 0.2971774193548387
centerY: 0.05386149900256483
width: 0.02943548387096774
height: 0.031062980906241093
Area: 0.0002853262118607452
CentroidX: 0.3119
CentroidY: 0.0691
