Location: Dedata_8.png_Gaussian-Closing.png
Component: component_1755522187111_260.png
centerX: 0.6237903225806452
centerY: 0.5645483043602166
width: 0.028629032258064516
height: 0.037047591906526074
Area: 0.0003796688699105526
CentroidX: 0.6369
CentroidY: 0.5846
