Location: internet_13.png_Mean-Medain.png
Component: component_1755088480950_119.png
centerX: 0.8730350665054414
centerY: 0.21357285429141717
width: 0.026602176541717048
height: 0.03222127174222983
Area: 0.000445128054480088
CentroidX: 0.8851
CentroidY: 0.2283
