Location: internet_13.png_Mean-Closing.png
Component: component_1755088481090_155.png
centerX: 0.5723498589278516
centerY: 0.3153692614770459
width: 0.031035872632003223
height: 0.033932135728542916
Area: 0.0005047772825397744
CentroidX: 0.5866
CentroidY: 0.3307
