Location: internet_13.png_Mean-Closing.png
Component: component_1755088481055_45.png
centerX: 0.26360338573155984
centerY: 0.06843455945252352
width: 0.02902055622732769
height: 0.026518391787852865
Area: 0.0002899711028797475
CentroidX: 0.2761
CentroidY: 0.0815
