Location: internet_13.png_Gaussian-Closing.png
Component: component_1755088480534_278.png
centerX: 0.456670697299476
centerY: 0.6276019389791845
width: 0.026199113260781944
height: 0.02566295979469632
Area: 0.0002720418551392637
CentroidX: 0.4678
CentroidY: 0.6413
