Location: Dedata_8.png_Otsu.png
Component: component_1755522187480_230.png
centerX: 0.9419354838709677
centerY: 0.4029638073525221
width: 0.02338709677419355
height: 0.03334283271587347
Area: 0.00020913963173038914
CentroidX: 0.9505
CentroidY: 0.4178
