Location: internet_13.png_Mean-Medain.png
Component: component_1755088480940_66.png
centerX: 0.3619508262797259
centerY: 0.10179640718562874
width: 0.026602176541717048
height: 0.0290846877673225
Area: 0.0003376674991124448
CentroidX: 0.3744
CentroidY: 0.1146
