Location: internet_13.png_Mean-Medain.png
Component: component_1755088480935_41.png
centerX: 0.3139862958484482
centerY: 0.059880239520958084
width: 0.03305118903667876
height: 0.033932135728542916
Area: 0.0004072007996444492
CentroidX: 0.3287
CentroidY: 0.0752
