Location: internet_13.png_Gaussian-Median.png
Component: component_1755088480775_173.png
centerX: 0.41555824264409513
centerY: 0.3219275734245794
width: 0.02902055622732769
height: 0.03307670373538637
Area: 0.0004258196338364901
CentroidX: 0.4293
CentroidY: 0.3375
