Location: Dedata_8.png_Mean-Closing.png
Component: component_1755522186974_272.png
centerX: 0.21814516129032258
centerY: 0.6070105443146195
width: 0.028225806451612902
height: 0.03134796238244514
Area: 0.00034599968743967126
CentroidX: 0.2303
CentroidY: 0.6235
