Location: Dedata_8.png_Mean-Medain.png
Component: component_1755522186592_105.png
centerX: 0.016129032258064516
centerY: 0.21972071815332003
width: 0.03588709677419355
height: 0.037902536335138216
Area: 0.0005573226449958172
CentroidX: 0.0320
CentroidY: 0.2375
