Location: internet_13.png_Gaussian-Median.png
Component: component_1755088480596_7.png
centerX: 0.5175332527206772
centerY: 0.006558311947533505
width: 0.030632809351068116
height: 0.032506415739948676
Area: 0.00038030692803372356
CentroidX: 0.5314
CentroidY: 0.0229
