Location: Dedata_8.png_Gaussian-Closing.png
Component: component_1755522187112_263.png
centerX: 0.01975806451612903
centerY: 0.5716728412653177
width: 0.027016129032258064
height: 0.031062980906241093
Area: 0.0003195699537594572
CentroidX: 0.0314
CentroidY: 0.5877
