Location: internet_13.png_Mean-Medain.png
Component: component_1755088480976_241.png
centerX: 0.5711406690850463
centerY: 0.5095523239235814
width: 0.028214429665457477
height: 0.03934987168520103
Area: 0.0004788028595311249
CentroidX: 0.5832
CentroidY: 0.5281
