Location: Dedata_8.png_Gaussian-Closing.png
Component: component_1755522187125_311.png
centerX: 0.9048387096774193
centerY: 0.7121687090339128
width: 0.02379032258064516
height: 0.03761755485893417
Area: 0.00034209268333042225
CentroidX: 0.9155
CentroidY: 0.7329
