Location: internet_13.png_Mean-Closing.png
Component: component_1755088481060_61.png
centerX: 0.32083837162434503
centerY: 0.10464784716281722
width: 0.024989923417976623
height: 0.0290846877673225
Area: 0.00029353396621279235
CentroidX: 0.3330
CentroidY: 0.1178
