Location: Dedata_8.png_Gaussian-Closing.png
Component: component_1755522187109_252.png
centerX: 0.8104838709677419
centerY: 0.5471644343117698
width: 0.024596774193548387
height: 0.03619264747791394
Area: 0.0003360023533954164
CentroidX: 0.8214
CentroidY: 0.5672
