Location: Dedata_8.png_Mean-Closing.png
Component: component_1755522186958_219.png
centerX: 0.5056451612903226
centerY: 0.48560843545169563
width: 0.027822580645161292
height: 0.026788258763180393
Area: 0.00033565761773871793
CentroidX: 0.5193
CentroidY: 0.4995
