Location: Dedata_8.png_Mean-Closing.png
Component: component_1755522186969_259.png
centerX: 0.5701612903225807
centerY: 0.5711028783129096
width: 0.03185483870967742
height: 0.034482758620689655
Area: 0.000389321468298109
CentroidX: 0.5838
CentroidY: 0.5890
