Location: Kurtxevani_1794_page_10.png_Mean-Medain.png
Component: component_1755610055069_2305.png
centerX: 0.3407364114552893
centerY: 0.7320405464962538
width: 0.015780245470485097
height: 0.026884089907448214
Area: 0.00020735350217489354
CentroidX: 0.3474
CentroidY: 0.7467
