Location: internet_13.png_Mean-Medain.png
Component: component_1755088480973_226.png
centerX: 0.3127771060056429
centerY: 0.4707727402338181
width: 0.03426037887948408
height: 0.036213287710293696
Area: 0.000514546423936833
CentroidX: 0.3285
CentroidY: 0.4876
