Location: Dedata_8.png_Gaussian-Closing.png
Component: component_1755522187078_145.png
centerX: 0.853225806451613
centerY: 0.32088914220575665
width: 0.031451612903225803
height: 0.0347677400968937
Area: 0.00042827659750503314
CentroidX: 0.8683
CentroidY: 0.3383
