Location: Dedata_8.png_Gaussian-Closing.png
Component: component_1755522187077_140.png
centerX: 0.2608870967741935
centerY: 0.3146195497292676
width: 0.03185483870967742
height: 0.032487888287261325
Area: 0.00043597569383796507
CentroidX: 0.2758
CentroidY: 0.3301
