Location: internet_13.png_Mean-Closing.png
Component: component_1755088481121_263.png
centerX: 0.7194679564691656
centerY: 0.6039349871685201
width: 0.030632809351068116
height: 0.03592814371257485
Area: 0.0005167301143667636
CentroidX: 0.7330
CentroidY: 0.6205
