Location: Kurtxevani_1794_page_10.png_Mean-Medain.png
Component: component_1755610054610_578.png
centerX: 0.41379310344827586
centerY: 0.125605993829881
width: 0.012273524254821741
height: 0.01630674305861613
Area: 0.00011951804348962808
CentroidX: 0.4202
CentroidY: 0.1334
