Location: internet_13.png_Mean-Medain.png
Component: component_1755088480963_184.png
centerX: 0.5231761386537687
centerY: 0.3661248930710009
width: 0.03305118903667876
height: 0.03507271171941831
Area: 0.0005013293502819892
CentroidX: 0.5367
CentroidY: 0.3837
