Location: internet_13.png_Gaussian-Closing.png
Component: component_1755088480477_24.png
centerX: 0.1185006045949214
centerY: 0.022241231822070145
width: 0.029423619508262798
height: 0.03735386370116909
Area: 0.0004871928280250692
CentroidX: 0.1323
CentroidY: 0.0397
