Location: Dedata_8.png_Mean-Medain.png
Component: component_1755522186751_294.png
centerX: 0.1842741935483871
centerY: 0.6546024508406953
width: 0.031048387096774193
height: 0.0347677400968937
Area: 0.0004221862675700273
CentroidX: 0.1977
CentroidY: 0.6726
