Location: Kurtxevani_1794_page_10.png_Mean-Medain.png
Component: component_1755610055069_2301.png
centerX: 0.24956165984804207
centerY: 0.7307183781401498
width: 0.017533606078316773
height: 0.022036139268400177
Area: 0.00020117153440818864
CentroidX: 0.2582
CentroidY: 0.7421
