Location: internet_13.png_Mean-Closing.png
Component: component_1755088481052_35.png
centerX: 0.4619105199516324
centerY: 0.05389221556886228
width: 0.028214429665457477
height: 0.031080695751354435
Area: 0.00038341006706573035
CentroidX: 0.4753
CentroidY: 0.0682
