Location: Dedata_8.png_Mean-Medain.png
Component: component_1755522186767_304.png
centerX: 0.4560483870967742
centerY: 0.6833855799373041
width: 0.03064516129032258
height: 0.029353092049016812
Area: 0.00036036367313543974
CentroidX: 0.4690
CentroidY: 0.6984
