Location: internet_13.png_Mean-Medain.png
Component: component_1755088480967_201.png
centerX: 0.6739218057234986
centerY: 0.4031936127744511
width: 0.030229746070133012
height: 0.03450242372398061
Area: 0.0004814462742620936
CentroidX: 0.6884
CentroidY: 0.4190
