Location: Dedata_8.png_Mean-Closing.png
Component: component_1755522186942_162.png
centerX: 0.8701612903225806
centerY: 0.36734112282701625
width: 0.03024193548387097
height: 0.03305785123966942
Area: 0.0004298853639029592
CentroidX: 0.8840
CentroidY: 0.3845
