Location: internet_13.png_Gaussian-Median.png
Component: component_1755088480793_205.png
centerX: 0.7363966142684402
centerY: 0.3980610208155118
width: 0.028214429665457477
height: 0.03364699173082407
Area: 0.00042742866889012324
CentroidX: 0.7482
CentroidY: 0.4151
