Location: Dedata_8.png_Mean-Closing.png
Component: component_1755522186890_6.png
centerX: 0.6895161290322581
centerY: 0.007124536905101168
width: 0.028629032258064516
height: 0.028498147620404674
Area: 0.000352779488688074
CentroidX: 0.7010
CentroidY: 0.0209
