Location: internet_13.png_Gaussian-Closing.png
Component: component_1755088480490_89.png
centerX: 0.31721080209592906
centerY: 0.14171656686626746
width: 0.029423619508262798
height: 0.03592814371257485
Area: 0.00046443647512368593
CentroidX: 0.3311
CentroidY: 0.1588
