Location: Dedata_8.png_Gaussian-Closing.png
Component: component_1755522187075_130.png
centerX: 0.6846774193548387
centerY: 0.2846964947278427
width: 0.031451612903225803
height: 0.03505272157309775
Area: 0.00048469833331801174
CentroidX: 0.7000
CentroidY: 0.3016
