Location: Dedata_8.png_Gaussian-Closing.png
Component: component_1755522187120_295.png
centerX: 0.7637096774193548
centerY: 0.6568823026503278
width: 0.03467741935483871
height: 0.03419777714448561
Area: 0.00034933213212108956
CentroidX: 0.7767
CentroidY: 0.6735
