Location: Dedata_8.png_Gaussian-Closing.png
Component: component_1755522187106_237.png
centerX: 0.6403225806451613
centerY: 0.512396694214876
width: 0.031048387096774193
height: 0.033912795668281565
Area: 0.00038139254819404483
CentroidX: 0.6549
CentroidY: 0.5294
