Location: internet_13.png_Mean-Medain.png
Component: component_1755088480981_268.png
centerX: 0.25755743651753327
centerY: 0.5842600513259196
width: 0.03143893591293833
height: 0.03849443969204448
Area: 0.0005354638796340641
CentroidX: 0.2713
CentroidY: 0.6026
