Location: Dedata_8.png_Otsu.png
Component: component_1755522187466_183.png
centerX: 0.6379032258064516
centerY: 0.29068110572812766
width: 0.031451612903225803
height: 0.030777999430037048
Area: 0.00039276882486509343
CentroidX: 0.6522
CentroidY: 0.3055
