Location: Dedata_8.png_Otsu.png
Component: component_1755522187478_223.png
centerX: 0.6870967741935484
centerY: 0.38073525220860643
width: 0.028225806451612902
height: 0.03277286976346538
Area: 0.0003998933617701946
CentroidX: 0.7000
CentroidY: 0.3976
