Location: internet_13.png_Gaussian-Closing.png
Component: component_1755088480483_54.png
centerX: 0.8101571946795647
centerY: 0.08212147134302823
width: 0.03184199919387344
height: 0.033932135728542916
Area: 0.00048041189458475803
CentroidX: 0.8258
CentroidY: 0.0974
