Location: internet_13.png_Mean-Closing.png
Component: component_1755088481105_207.png
centerX: 0.7291414752116082
centerY: 0.44339891645280866
width: 0.032245062474808545
height: 0.03934987168520103
Area: 0.000535234017483545
CentroidX: 0.7436
CentroidY: 0.4622
