Location: internet_13.png_Gaussian-Median.png
Component: component_1755088480619_106.png
centerX: 0.6900443369609028
centerY: 0.16966067864271456
width: 0.029826682789197905
height: 0.036783575705731396
Area: 0.00047742368662801073
CentroidX: 0.7048
CentroidY: 0.1874
