Location: internet_13.png_Gaussian-Median.png
Component: component_1755088480743_162.png
centerX: 0.019750100765820233
centerY: 0.29227259766181923
width: 0.028617492946392584
height: 0.033361847733105215
Area: 0.0004730563057681493
CentroidX: 0.0332
CentroidY: 0.3078
