Location: Dedata_8.png_Otsu.png
Component: component_1755522187509_289.png
centerX: 0.10120967741935484
centerY: 0.5163864348817326
width: 0.028225806451612902
height: 0.02963807352522086
Area: 0.0003206041607295526
CentroidX: 0.1136
CentroidY: 0.5310
