Location: Dedata_8.png_Gaussian-Closing.png
Component: component_1755522187079_148.png
centerX: 0.8036290322580645
centerY: 0.3248788828726133
width: 0.03306451612903226
height: 0.03419777714448561
Area: 0.00044769670616571215
CentroidX: 0.8203
CentroidY: 0.3417
