Location: Dedata_8.png_Gaussian-Closing.png
Component: component_1755522187096_199.png
centerX: 0.930241935483871
centerY: 0.44656597321174124
width: 0.03064516129032258
height: 0.031062980906241093
Area: 0.0002896928635122588
CentroidX: 0.9436
CentroidY: 0.4615
