Location: internet_13.png_Gaussian-Median.png
Component: component_1755088480602_37.png
centerX: 0.6086255542120113
centerY: 0.0499001996007984
width: 0.03184199919387344
height: 0.031080695751354435
Area: 0.00036513602609946803
CentroidX: 0.6230
CentroidY: 0.0642
