Location: Dedata_8.png_Gaussian-Closing.png
Component: component_1755522187090_182.png
centerX: 0.3435483870967742
centerY: 0.4072385294955828
width: 0.03387096774193549
height: 0.03419777714448561
Area: 0.0004632098107171421
CentroidX: 0.3590
CentroidY: 0.4239
