Location: Dedata_8.png_Mean-Medain.png
Component: component_1755522186590_99.png
centerX: 0.29879032258064514
centerY: 0.20319179253348532
width: 0.03225806451612903
height: 0.033912795668281565
Area: 0.0004735518804180954
CentroidX: 0.3121
CentroidY: 0.2197
