Location: Dedata_8.png_Mean-Closing.png
Component: component_1755522186914_50.png
centerX: 0.5899193548387097
centerY: 0.09489883157594756
width: 0.03790322580645161
height: 0.031917925334853235
Area: 0.0004852728927458425
CentroidX: 0.6074
CentroidY: 0.1096
