Location: internet_13.png_Gaussian-Closing.png
Component: component_1755088480476_21.png
centerX: 0.022168480451430876
centerY: 0.020815511833475905
width: 0.03426037887948408
height: 0.035642999714856
Area: 0.00047523999619808005
CentroidX: 0.0363
CentroidY: 0.0372
