Location: internet_13.png_Mean-Medain.png
Component: component_1755088480980_264.png
centerX: 0.4607013301088271
centerY: 0.5719988594240091
width: 0.028617492946392584
height: 0.035357855717137156
Area: 0.0004820209296383912
CentroidX: 0.4734
CentroidY: 0.5877
