Location: Dedata_8.png_Mean-Closing.png
Component: component_1755522186915_53.png
centerX: 0.44798387096774195
centerY: 0.1005984611000285
width: 0.03346774193548387
height: 0.030208036477628954
Area: 0.00042448450528135027
CentroidX: 0.4644
CentroidY: 0.1156
