Location: Kurtxevani_1794_page_10.png_Mean-Medain.png
Component: component_1755610054617_589.png
centerX: 0.6393921683226184
centerY: 0.127368884971353
width: 0.011689070718877849
height: 0.013662406346408109
Area: 0.00010560861601454205
CentroidX: 0.6452
CentroidY: 0.1341
