Location: Dedata_8.png_Mean-Medain.png
Component: component_1755522186648_233.png
centerX: 0.23669354838709677
centerY: 0.5089769165004274
width: 0.025403225806451612
height: 0.029068110572812767
Area: 0.00033152078985833664
CentroidX: 0.2481
CentroidY: 0.5238
