Location: internet_13.png_Gaussian-Median.png
Component: component_1755088480875_339.png
centerX: 0.37001209189842804
centerY: 0.7311092101511263
width: 0.028617492946392584
height: 0.03507271171941831
Area: 0.0004791476527569034
CentroidX: 0.3828
CentroidY: 0.7474
