Location: Dedata_8.png_Gaussian-Closing.png
Component: component_1755522187095_196.png
centerX: 0.5846774193548387
centerY: 0.43459675121117125
width: 0.025
height: 0.030777999430037048
Area: 0.0003425523308726868
CentroidX: 0.5954
CentroidY: 0.4498
