Location: Dedata_8.png_Mean-Closing.png
Component: component_1755522186977_287.png
centerX: 0.2838709677419355
centerY: 0.6497577657452266
width: 0.032661290322580645
height: 0.029923055001424906
Area: 0.0003739232756322452
CentroidX: 0.2979
CentroidY: 0.6643
