Location: Dedata_8.png_Otsu.png
Component: component_1755522187483_240.png
centerX: 0.15080645161290324
centerY: 0.4200626959247649
width: 0.03387096774193549
height: 0.03676261043032203
Area: 0.00044608793976778606
CentroidX: 0.1638
CentroidY: 0.4378
