Location: internet_13.png_Gaussian-Median.png
Component: component_1755088480695_147.png
centerX: 0.6134623135832326
centerY: 0.26204733390362134
width: 0.031035872632003223
height: 0.033361847733105215
Area: 0.0004569659552318177
CentroidX: 0.6277
CentroidY: 0.2774
