Location: internet_13.png_Mean-Closing.png
Component: component_1755088481090_153.png
centerX: 0.6743248690044337
centerY: 0.307670373538637
width: 0.03184199919387344
height: 0.03307670373538637
Area: 0.0005154658725389091
CentroidX: 0.6894
CentroidY: 0.3227
