Location: internet_13.png_Mean-Closing.png
Component: component_1755088481100_193.png
centerX: 0.5163240628778718
centerY: 0.41659538066723695
width: 0.025796049979846837
height: 0.031936127744510975
Area: 0.0004268540135138257
CentroidX: 0.5279
CentroidY: 0.4318
