Location: internet_13.png_Mean-Medain.png
Component: component_1755088480969_208.png
centerX: 0.3143893591293833
centerY: 0.43142286854861706
width: 0.027408303103587262
height: 0.032506415739948676
Area: 0.0004477714692110568
CentroidX: 0.3269
CentroidY: 0.4462
