Location: internet_13.png_Gaussian-Median.png
Component: component_1755088480610_74.png
centerX: 0.018540910923014912
centerY: 0.1074992871400057
width: 0.03143893591293833
height: 0.03279155973766752
Area: 0.0003636419221210944
CentroidX: 0.0318
CentroidY: 0.1228
