Location: Dedata_8.png_Mean-Closing.png
Component: component_1755522186957_215.png
centerX: 0.5939516129032258
centerY: 0.47591906526075806
width: 0.03225806451612903
height: 0.034482758620689655
Area: 0.00035094089851901564
CentroidX: 0.6062
CentroidY: 0.4921
