Location: internet_13.png_Mean-Medain.png
Component: component_1755088480971_217.png
centerX: 0.021362353889560662
centerY: 0.44026233247790136
width: 0.024989923417976623
height: 0.036213287710293696
Area: 0.0004467370895337212
CentroidX: 0.0322
CentroidY: 0.4585
