Location: Kurtxevani_1764_page_10.png_Otsu.png
Component: component_1755610055840_660.png
centerX: 0.3779935275080906
centerY: 0.19831618334892423
width: 0.012297734627831715
height: 0.015902712815715623
Area: 0.00011382866968797018
CentroidX: 0.3839
CentroidY: 0.2062
