Location: internet_13.png_Mean-Closing.png
Component: component_1755088481117_245.png
centerX: 0.7069729947601774
centerY: 0.5511833475905332
width: 0.030229746070133012
height: 0.04020530367835757
Area: 0.0005447732967300845
CentroidX: 0.7218
CentroidY: 0.5704
