Location: Kurtxevani_1794_page_10.png_Mean-Medain.png
Component: component_1755610054886_1149.png
centerX: 0.34365867913500875
centerY: 0.32789775231379464
width: 0.011104617182933957
height: 0.014103129131776113
Area: 9.659324635476406e-05
CentroidX: 0.3487
CentroidY: 0.3349
