Location: Dedata_8.png_Otsu.png
Component: component_1755522187211_65.png
centerX: 0.10927419354838709
centerY: 0.05984611000284981
width: 0.02379032258064516
height: 0.026788258763180393
Area: 0.00010698296546208368
CentroidX: 0.1176
CentroidY: 0.0691
