Location: Dedata_8.png_Mean-Medain.png
Component: component_1755522186735_265.png
centerX: 0.4721774193548387
centerY: 0.5830721003134797
width: 0.025403225806451612
height: 0.03334283271587347
Area: 0.0003484128370365604
CentroidX: 0.4830
CentroidY: 0.6003
