Location: Dedata_8.png_Mean-Medain.png
Component: component_1755522186568_11.png
centerX: 0.5451612903225806
centerY: 0.007979481333713309
width: 0.02903225806451613
height: 0.030208036477628954
Area: 0.00035703122845402144
CentroidX: 0.5572
CentroidY: 0.0232
