Location: Kurtxevani_1764_page_10.png_Otsu.png
Component: component_1755610055839_656.png
centerX: 0.5514563106796116
centerY: 0.19784845650140317
width: 0.013592233009708738
height: 0.017305893358278764
Area: 0.0001350201773426455
CentroidX: 0.5580
CentroidY: 0.2066
