Location: Kurtxevani_1764_page_10.png_Otsu.png
Component: component_1755610055943_1350.png
centerX: 0.41941747572815535
centerY: 0.5336763330215154
width: 0.012297734627831715
height: 0.017305893358278764
Area: 0.00015530347752640614
CentroidX: 0.4250
CentroidY: 0.5420
