Location: internet_13.png_Mean-Closing.png
Component: component_1755088481104_205.png
centerX: 0.8335348649738009
centerY: 0.43997718848018247
width: 0.030229746070133012
height: 0.03649843170801255
Area: 0.0005229363924307773
CentroidX: 0.8486
CentroidY: 0.4572
