Location: Paraklitoni_1720_page_10.png_Mean-Medain.png
Component: component_1755610055310_1046.png
centerX: 0.3643292682926829
centerY: 0.38095238095238093
width: 0.010670731707317074
height: 0.012531328320802004
Area: 9.016443547894125e-05
CentroidX: 0.3692
CentroidY: 0.3871
