Location: Dedata_8.png_Mean-Medain.png
Component: component_1755522186733_261.png
centerX: 0.0657258064516129
centerY: 0.5682530635508692
width: 0.027822580645161292
height: 0.030208036477628954
Area: 0.00032359186975427243
CentroidX: 0.0771
CentroidY: 0.5830
