Location: internet_13.png_Mean-Closing.png
Component: component_1755088481107_217.png
centerX: 0.26320032245062475
centerY: 0.4759053321927573
width: 0.03143893591293833
height: 0.031936127744510975
Area: 0.0004411054668460051
CentroidX: 0.2773
CentroidY: 0.4912
