Location: Dedata_8.png_Mean-Medain.png
Component: component_1755522186596_124.png
centerX: 0.12016129032258065
centerY: 0.27215730977486463
width: 0.028225806451612902
height: 0.032487888287261325
Area: 0.00046930014065214794
CentroidX: 0.1334
CentroidY: 0.2886
