Location: Dedata_8.png_Mean-Closing.png
Component: component_1755522186969_261.png
centerX: 0.519758064516129
centerY: 0.5762325448845825
width: 0.027419354838709678
height: 0.03505272157309775
Area: 0.00036806276946837167
CentroidX: 0.5315
CentroidY: 0.5941
