Location: Dedata_8.png_Mean-Closing.png
Component: component_1755522186927_101.png
centerX: 0.10524193548387097
centerY: 0.2157309774864634
width: 0.032661290322580645
height: 0.03220290681105728
Area: 0.00046378437014497285
CentroidX: 0.1205
CentroidY: 0.2319
