Location: internet_13.png_Mean-Closing.png
Component: component_1755088481045_8.png
centerX: 0.5638855300282144
centerY: 0.0071285999429712005
width: 0.031035872632003223
height: 0.03022526375819789
Area: 0.00039605248534427663
CentroidX: 0.5770
CentroidY: 0.0216
