Location: Dedata_8.png_Otsu.png
Component: component_1755522187458_157.png
centerX: 0.9145161290322581
centerY: 0.22143060701054432
width: 0.03346774193548387
height: 0.03220290681105728
Area: 0.00043838884343485414
CentroidX: 0.9311
CentroidY: 0.2368
