Location: Dedata_8.png_Gaussian-Closing.png
Component: component_1755522187122_303.png
centerX: 0.5637096774193548
centerY: 0.6734112282701624
width: 0.03024193548387097
height: 0.028783129096608722
Area: 0.000337266384136644
CentroidX: 0.5756
CentroidY: 0.6875
