Location: internet_13.png_Mean-Closing.png
Component: component_1755088481092_161.png
centerX: 0.30874647319629184
centerY: 0.32934131736526945
width: 0.030632809351068116
height: 0.03307670373538637
Area: 0.0004931692439385638
CentroidX: 0.3234
CentroidY: 0.3451
