Location: Dedata_8.png_Mean-Closing.png
Component: component_1755522186961_230.png
centerX: 0.23669354838709677
centerY: 0.5089769165004274
width: 0.025403225806451612
height: 0.029068110572812767
Area: 0.0003317506136294689
CentroidX: 0.2481
CentroidY: 0.5238
