Location: Dedata_8.png_Mean-Medain.png
Component: component_1755522186600_139.png
centerX: 0.3536290322580645
centerY: 0.3086349387289826
width: 0.03588709677419355
height: 0.031917925334853235
Area: 0.00047125364270677244
CentroidX: 0.3698
CentroidY: 0.3238
