Location: internet_13.png_Gaussian-Closing.png
Component: component_1755088480539_298.png
centerX: 0.39903264812575573
centerY: 0.6823495865412033
width: 0.028214429665457477
height: 0.038209295694325636
Area: 0.0004869629658745502
CentroidX: 0.4112
CentroidY: 0.7004
