Location: Dedata_8.png_Otsu.png
Component: component_1755522187422_116.png
centerX: 0.9282258064516129
centerY: 0.12396694214876033
width: 0.031451612903225803
height: 0.02792818466799658
Area: 0.00036599435552818097
CentroidX: 0.9439
CentroidY: 0.1381
