Location: Dedata_8.png_Mean-Closing.png
Component: component_1755522186960_227.png
centerX: 0.3245967741935484
centerY: 0.5029923055001425
width: 0.027419354838709678
height: 0.03277286976346538
Area: 0.00037840483916932495
CentroidX: 0.3371
CentroidY: 0.5198
