Location: internet_13.png_Mean-Closing.png
Component: component_1755088481054_41.png
centerX: 0.218863361547763
centerY: 0.0647276874821785
width: 0.027005239822652155
height: 0.026803535785571715
Area: 0.00034651719190742714
CentroidX: 0.2322
CentroidY: 0.0769
