Location: internet_13.png_Mean-Closing.png
Component: component_1755088481088_146.png
centerX: 0.0709391374445788
centerY: 0.29141716566866266
width: 0.02902055622732769
height: 0.03307670373538637
Area: 0.0005029383853356223
CentroidX: 0.0849
CentroidY: 0.3069
