Location: internet_13.png_Mean-Medain.png
Component: component_1755088480983_281.png
centerX: 0.6106408706166868
centerY: 0.609637867122897
width: 0.030229746070133012
height: 0.03934987168520103
Area: 0.0004990307287767989
CentroidX: 0.6243
CentroidY: 0.6276
