Location: Dedata_8.png_Mean-Medain.png
Component: component_1755522186747_283.png
centerX: 0.02379032258064516
centerY: 0.6243944143630664
width: 0.027016129032258064
height: 0.030208036477628954
Area: 0.0003451953042407082
CentroidX: 0.0341
CentroidY: 0.6400
