Location: Dedata_8.png_Mean-Medain.png
Component: component_1755522186602_147.png
centerX: 0.11088709677419355
centerY: 0.322884012539185
width: 0.03225806451612903
height: 0.03562268452550584
Area: 0.0004806764173231966
CentroidX: 0.1243
CentroidY: 0.3396
