Location: internet_13.png_Gaussian-Median.png
Component: component_1755088480813_235.png
centerX: 0.21604191858121724
centerY: 0.47875677216994583
width: 0.02781136638452237
height: 0.032506415739948676
Area: 0.0004119129737300892
CentroidX: 0.2292
CentroidY: 0.4944
