Location: Dedata_8.png_Otsu.png
Component: component_1755522187193_4.png
centerX: 0.49838709677419357
centerY: 0.007409518381305215
width: 0.024193548387096774
height: 0.02963807352522086
Area: 0.00013927320530617124
CentroidX: 0.5058
CentroidY: 0.0179
