Location: Dedata_8.png_Otsu.png
Component: component_1755522187448_128.png
centerX: 0.3495967741935484
centerY: 0.15047021943573669
width: 0.03387096774193549
height: 0.031917925334853235
Area: 0.0004318388659575837
CentroidX: 0.3658
CentroidY: 0.1656
