Location: Dedata_8.png_Otsu.png
Component: component_1755522187469_196.png
centerX: 0.16048387096774194
centerY: 0.3214591051581647
width: 0.031451612903225803
height: 0.03163294385864919
Area: 0.0003920793535516966
CentroidX: 0.1737
CentroidY: 0.3361
