Location: Dedata_8.png_Gaussian-Closing.png
Component: component_1755522187060_65.png
centerX: 0.8709677419354839
centerY: 0.12567683100598462
width: 0.038306451612903226
height: 0.03305785123966942
Area: 0.0004530975647873211
CentroidX: 0.8918
CentroidY: 0.1422
