Location: Dedata_8.png_Otsu.png
Component: component_1755522187501_273.png
centerX: 0.9431451612903226
centerY: 0.48560843545169563
width: 0.027822580645161292
height: 0.03134796238244514
Area: 0.0002880840971143327
CentroidX: 0.9550
CentroidY: 0.5025
