Location: Dedata_8.png_Otsu.png
Component: component_1755522187546_412.png
centerX: 0.6056451612903225
centerY: 0.7922485038472499
width: 0.02258064516129032
height: 0.030777999430037048
Area: 0.0002640675130310078
CentroidX: 0.6156
CentroidY: 0.8092
