Location: internet_13.png_Gaussian-Median.png
Component: component_1755088480597_18.png
centerX: 0.8141878274889157
centerY: 0.012546335899629312
width: 0.02902055622732769
height: 0.028229255774165955
Area: 0.0003089347302975669
CentroidX: 0.8266
CentroidY: 0.0258
