Location: internet_13.png_Mean-Closing.png
Component: component_1755088481126_282.png
centerX: 0.06892382103990327
centerY: 0.6572569147419447
width: 0.03143893591293833
height: 0.02879954376960365
Area: 0.00034812622696106033
CentroidX: 0.0824
CentroidY: 0.6716
