Location: Dedata_8.png_Otsu.png
Component: component_1755522187543_390.png
centerX: 0.2830645161290323
centerY: 0.7546309489883157
width: 0.025806451612903226
height: 0.030777999430037048
Area: 0.0002958981053328308
CentroidX: 0.2945
CentroidY: 0.7697
