Location: Dedata_8.png_Gaussian-Closing.png
Component: component_1755522187058_56.png
centerX: 0.2608870967741935
centerY: 0.10458820176688516
width: 0.031048387096774193
height: 0.031917925334853235
Area: 0.0004116143740979417
CentroidX: 0.2750
CentroidY: 0.1204
