Location: Dedata_8.png_Gaussian-Closing.png
Component: component_1755522187129_325.png
centerX: 0.3903225806451613
centerY: 0.7477913935594186
width: 0.02620967741935484
height: 0.03619264747791394
Area: 0.0003500216034344864
CentroidX: 0.4016
CentroidY: 0.7672
