Location: Dedata_8.png_Gaussian-Closing.png
Component: component_1755522187117_284.png
centerX: 0.505241935483871
centerY: 0.6283841550299231
width: 0.025806451612903226
height: 0.034482758620689655
Area: 0.0003365769128232471
CentroidX: 0.5170
CentroidY: 0.6463
