Location: internet_13.png_Mean-Closing.png
Component: component_1755088481113_231.png
centerX: 0.5151148730350665
centerY: 0.5104077559167379
width: 0.031035872632003223
height: 0.037639007698887936
Area: 0.00048627337942299314
CentroidX: 0.5296
CentroidY: 0.5278
