Location: Dedata_8.png_Mean-Closing.png
Component: component_1755522186913_46.png
centerX: 0.7733870967741936
centerY: 0.08577942433741807
width: 0.03387096774193549
height: 0.03220290681105728
Area: 0.0004464326754244845
CentroidX: 0.7894
CentroidY: 0.1018
