Location: Dedata_8.png_Gaussian-Closing.png
Component: component_1755522187086_175.png
centerX: 0.5814516129032258
centerY: 0.38757480763750357
width: 0.03669354838709677
height: 0.03334283271587347
Area: 0.0004594177184934592
CentroidX: 0.5964
CentroidY: 0.4029
