Location: internet_13.png_Mean-Closing.png
Component: component_1755088481121_264.png
centerX: 0.7686416767432487
centerY: 0.6039349871685201
width: 0.028617492946392584
height: 0.035357855717137156
Area: 0.0005117880781306046
CentroidX: 0.7817
CentroidY: 0.6204
