Location: Dedata_8.png_Otsu.png
Component: component_1755522187196_17.png
centerX: 0.35766129032258065
centerY: 0.00968937019093759
width: 0.031048387096774193
height: 0.028783129096608722
Area: 0.0002894630397411265
CentroidX: 0.3721
CentroidY: 0.0238
