Location: Dedata_8.png_Otsu.png
Component: component_1755522187542_382.png
centerX: 0.6040322580645161
centerY: 0.7341122827016244
width: 0.024596774193548387
height: 0.03619264747791394
Area: 0.00028325779792055453
CentroidX: 0.6146
CentroidY: 0.7536
