Location: Dedata_8.png_Gaussian-Closing.png
Component: component_1755522187071_117.png
centerX: 0.3786290322580645
centerY: 0.2567683100598461
width: 0.035483870967741936
height: 0.03305785123966942
Area: 0.00047056417139337554
CentroidX: 0.3957
CentroidY: 0.2727
