Location: internet_13.png_Mean-Closing.png
Component: component_1755088481055_46.png
centerX: 0.07134220072551391
centerY: 0.07157114342743086
width: 0.026602176541717048
height: 0.02480752780153978
Area: 0.0002707776133114091
CentroidX: 0.0825
CentroidY: 0.0841
