Location: Dedata_8.png_Mean-Medain.png
Component: component_1755522186660_243.png
centerX: 0.46411290322580645
centerY: 0.5292106013109148
width: 0.034274193548387094
height: 0.038472499287546306
Area: 0.00037518730637347284
CentroidX: 0.4770
CentroidY: 0.5490
