Location: Dedata_8.png_Gaussian-Closing.png
Component: component_1755522187055_46.png
centerX: 0.8193548387096774
centerY: 0.08520946138500997
width: 0.032661290322580645
height: 0.034482758620689655
Area: 0.0004393081385193833
CentroidX: 0.8351
CentroidY: 0.1020
