Location: Dedata_8.png_Mean-Closing.png
Component: component_1755522186939_155.png
centerX: 0.4383064516129032
centerY: 0.3525220860644058
width: 0.034274193548387094
height: 0.031062980906241093
Area: 0.0004398826979472141
CentroidX: 0.4542
CentroidY: 0.3679
