Location: Dedata_8.png_Gaussian-Closing.png
Component: component_1755522187050_29.png
centerX: 0.6314516129032258
centerY: 0.04645198062125962
width: 0.02661290322580645
height: 0.03163294385864919
Area: 0.00034668915875306816
CentroidX: 0.6427
CentroidY: 0.0624
