Location: Dedata_8.png_Mean-Medain.png
Component: component_1755522186612_186.png
centerX: 0.25201612903225806
centerY: 0.4132231404958678
width: 0.027822580645161292
height: 0.03505272157309775
Area: 0.0004580387758666654
CentroidX: 0.2642
CentroidY: 0.4310
