Location: Kurtxevani_1764_page_10.png_Otsu.png
Component: component_1755610055829_566.png
centerX: 0.5320388349514563
centerY: 0.16510757717492985
width: 0.012297734627831715
height: 0.017305893358278764
Area: 0.00013744206393175124
CentroidX: 0.5373
CentroidY: 0.1735
