Location: internet_13.png_Gaussian-Closing.png
Component: component_1755088480508_162.png
centerX: 0.41555824264409513
centerY: 0.3219275734245794
width: 0.028617492946392584
height: 0.03307670373538637
Area: 0.00042467032308389496
CentroidX: 0.4293
CentroidY: 0.3374
