Location: Paraklitoni_1720_page_10.png_Mean-Medain.png
Component: component_1755610055538_2122.png
centerX: 0.2888719512195122
centerY: 0.7764411027568923
width: 0.010670731707317074
height: 0.012030075187969926
Area: 7.029769545815758e-05
CentroidX: 0.2943
CentroidY: 0.7824
