Location: Dedata_8.png_Gaussian-Closing.png
Component: component_1755522187107_243.png
centerX: 0.4645161290322581
centerY: 0.5292106013109148
width: 0.03387096774193549
height: 0.038472499287546306
Area: 0.00036587944364261483
CentroidX: 0.4773
CentroidY: 0.5487
