Location: Dedata_8.png_Mean-Medain.png
Component: component_1755522186778_336.png
centerX: 0.8076612903225806
centerY: 0.7760045597036193
width: 0.025806451612903226
height: 0.03277286976346538
Area: 0.00036668382684157787
CentroidX: 0.8192
CentroidY: 0.7929
