Location: internet_13.png_Gaussian-Closing.png
Component: component_1755088480540_302.png
centerX: 0.218863361547763
centerY: 0.6926147704590818
width: 0.030632809351068116
height: 0.04077559167379527
Area: 0.0005518990233961742
CentroidX: 0.2335
CentroidY: 0.7111
