Location: Dedata_8.png_Mean-Closing.png
Component: component_1755522186936_142.png
centerX: 0.16008064516129034
centerY: 0.3211741236819607
width: 0.03185483870967742
height: 0.03220290681105728
Area: 0.0004445940852554261
CentroidX: 0.1737
CentroidY: 0.3362
