Location: Dedata_8.png_Gaussian-Closing.png
Component: component_1755522187070_113.png
centerX: 0.5342741935483871
centerY: 0.24593901396409235
width: 0.03185483870967742
height: 0.03676261043032203
Area: 0.0005197464584156869
CentroidX: 0.5492
CentroidY: 0.2640
