Location: internet_13.png_Gaussian-Median.png
Component: component_1755088480765_167.png
centerX: 0.7251108424022572
centerY: 0.30424864556601083
width: 0.027408303103587262
height: 0.03450242372398061
Area: 0.00044639229630794264
CentroidX: 0.7375
CentroidY: 0.3201
