Location: internet_13.png_Gaussian-Closing.png
Component: component_1755088480543_319.png
centerX: 0.3232567513099557
centerY: 0.7345309381237525
width: 0.030632809351068116
height: 0.035357855717137156
Area: 0.0004890317252292214
CentroidX: 0.3366
CentroidY: 0.7509
