Location: Dedata_8.png_Gaussian-Closing.png
Component: component_1755522187130_329.png
centerX: 0.22701612903225807
centerY: 0.7583357081789683
width: 0.02661290322580645
height: 0.03419777714448561
Area: 0.0003579505235385506
CentroidX: 0.2385
CentroidY: 0.7759
