Location: internet_13.png_Mean-Closing.png
Component: component_1755088481047_17.png
centerX: 0.8141878274889157
centerY: 0.012546335899629312
width: 0.02902055622732769
height: 0.028229255774165955
Area: 0.0003173246987915112
CentroidX: 0.8267
CentroidY: 0.0257
