Location: Dedata_8.png_Gaussian-Closing.png
Component: component_1755522187081_155.png
centerX: 0.5282258064516129
centerY: 0.3456825306355087
width: 0.036290322580645164
height: 0.03362781419207751
Area: 0.0004435598782853308
CentroidX: 0.5423
CentroidY: 0.3613
