Location: internet_13.png_Gaussian-Median.png
Component: component_1755088480600_31.png
centerX: 0.8097541313986296
centerY: 0.04448246364414029
width: 0.032245062474808545
height: 0.03279155973766752
Area: 0.00040651121319289213
CentroidX: 0.8263
CentroidY: 0.0602
