Location: Dedata_8.png_Gaussian-Closing.png
Component: component_1755522187115_275.png
centerX: 0.21854838709677418
centerY: 0.6070105443146195
width: 0.027822580645161292
height: 0.03134796238244514
Area: 0.00032554537180889693
CentroidX: 0.2305
CentroidY: 0.6235
