Location: internet_13.png_Mean-Closing.png
Component: component_1755088481047_18.png
centerX: 0.32285368802902054
centerY: 0.014257199885942401
width: 0.03143893591293833
height: 0.03592814371257485
Area: 0.00046937851135984493
CentroidX: 0.3368
CentroidY: 0.0307
