Location: internet_13.png_Mean-Medain.png
Component: component_1755088480991_319.png
centerX: 0.016122531237404272
centerY: 0.7037353863701169
width: 0.03143893591293833
height: 0.03849443969204448
Area: 0.0005679893739325058
CentroidX: 0.0305
CentroidY: 0.7213
