Location: internet_13.png_Mean-Closing.png
Component: component_1755088481073_99.png
centerX: 0.5340588472390165
centerY: 0.1799258625605931
width: 0.028214429665457477
height: 0.033361847733105215
Area: 0.00042639428921278764
CentroidX: 0.5463
CentroidY: 0.1957
