Location: Dedata_8.png_Mean-Medain.png
Component: component_1755522186780_344.png
centerX: 0.3895161290322581
centerY: 0.799088059276147
width: 0.02943548387096774
height: 0.03419777714448561
Area: 0.000375302218259039
CentroidX: 0.4022
CentroidY: 0.8177
