Location: Dedata_8.png_Otsu.png
Component: component_1755522187483_238.png
centerX: 0.2032258064516129
centerY: 0.4169278996865204
width: 0.028629032258064516
height: 0.033912795668281565
Area: 0.00037783027974149424
CentroidX: 0.2147
CentroidY: 0.4339
