Location: internet_13.png_Mean-Medain.png
Component: component_1755088480958_158.png
centerX: 0.8162031438935913
centerY: 0.3011120615911035
width: 0.02902055622732769
height: 0.03307670373538637
Area: 0.00046524099265050255
CentroidX: 0.8293
CentroidY: 0.3162
