Location: Dedata_8.png_Otsu.png
Component: component_1755522187497_266.png
centerX: 0.10080645161290322
centerY: 0.4702194357366771
width: 0.031451612903225803
height: 0.030208036477628954
Area: 0.0003185357467893619
CentroidX: 0.1126
CentroidY: 0.4850
