Location: internet_13.png_Mean-Closing.png
Component: component_1755088481071_91.png
centerX: 0.9250302297460702
centerY: 0.1645280866837753
width: 0.03143893591293833
height: 0.03592814371257485
Area: 0.0004901810359818165
CentroidX: 0.9395
CentroidY: 0.1813
