Location: Dedata_8.png_Otsu.png
Component: component_1755522187547_415.png
centerX: 0.3903225806451613
centerY: 0.799373040752351
width: 0.027822580645161292
height: 0.03362781419207751
Area: 0.0002740648470752627
CentroidX: 0.4024
CentroidY: 0.8179
