Location: Dedata_8.png_Gaussian-Closing.png
Component: component_1755522187103_230.png
centerX: 0.3245967741935484
centerY: 0.5029923055001425
width: 0.027419354838709678
height: 0.03277286976346538
Area: 0.00036564961987148255
CentroidX: 0.3373
CentroidY: 0.5197
