Location: Kurtxevani_1764_page_10.png_Otsu.png
Component: component_1755610056001_1906.png
centerX: 0.6679611650485436
centerY: 0.8068288119738073
width: 0.013592233009708738
height: 0.017305893358278764
Area: 0.00016256913729372337
CentroidX: 0.6741
CentroidY: 0.8156
