Location: internet_13.png_Mean-Closing.png
Component: component_1755088481115_236.png
centerX: 0.25634824667472794
centerY: 0.5269461077844312
width: 0.027408303103587262
height: 0.03792415169660679
Area: 0.00046765454523095226
CentroidX: 0.2690
CentroidY: 0.5450
