Location: Dedata_8.png_Gaussian-Closing.png
Component: component_1755522187051_30.png
centerX: 0.5806451612903226
centerY: 0.047021943573667714
width: 0.031048387096774193
height: 0.03305785123966942
Area: 0.0003625469989611966
CentroidX: 0.5935
CentroidY: 0.0634
