Location: Dedata_8.png_Otsu.png
Component: component_1755522187480_231.png
centerX: 0.3911290322580645
centerY: 0.40552864063835853
width: 0.031451612903225803
height: 0.03220290681105728
Area: 0.0004104652552422802
CentroidX: 0.4056
CentroidY: 0.4211
