Location: internet_13.png_Mean-Medain.png
Component: component_1755088480984_289.png
centerX: 0.31761386537686415
centerY: 0.630453378956373
width: 0.028214429665457477
height: 0.03307670373538637
Area: 0.0004565062309307797
CentroidX: 0.3293
CentroidY: 0.6464
