Location: Dedata_8.png_Mean-Medain.png
Component: component_1755522186568_10.png
centerX: 0.45161290322580644
centerY: 0.008264462809917356
width: 0.02903225806451613
height: 0.027643203191792535
Area: 0.0003503663390911849
CentroidX: 0.4656
CentroidY: 0.0223
