Location: internet_13.png_Gaussian-Median.png
Component: component_1755088480803_219.png
centerX: 0.060056428859330914
centerY: 0.4376960364984317
width: 0.028617492946392584
height: 0.033361847733105215
Area: 0.00044099053577074563
CentroidX: 0.0750
CentroidY: 0.4539
