Location: internet_13.png_Mean-Medain.png
Component: component_1755088480964_186.png
centerX: 0.6307940346634422
centerY: 0.3678357570573139
width: 0.028214429665457477
height: 0.027088679783290562
Area: 0.0003156007326626186
CentroidX: 0.6422
CentroidY: 0.3819
