Location: Dedata_8.png_Otsu.png
Component: component_1755522187453_146.png
centerX: 0.4959677419354839
centerY: 0.19321744086634368
width: 0.029838709677419355
height: 0.0347677400968937
Area: 0.0004570045688965701
CentroidX: 0.5096
CentroidY: 0.2101
