Location: Paraklitoni_1720_page_10.png_Mean-Medain.png
Component: component_1755610055679_2357.png
centerX: 0.895579268292683
centerY: 0.8601503759398497
width: 0.012195121951219513
height: 0.013533834586466165
Area: 0.00010582859587994377
CentroidX: 0.9012
CentroidY: 0.8667
