Location: Dedata_8.png_Mean-Closing.png
Component: component_1755522186953_207.png
centerX: 0.23346774193548386
centerY: 0.46110002849814763
width: 0.03225806451612903
height: 0.0353377030493018
Area: 0.0003998933617701946
CentroidX: 0.2461
CentroidY: 0.4781
