Location: internet_13.png_Gaussian-Median.png
Component: component_1755088480822_246.png
centerX: 0.6203143893591294
centerY: 0.5052751639577987
width: 0.029826682789197905
height: 0.035642999714856
Area: 0.0004931692439385638
CentroidX: 0.6352
CentroidY: 0.5220
