Location: Dedata_8.png_Mean-Medain.png
Component: component_1755522186587_87.png
centerX: 0.8862903225806451
centerY: 0.17412368196067254
width: 0.03306451612903226
height: 0.03277286976346538
Area: 0.000440572169260611
CentroidX: 0.9005
CentroidY: 0.1897
