Location: Dedata_8.png_Mean-Medain.png
Component: component_1755522186604_154.png
centerX: 0.5782258064516129
centerY: 0.34055286406383584
width: 0.03588709677419355
height: 0.03619264747791394
Area: 0.0004921676058798113
CentroidX: 0.5932
CentroidY: 0.3588
