Location: Dedata_8.png_Mean-Closing.png
Component: component_1755522186990_339.png
centerX: 0.4959677419354839
centerY: 0.7950983186092904
width: 0.02620967741935484
height: 0.03220290681105728
Area: 0.00035438825508600003
CentroidX: 0.5073
CentroidY: 0.8128
