Location: Dedata_8.png_Mean-Closing.png
Component: component_1755522186914_48.png
centerX: 0.6818548387096774
centerY: 0.08919920205186663
width: 0.03951612903225806
height: 0.031917925334853235
Area: 0.00048010185789536583
CentroidX: 0.7008
CentroidY: 0.1052
