Location: internet_13.png_Gaussian-Median.png
Component: component_1755088480833_276.png
centerX: 0.20999596936719064
centerY: 0.5879669232962647
width: 0.028214429665457477
height: 0.03849443969204448
Area: 0.0005305218433979051
CentroidX: 0.2224
CentroidY: 0.6055
