Location: internet_13.png_Gaussian-Closing.png
Component: component_1755088480502_138.png
centerX: 0.6138653768641676
centerY: 0.26204733390362134
width: 0.030229746070133012
height: 0.033361847733105215
Area: 0.00045639129985552014
CentroidX: 0.6277
CentroidY: 0.2774
