Location: Dedata_8.png_Otsu.png
Component: component_1755522187480_229.png
centerX: 0.43790322580645163
centerY: 0.40153889997150183
width: 0.028629032258064516
height: 0.03277286976346538
Area: 0.00040242142325264986
CentroidX: 0.4509
CentroidY: 0.4182
