Location: Dedata_8.png_Mean-Medain.png
Component: component_1755522186610_178.png
centerX: 0.48104838709677417
centerY: 0.39726417782844115
width: 0.03508064516129032
height: 0.03562268452550584
Area: 0.0004929719890787744
CentroidX: 0.4960
CentroidY: 0.4148
