Location: Dedata_8.png_Gaussian-Closing.png
Component: component_1755522187099_212.png
centerX: 0.7221774193548387
centerY: 0.4670846394984326
width: 0.027419354838709678
height: 0.029068110572812767
Area: 0.000294519162706037
CentroidX: 0.7340
CentroidY: 0.4824
