Location: Dedata_8.png_Mean-Closing.png
Component: component_1755522186912_43.png
centerX: 0.910483870967742
centerY: 0.07979481333713309
width: 0.03588709677419355
height: 0.0347677400968937
Area: 0.00047699923698507987
CentroidX: 0.9262
CentroidY: 0.0964
