Location: Dedata_8.png_Gaussian-Closing.png
Component: component_1755522187061_69.png
centerX: 0.6870967741935484
centerY: 0.13251638643488173
width: 0.039112903225806454
height: 0.034482758620689655
Area: 0.00048469833331801174
CentroidX: 0.7062
CentroidY: 0.1492
