Location: internet_13.png_Mean-Medain.png
Component: component_1755088480994_338.png
centerX: 0.17130189439742038
centerY: 0.7479327060165384
width: 0.03385731559854897
height: 0.034787567721699456
Area: 0.0005358086728598426
CentroidX: 0.1862
CentroidY: 0.7642
