Location: Dedata_8.png_Gaussian-Closing.png
Component: component_1755522187122_301.png
centerX: 0.6112903225806452
centerY: 0.6682815616984896
width: 0.03185483870967742
height: 0.03619264747791394
Area: 0.00036633909118487945
CentroidX: 0.6230
CentroidY: 0.6864
