Location: Dedata_8.png_Mean-Medain.png
Component: component_1755522186608_166.png
centerX: 0.19596774193548386
centerY: 0.36819606725562837
width: 0.031048387096774193
height: 0.030493017953833
Area: 0.0004274722143060701
CentroidX: 0.2089
CentroidY: 0.3834
