Location: Paraklitoni_1720_page_10.png_Mean-Medain.png
Component: component_1755610055469_1903.png
centerX: 0.28125
centerY: 0.6922305764411028
width: 0.010670731707317074
height: 0.011528822055137845
Area: 5.8836114676936245e-05
CentroidX: 0.2866
CentroidY: 0.6981
