Location: Dedata_8.png_Otsu.png
Component: component_1755522187465_180.png
centerX: 0.7346774193548387
centerY: 0.280421772584782
width: 0.03064516129032258
height: 0.03305785123966942
Area: 0.0004078222818742588
CentroidX: 0.7499
CentroidY: 0.2961
