Location: Paraklitoni_1720_page_10.png_Mean-Medain.png
Component: component_1755610055288_800.png
centerX: 0.2621951219512195
centerY: 0.2967418546365915
width: 0.010670731707317074
height: 0.012030075187969926
Area: 7.870285469771991e-05
CentroidX: 0.2668
CentroidY: 0.3023
