Location: Dedata_8.png_Otsu.png
Component: component_1755522187510_295.png
centerX: 0.5080645161290323
centerY: 0.5300655457395269
width: 0.025
height: 0.031917925334853235
Area: 0.0002502780867630701
CentroidX: 0.5190
CentroidY: 0.5469
