Location: Dedata_8.png_Mean-Closing.png
Component: component_1755522186977_284.png
centerX: 0.3375
centerY: 0.6432031917925335
width: 0.03790322580645161
height: 0.03305785123966942
Area: 0.00037484257071677436
CentroidX: 0.3523
CentroidY: 0.6588
