Location: internet_13.png_Mean-Medain.png
Component: component_1755088480931_19.png
centerX: 0.32285368802902054
centerY: 0.014257199885942401
width: 0.03143893591293833
height: 0.03592814371257485
Area: 0.00047041289103718053
CentroidX: 0.3369
CentroidY: 0.0307
