Location: Kurtxevani_1764_page_10.png_Otsu.png
Component: component_1755610055831_576.png
centerX: 0.2343042071197411
centerY: 0.166510757717493
width: 0.01423948220064725
height: 0.01637043966323667
Area: 0.00012079159363164921
CentroidX: 0.2411
CentroidY: 0.1756
