Location: internet_13.png_Mean-Medain.png
Component: component_1755088480977_251.png
centerX: 0.11688835147118097
centerY: 0.5360707157114343
width: 0.026602176541717048
height: 0.039064727687482176
Area: 0.00047455040974652297
CentroidX: 0.1287
CentroidY: 0.5547
