Location: Dedata_8.png_Otsu.png
Component: component_1755522187474_209.png
centerX: 0.3903225806451613
centerY: 0.35537190082644626
width: 0.03346774193548387
height: 0.03305785123966942
Area: 0.00039943371422793004
CentroidX: 0.4047
CentroidY: 0.3712
