Location: internet_13.png_Mean-Closing.png
Component: component_1755088481066_73.png
centerX: 0.8202337767029424
centerY: 0.1223267750213858
width: 0.02781136638452237
height: 0.032506415739948676
Area: 0.0004508746082430636
CentroidX: 0.8333
CentroidY: 0.1377
