Location: internet_13.png_Mean-Medain.png
Component: component_1755088480971_219.png
centerX: 0.7807335751713019
centerY: 0.44339891645280866
width: 0.02781136638452237
height: 0.037639007698887936
Area: 0.0004827105160899483
CentroidX: 0.7939
CentroidY: 0.4614
