Location: internet_13.png_Mean-Closing.png
Component: component_1755088481096_178.png
centerX: 0.31519548569125355
centerY: 0.3798118049615056
width: 0.029423619508262798
height: 0.036213287710293696
Area: 0.00048822720770240485
CentroidX: 0.3284
CentroidY: 0.3972
