Location: Dedata_8.png_Gaussian-Closing.png
Component: component_1755522187106_236.png
centerX: 0.14798387096774193
centerY: 0.51268167569108
width: 0.03185483870967742
height: 0.029923055001424906
Area: 0.0003458847755541051
CentroidX: 0.1600
CentroidY: 0.5270
