Location: internet_13.png_Gaussian-Median.png
Component: component_1755088480736_159.png
centerX: 0.1656590084643289
centerY: 0.28999144568006846
width: 0.02781136638452237
height: 0.035642999714856
Area: 0.00047834313523008684
CentroidX: 0.1780
CentroidY: 0.3064
