Location: internet_13.png_Mean-Closing.png
Component: component_1755088481085_135.png
centerX: 0.8170092704554615
centerY: 0.2623324779013402
width: 0.029423619508262798
height: 0.03279155973766752
Area: 0.0005021338678088057
CentroidX: 0.8314
CentroidY: 0.2779
