Location: internet_13.png_Mean-Medain.png
Component: component_1755088480938_58.png
centerX: 0.7053607416364369
centerY: 0.08155118334759054
width: 0.029423619508262798
height: 0.03421727972626176
Area: 0.0004661604412525786
CentroidX: 0.7192
CentroidY: 0.0968
