Location: Dedata_8.png_Gaussian-Closing.png
Component: component_1755522187104_233.png
centerX: 0.23669354838709677
centerY: 0.5089769165004274
width: 0.025403225806451612
height: 0.029068110572812767
Area: 0.00031934012998832494
CentroidX: 0.2482
CentroidY: 0.5237
