Location: Dedata_8.png_Otsu.png
Component: component_1755522187215_96.png
centerX: 0.9108870967741935
centerY: 0.08007979481333713
width: 0.03508064516129032
height: 0.03419777714448561
Area: 0.0004212669724854981
CentroidX: 0.9259
CentroidY: 0.0963
