Location: Dedata_8.png_Otsu.png
Component: component_1755522187531_352.png
centerX: 0.8165322580645161
centerY: 0.6528925619834711
width: 0.02338709677419355
height: 0.033912795668281565
Area: 0.0002779718511845117
CentroidX: 0.8266
CentroidY: 0.6703
