Location: internet_13.png_Mean-Closing.png
Component: component_1755088481106_212.png
centerX: 0.5239822652156388
centerY: 0.46335899629312804
width: 0.026602176541717048
height: 0.03649843170801255
Area: 0.00048420462006832195
CentroidX: 0.5362
CentroidY: 0.4804
