Location: Paraklitoni_1720_page_10.png_Mean-Medain.png
Component: component_1755610055693_2636.png
centerX: 0.7469512195121951
centerY: 0.9593984962406015
width: 0.012195121951219513
height: 0.015538847117794486
Area: 7.029769545815758e-05
CentroidX: 0.7526
CentroidY: 0.9663
