Location: Dedata_8.png_Mean-Closing.png
Component: component_1755522186986_324.png
centerX: 0.28266129032258064
centerY: 0.7540609860359077
width: 0.027016129032258064
height: 0.03163294385864919
Area: 0.000398629331028967
CentroidX: 0.2946
CentroidY: 0.7700
