Location: Kurtxevani_1764_page_10.png_Otsu.png
Component: component_1755610055971_1587.png
centerX: 0.601294498381877
centerY: 0.657156220767072
width: 0.011650485436893204
height: 0.014967259120673527
Area: 9.62699919169535e-05
CentroidX: 0.6061
CentroidY: 0.6655
