Location: internet_13.png_Mean-Closing.png
Component: component_1755088481088_147.png
centerX: 0.019750100765820233
centerY: 0.29227259766181923
width: 0.028617492946392584
height: 0.033361847733105215
Area: 0.0004906407602828546
CentroidX: 0.0332
CentroidY: 0.3077
