Location: Dedata_8.png_Gaussian-Closing.png
Component: component_1755522187103_227.png
centerX: 0.37661290322580643
centerY: 0.49672271302365345
width: 0.025403225806451612
height: 0.03419777714448561
Area: 0.0003639259415879903
CentroidX: 0.3880
CentroidY: 0.5142
