Location: internet_13.png_Gaussian-Median.png
Component: component_1755088480684_145.png
centerX: 0.6634421604191858
centerY: 0.25976618192187056
width: 0.02902055622732769
height: 0.03307670373538637
Area: 0.00047156220178977567
CentroidX: 0.6767
CentroidY: 0.2750
