Location: Dedata_8.png_Gaussian-Closing.png
Component: component_1755522187122_302.png
centerX: 0.03185483870967742
centerY: 0.6699914505557139
width: 0.029838709677419355
height: 0.03419777714448561
Area: 0.0003576057878818522
CentroidX: 0.0443
CentroidY: 0.6891
