Location: internet_13.png_Mean-Medain.png
Component: component_1755088480974_231.png
centerX: 0.11487303506650544
centerY: 0.4853150841174793
width: 0.02781136638452237
height: 0.036213287710293696
Area: 0.0004881122766271453
CentroidX: 0.1277
CentroidY: 0.5018
