Location: Dedata_8.png_Gaussian-Closing.png
Component: component_1755522187100_215.png
centerX: 0.10080645161290322
centerY: 0.4699344542604731
width: 0.031451612903225803
height: 0.030777999430037048
Area: 0.0003573759641107199
CentroidX: 0.1128
CentroidY: 0.4850
