Location: Dedata_8.png_Mean-Medain.png
Component: component_1755522186617_203.png
centerX: 0.4181451612903226
centerY: 0.45141065830721006
width: 0.021774193548387097
height: 0.030208036477628954
Area: 0.0003283032570624845
CentroidX: 0.4269
CentroidY: 0.4663
