Location: Dedata_8.png_Otsu.png
Component: component_1755522187537_373.png
centerX: 0.9540322580645161
centerY: 0.7124536905101169
width: 0.020967741935483872
height: 0.03505272157309775
Area: 0.0002687789003392199
CentroidX: 0.9634
CentroidY: 0.7319
