Location: Kurtxevani_1794_page_10.png_Mean-Medain.png
Component: component_1755610055039_1994.png
centerX: 0.2396259497369959
centerY: 0.6205376817981489
width: 0.015780245470485097
height: 0.021154693697664168
Area: 0.00016124632591488615
CentroidX: 0.2462
CentroidY: 0.6312
