Location: Dedata_8.png_Mean-Medain.png
Component: component_1755522186600_140.png
centerX: 0.3096774193548387
centerY: 0.31176973496722715
width: 0.032661290322580645
height: 0.032487888287261325
Area: 0.0004721729377913016
CentroidX: 0.3257
CentroidY: 0.3275
