Location: Dedata_8.png_Mean-Medain.png
Component: component_1755522186578_49.png
centerX: 0.728225806451613
centerY: 0.08691935024223425
width: 0.03669354838709677
height: 0.03334283271587347
Area: 0.00046861066933875104
CentroidX: 0.7457
CentroidY: 0.1028
