Location: Dedata_8.png_Mean-Medain.png
Component: component_1755522186641_221.png
centerX: 0.942741935483871
centerY: 0.48503847249928755
width: 0.028629032258064516
height: 0.032487888287261325
Area: 0.0003579505235385506
CentroidX: 0.9554
CentroidY: 0.5028
