Location: Dedata_8.png_Mean-Medain.png
Component: component_1755522186736_267.png
centerX: 0.3689516129032258
centerY: 0.5930464519806212
width: 0.025806451612903226
height: 0.03362781419207751
Area: 0.0003662241792993133
CentroidX: 0.3803
CentroidY: 0.6098
