Location: internet_13.png_Mean-Closing.png
Component: component_1755088481115_237.png
centerX: 0.20959290608625555
centerY: 0.5295124037639007
width: 0.028214429665457477
height: 0.03706871970345024
Area: 0.0005039727650129579
CentroidX: 0.2224
CentroidY: 0.5465
