Location: Dedata_8.png_Otsu.png
Component: component_1755522187537_372.png
centerX: 0.9048387096774193
centerY: 0.7124536905101169
width: 0.02379032258064516
height: 0.03676261043032203
Area: 0.00028670515448753897
CentroidX: 0.9153
CentroidY: 0.7330
