Location: internet_13.png_Mean-Medain.png
Component: component_1755088480944_86.png
centerX: 0.5695284159613059
centerY: 0.13344739093242086
width: 0.030229746070133012
height: 0.03222127174222983
Area: 0.0004488058488883924
CentroidX: 0.5835
CentroidY: 0.1482
