Location: Dedata_8.png_Gaussian-Closing.png
Component: component_1755522187108_247.png
centerX: 0.9608870967741936
centerY: 0.5394699344542605
width: 0.02338709677419355
height: 0.03334283271587347
Area: 0.00029348495573594167
CentroidX: 0.9719
CentroidY: 0.5581
