Location: internet_13.png_Gaussian-Median.png
Component: component_1755088480836_280.png
centerX: 0.06852075775896815
centerY: 0.5956658112346735
width: 0.026199113260781944
height: 0.03735386370116909
Area: 0.0004938588303901209
CentroidX: 0.0806
CentroidY: 0.6132
