Location: internet_13.png_Mean-Closing.png
Component: component_1755088481129_295.png
centerX: 0.35832325675130994
centerY: 0.6852010265183918
width: 0.026199113260781944
height: 0.03792415169660679
Area: 0.0004936289682396019
CentroidX: 0.3700
CentroidY: 0.7025
