Location: Dedata_8.png_Mean-Medain.png
Component: component_1755522186580_57.png
centerX: 0.2608870967741935
centerY: 0.10458820176688516
width: 0.031048387096774193
height: 0.031917925334853235
Area: 0.0004279318618483347
CentroidX: 0.2748
CentroidY: 0.1204
