Location: Dedata_8.png_Gaussian-Closing.png
Component: component_1755522187078_142.png
centerX: 0.95
centerY: 0.3146195497292676
width: 0.027822580645161292
height: 0.032487888287261325
Area: 0.00036346629404572576
CentroidX: 0.9629
CentroidY: 0.3314
