Location: Dedata_8.png_Gaussian-Closing.png
Component: component_1755522187132_339.png
centerX: 0.7068548387096775
centerY: 0.7842690225135366
width: 0.024596774193548387
height: 0.03305785123966942
Area: 0.0003323251730572997
CentroidX: 0.7179
CentroidY: 0.8019
