Location: internet_13.png_Gaussian-Median.png
Component: component_1755088480847_289.png
centerX: 0.5082627972591697
centerY: 0.6167664670658682
width: 0.026199113260781944
height: 0.03706871970345024
Area: 0.00045029995286676605
CentroidX: 0.5198
CentroidY: 0.6357
