Location: Dedata_8.png_Otsu.png
Component: component_1755522187195_13.png
centerX: 0.11612903225806452
centerY: 0.009119407238529496
width: 0.02903225806451613
height: 0.02792818466799658
Area: 0.00022189485102823154
CentroidX: 0.1252
CentroidY: 0.0196
