Location: internet_13.png_Mean-Medain.png
Component: component_1755088480986_301.png
centerX: 0.6251511487303507
centerY: 0.6686626746506986
width: 0.02781136638452237
height: 0.03706871970345024
Area: 0.0004567360930812987
CentroidX: 0.6375
CentroidY: 0.6866
