Location: Dedata_8.png_Mean-Medain.png
Component: component_1755522186741_272.png
centerX: 0.8141129032258064
centerY: 0.6021658592191508
width: 0.022983870967741935
height: 0.030493017953833
Area: 0.00031600768530690664
CentroidX: 0.8242
CentroidY: 0.6178
