Location: internet_13.png_Mean-Closing.png
Component: component_1755088481103_200.png
centerX: 0.16686819830713423
centerY: 0.4328485885372113
width: 0.025796049979846837
height: 0.03450242372398061
Area: 0.00046960837351036396
CentroidX: 0.1785
CentroidY: 0.4497
