Location: internet_13.png_Gaussian-Closing.png
Component: component_1755088480525_239.png
centerX: 0.31035872632003225
centerY: 0.5218135158254918
width: 0.029826682789197905
height: 0.03649843170801255
Area: 0.000459724301038046
CentroidX: 0.3243
CentroidY: 0.5391
