Location: Dedata_8.png_Otsu.png
Component: component_1755522187473_207.png
centerX: 0.4846774193548387
centerY: 0.34967227130236533
width: 0.032661290322580645
height: 0.03220290681105728
Area: 0.0004131082286103016
CentroidX: 0.4990
CentroidY: 0.3652
