Location: Dedata_8.png_Gaussian-Closing.png
Component: component_1755522187065_87.png
centerX: 0.8306451612903226
centerY: 0.17469364491308065
width: 0.039112903225806454
height: 0.03419777714448561
Area: 0.0005083701817446382
CentroidX: 0.8485
CentroidY: 0.1910
