Location: internet_13.png_Gaussian-Closing.png
Component: component_1755088480500_127.png
centerX: 0.2587666263603386
centerY: 0.24037639007698888
width: 0.025796049979846837
height: 0.02879954376960365
Area: 0.00038731772362455376
CentroidX: 0.2706
CentroidY: 0.2534
