Location: internet_13.png_Gaussian-Median.png
Component: component_1755088480642_127.png
centerX: 0.6715034260378879
centerY: 0.21870544625035643
width: 0.030632809351068116
height: 0.03279155973766752
Area: 0.0004629423711453123
CentroidX: 0.6853
CentroidY: 0.2340
