Location: Dedata_8.png_Mean-Medain.png
Component: component_1755522186606_160.png
centerX: 0.33588709677419354
centerY: 0.3585066970646908
width: 0.035483870967741936
height: 0.03562268452550584
Area: 0.0004815957124077258
CentroidX: 0.3503
CentroidY: 0.3753
