Location: internet_13.png_Gaussian-Median.png
Component: component_1755088480779_178.png
centerX: 0.16807738814993953
centerY: 0.3333333333333333
width: 0.024586860137041516
height: 0.03507271171941831
Area: 0.00043340508480361784
CentroidX: 0.1799
CentroidY: 0.3506
