Location: internet_13.png_Gaussian-Closing.png
Component: component_1755088480528_252.png
centerX: 0.6118500604594922
centerY: 0.559167379526661
width: 0.02902055622732769
height: 0.039064727687482176
Area: 0.0004901810359818165
CentroidX: 0.6250
CentroidY: 0.5774
