Location: internet_13.png_Gaussian-Closing.png
Component: component_1755088480487_74.png
centerX: 0.018540910923014912
centerY: 0.11377245508982035
width: 0.023377670294236194
height: 0.026518391787852865
Area: 0.0002457226389048356
CentroidX: 0.0286
CentroidY: 0.1279
