Location: Dedata_8.png_Mean-Closing.png
Component: component_1755522186976_283.png
centerX: 0.39556451612903226
centerY: 0.6372185807922485
width: 0.034274193548387094
height: 0.03590766600170989
Area: 0.00040115739251142226
CentroidX: 0.4093
CentroidY: 0.6544
