Location: internet_13.png_Gaussian-Closing.png
Component: component_1755088480489_82.png
centerX: 0.5699314792422411
centerY: 0.13344739093242086
width: 0.029826682789197905
height: 0.03222127174222983
Area: 0.00043742767243770073
CentroidX: 0.5835
CentroidY: 0.1483
