Location: Dedata_8.png_Mean-Closing.png
Component: component_1755522186919_67.png
centerX: 0.7846774193548387
centerY: 0.12966657167284126
width: 0.03185483870967742
height: 0.034482758620689655
Area: 0.0004587282471800623
CentroidX: 0.8009
CentroidY: 0.1466
