Location: Dedata_8.png_Gaussian-Closing.png
Component: component_1755522187095_195.png
centerX: 0.6266129032258064
centerY: 0.43089199202051864
width: 0.027822580645161292
height: 0.030208036477628954
Area: 0.00035346896000147085
CentroidX: 0.6382
CentroidY: 0.4458
