Location: Dedata_31.png_Mean-Closing.png
Component: component_1755503061366_188.png
centerX: 0.5592741935483871
centerY: 0.33713308634938727
width: 0.03306451612903226
height: 0.028498147620404674
Area: 0.0003031375541234981
CentroidX: 0.5765
CentroidY: 0.3531
