Location: Dedata_31.png_Otsu.png
Component: component_1755503061564_443.png
centerX: 0.38548387096774195
centerY: 0.43573667711598746
width: 0.03387096774193549
height: 0.03134796238244514
Area: 0.00034956195589222185
CentroidX: 0.4025
CentroidY: 0.4520
