Location: Dedata_31.png_Mean-Closing.png
Component: component_1755503061269_16.png
centerX: 0.7560483870967742
centerY: 0.005699629524080934
width: 0.027419354838709678
height: 0.0262182958107723
Area: 0.00030784894143171015
CentroidX: 0.7687
CentroidY: 0.0190
