Location: Dedata_31.png_Gaussian-Closing.png
Component: component_1755503061908_24.png
centerX: 0.9112903225806451
centerY: 0.04189227700199487
width: 0.02620967741935484
height: 0.03220290681105728
Area: 0.00031934012998832494
CentroidX: 0.9248
CentroidY: 0.0577
