Location: Dedata_31.png_Gaussian-Closing.png
Component: component_1755503061922_69.png
centerX: 0.1157258064516129
centerY: 0.09318894271872329
width: 0.027822580645161292
height: 0.02792818466799658
Area: 0.00028716480202980354
CentroidX: 0.1321
CentroidY: 0.1071
