Location: internet_2.png_Gaussian-Median.png
Component: component_1755095280870_238.png
centerX: 0.5973397823458283
centerY: 0.6250356429997148
width: 0.03305118903667876
height: 0.03222127174222983
Area: 0.00040306328093510683
CentroidX: 0.6148
CentroidY: 0.6412
