Location: Dedata_31.png_Mean-Closing.png
Component: component_1755503061382_257.png
centerX: 0.22822580645161292
centerY: 0.487888287261328
width: 0.0407258064516129
height: 0.027643203191792535
Area: 0.0003448505685840098
CentroidX: 0.2502
CentroidY: 0.5018
