Location: internet_2.png_Mean-Medain.png
Component: component_1755095281618_32.png
centerX: 0.7376058041112454
centerY: 0.071285999429712
width: 0.02902055622732769
height: 0.03279155973766752
Area: 0.0003866281371729967
CentroidX: 0.7543
CentroidY: 0.0878
