Location: internet_2.png_Mean-Medain.png
Component: component_1755095281621_40.png
centerX: 0.2599758162031439
centerY: 0.08582834331337326
width: 0.03829101168883515
height: 0.03450242372398061
Area: 0.0005515542301703957
CentroidX: 0.2821
CentroidY: 0.1033
