Location: internet_2.png_Mean-Medain.png
Component: component_1755095281675_265.png
centerX: 0.5937122128174124
centerY: 0.7299686341602509
width: 0.03385731559854897
height: 0.03307670373538637
Area: 0.00047523999619808005
CentroidX: 0.6129
CentroidY: 0.7471
