Location: Dedata_31.png_Mean-Medain.png
Component: component_1755503060928_83.png
centerX: 0.7
centerY: 0.12111712738671987
width: 0.02379032258064516
height: 0.028783129096608722
Area: 0.0003018735233822705
CentroidX: 0.7124
CentroidY: 0.1367
