Location: Dedata_31.png_Otsu.png
Component: component_1755503061632_526.png
centerX: 0.45120967741935486
centerY: 0.5314904531205472
width: 0.03669354838709677
height: 0.03163294385864919
Area: 0.0003258901074655954
CentroidX: 0.4687
CentroidY: 0.5488
