Location: Dedata_31.png_Otsu.png
Component: component_1755503061566_447.png
centerX: 0.3342741935483871
centerY: 0.4397264177828441
width: 0.03870967741935484
height: 0.030777999430037048
Area: 0.0003530093124592063
CentroidX: 0.3545
CentroidY: 0.4552
