Location: internet_2.png_Mean-Medain.png
Component: component_1755095281630_65.png
centerX: 0.8399838774687626
centerY: 0.14941545480467636
width: 0.03184199919387344
height: 0.031080695751354435
Area: 0.0004330602915778393
CentroidX: 0.8586
CentroidY: 0.1654
