Location: internet_2.png_Mean-Medain.png
Component: component_1755095281661_204.png
centerX: 0.10600564288593309
centerY: 0.5531793555745651
width: 0.03466344216041919
height: 0.030795551753635585
Area: 0.0004278883931911613
CentroidX: 0.1257
CentroidY: 0.5693
