Location: Dedata_31.png_Gaussian-Closing.png
Component: component_1755503061989_339.png
centerX: 0.9241935483870968
centerY: 0.7019093758905671
width: 0.04032258064516129
height: 0.03163294385864919
Area: 0.0005295139686888094
CentroidX: 0.9469
CentroidY: 0.7185
