Location: Dedata_31.png_Mean-Closing.png
Component: component_1755503061379_242.png
centerX: 0.8024193548387096
centerY: 0.46850954687945284
width: 0.038306451612903226
height: 0.030493017953833
Area: 0.0003335892037985273
CentroidX: 0.8234
CentroidY: 0.4840
