Location: Dedata_31.png_Gaussian-Closing.png
Component: component_1755503061923_74.png
centerX: 0.9262096774193549
centerY: 0.11570247933884298
width: 0.02217741935483871
height: 0.024793388429752067
Area: 0.0002740648470752627
CentroidX: 0.9374
CentroidY: 0.1293
