Location: internet_2.png_Gaussian-Median.png
Component: component_1755095280880_276.png
centerX: 0.7710600564288593
centerY: 0.7254063301967494
width: 0.028617492946392584
height: 0.03222127174222983
Area: 0.00042467032308389496
CentroidX: 0.7871
CentroidY: 0.7412
