Location: Dedata_31.png_Mean-Closing.png
Component: component_1755503061407_343.png
centerX: 0.43548387096774194
centerY: 0.7115987460815048
width: 0.04032258064516129
height: 0.033912795668281565
Area: 0.0005011307329539709
CentroidX: 0.4561
CentroidY: 0.7287
