Location: Dedata_31.png_Mean-Closing.png
Component: component_1755503061379_240.png
centerX: 0.8931451612903226
centerY: 0.46394984326018807
width: 0.0375
height: 0.029923055001424906
Area: 0.00031279015251105453
CentroidX: 0.9140
CentroidY: 0.4799
