Location: Dedata_31.png_Gaussian-Closing.png
Component: component_1755503061990_342.png
centerX: 0.6931451612903226
centerY: 0.7050441721288117
width: 0.03588709677419355
height: 0.03362781419207751
Area: 0.0005259517002362588
CentroidX: 0.7123
CentroidY: 0.7223
