Location: internet_2.png_Mean-Medain.png
Component: component_1755095281675_264.png
centerX: 0.6533655783958081
centerY: 0.7291132021670944
width: 0.03184199919387344
height: 0.03279155973766752
Area: 0.00047225178824133275
CentroidX: 0.6711
CentroidY: 0.7453
