Location: Dedata_31.png_Mean-Medain.png
Component: component_1755503061005_370.png
centerX: 0.7600806451612904
centerY: 0.7520661157024794
width: 0.04153225806451613
height: 0.0353377030493018
Area: 0.0005297437924599417
CentroidX: 0.7819
CentroidY: 0.7701
