Location: Dedata_31.png_Mean-Closing.png
Component: component_1755503061380_245.png
centerX: 0.6495967741935483
centerY: 0.4762040467369621
width: 0.03508064516129032
height: 0.029068110572812767
Area: 0.00031807609924709734
CentroidX: 0.6673
CentroidY: 0.4910
