Location: Dedata_31.png_Mean-Closing.png
Component: component_1755503061400_325.png
centerX: 0.3294354838709677
centerY: 0.6654317469364491
width: 0.031048387096774193
height: 0.029923055001424906
Area: 0.0003143989189089806
CentroidX: 0.3457
CentroidY: 0.6815
