Location: internet_2.png_Mean-Medain.png
Component: component_1755095281654_175.png
centerX: 0.7492946392583636
centerY: 0.4585115483319076
width: 0.03385731559854897
height: 0.031080695751354435
Area: 0.00041064873190223457
CentroidX: 0.7683
CentroidY: 0.4746
