Location: Dedata_31.png_Mean-Medain.png
Component: component_1755503060960_199.png
centerX: 0.46088709677419354
centerY: 0.3396979196352237
width: 0.03024193548387097
height: 0.030777999430037048
Area: 0.0002693534597670506
CentroidX: 0.4771
CentroidY: 0.3553
