Location: internet_2.png_Mean-Medain.png
Component: component_1755095281670_245.png
centerX: 0.045949214026602174
centerY: 0.6689478186484175
width: 0.032245062474808545
height: 0.028514399771884802
Area: 0.00042501511630967353
CentroidX: 0.0642
CentroidY: 0.6827
