Location: internet_2.png_Mean-Closing.png
Component: component_1755095281160_189.png
centerX: 0.46795646916565903
centerY: 0.47818648417450815
width: 0.03829101168883515
height: 0.03136583974907328
Area: 0.00047029795996192104
CentroidX: 0.4892
CentroidY: 0.4940
