Location: Dedata_31.png_Mean-Closing.png
Component: component_1755503061383_258.png
centerX: 0.8951612903225806
centerY: 0.5115417497862639
width: 0.036290322580645164
height: 0.03134796238244514
Area: 0.0003715101260353561
CentroidX: 0.9150
CentroidY: 0.5285
