Location: Dedata_31.png_Otsu.png
Component: component_1755503061539_294.png
centerX: 0.5560483870967742
centerY: 0.28612140210886294
width: 0.03185483870967742
height: 0.0353377030493018
Area: 0.00030922788405850395
CentroidX: 0.5723
CentroidY: 0.3044
