Location: internet_2.png_Mean-Closing.png
Component: component_1755095281252_235.png
centerX: 0.701733172108021
centerY: 0.6164813230681494
width: 0.035872632003224506
height: 0.03222127174222983
Area: 0.00041628035458995066
CentroidX: 0.7215
CentroidY: 0.6335
