Location: internet_2.png_Mean-Closing.png
Component: component_1755095281272_251.png
centerX: 0.7162434502216848
centerY: 0.6669518106643855
width: 0.030632809351068116
height: 0.030795551753635585
Area: 0.0004005347972793976
CentroidX: 0.7332
CentroidY: 0.6829
