Location: internet_2.png_Mean-Medain.png
Component: component_1755095281668_237.png
centerX: 0.16444981862152358
centerY: 0.6572569147419447
width: 0.03667875856509472
height: 0.03507271171941831
Area: 0.0004859285861972146
CentroidX: 0.1853
CentroidY: 0.6748
