Location: Dedata_31.png_Otsu.png
Component: component_1755503061544_307.png
centerX: 0.15685483870967742
centerY: 0.30407523510971785
width: 0.014919354838709677
height: 0.02963807352522086
Area: 0.00011410750236718485
CentroidX: 0.1665
CentroidY: 0.3198
