Location: Dedata_31.png_Mean-Medain.png
Component: component_1755503061006_372.png
centerX: 0.6419354838709678
centerY: 0.7529210601310915
width: 0.03951612903225806
height: 0.03277286976346538
Area: 0.0004863070997159378
CentroidX: 0.6617
CentroidY: 0.7712
