Location: Dedata_31.png_Mean-Medain.png
Component: component_1755503060932_101.png
centerX: 0.9306451612903226
centerY: 0.1573097748646338
width: 0.02379032258064516
height: 0.029923055001424906
Area: 0.0002690087241103522
CentroidX: 0.9429
CentroidY: 0.1728
