Location: Dedata_31.png_Otsu.png
Component: component_1755503061494_28.png
centerX: 0.8721774193548387
centerY: 0.04160729552579082
width: 0.020967741935483872
height: 0.03134796238244514
Area: 0.0002575175355537374
CentroidX: 0.8829
CentroidY: 0.0577
