Location: Dedata_31.png_Mean-Medain.png
Component: component_1755503060913_28.png
centerX: 0.9524193548387097
centerY: 0.04189227700199487
width: 0.022983870967741935
height: 0.032487888287261325
Area: 0.00031979977753058956
CentroidX: 0.9640
CentroidY: 0.0582
