Location: internet_2.png_Gaussian-Median.png
Component: component_1755095280828_74.png
centerX: 0.44014510278113667
centerY: 0.17194183062446536
width: 0.02902055622732769
height: 0.033361847733105215
Area: 0.0004260494959870091
CentroidX: 0.4565
CentroidY: 0.1884
