Location: Dedata_31.png_Mean-Medain.png
Component: component_1755503061006_373.png
centerX: 0.694758064516129
centerY: 0.7540609860359077
width: 0.05120967741935484
height: 0.032487888287261325
Area: 0.0005682392741246013
CentroidX: 0.7211
CentroidY: 0.7706
