Location: Dedata_31.png_Otsu.png
Component: component_1755503061585_473.png
centerX: 0.22822580645161292
centerY: 0.487888287261328
width: 0.04032258064516129
height: 0.027643203191792535
Area: 0.00028452182866178213
CentroidX: 0.2500
CentroidY: 0.5014
