Location: Dedata_31.png_Gaussian-Closing.png
Component: component_1755503061963_242.png
centerX: 0.06854838709677419
centerY: 0.445141065830721
width: 0.031451612903225803
height: 0.024793388429752067
Area: 0.00032657957877899225
CentroidX: 0.0866
CentroidY: 0.4577
