Location: Dedata_31.png_Gaussian-Closing.png
Component: component_1755503061957_213.png
centerX: 0.5116935483870968
centerY: 0.38387004844685096
width: 0.03669354838709677
height: 0.032487888287261325
Area: 0.0004933167247354729
CentroidX: 0.5289
CentroidY: 0.4013
