Location: Dedata_31.png_Mean-Closing.png
Component: component_1755503061370_205.png
centerX: 0.7979838709677419
centerY: 0.37475064120832147
width: 0.03387096774193549
height: 0.028783129096608722
Area: 0.00036174261576223354
CentroidX: 0.8157
CentroidY: 0.3898
