Location: Dedata_31.png_Gaussian-Closing.png
Component: component_1755503061917_49.png
centerX: 0.8346774193548387
centerY: 0.07751496152750072
width: 0.020967741935483872
height: 0.029353092049016812
Area: 0.00017799851074196306
CentroidX: 0.8496
CentroidY: 0.0948
