Location: Paraklitoni_1720_page_10.png_Mean-Medain.png
Component: component_1755610055291_827.png
centerX: 0.30259146341463417
centerY: 0.30275689223057645
width: 0.019817073170731708
height: 0.013032581453634085
Area: 0.0001230209670517758
CentroidX: 0.3115
CentroidY: 0.3082
