Location: Dedata_31.png_Gaussian-Closing.png
Component: component_1755503061904_13.png
centerX: 0.8036290322580645
centerY: 0.004274722143060701
width: 0.02903225806451613
height: 0.02707324023938444
Area: 0.0003050910561781226
CentroidX: 0.8190
CentroidY: 0.0178
