Location: Dedata_31.png_Mean-Medain.png
Component: component_1755503060976_272.png
centerX: 0.9435483870967742
centerY: 0.5146765460245084
width: 0.03064516129032258
height: 0.02792818466799658
Area: 0.00030198843526783664
CentroidX: 0.9600
CentroidY: 0.5291
