Location: Dedata_31.png_Mean-Closing.png
Component: component_1755503061394_306.png
centerX: 0.40080645161290324
centerY: 0.6169848959817612
width: 0.03588709677419355
height: 0.031062980906241093
Area: 0.0003571461403395876
CentroidX: 0.4206
CentroidY: 0.6329
