Location: Dedata_31.png_Otsu.png
Component: component_1755503061555_429.png
centerX: 0.11088709677419355
centerY: 0.3969791963522371
width: 0.034274193548387094
height: 0.031062980906241093
Area: 0.00035197510548911097
CentroidX: 0.1295
CentroidY: 0.4121
