Location: Dedata_31.png_Gaussian-Closing.png
Component: component_1755503061911_34.png
centerX: 0.380241935483871
centerY: 0.04673696209746366
width: 0.02903225806451613
height: 0.030777999430037048
Area: 0.0003181910111326635
CentroidX: 0.3965
CentroidY: 0.0630
