Location: internet_2.png_Mean-Closing.png
Component: component_1755095281018_168.png
centerX: 0.6876259572752922
centerY: 0.41402908468776733
width: 0.03143893591293833
height: 0.03165098374679213
Area: 0.0004119129737300892
CentroidX: 0.7054
CentroidY: 0.4304
