Location: Dedata_31.png_Mean-Medain.png
Component: component_1755503060936_117.png
centerX: 0.25766129032258067
centerY: 0.17155884867483615
width: 0.02661290322580645
height: 0.0262182958107723
Area: 0.0003033673778946304
CentroidX: 0.2723
CentroidY: 0.1860
