Location: internet_2.png_Mean-Closing.png
Component: component_1755095280947_51.png
centerX: 0.45949214026602175
centerY: 0.07984031936127745
width: 0.03305118903667876
height: 0.03592814371257485
Area: 0.0004973067626479062
CentroidX: 0.4790
CentroidY: 0.0975
