Location: internet_2.png_Mean-Medain.png
Component: component_1755095281616_22.png
centerX: 0.34139459895203544
centerY: 0.02737382378100941
width: 0.04554615074566707
height: 0.037639007698887936
Area: 0.0006656807879030906
CentroidX: 0.3644
CentroidY: 0.0458
