Location: internet_2.png_Gaussian-Median.png
Component: component_1755095280831_85.png
centerX: 0.8012898024989923
centerY: 0.20615911035072712
width: 0.03305118903667876
height: 0.03279155973766752
Area: 0.00043765753458821976
CentroidX: 0.8207
CentroidY: 0.2226
