Location: internet_2.png_Mean-Closing.png
Component: component_1755095281240_223.png
centerX: 0.4623135832325675
centerY: 0.5799828913601369
width: 0.04232164449818621
height: 0.03136583974907328
Area: 0.00047822820415482735
CentroidX: 0.4862
CentroidY: 0.5962
