Location: Dedata_31.png_Gaussian-Closing.png
Component: component_1755503061969_266.png
centerX: 0.8008064516129032
centerY: 0.5161014534055286
width: 0.03346774193548387
height: 0.029068110572812767
Area: 0.00028854374465659734
CentroidX: 0.8174
CentroidY: 0.5316
