Location: internet_2.png_Gaussian-Closing.png
Component: component_1755095281539_256.png
centerX: 0.48125755743651755
centerY: 0.739093242087254
width: 0.031035872632003223
height: 0.029940119760479042
Area: 0.00041972828684773596
CentroidX: 0.4996
CentroidY: 0.7543
