Location: Dedata_31.png_Gaussian-Closing.png
Component: component_1755503061949_175.png
centerX: 0.2939516129032258
centerY: 0.29353092049016816
width: 0.034274193548387094
height: 0.03619264747791394
Area: 0.00035220492926024325
CentroidX: 0.3123
CentroidY: 0.3119
