Location: Dedata_31.png_Mean-Closing.png
Component: component_1755503061312_78.png
centerX: 0.7
centerY: 0.12111712738671987
width: 0.02379032258064516
height: 0.028783129096608722
Area: 0.0003014138758400059
CentroidX: 0.7124
CentroidY: 0.1366
