Location: Dedata_31.png_Mean-Medain.png
Component: component_1755503060976_275.png
centerX: 0.6491935483870968
centerY: 0.5189512681675691
width: 0.034274193548387094
height: 0.02963807352522086
Area: 0.0003081936770884086
CentroidX: 0.6670
CentroidY: 0.5349
