Location: Dedata_31.png_Mean-Closing.png
Component: component_1755503061425_379.png
centerX: 0.06491935483870968
centerY: 0.8082074665146766
width: 0.04233870967741935
height: 0.03932744371615845
Area: 0.0005746743397163055
CentroidX: 0.0879
CentroidY: 0.8272
