Location: Dedata_31.png_Otsu.png
Component: component_1755503061843_1082.png
centerX: 0.819758064516129
centerY: 0.8007979481333714
width: 0.039919354838709675
height: 0.03562268452550584
Area: 0.00048469833331801174
CentroidX: 0.8424
CentroidY: 0.8178
