Location: Dedata_31.png_Otsu.png
Component: component_1755503061643_586.png
centerX: 0.8387096774193549
centerY: 0.560843545169564
width: 0.028629032258064516
height: 0.029353092049016812
Area: 0.00019213267266659926
CentroidX: 0.8535
CentroidY: 0.5755
