Location: internet_2.png_Mean-Closing.png
Component: component_1755095281283_257.png
centerX: 0.49012494961708986
centerY: 0.6803535785571714
width: 0.03345425231761386
height: 0.03222127174222983
Area: 0.0004238658055570784
CentroidX: 0.5086
CentroidY: 0.6972
