Location: internet_2.png_Gaussian-Closing.png
Component: component_1755095281431_67.png
centerX: 0.26924627166465137
centerY: 0.1853435985172512
width: 0.037484885126964934
height: 0.029940119760479042
Area: 0.00042857797964271837
CentroidX: 0.2905
CentroidY: 0.2007
