Location: Kurtxevani_1794_page_10.png_Mean-Medain.png
Component: component_1755610055064_2239.png
centerX: 0.5084745762711864
centerY: 0.7060379021595417
width: 0.018118059614260665
height: 0.02247686205376818
Area: 0.00019936846047623305
CentroidX: 0.5173
CentroidY: 0.7171
