Location: Dedata_31.png_Gaussian-Closing.png
Component: component_1755503061957_211.png
centerX: 0.6584677419354839
centerY: 0.3784554003989741
width: 0.03508064516129032
height: 0.030777999430037048
Area: 0.0004232204745401226
CentroidX: 0.6761
CentroidY: 0.3948
