Location: internet_2.png_Mean-Medain.png
Component: component_1755095281618_33.png
centerX: 0.6267634018540911
centerY: 0.0729968634160251
width: 0.032648125755743655
height: 0.03507271171941831
Area: 0.0004542076094255894
CentroidX: 0.6457
CentroidY: 0.0915
