Location: Dedata_31.png_Mean-Medain.png
Component: component_1755503060920_52.png
centerX: 0.8346774193548387
centerY: 0.07751496152750072
width: 0.020967741935483872
height: 0.02963807352522086
Area: 0.00018420375256253505
CentroidX: 0.8496
CentroidY: 0.0950
