Location: internet_2.png_Gaussian-Closing.png
Component: component_1755095281399_14.png
centerX: 0.4191858121725111
centerY: 0.026518391787852865
width: 0.03829101168883515
height: 0.04020530367835757
Area: 0.0006337299489809464
CentroidX: 0.4397
CentroidY: 0.0470
