Location: Dedata_31.png_Mean-Medain.png
Component: component_1755503060988_317.png
centerX: 0.5149193548387097
centerY: 0.615844970076945
width: 0.04314516129032258
height: 0.03305785123966942
Area: 0.00031911030621719266
CentroidX: 0.5392
CentroidY: 0.6319
