Location: Dedata_31.png_Mean-Medain.png
Component: component_1755503061010_387.png
centerX: 0.5370967741935484
centerY: 0.7976631518951268
width: 0.03870967741935484
height: 0.03590766600170989
Area: 0.0005118175383116226
CentroidX: 0.5583
CentroidY: 0.8153
