Location: Dedata_31.png_Otsu.png
Component: component_1755503061664_605.png
centerX: 0.07540322580645162
centerY: 0.5816471929324594
width: 0.041935483870967745
height: 0.031062980906241093
Area: 0.00031290506439662067
CentroidX: 0.0983
CentroidY: 0.5978
