Location: internet_2.png_Mean-Closing.png
Component: component_1755095280970_124.png
centerX: 0.15437323659814592
centerY: 0.2971200456230396
width: 0.03345425231761386
height: 0.03421727972626176
Area: 0.0004754698583485991
CentroidX: 0.1738
CentroidY: 0.3140
