Location: Dedata_31.png_Gaussian-Closing.png
Component: component_1755503061927_82.png
centerX: 0.5379032258064517
centerY: 0.12225705329153605
width: 0.028629032258064516
height: 0.028498147620404674
Area: 0.0003123305049687899
CentroidX: 0.5548
CentroidY: 0.1367
