Location: Dedata_31.png_Mean-Closing.png
Component: component_1755503061358_157.png
centerX: 0.05887096774193548
centerY: 0.25876318039327445
width: 0.025
height: 0.032487888287261325
Area: 0.0002529210601310915
CentroidX: 0.0710
CentroidY: 0.2738
