Location: Dedata_31.png_Otsu.png
Component: component_1755503061561_438.png
centerX: 0.7834677419354839
centerY: 0.4237674551154175
width: 0.02943548387096774
height: 0.026503277286976348
Area: 0.00028095956020923155
CentroidX: 0.7983
CentroidY: 0.4377
