Location: Dedata_31.png_Gaussian-Closing.png
Component: component_1755503061934_115.png
centerX: 0.15524193548387097
centerY: 0.17269877457965233
width: 0.02620967741935484
height: 0.028498147620404674
Area: 0.0002837174454628191
CentroidX: 0.1697
CentroidY: 0.1879
