Location: Dedata_31.png_Mean-Medain.png
Component: component_1755503061003_363.png
centerX: 0.1907258064516129
centerY: 0.7158734682245654
width: 0.04435483870967742
height: 0.0347677400968937
Area: 0.0005171034850476654
CentroidX: 0.2163
CentroidY: 0.7337
