Location: Dedata_31.png_Mean-Medain.png
Component: component_1755503060980_289.png
centerX: 0.9245967741935484
centerY: 0.5579937304075235
width: 0.03185483870967742
height: 0.03220290681105728
Area: 0.0003047463205214242
CentroidX: 0.9415
CentroidY: 0.5738
