Location: Dedata_31.png_Mean-Medain.png
Component: component_1755503060934_107.png
centerX: 0.5
centerY: 0.16300940438871472
width: 0.016129032258064516
height: 0.029068110572812767
Area: 0.00014973018689269069
CentroidX: 0.5103
CentroidY: 0.1805
