Location: Dedata_31.png_Otsu.png
Component: component_1755503061837_1061.png
centerX: 0.8705645161290323
centerY: 0.7506412083214591
width: 0.036290322580645164
height: 0.03334283271587347
Area: 0.0004406870811461771
CentroidX: 0.8889
CentroidY: 0.7683
