Location: Paraklitoni_1720_page_10.png_Mean-Medain.png
Component: component_1755610055692_2623.png
centerX: 0.5685975609756098
centerY: 0.956390977443609
width: 0.012195121951219513
height: 0.015037593984962405
Area: 0.00010468243780182162
CentroidX: 0.5748
CentroidY: 0.9633
