Location: Samociqulo_1709_page_10.png_Gaussian-Median.png
Component: component_1755610056127_959.png
centerX: 0.37444717444717446
centerY: 0.1975
width: 0.019164619164619166
height: 0.0159375
Area: 0.00018258599508599508
CentroidX: 0.3843
CentroidY: 0.2053
