Location: Dedata_31.png_Mean-Closing.png
Component: component_1755503061367_194.png
centerX: 0.3193548387096774
centerY: 0.34340267882587633
width: 0.027822580645161292
height: 0.027643203191792535
Area: 0.0002738350233041304
CentroidX: 0.3336
CentroidY: 0.3580
