Location: Dedata_31.png_Gaussian-Closing.png
Component: component_1755503061966_255.png
centerX: 0.06653225806451613
centerY: 0.48589341692789967
width: 0.04112903225806452
height: 0.031062980906241093
Area: 0.0003215234558140818
CentroidX: 0.0888
CentroidY: 0.5014
