Location: Paraklitoni_1720_page_10.png_Mean-Medain.png
Component: component_1755610055259_509.png
centerX: 0.07393292682926829
centerY: 0.19398496240601504
width: 0.01753048780487805
height: 0.016040100250626566
Area: 0.00015396723516107342
CentroidX: 0.0832
CentroidY: 0.2019
