Location: internet_2.png_Mean-Medain.png
Component: component_1755095281675_262.png
centerX: 0.7710600564288593
centerY: 0.7254063301967494
width: 0.02902055622732769
height: 0.032506415739948676
Area: 0.0004470818827594997
CentroidX: 0.7870
CentroidY: 0.7413
