Location: Dedata_31.png_Mean-Closing.png
Component: component_1755503061422_375.png
centerX: 0.9387096774193548
centerY: 0.8010829296095754
width: 0.034274193548387094
height: 0.032487888287261325
Area: 0.0004904439275963191
CentroidX: 0.9565
CentroidY: 0.8188
