Location: internet_2.png_Gaussian-Closing.png
Component: component_1755095281489_161.png
centerX: 0.8520757758968158
centerY: 0.4516680923866553
width: 0.031035872632003223
height: 0.03222127174222983
Area: 0.00039628234749479566
CentroidX: 0.8696
CentroidY: 0.4683
