Location: Dedata_31.png_Mean-Medain.png
Component: component_1755503060995_338.png
centerX: 0.4931451612903226
centerY: 0.6625819321744086
width: 0.02338709677419355
height: 0.03163294385864919
Area: 0.00020534753950670625
CentroidX: 0.5059
CentroidY: 0.6788
