Location: internet_2.png_Gaussian-Closing.png
Component: component_1755095281453_129.png
centerX: 0.7367996775493753
centerY: 0.36726546906187624
width: 0.03385731559854897
height: 0.03450242372398061
Area: 0.000449840228565728
CentroidX: 0.7542
CentroidY: 0.3852
