Location: internet_2.png_Mean-Medain.png
Component: component_1755095281647_138.png
centerX: 0.8565094719871019
centerY: 0.3604220131166239
width: 0.03426037887948408
height: 0.03051040775591674
Area: 0.00042673908243856615
CentroidX: 0.8755
CentroidY: 0.3754
