Location: internet_2.png_Gaussian-Closing.png
Component: component_1755095281523_209.png
centerX: 0.8782748891575978
centerY: 0.6045052751639578
width: 0.03426037887948408
height: 0.03051040775591674
Area: 0.0003699631312603675
CentroidX: 0.8980
CentroidY: 0.6207
