Location: Paraklitoni_1720_page_10.png_Mean-Medain.png
Component: component_1755610055339_1353.png
centerX: 0.3833841463414634
centerY: 0.4907268170426065
width: 0.012195121951219513
height: 0.013032581453634085
Area: 8.252338162479369e-05
CentroidX: 0.3891
CentroidY: 0.4971
