Location: internet_2.png_Gaussian-Closing.png
Component: component_1755095281416_47.png
centerX: 0.43732365981459087
centerY: 0.1251782149985743
width: 0.03506650544135429
height: 0.03364699173082407
Area: 0.0004588048524359699
CentroidX: 0.4577
CentroidY: 0.1417
