Location: internet_2.png_Gaussian-Median.png
Component: component_1755095280836_102.png
centerX: 0.04353083434099154
centerY: 0.2512118619903051
width: 0.030229746070133012
height: 0.03222127174222983
Area: 0.0004690337181340664
CentroidX: 0.0602
CentroidY: 0.2677
