Location: Dedata_31.png_Mean-Closing.png
Component: component_1755503061392_297.png
centerX: 0.8008064516129032
centerY: 0.6058706184098034
width: 0.03790322580645161
height: 0.030493017953833
Area: 0.0003422075952159884
CentroidX: 0.8233
CentroidY: 0.6211
