Location: Dedata_31.png_Mean-Medain.png
Component: component_1755503060971_256.png
centerX: 0.6495967741935483
centerY: 0.47591906526075806
width: 0.03508064516129032
height: 0.029353092049016812
Area: 0.0003216383676996479
CentroidX: 0.6673
CentroidY: 0.4910
