Location: internet_2.png_Mean-Closing.png
Component: component_1755095280967_117.png
centerX: 0.5542120112857719
centerY: 0.2754491017964072
width: 0.03667875856509472
height: 0.03507271171941831
Area: 0.0005060415243676291
CentroidX: 0.5739
CentroidY: 0.2933
