Location: internet_2.png_Mean-Medain.png
Component: component_1755095281630_64.png
centerX: 0.8927851672712616
centerY: 0.14684915882520672
width: 0.027005239822652155
height: 0.03136583974907328
Area: 0.00043501411985725103
CentroidX: 0.9068
CentroidY: 0.1631
