Location: internet_2.png_Gaussian-Closing.png
Component: component_1755095281406_22.png
centerX: 0.8927851672712616
centerY: 0.0641573994867408
width: 0.03667875856509472
height: 0.039064727687482176
Area: 0.00047730875555275124
CentroidX: 0.9123
CentroidY: 0.0833
