Location: Dedata_31.png_Mean-Closing.png
Component: component_1755503061356_152.png
centerX: 0.2870967741935484
centerY: 0.2467939583927045
width: 0.025
height: 0.029068110572812767
Area: 0.00029670248853179383
CentroidX: 0.3007
CentroidY: 0.2621
