Location: internet_2.png_Mean-Medain.png
Component: component_1755095281649_151.png
centerX: 0.10479645304312778
centerY: 0.40005702879954375
width: 0.0354695687222894
height: 0.031080695751354435
Area: 0.00043041687684687054
CentroidX: 0.1246
CentroidY: 0.4160
