Location: Dedata_31.png_Otsu.png
Component: component_1755503061819_1050.png
centerX: 0.4899193548387097
centerY: 0.7118837275577088
width: 0.0375
height: 0.031917925334853235
Area: 0.00042138188437106425
CentroidX: 0.5090
CentroidY: 0.7288
