Location: Dedata_31.png_Mean-Medain.png
Component: component_1755503061009_381.png
centerX: 0.015725806451612902
centerY: 0.7611855229410088
width: 0.0407258064516129
height: 0.03220290681105728
Area: 0.0005259517002362588
CentroidX: 0.0363
CentroidY: 0.7780
