Location: internet_2.png_Gaussian-Closing.png
Component: component_1755095281450_121.png
centerX: 0.21684804514308748
centerY: 0.3418876532648988
width: 0.03667875856509472
height: 0.033932135728542916
Area: 0.00047156220178977567
CentroidX: 0.2358
CentroidY: 0.3594
