Location: internet_2.png_Mean-Closing.png
Component: component_1755095280942_35.png
centerX: 0.4191858121725111
centerY: 0.026518391787852865
width: 0.03829101168883515
height: 0.04020530367835757
Area: 0.0006613134070432292
CentroidX: 0.4396
CentroidY: 0.0470
