Location: Dedata_31.png_Mean-Closing.png
Component: component_1755503061268_14.png
centerX: 0.9040322580645161
centerY: 0.003989740666856654
width: 0.025806451612903226
height: 0.031062980906241093
Area: 0.00033221026117173354
CentroidX: 0.9156
CentroidY: 0.0192
