Location: internet_2.png_Mean-Closing.png
Component: component_1755095280957_87.png
centerX: 0.3268843208383716
centerY: 0.18078129455374964
width: 0.032245062474808545
height: 0.033361847733105215
Area: 0.0004888018630787023
CentroidX: 0.3449
CentroidY: 0.1979
