Location: internet_2.png_Gaussian-Median.png
Component: component_1755095280845_141.png
centerX: 0.9677549375251915
centerY: 0.35956658112346734
width: 0.031035872632003223
height: 0.029940119760479042
Area: 0.0004111084562032726
CentroidX: 0.9838
CentroidY: 0.3749
