Location: Dedata_31.png_Mean-Closing.png
Component: component_1755503061361_167.png
centerX: 0.45241935483870965
centerY: 0.28697634653747506
width: 0.03588709677419355
height: 0.03505272157309775
Area: 0.00033910497430570237
CentroidX: 0.4715
CentroidY: 0.3050
