Location: internet_2.png_Gaussian-Median.png
Component: component_1755095280875_258.png
centerX: 0.6005642885933091
centerY: 0.6712289706301683
width: 0.03345425231761386
height: 0.029940119760479042
Area: 0.0003588148169601949
CentroidX: 0.6197
CentroidY: 0.6861
