Location: Dedata_31.png_Gaussian-Closing.png
Component: component_1755503061947_165.png
centerX: 0.7560483870967742
centerY: 0.2829866058706184
width: 0.032661290322580645
height: 0.029353092049016812
Area: 0.0002597008613794942
CentroidX: 0.7745
CentroidY: 0.2976
