Location: internet_2.png_Mean-Medain.png
Component: component_1755095281653_168.png
centerX: 0.16444981862152358
centerY: 0.4436840604505275
width: 0.032245062474808545
height: 0.03592814371257485
Area: 0.0005039727650129579
CentroidX: 0.1807
CentroidY: 0.4620
