Location: Dedata_31.png_Gaussian-Closing.png
Component: component_1755503061946_158.png
centerX: 0.19596774193548386
centerY: 0.25220860644058135
width: 0.021774193548387097
height: 0.03334283271587347
Area: 0.00027314555199073353
CentroidX: 0.2079
CentroidY: 0.2680
