Location: internet_2.png_Mean-Closing.png
Component: component_1755095280972_132.png
centerX: 0.6711003627569528
centerY: 0.317080125463359
width: 0.03506650544135429
height: 0.03450242372398061
Area: 0.0004319109808252442
CentroidX: 0.6910
CentroidY: 0.3345
