Location: Dedata_31.png_Mean-Closing.png
Component: component_1755503061311_73.png
centerX: 0.8850806451612904
centerY: 0.1176973496722713
width: 0.01975806451612903
height: 0.026503277286976348
Area: 0.00027509905404535804
CentroidX: 0.8947
CentroidY: 0.1315
