Location: internet_2.png_Mean-Closing.png
Component: component_1755095280961_95.png
centerX: 0.8016928657799275
centerY: 0.20615911035072712
width: 0.032648125755743655
height: 0.03279155973766752
Area: 0.0004529433675977348
CentroidX: 0.8207
CentroidY: 0.2226
