Location: Dedata_31.png_Gaussian-Closing.png
Component: component_1755503061933_108.png
centerX: 0.34596774193548385
centerY: 0.16443431176973497
width: 0.024193548387096774
height: 0.025933314334568254
Area: 0.00023143253753022183
CentroidX: 0.3591
CentroidY: 0.1779
