Location: internet_2.png_Mean-Closing.png
Component: component_1755095281006_166.png
centerX: 0.7936316001612254
centerY: 0.41003706871970347
width: 0.0354695687222894
height: 0.029654975762760195
Area: 0.0004505298150172851
CentroidX: 0.8131
CentroidY: 0.4255
