Location: Dedata_31.png_Gaussian-Closing.png
Component: component_1755503061997_356.png
centerX: 0.8701612903225806
centerY: 0.750356226845255
width: 0.03669354838709677
height: 0.03362781419207751
Area: 0.000470104523851111
CentroidX: 0.8887
CentroidY: 0.7682
