Location: internet_2.png_Gaussian-Closing.png
Component: component_1755095281504_176.png
centerX: 0.8694074969770254
centerY: 0.49729113202167097
width: 0.029826682789197905
height: 0.03165098374679213
Area: 0.0004077754550207468
CentroidX: 0.8864
CentroidY: 0.5133
