Location: Dedata_31.png_Mean-Closing.png
Component: component_1755503061320_105.png
centerX: 0.34596774193548385
centerY: 0.16443431176973497
width: 0.024596774193548387
height: 0.025933314334568254
Area: 0.0002444175805991965
CentroidX: 0.3592
CentroidY: 0.1779
