Location: Dedata_31.png_Otsu.png
Component: component_1755503061565_444.png
centerX: 0.4830645161290323
centerY: 0.4360216585921915
width: 0.039112903225806454
height: 0.030777999430037048
Area: 0.00036404085347355647
CentroidX: 0.5040
CentroidY: 0.4518
