Location: Dedata_31.png_Mean-Medain.png
Component: component_1755503060912_25.png
centerX: 0.589516129032258
centerY: 0.04189227700199487
width: 0.021370967741935483
height: 0.030493017953833
Area: 0.00031279015251105453
CentroidX: 0.6002
CentroidY: 0.0579
