Location: internet_2.png_Gaussian-Median.png
Component: component_1755095280818_36.png
centerX: 0.20314389359129384
centerY: 0.08525805531793555
width: 0.03345425231761386
height: 0.037639007698887936
Area: 0.0005097193187759334
CentroidX: 0.2220
CentroidY: 0.1040
