Location: Dedata_31.png_Mean-Medain.png
Component: component_1755503060951_164.png
centerX: 0.10403225806451613
centerY: 0.2579082359646623
width: 0.022983870967741935
height: 0.029353092049016812
Area: 0.0002687789003392199
CentroidX: 0.1157
CentroidY: 0.2724
