Location: Dedata_31.png_Mean-Medain.png
Component: component_1755503060915_34.png
centerX: 0.7834677419354839
centerY: 0.0438871473354232
width: 0.024193548387096774
height: 0.02963807352522086
Area: 0.0003418628595592899
CentroidX: 0.7956
CentroidY: 0.0598
