Location: Dedata_31.png_Gaussian-Closing.png
Component: component_1755503061996_351.png
centerX: 0.12580645161290321
centerY: 0.7172983756055856
width: 0.04435483870967742
height: 0.03334283271587347
Area: 0.00045757912832440086
CentroidX: 0.1500
CentroidY: 0.7348
