Location: Dedata_31.png_Gaussian-Closing.png
Component: component_1755503062005_367.png
centerX: 0.2633064516129032
centerY: 0.7606155599886008
width: 0.044758064516129036
height: 0.037047591906526074
Area: 0.0005177929563610624
CentroidX: 0.2856
CentroidY: 0.7805
