Location: Dedata_31.png_Otsu.png
Component: component_1755503061819_1051.png
centerX: 0.31693548387096776
centerY: 0.7138785978911371
width: 0.039112903225806454
height: 0.033912795668281565
Area: 0.00043160904218645144
CentroidX: 0.3375
CentroidY: 0.7323
