Location: Dedata_31.png_Gaussian-Closing.png
Component: component_1755503061922_70.png
centerX: 0.07459677419354839
centerY: 0.09518381305215161
width: 0.018548387096774192
height: 0.02963807352522086
Area: 0.00018018183656771987
CentroidX: 0.0858
CentroidY: 0.1128
