Location: internet_2.png_Mean-Medain.png
Component: component_1755095281648_143.png
centerX: 0.4534461910519952
centerY: 0.37610493299116055
width: 0.03466344216041919
height: 0.03279155973766752
Area: 0.0004508746082430636
CentroidX: 0.4731
CentroidY: 0.3923
