Location: internet_2.png_Mean-Medain.png
Component: component_1755095281667_229.png
centerX: 0.5973397823458283
centerY: 0.6250356429997148
width: 0.03305118903667876
height: 0.03222127174222983
Area: 0.0004200730800735145
CentroidX: 0.6148
CentroidY: 0.6411
