Location: Dedata_31.png_Mean-Closing.png
Component: component_1755503061271_20.png
centerX: 0.008870967741935484
centerY: 0.008549444286121402
width: 0.032661290322580645
height: 0.03362781419207751
Area: 0.00048205535994999034
CentroidX: 0.0258
CentroidY: 0.0256
