Location: Dedata_31.png_Gaussian-Closing.png
Component: component_1755503062007_373.png
centerX: 0.7084677419354839
centerY: 0.7962382445141066
width: 0.04032258064516129
height: 0.03505272157309775
Area: 0.0005280201141764495
CentroidX: 0.7299
CentroidY: 0.8145
