Location: Dedata_31.png_Gaussian-Closing.png
Component: component_1755503061939_141.png
centerX: 0.0125
centerY: 0.21829581077229981
width: 0.02620967741935484
height: 0.026503277286976348
Area: 0.0002469456420816518
CentroidX: 0.0284
CentroidY: 0.2313
