Location: Dedata_31.png_Otsu.png
Component: component_1755503061562_441.png
centerX: 0.5923387096774193
centerY: 0.43288686235394697
width: 0.03346774193548387
height: 0.029068110572812767
Area: 0.0002926805725369786
CentroidX: 0.6079
CentroidY: 0.4484
