Location: Dedata_31.png_Otsu.png
Component: component_1755503061672_677.png
centerX: 0.5762096774193548
centerY: 0.6141350812197207
width: 0.032661290322580645
height: 0.029353092049016812
Area: 0.00024028075271881523
CentroidX: 0.5943
CentroidY: 0.6293
