Location: Dedata_31.png_Mean-Closing.png
Component: component_1755503061419_364.png
centerX: 0.2633064516129032
centerY: 0.7606155599886008
width: 0.044758064516129036
height: 0.037047591906526074
Area: 0.0005292841449176771
CentroidX: 0.2857
CentroidY: 0.7805
