Location: internet_2.png_Mean-Medain.png
Component: component_1755095281636_95.png
centerX: 0.2063683998387747
centerY: 0.23952095808383234
width: 0.03466344216041919
height: 0.03165098374679213
Area: 0.0004927095196375257
CentroidX: 0.2265
CentroidY: 0.2556
