Location: Dedata_31.png_Mean-Medain.png
Component: component_1755503060948_152.png
centerX: 0.6991935483870968
centerY: 0.23852949558278713
width: 0.027016129032258064
height: 0.03362781419207751
Area: 0.00033876023864900395
CentroidX: 0.7136
CentroidY: 0.2555
