Location: Dedata_31.png_Mean-Medain.png
Component: component_1755503060922_60.png
centerX: 0.6645161290322581
centerY: 0.08007979481333713
width: 0.021370967741935483
height: 0.028498147620404674
Area: 0.00017294238777705256
CentroidX: 0.6789
CentroidY: 0.0976
