Location: Dedata_31.png_Gaussian-Closing.png
Component: component_1755503061969_264.png
centerX: 0.7504032258064516
centerY: 0.5141065830721003
width: 0.03790322580645161
height: 0.03163294385864919
Area: 0.000324051517296537
CentroidX: 0.7696
CentroidY: 0.5312
