Location: Paraklitoni_1720_page_10.png_Mean-Medain.png
Component: component_1755610055254_482.png
centerX: 0.5967987804878049
centerY: 0.18095238095238095
width: 0.010670731707317074
height: 0.012030075187969926
Area: 8.214132893208632e-05
CentroidX: 0.6020
CentroidY: 0.1868
