Location: Dedata_31.png_Gaussian-Closing.png
Component: component_1755503061977_297.png
centerX: 0.13346774193548386
centerY: 0.5796523225990311
width: 0.0407258064516129
height: 0.03305785123966942
Area: 0.00036829259323950395
CentroidX: 0.1537
CentroidY: 0.5972
