Location: internet_2.png_Mean-Medain.png
Component: component_1755095281640_109.png
centerX: 0.5030229746070133
centerY: 0.28115198175078415
width: 0.03667875856509472
height: 0.033932135728542916
Area: 0.0004924796574870068
CentroidX: 0.5213
CentroidY: 0.2988
