Location: Dedata_31.png_Otsu.png
Component: component_1755503061848_1088.png
centerX: 0.12782258064516128
centerY: 0.8102023368481048
width: 0.04395161290322581
height: 0.03818751781134226
Area: 0.0005029693231230292
CentroidX: 0.1518
CentroidY: 0.8283
