Location: internet_2.png_Mean-Closing.png
Component: component_1755095281052_173.png
centerX: 0.40507859733978235
centerY: 0.4274308525805532
width: 0.03385731559854897
height: 0.03507271171941831
Area: 0.0004977664869489442
CentroidX: 0.4246
CentroidY: 0.4452
