Location: Dedata_31.png_Gaussian-Closing.png
Component: component_1755503061952_189.png
centerX: 0.7504032258064516
centerY: 0.32772869763465373
width: 0.031048387096774193
height: 0.029923055001424906
Area: 0.00028555603563187746
CentroidX: 0.7664
CentroidY: 0.3438
