Location: Dedata_31.png_Gaussian-Closing.png
Component: component_1755503061920_64.png
centerX: 0.3258064516129032
centerY: 0.08634938728982616
width: 0.027822580645161292
height: 0.03277286976346538
Area: 0.0003231322222120078
CentroidX: 0.3416
CentroidY: 0.1022
