Location: Dedata_31.png_Mean-Closing.png
Component: component_1755503061397_314.png
centerX: 0.9399193548387097
centerY: 0.6494727842690226
width: 0.03346774193548387
height: 0.030208036477628954
Area: 0.0004005828330835915
CentroidX: 0.9575
CentroidY: 0.6655
