Location: Dedata_31.png_Mean-Medain.png
Component: component_1755503060950_161.png
centerX: 0.24193548387096775
centerY: 0.25135366201196924
width: 0.024193548387096774
height: 0.026503277286976348
Area: 0.00024085531214664596
CentroidX: 0.2566
CentroidY: 0.2653
