Location: Dedata_31.png_Gaussian-Closing.png
Component: component_1755503061984_323.png
centerX: 0.6782258064516129
centerY: 0.6594471359361641
width: 0.035483870967741936
height: 0.030493017953833
Area: 0.0002539552671011868
CentroidX: 0.6963
CentroidY: 0.6757
