Location: internet_2.png_Mean-Medain.png
Component: component_1755095281658_189.png
centerX: 0.16162837565497784
centerY: 0.4998574280011406
width: 0.030229746070133012
height: 0.03136583974907328
Area: 0.00043926656964185295
CentroidX: 0.1785
CentroidY: 0.5154
