Location: Dedata_31.png_Otsu.png
Component: component_1755503061536_280.png
centerX: 0.10443548387096774
centerY: 0.2579082359646623
width: 0.02217741935483871
height: 0.029353092049016812
Area: 0.00019856773825830353
CentroidX: 0.1155
CentroidY: 0.2721
