Location: Dedata_31.png_Mean-Medain.png
Component: component_1755503060992_327.png
centerX: 0.8891129032258065
centerY: 0.6491878027928185
width: 0.03508064516129032
height: 0.030493017953833
Area: 0.000382311843278574
CentroidX: 0.9078
CentroidY: 0.6651
