Location: internet_2.png_Mean-Closing.png
Component: component_1755095280953_72.png
centerX: 0.20757758968158002
centerY: 0.13915027088679782
width: 0.032245062474808545
height: 0.039064727687482176
Area: 0.0005193735290977325
CentroidX: 0.2255
CentroidY: 0.1579
