Location: internet_2.png_Mean-Medain.png
Component: component_1755095281653_171.png
centerX: 0.9060862555421201
centerY: 0.45024237239806103
width: 0.03305118903667876
height: 0.029940119760479042
Area: 0.000405132040289778
CentroidX: 0.9252
CentroidY: 0.4653
