Location: internet_2.png_Gaussian-Median.png
Component: component_1755095280844_134.png
centerX: 0.2740830310358726
centerY: 0.3390362132877103
width: 0.032245062474808545
height: 0.033361847733105215
Area: 0.0004421398465233407
CentroidX: 0.2922
CentroidY: 0.3555
