Location: Dedata_31.png_Gaussian-Closing.png
Component: component_1755503062001_358.png
centerX: 0.5899193548387097
centerY: 0.7529210601310915
width: 0.038306451612903226
height: 0.033912795668281565
Area: 0.00047562029435828607
CentroidX: 0.6101
CentroidY: 0.7702
