Location: internet_2.png_Gaussian-Closing.png
Component: component_1755095281401_16.png
centerX: 0.34139459895203544
centerY: 0.02737382378100941
width: 0.04554615074566707
height: 0.03735386370116909
Area: 0.0006292476370458255
CentroidX: 0.3645
CentroidY: 0.0457
