Location: Dedata_31.png_Otsu.png
Component: component_1755503061509_111.png
centerX: 0.3866935483870968
centerY: 0.12026218295810773
width: 0.027419354838709678
height: 0.024508406953548018
Area: 0.0001922475845521654
CentroidX: 0.4026
CentroidY: 0.1339
