Location: Dedata_31.png_Mean-Closing.png
Component: component_1755503061244_4.png
centerX: 0.5987903225806451
centerY: 0.001994870333428327
width: 0.027822580645161292
height: 0.030493017953833
Area: 0.00033899006242013623
CentroidX: 0.6140
CentroidY: 0.0170
