Location: Dedata_31.png_Gaussian-Closing.png
Component: component_1755503061947_167.png
centerX: 0.7032258064516129
centerY: 0.2852664576802508
width: 0.035483870967741936
height: 0.024793388429752067
Area: 0.00024005092894768292
CentroidX: 0.7230
CentroidY: 0.2977
