Location: Dedata_31.png_Otsu.png
Component: component_1755503061590_485.png
centerX: 0.8951612903225806
centerY: 0.5115417497862639
width: 0.036290322580645164
height: 0.031062980906241093
Area: 0.00031118138611312845
CentroidX: 0.9150
CentroidY: 0.5282
