Location: Dedata_31.png_Otsu.png
Component: component_1755503061530_243.png
centerX: 0.11088709677419355
centerY: 0.21544599601025932
width: 0.016129032258064516
height: 0.0262182958107723
Area: 0.0001195083609887938
CentroidX: 0.1214
CentroidY: 0.2305
