Location: Dedata_31.png_Otsu.png
Component: component_1755503061687_742.png
centerX: 0.07338709677419354
centerY: 0.6295240809347392
width: 0.03225806451612903
height: 0.029353092049016812
Area: 0.0002637227773743094
CentroidX: 0.0905
CentroidY: 0.6449
