Location: Dedata_31.png_Mean-Medain.png
Component: component_1755503060999_344.png
centerX: 0.17419354838709677
centerY: 0.6719863208891422
width: 0.029838709677419355
height: 0.03134796238244514
Area: 0.0003055507037203872
CentroidX: 0.1894
CentroidY: 0.6882
