Location: Paraklitoni_1720_page_10.png_Mean-Medain.png
Component: component_1755610055670_2316.png
centerX: 0.833079268292683
centerY: 0.8451127819548873
width: 0.010670731707317074
height: 0.013032581453634085
Area: 8.023106546854942e-05
CentroidX: 0.8381
CentroidY: 0.8511
