Location: Dedata_31.png_Gaussian-Closing.png
Component: component_1755503061972_278.png
centerX: 0.5020161290322581
centerY: 0.5317754345967513
width: 0.039919354838709675
height: 0.02963807352522086
Area: 0.000339564621847967
CentroidX: 0.5231
CentroidY: 0.5472
