Location: internet_2.png_Gaussian-Median.png
Component: component_1755095280873_255.png
centerX: 0.7158403869407497
centerY: 0.6669518106643855
width: 0.031035872632003223
height: 0.030795551753635585
Area: 0.00037777844437801426
CentroidX: 0.7332
CentroidY: 0.6828
