Location: Dedata_31.png_Gaussian-Closing.png
Component: component_1755503061951_185.png
centerX: 0.9423387096774194
centerY: 0.3225990310629809
width: 0.02620967741935484
height: 0.033912795668281565
Area: 0.00024809476093731324
CentroidX: 0.9573
CentroidY: 0.3400
