Location: Kurtxevani_1764_page_10.png_Otsu.png
Component: component_1755610055978_1656.png
centerX: 0.7016181229773463
centerY: 0.6903648269410664
width: 0.01423948220064725
height: 0.018709073900841908
Area: 0.00019011809724480127
CentroidX: 0.7085
CentroidY: 0.6993
