Location: internet_2.png_Mean-Medain.png
Component: component_1755095281652_164.png
centerX: 0.34582829504232165
centerY: 0.4322783005417736
width: 0.036275695284159616
height: 0.033361847733105215
Area: 0.00046041388748960303
CentroidX: 0.3658
CentroidY: 0.4491
