Location: Dedata_31.png_Mean-Medain.png
Component: component_1755503060938_126.png
centerX: 0.8237903225806451
centerY: 0.19806212596181247
width: 0.024596774193548387
height: 0.02792818466799658
Area: 0.00028199376717932687
CentroidX: 0.8366
CentroidY: 0.2129
