Location: internet_2.png_Mean-Medain.png
Component: component_1755095281654_172.png
centerX: 0.8520757758968158
centerY: 0.4513829483889364
width: 0.03143893591293833
height: 0.032506415739948676
Area: 0.0004099591454506775
CentroidX: 0.8697
CentroidY: 0.4683
