Location: Dedata_31.png_Otsu.png
Component: component_1755503061820_1054.png
centerX: 0.12580645161290321
centerY: 0.7175833570817897
width: 0.04435483870967742
height: 0.03277286976346538
Area: 0.0004252888884803133
CentroidX: 0.1501
CentroidY: 0.7347
