Location: internet_2.png_Mean-Medain.png
Component: component_1755095281669_238.png
centerX: 0.8750503829101169
centerY: 0.6572569147419447
width: 0.02902055622732769
height: 0.033932135728542916
Area: 0.0004458176409316451
CentroidX: 0.8912
CentroidY: 0.6750
