Location: Dedata_31.png_Mean-Medain.png
Component: component_1755503060987_316.png
centerX: 0.5762096774193548
centerY: 0.6141350812197207
width: 0.03306451612903226
height: 0.02963807352522086
Area: 0.0003216383676996479
CentroidX: 0.5950
CentroidY: 0.6294
