Location: Paraklitoni_1720_page_10.png_Mean-Medain.png
Component: component_1755610055275_667.png
centerX: 0.8086890243902439
centerY: 0.24310776942355888
width: 0.011432926829268292
height: 0.013032581453634085
Area: 8.672596124457486e-05
CentroidX: 0.8142
CentroidY: 0.2494
