Location: Dedata_31.png_Otsu.png
Component: component_1755503061650_594.png
centerX: 0.49798387096774194
centerY: 0.567113137646053
width: 0.03346774193548387
height: 0.032487888287261325
Area: 0.00026854907656808757
CentroidX: 0.5168
CentroidY: 0.5841
