Location: internet_2.png_Gaussian-Closing.png
Component: component_1755095281410_30.png
centerX: 0.45949214026602175
centerY: 0.07984031936127745
width: 0.03305118903667876
height: 0.03592814371257485
Area: 0.00048638831049825263
CentroidX: 0.4790
CentroidY: 0.0975
