Location: internet_2.png_Mean-Medain.png
Component: component_1755095281634_85.png
centerX: 0.8540910923014914
centerY: 0.20587396635300828
width: 0.03184199919387344
height: 0.03165098374679213
Area: 0.000455012126952406
CentroidX: 0.8721
CentroidY: 0.2221
