Location: internet_2.png_Gaussian-Median.png
Component: component_1755095280865_222.png
centerX: 0.5908907698508666
centerY: 0.5728542914171657
width: 0.03345425231761386
height: 0.030795551753635585
Area: 0.00043639329276036514
CentroidX: 0.6101
CentroidY: 0.5881
