Location: internet_2.png_Gaussian-Closing.png
Component: component_1755095281486_153.png
centerX: 0.40507859733978235
centerY: 0.4274308525805532
width: 0.03385731559854897
height: 0.03507271171941831
Area: 0.00047822820415482735
CentroidX: 0.4246
CentroidY: 0.4451
