Location: Dedata_31.png_Gaussian-Closing.png
Component: component_1755503061984_321.png
centerX: 0.7342741935483871
centerY: 0.6546024508406953
width: 0.03346774193548387
height: 0.030493017953833
Area: 0.0003216383676996479
CentroidX: 0.7534
CentroidY: 0.6694
