Location: Dedata_31.png_Mean-Medain.png
Component: component_1755503060937_120.png
centerX: 0.062096774193548386
centerY: 0.17469364491308065
width: 0.02661290322580645
height: 0.02963807352522086
Area: 0.0003091129721729378
CentroidX: 0.0762
CentroidY: 0.1904
