Location: Dedata_31.png_Mean-Medain.png
Component: component_1755503060904_3.png
centerX: 0.6512096774193549
centerY: 0.001139925904816187
width: 0.027016129032258064
height: 0.030208036477628954
Area: 0.000330256759117109
CentroidX: 0.6648
CentroidY: 0.0168
