Location: internet_2.png_Mean-Medain.png
Component: component_1755095281653_166.png
centerX: 0.22611850060459493
centerY: 0.43997718848018247
width: 0.03829101168883515
height: 0.033361847733105215
Area: 0.0004920199331859687
CentroidX: 0.2469
CentroidY: 0.4570
