Location: Dedata_31.png_Mean-Medain.png
Component: component_1755503060931_96.png
centerX: 0.012903225806451613
centerY: 0.134226275292106
width: 0.01975806451612903
height: 0.028498147620404674
Area: 0.0002755587015876226
CentroidX: 0.0231
CentroidY: 0.1488
