Location: Dedata_31.png_Otsu.png
Component: component_1755503061533_265.png
centerX: 0.65
centerY: 0.23881447705899117
width: 0.024193548387096774
height: 0.031917925334853235
Area: 0.0002923358368802802
CentroidX: 0.6619
CentroidY: 0.2547
