Location: Dedata_31.png_Otsu.png
Component: component_1755503061819_1049.png
centerX: 0.43588709677419357
centerY: 0.7118837275577088
width: 0.039919354838709675
height: 0.03362781419207751
Area: 0.0004521782697027919
CentroidX: 0.4563
CentroidY: 0.7288
