Location: Dedata_31.png_Otsu.png
Component: component_1755503061645_589.png
centerX: 0.7955645161290322
centerY: 0.5622684525505842
width: 0.025403225806451612
height: 0.028783129096608722
Area: 0.00018293972182130742
CentroidX: 0.8096
CentroidY: 0.5766
