Location: Dedata_31.png_Mean-Medain.png
Component: component_1755503060972_260.png
centerX: 0.2862903225806452
centerY: 0.4847534910230835
width: 0.03064516129032258
height: 0.029068110572812767
Area: 0.0003604785850210059
CentroidX: 0.3023
CentroidY: 0.5008
