Location: internet_2.png_Mean-Medain.png
Component: component_1755095281644_123.png
centerX: 0.6207174526400645
centerY: 0.3219275734245794
width: 0.030632809351068116
height: 0.03307670373538637
Area: 0.00045926457673700795
CentroidX: 0.6375
CentroidY: 0.3384
