Location: internet_2.png_Gaussian-Median.png
Component: component_1755095280832_87.png
centerX: 0.7444578798871423
centerY: 0.20786997433704021
width: 0.03506650544135429
height: 0.035357855717137156
Area: 0.00045259857437195627
CentroidX: 0.7653
CentroidY: 0.2250
