Location: Dedata_31.png_Otsu.png
Component: component_1755503061518_188.png
centerX: 0.062096774193548386
centerY: 0.17497862638928469
width: 0.02620967741935484
height: 0.029353092049016812
Area: 0.0002454517875692919
CentroidX: 0.0759
CentroidY: 0.1902
