Location: Dedata_31.png_Mean-Medain.png
Component: component_1755503061011_390.png
centerX: 0.819758064516129
centerY: 0.8007979481333714
width: 0.04032258064516129
height: 0.03590766600170989
Area: 0.0005385920076485351
CentroidX: 0.8424
CentroidY: 0.8180
