Location: internet_20.png_Gaussian-Median.png
Component: component_1755083652853_291.png
centerX: 0.826682789197904
centerY: 0.4804676361562589
width: 0.03184199919387344
height: 0.029654975762760195
Area: 0.00030077462395414157
CentroidX: 0.8419
CentroidY: 0.4948
