Location: internet_20.png_Otsu.png
Component: component_1755083652419_801.png
centerX: 0.48851269649334944
centerY: 0.44453949244368407
width: 0.03506650544135429
height: 0.035357855717137156
Area: 0.00040972928330015846
CentroidX: 0.5032
CentroidY: 0.4594
