Location: internet_20.png_Gaussian-Median.png
Component: component_1755083652817_61.png
centerX: 0.694074969770254
centerY: 0.054177359566581124
width: 0.03829101168883515
height: 0.02566295979469632
Area: 0.0004081202482465253
CentroidX: 0.7116
CentroidY: 0.0666
