Location: internet_20.png_Otsu.png
Component: component_1755083652573_1341.png
centerX: 0.7021362353889561
centerY: 0.7319646421442829
width: 0.032245062474808545
height: 0.029369831765041345
Area: 0.0003836399292162494
CentroidX: 0.7155
CentroidY: 0.7471
