Location: internet_20.png_Gaussian-Median.png
Component: component_1755083652833_187.png
centerX: 0.7339782345828295
centerY: 0.24721984602224123
width: 0.037081821846029824
height: 0.028514399771884802
Area: 0.0004080053171712658
CentroidX: 0.7493
CentroidY: 0.2606
