Location: internet_20.png_Gaussian-Closing.png
Component: component_1755083652668_14.png
centerX: 0.5727529222087868
centerY: 0.013401767892785858
width: 0.03426037887948408
height: 0.02737382378100941
Area: 0.0004075455928702278
CentroidX: 0.5871
CentroidY: 0.0253
