Location: internet_20.png_Gaussian-Closing.png
Component: component_1755083652747_296.png
centerX: 0.600161225312374
centerY: 0.6270316509837468
width: 0.035872632003224506
height: 0.02594810379241517
Area: 0.0003911104491081176
CentroidX: 0.6148
CentroidY: 0.6402
