Location: internet_20.png_Otsu.png
Component: component_1755083652460_985.png
centerX: 0.4502216848045143
centerY: 0.5825491873396065
width: 0.029423619508262798
height: 0.028229255774165955
Area: 0.0002929593108364948
CentroidX: 0.4637
CentroidY: 0.5961
