Location: internet_20.png_Gaussian-Closing.png
Component: component_1755083652759_355.png
centerX: 0.8033051189036678
centerY: 0.7764471057884231
width: 0.028617492946392584
height: 0.029654975762760195
Area: 0.00035008005524047204
CentroidX: 0.8176
CentroidY: 0.7887
