Location: internet_20.png_Gaussian-Median.png
Component: component_1755083652825_124.png
centerX: 0.6215235792019347
centerY: 0.165098374679213
width: 0.037081821846029824
height: 0.03307670373538637
Area: 0.0004169699410415077
CentroidX: 0.6374
CentroidY: 0.1797
