Location: internet_20.png_Mean-Medain.png
Component: component_1755083652289_268.png
centerX: 0.20395002015316405
centerY: 0.4508126603934987
width: 0.031035872632003223
height: 0.03222127174222983
Area: 0.00040363793631140437
CentroidX: 0.2158
CentroidY: 0.4667
