Location: internet_20.png_Gaussian-Closing.png
Component: component_1755083652679_34.png
centerX: 0.2926239419588875
centerY: 0.05246649558026804
width: 0.029423619508262798
height: 0.03364699173082407
Area: 0.0004180043207188433
CentroidX: 0.3065
CentroidY: 0.0667
