Location: internet_20.png_Mean-Medain.png
Component: component_1755083652285_251.png
centerX: 0.05804111245465538
centerY: 0.4128885086968919
width: 0.03184199919387344
height: 0.0290846877673225
Area: 0.0003942135881401244
CentroidX: 0.0727
CentroidY: 0.4261
