Location: internet_20.png_Mean-Medain.png
Component: component_1755083652283_238.png
centerX: 0.6110439338976219
centerY: 0.39264328485885375
width: 0.03385731559854897
height: 0.033361847733105215
Area: 0.0004101890076011965
CentroidX: 0.6252
CentroidY: 0.4074
