Location: internet_20.png_Mean-Medain.png
Component: component_1755083652306_350.png
centerX: 0.2011285771866183
centerY: 0.6478471628172227
width: 0.03788794840790004
height: 0.028514399771884802
Area: 0.00042237170157870474
CentroidX: 0.2153
CentroidY: 0.6629
