Location: internet_20.png_Gaussian-Median.png
Component: component_1755083652834_194.png
centerX: 0.4731962918178154
centerY: 0.25349301397205587
width: 0.0354695687222894
height: 0.03022526375819789
Area: 0.0004077754550207468
CentroidX: 0.4872
CentroidY: 0.2682
