Location: internet_20.png_Mean-Medain.png
Component: component_1755083652310_368.png
centerX: 0.4030632809351068
centerY: 0.6971770744225834
width: 0.03829101168883515
height: 0.03051040775591674
Area: 0.0003931792084627888
CentroidX: 0.4199
CentroidY: 0.7108
