Location: internet_20.png_Mean-Medain.png
Component: component_1755083652264_129.png
centerX: 0.47440548166062074
centerY: 0.1710863986313088
width: 0.02902055622732769
height: 0.030795551753635585
Area: 0.00032640425373701266
CentroidX: 0.4874
CentroidY: 0.1835
