Location: internet_20.png_Mean-Medain.png
Component: component_1755083652260_103.png
centerX: 0.31559854897218864
centerY: 0.1311662389506701
width: 0.03667875856509472
height: 0.0290846877673225
Area: 0.00042133732190136915
CentroidX: 0.3291
CentroidY: 0.1446
