Location: internet_20.png_Otsu.png
Component: component_1755083652421_824.png
centerX: 0.053204353083434096
centerY: 0.4579412603364699
width: 0.041515517936316
height: 0.028229255774165955
Area: 0.000350309917390991
CentroidX: 0.0693
CentroidY: 0.4720
