Location: internet_20.png_Otsu.png
Component: component_1755083652382_78.png
centerX: 0.5219669488109633
centerY: 0.0855431993156544
width: 0.03426037887948408
height: 0.02765896777872826
Area: 0.00027686896030016317
CentroidX: 0.5358
CentroidY: 0.0978
