Location: internet_20.png_Otsu.png
Component: component_1755083652584_1445.png
centerX: 0.4195888754534462
centerY: 0.799258625605931
width: 0.037484885126964934
height: 0.029654975762760195
Area: 0.00033444942900517845
CentroidX: 0.4351
CentroidY: 0.8137
