Location: internet_20.png_Gaussian-Closing.png
Component: component_1755083652756_340.png
centerX: 0.5505844417573559
centerY: 0.7442258340461934
width: 0.037081821846029824
height: 0.029940119760479042
Area: 0.00042030294222403355
CentroidX: 0.5658
CentroidY: 0.7595
