Location: internet_20.png_Otsu.png
Component: component_1755083652396_473.png
centerX: 0.8931882305521966
centerY: 0.2013116623895067
width: 0.03909713825070536
height: 0.02623324779013402
Area: 0.00038869689652766787
CentroidX: 0.9092
CentroidY: 0.2147
