Location: internet_20.png_Otsu.png
Component: component_1755083652380_47.png
centerX: 0.009270455461507456
centerY: 0.052751639577986884
width: 0.04312777106005643
height: 0.02480752780153978
Area: 0.0004269689445890852
CentroidX: 0.0248
CentroidY: 0.0667
