Location: internet_20.png_Gaussian-Closing.png
Component: component_1755083652708_106.png
centerX: 0.8931882305521966
centerY: 0.2013116623895067
width: 0.03909713825070536
height: 0.02623324779013402
Area: 0.00040536190244029705
CentroidX: 0.9093
CentroidY: 0.2148
