Location: internet_20.png_Mean-Medain.png
Component: component_1755083652264_127.png
centerX: 0.3724304715840387
centerY: 0.17080125463358997
width: 0.031035872632003223
height: 0.02765896777872826
Area: 0.00034674705405794617
CentroidX: 0.3858
CentroidY: 0.1833
