Location: internet_20.png_Otsu.png
Component: component_1755083652508_1181.png
centerX: 0.8948004836759371
centerY: 0.6678072426575421
width: 0.029826682789197905
height: 0.023952095808383235
Area: 0.00014630725880535812
CentroidX: 0.9038
CentroidY: 0.6829
