Location: internet_20.png_Mean-Medain.png
Component: component_1755083652251_53.png
centerX: 0.39903264812575573
centerY: 0.05075563159395495
width: 0.0354695687222894
height: 0.03022526375819789
Area: 0.0004177744585683243
CentroidX: 0.4143
CentroidY: 0.0640
