Location: internet_20.png_Mean-Medain.png
Component: component_1755083652306_347.png
centerX: 0.35227730753728337
centerY: 0.6424294268605646
width: 0.03143893591293833
height: 0.02765896777872826
Area: 0.0004072007996444492
CentroidX: 0.3661
CentroidY: 0.6564
