Location: internet_20.png_Otsu.png
Component: component_1755083652580_1399.png
centerX: 0.8033051189036678
centerY: 0.7764471057884231
width: 0.028214429665457477
height: 0.029369831765041345
Area: 0.0002762943049238656
CentroidX: 0.8177
CentroidY: 0.7886
