Location: internet_20.png_Gaussian-Median.png
Component: component_1755083652812_34.png
centerX: 0.9012494961708988
centerY: 0.012261191901910464
width: 0.036275695284159616
height: 0.028229255774165955
Area: 0.00038869689652766787
CentroidX: 0.9170
CentroidY: 0.0249
