Location: internet_20.png_Gaussian-Median.png
Component: component_1755083652855_298.png
centerX: 0.4973800886739218
centerY: 0.49101796407185627
width: 0.04030632809351068
height: 0.02566295979469632
Area: 0.0003310014967473931
CentroidX: 0.5128
CentroidY: 0.5037
