Location: internet_20.png_Mean-Medain.png
Component: component_1755083652276_205.png
centerX: 0.3599355098750504
centerY: 0.31137724550898205
width: 0.030229746070133012
height: 0.029654975762760195
Area: 0.00038938648297922495
CentroidX: 0.3749
CentroidY: 0.3238
