Location: internet_20.png_Gaussian-Closing.png
Component: component_1755083652667_11.png
centerX: 0.5215638855300282
centerY: 0.010265183917878529
width: 0.030632809351068116
height: 0.029940119760479042
Area: 0.00042800332426642083
CentroidX: 0.5369
CentroidY: 0.0223
