Location: internet_20.png_Otsu.png
Component: component_1755083652400_602.png
centerX: 0.10842402257154374
centerY: 0.22811519817507842
width: 0.028617492946392584
height: 0.029940119760479042
Area: 0.000290086033955007
CentroidX: 0.1221
CentroidY: 0.2409
