Location: internet_20.png_Mean-Medain.png
Component: component_1755083652280_228.png
centerX: 0.06368399838774688
centerY: 0.3664100370687197
width: 0.03788794840790004
height: 0.029940119760479042
Area: 0.00040972928330015846
CentroidX: 0.0807
CentroidY: 0.3799
