Location: internet_20.png_Gaussian-Closing.png
Component: component_1755083652727_191.png
centerX: 0.7521160822249093
centerY: 0.3840889649272883
width: 0.030632809351068116
height: 0.035642999714856
Area: 0.00041961335577247647
CentroidX: 0.7666
CentroidY: 0.3992
