Location: internet_20.png_Otsu.png
Component: component_1755083652386_155.png
centerX: 0.5800080612656187
centerY: 0.12261191901910465
width: 0.03667875856509472
height: 0.033361847733105215
Area: 0.00021630028363840063
CentroidX: 0.5946
CentroidY: 0.1362
