Location: internet_20.png_Mean-Medain.png
Component: component_1755083652288_263.png
centerX: 0.38774687625957277
centerY: 0.44510978043912175
width: 0.037081821846029824
height: 0.03222127174222983
Area: 0.0003996153486773215
CentroidX: 0.4038
CentroidY: 0.4592
