Location: internet_20.png_Gaussian-Median.png
Component: component_1755083652843_236.png
centerX: 0.3518742442563482
centerY: 0.35956658112346734
width: 0.03305118903667876
height: 0.027944111776447105
Area: 0.000354562367175593
CentroidX: 0.3661
CentroidY: 0.3718
