Location: internet_20.png_Gaussian-Closing.png
Component: component_1755083652701_77.png
centerX: 0.16243450221684805
centerY: 0.1360136869118905
width: 0.029423619508262798
height: 0.030795551753635585
Area: 0.0003396213273918565
CentroidX: 0.1754
CentroidY: 0.1493
