Location: internet_20.png_Gaussian-Closing.png
Component: component_1755083652701_75.png
centerX: 0.26320032245062475
centerY: 0.13287710293698318
width: 0.026602176541717048
height: 0.026518391787852865
Area: 0.00030422255621192693
CentroidX: 0.2771
CentroidY: 0.1444
