Location: internet_20.png_Mean-Medain.png
Component: component_1755083652318_404.png
centerX: 0.6078194276501411
centerY: 0.789848873681209
width: 0.035872632003224506
height: 0.02737382378100941
Area: 0.00036180302491694216
CentroidX: 0.6229
CentroidY: 0.8021
