Location: internet_20.png_Gaussian-Median.png
Component: component_1755083652849_271.png
centerX: 0.7303506650544136
centerY: 0.4351297405189621
width: 0.03990326481257558
height: 0.029369831765041345
Area: 0.000385134033194623
CentroidX: 0.7481
CentroidY: 0.4478
