Location: internet_20.png_Otsu.png
Component: component_1755083652419_797.png
centerX: 0.5896815800080613
centerY: 0.44026233247790136
width: 0.03184199919387344
height: 0.033361847733105215
Area: 0.00037536489179756455
CentroidX: 0.6033
CentroidY: 0.4545
