Location: internet_20.png_Gaussian-Closing.png
Component: component_1755083652704_86.png
centerX: 0.7855703345425232
centerY: 0.16481323068149414
width: 0.02781136638452237
height: 0.026518391787852865
Area: 0.0002618129894411672
CentroidX: 0.7986
CentroidY: 0.1753
