Location: internet_20.png_Otsu.png
Component: component_1755083652577_1375.png
centerX: 0.1124546553808948
centerY: 0.7644710578842315
width: 0.02781136638452237
height: 0.026803535785571715
Area: 0.0003029583143840723
CentroidX: 0.1249
CentroidY: 0.7774
