Location: internet_20.png_Mean-Medain.png
Component: component_1755083652314_384.png
centerX: 0.6025796049979847
centerY: 0.7436555460507557
width: 0.032648125755743655
height: 0.02879954376960365
Area: 0.0003785829619048309
CentroidX: 0.6169
CentroidY: 0.7566
