Location: internet_20.png_Mean-Medain.png
Component: component_1755083652286_257.png
centerX: 0.7303506650544136
centerY: 0.4351297405189621
width: 0.03990326481257558
height: 0.029369831765041345
Area: 0.00040168410803199267
CentroidX: 0.7481
CentroidY: 0.4478
