Location: internet_20.png_Mean-Medain.png
Component: component_1755083652311_373.png
centerX: 0.16727126158806932
centerY: 0.7080125463358996
width: 0.029423619508262798
height: 0.030795551753635585
Area: 0.0004238658055570784
CentroidX: 0.1804
CentroidY: 0.7235
