Location: internet_20.png_Otsu.png
Component: component_1755083652572_1322.png
centerX: 0.8375654977831519
centerY: 0.7248360422013117
width: 0.032648125755743655
height: 0.02480752780153978
Area: 0.0001551569516003405
CentroidX: 0.8477
CentroidY: 0.7418
