Location: internet_20.png_Otsu.png
Component: component_1755083652397_509.png
centerX: 0.7896009673518742
centerY: 0.20872540633019676
width: 0.03506650544135429
height: 0.034787567721699456
Area: 0.00013849194568771135
CentroidX: 0.7998
CentroidY: 0.2268
