Location: internet_20.png_Mean-Medain.png
Component: component_1755083652248_32.png
centerX: 0.18661829907295446
centerY: 0.006273167949814656
width: 0.029423619508262798
height: 0.037639007698887936
Area: 0.0005092595944748954
CentroidX: 0.2002
CentroidY: 0.0219
