Location: internet_20.png_Mean-Medain.png
Component: component_1755083652271_181.png
centerX: 0.5219669488109633
centerY: 0.25206729398346167
width: 0.032245062474808545
height: 0.030795551753635585
Area: 0.0004559315755544821
CentroidX: 0.5359
CentroidY: 0.2664
