Location: internet_20.png_Gaussian-Median.png
Component: component_1755083652880_388.png
centerX: 0.31035872632003225
centerY: 0.7043056743655546
width: 0.03788794840790004
height: 0.029654975762760195
Area: 0.0004019139701825117
CentroidX: 0.3268
CentroidY: 0.7169
