Location: internet_20.png_Gaussian-Closing.png
Component: component_1755083652672_28.png
centerX: 0.34623135832325674
centerY: 0.05161106358711149
width: 0.028617492946392584
height: 0.030795551753635585
Area: 0.0003831802049152113
CentroidX: 0.3593
CentroidY: 0.0649
