Location: internet_20.png_Mean-Medain.png
Component: component_1755083652248_35.png
centerX: 0.475614671503426
centerY: 0.009694895922440832
width: 0.030632809351068116
height: 0.03022526375819789
Area: 0.0004748952029723015
CentroidX: 0.4897
CentroidY: 0.0235
