Location: internet_20.png_Mean-Medain.png
Component: component_1755083652266_145.png
centerX: 0.8464328899637243
centerY: 0.2041631023666952
width: 0.032648125755743655
height: 0.03022526375819789
Area: 0.00048650324157351217
CentroidX: 0.8596
CentroidY: 0.2185
