Location: internet_20.png_Mean-Medain.png
Component: component_1755083652275_202.png
centerX: 0.25312374042724706
centerY: 0.30795551753635586
width: 0.03869407496977025
height: 0.03051040775591674
Area: 0.0004382321899645173
CentroidX: 0.2687
CentroidY: 0.3220
