Location: internet_20.png_Gaussian-Median.png
Component: component_1755083652838_216.png
centerX: 0.407496977025393
centerY: 0.30795551753635586
width: 0.028214429665457477
height: 0.031080695751354435
Area: 0.0003977764514731693
CentroidX: 0.4207
CentroidY: 0.3221
