Location: internet_20.png_Gaussian-Median.png
Component: component_1755083652818_67.png
centerX: 0.5771866182990729
centerY: 0.08525805531793555
width: 0.03305118903667876
height: 0.027088679783290562
Area: 0.00035950440341175194
CentroidX: 0.5904
CentroidY: 0.0975
