Location: internet_20.png_Otsu.png
Component: component_1755083652504_1164.png
centerX: 0.09713825070536074
centerY: 0.654690618762475
width: 0.02781136638452237
height: 0.032506415739948676
Area: 0.0003266341158875317
CentroidX: 0.1107
CentroidY: 0.6698
