Location: internet_20.png_Otsu.png
Component: component_1755083652421_821.png
centerX: 0.15114873035066506
centerY: 0.4550898203592814
width: 0.030632809351068116
height: 0.029940119760479042
Area: 0.0003358286019082926
CentroidX: 0.1649
CentroidY: 0.4677
