Location: internet_20.png_Gaussian-Median.png
Component: component_1755083652872_360.png
centerX: 0.5477629987908101
centerY: 0.6298830909609353
width: 0.03305118903667876
height: 0.025092671799258625
Area: 0.0004258196338364901
CentroidX: 0.5632
CentroidY: 0.6420
