Location: internet_20.png_Otsu.png
Component: component_1755083652388_186.png
centerX: 0.3720274083031036
centerY: 0.1300256629597947
width: 0.036275695284159616
height: 0.02765896777872826
Area: 0.0002427344309480883
CentroidX: 0.3854
CentroidY: 0.1436
