Location: internet_20.png_Mean-Medain.png
Component: component_1755083652319_409.png
centerX: 0.3720274083031036
centerY: 0.801254633589963
width: 0.03345425231761386
height: 0.029369831765041345
Area: 0.0004151310438373555
CentroidX: 0.3857
CentroidY: 0.8155
