Location: internet_20.png_Otsu.png
Component: component_1755083652503_1161.png
centerX: 0.053607416364369206
centerY: 0.6544054747647562
width: 0.03385731559854897
height: 0.03136583974907328
Area: 0.00035479222932611196
CentroidX: 0.0678
CentroidY: 0.6690
