Location: internet_20.png_Mean-Medain.png
Component: component_1755083652280_225.png
centerX: 0.30552196694881095
centerY: 0.3615625891074993
width: 0.036275695284159616
height: 0.02765896777872826
Area: 0.00037743365115223574
CentroidX: 0.3202
CentroidY: 0.3743
