Location: internet_20.png_Otsu.png
Component: component_1755083652410_738.png
centerX: 0.6428859330914953
centerY: 0.34331337325349304
width: 0.03869407496977025
height: 0.033361847733105215
Area: 0.0004081202482465253
CentroidX: 0.6607
CentroidY: 0.3573
