Location: internet_20.png_Gaussian-Median.png
Component: component_1755083652855_300.png
centerX: 0.45264006449012495
centerY: 0.491588252067294
width: 0.02781136638452237
height: 0.030795551753635585
Area: 0.000310313903200681
CentroidX: 0.4659
CentroidY: 0.5039
