Location: internet_20.png_Otsu.png
Component: component_1755083652401_692.png
centerX: 0.6803708182184603
centerY: 0.24807527801539778
width: 0.037081821846029824
height: 0.029940119760479042
Area: 0.00039271948416175076
CentroidX: 0.6955
CentroidY: 0.2621
