Location: internet_20.png_Mean-Medain.png
Component: component_1755083652297_305.png
centerX: 0.3555018137847642
centerY: 0.5372112917023096
width: 0.03143893591293833
height: 0.028514399771884802
Area: 0.0003390466720155589
CentroidX: 0.3668
CentroidY: 0.5532
