Location: internet_20.png_Gaussian-Median.png
Component: component_1755083652846_254.png
centerX: 0.524788391777509
centerY: 0.3983461648132307
width: 0.03305118903667876
height: 0.03165098374679213
Area: 0.00038444444674306594
CentroidX: 0.5387
CentroidY: 0.4128
