Location: internet_20.png_Mean-Medain.png
Component: component_1755083652250_42.png
centerX: 0.29907295445384924
centerY: 0.015112631879098944
width: 0.03345425231761386
height: 0.030795551753635585
Area: 0.00046834413168250934
CentroidX: 0.3139
CentroidY: 0.0288
