Location: internet_20.png_Otsu.png
Component: component_1755083652407_728.png
centerX: 0.013704151551793631
centerY: 0.32078699743370404
width: 0.029423619508262798
height: 0.03022526375819789
Area: 0.0003638717842716134
CentroidX: 0.0274
CentroidY: 0.3337
