Location: internet_20.png_Otsu.png
Component: component_1755083652411_744.png
centerX: 0.3518742442563482
centerY: 0.3598517251211862
width: 0.032648125755743655
height: 0.02737382378100941
Area: 0.00033479422223095696
CentroidX: 0.3660
CentroidY: 0.3717
