Location: internet_20.png_Otsu.png
Component: component_1755083652443_899.png
centerX: 0.7448609431680774
centerY: 0.5300826917593384
width: 0.03345425231761386
height: 0.026803535785571715
Area: 0.00030123434825517963
CentroidX: 0.7587
CentroidY: 0.5426
