Location: internet_20.png_Gaussian-Closing.png
Component: component_1755083652749_307.png
centerX: 0.09673518742442563
centerY: 0.6544054747647562
width: 0.028214429665457477
height: 0.03279155973766752
Area: 0.00037973227265742596
CentroidX: 0.1108
CentroidY: 0.6700
