Location: internet_20.png_Gaussian-Median.png
Component: component_1755083652842_233.png
centerX: 0.49858927851672713
centerY: 0.34844596521243226
width: 0.032648125755743655
height: 0.031936127744510975
Area: 0.000385134033194623
CentroidX: 0.5138
CentroidY: 0.3632
