Location: internet_20.png_Gaussian-Median.png
Component: component_1755083652846_251.png
centerX: 0.6553808948004837
centerY: 0.39064727687482176
width: 0.03143893591293833
height: 0.03051040775591674
Area: 0.00039524796781746
CentroidX: 0.6705
CentroidY: 0.4036
