Location: internet_20.png_Gaussian-Closing.png
Component: component_1755083652722_170.png
centerX: 0.7843611446997178
centerY: 0.33704020530367834
width: 0.04070939137444579
height: 0.030795551753635585
Area: 0.00041363693985898187
CentroidX: 0.8029
CentroidY: 0.3499
