Location: internet_20.png_Mean-Medain.png
Component: component_1755083652312_375.png
centerX: 0.018137847642079808
centerY: 0.7120045623039635
width: 0.03143893591293833
height: 0.03507271171941831
Area: 0.00044869091781313286
CentroidX: 0.0317
CentroidY: 0.7309
