Location: internet_20.png_Mean-Medain.png
Component: component_1755083652269_166.png
centerX: 0.05441354292623942
centerY: 0.22897063016823496
width: 0.03385731559854897
height: 0.0290846877673225
Area: 0.00041501611276209603
CentroidX: 0.0695
CentroidY: 0.2423
