Location: internet_20.png_Mean-Medain.png
Component: component_1755083652315_389.png
centerX: 0.36920596533655786
centerY: 0.7522098659823211
width: 0.032245062474808545
height: 0.0290846877673225
Area: 0.00043271549835206076
CentroidX: 0.3835
CentroidY: 0.7666
