Location: internet_20.png_Otsu.png
Component: component_1755083652407_730.png
centerX: 0.09995969367190649
centerY: 0.32249786142001713
width: 0.039500201531640466
height: 0.03165098374679213
Area: 0.00039065072480707957
CentroidX: 0.1162
CentroidY: 0.3371
