Location: internet_20.png_Gaussian-Median.png
Component: component_1755083652846_252.png
centerX: 0.6110439338976219
centerY: 0.39264328485885375
width: 0.03385731559854897
height: 0.033361847733105215
Area: 0.00040237369448354975
CentroidX: 0.6253
CentroidY: 0.4075
