Location: internet_20.png_Gaussian-Closing.png
Component: component_1755083652729_205.png
centerX: 0.10761789600967352
centerY: 0.41060735671514115
width: 0.041515517936316
height: 0.028514399771884802
Area: 0.00039904069330102393
CentroidX: 0.1246
CentroidY: 0.4237
