Location: internet_20.png_Otsu.png
Component: component_1755083652411_740.png
centerX: 0.54695687222894
centerY: 0.34673510122611917
width: 0.03143893591293833
height: 0.028229255774165955
Area: 0.0003442185704022369
CentroidX: 0.5603
CentroidY: 0.3597
