Location: internet_20.png_Mean-Medain.png
Component: component_1755083652281_231.png
centerX: 0.939540507859734
centerY: 0.37781579697747364
width: 0.02902055622732769
height: 0.034787567721699456
Area: 0.0004085799725475634
CentroidX: 0.9533
CentroidY: 0.3931
