Location: Samociqulo_1709_page_10.png_Gaussian-Median.png
Component: component_1755610056328_3748.png
centerX: 0.37936117936117936
centerY: 0.913125
width: 0.020147420147420148
height: 0.0125
Area: 0.0001335995085995086
CentroidX: 0.3883
CentroidY: 0.9193
