Location: internet_20.png_Mean-Medain.png
Component: component_1755083652274_196.png
centerX: 0.6711003627569528
centerY: 0.2934131736526946
width: 0.030632809351068116
height: 0.03051040775591674
Area: 0.0004099591454506775
CentroidX: 0.6858
CentroidY: 0.3066
