Location: internet_20.png_Otsu.png
Component: component_1755083652374_21.png
centerX: 0.47601773478436116
centerY: 0.00998003992015968
width: 0.030229746070133012
height: 0.029940119760479042
Area: 0.0004438638126522334
CentroidX: 0.4897
CentroidY: 0.0237
