Location: internet_20.png_Otsu.png
Component: component_1755083652589_1463.png
centerX: 0.3232567513099557
centerY: 0.8046763615625891
width: 0.0354695687222894
height: 0.02737382378100941
Area: 0.0003238757700813034
CentroidX: 0.3379
CentroidY: 0.8188
