Location: internet_20.png_Gaussian-Median.png
Component: component_1755083652832_179.png
centerX: 0.10802095929060862
centerY: 0.22811519817507842
width: 0.028617492946392584
height: 0.03022526375819789
Area: 0.0003619179559922017
CentroidX: 0.1220
CentroidY: 0.2410
