Location: internet_20.png_Gaussian-Closing.png
Component: component_1755083652729_204.png
centerX: 0.16203143893591293
centerY: 0.41003706871970347
width: 0.02902055622732769
height: 0.03022526375819789
Area: 0.00036007905878804953
CentroidX: 0.1759
CentroidY: 0.4231
