Location: internet_20.png_Mean-Medain.png
Component: component_1755083652304_341.png
centerX: 0.6493349455864571
centerY: 0.6230396350156829
width: 0.0354695687222894
height: 0.026518391787852865
Area: 0.00043834712103977684
CentroidX: 0.6652
CentroidY: 0.6367
