Location: internet_20.png_Gaussian-Median.png
Component: component_1755083652825_123.png
centerX: 0.8927851672712616
centerY: 0.1645280866837753
width: 0.032245062474808545
height: 0.02879954376960365
Area: 0.0003208875621245561
CentroidX: 0.9062
CentroidY: 0.1773
