Location: internet_20.png_Otsu.png
Component: component_1755083652544_1282.png
centerX: 0.31076178960096734
centerY: 0.7045908183632734
width: 0.037081821846029824
height: 0.02879954376960365
Area: 0.0003320358764247287
CentroidX: 0.3261
CentroidY: 0.7165
