Location: internet_20.png_Gaussian-Closing.png
Component: component_1755083652723_175.png
centerX: 0.54695687222894
centerY: 0.34673510122611917
width: 0.03143893591293833
height: 0.028514399771884802
Area: 0.00036444643964791095
CentroidX: 0.5604
CentroidY: 0.3597
