Location: internet_20.png_Otsu.png
Component: component_1755083652594_1486.png
centerX: 0.06408706166868199
centerY: 0.8126603934987169
width: 0.03426037887948408
height: 0.031080695751354435
Area: 0.00033973625846711597
CentroidX: 0.0783
CentroidY: 0.8269
