Location: internet_20.png_Otsu.png
Component: component_1755083652392_328.png
centerX: 0.6219266424828698
centerY: 0.16538351867693185
width: 0.036275695284159616
height: 0.03279155973766752
Area: 0.000295257932341685
CentroidX: 0.6374
CentroidY: 0.1791
