Location: internet_20.png_Otsu.png
Component: component_1755083652510_1198.png
centerX: 0.7561467150342603
centerY: 0.6746506986027944
width: 0.03184199919387344
height: 0.02765896777872826
Area: 0.00034341405287542035
CentroidX: 0.7705
CentroidY: 0.6878
