Location: internet_20.png_Mean-Medain.png
Component: component_1755083652252_55.png
centerX: 0.34623135832325674
centerY: 0.05161106358711149
width: 0.028617492946392584
height: 0.030795551753635585
Area: 0.00039547782996797904
CentroidX: 0.3594
CentroidY: 0.0649
