Location: internet_20.png_Mean-Medain.png
Component: component_1755083652283_240.png
centerX: 0.524788391777509
centerY: 0.3983461648132307
width: 0.032648125755743655
height: 0.03165098374679213
Area: 0.00039329413953804836
CentroidX: 0.5387
CentroidY: 0.4127
