Location: internet_20.png_Gaussian-Median.png
Component: component_1755083652879_384.png
centerX: 0.5006045949214026
centerY: 0.6911890504704876
width: 0.041112454655380895
height: 0.02737382378100941
Area: 0.0004238658055570784
CentroidX: 0.5160
CentroidY: 0.7056
