Location: internet_20.png_Gaussian-Closing.png
Component: component_1755083652729_203.png
centerX: 0.25836356307940345
centerY: 0.40633019674935844
width: 0.03506650544135429
height: 0.028514399771884802
Area: 0.0003661704057768036
CentroidX: 0.2727
CentroidY: 0.4193
