Location: internet_20.png_Gaussian-Closing.png
Component: component_1755083652758_351.png
centerX: 0.016122531237404272
centerY: 0.7687482178500142
width: 0.027005239822652155
height: 0.02623324779013402
Area: 0.0003380122923382233
CentroidX: 0.0292
CentroidY: 0.7814
