Location: internet_20.png_Otsu.png
Component: component_1755083652442_897.png
centerX: 0.5525997581620314
centerY: 0.5275163957798689
width: 0.03990326481257558
height: 0.03307670373538637
Area: 0.00032341604578026536
CentroidX: 0.5696
CentroidY: 0.5421
