Location: internet_20.png_Mean-Medain.png
Component: component_1755083652307_355.png
centerX: 0.9330914953647723
centerY: 0.6612489307100086
width: 0.029826682789197905
height: 0.03051040775591674
Area: 0.000425130047384933
CentroidX: 0.9470
CentroidY: 0.6762
