Location: internet_20.png_Otsu.png
Component: component_1755083652402_701.png
centerX: 0.5219669488109633
centerY: 0.2523524379811805
width: 0.032245062474808545
height: 0.03051040775591674
Area: 0.0004228314258797428
CentroidX: 0.5359
CentroidY: 0.2665
