Location: internet_20.png_Otsu.png
Component: component_1755083652408_732.png
centerX: 0.8823055219669488
centerY: 0.33390362132877105
width: 0.032648125755743655
height: 0.0290846877673225
Area: 0.0003472067783589842
CentroidX: 0.8975
CentroidY: 0.3462
