Location: internet_20.png_Gaussian-Closing.png
Component: component_1755083652714_134.png
centerX: 0.6267634018540911
centerY: 0.24893071000855432
width: 0.0354695687222894
height: 0.029369831765041345
Area: 0.0004351290509325105
CentroidX: 0.6421
CentroidY: 0.2628
