Location: internet_20.png_Gaussian-Closing.png
Component: component_1755083652749_306.png
centerX: 0.053607416364369206
centerY: 0.6544054747647562
width: 0.03385731559854897
height: 0.03136583974907328
Area: 0.00040306328093510683
CentroidX: 0.0682
CentroidY: 0.6693
