Location: internet_20.png_Mean-Medain.png
Component: component_1755083652256_79.png
centerX: 0.3619508262797259
centerY: 0.0943826632449387
width: 0.03143893591293833
height: 0.03051040775591674
Area: 0.00038743265469981324
CentroidX: 0.3765
CentroidY: 0.1071
