Location: internet_20.png_Gaussian-Median.png
Component: component_1755083652865_332.png
centerX: 0.8548972188633616
centerY: 0.5705731394354149
width: 0.04030632809351068
height: 0.02480752780153978
Area: 0.0004081202482465253
CentroidX: 0.8727
CentroidY: 0.5820
