Location: internet_20.png_Gaussian-Median.png
Component: component_1755083652814_48.png
centerX: 0.45747682386134625
centerY: 0.04875962360992301
width: 0.03345425231761386
height: 0.03136583974907328
Area: 0.0004059365578165946
CentroidX: 0.4718
CentroidY: 0.0623
