Location: internet_20.png_Otsu.png
Component: component_1755083652574_1354.png
centerX: 0.550987505038291
centerY: 0.7445109780439122
width: 0.03667875856509472
height: 0.029654975762760195
Area: 0.00034950539986417444
CentroidX: 0.5652
CentroidY: 0.7592
