Location: internet_20.png_Gaussian-Median.png
Component: component_1755083652846_253.png
centerX: 0.5675130995566304
centerY: 0.39577986883376104
width: 0.02781136638452237
height: 0.03307670373538637
Area: 0.00038731772362455376
CentroidX: 0.5808
CentroidY: 0.4101
