Location: internet_20.png_Gaussian-Closing.png
Component: component_1755083652722_171.png
centerX: 0.7440548166062072
centerY: 0.33818078129455376
width: 0.028214429665457477
height: 0.032506415739948676
Area: 0.00036743464760465825
CentroidX: 0.7577
CentroidY: 0.3520
