Location: internet_20.png_Otsu.png
Component: component_1755083652393_334.png
centerX: 0.5719467956469165
centerY: 0.16823495865412033
width: 0.03184199919387344
height: 0.02879954376960365
Area: 0.00023652815288407466
CentroidX: 0.5855
CentroidY: 0.1814
