Location: internet_20.png_Gaussian-Median.png
Component: component_1755083652879_381.png
centerX: 0.6033857315598549
centerY: 0.6814941545480467
width: 0.03829101168883515
height: 0.03051040775591674
Area: 0.00048661817264877166
CentroidX: 0.6181
CentroidY: 0.6976
