Location: internet_20.png_Otsu.png
Component: component_1755083652406_722.png
centerX: 0.45425231761386536
centerY: 0.3048189335614485
width: 0.03667875856509472
height: 0.0290846877673225
Area: 0.00036640026792732265
CentroidX: 0.4706
CentroidY: 0.3178
