Location: internet_20.png_Mean-Medain.png
Component: component_1755083652302_329.png
centerX: 0.20556227327690446
centerY: 0.5930995152552039
width: 0.037484885126964934
height: 0.03136583974907328
Area: 0.00039639727857005515
CentroidX: 0.2208
CentroidY: 0.6066
