Location: internet_20.png_Otsu.png
Component: component_1755083652378_39.png
centerX: 0.9250302297460702
centerY: 0.04818933561448532
width: 0.03466344216041919
height: 0.026518391787852865
Area: 0.0003173246987915112
CentroidX: 0.9411
CentroidY: 0.0598
