Location: internet_20.png_Mean-Medain.png
Component: component_1755083652287_261.png
centerX: 0.539701733172108
centerY: 0.442828628457371
width: 0.036275695284159616
height: 0.033932135728542916
Area: 0.00043938150071711244
CentroidX: 0.5562
CentroidY: 0.4574
