Location: internet_20.png_Otsu.png
Component: component_1755083652462_1025.png
centerX: 0.154776299879081
centerY: 0.6013686911890505
width: 0.03667875856509472
height: 0.02480752780153978
Area: 0.0003079003506202313
CentroidX: 0.1699
CentroidY: 0.6143
