Location: internet_20.png_Otsu.png
Component: component_1755083652452_924.png
centerX: 0.25151148730350664
centerY: 0.5474764756201882
width: 0.03829101168883515
height: 0.029940119760479042
Area: 0.0002560664356781916
CentroidX: 0.2666
CentroidY: 0.5615
