Location: internet_20.png_Mean-Medain.png
Component: component_1755083652280_229.png
centerX: 0.16162837565497784
centerY: 0.36669518106643856
width: 0.03345425231761386
height: 0.03222127174222983
Area: 0.00038766251685033227
CentroidX: 0.1766
CentroidY: 0.3803
