Location: internet_20.png_Gaussian-Closing.png
Component: component_1755083652754_329.png
centerX: 0.06569931479242241
centerY: 0.7131451382948389
width: 0.03385731559854897
height: 0.028514399771884802
Area: 0.00042329115018078085
CentroidX: 0.0800
CentroidY: 0.7277
