Location: internet_20.png_Mean-Medain.png
Component: component_1755083652305_345.png
centerX: 0.4482063683998388
centerY: 0.6353008269175934
width: 0.03143893591293833
height: 0.026518391787852865
Area: 0.0004188088382456599
CentroidX: 0.4625
CentroidY: 0.6487
