Location: internet_20.png_Gaussian-Median.png
Component: component_1755083652834_190.png
centerX: 0.6267634018540911
centerY: 0.24893071000855432
width: 0.035872632003224506
height: 0.029369831765041345
Area: 0.0004368530170614032
CentroidX: 0.6421
CentroidY: 0.2628
