Location: internet_20.png_Gaussian-Median.png
Component: component_1755083652887_418.png
centerX: 0.848851269649335
centerY: 0.7750213857998289
width: 0.028214429665457477
height: 0.02879954376960365
Area: 0.00033215080749998823
CentroidX: 0.8638
CentroidY: 0.7872
