Location: internet_20.png_Gaussian-Median.png
Component: component_1755083652840_227.png
centerX: 0.7843611446997178
centerY: 0.33704020530367834
width: 0.04070939137444579
height: 0.030795551753635585
Area: 0.0004128324223321653
CentroidX: 0.8029
CentroidY: 0.3499
