Location: internet_20.png_Otsu.png
Component: component_1755083652391_325.png
centerX: 0.7855703345425232
centerY: 0.165098374679213
width: 0.02781136638452237
height: 0.02594810379241517
Area: 0.0001881421701998203
CentroidX: 0.7987
CentroidY: 0.1744
