Location: internet_20.png_Otsu.png
Component: component_1755083652411_741.png
centerX: 0.49858927851672713
centerY: 0.34844596521243226
width: 0.032245062474808545
height: 0.03165098374679213
Area: 0.00036180302491694216
CentroidX: 0.5137
CentroidY: 0.3631
