Location: internet_20.png_Gaussian-Closing.png
Component: component_1755083652696_56.png
centerX: 0.16727126158806932
centerY: 0.09694895922440833
width: 0.03184199919387344
height: 0.027944111776447105
Area: 0.0003492755377136554
CentroidX: 0.1812
CentroidY: 0.1101
