Location: internet_20.png_Otsu.png
Component: component_1755083652380_45.png
centerX: 0.34623135832325674
centerY: 0.05189620758483034
width: 0.028214429665457477
height: 0.03051040775591674
Area: 0.0003555967468529286
CentroidX: 0.3592
CentroidY: 0.0647
