Location: internet_20.png_Mean-Medain.png
Component: component_1755083652279_224.png
centerX: 0.2555421201128577
centerY: 0.3618477331052181
width: 0.035872632003224506
height: 0.029369831765041345
Area: 0.0003878923790008513
CentroidX: 0.2705
CentroidY: 0.3745
