Location: internet_20.png_Gaussian-Median.png
Component: component_1755083652839_220.png
centerX: 0.013704151551793631
centerY: 0.32078699743370404
width: 0.029423619508262798
height: 0.03051040775591674
Area: 0.0003861684128719586
CentroidX: 0.0274
CentroidY: 0.3338
