Location: internet_20.png_Gaussian-Median.png
Component: component_1755083652812_33.png
centerX: 0.5215638855300282
centerY: 0.010265183917878529
width: 0.031035872632003223
height: 0.029940119760479042
Area: 0.0004288078417932374
CentroidX: 0.5369
CentroidY: 0.0223
