Location: internet_20.png_Gaussian-Median.png
Component: component_1755083652890_431.png
centerX: 0.21966948810963322
centerY: 0.8075278015397775
width: 0.03426037887948408
height: 0.028514399771884802
Area: 0.0003412303624454896
CentroidX: 0.2348
CentroidY: 0.8192
