Location: internet_20.png_Otsu.png
Component: component_1755083652403_708.png
centerX: 0.2071745264006449
centerY: 0.26518391787852863
width: 0.03345425231761386
height: 0.027944111776447105
Area: 0.00034456336362801544
CentroidX: 0.2213
CentroidY: 0.2782
