Location: internet_20.png_Gaussian-Median.png
Component: component_1755083652830_164.png
centerX: 0.5796049979846836
centerY: 0.20929569432563444
width: 0.024989923417976623
height: 0.027944111776447105
Area: 0.00030042983072836306
CentroidX: 0.5924
CentroidY: 0.2218
