Location: internet_20.png_Otsu.png
Component: component_1755083652546_1288.png
centerX: 0.21442966545747683
centerY: 0.7068719703450242
width: 0.030632809351068116
height: 0.03051040775591674
Area: 0.0003360584640588116
CentroidX: 0.2267
CentroidY: 0.7219
