Location: internet_20.png_Otsu.png
Component: component_1755083652454_945.png
centerX: 0.010882708585247884
centerY: 0.5574565155403479
width: 0.03143893591293833
height: 0.0290846877673225
Area: 0.0003019239347067367
CentroidX: 0.0252
CentroidY: 0.5700
