Location: internet_20.png_Otsu.png
Component: component_1755083652462_1018.png
centerX: 0.2571543732365981
centerY: 0.5942400912460792
width: 0.03345425231761386
height: 0.025092671799258625
Area: 0.0002836498937404744
CentroidX: 0.2714
CentroidY: 0.6065
