Location: internet_20.png_Mean-Medain.png
Component: component_1755083652279_219.png
centerX: 0.5465538089480049
centerY: 0.34673510122611917
width: 0.03184199919387344
height: 0.028514399771884802
Area: 0.00037605447824912163
CentroidX: 0.5604
CentroidY: 0.3597
