Location: internet_20.png_Gaussian-Median.png
Component: component_1755083652890_430.png
centerX: 0.32285368802902054
centerY: 0.8046763615625891
width: 0.036275695284159616
height: 0.02737382378100941
Area: 0.00036869888943251287
CentroidX: 0.3377
CentroidY: 0.8186
