Location: internet_20.png_Otsu.png
Component: component_1755083652420_806.png
centerX: 0.34139459895203544
centerY: 0.4473909324208725
width: 0.030229746070133012
height: 0.031936127744510975
Area: 0.0003339897047041404
CentroidX: 0.3556
CentroidY: 0.4604
