Location: internet_20.png_Gaussian-Closing.png
Component: component_1755083652702_78.png
centerX: 0.06650544135429262
centerY: 0.1371542629027659
width: 0.02781136638452237
height: 0.028514399771884802
Area: 0.00030881979922230737
CentroidX: 0.0790
CentroidY: 0.1495
