Location: internet_20.png_Gaussian-Closing.png
Component: component_1755083652736_244.png
centerX: 0.20475614671503425
centerY: 0.4998574280011406
width: 0.03385731559854897
height: 0.029654975762760195
Area: 0.0003812263766357996
CentroidX: 0.2195
CentroidY: 0.5140
