Location: internet_20.png_Mean-Medain.png
Component: component_1755083652267_148.png
centerX: 0.7891979040709391
centerY: 0.20758483033932135
width: 0.0354695687222894
height: 0.03592814371257485
Area: 0.000449840228565728
CentroidX: 0.8032
CentroidY: 0.2232
