Location: internet_20.png_Mean-Medain.png
Component: component_1755083652272_187.png
centerX: 0.2067714631197098
centerY: 0.26518391787852863
width: 0.03385731559854897
height: 0.028229255774165955
Area: 0.000375249960722305
CentroidX: 0.2213
CentroidY: 0.2782
