Location: internet_20.png_Mean-Medain.png
Component: component_1755083652251_52.png
centerX: 0.23417976622329706
centerY: 0.0510407755916738
width: 0.02902055622732769
height: 0.032506415739948676
Area: 0.00042961235932005397
CentroidX: 0.2476
CentroidY: 0.0643
