Location: internet_20.png_Otsu.png
Component: component_1755083652379_44.png
centerX: 0.1777509068923821
centerY: 0.05218135158254919
width: 0.03667875856509472
height: 0.033932135728542916
Area: 0.0004055917645908161
CentroidX: 0.1931
CentroidY: 0.0664
