Location: internet_20.png_Gaussian-Closing.png
Component: component_1755083652716_140.png
centerX: 0.3655783958081419
centerY: 0.25777017393783863
width: 0.03869407496977025
height: 0.03022526375819789
Area: 0.00040168410803199267
CentroidX: 0.3812
CentroidY: 0.2713
