Location: internet_20.png_Gaussian-Median.png
Component: component_1755083652882_392.png
centerX: 0.16727126158806932
centerY: 0.7080125463358996
width: 0.029423619508262798
height: 0.030795551753635585
Area: 0.00040570669566607556
CentroidX: 0.1805
CentroidY: 0.7235
