Location: internet_20.png_Mean-Medain.png
Component: component_1755083652272_188.png
centerX: 0.1592099959693672
centerY: 0.26746506986027946
width: 0.03143893591293833
height: 0.02623324779013402
Area: 0.00038168610093683767
CentroidX: 0.1743
CentroidY: 0.2805
