Location: internet_20.png_Mean-Medain.png
Component: component_1755083652298_310.png
centerX: 0.16404675534058846
centerY: 0.5489021956087824
width: 0.029423619508262798
height: 0.03165098374679213
Area: 0.0003661704057768036
CentroidX: 0.1770
CentroidY: 0.5644
