Location: internet_20.png_Otsu.png
Component: component_1755083652581_1419.png
centerX: 0.7049576783555018
centerY: 0.7835757057313943
width: 0.03506650544135429
height: 0.027088679783290562
Area: 0.00030146421040569865
CentroidX: 0.7199
CentroidY: 0.7962
