Location: internet_20.png_Gaussian-Closing.png
Component: component_1755083652735_238.png
centerX: 0.4973800886739218
centerY: 0.49101796407185627
width: 0.03990326481257558
height: 0.02566295979469632
Area: 0.0003289327373927219
CentroidX: 0.5128
CentroidY: 0.5037
