Location: internet_20.png_Mean-Medain.png
Component: component_1755083652275_200.png
centerX: 0.5074566706972995
centerY: 0.2999714856002281
width: 0.042724707779121324
height: 0.03022526375819789
Area: 0.0004242105987828569
CentroidX: 0.5252
CentroidY: 0.3148
