Location: internet_20.png_Mean-Medain.png
Component: component_1755083652281_232.png
centerX: 0.8923821039903265
centerY: 0.378956372968349
width: 0.037484885126964934
height: 0.03136583974907328
Area: 0.0004151310438373555
CentroidX: 0.9088
CentroidY: 0.3925
