Location: internet_20.png_Mean-Medain.png
Component: component_1755083652293_282.png
centerX: 0.4969770253929867
centerY: 0.49101796407185627
width: 0.04030632809351068
height: 0.02566295979469632
Area: 0.00034651719190742714
CentroidX: 0.5126
CentroidY: 0.5037
