Location: internet_20.png_Gaussian-Closing.png
Component: component_1755083652666_8.png
centerX: 0.016122531237404272
centerY: 0.0071285999429712005
width: 0.028617492946392584
height: 0.033932135728542916
Area: 0.00045466733372662746
CentroidX: 0.0297
CentroidY: 0.0222
