Location: internet_20.png_Gaussian-Median.png
Component: component_1755083652825_122.png
centerX: 0.8383716243450222
centerY: 0.16338751069289992
width: 0.032245062474808545
height: 0.026518391787852865
Area: 0.0002787078575043154
CentroidX: 0.8534
CentroidY: 0.1759
