Location: internet_20.png_Mean-Medain.png
Component: component_1755083652259_101.png
centerX: 0.4280532043530834
centerY: 0.12974051896207583
width: 0.0354695687222894
height: 0.027088679783290562
Area: 0.0003685839583572534
CentroidX: 0.4414
CentroidY: 0.1424
