Location: internet_20.png_Mean-Medain.png
Component: component_1755083652317_402.png
centerX: 0.7049576783555018
centerY: 0.7835757057313943
width: 0.03506650544135429
height: 0.027088679783290562
Area: 0.00037410064996970993
CentroidX: 0.7198
CentroidY: 0.7961
