Location: internet_20.png_Otsu.png
Component: component_1755083652504_1163.png
centerX: 0.012898024989923419
centerY: 0.654690618762475
width: 0.03184199919387344
height: 0.03364699173082407
Area: 0.00040846504147230384
CentroidX: 0.0266
CentroidY: 0.6720
