Location: internet_20.png_Otsu.png
Component: component_1755083652387_163.png
centerX: 0.9536477226924627
centerY: 0.1251782149985743
width: 0.02418379685610641
height: 0.016253207869974338
Area: 0.00012251652622663925
CentroidX: 0.9667
CentroidY: 0.1322
