Location: internet_20.png_Mean-Medain.png
Component: component_1755083652261_107.png
centerX: 0.06610237807335752
centerY: 0.1371542629027659
width: 0.028617492946392584
height: 0.028514399771884802
Area: 0.00033835708556400186
CentroidX: 0.0788
CentroidY: 0.1495
