Location: internet_20.png_Otsu.png
Component: component_1755083652489_1053.png
centerX: 0.7053607416364369
centerY: 0.6216139150270886
width: 0.029423619508262798
height: 0.02765896777872826
Area: 0.00029985517535206546
CentroidX: 0.7189
CentroidY: 0.6342
