Location: internet_20.png_Otsu.png
Component: component_1755083652594_1487.png
centerX: 0.0177347843611447
centerY: 0.8140861134873111
width: 0.031035872632003223
height: 0.03222127174222983
Area: 0.000414786250611577
CentroidX: 0.0312
CentroidY: 0.8288
