Location: internet_20.png_Otsu.png
Component: component_1755083652583_1442.png
centerX: 0.5203546956872229
centerY: 0.7946963216424294
width: 0.022974607013301087
height: 0.03022526375819789
Area: 0.0002919249311591592
CentroidX: 0.5306
CentroidY: 0.8088
