Location: internet_20.png_Mean-Medain.png
Component: component_1755083652318_406.png
centerX: 0.5199516324062878
centerY: 0.7944111776447106
width: 0.024989923417976623
height: 0.030795551753635585
Area: 0.0003789277551306094
CentroidX: 0.5312
CentroidY: 0.8091
