Location: internet_20.png_Gaussian-Closing.png
Component: component_1755083652741_270.png
centerX: 0.9532446594115276
centerY: 0.5677216994582264
width: 0.03143893591293833
height: 0.025092671799258625
Area: 0.0003310014967473931
CentroidX: 0.9683
CentroidY: 0.5798
