Location: internet_20.png_Otsu.png
Component: component_1755083652398_514.png
centerX: 0.6835953244659412
centerY: 0.20958083832335328
width: 0.03506650544135429
height: 0.024522383803820928
Area: 6.884371408044738e-05
CentroidX: 0.6972
CentroidY: 0.2247
