Location: internet_20.png_Otsu.png
Component: component_1755083652404_714.png
centerX: 0.909310761789601
centerY: 0.2894211576846307
width: 0.03385731559854897
height: 0.030795551753635585
Area: 0.00037708885792645723
CentroidX: 0.9233
CentroidY: 0.3041
