Location: internet_20.png_Otsu.png
Component: component_1755083652401_693.png
centerX: 0.8424022571543732
centerY: 0.24836042201311662
width: 0.031035872632003223
height: 0.03022526375819789
Area: 0.00039835110684946685
CentroidX: 0.8579
CentroidY: 0.2622
