Location: internet_20.png_Gaussian-Median.png
Component: component_1755083652841_229.png
centerX: 0.6960902861749295
centerY: 0.34074707727402337
width: 0.032245062474808545
height: 0.031936127744510975
Area: 0.0003885819654524084
CentroidX: 0.7105
CentroidY: 0.3539
