Location: internet_20.png_Otsu.png
Component: component_1755083652404_710.png
centerX: 0.10882708585247884
centerY: 0.27345309381237526
width: 0.03466344216041919
height: 0.02594810379241517
Area: 0.00033709284373614724
CentroidX: 0.1228
CentroidY: 0.2862
