Location: internet_20.png_Otsu.png
Component: component_1755083652454_960.png
centerX: 0.9532446594115276
centerY: 0.5680068434559452
width: 0.03143893591293833
height: 0.02480752780153978
Area: 0.00027744361567646076
CentroidX: 0.9676
CentroidY: 0.5794
