Location: internet_20.png_Otsu.png
Component: component_1755083652374_19.png
centerX: 0.016122531237404272
centerY: 0.0071285999429712005
width: 0.028617492946392584
height: 0.033932135728542916
Area: 0.0004339797401799154
CentroidX: 0.0296
CentroidY: 0.0221
