Location: internet_20.png_Gaussian-Closing.png
Component: component_1755083652719_156.png
centerX: 0.5074566706972995
centerY: 0.30025662959794697
width: 0.042724707779121324
height: 0.029940119760479042
Area: 0.000409844214375418
CentroidX: 0.5253
CentroidY: 0.3149
