Location: internet_20.png_Gaussian-Median.png
Component: component_1755083652863_322.png
centerX: 0.6545747682386135
centerY: 0.5372112917023096
width: 0.03466344216041919
height: 0.02623324779013402
Area: 0.00034456336362801544
CentroidX: 0.6697
CentroidY: 0.5500
