Location: internet_20.png_Otsu.png
Component: component_1755083652465_1039.png
centerX: 0.8831116485288191
centerY: 0.6107784431137725
width: 0.03426037887948408
height: 0.02879954376960365
Area: 0.0003461723986816486
CentroidX: 0.8977
CentroidY: 0.6253
