Location: internet_20.png_Gaussian-Median.png
Component: component_1755083652838_213.png
centerX: 0.5074566706972995
centerY: 0.2999714856002281
width: 0.042724707779121324
height: 0.03022526375819789
Area: 0.0004091546279238609
CentroidX: 0.5253
CentroidY: 0.3148
