Location: internet_20.png_Gaussian-Closing.png
Component: component_1755083652714_130.png
centerX: 0.8911729141475212
centerY: 0.2452238380382093
width: 0.02902055622732769
height: 0.030795551753635585
Area: 0.0004261644270622686
CentroidX: 0.9049
CentroidY: 0.2592
