Location: internet_20.png_Otsu.png
Component: component_1755083652588_1450.png
centerX: 0.3720274083031036
centerY: 0.801254633589963
width: 0.03305118903667876
height: 0.0290846877673225
Area: 0.00032617439158649363
CentroidX: 0.3857
CentroidY: 0.8154
