Location: internet_20.png_Gaussian-Closing.png
Component: component_1755083652719_154.png
centerX: 0.6219266424828698
centerY: 0.29369831765041343
width: 0.03506650544135429
height: 0.03051040775591674
Area: 0.00038352499814098983
CentroidX: 0.6366
CentroidY: 0.3076
