Location: internet_20.png_Gaussian-Closing.png
Component: component_1755083652725_187.png
centerX: 0.939540507859734
centerY: 0.37781579697747364
width: 0.02902055622732769
height: 0.03450242372398061
Area: 0.0003942135881401244
CentroidX: 0.9533
CentroidY: 0.3931
