Location: internet_20.png_Gaussian-Closing.png
Component: component_1755083652700_72.png
centerX: 0.4280532043530834
centerY: 0.12974051896207583
width: 0.0354695687222894
height: 0.027088679783290562
Area: 0.00033950639631659694
CentroidX: 0.4418
CentroidY: 0.1428
