Location: internet_20.png_Otsu.png
Component: component_1755083652391_326.png
centerX: 0.9419588875453446
centerY: 0.16481323068149414
width: 0.02015316404675534
height: 0.024522383803820928
Area: 0.0001749250965449765
CentroidX: 0.9528
CentroidY: 0.1751
