Location: internet_20.png_Mean-Medain.png
Component: component_1755083652320_417.png
centerX: 0.017331721080209594
centerY: 0.8138009694895922
width: 0.03184199919387344
height: 0.032506415739948676
Area: 0.0004847792754446195
CentroidX: 0.0314
CentroidY: 0.8291
