Location: internet_20.png_Mean-Medain.png
Component: component_1755083652306_348.png
centerX: 0.3022974607013301
centerY: 0.6438551468491588
width: 0.036275695284159616
height: 0.027944111776447105
Area: 0.00041467131953631746
CentroidX: 0.3168
CentroidY: 0.6578
