Location: internet_20.png_Gaussian-Closing.png
Component: component_1755083652730_208.png
centerX: 0.9343006852075776
centerY: 0.4262902765896778
width: 0.030229746070133012
height: 0.03165098374679213
Area: 0.0003738707878191909
CentroidX: 0.9489
CentroidY: 0.4390
