Location: internet_20.png_Gaussian-Closing.png
Component: component_1755083652749_304.png
centerX: 0.2011285771866183
centerY: 0.6478471628172227
width: 0.03788794840790004
height: 0.028514399771884802
Area: 0.0003998452108278405
CentroidX: 0.2152
CentroidY: 0.6628
