Location: internet_20.png_Gaussian-Median.png
Component: component_1755083652812_31.png
centerX: 0.06771463119709795
centerY: 0.007984031936127744
width: 0.037484885126964934
height: 0.029654975762760195
Area: 0.0005237409099575938
CentroidX: 0.0841
CentroidY: 0.0220
