Location: Paraklitoni_1720_page_10.png_Mean-Medain.png
Component: component_1755610055199_254.png
centerX: 0.635670731707317
centerY: 0.09774436090225563
width: 0.010670731707317074
height: 0.011528822055137845
Area: 6.953359007274284e-05
CentroidX: 0.6406
CentroidY: 0.1032
