Location: internet_20.png_Otsu.png
Component: component_1755083652387_162.png
centerX: 0.7464731962918179
centerY: 0.12432278300541774
width: 0.03506650544135429
height: 0.027944111776447105
Area: 0.00022239163062715475
CentroidX: 0.7605
CentroidY: 0.1369
