Location: internet_20.png_Gaussian-Median.png
Component: component_1755083652869_351.png
centerX: 0.01128577186618299
centerY: 0.6067864271457086
width: 0.031035872632003223
height: 0.03051040775591674
Area: 0.00036812423405621533
CentroidX: 0.0247
CentroidY: 0.6232
