Location: internet_20.png_Mean-Medain.png
Component: component_1755083652263_122.png
centerX: 0.785167271261588
centerY: 0.16481323068149414
width: 0.028214429665457477
height: 0.026518391787852865
Area: 0.00030537186696452206
CentroidX: 0.7983
CentroidY: 0.1752
