Location: internet_20.png_Gaussian-Closing.png
Component: component_1755083652753_323.png
centerX: 0.31035872632003225
centerY: 0.7043056743655546
width: 0.03788794840790004
height: 0.029369831765041345
Area: 0.0003918000355596747
CentroidX: 0.3267
CentroidY: 0.7168
