Location: internet_20.png_Mean-Medain.png
Component: component_1755083652262_120.png
centerX: 0.6779524385328497
centerY: 0.165098374679213
width: 0.030229746070133012
height: 0.026803535785571715
Area: 0.0003598491966375305
CentroidX: 0.6914
CentroidY: 0.1773
