Location: internet_20.png_Gaussian-Median.png
Component: component_1755083652817_58.png
centerX: 0.8766626360338573
centerY: 0.05332192757342458
width: 0.02781136638452237
height: 0.02423723980610208
Area: 0.00034571267438061057
CentroidX: 0.8901
CentroidY: 0.0646
