Location: internet_20.png_Otsu.png
Component: component_1755083652389_220.png
centerX: 0.16243450221684805
centerY: 0.1360136869118905
width: 0.02781136638452237
height: 0.029940119760479042
Area: 0.00025985916116175547
CentroidX: 0.1753
CentroidY: 0.1488
