Location: internet_20.png_Gaussian-Median.png
Component: component_1755083652834_192.png
centerX: 0.7875856509471987
centerY: 0.25149700598802394
width: 0.03466344216041919
height: 0.03222127174222983
Area: 0.0004407606736202266
CentroidX: 0.8029
CentroidY: 0.2658
