Location: Samociqulo_1709_page_10.png_Gaussian-Median.png
Component: component_1755610056280_2935.png
centerX: 0.5616707616707617
centerY: 0.72625
width: 0.01769041769041769
height: 0.016875
Area: 0.00018335380835380835
CentroidX: 0.5699
CentroidY: 0.7343
