Location: internet_20.png_Otsu.png
Component: component_1755083652450_909.png
centerX: 0.3555018137847642
centerY: 0.5374964357000285
width: 0.03143893591293833
height: 0.027944111776447105
Area: 0.00026388174879583837
CentroidX: 0.3665
CentroidY: 0.5531
