Location: internet_20.png_Mean-Medain.png
Component: component_1755083652260_106.png
centerX: 0.16203143893591293
centerY: 0.1360136869118905
width: 0.029423619508262798
height: 0.03051040775591674
Area: 0.0003715721663140007
CentroidX: 0.1753
CentroidY: 0.1491
