Location: internet_20.png_Gaussian-Median.png
Component: component_1755083652851_279.png
centerX: 0.34139459895203544
centerY: 0.4471057884231537
width: 0.031035872632003223
height: 0.032506415739948676
Area: 0.000379962134807945
CentroidX: 0.3556
CentroidY: 0.4609
