Location: internet_20.png_Gaussian-Closing.png
Component: component_1755083652754_330.png
centerX: 0.9278516727126159
centerY: 0.7137154262902766
width: 0.03345425231761386
height: 0.02737382378100941
Area: 0.0003921448287854532
CentroidX: 0.9435
CentroidY: 0.7273
