Location: internet_20.png_Otsu.png
Component: component_1755083652403_707.png
centerX: 0.2551390568319226
centerY: 0.26290276589677786
width: 0.028214429665457477
height: 0.02879954376960365
Area: 0.00035938947233649245
CentroidX: 0.2689
CentroidY: 0.2756
