Location: internet_20.png_Gaussian-Closing.png
Component: component_1755083652741_272.png
centerX: 0.8004836759371221
centerY: 0.5714285714285714
width: 0.041112454655380895
height: 0.026803535785571715
Area: 0.0004115681805043107
CentroidX: 0.8190
CentroidY: 0.5838
