Location: internet_20.png_Mean-Medain.png
Component: component_1755083652253_60.png
centerX: 0.2926239419588875
centerY: 0.05246649558026804
width: 0.029423619508262798
height: 0.033932135728542916
Area: 0.0004337498780293964
CentroidX: 0.3065
CentroidY: 0.0666
