Location: internet_20.png_Gaussian-Closing.png
Component: component_1755083652735_240.png
centerX: 0.45264006449012495
centerY: 0.491588252067294
width: 0.027408303103587262
height: 0.030795551753635585
Area: 0.0003089347302975669
CentroidX: 0.4659
CentroidY: 0.5039
