Location: internet_20.png_Gaussian-Median.png
Component: component_1755083652828_143.png
centerX: 0.15759774284562678
centerY: 0.18021100655831196
width: 0.03305118903667876
height: 0.028229255774165955
Area: 0.00031916359599566343
CentroidX: 0.1716
CentroidY: 0.1928
