Location: internet_20.png_Mean-Medain.png
Component: component_1755083652291_276.png
centerX: 0.7843611446997178
centerY: 0.4816082121471343
width: 0.028214429665457477
height: 0.03307670373538637
Area: 0.000344678294703275
CentroidX: 0.7981
CentroidY: 0.4960
