Location: internet_20.png_Gaussian-Closing.png
Component: component_1755083652738_257.png
centerX: 0.5026199113260782
centerY: 0.5349301397205589
width: 0.03869407496977025
height: 0.02765896777872826
Area: 0.00037306627029237433
CentroidX: 0.5182
CentroidY: 0.5484
