Location: internet_20.png_Gaussian-Closing.png
Component: component_1755083652707_103.png
centerX: 0.007255139056831923
centerY: 0.18448816652409467
width: 0.032648125755743655
height: 0.02566295979469632
Area: 0.000324910149758639
CentroidX: 0.0208
CentroidY: 0.1956
