Location: internet_20.png_Gaussian-Median.png
Component: component_1755083652859_311.png
centerX: 0.8798871422813381
centerY: 0.5283718277730254
width: 0.032245062474808545
height: 0.029369831765041345
Area: 0.00034146022459600865
CentroidX: 0.8948
CentroidY: 0.5415
