Location: internet_20.png_Gaussian-Median.png
Component: component_1755083652818_68.png
centerX: 0.7464731962918179
centerY: 0.08582834331337326
width: 0.028617492946392584
height: 0.029654975762760195
Area: 0.00032881780631746236
CentroidX: 0.7586
CentroidY: 0.0997
