Location: internet_20.png_Gaussian-Median.png
Component: component_1755083652864_327.png
centerX: 0.10882708585247884
centerY: 0.549757627601939
width: 0.04030632809351068
height: 0.029654975762760195
Area: 0.00035938947233649245
CentroidX: 0.1236
CentroidY: 0.5635
