Location: internet_20.png_Mean-Medain.png
Component: component_1755083652278_215.png
centerX: 0.7440548166062072
centerY: 0.3378956372968349
width: 0.028214429665457477
height: 0.03279155973766752
Area: 0.00037708885792645723
CentroidX: 0.7576
CentroidY: 0.3519
