Location: internet_20.png_Gaussian-Closing.png
Component: component_1755083652720_161.png
centerX: 0.3599355098750504
centerY: 0.31137724550898205
width: 0.030632809351068116
height: 0.029654975762760195
Area: 0.0003759395471738621
CentroidX: 0.3750
CentroidY: 0.3240
