Location: internet_20.png_Gaussian-Closing.png
Component: component_1755083652751_312.png
centerX: 0.8492543329302701
centerY: 0.6683775306529798
width: 0.029826682789197905
height: 0.028514399771884802
Area: 0.00044363395050171436
CentroidX: 0.8632
CentroidY: 0.6822
