Location: internet_20.png_Gaussian-Closing.png
Component: component_1755083652715_136.png
centerX: 0.7875856509471987
centerY: 0.25149700598802394
width: 0.03466344216041919
height: 0.031936127744510975
Area: 0.0004390367074913339
CentroidX: 0.8029
CentroidY: 0.2658
