Location: internet_20.png_Mean-Medain.png
Component: component_1755083652291_278.png
centerX: 0.7343812978637646
centerY: 0.48246364414029086
width: 0.03345425231761386
height: 0.032506415739948676
Area: 0.00041133831835379165
CentroidX: 0.7501
CentroidY: 0.4966
