Location: internet_20.png_Gaussian-Closing.png
Component: component_1755083652724_179.png
centerX: 0.3518742442563482
centerY: 0.3598517251211862
width: 0.03305118903667876
height: 0.02765896777872826
Area: 0.0003539877117992954
CentroidX: 0.3661
CentroidY: 0.3719
