Location: internet_20.png_Gaussian-Closing.png
Component: component_1755083652761_363.png
centerX: 0.4195888754534462
centerY: 0.7989734816082121
width: 0.03829101168883515
height: 0.03022526375819789
Area: 0.00041731473426728625
CentroidX: 0.4354
CentroidY: 0.8136
