Location: internet_20.png_Gaussian-Median.png
Component: component_1755083652822_94.png
centerX: 0.4804514308746473
centerY: 0.12574850299401197
width: 0.03305118903667876
height: 0.0290846877673225
Area: 0.00034973526201469347
CentroidX: 0.4942
CentroidY: 0.1385
