Location: internet_20.png_Otsu.png
Component: component_1755083652407_729.png
centerX: 0.056831922611850064
centerY: 0.3210721414314229
width: 0.029826682789197905
height: 0.03165098374679213
Area: 0.00038938648297922495
CentroidX: 0.0720
CentroidY: 0.3341
