Location: internet_20.png_Gaussian-Median.png
Component: component_1755083652847_260.png
centerX: 0.34582829504232165
centerY: 0.4037639007698888
width: 0.030632809351068116
height: 0.029369831765041345
Area: 0.00035950440341175194
CentroidX: 0.3596
CentroidY: 0.4168
