Location: internet_20.png_Gaussian-Closing.png
Component: component_1755083652752_317.png
centerX: 0.6033857315598549
centerY: 0.6817792985457656
width: 0.03788794840790004
height: 0.03022526375819789
Area: 0.000480182032434239
CentroidX: 0.6181
CentroidY: 0.6975
