Location: internet_20.png_Mean-Medain.png
Component: component_1755083652253_59.png
centerX: 0.00886739218057235
centerY: 0.05246649558026804
width: 0.04393389762192664
height: 0.025377815796977475
Area: 0.00047156220178977567
CentroidX: 0.0247
CentroidY: 0.0667
