Location: internet_20.png_Mean-Medain.png
Component: component_1755083652252_54.png
centerX: 0.6199113260781943
centerY: 0.0510407755916738
width: 0.051592099959693674
height: 0.028229255774165955
Area: 0.0004884570698529239
CentroidX: 0.6408
CentroidY: 0.0651
