Location: internet_20.png_Otsu.png
Component: component_1755083652404_713.png
centerX: 0.7202740830310359
centerY: 0.2891360136869119
width: 0.030229746070133012
height: 0.029654975762760195
Area: 0.00033146122104843115
CentroidX: 0.7333
CentroidY: 0.3023
