Location: internet_20.png_Gaussian-Median.png
Component: component_1755083652889_426.png
centerX: 0.4727932285368803
centerY: 0.7969774736241803
width: 0.03426037887948408
height: 0.031080695751354435
Area: 0.00041742966534254574
CentroidX: 0.4862
CentroidY: 0.8116
