Location: internet_20.png_Gaussian-Closing.png
Component: component_1755083652720_159.png
centerX: 0.407496977025393
centerY: 0.30795551753635586
width: 0.02781136638452237
height: 0.031080695751354435
Area: 0.0003975465893226503
CentroidX: 0.4207
CentroidY: 0.3221
