Location: internet_20.png_Mean-Medain.png
Component: component_1755083652251_51.png
centerX: 0.45747682386134625
centerY: 0.04875962360992301
width: 0.03345425231761386
height: 0.03136583974907328
Area: 0.00041903870039617893
CentroidX: 0.4717
CentroidY: 0.0623
