Location: internet_20.png_Mean-Medain.png
Component: component_1755083652301_323.png
centerX: 0.5457476823861346
centerY: 0.5791274593669803
width: 0.037484885126964934
height: 0.027944111776447105
Area: 0.00037835309975431185
CentroidX: 0.5618
CentroidY: 0.5926
