Location: internet_20.png_Mean-Medain.png
Component: component_1755083652272_186.png
centerX: 0.2547359935509875
centerY: 0.262617621899059
width: 0.028617492946392584
height: 0.0290846877673225
Area: 0.00039340907061330784
CentroidX: 0.2689
CentroidY: 0.2756
