Location: internet_20.png_Gaussian-Closing.png
Component: component_1755083652707_104.png
centerX: 0.058444175735590485
centerY: 0.1847733105218135
width: 0.03426037887948408
height: 0.02765896777872826
Area: 0.00030353296976036985
CentroidX: 0.0735
CentroidY: 0.1979
