Location: internet_20.png_Mean-Medain.png
Component: component_1755083652285_248.png
centerX: 0.16203143893591293
centerY: 0.40975192472198463
width: 0.02902055622732769
height: 0.03051040775591674
Area: 0.00037030792448614606
CentroidX: 0.1759
CentroidY: 0.4231
