Location: internet_20.png_Mean-Medain.png
Component: component_1755083652313_381.png
centerX: 0.747279322853688
centerY: 0.7271171941830624
width: 0.036275695284159616
height: 0.0290846877673225
Area: 0.00040651121319289213
CentroidX: 0.7629
CentroidY: 0.7420
