Location: internet_20.png_Mean-Medain.png
Component: component_1755083652290_272.png
centerX: 0.010479645304312777
centerY: 0.46050755631593954
width: 0.03143893591293833
height: 0.027944111776447105
Area: 0.00038708786147403473
CentroidX: 0.0241
CentroidY: 0.4739
