Location: internet_20.png_Mean-Medain.png
Component: component_1755083652313_380.png
centerX: 0.7920193470374849
centerY: 0.7248360422013117
width: 0.03305118903667876
height: 0.0290846877673225
Area: 0.00041674007889098866
CentroidX: 0.8059
CentroidY: 0.7398
