Location: internet_20.png_Gaussian-Closing.png
Component: component_1755083652705_91.png
centerX: 0.42321644498186217
centerY: 0.16880524664955804
width: 0.029826682789197905
height: 0.029369831765041345
Area: 0.0003349091533062165
CentroidX: 0.4373
CentroidY: 0.1815
