Location: internet_20.png_Mean-Medain.png
Component: component_1755083652300_321.png
centerX: 0.6493349455864571
centerY: 0.5765611633875107
width: 0.03506650544135429
height: 0.03279155973766752
Area: 0.0004368530170614032
CentroidX: 0.6656
CentroidY: 0.5916
