Location: internet_20.png_Mean-Medain.png
Component: component_1755083652285_249.png
centerX: 0.10761789600967352
centerY: 0.41060735671514115
width: 0.041515517936316
height: 0.028229255774165955
Area: 0.00041145324942905114
CentroidX: 0.1244
CentroidY: 0.4235
