Location: internet_20.png_Gaussian-Closing.png
Component: component_1755083652753_324.png
centerX: 0.26360338573155984
centerY: 0.7060165383518677
width: 0.030229746070133012
height: 0.031936127744510975
Area: 0.00038869689652766787
CentroidX: 0.2772
CentroidY: 0.7195
