Location: internet_20.png_Otsu.png
Component: component_1755083652413_753.png
centerX: 0.8923821039903265
centerY: 0.37924151696606784
width: 0.037484885126964934
height: 0.031080695751354435
Area: 0.00037777844437801426
CentroidX: 0.9087
CentroidY: 0.3926
