Location: internet_20.png_Otsu.png
Component: component_1755083652420_812.png
centerX: 0.20395002015316405
centerY: 0.4508126603934987
width: 0.031035872632003223
height: 0.03222127174222983
Area: 0.0003568609886807832
CentroidX: 0.2157
CentroidY: 0.4668
