Location: internet_20.png_Mean-Medain.png
Component: component_1755083652264_128.png
centerX: 0.3083434099153567
centerY: 0.17137154262902765
width: 0.04312777106005643
height: 0.028229255774165955
Area: 0.0004471968138347592
CentroidX: 0.3254
CentroidY: 0.1853
