Location: internet_20.png_Mean-Medain.png
Component: component_1755083652267_146.png
centerX: 0.5255945183393793
centerY: 0.20701454234388367
width: 0.024586860137041516
height: 0.019389791844881665
Area: 0.00023537884213147955
CentroidX: 0.5396
CentroidY: 0.2172
