Location: internet_20.png_Otsu.png
Component: component_1755083652415_766.png
centerX: 0.43450221684804513
centerY: 0.4006273167949815
width: 0.029826682789197905
height: 0.03165098374679213
Area: 0.00035410264287455493
CentroidX: 0.4476
CentroidY: 0.4147
