Location: internet_20.png_Mean-Medain.png
Component: component_1755083652300_318.png
centerX: 0.8004836759371221
centerY: 0.5714285714285714
width: 0.04070939137444579
height: 0.026803535785571715
Area: 0.00042340608125604034
CentroidX: 0.8189
CentroidY: 0.5838
