Location: internet_20.png_Mean-Medain.png
Component: component_1755083652253_63.png
centerX: 0.694074969770254
centerY: 0.054177359566581124
width: 0.03829101168883515
height: 0.02566295979469632
Area: 0.00042731373781486375
CentroidX: 0.7113
CentroidY: 0.0665
