Location: internet_20.png_Mean-Medain.png
Component: component_1755083652299_312.png
centerX: 0.055219669488109635
centerY: 0.5560307955517536
width: 0.036275695284159616
height: 0.03165098374679213
Area: 0.00036352699104583484
CentroidX: 0.0703
CentroidY: 0.5699
