Location: internet_20.png_Mean-Medain.png
Component: component_1755083652254_68.png
centerX: 0.5215638855300282
centerY: 0.08525805531793555
width: 0.03466344216041919
height: 0.027944111776447105
Area: 0.0003689287515830319
CentroidX: 0.5354
CentroidY: 0.0980
