Location: internet_20.png_Gaussian-Median.png
Component: component_1755083652864_324.png
centerX: 0.25151148730350664
centerY: 0.5474764756201882
width: 0.03909713825070536
height: 0.03022526375819789
Area: 0.0003346792911556975
CentroidX: 0.2672
CentroidY: 0.5622
