Location: internet_20.png_Gaussian-Median.png
Component: component_1755083652879_382.png
centerX: 0.5566303909713826
centerY: 0.6860564585115483
width: 0.037484885126964934
height: 0.029654975762760195
Area: 0.00044524298555534755
CentroidX: 0.5710
CentroidY: 0.7021
