Location: internet_20.png_Mean-Medain.png
Component: component_1755083652249_37.png
centerX: 0.9012494961708988
centerY: 0.012261191901910464
width: 0.036275695284159616
height: 0.028229255774165955
Area: 0.00039869590007524536
CentroidX: 0.9169
CentroidY: 0.0249
