Location: internet_20.png_Otsu.png
Component: component_1755083652491_1072.png
centerX: 0.4969770253929867
centerY: 0.6310236669518107
width: 0.03345425231761386
height: 0.027944111776447105
Area: 0.0003160604569636566
CentroidX: 0.5114
CentroidY: 0.6449
