Location: internet_20.png_Gaussian-Closing.png
Component: component_1755083652732_220.png
centerX: 0.4417573559048771
centerY: 0.44682064442543484
width: 0.032245062474808545
height: 0.03364699173082407
Area: 0.00039846603792472634
CentroidX: 0.4563
CentroidY: 0.4611
