Location: internet_20.png_Gaussian-Closing.png
Component: component_1755083652733_227.png
centerX: 0.053204353083434096
centerY: 0.4579412603364699
width: 0.041515517936316
height: 0.028514399771884802
Area: 0.0003812263766357996
CentroidX: 0.0695
CentroidY: 0.4721
