Location: internet_20.png_Mean-Medain.png
Component: component_1755083652258_94.png
centerX: 0.5300282144296654
centerY: 0.1234673510122612
width: 0.03385731559854897
height: 0.027944111776447105
Area: 0.00033134628997317166
CentroidX: 0.5423
CentroidY: 0.1366
