Location: internet_20.png_Gaussian-Closing.png
Component: component_1755083652735_236.png
centerX: 0.54695687222894
centerY: 0.4881665240946678
width: 0.035872632003224506
height: 0.0290846877673225
Area: 0.0003478963648105413
CentroidX: 0.5630
CentroidY: 0.5008
