Location: internet_20.png_Gaussian-Closing.png
Component: component_1755083652734_230.png
centerX: 0.871825876662636
centerY: 0.4793270601653835
width: 0.029826682789197905
height: 0.029369831765041345
Area: 0.000289626309653969
CentroidX: 0.8849
CentroidY: 0.4926
