Location: internet_20.png_Otsu.png
Component: component_1755083652490_1065.png
centerX: 0.600161225312374
centerY: 0.6270316509837468
width: 0.0354695687222894
height: 0.02594810379241517
Area: 0.0003143364908347639
CentroidX: 0.6146
CentroidY: 0.6399
