Location: internet_20.png_Otsu.png
Component: component_1755083652388_181.png
centerX: 0.7984683595324465
centerY: 0.12802965497576277
width: 0.04232164449818621
height: 0.016823495865412035
Area: 0.00011090848762542859
CentroidX: 0.8169
CentroidY: 0.1402
