Location: internet_20.png_Mean-Medain.png
Component: component_1755083652314_387.png
centerX: 0.4623135832325675
centerY: 0.7476475620188195
width: 0.029423619508262798
height: 0.029369831765041345
Area: 0.00043363494695413687
CentroidX: 0.4768
CentroidY: 0.7623
