Location: internet_20.png_Otsu.png
Component: component_1755083652383_82.png
centerX: 0.9419588875453446
centerY: 0.0872540633019675
width: 0.023377670294236194
height: 0.025377815796977475
Area: 0.00014090549826816109
CentroidX: 0.9495
CentroidY: 0.1012
