Location: internet_20.png_Gaussian-Closing.png
Component: component_1755083652760_357.png
centerX: 0.7053607416364369
centerY: 0.7835757057313943
width: 0.03466344216041919
height: 0.027088679783290562
Area: 0.0003478963648105413
CentroidX: 0.7200
CentroidY: 0.7962
