Location: internet_20.png_Otsu.png
Component: component_1755083652446_903.png
centerX: 0.4534461910519952
centerY: 0.5337895637296834
width: 0.03345425231761386
height: 0.030795551753635585
Area: 0.00026824912965569983
CentroidX: 0.4666
CentroidY: 0.5467
