Location: internet_20.png_Gaussian-Closing.png
Component: component_1755083652732_218.png
centerX: 0.48851269649334944
centerY: 0.44453949244368407
width: 0.03506650544135429
height: 0.035357855717137156
Area: 0.00043237070512628224
CentroidX: 0.5034
CentroidY: 0.4596
