Location: internet_20.png_Gaussian-Median.png
Component: component_1755083652887_417.png
centerX: 0.8952035469568722
centerY: 0.7721699458226404
width: 0.030632809351068116
height: 0.03051040775591674
Area: 0.00038846703437714884
CentroidX: 0.9103
CentroidY: 0.7851
