Location: internet_20.png_Mean-Medain.png
Component: component_1755083652318_407.png
centerX: 0.4727932285368803
centerY: 0.7969774736241803
width: 0.03426037887948408
height: 0.031080695751354435
Area: 0.0004335200158788774
CentroidX: 0.4861
CentroidY: 0.8116
