Location: internet_20.png_Otsu.png
Component: component_1755083652389_206.png
centerX: 0.2140266021765417
centerY: 0.13487311092101512
width: 0.028617492946392584
height: 0.026803535785571715
Area: 0.00019423351718857442
CentroidX: 0.2266
CentroidY: 0.1465
