Location: internet_20.png_Otsu.png
Component: component_1755083652393_340.png
centerX: 0.3728335348649738
centerY: 0.17137154262902765
width: 0.027408303103587262
height: 0.027088679783290562
Area: 0.00019664706976902418
CentroidX: 0.3865
CentroidY: 0.1826
