Location: internet_20.png_Otsu.png
Component: component_1755083652413_751.png
centerX: 0.11567916162837566
centerY: 0.36897633304818933
width: 0.028617492946392584
height: 0.028229255774165955
Area: 0.0003403109138434135
CentroidX: 0.1298
CentroidY: 0.3812
