Location: internet_20.png_Gaussian-Closing.png
Component: component_1755083652748_303.png
centerX: 0.2547359935509875
centerY: 0.647276874821785
width: 0.030632809351068116
height: 0.02879954376960365
Area: 0.00040271848770932826
CentroidX: 0.2698
CentroidY: 0.6609
