Location: internet_20.png_Gaussian-Closing.png
Component: component_1755083652711_117.png
centerX: 0.4727932285368803
centerY: 0.21271742229826063
width: 0.031035872632003223
height: 0.027088679783290562
Area: 0.000310084041050162
CentroidX: 0.4858
CentroidY: 0.2251
