Location: internet_20.png_Gaussian-Median.png
Component: component_1755083652862_319.png
centerX: 0.6102378073357517
centerY: 0.5349301397205589
width: 0.030632809351068116
height: 0.029369831765041345
Area: 0.00033410463577939994
CentroidX: 0.6245
CentroidY: 0.5495
