Location: internet_20.png_Gaussian-Median.png
Component: component_1755083652850_276.png
centerX: 0.48851269649334944
centerY: 0.44453949244368407
width: 0.0354695687222894
height: 0.035357855717137156
Area: 0.00043363494695413687
CentroidX: 0.5034
CentroidY: 0.4596
