Location: internet_20.png_Gaussian-Median.png
Component: component_1755083652832_180.png
centerX: 0.055219669488109635
centerY: 0.22897063016823496
width: 0.03345425231761386
height: 0.0290846877673225
Area: 0.00038605348179669913
CentroidX: 0.0700
CentroidY: 0.2425
