Location: internet_20.png_Gaussian-Closing.png
Component: component_1755083652711_116.png
centerX: 0.37001209189842804
centerY: 0.21271742229826063
width: 0.03426037887948408
height: 0.02623324779013402
Area: 0.00031077362750171907
CentroidX: 0.3829
CentroidY: 0.2251
