Location: internet_20.png_Gaussian-Closing.png
Component: component_1755083652757_349.png
centerX: 0.1124546553808948
centerY: 0.7644710578842315
width: 0.028214429665457477
height: 0.027088679783290562
Area: 0.0003731812013676338
CentroidX: 0.1255
CentroidY: 0.7778
