Location: internet_20.png_Gaussian-Median.png
Component: component_1755083652829_159.png
centerX: 0.8464328899637243
centerY: 0.20444824636441403
width: 0.03305118903667876
height: 0.029940119760479042
Area: 0.00044972529749046845
CentroidX: 0.8597
CentroidY: 0.2186
