Location: internet_20.png_Gaussian-Closing.png
Component: component_1755083652729_202.png
centerX: 0.34623135832325674
centerY: 0.4037639007698888
width: 0.030229746070133012
height: 0.029369831765041345
Area: 0.00035847002373441634
CentroidX: 0.3596
CentroidY: 0.4168
