Location: internet_20.png_Gaussian-Median.png
Component: component_1755083652837_209.png
centerX: 0.6711003627569528
centerY: 0.2934131736526946
width: 0.030632809351068116
height: 0.03051040775591674
Area: 0.0003999601419031
CentroidX: 0.6858
CentroidY: 0.3066
