Location: internet_20.png_Mean-Medain.png
Component: component_1755083652266_141.png
centerX: 0.9435711406690851
centerY: 0.19788993441688052
width: 0.029423619508262798
height: 0.029654975762760195
Area: 0.0004115681805043107
CentroidX: 0.9583
CentroidY: 0.2110
