Location: internet_20.png_Gaussian-Median.png
Component: component_1755083652824_104.png
centerX: 0.21362353889560662
centerY: 0.13458796692329628
width: 0.029423619508262798
height: 0.02737382378100941
Area: 0.00027916758180535344
CentroidX: 0.2260
CentroidY: 0.1465
