Location: internet_20.png_Mean-Medain.png
Component: component_1755083652303_336.png
centerX: 0.9330914953647723
centerY: 0.611633875106929
width: 0.03385731559854897
height: 0.02879954376960365
Area: 0.0004548971958771465
CentroidX: 0.9461
CentroidY: 0.6271
