Location: internet_20.png_Otsu.png
Component: component_1755083652422_842.png
centerX: 0.7843611446997178
centerY: 0.4816082121471343
width: 0.028214429665457477
height: 0.03307670373538637
Area: 0.00027939744395587247
CentroidX: 0.7978
CentroidY: 0.4960
