Location: internet_20.png_Mean-Medain.png
Component: component_1755083652320_416.png
centerX: 0.06408706166868199
centerY: 0.8126603934987169
width: 0.03506650544135429
height: 0.03136583974907328
Area: 0.0004382321899645173
CentroidX: 0.0790
CentroidY: 0.8272
