Location: internet_20.png_Mean-Medain.png
Component: component_1755083652315_393.png
centerX: 0.16283756549778317
centerY: 0.7627601938979185
width: 0.03305118903667876
height: 0.02623324779013402
Area: 0.0004170848721167672
CentroidX: 0.1787
CentroidY: 0.7755
