Location: internet_20.png_Otsu.png
Component: component_1755083652412_748.png
centerX: 0.014107214832728738
centerY: 0.365839749073282
width: 0.03426037887948408
height: 0.031080695751354435
Area: 0.0003758246160986026
CentroidX: 0.0296
CentroidY: 0.3800
