Location: internet_20.png_Gaussian-Closing.png
Component: component_1755083652712_119.png
centerX: 0.31600161225312373
centerY: 0.21528371827773024
width: 0.029423619508262798
height: 0.028229255774165955
Area: 0.00030410762513666744
CentroidX: 0.3295
CentroidY: 0.2283
