Location: internet_20.png_Otsu.png
Component: component_1755083652405_716.png
centerX: 0.762192664248287
centerY: 0.2925577416595381
width: 0.030632809351068116
height: 0.029369831765041345
Area: 0.00037306627029237433
CentroidX: 0.7774
CentroidY: 0.3051
