Location: internet_20.png_Mean-Medain.png
Component: component_1755083652310_367.png
centerX: 0.4482063683998388
centerY: 0.6946107784431138
width: 0.041112454655380895
height: 0.02879954376960365
Area: 0.00045524198910292505
CentroidX: 0.4639
CentroidY: 0.7092
