Location: internet_20.png_Gaussian-Median.png
Component: component_1755083652826_129.png
centerX: 0.5227730753728336
centerY: 0.16538351867693185
width: 0.03143893591293833
height: 0.02737382378100941
Area: 0.00030652117771711715
CentroidX: 0.5355
CentroidY: 0.1772
