Location: internet_20.png_Otsu.png
Component: component_1755083652383_87.png
centerX: 0.46956872228939944
centerY: 0.09210151126318791
width: 0.026602176541717048
height: 0.02566295979469632
Area: 0.00013056170149480505
CentroidX: 0.4782
CentroidY: 0.1059
