Location: internet_20.png_Otsu.png
Component: component_1755083652396_484.png
centerX: 0.8464328899637243
centerY: 0.20444824636441403
width: 0.032648125755743655
height: 0.028514399771884802
Area: 0.0004180043207188433
CentroidX: 0.8594
CentroidY: 0.2184
