Location: internet_20.png_Otsu.png
Component: component_1755083652373_15.png
centerX: 0.23901652559451833
centerY: 0.004562303963501569
width: 0.037484885126964934
height: 0.03592814371257485
Area: 0.00048535393082091703
CentroidX: 0.2543
CentroidY: 0.0222
