Location: internet_20.png_Gaussian-Median.png
Component: component_1755083652880_385.png
centerX: 0.4482063683998388
centerY: 0.6946107784431138
width: 0.041515517936316
height: 0.0290846877673225
Area: 0.0004417950532975622
CentroidX: 0.4641
CentroidY: 0.7093
