Location: internet_20.png_Otsu.png
Component: component_1755083652508_1182.png
centerX: 0.8492543329302701
centerY: 0.6683775306529798
width: 0.029826682789197905
height: 0.027944111776447105
Area: 0.0003169799055657327
CentroidX: 0.8626
CentroidY: 0.6820
