Location: internet_20.png_Otsu.png
Component: component_1755083652419_799.png
centerX: 0.5401047964530431
centerY: 0.442828628457371
width: 0.035872632003224506
height: 0.033932135728542916
Area: 0.00039547782996797904
CentroidX: 0.5559
CentroidY: 0.4574
