Location: internet_20.png_Gaussian-Closing.png
Component: component_1755083652738_254.png
centerX: 0.7916162837565498
centerY: 0.5323638437410892
width: 0.031035872632003223
height: 0.027088679783290562
Area: 0.000309624316749124
CentroidX: 0.8050
CentroidY: 0.5452
