Location: internet_20.png_Gaussian-Closing.png
Component: component_1755083652724_181.png
centerX: 0.30552196694881095
centerY: 0.3615625891074993
width: 0.03667875856509472
height: 0.02765896777872826
Area: 0.0003650210950242085
CentroidX: 0.3203
CentroidY: 0.3745
