Location: internet_20.png_Gaussian-Median.png
Component: component_1755083652837_208.png
centerX: 0.762192664248287
centerY: 0.29227259766181923
width: 0.030632809351068116
height: 0.029940119760479042
Area: 0.0003955927610432386
CentroidX: 0.7774
CentroidY: 0.3052
