Location: internet_20.png_Otsu.png
Component: component_1755083652453_933.png
centerX: 0.10882708585247884
centerY: 0.549757627601939
width: 0.03869407496977025
height: 0.029654975762760195
Area: 0.00027916758180535344
CentroidX: 0.1223
CentroidY: 0.5624
