Location: internet_20.png_Gaussian-Closing.png
Component: component_1755083652741_271.png
centerX: 0.8548972188633616
centerY: 0.5705731394354149
width: 0.03990326481257558
height: 0.02480752780153978
Area: 0.0004040976606124424
CentroidX: 0.8726
CentroidY: 0.5820
