Location: internet_20.png_Mean-Medain.png
Component: component_1755083652290_275.png
centerX: 0.826682789197904
centerY: 0.4804676361562589
width: 0.03184199919387344
height: 0.029654975762760195
Area: 0.00031180800717905467
CentroidX: 0.8419
CentroidY: 0.4947
