Location: internet_20.png_Gaussian-Median.png
Component: component_1755083652884_401.png
centerX: 0.7021362353889561
centerY: 0.7319646421442829
width: 0.032245062474808545
height: 0.029369831765041345
Area: 0.000409844214375418
CentroidX: 0.7157
CentroidY: 0.7473
