Location: internet_20.png_Mean-Medain.png
Component: component_1755083652286_255.png
centerX: 0.7908101571946796
centerY: 0.4322783005417736
width: 0.032245062474808545
height: 0.030795551753635585
Area: 0.00040375286738666386
CentroidX: 0.8065
CentroidY: 0.4460
