Location: internet_20.png_Otsu.png
Component: component_1755083652410_737.png
centerX: 0.6960902861749295
centerY: 0.34074707727402337
width: 0.03184199919387344
height: 0.031936127744510975
Area: 0.00036306726674479684
CentroidX: 0.7104
CentroidY: 0.3538
