Location: internet_20.png_Gaussian-Median.png
Component: component_1755083652843_239.png
centerX: 0.20878677952438532
centerY: 0.3644140290846878
width: 0.032648125755743655
height: 0.025377815796977475
Area: 0.0003380122923382233
CentroidX: 0.2224
CentroidY: 0.3762
