Location: internet_20.png_Otsu.png
Component: component_1755083652376_28.png
centerX: 0.29907295445384924
centerY: 0.015112631879098944
width: 0.03345425231761386
height: 0.030795551753635585
Area: 0.000434784257706732
CentroidX: 0.3139
CentroidY: 0.0289
