Location: internet_20.png_Otsu.png
Component: component_1755083652390_245.png
centerX: 0.31600161225312373
centerY: 0.14029084687767324
width: 0.0354695687222894
height: 0.01996007984031936
Area: 9.366882633650187e-05
CentroidX: 0.3280
CentroidY: 0.1532
