Location: internet_20.png_Gaussian-Median.png
Component: component_1755083652888_423.png
centerX: 0.6082224909310762
centerY: 0.789848873681209
width: 0.035872632003224506
height: 0.02737382378100941
Area: 0.00034916060663839593
CentroidX: 0.6231
CentroidY: 0.8022
