Location: internet_20.png_Otsu.png
Component: component_1755083652406_721.png
centerX: 0.5074566706972995
centerY: 0.30025662959794697
width: 0.04232164449818621
height: 0.029940119760479042
Area: 0.00038674306824825616
CentroidX: 0.5251
CentroidY: 0.3147
