Location: internet_20.png_Mean-Medain.png
Component: component_1755083652296_298.png
centerX: 0.8367593712212817
centerY: 0.5303678357570573
width: 0.032245062474808545
height: 0.026803535785571715
Area: 0.00036111343846538513
CentroidX: 0.8513
CentroidY: 0.5430
