Location: internet_20.png_Otsu.png
Component: component_1755083652452_926.png
centerX: 0.20878677952438532
centerY: 0.5480467636156259
width: 0.030229746070133012
height: 0.03279155973766752
Area: 0.00028456934234255045
CentroidX: 0.2201
CentroidY: 0.5652
