Location: internet_20.png_Otsu.png
Component: component_1755083652574_1357.png
centerX: 0.5078597339782346
centerY: 0.7476475620188195
width: 0.03426037887948408
height: 0.027944111776447105
Area: 0.000310313903200681
CentroidX: 0.5205
CentroidY: 0.7610
