Location: internet_20.png_Mean-Medain.png
Component: component_1755083652304_339.png
centerX: 0.7049576783555018
centerY: 0.6213287710293698
width: 0.029826682789197905
height: 0.027944111776447105
Area: 0.00043466932663147246
CentroidX: 0.7192
CentroidY: 0.6350
