Location: internet_20.png_Gaussian-Closing.png
Component: component_1755083652738_253.png
centerX: 0.8367593712212817
centerY: 0.5306529797547762
width: 0.032245062474808545
height: 0.026518391787852865
Area: 0.00034640226083216765
CentroidX: 0.8513
CentroidY: 0.5430
