Location: internet_20.png_Otsu.png
Component: component_1755083652385_99.png
centerX: 0.2660217654171705
centerY: 0.09751924721984602
width: 0.035872632003224506
height: 0.02594810379241517
Area: 0.00027617937384860614
CentroidX: 0.2796
CentroidY: 0.1098
