Location: internet_20.png_Mean-Medain.png
Component: component_1755083652282_236.png
centerX: 0.7049576783555018
centerY: 0.3877958368976333
width: 0.0354695687222894
height: 0.03279155973766752
Area: 0.00043662315491088417
CentroidX: 0.7203
CentroidY: 0.4027
