Location: internet_20.png_Gaussian-Median.png
Component: component_1755083652827_133.png
centerX: 0.422813381700927
centerY: 0.16880524664955804
width: 0.030632809351068116
height: 0.029369831765041345
Area: 0.00034456336362801544
CentroidX: 0.4372
CentroidY: 0.1815
