Location: internet_20.png_Otsu.png
Component: component_1755083652421_813.png
centerX: 0.24546553808948005
centerY: 0.45052751639577987
width: 0.03143893591293833
height: 0.031936127744510975
Area: 0.00034008105169289454
CentroidX: 0.2586
CentroidY: 0.4644
