Location: internet_20.png_Otsu.png
Component: component_1755083652588_1451.png
centerX: 0.26440951229343007
centerY: 0.8018249215854006
width: 0.039500201531640466
height: 0.03279155973766752
Area: 0.00036674506115310116
CentroidX: 0.2802
CentroidY: 0.8184
