Location: internet_20.png_Mean-Medain.png
Component: component_1755083652268_161.png
centerX: 0.21120515920999597
centerY: 0.22469347020245223
width: 0.032648125755743655
height: 0.02566295979469632
Area: 0.0003476665026600223
CentroidX: 0.2250
CentroidY: 0.2366
