Location: internet_20.png_Mean-Medain.png
Component: component_1755083652319_414.png
centerX: 0.1656590084643289
centerY: 0.8089535215283719
width: 0.037081821846029824
height: 0.03022526375819789
Area: 0.0004535180229740324
CentroidX: 0.1796
CentroidY: 0.8247
