Location: internet_20.png_Gaussian-Closing.png
Component: component_1755083652748_298.png
centerX: 0.4969770253929867
centerY: 0.6310236669518107
width: 0.03385731559854897
height: 0.027944111776447105
Area: 0.0004131772155579438
CentroidX: 0.5114
CentroidY: 0.6449
