Location: internet_20.png_Gaussian-Median.png
Component: component_1755083652830_163.png
centerX: 0.7891979040709391
centerY: 0.20758483033932135
width: 0.0354695687222894
height: 0.036213287710293696
Area: 0.00042202690835292623
CentroidX: 0.8035
CentroidY: 0.2235
