Location: internet_20.png_Gaussian-Median.png
Component: component_1755083652873_361.png
centerX: 0.49657396211205157
centerY: 0.6310236669518107
width: 0.03466344216041919
height: 0.027944111776447105
Area: 0.00042168211512714766
CentroidX: 0.5113
CentroidY: 0.6450
