Location: internet_20.png_Gaussian-Closing.png
Component: component_1755083652735_239.png
centerX: 0.35832325675130994
centerY: 0.49187339606501285
width: 0.035872632003224506
height: 0.02737382378100941
Area: 0.0003522637456704027
CentroidX: 0.3738
CentroidY: 0.5040
