Location: internet_20.png_Gaussian-Closing.png
Component: component_1755083652670_20.png
centerX: 0.7932285368802902
centerY: 0.016538351867693184
width: 0.03143893591293833
height: 0.02594810379241517
Area: 0.0003632971288953158
CentroidX: 0.8073
CentroidY: 0.0274
