Location: internet_20.png_Gaussian-Median.png
Component: component_1755083652886_413.png
centerX: 0.1124546553808948
centerY: 0.7644710578842315
width: 0.02902055622732769
height: 0.027088679783290562
Area: 0.00037570968502334307
CentroidX: 0.1255
CentroidY: 0.7779
