Location: internet_20.png_Gaussian-Closing.png
Component: component_1755083652700_74.png
centerX: 0.31559854897218864
centerY: 0.1311662389506701
width: 0.03667875856509472
height: 0.028514399771884802
Area: 0.00038375486029150886
CentroidX: 0.3292
CentroidY: 0.1447
