Location: internet_20.png_Gaussian-Closing.png
Component: component_1755083652747_293.png
centerX: 0.7053607416364369
centerY: 0.6213287710293698
width: 0.029423619508262798
height: 0.027944111776447105
Area: 0.00039547782996797904
CentroidX: 0.7193
CentroidY: 0.6348
