Location: internet_20.png_Gaussian-Closing.png
Component: component_1755083652743_279.png
centerX: 0.4502216848045143
centerY: 0.5825491873396065
width: 0.029423619508262798
height: 0.028229255774165955
Area: 0.00033755256803718524
CentroidX: 0.4638
CentroidY: 0.5961
