Location: internet_20.png_Gaussian-Closing.png
Component: component_1755083652752_318.png
centerX: 0.5566303909713826
centerY: 0.6863416025092672
width: 0.037081821846029824
height: 0.029369831765041345
Area: 0.00043834712103977684
CentroidX: 0.5710
CentroidY: 0.7020
