Location: internet_20.png_Mean-Medain.png
Component: component_1755083652288_265.png
centerX: 0.34099153567110035
centerY: 0.4471057884231537
width: 0.031035872632003223
height: 0.03222127174222983
Area: 0.0003905357937318201
CentroidX: 0.3556
CentroidY: 0.4608
