Location: internet_20.png_Gaussian-Closing.png
Component: component_1755083652736_246.png
centerX: 0.15800080612656187
centerY: 0.5044197319646422
width: 0.03385731559854897
height: 0.029654975762760195
Area: 0.00036341205997057535
CentroidX: 0.1730
CentroidY: 0.5174
