Location: internet_20.png_Gaussian-Median.png
Component: component_1755083652817_59.png
centerX: 0.07013301088270858
centerY: 0.05389221556886228
width: 0.03426037887948408
height: 0.02737382378100941
Area: 0.0003631821978200563
CentroidX: 0.0870
CentroidY: 0.0645
