Location: internet_20.png_Otsu.png
Component: component_1755083652460_992.png
centerX: 0.4022571543732366
centerY: 0.585400627316795
width: 0.03184199919387344
height: 0.03051040775591674
Area: 0.00031157814502853564
CentroidX: 0.4159
CentroidY: 0.6002
