Location: internet_20.png_Gaussian-Median.png
Component: component_1755083652828_141.png
centerX: 0.20878677952438532
centerY: 0.17907043056743654
width: 0.03305118903667876
height: 0.029654975762760195
Area: 0.00026916857825777594
CentroidX: 0.2206
CentroidY: 0.1923
