Location: internet_20.png_Mean-Medain.png
Component: component_1755083652313_383.png
centerX: 0.6549778315195486
centerY: 0.7362418021100656
width: 0.028214429665457477
height: 0.0290846877673225
Area: 0.0003566311265302642
CentroidX: 0.6683
CentroidY: 0.7500
