Location: internet_20.png_Mean-Medain.png
Component: component_1755083652250_43.png
centerX: 0.3534864973800887
centerY: 0.01568291987453664
width: 0.03385731559854897
height: 0.0290846877673225
Area: 0.00046466633727420496
CentroidX: 0.3691
CentroidY: 0.0285
