Location: internet_20.png_Mean-Medain.png
Component: component_1755083652267_153.png
centerX: 0.36920596533655786
centerY: 0.21243227830054176
width: 0.03506650544135429
height: 0.026518391787852865
Area: 0.00034214981104756573
CentroidX: 0.3825
CentroidY: 0.2247
