Location: internet_20.png_Mean-Medain.png
Component: component_1755083652312_379.png
centerX: 0.8371624345022168
centerY: 0.7208440262332478
width: 0.03305118903667876
height: 0.0290846877673225
Area: 0.0003858236196461801
CentroidX: 0.8512
CentroidY: 0.7363
