Location: internet_20.png_Otsu.png
Component: component_1755083652575_1360.png
centerX: 0.4147521160822249
centerY: 0.7502138579982891
width: 0.031035872632003223
height: 0.029654975762760195
Area: 0.0003287028752422029
CentroidX: 0.4276
CentroidY: 0.7647
