Location: internet_20.png_Gaussian-Median.png
Component: component_1755083652854_295.png
centerX: 0.6465135026199114
centerY: 0.48674080410607357
width: 0.03305118903667876
height: 0.0290846877673225
Area: 0.0003516890902941052
CentroidX: 0.6600
CentroidY: 0.4998
