Location: internet_20.png_Gaussian-Median.png
Component: component_1755083652829_158.png
centerX: 0.7388149939540508
centerY: 0.2030225263758198
width: 0.032245062474808545
height: 0.029654975762760195
Area: 0.00030514200481400304
CentroidX: 0.7522
CentroidY: 0.2155
