Location: internet_20.png_Otsu.png
Component: component_1755083652451_913.png
centerX: 0.30511890366787586
centerY: 0.5400627316794981
width: 0.028617492946392584
height: 0.03307670373538637
Area: 0.00026721474997836424
CentroidX: 0.3160
CentroidY: 0.5551
