Location: internet_20.png_Otsu.png
Component: component_1755083652380_49.png
centerX: 0.29302700523982267
centerY: 0.05246649558026804
width: 0.02902055622732769
height: 0.03364699173082407
Area: 0.0003940986570648649
CentroidX: 0.3064
CentroidY: 0.0665
