Location: internet_20.png_Gaussian-Closing.png
Component: component_1755083652712_118.png
centerX: 0.5203546956872229
centerY: 0.21357285429141717
width: 0.04232164449818621
height: 0.019674935842600515
Area: 0.00015734064203027124
CentroidX: 0.5372
CentroidY: 0.2273
