Location: internet_20.png_Mean-Medain.png
Component: component_1755083652281_233.png
centerX: 0.8012898024989923
centerY: 0.3818078129455375
width: 0.031035872632003223
height: 0.03136583974907328
Area: 0.0003938687949143459
CentroidX: 0.8166
CentroidY: 0.3950
