Location: internet_20.png_Otsu.png
Component: component_1755083652416_781.png
centerX: 0.10802095929060862
centerY: 0.41060735671514115
width: 0.04070939137444579
height: 0.028229255774165955
Area: 0.0003755947539480836
CentroidX: 0.1245
CentroidY: 0.4235
