Location: internet_20.png_Gaussian-Closing.png
Component: component_1755083652732_219.png
centerX: 0.38814993954050786
centerY: 0.44510978043912175
width: 0.03667875856509472
height: 0.03222127174222983
Area: 0.00038869689652766787
CentroidX: 0.4038
CentroidY: 0.4593
