Location: internet_20.png_Gaussian-Closing.png
Component: component_1755083652713_124.png
centerX: 0.006045949214026602
centerY: 0.22725976618192187
width: 0.030632809351068116
height: 0.029654975762760195
Area: 0.0002859485152456646
CentroidX: 0.0184
CentroidY: 0.2410
