Location: internet_20.png_Gaussian-Closing.png
Component: component_1755083652729_206.png
centerX: 0.01007658202337767
centerY: 0.4126033646991731
width: 0.03345425231761386
height: 0.0290846877673225
Area: 0.00039432851921538395
CentroidX: 0.0249
CentroidY: 0.4253
