Location: internet_20.png_Gaussian-Median.png
Component: component_1755083652882_395.png
centerX: 0.06569931479242241
centerY: 0.71285999429712
width: 0.03385731559854897
height: 0.02879954376960365
Area: 0.0004277734621159018
CentroidX: 0.0800
CentroidY: 0.7278
