Location: internet_20.png_Gaussian-Median.png
Component: component_1755083652840_226.png
centerX: 0.8347440548166062
centerY: 0.33646991730824066
width: 0.03345425231761386
height: 0.03136583974907328
Area: 0.0003955927610432386
CentroidX: 0.8498
CentroidY: 0.3504
