Location: internet_20.png_Mean-Medain.png
Component: component_1755083652290_271.png
centerX: 0.053204353083434096
centerY: 0.4579412603364699
width: 0.041515517936316
height: 0.028514399771884802
Area: 0.00039536289889271955
CentroidX: 0.0694
CentroidY: 0.4720
