Location: internet_20.png_Mean-Medain.png
Component: component_1755083652315_392.png
centerX: 0.21483272873841194
centerY: 0.757912745936698
width: 0.035872632003224506
height: 0.029940119760479042
Area: 0.00046167812931745766
CentroidX: 0.2296
CentroidY: 0.7733
