Location: internet_20.png_Gaussian-Closing.png
Component: component_1755083652733_226.png
centerX: 0.10399032648125756
centerY: 0.45708582834331335
width: 0.029826682789197905
height: 0.03022526375819789
Area: 0.00035134429706832666
CentroidX: 0.1169
CentroidY: 0.4713
