Location: internet_20.png_Mean-Medain.png
Component: component_1755083652309_361.png
centerX: 0.7025392986698912
centerY: 0.6769318505845452
width: 0.037484885126964934
height: 0.029654975762760195
Area: 0.00048822720770240485
CentroidX: 0.7182
CentroidY: 0.6922
