Location: internet_20.png_Gaussian-Median.png
Component: component_1755083652879_380.png
centerX: 0.6553808948004837
centerY: 0.6812090105503279
width: 0.03426037887948408
height: 0.028514399771884802
Area: 0.00045937950781226744
CentroidX: 0.6704
CentroidY: 0.6957
