Location: internet_20.png_Gaussian-Median.png
Component: component_1755083652816_56.png
centerX: 0.12414349052801289
centerY: 0.05246649558026804
width: 0.029423619508262798
height: 0.03364699173082407
Area: 0.0004242105987828569
CentroidX: 0.1370
CentroidY: 0.0676
