Location: internet_20.png_Mean-Medain.png
Component: component_1755083652265_137.png
centerX: 0.058444175735590485
centerY: 0.18448816652409467
width: 0.03426037887948408
height: 0.027944111776447105
Area: 0.00034939046878891495
CentroidX: 0.0728
CentroidY: 0.1973
