Location: internet_20.png_Gaussian-Closing.png
Component: component_1755083652708_107.png
centerX: 0.7388149939540508
centerY: 0.20330767037353864
width: 0.032245062474808545
height: 0.029369831765041345
Area: 0.0002908905514818236
CentroidX: 0.7522
CentroidY: 0.2155
