Location: internet_20.png_Mean-Medain.png
Component: component_1755083652255_78.png
centerX: 0.46956872228939944
centerY: 0.09210151126318791
width: 0.027005239822652155
height: 0.02566295979469632
Area: 0.0001769938558996477
CentroidX: 0.4788
CentroidY: 0.1068
