Location: internet_20.png_Otsu.png
Component: component_1755083652401_690.png
centerX: 0.8911729141475212
centerY: 0.2452238380382093
width: 0.02902055622732769
height: 0.03051040775591674
Area: 0.00040570669566607556
CentroidX: 0.9048
CentroidY: 0.2592
