Location: internet_20.png_Gaussian-Closing.png
Component: component_1755083652673_30.png
centerX: 0.1777509068923821
centerY: 0.05218135158254919
width: 0.037081821846029824
height: 0.033932135728542916
Area: 0.0004311064632984276
CentroidX: 0.1933
CentroidY: 0.0666
