Location: internet_20.png_Otsu.png
Component: component_1755083652412_747.png
centerX: 0.20918984280532044
centerY: 0.3646991730824066
width: 0.03184199919387344
height: 0.025092671799258625
Area: 0.0003178993541678088
CentroidX: 0.2223
CentroidY: 0.3761
