Location: internet_20.png_Otsu.png
Component: component_1755083652459_981.png
centerX: 0.5461507456670698
centerY: 0.5791274593669803
width: 0.03667875856509472
height: 0.027944111776447105
Area: 0.0003037628319108889
CentroidX: 0.5619
CentroidY: 0.5925
