Location: internet_20.png_Otsu.png
Component: component_1755083652545_1285.png
centerX: 0.26360338573155984
centerY: 0.7063016823495866
width: 0.030229746070133012
height: 0.03136583974907328
Area: 0.0002979013470726538
CentroidX: 0.2769
CentroidY: 0.7195
