Location: internet_20.png_Mean-Medain.png
Component: component_1755083652319_410.png
centerX: 0.26440951229343007
centerY: 0.8018249215854006
width: 0.03990326481257558
height: 0.03307670373538637
Area: 0.000475010134047561
CentroidX: 0.2808
CentroidY: 0.8185
