Location: internet_20.png_Otsu.png
Component: component_1755083652415_767.png
centerX: 0.3889560661023781
centerY: 0.4009124607927003
width: 0.032648125755743655
height: 0.03222127174222983
Area: 0.0003412303624454896
CentroidX: 0.4026
CentroidY: 0.4152
