Location: internet_20.png_Otsu.png
Component: component_1755083652529_1244.png
centerX: 0.5566303909713826
centerY: 0.6863416025092672
width: 0.037081821846029824
height: 0.029369831765041345
Area: 0.0003658256125510251
CentroidX: 0.5704
CentroidY: 0.7018
