Location: Dedata_11.png_Gaussian-Median.png
Component: component_1755521044450_246.png
centerX: 0.1403225806451613
centerY: 0.554573952693075
width: 0.04838709677419355
height: 0.023083499572527786
Area: 0.00038070307688064793
CentroidX: 0.1637
CentroidY: 0.5680
