Location: Dedata_11.png_Gaussian-Median.png
Component: component_1755521044388_68.png
centerX: 0.867741935483871
centerY: 0.13935594186377886
width: 0.04717741935483871
height: 0.019663721858079224
Area: 0.0003153182139935098
CentroidX: 0.8894
CentroidY: 0.1512
