Location: Dedata_11.png_Gaussian-Closing.png
Component: component_1755521044239_217.png
centerX: 0.49556451612903224
centerY: 0.5075520091194072
width: 0.05
height: 0.022798518096323737
Area: 0.00043976778606164793
CentroidX: 0.5209
CentroidY: 0.5203
