Location: Dedata_11.png_Gaussian-Median.png
Component: component_1755521044434_199.png
centerX: 0.1504032258064516
centerY: 0.44029638073525224
width: 0.05443548387096774
height: 0.021658592191507554
Area: 0.0004049494847351051
CentroidX: 0.1758
CentroidY: 0.4526
