Location: internet_16.png_Mean-Medain.png
Component: component_1755087209762_248.png
centerX: 0.894397420395002
centerY: 0.7630453378956373
width: 0.04554615074566707
height: 0.026803535785571715
Area: 0.000544428503504306
CentroidX: 0.9174
CentroidY: 0.7770
