Location: Dedata_11.png_Gaussian-Median.png
Component: component_1755521044387_65.png
centerX: 0.5858870967741936
centerY: 0.13821601595896266
width: 0.04758064516129032
height: 0.022513536620119692
Area: 0.0003740381875178113
CentroidX: 0.6087
CentroidY: 0.1516
