Location: Dedata_11.png_Mean-Closing.png
Component: component_1755521043911_232.png
centerX: 0.40241935483870966
centerY: 0.548874323168994
width: 0.039919354838709675
height: 0.02108862923909946
Area: 0.00036335138216015957
CentroidX: 0.4226
CentroidY: 0.5602
