Location: internet_16.png_Mean-Medain.png
Component: component_1755087209727_86.png
centerX: 0.8242644095122934
centerY: 0.20615911035072712
width: 0.05078597339782346
height: 0.02879954376960365
Area: 0.0005779883774800833
CentroidX: 0.8503
CentroidY: 0.2211
