Location: Dedata_11.png_Mean-Closing.png
Component: component_1755521043901_213.png
centerX: 0.7040322580645161
centerY: 0.5064120832145911
width: 0.0467741935483871
height: 0.020518666286691366
Area: 0.00043586078195239893
CentroidX: 0.7262
CentroidY: 0.5182
