Location: Dedata_11.png_Gaussian-Closing.png
Component: component_1755521044208_149.png
centerX: 0.21814516129032258
centerY: 0.3268737532060416
width: 0.04838709677419355
height: 0.02080364776289541
Area: 0.00032566028369446307
CentroidX: 0.2408
CentroidY: 0.3389
