Location: internet_16.png_Mean-Medain.png
Component: component_1755087209743_164.png
centerX: 0.009270455461507456
centerY: 0.47105788423153694
width: 0.04554615074566707
height: 0.02623324779013402
Area: 0.0005662654078036132
CentroidX: 0.0326
CentroidY: 0.4841
