Location: internet_16.png_Otsu.png
Component: component_1755087209332_471.png
centerX: 0.24586860137041516
centerY: 0.64357000285144
width: 0.04312777106005643
height: 0.023381807812945538
Area: 0.00047868792845586535
CentroidX: 0.2673
CentroidY: 0.6558
