Location: internet_16.png_Gaussian-Median.png
Component: component_1755087209910_278.png
centerX: 0.46473196291817814
centerY: 0.8289136013686912
width: 0.05239822652156389
height: 0.027088679783290562
Area: 0.000540176053719704
CentroidX: 0.4907
CentroidY: 0.8430
