Location: Dedata_11.png_Gaussian-Closing.png
Component: component_1755521044143_64.png
centerX: 0.45120967741935486
centerY: 0.1390709603875748
width: 0.04314516129032258
height: 0.021658592191507554
Area: 0.00035484790262826465
CentroidX: 0.4725
CentroidY: 0.1514
