Location: internet_16.png_Gaussian-Median.png
Component: component_1755087209830_15.png
centerX: 0.012091898428053204
centerY: 0.014827487881380098
width: 0.0354695687222894
height: 0.023381807812945538
Area: 0.00018837203235033933
CentroidX: 0.0285
CentroidY: 0.0271
