Location: internet_16.png_Gaussian-Closing.png
Component: component_1755087209435_191.png
centerX: 0.8843208383716243
centerY: 0.5654405474764757
width: 0.037484885126964934
height: 0.03051040775591674
Area: 0.0005151210793131305
CentroidX: 0.9055
CentroidY: 0.5809
