Location: internet_16.png_Mean-Medain.png
Component: component_1755087209736_133.png
centerX: 0.21805723498589277
centerY: 0.3661248930710009
width: 0.04877065699314793
height: 0.027088679783290562
Area: 0.0005845394487698754
CentroidX: 0.2426
CentroidY: 0.3795
