Location: internet_16.png_Gaussian-Closing.png
Component: component_1755087209484_237.png
centerX: 0.46271664651350264
centerY: 0.7313943541488451
width: 0.053607416364369206
height: 0.02765896777872826
Area: 0.0005895964160812939
CentroidX: 0.4882
CentroidY: 0.7464
