Location: internet_16.png_Otsu.png
Component: component_1755087209315_391.png
centerX: 0.9262394195888755
centerY: 0.3889364128885087
width: 0.04312777106005643
height: 0.028514399771884802
Area: 0.0005497153329662434
CentroidX: 0.9487
CentroidY: 0.4030
