Location: Dedata_11.png_Gaussian-Median.png
Component: component_1755521044465_267.png
centerX: 0.594758064516129
centerY: 0.6166999145055572
width: 0.050806451612903224
height: 0.022513536620119692
Area: 0.00040839684130208957
CentroidX: 0.6185
CentroidY: 0.6299
