Location: Kurtxevani_1764_page_10.png_Otsu.png
Component: component_1755610055901_1047.png
centerX: 0.886084142394822
centerY: 0.38681010289990647
width: 0.018122977346278317
height: 0.011225444340505144
Area: 0.00010959036815703513
CentroidX: 0.8936
CentroidY: 0.3924
