Location: Dedata_11.png_Gaussian-Closing.png
Component: component_1755521044255_246.png
centerX: 0.589516129032258
centerY: 0.5785123966942148
width: 0.05967741935483871
height: 0.023083499572527786
Area: 0.0005156096305353055
CentroidX: 0.6166
CentroidY: 0.5924
