Location: internet_16.png_Otsu.png
Component: component_1755087209321_423.png
centerX: 0.7327690447400241
centerY: 0.4864556601083547
width: 0.05239822652156389
height: 0.025377815796977475
Area: 0.000530062119096867
CentroidX: 0.7583
CentroidY: 0.4995
