Location: internet_16.png_Otsu.png
Component: component_1755087209336_493.png
centerX: 0.6122531237404273
centerY: 0.7248360422013117
width: 0.04191858121725111
height: 0.02765896777872826
Area: 0.00048351503361676487
CentroidX: 0.6337
CentroidY: 0.7387
