Location: internet_16.png_Mean-Medain.png
Component: component_1755087209707_7.png
centerX: 0.3667875856509472
centerY: 0.007413743940690049
width: 0.03305118903667876
height: 0.02566295979469632
Area: 0.00028640823954670266
CentroidX: 0.3838
CentroidY: 0.0195
