Location: internet_16.png_Otsu.png
Component: component_1755087209299_284.png
centerX: 0.15759774284562678
centerY: 0.1377245508982036
width: 0.03829101168883515
height: 0.03022526375819789
Area: 0.00016940840493251993
CentroidX: 0.1784
CentroidY: 0.1495
