Location: internet_16.png_Gaussian-Median.png
Component: component_1755087209902_245.png
centerX: 0.8278919790407094
centerY: 0.714856002281152
width: 0.03829101168883515
height: 0.028229255774165955
Area: 0.0004937438993148613
CentroidX: 0.8470
CentroidY: 0.7288
