Location: internet_16.png_Mean-Medain.png
Component: component_1755087209756_219.png
centerX: 0.09270455461507457
centerY: 0.6526946107784432
width: 0.05038291011688835
height: 0.02566295979469632
Area: 0.0005666102010293916
CentroidX: 0.1199
CentroidY: 0.6658
