Location: internet_16.png_Mean-Medain.png
Component: component_1755087209708_12.png
centerX: 0.2124143490528013
centerY: 0.01140575990875392
width: 0.0471584038694075
height: 0.02765896777872826
Area: 0.00034755157158476274
CentroidX: 0.2387
CentroidY: 0.0239
