Location: Dedata_11.png_Gaussian-Closing.png
Component: component_1755521044214_155.png
centerX: 0.7032258064516129
centerY: 0.3451125676831006
width: 0.054838709677419356
height: 0.019663721858079224
Area: 0.00035806543542411676
CentroidX: 0.7291
CentroidY: 0.3559
