Location: Dedata_11.png_Mean-Closing.png
Component: component_1755521043892_190.png
centerX: 0.3641129032258065
centerY: 0.4377315474494158
width: 0.042741935483870966
height: 0.018808777429467086
Area: 0.0003802434293383833
CentroidX: 0.3839
CentroidY: 0.4481
