Location: Dedata_11.png_Mean-Closing.png
Component: component_1755521043844_67.png
centerX: 0.5177419354838709
centerY: 0.1396409233399829
width: 0.04596774193548387
height: 0.020518666286691366
Area: 0.00036105314444883664
CentroidX: 0.5407
CentroidY: 0.1522
