Location: Dedata_11.png_Mean-Medain.png
Component: component_1755521044799_201.png
centerX: 0.6919354838709677
centerY: 0.4625249358791679
width: 0.05
height: 0.02080364776289541
Area: 0.00043218360161428215
CentroidX: 0.7160
CentroidY: 0.4745
