Location: Dedata_11.png_Mean-Closing.png
Component: component_1755521043923_269.png
centerX: 0.8653225806451613
centerY: 0.6471929324593901
width: 0.05040322580645161
height: 0.02080364776289541
Area: 0.000411844197869074
CentroidX: 0.8881
CentroidY: 0.6598
