Location: internet_16.png_Mean-Medain.png
Component: component_1755087209733_118.png
centerX: 0.3639661426844015
centerY: 0.3136583974907328
width: 0.04514308746473196
height: 0.028229255774165955
Area: 0.0005987909021020549
CentroidX: 0.3871
CentroidY: 0.3277
