Location: Dedata_11.png_Mean-Medain.png
Component: component_1755521044828_264.png
centerX: 0.3350806451612903
centerY: 0.6266742661726987
width: 0.05161290322580645
height: 0.0219435736677116
Area: 0.0004147169950082277
CentroidX: 0.3594
CentroidY: 0.6393
