Location: internet_16.png_Otsu.png
Component: component_1755087209322_427.png
centerX: 0.44095122934300685
centerY: 0.5004277159965783
width: 0.05199516324062878
height: 0.026518391787852865
Area: 0.0005483361600631294
CentroidX: 0.4670
CentroidY: 0.5141
