Location: internet_16.png_Gaussian-Median.png
Component: component_1755087209875_172.png
centerX: 0.009270455461507456
centerY: 0.47105788423153694
width: 0.04554615074566707
height: 0.02623324779013402
Area: 0.0005420149509238562
CentroidX: 0.0327
CentroidY: 0.4842
