Location: Dedata_11.png_Mean-Medain.png
Component: component_1755521044831_274.png
centerX: 0.6479838709677419
centerY: 0.6511826731262468
width: 0.056451612903225805
height: 0.022798518096323737
Area: 0.000434366927440039
CentroidX: 0.6752
CentroidY: 0.6648
