Location: internet_16.png_Otsu.png
Component: component_1755087209318_406.png
centerX: 0.7968561064087062
centerY: 0.437125748502994
width: 0.049979846835953246
height: 0.028229255774165955
Area: 0.0005637369241479038
CentroidX: 0.8225
CentroidY: 0.4516
