Location: internet_16.png_Otsu.png
Component: component_1755087209297_276.png
centerX: 0.6477226924627166
centerY: 0.12489307100085544
width: 0.03990326481257558
height: 0.02480752780153978
Area: 0.00046029895641434355
CentroidX: 0.6681
CentroidY: 0.1368
