Location: Dedata_11.png_Gaussian-Closing.png
Component: component_1755521044291_288.png
centerX: 0.6528225806451613
centerY: 0.6913650612710174
width: 0.05604838709677419
height: 0.022798518096323737
Area: 0.0004303450114452238
CentroidX: 0.6792
CentroidY: 0.7053
