Location: internet_16.png_Mean-Medain.png
Component: component_1755087209756_220.png
centerX: 0.012898024989923419
centerY: 0.6555460507556315
width: 0.053607416364369206
height: 0.02281151981750784
Area: 0.000535234017483545
CentroidX: 0.0393
CentroidY: 0.6674
