Location: internet_16.png_Otsu.png
Component: component_1755087209316_398.png
centerX: 0.3635630794034663
centerY: 0.41174793270601656
width: 0.04514308746473196
height: 0.030795551753635585
Area: 0.0005539677827508454
CentroidX: 0.3877
CentroidY: 0.4272
