Location: internet_16.png_Gaussian-Closing.png
Component: component_1755087209428_155.png
centerX: 0.44095122934300685
centerY: 0.4593669803250642
width: 0.04796453043127771
height: 0.027088679783290562
Area: 0.0005860335527482491
CentroidX: 0.4637
CentroidY: 0.4728
