Location: internet_16.png_Mean-Medain.png
Component: component_1755087209727_90.png
centerX: 0.6098347440548166
centerY: 0.2184203022526376
width: 0.04353083434099154
height: 0.028514399771884802
Area: 0.0005741956519965194
CentroidX: 0.6323
CentroidY: 0.2318
