Location: internet_16.png_Otsu.png
Component: component_1755087209327_448.png
centerX: 0.9431680773881499
centerY: 0.564585115483319
width: 0.04030632809351068
height: 0.023381807812945538
Area: 0.00040731573071970875
CentroidX: 0.9645
CentroidY: 0.5771
