Location: internet_16.png_Gaussian-Closing.png
Component: component_1755087209501_254.png
centerX: 0.1596130592503023
centerY: 0.7918448816652409
width: 0.03909713825070536
height: 0.02623324779013402
Area: 0.00048650324157351217
CentroidX: 0.1797
CentroidY: 0.8056
