Location: Dedata_11.png_Mean-Medain.png
Component: component_1755521044788_166.png
centerX: 0.07701612903225806
centerY: 0.3696209746366486
width: 0.05524193548387097
height: 0.02080364776289541
Area: 0.000415751201978323
CentroidX: 0.1030
CentroidY: 0.3823
