Location: Dedata_11.png_Mean-Closing.png
Component: component_1755521043925_279.png
centerX: 0.14677419354838708
centerY: 0.6697064690795098
width: 0.0467741935483871
height: 0.023083499572527786
Area: 0.00041816435157521214
CentroidX: 0.1700
CentroidY: 0.6832
