Location: Dedata_11.png_Mean-Medain.png
Component: component_1755521044745_59.png
centerX: 0.2028225806451613
centerY: 0.11285266457680251
width: 0.044758064516129036
height: 0.021373610715303505
Area: 0.00039127497035273354
CentroidX: 0.2231
CentroidY: 0.1248
