Location: internet_16.png_Mean-Medain.png
Component: component_1755087209719_60.png
centerX: 0.28133817009270456
centerY: 0.13373253493013973
width: 0.049576783555018135
height: 0.024522383803820928
Area: 0.0004277734621159018
CentroidX: 0.3074
CentroidY: 0.1459
