Location: Dedata_11.png_Mean-Medain.png
Component: component_1755521044838_294.png
centerX: 0.2161290322580645
centerY: 0.7056141350812197
width: 0.05161290322580645
height: 0.02080364776289541
Area: 0.00042517397659474717
CentroidX: 0.2404
CentroidY: 0.7179
