Location: internet_16.png_Mean-Medain.png
Component: component_1755087209760_237.png
centerX: 0.750906892382104
centerY: 0.7171371542629028
width: 0.05804111245465538
height: 0.026518391787852865
Area: 0.0006520039899472087
CentroidX: 0.7760
CentroidY: 0.7310
