Location: Dedata_11.png_Gaussian-Median.png
Component: component_1755521044452_253.png
centerX: 0.589516129032258
centerY: 0.5785123966942148
width: 0.06008064516129032
height: 0.023083499572527786
Area: 0.0005162991018487024
CentroidX: 0.6166
CentroidY: 0.5924
