Location: internet_16.png_Otsu.png
Component: component_1755087209318_405.png
centerX: 0.9326884320838371
centerY: 0.43398916452808667
width: 0.042724707779121324
height: 0.027088679783290562
Area: 0.0005261544625380436
CentroidX: 0.9545
CentroidY: 0.4473
