Location: internet_16.png_Gaussian-Median.png
Component: component_1755087209892_208.png
centerX: 0.5316404675534059
centerY: 0.583689763330482
width: 0.05078597339782346
height: 0.026518391787852865
Area: 0.0005339697756556904
CentroidX: 0.5569
CentroidY: 0.5975
