Location: internet_16.png_Otsu.png
Component: component_1755087209316_399.png
centerX: 0.44135429262394194
centerY: 0.4128885086968919
width: 0.04191858121725111
height: 0.025377815796977475
Area: 0.0004789177906063844
CentroidX: 0.4634
CentroidY: 0.4257
