Location: Dedata_11.png_Gaussian-Closing.png
Component: component_1755521044252_237.png
centerX: 0.21008064516129032
centerY: 0.5540039897406669
width: 0.046370967741935484
height: 0.022513536620119692
Area: 0.0003708206547219592
CentroidX: 0.2323
CentroidY: 0.5664
