Location: internet_16.png_Gaussian-Median.png
Component: component_1755087209874_171.png
centerX: 0.08020959290608626
centerY: 0.46877673224978617
width: 0.0471584038694075
height: 0.028229255774165955
Area: 0.0005937339347906364
CentroidX: 0.1039
CentroidY: 0.4826
