Location: internet_16.png_Otsu.png
Component: component_1755087209331_469.png
centerX: 0.3841193067311568
centerY: 0.6355859709153122
width: 0.04191858121725111
height: 0.023096663815226688
Area: 0.0004328304294273203
CentroidX: 0.4042
CentroidY: 0.6477
