Location: Dedata_11.png_Gaussian-Median.png
Component: component_1755521044368_34.png
centerX: 0.7290322580645161
centerY: 0.05186662866913651
width: 0.046370967741935484
height: 0.018238814477058992
Area: 0.00021591943297879186
CentroidX: 0.7539
CentroidY: 0.0623
