Location: Dedata_11.png_Gaussian-Median.png
Component: component_1755521044443_227.png
centerX: 0.28669354838709676
centerY: 0.51268167569108
width: 0.04959677419354839
height: 0.022798518096323737
Area: 0.00038920655641254284
CentroidX: 0.3115
CentroidY: 0.5256
