Location: Dedata_11.png_Gaussian-Closing.png
Component: component_1755521044012_18.png
centerX: 0.3379032258064516
centerY: 0.04417212881162724
width: 0.03588709677419355
height: 0.021373610715303505
Area: 0.0002451070519125934
CentroidX: 0.3561
CentroidY: 0.0570
