Location: Dedata_11.png_Gaussian-Closing.png
Component: component_1755521043990_7.png
centerX: 0.2778225806451613
centerY: 0.010259333143345683
width: 0.04112903225806452
height: 0.019948703334283273
Area: 0.0002615394515485526
CentroidX: 0.2981
CentroidY: 0.0218
