Location: Dedata_11.png_Mean-Closing.png
Component: component_1755521043852_89.png
centerX: 0.41088709677419355
centerY: 0.18438301510401825
width: 0.04596774193548387
height: 0.02080364776289541
Area: 0.0003855293760744261
CentroidX: 0.4324
CentroidY: 0.1961
