Location: Dedata_11.png_Gaussian-Median.png
Component: component_1755521044366_30.png
centerX: 0.6653225806451613
centerY: 0.04987175833570818
width: 0.039919354838709675
height: 0.021658592191507554
Area: 0.00022660623833644362
CentroidX: 0.6873
CentroidY: 0.0626
