Location: Dedata_11.png_Mean-Medain.png
Component: component_1755521044812_231.png
centerX: 0.7419354838709677
centerY: 0.5431746936449131
width: 0.04314516129032258
height: 0.019663721858079224
Area: 0.00036806276946837167
CentroidX: 0.7628
CentroidY: 0.5545
