Location: internet_16.png_Gaussian-Median.png
Component: component_1755087209895_218.png
centerX: 0.7496977025392987
centerY: 0.6224693470202453
width: 0.05078597339782346
height: 0.02737382378100941
Area: 0.000574540445222298
CentroidX: 0.7738
CentroidY: 0.6374
