Location: Dedata_11.png_Mean-Medain.png
Component: component_1755521044826_258.png
centerX: 0.7274193548387097
centerY: 0.6107153035052721
width: 0.05282258064516129
height: 0.02336848104873183
Area: 0.00043976778606164793
CentroidX: 0.7530
CentroidY: 0.6248
