Location: Dedata_11.png_Mean-Medain.png
Component: component_1755521044725_17.png
centerX: 0.4899193548387097
centerY: 0.013394129381590196
width: 0.04153225806451613
height: 0.019948703334283273
Area: 0.0002894630397411265
CentroidX: 0.5104
CentroidY: 0.0249
