Location: Dedata_11.png_Gaussian-Median.png
Component: component_1755521044391_75.png
centerX: 0.32983870967741935
centerY: 0.1444856084354517
width: 0.04435483870967742
height: 0.0219435736677116
Area: 0.0003554224620560954
CentroidX: 0.3496
CentroidY: 0.1577
