Location: Dedata_11.png_Gaussian-Median.png
Component: component_1755521044451_252.png
centerX: 0.6681451612903225
centerY: 0.5768025078369906
width: 0.04435483870967742
height: 0.02536335138216016
Area: 0.000418853822888609
CentroidX: 0.6903
CentroidY: 0.5907
