Location: Dedata_11.png_Mean-Closing.png
Component: component_1755521043923_267.png
centerX: 0.010887096774193548
centerY: 0.6363636363636364
width: 0.0407258064516129
height: 0.020518666286691366
Area: 0.0003588698186230798
CentroidX: 0.0298
CentroidY: 0.6476
