Location: Dedata_11.png_Gaussian-Closing.png
Component: component_1755521044206_147.png
centerX: 0.3681451612903226
centerY: 0.31689940153889995
width: 0.05604838709677419
height: 0.021658592191507554
Area: 0.00038242675516414015
CentroidX: 0.3951
CentroidY: 0.3303
