Location: internet_16.png_Mean-Medain.png
Component: component_1755087209751_197.png
centerX: 0.8141878274889157
centerY: 0.5717137154262902
width: 0.04393389762192664
height: 0.027088679783290562
Area: 0.0005416701576980776
CentroidX: 0.8369
CentroidY: 0.5856
