Location: internet_16.png_Mean-Medain.png
Component: component_1755087209740_152.png
centerX: 0.7964530431277711
centerY: 0.4368406045052752
width: 0.05038291011688835
height: 0.02879954376960365
Area: 0.0006112034582300821
CentroidX: 0.8225
CentroidY: 0.4516
