Location: internet_16.png_Gaussian-Closing.png
Component: component_1755087209438_207.png
centerX: 0.6743248690044337
centerY: 0.6253207869974337
width: 0.04070939137444579
height: 0.02737382378100941
Area: 0.0005263843246885627
CentroidX: 0.6956
CentroidY: 0.6388
