Location: internet_16.png_Gaussian-Closing.png
Component: component_1755087209510_262.png
centerX: 0.547359935509875
centerY: 0.8272027373823782
width: 0.04836759371221282
height: 0.02594810379241517
Area: 0.0005220169438287012
CentroidX: 0.5707
CentroidY: 0.8408
