Location: Dedata_11.png_Mean-Closing.png
Component: component_1755521043841_56.png
centerX: 0.5254032258064516
centerY: 0.11028783129096609
width: 0.052016129032258066
height: 0.021373610715303505
Area: 0.00036633909118487945
CentroidX: 0.5499
CentroidY: 0.1230
