Location: internet_16.png_Otsu.png
Component: component_1755087209312_381.png
centerX: 0.6698911729141476
centerY: 0.3487311092101511
width: 0.046352277307537285
height: 0.03022526375819789
Area: 0.0005974117291989408
CentroidX: 0.6944
CentroidY: 0.3634
