Location: Dedata_11.png_Mean-Medain.png
Component: component_1755521044778_135.png
centerX: 0.15524193548387097
centerY: 0.29723567968082076
width: 0.04596774193548387
height: 0.018808777429467086
Area: 0.00034864266080769266
CentroidX: 0.1776
CentroidY: 0.3080
