Location: Dedata_11.png_Mean-Closing.png
Component: component_1755521043922_266.png
centerX: 0.07056451612903226
centerY: 0.6326588771729837
width: 0.05161290322580645
height: 0.024793388429752067
Area: 0.0004137976999236985
CentroidX: 0.0946
CentroidY: 0.6471
