Location: Dedata_11.png_Gaussian-Median.png
Component: component_1755521044408_123.png
centerX: 0.4350806451612903
centerY: 0.25505842120262184
width: 0.04959677419354839
height: 0.02108862923909946
Area: 0.00036564961987148255
CentroidX: 0.4593
CentroidY: 0.2674
