Location: internet_16.png_Gaussian-Median.png
Component: component_1755087209849_87.png
centerX: 0.08504635227730754
centerY: 0.18249215854006273
width: 0.04796453043127771
height: 0.02594810379241517
Area: 0.0005104089052274906
CentroidX: 0.1092
CentroidY: 0.1963
