Location: internet_16.png_Gaussian-Closing.png
Component: component_1755087209410_75.png
centerX: 0.547359935509875
centerY: 0.17365269461077845
width: 0.046352277307537285
height: 0.0290846877673225
Area: 0.0005571858528581117
CentroidX: 0.5709
CentroidY: 0.1874
