Location: internet_16.png_Gaussian-Median.png
Component: component_1755087209846_70.png
centerX: 0.006045949214026602
centerY: 0.14171656686626746
width: 0.044740024183796856
height: 0.025377815796977475
Area: 0.0003168649744904732
CentroidX: 0.0322
CentroidY: 0.1532
