Location: internet_16.png_Otsu.png
Component: component_1755087209307_359.png
centerX: 0.3825070536074164
centerY: 0.26632449386940404
width: 0.04353083434099154
height: 0.026518391787852865
Area: 0.0004978814180242038
CentroidX: 0.4044
CentroidY: 0.2805
