Location: Dedata_11.png_Mean-Closing.png
Component: component_1755521043857_106.png
centerX: 0.14153225806451614
centerY: 0.22542034767740096
width: 0.05120967741935484
height: 0.02108862923909946
Area: 0.0003715101260353561
CentroidX: 0.1670
CentroidY: 0.2376
