Location: internet_16.png_Mean-Medain.png
Component: component_1755087209738_141.png
centerX: 0.6590084643288996
centerY: 0.4023381807812946
width: 0.04554615074566707
height: 0.028229255774165955
Area: 0.000575000169523336
CentroidX: 0.6838
CentroidY: 0.4165
