Location: Dedata_11.png_Gaussian-Closing.png
Component: component_1755521044205_145.png
centerX: 0.5278225806451613
centerY: 0.3149045312054716
width: 0.04879032258064516
height: 0.02080364776289541
Area: 0.0003342786751119242
CentroidX: 0.5513
CentroidY: 0.3266
