Location: internet_16.png_Gaussian-Closing.png
Component: component_1755087209424_134.png
centerX: 0.9258363563079404
centerY: 0.3886512688907898
width: 0.04393389762192664
height: 0.02879954376960365
Area: 0.000575689755974893
CentroidX: 0.9487
CentroidY: 0.4029
