Location: Dedata_11.png_Gaussian-Closing.png
Component: component_1755521044192_102.png
centerX: 0.4221774193548387
centerY: 0.21744086634368767
width: 0.03951612903225806
height: 0.02365346252493588
Area: 0.0003477233657231635
CentroidX: 0.4420
CentroidY: 0.2302
