Location: Dedata_11.png_Gaussian-Closing.png
Component: component_1755521044101_53.png
centerX: 0.3254032258064516
centerY: 0.10943288686235395
width: 0.04717741935483871
height: 0.020518666286691366
Area: 0.00035772069976741834
CentroidX: 0.3482
CentroidY: 0.1214
