Location: Dedata_11.png_Gaussian-Closing.png
Component: component_1755521044232_209.png
centerX: 0.29435483870967744
centerY: 0.47648902821316613
width: 0.04959677419354839
height: 0.020233684810487318
Area: 0.0004603370135779884
CentroidX: 0.3175
CentroidY: 0.4880
