Location: Dedata_11.png_Gaussian-Closing.png
Component: component_1755521043991_10.png
centerX: 0.2120967741935484
centerY: 0.011114277571957822
width: 0.037096774193548385
height: 0.018808777429467086
Area: 0.0002405105764899475
CentroidX: 0.2298
CentroidY: 0.0223
