Location: Dedata_11.png_Gaussian-Closing.png
Component: component_1755521044225_184.png
centerX: 0.8193548387096774
centerY: 0.41835280706754063
width: 0.05282258064516129
height: 0.01937874038187518
Area: 0.00042701256676380553
CentroidX: 0.8440
CentroidY: 0.4299
