Location: internet_16.png_Otsu.png
Component: component_1755087209284_6.png
centerX: 0.4191858121725111
centerY: 0.006843455945252352
width: 0.03426037887948408
height: 0.024522383803820928
Area: 0.00027985716825691047
CentroidX: 0.4374
CentroidY: 0.0185
