Location: internet_16.png_Mean-Medain.png
Component: component_1755087209760_239.png
centerX: 0.6122531237404273
centerY: 0.7245508982035929
width: 0.04232164449818621
height: 0.028229255774165955
Area: 0.0005364982593113997
CentroidX: 0.6337
CentroidY: 0.7386
