Location: internet_16.png_Mean-Medain.png
Component: component_1755087209749_191.png
centerX: 0.14268440145102781
centerY: 0.5585970915312233
width: 0.05401047964530431
height: 0.026518391787852865
Area: 0.0006025836275856187
CentroidX: 0.1678
CentroidY: 0.5727
