Location: Dedata_11.png_Gaussian-Median.png
Component: component_1755521044424_176.png
centerX: 0.8193548387096774
centerY: 0.3813052151610145
width: 0.05443548387096774
height: 0.0219435736677116
Area: 0.0004163257614061538
CentroidX: 0.8453
CentroidY: 0.3941
