Location: Dedata_11.png_Gaussian-Closing.png
Component: component_1755521044146_66.png
centerX: 0.9306451612903226
centerY: 0.1390709603875748
width: 0.0467741935483871
height: 0.0176688515246509
Area: 0.00029647266476066155
CentroidX: 0.9531
CentroidY: 0.1489
