Location: Dedata_11.png_Gaussian-Median.png
Component: component_1755521044476_293.png
centerX: 0.7895161290322581
centerY: 0.6848104873183243
width: 0.062096774193548386
height: 0.021658592191507554
Area: 0.0004399976098327802
CentroidX: 0.8197
CentroidY: 0.6984
