Location: internet_16.png_Otsu.png
Component: component_1755087209295_170.png
centerX: 0.5985489721886336
centerY: 0.08953521528371827
width: 0.039500201531640466
height: 0.021100655831194755
Area: 0.00015389270977248589
CentroidX: 0.6148
CentroidY: 0.0994
