Location: Dedata_11.png_Mean-Closing.png
Component: component_1755521043851_88.png
centerX: 0.33991935483870966
centerY: 0.18381305215161015
width: 0.046370967741935484
height: 0.02365346252493588
Area: 0.0003979398597155701
CentroidX: 0.3624
CentroidY: 0.1974
