Location: Dedata_11.png_Mean-Medain.png
Component: component_1755521044793_183.png
centerX: 0.8879032258064516
centerY: 0.41550299230550014
width: 0.05161290322580645
height: 0.023083499572527786
Area: 0.0004845834214324456
CentroidX: 0.9140
CentroidY: 0.4289
