Location: Dedata_11.png_Mean-Medain.png
Component: component_1755521044792_181.png
centerX: 0.075
centerY: 0.4066685665431747
width: 0.04838709677419355
height: 0.019663721858079224
Area: 0.00036427067724468875
CentroidX: 0.0988
CentroidY: 0.4177
