Location: Dedata_11.png_Mean-Closing.png
Component: component_1755521043856_100.png
centerX: 0.5516129032258065
centerY: 0.21687090339127957
width: 0.04112903225806452
height: 0.020233684810487318
Area: 0.00035484790262826465
CentroidX: 0.5720
CentroidY: 0.2282
