Location: Dedata_11.png_Gaussian-Median.png
Component: component_1755521044413_143.png
centerX: 0.015725806451612902
centerY: 0.3037902536335138
width: 0.04838709677419355
height: 0.018238814477058992
Area: 0.00030060949264104284
CentroidX: 0.0390
CentroidY: 0.3140
