Location: Dedata_11.png_Gaussian-Median.png
Component: component_1755521044413_144.png
centerX: 0.9217741935483871
centerY: 0.30521516101453405
width: 0.043548387096774194
height: 0.022798518096323737
Area: 0.000356686492797323
CentroidX: 0.9408
CentroidY: 0.3190
