Location: Dedata_11.png_Gaussian-Median.png
Component: component_1755521044431_185.png
centerX: 0.2157258064516129
centerY: 0.40153889997150183
width: 0.0467741935483871
height: 0.018523795953263037
Area: 0.0003335892037985273
CentroidX: 0.2378
CentroidY: 0.4122
