Location: Dedata_11.png_Gaussian-Closing.png
Component: component_1755521044137_61.png
centerX: 0.07540322580645162
centerY: 0.1176973496722713
width: 0.03790322580645161
height: 0.021373610715303505
Area: 0.0003551926382849631
CentroidX: 0.0944
CentroidY: 0.1297
