Location: Dedata_11.png_Gaussian-Median.png
Component: component_1755521044399_92.png
centerX: 0.41088709677419355
centerY: 0.18438301510401825
width: 0.04596774193548387
height: 0.02080364776289541
Area: 0.0003563417571406246
CentroidX: 0.4324
CentroidY: 0.1961
