Location: Dedata_11.png_Mean-Closing.png
Component: component_1755521043926_283.png
centerX: 0.8637096774193549
centerY: 0.6842405243659162
width: 0.05604838709677419
height: 0.02108862923909946
Area: 0.0004301151876740915
CentroidX: 0.8906
CentroidY: 0.6971
