Location: internet_16.png_Gaussian-Closing.png
Component: component_1755087209422_126.png
centerX: 0.520757758968158
centerY: 0.35614485315084116
width: 0.04877065699314793
height: 0.02879954376960365
Area: 0.0005958026941453076
CentroidX: 0.5457
CentroidY: 0.3712
