Location: internet_16.png_Gaussian-Closing.png
Component: component_1755087209396_6.png
centerX: 0.41878274889157596
centerY: 0.006558311947533505
width: 0.03466344216041919
height: 0.02480752780153978
Area: 0.0003076704884697123
CentroidX: 0.4372
CentroidY: 0.0183
