Location: internet_16.png_Mean-Medain.png
Component: component_1755087209726_84.png
centerX: 0.006449012494961709
centerY: 0.18562874251497005
width: 0.0475614671503426
height: 0.023952095808383235
Area: 0.0005360385350103616
CentroidX: 0.0302
CentroidY: 0.1971
