Location: Dedata_11.png_Mean-Closing.png
Component: component_1755521043921_260.png
centerX: 0.4705645161290323
centerY: 0.6204046736962098
width: 0.04959677419354839
height: 0.021373610715303505
Area: 0.0004231055626545565
CentroidX: 0.4942
CentroidY: 0.6326
