Location: Dedata_11.png_Mean-Closing.png
Component: component_1755521043885_170.png
centerX: 0.7540322580645161
centerY: 0.3850099743516671
width: 0.04758064516129032
height: 0.020233684810487318
Area: 0.00041345296426700004
CentroidX: 0.7771
CentroidY: 0.3966
