Location: internet_16.png_Otsu.png
Component: component_1755087209298_283.png
centerX: 0.23135832325675132
centerY: 0.1365839749073282
width: 0.025796049979846837
height: 0.02423723980610208
Area: 0.00010240358805622474
CentroidX: 0.2420
CentroidY: 0.1519
