Location: Dedata_11.png_Mean-Medain.png
Component: component_1755521044720_3.png
centerX: 0.14596774193548387
centerY: 0.008264462809917356
width: 0.03790322580645161
height: 0.01909375890567113
Area: 0.0002748692302742257
CentroidX: 0.1659
CentroidY: 0.0190
