Location: internet_16.png_Gaussian-Closing.png
Component: component_1755087209403_39.png
centerX: 0.6807738814993954
centerY: 0.08440262332477902
width: 0.04393389762192664
height: 0.02594810379241517
Area: 0.00030950938567386445
CentroidX: 0.7037
CentroidY: 0.0968
