Location: internet_16.png_Gaussian-Median.png
Component: component_1755087209852_97.png
centerX: 0.23297057638049173
centerY: 0.22355289421157684
width: 0.0471584038694075
height: 0.02594810379241517
Area: 0.000550060126192022
CentroidX: 0.2576
CentroidY: 0.2357
