Location: internet_16.png_Gaussian-Closing.png
Component: component_1755087209399_22.png
centerX: 0.7984683595324465
centerY: 0.043912175648702596
width: 0.04514308746473196
height: 0.026518391787852865
Area: 0.0003520338835198837
CentroidX: 0.8205
CentroidY: 0.0574
