Location: Dedata_11.png_Mean-Closing.png
Component: component_1755521043876_147.png
centerX: 0.21814516129032258
centerY: 0.3268737532060416
width: 0.04838709677419355
height: 0.02080364776289541
Area: 0.0003573759641107199
CentroidX: 0.2412
CentroidY: 0.3392
