Location: Dedata_11.png_Gaussian-Median.png
Component: component_1755521044421_170.png
centerX: 0.2213709677419355
centerY: 0.36306640068395557
width: 0.041935483870967745
height: 0.020518666286691366
Area: 0.0003405988288180623
CentroidX: 0.2416
CentroidY: 0.3750
