Location: internet_16.png_Mean-Medain.png
Component: component_1755087209735_129.png
centerX: 0.5203546956872229
centerY: 0.35614485315084116
width: 0.049576783555018135
height: 0.02879954376960365
Area: 0.0006236160143581093
CentroidX: 0.5456
CentroidY: 0.3712
