Location: internet_16.png_Otsu.png
Component: component_1755087209308_364.png
centerX: 0.07819427650141073
centerY: 0.2805816937553465
width: 0.04917372027408303
height: 0.02480752780153978
Area: 0.0005079953526470408
CentroidX: 0.1035
CentroidY: 0.2923
