Location: Dedata_11.png_Mean-Medain.png
Component: component_1755521044832_275.png
centerX: 0.5036290322580645
centerY: 0.6563123396979197
width: 0.053629032258064514
height: 0.025078369905956112
Area: 0.0004792974746964028
CentroidX: 0.5306
CentroidY: 0.6708
