Location: Dedata_11.png_Gaussian-Closing.png
Component: component_1755521044251_236.png
centerX: 0.3463709677419355
centerY: 0.5531490453120547
width: 0.0375
height: 0.019663721858079224
Area: 0.00033209534928616734
CentroidX: 0.3635
CentroidY: 0.5645
