Location: Dedata_11.png_Mean-Medain.png
Component: component_1755521044746_64.png
centerX: 0.9306451612903226
centerY: 0.13878597891137076
width: 0.0467741935483871
height: 0.017953833000854943
Area: 0.0003169269803914358
CentroidX: 0.9532
CentroidY: 0.1490
