Location: Dedata_11.png_Gaussian-Median.png
Component: component_1755521044392_77.png
centerX: 0.1967741935483871
centerY: 0.14961527500712454
width: 0.04395161290322581
height: 0.020233684810487318
Area: 0.0003376111197933425
CentroidX: 0.2183
CentroidY: 0.1612
