Location: Dedata_11.png_Mean-Medain.png
Component: component_1755521044732_29.png
centerX: 0.7995967741935484
centerY: 0.051011684240524366
width: 0.041935483870967745
height: 0.018238814477058992
Area: 0.00020546245139227242
CentroidX: 0.8186
CentroidY: 0.0626
