Location: Dedata_11.png_Mean-Medain.png
Component: component_1755521044829_268.png
centerX: 0.07056451612903226
centerY: 0.6326588771729837
width: 0.052016129032258066
height: 0.024793388429752067
Area: 0.00041517664255049226
CentroidX: 0.0946
CentroidY: 0.6471
