Location: Dedata_11.png_Gaussian-Median.png
Component: component_1755521044415_149.png
centerX: 0.5903225806451613
centerY: 0.31319464234824734
width: 0.04233870967741935
height: 0.018808777429467086
Area: 0.000301528787725572
CentroidX: 0.6113
CentroidY: 0.3235
