Location: internet_16.png_Otsu.png
Component: component_1755087209302_335.png
centerX: 0.38170092704554615
centerY: 0.1799258625605931
width: 0.051189036678758564
height: 0.027088679783290562
Area: 0.0005510945058693576
CentroidX: 0.4076
CentroidY: 0.1935
