Location: internet_16.png_Otsu.png
Component: component_1755087209329_458.png
centerX: 0.21563885530028215
centerY: 0.5982321072141431
width: 0.04393389762192664
height: 0.025377815796977475
Area: 0.0005010994881314701
CentroidX: 0.2376
CentroidY: 0.6113
