Location: internet_16.png_Otsu.png
Component: component_1755087209333_476.png
centerX: 0.747279322853688
centerY: 0.6703735386370117
width: 0.04312777106005643
height: 0.026803535785571715
Area: 0.0005147762860873519
CentroidX: 0.7696
CentroidY: 0.6847
