Location: Dedata_11.png_Gaussian-Closing.png
Component: component_1755521044226_189.png
centerX: 0.4205645161290323
centerY: 0.43288686235394697
width: 0.052016129032258066
height: 0.02108862923909946
Area: 0.0004074775462175604
CentroidX: 0.4463
CentroidY: 0.4446
