Location: Dedata_11.png_Gaussian-Median.png
Component: component_1755521044469_272.png
centerX: 0.2745967741935484
centerY: 0.6292390994585352
width: 0.04435483870967742
height: 0.019663721858079224
Area: 0.00035151545794684635
CentroidX: 0.2952
CentroidY: 0.6403
