Location: internet_16.png_Otsu.png
Component: component_1755087209328_452.png
centerX: 0.6723095525997581
centerY: 0.5745651554034787
width: 0.046352277307537285
height: 0.02623324779013402
Area: 0.00047558478942385856
CentroidX: 0.6955
CentroidY: 0.5890
