Location: Dedata_11.png_Mean-Medain.png
Component: component_1755521044796_195.png
centerX: 0.07379032258064516
centerY: 0.44400113992590484
width: 0.05887096774193548
height: 0.019663721858079224
Area: 0.00044080199303174326
CentroidX: 0.1008
CentroidY: 0.4551
