Location: internet_16.png_Gaussian-Closing.png
Component: component_1755087209402_35.png
centerX: 0.8286981056025796
centerY: 0.08126603934987169
width: 0.037484885126964934
height: 0.025377815796977475
Area: 0.0002697432336340735
CentroidX: 0.8492
CentroidY: 0.0928
