Location: internet_16.png_Gaussian-Closing.png
Component: component_1755087209420_118.png
centerX: 0.14349052801289802
centerY: 0.3193612774451098
width: 0.04353083434099154
height: 0.026803535785571715
Area: 0.0005453479521063821
CentroidX: 0.1657
CentroidY: 0.3326
