Location: Dedata_11.png_Gaussian-Median.png
Component: component_1755521044458_261.png
centerX: 0.007661290322580645
centerY: 0.5958962667426617
width: 0.044758064516129036
height: 0.022228555143915644
Area: 0.0003851846404177277
CentroidX: 0.0288
CentroidY: 0.6087
