Location: Dedata_11.png_Gaussian-Closing.png
Component: component_1755521044030_36.png
centerX: 0.4536290322580645
centerY: 0.07609005414648048
width: 0.04516129032258064
height: 0.018523795953263037
Area: 0.00034232250710155453
CentroidX: 0.4751
CentroidY: 0.0869
