Location: internet_16.png_Gaussian-Closing.png
Component: component_1755087209437_200.png
centerX: 0.21523579201934703
centerY: 0.5982321072141431
width: 0.04433696090286175
height: 0.025377815796977475
Area: 0.00052466035855967
CentroidX: 0.2376
CentroidY: 0.6112
