Location: internet_16.png_Mean-Medain.png
Component: component_1755087209714_37.png
centerX: 0.8903667875856509
centerY: 0.08155118334759054
width: 0.041112454655380895
height: 0.029369831765041345
Area: 0.0003357136708330331
CentroidX: 0.9123
CentroidY: 0.0948
