Location: internet_16.png_Gaussian-Closing.png
Component: component_1755087209414_91.png
centerX: 0.38814993954050786
centerY: 0.2244083262047334
width: 0.049576783555018135
height: 0.02566295979469632
Area: 0.000559484474363302
CentroidX: 0.4121
CentroidY: 0.2377
