Location: internet_16.png_Otsu.png
Component: component_1755087209344_526.png
centerX: 0.07819427650141073
centerY: 0.8420302252637581
width: 0.04836759371221282
height: 0.026518391787852865
Area: 0.0005223617370544798
CentroidX: 0.1031
CentroidY: 0.8553
