Location: internet_16.png_Mean-Medain.png
Component: component_1755087209747_177.png
centerX: 0.07537283353486497
centerY: 0.5152552038779584
width: 0.049979846835953246
height: 0.029369831765041345
Area: 0.000645108125431638
CentroidX: 0.0999
CentroidY: 0.5298
