Location: internet_16.png_Otsu.png
Component: component_1755087209302_338.png
centerX: 0.0068520757758968156
centerY: 0.18591388651268892
width: 0.04675534058847239
height: 0.023666951810664385
Area: 0.0004884570698529239
CentroidX: 0.0302
CentroidY: 0.1972
