Location: internet_16.png_Mean-Medain.png
Component: component_1755087209713_28.png
centerX: 0.43933897621926643
centerY: 0.05132591958939264
width: 0.05078597339782346
height: 0.022526375819788995
Area: 0.0003461723986816486
CentroidX: 0.4658
CentroidY: 0.0615
