Location: internet_16.png_Gaussian-Closing.png
Component: component_1755087209401_29.png
centerX: 0.07859733978234583
centerY: 0.05446250356429997
width: 0.03990326481257558
height: 0.024522383803820928
Area: 0.00026514599062369304
CentroidX: 0.1009
CentroidY: 0.0644
