Location: internet_16.png_Mean-Medain.png
Component: component_1755087209717_47.png
centerX: 0.007658202337767029
centerY: 0.09381237524950099
width: 0.03466344216041919
height: 0.02623324779013402
Area: 0.000309854178899643
CentroidX: 0.0260
CentroidY: 0.1068
