Location: Dedata_11.png_Gaussian-Closing.png
Component: component_1755521044188_88.png
centerX: 0.4774193548387097
centerY: 0.18210316329438586
width: 0.044758064516129036
height: 0.020518666286691366
Area: 0.00033324446814182886
CentroidX: 0.5006
CentroidY: 0.1931
