Location: internet_16.png_Gaussian-Closing.png
Component: component_1755087209438_204.png
centerX: 0.9040709391374446
centerY: 0.6164813230681494
width: 0.04312777106005643
height: 0.024522383803820928
Area: 0.0005055818000665911
CentroidX: 0.9252
CentroidY: 0.6297
