Location: Dedata_11.png_Mean-Closing.png
Component: component_1755521043832_35.png
centerX: 0.3895161290322581
centerY: 0.07609005414648048
width: 0.043548387096774194
height: 0.02108862923909946
Area: 0.0003618575276477997
CentroidX: 0.4114
CentroidY: 0.0879
