Location: Dedata_11.png_Gaussian-Median.png
Component: component_1755521044469_274.png
centerX: 0.14233870967741935
centerY: 0.6320889142205757
width: 0.044758064516129036
height: 0.021658592191507554
Area: 0.0003599040255931752
CentroidX: 0.1612
CentroidY: 0.6456
