Location: internet_16.png_Mean-Medain.png
Component: component_1755087209720_64.png
centerX: 0.08101571946795647
centerY: 0.13972055888223553
width: 0.04433696090286175
height: 0.025377815796977475
Area: 0.00035375784964877637
CentroidX: 0.1046
CentroidY: 0.1515
