Location: Dedata_11.png_Gaussian-Closing.png
Component: component_1755521044289_287.png
centerX: 0.7233870967741935
centerY: 0.689085209461385
width: 0.06169354838709677
height: 0.02080364776289541
Area: 0.0004527528291306226
CentroidX: 0.7504
CentroidY: 0.7021
