Location: Dedata_11.png_Gaussian-Median.png
Component: component_1755521044469_275.png
centerX: 0.07056451612903226
centerY: 0.6326588771729837
width: 0.052016129032258066
height: 0.024793388429752067
Area: 0.00040046792119802536
CentroidX: 0.0947
CentroidY: 0.6470
