Location: internet_16.png_Mean-Medain.png
Component: component_1755087209743_162.png
centerX: 0.2309552599758162
centerY: 0.4636441402908469
width: 0.04353083434099154
height: 0.026518391787852865
Area: 0.0005376475700639947
CentroidX: 0.2538
CentroidY: 0.4770
