Location: 2025-04-18_221535-1.png_Mean-Closing.png
Component: component_1745012558893_29.png
centerX: 0.5771495877502945
centerY: 0.012836970474967908
width: 0.03769140164899882
height: 0.025246041934103552
Area: 0.00042915902471280616
CentroidX: 0.5956
CentroidY: 0.0262
