Location: 2025-04-18_221510-1.png_Mean-Medain.png
Component: component_1745012558810_203.png
centerX: 0.6071849234393404
centerY: 0.38254172015404364
width: 0.030624263839811542
height: 0.01797175866495507
Area: 0.0002630898542572928
CentroidX: 0.6198
CentroidY: 0.3922
