Location: 2025-04-18_221450-1.png_Mean-Medain.png
Component: component_1745012811966_380.png
centerX: 0.9411071849234394
centerY: 0.7492511767222936
width: 0.034746760895170786
height: 0.02995293110825845
Area: 0.0004770393621734246
CentroidX: 0.9591
CentroidY: 0.7651
