Location: 2025-04-18_221535-1.png_Mean-Closing.png
Component: component_1745012558917_164.png
centerX: 0.8292108362779741
centerY: 0.34360290971330765
width: 0.03356890459363958
height: 0.030380830124090714
Area: 0.0004838434101283546
CentroidX: 0.8429
CentroidY: 0.3590
