Location: 2025-04-18_221535-1.png_Mean-Closing.png
Component: component_1745012558896_46.png
centerX: 0.26501766784452296
centerY: 0.050919982884039365
width: 0.0353356890459364
height: 0.02396234488660676
Area: 0.00037749866061056
CentroidX: 0.2816
CentroidY: 0.0642
