Location: 2025-04-18_221510-1.png_Otsu.png
Component: component_1745012558561_414.png
centerX: 0.04240282685512368
centerY: 0.5323063756953359
width: 0.03297997644287397
height: 0.02011125374411639
Area: 0.00026787788800335463
CentroidX: 0.0550
CentroidY: 0.5433
