Location: 2025-04-18_221450-1.png_Gaussian-Median.png
Component: component_1745012811558_509.png
centerX: 0.4793875147232038
centerY: 0.9460847240051348
width: 0.034746760895170786
height: 0.025673940949935817
Area: 0.00043697107977217023
CentroidX: 0.4957
CentroidY: 0.9596
