Location: 2025-04-18_221450-1.png_Mean-Medain.png
Component: component_1745012811920_255.png
centerX: 0.3421672555948174
centerY: 0.5190415062045357
width: 0.039458186101295645
height: 0.0235344458707745
Area: 0.000454863205875875
CentroidX: 0.3578
CentroidY: 0.5314
