Location: 2025-04-18_221450-1.png_Gaussian-Closing.png
Component: component_1745012812301_122.png
centerX: 0.5630153121319199
centerY: 0.2246469833119384
width: 0.03297997644287397
height: 0.025246041934103552
Area: 0.0003792626730433196
CentroidX: 0.5774
CentroidY: 0.2369
