Location: 2025-04-18_221510-1.png_Otsu.png
Component: component_1745012558514_81.png
centerX: 0.1513545347467609
centerY: 0.11810012836970475
width: 0.026501766784452298
height: 0.024390243902439025
Area: 0.0002809819803609976
CentroidX: 0.1636
CentroidY: 0.1303
