Location: 2025-04-18_221510-1.png_Otsu.png
Component: component_1745012558556_383.png
centerX: 0.3138987043580683
centerY: 0.5002139495079161
width: 0.024734982332155476
height: 0.02053915275994865
Area: 0.00020916147417006996
CentroidX: 0.3245
CentroidY: 0.5109
