Location: 2025-04-18_221535-1.png_Mean-Closing.png
Component: component_1745012558947_301.png
centerX: 0.914605418138987
centerY: 0.6662387676508345
width: 0.03651354534746761
height: 0.028241335044929396
Area: 0.0005070275735303382
CentroidX: 0.9331
CentroidY: 0.6807
