Location: 2025-04-18_221450-1.png_Otsu.png
Component: component_1745012812143_156.png
centerX: 0.18256772673733804
centerY: 0.29225502781343604
width: 0.028268551236749116
height: 0.024818142918271287
Area: 0.0003369263746570886
CentroidX: 0.1950
CentroidY: 0.3040
