Location: 2025-04-18_221450-1.png_Gaussian-Median.png
Component: component_1745012811456_14.png
centerX: 0.5335689045936396
centerY: 0.0034231921266581087
width: 0.03121319199057715
height: 0.025246041934103552
Area: 0.0004284030193844806
CentroidX: 0.5479
CentroidY: 0.0164
