Location: 2025-04-18_221535-1.png_Gaussian-Closing.png
Component: component_1745012558697_245.png
centerX: 0.7667844522968198
centerY: 0.5246041934103551
width: 0.0353356890459364
height: 0.02781343602909713
Area: 0.0005012315326798423
CentroidX: 0.7856
CentroidY: 0.5393
