Location: 2025-04-18_221450-1.png_Mean-Medain.png
Component: component_1745012811913_230.png
centerX: 0.6248527679623086
centerY: 0.45699614890885754
width: 0.035924617196702
height: 0.02267864783910997
Area: 0.00037699465705834297
CentroidX: 0.6388
CentroidY: 0.4693
