Location: 2025-04-18_221510-1.png_Otsu.png
Component: component_1745012558568_453.png
centerX: 0.4929328621908127
centerY: 0.5686777920410783
width: 0.026501766784452298
height: 0.019683354728284124
Area: 0.00023032962336318546
CentroidX: 0.5067
CentroidY: 0.5791
