Location: 2025-04-18_221450-1.png_Gaussian-Median.png
Component: component_1745012811501_233.png
centerX: 0.9316843345111896
centerY: 0.4411638853230638
width: 0.0353356890459364
height: 0.021822849807445442
Area: 0.00037699465705834297
CentroidX: 0.9457
CentroidY: 0.4525
