Location: 2025-04-18_221510-1.png_Otsu.png
Component: component_1745012558556_382.png
centerX: 0.13722025912838634
centerY: 0.49978605049208386
width: 0.02767962308598351
height: 0.02139495079161318
Area: 0.00018295328945478408
CentroidX: 0.1476
CentroidY: 0.5111
