Location: 2025-04-18_221510-1.png_Mean-Medain.png
Component: component_1745012558844_421.png
centerX: 0.5865724381625441
centerY: 0.7449721865639709
width: 0.030624263839811542
height: 0.019683354728284124
Area: 0.00023889768375087508
CentroidX: 0.5983
CentroidY: 0.7554
