Location: 2025-04-18_221450-1.png_Otsu.png
Component: component_1745012812185_298.png
centerX: 0.519434628975265
centerY: 0.5472828412494651
width: 0.032391048292108364
height: 0.024390243902439025
Area: 0.0003888387405354433
CentroidX: 0.5336
CentroidY: 0.5602
