Location: 2025-04-18_221510-1.png_Mean-Medain.png
Component: component_1745012558861_517.png
centerX: 0.8621908127208481
centerY: 0.9105691056910569
width: 0.03297997644287397
height: 0.025246041934103552
Area: 0.0004142909199224036
CentroidX: 0.8784
CentroidY: 0.9236
