Location: 2025-04-18_221450-1.png_Gaussian-Median.png
Component: component_1745012811499_224.png
centerX: 0.03651354534746761
centerY: 0.4146341463414634
width: 0.03297997644287397
height: 0.022250748823277707
Area: 0.0003734666321928237
CentroidX: 0.0510
CentroidY: 0.4263
