Location: 2025-04-18_221450-1.png_Mean-Medain.png
Component: component_1745012811600_70.png
centerX: 0.3415783274440518
centerY: 0.11938382541720154
width: 0.032391048292108364
height: 0.024390243902439025
Area: 0.0003795146748194281
CentroidX: 0.3571
CentroidY: 0.1317
