Location: 2025-04-18_221510-1.png_Otsu.png
Component: component_1745012558607_1043.png
centerX: 0.9004711425206124
centerY: 0.8356867779204108
width: 0.03121319199057715
height: 0.0235344458707745
Area: 0.0003366743728809801
CentroidX: 0.9144
CentroidY: 0.8479
