Location: 2025-04-18_221510-1.png_Mean-Medain.png
Component: component_1745012558862_520.png
centerX: 0.765017667844523
centerY: 0.9139922978177151
width: 0.034746760895170786
height: 0.02396234488660676
Area: 0.0004195829572206825
CentroidX: 0.7807
CentroidY: 0.9267
