Location: 2025-04-18_221450-1.png_Otsu.png
Component: component_1745012812095_21.png
centerX: 0.9593639575971732
centerY: 0.032520325203252036
width: 0.024734982332155476
height: 0.023106546854942234
Area: 0.0003328943462393523
CentroidX: 0.9707
CentroidY: 0.0448
