Location: 2025-04-18_221535-1.png_Mean-Closing.png
Component: component_1745012558959_355.png
centerX: 0.034746760895170786
centerY: 0.7864783910997005
width: 0.03121319199057715
height: 0.021822849807445442
Area: 0.0003875787316549007
CentroidX: 0.0481
CentroidY: 0.7983
