Location: 2025-04-18_221510-1.png_Otsu.png
Component: component_1745012558621_1117.png
centerX: 0.14428739693757361
centerY: 0.9691912708600771
width: 0.02944640753828033
height: 0.02139495079161318
Area: 0.0003341543551198949
CentroidX: 0.1559
CentroidY: 0.9805
