Location: 2025-04-18_221510-1.png_Mean-Medain.png
Component: component_1745012558846_431.png
centerX: 0.04063604240282685
centerY: 0.7479674796747967
width: 0.03180212014134275
height: 0.02267864783910997
Area: 0.00026636587734670355
CentroidX: 0.0521
CentroidY: 0.7597
