Location: 2025-04-18_221450-1.png_Otsu.png
Component: component_1745012812184_288.png
centerX: 0.8333333333333334
centerY: 0.5271715875053488
width: 0.030624263839811542
height: 0.02738553701326487
Area: 0.00037422263752114927
CentroidX: 0.8479
CentroidY: 0.5417
