Location: 2025-04-18_221450-1.png_Gaussian-Median.png
Component: component_1745012811498_213.png
centerX: 0.2420494699646643
centerY: 0.4030808729139923
width: 0.028268551236749116
height: 0.025246041934103552
Area: 0.0003495264634625145
CentroidX: 0.2564
CentroidY: 0.4161
