Location: 2025-04-18_221510-1.png_Otsu.png
Component: component_1745012558604_1019.png
centerX: 0.7508833922261484
centerY: 0.8087291399229781
width: 0.03415783274440518
height: 0.02011125374411639
Area: 0.0003318863391349182
CentroidX: 0.7672
CentroidY: 0.8194
