Location: 2025-04-18_221450-1.png_Otsu.png
Component: component_1745012812139_146.png
centerX: 0.38987043580683156
centerY: 0.27941805733846814
width: 0.03121319199057715
height: 0.023106546854942234
Area: 0.00034473842971645267
CentroidX: 0.4026
CentroidY: 0.2914
