Location: 2025-04-18_221510-1.png_Otsu.png
Component: component_1745012558571_491.png
centerX: 0.08833922261484099
centerY: 0.6041934103551562
width: 0.026501766784452298
height: 0.020967051775780916
Area: 0.00019479737293188443
CentroidX: 0.0991
CentroidY: 0.6152
