Location: 2025-04-18_221450-1.png_Gaussian-Closing.png
Component: component_1745012812369_437.png
centerX: 0.36160188457008247
centerY: 0.9477963200684638
width: 0.03121319199057715
height: 0.02610183996576808
Area: 0.00038657072455046664
CentroidX: 0.3775
CentroidY: 0.9617
