Location: 2025-04-18_221510-1.png_Otsu.png
Component: component_1745012558620_1115.png
centerX: 0.0895170789163722
centerY: 0.9666238767650834
width: 0.0353356890459364
height: 0.024818142918271287
Area: 0.00037271062686449814
CentroidX: 0.1049
CentroidY: 0.9803
