Location: 2025-04-18_221450-1.png_Gaussian-Median.png
Component: component_1745012811458_26.png
centerX: 0.8292108362779741
centerY: 0.036799315361574665
width: 0.030035335689045935
height: 0.023106546854942234
Area: 0.0003734666321928237
CentroidX: 0.8441
CentroidY: 0.0492
