Location: 2025-04-18_221535-1.png_Mean-Closing.png
Component: component_1745012558920_178.png
centerX: 0.19022379269729092
centerY: 0.36713735558408217
width: 0.03121319199057715
height: 0.026529738981600343
Area: 0.000412526907489644
CentroidX: 0.2032
CentroidY: 0.3808
