Location: 2025-04-18_221510-1.png_Mean-Medain.png
Component: component_1745012558815_237.png
centerX: 0.6378091872791519
centerY: 0.45614035087719296
width: 0.032391048292108364
height: 0.02396234488660676
Area: 0.00030618215797184936
CentroidX: 0.6501
CentroidY: 0.4685
