Location: 2025-04-18_221450-1.png_Mean-Medain.png
Component: component_1745012811864_156.png
centerX: 0.6590106007067138
centerY: 0.29696191698759095
width: 0.032391048292108364
height: 0.02738553701326487
Area: 0.0004042108488780629
CentroidX: 0.6753
CentroidY: 0.3114
