Location: 2025-04-18_221510-1.png_Mean-Medain.png
Component: component_1745012558804_166.png
centerX: 0.24676089517078917
centerY: 0.30851519041506204
width: 0.032391048292108364
height: 0.022250748823277707
Area: 0.00029055804785312126
CentroidX: 0.2582
CentroidY: 0.3198
