Location: 2025-04-18_221450-1.png_Otsu.png
Component: component_1745012812098_29.png
centerX: 0.5630153121319199
centerY: 0.045785194694052206
width: 0.037102473498233215
height: 0.0235344458707745
Area: 0.00039135875829652845
CentroidX: 0.5777
CentroidY: 0.0582
