Location: 2025-04-18_221510-1.png_Mean-Medain.png
Component: component_1745012558783_65.png
centerX: 0.5111896348645465
centerY: 0.11210954214805306
width: 0.03121319199057715
height: 0.024390243902439025
Area: 0.0003286103160455075
CentroidX: 0.5249
CentroidY: 0.1250
