Location: 2025-04-18_221510-1.png_Otsu.png
Component: component_1745012558585_724.png
centerX: 0.2926972909305065
centerY: 0.7120239623448866
width: 0.028268551236749116
height: 0.02011125374411639
Area: 0.0001902613409619311
CentroidX: 0.3054
CentroidY: 0.7227
