Location: 2025-04-18_221535-1.png_Gaussian-Closing.png
Component: component_1745012558676_164.png
centerX: 0.14605418138987045
centerY: 0.32648694908001713
width: 0.027090694935217905
height: 0.02139495079161318
Area: 0.00031399421303121344
CentroidX: 0.1575
CentroidY: 0.3381
