Location: 2025-04-18_221535-1.png_Mean-Closing.png
Component: component_1745012558966_392.png
centerX: 0.03180212014134275
centerY: 0.8810440735986307
width: 0.03180212014134275
height: 0.025673940949935817
Area: 0.00041580293057905473
CentroidX: 0.0459
CentroidY: 0.8942
