Location: 2025-04-18_221450-1.png_Otsu.png
Component: component_1745012812203_380.png
centerX: 0.18374558303886926
centerY: 0.7479674796747967
width: 0.0353356890459364
height: 0.02738553701326487
Area: 0.0003719546215361726
CentroidX: 0.1996
CentroidY: 0.7621
