Location: 2025-04-18_221510-1.png_Otsu.png
Component: component_1745012558504_45.png
centerX: 0.5930506478209658
centerY: 0.049636285836542574
width: 0.03180212014134275
height: 0.021822849807445442
Area: 0.00035204648122359966
CentroidX: 0.6059
CentroidY: 0.0610
