Location: 2025-04-18_221510-1.png_Otsu.png
Component: component_1745012558512_68.png
centerX: 0.7502944640753828
centerY: 0.10911424903722722
width: 0.027090694935217905
height: 0.024390243902439025
Area: 0.00026510586846616093
CentroidX: 0.7607
CentroidY: 0.1213
