Location: 2025-04-18_221450-1.png_Otsu.png
Component: component_1745012812206_393.png
centerX: 0.4534746760895171
centerY: 0.7792041078305519
width: 0.04122497055359246
height: 0.02866923406076166
Area: 0.00042411898919063584
CentroidX: 0.4722
CentroidY: 0.7944
