Location: 2025-04-18_221535-1.png_Mean-Closing.png
Component: component_1745012558955_337.png
centerX: 0.1336866902237927
centerY: 0.7385537013264869
width: 0.03356890459363958
height: 0.02738553701326487
Area: 0.0004646912751441072
CentroidX: 0.1515
CentroidY: 0.7525
