Location: 2025-04-18_221450-1.png_Otsu.png
Component: component_1745012812191_324.png
centerX: 0.2414605418138987
centerY: 0.6101839965768079
width: 0.03769140164899882
height: 0.029097133076593923
Area: 0.0004518391845625728
CentroidX: 0.2577
CentroidY: 0.6256
