Location: 2025-04-18_221535-1.png_Mean-Closing.png
Component: component_1745012558914_142.png
centerX: 0.9352179034157833
centerY: 0.2926829268292683
width: 0.028857479387514724
height: 0.030380830124090714
Area: 0.00047653535862120754
CentroidX: 0.9488
CentroidY: 0.3083
