Location: 2025-04-18_221510-1.png_Otsu.png
Component: component_1745012558512_70.png
centerX: 0.6301531213191991
centerY: 0.10954214805305948
width: 0.03180212014134275
height: 0.02610183996576808
Area: 0.0003102141863895857
CentroidX: 0.6428
CentroidY: 0.1226
