Location: 2025-04-18_221510-1.png_Mean-Medain.png
Component: component_1745012558783_64.png
centerX: 0.8586572438162544
centerY: 0.1116816431322208
width: 0.026501766784452298
height: 0.02139495079161318
Area: 0.0002935820691664235
CentroidX: 0.8696
CentroidY: 0.1227
