Location: 2025-04-18_221510-1.png_Otsu.png
Component: component_1745012558526_147.png
centerX: 0.04652532391048292
centerY: 0.24261874197689345
width: 0.03415783274440518
height: 0.02139495079161318
Area: 0.000272917923525525
CentroidX: 0.0583
CentroidY: 0.2543
