Location: 2025-04-18_221535-1.png_Gaussian-Closing.png
Component: component_1745012558712_342.png
centerX: 0.034746760895170786
centerY: 0.7385537013264869
width: 0.03121319199057715
height: 0.024818142918271287
Area: 0.00040068282401254366
CentroidX: 0.0483
CentroidY: 0.7512
