Location: 2025-04-18_221450-1.png_Gaussian-Closing.png
Component: component_1745012812350_345.png
centerX: 0.7290930506478209
centerY: 0.7167308515190415
width: 0.04004711425206125
height: 0.02866923406076166
Area: 0.0004578872271891772
CentroidX: 0.7490
CentroidY: 0.7322
