Location: 2025-04-18_221450-1.png_Gaussian-Closing.png
Component: component_1745012812337_283.png
centerX: 0.18374558303886926
centerY: 0.5669661959777492
width: 0.030035335689045935
height: 0.025246041934103552
Area: 0.0003850587138938155
CentroidX: 0.1998
CentroidY: 0.5797
