Location: 2025-04-18_221450-1.png_Otsu.png
Component: component_1745012812218_448.png
centerX: 0.35276796230859836
centerY: 0.9101412066752247
width: 0.04063604240282685
height: 0.02781343602909713
Area: 0.0003880827352071177
CentroidX: 0.3716
CentroidY: 0.9246
