Location: 2025-04-18_221450-1.png_Gaussian-Closing.png
Component: component_1745012812324_229.png
centerX: 0.7809187279151943
centerY: 0.44843816859221225
width: 0.037102473498233215
height: 0.023106546854942234
Area: 0.0003991708133558925
CentroidX: 0.7967
CentroidY: 0.4599
