Location: 2025-04-18_221510-1.png_Mean-Medain.png
Component: component_1745012558835_371.png
centerX: 0.8845700824499411
centerY: 0.6696619597774925
width: 0.027090694935217905
height: 0.019683354728284124
Area: 0.0002590578258395565
CentroidX: 0.8957
CentroidY: 0.6795
