Location: 2025-04-18_221510-1.png_Mean-Medain.png
Component: component_1745012558840_401.png
centerX: 0.5918727915194346
centerY: 0.7103123662815576
width: 0.028268551236749116
height: 0.020967051775780916
Area: 0.0002703979057644398
CentroidX: 0.6025
CentroidY: 0.7216
