Location: 2025-04-18_221450-1.png_Otsu.png
Component: component_1745012812121_106.png
centerX: 0.23792697290930506
centerY: 0.20624732563115106
width: 0.03180212014134275
height: 0.023106546854942234
Area: 0.00032684630361274784
CentroidX: 0.2519
CentroidY: 0.2185
