Location: 2025-04-18_221510-1.png_Mean-Medain.png
Component: component_1745012558857_487.png
centerX: 0.38515901060070673
centerY: 0.8536585365853658
width: 0.0353356890459364
height: 0.020967051775780916
Area: 0.00039261876717707107
CentroidX: 0.4017
CentroidY: 0.8648
