Location: 2025-04-18_221450-1.png_Gaussian-Median.png
Component: component_1745012811555_493.png
centerX: 0.41578327444051827
centerY: 0.9092854086435601
width: 0.03356890459363958
height: 0.026529738981600343
Area: 0.0004410031081899065
CentroidX: 0.4324
CentroidY: 0.9221
