Location: 2025-04-18_221510-1.png_Mean-Medain.png
Component: component_1745012558858_493.png
centerX: 0.03356890459363958
centerY: 0.8617886178861789
width: 0.028268551236749116
height: 0.02396234488660676
Area: 0.0003558265078652274
CentroidX: 0.0446
CentroidY: 0.8739
