Location: 2025-04-18_221535-1.png_Mean-Closing.png
Component: component_1745012558946_292.png
centerX: 0.28916372202591284
centerY: 0.6388532306375695
width: 0.032391048292108364
height: 0.02995293110825845
Area: 0.00048207939769559494
CentroidX: 0.3038
CentroidY: 0.6543
