Location: 2025-04-18_221450-1.png_Gaussian-Median.png
Component: component_1745012811506_268.png
centerX: 0.7803297997644287
centerY: 0.48737697903294824
width: 0.034746760895170786
height: 0.025246041934103552
Area: 0.000412526907489644
CentroidX: 0.7977
CentroidY: 0.5009
