Location: 2025-04-18_221450-1.png_Gaussian-Median.png
Component: component_1745012811500_227.png
centerX: 0.6177856301531213
centerY: 0.4240479246897732
width: 0.02767962308598351
height: 0.02610183996576808
Area: 0.0003792626730433196
CentroidX: 0.6318
CentroidY: 0.4362
