Location: 2025-04-18_221535-1.png_Gaussian-Closing.png
Component: component_1745012558722_398.png
centerX: 0.03180212014134275
centerY: 0.8810440735986307
width: 0.03121319199057715
height: 0.025246041934103552
Area: 0.0003936267742815051
CentroidX: 0.0459
CentroidY: 0.8941
