Location: 2025-04-18_221535-1.png_Mean-Closing.png
Component: component_1745012558921_180.png
centerX: 0.037102473498233215
centerY: 0.3714163457424048
width: 0.034746760895170786
height: 0.02866923406076166
Area: 0.0004737633390840139
CentroidX: 0.0555
CentroidY: 0.3870
