Location: 2025-04-18_221535-1.png_Gaussian-Closing.png
Component: component_1745012558710_325.png
centerX: 0.8975265017667845
centerY: 0.7180145485665383
width: 0.03121319199057715
height: 0.02866923406076166
Area: 0.0004422631170704491
CentroidX: 0.9129
CentroidY: 0.7337
