Location: 2025-04-18_221510-1.png_Mean-Medain.png
Component: component_1745012558817_251.png
centerX: 0.09187279151943463
centerY: 0.46255883611467696
width: 0.028268551236749116
height: 0.0235344458707745
Area: 0.000286526019435385
CentroidX: 0.1032
CentroidY: 0.4744
