Location: 2025-04-18_221450-1.png_Gaussian-Median.png
Component: component_1745012811506_274.png
centerX: 0.08480565371024736
centerY: 0.4933675652545999
width: 0.03356890459363958
height: 0.021822849807445442
Area: 0.0003689306002228704
CentroidX: 0.0982
CentroidY: 0.5042
