Location: 2025-04-18_221510-1.png_Mean-Medain.png
Component: component_1745012558822_281.png
centerX: 0.9004711425206124
centerY: 0.5263157894736842
width: 0.028268551236749116
height: 0.02139495079161318
Area: 0.0002923220602858809
CentroidX: 0.9148
CentroidY: 0.5377
