Location: 2025-04-18_221510-1.png_Otsu.png
Component: component_1745012558558_399.png
centerX: 0.5842167255594818
centerY: 0.5280273855370132
width: 0.027090694935217905
height: 0.02267864783910997
Area: 0.00025552980097403726
CentroidX: 0.5966
CentroidY: 0.5392
