Location: 2025-04-18_221510-1.png_Mean-Medain.png
Component: component_1745012558789_78.png
centerX: 0.9098939929328622
centerY: 0.14035087719298245
width: 0.026501766784452298
height: 0.023106546854942234
Area: 0.00032961832314994154
CentroidX: 0.9215
CentroidY: 0.1522
