Location: 2025-04-18_221510-1.png_Otsu.png
Component: component_1745012558584_717.png
centerX: 0.16666666666666666
centerY: 0.711168164313222
width: 0.025323910482921083
height: 0.02267864783910997
Area: 0.00022554158961712363
CentroidX: 0.1795
CentroidY: 0.7235
