Location: 2025-04-18_221450-1.png_Otsu.png
Component: component_1745012812202_374.png
centerX: 0.5005889281507656
centerY: 0.7299957210098417
width: 0.03651354534746761
height: 0.029525032092426188
Area: 0.000378002664162777
CentroidX: 0.5148
CentroidY: 0.7451
