Location: 2025-04-18_221450-1.png_Otsu.png
Component: component_1745012812108_77.png
centerX: 0.809776207302709
centerY: 0.13692768506632436
width: 0.0353356890459364
height: 0.02139495079161318
Area: 0.00035481850076079336
CentroidX: 0.8267
CentroidY: 0.1479
