Location: 2025-04-18_221510-1.png_Otsu.png
Component: component_1745012558609_1053.png
centerX: 0.38515901060070673
centerY: 0.8536585365853658
width: 0.0353356890459364
height: 0.020967051775780916
Area: 0.0003596065345068552
CentroidX: 0.4014
CentroidY: 0.8648
