Location: 2025-04-18_221450-1.png_Gaussian-Median.png
Component: component_1745012811498_219.png
centerX: 0.1330977620730271
centerY: 0.40949935815147626
width: 0.037102473498233215
height: 0.024390243902439025
Area: 0.00042663900695172097
CentroidX: 0.1503
CentroidY: 0.4223
