Location: 2025-04-18_221510-1.png_Mean-Medain.png
Component: component_1745012558775_24.png
centerX: 0.8498233215547704
centerY: 0.04278990158322636
width: 0.032391048292108364
height: 0.023106546854942234
Area: 0.00034650244214921226
CentroidX: 0.8654
CentroidY: 0.0549
