Location: 2025-04-18_221510-1.png_Otsu.png
Component: component_1745012558559_403.png
centerX: 0.5365135453474676
centerY: 0.5288831835686778
width: 0.028857479387514724
height: 0.022250748823277707
Area: 0.00024469372460137097
CentroidX: 0.5487
CentroidY: 0.5405
