Location: 2025-04-18_221535-1.png_Gaussian-Closing.png
Component: component_1745012558648_30.png
centerX: 0.2714958775029446
centerY: 0.012836970474967908
width: 0.03828032979976443
height: 0.026529738981600343
Area: 0.0004084948790719077
CentroidX: 0.2889
CentroidY: 0.0269
