Location: 2025-04-18_221450-1.png_Mean-Medain.png
Component: component_1745012812000_429.png
centerX: 0.6154299175500589
centerY: 0.8635002139495079
width: 0.03769140164899882
height: 0.02866923406076166
Area: 0.0004971995042621061
CentroidX: 0.6338
CentroidY: 0.8789
