Location: 2025-04-18_221510-1.png_Otsu.png
Component: component_1745012558560_408.png
centerX: 0.3992932862190813
centerY: 0.5310226786478391
width: 0.030035335689045935
height: 0.02011125374411639
Area: 0.0002336056464525962
CentroidX: 0.4109
CentroidY: 0.5415
