Location: 2025-04-18_221535-1.png_Gaussian-Closing.png
Component: component_1745012558699_260.png
centerX: 0.8386336866902238
centerY: 0.5678219940094138
width: 0.03297997644287397
height: 0.031664527171587506
Area: 0.0004903954563071761
CentroidX: 0.8543
CentroidY: 0.5835
