Location: 2025-04-18_221510-1.png_Otsu.png
Component: component_1745012558513_75.png
centerX: 0.8586572438162544
centerY: 0.11210954214805306
width: 0.026501766784452298
height: 0.020967051775780916
Area: 0.0002595618293917736
CentroidX: 0.8697
CentroidY: 0.1228
