Location: 2025-04-18_221535-1.png_Gaussian-Closing.png
Component: component_1745012558717_371.png
centerX: 0.4458186101295642
centerY: 0.8181429182712879
width: 0.030624263839811542
height: 0.02738553701326487
Area: 0.0004420111152943406
CentroidX: 0.4612
CentroidY: 0.8319
