Location: 2025-04-18_221450-1.png_Gaussian-Median.png
Component: component_1745012811472_86.png
centerX: 0.809776207302709
centerY: 0.1364997860504921
width: 0.0353356890459364
height: 0.021822849807445442
Area: 0.0003880827352071177
CentroidX: 0.8268
CentroidY: 0.1479
