Location: 2025-04-18_221535-1.png_Mean-Closing.png
Component: component_1745012558965_387.png
centerX: 0.2750294464075383
centerY: 0.8763371844244758
width: 0.03180212014134275
height: 0.02396234488660676
Area: 0.0004576352254130687
CentroidX: 0.2901
CentroidY: 0.8892
