Location: 2025-04-18_221510-1.png_Mean-Medain.png
Component: component_1745012558866_549.png
centerX: 0.0895170789163722
centerY: 0.9666238767650834
width: 0.035924617196702
height: 0.025246041934103552
Area: 0.00041353491459407806
CentroidX: 0.1049
CentroidY: 0.9805
