Location: 2025-04-18_221450-1.png_Gaussian-Median.png
Component: component_1745012811481_125.png
centerX: 0.6160188457008245
centerY: 0.22165169020111253
width: 0.03297997644287397
height: 0.02396234488660676
Area: 0.00035733851852187855
CentroidX: 0.6296
CentroidY: 0.2337
