Location: 2025-04-18_221450-1.png_Gaussian-Median.png
Component: component_1745012811543_433.png
centerX: 0.39811542991755006
centerY: 0.7834830979888746
width: 0.04770318021201413
height: 0.02738553701326487
Area: 0.000511311603724183
CentroidX: 0.4197
CentroidY: 0.7982
