Location: 2025-04-18_221450-1.png_Otsu.png
Component: component_1745012812103_54.png
centerX: 0.2326266195524146
centerY: 0.08814719726144629
width: 0.028857479387514724
height: 0.02139495079161318
Area: 0.0003313823355827012
CentroidX: 0.2464
CentroidY: 0.0991
