Location: 2025-04-18_221510-1.png_Otsu.png
Component: component_1745012558604_1020.png
centerX: 0.6531213191990577
centerY: 0.810012836970475
width: 0.03651354534746761
height: 0.019683354728284124
Area: 0.0003386903870898482
CentroidX: 0.6669
CentroidY: 0.8204
