Location: 2025-04-18_221450-1.png_Gaussian-Closing.png
Component: component_1745012812338_289.png
centerX: 0.7862190812720848
centerY: 0.5750962772785623
width: 0.04770318021201413
height: 0.02738553701326487
Area: 0.0005153436321419194
CentroidX: 0.8071
CentroidY: 0.5896
