Location: 2025-04-18_221510-1.png_Mean-Medain.png
Component: component_1745012558820_269.png
centerX: 0.5170789163722026
centerY: 0.496790757381258
width: 0.028268551236749116
height: 0.019255455712451863
Area: 0.0002671218826750291
CentroidX: 0.5280
CentroidY: 0.5071
