Location: 2025-04-18_221510-1.png_Mean-Medain.png
Component: component_1745012558804_167.png
centerX: 0.19964664310954064
centerY: 0.30937098844672656
width: 0.027090694935217905
height: 0.021822849807445442
Area: 0.00027392593062995906
CentroidX: 0.2107
CentroidY: 0.3198
