Location: 2025-04-18_221450-1.png_Gaussian-Median.png
Component: component_1745012811526_351.png
centerX: 0.5630153121319199
centerY: 0.6371416345742404
width: 0.04240282685512368
height: 0.026957637997432605
Area: 0.00046116325027858795
CentroidX: 0.5813
CentroidY: 0.6518
