Location: 2025-04-18_221450-1.png_Mean-Medain.png
Component: component_1745012811920_256.png
centerX: 0.9257950530035336
centerY: 0.5216089002995293
width: 0.0353356890459364
height: 0.02781343602909713
Area: 0.00045385519877144095
CentroidX: 0.9431
CentroidY: 0.5362
