Location: 2025-04-18_221535-1.png_Mean-Closing.png
Component: component_1745012558943_272.png
centerX: 0.2420494699646643
centerY: 0.590928540864356
width: 0.035924617196702
height: 0.026957637997432605
Area: 0.0004672112929051924
CentroidX: 0.2574
CentroidY: 0.6052
