Location: 2025-04-18_221450-1.png_Gaussian-Median.png
Component: component_1745012811492_187.png
centerX: 0.5076560659599529
centerY: 0.3500213949507916
width: 0.030624263839811542
height: 0.0235344458707745
Area: 0.0003888387405354433
CentroidX: 0.5217
CentroidY: 0.3616
