Location: 2025-04-18_221510-1.png_Otsu.png
Component: component_1745012558544_274.png
centerX: 0.1413427561837456
centerY: 0.38596491228070173
width: 0.02591283863368669
height: 0.0235344458707745
Area: 0.00019202535339469073
CentroidX: 0.1508
CentroidY: 0.3979
