Location: 2025-04-18_221450-1.png_Otsu.png
Component: component_1745012812171_237.png
centerX: 0.3992932862190813
centerY: 0.4411638853230638
width: 0.04122497055359246
height: 0.02267864783910997
Area: 0.0004248749945189614
CentroidX: 0.4170
CentroidY: 0.4537
