Location: 2025-04-18_221535-1.png_Gaussian-Closing.png
Component: component_1745012558697_248.png
centerX: 0.5571260306242638
centerY: 0.5297389816003423
width: 0.03180212014134275
height: 0.026957637997432605
Area: 0.0004604072449502624
CentroidX: 0.5737
CentroidY: 0.5437
