Location: 2025-04-18_221510-1.png_Otsu.png
Component: component_1745012558533_218.png
centerX: 0.2856301531213192
centerY: 0.34403080872913994
width: 0.02944640753828033
height: 0.02053915275994865
Area: 0.0001847173018875437
CentroidX: 0.2983
CentroidY: 0.3551
