Location: 2025-04-18_221510-1.png_Mean-Medain.png
Component: component_1745012558816_243.png
centerX: 0.5859835100117785
centerY: 0.45785194694052206
width: 0.03769140164899882
height: 0.022250748823277707
Area: 0.0003026541331063301
CentroidX: 0.5992
CentroidY: 0.4707
