Location: 2025-04-18_221450-1.png_Gaussian-Closing.png
Component: component_1745012812306_153.png
centerX: 0.22968197879858657
centerY: 0.290543431750107
width: 0.03356890459363958
height: 0.02610183996576808
Area: 0.0003807746836999707
CentroidX: 0.2438
CentroidY: 0.3038
