Location: 2025-04-18_221510-1.png_Mean-Medain.png
Component: component_1745012558791_90.png
centerX: 0.3574793875147232
centerY: 0.1561831407787762
width: 0.026501766784452298
height: 0.021822849807445442
Area: 0.00030341013843465566
CentroidX: 0.3695
CentroidY: 0.1671
