Location: 2025-04-18_221450-1.png_Gaussian-Median.png
Component: component_1745012811499_223.png
centerX: 0.08362779740871613
centerY: 0.41292255027813435
width: 0.03121319199057715
height: 0.023106546854942234
Area: 0.0003749786428494748
CentroidX: 0.0966
CentroidY: 0.4248
