Location: 2025-04-18_221450-1.png_Gaussian-Closing.png
Component: component_1745012812271_50.png
centerX: 0.5123674911660777
centerY: 0.0787334189131365
width: 0.03180212014134275
height: 0.022250748823277707
Area: 0.0003900987494159859
CentroidX: 0.5267
CentroidY: 0.0901
