Location: 2025-04-18_221450-1.png_Gaussian-Median.png
Component: component_1745012811533_370.png
centerX: 0.7249705535924618
centerY: 0.6700898587933247
width: 0.04181389870435807
height: 0.02866923406076166
Area: 0.0004604072449502624
CentroidX: 0.7451
CentroidY: 0.6857
