Location: 2025-04-18_221450-1.png_Mean-Medain.png
Component: component_1745012811808_113.png
centerX: 0.7832744405182568
centerY: 0.20967051775780915
width: 0.02944640753828033
height: 0.025246041934103552
Area: 0.00035179447944749115
CentroidX: 0.7986
CentroidY: 0.2224
