Location: 2025-04-18_221535-1.png_Mean-Closing.png
Component: component_1745012558898_60.png
centerX: 0.6254416961130742
centerY: 0.08943089430894309
width: 0.03180212014134275
height: 0.024818142918271287
Area: 0.00038682272632657516
CentroidX: 0.6421
CentroidY: 0.1024
