Location: 2025-04-18_221510-1.png_Mean-Medain.png
Component: component_1745012558854_471.png
centerX: 0.2667844522968198
centerY: 0.8177150192554558
width: 0.0353356890459364
height: 0.02053915275994865
Area: 0.0003230662769711201
CentroidX: 0.2800
CentroidY: 0.8287
