Location: 2025-04-18_221450-1.png_Mean-Medain.png
Component: component_1745012811602_74.png
centerX: 0.18138987043580684
centerY: 0.12879760376551133
width: 0.03356890459363958
height: 0.022250748823277707
Area: 0.0004115189003852099
CentroidX: 0.1956
CentroidY: 0.1404
