Location: 2025-04-18_221510-1.png_Otsu.png
Component: component_1745012558604_1021.png
centerX: 0.4081272084805654
centerY: 0.8108686350021395
width: 0.037102473498233215
height: 0.02139495079161318
Area: 0.000286526019435385
CentroidX: 0.4214
CentroidY: 0.8223
