Location: 2025-04-18_221510-1.png_Mean-Medain.png
Component: component_1745012558792_98.png
centerX: 0.6690223792697291
centerY: 0.18741976893453144
width: 0.028857479387514724
height: 0.025246041934103552
Area: 0.00033213834091102673
CentroidX: 0.6805
CentroidY: 0.2002
