Location: 2025-04-18_221450-1.png_Mean-Medain.png
Component: component_1745012811866_162.png
centerX: 0.9222614840989399
centerY: 0.31664527171587503
width: 0.03180212014134275
height: 0.02267864783910997
Area: 0.000419330955444574
CentroidX: 0.9381
CentroidY: 0.3280
