Location: 2025-04-18_221510-1.png_Mean-Medain.png
Component: component_1745012558799_137.png
centerX: 0.9522968197879859
centerY: 0.26743688489516476
width: 0.02591283863368669
height: 0.019683354728284124
Area: 0.00028753402653981905
CentroidX: 0.9643
CentroidY: 0.2777
