Location: 2025-04-18_221510-1.png_Mean-Medain.png
Component: component_1745012558821_273.png
centerX: 0.2714958775029446
centerY: 0.49893025246041933
width: 0.028857479387514724
height: 0.02139495079161318
Area: 0.00024040969440752619
CentroidX: 0.2818
CentroidY: 0.5100
