Location: 2025-04-18_221535-1.png_Mean-Closing.png
Component: component_1745012558907_104.png
centerX: 0.9358068315665489
centerY: 0.21223791185280275
width: 0.03415783274440518
height: 0.02781343602909713
Area: 0.00045007517212981315
CentroidX: 0.9540
CentroidY: 0.2267
