Location: 2025-04-18_221510-1.png_Mean-Medain.png
Component: component_1745012558863_528.png
centerX: 0.2756183745583039
centerY: 0.9302524604193411
width: 0.03356890459363958
height: 0.025246041934103552
Area: 0.00041857495011624843
CentroidX: 0.2899
CentroidY: 0.9439
