Location: 2025-04-18_221450-1.png_Otsu.png
Component: component_1745012812195_345.png
centerX: 0.8881036513545347
centerY: 0.660676080445015
width: 0.045936395759717315
height: 0.02738553701326487
Area: 0.0004155509288029462
CentroidX: 0.9079
CentroidY: 0.6752
