Location: 2025-04-18_221535-1.png_Mean-Closing.png
Component: component_1745012558962_368.png
centerX: 0.2326266195524146
centerY: 0.8258451005562687
width: 0.030624263839811542
height: 0.02610183996576808
Area: 0.00046091124850247944
CentroidX: 0.2483
CentroidY: 0.8397
