Location: 2025-04-18_221450-1.png_Otsu.png
Component: component_1745012812210_413.png
centerX: 0.36336866902237924
centerY: 0.8365425759520753
width: 0.035924617196702
height: 0.026957637997432605
Area: 0.0003689306002228704
CentroidX: 0.3822
CentroidY: 0.8497
