Location: 2025-04-18_221450-1.png_Gaussian-Closing.png
Component: component_1745012812302_130.png
centerX: 0.18610129564193167
centerY: 0.24732563115104836
width: 0.03356890459363958
height: 0.025246041934103552
Area: 0.00039261876717707107
CentroidX: 0.2001
CentroidY: 0.2604
