Location: 2025-04-18_221510-1.png_Mean-Medain.png
Component: component_1745012558831_345.png
centerX: 0.9464075382803298
centerY: 0.6311510483525888
width: 0.027090694935217905
height: 0.020967051775780916
Area: 0.00027493393773439317
CentroidX: 0.9598
CentroidY: 0.6421
