Location: 2025-04-18_221510-1.png_Mean-Medain.png
Component: component_1745012558845_425.png
centerX: 0.45111896348645464
centerY: 0.7462558836114677
width: 0.03180212014134275
height: 0.019683354728284124
Area: 0.0002935820691664235
CentroidX: 0.4644
CentroidY: 0.7569
