Location: 2025-04-18_221450-1.png_Gaussian-Median.png
Component: component_1745012811462_37.png
centerX: 0.3580683156654888
centerY: 0.04920838682071031
width: 0.028857479387514724
height: 0.024818142918271287
Area: 0.0003820346925805133
CentroidX: 0.3697
CentroidY: 0.0622
