Location: 2025-04-18_221535-1.png_Gaussian-Closing.png
Component: component_1745012558705_297.png
centerX: 0.28916372202591284
centerY: 0.6388532306375695
width: 0.032391048292108364
height: 0.02995293110825845
Area: 0.00046922730711406054
CentroidX: 0.3036
CentroidY: 0.6543
