Location: 2025-04-18_221450-1.png_Otsu.png
Component: component_1745012812173_246.png
centerX: 0.18845700824499412
centerY: 0.4492939666238768
width: 0.03297997644287397
height: 0.026957637997432605
Area: 0.0003538104936563593
CentroidX: 0.2036
CentroidY: 0.4627
