Location: 2025-04-18_221450-1.png_Gaussian-Median.png
Component: component_1745012811504_255.png
centerX: 0.45170789163722025
centerY: 0.47026101839965767
width: 0.038869257950530034
height: 0.02053915275994865
Area: 0.00038858673875933475
CentroidX: 0.4667
CentroidY: 0.4812
