Location: 2025-04-18_221450-1.png_Mean-Medain.png
Component: component_1745012812026_469.png
centerX: 0.7290930506478209
centerY: 0.9358151476251605
width: 0.03769140164899882
height: 0.026957637997432605
Area: 0.00046217125738302206
CentroidX: 0.7485
CentroidY: 0.9505
