Location: 2025-04-18_221510-1.png_Otsu.png
Component: component_1745012558564_436.png
centerX: 0.18374558303886926
centerY: 0.5643988018827557
width: 0.028268551236749116
height: 0.02267864783910997
Area: 0.00024292971216861137
CentroidX: 0.1986
CentroidY: 0.5763
