Location: 2025-04-18_221510-1.png_Mean-Medain.png
Component: component_1745012558848_441.png
centerX: 0.5630153121319199
centerY: 0.7774925117672229
width: 0.03651354534746761
height: 0.02139495079161318
Area: 0.00024469372460137097
CentroidX: 0.5762
CentroidY: 0.7887
