Location: 2025-04-18_221510-1.png_Otsu.png
Component: component_1745012558517_102.png
centerX: 0.20023557126030625
centerY: 0.15661103979460847
width: 0.028268551236749116
height: 0.02610183996576808
Area: 0.0002915660549575553
CentroidX: 0.2142
CentroidY: 0.1697
