Location: 2025-04-18_221450-1.png_Otsu.png
Component: component_1745012812177_263.png
centerX: 0.8327444051825678
centerY: 0.48352588789045786
width: 0.034746760895170786
height: 0.024818142918271287
Area: 0.00039261876717707107
CentroidX: 0.8489
CentroidY: 0.4963
