Location: 2025-04-18_221535-1.png_Mean-Closing.png
Component: component_1745012558965_390.png
centerX: 0.08303886925795052
centerY: 0.8801882755669662
width: 0.026501766784452298
height: 0.025246041934103552
Area: 0.00039715479914702437
CentroidX: 0.0963
CentroidY: 0.8929
