Location: 2025-04-18_221450-1.png_Gaussian-Closing.png
Component: component_1745012812358_378.png
centerX: 0.8845700824499411
centerY: 0.8005990586221652
width: 0.0353356890459364
height: 0.029097133076593923
Area: 0.0004488151632492706
CentroidX: 0.9009
CentroidY: 0.8149
