Location: 2025-04-18_221510-1.png_Otsu.png
Component: component_1745012558577_639.png
centerX: 0.9257950530035336
centerY: 0.6679503637141635
width: 0.025323910482921083
height: 0.019255455712451863
Area: 0.0002099174794983955
CentroidX: 0.9363
CentroidY: 0.6779
