Location: 2025-04-18_221535-1.png_Mean-Closing.png
Component: component_1745012558948_309.png
centerX: 0.5047114252061249
centerY: 0.6816431322207959
width: 0.037102473498233215
height: 0.02396234488660676
Area: 0.0004503271739059217
CentroidX: 0.5213
CentroidY: 0.6947
