Location: 2025-04-18_221510-1.png_Mean-Medain.png
Component: component_1745012558790_83.png
centerX: 0.6295641931684335
centerY: 0.14976465554129226
width: 0.02944640753828033
height: 0.0235344458707745
Area: 0.0003235702805233371
CentroidX: 0.6415
CentroidY: 0.1607
