Location: 2025-04-18_221535-1.png_Gaussian-Closing.png
Component: component_1745012558726_422.png
centerX: 0.6030624263839811
centerY: 0.9576379974326059
width: 0.03651354534746761
height: 0.02738553701326487
Area: 0.00047250333020347127
CentroidX: 0.6229
CentroidY: 0.9720
