Location: 2025-04-18_221510-1.png_Mean-Medain.png
Component: component_1745012558780_53.png
centerX: 0.633097762073027
centerY: 0.08130081300813008
width: 0.032391048292108364
height: 0.022250748823277707
Area: 0.0003578425220740956
CentroidX: 0.6495
CentroidY: 0.0921
