Location: 2025-04-18_221450-1.png_Otsu.png
Component: component_1745012812124_123.png
centerX: 0.3457008244994111
centerY: 0.2383397518185708
width: 0.03356890459363958
height: 0.02396234488660676
Area: 0.0003613705469396148
CentroidX: 0.3591
CentroidY: 0.2502
