Location: 2025-04-18_221450-1.png_Mean-Medain.png
Component: component_1745012811834_145.png
centerX: 0.33627797408716137
centerY: 0.2798459563543004
width: 0.03415783274440518
height: 0.028241335044929396
Area: 0.0004251269962950699
CentroidX: 0.3503
CentroidY: 0.2940
