Location: 2025-04-18_221510-1.png_Otsu.png
Component: component_1745012558608_1051.png
centerX: 0.4905771495877503
centerY: 0.8502353444587077
width: 0.03415783274440518
height: 0.021822849807445442
Area: 0.0003596065345068552
CentroidX: 0.5062
CentroidY: 0.8616
