Location: 2025-04-18_221535-1.png_Gaussian-Closing.png
Component: component_1745012558659_73.png
centerX: 0.9051825677267373
centerY: 0.1210954214805306
width: 0.032391048292108364
height: 0.026529738981600343
Area: 0.00038682272632657516
CentroidX: 0.9218
CentroidY: 0.1349
