Location: 2025-04-18_221510-1.png_Mean-Medain.png
Component: component_1745012558845_422.png
centerX: 0.6295641931684335
centerY: 0.7445442875481386
width: 0.028857479387514724
height: 0.018827556696619598
Area: 0.00024444172282526245
CentroidX: 0.6412
CentroidY: 0.7545
