Location: 2025-04-18_221450-1.png_Otsu.png
Component: component_1745012812167_218.png
centerX: 0.29093050647820967
centerY: 0.3996576807873342
width: 0.035924617196702
height: 0.02610183996576808
Area: 0.0003956427884903733
CentroidX: 0.3059
CentroidY: 0.4142
