Location: 2025-04-18_221510-1.png_Mean-Medain.png
Component: component_1745012558827_314.png
centerX: 0.7202591283863369
centerY: 0.5656824989302525
width: 0.03415783274440518
height: 0.022250748823277707
Area: 0.0002882900318681446
CentroidX: 0.7352
CentroidY: 0.5781
