Location: 2025-04-18_221510-1.png_Mean-Medain.png
Component: component_1745012558837_379.png
centerX: 0.5565371024734982
centerY: 0.6718014548566539
width: 0.02944640753828033
height: 0.020967051775780916
Area: 0.0002686338933316802
CentroidX: 0.5681
CentroidY: 0.6828
