Location: 2025-04-18_221510-1.png_Otsu.png
Component: component_1745012558496_15.png
centerX: 0.856301531213192
centerY: 0.008985879332477536
width: 0.026501766784452298
height: 0.025246041934103552
Area: 0.00036842659667065336
CentroidX: 0.8687
CentroidY: 0.0216
