Location: 2025-04-18_221450-1.png_Otsu.png
Component: component_1745012812221_468.png
centerX: 0.3133097762073027
centerY: 0.9507916131792897
width: 0.032391048292108364
height: 0.026529738981600343
Area: 0.00038657072455046664
CentroidX: 0.3280
CentroidY: 0.9648
