Location: 2025-04-18_221510-1.png_Mean-Medain.png
Component: component_1745012558831_344.png
centerX: 0.8604240282685512
centerY: 0.6307231493367566
width: 0.022968197879858657
height: 0.01797175866495507
Area: 0.00019555337826020997
CentroidX: 0.8702
CentroidY: 0.6378
