Location: 2025-04-18_221450-1.png_Mean-Medain.png
Component: component_1745012811932_278.png
centerX: 0.3586572438162544
centerY: 0.5588361146769363
width: 0.03415783274440518
height: 0.023106546854942234
Area: 0.0004238669874145273
CentroidX: 0.3763
CentroidY: 0.5713
