Location: 2025-04-18_221450-1.png_Mean-Medain.png
Component: component_1745012811912_225.png
centerX: 0.1878680800942285
centerY: 0.4492939666238768
width: 0.03415783274440518
height: 0.026957637997432605
Area: 0.0004009348257886522
CentroidX: 0.2038
CentroidY: 0.4629
