Location: 2025-04-18_221510-1.png_Mean-Medain.png
Component: component_1745012558822_278.png
centerX: 0.9440518256772674
centerY: 0.5254599914420197
width: 0.027090694935217905
height: 0.021822849807445442
Area: 0.00030870217573293455
CentroidX: 0.9561
CentroidY: 0.5373
