Location: 2025-04-18_221450-1.png_Gaussian-Closing.png
Component: component_1745012812272_55.png
centerX: 0.17550058892815076
centerY: 0.08600770218228498
width: 0.03297997644287397
height: 0.024390243902439025
Area: 0.00042437099096674435
CentroidX: 0.1906
CentroidY: 0.0990
