Location: 2025-04-18_221510-1.png_Otsu.png
Component: component_1745012558601_930.png
centerX: 0.22791519434628976
centerY: 0.7830551989730423
width: 0.03121319199057715
height: 0.018827556696619598
Area: 0.0001441450159340723
CentroidX: 0.2397
CentroidY: 0.7930
