Location: 2025-04-18_221510-1.png_Otsu.png
Component: component_1745012558552_337.png
centerX: 0.32273262661955243
centerY: 0.46084724005134786
width: 0.028268551236749116
height: 0.02396234488660676
Area: 0.00020689345818509329
CentroidX: 0.3347
CentroidY: 0.4736
