Location: 2025-04-18_221510-1.png_Mean-Medain.png
Component: component_1745012558866_547.png
centerX: 0.2950530035335689
centerY: 0.9649122807017544
width: 0.035924617196702
height: 0.020967051775780916
Area: 0.0004069828684152566
CentroidX: 0.3090
CentroidY: 0.9755
