Location: 2025-04-18_221510-1.png_Otsu.png
Component: component_1745012558524_137.png
centerX: 0.6648998822143698
centerY: 0.2374839537869063
width: 0.02944640753828033
height: 0.020967051775780916
Area: 0.00025099376900408396
CentroidX: 0.6764
CentroidY: 0.2482
