Location: 2025-04-18_221535-1.png_Gaussian-Closing.png
Component: component_1745012558683_203.png
centerX: 0.04004711425206125
centerY: 0.4159178433889602
width: 0.03356890459363958
height: 0.0235344458707745
Area: 0.0004253789980711784
CentroidX: 0.0559
CentroidY: 0.4282
