Location: 2025-04-18_221510-1.png_Otsu.png
Component: component_1745012558613_1077.png
centerX: 0.1166077738515901
centerY: 0.8990158322635858
width: 0.03828032979976443
height: 0.021822849807445442
Area: 0.00037548264640169184
CentroidX: 0.1337
CentroidY: 0.9104
