Location: 2025-04-18_221510-1.png_Mean-Medain.png
Component: component_1745012558848_438.png
centerX: 0.8621908127208481
centerY: 0.7715019255455713
width: 0.027090694935217905
height: 0.02053915275994865
Area: 0.0002222655665277129
CentroidX: 0.8718
CentroidY: 0.7825
