Location: 2025-04-18_221510-1.png_Mean-Medain.png
Component: component_1745012558807_187.png
centerX: 0.8409893992932862
centerY: 0.3465982028241335
width: 0.028857479387514724
height: 0.02139495079161318
Area: 0.0003081981721807175
CentroidX: 0.8554
CentroidY: 0.3573
