Location: 2025-04-18_221510-1.png_Mean-Medain.png
Component: component_1745012558839_395.png
centerX: 0.5082449941107184
centerY: 0.7086007702182285
width: 0.026501766784452298
height: 0.022250748823277707
Area: 0.00028047797680878057
CentroidX: 0.5199
CentroidY: 0.7203
