Location: 2025-04-18_221450-1.png_Gaussian-Closing.png
Component: component_1745012812363_401.png
centerX: 0.6719670200235571
centerY: 0.8639281129653402
width: 0.04240282685512368
height: 0.029525032092426188
Area: 0.000524919699634043
CentroidX: 0.6941
CentroidY: 0.8791
