Location: 2025-04-18_221535-1.png_Mean-Closing.png
Component: component_1745012558970_414.png
centerX: 0.7126030624263839
centerY: 0.9572100984167736
width: 0.030624263839811542
height: 0.026957637997432605
Area: 0.0004505791756820302
CentroidX: 0.7273
CentroidY: 0.9705
