Location: 2025-04-18_221510-1.png_Otsu.png
Component: component_1745012558582_704.png
centerX: 0.9652532391048292
centerY: 0.7056054771074026
width: 0.024146054181389872
height: 0.020967051775780916
Area: 0.0001620371420377771
CentroidX: 0.9763
CentroidY: 0.7163
