Location: 2025-04-18_221510-1.png_Mean-Medain.png
Component: component_1745012558857_486.png
centerX: 0.43580683156654887
centerY: 0.8519469405220368
width: 0.03415783274440518
height: 0.02053915275994865
Area: 0.0003805226819238622
CentroidX: 0.4507
CentroidY: 0.8621
