Location: 2025-04-18_221450-1.png_Otsu.png
Component: component_1745012812093_14.png
centerX: 0.09010600706713781
centerY: 0.004706889174154899
width: 0.034746760895170786
height: 0.025673940949935817
Area: 0.00044856316147316207
CentroidX: 0.1044
CentroidY: 0.0187
