Location: 2025-04-18_221450-1.png_Gaussian-Closing.png
Component: component_1745012812302_127.png
centerX: 0.3457008244994111
centerY: 0.2383397518185708
width: 0.03356890459363958
height: 0.02396234488660676
Area: 0.00039211476362485404
CentroidX: 0.3591
CentroidY: 0.2502
