Location: 2025-04-18_221450-1.png_Otsu.png
Component: component_1745012812214_429.png
centerX: 0.41048292108362777
centerY: 0.8712023962344887
width: 0.04240282685512368
height: 0.02866923406076166
Area: 0.0004818273959194864
CentroidX: 0.4296
CentroidY: 0.8858
