Location: 2025-04-18_221450-1.png_Mean-Medain.png
Component: component_1745012811965_377.png
centerX: 0.23851590106007067
centerY: 0.7424047924689773
width: 0.03828032979976443
height: 0.03080872913992298
Area: 0.00045410720054754947
CentroidX: 0.2549
CentroidY: 0.7589
