Location: 2025-04-18_221535-1.png_Mean-Closing.png
Component: component_1745012558895_41.png
centerX: 0.9257950530035336
centerY: 0.04878048780487805
width: 0.04063604240282685
height: 0.02610183996576808
Area: 0.0004150469252507292
CentroidX: 0.9482
CentroidY: 0.0627
