Location: 2025-04-18_221510-1.png_Mean-Medain.png
Component: component_1745012558841_409.png
centerX: 0.20730270906949352
centerY: 0.7120239623448866
width: 0.027090694935217905
height: 0.02053915275994865
Area: 0.0002867780212114935
CentroidX: 0.2206
CentroidY: 0.7226
