Location: 2025-04-18_221535-1.png_Gaussian-Closing.png
Component: component_1745012558684_210.png
centerX: 0.6578327444051826
centerY: 0.4326059050064185
width: 0.03121319199057715
height: 0.026529738981600343
Area: 0.0004445311330554258
CentroidX: 0.6746
CentroidY: 0.4467
