Location: 2025-04-18_221510-1.png_Otsu.png
Component: component_1745012558598_887.png
centerX: 0.9422850412249706
centerY: 0.766367137355584
width: 0.026501766784452298
height: 0.02139495079161318
Area: 0.00016254114558999412
CentroidX: 0.9529
CentroidY: 0.7771
