Location: 2025-04-18_221510-1.png_Otsu.png
Component: component_1745012558570_487.png
centerX: 0.7173144876325088
centerY: 0.6024818142918271
width: 0.02767962308598351
height: 0.019255455712451863
Area: 0.00018118927702202446
CentroidX: 0.7312
CentroidY: 0.6127
