Location: 2025-04-18_221450-1.png_Gaussian-Closing.png
Component: component_1745012812319_204.png
centerX: 0.29093050647820967
centerY: 0.3996576807873342
width: 0.03651354534746761
height: 0.026529738981600343
Area: 0.000440751106413798
CentroidX: 0.3062
CentroidY: 0.4142
