Location: 2025-04-18_221450-1.png_Gaussian-Median.png
Component: component_1745012811479_116.png
centerX: 0.18374558303886926
centerY: 0.20753102267864784
width: 0.030624263839811542
height: 0.0235344458707745
Area: 0.00035885052917852963
CentroidX: 0.1958
CentroidY: 0.2197
