Location: 2025-04-18_221450-1.png_Gaussian-Median.png
Component: component_1745012811551_478.png
centerX: 0.1419316843345112
centerY: 0.8793324775353016
width: 0.03651354534746761
height: 0.029525032092426188
Area: 0.00044705115081651093
CentroidX: 0.1606
CentroidY: 0.8954
