Location: 2025-04-18_221450-1.png_Gaussian-Median.png
Component: component_1745012811558_507.png
centerX: 0.5488810365135454
centerY: 0.9426615318784767
width: 0.03356890459363958
height: 0.025673940949935817
Area: 0.0004387350922049299
CentroidX: 0.5661
CentroidY: 0.9559
