Location: 2025-04-18_221510-1.png_Otsu.png
Component: component_1745012558557_395.png
centerX: 0.7497055359246172
centerY: 0.5267436884895165
width: 0.026501766784452298
height: 0.022250748823277707
Area: 0.0002436857174969369
CentroidX: 0.7630
CentroidY: 0.5378
