Location: 2025-04-18_221450-1.png_Mean-Medain.png
Component: component_1745012811875_171.png
centerX: 0.18669022379269729
centerY: 0.3303380402225075
width: 0.028268551236749116
height: 0.024818142918271287
Area: 0.00037119861620784706
CentroidX: 0.1989
CentroidY: 0.3426
