Location: easy43_Mean-Closing.png
Component: component_1744297380706_1306.png
centerX: 0.4727932285368803
centerY: 0.741769987174006
width: 0.008464328899637243
height: 0.00983326207781103
Area: 6.100230929928509e-05
CentroidX: 0.4763
CentroidY: 0.7464
