Location: 2025-04-18_221450-1.png_Mean-Medain.png
Component: component_1745012811842_150.png
centerX: 0.7703180212014135
centerY: 0.2892597347026102
width: 0.037102473498233215
height: 0.026957637997432605
Area: 0.00045007517212981315
CentroidX: 0.7870
CentroidY: 0.3031
