Location: 2025-04-18_221450-1.png_Otsu.png
Component: component_1745012812157_189.png
centerX: 0.6201413427561837
centerY: 0.33932391955498503
width: 0.02944640753828033
height: 0.025673940949935817
Area: 0.00035154247767138264
CentroidX: 0.6323
CentroidY: 0.3522
