Location: 2025-04-18_221535-1.png_Mean-Closing.png
Component: component_1745012558909_115.png
centerX: 0.37161366313309774
centerY: 0.23192126658108686
width: 0.038869257950530034
height: 0.026529738981600343
Area: 0.0003797666765955366
CentroidX: 0.3873
CentroidY: 0.2474
