Location: 2025-04-18_221510-1.png_Otsu.png
Component: component_1745012558577_642.png
centerX: 0.8851590106007067
centerY: 0.6700898587933247
width: 0.020023557126030624
height: 0.01198117244330338
Area: 9.702068380177943e-05
CentroidX: 0.8963
CentroidY: 0.6746
