Location: 2025-04-18_221510-1.png_Mean-Medain.png
Component: component_1745012558788_74.png
centerX: 0.25323910482921086
centerY: 0.11938382541720154
width: 0.03180212014134275
height: 0.022250748823277707
Area: 0.00033037432847826713
CentroidX: 0.2668
CentroidY: 0.1314
