Location: 2025-04-18_221450-1.png_Mean-Medain.png
Component: component_1745012811888_182.png
centerX: 0.8845700824499411
centerY: 0.3581514762516046
width: 0.03297997644287397
height: 0.024818142918271287
Area: 0.00041328291281796955
CentroidX: 0.8987
CentroidY: 0.3715
