Location: 2025-04-18_221450-1.png_Mean-Medain.png
Component: component_1745012811913_229.png
centerX: 0.08775029446407538
centerY: 0.45742404792468977
width: 0.032391048292108364
height: 0.023106546854942234
Area: 0.00038153068902829627
CentroidX: 0.1028
CentroidY: 0.4694
