Location: 2025-04-18_221510-1.png_Otsu.png
Component: component_1745012558525_141.png
centerX: 0.3910482921083628
centerY: 0.23791185280273855
width: 0.030624263839811542
height: 0.019683354728284124
Area: 0.00025527779919792874
CentroidX: 0.4028
CentroidY: 0.2477
