Location: 2025-04-18_221535-1.png_Mean-Closing.png
Component: component_1745012558971_419.png
centerX: 0.8203769140164899
centerY: 0.9602053915275995
width: 0.03180212014134275
height: 0.025673940949935817
Area: 0.0004599032413980454
CentroidX: 0.8361
CentroidY: 0.9738
