Location: 2025-04-18_221510-1.png_Mean-Medain.png
Component: component_1745012558781_57.png
centerX: 0.05123674911660778
centerY: 0.08515190415062045
width: 0.032391048292108364
height: 0.024390243902439025
Area: 0.0003827906979088389
CentroidX: 0.0642
CentroidY: 0.0978
