Location: 2025-04-18_221450-1.png_Gaussian-Closing.png
Component: component_1745012812335_273.png
centerX: 0.7279151943462897
centerY: 0.5353016688061617
width: 0.039458186101295645
height: 0.024390243902439025
Area: 0.0004422631170704491
CentroidX: 0.7465
CentroidY: 0.5490
