Location: 2025-04-18_221535-1.png_Mean-Closing.png
Component: component_1745012558942_269.png
centerX: 0.5058892815076561
centerY: 0.582798459563543
width: 0.026501766784452298
height: 0.029097133076593923
Area: 0.00048233139947170345
CentroidX: 0.5180
CentroidY: 0.5975
