Location: 2025-04-18_221450-1.png_Gaussian-Median.png
Component: component_1745012811502_240.png
centerX: 0.1878680800942285
centerY: 0.4492939666238768
width: 0.03415783274440518
height: 0.026957637997432605
Area: 0.000398918811579784
CentroidX: 0.2038
CentroidY: 0.4629
