Location: 2025-04-18_221450-1.png_Gaussian-Closing.png
Component: component_1745012812299_112.png
centerX: 0.8780918727915195
centerY: 0.2079589216944801
width: 0.027090694935217905
height: 0.02267864783910997
Area: 0.0003638905647007
CentroidX: 0.8902
CentroidY: 0.2201
