Location: 2025-04-18_221450-1.png_Gaussian-Closing.png
Component: component_1745012812273_57.png
centerX: 0.2326266195524146
centerY: 0.08771929824561403
width: 0.02944640753828033
height: 0.021822849807445442
Area: 0.0003568345149696615
CentroidX: 0.2465
CentroidY: 0.0991
