Location: 2025-04-18_221510-1.png_Mean-Medain.png
Component: component_1745012558811_210.png
centerX: 0.1413427561837456
centerY: 0.3855370132648695
width: 0.026501766784452298
height: 0.02396234488660676
Area: 0.00030366214021076423
CentroidX: 0.1516
CentroidY: 0.3984
