Location: 2025-04-18_221510-1.png_Mean-Medain.png
Component: component_1745012558833_358.png
centerX: 0.27208480565371024
centerY: 0.637997432605905
width: 0.030624263839811542
height: 0.02053915275994865
Area: 0.0002890460371964702
CentroidX: 0.2870
CentroidY: 0.6483
