Location: 2025-04-18_221510-1.png_Otsu.png
Component: component_1745012558574_552.png
centerX: 0.4988221436984688
centerY: 0.6350021394950791
width: 0.03769140164899882
height: 0.021822849807445442
Area: 0.0002197455487666277
CentroidX: 0.5143
CentroidY: 0.6477
