Location: 2025-04-18_221510-1.png_Otsu.png
Component: component_1745012558545_285.png
centerX: 0.5058892815076561
centerY: 0.4163457424047925
width: 0.028857479387514724
height: 0.02139495079161318
Area: 0.0002381416784225495
CentroidX: 0.5171
CentroidY: 0.4271
