Location: 2025-04-18_221450-1.png_Gaussian-Closing.png
Component: component_1745012812257_30.png
centerX: 0.5630153121319199
centerY: 0.045785194694052206
width: 0.03769140164899882
height: 0.0235344458707745
Area: 0.00042033896254900803
CentroidX: 0.5776
CentroidY: 0.0582
