Location: 2025-04-18_221450-1.png_Gaussian-Median.png
Component: component_1745012811557_503.png
centerX: 0.7290930506478209
centerY: 0.9358151476251605
width: 0.037102473498233215
height: 0.026957637997432605
Area: 0.00044553914015985985
CentroidX: 0.7485
CentroidY: 0.9504
