Location: 2025-04-18_221450-1.png_Gaussian-Median.png
Component: component_1745012811485_143.png
centerX: 0.6124852767962309
centerY: 0.26230209670517757
width: 0.032391048292108364
height: 0.025246041934103552
Area: 0.0003880827352071177
CentroidX: 0.6265
CentroidY: 0.2759
