Location: 2025-04-18_221535-1.png_Gaussian-Closing.png
Component: component_1745012558687_221.png
centerX: 0.19964664310954064
centerY: 0.45528455284552843
width: 0.027090694935217905
height: 0.02738553701326487
Area: 0.00040799087551969066
CentroidX: 0.2132
CentroidY: 0.4693
