Location: 2025-04-18_221450-1.png_Gaussian-Median.png
Component: component_1745012811476_104.png
centerX: 0.030624263839811542
centerY: 0.17586649550706032
width: 0.030624263839811542
height: 0.02053915275994865
Area: 0.0003540624954324678
CentroidX: 0.0430
CentroidY: 0.1859
