Location: 2025-04-18_221450-1.png_Gaussian-Median.png
Component: component_1745012811556_497.png
centerX: 0.2043580683156655
centerY: 0.9161317928968763
width: 0.03415783274440518
height: 0.025673940949935817
Area: 0.0004238669874145273
CentroidX: 0.2211
CentroidY: 0.9300
