Location: 2025-04-18_221450-1.png_Mean-Medain.png
Component: component_1745012811907_215.png
centerX: 0.5618374558303887
centerY: 0.4287548138639281
width: 0.03415783274440518
height: 0.02396234488660676
Area: 0.00045284719166700685
CentroidX: 0.5797
CentroidY: 0.4409
