Location: 2025-04-18_221450-1.png_Otsu.png
Component: component_1745012812090_3.png
centerX: 0.25559481743227325
centerY: 0.0025673940949935813
width: 0.03356890459363958
height: 0.026957637997432605
Area: 0.00045965123962193687
CentroidX: 0.2707
CentroidY: 0.0157
