Location: 2025-04-18_221450-1.png_Mean-Medain.png
Component: component_1745012811585_13.png
centerX: 0.702002355712603
centerY: 0.0038510911424903724
width: 0.032391048292108364
height: 0.024390243902439025
Area: 0.00043999510108547245
CentroidX: 0.7165
CentroidY: 0.0161
