Location: 2025-04-18_221510-1.png_Mean-Medain.png
Component: component_1745012558836_378.png
centerX: 0.5117785630153121
centerY: 0.6718014548566539
width: 0.032391048292108364
height: 0.02139495079161318
Area: 0.00026938989866000576
CentroidX: 0.5232
CentroidY: 0.6835
