Location: 2025-04-18_221535-1.png_Mean-Closing.png
Component: component_1745012558949_315.png
centerX: 0.034746760895170786
centerY: 0.6872058194266153
width: 0.03180212014134275
height: 0.02866923406076166
Area: 0.00046695929112908387
CentroidX: 0.0507
CentroidY: 0.7019
