Location: 2025-04-18_221450-1.png_Mean-Medain.png
Component: component_1745012811899_191.png
centerX: 0.6808009422850412
centerY: 0.37312794180573383
width: 0.028268551236749116
height: 0.02738553701326487
Area: 0.00041378691637018657
CentroidX: 0.6947
CentroidY: 0.3866
