Location: 2025-04-18_221510-1.png_Mean-Medain.png
Component: component_1745012558796_118.png
centerX: 0.8580683156654888
centerY: 0.2293538724860933
width: 0.028857479387514724
height: 0.02139495079161318
Area: 0.00028324999634597427
CentroidX: 0.8694
CentroidY: 0.2403
