Location: 2025-04-18_221535-1.png_Gaussian-Closing.png
Component: component_1745012558693_226.png
centerX: 0.7632508833922261
centerY: 0.47539580658964486
width: 0.034746760895170786
height: 0.03209242618741977
Area: 0.0005617119589458867
CentroidX: 0.7803
CentroidY: 0.4918
