Location: 2025-04-18_221450-1.png_Gaussian-Closing.png
Component: component_1745012812293_88.png
centerX: 0.464075382803298
centerY: 0.1527599486521181
width: 0.034746760895170786
height: 0.024390243902439025
Area: 0.00041101489683299287
CentroidX: 0.4786
CentroidY: 0.1653
