Location: 2025-04-18_221450-1.png_Gaussian-Median.png
Component: component_1745012811557_506.png
centerX: 0.6060070671378092
centerY: 0.9388104407359863
width: 0.04004711425206125
height: 0.02781343602909713
Area: 0.0004755273515167735
CentroidX: 0.6251
CentroidY: 0.9537
