Location: 2025-04-18_221535-1.png_Gaussian-Closing.png
Component: component_1745012558698_251.png
centerX: 0.44758539458186103
centerY: 0.5344458707744972
width: 0.0353356890459364
height: 0.026529738981600343
Area: 0.00046973131066627757
CentroidX: 0.4636
CentroidY: 0.5490
