Location: 2025-04-18_221535-1.png_Mean-Closing.png
Component: component_1745012558920_176.png
centerX: 0.23439340400471143
centerY: 0.3641420624732563
width: 0.03415783274440518
height: 0.02738553701326487
Area: 0.0004410031081899065
CentroidX: 0.2489
CentroidY: 0.3782
