Location: 2025-04-18_221450-1.png_Gaussian-Median.png
Component: component_1745012811551_476.png
centerX: 0.30742049469964666
centerY: 0.8776208814719726
width: 0.03415783274440518
height: 0.02738553701326487
Area: 0.00042638700517561246
CentroidX: 0.3231
CentroidY: 0.8917
