Location: 2025-04-18_221510-1.png_Mean-Medain.png
Component: component_1745012558824_295.png
centerX: 0.22084805653710246
centerY: 0.5318784766795036
width: 0.030035335689045935
height: 0.02011125374411639
Area: 0.00027745395549547835
CentroidX: 0.2319
CentroidY: 0.5426
