Location: easy26_Mean-Closing.png
Component: component_1744297382123_747.png
centerX: 0.5306451612903226
centerY: 0.6135057471264368
width: 0.016129032258064516
height: 0.014367816091954023
Area: 0.00011780064268940799
CentroidX: 0.5369
CentroidY: 0.6201
