Location: 2025-04-18_221535-1.png_Gaussian-Closing.png
Component: component_1745012558674_150.png
centerX: 0.7438162544169611
centerY: 0.3033804022250749
width: 0.02767962308598351
height: 0.02267864783910997
Area: 0.0003472584474775378
CentroidX: 0.7568
CentroidY: 0.3154
