Location: 2025-04-18_221450-1.png_Mean-Medain.png
Component: component_1745012811864_158.png
centerX: 0.6007067137809188
centerY: 0.30380830124090713
width: 0.03180212014134275
height: 0.026957637997432605
Area: 0.0004221029749817677
CentroidX: 0.6157
CentroidY: 0.3173
