Location: 2025-04-18_221510-1.png_Mean-Medain.png
Component: component_1745012558825_299.png
centerX: 0.13780918727915195
centerY: 0.5353016688061617
width: 0.02767962308598351
height: 0.02011125374411639
Area: 0.000272413919973308
CentroidX: 0.1488
CentroidY: 0.5454
