Location: 2025-04-18_221510-1.png_Otsu.png
Component: component_1745012558544_272.png
centerX: 0.2868080094228504
centerY: 0.3851091142490372
width: 0.023557126030624265
height: 0.020967051775780916
Area: 0.00016858918821659855
CentroidX: 0.2962
CentroidY: 0.3961
