Location: 2025-04-18_221510-1.png_Otsu.png
Component: component_1745012558511_61.png
centerX: 0.2573616018845701
centerY: 0.08258451005562688
width: 0.02944640753828033
height: 0.024390243902439025
Area: 0.00032810631249329046
CentroidX: 0.2701
CentroidY: 0.0951
