Location: 2025-04-18_221450-1.png_Otsu.png
Component: component_1745012812187_309.png
centerX: 0.08068315665488811
centerY: 0.5712451861360719
width: 0.038869257950530034
height: 0.024818142918271287
Area: 0.00036540257535735114
CentroidX: 0.0967
CentroidY: 0.5850
