Location: 2025-04-18_221510-1.png_Mean-Medain.png
Component: component_1745012558846_430.png
centerX: 0.35276796230859836
centerY: 0.7475395806589645
width: 0.03121319199057715
height: 0.018827556696619598
Area: 0.00027442993418217614
CentroidX: 0.3663
CentroidY: 0.7568
