Location: 2025-04-18_221450-1.png_Gaussian-Closing.png
Component: component_1745012812315_180.png
centerX: 0.5076560659599529
centerY: 0.3500213949507916
width: 0.030624263839811542
height: 0.0235344458707745
Area: 0.00038858673875933475
CentroidX: 0.5217
CentroidY: 0.3616
