Location: 2025-04-18_221450-1.png_Mean-Medain.png
Component: component_1745012811906_211.png
centerX: 0.6984687868080094
centerY: 0.417201540436457
width: 0.03297997644287397
height: 0.026529738981600343
Area: 0.00042941102648891467
CentroidX: 0.7129
CentroidY: 0.4310
