Location: easy26_Mean-Closing.png
Component: component_1744297382019_366.png
centerX: 0.7241935483870968
centerY: 0.257183908045977
width: 0.016129032258064516
height: 0.014846743295019157
Area: 0.00014367816091954023
CentroidX: 0.7308
CentroidY: 0.2639
