Location: 2025-04-18_221450-1.png_Mean-Medain.png
Component: component_1745012812030_471.png
centerX: 0.6672555948174322
centerY: 0.9370988446726572
width: 0.04004711425206125
height: 0.025246041934103552
Area: 0.00046217125738302206
CentroidX: 0.6877
CentroidY: 0.9506
