Location: 2025-04-18_221510-1.png_Otsu.png
Component: component_1745012558554_369.png
centerX: 0.47290930506478207
centerY: 0.4942233632862644
width: 0.030035335689045935
height: 0.02139495079161318
Area: 0.00021092548660282958
CentroidX: 0.4835
CentroidY: 0.5057
