Location: 2025-04-18_221450-1.png_Gaussian-Median.png
Component: component_1745012811503_246.png
centerX: 0.1413427561837456
centerY: 0.45614035087719296
width: 0.030624263839811542
height: 0.02267864783910997
Area: 0.00036515057358124263
CentroidX: 0.1559
CentroidY: 0.4679
