Location: 2025-04-18_221510-1.png_Otsu.png
Component: component_1745012558516_98.png
centerX: 0.3032979976442874
centerY: 0.15447154471544716
width: 0.028857479387514724
height: 0.023106546854942234
Area: 0.00028047797680878057
CentroidX: 0.3155
CentroidY: 0.1670
