Location: 2025-04-18_221450-1.png_Otsu.png
Component: component_1745012812195_346.png
centerX: 0.1972909305064782
centerY: 0.6632434745400085
width: 0.04181389870435807
height: 0.024818142918271287
Area: 0.00039463478138593923
CentroidX: 0.2156
CentroidY: 0.6770
