Location: 2025-04-18_221535-1.png_Mean-Closing.png
Component: component_1745012558950_319.png
centerX: 0.18845700824499412
centerY: 0.6927685066324347
width: 0.030035335689045935
height: 0.025246041934103552
Area: 0.0004490671650253791
CentroidX: 0.2035
CentroidY: 0.7059
