Location: 2025-04-18_221510-1.png_Mean-Medain.png
Component: component_1745012558833_354.png
centerX: 0.4988221436984688
centerY: 0.6350021394950791
width: 0.03828032979976443
height: 0.021822849807445442
Area: 0.00029055804785312126
CentroidX: 0.5144
CentroidY: 0.6475
