Location: 2025-04-18_221510-1.png_Otsu.png
Component: component_1745012558514_78.png
centerX: 0.4122497055359246
centerY: 0.11596063329054343
width: 0.030035335689045935
height: 0.02396234488660676
Area: 0.0002953460815991831
CentroidX: 0.4240
CentroidY: 0.1284
