Location: 2025-04-18_221535-1.png_Mean-Closing.png
Component: component_1745012558930_216.png
centerX: 0.09540636042402827
centerY: 0.4557124518613607
width: 0.028857479387514724
height: 0.029097133076593923
Area: 0.000440751106413798
CentroidX: 0.1091
CentroidY: 0.4705
