Location: 2025-04-18_221510-1.png_Otsu.png
Component: component_1745012558582_667.png
centerX: 0.1878680800942285
centerY: 0.676936243046641
width: 0.014134275618374558
height: 0.01069747539580659
Area: 4.05722859534714e-05
CentroidX: 0.1960
CentroidY: 0.6804
