Location: Dedata_9.png_Mean-Closing.png
Component: component_1755521956067_376.png
centerX: 0.16169354838709676
centerY: 0.7244229125106868
width: 0.02943548387096774
height: 0.025933314334568254
Area: 0.00032508572426663237
CentroidX: 0.1783
CentroidY: 0.7385
