Location: internet_14.png_Gaussian-Median.png
Component: component_1755088177615_196.png
centerX: 0.7605804111245466
centerY: 0.365839749073282
width: 0.030632809351068116
height: 0.022526375819788995
Area: 0.00021342700675691285
CentroidX: 0.7774
CentroidY: 0.3783
