Location: internet_14.png_Mean-Closing.png
Component: component_1755088177918_207.png
centerX: 0.05280128980249899
centerY: 0.4291417165668663
width: 0.028214429665457477
height: 0.022526375819788995
Area: 0.0002448031903027595
CentroidX: 0.0662
CentroidY: 0.4416
