Location: Dedata_9.png_Gaussian-Median.png
Component: component_1755521956193_332.png
centerX: 0.06491935483870968
centerY: 0.5978911370760901
width: 0.035483870967741936
height: 0.025933314334568254
Area: 0.0003510558104045818
CentroidX: 0.0860
CentroidY: 0.6110
