Location: Dedata_9.png_Mean-Medain.png
Component: component_1755521955771_38.png
centerX: 0.25201612903225806
centerY: 0.04075235109717868
width: 0.024596774193548387
height: 0.018808777429467086
Area: 0.00023867198632088914
CentroidX: 0.2649
CentroidY: 0.0515
