Location: internet_14.png_Mean-Closing.png
Component: component_1755088177892_63.png
centerX: 0.490528012898025
centerY: 0.10065583119475335
width: 0.028617492946392584
height: 0.024522383803820928
Area: 0.00027422554556919443
CentroidX: 0.5045
CentroidY: 0.1145
