Location: internet_14.png_Mean-Closing.png
Component: component_1755088177906_138.png
centerX: 0.6731156791616284
centerY: 0.272027373823781
width: 0.028214429665457477
height: 0.022241231822070145
Area: 0.0002446882592275
CentroidX: 0.6861
CentroidY: 0.2849
