Location: internet_14.png_Mean-Closing.png
Component: component_1755088177926_248.png
centerX: 0.10157194679564692
centerY: 0.5306529797547762
width: 0.026199113260781944
height: 0.021670943826632448
Area: 0.00018526889331833252
CentroidX: 0.1149
CentroidY: 0.5432
