Location: Dedata_9.png_Gaussian-Median.png
Component: component_1755521956174_237.png
centerX: 0.8866935483870968
centerY: 0.43459675121117125
width: 0.027822580645161292
height: 0.025078369905956112
Area: 0.0002764779966721518
CentroidX: 0.9016
CentroidY: 0.4474
