Location: Dedata_9.png_Gaussian-Median.png
Component: component_1755521956201_379.png
centerX: 0.9318548387096774
centerY: 0.7147335423197492
width: 0.02661290322580645
height: 0.02821316614420063
Area: 0.00028394726923395143
CentroidX: 0.9462
CentroidY: 0.7309
