Location: internet_14.png_Gaussian-Closing.png
Component: component_1755088178016_60.png
centerX: 0.2950423216444982
centerY: 0.10008554319931566
width: 0.025796049979846837
height: 0.023666951810664385
Area: 0.0002557216424524131
CentroidX: 0.3076
CentroidY: 0.1137
