Location: internet_14.png_Gaussian-Closing.png
Component: component_1755088178065_267.png
centerX: 0.4800483675937122
centerY: 0.5566010835471913
width: 0.02902055622732769
height: 0.020815511833475905
Area: 0.0002077953840691968
CentroidX: 0.4953
CentroidY: 0.5680
