Location: internet_14.png_Gaussian-Closing.png
Component: component_1755088178013_47.png
centerX: 0.7041515517936316
centerY: 0.09210151126318791
width: 0.02781136638452237
height: 0.028229255774165955
Area: 0.00024330908632438583
CentroidX: 0.7181
CentroidY: 0.1092
