Location: internet_14.png_Gaussian-Median.png
Component: component_1755088177489_155.png
centerX: 0.7174526400644902
centerY: 0.2711719418306245
width: 0.030229746070133012
height: 0.022526375819788995
Area: 0.00020963428127334898
CentroidX: 0.7332
CentroidY: 0.2827
