Location: internet_14.png_Mean-Closing.png
Component: component_1755088177936_297.png
centerX: 0.6058041112454655
centerY: 0.6498431708012546
width: 0.02902055622732769
height: 0.018819503849443968
Area: 0.0001918199646081247
CentroidX: 0.6220
CentroidY: 0.6599
