Location: Dedata_9.png_Mean-Closing.png
Component: component_1755521956053_325.png
centerX: 0.44717741935483873
centerY: 0.6283841550299231
width: 0.024596774193548387
height: 0.024508406953548018
Area: 0.00021856240634681327
CentroidX: 0.4609
CentroidY: 0.6430
