Location: internet_14.png_Mean-Closing.png
Component: component_1755088177914_185.png
centerX: 0.2523176138653769
centerY: 0.37496435700028513
width: 0.02539298669891173
height: 0.020815511833475905
Area: 0.00021871383621885037
CentroidX: 0.2647
CentroidY: 0.3871
