Location: Dedata_9.png_Gaussian-Closing.png
Component: component_1755521955540_132.png
centerX: 0.95
centerY: 0.249928754630949
width: 0.025403225806451612
height: 0.024223425477343973
Area: 0.0002213202916004008
CentroidX: 0.9631
CentroidY: 0.2640
