Location: Dedata_9.png_Mean-Closing.png
Component: component_1755521956009_104.png
centerX: 0.5806451612903226
centerY: 0.16842405243659161
width: 0.029838709677419355
height: 0.027358221715588486
Area: 0.000333359380027395
CentroidX: 0.5966
CentroidY: 0.1815
