Location: internet_14.png_Gaussian-Closing.png
Component: component_1755088178023_99.png
centerX: 0.40669085046352277
centerY: 0.18277730253778157
width: 0.029826682789197905
height: 0.020815511833475905
Area: 0.00021733466331573623
CentroidX: 0.4233
CentroidY: 0.1935
