Location: Dedata_9.png_Mean-Medain.png
Component: component_1755521955908_309.png
centerX: 0.5870967741935483
centerY: 0.5876318039327444
width: 0.028225806451612902
height: 0.024508406953548018
Area: 0.0003291076402614475
CentroidX: 0.6022
CentroidY: 0.6011
