Location: Dedata_9.png_Gaussian-Closing.png
Component: component_1755521955520_35.png
centerX: 0.5504032258064516
centerY: 0.03875748076375036
width: 0.03467741935483871
height: 0.020233684810487318
Area: 0.0003075042057750117
CentroidX: 0.5699
CentroidY: 0.0494
