Location: internet_14.png_Gaussian-Closing.png
Component: component_1755088178063_262.png
centerX: 0.954453849254333
centerY: 0.5517536355859709
width: 0.02015316404675534
height: 0.020815511833475905
Area: 0.0001611333675138351
CentroidX: 0.9650
CentroidY: 0.5631
