Location: Dedata_9.png_Gaussian-Median.png
Component: component_1755521956152_135.png
centerX: 0.7620967741935484
centerY: 0.2493587916785409
width: 0.02379032258064516
height: 0.025078369905956112
Area: 0.00020626683459123543
CentroidX: 0.7750
CentroidY: 0.2643
