Location: Dedata_9.png_Mean-Closing.png
Component: component_1755521956017_140.png
centerX: 0.5818548387096775
centerY: 0.2536335138216016
width: 0.03225806451612903
height: 0.022798518096323737
Area: 0.0002561385929269436
CentroidX: 0.6006
CentroidY: 0.2662
