Location: internet_14.png_Mean-Closing.png
Component: component_1755088177917_201.png
centerX: 0.3135832325675131
centerY: 0.4214428286284574
width: 0.027408303103587262
height: 0.020530367835757058
Area: 0.00021721973224047672
CentroidX: 0.3272
CentroidY: 0.4333
