Location: internet_14.png_Gaussian-Median.png
Component: component_1755088177479_94.png
centerX: 0.6066102378073358
centerY: 0.17850014257199887
width: 0.02902055622732769
height: 0.02594810379241517
Area: 0.00021135824740224163
CentroidX: 0.6191
CentroidY: 0.1939
