Location: Dedata_9.png_Gaussian-Closing.png
Component: component_1755521955535_102.png
centerX: 0.010080645161290322
centerY: 0.1669991450555714
width: 0.03225806451612903
height: 0.025078369905956112
Area: 0.00030267790658123353
CentroidX: 0.0283
CentroidY: 0.1808
